chrom	start	end	size	timinggroup	Ncontent	sizeMinusN	T	C	TTT	GTT	CTT	ATT	TTG	GTG	CTG	ATG	TTC	GTC	CTC	ATC	TTA	GTA	CTA	ATA	ACA	ACC	ACG	ACT	CCA	CCC	CCG	CCT	GCA	GCC	GCG	GCT	TCA	TCC	TCG	TCT
chr1	24500	177376	152877	4	0	152877	89207	63670	11282	4248	6026	7439	5636	4713	6388	5512	5879	2898	5569	3937	6198	3352	3760	6370	6126	3531	779	4775	5695	4181	915	5729	4433	3995	736	4490	5994	4813	728	6748
chr1	257667	279748	22082	6	0	22082	13029	9053	1657	621	880	1110	813	704	939	832	855	458	764	622	943	462	571	798	940	497	110	698	807	500	117	784	648	507	78	667	893	703	97	1005
chr1	279749	296748	17000	7	0	17000	10701	6299	1343	518	723	981	662	510	579	711	736	298	520	456	824	451	501	886	796	355	52	574	526	283	31	513	422	266	29	441	718	449	48	796
chr1	296749	297968	1220	8	0	1220	796	424	99	27	44	85	43	23	47	42	47	19	36	36	66	33	29	118	43	17	6	37	29	12	9	31	32	22	12	36	51	30	5	52
chr1	347969	357837	9869	5	0	9869	5779	4090	718	287	394	472	360	326	410	374	382	226	315	274	412	217	251	360	451	226	64	315	358	245	66	348	285	217	42	276	376	329	60	431
chr1	357838	372837	15000	6	0	15000	7838	7162	757	374	396	451	391	800	778	571	483	319	652	390	347	316	253	560	749	429	207	424	611	499	182	572	561	425	156	502	619	510	133	581
chr1	372838	385837	13000	7	0	13000	6125	6875	555	308	405	308	346	535	765	357	413	315	651	280	263	149	229	245	482	386	122	317	632	705	203	668	446	581	193	480	442	536	96	585
chr1	385838	401837	16000	8	0	16000	8753	7247	951	403	655	623	579	558	794	550	628	365	633	455	474	286	386	412	623	421	81	487	686	547	70	716	499	444	62	529	673	608	63	737
chr1	401838	418837	17000	9	0	17000	10138	6862	1392	476	719	869	636	532	708	623	707	297	610	464	721	363	431	589	690	376	70	532	608	368	62	612	503	388	56	518	698	518	56	806
chr1	418838	501617	82780	10	0	82780	49554	33226	6365	2461	3111	4355	3236	2446	3220	3253	3274	1553	2728	2199	3417	1972	2016	3947	3678	1844	430	2481	3003	2206	403	2933	2156	1928	271	2139	3318	2567	346	3522
chr1	585989	862119	276131	3	0	276131	156163	119968	18446	7626	10051	12414	9683	9546	12400	10137	10563	5633	9951	7229	9845	6025	6666	9948	11642	6864	1861	8463	11032	8156	2009	10722	8337	7532	1750	8223	10755	9367	1594	11659
chr1	862120	917119	55000	2	0	55000	27624	27376	3019	1466	1780	1753	1647	2075	2883	1685	1892	1241	2285	1176	1460	863	984	1414	2039	1620	558	1428	2448	2851	832	2571	1850	2092	663	1829	1952	2139	399	2104
chr1	917120	1630687	713568	1	0	713568	284179	429389	21973	12072	16926	10374	15400	33570	46104	14523	15784	19792	35328	11354	8187	7821	8633	6337	22589	24230	10993	15443	38604	54011	22130	39382	28289	44681	17352	29426	20115	31204	8199	22740
chr1	1630690	1634405	3716	1	0	3716	1008	2708	37	36	62	12	39	132	217	34	64	113	173	35	7	16	24	7	54	110	91	42	189	494	274	192	128	346	227	174	51	200	66	68
chr1	1634409	1635542	1134	1	0	1134	407	727	22	15	27	9	21	58	76	16	20	32	55	16	10	12	11	7	37	43	19	18	73	124	31	63	42	70	26	56	18	55	18	32
chr1	1635561	1638937	3377	1	0	3377	1269	2108	57	63	92	22	78	185	231	56	86	93	166	52	13	34	30	10	106	131	61	77	196	268	102	189	140	214	70	156	108	143	49	97
chr1	1638939	1646196	7258	1	0	7258	3261	3997	313	151	241	138	180	289	433	146	242	190	378	161	109	99	111	79	236	201	105	187	301	327	192	382	263	362	178	291	248	313	107	303
chr1	1646198	1646224	27	1	0	27	13	14	2	1	1	0	1	1	2	0	1	2	1	0	0	0	0	0	2	1	0	0	1	2	0	1	1	1	0	0	1	0	0	3
chr1	1646226	1647500	1275	1	0	1275	762	513	96	48	59	60	52	38	49	48	65	26	34	27	50	39	28	41	62	29	17	43	47	22	8	43	32	26	2	30	46	43	9	54
chr1	1653096	1653810	715	1	0	715	366	349	40	14	18	30	27	33	40	16	15	11	32	21	20	17	18	13	24	27	3	21	35	24	6	37	26	30	8	28	32	22	3	22
chr1	1653812	1653863	52	1	0	52	30	22	3	0	0	1	0	18	0	0	0	0	1	0	1	2	2	1	18	0	0	1	0	0	0	0	0	0	0	0	0	0	0	2
chr1	1653864	1653933	70	1	0	70	28	42	0	1	1	1	1	3	5	2	1	2	6	1	1	2	1	0	1	2	1	4	3	2	1	4	3	3	3	3	4	3	1	2
chr1	1653935	1654142	208	1	0	208	116	92	12	8	8	9	10	8	13	5	8	4	8	7	7	4	0	5	12	6	1	5	8	3	1	5	5	5	2	10	11	5	2	9
chr1	1654144	1654187	44	1	0	44	29	15	3	1	1	5	0	1	3	1	2	1	0	1	5	2	1	1	2	1	1	1	1	0	0	2	0	1	0	1	2	1	0	1
chr1	1654189	1655860	1672	1	0	1672	863	809	116	45	62	38	47	66	82	41	55	43	69	44	43	29	38	44	70	46	17	50	58	61	36	72	40	69	25	53	68	51	16	76
chr1	1655862	1655886	25	1	0	25	13	12	0	1	0	0	0	0	2	0	0	1	2	1	1	1	1	1	1	0	1	2	0	1	1	1	0	0	0	0	1	2	0	2
chr1	1655891	1657880	1990	1	0	1990	1154	836	175	64	79	92	88	59	74	65	63	32	78	44	83	46	49	61	71	47	16	67	69	35	19	77	68	64	22	64	78	54	13	72
chr1	1657882	1657925	44	1	0	44	38	6	22	2	3	0	2	0	0	0	0	1	0	0	4	1	0	1	1	1	0	2	1	0	0	0	0	0	0	0	0	0	0	1
chr1	1657927	1658159	233	1	0	233	95	138	8	4	7	4	6	10	12	0	5	8	12	5	4	4	5	1	5	11	4	5	10	8	11	13	6	14	8	12	7	9	7	6
chr1	1658160	1659064	905	1	0	905	399	506	39	25	31	14	25	29	42	16	30	30	37	21	15	16	12	15	25	30	16	29	32	31	47	26	25	43	50	34	30	32	23	33
chr1	1659066	1659113	48	1	0	48	17	31	0	0	1	0	0	3	4	1	1	2	2	2	0	0	0	0	4	0	0	1	0	3	2	2	3	2	5	2	1	2	1	2
chr1	1659115	1660407	1293	1	0	1293	590	703	76	23	44	42	34	43	59	31	49	30	58	23	26	21	11	18	29	36	17	36	58	51	47	55	41	64	62	47	40	60	26	34
chr1	1660409	1660433	25	1	0	25	18	7	10	0	0	3	0	0	0	0	0	0	0	0	2	0	1	1	0	0	0	0	0	1	2	0	0	2	0	1	0	0	0	0
chr1	1660435	1662738	2304	1	0	2304	1209	1095	163	76	77	74	87	80	121	55	78	46	91	55	62	48	48	48	87	54	31	78	103	73	33	89	69	89	28	90	84	83	22	80
chr1	1662740	1663380	641	1	0	641	312	329	30	22	25	17	23	30	38	16	25	13	25	9	15	11	5	6	31	21	10	14	38	20	9	32	23	30	5	24	15	28	6	23
chr1	1663403	1664416	1014	1	0	1014	503	511	67	23	31	31	38	43	58	26	32	21	49	24	15	13	17	15	34	28	8	30	53	31	12	48	36	49	13	42	42	35	13	35
chr1	1664429	1714655	50227	1	0	50227	22177	28050	2452	1089	1395	991	1274	2225	2998	1033	1446	1280	2406	979	755	660	669	524	1635	1551	834	1234	2427	2814	1340	2448	1826	2620	1164	2045	1642	2044	684	1741
chr1	1714656	1714937	282	1	0	282	123	159	8	3	11	4	6	17	21	4	10	7	13	4	1	4	6	2	11	6	7	7	15	7	4	12	13	16	6	21	9	9	5	11
chr1	1714938	1715067	130	1	0	130	52	78	2	4	5	0	3	6	12	1	4	2	6	1	2	1	1	0	1	4	2	6	8	7	2	11	12	6	0	6	1	11	0	1
chr1	1715068	1715435	368	1	0	368	188	180	16	7	17	11	13	9	26	8	15	9	14	12	7	9	7	7	8	10	5	11	20	13	2	14	13	13	2	18	15	12	1	22
chr1	1715436	1715478	43	1	0	43	19	24	0	0	1	1	2	4	2	1	0	3	3	0	0	1	1	0	5	0	1	2	2	2	0	1	1	2	0	0	1	1	1	3
chr1	1715479	1715859	381	1	0	381	174	207	10	12	16	3	9	16	26	13	19	6	15	9	3	6	5	5	19	11	2	7	17	16	6	19	14	19	8	19	14	12	6	17
chr1	1715860	1715924	65	1	0	65	33	32	5	2	1	2	2	1	5	1	2	5	2	1	1	0	3	0	2	1	0	5	4	1	1	4	0	2	0	0	1	6	1	2
chr1	1715925	1716008	84	1	0	84	42	42	5	1	3	0	2	2	7	3	1	4	6	2	1	2	2	1	2	2	0	5	3	1	0	3	5	1	0	5	4	4	0	5
chr1	1716009	1716094	86	1	0	86	32	54	0	1	3	2	3	4	4	0	2	2	5	2	1	1	2	0	0	3	3	2	5	4	3	5	2	5	4	5	4	5	1	1
chr1	1716095	1716246	152	1	0	152	79	73	5	5	6	4	4	7	11	4	10	5	6	6	1	2	1	0	6	3	3	7	5	4	1	5	7	1	1	3	10	7	1	9
chr1	1716247	2614060	897814	1	0	897814	387612	510202	34852	17793	24953	16774	22651	40544	57005	21237	23502	23176	42507	15924	13367	10759	12218	10348	30452	28814	11776	21231	48180	57307	20378	48269	35022	50619	16787	36258	27783	37394	9007	30925
chr1	2614061	2659060	45000	2	0	45000	20157	24843	1544	928	1170	938	1125	2295	3106	1301	1255	1086	1973	1034	656	541	600	605	1817	1683	387	963	2447	2905	649	2251	1920	1948	536	1987	1643	1717	340	1648
chr1	2659061	2701060	42000	3	0	42000	15887	26113	80	854	154	98	436	3515	4233	1411	607	1056	1810	1205	63	151	86	128	2385	2609	307	275	2760	3030	533	1896	2788	1247	630	2973	1661	1334	544	1139
chr1	2701061	2702781	1721	4	0	1721	670	1051	13	25	12	15	12	119	176	62	35	43	73	49	5	11	10	10	81	97	4	16	112	138	17	87	93	60	27	118	83	58	8	50
chr1	2767674	2770389	2716	4	0	2716	1125	1591	39	68	32	24	34	189	264	92	77	62	95	79	13	18	18	21	134	159	13	31	170	219	16	141	147	71	18	158	128	98	7	79
chr1	2770392	2775930	5539	4	0	5539	2232	3307	47	112	45	49	51	387	559	201	133	134	233	171	22	27	28	33	277	307	17	59	354	407	40	284	309	170	65	346	257	201	36	176
chr1	2775942	2777688	1747	4	0	1747	727	1020	26	49	27	12	24	110	168	61	52	40	69	41	11	10	8	17	91	92	6	20	105	136	14	98	91	50	9	106	76	75	3	48
chr1	2777689	2778772	1084	4	0	1084	444	640	32	17	28	16	24	37	94	32	24	26	46	24	13	11	10	10	43	22	8	18	64	90	10	80	60	71	6	47	20	62	4	33
chr1	2778777	2782508	3732	4	0	3732	2278	1454	344	116	136	221	175	119	136	135	172	73	90	123	126	84	95	131	173	92	21	106	145	87	16	114	84	60	14	84	163	123	19	153
chr1	2782509	2784961	2453	4	0	2453	1161	1292	72	57	102	55	69	89	149	75	84	62	106	52	61	35	46	46	86	69	19	69	101	153	37	130	108	104	16	94	86	95	14	110
chr1	2784962	2784991	30	4	0	30	8	22	0	0	0	0	0	1	4	0	0	0	3	0	0	0	0	0	0	0	0	1	4	3	1	0	0	5	1	2	0	0	0	3
chr1	2784992	2961934	176943	4	0	176943	75761	101182	5314	3179	5050	3282	4242	8487	11539	5083	4744	4467	8424	3204	2525	1903	2143	2175	6644	5559	1965	3868	9905	12208	3405	9892	7466	9718	2430	7282	5336	7925	1464	6113
chr1	2961935	2970389	8455	3	0	8455	3916	4539	281	153	267	207	226	363	472	342	266	204	373	260	135	103	133	131	274	254	87	208	544	438	131	390	286	383	109	330	299	426	61	317
chr1	2970391	3027935	57545	3	0	57545	25896	31649	1970	1033	1740	1268	1441	2517	3565	2003	1726	1484	2631	1433	875	645	784	780	1911	1966	525	1277	3515	3520	896	3008	2173	2759	603	2221	1927	2695	438	2214
chr1	3027936	3155935	128000	4	0	128000	54298	73702	4091	2310	3709	2460	3005	5769	8110	3378	3626	3261	6003	2352	1848	1265	1608	1502	4394	4038	1497	2676	7056	9116	2952	6980	5154	7033	2213	5350	3658	5918	1242	4424
chr1	3155936	3264935	109000	3	0	109000	47412	61588	3706	2096	3429	2225	2708	4592	6635	3016	3304	2780	5191	2196	1738	1166	1365	1265	3569	3362	1414	2289	5723	7128	2411	5996	4301	5779	1831	4312	3357	4989	1102	4023
chr1	3264936	3374935	110000	2	0	110000	47384	62616	3271	2102	3274	1954	2773	5129	7041	3261	3179	2948	5343	2165	1377	1066	1301	1198	4197	3308	1327	2413	6061	7074	2195	6074	4531	5787	1507	4507	3416	5235	1019	3965
chr1	3374936	3857935	483000	1	0	483000	204988	278012	15412	8829	13728	8500	11593	21717	31883	12105	12637	12553	22941	8769	6826	5434	6434	5626	16527	15433	5683	10890	26428	33563	10360	27067	19882	27232	7905	20141	14460	21190	4362	16888
chr1	3857936	3877935	20000	2	0	20000	9624	10376	981	455	644	489	579	945	1105	615	583	431	888	424	425	379	342	338	789	634	274	513	988	861	311	957	800	881	276	765	667	740	175	744
chr1	3877936	3891935	14000	3	0	14000	7030	6970	791	366	473	395	451	632	778	393	464	322	601	289	319	251	267	237	583	411	174	403	630	515	186	630	481	565	166	549	561	470	108	537
chr1	3891936	3906935	15000	4	0	15000	7103	7897	744	377	474	380	452	669	811	385	459	326	629	303	320	217	303	254	613	420	177	379	694	777	334	681	537	736	252	578	473	554	111	579
chr1	3906936	3921935	15000	5	0	15000	6715	8285	573	325	489	304	373	603	928	405	512	379	777	302	232	161	188	163	477	463	173	355	793	933	248	864	556	712	188	552	482	730	147	611
chr1	3921936	3928704	6769	6	0	6769	3316	3453	197	124	226	179	190	234	421	215	210	197	257	286	129	78	190	182	212	196	54	171	349	320	78	336	247	278	43	218	252	290	39	369
chr1	3935210	3936533	1324	6	0	1324	662	662	76	35	46	39	47	64	71	34	48	28	59	34	25	19	21	15	45	53	5	43	78	42	16	61	44	52	17	37	49	50	12	57
chr1	3936534	3945439	8906	6	0	8906	4396	4510	495	207	292	266	287	337	517	269	293	233	447	186	184	88	145	149	324	238	71	232	416	396	108	455	330	360	88	332	339	381	57	382
chr1	3945440	3963439	18000	5	0	18000	8971	9029	903	416	634	522	559	682	975	597	601	453	836	420	412	262	339	359	680	512	137	484	850	853	203	901	627	661	172	638	655	781	112	762
chr1	3963440	3985439	22000	4	0	22000	10731	11269	891	495	790	579	683	933	1251	787	715	564	983	490	466	321	373	410	874	630	188	621	1101	1106	229	1087	848	832	154	846	831	955	122	843
chr1	3985440	4079439	94000	3	0	94000	47335	46665	4650	2179	3226	2769	2850	4015	5092	3132	3225	2218	4606	2283	2099	1293	1644	2054	3499	2605	716	2885	4341	4323	933	4377	3313	3321	757	3261	3936	3726	626	4044
chr1	4079440	4120439	41000	4	0	41000	20824	20176	1750	954	1521	1298	1276	1516	2284	1467	1517	959	1785	1020	979	594	690	1213	1507	1130	280	1106	1963	1907	387	1958	1496	1459	236	1465	1577	1719	235	1750
chr1	4120440	4196439	76000	5	0	76000	38512	37488	3681	1899	2747	2300	2381	2896	4029	2544	2638	1813	3533	1969	1927	1090	1424	1641	2730	2206	614	2147	3546	3468	794	3594	2569	2650	576	2639	3004	3078	518	3353
chr1	4196440	4328439	132000	6	0	132000	72015	59985	7684	3624	5057	5144	4825	4762	6303	5043	5101	2770	5139	3627	3899	2369	2858	3810	5399	3578	684	3864	6019	4795	772	5532	4334	3698	560	4111	5181	5048	558	5850
chr1	4328440	4667439	339000	7	0	339000	175230	163770	17000	8377	12362	11222	11316	13160	17593	12475	12118	7962	14441	8629	8526	5336	6522	8190	13538	9554	2446	9297	15779	14318	3027	15422	12044	11395	2336	11463	13183	13278	1953	14736
chr1	4667440	4946439	279000	8	0	279000	145131	133869	14284	7112	10480	9302	9443	10703	14561	10355	10195	6491	11644	6885	7256	4486	5289	6644	11382	7650	2004	7756	13013	11583	2273	12534	10004	9289	1662	9503	10662	10881	1491	12181
chr1	4946440	5004439	58000	9	0	58000	31553	26447	3356	1519	2415	2286	2105	2013	2697	2196	2347	1256	2309	1518	1768	1027	1199	1542	2283	1509	389	1634	2479	2170	376	2450	1983	1597	278	1868	2265	2199	297	2668
chr1	5004440	5363439	359000	8	0	359000	202061	156939	22651	9773	14706	15440	13045	11882	16186	13821	14595	7500	13771	9698	12280	6841	7978	11893	14375	8831	1954	10836	14797	11534	1904	14258	11431	9132	1427	10896	14331	12996	1585	16651
chr1	5363440	5464439	101000	7	0	101000	51698	49302	4482	2388	3795	3254	3310	3817	5582	3762	3717	2481	4362	2603	2410	1571	1906	2257	4080	2819	645	2712	4872	4344	794	4698	3742	3294	537	3601	3777	4251	500	4635
chr1	5464440	5652439	188000	6	0	188000	100625	87375	10376	4825	7257	6824	6539	6664	9454	6950	6987	4253	7729	4981	5380	3295	3844	5267	7707	4915	1240	5175	8271	7208	1393	8053	6541	5693	1008	6219	7088	7109	916	8837
chr1	5652440	5740439	88000	5	0	88000	44558	43442	4190	2082	3317	2611	2776	3422	4738	3158	3224	1978	3773	2353	2010	1332	1669	1923	3374	2465	638	2337	4337	3947	827	4234	3150	3092	605	3107	3233	3841	436	3819
chr1	5740440	5812439	72000	4	0	72000	35320	36680	3068	1606	2510	2015	2142	3058	4131	2522	2473	1725	3261	1624	1516	1005	1235	1427	2968	1959	568	1899	3545	3622	725	3561	2732	2848	531	2639	2608	3024	412	3039
chr1	5812440	5928439	116000	3	0	116000	55039	60961	4699	2671	3822	2932	3337	4983	6921	3655	3681	2834	5078	2590	2407	1698	1908	1823	4371	3436	1308	3069	5943	5803	1676	5650	4581	5043	1365	4531	4001	4790	913	4479
chr1	5928440	6027439	99000	2	0	99000	48194	50806	4711	2325	3210	2677	2878	4135	5811	2941	3181	2364	4410	2187	2153	1645	1691	1875	3733	3049	948	2739	4778	4795	1336	4832	3662	3933	1106	3751	3591	3963	788	3800
chr1	6027440	6711439	684000	1	0	684000	313734	370266	30348	14393	21160	15592	19482	27206	41038	18083	19236	16285	32490	14334	12426	10017	11749	9893	22175	21103	6574	18049	35973	38026	12375	35744	25169	34627	10743	27363	22492	28362	6210	25281
chr1	6711440	6981439	270000	2	0	270000	147524	122476	18351	7224	10215	10522	9271	9442	12729	8869	9676	5531	10751	6781	9014	5394	6039	7714	10161	7025	1977	8427	11418	9062	2456	11248	8503	8618	2100	8741	10229	9479	1713	11318
chr1	6981440	7264439	283000	3	0	283000	151152	131848	16436	7518	10555	10401	9585	10528	13949	10001	10533	6073	11358	7000	8357	5132	5837	7888	11421	7540	2154	8136	12511	10801	2484	12012	9677	8965	1891	9291	10454	10501	1749	12260
chr1	7264440	7366717	102278	2	0	102278	55915	46363	6224	2680	4050	4043	3612	3386	5009	3617	4046	2190	4102	2715	3115	1837	2223	3065	3899	2565	614	3016	4480	3590	665	4346	3288	3131	493	3222	3957	3794	502	4800
chr1	7366718	7382536	15819	2	0	15819	7970	7849	723	399	501	531	515	617	896	582	525	363	649	350	390	248	347	333	567	463	124	473	828	660	137	715	648	636	139	571	567	581	106	633
chr1	7382538	7655439	272902	2	0	272902	129456	143446	10719	5769	9104	6735	7975	11462	16301	8962	8687	6255	13100	6401	4946	3714	4654	4672	10126	8132	2134	6808	14195	14446	3131	14602	10540	12034	2205	10648	9839	11763	1740	11101
chr1	7655440	7690439	35000	3	0	35000	15000	20000	1042	647	1109	574	933	1467	2342	830	992	900	1799	653	405	440	515	351	1147	1159	335	813	1986	2243	629	2043	1354	1884	492	1570	1084	1615	306	1339
chr1	7690440	8504448	814009	2	0	814009	445789	368220	57337	22233	29660	32372	28352	28414	38244	26000	28702	16511	32353	20658	27211	16442	18081	23218	30720	21371	6172	25338	34067	26472	8211	32840	25295	26227	7168	26114	30928	27520	5731	34045
chr1	8504450	8683440	178991	2	0	178991	107348	71643	14871	5562	7183	8971	6808	5607	7372	6107	6828	3243	5800	4737	8080	4503	4750	6925	7695	4050	972	6199	6356	3926	889	6077	4947	4083	773	5067	6896	5188	762	7762
chr1	8683441	9542159	858719	1	0	858719	441245	417474	52216	21780	29741	27747	29018	31964	45467	24829	27457	18732	37958	19992	22793	15328	17125	19098	30739	24802	6705	25558	40343	34309	9980	39584	29052	33343	8552	30367	31144	31762	6451	34781
chr1	9542161	10386863	844703	1	0	844703	449551	395152	58599	22000	28829	30808	29224	30032	42269	24429	26426	16947	36106	20590	25987	16811	19023	21471	29570	23670	6115	26435	37528	28896	9321	36837	27556	31274	8610	29269	31300	28742	6342	33685
chr1	10386865	10398442	11578	1	0	11578	6243	5335	966	302	407	405	441	419	590	299	327	218	499	249	347	230	276	267	384	331	66	388	542	346	105	503	398	447	85	446	425	371	62	435
chr1	10398443	10629442	231000	2	0	231000	124791	106209	16354	6091	8347	8693	7872	8206	11453	6814	7895	4801	9510	5657	7364	4568	5074	6092	8469	6056	1846	7294	9702	7441	2496	9508	7513	7962	2211	7846	8661	7688	1778	9736
chr1	10629443	11191442	562000	1	0	562000	272114	289886	28847	12649	18882	15578	17199	21581	31394	15661	17429	12456	26203	12667	12481	8633	10292	10160	18698	16706	4691	15224	28164	28848	8143	28261	19657	25128	6601	21010	19316	22734	4427	22278
chr1	11191443	11367442	176000	2	0	176000	91599	84401	10274	4243	6218	5959	5867	6309	9223	5457	5656	3745	7841	4378	4897	3290	3886	4355	6195	4834	1171	5387	8097	6917	1756	8135	5960	6593	1420	6315	6604	6561	1125	7330
chr1	11367443	11506442	139000	3	0	139000	68645	70355	6354	3195	4905	3955	4450	5389	7829	4390	4562	3153	6591	3453	3042	2172	2643	2560	4993	3996	981	3939	7012	6548	1469	6710	4993	5408	1233	5314	5060	5787	907	6005
chr1	11506443	11721442	215000	2	0	215000	102552	112448	9598	4754	7003	5535	6457	8490	12636	6173	6386	5145	10336	4731	4450	3190	3975	3691	7443	6524	1629	5984	11131	11313	2813	11119	7712	9530	2293	8359	7470	9009	1631	8488
chr1	11721443	12094442	373000	1	0	373000	180104	192896	19048	8449	12189	9526	11539	14916	21492	10515	10997	8472	17677	8613	7628	5900	6960	6182	12506	11546	3079	10606	19272	17936	5056	18852	13395	16609	3989	14290	13290	15025	2874	14570
chr1	12094443	12357935	263493	2	0	263493	139610	123883	16694	6808	9481	9307	8889	9255	13573	8192	8955	5633	10993	6353	7751	5216	5769	6740	9612	7302	1814	8184	11928	10158	2416	11677	8580	9370	1972	8935	9789	9349	1776	11020
chr1	12357937	12363951	6015	2	0	6015	3537	2478	414	168	237	306	230	177	242	213	226	116	194	190	255	149	169	251	238	128	34	210	201	148	53	214	164	154	35	173	259	186	34	245
chr1	12363953	12376375	12423	2	0	12423	7534	4889	1110	384	458	677	473	396	479	457	505	217	358	343	540	287	322	527	524	307	60	393	485	287	57	418	322	266	48	298	474	387	55	507
chr1	12376377	12376415	39	2	0	39	26	13	2	0	3	2	1	1	1	2	1	0	0	2	4	2	2	2	2	0	0	1	1	0	0	1	1	0	0	3	0	2	0	1
chr1	12376417	12377820	1404	2	0	1404	768	636	85	42	36	51	43	41	71	55	39	24	66	44	47	40	45	38	56	29	10	52	54	26	14	60	44	53	16	47	56	47	12	59
chr1	12377822	12381915	4094	2	0	4094	2492	1602	358	139	190	218	169	90	156	147	183	79	120	91	193	102	107	148	166	79	25	140	126	77	30	132	112	89	23	130	158	120	24	171
chr1	12381916	12392545	10630	2	0	10630	6260	4370	713	313	478	497	400	328	436	410	446	204	358	340	441	248	262	385	410	275	40	368	436	237	45	394	284	230	22	280	444	370	43	491
chr1	12392550	12395996	3447	2	0	3447	1866	1581	176	91	130	145	139	108	170	120	119	76	124	111	107	67	94	88	111	100	19	112	168	117	23	150	130	100	13	107	128	141	13	148
chr1	12395997	12400960	4964	2	0	4964	2791	2173	329	146	183	193	171	159	244	153	193	106	211	126	158	105	130	183	173	128	33	182	190	105	27	206	159	134	39	160	205	161	50	220
chr1	12400965	12427242	26278	2	0	26278	15690	10588	2138	788	1186	1219	1006	778	1092	915	1106	523	883	723	1080	627	684	941	1051	628	123	914	941	599	80	914	692	544	90	776	1106	763	125	1241
chr1	12427243	12456636	29394	2	0	29394	16747	12647	2112	899	1260	1177	1103	921	1365	971	1174	614	1025	747	1060	680	755	883	1213	724	157	1020	1147	812	148	1196	873	765	143	889	1127	1002	130	1300
chr1	12456638	12488669	32032	2	0	32032	17986	14046	2178	927	1350	1293	1181	1026	1516	1065	1298	668	1126	799	1090	699	738	1031	1256	785	219	1060	1305	970	208	1279	1006	925	153	988	1221	1083	184	1403
chr1	12488671	12510525	21855	2	0	21855	11775	10080	1314	616	857	774	704	697	1112	739	826	470	882	563	716	442	506	556	820	519	175	711	934	770	184	906	676	706	159	779	822	799	158	961
chr1	12510528	12517597	7070	2	0	7070	3777	3293	450	194	288	254	264	269	349	194	254	135	278	184	218	131	155	158	270	180	46	233	297	234	78	288	240	247	74	255	270	236	50	295
chr1	12517606	12522366	4761	2	0	4761	2420	2341	277	116	153	146	170	185	244	126	123	104	241	121	122	85	113	93	157	119	45	168	223	168	61	200	187	185	58	180	158	180	48	203
chr1	12522369	12530922	8554	2	0	8554	4460	4094	588	210	288	324	310	317	413	232	266	183	382	191	245	147	171	191	305	233	70	249	417	340	111	381	258	339	92	277	292	337	45	348
chr1	12530924	12531290	367	2	0	367	185	182	21	10	12	10	12	17	23	4	9	6	19	12	11	3	6	8	11	11	2	12	17	12	6	19	12	15	3	16	16	16	1	13
chr1	12531292	12532241	950	2	0	950	468	482	51	19	31	28	30	31	63	13	24	21	52	26	23	14	18	23	36	17	5	27	44	52	8	46	26	43	13	42	31	38	4	49
chr1	12532255	12532335	81	2	0	81	48	33	5	4	4	3	3	2	5	2	7	2	5	2	1	1	0	1	3	1	0	5	4	0	0	2	0	1	0	1	5	4	0	6
chr1	12532337	12534203	1867	2	0	1867	1109	758	156	62	78	90	89	57	67	61	76	38	63	41	66	47	43	74	91	34	11	68	67	45	12	60	47	53	11	41	69	52	14	82
chr1	12534205	12534262	58	2	0	58	24	34	0	1	1	2	1	1	5	0	2	1	5	2	1	1	0	0	1	2	0	2	2	3	2	5	1	2	1	2	3	4	1	2
chr1	12534264	12534509	246	2	0	246	135	111	26	5	7	13	7	11	9	5	6	5	7	4	12	5	5	8	6	10	3	6	16	8	5	7	3	12	3	8	7	7	1	7
chr1	12534511	12534848	338	2	0	338	163	175	32	6	7	7	10	18	17	7	5	8	20	5	6	5	8	1	10	14	3	10	21	10	5	17	10	17	4	15	10	12	6	10
chr1	12534863	12536707	1845	2	0	1845	1131	714	170	54	74	108	68	56	77	55	87	37	56	44	81	35	55	73	76	37	14	54	58	33	5	68	54	36	2	52	69	58	9	88
chr1	12536708	12536917	210	2	0	210	128	82	12	4	10	14	9	3	7	10	11	3	11	10	8	4	4	8	5	4	0	5	8	4	0	7	3	5	0	6	13	6	0	14
chr1	12536918	12539085	2168	2	0	2168	1149	1019	108	47	78	83	74	80	112	63	61	40	113	62	74	43	47	62	75	57	12	67	108	78	14	98	74	74	7	79	72	89	9	106
chr1	12539106	12544968	5863	2	0	5863	2897	2966	329	148	202	190	205	203	333	161	203	136	274	121	131	80	81	98	179	167	63	158	302	301	76	270	202	245	48	221	219	236	37	242
chr1	12544986	12545927	942	2	0	942	487	455	62	19	27	37	21	33	52	30	28	22	39	32	35	14	12	23	31	25	8	23	41	38	16	41	24	34	17	35	40	39	11	31
chr1	12545928	12546326	399	2	0	399	202	197	19	9	7	20	16	11	22	13	9	6	19	14	12	7	8	9	9	11	4	9	23	13	5	19	14	20	7	14	16	16	2	14
chr1	12546328	12546359	32	2	0	32	16	16	3	0	1	1	1	1	1	1	0	0	1	1	1	2	0	1	1	1	0	0	1	0	1	1	1	2	3	2	2	0	0	0
chr1	12546361	12546927	567	2	0	567	275	292	29	23	8	13	18	12	29	28	14	13	29	12	12	6	16	12	21	17	3	13	33	29	9	30	15	30	5	18	18	24	5	21
chr1	12546929	12546962	34	2	0	34	12	22	0	0	1	0	0	2	2	0	0	1	2	0	1	1	2	0	0	0	0	2	2	2	1	0	2	2	3	3	0	1	0	2
chr1	12546964	12548657	1694	2	0	1694	688	1006	36	29	48	29	48	63	115	45	50	55	97	29	8	11	12	11	52	60	19	27	111	134	24	113	58	97	18	61	50	91	19	72
chr1	12548662	12550197	1536	2	0	1536	614	922	36	26	54	22	38	65	88	32	46	44	81	30	18	5	11	18	47	47	11	34	85	118	51	85	37	98	42	65	54	76	20	50
chr1	12550199	12550370	172	2	0	172	85	87	15	2	4	2	6	5	11	4	1	5	9	7	3	3	5	1	4	4	2	5	4	7	2	11	9	6	2	9	9	7	2	4
chr1	12550372	12551379	1008	2	0	1008	482	526	56	24	25	22	33	49	62	33	24	27	42	22	15	19	15	13	45	35	10	28	53	54	14	49	38	45	4	35	41	36	6	32
chr1	12551381	12551534	154	2	0	154	68	86	3	2	2	7	6	7	9	1	2	3	14	3	2	1	4	1	3	4	1	5	6	7	4	6	7	8	3	10	7	4	2	8
chr1	12551535	12560616	9082	2	0	9082	4165	4917	322	177	290	232	263	353	605	258	288	220	448	202	147	100	125	134	291	245	82	232	513	507	116	494	356	467	78	377	319	412	62	365
chr1	12560618	12569078	8461	2	0	8461	4081	4380	386	194	300	213	286	356	497	260	272	187	400	185	150	114	154	126	297	265	45	244	513	436	56	426	287	362	55	349	302	368	42	332
chr1	12569080	12569148	69	2	0	69	28	41	0	0	1	3	2	3	5	0	1	2	5	1	1	2	1	0	1	4	0	2	5	4	1	5	3	3	0	3	2	4	1	2
chr1	12569150	12569215	66	2	0	66	26	40	3	3	1	0	2	2	3	0	1	2	5	2	1	1	0	0	2	2	1	3	3	2	3	2	2	5	4	1	0	1	4	3
chr1	12569234	12569294	61	2	0	61	41	20	10	0	2	2	0	14	1	0	0	0	1	0	4	0	0	6	13	0	0	1	0	0	0	1	1	1	0	0	0	0	0	2
chr1	12569299	12576283	6985	2	0	6985	3504	3481	368	154	241	221	232	255	385	214	217	150	318	165	167	129	146	142	240	203	46	199	338	319	63	367	233	300	52	270	275	265	55	254
chr1	12576285	12576332	48	2	0	48	16	32	1	0	1	1	1	4	2	0	0	0	3	1	1	1	0	0	1	1	2	1	4	3	1	3	1	5	2	2	1	2	1	0
chr1	12576334	12582874	6541	2	0	6541	3295	3246	323	167	192	229	200	229	351	227	194	155	277	171	194	104	129	153	206	200	73	176	333	263	103	297	234	264	59	239	234	271	55	237
chr1	12582876	12583417	542	2	0	542	252	290	0	2	5	8	2	41	5	54	7	2	26	48	5	22	19	4	6	35	0	26	74	39	0	20	5	0	0	1	17	59	0	8
chr1	12583422	12583493	72	2	0	72	37	35	0	0	2	0	0	5	0	9	0	0	2	11	1	2	2	1	0	3	0	4	12	1	0	2	0	0	0	0	2	11	0	0
chr1	12583498	12583590	93	2	0	93	41	52	0	0	1	0	0	8	0	12	0	0	3	13	0	1	1	0	0	6	0	3	18	7	0	2	0	0	0	0	2	14	0	0
chr1	12583595	12584965	1371	2	0	1371	617	754	19	23	34	26	23	74	72	86	45	29	55	54	15	23	25	13	57	56	6	30	108	100	12	69	42	49	5	36	47	84	1	51
chr1	12584970	12586829	1860	2	0	1860	836	1024	28	30	48	28	31	156	132	42	51	69	103	24	24	23	19	26	162	55	14	47	86	101	24	84	49	66	22	65	64	73	6	106
chr1	12586830	12587723	894	2	0	894	464	430	65	15	31	22	27	41	56	17	19	18	53	25	23	13	14	24	28	25	3	31	41	36	5	40	33	31	2	40	39	30	2	43
chr1	12587729	12588242	514	2	0	514	251	263	29	16	15	13	20	19	26	13	16	12	30	9	7	8	10	7	26	11	1	17	20	35	9	26	13	20	0	17	19	25	2	21
chr1	12588246	12589391	1146	2	0	1146	568	578	47	29	39	27	23	43	69	48	34	25	55	26	38	15	28	21	38	43	5	27	59	56	7	51	48	38	10	56	38	36	8	57
chr1	12589392	12598032	8641	2	0	8641	3802	4839	295	174	290	177	248	367	524	175	276	209	431	179	118	109	148	81	270	292	71	226	460	583	169	463	293	404	139	374	291	396	77	330
chr1	12598034	12598050	17	2	0	17	5	12	0	0	0	0	0	1	2	0	0	0	2	0	0	0	0	0	0	0	0	1	2	0	0	1	1	2	0	1	0	1	0	1
chr1	12598052	12598391	340	2	0	340	163	177	14	11	5	6	9	18	21	13	4	8	15	8	9	8	6	7	16	10	5	13	17	12	4	16	17	15	7	9	11	12	2	10
chr1	12598393	12602170	3778	2	0	3778	1856	1922	135	86	141	93	119	144	226	110	113	109	163	87	88	73	99	68	133	123	40	116	198	165	36	185	120	159	18	157	148	137	16	171
chr1	12602178	12605078	2901	2	0	2901	1336	1565	117	64	113	65	97	104	169	75	94	65	152	64	50	42	38	26	85	101	17	72	155	175	37	172	98	136	34	108	107	127	20	120
chr1	12605079	12606136	1058	2	0	1058	636	422	66	22	36	43	40	34	38	63	25	28	25	29	35	57	29	65	59	29	10	43	37	15	7	31	33	23	7	21	46	23	4	33
chr1	12606139	12606311	173	2	0	173	118	55	25	7	9	10	6	3	7	7	8	3	3	9	11	1	4	4	7	1	0	6	4	1	0	3	3	2	0	4	9	4	0	10
chr1	12606312	12614702	8391	2	0	8391	4406	3985	456	209	361	267	306	304	411	281	317	195	372	214	213	148	177	174	286	247	58	264	380	296	59	406	292	264	43	291	344	334	60	360
chr1	12614704	12616834	2131	2	0	2131	1002	1129	110	58	82	45	77	70	127	42	68	59	88	36	41	34	40	23	66	72	11	72	127	140	28	103	58	90	23	87	65	96	16	75
chr1	12616835	12617520	686	2	0	686	260	426	27	13	16	13	12	30	31	8	22	14	31	15	8	7	7	6	12	30	7	15	31	52	43	26	21	39	41	25	17	32	15	18
chr1	12617521	12617788	268	2	0	268	141	127	42	9	13	6	6	7	9	1	13	5	12	2	7	3	3	1	5	10	4	5	8	16	8	13	7	6	8	5	3	13	2	14
chr1	12617790	12617859	70	2	0	70	42	28	25	0	1	3	2	2	2	0	1	1	1	1	0	1	1	0	1	2	1	0	4	8	1	0	0	1	2	3	1	2	0	1
chr1	12617860	12633635	15776	2	0	15776	7623	8153	886	399	491	420	523	587	953	425	463	368	762	333	323	221	248	220	539	465	132	439	772	766	218	809	635	674	174	603	541	660	122	603
chr1	12633637	12638828	5192	2	0	5192	2651	2541	307	124	189	179	179	191	251	153	171	111	214	127	143	101	107	103	188	158	42	139	260	237	59	257	146	212	55	165	180	206	36	200
chr1	12638829	12643448	4620	2	0	4620	2655	1965	390	147	219	177	182	154	190	133	206	73	174	110	155	81	112	152	177	113	21	144	182	148	25	166	142	111	22	149	158	150	20	235
chr1	12643451	12658108	14658	2	0	14658	7601	7057	872	375	626	414	511	456	744	445	565	349	652	360	340	266	321	303	482	420	99	445	684	582	123	766	436	510	91	493	554	643	89	640
chr1	12658117	12681244	23128	2	0	23128	12749	10379	1433	640	909	885	891	770	1097	867	858	472	851	617	686	495	604	673	880	667	100	730	1032	737	124	988	793	696	86	747	920	782	100	996
chr1	12681246	12686202	4957	2	0	4957	2744	2213	326	148	191	191	203	168	218	215	182	106	176	130	147	90	109	142	219	134	20	139	236	174	17	208	155	140	21	156	194	187	22	191
chr1	12686203	12686236	34	2	0	34	24	10	12	2	0	0	3	0	1	1	0	0	2	1	0	0	0	0	2	0	0	1	1	1	0	0	1	0	0	1	1	1	0	1
chr1	12686238	12686583	346	2	0	346	175	171	13	10	4	12	9	15	22	14	6	4	18	11	11	6	6	13	13	12	1	9	20	8	2	19	11	19	4	13	16	10	3	10
chr1	12686584	12687583	1000	2	0	1000	566	434	73	37	35	35	39	30	47	46	37	14	39	28	30	17	22	35	32	28	1	37	41	31	7	37	43	28	2	29	46	29	2	41
chr1	12687584	12690758	3175	2	0	3175	1849	1326	252	100	105	152	129	135	145	105	117	56	115	71	111	67	63	124	162	84	22	91	113	72	19	104	108	73	17	102	131	79	18	131
chr1	12690759	12693805	3047	2	0	3047	1586	1461	128	71	118	109	99	104	144	129	120	63	126	96	80	62	56	80	113	82	31	74	147	112	34	127	101	111	31	93	115	115	24	150
chr1	12693806	12694546	741	2	0	741	395	346	44	17	24	28	26	33	39	19	27	11	32	23	17	17	16	20	27	19	7	25	31	23	8	25	28	24	10	26	32	21	5	35
chr1	12694548	12694577	30	2	0	30	15	15	0	0	2	0	0	0	1	2	2	0	5	2	0	0	0	0	0	0	0	0	1	0	0	1	1	1	0	2	2	1	0	5
chr1	12694579	12696860	2282	2	0	2282	1302	980	160	65	97	94	86	79	95	80	87	31	91	76	83	45	54	78	86	50	12	72	99	58	10	82	75	67	15	67	80	75	15	116
chr1	12696862	12696882	21	2	0	21	12	9	1	0	1	2	1	1	1	1	1	1	0	1	0	0	0	0	1	0	0	1	1	0	0	0	1	0	1	0	1	0	1	1
chr1	12696884	12702157	5274	2	0	5274	3195	2079	416	155	215	287	210	179	194	210	237	72	160	144	210	119	144	243	210	107	29	179	200	119	16	168	159	125	11	141	224	153	12	224
chr1	12702179	12702215	37	2	0	37	19	18	0	1	0	2	2	1	2	3	0	0	1	1	1	1	0	2	2	1	0	0	3	2	0	1	3	1	0	2	1	2	0	0
chr1	12702217	12702464	248	2	0	248	130	118	28	4	6	4	8	12	13	4	2	5	16	8	4	4	8	4	5	7	3	10	14	6	0	12	9	10	0	9	9	9	3	10
chr1	12702465	12711198	8734	2	0	8734	4960	3774	521	237	396	396	338	263	363	284	348	193	313	239	342	177	257	291	289	225	50	306	366	294	29	376	253	213	20	260	340	333	33	387
chr1	12711200	12711277	78	2	0	78	38	40	4	3	5	1	1	2	3	0	4	0	4	2	4	0	3	1	1	2	0	2	3	8	0	7	2	2	0	2	0	5	0	5
chr1	12711279	12711515	237	2	0	237	135	102	21	8	14	5	10	3	9	5	9	10	10	5	8	2	6	8	10	6	0	7	13	11	0	11	0	3	0	7	4	15	0	15
chr1	12711521	12712496	976	2	0	976	542	434	70	21	40	54	36	17	41	31	47	18	39	24	32	24	24	23	20	26	4	30	44	52	1	60	24	25	1	18	37	54	2	35
chr1	12712497	12715810	3314	3	0	3314	1761	1553	203	76	139	130	135	117	143	110	115	77	146	83	95	50	56	85	113	104	14	90	165	167	21	145	107	91	16	98	119	136	15	151
chr1	12715812	12715847	36	3	0	36	11	25	0	0	0	1	0	1	0	1	1	1	3	2	0	0	0	0	0	2	1	0	1	5	3	3	0	2	0	0	1	4	2	0
chr1	12715849	12718341	2493	3	0	2493	1386	1107	161	64	96	103	82	92	123	81	99	58	83	51	83	48	71	89	112	70	7	73	97	88	22	97	76	65	14	95	93	81	9	108
chr1	12718343	12718359	17	3	0	17	7	10	0	0	1	0	0	0	0	0	1	0	4	0	0	0	0	0	0	0	0	0	0	0	0	2	0	2	0	0	1	1	0	3
chr1	12718361	12722340	3980	3	0	3980	2099	1881	266	107	146	128	128	166	199	119	139	63	173	87	114	91	73	98	150	128	29	120	199	169	29	187	125	149	19	115	138	138	17	169
chr1	12722351	12723132	782	3	0	782	465	317	75	25	29	38	32	15	36	27	33	19	29	20	27	19	21	19	30	26	2	20	36	14	4	25	18	15	0	25	27	25	4	45
chr1	12723134	12723174	41	3	0	41	21	20	0	1	1	0	0	4	2	1	0	0	2	0	3	0	2	3	1	1	0	3	1	1	0	3	3	3	0	2	2	0	0	0
chr1	12723176	12723788	613	3	0	613	363	250	61	12	15	35	24	29	31	14	12	9	26	16	27	16	12	23	24	22	1	19	27	11	0	24	16	18	3	21	31	11	2	19
chr1	12723789	12723874	86	3	0	86	45	41	11	4	3	0	6	4	3	0	2	1	8	2	0	0	0	0	3	2	0	4	3	1	1	2	4	3	3	2	3	1	2	6
chr1	12723901	12724079	179	3	0	179	81	98	7	4	3	5	4	9	11	4	3	4	8	4	5	5	3	1	4	10	3	5	10	7	4	11	7	9	2	6	7	7	1	4
chr1	12724081	12726449	2369	3	0	2369	1216	1153	111	65	80	73	84	98	125	103	84	57	94	65	50	39	44	43	97	74	12	75	125	90	25	104	85	77	7	81	103	103	10	84
chr1	12726451	12726476	26	3	0	26	9	17	0	0	0	0	0	5	2	0	0	0	1	0	0	0	0	0	1	5	0	0	4	0	0	1	1	1	0	2	1	0	0	0
chr1	12726478	12730664	4187	3	0	4187	2358	1829	217	131	198	179	175	135	182	191	202	77	153	104	131	75	110	98	156	109	10	142	192	105	5	169	142	114	6	142	193	143	9	190
chr1	12730666	12730691	26	3	0	26	21	5	13	0	0	2	0	0	1	0	0	1	1	0	1	0	1	0	1	0	0	0	0	0	0	1	0	0	0	0	0	0	0	2
chr1	12730693	12730749	57	3	0	57	30	27	3	1	3	3	1	2	3	0	2	0	3	1	4	1	1	0	2	0	0	2	2	3	0	6	1	4	0	1	1	4	0	1
chr1	12730752	12733243	2492	3	0	2492	1519	973	199	94	94	124	127	60	86	129	105	50	68	85	80	49	63	106	121	58	5	69	104	51	4	76	68	45	4	58	109	81	11	107
chr1	12733247	12736334	3088	3	0	3088	1944	1144	272	114	135	192	150	76	113	100	160	57	86	85	132	66	100	104	121	66	7	119	99	56	9	85	86	36	1	71	133	91	5	159
chr1	12736339	12736699	361	3	0	361	230	131	40	19	11	21	21	19	16	5	18	4	9	6	12	7	5	16	31	6	3	10	8	7	1	9	5	6	0	7	16	6	0	15
chr1	12736701	12736831	131	3	0	131	70	61	4	5	4	4	4	3	10	5	4	4	2	2	5	3	5	5	7	4	2	3	7	2	0	6	4	6	0	8	4	3	0	4
chr1	12736847	12738079	1233	3	0	1233	832	401	140	40	66	83	38	20	36	40	71	16	29	37	79	24	39	72	35	18	2	45	29	14	2	41	29	12	2	19	41	42	4	66
chr1	12738080	12738746	667	3	0	667	458	209	91	22	31	47	31	16	11	18	24	8	9	16	45	23	22	43	32	18	5	14	19	7	2	20	11	13	2	8	14	11	1	31
chr1	12738748	12738779	32	3	0	32	14	18	1	0	2	1	2	3	0	1	0	0	1	1	1	0	0	1	1	2	0	0	3	2	0	2	1	2	0	1	1	1	0	0
chr1	12738781	12739066	286	3	0	286	132	154	8	3	7	7	10	16	20	8	3	6	15	8	3	7	7	3	10	11	2	9	14	12	0	17	15	14	1	16	15	7	3	7
chr1	12739069	12740717	1649	3	0	1649	947	702	116	51	53	79	68	63	57	80	73	24	61	41	43	49	36	52	84	48	12	42	74	53	10	53	50	30	5	41	60	59	9	71
chr1	12740718	12740899	182	3	0	182	97	85	14	5	5	7	8	8	6	3	4	3	7	4	6	5	5	6	8	4	2	7	8	5	4	7	3	11	2	5	6	4	4	4
chr1	12740904	12741551	648	3	0	648	360	288	50	14	25	33	28	36	31	14	20	9	26	17	25	13	6	12	25	20	6	21	27	10	2	31	25	25	5	18	32	15	7	18
chr1	12741553	12741633	81	3	0	81	62	19	19	2	1	8	3	2	2	6	2	3	0	2	7	1	0	2	4	3	0	1	3	0	0	0	0	0	0	0	6	0	0	2
chr1	12741638	12742897	1260	3	0	1260	743	517	143	39	38	66	58	37	56	36	37	20	53	26	49	25	26	32	51	25	8	37	52	26	5	41	33	37	10	56	52	36	9	39
chr1	12742906	12743292	387	3	0	387	216	171	19	5	14	17	14	11	16	14	8	9	17	12	15	9	14	20	10	13	3	8	19	11	0	17	9	14	2	19	17	9	3	17
chr1	12743294	12743576	283	3	0	283	143	140	16	3	10	7	13	16	14	9	4	7	13	8	4	8	6	4	15	12	1	6	17	7	2	13	9	13	0	12	11	7	2	12
chr1	12743578	12743608	31	3	0	31	17	14	2	0	0	3	1	0	1	2	1	1	2	1	1	0	1	0	0	1	0	0	1	0	1	0	2	1	0	2	1	0	1	3
chr1	12743610	12744840	1231	3	0	1231	738	493	98	43	45	54	52	39	45	56	38	26	31	21	52	32	33	73	64	31	7	38	50	30	4	37	39	26	9	40	39	34	6	37
chr1	12744842	12744861	20	3	0	20	6	14	1	0	1	0	1	0	0	0	0	0	2	0	0	0	0	0	0	0	0	1	1	1	2	2	0	3	1	0	0	1	1	0
chr1	12744864	12752555	7692	3	0	7692	4633	3059	672	213	318	412	324	204	308	263	321	133	289	201	298	172	202	302	280	162	28	252	281	161	22	262	239	179	24	224	299	225	40	380
chr1	12752556	12755404	2849	3	0	2849	1812	1037	301	95	120	153	126	81	80	121	118	52	83	77	123	72	78	131	136	53	10	101	93	44	10	79	68	51	8	53	111	79	12	128
chr1	12755405	12756347	943	3	0	943	472	471	41	20	38	25	31	37	54	29	34	24	39	25	17	17	13	27	36	38	3	21	50	50	11	47	36	23	2	31	29	46	2	45
chr1	12756349	12756420	72	3	0	72	47	25	2	1	2	7	4	4	0	2	0	2	3	2	6	2	5	5	3	1	0	5	2	1	0	1	2	0	0	1	2	2	0	3
chr1	12756422	12757343	922	3	0	922	470	452	43	24	35	29	32	34	62	31	30	22	39	24	25	9	16	14	37	26	2	24	44	44	4	33	44	22	6	50	33	33	4	45
chr1	12757392	12761543	4152	3	0	4152	2050	2102	165	88	164	127	147	164	239	140	152	99	183	97	81	71	70	62	173	114	24	111	212	200	32	216	157	158	26	147	147	188	14	182
chr1	12761544	12762159	616	3	0	616	283	333	32	9	12	14	20	31	42	13	11	13	43	12	5	9	9	7	19	18	6	18	31	18	5	36	31	34	10	27	25	20	9	25
chr1	12762160	12762227	68	3	0	68	36	32	1	1	7	0	2	3	0	3	2	4	0	1	4	3	5	0	2	3	1	5	3	1	0	6	1	1	0	0	2	5	0	0
chr1	12762228	12762350	123	3	0	123	67	56	3	6	3	5	6	2	7	8	7	6	8	2	1	0	2	1	8	0	0	6	3	1	0	7	0	3	0	3	12	8	0	3
chr1	12762352	12762372	21	3	0	21	8	13	1	1	1	0	1	2	1	0	1	0	0	0	0	0	0	0	0	2	0	0	0	3	0	1	4	0	0	0	0	0	0	1
chr1	12762373	12762889	517	3	0	517	242	275	9	9	18	12	17	15	35	24	14	21	28	11	8	5	11	4	23	10	2	15	29	20	0	35	17	20	4	25	22	34	2	16
chr1	12762890	12765037	2148	3	0	2148	1134	1014	106	62	76	79	78	78	108	74	74	54	78	54	64	37	52	59	85	67	18	60	103	91	13	90	58	64	21	83	92	75	12	81
chr1	12765047	12765208	162	3	0	162	71	91	11	1	1	3	1	10	11	3	2	4	13	2	1	2	5	0	3	5	2	7	8	5	3	7	7	8	5	10	7	5	2	6
chr1	12765209	12769420	4212	3	0	4212	2479	1733	361	121	164	195	181	113	177	184	159	76	129	139	138	83	83	174	161	101	14	117	191	131	11	152	131	100	7	114	172	153	8	170
chr1	12769429	12769742	314	3	0	314	192	122	30	10	12	14	10	14	17	15	12	8	6	10	14	7	6	7	17	5	2	15	9	5	1	6	14	4	0	6	14	7	1	14
chr1	12769752	12772171	2420	3	0	2420	1117	1303	87	47	98	48	66	85	166	59	102	59	146	56	24	22	27	23	68	68	18	59	113	148	13	161	93	94	10	95	102	125	13	123
chr1	12772176	12772350	175	3	0	175	80	95	1	3	4	2	5	7	13	8	3	8	11	4	1	4	3	2	7	8	1	6	8	9	0	10	9	3	0	6	9	8	1	9
chr1	12772351	12780175	7825	3	0	7825	4123	3702	390	188	299	292	236	270	409	302	313	205	342	216	231	115	160	154	287	225	45	221	351	318	49	382	248	217	40	243	331	340	40	364
chr1	12780176	12780297	122	5	0	122	80	42	11	3	7	6	7	2	3	12	6	3	1	4	4	1	5	4	5	0	0	4	1	0	0	1	9	0	0	7	9	2	0	3
chr1	12780298	12780329	32	3	0	32	19	13	2	0	2	2	1	1	1	0	0	0	1	0	4	3	1	0	0	1	2	1	1	0	0	2	1	2	0	1	1	0	0	0
chr1	12780330	12780397	68	5	0	68	52	16	10	3	4	8	5	0	0	2	3	0	1	0	6	3	0	5	5	0	0	1	1	2	0	1	0	1	0	1	1	1	0	2
chr1	12780398	12780423	26	3	0	26	19	7	1	1	0	1	1	0	1	2	0	0	0	3	1	1	1	4	0	0	0	2	1	0	0	0	0	0	0	0	3	1	0	0
chr1	12780424	12780505	82	5	0	82	46	36	4	2	2	3	3	2	5	4	4	2	2	3	1	2	3	2	6	1	1	1	1	1	1	3	3	3	0	4	4	1	2	4
chr1	12780506	12780544	39	3	0	39	22	17	3	3	1	1	1	2	2	2	3	0	0	1	1	1	0	0	1	3	0	2	5	0	0	0	1	0	0	1	1	2	0	0
chr1	12780545	12780638	94	5	0	94	68	26	19	3	3	9	4	0	3	3	3	2	1	1	8	4	3	1	2	4	0	3	3	1	0	2	1	0	0	1	3	1	0	4
chr1	12780639	12780670	32	3	0	32	21	11	2	0	2	3	2	1	2	0	1	1	1	2	2	1	0	1	1	0	0	1	0	0	0	0	1	0	0	1	3	0	0	2
chr1	12780671	12781447	777	5	0	777	500	277	63	25	34	62	46	16	28	25	33	19	19	28	42	18	21	21	38	7	6	27	20	7	1	18	26	11	2	13	29	21	5	44
chr1	12781448	12781500	53	5	0	53	29	24	4	3	2	2	1	3	4	1	3	0	0	0	3	0	0	3	1	3	0	2	6	0	0	1	1	3	0	2	1	1	0	1
chr1	12781501	12785308	3808	3	0	3808	2174	1634	274	107	139	211	172	89	163	136	146	72	114	112	139	91	87	120	140	90	21	108	171	134	33	143	103	121	21	105	146	136	15	147
chr1	12785309	12785472	164	5	0	164	88	76	8	6	5	5	4	3	13	5	7	2	10	2	5	4	2	6	7	2	0	6	5	4	0	10	8	7	1	4	5	6	1	9
chr1	12785473	12785527	55	3	0	55	27	28	1	0	4	2	1	1	3	1	1	1	4	1	4	1	1	0	1	1	0	2	1	2	0	7	3	2	0	1	1	4	0	2
chr1	12785528	12785592	65	5	0	65	36	29	2	0	3	3	2	2	3	5	4	5	1	1	0	0	1	3	2	4	0	1	3	2	0	3	0	0	0	2	7	2	0	2
chr1	12785593	12785641	49	3	0	49	22	27	2	1	2	1	2	0	4	0	3	2	1	0	0	1	0	1	1	3	0	0	3	4	0	6	1	2	0	1	1	4	0	1
chr1	12785642	12785710	69	5	0	69	42	27	5	2	3	3	3	4	2	4	3	1	2	2	2	2	0	3	2	3	0	3	3	2	0	1	3	0	0	1	5	1	0	2
chr1	12785711	12785759	49	3	0	49	23	26	4	1	2	0	1	2	5	1	1	1	0	1	1	1	2	0	3	1	0	0	1	1	0	5	5	2	0	3	0	3	0	0
chr1	12785760	12785930	171	5	0	171	102	69	12	7	10	3	6	3	9	7	6	4	5	8	8	6	4	4	12	3	1	4	1	5	1	5	4	2	0	6	8	2	0	13
chr1	12785931	12785986	56	3	0	56	34	22	1	1	6	1	0	2	2	2	5	1	0	1	3	1	4	4	2	1	0	2	1	2	0	1	3	0	0	1	0	1	0	6
chr1	12785987	12786096	110	5	0	110	77	33	13	2	3	8	4	1	1	9	2	2	2	5	7	2	2	13	3	3	0	1	4	3	0	1	2	2	0	2	6	1	0	4
chr1	12786102	12786187	86	5	0	86	48	38	8	4	1	1	6	6	4	3	1	2	7	2	0	1	1	0	7	2	0	3	3	0	0	2	2	2	0	4	7	1	0	4
chr1	12786188	12786279	92	3	0	92	51	41	6	2	1	5	4	1	6	4	2	2	6	0	2	4	3	1	6	1	0	3	3	1	0	5	4	3	0	5	3	4	0	3
chr1	12786280	12786338	59	5	0	59	30	29	1	2	2	1	3	2	1	3	2	1	3	6	0	0	2	0	2	3	0	0	3	1	0	3	1	2	0	1	3	2	2	5
chr1	12786339	12786384	46	3	0	46	26	20	1	1	2	1	2	2	2	1	0	0	2	0	2	2	2	6	2	0	1	2	1	0	0	2	1	3	1	3	1	0	0	1
chr1	12786385	12786685	301	5	0	301	167	134	11	5	11	16	8	8	17	15	11	8	7	10	13	4	8	15	9	10	0	6	13	14	0	15	12	7	0	10	14	11	0	11
chr1	12786686	12786706	21	3	0	21	11	10	1	0	2	0	1	1	0	0	0	1	2	0	1	1	0	0	0	0	0	3	0	1	0	0	0	1	0	1	3	0	0	0
chr1	12786707	12786788	82	5	0	82	40	42	2	2	3	2	3	9	4	3	4	0	1	3	0	1	1	2	8	2	0	2	4	5	2	1	3	4	0	1	3	1	0	4
chr1	12786789	12786828	40	3	0	40	29	11	3	1	4	2	1	0	1	0	2	0	1	1	4	3	2	3	1	1	0	2	0	0	0	1	0	0	0	0	0	0	0	5
chr1	12786829	12786946	118	5	0	118	71	47	17	1	5	8	3	2	6	4	8	3	5	3	3	0	0	1	3	2	0	1	2	3	1	7	3	2	0	3	7	6	1	6
chr1	12786951	12787003	53	5	0	53	26	27	1	0	1	1	1	3	4	0	1	1	5	1	0	1	3	2	1	0	0	4	2	1	0	1	3	2	0	5	2	1	0	4
chr1	12787004	12787094	91	3	0	91	42	49	2	1	3	3	3	2	5	2	3	1	7	1	1	2	4	1	1	3	0	2	4	1	1	7	4	5	1	8	3	4	2	2
chr1	12787095	12787378	284	5	0	284	123	161	12	5	8	5	12	11	15	7	6	7	12	10	1	6	3	2	10	11	2	6	16	25	5	18	10	16	1	5	9	13	4	9
chr1	12787379	12787403	25	3	0	25	12	13	0	1	1	0	1	0	0	2	1	0	2	1	0	0	2	0	0	0	0	0	1	2	0	1	2	1	0	1	0	1	0	3
chr1	12787404	12787731	328	5	0	328	142	186	15	6	11	3	8	14	22	10	10	6	18	2	2	4	7	3	11	10	1	8	19	28	1	23	15	20	0	13	9	13	0	14
chr1	12787732	12787778	47	3	0	47	19	28	0	0	2	1	2	1	3	0	1	1	4	2	0	0	1	1	1	0	0	1	3	2	1	2	1	4	0	3	1	2	1	4
chr1	12787779	12787866	88	5	0	88	43	45	4	2	5	1	2	1	5	2	2	1	4	3	4	2	2	2	1	3	0	2	2	8	0	8	3	3	0	3	4	4	0	3
chr1	12787867	12788001	135	3	0	135	67	68	5	4	7	1	5	3	6	5	6	6	6	4	1	3	4	0	6	4	2	4	9	3	2	6	3	3	1	1	1	10	0	12
chr1	12788004	12788070	67	3	0	67	32	35	0	0	2	1	1	15	2	5	1	0	0	1	1	2	0	1	13	1	0	3	5	2	0	0	3	4	0	1	1	0	0	0
chr1	12788071	12788125	55	5	0	55	28	27	4	1	5	0	0	2	2	1	4	1	2	0	2	0	3	1	0	3	0	0	2	2	0	3	1	2	0	5	2	1	0	4
chr1	12788126	12788233	108	3	0	108	51	57	6	1	5	2	2	2	9	4	3	4	1	3	3	2	1	2	3	4	0	2	8	7	0	7	5	4	0	5	1	7	1	2
chr1	12788234	12788410	177	5	0	177	83	94	4	3	9	3	7	8	15	5	5	7	7	3	2	0	1	3	6	8	0	4	11	4	0	12	10	8	0	8	7	7	0	8
chr1	12788411	12788461	51	3	0	51	29	22	3	1	1	5	1	1	3	3	3	1	2	0	3	1	0	0	2	1	0	1	3	2	0	0	3	2	0	1	0	1	0	5
chr1	12788462	12788618	157	5	0	157	71	86	4	1	6	4	3	3	9	6	6	2	10	6	2	0	4	4	2	0	1	3	10	10	2	9	3	11	1	9	6	10	0	8
chr1	12788619	12788701	83	3	0	83	41	42	3	2	4	1	4	1	5	2	4	3	7	2	0	0	1	1	0	4	1	0	3	1	0	4	4	1	0	7	5	2	3	6
chr1	12788702	12788843	142	5	0	142	70	72	5	3	7	5	4	5	10	3	8	5	3	1	2	2	3	3	3	6	0	6	8	11	0	6	6	3	1	4	5	5	1	6
chr1	12788844	12788939	96	3	0	96	46	50	7	5	0	3	4	2	8	3	3	0	5	3	1	0	0	1	1	4	1	1	6	5	0	6	4	7	1	2	6	1	0	4
chr1	12788940	12789000	61	5	0	61	33	28	3	2	3	3	1	1	1	3	5	1	3	1	2	0	3	1	0	1	2	0	2	2	1	2	2	1	0	3	2	3	0	5
chr1	12789001	12789128	128	3	0	128	64	64	2	5	3	3	4	7	7	6	4	0	6	6	3	4	2	1	6	6	1	3	7	4	1	4	4	4	0	7	7	2	2	5
chr1	12789129	12789198	70	5	0	70	28	42	0	1	3	0	3	6	5	0	1	0	5	2	0	1	1	0	2	3	0	3	4	3	0	6	4	5	0	3	4	2	0	1
chr1	12789199	12789222	24	3	0	24	14	10	1	0	1	2	2	0	1	0	0	0	0	1	1	1	1	3	1	0	0	0	1	3	0	0	0	0	0	2	0	0	0	1
chr1	12789223	12789341	119	5	0	119	63	56	6	2	7	4	4	3	5	3	6	2	8	2	2	0	4	3	3	2	0	2	4	5	0	8	3	6	0	5	5	4	0	9
chr1	12789346	12789395	50	5	0	50	26	24	0	0	12	0	0	0	0	0	12	0	0	0	0	0	0	0	0	0	0	0	0	0	0	12	0	0	0	0	0	12	0	0
chr1	12789396	12789459	64	3	0	64	43	21	12	0	15	0	0	0	0	0	14	0	1	0	0	0	0	0	0	0	0	0	0	1	0	4	0	0	0	0	0	3	0	12
chr1	12789460	12789572	113	3	0	113	56	57	8	2	12	0	10	4	5	4	4	3	2	2	0	0	0	0	3	1	1	4	4	1	1	3	11	4	2	9	5	3	1	2
chr1	12789573	12790114	542	5	0	542	293	249	25	13	19	21	14	15	25	24	24	13	25	18	15	9	19	13	18	13	4	15	25	16	4	24	10	16	2	20	24	24	4	29
chr1	12790115	12790229	115	3	0	115	56	59	6	1	4	4	4	4	8	4	5	1	9	4	0	0	2	0	3	3	0	0	9	3	0	4	3	5	0	8	4	4	0	11
chr1	12790230	12790380	151	5	0	151	87	64	11	5	7	5	4	5	5	5	6	2	4	6	7	4	7	4	4	6	0	5	4	8	0	8	3	5	0	1	8	1	0	9
chr1	12790381	12790407	27	3	0	27	14	13	2	1	0	1	1	0	2	2	0	0	1	1	1	0	0	1	1	0	0	0	2	2	0	1	1	1	0	2	0	2	0	0
chr1	12790408	12790463	56	5	0	56	25	31	1	2	1	0	3	3	2	2	0	2	5	2	0	0	0	0	1	4	0	2	3	1	2	4	0	3	0	1	6	2	0	2
chr1	12790464	12790604	141	3	0	141	74	67	6	4	5	8	7	6	8	1	6	1	7	2	3	4	4	1	3	4	1	7	6	6	0	5	7	4	0	7	5	3	3	5
chr1	12790606	12790649	44	3	0	44	23	21	3	0	0	1	1	1	5	1	1	2	2	2	0	1	1	0	2	0	0	3	2	1	0	2	0	3	0	1	4	1	0	2
chr1	12790651	12791416	766	3	0	766	466	300	53	20	38	39	28	27	30	26	40	22	17	33	28	12	22	30	32	23	1	25	20	17	2	31	10	6	3	17	48	24	6	34
chr1	12791434	12795685	4252	3	0	4252	2273	1979	237	104	156	151	130	154	245	162	174	106	173	135	107	82	85	72	165	118	30	133	192	128	19	194	131	118	23	138	202	168	24	194
chr1	12795697	12799195	3499	3	0	3499	1687	1812	145	91	119	80	117	148	241	99	117	85	164	85	56	43	50	45	122	115	17	113	198	170	18	170	147	129	20	142	139	142	21	149
chr1	12799196	12799249	54	5	0	54	23	31	4	2	1	0	2	2	5	1	2	0	2	1	0	0	0	0	1	2	0	1	6	5	0	2	2	5	0	1	1	0	0	4
chr1	12799250	12799265	16	3	0	16	9	7	0	0	2	1	1	1	0	1	1	1	0	0	0	0	0	0	1	0	0	1	1	0	0	1	0	0	0	0	1	1	0	0
chr1	12799266	12799348	83	5	0	83	58	25	12	3	8	4	4	1	1	1	7	2	4	1	5	1	1	1	4	1	0	2	3	0	0	1	0	0	0	0	0	3	0	11
chr1	12799349	12799672	324	3	0	324	212	112	32	8	16	17	10	7	10	15	16	4	7	8	15	15	10	20	12	7	2	14	8	5	0	9	10	3	1	6	13	7	1	14
chr1	12799673	12799737	65	5	0	65	45	20	8	2	3	4	4	1	0	4	3	1	0	2	2	2	4	4	5	0	0	1	2	0	0	1	1	2	0	1	2	1	0	3
chr1	12799738	12800572	835	3	0	835	541	294	84	29	38	51	54	20	22	39	37	18	15	29	28	24	20	31	45	18	5	23	27	5	0	22	25	8	1	16	38	23	4	34
chr1	12800579	12800809	231	3	0	231	134	97	15	6	6	11	10	10	11	7	5	8	7	8	7	7	5	9	9	9	0	13	15	7	2	4	3	4	0	3	11	8	0	9
chr1	12800810	12800881	72	5	0	72	41	31	6	1	9	2	6	1	2	1	5	1	1	0	1	1	3	1	1	0	0	3	0	0	0	4	8	2	1	3	1	1	0	5
chr1	12800882	12800929	48	3	0	48	26	22	0	1	2	2	4	2	1	0	1	0	6	1	0	3	1	1	3	0	0	3	1	1	0	3	0	2	0	0	3	1	0	4
chr1	12800930	12800980	51	5	0	51	34	17	5	3	1	4	2	0	0	0	2	0	4	3	4	0	3	3	0	2	0	1	1	1	0	3	0	0	0	0	1	2	0	4
chr1	12800981	12801203	223	3	0	223	136	87	18	9	7	14	8	4	13	6	8	2	9	6	14	4	4	10	6	5	0	7	9	3	0	8	8	6	1	7	7	6	1	11
chr1	12801204	12801264	61	5	0	61	35	26	6	1	0	4	2	3	1	2	1	2	4	1	2	2	3	1	3	2	1	2	4	0	1	1	0	1	0	1	1	1	2	4
chr1	12801265	12801431	167	3	0	167	83	84	8	5	2	5	5	9	9	6	3	4	6	4	4	5	3	4	7	10	1	5	12	7	2	8	1	7	2	4	8	5	1	3
chr1	12801432	12801513	82	5	0	82	37	45	1	1	2	4	3	3	6	2	1	4	0	0	3	2	3	2	3	5	0	2	5	7	0	4	2	6	0	4	4	0	0	1
chr1	12801514	12801593	80	3	0	80	47	33	3	1	9	4	7	0	3	0	2	3	2	1	5	2	2	3	3	2	0	0	2	1	0	3	3	1	0	8	1	2	0	5
chr1	12801594	12801671	78	5	0	78	50	28	9	0	5	4	1	2	4	4	6	1	1	2	1	1	1	6	1	2	0	1	3	1	0	2	2	1	0	5	5	2	0	3
chr1	12801672	12801718	47	3	0	47	17	30	1	0	5	0	1	0	0	0	5	0	3	0	0	0	0	0	0	0	0	0	0	12	0	8	1	0	0	1	0	8	0	0
chr1	12801912	12801995	84	3	0	84	52	32	7	1	9	1	0	2	3	2	9	1	10	1	2	1	0	1	3	0	0	2	2	1	0	0	2	0	0	0	0	2	0	20
chr1	12801996	12802098	103	5	0	103	56	47	4	4	0	3	3	4	2	9	1	1	3	2	3	7	6	4	5	6	3	1	4	4	1	4	7	1	0	2	2	2	0	3
chr1	12802099	12802215	117	3	0	117	61	56	3	8	1	1	3	8	4	8	5	1	9	3	2	1	1	2	10	3	0	5	4	6	0	5	1	2	0	1	9	5	0	4
chr1	12802216	12802646	431	5	0	431	264	167	27	16	16	22	21	15	15	26	19	7	4	18	14	9	13	22	20	10	0	16	24	6	0	10	18	4	0	9	15	20	0	13
chr1	12802647	12802927	281	3	0	281	182	99	33	15	6	16	18	4	10	12	10	5	8	11	9	4	6	15	11	6	2	8	8	3	2	7	10	5	0	1	15	6	0	13
chr1	12802928	12803001	74	5	0	74	50	24	13	2	4	7	8	1	1	2	1	1	1	2	4	0	1	1	3	0	0	1	3	1	0	0	4	2	0	4	1	1	0	3
chr1	12803002	12803232	231	3	0	231	147	84	27	10	11	12	7	3	5	14	12	3	2	4	14	4	8	10	5	9	2	5	12	6	0	9	5	5	0	4	7	7	0	7
chr1	12803233	12803348	116	5	0	116	71	45	7	9	1	3	7	2	7	7	3	3	2	6	2	4	2	4	13	4	0	1	5	0	0	4	1	3	0	0	5	2	0	7
chr1	12803349	12803363	15	3	0	15	8	7	0	1	0	0	1	0	1	0	0	0	0	0	1	2	1	0	1	1	0	1	1	0	0	0	0	1	0	1	0	0	0	0
chr1	12803364	12803391	28	4	0	28	17	11	1	1	1	0	2	0	1	0	1	2	0	0	0	2	2	2	1	1	1	2	0	0	0	1	1	0	0	1	2	0	1	0
chr1	12803392	12803480	89	6	0	89	59	30	13	5	7	1	5	2	2	3	4	0	1	2	3	3	2	4	6	1	0	3	2	0	0	3	3	1	0	4	2	3	0	2
chr1	12803481	12803773	293	4	0	293	193	100	21	10	9	26	18	6	3	20	18	1	8	9	9	9	9	17	15	4	0	7	10	6	0	6	6	3	0	5	16	9	1	10
chr1	12803774	12803931	158	6	0	158	101	57	15	4	6	10	12	1	5	5	5	5	7	8	3	3	3	7	7	1	1	4	2	3	0	4	5	1	0	4	10	4	1	10
chr1	12803932	12804013	82	6	0	82	44	38	2	2	3	4	4	2	3	4	5	0	5	2	0	1	2	3	1	1	0	3	5	2	0	4	5	5	0	0	3	3	0	6
chr1	12804014	12804171	158	4	0	158	99	59	16	5	6	9	7	5	3	8	6	1	2	4	7	4	6	9	8	3	0	3	6	3	2	4	3	6	0	7	7	3	0	3
chr1	12804172	12804256	85	6	0	85	57	28	9	4	2	7	5	3	2	6	3	1	0	4	4	1	0	5	5	2	2	0	3	0	0	2	3	2	0	0	5	1	0	2
chr1	12804257	12804302	46	4	0	46	23	23	0	2	4	0	3	1	2	3	2	0	0	3	1	0	0	1	0	1	0	2	4	1	0	2	3	3	0	2	2	2	0	0
chr1	12804303	12804377	75	6	0	75	46	29	9	2	2	4	5	2	3	3	1	0	1	6	2	1	0	3	2	2	0	1	4	0	1	1	5	1	0	4	2	3	3	0
chr1	12804378	12809352	4975	4	0	4975	2774	2201	314	135	198	207	178	173	249	170	212	121	217	118	150	77	100	155	192	136	18	159	224	155	13	212	150	134	15	123	203	179	16	270
chr1	12809353	12811187	1835	4	0	1835	867	968	88	44	61	37	54	57	140	39	71	46	100	46	16	14	29	23	51	50	4	56	94	99	13	106	78	70	11	73	67	93	8	95
chr1	12811189	12811210	22	4	0	22	16	6	2	1	2	1	1	0	1	0	3	0	0	0	1	1	1	1	0	0	0	2	0	0	0	0	0	0	0	0	1	0	0	2
chr1	12811211	12811722	512	4	0	512	262	250	24	9	24	15	13	21	35	16	25	11	28	16	9	7	3	5	18	13	2	15	23	22	1	21	21	10	1	22	23	21	4	32
chr1	12811724	12812828	1105	4	0	1105	677	428	97	31	56	52	39	37	41	42	52	28	24	39	47	20	28	43	46	29	6	35	41	32	0	38	20	14	1	23	52	36	1	53
chr1	12812829	12815580	2752	4	0	2752	1663	1089	220	88	99	142	128	66	94	154	119	45	70	101	83	65	70	117	118	67	6	73	123	70	5	88	80	56	5	63	121	93	12	109
chr1	12815582	12815602	21	4	0	21	9	12	0	0	1	0	1	0	2	0	0	0	3	0	0	2	0	0	1	1	0	0	0	0	0	3	0	0	0	2	0	2	0	1
chr1	12815604	12816074	471	4	0	471	304	167	47	12	21	31	22	7	14	14	27	10	13	21	15	4	22	22	12	10	1	10	13	6	1	13	13	3	0	14	19	14	4	34
chr1	12816355	12816398	44	4	0	44	32	12	5	3	2	4	4	1	0	1	2	1	0	3	2	0	2	0	3	1	0	1	0	0	0	1	0	0	0	0	3	0	0	3
chr1	12816399	12816452	54	6	0	54	32	22	5	0	3	3	1	4	2	1	2	0	2	0	2	1	3	2	3	0	0	2	1	2	0	1	4	1	0	3	0	1	0	3
chr1	12816453	12816467	15	4	0	15	8	7	0	0	0	1	0	1	1	1	1	1	0	1	0	0	0	0	2	0	0	0	1	1	0	0	0	0	0	0	0	1	0	1
chr1	12816468	12816827	360	6	0	360	226	134	27	17	10	17	12	10	10	29	16	7	9	4	17	14	8	17	22	12	6	8	11	3	1	11	11	3	1	9	17	8	2	9
chr1	12816828	12816880	53	4	0	53	29	24	5	3	1	0	3	4	1	3	1	0	3	1	0	1	1	2	4	2	0	1	2	1	0	1	3	0	1	2	2	1	1	1
chr1	12816881	12816971	91	6	0	91	53	38	3	6	2	3	4	8	4	4	6	1	4	3	2	0	2	0	9	0	0	6	2	1	0	3	2	0	0	0	7	4	0	3
chr1	12816972	12817028	57	4	0	57	35	22	4	3	2	3	3	1	4	1	2	1	5	0	3	1	0	2	4	0	0	2	0	0	0	2	2	0	0	2	2	1	0	5
chr1	12817029	12817160	132	6	0	132	78	54	5	4	4	10	8	6	6	3	8	3	4	3	2	2	4	6	7	3	0	5	6	0	1	1	4	1	3	4	6	4	0	7
chr1	12817161	12817203	43	4	0	43	30	13	2	2	2	1	3	1	1	2	1	2	1	2	3	1	1	3	5	0	0	1	0	0	0	1	0	0	0	0	2	1	0	3
chr1	12817204	12817349	146	6	0	146	86	60	3	4	8	7	8	6	3	3	4	6	6	3	7	2	7	8	7	4	0	6	5	6	0	4	4	0	0	4	4	5	0	10
chr1	12817351	12817421	71	6	0	71	46	25	9	3	6	1	4	0	1	4	1	2	1	6	5	2	0	1	4	2	0	1	3	1	0	2	0	2	0	0	2	1	0	5
chr1	12817424	12819604	2181	4	0	2181	1192	989	143	64	97	88	98	53	116	74	105	47	88	55	46	34	43	39	70	52	11	65	99	65	9	97	82	67	5	72	91	86	7	111
chr1	12819619	12820275	657	4	0	657	375	282	31	19	19	33	28	26	27	33	24	17	20	21	19	18	16	23	26	19	9	26	32	15	3	17	21	11	1	19	35	22	5	20
chr1	12820292	12822308	2017	4	0	2017	1119	898	133	49	57	97	65	79	93	74	69	47	80	59	69	33	50	64	68	60	19	61	86	56	13	85	66	61	10	57	91	64	22	78
chr1	12822310	12822347	38	4	0	38	31	7	9	1	1	4	1	0	0	2	0	0	1	1	5	0	0	5	1	0	0	0	1	0	0	0	0	1	0	0	1	0	0	2
chr1	12822349	12822492	144	4	0	144	62	82	3	5	0	4	6	7	10	1	2	2	10	2	1	3	4	1	3	5	4	5	8	3	2	7	8	8	3	9	5	5	3	3
chr1	12822493	12823291	799	4	0	799	426	373	37	16	29	27	26	25	42	41	29	12	34	37	18	15	14	23	24	22	2	20	35	33	4	38	32	24	0	26	43	31	4	34
chr1	12823292	12823444	153	6	0	153	102	51	20	5	6	7	3	3	5	8	3	3	4	5	12	7	5	6	9	1	0	6	4	3	0	3	1	3	0	4	5	3	0	7
chr1	12823445	12823496	52	4	0	52	27	25	1	3	5	2	4	0	3	1	3	1	0	1	2	0	0	0	1	2	0	1	2	4	0	3	2	1	0	3	3	1	0	1
chr1	12823497	12823550	54	6	0	54	25	29	0	0	1	2	1	1	5	2	1	2	2	1	1	1	1	3	3	0	0	1	4	4	0	2	3	2	0	3	0	4	0	2
chr1	12823551	12823561	11	4	0	11	4	7	0	0	1	0	0	0	0	0	1	1	1	0	0	0	0	0	0	0	0	0	0	1	1	0	0	0	0	0	0	1	0	2
chr1	12823562	12823654	93	6	0	93	41	52	0	1	5	0	2	6	7	4	3	3	5	2	1	0	1	0	4	2	0	4	7	3	0	4	5	3	0	6	4	5	0	4
chr1	12823661	12823710	50	6	0	50	25	25	2	1	4	1	1	5	2	0	4	1	2	1	0	0	0	0	2	1	2	1	2	0	1	1	1	1	1	3	3	2	0	3
chr1	12823711	12823720	10	4	0	10	3	7	0	0	1	0	1	0	1	0	0	0	0	0	0	0	0	0	0	0	0	0	1	1	0	0	1	1	0	1	0	0	0	0
chr1	12823721	12823850	130	6	0	130	68	62	3	8	7	2	4	9	6	2	6	3	3	1	6	1	4	1	9	5	1	6	11	1	0	6	0	6	1	3	2	6	0	5
chr1	12823851	12823949	99	4	0	99	45	54	3	2	4	2	4	1	7	1	4	1	6	3	0	2	2	2	3	0	0	3	4	4	0	9	3	7	2	4	3	6	1	4
chr1	12823950	12824051	102	4	0	102	51	51	7	1	3	2	3	6	7	0	3	1	5	3	0	3	4	1	4	4	0	3	5	2	0	7	2	3	1	8	5	5	1	1
chr1	12824052	12824102	51	6	0	51	26	25	1	0	1	1	1	4	4	1	0	2	3	1	1	2	1	1	3	2	0	3	1	0	0	4	3	2	0	1	4	1	0	1
chr1	12824114	12824222	109	4	0	109	55	54	11	4	4	1	7	7	7	0	1	3	3	1	1	3	2	0	6	5	1	5	6	3	0	6	2	5	1	4	6	1	0	1
chr1	12824223	12824281	59	6	0	59	33	26	3	3	0	2	2	3	2	4	1	1	2	0	2	2	4	2	5	2	0	2	3	2	0	2	1	1	0	2	1	1	0	2
chr1	12824282	12824337	56	4	0	56	29	27	2	1	2	3	2	1	3	3	1	0	3	2	3	2	1	0	1	0	0	1	2	2	0	3	4	2	0	4	2	3	0	1
chr1	12824338	12824390	53	6	0	53	24	29	1	2	0	1	2	3	4	2	0	1	4	1	1	0	1	0	0	3	0	3	5	1	0	2	5	1	0	2	2	2	0	2
chr1	12824391	12824445	55	4	0	55	29	26	5	2	2	2	2	1	3	1	3	2	4	0	1	0	0	1	2	0	0	3	3	2	0	2	0	2	1	0	2	2	1	4
chr1	12824446	12824725	280	6	0	280	177	103	23	11	11	21	13	3	14	11	16	4	9	9	15	5	3	7	9	4	0	10	10	4	0	9	8	6	0	4	14	9	2	14
chr1	12824726	12824839	114	4	0	114	57	57	6	3	6	3	5	3	6	6	7	2	2	4	0	2	1	1	5	1	0	3	7	9	0	5	3	3	0	4	5	8	0	2
chr1	12824840	12824985	146	6	0	146	81	65	9	5	5	4	5	2	8	7	5	5	2	5	4	4	6	4	6	7	1	3	6	3	0	10	5	3	1	3	5	6	0	5
chr1	12824986	12825053	68	4	0	68	32	36	1	2	5	0	3	3	4	2	2	2	2	2	2	2	0	0	3	2	0	4	3	3	0	4	3	4	1	0	3	1	0	3
chr1	12825054	12825118	65	6	0	65	35	30	2	1	0	3	2	1	6	3	1	0	5	3	2	2	1	1	0	2	0	2	3	1	0	1	4	1	0	7	5	1	0	3
chr1	12825119	12825146	28	4	0	28	10	18	0	0	0	0	0	0	4	0	1	0	1	1	0	1	0	1	1	0	0	0	1	2	1	3	2	1	1	2	0	3	0	0
chr1	12825147	12825594	448	6	0	448	227	221	14	10	18	14	17	17	26	15	14	14	22	14	11	6	8	7	11	15	2	19	25	17	2	18	15	13	2	16	23	18	2	21
chr1	12825595	12825693	99	4	0	99	51	48	4	1	5	4	5	5	1	7	4	3	3	6	1	0	1	0	3	3	0	3	6	1	4	3	2	4	0	2	7	5	2	2
chr1	12825694	12825793	100	6	0	100	45	55	2	3	2	2	3	4	9	2	2	2	6	4	2	2	0	0	3	3	0	5	7	4	2	5	2	4	0	4	6	5	0	3
chr1	12825794	12825825	32	4	0	32	22	10	8	1	0	2	2	0	0	0	0	1	2	1	1	1	2	0	0	1	1	1	1	0	0	1	0	0	0	0	0	1	1	2
chr1	12825826	12825959	134	6	0	134	58	76	0	2	4	3	4	8	11	2	5	1	7	3	0	3	4	0	4	6	0	4	9	4	1	7	7	6	2	9	5	5	1	5
chr1	12825960	12825971	12	4	0	12	9	3	0	0	0	1	0	0	0	0	0	0	1	1	0	1	1	2	0	0	0	1	0	0	0	0	0	0	0	0	1	0	0	1
chr1	12825972	12826018	47	4	0	47	35	12	16	0	1	4	0	0	2	2	3	1	2	0	1	0	0	1	0	0	0	1	1	0	0	2	0	1	0	1	3	2	0	1
chr1	12826019	12826109	91	6	0	91	49	42	5	2	3	3	1	3	5	5	6	1	2	6	2	0	2	2	3	2	0	1	4	4	0	6	1	3	0	2	6	6	0	3
chr1	12826110	12826129	20	4	0	20	9	11	0	0	1	0	0	1	2	1	1	0	1	1	0	0	0	0	1	0	0	1	2	1	0	0	0	1	0	1	0	1	0	2
chr1	12826130	12826176	47	6	0	47	22	25	2	2	1	0	2	0	6	2	0	2	0	3	1	0	0	1	3	1	0	0	2	2	0	4	3	1	0	2	1	3	0	1
chr1	12826177	12826364	188	4	0	188	106	82	11	4	4	11	4	6	11	11	9	3	5	9	6	5	4	3	8	6	1	2	5	6	0	10	6	4	1	5	13	6	0	7
chr1	12826365	12826528	164	6	0	164	86	78	9	3	9	5	5	9	8	5	7	2	5	5	4	2	3	3	6	2	1	7	8	9	0	4	7	5	2	8	7	5	1	6
chr1	12826529	12826722	194	4	0	194	97	97	10	5	3	8	5	9	14	2	6	2	9	6	6	4	2	4	5	11	1	3	12	6	0	14	4	9	3	6	9	6	2	6
chr1	12826724	12826772	49	4	0	49	31	18	9	0	1	1	1	2	2	2	2	0	2	5	0	1	1	0	0	1	0	2	2	1	0	1	2	0	0	0	4	2	0	3
chr1	12826774	12826955	182	4	0	182	105	77	12	6	8	6	7	2	8	6	3	5	7	7	11	3	7	5	7	2	1	6	5	7	0	9	4	7	1	6	8	5	0	9
chr1	12826956	12827034	79	6	0	79	37	42	1	1	3	2	0	2	5	2	6	0	4	2	0	1	7	0	0	2	0	2	2	5	0	6	3	3	0	6	4	3	0	5
chr1	12827035	12827238	204	4	0	204	99	105	2	5	2	4	4	9	15	11	5	7	9	6	2	4	8	5	12	4	0	8	8	10	1	10	9	7	1	7	10	8	0	9
chr1	12827239	12827426	188	6	0	188	91	97	6	7	9	2	3	5	12	4	13	2	16	3	2	2	1	3	4	5	3	4	9	5	0	10	4	3	3	12	8	10	4	12
chr1	12827427	12827469	43	4	0	43	20	23	1	1	0	0	0	2	4	2	0	1	0	1	1	3	0	2	2	2	0	3	4	4	0	2	1	3	0	0	1	1	0	0
chr1	12827470	12827593	124	6	0	124	70	54	7	1	6	8	4	6	7	3	9	1	1	4	2	4	3	3	4	4	0	4	5	2	1	6	6	1	1	4	5	6	0	4
chr1	12827594	12827668	75	4	0	75	38	37	1	2	4	1	3	1	4	2	4	2	6	1	0	2	2	2	2	3	0	2	3	1	0	6	2	2	0	2	4	4	0	5
chr1	12827669	12827689	21	6	0	21	9	12	0	1	1	0	1	1	2	0	0	1	0	0	0	0	0	0	2	0	1	1	0	1	1	1	1	2	0	1	1	0	0	0
chr1	12827691	12827719	29	6	0	29	13	16	0	0	1	0	1	1	3	1	0	2	2	1	0	0	0	0	1	1	0	2	2	0	0	2	2	0	0	0	1	3	0	1
chr1	12827721	12827817	97	6	0	97	51	46	4	3	5	2	5	3	5	6	5	2	3	3	1	1	1	1	4	3	0	2	8	2	0	3	3	3	0	4	3	5	0	5
chr1	12827818	12827837	20	4	0	20	10	10	1	1	1	0	0	1	1	1	1	0	1	1	0	0	0	0	1	0	0	1	2	1	0	1	0	0	0	0	0	2	0	1
chr1	12827838	12827897	60	6	0	60	39	21	5	3	2	4	0	2	3	2	4	1	5	1	4	0	1	1	1	1	0	4	1	0	0	2	0	0	0	0	4	2	0	5
chr1	12827898	12827993	96	4	0	96	48	48	9	3	4	1	4	3	4	2	4	1	7	2	0	1	2	1	4	2	0	2	3	8	0	7	2	0	0	4	2	8	0	4
chr1	12827994	12828020	27	4	0	27	18	9	8	0	2	0	2	0	0	0	1	2	2	0	0	0	0	0	0	1	0	1	1	0	0	1	0	0	0	0	1	1	0	2
chr1	12828021	12828156	136	6	0	136	65	71	3	4	3	5	4	9	7	4	5	2	6	3	2	2	4	0	5	8	0	4	7	6	2	7	6	4	1	5	7	4	1	4
chr1	12828165	12828324	160	6	0	160	74	86	4	7	3	4	6	6	7	7	4	2	11	1	4	4	3	0	5	7	1	6	12	7	3	9	3	11	0	4	6	6	0	5
chr1	12828325	12828337	13	4	0	13	6	7	0	0	1	0	1	0	0	1	0	1	0	0	0	0	0	1	0	1	0	0	1	0	0	1	1	1	0	0	0	1	0	0
chr1	12828338	12828684	347	6	0	347	134	213	4	5	16	1	6	18	24	10	14	6	19	6	2	1	0	1	7	14	2	7	26	24	3	29	10	26	3	17	16	18	4	6
chr1	12828685	12828741	57	4	0	57	17	40	0	0	2	0	2	2	4	0	0	2	5	0	0	0	0	0	0	2	2	0	5	3	2	5	2	5	0	5	1	5	0	1
chr1	12828743	12828770	28	4	0	28	10	18	0	0	1	0	1	1	2	0	1	1	2	0	0	0	0	0	0	1	0	1	3	2	1	1	1	0	1	2	0	3	0	1
chr1	12828771	12828873	103	6	0	103	52	51	5	2	5	2	3	1	5	8	6	1	7	6	0	0	0	0	1	1	0	2	4	3	2	4	6	4	0	2	6	6	0	9
chr1	12828874	12828911	38	4	0	38	17	21	2	1	1	1	2	2	4	1	1	1	1	0	0	0	0	0	1	1	0	2	3	1	0	1	2	3	0	2	2	0	0	1
chr1	12828912	12828980	69	6	0	69	36	33	1	1	1	4	1	1	7	3	2	0	5	1	3	4	1	0	1	0	0	5	4	0	0	2	5	4	0	3	3	1	0	4
chr1	12828982	12829021	40	6	0	40	15	25	0	0	2	0	0	3	2	2	2	1	3	0	0	0	0	0	0	1	1	1	2	1	1	2	2	2	1	3	2	2	1	1
chr1	12829023	12829122	100	4	0	100	54	46	3	2	4	6	1	6	3	2	6	1	4	2	4	2	4	2	1	3	0	7	6	6	0	6	1	1	0	2	4	8	0	1
chr1	12829123	12829172	50	6	0	50	27	23	2	2	2	2	2	3	0	4	2	1	1	0	1	1	2	0	5	1	0	1	3	3	0	2	1	2	0	1	1	2	0	1
chr1	12829173	12829186	14	4	0	14	10	4	1	1	0	1	0	0	1	0	2	0	0	0	1	0	1	0	0	0	0	1	0	0	0	1	0	0	0	0	1	1	0	0
chr1	12829187	12829279	93	6	0	93	60	33	9	5	7	5	4	0	1	5	8	0	3	1	4	0	3	3	4	1	0	0	2	4	0	2	2	1	0	5	2	2	0	8
chr1	12829280	12829311	32	4	0	32	17	15	5	0	3	0	0	0	0	0	4	0	4	0	0	0	0	0	0	0	0	0	0	3	0	3	0	0	0	0	0	4	0	4
chr1	12829316	12829328	13	4	0	13	9	4	2	0	2	0	0	0	0	0	3	0	0	0	0	0	0	0	0	0	0	0	0	0	0	1	0	0	0	0	0	1	0	2
chr1	12829329	12829417	89	6	0	89	46	43	4	0	8	1	1	1	1	1	8	1	19	0	0	0	0	0	1	0	0	1	0	4	0	6	1	1	0	0	2	4	0	22
chr1	12829418	12829435	18	4	0	18	9	9	1	0	2	0	1	0	2	0	1	2	0	0	0	0	0	0	1	1	0	0	0	1	0	1	0	0	0	0	1	0	0	2
chr1	12829436	12829523	88	6	0	88	37	51	1	0	3	1	2	5	8	0	2	2	8	3	0	1	1	0	2	3	0	3	5	3	0	7	2	3	0	7	6	6	0	2
chr1	12829524	12829572	49	4	0	49	25	24	1	1	2	0	1	4	3	3	0	1	1	2	1	1	1	1	2	3	0	2	4	2	0	0	2	0	0	4	3	1	0	1
chr1	12829573	12829675	103	6	0	103	60	43	9	3	6	3	9	1	2	2	2	5	4	2	1	2	4	3	5	2	0	4	5	3	0	3	1	2	1	4	3	4	1	5
chr1	12829676	12829763	88	4	0	88	44	44	3	0	1	5	2	5	4	2	2	2	5	2	3	1	3	3	2	2	0	3	4	3	2	4	2	4	2	4	5	4	0	2
chr1	12829764	12829852	89	6	0	89	41	48	0	2	2	1	2	4	7	1	3	1	7	2	1	2	2	2	1	3	0	5	5	3	0	8	3	3	0	4	5	7	0	1
chr1	12829853	12829868	16	6	0	16	10	6	0	1	0	1	1	0	0	0	1	0	0	1	0	0	3	1	0	0	0	0	0	0	0	1	0	1	0	1	1	0	0	1
chr1	12829869	12829975	107	4	0	107	73	34	4	2	3	13	2	0	5	1	6	2	6	8	10	2	4	4	2	1	0	3	2	1	0	1	0	0	0	2	4	2	2	13
chr1	12829976	12830090	115	6	0	115	70	45	9	2	5	5	3	6	3	6	6	4	4	5	3	1	3	3	5	1	0	7	3	3	0	6	0	0	0	0	10	8	0	2
chr1	12830091	12830174	84	4	0	84	50	34	6	4	8	1	5	0	2	2	7	1	2	4	1	1	2	3	2	2	0	2	2	3	0	6	0	2	0	0	4	4	0	6
chr1	12830175	12830246	72	6	0	72	51	21	12	4	2	4	3	1	4	1	3	3	2	2	4	0	1	3	5	0	0	3	0	1	0	1	0	0	0	0	5	1	0	5
chr1	12830247	12830356	110	4	0	110	61	49	5	1	4	4	3	7	3	3	5	1	4	7	1	2	5	6	2	4	1	3	5	1	1	4	2	4	1	3	7	2	1	6
chr1	12830357	12830493	137	6	0	137	68	69	4	2	5	7	5	6	5	8	5	2	6	3	4	3	2	0	5	4	2	2	9	6	1	5	5	6	0	7	5	6	1	4
chr1	12830494	12830613	120	4	0	120	66	54	15	2	4	3	8	3	7	3	1	3	7	5	0	3	0	1	5	3	0	3	6	2	0	6	4	4	0	4	6	4	0	6
chr1	12830614	12830668	55	6	0	55	26	29	1	0	1	2	2	4	3	3	1	1	2	2	0	1	2	1	2	2	0	2	5	3	0	0	2	1	0	4	2	2	0	2
chr1	12830669	12830717	49	4	0	49	30	19	11	0	2	2	1	2	0	2	0	0	2	0	3	1	2	0	0	2	0	1	3	0	1	1	2	3	0	3	1	0	1	1
chr1	12830718	12830788	71	6	0	71	32	39	1	1	3	1	3	6	5	0	1	2	3	3	1	1	0	0	3	3	0	3	4	2	0	5	2	3	0	3	5	3	2	0
chr1	12830789	12830999	211	4	0	211	103	108	9	7	3	5	7	11	12	11	5	5	13	5	3	3	3	1	6	11	0	9	13	8	2	8	10	6	1	5	11	6	1	9
chr1	12831001	12831154	154	4	0	154	85	69	21	7	5	5	10	4	4	7	4	3	7	2	2	1	1	0	6	4	2	3	7	10	0	8	3	6	0	3	9	5	0	3
chr1	12831155	12831227	73	6	0	73	50	23	13	3	5	5	6	1	2	2	5	1	1	2	2	0	1	1	2	1	0	2	1	0	0	1	3	0	0	3	4	1	0	3
chr1	12831228	12831243	16	4	0	16	12	4	1	1	0	2	1	0	0	2	1	0	1	0	0	0	0	2	1	0	0	0	0	0	0	0	0	0	0	0	2	0	0	0
chr1	12831244	12831455	212	6	0	212	111	101	10	2	11	2	3	7	17	4	7	13	7	7	4	5	8	3	8	8	1	10	10	4	0	11	5	3	0	6	8	10	1	15
chr1	12831456	12831504	49	4	0	49	28	21	3	2	2	3	2	3	0	2	2	1	1	1	2	0	1	1	1	2	2	1	3	3	0	2	1	1	0	0	2	2	0	1
chr1	12831505	12831620	116	6	0	116	68	48	7	2	3	9	8	2	6	3	2	1	4	10	4	0	2	4	1	1	0	3	7	3	0	1	6	1	0	7	6	7	0	4
chr1	12831621	12831638	18	4	0	18	13	5	0	1	0	0	0	1	0	2	1	0	0	2	0	0	1	4	1	0	0	0	0	0	0	0	0	0	0	0	2	0	0	1
chr1	12831639	12831729	91	6	0	91	53	38	1	2	5	6	4	5	2	3	8	2	2	1	1	2	3	4	3	4	1	3	2	4	0	4	1	1	0	2	8	1	1	3
chr1	12831730	12831832	103	4	0	103	54	49	7	2	5	2	5	4	6	1	4	5	3	3	1	3	2	0	5	6	1	2	3	4	0	7	1	1	0	3	7	3	1	4
chr1	12831833	12832028	196	6	0	196	106	90	16	4	2	13	9	6	14	8	8	3	9	3	2	3	2	2	5	5	0	6	11	6	0	8	11	8	0	7	11	6	0	6
chr1	12832029	12832149	121	4	0	121	77	44	10	5	3	6	3	5	5	5	5	4	2	5	6	3	5	4	8	0	2	7	1	1	1	3	2	2	0	0	7	3	1	5
chr1	12832150	12832220	71	6	0	71	50	21	15	1	5	2	2	1	1	3	1	1	2	4	5	1	1	5	2	0	0	2	2	0	0	1	1	2	0	3	2	1	0	3
chr1	12832221	12832495	275	4	0	275	162	113	21	9	14	15	10	9	9	7	15	2	15	7	13	5	5	5	8	9	4	4	8	5	0	14	6	5	1	8	13	7	3	17
chr1	12832497	12832506	10	6	0	10	4	6	0	1	0	0	0	0	1	0	1	0	1	0	0	0	0	0	0	1	0	0	1	0	0	1	0	0	0	0	0	1	0	0
chr1	12832508	12832587	80	6	0	80	45	35	2	5	3	3	3	0	6	1	3	2	0	3	4	2	3	3	3	2	1	3	3	3	0	4	4	2	0	2	1	3	1	3
chr1	12832588	12832681	94	4	0	94	57	37	8	3	3	5	2	1	9	6	6	1	1	5	3	1	0	2	3	1	0	2	2	1	0	2	5	3	0	4	8	0	0	5
chr1	12832682	12833253	572	6	0	572	327	245	32	20	30	25	29	13	22	20	24	9	22	18	22	12	11	17	14	19	0	20	21	18	3	26	24	6	2	18	26	25	1	21
chr1	12833254	12833309	56	4	0	56	39	17	9	2	3	2	2	1	2	1	2	2	2	0	3	2	1	4	3	1	0	2	2	0	0	0	1	1	0	0	0	0	0	6
chr1	12833311	12833347	37	4	0	37	21	16	1	2	2	0	1	0	1	4	2	2	1	1	1	1	1	1	2	2	0	1	2	1	0	1	0	0	0	0	1	1	0	3
chr1	12833349	12833529	181	4	0	181	97	84	10	3	8	8	7	7	11	8	6	6	4	7	4	3	0	3	7	8	0	4	9	7	0	10	8	4	0	4	9	7	2	5
chr1	12833530	12833624	95	6	0	95	54	41	2	3	6	2	4	6	4	6	6	1	4	5	0	2	1	1	2	1	0	8	2	1	0	2	3	2	0	3	13	1	0	2
chr1	12833625	12833699	75	4	0	75	49	26	5	3	4	4	6	1	2	3	2	2	1	3	4	2	1	4	5	2	1	0	2	0	0	2	3	1	0	2	2	1	1	4
chr1	12833700	12833748	49	6	0	49	34	15	11	4	1	2	6	0	0	1	2	1	2	0	0	0	1	1	3	0	0	2	2	1	0	1	0	0	0	0	2	3	0	1
chr1	12833750	12833778	29	6	0	29	20	9	6	1	2	1	3	0	1	0	1	2	0	0	1	0	0	1	2	1	0	0	0	0	0	2	0	0	0	0	2	0	0	1
chr1	12833779	12833803	25	4	0	25	19	6	5	1	0	3	1	0	0	0	0	0	1	1	3	0	1	2	0	0	0	0	0	0	0	2	0	0	0	0	1	2	0	0
chr1	12833805	12833864	60	4	0	60	36	24	14	0	1	2	2	1	2	2	2	1	4	1	0	0	1	1	0	0	0	2	4	3	0	2	1	2	0	1	2	4	0	3
chr1	12833866	12833910	45	4	0	45	17	28	0	0	1	1	0	5	3	2	1	0	1	1	1	1	0	0	2	3	0	1	4	2	2	1	2	4	0	2	2	1	0	0
chr1	12833912	12834071	160	4	0	160	84	76	12	3	3	5	7	5	5	7	2	4	8	4	2	5	9	2	3	7	1	5	9	3	0	7	6	7	1	8	6	2	4	6
chr1	12834072	12834155	84	6	0	84	42	42	4	4	2	1	6	4	6	0	1	4	7	1	0	0	0	0	4	3	0	5	4	0	0	4	4	1	1	2	5	4	1	4
chr1	12834156	12834165	10	4	0	10	6	4	1	2	0	0	1	1	0	0	0	0	0	0	0	0	0	0	2	0	1	0	0	0	0	0	0	0	0	0	0	0	0	0
chr1	12834166	12834379	214	6	0	214	142	72	25	7	9	14	10	7	6	11	14	1	3	9	5	3	6	10	12	2	0	4	7	1	0	5	6	4	0	4	10	6	0	11
chr1	12834383	12834398	16	4	0	16	8	8	0	0	1	0	0	1	0	1	1	1	1	0	0	1	0	1	0	1	0	0	2	0	0	0	0	0	0	0	0	1	0	2
chr1	12834399	12834581	183	6	0	183	124	59	21	5	6	16	13	5	3	9	6	4	7	5	8	5	3	8	10	3	0	6	5	0	0	4	5	1	0	2	9	5	0	7
chr1	12834587	12834799	213	6	0	213	107	106	12	4	5	8	4	9	11	6	6	8	7	4	7	4	9	2	5	9	3	7	8	5	5	12	10	9	0	7	7	7	4	7
chr1	12834800	12834874	75	4	0	75	36	39	4	0	2	4	2	3	4	3	1	1	3	3	3	3	0	0	2	3	0	1	5	2	1	5	2	6	0	2	3	2	2	1
chr1	12834875	12834980	106	6	0	106	89	17	22	2	5	16	5	0	0	4	3	0	1	1	15	2	1	10	2	0	0	2	0	0	0	1	4	1	0	1	3	0	0	3
chr1	12834981	12835157	177	4	0	177	94	83	10	7	3	6	5	9	12	2	8	2	12	3	3	5	5	1	8	5	0	10	8	1	1	6	6	5	1	6	6	6	2	11
chr1	12835158	12835237	80	6	0	80	34	46	1	2	1	1	1	5	8	2	2	2	4	2	1	1	0	0	3	5	0	2	5	2	1	6	4	5	0	2	4	2	1	3
chr1	12835238	12835255	18	4	0	18	9	9	0	2	0	0	0	2	1	0	1	0	0	0	1	0	1	0	0	1	0	2	1	0	0	1	1	1	0	0	1	0	0	0
chr1	12835256	12835461	206	6	0	206	121	85	13	9	15	4	7	3	5	9	14	2	10	5	7	6	7	4	3	8	1	8	4	4	0	11	4	2	1	7	14	6	0	11
chr1	12835462	12836084	623	4	0	623	354	269	41	19	17	35	22	17	31	25	25	9	29	16	24	11	13	20	19	19	1	17	36	17	1	25	16	14	0	24	24	28	2	24
chr1	12836085	12838591	2507	4	0	2507	1404	1103	210	76	73	111	82	76	116	86	93	48	89	66	84	57	61	74	93	65	18	81	116	75	30	101	62	81	19	66	89	101	15	91
chr1	12838593	12838618	26	4	0	26	11	15	0	1	1	0	1	0	2	2	0	1	1	0	1	0	1	0	1	0	0	1	1	0	0	2	1	3	0	2	1	1	0	0
chr1	12838620	12838800	181	4	0	181	78	103	4	3	6	2	3	6	15	4	7	8	11	2	1	2	3	0	4	6	3	6	8	11	1	11	8	6	1	8	8	8	3	10
chr1	12838802	12838819	18	4	0	18	8	10	0	0	2	0	2	0	0	0	0	0	2	1	0	0	0	0	0	0	0	0	1	2	0	1	0	1	0	1	1	1	0	1
chr1	12838821	12839156	336	4	0	336	173	163	7	11	13	10	12	14	16	14	10	7	11	10	12	11	9	6	12	16	1	14	17	19	1	14	11	7	1	10	16	10	1	11
chr1	12839158	12839203	46	4	0	46	21	25	0	0	2	1	1	1	5	2	2	1	2	3	0	0	0	0	0	1	0	1	0	2	0	3	5	2	0	3	5	0	0	2
chr1	12839205	12854937	15733	4	0	15733	8877	6856	1077	437	597	665	612	502	734	581	597	339	603	492	490	315	356	479	560	440	73	520	678	417	86	671	463	398	55	464	728	597	70	635
chr1	12854938	12856737	1800	4	0	1800	949	851	100	49	67	61	76	71	88	62	64	30	83	61	38	26	40	32	60	58	7	51	88	55	11	80	59	68	8	67	90	52	16	80
chr1	12856738	12866791	10054	4	0	10054	5384	4670	575	259	380	367	371	387	547	331	393	224	408	291	243	190	200	217	378	295	61	326	464	350	52	428	339	277	46	338	455	372	45	443
chr1	12866804	12867506	703	4	0	703	377	326	38	15	27	33	23	23	32	20	23	15	30	12	28	11	15	30	23	20	5	16	32	29	6	33	22	24	8	28	21	27	5	27
chr1	12867516	12867672	157	4	0	157	112	45	34	0	35	0	0	0	0	1	35	0	3	1	1	1	0	0	0	0	0	1	1	0	0	4	0	0	0	0	0	5	0	33
chr1	12867681	12867783	103	4	0	103	70	33	17	0	23	0	0	0	0	1	23	0	2	1	1	1	0	0	0	0	0	1	1	0	0	5	0	0	0	0	0	6	0	19
chr1	12867792	12886027	18236	4	0	18236	10072	8164	1135	525	700	714	700	627	887	698	741	383	736	542	498	319	410	455	687	489	95	583	824	526	82	751	593	480	70	581	808	688	89	818
chr1	12886028	12887401	1374	4	0	1374	798	576	100	36	58	63	49	43	68	43	60	32	45	52	47	27	30	44	43	43	10	42	53	36	2	56	38	22	3	39	69	46	9	64
chr1	12887402	12887439	38	5	0	38	24	14	2	2	1	1	0	1	3	2	4	1	1	1	0	0	1	2	1	1	0	2	0	0	0	1	2	0	0	0	4	0	0	3
chr1	12887440	12888675	1236	4	0	1236	716	520	97	41	63	48	62	35	51	47	52	25	40	39	38	23	17	38	42	40	2	40	48	33	6	52	42	23	3	32	63	43	3	46
chr1	12888676	12888921	246	5	0	246	121	125	11	5	5	8	11	10	12	9	4	8	15	6	3	3	8	1	5	9	1	11	15	5	1	11	10	11	4	9	12	7	4	10
chr1	12888922	12888948	27	5	0	27	18	9	5	4	0	0	4	1	0	0	1	1	1	0	0	0	0	0	4	0	1	0	0	0	0	0	0	0	0	0	1	0	1	1
chr1	12888949	12890874	1926	5	0	1926	1130	796	160	58	64	104	73	64	78	74	81	30	76	49	73	38	46	61	67	58	7	58	84	33	13	77	57	50	4	51	80	66	12	78
chr1	12890875	12890898	24	5	0	24	17	7	7	1	2	0	1	0	1	0	2	0	0	0	1	1	0	0	1	0	0	1	0	0	0	0	1	1	0	0	0	0	0	2
chr1	12890900	12893308	2409	5	0	2409	1358	1051	171	71	75	111	88	79	118	90	94	58	82	60	74	50	55	81	97	68	19	74	109	69	11	106	67	63	8	66	102	95	12	84
chr1	12893309	12893335	27	6	0	27	13	14	0	1	2	1	2	0	2	0	1	0	2	1	0	0	0	0	0	0	0	1	1	2	0	1	1	1	0	2	1	1	0	2
chr1	12893336	12895135	1800	5	0	1800	941	859	79	41	65	49	50	77	97	71	61	40	84	51	44	51	38	43	66	60	12	71	78	63	15	82	67	51	6	50	84	66	5	81
chr1	12895137	12895166	30	5	0	30	16	14	2	1	2	1	2	2	1	0	2	0	1	1	0	0	0	0	0	1	0	2	2	0	0	2	1	0	0	1	1	3	0	0
chr1	12895168	12895629	462	5	0	462	201	261	9	4	21	3	9	15	35	11	17	15	29	9	2	10	7	3	11	19	1	13	27	26	2	37	13	16	1	24	20	31	2	18
chr1	12895631	12895660	30	5	0	30	12	18	0	0	1	0	0	1	2	1	1	1	2	3	0	0	0	0	1	0	0	0	1	3	0	3	0	1	0	0	2	3	0	2
chr1	12895662	12902362	6701	5	0	6701	3826	2875	448	189	262	314	285	208	298	265	254	157	257	201	226	125	143	194	230	191	23	235	294	177	26	263	208	160	18	180	324	233	29	282
chr1	12902367	12902627	261	5	0	261	96	165	7	4	3	2	3	9	20	2	5	10	22	3	1	3	1	1	3	10	6	6	14	14	9	15	12	15	9	10	5	14	6	15
chr1	12902639	12902760	122	5	0	122	47	75	0	3	0	2	3	7	8	1	1	2	11	3	1	3	2	0	3	3	4	5	6	4	4	6	5	8	2	6	5	5	4	3
chr1	12902762	12902798	37	5	0	37	12	25	0	0	2	1	3	1	2	0	0	0	2	1	0	0	0	0	0	1	0	0	2	1	1	4	4	5	1	1	0	1	1	1
chr1	12902800	12903517	718	5	0	718	291	427	20	13	23	10	15	27	34	25	20	18	37	17	11	10	7	2	23	24	7	14	35	71	31	31	20	43	14	21	24	30	4	35
chr1	12903531	12903651	121	5	0	121	62	59	6	4	4	3	5	3	8	2	5	5	5	3	1	1	3	3	5	6	0	2	4	7	0	10	3	2	0	1	5	6	0	7
chr1	12903658	12904403	746	5	0	746	428	318	57	26	22	34	31	20	42	30	15	11	27	30	36	13	10	23	26	17	1	26	36	22	3	25	29	23	2	24	31	24	2	26
chr1	12904405	12904434	30	5	0	30	21	9	5	2	0	1	1	0	0	0	1	0	0	1	2	2	2	2	1	1	1	1	0	2	1	0	0	0	0	0	1	0	0	1
chr1	12904436	12904600	165	5	0	165	89	76	19	4	3	3	5	7	12	3	2	3	9	3	4	4	4	2	5	7	0	6	9	5	0	7	6	5	0	9	7	4	0	6
chr1	12904610	12905367	758	5	0	758	439	319	40	14	32	32	18	33	31	30	36	13	20	24	25	21	30	38	28	22	3	28	32	20	2	28	22	15	3	22	30	25	4	35
chr1	12905369	12905406	38	5	0	38	17	21	2	0	0	1	0	3	3	1	1	2	1	2	0	0	0	0	1	3	0	1	3	2	0	2	1	1	0	0	3	2	0	1
chr1	12905408	12914753	9346	5	0	9346	5073	4273	538	264	380	356	375	289	488	324	396	239	400	247	229	129	168	250	358	242	46	275	420	341	43	401	311	230	33	290	387	391	34	470
chr1	12914754	12915439	686	6	0	686	357	329	30	20	24	20	23	29	34	28	29	10	36	22	12	11	14	14	27	16	8	19	24	23	5	35	28	18	2	26	35	31	3	28
chr1	12915440	12915478	39	5	0	39	22	17	2	2	3	0	0	0	2	0	3	1	6	0	2	0	0	0	1	0	0	1	0	0	0	2	0	1	0	1	1	1	0	8
chr1	12915495	12915563	69	5	0	69	43	26	11	0	12	1	0	0	0	1	14	0	3	0	0	0	0	0	0	0	0	0	0	3	0	5	0	0	0	0	1	6	0	10
chr1	12915568	12915601	34	5	0	34	10	24	0	0	0	0	0	0	0	0	1	0	7	0	0	0	0	0	0	0	0	0	0	8	0	8	0	0	0	0	0	8	0	0
chr1	12915615	12915631	17	5	0	17	4	13	0	0	0	0	0	0	0	0	0	0	4	0	0	0	0	0	0	0	0	0	0	3	0	4	0	0	0	0	0	4	0	0
chr1	12915632	12915664	33	5	0	33	14	19	0	0	6	0	0	0	0	0	6	0	2	0	0	0	0	0	0	0	0	0	0	2	0	7	0	0	0	0	0	8	0	0
chr1	12915670	12916348	679	5	0	679	388	291	58	24	30	23	21	22	31	25	29	20	18	24	27	7	11	16	34	20	6	13	27	22	5	30	10	17	3	12	28	25	4	35
chr1	12916359	12920253	3895	5	0	3895	1989	1906	177	87	137	119	111	149	238	137	150	94	195	124	83	45	72	70	137	112	10	116	179	154	20	212	135	117	15	135	184	181	19	179
chr1	12920254	12920301	48	6	0	48	22	26	1	1	1	1	2	0	5	1	2	0	4	2	0	0	0	0	0	0	0	1	2	5	0	0	3	1	0	6	4	1	0	3
chr1	12920308	12921000	693	6	0	693	368	325	32	19	20	31	18	23	40	29	27	17	32	24	25	6	14	10	25	15	4	21	25	28	3	38	25	21	2	18	35	30	5	29
chr1	12921001	12922076	1076	5	0	1076	564	512	38	22	38	40	29	50	54	50	38	23	40	34	32	21	23	30	38	39	6	33	50	45	5	55	39	35	2	30	56	36	5	38
chr1	12922078	12922123	46	5	0	46	42	4	7	0	0	7	1	0	0	3	1	0	0	0	5	3	0	13	3	0	0	0	0	0	0	0	0	0	0	0	1	0	0	0
chr1	12922125	12923335	1211	5	0	1211	707	504	77	34	28	60	39	50	49	68	43	20	27	34	40	33	35	70	60	27	12	37	56	41	5	30	46	26	4	34	44	37	5	38
chr1	12923338	12923376	39	5	0	39	28	11	7	1	1	3	3	1	1	1	1	2	2	1	1	0	0	1	1	1	0	2	0	0	0	1	0	0	0	0	5	0	0	1
chr1	12923378	12924463	1086	5	0	1086	642	444	71	30	40	52	33	43	42	63	41	26	21	34	47	17	27	53	47	28	9	32	41	30	6	34	40	20	5	29	53	33	2	35
chr1	12924465	12924528	64	5	0	64	35	29	5	2	3	0	2	1	6	2	1	5	3	2	2	0	0	0	3	1	0	5	4	0	0	2	0	2	0	0	4	2	0	5
chr1	12924530	12924966	437	5	0	437	208	229	8	11	22	10	10	7	27	11	24	16	24	13	9	4	9	2	8	17	1	13	27	23	1	31	8	10	4	8	12	32	4	29
chr1	12924976	12925840	865	5	0	865	467	398	47	22	29	42	32	27	37	34	26	17	34	21	36	14	15	33	21	37	4	18	42	35	7	45	37	21	8	24	30	36	5	27
chr1	12925841	12928916	3076	5	0	3076	1626	1450	149	82	131	90	97	116	174	101	136	69	130	93	69	65	71	51	114	89	20	109	126	100	14	148	97	80	17	108	151	119	17	141
chr1	12928918	12932838	3921	5	0	3921	1889	2032	198	85	151	71	134	165	260	119	123	109	178	91	49	44	64	47	139	120	19	125	203	190	28	201	186	162	15	143	150	150	16	184
chr1	12932839	12932916	78	6	0	78	41	37	5	4	2	1	2	2	6	5	4	2	4	0	1	1	1	0	4	1	0	4	4	3	0	2	4	3	0	1	3	2	0	5
chr1	12932917	12941562	8646	5	0	8646	4610	4036	471	228	315	311	297	322	470	299	320	190	361	258	237	159	182	190	327	244	50	276	406	298	40	400	278	255	47	284	377	347	37	368
chr1	12941663	12945980	4318	5	0	4318	2250	2068	240	95	177	141	158	166	219	139	168	97	217	120	87	64	89	72	142	132	14	134	211	154	24	216	130	145	16	147	199	174	24	205
chr1	12945985	12947673	1689	5	0	1689	943	746	157	38	62	68	64	70	79	52	59	42	68	57	44	23	28	31	60	51	10	52	83	58	7	59	42	40	6	51	80	58	13	75
chr1	12947674	12954384	6711	6	0	6711	3741	2970	466	191	262	268	256	232	321	250	280	146	270	197	185	122	143	151	227	208	38	218	267	172	38	307	217	172	17	196	348	232	37	275
chr1	13004385	13004806	422	6	0	422	221	201	24	12	22	6	9	19	23	15	22	8	22	10	10	7	8	3	20	12	3	11	15	13	0	25	13	10	2	15	18	18	1	24
chr1	13004808	13004839	32	6	0	32	20	12	4	2	2	1	2	0	0	1	1	0	1	0	2	0	1	1	0	1	0	1	2	0	0	2	0	3	0	1	1	0	0	1
chr1	13004841	13005065	225	6	0	225	111	114	9	7	8	5	9	8	11	9	6	6	11	7	5	3	5	1	5	8	3	9	11	8	2	13	9	9	1	5	12	10	0	8
chr1	13005067	13005119	53	6	0	53	32	21	1	1	5	3	3	0	0	4	4	2	2	0	3	0	2	1	1	0	0	2	3	0	0	2	1	2	0	1	1	3	0	4
chr1	13005121	13005267	147	6	0	147	67	80	1	2	8	2	4	5	11	3	6	6	9	3	1	2	3	0	1	4	1	9	5	7	4	2	8	3	2	9	9	4	1	10
chr1	13005272	13005306	35	6	0	35	14	21	1	1	0	0	1	0	4	1	0	1	3	1	0	0	0	0	0	1	0	2	1	2	0	4	2	2	0	1	3	2	0	0
chr1	13005308	13005443	136	6	0	136	61	75	5	3	3	3	5	6	10	5	4	4	8	2	0	0	0	2	5	3	3	2	6	3	2	8	8	6	2	7	7	7	1	4
chr1	13005446	13005463	18	6	0	18	9	9	1	0	0	1	0	1	1	1	0	2	0	0	0	0	0	0	2	1	1	0	0	2	0	1	0	0	0	0	1	0	1	0
chr1	13005465	13005922	458	6	0	458	243	215	40	9	25	13	14	15	24	8	16	8	18	7	17	8	7	14	16	10	2	12	18	22	4	24	16	16	3	21	11	20	1	17
chr1	13005930	13006045	116	6	0	116	63	53	11	3	3	3	2	4	10	1	6	5	5	3	0	0	5	1	4	0	0	8	3	7	0	3	3	1	0	4	7	5	0	7
chr1	13006046	13006217	172	7	0	172	108	64	14	7	6	9	4	1	8	7	10	2	6	10	8	5	7	4	5	2	2	6	2	1	1	7	3	1	0	4	10	8	1	9
chr1	13006219	13006279	61	6	0	61	43	18	12	4	2	3	3	1	2	3	4	1	0	2	2	0	0	2	3	1	1	1	1	0	0	2	2	0	0	0	3	2	1	1
chr1	13006280	13006291	12	6	0	12	11	1	9	0	1	0	0	0	0	0	0	0	0	0	0	0	0	0	0	0	0	0	0	0	0	0	0	0	0	0	0	0	0	0
chr1	13006293	13006343	51	7	0	51	27	24	5	2	1	2	3	1	2	1	2	1	3	1	1	0	1	0	2	0	1	1	3	1	1	1	1	2	1	2	1	2	1	3
chr1	13006348	13006478	131	6	0	131	64	67	9	3	2	6	4	4	6	5	3	0	6	4	3	2	3	2	3	4	1	1	7	4	3	7	5	8	4	7	4	5	2	2
chr1	13006480	13006569	90	6	0	90	41	49	1	2	2	2	3	2	6	4	1	2	5	4	2	2	2	0	2	4	0	2	5	2	0	8	3	6	0	3	5	4	2	2
chr1	13006573	13006585	13	6	0	13	5	8	0	0	0	0	0	0	2	0	0	1	1	0	0	0	0	0	1	1	0	0	0	0	0	2	0	1	0	1	1	0	0	0
chr1	13006586	13006612	27	7	0	27	22	5	7	4	0	1	5	0	0	0	0	0	0	1	1	0	0	1	4	0	0	0	0	0	0	0	0	0	0	0	1	0	0	0
chr1	13006613	13006682	70	6	0	70	30	40	0	2	3	0	5	6	3	0	0	2	5	2	0	0	2	0	1	4	0	5	5	1	0	3	5	2	0	3	3	4	0	2
chr1	13006683	13006709	27	7	0	27	18	9	4	2	1	2	2	1	0	0	2	0	0	0	1	0	1	0	2	1	0	1	0	1	0	2	0	0	0	0	1	1	0	0
chr1	13006710	13006761	52	6	0	52	25	27	2	4	0	0	2	1	2	1	1	3	4	1	1	0	1	0	1	3	2	2	2	2	1	3	0	2	0	0	4	1	1	3
chr1	13006762	13006811	50	7	0	50	24	26	1	1	3	1	2	3	1	0	2	1	2	1	1	1	2	0	1	2	1	2	2	1	0	5	1	2	1	2	3	3	0	0
chr1	13006812	13007123	312	6	0	312	155	157	9	7	12	10	8	10	17	16	12	6	13	12	9	4	5	4	8	9	2	9	15	18	2	18	13	14	1	4	15	12	1	15
chr1	13007137	13007171	35	7	0	35	15	20	0	1	0	0	1	2	0	3	0	0	2	1	0	2	2	0	2	2	0	1	2	1	1	1	1	2	1	2	2	1	0	0
chr1	13007172	13007258	87	6	0	87	55	32	4	2	4	7	3	4	2	4	4	2	2	1	6	3	4	2	6	2	0	3	4	1	0	2	1	2	0	1	2	2	0	5
chr1	13007260	13007283	24	6	0	24	17	7	3	0	0	2	0	1	0	2	0	1	0	2	2	1	2	0	1	1	0	0	0	0	0	1	0	0	0	0	2	0	0	1
chr1	13007285	13007386	102	6	0	102	67	35	9	2	4	7	4	2	1	6	6	1	5	4	5	1	3	5	4	1	0	1	2	2	0	5	2	1	0	1	5	5	0	6
chr1	13007390	13007567	178	6	0	178	115	63	15	3	4	16	3	6	6	8	8	4	2	6	12	4	6	12	5	5	0	6	10	4	0	5	2	2	0	2	6	9	0	5
chr1	13007569	13007621	53	6	0	53	32	21	1	1	3	2	2	3	0	2	3	0	5	4	1	0	1	2	1	2	0	1	1	1	0	3	0	0	0	0	5	2	0	5
chr1	13007626	13008036	411	6	0	411	231	180	31	13	19	15	18	14	20	8	18	10	10	10	10	8	19	7	12	15	0	18	21	11	0	16	11	8	3	16	15	14	1	18
chr1	13037974	13038025	52	6	0	52	33	19	5	0	10	0	1	0	0	2	10	0	1	2	0	0	0	0	0	0	0	0	1	0	0	3	1	0	0	1	1	4	0	8
chr1	13038095	13039362	1268	6	0	1268	783	485	115	53	47	59	59	39	37	73	54	20	22	41	47	27	40	48	58	37	6	38	59	26	3	33	46	19	0	23	45	39	1	52
chr1	13039364	13039457	94	6	0	94	53	41	6	6	2	4	5	2	6	4	5	3	2	3	1	1	1	1	8	3	0	1	4	3	0	4	1	2	0	1	4	4	0	5
chr1	13039459	13040344	886	6	0	886	551	335	71	33	37	45	48	19	24	44	41	12	26	29	26	25	27	44	42	14	6	27	29	16	1	26	20	18	2	24	43	25	3	37
chr1	13040346	13040363	18	6	0	18	13	5	2	0	0	1	1	1	1	1	2	0	0	0	0	0	0	2	1	0	0	0	0	0	0	0	2	0	0	0	1	0	0	1
chr1	13040365	13040901	537	6	0	537	323	214	42	15	17	37	23	12	21	17	25	10	17	24	20	9	11	22	15	17	5	9	24	8	3	22	11	7	3	13	23	25	7	21
chr1	13040903	13040932	30	6	0	30	21	9	2	2	0	1	1	0	1	1	1	0	1	1	1	2	2	3	2	1	0	2	1	0	0	0	0	0	0	0	1	0	0	2
chr1	13040934	13041060	127	6	0	127	86	41	18	2	6	6	6	3	3	3	5	2	0	10	4	0	7	9	2	2	1	2	3	2	1	1	5	1	0	4	5	2	0	10
chr1	13041064	13041084	21	6	0	21	15	6	4	0	1	3	2	0	0	1	2	0	0	2	0	0	0	0	0	0	0	0	0	0	0	0	0	0	0	0	3	1	0	0
chr1	13041086	13041522	437	6	0	437	274	163	38	19	19	23	20	15	13	19	24	8	12	6	17	11	12	18	28	11	5	9	9	6	3	7	15	3	1	14	15	6	3	26
chr1	13041524	13041567	44	6	0	44	26	18	2	1	2	2	0	2	0	2	0	1	2	0	5	2	3	2	2	2	1	1	0	0	0	4	1	1	0	1	0	1	1	1
chr1	13041569	13041957	389	6	0	389	234	155	24	18	10	17	16	20	16	23	20	7	14	11	9	5	10	13	27	8	0	15	14	3	0	10	13	3	1	9	21	13	1	16
chr1	13041967	13042311	345	6	0	345	206	139	19	12	20	13	19	8	9	14	11	11	13	15	15	5	10	12	19	6	0	11	13	7	1	12	7	4	0	7	10	17	1	22
chr1	13042324	13042544	221	6	0	221	139	82	16	8	5	14	7	8	9	15	6	6	5	8	14	3	6	9	14	5	0	6	7	3	0	5	8	2	0	6	10	4	2	8
chr1	13042624	13042799	176	6	0	176	107	69	14	4	11	11	8	4	6	5	12	3	6	1	6	2	6	7	5	4	0	4	5	5	0	6	6	5	0	6	7	2	0	13
chr1	13042810	13043078	269	6	0	269	149	120	15	8	15	13	13	7	13	8	18	6	8	7	5	5	2	6	12	7	0	7	12	9	1	10	6	6	2	7	11	11	3	14
chr1	13043083	13043187	105	6	0	105	67	38	8	2	9	5	3	1	1	6	11	4	5	1	2	0	2	6	3	1	0	3	3	1	0	2	0	1	1	2	5	3	1	11
chr1	13043266	13043499	234	6	0	234	135	99	20	10	13	7	10	2	7	13	14	5	13	7	5	0	6	1	2	5	3	7	9	2	0	9	6	4	1	11	15	9	4	12
chr1	13043559	13043759	201	6	0	201	106	95	13	10	6	0	8	5	20	5	5	7	5	8	3	4	3	3	11	9	0	6	11	3	0	9	9	2	0	9	6	9	0	10
chr1	13043760	13043838	79	7	0	79	40	39	3	5	1	1	5	4	4	3	3	1	4	2	0	2	0	0	7	3	1	2	4	1	1	4	2	3	0	1	3	3	2	2
chr1	13043839	13043905	67	6	0	67	26	41	0	1	2	0	1	4	6	0	0	3	3	0	2	1	3	0	1	4	0	4	4	7	0	5	3	3	0	2	2	2	0	2
chr1	13043956	13044007	52	6	0	52	29	23	2	0	3	2	1	0	6	1	2	4	2	1	2	1	1	0	4	0	0	1	0	1	0	2	1	0	0	3	2	2	0	6
chr1	13044051	13044282	232	6	0	232	101	131	6	4	8	4	11	8	17	4	2	4	14	4	3	2	5	4	5	4	2	7	11	9	3	16	16	16	1	17	8	10	0	5
chr1	13044295	13044407	113	6	0	113	55	58	5	0	5	5	3	5	5	2	5	4	5	2	2	2	3	1	2	4	0	5	3	7	2	10	5	3	0	0	5	8	0	3
chr1	13044504	13044567	64	6	0	64	29	35	1	1	1	2	0	2	7	0	3	2	3	1	0	1	2	1	2	2	1	1	2	2	2	2	4	1	1	6	2	3	0	4
chr1	13044573	13045819	1247	6	0	1247	713	534	79	35	41	55	46	49	55	59	45	31	30	44	41	29	35	37	54	34	14	42	58	38	3	39	40	19	2	41	57	47	7	39
chr1	13045931	13046285	355	6	0	355	176	179	11	6	11	11	11	13	22	13	8	9	19	12	9	5	8	8	7	9	3	13	16	8	4	19	18	16	2	14	17	14	3	14
chr1	13046323	13046683	361	6	0	361	238	123	51	10	15	29	15	10	13	5	14	6	13	5	23	5	5	17	10	8	2	11	8	3	1	14	10	8	3	7	15	7	2	14
chr1	13046744	13047270	527	6	0	527	293	234	40	11	11	32	20	24	20	20	15	6	23	10	19	10	9	22	15	17	3	15	30	15	5	21	19	26	2	11	21	13	4	16
chr1	13047297	13047432	136	6	0	136	69	67	8	4	3	6	5	3	7	2	4	2	8	2	4	4	4	2	3	5	3	3	5	4	1	7	4	6	4	6	5	2	2	6
chr1	13047513	13048126	614	6	0	614	325	289	23	13	22	24	22	16	35	32	23	10	23	33	13	10	8	17	19	15	3	12	28	28	3	26	25	18	1	21	33	24	3	29
chr1	13048133	13048452	320	6	0	320	183	137	21	8	15	11	9	8	15	13	10	8	14	8	15	8	9	10	14	6	0	13	12	14	0	13	8	6	0	10	10	13	0	17
chr1	13048454	13048469	16	6	0	16	8	8	0	0	0	0	1	1	1	1	0	1	0	1	0	0	0	0	1	1	0	0	2	0	0	0	0	0	0	2	1	1	0	0
chr1	13048471	13048543	73	6	0	73	32	41	1	0	4	0	0	4	5	3	3	3	4	1	1	0	2	0	2	2	0	2	4	3	1	3	3	3	1	5	3	3	0	5
chr1	13048545	13048560	16	6	0	16	8	8	0	0	2	0	0	1	1	0	2	0	1	0	0	0	0	0	0	1	0	0	0	0	0	1	1	0	0	1	1	0	0	2
chr1	13048562	13048694	133	6	0	133	73	60	3	9	6	3	4	10	7	2	7	2	2	2	7	2	4	1	11	3	1	8	8	2	1	4	1	5	0	2	3	5	0	6
chr1	13048696	13048724	29	6	0	29	10	19	0	1	1	0	2	2	0	0	0	1	2	0	0	0	0	0	0	3	1	0	5	1	0	2	0	2	1	1	0	2	0	0
chr1	13048726	13048897	172	6	0	172	79	93	5	1	6	2	4	7	12	1	4	3	12	6	1	5	7	3	7	3	0	6	8	5	0	15	3	9	1	10	6	11	1	6
chr1	13048899	13048950	52	6	0	52	28	24	2	2	1	3	3	4	3	1	2	0	1	1	1	1	1	1	1	3	0	3	2	1	0	3	5	1	0	0	3	1	0	0
chr1	13048952	13049163	212	6	0	212	116	96	20	7	7	4	10	11	11	6	2	7	7	2	6	6	7	2	13	10	0	8	9	5	0	11	6	7	0	9	10	3	0	4
chr1	13049168	13049620	453	6	0	453	263	190	31	18	16	25	20	7	26	15	20	9	21	13	19	8	6	9	13	9	0	20	20	12	0	17	15	11	0	8	20	18	2	23
chr1	13049622	13049670	49	6	0	49	22	27	1	1	2	2	3	0	3	3	2	1	0	3	0	0	0	0	1	0	0	1	3	5	0	2	3	2	0	2	2	3	2	0
chr1	13049672	13049952	281	6	0	281	155	126	17	8	11	9	10	8	17	10	11	7	8	10	8	5	8	7	11	8	1	8	9	9	0	17	9	8	1	8	15	10	0	11
chr1	13049954	13049988	35	6	0	35	17	18	0	1	0	0	0	1	3	2	0	0	4	1	1	2	0	1	0	2	0	2	3	0	0	0	2	0	0	2	1	2	0	3
chr1	13049990	13050047	58	6	0	58	28	30	3	1	1	1	2	4	3	2	0	0	3	2	1	2	0	3	3	1	1	2	2	2	1	2	3	2	2	2	3	2	0	0
chr1	13050048	13050094	47	6	0	47	21	26	1	1	2	1	0	2	3	3	4	0	2	2	0	0	0	0	1	1	0	0	6	2	0	2	0	2	0	2	1	4	0	3
chr1	13050097	13050112	16	6	0	16	8	8	1	0	1	0	2	0	1	0	0	0	2	0	0	0	0	0	0	0	0	0	0	0	0	0	1	0	0	4	2	0	0	0
chr1	13050114	13050505	392	6	0	392	200	192	11	8	16	14	17	12	21	14	11	17	17	13	10	5	8	5	8	13	2	19	24	17	1	16	12	12	1	8	21	16	2	19
chr1	13050507	13050591	85	6	0	85	43	42	1	1	3	4	2	6	3	3	3	1	4	3	4	2	2	0	4	4	0	2	4	2	3	3	1	4	0	3	5	2	1	3
chr1	13050593	13050707	115	6	0	115	60	55	10	3	2	4	5	4	7	2	2	2	8	4	2	1	3	0	2	5	0	4	9	1	0	7	2	4	0	4	5	6	0	5
chr1	13050709	13050755	47	6	0	47	21	26	0	0	3	3	2	0	4	0	4	0	2	1	0	1	1	0	0	0	0	1	2	2	0	2	3	2	0	5	1	3	1	2
chr1	13050757	13050833	77	6	0	77	35	42	0	2	0	0	2	5	6	2	1	2	8	2	0	2	2	0	3	4	0	4	4	2	0	4	4	2	0	2	4	2	0	6
chr1	13050842	13050854	13	6	0	13	10	3	5	0	2	0	0	0	0	0	1	0	0	0	0	0	0	0	0	0	0	0	0	0	0	1	0	0	0	0	0	1	0	1
chr1	13050855	13050884	30	6	0	30	21	9	6	0	0	4	1	0	1	1	1	1	2	0	1	0	0	1	0	0	0	1	1	0	0	1	0	1	0	1	3	1	0	0
chr1	13050886	13051040	155	6	0	155	81	74	7	4	5	4	3	5	12	7	8	3	3	10	3	0	2	3	7	3	0	2	8	6	0	10	4	5	0	5	8	10	0	6
chr1	13051072	13051153	82	6	0	82	45	37	4	2	2	3	2	3	6	6	4	1	2	5	0	1	1	2	3	3	0	1	2	2	0	4	5	2	0	2	7	1	0	4
chr1	13051155	13051185	31	6	0	31	20	11	3	0	0	4	1	0	1	0	0	0	2	0	4	2	2	0	0	2	0	0	1	0	0	3	0	0	0	2	1	1	0	0
chr1	13051187	13051235	49	6	0	49	31	18	3	3	1	3	2	1	1	4	3	0	1	3	2	1	1	0	3	1	0	2	2	2	0	1	0	0	0	0	3	2	0	2
chr1	13051237	13051316	80	6	0	80	40	40	4	1	5	2	2	5	5	3	5	1	2	1	0	1	1	0	3	1	0	4	2	6	0	3	6	2	0	4	5	2	0	2
chr1	13051328	13051401	74	6	0	74	37	37	4	1	4	3	4	3	2	0	0	1	3	2	4	1	2	3	1	2	1	2	7	4	0	2	1	3	2	4	0	3	1	2
chr1	13051523	13051588	66	6	0	66	29	37	0	2	2	1	3	1	6	1	3	1	6	2	0	0	0	0	2	1	0	1	1	1	0	5	4	3	2	5	4	2	2	3
chr1	13051695	13051757	63	6	0	63	33	30	2	2	3	0	3	0	3	1	0	3	5	1	3	1	3	1	1	2	0	3	3	2	0	4	1	2	0	3	2	3	0	4
chr1	13051762	13051874	113	6	0	113	57	56	4	2	4	4	0	5	6	4	6	2	3	5	4	1	5	1	3	3	2	2	3	7	1	8	2	6	1	1	7	3	0	6
chr1	13052070	13052165	96	6	0	96	43	53	3	3	3	0	0	5	10	1	5	2	8	0	0	0	0	1	3	6	0	1	5	2	0	7	4	3	0	7	4	3	2	6
chr1	13052186	13052588	403	6	0	403	207	196	11	10	18	11	11	14	26	13	24	9	19	10	4	13	7	6	15	14	4	14	18	12	1	21	12	6	2	14	18	20	3	21
chr1	13052623	13052721	99	6	0	99	52	47	5	3	4	2	2	5	6	3	6	2	4	3	1	1	2	2	4	4	0	3	7	2	0	4	1	2	0	3	4	6	0	6
chr1	13052770	13052820	51	6	0	51	23	28	2	0	4	0	1	1	3	0	3	2	6	0	0	0	0	0	1	0	0	1	0	4	0	4	2	0	0	4	2	4	0	5
chr1	13052949	13053000	52	6	0	52	27	25	1	2	1	3	3	1	3	1	2	0	3	2	1	2	1	0	2	2	0	1	1	2	0	4	1	1	0	2	4	3	0	1
chr1	13053028	13053297	270	6	0	270	122	148	8	7	9	6	9	15	10	11	7	4	19	2	5	5	3	1	6	13	2	9	21	11	4	17	7	15	1	9	11	14	1	6
chr1	13053400	13053614	215	6	0	215	81	134	3	2	10	0	4	6	17	8	7	3	13	5	1	0	0	1	6	3	0	2	13	12	3	20	8	22	3	13	8	12	2	6
chr1	13053660	13053733	74	6	0	74	37	37	5	2	3	2	3	1	5	3	4	1	4	3	0	0	0	0	1	1	0	2	4	3	0	4	5	4	0	1	2	3	0	6
chr1	13053755	13053984	230	6	0	230	109	121	5	4	6	8	4	13	16	8	10	3	13	3	4	5	4	1	4	6	2	13	13	9	1	11	12	8	1	11	12	11	2	5
chr1	13054086	13054193	108	6	0	108	68	40	13	3	13	3	2	0	1	2	13	0	8	1	3	0	3	2	2	1	0	0	0	4	0	6	1	0	0	3	1	5	0	16
chr1	13054211	13054530	320	6	0	320	163	157	15	4	20	4	12	11	16	7	13	11	25	8	3	4	6	3	11	9	0	10	13	15	0	13	8	3	1	16	14	13	1	29
chr1	13054687	13054894	208	6	0	208	99	109	8	4	4	4	6	9	15	4	2	5	11	8	4	6	8	0	6	9	1	8	10	3	1	15	9	11	2	8	10	6	2	7
chr1	13055086	13055135	50	6	0	50	30	20	5	0	2	3	1	2	1	3	3	2	1	3	1	0	2	1	0	1	0	2	1	2	0	3	0	0	0	0	5	3	0	1
chr1	13055163	13055279	117	6	0	117	70	47	7	3	10	3	6	3	4	1	8	4	4	5	2	1	2	5	6	1	0	5	2	3	0	7	0	2	0	0	7	6	0	8
chr1	13055306	13055367	62	6	0	62	42	20	8	4	3	2	2	1	3	2	4	3	1	2	3	0	2	1	5	0	0	2	0	1	0	1	0	0	0	0	3	1	0	6
chr1	13055558	13055646	89	6	0	89	59	30	16	3	4	6	7	2	1	4	1	2	2	6	4	0	0	0	4	3	0	0	5	1	0	3	0	1	0	1	4	4	0	3
chr1	13055727	13055780	54	6	0	54	26	28	1	0	1	2	2	4	3	3	1	1	2	2	0	1	2	1	2	2	0	2	5	3	0	0	2	1	0	3	2	2	0	2
chr1	13055781	13055965	185	6	0	185	90	95	9	4	4	4	5	11	13	6	4	6	8	5	3	3	3	1	7	10	1	5	13	4	0	10	4	8	1	7	11	5	2	6
chr1	13056089	13056173	85	6	0	85	42	43	7	5	3	1	7	2	3	3	1	2	3	2	2	0	0	0	3	4	0	2	7	8	0	4	1	4	0	1	4	3	0	1
chr1	13056197	13056270	74	6	0	74	52	22	14	3	3	6	5	1	2	3	4	1	1	2	4	0	1	1	2	1	0	2	2	0	0	1	4	1	0	1	3	1	0	3
chr1	13056305	13056362	58	6	0	58	29	29	4	0	1	0	0	3	5	2	0	3	1	3	0	1	2	3	3	1	1	1	3	1	0	3	3	2	0	3	1	3	1	2
chr1	13060001	13060052	52	6	0	52	32	20	2	3	2	3	3	0	2	2	4	0	1	2	1	0	3	3	0	2	0	1	2	2	0	1	2	0	0	2	3	1	0	3
chr1	13075113	13075571	459	6	0	459	228	231	15	14	14	8	8	17	29	15	22	8	22	12	6	6	21	11	14	13	3	14	19	20	1	27	15	15	2	22	21	18	2	23
chr1	13075573	13075596	24	6	0	24	11	13	0	0	0	1	0	1	1	2	0	0	1	1	1	1	1	0	1	1	0	0	1	0	1	2	1	2	0	1	1	1	0	0
chr1	13075598	13075735	138	6	0	138	84	54	19	5	9	2	6	1	6	3	4	5	6	4	6	2	3	3	4	3	0	6	4	5	0	5	1	2	0	3	5	4	0	10
chr1	13075770	13075835	66	6	0	66	29	37	0	2	2	1	3	1	6	1	3	1	6	2	0	0	0	0	2	1	0	1	1	1	0	5	4	3	2	5	4	2	2	3
chr1	13075839	13075857	19	6	0	19	8	11	0	0	0	1	0	1	2	0	0	0	0	1	1	1	0	0	1	0	0	1	1	1	0	2	1	2	0	0	0	1	0	0
chr1	13075867	13075925	59	6	0	59	35	24	6	2	1	3	1	3	3	2	1	1	1	0	4	1	2	3	3	3	0	1	4	1	0	3	0	3	0	1	1	1	0	2
chr1	13075927	13075955	29	6	0	29	15	14	0	1	1	1	1	1	2	0	2	1	2	2	0	0	0	0	0	1	0	2	1	0	0	2	0	0	0	0	3	3	0	1
chr1	13075959	13076030	72	6	0	72	37	35	4	1	4	3	4	3	2	0	0	1	3	2	4	1	2	3	1	2	1	2	6	3	0	2	1	3	2	4	0	3	1	2
chr1	13076032	13076171	140	6	0	140	77	63	6	3	6	6	3	7	7	9	10	2	3	7	2	2	2	0	7	1	1	6	4	8	1	3	5	1	0	4	10	6	0	6
chr1	13076175	13076210	36	6	0	36	24	12	4	0	0	5	1	0	1	1	1	0	2	0	4	2	2	0	0	2	0	0	1	0	0	3	0	0	0	2	1	2	0	0
chr1	13076212	13076520	309	6	0	309	163	146	27	6	8	10	6	10	23	14	13	7	8	15	4	1	3	6	11	7	2	4	13	13	1	18	11	11	3	9	18	14	0	11
chr1	13076527	13076574	48	6	0	48	21	27	0	0	0	0	0	3	4	2	0	2	6	2	0	1	1	0	2	1	0	3	3	1	0	1	2	2	0	1	2	1	0	6
chr1	13076576	13078908	2333	6	0	2333	1206	1127	108	65	85	77	84	87	141	72	83	52	99	70	60	45	48	29	79	70	11	89	127	71	14	109	75	82	10	85	102	98	13	91
chr1	13078924	13079154	231	6	0	231	137	94	19	7	12	9	6	5	13	9	7	5	5	3	14	9	4	9	12	5	0	9	11	7	0	7	6	6	1	9	4	6	1	9
chr1	13079156	13079196	41	6	0	41	23	18	2	1	0	2	1	1	1	2	1	1	4	3	1	0	2	1	1	1	0	0	0	2	0	1	0	0	0	2	4	1	0	4
chr1	13079198	13081009	1812	6	0	1812	985	827	121	43	56	86	66	57	88	66	62	31	77	55	58	36	31	51	55	49	17	46	78	57	17	80	64	68	17	53	80	58	15	72
chr1	13081010	13081220	211	6	0	211	115	96	14	2	7	8	6	8	12	7	4	7	8	6	8	3	6	7	5	5	2	8	9	4	1	11	10	9	0	7	10	7	1	7
chr1	13081222	13081306	85	6	0	85	39	46	2	1	3	4	4	2	5	0	2	2	6	2	2	0	2	2	0	2	0	2	5	3	1	5	3	5	1	5	3	3	2	4
chr1	13081308	13081791	484	6	0	484	260	224	33	10	8	22	10	25	30	9	14	8	23	12	17	9	12	16	15	20	4	13	22	17	3	19	18	13	3	20	19	11	6	21
chr1	13081793	13081837	45	6	0	45	25	20	0	1	0	3	2	3	1	5	0	2	1	2	1	0	1	2	4	1	0	1	3	2	0	1	0	1	0	1	3	2	0	0
chr1	13081839	13081991	153	6	0	153	96	57	12	4	5	8	6	1	2	14	5	3	6	8	6	5	3	6	8	2	0	4	8	3	0	6	2	0	0	2	5	12	0	5
chr1	13081993	13082039	47	6	0	47	25	22	5	2	2	0	1	1	2	2	3	0	1	1	0	1	2	1	0	3	0	1	4	1	0	2	2	2	0	1	0	1	0	4
chr1	13082041	13085749	3709	6	0	3709	2118	1591	287	97	159	144	136	130	173	137	151	83	124	107	114	84	80	110	142	108	22	122	162	103	9	142	113	85	10	108	160	120	21	164
chr1	13085751	13089259	3509	6	0	3509	1932	1577	209	112	163	116	125	112	156	130	137	72	137	83	127	57	97	97	126	99	12	116	160	119	24	146	119	104	8	115	118	127	8	176
chr1	13089275	13091443	2169	6	0	2169	1063	1106	85	40	70	46	56	102	135	64	65	59	120	49	36	46	57	31	98	65	10	74	106	90	9	115	69	70	14	93	84	95	13	101
chr1	13091453	13091602	150	6	0	150	79	71	8	5	3	1	3	10	8	4	3	3	8	1	3	2	2	13	10	4	2	5	7	6	0	8	3	6	1	4	5	5	1	4
chr1	13091603	13093401	1799	6	0	1799	783	1016	84	30	90	21	45	89	89	46	75	38	54	31	21	23	30	16	49	75	20	36	102	170	24	115	80	74	17	55	38	92	11	57
chr1	13093412	13094667	1256	6	0	1256	621	635	68	33	40	37	48	59	73	31	37	26	52	34	25	16	23	18	45	41	10	39	67	55	13	58	53	50	6	49	46	47	13	42
chr1	13094669	13094687	19	6	0	19	11	8	0	0	0	1	0	1	2	0	1	1	1	0	1	1	0	0	2	1	0	0	1	0	0	1	0	0	0	0	0	1	0	2
chr1	13094689	13096659	1971	6	0	1971	1020	951	85	52	84	56	72	74	99	70	78	43	88	55	42	45	52	25	78	52	11	71	73	75	16	95	79	62	11	62	85	70	14	95
chr1	13096660	13098707	2048	6	0	2048	1045	1003	105	33	84	71	53	69	133	61	93	51	97	59	41	35	27	31	58	63	9	58	110	69	10	110	60	74	14	68	89	93	13	105
chr1	13098708	13099405	698	6	0	698	422	276	38	20	27	42	18	34	28	15	30	14	27	20	40	15	25	27	35	14	3	31	22	12	5	23	13	9	2	16	25	27	2	37
chr1	13099406	13101473	2068	6	0	2068	1162	906	168	63	102	75	65	67	109	64	118	46	68	61	59	19	32	44	73	59	8	55	87	78	5	96	54	47	5	46	91	82	6	114
chr1	13101484	13106560	5077	6	0	5077	2693	2384	300	122	206	165	173	184	279	164	210	97	224	139	110	93	113	112	161	140	20	175	245	162	21	254	186	171	15	164	208	209	24	229
chr1	13106561	13109620	3060	6	0	3060	1748	1312	229	91	112	138	138	94	142	109	121	60	117	111	83	45	60	96	94	83	13	100	131	84	16	112	94	75	9	92	164	101	16	128
chr1	13109643	13116027	6385	6	0	6385	3688	2697	444	188	248	286	265	185	256	264	239	132	245	184	218	136	155	242	253	170	26	191	260	174	28	258	196	147	24	169	261	229	24	286
chr1	13116028	13117084	1057	7	0	1057	588	469	75	36	43	40	47	27	43	38	48	23	37	41	23	16	22	27	37	18	18	29	36	20	20	30	34	30	10	38	49	38	14	48
chr1	13117086	13117124	39	7	0	39	26	13	1	1	1	4	1	1	1	1	3	1	2	1	3	0	2	1	1	0	0	2	1	1	0	1	0	0	0	0	2	2	0	3
chr1	13117126	13119227	2102	7	0	2102	1215	887	156	68	95	84	87	57	100	79	84	48	74	65	75	45	40	56	76	68	4	70	79	58	2	98	55	42	6	57	113	69	6	84
chr1	13119228	13119958	731	7	0	731	469	262	50	25	29	47	29	18	15	39	33	16	20	18	38	17	32	41	27	21	0	28	28	8	0	23	20	9	1	10	26	21	5	35
chr1	13119960	13119977	18	7	0	18	10	8	0	1	1	0	1	0	0	2	1	0	1	1	0	0	0	0	0	0	0	1	1	0	0	1	1	1	0	0	2	1	0	0
chr1	13119979	13125290	5312	7	0	5312	3013	2299	374	137	217	222	197	181	236	182	205	89	207	152	174	116	140	182	180	142	21	180	230	125	30	216	174	160	22	166	212	174	29	238
chr1	13125329	13128045	2717	7	0	2717	1538	1179	201	83	126	106	83	101	137	79	144	60	95	81	88	34	57	62	108	73	11	86	109	90	10	119	67	56	7	62	116	108	8	148
chr1	13128046	13131935	3890	7	0	3890	1999	1891	177	81	161	129	121	140	225	127	160	91	174	108	90	78	75	61	135	112	20	123	181	140	26	198	135	135	25	127	162	157	27	187
chr1	13131936	13137353	5418	7	0	5418	2599	2819	256	113	209	113	156	258	305	144	190	126	237	118	89	86	114	83	203	182	41	157	276	316	44	299	203	197	34	196	181	240	37	213
chr1	13137355	13137379	25	7	0	25	14	11	3	0	0	2	1	2	0	2	0	0	0	0	1	2	0	0	1	2	1	0	3	1	0	0	1	0	1	0	0	0	0	0
chr1	13137381	13137515	135	7	0	135	54	81	0	1	3	1	4	5	13	3	1	4	10	3	0	3	2	1	2	5	0	5	7	9	0	7	11	5	1	9	5	5	1	7
chr1	13137517	13144748	7232	7	0	7232	4063	3169	509	209	322	260	262	243	329	267	288	155	261	190	241	141	177	207	269	207	34	238	322	222	33	288	232	189	18	223	278	247	29	340
chr1	13144750	13144796	47	7	0	47	25	22	5	2	2	0	1	1	2	2	3	0	1	1	0	1	2	1	0	3	0	1	4	1	0	2	2	2	0	1	0	1	0	4
chr1	13144798	13149034	4237	7	0	4237	2304	1933	270	106	134	184	144	154	226	142	139	83	177	119	141	86	86	111	149	121	29	130	198	122	25	187	143	144	27	140	177	145	29	167
chr1	13149039	13151048	2010	7	0	2010	1027	983	91	46	68	66	62	72	123	72	71	45	86	76	47	33	38	30	61	56	11	68	106	73	14	94	65	69	14	72	97	88	13	81
chr1	13151049	13152461	1413	8	0	1413	733	680	85	38	55	33	37	51	84	44	66	33	65	38	21	22	36	23	48	42	10	44	63	52	7	76	45	35	4	52	60	69	5	68
chr1	13166792	13166872	81	6	0	81	50	31	4	2	8	1	3	3	1	6	6	1	4	2	2	4	1	1	3	2	0	6	1	0	0	3	1	0	0	1	8	1	0	4
chr1	13166897	13167002	106	6	0	106	52	54	5	3	1	2	1	6	9	3	3	3	6	2	2	2	2	1	4	6	0	4	6	2	1	6	4	4	0	2	5	2	1	6
chr1	13167014	13167103	90	6	0	90	40	50	0	3	1	3	2	7	8	0	3	1	6	1	2	1	1	0	5	3	0	4	4	2	2	6	5	5	0	2	4	4	0	3
chr1	13167243	13167315	73	6	0	73	42	31	4	1	1	6	3	2	3	5	3	1	2	2	3	2	0	3	2	4	0	0	3	0	1	4	3	4	0	1	5	1	1	1
chr1	13167381	13167503	123	6	0	123	65	58	12	2	3	6	3	4	4	3	3	2	3	0	5	4	7	2	3	6	1	3	3	5	5	8	6	6	0	4	2	4	0	2
chr1	13167605	13167749	145	6	0	145	89	56	9	5	7	7	10	5	3	9	6	4	5	4	3	5	3	2	10	4	0	5	6	0	0	4	5	1	0	2	7	5	0	7
chr1	13167867	13167934	68	6	0	68	45	23	6	0	4	6	1	1	3	5	9	0	1	3	0	0	2	2	0	0	0	1	2	0	0	1	3	1	0	2	5	2	0	6
chr1	13167995	13168066	72	6	0	72	32	40	1	2	2	1	4	4	5	0	1	3	8	1	0	0	0	0	1	3	0	5	4	0	0	4	4	1	1	2	4	5	1	3
chr1	13168109	13168205	97	6	0	97	53	44	11	2	0	5	4	3	3	7	1	2	3	2	2	1	4	2	3	5	0	0	8	3	0	2	3	4	2	5	3	1	1	3
chr1	13168437	13168500	64	6	0	64	44	20	5	2	5	4	5	0	1	3	2	1	1	3	4	1	1	4	4	1	0	0	1	0	0	2	2	1	0	1	2	1	0	5
chr1	13170722	13170791	70	6	0	70	35	35	8	1	0	0	3	6	4	1	0	2	5	3	0	0	0	0	2	1	1	5	5	4	0	1	4	2	0	0	3	3	1	3
chr1	13171014	13171062	49	6	0	49	30	19	8	0	2	3	1	2	0	2	0	0	2	0	4	1	2	1	0	2	0	1	3	0	1	1	2	3	0	3	1	0	1	1
chr1	13171117	13171450	334	6	0	334	169	165	19	5	11	13	11	17	19	11	10	7	18	7	9	6	2	3	12	11	4	8	20	13	2	10	12	10	4	16	14	10	2	16
chr1	13171492	13171687	196	6	0	196	124	72	18	8	9	9	10	7	8	2	11	6	7	9	5	1	3	10	13	1	0	8	2	5	1	7	0	2	0	0	12	7	1	12
chr1	13171901	13171976	76	6	0	76	37	39	1	3	1	3	3	3	7	0	3	1	4	1	0	1	3	2	2	3	0	3	4	2	0	5	3	3	0	4	4	3	0	2
chr1	13172008	13172121	114	6	0	114	62	52	8	4	1	5	5	2	5	2	0	4	4	2	5	4	6	3	3	7	0	4	7	1	1	7	2	5	3	2	3	3	0	4
chr1	13172137	13172219	83	6	0	83	44	39	0	1	4	4	2	5	4	2	5	3	1	2	2	3	3	2	5	2	1	4	3	3	0	4	1	3	0	2	4	2	1	3
chr1	13172411	13172473	63	6	0	63	37	26	5	0	7	2	3	1	1	0	3	4	2	1	3	0	2	1	1	3	0	1	2	2	0	3	0	1	0	3	3	1	0	6
chr1	13172517	13172582	66	6	0	66	37	29	1	0	2	2	0	2	6	2	1	5	1	4	3	4	3	0	4	2	0	6	3	1	0	2	0	0	0	0	3	3	0	4
chr1	13172650	13172857	208	6	0	208	124	84	23	10	10	10	16	4	6	10	9	4	6	4	6	0	1	3	7	5	0	6	9	9	0	7	7	6	0	5	13	5	0	5
chr1	13172876	13172943	68	6	0	68	33	35	6	1	0	0	3	6	4	1	0	2	5	3	0	0	0	0	2	1	1	5	5	4	0	1	4	2	0	0	3	3	1	3
chr1	13172966	13173133	168	6	0	168	83	85	8	5	4	5	6	8	10	6	6	5	7	4	2	2	3	1	5	11	1	3	11	3	0	10	4	8	1	5	10	3	2	7
chr1	13175541	13175565	25	6	0	25	11	14	0	1	2	0	1	1	1	1	0	0	0	1	1	1	0	0	0	2	0	1	1	3	0	1	3	0	0	1	0	1	0	0
chr1	13176875	13176947	73	6	0	73	38	35	2	2	1	1	0	4	3	5	3	2	2	2	1	1	6	1	4	0	1	4	3	3	0	3	1	3	1	3	4	3	0	2
chr1	13181429	13181508	80	6	0	80	42	38	4	0	1	4	2	4	6	3	1	1	4	2	2	4	1	3	2	3	0	4	4	1	0	5	4	3	0	3	4	3	0	0
chr1	13183068	13183113	46	6	0	46	35	11	3	1	0	8	2	3	1	2	0	0	0	1	7	1	0	5	3	2	0	0	1	0	0	1	2	0	0	0	1	0	0	0
chr1	13184566	13184640	75	8	0	75	39	36	5	0	3	4	1	4	3	1	4	3	1	2	2	2	3	1	2	4	0	3	2	5	2	5	1	1	0	0	3	4	0	2
chr1	13184692	13184884	193	8	0	193	79	114	5	4	7	2	10	5	16	3	2	2	12	2	1	2	4	1	3	3	1	6	9	8	2	15	14	16	3	15	8	7	0	3
chr1	13184928	13184979	52	8	0	52	29	23	2	0	3	2	1	0	6	1	2	4	2	1	2	1	1	0	4	0	0	1	0	1	0	2	1	0	0	3	2	2	0	6
chr1	13185030	13185096	67	8	0	67	26	41	0	1	2	0	1	4	6	0	0	3	3	0	2	1	3	0	1	4	0	4	4	7	0	5	3	3	0	2	2	2	0	2
chr1	13185176	13185376	201	8	0	201	106	95	13	10	6	0	8	5	20	5	5	7	5	8	3	4	3	3	11	9	0	6	11	3	0	9	9	2	0	9	6	9	0	10
chr1	13185377	13185435	59	7	0	59	34	25	11	3	0	2	0	0	3	1	4	0	7	1	1	0	1	0	1	0	0	2	1	2	0	3	1	0	0	1	1	6	0	5
chr1	13185436	13185669	234	8	0	234	136	98	20	10	13	7	10	2	7	13	14	4	13	7	5	1	7	1	2	5	2	8	9	2	0	9	6	4	1	11	15	9	3	12
chr1	13185748	13186311	564	8	0	564	327	237	36	14	35	29	23	12	22	19	42	14	22	9	13	7	10	19	21	12	0	14	20	15	3	19	12	13	4	17	23	17	7	39
chr1	13186313	13186389	77	7	0	77	44	33	6	4	5	2	4	2	3	4	6	0	2	0	1	2	1	0	3	2	0	3	6	0	0	3	2	2	0	4	2	5	0	1
chr1	13186391	13186611	221	8	0	221	139	82	16	8	5	14	7	8	9	15	6	6	5	8	14	3	6	9	14	5	0	6	7	3	0	5	8	2	0	6	10	4	2	8
chr1	13186624	13186968	345	8	0	345	206	139	19	12	20	13	19	8	9	14	11	11	13	15	15	5	10	12	19	6	0	11	13	7	1	12	7	4	0	7	10	17	1	22
chr1	13186978	13187366	389	8	0	389	234	155	24	18	10	17	16	20	16	23	20	7	14	11	9	5	10	13	27	8	0	15	14	3	0	10	13	3	1	9	21	13	1	16
chr1	13187368	13187411	44	8	0	44	26	18	1	1	1	3	0	2	0	3	0	1	2	0	5	2	3	2	2	2	1	1	0	0	0	4	1	1	0	1	1	1	1	0
chr1	13187413	13187849	437	8	0	437	274	163	38	19	19	23	20	15	13	19	24	8	12	6	17	11	12	18	28	11	5	9	9	6	3	7	15	3	1	14	15	6	3	26
chr1	13187851	13187871	21	8	0	21	15	6	4	0	1	3	2	0	0	1	2	0	0	2	0	0	0	0	0	0	0	0	0	0	0	0	0	0	0	0	3	1	0	0
chr1	13187875	13188001	127	8	0	127	86	41	18	2	6	6	6	3	3	3	5	2	0	10	4	0	7	9	2	2	1	2	3	2	1	1	5	1	0	4	5	2	0	10
chr1	13188003	13188032	30	8	0	30	21	9	2	2	0	1	1	0	1	1	1	0	1	1	1	2	2	3	2	1	0	2	1	0	0	0	0	0	0	0	1	0	0	2
chr1	13188034	13188525	492	8	0	492	294	198	37	11	18	34	21	10	20	13	24	8	18	22	18	8	11	21	12	14	1	9	21	7	3	21	11	8	3	14	20	23	7	22
chr1	13188527	13188589	63	8	0	63	43	20	6	4	0	4	4	3	2	6	3	1	0	3	2	0	0	3	6	2	0	0	3	0	0	0	2	0	0	0	4	1	0	2
chr1	13188591	13190840	2250	8	0	2250	1389	861	193	91	86	109	112	59	67	123	101	35	49	75	74	53	68	93	108	53	12	65	93	46	4	63	67	39	2	48	93	69	4	94
chr1	13190841	13190865	25	7	0	25	18	7	6	0	6	0	0	0	0	0	6	0	0	0	0	0	0	0	0	0	0	0	0	0	0	0	0	0	0	0	0	0	0	5
chr1	13190874	13190925	52	8	0	52	33	19	5	0	10	0	1	0	0	2	10	0	1	2	0	0	0	0	0	0	0	0	1	0	0	3	1	0	0	1	1	4	0	8
chr1	13203237	13203287	51	6	0	51	20	31	0	1	1	0	1	3	4	2	1	1	3	2	0	0	0	0	0	1	1	3	4	2	0	2	3	3	2	2	4	2	0	1
chr1	13203402	13203448	47	6	0	47	26	21	2	0	12	0	0	0	0	0	11	0	0	0	0	0	0	0	0	0	0	0	0	0	0	9	0	0	0	0	0	9	0	2
chr1	13203465	13203520	56	6	0	56	42	14	14	0	13	0	0	0	0	0	14	0	0	0	0	0	0	0	0	0	0	0	0	0	0	0	0	0	0	0	0	0	0	13
chr1	13203521	13203532	12	6	0	12	9	3	3	0	2	0	0	0	0	0	3	0	0	0	0	0	0	0	0	0	0	0	0	0	0	0	0	0	0	0	0	0	0	2
chr1	13203533	13203548	16	6	0	16	12	4	4	0	4	0	0	0	0	0	3	0	0	0	0	0	0	0	0	0	0	0	0	0	0	0	0	0	0	0	0	0	0	3
chr1	13220921	13221331	411	8	0	411	231	180	31	13	19	15	18	14	20	8	18	10	10	10	10	8	19	7	12	15	0	18	21	11	0	16	11	8	3	16	15	14	1	18
chr1	13221336	13221567	232	8	0	232	148	84	16	4	7	18	5	8	6	10	11	4	8	10	14	4	8	14	6	6	0	8	10	5	0	9	2	2	0	2	11	12	0	10
chr1	13221571	13221672	102	8	0	102	67	35	9	2	4	7	4	2	1	6	6	1	5	4	5	1	3	5	4	1	0	1	2	2	0	5	2	1	0	1	5	5	0	6
chr1	13221699	13221785	87	8	0	87	55	32	4	2	4	7	3	4	2	4	4	2	2	1	6	3	4	2	6	2	0	3	4	1	0	2	1	2	0	1	2	2	0	5
chr1	13221834	13222137	304	8	0	304	152	152	9	7	12	10	8	9	17	16	12	6	13	12	9	4	3	4	8	9	0	9	15	18	2	17	12	13	1	4	15	12	1	15
chr1	13222196	13222247	52	8	0	52	25	27	2	4	0	0	2	1	2	1	1	3	4	1	1	0	1	0	1	3	2	2	2	2	1	3	0	2	0	0	4	1	1	3
chr1	13222275	13222344	70	8	0	70	30	40	0	2	3	0	5	6	3	0	0	2	5	2	0	0	2	0	1	4	0	5	5	1	0	3	5	2	0	3	3	4	0	2
chr1	13222388	13222477	90	8	0	90	41	49	1	2	2	2	3	2	6	4	1	2	5	4	2	2	2	0	2	4	0	2	5	2	0	8	3	6	0	3	5	4	2	2
chr1	13224566	13224726	161	6	0	161	79	82	3	3	4	4	1	7	9	2	7	3	9	6	3	5	8	4	6	7	1	4	6	9	0	12	2	1	1	8	6	10	2	6
chr1	13224738	13225324	587	6	0	587	311	276	20	17	24	17	15	21	44	21	31	11	24	17	12	14	11	11	30	17	2	14	28	11	1	25	17	15	1	31	26	22	2	33
chr1	13225326	13225407	82	6	0	82	38	44	3	1	1	2	2	0	5	6	1	3	7	2	1	1	0	2	2	2	0	1	7	3	1	4	2	4	1	3	3	6	0	4
chr1	13225409	13225430	22	6	0	22	12	10	1	1	2	0	1	2	1	0	3	0	0	0	0	0	0	0	0	0	0	2	2	0	0	0	1	0	0	1	1	2	0	0
chr1	13225431	13226024	594	7	0	594	254	340	16	11	25	7	11	22	44	11	27	15	24	14	5	8	9	4	13	23	7	13	37	49	2	43	17	25	6	24	22	34	3	21
chr1	13226029	13226138	110	6	0	110	46	64	4	1	3	2	3	1	12	2	2	2	7	5	1	0	0	1	1	1	1	1	8	4	0	8	6	9	1	6	3	7	0	6
chr1	13226139	13226208	70	7	0	70	34	36	3	1	4	0	2	3	6	0	1	4	4	1	1	1	1	1	2	1	0	6	4	2	0	4	1	5	0	0	4	2	0	4
chr1	13226216	13226354	139	6	0	139	77	62	3	4	6	10	7	3	4	4	7	4	7	2	5	4	3	2	3	4	1	7	8	5	1	5	4	4	0	0	3	6	2	9
chr1	13226356	13226429	74	7	0	74	44	30	9	2	5	2	4	2	2	0	4	0	6	1	2	1	2	1	1	2	0	2	4	2	0	1	0	0	0	6	3	3	0	5
chr1	13226431	13226603	173	6	0	173	89	84	11	5	10	3	10	8	7	3	2	6	7	2	6	3	4	0	7	7	0	8	13	4	1	7	2	10	1	7	7	4	0	6
chr1	13226605	13226656	52	6	0	52	19	33	0	1	0	0	0	2	5	2	0	0	4	0	1	2	1	0	1	2	0	2	4	1	1	5	4	5	0	3	1	2	1	0
chr1	13226658	13226765	108	6	0	108	55	53	7	2	1	5	3	5	9	0	2	3	9	1	2	0	1	3	1	2	0	7	5	2	1	4	6	4	2	4	5	4	1	5
chr1	13226770	13226865	96	7	0	96	52	44	6	5	2	3	4	3	6	2	2	4	5	0	4	2	2	1	6	1	0	7	7	5	0	2	0	3	0	1	2	4	0	5
chr1	13226867	13226904	38	7	0	38	30	8	6	1	1	4	1	2	0	2	2	1	0	0	4	0	1	3	2	1	0	1	1	0	0	0	0	0	0	0	2	0	0	1
chr1	13226906	13227058	153	7	0	153	81	72	10	3	5	6	8	6	8	5	2	3	7	2	4	4	3	3	9	2	0	5	10	5	0	6	3	9	0	8	5	5	0	5
chr1	13227059	13227124	66	8	0	66	27	39	0	0	2	0	1	5	7	2	1	2	2	2	0	1	1	0	5	2	0	1	4	1	0	4	4	3	2	5	2	3	0	2
chr1	13227126	13227168	43	8	0	43	21	22	0	1	2	0	0	2	5	0	2	1	2	2	1	3	0	0	2	1	0	4	1	2	0	0	2	1	0	1	2	0	0	4
chr1	13227170	13227323	154	7	0	154	98	56	13	4	5	12	6	3	6	8	7	6	5	2	8	2	2	8	7	3	0	5	10	3	0	1	2	2	0	2	4	5	0	11
chr1	13227325	13227350	26	7	0	26	15	11	1	0	2	1	1	0	1	2	0	1	0	1	2	1	1	0	1	0	0	1	1	1	0	1	1	1	0	0	1	1	0	1
chr1	13227352	13227416	65	7	0	65	32	33	3	3	3	1	5	2	2	0	1	3	1	1	1	1	4	0	2	6	0	1	4	2	0	5	2	2	0	2	1	2	0	3
chr1	13227434	13227738	305	7	0	305	158	147	22	7	7	11	10	18	18	3	7	4	18	7	8	3	6	7	10	9	1	12	14	9	4	12	12	16	2	10	13	5	3	15
chr1	13227746	13227819	74	8	0	74	49	25	9	3	2	6	2	1	4	2	5	0	0	1	2	1	6	3	1	0	0	4	2	0	0	2	3	3	0	4	3	1	0	2
chr1	13227821	13227916	96	7	0	96	47	49	0	1	4	4	5	3	5	4	4	3	6	3	0	2	1	1	2	2	1	4	4	2	0	5	6	3	1	2	5	4	2	5
chr1	13227925	13228268	344	7	0	344	175	169	23	7	8	13	13	14	21	10	8	8	20	7	6	4	8	4	7	14	1	11	17	8	3	18	16	16	0	14	18	8	4	13
chr1	13228270	13228283	14	7	0	14	14	0	12	0	0	0	0	0	0	0	0	0	0	0	0	0	0	0	0	0	0	0	0	0	0	0	0	0	0	0	0	0	0	0
chr1	13228285	13228392	108	7	0	108	77	31	18	5	2	8	3	2	4	6	5	1	3	3	7	1	3	5	6	0	0	3	1	0	0	2	3	2	0	1	5	1	0	6
chr1	13228394	13228429	36	8	0	36	17	19	2	0	2	2	1	2	1	2	3	1	1	0	0	0	0	0	2	1	0	0	2	0	0	2	1	4	1	0	1	0	1	2
chr1	13228430	13228463	34	8	0	34	14	20	0	0	0	0	0	2	3	1	0	2	2	0	0	1	2	1	1	1	0	3	2	2	0	1	1	2	0	1	2	1	0	1
chr1	13228465	13228802	338	7	0	338	178	160	21	9	14	11	17	14	16	7	11	6	17	10	6	9	5	4	12	15	1	10	21	3	5	12	10	9	4	13	12	14	2	16
chr1	13228804	13228862	59	8	0	59	23	36	1	1	2	0	2	2	3	2	1	3	5	0	0	0	0	0	0	4	0	2	4	7	0	5	1	1	0	2	4	4	0	1
chr1	13228863	13228957	95	7	0	95	51	44	4	2	6	3	3	3	4	2	5	1	3	6	3	1	2	2	1	1	1	4	5	2	1	5	2	3	0	3	4	8	0	3
chr1	13228966	13229278	313	7	0	313	186	127	17	9	14	22	12	9	14	11	23	7	8	12	10	3	6	9	5	10	0	13	14	7	2	10	6	3	0	5	21	15	0	14
chr1	13229280	13229321	42	8	0	42	27	15	3	2	2	2	2	2	2	2	2	1	0	1	1	2	0	1	4	2	0	2	2	0	0	1	0	0	0	0	2	1	0	1
chr1	13229323	13229479	157	7	0	157	86	71	15	5	3	8	6	4	7	6	4	2	9	5	6	2	3	1	7	2	0	4	7	8	1	6	2	6	3	3	7	5	0	8
chr1	13229487	13229673	187	8	0	187	87	100	7	4	4	4	6	9	9	5	4	4	10	8	2	4	5	1	5	9	1	6	12	4	3	11	4	10	3	5	9	8	3	6
chr1	13229675	13229767	93	7	0	93	51	42	12	3	2	2	4	5	7	0	1	2	6	0	2	0	2	2	4	2	0	3	2	0	0	5	7	5	0	4	4	0	0	5
chr1	13229769	13229844	76	8	0	76	34	42	1	1	1	1	1	3	4	1	0	1	5	8	2	0	2	2	1	2	1	1	4	3	1	6	1	3	1	3	4	5	3	2
chr1	13229846	13229898	53	7	0	53	29	24	8	1	0	3	2	3	2	2	1	1	1	0	1	1	1	1	2	4	0	0	6	2	0	2	1	2	0	1	1	1	0	1
chr1	13229901	13230087	187	8	0	187	106	81	15	4	8	9	6	4	13	1	4	3	12	3	11	1	1	11	2	2	0	8	8	3	1	7	8	7	2	9	6	6	1	9
chr1	13230091	13230178	88	7	0	88	41	47	2	1	3	2	4	2	7	2	1	3	5	3	1	2	1	1	2	4	0	2	4	0	1	7	4	6	0	4	5	2	2	3
chr1	13230189	13230332	144	7	0	144	70	74	3	1	3	5	3	8	7	5	3	3	8	4	3	4	7	2	2	5	1	8	8	5	3	5	8	5	0	5	6	5	0	7
chr1	13230334	13230376	43	8	0	43	26	17	13	0	0	0	1	2	2	1	0	2	3	1	0	0	0	0	2	2	0	0	2	2	0	2	0	0	0	0	2	1	0	3
chr1	13230378	13230394	17	8	0	17	8	9	0	0	1	0	0	2	1	2	1	0	0	0	0	0	0	0	0	1	0	1	2	0	0	0	1	0	0	1	2	0	0	0
chr1	13230397	13230492	96	7	0	96	48	48	5	1	1	3	3	5	6	3	2	1	4	8	0	1	4	0	2	3	1	2	6	4	0	4	4	2	0	4	4	5	1	5
chr1	13230512	13230536	25	8	0	25	17	8	6	1	0	0	2	0	2	0	0	0	1	1	0	1	0	1	3	0	0	0	0	0	0	1	0	1	0	1	1	0	0	1
chr1	13230537	13230663	127	7	0	127	86	41	16	6	3	10	7	2	2	8	5	1	2	3	6	4	1	9	6	3	2	2	4	3	0	3	2	1	0	3	6	3	2	0
chr1	13230665	13230702	38	8	0	38	19	19	0	0	2	1	1	5	0	0	1	1	2	1	1	2	1	0	2	4	0	1	3	1	0	2	0	0	0	0	1	1	0	3
chr1	13230704	13231000	297	8	0	297	160	137	15	12	18	12	18	8	9	11	13	6	10	7	10	4	2	4	11	13	0	6	21	11	0	19	4	12	0	4	10	15	0	10
chr1	13231001	13231171	171	7	0	171	104	67	19	4	7	7	5	7	6	6	6	5	8	4	7	5	2	4	8	7	0	6	6	5	1	6	2	0	0	2	8	6	1	9
chr1	13231173	13231202	30	8	0	30	17	13	0	1	1	1	0	0	0	4	2	2	0	1	1	0	1	2	0	2	1	0	1	0	1	0	0	0	0	2	3	1	0	1
chr1	13231204	13231567	364	7	0	364	188	176	22	9	11	13	20	18	19	10	6	7	15	9	7	4	5	12	15	11	1	11	22	11	2	17	19	18	0	11	12	12	2	11
chr1	13231575	13231819	245	7	0	245	140	105	10	9	16	9	17	3	10	14	11	7	6	13	6	7	1	0	11	7	1	7	8	5	0	10	3	6	1	8	23	6	0	8
chr1	13231822	13231979	158	7	0	158	95	63	6	6	8	9	9	6	5	6	9	4	7	1	4	3	3	8	9	2	0	8	6	3	0	4	3	1	0	6	8	7	0	5
chr1	13231992	13232336	345	7	0	345	180	165	17	8	9	16	17	18	21	11	5	6	17	10	11	5	3	5	12	13	0	12	24	11	0	13	16	12	0	12	15	11	0	13
chr1	13232337	13232364	28	7	0	28	28	0	6	0	0	6	0	0	0	0	0	0	0	0	7	0	0	7	0	0	0	0	0	0	0	0	0	0	0	0	0	0	0	0
chr1	13232365	13232560	196	7	0	196	88	108	7	3	2	6	4	11	11	5	3	4	10	6	4	5	6	1	7	10	1	5	12	10	3	12	6	10	1	7	6	8	3	5
chr1	13232562	13232583	22	8	0	22	9	13	0	1	1	0	1	0	2	0	1	0	2	0	0	0	0	0	0	2	0	0	1	1	0	3	1	1	0	0	1	1	0	1
chr1	13232587	13232646	60	7	0	60	30	30	2	2	1	1	4	4	3	2	1	0	6	3	0	0	0	0	2	1	0	3	4	1	0	1	3	2	0	3	4	2	0	3
chr1	13232648	13233408	761	7	0	761	440	321	73	29	15	37	34	16	34	27	18	9	36	17	28	17	24	25	28	16	4	23	37	13	4	31	24	30	5	25	22	25	3	30
chr1	13233428	13233498	71	7	0	71	32	39	2	2	2	1	2	1	7	2	2	2	3	4	1	0	0	1	1	3	0	1	3	2	1	5	3	4	0	3	4	3	1	3
chr1	13233510	13233589	80	7	0	80	45	35	3	4	1	3	3	1	1	7	1	2	2	3	4	6	3	1	4	3	4	2	3	2	2	1	1	3	0	1	4	0	0	3
chr1	13233590	13233616	27	8	0	27	21	6	9	6	0	0	5	0	0	0	0	0	0	0	0	0	0	0	5	0	0	0	0	0	0	0	0	0	0	0	0	0	0	0
chr1	13233633	13233718	86	7	0	86	42	44	3	4	1	1	6	4	5	1	0	2	8	2	0	2	2	0	4	2	0	5	3	1	1	3	5	4	0	3	4	1	1	6
chr1	13233733	13233947	215	7	0	215	115	100	13	8	6	7	8	5	15	5	6	3	8	7	6	8	8	0	9	6	0	9	10	9	0	11	4	9	0	9	10	6	0	8
chr1	13233972	13234015	44	7	0	44	29	15	8	3	3	0	4	1	1	0	2	1	2	1	1	0	0	1	3	1	0	1	0	0	0	1	1	1	0	0	2	0	0	4
chr1	13234017	13234959	943	7	0	943	504	439	63	32	32	31	39	39	51	17	26	16	37	25	30	18	29	17	33	30	6	36	45	18	10	45	35	41	1	35	34	29	7	34
chr1	13234960	13234976	17	7	0	17	17	0	15	0	0	0	0	0	0	0	0	0	0	0	0	0	0	0	0	0	0	0	0	0	0	0	0	0	0	0	0	0	0	0
chr1	13234977	13235021	45	7	0	45	14	31	0	0	0	0	0	2	5	0	0	2	5	0	0	0	0	0	0	0	1	3	3	1	1	1	4	3	3	3	0	2	1	3
chr1	13235023	13235589	567	7	0	567	256	311	40	8	8	12	10	22	33	15	8	9	33	17	10	11	16	3	10	16	6	18	27	20	17	30	22	38	16	24	21	20	7	18
chr1	13235602	13236696	1095	7	0	1095	573	522	71	27	42	36	34	49	61	23	35	21	50	27	35	21	24	16	38	34	5	41	49	31	14	47	35	42	8	45	45	34	9	44
chr1	13236697	13238209	1513	7	0	1513	813	700	106	50	73	45	63	46	69	50	53	25	47	43	51	18	39	34	44	47	8	40	79	64	9	63	57	51	5	65	48	53	6	60
chr1	13238210	13238235	26	7	0	26	26	0	24	0	0	0	0	0	0	0	0	0	0	0	0	0	0	0	0	0	0	0	0	0	0	0	0	0	0	0	0	0	0	0
chr1	13238236	13238444	209	7	0	209	93	116	7	7	4	4	8	6	14	6	5	6	11	5	2	4	3	1	7	6	2	8	14	8	2	11	7	13	4	6	6	9	4	7
chr1	13238456	13239044	589	7	0	589	315	274	37	8	12	24	14	23	30	25	12	11	31	14	18	15	9	31	20	15	3	19	33	15	6	23	17	29	6	20	22	18	7	20
chr1	13239045	13239063	19	7	0	19	19	0	17	0	0	0	0	0	0	0	0	0	0	0	0	0	0	0	0	0	0	0	0	0	0	0	0	0	0	0	0	0	0	0
chr1	13239064	13239455	392	7	0	392	198	194	18	13	5	14	11	16	27	11	11	7	18	13	10	9	7	8	15	17	4	9	23	18	1	18	11	13	3	13	16	12	2	17
chr1	13239456	13239741	286	7	0	286	154	132	34	4	8	10	5	12	15	5	8	5	13	7	8	8	6	4	11	9	2	7	14	9	4	13	4	13	3	10	9	9	3	12
chr1	13239743	13239828	86	7	0	86	40	46	4	0	3	2	0	5	4	1	5	1	12	1	0	0	0	0	3	3	0	1	2	7	1	5	1	1	1	1	4	4	0	12
chr1	13239830	13239859	30	6	0	30	19	11	4	0	4	0	0	0	0	0	4	0	6	0	0	0	0	0	0	0	0	0	0	0	0	0	0	0	0	0	0	0	0	10
chr1	13239870	13239894	25	8	0	25	20	5	8	0	5	0	0	0	0	0	5	0	0	0	0	0	0	0	0	0	0	0	0	0	0	0	0	0	0	0	0	0	0	5
chr1	13239895	13240931	1037	7	0	1037	581	456	80	25	44	45	43	30	47	39	40	29	37	32	30	14	18	26	37	28	6	27	54	32	4	41	30	36	4	18	38	35	6	60
chr1	13240933	13240951	19	7	0	19	6	13	0	0	0	0	0	0	1	0	0	2	3	0	0	0	0	0	1	0	0	1	0	4	0	0	0	0	0	0	0	1	1	3
chr1	13240953	13241630	678	7	0	678	425	253	65	19	25	55	31	22	26	24	41	10	20	25	26	8	8	18	22	18	5	14	24	16	0	24	11	6	0	17	46	24	1	25
chr1	13241646	13242429	784	7	0	784	419	365	60	19	19	25	28	31	44	17	21	22	40	22	14	10	14	32	27	19	8	28	33	16	8	37	25	30	8	21	35	29	8	32
chr1	13242432	13242878	447	7	0	447	240	207	42	11	22	16	20	16	16	10	14	10	15	9	16	13	4	5	16	16	5	13	18	28	4	19	12	12	8	8	16	13	1	17
chr1	13242879	13243362	484	6	0	484	238	246	21	12	14	13	20	21	24	13	10	7	22	18	10	13	11	8	14	17	4	18	28	16	6	28	13	29	3	13	23	16	5	12
chr1	13243363	13244853	1491	6	0	1491	804	687	104	29	49	72	65	56	70	47	35	34	67	36	50	30	31	27	54	42	7	46	75	50	11	60	54	54	12	50	55	50	6	61
chr1	13244854	13244900	47	6	0	47	45	2	0	1	0	14	0	0	0	0	0	0	0	0	15	1	0	14	0	0	0	0	0	0	0	0	0	0	0	0	0	0	0	0
chr1	13244901	13245204	304	6	0	304	154	150	6	7	12	8	12	10	18	11	8	6	14	7	8	7	11	8	12	5	0	12	19	10	1	11	11	16	1	16	9	10	0	16
chr1	13245206	13247407	2202	6	0	2202	1087	1115	95	42	83	47	58	78	142	65	81	58	110	62	34	38	52	40	63	71	9	74	112	84	17	126	79	77	12	80	89	107	8	107
chr1	13247408	13247834	427	7	0	427	228	199	24	14	22	6	12	15	21	14	20	9	22	9	10	9	12	9	12	12	6	17	10	11	2	24	20	9	4	11	20	15	0	24
chr1	13247850	13248775	926	7	0	926	454	472	26	19	43	22	36	35	52	31	30	28	43	28	18	13	20	9	31	27	7	30	46	43	4	51	33	34	0	36	45	40	3	41
chr1	13248776	13250019	1244	7	0	1244	650	594	85	32	32	41	34	55	75	43	49	28	57	40	23	19	24	12	34	41	10	49	57	31	11	63	42	42	5	35	74	48	10	41
chr1	13250020	13250230	211	6	0	211	129	82	22	5	14	10	6	5	6	12	15	5	7	3	8	3	4	3	7	6	2	4	6	4	0	10	2	1	0	9	14	9	0	7
chr1	13250231	13250594	364	7	0	364	189	175	14	13	12	9	10	21	21	11	17	5	17	7	7	10	10	5	15	17	1	16	14	7	6	17	13	12	0	9	21	8	1	16
chr1	13250595	13250729	135	6	0	135	102	33	26	3	5	16	5	1	2	4	5	0	4	3	14	2	3	9	3	1	0	2	3	0	0	2	3	2	1	2	3	2	1	6
chr1	13250730	13250802	73	7	0	73	42	31	4	1	1	6	3	2	3	5	3	1	2	2	3	2	0	3	2	4	0	0	3	0	1	4	3	4	0	1	5	1	1	1
chr1	13250803	13250866	64	6	0	64	30	34	1	1	2	2	2	2	3	1	1	3	4	2	2	0	2	0	0	2	1	3	3	1	1	5	3	4	0	1	2	3	2	3
chr1	13250867	13250989	123	7	0	123	66	57	12	2	3	6	3	3	4	3	3	2	3	0	5	6	7	2	4	6	1	3	3	5	5	8	4	6	0	4	2	4	0	2
chr1	13250990	13251094	105	6	0	105	71	34	18	0	0	10	1	5	5	4	3	2	5	3	6	1	0	7	2	1	1	3	4	0	0	1	3	2	0	3	7	2	1	3
chr1	13251095	13251239	145	7	0	145	89	56	9	5	7	7	10	5	3	9	6	4	5	4	3	5	3	2	10	4	0	5	6	0	0	4	5	1	0	2	7	5	0	7
chr1	13251240	13251355	116	6	0	116	74	42	9	5	3	5	6	5	2	7	3	1	2	6	4	3	4	8	9	2	0	3	4	1	0	4	2	3	1	0	5	3	0	4
chr1	13251356	13251423	68	7	0	68	45	23	6	0	4	6	1	1	3	5	9	0	1	3	0	0	2	2	0	0	0	1	2	0	0	1	3	1	0	2	5	2	0	6
chr1	13251424	13251491	68	6	0	68	48	20	15	7	4	2	8	1	1	1	4	0	1	1	1	0	0	1	8	0	0	0	1	0	0	2	0	0	0	2	2	3	0	1
chr1	13251492	13251563	72	7	0	72	32	40	1	2	2	1	4	4	5	0	1	3	8	1	0	0	0	0	1	3	0	5	4	0	0	4	4	1	1	2	4	5	1	3
chr1	13251564	13251605	42	6	0	42	20	22	0	0	1	0	1	0	2	0	0	2	6	2	0	1	3	0	0	0	0	3	0	0	0	3	1	1	1	3	2	2	3	3
chr1	13251606	13251702	97	7	0	97	53	44	11	2	0	5	4	3	3	7	1	2	3	2	2	1	4	2	3	5	0	0	8	3	0	2	3	4	2	5	3	1	1	3
chr1	13251703	13251932	230	6	0	230	134	96	35	6	7	11	12	7	7	3	7	5	12	5	5	1	4	6	6	5	2	6	10	5	3	11	4	10	0	4	9	10	1	9
chr1	13251933	13251996	64	7	0	64	44	20	5	2	5	4	5	0	1	3	2	1	1	3	4	1	1	4	4	1	0	0	1	0	0	2	2	1	0	1	2	1	0	5
chr1	13251997	13254326	2330	6	0	2330	1333	997	144	69	103	102	96	70	111	92	105	53	76	80	73	48	45	66	80	82	5	73	92	65	7	99	73	36	7	62	123	80	10	101
chr1	13254327	13254384	58	7	0	58	29	29	4	0	1	0	0	3	5	2	0	3	1	3	0	1	2	3	3	1	1	1	3	1	0	3	3	2	0	3	1	3	1	2
chr1	13254385	13254414	30	6	0	30	22	8	3	1	2	3	3	0	0	3	4	0	0	0	0	0	0	2	1	0	0	0	0	0	0	0	0	0	0	2	4	0	0	0
chr1	13254415	13254687	273	7	0	273	151	122	32	11	8	8	17	11	9	10	6	7	13	7	6	1	2	1	10	6	4	10	14	14	0	9	10	8	0	4	13	9	2	9
chr1	13254688	13254724	37	6	0	37	19	18	1	2	2	2	3	1	1	0	2	0	1	1	1	1	0	0	0	3	0	1	0	2	2	2	3	0	0	1	2	1	0	0
chr1	13254725	13255346	622	7	0	622	316	306	37	9	18	21	19	33	36	24	14	15	31	15	16	11	9	6	22	24	4	18	41	19	2	22	21	23	4	30	28	18	6	24
chr1	13255347	13255387	41	6	0	41	27	14	1	0	0	4	1	2	1	3	1	0	0	4	2	2	1	3	1	3	0	0	3	1	0	1	0	0	0	0	3	1	0	1
chr1	13255388	13255583	196	7	0	196	124	72	18	8	9	9	10	7	8	2	11	6	7	9	5	1	3	10	13	1	0	8	2	5	1	7	0	2	0	0	12	7	1	12
chr1	13255584	13255776	193	6	0	193	119	74	21	3	8	15	6	5	6	5	13	1	7	12	7	2	4	3	2	4	0	5	10	9	0	5	0	2	0	4	10	9	2	11
chr1	13255777	13255807	31	6	0	31	30	1	28	0	0	0	1	0	0	0	0	0	0	0	0	0	0	0	0	0	0	0	0	0	0	0	0	0	0	0	0	0	0	0
chr1	13255808	13255883	76	7	0	76	37	39	1	3	1	3	3	3	7	0	3	1	4	1	0	1	3	2	2	3	0	3	4	2	0	5	3	3	0	4	4	3	0	2
chr1	13255884	13255914	31	6	0	31	14	17	0	0	1	0	0	0	2	0	1	1	2	2	0	1	3	0	1	0	0	1	0	1	0	3	0	1	0	3	1	2	1	2
chr1	13255915	13256126	212	7	0	212	111	101	8	5	5	9	7	7	11	4	5	8	7	4	7	8	10	5	8	10	2	8	11	5	1	12	4	8	4	4	7	6	1	9
chr1	13256127	13256312	186	6	0	186	106	80	9	3	5	12	9	7	7	9	8	1	4	14	3	2	2	11	4	5	1	3	9	8	3	3	6	2	2	6	12	8	0	6
chr1	13256313	13256375	63	7	0	63	37	26	5	0	7	2	3	1	1	0	3	4	2	1	3	0	2	1	1	3	0	1	2	2	0	3	0	1	0	3	3	1	0	6
chr1	13256376	13256418	43	6	0	43	21	22	0	2	3	0	1	1	3	0	4	1	3	0	0	0	2	0	0	2	0	2	1	0	0	4	2	0	0	2	2	3	0	3
chr1	13256419	13256484	66	7	0	66	37	29	1	0	2	2	0	2	6	2	1	5	1	4	3	4	3	0	4	2	0	6	3	1	0	2	0	0	0	0	3	3	0	4
chr1	13256485	13256549	65	6	0	65	34	31	9	0	1	0	0	3	5	1	1	3	1	2	0	3	2	3	4	3	1	1	3	2	0	3	1	2	0	3	1	2	1	2
chr1	13256550	13257037	488	7	0	488	265	223	43	20	16	17	28	18	20	19	15	10	21	12	10	4	5	5	16	19	3	14	25	18	2	22	18	17	0	11	26	13	3	16
chr1	13257038	13257253	216	6	0	216	110	106	15	0	6	6	6	12	14	8	2	7	12	4	4	6	4	2	9	7	0	9	15	6	1	5	9	7	0	12	8	7	1	10
chr1	13257254	13257342	89	7	0	89	59	30	16	3	4	6	7	2	1	4	1	2	2	6	4	0	0	0	4	3	0	0	5	1	0	3	0	1	0	1	4	4	0	3
chr1	13257343	13257526	184	6	0	184	90	94	4	2	7	6	7	10	8	9	7	3	8	6	1	1	6	4	5	5	0	6	8	5	3	9	9	10	0	9	11	5	3	5
chr1	13257527	13257588	62	7	0	62	41	21	7	4	2	2	1	1	4	2	4	3	2	2	3	0	2	1	5	0	0	2	0	1	0	1	0	0	0	0	3	1	0	7
chr1	13257589	13257614	26	6	0	26	18	8	4	1	1	2	2	0	1	0	1	0	0	1	1	0	0	3	0	0	0	1	1	0	0	1	1	1	0	0	2	0	0	0
chr1	13257615	13257731	117	7	0	117	69	48	7	4	10	2	6	3	4	1	8	4	4	4	2	1	2	5	6	2	0	5	2	3	0	8	0	2	0	0	7	6	0	7
chr1	13257732	13257758	27	6	0	27	16	11	3	2	1	1	1	1	0	2	2	0	0	1	0	0	0	0	2	1	0	0	1	3	0	1	0	0	0	0	2	1	0	0
chr1	13257759	13257808	50	7	0	50	30	20	5	0	2	3	1	2	1	3	3	2	1	3	1	0	2	1	0	1	0	2	1	2	0	3	0	0	0	0	5	3	0	1
chr1	13257809	13257999	191	6	0	191	118	73	8	4	5	18	7	3	11	3	8	2	10	10	11	3	7	7	4	2	0	6	7	2	0	6	4	4	0	7	9	7	0	14
chr1	13258000	13258207	208	7	0	208	99	109	8	4	4	4	6	9	15	4	2	5	11	8	4	6	8	0	6	9	1	8	10	3	1	15	9	11	2	8	10	6	2	7
chr1	13258208	13258363	156	6	0	156	90	66	6	4	5	8	6	10	5	8	6	1	8	3	5	3	3	9	10	3	0	4	5	4	0	6	5	4	0	5	9	4	0	5
chr1	13258364	13258683	320	7	0	320	165	155	17	3	20	5	12	11	16	6	13	11	26	8	3	4	6	3	10	9	0	10	13	12	0	14	8	3	1	16	14	14	1	29
chr1	13258684	13258728	45	6	0	45	22	23	4	1	3	0	0	0	1	0	4	0	9	0	0	0	0	0	0	0	0	0	0	4	0	4	0	0	0	0	0	4	0	9
chr1	13258729	13258836	108	7	0	108	68	40	13	3	13	3	2	0	1	2	13	0	8	1	3	0	3	2	2	1	0	0	0	4	0	6	1	0	0	3	1	5	0	16
chr1	13258837	13258937	101	6	0	101	60	41	5	5	4	8	6	2	1	9	7	1	1	0	3	3	3	1	8	1	0	2	5	6	0	3	1	2	0	3	4	4	0	1
chr1	13258938	13259262	325	7	0	325	156	169	11	6	13	10	8	13	22	11	16	4	18	7	5	5	4	2	4	6	2	16	20	13	1	16	17	16	1	12	13	15	2	14
chr1	13259263	13259307	45	6	0	45	19	26	0	0	2	0	1	2	2	2	1	2	4	2	0	0	0	0	0	1	0	2	3	1	2	1	3	0	0	3	2	5	0	2
chr1	13259308	13259547	240	7	0	240	91	149	3	3	12	0	5	7	19	8	7	4	13	5	2	1	0	1	6	5	1	3	15	15	3	21	10	22	4	14	8	13	2	6
chr1	13259548	13259624	77	6	0	77	29	48	1	1	2	0	2	5	5	3	1	2	3	2	0	1	0	1	2	6	0	0	9	7	0	6	0	5	0	3	3	4	0	1
chr1	13259625	13259894	270	7	0	270	121	149	8	7	9	6	9	15	10	11	7	3	19	2	5	5	3	1	6	12	2	9	22	11	4	17	7	17	1	9	10	14	1	6
chr1	13259895	13259921	27	6	0	27	14	13	3	0	0	2	0	2	1	2	0	0	0	0	1	0	1	0	0	3	0	0	4	2	0	0	1	1	0	2	0	0	0	0
chr1	13259922	13259973	52	7	0	52	27	25	1	2	1	3	3	1	3	1	2	0	3	2	1	2	1	0	2	2	0	1	1	2	0	4	1	1	0	2	4	3	0	1
chr1	13259974	13260100	127	6	0	127	60	67	12	3	4	1	4	9	8	2	4	4	6	3	0	0	0	0	6	4	2	4	7	6	0	7	6	3	1	2	4	7	1	5
chr1	13260101	13260124	24	7	0	24	13	11	2	0	2	0	0	1	1	0	2	1	3	0	0	0	0	0	0	0	0	1	0	1	0	1	0	0	0	0	2	1	0	4
chr1	13260125	13260151	27	6	0	27	10	17	0	0	2	0	1	0	2	0	1	0	3	0	0	0	0	0	0	0	0	0	0	3	0	3	2	0	0	4	0	3	0	1
chr1	13260152	13260199	48	6	0	48	30	18	3	3	1	3	0	1	3	3	5	0	4	1	2	0	0	0	1	0	0	3	2	0	0	1	0	0	0	0	4	3	0	3
chr1	13260200	13260224	25	6	0	25	13	12	2	0	0	1	0	2	1	0	1	0	3	0	0	0	1	1	1	1	0	0	1	1	0	2	0	0	0	0	1	2	0	2
chr1	13260225	13260298	74	7	0	74	39	35	3	3	4	1	2	3	5	3	5	2	1	3	1	1	1	1	3	2	0	3	6	1	0	1	1	2	0	3	3	4	0	4
chr1	13260299	13260332	34	6	0	34	19	15	3	1	2	1	3	1	0	2	2	0	2	0	0	0	0	0	1	1	0	0	2	1	0	2	2	1	0	1	1	2	0	1
chr1	13260333	13260928	596	7	0	596	298	298	19	15	24	12	12	24	42	19	33	13	29	12	6	15	13	8	24	19	5	20	28	18	1	32	20	14	3	27	25	28	5	29
chr1	13260929	13261046	118	6	0	118	52	66	1	2	1	3	4	0	6	8	2	2	7	4	0	1	8	3	3	2	0	0	5	7	1	9	7	6	1	9	3	7	0	4
chr1	13261047	13261226	180	7	0	180	92	88	6	5	7	4	3	5	10	6	6	4	8	7	7	2	9	2	5	5	0	6	6	9	1	12	4	8	1	5	9	6	0	10
chr1	13261227	13261329	103	6	0	103	65	38	13	4	6	3	4	2	6	2	5	3	2	4	4	2	1	3	4	2	1	5	3	2	0	2	2	1	0	1	5	2	1	6
chr1	13261330	13261395	66	7	0	66	29	37	0	2	2	1	3	1	6	1	3	1	6	2	0	0	0	0	2	1	0	1	1	1	0	5	4	3	2	5	4	2	2	3
chr1	13261396	13261516	121	6	0	121	63	58	6	3	2	5	2	7	8	2	3	2	5	3	5	2	3	4	4	5	1	4	9	2	0	7	1	7	1	3	6	4	0	3
chr1	13261517	13261848	332	7	0	332	183	149	20	8	14	15	10	15	15	15	17	3	10	13	10	6	7	5	12	8	3	9	13	13	1	12	12	7	2	12	18	10	2	13
chr1	13261849	13261879	31	6	0	31	9	22	0	0	0	0	1	1	3	0	0	2	0	0	0	0	0	0	1	1	2	0	1	3	2	2	2	3	2	1	1	1	0	0
chr1	13261880	13262913	1034	7	0	1034	526	508	50	21	34	36	35	40	61	36	33	26	52	37	23	12	18	11	28	32	3	36	60	33	7	50	31	36	6	37	53	49	4	42
chr1	13262914	13266813	3900	6	0	3900	2081	1819	197	113	124	151	149	153	203	143	115	81	155	119	124	79	74	101	162	112	29	123	190	134	20	178	134	127	24	115	162	149	19	139
chr1	13266815	13268872	2058	6	0	2058	1159	899	156	48	95	79	66	69	107	62	97	53	87	53	58	36	40	52	78	56	5	66	82	68	8	87	57	38	2	61	87	83	5	115
chr1	13268873	13271509	2637	7	0	2637	1313	1324	142	57	111	50	88	109	171	85	95	75	113	67	35	31	44	40	97	72	9	94	135	116	13	129	118	100	9	81	103	105	7	134
chr1	13271521	13274889	3369	7	0	3369	1669	1700	159	87	120	80	114	135	206	105	113	76	152	88	60	60	75	39	120	105	25	108	148	153	28	166	144	117	21	134	148	119	18	144
chr1	13274890	13278074	3185	6	0	3185	1702	1483	160	82	130	110	95	112	164	126	130	89	123	82	96	55	63	84	116	108	17	97	150	107	20	158	100	78	17	91	131	142	16	134
chr1	13278092	13278712	621	6	0	621	371	250	36	24	22	30	23	27	17	37	25	8	11	20	28	11	14	37	27	18	6	19	26	23	1	17	24	5	5	14	26	21	2	15
chr1	13278714	13278739	26	6	0	26	16	10	1	2	0	1	1	1	2	1	2	0	1	0	1	0	1	0	2	0	0	1	0	0	0	1	1	0	0	1	2	1	0	1
chr1	13278741	13278998	258	6	0	258	166	92	22	5	9	15	9	8	8	16	11	6	2	9	9	7	8	22	9	6	2	9	12	5	0	3	8	3	0	7	12	6	0	8
chr1	13279021	13279241	221	6	0	221	124	97	12	8	6	12	10	13	9	12	11	4	5	4	5	3	6	4	16	2	3	7	11	4	0	5	11	6	2	5	5	8	1	9
chr1	13279242	13279353	112	6	0	112	48	64	7	1	2	1	2	5	9	3	2	2	8	2	0	1	1	0	1	3	2	3	6	8	2	3	8	5	1	8	4	3	1	6
chr1	13279355	13279381	27	6	0	27	11	16	0	0	0	0	0	1	4	0	0	1	1	0	0	2	2	0	1	1	0	2	1	1	0	2	1	1	0	2	1	1	0	0
chr1	13279383	13281481	2099	6	0	2099	1156	943	103	44	62	102	56	82	100	96	71	44	79	64	81	44	45	82	78	59	16	62	85	82	12	98	70	63	5	54	100	73	13	72
chr1	13281483	13281529	47	6	0	47	21	26	1	1	1	1	2	0	5	1	2	0	4	2	0	0	0	0	0	0	0	1	2	5	0	0	2	1	0	6	4	1	0	3
chr1	13281531	13286149	4619	7	0	4619	2399	2220	237	112	174	143	133	172	267	162	185	116	217	147	111	52	85	86	172	132	15	133	204	177	27	251	146	134	17	145	212	214	25	214
chr1	13286163	13286235	73	6	0	73	32	41	5	0	7	1	0	0	0	1	8	0	9	0	0	0	0	0	0	0	0	0	0	10	0	13	0	0	0	0	1	13	0	3
chr1	13286239	13286285	47	6	0	47	35	12	11	0	11	0	0	0	0	0	12	0	0	0	0	0	0	0	0	0	0	0	0	0	0	0	0	0	0	0	0	0	0	11
chr1	13286286	13286321	36	6	0	36	21	15	2	1	3	0	0	0	2	0	3	1	5	0	2	0	0	0	1	0	0	1	0	0	0	2	0	1	0	1	1	1	0	7
chr1	13286323	13287008	686	6	0	686	358	328	30	19	24	21	23	29	34	29	29	10	36	22	12	11	14	14	28	16	6	19	24	23	5	35	28	18	2	26	35	31	3	28
chr1	13287010	13287030	21	6	0	21	15	6	3	2	1	1	1	0	1	1	2	0	0	0	1	0	1	0	1	0	0	1	0	0	0	0	0	0	0	0	1	0	0	2
chr1	13287032	13292308	5277	7	0	5277	2694	2583	234	121	203	173	187	186	305	186	205	160	252	117	106	59	79	120	200	146	28	151	253	244	29	267	187	155	16	172	224	248	13	249
chr1	13292309	13292329	21	8	0	21	14	7	2	1	0	0	0	0	0	1	1	0	0	2	0	0	2	4	0	1	0	0	1	2	0	0	0	0	0	0	0	0	0	2
chr1	13292330	13294160	1831	7	0	1831	1122	709	140	66	75	106	93	48	73	58	91	35	63	61	62	34	49	67	80	40	6	57	62	33	4	55	50	20	5	47	80	61	7	101
chr1	13294164	13297191	3028	7	0	3028	1712	1316	210	91	132	110	113	92	148	103	132	63	108	88	88	59	72	101	109	84	16	96	139	86	10	111	99	70	11	94	109	106	17	159
chr1	13297192	13298130	939	7	0	939	534	405	80	32	24	39	37	28	54	33	17	14	38	34	41	19	16	26	32	26	2	33	46	29	4	32	35	28	2	33	39	28	2	34
chr1	13298136	13303524	5389	7	0	5389	2913	2476	320	142	202	224	210	184	244	194	193	137	219	151	165	89	94	144	180	171	33	168	229	207	62	225	174	150	35	141	249	195	32	224
chr1	13303526	13303541	16	6	0	16	8	8	0	1	1	0	0	0	2	0	1	0	1	0	1	0	0	0	0	0	0	1	1	0	0	1	1	0	0	1	0	2	0	0
chr1	13303543	13307705	4163	7	0	4163	2194	1969	211	96	156	134	141	142	217	154	148	95	208	123	98	90	86	93	132	124	21	146	207	130	28	199	129	133	17	129	186	177	18	193
chr1	13307717	13308467	751	7	0	751	391	360	36	18	27	21	24	33	45	29	22	18	30	21	19	19	17	11	28	26	3	31	30	31	4	33	35	18	1	28	38	24	2	27
chr1	13308495	13311566	3072	7	0	3072	1740	1332	235	90	95	144	111	98	148	116	117	67	110	76	101	62	69	100	118	90	19	91	147	86	12	135	86	80	10	88	122	124	15	108
chr1	13311567	13311868	302	6	0	302	163	139	15	13	16	5	8	10	13	13	18	4	13	7	8	7	7	4	6	14	2	12	10	7	4	16	10	8	1	7	19	8	1	14
chr1	13311869	13312045	177	7	0	177	92	85	10	7	4	5	5	11	13	1	8	2	10	3	3	3	5	1	8	3	0	12	7	1	2	6	8	6	1	7	7	7	1	8
chr1	13312046	13312151	106	6	0	106	89	17	22	2	5	16	5	0	0	4	3	0	1	1	15	2	1	10	2	0	0	2	0	0	0	1	4	1	0	1	3	0	0	3
chr1	13312152	13312226	75	7	0	75	37	38	4	1	2	3	2	3	4	3	1	1	3	2	3	2	0	1	2	4	0	1	6	2	1	5	2	6	0	2	3	2	1	1
chr1	13312227	13312952	726	6	0	726	432	294	64	22	23	39	35	26	26	30	29	18	26	20	20	13	18	21	34	18	5	22	26	6	6	25	25	15	2	16	32	24	7	31
chr1	13312953	13313180	228	7	0	228	119	109	23	2	4	8	7	11	8	10	4	5	10	6	3	3	11	3	4	10	2	5	15	5	1	11	8	12	1	9	9	5	4	7
chr1	13313182	13313227	46	8	0	46	20	26	1	0	1	1	1	1	1	0	1	2	5	0	0	0	2	2	0	0	0	3	2	4	2	3	1	2	0	1	1	5	0	2
chr1	13313229	13313243	15	7	0	15	15	0	6	0	0	3	0	0	0	0	0	0	0	0	3	0	0	1	0	0	0	0	0	0	0	0	0	0	0	0	0	0	0	0
chr1	13313244	13313322	79	6	0	79	54	25	17	5	3	3	9	0	1	1	3	4	2	0	1	0	1	2	5	2	0	2	2	2	0	3	0	0	0	0	4	3	0	2
chr1	13313323	13313396	74	7	0	74	48	26	5	3	5	4	6	1	3	3	2	2	0	3	4	1	1	4	6	2	0	0	2	0	0	2	3	1	0	2	2	1	0	4
chr1	13313397	13313491	95	6	0	95	54	41	2	3	6	2	4	6	4	6	6	1	4	5	0	2	1	1	2	1	0	8	2	1	0	2	3	2	0	3	13	1	0	2
chr1	13313492	13313767	276	7	0	276	158	118	18	8	16	6	12	9	14	12	11	10	7	8	8	6	2	10	14	11	0	8	13	5	0	11	9	5	1	5	11	8	1	15
chr1	13313768	13314339	572	6	0	572	325	247	31	21	29	25	29	13	22	20	24	9	21	18	22	12	11	17	14	20	0	20	22	21	3	26	23	6	2	17	26	25	1	20
chr1	13314340	13314365	26	7	0	26	10	16	0	0	1	0	0	0	4	1	1	0	0	3	0	0	0	0	0	0	0	0	1	2	0	1	1	3	0	2	3	0	0	1
chr1	13314366	13314404	39	8	0	39	23	16	2	2	1	1	0	1	5	2	4	1	1	1	0	0	0	2	1	1	0	2	0	0	0	1	2	0	0	0	4	0	0	3
chr1	13314405	13314433	29	7	0	29	23	6	5	2	2	2	1	0	0	3	1	0	0	0	4	1	0	0	2	0	0	1	0	0	0	0	1	0	0	1	1	0	0	0
chr1	13314434	13314524	91	6	0	91	50	41	2	6	3	3	3	0	7	3	4	2	1	3	4	2	3	3	3	3	1	3	4	3	0	5	4	2	0	2	2	4	1	3
chr1	13314525	13314800	276	7	0	276	167	109	18	8	14	15	10	8	9	8	13	4	14	9	14	5	5	12	6	10	3	6	8	4	0	11	8	2	1	9	13	7	4	16
chr1	13314801	13314871	71	6	0	71	50	21	15	1	5	2	2	1	1	3	1	1	2	4	5	1	1	5	2	0	0	2	2	0	0	1	1	2	0	3	2	1	0	3
chr1	13314872	13314993	122	7	0	122	78	44	10	5	4	7	4	5	5	4	6	3	2	5	6	2	4	6	8	1	0	6	1	3	1	4	1	1	0	0	7	3	1	5
chr1	13314994	13315189	196	6	0	196	106	90	16	4	2	13	9	6	13	8	8	3	10	3	2	3	2	2	5	5	0	6	12	6	0	8	9	8	0	7	11	7	0	6
chr1	13315190	13315284	95	7	0	95	49	46	5	2	5	2	3	5	6	1	5	5	3	3	1	2	1	0	2	7	1	4	4	2	1	6	1	0	0	1	8	3	0	4
chr1	13315285	13315509	225	6	0	225	132	93	8	4	8	16	12	8	9	8	11	3	6	12	5	3	5	12	6	5	1	6	10	8	0	5	7	3	1	9	15	7	2	8
chr1	13315510	13315558	49	7	0	49	25	24	3	1	2	2	2	4	0	0	1	1	2	1	2	1	1	1	1	2	3	1	3	4	0	2	0	1	1	0	2	2	0	1
chr1	13315559	13315862	304	6	0	304	176	128	29	6	16	9	11	8	18	7	13	14	8	9	7	5	9	7	11	10	1	11	12	4	1	12	8	3	0	9	12	12	2	18
chr1	13315863	13316221	359	7	0	359	180	179	26	15	10	8	17	15	18	13	9	10	17	8	7	3	3	1	11	14	4	14	23	19	2	15	13	11	1	7	16	14	1	12
chr1	13316222	13316347	126	6	0	126	58	68	2	1	4	3	5	10	8	3	2	3	5	5	1	2	2	1	5	6	0	5	10	5	0	5	4	4	0	7	7	5	2	2
chr1	13316348	13316466	119	7	0	119	66	53	14	2	4	3	8	3	8	3	1	3	7	5	0	3	0	1	6	2	0	4	5	1	1	3	5	4	0	5	6	3	0	7
chr1	13316467	13316603	137	6	0	137	69	68	4	2	5	7	5	6	5	9	5	2	6	3	4	2	2	1	6	4	0	2	9	6	1	5	5	6	0	7	5	6	1	4
chr1	13316604	13316713	110	7	0	110	60	50	7	1	3	4	2	5	5	8	3	3	4	5	2	1	1	4	2	5	1	2	7	4	0	2	4	2	1	5	7	2	2	4
chr1	13316714	13316785	72	6	0	72	51	21	12	4	2	4	3	1	4	1	3	3	2	2	4	0	1	3	5	0	0	3	0	1	0	1	0	0	0	0	5	1	0	5
chr1	13316786	13316869	84	7	0	84	50	34	5	3	7	4	5	1	3	0	7	1	2	5	2	0	1	3	3	1	0	1	2	3	0	6	0	2	0	0	4	5	0	6
chr1	13316870	13316984	115	6	0	115	69	46	9	2	5	5	3	6	3	6	7	4	4	5	2	1	2	3	5	1	0	7	3	3	1	5	0	0	0	0	10	8	1	2
chr1	13316985	13317091	107	7	0	107	72	35	6	2	6	9	3	0	3	1	4	3	6	6	10	2	5	4	2	1	0	4	3	1	0	1	0	1	0	3	3	2	2	12
chr1	13317092	13317196	105	6	0	105	50	55	0	3	2	3	3	4	7	1	4	1	7	3	1	2	5	3	1	3	0	5	5	4	0	9	3	4	0	5	6	7	0	2
chr1	13317197	13317519	323	6	0	323	172	151	16	8	7	14	11	16	20	14	10	6	12	10	8	6	8	6	15	10	1	9	14	5	1	14	14	12	3	13	18	7	3	10
chr1	13317520	13317622	103	6	0	103	60	43	9	3	6	3	9	1	2	2	2	5	4	2	1	2	4	3	5	2	0	4	5	3	0	3	1	2	1	4	3	4	1	5
chr1	13317623	13317671	49	6	0	49	23	26	0	2	2	0	2	4	3	3	1	1	1	2	1	0	0	1	2	3	0	2	5	2	0	0	3	0	0	3	2	1	0	1
chr1	13317672	13317866	195	6	0	195	93	102	6	0	13	2	4	6	11	1	11	5	29	3	0	1	1	0	4	3	0	5	5	7	0	13	4	4	0	8	9	10	0	28
chr1	13317867	13317917	51	6	0	51	28	23	6	0	9	0	0	0	0	0	9	0	4	0	0	0	0	0	0	0	0	0	0	4	0	4	0	0	0	0	0	5	0	8
chr1	13317918	13318074	157	6	0	157	96	61	13	7	9	8	7	3	2	10	11	1	4	3	5	2	6	3	10	1	0	2	5	7	0	5	3	3	0	6	4	6	0	9
chr1	13318075	13318175	101	6	0	101	54	47	3	2	3	5	1	4	3	3	6	1	5	2	3	4	6	2	0	3	0	8	6	6	0	6	1	1	0	2	4	8	0	1
chr1	13318176	13318285	110	6	0	110	51	59	1	1	3	4	1	4	10	5	4	1	8	1	3	4	1	0	1	1	1	6	6	1	1	4	8	6	1	7	5	3	1	5
chr1	13318286	13318323	38	6	0	38	20	18	2	1	1	1	2	2	2	2	1	0	3	0	0	0	0	1	0	1	0	3	4	0	0	0	2	3	0	1	2	0	0	2
chr1	13318324	13318426	103	6	0	103	51	52	3	2	5	2	3	1	5	8	6	1	8	6	0	0	0	0	1	1	0	2	4	3	2	4	6	4	0	2	6	6	0	10
chr1	13318427	13318512	86	6	0	86	30	56	1	0	3	0	3	3	7	2	0	3	7	0	0	0	0	0	2	3	0	1	9	5	1	6	4	5	1	8	1	8	0	1
chr1	13318513	13319176	664	6	0	664	285	379	13	16	23	11	20	35	38	23	22	11	36	10	8	9	7	2	20	30	4	17	45	36	8	46	22	40	5	27	30	29	5	14
chr1	13319177	13319304	128	6	0	128	69	59	19	4	6	1	7	3	6	1	4	4	9	3	0	0	1	1	6	1	0	4	4	8	0	7	3	1	0	4	3	9	0	7
chr1	13319305	13319533	229	6	0	229	121	108	12	9	9	6	8	9	14	9	10	7	12	5	5	1	2	2	9	6	1	10	14	3	1	11	7	6	0	5	9	14	0	11
chr1	13319534	13319608	75	6	0	75	39	36	1	2	4	1	3	1	3	2	5	2	5	1	0	3	3	2	1	4	1	2	3	1	0	6	1	1	0	2	4	4	0	5
chr1	13319609	13319732	124	6	0	124	70	54	7	1	6	8	4	6	7	3	9	1	1	4	2	4	3	3	4	4	0	4	5	2	1	6	6	1	1	4	5	6	0	4
chr1	13319733	13319775	43	6	0	43	19	24	1	1	0	0	0	2	4	2	0	1	0	1	1	4	0	1	3	2	0	2	4	4	0	2	1	3	0	0	1	1	0	0
chr1	13319776	13319963	188	6	0	188	91	97	6	7	9	2	3	5	12	4	13	2	16	3	2	2	1	3	4	5	3	4	9	5	0	10	4	3	3	12	8	10	4	12
chr1	13319964	13320167	204	6	0	204	101	103	3	5	2	4	5	8	14	14	5	6	9	7	1	3	10	4	11	5	0	6	10	7	0	10	10	7	0	9	9	8	0	10
chr1	13320168	13320246	79	6	0	79	37	42	1	1	3	2	0	2	5	2	6	0	4	2	0	1	7	0	0	2	0	2	2	5	0	6	3	3	0	6	4	3	0	5
chr1	13320247	13320674	428	6	0	428	232	196	28	13	14	11	10	16	25	14	11	12	19	14	17	8	8	11	16	15	2	16	20	10	1	21	8	14	5	11	21	13	4	18
chr1	13320675	13320838	164	6	0	164	85	79	9	3	9	5	5	8	8	5	7	2	5	5	4	2	3	3	5	2	1	7	9	10	0	4	7	5	2	8	6	6	1	6
chr1	13320839	13321027	189	6	0	189	106	83	10	5	4	10	5	5	10	13	8	2	5	10	6	4	5	3	9	4	0	2	5	7	1	9	8	6	1	5	12	5	0	8
chr1	13321028	13321185	158	6	0	158	79	79	7	4	4	4	3	4	13	7	7	3	4	10	3	0	2	3	6	3	0	2	8	7	1	11	5	5	1	5	8	11	0	5
chr1	13321186	13321231	46	6	0	46	33	13	15	0	1	4	1	1	1	1	2	1	3	0	1	0	0	1	0	0	0	1	1	0	0	2	0	1	0	1	3	2	0	1
chr1	13321236	13321246	11	6	0	11	6	5	0	0	0	0	0	0	1	0	0	1	2	0	0	0	0	0	1	0	0	1	0	0	0	0	0	0	0	0	0	0	0	3
chr1	13321247	13321380	134	6	0	134	58	76	0	2	4	3	4	8	11	2	5	1	7	3	0	3	4	0	4	6	0	4	9	4	1	7	7	6	2	9	5	5	1	5
chr1	13321381	13321412	32	6	0	32	23	9	8	1	0	2	1	0	0	0	0	0	3	1	2	1	2	0	0	1	0	1	1	0	0	2	0	0	0	0	0	2	0	2
chr1	13321413	13321512	100	6	0	100	45	55	2	3	2	2	3	4	9	2	2	2	6	4	2	2	0	0	3	3	0	5	7	4	2	5	2	4	0	4	6	5	0	3
chr1	13321513	13321611	99	6	0	99	53	46	5	1	5	3	5	4	4	6	3	4	2	5	2	0	2	0	1	3	1	4	6	2	0	4	3	4	1	2	9	3	0	3
chr1	13321612	13322059	448	6	0	448	229	219	15	10	18	14	17	17	25	15	14	14	22	14	11	5	9	9	10	14	2	20	25	17	2	17	15	13	2	16	23	18	2	21
chr1	13322060	13322087	28	6	0	28	10	18	0	0	0	0	0	1	2	0	0	0	3	1	0	1	0	1	2	0	0	0	1	4	1	1	1	1	0	2	0	2	1	1
chr1	13322088	13322152	65	6	0	65	35	30	2	1	0	3	2	1	6	3	1	0	5	3	2	2	1	1	0	2	0	2	3	1	0	1	4	1	0	7	5	1	0	3
chr1	13322153	13322220	68	6	0	68	32	36	0	1	4	0	2	3	6	0	1	3	3	2	2	3	1	0	3	1	0	6	2	4	0	4	3	3	0	0	3	2	0	4
chr1	13322221	13322366	146	6	0	146	81	65	9	5	5	4	5	2	8	7	5	5	2	5	4	4	6	4	6	7	1	3	6	3	0	10	5	3	1	3	5	6	0	5
chr1	13322367	13322480	114	6	0	114	56	58	6	1	6	3	4	4	5	5	6	4	1	5	0	1	2	1	6	1	0	3	6	9	2	5	2	4	0	4	4	8	2	2
chr1	13322481	13322760	280	6	0	280	177	103	23	11	11	21	13	3	14	11	16	4	9	9	15	5	3	7	9	4	0	10	10	4	0	9	8	6	0	4	14	9	2	14
chr1	13322761	13322815	55	6	0	55	31	24	4	2	3	2	3	2	2	1	3	1	4	0	1	0	0	1	2	0	0	3	3	2	0	1	1	1	0	2	2	3	0	4
chr1	13322816	13322868	53	6	0	53	24	29	1	2	0	1	2	3	4	2	0	1	4	1	1	0	1	0	0	3	0	3	5	1	0	2	5	1	0	2	2	2	0	2
chr1	13322869	13322923	55	6	0	55	28	27	2	0	3	3	2	1	3	3	1	0	3	2	3	1	0	0	1	0	0	1	3	2	0	3	4	3	0	3	2	3	0	1
chr1	13322924	13322982	59	6	0	59	33	26	3	3	0	2	2	3	2	4	1	1	2	0	2	2	4	2	5	2	0	2	3	2	0	2	1	1	0	2	1	1	0	2
chr1	13322983	13323084	102	6	0	102	54	48	11	1	4	2	4	6	7	2	2	3	3	2	1	3	2	0	5	3	0	5	4	2	0	6	3	5	0	4	7	2	0	1
chr1	13323085	13323146	62	6	0	62	36	26	8	1	1	1	2	4	4	1	0	2	3	1	2	2	1	1	4	2	0	3	1	0	0	4	3	2	0	1	4	1	0	1
chr1	13323147	13323347	201	6	0	201	95	106	6	3	7	4	7	6	15	1	5	4	12	6	2	6	7	3	9	4	0	6	7	6	0	18	6	10	2	10	8	11	2	6
chr1	13323348	13323701	354	6	0	354	172	182	8	9	19	5	9	24	22	8	15	9	13	5	9	4	7	4	19	8	3	16	26	10	1	13	11	14	2	17	9	18	0	15
chr1	13323702	13323753	52	6	0	52	28	24	1	3	4	2	4	0	4	1	3	1	1	1	2	0	0	0	1	2	0	1	1	2	0	3	2	1	0	3	4	1	0	2
chr1	13323754	13323906	153	6	0	153	102	51	20	5	6	7	3	3	5	8	3	3	4	5	12	7	5	6	9	1	0	6	4	3	0	3	1	3	0	4	5	3	0	7
chr1	13323907	13325323	1417	6	0	1417	758	659	78	32	42	63	52	52	70	55	43	23	62	46	42	28	23	45	43	44	12	36	71	51	7	65	54	51	9	42	62	48	10	54
chr1	13325324	13325383	60	6	0	60	27	33	1	3	0	0	1	1	4	3	2	3	3	3	0	1	1	0	1	3	2	2	4	2	1	3	0	3	0	1	4	2	1	3
chr1	13325384	13325717	334	6	0	334	211	123	41	9	15	24	16	10	13	4	14	6	13	5	17	6	4	13	11	9	2	9	10	4	1	14	7	8	2	7	15	8	1	14
chr1	13325723	13326242	520	6	0	520	287	233	37	9	15	28	19	20	28	15	11	8	28	12	23	7	9	17	12	15	1	16	26	12	1	26	21	21	1	21	22	17	3	17
chr1	13326243	13327523	1281	6	0	1281	736	545	82	35	42	59	43	49	51	60	46	32	38	43	47	28	34	46	53	34	15	42	57	41	5	38	38	19	4	39	55	48	10	46
chr1	13327524	13328631	1108	6	0	1108	360	748	14	12	14	5	15	35	57	15	15	30	114	20	1	4	7	2	9	25	27	20	49	99	68	67	39	87	39	38	25	72	16	66
chr1	13328632	13328819	188	6	0	188	37	151	0	1	1	0	1	5	9	0	1	6	11	0	0	1	1	0	1	7	1	4	8	47	18	11	2	22	5	5	4	10	2	2
chr1	13328843	13329195	353	6	0	353	67	286	0	0	2	0	0	8	21	0	2	9	19	2	0	2	2	0	0	9	5	4	14	77	39	24	7	47	14	12	8	20	0	4
chr1	13329196	13329252	57	7	0	57	13	44	0	0	0	0	0	2	4	0	0	1	3	2	0	0	0	0	0	3	1	0	3	12	4	5	1	6	1	2	2	3	0	0
chr1	13329253	13329348	96	6	0	96	20	76	0	1	1	0	0	2	5	0	2	2	5	0	0	1	1	0	1	2	1	2	3	20	11	6	2	12	3	2	1	6	0	2
chr1	13329350	13329377	28	6	0	28	8	20	0	0	0	0	0	1	2	0	0	0	2	1	0	0	1	1	0	1	0	0	2	3	1	4	0	2	1	1	1	2	0	0
chr1	13329379	13330090	712	6	0	712	316	396	32	13	22	17	20	28	34	21	21	18	28	21	12	7	12	9	26	21	4	15	32	61	25	34	22	40	12	15	23	30	3	32
chr1	13330091	13330198	108	6	0	108	56	52	14	2	2	4	2	2	7	0	3	3	4	3	2	1	4	1	1	3	2	2	3	5	4	3	4	4	1	7	4	3	1	5
chr1	13330199	13330248	50	6	0	50	25	25	2	2	2	0	1	3	4	0	4	1	3	0	0	2	0	0	1	3	0	4	4	2	0	2	0	0	0	0	3	2	0	3
chr1	13330250	13330293	44	6	0	44	17	27	1	0	1	0	1	5	3	0	0	1	2	0	0	1	1	0	2	2	1	2	2	1	1	1	5	1	1	4	1	1	1	0
chr1	13330294	13330652	359	6	0	359	161	198	12	4	15	6	13	16	24	7	8	8	17	8	4	4	8	6	10	7	3	12	15	13	6	24	22	20	5	19	13	19	0	9
chr1	13330653	13330694	42	7	0	42	20	22	4	1	1	2	3	0	3	2	1	1	1	0	0	0	0	0	1	0	0	1	3	4	0	1	4	3	0	0	0	1	0	3
chr1	13330695	13330746	52	6	0	52	30	22	2	0	3	2	1	0	6	0	2	3	2	2	2	1	1	2	3	0	0	1	0	1	0	2	1	0	0	3	2	2	0	6
chr1	13330747	13330796	50	6	0	50	24	26	0	1	0	1	0	1	6	3	2	2	3	2	0	0	1	1	1	1	0	2	4	1	0	0	4	0	0	3	1	3	0	5
chr1	13330797	13331437	641	6	0	641	344	297	45	30	22	10	22	16	42	21	29	16	32	18	12	8	15	5	23	21	3	23	28	14	1	32	21	12	0	23	29	28	6	32
chr1	13331438	13331470	33	6	0	33	18	15	1	0	1	1	2	1	2	1	0	1	1	0	0	4	2	0	3	0	2	1	0	0	0	1	0	1	0	3	3	0	0	0
chr1	13331472	13331514	43	7	0	43	26	17	2	1	3	2	3	1	2	0	3	0	1	4	0	1	0	1	0	1	0	2	1	2	0	2	0	0	0	0	5	2	0	2
chr1	13331515	13332452	938	6	0	938	550	388	63	28	48	47	38	23	34	39	56	20	35	23	29	12	22	33	36	19	3	25	35	19	4	33	27	19	5	29	36	34	10	52
chr1	13332453	13332671	219	6	0	219	132	87	12	7	14	8	12	6	4	8	5	8	7	9	12	4	7	9	11	6	0	7	9	7	0	6	4	2	0	4	6	8	0	15
chr1	13332672	13332714	43	6	0	43	29	14	1	2	2	2	2	1	2	2	1	2	1	2	3	1	1	3	5	0	0	1	0	0	0	1	0	0	0	0	2	1	0	3
chr1	13332715	13332846	132	6	0	132	77	55	5	4	4	9	7	6	6	4	8	3	4	3	2	2	4	6	6	4	0	5	7	0	1	1	4	1	3	4	6	4	0	7
chr1	13332847	13332903	57	6	0	57	37	20	4	3	2	3	2	2	4	1	2	1	4	0	4	1	0	2	5	1	0	1	0	0	0	1	2	0	0	2	2	0	0	6
chr1	13332904	13332994	91	6	0	91	53	38	3	6	2	3	4	8	4	4	6	1	4	3	2	0	2	0	9	0	0	6	2	1	0	3	2	0	0	0	7	4	0	3
chr1	13332995	13333047	53	6	0	53	31	22	5	3	1	0	3	5	1	3	2	0	2	1	0	0	2	2	4	2	0	2	2	1	0	1	3	0	0	1	3	1	0	1
chr1	13333048	13333476	429	6	0	429	267	162	33	17	13	21	13	15	13	32	18	7	12	6	21	15	11	19	27	12	5	10	13	6	1	12	15	4	1	12	18	10	1	14
chr1	13333477	13334157	681	6	0	681	429	252	65	18	28	44	30	13	24	16	37	14	24	27	22	8	27	31	21	18	1	13	21	11	2	23	14	6	1	19	27	22	4	48
chr1	13334158	13334232	75	6	0	75	46	29	9	2	2	4	5	2	3	3	1	0	1	6	2	1	0	3	2	2	0	1	4	0	1	1	5	1	0	4	2	3	3	0
chr1	13334233	13334278	46	6	0	46	22	24	0	1	4	0	2	1	2	1	2	1	0	4	1	1	0	1	0	1	0	2	2	1	2	2	1	2	1	2	3	3	1	0
chr1	13334279	13334363	85	6	0	85	57	28	9	4	2	7	5	3	2	6	3	1	0	4	4	1	0	5	5	2	2	0	3	0	0	2	3	2	0	0	5	1	0	2
chr1	13334364	13334521	158	6	0	158	102	56	18	6	5	9	7	3	4	7	7	1	2	4	7	4	7	10	5	4	2	3	6	3	0	4	3	4	0	7	7	2	1	4
chr1	13334522	13334763	242	6	0	242	147	95	18	6	10	14	16	3	8	9	10	5	12	10	4	4	5	11	8	2	1	7	7	5	0	8	10	6	0	4	13	7	1	16
chr1	13334764	13335069	306	6	0	306	191	115	18	9	13	20	14	9	5	19	17	4	10	11	10	7	9	14	15	3	2	9	12	6	1	8	4	4	1	7	16	14	0	13
chr1	13335070	13335158	89	6	0	89	59	30	13	5	7	1	5	2	2	3	4	0	1	2	3	3	2	4	6	1	0	3	2	0	0	3	3	1	0	4	2	3	0	2
chr1	13335159	13335201	43	6	0	43	23	20	1	2	2	0	2	0	3	0	1	2	0	0	1	4	3	2	2	2	1	3	1	0	0	2	0	1	1	2	2	0	1	0
chr1	13335202	13335317	116	6	0	116	72	44	7	9	1	3	7	2	7	7	3	4	2	6	2	4	2	4	13	4	0	2	5	0	0	3	1	1	0	0	5	3	0	7
chr1	13335318	13335548	231	6	0	231	141	90	25	10	12	10	6	4	4	14	11	4	1	4	15	2	11	8	4	8	1	6	10	8	1	11	8	7	0	4	6	7	0	7
chr1	13335549	13335622	74	6	0	74	50	24	13	2	4	7	8	1	1	2	1	1	1	2	4	0	1	1	3	0	0	1	3	1	0	0	4	2	0	4	1	1	0	3
chr1	13335623	13335901	279	6	0	279	182	97	35	13	6	16	19	6	9	14	9	5	6	14	7	4	7	10	13	8	0	7	13	3	0	5	8	3	0	3	14	7	0	13
chr1	13335902	13336332	431	6	0	431	266	165	26	15	15	24	21	15	15	27	19	8	5	18	14	8	13	23	20	9	0	16	23	5	0	9	18	4	0	9	17	19	0	14
chr1	13336333	13336437	105	6	0	105	52	53	3	7	1	1	3	8	3	5	4	1	6	1	2	3	2	1	9	5	0	5	5	7	1	6	0	2	0	0	5	4	1	2
chr1	13336438	13336540	103	6	0	103	56	47	4	4	0	3	3	4	2	9	1	1	3	2	3	7	6	4	5	6	3	1	4	4	1	4	7	1	0	2	2	2	0	3
chr1	13336541	13336650	110	6	0	110	77	33	20	2	21	0	0	2	2	2	22	0	0	1	2	1	0	1	2	0	0	2	2	1	0	0	2	0	0	0	0	2	0	21
chr1	13336692	13336823	132	6	0	132	74	58	16	0	22	0	2	2	1	0	20	3	7	0	0	0	0	0	3	1	0	1	1	11	0	10	0	0	0	0	1	10	0	19
chr1	13336824	13336901	78	6	0	78	50	28	9	0	5	4	1	2	4	4	6	1	1	2	1	1	1	6	1	2	0	1	3	1	0	2	2	1	0	5	5	2	0	3
chr1	13336902	13336981	80	6	0	80	49	31	5	2	8	3	5	0	3	1	4	1	1	3	5	1	2	3	2	1	0	1	1	1	1	3	5	1	0	6	1	3	1	4
chr1	13336982	13337063	82	6	0	82	37	45	1	1	2	4	3	3	6	2	1	4	0	0	3	2	3	2	3	5	0	2	5	7	0	4	2	6	0	4	4	0	0	1
chr1	13337064	13337230	167	6	0	167	88	79	8	7	1	6	3	9	9	6	3	5	5	2	8	3	4	8	7	6	3	7	9	4	3	6	5	7	3	3	6	5	1	3
chr1	13337231	13337291	61	6	0	61	35	26	6	1	0	4	2	3	1	2	1	2	4	1	2	2	3	1	3	2	1	2	4	0	1	1	0	1	0	1	1	1	2	4
chr1	13337292	13337429	138	6	0	138	63	75	3	5	3	3	8	4	8	4	2	1	11	4	1	3	1	1	4	1	1	6	7	4	2	5	9	7	4	6	5	6	1	6
chr1	13337442	13337532	91	6	0	91	75	16	17	2	4	12	0	3	1	1	4	1	1	1	14	0	2	10	1	2	0	3	1	0	0	2	0	0	0	0	3	1	0	3
chr1	13337533	13337583	51	6	0	51	34	17	5	3	1	4	2	0	0	0	2	0	4	3	4	0	3	3	0	2	0	1	1	1	0	3	0	0	0	0	1	2	0	4
chr1	13337584	13337631	48	6	0	48	25	23	0	1	3	1	2	2	2	0	1	1	6	0	1	2	0	1	3	1	0	2	0	1	0	3	0	1	1	2	3	1	1	4
chr1	13337632	13337703	72	6	0	72	41	31	6	1	9	2	6	1	2	1	5	1	1	0	1	1	3	1	1	0	0	3	0	0	0	4	8	2	1	3	1	1	0	5
chr1	13337704	13338788	1085	6	0	1085	674	411	91	36	46	61	65	36	34	43	44	24	20	40	34	28	28	44	54	23	6	40	36	16	7	23	34	14	4	24	53	29	5	41
chr1	13338789	13338853	65	6	0	65	45	20	8	2	3	4	4	1	0	4	3	1	0	2	2	2	4	4	5	0	0	1	2	0	0	1	1	2	0	1	2	1	0	3
chr1	13338854	13339175	322	6	0	322	214	108	32	8	13	22	13	7	11	12	16	2	7	7	14	14	11	25	11	8	1	11	7	5	0	9	10	3	0	9	14	5	0	13
chr1	13339176	13339328	153	6	0	153	91	62	16	5	11	5	6	4	6	3	10	3	7	2	6	2	2	2	6	3	0	5	9	5	0	3	2	5	0	1	2	3	0	17
chr1	13339329	13348085	8757	6	0	8757	4535	4222	450	222	319	268	280	348	521	287	339	210	373	263	191	149	168	146	329	264	51	285	416	323	50	412	290	265	45	306	401	349	57	378
chr1	13348086	13348141	56	6	0	56	25	31	1	2	1	0	3	3	2	2	0	2	5	2	0	0	0	0	1	4	0	2	3	1	2	4	0	3	0	1	6	2	0	2
chr1	13348142	13348168	27	6	0	27	12	15	2	1	1	0	1	0	2	0	0	0	1	1	1	0	0	1	1	0	0	0	3	2	0	2	0	3	0	1	0	2	0	0
chr1	13348169	13348319	151	6	0	151	87	64	11	5	7	5	4	5	5	5	6	2	4	6	7	4	7	4	4	6	0	5	4	8	0	8	3	5	0	1	8	1	0	9
chr1	13348320	13348434	115	6	0	115	55	60	5	2	5	3	4	2	8	3	5	1	10	4	1	0	1	0	2	2	0	1	8	5	0	5	3	6	0	7	4	5	0	11
chr1	13348435	13348976	542	6	0	542	293	249	24	13	19	20	13	16	26	24	24	13	25	19	15	9	19	13	18	13	4	16	25	16	4	24	10	16	1	19	25	24	3	30
chr1	13348977	13349027	51	7	0	51	21	30	0	1	1	0	1	3	4	2	1	1	3	2	0	0	0	0	1	1	0	3	4	2	0	2	3	3	2	2	4	2	0	1
chr1	13349028	13349076	49	6	0	49	31	18	9	1	5	0	5	1	1	4	2	2	0	0	0	0	0	0	3	0	0	1	0	0	0	0	6	0	0	3	2	0	0	2
chr1	13349077	13349135	59	6	0	59	44	15	14	0	14	0	0	0	0	0	15	0	0	0	0	0	0	0	0	0	0	0	0	0	0	0	0	0	0	0	0	0	0	14
chr1	13349136	13349247	112	7	0	112	76	36	21	0	26	0	0	0	0	0	27	0	1	0	0	0	0	0	0	0	0	0	0	0	0	7	0	0	0	0	0	8	0	20
chr1	13349252	13349272	21	7	0	21	16	5	5	0	5	0	0	0	0	0	4	0	0	0	0	0	0	0	0	0	0	0	0	0	0	0	0	0	0	0	0	0	0	5
chr1	13349273	13349539	267	6	0	267	136	131	11	3	24	6	7	9	11	3	20	2	14	5	5	1	6	8	5	5	0	5	9	10	0	27	7	11	0	10	9	20	0	12
chr1	13349540	13349667	128	6	0	128	63	65	2	5	3	3	5	9	7	3	4	1	7	5	2	4	1	1	7	5	3	5	6	4	1	4	2	4	1	5	9	3	1	4
chr1	13349668	13349728	61	6	0	61	33	28	3	2	3	3	1	1	1	3	5	1	3	1	2	0	3	1	0	1	2	0	2	2	1	2	2	1	0	3	2	3	0	5
chr1	13349729	13349825	97	6	0	97	46	51	6	4	2	3	4	2	5	3	4	0	5	3	1	1	1	1	1	5	1	1	6	8	0	6	2	5	0	3	5	3	1	3
chr1	13349826	13349967	142	6	0	142	70	72	5	3	7	5	4	6	10	3	8	4	3	1	2	2	3	3	3	6	0	6	8	11	0	5	7	3	1	5	5	4	1	6
chr1	13349968	13350050	83	6	0	83	40	43	2	3	3	1	2	2	5	2	6	2	7	2	0	0	1	1	0	5	1	0	3	1	0	5	4	1	0	5	4	2	5	6
chr1	13350051	13350207	157	6	0	157	72	85	4	1	6	4	3	3	9	6	6	2	11	6	2	0	4	4	2	0	1	3	9	8	2	10	3	11	1	9	7	10	0	8
chr1	13350208	13350258	51	6	0	51	29	22	3	1	1	5	1	1	3	3	3	1	2	0	3	1	0	0	2	1	0	1	3	1	0	1	3	2	0	1	0	2	0	4
chr1	13350259	13350435	177	6	0	177	84	93	4	3	9	4	8	7	14	6	5	7	7	3	2	0	1	3	6	8	0	3	11	4	0	12	10	8	0	8	7	7	0	8
chr1	13350436	13350543	108	6	0	108	47	61	5	1	5	2	2	2	9	3	3	3	1	3	3	1	2	2	2	3	0	2	8	8	0	8	5	6	2	5	1	8	0	1
chr1	13350544	13350598	55	6	0	55	28	27	4	1	5	0	0	2	2	1	4	1	2	0	2	0	3	1	0	3	0	0	2	2	0	3	1	2	0	5	2	1	0	4
chr1	13350599	13350788	190	6	0	190	92	98	3	5	8	2	7	13	9	10	6	6	6	3	2	5	4	3	15	5	2	7	14	6	1	7	7	6	1	4	2	10	0	9
chr1	13350789	13350876	88	6	0	88	43	45	4	2	5	1	2	1	5	2	2	1	4	3	4	2	2	2	1	3	0	2	2	8	0	8	3	3	0	3	4	4	0	3
chr1	13350877	13350923	47	6	0	47	19	28	0	0	1	1	1	1	4	0	1	1	4	2	0	0	1	1	1	0	0	1	3	3	0	2	1	4	0	3	1	1	3	4
chr1	13350924	13351251	328	6	0	328	140	188	14	6	10	2	6	14	24	10	10	7	19	1	2	4	7	3	11	10	1	9	19	28	1	23	15	20	0	13	9	13	0	15
chr1	13351252	13351276	25	6	0	25	13	12	0	0	1	1	2	0	0	1	1	0	2	1	0	0	2	0	0	0	0	0	1	2	0	1	2	1	0	1	0	1	0	3
chr1	13351277	13351560	284	6	0	284	123	161	12	5	8	5	12	11	15	7	6	7	12	10	1	6	3	2	10	11	2	6	16	25	5	18	10	16	1	5	9	13	4	9
chr1	13351561	13351650	90	6	0	90	44	46	2	1	4	2	4	3	5	2	2	1	6	1	2	2	4	1	1	3	0	3	5	1	0	7	4	5	0	7	4	4	0	2
chr1	13351651	13351825	175	6	0	175	100	75	19	2	6	9	4	5	11	4	10	4	10	4	3	1	3	3	5	2	0	5	4	4	1	8	6	4	0	8	9	7	1	11
chr1	13351826	13351865	40	6	0	40	26	14	3	2	4	1	1	0	3	0	3	0	1	1	3	3	0	0	3	0	0	2	0	0	0	2	0	0	0	0	1	1	0	4
chr1	13351866	13352269	404	6	0	404	219	185	14	7	16	18	12	17	22	18	15	9	12	13	14	6	9	17	17	11	0	11	18	19	0	19	15	12	0	12	19	14	0	16
chr1	13352270	13352315	46	6	0	46	26	20	2	2	2	1	3	1	0	1	0	0	2	0	1	2	3	4	1	2	0	2	3	2	0	2	1	2	0	3	1	1	0	0
chr1	13352316	13352374	59	6	0	59	30	29	1	2	2	1	3	2	1	3	2	1	3	6	0	0	2	0	2	3	0	0	3	1	0	3	1	2	0	1	3	2	2	5
chr1	13352375	13352478	104	6	0	104	53	51	5	3	1	4	4	1	6	4	2	2	7	0	2	5	7	0	5	1	1	4	4	2	0	6	4	5	0	6	2	4	0	5
chr1	13352479	13352684	206	6	0	206	132	74	23	8	4	10	10	7	5	13	4	4	9	7	8	3	3	14	11	5	1	4	7	3	0	3	4	4	0	6	13	2	1	8
chr1	13352685	13352740	56	6	0	56	34	22	2	1	5	0	0	3	1	2	4	2	0	1	3	1	5	3	2	1	0	3	1	2	0	1	3	0	0	1	0	1	0	6
chr1	13352741	13352911	171	6	0	171	102	69	12	7	11	3	6	3	9	6	7	4	5	7	8	6	4	4	11	3	1	5	1	5	1	5	4	2	0	6	8	2	0	13
chr1	13352912	13352960	49	6	0	49	25	24	4	1	1	1	2	3	4	2	0	0	0	2	1	1	2	0	4	0	0	0	1	1	0	3	6	2	0	4	0	2	0	0
chr1	13352961	13353029	69	6	0	69	42	27	5	2	3	3	3	4	2	4	3	1	2	2	2	2	0	3	2	3	0	3	3	2	0	1	3	0	0	1	5	1	0	2
chr1	13353030	13353078	49	6	0	49	20	29	2	1	2	1	2	0	4	0	2	2	2	0	0	1	0	1	1	3	0	0	3	5	0	5	1	2	0	1	1	4	0	1
chr1	13353079	13353143	65	6	0	65	36	29	2	0	3	3	2	2	3	5	4	5	1	1	0	0	1	3	2	4	0	1	3	2	0	3	0	0	0	2	7	2	0	2
chr1	13353144	13353203	60	6	0	60	32	28	2	1	4	2	2	1	3	1	1	1	5	1	4	1	1	0	1	1	0	2	1	1	0	6	3	2	0	1	2	4	0	4
chr1	13353204	13353367	164	6	0	164	88	76	8	6	5	5	4	3	13	5	7	2	10	2	5	4	2	6	7	2	0	6	5	4	0	10	8	7	1	4	5	6	1	9
chr1	13353368	13357159	3792	6	0	3792	2151	1641	260	108	137	205	166	92	163	129	144	73	115	114	140	85	89	129	137	88	23	110	168	133	40	142	102	122	22	108	143	140	19	144
chr1	13357160	13357990	831	6	0	831	530	301	67	28	36	64	47	18	32	27	36	20	19	28	45	17	21	25	40	10	4	29	26	8	2	19	26	14	3	15	31	22	5	45
chr1	13357991	13358022	32	6	0	32	21	11	2	1	1	4	3	1	1	0	1	0	1	2	2	0	0	2	1	0	0	0	1	1	0	0	1	0	0	1	2	1	0	1
chr1	13358023	13358116	94	6	0	94	68	26	19	3	3	9	4	0	3	3	3	2	1	1	8	4	3	1	2	4	0	3	3	1	0	2	1	0	0	1	3	1	0	4
chr1	13358117	13358155	39	6	0	39	22	17	4	3	1	1	1	2	2	2	2	0	0	1	1	1	0	0	1	3	0	2	4	0	1	0	1	0	0	1	1	2	0	0
chr1	13358156	13358237	82	6	0	82	46	36	4	2	2	3	3	2	5	4	4	2	2	3	1	2	3	2	6	1	1	1	1	1	1	3	3	3	0	4	4	1	2	4
chr1	13358238	13358263	26	6	0	26	18	8	2	1	0	1	1	0	1	2	0	0	0	3	0	1	1	4	0	0	0	2	2	0	0	0	0	0	0	0	2	1	0	0
chr1	13358264	13358331	68	6	0	68	52	16	10	3	4	8	5	0	0	2	3	0	1	0	6	3	0	5	5	0	0	1	1	2	0	1	0	1	0	1	1	1	0	2
chr1	13358332	13358363	32	6	0	32	20	12	2	0	2	2	1	1	0	2	0	0	1	0	3	2	2	1	1	1	0	1	1	0	0	2	1	2	0	1	1	0	0	0
chr1	13358364	13358485	122	6	0	122	80	42	11	3	7	6	6	3	3	12	7	2	1	4	4	1	5	4	5	0	0	4	1	0	0	1	9	0	0	7	9	2	0	3
chr1	13358486	13362833	4348	6	0	4348	2480	1868	293	125	168	206	172	138	199	167	165	93	127	141	162	93	89	142	188	108	19	134	179	143	29	168	132	126	15	99	176	142	27	181
chr1	13362834	13366041	3208	6	0	3208	1627	1581	179	66	96	90	91	125	181	109	95	74	154	84	66	67	72	77	102	96	30	104	145	108	32	164	110	132	33	117	149	113	27	118
chr1	13366042	13368100	2059	6	0	2059	1158	901	133	65	71	85	82	77	82	76	68	43	85	55	71	42	69	52	74	63	7	83	97	58	9	87	60	53	7	52	86	77	3	85
chr1	13368101	13368125	25	7	0	25	12	13	4	2	0	0	2	0	2	0	0	1	1	0	0	0	0	0	2	1	0	0	0	0	1	2	0	2	0	1	1	0	1	0
chr1	13368126	13368721	596	6	0	596	342	254	52	24	18	25	21	15	30	20	28	10	23	24	18	9	16	9	22	13	4	18	17	8	4	31	15	16	4	15	32	24	6	23
chr1	13368722	13368823	102	7	0	102	56	46	17	4	3	1	1	5	8	2	5	0	4	0	2	0	0	3	5	2	0	2	3	8	0	4	6	2	0	4	2	3	0	4
chr1	13368824	13375002	6179	6	0	6179	3105	3074	355	140	232	170	200	221	360	165	212	157	299	148	130	103	120	93	198	175	50	198	313	227	60	296	199	244	62	235	235	250	48	282
chr1	13375003	13376044	1042	6	0	1042	563	479	67	34	32	48	39	38	51	26	46	23	40	30	30	14	24	20	31	36	7	35	49	25	13	49	25	31	16	22	48	44	6	41
chr1	13376046	13376107	62	6	0	62	28	34	1	0	2	1	2	4	2	2	0	1	4	4	1	0	1	2	0	3	1	1	5	3	0	5	2	3	0	1	3	4	1	1
chr1	13376109	13376169	61	6	0	61	36	25	8	2	0	3	1	2	4	1	1	1	2	3	3	1	3	1	3	1	0	2	3	1	0	3	0	2	0	2	2	2	0	2
chr1	13376171	13376190	20	6	0	20	7	13	0	0	0	0	0	1	1	0	0	0	0	0	0	1	2	1	1	0	0	1	1	1	1	1	0	3	3	0	0	0	0	0
chr1	13376192	13376420	229	6	0	229	119	110	13	4	9	8	7	7	14	4	3	6	15	4	11	2	3	8	6	4	1	9	9	3	2	11	9	10	7	10	8	7	2	11
chr1	13376421	13376465	45	6	0	45	21	24	1	1	0	1	1	1	5	0	1	2	2	2	0	0	0	2	0	2	1	1	2	0	0	3	3	3	0	2	2	0	3	2
chr1	13376466	13376636	171	6	0	171	81	90	4	3	4	5	4	10	11	4	4	5	7	3	4	4	6	2	5	6	4	7	8	5	4	6	10	7	0	7	6	6	0	8
chr1	13376646	13376676	31	6	0	31	26	5	17	0	1	1	0	1	1	1	1	0	0	1	0	0	0	0	0	0	0	1	0	0	0	0	1	0	0	1	2	0	0	0
chr1	13376678	13377093	416	6	0	416	235	181	32	15	12	20	23	16	17	15	13	3	14	15	11	10	7	12	19	15	1	8	28	15	0	14	9	11	0	14	15	15	1	14
chr1	13377100	13377146	47	6	0	47	25	22	3	4	1	1	5	1	0	6	1	1	1	1	0	0	0	0	3	3	0	0	4	2	0	1	2	2	0	0	2	0	0	1
chr1	13377147	13377450	304	6	0	304	176	128	28	7	18	12	13	11	8	10	12	9	12	8	12	5	3	8	13	10	1	8	14	10	0	17	4	5	1	4	11	16	0	12
chr1	13377452	13377494	43	6	0	43	24	19	0	1	1	2	0	1	1	6	2	2	0	1	2	1	1	2	1	3	1	0	1	2	1	0	2	0	0	2	4	0	0	1
chr1	13377496	13378479	984	6	0	984	546	438	55	36	38	43	63	31	44	43	32	19	38	30	22	17	14	20	46	25	0	32	50	21	4	36	30	37	4	33	54	28	4	33
chr1	13378493	13379243	751	6	0	751	415	336	38	19	23	35	23	22	42	26	20	11	35	24	34	17	18	27	22	20	2	25	32	17	2	39	26	25	7	28	33	28	3	26
chr1	13379244	13379308	65	6	0	65	36	29	5	1	3	3	2	5	4	1	3	0	1	0	2	1	2	2	3	3	0	1	3	0	0	4	5	3	0	2	1	1	0	2
chr1	13379309	13379407	99	6	0	99	42	57	4	2	2	2	4	4	8	2	1	3	6	1	1	0	1	0	1	3	0	4	8	4	1	6	5	8	0	5	4	4	1	2
chr1	13379408	13379967	560	6	0	560	305	255	50	16	20	22	27	23	28	10	13	6	22	14	16	11	15	10	20	16	3	17	29	9	3	27	21	29	3	23	18	14	5	18
chr1	13379975	13380210	236	6	0	236	142	94	30	4	5	14	5	6	11	5	6	3	13	6	11	6	8	7	5	7	0	7	7	6	2	10	8	6	1	7	8	6	1	13
chr1	13380211	13380229	19	6	0	19	10	9	3	0	1	0	0	0	1	2	0	0	0	0	0	1	1	0	0	0	0	1	2	1	0	0	1	1	0	2	0	0	0	0
chr1	13380230	13380908	679	6	0	679	354	325	35	18	31	19	22	32	35	18	25	15	28	19	22	11	15	8	27	22	1	25	31	22	6	31	15	26	4	27	34	20	7	26
chr1	13380916	13381082	167	6	0	167	73	94	5	1	5	4	5	9	13	0	1	3	14	4	4	2	2	0	2	2	3	8	9	5	2	6	10	9	3	12	7	7	0	8
chr1	13381086	13381217	132	6	0	132	76	56	19	3	9	1	3	4	7	5	6	0	3	7	3	2	2	1	3	3	2	1	4	6	0	4	7	2	0	7	5	3	0	8
chr1	13381218	13381254	37	6	0	37	18	19	0	0	2	1	2	1	1	3	1	0	1	3	0	1	0	1	1	0	0	1	0	2	2	0	4	0	0	2	2	2	1	1
chr1	13381255	13381509	255	6	0	255	123	132	18	9	8	9	11	9	15	5	8	2	5	5	7	2	6	3	8	11	0	4	18	19	3	10	9	14	1	14	5	7	2	6
chr1	13381510	13381625	116	6	0	116	49	67	0	3	3	1	4	4	10	2	3	2	10	3	0	2	2	0	1	3	1	6	5	3	2	7	8	5	0	7	6	6	0	5
chr1	13381626	13381677	52	6	0	52	34	18	14	1	2	1	2	2	1	2	2	0	1	2	0	1	0	1	4	0	0	0	2	1	0	2	2	2	0	0	1	2	0	2
chr1	13381679	13381704	26	6	0	26	13	13	2	1	1	0	2	0	1	0	1	1	2	0	0	0	0	0	0	0	0	2	1	1	0	3	1	1	0	0	1	3	0	0
chr1	13381706	13381921	216	6	0	216	138	78	25	4	10	14	10	8	4	10	9	5	3	8	9	2	5	12	8	7	0	3	13	3	0	5	5	3	0	4	6	9	0	10
chr1	13381937	13382014	78	6	0	78	49	29	4	5	6	3	4	1	2	2	2	2	0	0	8	2	5	3	3	4	0	3	2	1	0	4	3	0	0	3	1	1	0	2
chr1	13382016	13382061	46	6	0	46	29	17	1	1	4	2	2	0	1	2	2	1	1	1	3	2	2	3	1	0	1	2	1	0	0	0	1	0	1	4	1	1	0	3
chr1	13382063	13382342	280	6	0	280	143	137	17	6	10	8	10	8	13	17	3	5	7	10	12	4	7	5	11	8	0	4	17	10	4	15	11	18	2	11	9	9	0	7
chr1	13382343	13382476	134	6	0	134	64	70	10	2	4	4	5	7	5	1	2	4	5	4	3	3	3	1	3	8	2	3	9	5	3	6	1	6	4	4	6	4	1	4
chr1	13382477	13382616	140	6	0	140	54	86	0	3	1	2	3	10	11	0	2	3	13	4	1	1	0	0	2	4	3	8	9	4	3	7	7	9	3	4	6	6	3	6
chr1	13382617	13382750	134	6	0	134	78	56	18	10	6	3	5	1	6	1	9	2	6	2	4	0	2	2	4	3	1	5	3	10	1	5	0	2	1	1	6	3	1	9
chr1	13382751	13382763	13	6	0	13	4	9	0	0	0	0	1	1	0	0	0	1	0	0	0	0	0	0	1	1	0	0	1	4	0	0	0	0	0	0	0	1	0	0
chr1	13382764	13382861	98	6	0	98	54	44	4	4	8	2	3	3	2	2	5	1	3	1	6	2	5	3	1	6	0	2	4	5	0	5	2	1	0	6	3	2	0	5
chr1	13382862	13382901	40	6	0	40	15	25	0	1	0	0	1	1	4	2	0	1	3	2	0	0	0	0	0	0	1	2	2	1	1	2	3	3	0	2	2	3	0	1
chr1	13382902	13385228	2327	6	0	2327	1246	1081	171	53	74	88	76	85	115	84	77	55	102	60	62	45	37	62	92	69	12	65	124	71	22	91	58	95	25	62	86	74	23	110
chr1	13385230	13386741	1512	6	0	1512	879	633	130	45	48	80	66	53	73	43	64	31	62	47	42	22	24	48	55	39	8	49	63	34	6	57	37	35	9	37	80	52	7	64
chr1	13386743	13387195	453	6	0	453	232	221	41	11	11	15	19	18	23	11	8	8	21	11	11	11	7	5	13	17	3	15	25	16	5	23	15	24	4	13	18	12	6	11
chr1	13387197	13387828	632	6	0	632	323	309	45	12	23	23	29	26	32	19	14	13	33	14	17	10	7	4	18	22	2	19	36	17	6	29	27	26	8	25	25	23	4	22
chr1	13387829	13387842	14	6	0	14	8	6	0	0	1	0	0	0	0	0	1	0	1	0	0	1	2	0	0	0	0	1	0	0	0	1	0	1	0	1	0	0	0	2
chr1	13387843	13389005	1163	6	0	1163	642	521	64	26	38	61	51	38	58	36	27	28	45	26	47	30	34	31	49	29	5	39	61	41	5	42	35	45	3	41	38	34	1	53
chr1	13389007	13392597	3591	6	0	3591	1799	1792	155	77	152	79	106	126	216	111	134	91	180	98	68	63	79	62	110	108	16	123	166	142	24	200	128	119	17	136	155	163	17	168
chr1	13392598	13395104	2507	6	0	2507	1245	1262	133	56	83	73	74	102	133	85	94	55	112	78	45	41	44	36	88	73	18	74	110	120	42	121	77	107	26	66	119	93	16	111
chr1	13395105	13395170	66	6	0	66	26	40	0	0	3	0	0	2	1	3	3	0	5	5	0	0	4	0	0	0	0	2	3	3	2	5	1	3	3	3	2	7	1	3
chr1	13395171	13395504	334	6	0	334	111	223	2	4	5	3	8	14	22	4	3	7	26	9	1	1	2	0	4	4	8	10	19	16	21	17	16	37	10	14	9	17	5	14
chr1	13395514	13395871	358	6	0	358	175	183	25	3	8	13	9	14	22	6	9	5	27	9	6	6	2	10	8	8	4	8	12	10	6	20	21	17	7	10	10	13	7	21
chr1	13395872	13398770	2899	6	0	2899	1638	1261	210	77	88	121	89	97	145	98	97	58	115	89	100	73	79	102	95	87	14	109	135	69	17	121	74	84	14	82	125	102	17	114
chr1	13398771	13400286	1516	6	0	1516	856	660	133	53	65	58	57	41	69	41	76	24	64	37	42	26	32	36	38	47	10	49	65	35	11	64	41	36	11	52	65	57	14	65
chr1	13400291	13400954	664	6	0	664	395	269	60	16	18	37	26	21	29	26	18	14	27	22	26	12	15	27	27	12	4	20	23	9	3	27	21	21	4	16	31	21	3	26
chr1	13400956	13401293	338	6	0	338	189	149	36	5	11	14	14	14	11	8	9	8	20	10	6	5	9	8	11	7	1	13	15	7	2	10	7	10	8	10	14	10	5	18
chr1	13401294	13407081	5788	6	0	5788	3315	2473	465	156	188	257	216	205	269	179	173	113	239	150	213	137	130	224	218	162	23	208	244	128	52	219	171	178	28	167	236	175	31	232
chr1	13407091	13407762	672	6	0	672	373	299	60	21	25	27	28	27	26	23	27	8	27	18	20	8	14	12	26	16	2	20	31	24	5	27	19	24	7	18	28	23	2	27
chr1	13407764	13409317	1554	6	0	1554	904	650	105	48	73	67	63	39	75	63	58	36	47	53	67	32	24	53	53	54	7	40	53	40	4	70	54	25	5	50	81	48	6	59
chr1	13409318	13409733	416	6	0	416	231	185	36	9	8	17	11	20	21	16	11	9	17	12	14	8	9	11	16	15	1	14	22	8	4	18	10	16	2	10	20	13	3	13
chr1	13409735	13410774	1040	6	0	1040	572	468	81	20	37	47	45	36	57	27	35	29	37	35	25	18	14	27	28	37	6	32	59	33	5	44	26	31	3	28	52	40	2	42
chr1	13410784	13414208	3425	6	0	3425	1926	1499	260	95	107	176	143	120	156	110	111	63	142	106	125	56	79	76	117	97	7	113	170	117	21	130	91	108	10	95	150	116	10	146
chr1	13414209	13417734	3526	6	0	3526	1781	1745	217	79	139	96	113	137	194	111	125	67	171	77	77	55	62	60	104	110	11	113	194	143	30	181	116	144	19	139	141	152	14	133
chr1	13417736	13417909	174	6	0	174	73	101	14	1	2	3	2	6	11	1	3	4	12	2	2	2	5	1	3	2	2	6	6	9	8	6	6	12	9	11	5	6	3	7
chr1	13417913	13430653	12741	6	0	12741	6673	6068	881	329	401	414	423	488	660	374	374	253	580	369	347	242	298	239	439	381	93	399	585	403	140	575	433	460	135	448	489	458	112	517
chr1	13430655	13436783	6129	6	0	6129	3013	3116	312	148	222	176	206	259	357	152	200	122	283	120	140	94	124	98	198	218	35	171	314	262	79	296	243	249	54	270	218	222	36	249
chr1	13436784	13436978	195	6	0	195	95	100	15	3	7	5	5	8	13	7	7	1	10	5	2	3	2	1	3	5	0	7	9	8	4	8	12	9	1	10	8	7	1	7
chr1	13436989	13437279	291	6	0	291	148	143	27	5	8	9	10	16	17	4	8	4	13	6	5	6	6	3	10	14	0	7	17	8	4	15	10	11	2	13	10	10	2	9
chr1	13437285	13437495	211	6	0	211	132	79	24	9	8	9	5	6	7	8	14	0	8	4	6	7	8	7	8	7	0	7	3	3	0	13	5	2	0	5	10	7	2	7
chr1	13437502	13437763	262	6	0	262	154	108	21	5	14	13	13	5	10	9	13	6	11	11	6	3	8	5	5	6	0	9	8	6	0	12	6	3	0	11	18	12	0	11
chr1	13437767	13438747	981	6	0	981	537	444	72	37	31	35	41	30	45	30	37	15	41	22	26	22	31	21	38	29	5	32	41	30	7	40	34	32	14	26	33	26	6	50
chr1	13438749	13438815	67	6	0	67	31	36	2	2	2	2	3	1	0	5	2	2	5	3	1	0	0	0	0	3	1	1	4	8	0	4	1	1	0	0	4	5	1	2
chr1	13438817	13440891	2075	6	0	2075	925	1150	66	40	59	50	62	104	122	38	39	44	100	32	47	38	45	38	78	71	16	61	112	108	51	88	79	108	51	111	57	72	20	66
chr1	13440892	13447505	6614	7	0	6614	3487	3127	443	175	192	244	225	249	363	190	206	123	301	171	179	110	149	165	230	179	51	197	313	200	75	269	224	274	62	252	260	204	50	287
chr1	13447506	13450919	3414	6	0	3414	1889	1525	257	98	95	136	123	115	163	125	100	68	152	93	106	75	77	104	134	96	21	105	137	90	29	148	106	117	30	99	149	101	26	137
chr1	13450920	13451032	113	7	0	113	57	56	6	4	9	3	8	6	3	1	4	1	3	2	3	1	2	0	5	2	1	4	8	5	0	6	3	7	1	3	2	4	0	4
chr1	13451033	13453500	2468	6	0	2468	1309	1159	158	74	65	93	96	104	120	54	69	38	126	67	68	56	68	52	95	75	16	86	120	71	24	109	68	88	22	84	91	90	20	99
chr1	13453501	13453533	33	5	0	33	21	12	4	0	2	1	1	2	0	0	1	1	0	2	1	1	4	0	2	1	0	0	0	1	0	1	0	0	0	2	1	0	0	3
chr1	13453534	13453938	405	6	0	405	244	161	20	10	14	31	18	14	10	17	12	8	9	7	25	10	12	25	20	8	3	11	16	15	3	14	9	14	1	10	15	11	1	10
chr1	13453939	13454938	1000	6	0	1000	545	455	70	27	30	49	32	36	50	24	27	14	43	22	48	17	26	29	31	23	3	37	53	45	5	42	25	45	6	34	33	32	4	36
chr1	13454939	13458477	3539	5	0	3539	1818	1721	202	83	134	110	126	126	185	85	120	75	158	100	81	48	92	93	111	92	28	101	165	150	33	163	120	125	34	145	126	144	23	159
chr1	13458478	13470170	11693	5	0	11693	5916	5777	563	291	403	354	392	410	653	362	361	275	532	320	294	199	239	266	389	380	73	333	598	504	101	579	389	427	92	424	441	471	84	492
chr1	13470175	13481398	11224	5	0	11224	5899	5325	662	311	387	360	388	390	601	408	368	245	497	288	301	202	257	232	427	339	55	327	554	410	77	496	373	374	63	432	433	414	63	488
chr1	13481399	13481753	355	5	0	355	162	193	18	5	9	8	9	17	18	7	8	9	26	8	5	7	7	1	11	10	5	10	19	12	10	15	10	20	6	12	11	14	3	23
chr1	13481781	13488032	6252	5	0	6252	3049	3203	300	148	218	171	193	228	348	162	197	132	344	147	146	92	120	102	210	187	54	149	311	272	70	343	214	283	68	221	196	254	54	316
chr1	13488035	13500254	12220	5	0	12220	6178	6042	649	295	403	371	393	483	701	358	401	279	568	294	275	227	231	249	462	365	102	355	563	492	126	583	430	444	108	470	481	463	102	495
chr1	13500257	13501259	1003	5	0	1003	613	390	76	26	39	40	26	29	34	52	41	22	27	22	37	30	27	84	38	25	11	32	25	25	5	36	30	19	8	23	48	22	6	36
chr1	13501261	13501307	47	5	0	47	33	14	3	1	1	2	1	2	1	6	0	1	0	2	4	2	1	4	5	0	0	1	1	0	0	0	3	1	0	0	1	0	0	2
chr1	13501309	13501596	288	5	0	288	164	124	24	9	8	19	11	9	15	3	7	4	14	5	17	5	5	7	7	7	2	11	10	13	2	12	13	6	1	10	8	11	1	10
chr1	13501597	13502094	498	5	0	498	224	274	27	16	6	10	23	25	37	12	9	6	25	10	2	4	8	2	18	12	4	17	33	23	4	21	32	29	8	23	14	17	4	15
chr1	13502095	13504235	2141	5	0	2141	1073	1068	114	41	76	66	70	78	112	61	67	61	107	57	47	27	38	50	64	71	23	49	105	94	27	106	61	77	11	87	91	91	19	91
chr1	13504236	13504773	538	5	0	538	241	297	20	9	11	12	10	25	33	15	13	12	31	10	9	14	8	9	25	17	3	15	27	41	10	29	14	26	3	19	17	23	6	20
chr1	13504775	13504865	91	5	0	91	61	30	19	0	15	0	0	0	1	0	16	1	7	0	0	0	0	0	1	0	0	0	0	3	0	2	0	0	0	0	0	2	0	22
chr1	13504866	13505953	1088	5	0	1088	493	595	37	28	42	18	35	38	66	27	40	27	56	24	12	13	16	13	40	30	9	27	46	66	22	65	41	43	10	48	39	60	9	39
chr1	13505954	13937004	431051	5	0	431051	239700	191351	29445	12095	16662	17834	15679	14058	19569	14854	15967	8940	16273	11207	14944	8826	10157	13189	16455	11094	2988	13382	17732	13709	3594	17053	13487	12605	3178	13686	16486	14681	2680	18540
chr1	13937005	14184004	247000	6	0	247000	141525	105475	16876	7050	10166	11092	9520	7812	10659	9456	9939	4918	8847	6866	8850	5104	6044	8324	9970	6182	1237	7495	10014	7191	1201	9540	7687	6107	918	7362	9776	8466	1010	11319
chr1	14184005	14242004	58000	7	0	58000	34433	23567	4227	1665	2467	2928	2260	1692	2286	2256	2388	1093	1965	1619	2412	1296	1597	2281	2292	1371	251	1832	2175	1457	192	2125	1705	1254	142	1705	2323	1868	221	2653
chr1	14242005	14369963	127959	6	0	127959	74211	53748	9013	3794	5176	5895	5009	4002	5420	5066	5179	2562	4502	3587	4676	2634	3178	4516	5400	3038	660	3894	4954	3448	590	4698	4023	3012	466	3735	5121	4192	568	5949
chr1	14369964	14589003	219040	6	0	219040	123875	95165	14250	6066	8815	9585	8308	7004	9544	8301	8712	4498	8196	6002	7446	4389	5357	7402	8443	5483	1244	6787	9120	6694	1273	8365	6839	5727	997	6783	8754	7549	1128	9977
chr1	14589004	14751003	162000	5	0	162000	86711	75289	9426	4476	6195	5834	5829	5719	8070	5695	6078	3484	6511	4158	4598	2986	3459	4191	6214	4439	1124	4888	7173	5841	1340	6901	5646	5032	1043	5417	6280	5943	977	7031
chr1	14751004	14865003	114000	4	0	114000	59076	54924	5817	2839	4342	3847	4017	4078	5828	4011	4102	2524	5040	3006	2909	1891	2440	2384	4020	3193	817	3302	5435	4400	944	5285	4047	3967	780	4061	4433	4504	733	5002
chr1	14865004	15119003	254000	3	0	254000	124537	129463	11977	5860	8623	7036	7909	9829	14675	7983	8116	6072	11537	5890	5495	4100	4746	4687	9208	7536	2073	7044	12755	11933	2953	12606	9498	10481	2308	9453	8935	10297	1904	10479
chr1	15119004	15332003	213000	2	0	213000	112444	100556	12723	5699	7862	7340	7296	7780	10892	6946	7591	4634	8730	5258	6014	3872	4489	5317	8115	5875	1561	6433	9727	8172	1928	9361	7019	7309	1604	7238	8053	7832	1387	8941
chr1	15332004	15443380	111377	1	0	111377	54795	56582	5687	2655	3912	2961	3503	4337	6283	3237	3549	2678	5127	2556	2476	1692	2080	2062	3980	3249	964	3169	5359	5197	1356	5530	3988	4593	1175	4110	4032	4402	883	4593
chr1	15443382	16799163	1355782	1	0	1355782	692219	663563	79773	33112	46180	43646	44611	49489	72385	39689	42487	29920	59679	31724	35840	24378	28573	30733	46965	39484	9956	40494	63741	57167	15951	63838	45916	54024	14030	48186	49552	50021	9937	54299
chr1	16849164	17392176	543013	1	0	543013	270235	272778	27853	12772	18797	15763	17491	20383	30212	16440	17082	12489	24740	12522	12759	9017	10977	10937	18884	16255	3893	15629	26868	25587	5829	26954	19121	22126	4928	19871	19654	21270	3636	22272
chr1	17392177	17532227	140051	1	0	140051	69615	70436	8333	3396	4613	4026	4769	5377	7742	3823	4148	3049	6502	3305	3118	2330	2752	2332	4599	4322	1081	4150	7040	5756	1812	6780	4959	6153	1646	5132	5113	5157	1187	5547
chr1	17532229	17739004	206776	1	0	206776	95555	111221	7923	4267	6733	4596	5883	8364	13087	6089	6195	4948	10162	4551	3519	2894	3503	2840	6974	6579	1548	5372	11124	11800	2509	11554	8013	9609	1914	8368	7312	8998	1355	8191
chr1	17739005	17828004	89000	2	0	89000	45988	43012	4626	2233	3361	2859	3051	3139	4776	2926	3085	2004	3699	2205	2318	1619	1979	2106	3326	2547	588	2534	4252	3863	742	4113	3075	3186	523	3270	3240	3374	481	3898
chr1	17828005	17844636	16632	3	0	16632	8180	8452	643	381	676	442	521	614	942	541	591	397	793	404	387	228	348	271	574	502	88	457	835	835	126	881	580	640	86	662	629	699	98	759
chr1	17844637	17870325	25689	3	0	25689	13003	12686	1163	573	896	805	826	960	1357	899	818	600	1263	658	629	424	549	582	924	754	155	723	1309	1175	180	1302	874	903	145	902	935	1134	132	1138
chr1	17870327	17871157	831	3	0	831	478	353	73	22	30	39	40	22	39	36	32	15	30	23	20	10	20	26	33	17	1	18	35	19	3	32	39	25	2	28	30	28	2	40
chr1	17871159	17959005	87847	3	0	87847	45352	42495	4232	2124	3402	2866	2995	3108	4754	3025	3216	2090	3951	2270	2181	1387	1825	1925	3138	2439	514	2618	4265	3630	588	4165	3036	2973	481	3120	3443	3606	449	4029
chr1	17959006	18058005	99000	4	0	99000	51413	47587	4662	2425	3793	3238	3352	3619	5233	3758	3568	2251	4325	2649	2536	1685	2014	2305	3629	2927	562	2862	4880	4059	587	4628	3531	3218	485	3424	3922	3951	470	4450
chr1	18058006	18353005	295000	5	0	295000	147968	147032	12365	6778	11401	8794	9384	11039	16134	10231	10705	6742	13726	7364	6884	4502	5845	6073	10692	8294	1846	8229	14469	13685	2403	14835	10571	10669	1866	10935	11056	12744	1629	13108
chr1	18353006	18617005	264000	4	0	264000	137795	126205	13969	6519	10067	9014	8950	9344	13896	9170	9562	5904	11619	6570	7089	4489	5361	6270	9584	7375	1553	7744	12460	10943	1906	12331	9183	8866	1461	9144	10133	10456	1342	11724
chr1	18617006	18823005	206000	3	0	206000	101110	104890	9211	4812	7510	5912	6422	7569	11115	6469	7119	4619	9843	4897	4692	3068	3980	3870	7217	5932	1413	5506	10054	10690	2380	10645	7074	8085	1920	7495	7230	9062	1385	8802
chr1	18823006	19055005	232000	2	0	232000	114469	117531	10713	5418	8315	6505	7419	8843	12742	7584	7566	5391	10573	5641	5253	3630	4274	4601	8111	7092	1661	6418	11891	11288	2565	11590	8031	9364	1915	8433	8555	9590	1563	9463
chr1	19055006	19187005	132000	1	0	132000	71322	60678	7747	3682	5379	4677	4665	4401	6692	4351	4960	2872	5255	3329	4114	2620	3173	3403	5005	3549	809	4212	5676	4445	963	5704	4333	4062	769	4734	5095	4732	741	5849
chr1	19187006	19342005	155000	2	0	155000	79946	75054	8997	3904	5576	4971	5323	5609	8218	4526	4945	3382	6769	3672	4183	2979	3335	3557	5494	4415	1134	4831	7245	5962	1705	7168	5187	6009	1504	5630	5749	5693	1057	6269
chr1	19342006	19651290	309285	1	0	309285	163096	146189	19208	8022	11331	10669	10758	11085	15982	9606	10207	6469	13073	7549	9057	5763	6625	7691	11226	8460	2069	9584	14114	11026	3007	13904	10460	11433	2582	11025	11631	11132	2037	12498
chr1	19651292	19696006	44715	1	0	44715	20845	23870	1954	949	1467	1034	1322	1803	2752	1201	1322	1009	2144	965	806	615	859	642	1462	1341	350	1223	2343	2460	549	2461	1708	2192	545	1795	1565	1819	312	1744
chr1	19696007	19915006	219000	2	0	219000	118611	100389	13984	5922	8028	8359	7823	7641	10721	7285	7640	4473	8850	5590	6846	4463	5023	5962	8213	6084	1382	6820	9783	7487	1735	9369	7082	7179	1488	7213	8393	7623	1317	9220
chr1	19915007	20427006	512000	3	0	512000	271195	240805	28535	13381	20089	17756	18079	17771	25799	17389	18526	11271	21541	13013	14621	9153	11397	12873	19109	14315	2894	15258	23696	20355	3536	23492	17022	16680	2832	17264	19211	19728	2600	22812
chr1	20427007	20533006	106000	2	0	106000	53848	52152	5463	2505	3786	3390	3460	4011	5632	3287	3501	2427	4860	2712	2720	1687	2142	2263	3786	3043	689	3112	5044	4637	1086	5115	3628	3856	987	3669	3932	4346	696	4526
chr1	20533007	20700006	167000	1	0	167000	84470	82530	9163	4011	5815	5099	5489	6284	9177	5067	5337	3686	7624	4042	4098	2833	3265	3478	5870	4776	1260	4908	8019	6681	1866	8119	5898	6710	1614	6120	6231	6518	1206	6734
chr1	20700007	21115006	415000	2	0	415000	244892	170108	34568	12229	15771	20127	15465	12339	17183	13928	14719	7560	14151	11007	17944	10271	10985	16644	16213	9821	2280	14085	15127	10439	2875	14761	11661	11007	2595	11806	15914	11935	2150	17438
chr1	21115007	22246006	1131000	1	0	1131000	572694	558306	62794	27023	38672	35468	36786	42253	61359	33181	35634	24951	50647	26175	28742	20194	23546	25268	39648	32829	8186	33758	54116	49502	12827	54570	38294	45794	10581	40793	41521	42889	7894	45103
chr1	22246007	22589006	343000	2	0	343000	177863	165137	18045	8462	12552	11389	11134	12768	17901	11856	11977	7477	14969	8454	9292	6052	6989	8545	13004	9262	2381	10112	15963	14455	3048	15597	11904	12048	2559	11926	12788	13298	2014	14777
chr1	22589007	22765006	176000	3	0	176000	84831	91169	7282	3820	6023	4592	5241	6952	10117	5797	5587	4176	8316	4027	3607	2685	3212	3396	6358	5172	1285	4819	8975	9577	1932	9152	6336	7420	1492	6544	6438	7466	1049	7153
chr1	22765007	23168006	403000	2	0	403000	215389	187611	24221	10222	15321	14591	13820	13813	20298	12931	13800	8716	16737	9935	12514	8077	9541	10851	14687	11137	2315	12689	18232	15230	3010	18341	12789	13873	2512	13607	15154	14573	2201	17260
chr1	23168007	23497808	329802	1	0	329802	177339	152463	22238	8522	11828	12376	11461	11265	16077	10068	10951	6655	13986	8310	10314	6657	7799	8830	11748	8874	2001	10476	14419	11712	3151	14462	10254	11568	2821	11075	12450	11590	2185	13677
chr1	23497810	23540225	42416	1	0	42416	21052	21364	2253	980	1456	1203	1356	1593	2360	1229	1290	960	2023	964	993	734	890	767	1437	1303	268	1259	2079	1908	500	2135	1435	1770	433	1600	1587	1641	273	1735
chr1	23540227	23560863	20637	1	0	20637	10170	10467	1110	497	731	595	661	753	1076	551	645	471	1004	447	518	342	403	365	689	609	169	596	974	939	322	989	651	875	293	793	727	800	204	836
chr1	23560865	24171009	610145	1	0	610145	319905	290240	38180	15296	21662	21052	20808	21600	31007	18321	19876	12942	26795	15005	17325	11465	13408	15162	21028	17363	4016	18896	28037	23256	6308	28055	19550	22866	5467	20779	23121	22172	4183	25142
chr1	24171010	24542879	371870	2	0	371870	201557	170313	23689	9946	14084	14201	13077	13027	18085	12073	13291	7566	14964	9295	11862	7446	8519	10431	14082	10067	2310	11526	16099	13160	2941	16091	11745	12065	2625	12485	14336	12999	2232	15549
chr1	24542880	24557008	14129	2	0	14129	7454	6675	857	334	535	497	450	451	693	423	460	303	660	383	456	260	304	386	451	369	88	440	611	557	162	643	449	483	149	467	507	564	93	642
chr1	24557009	24846008	289000	1	0	289000	160020	128980	21677	7724	10572	11863	10437	9627	13156	8670	9757	5728	11678	7211	9965	5961	7029	8963	10203	7587	1791	9459	12171	9220	2784	11679	8589	9530	2410	9183	10928	9517	1815	12114
chr1	24846009	24951008	105000	2	0	105000	51181	53819	5192	2502	3561	2895	3220	3893	5904	3213	3446	2448	4759	2279	2292	1553	1910	2113	3714	3050	839	2792	5148	5426	1430	5253	3697	4523	1201	3813	3671	4258	726	4277
chr1	24951009	25182008	231000	3	0	231000	116501	114499	11298	5462	8352	7190	7358	8514	12740	7505	8059	5225	10624	5375	5587	3607	4518	5086	8182	6621	1561	6444	11443	10851	1931	11538	7925	8824	1536	8359	8568	9466	1356	9893
chr1	25182009	25442008	260000	2	0	260000	140021	119979	17041	6940	9223	9875	9164	9328	12783	8045	8631	5348	10720	6473	8242	5211	6050	6945	9557	7025	1850	8396	11417	8829	2501	10794	8414	8858	2271	8895	9932	8829	1720	10691
chr1	25442009	27376810	1934802	1	0	1934802	993785	941017	113770	47195	67777	62169	64629	69508	102977	55837	61547	41708	87066	45782	50965	35715	42597	44542	66647	55672	12621	59186	90891	79324	20830	91817	64130	76253	18256	69287	71283	71613	13079	80127
chr1	27376811	27378495	1685	1	0	1685	827	858	135	23	54	40	47	69	96	30	39	35	102	32	32	24	34	34	37	45	6	62	83	83	19	90	60	80	19	65	62	67	10	69
chr1	27378497	27378758	262	1	0	262	129	133	19	6	9	4	7	8	16	11	6	7	7	9	7	6	3	2	10	8	1	8	11	20	4	12	8	12	1	9	14	7	2	6
chr1	27378760	27382529	3770	1	0	3770	1593	2177	88	69	118	51	95	161	275	84	101	100	217	64	43	44	50	31	121	131	19	103	221	266	41	257	135	205	34	162	139	183	22	138
chr1	27382531	27382553	23	1	0	23	8	15	0	0	0	1	1	0	2	0	0	0	3	1	0	0	0	0	0	0	0	0	1	0	0	0	2	0	4	3	0	1	0	2
chr1	27382555	27388107	5553	1	0	5553	2582	2971	207	119	154	145	154	238	312	162	145	112	286	120	119	91	113	105	191	180	45	142	280	305	89	310	200	277	69	218	195	222	51	195
chr1	27388108	27389216	1109	1	0	1109	563	546	42	23	44	37	36	48	52	37	42	33	46	24	26	16	30	26	39	43	5	32	55	58	8	58	33	34	5	30	46	44	2	53
chr1	27389217	27405599	16383	1	0	16383	7497	8886	594	322	535	378	464	668	996	507	485	382	741	344	285	253	279	263	580	520	126	399	874	997	230	907	623	806	227	644	558	686	107	601
chr1	27405610	27417908	12299	1	0	12299	6454	5845	733	300	539	389	431	424	612	378	490	258	498	313	308	217	299	264	411	381	55	352	591	495	88	606	400	415	61	430	443	488	68	560
chr1	27417909	27420514	2606	1	0	2606	1483	1123	212	87	107	99	100	71	114	71	107	48	103	50	86	66	72	90	98	67	24	83	94	72	21	106	77	70	13	89	87	84	18	118
chr1	27420515	27422613	2099	1	0	2099	1135	964	160	52	68	78	81	73	102	62	58	31	99	60	60	40	54	56	53	58	14	71	96	57	12	100	72	88	24	70	97	63	6	82
chr1	27422619	27423775	1157	1	0	1157	689	468	113	30	46	59	48	35	48	31	38	14	50	39	48	29	25	34	35	24	4	45	47	23	5	42	26	38	6	32	54	32	5	50
chr1	27423776	27424530	755	1	0	755	428	327	38	17	28	39	24	31	31	33	43	14	19	16	18	23	23	30	31	21	4	29	33	31	4	22	21	16	3	20	34	22	5	30
chr1	27424531	27425838	1308	1	0	1308	653	655	69	20	35	48	48	52	80	26	25	27	66	34	31	28	31	32	46	34	11	36	69	39	11	69	42	66	18	62	49	49	8	45
chr1	27425839	27426513	675	1	0	675	396	279	75	20	29	27	22	16	35	10	25	14	30	15	29	15	20	12	25	11	1	28	15	17	2	34	21	21	5	15	22	19	6	37
chr1	27426514	27429158	2645	1	0	2645	1450	1195	167	61	120	103	91	90	120	82	111	45	113	79	82	50	66	68	94	66	17	69	98	94	14	125	89	78	12	91	102	93	19	134
chr1	27429166	27432647	3482	1	0	3482	1968	1514	280	108	133	142	130	102	160	100	122	67	124	93	131	82	94	99	130	101	17	111	147	89	30	137	94	99	31	122	122	114	28	141
chr1	27432648	27433132	485	1	0	485	280	205	44	8	15	22	16	20	20	16	5	8	20	12	23	8	13	28	15	16	0	13	23	13	2	24	18	21	0	15	17	12	0	16
chr1	27433140	27435302	2163	1	0	2163	1254	909	146	55	92	99	68	51	101	80	99	47	72	63	80	49	73	78	66	48	9	79	94	57	8	81	52	60	8	66	88	75	5	112
chr1	27435303	27441753	6451	1	0	6451	3707	2744	448	187	250	268	247	222	282	226	219	132	240	170	239	168	197	212	264	166	23	256	270	168	30	213	179	152	33	228	264	196	28	272
chr1	27441754	27442990	1237	1	0	1237	652	585	127	30	27	34	36	47	67	30	18	24	64	25	36	23	34	29	31	33	10	50	62	31	13	56	44	64	16	44	43	34	11	42
chr1	27442992	27443307	316	1	0	316	161	155	33	4	8	10	8	14	19	4	4	7	14	4	8	8	10	4	11	10	2	10	15	12	4	16	13	17	1	15	6	8	5	10
chr1	27443309	27443738	430	1	0	430	221	209	44	12	14	10	17	15	21	8	10	7	22	8	8	6	12	6	9	15	2	14	23	10	6	22	14	22	5	19	15	15	3	14
chr1	27443747	27446781	3035	1	0	3035	1825	1210	252	90	129	147	107	93	128	90	109	53	101	78	150	85	88	125	121	79	11	110	111	70	7	108	74	68	19	89	112	81	9	139
chr1	27446783	27450192	3410	1	0	3410	1948	1462	252	90	137	152	129	105	134	132	138	68	129	97	111	76	86	111	111	104	18	106	150	84	29	125	90	91	21	100	149	109	20	154
chr1	27450194	28472850	1022657	1	0	1022657	550898	471759	70611	26603	35234	38623	35464	35506	49992	30104	32230	20365	43933	25115	32766	21051	24273	29026	36746	28077	6157	32545	44685	35517	9986	45167	31705	36485	9060	33986	37931	35276	6701	41735
chr1	28472851	28975987	503137	1	0	503137	267446	235691	34883	12544	16679	18281	17462	18121	24720	14235	14957	10183	22208	12734	15084	10426	11912	13016	17327	14123	3502	16322	22681	16586	5724	22079	15754	19061	5374	17075	18775	17300	3964	20043
chr1	28975988	29336987	361000	2	0	361000	194852	166148	23945	9268	12922	13841	12399	12180	17771	11172	11847	7502	14844	8919	11785	7479	8550	10428	12919	9695	2274	11541	15496	12618	3510	15669	11450	12598	3186	12078	13657	12382	2274	14799
chr1	29336988	29465987	129000	3	0	129000	66580	62420	6329	3136	4759	4258	4331	4648	7080	4325	4612	3083	5866	3211	3209	2044	2656	3031	4850	3599	669	3793	6181	5697	791	6320	4302	4352	614	4480	5051	5341	612	5768
chr1	29465988	29496987	31000	4	0	31000	16244	14756	1508	783	1151	1058	1018	1116	1649	1111	1094	745	1306	803	880	502	648	872	1195	875	153	923	1485	1346	202	1417	1008	1018	160	1024	1206	1211	141	1390
chr1	29496988	29519987	23000	5	0	23000	11672	11328	1076	526	907	691	681	820	1315	734	910	553	1121	513	533	334	444	513	893	609	129	601	1059	1090	144	1215	763	783	95	849	835	1026	114	1122
chr1	29519988	29539987	20000	6	0	20000	10809	9191	1089	538	696	770	626	714	1040	731	778	409	861	522	600	370	425	639	842	503	113	574	849	773	119	889	664	574	117	603	756	781	77	956
chr1	29539988	29551570	11583	7	0	11583	5321	6262	317	253	395	252	345	471	761	349	360	318	558	268	195	135	195	147	406	351	89	331	616	714	102	674	462	506	67	439	443	535	62	465
chr1	29555236	29575652	20417	7	0	20417	10576	9841	935	535	780	627	724	727	1130	708	677	506	872	509	542	357	425	520	813	574	82	656	964	948	90	1014	710	677	71	678	803	817	85	859
chr1	29575653	29602652	27000	6	0	27000	13825	13175	1265	684	958	859	877	1051	1523	968	964	618	1244	694	660	400	496	563	1062	757	146	788	1295	1193	169	1279	976	877	167	946	1086	1109	116	1208
chr1	29602653	29712652	110000	5	0	110000	58026	51974	5914	2659	4142	3969	3566	3739	5795	3818	4062	2418	4946	2838	3142	1820	2271	2925	3975	2851	582	3228	4975	4785	695	5153	3653	3563	535	3715	4315	4409	482	5058
chr1	29712653	30124652	412000	6	0	412000	214501	197499	19990	10021	15235	13940	13524	15213	22386	14686	14731	9466	18120	10303	10941	6689	8266	10989	15989	11336	2130	11934	19231	17981	2468	19818	14192	13722	1824	14253	16397	16459	1762	18002
chr1	30124653	30262652	138000	5	0	138000	73666	64334	7583	3463	5360	5126	4729	4906	7061	4957	5133	3075	5777	3543	4087	2308	2856	3701	5276	3705	743	4028	6147	5526	812	6377	4780	4266	632	4513	5450	5365	577	6136
chr1	30262653	30552652	290000	4	0	290000	150798	139202	14158	7023	10571	9885	9598	10811	15794	10408	10295	6733	12834	7595	7586	4672	5632	7202	11322	8131	1467	8319	13676	12717	1754	13874	9771	9516	1263	9934	11841	11657	1254	12705
chr1	30552653	30681652	129000	3	0	129000	69204	59796	7218	3467	4829	4705	4510	4865	6634	4671	4644	2858	5321	3289	3848	2181	2668	3495	5330	3539	636	3866	5716	5150	700	5741	4483	3867	489	4167	5151	4751	531	5678
chr1	30681653	30968652	287000	2	0	287000	141849	145151	13229	6686	9917	8150	8947	11321	16183	8988	9302	6705	13372	6602	6503	4535	5422	5986	10692	8386	1947	8221	14183	14451	2907	14500	9800	11494	2186	10402	10764	11710	1736	11771
chr1	30968653	31361652	393000	1	0	393000	217279	175721	28929	10554	13810	15728	14260	13285	18649	11889	12428	7551	16417	10198	13404	8503	9723	11950	14238	10417	2171	13067	16817	11980	3267	16250	12091	13173	2940	12716	14937	12744	2346	16566
chr1	31361653	31476527	114875	2	0	114875	59785	55090	6235	2885	4285	3750	3806	4187	5989	3591	3868	2617	4870	2779	3245	2192	2681	2804	4326	3456	604	3495	5392	4833	926	5583	3683	4056	766	3835	4171	4389	662	4912
chr1	31476529	31476582	54	2	0	54	36	18	7	3	5	3	6	0	1	0	3	1	2	1	2	0	0	0	2	1	0	1	2	1	0	0	1	0	0	3	2	1	0	4
chr1	31476584	31476873	290	2	0	290	188	102	33	8	16	21	13	6	11	5	19	3	6	11	13	5	6	10	6	8	0	8	9	9	0	10	6	1	0	5	14	10	0	16
chr1	31476884	31477418	535	2	0	535	263	272	18	18	16	8	17	22	37	15	16	10	25	17	9	16	11	8	25	23	1	16	31	26	2	28	17	16	0	17	18	22	1	27
chr1	31477420	31477438	19	2	0	19	7	12	0	0	0	0	0	0	1	1	0	0	0	0	0	0	3	0	0	0	0	0	0	3	0	3	2	3	0	1	0	0	0	0
chr1	31477440	31481027	3588	2	0	3588	1994	1594	220	93	127	170	125	135	184	134	135	82	123	86	129	64	65	120	144	100	14	116	170	137	21	129	115	109	12	100	149	111	13	154
chr1	31481028	31494794	13767	2	0	13767	7969	5798	918	441	531	653	555	442	592	563	548	265	481	402	521	262	306	487	562	356	57	435	564	407	58	485	417	326	45	390	609	425	62	600
chr1	31494795	31494902	108	2	0	108	108	0	0	0	0	11	0	0	0	0	0	0	0	0	11	0	0	84	0	0	0	0	0	0	0	0	0	0	0	0	0	0	0	0
chr1	31494911	31494920	10	2	0	10	10	0	0	0	0	1	0	0	0	0	0	0	0	0	0	0	0	7	0	0	0	0	0	0	0	0	0	0	0	0	0	0	0	0
chr1	31494921	31495002	82	2	0	82	80	2	4	0	0	8	0	0	0	2	0	0	0	0	8	2	0	54	2	0	0	0	0	0	0	0	0	0	0	0	0	0	0	0
chr1	31495003	31495022	20	2	0	20	20	0	2	0	0	2	0	0	0	0	0	0	0	0	2	0	0	12	0	0	0	0	0	0	0	0	0	0	0	0	0	0	0	0
chr1	31495024	31495038	15	2	0	15	14	1	0	0	0	1	0	0	0	1	0	0	0	0	2	1	0	7	1	0	0	0	0	0	0	0	0	0	0	0	0	0	0	0
chr1	31495059	31495073	15	2	0	15	15	0	0	0	0	1	0	0	0	0	0	0	0	0	2	0	0	10	0	0	0	0	0	0	0	0	0	0	0	0	0	0	0	0
chr1	31495096	31498313	3218	2	0	3218	1971	1247	261	116	113	171	155	92	106	159	129	55	79	107	116	69	79	163	154	77	15	86	136	76	8	91	98	58	8	69	124	100	15	131
chr1	31498315	31498700	386	2	0	386	187	199	29	7	8	10	18	16	24	10	2	10	16	9	6	7	8	5	13	13	2	12	29	19	3	15	16	21	2	17	11	13	1	12
chr1	31505942	31506104	163	2	0	163	79	84	5	4	5	3	3	17	9	5	5	2	6	1	4	5	2	3	14	2	4	8	5	5	1	5	9	9	1	5	6	2	2	4
chr1	31506107	31616898	110792	2	0	110792	59059	51733	6747	2827	4129	3960	3862	3960	5445	3844	3850	2356	4616	2945	3204	1972	2369	2971	4273	3027	605	3210	5093	4163	943	4960	3608	3739	779	3566	4138	4230	575	4824
chr1	31616899	33153898	1537000	1	0	1537000	802137	734863	95038	37944	54146	51939	51565	54162	78849	45099	48754	32363	68104	36945	43710	29830	35431	38257	53116	43311	9861	48011	70332	60302	16082	71476	49904	58475	14442	53384	56323	56104	10079	63660
chr1	33153899	33433898	280000	2	0	280000	149104	130896	15982	7163	10593	10141	9307	9560	14027	9257	10027	6012	11474	6967	8563	5472	6480	8079	10501	7439	1670	8597	12100	11203	2471	12601	9055	9440	2183	9156	10495	10293	1470	12220
chr1	33433899	33481199	47301	3	0	47301	25688	21613	2658	1270	1918	1714	1694	1538	2334	1606	1774	1029	1968	1253	1433	929	1175	1393	1754	1260	235	1517	2064	1666	266	2115	1511	1404	225	1572	1843	1781	208	2192
chr1	33481201	33540899	59699	3	0	59699	33164	26535	3931	1591	2412	2332	2091	2020	2723	2220	2356	1253	2252	1550	1889	1221	1324	1998	2408	1503	323	1851	2496	2084	401	2488	1848	1700	298	1724	2302	2182	278	2648
chr1	33540900	33630899	90000	4	0	90000	49573	40427	5404	2348	3715	3518	3170	2950	4238	3326	3586	1938	3574	2386	2825	1801	2088	2706	3459	2274	468	2836	3891	3106	525	3842	2811	2552	382	2795	3522	3432	389	4141
chr1	33630900	33720899	90000	5	0	90000	49854	40146	5263	2427	3590	3602	3235	2941	4155	3417	3472	1867	3556	2392	2911	1866	2238	2921	3547	2276	521	2757	3726	3026	510	3790	2975	2454	380	2897	3500	3296	395	4095
chr1	33720900	33724357	3458	6	0	3458	2028	1430	256	110	153	154	134	107	141	130	136	69	100	101	147	73	97	119	144	91	18	106	133	89	12	136	105	87	9	93	130	103	17	156
chr1	33724358	33808898	84541	6	0	84541	46550	37991	4686	2185	3480	3348	3053	2730	3944	3243	3273	1893	3420	2285	2687	1625	2138	2560	3362	2135	381	2555	3553	3050	354	3731	2665	2298	284	2750	3390	3206	329	3946
chr1	33808899	33976898	168000	7	0	168000	90990	77010	8968	4372	6967	6206	5918	5553	8306	6301	6546	3597	6880	4509	5081	3193	3978	4614	6340	4376	760	5239	7435	6157	768	7650	5564	4986	621	5581	6739	6492	639	7662
chr1	33976899	34351898	375000	8	0	375000	208094	166906	21998	9934	15353	15247	13668	12202	17013	14046	14589	8011	14898	9931	12278	7466	9374	12084	14698	9642	1706	11567	15883	12782	1994	15769	11870	10135	1609	11822	14479	13869	1601	17480
chr1	34351899	34495898	144000	7	0	144000	81102	62898	8922	3878	6022	6126	5398	4583	6632	5323	5678	3051	5630	3870	4950	2756	3563	4719	5728	3490	581	4470	5836	4732	566	5879	4624	3711	459	4592	5748	5081	494	6906
chr1	34495899	34593898	98000	6	0	98000	56703	41297	6725	2757	4034	4470	3722	2979	4207	3694	3968	1914	3626	2677	3571	2079	2533	3747	3807	2423	433	3066	3960	2851	350	3662	2975	2300	319	2964	3860	3248	370	4707
chr1	34593899	34664898	71000	5	0	71000	38272	32728	3802	1898	2997	2569	2565	2363	3505	2463	2746	1589	3005	1861	2153	1331	1641	1783	2701	1919	366	2195	3145	2602	360	3269	2336	2112	271	2251	2715	2743	309	3433
chr1	34664899	34754898	90000	4	0	90000	48943	41057	4999	2379	3618	3409	3162	3211	4452	3264	3469	1939	3647	2220	2775	1747	2030	2621	3654	2370	472	2780	3969	3206	471	3914	2984	2635	348	2979	3482	3349	369	4074
chr1	34754899	35031898	277000	3	0	277000	150374	126626	17324	7123	10371	10787	9597	9238	13180	9059	9685	5632	11153	6933	8999	5588	6602	9103	10248	7385	1595	8353	12033	10413	2353	12031	8617	9094	2000	9099	10175	9937	1468	11823
chr1	35031899	35706898	675000	2	0	675000	388769	286231	53624	19106	25579	30499	25231	21215	29206	21976	24114	12542	25014	17460	25839	15558	17450	24355	25350	17040	3514	22518	26805	18108	4566	25906	19774	19246	4281	19993	25699	20991	3607	28832
chr1	35706899	35746898	40000	1	0	40000	21017	18983	2400	961	1522	1410	1357	1367	1977	1243	1408	810	1763	996	1128	781	905	988	1357	1127	230	1205	1824	1565	398	1844	1223	1463	360	1410	1540	1476	252	1708
chr1	35746899	35906898	160000	2	0	160000	90758	69242	12292	4414	5933	6887	5923	5119	7006	4962	5478	3058	6262	4174	5833	3626	4134	5657	5855	4107	877	5377	6424	4457	1375	6246	4596	4857	1189	4908	6135	5081	953	6803
chr1	35906899	36551898	645000	1	0	645000	344025	300975	41915	16274	22691	23583	21556	22339	32320	19341	20875	13226	27470	15736	20117	13243	14869	18468	23079	17542	4029	20433	28787	24172	6377	28485	20321	23150	5662	21631	23369	22957	4180	26801
chr1	36551899	36659898	108000	2	0	108000	54267	53733	4491	2499	3759	3150	3440	4382	6145	3718	3584	2595	4929	2675	2384	1818	2248	2448	4472	3132	626	3064	5289	5088	742	5325	3829	3811	587	3985	4095	4413	567	4708
chr1	36659899	36791898	132000	3	0	132000	68831	63169	6526	3208	5130	4434	4376	4808	6851	4637	4849	2999	5879	3300	3547	2220	2806	3261	5034	3527	759	3915	6202	5634	848	6322	4515	4286	631	4468	4921	5560	584	5961
chr1	36791899	36940898	149000	4	0	149000	76354	72646	6755	3515	5552	4728	4848	5470	8146	5476	5231	3421	6626	3778	3716	2439	3092	3559	5660	4063	839	4283	7173	6623	1016	7154	5432	5197	721	5428	5675	6083	748	6551
chr1	36940899	37096898	156000	5	0	156000	76980	79020	6385	3380	5781	4467	4847	6023	8913	5378	5335	3662	7467	3689	3446	2335	2938	2933	5901	4158	982	4359	7479	7611	1409	7992	5924	6169	1054	5828	5857	6553	823	6920
chr1	37096899	37264898	168000	4	0	168000	93529	74471	10241	4495	6818	6892	6323	5511	7842	6314	6602	3504	6799	4411	5279	3095	3941	5461	6789	4100	678	5038	7227	5688	640	7148	5417	4696	485	5248	6556	6219	575	7966
chr1	37264899	37365898	101000	3	0	101000	51875	49125	4715	2338	3931	3193	3283	3825	5415	3479	3693	2257	4731	2357	2485	1670	2141	2360	3812	2775	565	2938	4819	4401	605	4974	3625	3426	477	3670	3746	4197	459	4636
chr1	37365899	37461898	96000	2	0	96000	49718	46282	5098	2297	3572	3080	3203	3634	5121	3163	3282	2153	4431	2427	2464	1671	2041	2080	3673	2759	495	2828	4621	3981	616	4625	3229	3334	536	3291	3598	3769	505	4421
chr1	37461899	37611748	149850	1	0	149850	80944	68906	10245	4048	5592	5527	5326	5084	7406	4425	5128	3047	6036	3711	4713	3071	3546	4038	5341	4019	1018	4872	6521	5077	1434	6397	4785	5168	1233	5118	5594	5166	969	6193
chr1	37611749	37800827	189079	1	0	189079	95449	93630	9856	4438	6868	5573	6108	6981	10230	5685	6252	4159	8928	4523	4519	3259	3983	4085	6598	5472	1154	5614	8998	8238	1962	9306	6512	7273	1729	6912	6896	7521	1267	8178
chr1	37800828	37965827	165000	2	0	165000	88443	76557	11029	4350	6041	5899	5750	5445	8119	4960	5459	3410	7072	4010	5081	3363	4095	4359	5613	4548	1015	5392	7256	5666	1601	7293	5214	5906	1448	5652	6191	5695	1076	6990
chr1	37965828	37999827	34000	1	0	34000	18399	15601	2493	910	1201	1219	1228	1160	1583	1106	1079	703	1423	849	1023	752	787	882	1287	927	214	1097	1469	1047	391	1426	1094	1154	352	1088	1228	1206	237	1383
chr1	37999828	38130827	131000	2	0	131000	64504	66496	6078	2916	4538	3691	4042	5023	7452	4000	4139	2989	6106	2988	2964	2202	2681	2695	4898	3684	839	3708	6436	6371	1416	6648	4580	5430	1308	4954	4603	5386	767	5466
chr1	38130828	38212827	82000	3	0	82000	43045	38955	3912	2045	3207	2820	2880	2798	4282	2844	2963	1866	3633	2114	2229	1433	1908	2110	2892	2232	387	2631	3930	3176	507	3852	2811	2730	361	2869	3171	3327	399	3679
chr1	38212828	38340827	128000	4	0	128000	69646	58354	7288	3352	5150	4816	4471	4226	6258	4686	4859	2719	5303	3331	3989	2357	2874	3965	4971	3179	634	3870	5586	4802	701	5595	4177	3800	584	4243	4907	4903	525	5877
chr1	38340828	38596827	256000	5	0	256000	145197	110803	16761	7082	10665	11233	9587	8174	11343	9405	10354	5216	9456	6813	9039	5147	6247	8675	10139	6408	1219	7853	10377	7896	1289	10421	7948	6623	1079	7712	10045	9056	1011	11725
chr1	38596828	38696827	1e+05	4	0	1e+05	55513	44487	6097	2718	3927	4133	3695	3351	4622	3770	3831	2021	3910	2660	3252	1993	2362	3171	3962	2563	464	3094	4240	3431	577	4130	3280	2776	432	3114	3955	3608	377	4482
chr1	38696828	38814827	118000	3	0	118000	64625	53375	7260	3165	4793	4672	4397	3816	5647	4167	4468	2488	4655	3093	3765	2251	2748	3240	4468	3145	608	3499	5201	3977	732	5033	3802	3525	656	4024	4556	4296	564	5287
chr1	38814828	38925827	111000	2	0	111000	62675	48325	8460	3106	3996	4851	4050	3611	4960	3445	3842	2171	4237	2837	4061	2440	2850	3757	4128	2905	627	3668	4410	3074	1029	4352	3312	3372	952	3408	4216	3514	741	4616
chr1	38925828	39212827	287000	1	0	287000	157532	129468	21291	7526	10551	11296	10297	9554	13546	8471	9665	5505	12210	7225	9411	6106	6939	7938	10107	7585	1633	9367	12247	8651	2577	12287	8636	9791	2542	9439	10877	9735	1840	12153
chr1	39212828	39711827	499000	2	0	499000	272520	226480	32890	13209	18977	19301	17260	16430	24378	15639	17856	10338	20179	12667	16372	10057	12188	14777	17946	13032	2949	16108	21280	16451	4300	21058	15536	16195	3832	16753	18945	17411	2881	21803
chr1	39711828	40126827	415000	1	0	415000	224778	190222	27248	10992	15375	15708	14692	13875	20195	13190	14253	8520	17074	10369	13129	8391	9924	11841	15013	11057	2496	13212	18111	14007	3719	17851	13236	14135	3403	13766	15592	14489	2396	17739
chr1	40126828	40275827	149000	2	0	149000	88165	60835	12356	4298	5699	7431	5760	4462	6067	4786	5253	2745	5290	3980	6415	3685	4053	5885	5594	3539	819	5238	5472	3395	978	5239	4140	3931	991	4229	5869	4219	778	6402
chr1	40275828	40324827	49000	1	0	49000	25423	23577	3023	1161	1727	1673	1576	1638	2484	1460	1587	1036	2123	1246	1397	893	1055	1343	1637	1384	287	1420	2222	2143	598	2370	1519	1928	476	1601	1780	1878	335	1998
chr1	40324828	40722827	398000	2	0	398000	225376	172624	28786	11103	15040	17307	14530	12910	17652	13417	14606	7710	15265	10321	14315	8748	10070	13595	15195	10265	2176	12835	16301	11656	2780	15807	11776	11308	2465	12157	15237	13315	2123	17227
chr1	40722828	41070827	348000	1	0	348000	181981	166019	20447	8792	13060	11480	11784	12213	18121	10752	11767	7556	15121	8295	9782	6553	7876	8381	12408	9579	2117	11010	15887	13876	3031	16225	11548	12655	2781	12162	13027	12909	2023	14780
chr1	41070828	41221827	151000	2	0	151000	93398	57602	12756	4661	6235	8178	5933	3909	5520	5760	6059	2723	4565	4301	7082	3955	4585	7175	6127	3380	557	5184	5196	3124	450	4885	3889	2817	411	3933	5910	4334	502	6902
chr1	41221828	41425982	204155	1	0	204155	105846	98309	10319	4879	7408	6777	6563	7773	10632	6863	6984	4498	8764	4883	5518	3795	4570	5619	8196	5540	1129	6079	9372	9097	1756	9560	6736	7322	1453	6939	7527	7826	980	8796
chr1	41425984	41607828	181845	1	0	181845	88806	93039	7301	3967	6738	4772	5526	7529	10425	5946	6291	4318	8492	4167	3660	2725	3516	3433	6730	5554	1121	5134	9555	9027	1548	9437	6456	7210	1213	6784	6685	7777	990	7816
chr1	41607829	42025828	418000	2	0	418000	227068	190932	23674	10971	16699	15812	14513	14361	20667	15365	16156	8847	16596	10474	12813	7958	9696	12465	16402	10903	2103	12729	18344	15360	2329	18448	14076	12718	1799	13647	16084	15500	1655	18834
chr1	42025829	42179828	154000	1	0	154000	87779	66221	10414	4371	5954	6966	5827	5167	6713	5728	5988	3075	5473	4037	5476	3207	3762	5621	6507	3797	782	4734	6232	4815	904	5839	4786	3952	776	4522	5909	5227	630	6807
chr1	42179829	42442828	263000	2	0	263000	156931	106069	20999	7883	10802	12715	9911	7711	10396	9280	10346	4789	8730	7287	11143	6592	7411	10936	10543	6120	1272	9040	9475	6198	1371	9274	7188	6020	1298	7117	10092	7980	1171	11908
chr1	42442829	42598828	156000	3	0	156000	94522	61478	12844	4618	6515	8057	6048	4495	5888	5705	6179	2828	4988	4262	6964	3875	4477	6778	6342	3558	632	5284	5530	3445	635	5358	4201	3400	636	4199	6063	4565	603	7026
chr1	42598829	42901828	303000	2	0	303000	170236	132764	21183	8487	11786	12566	11276	9740	13720	10042	10897	6141	11277	7832	10666	6765	7619	10238	11714	7838	1621	9960	12377	9434	2298	12176	9197	8790	1920	9291	11490	10223	1459	12975
chr1	42901829	43177828	276000	1	0	276000	148602	127398	16812	7059	10411	10228	9594	9688	13429	9093	9829	5865	11227	6916	8275	5593	6433	8149	10327	7607	1692	8579	12261	10161	2258	11935	8859	8935	1976	8970	10357	9912	1551	12017
chr1	43177829	43378828	201000	2	0	201000	104986	96014	11054	4900	7358	6728	6664	7111	10348	6588	6941	4424	8694	5094	5381	3844	4591	5266	7255	5634	1232	6157	9308	8102	1789	9428	6645	7119	1452	6738	7503	7772	1211	8667
chr1	43378829	43810883	432055	1	0	432055	225715	206340	24744	10666	15736	14215	14242	15946	22664	13714	14577	9422	18285	10323	11798	8585	9743	11054	16243	12147	2787	13442	19683	17012	3884	20113	14568	15546	3441	14865	16072	15988	2540	18008
chr1	43810884	44026827	215944	1	0	215944	108151	107793	10248	4846	8063	6099	6685	7813	11983	6543	7302	4897	10072	5040	5021	3822	4711	5006	7612	6113	1329	6323	10357	9959	2121	11163	7367	8466	1767	7904	7688	9062	1121	9439
chr1	44026828	44175827	149000	2	0	149000	82618	66382	10534	4058	5555	5990	5452	4993	6930	4797	5215	3092	5895	3812	4936	3129	3593	4635	5661	4057	822	4732	6550	4941	1047	6150	4407	4540	880	4581	5554	5150	799	6511
chr1	44175828	44470827	295000	3	0	295000	161588	133412	18287	7654	11986	11389	10279	9576	13972	9580	10779	6152	11866	7370	9971	6087	7603	9035	10873	7590	1531	9476	12270	10281	2082	13056	9256	9222	1813	9795	11008	10596	1462	13101
chr1	44470828	44571827	101000	2	0	101000	53721	47279	5859	2490	3983	3617	3374	3407	5024	3277	3837	2078	4478	2537	2879	1832	2469	2578	3517	2610	621	3059	4392	3841	738	4650	3345	3278	681	3616	3828	3892	582	4629
chr1	44571828	44953827	382000	1	0	382000	198332	183668	22666	9118	13628	12470	12638	13211	19871	11270	12315	7932	17359	9284	10264	7241	8941	10122	12904	10566	2361	11671	17622	14860	3879	18203	12593	14867	3605	13647	13872	14271	2469	16278
chr1	44953828	45262827	309000	2	0	309000	179443	129557	23926	8978	11825	14187	11895	9303	12980	10802	11258	5733	11099	8291	11836	7201	8185	11942	11842	7701	1436	10237	12154	8153	1956	11557	8880	8520	1758	8982	12104	9446	1518	13313
chr1	45262828	46241816	978989	1	0	978989	553619	425370	73791	27277	36536	41615	36077	30952	43929	30978	33608	18862	37535	25243	35743	22460	25944	33068	36062	25487	5206	32796	40244	28393	7301	39094	28554	29732	6560	30692	37076	31421	5389	41362
chr1	46241817	46241859	43	5	0	43	7	36	0	0	0	0	0	1	2	0	0	1	3	0	0	0	0	0	0	1	1	0	2	9	6	3	1	5	1	1	0	3	0	1
chr1	46241860	46600827	358968	1	0	358968	180496	178472	18579	8403	12861	10637	11522	12781	19297	10558	11341	7978	16652	8389	9038	6502	8240	7718	12195	10440	2190	10838	17218	16537	3878	17974	11961	14390	3344	13145	12784	14240	2243	15093
chr1	46600828	46732610	131783	2	0	131783	74506	57277	8864	3762	5426	5332	4672	4071	5983	4592	4990	2638	4896	3309	4858	3076	3592	4444	5100	3341	547	4559	5294	4106	744	5346	3892	3593	705	4216	5032	4450	576	5775
chr1	46732611	46732668	58	3	0	58	30	28	0	2	2	2	3	3	2	1	3	1	4	1	0	0	2	4	2	1	0	3	4	1	0	3	1	3	0	0	2	3	0	3
chr1	46732669	46790827	58159	2	0	58159	34057	24102	4319	1703	2512	2717	2309	1666	2446	2034	2298	1146	2045	1524	2325	1169	1487	2357	2223	1449	185	1827	2314	1667	175	2306	1702	1334	173	1732	2216	2013	159	2625
chr1	46790828	46965827	175000	3	0	175000	101057	73943	12274	5152	7126	7859	6909	5290	7531	6817	7146	3511	6000	4861	6082	3685	4558	6255	7081	4516	657	5384	7229	5230	573	6902	5326	4073	451	5002	6912	6114	565	7927
chr1	46965828	47117827	152000	4	0	152000	91112	60888	11964	4704	6238	7645	6308	4298	5958	5969	6208	2857	4840	4346	6071	3434	4081	6190	6302	3665	538	4788	5901	3739	460	5252	4362	3111	411	4107	5968	4837	475	6971
chr1	47117828	47495827	378000	3	0	378000	205826	172174	24311	9947	14060	14621	13225	12651	17942	12311	13256	7746	15632	9664	12147	7736	9018	11557	14039	10006	2067	11968	16182	13133	3295	16205	11667	12063	3045	12205	14241	13613	2171	16274
chr1	47495828	47600827	105000	4	0	105000	54974	50026	5168	2573	4088	3553	3544	3903	5444	3603	3764	2353	4612	2603	2906	1859	2291	2709	4112	2870	537	3168	4784	4368	761	4851	3503	3481	591	3667	4095	4045	443	4749
chr1	47600828	47799827	199000	5	0	199000	103566	95434	9631	4852	7562	6766	6538	7096	10452	7008	7181	4422	8816	4913	5461	3418	4320	5129	7533	5304	1093	5858	9264	8501	1489	9339	6646	7035	1082	6957	7651	7752	932	8997
chr1	47799828	48009827	210000	6	0	210000	109413	100587	9888	5193	8358	6760	6914	7650	11280	7389	7786	4901	9227	5075	5611	3672	4631	5078	8136	5688	1098	6494	9602	8318	1311	10202	7225	7062	1136	7324	8270	8364	879	9476
chr1	48009828	48127827	118000	7	0	118000	65800	52200	7028	3219	4850	4783	4294	3795	5582	4327	4703	2530	4732	3199	3855	2313	2946	3642	4702	2938	540	3677	4944	3884	465	5002	3675	3136	389	3684	4677	4337	402	5748
chr1	48127828	48316827	189000	8	0	189000	111214	77786	13665	5598	7842	9043	7295	5666	7734	7178	7816	3644	6448	5069	7374	4132	4844	7864	7855	4422	778	5985	7063	5353	804	6955	5492	4256	596	5250	7463	6144	692	8678
chr1	48316828	48964827	648000	9	0	648000	380697	267303	45261	18654	27394	30665	24338	18899	27170	24411	26531	12657	22817	17654	25844	14710	17591	26099	26144	14903	2438	21435	23778	17558	2480	24626	18835	14926	2032	18489	26062	21055	2120	30422
chr1	48964828	49691827	727000	10	0	727000	450886	276114	57789	22177	30654	40741	29170	19122	26261	29125	30685	13185	21883	20899	33717	18156	21436	35885	30288	15895	2242	24215	24669	14937	1731	23546	19269	13014	1494	18161	29452	21037	1851	34312
chr1	49691828	50074827	383000	9	0	383000	240906	142094	32752	12059	15929	22190	15851	10057	13096	15234	15989	6546	10783	11105	18337	9895	10915	20167	16570	8074	1370	12543	12571	7495	1059	11477	9755	6514	1000	9242	15342	10519	1101	17461
chr1	50074828	50195827	121000	8	0	121000	72322	48678	8991	3531	5231	5934	4494	3759	4882	4630	5023	2288	4074	3273	5178	2941	3231	4860	5241	2755	452	4071	4238	2971	374	4390	3404	2488	321	3315	4882	3759	375	5642
chr1	50195828	50276827	81000	7	0	81000	45957	35043	5007	2265	3423	3450	3003	2456	3669	3059	3302	1741	3119	2086	2833	1669	2081	2793	3171	1973	269	2718	3286	2708	271	3340	2437	2038	207	2376	3293	2886	211	3858
chr1	50276828	50373827	97000	6	0	97000	53007	43993	5533	2615	3864	3730	3443	3278	4746	3435	3722	2085	4017	2603	3046	1768	2354	2766	3767	2541	433	3005	4156	3387	491	4312	3058	2822	449	3145	3921	3596	391	4519
chr1	50373828	50694827	321000	5	0	321000	194194	126806	26673	9686	12742	16852	12182	9056	12375	11399	12205	5608	10331	8508	14893	8207	8989	14487	12815	7270	1340	11132	11140	7294	1793	10881	8672	7485	1704	8627	12385	9059	1411	13797
chr1	50694828	50812827	118000	4	0	118000	72919	45081	10285	3744	4686	6477	4728	3318	4434	4286	4595	2058	3697	3158	5584	3060	3291	5517	4897	2671	487	4125	4051	2266	408	3734	3049	2392	423	3069	4770	3130	428	5180
chr1	50812828	50920827	108000	3	0	108000	67835	40165	9767	3494	4352	6074	4390	2906	3768	4190	4403	1798	2982	3061	5127	3001	3173	5347	4696	2401	440	3662	3579	1978	379	3140	2801	1881	327	2635	4178	2816	414	4838
chr1	50920828	51135827	215000	2	0	215000	130127	84873	18344	6426	8532	11524	8530	5980	8133	7550	8275	3823	6941	5725	9677	5252	5899	9514	8420	4885	942	7234	7641	4901	1204	7193	5773	5063	1122	5730	8359	6090	968	9348
chr1	51135828	51464827	329000	1	0	329000	190043	138957	25699	9285	12519	15138	12122	10273	14597	10754	11656	6070	11989	8679	13162	7578	8449	12071	12430	8301	1577	10898	13006	9018	1931	12832	9544	9352	1780	9894	12766	10116	1582	13930
chr1	51464828	52279827	815000	2	0	815000	479130	335870	63986	23692	31748	39428	30700	24648	33737	27422	29858	14865	29036	21889	34309	19862	22233	31715	31411	19974	3800	27882	30678	20149	4716	30446	22705	21189	4197	23075	31713	24677	3907	35351
chr1	52279828	52548827	269000	3	0	269000	158288	110712	21942	7834	10220	12986	10084	7945	11065	9206	9675	4908	9423	7070	11282	6662	7252	10732	10226	6514	1444	9165	10132	6502	1767	9798	7581	7166	1626	7715	10362	8017	1415	11282
chr1	52548828	53397827	849000	2	0	849000	461337	387663	55777	21930	30801	32830	29339	29779	41107	26843	28542	17189	34812	20555	27680	18029	20217	25906	31928	22604	5046	27349	36558	29436	7354	36737	26714	28873	6257	27707	31868	29172	4915	35144
chr1	53397828	53432689	34862	3	0	34862	18905	15957	2150	929	1450	1309	1210	1237	1574	1146	1274	779	1347	806	1204	661	850	979	1325	992	227	1062	1482	1461	245	1559	1053	1061	180	1102	1306	1233	170	1497
chr1	53432690	53655826	223137	3	0	223137	110801	112336	10328	5034	7703	6571	6627	9048	12835	7202	7302	5099	9921	4868	5378	3664	4311	4909	8714	6194	1561	6375	10740	10924	2176	11219	8239	9126	1768	8109	8019	8815	1289	9067
chr1	53655827	53976826	321000	2	0	321000	178167	142833	21907	8633	12339	12967	11314	10515	15089	10624	11419	6446	12665	8089	11206	6933	7937	10084	11769	8407	1813	10538	13399	10365	2260	13353	9979	9834	2082	10413	12395	10772	1727	13725
chr1	53976827	54109826	133000	1	0	133000	75192	57808	9219	3708	5061	5620	4755	4218	6065	4577	4707	2577	5187	3497	4927	2940	3390	4742	5039	3407	632	4366	5401	3945	816	5468	4037	3844	776	4109	5138	4434	636	5760
chr1	54109827	54269826	160000	2	0	160000	78895	81105	7551	3657	5670	4330	4945	6370	9132	4936	5096	3673	7404	3620	3616	2602	3222	3070	5760	4734	1142	4666	8021	7548	1608	8108	5822	6473	1292	6137	5780	6530	966	6517
chr1	54269827	54771826	502000	3	0	502000	253886	248114	27449	11919	18175	15124	16518	18655	27391	15008	16247	10930	22866	11507	12453	8668	10508	10467	17779	14521	3153	14719	24381	22231	4980	24768	17474	19922	4089	18546	17939	19686	3018	20907
chr1	54771827	55007826	236000	2	0	236000	123899	112101	12931	5949	9106	8026	7856	8251	12181	7795	8366	5205	9893	5522	6859	4468	5458	6033	8625	6715	1281	7252	10808	9493	1882	11190	7845	8291	1613	8119	8805	8873	1230	10077
chr1	55007827	55221826	214000	3	0	214000	124295	89705	15705	6134	8817	10065	7652	6492	9180	7321	8444	4208	7558	5327	8920	5001	5404	8065	8325	5170	1196	7145	7780	5991	1398	8177	6278	5366	1134	6208	8263	6819	1026	9429
chr1	55221827	55368826	147000	4	0	147000	83307	63693	9605	4191	6064	6285	5588	4704	6577	5349	5683	2949	5578	3899	5269	3061	3745	4759	5721	3688	662	4834	6094	4336	674	5903	4519	4004	593	4556	5885	4979	573	6671
chr1	55368827	55453826	85000	5	0	85000	49664	35336	5913	2471	3548	3964	3264	2553	3606	3253	3483	1701	2966	2363	3237	1841	2251	3248	3418	2010	347	2791	3271	2393	301	3170	2525	1947	227	2423	3462	2785	279	3987
chr1	55453827	55535826	82000	6	0	82000	47465	34535	5350	2371	3416	3813	3165	2479	3506	3231	3385	1604	2922	2239	3050	1805	2182	2945	3354	1983	305	2617	3315	2320	247	3244	2473	1964	196	2367	3239	2859	254	3798
chr1	55535827	55649826	114000	7	0	114000	66731	47269	7858	3386	4980	5189	4396	3430	4732	4559	4768	2275	3931	3086	4390	2458	3040	4252	4790	2698	426	3635	4335	3098	300	4415	3415	2591	263	3242	4577	3761	331	5391
chr1	55649827	56084239	434413	8	0	434413	262891	171522	31191	12818	18707	21939	17007	11922	16675	17367	17987	8184	13821	12008	18470	10980	12586	21228	17749	9886	1468	14801	15802	10165	1196	14884	11958	8887	891	11834	17462	13110	1157	20271
chr1	56084241	56275827	191587	8	0	191587	116858	74729	14799	5939	8060	10268	7858	5355	7083	7657	7964	3496	6216	5388	8446	4435	5396	8497	7959	4211	674	6381	6771	4064	540	6432	5341	3771	436	5084	7882	5761	564	8857
chr1	56275828	56550712	274885	7	0	274885	158570	116315	18480	7895	11626	12290	10423	8528	11630	10314	11196	5457	10022	7448	10192	5833	7237	9997	10719	6779	1226	8989	10769	7805	1187	10754	8281	6618	901	8164	11126	9313	1076	12608
chr1	56550713	56686826	136114	7	0	136114	82359	53755	11354	4054	5634	7125	5269	3855	5024	5115	5455	2482	4412	3650	6089	3272	3659	5910	5428	3072	604	4559	4785	3156	674	4610	3639	2994	671	3562	5411	4003	587	5998
chr1	56686827	56831826	145000	8	0	145000	89338	55662	11800	4457	6222	7852	5650	3937	5280	5817	6134	2536	4529	4138	6747	3534	4143	6560	5919	3130	535	4880	4813	3047	397	4826	3909	2731	341	3797	6044	4175	447	6671
chr1	56831827	56970826	139000	9	0	139000	80486	58514	8610	3909	5844	6473	5259	4281	6028	5479	5611	2828	5089	3878	5357	3046	3661	5132	5637	3280	565	4582	5373	3783	488	5341	4303	3243	369	4143	5733	4679	438	6556
chr1	56970827	57070826	1e+05	10	0	1e+05	57975	42025	6720	2859	4223	4498	3679	3072	4372	3928	4081	1995	3514	2740	3819	2211	2691	3571	4023	2379	449	3286	3829	2680	389	3742	3113	2370	314	3121	4086	3211	382	4651
chr1	57070827	57251826	181000	9	0	181000	107373	73627	12688	5210	7591	8913	6765	5437	7495	7121	7398	3539	6063	5056	7551	4289	4926	7330	7356	4254	745	6121	6505	4519	625	6641	5419	3888	511	4986	7537	5629	563	8327
chr1	57251827	57276695	24869	10	0	24869	14212	10657	1513	662	1031	1156	917	793	1160	933	971	499	942	731	960	539	591	812	1000	594	93	807	964	699	93	1008	766	630	89	771	1073	841	91	1138
chr1	57276697	57509827	233131	10	0	233131	139267	93864	17055	6751	9856	11795	8707	6943	9114	9227	9706	4309	7879	6436	9989	5445	6260	9794	9596	5201	1030	7621	8054	5560	1048	8241	6780	4983	871	6548	9561	7159	911	10699
chr1	57509828	58039827	530000	9	0	530000	315826	214174	37117	15238	22677	26630	19994	15496	21394	20587	22139	10059	18165	14694	22412	12146	14728	22349	21360	11994	2003	17582	18976	12965	1674	19308	15449	11354	1398	15053	21685	16610	1741	25021
chr1	58039828	58218827	179000	8	0	179000	104510	74490	11778	5250	7630	8240	6783	5511	7506	7038	7396	3476	6260	4827	6942	4096	4881	6895	7310	4211	723	6089	6725	4629	708	6667	5601	4051	549	5267	7202	5839	664	8254
chr1	58218828	58342827	124000	7	0	124000	72500	51500	8157	3396	5330	5932	4707	3793	5171	4870	5219	2445	4550	3427	4732	2713	3278	4779	5095	2774	462	4016	4603	3219	437	4554	3814	2736	454	3694	5030	4083	463	6065
chr1	58342828	58426827	84000	6	0	84000	48289	35711	5296	2436	3598	3653	3136	2510	3637	3279	3512	1727	3225	2290	3039	1775	2298	2878	3279	2013	362	2794	3294	2337	311	3248	2627	1886	254	2551	3362	2953	273	4165
chr1	58426828	58538827	112000	5	0	112000	67635	44365	8782	3316	4695	5760	4174	3182	4380	4177	4532	2111	3808	3119	5065	2749	3007	4776	4539	2425	532	3862	3781	2691	422	3899	3068	2280	368	2928	4525	3397	446	5202
chr1	58538828	58773827	235000	4	0	235000	138304	96696	17181	6761	9490	11449	8689	7056	9636	8637	9187	4499	7969	6413	9823	5401	6305	9807	9318	5534	1125	7740	8789	6252	1221	8562	6759	5605	1081	6641	9152	7434	1025	10457
chr1	58773828	58941827	168000	5	0	168000	95210	72790	10372	4842	7183	7217	6120	5163	7240	6246	6943	3294	6353	4300	6179	3531	4345	5881	6598	4054	740	5438	6538	5187	962	6951	5009	4397	856	5168	6624	5999	704	7564
chr1	58941828	59215827	274000	6	0	274000	158216	115784	17881	7911	11534	12279	10444	8325	11852	10379	11245	5510	10206	7335	10035	5972	7256	10051	10983	6661	1062	9012	10559	7823	974	10862	8232	6439	796	8083	11226	9294	886	12891
chr1	59215828	59463827	248000	7	0	248000	148522	99478	18289	7315	10752	12445	9648	7112	9796	9501	10451	4772	8175	6799	10413	6004	6750	10299	10240	5646	1002	8314	8865	6043	860	8818	6968	5130	721	6673	9985	7767	777	11668
chr1	59463828	59591827	128000	8	0	128000	76192	51808	9211	3836	5366	6232	4921	3754	5236	5082	5372	2454	4159	3617	5141	3101	3376	5332	5419	2961	535	4230	4705	3168	473	4471	3711	2642	398	3493	5159	4046	454	5943
chr1	59591828	59700827	109000	7	0	109000	64436	44564	7905	3165	4605	5102	4033	3164	4497	4219	4481	2182	3770	2996	4357	2709	2984	4265	4419	2622	491	3688	3974	2734	444	3951	3033	2390	358	3031	4487	3357	399	5186
chr1	59700828	59986827	286000	6	0	286000	174852	111148	22761	8747	12209	15366	11120	7834	10677	11306	11944	5206	8794	7766	13257	6909	7816	13138	11861	6122	1136	9577	9825	6366	1022	9461	7877	5800	911	7480	11375	8386	971	12978
chr1	59986828	60080827	94000	7	0	94000	57753	36247	7364	2903	4058	5031	3717	2562	3502	3596	3957	1693	2984	2685	4318	2205	2656	4521	3924	1995	344	3099	3135	2027	257	3192	2545	1814	205	2390	3773	2775	252	4519
chr1	60080828	60274827	194000	8	0	194000	121488	72512	15451	5908	8199	11358	7616	5111	6737	8024	8360	3447	5816	5404	9490	4862	5604	10100	8127	4056	670	6475	6416	3690	490	5943	5033	3368	385	4832	7912	5425	583	9106
chr1	60274828	60703827	429000	9	0	429000	266357	162643	34866	13255	18018	24529	17469	11532	15114	17651	18325	7640	12933	12273	20008	10476	12127	20139	18135	9012	1490	14267	14413	8811	1107	13537	11613	7553	983	10551	17605	12492	1236	19838
chr1	60703828	60878827	175000	8	0	175000	106423	68577	13733	5304	7439	9204	7104	4965	6460	7050	7341	3287	5501	4908	7502	4117	4954	7553	7312	3904	625	5832	6264	3974	550	5732	4952	3404	425	4565	7051	5238	524	8224
chr1	60878828	61033827	155000	7	0	155000	89407	65593	10695	4366	6522	7111	5855	4951	6701	5828	6250	3090	5678	3990	5894	3295	3906	5275	6290	3663	688	5060	5918	4396	635	6069	4904	3840	528	4592	6222	5119	581	7086
chr1	61033828	61286827	253000	6	0	253000	154377	98623	22177	8027	10440	13665	9714	7137	9423	9053	10008	4385	7677	6534	12410	6264	6792	10670	10252	5576	1346	8639	8298	5492	1531	8031	7117	5433	1476	6826	9660	6850	1259	10836
chr1	61286828	61468827	182000	5	0	182000	109663	72337	14472	5503	7681	9297	6938	5476	7152	6713	7440	3374	5794	4835	8103	4414	4938	7531	7522	4067	951	6227	6208	4167	739	6258	5352	3811	643	4948	7198	5327	787	8132
chr1	61468828	61557827	89000	4	0	89000	52572	36428	6493	2659	3571	4348	3453	2738	3751	3351	3644	1717	3043	2414	3482	2012	2338	3556	3685	2216	381	2844	3366	2229	343	3250	2676	1947	231	2442	3566	2796	289	4167
chr1	61557828	61823827	266000	3	0	266000	156822	109178	21582	7804	10378	12906	10216	8151	10807	9196	9741	4698	9338	7036	11131	6195	7072	10570	10220	6351	1338	8939	10075	6282	1518	9643	7728	7062	1508	7700	10348	7823	1330	11312
chr1	61823828	61956827	133000	4	0	133000	81063	51937	11418	4005	5273	7088	5110	3937	5074	4874	5052	2257	4258	3439	6204	3371	3607	6095	5308	3096	589	4577	4754	2874	532	4383	3795	2929	532	3562	5138	3644	533	5690
chr1	61956828	62304727	347900	5	0	347900	197439	150461	25821	9595	13195	15338	12809	11422	15761	11520	12296	6649	13482	8985	13023	7529	8666	11346	12845	8998	1884	11468	14199	9538	2215	13856	10763	10203	2024	11056	13705	11069	1913	14725
chr1	62304729	62922828	618100	5	0	618100	376913	241187	52997	18534	24899	33299	23546	17044	23269	22010	23899	10940	19695	16657	29287	15667	17090	28080	24352	13972	2809	21052	21329	13650	3128	20686	16276	13570	2882	16288	23912	17599	2753	26927
chr1	62922829	63029828	107000	6	0	107000	62106	44894	7537	3035	4483	5136	3988	3278	4514	3920	4347	2077	3820	2779	4319	2393	2629	3849	4203	2536	524	3520	4073	3003	519	4159	3174	2644	440	3076	4250	3571	511	4691
chr1	63029829	63210828	181000	7	0	181000	109941	71059	13996	5440	7608	9678	7044	5079	6692	7255	7426	3248	5785	4973	8256	4373	4951	8136	7352	4020	817	5952	6296	4189	711	5974	5078	3692	578	4968	7344	5269	676	8142
chr1	63210829	63462828	252000	6	0	252000	151338	100662	20932	7286	9864	13330	9577	7098	9529	8714	9537	4478	8282	6669	11365	6134	7054	11487	9631	5694	1194	8477	8972	5977	1693	8662	6761	6254	1543	6838	9554	7379	1280	10753
chr1	63462829	63846828	384000	7	0	384000	227373	156627	29661	11234	15761	18894	14404	11139	15656	14012	15096	7066	12840	10296	16390	9137	10145	15640	15049	9015	1692	12820	14302	10026	1881	13958	11017	9170	1684	10715	14843	11956	1589	16910
chr1	63846829	63886828	40000	8	0	40000	23944	16056	3015	1227	1731	1986	1557	1214	1611	1487	1672	735	1322	1087	1715	948	1081	1554	1693	896	169	1366	1455	887	127	1427	1148	865	116	1091	1574	1248	132	1862
chr1	63886829	63968469	81641	7	0	81641	47658	33983	5552	2413	3510	3683	2903	2421	3512	3168	3365	1586	2785	2284	3338	1879	2152	3107	3225	2023	357	2694	3111	2237	307	3202	2428	1848	209	2320	3239	2749	289	3743
chr1	63968470	64075703	107234	7	0	107234	64125	43109	8031	3225	4450	5432	4167	3170	4230	4262	4325	2027	3509	2925	4617	2440	2864	4449	4361	2547	416	3538	4095	2601	343	3774	3073	2338	295	2942	4300	3327	360	4799
chr1	64075705	64075765	61	7	0	61	43	18	6	2	7	1	3	2	0	4	1	0	1	2	6	3	0	3	3	0	0	4	0	0	0	0	3	0	0	3	3	0	0	2
chr1	64075767	64076870	1104	7	0	1104	669	435	81	28	59	62	50	44	49	30	50	23	29	27	50	23	18	45	47	34	3	34	42	16	0	43	40	18	1	27	43	33	2	51
chr1	64076872	64076939	68	7	0	68	48	20	8	3	4	5	1	2	2	0	1	1	2	1	10	3	3	2	3	1	0	4	0	0	0	1	0	0	0	4	2	1	0	2
chr1	64076941	64079838	2898	7	0	2898	1642	1256	167	88	123	115	115	91	122	112	112	53	126	86	100	56	73	101	109	66	21	92	109	69	12	124	99	82	10	85	123	97	15	143
chr1	64079839	64081756	1918	7	0	1918	1083	835	129	45	76	80	69	46	87	87	69	40	79	51	64	47	55	58	77	48	5	48	73	61	8	81	57	56	6	75	82	58	6	93
chr1	64081769	64083408	1640	7	0	1640	973	667	100	42	79	73	55	33	64	62	69	25	77	56	70	42	43	81	49	31	6	56	62	54	2	56	39	31	5	49	64	58	3	102
chr1	64083410	64083432	23	7	0	23	15	8	2	1	1	1	0	1	0	1	2	0	0	0	0	0	2	2	1	0	0	1	1	1	0	0	0	0	0	2	0	1	0	1
chr1	64083434	64083594	161	7	0	161	98	63	10	4	4	13	5	7	2	7	7	3	14	1	9	3	7	1	9	5	0	3	4	2	0	8	1	1	0	4	7	6	0	12
chr1	64083596	64085790	2195	7	0	2195	1323	872	172	74	112	108	90	51	97	81	100	41	72	48	103	43	47	83	74	43	15	77	82	43	3	67	80	48	7	71	82	61	5	113
chr1	64085812	64088816	3005	7	0	3005	1810	1195	216	94	123	165	129	86	122	129	121	60	75	83	132	61	84	129	127	69	8	97	124	67	11	86	94	75	6	91	121	77	11	130
chr1	64088817	64182816	94000	6	0	94000	55923	38077	7184	2767	4040	4660	3586	2671	3731	3710	3843	1734	3154	2602	4038	2185	2439	3578	3642	2214	389	3112	3539	2396	341	3396	2688	2076	256	2694	3830	2985	356	4162
chr1	64182817	64294816	112000	5	0	112000	67211	44789	8648	3475	4629	5740	4331	3138	4339	4282	4574	2055	3583	3050	4939	2647	3023	4756	4553	2518	537	3707	4009	2750	562	3817	3126	2490	453	3005	4402	3380	434	5046
chr1	64294817	64717816	423000	4	0	423000	250699	172301	32197	12416	17706	20737	16132	12609	16793	15769	16880	8098	14370	11166	17848	9885	11559	16532	17152	9945	1888	14024	15498	10677	2013	15160	12069	9740	1706	11915	16584	12986	1615	19329
chr1	64717817	64829816	112000	3	0	112000	69268	42732	9401	3425	4465	6394	4394	3094	3957	4396	4452	1938	3257	3012	5438	2873	3237	5534	4731	2394	461	3744	3842	2424	469	3435	2965	2240	456	2910	4303	3112	418	4827
chr1	64829817	65190816	361000	2	0	361000	206178	154822	26226	10231	14252	15746	13377	11783	15770	12299	13476	7080	13238	9447	13377	8207	9250	12418	14296	8856	2086	12062	14091	10023	2396	14020	10810	9953	2251	10736	14032	11698	1819	15692
chr1	65190817	65284816	94000	3	0	94000	55407	38593	7604	2701	3787	4516	3474	2964	3820	3306	3602	1784	3245	2457	3928	2141	2488	3589	3701	2268	448	3173	3508	2368	530	3408	2641	2297	504	2658	3715	2881	392	4100
chr1	65284817	65470816	186000	4	0	186000	111853	74147	14387	5652	7659	9406	7332	5284	7238	7053	7475	3343	6099	5128	7911	4526	5117	8241	7569	4248	781	6207	6651	4277	782	6479	5339	4020	689	5060	7348	5644	686	8367
chr1	65470817	65592816	122000	5	0	122000	75635	46365	10479	3841	5164	6847	4847	3359	4352	4787	5369	2123	3623	3388	5635	2991	3254	5574	5156	2650	516	3993	4132	2503	438	3746	3185	2146	407	2990	4872	3520	447	5664
chr1	65592817	65721816	129000	6	0	129000	80601	48399	11156	3914	5540	7495	5108	3316	4514	5012	5609	2226	3719	3632	6232	3117	3524	6487	5204	2739	487	4143	4261	2743	438	3995	3336	2284	366	3215	5149	3672	421	5944
chr1	65721817	65810816	89000	7	0	89000	55591	33409	7883	2728	3757	5187	3626	2249	3060	3531	3838	1518	2559	2503	4209	2129	2488	4324	3579	1912	311	2822	2981	1843	337	2696	2374	1581	302	2253	3532	2521	272	4093
chr1	65810817	65941816	131000	8	0	131000	83204	47796	11353	4140	5488	7925	5403	3319	4354	5264	5611	2225	3738	3624	6539	3331	3867	7023	5608	2597	416	4394	4038	2405	326	3859	3419	2114	289	3131	5274	3512	349	6063
chr1	65941817	66671816	730000	9	0	730000	451788	278212	58924	22408	31547	40747	29122	19792	26403	28991	31400	12951	22266	20384	34180	17781	20879	34012	30357	15397	2668	24510	23991	14662	2035	23471	20145	13146	1755	19072	29814	20954	2192	34042
chr1	66671817	66796816	125000	8	0	125000	78553	46447	10823	3875	5168	7415	4960	3509	4313	5014	5196	2162	3520	3397	6303	3128	3455	6314	5376	2571	527	4200	3910	2427	426	3674	3410	2146	370	3134	5099	3293	435	5448
chr1	66796817	66995816	199000	7	0	199000	126170	72830	18542	6253	8337	11969	7867	4974	6670	7375	8170	3321	5551	5462	10522	5251	5698	10207	7989	4223	759	6828	6332	3689	755	6048	4808	3592	677	4625	7756	5320	673	8755
chr1	66995817	67186816	191000	6	0	191000	116699	74301	16036	5915	7934	10291	7624	5327	7230	6703	7705	3494	5958	5237	8810	4613	5568	8253	7674	4235	808	6632	6573	4140	750	6314	5047	3969	680	5084	7589	5433	712	8660
chr1	67186817	67305816	119000	5	0	119000	71435	47565	9766	3562	4916	6107	4710	3376	4729	4329	4724	2208	3963	3161	5151	2696	3286	4751	4682	2769	488	3903	4356	2692	424	4315	3384	2787	396	3311	4720	3539	432	5365
chr1	67305817	67550816	245000	4	0	245000	141760	103240	18904	7226	9860	10993	9277	7765	10333	8348	9072	4583	9222	6245	9730	5468	6327	8406	9387	6115	1247	8293	9647	6312	1390	9338	7093	6640	1260	7395	9595	7620	1191	10716
chr1	67550817	67684816	134000	5	0	134000	77032	56968	9140	3761	5475	5969	5027	4315	5908	4880	5069	2609	4966	3579	5111	2916	3487	4818	5260	3270	595	4476	5243	3752	549	5278	4262	3416	515	4129	5365	4384	521	5953
chr1	67684817	67823816	139000	6	0	139000	80981	58019	9925	4147	5795	6325	5127	4287	5957	5049	5543	2608	4791	3495	5596	3242	3653	5439	5645	3245	675	4719	5082	3842	695	5265	4268	3442	582	4122	5426	4355	566	6090
chr1	67823817	67969816	146000	7	0	146000	87009	58991	10779	4289	6266	7212	5520	4195	5855	5629	6044	2712	4958	4049	6203	3443	3918	5936	6027	3277	549	4786	5233	3627	560	5326	4200	3090	469	4083	5739	4752	470	6802
chr1	67969817	68152816	183000	8	0	183000	109799	73201	13846	5473	7698	9344	7241	5278	7199	7014	7584	3473	5883	5066	7690	4225	4972	7811	7577	4291	732	5849	6721	4437	653	6391	5199	3817	545	4983	7236	5657	584	8529
chr1	68152817	68327816	175000	7	0	175000	103350	71650	13295	5195	7208	8613	6587	5179	6949	6303	7019	3237	6163	4637	7410	3982	4787	6785	6832	4140	810	5812	6443	4438	949	6360	4879	4147	797	4986	6864	5465	778	7949
chr1	68327817	68523816	196000	8	0	196000	121361	74639	16176	5843	8524	11131	7553	5172	7007	7327	8384	3401	6058	5559	9561	4823	5612	9229	7717	4126	748	6648	6298	4131	716	6461	5109	3690	588	5004	7935	5659	720	9088
chr1	68523817	68732816	209000	9	0	209000	132814	76186	18231	6762	9013	12419	8622	5324	6984	8392	9054	3544	5837	5876	10518	5136	6003	11097	8863	4367	649	6887	6608	3832	407	6226	5415	3377	334	4910	8436	5497	564	9814
chr1	68732817	69026816	294000	10	0	294000	182230	111770	23963	9029	12559	16684	12035	7703	10619	11681	12842	5255	8781	8393	13396	7145	8265	13878	12076	6322	1086	9648	9963	5994	802	9282	7835	5245	725	7521	12164	8480	853	13774
chr1	69026817	69074816	48000	9	0	48000	29802	18198	4160	1519	1980	2678	1987	1289	1775	1882	2028	888	1332	1318	2162	1115	1351	2338	2037	1076	144	1554	1688	1097	97	1465	1281	861	87	1243	1927	1315	148	2176
chr1	69074817	69818816	744000	10	0	744000	474826	269174	65760	23176	31732	45876	30242	18812	24650	29737	31917	12726	20634	21093	38625	18727	21792	39326	31256	14564	2485	25137	22635	12847	1933	21400	19143	11980	1616	17807	30407	19423	2076	34464
chr1	69818817	70049816	231000	9	0	231000	148615	82385	20530	7409	9540	14836	9579	5550	7492	9354	9942	3776	6124	6598	12264	6064	6672	12884	9655	4486	816	7842	6980	3947	599	6383	5892	3500	548	5296	9449	5976	709	10306
chr1	70049817	70187816	138000	8	0	138000	89304	48696	13170	4437	5866	8846	5608	3239	4465	5341	5713	2254	3764	3761	7828	3654	4050	7308	5574	2626	443	4941	4022	2163	357	3820	3413	2229	357	3257	5644	3344	379	6125
chr1	70187817	70292816	105000	7	0	105000	65838	39162	10177	3290	4145	5985	4006	2858	3676	3787	3969	1767	3066	2758	5445	2897	3019	4991	4306	2249	496	3761	3280	1981	518	3167	2648	2096	498	2602	4094	2620	470	4376
chr1	70292817	70506816	214000	6	0	214000	129534	84466	18285	6240	8364	11422	8182	6068	8248	7360	7826	3771	7198	5864	10018	5333	5929	9426	8221	4991	944	7256	7415	4796	1182	7359	5801	5049	1018	5774	8421	5917	970	9350
chr1	70506817	70586816	80000	7	0	80000	50049	29951	6709	2455	3452	4630	3249	2009	2865	2982	3394	1470	2420	2304	3894	1907	2309	3998	3197	1642	271	2731	2587	1529	221	2507	2069	1444	221	1944	3252	2229	243	3864
chr1	70586817	70843816	257000	8	0	257000	159830	97170	21263	7838	10988	14381	10386	6600	9200	10156	11019	4589	7637	7374	11803	6146	7425	13023	10585	5390	786	8412	8603	5434	702	8079	6885	4613	572	6490	10269	7381	700	12269
chr1	70843817	71177816	334000	9	0	334000	207894	126106	27794	10391	14298	19065	13439	8912	11969	12949	14343	5976	9965	9186	15971	8346	9493	15796	14075	6966	1258	11326	10888	6620	981	10485	8793	5967	837	8439	13513	9421	1062	15474
chr1	71177817	73974006	2796190	10	0	2796190	1810936	985254	255601	87811	117042	180945	113826	68644	88597	113737	119664	45959	73438	78686	152308	73317	81289	160072	119358	52847	9264	94262	82075	45816	6592	76601	69695	42162	5638	63195	113675	70260	7504	126308
chr1	73974007	75104977	1130971	10	0	1130971	719159	411812	98704	35234	48427	68719	45403	28744	37619	45195	48754	19281	31677	32137	58223	28516	33146	59379	47353	22649	3787	37986	34981	20490	2783	33493	28672	18091	2449	27228	45955	30516	3215	52163
chr1	75104978	75301814	196837	10	0	196837	122554	74283	17129	6213	8535	11144	7938	5187	6900	7355	8389	3434	5706	5438	9565	4811	5433	9377	8204	4183	765	6493	6383	4119	764	6069	5000	3551	720	5063	7792	5481	745	8949
chr1	75301815	75640814	339000	9	0	339000	212192	126808	29010	10478	14403	19621	13787	8903	11684	13376	14470	5961	10085	9536	16245	8409	9767	16457	14338	6853	1235	11325	10873	6747	1005	10248	8845	5881	953	8451	13693	9391	1053	15915
chr1	75640815	75842814	202000	8	0	202000	122453	79547	16825	6236	8212	10628	8254	5401	7836	7206	8042	3718	6386	5629	8779	4925	5685	8689	7957	4785	837	6701	7327	4439	838	6845	5526	4327	778	5411	7887	5898	829	9162
chr1	75842815	76183814	341000	9	0	341000	209240	131760	27197	10264	14222	18472	13127	9520	12706	13427	13869	6223	10452	9444	15962	8323	9464	16567	14229	7398	1336	11367	11745	7542	1198	11072	9327	6818	963	8776	13479	9799	1081	15629
chr1	76183815	76588814	405000	10	0	405000	250441	154559	32691	12198	17461	22741	16126	11202	14554	16374	17565	7178	12117	11382	18709	9970	11479	18692	16951	8720	1427	13450	13616	8299	1127	12949	11190	7334	923	10331	16500	11638	1223	18881
chr1	76588815	76637814	49000	9	0	49000	30403	18597	3991	1504	2171	2787	1918	1334	1749	1961	2236	836	1458	1419	2307	1168	1362	2201	2073	938	210	1621	1570	1032	136	1561	1285	866	101	1254	2034	1464	147	2304
chr1	76637815	76785814	148000	10	0	148000	91196	56804	11968	4505	6429	8220	5903	4116	5368	5758	6545	2719	4606	4061	6705	3436	4169	6686	6093	3264	559	4860	5058	3082	429	4782	4024	2633	315	3774	5970	4372	433	7156
chr1	76785815	77024814	239000	9	0	239000	145662	93338	18177	7144	10138	13105	9569	6718	8903	9617	10272	4397	7379	6762	10547	5559	6538	10836	9977	5212	912	7717	8314	5326	803	7926	6750	4659	722	6209	9766	7173	765	11106
chr1	77024815	77206814	182000	8	0	182000	113655	68345	15357	5637	7766	10559	7083	4796	6619	7044	7587	3208	5287	4944	9292	4604	5095	8777	7542	3736	675	6291	5956	3674	509	5709	4799	3361	453	4613	7245	5077	549	8154
chr1	77206815	77388814	182000	7	0	182000	113641	68359	15708	5638	7617	10468	7165	4822	6525	7084	7661	3212	5437	4960	8897	4396	5059	8990	7427	3802	703	6136	5868	3547	651	5582	4944	3300	559	4569	7357	4999	563	8352
chr1	77388815	77493814	105000	6	0	105000	63647	41353	8372	3149	4429	5380	4058	2980	4150	4002	4327	1915	3497	2808	4572	2446	2741	4819	4330	2277	392	3491	3728	2410	342	3570	2950	2163	254	2899	4182	3200	308	4857
chr1	77493815	77633814	140000	5	0	140000	84453	55547	11507	4379	5743	7027	5327	4083	5561	4954	5451	2590	4521	3672	6371	3537	3889	5839	5705	3295	667	4923	4972	3191	594	4804	3752	3057	508	3845	5496	4018	577	6143
chr1	77633815	77965004	331190	4	0	331190	200883	130307	29680	9935	12937	17790	12647	9377	12736	11197	12167	5652	10625	8637	15849	8548	8983	14122	12717	7795	1568	11432	11672	7239	1937	11267	8880	8026	1812	8880	12688	9055	1637	13701
chr1	77965006	78011815	46810	4	0	46810	29188	17622	4314	1436	1864	2707	1773	1230	1639	1540	1749	842	1395	1249	2485	1282	1411	2272	1799	1053	264	1674	1428	912	276	1467	1123	919	264	1208	1832	1199	242	1960
chr1	78011816	78101815	90000	5	0	90000	55018	34982	7692	2657	3554	4933	3383	2447	3358	3295	3492	1556	2873	2382	4269	2292	2619	4214	3473	2060	372	3047	3165	1952	416	3057	2367	2021	366	2382	3479	2557	350	3918
chr1	78101816	78172815	71000	6	0	71000	43017	27983	5810	2112	2974	3664	2732	2128	2751	2732	2861	1319	2206	2017	3157	1699	1927	2927	3016	1635	295	2312	2530	1644	209	2451	1959	1455	188	1885	2839	2100	254	3210
chr1	78172816	78278815	106000	7	0	106000	64091	41909	8281	3426	4544	5399	4514	2891	4122	4122	4510	2044	3275	3006	4345	2401	2931	4279	4460	2474	371	3457	3974	2497	274	3470	2984	1971	238	2903	4231	3273	289	5042
chr1	78278816	78364994	86179	8	0	86179	53853	32326	7173	2704	3774	4922	3530	2208	2957	3463	3755	1509	2502	2461	4115	2106	2465	4208	3440	1888	319	2880	2934	1757	205	2660	2242	1484	173	2116	3543	2427	215	4042
chr1	78364995	78404814	39820	8	0	39820	25010	14810	3318	1319	1716	2333	1712	1056	1344	1583	1712	671	1126	1142	1943	936	1196	1901	1724	819	117	1322	1331	768	73	1219	1066	662	62	996	1574	1142	90	1845
chr1	78404815	78860814	456000	9	0	456000	288728	167272	39555	14188	19241	27810	18861	11718	15477	18151	19586	7948	12893	12940	22793	11342	13039	23184	19224	9101	1637	15234	14562	8449	1097	13311	11905	7412	990	10983	18516	12457	1272	21122
chr1	78860815	79174814	314000	8	0	314000	202950	111050	28762	9894	13135	20270	12766	7806	9870	12571	13348	5229	8341	8948	17185	8192	9128	17505	13285	6014	1114	10708	9063	5189	839	8847	7751	4697	749	6927	12914	8038	922	13991
chr1	79174815	79565814	391000	7	0	391000	250706	140294	34734	12242	16629	24675	15834	9641	12636	15421	16983	6650	10920	10691	20729	10086	11349	21485	16480	7581	1463	13095	11590	6627	1105	11229	9630	6163	923	9164	15832	10180	1185	18046
chr1	79565815	79876814	311000	8	0	311000	201528	109472	28852	9617	13153	20057	12394	7544	9793	12291	13259	5158	8138	8744	17174	8052	9106	18194	12897	5900	1086	10488	8968	5186	851	8671	7537	4860	720	7009	12620	7730	927	14022
chr1	79876815	80062814	186000	7	0	186000	119030	66970	16697	5681	7819	11618	7517	4786	6009	7513	7771	3157	5005	5232	9831	4863	5235	10295	7904	3708	673	6202	5833	3312	500	5188	4663	3002	487	4332	7424	4811	584	8346
chr1	80062815	80757814	695000	6	0	695000	451986	243014	64669	22187	28890	45472	28639	17103	21644	28235	29931	11306	18133	19746	37978	18057	20402	39593	30041	13095	2335	23182	20092	10926	1542	18618	16970	10198	1382	15516	28517	16959	1887	31753
chr1	80757815	80995814	238000	7	0	238000	153852	84148	21952	7529	10208	15163	9799	5800	7594	9362	10300	3999	6385	6625	12801	6155	6904	13276	10106	4544	835	7998	6828	3912	582	6561	5969	3480	494	5529	9652	5946	707	11003
chr1	80995815	81301814	306000	6	0	306000	194968	111032	27419	9494	13082	19005	12507	7817	10168	11969	13150	5198	8343	8432	15924	7854	8598	16008	12935	5898	1210	10320	9200	5407	936	8859	7936	5066	812	7328	12389	8032	1018	13684
chr1	81301815	81907429	605615	7	0	605615	380001	225614	53791	18704	25588	35578	23759	16241	21120	22795	25138	10196	17748	16531	30973	15408	16837	29594	25049	12636	2508	20356	18748	11356	2368	18645	15941	11038	2077	15277	24176	16087	2335	27015
chr1	81907431	82093815	186385	7	0	186385	118984	67401	16878	5884	8033	11480	7248	4699	6385	7081	7930	3120	5098	5073	10219	4835	5298	9722	7680	3629	751	6478	5525	3200	584	5396	4759	3117	505	4555	7449	4759	628	8385
chr1	82093816	82173815	80000	6	0	80000	50261	29739	6860	2529	3406	4697	3273	2163	2768	3099	3411	1405	2301	2305	3948	1942	2263	3889	3358	1640	347	2694	2494	1508	236	2392	2114	1359	211	1964	3337	2123	274	3688
chr1	82173816	82289663	115848	7	0	115848	72826	43022	9778	3668	4840	6912	4749	2984	3981	4637	4929	2048	3459	3346	5742	2782	3371	5599	4788	2404	428	3862	3757	2131	309	3510	3085	1935	243	2787	4720	3237	332	5493
chr1	82289665	82774816	485152	7	0	485152	311114	174038	43678	15252	20988	30130	19770	12140	15674	19319	21137	8289	13423	13675	25463	12297	14072	25806	20352	9234	1665	16727	14391	8251	1200	13869	12200	7531	1041	11052	19961	12695	1360	22508
chr1	82774817	83144816	370000	6	0	370000	232782	137218	31198	11405	16039	22054	14698	9794	12878	14594	16136	6372	10656	10193	18665	8933	10627	18539	15447	7475	1286	12296	11521	6971	1019	11409	9893	6451	812	9280	15103	10023	1017	17214
chr1	83144817	83768816	624000	7	0	624000	389188	234812	51842	19230	26988	35887	25443	16383	21892	24995	26803	11201	18667	17487	29859	14974	17525	30011	25916	12915	2206	20751	20326	12543	1702	19422	16865	10887	1339	15781	25606	17648	1787	29117
chr1	83768817	83941816	173000	6	0	173000	109376	63624	14725	5423	7363	10216	6653	4452	5809	7129	7452	2886	4843	4673	8896	4543	5165	9146	7211	3463	603	6027	5504	3282	461	5137	4424	2919	456	4283	6905	4720	496	7733
chr1	83941817	84328816	387000	5	0	387000	245208	141792	34540	12230	16318	23363	15530	9773	13108	15000	16538	6515	10775	10689	19842	9943	11071	19972	16097	7828	1360	13176	12222	7337	1183	11548	9745	6548	1083	9147	15347	10577	1192	17401
chr1	84328817	84656816	328000	4	0	328000	199463	128537	26880	10115	13853	17376	12842	8854	12542	12112	13447	5801	10387	8946	15055	8024	9184	14043	12890	7468	1308	11128	11427	7294	1332	11237	8985	6952	1128	8807	13049	9576	1162	14794
chr1	84656817	84977816	321000	3	0	321000	189907	131093	23990	9496	13595	15600	12110	9562	13112	11802	12974	6049	10911	8491	13607	7471	8523	12613	12965	7433	1531	10649	11547	8165	1459	11659	9391	7295	1296	9278	12684	9937	1248	14555
chr1	84977817	85077816	1e+05	2	0	1e+05	59957	40043	8064	2960	4076	5043	3850	2820	3871	3595	3919	1879	3196	2724	4310	2376	2744	4530	3941	2311	457	3326	3522	2427	605	3417	2751	2315	561	2690	3922	2918	424	4454
chr1	85077817	85163816	86000	1	0	86000	53035	32965	7371	2647	3505	4744	3364	2391	3193	3355	3542	1494	2621	2347	3991	2049	2285	4134	3573	1878	317	2813	2980	1839	291	2790	2341	1717	243	2179	3409	2466	307	3822
chr1	85163817	85507816	344000	2	0	344000	207454	136546	27846	10427	14224	17951	13225	9765	13404	12792	13977	6273	11031	9137	15399	8109	9410	14482	13679	7737	1491	11667	12160	8024	1596	11789	9555	7623	1339	9467	13792	10185	1296	15146
chr1	85507817	85574816	67000	3	0	67000	40727	26273	5275	2067	2901	3500	2607	1934	2605	2553	2907	1207	2119	1850	2954	1564	1897	2787	2769	1451	283	2269	2305	1411	204	2259	1902	1364	161	1810	2723	1954	222	3184
chr1	85574817	85645816	71000	4	0	71000	40318	30682	4701	2103	3017	3031	2708	2287	3050	2461	2877	1441	2527	1733	2566	1584	1763	2469	2859	1846	388	2321	2869	2127	484	2694	2120	1843	465	2086	2658	2359	305	3256
chr1	85645817	85843816	198000	5	0	198000	124884	73116	17814	6238	8144	11845	7864	4934	6817	7497	8277	3296	5661	5514	10086	5219	5899	9778	7834	4178	779	6896	6461	3634	652	6003	4970	3552	617	4790	7847	5386	684	8832
chr1	85843817	85946816	103000	6	0	103000	65350	37650	9213	3257	4396	6057	4116	2589	3431	4059	4352	1784	2831	2990	5242	2630	3041	5360	4280	2133	383	3465	3322	1833	309	3044	2560	1700	269	2395	4033	2842	287	4795
chr1	85946817	86071816	125000	7	0	125000	80739	44261	11565	3962	5341	7757	4797	3061	4191	4809	5348	2048	3308	3487	6916	3425	3742	6981	5211	2448	361	4476	3672	2093	284	3614	2914	1966	218	2812	5061	3156	295	5679
chr1	86071817	86185816	114000	8	0	114000	71501	42499	9798	3591	4740	6775	4573	2865	3885	4428	4848	1961	3280	3306	5685	2833	3205	5727	4611	2418	426	3796	3715	2374	402	3493	2884	1898	415	2671	4540	3294	411	5150
chr1	86185817	86216301	30485	7	0	30485	18389	12096	2391	903	1250	1677	1132	846	1152	1160	1277	557	984	854	1421	679	853	1253	1167	658	129	1031	1056	782	184	1031	829	649	111	795	1237	965	88	1382
chr1	86216302	86216350	49	8	0	49	8	41	0	0	0	0	0	1	3	0	0	2	2	0	0	0	0	0	0	2	1	0	3	11	5	3	0	6	2	2	1	3	0	0
chr1	86216351	86216461	111	7	0	111	23	88	0	0	1	0	0	2	6	0	1	2	8	0	0	1	1	0	0	1	2	2	4	17	14	7	2	17	6	3	2	7	0	3
chr1	86216462	86216510	49	8	0	49	7	42	0	0	0	0	0	1	1	1	0	1	2	1	0	0	0	0	0	1	0	0	3	14	7	1	0	7	2	1	0	3	1	0
chr1	86216511	86333816	117306	7	0	117306	73585	43721	10004	3692	4966	6851	4727	2945	4123	4617	5005	2083	3414	3299	5778	2907	3488	5685	4784	2442	411	3989	3876	2218	341	3532	3026	2044	277	2979	4726	3263	321	5491
chr1	86333817	86512816	179000	6	0	179000	109834	69166	14685	5332	7569	9892	6983	4930	6553	6878	7268	3212	5393	4845	8542	4475	4918	8359	7274	3900	789	5986	6130	4061	616	5914	4939	3551	626	4662	7001	5209	635	7871
chr1	86512817	86608816	96000	5	0	96000	59412	36588	7945	2986	4034	5420	3951	2579	3451	3819	4087	1746	2819	2703	4401	2375	2664	4430	3977	2156	368	3185	3291	1900	330	3026	2590	1723	281	2406	3943	2768	293	4351
chr1	86608817	86704816	96000	4	0	96000	59543	36457	8226	2994	4049	5468	4042	2425	3426	3551	4085	1631	2906	2791	4385	2407	2620	4536	3827	2125	363	3142	3244	2008	334	3031	2508	1704	336	2421	3865	2780	361	4407
chr1	86704817	86924816	220000	3	0	220000	132690	87310	18282	6698	8927	11550	8507	6202	8410	7594	8460	3908	7109	5865	10208	5431	6146	9391	8467	5116	1063	7593	7778	5129	1268	7385	5927	5039	1139	6063	8542	6276	974	9551
chr1	86924817	87007816	83000	4	0	83000	52078	30922	7606	2601	3367	4938	3188	2164	2903	3058	3258	1355	2364	2225	4460	2260	2429	3901	3332	1784	376	2888	2664	1649	357	2542	2133	1637	306	2052	3185	2142	293	3581
chr1	87007817	87123816	116000	5	0	116000	72831	43169	10259	3750	4809	6678	4561	3082	4242	4381	4710	1928	3298	3131	5966	3047	3331	5658	4828	2466	438	4074	3728	2180	338	3534	3079	2144	301	2990	4631	2990	365	5081
chr1	87123817	87277816	154000	6	0	154000	88667	65333	10223	4504	6691	7034	5857	4624	6624	5804	6419	3046	5538	4087	5952	3212	3811	5239	5987	3650	716	5033	6110	4441	720	5844	4701	3741	609	4691	6111	5283	599	7097
chr1	87277817	87499816	222000	7	0	222000	132519	89481	17247	6772	9364	11434	8711	6297	8540	8357	9103	4158	7392	5933	9757	4885	5974	8594	8863	5000	1004	7245	7849	5608	1082	7820	6409	4886	978	6151	8784	6865	882	10054
chr1	87499817	87864816	365000	8	0	365000	224727	140273	29994	11058	15782	20202	14371	10260	13163	14163	15230	6634	11150	9971	17441	8720	10023	16564	15138	7766	1578	12190	12170	7632	1295	11790	10060	7081	1122	9465	14588	10408	1315	16674
chr1	87864817	88046816	182000	9	0	182000	113178	68822	15164	5493	8150	10328	7206	4828	6437	7043	8045	3211	5534	4932	8720	4313	5160	8613	7408	3669	686	6083	5859	3732	529	5761	4924	3273	420	4755	7323	5207	510	8682
chr1	88046817	88290816	244000	8	0	244000	153115	90885	20541	7503	10603	14415	9784	6553	8396	9823	10700	4253	7001	6895	12037	5953	6917	11741	10224	4963	933	8142	7793	4629	605	7591	6418	4126	530	6080	10120	6900	726	11103
chr1	88290817	88544816	254000	7	0	254000	159099	94901	21608	8020	11013	14711	10265	6788	8849	10086	10905	4433	7176	7135	12575	6219	7259	12055	10577	5341	864	8678	8271	4953	686	7730	6810	4384	676	6282	10330	6962	750	11607
chr1	88544817	88651816	107000	6	0	107000	65747	41253	8603	3264	4553	5817	4456	2942	3902	4209	4437	1961	3260	3060	4741	2601	2996	4944	4379	2359	374	3657	3792	2261	299	3417	2921	2079	240	2756	4417	3070	351	4880
chr1	88651817	89092816	441000	5	0	441000	271598	169402	37830	13773	18071	24099	17280	11976	16328	15941	17585	7801	13348	11930	21079	11495	12738	20322	17880	9832	1968	15366	14759	8943	1957	14311	11687	8912	1690	11433	17199	12283	1807	19375
chr1	89092817	89354532	261716	6	0	261716	160011	101705	20856	8223	11199	14000	10812	7147	9868	10343	11219	4921	7818	7451	11391	6063	7172	11528	10824	6024	882	8623	9420	5687	780	8466	7280	4810	630	6868	10645	7832	832	12100
chr1	89354658	89517940	163283	6	0	163283	99751	63532	12850	5073	6768	8760	6748	4559	6153	6468	6884	3059	4896	4649	6969	3826	4656	7433	6917	3691	586	5323	5877	3540	477	5253	4612	3026	412	4330	6522	4890	507	7567
chr1	89517941	89651940	134000	5	0	134000	80880	53120	10619	4072	5580	6952	4965	3735	5151	5028	5482	2475	4266	3576	6158	3208	3903	5708	5270	3028	589	4603	4545	3116	680	4594	3618	2867	627	3784	5446	3924	510	5919
chr1	89651941	89752940	101000	4	0	101000	61012	39988	8169	3142	4237	5112	3909	2891	3889	3882	4263	1838	3213	2843	4319	2400	2742	4163	4193	2288	467	3322	3554	2312	411	3456	2779	2015	357	2675	4045	3118	367	4627
chr1	89752941	89933940	181000	3	0	181000	106451	74549	13266	5424	7421	8706	6697	5504	7463	6653	7103	3407	6125	4886	7751	4252	4880	6911	7387	4313	883	6005	6493	4632	998	6669	5321	4233	896	5198	7117	5614	773	8017
chr1	89933941	90041581	107641	4	0	107641	65296	42345	9202	3284	4441	5678	4228	2873	4105	3828	4255	1927	3426	2845	4920	2722	3005	4557	4321	2344	470	3671	3610	2428	565	3682	2890	2436	543	2931	4213	3078	468	4693
chr1	90041583	90075941	34359	4	0	34359	20948	13411	2731	1048	1486	1847	1338	978	1265	1296	1507	608	1079	912	1537	825	929	1561	1405	773	163	1118	1174	777	123	1149	980	631	128	883	1318	1042	138	1608
chr1	90075942	90160941	85000	5	0	85000	51873	33127	6998	2575	3557	4555	3451	2410	3165	3353	3461	1490	2573	2480	3775	1988	2304	3737	3417	1865	339	2842	3030	1915	308	2750	2424	1705	235	2292	3507	2518	264	3715
chr1	90160942	90259941	99000	6	0	99000	59968	39032	7962	2973	4307	5190	4084	2749	3780	3737	4239	1845	3154	2697	4148	2230	2744	4128	4097	2216	316	3168	3482	2280	321	3381	2882	1933	289	2732	3889	3035	306	4704
chr1	90259942	90373796	113855	7	0	113855	69071	44784	8423	3472	4909	6054	4650	3335	4369	4580	4862	2093	3601	3175	4923	2683	3021	4921	4842	2448	434	3859	3992	2583	311	3720	3328	2200	286	3048	4771	3375	313	5272
chr1	90373798	90421942	48145	7	0	48145	30069	18076	3702	1419	2064	2720	1931	1357	1710	2002	1988	894	1418	1248	2283	1267	1412	2652	2240	956	135	1606	1493	955	105	1486	1359	850	69	1274	1909	1278	123	2238
chr1	90421943	90742942	321000	8	0	321000	198637	122363	27642	9737	13598	18241	12872	8546	11248	12033	13665	5628	9636	8785	15039	7737	8957	15273	13187	6729	1384	10348	10282	6850	1501	10121	8653	6050	1320	8223	12577	9124	1265	14747
chr1	90742943	91380942	638000	7	0	638000	385945	252055	51524	19698	26250	33262	25589	17813	24626	23442	25593	11545	20273	17590	28028	15490	17515	27706	26046	14601	2728	21171	22647	14753	2657	21538	17681	13607	2418	17206	25095	18634	2523	28749
chr1	91380943	91790942	410000	6	0	410000	242294	167706	30845	12323	16997	19867	15721	12157	16813	14878	16394	7856	13733	10846	17071	9332	10895	16564	16477	9634	1903	13654	15173	10719	1919	14822	11803	9498	1590	11685	16116	12782	1654	18277
chr1	91790943	91891942	101000	5	0	101000	57615	43385	7764	2980	3872	4349	3769	3287	4555	3261	3561	1845	3839	2553	3871	2272	2440	3397	3908	2531	578	3367	3990	2716	675	3969	3116	2928	654	3153	3858	3175	548	4217
chr1	91891943	92059942	168000	4	0	168000	99451	68549	14502	4901	6154	8412	6377	5098	6715	5634	5777	2919	6037	4502	7312	3954	4434	6722	6417	4047	864	5544	6240	4007	1145	5995	4588	4583	1113	4770	6579	4751	874	7031
chr1	92059943	92286942	227000	5	0	227000	139579	87421	20006	6825	9089	12443	8843	6290	8563	8243	8799	3852	6976	6282	10715	5807	6382	10462	9016	5065	987	7706	7889	4561	935	7380	6094	4810	871	6197	8941	6329	913	9727
chr1	92286943	92618942	332000	4	0	332000	200014	131986	28141	9921	13008	17123	12755	9636	13024	11631	12570	5976	10763	8957	14727	8205	9088	14488	13110	7924	1476	11228	11988	7593	1737	11423	8970	7643	1633	8994	12977	9581	1470	14238
chr1	92618943	93010942	392000	3	0	392000	236854	155146	33611	11730	15577	20356	15323	11150	15217	13638	14930	6968	12717	10684	17410	9717	10753	17072	15365	9139	1767	13293	14116	8665	2026	13249	10539	9027	1892	10768	15308	11225	1811	16955
chr1	93010943	93624942	614000	2	0	614000	373174	240826	52600	18542	25090	32576	23750	17262	23473	21804	23920	10744	19551	16254	28538	15371	16864	26834	24475	13872	2697	20875	21682	13909	2821	20633	16525	13700	2548	16619	23606	17564	2448	26851
chr1	93624943	93629109	4167	1	0	4167	2466	1701	305	131	177	212	173	121	179	161	168	89	153	90	179	97	88	142	170	93	12	163	158	105	11	143	127	92	8	118	179	127	21	173
chr1	93629111	93693943	64833	1	0	64833	36399	28434	4414	1868	2548	2693	2365	2066	2973	2186	2366	1311	2462	1612	2377	1388	1634	2135	2481	1739	322	2090	2655	1993	435	2643	2018	1829	381	2096	2436	2165	362	2788
chr1	93693944	94196943	503000	2	0	503000	286209	216791	34163	14410	20207	22104	18431	15871	22639	17920	19736	10079	18355	13206	18555	10709	12902	16920	19896	12551	2475	16147	20176	15081	2648	20176	15231	13269	2410	15354	19558	17180	2213	22426
chr1	94196944	94620943	424000	3	0	424000	254382	169618	33592	13002	17833	21385	16319	12059	16699	15572	17287	7976	13674	11363	18613	9981	11409	17616	17116	9675	1886	14341	15023	10253	1992	14774	11792	9169	1740	11557	16718	12945	1694	18943
chr1	94620944	94834943	214000	4	0	214000	123485	90515	15136	6100	9060	9750	8091	6661	9218	7776	8656	4246	7523	5689	8163	4526	5423	7466	8562	5161	944	6866	8411	6180	977	8429	6434	5413	788	6235	8338	7243	839	9694
chr1	94834944	94941943	107000	3	0	107000	60530	46470	7557	3060	4411	4503	3898	3432	4784	3737	4271	2056	3924	2720	3805	2326	2647	3398	4159	2694	554	3467	4283	3147	699	4321	3228	2992	634	3320	4181	3617	515	4658
chr1	94941944	95113943	172000	4	0	172000	101327	70673	13561	5007	6906	8173	6435	5260	7292	5785	6653	3305	6069	4499	6998	4010	4593	6781	6839	4122	837	5784	6442	4179	827	6431	4814	4230	768	4872	6677	5347	730	7772
chr1	95113944	95220943	107000	5	0	107000	64869	42131	8892	3322	4451	5559	4187	3052	4100	3845	4288	1921	3414	2907	4856	2684	2935	4455	4339	2492	435	3713	3790	2333	491	3629	2838	2269	471	2800	4216	3149	407	4758
chr1	95220944	95362943	142000	6	0	142000	87728	54272	11851	4379	6031	8100	5674	3855	5150	5402	6057	2465	4358	3955	6780	3382	3893	6395	5754	2973	540	4814	4683	3094	521	4407	3895	2612	490	3653	5748	4026	503	6558
chr1	95362944	95663943	301000	7	0	301000	184414	116586	23898	9137	13042	16277	11993	8310	11255	11909	12812	5592	9349	8427	13651	7111	8257	13393	12526	6635	1111	9878	10393	6661	828	9885	8318	5650	673	7847	12231	8820	836	14293
chr1	95663944	95833943	170000	6	0	170000	105914	64086	14276	5210	7244	9866	6847	4588	6200	6486	7423	3006	5169	4703	8050	4062	4727	8057	7038	3615	573	5640	5654	3392	449	5210	4503	2932	392	4385	6924	4766	506	8105
chr1	95833944	95919943	86000	5	0	86000	55349	30651	8115	2671	3675	5420	3548	2153	2890	3349	3679	1443	2356	2382	4539	2177	2327	4623	3586	1693	245	2920	2626	1561	156	2420	2223	1312	115	1934	3505	2197	184	3974
chr1	95919944	96307943	388000	4	0	388000	245265	142735	34188	11971	16573	23238	15820	10075	13211	15407	16635	6703	11021	10999	19328	9526	11037	19531	16357	7735	1399	12784	12205	7186	1056	11439	10215	6503	885	9613	15736	10462	1154	18006
chr1	96307944	97053943	746000	5	0	746000	466842	279158	64772	23153	31171	43448	30115	20021	26292	28753	31267	13132	21586	20785	36390	18678	21217	36060	31428	15697	2843	25017	24218	14529	2445	22627	19653	13181	2143	18607	29882	20412	2461	34015
chr1	97053944	97176943	123000	6	0	123000	77966	45034	10516	3758	5301	7291	4766	3150	4170	5219	5403	2058	3368	3530	6181	3206	3590	6457	5136	2432	468	4136	3820	2169	259	3723	3335	1974	234	2989	5015	3396	367	5581
chr1	97176944	97324943	148000	7	0	148000	95165	52835	13088	4541	6139	9216	5950	3868	4850	6200	6309	2556	4016	4229	7637	3918	4206	8441	6540	2770	570	5003	4375	2388	309	4043	3788	2188	327	3423	6165	3769	434	6742
chr1	97324944	97775943	451000	8	0	451000	293823	157177	41798	14207	18845	29629	17832	11183	13967	18578	19305	7251	11594	12800	25544	12092	13229	25967	19326	8335	1639	15433	12704	6980	1082	12308	11046	6524	912	9938	18484	11235	1275	19956
chr1	97775944	97883943	108000	7	0	108000	71123	36877	10290	3401	4453	7287	4194	2715	3291	4332	4634	1701	2806	2957	6314	3034	3174	6538	4736	1952	396	3767	2908	1518	242	2842	2471	1470	191	2286	4418	2570	281	4829
chr1	97883944	98059943	176000	6	0	176000	114189	61811	16380	5539	7354	11658	6969	4377	5449	6950	7633	2807	4553	5014	9949	4675	4996	9886	7342	3269	709	6077	5027	2989	608	4569	4176	2477	604	3955	7200	4457	599	7751
chr1	98059944	98149943	90000	7	0	90000	57838	32162	7943	2782	3832	5646	3606	2423	2912	3655	3888	1464	2463	2606	4766	2325	2617	4908	3836	1711	282	3166	2695	1498	179	2530	2331	1361	154	1998	3734	2332	225	4130
chr1	98149944	98643943	494000	8	0	494000	316176	177824	44626	15346	21042	30628	19904	12719	16098	20023	21501	8239	13607	14005	25612	12530	14086	26208	20929	9821	1627	16457	15040	8744	1170	14174	12646	7497	980	11387	20130	13066	1341	22815
chr1	98643944	98859943	216000	7	0	216000	135940	80060	18381	6672	9117	12828	8387	5593	7575	8432	9248	3670	6263	6176	10982	5442	6255	10918	8713	4387	817	7460	6979	4098	676	6476	5489	3769	513	5325	8806	5975	628	9948
chr1	98859944	99005943	146000	6	0	146000	91364	54636	11726	4377	6079	8571	5475	3926	5194	6068	6088	2504	4212	4124	7464	3782	4113	7661	6052	3000	526	5011	4703	2941	434	4496	3918	2565	393	3667	5990	4067	447	6424
chr1	99005944	99099943	94000	7	0	94000	58906	35094	7800	2890	3922	5568	3788	2398	3284	3901	4028	1662	2754	2690	4564	2302	2620	4734	3995	1939	301	3017	3094	1879	273	2879	2487	1590	206	2299	3795	2717	238	4384
chr1	99099944	99230943	131000	8	0	131000	82462	48538	11177	4100	5554	7712	5225	3449	4509	5163	5551	2225	3786	3766	6590	3241	3761	6651	5452	2740	442	4381	4295	2587	305	3979	3376	2179	311	3162	5223	3660	358	6088
chr1	99230944	99369943	139000	7	0	139000	88525	50475	12079	4321	5785	8610	5726	3627	4475	5810	5982	2369	3815	3929	7007	3673	4115	7201	5970	2826	495	4699	4317	2401	380	3927	3647	2147	346	3224	5703	3651	401	6340
chr1	99369944	99454943	85000	6	0	85000	53727	31273	7252	2684	3593	5000	3439	2209	2802	3481	3600	1476	2369	2489	4238	2122	2544	4428	3645	1781	319	2746	2690	1548	243	2509	2182	1358	225	2091	3414	2302	257	3962
chr1	99454944	99533943	79000	5	0	79000	48655	30345	6427	2422	3314	4498	3101	2167	2859	2986	3377	1402	2432	2151	3756	1928	2221	3613	3297	1758	337	2527	2668	1795	268	2594	2038	1506	235	1959	3110	2266	240	3746
chr1	125169944	125170022	79	8	0	79	48	31	2	0	2	10	2	0	0	10	10	1	1	7	0	0	1	1	0	1	0	0	5	0	0	1	3	0	1	0	5	4	7	3
chr1	144103611	144103663	53	6	0	53	16	37	0	0	3	0	3	0	8	0	0	1	0	0	0	0	0	0	1	0	0	0	11	1	0	0	0	12	0	10	0	0	0	1
chr1	144104169	144104197	29	6	0	29	11	18	0	0	2	0	2	3	1	0	0	1	2	0	0	0	0	0	0	2	0	2	3	2	0	0	0	2	0	2	3	0	0	0
chr1	144104788	144104844	57	6	0	57	21	36	0	0	4	1	4	0	6	1	0	0	0	2	0	0	2	0	0	0	0	0	10	0	0	1	1	10	0	11	0	2	0	0
chr1	144104916	144105034	119	6	0	119	38	81	0	2	7	0	9	1	14	0	0	2	0	0	0	0	2	0	1	2	0	1	18	0	6	3	3	25	0	18	2	0	0	1
chr1	144105084	144105135	52	6	0	52	18	34	0	1	3	0	4	1	5	0	0	2	0	0	0	0	2	0	0	2	0	2	7	1	2	0	0	8	0	8	2	0	0	0
chr1	144105271	144105356	86	6	0	86	29	57	0	0	6	0	6	3	9	1	0	1	2	1	0	0	0	0	0	1	0	3	15	1	2	0	0	16	0	13	3	0	0	1
chr1	144105415	144105546	132	6	0	132	45	87	0	1	9	0	9	3	16	0	1	3	1	0	0	0	2	0	2	5	0	0	23	5	0	1	3	19	1	21	0	0	1	4
chr1	144105989	144106010	22	8	0	22	6	16	0	0	1	0	1	1	2	0	0	0	0	0	0	0	0	0	0	1	0	0	5	1	0	0	0	5	0	3	0	0	0	0
chr1	144106137	144106155	19	8	0	19	6	13	0	0	2	0	2	0	2	0	0	0	0	0	0	0	0	0	0	0	0	0	3	0	0	0	0	4	0	4	0	0	0	0
chr1	144106248	144106334	87	8	0	87	25	62	1	0	2	0	3	0	14	0	0	2	2	0	0	0	0	0	1	0	0	1	15	3	3	0	0	17	1	16	1	0	2	1
chr1	144106361	144106420	60	8	0	60	21	39	0	0	6	0	6	0	6	0	0	1	1	0	0	0	0	0	1	0	0	0	9	0	0	2	2	11	1	10	0	0	1	1
chr1	144106437	144106508	72	8	0	72	24	48	0	0	6	0	7	0	10	0	0	0	0	0	0	0	0	0	0	0	0	0	13	0	0	2	3	15	0	14	0	0	0	0
chr1	144107476	144107534	59	8	0	59	45	14	7	2	1	6	0	0	0	5	2	1	0	1	7	1	1	10	3	0	1	0	1	1	1	0	0	2	0	0	1	0	1	2
chr1	144109272	144109287	16	8	0	16	13	3	0	0	0	1	0	0	0	2	0	0	0	1	1	1	0	6	1	0	0	0	0	0	0	0	0	0	0	0	1	0	0	0
chr1	144109289	144109310	22	8	0	22	19	3	5	1	1	2	1	0	0	1	0	0	0	0	1	2	0	3	2	0	0	1	0	0	0	0	0	0	0	0	0	0	0	0
chr1	144135602	144135628	27	8	0	27	19	8	5	2	2	1	1	0	1	0	3	0	0	1	1	1	0	0	1	0	0	1	1	0	0	0	0	0	0	0	1	1	0	2
chr1	144787042	144787075	34	7	0	34	7	27	0	0	0	0	0	2	3	0	0	2	0	0	0	0	0	0	1	2	1	0	3	6	1	1	1	3	3	1	0	1	1	0
chr1	144804403	144804453	51	7	0	51	21	30	3	1	2	1	1	1	2	3	3	1	3	0	0	0	0	0	1	1	0	1	4	4	1	3	1	5	0	0	1	3	1	2
chr1	144804455	144804653	199	7	0	199	91	108	4	3	9	3	5	12	13	5	9	8	6	6	1	2	3	2	6	3	6	10	12	7	1	11	6	10	0	5	11	12	1	5
chr1	144804657	144804678	22	7	0	22	6	16	0	0	1	0	0	0	0	0	1	1	3	0	0	0	0	0	0	1	0	0	0	2	3	0	0	3	0	1	0	0	1	3
chr1	144804680	144805015	336	7	0	336	174	162	24	9	13	8	9	9	20	13	8	8	15	6	13	9	3	7	15	9	1	10	16	19	2	19	12	10	0	10	8	18	0	11
chr1	144805017	144805035	19	7	0	19	5	14	0	0	0	0	0	1	2	0	0	0	1	0	0	0	0	0	0	1	0	0	2	3	0	2	0	2	0	2	1	0	0	0
chr1	144805037	144805375	339	7	0	339	144	195	7	5	8	4	7	25	24	17	8	3	23	5	2	1	1	4	20	5	2	7	20	20	0	22	24	18	1	15	8	18	1	12
chr1	144805377	144805415	39	7	0	39	22	17	1	0	1	1	1	7	1	2	0	2	0	0	1	2	0	1	10	0	1	1	0	0	1	0	2	0	0	0	0	1	0	1
chr1	144805417	144805477	61	7	0	61	29	32	1	2	0	0	1	11	1	4	1	0	1	1	0	3	0	1	9	0	7	0	0	1	1	0	7	1	1	1	2	0	1	1
chr1	144805479	144805510	32	7	0	32	21	11	3	1	1	2	1	2	0	2	1	0	0	1	2	1	2	1	3	1	0	0	1	0	0	1	1	0	0	1	0	1	0	1
chr1	144805512	144805580	69	7	0	69	35	34	2	1	2	1	2	4	4	2	2	4	5	0	0	0	3	3	5	1	0	3	2	0	1	2	1	2	1	4	4	2	0	4
chr1	144805591	144806038	448	7	0	448	234	214	37	13	14	13	13	21	27	10	13	10	11	6	14	14	7	11	17	10	7	24	17	18	8	13	18	18	7	15	18	9	6	7
chr1	144806043	144806073	31	7	0	31	13	18	0	0	2	0	0	1	3	3	1	0	1	0	1	0	0	1	0	0	0	1	2	2	0	1	3	2	0	3	1	1	0	0
chr1	144806074	144806096	23	7	0	23	8	15	0	0	0	0	0	2	2	1	0	1	0	1	0	0	0	0	0	1	1	1	2	0	0	1	1	3	1	1	2	0	0	0
chr1	144806098	144806182	85	7	0	85	28	57	0	1	2	0	2	1	11	0	2	0	4	2	0	1	1	0	3	0	0	0	5	4	2	8	5	11	2	8	1	4	1	2
chr1	144806183	144806321	139	7	0	139	38	101	1	1	2	0	1	10	4	1	2	2	9	2	0	0	1	1	2	5	4	2	9	15	10	4	5	9	11	9	1	8	5	1
chr1	144806323	144806417	95	7	0	95	32	63	2	1	1	0	1	4	7	0	1	4	10	0	0	0	0	0	1	5	2	1	3	12	3	7	4	2	1	7	4	6	0	4
chr1	144806419	144806460	42	7	0	42	16	26	0	0	0	0	0	8	1	3	0	0	2	1	0	0	0	0	4	1	2	1	0	2	1	2	6	1	1	0	2	1	1	0
chr1	144806465	144806624	160	7	0	160	66	94	2	3	4	0	2	20	4	4	6	3	8	0	0	4	2	2	11	3	12	4	3	5	2	6	9	4	14	3	7	4	2	5
chr1	144806630	144806673	44	7	0	44	20	24	5	1	1	1	0	1	3	1	2	1	1	1	1	0	0	1	0	0	2	0	2	1	0	2	1	4	3	2	2	1	1	1
chr1	144806675	144806791	117	7	0	117	35	82	1	2	1	1	3	8	8	0	1	4	5	1	0	0	0	0	7	3	3	1	5	8	9	6	5	15	5	3	2	3	1	4
chr1	144806793	144806891	99	7	0	99	30	69	0	0	2	0	0	3	12	2	2	2	7	0	0	0	0	0	3	1	0	1	7	6	1	7	5	8	5	12	1	5	4	1
chr1	144806896	144807019	124	7	0	124	41	83	0	2	2	0	1	7	8	1	3	6	9	0	0	1	0	1	3	6	0	6	6	15	5	6	3	4	5	4	5	7	4	2
chr1	144807021	144807049	29	7	0	29	10	19	0	0	0	0	0	1	0	0	0	0	3	0	0	2	4	0	0	1	0	1	0	4	0	5	1	2	0	0	0	2	0	1
chr1	144807051	144807119	69	7	0	69	27	42	1	2	4	0	1	3	1	2	4	0	5	0	1	0	2	0	2	1	0	2	2	7	3	3	1	5	2	4	2	3	1	3
chr1	144807121	144807171	51	7	0	51	19	32	0	0	3	0	1	1	3	2	2	2	3	0	0	1	1	0	0	2	0	1	4	4	0	4	2	4	0	2	1	3	0	3
chr1	144807173	144807314	142	7	0	142	56	86	0	3	1	2	1	13	6	4	1	3	10	1	4	1	1	4	5	3	7	5	6	12	3	3	9	4	7	6	4	4	3	4
chr1	144807316	144807349	34	7	0	34	19	15	3	2	3	0	1	0	1	1	4	1	0	1	0	0	0	0	0	1	2	0	3	1	0	1	0	0	0	0	1	3	0	3
chr1	144807351	144807504	154	7	0	154	88	66	9	5	6	11	11	4	3	10	7	2	5	2	4	3	2	3	9	4	0	2	8	6	0	6	4	5	1	4	6	5	1	4
chr1	144807506	144807544	39	7	0	39	17	22	1	1	0	2	1	3	3	0	2	0	3	0	0	0	0	0	2	2	0	0	3	2	0	3	1	2	0	1	1	2	0	2
chr1	144807546	144807875	330	7	0	330	184	146	23	7	13	11	10	13	14	12	15	5	14	7	6	6	11	15	10	11	2	8	12	7	0	16	15	8	4	11	12	9	4	17
chr1	144807879	144807987	109	7	0	109	44	65	4	1	4	0	2	8	7	0	3	3	8	3	0	0	0	0	5	5	0	2	4	7	4	6	2	4	3	5	5	5	1	6
chr1	144807989	144808405	417	7	0	417	186	231	8	9	14	6	16	19	28	14	9	12	24	12	4	2	6	2	19	11	1	11	25	19	5	20	22	16	4	20	11	23	2	21
chr1	144808407	144808435	29	7	0	29	19	10	5	1	1	0	3	0	1	1	0	0	1	5	0	0	0	0	1	0	0	0	0	0	0	0	1	0	0	1	3	1	0	2
chr1	144808437	144809353	917	7	0	917	554	363	102	43	26	44	47	25	39	30	32	14	38	20	34	14	21	24	52	14	4	26	24	21	5	29	28	22	4	30	37	22	5	39
chr1	144809356	144809566	211	7	0	211	159	52	44	8	16	15	8	2	2	6	9	3	3	2	21	4	4	11	7	4	0	6	4	2	0	3	2	2	0	4	4	1	0	12
chr1	144809568	144809583	16	7	0	16	10	6	0	2	0	1	1	1	0	1	0	0	0	0	2	0	0	2	0	1	2	0	1	0	0	0	0	0	0	0	0	0	0	0
chr1	144809585	144810144	560	7	0	560	293	267	29	17	23	18	14	30	30	17	30	9	19	13	14	7	13	8	34	11	6	12	27	16	3	24	15	18	5	24	15	25	6	26
chr1	144810146	144810188	43	7	0	43	38	5	10	2	1	6	1	0	1	0	1	0	0	1	6	1	0	7	1	0	0	1	0	0	0	0	0	0	0	0	1	0	0	1
chr1	144810192	144810220	29	7	0	29	21	8	3	1	2	2	0	0	1	2	1	0	0	1	3	2	0	1	2	0	0	2	1	1	0	0	0	0	0	0	0	1	0	1
chr1	144810222	144810899	678	7	0	678	446	232	61	25	20	51	21	16	17	35	29	9	20	10	46	24	26	36	30	20	3	20	16	13	0	26	16	7	0	11	26	15	1	26
chr1	144810901	144810927	27	7	0	27	19	8	2	1	0	3	1	1	1	2	3	1	0	0	0	0	0	3	3	0	0	0	1	0	0	0	0	0	0	0	1	1	0	1
chr1	144810929	144811048	120	7	0	120	82	38	22	2	5	7	3	1	1	7	6	3	3	3	4	1	3	9	4	0	1	2	4	4	0	4	2	1	0	1	2	7	1	5
chr1	144811082	144811465	384	7	0	384	256	128	37	13	18	20	19	12	9	14	8	8	7	9	24	18	10	28	24	11	2	14	15	2	0	8	8	5	1	6	8	7	1	16
chr1	144811476	144811575	100	7	0	100	67	33	11	3	9	5	2	3	2	2	7	1	3	3	8	2	2	2	1	2	0	6	1	0	0	6	1	0	0	1	6	5	0	4
chr1	144811589	144811682	94	7	0	94	59	35	8	0	6	7	3	0	4	4	5	3	3	2	5	2	3	2	1	2	0	2	2	1	0	3	3	1	1	5	5	2	1	6
chr1	144811709	144812014	306	7	0	306	137	169	9	10	9	7	9	16	18	8	13	5	10	3	4	5	9	2	12	13	2	9	16	19	6	16	13	15	4	12	10	9	2	9
chr1	144812138	144812380	243	7	0	243	130	113	16	11	10	7	11	6	10	8	5	3	12	6	12	2	7	3	10	4	0	8	11	5	2	15	8	15	0	8	6	9	2	9
chr1	144812413	144812698	286	7	0	286	155	131	18	8	13	8	14	17	12	5	7	6	9	8	8	9	8	5	16	7	2	14	8	11	2	9	13	7	2	8	11	6	2	11
chr1	144812871	144813113	243	7	0	243	69	174	1	2	7	0	4	10	16	1	5	7	15	1	0	0	0	0	1	13	3	2	17	30	11	20	5	24	7	12	8	12	3	4
chr1	144813197	144813228	32	7	0	32	4	28	0	0	0	0	0	0	3	0	0	0	1	0	0	0	0	0	0	0	0	0	0	0	4	1	2	5	11	2	0	0	1	0
chr1	144822759	144822803	45	7	0	45	18	27	1	1	2	0	1	0	5	0	2	0	4	2	0	0	0	0	0	1	0	0	3	2	0	3	3	3	0	2	0	3	0	5
chr1	144831416	144831473	58	8	0	58	36	22	7	2	2	3	4	1	3	0	1	3	2	0	2	3	2	1	4	2	0	3	2	0	0	2	0	1	0	1	2	1	0	2
chr1	144833183	144833207	25	8	0	25	18	7	2	0	0	1	1	0	0	2	0	1	0	3	1	0	1	4	0	0	0	1	0	1	0	1	0	0	0	0	3	1	0	0
chr1	144845139	144845184	46	8	0	46	25	21	0	1	3	3	6	0	1	2	2	2	1	3	0	0	0	0	2	0	0	1	3	2	0	1	1	3	0	0	3	1	0	3
chr1	144848497	144848539	43	8	0	43	27	16	8	1	1	2	1	2	2	4	2	0	0	1	1	0	0	1	1	0	0	1	2	0	0	0	5	2	0	1	2	0	0	1
chr1	144848541	144848594	54	8	0	54	33	21	4	1	3	5	0	2	3	1	5	1	0	0	4	0	1	1	2	0	1	1	2	1	0	2	1	1	1	3	2	3	0	1
chr1	144848596	144848654	59	8	0	59	36	23	3	1	2	3	1	3	0	5	4	2	1	1	1	3	3	3	3	2	2	1	4	0	0	0	1	0	0	1	1	2	0	4
chr1	144854466	144854502	37	8	0	37	31	6	4	1	2	2	0	1	0	2	0	0	0	0	4	4	1	8	3	0	0	3	0	0	0	0	0	0	0	0	0	0	0	0
chr1	144854783	144854831	49	8	0	49	42	7	6	1	0	9	1	0	0	2	1	0	0	0	8	3	2	9	2	0	1	1	0	0	0	0	0	0	0	0	0	0	0	1
chr1	144854833	144854850	18	8	0	18	16	2	2	1	0	3	0	0	0	1	0	0	0	0	3	1	0	4	1	0	0	0	0	0	0	0	0	0	0	0	0	0	0	0
chr1	144855200	144855246	47	8	0	47	18	29	0	2	0	0	2	3	4	0	0	0	5	2	0	0	0	0	1	1	1	2	1	0	1	2	6	2	0	3	1	2	2	2
chr1	144855978	144856000	23	8	0	23	18	5	1	0	0	0	0	2	0	2	0	0	0	0	1	3	0	8	4	0	0	0	0	0	0	0	0	0	0	0	0	0	0	0
chr1	144860181	144860233	53	8	0	53	21	32	0	0	0	1	0	3	5	2	1	0	3	1	1	2	1	0	2	1	1	1	4	3	0	4	3	4	0	3	1	3	0	1
chr1	144864370	144864406	37	8	0	37	14	23	0	1	2	1	1	2	1	1	2	0	2	0	0	0	0	0	0	1	1	1	1	2	3	0	2	1	2	4	2	2	0	0
chr1	144864886	144864940	55	8	0	55	24	31	1	0	1	3	1	3	4	0	0	0	2	1	2	2	2	0	1	2	1	1	3	2	2	3	2	5	1	4	2	1	0	1
chr1	144864943	144864970	28	8	0	28	20	8	7	0	0	1	1	0	0	1	0	0	1	1	1	2	2	1	1	1	0	1	1	2	0	0	0	0	0	0	0	0	0	2
chr1	144864971	144864994	24	8	0	24	10	14	0	1	1	0	2	0	2	0	1	1	1	0	0	0	0	0	0	1	0	1	3	0	0	1	0	3	0	1	1	1	0	1
chr1	144868521	144868662	142	8	0	142	92	50	20	6	10	7	8	3	2	5	11	0	6	5	4	3	0	1	6	2	0	4	4	1	0	7	1	2	0	1	7	7	0	7
chr1	144868664	144868877	214	8	0	214	94	120	6	6	2	7	8	12	12	5	4	4	11	5	3	4	4	1	4	17	1	3	16	12	4	10	10	7	2	9	7	6	3	7
chr1	144868882	144869070	189	8	0	189	126	63	17	7	3	19	6	7	7	10	7	2	3	2	15	6	4	9	11	5	0	6	9	3	0	4	2	5	0	3	8	3	0	4
chr1	144869088	144869292	205	8	0	205	151	54	37	7	7	19	5	1	6	8	11	1	5	4	18	4	5	11	7	2	0	4	1	2	0	7	4	1	0	5	9	5	0	7
chr1	144869293	144869338	46	8	0	46	35	11	8	2	2	1	1	0	1	1	2	2	0	1	2	0	5	5	2	0	0	2	0	0	0	0	1	0	0	1	0	0	0	5
chr1	144869339	144869466	128	8	0	128	53	75	1	4	2	2	4	7	8	3	4	2	11	1	0	2	2	0	2	6	2	5	8	4	2	7	7	4	2	7	4	7	2	4
chr1	144869468	144869487	20	8	0	20	7	13	0	0	0	0	0	3	1	0	0	0	0	0	1	0	1	0	1	2	0	0	3	0	1	1	0	2	1	1	0	0	0	0
chr1	144869488	144869611	124	8	0	124	62	62	9	2	2	3	4	4	4	6	1	2	6	8	3	3	3	1	3	5	1	2	9	7	1	5	1	5	2	3	5	5	2	5
chr1	144869613	144870054	442	8	0	442	311	131	58	14	20	32	25	6	8	14	12	9	9	16	29	10	18	30	17	5	1	16	8	3	1	7	12	4	0	10	16	6	2	22
chr1	144870069	144870554	486	8	0	486	283	203	76	10	14	18	14	18	19	13	12	8	18	10	15	11	12	13	14	13	6	14	21	14	6	15	12	17	6	17	17	12	2	17
chr1	144870555	144870637	83	8	0	83	32	51	1	2	1	0	4	6	4	0	0	1	8	2	0	0	2	0	2	3	0	4	3	2	4	6	6	5	1	4	3	5	1	1
chr1	144870639	144870816	178	8	0	178	88	90	10	3	2	8	6	5	12	6	3	7	8	2	4	5	5	2	4	9	0	7	10	5	4	9	7	6	2	5	7	7	0	6
chr1	144870818	144870859	42	8	0	42	26	16	9	0	0	3	2	1	1	1	0	0	3	1	0	3	0	1	1	1	0	1	2	0	1	1	0	3	0	1	2	0	1	1
chr1	144870861	144871458	598	8	0	598	310	288	27	23	21	13	26	26	29	18	17	12	36	16	14	12	11	7	26	19	6	22	29	13	5	27	22	18	3	17	22	24	4	31
chr1	144871460	144871825	366	8	0	366	197	169	27	7	10	13	17	16	22	5	6	10	17	9	8	6	8	14	14	10	2	13	19	13	1	15	14	15	1	10	13	10	0	19
chr1	144871830	144872910	1081	8	0	1081	689	392	79	27	58	57	38	21	36	35	55	17	46	37	48	32	37	65	37	10	1	49	25	21	1	34	20	9	1	28	47	41	1	66
chr1	144872912	144873066	155	8	0	155	65	90	3	2	3	1	4	9	13	1	3	5	12	2	0	2	3	0	4	4	3	7	9	3	2	8	7	9	4	8	7	6	1	8
chr1	144873068	144873098	31	8	0	31	21	10	6	0	0	1	1	1	0	1	0	1	1	1	1	2	2	1	2	1	0	1	1	2	0	0	0	0	0	0	1	0	0	2
chr1	144873100	144873177	78	8	0	78	35	43	1	1	5	1	6	2	2	2	0	2	3	7	1	1	0	0	3	2	0	1	6	4	1	6	0	5	1	0	2	6	2	3
chr1	144873179	144873214	36	8	0	36	19	17	4	1	1	1	1	3	2	0	0	1	2	0	1	0	0	1	1	1	1	1	2	0	0	1	2	2	1	1	1	0	0	2
chr1	144873216	144873363	148	8	0	148	104	44	40	3	9	7	3	1	6	1	10	3	4	3	4	1	4	3	3	0	0	5	3	2	0	5	2	1	0	3	3	7	0	10
chr1	144873364	144873407	44	8	0	44	19	25	2	1	1	1	3	1	2	2	0	1	4	1	0	0	0	0	1	0	0	2	4	1	0	1	3	3	1	2	0	2	1	2
chr1	144873409	144873964	556	8	0	556	342	214	57	15	17	38	25	19	17	18	18	8	18	19	26	13	10	23	17	17	4	17	22	14	6	15	12	13	2	11	27	13	4	19
chr1	144873966	144873994	29	8	0	29	20	9	5	0	1	2	1	0	1	2	1	0	0	2	1	1	2	0	0	0	0	2	0	0	0	0	3	0	0	0	1	0	0	2
chr1	144873996	144874076	81	8	0	81	54	27	7	2	4	7	2	2	2	2	3	0	0	4	8	4	4	2	2	3	0	3	3	0	1	3	2	0	0	2	1	3	1	2
chr1	226114942	226114970	29	1	0	29	4	25	0	0	0	0	0	0	1	0	0	1	2	0	0	0	0	0	0	0	1	0	1	5	6	1	0	4	1	1	0	3	0	0
chr2	24500	110499	86000	5	0	86000	49279	36721	5835	2586	3431	3957	3313	2854	3827	3055	3491	1784	2996	2135	3170	1772	2047	3025	3666	2114	483	2733	3275	2532	578	3140	2700	2143	430	2520	3409	2736	353	3908
chr2	110500	228499	118000	6	0	118000	69326	48674	8902	3651	4792	5738	4300	3732	4961	4307	4853	2348	3925	2991	5028	2411	2889	4498	4967	2688	730	3757	4167	3183	710	4267	3511	2702	553	3320	4655	3754	487	5221
chr2	228500	775832	547333	7	0	547333	304319	243014	35969	15615	19977	23400	18117	20840	25386	20164	21214	11641	18743	13436	19661	10513	11240	18402	24422	13309	5230	15648	21034	17652	5364	20623	18231	15275	4685	16507	20821	18437	3207	22568
chr2	775840	776114	275	7	0	275	182	93	40	11	7	14	12	12	6	10	8	2	9	8	13	8	7	14	14	7	1	10	9	4	1	5	5	4	1	4	12	4	1	10
chr2	776123	776429	307	7	0	307	186	121	26	9	13	18	12	9	11	10	10	4	9	5	19	12	4	13	12	6	4	12	14	9	3	5	9	8	1	10	8	8	2	10
chr2	776431	776527	97	7	0	97	63	34	10	3	5	5	3	2	4	2	4	1	3	2	6	4	5	3	3	1	0	6	1	1	0	4	1	1	0	4	5	3	0	3
chr2	776529	781476	4948	7	0	4948	2450	2498	241	118	165	143	137	201	300	154	176	140	183	118	113	71	77	113	210	131	59	129	225	219	69	246	176	195	40	181	181	214	52	169
chr2	781477	786226	4750	7	0	4750	2857	1893	425	131	201	290	211	142	185	175	215	89	136	122	195	77	105	157	189	94	26	129	163	120	27	154	164	115	20	129	197	135	15	215
chr2	786227	792177	5951	7	0	5951	3125	2826	331	137	222	221	218	246	305	249	216	133	238	132	145	79	108	144	217	179	46	153	308	201	39	245	254	198	27	239	239	216	28	236
chr2	792179	792202	24	7	0	24	12	12	0	1	1	1	0	0	1	1	2	1	1	0	0	0	1	0	0	0	1	1	1	0	1	0	0	2	1	1	1	0	1	2
chr2	792204	793156	953	7	0	953	532	421	66	40	35	42	37	48	49	31	48	19	29	14	32	10	12	19	56	32	10	19	37	6	10	34	39	22	11	34	33	28	11	38
chr2	793157	795654	2498	7	0	2498	1387	1111	175	65	97	110	88	95	116	79	87	61	90	52	97	48	48	77	110	55	30	74	101	65	26	92	88	74	18	88	79	90	24	97
chr2	795657	796621	965	7	0	965	410	555	27	25	29	20	22	31	68	12	31	23	42	16	21	16	15	12	29	17	20	29	44	59	30	53	34	60	23	43	25	51	7	29
chr2	796623	797193	571	7	0	571	296	275	36	19	18	18	21	21	36	17	18	11	20	11	17	12	8	11	27	17	1	18	27	34	6	23	17	20	0	25	24	19	1	16
chr2	797197	798348	1152	7	0	1152	553	599	15	28	32	15	27	81	75	39	34	23	57	16	14	23	21	52	90	26	7	31	37	53	10	58	68	39	6	43	28	40	9	53
chr2	798358	799787	1430	7	0	1430	959	471	158	42	56	119	50	30	33	58	58	14	28	44	109	29	40	90	43	25	7	40	35	21	11	32	42	22	16	32	51	31	10	52
chr2	799800	800400	601	7	0	601	258	343	26	15	16	8	17	23	47	3	11	20	29	9	11	7	10	6	22	21	7	15	21	35	15	35	31	27	13	30	16	24	7	22
chr2	800406	803022	2617	7	0	2617	1574	1043	214	89	123	137	124	62	94	81	141	55	97	75	84	49	68	79	100	68	17	70	97	45	15	77	57	34	16	79	107	87	18	156
chr2	803024	803051	28	7	0	28	17	11	3	1	1	2	0	0	0	1	1	0	3	1	1	0	1	0	0	0	0	1	0	2	0	3	0	0	0	0	1	3	0	1
chr2	803053	807567	4515	7	0	4515	2601	1914	329	156	168	190	193	148	169	228	180	84	131	138	141	89	99	156	221	111	27	118	202	140	20	156	141	103	19	123	174	164	24	171
chr2	807569	807616	48	7	0	48	27	21	1	5	2	1	3	1	2	2	2	1	1	2	3	0	0	1	2	2	0	3	3	0	0	2	1	1	0	0	1	2	2	0
chr2	807618	807846	229	7	0	229	144	85	23	11	11	6	10	3	8	10	9	3	3	12	9	8	7	10	10	2	4	9	8	3	1	3	4	3	1	9	9	7	2	9
chr2	807847	809323	1477	7	0	1477	974	503	164	36	57	119	69	31	41	51	61	22	44	39	81	40	34	83	57	31	8	33	36	24	2	49	30	25	7	34	69	31	7	60
chr2	813478	814105	628	7	0	628	342	286	30	12	26	30	17	20	27	26	26	8	25	22	24	14	14	20	18	17	6	13	28	25	6	25	21	21	3	21	23	22	3	33
chr2	814107	817696	3590	7	0	3590	1931	1659	183	92	133	162	142	115	175	146	132	104	140	94	113	49	53	97	145	95	20	99	168	142	37	142	122	105	16	97	143	147	17	163
chr2	817705	818679	975	7	0	975	530	445	51	14	28	33	21	60	42	79	28	30	33	32	26	16	8	28	75	19	8	18	36	34	5	33	51	22	7	14	41	33	2	46
chr2	818685	818728	44	7	0	44	25	19	2	2	2	1	1	3	3	1	2	3	0	1	1	1	0	0	4	3	1	1	2	1	0	1	0	0	0	0	2	0	1	3
chr2	818730	818927	198	7	0	198	110	88	8	7	4	10	8	7	9	9	7	9	4	5	6	5	4	7	14	6	3	4	9	4	5	5	4	6	0	2	6	7	2	10
chr2	818929	820286	1358	7	0	1358	666	692	55	26	44	44	31	54	81	51	47	28	67	35	35	18	21	28	43	33	15	34	55	56	24	76	58	64	9	47	61	58	2	56
chr2	820287	820639	353	7	0	353	141	212	0	6	4	0	1	38	32	7	9	11	22	5	0	4	2	0	6	2	26	23	16	15	0	15	29	20	0	11	27	9	0	11
chr2	820657	821384	728	7	0	728	341	387	23	17	25	18	18	49	33	16	29	21	42	15	13	3	9	9	33	17	21	19	25	25	16	31	27	27	7	31	31	29	18	29
chr2	821386	821409	24	7	0	24	16	8	1	0	1	2	0	0	0	4	3	0	0	1	0	1	0	3	0	0	0	0	1	0	0	0	1	0	0	1	2	1	0	0
chr2	821411	822281	871	7	0	871	415	456	37	23	28	19	24	42	53	25	31	27	28	21	15	10	14	17	36	28	18	20	42	37	18	35	28	42	13	31	38	24	7	38
chr2	822283	822326	44	7	0	44	20	24	0	0	4	0	1	3	3	1	2	1	2	1	0	0	0	0	1	1	0	2	3	1	0	2	2	2	0	4	2	2	0	2
chr2	822328	822370	43	7	0	43	25	18	2	1	3	1	2	4	2	2	1	0	0	1	1	1	1	1	5	0	0	1	2	0	0	0	3	2	0	3	0	0	0	2
chr2	822375	824337	1963	7	0	1963	1116	847	129	51	62	94	62	61	93	85	76	42	79	46	69	38	47	80	81	49	11	51	81	56	11	74	70	49	11	60	70	68	9	96
chr2	824348	824896	549	7	0	549	370	179	65	11	23	44	24	12	15	19	17	16	12	15	38	12	10	36	27	9	5	10	11	7	3	12	17	4	3	10	15	13	5	27
chr2	824897	827147	2251	7	0	2251	1418	833	207	70	95	132	90	84	81	80	82	49	48	50	125	57	48	120	123	48	9	80	65	48	8	70	63	40	8	41	84	55	8	81
chr2	827148	827275	128	7	0	128	62	66	20	1	3	1	3	5	7	1	3	2	12	1	0	0	1	1	1	2	1	4	6	3	2	6	5	8	4	5	4	5	1	8
chr2	827277	827308	32	7	0	32	14	18	0	0	0	0	0	3	2	1	0	1	0	1	0	0	2	2	1	2	0	1	4	1	0	1	2	1	0	3	0	2	0	0
chr2	827310	832149	4840	7	0	4840	2610	2230	294	143	225	166	185	141	244	163	195	119	169	120	154	78	101	113	169	129	36	147	198	176	31	236	175	141	30	157	191	195	19	198
chr2	832152	834766	2615	7	0	2615	1408	1207	172	77	112	87	100	92	120	91	105	64	122	57	72	39	43	53	98	72	22	80	115	93	21	114	76	77	9	82	114	101	12	121
chr2	834768	834795	28	7	0	28	17	11	1	2	1	1	1	1	2	0	2	0	1	1	1	1	0	2	2	0	0	1	0	0	0	1	0	1	0	1	2	0	0	1
chr2	834797	835089	293	7	0	293	153	140	15	11	12	6	7	11	22	8	15	7	9	5	8	5	7	3	13	7	2	12	10	10	2	12	15	8	1	12	10	9	3	14
chr2	835091	835115	25	7	0	25	17	8	1	1	3	1	0	0	1	0	2	1	0	0	2	0	1	3	0	0	0	2	0	0	0	1	0	0	0	1	1	1	0	1
chr2	835117	835657	541	7	0	541	345	196	44	21	19	45	18	14	18	23	35	8	15	13	30	12	9	19	27	9	5	14	15	9	7	15	10	6	2	6	21	22	2	26
chr2	835679	835717	39	7	0	39	13	26	0	0	0	0	0	1	4	0	0	3	5	0	0	0	0	0	1	0	1	2	2	1	1	1	2	2	2	2	0	2	2	3
chr2	835723	835945	223	7	0	223	96	127	13	5	3	6	4	9	9	3	6	4	12	6	4	4	7	1	4	7	5	5	6	9	13	10	7	14	9	8	7	8	5	8
chr2	835947	835976	30	7	0	30	13	17	1	1	1	0	2	2	1	1	1	0	0	0	0	0	1	1	1	1	0	1	1	2	2	1	3	2	0	1	1	0	0	0
chr2	835978	836196	219	7	0	219	129	90	16	8	11	9	10	7	10	8	9	5	4	6	9	4	4	9	9	6	1	8	8	5	1	6	11	2	1	6	6	8	1	9
chr2	836211	837617	1407	7	0	1407	935	472	146	50	56	93	61	40	44	55	70	19	33	37	69	33	39	89	75	24	6	37	33	18	2	31	24	19	2	41	68	24	4	63
chr2	837638	837817	180	7	0	180	134	46	8	3	4	7	4	1	2	16	5	3	1	4	5	9	4	57	10	3	1	2	3	2	1	4	4	1	0	1	6	4	0	3
chr2	837819	838445	627	7	0	627	387	240	59	21	23	34	30	13	24	19	29	8	17	22	20	20	18	28	24	18	4	16	22	12	4	22	11	13	0	18	29	17	4	26
chr2	838459	838715	257	7	0	257	169	88	25	13	9	14	12	6	6	12	13	1	8	10	11	5	6	18	10	6	1	7	7	5	0	6	5	3	0	4	13	4	3	12
chr2	838717	838733	17	7	0	17	11	6	0	1	1	1	1	0	1	0	2	0	0	0	0	1	1	1	0	0	0	2	1	0	0	0	0	0	0	0	0	1	0	1
chr2	838735	839498	764	7	0	764	478	286	55	25	36	45	44	12	24	38	39	19	20	22	23	22	22	31	40	19	3	17	29	12	0	21	14	10	0	20	35	20	1	44
chr2	839500	839547	48	7	0	48	23	25	4	2	1	0	0	0	6	2	2	2	1	0	0	0	0	2	0	1	0	3	5	3	0	1	2	3	0	1	1	2	0	2
chr2	839549	840271	723	7	0	723	462	261	71	27	29	38	40	22	20	40	25	14	16	30	29	16	17	28	41	15	1	21	29	12	0	11	22	10	1	11	30	15	2	38
chr2	840274	840640	367	7	0	367	212	155	20	18	9	9	13	15	11	30	14	6	15	7	9	9	9	17	23	13	0	11	18	8	0	15	14	3	0	7	14	17	0	11
chr2	840642	840675	34	7	0	34	20	14	1	1	2	1	0	2	2	3	2	0	0	1	2	1	0	1	3	0	0	1	1	0	0	1	4	0	0	0	0	2	0	1
chr2	840677	840736	60	7	0	60	49	11	26	2	1	3	1	2	1	2	1	1	0	1	4	1	0	2	4	1	0	0	0	1	0	1	0	0	0	0	2	0	0	1
chr2	840737	841158	422	7	0	422	210	212	11	10	14	13	12	20	21	18	18	10	19	13	8	5	7	10	16	17	2	9	19	18	4	24	21	7	5	9	15	23	3	19
chr2	841160	841178	19	7	0	19	10	9	0	0	1	0	1	1	0	0	0	0	2	0	1	2	1	0	1	1	0	1	1	1	0	1	0	0	0	0	0	1	0	1
chr2	841180	842329	1150	7	0	1150	789	361	128	36	38	101	42	31	27	62	52	22	19	23	81	28	31	68	50	18	9	39	31	13	2	18	26	13	4	20	55	20	3	38
chr2	842331	842381	51	7	0	51	16	35	0	1	0	0	1	2	6	0	1	0	3	0	0	0	0	0	0	2	1	0	2	4	1	4	6	2	4	4	1	3	0	1
chr2	842382	845100	2719	7	0	2719	1602	1117	193	75	127	147	104	86	115	101	140	52	66	79	105	53	55	103	111	49	19	87	95	71	19	93	81	60	15	78	119	99	15	105
chr2	845102	845135	34	7	0	34	17	17	5	0	1	1	2	0	2	1	0	2	0	2	0	0	0	0	1	0	0	1	5	2	0	1	0	2	0	0	0	3	0	1
chr2	845137	846531	1395	7	0	1395	763	632	75	37	45	46	39	63	85	52	55	29	56	35	34	28	39	43	64	36	13	44	47	26	9	52	65	39	3	59	64	33	7	71
chr2	846533	846553	21	7	0	21	7	14	0	0	0	0	0	2	2	0	0	0	1	0	0	1	1	0	1	1	0	1	0	1	0	1	2	2	0	2	1	0	0	0
chr2	846555	846614	60	7	0	60	20	40	0	0	0	0	0	4	6	0	0	0	5	0	0	2	2	0	2	2	0	2	2	4	2	4	4	6	0	6	2	0	1	2
chr2	846615	846736	122	7	0	122	41	81	0	0	0	0	0	8	12	0	0	0	12	0	0	4	4	0	4	4	0	4	4	8	4	8	8	12	0	12	4	0	4	4
chr2	846737	846766	30	7	0	30	10	20	0	0	0	0	0	2	3	0	0	0	3	0	0	1	1	0	1	1	0	1	1	2	1	1	2	2	0	3	1	0	1	1
chr2	846767	846981	215	7	0	215	82	133	0	0	0	0	0	10	25	3	0	5	20	2	0	8	7	1	8	3	0	12	7	14	3	7	16	14	0	21	7	0	7	13
chr2	847073	847186	114	7	0	114	43	71	0	0	0	0	0	8	9	0	0	1	11	0	0	4	10	0	4	3	0	6	0	4	3	9	8	10	0	10	5	0	3	4
chr2	847187	847216	30	7	0	30	11	19	0	0	0	0	0	2	4	0	0	0	3	0	0	1	1	0	1	0	0	2	1	2	0	1	2	2	0	3	2	0	0	1
chr2	847217	847250	34	7	0	34	12	22	0	0	0	0	0	1	3	1	0	0	4	1	0	1	1	0	1	0	0	1	1	2	0	2	2	3	0	4	1	0	2	1
chr2	847252	847400	149	7	0	149	59	90	0	0	0	0	0	8	15	4	0	2	12	2	0	5	11	0	6	0	0	9	1	8	0	10	13	12	0	13	7	0	4	5
chr2	847401	847454	54	7	0	54	20	34	0	0	0	0	0	3	6	0	0	0	5	0	0	2	4	0	2	0	0	2	1	3	0	4	4	5	0	6	2	0	0	3
chr2	847458	847498	41	7	0	41	14	27	0	0	0	0	0	3	5	0	0	0	4	0	0	1	1	0	2	0	0	2	2	2	0	4	3	4	0	3	1	1	0	1
chr2	847500	847927	428	7	0	428	228	200	18	17	9	13	11	25	27	18	9	6	11	8	19	15	9	13	29	11	9	14	16	6	4	16	25	14	5	16	10	11	2	10
chr2	847929	847975	47	7	0	47	21	26	0	0	0	1	0	3	2	3	0	3	2	2	1	1	0	2	1	3	2	1	3	3	2	0	2	0	0	1	3	2	0	2
chr2	847977	849211	1235	7	0	1235	711	524	90	39	37	64	40	62	57	39	39	24	56	20	61	21	25	35	67	32	14	33	46	24	13	32	26	38	5	55	61	21	2	55
chr2	849213	849256	44	7	0	44	23	21	4	2	1	2	1	4	1	1	3	1	1	0	1	0	0	1	5	0	1	1	1	4	0	2	0	0	0	0	1	3	1	0
chr2	849306	849377	72	7	0	72	35	37	5	3	1	3	2	8	1	2	4	1	2	0	1	0	0	1	7	1	2	2	4	8	0	2	2	2	0	0	1	3	2	0
chr2	849616	849759	144	7	0	144	69	75	8	5	1	4	1	18	8	5	8	5	3	0	1	0	0	1	15	4	5	4	7	7	2	4	6	3	0	1	4	6	3	3
chr2	849769	849801	33	7	0	33	15	18	2	1	0	1	0	4	1	1	1	1	1	0	0	0	0	0	4	0	2	1	2	3	1	0	0	1	0	1	0	2	1	0
chr2	849829	849849	21	7	0	21	10	11	1	0	0	1	0	2	0	1	1	1	1	0	0	0	0	0	2	0	1	1	2	2	0	0	0	0	0	0	0	2	1	0
chr2	849864	850030	167	7	0	167	81	86	10	6	1	5	1	19	9	8	9	7	3	0	1	0	0	1	18	5	5	4	8	9	2	5	6	3	0	1	5	8	3	3
chr2	850080	850100	21	7	0	21	12	9	0	1	1	1	1	2	0	0	2	0	1	0	1	0	0	1	2	0	0	1	0	2	0	1	0	0	0	0	1	1	0	0
chr2	850148	850281	134	7	0	134	63	71	5	7	2	2	3	16	5	6	7	4	5	0	0	0	0	0	15	4	5	3	5	7	3	4	4	4	0	0	6	4	2	4
chr2	850282	850329	48	7	0	48	25	23	4	2	1	2	1	4	1	2	3	0	1	0	1	0	1	2	4	0	1	1	2	4	0	1	1	2	0	1	1	2	1	0
chr2	850330	850370	41	7	0	41	21	20	4	1	0	2	0	3	1	2	2	0	1	0	1	0	1	2	3	0	1	1	2	4	0	1	1	2	0	1	0	2	1	0
chr2	850371	851009	639	7	0	639	319	320	15	16	23	17	18	23	45	20	24	20	32	18	14	4	13	17	28	16	2	17	30	16	3	36	20	24	5	27	28	29	4	33
chr2	851012	851121	110	7	0	110	62	48	3	5	6	4	2	3	4	7	8	4	1	2	4	1	4	3	4	4	1	3	4	5	0	5	1	3	0	2	7	2	1	5
chr2	851123	851146	24	7	0	24	13	11	1	0	0	1	0	0	0	2	1	0	5	1	0	0	0	0	0	0	0	0	2	0	0	1	0	0	0	0	0	3	0	5
chr2	851169	851476	308	7	0	308	123	185	2	4	6	5	9	20	24	9	5	8	17	4	1	3	4	2	12	13	2	8	19	21	2	23	18	20	2	9	12	11	0	11
chr2	851478	851531	54	7	0	54	28	26	1	2	1	2	1	3	2	2	4	2	2	0	0	2	3	0	0	3	3	3	2	0	1	3	1	1	0	0	4	2	0	2
chr2	851533	852525	993	7	0	993	505	488	35	22	29	29	29	77	50	48	23	22	33	23	27	22	15	20	83	31	9	19	42	33	8	45	42	37	5	32	37	27	6	31
chr2	852538	854188	1651	7	0	1651	824	827	77	42	73	40	46	61	92	45	72	39	74	47	37	21	24	32	57	50	18	38	79	71	22	85	50	58	8	58	59	78	14	82
chr2	854189	854231	43	7	0	43	28	15	9	1	1	1	0	1	2	2	3	0	1	3	2	0	0	0	0	1	0	1	1	1	0	2	1	0	1	0	3	2	1	1
chr2	854232	854871	640	7	0	640	341	299	26	12	22	26	18	20	32	26	21	14	41	19	21	16	14	13	24	15	7	16	29	21	2	27	18	22	2	20	25	22	1	46
chr2	854881	855208	328	7	0	328	191	137	29	13	20	14	11	12	8	11	21	6	4	7	15	5	6	8	18	8	4	6	10	11	6	13	5	8	3	6	9	14	1	14
chr2	855223	855349	127	7	0	127	71	56	4	2	5	9	6	4	5	5	6	3	3	6	3	1	2	6	4	3	1	2	4	2	2	7	5	4	2	1	7	5	1	5
chr2	855359	855519	161	7	0	161	95	66	12	6	6	8	7	11	3	6	10	1	4	6	3	3	2	6	10	3	3	4	6	2	1	5	4	2	2	2	8	7	2	4
chr2	855521	855562	42	7	0	42	22	20	4	1	4	0	2	1	1	0	3	3	1	0	0	0	0	0	2	3	1	0	2	0	1	4	0	0	0	0	1	4	0	2
chr2	855564	855794	231	7	0	231	99	132	6	7	7	1	6	11	14	3	4	8	11	5	5	3	7	1	7	10	2	10	14	24	2	13	3	10	0	7	10	10	0	8
chr2	855815	855902	88	7	0	88	44	44	1	5	2	1	4	9	5	2	1	4	2	1	3	1	2	0	10	3	2	4	5	3	0	2	1	1	0	4	4	3	0	1
chr2	855919	856202	284	7	0	284	202	82	41	7	15	20	14	5	9	6	10	4	5	8	17	12	11	16	14	3	0	11	3	1	0	4	6	1	0	11	11	3	0	14
chr2	856204	856247	44	7	0	44	30	14	4	1	2	4	2	1	0	2	3	0	1	1	3	4	0	1	1	2	2	1	2	0	0	1	0	0	0	0	2	1	0	1
chr2	856249	856703	455	7	0	455	283	172	44	7	23	33	17	9	20	11	17	6	15	9	29	5	17	21	12	3	0	12	8	14	0	18	24	10	0	22	12	13	0	22
chr2	856705	856742	38	7	0	38	18	20	1	1	1	0	1	4	2	0	1	0	4	0	0	1	1	0	3	0	2	0	0	0	0	1	4	1	0	3	1	0	0	4
chr2	856744	856959	216	7	0	216	103	113	8	6	6	5	7	10	11	8	6	6	12	4	4	4	1	3	6	7	6	8	13	6	3	10	9	9	1	7	9	10	4	5
chr2	856961	856992	32	7	0	32	17	15	0	0	2	0	1	2	1	2	0	0	0	1	1	2	1	3	1	2	0	1	4	1	0	0	1	0	0	3	0	1	0	0
chr2	856994	857082	89	7	0	89	45	44	0	0	2	0	2	7	4	11	0	0	0	7	0	4	0	8	4	6	0	0	11	2	0	0	6	0	0	6	2	5	0	0
chr2	857084	857125	42	7	0	42	22	20	0	0	1	0	1	3	2	3	0	0	0	2	0	4	1	5	2	3	0	1	5	1	0	0	2	0	0	2	0	2	0	0
chr2	857127	857466	340	7	0	340	145	195	6	5	9	6	10	13	29	12	9	9	14	11	1	7	3	1	17	9	2	5	21	14	2	23	17	20	5	15	9	17	5	12
chr2	857468	857501	34	7	0	34	18	16	1	0	1	2	0	1	2	1	2	0	2	2	1	0	2	1	0	0	0	1	1	0	0	2	0	2	0	3	3	1	0	1
chr2	857503	860283	2781	7	0	2781	1523	1258	186	74	102	116	89	120	135	91	96	60	102	76	107	43	47	79	139	64	24	70	102	105	23	129	80	82	17	87	113	108	14	99
chr2	860284	884813	24530	7	0	24530	11788	12742	1052	632	752	667	623	1145	1389	748	848	580	1220	495	579	316	357	384	935	748	341	649	1069	1200	346	1235	990	838	365	882	911	1064	216	952
chr2	884814	1221443	336630	8	0	336630	191731	144899	22662	9580	12731	14964	11460	12293	14962	12850	13243	6865	11678	8839	12572	7056	7383	12593	14861	8233	2660	10040	12439	10078	2469	12698	11028	8234	1995	9537	13236	11138	1772	14479
chr2	1221728	1221752	25	8	0	25	13	12	0	0	0	0	0	0	3	0	0	3	5	0	0	0	0	0	3	0	0	0	0	0	0	0	0	0	0	0	0	0	0	9
chr2	1221754	1221777	24	8	0	24	11	13	0	0	0	0	0	0	2	0	0	2	6	0	0	0	0	0	2	0	0	0	0	0	0	1	1	1	0	0	0	0	0	7
chr2	1221794	1221812	19	8	0	19	10	9	0	0	0	0	0	0	2	0	0	2	4	0	0	0	0	0	2	0	0	0	0	0	0	0	0	0	0	0	0	0	0	7
chr2	1221826	1221851	26	8	0	26	13	13	0	0	0	0	0	0	3	0	0	3	6	0	0	0	0	0	3	0	0	0	0	0	0	0	0	0	0	0	0	0	0	9
chr2	1221854	1221871	18	8	0	18	9	9	0	0	0	0	0	0	2	0	0	2	4	0	0	0	0	0	2	0	0	0	0	0	0	0	0	0	0	0	0	0	0	6
chr2	1221872	1221890	19	8	0	19	10	9	0	0	0	0	0	0	2	0	0	2	4	0	0	0	0	0	2	0	0	0	0	0	0	0	0	0	0	0	0	0	0	7
chr2	1221898	1221939	42	8	0	42	21	21	0	0	0	0	0	0	5	0	0	5	10	0	0	0	0	0	5	0	0	0	0	0	0	0	0	0	0	0	0	0	0	15
chr2	1221991	1222052	62	8	0	62	31	31	0	0	0	0	0	0	7	0	0	6	14	1	0	0	1	1	6	0	0	0	0	0	0	1	1	1	0	0	0	0	0	21
chr2	1222053	1222068	16	8	0	16	9	7	1	1	0	0	0	0	2	0	1	1	2	0	0	0	0	0	2	0	0	0	0	0	0	0	0	0	0	0	0	0	0	4
chr2	1222075	1222118	44	8	0	44	22	22	0	0	0	0	0	0	5	0	0	5	11	0	0	0	0	0	5	0	0	0	0	0	0	0	0	0	0	0	0	0	0	16
chr2	1222119	1222457	339	8	0	339	205	134	36	6	19	13	11	5	15	8	15	11	23	14	13	3	5	7	16	1	3	5	3	5	1	12	8	5	3	8	12	10	5	36
chr2	1222458	1222604	147	8	0	147	55	92	2	0	2	0	0	7	17	2	2	4	9	6	0	2	2	0	4	4	2	3	8	4	1	12	12	4	5	10	2	13	2	4
chr2	1222605	1222626	22	8	0	22	10	12	0	0	0	0	0	1	2	0	1	0	1	2	0	1	1	0	1	0	0	0	1	0	0	1	1	0	1	2	0	2	1	1
chr2	1222631	1222645	15	8	0	15	6	9	0	0	0	0	0	2	1	1	0	0	1	1	0	0	0	0	0	0	0	1	1	0	0	1	2	0	0	0	1	1	0	0
chr2	1222654	1222674	21	8	0	21	7	14	0	0	0	0	0	1	4	0	0	1	1	0	0	0	0	0	1	1	0	0	2	0	0	2	2	1	0	1	0	2	0	0
chr2	1222683	1222699	17	8	0	17	9	8	1	0	1	0	0	0	1	0	1	0	1	0	0	1	1	0	1	0	0	1	0	0	0	1	0	0	1	1	0	1	1	1
chr2	1222706	1222715	10	8	0	10	5	5	0	0	0	0	0	1	0	1	0	0	1	1	0	0	0	0	0	0	0	1	1	0	0	0	0	0	0	0	1	1	0	0
chr2	1222724	1222744	21	8	0	21	7	14	0	0	0	0	0	0	5	0	0	1	1	0	0	0	0	0	1	0	0	0	1	0	0	2	3	1	0	2	0	2	0	0
chr2	1222745	1222884	140	8	0	140	53	87	2	0	2	0	0	7	16	2	2	4	8	6	0	2	2	0	4	3	2	3	7	4	1	11	12	4	5	9	2	12	2	4
chr2	1222885	1222910	26	8	0	26	11	15	1	0	1	0	0	1	2	0	1	0	1	2	0	1	1	0	1	0	0	0	1	0	0	1	1	0	2	3	0	2	1	1
chr2	1222911	1222925	15	8	0	15	6	9	0	0	0	0	0	2	1	1	0	0	1	1	0	0	0	0	0	0	0	1	1	0	0	1	2	0	0	0	1	1	0	0
chr2	1222926	1222949	24	8	0	24	7	17	0	0	0	0	0	0	4	0	0	2	1	0	0	0	0	0	1	0	1	0	1	1	0	3	2	1	1	1	0	2	0	1
chr2	1222955	1222982	28	8	0	28	13	15	1	0	1	0	0	2	2	0	1	0	1	2	0	1	1	0	1	1	0	1	2	0	0	1	1	0	1	2	0	2	1	1
chr2	1222983	1223024	42	8	0	42	14	28	0	0	0	0	0	1	6	1	0	2	3	1	0	0	0	0	1	0	1	1	2	2	0	4	4	2	1	2	1	4	0	1
chr2	1223025	1223052	28	8	0	28	13	15	1	0	1	0	0	2	2	0	1	0	1	2	0	1	1	0	1	1	0	1	2	0	0	1	1	0	1	2	0	2	1	1
chr2	1223053	1223069	17	8	0	17	6	11	0	0	0	0	0	1	1	1	0	0	1	1	0	0	0	0	0	0	1	1	1	1	0	1	1	1	1	0	1	1	0	0
chr2	1223070	1223134	65	8	0	65	25	40	1	0	1	0	0	3	8	1	1	1	4	3	0	1	1	0	2	2	0	1	3	1	1	5	6	1	2	5	1	6	1	1
chr2	1223144	1223164	21	8	0	21	7	14	0	0	0	0	0	0	5	0	0	1	1	0	0	0	0	0	1	0	0	0	1	0	0	2	3	1	0	2	0	2	0	0
chr2	1223165	1223188	24	8	0	24	11	13	1	0	1	0	0	1	2	0	1	0	1	2	0	1	1	0	1	0	0	0	1	0	0	1	1	0	1	2	0	2	1	1
chr2	1223189	1223260	72	8	0	72	28	44	1	0	1	0	0	4	8	1	1	2	4	3	0	1	1	0	2	2	1	2	4	2	0	6	6	2	2	4	1	6	1	2
chr2	1223262	1223274	13	8	0	13	6	7	0	0	0	0	0	1	1	1	0	0	1	1	0	0	0	0	0	0	0	1	1	0	0	0	2	0	0	0	1	1	0	0
chr2	1223284	1223304	21	8	0	21	7	14	0	0	0	0	0	0	5	0	0	1	1	0	0	0	0	0	1	0	0	0	1	0	0	2	3	1	0	2	0	2	0	0
chr2	1223314	1223326	13	8	0	13	6	7	0	0	0	0	0	0	1	0	1	0	1	0	0	1	1	0	1	0	0	0	0	0	0	1	0	0	1	1	0	1	0	1
chr2	1223332	1229315	5984	8	0	5984	3006	2978	284	166	202	183	163	275	349	185	213	151	253	129	175	84	89	104	246	179	86	165	275	202	77	275	233	201	70	222	218	247	50	231
chr2	1229316	1304727	75412	8	0	75412	42274	33138	4748	2068	2831	3351	2500	2910	3434	2865	3034	1581	2687	1935	2716	1479	1570	2563	3264	1875	668	2231	2857	2261	643	2822	2590	1936	525	2229	2998	2511	486	3242
chr2	1304728	1455727	151000	7	0	151000	83219	67781	9679	4172	5820	6262	5287	5251	7327	5828	6130	3318	5485	3819	4837	2729	2971	4303	6283	3606	1116	4465	6251	5024	1178	6011	5197	4218	937	4742	5961	5616	789	6386
chr2	1455728	1641727	186000	6	0	186000	91942	94058	8635	4709	5632	5514	6079	9028	10156	5664	5805	4279	7824	4489	3971	2953	3069	4135	8580	5479	1877	5033	8567	9720	2349	8404	7476	6195	1878	6101	6302	7646	1306	7143
chr2	1641728	1833727	192000	5	0	192000	95745	96255	9427	4868	6286	5766	5619	8101	10699	5965	6505	4540	8479	4394	4796	2850	3517	3931	7741	5583	1866	5169	8755	8694	2548	8879	7083	6858	2155	7006	6805	7741	1445	7927
chr2	1833728	1912727	79000	6	0	79000	41471	37529	4814	1906	2950	2867	2524	2826	4067	2618	2922	1782	3252	1895	2277	1412	1537	1822	3107	1987	748	2084	3298	3027	893	3504	2842	2657	770	2760	2788	3051	553	3458
chr2	1912728	1997727	85000	7	0	85000	46339	38661	5020	2233	3119	3324	2644	3106	4186	3089	3318	1818	3332	2255	2714	1599	1963	2618	3479	2085	742	2449	3282	2739	746	3641	2954	2493	599	2728	3311	3091	539	3782
chr2	1997728	2193727	196000	8	0	196000	110650	85350	12703	5564	7695	8586	6752	6954	8638	7783	7932	3876	7286	5037	7161	3857	4284	6542	8478	4619	1510	5644	7368	5775	1353	7749	6787	5053	1241	5640	7494	6798	970	8869
chr2	2193728	2768727	575000	9	0	575000	321699	253301	36491	15503	21980	24524	19851	21044	26784	21512	22429	12315	21532	14555	19727	11226	12707	19518	24910	14252	3892	17034	22890	18034	3842	22611	19072	15094	3059	17779	22319	19997	2937	25578
chr2	2768728	2986727	218000	8	0	218000	117635	100365	12305	5695	8064	8112	7219	8628	10704	8456	8253	4780	8515	5445	6399	3953	4395	6711	9393	5752	1589	6322	9243	7958	1635	9183	7680	6450	1310	6856	8691	7859	1126	9317
chr2	2986728	3126727	140000	7	0	140000	77748	62252	9055	3790	5205	5870	4949	5247	6333	5275	5454	2942	5253	3558	4462	2672	2971	4711	6144	3597	1013	3897	5663	4595	1063	5637	4697	3769	898	4070	5300	4997	754	6157
chr2	3126728	3139780	13053	6	0	13053	6653	6400	641	307	405	405	365	752	710	539	458	306	486	308	294	192	180	304	716	351	143	347	593	531	136	518	529	415	98	464	528	481	97	452
chr2	3139782	3313728	173947	6	0	173947	88226	85721	8585	4238	5971	5491	5281	7786	9216	5981	6006	4067	7190	4177	4413	2758	3246	3819	7273	4727	1907	4943	8049	7211	2070	7507	6545	6183	1720	6145	6397	6716	1299	7028
chr2	3313729	3490728	177000	5	0	177000	92170	84830	10028	4457	6257	6084	5330	7157	9336	5693	6256	3887	6850	4427	5213	3357	3464	4372	6971	4932	1841	5114	7618	7134	2081	7474	6362	5894	1876	6112	6565	6347	1302	7207
chr2	3490729	3525541	34813	4	0	34813	18716	16097	2147	1004	1271	1246	1173	1309	1709	1172	1272	746	1384	829	1076	699	718	961	1519	877	309	1052	1372	1167	390	1386	1172	1111	378	1131	1300	1159	259	1513
chr2	3531723	3668909	137187	4	0	137187	69493	67694	7865	3491	4675	4234	4216	5465	7093	4276	4588	3111	5719	3160	3596	2384	2514	3106	5240	3809	1568	3833	6053	5948	2122	5944	4835	5197	1703	4863	4922	5113	1181	5361
chr2	3668910	3747909	79000	5	0	79000	43382	35618	4923	2231	2818	3269	2807	2695	3567	2968	2884	1722	3094	2047	2627	1480	1778	2471	3163	2058	614	2292	3406	2875	640	3156	2489	2241	533	2403	2979	2903	459	3406
chr2	3747910	3834909	87000	6	0	87000	48856	38144	5750	2430	3497	3649	3226	3126	3977	3307	3512	1819	3156	2241	2837	1673	1909	2745	3777	2058	619	2594	3339	2478	588	3413	3036	2219	498	2797	3485	3063	445	3735
chr2	3834910	3960909	126000	7	0	126000	71836	54164	8892	3691	4950	5576	4640	4169	5642	4650	5235	2523	4416	3173	4342	2520	2947	4469	5195	3210	793	3705	4932	3842	759	4844	3995	3115	556	3869	4979	4210	622	5537
chr2	3960910	4040958	80049	8	0	80049	46252	33797	5426	2252	3078	3801	2948	2912	3508	3139	3229	1616	2749	2093	2953	1675	1923	2949	3586	1862	515	2492	3095	2285	353	2857	2575	1831	294	2364	3251	2612	280	3544
chr2	4040959	4102908	61950	8	0	61950	35810	26140	4177	1762	2485	2871	2280	2047	2614	2479	2487	1267	2153	1716	2351	1306	1511	2304	2589	1494	397	1902	2411	1734	308	2295	1954	1439	222	1771	2465	2081	281	2795
chr2	4102909	4131356	28448	9	0	28448	16805	11643	2076	841	1266	1429	1099	827	1127	1097	1255	534	934	736	1181	605	699	1097	1180	637	141	849	1004	742	153	1038	871	606	114	849	1095	952	122	1290
chr2	4131358	4372909	241552	9	0	241552	150414	91138	20171	7382	9957	13853	9481	6650	8737	9771	10101	4371	7089	6507	11610	5804	6382	12547	10349	5053	1079	7725	7823	4828	799	7447	6824	4274	719	6149	9643	6742	839	10844
chr2	4372910	4971198	598289	10	0	598289	370488	227801	49295	17986	24653	34173	23513	17309	21392	24168	25343	10808	18230	16330	27956	14412	15676	29243	26177	12226	2871	19241	19419	12115	2243	18439	16560	10837	1909	15052	24225	17038	2229	27219
chr2	4978656	5099366	120711	10	0	120711	73901	46810	9588	3498	4953	6659	4535	3569	4408	4754	4974	2259	3753	3288	5602	3046	3311	5703	5098	2599	649	4025	3974	2607	495	3938	3304	2277	434	3135	4890	3531	526	5327
chr2	5099367	5133366	34000	9	0	34000	21315	12685	2766	1090	1472	1994	1406	874	1189	1397	1422	632	983	877	1728	856	902	1726	1525	707	131	1089	1088	675	99	1030	915	582	56	873	1339	928	94	1553
chr2	5133367	5444148	310782	10	0	310782	190486	120296	25039	9260	12710	17030	11791	9305	11597	12649	12932	5745	9590	8549	14277	7300	7849	14862	13472	6642	1669	9828	10373	6429	1334	9662	8941	5894	1156	8079	12556	8832	1251	14177
chr2	5444150	5581367	137218	10	0	137218	79957	57261	10001	3858	5477	6460	5041	4755	5738	5190	5520	2641	4835	3671	5234	2974	3245	5317	5947	3221	779	4280	5099	3490	802	4970	4223	3220	653	3908	5455	4429	646	6137
chr2	5581368	5665367	84000	9	0	84000	50341	33659	6394	2509	3544	4289	3258	2500	3272	3382	3624	1622	2736	2255	3461	1880	2108	3505	3599	1758	474	2680	2967	1945	338	2851	2439	1764	325	2282	3407	2634	349	3847
chr2	5665368	6712367	1047000	10	0	1047000	626687	420313	80580	30551	43363	53689	39879	31795	41273	40663	43992	20014	34612	28147	43731	23513	26513	44371	44627	22731	5666	32849	36407	24926	4959	35588	30713	21844	4167	29070	41863	32379	4269	48254
chr2	6712368	6732267	19900	9	0	19900	11810	8090	1396	557	876	1076	772	561	822	787	904	395	697	537	833	388	492	716	753	440	83	625	691	498	65	719	623	413	63	583	875	622	77	959
chr2	6732269	6839368	107100	9	0	107100	61243	45857	7112	2983	4372	4760	3828	3877	4492	4206	4364	2162	4038	2785	3922	2101	2536	3703	4743	2513	653	3214	3973	3126	608	4110	3508	2484	460	3116	4180	3694	477	4998
chr2	6839369	7153368	314000	8	0	314000	177949	136051	20936	8990	12773	13507	11318	10171	14261	11574	12629	6347	11263	8236	11323	6344	7518	10759	12811	7505	1904	9632	12264	9389	1978	12320	10239	8217	1681	9634	12010	10839	1397	14229
chr2	7153369	7693368	540000	9	0	540000	323853	216147	41016	15779	22545	27763	20657	16182	21235	21645	22966	10076	18159	15247	22464	11961	13757	22400	22497	11793	2600	17108	19025	12676	2135	18368	15967	11054	1818	14657	22230	16681	1974	25563
chr2	7693369	8002888	309520	8	0	309520	182103	127417	22370	8803	12921	15218	11708	9567	12818	12005	13012	6062	10657	8332	12223	6761	7625	12019	13009	6988	1622	9574	11425	7975	1345	11194	9313	6943	1133	8833	12352	10033	1258	14420
chr2	8002890	8047369	44480	8	0	44480	24699	19781	2592	1149	1748	1847	1585	1541	2077	1776	1715	958	1730	1209	1444	772	962	1594	1770	1053	262	1335	1898	1451	258	1745	1472	1234	224	1466	1839	1615	186	1971
chr2	8047370	8240369	193000	7	0	193000	113211	79789	14230	5701	7921	9182	7386	6289	7970	7401	8118	3770	6682	5162	7299	3936	4744	7419	8211	4360	1074	6051	7083	4869	949	6901	5916	4361	782	5499	7836	6213	817	8866
chr2	8240370	8353369	113000	6	0	113000	62661	50339	6850	3153	4603	4693	4097	3769	5325	4149	4487	2326	4318	3046	3864	2078	2580	3322	4355	2844	697	3430	4734	3738	607	4708	3729	3194	481	3644	4522	4012	599	5044
chr2	8353370	8432369	79000	5	0	79000	43837	35163	4920	2194	3132	3263	2826	2777	3701	2962	3180	1640	2955	2029	2583	1521	1724	2428	3228	2005	523	2376	3347	2608	451	3227	2581	2197	396	2420	3110	2823	382	3489
chr2	8432370	8532369	1e+05	4	0	1e+05	52699	47301	5377	2562	3943	3547	3328	3684	5181	3555	3816	2218	3946	2382	2908	1762	2019	2469	3855	2755	716	2901	4540	3969	800	4483	3623	3188	638	3471	3730	3880	518	4234
chr2	8532370	8895369	363000	3	0	363000	201658	161342	24031	10026	14071	15082	12228	12537	16638	12592	13685	7451	13393	8966	13266	7288	8126	12278	14463	9021	2589	11229	14456	12546	3094	14566	11305	10596	2601	11379	13771	12500	2170	15054
chr2	8895370	8926884	31515	2	0	31515	18818	12697	2534	1031	1374	1480	1280	903	1297	1043	1306	632	980	853	1300	770	876	1158	1306	754	157	1118	1089	748	143	1126	884	633	101	866	1244	971	139	1417
chr2	8926886	9002370	75485	2	0	75485	45507	29978	5978	2313	3143	3797	2888	2311	2980	2898	3066	1410	2311	2095	3299	1934	2053	3030	3296	1672	413	2587	2660	1669	318	2460	2163	1545	254	2058	2958	2222	319	3383
chr2	9002371	9349370	347000	1	0	347000	189984	157016	22508	9552	13186	13687	12235	12254	16430	11641	12875	7117	13361	8754	11314	6944	7868	10256	13751	9044	2465	10608	14605	11824	2943	14209	11166	10601	2541	11152	13038	12112	2081	14876
chr2	9349371	9632370	283000	2	0	283000	159642	123358	21102	8175	10647	11776	9959	9475	12894	9181	10012	5585	10435	7118	10627	6504	7018	9133	10927	7230	1974	9608	11106	7989	2398	11005	8582	8385	2188	8815	10894	8894	1796	11566
chr2	9632371	9972035	339665	1	0	339665	183939	155726	21700	9169	12737	12840	11690	11509	16732	11243	12270	7325	13723	8354	10786	6655	7794	9411	12953	8823	2263	10619	14507	12022	2876	14458	10945	10899	2480	11207	12769	12119	2083	14702
chr2	9972037	10010086	38050	1	0	38050	20831	17219	2449	1062	1440	1431	1257	1340	1894	1230	1408	806	1430	962	1268	807	806	1241	1509	970	324	1212	1567	1229	358	1532	1202	1152	289	1267	1443	1335	269	1559
chr2	10010088	10160426	150339	1	0	150339	74281	76058	8333	3560	4813	4438	4639	5959	8162	4316	4530	3460	6628	3249	3642	2628	2921	3003	5159	4479	1546	4423	7219	6783	2207	7023	5339	6339	2236	5436	5357	5631	1237	5642
chr2	10160428	10521373	360946	1	0	360946	175155	185791	16521	8092	12265	9866	10814	15140	20541	11217	11778	8299	16448	7888	7631	5393	6223	7039	13345	10764	3139	9676	18108	17750	4724	17828	13342	15425	3710	13565	12917	14470	2619	14407
chr2	10521374	11097373	576000	2	0	576000	308621	267379	36580	15225	21171	21242	19553	20688	28713	18606	20466	12185	23307	13842	17619	10950	12289	16184	22218	15371	4176	17283	24936	21342	5438	24847	19081	19225	4501	19159	21325	20624	3661	24191
chr2	11097374	11837373	740000	1	0	740000	410305	329695	49880	20409	28021	30807	25905	24898	34436	25264	27421	15383	27956	18449	25912	15199	16885	23478	28814	18756	5344	22975	30187	24050	6428	29601	23396	22276	5393	23265	28106	25184	4463	31457
chr2	11837374	11938373	101000	2	0	101000	55517	45483	6051	2776	4029	4035	3781	3404	4797	3760	3903	2152	3951	2705	3156	1900	2294	2822	3883	2642	507	3200	4404	3407	566	4284	3387	2875	455	3161	4068	3737	480	4426
chr2	11938374	12039373	101000	3	0	101000	59451	41549	7383	2938	4182	4893	3918	3027	4106	4047	4191	1988	3421	2800	3904	2182	2521	3948	4043	2457	504	3131	3873	2640	416	3653	2948	2273	315	2896	4234	3212	403	4551
chr2	12039374	12141373	102000	4	0	102000	58984	43016	6768	2838	4145	4665	3846	3264	4316	4112	4126	2041	3674	2780	3677	2164	2457	4109	4083	2471	531	3222	4028	2867	479	3726	3222	2372	346	3048	4205	3390	430	4596
chr2	12141374	12249373	108000	5	0	108000	64300	43700	7950	3213	4454	5475	4124	3264	4402	4218	4655	2065	3716	3074	4363	2305	2767	4255	4597	2351	490	3409	3883	2660	401	3807	3138	2195	319	2939	4390	3545	390	5184
chr2	12249374	12363373	114000	6	0	114000	68567	45433	8574	3383	4782	5964	4507	3289	4470	4522	4829	2212	3795	3212	4793	2561	3001	4672	4718	2513	528	3685	4023	2571	402	3956	3223	2330	302	3133	4824	3538	412	5274
chr2	12363374	12518373	155000	7	0	155000	94316	60684	11819	4598	6369	8189	5869	4465	5864	6235	6464	2950	5166	4208	6824	3595	4133	7566	6585	3291	722	5010	5256	3408	560	5159	4408	3054	473	3969	6184	4630	581	7394
chr2	12518374	12975373	457000	8	0	457000	271781	185219	33937	13288	19268	23074	17549	13510	18087	17666	19225	8911	15423	12341	18856	10156	12003	18485	18651	10316	2235	14663	16297	11101	2088	16226	13363	9983	1742	12654	18501	14312	1849	21238
chr2	12975374	12985351	9978	9	0	9978	6243	3735	825	304	425	566	396	254	347	421	437	184	305	261	461	270	264	521	421	217	37	337	313	189	29	321	267	176	21	220	417	270	37	463
chr2	12985353	13181374	196022	9	0	196022	124705	71317	16936	5969	8328	12104	7878	5053	6469	7802	8515	3454	5576	5353	10008	4894	5435	10931	8388	3832	786	6363	5990	3606	541	5803	4875	3134	452	4647	7949	5368	586	8995
chr2	13181375	14193754	1012380	10	0	1012380	655336	357044	92237	31674	41498	65499	41094	25565	31926	41594	42881	16924	26393	28590	54696	26316	28812	59635	44099	19263	3862	33255	29851	16954	2604	27220	25232	15090	2203	22623	40997	25322	2937	45532
chr2	14193756	14208375	14620	10	0	14620	9242	5378	1347	433	617	892	541	387	507	536	670	262	422	393	730	350	395	759	586	285	61	500	452	310	53	443	359	222	34	325	574	442	58	673
chr2	14208376	14467375	259000	9	0	259000	161908	97092	21370	7988	10932	14952	10448	7025	9125	10276	11035	4598	7801	7291	12389	6479	7244	12954	11120	5394	966	8610	8287	5197	682	8044	6769	4396	497	6404	10697	7223	761	12044
chr2	14467376	14679375	212000	8	0	212000	129373	82627	16756	6414	8803	11543	8371	5759	7862	8288	8879	3827	6819	6004	9510	5016	5980	9541	8656	4560	886	6914	7198	4708	852	6957	5738	4163	709	5756	8688	6284	721	9836
chr2	14679376	14768375	89000	9	0	89000	53185	35815	6194	2663	3743	4450	3462	2870	3504	3615	3735	1718	3057	2465	3660	1966	2368	3714	3833	1952	389	3043	3182	2053	256	3072	2679	1801	208	2371	3757	2757	275	4186
chr2	14768376	15482375	714000	8	0	714000	430907	283093	55858	21556	29973	36911	27724	20642	27845	27406	29835	13357	23103	19360	30881	16754	19104	30597	29746	15780	3123	23660	24829	16644	2791	24349	20343	14550	2267	19356	28700	21639	2655	32660
chr2	15482376	15835375	353000	7	0	353000	197254	155746	23220	9553	13919	14936	12447	11480	15989	12436	13480	7295	13601	8872	12481	7331	8394	11820	13624	8833	2121	11081	14357	11775	2518	14502	10700	10096	1937	10953	13671	12447	1762	15367
chr2	15835376	15889883	54508	6	0	54508	30736	23772	3894	1517	1997	2337	2028	1873	2398	2001	1951	1009	2129	1443	1872	1113	1286	1887	2179	1379	316	1638	2301	1719	322	2129	1698	1581	284	1693	2122	1792	268	2350
chr2	15889885	15920048	30164	6	0	30164	17326	12838	2262	813	1188	1385	1126	933	1371	997	1211	577	1176	729	1049	647	719	1143	1146	719	167	938	1201	819	174	1107	918	832	149	973	1161	930	166	1436
chr2	15920050	16130377	210328	6	0	210328	112133	98195	12582	5468	8154	7607	7469	7474	10353	7024	7855	4636	8967	5140	5905	3763	4640	5095	8271	5584	1321	6165	9102	7722	1742	9415	6946	6866	1458	7004	8001	7808	1259	9530
chr2	16130378	16139602	9225	7	0	9225	5114	4111	566	237	358	353	293	378	406	346	331	211	343	226	324	197	214	331	408	268	56	291	367	302	58	405	296	251	63	234	352	312	55	391
chr2	16148457	16686131	537675	7	0	537675	309087	228588	36476	14993	22261	24069	20253	17439	23613	20299	21595	11140	19670	14639	19476	11007	13138	19017	22146	12664	2585	17184	20809	15155	2559	20379	16688	13279	2082	16013	21961	17804	2174	25106
chr2	16686135	16704232	18098	7	0	18098	11761	6337	1760	559	719	1216	720	447	561	709	758	279	484	533	1017	451	486	1060	736	328	64	608	537	333	58	495	431	273	41	379	734	489	63	768
chr2	16704233	16897232	193000	6	0	193000	114149	78851	13708	5567	8168	9549	7410	5833	7911	7507	8060	3811	6671	5402	7814	4335	4891	7512	8040	4367	820	6319	6954	5019	708	7061	5704	4137	577	5200	7962	6219	701	9061
chr2	16897233	17016232	119000	7	0	119000	73543	45457	9450	3564	5197	6693	4795	3231	4399	4607	5106	2249	3629	3369	5553	2842	3295	5563	4917	2533	394	4042	4040	2440	298	3857	3164	2188	238	2992	4911	3473	340	5629
chr2	17016233	17671232	655000	8	0	655000	404131	250869	52889	19639	28109	36771	25571	17627	24079	25756	28328	11792	20323	18294	30620	15456	18283	30593	26678	13725	2363	21748	21642	13930	1960	21480	17981	12147	1646	16830	26732	19210	2061	30735
chr2	17671233	17954278	283046	7	0	283046	169933	113113	22426	8409	11963	14284	10693	8212	11090	10433	11480	5258	9211	7574	12483	6817	7615	11983	11435	6430	1282	9549	10066	6767	1260	9924	7926	6107	1119	7724	11002	8713	1127	12682
chr2	17954280	17958233	3954	7	0	3954	2303	1651	296	103	138	191	147	125	181	147	143	96	150	103	142	85	114	141	158	103	13	135	143	99	21	136	131	76	18	125	169	120	16	187
chr2	17958234	18245233	287000	8	0	287000	172361	114639	21881	8440	12251	14733	11352	8188	11386	11361	12192	5541	9410	8183	11881	6296	7664	11601	11805	6391	1052	9217	10457	6942	795	9944	8417	5764	736	7793	11608	9041	919	13757
chr2	18245234	18426233	181000	7	0	181000	112501	68499	14281	5466	7511	10053	6922	4942	6596	7282	7527	3165	5453	4947	8581	4651	5214	9910	7620	3723	656	6225	6012	3682	509	5663	4895	3321	441	4659	7215	5141	508	8227
chr2	18426234	18663233	237000	6	0	237000	143647	93353	18149	7227	10190	12385	9207	6462	9074	9334	10243	4525	7700	6586	10352	5281	6491	10439	9739	5066	958	7732	8186	5460	788	8102	6531	4727	695	6315	9621	7283	843	11307
chr2	18663234	18789233	126000	5	0	126000	78773	47227	10479	3961	5280	7125	5018	3450	4513	5058	5349	2220	3655	3524	5999	3040	3412	6689	5413	2615	475	4168	4155	2568	339	3793	3358	2158	284	3152	5113	3514	374	5747
chr2	18789234	18932737	143504	4	0	143504	87442	56062	11040	4228	5988	7599	5543	4352	5429	5828	6002	2606	4719	3912	6270	3411	3768	6747	6217	3090	545	4745	4896	3168	434	4694	4095	2747	379	3811	5943	4186	456	6654
chr2	18932756	18934790	2035	4	0	2035	1185	850	134	57	80	110	77	55	88	79	76	27	79	47	94	65	55	62	71	45	6	81	80	42	10	73	74	61	12	65	74	57	14	83
chr2	18934791	18936988	2198	4	0	2198	1389	809	184	58	82	132	80	56	81	101	93	44	66	70	98	50	76	116	83	49	9	67	61	38	1	68	64	31	3	62	110	50	5	108
chr2	18937001	18939314	2314	4	0	2314	1539	775	221	85	85	152	99	46	68	86	87	31	76	65	137	62	52	185	105	41	7	71	55	27	12	64	40	41	9	44	99	49	8	103
chr2	18939315	18942136	2822	4	0	2822	1791	1031	224	100	131	177	120	66	94	121	144	42	86	88	144	58	86	108	107	48	15	97	75	43	4	78	73	43	4	84	147	66	9	138
chr2	18942137	18945544	3408	4	0	3408	2278	1130	348	105	134	242	145	82	80	159	135	52	79	115	202	87	104	207	142	61	16	107	88	47	7	89	77	44	6	65	159	79	7	136
chr2	18945545	18945619	75	4	0	75	70	5	13	0	1	7	1	0	0	2	1	0	1	1	6	1	0	35	1	0	0	0	0	0	0	0	0	0	0	0	1	0	0	2
chr2	18945621	18946989	1369	4	0	1369	806	563	131	37	41	73	34	46	55	41	42	26	46	33	75	24	36	65	45	37	14	37	47	42	13	51	39	41	14	36	45	33	13	55
chr2	18946996	18947924	929	4	0	929	663	266	121	36	31	79	39	17	23	28	39	9	19	20	68	32	35	65	45	14	3	32	18	7	2	16	16	8	2	16	28	14	1	44
chr2	18947925	18947951	27	4	0	27	13	14	2	0	1	0	0	1	3	1	1	2	1	1	0	0	0	0	1	1	0	1	1	1	0	2	0	0	0	0	2	2	0	1
chr2	18947953	18949330	1378	4	0	1378	974	404	165	45	50	114	48	33	35	49	57	21	26	33	105	40	45	106	68	24	2	46	32	13	1	31	22	12	1	15	43	28	2	64
chr2	18949331	18951860	2530	4	0	2530	1367	1163	184	64	93	101	85	87	123	62	89	40	116	65	84	51	49	72	79	58	22	83	106	87	32	98	83	84	27	94	89	94	21	106
chr2	18951861	18952530	670	4	0	670	455	215	48	20	12	55	23	16	13	34	20	10	13	23	42	26	36	62	31	15	7	19	18	7	0	20	15	8	1	8	22	15	2	27
chr2	18952531	18962221	9691	4	0	9691	6214	3477	861	293	427	609	431	239	287	439	410	153	251	276	488	270	286	492	440	190	31	294	301	150	21	280	278	157	11	234	377	255	15	443
chr2	18962222	18970583	8362	3	0	8362	5337	3025	731	277	314	518	352	201	285	374	349	157	204	245	408	205	228	489	377	179	28	255	280	166	22	222	213	123	17	187	342	222	23	367
chr2	18970586	18974455	3870	3	0	3870	2442	1428	280	134	174	228	168	121	136	147	166	90	90	97	202	99	117	192	205	80	21	139	106	57	6	120	99	49	7	95	162	103	16	162
chr2	18974457	18974487	31	3	0	31	16	15	0	1	1	0	0	3	2	1	1	1	0	1	1	1	2	0	2	1	0	3	2	0	0	1	1	0	0	0	1	2	0	1
chr2	18974489	18974968	480	3	0	480	290	190	29	18	18	28	17	16	19	23	27	10	19	7	20	10	11	17	19	16	0	19	20	11	2	13	12	8	0	6	24	10	0	29
chr2	18974969	18979508	4540	3	0	4540	2833	1707	372	143	191	281	191	126	151	199	181	86	124	116	243	109	108	212	196	94	31	143	161	77	18	121	126	102	9	120	184	105	28	190
chr2	18979509	18988147	8639	3	0	8639	5562	3077	789	293	327	548	350	209	292	365	356	157	229	237	462	238	242	468	378	160	39	320	263	134	22	240	212	136	24	168	361	229	27	362
chr2	18988148	18990020	1873	3	0	1873	1204	669	190	54	86	117	72	61	67	72	84	32	64	41	102	33	37	90	90	30	3	57	57	28	0	43	43	25	6	66	82	45	5	89
chr2	18990025	18992290	2266	3	0	2266	1394	872	193	78	99	120	102	57	76	101	98	41	61	60	97	46	52	113	91	41	4	84	93	65	4	66	68	48	1	45	84	74	9	93
chr2	18992292	18995372	3081	3	0	3081	1961	1120	216	87	120	198	113	88	108	130	107	52	93	88	184	75	75	226	140	65	6	91	92	69	4	95	80	52	4	81	127	74	10	129
chr2	18995374	19006932	11559	3	0	11559	6630	4929	761	289	531	536	435	338	468	429	527	241	486	309	393	231	282	372	429	262	42	366	412	355	42	522	325	248	32	331	505	466	44	548
chr2	19006933	19009000	2068	3	0	2068	1249	819	175	55	75	121	73	74	63	70	73	27	82	60	104	46	57	93	79	56	10	57	90	60	7	71	44	39	7	56	67	74	8	93
chr2	19009001	19012646	3646	3	0	3646	2208	1438	254	117	162	183	138	96	141	141	156	66	121	106	168	88	122	148	127	84	7	149	147	73	9	116	96	73	4	103	147	116	8	178
chr2	19012648	19012687	40	3	0	40	22	18	1	3	1	1	3	2	2	2	1	1	0	1	1	0	1	2	4	1	0	1	1	2	0	2	1	0	0	1	2	1	0	0
chr2	19012689	19013996	1308	3	0	1308	799	509	102	31	63	72	49	32	42	56	60	27	50	31	58	27	38	59	40	21	4	52	51	27	6	41	30	32	0	36	58	45	2	64
chr2	19014015	19014200	186	3	0	186	116	70	11	7	4	10	10	18	3	6	5	4	3	3	6	10	7	7	26	3	3	8	4	4	0	3	3	1	0	0	4	3	1	7
chr2	19014226	19019213	4988	3	0	4988	3051	1937	402	169	192	272	241	130	167	207	215	92	147	171	178	104	148	214	232	102	21	140	189	104	17	143	135	87	18	124	189	160	28	248
chr2	19019215	19019252	38	3	0	38	24	14	2	1	2	2	2	1	0	3	3	1	1	0	0	0	1	3	2	0	0	1	2	1	0	1	0	1	0	1	2	2	0	1
chr2	19019254	19021932	2679	3	0	2679	1421	1258	184	90	114	75	100	77	156	70	115	66	115	57	64	31	63	44	86	76	11	91	117	111	18	103	98	67	13	112	102	96	14	141
chr2	19021934	19022026	93	3	0	93	49	44	3	2	4	4	3	6	2	7	4	1	2	3	3	1	0	2	6	4	0	1	5	4	1	5	2	3	1	2	5	4	0	1
chr2	19022028	19022984	957	3	0	957	577	380	89	33	54	35	31	28	37	39	54	24	30	21	37	13	17	35	42	24	3	28	34	20	6	32	16	13	3	28	42	35	2	50
chr2	19022991	19023378	388	3	0	388	254	134	48	10	13	23	13	8	14	21	15	8	9	13	17	6	8	27	12	6	2	12	12	10	0	8	14	5	0	7	18	10	0	17
chr2	19023380	19023405	26	3	0	26	13	13	1	1	1	1	1	2	0	1	2	0	2	0	0	0	0	0	0	1	0	1	2	0	0	2	0	1	0	1	2	2	0	0
chr2	19023407	19024615	1209	3	0	1209	746	463	82	38	43	60	46	34	38	73	49	22	38	49	46	23	36	68	51	22	4	40	47	24	3	30	38	24	2	20	55	34	3	65
chr2	19024620	19024754	135	3	0	135	64	71	4	4	7	2	4	4	6	1	7	3	12	1	2	4	2	0	5	3	5	2	3	5	3	8	3	5	1	3	4	6	1	13
chr2	19024756	19025107	352	3	0	352	205	147	28	12	10	16	17	16	17	11	16	9	14	15	6	3	5	8	21	9	2	8	8	8	4	11	8	4	0	10	24	10	2	18
chr2	19025113	19025454	342	3	0	342	205	137	35	9	17	14	19	9	12	12	13	8	15	6	8	6	8	14	16	3	0	13	10	6	2	11	13	11	1	7	12	8	1	21
chr2	19025455	19029468	4014	3	0	4014	2393	1621	304	139	159	203	152	107	170	148	174	80	125	119	175	81	106	150	166	90	22	129	131	107	21	149	107	82	20	97	173	130	11	185
chr2	19029470	19034823	5354	3	0	5354	3248	2106	399	161	213	278	208	147	213	218	240	92	162	164	204	125	152	271	208	117	25	175	195	122	15	184	167	99	9	131	216	177	15	250
chr2	19034825	19034852	28	3	0	28	17	11	1	0	2	1	1	0	2	1	2	1	1	1	1	0	0	1	0	0	0	1	1	0	0	1	0	1	0	1	3	1	0	2
chr2	19034854	19040665	5812	3	0	5812	3390	2422	377	148	259	278	227	168	252	245	250	145	211	146	208	120	155	201	232	123	21	204	225	138	19	195	189	127	14	182	246	189	20	296
chr2	19040666	19044288	3623	3	0	3623	2114	1509	224	114	152	188	163	105	152	114	141	73	150	86	148	73	85	144	153	78	11	123	128	113	12	143	111	75	8	104	142	130	9	169
chr2	19044289	19053566	9278	3	0	9278	5706	3572	784	284	386	504	337	245	322	366	413	162	304	256	423	219	254	446	365	203	48	294	316	223	34	311	221	162	31	228	368	297	37	433
chr2	19053567	19054120	554	3	0	554	380	174	49	11	15	32	21	19	9	30	19	5	9	21	18	18	18	84	25	10	1	17	22	8	1	9	12	7	0	7	20	15	2	18
chr2	19054121	19269738	215618	3	0	215618	130626	84992	16568	6623	8997	11158	8649	6343	8450	8680	9111	4010	6785	6111	9019	4938	5744	9439	9352	4797	755	7010	7696	4865	602	7205	6188	4233	502	5769	8885	6473	667	9992
chr2	19269739	19493738	224000	4	0	224000	133062	90938	16752	6721	9592	11209	8847	6420	8673	8352	9489	4234	7477	5978	9186	4829	5960	9341	8998	5100	989	7117	8194	5848	1126	7854	6456	4868	972	6238	8644	7206	835	10493
chr2	19493739	19619738	126000	5	0	126000	76020	49980	9545	3902	5532	6398	4956	3614	4978	4862	5497	2362	4085	3523	5379	2801	3304	5280	5228	2802	484	4165	4508	2930	372	4298	3556	2399	303	3468	5118	3977	403	5969
chr2	19619739	19771738	152000	4	0	152000	84444	67556	9163	4090	6278	6137	5601	4943	7141	5726	5993	3211	5941	3889	4912	3061	3725	4632	6087	3788	688	4742	6561	5172	617	6374	4795	4291	505	4901	5967	5473	526	7068
chr2	19771739	19878738	107000	3	0	107000	57297	49703	5841	2850	4383	3786	3877	3697	5363	3889	4116	2332	4271	2791	3026	1975	2417	2682	4197	2809	551	3297	4865	4049	626	4740	3540	3356	520	3642	4224	4067	463	4756
chr2	19878739	19983738	105000	2	0	105000	64957	40043	9214	3360	4392	5891	4032	2665	3929	3866	4344	1843	3003	2761	5268	2629	2901	4858	4179	2234	532	3552	3528	2332	418	3296	2735	2107	411	2767	4050	2901	391	4609
chr2	19983739	20489004	505266	1	0	505266	277598	227668	33701	13534	19602	20140	17761	16916	24160	16697	18472	10430	19468	12191	17042	10288	11762	15432	19524	12950	2875	15819	21441	17731	3898	21166	15809	15931	3307	16655	18760	17624	2826	21352
chr2	20489006	20695739	206734	1	0	206734	101681	105053	9349	4862	7465	5657	6407	7505	12186	6517	6983	4929	9304	4666	4594	3209	4069	3978	7453	5796	1466	5791	10111	9909	2193	10505	7656	8525	1727	8038	7395	8487	1310	8690
chr2	20695740	20801739	106000	2	0	106000	65834	40166	8912	3337	4548	5768	4128	2812	3893	4060	4530	1920	3085	2852	4995	2678	3205	5110	4457	2242	371	3677	3480	2146	293	3393	2820	1936	254	2709	4137	2988	310	4952
chr2	20801740	20900739	99000	3	0	99000	60013	38987	7952	3005	4217	5168	3991	2807	3698	3722	4106	1779	3212	2714	4293	2286	2549	4512	4142	2162	395	3178	3573	2310	408	3286	2695	2072	383	2572	3808	3033	330	4640
chr2	20900740	20953353	52614	4	0	52614	28618	23996	2937	1391	2140	2003	1919	1787	2637	1906	2101	1139	2102	1375	1514	959	1205	1502	2098	1366	240	1572	2342	1907	229	2320	1740	1530	178	1756	2070	1995	216	2436
chr2	20955242	20981627	26386	4	0	26386	14221	12165	1485	732	1103	982	997	867	1356	962	1078	564	1036	666	742	438	578	634	1039	650	117	795	1185	949	149	1134	933	831	121	917	1025	987	105	1227
chr2	20981628	21080627	99000	5	0	99000	56621	42379	6507	2835	4159	4410	3721	2915	4399	3757	4112	2047	3661	2758	3571	2029	2353	3387	3767	2364	495	3200	3979	2847	513	3834	2948	2470	418	2964	4097	3491	416	4574
chr2	21080628	21170627	90000	6	0	90000	57156	32844	8268	2796	3709	5471	3558	2449	3044	3501	3812	1537	2357	2519	4606	2282	2481	4765	3819	1863	341	3041	2808	1723	318	2597	2259	1474	298	2077	3665	2386	297	3877
chr2	21170628	21271627	101000	7	0	101000	61619	39381	8018	2968	4212	5433	3886	2780	3798	4009	4269	1838	3247	2907	4458	2383	2744	4667	4199	2094	447	3230	3462	2284	366	3348	2808	1992	273	2617	4005	3090	360	4806
chr2	21271628	21483627	212000	8	0	212000	125644	86356	15106	6130	8978	10509	8186	6133	8677	8278	8925	4157	7355	5768	8506	4687	5664	8585	8611	4747	901	6847	7690	5289	746	7708	6331	4590	595	6094	8642	6806	732	10025
chr2	21483628	21715627	232000	9	0	232000	144108	87892	18871	7109	9946	13090	9405	6314	8148	9480	10234	4112	7113	6587	10507	5503	6479	11209	9884	4767	914	7473	7528	4536	636	7303	6371	4048	529	5856	9563	6652	777	11054
chr2	21715628	22893627	1178000	10	0	1178000	740122	437878	99151	35889	49668	69227	47004	31510	41002	47689	50813	20523	34225	33639	56967	29388	33006	60419	49815	23914	4625	38956	37505	22563	3127	35719	31431	19879	2634	28510	48454	32558	3472	54716
chr2	22893628	23042192	148565	9	0	148565	87410	61155	10529	4222	6263	7175	5699	4503	6223	5688	6002	2976	5033	4021	5959	3202	3879	6036	6154	3391	662	4695	5547	3955	511	5482	4532	3386	458	4348	5880	4763	517	6872
chr2	23042194	23112628	70435	9	0	70435	41142	29293	4872	1956	3083	3292	2727	2115	2983	2670	2919	1403	2431	2025	2685	1501	1878	2601	2819	1632	290	2234	2657	1942	207	2718	2158	1598	192	2067	2861	2352	209	3356
chr2	23112629	23240628	128000	8	0	128000	72860	55140	8247	3560	5272	5640	4889	4183	5748	4959	5386	2642	4785	3482	4197	2496	3128	4245	5282	3067	588	3944	5114	3764	507	4994	4114	3123	467	3880	5269	4426	484	6116
chr2	23240629	23370628	130000	7	0	130000	72884	57116	8441	3523	5369	5487	4725	4133	6083	4753	5312	2752	5052	3424	4342	2432	2886	4170	4985	3192	703	3960	5309	4137	714	5321	4133	3562	535	4023	5267	4589	598	6086
chr2	23370629	23456289	85661	6	0	85661	46104	39557	5174	2308	3160	3239	2957	3176	4236	3068	3161	2018	3258	2108	2589	1548	1783	2320	3794	2154	615	2487	3544	3030	856	3525	2836	2677	740	2753	3263	3093	517	3672
chr2	23456291	23538629	82339	6	0	82339	41183	41156	3909	1963	3030	2427	2512	3019	4699	2598	2922	1927	3660	1909	1986	1274	1726	1622	2944	2251	717	2271	3898	3705	822	4084	3087	3160	617	3180	2899	3391	548	3580
chr2	23538630	23669629	131000	5	0	131000	62945	68055	5672	2907	4625	3427	3801	5103	7885	4009	4471	3114	6024	2925	2686	1771	2290	2233	4574	3744	1098	3480	6614	6691	1586	6824	4943	5734	1136	5097	4667	5546	898	5423
chr2	23669630	23791629	122000	4	0	122000	68791	53209	8469	3409	4671	5280	4271	3957	5569	4259	4579	2505	4424	3010	4510	2576	2926	4375	4973	3044	698	3732	4944	4112	787	4938	3696	3458	679	3629	4443	4168	616	5291
chr2	23791630	23895629	104000	3	0	104000	64896	39104	10129	3126	3982	5969	3972	2879	3725	3547	3725	1670	3196	2750	5380	2724	2961	5160	4025	2252	470	3652	3454	2001	467	3255	2621	2365	511	2689	4023	2560	490	4268
chr2	23895630	24164308	268679	2	0	268679	151015	117664	20588	7207	9444	11623	9766	8658	12184	8578	8994	5231	10176	6967	9514	6112	6751	9221	9901	7028	1598	8681	11041	7862	2433	10621	8012	8548	2194	8376	10232	8519	1741	10876
chr2	24164310	24827630	663321	2	0	663321	397512	265809	55292	19959	26257	33564	24962	19125	26359	23143	25407	11881	22132	17764	29411	16211	17745	28299	26136	15286	3337	22417	23704	15629	3785	23076	18019	15807	3394	18034	25730	19472	3016	28966
chr2	24827631	24926630	99000	1	0	99000	48293	50707	4946	2246	3389	2680	3043	4049	5643	2870	3217	2301	4570	2162	2055	1564	1763	1794	3679	2895	858	2727	4825	4778	1262	4959	3548	4233	1049	3642	3553	3918	743	4037
chr2	24926631	25757630	831000	2	0	831000	451008	379992	55995	21992	31034	31713	28358	28290	40039	26306	29408	16961	33449	20310	26973	16780	19356	24043	30311	22183	5405	26124	35562	29046	7800	35473	26336	27618	6852	27152	30784	29034	5182	35129
chr2	25757631	26220034	462404	1	0	462404	259945	202459	35460	12654	16829	19809	16796	14999	21121	14249	15619	8806	17996	11781	16878	10416	11385	15145	17033	12135	2631	15076	19015	13487	3934	18476	13721	14524	3648	14577	17396	14766	2837	19203
chr2	26220036	26240631	20596	1	0	20596	12249	8347	1560	599	815	1004	773	676	880	706	780	378	630	548	865	526	609	900	859	507	62	751	785	463	86	753	576	515	74	578	815	603	66	852
chr2	26240632	26988631	748000	2	0	748000	393896	354104	44531	18402	27919	26036	24524	26207	38248	23834	25883	16010	31731	18018	21950	13870	16689	20043	27275	20249	4706	22259	33654	29803	6928	34329	24706	26848	5815	25889	27178	27813	4541	32110
chr2	26988632	27312443	323812	1	0	323812	162942	160870	17330	7871	11466	9512	10332	11672	17542	9439	10637	7320	14549	7547	7880	5779	7162	6902	11168	9431	2348	9695	15322	14113	3953	15695	10930	12884	3405	11873	11565	12655	2376	13457
chr2	27312445	27555632	243188	1	0	243188	129771	113417	15959	6080	8698	8853	8300	8274	11696	7241	8132	4990	10590	6199	7199	4925	5877	6757	8341	6662	1563	7704	10517	8698	2692	10860	7447	8757	2357	7907	9206	8651	1664	10390
chr2	27555633	27824632	269000	2	0	269000	153313	115687	19736	7509	10555	11797	9908	8406	11959	8894	10081	5301	10085	7148	9872	5915	6656	9491	10217	6732	1348	8833	10684	7950	1823	10719	7653	7579	1576	7956	10612	8915	1341	11747
chr2	27824633	28156632	332000	3	0	332000	206061	125939	28664	10401	13946	18196	12877	9164	12076	12618	13486	5735	9728	9144	16179	8730	9581	15534	13932	7068	1420	11611	11007	6464	1143	10447	8711	6386	1098	8559	13085	9143	1151	14714
chr2	28156633	28265632	109000	2	0	109000	64797	44203	8837	3196	4484	5293	4146	3270	4483	3819	4206	2044	3677	2857	4621	2699	2997	4167	4391	2523	543	3753	3924	2531	517	3950	3157	2611	413	3105	4245	3257	449	4833
chr2	28265633	28512632	247000	1	0	247000	128840	118160	14065	6335	9614	8124	8301	8780	12966	7795	8990	5384	10436	5794	6782	4337	5146	5991	9132	6762	1622	7320	11387	10225	2061	11692	8145	8845	1755	8609	9177	9533	1352	10541
chr2	28512633	28633051	120419	2	0	120419	63002	57417	6640	2962	4589	4003	3962	4279	6255	4070	4349	2628	5171	2996	3244	2198	2711	2943	4323	3416	758	3570	5609	4987	853	5760	4024	4124	669	4179	4610	4682	636	5217
chr2	28633053	28713633	80581	2	0	80581	43168	37413	4674	2157	3070	2781	2884	2843	4081	2815	2871	1745	3426	2040	2252	1546	1872	2110	3165	2165	448	2513	3628	2776	513	3690	2655	2661	398	2718	3175	3006	373	3528
chr2	28713634	28989633	276000	3	0	276000	161277	114723	22855	7940	10358	13182	10237	8542	11456	9226	9722	5042	9860	7258	11521	6597	7186	10294	10693	6616	1494	9319	10488	7036	1934	10014	7702	7484	1883	8177	10577	8336	1619	11350
chr2	28989634	29185633	196000	4	0	196000	109549	86451	13189	5316	7680	8146	6928	6766	9096	6921	7233	3987	7242	4812	6980	4016	4567	6669	7972	4923	1092	6098	8016	6549	1288	7948	6284	5681	1058	6267	7439	6648	916	8271
chr2	29185634	29272633	87000	5	0	87000	46394	40606	4751	2211	3270	3129	2885	3134	4378	3069	3137	1829	3687	2205	2589	1609	2021	2489	3375	2266	542	2600	3776	3421	580	3936	2998	2799	479	2976	3317	3227	469	3844
chr2	29272634	29352633	80000	6	0	80000	42858	37142	4293	2062	3146	2860	2654	2797	4163	2855	3074	1775	3295	2085	2340	1494	1906	2058	3018	2178	409	2523	3680	2926	418	3593	2651	2538	321	2658	3121	2975	396	3736
chr2	29352634	29548633	196000	7	0	196000	112198	83802	13006	5387	8353	8649	7365	6017	8623	7413	7963	4066	7368	5384	7061	4008	4989	6544	7514	4799	919	6246	7867	5388	814	7844	6012	4985	645	5988	8025	6741	758	9257
chr2	29548634	30010633	462000	8	0	462000	266287	195713	30882	13072	19792	20778	17453	14198	19843	17589	19132	9474	16962	12473	17058	9522	11808	16250	18592	11105	1961	14608	17837	13540	1813	18136	13937	11079	1422	13642	18717	15602	1702	22019
chr2	30010634	30145633	135000	7	0	135000	77835	57165	9988	3835	5500	6050	5112	4219	5836	4709	5191	2671	4805	3599	5082	2968	3432	4838	5299	3416	657	4321	5428	3810	722	5180	3952	3466	568	4078	5197	4446	629	5994
chr2	30145634	30413633	268000	6	0	268000	145472	122528	16719	6989	10669	10083	9401	9078	12899	9121	10070	5574	10898	6648	8270	5181	6289	7582	10128	7017	1579	8098	11564	9387	1921	11783	8643	8396	1703	9118	10164	9855	1415	11756
chr2	30413634	30559633	146000	7	0	146000	89717	56283	12662	4650	5895	7829	5594	4025	5436	5291	5615	2570	4361	3917	7163	3818	4242	6647	6077	3244	643	5099	4978	3187	640	4738	3767	3042	589	3816	5524	4070	588	6281
chr2	30559634	30652633	93000	6	0	93000	57482	35518	7575	2996	3979	4950	3554	2551	3471	3500	3815	1697	2800	2498	4556	2443	2738	4358	3984	2011	383	3309	3008	1833	325	3020	2439	1743	234	2418	3645	2600	324	4241
chr2	30652634	31014633	362000	5	0	362000	197765	164235	21089	9466	14540	14051	12690	11849	17876	13031	14215	7762	14648	9258	11152	6890	8500	10748	13761	9357	1830	11019	15627	12879	1962	15829	12055	10483	1524	12024	14001	13578	1612	16692
chr2	31014634	31502296	487663	6	1	487662	273764	213898	30800	13588	20155	20014	17907	15835	22514	17745	19440	10096	18421	12869	16410	9917	12182	15868	19299	12314	2277	15547	20094	15482	2344	20096	15311	13088	2033	15186	19298	17131	1954	22443
chr2	31502352	31502604	253	6	0	253	164	89	33	7	10	14	5	11	8	15	5	4	3	3	22	9	3	10	16	7	2	6	8	5	0	10	9	7	0	4	6	4	0	5
chr2	31502614	31580810	78197	6	0	78197	47600	30597	6344	2402	3417	4145	3250	2169	2889	2959	3306	1452	2398	2188	3408	1814	2122	3336	3324	1734	279	2500	2770	1864	257	2662	2117	1564	211	1969	3056	2391	203	3695
chr2	31580812	31583750	2939	6	0	2939	1452	1487	154	71	130	74	87	91	137	84	121	66	134	63	67	45	59	69	79	87	33	74	141	130	53	130	83	112	61	118	96	126	25	137
chr2	31583752	31583792	41	6	0	41	28	13	3	1	2	2	1	2	1	3	0	1	1	1	4	2	0	2	4	1	0	2	1	0	0	0	2	0	0	0	1	0	0	2
chr2	31583794	31584430	637	6	0	637	364	273	34	19	29	25	19	18	31	16	22	14	16	22	31	20	26	21	27	17	4	23	26	19	1	30	12	16	1	22	19	24	4	27
chr2	31584431	31688430	104000	5	3	103997	64512	39485	8977	3454	4317	5692	4506	2785	3750	4191	4491	1833	2848	3032	4465	2468	2954	4743	4465	2364	318	3395	3734	2294	228	3161	2825	1743	179	2573	4207	3015	241	4741
chr2	31688431	31799430	111000	4	0	111000	66705	44295	8710	3448	4778	5580	4694	3097	4361	3991	4706	2118	3526	3205	4405	2427	3038	4620	4478	2650	386	3576	4125	2766	324	3902	3132	2221	236	2943	4408	3481	384	5282
chr2	31799431	31976430	177000	3	0	177000	110122	66878	16194	5458	7069	9952	6879	5052	6336	6369	6729	2973	5342	4786	8870	4700	5011	8401	7242	3975	768	6198	6030	3437	702	5501	4507	3554	701	4432	6857	4705	641	7627
chr2	31976431	32343068	366638	2	0	366638	214105	152533	31136	10263	12943	17656	13369	11304	15276	11659	12164	6564	13320	9518	15329	9109	9447	15047	13509	9111	2197	12423	14093	8962	3105	13214	10206	10715	2870	10561	13799	10586	2392	14789
chr2	32343070	32404431	61362	2	0	61362	36150	25212	5218	1778	2053	3038	2183	1939	2591	1910	1994	1092	2131	1588	2691	1647	1646	2650	2362	1521	381	2192	2272	1497	506	2148	1699	1688	481	1659	2290	1717	376	2422
chr2	32404432	32483966	79535	3	0	79535	49943	29592	7713	2576	3035	4619	3145	2153	2813	2783	2944	1289	2298	2109	4141	2207	2139	3979	3276	1697	418	2834	2502	1537	446	2348	2042	1593	381	1876	3074	2005	335	3226
chr2	32483968	32545432	61465	3	0	61465	39087	22378	5878	2017	2377	3665	2405	1660	2204	2327	2412	995	1646	1680	3243	1705	1771	3100	2661	1247	276	2193	1837	948	247	1728	1584	1170	215	1539	2514	1395	286	2538
chr2	32545433	32776432	231000	4	0	231000	140153	90847	20238	7022	8965	12194	8770	6617	8954	8097	8572	3989	7509	6145	10839	5867	6378	9996	9014	5317	1092	8072	8121	4832	1317	7656	6210	5464	1206	6330	9094	6314	1059	9748
chr2	32776433	33043432	267000	3	2000	265000	154807	110193	20449	7864	10642	12497	10133	8117	10944	9562	10277	5011	9129	7103	10593	5870	6678	9936	10798	6284	1277	8503	10029	7604	1555	9580	7654	6516	1299	7569	10274	8364	1142	11741
chr2	33043433	33174181	130749	4	0	130749	77848	52901	10219	3915	5505	6393	5007	3895	5205	4856	5336	2543	4289	3520	5471	3098	3436	5159	5358	3003	695	4395	4700	3164	683	4414	3832	2827	548	3593	5073	3968	614	6033
chr2	33174182	33174306	125	7	0	125	77	48	9	3	6	7	8	0	5	5	5	3	3	7	4	2	3	5	4	2	0	2	2	5	0	5	4	1	0	5	8	4	0	6
chr2	33174307	33174432	126	4	0	126	83	43	9	3	5	10	9	5	4	4	4	2	5	5	5	5	0	7	9	1	0	4	4	1	0	1	2	1	0	3	7	3	0	6
chr2	33174433	33404432	230000	5	0	230000	138807	91193	18644	6942	9325	11821	8582	6892	8963	8860	9264	4251	7280	6282	10242	5684	6261	9513	9381	5233	1309	7846	8163	4874	1091	7622	6482	5015	907	6192	9271	6629	1007	10170
chr2	33404433	33432432	28000	4	0	28000	16140	11860	2219	789	1123	1265	1050	884	1173	953	1051	536	1004	774	1077	618	697	926	1025	727	171	904	1158	719	189	1041	781	782	171	826	1096	879	165	1225
chr2	33432433	33580432	148000	5	0	148000	88045	59955	11929	4397	5805	7548	5672	4446	5918	5298	5825	2761	5140	4026	6253	3348	3924	5754	5784	3409	759	5000	5424	3335	828	5166	4195	3550	757	3996	5931	4459	736	6625
chr2	33580433	33683432	103000	6	0	103000	61926	41074	8242	3208	4287	5270	3901	2837	4007	3722	4123	1890	3335	2750	4741	2412	2927	4274	3996	2466	446	3439	3718	2572	446	3686	2757	2295	370	2783	3996	3088	366	4648
chr2	33683433	33785432	102000	7	0	102000	60766	41234	8416	3112	4127	5105	4063	3030	4058	3732	4175	1867	3383	2804	4106	2233	2582	3973	4170	2348	508	3214	3735	2465	561	3474	2934	2332	458	2804	4044	3090	437	4658
chr2	33785433	33977432	192000	8	0	192000	115217	76783	15162	5610	7629	9999	7390	5626	7613	7049	7546	3546	6324	5381	8302	4540	5031	8467	7736	4337	968	6281	6939	4426	962	6532	5399	4327	854	5224	7604	5769	864	8561
chr2	33977433	34244432	267000	9	0	267000	165129	101871	21986	8330	11145	14785	10643	7305	9685	10581	11165	4728	7923	7509	12452	6693	7432	12767	11172	5740	1134	9010	8988	5504	939	8325	7283	5037	747	6665	10771	7475	894	12185
chr2	34244433	34575729	331297	10	0	331297	207577	123720	28263	10342	13707	19412	13231	8807	11463	12967	13995	5859	9736	9203	16235	8271	9534	16552	13822	7115	1330	11012	10656	6425	1055	10134	8608	5681	992	8095	13382	9050	1163	15198
chr2	34575730	34575824	95	10	0	95	59	36	9	3	1	4	2	5	3	10	4	0	4	7	1	0	2	3	3	2	0	3	5	0	0	0	3	3	0	1	9	0	0	6
chr2	34575825	34576126	302	10	0	302	177	125	15	12	6	16	14	12	11	15	11	8	5	9	8	8	11	14	15	9	2	14	17	7	2	6	9	3	3	5	11	13	1	8
chr2	34576127	34576505	379	10	0	379	219	160	22	10	4	16	9	20	8	32	12	5	10	11	10	11	12	25	23	12	0	11	17	19	2	10	16	3	4	5	13	14	2	9
chr2	34576506	34964432	387927	10	0	387927	247606	140321	34230	11950	16111	23993	15622	10292	12541	15475	16432	6479	10489	10993	19999	10327	11077	21595	17005	7693	1566	12784	11776	6952	1212	11199	9739	6238	1012	8751	15410	10256	1244	17483
chr2	34964433	35046320	81888	9	0	81888	52978	28910	7417	2694	3252	5330	3286	2060	2635	3380	3416	1330	2121	2268	4574	2189	2399	4625	3573	1621	312	2767	2458	1312	211	2207	2024	1251	185	1854	3306	2004	246	3579
chr2	35046322	35184433	138112	9	0	138112	90518	47594	13205	4388	5593	9261	5719	3325	4362	5477	5972	2203	3325	4036	7551	3654	3947	8500	5965	2610	419	4576	4067	2130	343	3520	3320	1913	259	2935	5531	3407	401	6196
chr2	35184434	35577433	393000	8	0	393000	252851	140149	35908	12379	16286	24857	16057	9785	12784	15700	16848	6725	10575	10965	20618	10096	11214	22052	16848	7599	1394	13144	11814	6900	964	10957	9720	6041	831	8824	15944	10095	1139	17935
chr2	35577434	35932101	354668	9	0	354668	225794	128874	31328	11107	15052	21832	14480	8890	11898	13772	15261	5974	9852	9992	18250	9006	10235	18864	14676	7177	1247	11876	10850	6530	976	10342	9197	5740	788	8395	14317	9251	1087	16424
chr2	35932103	35932140	38	9	0	38	25	13	3	1	2	3	0	1	0	2	1	1	1	0	5	1	2	1	2	0	1	1	0	0	0	2	1	0	1	1	0	2	0	1
chr2	35932142	35935267	3126	9	0	3126	1903	1223	226	96	148	161	116	86	106	121	135	50	100	81	154	81	105	136	115	68	16	114	98	63	13	103	96	64	12	94	120	82	16	148
chr2	35935269	35935349	81	9	0	81	30	51	0	1	1	0	1	5	7	1	1	2	8	3	0	0	0	0	1	2	1	4	6	2	1	2	5	4	3	6	2	3	3	4
chr2	35935354	35937261	1908	9	0	1908	1245	663	227	48	96	110	71	39	53	79	75	36	48	55	106	55	59	86	75	31	6	66	53	31	0	67	50	28	3	39	64	61	5	84
chr2	35937262	35937297	36	9	0	36	24	12	7	1	2	1	1	0	0	3	3	0	2	2	0	0	0	0	1	0	0	0	2	1	0	1	0	0	0	0	1	3	0	3
chr2	35937299	35937391	93	9	0	93	70	23	19	4	5	8	3	3	1	2	6	1	1	1	7	0	2	5	6	1	0	1	0	0	0	4	1	1	0	0	3	2	0	4
chr2	35937392	35937409	18	9	0	18	15	3	1	0	1	3	0	0	0	0	0	0	0	1	4	1	0	2	0	0	0	1	1	0	0	0	0	0	0	0	0	1	0	0
chr2	35937411	35938258	848	9	0	848	558	290	94	29	47	48	47	16	20	25	32	11	22	22	45	16	20	63	34	15	1	22	24	13	2	27	24	10	1	29	26	28	2	31
chr2	35938260	35938281	22	9	0	22	16	6	4	1	2	1	2	0	0	0	1	0	0	0	1	1	0	1	2	0	0	0	0	0	0	1	0	1	0	1	0	0	0	1
chr2	35938283	35939585	1303	9	0	1303	838	465	115	51	61	84	63	26	51	43	66	24	36	30	67	40	26	53	63	22	6	50	24	19	4	40	33	15	3	29	63	31	7	56
chr2	35939605	35940012	408	9	0	408	229	179	32	8	10	18	16	18	20	23	12	4	21	11	7	17	4	6	17	6	1	23	17	11	0	10	24	8	4	10	20	13	3	12
chr2	35940014	35940059	46	9	0	46	29	17	6	3	0	2	3	2	0	2	1	0	1	1	1	2	4	1	4	1	1	1	1	0	0	1	1	1	1	1	0	0	0	2
chr2	35940061	35940711	651	9	0	651	427	224	48	21	33	42	28	14	18	37	30	9	14	14	37	20	18	43	24	17	0	23	18	5	3	12	26	8	0	20	29	8	3	27
chr2	35940713	35940757	45	9	0	45	33	12	5	1	1	2	0	0	1	2	3	2	1	1	3	1	5	3	0	0	0	4	1	0	0	0	0	0	0	0	2	1	0	4
chr2	35940759	35942548	1790	9	0	1790	1201	589	187	55	82	128	64	37	57	87	92	29	39	51	109	48	42	92	70	28	4	67	38	23	3	46	41	19	3	35	96	40	4	72
chr2	35942549	35943184	636	9	0	636	372	264	43	16	21	36	28	27	25	16	17	17	19	19	30	15	16	25	23	24	7	21	31	13	3	26	16	13	2	13	26	23	2	21
chr2	35943186	35946393	3208	9	0	3208	1987	1221	265	104	150	169	144	82	109	110	134	61	90	93	147	75	112	140	130	75	14	103	104	66	6	101	82	56	6	100	129	80	12	157
chr2	35946410	35949206	2797	9	0	2797	1726	1071	225	103	125	146	116	78	98	93	136	38	99	73	122	61	87	124	124	51	9	96	89	60	6	90	66	54	8	72	108	80	7	151
chr2	35949215	35952755	3541	9	0	3541	2114	1427	260	120	148	190	144	95	149	122	161	60	127	77	154	89	86	131	136	92	15	121	136	85	12	129	93	73	7	103	145	112	10	157
chr2	35952756	35952835	80	9	0	80	57	23	17	3	3	2	1	4	2	5	1	0	0	1	7	4	1	4	7	1	0	3	2	0	0	2	4	2	0	0	0	1	0	1
chr2	35952849	35953790	942	9	0	942	561	381	59	31	35	53	42	27	26	52	43	15	27	24	34	24	22	46	38	25	4	30	41	27	3	31	35	13	5	19	32	37	10	30
chr2	35953792	35953828	37	9	0	37	30	7	8	0	2	4	0	0	2	0	4	1	0	0	3	1	1	2	1	0	0	1	0	0	0	0	0	0	0	0	1	0	0	4
chr2	35953830	35955898	2069	9	0	2069	1355	714	186	68	62	137	71	61	84	68	91	32	55	50	105	60	54	169	82	49	9	81	52	21	8	64	54	25	8	33	96	50	5	77
chr2	35955900	35955971	72	9	0	72	70	2	8	0	0	9	0	0	0	2	0	0	0	0	9	2	0	38	2	0	0	0	0	0	0	0	0	0	0	0	0	0	0	0
chr2	35955972	35955984	13	9	0	13	13	0	1	0	0	2	0	0	0	0	0	0	0	0	2	0	0	6	0	0	0	0	0	0	0	0	0	0	0	0	0	0	0	0
chr2	35955985	35956014	30	9	0	30	29	1	4	0	0	4	0	0	0	1	0	0	0	0	4	1	0	13	1	0	0	0	0	0	0	0	0	0	0	0	0	0	0	0
chr2	35956015	35956031	17	9	0	17	17	0	3	0	0	2	0	0	0	0	0	0	0	0	2	0	0	8	0	0	0	0	0	0	0	0	0	0	0	0	0	0	0	0
chr2	35956050	35956238	189	9	0	189	180	9	13	3	1	23	1	0	0	7	0	0	0	2	25	4	0	99	6	0	0	1	0	0	0	0	0	0	0	0	2	0	0	0
chr2	35956239	35956262	24	9	0	24	24	0	1	0	0	3	0	0	0	0	0	0	0	0	3	0	0	15	0	0	0	0	0	0	0	0	0	0	0	0	0	0	0	0
chr2	35956293	35956349	57	9	0	57	56	1	2	0	0	6	0	0	0	1	0	0	0	1	6	0	0	38	0	0	0	0	0	0	0	0	0	0	0	0	1	0	0	0
chr2	35956353	35956438	86	9	0	86	85	1	3	1	0	11	0	0	0	1	0	0	0	0	12	0	0	55	1	0	0	0	0	0	0	0	0	0	0	0	0	0	0	0
chr2	35956440	35956485	46	9	0	46	43	3	4	0	0	4	0	0	0	2	0	0	0	0	5	3	0	24	2	0	0	0	0	0	0	0	0	0	0	0	0	0	0	0
chr2	35956486	35957067	582	9	0	582	520	62	46	2	0	61	3	11	0	34	3	1	0	0	57	44	9	248	48	0	4	5	0	0	0	0	0	0	0	0	0	0	0	4
chr2	35957102	35957439	338	9	0	338	260	78	17	0	1	30	0	27	0	23	0	0	0	0	31	50	9	70	50	0	18	10	0	0	0	0	0	0	0	0	0	0	0	0
chr2	35957440	35957789	350	9	0	350	324	26	12	2	0	42	2	0	0	21	0	0	0	3	42	17	3	178	19	0	0	0	0	0	0	0	4	0	0	0	0	0	0	3
chr2	35957790	35958671	882	9	0	882	555	327	54	17	33	45	34	39	31	26	24	18	27	24	37	24	15	106	51	17	5	25	31	15	4	25	19	17	3	21	29	27	2	35
chr2	35958672	35959924	1253	9	0	1253	769	484	114	31	43	75	52	34	48	47	47	30	36	29	51	31	36	63	58	29	3	36	46	25	6	47	35	27	1	29	42	43	6	51
chr2	35959925	35960892	968	9	0	968	579	389	58	26	43	50	38	32	44	38	45	20	37	26	38	26	24	32	49	20	3	32	34	15	1	33	20	20	1	33	49	28	1	50
chr2	35960894	35963605	2712	9	0	2712	1598	1114	196	78	109	139	114	69	109	103	114	55	93	73	100	67	68	109	111	53	16	89	101	97	6	100	66	59	6	75	117	95	8	115
chr2	35963609	35963873	265	9	0	265	174	91	16	5	9	26	6	7	12	10	10	5	7	9	24	6	5	15	7	6	0	11	8	3	0	9	7	3	2	4	13	8	0	10
chr2	35963875	35964970	1096	9	0	1096	605	491	106	29	39	39	37	21	48	29	39	17	50	32	30	22	33	32	30	20	11	28	41	35	14	52	28	41	13	40	36	46	6	50
chr2	35964973	35965022	50	9	0	50	29	21	3	2	5	0	5	0	2	0	2	3	1	1	0	2	2	0	4	1	0	2	1	1	0	2	0	0	0	2	1	2	0	4
chr2	35965024	35965051	28	9	0	28	18	10	1	1	1	1	0	3	0	3	2	0	0	1	1	1	0	1	3	2	0	0	2	0	0	0	0	0	0	0	2	0	0	1
chr2	35965053	35967993	2941	9	0	2941	1853	1088	218	81	128	174	127	98	88	102	115	46	101	84	142	69	85	194	125	55	8	106	95	49	4	95	80	51	5	68	115	89	9	133
chr2	35967995	35970564	2570	9	0	2570	1777	793	297	89	105	196	114	52	69	116	109	40	62	78	168	62	58	160	125	36	7	76	58	21	4	47	53	21	2	54	115	52	5	117
chr2	35970566	35974670	4105	9	0	4105	2691	1414	362	130	181	266	153	94	125	191	176	63	108	112	249	95	100	284	168	64	17	133	117	64	7	105	102	61	10	107	176	104	10	169
chr2	35974671	35975418	748	9	0	748	514	234	74	21	29	58	25	26	20	24	31	12	17	20	52	21	24	58	43	15	2	21	16	12	1	16	12	3	0	13	24	15	1	40
chr2	35975433	35979728	4296	9	0	4296	2862	1434	408	120	193	297	168	113	107	199	197	63	114	134	245	101	128	274	182	63	11	141	122	48	4	102	105	50	8	89	179	114	5	210
chr2	35979730	35982117	2388	9	0	2388	1636	752	289	76	109	178	92	42	56	107	108	43	49	72	164	61	58	131	98	39	16	69	65	28	4	48	40	25	5	42	94	52	13	113
chr2	35982119	35982162	44	9	0	44	31	13	7	1	3	3	3	0	1	1	1	2	0	1	3	0	1	3	1	0	0	2	0	0	0	2	2	2	0	0	2	0	0	1
chr2	35982164	35983378	1215	9	0	1215	781	434	107	36	58	82	52	20	32	47	72	23	55	37	52	23	31	54	45	13	2	42	30	19	3	45	24	7	2	15	52	58	1	74
chr2	35983380	35983424	45	9	0	45	28	17	3	0	1	3	1	1	1	0	3	0	4	1	1	1	2	4	1	0	0	1	0	2	0	3	1	0	0	1	2	3	0	3
chr2	35983426	35985121	1696	9	0	1696	1188	508	198	47	69	158	83	19	37	78	84	23	25	55	107	40	53	110	56	27	0	46	46	27	0	33	37	20	0	29	79	32	0	76
chr2	35985123	35986005	883	9	0	883	530	353	86	26	22	50	34	27	30	41	33	12	30	24	30	25	22	37	36	25	6	23	40	21	8	25	19	23	6	22	37	25	2	34
chr2	35986009	35988869	2861	9	0	2861	1699	1162	215	85	111	144	109	81	105	125	118	47	115	70	113	75	81	103	102	70	16	100	110	68	11	97	90	60	9	79	118	88	8	136
chr2	35988880	35990507	1628	9	0	1628	939	689	101	51	74	80	71	56	68	56	64	28	66	45	70	23	44	41	70	32	2	55	59	47	3	62	55	37	3	61	67	55	6	74
chr2	35990509	35990907	399	9	0	399	199	200	37	11	8	13	16	15	19	4	13	10	21	7	4	7	7	6	12	15	4	12	20	13	7	17	10	17	12	9	12	13	9	17
chr2	35990909	35990943	35	9	0	35	18	17	1	1	3	1	1	1	2	0	3	0	0	0	1	2	0	0	0	2	1	1	1	1	0	2	2	0	2	2	1	1	1	0
chr2	35990945	35991076	132	9	0	132	68	64	10	2	4	4	1	7	9	2	4	2	6	4	5	1	4	2	3	2	3	4	2	6	1	6	8	6	0	6	7	2	0	7
chr2	35991077	35991860	784	9	0	784	491	293	73	16	22	52	25	21	31	29	23	16	30	22	41	21	17	51	26	22	6	20	30	13	3	27	15	13	3	23	34	25	2	30
chr2	35991862	35992290	429	9	0	429	281	148	41	14	20	31	22	7	12	16	20	6	9	8	24	13	12	25	16	10	1	12	17	8	0	10	11	5	1	13	13	12	0	18
chr2	35992291	35992816	526	9	0	526	307	219	31	16	31	25	18	14	18	20	30	11	16	11	23	5	19	17	12	12	1	21	23	16	1	21	17	10	2	15	18	23	0	27
chr2	35992817	35998916	6100	9	0	6100	3981	2119	548	191	234	434	216	132	212	229	282	81	182	180	362	143	165	388	231	100	23	193	176	113	11	177	143	85	11	131	239	179	15	292
chr2	35998927	36000493	1567	9	0	1567	984	583	119	55	61	87	71	56	46	66	66	25	44	38	67	45	45	91	92	35	4	50	50	29	5	49	39	22	2	33	59	47	3	64
chr2	36000494	36006241	5748	9	0	5748	3772	1976	514	177	245	398	201	134	184	241	264	91	156	151	355	157	167	335	242	106	21	190	139	71	20	157	141	73	14	140	238	137	21	266
chr2	36006251	36007199	949	9	0	949	525	424	71	23	48	42	31	19	38	23	45	12	39	31	37	17	27	21	20	24	6	21	31	43	8	56	30	27	3	27	30	44	5	48
chr2	36007213	36081356	74144	9	0	74144	46770	27374	6368	2271	3156	4330	2922	1915	2476	3037	3210	1290	2230	2177	3624	1864	2191	3707	3092	1461	280	2507	2289	1377	168	2289	1919	1190	150	1745	3050	2095	250	3512
chr2	36081357	36239356	158000	8	0	158000	96915	61085	12208	4765	6233	8556	6220	4439	5753	6337	6477	2897	4877	4746	6857	3820	4559	8170	6613	3577	691	5040	5494	3386	606	4974	4291	2902	536	3977	6351	4596	619	7431
chr2	36239357	36353356	114000	7	0	114000	70280	43720	9102	3427	4860	6458	4608	3219	4179	4483	4972	2021	3486	3256	5165	2736	3040	5267	4779	2452	435	3736	3776	2376	337	3705	3181	2028	301	2878	4754	3338	397	5246
chr2	36353357	36486356	133000	6	0	133000	78853	54147	9917	4124	5822	6299	4797	4004	5442	4962	5594	2581	4273	3473	5854	3206	3430	5074	5610	2980	722	4603	4484	3288	766	4686	3920	2773	662	3731	5191	4184	598	5948
chr2	36486357	36595356	109000	5	0	109000	65890	43110	8668	3400	4651	5562	4013	3068	4338	4064	4626	2083	3404	2908	4973	2699	3006	4426	4499	2405	614	3732	3583	2450	475	3774	3051	2161	389	2955	4350	3266	468	4937
chr2	36595357	37104356	509000	4	0	509000	305932	203068	42968	15360	20305	26204	19400	14637	19952	17773	19636	9150	16839	13588	22833	12485	13531	21271	20081	11676	2790	17085	18027	11598	2883	17405	13884	11878	2590	13956	19769	14762	2501	22181
chr2	37104357	37252356	148000	3	0	148000	87802	60198	12709	4347	5850	7304	5573	4366	5866	4996	5606	2584	4953	3982	6322	3686	3906	5750	5704	3518	855	4907	5422	3594	978	5258	4030	3713	922	4171	5645	4427	815	6239
chr2	37252357	37361356	109000	4	0	109000	67330	41670	9509	3415	4488	5976	4064	2905	4006	3891	4292	1900	3279	2963	5523	2908	3075	5136	4415	2317	552	3844	3397	2267	605	3395	2839	2158	619	2826	4214	2922	516	4782
chr2	37361357	37451356	90000	5	0	90000	53556	36444	6992	2671	3707	4549	3579	2658	3554	3303	3616	1718	3055	2497	3732	1979	2348	3596	3627	2108	400	2891	3415	2261	368	3198	2440	2004	318	2528	3612	2869	358	4047
chr2	37451357	37842356	391000	6	0	391000	232267	158733	29335	11637	16444	19176	15155	11230	15839	15032	16450	7556	13066	10685	15651	8755	10235	16019	15780	9052	1628	12718	14530	9979	1513	13980	11163	8510	1282	10841	15784	12461	1467	18045
chr2	37842357	37969356	127000	5	0	127000	74002	52998	9434	3797	5304	5960	4872	3792	5244	4566	5272	2497	4470	3337	4918	2684	3245	4609	5003	3056	618	4093	4809	3592	712	4701	3678	2991	597	3572	4984	4175	519	5897
chr2	37969357	38075874	106518	4	0	106518	65123	41395	9006	3268	4239	5867	4088	2929	3947	4093	4356	1867	3249	2845	4930	2705	2846	4887	4427	2283	539	3520	3563	2413	592	3342	2931	2158	533	2776	4136	3056	482	4643
chr2	38075876	38101357	25482	4	0	25482	13771	11711	1607	659	1099	992	875	813	1097	776	997	501	1054	618	879	490	611	702	886	661	171	745	1034	961	271	1126	771	805	294	815	870	965	160	1175
chr2	38101358	38297357	196000	3	0	196000	114705	81295	14434	5714	8322	9202	7627	5866	8091	7439	8298	3800	6854	5330	7314	4285	5081	7046	7764	4654	927	6320	7585	5175	793	7173	5779	4584	685	5574	7895	6313	793	9281
chr2	38297358	38486357	189000	2	0	189000	107318	81682	14563	5458	7262	8061	7128	6083	8317	6032	6802	3678	7172	4808	6851	4196	4825	6081	7119	4932	1089	6274	7694	5400	1365	7320	5559	5427	1239	5803	7188	6020	1073	8179
chr2	38486358	38875890	389533	1	0	389533	222398	167135	30678	10955	14625	17353	14513	12251	17191	12292	13503	7406	14691	10174	14917	8731	10011	13107	14240	9912	2251	12940	15358	10594	3024	15046	11737	11487	2771	11999	14912	12028	2302	16532
chr2	38875892	38895358	19467	1	0	19467	11837	7630	1732	613	753	1064	729	544	741	668	760	320	613	521	941	478	548	811	763	466	72	654	701	498	101	667	494	424	67	507	724	578	86	827
chr2	38895359	39389358	494000	2	0	494000	301793	192207	43823	14781	19636	26757	18745	13545	18910	17335	18714	8479	15628	13156	23715	12762	13583	22222	19126	11083	2285	17073	17090	10540	2493	16423	13255	11298	2361	13202	19064	13625	2229	21060
chr2	39389359	39568491	179133	3	0	179133	106913	72220	14499	5317	7341	8936	6829	5173	7210	6313	7172	3237	5960	4788	7592	4252	4903	7389	6977	4187	798	6017	6599	4259	849	6337	5003	4218	820	4999	6946	5380	769	8062
chr2	39568493	39596359	27867	3	0	27867	15944	11923	1979	814	1103	1232	1076	879	1216	1005	1081	552	987	757	991	578	725	968	1102	695	146	880	1143	843	141	1033	860	680	145	877	1071	941	124	1241
chr2	39596360	39809359	213000	4	0	213000	128450	84550	16793	6507	8852	11089	8136	6107	8239	8156	8867	3871	6756	5788	9444	5144	5771	8929	8783	4804	947	7095	7442	5083	1003	7146	6056	4414	864	5630	8357	6373	806	9746
chr2	39809360	39913359	104000	5	0	104000	63622	40378	8423	3222	4469	5546	4194	2874	3884	3992	4535	1958	3177	2916	4509	2410	2894	4617	4313	2341	422	3388	3586	2368	326	3406	2838	1891	250	2663	4207	3086	326	4967
chr2	39913360	40008359	95000	6	0	95000	58006	36994	7240	2892	4071	5016	3789	2605	3558	3790	4062	1739	2908	2715	4129	2349	2669	4473	3931	2118	406	3130	3376	2077	261	3148	2617	1775	194	2536	3818	2893	321	4392
chr2	40008360	40221359	213000	7	0	213000	130416	82584	17058	6563	9162	11436	8425	5932	7972	8504	9146	3964	6500	6070	9590	5055	5937	9102	8815	4632	913	7153	7348	4468	680	6833	5957	3911	528	5664	8712	6318	729	9921
chr2	40221360	40667359	446000	8	0	446000	282658	163342	39193	13757	18867	26671	17562	11859	15023	17958	18874	7857	12539	12466	22859	11294	12649	23229	18993	8887	1862	15025	13582	8112	1283	13175	11672	7159	1125	10730	18154	11994	1440	20148
chr2	40667360	40731359	64000	7	0	64000	40485	23515	5450	2054	2729	3837	2551	1666	2200	2498	2837	1183	1879	1702	3232	1580	1807	3279	2765	1290	260	2169	1959	1215	169	1866	1635	962	135	1488	2555	1742	212	3092
chr2	40731360	41047359	316000	8	0	316000	206693	109307	29846	10059	13100	20878	12640	7656	9651	12921	13562	5081	8091	8935	17835	8503	9101	18832	13565	5952	1195	10587	8885	4816	798	8356	7646	4316	687	6835	12773	7771	960	14165
chr2	41047360	41533359	486000	7	0	486000	310209	175791	42921	15245	20641	29827	19684	12116	15990	19669	21060	8296	13223	13981	24967	12280	14108	26199	20346	9573	1765	16253	15009	8712	1187	14128	12258	7640	1013	11347	19846	13111	1369	22234
chr2	41533360	41685359	152000	6	0	152000	95180	56820	13007	4813	6405	8791	6087	3884	5292	6045	6545	2667	4533	4405	7377	3833	4351	7145	6288	3188	648	5073	4856	2886	468	4754	3834	2633	380	3660	6330	4256	470	7094
chr2	41685360	41796359	111000	5	0	111000	65093	45907	7950	3227	4641	5310	4211	3335	4470	4192	4405	2157	3848	3016	4562	2502	2902	4364	4418	2548	566	3690	4037	3166	592	4038	3346	2569	414	3097	4407	3550	432	5036
chr2	41796360	41943359	147000	4	0	147000	84828	62172	10418	4230	6163	6655	5599	4549	6314	5337	5957	2984	5385	3958	5492	2994	3668	5124	5868	3511	716	4663	5931	4189	673	5584	4222	3691	495	4344	5778	4986	582	6938
chr2	41943360	42107359	164000	3	0	164000	85796	78204	9050	4114	6463	5485	5484	5445	8233	5383	6120	3571	7202	4031	4458	2792	3616	4348	5856	4358	926	4782	7424	7184	1421	7740	5269	5557	1189	5573	5996	6671	838	7419
chr2	42107360	42398359	291000	2	0	291000	173100	117900	23969	8640	11534	14308	10676	8700	11929	10080	10862	5347	9912	7588	12945	7173	7788	11648	11338	6834	1503	10185	10499	7034	1586	10316	8192	7079	1457	8167	11356	8488	1370	12495
chr2	42398360	42722359	324000	1	0	324000	185669	138331	26410	9066	11487	14566	11964	10569	14157	10204	10534	5957	12256	8251	12621	7584	8172	11871	12200	8340	1908	10728	12787	8829	2617	12362	9543	9820	2275	9922	12364	9604	1970	13060
chr2	42722360	43011523	289164	2	0	289164	150953	138211	16661	7320	10836	9780	9921	10339	14981	9251	10187	6331	12391	6822	7829	4997	6179	7127	10840	7950	1716	8481	13443	12285	2373	13541	9501	10371	2010	9968	10708	11037	1589	12397
chr2	43011525	43050328	38804	2	0	38804	19457	19347	2072	892	1413	1172	1246	1439	2086	1187	1335	838	1819	893	895	586	725	858	1383	1087	249	1036	1968	1928	373	1947	1276	1560	268	1386	1331	1641	240	1673
chr2	43050330	43104846	54517	2	0	54517	26954	27563	2590	1258	2002	1547	1751	2024	3033	1753	1877	1246	2506	1231	1179	838	1058	1061	1909	1516	367	1574	2766	2663	571	2717	1872	2287	454	2005	2014	2251	292	2303
chr2	43104847	43902360	797514	2	0	797514	459588	337926	59816	22980	30777	36180	28678	25309	34779	26890	30394	15073	29283	20950	30865	17659	20746	29208	31152	19185	4109	26575	30997	22850	5060	30350	22877	21577	4342	23150	30630	25646	3915	35510
chr2	43902361	44324360	422000	3	0	422000	249537	172463	34791	12363	16427	20939	16175	12657	17079	14582	15525	7765	14624	11122	18029	10210	10971	16277	16486	10039	2223	14247	15509	10244	2630	15118	11888	10842	2326	11874	16609	12376	2189	17862
chr2	44324361	44463360	139000	4	0	139000	87822	51178	12996	4422	5795	8128	5531	3439	4782	5088	5461	2343	3884	3718	7352	3801	4027	7054	5564	2989	616	4836	4350	2629	529	4119	3480	2623	518	3519	5446	3386	559	6014
chr2	44463361	44747360	284000	5	0	284000	176284	107716	24582	8696	11535	16057	11077	7706	10231	10953	11426	5070	8673	7689	13785	7130	8103	13569	11695	6125	1142	9640	9307	5801	1119	8886	7419	5461	855	7407	11546	7726	978	12609
chr2	44747361	45152360	405000	4	0	405000	220156	184844	24928	10812	16144	16049	14536	13389	18846	13459	15644	8481	16265	9990	12826	7733	9377	11676	15242	10508	2375	12290	16909	15001	3544	17294	12965	12311	3091	12933	15113	14928	2224	18115
chr2	45152361	45352360	2e+05	3	0	2e+05	110387	89613	12317	5547	8347	7866	7257	6366	9410	7131	7982	4164	7915	5101	6521	3695	4492	6274	7596	4923	1052	6202	8435	6891	1240	8512	6441	5757	1015	6387	7693	7507	899	9063
chr2	45352361	46207360	855000	2	0	855000	495231	359769	61431	24905	35562	38827	31622	26344	36832	30879	34261	16785	29950	22342	33411	19134	21913	31032	34169	20448	4374	28177	32725	24440	4267	32648	25431	21137	3534	25080	33353	28055	3579	38351
chr2	46207361	46319360	112000	1	0	112000	63040	48960	7546	3155	4438	4703	4082	3660	5008	3912	4311	2279	4200	2915	3904	2349	2821	3756	4529	2851	563	3500	4538	3638	722	4548	3378	3014	611	3362	4217	3943	488	5057
chr2	46319361	46770360	451000	2	0	451000	261337	189663	32748	13238	18488	20466	16620	13757	19332	16133	17929	8823	15401	11795	17643	10267	11780	16916	17967	10987	2372	14759	17427	12990	2485	17006	13100	11423	2093	13104	17347	14508	1962	20132
chr2	46770361	46931360	161000	3	0	161000	87158	73842	9940	4120	6244	5996	5658	5687	8020	5405	5932	3425	6696	3986	4769	3037	3578	4663	6355	4227	878	4809	7097	5738	1076	7083	5116	5102	821	5501	6202	5927	765	7145
chr2	46931361	47041360	110000	2	0	110000	53665	56335	5145	2528	4007	2807	3396	4093	6597	3278	3520	2543	5046	2337	2426	1823	2153	1966	3843	3323	686	3135	5516	5415	1077	5870	4129	4647	861	4385	3875	4493	666	4412
chr2	47041361	47478360	437000	1	0	437000	239522	197478	30413	11627	16480	17242	15673	14450	20802	13762	15118	8517	17666	10827	14558	8949	10481	12956	15769	11563	2568	13642	18801	14670	3375	18981	13837	14603	3078	14462	16280	14991	2513	18344
chr2	47478361	47636360	158000	2	0	158000	83980	74020	9031	4086	6222	5604	5518	5442	7879	5329	5738	3295	6594	3939	4656	2938	3598	4110	5779	4216	859	4907	7159	6224	1177	7138	5230	5248	1075	5441	6000	6010	749	6807
chr2	47636361	47766360	130000	3	0	130000	71560	58440	9157	3531	5073	4932	4832	4201	6364	4153	4466	2648	5347	3254	4238	2548	3001	3815	4582	3551	707	4088	5755	4059	777	5607	4164	4277	750	4406	5049	4311	672	5683
chr2	47766361	47970360	204000	4	0	204000	120755	83245	17354	6210	7868	10038	7910	6115	8154	6722	7408	3585	6940	5213	8798	4986	5359	8095	7950	4821	1192	6932	7575	5032	1344	7113	5649	5359	1346	5784	7727	5852	1076	8491
chr2	47970361	48533360	563000	5	0	563000	338043	224957	46312	16858	22763	28786	21764	16257	22342	20137	22099	10146	18598	14795	24545	13614	15341	23684	22479	13021	2421	18954	20450	13423	2516	19626	15925	12754	2206	15543	21646	16817	2255	24921
chr2	48533361	48716360	183000	6	0	183000	108433	74567	14775	5416	7179	9106	6962	5356	7402	6424	7055	3304	6278	4870	7684	4260	4870	7492	7193	4309	879	5955	6658	4774	1116	6580	5183	4515	804	5092	7109	5531	765	8102
chr2	48716361	48864360	148000	7	0	148000	87407	60593	10904	4320	6664	6952	5849	4157	5984	5611	6399	2836	5210	4139	5688	3278	3997	5417	5784	3439	521	4847	5540	3813	456	5507	4277	3148	394	4283	6000	4916	449	7219
chr2	48864361	48994360	130000	8	0	130000	76093	53907	9089	3714	5636	6007	5025	3927	5368	4939	5383	2608	4631	3648	4949	2838	3462	4868	5284	2970	550	4283	4919	3513	448	4853	3785	2912	370	3749	5271	4337	450	6212
chr2	48994361	49272360	278000	9	0	278000	170662	107338	21999	8417	12161	14981	11040	7502	10247	10982	12054	5103	8819	7964	12466	6427	7798	12701	11347	6040	1019	9043	9437	6017	736	9222	7685	5046	544	7261	11302	8309	831	13498
chr2	49272361	49393427	121067	10	0	121067	75476	45591	9926	3845	5135	6791	4904	3302	4281	4887	5286	2192	3495	3369	5580	3073	3448	5961	5260	2668	430	4054	4152	2391	266	3742	3163	1969	248	2906	4799	3523	362	5657
chr2	49393429	53005361	3611933	10	0	3611933	2316957	1294976	325658	113320	151981	226272	145329	90829	117605	143732	154854	60866	98226	101292	191391	93807	105000	196794	153099	70730	13745	121248	107476	61939	9827	102579	91021	56035	8315	83723	145898	93117	10961	165262
chr2	53005362	53331361	326000	9	0	326000	206827	119173	28860	10253	13667	19467	13208	8435	10829	13237	13949	5657	9174	9293	16231	8435	9347	16783	13980	6705	1251	10845	10225	5926	905	9579	8251	5181	718	7534	13253	8823	938	15059
chr2	53331362	53499361	168000	8	0	168000	103931	64069	14078	5272	6936	9425	6849	4491	6152	6587	7028	3066	4895	4708	7756	4073	4771	7844	7010	3729	641	5522	5803	3614	511	5233	4562	3023	426	4297	6704	4795	496	7701
chr2	53499362	53553945	54584	7	0	54584	32703	21881	4309	1602	2286	2723	2063	1567	2193	2201	2205	1069	1784	1477	2343	1295	1418	2167	2291	1215	254	1773	1942	1280	209	1911	1587	1216	162	1505	2204	1630	209	2492
chr2	53553947	53631362	77416	7	0	77416	45926	31490	5974	2315	3192	3895	3002	2339	3133	2945	3211	1470	2588	1999	3189	1699	1979	2995	3172	1786	379	2486	2884	1889	318	2723	2310	1744	325	2205	3052	2395	342	3479
chr2	53631363	53753362	122000	6	0	122000	75356	46644	10666	3888	5053	6721	4833	3345	4372	4468	4931	2060	3666	3363	5898	3047	3570	5474	4971	2741	529	4099	4206	2509	427	3939	3153	2410	456	3183	4688	3420	472	5440
chr2	53753363	53859362	106000	5	0	106000	63278	42722	9028	3122	4255	5366	4043	3097	4083	3536	3956	1914	3636	2736	4744	2586	2832	4344	4042	2505	559	3613	3794	2446	746	3709	2940	2624	617	2883	3983	3121	538	4600
chr2	53859363	54203362	344000	4	0	344000	205740	138260	29041	10187	13204	17583	13125	10297	13723	11978	12601	6128	11524	9156	15247	8385	9141	14419	13660	8155	1640	11542	12642	8109	1872	12066	9479	8447	1738	9500	13342	9978	1606	14483
chr2	54203363	54584362	381000	5	0	381000	227083	153917	30075	11474	15519	19199	14213	11294	15159	13893	15160	7015	12646	9848	16819	9051	10268	15450	15261	8954	1830	12789	13866	9376	1916	13533	10640	8769	1755	10558	14792	11593	1571	16712
chr2	54584363	54907362	323000	4	0	323000	190026	132974	24101	9527	13329	15558	12061	9850	13368	11918	12763	6265	10655	8618	13590	7665	8327	12430	13214	7568	1796	10729	11846	8284	1782	11516	9513	7630	1581	9213	12625	9946	1509	14221
chr2	54907363	54960160	52798	3	0	52798	30182	22616	3820	1529	2150	2299	1960	1695	2341	1808	2094	1028	1951	1388	1924	1152	1237	1805	2114	1301	326	1663	2130	1549	293	2049	1530	1390	247	1561	2029	1781	246	2406
chr2	54960162	55281363	321202	3	0	321202	191144	130058	26193	9617	12838	16164	12295	9420	12986	10976	12227	5751	10750	8327	14097	7763	8595	13145	12459	7653	1614	10825	11608	7804	1864	11400	9104	7894	1559	9217	12506	9327	1495	13727
chr2	55281364	55506363	225000	4	0	225000	138624	86376	20173	6751	8837	12714	8656	6112	8498	7907	8720	3914	6964	5858	10926	5723	6281	10588	8668	5036	1014	7783	7689	4499	1036	7283	6064	4886	1058	5904	8752	6086	1008	9610
chr2	55506364	55617480	111117	5	0	111117	68183	42934	10327	3360	4223	6160	4278	3120	4218	3777	3918	1822	3501	2916	5547	3006	2926	5083	4375	2542	542	3849	3865	2257	629	3545	2969	2633	612	2958	4184	2864	593	4516
chr2	55617482	55958364	340883	5	0	340883	205878	135005	28272	10502	13827	17980	13377	9480	13160	12285	13673	6119	11176	9214	15259	8043	9311	14199	13395	7736	1558	11456	11965	7718	1716	11565	9588	7520	1562	9043	13354	9990	1428	15410
chr2	55958365	56136364	178000	6	0	178000	108386	69614	14284	5516	7561	9573	7037	4804	6800	6733	7449	3239	5648	4960	8165	4121	4968	7526	7105	3915	809	5851	6171	3991	595	5938	4974	3511	530	4927	7124	5278	634	8261
chr2	56136365	56293364	157000	7	0	157000	94530	62470	12057	4702	6777	7996	6143	4406	5941	6209	6614	2941	4939	4284	6717	3715	4353	6735	6337	3607	598	5221	5624	3799	625	5480	4370	3302	510	4218	6368	4820	499	7091
chr2	56293365	56331364	38000	8	0	38000	23485	14515	3075	1178	1593	2145	1500	1048	1464	1563	1631	690	1064	1073	1785	915	1070	1689	1577	777	143	1334	1277	758	81	1200	1142	682	93	993	1579	1099	115	1665
chr2	56331365	56997364	666000	7	0	666000	425241	240759	59206	21061	27942	40992	27597	16929	22089	26855	28563	11287	17999	19057	33835	16890	19370	35568	28553	13290	2178	22146	20815	11807	1475	19040	17023	10469	1254	15802	27079	17570	1845	30412
chr2	56997365	57463364	466000	6	0	466000	300110	165890	41953	14749	19034	29454	19162	11468	15138	18726	19630	7773	12341	13059	24445	11992	13418	27767	19972	9237	1525	15248	14261	8216	1155	12976	11742	7174	969	10611	18520	11981	1207	21095
chr2	57463365	57621364	158000	7	0	158000	101202	56798	14494	4944	6589	9864	6566	3984	5089	6347	7082	2595	4283	4499	7750	4067	4604	8443	6827	3092	569	5102	4806	2804	388	4489	3983	2396	314	3569	6370	4195	489	7405
chr2	57621365	57774364	153000	8	0	153000	98347	54653	13903	4715	6743	9603	6149	3781	4878	6203	6724	2550	4051	4259	8188	4015	4418	8165	6416	2962	539	5144	4600	2555	363	4335	3890	2337	336	3591	6105	3999	460	7021
chr2	57774365	58090364	316000	7	0	316000	205062	110938	29832	9961	13488	20207	12706	7606	10113	12365	13553	5132	8118	8924	17398	8323	9193	18142	13300	6001	1069	10652	9149	5132	761	8741	7711	4803	709	7183	12630	7847	913	14336
chr2	58090365	58498364	408000	8	0	408000	258655	149345	36675	12883	17184	24510	16308	10308	13644	15761	17126	6773	11059	11413	21144	10632	11686	21548	16834	8466	1601	13695	12748	7845	1422	12114	10346	6877	1214	9811	16092	10941	1385	17953
chr2	58498365	58772364	274000	9	0	274000	172781	101219	24241	8480	11606	16229	10774	7263	9532	10959	11645	4646	7826	7559	13896	6791	7574	13759	11575	5476	1058	9070	8473	5203	769	8337	7369	4706	675	6830	11111	7397	868	12301
chr2	58772365	59522364	750000	10	0	750000	466963	283037	62409	22858	32201	42888	30005	20298	26304	30216	32259	13201	22712	20729	35683	18183	20823	36193	31668	15579	2750	24542	24353	15132	2144	23503	20397	13394	1795	18878	30406	21027	2351	35117
chr2	59522365	60150364	628000	9	0	628000	380567	247433	48941	18748	27132	32962	24861	17793	23634	24829	26913	11913	20254	17037	27068	14185	17012	27284	26163	13790	2383	20303	21776	14834	1975	21641	17943	12281	1646	16580	25235	19320	2054	29508
chr2	60150365	60331364	181000	8	0	181000	106000	75000	13330	5375	7718	8583	7121	5423	7508	6719	7567	3505	6148	4881	6989	3772	4533	6826	7317	4263	823	5672	6912	4973	760	6755	5417	4244	610	5153	7125	5920	729	8327
chr2	60331365	60450364	119000	7	0	119000	65962	53038	7725	3317	4944	4794	4435	3978	5410	4110	4666	2485	4558	2948	3954	2331	2862	3443	4632	3056	655	3768	4909	4142	720	5109	3829	3376	527	3658	4564	4306	548	5239
chr2	60450365	60529364	79000	6	0	79000	43437	35563	5260	2195	3260	3068	2763	2794	3622	2764	3201	1633	3006	1841	2559	1508	1842	2121	3116	2181	496	2337	3456	2827	499	3290	2453	2238	432	2555	2918	2826	391	3546
chr2	60529365	60616364	87000	5	0	87000	49847	37153	6662	2491	3581	4010	3229	2808	3503	2922	3529	1652	3152	2172	3324	1708	2012	3092	3448	2072	548	2591	3187	2735	760	3238	2606	2223	710	2529	3221	2891	502	3890
chr2	60616365	60731364	115000	4	0	115000	64628	50372	8187	3124	4334	4965	4259	3822	5247	3899	4112	2315	4548	2961	4052	2389	2781	3632	4342	3015	635	3658	4880	3367	740	4586	3549	3372	645	3646	4455	3819	642	5020
chr2	60731365	60899364	168000	3	0	168000	95914	72086	12883	4745	6356	7461	6141	5392	7412	5508	5879	3208	6259	4277	6543	3922	4296	5630	6370	4328	960	5609	6700	4718	1188	6610	4974	4889	1018	5099	6409	5281	928	7005
chr2	60899365	61209364	310000	2	0	310000	184490	125510	26658	9275	11738	15596	11821	9316	12487	10324	11198	5568	10482	8085	13590	7519	8224	12609	12011	7455	1749	10462	11318	6998	2031	10919	8708	7900	1928	8696	11911	8913	1656	12853
chr2	61209365	62009364	8e+05	3	0	8e+05	470111	329889	68117	23394	29473	38894	30621	24963	33294	25880	27507	14331	28254	20797	33633	19205	20585	31163	30866	19562	4430	27035	30641	19098	5378	28981	22637	22208	5102	23061	30614	23229	4516	32529
chr2	62009365	62140364	131000	4	0	131000	77871	53129	11215	3863	5194	6315	5080	3752	5360	4397	4760	2422	4618	3440	5533	3173	3678	5070	5036	3181	520	4473	4918	3123	591	4849	3578	3391	544	3684	5057	3786	553	5844
chr2	62140365	62469364	329000	3	0	329000	182057	146943	22554	9055	12753	13122	12108	10711	15402	10894	11848	6744	13051	8233	10974	6696	7905	10005	12309	8799	1793	10305	14179	10963	2140	14067	10108	10193	1844	10367	12519	11394	1591	14372
chr2	62469365	62604364	135000	4	0	135000	80314	54686	10579	4034	5708	6750	5299	3776	5429	4943	5586	2507	4551	3672	5607	3035	3573	5263	5386	3079	612	4275	4927	3355	612	4853	3831	3006	513	3920	5304	4307	493	6213
chr2	62604365	62770364	166000	5	0	166000	101321	64679	13739	5266	6993	8774	6823	4448	6264	6065	6864	3057	5210	4559	7346	3901	4669	7342	6773	3768	618	5513	5789	3659	645	5428	4623	3182	547	4444	6416	4912	610	7751
chr2	62770365	62932364	162000	6	0	162000	102400	59600	14748	5165	6701	9430	6424	4347	5676	6046	6541	2651	4605	4368	8331	4341	4709	8316	6742	3427	612	5723	5183	2966	449	4834	4240	2867	427	3964	6328	4173	494	7170
chr2	62932365	63225364	293000	5	0	293000	183813	109187	26796	9415	11859	16986	11506	7545	10113	10941	11737	4840	8124	7897	15017	7754	8446	14836	12184	6257	1175	9938	9311	5959	1386	8856	7377	5572	1331	7242	11233	7723	1136	12506
chr2	63225365	63424747	199383	6	0	199383	125023	74360	17615	6302	8398	11251	8307	5147	6992	7951	8243	3570	5313	5709	9401	5208	5642	9973	8613	4396	662	6556	6774	3959	555	6063	5160	3482	442	4862	7850	5515	605	8865
chr2	63424749	63523365	98617	6	0	98617	62251	36366	8854	3126	4076	5757	3965	2636	3304	3912	4179	1641	2723	2855	4816	2610	2920	4876	4214	2141	337	3321	3264	1974	247	2935	2473	1612	216	2233	3866	2694	304	4534
chr2	63523366	63637365	114000	5	0	114000	70315	43685	9917	3682	4677	6219	4616	2980	4220	4215	4701	2019	3394	3055	5262	2838	3173	5345	4715	2562	512	3730	3855	2413	446	3625	3048	2151	457	3002	4413	3213	435	5108
chr2	63637366	63882365	245000	4	0	245000	150005	94995	20517	7651	10117	13081	9756	6617	9127	9164	10013	4386	7724	6606	11080	6079	6942	11143	10022	5391	959	8361	8414	5427	999	8001	6454	5038	834	6366	9774	6985	788	11182
chr2	63882366	64279365	397000	5	0	397000	241746	155254	33304	12051	16641	21130	15378	10903	14975	14040	16062	7112	12489	10740	18382	9971	11280	17287	15634	8984	1766	13653	13567	8846	1895	13377	10427	8417	1630	10654	15668	11437	1597	17701
chr2	64279366	64479365	2e+05	4	0	2e+05	112857	87143	12753	5508	8227	8562	7378	6597	8958	7385	7886	4099	7647	5081	7033	4165	4922	6654	7966	5035	893	6475	8218	6456	929	8100	6174	5285	797	6102	7960	6927	747	9079
chr2	64479366	64940365	461000	3	0	461000	263697	197303	33686	13299	18501	20339	16934	14488	20092	15720	17356	8884	16809	11539	17850	10183	11576	16439	17991	11385	2473	15005	17829	13911	3110	17911	13779	12538	2581	14202	17635	14927	2166	19860
chr2	64940366	65484365	544000	2	0	544000	306030	237970	40427	15488	20641	23096	20074	17569	24407	17796	19277	10542	20784	13577	19874	11869	13430	17179	20518	13930	3229	17791	22140	16354	4233	21550	16648	16194	3996	17205	20540	17798	3126	22716
chr2	65484366	65680365	196000	3	0	196000	109937	86063	14116	5459	7512	8055	7253	6433	8911	6852	7135	3845	7695	5201	6638	4004	4710	6118	7557	4980	1036	6168	8321	6092	1284	7778	5982	5759	1057	6172	7589	6644	933	8709
chr2	65680366	65776365	96000	4	0	96000	56682	39318	6870	2844	4101	4807	3776	2908	3839	3795	4124	1787	3154	2521	3852	2036	2538	3729	3977	2244	364	2990	3623	2644	335	3506	2901	2122	273	2752	3816	3098	288	4384
chr2	65776366	66111255	334890	5	0	334890	198566	136324	24363	9841	14505	16569	13286	9775	13412	12784	14095	6419	11471	9266	13533	7458	8984	12803	13465	7885	1293	10850	12439	8522	1129	12162	9724	7141	900	9563	13630	10704	1120	15797
chr2	66111257	66138105	26849	5	0	26849	15783	11066	1945	816	1126	1308	1057	846	1051	1073	1184	510	933	726	1009	576	734	889	1085	668	113	882	1064	661	101	969	794	569	85	720	1084	897	99	1273
chr2	66138107	66247367	109261	5	0	109261	65972	43289	8712	3282	4573	5714	4460	3105	4088	4274	4669	2045	3508	3151	4440	2432	2945	4573	4495	2482	457	3430	3891	2616	419	3713	3080	2101	350	2881	4461	3439	382	5091
chr2	66247368	66430367	183000	4	0	183000	111714	71286	15420	5620	7896	9832	7377	5130	6754	7025	7895	3299	5730	4942	8076	4176	4763	7779	7579	3866	768	6012	6187	4211	718	5972	5099	3576	623	4808	7420	5435	659	8351
chr2	66430368	66558367	128000	5	0	128000	77192	50808	10558	3818	5432	6800	4960	3602	4845	4711	5270	2287	4011	3301	5821	2953	3408	5414	5228	2609	622	4201	4140	3130	744	4270	3826	2794	734	3640	4924	3750	610	5585
chr2	66558368	66661367	103000	6	0	103000	62410	40590	8756	3329	4283	5478	4280	2787	3723	3835	4312	1899	3219	2827	4498	2231	2681	4270	4223	2310	494	3219	3516	2563	507	3401	2891	1971	542	2696	3997	3143	527	4590
chr2	66661368	66788367	127000	7	0	127000	78876	48124	10525	3914	5459	7112	5022	3549	4571	5173	5611	2246	3753	3388	5852	3073	3444	6183	5518	2635	532	4096	4107	2615	302	4044	3499	2196	290	3291	5191	3622	388	5797
chr2	66788368	67342367	554000	8	0	554000	345746	208254	45890	17080	23929	31684	22365	15148	19196	22516	23633	9763	16241	15615	26694	13436	15535	27019	23292	11704	1867	18564	18335	11215	1393	17211	14915	9522	1163	13820	22683	15713	1551	25306
chr2	67342368	67499367	157000	7	0	157000	98335	58665	13902	4806	6598	9126	6409	4161	5405	6259	6395	2734	4615	4459	7726	3861	4378	7500	6570	3239	577	5176	5112	3052	495	4794	4210	2841	440	3955	6342	4321	470	7070
chr2	67499368	67667367	168000	8	0	168000	102513	65487	13167	5111	7330	8928	6898	4577	6305	6694	7190	3112	5203	4804	7282	3910	4700	7300	6891	3766	576	5478	5999	3648	457	5559	4695	3189	328	4592	6889	5060	451	7909
chr2	67667368	67946367	279000	7	0	279000	163888	115112	20282	8082	11909	13266	10766	8365	11467	10708	11811	5416	9770	7616	10682	6053	7327	10366	11298	6655	1103	8860	10824	7463	945	10401	8009	6193	742	8006	11175	9322	910	13206
chr2	67946368	68413367	467000	6	0	467000	283352	183648	39144	14357	19090	24349	18317	13247	17874	17353	18612	8416	14667	12748	20867	11306	12451	20552	19059	10586	2140	15541	16457	10552	2114	15490	12853	9946	2002	12465	18422	13529	1906	20586
chr2	68413368	68904367	491000	7	0	491000	294911	196089	37615	14766	20390	25054	18877	14179	19349	18588	20372	9287	15910	13237	20961	11210	12952	22163	19998	11175	2123	16146	17872	12087	2022	16937	13658	10277	1674	13312	19465	15379	1757	22206
chr2	68904368	69061367	157000	6	0	157000	94206	62794	12055	4608	6677	8177	6245	4420	6088	6083	6660	3021	5188	4324	6557	3376	4133	6594	6164	3504	638	5119	5761	3900	573	5377	4557	3228	511	4268	6353	4979	538	7322
chr2	69061368	69185367	124000	5	0	124000	71670	52330	8454	3562	5229	5746	4625	3784	5409	4702	5060	2473	4431	3279	4852	2574	3027	4463	4866	2778	587	4162	4868	3595	545	4680	3802	3143	425	3634	4984	4173	467	5619
chr2	69185368	69281367	96000	4	0	96000	55565	40435	6765	2775	3919	4463	3645	3054	4164	3560	3852	1851	3497	2586	3660	2025	2403	3344	3881	2356	371	3097	3885	2755	386	3598	2871	2308	304	2837	3787	3205	343	4451
chr2	69281368	69475367	194000	3	0	194000	112913	81087	15771	5537	7387	9268	7277	6053	8183	6303	6935	3500	7038	4954	7980	4575	5002	7149	7440	4749	1067	6408	7454	5118	1266	7337	5534	5335	1219	5732	7388	5973	932	8134
chr2	69475368	69617367	142000	2	0	142000	82432	59568	10659	4173	5901	6136	5222	4592	6136	5036	5470	2760	5173	3735	5518	3252	3741	4927	5662	3470	717	4928	5466	3603	653	5352	4214	3535	579	4250	5644	4467	605	6422
chr2	69617368	70326367	709000	1	0	709000	400530	308470	53898	19518	26452	30539	25590	23177	31376	23034	24513	13647	27232	17902	26406	15749	17716	23781	26568	18264	4181	23077	28779	20677	5595	28187	21260	21496	5303	21787	26569	22801	4199	29725
chr2	70326368	70485367	159000	2	0	159000	89560	69440	10451	4429	6280	6571	5854	5098	7113	5715	5919	3220	5933	4356	5507	3247	4319	5546	6195	4143	696	4960	6718	5187	712	6763	4813	4352	588	4885	6055	5698	638	7037
chr2	70485368	70821586	336219	3	0	336219	188954	147265	22369	9435	13676	14009	12217	10951	15167	12046	13004	6770	12384	8637	11899	6868	8149	11372	13193	8609	1755	10467	13889	11140	1980	13675	10520	9341	1606	10294	12779	11594	1481	14941
chr2	70821588	70835702	14115	3	0	14115	7283	6832	769	370	570	441	512	508	787	434	553	332	623	326	316	216	265	261	549	381	82	414	696	592	87	693	454	501	53	494	541	595	54	644
chr2	70835704	70938369	102666	3	0	102666	54745	47921	6158	2745	3795	3816	3581	3525	4957	3223	3688	2200	4256	2409	3087	1856	2339	3110	3872	2857	578	3019	4533	4042	998	4668	3295	3342	885	3278	3586	4000	585	4381
chr2	70938370	71242369	304000	2	0	304000	166811	137189	18544	7917	11293	12330	10448	10570	14030	9900	10923	6238	11673	8059	10169	6823	7389	10505	12075	8059	1910	9504	12327	11465	2558	13107	9090	8866	2163	9170	11455	11067	1767	12604
chr2	71242370	71582369	340000	3	0	340000	192257	147743	24295	9541	13216	14819	12014	10824	15366	11645	12832	6633	12326	8688	12730	7440	8266	11620	13331	8599	1950	10559	13714	11188	2300	13567	10125	9566	1989	10376	12680	11416	1711	14672
chr2	71582370	72114467	532098	4	0	532098	287228	244870	30550	13406	20897	20136	18193	17993	25959	19122	20330	11392	21455	13511	15916	9764	12137	16467	20512	13804	2793	15445	23847	21539	3096	24038	16998	16569	2493	17046	19910	20608	2252	23918
chr2	72114469	72254370	139902	4	0	139902	77479	62423	8987	3714	5686	5763	4902	4436	6286	4765	5456	2775	5124	3419	4805	2927	3548	4885	5346	3406	726	4374	5682	5238	1148	5828	4270	4296	996	4338	5091	4955	624	6104
chr2	72254371	72581370	327000	5	0	327000	207938	119062	29390	10439	13699	19488	13135	8108	11025	12910	14045	5541	8979	9275	16444	8469	9668	17321	13708	6733	1100	11016	10320	6037	804	9676	8043	5360	798	7627	13107	8707	974	15052
chr2	72581371	72728370	147000	4	0	147000	92621	54379	13708	4693	6152	8307	5978	3848	5013	5429	6115	2463	4188	4175	7059	3677	4345	7471	6122	3192	518	4848	4915	2869	423	4441	3602	2569	400	3537	5628	4018	423	6872
chr2	72728371	72864370	136000	3	0	136000	82837	53163	11619	4209	5338	7197	5350	3779	5016	4969	5163	2339	4491	3657	6229	3404	3852	6223	5425	3132	563	4611	4839	3120	553	4692	3581	2956	495	3546	5269	3996	537	5848
chr2	72864371	73072234	207864	2	0	207864	106618	101246	11251	4949	7675	6738	6584	7321	10952	6636	7188	4528	9147	4691	5590	3664	4337	5365	7619	5592	1264	5987	9604	9568	2053	10053	6946	7942	1802	7262	7325	8176	1243	8810
chr2	73072236	73357371	285136	2	0	285136	149537	135599	16625	7076	10883	9820	9890	9899	14305	8738	9954	6003	12224	6733	7935	5428	6477	7546	10352	7902	1594	8558	12972	11659	2609	13352	9233	10255	2471	9727	10275	10777	1610	12252
chr2	73357372	73447772	90401	3	0	90401	55036	35365	7416	2812	3725	4669	3508	2446	3441	3210	3623	1629	2939	2485	4075	2301	2590	4166	3640	2059	383	3106	3088	1996	385	3152	2302	1911	356	2309	3575	2655	320	4127
chr2	73447773	73447890	118	3	0	118	83	35	19	3	8	8	4	2	2	3	5	0	2	4	11	1	5	5	4	0	0	2	2	0	0	4	2	3	0	6	3	3	0	5
chr2	73447891	73448097	207	3	0	207	134	73	20	6	10	11	9	4	7	5	7	6	8	7	11	4	8	9	8	2	0	10	5	1	0	9	3	3	0	4	9	9	0	10
chr2	73448101	73628372	180272	3	0	180272	109676	70596	15010	5776	7403	9156	7125	5010	7005	6800	7632	3344	5498	4954	7578	4662	4898	7824	7627	4317	808	6041	6524	3956	690	5920	4772	3436	575	4501	7017	5381	689	8341
chr2	73628373	74089372	461000	2	0	461000	257827	203173	32137	13035	17892	18672	16739	14942	21270	15719	17190	9405	17305	11767	15670	9961	11319	14804	17876	12079	2513	14875	19109	14690	3177	18949	13899	13535	2705	14097	17785	15621	2397	19864
chr2	74089373	74600372	511000	1	0	511000	269585	241415	31106	12822	19168	17633	17022	17160	25312	15736	17672	10931	22136	12654	14929	9935	11837	13531	17758	14145	3078	15867	22724	20093	5162	23571	16051	17983	4640	16950	18698	19329	3300	22065
chr2	74600373	75017372	417000	2	0	417000	237341	179659	29240	11743	16351	18385	15336	13057	18238	15089	15903	8434	15348	11192	15240	8744	10610	14429	16232	10322	2171	13253	16597	12550	2655	16454	12518	11323	2329	12378	16373	14061	1981	18462
chr2	75017373	75105952	88580	3	0	88580	51774	36806	5879	2559	3686	4182	3347	2787	3760	3448	3600	1731	3201	2472	3479	1949	2279	3413	3600	2115	347	2964	3445	2424	264	3249	2668	1932	239	2555	3629	2911	306	4158
chr2	75105954	75115373	9420	3	0	9420	6403	3017	1048	292	406	695	353	194	262	377	445	118	217	257	595	252	252	639	379	138	33	306	226	128	17	230	213	103	14	192	368	233	26	410
chr2	75115374	75219373	104000	4	0	104000	61878	42122	7948	3075	4361	5351	4047	2820	4181	3857	4441	1946	3508	2848	4299	2314	2739	4142	3961	2311	473	3410	3764	2718	457	3712	3016	2239	441	2876	4165	3383	405	4790
chr2	75219374	75340373	121000	5	0	121000	73784	47216	9544	3572	5164	6533	4793	3352	4714	4716	5102	2266	3820	3320	5374	2827	3298	5387	5027	2549	420	4022	4264	2677	356	3921	3379	2444	288	3361	4905	3548	362	5693
chr2	75340374	75589373	249000	6	0	249000	150206	98794	19059	7361	10512	12965	9781	6912	9700	9824	10535	4685	8000	6990	10522	5721	6746	10891	10145	5630	950	7955	8968	6129	800	8573	7065	4984	682	6703	10040	7727	716	11727
chr2	75589374	75731373	142000	7	0	142000	85480	56520	11363	4301	5779	7271	5489	4054	5474	5309	5665	2547	4664	3898	6198	3385	3831	6250	5757	3158	650	4723	5056	3372	679	4753	3941	3063	661	3933	5572	4267	596	6339
chr2	75731374	75863373	132000	8	0	132000	80898	51102	10743	4013	5530	7117	5373	3556	4963	5107	5486	2436	4125	3653	5803	3055	3661	6275	5392	2905	493	4270	4587	3000	405	4266	3664	2536	319	3565	5356	3817	349	6178
chr2	75863374	77177373	1314000	9	0	1314000	841536	472464	119469	40995	54820	82012	53462	33367	42778	52626	56284	22208	35732	37068	68081	33306	37593	71734	56114	25553	4980	43230	39924	22912	3611	37118	33151	20709	3175	30694	53044	34391	3976	59881
chr2	77177374	77354373	177000	10	0	177000	115918	61082	16500	5656	7151	11737	7209	4382	5178	7262	7438	2782	4543	4885	9897	4671	5286	11340	7717	3331	657	5786	4993	2794	433	4717	4315	2497	379	3813	7006	4315	487	7841
chr2	77354374	77525373	171000	9	0	171000	111886	59114	16024	5228	7150	11409	6715	4298	5212	6793	7230	2758	4488	4847	9842	4584	4980	10326	7293	3137	693	5745	4708	2509	481	4487	4121	2475	361	3781	6896	4064	545	7818
chr2	77525374	80186117	2660744	10	0	2660744	1680541	980203	232185	82025	110719	159941	106373	69888	90658	105474	112533	45690	76707	74257	133779	66346	74996	138969	112723	53768	10064	87394	83239	50180	8074	79927	69468	45392	6816	63970	106963	72080	8356	121788
chr2	80186119	80920914	734796	10	0	734796	452673	282123	58889	22415	31277	40885	29172	19839	26705	28865	31172	13418	22408	20858	34233	17600	20898	34038	29904	16102	2900	24366	24556	15705	2318	24117	19997	13800	1874	18627	30124	21088	2466	34178
chr2	80920916	82888375	1967460	10	0	1967460	1271401	696059	179110	62081	81367	126043	80252	48443	62639	79034	84077	32207	52620	56119	105163	51494	56863	113888	84213	38076	6879	65057	58025	33015	5034	54284	48529	29439	4241	44243	79600	49828	5690	89905
chr2	82888376	82987375	99000	9	0	99000	63673	35327	9017	3035	4000	6501	3964	2590	3306	3839	4176	1560	2556	2666	5396	2489	2789	5788	4177	1908	367	3222	2946	1736	298	2714	2627	1632	304	2437	3949	2419	311	4279
chr2	82987376	83999375	1012000	10	0	1012000	650036	361964	90377	31281	41446	63855	40902	25653	32768	40605	42382	17121	27774	28819	53298	25823	29013	58918	43185	19827	3667	33199	30306	17177	2880	28416	25493	16030	2580	23107	40943	25745	3129	46279
chr2	83999376	84262375	263000	9	0	263000	161929	101071	21234	7944	11166	14412	10449	7236	9780	10256	11280	4730	8313	7422	11793	6195	7303	12415	11112	5478	917	8598	8908	5622	726	8543	7127	4864	579	6851	10574	7835	766	12570
chr2	84262376	84368375	106000	8	0	106000	62945	43055	7998	3257	4553	5116	4316	3014	4432	4022	4528	2095	3532	2981	4082	2268	2719	4031	4433	2515	379	3307	3934	2690	341	3750	3129	2146	274	3021	4288	3364	324	5159
chr2	84368376	84491375	123000	7	0	123000	73858	49142	9497	3833	5142	6285	4928	3444	4881	4657	4979	2335	3881	3402	5352	2978	3374	4888	5150	2964	475	4001	4486	3023	420	4438	3430	2553	308	3297	4845	3827	383	5542
chr2	84491376	84659375	168000	6	0	168000	105536	62464	14619	5300	7110	9783	6891	4357	5759	6721	7261	2990	4778	4752	8042	4055	4864	8252	7045	3504	601	5552	5430	3242	482	5047	4500	2743	409	4128	6753	4712	532	7784
chr2	84659376	84768375	109000	5	0	109000	65980	43020	8571	3268	4597	5638	4294	3077	4162	4303	4570	2012	3541	3051	4639	2490	2949	4818	4479	2377	413	3578	3956	2595	324	3666	3081	2180	287	2910	4320	3389	368	5095
chr2	84768376	84849375	81000	4	0	81000	46677	34323	5748	2326	3302	3691	3154	2654	3553	2976	3243	1662	2738	2154	2921	1646	2036	2871	3462	1999	317	2510	3357	2455	272	3174	2376	2037	261	2306	3143	2767	248	3639
chr2	84849376	84944679	95304	3	0	95304	51852	43452	5954	2491	3502	3655	3420	3284	4502	3109	3255	1998	3736	2413	2974	1836	2227	3495	3403	2707	558	2941	4275	3267	862	3966	3073	3172	793	3032	3563	3224	587	4028
chr2	84944681	84955376	10696	3	0	10696	5667	5029	755	276	351	341	395	392	524	323	335	214	503	274	238	220	236	290	385	295	78	344	497	335	104	480	337	397	92	357	415	388	90	433
chr2	84955377	85173376	218000	2	0	218000	123091	94909	16563	6037	7988	9385	7941	7181	9585	7119	7539	4259	8205	5511	7930	4924	5389	7535	8326	5629	1258	7188	8841	6305	1926	8400	6402	6625	1860	6633	8256	6913	1400	8945
chr2	85173377	85921376	748000	1	0	748000	390161	357839	44861	18935	27016	25079	25160	26987	39153	22956	25128	16043	32297	17763	20742	13733	16313	17994	27144	20963	4850	22741	34654	29441	7065	34831	25036	27596	6039	26247	27423	27992	4856	30960
chr2	85921377	86088376	167000	2	0	167000	89365	77635	10057	4467	6383	5989	5963	5978	8503	5539	5982	3692	6646	4040	4894	3115	3813	4304	6466	4647	958	5181	7550	6171	1131	7481	5616	5577	963	5532	6351	5939	920	7150
chr2	86088377	86769376	681000	3	0	681000	398399	282601	53290	20173	26941	32020	25848	20856	28764	23566	26063	12885	23552	18019	27223	15709	17593	25897	27155	16488	3419	22561	25791	17701	4027	24966	19800	17163	3590	19419	26287	21132	3196	29904
chr2	86769377	86895376	126000	4	0	126000	70443	55557	9281	3496	4785	5338	4633	4308	5654	4169	4472	2398	4801	3028	4514	2674	2783	4107	4953	3244	764	3916	5050	4119	1074	4952	4050	3798	924	4014	4711	4034	812	5142
chr2	86895377	87333379	438003	5	0	438003	258364	179639	34837	12993	17475	21326	16252	13060	18039	15926	17074	8391	14929	11296	18467	10047	11074	17176	17341	10336	2344	14471	16142	10802	2696	15591	12682	10913	2414	12217	17112	13180	2160	19238
chr2	87333380	87333429	50	8	0	50	29	21	5	0	3	2	0	1	2	4	0	0	0	0	6	2	0	2	1	1	0	1	4	2	0	2	2	5	0	3	0	0	0	0
chr2	87333430	87333504	75	5	0	75	35	40	3	2	3	2	5	2	4	1	1	2	4	3	1	0	0	1	0	3	1	2	6	3	0	6	2	4	0	2	4	5	0	1
chr2	87333505	87333612	108	8	0	108	57	51	9	3	0	4	1	2	7	3	2	2	6	0	4	6	6	1	4	4	1	4	3	2	0	8	3	6	1	4	3	2	2	3
chr2	87333613	87333742	130	5	0	130	78	52	28	4	3	3	8	6	5	0	0	2	5	4	2	2	3	3	5	3	2	4	5	2	0	4	5	4	1	4	4	3	0	4
chr2	87333743	87333940	198	8	0	198	116	82	21	9	11	4	6	5	10	5	7	3	10	9	10	0	3	1	8	0	2	7	4	4	1	9	3	6	1	8	11	8	0	10
chr2	87333950	87334017	68	8	0	68	42	26	5	2	2	4	4	1	1	6	0	0	0	1	4	4	3	5	3	3	0	1	5	1	0	1	4	2	0	3	0	0	0	1
chr2	87334019	87334170	152	8	0	152	76	76	9	8	3	3	9	5	10	3	4	1	11	3	1	1	3	1	7	1	0	6	9	3	0	6	6	9	1	8	6	5	1	7
chr2	87334171	87334301	131	8	0	131	81	50	3	7	6	10	7	1	7	2	5	0	2	5	10	4	3	7	6	2	0	4	6	5	0	4	1	4	0	5	4	4	0	5
chr2	87334308	87334849	542	8	0	542	307	235	31	16	29	21	17	15	23	21	21	18	17	11	28	12	13	13	27	18	2	14	22	18	1	29	15	11	0	10	13	23	3	28
chr2	87334850	87334898	49	5	0	49	27	22	2	3	1	2	3	2	2	4	1	0	0	1	2	1	0	3	1	2	0	2	4	0	0	1	4	4	0	0	2	0	0	0
chr2	87334899	87335002	104	8	0	104	62	42	9	3	2	6	2	3	4	5	3	1	3	1	6	2	6	6	1	1	1	5	3	5	0	2	6	2	1	5	3	2	0	3
chr2	87335006	87335495	490	8	0	490	269	221	40	15	19	15	16	21	27	17	20	13	20	6	13	10	7	10	23	15	3	18	23	10	2	19	14	12	2	19	21	18	3	17
chr2	87335500	87335725	226	8	0	226	132	94	16	6	13	7	9	8	9	11	12	5	6	5	5	7	3	9	12	7	0	7	9	5	1	8	1	7	1	6	15	4	0	10
chr2	87335727	87335744	18	8	0	18	13	5	5	1	0	2	1	1	0	0	1	0	1	0	0	0	0	0	1	0	0	0	0	0	0	1	0	0	0	0	1	1	0	0
chr2	87335746	87336053	308	8	0	308	170	138	16	5	9	19	13	12	14	7	8	3	12	8	12	11	8	11	10	8	1	12	14	8	4	14	10	15	2	9	12	9	1	9
chr2	87336055	87336072	18	8	0	18	8	10	0	1	0	0	1	0	1	1	0	0	3	1	0	0	0	0	0	1	0	0	1	0	0	1	2	0	0	0	0	1	0	2
chr2	87336074	87336149	76	8	0	76	45	31	17	0	1	2	3	5	4	0	1	1	5	3	0	0	1	1	2	1	0	3	5	1	0	1	3	3	0	2	2	2	0	5
chr2	87336150	87336564	415	8	0	415	255	160	30	16	21	21	18	9	15	12	26	8	19	11	14	10	14	10	21	6	2	13	9	9	0	16	5	3	0	10	19	16	0	30
chr2	87336568	87336922	355	8	0	355	234	121	27	8	20	17	13	10	10	18	14	7	7	11	18	13	15	26	18	5	1	14	7	2	0	6	12	3	0	13	13	5	1	19
chr2	87336923	87337036	114	8	0	114	81	33	11	3	7	10	7	2	2	6	6	4	2	3	7	1	1	7	6	0	0	4	2	0	0	2	2	1	0	1	7	3	0	5
chr2	87337038	87337811	774	8	0	774	487	287	50	24	35	48	21	17	33	40	27	19	11	25	59	30	17	30	45	13	1	31	23	16	5	22	16	14	4	14	27	24	2	29
chr2	87337817	87337968	152	8	0	152	65	87	8	3	0	4	1	9	9	1	3	4	7	4	3	3	5	1	3	9	4	3	9	7	3	9	3	9	4	4	5	5	3	5
chr2	87337970	87338030	61	8	0	61	24	37	0	0	2	0	1	4	5	0	1	1	6	2	0	0	2	0	1	1	0	3	3	2	0	3	5	3	1	3	1	3	1	5
chr2	87338032	87338062	31	8	0	31	23	8	16	0	0	0	1	0	0	0	0	2	3	0	0	0	0	0	0	0	1	1	0	0	1	0	0	0	0	0	1	1	0	2
chr2	87338063	87338503	441	8	0	441	226	215	13	11	19	13	12	14	32	12	20	11	20	9	11	6	7	14	18	10	1	13	18	18	2	22	19	13	3	17	16	19	0	26
chr2	87338505	87338532	28	8	0	28	11	17	0	1	2	0	0	1	2	2	3	0	0	0	0	0	0	0	1	1	0	0	3	2	0	0	1	1	0	4	0	2	0	0
chr2	87338533	87338619	87	8	0	87	44	43	6	3	1	1	1	4	6	3	4	0	8	2	0	1	1	2	1	3	0	4	4	3	0	6	3	1	0	2	5	6	0	4
chr2	87338621	87338654	34	8	0	34	27	7	4	0	2	5	2	0	1	0	2	0	0	1	3	1	1	3	0	0	0	1	0	0	0	0	1	0	0	1	2	0	0	2
chr2	87338656	87339127	472	8	0	472	245	227	23	13	10	15	12	17	43	13	11	12	18	15	14	12	9	7	20	17	0	17	28	12	2	18	19	15	0	22	18	15	0	23
chr2	87339128	87339622	495	8	0	495	327	168	52	15	19	36	17	11	20	19	30	7	13	11	24	13	17	22	12	6	1	27	18	3	0	7	14	6	1	11	23	12	2	24
chr2	87339624	87339709	86	8	0	86	56	30	7	3	4	6	4	1	2	3	5	4	1	2	3	1	5	3	2	1	2	4	1	0	0	4	3	0	0	1	4	4	0	4
chr2	87339711	87340285	575	8	0	575	389	186	54	21	18	41	22	11	18	37	23	9	10	23	35	17	11	39	30	13	1	14	15	5	1	16	9	5	2	8	33	14	0	18
chr2	87340287	87340358	72	8	0	72	53	19	16	0	7	3	1	0	1	4	3	1	2	2	7	2	0	3	2	0	0	1	2	0	0	1	1	1	0	2	1	2	0	5
chr2	87340360	87341088	729	8	0	729	336	393	22	14	15	10	16	58	46	35	14	14	37	9	9	15	6	16	59	14	10	18	35	37	4	39	39	32	2	28	21	32	2	19
chr2	87341090	87341120	31	8	0	31	13	18	0	1	0	0	0	3	3	0	1	1	2	0	0	0	2	0	2	1	0	2	0	1	0	1	3	1	0	1	1	0	0	3
chr2	87341122	87341519	398	8	0	398	206	192	34	11	13	9	10	19	26	8	11	10	9	7	13	12	5	8	16	10	4	22	15	15	8	11	15	17	7	15	17	7	7	5
chr2	87341520	87341559	40	8	0	40	23	17	3	1	1	2	1	0	1	2	2	0	2	0	1	2	2	2	1	0	1	1	1	2	0	2	1	1	1	1	0	2	0	2
chr2	87341561	87341849	289	8	0	289	88	201	1	4	6	0	4	13	22	4	5	4	15	3	1	2	2	1	6	8	6	4	16	17	17	15	16	27	19	22	5	12	6	4
chr2	87341851	87341898	48	8	0	48	15	33	2	1	0	0	1	2	3	1	0	2	2	1	0	0	0	0	1	3	1	0	3	9	3	2	1	1	0	2	1	3	0	1
chr2	87341900	87341966	67	8	0	67	25	42	0	0	1	0	0	6	5	0	1	2	9	0	0	0	0	0	3	1	1	2	1	2	0	5	4	1	4	5	4	4	1	3
chr2	87341968	87342059	92	8	0	92	42	50	1	1	2	1	1	13	3	7	2	3	2	1	0	3	0	1	8	1	8	2	0	1	0	3	11	1	6	0	5	1	0	2
chr2	87342062	87342119	58	8	0	58	22	36	0	1	2	0	1	8	1	0	2	1	6	0	0	0	0	0	4	0	4	2	1	2	0	4	2	1	4	1	2	3	2	2
chr2	87342121	87342277	157	8	0	157	65	92	7	4	2	2	3	8	12	2	4	5	8	2	1	1	2	2	6	6	4	2	7	6	4	9	7	9	5	6	4	5	3	7
chr2	87342279	87342324	46	8	0	46	8	38	0	0	0	0	0	3	2	2	0	0	1	0	0	0	0	0	1	2	0	0	2	6	6	2	3	10	2	1	1	0	0	0
chr2	87342326	87342380	55	8	0	55	15	40	0	0	1	0	0	1	7	0	1	1	4	0	0	0	0	0	0	0	1	1	3	3	1	4	4	5	3	7	1	2	3	0
chr2	87342384	87342460	77	8	0	77	23	54	0	0	1	0	0	6	4	3	1	1	5	0	0	1	0	1	3	4	1	0	6	9	4	4	3	6	0	5	0	4	2	1
chr2	87342462	87342534	73	8	0	73	25	48	0	1	2	0	1	4	5	0	2	5	5	0	0	0	0	0	2	2	0	5	3	8	3	2	2	2	3	3	3	4	2	2
chr2	87342536	87342574	39	8	0	39	13	26	0	1	0	0	0	0	2	0	1	1	4	0	0	2	2	0	0	4	0	0	1	6	0	8	0	0	0	0	1	4	0	0
chr2	87342575	87342637	63	8	0	63	27	36	1	2	4	0	1	4	1	2	4	0	2	0	1	0	5	0	2	2	0	2	2	6	0	5	2	4	0	3	2	2	0	2
chr2	87342639	87342676	38	8	0	38	10	28	0	0	0	0	0	1	2	0	0	1	4	0	0	1	1	0	0	2	0	1	1	3	5	1	2	5	0	1	0	1	1	3
chr2	87342678	87342792	115	8	0	115	36	79	0	1	2	0	1	9	5	2	2	2	12	0	0	0	0	0	2	1	6	3	6	13	1	5	6	7	5	6	3	6	2	5
chr2	87342793	87342803	11	5	0	11	8	3	0	2	0	0	1	0	0	0	0	0	0	0	2	0	0	2	1	1	0	0	0	0	0	0	0	0	0	0	0	0	0	0
chr2	87342804	87342871	68	8	0	68	35	33	0	1	4	2	1	4	1	5	4	2	2	3	2	1	1	2	2	2	1	3	3	2	1	1	4	1	1	0	2	3	1	4
chr2	87342873	87342951	79	8	0	79	47	32	8	5	3	4	6	2	2	3	4	0	3	0	2	2	0	2	3	4	0	2	5	3	0	3	2	1	0	1	2	3	0	2
chr2	87342954	87343041	88	8	0	88	48	40	4	1	4	5	5	3	1	7	3	2	2	2	2	2	2	2	6	1	0	1	4	3	0	4	3	4	1	3	4	3	1	1
chr2	87343043	87343121	79	8	0	79	40	39	1	2	0	4	1	4	4	0	2	0	5	2	3	0	5	6	3	2	1	0	3	3	0	7	1	4	1	4	3	4	0	2
chr2	87343123	87343372	250	8	0	250	138	112	18	6	12	7	8	9	11	9	14	5	10	5	3	6	6	9	8	11	1	6	9	6	1	10	10	3	4	7	9	6	4	15
chr2	87343377	87343435	59	8	0	59	34	25	5	0	2	3	2	4	2	3	3	1	4	2	0	0	0	2	2	3	0	0	4	0	0	1	2	1	0	1	4	1	0	5
chr2	87343437	87343501	65	8	0	65	26	39	3	0	3	0	1	3	5	0	2	2	5	2	0	0	0	0	2	1	0	2	1	5	3	3	3	2	1	4	3	3	0	4
chr2	87343503	87343523	21	8	0	21	8	13	1	0	2	0	1	2	0	0	1	0	1	0	0	0	0	0	1	1	0	0	1	2	0	2	0	1	0	1	0	2	0	0
chr2	87343525	87343606	82	8	0	82	36	46	0	1	3	1	2	3	4	4	3	0	9	1	0	1	3	0	3	0	0	2	5	3	0	6	3	4	0	5	1	7	0	6
chr2	87343609	87343651	43	8	0	43	19	24	1	1	2	1	1	0	4	1	3	3	2	0	0	0	0	0	0	2	0	1	3	2	0	3	0	2	0	2	3	2	0	2
chr2	87343653	87344809	1157	8	0	1157	657	500	109	47	32	47	60	41	54	36	31	21	51	33	35	15	23	21	63	23	5	33	37	33	11	39	45	31	6	38	46	33	6	50
chr2	87344810	87344844	35	6	0	35	17	18	2	2	1	0	1	1	3	1	2	1	2	1	0	0	0	0	2	0	0	1	2	2	0	1	1	0	0	1	1	3	0	2
chr2	87344845	87345267	423	8	0	423	279	144	54	18	27	24	15	5	12	15	26	5	8	5	29	6	7	22	12	8	5	8	16	4	3	11	7	9	0	16	12	13	0	19
chr2	87345268	87345303	36	6	0	36	20	16	3	3	1	1	2	1	3	1	2	0	1	0	1	1	0	0	3	2	0	0	1	0	0	1	2	0	0	2	0	0	1	2
chr2	87345304	87345727	424	8	0	424	231	193	32	14	15	14	11	28	19	7	15	9	13	10	16	5	10	11	28	6	10	12	17	14	2	15	11	12	6	13	9	16	4	18
chr2	87345730	87346501	772	8	0	772	520	252	87	28	22	61	25	18	19	38	33	10	19	12	53	26	24	43	38	20	4	20	17	18	1	26	17	7	0	10	28	17	1	28
chr2	87346502	87347114	613	8	0	613	397	216	56	19	33	29	23	18	15	25	23	12	15	17	35	23	15	37	31	13	4	24	21	6	0	19	12	7	3	8	18	20	3	27
chr2	87347115	87347156	42	6	0	42	33	9	3	0	3	6	2	0	0	2	3	1	0	0	3	1	2	6	0	0	0	2	0	0	0	0	1	0	0	1	3	0	0	1
chr2	87347157	87347370	214	8	0	214	104	110	14	7	9	4	5	6	13	2	10	3	7	4	5	3	9	2	6	9	1	3	10	13	2	14	4	12	2	10	6	5	1	11
chr2	87347371	87347445	75	6	0	75	38	37	2	2	2	7	5	1	3	5	5	2	1	1	1	0	0	1	2	3	0	0	5	5	1	2	3	3	0	3	4	2	1	1
chr2	87347446	87347615	170	8	0	170	72	98	2	2	3	1	3	13	11	6	1	5	9	4	2	4	3	3	10	5	1	7	8	6	4	7	10	7	5	8	5	7	2	4
chr2	87347623	87347948	326	8	0	326	168	158	19	11	13	8	12	12	13	10	7	4	15	7	13	6	12	5	13	9	0	11	15	11	3	22	10	18	1	10	9	13	2	10
chr2	87347949	87347963	15	6	0	15	6	9	0	0	1	1	0	0	1	0	0	0	0	1	2	0	0	0	0	0	0	0	1	3	0	1	0	1	0	1	0	0	0	0
chr2	87347964	87348283	320	8	0	320	164	156	20	8	14	7	13	18	13	7	10	6	12	8	6	8	8	4	16	7	4	14	9	13	5	10	14	11	9	8	12	6	2	16
chr2	87348284	87348331	48	6	0	48	18	30	0	0	2	0	2	0	1	1	1	1	4	1	0	1	3	0	0	1	0	1	1	10	0	3	1	3	0	2	2	1	0	4
chr2	87348332	87348616	285	8	0	285	87	198	2	2	8	0	3	11	22	1	6	8	18	1	0	1	3	0	2	14	3	3	21	32	8	25	7	27	7	15	7	14	4	8
chr2	87348617	87348702	86	6	0	86	30	56	1	3	2	0	1	4	6	0	3	1	7	0	1	1	0	0	2	5	0	2	4	8	3	6	2	5	2	4	3	3	2	3
chr2	87348703	87348760	58	8	0	58	8	50	0	0	0	0	0	0	4	0	0	0	4	0	0	0	0	0	0	0	0	0	2	0	6	3	2	11	17	3	0	1	1	2
chr2	87348761	87348900	140	6	0	140	30	110	0	0	0	0	0	0	8	0	0	9	12	0	0	0	0	0	7	0	2	0	1	0	23	4	1	16	27	7	0	12	0	9
chr2	87348901	87348954	54	8	0	54	10	44	0	0	0	0	0	0	2	0	0	2	6	0	0	0	0	0	2	0	0	0	0	0	9	3	0	7	11	2	0	5	0	3
chr2	87348955	87349153	199	6	0	199	41	158	0	0	0	0	0	0	7	0	0	9	18	2	0	0	2	2	6	0	4	0	1	0	36	6	0	26	40	9	0	17	0	12
chr2	87349154	87349325	172	8	0	172	60	112	1	3	3	2	3	7	11	2	5	2	18	1	0	1	0	1	7	2	2	2	2	5	11	8	11	10	13	11	3	8	4	11
chr2	87349335	87349648	314	8	0	314	111	203	6	7	6	2	9	18	23	3	4	8	8	5	2	2	4	4	9	13	7	6	19	25	13	12	22	22	13	15	3	9	5	8
chr2	87349650	87350767	1118	8	0	1118	621	497	75	39	34	48	48	36	46	47	42	16	15	42	30	30	31	41	46	35	5	35	52	65	14	31	32	31	6	29	47	32	5	31
chr2	87350768	87350862	95	8	0	95	68	27	17	6	6	7	7	0	3	0	5	2	1	3	6	0	2	2	4	2	0	2	3	0	0	1	0	1	0	3	3	1	0	6
chr2	87350863	87350965	103	6	0	103	80	23	18	6	6	8	5	1	0	2	5	0	0	4	10	4	4	5	6	1	1	3	0	0	1	0	1	0	0	1	1	0	2	6
chr2	87350966	87351121	156	8	0	156	106	50	20	6	9	8	9	2	6	6	9	1	1	3	6	8	3	7	8	4	0	5	3	1	0	4	5	2	0	3	7	1	0	7
chr2	87351122	87351148	27	6	0	27	15	12	1	0	0	2	0	0	1	1	1	1	1	0	1	1	2	1	0	1	0	1	0	1	1	2	0	0	1	1	2	2	0	0
chr2	87351149	87351377	229	8	0	229	113	116	10	5	7	6	8	14	13	6	6	6	9	4	4	4	6	4	10	9	2	7	18	2	3	7	6	12	2	12	7	7	1	10
chr2	87351378	87351419	42	6	0	42	15	27	0	0	0	0	0	0	5	1	0	3	0	2	0	1	2	1	1	2	1	0	3	3	0	4	2	2	0	2	0	3	1	1
chr2	87351420	87351518	99	8	0	99	41	58	1	2	1	2	3	6	8	2	1	1	1	1	1	5	3	1	4	7	0	4	6	9	0	6	8	4	3	3	2	1	1	0
chr2	87351519	87351546	28	6	0	28	10	18	0	1	1	0	0	2	1	1	0	0	1	0	1	0	0	1	0	3	0	0	2	4	1	2	2	1	0	1	0	1	0	0
chr2	87351547	87351869	323	8	0	323	122	201	1	8	2	4	7	17	21	8	5	8	18	4	2	3	7	6	5	12	6	13	22	27	7	16	20	14	10	12	6	18	5	7
chr2	87351877	87352032	156	8	0	156	55	101	3	1	1	4	1	11	16	0	5	5	6	0	0	2	0	0	9	6	3	1	10	14	3	12	7	11	2	5	2	9	0	5
chr2	87352033	87352085	53	6	0	53	17	36	0	1	0	1	1	4	4	1	1	0	4	0	0	0	0	0	1	1	0	3	7	7	0	2	2	3	0	3	0	4	1	0
chr2	87352086	87352304	219	8	0	219	86	133	9	4	9	0	7	13	16	2	5	5	10	0	1	0	3	0	5	9	2	6	19	17	3	11	10	17	1	12	5	7	0	9
chr2	87352305	87352384	80	6	0	80	26	54	0	0	0	0	0	5	5	2	0	4	7	0	0	0	2	0	2	3	1	3	3	2	3	5	6	5	6	3	1	3	3	4
chr2	87352385	87352483	99	8	0	99	30	69	0	1	1	0	1	1	11	1	0	2	5	1	1	1	4	0	0	3	1	1	6	6	4	6	7	9	6	10	1	3	1	3
chr2	87352484	87352501	18	6	0	18	10	8	0	0	1	0	1	0	0	1	0	0	1	0	1	2	1	0	1	1	0	0	1	0	0	2	0	1	0	1	0	1	0	0
chr2	87352502	87352697	196	8	0	196	69	127	1	1	5	2	7	4	22	3	0	7	4	3	1	7	2	0	7	6	1	5	13	15	2	19	15	22	2	4	1	7	1	5
chr2	87352698	87352738	41	6	0	41	14	27	0	1	1	0	1	1	6	0	1	1	1	0	0	0	0	0	0	2	0	1	3	1	1	4	3	6	0	1	2	0	0	2
chr2	87352739	87353130	392	8	0	392	132	260	3	3	10	2	11	10	42	14	2	16	7	3	2	1	2	3	9	15	1	5	37	32	2	42	22	53	4	9	9	13	1	5
chr2	87353131	87353153	23	6	0	23	5	18	0	0	0	0	0	0	5	0	0	0	0	0	0	0	0	0	0	0	0	0	1	4	0	3	3	3	0	2	0	0	0	0
chr2	87353154	87353610	457	8	0	457	168	289	4	3	13	2	10	9	50	12	6	22	13	6	2	5	9	2	11	18	1	9	33	31	4	44	25	45	4	15	11	18	1	17
chr2	87353620	87354023	404	8	0	404	144	260	3	3	14	3	12	6	40	12	6	13	13	1	2	4	6	4	10	10	1	5	26	33	6	41	25	52	1	16	10	11	2	11
chr2	87354024	87354040	17	6	0	17	7	10	0	1	1	0	1	0	1	0	1	0	1	0	0	0	0	0	0	1	0	1	1	1	0	1	1	1	0	0	0	1	0	1
chr2	87354041	87354216	176	8	0	176	62	114	1	2	5	1	5	4	22	3	2	9	2	0	1	2	3	0	5	7	0	4	15	14	0	18	9	22	0	5	5	3	0	5
chr2	87354217	87354363	147	6	0	147	47	100	3	2	5	1	4	4	15	2	3	4	1	0	0	0	1	1	3	3	2	2	12	14	4	15	10	23	1	2	0	5	1	2
chr2	87354364	87354590	227	8	0	227	80	147	2	4	7	0	6	6	23	2	3	8	2	1	2	4	9	1	7	13	1	1	20	15	3	26	6	31	0	8	4	4	0	6
chr2	87354591	87354640	50	6	0	50	20	30	0	1	3	0	3	0	4	2	1	2	2	0	0	0	0	0	2	0	0	1	4	2	0	5	4	4	0	2	0	5	0	1
chr2	87354641	87354727	87	8	0	87	28	59	0	2	1	0	2	2	9	1	0	3	2	0	1	0	2	1	2	4	0	1	9	9	2	7	4	12	0	4	0	2	0	3
chr2	87354728	87354745	18	6	0	18	7	11	0	1	0	0	1	1	1	0	1	1	0	0	0	0	0	0	0	2	1	0	2	1	0	1	0	1	0	0	1	0	1	0
chr2	87354746	87354813	68	8	0	68	22	46	1	1	2	0	1	2	7	0	0	0	2	0	2	2	2	0	1	4	0	0	4	9	0	10	4	8	0	2	0	2	0	0
chr2	87354814	87354842	29	6	0	29	9	20	0	0	1	0	1	2	3	0	0	1	1	0	0	0	0	0	1	1	0	1	2	3	0	4	1	3	0	0	2	0	0	0
chr2	87354843	87354947	105	8	0	105	35	70	0	0	1	2	3	3	10	5	0	6	1	0	0	0	3	1	3	6	0	0	9	8	2	11	6	13	0	3	3	3	0	1
chr2	87354948	87355148	201	8	0	201	73	128	1	2	7	1	5	2	24	5	3	11	2	4	2	2	2	0	7	8	0	2	17	18	0	21	6	24	0	3	6	6	0	8
chr2	87355149	87355163	15	6	0	15	5	10	0	0	0	0	0	0	2	0	0	2	0	0	0	0	0	0	0	1	0	0	2	1	0	1	1	1	0	0	0	1	0	1
chr2	87355164	87355215	52	8	0	52	18	34	0	0	3	0	0	1	4	3	1	1	0	0	2	1	1	0	0	1	0	2	6	3	0	4	2	8	3	2	0	1	1	0
chr2	87355216	87355263	48	6	0	48	15	33	1	0	0	2	1	0	6	0	0	3	0	0	1	0	1	0	1	2	0	0	5	5	0	6	0	7	1	1	1	2	0	0
chr2	87355264	87355351	88	8	0	88	31	57	0	0	0	2	1	0	10	3	1	5	1	0	0	1	4	1	3	3	0	0	8	10	0	8	4	9	0	5	1	4	0	2
chr2	87355352	87355374	23	6	0	23	8	15	0	0	1	1	2	0	1	1	0	2	0	0	0	0	0	0	2	0	0	0	0	2	1	2	1	3	0	0	1	1	0	0
chr2	87355375	87355518	144	8	0	144	48	96	1	2	2	1	3	0	20	1	3	5	3	0	0	2	2	2	1	8	0	0	15	13	0	17	7	20	0	3	1	3	0	7
chr2	87355519	87355767	249	6	0	249	87	162	2	2	10	2	11	4	24	4	3	8	2	3	0	1	8	1	5	7	1	3	16	22	3	29	18	35	0	7	4	6	0	6
chr2	87355768	87356259	492	8	0	492	177	315	5	2	15	2	7	7	53	12	9	20	13	4	3	9	9	6	9	20	1	8	42	39	4	53	18	59	2	13	10	19	1	16
chr2	87356260	87356280	21	6	0	21	12	9	0	0	0	1	0	0	2	1	0	0	3	1	1	1	0	0	2	0	0	0	0	0	0	1	1	0	0	1	0	1	0	3
chr2	87356281	87356931	651	8	0	651	369	282	41	18	21	35	25	14	36	19	16	10	12	15	33	21	23	29	25	7	4	27	33	25	0	31	23	39	0	14	14	19	0	20
chr2	87356939	87357099	161	8	0	161	59	102	0	2	2	1	5	3	17	5	0	5	9	2	0	3	5	0	1	6	0	6	11	10	0	14	14	16	0	6	4	5	0	7
chr2	87357100	87357349	250	6	0	250	88	162	0	0	9	2	6	7	23	10	5	6	7	3	0	2	3	5	3	7	3	2	20	20	2	25	19	31	1	6	4	9	0	8
chr2	87357350	87357491	142	8	0	142	50	92	2	0	4	2	4	1	13	6	2	8	3	1	0	2	1	1	3	6	1	1	12	11	3	14	7	16	0	2	2	6	2	4
chr2	87357492	87357511	20	6	0	20	6	14	0	1	1	0	2	0	2	0	0	0	0	0	0	0	0	0	1	0	0	0	1	2	0	2	2	3	0	1	0	0	0	0
chr2	87357512	87357617	106	8	0	106	41	65	3	2	3	0	3	2	8	5	1	1	1	0	1	3	6	1	3	3	0	2	8	8	0	13	6	16	0	2	0	2	0	1
chr2	87357618	87357660	43	6	0	43	16	27	2	0	3	0	1	1	3	0	2	0	0	0	0	2	2	0	1	1	0	1	3	3	0	6	1	8	0	0	0	0	0	1
chr2	87357661	87357983	323	8	0	323	112	211	4	3	14	1	12	5	34	2	4	10	8	5	2	2	4	2	5	11	0	4	25	32	0	39	15	44	0	7	8	9	0	10
chr2	87357984	87358081	98	6	0	98	29	69	1	1	4	0	4	0	11	0	1	1	3	0	0	1	1	0	0	3	0	0	9	10	0	14	7	18	0	2	0	2	0	3
chr2	87358082	87358575	494	8	0	494	207	287	16	10	16	2	9	7	48	19	16	21	9	4	4	7	10	7	21	14	2	8	32	35	2	47	20	47	0	9	11	20	0	19
chr2	87358576	87358622	47	6	0	47	39	8	9	2	4	3	3	0	0	1	1	0	0	1	4	1	0	9	2	0	0	1	0	0	0	0	0	0	0	2	1	0	0	1
chr2	87358623	87358736	114	8	0	114	82	32	7	6	3	9	6	1	2	9	5	1	1	1	7	6	2	15	9	3	0	3	3	0	0	3	1	1	0	0	5	1	0	2
chr2	87358737	87358766	30	6	0	30	23	7	1	0	1	4	0	0	1	2	1	0	0	2	3	4	1	2	2	0	0	1	0	0	0	0	0	0	0	0	1	0	0	2
chr2	87358767	87359024	258	8	0	258	172	86	26	6	3	26	11	3	8	10	8	2	9	4	16	10	8	20	10	5	1	6	10	3	0	11	2	9	1	4	10	7	0	7
chr2	87359025	87359041	17	6	0	17	11	6	1	1	2	1	1	0	0	0	0	1	0	0	3	0	0	1	1	0	0	0	0	0	0	2	0	0	0	0	0	1	0	0
chr2	87359042	87359103	62	8	0	62	36	26	5	2	0	4	3	2	3	3	0	1	1	2	2	0	1	5	2	2	0	1	5	3	0	1	3	3	0	2	2	1	0	1
chr2	87359104	87359177	74	6	0	74	37	37	2	0	2	5	5	1	5	1	2	2	5	2	0	1	2	1	1	1	0	1	4	2	0	4	5	3	0	4	2	4	0	5
chr2	87359178	87359401	224	8	0	224	141	83	21	4	5	16	1	11	11	5	8	3	4	0	16	5	6	23	7	10	0	6	10	5	0	10	8	5	2	5	3	5	2	5
chr2	87359402	87359415	14	6	0	14	10	4	3	0	0	1	0	0	0	4	0	0	0	0	1	0	0	1	0	0	0	0	0	0	0	0	2	0	0	0	0	0	0	0
chr2	87359416	87359561	146	8	0	146	103	43	16	2	4	13	3	2	1	21	9	3	4	12	7	0	2	3	4	0	0	3	2	1	0	2	1	1	0	0	19	3	0	6
chr2	87359562	87359655	94	6	0	94	60	34	9	0	3	6	2	1	1	11	7	2	9	8	0	0	0	0	1	0	1	1	2	0	0	1	0	0	0	2	12	3	1	9
chr2	87359656	87359889	234	8	0	234	167	67	24	2	0	22	1	0	0	43	19	1	18	26	4	0	0	6	1	0	2	0	0	0	0	0	0	0	0	0	43	0	2	18
chr2	87359890	87359939	50	6	0	50	39	11	7	0	1	9	0	0	0	7	7	0	1	1	3	0	0	3	0	0	0	0	0	0	0	1	0	0	0	0	7	0	0	1
chr2	87359940	87360128	189	8	0	189	138	51	18	1	0	24	3	0	0	36	17	0	11	18	4	2	0	2	2	0	0	1	1	0	0	0	0	0	0	0	36	1	0	10
chr2	87360129	87361128	1000	6	0	1000	723	277	98	3	7	109	6	5	2	184	84	7	60	97	29	4	1	26	11	2	2	4	3	0	0	2	2	0	0	2	181	3	2	62
chr2	87361129	87361222	94	8	0	94	63	31	6	0	0	8	1	0	0	20	6	1	7	12	0	0	0	0	0	0	1	0	1	0	0	0	2	0	0	0	18	1	1	7
chr2	87361223	87363828	2606	6	0	2606	1856	750	248	9	24	265	19	13	6	469	217	17	170	265	61	9	3	59	20	5	12	11	7	0	0	9	9	0	1	6	471	11	11	177
chr2	87363829	87363979	151	8	0	151	107	44	12	0	2	17	2	1	0	23	12	0	12	13	5	2	0	5	2	1	0	0	0	0	0	3	0	0	0	0	24	2	0	11
chr2	87363980	87364056	77	6	0	77	49	28	5	1	1	4	0	1	1	12	5	0	7	9	0	0	0	1	0	1	1	0	0	0	0	3	1	0	0	1	13	2	1	5
chr2	87364057	87364148	92	8	0	92	61	31	6	1	1	5	0	0	0	15	7	1	10	11	1	0	0	1	0	0	2	0	0	0	0	0	0	0	0	0	16	0	2	11
chr2	87364149	87364189	41	6	0	41	32	9	5	0	1	7	0	1	0	6	6	0	1	1	1	0	0	1	0	0	0	1	0	0	0	0	0	0	0	0	7	0	0	1
chr2	87364190	87364335	146	8	0	146	104	42	16	0	1	13	1	0	0	27	12	0	12	18	1	0	0	1	0	0	0	0	0	0	0	0	0	0	0	0	29	0	0	13
chr2	87364336	87365867	1532	6	0	1532	1093	439	147	5	15	159	11	10	4	267	129	9	100	150	39	5	1	41	12	5	6	6	4	0	0	10	5	0	0	3	271	9	6	101
chr2	87365868	87365928	61	8	0	61	45	16	7	0	1	8	2	0	0	10	7	0	2	6	0	0	0	2	0	0	0	0	0	0	0	0	0	0	0	0	11	0	0	3
chr2	87365929	87365952	24	6	0	24	17	7	3	1	0	3	1	1	0	4	3	0	0	1	0	0	0	0	1	0	0	0	0	0	0	0	0	0	0	0	4	0	0	0
chr2	87365953	87366046	94	8	0	94	68	26	11	0	0	10	1	1	1	16	7	1	5	9	2	0	1	1	2	0	0	0	0	0	0	0	0	0	0	2	17	0	0	5
chr2	87366047	87366061	15	6	0	15	11	4	1	0	0	1	0	0	0	3	1	0	1	2	0	0	0	0	0	0	0	0	0	0	0	0	0	0	0	0	3	0	0	1
chr2	87366062	87366138	77	8	0	77	53	24	5	1	0	8	0	1	3	9	6	0	5	7	3	0	1	2	0	1	0	1	0	0	0	1	1	0	0	1	13	0	0	6
chr2	87366139	87366174	36	6	0	36	27	9	3	0	2	5	1	0	0	4	5	0	2	1	1	0	0	2	0	0	0	0	0	0	0	0	0	0	0	0	5	0	0	3
chr2	87366175	87366262	88	8	0	88	60	28	8	1	1	8	2	0	0	13	7	0	8	8	1	1	0	0	2	0	0	0	0	0	0	3	0	0	0	0	14	3	0	6
chr2	87366266	87366322	57	8	0	57	45	12	9	0	0	6	1	0	0	8	4	1	2	4	1	0	0	7	1	0	0	0	0	0	0	0	0	0	0	0	9	0	0	2
chr2	87366323	87366388	66	8	0	66	53	13	10	0	0	12	0	1	0	10	9	0	0	2	3	0	2	3	0	0	0	1	0	0	0	0	0	0	0	0	10	0	0	1
chr2	87366389	87366406	18	6	0	18	13	5	4	0	0	3	0	0	0	3	2	0	0	0	0	0	0	0	0	0	0	0	1	0	0	0	1	0	0	0	1	1	0	0
chr2	87366407	87366514	108	8	0	108	73	35	8	0	0	7	1	1	0	20	5	0	9	17	1	0	0	3	0	1	0	0	2	1	0	0	0	0	0	0	20	1	0	9
chr2	87366515	87367016	502	8	0	502	369	133	65	20	16	48	17	15	11	24	24	6	5	16	43	11	8	40	31	6	2	12	7	4	0	7	8	1	0	3	21	7	4	18
chr2	87367017	87367036	20	6	0	20	15	5	4	2	2	0	2	0	0	0	0	0	0	0	2	0	0	2	0	0	0	2	0	0	0	0	1	0	0	1	0	0	0	0
chr2	87367037	87367796	760	8	0	760	537	223	86	18	37	63	36	15	13	27	32	16	8	24	51	24	27	58	37	13	3	20	12	5	3	19	12	5	0	13	30	16	2	33
chr2	87367797	87367834	38	6	0	38	22	16	3	1	3	0	1	3	1	2	2	0	1	2	1	0	1	0	2	1	0	2	1	0	0	1	1	0	0	2	3	1	0	1
chr2	87367835	87368069	235	8	0	235	166	69	27	7	10	18	11	4	5	9	8	4	2	7	16	6	4	26	11	4	1	5	6	3	0	6	5	3	1	3	8	5	0	8
chr2	87368070	87368112	43	6	0	43	28	15	4	1	2	2	2	2	1	4	2	1	0	4	1	0	0	1	3	0	0	1	2	0	0	0	1	0	0	0	3	2	0	2
chr2	87368113	87368194	82	8	0	82	57	25	5	3	3	7	5	2	1	4	3	1	1	1	5	2	2	11	5	0	0	3	3	1	0	2	3	1	0	0	1	3	0	2
chr2	87368195	87368233	39	6	0	39	28	11	3	3	0	2	0	1	1	3	2	0	0	0	4	0	2	5	2	2	0	0	1	0	0	2	1	1	0	0	1	0	0	1
chr2	87368234	87368776	543	8	0	543	386	157	67	15	22	41	14	12	10	20	21	6	17	13	43	27	16	40	21	12	5	23	12	5	2	6	7	0	1	6	17	8	2	30
chr2	87368777	87368813	37	6	0	37	27	10	5	3	1	3	3	1	0	3	4	0	0	1	0	0	0	2	4	0	0	0	1	0	0	0	0	0	0	0	2	1	0	1
chr2	87368814	87369022	209	8	0	209	143	66	13	8	3	20	5	5	4	8	8	0	5	6	19	12	9	16	9	5	3	8	5	3	2	4	3	4	0	1	5	2	3	9
chr2	87369031	87369541	511	8	0	511	300	211	30	11	20	26	22	18	21	16	21	9	21	18	13	20	10	22	19	19	1	19	19	6	3	22	12	10	2	10	27	15	6	21
chr2	87369542	87370150	609	8	0	609	365	244	58	19	24	29	29	19	24	23	19	11	21	15	25	11	15	21	19	22	0	19	29	9	0	22	23	17	1	17	25	12	3	26
chr2	87370151	87370345	195	8	0	195	139	56	27	10	7	15	10	4	3	10	10	1	5	0	12	7	4	13	10	2	0	10	5	2	0	2	5	1	0	2	8	3	0	5
chr2	87370346	87370362	17	6	0	17	11	6	1	1	0	0	0	0	1	2	0	1	0	0	1	1	1	1	2	1	0	0	1	0	0	0	0	0	0	0	0	0	0	1
chr2	87370363	87370909	547	8	0	547	408	139	69	16	28	49	18	4	9	25	23	6	5	15	52	20	19	48	20	5	0	21	12	4	0	6	11	4	0	7	13	9	0	27
chr2	87370910	87370940	31	6	0	31	19	12	2	0	1	3	0	0	1	0	2	0	1	1	2	0	4	2	0	0	0	0	1	1	0	2	0	0	0	2	0	2	0	2
chr2	87370941	87372505	1565	8	0	1565	1121	444	198	49	74	131	62	30	33	53	65	23	27	29	127	51	44	124	58	30	0	65	30	16	3	31	29	15	3	19	61	19	2	62
chr2	87372506	87373339	834	8	0	834	535	299	72	28	32	53	29	32	16	41	33	8	21	20	51	22	26	50	48	17	1	24	24	22	1	27	18	12	4	18	28	24	4	26
chr2	87373345	87373374	30	8	0	30	20	10	5	1	1	1	1	0	0	4	1	1	1	1	0	1	1	0	2	0	0	1	0	0	0	2	0	0	0	0	3	1	0	0
chr2	87373375	87373434	60	8	0	60	36	24	0	1	1	2	0	3	1	9	3	1	0	3	0	2	3	5	4	1	0	2	5	0	0	1	2	2	0	0	2	3	0	2
chr2	87373436	87373521	86	8	0	86	51	35	4	3	3	4	7	6	2	4	2	3	0	0	2	1	3	6	6	2	2	2	4	1	0	0	8	0	0	4	1	2	0	2
chr2	87373523	87373749	227	8	0	227	129	98	10	9	4	8	6	12	10	8	9	4	8	10	6	6	9	9	11	8	0	12	16	5	0	7	1	4	1	2	8	11	1	10
chr2	87373750	87373769	20	6	0	20	14	6	3	1	0	2	3	1	0	1	0	0	0	1	0	0	0	0	1	1	0	0	1	0	0	0	2	0	0	0	1	0	0	0
chr2	87373770	87373845	76	8	0	76	49	27	13	2	3	3	2	0	1	4	3	2	5	1	3	0	3	2	1	1	0	2	1	4	0	3	2	1	0	1	3	2	0	6
chr2	87373854	87374525	672	8	0	672	446	226	72	24	28	44	24	11	21	28	31	13	14	17	42	20	27	29	24	15	2	27	18	6	1	23	9	10	0	15	32	17	1	25
chr2	87374531	87374713	183	8	0	183	119	64	21	3	11	11	5	3	6	9	8	4	5	7	12	3	2	9	6	2	0	5	7	4	0	5	3	3	0	3	6	7	0	11
chr2	87374714	87374723	10	6	0	10	4	6	0	0	2	0	1	0	0	0	1	0	0	0	0	0	0	0	0	0	0	0	0	0	0	0	1	1	0	2	0	0	0	0
chr2	87374724	87375084	361	8	0	361	214	147	30	9	19	12	11	7	19	11	16	12	13	11	13	6	15	10	12	8	0	13	12	5	0	15	9	10	0	9	15	9	0	28
chr2	87375086	87375132	47	8	0	47	20	27	1	1	3	0	1	3	4	0	3	0	4	0	0	0	0	0	0	3	0	1	1	0	0	7	2	2	0	2	4	3	0	0
chr2	87375134	87375738	605	8	0	605	301	304	30	21	26	18	19	20	37	13	33	13	27	10	13	5	13	3	19	21	3	16	28	22	4	41	22	24	3	16	20	27	6	30
chr2	87375740	87375830	91	8	0	91	56	35	13	7	5	1	11	1	2	4	2	4	3	1	0	0	0	0	9	1	0	2	3	1	0	2	4	1	0	1	3	3	0	5
chr2	87375832	87376141	310	8	0	310	144	166	14	10	6	7	10	17	20	6	7	6	17	4	6	6	5	1	13	12	5	9	16	8	5	16	15	15	5	13	11	10	3	10
chr2	87376142	87376155	14	6	0	14	7	7	0	0	0	1	0	1	1	0	1	1	1	0	0	0	0	0	1	0	0	1	0	1	0	0	0	0	0	0	1	1	0	1
chr2	87376156	87376487	332	8	0	332	182	150	19	11	12	14	12	8	13	9	9	5	19	9	16	7	5	14	8	10	2	11	12	17	5	11	13	8	0	9	9	12	3	18
chr2	87376488	87376511	24	6	0	24	9	15	0	0	0	0	0	0	1	4	0	0	3	0	0	0	0	0	0	0	0	0	1	0	1	2	1	3	1	1	3	0	0	1
chr2	87376512	87376653	142	8	0	142	56	86	2	0	3	1	1	11	8	6	3	5	9	1	0	2	4	0	2	4	5	7	11	12	1	5	5	4	0	10	8	8	0	2
chr2	87376655	87376695	41	8	0	41	15	26	0	0	0	0	0	2	5	0	0	1	4	0	0	1	1	0	1	3	0	1	2	2	1	1	2	1	0	6	2	0	1	2
chr2	87376697	87376841	145	8	0	145	52	93	0	1	1	1	1	14	15	4	2	3	7	1	0	0	1	0	6	7	0	5	11	10	0	12	10	13	0	5	7	4	0	2
chr2	87376843	87376885	43	8	0	43	22	21	1	0	0	1	0	3	3	1	0	2	5	2	1	0	1	0	2	0	0	3	3	1	0	0	1	0	0	1	2	3	0	5
chr2	87376886	87376931	46	8	0	46	20	26	2	1	2	0	0	2	3	0	2	2	4	0	1	1	0	0	1	0	0	5	2	5	1	0	0	2	0	0	2	2	1	3
chr2	87376933	87377352	420	8	0	420	164	256	2	6	8	5	11	12	38	10	7	13	21	11	1	7	8	4	13	14	1	10	35	29	4	31	9	37	1	18	14	20	2	16
chr2	87377359	87378205	847	8	0	847	384	463	22	19	25	19	30	28	63	17	19	32	47	16	14	10	10	12	28	38	3	20	49	64	5	51	34	25	0	31	28	41	2	43
chr2	87378207	87378257	51	8	0	51	21	30	1	1	1	1	0	2	3	3	1	1	2	1	2	0	1	1	0	3	1	0	3	3	1	6	3	3	0	0	2	2	0	1
chr2	87378259	87378403	145	8	0	145	77	68	2	1	4	9	9	5	9	4	4	8	6	3	2	1	3	6	5	5	0	5	6	6	0	7	7	3	0	2	9	4	0	8
chr2	87378405	87378416	12	8	0	12	6	6	2	0	2	0	1	0	0	0	0	0	0	0	0	0	0	0	0	0	0	0	0	2	0	1	0	1	0	1	0	0	0	0
chr2	87378422	87378481	60	8	0	60	53	7	13	1	1	5	2	2	0	1	3	0	0	0	3	0	0	20	2	0	0	1	1	0	0	0	0	0	0	0	2	1	0	0
chr2	87378482	87378494	13	6	0	13	12	1	0	0	0	0	0	0	0	1	0	0	0	0	0	1	0	8	1	0	0	0	0	0	0	0	0	0	0	0	0	0	0	0
chr2	87378495	87378646	152	8	0	152	78	74	5	3	4	6	6	5	8	7	6	3	9	12	0	0	1	1	4	2	0	5	9	11	0	6	2	2	0	2	11	11	0	9
chr2	87378647	87378766	120	6	0	120	53	67	3	0	3	0	0	6	9	6	3	3	9	10	0	0	0	0	3	3	0	3	9	10	0	6	0	3	0	3	9	8	0	9
chr2	87378767	87379162	396	8	0	396	194	202	20	9	21	5	13	11	21	12	17	9	19	13	4	1	13	4	7	9	0	14	21	20	2	22	13	14	2	19	16	22	2	19
chr2	87379163	87379223	61	8	0	61	37	24	4	1	4	2	1	0	0	1	3	1	3	1	3	3	3	5	1	1	1	2	0	3	2	2	0	0	0	4	1	3	1	3
chr2	87379225	87379251	27	8	0	27	18	9	4	2	3	1	3	0	0	0	2	0	0	0	0	1	0	1	1	0	0	2	0	0	0	1	1	1	0	0	1	1	0	0
chr2	87379253	87379422	170	8	0	170	102	68	15	5	5	13	7	5	7	6	9	2	6	2	7	3	1	7	9	4	0	2	8	6	1	5	2	6	0	6	7	4	1	7
chr2	87379425	87379457	33	8	0	33	17	16	1	0	2	1	1	1	2	1	2	1	1	2	0	1	0	0	0	2	0	1	1	0	0	4	1	1	0	0	3	2	0	0
chr2	87379459	87379627	169	8	0	169	91	78	6	4	7	7	10	6	4	5	4	3	6	8	4	2	10	4	7	2	2	5	8	6	2	4	7	4	0	9	3	9	0	9
chr2	87379637	87380030	394	8	0	394	182	212	15	10	16	5	9	18	24	13	18	8	21	8	4	0	10	2	11	14	1	10	23	19	2	27	20	14	0	14	9	24	3	20
chr2	87380039	87380259	221	8	0	221	109	112	9	3	4	7	6	5	18	9	4	7	15	11	4	3	2	1	7	2	1	8	9	9	0	10	11	9	1	7	11	8	4	14
chr2	87380260	87381246	987	8	0	987	545	442	49	26	31	49	39	29	51	37	25	37	29	25	42	23	22	29	44	33	9	29	40	44	7	40	27	26	2	23	45	28	4	41
chr2	87381248	87381281	34	8	0	34	15	19	0	1	2	0	1	0	1	2	0	1	1	0	2	1	2	0	1	0	1	1	2	1	0	2	1	4	2	1	0	0	1	1
chr2	87381283	87381654	372	8	0	372	213	159	19	14	15	15	10	11	21	14	13	9	15	8	21	11	10	6	16	9	3	17	16	9	0	13	9	9	1	11	15	10	0	20
chr2	87381655	87381666	12	6	0	12	7	5	0	0	0	1	0	0	0	3	1	0	0	0	0	0	0	2	0	0	0	0	0	0	0	0	2	0	0	0	0	1	0	0
chr2	87381667	87381915	249	8	0	249	150	99	19	1	8	17	8	5	10	10	8	4	13	4	9	5	7	21	8	3	0	4	9	3	0	16	6	12	0	8	9	10	0	10
chr2	87381917	87381964	48	8	0	48	26	22	1	1	1	0	1	14	0	1	1	0	2	1	0	1	1	0	14	0	0	1	0	0	0	0	1	0	0	1	1	0	0	3
chr2	87381965	87383296	1332	8	0	1332	752	580	89	51	62	54	75	46	60	37	44	30	41	36	47	29	23	27	56	44	7	49	76	38	4	43	34	31	1	45	52	48	2	49
chr2	87383298	87383851	554	8	0	554	264	290	34	12	8	17	19	24	34	15	9	12	29	14	9	8	13	6	19	21	3	14	31	19	9	28	21	32	9	20	21	15	5	22
chr2	87383853	87383889	37	8	0	37	16	21	1	0	2	0	1	2	2	3	1	1	2	1	0	0	0	0	1	1	0	1	2	1	0	1	2	2	0	3	3	1	0	1
chr2	87383892	87384631	740	8	0	740	382	358	52	28	24	21	30	20	49	21	22	10	26	21	21	11	17	9	27	22	2	18	40	24	4	45	31	35	1	28	22	31	1	25
chr2	87384641	87384802	162	8	0	162	81	81	11	6	3	3	6	7	9	4	5	1	8	4	1	7	3	3	6	9	3	3	7	6	2	9	4	3	3	6	7	6	0	5
chr2	87384805	87386106	1302	8	0	1302	729	573	89	38	38	42	39	50	61	74	48	21	43	38	33	38	33	42	61	40	3	43	60	47	4	43	55	26	5	36	48	41	8	53
chr2	87386107	87386148	42	6	0	42	20	22	3	0	1	1	2	1	1	5	0	1	1	2	0	1	1	0	3	0	0	0	3	1	1	2	1	2	1	2	1	3	0	0
chr2	87386149	87386245	97	8	0	97	63	34	4	3	5	9	5	4	2	7	6	1	0	2	6	3	1	4	8	2	0	1	5	1	0	1	2	2	0	2	2	2	0	5
chr2	87386246	87386403	158	6	0	158	96	62	15	3	6	10	2	8	6	11	11	2	1	4	6	2	3	5	7	2	3	3	8	1	0	2	7	3	1	6	5	5	2	6
chr2	87386404	87386800	397	8	0	397	239	158	25	7	15	24	10	18	17	34	22	6	3	10	15	8	9	14	24	3	4	9	15	4	1	9	22	11	0	15	18	11	1	11
chr2	87386801	87386822	22	6	0	22	13	9	4	2	0	1	0	0	2	0	2	0	0	0	1	0	0	1	1	0	0	0	1	0	0	1	0	1	1	0	0	1	0	1
chr2	87386823	87387071	249	8	0	249	138	111	26	8	10	8	12	7	11	5	10	4	12	5	3	4	7	4	10	9	1	4	6	12	2	12	12	5	1	6	7	6	0	18
chr2	87387075	87387472	398	8	0	398	213	185	25	8	11	19	15	15	23	8	13	6	20	8	10	7	8	15	9	13	1	13	20	11	2	21	19	18	0	11	13	12	5	17
chr2	87387473	87387944	472	8	0	472	276	196	30	12	13	34	19	15	20	14	21	11	15	11	19	11	5	25	22	7	8	11	13	19	3	18	14	10	5	7	19	17	4	18
chr2	87387945	87387962	18	6	0	18	4	14	0	0	0	0	0	0	2	0	0	0	0	0	0	2	0	0	1	0	1	0	1	2	2	0	0	3	0	2	0	0	0	0
chr2	87387963	87388363	401	8	0	401	166	235	10	6	14	7	10	24	30	5	14	7	15	11	3	3	3	3	11	15	6	8	31	30	5	17	18	21	3	22	10	18	4	15
chr2	87388364	87388381	18	6	0	18	6	12	0	0	0	0	1	2	1	0	0	1	0	0	0	0	0	0	1	2	0	0	2	2	0	1	0	1	1	0	1	0	0	0
chr2	87388382	87388969	588	8	0	588	283	305	21	15	11	10	11	61	37	24	18	12	18	12	7	10	3	11	55	18	16	9	29	23	1	24	27	18	8	17	22	18	1	19
chr2	87388977	87389035	59	8	0	59	34	25	15	0	1	0	2	2	2	1	0	3	5	0	0	1	0	1	1	1	1	3	2	1	1	1	2	1	1	1	2	2	1	3
chr2	87389036	87389061	26	6	0	26	13	13	0	1	0	1	2	1	2	0	0	0	3	1	0	0	0	0	1	1	0	0	1	0	0	1	1	0	0	3	3	1	0	1
chr2	87389062	87389117	56	8	0	56	25	31	1	2	1	2	1	0	5	0	3	0	4	2	1	3	0	0	1	2	1	1	1	3	2	5	1	2	0	1	3	3	1	2
chr2	87389118	87389229	112	6	0	112	53	59	7	2	2	2	3	8	7	2	2	2	6	4	1	0	1	2	3	4	2	4	9	3	1	3	5	6	2	3	4	3	1	6
chr2	87389230	87390280	1051	8	0	1051	599	452	77	28	22	44	34	82	39	45	33	23	40	22	27	23	10	49	94	23	13	26	31	30	15	25	25	26	4	21	50	23	6	39
chr2	87390281	87390314	34	6	0	34	30	4	5	2	0	2	0	0	0	3	1	0	0	1	4	0	1	9	1	0	0	1	0	0	0	0	0	0	0	0	2	0	0	0
chr2	87390315	87390547	233	8	0	233	197	36	22	4	6	22	5	4	0	15	0	0	0	7	27	14	4	65	15	0	0	7	1	0	0	0	4	1	0	1	4	0	0	3
chr2	87390551	87390612	62	8	0	62	42	20	4	1	1	4	1	6	1	4	2	0	1	0	3	5	1	7	9	0	1	1	0	0	0	1	1	1	1	1	2	0	0	1
chr2	87390613	87390699	87	6	0	87	53	34	4	3	1	3	3	16	2	5	1	0	4	1	2	4	0	2	18	0	0	5	0	0	0	1	3	1	0	0	5	0	0	1
chr2	87390700	87391768	1069	8	0	1069	680	389	115	29	45	67	35	21	40	32	52	18	28	23	55	23	22	74	32	24	6	29	32	37	8	29	28	13	3	26	36	32	3	50
chr2	87391769	87391951	183	8	0	183	160	23	16	5	3	24	4	1	1	11	2	0	0	2	26	9	2	52	12	0	0	3	0	0	0	0	3	0	0	1	2	0	0	2
chr2	87391954	87392005	52	8	0	52	46	6	4	0	0	8	2	0	0	2	0	0	0	0	7	6	1	14	4	0	0	2	0	0	0	0	0	0	0	0	0	0	0	0
chr2	87392006	87392036	31	6	0	31	28	3	5	2	0	5	1	0	0	0	1	0	0	0	5	0	0	7	0	0	2	0	0	0	0	0	0	0	0	0	1	0	0	0
chr2	87392037	87392157	121	8	0	121	108	13	14	1	2	21	1	1	0	5	1	0	0	2	22	7	3	26	7	1	0	1	0	0	0	1	0	0	0	0	0	0	0	3
chr2	87392163	87392992	830	8	0	830	566	264	57	20	13	57	19	25	31	29	14	8	31	22	57	36	19	128	50	12	4	23	19	11	3	16	15	12	3	20	20	14	6	34
chr2	87392993	87393566	574	8	0	574	434	140	26	13	16	36	10	19	15	28	11	10	3	11	44	36	12	143	53	7	1	17	6	3	3	4	3	0	1	6	9	6	1	19
chr2	87393572	87393629	58	8	0	58	55	3	0	1	0	9	0	0	0	3	0	0	0	0	10	2	0	28	3	0	0	0	0	0	0	0	0	0	0	0	0	0	0	0
chr2	87393630	87393670	41	8	0	41	35	6	1	0	0	5	1	0	0	2	2	0	0	0	3	0	3	16	0	0	0	0	0	0	0	0	3	0	0	1	0	0	0	2
chr2	87393672	87395172	1501	8	0	1501	812	689	63	33	52	49	35	52	88	42	62	45	66	33	37	25	25	104	64	38	5	48	56	60	22	58	48	36	7	41	49	62	10	84
chr2	87395174	87395219	46	8	0	46	34	12	5	2	1	4	0	1	0	2	1	1	0	1	6	0	1	7	2	0	2	0	1	1	1	0	0	2	0	0	0	0	1	2
chr2	87395221	87395346	126	8	0	126	111	15	17	3	0	14	0	1	1	8	4	0	0	0	13	3	1	45	7	0	0	0	1	1	0	1	0	0	0	0	1	2	0	1
chr2	87395347	87395391	45	8	0	45	38	7	5	2	1	4	2	0	0	3	1	0	0	1	5	2	1	10	4	0	0	0	0	0	0	0	0	0	0	0	1	0	0	1
chr2	87395393	87395857	465	8	0	465	359	106	46	12	12	45	10	5	10	31	5	4	1	4	54	27	7	86	34	4	2	7	14	2	0	1	4	9	0	13	4	2	0	8
chr2	87395859	87395923	65	8	0	65	23	42	1	1	4	0	5	0	9	0	0	1	0	0	0	0	2	0	0	1	0	1	12	0	0	0	0	11	0	14	1	0	0	0
chr2	87395924	87395937	14	8	0	14	4	10	0	0	0	0	0	0	3	0	0	0	0	0	0	0	0	0	0	0	0	0	3	0	0	0	0	3	0	3	0	0	0	0
chr2	87395938	87396061	124	8	0	124	40	84	1	2	8	0	10	0	17	0	0	0	1	0	0	0	0	0	1	1	0	0	25	4	0	1	1	24	0	25	0	1	0	0
chr2	87396062	87396081	20	8	0	20	6	14	0	0	2	0	2	0	2	0	0	0	0	0	0	0	0	0	0	0	0	0	3	0	0	0	1	4	0	4	0	0	0	0
chr2	87396082	87396100	19	6	0	19	8	11	1	0	1	0	2	0	2	0	0	0	0	0	0	0	0	0	0	0	0	0	2	0	0	1	2	3	0	3	0	0	0	0
chr2	87396101	87396315	215	8	0	215	67	148	1	2	12	0	13	0	31	0	0	3	3	0	1	0	1	0	2	1	0	2	39	3	3	2	2	43	2	41	1	0	3	2
chr2	87396316	87396333	18	6	0	18	6	12	0	0	0	0	1	1	2	0	0	0	0	0	0	0	0	0	0	1	0	0	4	1	0	0	0	3	0	3	0	0	0	0
chr2	87396334	87396424	91	8	0	91	33	58	3	1	7	0	8	1	10	0	0	2	1	0	0	0	0	0	0	3	0	1	16	2	0	0	2	14	0	15	1	0	0	2
chr2	87396425	87396444	20	6	0	20	6	14	0	0	1	0	1	1	2	0	0	0	0	0	0	0	0	0	0	1	0	0	4	1	0	0	0	4	0	2	0	0	0	1
chr2	87396445	87396552	108	8	0	108	37	71	0	2	6	0	7	0	16	0	1	4	1	0	0	0	0	0	2	3	0	1	18	4	0	1	1	16	1	16	1	0	1	4
chr2	87396554	87396595	42	8	0	42	13	29	0	0	3	0	4	1	4	0	0	0	0	0	0	0	0	0	0	1	0	0	8	1	2	0	0	9	0	7	0	0	0	0
chr2	87396596	87396632	37	8	0	37	11	26	0	0	2	0	2	0	6	0	0	1	0	0	0	0	0	0	0	0	0	1	7	0	0	0	0	8	0	7	1	0	0	0
chr2	87396637	87396668	32	8	0	32	10	22	0	0	2	0	2	0	4	0	0	0	1	0	0	0	0	0	0	0	0	0	6	0	0	1	0	7	0	7	0	0	0	0
chr2	87396669	87396717	49	8	0	49	16	33	1	1	3	0	4	1	6	0	0	0	0	0	0	0	0	0	0	2	0	0	11	1	0	0	0	8	0	9	0	0	0	0
chr2	87396718	87396754	37	8	0	37	9	28	0	0	0	0	0	1	6	0	0	0	0	0	0	0	2	0	0	1	0	0	6	1	1	2	0	8	1	6	0	0	0	0
chr2	87396756	87396847	92	8	0	92	32	60	0	0	6	1	7	3	8	0	0	1	2	1	0	0	2	0	0	1	0	3	14	1	3	1	1	16	0	15	3	1	0	0
chr2	87396849	87396911	63	8	0	63	22	41	0	0	5	0	5	0	8	1	0	2	0	1	0	0	0	0	1	0	0	1	12	1	0	0	0	10	0	11	1	1	0	1
chr2	87396912	87397028	117	8	0	117	41	76	1	1	8	0	8	0	14	4	1	2	0	0	0	0	2	0	2	1	0	0	16	0	1	4	7	19	2	19	1	0	1	1
chr2	87397038	87397087	50	8	0	50	17	33	0	0	3	0	3	0	6	3	0	0	0	1	0	0	0	0	0	0	0	0	10	0	0	1	2	10	0	8	0	1	0	0
chr2	87397089	87397202	114	8	0	114	37	77	0	1	9	0	9	1	11	0	0	0	0	0	1	0	5	0	0	2	0	0	20	1	4	1	1	23	0	23	0	0	0	0
chr2	87397203	87397219	17	6	0	17	6	11	0	0	0	0	0	1	3	0	0	1	0	0	0	0	0	0	0	1	0	1	2	1	0	0	0	1	0	3	1	0	0	0
chr2	87397220	87397281	62	8	0	62	21	41	1	1	4	0	5	2	6	0	0	0	0	0	0	0	0	0	0	3	0	0	14	2	0	0	0	11	0	11	0	0	0	0
chr2	87397282	87397318	37	6	0	37	12	25	0	0	2	0	2	0	4	1	0	1	0	1	0	0	0	0	0	0	0	1	6	2	2	0	0	6	0	4	1	1	0	1
chr2	87397319	87397351	33	8	0	33	10	23	0	0	3	0	3	0	3	0	0	0	0	0	0	0	0	0	0	0	0	0	6	1	1	0	0	7	1	6	0	0	0	0
chr2	87397352	87397455	104	6	0	104	38	66	1	0	7	0	5	0	13	4	2	2	0	0	0	0	2	0	2	1	0	0	14	0	0	5	6	17	1	16	1	1	1	1
chr2	87397456	87397476	21	8	0	21	7	14	0	0	2	0	2	0	2	0	0	0	0	0	0	0	0	0	0	0	0	0	4	0	0	0	0	4	0	5	0	0	0	0
chr2	87397477	87397486	10	8	0	10	3	7	0	0	0	0	0	0	2	0	0	0	0	0	0	0	0	0	0	0	0	0	2	0	0	0	0	2	0	2	0	0	0	0
chr2	87397487	87397666	180	6	0	180	60	120	1	2	11	0	12	3	18	3	0	1	0	1	1	0	7	0	0	5	0	1	32	3	4	2	3	33	0	33	1	1	0	0
chr2	87397667	87397775	109	8	0	109	35	74	0	0	8	0	8	2	12	1	0	2	0	1	0	0	0	0	1	2	0	1	21	3	2	0	0	21	0	19	1	1	0	1
chr2	87397777	87397823	47	8	0	47	16	31	0	1	2	0	3	0	4	2	0	1	0	0	0	0	2	0	1	1	0	0	6	1	2	1	3	8	0	6	0	0	0	1
chr2	87397825	87398039	215	8	0	215	70	145	2	2	12	1	14	4	29	2	1	0	0	1	0	0	2	0	0	6	0	0	42	4	0	3	6	39	1	40	1	0	1	0
chr2	87398040	87398098	59	6	0	59	19	40	0	0	3	1	4	1	9	0	0	0	0	1	0	0	0	0	0	1	0	0	11	1	0	1	1	11	0	11	1	0	0	0
chr2	87398099	87398166	68	8	0	68	20	48	0	0	3	0	3	1	10	0	0	0	0	0	0	0	2	0	0	1	0	1	12	1	1	3	1	15	1	11	0	0	0	0
chr2	87398167	87398600	434	6	0	434	135	299	1	2	25	1	26	6	56	5	1	1	0	2	1	0	7	0	1	8	0	1	84	8	7	8	7	90	3	78	1	1	0	1
chr2	87398601	87398709	109	8	0	109	35	74	0	0	7	0	7	0	14	5	0	1	0	1	0	0	0	0	1	0	0	0	19	1	1	3	5	22	1	17	0	1	0	1
chr2	87398710	87398908	199	6	0	199	64	135	1	2	12	0	13	5	21	0	0	1	0	0	1	0	6	0	1	7	0	0	38	6	5	1	1	37	1	37	0	0	0	1
chr2	87398909	87399332	424	8	0	424	147	277	1	3	28	1	31	11	47	7	0	5	0	7	1	1	3	1	8	7	2	3	81	4	4	3	4	77	2	68	3	5	0	4
chr2	87399333	87399367	35	6	0	35	12	23	0	0	2	0	2	1	3	1	0	0	1	1	0	0	0	0	0	1	0	0	6	0	0	1	1	5	1	5	0	1	1	0
chr2	87399368	87399608	241	8	0	241	93	148	14	3	9	1	11	5	26	8	1	4	3	1	2	1	1	2	2	7	1	2	42	5	2	3	4	37	1	32	2	3	2	2
chr2	87399609	87399684	76	6	0	76	41	35	6	2	0	3	1	4	2	4	1	1	1	2	3	2	4	3	4	2	3	1	5	2	1	2	1	6	2	1	2	0	0	3
chr2	87399685	87399814	130	8	0	130	59	71	4	4	3	4	5	4	8	1	4	1	9	5	3	2	1	0	1	7	0	2	8	6	1	10	4	5	2	5	5	7	3	4
chr2	87399815	87399871	57	6	0	57	32	25	11	2	1	1	1	2	2	2	2	0	1	1	1	1	2	2	1	2	1	1	4	2	1	2	0	5	0	1	1	0	0	2
chr2	87399872	87400044	173	8	0	173	81	92	9	2	3	7	4	7	11	4	4	1	9	4	4	3	4	3	4	4	1	4	12	10	1	8	7	10	3	10	3	7	3	5
chr2	87400045	87400125	81	6	0	81	42	39	6	2	0	4	2	6	5	1	2	1	1	1	1	2	3	4	5	5	0	0	7	6	0	2	1	4	0	3	1	0	0	4
chr2	87400126	87400261	136	8	0	136	60	76	4	2	3	3	4	5	12	1	4	1	10	6	1	2	1	0	3	2	0	5	8	5	1	8	7	6	2	7	4	9	3	5
chr2	87400262	87400316	55	6	0	55	34	21	16	0	0	2	2	0	2	2	1	1	4	1	0	0	1	1	0	0	0	1	4	0	0	1	1	3	1	2	1	2	1	3
chr2	87400317	87400520	204	8	0	204	104	100	21	5	2	6	4	9	8	8	4	5	8	5	4	3	6	5	5	12	4	1	15	8	3	9	2	11	1	6	7	3	4	8
chr2	87400521	87400782	262	6	0	262	123	139	13	6	4	6	9	15	12	7	5	1	13	9	2	12	5	3	10	14	2	8	12	9	9	14	10	12	3	7	11	10	2	5
chr2	87400783	87400877	95	8	0	95	47	48	15	3	1	0	2	2	7	3	2	3	5	1	0	0	1	0	2	3	1	3	7	4	1	4	3	6	1	2	2	3	1	5
chr2	87400878	87404215	3338	6	0	3338	1706	1632	348	82	67	92	117	127	180	75	69	45	160	78	55	68	68	75	103	108	29	82	196	117	49	128	131	149	45	141	69	115	45	123
chr2	87404216	87404470	255	8	0	255	134	121	34	3	5	6	6	10	18	2	6	6	15	7	3	3	5	3	4	5	3	10	16	7	1	9	10	10	2	10	7	11	2	14
chr2	87404471	87404545	75	6	0	75	38	37	7	2	0	3	2	5	2	3	1	3	1	0	2	2	3	1	4	5	2	1	6	3	2	1	1	4	1	2	1	0	1	2
chr2	87404546	87404595	50	8	0	50	20	30	0	1	1	1	1	0	4	0	1	0	4	3	1	2	1	0	1	0	0	1	2	2	0	5	1	4	1	3	1	3	3	1
chr2	87404603	87404891	289	6	0	289	143	146	35	5	7	5	9	14	16	5	5	6	15	5	3	3	5	5	7	7	4	9	15	7	6	12	17	13	4	12	5	13	4	9
chr2	87404892	87404983	92	8	0	92	47	45	7	1	5	3	5	5	6	1	4	0	3	3	0	0	1	3	0	2	0	4	7	2	0	2	8	4	0	4	2	3	1	4
chr2	87404984	87405042	59	6	0	59	37	22	18	2	1	0	2	1	2	3	1	2	2	1	0	0	0	0	2	3	0	1	5	2	0	1	0	1	0	1	2	2	0	2
chr2	87405043	87405137	95	8	0	95	48	47	3	1	2	5	3	4	5	0	2	0	4	4	3	5	3	3	3	1	2	3	4	3	1	4	2	4	2	6	3	4	3	1
chr2	87405138	87405152	15	6	0	15	5	10	0	0	0	0	0	0	0	0	0	0	2	0	0	1	1	0	0	1	0	0	0	1	1	2	0	1	0	0	0	1	1	1
chr2	87405153	87405280	128	8	0	128	70	58	17	4	4	2	5	5	9	3	6	3	7	3	0	0	0	0	3	3	0	6	9	2	0	2	7	3	1	3	4	5	1	9
chr2	87405281	87405310	30	6	0	30	12	18	1	2	1	0	2	2	0	2	1	0	1	0	0	0	0	0	1	3	0	0	3	2	1	1	1	2	0	1	1	0	0	0
chr2	87405311	87405492	182	8	0	182	88	94	10	4	3	6	6	8	11	3	5	1	11	4	3	6	4	1	6	5	1	7	8	7	3	7	10	5	3	10	4	8	5	5
chr2	87405502	87405663	162	8	0	162	82	80	13	6	2	3	6	9	7	4	2	1	8	5	2	2	6	4	6	4	4	5	12	3	1	7	4	9	2	7	4	7	1	4
chr2	87405664	87405808	145	8	0	145	51	94	1	3	7	1	11	3	18	1	0	2	1	0	1	0	1	0	0	6	0	2	26	2	0	2	6	22	1	23	1	1	1	0
chr2	87405822	87405843	22	6	0	22	8	14	0	0	2	0	2	0	2	0	0	0	0	0	0	0	0	0	0	0	0	0	4	0	0	0	0	4	0	6	0	0	0	0
chr2	87405844	87405876	33	7	0	33	12	21	0	0	2	0	2	0	4	0	0	1	0	0	0	0	2	0	0	0	0	1	5	0	0	0	0	5	0	8	1	0	0	0
chr2	87405882	87405942	61	8	0	61	20	41	1	1	3	0	4	3	7	0	0	1	0	0	0	0	0	0	1	4	0	0	12	3	0	0	0	9	0	9	0	0	0	1
chr2	87405943	87405975	33	8	0	33	10	23	0	0	2	0	2	1	4	0	0	0	0	0	0	0	0	0	0	1	0	0	7	1	0	0	0	6	0	7	0	0	0	0
chr2	87405989	87406001	13	6	0	13	5	8	0	0	2	0	2	0	1	0	0	0	0	0	0	0	0	0	0	0	0	0	2	0	0	0	0	2	0	2	0	0	0	0
chr2	87406002	87406022	21	6	0	21	7	14	0	0	2	0	2	0	2	0	0	0	0	0	0	0	0	0	0	0	0	0	5	0	0	0	0	4	0	4	0	0	0	0
chr2	87406025	87406045	21	6	0	21	7	14	0	0	2	0	2	0	2	0	0	0	0	0	0	0	0	0	0	0	0	0	4	0	0	0	0	4	0	5	0	0	0	0
chr2	87406057	87406077	21	6	0	21	6	15	0	0	2	0	2	0	2	0	0	0	0	0	0	0	0	0	0	0	0	0	3	0	0	1	1	5	0	3	0	0	0	0
chr2	87406086	87406148	63	8	0	63	25	38	2	0	6	0	5	0	8	0	0	2	0	0	0	0	0	0	1	0	0	1	8	0	0	2	4	10	0	10	1	0	0	1
chr2	87406157	87406246	90	8	0	90	31	59	0	0	7	0	7	0	10	2	0	1	0	2	0	0	2	0	0	0	0	1	16	0	0	2	2	17	0	16	1	2	0	0
chr2	87406247	87406275	29	8	0	29	12	17	0	0	3	1	2	0	3	1	1	0	0	0	0	0	0	0	0	0	0	0	5	0	0	0	0	5	0	5	1	0	0	0
chr2	87406286	87406361	76	6	0	76	28	48	0	2	5	0	7	0	10	0	0	1	1	0	0	0	2	0	0	1	0	2	13	0	0	0	1	12	0	15	2	0	0	0
chr2	87406362	87406381	20	7	0	20	7	13	1	1	0	0	0	0	3	0	0	0	0	0	1	0	1	0	0	1	0	0	3	0	0	0	0	3	0	4	0	0	0	0
chr2	87406382	87406425	44	8	0	44	13	31	0	0	2	0	2	0	7	0	0	0	0	0	0	0	0	0	0	0	0	0	10	0	0	1	1	11	0	8	0	0	0	0
chr2	87406440	87406493	54	8	0	54	17	37	0	0	3	0	3	2	8	0	0	1	0	0	0	0	0	0	2	0	0	1	10	1	0	0	0	10	0	10	1	0	0	0
chr2	87406498	87406724	227	6	0	227	71	156	0	1	12	0	13	5	31	5	0	2	0	1	0	0	0	0	3	4	1	0	43	6	1	5	8	42	2	36	0	2	0	2
chr2	87406725	87406791	67	6	0	67	24	43	1	1	6	0	7	0	8	0	0	0	0	0	0	0	0	0	0	1	0	0	13	0	0	0	2	12	0	14	0	0	0	0
chr2	87406792	87407230	439	6	0	439	151	288	2	5	28	1	33	9	50	2	0	4	3	3	2	0	8	0	2	10	0	6	83	8	5	3	6	77	0	77	3	3	1	3
chr2	87407231	87407295	65	6	0	65	22	43	0	0	5	0	5	0	8	0	0	0	0	0	0	0	2	0	0	0	0	0	14	0	0	0	0	14	0	14	0	0	0	1
chr2	87407296	87407339	44	6	0	44	16	28	0	0	3	1	3	2	2	0	0	0	0	1	1	0	3	0	0	0	0	1	7	0	2	0	0	8	0	7	0	1	0	0
chr2	87407340	87407390	51	6	0	51	18	33	1	1	3	0	4	1	5	0	0	1	0	0	0	0	0	0	0	2	0	1	9	1	2	0	0	9	0	7	2	0	0	0
chr2	87407391	87407910	520	6	0	520	174	346	7	7	27	0	31	4	75	2	3	14	4	0	0	0	0	0	9	13	0	3	93	14	4	4	7	87	4	85	3	1	4	13
chr2	87407911	87407941	31	6	0	31	11	20	0	1	2	0	3	0	3	0	0	0	0	0	0	0	2	0	0	1	0	0	6	1	0	0	0	4	0	6	0	0	0	0
chr2	87407944	87408180	237	6	0	237	85	152	2	2	19	0	18	4	27	0	3	6	1	0	0	0	2	0	3	7	0	2	40	7	0	2	4	35	2	39	2	0	2	6
chr2	87408181	87408302	122	6	0	122	39	83	1	2	7	0	9	3	16	0	0	1	0	0	0	0	0	0	1	4	0	1	24	4	0	2	2	22	0	20	1	0	0	0
chr2	87408304	87408423	120	6	0	120	40	80	0	0	9	0	8	3	12	1	0	1	2	1	1	0	1	0	0	1	0	3	20	1	4	1	1	24	0	20	3	0	0	1
chr2	87408424	87408926	503	6	0	503	174	329	8	5	33	0	36	3	64	11	1	6	4	1	1	0	1	0	2	10	0	2	90	8	2	9	19	88	0	85	2	4	0	6
chr2	87408927	87409673	747	6	0	747	257	490	6	4	55	0	53	10	90	10	4	9	5	2	2	0	6	0	4	13	0	7	133	14	4	12	20	133	2	127	6	3	2	9
chr2	87409674	87410504	831	6	0	831	287	544	9	11	55	0	61	8	105	4	5	19	5	2	0	0	2	0	11	20	0	7	149	19	8	6	11	141	4	136	7	2	4	18
chr2	87410509	87410585	77	5	0	77	26	51	1	2	5	0	7	1	9	0	0	1	0	0	0	0	0	0	1	2	0	1	14	2	0	1	1	14	0	12	1	0	0	0
chr2	87410586	87410723	138	6	0	138	47	91	0	1	10	0	11	4	13	1	0	2	2	1	0	0	0	0	0	3	0	5	25	3	4	0	0	26	0	20	4	0	0	1
chr2	87410724	87410756	33	5	0	33	11	22	0	0	3	0	2	1	4	0	0	0	0	0	0	0	0	0	0	1	0	0	7	1	0	0	0	5	0	7	0	0	0	0
chr2	87410757	87410802	46	6	0	46	14	32	0	0	3	0	3	1	5	0	0	0	1	0	0	0	0	0	0	0	0	1	9	0	2	0	0	10	0	8	1	0	0	0
chr2	87410803	87412256	1454	6	0	1454	515	939	10	11	109	1	112	24	161	17	6	20	17	6	3	0	17	0	12	26	4	13	241	17	6	26	46	242	8	248	15	6	10	18
chr2	87412257	87412281	25	6	0	25	7	18	0	1	0	0	1	0	4	0	0	0	0	0	0	0	0	0	0	1	0	0	5	1	0	1	0	5	0	4	0	0	0	0
chr2	87412282	87412346	65	6	0	65	21	44	0	0	4	0	4	3	9	0	0	1	0	0	0	0	0	0	2	1	0	1	11	1	1	0	1	11	1	11	1	0	0	0
chr2	87412347	87412664	318	6	0	318	107	211	2	0	25	0	23	3	38	5	1	2	4	1	1	0	1	0	0	2	0	3	58	2	4	5	7	63	0	57	4	2	0	3
chr2	87412665	87416141	3477	6	0	3477	1157	2320	26	24	227	3	239	49	443	23	10	53	22	10	5	1	22	0	30	65	3	29	622	64	43	50	72	635	15	595	29	15	11	40
chr2	87416142	87416166	25	7	0	25	10	15	0	0	2	0	2	0	4	0	0	2	0	0	0	0	0	0	0	0	0	2	3	0	0	0	0	3	0	3	2	0	0	0
chr2	87416167	87417639	1473	6	0	1473	490	983	8	9	100	2	105	14	187	16	2	15	2	8	4	0	18	0	8	23	0	7	274	21	14	25	31	281	3	267	9	9	1	8
chr2	87417640	87417706	67	6	0	67	23	44	0	0	5	0	5	0	9	0	0	2	1	0	0	0	0	0	1	0	0	1	12	0	0	0	0	12	1	13	1	0	1	1
chr2	87417707	87417804	98	6	0	98	24	74	0	1	1	0	2	2	18	0	0	0	0	0	0	0	0	0	0	2	0	0	22	6	1	1	0	21	1	18	0	0	0	0
chr2	87417805	87417863	59	7	0	59	18	41	0	0	2	0	2	3	9	0	0	1	0	0	0	0	0	0	2	1	0	1	11	1	1	0	1	10	1	10	1	0	0	0
chr2	87417864	87418431	568	6	0	568	187	381	1	3	37	0	40	4	78	8	0	5	3	4	1	0	1	0	0	6	0	6	116	9	0	6	8	112	0	106	6	4	0	2
chr2	87418432	87418481	50	6	0	50	15	35	0	0	1	0	2	2	7	1	0	0	0	1	0	0	0	0	0	2	0	0	11	2	0	2	1	9	0	6	0	1	0	0
chr2	87418482	87418924	443	6	0	443	145	298	2	2	26	0	26	11	60	2	1	8	3	2	1	0	1	0	6	12	0	3	84	12	2	5	6	76	1	75	3	3	1	7
chr2	87418925	87418958	34	7	0	34	10	24	0	0	2	0	2	0	5	0	0	0	0	0	0	0	0	0	0	0	0	0	7	0	0	1	1	8	0	6	0	0	0	0
chr2	87418959	87418981	23	6	0	23	9	14	0	0	2	1	2	0	2	1	1	0	0	0	0	0	0	0	0	0	0	0	4	0	0	0	0	4	0	4	0	0	0	0
chr2	87418982	87419718	737	6	0	737	252	485	5	10	43	3	51	16	89	4	1	8	4	3	3	0	11	0	5	18	0	11	138	15	9	4	9	130	2	127	8	3	1	4
chr2	87419719	87421396	1678	6	0	1678	571	1107	13	17	108	2	117	19	214	12	8	35	10	4	2	0	10	0	18	36	0	17	294	32	21	22	32	294	6	276	18	6	7	26
chr2	87421397	87421567	171	6	0	171	58	113	1	3	10	0	13	2	23	0	0	3	2	0	0	0	0	0	2	4	0	2	31	4	0	3	2	31	0	27	3	0	0	3
chr2	87421568	87422453	886	6	0	886	304	582	3	6	60	2	63	14	101	12	2	15	7	6	2	0	10	0	5	16	1	13	154	11	17	12	16	160	1	145	15	6	1	8
chr2	87422454	87422510	57	6	0	57	21	36	1	0	5	0	4	0	6	2	1	1	1	0	0	0	0	0	0	1	0	0	9	0	0	2	2	9	0	8	0	1	0	2
chr2	87422511	87422969	459	6	0	459	167	292	4	3	31	0	30	13	46	2	1	10	11	2	3	1	9	0	5	12	4	6	56	9	7	10	22	58	7	71	8	2	4	10
chr2	87422970	87423587	618	6	0	618	214	404	9	5	41	0	44	3	81	11	1	10	5	1	1	0	1	0	5	10	0	3	109	9	2	12	22	109	1	104	3	4	1	9
chr2	87423588	87423644	57	5	0	57	18	39	0	1	4	0	5	0	7	0	0	1	0	0	0	0	0	0	1	1	0	0	11	1	1	0	0	11	0	10	0	0	0	1
chr2	87423645	87423982	338	6	0	338	120	218	3	3	26	0	25	4	41	2	4	8	1	0	0	0	2	0	4	8	0	3	61	7	0	2	5	54	2	58	3	1	2	7
chr2	87423983	87424007	25	6	0	25	9	16	1	1	1	0	2	0	3	0	0	0	0	0	0	0	0	0	1	0	0	0	4	1	0	1	1	4	0	3	0	0	0	0
chr2	87424008	87424576	569	6	0	569	198	371	3	6	40	1	43	5	66	11	2	6	4	2	2	0	6	0	1	11	0	6	102	6	6	9	15	103	0	97	7	3	0	4
chr2	87424581	87424769	189	6	0	189	65	124	1	1	12	1	14	5	21	1	0	3	2	2	0	0	2	0	2	5	0	2	32	3	3	4	4	32	0	28	2	2	1	2
chr2	87424776	87425000	225	6	0	225	73	152	1	2	14	0	16	5	29	0	0	3	0	0	0	0	2	0	3	6	0	1	46	6	2	0	1	42	0	41	0	0	0	3
chr2	87425001	87425860	860	6	0	860	297	563	5	11	53	2	67	16	99	8	0	8	8	6	0	0	12	0	5	19	0	11	163	13	10	4	13	152	0	151	9	6	0	7
chr2	87425861	87425893	33	6	0	33	12	21	0	0	3	0	3	0	3	0	0	1	0	0	0	0	2	0	1	0	0	0	5	0	0	0	0	5	0	7	0	0	0	1
chr2	87425894	87425963	70	6	0	70	23	47	2	1	3	0	4	2	10	0	0	0	0	0	0	0	0	0	0	3	0	0	15	2	0	0	1	12	0	13	0	0	0	0
chr2	87425964	87425974	11	6	0	11	5	6	0	0	1	0	1	0	0	0	0	1	1	0	0	0	0	0	1	0	0	0	1	0	0	0	0	1	0	0	0	0	0	2
chr2	87425975	87426000	26	6	0	26	11	15	2	0	2	0	3	0	3	0	0	0	0	0	0	0	0	0	0	0	0	0	4	0	0	0	1	4	0	5	0	0	0	0
chr2	87426001	87426042	42	5	0	42	13	29	0	0	3	0	3	1	4	0	0	1	0	0	0	0	0	0	0	1	0	1	8	1	2	0	0	8	0	6	1	0	0	0
chr2	87426043	87426059	17	6	0	17	5	12	0	0	2	0	2	0	1	0	0	0	0	0	0	0	0	0	0	0	0	0	3	0	0	0	0	4	0	3	0	0	0	0
chr2	87426064	87426192	129	6	0	129	42	87	0	2	7	0	7	1	18	0	1	4	1	0	0	0	0	0	2	4	0	1	22	5	2	1	1	21	1	20	1	0	1	4
chr2	87426193	87426202	10	6	0	10	4	6	1	0	1	0	0	0	1	0	0	0	0	0	0	0	0	0	0	0	0	0	1	0	0	0	0	2	0	2	0	0	0	0
chr2	87426203	87426328	126	5	0	126	44	82	1	2	7	0	8	0	20	0	0	5	0	0	0	0	0	0	4	2	0	1	20	2	0	3	3	21	1	19	1	0	0	4
chr2	87426329	87426350	22	6	0	22	7	15	0	1	1	0	2	0	2	0	0	0	0	0	0	0	0	0	0	1	0	0	4	1	0	0	0	4	0	4	0	0	0	0
chr2	87426351	87426502	152	5	0	152	52	100	1	2	11	0	12	0	19	2	1	3	0	0	0	0	0	0	2	2	0	1	29	1	2	0	1	29	0	28	1	1	0	2
chr2	87426503	87426512	10	6	0	10	4	6	0	1	0	0	1	0	0	0	0	0	0	0	0	0	0	0	0	1	0	0	2	1	0	0	0	1	0	1	0	0	0	0
chr2	87426513	87426601	89	6	0	89	31	58	2	0	7	0	6	0	13	0	1	2	0	0	0	0	0	0	0	0	0	2	16	0	0	1	1	17	0	16	2	0	0	1
chr2	87426602	87426627	26	6	0	26	8	18	0	0	2	0	2	0	2	0	0	0	0	1	0	0	0	0	0	0	0	0	4	1	1	0	0	6	1	3	0	0	0	1
chr2	87426628	87426715	88	6	0	88	32	56	0	1	7	0	8	3	7	0	0	3	1	0	0	0	2	0	2	4	0	0	14	4	0	1	2	11	0	12	0	0	0	4
chr2	87426716	87426735	20	5	0	20	6	14	0	0	1	0	0	0	3	0	1	0	0	0	0	0	0	0	0	0	0	0	4	0	0	0	0	3	1	4	0	0	1	0
chr2	87426736	87426756	21	6	0	21	7	14	0	0	1	0	1	0	3	0	0	1	0	0	0	0	0	0	1	0	0	0	3	0	0	0	0	4	0	4	0	0	0	1
chr2	87426757	87426800	44	5	0	44	16	28	0	0	4	0	3	0	5	2	1	1	0	0	0	0	0	0	1	0	0	0	8	0	0	0	1	7	0	7	0	1	0	1
chr2	87426801	87427042	242	6	0	242	78	164	1	3	15	0	17	1	33	0	1	6	1	0	0	0	0	0	4	4	0	2	42	8	3	3	3	42	3	40	2	0	2	4
chr2	87427043	87427158	116	6	0	116	42	74	1	0	9	0	8	2	12	3	1	2	2	1	0	0	0	0	0	1	1	2	19	0	0	3	4	20	1	16	2	1	0	3
chr2	87427159	87427170	12	6	0	12	6	6	1	0	0	0	1	0	1	0	0	0	0	0	0	0	1	0	0	0	0	0	1	0	0	1	1	2	0	1	0	0	0	0
chr2	87427171	87427191	21	6	0	21	8	13	1	0	2	0	2	0	3	0	0	0	0	0	0	0	0	0	0	0	0	0	3	0	0	0	2	2	0	4	0	0	0	0
chr2	87427192	87427678	487	6	0	487	166	321	2	3	37	0	36	9	54	5	3	7	5	1	1	0	3	0	4	11	0	4	85	10	4	7	11	84	3	80	4	1	3	8
chr2	87427679	87427711	33	6	0	33	12	21	1	0	3	0	3	0	5	0	0	0	0	0	0	0	0	0	0	0	0	0	4	0	0	1	3	5	0	6	0	0	0	0
chr2	87427712	87427983	272	6	0	272	93	179	0	1	19	0	17	1	32	8	1	3	0	2	2	0	6	0	1	2	0	2	49	1	4	4	7	52	0	50	2	3	0	1
chr2	87427984	87428041	58	6	0	58	20	38	0	0	3	0	2	1	6	1	0	1	0	1	1	0	3	0	0	1	0	2	9	2	2	0	0	9	0	10	1	1	0	0
chr2	87428042	87429713	1672	6	0	1672	548	1124	5	14	98	5	113	26	219	10	4	19	10	9	0	0	16	0	10	37	0	12	318	32	14	25	22	311	7	292	17	9	3	13
chr2	87429714	87429797	84	5	0	84	27	57	0	0	5	0	5	0	11	5	0	0	0	1	0	0	0	0	0	0	0	0	16	0	0	2	5	17	0	14	0	1	0	0
chr2	87429798	87429880	83	6	0	83	27	56	1	0	6	0	5	2	5	0	0	0	0	0	1	0	6	0	0	2	0	0	11	2	6	0	1	16	0	17	0	0	0	0
chr2	87429881	87429951	71	5	0	71	23	48	1	1	4	0	5	2	9	0	0	0	0	0	0	0	0	0	0	3	0	0	16	2	0	0	0	13	0	13	0	0	0	0
chr2	87429952	87430142	191	6	0	191	65	126	2	3	13	0	15	3	21	2	1	1	1	2	0	0	0	0	3	5	0	0	36	2	3	2	2	34	1	32	0	2	2	1
chr2	87430143	87430274	132	5	0	132	45	87	0	1	9	0	9	3	16	0	1	3	1	0	0	0	2	0	2	5	0	0	23	5	0	1	3	19	1	21	0	0	1	4
chr2	87430275	87430358	84	6	0	84	28	56	1	2	6	0	8	2	8	0	0	1	0	0	0	0	0	0	1	3	0	1	15	3	2	0	1	14	0	13	1	0	0	0
chr2	87430359	87430444	86	5	0	86	29	57	0	0	6	0	6	3	9	1	0	1	2	1	0	0	0	0	0	1	0	3	15	1	2	0	0	16	0	13	3	0	0	1
chr2	87430445	87430527	83	6	0	83	30	53	1	0	7	0	5	0	10	2	1	1	1	0	1	0	0	0	0	1	0	0	14	0	0	4	3	15	0	12	0	1	0	2
chr2	87430528	87430642	115	5	0	115	39	76	1	0	8	0	8	0	15	5	0	0	0	1	0	0	0	0	0	0	0	0	21	0	0	3	7	23	0	20	0	1	0	0
chr2	87430643	87430714	72	6	0	72	22	50	0	0	6	0	5	1	6	0	0	0	0	0	1	0	3	0	0	1	0	0	12	1	4	0	0	15	0	15	0	0	0	0
chr2	87430715	87430766	52	5	0	52	18	34	0	1	3	0	4	1	5	0	0	2	0	0	0	0	2	0	0	2	0	2	7	1	2	0	0	8	0	8	2	0	0	0
chr2	87430767	87430816	50	6	0	50	19	31	0	2	3	0	5	0	5	1	0	1	0	0	0	0	0	0	1	2	0	0	10	1	0	0	0	8	0	8	0	0	0	1
chr2	87430817	87430935	119	5	0	119	39	80	0	2	7	0	9	1	14	0	0	3	0	0	0	0	2	0	2	2	0	1	17	0	6	3	3	23	0	18	2	1	0	1
chr2	87430936	87430997	62	6	0	62	20	42	1	1	3	0	4	1	8	0	0	2	0	0	0	0	0	0	1	3	0	0	11	2	0	1	1	10	0	9	0	0	1	1
chr2	87430998	87431137	140	5	0	140	48	92	0	0	9	1	9	3	15	1	0	2	2	2	0	0	2	0	1	2	0	2	24	3	3	1	1	24	1	24	3	2	0	1
chr2	87431138	87431439	302	6	0	302	95	207	1	0	16	0	15	6	46	2	0	5	1	2	0	0	0	0	4	7	0	0	62	9	0	3	3	55	0	55	0	3	0	5
chr2	87431440	87439990	8551	5	0	8551	4751	3800	508	243	338	345	306	283	448	305	326	189	319	218	295	153	210	264	341	190	36	301	372	273	36	319	289	264	30	297	340	273	40	398
chr2	87439991	87441083	1093	6	0	1093	583	510	67	29	29	48	33	41	60	38	44	26	47	17	29	19	25	31	43	34	5	33	49	45	6	54	33	29	4	40	46	46	7	34
chr2	87441084	87463980	22897	5	0	22897	12536	10361	1367	575	950	928	848	749	1120	846	910	528	916	611	696	386	509	595	835	575	120	708	982	765	133	972	766	674	91	775	981	838	106	1040
chr2	87463981	87519980	56000	4	0	56000	31026	24974	3919	1620	2170	2232	2012	2086	2669	1895	2126	1201	2110	1292	1884	1036	1188	1585	2367	1451	383	1742	2280	1869	377	2282	1823	1612	299	1759	2192	1876	307	2354
chr2	87519981	87771980	252000	3	0	252000	142359	109641	17189	7212	10035	10615	9238	8219	11524	9289	9770	5366	9350	6357	8854	5106	5998	8235	10214	6295	1374	8020	10409	7923	1319	9957	7936	6733	1050	7567	9711	8657	1113	11363
chr2	87771981	88017635	245655	4	0	245655	152521	93134	21621	7667	9645	14166	9722	6736	8750	9441	9810	4246	7254	6722	11945	6279	6628	11887	10274	5297	1223	8134	8044	4715	1268	7473	6401	5050	1118	6105	9930	6438	1099	10565
chr2	88017636	88017661	26	6	0	26	12	14	1	1	0	0	1	2	2	2	0	2	1	0	0	0	0	0	2	2	1	0	1	0	0	1	1	0	0	1	2	0	0	1
chr2	88017662	88018721	1060	4	0	1060	550	510	45	22	53	29	30	27	54	43	39	29	36	34	36	15	27	30	30	24	6	33	40	37	13	56	48	35	10	39	36	51	9	42
chr2	88018722	88018748	27	6	0	27	14	13	2	1	1	0	1	0	4	0	2	1	0	0	0	0	0	0	0	1	0	2	3	0	0	0	2	1	0	1	0	1	0	2
chr2	88018749	88033980	15232	4	0	15232	9003	6229	1308	470	597	706	569	453	638	506	558	280	485	406	646	369	409	602	578	375	73	546	577	397	94	540	417	406	76	421	595	430	81	622
chr2	88033981	88233980	2e+05	5	0	2e+05	112285	87715	13059	5438	7801	8444	7240	6505	9068	7258	7623	4071	7929	5169	6820	4187	4956	6715	7934	5043	989	6235	8180	6292	1121	8275	6206	5511	1043	6094	7751	7022	869	9150
chr2	88233981	88373980	140000	6	0	140000	79557	60443	9974	3941	5555	6070	5237	4553	6207	4986	5338	2714	5237	3778	4992	2865	3401	4708	5434	3497	722	4420	5816	4026	838	5415	4269	3873	735	4331	5464	4699	669	6234
chr2	88373981	88452232	78252	5	0	78252	44141	34111	6038	2124	2810	3365	2915	2557	3577	2473	2676	1482	3141	2111	2709	1678	1959	2524	2882	2046	392	2521	3265	2204	597	3098	2346	2405	498	2447	3029	2509	451	3421
chr2	88452234	88483981	31748	5	0	31748	17658	14090	2419	775	1156	1398	1119	1019	1399	954	1085	574	1298	805	1125	776	831	924	1099	763	205	1076	1265	936	338	1259	983	1077	342	984	1144	1022	231	1365
chr2	88483982	88732728	248747	4	0	248747	144720	104027	19030	7370	10096	11298	9605	7521	10372	8655	9312	4756	8914	6612	9847	5782	6453	9096	9589	6264	1230	8345	9617	6589	1368	9500	7270	6263	1223	7174	9677	7958	1143	10816
chr2	88732730	88752982	20253	4	0	20253	11847	8406	1552	647	880	877	809	629	901	701	847	369	627	568	747	471	530	690	857	485	83	692	800	552	71	709	597	460	56	633	786	635	86	904
chr2	88752983	88803541	50559	5	0	50559	31097	19462	4120	1565	1934	2863	1967	1455	1859	2243	2076	858	1384	1417	2320	1290	1280	2464	2207	1108	238	1615	1732	1102	254	1483	1442	1009	229	1308	2143	1352	189	2051
chr2	88803545	88824561	21017	5	0	21017	11548	9469	1274	551	856	828	758	722	1073	815	823	443	776	532	654	408	437	597	875	500	80	669	930	764	73	904	717	658	67	658	846	749	66	912
chr2	88824563	88835986	11424	5	0	11424	6352	5072	772	300	446	482	397	390	558	425	423	242	430	238	407	231	239	371	456	271	64	372	469	400	63	469	425	333	48	368	420	398	51	464
chr2	88835987	88855243	19257	6	0	19257	11400	7857	1373	570	824	923	732	591	788	707	864	411	697	527	722	395	530	745	784	470	92	621	702	503	43	733	513	360	31	506	819	648	52	979
chr2	88855245	88855285	41	6	0	41	27	14	1	2	4	2	1	1	2	1	6	0	2	1	1	0	0	2	1	1	0	1	0	0	0	1	0	0	0	0	4	0	0	5
chr2	88855287	88859419	4133	6	0	4133	2435	1698	311	145	174	205	154	99	184	140	161	76	146	98	209	81	93	159	164	89	16	132	126	149	14	177	114	99	17	118	172	129	11	169
chr2	88859421	88861556	2136	6	0	2136	1327	809	238	56	99	139	92	61	63	54	89	32	61	65	113	47	52	64	70	39	23	64	69	49	17	57	45	48	18	63	86	56	14	91
chr2	88861561	88870314	8754	6	0	8754	5148	3606	639	257	351	396	321	258	362	306	340	183	347	240	342	219	235	350	382	176	62	298	269	209	48	324	263	172	52	241	333	293	52	432
chr2	88870315	88926983	56669	6	0	56669	35775	20894	4962	1767	2354	3355	2229	1540	1921	2298	2451	956	1593	1653	2797	1360	1559	2978	2438	1118	227	1840	1810	1120	184	1596	1517	939	158	1294	2223	1533	199	2698
chr2	88926984	88927644	661	7	0	661	450	211	49	18	30	41	26	16	18	24	22	11	25	15	42	25	11	76	40	10	1	19	17	9	1	13	11	9	0	8	16	12	0	44
chr2	88927645	88952843	25199	7	0	25199	15041	10158	1891	717	970	1315	962	750	1106	939	994	501	832	692	1046	583	652	1090	1059	562	105	825	945	605	85	877	758	550	53	715	995	795	85	1143
chr2	88952844	88992957	40114	7	0	40114	23648	16466	2813	1167	1492	1999	1405	1193	1872	1652	1601	835	1328	1125	1653	876	989	1646	1730	922	155	1265	1509	1015	127	1468	1184	886	121	1195	1699	1296	141	1753
chr2	88992979	88997646	4668	7	0	4668	2693	1975	293	113	199	213	154	123	223	191	190	107	193	122	180	94	104	192	202	92	15	128	174	141	13	196	137	99	5	161	179	192	7	234
chr2	88997648	89026002	28355	7	0	28355	16990	11365	2046	817	1099	1478	1077	891	1171	1221	1163	615	833	789	1154	659	745	1232	1281	655	115	931	1090	735	79	933	797	570	49	728	1191	876	77	1256
chr2	89026003	89049104	23102	8	0	23102	13734	9368	1612	690	892	1185	891	669	1078	923	913	479	722	672	963	541	577	926	1017	499	78	785	850	551	79	768	732	473	61	688	962	725	72	1027
chr2	89049106	89066388	17283	8	0	17283	10224	7059	1177	516	757	817	714	516	683	657	694	372	557	477	682	408	474	721	737	419	61	595	637	439	56	649	520	340	43	463	677	583	76	764
chr2	89066399	89092492	26094	8	0	26094	15417	10677	1748	729	1000	1319	1007	840	1084	1023	988	516	827	805	1053	654	612	1211	1198	598	121	823	1006	810	91	917	703	536	71	666	1047	879	93	1117
chr2	89092495	89094821	2327	8	0	2327	1312	1015	107	65	84	109	93	89	103	101	78	56	61	69	87	58	68	83	121	56	14	78	103	75	8	81	78	64	7	65	84	73	15	92
chr2	89094823	89100365	5543	8	0	5543	3321	2222	391	171	203	306	217	157	271	223	232	123	171	153	230	108	120	244	233	118	25	182	189	125	13	189	187	99	16	166	259	174	18	228
chr2	89100368	89120550	20183	8	0	20183	12072	8111	1532	588	829	1010	775	575	878	799	825	421	617	573	828	445	525	850	831	494	69	635	739	468	65	716	624	403	52	579	833	623	60	920
chr2	89120558	89124542	3985	8	0	3985	2604	1381	365	125	149	272	202	89	128	149	146	68	105	118	198	93	111	284	162	76	15	122	121	42	8	100	127	61	9	101	159	92	16	170
chr2	89124544	89149983	25440	8	0	25440	15333	10107	1923	743	1008	1369	1014	705	1095	910	1043	539	782	685	1064	609	665	1178	1050	581	116	849	920	586	100	860	749	503	71	672	1005	796	79	1169
chr2	89149984	89190914	40931	8	0	40931	25027	15904	3188	1293	1595	2199	1595	1218	1597	1765	1706	760	1270	1182	1785	938	1047	1888	1772	900	163	1374	1458	901	117	1268	1186	704	97	1045	1758	1239	99	1822
chr2	89190915	89205208	14294	8	0	14294	8568	5726	1076	393	543	778	570	439	594	557	587	288	460	444	558	304	369	607	610	321	47	446	506	349	56	491	409	285	44	382	635	447	51	646
chr2	89205212	89214372	9161	8	0	9161	5614	3547	711	272	356	510	372	260	381	362	346	198	303	280	420	199	195	447	415	171	51	292	272	171	48	282	282	173	29	234	406	258	36	427
chr2	89214377	89238412	24036	8	0	24036	13839	10197	1616	673	915	1123	864	785	1133	885	938	503	916	678	909	446	551	904	1011	584	90	722	961	681	102	923	714	572	68	734	981	830	86	1136
chr2	89238413	89251064	12652	8	0	12652	7482	5170	993	361	498	634	461	373	589	466	517	265	415	321	514	273	282	519	524	291	56	401	463	328	51	464	386	300	39	349	516	387	44	570
chr2	89251065	89251897	833	8	0	833	476	357	66	21	12	26	32	38	40	27	13	17	36	19	15	22	21	70	43	28	3	23	35	21	3	35	27	24	6	23	32	21	4	28
chr2	89251898	89264421	12524	8	0	12524	7563	4961	836	376	432	637	468	384	525	525	491	241	393	378	486	299	337	753	593	286	54	367	443	269	45	433	351	239	41	337	515	396	42	550
chr2	89264422	89264434	13	8	0	13	13	0	0	0	0	2	0	0	0	0	0	0	0	0	2	0	0	7	0	0	0	0	0	0	0	0	0	0	0	0	0	0	0	0
chr2	89264435	89264454	20	8	0	20	19	1	0	0	0	2	0	0	0	0	0	0	0	0	2	0	1	12	0	0	0	1	0	0	0	0	0	0	0	0	0	0	0	0
chr2	89264464	89265078	615	8	0	615	456	159	36	11	13	41	15	25	8	24	10	6	12	7	40	22	13	172	34	12	1	16	13	9	3	11	11	5	0	8	14	10	0	11
chr2	89265081	89265242	162	8	0	162	147	15	4	5	0	9	1	1	0	11	0	1	1	0	13	5	0	94	10	1	0	1	1	0	0	0	0	0	0	0	2	0	0	0
chr2	89265243	89265312	70	8	0	70	63	7	3	3	0	4	0	2	0	4	0	0	0	0	8	2	0	36	6	0	0	0	0	0	0	0	0	0	0	0	0	0	0	0
chr2	89265313	89273105	7793	8	0	7793	4373	3420	437	204	303	307	250	228	386	336	306	178	295	230	258	160	192	302	321	164	36	248	294	254	30	339	262	201	22	239	323	298	38	350
chr2	89273107	89273123	17	8	0	17	10	7	0	0	0	0	0	0	0	0	0	1	0	1	1	1	3	1	0	1	0	1	1	1	0	1	0	0	0	0	0	1	0	1
chr2	89273129	89273667	539	8	0	539	300	239	36	17	15	17	17	14	26	31	21	14	17	24	11	10	16	13	26	12	4	13	21	20	5	17	14	10	1	19	27	21	3	25
chr2	89273668	89279146	5479	8	0	5479	3054	2425	313	142	199	239	187	199	289	209	210	134	189	155	183	107	119	179	252	141	22	167	250	194	23	208	150	149	10	171	232	191	13	251
chr2	89279148	89283742	4595	8	0	4595	2484	2111	281	106	198	161	143	145	232	200	203	104	193	113	120	75	103	106	155	132	14	129	207	158	22	206	171	131	18	154	187	172	18	236
chr2	89283743	89316394	32652	9	0	32652	18959	13693	2265	884	1318	1526	1171	947	1500	1235	1331	697	1199	890	1226	707	798	1265	1314	778	156	986	1174	922	133	1260	998	753	116	984	1367	1036	129	1585
chr2	89316395	89319741	3347	9	0	3347	2037	1310	241	101	124	177	133	89	134	141	123	70	115	102	147	90	81	168	128	79	20	123	114	68	11	108	104	54	5	85	151	101	20	138
chr2	89319742	89325967	6226	10	0	6226	3450	2776	324	160	239	226	204	195	336	244	241	152	239	182	181	141	146	238	283	135	28	203	230	224	23	262	199	163	19	193	267	217	28	302
chr2	89325969	89326015	47	10	0	47	24	23	3	2	3	0	2	1	2	0	3	1	6	0	0	0	0	0	1	1	0	2	2	1	0	4	0	0	0	0	2	5	0	4
chr2	89326017	89326626	610	10	0	610	298	312	23	13	17	20	11	28	37	22	26	16	27	19	12	7	14	5	25	22	7	10	31	30	6	33	16	19	2	23	26	29	3	29
chr2	89326628	89330679	4052	10	0	4052	2479	1573	355	123	133	230	152	124	178	160	157	76	141	114	177	89	94	176	163	83	21	145	137	71	13	137	135	81	7	91	179	122	13	173
chr2	89787634	89788530	897	9	0	897	593	304	31	9	10	141	43	5	2	102	99	13	9	76	18	4	13	17	11	6	3	11	56	3	4	4	8	0	0	0	77	58	43	19
chr2	89788532	89789177	646	9	0	646	434	212	23	6	3	104	28	0	2	82	76	8	5	59	9	1	11	15	8	1	0	6	42	0	0	1	4	2	0	0	58	40	36	14
chr2	89789178	89789350	173	9	0	173	112	61	5	3	0	27	8	0	0	24	20	1	1	18	1	0	0	3	1	1	1	1	15	2	0	0	0	0	0	0	16	14	9	0
chr2	89789351	89790712	1362	8	0	1362	892	470	55	7	20	212	47	7	5	156	174	12	8	136	18	3	13	18	9	2	7	11	79	3	1	12	9	4	2	1	119	86	102	22
chr2	89795518	89797414	1897	8	0	1897	1239	658	58	24	17	283	72	15	7	221	220	18	19	184	32	10	19	39	21	9	13	24	118	1	11	7	8	0	1	3	167	127	119	28
chr2	89797952	89799301	1350	8	0	1350	876	474	42	12	16	200	44	11	6	150	158	14	13	134	25	5	19	25	7	7	7	21	85	1	6	11	9	0	1	0	110	95	92	22
chr2	89799302	89915689	116388	8	0	116388	68682	47706	6277	2637	3540	9471	4023	2786	3838	7599	8378	2147	3417	3731	3248	1961	2242	3385	3567	2116	616	3232	6822	2468	578	3386	2819	1861	268	2300	5039	6809	1706	4119
chr2	89915690	89917234	1545	9	0	1545	950	595	117	46	57	81	55	49	52	80	64	28	46	51	65	33	38	88	68	32	10	45	52	26	7	50	49	28	6	31	67	49	7	66
chr2	89917235	89917295	61	8	0	61	55	6	2	2	0	4	0	2	0	3	0	0	0	0	6	2	0	32	6	0	0	0	0	0	0	0	0	0	0	0	0	0	0	0
chr2	89917299	89917322	24	8	0	24	21	3	1	1	0	1	0	1	0	1	0	0	0	0	2	1	0	12	2	0	0	0	0	0	0	0	0	0	0	0	0	0	0	0
chr2	89917323	89917365	43	9	0	43	39	4	2	2	0	3	0	1	0	2	0	0	0	0	5	1	0	22	3	0	0	0	0	0	0	0	0	0	0	0	0	0	0	0
chr2	89917366	89917377	12	8	0	12	11	1	0	0	0	1	0	0	0	0	0	0	0	0	1	1	0	6	1	0	0	0	0	0	0	0	0	0	0	0	0	0	0	0
chr2	89917379	89917405	27	8	0	27	25	2	1	1	0	2	0	0	0	1	0	0	0	0	3	1	0	14	2	0	0	0	0	0	0	0	0	0	0	0	0	0	0	0
chr2	89917407	89917421	15	8	0	15	14	1	1	1	0	1	0	0	0	0	0	0	0	0	2	0	0	8	0	0	0	0	0	0	0	0	0	0	0	0	0	0	0	0
chr2	89917422	89962689	45268	9	0	45268	26720	18548	3232	1299	1667	2210	1658	1459	2028	1738	1761	916	1574	1251	1757	977	1060	2132	2001	1093	206	1351	1699	1109	182	1654	1313	1006	140	1291	1870	1436	164	2032
chr2	89962690	90008829	46140	10	0	46140	28109	18031	3577	1379	1786	2553	1855	1341	1842	1868	1896	898	1469	1374	1967	1015	1155	2133	1968	972	174	1519	1563	1021	177	1498	1335	863	129	1173	2040	1403	134	2061
chr2	90008831	90008851	21	10	0	21	9	12	0	0	2	0	1	1	1	0	1	1	2	0	0	0	0	0	1	0	0	1	1	2	0	1	0	0	0	0	1	2	0	1
chr2	90008853	90031920	23068	10	0	23068	13770	9298	1700	704	907	1127	846	698	969	979	948	448	749	669	943	504	580	997	980	553	95	726	873	573	88	755	683	437	63	657	956	726	66	1067
chr2	90031921	90033782	1862	10	0	1862	1095	767	124	50	91	107	76	57	71	59	106	39	54	42	67	24	55	72	69	38	5	58	75	49	4	89	50	41	2	45	69	90	3	79
chr2	90033784	90033856	73	10	0	73	55	18	19	0	17	0	0	0	0	0	17	0	0	0	0	0	0	0	0	0	0	0	0	0	0	0	0	0	0	0	0	0	0	18
chr2	90033857	90047428	13572	10	0	13572	8008	5564	961	405	537	697	539	373	640	465	555	305	425	365	546	319	322	553	535	344	61	462	534	352	61	459	395	283	45	383	553	427	49	620
chr2	90047429	90051605	4177	10	0	4177	2567	1610	364	130	156	233	170	96	160	164	175	85	133	120	173	97	129	181	178	87	20	123	138	72	24	133	112	78	17	115	162	130	13	207
chr2	90051606	90061454	9849	10	0	9849	6280	3569	871	279	377	609	420	270	345	378	364	176	277	283	480	261	267	622	429	195	31	331	313	156	20	292	301	165	20	216	370	265	37	427
chr2	90061459	90105747	44289	10	0	44289	26142	18147	3096	1282	1826	2132	1664	1317	2031	1761	1855	958	1419	1254	1721	920	1085	1820	1863	1031	163	1420	1666	1076	139	1591	1372	921	108	1311	1872	1444	130	2039
chr2	90105748	90108070	2323	10	0	2323	1320	1003	123	68	84	109	92	74	107	106	83	55	59	68	86	55	66	83	107	55	12	78	104	78	7	79	81	63	10	64	87	72	11	95
chr2	90108071	90110539	2469	10	0	2469	1582	887	215	67	108	159	98	95	79	94	98	40	57	66	138	71	60	137	131	52	6	83	79	40	3	73	60	41	4	53	96	62	7	95
chr2	90110541	90110562	22	10	0	22	10	12	0	0	0	2	0	0	1	1	1	0	1	0	1	1	1	1	0	1	0	0	0	2	0	2	1	2	0	0	1	0	0	1
chr2	90110564	90111985	1422	10	0	1422	754	668	75	32	61	47	56	50	76	54	42	31	50	43	42	26	32	36	56	28	7	47	77	46	9	49	59	55	9	59	45	52	5	64
chr2	90111988	90112796	809	10	0	809	469	340	62	22	31	36	32	34	34	27	26	22	28	16	30	20	23	25	45	16	6	31	34	17	3	24	23	22	5	22	25	23	4	39
chr2	90112797	90120686	7890	10	0	7890	4941	2949	679	231	327	439	292	216	325	322	352	158	224	223	352	186	226	388	348	160	13	269	261	137	13	224	202	127	12	225	344	211	18	384
chr2	90120688	90120726	39	10	0	39	27	12	0	1	2	4	3	2	0	1	2	0	0	1	2	2	2	4	5	0	0	0	0	0	0	1	1	0	0	1	1	1	0	1
chr2	90120733	90126140	5408	10	0	5408	3107	2301	366	150	223	257	210	155	251	215	214	114	207	145	206	108	108	177	216	137	24	150	218	166	11	226	172	126	11	163	225	193	12	250
chr2	90126142	90126158	17	10	0	17	9	8	1	0	0	2	1	0	1	0	0	1	0	0	1	1	0	0	0	1	0	1	1	1	0	0	1	1	0	0	0	0	0	1
chr2	90126160	90132451	6292	10	0	6292	3540	2752	272	170	184	303	245	257	221	247	193	109	201	246	218	190	108	374	323	152	64	187	259	345	39	238	142	126	35	93	247	258	48	196
chr2	90132453	90136091	3639	10	0	3639	2179	1460	229	117	154	177	148	101	150	147	158	72	102	122	142	99	107	154	169	75	13	132	140	93	12	115	93	62	8	92	144	129	7	174
chr2	90136092	90142707	6616	10	0	6616	4047	2569	476	216	253	346	282	199	256	300	257	148	187	185	276	162	189	313	315	162	26	222	230	131	11	203	208	106	15	163	284	176	20	297
chr2	90142708	90148742	6035	10	0	6035	3443	2592	372	157	290	253	233	180	246	196	245	130	226	151	223	140	161	238	236	150	17	204	228	195	27	263	185	130	18	187	207	238	38	269
chr2	90148746	90151812	3067	10	0	3067	1747	1320	203	91	139	129	116	88	140	91	120	72	108	97	122	70	71	89	124	82	14	101	120	88	16	149	72	76	10	70	119	126	14	138
chr2	90151814	90151875	62	10	0	62	38	24	5	2	6	3	3	0	2	5	3	1	0	2	4	0	0	0	1	1	0	1	1	1	0	3	5	3	0	2	3	0	0	3
chr2	90151877	90152026	150	10	0	150	82	68	4	4	7	5	5	6	5	9	5	4	8	5	6	2	3	3	10	2	0	4	7	6	0	5	4	5	0	3	5	5	0	11
chr2	90152039	90152127	89	10	0	89	54	35	3	3	3	5	2	5	4	3	4	1	3	3	5	4	2	3	6	2	0	4	5	0	0	2	2	1	0	1	2	4	0	5
chr2	90152132	90152358	227	10	0	227	134	93	10	5	9	12	12	6	14	9	9	6	7	4	6	9	4	11	13	7	0	6	6	4	0	8	14	4	0	4	7	3	0	16
chr2	90152360	90152401	42	10	0	42	35	7	6	0	3	4	1	0	0	1	1	0	1	0	5	4	1	7	0	0	0	4	0	0	0	0	0	0	0	0	1	0	0	1
chr2	90152403	90152847	445	10	0	445	291	154	46	17	21	23	17	8	18	17	16	5	10	13	30	12	15	21	15	9	0	18	11	4	0	13	20	5	1	14	14	10	1	19
chr2	90152852	90153441	590	10	0	590	354	236	46	16	25	34	22	14	29	15	30	6	14	23	23	9	18	28	19	4	2	20	17	15	4	22	23	14	3	20	21	25	3	24
chr2	90153449	90153820	372	10	0	372	249	123	28	12	10	26	15	5	7	23	14	6	10	15	19	15	10	32	19	8	1	10	10	6	4	10	5	2	0	3	16	14	1	14
chr2	90153834	90153978	145	10	0	145	78	67	9	4	1	6	2	6	13	4	4	5	7	1	5	4	4	3	8	5	0	6	7	6	0	4	4	2	0	6	5	4	0	8
chr2	90153989	90154566	578	10	0	578	284	294	14	12	19	16	14	18	49	21	18	17	24	18	15	9	10	9	20	14	0	22	28	24	4	28	28	18	2	28	26	27	0	24
chr2	90154568	90154578	11	10	0	11	6	5	0	0	0	0	0	1	0	0	0	0	1	0	1	1	0	0	1	1	0	0	0	1	0	1	0	0	0	0	1	0	0	0
chr2	90154580	90154888	309	10	0	309	171	138	12	10	10	9	6	10	19	15	12	4	16	12	11	2	6	15	13	7	0	6	13	11	1	9	12	9	0	13	12	7	1	24
chr2	90154890	90154920	31	10	0	31	22	9	0	0	2	4	0	0	1	0	2	1	0	1	3	0	4	3	0	0	0	1	0	0	0	1	1	0	0	1	0	1	0	3
chr2	90154922	90155710	789	10	0	789	491	298	63	31	33	49	35	15	36	20	34	17	23	18	44	17	19	36	31	19	1	29	24	21	3	26	16	13	1	22	35	21	1	34
chr2	90155712	90155772	61	10	0	61	38	23	5	1	1	7	4	2	2	1	3	1	1	1	1	0	2	5	1	2	0	1	1	2	0	3	4	2	0	0	3	1	0	2
chr2	90155774	90156069	296	10	0	296	164	132	14	9	16	7	10	6	17	11	17	8	8	6	6	8	10	10	11	11	0	9	11	7	1	16	9	5	0	12	13	11	1	14
chr2	90156082	90156267	186	10	0	186	108	78	19	6	12	6	5	2	7	5	11	2	4	3	8	0	11	6	4	3	0	3	9	6	0	10	4	7	0	11	2	8	0	10
chr2	90156269	90156314	46	10	0	46	21	25	1	1	2	0	2	2	1	4	1	2	2	2	0	0	0	0	2	2	0	1	5	4	0	2	0	0	0	0	1	5	0	2
chr2	90156316	90156583	268	10	0	268	178	90	30	8	6	19	11	8	7	7	7	8	11	10	16	7	8	13	13	7	1	10	7	6	1	7	1	0	0	1	12	8	2	14
chr2	90156585	90156663	79	10	0	79	43	36	3	2	6	1	2	3	5	3	2	2	0	1	6	2	1	3	7	2	0	0	3	2	0	6	2	5	0	3	1	1	0	3
chr2	90156665	90157185	521	10	0	521	329	192	42	12	34	26	16	11	18	21	29	10	7	17	27	15	16	28	21	12	1	14	15	13	1	17	9	6	0	18	21	16	0	26
chr2	90157201	90157412	212	10	0	212	131	81	22	13	8	9	13	7	9	7	7	5	6	4	10	4	4	2	13	7	0	9	10	1	0	6	4	5	0	3	10	3	0	9
chr2	90157414	90157437	24	10	0	24	17	7	3	1	0	3	1	0	1	1	1	0	0	2	1	1	0	0	2	1	0	0	0	0	1	0	0	0	0	0	1	0	1	1
chr2	90157438	90157939	502	10	0	502	312	190	44	16	21	29	15	13	20	20	28	10	19	18	22	9	10	17	25	11	1	11	14	10	0	23	6	4	2	8	23	22	1	28
chr2	90157941	90157988	48	10	0	48	29	19	5	2	4	1	2	1	1	3	3	0	2	2	1	0	1	0	0	0	0	3	2	0	0	1	3	1	0	1	2	2	0	3
chr2	90157990	90158414	425	10	0	425	259	166	35	15	18	20	19	9	22	20	21	9	11	17	13	7	8	13	18	13	0	9	14	6	0	16	21	3	0	8	17	14	0	27
chr2	90158416	90158485	70	10	0	70	42	28	4	3	4	4	5	1	2	1	5	0	3	1	1	3	2	2	4	1	0	2	2	2	0	4	1	1	0	0	2	4	0	4
chr2	90158487	90158962	476	10	0	476	276	200	37	10	20	23	17	15	28	16	18	8	13	19	18	7	12	14	17	4	2	17	16	11	1	19	24	11	0	19	18	21	1	18
chr2	90158977	90159216	240	10	0	240	139	101	14	2	11	11	8	10	10	13	9	8	8	8	7	5	5	9	7	7	0	11	10	7	0	7	10	4	1	3	13	6	1	13
chr2	90159229	90159367	139	10	0	139	99	40	16	4	3	9	5	3	2	11	2	1	0	7	8	12	3	11	10	5	1	4	4	0	1	1	2	1	1	0	5	0	1	4
chr2	90159369	90159431	63	10	0	63	40	23	3	4	1	3	3	1	1	6	3	1	1	0	2	2	2	5	7	1	0	1	0	4	0	3	2	0	0	0	2	2	0	1
chr2	90159433	90159699	267	10	0	267	168	99	23	10	6	19	15	7	8	9	12	9	7	4	8	10	8	12	18	7	2	9	8	7	3	7	3	0	0	1	10	10	1	12
chr2	90159701	90159795	95	10	0	95	41	54	1	3	0	2	2	3	12	4	2	0	6	2	1	1	0	2	3	2	0	2	5	5	0	5	8	5	0	7	4	3	0	3
chr2	90159796	90159869	74	10	0	74	37	37	0	0	5	1	1	4	6	4	3	6	2	0	2	0	1	1	4	2	0	4	3	1	0	4	3	1	0	2	5	3	0	4
chr2	90159871	90159936	66	10	0	66	26	40	1	2	2	0	0	1	6	0	3	1	5	0	1	1	2	0	1	3	0	1	3	5	1	5	2	1	1	6	1	6	0	3
chr2	90159949	90160877	929	10	0	929	519	410	50	27	34	38	28	28	59	34	40	18	32	33	31	19	21	27	35	20	5	32	35	28	4	27	39	20	4	36	39	26	7	51
chr2	90160879	90160926	48	10	0	48	20	28	0	1	3	0	2	2	4	0	1	1	2	0	1	1	2	0	0	3	0	2	5	2	0	2	2	1	0	5	1	2	0	1
chr2	90160928	90161140	213	10	0	213	125	88	11	7	12	15	14	6	14	3	11	3	2	7	9	3	3	5	8	5	0	6	6	4	0	8	11	6	0	9	11	4	0	8
chr2	90161151	90161408	258	10	0	258	153	105	16	11	7	14	11	5	14	8	14	5	9	8	8	6	4	12	11	8	0	8	8	9	0	15	3	3	0	4	16	12	0	7
chr2	90161422	90161808	387	10	0	387	232	155	26	14	18	17	15	6	15	16	18	9	10	11	15	7	14	20	13	9	0	14	14	17	0	15	10	6	0	8	14	14	0	20
chr2	90161810	90161861	52	10	0	52	28	24	2	1	2	0	0	1	3	3	3	1	4	2	0	1	3	0	2	1	0	1	1	0	0	3	2	0	0	4	3	3	0	4
chr2	90161863	90162277	415	10	0	415	289	126	45	12	17	41	21	7	5	23	17	9	13	6	32	9	5	26	21	4	0	11	13	6	1	7	6	4	0	6	16	13	1	16
chr2	90162279	90162348	70	10	0	70	38	32	2	4	3	1	5	3	3	3	3	3	2	2	0	1	1	0	4	3	0	4	4	2	0	1	3	1	0	0	5	1	0	4
chr2	90162350	90162597	248	10	0	248	146	102	11	10	6	8	6	11	16	12	10	4	8	7	8	10	5	13	16	6	3	9	6	1	0	9	7	5	0	10	17	4	1	7
chr2	90162598	90163395	798	10	0	798	564	234	85	20	20	78	39	13	13	50	23	16	12	23	56	24	23	69	39	8	2	23	26	6	1	11	19	12	0	11	31	19	1	23
chr2	90163397	90164543	1147	10	0	1147	623	524	61	26	31	54	42	36	63	67	42	31	34	35	26	14	32	28	46	22	1	38	68	43	1	36	35	44	2	45	58	39	4	41
chr2	90164545	90164581	37	10	0	37	21	16	1	3	0	2	3	2	0	4	1	0	2	1	1	0	0	1	3	0	0	1	3	1	0	0	1	1	0	0	2	1	0	1
chr2	90164583	90165236	654	10	0	654	360	294	26	21	27	19	22	24	36	25	25	13	18	19	19	22	19	23	28	22	3	27	29	25	2	25	27	10	0	21	23	24	1	27
chr2	90165238	90165302	65	10	0	65	33	32	1	1	3	1	3	2	3	4	1	4	3	1	1	0	1	2	3	1	0	3	5	4	0	1	0	0	0	4	4	5	0	2
chr2	90165304	90165575	272	10	0	272	166	106	17	11	12	13	11	10	11	11	11	4	6	5	16	11	2	13	15	8	3	10	10	13	0	5	9	1	1	5	9	6	0	11
chr2	90165577	90165720	144	10	0	144	104	40	6	5	8	10	4	2	4	3	5	2	5	3	14	8	6	17	6	1	2	8	2	0	0	0	2	1	0	3	3	0	0	12
chr2	90165722	90165776	55	10	0	55	40	15	6	2	1	6	4	3	1	4	3	1	1	2	2	0	0	2	5	0	0	1	0	0	0	0	1	0	0	1	6	0	0	1
chr2	90165777	90165852	76	10	0	76	38	38	1	2	2	2	5	12	1	4	1	2	1	1	0	1	2	1	15	1	0	0	3	4	0	2	3	2	0	1	1	1	0	3
chr2	90165854	90165896	43	10	0	43	24	19	2	0	4	0	1	2	2	2	2	1	1	4	1	1	0	0	1	1	0	2	1	0	0	3	1	0	0	1	4	3	0	1
chr2	90165898	90166477	580	10	0	580	358	222	37	18	26	30	25	19	19	22	23	10	18	21	27	12	20	29	28	8	2	21	13	11	1	24	17	10	0	15	27	20	1	24
chr2	90166486	90166600	115	10	0	115	79	36	11	5	8	9	5	2	3	6	8	3	3	3	8	2	2	0	5	1	0	5	2	0	0	1	0	1	0	3	9	1	0	7
chr2	90166602	90166658	57	10	0	57	35	22	6	3	1	3	4	0	3	3	2	0	2	2	1	4	1	0	3	1	0	3	4	1	0	0	0	1	0	1	3	1	0	2
chr2	90166660	90166737	78	10	0	78	50	28	7	2	4	5	2	2	4	1	3	1	2	0	6	4	1	5	2	2	0	5	2	2	0	2	4	1	0	1	1	2	0	3
chr2	90166739	90166761	23	10	0	23	15	8	1	0	1	2	1	0	0	3	1	0	0	0	1	2	0	3	1	1	0	0	2	0	0	0	0	1	0	1	0	0	0	0
chr2	90166763	90166950	188	10	0	188	109	79	9	5	5	8	5	11	6	12	6	3	3	5	7	7	7	9	12	6	0	7	10	5	0	5	4	4	1	7	9	5	1	2
chr2	90166952	90167000	49	10	0	49	37	12	8	1	4	4	0	2	0	2	4	0	0	0	4	1	1	4	2	0	2	1	1	0	0	0	1	0	0	1	0	1	0	3
chr2	90167002	90167089	88	10	0	88	53	35	5	4	6	3	5	2	5	1	4	3	2	3	2	1	2	3	4	3	0	3	3	0	0	4	2	0	0	4	4	4	0	4
chr2	90167091	90167106	16	10	0	16	11	5	1	1	0	1	0	0	0	1	1	0	1	0	1	0	1	2	0	0	0	1	1	0	0	0	0	0	0	0	0	1	0	1
chr2	90167107	90167135	29	10	0	29	19	10	3	0	0	3	2	2	0	1	0	0	1	1	1	2	0	1	4	0	0	0	1	0	0	1	1	1	0	0	1	1	0	0
chr2	90167137	90167212	76	10	0	76	57	19	12	3	1	9	6	1	2	2	3	0	2	3	5	5	0	2	4	1	0	4	2	0	0	0	0	0	0	0	5	1	0	1
chr2	90167214	90167274	61	10	0	61	43	18	3	1	3	8	4	3	0	2	3	1	1	2	4	2	2	2	3	1	0	3	1	0	0	1	2	0	0	0	3	1	0	3
chr2	90167276	90167519	244	10	0	244	173	71	35	7	12	18	7	5	7	6	10	2	4	6	20	9	11	14	8	3	1	11	5	0	0	4	3	3	1	8	8	3	0	11
chr2	90167521	90167616	96	10	0	96	70	26	12	5	5	6	2	0	1	4	6	0	2	4	8	3	3	8	3	2	0	3	1	1	0	4	0	0	0	0	3	3	0	5
chr2	90167618	90167683	66	10	0	66	45	21	7	4	1	3	1	6	2	3	2	0	0	3	4	4	2	1	9	0	2	3	2	0	0	0	0	0	0	0	1	2	0	2
chr2	90167684	90167807	124	10	0	124	87	37	15	2	4	9	3	1	3	7	3	5	5	3	10	2	2	11	6	2	0	2	3	0	0	6	0	1	0	1	5	6	0	5
chr2	90167808	90170570	2763	10	0	2763	1516	1247	186	78	106	111	117	99	137	93	90	51	108	67	89	62	55	65	115	68	15	92	137	77	17	104	93	101	14	98	101	89	14	112
chr2	90170587	90188584	17998	10	0	17998	10915	7083	1373	524	711	939	680	520	752	766	749	376	562	532	745	435	473	776	805	371	65	614	635	405	47	578	491	343	39	471	787	546	51	835
chr2	90188594	90188749	156	10	0	156	99	57	16	6	7	6	4	20	4	1	5	1	4	1	10	3	1	10	21	4	1	4	5	0	0	4	2	1	0	2	0	4	1	6
chr2	90188751	90192090	3340	10	0	3340	2024	1316	282	96	125	177	126	96	146	149	119	70	99	98	152	77	81	130	143	75	15	105	113	89	7	106	122	51	4	99	139	100	6	141
chr2	90192091	90193943	1853	10	0	1853	1074	779	120	57	65	93	78	57	82	70	57	37	71	55	78	33	45	74	68	61	5	50	87	40	3	83	59	50	4	49	73	62	4	81
chr2	90193960	90194149	190	10	0	190	95	95	7	5	4	5	7	11	14	3	5	3	12	3	2	3	6	3	3	9	2	8	9	3	0	10	12	4	0	12	11	6	0	6
chr2	90194150	90201705	7556	10	0	7556	4623	2933	542	255	310	388	304	232	324	305	306	165	197	217	343	159	207	367	353	180	16	262	259	162	16	234	236	124	10	196	318	205	16	346
chr2	90201706	90203903	2198	10	0	2198	1393	805	177	70	100	126	79	58	82	99	111	36	72	61	107	45	49	119	89	31	10	79	57	31	5	65	72	36	5	45	100	60	6	114
chr2	90203904	90203921	18	10	0	18	15	3	0	0	1	2	1	0	0	0	1	0	0	1	1	1	1	4	0	0	0	1	0	0	0	0	0	0	0	0	1	0	0	1
chr2	90203923	90207070	3148	10	0	3148	1953	1195	275	85	148	175	121	85	105	120	127	63	89	92	160	66	81	159	132	75	9	83	116	81	5	112	77	58	7	68	107	100	5	160
chr2	90207072	90213873	6802	10	0	6802	4108	2694	476	198	261	377	260	192	301	284	274	141	209	191	303	166	159	314	302	156	25	214	239	169	20	230	205	123	11	185	292	210	12	301
chr2	90213875	90213923	49	10	0	49	34	15	4	2	2	4	1	1	1	3	3	0	0	0	3	1	1	7	1	1	0	1	2	0	0	2	2	1	0	1	1	2	0	0
chr2	90213925	90228104	14180	10	0	14180	8438	5742	982	397	550	743	496	402	649	568	616	288	477	383	579	321	358	628	604	289	70	445	513	364	35	509	403	283	29	433	595	485	38	646
chr2	90228105	90229646	1542	10	0	1542	804	738	71	41	57	49	61	57	82	65	45	37	62	45	41	24	34	33	69	38	5	47	86	47	8	61	59	61	10	57	51	56	11	70
chr2	90229647	90229696	50	10	0	50	29	21	5	0	3	2	0	1	2	4	0	0	0	0	6	2	0	2	1	1	0	1	4	2	0	2	2	5	0	3	0	0	0	0
chr2	90229697	90229771	75	10	0	75	36	39	3	2	3	2	5	2	4	1	1	3	4	3	1	1	0	0	1	3	0	3	6	3	0	5	2	3	0	1	4	5	0	2
chr2	90229772	90229879	108	10	0	108	57	51	9	3	0	4	1	2	7	3	2	2	6	0	4	6	6	1	4	4	1	4	3	2	0	8	3	6	1	4	3	2	2	3
chr2	90229880	90229999	120	10	0	120	71	49	20	3	3	3	8	5	4	2	0	2	7	4	1	2	2	3	5	3	0	4	4	1	0	5	6	3	1	4	5	3	1	4
chr2	90230000	90230274	275	10	0	275	166	109	28	11	13	9	11	6	11	13	8	2	10	13	14	4	6	6	12	3	0	8	9	5	1	10	7	8	1	11	13	9	0	11
chr2	90230275	90230323	49	10	0	49	23	26	2	0	0	2	0	2	3	5	1	0	3	1	1	3	0	0	2	1	0	1	3	1	0	3	2	3	1	2	3	2	0	0
chr2	90230324	90231162	839	10	0	839	477	362	46	34	38	36	36	22	39	26	29	19	30	20	43	17	20	20	43	22	2	25	37	27	1	39	22	23	1	22	23	32	2	41
chr2	90231163	90231211	49	10	0	49	29	20	2	3	1	2	4	1	2	4	1	0	0	1	2	1	0	3	1	2	0	2	4	0	0	1	4	3	0	1	2	0	0	0
chr2	90231212	90234358	3147	10	0	3147	1867	1280	232	88	131	153	112	100	134	122	123	67	104	85	137	88	81	110	147	68	13	115	112	65	18	106	81	72	17	86	127	96	12	143
chr2	90234359	90241155	6797	10	0	6797	3528	3269	439	178	204	221	197	292	372	235	230	133	294	141	175	123	122	170	299	166	62	199	272	257	80	284	270	235	96	251	255	235	50	258
chr2	90241156	90241190	35	10	0	35	19	16	2	1	1	1	1	1	3	1	2	1	1	2	0	0	0	0	2	0	0	1	2	2	0	1	1	0	0	1	1	3	0	2
chr2	90241191	90241613	423	10	0	423	281	142	54	18	27	24	14	5	13	15	27	5	9	5	29	6	7	22	13	8	4	8	15	2	3	10	7	9	0	16	12	11	1	22
chr2	90241614	90241649	36	10	0	36	22	14	3	3	1	1	1	1	3	1	2	0	1	0	2	1	0	0	3	2	0	0	1	0	0	1	2	0	0	2	1	0	0	2
chr2	90241650	90243459	1810	10	0	1810	1154	656	174	60	71	106	59	62	52	74	71	31	46	40	107	55	50	94	98	39	15	56	55	38	3	59	39	25	9	31	55	53	7	74
chr2	90243460	90243501	42	10	0	42	32	10	2	0	3	4	2	0	0	3	2	1	1	1	3	1	1	7	0	0	0	2	0	0	0	0	1	0	0	1	3	0	0	2
chr2	90243502	90243715	214	10	0	214	105	109	14	7	9	4	5	6	14	2	10	3	7	4	5	3	9	2	6	9	1	3	10	12	1	15	5	12	1	10	6	5	1	11
chr2	90243716	90243790	75	10	0	75	41	34	2	2	3	8	6	1	2	5	5	2	1	0	1	0	0	1	2	3	0	1	5	5	0	2	3	2	1	2	4	2	1	1
chr2	90243791	90244628	838	10	0	838	416	422	41	22	33	17	28	42	40	23	21	15	36	19	23	19	23	13	39	21	6	32	32	32	12	40	34	37	16	29	28	26	6	31
chr2	90244629	90244676	48	10	0	48	18	30	0	0	2	0	1	0	2	1	1	1	4	1	0	1	3	0	0	1	0	1	2	9	0	3	1	3	0	2	2	1	0	4
chr2	90244677	90244961	285	10	0	285	86	199	2	2	8	0	3	11	23	1	6	8	18	1	0	1	1	0	2	14	3	3	22	32	8	25	7	27	7	15	7	15	4	7
chr2	90244962	90245047	86	10	0	86	31	55	1	3	3	0	2	3	6	0	3	1	6	0	1	1	0	0	2	4	0	2	5	8	2	6	1	7	2	4	3	3	2	3
chr2	90245048	90245105	58	10	0	58	8	50	0	0	0	0	0	0	4	0	0	0	4	0	0	0	0	0	0	0	0	0	2	0	6	3	2	11	17	3	0	1	1	2
chr2	90245106	90245175	70	10	0	70	18	52	0	0	0	0	0	0	6	0	0	5	6	0	0	0	0	0	4	0	1	1	0	0	10	2	2	6	10	4	0	6	0	5
chr2	90245176	90245229	54	10	0	54	10	44	0	0	0	0	0	0	2	0	0	2	6	0	0	0	0	0	2	0	0	0	0	0	9	3	0	7	11	2	0	5	0	3
chr2	90245230	90245402	173	10	0	173	37	136	0	0	0	0	0	1	13	0	0	6	16	0	0	0	0	0	5	1	1	1	5	0	25	7	4	23	30	11	0	12	0	10
chr2	90245403	90245891	489	10	0	489	174	315	7	10	9	4	12	23	37	5	9	12	26	6	2	3	4	5	15	15	10	8	22	27	24	20	34	33	25	27	6	17	9	21
chr2	90245893	90247111	1219	10	0	1219	694	525	96	45	40	55	56	35	50	48	46	18	16	45	38	30	32	44	49	36	5	38	56	69	12	32	34	32	4	32	50	33	5	36
chr2	90247112	90247218	107	10	0	107	83	24	18	7	6	8	6	1	2	2	5	1	0	4	10	2	4	6	7	0	0	4	0	0	0	0	1	0	0	1	3	0	0	7
chr2	90247219	90247374	156	10	0	156	106	50	20	6	9	8	9	2	6	6	9	1	1	3	6	8	3	7	8	4	0	5	3	1	0	4	5	2	0	3	7	1	0	7
chr2	90247375	90247401	27	10	0	27	14	13	1	0	0	2	0	2	1	1	1	1	1	0	1	0	2	1	0	1	0	2	1	2	0	2	0	0	0	0	2	1	0	0
chr2	90247402	90247630	229	10	0	229	114	115	10	5	7	6	8	14	14	6	6	6	9	4	4	4	6	4	10	9	2	7	19	2	1	7	6	11	2	13	7	7	1	10
chr2	90247631	90247673	43	10	0	43	17	26	0	0	0	0	0	1	5	0	0	3	1	1	0	1	2	1	3	2	1	1	3	3	0	4	0	2	0	2	0	3	1	1
chr2	90247674	90247772	99	10	0	99	41	58	1	2	1	2	3	6	8	2	1	1	1	1	1	5	3	1	4	7	0	4	6	9	0	6	8	4	3	3	2	1	1	0
chr2	90247773	90247800	28	10	0	28	10	18	0	1	0	0	0	2	1	1	0	0	2	0	1	0	0	1	0	3	0	0	3	4	0	2	2	1	0	1	0	1	0	0
chr2	90247801	90248279	479	10	0	479	178	301	4	8	4	9	9	28	35	9	10	13	24	4	2	5	7	6	14	18	9	13	32	41	11	28	27	27	11	17	8	27	5	12
chr2	90248280	90248331	52	10	0	52	19	33	0	1	0	1	1	4	4	1	1	0	4	0	0	0	0	0	1	1	0	3	7	5	0	2	2	3	0	3	1	5	0	0
chr2	90248332	90248550	219	10	0	219	87	132	9	4	9	0	7	13	16	3	5	4	10	1	1	0	3	0	6	9	0	6	19	17	3	11	10	17	1	12	5	7	0	9
chr2	90248551	90248627	77	10	0	77	28	49	0	1	0	0	1	5	5	2	0	3	6	0	0	2	2	0	4	4	0	3	3	2	3	4	5	5	4	2	2	2	1	4
chr2	90248628	90248940	313	10	0	313	107	206	1	2	7	2	9	6	33	4	0	9	10	4	2	10	8	0	8	11	2	6	20	22	6	29	22	32	8	15	2	11	2	8
chr2	90248941	90248981	41	10	0	41	13	28	0	1	1	0	1	1	6	0	1	1	1	0	0	0	0	0	0	2	0	1	3	2	0	5	3	6	0	1	2	0	0	1
chr2	90248982	90250021	1040	10	0	1040	371	669	9	7	28	5	24	23	108	33	12	44	30	10	4	8	16	8	25	38	2	17	83	72	14	100	58	121	8	35	24	38	4	30
chr2	90250027	90250436	410	10	0	410	142	268	2	4	14	3	14	6	46	9	5	18	8	0	2	3	5	2	9	14	1	6	31	38	0	47	23	55	1	11	13	9	0	9
chr2	90250437	90250583	147	10	0	147	47	100	3	2	3	1	5	3	13	4	2	4	4	0	0	1	0	1	3	3	2	2	13	12	5	14	9	22	2	3	0	7	1	1
chr2	90250584	90250810	227	10	0	227	81	146	2	4	7	0	6	6	23	2	3	9	2	1	2	4	9	1	7	14	1	1	20	14	3	26	6	29	0	8	4	5	0	6
chr2	90250811	90250860	50	10	0	50	18	32	1	0	3	0	3	1	4	2	0	3	1	0	0	0	0	0	3	0	0	1	2	5	1	4	4	4	0	2	1	2	0	1
chr2	90250861	90251033	173	10	0	173	55	118	1	4	3	0	4	5	17	1	0	4	5	0	3	2	4	1	3	10	1	1	15	21	2	19	9	21	0	6	0	5	1	3
chr2	90251034	90251062	29	10	0	29	11	18	0	0	1	0	1	2	3	0	0	1	1	0	0	0	0	0	1	1	0	1	1	2	0	4	1	3	0	0	3	1	0	0
chr2	90251063	90251441	379	10	0	379	132	247	1	2	11	3	8	6	41	13	4	20	4	4	4	3	6	1	10	17	0	4	33	32	4	40	15	48	3	8	10	11	1	10
chr2	90251442	90251489	48	10	0	48	17	31	1	0	0	1	1	0	7	1	0	3	0	2	0	0	0	0	2	2	0	0	4	4	0	5	1	5	0	2	2	3	0	0
chr2	90251490	90251744	255	10	0	255	88	167	1	3	3	4	6	0	31	7	4	12	4	0	0	3	6	3	6	11	1	0	24	24	1	27	12	32	0	8	3	8	0	9
chr2	90251745	90251981	237	10	0	237	84	153	1	2	9	2	10	5	25	2	3	9	3	3	0	1	8	1	7	6	1	3	14	21	1	26	17	28	0	9	4	7	0	7
chr2	90251982	90253313	1332	10	0	1332	619	713	47	22	39	40	38	24	110	36	25	35	36	21	38	33	37	37	35	33	5	41	87	76	4	102	58	117	2	35	28	44	1	44
chr2	90253314	90253563	250	10	0	250	86	164	0	1	9	1	5	7	22	10	7	7	7	1	0	2	2	4	2	7	5	3	21	21	2	26	18	29	2	5	3	12	1	6
chr2	90253564	90253831	268	10	0	268	99	169	5	4	8	2	9	4	23	11	3	9	4	1	2	5	7	2	8	9	1	4	21	21	3	29	15	35	0	4	2	8	2	5
chr2	90253832	90253873	42	10	0	42	17	25	2	0	3	0	1	1	3	0	1	0	0	0	0	2	2	0	1	2	0	1	3	3	0	6	1	7	0	0	0	0	0	1
chr2	90253874	90254196	323	10	0	323	112	211	4	3	14	1	12	5	34	2	4	10	8	5	2	2	4	2	5	11	0	4	25	32	0	39	15	44	0	7	8	9	0	10
chr2	90254197	90254292	96	10	0	96	29	67	1	0	5	0	4	0	11	0	1	1	3	0	0	1	1	0	0	2	0	1	7	9	1	13	8	17	0	3	0	2	0	3
chr2	90254293	90254786	494	10	0	494	205	289	15	10	15	2	8	7	49	19	16	21	9	4	4	7	10	7	21	14	2	8	32	36	2	48	20	48	0	8	11	20	0	19
chr2	90254787	90254833	47	10	0	47	40	7	8	2	4	3	3	0	0	0	1	0	0	1	5	1	0	10	2	0	0	1	0	0	0	0	0	0	0	2	1	0	0	1
chr2	90254834	90254947	114	10	0	114	82	32	7	6	3	9	6	1	2	9	5	1	1	1	7	6	2	15	9	3	0	3	3	0	0	3	1	1	0	0	5	1	0	2
chr2	90254948	90254977	30	10	0	30	22	8	1	1	1	2	0	0	1	2	1	0	0	2	3	3	1	3	1	0	2	1	0	0	0	0	0	0	0	0	1	0	0	2
chr2	90254978	90255235	258	10	0	258	173	85	26	6	3	26	11	4	8	10	8	2	9	4	16	10	8	20	11	6	0	6	10	3	0	11	2	8	0	4	10	7	0	7
chr2	90255236	90255272	37	10	0	37	33	4	6	0	2	7	1	0	0	0	0	1	0	0	8	0	0	6	1	0	0	0	0	0	0	1	0	0	0	0	0	1	0	1
chr2	90255273	90255334	62	10	0	62	36	26	5	2	0	4	3	2	3	3	0	1	1	2	2	0	1	5	2	2	0	1	5	3	0	1	3	3	0	2	2	1	0	1
chr2	90255335	90255408	74	10	0	74	36	38	2	2	2	2	5	0	5	2	1	2	6	2	0	1	2	1	1	1	0	2	4	2	0	4	5	3	0	4	2	4	0	5
chr2	90255409	90255792	384	10	0	384	257	127	40	5	9	33	4	13	12	28	18	6	8	13	24	5	8	29	11	9	0	9	12	6	0	11	11	6	2	5	23	8	2	12
chr2	90255793	90255892	100	10	0	100	70	30	13	1	4	8	5	1	0	12	7	2	6	8	0	1	1	0	2	1	0	2	1	0	0	0	0	0	0	0	15	0	0	8
chr2	90255893	90256126	234	10	0	234	167	67	24	2	0	22	1	0	0	43	19	1	18	26	4	0	0	6	1	0	2	0	0	0	0	0	0	0	0	0	43	0	2	18
chr2	90256127	90256176	50	10	0	50	39	11	7	0	1	9	0	0	0	8	7	0	1	1	2	0	0	2	0	0	0	0	0	0	0	0	0	0	0	1	8	0	0	1
chr2	90256177	90256365	189	10	0	189	138	51	18	1	0	24	3	0	0	36	17	0	11	18	4	2	0	2	2	0	0	1	1	0	0	0	0	0	0	0	36	1	0	10
chr2	90256366	90256399	34	10	0	34	26	8	4	0	0	5	0	0	0	6	4	0	1	2	1	1	0	1	1	0	0	0	0	0	0	0	0	0	0	0	5	0	0	1
chr2	90256400	90257530	1131	10	0	1131	816	315	107	4	12	123	9	5	1	203	97	8	67	108	33	5	1	31	11	2	4	5	4	0	0	4	4	0	0	0	199	6	4	72
chr2	90257531	90257612	82	10	0	82	53	29	6	1	1	5	1	1	1	13	6	0	7	8	0	0	0	2	1	1	0	0	0	0	0	3	1	0	0	1	15	1	0	5
chr2	90257613	90257704	92	10	0	92	61	31	6	1	1	5	0	0	0	15	7	1	10	11	1	0	0	1	0	0	2	0	0	0	0	0	0	0	0	0	16	0	2	11
chr2	90257705	90257742	38	10	0	38	29	9	5	0	1	5	0	1	0	5	6	0	1	1	1	0	0	1	0	0	0	1	0	0	0	0	0	0	0	0	7	0	0	1
chr2	90257743	90257888	146	10	0	146	104	42	16	0	1	13	1	0	0	27	12	0	12	18	1	0	0	1	0	0	0	0	0	0	0	0	0	0	0	0	29	0	0	13
chr2	90257889	90257919	31	10	0	31	25	6	5	0	0	5	0	0	0	5	4	0	1	1	1	0	0	1	0	0	0	0	0	0	0	0	0	0	0	0	5	0	0	1
chr2	90257920	90258175	256	10	0	256	185	71	26	2	1	31	4	2	4	40	23	1	12	24	7	0	2	5	3	1	0	1	0	0	0	1	1	0	0	3	46	0	0	14
chr2	90258176	90258211	36	10	0	36	26	10	4	1	1	3	0	0	1	4	5	0	2	2	1	0	0	1	0	0	0	1	0	0	0	0	0	0	0	0	5	0	0	3
chr2	90258212	90259829	1618	10	0	1618	1164	454	192	40	56	148	57	33	24	106	84	23	34	73	104	35	36	117	71	20	7	33	21	10	5	29	21	7	0	16	108	28	6	72
chr2	90259830	90259867	38	10	0	38	23	15	3	1	3	0	1	3	1	1	2	0	1	2	1	1	1	1	1	1	0	3	1	0	0	1	1	0	0	0	3	1	0	2
chr2	90259868	90260102	235	10	0	235	165	70	27	8	10	17	11	4	5	9	8	4	2	6	16	6	4	26	11	5	1	5	7	3	0	6	5	3	1	3	7	5	0	8
chr2	90260103	90260145	43	10	0	43	28	15	4	1	2	2	2	2	1	4	2	2	0	3	1	0	0	1	4	0	0	1	2	0	0	0	0	0	0	0	3	2	0	2
chr2	90260146	90260227	82	10	0	82	57	25	5	3	3	7	5	2	1	4	3	1	1	1	5	2	2	11	5	0	0	3	3	1	0	2	3	1	0	0	1	3	0	2
chr2	90260228	90260266	39	10	0	39	25	14	2	2	1	2	0	1	1	4	2	0	0	0	3	0	3	4	2	1	0	0	1	0	0	2	1	2	0	1	1	0	0	1
chr2	90260267	90260809	543	10	0	543	386	157	66	15	22	41	15	12	10	19	22	6	17	13	41	28	16	41	21	12	6	23	12	5	2	6	6	0	0	6	18	8	2	30
chr2	90260810	90260845	36	10	0	36	27	9	6	3	1	3	3	1	0	3	3	0	0	1	0	0	0	1	4	0	0	0	1	0	0	0	0	0	0	0	2	1	0	1
chr2	90260846	90262940	2095	10	0	2095	1371	724	204	67	84	141	86	52	60	83	82	28	57	53	124	69	59	120	77	55	5	79	71	24	5	56	55	36	4	37	78	41	12	89
chr2	90262941	90262971	31	10	0	31	20	11	2	0	1	3	0	0	1	0	2	0	1	1	2	1	3	2	0	0	0	0	1	1	0	1	0	0	0	2	0	2	0	3
chr2	90262972	90267712	4741	10	0	4741	3037	1704	456	152	207	290	172	132	147	180	200	86	125	110	277	112	143	248	191	108	14	169	145	84	10	160	112	84	12	92	183	123	16	199
chr2	90267714	90268512	799	10	0	799	421	378	56	31	24	25	33	28	43	23	25	16	41	15	21	14	10	15	33	25	7	24	33	25	10	35	34	26	5	23	27	28	6	36
chr2	90268513	90268537	25	10	0	25	9	16	0	0	0	0	0	0	2	2	0	0	4	0	0	0	0	0	0	0	0	0	0	0	1	3	1	3	1	1	3	1	0	1
chr2	90268538	90276721	8184	10	0	8184	4199	3985	428	210	272	263	301	295	472	251	239	211	360	213	205	136	170	173	304	257	46	245	432	356	50	397	264	300	28	282	319	321	32	350
chr2	90276723	90278023	1301	10	0	1301	728	573	88	38	38	42	39	52	61	73	48	21	43	37	33	38	33	42	61	41	3	44	61	47	4	43	55	26	4	35	48	41	7	53
chr2	90278024	90278065	42	10	0	42	22	20	3	0	1	1	1	1	1	5	0	1	1	2	1	1	1	0	3	0	0	0	3	0	1	2	1	2	1	2	1	4	0	0
chr2	90278066	90278559	494	10	0	494	302	192	29	10	20	33	15	22	19	41	28	7	3	12	21	12	11	18	32	5	4	10	20	5	1	10	24	13	0	17	20	13	1	16
chr2	90278560	90278740	181	10	0	181	112	69	13	5	7	12	4	6	7	14	12	2	1	5	8	4	4	6	9	2	1	5	7	2	1	4	7	5	2	4	9	5	0	6
chr2	90278741	90280952	2212	10	0	2212	1129	1083	133	49	61	80	69	126	128	58	77	44	84	49	44	38	27	61	112	67	31	48	104	102	17	96	91	76	19	65	74	74	15	91
chr2	90280953	90280978	26	10	0	26	12	14	0	1	0	1	2	1	2	0	0	0	3	1	0	0	0	0	2	1	0	0	0	0	1	1	1	0	0	3	2	1	0	1
chr2	90280979	90281034	56	10	0	56	25	31	1	2	1	2	1	0	5	0	3	0	4	2	1	3	0	0	1	2	1	1	1	3	2	5	1	2	0	1	3	3	1	2
chr2	90281035	90281146	112	10	0	112	50	62	7	2	2	2	3	8	7	1	2	2	6	4	1	1	1	1	2	4	3	4	7	3	3	3	6	6	2	3	4	3	1	6
chr2	90281147	90282197	1051	10	0	1051	596	455	77	29	24	41	36	83	39	43	33	23	40	22	25	23	9	48	95	23	13	27	32	31	15	24	25	26	4	21	49	23	6	40
chr2	90282198	90282232	35	10	0	35	31	4	5	2	0	3	0	0	0	3	1	0	0	1	5	0	1	8	1	0	0	1	0	0	0	0	0	0	0	0	2	0	0	0
chr2	90282233	90282527	295	10	0	295	240	55	26	5	7	26	6	10	1	18	2	0	1	7	30	18	5	77	23	0	1	8	1	0	0	1	5	2	1	2	6	0	0	4
chr2	90282528	90282618	91	10	0	91	53	38	4	2	1	3	3	18	2	5	2	1	3	0	2	4	0	2	19	0	1	5	1	0	0	0	4	1	1	0	4	0	0	1
chr2	90282619	90282666	48	10	0	48	35	13	2	2	3	4	2	0	1	1	4	0	0	5	4	0	2	4	1	1	0	0	1	0	0	1	0	0	0	0	2	1	0	5
chr2	90283688	90283741	54	9	0	54	48	6	8	0	2	10	1	0	0	1	1	0	0	0	10	2	2	10	1	0	0	1	0	0	0	0	1	0	0	1	0	0	0	1
chr2	90283977	90284002	26	9	0	26	23	3	4	2	0	3	1	0	0	0	1	0	0	0	4	0	0	6	0	0	2	0	0	0	0	0	0	0	0	0	1	0	0	0
chr2	90285596	90285635	40	9	0	40	37	3	0	0	0	5	0	0	0	1	1	0	0	0	4	0	2	22	0	0	0	0	0	0	0	0	1	0	0	1	0	0	0	1
chr2	90287931	90287995	65	9	0	65	19	46	0	0	4	0	4	0	10	0	0	0	1	0	0	0	0	0	0	0	0	0	12	2	0	1	2	13	0	13	0	1	0	0
chr2	90288010	90288065	56	9	0	56	22	34	1	1	6	0	7	0	5	0	0	0	0	1	0	0	0	0	1	0	0	0	8	0	0	1	3	9	0	10	0	1	0	0
chr2	90288190	90288215	26	9	0	26	8	18	0	0	2	0	2	0	4	0	0	0	0	0	0	0	0	0	0	0	0	0	6	0	0	0	0	5	0	5	0	0	0	0
chr2	90288562	90288962	401	9	0	401	129	272	2	3	25	0	27	4	50	7	0	4	1	1	1	0	3	0	2	6	1	2	72	7	4	8	11	77	6	69	3	1	1	1
chr2	90288963	90289012	50	7	0	50	17	33	0	0	3	0	3	0	6	3	0	0	0	1	0	0	0	0	0	0	0	0	10	0	0	1	2	10	0	8	0	1	0	0
chr2	90289013	90289534	522	9	0	522	184	338	3	4	39	0	37	11	55	4	3	9	4	2	3	0	9	0	5	14	0	6	89	12	6	6	8	87	2	84	5	0	2	11
chr2	90289686	90290304	619	9	0	619	218	401	5	7	44	0	48	6	81	2	4	16	2	0	0	0	2	0	12	12	0	5	109	11	2	5	11	102	3	106	5	1	3	13
chr2	90290342	90290484	143	9	0	143	47	96	0	0	10	0	10	5	18	0	0	1	2	0	0	0	0	0	3	1	0	2	26	2	2	0	2	26	0	27	2	1	0	1
chr2	90290485	90290504	20	7	0	20	7	13	0	0	1	0	1	1	2	0	0	0	1	0	0	0	0	0	0	0	0	1	4	0	0	0	0	3	0	3	1	0	0	0
chr2	90290505	90290536	32	5	0	32	9	23	0	0	2	0	2	1	3	0	0	0	0	0	0	0	0	0	0	0	0	0	6	0	2	0	0	8	0	6	0	0	0	0
chr2	90290537	90290576	40	7	0	40	15	25	0	0	3	0	3	1	4	1	0	1	0	1	0	0	0	0	0	1	0	1	7	1	0	0	0	6	0	5	2	0	0	1
chr2	90290577	90290684	108	9	0	108	35	73	0	0	8	0	7	1	11	3	0	0	0	1	1	0	3	0	0	1	0	0	18	1	4	1	3	21	0	21	0	1	0	0
chr2	90290685	90290776	92	7	0	92	31	61	0	2	6	0	8	1	10	0	0	2	0	0	0	0	2	0	0	3	0	2	16	2	2	0	0	16	0	16	2	0	0	0
chr2	90290777	90290800	24	9	0	24	11	13	1	2	1	0	2	0	3	0	0	1	0	0	0	0	0	0	1	2	0	0	4	0	0	0	0	2	0	2	0	0	0	1
chr2	90290801	90290864	64	7	0	64	22	42	0	2	3	0	5	0	8	0	0	1	0	0	0	0	2	0	0	2	0	1	10	0	2	1	1	11	0	11	2	0	0	0
chr2	90290865	90291492	628	9	0	628	208	420	3	4	33	1	38	15	85	2	0	15	5	3	0	0	4	0	14	14	1	5	112	13	7	9	8	111	1	100	6	3	2	12
chr2	90291542	90291687	146	9	0	146	49	97	0	0	11	1	12	2	18	1	0	1	1	2	0	0	0	0	0	2	0	1	29	2	0	2	1	27	0	27	2	2	0	0
chr2	90292252	90292282	31	9	0	31	10	21	0	0	1	0	1	1	5	0	0	0	0	1	0	0	0	0	0	1	0	0	5	1	0	1	1	5	0	5	1	0	0	0
chr2	90292908	90292952	45	9	0	45	14	31	0	1	3	0	3	1	2	0	0	0	0	0	1	0	3	0	0	1	0	1	5	1	5	0	0	9	0	7	0	0	0	0
chr2	90293377	90293411	35	9	0	35	12	23	0	0	2	0	2	0	3	2	0	0	1	1	0	0	0	0	0	0	0	0	6	0	0	1	1	6	1	5	0	1	1	0
chr2	90293653	90293729	77	9	0	77	41	36	5	2	0	4	1	3	4	4	3	2	2	1	2	2	3	3	5	2	1	1	5	2	0	3	1	5	1	1	1	2	0	4
chr2	90293860	90293921	62	9	0	62	39	23	14	2	2	1	1	1	2	3	2	0	1	1	1	1	2	3	1	2	0	1	5	2	0	2	0	5	0	1	1	0	0	3
chr2	90294095	90294175	81	9	0	81	43	38	8	2	0	3	3	5	4	1	1	0	1	2	1	3	2	6	4	3	4	0	6	3	1	1	2	5	1	4	1	0	0	2
chr2	90294312	90294364	53	9	0	53	31	22	10	2	0	2	3	0	2	2	1	1	4	1	0	0	1	1	2	0	0	1	4	0	0	1	0	3	1	2	1	2	1	3
chr2	90294569	90294832	264	9	0	264	125	139	14	6	4	7	8	16	12	5	5	2	13	8	4	10	6	4	10	13	2	9	13	11	8	12	9	11	4	8	9	9	4	6
chr2	90294928	90295188	261	9	0	261	138	123	38	6	6	8	11	8	12	6	5	3	13	5	4	4	3	5	5	8	1	7	19	7	2	11	9	13	5	9	4	11	4	7
chr2	90295444	90295520	77	9	0	77	38	39	7	2	1	3	2	7	2	0	1	3	1	0	2	2	3	1	3	5	4	1	6	3	2	1	1	4	1	2	1	0	1	3
chr2	90295683	90295743	61	9	0	61	35	26	17	2	2	0	2	2	2	1	2	2	2	1	0	0	0	0	2	3	1	0	3	2	2	1	0	1	0	2	2	2	0	3
chr2	90295982	90296012	31	9	0	31	13	18	1	2	1	0	2	2	0	2	1	0	1	0	0	0	0	0	1	3	0	0	3	3	0	1	1	2	0	1	1	0	0	1
chr2	90296509	90296641	133	9	0	133	48	85	0	0	10	0	10	0	16	0	0	3	0	0	0	0	8	0	0	0	0	3	23	0	0	0	0	23	0	32	3	0	0	0
chr2	90296642	90296672	31	8	0	31	11	20	1	0	1	0	1	1	5	0	0	0	1	0	0	0	0	0	0	0	0	1	4	0	0	1	2	5	0	5	1	0	0	0
chr2	90296673	90297773	1101	9	0	1101	367	734	9	9	64	0	70	13	148	12	1	19	4	4	2	0	12	0	13	17	2	9	193	13	13	20	29	204	5	186	8	5	2	13
chr2	90297874	90297900	27	9	0	27	9	18	0	0	3	0	3	0	2	0	0	0	0	0	0	0	0	0	0	0	0	0	5	0	0	0	1	6	0	5	0	0	0	0
chr2	90297972	90298028	57	9	0	57	20	37	0	0	6	0	6	0	5	0	0	0	0	0	0	0	2	0	0	0	0	0	10	1	0	0	1	10	0	13	0	1	0	0
chr2	90298148	90298294	147	9	0	147	55	92	1	4	7	2	13	1	19	0	0	2	1	2	1	0	1	0	0	4	0	3	30	1	0	0	0	23	0	25	3	2	0	0
chr2	90298359	90298563	205	9	0	205	63	142	1	2	9	1	10	3	31	1	1	1	0	0	1	0	1	0	1	5	0	0	41	8	1	2	2	39	1	39	1	0	0	1
chr2	90298618	90370537	71920	9	0	71920	42586	29334	6288	2007	2977	3692	2793	1985	2604	2581	2924	1357	2309	1857	2959	1560	1692	2999	2847	1553	394	2115	2272	1952	862	2314	2056	1801	783	1938	2789	2094	349	3215
chr2	90370538	90370665	128	10	0	128	84	44	16	4	6	7	8	5	2	3	5	2	1	4	4	2	4	10	6	2	2	3	2	3	2	2	3	2	0	3	7	2	0	4
chr2	90376597	90376645	49	10	0	49	37	12	6	0	1	6	1	2	2	1	4	0	1	0	2	0	2	8	2	0	0	0	0	0	0	0	0	0	0	4	4	0	0	1
chr2	90377804	90377852	49	10	0	49	35	14	8	0	2	6	3	1	2	0	1	0	1	0	4	4	0	2	3	1	0	1	1	0	0	1	1	1	0	2	1	0	0	1
chr2	90378150	90378187	38	10	0	38	23	15	1	1	3	1	1	0	2	1	2	1	1	1	2	1	2	3	1	1	0	1	1	0	0	2	0	0	0	2	1	2	0	2
chr2	90378243	90378286	44	10	0	44	32	12	4	1	1	6	3	0	0	2	1	1	2	4	5	0	0	0	0	0	1	1	1	0	1	0	0	0	0	0	4	2	0	2
chr2	90378888	90378958	71	10	0	71	41	30	3	5	3	2	4	1	2	2	6	3	1	0	0	1	3	4	5	1	1	3	2	4	0	3	0	0	0	0	2	4	0	4
chr2	90379089	90379167	79	10	0	79	61	18	16	2	2	10	2	1	1	3	6	0	0	2	6	3	2	5	2	2	0	2	1	0	1	1	0	0	0	0	4	0	1	2
chr2	90379245	90379370	126	10	0	126	87	39	19	8	6	8	5	3	6	2	12	0	3	1	5	2	2	3	5	2	1	5	3	0	0	1	2	1	1	2	6	1	0	9
chr2	90379453	90379600	148	10	0	148	96	52	11	1	11	15	5	3	2	9	18	2	2	1	4	4	2	5	3	1	0	6	7	1	0	4	4	1	0	1	5	9	3	6
chr2	90379716	90379758	43	10	0	43	24	19	3	0	4	3	2	1	0	3	5	0	3	0	0	0	0	0	0	0	0	1	3	0	0	1	1	1	0	2	1	3	2	2
chr2	90379958	90380114	157	10	0	157	102	55	4	1	2	23	5	1	2	17	19	1	0	19	3	0	0	3	1	0	0	2	9	1	1	2	0	0	0	0	15	12	11	1
chr2	90380173	90380260	88	10	0	88	56	32	4	2	0	11	3	1	2	10	7	1	1	9	3	1	0	0	2	1	0	2	5	0	1	1	1	0	0	1	8	6	3	0
chr2	90380342	90380585	244	10	0	244	154	90	3	1	2	36	7	2	2	29	30	2	2	25	2	2	3	4	2	0	1	4	17	3	1	3	0	0	0	0	21	21	14	3
chr2	90380691	90380780	90	10	0	90	55	35	2	1	0	13	4	1	0	9	11	0	1	12	0	0	0	0	0	1	1	0	6	0	1	1	0	0	0	0	8	7	9	0
chr2	90380842	90380925	84	10	0	84	49	35	2	2	0	10	1	1	0	9	11	1	0	10	0	0	1	1	1	0	3	0	5	0	2	1	0	0	0	0	5	7	9	0
chr2	90381120	90381153	34	10	0	34	20	14	1	1	0	4	1	0	1	3	4	1	1	3	0	0	0	0	1	0	0	1	2	0	0	0	0	0	0	0	2	3	2	1
chr2	90381212	90381264	53	10	0	53	34	19	1	1	1	7	2	0	0	6	7	0	1	7	0	0	0	0	0	0	1	0	2	0	0	0	0	0	0	0	6	2	5	2
chr2	90381462	90402511	21050	10	0	21050	13241	7809	618	223	267	2924	814	178	98	2356	2390	340	292	1963	210	96	199	273	210	107	171	349	1331	82	99	196	172	30	28	48	1733	1489	1499	263
chr2	91421545	91421605	61	10	0	61	45	16	5	1	2	10	3	0	0	4	9	0	0	4	1	0	2	3	0	0	0	0	1	0	0	1	0	0	0	0	6	2	2	3
chr2	91421618	91421741	124	10	0	124	79	45	4	2	1	16	5	0	1	17	15	1	1	12	0	0	1	1	0	1	1	1	7	0	0	1	4	0	0	0	12	7	9	2
chr2	91421795	91421852	58	10	0	58	37	21	1	0	0	10	3	0	1	7	7	1	1	4	0	0	0	0	0	0	0	1	4	0	0	0	1	0	0	1	6	4	4	0
chr2	91421887	91422080	194	10	0	194	125	69	6	0	0	30	6	1	0	25	21	0	3	23	2	2	1	3	1	1	0	1	13	0	0	2	2	2	0	0	16	12	18	1
chr2	91422165	91422225	61	10	0	61	36	25	2	2	2	5	3	0	0	6	5	2	1	7	0	0	0	0	2	0	1	1	2	2	1	1	0	0	0	0	5	4	4	1
chr2	91422316	91422420	105	10	0	105	63	42	3	0	1	14	4	1	0	11	10	3	3	10	1	0	0	1	0	0	1	3	8	1	0	0	0	1	0	1	8	7	11	0
chr2	91422688	91422768	81	10	0	81	54	27	3	0	1	13	5	1	0	7	10	0	0	10	0	1	0	1	0	1	1	0	4	0	1	0	0	0	0	0	9	4	6	1
chr2	91422857	91422914	58	10	0	58	37	21	2	2	1	6	1	0	1	6	7	0	0	6	2	1	1	0	0	1	0	1	4	0	0	1	0	0	0	0	4	4	4	1
chr2	91423046	91423113	68	10	0	68	41	27	4	2	1	5	3	1	0	9	6	1	1	6	0	0	0	0	1	1	1	1	6	0	0	1	1	1	0	0	6	5	3	0
chr2	91423135	91423244	110	10	0	110	62	48	0	0	0	12	0	5	1	12	12	0	8	5	1	2	2	1	2	0	0	5	13	0	0	2	0	0	0	0	3	16	2	4
chr2	91423288	91423402	115	10	0	115	69	46	2	1	0	18	5	4	0	15	14	0	4	3	1	1	0	0	5	1	0	0	14	2	0	1	1	1	0	0	4	13	0	3
chr2	91423516	91423597	82	10	0	82	63	19	11	4	2	6	4	1	3	3	3	0	0	4	6	1	2	11	5	0	0	2	1	0	0	0	3	0	0	1	2	1	0	4
chr2	91423725	91423801	77	10	0	77	56	21	7	3	1	10	1	1	2	4	7	0	1	1	6	0	3	7	2	1	1	0	2	0	0	1	1	2	0	1	3	0	1	6
chr2	91423881	91424010	130	10	0	130	85	45	11	3	4	7	5	3	2	9	5	1	4	4	5	5	7	8	6	3	0	3	3	2	0	4	6	0	0	4	4	4	0	6
chr2	91424082	91424342	261	10	0	261	191	70	46	7	6	24	8	5	5	19	14	4	9	4	15	7	7	11	14	1	0	8	4	0	0	2	4	2	0	2	14	3	0	14
chr2	91424360	91424682	323	10	0	323	219	104	41	9	14	28	16	11	8	13	17	5	2	8	18	5	11	11	15	6	0	10	10	1	1	7	14	5	0	3	9	7	1	15
chr2	91424727	91424781	55	10	0	55	36	19	7	0	0	7	1	1	2	4	3	1	1	1	3	1	1	1	1	1	0	1	3	2	0	2	1	1	0	0	3	3	0	1
chr2	91424821	91425117	297	10	0	297	198	99	39	8	5	20	9	8	8	17	14	5	7	6	10	9	9	23	17	3	2	8	5	6	2	9	8	1	0	5	12	13	0	7
chr2	91425166	91426323	1158	10	0	1158	822	336	128	41	42	102	61	21	24	43	51	22	20	26	74	46	43	77	75	17	5	33	16	8	0	25	20	4	0	13	38	20	3	58
chr2	91426373	91427679	1307	10	0	1307	796	511	104	43	65	64	48	42	55	44	65	20	36	42	58	25	38	45	61	28	4	37	43	29	2	42	34	21	3	44	51	38	3	71
chr2	91427690	91428084	395	10	0	395	281	114	40	6	18	39	20	7	8	13	15	8	13	8	28	10	12	34	19	3	0	10	5	0	0	9	11	3	0	10	13	8	0	23
chr2	91428086	91428179	94	10	0	94	66	28	13	5	4	7	4	1	3	1	3	2	3	2	9	2	1	6	2	1	1	6	1	0	1	0	1	0	1	2	4	2	1	3
chr2	91428181	91429269	1089	10	0	1089	797	292	121	32	39	122	45	22	18	50	41	10	19	38	107	31	24	78	52	11	4	27	14	10	2	20	20	10	0	12	49	15	4	40
chr2	91429271	91429329	59	10	0	59	44	15	14	2	2	5	4	1	1	3	2	0	1	0	4	1	1	2	1	0	0	2	0	0	0	0	7	0	0	1	1	0	0	2
chr2	91429331	91429386	56	10	0	56	45	11	5	2	2	8	3	2	0	3	2	0	0	3	6	0	1	6	4	0	0	0	0	0	0	0	2	0	0	0	2	0	0	3
chr2	91429395	91432301	2907	10	0	2907	1974	933	275	83	112	233	136	60	72	132	115	42	51	89	177	109	89	198	139	51	11	92	79	35	3	63	71	36	5	50	111	58	9	119
chr2	91432312	91432560	249	10	0	249	156	93	17	7	10	15	15	9	6	10	11	8	5	7	6	6	6	18	13	4	3	9	7	5	2	5	6	3	1	2	13	7	0	11
chr2	91432562	91432587	26	10	0	26	17	9	3	0	1	2	2	1	0	0	0	0	0	2	2	0	0	2	0	0	0	1	2	0	0	0	2	1	1	0	0	1	1	0
chr2	91432589	91434941	2353	10	0	2353	1546	807	216	68	92	171	122	53	61	118	97	47	44	78	112	61	68	137	113	45	10	60	65	29	7	51	62	32	5	61	115	46	12	93
chr2	91434942	91435160	219	9	0	219	148	71	24	4	12	19	7	5	2	11	14	3	3	5	13	5	9	11	9	3	0	5	5	8	0	6	3	2	0	4	8	6	0	11
chr2	91435173	91435510	338	9	0	338	226	112	31	11	19	20	13	8	10	11	15	4	11	9	24	14	4	20	18	4	2	13	5	4	1	10	6	4	1	5	13	8	2	16
chr2	91435512	91435539	28	9	0	28	21	7	3	0	0	4	0	1	1	2	1	1	0	1	3	0	1	2	2	0	0	0	0	0	0	0	1	0	0	0	1	0	0	2
chr2	91435541	91436114	574	9	0	574	381	193	47	19	20	37	15	11	18	39	28	10	12	11	32	23	18	39	30	7	2	24	17	8	1	11	16	5	0	11	20	17	1	23
chr2	91436154	91437145	992	9	0	992	704	288	106	33	27	95	39	17	29	44	49	12	15	25	67	29	28	88	53	10	7	21	22	4	1	19	23	9	1	15	30	23	5	44
chr2	91437147	91437230	84	9	0	84	62	22	8	5	4	6	4	1	3	2	7	0	2	1	5	5	2	5	6	0	0	5	0	0	0	1	0	0	0	0	4	1	0	5
chr2	91437265	91437348	84	9	0	84	56	28	15	2	5	4	3	2	2	2	6	0	5	1	1	3	1	3	3	0	0	4	2	2	0	2	0	0	0	2	4	4	0	4
chr2	91437374	91437583	210	9	0	210	142	68	28	6	14	15	8	2	5	8	12	3	6	6	16	3	2	7	6	3	1	4	5	1	0	10	1	5	0	4	10	7	1	9
chr2	91437612	91438592	981	9	0	981	601	380	63	27	34	55	44	36	32	37	34	18	42	33	38	19	32	57	45	20	3	31	32	14	3	26	32	16	3	27	40	25	5	56
chr2	91438604	91438828	225	9	0	225	158	67	21	7	9	20	9	5	3	11	13	3	3	4	14	6	8	21	10	3	2	6	5	2	0	3	4	4	0	4	8	1	4	10
chr2	91438867	91440186	1320	9	0	1320	757	563	82	50	53	61	65	32	51	62	58	26	48	24	41	28	40	35	62	29	6	39	45	41	3	50	53	29	8	40	50	41	3	63
chr2	91440188	91440211	24	9	0	24	12	12	0	0	2	1	2	2	0	1	1	0	1	0	0	1	1	0	2	0	0	1	0	0	0	1	1	1	0	2	2	0	0	0
chr2	91440213	91440288	76	9	0	76	58	18	11	0	2	7	1	1	1	2	2	0	2	0	5	3	3	17	1	2	0	1	1	1	0	3	2	1	0	1	1	0	0	3
chr2	91440290	91440321	32	9	0	32	27	5	4	2	1	1	0	1	0	2	1	0	0	0	3	0	1	9	3	0	0	0	0	0	0	0	0	0	0	0	0	0	0	2
chr2	91440323	91440730	408	9	0	408	227	181	26	4	16	12	13	19	18	13	9	7	17	19	10	8	12	22	11	14	0	14	18	13	1	16	13	11	3	15	21	10	2	19
chr2	91440733	91442117	1385	9	0	1385	901	484	157	38	49	81	50	27	31	65	40	24	36	44	77	36	57	88	57	21	5	41	34	22	15	28	41	27	12	36	41	29	6	68
chr2	91442119	91442175	57	9	0	57	20	37	5	0	2	2	1	0	3	0	2	0	1	1	1	0	1	0	0	0	0	0	1	7	5	2	3	6	4	4	0	2	1	1
chr2	91442177	91442265	89	9	0	89	33	56	15	0	5	0	4	1	2	0	2	1	2	0	0	0	0	0	0	1	1	0	1	8	8	1	6	8	10	6	0	2	1	2
chr2	91442267	91442364	98	9	0	98	32	66	14	0	5	0	3	2	2	1	1	2	0	0	1	0	0	1	0	2	0	2	3	6	13	0	4	13	13	5	1	1	1	0
chr2	91442366	91442409	44	9	0	44	16	28	8	1	2	0	0	0	1	0	2	0	0	0	1	1	0	0	0	1	1	0	0	4	5	1	1	5	4	2	0	1	1	0
chr2	91442411	91442623	213	9	0	213	67	146	20	2	10	2	9	4	4	1	5	2	2	0	0	1	2	3	1	5	1	2	4	22	26	4	13	26	22	9	0	4	2	3
chr2	91442642	91442775	134	9	0	134	48	86	17	3	4	0	4	1	4	0	1	2	1	2	3	1	0	4	1	4	2	0	0	21	14	2	7	11	12	6	1	1	2	1
chr2	91442777	91442823	47	9	0	47	21	26	10	1	2	0	2	2	1	0	0	0	1	0	0	0	0	0	0	1	2	0	3	3	3	1	2	6	1	3	1	0	0	0
chr2	91442824	91442877	54	9	0	54	16	38	7	0	3	0	3	2	0	0	0	1	0	0	0	0	0	0	0	2	1	0	3	4	6	0	2	8	6	3	0	0	1	0
chr2	91442879	91442944	66	9	0	66	24	42	13	0	3	1	2	0	2	0	2	0	0	1	0	0	0	0	0	0	0	0	0	6	8	1	4	8	7	3	0	2	0	1
chr2	91442950	91443604	655	9	0	655	211	444	34	4	21	3	19	16	38	9	7	12	20	9	2	5	8	3	6	15	10	6	27	52	49	23	41	62	59	44	8	21	6	14
chr2	91443606	91443839	234	9	0	234	84	150	2	5	5	1	7	9	17	5	3	7	15	6	1	1	0	0	4	9	3	6	18	17	5	18	10	13	5	10	6	18	3	3
chr2	91443841	91443888	48	9	0	48	12	36	0	0	1	0	0	2	1	3	0	1	0	1	1	1	0	0	1	2	1	0	3	12	2	2	2	4	3	1	0	2	0	0
chr2	91443890	91444535	646	9	0	646	325	321	25	23	30	15	28	23	30	17	20	22	36	14	20	7	9	6	23	27	3	21	34	27	4	39	13	24	2	11	28	26	3	34
chr2	91444538	91444927	390	9	0	390	223	167	36	5	17	16	15	19	21	8	15	7	14	11	7	11	13	7	20	8	0	14	16	6	0	15	11	12	0	17	16	11	2	18
chr2	91444928	91446279	1352	9	0	1352	799	553	125	44	60	60	61	41	59	45	49	36	42	29	53	25	24	44	69	29	10	38	42	30	9	50	40	31	6	43	55	41	5	55
chr2	91446286	91446367	82	9	0	82	42	40	4	3	4	1	3	2	4	2	3	3	4	0	2	2	3	1	5	3	0	2	3	3	0	7	1	3	0	2	3	3	0	4
chr2	91446423	91446481	59	9	0	59	44	15	8	1	0	7	0	0	0	13	8	1	0	4	0	0	0	0	1	0	1	0	0	0	0	0	0	0	0	0	12	0	1	0
chr2	91446487	91446682	196	9	0	196	141	55	28	0	1	27	1	4	2	36	28	1	3	9	0	0	0	0	1	3	0	1	4	0	0	1	2	0	0	2	36	2	0	2
chr2	91446831	91452267	5437	9	0	5437	3177	2260	414	190	231	261	260	149	232	193	264	115	170	166	158	98	128	146	222	138	34	158	214	125	30	185	161	105	23	149	238	186	23	269
chr2	91452269	91452322	54	9	0	54	37	17	11	1	3	2	2	2	1	6	3	2	1	1	1	0	0	1	4	0	0	1	1	0	0	0	2	0	0	0	2	1	0	4
chr2	91452324	91453404	1081	9	0	1081	678	403	98	40	28	60	35	45	30	66	41	19	27	27	53	26	28	53	63	27	6	34	40	23	4	27	33	12	4	15	40	32	6	37
chr2	91453407	91453627	221	9	0	221	144	77	19	10	14	9	13	5	8	4	13	7	5	6	7	6	6	11	12	3	1	12	6	1	0	4	2	1	0	3	11	6	1	13
chr2	91453629	91453649	21	9	0	21	11	10	0	0	1	0	0	0	1	2	1	0	1	2	0	0	1	0	0	0	0	0	1	1	0	1	0	1	0	1	2	1	0	2
chr2	91453651	91453853	203	9	0	203	158	45	44	7	7	20	8	1	3	7	9	2	4	5	16	3	3	18	7	0	1	5	3	0	1	0	5	1	0	2	4	3	2	10
chr2	91453857	91453880	24	9	0	24	16	8	2	0	0	4	3	0	0	1	0	2	0	0	1	0	1	1	1	1	0	0	2	0	0	0	1	0	0	0	0	1	0	1
chr2	91453882	91454939	1058	9	0	1058	654	404	77	40	42	57	39	20	51	38	47	22	37	25	53	32	27	45	46	17	8	43	35	14	3	31	31	15	2	28	36	37	3	55
chr2	91454941	91456393	1453	9	0	1453	938	515	132	41	63	92	45	28	48	62	70	25	43	42	81	38	32	95	52	32	6	42	38	30	7	45	34	12	5	31	59	45	8	68
chr2	91456396	91457317	922	9	0	922	648	274	104	28	33	71	38	21	27	28	26	16	19	15	68	30	30	92	48	17	3	28	13	1	2	24	29	8	3	22	24	14	2	36
chr2	91457349	91459990	2642	9	0	2642	1677	965	225	74	102	172	108	76	86	97	102	50	69	79	138	74	80	144	123	52	18	81	83	55	5	79	62	37	4	65	99	77	11	113
chr2	91459991	91463212	3222	9	0	3222	2056	1166	278	86	115	200	111	89	110	122	121	63	97	76	168	87	99	232	151	70	15	89	98	64	10	97	78	48	10	78	105	87	9	157
chr2	91463214	91463234	21	9	0	21	6	15	0	0	0	0	0	1	1	1	0	1	1	1	0	0	0	0	0	1	1	0	2	1	0	2	1	2	0	0	0	2	1	0
chr2	91463236	91463706	471	9	0	471	271	200	31	15	19	18	14	13	23	20	20	15	11	10	17	12	15	16	21	14	0	20	20	20	0	19	11	12	0	7	19	13	2	22
chr2	91463708	91463736	29	9	0	29	22	7	2	0	1	3	1	0	1	0	0	1	0	0	3	2	0	6	1	1	0	1	1	1	0	1	0	0	0	0	0	1	0	0
chr2	91463738	91464721	984	9	0	984	634	350	78	27	37	61	40	26	28	52	46	14	26	39	39	22	29	70	41	16	5	26	26	13	1	27	26	15	5	22	53	23	5	44
chr2	91464723	91464753	31	9	0	31	14	17	0	1	0	0	1	4	1	3	0	1	0	1	0	0	1	0	3	2	0	0	2	1	0	2	3	1	0	0	1	1	0	0
chr2	91464755	91465605	851	9	0	851	541	310	79	30	38	45	42	21	30	31	31	13	24	31	42	22	23	37	33	22	3	28	31	13	1	20	18	10	1	31	42	20	1	36
chr2	91465607	91465643	37	9	0	37	29	8	3	2	3	4	2	0	0	1	3	0	0	0	3	1	1	5	1	0	0	2	0	0	0	0	1	0	0	1	1	0	0	1
chr2	91465645	91467462	1818	9	0	1818	1120	698	215	38	149	82	53	37	46	56	152	15	73	39	63	29	27	45	43	26	12	37	41	39	4	100	50	31	6	29	58	88	4	129
chr2	91467464	91467495	32	9	0	32	19	13	1	0	3	2	3	1	1	1	2	0	1	2	0	1	0	1	0	0	0	2	2	0	0	0	1	1	0	0	2	0	0	3
chr2	91467497	91467829	333	9	0	333	222	111	21	16	14	19	16	8	7	14	16	6	8	14	17	10	15	19	22	5	1	12	7	1	2	7	4	1	0	5	13	10	1	20
chr2	91467831	91467894	64	9	0	64	46	18	8	1	3	3	3	0	0	2	2	0	3	4	3	0	2	11	0	1	0	0	2	0	0	1	1	1	0	2	2	2	0	5
chr2	91467896	91468836	941	9	0	941	578	363	90	24	50	44	40	30	37	27	49	18	35	30	30	14	19	39	37	18	0	32	30	20	2	30	22	15	2	23	45	29	2	56
chr2	91468838	91468920	83	9	0	83	46	37	6	4	4	1	6	3	3	2	3	2	5	1	1	0	1	2	3	2	1	3	1	1	0	5	7	1	0	2	3	3	1	4
chr2	91468923	91468985	63	9	0	63	40	23	4	6	4	2	4	1	1	2	5	2	0	1	3	0	3	1	2	3	0	4	1	1	0	3	0	0	0	0	5	2	0	1
chr2	91468987	91469037	51	9	0	51	30	21	10	2	2	2	3	0	2	0	1	1	1	2	1	0	1	0	0	2	0	1	4	5	0	1	0	1	0	1	1	2	0	3
chr2	91469039	91470534	1496	9	0	1496	991	505	176	38	66	106	53	36	44	68	58	20	31	30	99	44	29	92	61	22	9	45	40	19	9	35	44	30	5	45	56	32	7	45
chr2	91470535	91470897	363	9	0	363	270	93	34	8	12	37	11	6	2	22	10	4	7	11	35	22	11	36	18	5	3	14	7	1	1	6	4	0	0	2	12	9	0	11
chr2	91470898	91474451	3554	9	0	3554	2335	1219	357	122	178	229	152	88	107	132	173	71	91	85	204	76	78	190	167	58	16	117	81	54	11	91	88	36	11	69	144	89	10	177
chr2	91474453	91474488	36	9	0	36	23	13	5	0	1	3	1	0	1	0	1	0	3	1	2	1	2	1	0	0	0	1	2	1	0	1	0	1	0	1	0	2	0	3
chr2	91474492	91474739	248	9	0	248	138	110	9	5	11	9	6	12	11	13	11	7	14	6	8	5	7	4	5	4	3	16	11	2	0	7	8	6	0	8	17	8	1	12
chr2	91474741	91476125	1385	9	0	1385	879	506	127	52	61	85	59	38	44	44	67	28	47	41	71	22	45	46	53	34	10	44	38	21	3	38	33	13	2	34	61	32	9	81
chr2	91476126	91476302	177	8	0	177	125	52	14	5	7	21	12	1	4	5	8	0	4	5	13	7	9	9	5	1	0	7	2	0	0	3	5	1	0	9	10	3	0	5
chr2	91476304	91476335	32	8	0	32	24	8	4	2	0	3	2	1	1	1	2	1	0	0	2	0	1	2	1	1	0	2	1	0	0	0	0	0	0	0	3	0	0	0
chr2	91476337	91476807	471	8	0	471	304	167	41	22	24	26	22	5	16	14	23	9	12	15	27	5	13	29	17	9	1	14	11	11	0	18	7	6	1	12	22	14	2	21
chr2	91476808	91477045	238	8	0	238	145	93	19	7	11	10	11	6	11	11	8	4	5	9	9	7	6	10	13	4	1	6	8	4	1	5	10	5	0	9	9	5	0	12
chr2	91477047	91477092	46	8	0	46	15	31	5	0	1	1	1	1	0	1	1	0	1	1	0	0	0	1	0	1	0	0	2	10	4	1	1	4	4	1	0	2	0	0
chr2	91477094	91477290	197	8	0	197	59	138	21	1	8	1	7	6	2	1	1	4	2	1	2	1	0	1	4	4	2	2	5	26	24	2	6	24	22	7	1	3	3	1
chr2	91477429	91477515	87	8	0	87	29	58	11	1	4	0	4	2	2	0	0	1	1	0	1	1	0	0	2	2	0	1	3	6	10	0	4	9	12	6	0	2	0	0
chr2	91477517	91477595	79	8	0	79	20	59	11	1	3	0	4	1	0	0	0	0	0	0	0	0	0	0	0	2	0	0	1	21	10	0	4	10	6	3	0	0	0	0
chr2	91477601	91477622	22	8	0	22	8	14	3	1	1	0	1	1	0	0	1	0	0	0	0	0	0	0	1	0	0	0	1	2	2	0	0	2	2	1	0	1	0	0
chr2	91477623	91477675	53	8	0	53	16	37	7	1	3	0	3	0	0	0	0	1	0	0	0	0	0	0	0	1	1	0	1	8	6	0	1	7	7	3	1	0	0	0
chr2	91477677	91477712	36	8	0	36	7	29	1	0	1	0	0	2	1	0	1	0	0	0	0	0	0	0	0	0	2	0	2	4	4	1	1	6	6	0	0	1	0	1
chr2	91477714	91478100	387	8	0	387	125	262	52	4	16	1	15	10	8	0	3	5	2	2	4	1	0	1	2	12	4	2	8	50	48	1	22	40	40	20	1	6	2	3
chr2	91478104	91478406	303	8	0	303	93	210	41	1	13	1	10	5	3	0	4	8	5	0	1	0	0	1	0	6	6	2	2	33	41	5	14	36	33	13	2	5	9	1
chr2	91478407	91478474	68	8	0	68	19	49	9	0	2	1	2	1	1	0	1	1	0	1	0	0	0	0	0	1	1	0	1	14	8	1	3	7	6	2	0	2	1	0
chr2	91478479	91478636	158	8	0	158	50	108	25	2	6	0	7	1	4	0	1	3	1	0	0	0	0	0	1	3	1	1	2	19	21	3	9	20	15	6	0	3	1	1
chr2	91478637	91478672	36	8	0	36	13	23	6	0	2	0	1	1	0	2	1	0	0	0	0	0	0	0	0	1	0	0	3	2	3	0	1	5	4	2	0	0	0	0
chr2	91478859	91478879	21	8	0	21	6	15	3	0	1	0	1	0	0	0	0	0	0	0	0	0	0	0	0	0	0	0	0	3	2	0	1	3	3	1	0	0	1	0
chr2	91478901	91478918	18	8	0	18	5	13	3	0	1	0	1	0	0	0	0	0	0	0	0	0	0	0	0	0	0	0	0	5	2	0	1	2	0	1	0	0	0	0
chr2	91478944	91478968	25	8	0	25	5	20	3	0	1	0	1	0	0	0	0	0	0	0	0	0	0	0	0	0	0	0	0	4	4	0	1	4	4	1	0	0	0	0
chr2	91479042	91479189	148	8	0	148	44	104	19	3	6	0	8	1	3	1	1	0	1	1	0	0	0	0	2	1	1	0	1	19	19	2	10	19	17	8	0	3	0	0
chr2	91479253	91479279	27	8	0	27	13	14	4	0	2	0	2	3	1	0	0	1	0	0	0	0	0	0	2	0	1	1	2	0	0	0	1	2	1	1	0	0	0	1
chr2	91479281	91479453	173	8	0	173	60	113	23	2	6	1	8	6	4	1	0	1	2	0	1	0	1	4	0	5	2	2	7	17	15	3	12	17	20	8	0	2	1	0
chr2	91479458	91479543	86	8	0	86	45	41	10	2	7	1	2	3	3	3	7	1	3	2	0	0	0	0	3	0	1	2	4	4	1	2	1	4	0	5	3	3	3	4
chr2	91479545	91479680	136	8	0	136	95	41	20	6	5	10	7	4	2	6	5	0	2	7	8	2	2	7	8	2	0	2	5	2	1	1	2	0	1	3	4	5	0	5
chr2	91479681	91479861	181	8	0	181	131	50	26	5	10	14	7	0	4	6	4	3	7	6	19	4	4	10	2	4	0	6	2	0	0	6	2	1	0	7	11	3	0	6
chr2	91479863	91481312	1450	8	0	1450	807	643	84	36	72	58	55	48	66	54	59	38	57	35	53	21	35	35	63	36	5	39	48	47	10	61	53	37	4	50	59	46	5	79
chr2	91481314	91481361	48	8	0	48	30	18	4	0	2	3	2	2	1	1	2	2	1	2	1	3	1	2	2	2	2	1	2	0	0	1	0	0	0	0	2	2	0	3
chr2	91481363	91482009	647	8	0	647	390	257	51	22	33	30	31	15	23	16	24	17	24	22	30	15	15	22	27	19	7	16	18	15	2	30	12	10	0	12	26	21	3	37
chr2	91482010	91483017	1008	8	0	1008	592	416	53	32	35	35	29	40	45	52	40	25	53	33	33	28	29	28	63	18	2	43	28	18	6	23	25	10	1	28	50	29	3	69
chr2	91483019	91483051	33	8	0	33	19	14	0	3	3	0	0	2	1	1	3	1	0	0	3	0	0	1	2	2	0	1	2	0	0	2	0	0	0	0	1	2	0	1
chr2	91483053	91485655	2603	8	0	2603	1443	1160	136	65	91	114	99	93	104	120	102	63	115	78	70	53	67	72	132	60	15	67	96	87	11	119	86	57	11	60	102	109	17	130
chr2	91485657	91485683	27	8	0	27	11	16	0	0	0	0	0	1	3	3	0	1	0	3	0	0	0	0	0	1	0	0	3	1	0	1	1	2	0	1	2	1	0	1
chr2	91485685	91487783	2099	8	0	2099	1136	963	100	47	69	95	60	62	138	65	80	51	85	60	71	36	49	68	76	46	4	70	73	82	10	98	79	60	11	76	97	75	7	97
chr2	91487799	91488015	217	8	0	217	143	74	38	8	11	11	7	3	9	5	10	4	3	3	13	6	6	5	8	4	0	9	4	8	0	9	7	2	0	1	5	6	0	10
chr2	91488017	91488070	54	8	0	54	31	23	3	1	1	3	2	1	1	4	1	1	0	2	2	4	3	1	5	1	0	2	0	6	0	2	2	0	0	0	1	2	0	1
chr2	91488072	91488190	119	8	0	119	62	57	4	3	4	4	5	8	5	2	1	2	6	4	5	3	2	4	5	5	0	6	4	3	3	5	4	4	1	3	6	3	0	3
chr2	91488192	91488253	62	8	0	62	34	28	7	2	0	3	2	1	3	2	1	3	1	0	2	2	3	1	3	4	0	1	3	2	2	2	0	3	0	2	2	0	0	3
chr2	91488255	91489717	1463	8	0	1463	950	513	140	49	76	96	71	36	36	53	56	25	37	34	94	35	36	75	59	27	2	57	38	34	3	44	39	22	3	32	61	35	4	52
chr2	91489719	91489747	29	8	0	29	16	13	1	1	1	1	0	0	3	1	3	0	0	2	0	1	1	0	1	0	0	1	1	0	0	2	0	1	0	1	3	1	0	1
chr2	91489749	91490102	354	8	0	354	184	170	12	7	13	10	11	19	21	9	5	10	21	6	14	10	6	9	19	10	1	16	16	8	2	16	9	14	1	16	16	10	2	13
chr2	91490103	91491252	1150	8	0	1150	712	438	128	31	43	60	28	28	48	33	45	27	41	24	59	30	20	65	42	33	4	37	37	31	9	42	18	23	6	19	40	32	11	54
chr2	91491253	91491339	87	8	0	87	41	46	15	0	2	1	1	6	2	0	0	1	4	3	1	1	2	0	1	4	2	1	4	5	2	7	2	6	2	2	3	3	2	0
chr2	91491457	91491557	101	8	0	101	43	58	3	4	2	0	4	7	8	0	2	3	10	0	0	0	0	0	2	5	1	6	6	2	2	4	7	3	0	3	4	4	1	6
chr2	91491558	91491936	379	8	0	379	280	99	62	13	14	29	9	8	11	16	18	3	7	12	28	7	6	35	12	2	0	17	10	1	0	5	7	4	0	1	16	9	0	15
chr2	91491974	91492312	339	8	0	339	205	134	35	4	5	29	8	9	13	4	5	5	10	8	25	11	9	25	9	9	6	5	9	13	8	11	7	12	5	10	9	8	1	10
chr2	91492356	91492527	172	8	0	172	84	88	9	2	3	7	3	7	12	1	4	3	7	2	5	10	7	2	5	8	0	9	7	7	3	8	6	6	3	8	5	4	4	3
chr2	91492551	91493011	461	8	0	461	308	153	53	10	25	35	17	13	14	8	22	4	9	14	31	14	8	31	13	8	1	18	10	8	3	12	7	7	4	12	22	10	2	14
chr2	91493037	91493929	893	8	0	893	479	414	66	28	27	28	33	31	52	22	19	23	39	24	31	20	23	11	29	35	3	35	44	24	4	41	28	30	9	27	37	24	6	38
chr2	91493976	91495586	1611	8	0	1611	906	705	118	54	53	64	58	57	82	39	60	30	57	35	52	48	42	56	68	44	16	61	57	37	19	65	50	46	9	51	61	51	12	57
chr2	91495587	91496110	524	8	0	524	273	251	52	13	20	19	21	19	25	10	21	12	16	10	9	11	5	9	13	20	9	13	27	22	10	19	13	20	6	19	22	15	7	15
chr2	91496165	91496251	87	8	0	87	38	49	2	3	3	2	5	3	4	2	3	2	7	2	0	0	0	0	2	2	0	4	4	3	3	2	4	3	3	4	4	4	1	4
chr2	91496252	91496573	322	8	0	322	185	137	27	6	8	13	9	11	19	16	7	7	12	9	10	12	4	14	13	10	3	9	15	4	2	11	13	5	1	15	14	13	0	8
chr2	91496574	91496750	177	8	0	177	102	75	20	5	11	5	7	4	7	2	7	3	6	8	8	1	3	3	3	2	3	5	8	5	1	4	3	6	5	6	6	5	1	12
chr2	91496790	91496902	113	8	0	113	67	46	12	2	7	5	7	9	2	3	5	1	5	1	2	4	1	1	5	3	0	6	4	2	0	2	5	1	0	4	7	2	0	3
chr2	91496909	91497607	699	8	0	699	390	309	46	24	24	33	29	35	34	17	26	17	25	14	26	10	8	22	44	19	8	14	28	19	4	27	18	17	4	23	25	22	8	27
chr2	91497611	91497826	216	8	0	216	96	120	5	5	5	7	6	8	15	6	6	4	14	3	6	2	2	0	6	9	2	2	6	11	6	15	18	8	1	9	5	10	1	11
chr2	91497873	91497933	61	8	0	61	33	28	2	1	3	2	2	2	4	3	3	2	1	2	1	2	2	1	5	0	0	2	1	0	2	1	2	2	0	3	2	2	0	4
chr2	91497936	91498110	175	8	0	175	103	72	21	2	16	4	4	12	5	2	16	1	7	3	2	4	1	1	16	1	0	2	2	3	2	9	5	3	0	2	1	9	0	17
chr2	91498624	91498673	50	8	0	50	18	32	1	1	2	0	2	2	6	0	0	1	0	0	1	0	1	0	1	3	0	0	9	2	0	1	1	6	0	7	0	0	0	1
chr2	91498762	91498832	71	8	0	71	24	47	0	1	4	0	5	0	11	0	0	1	1	0	0	0	0	0	0	0	0	2	14	0	0	0	0	14	0	14	2	0	0	0
chr2	91498883	91498944	62	8	0	62	23	39	0	0	4	0	4	0	7	2	0	1	0	1	0	0	2	0	0	0	0	1	11	0	0	1	1	11	0	12	1	1	0	0
chr2	91499049	91499124	76	8	0	76	28	48	2	0	6	0	6	0	11	0	0	2	0	0	0	0	0	0	1	0	0	1	11	0	0	2	4	13	0	13	1	0	0	1
chr2	91499242	91499305	64	8	0	64	21	43	0	0	5	0	5	0	9	0	0	0	0	0	0	0	0	0	0	0	0	0	13	0	0	0	2	13	0	15	0	0	0	0
chr2	91499452	91499500	49	5	0	49	14	35	0	0	2	0	2	1	8	0	0	1	0	0	0	0	0	0	1	1	0	0	8	1	0	3	2	9	1	6	0	0	0	1
chr2	91501127	91501183	57	8	0	57	24	33	0	2	2	0	3	3	4	0	1	0	3	2	0	0	2	0	2	1	1	2	3	0	0	6	3	4	1	4	2	4	0	0
chr2	91501201	91501292	92	8	0	92	54	38	14	4	0	2	3	6	2	5	2	1	3	2	1	1	2	4	4	3	3	2	8	1	0	1	1	5	1	1	3	1	0	4
chr2	91501324	91501490	167	8	0	167	77	90	5	5	3	6	6	7	10	3	5	1	8	4	3	6	4	1	6	6	2	5	7	8	4	7	10	5	2	9	3	7	4	3
chr2	91501517	91501595	79	8	0	79	46	33	13	2	3	1	2	2	3	3	5	2	7	2	0	0	0	0	1	1	0	4	5	1	0	1	1	1	1	1	3	4	1	7
chr2	91501649	91501750	102	8	0	102	49	53	3	1	2	5	3	4	5	0	2	0	5	4	3	5	3	3	3	2	2	3	4	5	3	4	2	4	2	6	3	5	3	1
chr2	91501881	91502006	126	8	0	126	57	69	7	3	1	4	3	6	6	2	2	3	5	3	3	4	4	1	5	6	3	2	8	5	2	6	2	8	3	5	2	3	4	3
chr2	91502008	91502207	200	8	0	200	102	98	29	3	4	2	5	7	16	2	4	4	15	6	1	1	2	0	2	4	0	9	13	6	0	8	9	8	2	7	6	9	2	12
chr2	91502614	91502726	113	8	0	113	48	65	1	4	2	2	5	8	6	1	2	0	3	4	1	6	1	1	4	10	1	3	8	8	4	6	4	5	0	2	4	3	1	1
chr2	91502758	91502898	141	8	0	141	61	80	3	2	2	5	3	9	9	3	4	1	9	2	2	4	2	0	5	6	1	4	8	4	4	7	7	7	3	7	4	6	2	4
chr2	91502975	91503168	194	8	0	194	106	88	35	4	3	5	5	6	8	7	5	3	9	3	2	2	3	5	5	5	2	3	13	6	3	6	3	13	2	6	5	5	1	9
chr2	91503355	91503437	83	8	0	83	44	39	8	1	1	4	3	3	6	1	1	1	5	2	2	1	1	3	2	1	0	3	5	2	0	2	5	4	2	3	1	2	2	4
chr2	91503471	91503558	88	8	0	88	46	42	6	1	1	5	0	4	3	4	3	0	3	2	4	3	4	3	2	3	1	2	6	6	1	1	1	4	1	4	2	2	1	3
chr2	91503595	91503724	130	8	0	130	59	71	4	4	3	4	5	4	8	1	4	1	9	5	3	2	1	0	1	7	0	2	8	6	1	10	4	5	2	5	5	7	3	4
chr2	91503803	91503941	139	8	0	139	59	80	11	1	5	1	6	1	15	6	1	3	3	1	1	1	0	2	2	2	1	1	22	1	0	2	2	19	1	18	2	2	2	2
chr2	91504159	91504243	85	8	0	85	28	57	0	0	6	0	6	5	10	0	0	1	0	0	0	0	0	0	5	1	0	0	16	2	0	0	0	15	0	15	0	0	0	1
chr2	91526875	91526964	90	8	0	90	30	60	1	1	4	1	6	2	12	0	0	0	0	1	0	0	2	0	0	3	0	0	19	2	0	0	0	15	0	18	1	0	0	0
chr2	91528243	91528325	83	8	0	83	31	52	3	1	6	0	7	2	9	0	0	1	1	0	0	0	0	0	0	4	0	1	15	3	0	0	2	11	0	13	0	0	0	2
chr2	91528656	91528670	15	8	0	15	6	9	0	0	1	0	1	0	2	0	0	0	0	0	0	0	0	0	0	0	0	0	3	0	0	0	0	3	0	3	0	0	0	0
chr2	91528723	91529011	289	8	0	289	153	136	14	5	15	13	17	3	23	8	0	3	1	2	17	7	3	21	9	4	2	3	37	2	0	1	1	33	0	37	4	1	0	1
chr2	91529078	91529298	221	8	0	221	185	36	25	4	1	26	1	2	4	18	3	2	0	1	27	15	5	49	20	0	0	3	0	0	0	1	4	0	0	2	1	1	0	4
chr2	91529305	91529428	124	8	0	124	107	17	15	4	1	14	2	0	1	8	3	1	0	1	14	3	1	38	8	0	0	0	1	1	0	1	0	0	0	0	1	2	0	2
chr2	91529522	91530781	1260	8	0	1260	624	636	48	30	45	31	32	48	79	34	55	40	65	28	19	20	16	33	53	36	4	45	54	59	22	57	43	36	8	30	44	61	10	73
chr2	91530784	91531019	236	8	0	236	182	54	15	5	7	16	4	4	9	7	6	5	2	5	18	5	7	65	13	1	0	5	3	2	0	0	3	0	0	9	5	2	0	11
chr2	91531036	91531092	57	8	0	57	52	5	0	0	0	9	0	0	0	2	2	0	0	0	6	0	3	29	0	0	0	0	0	0	0	0	1	0	0	1	0	0	0	2
chr2	91531098	91531262	165	8	0	165	140	25	3	2	2	13	0	5	1	12	0	0	0	2	16	11	3	68	16	1	0	1	1	0	0	0	1	0	0	3	0	0	0	2
chr2	91531306	91531457	152	8	0	152	108	44	6	5	6	7	3	5	6	5	5	5	1	3	10	6	2	31	13	3	0	5	3	1	1	2	0	0	1	1	4	3	0	7
chr2	91531486	91531742	257	8	0	257	185	72	10	6	7	17	5	7	7	9	6	5	11	5	19	13	8	48	18	3	0	10	2	2	2	2	3	0	0	3	5	3	0	19
chr2	91531764	91532061	298	8	0	298	211	87	17	7	9	16	8	7	13	8	5	5	5	8	20	14	10	58	19	1	0	13	6	4	0	3	4	3	0	10	7	5	0	11
chr2	91532070	91532222	153	8	0	153	77	76	8	4	1	6	5	8	8	4	3	2	8	7	3	4	4	1	5	8	0	4	9	6	1	8	4	4	1	5	8	6	2	4
chr2	91532270	91532404	135	8	0	135	95	40	9	3	3	8	3	7	5	4	2	1	4	3	8	9	2	23	14	0	2	4	2	1	0	0	1	1	1	3	2	1	1	6
chr2	91532419	91532633	215	8	0	215	192	23	24	3	2	36	1	0	0	13	3	0	2	4	38	9	3	52	10	2	0	0	1	0	0	1	0	0	0	0	3	0	0	6
chr2	91532702	91533024	323	8	0	323	287	36	34	4	6	50	8	1	0	13	3	0	0	4	50	17	5	90	15	1	1	5	0	0	1	0	4	0	0	2	3	0	0	4
chr2	91533075	91533840	766	8	0	766	452	314	68	17	30	44	24	15	34	24	38	16	26	18	29	13	14	40	15	19	6	21	29	31	8	25	22	13	3	24	31	30	3	34
chr2	91533862	91534832	971	8	0	971	689	282	108	25	31	72	27	44	20	36	33	7	17	21	68	31	10	139	68	16	5	17	12	22	6	18	18	9	3	8	29	12	2	35
chr2	91534834	91534857	24	8	0	24	14	10	1	1	1	1	1	0	1	2	1	0	2	0	1	1	0	0	2	0	0	0	1	0	0	0	0	0	0	3	1	1	0	1
chr2	91534859	91535585	727	8	0	727	395	332	41	21	12	22	29	73	28	36	16	18	31	15	11	15	7	19	82	13	8	24	24	16	8	15	22	21	4	15	38	13	4	24
chr2	91535587	91535660	74	8	0	74	38	36	7	1	1	2	1	5	5	1	2	2	3	3	1	1	1	1	3	1	2	3	5	1	1	1	2	3	1	2	2	2	2	4
chr2	91535668	91535795	128	8	0	128	56	72	2	3	2	3	4	4	9	1	3	3	12	3	1	4	0	1	4	4	2	4	3	4	4	8	6	5	2	5	6	6	2	6
chr2	91535796	91536249	454	8	0	454	238	216	31	12	7	11	9	55	22	19	13	9	13	9	7	7	1	11	52	10	14	7	16	13	1	13	19	11	8	8	19	9	1	15
chr2	91536260	91536801	542	8	0	542	224	318	13	9	17	8	12	31	42	9	18	11	20	14	4	6	5	5	15	25	7	9	44	43	6	27	21	27	2	28	14	25	3	20
chr2	91536803	91536847	45	8	0	45	16	29	1	0	2	0	0	1	6	1	2	0	0	1	0	2	0	0	1	1	1	0	3	2	2	2	4	4	0	4	0	1	0	2
chr2	91536853	91537036	184	8	0	184	109	75	17	7	8	9	10	6	7	4	10	4	7	4	4	2	4	5	9	3	2	5	6	4	1	6	7	4	1	2	5	6	0	13
chr2	91537038	91537070	33	8	0	33	14	19	1	1	0	1	1	2	2	1	1	2	1	0	0	0	0	0	2	0	2	1	1	3	0	1	1	1	1	0	2	1	1	1
chr2	91537072	91538548	1477	8	0	1477	856	621	103	31	49	88	49	53	68	71	67	24	42	35	52	33	30	60	64	31	10	36	54	40	8	56	64	43	6	41	59	44	8	56
chr2	91538549	91539985	1437	8	0	1437	810	627	93	41	44	53	45	57	65	85	54	23	44	41	40	42	35	47	72	43	3	44	70	49	3	46	59	31	5	39	51	45	7	59
chr2	91540008	91541536	1529	8	0	1529	768	761	118	46	38	40	54	54	93	43	38	24	65	43	32	27	33	18	53	54	8	36	82	53	18	83	56	75	16	57	53	54	10	53
chr2	91541585	91542575	991	8	0	991	547	444	53	33	40	38	43	37	54	31	35	26	36	25	34	25	18	17	43	29	6	43	53	31	2	35	23	23	1	33	46	38	1	37
chr2	91542576	91542845	270	8	0	270	157	113	13	18	17	12	26	8	5	6	8	2	4	6	13	4	5	10	11	15	0	6	21	5	1	7	9	5	0	11	3	9	1	7
chr2	91542856	91543038	183	8	0	183	103	80	15	2	7	8	5	17	8	4	5	2	6	2	7	2	5	8	17	2	0	3	7	3	0	9	7	10	0	5	3	3	0	9
chr2	91543070	91543149	80	8	0	80	54	26	4	0	1	4	2	0	1	6	1	1	6	3	3	4	4	13	2	1	0	2	1	0	0	4	0	1	0	3	5	3	0	3
chr2	91543162	91543961	800	8	0	800	453	347	43	30	26	37	25	19	43	33	21	27	27	17	47	18	21	18	40	20	5	28	31	28	3	33	19	26	3	18	30	21	3	38
chr2	91544008	91544769	762	8	0	762	396	366	31	13	25	31	29	23	48	27	20	26	29	28	20	17	13	16	23	24	6	25	36	35	3	32	29	22	2	25	39	25	5	33
chr2	91544789	91545051	263	8	0	263	123	140	13	3	13	4	2	13	14	9	14	4	15	5	4	0	6	2	8	7	1	4	16	16	1	18	11	10	0	9	4	18	0	17
chr2	91545088	91545992	905	8	0	905	481	424	52	24	43	29	39	25	41	28	38	19	38	23	19	13	28	22	28	21	3	29	41	33	7	42	30	28	1	41	33	40	7	38
chr2	91546069	91546278	210	8	0	210	103	107	6	3	6	6	6	8	12	9	7	5	13	18	0	0	1	1	5	4	0	7	14	17	0	9	2	3	0	3	14	16	0	13
chr2	91546280	91547115	836	8	0	836	420	416	34	17	26	28	31	27	52	20	23	29	40	19	17	9	12	35	24	35	5	18	37	53	7	45	34	25	1	20	35	29	1	46
chr2	91547164	91548265	1102	8	0	1102	443	659	14	14	22	13	24	54	91	28	18	39	64	17	7	14	17	6	34	41	7	39	83	81	9	69	37	66	3	50	43	55	5	36
chr2	91548266	91548912	647	8	0	647	333	314	34	21	18	24	25	23	35	15	16	12	37	12	22	13	10	15	21	21	7	20	29	26	8	28	26	22	5	23	23	23	2	29
chr2	91548919	91548972	54	8	0	54	35	19	15	2	2	0	4	1	2	1	1	1	3	1	0	0	0	0	1	0	0	3	2	1	0	0	4	1	0	1	2	1	0	3
chr2	91548975	91549046	72	8	0	72	39	33	6	1	4	2	3	3	4	4	4	3	1	0	0	1	1	0	5	3	0	1	3	1	0	5	4	2	0	0	2	3	0	4
chr2	91549048	91549113	66	8	0	66	42	24	10	4	1	3	0	2	3	2	5	0	3	1	3	0	3	2	3	3	0	0	1	0	0	3	1	0	1	2	2	1	1	4
chr2	91549115	91549468	354	8	0	354	178	176	12	12	15	13	12	13	18	10	19	10	19	6	9	3	6	0	15	10	1	12	12	15	4	23	11	10	1	7	15	19	4	16
chr2	91549479	91549537	59	8	0	59	25	34	1	2	1	1	2	2	4	1	2	1	3	1	0	1	2	1	1	3	0	2	4	3	0	5	3	4	1	0	1	2	1	2
chr2	91549539	91549611	73	8	0	73	32	41	2	2	6	0	3	1	6	1	4	2	0	1	1	1	2	0	2	4	0	0	6	3	0	5	3	5	0	5	0	2	0	4
chr2	91549616	91549647	32	8	0	32	15	17	1	1	3	0	1	2	2	0	3	0	2	0	0	0	0	0	0	2	0	1	1	0	0	4	1	1	0	0	2	2	0	1
chr2	91549649	91550021	373	8	0	373	217	156	30	9	19	11	11	8	20	12	15	13	15	12	13	6	14	9	13	10	0	12	14	5	0	17	9	10	0	9	15	11	0	29
chr2	91550031	91550214	184	8	0	184	121	63	21	3	11	11	5	3	6	9	7	4	5	7	13	4	2	9	7	2	0	5	6	4	0	5	4	3	0	3	6	6	0	11
chr2	91550215	91550256	42	8	0	42	34	8	13	1	1	3	1	0	1	2	3	0	0	0	2	3	2	1	1	0	0	3	0	0	0	0	0	0	0	0	2	0	0	1
chr2	91550258	91551604	1347	8	0	1347	825	522	106	50	44	70	52	46	38	69	55	26	36	41	57	26	49	58	62	34	6	47	54	33	2	46	31	21	2	26	59	47	4	48
chr2	91551606	91551660	55	8	0	55	29	26	1	3	0	1	3	5	2	7	0	0	0	1	0	1	0	3	6	3	0	0	4	1	0	1	8	1	0	1	0	1	0	0
chr2	91551662	91551718	57	8	0	57	46	11	13	0	1	6	0	2	0	3	1	0	0	0	7	2	2	7	3	1	0	0	0	1	0	1	3	0	0	1	0	0	0	1
chr2	91551720	91551794	75	8	0	75	61	14	15	3	2	7	3	1	2	2	2	1	0	2	7	4	1	8	8	0	0	1	0	0	0	0	0	0	0	0	0	0	0	4
chr2	91551796	91553609	1814	8	0	1814	1271	543	212	57	89	141	71	42	36	56	78	24	38	33	138	61	59	136	71	32	4	77	36	16	3	39	31	22	7	30	67	26	4	76
chr2	91553636	91553952	317	8	0	317	223	94	30	9	13	35	10	1	6	17	15	3	5	7	33	10	9	18	10	5	0	8	11	8	0	8	4	5	0	5	9	9	0	12
chr2	91553959	91554568	610	8	0	610	459	151	81	22	29	54	23	6	9	29	27	8	9	12	55	21	19	53	26	5	0	26	10	2	0	5	12	1	0	7	20	9	0	28
chr2	91554591	91555345	755	8	0	755	443	312	67	21	32	34	35	28	30	25	24	12	26	22	29	14	16	27	21	29	1	24	38	13	1	29	27	22	3	20	32	17	3	31
chr2	91555403	91556299	897	8	0	897	615	282	89	24	28	76	34	20	20	38	37	10	27	28	57	39	24	64	35	21	4	33	18	9	4	20	18	7	2	7	41	14	8	39
chr2	91556319	91556954	636	8	0	636	430	206	58	24	29	36	22	18	15	29	29	7	13	16	38	23	20	53	34	11	4	23	21	4	0	14	11	7	1	9	16	17	1	31
chr2	91556982	91557808	827	8	0	827	586	241	93	20	40	70	40	17	12	26	30	18	9	27	60	24	29	69	39	15	5	20	10	5	5	24	14	7	0	13	32	17	2	33
chr2	91557810	91557856	47	8	0	47	33	14	5	1	0	4	1	3	2	3	1	0	2	5	2	0	1	1	3	0	0	1	0	0	0	0	2	0	0	0	4	0	0	4
chr2	91557858	91558793	936	8	0	936	681	255	109	19	15	97	18	13	13	112	70	7	36	60	43	10	8	49	29	6	2	12	10	5	0	6	6	0	0	6	111	10	4	48
chr2	91558795	91558815	21	8	0	21	14	7	2	0	0	2	0	1	0	3	2	0	1	2	0	0	0	0	0	1	0	0	1	0	0	0	0	0	0	0	3	0	0	1
chr2	91558816	91558928	113	8	0	113	87	26	14	0	2	17	3	0	0	17	14	0	4	8	2	0	0	4	0	0	0	0	0	0	0	0	0	0	0	0	20	0	0	6
chr2	91558929	91558958	30	8	0	30	22	8	5	0	0	1	0	0	0	6	2	0	2	4	0	0	0	0	0	0	0	0	0	0	0	0	0	0	0	0	6	0	0	2
chr2	91558959	91559319	361	8	0	361	249	112	33	2	5	33	3	4	1	56	31	1	31	34	5	0	0	9	0	3	3	1	0	0	0	5	1	0	0	1	63	2	3	29
chr2	91559320	91559500	181	8	0	181	126	55	12	0	0	18	1	0	0	38	14	0	14	21	3	2	0	1	2	0	0	0	1	0	0	1	2	0	0	0	34	2	0	13
chr2	91559501	91559914	414	8	0	414	309	105	49	1	6	51	4	3	0	66	36	3	20	36	17	2	1	12	4	1	2	2	0	0	0	1	0	0	0	0	69	0	2	24
chr2	91559920	91560106	187	8	0	187	131	56	14	1	0	14	0	1	1	40	12	2	12	25	3	1	0	4	4	0	0	1	0	0	0	0	0	0	0	0	38	0	0	12
chr2	91560107	91560479	373	8	0	373	270	103	37	1	1	45	2	1	0	73	35	2	21	31	10	1	0	9	3	1	0	1	4	0	0	1	2	0	0	0	66	4	0	20
chr2	91560480	91560891	412	8	0	412	300	112	43	3	1	48	4	1	0	73	38	1	27	37	10	2	0	10	3	1	2	1	0	0	0	2	0	0	0	0	75	1	2	25
chr2	91560892	91560974	83	8	0	83	56	27	9	1	2	7	3	1	0	10	6	1	7	6	1	0	0	1	1	0	0	2	2	0	0	1	0	0	0	0	12	3	0	5
chr2	91560985	91561030	46	8	0	46	31	15	4	0	0	3	1	0	0	9	2	1	4	6	0	0	0	0	1	0	0	0	0	0	0	0	0	0	0	0	9	0	0	4
chr2	91561031	91561203	173	8	0	173	134	39	26	2	6	18	1	2	1	17	8	2	1	7	16	3	3	20	4	0	0	4	1	2	0	3	5	1	0	0	11	3	0	4
chr2	91561204	91561350	147	7	0	147	76	71	7	2	3	7	1	8	10	4	7	3	4	1	4	2	5	6	5	6	0	4	8	5	0	8	8	5	2	5	3	5	2	5
chr2	91561352	91561446	95	7	0	95	54	41	4	1	3	8	5	2	6	1	3	2	4	2	4	1	2	5	2	3	0	1	4	2	0	5	5	3	0	4	3	3	0	5
chr2	91561448	91561499	52	7	0	52	26	26	2	2	0	1	3	2	3	3	0	1	1	2	0	0	1	3	2	2	0	1	5	3	0	1	3	3	0	2	2	1	0	1
chr2	91561500	91561784	285	7	0	285	195	90	29	6	5	30	12	3	8	10	8	3	9	6	22	10	8	24	11	5	1	6	9	3	0	13	2	9	1	4	11	8	0	7
chr2	91561786	91561980	195	7	0	195	149	46	20	8	8	16	9	1	2	13	8	1	1	4	15	10	3	28	13	3	0	4	3	0	0	3	2	2	0	2	7	1	0	6
chr2	91561982	91562461	480	7	0	480	195	285	9	9	15	2	9	7	48	19	13	22	9	4	4	7	10	7	20	15	2	8	31	35	2	48	20	46	0	8	12	19	0	18
chr2	91562463	91562762	300	7	0	300	101	199	7	3	10	1	10	5	31	4	2	8	7	2	1	3	5	1	6	9	0	4	24	33	1	36	13	46	1	6	7	6	0	6
chr2	91562763	91562827	65	7	0	65	23	42	1	1	4	0	3	0	7	0	1	2	0	1	1	0	0	1	0	3	0	0	6	4	0	9	4	10	0	1	1	2	0	1
chr2	91562829	91563367	539	7	0	539	192	347	7	3	21	4	17	10	47	18	10	17	8	3	1	9	11	5	10	19	4	6	41	45	5	60	34	71	3	10	7	17	2	12
chr2	91563380	91563581	202	7	0	202	72	130	0	2	2	1	5	3	21	7	0	5	12	3	0	3	6	1	1	6	0	6	16	15	2	17	15	23	0	7	4	6	0	11
chr2	91563583	91563622	40	7	0	40	11	29	0	0	0	0	0	1	7	0	0	2	1	0	0	0	0	0	2	0	0	1	3	3	0	6	2	6	0	1	1	2	0	0
chr2	91563624	91564144	521	7	0	521	293	228	30	16	19	27	22	13	28	18	15	8	11	13	25	13	14	20	19	8	2	21	28	19	0	25	20	27	0	11	13	18	0	16
chr2	91564156	91564416	261	7	0	261	123	138	10	1	5	8	1	1	21	6	3	10	5	5	10	13	15	7	5	10	2	8	14	19	3	21	5	19	1	7	5	9	0	10
chr2	91564418	91564437	20	7	0	20	8	12	0	0	1	0	0	0	2	1	0	0	1	0	0	1	0	1	0	1	0	0	2	2	0	1	1	2	0	1	0	0	0	1
chr2	91564439	91565231	793	7	0	793	279	514	8	6	23	8	23	11	87	16	12	32	13	7	2	6	15	9	19	26	3	7	65	67	7	86	42	106	1	21	12	26	1	24
chr2	91565233	91565265	33	7	0	33	13	20	1	0	0	2	1	0	3	0	0	1	1	0	1	1	2	0	1	1	0	0	3	1	0	4	0	5	0	1	0	1	0	1
chr2	91565267	91565655	389	7	0	389	135	254	1	2	11	3	8	5	44	13	4	21	3	4	4	4	4	2	9	18	1	4	37	34	2	40	14	49	4	9	11	12	1	9
chr2	91565671	91566365	695	7	0	695	240	455	7	12	22	1	21	19	71	13	8	24	10	1	6	7	14	3	19	32	3	8	60	58	8	74	36	92	1	19	8	18	2	16
chr2	91566367	91566415	49	7	0	49	18	31	0	1	0	0	2	1	7	0	0	3	1	0	0	0	2	0	2	1	0	2	3	4	0	4	2	5	0	3	2	1	0	1
chr2	91566417	91566502	86	7	0	86	32	54	1	2	3	1	3	1	9	1	4	1	3	0	0	1	1	0	0	3	0	2	5	8	0	9	6	10	0	2	3	2	0	3
chr2	91566504	91566543	40	7	0	40	11	29	0	0	0	0	0	0	6	2	0	3	0	0	0	0	0	0	2	1	0	0	4	3	0	6	1	7	0	0	1	2	0	0
chr2	91566545	91566677	133	7	0	133	48	85	1	2	7	2	8	1	10	4	1	3	1	0	2	2	2	2	2	5	1	0	10	14	0	15	8	18	1	4	3	1	0	1
chr2	91566679	91566768	90	7	0	90	35	55	0	0	1	0	1	2	10	4	0	5	6	1	0	2	1	1	4	2	0	3	4	4	2	7	5	7	0	4	3	4	0	5
chr2	91566770	91568102	1333	7	0	1333	465	868	10	10	35	7	33	30	145	33	13	50	34	15	6	14	23	7	31	45	5	23	100	100	17	133	83	159	12	46	26	46	6	34
chr2	91568104	91568159	56	7	0	56	17	39	0	0	0	0	0	4	5	0	0	1	3	0	0	2	2	0	0	2	2	3	3	2	2	2	5	5	4	3	1	1	0	2
chr2	91568165	91568882	718	7	0	718	265	453	13	12	14	7	14	46	52	10	18	17	42	4	1	3	9	3	21	29	7	21	53	60	14	42	35	43	14	32	13	38	7	22
chr2	91568884	91568912	29	7	0	29	12	17	0	1	0	1	1	0	1	1	0	0	0	0	1	2	1	2	0	1	1	1	2	3	1	0	1	2	2	1	0	1	0	0
chr2	91568914	91569225	312	7	0	312	124	188	3	5	4	3	7	19	26	10	2	8	10	4	3	6	9	4	9	19	2	8	26	22	1	20	21	17	3	15	6	10	2	6
chr2	91569229	91569244	16	7	0	16	7	9	0	0	0	0	0	1	1	0	0	0	2	0	0	1	1	0	0	1	0	1	1	0	0	1	0	0	0	1	1	1	0	1
chr2	91569246	91570034	789	7	0	789	527	262	91	33	41	51	43	11	24	25	41	12	8	23	41	26	28	29	35	16	3	28	22	5	3	18	14	12	2	18	30	15	2	37
chr2	91570036	91570853	818	7	0	818	433	385	51	28	20	29	32	32	34	37	25	11	11	32	19	19	18	34	35	29	4	22	40	61	14	22	26	24	6	22	34	24	4	17
chr2	91570865	91571349	485	7	0	485	171	314	7	10	9	4	12	22	35	5	9	11	27	6	2	3	4	5	15	15	8	8	20	27	25	21	33	34	27	26	6	17	10	20
chr2	91571395	91571425	31	7	0	31	4	27	0	0	0	0	0	0	2	0	0	0	2	0	0	0	0	0	0	0	0	0	1	0	5	1	0	6	8	2	0	1	0	1
chr2	91571426	91571458	33	7	0	33	7	26	0	0	0	0	0	0	1	0	0	3	2	0	0	0	0	0	2	0	1	0	0	0	6	0	0	3	7	1	0	3	0	2
chr2	91571467	91571520	54	7	0	54	11	43	0	0	0	0	0	0	4	0	0	3	4	0	0	0	0	0	2	0	1	0	0	0	8	1	2	6	11	3	0	3	0	4
chr2	91571522	91571609	88	7	0	88	19	69	0	0	0	0	0	1	5	0	0	4	9	0	0	0	0	0	3	0	1	1	2	0	13	3	1	12	15	3	0	6	1	6
chr2	91571610	91571692	83	7	0	83	23	60	1	1	2	0	0	2	6	0	2	0	7	0	1	1	0	0	1	2	0	1	5	4	4	5	1	9	12	5	1	4	0	4
chr2	91571707	91571731	25	7	0	25	9	16	0	0	1	0	0	1	1	0	1	1	2	0	0	0	2	0	0	1	0	0	2	2	0	3	0	0	0	2	0	4	0	0
chr2	91571733	91572008	276	7	0	276	107	169	3	1	8	3	8	15	17	7	4	7	19	7	0	1	4	3	7	10	1	6	19	21	1	17	13	14	8	14	8	13	4	11
chr2	91572010	91572440	431	7	0	431	205	226	36	6	10	10	13	17	30	7	7	10	23	10	7	6	6	5	11	15	2	11	29	26	2	24	15	21	2	18	13	19	2	16
chr2	91572442	91572477	36	7	0	36	13	23	0	0	1	0	0	2	2	4	1	2	1	0	0	0	0	0	2	2	0	0	3	4	0	2	3	1	0	0	0	3	0	1
chr2	91572479	91573300	822	7	0	822	371	451	17	11	29	7	19	58	46	45	24	24	46	15	4	3	11	10	48	18	4	26	32	42	3	54	49	35	7	23	39	36	6	29
chr2	91573311	91573454	144	7	0	144	87	57	10	7	7	5	8	2	4	9	7	4	5	2	4	2	6	4	8	2	0	5	4	2	0	5	6	1	0	5	5	6	0	7
chr2	91573456	91573490	35	7	0	35	20	15	1	2	2	1	1	1	1	1	3	0	2	1	1	0	1	1	1	1	1	0	1	0	0	2	1	1	0	0	0	1	1	4
chr2	91573496	91574008	513	7	0	513	237	276	16	12	21	8	13	22	44	11	20	12	21	10	9	6	8	3	23	16	2	11	26	15	6	35	19	28	1	30	21	23	1	18
chr2	91574010	91574040	31	7	0	31	11	20	0	0	0	0	0	3	3	1	0	0	2	0	0	0	1	1	1	2	0	0	4	1	0	2	2	2	0	2	0	2	0	0
chr2	91574045	91574502	458	7	0	458	180	278	8	6	14	4	9	19	44	10	12	16	16	8	3	1	6	4	12	16	6	8	29	29	4	30	28	29	6	27	13	20	4	15
chr2	91574504	91574544	41	7	0	41	11	30	0	0	0	0	0	3	3	0	0	1	3	0	0	0	0	0	1	3	0	0	3	6	3	2	1	1	1	3	1	3	0	1
chr2	91574546	91575834	1289	7	0	1289	582	707	30	18	45	31	28	45	99	34	45	28	77	33	21	11	23	13	34	27	5	36	65	71	11	76	61	62	9	66	46	63	9	65
chr2	91575835	91575988	154	7	0	154	64	90	6	2	2	3	3	10	10	4	2	5	8	1	1	2	3	0	6	3	2	8	7	7	4	7	8	9	5	8	7	6	3	0
chr2	91575990	91576023	34	7	0	34	12	22	0	0	0	0	0	1	1	6	0	1	0	2	0	0	0	0	1	0	1	0	3	3	1	1	4	3	0	1	0	3	0	0
chr2	91576025	91576861	837	7	0	837	497	340	60	24	29	37	23	42	38	39	44	12	20	21	23	27	21	35	54	16	8	28	27	21	4	19	27	8	1	30	35	26	5	31
chr2	91576863	91577029	167	7	0	167	109	58	18	6	9	5	9	4	3	9	7	2	0	7	4	8	2	15	9	5	0	6	9	5	0	4	2	1	0	1	5	7	0	3
chr2	91577040	91577115	76	7	0	76	50	26	5	8	2	2	3	1	4	6	3	3	0	1	5	0	1	4	7	1	1	3	2	0	0	1	3	0	0	1	2	2	1	2
chr2	91577117	91577147	31	7	0	31	22	9	2	2	0	3	3	1	0	2	1	0	1	0	2	1	0	3	2	0	0	1	1	0	0	0	1	1	0	0	2	0	0	0
chr2	91577149	91577367	219	7	0	219	160	59	47	8	9	12	6	3	5	4	12	0	5	7	11	8	6	15	7	3	1	8	3	1	1	5	2	0	1	3	6	6	3	9
chr2	91577387	91578671	1285	7	0	1285	812	473	111	51	51	65	44	43	44	57	57	22	30	34	66	27	33	76	60	27	4	51	48	21	7	29	22	28	3	29	59	29	6	49
chr2	91578674	91578721	48	7	0	48	31	17	4	2	0	4	2	4	2	2	2	2	1	0	2	1	1	2	5	1	0	2	2	0	0	0	0	0	0	0	3	1	0	1
chr2	91578723	91580767	2045	7	0	2045	1249	796	160	65	83	112	77	62	85	83	83	47	63	48	100	47	49	83	102	39	10	70	67	42	5	68	51	36	5	60	87	65	6	83
chr2	91580786	91581485	700	7	0	700	461	239	71	23	31	48	34	19	24	27	31	13	11	15	37	26	19	32	34	19	0	28	20	12	1	15	20	4	0	14	30	13	1	26
chr2	91581487	91581514	28	7	0	28	17	11	0	0	0	2	0	1	1	1	2	0	0	5	0	0	2	2	1	0	0	0	0	0	0	2	0	0	0	0	2	3	0	2
chr2	91581516	91582575	1060	7	0	1060	631	429	85	45	48	46	55	30	42	45	41	25	27	38	43	17	21	23	54	18	4	39	29	27	7	34	32	26	1	25	57	26	8	40
chr2	91582576	91583960	1385	7	0	1385	814	571	103	35	64	64	62	39	59	52	47	32	57	35	54	35	32	43	48	40	0	53	60	33	0	53	37	28	0	47	67	45	0	59
chr2	91583963	91584986	1024	7	0	1024	573	451	72	30	36	44	49	41	42	40	32	20	35	32	31	24	17	26	48	32	2	33	63	32	5	33	24	37	5	18	37	32	4	46
chr2	91585013	91585867	855	7	0	855	498	357	54	28	24	37	30	39	24	55	32	15	18	23	28	21	28	41	47	25	3	28	47	33	0	25	26	15	3	16	28	32	4	24
chr2	91585882	91586715	834	7	0	834	419	415	47	18	20	27	24	43	53	29	20	19	38	21	21	18	12	9	31	33	6	28	51	33	4	36	31	33	2	27	36	24	6	32
chr2	91586717	91586773	57	7	0	57	21	36	0	0	0	2	0	1	5	2	1	0	4	1	1	2	1	0	1	1	0	1	3	3	1	5	3	6	2	3	1	3	1	1
chr2	91586781	91586864	84	7	0	84	40	44	0	2	0	1	2	5	8	2	0	1	10	3	2	2	0	0	3	2	0	6	4	1	0	4	4	3	0	3	6	3	0	5
chr2	91586873	91586949	77	7	0	77	48	29	10	6	2	2	7	3	3	1	2	1	1	3	0	1	3	2	6	1	0	3	2	1	0	2	3	2	0	1	3	1	0	3
chr2	91586954	91587302	349	7	0	349	169	180	11	7	17	7	7	10	23	7	14	8	18	7	10	9	9	3	10	10	3	11	20	11	3	21	10	12	3	19	8	22	1	16
chr2	91587304	91587390	87	7	0	87	39	48	2	3	3	1	5	2	7	0	1	0	8	3	1	2	1	0	3	2	0	2	4	3	0	8	2	4	0	6	5	6	0	1
chr2	91587392	91587703	312	7	0	312	152	160	21	4	10	9	5	13	20	3	9	7	19	2	9	5	8	8	12	10	1	6	12	16	1	24	9	14	2	15	8	13	4	11
chr2	91587705	91587738	34	7	0	34	13	21	0	0	2	0	1	3	3	0	0	1	1	0	1	1	0	0	2	1	0	1	2	5	0	0	3	0	0	3	0	1	0	1
chr2	91587740	91587972	233	7	0	233	127	106	7	10	7	10	10	7	14	16	13	5	8	5	4	2	5	3	16	4	1	3	7	6	0	7	5	6	3	15	19	4	0	9
chr2	91587990	91588999	1010	7	0	1010	384	626	26	17	33	15	26	41	66	13	28	35	46	10	11	5	8	4	27	40	14	17	57	97	36	49	49	57	25	37	12	46	11	50
chr2	91589035	91589104	70	7	0	70	14	56	0	0	0	0	0	4	2	0	0	3	3	0	0	0	2	0	1	3	2	1	1	8	7	3	3	6	11	2	1	3	1	1
chr2	91589106	91589138	33	7	0	33	10	23	0	0	0	0	0	1	5	0	0	1	1	2	0	0	0	0	1	0	0	1	3	3	0	3	1	4	0	1	1	3	0	0
chr2	91589140	91589222	83	7	0	83	21	62	0	1	1	0	2	3	4	1	0	3	5	1	0	0	0	0	1	2	2	2	4	14	6	3	4	6	4	4	1	6	0	1
chr2	91589224	91589274	51	7	0	51	18	33	0	0	1	1	0	3	3	0	1	2	0	1	1	2	1	0	1	5	0	1	4	8	3	1	0	1	3	2	1	2	0	1
chr2	91589276	91589579	304	7	0	304	85	219	2	3	10	1	8	5	17	2	6	14	12	3	0	1	1	0	4	8	6	5	9	44	19	19	11	30	19	8	8	10	10	7
chr2	91589581	91589618	38	7	0	38	7	31	0	0	0	0	0	0	0	0	0	3	4	0	0	0	0	0	0	1	1	1	0	7	5	3	0	3	1	0	0	4	3	0
chr2	91589619	91589801	183	7	0	183	53	130	0	1	3	0	1	9	17	4	3	3	6	3	0	1	0	1	4	2	7	1	8	12	10	4	16	18	14	18	4	3	5	3
chr2	91589802	91590056	255	7	0	255	91	164	5	0	14	0	4	10	17	3	10	6	10	4	0	3	4	1	3	8	6	2	8	8	16	17	19	22	12	13	4	11	0	13
chr2	91590059	91590389	331	7	0	331	141	190	7	6	10	4	3	7	18	11	13	9	31	7	4	4	4	2	9	8	5	5	12	19	8	25	7	15	6	10	11	22	5	22
chr2	91590391	91590633	243	7	0	243	92	151	4	2	8	1	3	13	15	3	9	8	18	2	0	2	2	0	9	10	1	6	13	22	7	14	7	10	6	9	5	14	4	14
chr2	91590635	91590724	90	7	0	90	43	47	2	0	0	4	1	3	4	6	3	0	7	4	1	4	1	2	2	2	2	1	3	8	1	5	3	2	1	2	6	4	0	4
chr2	91590736	91590781	46	7	0	46	23	23	1	0	4	1	2	1	1	1	2	1	3	3	0	0	1	1	1	0	1	0	1	2	0	3	1	2	0	3	2	2	1	3
chr2	91590792	91593065	2274	7	0	2274	1185	1089	151	46	111	62	67	83	98	74	109	39	126	59	44	26	46	42	73	48	9	64	97	88	13	150	70	81	6	57	82	131	10	110
chr2	91593070	91594475	1406	7	0	1406	735	671	58	29	59	52	52	44	69	61	61	37	64	42	27	21	31	27	52	37	5	38	70	52	8	62	45	41	6	50	58	62	11	73
chr2	91594476	91595015	540	8	0	540	267	273	22	14	19	12	15	23	33	20	19	11	23	14	11	6	15	10	14	20	4	16	32	27	1	22	16	17	3	32	28	19	0	20
chr2	91595017	91595078	62	8	0	62	32	30	4	2	6	1	2	2	4	0	5	1	1	0	1	0	0	1	2	2	0	1	0	4	0	6	5	2	0	1	1	2	0	4
chr2	91595080	91596083	1004	8	0	1004	582	422	51	21	33	46	30	29	35	42	26	16	47	29	44	30	34	68	37	22	1	36	34	36	6	39	29	24	9	30	35	33	6	44
chr2	91596084	91596206	123	8	0	123	94	29	24	6	2	4	5	5	3	5	1	1	1	2	5	2	1	25	13	0	0	1	2	1	0	1	1	2	0	3	2	1	0	2
chr2	91596211	91596253	43	8	0	43	16	27	0	1	0	0	1	2	5	0	0	2	5	0	0	0	0	0	2	0	0	3	3	1	0	1	3	3	1	2	0	1	1	4
chr2	91596255	91596724	470	8	0	470	275	195	39	10	20	26	17	14	15	13	13	8	12	18	26	16	11	17	17	13	5	13	18	12	7	18	12	14	3	11	12	16	6	16
chr2	91596726	91596788	63	8	0	63	46	17	4	0	3	8	1	1	0	2	3	0	2	3	7	1	4	5	1	0	0	2	1	1	0	2	1	0	0	1	1	3	0	4
chr2	91596790	91597211	422	8	0	422	243	179	46	10	17	19	15	14	16	19	22	6	18	11	9	5	5	11	12	9	0	13	19	7	4	17	12	16	2	10	21	15	4	16
chr2	91597213	91597244	32	8	0	32	14	18	1	0	2	1	2	1	1	1	0	0	1	2	1	0	0	0	0	0	0	1	4	3	0	1	1	3	0	1	0	2	0	1
chr2	91597246	91597533	288	8	0	288	166	122	26	14	17	9	16	9	6	5	16	3	11	6	7	4	7	8	15	6	2	7	9	10	1	18	4	5	3	6	8	17	0	11
chr2	91597534	91597574	41	8	0	41	29	12	11	6	0	0	5	0	1	1	1	1	1	1	0	0	0	0	5	0	0	1	1	0	0	0	0	0	0	0	1	1	0	2
chr2	91597576	91599773	2198	8	0	2198	1244	954	145	64	82	92	90	67	99	92	77	46	94	56	71	48	50	70	94	46	10	75	86	53	10	91	79	65	10	61	89	76	10	98
chr2	91599775	91599790	16	8	0	16	8	8	0	0	1	0	0	0	0	1	0	0	0	1	1	1	1	0	0	1	0	0	1	2	0	1	0	1	0	1	0	0	0	1
chr2	91599791	91600202	412	8	0	412	238	174	31	8	17	19	14	15	26	5	13	10	18	7	18	8	3	25	12	11	1	16	16	7	1	19	16	13	2	11	16	12	2	18
chr2	91600205	91600711	507	8	0	507	262	245	25	14	13	19	20	23	24	16	18	7	26	15	9	11	14	6	19	20	1	15	20	15	9	22	23	15	2	18	21	16	6	23
chr2	91600724	91691473	90750	8	0	90750	49822	40928	5627	2383	3494	3598	3319	3090	4298	3342	3282	1919	3571	2350	2875	1816	2081	2776	3620	2397	485	2706	3884	3124	595	3767	3047	2691	536	2954	3498	3158	448	4017
chr2	91691474	91996473	305000	9	0	305000	178747	126253	23341	8659	12032	15084	11675	9000	12756	11259	11754	5888	10018	8208	12346	6731	7609	12385	12101	7276	1348	9553	11423	8616	1857	11296	9007	7941	1540	8426	12159	9359	1211	13140
chr2	91996474	92052473	56000	8	0	56000	33788	22212	4695	1631	2253	2968	2117	1587	2103	2100	2216	1088	1746	1450	2518	1278	1446	2590	2315	1213	260	1796	1838	1342	427	1861	1573	1253	377	1457	2181	1660	224	2435
chr2	92052474	92111473	59000	7	0	59000	36610	22390	5402	1963	2490	3259	2586	1605	1687	2519	3431	896	1773	2094	1695	1039	1515	2655	2448	887	433	1735	1812	987	363	1527	1499	746	388	1371	2638	2069	654	2832
chr2	92111474	92138145	26672	8	0	26672	16392	10280	2640	1180	1301	978	1340	729	995	869	1741	451	872	822	376	351	714	1031	1299	267	221	924	614	357	141	631	718	165	215	842	1302	954	145	1485
chr2	94531010	94531062	53	9	0	53	36	17	5	2	4	1	1	1	3	2	5	1	1	3	1	0	2	3	2	0	0	2	0	0	0	0	1	0	0	1	3	0	0	7
chr2	94660447	94673774	13328	8	0	13328	8509	4819	1357	433	570	793	508	339	438	521	583	227	374	349	705	326	350	635	542	280	51	452	399	270	41	409	319	214	38	271	547	355	30	600
chr2	94673775	94686943	13169	7	0	13169	8765	4404	1309	421	525	937	526	325	370	504	608	201	328	392	749	343	387	839	553	248	56	433	339	192	39	332	284	148	24	226	549	314	47	619
chr2	94686944	94695520	8577	7	0	8577	5631	2946	853	237	370	628	338	194	253	311	367	147	222	258	531	187	245	489	333	153	29	250	222	139	36	232	194	133	28	203	347	204	37	405
chr2	94695521	94698134	2614	7	0	2614	1816	798	345	87	95	201	103	47	58	115	116	37	58	54	163	79	77	179	111	56	0	83	59	47	5	66	43	17	2	44	110	57	3	95
chr2	94698137	94698932	796	7	0	796	502	294	82	27	33	41	39	39	22	30	32	10	12	30	30	22	25	27	55	18	2	24	23	7	5	23	24	10	4	14	28	23	3	30
chr2	94698937	94702007	3071	7	0	3071	1951	1120	295	85	123	212	121	68	109	90	124	56	87	75	174	77	93	160	99	59	13	115	91	41	19	93	80	74	21	73	118	70	23	131
chr2	94702009	94706996	4988	7	0	4988	3301	1687	557	192	201	301	234	131	133	227	226	71	98	150	232	130	148	268	248	106	14	156	156	69	6	117	127	45	6	92	194	128	8	215
chr2	94706998	94707778	781	7	0	781	484	297	67	16	41	44	29	21	27	34	39	12	18	32	33	18	20	32	29	17	2	19	31	15	1	27	15	19	1	19	35	23	2	41
chr2	94707779	94718626	10848	6	0	10848	6984	3864	938	298	463	715	413	271	354	423	474	175	300	295	589	321	316	638	442	209	38	376	323	201	27	300	257	169	18	260	439	272	35	497
chr2	94718644	94723066	4423	6	0	4423	2990	1433	409	150	187	297	165	112	132	197	180	68	95	127	289	138	127	315	223	79	11	155	103	52	2	107	108	38	2	82	172	95	7	197
chr2	94723075	94913754	190680	6	0	190680	110497	80183	13617	5381	7270	9099	6893	6161	8244	7183	7180	3596	6384	4924	7677	4613	4588	7686	8065	4580	918	6188	7298	6020	1106	6995	5674	4837	1000	5417	7444	5982	772	7886
chr2	94913755	94968754	55000	5	0	55000	33074	21926	4440	1714	2129	2786	2097	1746	2141	2057	2197	974	1794	1500	2335	1432	1475	2256	2335	1358	310	1863	1978	1273	269	1813	1543	1098	203	1417	2185	1604	230	2446
chr2	94968755	95181295	212541	4	0	212541	113154	99387	12477	5573	7754	7507	7036	8128	10844	6990	7429	4696	8902	4940	6368	4080	4457	5971	8288	5672	1414	7103	9425	7837	1860	9104	6870	7144	1703	6999	8415	7573	1229	8751
chr2	95181296	95306751	125456	4	0	125456	65707	59749	7072	3221	4697	4223	4147	4408	6529	4121	4489	2750	5346	2981	3505	2145	2659	3413	4676	3410	774	3664	5688	5269	1051	5905	4161	4428	883	4273	4681	4806	690	5389
chr2	95306752	95324751	18000	3	0	18000	7492	10508	426	284	504	266	406	891	1246	515	458	455	952	335	191	164	231	166	637	565	183	409	1010	1304	295	1104	817	1037	192	754	594	807	134	666
chr2	95324752	95487751	163000	4	0	163000	86814	76186	9267	4034	6099	5968	5316	5880	8298	5627	5970	3616	6667	3955	4814	3061	3465	4776	6503	4151	1057	4880	7192	6293	1382	7049	5329	5454	1266	5421	6096	6018	915	7179
chr2	95487752	95618751	131000	5	0	131000	81207	49793	10840	3870	5136	7611	4889	3895	4819	5094	5644	2308	4099	3666	6084	3160	3360	6731	5744	2701	645	4143	4187	2595	594	4066	3318	2403	523	3156	5447	3743	478	6049
chr2	95618752	95968751	350000	4	0	350000	203907	146093	23857	9973	14075	16749	13160	10621	15155	13753	14918	6920	12287	9874	12718	7635	8504	13706	14540	7955	1640	11014	13233	9789	1581	12916	10198	8002	1193	10033	14718	11773	1450	16058
chr2	95968752	96017751	49000	3	0	49000	29177	19823	3708	1450	1929	2487	1814	1453	1880	1915	1918	925	1523	1299	2134	1152	1291	2299	2060	1151	225	1544	1739	1277	340	1663	1366	1113	331	1347	1896	1478	222	2069
chr2	96017752	96090751	73000	2	0	73000	36093	36907	3154	1661	2645	2040	2261	2682	4362	2415	2553	1656	3224	1755	1532	1120	1448	1584	2704	2037	452	1927	3732	3487	643	3708	2731	2989	449	2859	2553	3057	394	3184
chr2	96090752	96115238	24487	1	0	24487	11156	13331	902	479	842	535	688	952	1572	660	798	543	1293	528	370	297	394	303	796	752	139	584	1354	1573	228	1505	907	1156	186	987	815	1180	142	1025
chr2	96115248	96158249	43002	1	0	43002	18665	24337	1264	817	1372	777	1115	1796	2754	1182	1199	1077	2031	786	652	558	721	563	1414	1421	329	1084	2399	2970	736	2493	1676	2284	657	1779	1358	1923	292	1521
chr2	96158251	96255761	97511	1	0	97511	52529	44982	6554	2741	3532	3518	3532	3433	4823	2906	3250	2007	4026	2315	3009	1938	2342	2603	3617	2680	609	3213	4356	3288	843	4265	3171	3386	727	3228	3550	3397	633	4017
chr2	96255762	96410045	154284	2	0	154284	81515	72769	9395	4103	5662	5129	5428	5517	7838	4962	5221	3295	6460	3826	4244	3030	3583	3821	5747	4280	1059	4859	6863	5426	1494	6737	5255	5362	1400	5485	5880	5452	1007	6462
chr2	96410047	96499762	89716	2	0	89716	50437	39279	6344	2555	3657	3751	3421	2821	4093	3059	3569	1793	3331	2281	2973	1719	2103	2967	3517	2273	385	2713	3701	2984	595	3604	2783	2536	455	2758	3393	3092	379	4109
chr2	96499763	97034762	535000	1	0	535000	270757	264243	30110	12838	18671	16321	17203	19931	29141	15742	17177	11690	23763	12300	13449	9436	11168	11815	19042	15194	3975	15685	25404	23022	6144	25613	18608	21640	5502	19484	18963	20327	3679	21961
chr2	97034763	97087762	53000	2	0	53000	30376	22624	3577	1429	2040	2383	1920	1714	2434	2063	2052	1093	1917	1370	1880	1123	1263	2118	2202	1294	277	1586	2071	1469	272	2075	1730	1378	199	1637	2127	1746	204	2355
chr2	97087763	97237762	150000	3	0	150000	93755	56245	12314	4651	5988	8717	5915	4180	5218	6463	6607	2617	4144	4496	6834	3948	4064	7598	6713	3045	698	4941	4605	2914	643	4368	3834	2418	575	3627	6624	4153	608	6478
chr2	97237763	97267355	29593	2	0	29593	18541	11052	2680	951	1193	1745	1190	744	1128	1093	1300	516	840	867	1399	728	786	1381	1244	627	113	955	941	592	118	873	748	502	69	746	1222	803	124	1373
chr2	97267356	97268387	1032	2	0	1032	428	604	16	29	19	26	24	35	82	17	39	37	60	12	10	4	13	3	24	50	2	29	79	86	15	64	15	55	8	28	40	53	3	53
chr2	97268388	97285954	17567	2	0	17567	9685	7882	1038	547	669	702	708	572	858	617	745	387	687	490	466	294	439	465	719	470	58	553	779	633	99	692	519	474	42	535	738	626	71	873
chr2	97285959	97286019	61	2	0	61	32	29	3	1	3	4	1	2	2	2	4	2	3	0	3	0	1	0	0	1	0	3	5	6	0	1	0	2	0	0	2	3	0	5
chr2	97286021	97286889	869	2	0	869	499	370	57	19	42	39	41	39	33	31	32	13	31	29	27	20	23	22	39	20	5	27	37	16	3	30	31	22	2	33	37	28	0	39
chr2	97286890	97289716	2827	2	0	2827	1782	1045	239	95	117	164	112	82	101	96	124	35	81	97	141	69	95	133	105	64	9	102	95	62	2	86	67	46	1	68	124	73	2	138
chr2	97289717	97292534	2818	2	0	2818	1798	1020	287	81	105	166	100	85	107	89	104	45	93	88	149	85	78	134	118	70	3	105	98	56	4	78	52	44	3	59	113	66	10	141
chr2	97292537	97292692	156	2	0	156	136	20	32	0	0	22	0	0	5	0	15	0	5	0	6	0	5	44	0	0	0	0	0	0	0	0	0	0	0	0	5	0	0	15
chr2	97292694	97292793	100	2	0	100	85	15	21	0	0	13	0	0	4	0	11	0	4	0	3	0	3	24	0	0	0	0	0	0	0	0	0	0	0	0	4	0	0	11
chr2	97292794	97293157	364	3	0	364	315	49	74	0	0	50	0	0	12	0	37	0	12	0	13	0	13	102	0	0	0	0	0	0	0	0	0	0	0	0	12	0	0	37
chr2	97293259	97293283	25	3	0	25	21	4	4	0	0	3	0	0	1	0	3	0	1	0	1	0	1	5	0	0	0	0	0	0	0	0	0	0	0	0	1	0	0	3
chr2	97293428	97298180	4753	2	0	4753	2929	1824	370	153	198	254	210	134	152	235	215	96	145	122	179	114	132	219	224	105	20	148	174	93	10	135	126	84	7	119	207	129	17	225
chr2	97298189	97303091	4903	2	0	4903	3012	1891	401	133	198	281	204	162	161	205	196	79	139	130	212	122	132	256	213	107	31	146	180	91	21	148	152	104	17	137	187	138	19	199
chr2	97303098	97306944	3847	2	0	3847	2030	1817	213	90	165	104	109	157	210	136	146	77	147	89	104	84	80	118	165	111	21	111	186	128	19	196	120	158	19	123	141	131	15	172
chr2	97306947	97309761	2815	2	0	2815	1738	1077	228	102	116	157	138	66	87	131	133	53	77	69	104	65	78	133	125	65	19	78	114	59	6	80	78	46	4	70	105	90	7	130
chr2	97309762	97310496	735	2	0	735	439	296	68	27	33	25	22	19	28	22	35	13	28	12	29	26	22	29	30	19	10	26	21	22	6	27	19	8	2	17	21	27	0	40
chr2	97310498	97310624	127	2	0	127	80	47	20	4	3	6	3	2	6	7	7	2	4	4	1	1	3	5	4	1	0	4	4	2	2	3	3	4	0	3	7	4	0	6
chr2	97310626	97310710	85	2	0	85	52	33	12	5	6	2	4	2	4	0	6	1	2	0	3	2	1	2	2	4	0	4	2	1	0	3	2	0	2	2	3	2	0	4
chr2	97310712	97314282	3571	2	0	3571	1904	1667	189	71	155	125	110	121	192	114	143	81	171	84	98	69	84	95	128	90	23	101	147	103	18	192	127	120	11	128	135	147	16	181
chr2	97314284	97314299	16	2	0	16	10	6	2	1	2	0	0	0	1	0	2	0	0	0	0	0	0	0	1	0	0	0	1	0	0	0	0	1	0	1	0	0	0	2
chr2	97314301	97326756	12456	2	0	12456	7236	5220	828	330	505	569	445	369	568	507	506	265	437	330	454	262	300	560	510	295	60	361	458	332	44	483	402	290	53	393	519	399	47	573
chr2	97326758	97347573	20816	2	0	20816	12301	8515	1521	621	761	1089	798	651	868	840	847	435	726	561	825	430	487	840	884	483	134	636	736	514	120	722	635	451	83	547	902	643	87	937
chr2	97347575	97348019	445	2	0	445	222	223	33	11	15	11	11	20	31	9	13	16	18	7	12	4	5	5	18	19	4	10	24	15	2	26	15	17	5	13	14	17	3	20
chr2	97348020	97360487	12468	2	0	12468	6981	5487	701	306	535	532	432	368	633	476	516	272	521	356	426	257	273	376	476	303	42	382	494	414	37	519	413	309	34	398	526	438	39	662
chr2	97360488	97360922	435	2	0	435	212	223	25	11	14	11	11	20	31	9	13	16	18	7	12	4	5	5	18	19	4	10	24	15	2	26	15	17	5	13	14	17	3	19
chr2	97360923	97381739	20817	2	0	20817	12311	8506	1529	621	761	1089	798	650	868	840	847	435	726	561	827	430	487	840	884	483	134	636	735	507	120	722	635	451	83	547	902	643	87	937
chr2	97381740	97394204	12465	2	0	12465	7234	5231	826	331	505	569	445	368	568	507	506	266	437	330	454	262	300	560	510	295	61	361	458	338	45	482	402	291	54	393	518	399	48	574
chr2	97394223	97397793	3571	2	0	3571	1902	1669	188	71	154	125	110	122	192	114	142	82	173	83	98	68	84	94	129	90	23	101	146	103	19	192	127	119	11	129	136	148	15	181
chr2	97397795	97397879	85	2	0	85	53	32	15	5	5	2	4	2	4	0	5	1	2	0	3	2	1	2	2	4	0	4	2	1	0	3	2	0	2	2	3	2	0	3
chr2	97397880	97397993	114	2	0	114	67	47	9	4	2	6	3	2	6	7	7	2	4	4	1	1	3	5	4	1	0	4	4	2	2	3	3	4	0	3	7	4	0	5
chr2	97397994	97398739	746	2	0	746	449	297	79	27	32	25	22	20	28	22	34	13	28	12	29	26	22	29	30	20	10	26	21	22	6	28	20	8	2	16	20	27	0	40
chr2	97398741	97401526	2786	2	0	2786	1723	1063	228	102	117	156	137	53	88	129	133	53	77	69	104	65	78	132	110	65	19	79	114	59	6	81	78	46	4	70	105	90	7	130
chr2	97401527	97402302	776	2	0	776	397	379	41	21	27	15	21	40	47	26	20	20	24	19	22	25	11	16	52	25	5	24	39	32	7	41	19	36	2	13	25	26	2	31
chr2	97402303	97405404	3102	3	0	3102	1650	1452	172	67	137	92	89	130	163	112	126	57	123	69	81	60	68	103	128	85	14	87	149	95	12	154	103	124	16	109	115	105	14	141
chr2	97405411	97410285	4875	3	0	4875	2998	1877	401	133	198	281	204	149	161	205	196	79	138	130	212	122	132	256	200	107	31	145	180	91	21	148	152	104	17	137	187	138	19	199
chr2	97410286	97415065	4780	3	0	4780	2945	1835	371	153	198	255	211	146	152	235	214	99	143	121	180	114	133	219	237	105	21	148	174	93	9	134	126	83	8	119	207	129	16	225
chr2	97415066	97415166	101	3	0	101	86	15	21	0	0	13	0	0	4	0	11	0	4	0	3	0	3	25	0	0	0	0	0	0	0	0	0	0	0	0	4	0	0	11
chr2	97415167	97415254	88	2	0	88	72	16	15	0	3	9	0	0	3	0	9	0	3	0	3	3	3	21	0	0	0	2	0	0	0	0	0	0	0	0	3	0	0	9
chr2	97415255	97415409	155	3	0	155	135	20	31	0	0	22	0	0	5	0	15	0	5	0	6	0	5	44	0	0	0	0	0	0	0	0	0	0	0	0	5	0	0	15
chr2	97415410	97418200	2791	3	0	2791	1769	1022	260	81	104	166	99	85	107	90	105	45	94	87	147	85	78	135	117	70	3	105	98	56	4	79	52	44	3	59	114	67	10	140
chr2	97418204	97421048	2845	3	0	2845	1806	1039	262	95	117	166	113	83	100	95	123	35	81	96	141	68	94	135	106	63	9	103	95	61	2	84	67	45	1	67	123	73	2	138
chr2	97421062	97421941	880	3	0	880	504	376	57	19	43	39	41	39	34	32	33	13	30	29	27	21	24	22	40	20	5	27	36	17	3	31	33	23	2	34	38	27	0	39
chr2	97421943	97422003	61	3	0	61	34	27	3	1	2	6	1	2	2	2	5	1	4	0	3	0	1	0	0	1	0	2	4	5	0	1	0	1	0	1	3	3	0	5
chr2	97422008	97423604	1597	3	0	1597	905	692	90	45	73	61	52	62	74	57	83	45	69	37	45	22	46	43	75	41	4	54	55	34	7	71	36	34	2	44	79	57	5	93
chr2	97423606	97423650	45	3	0	45	24	21	0	0	3	0	0	2	2	1	1	2	4	1	2	3	2	0	1	2	0	4	1	2	0	2	0	0	0	0	3	1	0	4
chr2	97423652	97425362	1711	3	0	1711	994	717	113	58	65	69	73	45	75	90	71	29	59	56	48	33	46	63	79	30	3	53	66	51	3	57	60	42	1	55	78	54	5	79
chr2	97425414	97428507	3094	3	0	3094	1913	1181	245	114	107	172	137	78	116	151	142	58	83	107	114	64	96	128	143	68	11	92	108	51	13	85	97	43	3	75	134	95	13	149
chr2	97428509	97428910	402	3	0	402	258	144	27	9	19	33	25	13	8	20	25	4	11	10	11	10	10	21	19	8	1	8	14	5	0	9	11	6	0	13	22	9	1	18
chr2	97428912	97428958	47	3	0	47	28	19	5	2	0	1	1	3	1	1	2	1	1	3	0	0	3	3	2	1	1	1	2	1	0	1	0	1	0	1	2	1	1	3
chr2	97428960	97429022	63	3	0	63	46	17	11	3	2	5	5	1	2	2	4	1	1	2	2	0	1	3	5	0	0	0	0	0	0	0	3	0	0	1	2	0	0	5
chr2	97429023	97429605	583	3	0	583	380	203	55	25	24	33	31	20	17	17	25	11	26	20	27	6	19	22	27	8	3	24	13	5	0	9	15	4	0	13	30	10	1	41
chr2	97429607	97429640	34	3	0	34	22	12	2	0	0	4	3	0	1	1	1	2	0	3	0	0	2	2	1	0	0	0	1	0	0	1	1	1	0	0	3	1	0	2
chr2	97429642	97435317	5676	3	0	5676	3120	2556	346	184	255	198	241	166	292	173	248	119	206	166	149	101	143	131	216	161	18	175	250	204	20	243	177	153	11	189	230	199	21	289
chr2	97435319	97435351	33	3	0	33	17	16	3	0	0	1	0	1	4	1	0	1	2	0	1	0	1	2	1	0	0	1	1	0	0	1	2	2	0	3	1	0	0	2
chr2	97435353	97438615	3263	3	0	3263	1544	1719	122	82	103	89	110	119	199	80	104	82	162	71	60	52	65	42	102	107	12	114	198	202	38	158	95	135	18	120	113	152	18	137
chr2	97438662	97439040	379	3	0	379	160	219	5	8	6	16	12	14	25	9	17	9	25	6	1	2	2	3	10	14	1	8	23	34	7	23	10	19	3	8	16	19	3	19
chr2	97439042	97439111	70	3	0	70	32	38	1	4	0	2	1	3	4	2	2	2	6	0	2	0	2	0	1	4	0	3	6	4	0	5	1	3	0	0	2	4	0	4
chr2	97439113	97439451	339	3	0	339	140	199	8	9	4	10	10	14	25	5	11	12	21	5	1	1	2	0	9	16	3	8	23	29	8	16	8	18	2	10	15	13	3	18
chr2	97439452	97439618	167	3	0	167	70	97	1	1	5	7	5	7	10	4	8	8	10	2	0	1	0	1	2	10	1	4	15	10	3	9	2	8	1	3	7	10	1	9
chr2	97489619	97490553	935	3	0	935	386	549	15	18	16	28	26	33	72	22	31	33	57	19	5	5	3	3	23	42	2	22	76	80	11	58	19	54	4	17	35	48	5	51
chr2	97490656	97492411	1756	3	0	1756	742	1014	35	38	37	49	45	63	125	34	64	44	101	40	15	19	19	13	45	71	6	43	134	146	27	95	36	88	17	57	52	97	12	87
chr2	97492413	97500838	8426	3	0	8426	5390	3036	770	284	362	491	366	216	288	347	384	126	223	257	387	213	243	431	382	165	31	261	251	107	23	228	232	124	12	230	352	213	28	397
chr2	97500840	97512036	11197	3	0	11197	7132	4065	1074	346	475	674	457	284	397	449	492	209	294	337	546	295	309	492	478	212	54	390	312	161	41	309	298	164	29	285	499	286	56	491
chr2	97512037	97587036	75000	4	0	75000	48371	26629	6464	2384	3037	4757	3086	1897	2472	3277	3307	1264	1892	2297	3785	2113	2099	4239	3402	1414	306	2536	2067	1184	198	2019	1876	962	144	1760	3387	1908	280	3185
chr2	97587037	97777036	190000	3	0	190000	98848	91152	10982	4740	6746	6586	6289	6928	9846	6230	6531	4052	7934	4502	5253	3373	4034	4820	7103	5205	1364	5421	8706	7884	1962	8476	6612	6811	1737	6852	6873	7128	1207	7811
chr2	97777037	98361036	584000	4	0	584000	345393	238607	45746	17673	24014	28737	22547	17292	24125	20995	23932	11302	19103	15288	23945	13193	14797	22703	24155	13536	2967	18802	21468	15008	3078	20849	16616	13599	2609	16294	22720	18259	2552	26094
chr2	98361037	98724036	363000	3	0	363000	203313	159687	25103	10384	14173	14985	12979	12181	17342	12451	13716	7537	13265	8982	12848	7638	8578	11150	14677	9190	2135	11738	14680	11574	2331	14503	11646	10328	2062	11322	13949	11996	1760	15795
chr2	98724037	98926036	202000	2	0	202000	110296	91704	13106	5473	7603	7911	7166	6976	9920	6972	7389	4211	7926	4971	6432	3887	4335	6016	7984	5160	1262	6141	8393	7015	1609	8549	6863	6324	1351	6556	7794	7067	1098	8538
chr2	98926037	99372036	446000	3	0	446000	268269	177731	37507	13623	17485	23072	17704	12744	17301	16041	17378	8061	14254	12426	19098	10665	11949	18960	17989	10463	2148	14492	16180	10470	2447	15046	12252	10121	2193	11810	17369	13089	2020	19641
chr2	99372037	99405214	33178	4	0	33178	20383	12795	2941	1065	1475	1698	1307	924	1275	1201	1350	577	976	898	1581	878	900	1335	1406	698	153	1187	1094	664	123	1061	898	678	114	918	1309	902	130	1460
chr2	99405216	99418037	12822	4	0	12822	7558	5264	1053	426	541	565	500	378	517	436	493	244	412	309	539	340	336	468	495	337	74	482	499	301	80	464	348	329	62	334	489	377	66	526
chr2	99418038	99640037	222000	3	0	222000	127352	94648	16709	6469	8598	10033	8079	7117	9743	7623	8204	4313	7867	5580	8816	5058	5462	7680	8732	5585	1337	7303	8746	6171	1526	8491	6699	6046	1426	6621	8384	7132	1193	9255
chr2	99640038	99783037	143000	4	0	143000	83704	59296	10851	4145	5807	6904	5330	4432	6184	5260	5804	2775	4886	3786	5722	3164	3482	5172	5762	3333	783	4637	5413	3604	677	5218	4305	3531	657	4123	5726	4445	699	6381
chr2	99783038	99946037	163000	5	0	163000	96685	66315	12284	4955	6544	8035	5972	5012	6815	6492	6647	3114	5323	4392	6915	3874	4167	6142	6843	3726	917	5469	5840	3996	754	5576	4956	3502	646	4614	6652	4942	691	7191
chr2	99946038	100243037	297000	4	0	297000	172301	124699	21474	8624	12063	13913	10870	9371	12681	11132	11798	5837	10326	7926	11933	6278	7322	10751	11993	7072	1655	9390	11291	8190	1659	11078	9008	7383	1456	8637	11762	9573	1264	13288
chr2	100243038	100385037	142000	3	0	142000	81392	60608	10261	4042	5557	6547	5110	4616	6251	5144	5354	2802	4999	3601	5682	2985	3321	5120	5801	3451	810	4383	5508	4162	934	5430	4359	3822	880	4311	5453	4600	698	6004
chr2	100385038	100970037	585000	4	0	585000	324802	260198	38793	16302	22811	23769	21340	19662	27385	20689	22265	12043	22556	15022	19277	11495	13590	17802	22790	15092	3534	18086	24274	18531	3966	23986	19078	16929	3437	18608	22935	20204	3085	25662
chr2	100970038	101115037	145000	3	0	145000	79793	65207	10133	4146	5494	5616	5129	4923	6973	5011	5322	3005	5380	3687	4805	3014	3157	3998	5628	3778	1105	4577	6090	4646	1214	5833	4786	4434	1090	4630	5532	4925	975	5962
chr2	101115038	101435037	320000	2	0	320000	178875	141125	22474	8994	12027	13539	11774	10481	14565	10881	11506	6421	12184	8312	11279	6745	7690	10002	12193	8281	2098	10069	13056	9768	2517	12819	10025	9465	2267	10143	12427	10647	1914	13435
chr2	101435038	101555037	120000	3	0	120000	68358	51642	8503	3421	4634	5161	4491	3991	5191	4400	4476	2353	4378	3028	4249	2577	2773	4731	4900	2941	749	3753	4898	3532	795	4499	3689	3322	676	3652	4586	3929	648	5072
chr2	101555038	101763037	208000	4	0	208000	117582	90418	15642	5939	7957	8906	7807	6864	9236	6811	7628	4038	8077	5213	7367	4410	5052	6634	7943	5436	1118	6754	8364	5941	1545	8240	6254	6015	1425	6426	8157	6699	1198	8902
chr2	101763038	101817037	54000	5	0	54000	31943	22057	4220	1617	2338	2518	2044	1790	2175	1891	2126	1035	1831	1359	2303	1301	1377	2017	2277	1285	293	1888	1940	1388	246	1924	1564	1198	180	1522	2119	1626	219	2387
chr2	101817038	102026037	209000	4	0	209000	120983	88017	15098	6270	8638	9154	7784	6710	9181	7551	8357	4458	7204	5317	7920	4633	5381	7326	9003	5103	1075	6890	8101	5844	996	7727	6167	4935	779	6061	7955	6786	868	9726
chr2	102026038	102045921	19884	3	0	19884	11327	8557	1438	586	839	867	795	652	858	742	831	429	713	496	666	378	440	595	873	474	93	605	806	612	104	763	616	465	83	594	753	734	94	888
chr2	102045923	102063370	17448	3	0	17448	9617	7831	1017	511	711	680	637	616	838	653	711	411	643	451	554	294	405	484	700	442	117	573	748	573	98	699	551	472	84	557	745	632	71	768
chr2	102063372	102192039	128668	3	0	128668	75248	53420	9603	3799	5271	6226	4830	3982	5211	4848	5298	2519	4392	3237	5168	2822	3276	4765	5277	3057	719	4069	4829	3550	737	4629	3737	3076	614	3679	5028	4063	582	5773
chr2	102192040	102472828	280789	4	0	280789	168034	112755	21137	8284	11775	14317	10800	8328	10986	10946	11772	5397	9511	7660	11804	6193	7174	11949	11450	6388	1252	9112	10161	6834	1169	9662	8031	5797	995	7563	11417	8807	1006	13110
chr2	102472830	102678040	205211	4	0	205211	123688	81523	15800	6266	8511	10668	8065	5892	7908	8039	8470	3970	6614	5648	8910	4680	5413	8833	8387	4663	943	6815	7177	4682	886	7006	5866	4189	806	5401	8475	6217	785	9224
chr2	102678041	102781040	103000	5	0	103000	62347	40653	8036	3050	4351	5410	3864	3015	3951	3963	4287	1945	3205	2805	4660	2477	2725	4602	4349	2231	502	3405	3528	2349	464	3436	2856	2135	434	2721	4060	3062	450	4670
chr2	102781041	102887040	106000	6	0	106000	63759	42241	8223	3164	4402	5506	4206	3219	4114	4205	4423	1996	3373	2910	4443	2359	2707	4509	4466	2280	499	3493	3779	2462	431	3543	3194	2214	334	2842	4305	3259	420	4718
chr2	102887041	102895694	8654	7	0	8654	5339	3315	708	277	356	510	320	258	329	316	380	160	249	234	443	191	228	380	373	193	44	276	274	182	38	296	213	157	22	222	362	258	36	367
chr2	102895696	102987041	91346	7	0	91346	55584	35762	7059	2645	3848	5016	3610	2733	3460	3641	3822	1699	2792	2536	4077	2177	2391	4077	3911	1939	420	2984	3147	2022	299	3036	2690	1766	244	2454	3696	2776	359	4018
chr2	102987042	103180041	193000	8	0	193000	121168	71832	16915	6008	8202	11273	7955	5097	6732	7695	8429	3397	5471	5482	9099	4510	5339	9562	8047	3859	714	6392	6232	3698	574	5711	5219	3307	500	4800	7982	5351	604	8842
chr2	103180042	103543041	363000	9	0	363000	230536	132464	32491	11299	15092	22024	14723	9560	12152	14549	15519	6205	10204	10086	18174	8947	9984	19525	15541	7342	1411	11717	11146	6572	1122	10481	9557	5891	924	8746	14741	9516	1269	16488
chr2	103543042	103787041	244000	10	0	244000	157397	86603	22579	7846	10109	15512	10076	6234	7775	10008	10586	4003	6350	6679	12805	6167	6923	13745	10777	4753	816	7903	7451	4088	583	6634	6149	3765	519	5545	9716	6150	678	11074
chr2	103787042	103956041	169000	9	0	169000	108543	60457	15411	5168	6993	10851	6740	4354	5368	6907	7239	2791	4668	4754	9033	4316	4771	9178	7243	3282	626	5478	5090	2937	439	4840	4275	2594	377	3824	6762	4493	538	7658
chr2	103956042	104474041	518000	8	0	518000	326369	191631	46048	16094	21421	31008	20942	14135	17698	20535	21950	8963	14832	14295	25631	12644	13980	26192	22503	10176	2331	16826	16071	9783	1754	15313	13807	8880	1546	12601	20929	14082	1837	23191
chr2	104474042	104614041	140000	9	0	140000	83795	56205	11022	4121	5831	7227	5375	4100	5546	5294	5903	2671	4637	3822	5901	3156	3524	5665	5549	3262	752	4485	5020	3419	617	4836	4093	2844	489	3804	5653	4367	602	6411
chr2	104614042	104857041	243000	8	0	243000	140731	102269	18107	6966	10063	11582	9296	7595	9856	8954	9962	4594	8496	6378	9353	5045	5862	8622	9545	5710	1404	7541	9222	6817	1638	8719	7477	6021	1574	7169	9457	7848	1278	10847
chr2	104857042	104946041	89000	7	0	89000	49937	39063	6108	2514	3610	3853	3164	2977	3959	2980	3582	1763	3254	2213	3231	1781	2066	2882	3554	2194	573	2714	3421	2886	736	3493	2790	2408	730	2750	3315	3049	516	3932
chr2	104946042	105044041	98000	6	0	98000	59222	38778	7970	3021	3998	5071	3968	2846	3783	3718	3978	1803	3129	2720	4144	2262	2585	4225	4146	2322	404	3060	3548	2210	405	3295	2811	1974	332	2639	3810	2952	369	4500
chr2	105044042	105152483	108442	5	0	108442	64513	43929	8311	3236	4447	5476	4091	3179	4323	4033	4252	2019	3353	2811	4816	2665	2892	4607	4426	2439	610	3624	3822	2823	584	3773	3233	2542	596	3021	4145	3198	496	4597
chr2	105152485	105165042	12558	5	0	12558	7673	4885	1044	353	538	657	502	345	484	499	532	252	376	362	514	309	363	542	561	248	37	414	441	270	36	395	339	224	38	359	489	399	41	593
chr2	105165043	105222042	57000	4	0	57000	31257	25743	3591	1579	2151	2275	2081	1904	2649	2092	2196	1146	2291	1497	1728	1095	1307	1674	2184	1453	334	1753	2475	2056	430	2312	1863	1652	323	1778	2204	2112	257	2556
chr2	105222043	105556042	334000	5	0	334000	188489	145511	23292	9569	13288	13982	12017	11150	15205	11702	12746	6805	12238	8406	12076	7186	7853	10973	13476	8413	2151	10670	13206	9913	2264	13150	10609	9142	2087	10234	12782	11065	1818	14530
chr2	105556043	105755042	199000	6	0	199000	112062	86938	13445	5525	8086	8490	7474	6697	8882	7434	7942	4134	7440	5103	6685	3866	4430	6429	8101	4915	1157	6049	7999	6108	1258	7805	6526	5231	1047	6121	7860	6916	980	8863
chr2	105755043	105820068	65026	7	0	65026	35912	29114	4357	1882	2544	2512	2204	2424	3163	2179	2481	1376	2371	1582	2253	1280	1477	1825	2672	1717	491	2082	2679	2083	466	2658	2124	1870	373	2089	2496	2216	372	2726
chr2	105820070	105925043	104974	7	0	104974	58948	46026	7194	3024	4170	4326	3776	3510	4913	3750	4067	2189	3754	2649	3677	2247	2471	3231	4228	2633	705	3404	4259	3273	674	4041	3443	2818	594	3293	4019	3525	545	4570
chr2	105925044	106026043	101000	6	0	101000	56806	44194	6531	2796	4225	4124	3773	3439	4586	3632	3925	2107	3799	2561	3447	2021	2454	3385	4174	2621	445	3123	4213	3183	424	4216	3148	2724	386	3144	3895	3507	409	4581
chr2	106026044	106418043	392000	7	0	392000	223071	168929	28398	11240	15245	17268	14589	12847	17463	13652	14962	7840	14035	10088	14202	8379	9391	13472	15628	9846	2449	12383	15297	11550	2702	15064	12338	10570	2375	11800	15287	12647	2104	16887
chr2	106418044	106660043	242000	8	0	242000	138555	103445	17399	6897	9557	10867	8871	7794	10579	8600	9111	4703	8689	6361	9339	5311	5901	8575	9677	5836	1405	7787	9278	6723	1718	9090	7446	6610	1585	7425	9443	7640	1358	10423
chr2	106660044	106798043	138000	9	0	138000	82962	55038	10510	4162	5745	7144	5620	4146	5397	5385	5693	2694	4467	3731	5738	3191	3627	5710	5976	3130	559	4528	5037	3309	412	4755	3918	2820	338	3670	5617	4254	431	6284
chr2	106798044	107665043	867000	10	0	867000	531370	335630	70411	26434	36159	47302	34467	24857	32752	33852	36169	15878	26523	23550	39260	20660	23272	39822	37031	18627	3588	28583	29508	18618	3043	27618	24668	16644	2724	22858	34722	24898	2853	39647
chr2	107665044	107980043	315000	9	0	315000	193461	121539	26789	9683	12596	17216	12248	8961	11669	12058	12611	5510	9787	8682	14636	7742	8443	14828	13334	6763	1534	10265	10591	6243	1563	9813	8576	6559	1445	8262	12435	8645	1356	14155
chr2	107980044	108094043	114000	8	0	114000	70165	43835	9103	3514	4557	6383	4568	3292	4169	4739	4676	2105	3417	3159	5209	2788	3132	5353	4986	2437	505	3771	3865	2399	373	3560	3240	2138	346	2858	4677	3223	370	5086
chr2	108094044	108182043	88000	7	0	88000	54896	33104	7254	2664	3761	5062	3522	2339	3210	3558	3732	1578	2574	2450	4233	2108	2480	4369	3659	1811	285	2934	2997	1678	227	2613	2445	1583	180	2358	3529	2443	242	4120
chr2	108182044	108272043	90000	6	0	90000	54869	35131	7083	2751	3721	4841	3617	2480	3481	3548	3765	1754	2768	2555	3931	2055	2422	4096	3774	1971	338	2956	3230	2073	251	3019	2484	1744	180	2268	3639	2785	269	4149
chr2	108272044	108530043	258000	5	0	258000	152825	105175	20138	7825	10497	12517	9732	7691	10607	9361	10414	4885	8714	6953	10694	5878	6955	9963	10195	6250	1215	8619	9801	6341	1174	9194	7298	5990	1025	7107	10097	7929	1086	11853
chr2	108530044	108988043	458000	4	0	458000	266084	191916	36226	13692	17687	20907	17065	14412	19904	15668	17028	8742	15718	11808	18192	10564	11381	17089	18492	10963	2780	15175	17379	11969	3060	16733	13543	12205	2799	13521	17634	14004	2397	19261
chr2	108988044	109198043	210000	5	0	210000	112752	97248	13108	5669	7816	7737	7328	7531	10597	6954	7386	4526	8337	5153	6508	3750	4570	5782	8083	5581	1461	6351	9199	7435	1822	8891	7367	6857	1606	7191	7761	7475	1279	8887
chr2	109201044	109343043	142000	5	0	142000	74390	67610	7739	3697	5326	4717	4691	5565	7571	5024	5118	3233	5697	3397	3931	2483	2864	3336	5926	3859	996	4197	6501	5541	1155	6317	5206	4682	855	4929	5218	5432	780	6015
chr2	109343044	109437043	94000	4	0	94000	46352	47648	4246	2159	3423	2527	2828	3857	5654	3046	3174	2205	4072	2016	2107	1442	1728	1867	3680	2619	730	2634	4492	4193	952	4684	3877	3868	763	3688	3336	3642	617	3872
chr2	109437044	109465043	28000	5	0	28000	14882	13118	1502	712	995	1031	883	1078	1529	1044	1030	619	1048	676	825	516	602	791	1128	759	185	853	1308	1018	212	1186	1025	958	158	953	1072	989	131	1182
chr2	109465044	109486043	21000	6	0	21000	10532	10468	1001	529	750	570	669	890	1244	680	664	498	898	463	517	328	404	425	918	591	164	572	943	883	202	990	847	796	175	864	775	748	129	871
chr2	109486044	109492881	6838	7	0	6838	3199	3639	232	181	217	149	198	267	440	205	236	173	288	169	113	97	137	97	255	201	75	187	362	372	89	350	263	303	55	260	230	297	53	285
chr2	109493761	109497922	4162	7	0	4162	2139	2023	196	94	152	132	135	163	239	145	140	99	187	97	103	70	81	104	162	102	31	131	188	157	35	184	179	142	30	159	153	163	22	185
chr2	109497923	109516922	19000	6	0	19000	8534	10466	609	368	618	362	518	917	1200	635	537	453	887	349	293	252	285	250	740	602	175	473	1076	1113	237	1058	842	991	185	748	613	778	123	711
chr2	109516923	109538922	22000	5	0	22000	10883	11117	1098	489	760	618	687	939	1295	681	691	546	972	506	488	327	422	363	867	648	190	596	1056	954	233	1080	851	890	167	869	828	831	152	904
chr2	109538923	109563922	25000	4	0	25000	14897	10103	2041	774	1026	1197	935	731	1031	907	990	460	814	605	1071	635	677	1001	1009	614	135	842	894	589	117	901	717	580	101	734	984	718	97	1071
chr2	109563923	109600922	37000	3	0	37000	22331	14669	3327	1147	1365	1903	1440	1138	1504	1204	1281	665	1190	944	1695	953	1015	1559	1526	896	184	1297	1310	724	195	1286	1035	936	202	997	1415	958	213	1494
chr2	109600923	109692922	92000	2	0	92000	50065	41935	6314	2499	3302	3650	3286	3052	4513	2935	3218	1840	3683	2227	2947	1881	2144	2574	3296	2491	576	2909	3906	2948	914	3875	3066	3124	785	3075	3517	3080	588	3783
chr2	109692923	109723922	31000	3	0	31000	16768	14232	2082	791	1088	1225	1146	1163	1588	980	1009	575	1311	768	949	576	666	849	1139	888	165	913	1394	1002	202	1384	1121	1080	190	1091	1223	1012	163	1265
chr2	109723923	109744922	21000	4	0	21000	12247	8753	1738	650	799	972	881	681	847	709	777	383	747	582	763	491	532	694	853	534	108	710	860	531	126	723	609	525	111	573	796	649	125	919
chr2	109744923	109762922	18000	5	0	18000	10326	7674	1357	559	640	864	653	538	728	680	681	320	619	464	730	387	443	662	700	443	82	579	641	598	197	657	538	472	182	500	719	580	91	694
chr2	109762923	109778922	16000	6	0	16000	9565	6435	1191	464	678	813	552	464	631	599	681	302	498	426	723	419	438	684	628	391	90	540	586	409	66	610	393	364	56	395	639	507	60	701
chr2	109778923	109791922	13000	7	0	13000	7173	5827	817	353	518	516	482	457	611	432	490	291	486	316	415	248	306	433	519	330	92	408	543	436	93	537	416	376	69	425	505	467	60	551
chr2	109791923	109806922	15000	8	0	15000	8796	6204	1331	458	599	707	567	405	606	504	550	274	498	386	647	394	346	523	591	339	97	504	524	354	171	470	454	390	168	432	513	437	116	643
chr2	109806923	109822922	16000	9	0	16000	9351	6649	1385	437	594	753	561	508	657	546	524	281	582	450	698	388	415	571	581	402	94	537	611	354	123	577	459	467	127	479	620	442	120	655
chr2	109822923	109927922	105000	10	0	105000	62937	42063	8793	3339	4139	5182	4029	3131	4287	3716	4083	1931	3386	2827	4548	2585	2845	4114	4325	2442	611	3608	3767	2240	543	3486	2894	2463	509	2948	4177	2891	543	4616
chr2	109927923	109944922	17000	9	0	17000	10068	6932	1355	503	663	826	717	524	695	589	651	316	609	507	624	395	459	633	682	434	64	558	697	413	43	624	478	355	40	461	668	575	57	783
chr2	109944923	109959922	15000	8	0	15000	8103	6897	954	456	616	582	617	447	698	494	592	326	531	401	445	255	341	347	546	420	90	428	654	525	161	598	521	439	166	498	535	555	97	663
chr2	109959923	109973922	14000	7	0	14000	7970	6030	934	403	572	552	521	479	609	539	482	300	480	344	524	351	370	509	649	333	99	452	556	394	72	546	428	406	54	433	515	435	57	600
chr2	109973923	109988922	15000	6	0	15000	7142	7858	627	314	509	351	415	597	899	468	456	376	673	332	303	234	294	293	496	469	110	447	777	759	192	746	599	615	222	588	506	631	106	594
chr2	109988923	110008922	20000	5	0	20000	11257	8743	1324	590	760	825	796	674	947	669	701	464	745	537	679	374	482	689	812	538	106	646	852	654	89	796	619	544	55	584	802	655	82	908
chr2	110008923	110032922	24000	4	0	24000	12460	11540	1310	651	797	819	836	872	1360	787	789	549	969	518	642	429	491	640	1004	674	150	674	1102	1069	199	1126	846	915	125	830	902	838	98	987
chr2	110032923	110141922	109000	3	0	109000	58137	50863	6481	2773	4233	4020	3774	3852	5558	3733	4015	2396	4268	2592	3237	2013	2317	2875	4204	2887	679	3264	4868	4315	847	4882	3764	3699	619	3562	4080	4011	512	4668
chr2	110141923	110230922	89000	4	0	89000	53560	35440	7227	2729	3683	4588	3510	2589	3492	3337	3664	1689	2870	2362	3825	2074	2318	3601	3649	2074	386	2972	3195	2133	357	3067	2423	1867	332	2400	3661	2678	321	3925
chr2	110230923	110294922	64000	3	0	64000	35348	28652	4035	1809	2603	2507	2426	2084	2995	2285	2434	1379	2324	1658	2058	1319	1534	1896	2554	1652	372	2013	2780	2143	422	2607	2099	1839	359	2017	2357	2318	301	2819
chr2	110294923	110345922	51000	2	0	51000	25270	25730	2473	1143	1783	1522	1581	1932	3019	1557	1631	1151	2287	1171	1237	789	970	1022	1849	1427	347	1392	2473	2507	507	2630	1925	2188	334	1911	1843	1995	276	2126
chr2	110345923	110375922	30000	3	0	30000	16938	13062	2099	921	1093	1285	1192	997	1418	1044	1090	651	1022	789	1017	577	700	1042	1275	798	174	899	1243	1006	176	1166	968	846	118	840	1165	941	118	1328
chr2	110375923	110395922	20000	4	0	20000	10027	9973	937	467	700	577	625	757	1114	648	644	499	862	460	475	334	420	507	707	597	133	620	998	907	209	930	726	733	224	723	713	807	122	823
chr2	110395923	110414922	19000	5	0	19000	10843	8157	1273	565	756	771	744	639	811	776	662	413	629	496	686	456	499	667	882	468	125	598	777	547	87	718	601	514	73	566	710	601	75	813
chr2	110414923	110430922	16000	6	0	16000	8914	7086	1159	493	660	674	675	467	722	497	640	328	548	433	512	303	378	424	584	423	87	497	666	502	156	587	528	433	159	514	583	554	102	710
chr2	110430923	110445922	15000	7	0	15000	8580	6420	1083	400	562	673	570	489	671	491	535	287	607	431	531	328	400	521	560	410	65	469	640	422	50	631	446	373	46	447	575	537	55	693
chr2	110445923	110463922	18000	8	0	18000	10569	7431	1391	521	671	854	654	549	783	619	656	328	599	497	737	480	498	730	715	430	111	622	705	417	98	647	517	464	103	522	668	556	96	760
chr2	110463923	110491922	28000	9	0	28000	16587	11413	2247	888	1125	1323	1103	841	1155	1043	1145	541	927	758	1088	636	709	1057	1233	618	158	897	1003	660	143	985	778	649	133	784	1128	864	130	1249
chr2	110491923	110530922	39000	10	0	39000	23288	15712	3291	1243	1501	1907	1487	1164	1595	1316	1473	719	1319	1029	1691	946	1081	1526	1511	964	234	1363	1445	843	207	1282	1051	956	205	1109	1555	1015	228	1742
chr2	110530923	110558922	28000	9	0	28000	17260	10740	2583	909	1148	1510	1073	821	1073	1011	1083	478	801	771	1412	713	751	1122	1160	618	161	982	913	460	161	827	774	630	144	776	1131	653	162	1187
chr2	110558923	110577922	19000	8	0	19000	11170	7830	1717	571	760	875	696	540	744	632	666	342	653	499	843	519	465	646	750	450	119	653	654	447	200	637	535	493	196	536	673	548	143	796
chr2	110577923	110593922	16000	7	0	16000	8893	7107	1005	440	641	651	599	546	756	548	619	355	601	395	513	311	376	536	630	404	106	512	671	513	105	637	512	450	75	521	636	560	70	704
chr2	110593923	110609922	16000	6	0	16000	9588	6412	1230	486	667	802	542	460	644	601	674	294	478	419	739	426	434	690	635	381	98	552	569	414	69	591	423	349	61	405	620	499	70	676
chr2	110609923	110629922	20000	5	0	20000	11554	8446	1514	600	706	991	770	587	780	758	751	363	692	550	776	436	515	763	770	483	87	647	735	638	204	705	576	516	190	538	814	645	95	803
chr2	110629923	110654922	25000	4	0	25000	15511	9489	2202	792	1011	1371	1067	746	874	969	987	423	678	704	1121	674	731	1160	1129	532	113	861	894	498	72	737	673	488	77	622	960	684	74	1074
chr2	110654923	110751922	97000	3	0	97000	55789	41211	7011	2893	4014	4267	3611	3016	4156	3375	3903	2020	3445	2401	3660	2135	2466	3415	4026	2343	507	3187	3705	2894	581	3743	2758	2415	478	2803	3669	3271	482	4348
chr2	110751923	111094922	343000	4	0	343000	196938	146062	24509	9941	13710	15358	13164	11304	14980	12964	13656	6886	12104	8928	12189	7040	8182	12022	14526	8439	1796	10410	13748	10138	1604	13092	10723	8601	1311	10099	13415	11403	1381	15375
chr2	111094923	111510526	415604	3	0	415604	230132	185472	27345	11559	16619	16658	15087	14205	19788	14619	16130	9132	15743	10213	13619	7885	9347	12182	16778	10471	2416	13115	17401	13917	2752	16827	13545	11828	2247	12956	15975	14681	1963	18599
chr2	111510527	111511498	972	4	0	972	537	435	60	36	31	44	37	35	55	27	40	12	23	24	33	24	24	31	45	24	4	34	39	41	4	41	40	34	4	26	30	26	10	32
chr2	111511499	111511542	44	4	0	44	24	20	5	2	1	2	1	1	2	3	3	0	0	1	1	1	0	0	0	1	0	2	3	3	0	0	2	2	1	1	3	0	1	0
chr2	111511544	111511811	268	4	0	268	201	67	48	9	9	25	7	2	8	7	8	1	4	5	27	6	6	27	8	3	1	6	6	5	0	2	7	1	1	9	4	4	0	10
chr2	111511820	111512742	923	4	0	923	482	441	43	22	41	28	28	34	62	27	31	18	34	17	32	21	19	24	36	22	3	34	46	34	4	41	38	38	0	44	31	30	1	38
chr2	111512744	111512774	31	4	0	31	15	16	4	0	1	1	1	2	2	0	1	0	2	1	0	0	0	0	1	0	0	1	2	0	0	1	1	1	2	2	1	1	0	1
chr2	111512776	111513288	513	4	0	513	255	258	19	13	23	13	21	22	30	18	22	14	17	6	6	10	12	8	22	14	3	20	24	25	4	20	26	19	2	19	19	15	3	22
chr2	111513294	111513364	71	4	0	71	48	23	16	2	5	3	1	1	2	3	7	0	2	2	0	0	0	2	2	0	1	0	2	1	0	2	1	1	0	2	2	3	1	5
chr2	111513365	111513574	210	4	0	210	93	117	0	4	4	4	8	8	20	5	3	9	15	4	1	2	4	1	7	3	0	13	13	10	0	9	12	9	0	9	10	10	0	11
chr2	111513576	111513628	53	4	0	53	26	27	0	1	0	1	1	2	4	4	1	3	2	1	0	2	2	2	5	2	0	1	3	2	0	2	2	1	0	1	1	2	0	3
chr2	111513630	111513772	143	4	0	143	73	70	12	5	5	3	6	2	8	3	4	3	7	2	3	2	5	2	5	4	0	3	8	8	0	7	4	7	0	7	3	5	0	8
chr2	111513774	111513833	60	4	0	60	23	37	1	1	1	0	1	3	4	1	1	2	5	1	0	0	2	0	0	3	0	3	2	3	1	5	3	2	1	3	4	2	2	1
chr2	111513835	111513876	42	4	0	42	18	24	0	0	1	1	0	2	1	1	1	0	3	0	1	2	1	2	1	2	1	0	2	2	2	4	0	4	1	1	1	2	0	1
chr2	111513878	111513956	79	4	0	79	45	34	4	3	4	3	1	0	5	2	2	2	4	2	7	2	2	1	1	5	0	2	4	1	0	6	1	1	0	2	2	4	0	4
chr2	111513958	111513992	35	4	0	35	22	13	0	1	3	0	0	2	2	1	0	1	1	1	5	1	0	2	2	0	0	3	0	0	0	1	3	0	0	1	1	1	0	1
chr2	111513994	111514525	532	4	0	532	322	210	26	13	21	24	19	18	19	32	18	13	17	25	22	10	15	29	26	10	4	14	20	7	2	13	15	11	2	12	27	14	0	32
chr2	111514527	111514557	31	4	0	31	14	17	1	0	1	0	0	2	2	0	1	3	1	0	0	0	2	0	2	2	0	1	2	3	0	1	0	0	0	0	0	1	0	4
chr2	111514559	111515250	692	4	0	692	378	314	23	20	30	28	28	24	32	29	27	17	34	15	23	11	16	20	21	17	1	33	30	21	2	25	28	16	3	23	34	24	4	31
chr2	111515252	111515303	52	4	0	52	38	14	5	1	1	6	3	2	2	0	2	1	0	2	4	2	2	4	3	1	0	1	0	0	0	1	2	0	0	0	2	0	0	3
chr2	111515305	111515548	244	4	0	244	126	118	9	9	9	6	5	10	15	12	11	2	10	6	7	3	4	6	9	5	0	10	16	11	0	8	9	8	1	12	9	11	1	8
chr2	111515549	111516803	1255	4	0	1255	687	568	50	38	56	47	46	41	67	42	45	26	47	32	50	19	36	45	50	28	5	41	56	27	8	47	36	50	9	59	54	32	6	58
chr2	111516805	111516822	18	4	0	18	9	9	0	0	1	1	2	0	1	0	0	2	0	1	0	0	0	0	2	0	0	0	0	1	0	1	1	1	0	0	0	0	0	2
chr2	111516824	111517966	1143	4	0	1143	675	468	96	31	41	59	38	32	55	46	42	28	48	31	50	11	29	36	41	20	3	38	40	30	3	42	39	29	1	33	52	36	1	60
chr2	111517967	111517980	14	3	0	14	8	6	1	0	1	0	1	0	1	0	0	2	0	0	0	0	0	0	2	1	0	0	0	0	0	1	0	0	0	0	0	0	0	2
chr2	111517981	111518261	281	4	0	281	169	112	15	9	14	18	16	8	9	9	14	3	5	7	12	12	10	6	15	7	0	10	14	6	0	11	5	9	0	6	8	9	0	12
chr2	111518269	111518580	312	4	0	312	152	160	16	9	14	7	14	17	14	7	14	8	14	7	2	3	3	1	15	9	4	9	23	14	3	14	5	12	1	8	9	19	0	15
chr2	111518582	111518623	42	4	0	42	29	13	11	1	1	2	1	0	1	1	2	0	2	1	0	1	3	0	2	0	0	0	0	0	0	2	1	1	0	2	1	1	0	3
chr2	111518625	111519068	444	4	0	444	259	185	34	13	18	16	19	10	21	20	23	13	15	18	6	11	11	10	18	9	2	17	19	10	2	14	4	9	0	11	29	17	0	23
chr2	111519069	111539922	20854	3	0	20854	11477	9377	1311	543	804	856	728	704	1016	800	821	475	770	570	655	368	489	566	827	507	157	599	844	685	158	828	716	592	121	707	861	731	98	945
chr2	111539923	111702922	163000	2	0	163000	91120	71880	10908	4509	6495	6765	6038	5633	7600	6042	6323	3349	6211	4142	5408	3107	3536	5053	6646	4224	812	4917	6918	5171	925	6518	5357	4500	760	5107	6392	5637	695	7300
chr2	111702923	111785922	83000	3	0	83000	46061	36939	5523	2290	3450	3275	3012	2808	3940	2847	3308	1740	3296	1997	2694	1550	1825	2505	3151	2119	500	2618	3423	2636	482	3450	2779	2363	429	2647	3254	2873	419	3795
chr2	111785923	112209922	424000	2	0	424000	244258	179742	32561	12163	16468	19048	15409	13307	18299	14970	15921	8298	15231	10874	16350	9506	10500	15352	16738	10210	2489	13837	16331	11793	2914	15905	12559	11633	2682	12326	16357	13307	2231	18429
chr2	112209923	112515922	306000	3	0	306000	183196	122804	25933	9175	12017	15577	11658	8979	11955	10639	11469	5617	9868	8312	13642	7507	8057	12790	12077	7352	1680	10169	11031	7029	2102	10169	8264	7379	1899	8386	11858	8571	1663	13174
chr2	112515923	112763922	248000	2	0	248000	137363	110637	17288	6904	9404	9708	9003	8319	11767	8305	8762	5173	9404	6302	8251	5370	5950	7453	9565	6626	1499	8076	10497	7684	1902	10151	7975	7567	1627	7825	9357	8359	1452	10473
chr2	112763923	112913922	150000	3	0	150000	85737	64263	10679	4164	6294	6611	5738	4658	6439	5431	5848	3141	5661	3857	5482	3185	3632	4915	5940	3713	749	4746	5971	4453	742	6069	4442	3847	629	4454	5913	5222	616	6757
chr2	112913923	113042922	129000	4	0	129000	74872	54128	8874	3695	5395	5848	4833	4087	5545	4932	5235	2683	4596	3462	4869	2742	3337	4738	5279	3115	569	4244	5084	3474	456	4952	3842	2985	423	3728	5192	4393	442	5949
chr2	113042923	113378922	336000	3	0	336000	178518	157482	18129	8386	13646	11844	11421	11547	16753	11605	12886	7490	14472	8216	9569	5977	7541	9035	12495	9028	1701	10176	14886	13133	2370	15752	11085	10700	1909	11182	12861	13280	1622	15301
chr2	113378923	113389922	11000	4	0	11000	6578	4422	889	327	428	579	400	313	418	400	453	238	419	272	483	230	286	441	449	260	60	339	404	266	58	390	259	236	51	268	419	356	53	554
chr2	113411397	113411422	26	8	0	26	13	13	2	1	2	1	1	0	1	0	3	1	0	1	0	0	0	0	0	0	1	1	0	1	0	1	1	1	0	0	1	1	2	1
chr2	113412914	113412975	62	8	0	62	34	28	1	3	0	1	3	2	2	6	0	0	1	6	1	3	1	3	4	0	0	3	3	2	2	0	3	2	0	1	3	3	0	1
chr2	113414125	113414172	48	8	0	48	23	25	1	0	3	2	2	2	3	0	1	0	0	1	2	3	2	1	0	4	0	1	4	3	0	3	2	2	0	2	1	1	0	0
chr2	113512683	113512733	51	10	0	51	25	26	0	2	3	0	1	1	5	0	4	2	5	2	0	0	0	0	2	0	0	3	1	1	0	2	0	1	0	1	4	2	0	7
chr2	113512916	113512964	49	10	0	49	33	16	8	3	1	3	3	0	2	0	1	2	2	0	3	3	1	1	3	2	0	2	1	0	0	1	0	0	0	0	1	1	0	3
chr2	113513630	113513654	25	10	0	25	13	12	0	1	1	0	0	0	0	4	2	0	1	0	0	1	1	2	1	0	0	1	1	1	0	1	1	0	0	1	1	1	1	0
chr2	113519537	113519567	31	10	0	31	17	14	1	0	1	1	1	2	1	1	1	0	3	2	0	0	1	0	1	0	0	2	2	0	0	1	0	1	0	1	2	2	0	2
chr2	113543750	113543930	181	9	0	181	97	84	11	5	6	7	9	4	7	6	8	3	13	3	2	3	3	6	8	2	1	4	8	7	2	8	2	5	0	9	8	11	1	7
chr2	113544534	113544581	48	9	0	48	29	19	3	1	0	2	2	1	5	1	3	2	1	2	0	0	1	3	1	1	0	2	2	1	0	0	2	1	0	1	4	0	0	4
chr2	113561236	113561289	54	9	0	54	38	16	4	1	2	5	3	0	2	1	1	1	2	1	4	2	2	6	3	0	0	1	0	0	0	2	1	1	0	2	1	1	0	3
chr2	113561845	113561867	23	9	0	23	12	11	0	0	5	0	0	0	0	0	6	0	0	0	0	0	0	0	0	0	0	0	0	0	0	5	0	0	0	0	0	5	0	0
chr2	113684923	113918922	234000	4	0	234000	139577	94423	19260	6954	9295	11875	8969	6950	9248	7995	8832	4210	8041	6078	10324	5738	6163	9643	9172	5453	1222	8005	8410	5541	1357	8268	6472	5672	1191	6499	9108	6910	1168	9975
chr2	113918923	114008922	90000	5	0	90000	54268	35732	7281	2778	3721	4552	3363	2695	3409	3208	3629	1643	3017	2408	4059	2175	2498	3830	3599	2110	480	3102	3123	2073	458	3082	2393	1844	376	2395	3561	2709	360	4067
chr2	114008923	114086922	78000	6	0	78000	45584	32416	5682	2292	3321	3570	3054	2413	3228	2945	3131	1552	2741	2176	2998	1620	1965	2895	3139	1887	372	2479	3042	2078	314	2864	2397	1772	221	2250	3063	2561	314	3662
chr2	114086923	114203922	117000	7	0	117000	70873	46127	9064	3471	4951	6204	4635	3414	4471	4681	4946	2205	3706	3214	5045	2701	3080	5084	4917	2581	515	3778	4168	2638	417	3793	3380	2328	333	3207	4736	3470	435	5430
chr2	114203923	114335922	132000	8	0	132000	81359	50641	10900	4095	5568	7420	5438	3597	4911	5143	5683	2448	3970	3768	5962	2960	3579	5915	5492	2838	552	4218	4506	2766	410	4145	3652	2401	319	3472	5440	3822	415	6193
chr2	114335923	114542922	207000	9	0	207000	128515	78485	16644	6298	8837	11434	8152	5451	7363	8328	8937	3721	6345	5871	9480	5044	5905	10703	8565	4361	865	6723	6716	4066	657	6562	5620	3729	505	5242	8393	5845	713	9923
chr2	114542923	115162850	619928	10	0	619928	386973	232955	52246	19011	25669	35667	24487	16878	21421	24642	25911	11062	18611	17500	29949	15208	17692	31017	25992	12856	2772	20539	19884	12139	2170	18847	16496	10844	1918	15412	25056	17201	2234	28595
chr2	115162852	117639923	2477072	10	0	2477072	1571072	906000	217234	77784	102924	148883	100843	64494	83029	99962	105405	42455	68838	70098	123344	62854	70769	132155	105963	50169	9662	81793	77689	45368	6947	72047	64480	40515	5846	58724	100196	65999	7605	112996
chr2	117639924	117751923	112000	9	0	112000	66013	45987	7916	3341	4841	5339	4430	3338	4603	4304	4739	2261	3921	2941	4352	2393	2910	4383	4614	2696	461	3562	4195	2763	390	4069	3425	2393	344	3212	4440	3565	425	5432
chr2	117751924	118127923	376000	8	0	376000	221537	154463	27794	11501	15692	17747	14697	11126	15358	14375	15399	7384	12617	10285	14844	8621	9960	14135	15604	8883	1830	12315	13749	9459	1761	13537	11069	8280	1614	10677	15134	11884	1567	17100
chr2	118127924	118792923	665000	9	0	665000	387936	277064	46725	19041	28112	31143	25779	20188	27825	25645	27336	13204	23129	17942	25181	14167	16759	25759	27140	15463	3055	20942	25658	18244	2671	24783	20299	15619	2279	19299	26340	22030	2441	30800
chr2	118792924	118911923	119000	8	0	119000	63691	55309	6994	3227	4665	4456	4139	3883	5514	3846	4566	2621	4762	2770	3643	2062	2567	3974	4454	3142	784	3413	4935	4752	1381	5143	3753	3809	1224	3800	4240	4508	819	5152
chr2	118911924	119022923	111000	7	0	111000	62532	48468	7208	3148	4645	4643	4210	3621	5096	4031	4519	2306	4217	2862	3707	2195	2648	3474	4513	2800	505	3452	4522	3563	498	4543	3571	2855	375	3367	4352	3908	400	5244
chr2	119022924	119124923	102000	6	0	102000	57910	44090	6851	2789	4184	4504	3910	3319	4585	3766	4088	2002	3761	2671	3479	1985	2379	3637	4237	2436	464	2958	4120	3267	442	4132	3292	2662	341	3215	3931	3596	391	4604
chr2	119124924	119242923	118000	5	0	118000	58621	59379	5401	2608	4412	3436	3755	4544	6525	3774	3951	2619	5458	2696	2750	1890	2312	2490	4258	3258	723	3422	5701	5709	1190	5955	4425	4685	951	4376	4214	4903	654	4953
chr2	119242924	119437923	195000	4	0	195000	109118	85882	13615	5427	7607	8120	7111	6362	9049	6637	7164	3966	7361	4892	6879	4046	4578	6303	7696	4898	1106	6101	7927	6235	1376	7915	6243	5701	1139	6161	7293	6619	1053	8418
chr2	119437924	119478923	41000	3	0	41000	21218	19782	2170	990	1512	1292	1266	1455	2235	1307	1466	886	1707	906	1062	813	820	1331	1551	1126	331	1136	1894	1765	341	2035	1386	1513	268	1469	1432	1632	268	1633
chr2	119478924	119523923	45000	4	0	45000	24591	20409	2871	1146	1729	1760	1528	1580	2171	1614	1692	943	1799	1146	1414	844	1018	1334	1759	1151	237	1366	2021	1597	306	1883	1429	1371	249	1459	1684	1688	200	2009
chr2	119523924	119794923	271000	3	0	271000	154187	116813	18943	7657	10877	11928	10018	9013	12004	9623	10249	5479	9688	6758	10196	5726	6429	9597	10940	6906	1388	8641	11009	8347	1592	10568	8320	7293	1424	8211	10389	8970	1236	11579
chr2	119794924	120118923	324000	2	0	324000	201548	122452	29274	10498	12977	18156	12768	8690	11691	11829	12852	5518	9372	8911	16011	8423	8988	15590	13560	7091	1508	10969	10620	6442	1625	9968	8161	6488	1355	8010	12637	8634	1302	14080
chr2	120118924	120497923	379000	1	0	379000	197220	181780	21152	9570	13926	12805	12535	13940	19710	12663	13512	8248	15545	8935	10254	6810	8004	9609	14616	10229	2638	11085	17128	15924	3673	17249	12946	13697	3131	13224	14158	14124	2330	15628
chr2	120497924	120620923	123000	2	0	123000	59414	63586	5083	2696	4492	3308	3828	4837	7263	3921	4116	2913	5686	2684	2551	1695	2161	2179	4480	3424	929	3307	6080	6291	1280	6453	4883	5225	1059	4775	4406	5164	762	5067
chr2	120620924	120722923	102000	3	0	102000	51923	50077	5280	2469	3781	3266	3402	3776	5563	3350	3696	2388	4436	2444	2419	1548	2073	2030	3760	2799	744	2878	4902	4482	917	4852	3564	3798	713	3703	3865	4074	606	4420
chr2	120722924	120807153	84230	4	0	84230	41437	42793	4046	1876	3049	2380	2491	3291	4809	2525	2796	1909	3732	1794	2018	1306	1573	1841	3105	2315	599	2364	4090	4249	1004	4205	3101	3566	844	3119	2820	3418	519	3474
chr2	120807155	120881868	74714	4	0	74714	36253	38461	3289	1711	2608	1968	2212	3052	4448	2362	2460	1800	3303	1609	1615	1090	1342	1383	2845	2179	589	2040	3770	3832	800	3808	2856	3106	613	2849	2603	3092	474	3004
chr2	120881869	121181923	300055	4	0	300055	150815	149240	14489	7040	10639	8881	9439	12210	16834	10000	10037	6779	12902	6722	7084	5026	5701	7031	12023	8427	2180	8425	14580	13749	2830	14460	11161	11750	2288	10925	10719	11694	1762	12266
chr2	121181924	121398923	217000	5	0	217000	114690	102310	13289	5693	7923	7472	7415	8054	11171	7010	7417	4608	8811	5058	6256	4159	4633	5720	8411	6082	1526	6495	9867	8257	1933	9735	7449	7676	1527	7458	7924	7777	1342	8850
chr2	121398924	121560923	162000	4	0	162000	97573	64427	13653	5024	6681	8175	6205	5003	6453	5722	6311	2981	5049	4143	7363	4026	4361	6422	6978	3719	858	5479	5650	3716	734	5390	4629	3515	696	4578	6125	4540	722	7097
chr2	121560924	121841923	281000	3	0	281000	158366	122634	21022	8042	10605	11922	10410	9309	12521	9153	10179	5344	11066	7029	9980	6035	6927	8822	10692	7117	1661	9258	11468	8010	2058	11348	8548	8282	1887	8685	10685	9475	1630	11828
chr2	121841924	121920923	79000	4	0	79000	42661	36339	4628	2058	3128	2955	2757	2791	3956	2832	3154	1718	3155	1997	2230	1407	1745	2148	3099	2047	422	2406	3450	2956	531	3350	2696	2325	393	2640	3092	2959	384	3589
chr2	121920924	122012923	92000	5	0	92000	51902	40098	6237	2545	3616	3914	3283	3048	4287	3359	3534	1823	3506	2425	3258	1863	2159	3044	3642	2328	464	2846	3784	2840	473	3693	2978	2430	417	2914	3573	3192	408	4115
chr2	122012924	122112923	1e+05	6	0	1e+05	56603	43397	6625	2847	4133	4151	3917	3161	4572	3762	3993	2028	3583	2754	3220	1896	2377	3583	3989	2499	528	2915	4158	2902	427	3976	3346	2597	452	3249	3919	3465	449	4525
chr2	122112924	122201923	89000	7	0	89000	50371	38629	5543	2418	3674	3817	3356	2949	4045	3379	3527	1857	3260	2382	3026	1778	2124	3236	3515	2312	415	2759	3833	2719	373	3477	2907	2249	288	2754	3473	3122	318	4113
chr2	122201924	122351923	150000	8	0	150000	88743	61257	10571	4325	6289	7238	5814	4670	6027	5910	6187	2861	5192	4247	5850	3241	3766	6553	6225	3466	720	4686	5522	3759	553	5427	4568	3227	497	4120	6106	4809	530	7042
chr2	122351924	122560923	209000	9	0	209000	128738	80262	16788	6399	8926	11644	8347	5879	7529	8343	9054	3780	6541	5744	9568	4851	5818	9527	8785	4383	894	6846	6910	4328	621	6726	5913	3814	520	5401	8490	6059	729	9841
chr2	122560924	123766848	1205925	10	0	1205925	770531	435394	108113	38030	50635	74240	49490	31408	39696	48431	51668	20574	33241	33852	61747	29833	33853	65719	52350	23603	4333	39559	36752	21055	3204	34076	31073	19154	2657	28242	48851	31274	3662	55548
chr2	123766849	126105922	2339074	10	0	2339074	1460400	878674	196496	71675	98389	134049	94654	64908	82181	93758	98982	41503	69195	65203	110477	57054	63791	118084	101249	48362	9127	76402	75836	45823	7034	71305	63524	40791	5934	58402	94892	65022	7523	107447
chr2	126105923	126213922	108000	9	0	108000	67307	40693	8906	3236	4518	6216	4341	3184	3820	4260	4637	1934	3228	3020	4992	2588	2969	5457	4830	2246	438	3428	3453	2085	320	3312	2904	1847	289	2722	4418	2992	335	5073
chr2	126213923	126380922	167000	10	0	167000	103284	63716	13771	5011	6908	9422	6631	4722	6093	6778	6921	2999	4964	4680	7790	4099	4509	7984	7275	3524	658	5374	5505	3494	494	5354	4698	3013	485	4278	6746	4816	533	7469
chr2	126380923	126634922	254000	9	0	254000	155211	98789	20509	7574	10649	13933	10248	7349	9578	9983	10749	4675	7832	6887	11159	5727	6759	11599	10736	5523	961	8106	8944	5505	797	8352	7301	5087	643	6690	10177	7483	813	11670
chr2	126634923	126640968	6046	8	0	6046	3428	2618	376	158	256	242	225	233	259	226	255	115	224	147	177	141	126	266	274	134	40	199	241	186	34	223	203	151	18	174	225	213	34	269
chr2	126640970	126726923	85954	8	0	85954	45663	40291	4457	2125	3420	3037	2951	3201	4488	2976	3244	1867	3705	2120	2387	1527	1810	2347	3331	2247	462	2680	3769	3225	542	3880	3156	2679	446	2937	3360	3265	386	3925
chr2	126726924	126828923	102000	7	0	102000	55031	46969	6036	2605	3946	3786	3424	3724	5158	3558	3800	2168	4132	2606	3112	1820	2210	2944	4003	2637	563	3114	4504	3818	680	4404	3494	3139	564	3343	3864	3812	445	4585
chr2	126828924	126939923	111000	6	0	111000	59725	51275	6374	2791	4199	4141	3863	4057	5524	4101	4065	2432	4562	2825	3203	1972	2464	3151	4465	2908	596	3283	5024	4210	640	4855	3745	3472	534	3657	4311	4138	482	4954
chr2	126939924	127019923	80000	5	0	80000	44495	35505	5394	2383	3144	3202	3006	2572	3747	2813	3005	1673	2931	2050	2718	1538	1880	2438	3160	2113	414	2479	3411	2818	493	3263	2544	2248	440	2462	3023	2807	331	3498
chr2	127019924	127096923	77000	4	0	77000	34770	42230	2907	1460	2459	1663	2034	3516	4887	2059	2261	1817	3703	1455	1287	907	1205	1149	2793	2357	621	1929	4115	4794	1117	4344	2988	3942	863	3131	2600	3277	507	2851
chr2	127096924	127245923	149000	3	0	149000	79138	69862	9477	3867	5461	5501	5117	5035	7461	4820	5270	3193	6046	3566	4442	2693	3214	3975	5415	3942	1038	4393	6593	5925	1511	6482	4954	5225	1283	5024	5471	5419	902	6283
chr2	127245924	127541974	296051	2	0	296051	168991	127060	22355	8433	11376	13335	11116	9441	12995	9893	10770	5901	10532	7527	11258	6740	7279	10039	11808	7333	1737	9637	11600	8847	2196	11326	8740	8336	2006	8764	11297	9453	1523	12456
chr2	127541976	127650546	108571	2	0	108571	51817	56754	4801	2355	3690	2749	3216	4272	6429	3381	3476	2522	4901	2407	2102	1562	1953	2001	3745	3368	807	2791	5813	5975	1292	5677	4038	4954	914	4072	3702	4461	710	4433
chr2	127650548	127817925	167378	2	0	167378	92434	74944	12043	4477	6155	6959	5801	5637	7917	5216	5763	3339	6338	3956	6027	3758	3732	5315	6338	4256	1141	5475	6726	5591	1769	6720	5220	5566	1492	5252	6287	5393	1022	6695
chr2	127817926	127939925	122000	1	0	122000	66132	55868	8802	3284	4268	4623	4477	4351	5886	3714	3942	2398	4992	3018	3756	2549	2828	3243	4424	3439	814	3905	5424	3755	1181	5099	3991	4260	1111	4114	4589	4005	900	4856
chr2	127939926	128179925	240000	2	0	240000	137143	102857	18955	6952	8883	10324	9043	7836	10609	7873	8329	4632	8989	6230	8787	5538	6071	8091	9300	6073	1384	8201	9600	6327	1731	9144	7186	6991	1593	7146	9274	7411	1434	10061
chr2	128179926	128377925	198000	3	0	198000	98924	99076	10775	4575	6597	6082	6172	7870	11111	6182	6210	4315	8328	4246	4873	3321	3678	4588	7222	5920	1501	5438	9983	9001	2371	9395	7220	8569	2116	7241	6910	7260	1288	7640
chr2	128377926	128474925	97000	4	0	97000	48309	48691	4862	2252	3321	2937	3085	3808	5565	3018	3131	2170	4299	2199	2296	1507	1879	1978	3554	2768	639	2776	4783	4767	981	4728	3596	3838	757	3705	3543	3886	515	3855
chr2	128474926	128588925	114000	5	0	114000	60313	53687	6595	2745	4248	4244	3919	4099	5929	3900	4022	2448	4696	2856	3296	1935	2261	3120	4251	3007	686	3283	5239	4550	920	5132	4022	3914	723	3936	4335	4371	533	4783
chr2	128588926	128746925	158000	6	0	158000	84355	73645	9368	3970	5936	5844	5380	5799	8066	5435	5798	3363	6513	3946	4573	2753	3341	4269	6266	4112	993	4514	6984	5891	1261	6972	5540	5187	990	5315	5890	5918	756	7055
chr2	128746926	129009686	262761	7	0	262761	150553	112208	18233	7353	10264	11945	9861	8799	11836	10029	10316	5369	9211	6878	9386	5363	6149	9560	11364	6216	1381	7923	10271	7660	1403	9802	8630	6577	1183	8024	10260	8683	1119	11711
chr2	129009688	129540926	531239	7	0	531239	313970	217269	39554	15490	21360	26299	20791	16761	22104	20529	21424	10343	17549	14279	20933	11522	13578	21453	22502	12303	2364	16947	20039	13465	2164	18597	16533	11887	1790	15082	21111	16611	1908	23965
chr2	129540927	129682926	142000	6	0	142000	82403	59597	10211	4072	5515	6635	5329	4609	6253	5568	5672	2849	4757	3738	5221	3046	3426	5501	6172	3384	682	4339	5528	4076	664	5181	4517	3286	536	4215	5542	4703	556	6215
chr2	129682927	129777926	95000	5	0	95000	51579	43421	5734	2497	3562	3716	3301	3625	4602	3498	3539	1933	3565	2369	2935	1721	2094	2887	3876	2598	593	2709	4237	3414	674	3975	3337	2907	584	3110	3576	3380	421	4029
chr2	129777927	129866926	89000	4	0	89000	49043	39957	5842	2407	3180	3673	3184	3176	4336	3323	3293	1856	3418	2254	2783	1622	1956	2739	3699	2290	507	2565	3763	3046	607	3646	3117	2660	454	2781	3440	3067	416	3898
chr2	129866927	130154926	288000	3	0	288000	160381	127619	19519	7712	11033	12297	10342	9730	13572	10051	10507	5872	10516	7116	10193	5965	6606	9350	11420	7350	1692	8817	11936	9251	2214	11504	9449	8773	1943	9257	10890	9530	1443	12148
chr2	130154927	130264926	110000	2	0	110000	56847	53153	6355	2840	3898	3660	3742	4016	5869	3432	3616	2439	4450	2585	3041	1978	2330	2595	4111	3026	832	3303	4952	4304	1297	4907	3952	4233	1198	3947	4044	3897	759	4390
chr2	130264927	130419926	155000	3	0	155000	84548	70452	9755	4136	5704	6214	5347	5276	7321	5334	5592	3276	5813	3930	5115	3109	3644	4980	5958	4099	991	4750	6574	5685	1435	6353	4879	4857	1315	4945	5867	5406	903	6435
chr2	130419927	130522926	103000	4	0	103000	58699	44301	7116	2835	4059	4675	3791	3322	4697	3826	3762	2096	3487	2594	4017	2285	2447	3689	4146	2527	616	3249	4106	2803	690	3954	3378	2966	659	3267	4006	3256	457	4220
chr2	130522927	131054926	532000	3	0	532000	283075	248925	32669	13503	19140	19511	17791	19400	27321	17818	18329	11396	20934	12652	16034	9995	11382	15199	20845	14021	3529	15899	23265	19441	5252	22941	18549	18829	4897	18145	19672	18607	3240	21792
chr2	131054927	131293926	239000	2	0	239000	134237	104763	17586	6676	8954	10026	8691	8153	11029	8076	8441	4882	8660	5943	8524	5327	5704	7565	9536	6066	1628	7808	9764	6834	1956	9078	7607	7153	1857	7549	9041	7579	1393	9912
chr2	131293927	131322926	29000	3	0	29000	17626	11374	2318	862	1205	1591	1151	848	1068	1109	1183	528	840	776	1324	750	838	1234	1209	672	141	966	1007	644	162	881	803	615	150	796	1156	763	99	1309
chr2	131322927	131449926	127000	2	0	127000	73002	53998	8881	3729	4881	6127	4634	3798	5390	4620	5056	2460	4264	3427	5047	2746	3237	4704	5030	2988	778	3938	4724	3867	1049	4664	3800	3251	931	3770	4888	4198	722	5399
chr2	131449927	131547926	98000	1	0	98000	48219	49781	5108	2326	3325	2741	3109	3880	5572	2823	2984	2186	4165	2139	2299	1671	1962	1928	3519	2882	810	2852	4802	4502	1323	4680	3711	4324	1216	3685	3352	3599	717	3806
chr2	131547927	131692926	145000	2	0	145000	85163	59837	11372	4367	5663	6903	5655	4507	6096	5570	5494	2877	4493	3820	5784	3344	3667	5551	6223	3491	825	4556	5557	3602	879	4880	4574	3362	882	4320	5474	4464	584	6162
chr2	131692927	131844926	152000	3	0	152000	86827	65173	10542	4182	5629	7031	5422	4851	6687	5545	5538	3162	4675	3890	5882	3437	3784	6568	6254	4040	772	4567	6073	5208	1052	6054	4409	4395	1009	4075	5769	4744	673	6079
chr2	131844927	131921926	77000	4	0	77000	49524	27476	7058	2361	3041	4938	3102	1975	2508	3095	3196	1261	2115	2280	4042	1953	2134	4463	3334	1477	303	2436	2330	1335	233	2168	1861	1225	180	1742	3157	2029	214	3452
chr2	131921927	131985926	64000	5	0	64000	40950	23050	6041	2032	2606	4029	2733	1616	2063	2545	2728	1081	1780	1785	3206	1619	1762	3323	2677	1304	240	2127	2075	1103	188	1733	1591	1003	171	1463	2614	1688	183	2889
chr2	131985927	132004926	19000	6	0	19000	12215	6785	1829	636	751	1225	770	480	610	799	809	309	527	518	1033	478	499	940	777	413	72	642	603	314	67	507	490	308	32	396	789	456	77	842
chr2	132079927	132187926	108000	6	0	108000	68150	39850	10013	3291	4299	6597	4247	2919	3766	4097	4309	1778	3117	2802	5631	2820	2886	5577	4629	2240	398	3541	3452	2068	403	3260	2781	2135	361	2575	4167	2739	408	4692
chr2	132364927	132421926	57000	7	0	57000	32689	24311	3954	1641	2355	2546	2133	1943	2518	2044	2367	1106	1994	1464	2042	1289	1375	1918	2345	1471	244	1919	2281	1729	264	2167	1757	1299	216	1686	2253	1942	266	2470
chr2	132421927	132508926	87000	6	0	87000	51042	35958	5796	2487	3642	4003	3411	2650	3671	3468	3547	1757	2904	2272	3174	1979	2290	3991	3564	2155	344	2809	3383	2210	258	3261	2687	2027	215	2563	3566	2719	321	3874
chr2	132508927	133127976	619050	7	0	619050	367320	251730	45825	18303	25922	30600	23681	18392	25307	23998	25605	11730	20439	16888	25539	14288	16423	24378	25416	14272	2636	20389	22859	15486	2485	21942	18179	13672	2083	17648	24925	19342	2284	28112
chr2	133127978	133150927	22950	7	0	22950	14266	8684	1836	769	959	1258	896	684	803	920	955	405	695	634	1135	584	666	1066	1064	492	109	777	725	428	65	714	595	368	66	591	918	644	86	1041
chr2	133150928	133296927	146000	6	0	146000	90437	55563	12493	4692	6150	8078	5816	3904	5223	5725	6184	2556	4277	4007	6920	3586	4062	6764	6102	3099	631	4906	4906	3116	501	4596	3902	2672	462	3646	5758	4232	468	6564
chr2	133296928	133401229	104302	5	0	104302	62789	41513	7862	3126	4329	5464	4160	2988	4092	4136	4347	2018	3257	2946	4412	2393	2842	4416	4319	2396	415	3395	3763	2485	381	3558	2993	2127	279	2833	4300	3179	355	4734
chr2	133401231	133504928	103698	5	0	103698	62395	41303	7838	3196	4418	5310	4103	2896	4051	4177	4451	1950	3295	2960	4370	2349	2870	4161	4249	2234	442	3466	3653	2415	344	3605	3020	2117	290	2811	4305	3251	348	4751
chr2	133504929	133650928	146000	4	0	146000	87459	58541	11183	4382	6200	7397	5780	4164	5662	5746	6342	2742	4866	3961	5857	3305	3856	6016	6061	3250	644	4638	5240	3509	541	5179	4183	3024	450	3909	5868	4685	501	6857
chr2	133650929	134209928	559000	5	0	559000	323657	235343	38811	16080	23035	25936	21259	17426	23746	21089	22616	10997	19660	14849	21175	11997	14304	20676	22611	13621	2551	17717	21817	15725	2620	21199	17053	13488	2306	16513	22039	18527	2239	25316
chr2	134209929	134570792	360864	6	0	360864	205750	155114	24243	10667	14943	15188	13368	11858	16334	13421	14266	7339	12564	9391	13163	7934	9065	12004	15118	9208	1888	11584	14479	10389	1737	14058	11171	9188	1461	11272	14213	11878	1478	15992
chr2	134570794	134641929	71136	6	0	71136	40932	30204	5199	2050	2900	3135	2623	2245	3170	2564	2894	1563	2472	1796	2568	1484	1781	2487	2980	1815	330	2217	2747	2096	399	2671	2177	1697	271	2077	2698	2306	364	3358
chr2	134641930	134778929	137000	5	0	137000	78258	58742	9747	3936	5461	6050	5166	4251	6039	5158	5476	2709	4854	3647	4805	2938	3289	4731	5489	3404	698	4243	5561	4058	775	5250	4198	3540	715	4125	5366	4642	652	6025
chr2	134778930	134900929	122000	4	0	122000	72247	49753	9336	3515	5014	5941	4745	3662	4973	4524	4833	2346	4178	3301	4892	2775	3254	4956	4792	2972	446	4088	4728	3064	428	4492	3505	2778	405	3396	4879	3898	439	5443
chr2	134900930	135132929	232000	3	0	232000	140133	91867	19915	7114	9192	12218	9069	6539	8829	8106	8800	4070	7419	6252	10654	5871	6259	9824	9330	5330	1102	7832	8086	5534	1412	7815	6215	5336	1225	6108	8912	6647	1039	9944
chr2	135132930	135275091	142162	4	0	142162	85506	56656	11920	4216	5556	7313	5502	4060	5699	5099	5414	2560	4666	3752	6169	3444	3941	6194	5638	3297	617	4728	5161	3242	642	4944	4054	3350	577	4013	5507	4100	607	6178
chr2	135275092	135275210	119	4	0	119	42	77	2	3	2	1	3	3	6	5	3	2	7	2	0	2	0	0	3	4	3	1	7	12	7	5	2	11	3	4	5	3	1	5
chr2	135275211	135306929	31719	4	0	31719	19226	12493	2719	983	1295	1690	1295	870	1207	1113	1297	554	962	908	1376	731	888	1337	1239	747	136	1017	1141	737	153	1075	850	692	124	860	1255	930	136	1400
chr2	135306930	135583929	277000	5	0	277000	170888	106112	24768	8671	10782	15245	10967	7630	10024	10257	10722	4810	8384	7610	13009	7199	7694	13114	11390	6233	1338	9350	9537	5583	1359	8668	7236	5781	1193	6918	10716	7550	1312	11948
chr2	135583930	135739929	156000	4	0	156000	96049	59951	14166	4852	6031	8572	5976	4427	5951	5374	5823	2555	4860	4092	7656	4173	4452	7088	6304	3532	664	5507	5274	3098	732	5050	4059	3510	730	4161	6091	4014	648	6576
chr2	135739930	135909929	170000	3	0	170000	97593	72407	13014	4920	6348	7676	6320	5524	7465	5679	5999	3276	6216	4414	6625	3947	4232	5937	6591	4300	1089	5687	6663	4405	1214	6394	5007	4709	1156	5286	6727	5261	1023	6894
chr2	135909930	136044929	135000	4	0	135000	82398	52602	11648	4201	5489	7235	5336	3814	5026	4880	5297	2373	4201	3582	6292	3413	3750	5861	5469	3062	651	4619	4649	2930	624	4446	3664	2863	571	3600	5274	3793	584	5801
chr2	136044930	136296929	252000	5	0	252000	142736	109264	16935	7206	10659	10616	9463	7967	11268	9113	10284	5246	9155	6659	8734	5047	6250	8132	9916	6351	1141	8058	10332	7853	1255	10152	7599	6527	1069	7667	9964	8861	1063	11456
chr2	136296930	136455929	159000	6	0	159000	91682	67318	10861	4461	6363	7210	5988	4920	6937	5900	6295	3206	5776	4130	5752	3124	3848	6910	6154	4011	698	4848	6384	4687	751	6083	4894	4000	612	4788	6313	5208	681	7205
chr2	136455930	136574929	119000	7	0	119000	70718	48282	8497	3487	4942	5872	4653	3696	4822	4692	4857	2315	3941	3328	4791	2703	3207	4913	5174	2782	456	3789	4388	3090	342	4288	3488	2486	272	3286	4813	3750	328	5550
chr2	136574930	136914929	340000	8	0	340000	207380	132620	26321	10222	14647	18118	13568	9646	12680	13694	14570	6275	10847	9589	14850	7991	9426	14935	14353	7274	1240	11266	11716	7339	1008	11208	9620	6435	924	8955	13899	10223	988	16171
chr2	136914930	137276929	362000	7	0	362000	225125	136875	30012	11289	15102	20485	14216	10048	13059	14773	15469	6414	10847	9982	17191	8897	10146	17194	15632	7500	1334	12182	11794	7132	988	11351	9945	6305	890	9108	14724	10328	1148	16513
chr2	137276930	137440929	164000	6	0	164000	102025	61975	13846	5057	6816	9316	6624	4369	5820	6680	7001	2941	4934	4713	7565	3904	4570	7867	6892	3467	631	5281	5464	3314	482	4987	4419	2818	414	4217	6718	4648	567	7656
chr2	137440930	137827929	387000	5	0	387000	242944	144056	32667	11921	16424	22623	15750	10121	13511	15714	16272	6852	11010	10930	18947	9490	11066	19645	16115	7993	1261	13015	12670	7560	995	11594	10582	6744	810	9652	15729	10523	1062	17750
chr2	138020930	138180929	160000	4	0	160000	99032	60968	12814	4792	6936	9057	6369	4407	5857	6375	6948	2874	4966	4485	7468	3802	4480	7400	6562	3413	494	5406	5394	3205	352	5155	4389	2856	326	4143	6663	4632	442	7536
chr2	138180930	138420929	240000	5	0	240000	151316	88684	20618	7381	10215	14238	9486	6395	8395	9488	10354	4115	6783	6643	11994	6025	6757	12428	10008	5073	818	8017	7680	4577	571	7373	6252	4091	525	5803	9824	6460	654	10957
chr2	138420930	138543929	123000	4	0	123000	75959	47041	10725	3904	5178	6606	4910	3201	4602	4518	5057	2252	3644	3489	5721	3144	3498	5509	5011	2741	485	4264	4188	2595	448	3904	3189	2309	417	3047	4844	3491	400	5707
chr2	138543930	138735929	192000	3	0	192000	118683	73317	15865	5871	8033	10741	7632	5361	6954	7441	7883	3407	5970	5341	9130	4729	5236	9087	8046	4116	756	6450	6319	3979	644	6188	5153	3604	515	4946	7871	5431	689	8610
chr2	138735930	138844929	109000	4	0	109000	67228	41772	9029	3358	4641	6153	4403	2988	4056	4198	4653	1871	3249	3084	5096	2576	2916	4955	4511	2321	423	3538	3705	2339	335	3453	3104	1976	342	2868	4325	3196	332	5004
chr2	138844930	138947929	103000	5	0	103000	63262	39738	8356	3091	4319	5682	4109	2793	3832	4178	4300	1879	3181	2960	4683	2439	2824	4636	4224	2279	425	3274	3525	2116	327	3306	2919	1966	270	2785	4242	2913	374	4791
chr2	138947930	139517070	569141	6	0	569141	365708	203433	51463	17786	23973	35717	23504	14586	18606	22668	24338	9634	15578	16352	29634	14392	16329	31147	24385	11195	1906	18912	17304	9360	1314	15770	14463	8637	1029	13255	23212	14556	1585	26549
chr2	139517072	139633930	116859	6	0	116859	74850	42009	10575	3626	4998	7214	4906	2953	3809	4648	4990	2002	3253	3403	5941	2969	3411	6151	5057	2256	383	3854	3537	1991	244	3328	2953	1823	186	2748	4769	3029	309	5541
chr2	139633931	139734930	101000	5	0	101000	63763	37237	9046	3052	4236	6050	3986	2504	3507	3877	4175	1702	2987	2787	5177	2528	2860	5288	4020	2154	361	3251	3214	1924	288	3135	2590	1823	263	2562	4050	2661	298	4642
chr2	139734931	139942930	208000	6	0	208000	133722	74278	18978	6496	8967	13171	8497	5210	6642	8277	8894	3503	5701	5789	11244	5329	5952	11071	8635	4050	770	7083	6182	3560	539	5730	5373	3178	462	4828	8436	5223	607	9621
chr2	139942931	140404930	462000	7	0	462000	299314	162686	41707	14279	19102	29955	18410	11701	14602	18939	19634	7470	12415	13090	25292	12411	13483	26824	19996	8618	1594	15653	13086	7462	1185	12518	11638	6721	1026	10579	18931	11450	1375	20852
chr2	140404931	140824930	420000	8	0	420000	275240	144760	40116	12963	17052	28303	16353	10198	12953	16807	17566	6728	10946	11964	24399	11254	12310	25326	17738	7560	1504	14341	11527	6389	1188	11060	9924	6167	984	9173	17122	10048	1348	18687
chr2	140824931	141132930	308000	7	0	308000	200685	107315	29269	9768	12912	20180	12505	7612	9501	12131	13147	5096	8101	8694	17208	8042	9029	17489	13242	5807	1077	10391	8616	4828	752	8407	7395	4411	650	6700	12497	7557	939	14045
chr2	141132931	141312930	180000	6	0	180000	116359	63641	16436	5646	7416	11524	7253	4442	5663	7109	7631	2917	4898	5087	9701	4842	5367	10426	7500	3496	660	6191	5293	3005	484	4930	4414	2682	420	4032	7260	4530	552	8191
chr2	141312931	141730930	418000	5	0	418000	269599	148401	38120	13144	17551	26618	16839	10188	13515	16549	17948	6957	11244	11893	22526	10951	12279	23276	17672	8011	1573	13984	12053	6894	1152	11784	10255	6370	909	9700	17111	10607	1204	19121
chr2	141730931	142148930	418000	6	0	418000	273387	144613	39031	12847	17401	28078	16576	10168	12594	17250	18036	6710	10803	11936	23714	11105	12407	24730	17673	7676	1533	13948	11537	6278	1074	11201	10163	5879	882	9283	17215	10257	1239	18774
chr2	142148931	142221930	73000	5	0	73000	47778	25222	7028	2273	3064	4809	3012	1779	2174	2974	3054	1214	1888	2095	4080	1920	2006	4408	3216	1341	289	2339	1969	1152	208	1953	1816	997	148	1541	2938	1792	223	3298
chr2	142221931	142341930	120000	6	0	120000	77153	42847	10960	3796	5077	7664	4935	3012	3944	4700	5277	1995	3356	3453	6325	2935	3414	6309	5033	2369	354	3982	3576	2088	225	3476	2982	1779	208	2693	5000	3128	313	5640
chr2	142341931	142508930	167000	5	0	167000	106679	60321	14997	5250	6991	10308	6820	4329	5462	6576	7032	2815	4635	4740	8696	4234	4713	9079	7130	3331	615	5552	5152	3008	422	4803	4161	2695	401	3829	6744	4351	510	7617
chr2	142508931	142600930	92000	4	0	92000	58382	33618	8138	2852	3916	5612	3746	2363	3100	3650	3926	1595	2545	2541	4708	2293	2613	4783	3905	1792	316	3090	2798	1691	326	2638	2387	1530	216	2321	3768	2440	274	4125
chr2	142600931	142958930	358000	3	0	358000	226815	131185	32305	11116	14842	21893	14651	9012	12017	14101	14943	6136	10213	10087	18257	8965	10133	18143	14992	7182	1328	11727	11252	6675	1135	10522	9244	6139	958	8651	14293	9588	1193	16305
chr2	142958931	143099930	141000	4	0	141000	89613	51387	12254	4322	5995	8771	5716	3626	4618	5583	5962	2422	3952	3888	7411	3551	3996	7544	5737	2883	513	4789	4464	2681	367	4081	3500	2328	339	3481	5842	3701	471	6210
chr2	143099931	143195930	96000	5	0	96000	61137	34863	8401	2970	4228	5894	3941	2417	3113	3782	4200	1651	2729	2739	4951	2344	2813	4963	3969	1810	372	3231	2795	1710	257	2827	2508	1524	197	2343	3980	2545	312	4482
chr2	143195931	143296930	101000	6	0	101000	64640	36360	9122	3197	4352	6321	4000	2532	3256	4089	4493	1696	2744	2789	5377	2568	2931	5171	4206	1992	403	3392	3030	1747	296	2884	2499	1621	215	2353	4142	2597	328	4655
chr2	143296931	143418930	122000	7	0	122000	79158	42842	11467	3836	5144	7854	4937	3227	3719	4954	5200	1975	3171	3447	6697	3231	3493	6805	5351	2342	484	4092	3422	1910	325	3379	3080	1756	247	2661	4985	3028	384	5395
chr2	143418931	143867588	448658	8	0	448658	279981	168677	38025	13824	19159	25990	18062	11973	15763	18183	19400	7847	13046	12477	21511	11078	12461	21180	18686	9190	1832	15015	14666	8780	1344	13516	12419	7861	1188	11410	18210	12475	1596	20489
chr2	143867590	143915205	47616	8	0	47616	29555	18061	3993	1488	1950	2742	1896	1375	1711	1882	2014	916	1333	1317	2270	1167	1308	2191	2091	1055	232	1568	1532	962	178	1459	1286	825	150	1143	1955	1289	204	2132
chr2	143915207	143930932	15726	8	0	15726	9144	6582	1159	434	666	756	576	446	575	546	662	325	603	404	618	327	423	624	608	365	71	488	572	547	150	568	365	387	79	386	597	538	34	825
chr2	143930933	144211932	281000	9	0	281000	177488	103512	24383	8865	12123	16407	10775	7478	9537	11138	11952	4722	7963	7725	14669	7475	8052	14222	11925	5715	1102	9798	8504	5261	900	8484	7143	4698	803	6816	11356	7475	955	12577
chr2	144211933	144512932	301000	8	0	301000	186908	114092	26400	9258	12858	16978	11606	8324	10652	11476	12723	5228	8948	8003	14765	7678	8246	13765	12475	6368	1411	10234	9411	6157	1223	9618	8042	5531	1146	7572	12130	8354	1138	13280
chr2	144512933	144690932	178000	9	0	178000	109440	68560	15252	5536	7619	9860	6993	4833	6306	6796	7602	3199	5398	4744	8420	4168	4926	7786	7227	3822	765	5922	5785	3968	820	5755	4821	3428	705	4598	7096	5110	764	7974
chr2	144690933	145198080	507148	10	0	507148	323041	184107	44990	15867	21683	31051	20571	13143	16678	20616	22093	8613	14332	14326	25937	12688	14454	25997	21249	10029	1796	17238	15484	9053	1258	14608	13276	7801	981	11970	20999	13520	1513	23332
chr2	145198081	146294931	1096851	10	0	1096851	708461	388390	99874	34367	46867	70040	44787	27317	34739	44085	47446	18248	29470	31059	59041	28364	31307	61448	46645	20968	3853	36830	32345	18113	2539	30522	27245	16124	2137	24846	44693	28314	3031	50185
chr2	146294932	146392931	98000	9	0	98000	64031	33969	9217	3171	4179	6399	3973	2410	2957	4057	4298	1570	2429	2782	5477	2530	2935	5646	4251	1865	288	3276	2811	1539	204	2587	2380	1329	190	2169	3955	2408	248	4468
chr2	146392932	146619931	227000	10	0	227000	145839	81161	20500	7100	9427	14450	9219	5744	7291	9080	9683	3694	6048	6492	12074	5762	6740	12534	9660	4351	814	7475	6837	3908	637	6317	5768	3556	511	5409	9069	5883	660	10305
chr2	146619932	146713931	94000	9	0	94000	60779	33221	8765	2951	3996	6054	3902	2272	3033	3713	3975	1586	2449	2675	5123	2435	2714	5134	3966	1848	281	3149	2803	1609	192	2615	2337	1448	164	2123	3814	2314	253	4305
chr2	146713932	147299931	586000	10	0	586000	369616	216384	50567	18311	25039	34836	23914	15021	20211	23040	25139	10109	16764	16413	29133	14633	16718	29766	24421	12203	1940	19510	18882	11220	1429	17748	15156	9877	1242	14331	23728	15979	1575	27143
chr2	147299932	147576931	277000	9	0	277000	170039	106961	21698	8444	12046	15008	11082	7588	10276	11035	11753	5154	8595	7825	12663	6553	7762	12556	11504	5893	964	9379	9537	5876	743	9073	7603	5261	610	7190	11336	8199	755	13037
chr2	147576932	147690146	113215	8	0	113215	68064	45151	8376	3366	4881	5771	4421	3294	4461	4310	4757	2107	3738	3089	4840	2655	3253	4744	4671	2593	395	3763	4019	2615	350	3973	3228	2294	315	3243	4569	3455	313	5354
chr2	147690147	147767930	77784	8	0	77784	47875	29909	6239	2387	3335	4262	3163	2070	2874	3074	3419	1427	2436	2297	3404	1793	2186	3507	3166	1686	266	2559	2666	1645	192	2494	2100	1349	194	2013	3249	2317	248	3765
chr2	147767931	147884930	117000	7	0	117000	73185	43815	10266	3714	5089	6779	4742	3091	3973	4263	4957	1973	3424	3144	5884	3020	3450	5414	4880	2404	483	4031	3672	2269	460	3622	2950	2148	457	2941	4568	3202	386	5342
chr2	147884931	148048930	164000	8	0	164000	106170	57830	16087	5483	7007	9968	6560	3896	5345	6154	6780	2761	4089	4403	9118	4749	4835	8933	7029	3381	635	5844	4769	2715	442	4630	3900	2439	408	3605	6257	4021	557	7198
chr2	148048931	148208930	160000	7	0	160000	102477	57523	15032	5075	6537	9856	6420	3924	5346	6162	6546	2618	4289	4484	8502	4312	4673	8700	6722	3266	605	5336	4919	2680	520	4525	3986	2684	512	3830	6224	4014	545	7154
chr2	148208931	148305930	97000	6	0	97000	61140	35860	8758	3017	3959	5574	3851	2575	3456	3809	3902	1652	2666	2667	4796	2530	2830	5096	4040	1998	373	3363	3148	1839	281	2798	2640	1800	224	2468	3863	2429	314	4282
chr2	148305931	148425930	120000	5	0	120000	75727	44273	10787	3770	4929	6980	4942	3121	4153	4698	5016	1993	3300	3452	5721	3077	3351	6436	5153	2601	390	3817	4005	2386	311	3550	3068	2000	286	2944	4688	3265	387	5421
chr2	148425931	148779930	354000	4	0	354000	215350	138650	29363	10937	14582	18655	13815	9983	13554	13454	14338	6414	10854	9648	16021	8760	9650	15321	14801	7920	1515	11858	12399	8024	1461	11704	9713	7250	1325	9424	13893	10394	1315	15653
chr2	148779931	148838930	59000	3	0	59000	35042	23958	4575	1753	2505	2904	2390	1756	2318	2173	2398	1079	1995	1678	2375	1318	1548	2275	2382	1343	258	1924	2205	1502	241	2077	1697	1323	197	1659	2353	1857	234	2706
chr2	148838931	148879930	41000	4	0	41000	23740	17260	3014	1143	1670	1937	1557	1222	1684	1500	1640	784	1431	1099	1554	909	1071	1524	1606	969	178	1305	1566	1171	306	1463	1219	1053	248	1222	1572	1313	202	1866
chr2	148882931	148887930	5000	4	0	5000	2954	2046	431	140	208	233	190	138	196	161	182	100	157	134	209	129	150	196	195	123	31	158	185	138	25	188	140	114	27	147	165	159	31	218
chr2	148887931	148922930	35000	5	0	35000	20187	14813	2446	926	1505	1667	1278	1083	1501	1305	1419	642	1296	883	1401	734	908	1193	1291	832	154	1108	1379	972	128	1397	1159	886	139	1126	1338	1185	139	1578
chr2	148922931	148933013	10083	6	0	10083	5683	4400	741	273	408	439	340	323	455	355	430	195	378	265	350	203	226	301	400	239	59	296	377	332	78	417	295	277	59	303	401	356	58	452
chr2	148934069	148945985	11917	6	0	11917	7095	4822	813	348	509	546	446	466	459	471	463	218	361	360	494	276	310	554	630	268	59	351	415	309	37	407	350	240	35	319	447	351	41	562
chr2	148945986	148979985	34000	5	0	34000	19525	14475	2350	978	1431	1506	1257	1057	1533	1198	1360	677	1212	932	1298	725	904	1105	1333	846	168	1090	1301	929	165	1330	1080	879	128	1045	1331	1071	163	1616
chr2	148979986	149016985	37000	4	0	37000	20520	16480	2382	1058	1473	1483	1279	1265	1745	1432	1527	747	1344	945	1210	682	854	1092	1447	991	192	1122	1611	1211	222	1501	1188	1047	188	1197	1475	1296	196	1596
chr2	149016986	149508985	492000	3	0	492000	294734	197266	37540	14942	21124	24894	19256	14180	19480	18923	20877	9264	15756	13311	20827	11442	13182	19735	20222	11229	2119	16258	17685	11992	1861	16987	14322	10252	1572	13558	19610	15053	1806	22739
chr2	149508986	149700985	192000	4	0	192000	119797	72203	15999	5946	8088	11024	7696	5187	6773	7760	8262	3363	5482	5389	9099	4851	5578	9298	8043	4132	681	6491	6453	3762	506	5911	5141	3349	468	4770	7779	5389	579	8749
chr2	149700986	150618985	918000	5	0	918000	570100	347900	78278	28303	38666	52214	37348	24841	32852	36060	38659	16238	27303	25520	43176	21663	25281	43696	38403	19106	3563	29973	30440	18636	2992	28397	25391	16966	2696	23617	36867	25757	2981	42115
chr2	150618986	150750985	132000	6	0	132000	81959	50041	10938	3965	5632	7519	5360	3493	4743	5186	5580	2378	4054	3736	6176	3204	3692	6301	5421	2769	436	4415	4362	2617	378	4237	3555	2517	309	3277	5444	3691	421	6192
chr2	150750986	151148985	398000	7	0	398000	244405	153595	32147	12043	16924	21828	15880	10816	14942	15405	16568	7300	12292	10988	18347	9495	11102	18327	16368	8670	1419	13196	13702	8701	1117	13127	10924	7810	945	10467	16049	11466	1163	18470
chr2	151148986	151249985	101000	6	0	101000	61492	39508	8428	3082	4100	5400	4064	2956	3887	3698	3956	1823	3140	2813	4562	2403	2765	4413	4223	2289	428	3324	3598	2171	401	3290	2769	2108	361	2814	4016	2892	360	4464
chr2	151249986	151442985	193000	5	0	193000	114443	78557	16397	5634	7337	9712	7405	5669	7656	6483	7031	3478	6899	5176	8247	4531	5010	7777	7231	4586	993	6502	7165	4573	1334	6797	5356	4931	1197	5307	7461	5779	1048	8296
chr2	151442986	151778985	336000	6	0	336000	205495	130505	27632	10209	14141	18245	13453	9301	12637	13142	13684	6161	10198	9426	15458	8362	8857	14589	13868	7320	1625	11220	11760	7009	1298	10656	9396	6972	1126	8784	13508	9422	1367	15172
chr2	151778986	152050985	272000	5	0	272000	162072	109928	21293	8101	11148	13560	10483	8007	10980	10108	10864	5078	9022	7167	11462	6516	7329	10953	10948	6306	1318	9131	9797	6422	1301	9528	8011	6206	1098	7731	10822	8114	1105	12089
chr2	152050986	152267985	217000	4	0	217000	128880	88120	17787	6358	8431	10941	8386	6520	8677	7685	8095	4036	7357	5761	9249	5036	5766	8795	8599	5050	1068	7233	7969	5201	1313	7509	6252	5349	1175	6152	8448	6392	1072	9336
chr2	152267986	152410985	143000	5	0	143000	85024	57976	11161	4414	5933	7077	5748	4284	5674	5159	5630	2613	4625	3907	6047	3222	3813	5715	5724	3388	618	4803	5394	3477	697	4960	4076	3404	600	4060	5671	4259	623	6222
chr2	152410986	152531985	121000	6	0	121000	72493	48507	9471	3801	5146	6009	4798	3641	4697	4429	4892	2219	3872	3263	5265	2951	3371	4667	4972	2874	608	4158	4319	2829	493	4237	3397	2595	384	3394	4877	3580	493	5296
chr2	152531986	152943985	412000	7	0	412000	252308	159692	34817	12657	17261	22086	16178	11360	15515	15187	16527	7328	12492	11118	19298	10413	11452	18617	16916	9079	1866	13897	13972	9006	1596	13697	11358	8405	1426	11009	15994	11781	1572	18118
chr2	152943986	153015985	72000	8	0	72000	44788	27212	6319	2227	2996	4150	2964	1839	2576	2780	3019	1233	2093	2046	3390	1773	2019	3364	2837	1609	287	2339	2469	1505	197	2295	1904	1330	198	1850	2949	2022	220	3199
chr2	153015986	153130985	115000	7	0	115000	72432	42568	9881	3641	4847	6738	4714	3013	3987	4660	4873	1931	3239	3242	5638	2879	3280	5867	4931	2395	330	3808	3791	2223	232	3511	3051	1983	218	2810	4601	3156	304	5224
chr2	153130986	153359985	229000	6	0	229000	143211	85789	19687	7137	9642	13334	9465	5920	8300	9058	9891	3985	6484	6580	10757	5471	6418	11082	9538	4877	729	7369	7665	4513	607	6975	6229	4012	485	5848	9311	6356	621	10652
chr2	153359986	153479219	119234	7	0	119234	74247	44987	10014	3697	4945	6875	4838	3104	4172	4725	5072	2131	3543	3442	5607	2889	3410	5782	4910	2501	457	3954	3934	2433	414	3663	3156	2058	351	2967	4839	3451	412	5486
chr2	153479221	153521986	42766	7	0	42766	26396	16370	3771	1342	1731	2498	1738	1085	1575	1554	1793	731	1286	1130	2040	996	1180	1946	1688	959	177	1329	1481	923	176	1417	1157	832	151	1138	1625	1283	144	1888
chr2	153521987	153740986	219000	8	0	219000	139027	79973	19376	6937	9201	13137	9261	5637	7324	8686	9464	3743	5892	6241	10550	5562	6321	11694	9440	4498	825	7116	6978	3995	577	6307	5647	3491	478	5280	8843	5873	590	10034
chr2	153740987	154080986	340000	9	0	340000	218362	121638	30374	10760	14114	21473	14091	8621	10781	13798	14276	5566	8978	9631	17981	8874	9793	19250	14651	6722	1161	11287	10358	6072	904	9489	8591	5388	840	7723	13690	8641	953	15167
chr2	154080987	154309902	228916	8	0	228916	148303	80613	20744	7173	9404	14884	9117	5798	7199	9307	9584	3680	6054	6460	12760	5986	6646	13506	9703	4483	815	7636	6674	3803	584	6316	5736	3438	502	5144	9307	5653	611	10207
chr2	154309904	154362987	53084	8	0	53084	34288	18796	4671	1656	2157	3436	2134	1324	1711	2113	2185	881	1405	1528	2929	1445	1621	3091	2238	1009	182	1877	1575	873	118	1495	1281	816	112	1220	2188	1363	146	2302
chr2	154362988	154547987	185000	7	0	185000	119003	65997	16935	5922	7929	11742	7449	4431	6021	7293	8001	3120	4962	5202	10144	4703	5456	9691	7744	3496	649	6287	5358	3206	481	5313	4519	2856	420	4383	7574	4800	526	8385
chr2	154547988	155097987	550000	6	0	550000	357782	192218	51240	17260	22723	36343	22244	13693	16958	21982	23521	8795	14121	15407	30561	14291	15985	32657	23556	10278	2012	18193	15800	8989	1463	14906	13503	8204	1279	12190	22018	13688	1640	24498
chr2	155097988	155161987	64000	5	0	64000	41845	22155	6106	2021	2680	4184	2605	1607	1984	2469	2756	1046	1634	1805	3524	1616	1893	3913	2770	1237	197	2086	1866	1023	133	1691	1475	945	101	1389	2554	1508	155	3025
chr2	155161988	155416987	255000	6	0	255000	166949	88051	24213	8107	10591	16952	10487	6228	7806	10253	10941	4108	6386	7085	14223	6744	7461	15362	11097	4786	858	8446	7253	3919	531	6698	6208	3694	519	5521	10216	6002	724	11579
chr2	155416988	155553987	137000	7	0	137000	91096	45904	13819	4458	5706	9599	5894	3043	3788	5671	6077	2064	3263	3925	7792	3676	4001	8319	5866	2512	490	4374	3760	1892	286	3396	3255	1718	244	2781	5515	3213	394	6207
chr2	155553988	155626987	73000	8	0	73000	47706	25294	6813	2250	2981	4905	2957	1871	2276	2882	3051	1178	1884	2061	4127	1990	2091	4388	3210	1374	263	2442	2068	1147	183	1876	1720	1049	172	1615	2988	1705	182	3299
chr2	155626988	155867987	241000	7	0	241000	157981	83019	23023	7696	10127	15884	9726	5807	7444	9685	10189	3907	6054	6736	13792	6473	7062	14375	10378	4473	825	8207	6771	3582	580	6189	5896	3344	478	5408	9617	5723	665	10882
chr2	155867988	155965987	98000	6	0	98000	63328	34672	8987	3107	4053	6353	4061	2417	3162	4038	4223	1605	2512	2814	5229	2488	2882	5395	4153	1903	317	3244	2975	1619	206	2617	2569	1443	178	2294	3981	2452	267	4454
chr2	155965988	156073987	108000	5	0	108000	68647	39353	9775	3435	4641	6582	4384	2759	3602	4171	4765	1828	3001	3033	5509	2555	3109	5497	4569	2200	319	3489	3335	2117	297	3199	2759	1700	216	2525	4253	2930	304	5140
chr2	156073988	156247987	174000	4	0	174000	111426	62574	15891	5594	7401	10781	7266	4448	5567	7021	7660	2950	4691	4852	8852	4371	5017	9062	7392	3574	576	5821	5527	3001	401	4845	4329	2596	329	4030	7054	4603	516	7980
chr2	156247988	156451733	203746	3	0	203746	121892	81854	16634	6030	8247	10887	7955	5688	7514	7266	8233	3714	6665	5392	8976	4625	5352	8713	8039	4461	1058	6499	6929	5425	1547	6807	5672	4694	1317	5401	7783	6129	1020	9072
chr2	156451734	156451765	32	3	0	32	5	27	0	0	0	0	0	1	1	0	0	1	2	0	0	0	0	0	0	2	0	0	1	12	1	2	0	2	1	1	1	2	0	0
chr2	156451766	156555987	104222	3	0	104222	64446	39776	8900	3249	4391	5760	4018	2827	3785	3945	4277	1756	3234	2814	5104	2584	3005	4795	4239	2201	391	3585	3361	2325	322	3469	2818	2041	272	2671	4157	2910	323	4691
chr2	156555988	156661987	106000	4	0	106000	67296	38704	9561	3319	4499	6508	4337	2780	3529	4182	4457	1714	2884	3027	5533	2638	2984	5343	4446	2120	370	3515	3325	1956	326	3059	2753	1782	282	2687	4304	2809	334	4635
chr2	156661988	156865987	204000	5	0	204000	129743	74257	18172	6418	8742	12385	8419	5151	6745	8019	8687	3488	5582	5777	10439	5103	5953	10663	8490	4177	702	6791	6331	3734	543	5960	5271	3352	472	4898	8242	5305	614	9373
chr2	156865988	157067987	202000	6	0	202000	129646	72354	18248	6350	8502	12782	8292	5085	6519	8158	8774	3322	5736	5662	10568	5175	5731	10742	8611	3842	706	6773	6100	3440	420	5779	5106	3110	401	4571	8236	5347	545	9365
chr2	157067988	157623987	556000	7	0	556000	347650	208350	47941	17333	23645	32117	22771	14755	19428	21511	23967	9711	16194	15616	26356	13740	15787	26776	23319	11730	2102	18388	18146	10880	1718	17071	14537	9678	1448	13845	22463	15527	1748	25750
chr2	157623988	157811987	188000	6	0	188000	115384	72616	15628	5930	7916	10241	7563	5230	6733	7280	7829	3374	5657	5110	8695	4535	5206	8456	7800	4185	833	6251	6559	4133	710	6088	5103	3663	594	4726	7343	5509	671	8447
chr2	157811988	157927987	116000	5	0	116000	68140	47860	9302	3429	4753	5471	4386	3512	4711	4029	4557	2112	4054	3064	4709	2690	3019	4340	4567	2782	539	3855	4332	3023	675	4261	3261	2866	619	3292	4478	3620	561	5129
chr2	157927988	158117987	190000	4	0	190000	113784	76216	14571	5683	8006	9638	7537	5497	7455	7343	7746	3510	6237	5300	8044	4357	5148	7711	7725	4430	693	6199	7163	4655	626	6619	5441	4090	528	5253	7504	5888	627	8774
chr2	158117988	158354987	237000	3	0	237000	146144	90856	19194	7236	10099	13118	9507	6297	8673	9383	10097	4353	7208	6712	10849	5750	6671	10995	9723	5202	873	7838	8036	5022	708	7692	6473	4308	565	6046	9629	6926	740	11075
chr2	158354988	158505987	151000	4	0	151000	93551	57449	12880	4722	6179	8527	6055	4031	5574	5824	6284	2633	4320	4190	7088	3805	4268	7169	6352	3260	568	5011	4968	3201	499	4880	4038	2888	515	3841	6126	4199	494	6609
chr2	158505988	158646987	141000	3	0	141000	88374	52626	12256	4480	5852	8242	5394	3832	5134	5386	5954	2392	3947	3774	7226	3755	4039	6710	5937	2992	649	4881	4426	2606	475	4352	3737	2544	421	3538	5647	3717	503	6200
chr2	158646988	158928987	282000	2	0	282000	160199	121801	19237	7994	10989	12333	10473	9346	12533	9968	10824	5630	10295	7491	10019	6167	6832	10066	11540	7150	1553	8894	11227	8779	1735	11009	8574	7306	1359	8435	10979	9515	1435	12311
chr2	158928988	159128232	199245	3	0	199245	114989	84256	15257	6059	7985	8712	7650	6354	8689	6940	7411	3822	6906	5044	7696	4581	5071	6810	8185	5063	991	6577	7814	5536	1081	7633	6018	5138	930	6106	7616	6327	906	8335
chr2	159128234	159943988	815755	3	0	815755	501832	313923	70595	25252	33166	44619	31395	22840	30660	29804	31940	14083	24418	21593	39702	21286	22445	38033	33484	18223	3684	28070	27766	17028	3604	26302	21874	17011	3338	21504	31575	22438	3208	34813
chr2	159943989	160044988	101000	4	0	101000	62149	38851	8424	3088	4133	5643	3870	3009	3734	4169	4295	1730	2955	2702	4700	2475	2729	4492	4341	2234	385	3341	3502	2219	302	3206	2893	1892	277	2576	4046	2884	324	4428
chr2	160044989	160318988	274000	3	0	274000	162967	111033	20847	8432	11347	13500	10724	7981	11213	10341	11094	5230	8939	7352	11462	6281	7486	10737	11292	6404	1171	9057	9955	6746	1067	9754	8119	6021	960	7872	10893	8351	1068	12302
chr2	160318989	160887988	569000	4	0	569000	349801	219199	47888	17820	24106	30873	22868	15433	20831	21943	23919	10168	17250	15823	26011	13837	15675	25355	23604	12374	2270	19009	19102	12483	2204	18202	15484	10827	1831	14648	22885	16307	1965	26003
chr2	160887989	161069988	182000	3	0	182000	110469	71531	14165	5530	7764	9588	7311	5194	6916	7206	7662	3364	5653	5140	7909	4153	5087	7826	7607	3961	690	5982	6424	4115	595	6003	5285	3600	503	4946	7311	5461	558	8489
chr2	161069989	161183988	114000	2	0	114000	71281	42719	9789	3731	4894	6491	4672	2881	4019	4422	4872	2010	3294	3101	5573	2776	3313	5442	4687	2449	414	3847	3670	2289	292	3655	3016	1942	271	2909	4621	3226	321	5109
chr2	161183989	161276988	93000	3	0	93000	59574	33426	8929	2948	3964	5765	3677	2260	3008	3320	3759	1514	2504	2456	5242	2490	2794	4942	3768	1779	377	3288	2643	1652	392	2668	2302	1639	434	2251	3552	2285	333	4063
chr2	161292989	161508727	215739	3	0	215739	135391	80348	19812	6851	8838	12624	8569	5682	7344	8022	8597	3614	5942	5845	11147	5670	6191	10641	8947	4485	939	7446	6817	4116	1087	6413	5451	4242	1069	5338	8403	5590	887	9118
chr2	161508729	162082989	574261	3	0	574261	365978	208283	51678	18105	24104	35027	23199	14395	18991	23280	24553	9492	15823	16101	29484	14679	16445	30622	23858	11453	1966	19393	18047	10597	1450	16614	14687	9428	1300	13519	23272	15230	1630	25837
chr2	162082990	162246989	164000	4	0	164000	102699	61301	14083	5037	6895	9796	6583	4280	5770	6428	6957	2867	4882	4563	8188	4031	4522	7817	6735	3324	683	5473	5301	3233	517	4928	4409	2797	428	4202	6615	4626	562	7466
chr2	162246990	162643989	397000	5	0	397000	254946	142054	35738	12379	16967	25523	15777	9719	12760	15983	17226	6549	10531	11049	21866	10145	11586	21147	16412	7623	1398	13359	11898	7051	1073	11425	10097	6219	910	9234	15832	10554	1141	17827
chr2	162643990	162980989	337000	6	0	337000	219357	117643	31066	10626	14207	21968	13641	8252	10414	13537	14664	5417	8752	9535	18496	9009	9961	19810	14505	6326	1064	11409	9744	5428	760	9132	7964	4866	681	7395	13632	8444	895	15398
chr2	162980990	163159989	179000	5	0	179000	114236	64764	15965	5693	7724	10986	7312	4445	5911	6915	7583	3067	4913	4936	9508	4497	5140	9641	7377	3666	588	6070	5467	3169	512	5243	4623	2930	423	4195	7116	4626	577	8180
chr2	163159990	163612989	453000	4	0	453000	290195	162805	40338	14182	19126	28489	18302	11676	14782	17939	19417	7504	12482	12578	24078	11868	13485	23948	19224	8812	1604	15590	13656	7570	1136	12835	11443	7252	997	10704	18375	11563	1297	20746
chr2	163612990	163909989	297000	3	0	297000	189927	107073	27144	9295	12547	18379	11990	7662	9693	11778	12718	4924	8112	8205	15513	7733	8650	15584	12712	5727	1112	10063	8865	5214	802	8437	7614	4722	768	7076	11930	7655	948	13426
chr2	163909990	164107989	198000	4	0	198000	125849	72151	17744	6046	8291	12364	7814	5106	6686	7767	8461	3409	5580	5611	10426	4834	5666	10042	8119	3819	726	6731	6119	3608	571	5738	4984	3313	553	4808	8151	5296	668	8947
chr2	164107990	165048989	941000	5	0	941000	597206	343794	84298	29020	39901	57307	37376	24147	31409	36860	39854	15809	26311	25805	48997	24340	26813	48958	39022	18922	3578	31794	28966	17345	3041	27907	24181	16007	2648	22603	37623	24985	3041	42130
chr2	165048990	165146989	98000	6	0	98000	63059	34941	9069	3123	4089	6264	4021	2437	3159	3890	4177	1580	2642	2672	5278	2505	2825	5328	4106	1964	339	3236	3022	1666	239	2707	2456	1575	231	2328	3923	2428	275	4444
chr2	165146990	165358989	212000	7	0	212000	135938	76062	19068	6664	9069	13297	8438	5355	6875	8444	9062	3539	5727	6084	11530	5377	6117	11291	8808	4150	760	7217	6407	3585	572	6112	5238	3381	507	4912	8658	5560	647	9547
chr2	165358990	165644989	286000	8	0	286000	182622	103378	25887	8592	12066	17714	11303	7390	9506	11311	12096	4731	8049	7902	14974	7417	8204	15479	11903	5579	1045	9603	8732	4984	734	8287	7451	4662	655	6964	11423	7512	872	12971
chr2	165644990	165749989	105000	7	0	105000	64499	40501	8818	3107	4620	5748	4206	2860	3730	3927	4478	1870	3414	2974	4791	2405	2805	4745	4204	2169	439	3430	3515	2259	402	3493	2812	2001	309	2732	4193	3240	388	4914
chr2	165749990	165909989	160000	6	0	160000	100849	59151	14254	4982	6810	9427	6363	4111	5467	6171	6648	2704	4674	4458	8208	4027	4639	7904	6596	3218	573	5437	4948	2994	478	4983	4239	2810	462	3929	6329	4381	533	7241
chr2	165909990	165992989	83000	7	0	83000	52087	30913	7249	2559	3429	4802	3120	2126	2950	3096	3490	1412	2344	2355	4180	2172	2398	4404	3336	1721	360	2852	2585	1615	383	2521	2069	1469	353	2047	3301	2299	300	3701
chr2	165992990	166113989	121000	8	0	121000	79148	41852	11462	3859	5202	8016	4917	2965	3586	4954	5245	1990	2951	3350	6915	3235	3613	6886	5068	2301	440	4240	3474	1780	294	3183	2891	1763	258	2624	4989	2887	354	5306
chr2	166113990	166346989	233000	9	0	233000	150986	82014	21413	7295	9856	14964	9401	5585	7212	9608	9960	3773	6334	6603	12754	6134	6782	13311	9684	4435	780	7888	6749	3717	599	6399	5853	3474	512	5253	9520	5837	669	10644
chr2	166346990	167246989	9e+05	10	0	9e+05	576845	323155	80202	28202	37445	56672	36869	22377	29650	36200	38956	15088	24038	25898	46494	23024	25732	49998	38341	17709	3080	29561	27493	15962	2332	25266	22812	13778	2073	20767	36450	23603	2655	41271
chr2	167246990	167677989	431000	9	0	431000	272886	158114	38102	13562	18217	25941	17398	11169	14605	17071	18420	7223	12028	12218	21902	11043	12134	21852	18183	8587	1653	14574	13497	7994	1360	12477	11193	7225	1193	10289	17370	11522	1352	19644
chr2	167677990	167830989	153000	8	0	153000	94106	58894	12498	4662	6431	8617	6152	4205	5749	5938	6508	2887	4693	4245	7050	3532	4280	6658	6244	3240	639	5164	5084	3111	530	4860	4335	2900	423	4030	6380	4334	520	7099
chr2	167830990	167964989	134000	7	0	134000	81074	52926	10858	4075	5624	7069	5401	3658	5213	4965	5667	2466	4300	3703	5700	3162	3595	5617	5383	3068	592	4318	4747	2983	548	4491	3715	2711	485	3748	5392	4007	561	6176
chr2	167964990	168076989	112000	6	0	112000	67899	44101	9038	3409	4835	5800	4162	3200	4438	4200	4565	2021	3498	3025	5317	2794	2954	4643	4535	2559	543	3786	3748	2457	442	3917	3248	2327	375	3054	4469	3221	450	4968
chr2	168076990	168177989	101000	5	0	101000	60364	40636	7799	3122	4291	4995	3878	2999	4088	3823	4239	1882	3266	2666	4290	2447	2773	3804	4247	2284	466	3453	3461	2414	376	3596	2982	2121	335	2848	4099	3028	405	4521
chr2	168177990	168299989	122000	4	0	122000	72393	49607	9472	3667	4902	6120	4646	3601	4927	4478	4698	2358	4008	3187	5346	2878	3226	4877	4856	2852	658	4138	4483	2886	694	4365	3515	2943	594	3372	4798	3747	518	5188
chr2	168299990	168491989	192000	3	0	192000	116327	75673	15761	5857	8166	9987	7670	5468	7343	7141	7998	3552	6187	5228	8342	4400	5243	7983	7749	4400	778	6349	6888	4405	660	6512	5253	3907	600	5206	7732	5753	608	8872
chr2	168491990	168595989	104000	4	0	104000	63049	40951	8307	3164	4375	5446	4058	3050	3967	3967	4244	1976	3247	2728	4683	2513	2821	4503	4442	2370	455	3435	3671	2500	328	3569	2853	2155	305	2671	4076	3044	340	4735
chr2	168595990	168796989	201000	5	0	201000	121413	79587	15503	6096	8362	10407	7686	5861	7873	7758	8007	3655	6330	5479	9172	4971	5433	8818	8318	4512	978	6775	7050	4570	791	6784	5766	4330	676	5566	8046	5783	769	8873
chr2	168796990	168882989	86000	4	0	86000	51465	34535	6782	2507	3672	4389	3422	2437	3401	3322	3531	1616	2809	2350	3616	1948	2307	3355	3505	1892	374	2737	3124	1991	295	3045	2515	1997	309	2445	3438	2575	330	3962
chr2	168882990	169258989	376000	5	0	376000	230248	145752	30217	11569	15794	20370	15089	10607	13925	14648	15872	7073	11498	10538	16772	8923	10434	16917	15656	8324	1561	12631	13013	8151	1216	12181	10225	7075	1143	9595	15376	11011	1350	17244
chr2	169258990	169394989	136000	4	0	136000	81779	54221	11202	4172	5749	7034	5498	3788	5011	5050	5692	2538	4366	3706	5765	3034	3594	5579	5349	3082	658	4442	4878	3470	718	4621	3693	2873	608	3526	5427	4262	482	6131
chr2	169394990	169651989	257000	3	0	257000	157797	99203	23060	7906	9640	14226	9879	6999	9648	8911	9497	4451	8085	7021	12396	6382	6884	12812	10142	5794	1268	8533	8770	5611	1499	8351	6551	5616	1300	6713	9974	7210	1209	10660
chr2	169651990	169770989	119000	2	0	119000	69937	49063	9188	3380	4722	5779	4507	3517	4790	4306	4433	2229	4024	3223	4941	2812	3189	4896	4693	2773	591	3881	4498	3045	761	4238	3425	3082	732	3433	4504	3642	592	5172
chr2	169770990	169937989	167000	3	0	167000	100594	66406	14828	4928	6365	8710	6133	4858	6369	5725	5989	2929	5482	4249	7881	4257	4407	7483	6583	3791	873	5725	5863	3960	1243	5510	4341	4240	1170	4457	6297	4585	836	6931
chr2	169937990	170124989	187000	4	0	187000	118542	68458	16962	5816	7719	11089	7181	4806	6472	7118	7492	3198	5244	5350	9952	5094	5405	9643	7801	3870	687	6556	5979	3640	547	5569	4477	3197	484	4366	7320	5027	588	8349
chr2	170124990	170177989	53000	3	0	53000	31046	21954	4081	1554	2161	2541	2007	1549	2263	1908	2151	1014	1827	1426	2099	1161	1367	1935	2079	1219	233	1747	2038	1418	274	1934	1562	1295	237	1500	2048	1732	200	2438
chr2	170177990	170301989	124000	4	0	124000	75296	48704	10111	3740	5185	6511	4934	3381	4865	4616	5144	2393	3909	3378	5358	2864	3522	5384	5007	2846	430	4095	4422	2967	378	4257	3391	2460	265	3361	4976	3751	329	5768
chr2	170301990	170760989	459000	5	0	459000	270206	188794	34982	13653	18683	21910	17416	13689	18827	16288	17964	8642	15936	12351	18866	10462	12455	18081	18095	10920	2249	15182	16981	11630	2461	16710	13194	11100	2177	13201	17950	14132	2003	20808
chr2	170760990	170859989	99000	4	0	99000	56670	42330	7398	2806	3933	4572	3552	2919	4081	3209	3767	1989	3722	2457	3993	2034	2585	3652	3656	2349	575	3168	3577	3008	854	3916	2807	2702	849	2933	3721	3296	614	4304
chr2	170859990	171132989	273000	3	0	273000	164434	108566	23321	8329	10913	14073	10368	7991	10770	9350	10438	4815	8696	7226	12509	6917	7401	11317	10783	6442	1378	9448	9773	6543	1448	9214	7371	6261	1303	7425	10551	7732	1199	11693
chr2	171132990	171136989	4000	2	0	4000	2437	1563	351	120	144	199	148	131	159	150	133	79	118	105	182	96	112	208	195	92	14	126	143	82	16	140	102	91	12	115	149	116	18	152
chr2	171136990	171359989	223000	3	0	223000	132539	90461	18709	6538	8738	11172	8673	6405	8956	7868	8327	4139	7899	5912	9449	5140	5975	8638	8574	5187	995	7466	8266	5262	1214	7875	6278	5508	1164	6394	8783	6660	1001	9833
chr2	171359990	171699989	340000	4	0	340000	203879	136121	28116	10065	13740	17367	13284	9868	13367	12039	13004	6037	11290	9039	14884	8116	9265	14397	13490	7938	1414	11244	12574	7993	1612	11859	9624	7994	1415	9593	12871	10113	1421	14965
chr2	171699990	171850989	151000	3	0	151000	93705	57295	13744	4675	6221	8342	5904	4163	5586	5495	5930	2523	4460	4080	7405	3889	4164	7122	6230	3262	624	5134	5069	2961	600	4752	3983	3125	529	4033	5866	4034	581	6512
chr2	171850990	171935515	84526	2	0	84526	49371	35155	6832	2411	3106	4105	3187	2506	3325	2735	2887	1466	3076	2214	3549	2115	2320	3536	3152	2039	456	2851	3137	2183	773	3097	2326	2452	669	2377	3138	2516	486	3502
chr2	171935516	171938025	2510	2	0	2510	1476	1034	174	69	105	124	103	91	100	76	77	39	96	72	116	62	66	104	102	69	4	86	108	75	5	91	70	57	5	78	90	78	4	112
chr2	171938026	171939039	1014	2	0	1014	562	452	62	28	38	43	45	31	50	26	38	21	55	21	26	23	23	32	38	25	3	37	43	32	4	38	37	27	5	26	34	33	4	64
chr2	171939045	171942254	3210	2	0	3210	1802	1408	229	110	123	117	145	133	158	103	104	72	114	72	101	59	80	80	139	88	22	126	128	64	13	114	121	90	19	122	151	77	20	114
chr2	171942260	171942283	24	2	0	24	18	6	4	0	0	2	1	1	1	0	1	0	1	0	1	2	0	2	1	1	0	1	1	0	0	0	0	0	0	0	1	0	0	1
chr2	171942285	171943072	788	2	0	788	559	229	88	29	23	65	29	16	17	43	37	12	12	18	51	27	23	67	42	15	1	26	19	6	2	16	9	8	1	4	35	14	2	29
chr2	171943075	171943410	336	2	0	336	166	170	30	8	4	12	13	11	22	5	4	5	18	7	8	8	6	4	10	10	2	10	16	14	7	15	14	20	5	13	11	8	2	12
chr2	171943411	171943726	316	2	0	316	227	89	56	12	10	20	13	6	7	15	10	4	7	8	18	7	10	23	18	2	0	9	4	2	0	7	8	4	0	6	11	5	0	12
chr2	171943729	171945498	1770	2	0	1770	1071	699	145	37	64	97	68	51	74	59	58	32	56	56	73	63	51	85	72	38	5	68	65	42	4	63	46	32	11	51	69	62	8	63
chr2	171945499	171949673	4175	2	0	4175	2475	1700	373	117	125	220	153	113	208	129	129	62	152	113	181	118	113	168	143	96	15	156	151	82	21	160	137	128	30	125	172	108	18	157
chr2	171949675	171951672	1998	2	0	1998	1111	887	178	56	59	85	74	73	100	53	54	38	77	48	71	42	48	53	75	52	15	67	91	57	14	77	67	76	19	60	67	54	16	80
chr2	171951674	171953626	1953	2	0	1953	1158	795	152	63	71	98	74	61	97	61	62	37	53	38	95	57	65	73	75	46	6	91	76	52	7	61	68	49	4	69	74	48	3	65
chr2	171953627	171954506	880	2	0	880	516	364	96	23	26	42	29	33	39	27	22	11	34	33	39	15	18	28	27	23	4	28	39	20	5	40	23	31	4	19	39	30	1	30
chr2	171954508	171954641	134	2	0	134	66	68	7	3	3	7	6	4	7	2	2	1	7	2	4	4	5	1	2	5	1	4	6	6	2	7	8	5	2	7	2	5	1	4
chr2	171954643	171956178	1536	2	0	1536	829	707	85	38	46	60	47	48	74	59	50	24	69	44	46	35	40	63	46	44	7	48	74	38	17	70	51	60	17	47	57	57	9	64
chr2	171956179	171956534	356	2	0	356	175	181	33	8	11	2	13	33	18	6	4	5	15	5	4	7	8	1	24	11	6	12	22	7	1	15	14	18	6	16	10	9	1	9
chr2	171956540	171956714	175	2	0	175	101	74	10	10	8	4	6	3	9	6	9	1	8	3	6	3	6	7	7	3	0	7	7	1	0	10	6	5	0	7	5	9	0	7
chr2	171956720	171961576	4857	2	0	4857	3051	1806	445	161	201	278	197	120	173	182	187	81	133	139	255	118	158	221	189	99	18	174	155	87	10	168	138	93	10	125	191	141	10	198
chr2	171961581	171964836	3256	2	0	3256	2218	1038	351	116	152	224	140	67	90	112	129	51	61	82	223	103	103	212	136	62	13	126	72	32	7	76	71	37	9	73	130	56	7	131
chr2	171964838	171970496	5659	2	0	5659	3654	2005	531	185	256	337	222	157	200	206	227	104	122	156	330	163	168	289	250	106	23	230	158	80	9	152	141	95	13	139	236	118	29	225
chr2	171970509	171973400	2892	2	0	2892	1572	1320	241	83	118	97	127	96	134	83	93	63	110	56	79	61	62	68	112	83	22	86	127	98	25	121	103	103	19	98	98	87	18	119
chr2	171973401	171974192	792	2	0	792	418	374	58	13	16	36	28	29	43	24	20	15	33	35	17	17	21	11	25	25	5	19	40	31	6	40	25	27	2	26	34	34	7	28
chr2	171974211	171975102	892	2	0	892	617	275	108	40	30	66	50	11	21	44	38	10	17	33	47	21	27	53	40	12	2	28	25	8	1	13	25	6	2	15	36	21	1	39
chr2	171975103	171976068	966	2	0	966	579	387	95	32	40	45	38	25	41	31	41	21	38	23	39	18	26	25	33	25	1	37	39	13	2	37	19	30	7	20	44	23	6	50
chr2	171976069	171977539	1471	2	0	1471	890	581	127	34	56	86	48	42	51	52	52	18	53	39	76	39	31	85	50	35	10	38	55	26	12	52	37	39	16	48	51	44	14	53
chr2	171977570	171978579	1010	2	0	1010	568	442	93	26	45	30	30	27	56	26	45	16	39	18	27	32	31	26	33	32	3	33	40	24	2	57	28	33	2	37	38	34	1	44
chr2	171978580	171980873	2294	2	0	2294	1331	963	198	63	97	99	96	75	88	75	86	36	83	55	76	50	59	93	74	60	14	76	100	53	11	84	71	74	12	73	89	61	17	94
chr2	171980875	171987575	6701	2	0	6701	4244	2457	586	224	261	399	262	155	262	242	251	108	165	180	370	213	200	365	285	132	33	250	224	112	28	183	175	142	18	171	237	161	21	284
chr2	171987576	171987736	161	2	0	161	94	67	28	2	9	1	4	2	6	3	3	5	8	2	5	3	9	2	3	2	2	6	5	5	0	8	3	5	0	10	4	6	0	8
chr2	171987738	171990271	2534	2	0	2534	1551	983	205	67	78	139	105	78	85	122	74	48	74	63	104	88	69	150	124	55	14	88	97	51	14	73	82	58	9	59	87	71	15	86
chr2	171990276	171992121	1846	2	0	1846	1073	773	138	56	70	88	75	60	88	47	66	31	73	46	73	46	34	81	75	52	4	62	67	34	12	74	50	50	15	61	79	50	19	68
chr2	171992122	171996241	4120	2	0	4120	2439	1681	305	123	196	189	157	113	166	156	188	76	142	105	162	84	112	164	165	74	18	139	146	103	14	153	133	94	10	121	148	145	14	203
chr2	171996262	172002046	5785	2	0	5785	3196	2589	386	137	220	260	193	210	240	191	207	111	222	151	217	132	139	180	207	144	46	193	206	157	79	220	194	184	97	169	226	177	50	238
chr2	172002047	172006186	4140	2	0	4140	2459	1681	348	109	167	182	145	122	161	155	154	69	154	94	158	125	98	217	164	101	15	145	154	106	26	152	115	107	19	105	149	124	20	178
chr2	172006189	172007113	925	2	0	925	549	376	81	30	28	40	29	25	40	34	34	12	33	28	36	27	29	42	36	15	10	33	36	20	7	25	24	26	7	29	31	27	6	43
chr2	172007115	172008711	1597	2	0	1597	964	633	151	56	49	84	63	45	69	61	47	24	45	40	79	39	41	69	74	39	5	46	71	31	8	57	43	49	10	44	50	48	1	57
chr2	172008712	172010446	1735	2	0	1735	946	789	130	35	62	72	54	72	73	60	66	40	72	52	49	30	45	34	54	52	12	59	75	52	19	66	51	47	22	48	78	62	11	79
chr2	172010447	172013823	3377	2	0	3377	1872	1505	250	90	122	127	107	118	164	117	121	74	137	94	112	63	75	100	140	79	21	105	126	101	27	138	100	104	37	101	140	108	23	154
chr2	172013826	172016301	2476	2	0	2476	1372	1104	229	49	72	108	78	86	134	64	56	48	101	67	97	46	60	75	67	63	9	90	117	61	22	97	89	103	26	88	89	70	21	92
chr2	172016305	172017268	964	2	0	964	532	432	65	17	46	36	33	43	41	24	42	20	40	23	24	16	14	46	41	25	8	22	50	37	0	46	20	29	4	25	31	42	4	48
chr2	172017274	172018104	831	2	0	831	514	317	66	22	27	31	24	32	31	30	25	16	22	19	31	28	16	93	42	27	4	25	29	21	4	32	12	16	6	16	34	21	4	23
chr2	172018106	172018126	21	2	0	21	10	11	0	0	0	0	0	1	2	0	0	3	4	0	0	0	0	0	2	0	0	2	0	0	0	0	0	0	0	0	1	0	0	4
chr2	172018128	172023857	5730	2	0	5730	3480	2250	517	184	233	301	228	138	216	177	222	100	198	143	267	157	167	231	207	135	27	210	187	138	35	200	164	125	29	130	201	162	25	274
chr2	172023858	172024749	892	2	0	892	501	391	86	19	33	38	31	28	36	36	27	15	30	24	32	24	18	22	32	33	2	19	49	35	5	38	17	31	6	28	33	28	3	32
chr2	172024750	172028542	3793	2	0	3793	2270	1523	273	123	137	180	141	134	144	157	143	77	125	112	156	91	120	157	182	95	19	128	128	103	4	140	95	77	11	83	171	100	10	175
chr2	172028549	172036188	7640	2	0	7640	4610	3030	690	216	275	429	273	250	276	241	268	124	251	198	379	192	213	334	306	186	46	244	281	180	62	259	180	207	42	195	274	208	42	317
chr2	172036190	172036221	32	2	0	32	12	20	0	0	1	0	1	0	3	0	0	1	2	0	0	2	2	0	1	0	0	2	2	2	0	3	0	2	0	3	1	2	0	0
chr2	172036223	172036291	69	2	0	69	25	44	0	1	1	2	2	2	2	2	2	0	7	2	0	0	0	0	0	1	1	1	3	2	4	3	4	5	5	4	1	4	2	4
chr2	172036293	172036319	27	2	0	27	11	16	0	0	1	0	1	0	2	0	0	3	4	0	0	0	0	0	2	0	0	1	0	0	0	0	0	1	2	1	1	0	2	4
chr2	172036320	172037265	946	2	0	946	511	435	74	29	33	34	38	28	40	26	25	21	32	22	32	33	21	22	39	30	10	32	40	23	21	35	27	37	16	24	26	29	11	34
chr2	172037266	172037294	29	2	0	29	21	8	11	1	2	0	1	0	0	0	0	1	0	0	1	1	2	0	0	1	0	2	1	1	0	1	0	0	0	0	0	0	0	1
chr2	172037295	172037424	130	2	0	130	79	51	10	2	3	5	2	11	5	1	5	4	4	3	3	7	8	5	12	4	3	4	2	0	0	3	2	0	1	3	3	1	2	10
chr2	172037426	172037465	40	2	0	40	27	13	11	0	3	1	1	1	0	1	1	0	3	0	2	2	0	0	1	1	0	0	0	0	0	2	1	0	0	3	1	1	0	2
chr2	172037466	172039675	2210	2	0	2210	1342	868	166	81	84	113	85	57	87	93	86	40	69	45	107	64	78	85	96	54	9	83	83	44	9	66	55	43	4	82	88	61	4	87
chr2	172039677	172040764	1088	2	0	1088	595	493	111	31	27	40	28	30	54	16	31	16	55	30	39	25	30	30	27	20	9	46	40	37	15	45	26	43	18	35	35	37	20	40
chr2	172040765	172040777	13	2	0	13	6	7	0	0	0	0	0	0	0	1	0	1	3	1	0	0	0	0	0	0	0	1	1	0	0	0	0	0	0	0	0	1	0	2
chr2	172040779	172041406	628	2	0	628	299	329	29	13	17	18	21	31	31	12	12	10	32	13	15	14	14	17	20	23	7	18	34	23	12	34	18	35	12	24	23	22	5	17
chr2	172041407	172041458	52	2	0	52	22	30	0	0	1	0	1	4	5	0	0	2	2	3	0	1	0	3	2	1	1	3	3	1	0	1	4	2	2	2	1	1	2	2
chr2	172041460	172041727	268	2	0	268	187	81	38	14	12	18	11	5	6	8	9	5	4	7	22	6	7	13	13	6	3	8	6	5	1	6	2	2	0	4	9	5	0	11
chr2	172041728	172042119	392	2	0	392	232	160	30	7	10	13	10	13	19	12	10	4	12	8	10	7	9	56	10	7	0	14	20	14	2	15	14	18	1	11	11	12	1	10
chr2	172042121	172042157	37	2	0	37	32	5	5	0	0	1	0	1	0	4	0	0	0	0	2	4	0	13	5	0	0	0	0	0	0	0	0	0	0	0	0	0	0	0
chr2	172042392	172042449	58	2	0	58	43	15	0	0	0	0	0	3	0	12	0	0	0	0	0	11	0	16	14	0	0	0	0	0	0	0	0	0	0	0	0	0	0	0
chr2	172042460	172042474	15	2	0	15	13	2	0	0	0	0	0	0	0	2	0	0	0	0	0	2	0	7	2	0	0	0	0	0	0	0	0	0	0	0	0	0	0	0
chr2	172042479	172042504	26	2	0	26	19	7	0	0	0	0	0	2	0	4	0	0	0	0	0	5	0	7	6	0	0	0	0	0	0	0	0	0	0	0	0	0	0	0
chr2	172042513	172042523	11	2	0	11	7	4	0	0	0	0	0	1	0	1	0	0	0	0	0	3	0	1	3	0	0	0	0	0	0	0	0	0	0	0	0	0	0	0
chr2	172042525	172042542	18	2	0	18	14	4	0	0	0	0	0	1	0	2	0	0	0	0	0	3	0	7	3	0	0	0	0	0	0	0	0	0	0	0	0	0	0	0
chr2	172042549	172042559	11	2	0	11	7	4	0	0	0	0	0	1	0	1	0	0	0	0	0	3	0	1	3	0	0	0	0	0	0	0	0	0	0	0	0	0	0	0
chr2	172042565	172042577	13	2	0	13	11	2	0	0	0	0	0	0	0	2	0	0	0	0	0	1	0	6	2	0	0	0	0	0	0	0	0	0	0	0	0	0	0	0
chr2	172042584	172042595	12	2	0	12	8	4	0	0	0	0	0	1	0	1	0	0	0	0	0	3	0	1	4	0	0	0	0	0	0	0	0	0	0	0	0	0	0	0
chr2	172042601	172042614	14	2	0	14	12	2	0	0	0	0	0	0	0	2	0	0	0	0	0	1	0	7	2	0	0	0	0	0	0	0	0	0	0	0	0	0	0	0
chr2	172042621	172042632	12	2	0	12	7	5	0	0	0	0	0	2	0	1	0	0	0	0	0	3	0	1	3	0	0	0	0	0	0	0	0	0	0	0	0	0	0	0
chr2	172042633	172042678	46	2	0	46	32	14	0	0	0	0	0	7	0	5	0	0	0	0	0	6	0	12	12	0	2	0	0	0	0	0	0	0	0	0	0	0	0	0
chr2	172042716	172042739	24	2	0	24	15	9	0	0	0	0	0	5	0	2	0	0	0	0	0	3	0	4	6	0	2	0	0	0	0	0	0	0	0	0	0	0	0	0
chr2	172042743	172042769	27	2	0	27	17	10	0	0	0	0	0	5	0	2	0	0	0	0	0	4	0	6	6	0	2	0	0	0	0	0	0	0	0	0	0	0	0	0
chr2	172042772	172042786	15	2	0	15	11	4	0	0	0	0	0	1	0	2	0	0	0	0	0	3	0	4	3	0	0	0	0	0	0	0	0	0	0	0	0	0	0	0
chr2	172042790	172042833	44	2	0	44	29	15	0	0	0	0	0	8	0	3	0	0	0	0	0	7	0	9	13	0	2	0	0	0	0	0	0	0	0	0	0	0	0	0
chr2	172042862	172042884	23	2	0	23	18	5	1	0	0	1	0	3	0	2	0	0	0	0	1	2	0	6	5	0	0	0	0	0	0	0	0	0	0	0	0	0	0	0
chr2	172042886	172042966	81	2	0	81	55	26	0	0	0	0	0	5	1	11	0	0	0	0	0	14	0	23	14	1	4	0	0	0	0	1	3	0	2	0	0	0	0	0
chr2	172042970	172043011	42	2	0	42	26	16	0	0	0	0	0	7	0	7	0	0	0	0	0	4	0	7	10	0	1	0	0	0	0	0	3	0	1	0	0	0	0	0
chr2	172043013	172043095	83	2	0	83	59	24	1	0	0	1	0	12	0	7	0	0	0	0	1	12	0	24	19	0	4	0	0	0	0	0	0	0	0	0	0	0	0	0
chr2	172043125	172044404	1280	2	0	1280	776	504	117	34	50	69	53	46	46	42	36	28	44	33	64	28	24	62	50	28	9	48	57	31	2	44	34	29	1	28	46	47	4	44
chr2	172044409	172121771	77363	2	0	77363	42828	34535	5755	2131	2901	3405	2730	2395	3249	2275	2810	1504	2795	1863	2896	1638	1825	2655	2857	1845	559	2407	2750	2732	1179	2927	2307	2436	1143	2420	2735	2576	645	3016
chr2	172121772	172328771	207000	3	0	207000	118312	88688	15125	5850	8271	9174	7949	6358	9272	7490	8048	4017	7494	5428	7297	4359	5148	7030	7935	5148	979	6522	8510	5889	1107	7963	6568	5603	971	6506	8057	6829	907	9194
chr2	172328772	172810771	482000	4	0	482000	281410	200590	35690	14324	19539	22698	18377	14526	20430	17286	18625	9310	16525	12800	19559	10736	12473	18512	19361	11583	2304	15648	18496	13175	2466	17925	14228	11967	2103	14072	18533	15338	2067	21322
chr2	172810772	172917771	107000	3	0	107000	64063	42937	8169	3198	4549	5404	4108	3106	4350	4172	4501	2055	3468	2941	4542	2336	2743	4419	4357	2365	436	3537	3855	2610	386	3687	3151	2293	344	2950	4373	3270	386	4937
chr2	172917772	173115771	198000	2	0	198000	118323	79677	15433	5894	8326	9929	7453	5694	7849	7423	8229	3666	6587	5188	8467	4684	5426	8074	7980	4424	955	6578	6848	4758	924	7015	5788	4316	798	5622	7803	6047	847	8973
chr2	173115772	173812771	697000	3	0	697000	413498	283502	54165	20673	28643	34764	26733	20589	28362	25854	28257	13194	23376	18879	29090	15633	18019	27265	27877	16072	3510	22631	25596	17369	3262	24747	20326	15905	2828	19673	27739	21628	2990	31349
chr2	173812772	174087771	275000	2	0	275000	161071	113929	21219	8207	11207	13130	10502	8289	11423	9582	10721	5165	9431	7236	11321	6353	7056	10228	10792	6473	1501	9248	10249	7399	1606	10095	7997	6870	1372	7773	10758	8607	1187	12001
chr2	174087772	174471771	384000	3	0	384000	234841	149159	33774	11832	15197	21092	14836	10507	14234	13450	14881	6534	11843	10180	18404	9534	10498	18044	15195	8453	1871	12888	13001	8404	2303	12391	10114	8685	2191	10224	14718	10557	1895	16268
chr2	174471772	174910771	439000	4	0	439000	257457	181543	33543	13002	17913	21053	16287	13211	18602	15515	17135	8451	14846	11312	18546	9925	11287	16828	17316	10474	2224	14575	16535	11775	2277	16241	12807	10759	2057	12757	16957	13819	1894	19075
chr2	174910772	175242771	332000	5	0	332000	206475	125525	29362	10325	13455	18884	12801	9026	11889	12459	13176	5606	9870	9012	16687	8674	9299	15949	13606	7156	1399	11470	10978	6876	1408	10297	8591	6501	1281	8297	13000	9026	1189	14449
chr2	175242772	175349771	107000	6	0	107000	65772	41228	8678	3256	4538	5930	4237	2911	3908	4200	4393	1919	3250	2969	5095	2588	2996	4903	4459	2299	434	3482	3563	2377	384	3391	2950	2076	376	2906	4284	2963	370	4913
chr2	175349772	175492771	143000	7	0	143000	86196	56804	11121	4230	6018	7553	5669	4169	5538	5655	5892	2680	4585	3929	6239	3296	3746	5875	5996	3172	568	4639	5058	3294	535	4899	4195	3000	465	3896	5782	4319	532	6453
chr2	175492772	175756771	264000	8	0	264000	160842	103158	20995	8347	11155	14110	10864	7288	9826	10583	11437	4808	8106	7201	11311	6135	7312	11364	11055	5972	1077	8474	9426	5911	863	8487	7497	5033	708	7102	10583	7771	862	12335
chr2	175756772	175988771	232000	7	0	232000	142375	89625	19165	7342	9675	12740	9313	6322	8789	8861	9624	4088	7082	6295	10820	5650	6356	10252	9675	5057	912	7758	8013	4974	789	7458	6453	4543	683	6220	9145	6660	818	10466
chr2	175988772	176528771	540000	6	0	540000	317476	222524	42756	15995	22287	27149	20601	15214	20923	18356	21573	9863	17886	13668	23257	12207	13881	21859	20749	12503	2882	17145	19276	15197	4513	18916	15161	13597	4255	15339	19908	16605	2900	23577
chr2	176528772	176670771	142000	5	0	142000	85186	56814	10867	4271	6059	7285	5510	4137	5485	5631	6053	2771	4655	3803	6052	3124	3803	5679	5896	3091	645	4671	4978	3211	600	4955	4110	2905	528	3941	5779	4537	531	6435
chr2	176670772	177382771	712000	4	0	712000	429158	282842	55533	21342	29548	37366	27903	20813	27638	27065	28733	13046	22990	19407	31620	16673	19361	30118	29046	16138	2996	23694	25434	16612	2749	24392	20251	15101	2420	19832	28689	21336	2533	31619
chr2	177382772	177476771	94000	5	0	94000	59039	34961	8407	2959	3920	5543	3688	2391	3319	3466	3911	1588	2579	2585	4822	2438	2734	4688	3777	2060	345	3194	3068	1840	395	2836	2376	1710	317	2379	3642	2529	349	4143
chr2	177476772	177629771	153000	6	0	153000	94086	58914	13012	4764	6491	8298	5969	4109	5812	5657	6172	2791	4476	4103	7414	3836	4318	6862	6203	3349	605	5343	5132	3255	607	4990	4156	3087	530	4115	6056	4293	544	6649
chr2	177629772	177800483	170712	7	0	170712	102102	68610	12966	5162	7295	8476	6519	4845	6868	6549	7159	3143	5693	4669	7255	3834	4537	7130	6815	3824	704	5641	6090	4220	579	6133	5017	3606	513	4804	6859	5372	618	7815
chr2	177800485	177801772	1288	7	0	1288	839	449	122	47	50	75	52	24	44	60	51	17	35	39	70	37	40	74	53	24	2	46	38	25	1	30	36	17	1	34	53	28	2	59
chr2	177801773	178023772	222000	8	0	222000	136817	85183	18216	6662	9459	12481	8838	5937	7908	8445	9278	3916	6805	6145	10486	5328	6253	10659	8943	4740	794	7366	7441	4985	931	7174	5969	4366	671	5658	8774	6440	702	10228
chr2	178023773	178600772	577000	7	0	577000	349643	227357	47264	17778	24046	30180	22553	16080	22363	21430	23648	10676	17675	15795	25804	14190	15357	24803	23042	13332	2762	19588	20425	12573	2905	19054	15903	12282	2441	15255	23056	16770	2424	25544
chr2	178600773	179016772	416000	8	0	416000	261309	154691	35961	13170	18586	24132	16845	11162	14482	16362	18837	7345	11591	11521	20206	10288	11097	19723	17401	8745	1834	13985	13249	7298	1371	12294	10959	6866	1082	10311	17242	11302	1585	19166
chr2	179016773	179165772	149000	7	0	149000	92468	56532	12657	4783	6181	8344	5883	3961	5462	5860	6260	2625	4220	4215	7164	3668	4217	6967	6145	3264	585	5042	5092	3105	473	4681	3985	2680	412	3747	5944	4302	464	6610
chr2	179165773	179411772	246000	6	0	246000	152298	93702	21074	7759	10159	13503	9937	6635	8911	9327	10215	4383	7373	6695	11269	6177	6948	11932	10376	5431	1061	8086	8330	5069	864	7821	6448	4633	713	6203	9656	6951	778	11281
chr2	179411773	179517772	106000	7	0	106000	67227	38773	9279	3314	4384	6222	4189	2716	3541	4444	4328	1764	2881	2958	5403	2822	3150	5831	4518	2145	381	3572	3338	1971	260	3170	2822	1836	239	2589	4212	2787	308	4624
chr2	179517773	180691772	1174000	8	0	1174000	744197	429803	102094	36904	49494	70531	46956	29888	39737	46996	50064	20195	33000	33221	59910	30076	34516	60614	49440	23854	4054	39715	36506	21973	3025	34993	29892	19095	2584	28191	47739	31575	3319	53847
chr2	180691773	180837772	146000	7	0	146000	92897	53103	12628	4535	6064	9062	5979	3730	4814	5916	6230	2455	4108	4038	7452	3680	4212	7994	6158	2931	543	4767	4588	2555	376	4221	3849	2364	350	3568	5844	3890	455	6642
chr2	180837773	181446772	609000	8	0	609000	390140	218860	55289	19070	25816	37384	24138	15303	19971	24243	25828	10145	16709	16746	32305	16253	17752	33186	25517	12103	2144	21007	18422	10709	1597	17259	15089	9590	1498	14497	24627	15585	1731	27485
chr2	181446773	181595772	149000	7	0	149000	94986	54014	13114	4657	6304	9060	5793	3803	4871	6077	6347	2560	3967	4253	7880	3965	4410	7923	6192	3010	613	5170	4547	2714	431	4310	3737	2377	393	3393	6068	3901	479	6679
chr2	181595773	181728772	133000	6	0	133000	81335	51665	11004	4033	5681	7320	5224	3542	4750	4969	5552	2425	4088	3577	6258	3323	3735	5854	5336	2869	571	4547	4406	3197	596	4379	3474	2616	643	3387	5269	3896	536	5941
chr2	181728773	181868772	140000	5	0	140000	86913	53087	11311	4379	6121	7811	5676	3697	4984	5475	6014	2422	4091	4051	6621	3478	4172	6609	5811	2999	442	4724	4663	2869	330	4565	3739	2481	282	3604	5619	4078	404	6476
chr2	181868773	182106772	238000	4	0	238000	151150	86850	21164	7453	10176	14387	9581	5966	7927	9355	10238	4011	6840	6743	12196	6213	6860	12039	10022	4610	882	8129	7160	4203	775	6982	5903	3935	691	5725	9744	6372	750	10966
chr2	182106773	182267772	161000	5	0	161000	101774	59226	14237	5060	6891	9651	6460	4155	5429	6370	6971	2814	4633	4430	8170	3971	4666	7865	6714	3288	578	5420	5071	2968	398	4886	4144	2672	383	3855	6484	4395	511	7458
chr2	182267773	182651772	384000	6	0	384000	243056	140944	33836	11902	16381	23104	15125	9908	13177	15109	16484	6570	11025	10731	19778	9556	10849	19519	15767	7664	1496	13009	11917	6890	1138	11455	9947	6523	960	9368	15689	10323	1198	17600
chr2	182651773	182835319	183547	5	0	183547	114609	68938	16210	5886	7428	10557	7431	4826	6492	7004	7419	3156	5293	5068	9022	4738	5297	8781	7587	4090	756	6173	6075	3562	662	5668	4814	3345	620	4649	7277	4970	670	8019
chr2	182835320	182952771	117452	5	0	117452	73355	44097	10444	3712	4916	6751	4640	3129	4090	4430	4965	2014	3501	3122	5775	2975	3377	5513	4750	2473	513	4094	3783	2325	456	3541	3038	2143	395	2984	4718	3164	454	5265
chr2	182952772	183133771	181000	4	0	181000	112275	68725	16511	5529	7546	10173	6985	4804	6459	6438	7219	3022	5365	4737	9043	4759	5146	8538	7072	3951	819	6272	5929	3739	878	5763	4795	3682	761	4720	6890	4937	756	7760
chr2	183133772	183244771	111000	5	0	111000	69610	41390	10178	3590	4642	6398	4624	2880	3909	4120	4576	1966	3216	3010	5430	2664	3138	5268	4562	2325	414	3799	3602	2055	348	3466	2927	2013	325	2785	4443	3077	393	4855
chr2	183244772	183362771	118000	6	0	118000	73867	44133	10005	3665	5018	6749	4720	3105	4119	4646	5073	2056	3340	3360	5640	2970	3347	6053	4909	2474	468	3945	3791	2434	376	3595	3107	2026	317	2862	4783	3262	361	5422
chr2	183362772	183727241	364470	7	0	364470	230663	133807	31796	11414	15321	21774	15002	9118	12496	14514	15523	6367	10057	10255	17984	9307	10638	19095	15172	7633	1135	12267	11711	7010	901	10765	9612	5948	751	8699	14635	9796	991	16781
chr2	183727243	183824772	97530	7	0	97530	62085	35445	8965	3109	4040	5919	4106	2487	3200	3863	4164	1622	2695	2859	4798	2405	2786	5067	4082	1961	374	3206	3126	1782	243	2793	2483	1596	225	2232	3963	2605	282	4490
chr2	183824773	183867772	43000	6	0	43000	26449	16551	3508	1390	1748	2312	1816	1177	1619	1716	1837	780	1235	1269	1796	1019	1232	1993	1850	960	164	1392	1530	929	103	1319	1220	709	107	1146	1728	1283	134	1977
chr2	183867773	184193772	326000	7	0	326000	211471	114529	30381	10209	13275	21320	13364	7829	10390	13098	13606	5352	8647	9348	17835	8571	9506	18738	13905	6200	996	10860	9752	5445	752	8856	7953	4927	635	7295	13072	8233	841	14807
chr2	184193773	184338772	145000	8	0	145000	96310	48690	14128	4705	5856	10178	6065	3354	4259	5940	6167	2316	3449	4090	8507	3924	4202	9168	6323	2657	504	4815	3993	2006	320	3474	3434	1817	282	3043	5868	3313	406	6435
chr2	184338773	184652772	314000	7	0	314000	207706	106294	29870	9925	12769	21984	12740	7536	9034	12878	13095	4747	7544	8715	18844	8714	9118	20191	13891	5556	1072	10403	8614	4782	822	8013	7393	4328	705	6614	12290	7565	811	13435
chr2	184652773	184834772	182000	8	0	182000	120410	61590	17427	5910	7233	12513	7385	4357	5502	7523	7680	2819	4349	5041	10591	5002	5331	11745	8095	3324	596	6073	5038	2662	386	4539	4312	2500	313	3863	7323	4139	487	7940
chr2	184834773	185368772	534000	7	0	534000	350289	183711	50298	16920	21859	35850	21964	12957	16512	21783	22615	8470	13420	15188	30050	14322	15349	32731	23407	9829	1710	17723	15181	8130	1101	13806	12954	7545	959	11672	21674	12714	1366	23939
chr2	185368773	185571772	203000	8	0	203000	133810	69190	19690	6423	7815	14072	8341	4922	6283	8264	8387	3169	5060	5691	11581	5403	5763	12945	8916	3662	663	6676	5648	3116	502	5024	4997	2861	446	4372	8249	4651	557	8849
chr2	185571773	185733772	162000	7	0	162000	105996	56004	15189	5277	6641	10780	6725	3879	5023	6440	6789	2646	4014	4604	9184	4251	4756	9796	7052	3108	530	5363	4665	2544	382	4256	3966	2284	303	3497	6384	3911	441	7318
chr2	185733773	185908772	175000	6	0	175000	113407	61593	16574	5709	7495	11173	7419	4015	5587	6995	7703	2862	4555	5016	9253	4555	5010	9484	7408	3356	558	5819	5202	2853	414	4643	4266	2536	358	4044	7140	4367	488	8141
chr2	185908773	186215772	307000	7	0	307000	199653	107347	28480	9743	12808	19736	12524	7578	9397	12501	13044	4937	8126	8676	16718	8039	9064	18281	13256	5854	956	10231	8948	5104	659	8283	7406	4414	580	6872	12389	7622	763	14009
chr2	186215773	186337772	122000	6	0	122000	77795	44205	11012	3840	5127	7604	5158	3002	4056	4743	5211	2063	3354	3509	6202	3090	3487	6335	5050	2542	398	4005	3892	2167	302	3568	3063	2013	249	2819	4954	3207	343	5633
chr2	186337773	186432772	95000	5	0	95000	60420	34580	8296	3111	3906	5773	3984	2455	3205	3960	3947	1626	2501	2712	4859	2416	2708	4959	4159	1911	309	3229	3073	1751	198	2716	2498	1582	187	2181	3874	2494	224	4194
chr2	186432773	186836772	404000	4	0	404000	253173	150827	35377	12740	16732	23371	16260	10702	14207	15579	16505	6856	11502	11010	20078	10593	11309	20352	17080	8611	1566	13634	13053	8023	1418	12367	10474	7477	1189	10060	16140	10751	1293	17689
chr2	186836773	186936772	1e+05	5	0	1e+05	64548	35452	9413	3169	4143	6482	4080	2472	3085	3875	4269	1659	2782	2716	5444	2544	2949	5465	4197	1957	357	3333	2989	1767	309	2716	2386	1472	220	2322	3940	2585	314	4587
chr2	186936773	187279772	343000	6	0	343000	215790	127210	30111	10757	13846	20508	13652	9020	11998	13467	13989	5971	9851	9526	17471	8505	9741	17375	14365	7241	1187	11461	11239	6744	1004	10480	8787	6276	905	8184	13746	9206	1074	15311
chr2	187279773	187374772	95000	5	0	95000	62543	32457	9088	2946	3930	6506	3758	2316	2857	3917	4126	1478	2416	2668	5498	2532	2737	5769	4045	1655	316	3255	2721	1499	205	2290	2243	1273	211	2055	3840	2288	220	4340
chr2	187374773	187454772	80000	4	0	80000	53615	26385	8039	2530	3406	5795	3249	1873	2197	3241	3399	1235	1828	2151	5084	2209	2326	5051	3485	1392	248	2722	2098	1037	160	1991	1842	1022	159	1615	3135	1835	215	3429
chr2	187454773	187731772	277000	3	0	277000	178312	98688	25502	8743	11530	17821	11166	6754	8852	10860	11594	4722	7379	7617	15333	7137	7853	15447	11682	5394	998	9282	8075	5126	940	7741	6787	4366	745	6240	11088	6996	877	12351
chr2	187731773	187961772	230000	4	0	230000	147514	82486	21225	7161	9287	14649	9444	5789	7576	9068	9482	3788	6223	6377	12170	5794	6492	12988	9756	4590	791	7394	7091	4084	666	6483	5847	3764	567	5582	9183	5886	682	10119
chr2	187961773	188800569	838797	5	0	838797	541213	297584	77539	26530	34599	53794	33523	20592	27110	33469	35592	13840	22513	23432	45808	21851	24388	46631	35471	16028	2906	28408	24920	14303	2222	23411	20613	13060	1936	18929	33690	21465	2360	37862
chr2	188800571	188838773	38203	5	0	38203	24376	13827	3240	1162	1546	2372	1505	993	1250	1581	1579	672	1042	1082	1997	961	1157	2235	1593	804	123	1268	1262	703	85	1086	936	615	69	908	1539	1014	89	1733
chr2	188838774	189091773	253000	4	0	253000	163398	89602	23241	7845	10543	16480	10170	6074	8028	10162	10854	4342	6715	7170	13845	6489	7288	14150	10395	4980	946	8429	7634	4320	689	7076	6081	3802	515	5654	10324	6617	724	11416
chr2	189091774	189232773	141000	3	0	141000	91596	49404	13207	4313	6097	9293	5457	3428	4470	5528	6213	2225	3751	3875	8033	3653	4087	7965	5791	2546	451	4831	4046	2273	359	3914	3462	2158	315	3193	5584	3616	397	6467
chr2	189232774	189376773	144000	4	0	144000	91907	52093	12912	4581	5974	8902	5979	3669	4863	5819	6158	2585	3844	4036	7320	3637	4089	7538	6187	2900	503	4882	4647	2517	316	3986	3602	2287	298	3344	5894	3762	409	6558
chr2	189376774	189637773	261000	3	0	261000	162880	98120	22384	8187	10962	14888	10372	6850	9234	9944	10699	4659	7654	7172	12965	6707	7506	12696	10866	5555	1057	8925	8540	5113	928	8123	6619	4821	792	6596	10374	7215	883	11712
chr2	189637774	189761773	124000	4	0	124000	76705	47295	10716	3816	4929	7081	4847	3277	4504	4566	4918	2103	3739	3356	6060	3134	3521	6137	4919	2742	501	4168	4164	2578	593	3959	3269	2552	524	3209	4842	3421	496	5357
chr2	189761774	190552773	791000	5	0	791000	487753	303247	67745	24765	32554	43262	30614	21184	29284	29394	31959	13703	23896	21704	38008	20076	22518	37086	32080	17401	3172	27075	26715	16923	3200	25600	20851	15907	2843	20217	30831	22207	2865	35359
chr2	190552774	190736773	184000	4	0	184000	111245	72755	15026	5628	7880	9568	7193	5185	7100	6638	7547	3430	5910	4809	8335	4293	5041	7661	7447	3951	794	6344	6424	4337	777	6246	5027	3920	669	5122	7218	5577	682	8219
chr2	190736774	191396773	660000	3	0	660000	402935	257065	54295	20366	27711	35302	25681	18628	24760	24867	27176	12054	20347	17843	30522	15924	18186	29272	26984	14629	2979	22381	22581	14563	2680	21680	18019	13289	2447	17412	26352	19023	2514	29531
chr2	191396774	191583773	187000	4	0	187000	111086	75914	14670	5478	7707	9406	7151	5532	7446	6810	7588	3466	6394	4885	7852	4253	5028	7419	7411	4233	920	6165	6691	4523	986	6676	5401	4435	815	5323	7436	5684	803	8411
chr2	191583774	191710773	127000	5	0	127000	77672	49328	10435	3941	5322	6718	4993	3668	4620	4860	5137	2262	3835	3446	5851	3133	3566	5884	5339	2847	529	4289	4356	2954	508	4172	3393	2498	401	3362	5053	3691	414	5521
chr2	191710774	191815773	105000	6	0	105000	64296	40704	8373	3133	4418	5946	4144	2803	3806	4162	4571	1972	3246	2886	4782	2489	2915	4650	4304	2190	484	3419	3530	2440	437	3405	2812	2011	319	2676	4268	3170	352	4885
chr2	191815774	191947773	132000	7	0	132000	80484	51516	10436	4033	5825	7135	5245	3619	5026	4955	5677	2464	4156	3523	6071	3048	3555	5714	5286	2814	596	4468	4377	2811	518	4396	3775	2611	433	3611	5407	3866	459	6088
chr2	191947774	192446773	499000	8	0	499000	322931	176069	45970	15411	21163	32446	20093	12243	15716	20131	21561	8247	13242	13871	27366	12867	14409	28194	21101	9044	1810	16814	14210	8249	1348	13669	12518	7618	1245	11521	20354	12566	1475	22526
chr2	192446774	192744773	298000	7	0	298000	193144	104856	27011	9260	12137	19460	11778	7624	9308	11864	12520	4760	7940	8404	16559	8069	8362	18088	12965	5625	1230	9892	8631	5173	834	8124	7112	4418	733	6493	11866	7547	973	13238
chr2	192744774	193199773	455000	6	0	455000	300892	154108	44172	14492	18587	31744	18722	10554	13439	18601	19361	7228	10999	12648	26741	12109	13147	28347	19580	8244	1466	15093	12494	6879	1093	11517	10930	6228	895	9452	18312	10632	1182	20110
chr2	193199774	193245080	45307	7	0	45307	29815	15492	4247	1444	1845	3115	1840	1157	1326	1815	1982	716	1118	1276	2582	1182	1318	2852	2013	817	173	1496	1269	681	105	1138	1038	620	112	936	1816	1075	164	2037
chr2	193245082	193372774	127693	7	0	127693	84548	43145	12655	4027	5179	8872	5232	3151	3669	5128	5285	1950	3173	3474	7562	3386	3589	8214	5548	2363	435	4168	3586	1887	331	3179	3078	1718	260	2710	4968	3015	346	5553
chr2	193372775	193584645	211871	8	0	211871	138895	72976	20274	6618	8684	14447	8578	5145	6363	8375	8934	3355	5313	5816	12237	5590	6140	13025	9070	4034	693	6911	5986	3410	603	5592	5010	3150	518	4580	8395	4997	610	9416
chr2	193584647	195274775	1690129	8	0	1690129	1109906	580223	160545	53776	69365	113561	69381	40774	50653	69360	71339	27012	41749	47763	95982	44790	48930	104926	73696	31734	5632	55290	48196	26296	3865	43563	40649	23471	3343	36623	67626	40418	4598	75221
chr2	195274776	195523775	249000	7	0	249000	155023	93977	21344	7617	10419	14401	9798	6708	8920	9573	10430	4395	7429	6809	12209	6139	7023	11809	10273	5294	933	8359	8194	5073	816	7795	6522	4585	695	6374	10010	6926	863	11263
chr2	195523776	195704775	181000	6	0	181000	109094	71906	15632	5481	7320	9425	7133	5146	6852	6231	6920	3181	5889	4900	8173	4402	4923	7486	7068	4179	862	6101	6301	4187	1156	6067	4965	4202	996	4930	7028	5144	832	7886
chr2	195704776	195852775	148000	7	0	148000	92981	55019	13271	4660	6145	8584	5884	3915	5233	5488	5922	2543	4255	4076	7584	3779	4281	7360	6134	3086	572	5105	4783	2852	469	4497	3861	2710	411	3742	5742	3952	532	6570
chr2	195852776	195980775	128000	6	0	128000	81018	46982	11401	4020	5295	7719	5157	3352	4363	5060	5371	2136	3623	3627	6506	3260	3498	6630	5365	2649	485	4269	4163	2405	371	3707	3276	2151	321	3061	5127	3441	447	5742
chr2	195980776	196112775	132000	5	0	132000	81853	50147	11252	4158	5419	7457	5292	3574	4704	5173	5569	2230	4002	3637	6173	3325	3563	6325	5567	2917	491	4312	4577	2769	407	4261	3415	2409	347	3235	5184	3919	457	5878
chr2	196112776	196237775	125000	4	0	125000	76617	48383	10516	3775	5168	6917	4746	3527	4640	4592	4935	2211	3818	3324	6178	3180	3467	5621	5036	2761	596	4300	4193	2700	576	4115	3417	2622	523	3256	4860	3501	505	5422
chr2	196237776	196467775	230000	5	0	230000	140176	89824	18617	7028	9617	12184	8814	6585	8774	8943	9554	4203	7194	6244	10462	5615	6458	9883	9535	5045	979	7872	7938	4998	804	7631	6310	4632	693	6191	9333	6697	816	10349
chr2	196467776	197221775	754000	4	0	754000	461168	292832	63568	23260	31028	40338	29361	21035	28271	28386	30393	13386	23385	20646	34872	18422	20844	33972	30865	16933	3090	25215	26090	16445	3010	24942	20436	15325	2829	19840	29661	21784	2835	33531
chr2	197221776	197348775	127000	3	0	127000	74439	52561	9851	3734	5105	5883	4785	3996	5240	4588	4805	2412	4468	3404	5132	2814	3382	4839	5173	3043	583	4156	4882	3185	659	4636	3683	3163	608	3700	4871	3971	544	5703
chr2	197348776	197543775	195000	2	0	195000	112563	82437	15809	5606	7270	9002	7250	6252	8312	6062	6564	3616	7035	4986	8063	4714	5061	6960	7253	4972	1208	6755	7377	5042	1620	7224	5820	5611	1520	5833	7426	5639	1270	7866
chr2	197543776	197723775	180000	3	0	180000	107480	72520	14771	5562	6980	9207	7066	5267	6961	6540	6903	3237	5838	4823	7781	4224	4759	7560	7238	4289	844	5918	6703	4486	1115	6197	5023	4284	888	4733	6870	5442	799	7690
chr2	197723776	197831775	108000	4	0	108000	67026	40974	9191	3418	4402	6194	4288	2845	3707	4223	4491	1833	3017	3022	5236	2719	3143	5295	4448	2319	470	3578	3656	2323	524	3193	2832	2067	497	2704	4127	2987	455	4794
chr2	197831776	197912775	81000	5	0	81000	50613	30387	6916	2540	3451	4559	3138	2146	2849	3157	3467	1336	2356	2270	3945	2034	2433	4016	3318	1680	313	2745	2562	1574	262	2589	2171	1438	188	2117	3239	2295	257	3637
chr2	197912776	197992775	80000	6	0	80000	49032	30968	6457	2553	3289	4348	3140	2209	2937	3139	3342	1347	2529	2261	3708	1927	2248	3596	3183	1734	282	2838	2738	1846	352	2518	2192	1553	234	2019	3312	2321	218	3628
chr2	197992776	198115775	123000	7	0	123000	77344	45656	10351	3884	5189	7353	4957	3343	4188	4853	5234	2110	3610	3402	6235	3073	3470	6090	5207	2591	466	4147	3952	2390	315	3760	3204	1981	277	3010	4978	3455	382	5541
chr2	198115776	198373775	258000	8	0	258000	159704	98296	21378	7876	10791	14459	10112	7238	9660	10024	10718	4607	7801	7088	12295	6316	7172	12167	10994	5494	872	8678	8656	5391	693	8240	7050	4757	579	6678	10334	7338	714	11828
chr2	198373776	198996572	622797	9	0	622797	400255	222542	56494	19515	26147	38979	25072	15880	19944	25534	26613	10283	16811	17505	32957	16021	17964	34534	26616	12365	2080	20639	19150	10763	1388	17555	15623	9480	1227	14444	25041	16248	1695	28228
chr2	198996574	199056776	60203	9	0	60203	38297	21906	5215	1913	2500	3640	2428	1570	2037	2527	2614	1045	1618	1688	3011	1553	1697	3241	2692	1229	215	1944	1934	1060	136	1721	1543	941	120	1404	2393	1620	169	2783
chr2	199056777	199556776	5e+05	8	0	5e+05	306309	193691	41625	15356	21039	27348	19682	13817	18186	19021	20498	9123	15383	13391	23563	12052	13553	22672	20474	11073	2155	16646	16908	11299	2188	16236	13453	10076	1923	12863	19871	14183	1926	22415
chr2	199556777	199687776	131000	7	0	131000	80271	50729	11157	4132	5539	7206	5325	3579	4824	4852	5560	2327	4130	3611	5993	2936	3446	5653	5327	2825	538	4284	4501	2875	511	4281	3530	2591	470	3367	5222	3878	521	6007
chr2	199687777	199826776	139000	6	0	139000	83355	55645	10741	4117	5644	7256	5419	4009	5604	5277	5615	2576	4613	3731	5983	3243	3706	5820	5697	3085	605	4558	5067	3413	450	4858	4010	3057	414	3895	5535	4233	511	6256
chr2	199826777	200014776	188000	5	0	188000	115051	72949	15771	5744	7726	10308	7364	5145	7018	6958	7491	3356	5821	5064	8923	4552	5181	8628	7566	4110	776	6346	6431	4187	846	6215	5107	3929	712	4992	7381	5453	704	8193
chr2	200014777	200157776	143000	4	0	143000	86557	56443	11090	4192	6061	7575	5704	3969	5541	5633	6066	2674	4557	3957	6058	3283	3952	6243	5935	3092	533	4558	5093	3419	402	4863	4073	2939	312	3970	5748	4327	459	6720
chr2	200157777	200413776	256000	3	0	256000	152894	103106	19504	7626	10798	12849	9805	7718	10204	9818	10566	4868	8413	6837	10901	5841	6798	10346	10611	5683	1154	8605	9289	6046	1041	8799	7491	5536	984	7183	10155	7910	993	11626
chr2	200413777	200662776	249000	2	0	249000	149810	99190	19781	7636	10498	12738	9840	7125	9852	9304	10319	4598	7990	6891	10714	5789	6516	10217	10257	5591	1065	8235	8826	5962	1051	8435	6995	5209	875	6891	10043	7512	947	11296
chr2	200662777	200923776	261000	1	0	261000	149817	111183	19413	7448	10061	11973	9832	8288	11338	9021	9662	4994	9331	6878	9989	5966	6687	8934	10164	6521	1418	8593	10484	7213	1679	9889	7740	7194	1633	7789	10091	8337	1292	11146
chr2	200923777	201228776	305000	2	0	305000	178507	126493	24963	8685	11414	14780	11472	9362	12804	10130	10745	5447	10911	8024	12661	7189	8026	11892	11494	7522	1502	10165	11788	7581	2062	11120	8728	8554	1850	9000	11758	8894	1604	12871
chr2	201228777	201362776	134000	3	0	134000	77429	56571	10207	3935	5353	6085	5296	4173	5628	4662	5275	2568	4737	3683	4801	2831	3502	4692	5271	3296	626	4314	5319	3833	828	4929	3913	3468	619	3891	5256	4312	609	6086
chr2	201362777	201984776	622000	4	0	622000	372472	249528	49973	18842	25405	31500	23646	17818	24726	22262	24796	11331	20414	16914	27306	14657	16825	26056	24515	14427	2908	20798	22496	15299	2946	21805	17213	13955	2574	17136	24228	18866	2730	27631
chr2	201984777	202092776	108000	3	0	108000	59969	48031	7483	2997	4358	4381	3967	3491	4846	3654	4197	2123	4258	2784	3572	2116	2535	3207	4106	2680	618	3323	4482	3456	854	4378	3283	3272	799	3416	4087	3763	633	4879
chr2	202092777	202545776	453000	2	0	453000	259026	193974	36817	12701	16302	20539	16834	14267	19713	14272	15291	8364	17284	11618	17418	10218	11509	15877	16569	11326	2677	14979	17730	12123	3814	17555	13546	13923	3480	13695	17241	13850	2887	18579
chr2	202545777	203759776	1214000	3	0	1214000	728639	485361	105439	35986	46082	62567	46256	35609	47988	41176	43951	21362	40996	32008	54428	30386	32565	51839	47313	28717	6011	41302	44419	27342	7162	42061	32771	30255	6647	33042	46526	34670	5896	51226
chr2	203759777	203935776	176000	4	0	176000	103501	72499	13046	5149	7307	8526	6743	5395	7167	6601	7250	3370	6101	4783	6989	3860	4569	6644	6953	4240	834	5747	6765	4349	855	6283	5118	4035	755	5060	7070	5628	752	8054
chr2	203935777	204135776	2e+05	5	0	2e+05	120201	79799	15231	5896	8740	10203	7785	5678	7637	7732	8574	3859	6683	5552	8480	4469	5442	8239	7950	4474	860	6618	7105	4725	722	6994	5613	4108	625	5335	8164	6239	711	9555
chr2	204135777	204621776	486000	6	0	486000	291517	194483	36327	14623	20620	24963	19270	14089	18923	19104	20298	9256	15745	13278	20638	11047	12952	20383	20141	10887	2042	15944	17434	11870	1828	16623	14150	10034	1503	13449	19661	14964	1727	22225
chr2	204621777	204727776	106000	7	0	106000	67614	38386	9285	3389	4483	6425	4171	2674	3568	4343	4468	1786	2800	2918	5657	2924	3022	5699	4508	2173	398	3694	3337	1900	254	3056	2666	1719	232	2477	4245	2755	326	4646
chr2	204727777	204968776	241000	8	0	241000	152487	88513	21155	7636	10154	14296	9665	6170	8352	9647	10154	4085	6768	6781	12267	6328	6846	12182	10175	4906	914	8223	7551	4391	642	7138	6326	3978	555	5925	9782	6447	725	10834
chr2	204968777	205088493	119717	9	0	119717	76127	43590	10498	3795	4855	7032	4666	3281	4073	4818	4950	2022	3199	3288	6067	3167	3338	7076	5261	2487	512	4006	3730	2193	339	3423	3113	1947	342	2778	4734	3058	409	5258
chr2	205088494	205153775	65282	9	0	65282	40952	24330	5498	2076	2831	3800	2570	1702	2262	2655	2830	1110	1850	1854	3307	1636	1834	3137	2766	1307	276	2175	2024	1189	238	1931	1765	1138	207	1668	2633	1747	261	3003
chr2	205153776	205335775	182000	8	0	182000	113296	68704	15596	5421	7712	10340	7007	4998	6499	7156	7630	3201	5486	4977	8836	4645	5122	8669	7709	3775	747	6035	5880	3607	595	5673	4767	3432	506	4683	7304	4941	622	8427
chr2	205335776	205545775	210000	7	0	210000	129708	80292	17192	6452	8823	11537	7965	5700	7793	8351	8959	3731	6433	5923	9888	5095	5808	10057	8567	4496	944	6971	7010	4302	697	6686	5652	3926	531	5463	8581	5972	756	9737
chr2	205545776	205661775	116000	6	0	116000	67405	48595	7962	3435	4877	5342	4394	3656	4875	4532	4785	2238	4095	3163	4476	2500	2897	4177	4784	2792	617	3636	4474	3072	541	4268	3559	2712	385	3474	4640	3779	495	5366
chr2	205661776	206274775	613000	5	0	613000	346432	266568	44950	17080	23940	26529	22664	20019	27161	20679	23007	11842	23073	15918	21878	12906	14932	19854	23462	15414	3440	19531	24727	18437	4481	24020	18860	17451	3933	18970	23474	20362	3419	26585
chr2	206274776	206401775	127000	6	0	127000	76515	50485	10409	3854	5141	6532	4870	3578	4847	4735	4970	2331	3862	3496	5687	3063	3399	5739	5140	2916	631	4140	4499	3286	736	4255	3405	2943	539	3335	4986	3631	524	5519
chr2	206401776	206758775	357000	7	0	357000	218452	138548	29180	10926	14975	19184	13793	10288	13083	13852	14830	6458	11154	9693	16462	8495	9924	16155	14723	7885	1572	11986	12106	7648	1390	11604	9859	6944	1264	9431	14328	10271	1420	16115
chr2	206758776	206817775	59000	6	0	59000	35147	23853	4599	1762	2610	2866	2286	1661	2305	2111	2431	1136	1887	1630	2521	1405	1593	2343	2352	1361	299	1953	2069	1499	302	2125	1616	1289	246	1657	2326	1845	253	2660
chr2	206817776	206901775	84000	7	0	84000	50969	33031	6462	2524	3528	4491	3354	2381	3060	3509	3568	1546	2675	2407	3621	1858	2374	3609	3412	1892	326	2679	3058	1925	245	2844	2402	1624	190	2238	3432	2631	257	3876
chr2	206901776	207166775	265000	6	0	265000	157835	107165	20319	7910	11407	13343	10389	7503	10378	9903	11364	5090	8832	7316	10907	5871	7094	10208	10484	6162	1229	8499	9529	6898	1066	9451	7576	5366	997	7305	10585	8518	1044	12455
chr2	207166776	207391775	225000	5	0	225000	133632	91368	16765	6720	9622	11049	8897	6571	8992	8662	9317	4394	7630	6109	9177	5122	5941	8664	9408	5209	951	7239	8255	5878	762	8011	6477	4723	661	6342	8982	7096	780	10592
chr2	207391776	207498775	107000	4	0	107000	63729	43271	8280	3213	4418	5357	4102	3139	4304	3969	4288	2037	3748	2927	4597	2293	2847	4209	4226	2425	507	3523	3822	2490	473	3780	3115	2429	433	3047	4351	3221	461	4967
chr2	207498776	207610775	112000	3	0	112000	68390	43610	9844	3502	4530	5895	4211	3088	4211	3932	4304	1920	3539	2989	5413	2904	3011	5096	4519	2464	512	3919	3719	2528	702	3612	2912	2436	585	2949	4292	3134	515	4811
chr2	207610776	207809775	199000	2	0	199000	111107	87893	15303	5479	7251	8408	7173	6529	8865	6207	6797	3710	7884	4880	7169	4277	4781	6393	7162	5047	1278	6508	7964	5932	2058	7796	6125	6464	1865	6422	7523	6307	1386	8055
chr2	207809776	208094412	284637	3	0	284637	166050	118587	22134	8318	11389	13282	10595	8832	11996	9777	10828	5358	10184	7287	11565	6385	7666	10452	10902	6866	1491	9634	10881	7259	1554	10710	8313	7365	1349	8605	11104	8914	1354	12286
chr2	208094413	208094441	29	6	0	29	29	0	27	0	0	0	0	0	0	0	0	0	0	0	0	0	0	0	0	0	0	0	0	0	0	0	0	0	0	0	0	0	0	0
chr2	208094442	208152775	58334	3	0	58334	32821	25513	4177	1599	2150	2591	2138	1877	2589	1814	1997	1158	2269	1468	2205	1258	1496	2035	2161	1429	395	1906	2307	1767	489	2264	1772	1753	486	1891	2178	1878	392	2443
chr2	208152776	208310775	158000	4	0	158000	92937	65063	12789	4633	6333	7709	6005	4552	6432	5268	6012	3029	5399	4171	6657	3638	4153	6156	6003	3755	859	5235	5900	4096	1036	5799	4287	4040	955	4486	6066	4940	808	6797
chr2	208310776	208360150	49375	5	0	49375	31419	17956	4599	1666	2045	2893	1937	1275	1672	1851	1976	812	1363	1321	2690	1335	1440	2543	2116	988	203	1781	1449	875	179	1457	1274	818	158	1186	1896	1279	200	2096
chr2	208360151	208426774	66624	5	0	66624	40136	26488	5183	1990	2734	3470	2510	1953	2488	2600	2671	1241	2116	1799	3013	1587	1845	2935	2784	1508	262	2218	2336	1635	375	2183	1832	1422	318	1788	2599	1964	269	2994
chr2	208426775	208605774	179000	6	0	179000	111412	67588	15377	5487	7427	10342	7133	4756	6479	7099	7522	3013	5336	5057	8602	4213	4924	8643	7322	3705	627	5815	5987	3772	527	5533	5011	3336	454	4571	7147	5006	528	8247
chr2	208605775	208620261	14487	7	0	14487	8966	5521	1253	471	583	807	620	397	522	558	598	257	406	422	643	326	457	644	628	332	35	456	510	312	36	462	388	249	31	398	571	427	34	652
chr2	208620263	209345775	725513	7	0	725513	460013	265500	64225	23260	30313	43830	30121	18639	24448	29295	31314	12455	19726	21005	35968	17834	20592	36988	30983	15083	2578	23544	23246	13454	1884	20980	18760	11436	1664	17386	29514	19591	2226	33169
chr2	209345776	209404775	59000	6	0	59000	37572	21428	5142	1764	2430	3769	2418	1548	1941	2389	2427	984	1640	1671	3118	1541	1709	3079	2423	1194	230	1991	1801	950	187	1666	1659	943	212	1450	2413	1517	179	2613
chr2	209404776	209528775	124000	7	0	124000	79361	44639	11320	3817	5234	7737	4842	3102	4067	4871	5186	2139	3442	3322	6759	3285	3588	6648	5201	2453	430	4260	3695	2230	369	3640	3045	2030	316	2881	4941	3221	377	5550
chr2	209528776	209894775	366000	8	0	366000	231802	134198	32435	11212	15558	22218	14407	9391	12297	14509	15555	6242	10380	10370	19025	8949	10453	18799	14953	7317	1498	12027	11231	6487	1240	10820	9544	6242	1117	9175	14876	9732	1273	16666
chr2	209894776	210165775	271000	7	0	271000	170385	100615	24393	8436	11307	15723	10527	7180	9410	10259	11090	4589	7695	7389	13849	6944	7864	13729	11329	5605	1067	9149	8642	5168	966	8399	6833	5123	827	6743	10572	7279	928	11984
chr2	210165776	210187775	22000	6	0	22000	13368	8632	1908	687	873	1189	829	575	824	795	913	377	611	625	1008	517	632	1003	878	482	109	687	739	558	167	677	602	468	158	580	804	633	94	996
chr2	210187776	210354775	167000	7	0	167000	105098	61902	14902	5226	7113	9893	6997	4261	5706	6250	7136	2851	4887	4661	8098	4113	4743	8260	6745	3549	562	5595	5499	3156	507	5075	4262	2951	440	4025	6708	4580	493	7754
chr2	210354776	210674775	320000	8	0	320000	201081	118919	27219	10008	13734	18767	12751	8253	11073	12586	13738	5545	9123	9019	16019	8052	9365	15828	13062	6586	1267	10943	10068	6152	953	9749	8580	5447	787	7900	12953	8737	1031	14703
chr2	210674776	210923775	249000	7	0	249000	158455	90545	21476	7916	10538	15114	10160	6313	8302	10055	10594	4192	6935	7032	12814	6439	7406	13167	10562	5037	855	8406	7678	4363	575	7310	6460	3993	501	6052	10130	6533	677	11413
chr2	210923776	211031775	108000	6	0	108000	69772	38228	9909	3488	4364	6940	4430	2697	3375	4337	4647	1787	2816	3011	5714	2755	3163	6338	4700	2121	367	3538	3206	1916	307	2975	2690	1606	256	2284	4243	2761	336	4921
chr2	211031776	211148442	116667	5	0	116667	76226	40441	10273	3527	4914	7596	4655	2772	3610	4719	5003	1940	2966	3343	6379	3158	3448	7921	4923	2145	416	3913	3357	1844	256	3086	2793	1619	199	2637	4683	2935	333	5302
chr2	211148443	211153774	5332	5	0	5332	3409	1923	485	143	220	338	217	116	148	210	206	92	192	166	278	128	176	294	190	96	18	174	145	83	28	158	132	93	17	132	224	142	17	272
chr2	211153775	211448774	295000	4	0	295000	188365	106635	26325	9100	12723	18115	11814	7332	9610	11410	12653	4935	8389	8390	15471	7546	8809	15741	12044	5847	1129	9893	8666	5129	781	8892	7417	4723	676	7070	12039	7769	884	13676
chr2	211448775	211597774	149000	5	0	149000	95524	53476	13402	4690	6200	9349	5992	3692	4847	5767	6232	2466	4066	4194	8015	3968	4426	8217	6197	2947	623	5049	4437	2587	459	4191	3747	2311	377	3592	5917	3829	505	6707
chr2	211597775	212038774	441000	6	0	441000	287882	153118	41299	13757	18316	29402	17488	10659	13446	17523	18618	7230	11454	12364	25369	11693	13052	26211	18561	8278	1672	14828	12331	6907	1241	11926	10428	6451	1054	9775	17796	10769	1361	19739
chr2	212038775	212324279	285505	5	0	285505	187723	97782	26967	9023	11785	19444	11288	6724	8624	11745	12051	4584	7121	8120	16913	7529	8402	17401	11981	5179	1043	9657	7816	4391	687	7504	6936	3970	549	6193	11648	6858	791	12579
chr2	212324281	212380775	56495	5	0	56495	37582	18913	5379	1742	2270	3942	2219	1417	1662	2360	2288	887	1306	1603	3447	1592	1655	3812	2491	1002	193	1952	1558	815	97	1368	1319	715	92	1226	2290	1306	142	2346
chr2	212380776	212818775	438000	4	0	438000	280861	157139	38866	13626	18441	27713	17704	11038	14128	17409	18713	7322	11908	12180	23363	11520	12583	24346	18463	8768	1511	14764	13188	7630	1282	12465	10913	6897	1090	10044	17714	11270	1351	19788
chr2	212818776	213037775	219000	3	0	219000	137652	81348	18751	6892	9443	12872	8735	5601	7494	8604	9525	3850	6209	6174	10947	5518	6337	10700	8965	4584	843	7468	6979	4236	663	6807	5606	3659	564	5214	8884	6206	674	9994
chr2	213037776	213279775	242000	4	0	242000	156101	85899	22328	7791	10317	15161	9479	5993	7817	9248	10184	3994	6412	6726	13605	6711	7087	13247	10096	4776	961	8656	6895	4072	755	6813	5780	3600	692	5486	9766	6087	786	10677
chr2	213279776	213375775	96000	5	0	96000	61455	34545	8592	3050	3931	6055	3895	2410	3164	3937	4097	1589	2475	2745	5043	2610	2676	5185	4155	1944	358	3202	3019	1725	266	2691	2387	1452	243	2196	3845	2581	323	4157
chr2	213375776	213496775	121000	6	0	121000	76115	44885	10184	3670	4974	7231	4634	3059	4211	4836	4907	2082	3529	3355	6335	3045	3473	6588	4904	2488	382	4082	4028	2467	334	3803	3166	2219	264	2875	4642	3458	346	5427
chr2	213496776	213752775	256000	7	0	256000	163025	92975	23307	7870	10498	15802	10202	6513	8448	10086	10630	4272	7193	7293	13338	6499	7419	13654	10498	5239	946	8471	7855	4512	834	7527	6484	4322	799	6099	10411	6655	861	11461
chr2	213752776	214112775	360000	8	0	360000	232390	127610	32825	11220	14951	22680	14341	9118	11574	14509	15285	5915	9692	9949	19225	9417	10290	21398	15525	6887	1229	12028	10698	6091	868	10097	8944	5598	728	8074	14375	9178	981	16308
chr2	214112776	214352775	240000	7	0	240000	154628	85372	21818	7466	9815	15358	9809	5941	7841	9606	10115	4008	6383	6905	12715	6115	7078	13653	10024	4674	775	8058	7267	4073	590	6676	6090	3756	478	5500	9816	6103	609	10883
chr2	214352776	214779775	427000	6	0	427000	268662	158338	37181	13305	17884	25109	17153	11315	14844	16989	17992	7349	12036	11899	21152	10947	12318	21187	17855	8821	1693	14547	13563	7993	1269	12662	11460	7283	1102	10813	17423	11390	1404	19060
chr2	214779776	214926775	147000	5	0	147000	90057	56943	12208	4501	6219	7952	5730	3910	5343	5574	6054	2631	4553	4150	6888	3672	4080	6592	5838	3270	589	5017	5003	3355	715	4714	3826	2967	555	3704	5890	4194	545	6759
chr2	214926776	215044775	118000	4	0	118000	74795	43205	10422	3647	4735	7229	4678	3082	3942	4785	4799	2066	3346	3307	6133	3047	3404	6171	4840	2436	531	4035	3740	2054	415	3370	3094	2016	317	2839	4813	3073	449	5183
chr2	215044776	215058608	13833	3	0	13833	8816	5017	1147	460	588	804	527	397	451	600	577	230	370	395	750	353	428	737	648	261	52	479	438	220	28	377	375	205	18	344	514	377	44	637
chr2	215058610	215408776	350167	3	0	350167	210767	139400	29146	10477	14213	18315	13728	10417	13374	12602	13954	6364	11461	9406	15323	8402	9320	14265	14284	8019	1786	11571	12508	7837	1838	11808	9669	7792	1612	9489	13660	10341	1684	15500
chr2	215408777	215674921	266145	4	0	266145	163352	102793	22417	8073	11230	14637	10497	7564	9713	10103	11334	4854	8226	7235	12109	6239	7133	11987	10946	5780	1161	8843	8973	5693	1128	8516	7152	5269	953	6728	10806	7567	1062	12215
chr2	215674923	215674968	46	4	0	46	26	20	2	0	1	2	1	4	1	2	2	1	1	2	0	3	2	1	3	2	0	3	2	0	0	2	1	1	0	0	2	1	2	0
chr2	215674970	215679423	4454	4	0	4454	2980	1474	492	136	167	305	168	116	123	178	178	65	126	106	263	117	135	303	208	90	7	129	111	73	6	123	97	56	6	93	170	94	5	206
chr2	215679425	215679464	40	4	0	40	21	19	2	1	0	1	0	1	2	1	2	1	3	0	1	1	1	2	2	2	0	0	1	4	0	4	0	0	0	0	1	3	0	2
chr2	215679466	215825776	146311	4	0	146311	87767	58544	11536	4348	6390	7384	5796	4239	5689	5360	6224	2756	5072	3989	6102	3169	3876	5835	5794	3288	608	4822	5283	3431	491	5157	4133	3013	434	4048	5874	4630	537	7001
chr2	215825777	216144776	319000	3	0	319000	186004	132996	23982	9340	13165	14793	12153	9836	13231	11411	12750	6114	11486	8478	12395	7189	8124	11556	12722	7667	1633	10457	12061	8339	1732	11812	9368	7757	1504	9115	12480	10182	1543	14623
chr2	216144777	216313776	169000	2	0	169000	96588	72412	11777	4693	7115	7328	6148	5385	7362	6056	6707	3286	6361	4486	6281	3557	4279	5765	6614	4178	727	5402	6704	4997	917	6724	5062	4448	703	5095	6571	5719	655	7896
chr2	216313777	216549776	236000	3	0	236000	133216	102784	16116	6440	9648	9945	8702	7566	10707	8346	8963	4749	8990	6142	8368	4950	5909	7673	9045	5923	1133	7604	9756	7136	1247	9568	7465	6609	1084	7370	9055	8039	1038	10712
chr2	216549777	216693776	144000	2	0	144000	74935	69065	8114	3692	5630	4709	4866	5044	7252	4678	5373	3089	6396	3389	3791	2488	3144	3278	5084	3945	952	4332	6660	5930	1307	6670	4903	4964	1114	4957	5193	5728	863	6463
chr2	216693777	216856776	163000	3	0	163000	89142	73858	9786	4479	6787	6022	5938	5558	7678	5650	6524	3486	6835	4136	4826	3046	3916	4474	6363	4385	776	5045	7113	5656	879	7103	5108	4531	720	5197	6241	6178	691	7871
chr2	216856777	217074776	218000	4	0	218000	123011	94989	14002	6175	9361	9053	8181	6948	9765	8087	8998	4493	8349	5608	7411	4316	5401	6862	8747	5430	1011	6744	9003	6928	896	8934	6753	5654	706	6735	8478	7749	757	10463
chr2	217074777	217968776	894000	3	0	894000	502566	391434	56389	24193	37098	37646	32483	28562	40521	32852	36006	18781	34838	23521	30448	17334	21999	29895	35286	21968	3997	27618	37042	29994	4152	36903	27273	23712	3086	27255	34817	32416	3233	42680
chr2	217968777	218164776	196000	2	0	196000	101491	94509	10434	4832	7454	6272	6445	6926	10445	6306	6952	4466	8645	4922	5161	3372	4247	4612	7334	5428	1024	5810	9205	9061	1427	9489	6404	6637	1050	6653	7179	8056	913	8837
chr2	218164777	218751776	587000	1	0	587000	315156	271844	38682	15180	21617	21636	20239	19793	28880	17584	19915	11914	24886	14431	18279	11953	14169	15997	20369	16124	3538	18809	25993	20968	5257	26311	18493	20577	4774	19484	21642	20861	3695	24948
chr2	218751777	218865266	113490	2	0	113490	60563	52927	7169	3071	4266	4126	4012	3674	5445	3621	4160	2371	4799	2808	3291	2061	2650	3037	4003	3144	628	3402	5087	4448	1077	5146	3552	3849	847	3606	4111	4317	704	5006
chr2	218865268	219200777	335510	2	0	335510	172625	162885	18091	8053	12672	11077	10832	11408	16792	10164	11787	7181	14686	7846	9183	6143	7863	8847	11439	9232	2013	10100	15390	15156	3808	15942	10675	12667	3476	11486	11692	13241	2081	14485
chr2	219200778	219582777	382000	1	0	382000	180913	201087	16116	8044	12702	9722	11244	14578	21676	10938	11411	8832	18325	8375	7813	6298	7584	7255	12788	11670	2910	10384	19093	21295	5664	20048	13696	17162	4724	14708	12858	15972	2966	15147
chr2	219582778	219703777	121000	2	0	121000	62579	58421	6729	2987	4562	4021	4087	4266	6131	3736	4188	2681	5353	2939	3296	2127	2619	2856	4234	3479	796	3552	5567	5324	1200	5747	3917	4306	940	4197	4502	4730	760	5169
chr2	219703778	219799470	95693	3	0	95693	53981	41712	6273	2635	3954	4117	3569	2981	4292	3548	3797	1915	3719	2586	3340	1921	2290	3043	3633	2386	470	2963	3968	3084	473	3869	3020	2507	362	2959	3769	3418	365	4465
chr2	219799472	219842778	43307	3	0	43307	25347	17960	3231	1265	1720	2057	1770	1328	1781	1667	1724	808	1495	1194	1548	949	1111	1698	1728	1054	208	1360	1718	1132	189	1507	1390	992	146	1314	1711	1367	217	1926
chr2	219842779	220379778	537000	4	0	537000	318821	218179	39470	15813	22741	26892	21010	15959	21646	20350	22124	10136	17988	14797	22312	11908	14096	21578	21674	12584	2248	17310	20217	13870	1925	19143	15715	11745	1535	15167	21359	16956	1880	24850
chr2	220379779	220634984	255206	5	0	255206	156291	98915	20050	7609	10895	13920	10195	7076	9593	10159	10862	4807	7904	7272	11368	5901	6954	11725	10571	5482	990	8350	8840	5535	716	8378	7154	4807	609	6637	10458	7645	761	11981
chr2	220634986	220710779	75794	5	0	75794	46383	29411	5977	2254	3226	4146	2993	2114	2796	2981	3293	1393	2470	2104	3340	1737	2075	3482	3107	1652	298	2441	2541	1605	265	2542	2111	1414	194	1981	3125	2282	249	3604
chr2	220710780	221472779	762000	6	0	762000	469840	292160	62991	22891	32097	42797	30028	21085	27540	29617	31949	13891	23579	21141	35807	18118	21032	35275	31324	16373	3317	24971	25440	16249	2606	24644	20500	14386	2226	19564	31007	21931	2553	35069
chr2	221472780	221899779	427000	7	0	427000	260838	166162	35049	12818	17948	23471	16759	12134	15820	16250	17725	7617	13611	11869	19753	9882	11431	18699	17199	9234	1998	14020	14623	9349	1771	13754	11920	8692	1448	11332	17221	12222	1675	19704
chr2	221899780	221916340	16561	6	0	16561	10570	5991	1487	520	648	1034	658	432	568	658	661	295	484	436	883	444	473	888	774	317	61	539	495	313	35	490	412	255	21	402	636	447	51	742
chr2	221916342	222323780	407439	6	0	407439	244685	162754	32542	12231	17333	21141	15890	11819	15259	15355	17245	7630	13278	11014	17570	9145	10681	16552	16622	9012	2037	13154	14057	9843	2224	13750	11520	8579	1912	10875	16123	12440	1832	18772
chr2	222323781	222435780	112000	5	0	112000	68708	43292	9321	3328	4762	6033	4475	3021	4148	4268	4562	2084	3439	3177	5086	2625	3008	5370	4542	2407	456	3653	3898	2494	403	3648	2984	2254	360	2930	4488	3288	361	5125
chr2	222435781	222503780	68000	4	0	68000	39386	28614	4820	2041	2800	3021	2588	2162	2914	2638	2669	1371	2475	1755	2605	1507	1670	2350	2872	1720	315	2174	2657	1798	270	2622	2056	1623	254	1981	2716	2206	267	3081
chr2	222503781	222594780	91000	3	0	91000	54212	36788	7018	2776	3652	4453	3464	2774	3658	3592	3576	1730	2943	2465	3841	2182	2383	3704	3782	2143	453	3084	3371	2262	389	3148	2639	1967	315	2521	3697	2798	335	3883
chr2	222594781	222816738	221958	2	0	221958	131314	90644	17776	6600	8828	10879	8349	6604	9136	7948	8469	4181	7606	5901	9488	5073	5795	8680	8710	5160	1144	7444	8278	5318	1218	7928	6330	5465	1075	6416	8719	6799	1063	9576
chr2	222816739	222816768	30	5	0	30	4	26	0	0	0	0	0	1	2	0	0	1	0	0	0	0	0	0	0	1	0	0	2	9	3	1	1	5	0	1	0	0	1	0
chr2	222816769	222820980	4212	2	0	4212	2453	1759	342	98	173	215	143	108	168	124	162	85	146	118	180	82	99	209	143	83	18	129	135	140	62	163	99	138	30	107	166	139	19	187
chr2	222820982	222982781	161800	2	0	161800	96032	65768	13101	4841	6484	8030	6030	4750	6443	5737	6391	3011	5455	4298	6933	3856	4200	6471	6507	3705	892	5354	5680	4113	1084	5723	4486	3816	864	4388	6287	4965	786	7117
chr2	222982782	223085781	103000	3	0	103000	60409	42591	7600	2943	4392	4879	3985	3051	4238	3933	4332	2128	3717	2742	3897	2206	2651	3714	4132	2417	474	3304	3888	2680	375	3904	3002	2292	312	2890	4185	3458	377	4900
chr2	223085782	223208781	123000	4	0	123000	74070	48930	9623	3759	5287	6413	4899	3544	4753	4724	5119	2325	3956	3399	5441	2725	3174	4928	4952	2865	466	4070	4513	2891	457	4222	3473	2606	362	3253	4982	3721	471	5625
chr2	223208782	223409781	201000	5	0	201000	125295	75705	16675	6236	8547	11554	8216	5309	7097	8150	8698	3580	5934	5777	9422	4843	5482	9773	8343	4408	705	6512	6878	4085	495	6183	5294	3431	417	4964	8257	5717	615	9401
chr2	223409782	223413781	4000	6	0	4000	2488	1512	311	102	207	221	172	101	129	146	202	67	146	115	156	82	114	216	133	65	15	139	122	61	6	134	110	78	8	110	184	118	15	213
chr2	223413782	223586781	173000	5	0	173000	106026	66974	13936	5245	7087	9628	6960	4914	6280	6956	7117	3069	5429	4828	7883	4123	4774	7796	7047	3883	711	5710	6126	3710	550	5626	4838	3345	458	4526	7100	5074	561	7708
chr2	223586782	223613681	26900	4	0	26900	16387	10513	2118	828	1156	1479	1100	681	969	1072	1158	478	841	732	1204	602	719	1249	1037	555	133	864	895	623	133	877	793	535	105	753	1097	815	107	1190
chr2	223613683	223920782	307100	4	0	307100	178232	128868	23467	8717	11904	14493	11759	9811	13171	10754	11232	5781	11285	8132	12123	6698	7684	11221	11941	7503	1485	10078	12004	8008	1655	11548	9303	8262	1517	9132	12247	9440	1457	13286
chr2	223920783	223937782	17000	3	0	17000	9886	7114	1316	489	691	787	640	550	750	569	628	316	596	473	698	362	448	571	667	410	85	555	662	386	77	663	518	462	74	542	662	530	96	725
chr2	223937783	224076782	139000	4	0	139000	79468	59532	9806	4142	5670	6077	5105	4413	5928	4970	5453	2795	4908	3507	5331	3148	3480	4734	5495	3517	852	4633	5445	4024	987	5291	4086	3654	831	4053	5390	4552	712	6009
chr2	224076783	224342782	266000	5	0	266000	157073	108927	19394	7862	11501	12907	10408	7884	10653	9960	11016	5308	9208	7424	10846	5750	6870	10080	10633	6268	1186	8717	9980	6974	1023	9813	7370	5907	845	7254	10922	8641	946	12448
chr2	224342783	224636782	294000	4	0	294000	175820	118180	24092	8823	11777	15079	11195	8835	11405	10615	11263	5382	9790	7878	13221	7095	7634	11736	11933	6680	1600	9921	10489	7066	1729	9972	8084	6867	1513	8011	11544	8643	1424	12702
chr2	224636783	224810782	174000	5	0	174000	103039	70961	13628	4977	6806	8686	6731	5339	6977	6602	6699	3244	6019	4795	7039	3966	4466	7065	6842	4078	879	5727	6653	4191	825	6123	4992	4225	781	4886	7162	5298	767	7530
chr2	224810783	224949782	139000	6	0	139000	84780	54220	11283	4082	5702	7575	5358	4421	5044	5586	5785	2471	4345	3839	6217	3334	3658	6078	5990	3029	659	4630	4890	2922	597	4387	3789	2843	462	3582	5740	4002	548	6150
chr2	224949783	225325498	375716	5	0	375716	233606	142110	31068	11408	15727	21559	14840	10346	13154	15065	16083	6612	11141	10504	17771	9195	10483	18649	15648	7802	1497	12613	12401	7608	1298	11614	10059	6826	1177	9226	15297	10685	1306	17052
chr2	225325500	225447783	122284	5	0	122284	78163	44121	10741	3709	5114	7747	4835	3184	3952	4968	5225	2106	3542	3386	6510	3071	3547	6525	5093	2369	458	4150	3742	2177	288	3502	3062	1884	248	2888	5042	3280	322	5615
chr2	225447784	225617783	170000	4	0	170000	104727	65273	13741	5121	7273	9449	6784	4631	6208	6842	7338	3075	5242	4813	7721	3921	4690	7878	7037	3544	573	5594	5824	3603	500	5485	4611	3315	406	4311	6993	4949	503	8023
chr2	225617784	225813783	196000	3	0	196000	122706	73294	16257	5934	8280	11411	7785	5461	6645	7919	8297	3445	5825	5466	9544	4758	5493	10184	8301	4127	790	6380	6268	3897	559	6087	5216	3325	494	4817	8025	5462	587	8959
chr2	225813784	226036783	223000	2	0	223000	142748	80252	19806	6940	9353	13829	9052	5654	7186	9103	9472	3830	6109	6275	11598	5698	6221	12621	9438	4479	790	7415	6954	4078	571	6295	5545	3446	522	5033	9059	5895	605	10126
chr2	226036784	226205783	169000	1	0	169000	106627	62373	14703	5194	7258	10029	6916	4414	5919	6639	7273	2907	4923	4915	8292	4004	4675	8565	7050	3352	571	5545	5419	3095	410	5052	4429	2875	323	4233	6990	4654	428	7946
chr2	226205784	226407783	202000	2	0	202000	126091	75909	16709	6166	8590	11771	8090	5532	7033	8066	8728	3602	6178	5707	9709	4849	5694	9666	8734	4119	691	6606	6444	4002	548	6476	5228	3523	414	4909	8315	5826	569	9504
chr2	226407784	226670783	263000	3	0	263000	160383	102617	20427	8202	10991	13926	10396	7785	9784	10599	11260	4883	8387	7244	11462	5995	7084	11957	11240	5852	1048	8725	9277	5761	823	8510	7242	4982	691	6691	10804	7776	874	12320
chr2	226670784	226871783	201000	4	0	201000	120356	80644	15964	6082	8181	10423	7847	6092	7641	7530	7958	3713	6325	5258	8881	4711	5411	8339	8357	4589	1008	6643	7146	4985	1102	6772	5735	4443	1014	5594	7872	5989	844	8549
chr2	226871784	227187783	316000	5	0	316000	188314	127686	24463	9579	12752	15913	12259	9471	12543	12105	12713	5907	10140	8594	13272	7377	8200	13025	12958	7508	1525	10343	11810	7948	1436	11044	9023	7070	1219	8448	12587	9712	1254	13800
chr2	227187784	227296783	109000	4	0	109000	65702	43298	8757	3230	4239	5635	4089	3209	4263	4153	4234	2025	3476	2868	4781	2729	2772	5240	4603	2584	508	3498	3946	2651	539	3816	3056	2329	395	2770	4109	3388	440	4666
chr2	227296784	227572783	276000	3	0	276000	166020	109980	23486	8524	10999	14256	10669	7961	10964	9712	10661	4934	8843	7114	12450	6924	7244	11278	11051	6391	1483	9418	9936	6254	1546	9244	7753	6441	1310	7600	10565	7894	1305	11788
chr2	227572784	227688783	116000	4	0	116000	67338	48662	8736	3250	4478	5613	4541	3755	4933	4099	4371	2259	4151	3140	4430	2528	2889	4163	4538	2949	593	3712	4650	2961	659	4291	3505	2984	534	3365	4635	3667	536	5083
chr2	227688784	227828783	140000	5	0	140000	80073	59927	10758	3966	5537	6238	5337	4534	6038	4697	5402	2686	5261	3624	5002	2947	3388	4657	5238	3573	840	4483	5663	3748	939	5373	4219	3927	817	4133	5486	4476	776	6235
chr2	227828784	227924783	96000	6	0	96000	56893	39107	7079	2740	3839	4585	3637	2932	3833	3849	3643	1858	3189	2914	3884	2185	2497	4228	3911	2255	485	3063	3536	2299	455	3418	2783	2248	423	2626	4022	2906	425	4251
chr2	227924784	228031783	107000	7	0	107000	64764	42236	8520	3262	4534	5538	4372	2983	4113	4100	4345	2060	3458	3076	4617	2395	2867	4523	4325	2383	498	3494	3774	2356	375	3593	3100	2142	311	2945	4369	3218	412	4940
chr2	228031784	228228783	197000	8	0	197000	122753	74247	16693	6112	8210	11363	7912	5394	6995	7921	8389	3450	5888	5425	9384	4753	5288	9575	8374	4010	793	6532	6514	3934	629	5928	5376	3545	559	4900	7959	5517	655	9021
chr2	228228784	228306783	78000	9	0	78000	48712	29288	6340	2437	3107	4470	3108	2111	2763	3079	3284	1295	2339	2167	3622	1889	2175	4526	3278	1732	298	2424	2645	1600	214	2428	2075	1411	167	1929	3063	2144	275	3603
chr2	228306784	228537783	231000	8	0	231000	145051	85949	19820	7127	9714	13585	9346	6213	7971	9146	9673	3989	6830	6474	11407	5735	6454	11566	9795	4745	839	7685	7421	4462	677	6900	6149	3979	579	5751	9311	6274	749	10632
chr2	228537784	228974783	437000	9	0	437000	272541	164459	36713	13400	18412	25371	17481	11726	15147	17790	18860	7773	13189	12359	20842	10421	12057	20998	18113	9102	1787	14318	14461	8728	1321	13360	11642	7548	1108	10790	17928	12492	1424	20337
chr2	229185784	229306783	121000	8	0	121000	73571	47429	9591	3673	5169	6401	4809	3445	4517	4767	5074	2254	3748	3297	5360	2879	3210	5377	5070	2665	507	4009	4283	2726	481	3961	3330	2335	372	3315	4854	3726	434	5359
chr2	229306784	229616783	310000	7	0	310000	183509	126491	23531	9035	12717	15298	11804	9596	12492	12000	12506	5951	10525	8768	12740	6774	7786	11986	12581	7279	1607	9889	11441	7708	1401	11056	9068	6983	1120	8607	12802	9635	1344	13968
chr2	229616784	229749783	133000	6	0	133000	76733	56267	9485	3749	5260	6268	5067	4287	5636	5143	5182	2663	4657	3442	5028	2825	3220	4819	5343	3235	656	4290	5192	3777	806	4929	4213	3328	625	3928	5386	4364	569	5626
chr2	229749784	229909783	160000	5	0	160000	98897	61103	14530	5202	6545	8663	6205	4489	6066	5582	6100	2785	4766	4160	8104	4275	4464	6959	6620	3494	790	5847	5242	3054	725	5014	4269	3394	708	4135	6211	4093	661	6846
chr2	229909784	230205020	295237	4	0	295237	169560	125677	22759	8288	11051	13414	11120	9436	12889	10290	10518	5618	10677	7771	11116	6411	7176	11025	11368	7431	1568	9385	12011	8119	1985	11197	8996	8320	1769	8943	11360	9442	1514	12268
chr2	230205022	230540784	335763	4	0	335763	199691	136072	25735	9992	14209	16574	13305	9683	13696	12585	14311	6568	11332	9407	13160	7289	8425	13418	13724	7956	1350	10502	12582	8478	1202	12228	9360	7238	993	8841	13603	10818	1105	16092
chr2	230540785	230926784	386000	3	0	386000	213164	172836	26397	10878	14847	15336	14030	12779	18042	12670	14157	7950	14853	9654	12874	7955	9085	11656	14724	10388	2378	12072	16269	13090	3038	15938	12060	11638	2507	12119	14468	13218	2229	16699
chr2	230926785	231053781	126997	2	0	126997	65598	61399	7131	3058	4602	4307	4175	4724	6543	3976	4294	2818	5409	3124	3498	2249	2605	3084	4625	3627	879	3717	6006	5413	1332	5934	4130	4683	1135	4272	4657	4962	790	5236
chr2	231053783	231106785	53003	2	0	53003	31937	21066	4398	1692	2248	2750	2083	1511	1998	1744	2048	936	1647	1384	2559	1299	1469	2170	2089	1237	262	1850	1848	1288	321	1764	1462	1198	280	1451	1937	1498	283	2297
chr2	231106786	231201143	94358	1	0	94358	55983	38375	7727	2830	3724	4633	3420	2703	3931	3160	3517	1751	3118	2495	4250	2233	2523	3966	3582	2199	486	3251	3391	2355	626	3361	2659	2366	561	2656	3582	2813	459	4028
chr2	231201145	231319312	118168	1	0	118168	65730	52438	8395	3376	4406	4748	4312	4078	5586	3934	4216	2323	4498	2933	4001	2539	2867	3517	4550	3135	795	3836	4983	3456	860	4742	3752	3658	804	3896	4625	3791	671	4883
chr2	231319314	231360823	41510	1	0	41510	22167	19343	2738	1099	1512	1503	1449	1421	2115	1297	1424	857	1655	1015	1241	822	946	1073	1551	1066	322	1259	1844	1501	367	1816	1370	1499	360	1435	1517	1463	253	1718
chr2	231360825	231675178	314354	1	0	314354	157362	156992	18594	7527	10403	9404	10350	11862	17225	8677	9430	6919	14450	7199	7554	5321	6131	6316	10725	9247	2476	9181	15284	13696	3982	15326	10804	13302	3529	11440	11301	12044	2391	12262
chr2	231675180	231870789	195610	1	0	195610	102862	92748	12264	5061	6238	6835	6204	7188	10441	5279	6753	3633	8710	4522	5177	4246	5116	5194	7381	5201	1245	6301	8647	7147	2251	8329	6341	7606	2027	6653	6743	6420	1233	9222
chr2	231870790	232058789	188000	2	0	188000	106058	81942	13948	5234	7176	8171	6865	6012	8460	6232	7013	3790	7204	4631	6703	3919	4486	6212	7255	4684	1086	5930	7665	5717	1382	7417	5543	5583	1315	5725	7106	6197	1083	8254
chr2	232058790	232346789	288000	3	0	288000	163031	124969	19743	8188	12019	12057	10409	9045	13386	9777	11614	5728	10536	7223	10241	6123	7226	9714	11125	7197	1412	9350	11661	8762	1494	11745	8777	8003	1378	8964	11054	9700	1238	13109
chr2	232346790	232437789	91000	2	0	91000	43714	47286	4743	2028	2933	2497	2803	3530	5274	2493	2722	2116	3985	1873	1934	1416	1635	1731	3135	2821	744	2390	4555	4532	1403	4597	3367	4196	1334	3515	3043	3538	791	3324
chr2	232437790	232753789	316000	1	0	316000	160273	155727	18171	7445	10968	10025	10217	11603	16913	9313	9961	6851	13941	7131	8260	5706	6560	7207	11118	9039	2169	9279	14821	14208	3686	15288	10814	12804	3219	11397	11293	11952	2222	12417
chr2	232753790	232935789	182000	2	0	182000	101843	80157	12915	5130	6807	7609	6226	6421	8304	6054	6615	3659	6502	4411	6706	3967	4296	6219	7336	4668	1284	5889	7186	6013	1627	7021	5535	5424	1464	5523	6948	5742	1021	7476
chr2	232935790	233139031	203242	3	0	203242	106656	96586	11948	4979	7183	7086	6911	7560	10624	6605	6834	4399	8549	5198	5503	3570	4136	5571	7748	5635	1317	5808	9747	7995	1789	9005	6815	7304	1435	7006	7389	7602	1317	8672
chr2	233145096	233155853	10758	3	0	10758	5522	5236	483	286	393	350	336	406	585	384	409	248	475	286	284	159	197	239	396	296	86	321	501	474	86	494	378	358	80	348	436	427	68	487
chr2	233155854	233496853	341000	2	0	341000	178551	162449	20520	8922	12463	11225	11180	13003	17878	10654	11771	7423	14297	8088	9658	6302	7041	8125	13176	9344	2739	10391	15237	12889	3386	15074	11701	11972	3004	11956	12601	12381	2339	14258
chr2	233496854	233730853	234000	3	0	234000	141843	92157	19251	7195	9813	12110	9510	6746	8901	9198	9700	4424	6929	6572	9910	5415	6023	10144	9783	5472	1050	7475	8478	5412	899	7767	6742	4802	773	5879	9352	6870	858	10545
chr2	233730854	233898440	167587	4	0	167587	92660	74927	10554	4635	6616	6763	6093	5683	7651	6090	6424	3486	6210	4246	5496	3225	3712	5775	6708	4285	1097	4939	7144	5837	1183	6899	5351	4958	991	5168	6314	5982	887	7183
chr2	233898442	233935693	37252	4	0	37252	20957	16295	2290	1054	1634	1550	1420	1172	1699	1410	1515	771	1443	1015	1303	732	840	1109	1424	934	196	1175	1532	1117	191	1486	1231	978	137	1148	1513	1296	128	1807
chr2	233935695	233936855	1161	4	0	1161	612	549	58	38	45	40	44	40	67	46	49	27	49	33	30	8	21	17	49	28	3	33	53	40	3	56	45	36	5	38	50	47	7	54
chr2	233936856	234138855	202000	5	0	202000	116634	85366	14296	5861	8099	9411	7699	6506	8433	7694	8173	4096	7195	5356	7499	4100	4908	7307	8323	4812	1196	6232	7820	5842	1136	7394	6223	4831	927	5809	7967	6708	945	9200
chr2	234138856	234173855	35000	6	0	35000	19537	15463	2225	962	1359	1504	1268	1137	1585	1327	1332	737	1414	912	1226	676	813	1059	1397	857	194	1064	1440	1154	230	1417	1068	997	151	1098	1412	1232	159	1592
chr2	234173856	234391855	218000	5	0	218000	124496	93504	15910	6191	8506	9803	8141	7044	9772	8053	8488	4319	8092	5758	7870	4289	5043	7216	8651	5406	1165	6621	8618	6298	1206	8549	7064	5756	981	6531	8677	7212	1056	9712
chr2	234391856	234552215	160360	4	0	160360	87419	72941	9602	4335	6105	6207	5602	5792	7689	5812	6019	3405	6351	4161	5027	3044	3535	4732	6433	4296	1073	4774	6879	5278	1231	6684	5351	4785	1072	5148	6232	5713	918	7073
chr2	234552216	234552340	125	6	0	125	48	77	3	2	1	1	1	6	4	1	1	3	7	6	4	2	4	0	2	5	4	2	5	7	8	7	1	10	6	3	4	5	4	4
chr2	234552341	234716855	164515	4	0	164515	91034	73481	10475	4300	6293	6832	5820	5658	7750	6009	6243	3380	6594	4170	5361	3317	3902	4928	6388	4181	876	5210	6904	5511	962	6940	5528	4641	761	5192	6417	5984	789	7197
chr2	234716856	234772855	56000	5	0	56000	32344	23656	4011	1587	2265	2590	2172	1736	2493	1973	2212	1176	2031	1539	2059	1128	1435	1936	2288	1342	237	1760	2188	1573	243	2171	1671	1405	188	1631	2227	1855	214	2662
chr2	234772856	235284855	512000	4	0	512000	279680	232320	32439	13859	19876	20298	18552	18147	24501	17775	19686	11000	19889	13004	15795	9394	10841	14623	20559	13341	3574	14926	21780	17487	3950	21241	16966	15154	3264	16498	19670	18476	2991	22442
chr2	235284856	235583855	299000	3	0	299000	160582	138418	18282	7830	11423	11091	10551	11267	14549	10243	10775	6432	11963	7312	9019	5434	6468	7941	11876	8082	2158	8847	13129	10306	2527	12743	10319	9580	2175	10194	11286	10737	1840	12619
chr2	235583856	235691855	108000	4	0	108000	56067	51933	6307	2904	3873	3638	3608	4076	5699	3360	3724	2336	4419	2635	3082	1904	2173	2327	4123	2973	945	3179	4821	4101	1249	4708	3867	3806	1173	3874	3933	3999	779	4403
chr2	235691856	235915855	224000	5	0	224000	120087	103913	13735	6250	8342	8310	7512	8308	11080	7731	8307	4904	8496	5562	7083	4214	4582	5671	8945	5952	2082	6696	9544	7912	2271	9207	7655	7037	1853	7489	8487	8033	1640	9108
chr2	235915856	236046855	131000	4	0	131000	69951	61049	7937	3611	4879	4750	4379	5006	6402	4547	4866	2944	5106	3275	3994	2404	2592	3258	5199	3648	1289	3829	5692	4638	1317	5385	4445	4017	1133	4265	4998	4730	963	5500
chr2	236046856	236164954	118099	3	0	118099	60827	57272	7295	2872	4049	4093	3909	4520	6127	3683	3937	2574	4840	2784	3168	2041	2267	2666	4316	3290	1058	3343	5388	4812	1562	5186	4250	4572	1245	4115	4285	4274	935	4641
chr2	236164956	236608856	443901	3	0	443901	244866	199035	28702	11962	17126	18238	15786	15528	20410	15859	17181	9257	16343	11042	14359	8590	9604	14879	17852	11262	3251	12972	18402	15409	3616	17826	14692	12982	3274	13673	16637	15600	2573	19012
chr2	236608857	237356856	748000	2	0	748000	414502	333498	46645	20427	29713	30766	26785	26434	34929	27963	29382	16207	28202	19201	24737	13980	16231	22898	30937	18612	4838	22661	31352	25040	4829	30165	24499	20689	3682	23202	29323	27045	3577	33047
chr2	237356857	237872490	515634	1	0	515634	274294	241340	30825	13918	19400	18700	17319	18775	25720	17118	19183	11118	20334	12794	15516	9363	10829	13382	20089	13781	3909	15395	22681	20249	4973	22110	17028	16703	4042	16949	19134	19281	3186	21828
chr2	237872492	238022520	150029	1	0	150029	77932	72097	9327	3769	5366	5025	4956	5813	7952	4565	5004	3258	6127	3311	4199	2671	3029	3559	5775	4159	1102	4475	6994	6126	1484	6883	5158	5839	1313	5088	5359	5364	949	6028
chr2	238022522	238383858	361337	1	0	361337	180940	180397	19890	8743	12473	10941	11275	13847	19987	10744	11839	8305	15245	7964	9043	6029	6943	7671	13411	10077	3002	10434	17010	16258	4844	17133	12768	15001	4215	12890	12664	13909	2589	14191
chr2	238383859	238501858	118000	2	0	118000	62735	55265	7423	3101	4350	4226	3924	4632	6028	3773	4283	2461	4499	2743	3470	2198	2424	3200	4931	3066	915	3479	5086	4495	1104	5129	4066	3993	1036	3977	4274	4260	737	4715
chr2	238501859	238671858	170000	3	0	170000	89449	80551	9113	4110	6371	5818	5697	7242	8663	5950	5949	3758	6898	4669	4653	3002	3230	4325	6812	5156	1173	4971	7720	6509	1347	7721	6248	5123	1137	5358	6771	6509	883	7112
chr2	238671859	238893337	221479	4	0	221479	120409	101070	13683	5830	8399	8700	7490	8520	10528	7759	8558	4850	8520	5405	6881	4061	4594	6630	9416	5607	1786	6452	9249	7824	1957	8948	7338	6586	1679	6893	8294	7960	1332	9748
chr2	238910283	239169803	259521	4	0	259521	125150	134371	12024	5982	8886	6805	7553	11293	15004	7751	8595	6265	11142	5488	5525	3764	4183	4888	10051	7389	3084	6781	12524	12922	3808	12462	10206	10934	2942	9778	8820	10471	2004	10195
chr2	239169804	239283985	114182	5	0	114182	57559	56623	6108	2905	4128	3457	3507	4888	6207	3474	4127	2635	4598	2356	2857	1935	2037	2339	4912	3177	1181	3093	5132	4977	1493	5185	4159	4359	1215	4023	3873	4273	901	4669
chr2	239283987	239397641	113655	5	0	113655	57255	56400	6108	2942	4032	3346	3483	4951	6276	3518	3932	2741	4485	2422	2905	1820	1929	2364	4980	3086	1328	3060	5075	4930	1531	4990	4131	4335	1196	4177	4043	4175	867	4495
chr2	239397643	239714805	317163	5	0	317163	160283	156880	15963	7620	11091	10026	9844	13033	17219	10933	11177	7214	13389	7312	7716	4861	5518	7367	12718	8806	2802	8402	14899	14465	3474	14761	11809	11910	2649	11091	11603	12417	2109	12963
chr2	239714806	239862438	147633	4	0	147633	72578	75055	6742	3364	4900	4216	4369	5920	8445	5250	5001	3600	6423	3612	3110	2076	2534	3016	5638	4211	1309	3802	7358	7210	1832	7049	5542	5774	1186	5507	5446	6254	991	5944
chr2	239869716	239893082	23367	4	0	23367	12159	11208	1321	579	788	808	727	881	1306	773	814	568	989	609	634	363	431	568	925	629	190	647	1041	952	227	1039	854	748	153	821	867	930	176	1007
chr2	239893083	239997082	104000	3	0	104000	52683	51317	5344	2542	3688	3066	3130	4508	5961	3298	3644	2462	4320	2284	2521	1798	1763	2352	4795	2788	952	2775	4676	4364	1106	4901	3840	3754	919	3737	3586	4141	663	4320
chr2	239997083	240274082	277000	2	0	277000	144661	132339	15340	6868	9811	9759	8834	10821	14519	9713	9910	6304	10783	6560	7695	4891	5350	7502	11276	7700	2319	7589	12502	11782	2712	12303	9979	9359	2116	9144	10130	10459	1541	11427
chr2	240274083	240337082	63000	3	0	63000	32656	30344	3474	1547	2257	2109	2069	2543	3370	2074	2226	1515	2618	1497	1618	949	1107	1682	2695	1638	521	1701	2885	2596	681	2676	2214	2209	484	2187	2262	2395	412	2787
chr2	240337083	240522082	185000	2	0	185000	83526	101474	6886	3597	5703	4168	4833	7955	11602	5327	5383	4702	8306	3602	3252	2388	2805	3017	6734	5746	1774	4387	9883	11650	3072	10121	7220	9367	2378	7147	5880	7964	1388	6761
chr2	240522083	240638082	116000	3	0	116000	53776	62224	4737	2600	3685	2789	3229	4573	6903	3498	3550	2852	5107	2334	2295	1566	1984	2073	3931	3650	1087	2923	6041	6701	1907	6138	4347	5686	1658	4311	3885	4749	902	4307
chr2	240638083	240843082	205000	2	0	205000	90313	114687	6964	3828	6240	4138	4862	9096	13112	5497	6191	5299	9884	3867	3153	2348	2917	2916	7328	6508	2033	4703	11018	13494	3568	11818	7721	10369	2798	8088	6500	9527	1669	7544
chr2	240843083	241064802	221720	1	0	221720	100012	121708	8461	4301	6405	5003	5661	9639	14212	6100	6110	5232	10645	4342	3938	2973	3352	3637	7606	7101	1967	5471	12137	14247	3310	12527	8531	11324	2529	8628	7338	9550	1452	7989
chr2	241064804	241067226	2423	1	0	2423	883	1540	31	33	70	16	58	109	159	54	54	59	134	31	7	15	41	11	74	72	31	39	144	202	71	155	104	183	55	131	58	115	25	80
chr2	241067228	241542084	474857	1	0	474857	245142	229715	28228	12299	16543	15296	15365	18256	25048	14153	15581	10787	19647	10686	13192	8829	9734	11497	18495	13370	4137	14170	21173	19325	5622	21509	16094	17675	5015	16428	17060	17260	3516	18865
chr2	241542085	241588084	46000	2	0	46000	21107	24893	2030	929	1361	1128	1180	2049	2725	1183	1340	1077	2136	942	898	667	712	749	1648	1485	480	1109	2409	2678	900	2314	1627	2227	724	1796	1453	1910	416	1716
chr2	241588085	241736084	148000	1	0	148000	71730	76270	8292	3511	4582	3970	4389	6249	8271	3873	4394	3553	6671	3093	3280	2417	2637	2546	5369	4378	1759	4225	6844	6479	2684	6853	5292	6531	2546	5599	5278	5472	1477	5484
chr2	241736085	241805110	69026	2	0	69026	31591	37435	3093	1542	2155	1565	1942	2843	4041	1767	1943	1748	3217	1342	1377	982	997	1036	2498	2089	821	1706	3489	4376	1326	3538	2398	3398	928	2616	2208	2866	627	2550
chr2	241805111	241805219	109	2	0	109	45	64	2	1	3	3	1	4	10	1	6	5	9	0	0	0	0	0	0	1	3	6	3	5	2	6	6	6	0	4	7	6	1	6
chr2	241805220	241805289	70	2	0	70	19	51	0	1	1	0	1	2	5	0	1	2	5	0	0	0	0	0	0	5	0	0	4	10	2	10	2	5	2	1	2	7	0	0
chr2	241805290	241805346	57	2	0	57	14	43	0	0	1	0	0	1	5	0	1	1	5	0	0	0	0	0	0	2	0	0	3	12	1	8	1	4	1	2	2	5	0	0
chr2	241805348	241805396	49	2	0	49	13	36	0	0	1	0	0	1	4	0	1	1	4	0	0	0	0	0	0	3	0	0	2	7	2	7	2	3	2	1	1	5	0	0
chr2	241805397	241805445	49	2	0	49	12	37	0	0	1	0	0	2	3	0	1	1	4	0	0	0	0	0	0	3	0	0	3	8	1	7	1	4	1	1	1	5	0	0
chr2	241805446	241805480	35	2	0	35	8	27	0	0	0	0	0	1	3	0	0	1	3	0	0	0	0	0	0	2	0	0	2	6	1	4	1	3	1	1	1	3	0	0
chr2	241805481	241805563	83	2	0	83	19	64	0	0	0	0	0	2	6	0	0	2	9	0	0	0	0	0	0	4	0	0	4	17	2	12	2	6	2	2	2	9	0	0
chr2	241805564	241805576	13	2	0	13	3	10	0	0	0	0	0	0	2	0	0	0	1	0	0	0	0	0	0	0	0	0	1	2	0	2	0	1	0	1	1	0	0	0
chr2	241805578	241805615	38	2	0	38	9	29	0	0	0	0	0	1	3	0	0	0	4	0	0	0	0	0	0	2	0	0	2	7	1	6	1	3	1	1	1	3	0	0
chr2	241805617	241805670	54	2	0	54	13	41	0	0	0	0	0	2	4	0	0	1	5	0	0	0	0	0	0	3	0	0	3	8	2	8	2	5	2	1	1	5	0	0
chr2	241805671	241805689	19	2	0	19	4	15	0	0	0	0	0	0	2	0	0	0	2	0	0	0	0	0	0	0	0	0	1	5	0	3	0	1	0	1	1	1	0	0
chr2	241805691	241805739	49	2	0	49	13	36	0	1	0	0	0	1	4	0	1	0	5	0	0	0	0	0	0	3	0	0	2	7	2	7	2	3	2	1	1	5	0	0
chr2	241805740	241805785	46	2	0	46	11	35	0	0	1	0	0	2	3	0	1	1	3	0	0	0	0	0	0	3	0	0	3	8	1	6	1	4	1	1	1	4	0	0
chr2	241806080	241806156	77	2	0	77	18	59	0	0	0	0	0	2	6	0	0	2	7	0	0	0	0	0	0	4	0	0	4	15	2	11	2	6	2	2	2	8	0	0
chr2	241806157	241806191	35	2	0	35	8	27	0	0	0	0	0	1	3	0	0	1	3	0	0	0	0	0	0	2	0	0	2	6	1	4	1	3	1	1	1	3	0	0
chr2	241806192	241806229	38	2	0	38	10	28	0	1	0	0	0	1	3	0	1	0	4	0	0	0	0	0	0	2	0	0	2	6	1	5	1	3	1	1	1	3	0	0
chr2	241806230	241806244	15	2	0	15	3	12	0	0	0	0	0	0	2	0	0	0	1	0	0	0	0	0	0	0	0	0	1	4	0	2	0	1	0	1	1	0	0	0
chr2	241806269	241806284	16	2	0	16	3	13	0	0	0	0	0	0	2	0	0	0	1	0	0	0	0	0	0	0	0	0	1	5	0	2	0	1	0	1	1	0	0	0
chr2	241806325	241806453	129	2	0	129	32	97	0	0	1	0	0	3	11	0	1	3	12	0	0	0	0	0	0	7	0	0	6	22	3	20	5	11	3	3	3	12	0	1
chr2	241806455	241806484	30	2	0	30	7	23	0	0	0	0	0	0	2	0	0	1	4	0	0	0	0	0	0	1	0	0	1	8	0	5	0	1	0	1	1	3	0	0
chr2	241806486	241806535	50	2	0	50	11	39	0	0	0	0	0	2	4	0	0	1	4	0	0	0	0	0	0	3	0	0	3	9	1	7	2	5	1	1	1	4	0	0
chr2	241806571	241806652	82	2	0	82	20	62	0	0	1	0	0	2	6	0	1	2	7	0	0	0	0	0	0	4	0	0	4	16	2	12	2	6	2	2	2	9	0	0
chr2	241806653	241806676	24	2	0	24	7	17	0	1	0	0	0	0	3	0	1	0	2	0	0	0	0	0	0	1	0	0	1	2	1	3	1	1	1	1	1	2	0	0
chr2	241806677	241806732	56	2	0	56	14	42	0	1	1	0	0	2	3	0	2	0	5	0	0	0	0	0	0	3	0	0	3	11	1	8	1	4	1	1	1	6	0	0
chr2	241806780	241806838	59	2	0	59	15	44	0	0	1	0	0	2	4	0	1	1	5	0	0	0	0	0	0	4	0	0	3	8	2	9	2	5	2	1	1	6	0	0
chr2	241806839	241806898	60	2	0	60	15	45	0	0	1	0	0	1	5	0	1	2	5	0	0	0	0	0	0	2	0	0	3	13	1	8	1	4	1	2	2	6	0	0
chr2	241806899	241806934	36	2	0	36	9	27	0	0	1	0	0	1	3	0	1	0	3	0	0	0	0	0	0	1	0	0	2	6	1	5	1	3	1	1	1	3	0	0
chr2	241806936	241806995	60	2	0	60	15	45	0	0	1	0	0	2	4	0	1	1	5	0	0	0	0	0	0	4	0	0	3	9	2	9	2	5	2	1	1	6	0	0
chr2	241807066	241807100	35	2	0	35	9	26	0	1	0	0	0	1	3	0	1	0	2	0	0	0	0	0	0	2	0	0	2	6	1	4	1	3	1	1	1	3	0	0
chr2	241807140	241807192	53	2	0	53	14	39	0	0	1	0	0	1	3	0	1	1	5	0	0	0	0	0	0	2	0	0	2	12	1	8	1	3	1	1	2	6	0	0
chr2	241807194	241807227	34	2	0	34	8	26	0	1	0	0	0	1	2	0	1	0	3	0	0	0	0	0	0	2	0	0	2	6	1	5	1	2	1	0	0	4	0	0
chr2	241807229	241807329	101	2	0	101	28	73	0	2	2	0	0	2	9	0	4	1	7	0	0	0	0	0	0	5	0	0	5	11	4	15	3	9	4	3	3	10	0	0
chr2	241807408	241807513	106	2	0	106	28	78	0	1	2	0	1	3	7	0	2	3	9	0	0	0	0	0	0	6	0	0	5	21	2	16	2	6	2	2	3	11	0	0
chr2	241807514	241807555	42	2	0	42	10	32	0	0	0	0	0	1	3	0	0	1	5	0	0	0	0	0	0	2	0	0	2	8	1	6	1	3	1	1	1	4	0	0
chr2	241807557	241807603	47	2	0	47	13	34	0	0	1	0	0	1	5	0	1	1	3	0	0	0	0	0	0	2	0	0	3	7	0	7	3	5	0	1	1	3	0	1
chr2	241807608	241807660	53	2	0	53	13	40	0	0	0	0	0	1	4	0	0	1	7	0	0	0	0	0	0	2	0	0	2	11	0	9	2	3	0	1	1	6	0	1
chr2	241807669	241807767	99	2	0	99	26	73	0	0	1	0	0	2	10	0	1	3	8	0	0	0	0	0	0	5	0	0	6	17	1	15	5	8	1	2	2	8	0	2
chr2	241807889	241807937	49	2	0	49	12	37	0	0	0	0	0	1	4	0	0	1	6	0	0	0	0	0	0	2	0	0	2	10	0	8	2	3	0	1	1	5	0	1
chr2	241807938	241807958	21	2	0	21	5	16	0	0	0	0	0	0	2	0	0	1	2	0	0	0	0	0	0	0	0	0	1	6	0	2	0	1	0	1	1	2	0	0
chr2	241807959	241807997	39	2	0	39	9	30	0	0	0	0	0	1	3	0	0	1	4	0	0	0	0	0	0	1	0	0	2	8	1	5	1	3	1	1	1	4	0	0
chr2	241807998	241808039	42	2	0	42	12	30	0	0	1	0	0	1	4	0	1	1	4	0	0	0	0	0	0	2	0	0	2	7	0	6	2	3	0	1	1	3	0	1
chr2	241808041	241808085	45	2	0	45	13	32	0	0	1	0	0	2	3	0	0	1	4	0	1	0	1	0	0	2	0	1	3	4	1	5	2	6	0	1	0	2	1	2
chr2	241808086	241810595	2510	2	0	2510	1038	1472	88	65	80	27	50	100	172	39	88	72	124	43	34	29	18	9	71	79	55	60	133	221	52	140	72	134	37	89	85	112	26	104
chr2	241810605	241810984	380	2	0	380	130	250	4	1	3	7	4	12	47	7	6	14	15	3	1	2	2	1	9	7	5	9	27	33	4	31	24	36	8	18	10	19	1	8
chr2	241811000	241812490	1491	2	0	1491	497	994	6	16	26	8	26	85	118	25	20	56	78	13	4	8	6	2	53	68	20	24	94	174	41	100	67	103	28	54	40	64	13	49
chr2	241812491	241813825	1335	2	0	1335	462	873	12	18	34	7	29	73	106	20	27	43	68	15	3	3	4	0	50	46	22	19	83	114	45	90	66	104	23	57	29	69	8	46
chr2	241813826	241813884	59	2	0	59	20	39	0	1	1	0	0	2	3	1	2	3	4	3	0	0	0	0	1	0	3	2	2	9	3	1	0	2	0	2	3	5	2	2
chr2	241813885	241813936	52	2	0	52	18	34	0	1	1	0	0	2	3	1	2	3	4	1	0	0	0	0	1	0	3	2	2	8	2	1	0	1	0	2	3	4	1	2
chr2	241813937	241815328	1392	2	0	1392	454	938	11	11	19	13	17	79	103	22	26	42	73	22	0	10	5	1	40	58	29	14	87	144	56	85	64	98	38	60	30	72	20	41
chr2	241815329	241815371	43	2	0	43	15	28	1	0	0	1	1	0	3	0	0	4	4	1	0	0	0	0	1	0	2	0	2	5	1	4	0	1	0	1	1	6	0	2
chr2	241815372	241815424	53	2	0	53	18	35	1	1	0	1	1	1	4	0	1	3	3	1	0	0	0	0	1	1	2	0	2	5	2	5	4	2	2	0	0	6	0	2
chr2	241815425	241817458	2034	2	0	2034	677	1357	25	22	39	12	28	91	156	27	34	49	104	26	11	24	20	9	43	72	35	36	128	223	66	135	92	165	51	96	39	92	32	50
chr2	241817460	241817500	41	2	0	41	18	23	2	0	1	1	1	1	3	1	1	1	1	2	0	1	1	0	1	1	0	1	3	6	0	0	1	1	0	2	1	2	0	3
chr2	241817502	241817567	66	2	0	66	27	39	2	0	4	1	1	0	4	1	2	1	5	0	2	1	3	0	1	0	0	1	2	5	1	7	3	4	1	4	0	6	0	2
chr2	241817569	241817615	47	2	0	47	16	31	1	0	1	1	2	3	3	0	0	2	2	1	0	0	0	0	1	2	0	2	2	2	3	3	3	5	1	0	2	2	0	1
chr2	241817617	241817953	337	2	0	337	150	187	16	7	12	6	5	9	23	4	15	8	18	6	5	5	4	6	5	10	3	10	17	23	5	24	8	14	7	13	11	22	3	11
chr2	241817955	241817973	19	2	0	19	9	10	1	1	0	1	1	1	0	2	1	0	0	1	0	0	0	0	1	1	0	0	2	1	0	0	0	1	0	0	1	1	0	0
chr2	241817975	241818140	166	2	0	166	79	87	7	2	2	6	4	11	11	1	1	2	11	4	5	4	6	1	5	7	0	7	11	7	1	9	6	7	0	7	4	7	1	7
chr2	241818141	241818448	308	2	0	308	129	179	20	2	12	4	3	27	13	10	13	8	3	6	1	1	2	2	15	8	13	2	18	29	10	10	13	19	3	9	8	11	2	9
chr2	241818450	241818475	26	2	0	26	9	17	0	0	1	0	1	1	2	0	0	3	1	0	0	0	0	0	0	3	0	0	3	4	0	1	0	0	0	0	1	0	0	3
chr2	241818477	241819255	779	2	0	779	304	475	13	12	14	10	16	43	49	21	12	29	33	14	8	8	9	11	34	28	15	15	45	79	22	49	24	50	5	21	28	38	2	20
chr2	241819313	241819467	155	2	0	155	62	93	0	3	0	0	2	21	6	9	1	4	6	3	0	3	3	0	17	7	7	0	7	5	2	9	11	6	4	3	3	5	3	3
chr2	241819469	241819500	32	2	0	32	11	21	0	0	0	0	0	5	1	0	0	2	1	0	0	1	1	0	4	1	2	0	2	1	1	2	0	3	0	1	0	1	1	0
chr2	241819502	241819556	55	2	0	55	21	34	0	0	0	0	0	7	3	3	0	2	1	1	0	1	1	0	6	2	3	0	3	2	1	3	4	3	1	2	1	2	1	0
chr2	241819560	241819578	19	2	0	19	7	12	0	0	0	0	0	2	2	1	0	1	0	1	0	0	0	0	1	1	0	0	1	1	0	1	3	0	0	1	0	1	0	0
chr2	241819579	241819612	34	2	0	34	12	22	0	0	0	0	0	6	1	0	0	2	1	0	0	1	1	0	5	1	2	0	2	1	1	2	0	3	0	1	0	1	1	0
chr2	241819613	241819647	35	2	0	35	14	21	0	0	0	0	0	5	3	3	0	2	0	1	0	0	0	0	4	1	1	0	1	1	0	2	4	0	1	1	1	2	0	0
chr2	241819648	241819801	154	2	0	154	64	90	0	2	0	0	2	24	6	11	0	4	5	3	0	3	3	0	20	8	5	0	7	4	1	10	13	4	1	4	3	5	3	1
chr2	241819803	241819825	23	2	0	23	11	12	0	0	0	0	0	1	1	6	0	1	1	0	0	0	0	0	2	0	0	0	1	0	0	1	2	1	0	1	2	1	0	0
chr2	241819826	241820011	186	2	0	186	75	111	0	2	0	0	1	30	9	9	0	7	5	3	0	4	4	0	25	9	9	0	7	4	1	13	14	6	3	4	3	6	5	1
chr2	241820021	241820065	45	2	0	45	17	28	0	0	0	0	0	6	2	3	0	2	1	1	0	1	1	0	5	0	3	0	2	1	1	2	3	3	1	1	1	2	1	0
chr2	241820066	241820087	22	2	0	22	8	14	0	0	0	0	0	3	1	1	0	1	1	1	0	0	0	0	1	1	1	0	1	1	0	1	3	0	0	1	0	1	1	0
chr2	241820088	241820110	23	2	0	23	9	14	0	0	0	0	0	3	1	2	0	1	1	0	0	0	0	0	2	0	2	0	1	0	0	1	1	1	1	1	1	1	1	0
chr2	241820111	241821709	1599	2	0	1599	589	1010	17	13	44	15	23	72	123	36	41	55	88	24	8	10	12	7	46	53	27	24	90	121	47	106	75	107	23	82	43	83	27	55
chr2	241821727	241823305	1579	2	0	1579	707	872	41	27	45	10	26	70	129	26	41	101	137	19	15	5	9	5	127	35	18	23	50	75	31	70	34	56	12	42	40	61	11	186
chr2	241823368	241823401	34	2	0	34	18	16	1	0	1	0	0	2	3	0	1	3	6	0	0	0	0	0	5	0	0	0	0	0	0	0	0	0	0	0	0	0	0	10
chr2	241823411	241823462	52	2	0	52	27	25	0	0	0	0	0	1	7	0	0	6	9	1	0	1	0	1	7	0	0	1	0	0	0	0	0	0	0	0	1	0	0	15
chr2	241823463	241823513	51	2	0	51	25	26	0	0	0	0	0	4	5	0	0	5	10	0	0	0	0	0	9	0	0	0	0	0	0	0	0	0	0	0	0	1	0	15
chr2	241823514	241823556	43	2	0	43	22	21	1	0	1	0	0	3	5	0	1	4	7	0	0	0	0	0	7	0	0	0	0	0	0	0	0	0	0	0	0	0	0	12
chr2	241823559	241823610	52	2	0	52	27	25	0	0	0	0	0	1	7	0	0	6	9	1	0	1	0	1	7	0	0	1	0	0	0	0	0	0	0	0	1	0	0	15
chr2	241823611	241823756	146	2	0	146	74	72	1	0	1	0	0	8	17	0	1	16	26	1	0	1	0	1	24	0	0	1	0	1	0	1	0	0	0	0	1	1	0	42
chr2	241823757	241824860	1104	2	0	1104	517	587	57	26	42	18	29	47	64	20	45	36	60	24	11	15	12	10	51	24	27	21	35	43	27	41	38	40	30	44	36	39	18	72
chr2	241824869	241828037	3169	2	0	3169	1733	1436	207	88	110	127	115	127	149	123	129	58	123	92	81	62	69	72	114	89	17	115	164	94	18	119	98	92	21	93	138	120	18	125
chr2	241828039	241834475	6437	2	0	6437	3843	2594	541	201	230	321	238	232	230	290	249	121	176	193	264	135	151	270	289	145	63	192	237	167	43	186	212	121	41	158	252	201	35	251
chr2	241834477	241834511	35	2	0	35	13	22	0	1	2	0	2	1	1	0	1	3	2	0	0	0	0	0	0	3	1	1	1	3	2	2	0	1	0	1	3	1	1	0
chr2	241834513	241835222	710	2	0	710	388	322	46	20	30	33	33	17	32	15	19	17	22	14	31	14	23	22	22	19	8	18	38	24	5	30	19	28	4	33	18	26	3	25
chr2	241835248	241874156	38909	2	0	38909	16545	22364	1233	766	959	739	995	2293	2381	968	983	904	1783	690	487	465	471	427	1917	1226	452	833	2085	2592	890	1948	1438	2125	921	1576	1197	1572	355	1236
chr2	241874158	241874348	191	2	0	191	95	96	13	5	4	7	6	8	9	5	7	3	13	7	3	1	3	1	6	5	1	5	13	12	2	7	3	6	1	4	6	11	0	12
chr2	241874349	242063348	189000	3	0	189000	91952	97048	8755	4764	5763	5406	5338	8697	10251	6086	6280	4667	8302	4460	4315	2598	2799	3470	7746	5547	2452	4982	8982	9790	3029	8470	6760	6897	2307	6376	6884	8036	1502	7287
chr2	242063349	242109348	46000	4	0	46000	25682	20318	3052	1398	1690	1870	1590	1653	2211	1692	1743	971	1569	1067	1625	1080	1076	1395	2173	1220	323	1386	1740	1519	359	1758	1521	1212	362	1393	1712	1427	202	2009
chr3	18323	22314	3992	9	0	3992	2610	1382	407	139	184	256	176	92	124	158	181	73	92	88	221	98	107	212	186	80	12	124	104	59	3	127	98	59	8	87	162	95	9	169
chr3	22319	31390	9072	9	0	9072	5820	3252	793	259	403	585	361	241	304	335	396	144	244	256	489	256	259	494	382	177	36	304	279	136	21	266	230	142	15	223	350	247	26	417
chr3	31392	33036	1645	9	0	1645	1050	595	136	47	62	111	63	33	53	78	72	24	55	65	86	33	44	86	60	28	7	42	41	38	5	50	43	19	2	44	83	49	6	78
chr3	33038	33074	37	9	0	37	20	17	6	1	1	1	3	1	2	0	0	2	1	0	0	0	1	1	3	0	0	1	1	0	0	2	1	2	1	1	0	1	1	1
chr3	33076	33138	63	9	0	63	43	20	7	3	5	2	2	2	2	1	5	1	0	1	3	1	1	6	1	2	0	4	2	0	0	2	2	0	0	0	2	2	0	2
chr3	33139	40034	6896	9	0	6896	4010	2886	522	185	299	316	261	222	284	266	243	133	213	204	296	156	172	238	280	159	40	217	260	173	46	253	226	192	32	213	267	209	32	285
chr3	40037	42388	2352	9	0	2352	1415	937	169	66	116	99	85	57	85	86	91	52	94	62	106	56	97	93	97	43	3	87	74	41	5	93	67	49	1	77	75	80	9	135
chr3	42389	44347	1959	9	0	1959	1206	753	102	46	69	119	74	109	57	109	70	33	66	58	89	52	45	106	137	35	16	52	50	27	6	49	89	21	8	36	73	49	4	101
chr3	44357	47051	2695	9	0	2695	1727	968	246	90	127	143	110	71	87	107	118	51	82	79	132	69	80	135	121	36	9	114	67	36	13	60	61	42	6	71	126	63	10	131
chr3	47060	50103	3044	9	0	3044	1892	1152	235	89	158	186	134	67	94	114	145	54	101	72	154	64	88	136	96	59	4	115	93	71	9	100	94	45	6	87	126	98	9	139
chr3	50104	51149	1046	9	0	1046	655	391	103	33	52	55	39	24	31	36	40	22	41	28	62	32	19	37	48	24	3	36	30	27	7	32	18	11	3	20	34	33	9	55
chr3	51151	51195	45	9	0	45	21	24	4	0	1	2	1	2	1	0	1	1	1	1	1	2	2	1	1	1	1	1	2	2	3	0	0	4	2	1	1	0	0	3
chr3	51197	71816	20620	9	0	20620	12999	7621	1723	639	890	1258	813	535	705	833	910	384	615	521	1064	482	548	1078	858	425	97	660	620	367	71	628	558	354	50	502	851	541	70	968
chr3	71817	626770	554954	10	0	554954	349276	205678	46785	17192	23221	33250	22160	14774	19035	22538	23461	9704	15803	15480	28043	14035	15223	28570	23348	11212	2533	18612	17465	10082	1920	16298	15093	9483	1599	13585	22601	14988	2072	24787
chr3	626771	746571	119801	10	0	119801	77386	42415	10745	3849	4998	7657	4943	3126	3682	4892	5094	1965	3255	3486	6467	3195	3457	6575	5226	2311	502	4095	3548	1929	286	3190	2909	1659	275	2683	4960	3055	361	5424
chr3	746573	928576	182004	10	0	182004	113973	68031	15180	5881	7519	10562	7479	4841	6275	7332	7635	3257	5304	5159	8849	4431	5127	9141	7863	3947	714	5886	5903	3658	544	5478	4739	3030	408	4505	7422	4948	630	8355
chr3	928577	1667330	738754	10	0	738754	470674	268080	64694	23077	31274	45475	30054	19193	24369	29420	31886	12851	20517	20925	37885	18725	20728	39600	31597	14642	3100	24507	22336	12889	2205	21266	18822	11454	1800	17282	30281	19711	2354	33833
chr3	1667343	3074815	1407473	10	0	1407473	875012	532461	116764	43819	57980	80227	55596	38320	50331	55669	58389	24841	41235	39974	68042	35631	39478	68714	59065	29910	6368	47268	45763	27864	5209	43225	37848	25510	4549	35443	57240	38777	5334	63088
chr3	3074816	3189815	115000	9	0	115000	68890	46110	9160	3536	4665	5785	4328	3416	4571	4193	4518	2161	3650	3050	5141	2906	3093	4716	4557	2683	677	4102	4071	2613	651	3760	3310	2549	601	3156	4570	3249	599	4961
chr3	3189816	3805815	616000	10	0	616000	374093	241907	47548	18626	26021	32509	24100	17204	23263	24208	25865	11506	19490	17115	27192	14868	17112	27464	25274	13705	2753	20473	21502	14091	2112	20619	17156	11943	1864	16439	24843	18585	2193	28355
chr3	3805816	4083815	278000	9	0	278000	168866	109134	21177	8637	11770	14582	11436	7590	10594	11114	11694	5263	8559	8073	11859	6626	7866	12025	11517	6366	1061	9172	9932	6108	830	9306	7889	5275	683	7405	11396	8427	860	12906
chr3	4083816	4139043	55228	8	0	55228	33834	21394	4203	1713	2333	2972	2218	1568	2037	2228	2385	1060	1618	1636	2415	1366	1615	2466	2327	1283	194	1903	1957	1170	148	1838	1434	998	117	1324	2333	1662	167	2538
chr3	4139045	4139084	40	8	0	40	31	9	3	0	1	7	0	0	1	2	2	0	1	1	5	0	2	4	0	0	0	0	0	0	0	1	1	0	0	3	2	1	0	1
chr3	4139086	4230815	91730	8	0	91730	55555	36175	6940	2846	3888	4724	3708	2557	3546	3585	3882	1715	2947	2554	3869	2183	2553	4057	3863	2102	307	3029	3319	2090	249	3133	2543	1794	199	2448	3670	2805	299	4324
chr3	4230816	4322815	92000	7	0	92000	56278	35722	7417	2966	3932	4905	3741	2365	3401	3571	3923	1703	2729	2568	4139	2243	2566	4108	3784	2078	456	2958	3121	2031	342	3074	2507	1710	309	2428	3666	2749	339	4169
chr3	4322816	4432815	110000	6	0	110000	65605	44395	8792	3357	4497	5397	4412	3360	4393	4127	4358	2129	3569	2992	4481	2605	2953	4181	4672	2653	512	3615	4112	2641	434	3780	3096	2380	361	3091	4412	3293	417	4926
chr3	4432816	4707976	275161	5	0	275161	160374	114787	20422	8159	11312	12533	10496	8678	11362	10045	10728	5492	9718	7173	10779	6350	7037	10088	11168	6723	1703	9085	10257	7194	1476	10178	8138	6461	1233	8060	11018	8727	1260	12106
chr3	4707991	4898604	190614	5	0	190614	108349	82265	13279	5665	7761	8083	6988	6166	8482	6939	7623	3927	6820	4986	6897	4082	4637	6012	7598	4771	1290	6181	7434	5559	1206	7372	5884	4865	965	5784	7660	6376	957	8363
chr3	4898605	5141814	243210	5	0	243210	136226	106984	17578	6652	9188	10316	8940	7975	10917	7954	8674	4867	9596	6131	8542	5085	5859	7951	9089	6292	1512	7685	9950	7509	1817	9843	7365	7268	1745	7640	9382	8050	1444	10392
chr3	5141815	5235814	94000	6	0	94000	54229	39771	7056	2820	3741	4247	3452	3011	4032	3162	3589	1844	3187	2397	3767	2158	2501	3264	3720	2306	604	3204	3544	2710	660	3469	2796	2451	552	2737	3597	2917	452	4051
chr3	5235815	5315814	80000	7	0	80000	46306	33694	5622	2274	3256	3712	3079	2597	3361	3020	3138	1524	2834	2218	3026	1820	2084	2740	3337	1881	411	2586	3108	2108	417	2901	2442	2038	370	2380	3169	2507	370	3668
chr3	5315815	5392329	76515	8	0	76515	44718	31797	5457	2389	3268	3446	3029	2304	3271	2861	3144	1537	2614	2094	2930	1700	2067	2607	3178	1906	348	2498	2907	1982	278	2798	2275	1617	251	2369	3105	2460	269	3554
chr3	5392330	5427813	35484	8	0	35484	21244	14240	2697	1089	1449	1779	1417	1017	1416	1369	1464	665	1134	1009	1436	867	1002	1433	1443	848	166	1181	1293	814	137	1205	1015	735	119	1011	1468	1052	148	1604
chr3	5427814	5462644	34831	9	0	34831	21443	13388	2866	1047	1435	1909	1353	884	1285	1410	1411	654	1101	997	1627	790	987	1686	1338	710	158	1169	1147	778	101	1140	1010	640	99	935	1438	1038	122	1564
chr3	5462645	5655812	193168	9	0	193168	117873	75295	14996	6052	8013	10177	7834	5349	7308	7786	8189	3591	5836	5468	8217	4750	5410	8895	8250	4429	840	6223	6800	4363	516	6364	5356	3533	471	5066	7871	5718	581	8914
chr3	5655813	5904812	249000	10	0	249000	152472	96528	19745	7797	10657	13384	9867	6796	9175	9814	10648	4559	7762	6983	11323	6014	6868	11079	10391	5614	1002	8159	8501	5704	794	8161	6745	4476	596	6431	10014	7366	862	11711
chr3	5904813	5938812	34000	9	0	34000	21520	12480	3112	1121	1329	2087	1508	826	1138	1378	1472	583	900	1002	1557	856	1002	1649	1455	671	145	1115	1123	609	113	927	897	577	107	782	1375	916	121	1545
chr3	5938813	6281291	342479	10	0	342479	213549	128930	28408	10727	14456	19693	13779	9292	12021	13871	14757	6213	10048	9804	16340	8231	9505	16404	14724	7005	1478	11256	11120	6591	1097	10396	9176	5848	928	8488	13942	9760	1229	15890
chr3	6281297	6281333	37	10	0	37	27	10	4	2	3	3	1	1	0	2	1	0	1	0	6	1	1	0	1	0	0	3	0	0	0	0	2	0	0	1	1	0	0	1
chr3	6281335	7800812	1519478	10	0	1519478	947512	571966	127096	46968	64078	86943	60791	40535	53237	61252	64399	27266	45288	42828	72799	37615	43044	73372	63676	31654	6197	50857	49305	29885	4774	46581	40704	26746	4013	37793	62130	42260	4974	70416
chr3	7800813	8090812	290000	9	0	290000	177527	112473	22663	9037	12415	15512	11881	7725	10793	11456	12416	5276	9031	8297	12668	6752	8053	13551	11895	6487	1060	9348	10120	6444	817	9517	7992	5455	653	7664	11848	8512	898	13762
chr3	8090813	8223812	133000	8	0	133000	79571	53429	9548	3896	5744	6671	5146	3798	5245	5152	5485	2585	4526	3747	5680	3045	3511	5792	5433	3021	566	4304	4795	3278	471	4693	3785	2769	361	3608	5328	4169	426	6420
chr3	8223813	8294126	70314	7	0	70314	42734	27580	5262	2060	3006	3673	2752	1993	2680	2720	2966	1244	2339	2024	3021	1738	1998	3257	2887	1487	276	2385	2454	1498	181	2392	1969	1393	198	1886	2835	2148	229	3361
chr3	8294127	8330811	36685	7	0	36685	21824	14861	2623	1032	1636	1824	1413	1081	1523	1399	1583	753	1243	990	1494	838	949	1441	1549	867	144	1144	1323	877	116	1336	1059	771	74	1032	1485	1137	108	1839
chr3	8330812	8338969	8158	6	0	8158	4968	3190	637	256	327	453	375	212	287	346	351	148	264	228	310	189	227	357	327	166	37	275	309	178	17	260	247	149	21	213	337	271	25	357
chr3	8338971	8339239	269	6	0	269	160	109	11	13	14	12	15	4	13	11	8	7	4	6	16	5	9	10	10	2	2	16	11	5	1	5	14	7	0	11	8	8	1	8
chr3	8339241	8339258	18	6	0	18	10	8	0	0	1	0	0	0	1	0	0	0	3	1	1	0	0	1	0	0	0	0	0	0	0	2	1	0	0	1	0	2	0	2
chr3	8339260	8339614	355	6	0	355	206	149	16	14	17	13	13	10	17	16	20	9	10	10	10	8	11	11	18	6	3	14	13	6	0	13	8	7	0	11	17	14	1	17
chr3	8339616	8449813	110198	6	0	110198	65005	45193	8122	3253	4531	5442	4314	3333	4413	4204	4489	2116	3788	2991	4423	2357	2837	4391	4424	2524	480	3631	4184	3145	470	3879	3183	2466	344	3079	4474	3543	386	4980
chr3	8449814	8593813	144000	5	0	144000	81189	62811	8875	4180	6034	6009	5430	4567	6466	5418	5780	3061	5314	3871	5013	2921	3560	4690	5758	3538	725	4708	6004	4522	693	5757	4342	3785	560	4391	5776	5132	600	6518
chr3	8593814	8724813	131000	4	0	131000	70037	60963	6721	3354	4954	4849	4485	4937	6165	4590	4847	2929	5098	3649	3824	2783	2818	4032	5580	3633	985	3805	5565	5716	1031	5827	3923	3692	782	3901	5109	5098	814	5502
chr3	8724814	8823239	98426	5	0	98426	54145	44281	5874	2571	3950	3920	3601	3329	4630	3524	3826	2077	3789	2676	3014	1823	2297	3244	3839	2466	531	2964	4208	3389	646	4073	3165	2871	555	3205	3871	3590	482	4424
chr3	8823241	8835199	11959	5	0	11959	7623	4336	1139	373	472	711	487	323	405	459	481	196	337	341	589	296	344	669	483	252	46	407	407	211	29	312	319	206	31	277	465	290	38	562
chr3	8835201	8968815	133615	5	0	133615	79227	54388	10060	4056	5625	6376	4939	3951	5545	4908	5502	2639	4391	3525	5617	3147	3730	5214	5571	3096	626	4500	4897	3364	550	4755	3771	2913	504	3784	5104	4193	508	6252
chr3	8968816	9003863	35048	4	0	35048	18707	16341	1911	916	1318	1270	1180	1215	1755	1244	1279	758	1444	908	1045	660	848	955	1366	895	204	1083	1538	1419	270	1492	1154	1129	190	1211	1336	1276	198	1579
chr3	9003865	9003891	27	4	0	27	16	11	0	1	1	1	1	1	2	0	2	0	1	1	0	2	2	0	2	0	0	3	1	0	0	0	0	0	0	0	1	1	0	2
chr3	9003893	9272815	268923	4	0	268923	145464	123459	15484	7043	10717	9995	9591	9230	13280	9571	10253	5737	10802	6991	7910	5099	6124	7635	10333	7009	1532	8235	11991	9722	1609	11843	8961	8254	1264	8923	10388	10180	1293	11922
chr3	9272816	9579815	307000	3	0	307000	176566	130434	23403	8652	12047	13870	11314	9574	13019	10435	11180	5887	11420	8015	12075	7112	7856	10706	11630	7819	1639	10137	12126	8784	2048	11704	8890	8334	1826	8994	11695	9725	1575	13507
chr3	9579816	9692815	113000	2	0	113000	60283	52717	7592	3045	3989	4067	4067	3841	5712	3324	3678	2322	4817	2770	3356	2250	2658	2793	3946	3152	721	3639	5104	4032	1073	4937	3713	4056	942	3815	4182	3906	714	4785
chr3	9692816	10214815	522000	1	0	522000	271501	250499	32363	12609	18224	17224	17186	18614	26885	15540	16567	11196	22706	12801	14304	10443	12084	12755	18035	14650	3637	16540	23930	20034	5912	23872	16924	20194	5278	18221	19336	18869	3799	21266
chr3	10214816	10369815	155000	2	0	155000	78693	76307	8617	3832	5583	4580	5067	5801	8484	4586	5128	3566	7017	3554	3800	2710	3156	3210	5640	4468	1164	4637	7332	6609	1527	7573	5300	5958	1306	5528	5668	6006	1089	6502
chr3	10369816	10453815	84000	3	0	84000	41228	42772	3457	1830	3076	2298	2512	3382	4926	2794	2898	2026	3871	1925	1794	1249	1661	1527	3122	2424	522	2419	4233	4189	689	4340	3041	3412	521	3140	3218	3426	440	3636
chr3	10453816	10548815	95000	4	0	95000	47501	47499	4262	2254	3459	2741	3062	3734	5370	3194	3254	2195	4186	2325	2138	1464	1944	1918	3593	2756	568	2730	4688	4599	727	4842	3492	3627	558	3358	3587	3874	469	4030
chr3	10548816	10590492	41677	5	0	41677	21568	20109	1946	1093	1558	1364	1405	1512	2325	1402	1587	892	1834	1049	1023	650	942	985	1539	1101	228	1279	1964	1734	264	1967	1514	1452	185	1519	1627	1642	199	1894
chr3	10590493	10717814	127322	5	0	127322	66687	60635	6436	3271	4964	4215	4364	4738	6536	4571	4735	2790	5473	3225	3350	2126	2689	3203	5011	3474	693	3747	6031	5322	776	5965	4332	4157	647	4256	4835	5140	554	5694
chr3	10717815	10883960	166146	6	0	166146	89815	76331	9207	4328	6578	6283	5757	5738	8236	6029	6353	3560	6600	4132	5080	3079	3819	5034	6370	4358	878	5099	7337	6280	987	7368	5639	5047	787	5535	6414	6287	714	7231
chr3	10883962	10883978	17	6	0	17	9	8	0	0	0	0	0	2	1	3	0	0	0	3	0	0	0	0	2	0	0	0	1	0	0	0	0	0	0	0	2	0	0	1
chr3	10883980	10925257	41278	6	0	41278	22730	18548	2450	1081	1660	1566	1424	1380	2006	1652	1597	895	1661	1086	1286	811	975	1200	1621	1058	209	1278	1822	1402	178	1704	1359	1122	134	1420	1660	1524	155	1900
chr3	10925258	11058813	133556	6	0	133556	66718	66838	5814	3052	4915	3935	4249	4983	7391	4638	4577	3086	6131	3256	3076	2171	2697	2746	4836	3763	908	3785	6595	6297	1163	6646	4932	5062	932	4868	4898	5579	739	5834
chr3	11058814	11164813	106000	5	0	106000	57648	48352	6453	2843	3987	4124	3830	3704	5126	3658	3826	2206	4220	2722	3299	2011	2446	3192	4124	2776	618	3246	4602	3690	814	4431	3544	3250	741	3541	4048	3821	544	4561
chr3	11164814	11292544	127731	4	0	127731	69301	58430	8120	3349	4841	4786	4396	4307	6342	4254	4553	2768	5275	3347	4028	2462	2951	3521	4677	3321	818	4070	5407	4273	1002	5588	4205	4048	889	4188	5010	4628	743	5562
chr3	11292758	11395025	102268	4	0	102268	59668	42600	7838	2964	4190	4680	3855	3232	4320	3521	3976	1948	3644	2675	4003	2394	2669	3758	4094	2468	588	3388	3804	2525	568	3788	3019	2523	512	3078	4010	3169	496	4569
chr3	11395026	11435025	40000	5	0	40000	24198	15802	3494	1188	1607	2103	1566	1158	1566	1452	1517	705	1244	1072	1816	979	1108	1621	1592	906	183	1349	1476	909	166	1321	1144	945	152	1121	1530	1112	161	1735
chr3	11435026	11555025	120000	4	0	120000	65337	54663	7846	3282	4489	4531	4207	4107	5892	3977	4220	2511	4670	2933	3875	2453	2833	3509	4650	3156	747	3800	5184	4223	965	5001	3846	3927	839	3990	4504	4067	671	5093
chr3	11555026	11708025	153000	3	0	153000	85342	67658	10866	4374	5825	6314	5289	5231	7008	5080	5693	3073	5715	3783	5531	3286	3592	4680	6087	3780	1243	4854	6111	4703	1359	5941	4807	4407	1179	4923	5603	5224	1015	6422
chr3	11708026	11824025	116000	2	0	116000	63762	52238	8202	3161	4151	4488	4118	4171	5514	3750	3956	2353	4748	2909	3727	2397	2749	3367	4462	3077	743	3799	4958	3564	953	4731	3704	3629	887	3764	4429	3936	733	4868
chr3	11824026	11936025	112000	3	0	112000	62481	49519	7685	3164	4259	4648	4158	3826	5277	3727	4270	2329	4170	2867	3643	2315	2791	3351	4364	3012	669	3589	4785	3400	740	4435	3567	3183	628	3510	4271	3765	637	4963
chr3	11936026	11940800	4775	4	0	4775	2655	2120	340	127	206	148	173	168	206	174	163	101	186	144	146	107	119	146	195	120	25	163	188	158	25	201	139	132	30	149	199	162	30	203
chr3	11940802	11940841	40	4	0	40	28	12	4	1	1	3	3	0	0	3	1	1	2	0	1	1	0	6	2	0	0	0	0	0	0	1	2	1	0	1	2	0	0	2
chr3	11940843	12004511	63669	4	0	63669	36399	27270	4288	1742	2498	2822	2413	1971	2800	2280	2449	1287	2348	1780	2199	1363	1728	2430	2444	1638	269	2012	2520	1739	386	2475	1951	1666	304	2001	2549	2078	351	2886
chr3	12004513	12004538	26	4	0	26	4	22	0	0	0	0	0	0	1	0	0	1	0	0	0	1	1	0	0	1	1	0	1	7	2	0	0	2	5	1	0	0	0	0
chr3	12004540	12004601	62	4	0	62	26	36	1	1	4	0	1	0	5	3	3	2	0	3	2	0	0	0	2	0	0	1	2	0	4	2	2	5	4	5	3	2	2	1
chr3	12004603	12004776	174	4	0	174	24	150	0	1	0	0	1	0	6	2	0	5	7	0	0	1	1	0	1	4	2	0	2	17	32	6	5	33	27	7	1	3	8	0
chr3	12004777	12004871	95	4	0	95	25	70	0	0	4	0	1	3	7	0	3	4	3	0	0	0	0	0	1	2	4	0	5	4	8	2	3	10	9	10	2	3	3	2
chr3	12004873	12174999	170127	4	0	170127	101828	68299	12971	5094	7323	8356	6475	4769	6735	6235	7258	3218	5691	4861	7040	3980	4911	6910	6803	3797	665	5796	6033	4153	655	6175	4503	3634	515	4541	6875	5432	573	8148
chr3	12175000	12247809	72810	3	0	72810	42246	30564	5292	2167	2968	3417	2810	2334	3031	2540	2899	1346	2649	1913	2843	1552	1911	2572	2961	1753	366	2319	2835	2001	376	2725	2164	1759	323	2174	2756	2424	287	3341
chr3	12247811	12440000	192190	3	0	192190	117010	75180	16546	5864	7960	10304	7348	5457	7188	6870	7888	3445	6101	5173	8893	4647	5209	8115	7534	4196	1012	6671	6578	4254	1000	6259	5094	4054	903	5017	7657	5587	853	8511
chr3	12440001	12803000	363000	2	0	363000	197397	165603	25090	9587	13234	13683	12696	12782	17723	11228	12159	7362	14942	8838	11648	7709	8654	10061	13492	9928	2283	11737	15864	11751	3052	15579	11577	12123	2731	12185	13496	12444	2308	15052
chr3	12803001	12877000	74000	1	0	74000	36188	37812	3505	1716	2692	1959	2383	2796	4240	2180	2427	1766	3244	1650	1557	1270	1498	1303	2510	2236	559	2243	3770	3579	848	3722	2691	3126	702	2739	2628	2978	511	2970
chr3	12877001	12901351	24351	2	0	24351	12071	12280	1244	618	843	697	769	1064	1382	757	834	561	1000	478	555	396	433	440	988	748	209	694	1144	1171	312	1113	960	916	229	921	880	905	158	930
chr3	12901352	13256999	355648	2	0	355648	165899	189749	13631	7641	11658	8162	9955	14843	22321	11134	10998	8789	16295	7489	6507	4770	5970	5735	13136	10502	2915	9490	18802	19697	4497	18814	14067	16423	3531	14303	12247	15188	2499	13637
chr3	13257000	13647999	391000	1	0	391000	188287	202713	17915	8698	12686	10131	11706	16069	23397	12155	11732	9212	17920	8679	8076	5804	7157	6949	14274	11689	2957	10863	20255	19605	4510	20120	14847	17247	3705	15097	13950	15949	2564	15080
chr3	13648000	13674168	26169	2	0	26169	12090	14079	945	555	863	592	754	1116	1572	846	844	634	1163	536	412	356	480	420	966	781	210	704	1423	1520	347	1406	1054	1233	293	964	846	1162	166	1004
chr3	13674170	13719537	45368	2	0	45368	21424	23944	1489	1024	1445	1046	1284	2148	2363	1687	1456	1096	2420	875	775	731	882	702	1856	1572	297	1275	2517	2914	302	2567	1397	1699	262	1438	1712	2114	191	1830
chr3	13719539	13742234	22696	2	0	22696	14388	8308	2167	764	993	1345	994	551	830	804	1023	404	642	638	1084	500	621	1027	977	474	63	705	734	413	58	626	573	354	35	588	895	591	54	1167
chr3	13742236	13747002	4767	2	0	4767	2658	2109	263	118	160	237	156	159	233	208	181	98	171	114	179	86	92	201	201	111	21	128	204	192	20	200	169	124	22	153	183	189	17	175
chr3	13747003	13935705	188703	3	0	188703	96965	91738	9242	4521	6961	6168	6158	7134	10056	6624	6862	4142	8055	4506	4630	3194	3830	4882	7289	5254	1118	5330	9044	8354	1545	8987	6691	6670	1297	6593	6948	7652	972	7992
chr3	13935706	13935875	170	3	0	170	65	105	0	1	3	0	1	7	8	10	3	3	20	4	0	0	2	2	6	1	0	4	13	12	0	20	3	10	0	5	4	22	0	4
chr3	13935877	13935910	34	3	0	34	12	22	0	0	0	0	0	2	1	2	0	0	4	1	0	0	1	1	1	0	0	1	2	3	2	2	0	2	0	2	2	2	0	1
chr3	13935911	13936029	119	3	0	119	46	73	0	3	3	1	5	4	6	5	2	2	9	3	0	0	1	1	4	3	0	2	6	10	2	13	5	9	0	2	4	9	0	3
chr3	13936030	14052849	116820	3	0	116820	69945	46875	9375	3820	4886	5752	4904	3229	4636	4154	4775	2196	3488	3276	4779	2658	3231	4786	4847	2960	444	3652	4480	3025	453	4047	3176	2400	374	3280	4419	3619	435	5262
chr3	14052861	14067999	15139	3	0	15139	8834	6305	1095	425	552	775	589	434	725	560	559	295	490	393	603	352	422	563	617	347	45	497	609	420	58	517	506	352	45	555	576	485	56	620
chr3	14068000	14310999	243000	2	0	243000	132600	110400	14942	6657	9556	9250	8568	8514	11894	8508	9130	5225	9395	5984	7765	4797	5463	6951	9816	6392	1483	7502	10374	8366	1705	10267	7914	7354	1452	8040	9380	8600	1256	10498
chr3	14311000	14366999	56000	1	0	56000	27894	28106	2605	1311	1993	1634	1749	2250	3220	1794	1867	1367	2469	1235	1322	878	1119	1081	2112	1602	426	1665	2810	2657	482	2736	2037	2169	360	2110	2054	2258	336	2290
chr3	14367000	14402743	35744	2	0	35744	16845	18899	1399	730	1221	869	1047	1487	2148	1054	1109	826	1858	744	664	475	652	561	1255	1113	215	935	1883	1852	387	2038	1302	1645	309	1427	1296	1550	211	1480
chr3	14402749	14402775	27	2	0	27	9	18	0	1	0	0	0	1	2	0	1	1	3	0	0	0	0	0	0	2	0	0	1	2	1	0	0	0	2	3	2	0	1	2
chr3	14402783	14402804	22	2	0	22	3	19	0	1	0	0	0	0	1	0	1	0	0	0	0	0	0	0	0	1	0	0	0	4	5	0	0	4	1	1	0	1	0	0
chr3	14402823	14513991	111169	2	0	111169	53199	57970	4924	2561	3950	2680	3478	4393	6725	3199	3482	2721	5153	2343	2231	1590	1969	1800	3954	3325	906	3079	5796	5872	1135	5919	4105	4932	892	4354	3940	4593	721	4445
chr3	14513992	14520119	6128	3	0	6128	3019	3109	247	122	195	197	170	242	359	195	196	133	296	126	148	103	117	172	219	158	42	181	297	298	63	316	231	273	51	227	219	245	46	242
chr3	14520121	14821992	301872	3	0	301872	158460	143412	16801	7577	11535	10343	10174	10927	15711	10065	10799	6807	12760	7197	8482	5197	6466	7619	11513	8218	1741	9036	13735	12399	2361	13977	10223	10337	1952	10356	11406	11519	1534	13103
chr3	14821993	15382992	561000	2	0	561000	312485	248515	38353	15573	21503	22740	20272	18843	26560	19309	20216	11721	21196	14051	19328	11939	13439	17442	22180	14651	3219	18026	23370	17516	3826	22811	17715	16696	3356	17963	21719	18660	2907	23898
chr3	15382993	15501581	118589	1	0	118589	65739	52850	8002	3356	4622	4722	4459	3882	5600	4012	4347	2502	4594	2976	3894	2379	2875	3516	4474	3251	606	3788	5321	3867	675	4896	3649	3536	559	3808	4510	4106	604	5199
chr3	15501583	15501603	21	1	0	21	11	10	1	1	1	1	1	0	0	1	2	1	1	0	0	0	0	0	1	1	0	0	1	0	1	1	0	0	0	0	1	1	1	1
chr3	15501605	15524992	23388	1	0	23388	12662	10726	1347	628	899	933	858	808	1152	771	856	498	984	597	747	415	523	645	854	656	107	732	1102	827	140	1042	746	731	117	736	886	897	104	1048
chr3	15524993	15781992	257000	2	0	257000	154802	102198	21322	7766	10290	13066	9817	7506	10248	9420	9964	4594	8128	6902	11341	6576	6931	10930	10467	5926	1258	8790	9276	6008	1149	8712	7243	5828	1067	6884	10005	7383	990	11211
chr3	15781993	15882992	101000	3	0	101000	63226	37774	9136	3319	4104	5700	4066	2605	3511	3746	4001	1743	2748	2856	5056	2722	2879	5033	4258	2211	440	3480	3382	2037	450	3027	2412	1891	438	2399	3876	2757	380	4335
chr3	15882993	16053992	171000	4	0	171000	100390	70610	12409	4982	6938	8295	6885	5186	6933	6527	6725	3282	5942	4656	6605	3812	4599	6614	6904	4142	721	5495	6844	4489	595	6278	4983	4052	548	4953	6800	5523	596	7685
chr3	16053993	16609992	556000	5	0	556000	318714	237286	38397	16017	22639	24552	20556	17836	24745	20595	22064	11147	19947	14552	20588	11569	13682	19827	22475	13494	2722	17878	22316	16203	2688	21272	16996	14253	2353	16924	21945	18530	2297	24939
chr3	16609993	16694992	85000	6	0	85000	51199	33801	6720	2632	3742	4252	3422	2281	3283	3228	3483	1670	2809	2311	3721	1864	2261	3518	3408	1949	299	2791	3101	2113	255	2978	2355	1731	220	2328	3350	2654	270	3999
chr3	16694993	16802258	107266	7	0	107266	63565	43701	7795	3199	4629	5246	4250	3156	4357	4019	4443	2138	3465	2946	4381	2409	2873	4259	4410	2540	391	3561	4134	2910	372	3827	3030	2312	270	2950	4208	3480	319	4985
chr3	16802259	16807926	5668	7	0	5668	3351	2317	369	141	270	284	210	165	240	240	267	122	188	175	218	103	150	209	218	108	21	184	218	122	14	188	185	125	12	168	233	187	24	308
chr3	16807933	16808997	1065	7	0	1065	624	441	54	36	43	42	34	59	45	42	40	18	31	28	47	25	35	44	74	25	1	37	36	24	4	36	29	23	1	33	41	28	0	48
chr3	16808998	16811301	2304	8	0	2304	1366	938	192	68	116	115	99	54	94	82	109	46	67	66	91	35	55	75	71	50	12	70	81	64	6	86	78	53	11	68	100	70	9	109
chr3	16811303	16811350	48	8	0	48	28	20	4	0	6	0	3	2	0	2	3	3	0	2	0	0	1	1	2	0	0	2	1	0	2	0	1	2	0	1	3	1	0	4
chr3	16811352	16816031	4680	8	1	4679	2782	1897	311	136	194	251	187	136	211	180	209	120	146	117	186	91	131	174	191	115	12	165	195	101	5	164	126	90	7	131	202	161	8	222
chr3	16816033	16816066	34	8	0	34	22	12	9	4	0	1	4	0	0	0	1	0	1	0	0	1	0	1	2	1	0	1	2	3	0	0	0	0	0	0	0	1	0	0
chr3	16816068	16816497	430	8	1	429	253	176	28	9	25	19	13	16	19	20	23	12	15	8	17	7	10	9	20	6	1	16	10	4	3	13	12	11	2	19	28	9	0	21
chr3	16816498	16817570	1073	8	0	1073	659	414	94	35	30	71	38	35	53	38	41	19	33	27	57	20	21	46	44	22	7	35	39	17	3	39	32	31	2	21	49	28	2	42
chr3	16817572	16817658	87	8	0	87	71	16	10	0	3	11	1	0	2	3	3	0	0	3	10	3	3	18	0	1	0	2	2	0	0	0	0	1	0	3	3	0	0	3
chr3	16817660	16821369	3710	8	0	3710	2216	1494	262	110	151	193	140	106	161	172	152	79	113	104	163	70	92	147	145	84	9	127	144	88	8	126	130	80	3	101	160	115	10	163
chr3	16821371	16821393	23	8	0	23	11	12	0	0	1	0	0	1	2	1	1	1	0	2	0	0	0	1	0	1	0	0	2	1	0	1	1	1	0	0	1	1	0	2
chr3	16821395	16823625	2231	8	0	2231	1289	942	120	66	103	99	85	68	96	90	90	40	76	64	93	54	68	77	92	46	5	85	79	65	5	90	70	48	7	79	98	79	3	89
chr3	16823630	16828898	5269	8	0	5269	3176	2093	404	145	230	290	200	150	201	209	231	95	162	157	234	123	129	216	214	127	18	153	221	131	16	171	123	122	15	136	202	159	21	262
chr3	16828899	16831032	2134	8	0	2134	1368	766	205	71	107	124	111	56	64	67	92	34	53	75	98	48	53	108	81	33	11	84	65	34	4	60	54	42	6	38	98	54	7	95
chr3	16831041	16832549	1509	8	0	1509	903	606	117	37	65	73	48	55	51	72	68	20	54	34	59	35	33	81	69	26	8	44	53	46	6	50	50	34	3	41	55	49	3	68
chr3	16832551	16832586	36	8	0	36	21	15	0	3	0	2	2	2	1	4	3	1	0	0	1	0	1	0	5	1	0	0	3	0	0	0	1	0	0	1	0	2	0	1
chr3	16832588	16838339	5752	8	0	5752	3306	2446	399	193	244	260	256	182	268	171	235	130	186	150	206	111	142	171	229	138	33	216	239	155	26	216	180	138	8	166	230	205	25	242
chr3	16838340	16841129	2790	8	0	2790	1726	1064	239	89	108	168	124	64	119	99	108	49	82	88	134	67	64	123	104	58	13	94	105	63	8	72	81	53	6	79	116	74	9	128
chr3	16841130	16849126	7997	8	0	7997	4662	3335	542	236	351	384	296	241	339	294	334	143	255	192	340	203	227	284	296	192	39	296	293	253	29	290	256	185	29	252	325	235	31	333
chr3	16849127	16851010	1884	8	0	1884	1088	796	150	65	89	78	78	43	78	54	89	29	74	49	64	36	57	53	64	44	20	46	62	47	10	82	65	43	8	64	62	67	6	106
chr3	16851011	16851728	718	8	0	718	395	323	38	14	35	35	23	25	30	23	37	13	33	21	24	13	16	15	20	25	0	20	29	21	8	36	20	21	3	14	32	26	3	43
chr3	16851729	16854357	2629	8	0	2629	1745	884	266	96	102	167	108	80	81	96	103	34	68	68	153	88	64	169	125	56	9	108	66	43	5	63	58	29	6	43	116	49	6	102
chr3	16854365	16858668	4304	8	0	4304	2916	1388	444	134	192	302	174	85	109	193	189	57	93	144	265	116	133	284	163	62	10	157	105	59	6	104	105	47	2	84	188	106	8	182
chr3	16858670	16858711	42	8	0	42	22	20	2	1	2	1	0	2	2	2	3	0	1	1	1	1	1	1	1	1	0	1	3	1	0	1	0	1	2	3	2	2	0	1
chr3	16858713	16859543	831	8	0	831	561	270	60	17	26	65	29	21	23	32	27	11	21	30	52	19	23	104	30	22	1	15	23	12	3	23	22	8	2	20	30	19	4	35
chr3	16859544	16861378	1835	8	0	1835	1241	594	164	58	83	117	62	28	48	80	66	28	43	74	130	61	75	123	67	21	9	78	42	27	3	33	36	18	3	45	73	39	7	92
chr3	16861387	16862491	1105	8	0	1105	726	379	78	33	39	94	52	13	34	41	43	21	35	35	69	28	41	68	32	19	3	41	27	15	4	30	30	20	1	23	51	22	6	55
chr3	16862493	16862709	217	8	0	217	155	62	38	11	10	12	6	7	5	4	12	1	4	5	13	3	7	15	7	4	0	11	5	6	0	3	2	1	0	1	8	3	0	11
chr3	16862710	16862729	20	8	0	20	11	9	0	0	0	0	0	1	1	1	0	1	3	1	0	0	1	1	0	0	0	2	0	0	0	0	2	0	0	0	1	0	0	3
chr3	16862731	16863118	388	8	0	388	198	190	40	8	10	11	9	16	24	12	9	5	16	13	10	7	5	2	7	14	3	12	21	11	7	16	17	20	4	14	16	10	4	13
chr3	16863120	16863187	68	8	0	68	29	39	0	1	3	0	4	4	5	1	0	1	6	3	0	0	0	0	1	1	0	4	5	1	0	1	7	3	1	5	1	2	1	5
chr3	16863189	16868420	5232	8	0	5232	3235	1997	425	172	202	296	186	140	204	227	225	95	153	157	259	114	139	240	214	99	29	179	172	113	18	157	138	92	12	142	233	155	23	220
chr3	16868422	16868442	21	8	0	21	17	4	2	2	2	1	0	0	0	0	0	0	0	0	5	1	1	1	0	1	0	2	0	0	0	1	0	0	0	0	0	0	0	0
chr3	16868444	16868732	289	8	0	289	204	85	38	12	11	26	12	10	4	9	12	3	3	5	24	2	7	24	10	6	0	11	10	8	0	7	3	5	0	2	12	6	0	5
chr3	16868741	16870437	1697	8	0	1697	1094	603	151	54	55	118	61	56	62	62	75	30	42	39	92	48	67	81	77	39	3	69	56	23	2	43	41	20	3	40	66	42	4	74
chr3	16870439	16870608	170	8	0	170	87	83	13	2	3	4	4	10	12	3	1	2	9	6	4	5	4	3	6	6	0	7	9	5	1	7	5	5	2	12	9	6	1	2
chr3	16870609	16878069	7461	8	0	7461	4582	2879	590	232	327	438	286	168	279	293	335	133	248	183	374	169	199	326	306	145	31	220	224	193	18	275	200	132	15	221	296	240	26	337
chr3	16878071	16878115	45	8	0	45	24	21	1	4	0	2	2	0	4	1	1	1	2	1	3	1	0	0	3	0	0	3	1	0	0	3	1	3	0	0	2	2	2	0
chr3	16878117	16878484	368	8	0	368	226	142	28	20	17	14	18	4	15	16	19	6	12	13	15	9	9	9	18	4	1	16	14	7	0	12	5	7	1	7	17	15	0	18
chr3	16878490	16879340	851	8	0	851	469	382	55	19	51	24	29	27	32	27	41	16	46	20	25	17	19	19	27	23	0	29	35	33	3	42	17	21	1	27	36	36	2	50
chr3	16879355	16882025	2671	8	0	2671	1660	1011	203	78	109	157	113	58	93	117	118	50	81	88	114	63	85	132	85	54	10	100	91	55	6	80	74	48	4	66	131	76	8	122
chr3	16882031	16884899	2869	8	0	2869	1273	1596	124	60	94	78	71	96	129	61	95	68	131	55	65	38	49	58	78	68	40	76	110	204	107	125	82	161	93	102	86	113	50	100
chr3	16884900	16884952	53	8	0	53	23	30	12	0	3	0	0	0	0	0	2	0	5	0	0	0	0	0	0	0	0	0	0	1	6	3	0	5	5	2	0	4	1	2
chr3	16884954	16885028	75	8	0	75	12	63	1	0	1	0	1	1	1	0	0	4	2	0	0	0	0	0	1	1	3	0	0	8	10	4	2	10	17	1	0	3	2	0
chr3	16885031	16885044	14	8	0	14	2	12	0	0	0	0	0	0	0	2	0	0	0	0	0	0	0	0	0	0	0	0	2	3	0	0	0	3	2	0	0	0	0	0
chr3	16885064	16885166	103	8	0	103	18	85	1	0	3	0	1	3	2	0	2	1	5	0	0	0	0	0	0	3	0	1	4	17	13	8	1	18	9	1	1	4	3	0
chr3	16885168	16892439	7272	8	0	7272	4433	2839	596	243	322	409	305	198	266	267	298	113	187	199	371	177	193	289	303	157	27	244	241	172	47	226	226	161	40	197	266	195	34	301
chr3	16892441	16898767	6327	8	1	6326	3972	2354	536	199	239	361	245	169	222	246	243	114	173	175	309	168	207	364	271	147	24	207	204	120	23	193	178	99	15	166	228	174	28	275
chr3	16898769	16898834	66	8	0	66	38	28	5	5	2	2	2	4	1	2	3	1	0	2	4	0	2	2	4	3	1	2	5	2	1	2	1	1	0	0	0	4	0	1
chr3	16898835	16898881	47	8	0	47	31	16	2	1	0	3	1	2	0	5	1	2	2	3	2	0	2	4	4	1	0	0	1	0	0	1	0	0	0	0	3	2	0	3
chr3	16898897	16898915	19	8	0	19	5	14	0	0	0	0	0	1	3	0	0	0	0	0	0	0	0	0	1	0	0	0	3	2	0	0	1	3	0	3	0	0	0	0
chr3	16898917	16902819	3903	8	0	3903	2218	1685	271	127	166	147	141	123	198	138	145	77	159	101	154	80	86	104	159	90	22	136	143	112	14	142	141	97	14	132	157	113	12	200
chr3	16902821	16902853	33	8	0	33	25	8	17	0	0	1	1	1	1	2	0	0	1	1	0	0	0	0	0	0	0	1	0	0	0	0	3	0	0	0	1	0	0	1
chr3	16902858	17218007	315150	8	1	315149	188207	126942	23964	9400	13069	15962	11851	9295	12835	12265	12936	5865	10189	8450	13644	7245	8242	12995	12952	7172	1369	10310	11462	7918	1192	11156	9248	6887	1003	8829	12583	9751	1066	14040
chr3	17218008	17509007	291000	9	0	291000	186716	104284	26645	9395	12292	17859	11317	7276	9756	11330	12120	4680	7583	8044	16110	8114	8547	15647	12242	5885	1036	10302	8776	5201	810	8264	7107	4690	682	6861	11554	7275	848	12750
chr3	17509008	17642007	133000	8	0	133000	84329	48671	12210	4302	5501	7951	5254	3321	4482	5085	5370	2195	3689	3636	7130	3668	3786	6748	5543	2776	541	4626	4169	2565	459	3995	3283	2330	378	3115	5148	3517	504	5721
chr3	17642008	17889007	247000	7	0	247000	150266	96734	20409	7496	9958	13356	9739	6773	9264	9197	9736	4563	7696	6894	11334	6066	6855	10929	9849	5627	1094	8328	8763	5633	1223	8005	6631	5218	1049	6424	9730	7147	996	11016
chr3	17889008	17987007	98000	8	0	98000	59908	38092	7938	2985	4249	5325	3854	2686	3681	3724	4179	1795	3248	2690	4526	2170	2759	4097	4073	2102	322	3139	3313	2224	264	3320	2750	1928	207	2537	3810	2867	295	4941
chr3	17987008	18250007	263000	9	0	263000	161837	101163	21252	8069	11256	14474	10603	7303	9512	10465	11194	4698	8134	7332	12002	6256	7357	11929	11060	5598	993	8676	9038	5738	701	8408	7168	4966	620	6838	10617	7582	822	12337
chr3	18250008	18419007	169000	10	0	169000	108197	60803	15904	5499	7092	10341	6855	4217	5602	6840	7374	2763	4402	4684	8703	4389	4913	8619	7291	3356	649	5572	5085	2916	453	4757	4364	2638	418	4080	6774	4300	548	7600
chr3	18419008	18995007	576000	9	0	576000	361361	214639	48673	17972	24901	33630	23431	15073	19804	22473	24976	9958	16847	16010	28097	14374	16170	28971	23941	11829	2144	19463	18352	11341	1734	17533	15312	9619	1515	14064	23176	16171	1783	26661
chr3	18995008	19562007	567000	10	0	567000	359957	207043	49708	17975	24230	33949	23279	14560	18835	22596	24307	9758	15631	15996	28568	14486	16328	29750	24070	11374	2140	19194	17684	10362	1592	16326	14591	9148	1348	13521	22925	15080	1704	25983
chr3	19562008	19728007	166000	9	0	166000	103514	62486	14107	5179	7115	9452	6970	4447	5795	6615	7158	2998	4752	4761	7618	4129	4689	7728	6907	3619	647	5580	5654	3368	426	4975	4432	2755	365	4088	6834	4680	446	7709
chr3	19728008	19818007	90000	8	0	90000	55865	34135	7613	2833	3713	5159	3659	2513	3152	3616	3871	1537	2655	2421	4175	2187	2530	4230	3831	1938	320	2981	3146	1946	233	2838	2390	1603	182	2243	3573	2676	245	3989
chr3	19818008	19892007	74000	7	0	74000	44744	29256	6047	2303	3003	3870	3063	2035	2814	2798	3068	1382	2256	2094	3045	1668	2149	3148	2969	1739	298	2382	2780	1735	286	2442	2028	1505	246	2045	2933	2264	250	3353
chr3	19892008	20113007	221000	6	0	221000	131089	89911	17948	6487	8306	11128	8569	6661	8958	7574	7914	3925	7670	5708	9438	5435	5773	9594	8631	5291	1129	7456	8241	5199	1333	7815	6314	5793	1267	6224	8577	6305	1123	9212
chr3	20113008	20226007	113000	7	0	113000	70320	42680	10193	3407	4697	6377	4461	3140	4002	4154	4606	1934	3378	3049	5414	2935	3183	5390	4661	2394	514	3847	3737	2225	432	3487	2913	2137	391	2973	4445	3124	445	4953
chr3	20226008	20327007	101000	8	0	101000	61863	39137	8722	3096	4223	5490	4106	2744	3796	3694	4139	1885	3081	2766	4563	2283	2784	4490	4050	2307	361	3290	3624	2264	325	3363	2702	2021	305	2654	3964	2984	345	4577
chr3	20327008	20472007	145000	9	0	145000	89570	55430	12144	4618	6291	7840	5828	3779	5342	5499	6185	2679	4291	4006	6736	3510	4142	6679	5884	3253	504	4945	4971	3119	424	4710	3834	2626	331	3667	5759	4226	433	6743
chr3	20472008	22254998	1782991	10	0	1782991	1131633	651358	158088	56148	75626	107409	72939	46097	59558	70919	76376	30754	49206	50297	89869	44873	51279	92193	75786	35959	6705	59422	55949	32454	4899	51592	45726	29128	4201	42903	72052	47353	5477	81752
chr3	22255000	22562008	307009	10	0	307009	196070	110939	26873	9597	13014	18786	12284	7879	9973	12495	13237	5106	8358	8615	15877	8270	8949	16756	13250	6076	1148	10377	9227	5463	815	8912	7780	4691	724	7159	12374	8187	909	13846
chr3	22562009	22803008	241000	9	0	241000	151430	89570	20507	7468	10220	14198	9909	6150	8285	9676	10478	4259	6923	7031	11499	6048	6842	11935	10134	5098	840	7854	8053	4786	610	7194	6092	3913	494	5811	9741	6846	692	11412
chr3	22803009	22933008	130000	8	0	130000	80636	49364	10897	4117	5483	7357	5427	3435	4690	5059	5517	2341	3824	3740	6013	3036	3695	6004	5267	2805	472	4385	4430	2659	346	4091	3566	2346	310	3264	5348	3716	406	5952
chr3	22933009	23309008	376000	7	0	376000	229917	146083	30519	11495	15574	20233	14960	10590	14073	14320	15226	6779	11506	10514	17117	9239	10505	17265	15549	8378	1592	12584	13021	8307	1441	12114	10299	7357	1241	10175	15075	10841	1324	16785
chr3	23309009	23394008	85000	8	0	85000	52973	32027	7280	2678	3524	4790	3310	2356	3164	3227	3437	1503	2405	2333	4245	2318	2425	3978	3638	1868	332	3017	2782	1724	255	2579	2282	1472	219	2180	3355	2276	304	3742
chr3	23394009	23504008	110000	7	0	110000	68236	41764	9018	3538	4808	5981	4147	3016	4256	4082	4573	1868	3113	2978	5607	3148	3113	4988	4616	2424	456	4074	3554	2229	311	3483	2955	1949	297	2883	4376	2975	332	4850
chr3	23504009	23588008	84000	6	0	84000	52524	31476	7471	2766	3472	4573	3321	2354	2984	3272	3278	1470	2335	2324	4210	2317	2388	3987	3751	1868	390	2898	2714	1648	250	2618	2144	1489	238	2061	3322	2225	258	3602
chr3	23588009	23689008	101000	5	0	101000	57544	43456	7309	2999	4121	4318	3884	3290	4507	3437	3892	2027	3663	2508	3662	2172	2445	3309	4056	2561	566	3305	4111	2938	558	3924	3074	2685	471	3116	3877	3347	475	4391
chr3	23689009	24165008	476000	4	0	476000	277373	198627	37391	13991	18901	22489	18125	14564	19997	16430	18255	8909	16862	12511	19000	10716	12240	16990	18635	11501	2426	15619	18114	12662	2891	17526	13871	12230	2685	13930	18496	14800	2316	20925
chr3	24165009	24664008	499000	5	0	499000	308689	190311	41766	15302	21154	28230	19965	13310	17947	19660	21172	9064	14820	13611	23547	11981	13921	23237	20590	10577	1960	16530	16636	10690	1653	15912	13432	9402	1463	12799	20224	14222	1620	22601
chr3	24664009	24763008	99000	6	0	99000	61300	37700	8050	3022	4126	5663	3959	2525	3649	3863	4202	1779	2997	2831	4650	2361	2836	4785	4030	2109	341	3207	3286	2027	318	3225	2587	1898	265	2598	4093	2822	316	4578
chr3	24763009	24850008	87000	7	0	87000	54551	32449	7377	2672	3687	5108	3405	2288	3071	3387	3717	1499	2538	2478	4346	2141	2359	4476	3659	1716	347	2878	2733	1786	310	2596	2285	1528	290	2089	3474	2395	271	4092
chr3	24850009	25371008	521000	8	0	521000	322493	198507	43153	16390	22359	29104	21181	13866	18681	20553	22303	9489	15492	14270	24369	12873	14747	23663	21663	11255	2179	17521	17326	10739	1610	16482	13912	9426	1261	13577	21380	14737	1738	23699
chr3	25371009	25465008	94000	7	0	94000	56166	37834	7528	2934	3885	4817	3704	2707	3724	3457	3895	1726	3011	2477	4038	2130	2537	3595	3821	2120	457	3098	3384	2402	427	3203	2718	2076	369	2649	3669	2818	415	4207
chr3	25465009	25555008	90000	6	0	90000	53393	36607	6927	2699	3853	4392	3395	2655	3589	3475	3721	1704	2984	2319	3828	2098	2405	3347	3702	2065	418	2971	3344	2373	336	3234	2526	2015	280	2615	3543	2834	340	4011
chr3	25555009	25848008	293000	5	0	293000	179847	113153	25206	9094	12176	15942	11426	7986	10835	10901	11825	5095	8822	7839	13961	7451	8054	13234	11823	6571	1242	9990	9971	6395	1331	9463	7886	6044	1188	7666	11467	8150	1197	12767
chr3	25848009	25951008	103000	6	0	103000	63515	39485	8467	3232	4458	5594	4144	2736	3790	3900	4336	1875	3166	2902	4804	2436	3002	4672	4235	2174	397	3473	3435	2118	325	3327	2780	1977	265	2700	4120	2936	305	4917
chr3	25951009	26046008	95000	7	0	95000	58952	36048	7677	2926	4012	5346	3834	2638	3319	3861	4106	1684	2819	2772	4344	2364	2733	4517	4053	2068	369	3122	3313	1962	227	2910	2455	1619	203	2365	3831	2764	299	4486
chr3	26046009	26176008	130000	8	0	130000	79976	50024	10344	4106	5564	7143	5338	3453	4733	5172	5596	2277	3942	3725	5879	3127	3623	5953	5330	2899	468	4266	4505	2908	330	4243	3615	2253	272	3394	5245	3926	410	5959
chr3	26176009	26459008	283000	9	0	283000	175864	107136	23646	9016	12050	15998	11742	7296	10052	11279	12307	5111	8323	7959	13016	6897	7973	13198	11835	6272	1048	9165	9603	5784	791	8870	7437	4843	687	7100	11494	8149	794	13263
chr3	26459009	26564008	105000	10	0	105000	65569	39431	8710	3259	4391	6097	4455	2680	3742	4134	4441	1870	3036	3173	4851	2526	3059	5144	4258	2205	341	3532	3559	2103	250	3156	2829	1797	213	2667	4364	2963	320	4873
chr3	26564009	27063008	499000	9	0	499000	307265	191735	40419	15366	21463	27532	20208	13239	18039	19975	21553	9157	15265	14084	22600	11818	14103	22443	20493	10995	1668	16425	17196	10804	1392	16277	13566	8987	1203	12670	20206	14883	1471	23498
chr3	27063009	27189008	126000	8	0	126000	77607	48393	10139	3839	5363	7034	5032	3338	4646	4906	5313	2261	3807	3472	5890	2953	3675	5938	5055	2725	418	4193	4275	2662	371	4223	3533	2437	306	3342	5059	3707	353	5733
chr3	27189009	27285008	96000	7	0	96000	59524	36476	8021	2982	4076	5361	3874	2497	3471	3847	4106	1741	2757	2687	4439	2389	2670	4605	3977	2037	370	3225	3232	2023	306	3030	2604	1756	250	2374	3876	2774	296	4345
chr3	27285009	27387008	102000	6	0	102000	62827	39173	8560	3208	4266	5574	4069	2890	3770	3986	4136	1807	3110	2762	4844	2496	2696	4652	4231	2205	456	3509	3513	2066	351	3220	2783	2049	325	2649	4187	2830	334	4464
chr3	27387009	27653008	266000	5	0	266000	157366	108634	21893	7847	10139	13438	10341	8050	10735	8855	9716	4798	9392	6933	11366	6331	7109	10422	10186	6452	1374	9014	9995	6168	1642	9637	7395	6919	1500	7512	10405	7903	1320	11211
chr3	27653009	27744008	91000	6	0	91000	53142	37858	7401	2665	3677	4333	3469	2705	3571	2932	3471	1694	3177	2334	3735	2001	2329	3647	3437	2192	508	2928	3333	2569	767	3266	2524	2328	725	2603	3382	2846	492	3957
chr3	27744009	27842008	98000	7	0	98000	59146	38854	7818	2935	4039	5171	3902	2804	3796	3708	4050	1810	3260	2655	4193	2273	2652	4080	3927	2196	415	3283	3570	2219	362	3279	2790	2055	317	2664	3923	2961	370	4521
chr3	27842009	28316008	474000	8	0	474000	296422	177578	40642	14680	20103	27217	19085	12622	16698	18422	20095	8438	14022	13141	22820	11646	13486	23303	19731	10161	1657	15837	15470	9284	1303	14833	12418	8331	1151	11706	19208	13114	1441	21933
chr3	28316009	28505008	189000	9	0	189000	121435	67565	17454	6081	7970	11577	7759	4709	6045	7444	8044	3149	4885	5433	9826	5020	5580	10458	8003	3863	654	6439	5906	3194	508	5358	4555	2927	458	4188	7493	4981	542	8495
chr3	28505009	29638008	1133000	10	0	1133000	711430	421570	96935	35209	47996	65926	45428	29959	39168	45138	48252	19673	32624	31674	55452	28707	32797	56490	47713	23525	4187	38123	36440	21438	3249	34400	29829	19423	2779	28241	45712	31141	3549	51821
chr3	29638009	29914008	276000	9	0	276000	176474	99526	24716	8663	11636	17217	11123	7024	8858	11357	11843	4635	7449	7737	14550	7176	8021	14467	11894	5381	1092	9131	8265	4904	765	7892	7014	4366	639	6519	11190	7175	876	12423
chr3	29914009	30048008	134000	8	0	134000	85049	48951	11960	4264	5761	8151	5577	3361	4542	5232	6040	2318	3713	3741	6559	3222	3780	6826	5564	2697	479	4426	4196	2447	370	3892	3420	2115	299	3234	5532	3646	390	6244
chr3	30048009	30310037	262029	7	0	262029	163283	98746	21650	8007	11247	15025	10454	7042	9244	10488	11152	4604	7846	7419	12674	6201	7441	12788	10728	5471	904	8751	8618	5330	689	8206	7193	4621	574	6640	10689	7421	729	12181
chr3	30310038	31134007	823970	7	0	823970	506753	317217	67090	25111	35570	44993	32773	22169	30266	32406	35420	14965	25557	23023	37481	19818	23027	37084	33791	17616	3151	27505	27920	17649	2441	26785	22378	15513	2116	21385	33525	24017	2678	38745
chr3	31134008	31348007	214000	6	0	214000	127661	86339	15847	6402	9277	10863	8554	6236	8437	8281	9120	4017	7110	5652	8868	4830	5653	8513	8750	4841	820	7074	8123	5493	619	7573	6106	4672	487	5881	8529	6802	620	9948
chr3	31348008	31603007	255000	5	0	255000	156544	98456	21202	7840	11039	13726	10285	6836	9445	9448	10694	4682	7951	6957	11626	6107	6926	11779	10478	5557	971	8459	8641	5605	990	8192	6761	4914	812	6791	10135	7351	879	11919
chr3	31603008	31782007	179000	4	0	179000	105395	73605	13786	5418	7366	8563	6946	5490	7434	6509	7078	3365	6190	4755	7322	4151	4482	6539	7445	4213	884	5882	6765	4634	800	6491	5187	4233	632	5050	6982	5610	748	8048
chr3	31782008	31862007	80000	3	0	80000	46221	33779	5920	2320	3217	3599	3015	2597	3436	2886	2976	1545	2835	2067	3145	1809	1970	2884	3277	1971	416	2607	3099	2154	433	3102	2415	2164	389	2327	3142	2499	360	3422
chr3	31862008	33184007	1322000	2	0	1322000	750419	571581	98620	37759	50921	57149	49797	43013	58636	44262	47761	25583	48983	34110	48271	28837	32757	43959	50970	33846	7220	43156	53922	37731	9302	51575	40213	38301	8365	40543	50604	42652	7157	56023
chr3	33184008	33308007	124000	3	0	124000	74280	49720	10213	3698	4927	6352	4930	3609	4846	4427	4958	2261	4027	3405	5089	2872	3375	5290	4991	2860	566	4023	4542	2943	667	4252	3428	2869	574	3353	4851	3732	521	5547
chr3	33308008	33742007	434000	2	0	434000	266944	167056	39040	13491	17048	23445	16855	12171	16357	15560	16721	7528	13081	11941	20408	11198	12177	19921	17583	9899	1913	14993	14962	8994	1958	13985	11367	9255	1836	11040	17031	11751	1843	18646
chr3	33742008	33896007	154000	3	0	154000	94283	59717	13468	4710	6075	8185	5877	4333	5870	5499	6031	2650	4833	4105	7062	3890	4206	7488	6169	3487	670	5257	5373	3372	729	5014	4094	3265	645	4022	5942	4364	622	6691
chr3	33896008	34043007	147000	4	0	147000	84695	62305	9956	4266	6264	6593	5788	4532	6400	5584	6067	3004	5352	3956	5268	3006	3711	4947	6001	3576	511	4720	5870	4211	524	5747	4429	3520	404	4413	6005	5045	481	6847
chr3	34043008	34227007	184000	5	0	184000	111033	72967	14360	5630	7959	9466	7528	5190	7314	6954	7923	3570	5999	4983	7604	4026	4957	7569	7616	4180	604	6017	6599	4172	519	6329	5318	3659	459	5020	7453	5608	550	8863
chr3	34227008	34343007	116000	6	0	116000	70459	45541	9020	3366	5050	6045	4541	3253	4537	4339	4954	2170	3745	3245	4966	2693	3149	5385	4740	2574	409	3759	4121	2698	293	4009	3131	2236	252	3205	4678	3613	314	5508
chr3	34343008	34484007	141000	7	0	141000	86761	54239	11362	4345	5928	7738	5861	3876	5137	5916	6015	2644	4164	4060	6136	3298	3865	6414	6122	3045	485	4511	4927	3014	344	4528	3931	2543	294	3612	5810	4211	419	6443
chr3	34484008	34743007	259000	8	0	259000	163401	95599	21643	8022	10987	15171	10406	6635	8889	10246	11065	4525	7593	7334	12710	6345	7636	14193	10681	5351	821	8674	8364	4956	587	7841	6699	4319	475	6313	10432	7122	687	12276
chr3	34743008	36291007	1548000	9	0	1548000	985157	562843	136140	48265	65390	94498	62947	39948	52148	62422	67051	26492	43002	44086	78154	38636	44277	81699	66331	31001	5097	50912	47985	27903	3640	45073	40013	24222	3028	37007	63136	41475	4195	71825
chr3	36291008	36489007	198000	8	0	198000	119932	78068	14944	5837	8643	10263	7856	5558	7452	7807	8328	3724	6292	5500	8559	4708	5541	8920	8276	4347	671	6533	6928	4635	644	6843	5515	3969	517	5344	7953	6099	584	9208
chr3	36489008	36573007	84000	7	0	84000	50983	33017	6601	2480	3589	4386	3361	2405	3194	3334	3503	1555	2843	2373	3592	1868	2278	3619	3434	1892	284	2698	3017	1839	199	2868	2407	1667	189	2249	3436	2525	224	4089
chr3	36573008	36661782	88775	6	0	88775	54065	34710	6914	2689	3746	4703	3619	2517	3328	3543	3836	1701	2851	2506	3682	2048	2339	4041	3828	1989	289	2849	3120	2044	281	2936	2374	1613	223	2270	3685	2735	265	4209
chr3	36661784	36661825	42	6	0	42	23	19	0	1	3	2	1	0	2	2	2	1	0	1	3	0	1	3	1	1	0	0	0	3	0	3	2	2	1	1	1	0	1	2
chr3	36661827	36669008	7182	6	0	7182	4304	2878	507	213	307	357	283	221	283	278	295	135	245	194	299	162	182	343	305	152	29	245	282	162	18	236	200	146	18	214	278	238	31	322
chr3	36669009	36758008	89000	5	0	89000	51738	37262	6292	2548	3722	4043	3430	2683	3860	3405	3500	1861	3229	2436	3384	1914	2162	3268	3635	2137	343	2891	3510	2555	316	3320	2609	1994	242	2683	3623	3015	309	4079
chr3	36758009	36877008	119000	4	0	119000	68122	50878	7969	3476	5121	5068	4539	3665	5357	4409	4870	2424	4235	3267	4256	2463	2992	4010	4804	2848	512	3864	4762	3398	529	4582	3646	2981	469	3686	4758	4044	422	5572
chr3	36877009	37019008	142000	3	0	142000	81443	60557	10889	4127	5392	6294	5282	4522	6238	4744	5159	2670	5035	3649	5372	3275	3584	5211	5574	3632	735	4653	5723	3938	1010	5417	4160	4072	900	4228	5328	4445	789	5951
chr3	37019009	37383008	364000	2	0	364000	219312	144688	31047	10906	14651	18692	13819	10309	14397	12850	13838	6468	11878	9499	16592	9147	9876	15341	14275	8432	1625	12499	13152	8325	1804	12539	10007	8573	1639	10135	13941	10490	1622	15630
chr3	37383009	37497008	114000	3	0	114000	63475	50525	7268	3246	4644	4541	4401	3864	5331	4153	4321	2339	4263	2911	3710	2285	2720	3477	4669	2925	523	3617	4898	3577	618	4577	3752	3313	539	3682	4430	3856	466	5082
chr3	37497009	37867008	370000	4	0	370000	205526	164474	23553	10517	14962	14627	13361	12172	17819	13718	14564	7758	13950	9534	12181	7183	8599	11026	14694	9536	1821	11579	15851	12270	1867	15356	11789	10442	1592	11871	14736	13096	1450	16524
chr3	37867009	38389008	522000	3	0	522000	286916	235084	32905	13879	20202	20362	18074	17565	25188	17929	18942	10956	19860	12780	17427	11005	12485	17357	20634	13561	2762	16447	22356	18698	3541	22375	16370	16232	2950	16618	19396	18478	2369	22295
chr3	38389009	38494008	105000	4	0	105000	58225	46775	6764	2974	4146	4273	3939	3312	4886	3541	3926	2242	3833	2611	3527	2280	2630	3339	4146	2824	499	3339	4535	3664	711	4304	3204	3055	628	3253	3793	3671	550	4599
chr3	38494009	38630008	136000	5	0	136000	71327	64673	7242	3219	5110	4651	4403	4970	7160	4603	4697	2988	5637	3329	3880	2422	2984	4031	5053	3723	731	4092	6455	5658	995	6332	4572	4910	783	4717	5055	5149	697	5750
chr3	38630009	38909008	279000	6	0	279000	161165	117835	18867	7790	11697	12658	10595	8549	11954	10488	11302	5547	10152	7562	10248	5952	7122	10682	11063	6763	1079	8933	11110	8225	1181	10628	8429	6712	946	8202	10984	9444	972	13162
chr3	38909009	39004008	95000	5	0	95000	55211	39789	6808	2737	3989	4344	3699	2983	4038	3635	3873	1848	3416	2489	3498	2029	2331	3494	3938	2227	390	3042	3719	2520	404	3573	2932	2303	339	2774	3765	3166	311	4384
chr3	39004009	39087008	83000	4	0	83000	50072	32928	6930	2599	3517	4151	3358	2236	3230	3096	3337	1526	2595	2278	3571	1949	2181	3517	3343	1873	303	2791	2986	1991	361	2865	2316	1878	317	2167	3275	2461	301	3699
chr3	39087009	39260008	173000	3	0	173000	91096	81904	9499	4283	6793	5874	5582	5940	8986	5651	6379	3774	7261	4023	4990	3241	4023	4796	6330	4746	870	5291	7926	7200	1314	8161	5662	5988	1082	5896	6241	6667	814	7715
chr3	39260009	39423008	163000	4	0	163000	92639	70361	11744	4657	6497	6946	6325	5246	7432	5613	6152	3186	6003	4371	5623	3391	4068	5384	6286	4197	743	5254	6826	4636	859	6414	5142	4500	750	5041	6362	5402	656	7292
chr3	39423009	39518008	95000	5	0	95000	55199	39801	7050	2712	3762	4408	3548	3035	4001	3314	3639	1853	3503	2409	3694	2147	2398	3725	3874	2284	452	3137	3640	2670	469	3728	2645	2390	427	2680	3739	3163	384	4118
chr3	39518009	39601008	83000	6	0	83000	49285	33715	6311	2486	3629	4055	3321	2409	3327	3064	3526	1582	2826	2239	3323	1751	2222	3214	3297	1920	309	2702	3095	2163	270	2993	2418	1835	225	2313	3310	2603	264	3996
chr3	39601009	40191008	590000	7	0	590000	355655	234345	45478	17736	24522	30228	23358	16697	23145	23258	24481	11033	18839	16505	24646	13474	15874	26379	24446	13479	2066	18949	21623	14306	1989	19893	16901	12124	1727	15984	23488	17902	1914	27554
chr3	40191009	40297008	106000	6	0	106000	63103	42897	7919	3143	4314	5334	4112	3198	4407	4083	4191	2108	3443	2803	4487	2247	2710	4602	4405	2501	383	3408	3963	2778	342	3790	3180	2291	300	3011	4252	3303	325	4665
chr3	40297009	40631008	334000	5	0	334000	192709	141291	24605	9678	13547	14873	12581	10495	14288	11938	12984	6523	12098	8832	12533	7307	8409	12017	13337	8174	1598	10894	13216	9234	1809	12875	9756	8730	1604	9626	12993	10996	1501	14947
chr3	40631009	40729008	98000	6	0	98000	57881	40119	7203	2933	4228	4598	3869	2941	4010	3766	4087	1937	3214	2684	3802	2180	2652	3776	4075	2369	331	3216	3838	2641	286	3576	2838	2102	203	2721	3835	3228	268	4591
chr3	40729009	41093008	364000	7	0	364000	213256	150744	25739	10741	15318	17360	14401	10853	15464	13776	15075	7182	12635	9829	13942	7722	9389	13829	14926	8683	1375	11514	14115	9853	1114	13706	10911	8308	977	10540	14542	11943	1190	17046
chr3	41093009	41309008	216000	6	0	216000	125204	90796	15553	6216	9055	9806	7990	6547	9378	7831	8737	4213	7552	5583	8349	4872	5571	7950	8533	5179	1032	7104	8308	6179	1037	8250	6515	5270	844	6459	8390	7146	807	9742
chr3	41309009	41554008	245000	7	0	245000	149921	95079	20486	7570	9986	12963	9732	6823	9401	9539	10094	4476	7406	6842	10693	6038	6783	11088	10273	5489	988	8158	8613	5258	819	7996	6799	4839	708	6320	9810	7100	807	11101
chr3	41554009	41683588	129580	6	0	129580	78903	50677	10612	4014	5339	6681	5099	3715	5017	5020	5179	2383	4028	3596	5755	3273	3515	5675	5550	2943	557	4335	4539	2834	464	4227	3616	2602	382	3442	5146	3685	459	5896
chr3	41683589	41704007	20419	6	0	20419	12450	7969	1644	630	853	1040	795	587	733	789	806	394	601	516	922	538	598	1003	875	474	115	685	722	477	79	660	534	419	71	540	773	569	75	900
chr3	41704008	41811007	107000	5	0	107000	66690	40310	9579	3359	4282	6012	4372	2878	3855	4141	4311	1804	3234	3008	4970	2746	2860	5278	4556	2323	415	3493	3662	2057	337	3311	2794	1993	357	2654	4234	2995	355	4773
chr3	41811008	41900007	89000	4	0	89000	53590	35410	7451	2750	3412	4604	3500	2542	3476	3129	3402	1605	2876	2409	3864	2286	2402	3880	3652	2144	422	2965	3227	2261	441	3060	2362	1924	362	2298	3407	2660	381	3844
chr3	41900008	42127007	227000	3	0	227000	127432	99568	17087	6270	8443	9578	8351	7657	10425	7326	7847	4414	8635	5755	8093	4912	5412	7227	8585	5957	1304	7407	9575	6650	1741	9038	7025	6994	1594	7045	8573	7404	1249	9425
chr3	42127008	42280007	153000	4	0	153000	84411	68589	10309	4342	6211	5902	5538	5305	7227	5099	5892	3198	5935	3719	5024	2986	3444	4278	6049	4094	927	4761	6428	5109	1031	6460	4938	4380	822	4846	5754	5445	794	6751
chr3	42280008	42505007	225000	3	0	225000	127480	97520	15253	6241	9266	9834	8584	7202	10281	7888	8928	4611	8347	5938	7829	4398	5425	7454	8765	5636	960	7091	9440	7143	944	9102	6924	5939	847	6904	8826	7911	864	10223
chr3	42505008	42519007	14000	2	0	14000	6677	7323	479	306	512	313	410	541	890	460	456	367	663	266	265	232	284	233	554	411	77	404	791	744	77	780	485	639	68	540	471	598	58	624
chr3	42519008	42609007	90000	3	0	90000	48460	41540	5684	2337	3317	3292	3018	3046	4459	2852	3145	1956	3710	2234	2783	1794	2152	2680	3292	2524	489	2828	3935	3414	742	4097	2790	2964	614	2806	3358	3286	493	3907
chr3	42609008	42914007	305000	2	0	305000	166116	138884	18969	8248	11731	11798	10659	10108	14808	9994	11042	6342	11912	7539	10076	5966	7203	9719	11339	8156	1629	9540	13176	11425	2315	13365	9538	9888	1896	9782	11516	10812	1540	12967
chr3	42914008	43330007	416000	3	0	416000	236850	179150	28124	11760	17429	18044	15573	13218	18747	15261	16707	8394	14770	10862	14953	8684	10032	14291	16808	10243	1910	13096	16727	12775	1989	16718	12909	10900	1681	12660	16355	14292	1582	18504
chr3	43330008	43824007	494000	4	0	494000	289294	204706	37364	14614	20057	23266	18934	14969	20984	17989	19499	9522	16914	13082	19504	11225	12665	18705	20062	12122	2213	15933	19116	13192	2315	18119	14439	11977	1982	14218	19259	15452	1956	22350
chr3	43824008	43917007	93000	5	0	93000	52501	40499	6250	2510	3893	4043	3405	2900	4307	3373	3812	1853	3519	2352	3229	1794	2241	3018	3475	2329	389	2864	3912	3059	389	3770	2981	2456	351	2988	3619	3286	293	4338
chr3	43917008	44216007	299000	6	0	299000	169973	129027	20261	8480	12324	13090	11287	9472	13408	10932	12067	6004	10517	7791	10540	6224	7409	10167	11837	7537	1432	9373	12106	9433	1583	11545	9581	7603	1327	9289	11575	10093	1260	13451
chr3	44216008	44773007	557000	5	0	557000	324442	232558	42767	16104	22525	25721	20660	17073	23532	19161	21430	10533	19617	14475	22260	12888	14749	20947	21528	13554	2701	18814	21457	14831	3155	21117	15921	14463	2766	16194	21519	17712	2526	24298
chr3	44773008	44898007	125000	4	0	125000	72119	52881	9537	3485	4853	5670	4599	3895	5362	4295	4539	2354	4550	3179	4870	2907	3203	4820	4824	3144	639	4034	4914	3490	800	4798	3681	3393	719	3822	4732	3975	600	5315
chr3	44898008	44978007	80000	3	0	80000	42184	37816	4517	2076	3155	2683	2884	2837	4176	2661	2807	1799	3229	1880	2223	1504	1821	1932	3035	2269	463	2448	3723	3053	576	3655	2800	2821	421	2835	3000	2864	408	3443
chr3	44978008	45332007	354000	4	0	354000	192993	161007	21806	9611	13954	13175	12661	12135	17440	12207	13051	7403	14131	9039	11027	6942	8327	10082	13435	9523	1844	11289	15755	11951	2301	14963	11649	10957	1940	11776	13604	12539	1657	15824
chr3	45332008	45587007	255000	3	0	255000	144926	110074	17998	7166	10116	11118	9428	8140	11684	8882	9667	5076	9449	6673	9305	5427	6392	8404	10106	6474	1142	8087	10409	7655	1282	10312	7660	7135	1141	7806	9959	8394	1075	11436
chr3	45587008	45679007	92000	2	0	92000	48972	43028	5805	2462	3421	3121	3231	3391	4777	3010	3158	1900	3598	2211	2615	1809	2044	2418	3567	2531	550	2914	4223	3391	714	4061	3242	3188	630	3150	3377	3279	494	3716
chr3	45679008	46201185	522178	3	0	522178	297278	224900	36064	14830	21304	22655	19881	16728	23400	18896	20017	10569	18618	13420	18891	11137	12897	17971	20900	13321	2505	16538	21513	15426	2686	20515	16369	14069	2321	16111	20122	17324	2124	23054
chr3	46201187	46449242	248056	3	0	248056	141354	106702	16650	6923	10188	10874	9501	8222	10792	9302	9726	5028	9037	6646	8757	5049	6184	8474	9952	6323	1122	7825	10137	7562	1140	9743	7892	6323	848	7397	9836	8373	992	11236
chr3	46449244	46753009	303766	3	0	303766	161351	142415	17941	7656	11172	11015	10060	10623	15538	10037	10819	6760	12541	7328	8964	5553	6781	8562	11486	8351	1767	8988	13562	12444	2399	14099	9813	10214	1929	9914	11398	11494	1525	13031
chr3	46753010	47175009	422000	2	0	422000	225810	196190	26898	10845	15422	15244	14336	14532	21131	13341	14079	8997	16808	10089	13094	8692	9780	12520	15933	11585	2452	13096	18811	16688	3680	18746	13336	14886	3275	13729	15260	14766	2377	17570
chr3	47175010	47715009	540000	1	0	540000	293257	246743	37360	14020	19345	20248	18936	18933	26425	16689	17575	11045	22266	13115	17102	11400	13082	15716	19964	14854	3226	17353	23439	17617	4730	23337	17066	18777	4258	18119	20514	17874	3304	22309
chr3	47715010	47843009	128000	2	0	128000	69439	58561	9970	3421	4113	4832	4595	4490	6112	3640	3669	2467	5473	3109	4102	2858	3115	3473	4499	3567	944	4226	5620	3734	1464	5280	3948	4855	1400	4304	4770	3941	1004	5003
chr3	47843010	48210572	367563	1	0	367563	202048	165515	26873	9922	12955	14471	13137	12744	17389	11230	12001	7072	14883	9270	12210	7988	9059	10843	13412	10165	2156	11993	16025	11478	3264	15313	11296	12410	2899	11876	13767	12027	2329	15104
chr3	48210573	48210684	112	5	0	112	27	85	0	1	3	0	1	3	4	2	2	4	4	0	1	0	1	0	0	7	1	0	10	8	10	6	0	15	13	4	0	3	4	3
chr3	48210685	48211425	741	5	0	741	213	528	3	2	14	1	6	19	45	13	11	23	56	14	0	0	4	2	6	11	14	13	29	59	64	34	28	79	50	35	20	38	9	37
chr3	48211427	48211436	10	5	0	10	3	7	0	0	0	0	0	0	0	0	0	0	2	0	0	0	0	0	0	1	0	0	0	1	0	2	0	0	0	0	0	2	0	0
chr3	48211439	48211451	13	5	0	13	2	11	0	0	0	0	0	0	1	0	0	1	0	0	0	0	0	0	0	1	0	0	0	7	0	0	0	0	0	0	1	0	0	0
chr3	48211452	48211488	37	5	0	37	6	31	0	0	0	0	0	0	1	1	0	0	2	1	0	0	0	0	0	1	0	0	2	8	6	2	0	5	2	1	0	3	0	0
chr3	48211489	48211554	66	5	0	66	11	55	0	0	0	0	0	2	3	1	0	2	2	1	0	0	0	0	0	3	1	0	3	20	7	2	1	7	1	3	2	3	0	0
chr3	48211561	48211723	163	5	0	163	35	128	0	0	1	0	0	5	8	2	1	4	10	2	0	1	1	0	0	5	3	2	7	33	18	9	2	19	5	6	5	10	0	2
chr3	48211724	48212131	408	5	0	408	78	330	0	0	2	0	0	9	22	0	2	12	23	0	0	4	4	0	1	14	6	4	18	90	43	27	4	53	17	14	8	21	2	6
chr3	48212132	48212248	117	1	0	117	15	102	0	0	0	0	0	2	3	0	0	5	4	0	0	0	0	0	0	4	4	0	5	30	20	4	0	18	4	3	0	7	2	0
chr3	48212249	48212365	117	5	0	117	23	94	0	0	1	0	0	3	5	0	1	3	8	0	0	1	1	0	0	3	2	2	4	21	15	8	2	16	5	3	2	7	0	2
chr3	48212367	48212405	39	5	0	39	5	34	0	0	0	0	0	0	1	0	0	1	2	0	0	0	0	0	0	1	1	0	1	9	7	2	0	6	2	1	0	3	0	0
chr3	48212406	48212455	50	1	0	50	9	41	0	0	0	0	0	1	3	0	0	2	2	0	0	0	0	0	0	2	1	0	3	12	5	3	0	6	2	2	1	3	0	0
chr3	48212456	48212534	79	5	0	79	14	65	0	0	0	0	0	1	5	0	0	2	3	0	0	1	1	0	0	2	1	1	2	18	9	5	2	12	4	2	2	3	0	1
chr3	48212536	48212565	30	5	0	30	7	23	0	0	0	0	0	3	1	0	0	0	3	0	0	0	0	0	0	2	0	0	2	4	2	2	1	4	0	1	1	1	0	1
chr3	48212567	48212803	237	5	0	237	121	116	15	7	10	8	10	9	10	7	13	6	8	8	2	3	4	1	12	6	2	3	10	12	5	9	6	8	2	4	8	10	1	16
chr3	48212806	48213109	304	5	0	304	174	130	34	9	12	13	12	12	13	8	7	8	9	10	16	1	4	5	13	9	1	6	8	12	3	15	13	6	3	6	11	11	1	11
chr3	48213110	48213405	296	5	0	296	137	159	12	8	6	10	12	14	22	5	6	5	14	8	5	4	4	1	9	10	4	8	21	11	3	14	14	16	2	14	9	12	1	10
chr3	48213406	48213481	76	5	0	76	57	19	23	0	3	6	2	2	2	4	3	2	1	0	3	2	0	2	4	1	0	1	2	0	0	1	3	0	0	1	1	2	0	3
chr3	48213482	48386941	173460	1	0	173460	96451	77009	11908	4667	6610	7176	6507	5681	7970	5733	6204	3524	6825	4605	5742	3605	4219	5474	6448	4527	964	5538	7427	5404	1205	7186	5257	5418	1138	5339	6760	5873	963	7561
chr3	48386942	48387419	478	1	0	478	319	159	67	18	17	34	21	9	17	12	15	7	14	12	34	13	11	16	20	9	0	18	14	4	0	16	8	10	3	9	18	11	3	16
chr3	48387421	48387441	21	1	0	21	13	8	3	1	1	0	1	0	1	0	1	1	1	0	0	0	1	0	1	1	0	0	1	0	0	0	0	0	0	2	0	0	0	3
chr3	48387442	48387546	105	1	0	105	80	25	25	3	4	9	5	0	3	1	5	2	2	0	7	1	5	6	3	2	0	1	1	0	0	1	3	0	0	5	2	0	0	7
chr3	48387551	48391106	3556	1	0	3556	2169	1387	298	118	129	199	165	97	135	118	128	64	113	107	153	78	113	154	147	89	12	107	141	71	9	123	84	91	7	92	143	93	8	168
chr3	48391118	48392021	904	1	0	904	553	351	81	22	32	41	44	45	27	35	30	18	24	30	19	20	37	46	51	16	3	35	33	17	0	26	23	17	1	27	44	26	0	32
chr3	48392022	48392450	429	1	0	429	220	209	27	12	6	14	14	15	25	20	8	8	19	15	9	11	7	9	18	13	3	12	26	14	6	17	15	20	2	13	15	16	3	15
chr3	48392454	48392986	533	1	0	533	347	186	65	21	17	32	26	11	18	22	20	9	15	18	23	12	13	24	26	13	2	12	15	11	0	12	14	5	0	13	22	10	4	26
chr3	48392998	48393796	799	1	0	799	416	383	62	12	27	24	27	31	42	21	20	19	42	17	16	20	18	16	19	26	6	31	39	35	5	36	29	27	4	28	34	27	3	34
chr3	48393797	48393806	10	1	0	10	6	4	0	0	0	1	0	0	0	1	1	0	1	1	0	0	0	0	0	0	0	0	1	0	0	0	0	0	0	0	0	1	0	1
chr3	48393808	48396723	2916	1	0	2916	1666	1250	201	79	98	151	117	88	133	91	107	44	119	100	105	64	69	98	95	79	15	87	127	76	16	115	87	77	21	85	120	102	16	132
chr3	48396726	48397413	688	1	0	688	330	358	37	14	18	21	28	35	37	12	14	10	47	15	12	14	8	6	21	25	7	21	31	25	9	39	31	27	7	29	29	27	9	21
chr3	48397416	48398778	1363	1	0	1363	644	719	58	27	53	29	41	57	77	49	44	34	70	23	25	13	19	23	56	41	4	30	82	78	8	85	47	68	4	45	40	66	6	59
chr3	48398780	48400315	1536	1	0	1536	676	860	40	30	53	27	42	72	124	31	48	41	69	21	20	15	26	15	53	50	7	49	99	86	9	94	71	78	13	72	46	74	1	58
chr3	48400378	48409299	8922	1	0	8922	4114	4808	285	212	287	178	261	355	582	271	278	247	422	189	138	120	175	113	311	318	54	251	519	491	97	501	309	406	57	357	330	393	56	357
chr3	48409300	48409892	593	1	0	593	234	359	9	9	16	6	12	38	41	21	16	15	22	14	3	3	3	5	22	27	8	8	39	45	14	26	35	32	8	27	17	19	10	21
chr3	48409893	48431605	21713	1	0	21713	8602	13111	357	349	570	243	483	1042	1526	555	514	578	1114	372	165	230	297	206	726	792	187	494	1350	1697	454	1352	895	1333	320	931	635	1031	183	730
chr3	48431606	48441485	9880	1	0	9880	4728	5152	413	244	346	213	307	378	581	297	348	243	482	216	148	157	187	168	331	309	83	298	535	460	116	493	343	405	108	380	354	429	81	425
chr3	48441486	48442020	535	1	0	535	321	214	51	8	23	24	14	15	20	26	18	7	19	17	24	13	18	23	15	9	1	18	23	15	0	19	19	14	0	19	18	19	1	23
chr3	48442036	48442271	236	1	0	236	123	113	22	3	6	11	5	7	14	2	6	3	11	6	10	5	6	5	5	6	3	4	11	10	3	12	3	11	5	13	8	9	1	8
chr3	48442274	48443264	991	1	0	991	532	459	88	21	31	29	32	37	45	37	20	23	38	29	29	23	23	25	32	34	4	34	51	26	11	45	31	40	15	26	37	33	8	32
chr3	48443276	48445183	1908	1	0	1908	1014	894	129	48	71	62	67	77	111	58	58	35	70	45	57	46	36	43	71	61	11	63	96	66	11	80	79	68	8	71	67	59	8	74
chr3	48445188	48445933	746	1	0	746	415	331	43	21	32	39	29	24	41	17	31	13	30	9	30	12	21	21	25	15	4	26	24	20	4	32	35	20	6	37	27	25	2	29
chr3	48445950	48448161	2212	1	0	2212	997	1215	82	56	83	51	72	81	92	64	75	61	102	38	43	31	43	23	80	63	27	59	85	95	78	106	71	108	82	83	73	100	31	72
chr3	48448162	48449434	1273	1	0	1273	705	568	87	28	48	57	45	43	58	37	48	20	60	34	42	31	31	34	42	33	7	40	54	31	12	55	27	52	11	42	60	36	6	60
chr3	48449436	48452870	3435	1	0	3435	1943	1492	281	91	144	137	137	101	152	110	120	65	133	92	115	80	100	83	115	98	16	108	158	75	15	147	103	110	17	120	124	112	20	154
chr3	48452877	48458323	5447	1	0	5447	3076	2371	443	146	181	236	208	182	275	188	160	100	208	138	196	119	137	158	206	141	20	180	256	150	20	213	189	169	21	199	201	179	17	209
chr3	48458325	48471419	13095	1	0	13095	5929	7166	450	299	443	211	379	605	921	354	357	314	562	258	218	188	213	155	498	440	92	376	755	720	137	737	577	687	111	545	429	502	78	482
chr3	48471420	48471578	159	1	0	159	84	75	25	3	2	3	5	6	9	0	2	4	12	3	1	3	4	0	3	5	0	8	7	5	2	8	4	5	2	5	6	7	2	6
chr3	48471579	48481444	9866	1	0	9866	4647	5219	543	202	281	262	315	426	577	230	221	199	508	206	210	148	178	140	333	305	75	261	556	502	126	546	360	531	110	379	299	392	85	358
chr3	48481445	48483722	2278	1	0	2278	1173	1105	168	52	63	79	72	104	111	51	59	50	106	59	63	31	54	50	82	72	12	70	101	89	40	106	71	97	20	70	84	78	24	88
chr3	48483771	48484277	507	1	0	507	272	235	42	11	15	25	18	18	19	10	12	11	16	8	21	11	9	25	16	17	3	16	24	35	14	16	10	17	5	14	15	19	0	13
chr3	48484278	48486251	1974	1	0	1974	1073	901	122	33	56	78	61	65	109	43	52	35	100	46	53	38	49	131	52	54	12	53	86	50	17	96	61	89	19	79	79	56	12	86
chr3	48486407	48489195	2789	1	0	2789	1679	1110	260	76	82	138	95	96	101	85	66	41	96	65	135	57	65	219	114	65	16	75	109	69	27	98	67	93	31	77	87	76	12	94
chr3	48489197	48492150	2954	1	0	2954	1549	1405	232	75	90	100	119	102	137	88	78	60	144	81	69	41	73	59	89	85	20	84	140	104	36	120	98	122	36	108	119	89	22	132
chr3	48492151	48492350	200	1	0	200	103	97	46	2	3	4	4	7	7	1	1	3	6	6	3	4	4	1	5	6	3	2	7	6	9	10	2	15	12	3	5	5	2	4
chr3	48496173	48497887	1715	1	0	1715	879	836	139	35	45	57	54	66	95	37	38	33	88	41	45	36	36	33	49	60	10	51	85	60	27	81	57	77	12	66	61	56	17	66
chr3	48497888	48499777	1890	1	0	1890	1046	844	167	49	55	83	62	65	93	55	63	34	85	37	61	42	47	46	72	48	13	57	78	42	20	77	62	72	22	62	63	55	17	84
chr3	48499783	48499864	82	1	0	82	34	48	0	4	1	2	4	4	2	1	2	2	8	2	1	0	0	1	2	4	1	3	2	3	6	3	4	3	2	1	3	4	1	4
chr3	48499866	50214400	1714535	1	0	1714535	865502	849033	100327	39607	56269	51174	56106	64572	94098	49088	49418	37826	76696	39843	41525	32669	38219	38063	58754	52037	11670	52213	84512	71720	19477	83333	59085	72477	17677	62295	61514	62808	12020	67441
chr3	50214402	50269320	54919	1	0	54919	23408	31511	1619	999	1703	849	1484	2171	3763	1406	1468	1354	2722	1066	599	716	962	527	1647	1780	377	1436	3184	3804	859	3414	2216	3152	683	2347	1777	2526	355	1952
chr3	50269322	50684068	414747	1	0	414747	186731	228016	14071	8066	13536	8177	11579	16696	26737	11797	11740	10185	20250	8386	6460	5906	7669	5475	13707	13279	2759	11108	23039	26064	4949	24547	16084	21021	4203	16694	13979	18234	2505	15843
chr3	50684069	50766068	82000	2	0	82000	49452	32548	7349	2531	3088	4008	3246	2575	3246	3094	2946	1434	2513	2323	3435	2016	2152	3495	3438	1975	369	2775	3169	1818	351	2654	2386	1923	325	2148	3167	2276	351	3422
chr3	50766069	50849068	83000	3	0	83000	50736	32264	7383	2632	3310	4366	3476	2311	3117	3160	3340	1453	2474	2382	3492	1943	2267	3628	3478	1881	324	2656	3030	1864	333	2564	2300	1754	294	2136	3256	2292	289	3813
chr3	50849069	51277068	428000	4	0	428000	259116	168884	35113	13363	17405	21441	17303	12081	17051	16162	17580	7893	13109	12243	17326	10241	11943	18862	17940	9955	1589	14094	15735	9708	1508	13939	11997	8694	1282	11616	16925	12533	1509	19858
chr3	51277069	51402566	125498	3	0	125498	68462	57036	7849	3472	5078	4466	4604	3921	6188	4373	4777	2636	4830	3196	3635	2514	3268	3653	4818	3222	615	3888	5411	4210	859	5340	4130	3993	774	4337	4728	4395	516	5800
chr3	51402567	51407179	4613	3	0	4613	2597	2016	360	124	198	182	181	150	199	146	172	93	189	125	153	96	120	107	175	117	26	145	184	129	30	185	133	135	27	151	184	147	23	225
chr3	51407181	51407984	804	3	0	804	463	341	65	28	26	39	30	27	36	26	25	14	29	25	37	15	20	20	37	22	1	24	28	14	7	37	18	27	11	22	36	23	5	28
chr3	51407985	51410510	2526	3	0	2526	1448	1078	171	63	115	90	87	72	115	98	91	52	99	82	89	57	78	88	93	66	9	76	98	50	9	108	73	72	8	91	108	77	8	131
chr3	51410511	51421873	11363	3	0	11363	6425	4938	804	295	468	467	416	343	523	397	427	230	439	325	387	276	266	361	422	298	60	364	435	325	73	475	362	297	62	343	460	388	59	514
chr3	51421877	51428331	6455	3	0	6455	3858	2597	615	166	236	318	249	189	276	202	209	121	250	158	263	152	163	290	228	155	33	212	252	128	36	216	190	188	28	192	246	162	25	305
chr3	51428332	51430549	2218	3	0	2218	1337	881	216	63	94	103	95	71	84	73	84	40	71	60	82	58	54	88	82	53	15	82	77	53	8	77	76	42	5	55	88	68	10	89
chr3	51430551	51431519	969	3	0	969	551	418	91	25	28	41	33	36	45	30	25	19	33	28	35	24	26	31	40	29	8	27	44	29	6	36	26	32	6	30	34	25	6	39
chr3	51431521	51432148	628	3	0	628	335	293	63	17	19	15	23	27	33	15	12	13	22	11	15	18	16	15	27	19	6	23	39	19	4	23	15	28	6	25	16	19	4	19
chr3	51435589	51435711	123	3	0	123	57	66	1	4	3	3	3	4	11	2	4	1	9	4	3	2	1	1	2	3	0	6	5	5	2	5	7	5	1	7	6	4	1	6
chr3	51435712	51436297	586	3	0	586	360	226	55	21	33	23	29	14	20	20	25	12	18	20	21	17	7	23	25	12	4	23	13	17	5	16	17	9	0	10	28	13	5	29
chr3	51436298	51437266	969	3	0	969	572	397	79	28	44	40	40	27	40	30	40	20	31	21	32	28	31	41	35	23	8	37	32	19	8	30	31	22	6	33	39	25	2	45
chr3	51437268	51437378	111	3	0	111	71	40	28	3	9	3	5	0	3	2	6	1	3	0	3	2	0	1	1	2	0	3	3	8	0	4	4	2	0	2	2	3	0	6
chr3	51437383	51439442	2060	3	0	2060	1231	829	172	73	73	105	80	56	94	68	70	37	70	47	101	53	55	76	84	48	12	75	62	47	10	74	58	48	15	71	93	50	9	72
chr3	51439443	51797483	358041	3	0	358041	195138	162903	25003	9488	13217	13521	13060	12259	17171	11161	12002	7196	14740	8877	11165	7405	8809	10063	13278	9774	1947	11349	15932	12086	2684	15634	11217	12027	2435	11725	13224	12449	1912	15229
chr3	51797484	51888483	91000	2	0	91000	52125	38875	6437	2597	3641	4095	3448	2893	4043	3299	3562	1901	3220	2424	3322	1865	2279	3098	3689	2378	387	2802	3755	2683	476	3567	2726	2322	352	2630	3512	3098	313	4184
chr3	51888484	53281088	1392605	1	0	1392605	704142	688463	76723	33086	49379	42412	44873	51243	77023	42407	44614	30855	60127	31099	35390	24823	29150	30937	49625	40310	9120	40952	67810	62678	14218	68088	48148	57546	12359	50913	49963	52261	8745	55726
chr3	53281089	53284526	3438	1	0	3438	1978	1460	292	108	109	132	122	120	154	145	107	50	115	102	120	87	94	121	152	82	23	107	124	84	22	128	136	107	20	99	129	85	23	137
chr3	53284529	53290749	6221	1	0	6221	3566	2655	465	150	265	280	198	213	287	230	251	135	217	147	246	134	169	177	226	159	25	222	264	159	33	225	188	167	20	217	250	196	30	274
chr3	53290750	53290795	46	1	0	46	35	11	27	0	2	0	0	0	0	0	0	1	1	0	1	1	0	0	0	1	0	1	0	1	2	1	0	0	1	1	0	2	1	0
chr3	53290796	53314667	23872	1	0	23872	13833	10039	1860	726	849	1082	873	757	1104	823	814	463	856	611	970	545	607	892	939	638	113	801	968	568	132	922	710	668	112	724	941	716	117	969
chr3	53314669	53315757	1089	1	0	1089	598	491	109	35	38	27	34	39	52	25	31	26	50	23	36	22	29	21	34	38	7	43	46	31	13	44	25	34	8	37	44	31	10	45
chr3	53315759	53316596	838	1	0	838	476	362	69	22	27	31	29	31	39	19	24	15	31	28	28	21	21	40	33	18	7	31	37	21	7	25	16	33	13	22	32	19	7	40
chr3	53316598	53487472	170875	1	0	170875	100080	70795	13369	5014	6776	8048	6674	5271	7115	6091	6613	3319	5895	4741	6552	3715	4505	6380	6678	4245	778	5618	6828	4296	886	6126	4920	4270	768	4814	6725	5325	784	7734
chr3	53487473	53684472	197000	2	0	197000	111708	85292	13516	5620	8065	8383	7232	6413	8995	7071	7823	4060	7102	4991	7014	4278	4849	6295	8097	4930	1117	6227	7723	5872	1130	7750	6197	5141	933	6198	7694	6532	914	8836
chr3	53684473	53819472	135000	3	0	135000	71108	63892	7407	3473	5252	4355	4358	5038	7262	4711	4979	3124	5404	3233	3743	2428	2903	3436	5428	3637	957	4041	5923	5142	977	6107	4914	4425	835	4766	5105	4945	783	5907
chr3	53819473	53954472	135000	4	0	135000	78193	56807	10180	3963	5451	6117	5080	4192	5764	4744	5106	2555	4441	3696	5346	3086	3441	5029	5410	3332	722	4332	5140	3725	922	5043	4014	3638	782	3948	5216	4135	674	5774
chr3	53954473	54092472	138000	5	0	138000	77932	60068	9054	3836	5671	5952	5145	4472	6201	5028	5415	2814	5225	3647	4899	2746	3456	4369	5345	3418	676	4430	5605	4234	664	5625	4379	3746	592	4253	5518	4730	608	6245
chr3	54092473	54440472	348000	6	0	348000	200794	147206	24548	10242	14128	15877	13218	11138	15107	13196	13744	6998	12052	9194	13285	7376	8312	12379	14520	8413	1857	10964	13480	9789	1830	12988	10843	8460	1649	10424	13816	11425	1524	15222
chr3	54440473	55158354	717882	7	0	717882	417119	300763	50390	21149	29860	33175	27591	22271	30613	27839	29328	14494	24840	19224	27266	15433	17846	25798	29613	17131	3522	23081	28013	19483	3079	26679	21877	17032	2539	20828	28811	23608	2896	32571
chr3	55158355	55374471	216117	7	0	216117	127223	88894	15507	6429	8985	10468	8417	6676	8700	8662	8955	4257	7458	6052	8510	4610	5600	7936	8972	5051	924	7025	8337	5708	780	7824	6375	4678	576	5921	8771	7211	766	9974
chr3	55374472	56108471	734000	6	0	734000	430636	303364	54261	21755	31076	34991	28427	21914	30061	28092	30095	14241	24863	19551	29300	15750	18682	27576	29511	17023	3437	23689	28064	19922	3185	26892	21899	17290	2666	21035	29020	23828	2836	33066
chr3	56108472	56265471	157000	5	0	157000	95331	61669	12486	4885	6500	8306	6290	4544	5944	6304	6330	2866	4919	4292	7070	3711	4255	6628	6707	3494	603	5202	5656	3566	476	5271	4477	3211	408	4190	6242	4699	511	6955
chr3	56265472	56399471	134000	4	0	134000	79842	54158	9897	4022	5535	6642	5340	4073	5314	5249	5382	2456	4489	3675	5477	3130	3603	5556	5672	3113	527	4369	4995	3278	418	4856	3953	2950	344	3681	5356	4206	405	6035
chr3	56399472	56728471	329000	3	0	329000	195961	133039	26668	9995	13014	16372	12752	9887	12993	11657	12524	5953	10840	8749	14104	8131	8873	13448	13389	7852	1729	10996	12188	7949	1842	11299	9174	7805	1628	9121	12537	9672	1553	14304
chr3	56728472	56750471	22000	2	0	22000	12593	9407	1699	655	855	941	845	686	1010	703	789	405	839	601	817	490	541	716	820	526	131	758	881	557	145	818	674	634	130	698	869	684	110	971
chr3	56750472	57352986	602515	3	0	602515	345187	257328	44341	17510	23241	26795	22580	19226	26791	21020	21985	11623	21827	15456	22981	13275	14934	21601	23733	15148	3081	19672	24171	17230	3655	22990	18402	16540	3214	18600	23311	19128	2922	25530
chr3	57396497	57396691	195	3	0	195	100	95	1	0	8	9	6	9	14	2	8	0	13	10	3	9	4	3	6	3	0	9	6	3	0	14	9	7	1	5	10	9	1	11
chr3	57401483	57481772	80290	3	0	80290	49615	30675	7144	2414	3095	4526	3103	2199	2897	2879	3006	1374	2549	2105	3926	2074	2318	4006	3109	1866	345	2741	2798	1599	371	2566	2078	1682	348	2138	3093	2187	338	3414
chr3	57481773	57780772	299000	2	0	299000	175637	123363	25830	8738	11061	14355	11429	9045	12093	9805	10075	5242	10618	7855	12650	7214	7798	11827	11227	7300	1576	10137	11356	7377	2243	10769	8379	8390	2150	8669	11410	8678	1707	11995
chr3	57780773	58250772	470000	1	0	470000	261870	208130	33744	13149	17961	19052	17191	15812	22124	15379	16313	9293	17967	11615	16658	9880	11097	14634	17692	12673	2623	15146	20169	14463	3197	19418	14800	14778	2793	15189	17845	15334	2613	19396
chr3	58250773	58590772	340000	2	0	340000	187141	152859	23463	9302	12769	13337	12292	11414	16256	11203	11876	6918	13351	8501	11240	6997	7992	10229	12922	8979	1934	10796	14461	11095	2714	14230	10841	10919	2333	10987	12941	11508	1843	14355
chr3	58590773	58670772	80000	3	0	80000	40125	39875	3478	1886	3061	2350	2547	3053	4437	2685	2900	1817	3634	1942	1851	1275	1615	1593	2931	2331	461	2308	3971	3891	568	4120	2838	2964	411	2787	2982	3364	416	3531
chr3	58670773	58763772	93000	4	0	93000	54197	38803	6543	2808	3885	4384	3598	2967	3926	3632	3853	1803	3216	2585	3626	1928	2233	3209	3720	2380	398	3007	3769	2543	354	3376	2773	2074	285	2666	3861	3045	339	4212
chr3	58763773	58801702	37930	5	0	37930	23262	14668	3032	1224	1561	1988	1495	1065	1421	1492	1607	675	1145	1052	1670	958	1080	1796	1635	848	149	1290	1347	878	99	1199	1004	677	93	969	1487	1120	123	1749
chr3	58801704	58877773	76070	5	0	76070	46589	29481	6213	2372	3109	4157	3056	2036	2928	3110	3288	1445	2195	2177	3293	1831	2102	3276	3187	1670	357	2470	2641	1511	288	2336	2180	1389	281	2065	3122	2206	314	3463
chr3	58877774	59216773	339000	6	0	339000	210294	128706	28418	10464	14275	19065	13389	9026	12234	13125	14265	5897	9954	9625	16150	8499	9608	16299	13898	7210	1322	11456	11438	7027	1182	10551	8893	6294	1024	8669	13545	9667	1134	15395
chr3	59216774	59440773	224000	7	0	224000	133290	90710	16224	6683	9251	11310	8734	6665	8968	8867	9333	4318	7565	6134	9177	4987	5935	9139	9269	5244	941	7199	8392	5640	768	7872	6503	4719	603	6208	9069	7069	772	10440
chr3	59440774	59624773	184000	8	0	184000	109512	74488	13581	5673	7689	9152	7297	5395	7419	7347	7663	3601	6156	5023	7553	4177	4694	7090	7711	4303	834	5999	6788	4528	637	6511	5393	3844	491	5006	7566	5789	646	8442
chr3	59624774	59669773	45000	7	0	45000	26017	18983	3092	1240	1879	2051	1768	1339	1985	1807	1758	888	1561	1315	1644	960	1170	1559	1756	1052	160	1458	1785	1226	174	1689	1505	1129	124	1402	1853	1467	156	2046
chr3	59669774	60110491	440718	8	0	440718	263089	177629	32192	13336	18927	21898	16867	13131	17456	17438	18613	8407	14435	12021	18681	10182	11952	17551	18180	10166	1990	14720	15910	10689	1541	15405	12679	9323	1271	12279	18125	13367	1618	20366
chr3	60110492	60139516	29025	8	1	29024	17687	11337	2175	858	1211	1456	1055	859	1130	1170	1172	510	978	830	1298	779	788	1416	1285	583	130	1007	951	605	97	956	746	597	92	795	1232	823	87	1349
chr3	60139517	60187575	48059	8	0	48059	28873	19186	3840	1528	1917	2417	1885	1443	1898	1834	1917	871	1541	1296	2060	1126	1345	1955	1969	1121	257	1621	1701	1053	191	1696	1438	1041	146	1326	1952	1426	188	2058
chr3	60187587	60272609	85023	8	1	85022	53000	32022	7269	2600	3573	4801	3169	2300	3044	3474	3624	1483	2466	2373	4181	2208	2360	4071	3536	1801	378	2876	2750	1704	260	2721	2192	1493	226	2137	3509	2437	292	3710
chr3	60272610	60307038	34429	8	0	34429	21552	12877	3018	1090	1471	1920	1285	951	1255	1288	1502	624	1014	974	1694	838	1038	1590	1457	693	174	1179	1063	612	108	1061	854	585	79	896	1405	954	115	1640
chr3	60307039	60332337	25299	8	0	25299	15267	10032	1882	793	1017	1288	977	754	1043	998	982	494	782	701	1138	644	667	1105	1140	591	107	847	863	596	84	863	716	493	73	700	1053	726	80	1100
chr3	60332338	60350299	17962	8	0	17962	11336	6626	1542	581	743	1067	734	489	647	724	732	321	474	511	925	486	511	848	824	363	74	617	585	303	34	507	487	294	53	446	698	469	67	804
chr3	60350300	60366130	15831	8	0	15831	9983	5848	1344	501	704	892	659	420	550	613	660	281	479	453	777	419	434	796	670	333	57	561	485	249	41	484	378	267	30	419	709	411	50	703
chr3	60366131	60493766	127636	8	0	127636	78948	48688	10445	3956	5429	6995	5130	3485	4627	5139	5191	2295	3858	3614	6059	3280	3652	5792	5331	2846	489	4350	4235	2491	385	3996	3590	2328	333	3355	5225	3442	427	5864
chr3	60493767	60643766	150000	7	0	150000	91843	58157	12029	4579	6390	7999	5942	4205	5492	5985	6379	2743	4638	4101	6646	3802	4291	6621	6416	3208	674	5031	5098	3129	510	4877	4047	2851	425	4029	6063	4427	497	6874
chr3	60643767	60796368	152602	6	0	152602	93543	59059	12690	4782	6443	8263	6242	4200	5751	5939	6456	2735	4589	4101	6790	3718	4131	6711	6521	3317	608	4990	5278	3251	468	5006	4326	2981	417	4014	6007	4454	517	6904
chr3	60796370	60796388	19	6	0	19	11	8	1	0	3	0	0	0	1	1	1	1	0	1	2	0	0	0	0	0	0	1	0	0	0	1	1	0	0	0	1	0	0	2
chr3	60796390	60797455	1066	6	0	1066	661	405	93	38	44	65	56	36	40	36	43	14	30	26	48	21	21	49	54	25	2	28	36	21	1	35	34	27	1	27	44	20	4	45
chr3	60797468	60798146	679	6	0	679	487	192	79	22	18	70	28	12	20	30	29	9	5	17	53	23	28	42	31	7	3	25	10	5	1	8	22	6	0	14	27	6	2	25
chr3	60798147	60798239	93	6	0	93	54	39	11	4	3	2	4	1	4	1	0	1	2	5	5	2	5	4	2	1	0	5	4	4	0	3	3	6	0	1	1	2	0	5
chr3	60798241	60798724	484	6	0	484	328	156	51	13	18	39	21	8	14	19	13	12	8	17	36	12	18	28	23	4	2	16	13	8	0	13	4	15	0	7	22	6	0	22
chr3	60798729	60798771	43	6	0	43	32	11	17	0	1	1	1	2	1	2	0	0	1	0	0	1	2	1	1	0	0	2	0	0	0	0	4	0	0	2	1	0	0	1
chr3	60798776	60798789	14	6	0	14	7	7	0	0	1	0	1	0	1	0	0	2	2	0	0	0	0	0	0	0	0	2	0	0	0	0	0	0	0	0	1	0	0	2
chr3	60798791	60799315	525	6	0	525	289	236	33	17	12	25	24	22	24	12	13	2	24	16	17	13	15	19	19	16	3	15	26	16	1	23	22	15	5	18	15	19	3	19
chr3	60799331	60799497	167	6	0	167	85	82	13	4	3	5	5	3	11	6	1	4	9	2	6	4	3	5	5	5	0	5	11	6	0	9	5	10	3	6	4	5	1	6
chr3	60799508	60799719	212	6	0	212	128	84	21	5	16	8	9	4	5	8	12	1	5	7	7	7	5	7	9	1	0	7	4	6	2	10	10	7	0	3	3	8	2	11
chr3	60799721	60799754	34	6	0	34	20	14	0	0	4	1	2	0	1	1	2	3	1	0	2	1	1	0	1	0	0	3	2	0	0	1	0	0	0	0	1	2	0	3
chr3	60799756	60800091	336	6	0	336	226	110	27	10	10	26	13	7	13	14	21	2	5	12	12	7	10	35	14	4	0	9	9	3	0	11	8	6	0	6	16	10	2	12
chr3	60800092	60802771	2680	6	0	2680	1587	1093	164	82	109	144	95	68	106	120	120	50	76	76	119	72	77	108	110	62	14	86	105	88	7	102	62	67	2	65	112	84	11	115
chr3	60802772	60814211	11440	6	0	11440	6995	4445	956	360	487	625	444	289	416	473	459	198	362	308	569	260	329	458	425	244	44	394	401	251	37	374	327	255	32	334	469	313	53	492
chr3	60814213	60814248	36	6	0	36	25	11	5	1	0	3	1	0	1	3	2	0	0	1	1	1	1	3	1	1	0	0	0	3	0	1	2	0	0	0	2	0	0	1
chr3	60814250	60816704	2455	6	0	2455	1557	898	239	98	95	127	119	58	82	119	112	33	50	73	89	82	78	101	118	61	7	85	104	32	1	58	64	38	5	57	92	64	7	105
chr3	60816706	60816726	21	6	0	21	13	8	2	2	0	1	3	2	1	0	0	1	0	0	0	0	0	0	4	1	0	0	0	0	0	1	0	0	0	0	1	0	0	0
chr3	60816728	60817035	308	6	0	308	203	105	35	9	11	22	14	6	12	10	15	4	10	11	13	8	11	11	10	4	0	13	8	3	0	7	12	0	0	8	12	11	0	16
chr3	60817037	60817059	23	6	0	23	16	7	5	2	0	2	0	1	0	0	2	0	0	0	2	0	2	0	0	1	0	0	1	0	0	1	0	0	0	0	0	1	0	1
chr3	60817061	60817565	505	6	0	505	353	152	63	14	25	34	17	11	15	20	19	7	6	19	37	16	13	35	25	6	1	16	11	4	0	12	13	5	0	8	15	12	1	23
chr3	60817567	60817596	30	6	0	30	21	9	5	0	1	2	0	0	2	1	2	0	1	1	2	0	0	2	0	0	0	0	1	0	0	1	0	2	0	0	2	0	0	3
chr3	60817598	60818406	809	6	0	809	545	264	91	28	31	64	39	14	26	34	46	12	20	20	38	21	16	44	33	14	3	24	27	10	1	13	19	7	1	13	34	20	1	43
chr3	60818408	60818432	25	6	0	25	19	6	4	1	0	2	1	0	0	0	0	0	1	1	3	1	1	3	0	0	0	2	0	1	0	0	0	0	0	0	1	1	0	0
chr3	60818434	60818983	550	6	0	550	343	207	40	17	22	36	21	14	22	20	34	10	22	18	20	11	10	24	22	11	2	17	18	13	2	12	8	6	0	12	30	15	4	35
chr3	60818985	60819010	26	6	0	26	18	8	2	0	1	2	0	0	1	1	2	0	1	0	3	1	1	1	0	1	0	0	1	0	0	1	1	0	0	1	0	1	0	2
chr3	60819023	60820984	1962	6	0	1962	1193	769	161	63	88	99	74	47	70	68	75	31	69	50	102	60	56	78	69	52	9	71	66	38	13	76	52	43	6	49	72	60	6	87
chr3	60820989	60821240	252	6	0	252	122	130	14	5	4	6	10	10	14	7	3	5	17	9	3	5	8	0	5	13	0	8	15	4	3	18	8	12	1	9	13	11	2	8
chr3	60821242	60821266	25	6	0	25	11	14	1	0	1	1	1	0	3	0	0	0	0	1	1	1	0	0	1	0	0	0	1	2	0	2	2	2	0	2	0	1	0	0
chr3	60821268	60821498	231	6	0	231	137	94	15	6	9	8	4	5	11	12	10	5	8	7	10	8	7	11	9	5	2	8	6	3	2	11	7	4	0	6	10	10	0	10
chr3	60821500	60822123	624	6	0	624	400	224	57	15	27	41	16	11	26	25	30	12	13	12	38	28	19	28	22	18	4	22	13	12	1	27	16	7	0	15	27	16	3	21
chr3	60822135	60823498	1364	6	0	1364	807	557	81	36	54	61	46	44	54	65	55	33	45	48	50	43	39	52	58	41	5	52	51	36	3	54	28	26	0	21	73	41	2	65
chr3	60823500	60823544	45	6	0	45	24	21	1	2	2	2	1	1	1	2	3	0	4	1	2	0	0	1	1	0	1	1	2	1	0	2	1	2	1	0	1	3	0	4
chr3	60823547	60826152	2606	6	0	2606	1514	1092	180	81	93	113	92	73	116	108	93	52	86	78	102	66	67	112	105	71	8	88	106	76	12	107	79	57	10	64	99	97	10	103
chr3	60826161	60826294	134	6	0	134	73	61	2	4	18	2	0	1	3	3	17	1	2	5	6	1	5	2	0	2	0	5	3	3	0	16	2	0	1	3	2	18	1	4
chr3	60826310	60826791	482	6	0	482	249	233	32	22	9	16	21	19	29	13	18	11	18	10	9	5	11	5	22	14	5	15	25	14	5	19	16	17	6	17	19	18	4	16
chr3	60826802	60833317	6516	6	0	6516	4095	2421	547	223	299	370	260	147	209	262	278	92	214	199	354	157	186	297	241	147	18	214	218	126	12	219	160	112	13	157	259	189	17	318
chr3	60833319	60833341	23	6	0	23	10	13	0	1	1	0	2	0	2	0	1	1	1	0	0	0	0	0	0	0	0	2	2	3	0	0	1	1	0	0	0	1	0	2
chr3	60833343	60834881	1539	6	0	1539	960	579	144	53	60	92	63	47	53	63	69	24	45	34	74	40	31	67	75	30	7	52	59	36	6	43	32	34	1	31	60	44	6	62
chr3	60834882	60835255	374	6	0	374	257	117	50	15	16	21	14	8	8	12	22	4	8	12	15	5	17	29	13	4	2	13	10	4	2	6	7	3	0	6	11	11	0	24
chr3	60835256	60842613	7358	6	0	7358	4608	2750	672	226	302	426	266	183	280	272	331	147	212	200	356	161	212	360	314	123	32	248	203	132	38	230	195	147	29	169	289	201	41	359
chr3	60842646	60843670	1025	6	0	1025	631	394	98	23	53	45	29	33	43	28	46	21	26	36	47	19	34	48	35	26	4	31	35	20	2	40	28	16	0	28	35	35	2	57
chr3	60843671	60843707	37	6	0	37	27	10	4	0	3	3	3	0	0	1	1	0	0	1	2	2	2	4	0	0	0	2	0	0	0	1	3	0	0	1	0	1	0	1
chr3	60843709	60988827	145119	6	0	145119	89451	55668	11724	4350	6209	7840	5649	3835	5269	5952	6172	2581	4428	4145	6579	3668	4026	7023	5988	3165	527	4754	4884	3065	480	4784	3870	2773	347	3704	5963	4210	464	6689
chr3	60988828	61073938	85111	7	0	85111	52275	32836	6833	2696	3564	4661	3429	2353	3145	3350	3542	1531	2541	2397	3950	2019	2362	3900	3582	1924	370	2723	2870	1780	288	2804	2395	1603	244	2242	3431	2435	302	3843
chr3	61073939	61141826	67888	7	0	67888	41603	26285	5353	2082	2948	3642	2805	1888	2456	2720	2862	1215	2031	1963	3005	1685	1957	2991	2837	1509	250	2274	2365	1425	203	2196	1873	1315	164	1802	2794	1940	216	3120
chr3	61141827	61184201	42375	6	0	42375	26528	15847	3740	1305	1751	2465	1722	1148	1479	1770	1742	746	1203	1175	2057	1072	1162	1990	1769	935	140	1427	1448	865	95	1270	1181	779	91	981	1721	1099	128	1917
chr3	61184202	61282825	98624	6	0	98624	59340	39284	7535	3043	4087	5011	3946	2820	3939	3879	4104	1887	3064	2726	4091	2391	2636	4180	4233	2352	373	3183	3583	2309	392	3283	2872	1979	306	2637	3896	2927	335	4623
chr3	61282826	61425825	143000	5	0	143000	86311	56689	11138	4279	5878	7499	5657	4122	5481	5606	5872	2651	4699	3900	6127	3383	3942	6075	5949	3206	580	4700	5119	3367	483	4847	4107	2930	424	3855	5691	4313	519	6599
chr3	61425826	61731825	306000	4	0	306000	178321	127679	23393	9182	11994	14451	11896	9422	12655	11045	11482	5799	10553	8179	12249	6994	7906	11121	12357	7380	1614	10046	11820	8138	1908	11089	8987	7804	1596	8925	11854	9632	1480	13047
chr3	61731826	61848825	117000	5	0	117000	70250	46750	9442	3599	4742	5944	4534	3650	4560	4315	4621	2139	3705	3121	5130	2837	3101	4810	4870	2795	609	3951	4211	2681	536	4003	3243	2590	488	3185	4734	3366	517	4969
chr3	61848826	62018825	170000	6	0	170000	102150	67850	13552	5291	7073	8579	6473	4865	6836	6529	6887	3261	5418	4556	7582	4227	4402	6617	7066	3942	924	5712	5891	3850	759	5850	4888	3521	694	4631	6858	5037	691	7536
chr3	62018826	62247900	229075	7	0	229075	133926	95149	16712	6887	9329	10802	8617	7071	9715	8710	9095	4514	7654	6162	9306	5213	5943	8196	9221	5520	1310	7634	8677	5885	1165	8270	6972	5468	918	6682	9243	7125	1003	10054
chr3	62247901	62278824	30924	7	0	30924	19294	11630	2610	1018	1340	1686	1195	816	1210	1201	1266	547	826	849	1584	894	905	1345	1368	656	126	1125	955	546	77	981	806	581	61	860	1293	776	104	1315
chr3	62278825	62639824	361000	8	0	361000	216587	144413	28880	10971	15306	18486	14152	10486	13736	13537	14708	6610	11636	9555	15903	8491	9648	14482	14660	8114	1808	11975	12642	8915	1775	12167	10361	7738	1584	10163	14247	10732	1509	16021
chr3	62639825	62869824	230000	9	0	230000	138774	91226	17555	6915	9647	11945	9063	6536	9163	9171	9361	4297	7307	6529	10083	5469	6275	9457	9325	5233	946	7714	8216	5175	691	7927	6721	4770	552	6461	9671	6831	703	10289
chr3	62869825	62997896	128072	8	0	128072	77417	50655	9731	3845	5502	6743	5037	3436	4862	4939	5341	2396	4183	3549	5711	3013	3647	5481	5102	2788	493	4307	4385	3083	469	4414	3603	2604	420	3517	5184	3876	454	5955
chr3	62997897	63018823	20927	8	0	20927	12753	8174	1674	677	939	1105	918	527	801	877	934	403	628	594	869	450	545	812	898	449	64	646	732	442	59	681	584	390	47	621	909	632	54	964
chr3	63018824	63063823	45000	9	0	45000	27235	17765	3459	1337	1938	2389	1810	1298	1752	1759	1877	843	1493	1248	1977	1086	1223	1746	1853	981	150	1580	1628	1025	97	1518	1261	896	95	1218	1875	1366	130	2090
chr3	63063824	63204823	141000	8	0	141000	86797	54203	11146	4230	5920	7858	5697	3813	5136	5740	6035	2554	4312	4069	6277	3356	4044	6609	5870	3053	465	4565	4855	2949	407	4572	3821	2635	335	3705	5840	4145	415	6570
chr3	63204824	63613823	409000	9	0	409000	250598	158402	32039	12381	17555	22369	16144	11508	14978	16166	17512	7304	12904	11428	18650	9742	11323	18593	16925	8889	1637	13485	13919	8940	1177	13688	11214	7605	1045	10730	16738	12290	1263	18857
chr3	63613824	63688823	75000	8	0	75000	44409	30591	5404	2253	3148	3679	2931	2206	2990	2889	3198	1429	2564	2076	2950	1640	2049	3001	3050	1716	304	2458	2741	1914	292	2723	2165	1633	261	2067	3060	2407	297	3503
chr3	63688824	63811823	123000	7	0	123000	75110	47890	9666	3786	5134	6673	5096	3575	4479	4886	5134	2201	3854	3550	5363	2899	3318	5495	5237	2731	477	4016	4349	2658	414	4024	3411	2402	315	3116	5038	3654	418	5629
chr3	63811824	63905823	94000	8	0	94000	56241	37759	7792	2843	3653	4792	3533	2840	3693	3321	3520	1696	3139	2509	4234	2254	2622	3798	3815	2123	467	3228	3421	2183	537	3185	2591	2259	507	2579	3560	2761	427	4116
chr3	63905824	63952823	47000	7	0	47000	27355	19645	3387	1509	1928	2229	1826	1480	1951	1586	1862	898	1545	1074	1978	1252	1270	1579	1964	1142	251	1782	1669	1322	327	1706	1388	1113	303	1298	1821	1447	203	1908
chr3	63952824	63998823	46000	6	0	46000	27125	18875	3600	1446	1933	2153	1697	1504	2021	1605	1908	859	1482	1128	1927	1104	1159	1598	1954	1050	272	1638	1638	1136	215	1621	1416	1019	168	1371	1819	1405	187	1965
chr3	63998824	64248823	250000	5	0	250000	146275	103725	18047	7520	10593	11575	9636	7492	10551	9478	10242	4885	8509	6779	9810	5513	6496	9147	10108	5866	1205	8231	9493	6562	1075	9191	7624	5795	824	7335	9932	8098	994	11392
chr3	64248824	64342823	94000	6	0	94000	55874	38126	6909	2864	4035	4562	3747	2686	3759	3617	3788	1837	3198	2485	3926	2102	2453	3905	3787	2190	392	3120	3482	2348	349	3350	2761	2099	278	2662	3779	2892	323	4313
chr3	64342824	64406823	64000	5	0	64000	37723	26277	4626	1883	2672	2981	2389	2018	2627	2512	2565	1216	2212	1720	2582	1443	1676	2599	2666	1548	297	2049	2431	1576	248	2340	1899	1456	189	1864	2550	2015	214	2935
chr3	64406824	64654823	248000	6	0	248000	146249	101751	18641	7319	10421	12170	9682	7457	10018	9364	10144	4815	8110	6639	10084	5563	6527	9293	10058	5839	1278	7979	9207	6592	1141	8851	7427	5680	868	7123	9829	7680	1075	11124
chr3	64654824	64807723	152900	7	0	152900	91637	61263	11674	4642	6374	7805	5983	4300	5902	5931	6278	2895	4884	4083	6561	3680	4160	6483	6217	3464	748	5088	5459	3730	691	5271	4376	3273	644	4161	6064	4684	593	6800
chr3	64807725	64907824	100100	7	0	100100	60709	39391	7712	3037	4179	5378	3974	2836	3770	3985	4181	1864	3190	2690	4439	2311	2773	4389	4086	2193	441	3328	3601	2353	326	3315	2837	2020	238	2727	4041	3028	313	4543
chr3	64907825	65678824	771000	8	0	771000	465332	305668	59701	23642	32291	39522	30612	22535	29304	30801	31975	14398	24614	21353	32868	18322	20848	32546	32324	17363	3559	25651	27497	17619	2811	25848	21912	15566	2340	20836	31518	23228	2872	34722
chr3	65678825	65774824	96000	7	0	96000	57204	38796	7560	2875	4020	4740	3751	2851	3883	3567	3894	1837	3194	2700	3989	2156	2558	3627	3891	2220	425	3183	3473	2284	385	3448	2750	2130	317	2665	3939	2956	371	4359
chr3	65774825	65884824	110000	6	0	110000	65193	44807	8649	3389	4325	5299	4203	3414	4606	4152	4221	2091	3650	2940	4589	2616	2874	4175	4602	2618	587	3703	4125	2550	491	3765	3266	2530	485	3181	4381	3233	483	4805
chr3	65884825	65972824	88000	5	0	88000	51987	36013	6895	2772	3508	4266	3467	2703	3596	3092	3384	1619	2977	2242	3695	2101	2271	3398	3628	2200	442	2924	3293	2200	419	3192	2510	2083	412	2487	3427	2621	425	3749
chr3	65972825	66124824	152000	4	0	152000	87262	64738	11361	4441	5839	6780	5893	4881	6547	5352	5494	2882	5558	3960	5673	3496	3820	5283	5958	3946	744	5052	6079	4165	923	5849	4533	4131	835	4629	6104	4774	782	6234
chr3	66124825	66157824	33000	5	0	33000	19186	13814	2488	947	1290	1532	1274	1062	1371	1187	1210	629	1193	853	1285	765	866	1232	1333	795	154	1121	1265	873	172	1229	965	852	152	1017	1331	1019	182	1354
chr3	66157825	66184594	26770	6	0	26770	15466	11304	1849	784	1102	1206	1003	827	1158	1015	1084	584	914	719	1005	539	718	958	1077	670	131	855	969	750	134	1050	805	666	109	786	1152	817	130	1202
chr3	66219845	66222182	2338	7	0	2338	1310	1028	143	82	74	109	71	68	89	65	80	49	90	58	114	59	71	86	92	62	34	70	66	61	48	85	58	65	42	67	77	72	26	103
chr3	66222183	66223517	1335	7	0	1335	743	592	95	29	51	62	40	50	51	43	53	17	48	34	49	38	40	41	36	36	11	51	64	43	13	48	35	43	13	47	49	46	13	44
chr3	66223519	66223579	61	7	0	61	33	28	4	4	2	1	4	4	2	1	1	2	5	0	1	1	0	0	4	1	1	4	2	1	0	2	2	0	1	1	3	3	0	2
chr3	66223581	66224678	1098	7	0	1098	662	436	71	30	52	57	43	27	39	52	43	20	42	26	54	35	30	39	45	23	1	44	43	32	0	35	33	17	0	32	40	38	1	52
chr3	66224696	66225073	378	7	0	378	202	176	21	6	19	13	16	9	21	18	11	11	10	9	11	13	6	6	19	10	1	10	21	18	0	15	10	12	1	17	14	14	0	14
chr3	66225074	66226481	1408	6	0	1408	723	685	70	30	58	46	45	48	80	57	61	36	53	35	28	28	28	20	51	42	8	41	81	63	6	61	47	50	4	45	50	56	6	72
chr3	66226485	66226880	396	6	0	396	214	182	40	11	13	13	19	16	24	8	8	9	19	4	11	8	8	1	19	13	2	11	19	9	0	19	13	17	2	18	16	8	0	16
chr3	66226881	66267075	40195	6	0	40195	24614	15581	3495	1307	1694	2089	1529	1148	1531	1506	1626	719	1153	1060	1934	1025	1092	1705	1663	950	205	1381	1369	860	173	1298	1111	818	135	1059	1571	1072	183	1732
chr3	66267076	66855075	588000	5	0	588000	341890	246110	43816	17664	24032	26920	22397	18585	25034	21208	23303	11494	19916	15339	22916	12978	14921	21365	24221	14066	3297	19137	22570	16145	3130	21320	17633	14364	2750	17425	22800	18590	2641	26021
chr3	66855076	66951075	96000	6	0	96000	58861	37139	7822	2917	4021	5059	3853	2666	3566	3730	4004	1753	2913	2696	4140	2272	2638	4809	3963	2104	408	3133	3280	2090	342	3110	2731	1815	288	2508	3841	2813	326	4387
chr3	66951076	67336075	385000	7	0	385000	235970	149030	30620	11889	16290	20796	15485	10594	14196	15418	15988	7191	11781	10956	17502	9353	10733	17176	16162	8439	1545	12881	13214	8364	1225	12435	10704	7181	1028	9935	15613	11254	1300	17750
chr3	67336076	67696075	360000	8	0	360000	218909	141091	28542	11089	15026	19226	14132	10132	13780	13850	14728	6686	11233	9991	16481	8872	9810	15331	14934	8027	1608	12210	12455	8075	1398	11901	9867	7321	1143	9512	14637	10406	1369	16226
chr3	67696076	67738075	42000	7	0	42000	25899	16101	3559	1265	1777	2399	1693	1127	1524	1648	1746	767	1282	1140	2002	970	1125	1873	1709	903	150	1367	1418	891	156	1354	1164	821	124	1109	1701	1204	152	1878
chr3	67738076	67956155	218080	8	0	218080	135000	83080	17838	6901	9118	12256	9107	5998	7783	8805	9265	3931	6478	6113	9904	5254	5968	10280	9186	4806	806	7286	7491	4454	638	6805	5986	3901	516	5417	9029	6227	692	9839
chr3	67956163	67956496	334	8	0	334	187	147	37	8	6	6	9	15	17	6	7	7	19	8	3	5	7	25	9	12	1	13	15	5	3	14	10	11	3	10	13	9	7	12
chr3	67956498	67958166	1669	8	0	1669	1038	631	124	53	82	91	70	33	61	66	82	30	54	53	75	39	49	74	58	41	2	54	50	33	4	58	41	24	1	46	81	47	3	88
chr3	67958168	67958186	19	8	0	19	12	7	2	0	1	1	0	0	1	1	1	0	0	0	1	2	1	0	0	1	0	1	1	0	0	0	0	0	0	1	1	0	0	1
chr3	67958188	67958723	536	8	0	536	356	180	56	18	16	39	30	10	14	31	24	10	10	18	19	16	15	30	23	10	1	19	17	6	1	13	12	7	0	7	32	14	0	16
chr3	67958725	67958766	42	8	0	42	26	16	5	3	2	1	2	1	1	3	3	1	0	0	1	1	1	0	5	1	0	0	1	2	0	1	1	0	0	1	0	1	0	2
chr3	67958768	67958821	54	8	0	54	35	19	3	1	0	5	3	2	2	0	3	1	1	1	1	2	5	4	2	1	0	2	2	0	0	1	1	0	0	3	2	2	0	2
chr3	67958824	67959150	327	8	0	327	222	105	42	15	12	20	17	7	5	15	12	4	5	11	19	6	13	18	12	7	0	13	9	5	1	8	10	2	0	6	13	9	1	8
chr3	67960425	67963680	3256	8	0	3256	2134	1122	318	118	125	202	147	76	93	171	122	47	54	112	176	94	97	181	159	68	7	101	111	58	3	80	91	42	1	64	125	84	3	124
chr3	67963681	67969584	5904	8	0	5904	3743	2161	474	185	245	364	260	161	205	240	235	122	158	158	299	130	151	354	283	119	17	179	196	113	15	153	151	93	12	156	237	152	14	271
chr3	67969585	67976243	6659	8	0	6659	4353	2306	584	237	279	435	287	165	201	266	277	104	183	207	387	160	191	388	295	119	16	236	199	105	6	185	144	98	7	125	281	173	9	308
chr3	67976245	67976275	31	8	0	31	22	9	4	1	2	1	1	1	1	1	0	1	1	2	3	1	0	2	2	0	0	2	0	0	0	0	0	0	0	0	1	0	0	2
chr3	67976277	67978532	2256	8	0	2256	1487	769	173	75	96	151	77	55	68	101	107	38	55	58	138	78	74	142	109	43	15	78	65	21	5	53	36	24	7	53	91	56	3	109
chr3	67978533	67982782	4250	8	0	4250	2666	1584	356	132	187	235	172	123	130	176	174	86	119	116	208	106	135	209	168	105	22	152	135	77	12	121	114	64	16	102	184	99	16	197
chr3	67982784	67982807	24	8	0	24	19	5	5	2	0	2	2	0	0	0	0	0	0	1	3	0	0	3	1	1	0	0	1	0	0	0	0	0	0	0	0	1	0	0
chr3	67982808	67982963	156	8	0	156	104	52	26	5	6	10	10	1	2	6	6	2	3	6	6	4	4	6	3	6	1	2	4	4	0	6	3	2	2	1	9	2	1	5
chr3	67982965	67983011	47	8	0	47	32	15	5	0	2	5	1	3	1	2	5	0	0	1	1	2	1	2	4	1	0	1	1	1	0	1	0	0	0	0	2	1	0	2
chr3	67983013	67985350	2338	8	0	2338	1364	974	157	58	108	110	84	77	98	80	101	46	87	53	90	50	68	95	98	57	7	69	77	64	6	95	70	54	11	79	94	67	8	118
chr3	67985351	67985429	79	9	0	79	60	19	33	3	4	2	3	1	0	1	3	1	1	0	3	1	1	1	1	4	1	0	4	1	0	1	0	0	0	2	0	1	1	3
chr3	67985436	67985455	20	9	0	20	7	13	0	0	0	0	0	0	2	0	0	1	3	0	0	0	0	0	1	0	0	1	1	0	1	1	0	2	1	1	0	1	0	2
chr3	67985457	67989082	3626	9	0	3626	2107	1519	239	101	160	176	126	109	152	136	159	74	116	107	152	76	95	129	138	80	24	117	142	96	27	128	106	84	11	108	137	133	16	170
chr3	67989085	67989388	304	9	0	304	187	117	19	6	16	14	9	21	8	7	12	5	8	10	15	7	8	20	22	5	4	9	8	6	1	11	3	5	0	8	12	10	1	12
chr3	67989389	67989676	288	9	0	288	159	129	15	6	9	10	7	27	9	9	9	4	13	13	9	5	8	6	29	3	1	8	8	7	5	3	8	6	2	8	7	8	4	20
chr3	67989686	67990643	958	9	0	958	589	369	64	28	43	51	43	33	37	41	30	21	26	23	49	28	20	51	52	22	4	32	28	17	2	31	37	16	1	26	37	24	1	38
chr3	67990644	67995543	4900	9	0	4900	2998	1902	348	159	223	249	202	116	179	178	201	95	162	148	228	122	143	245	205	98	11	178	178	131	8	167	97	87	9	125	194	168	8	236
chr3	67995545	67995564	20	9	0	20	12	8	0	2	1	1	0	0	1	0	2	0	1	1	1	0	1	0	1	0	0	1	0	1	0	0	0	0	0	0	0	1	0	3
chr3	67995566	67999277	3712	9	0	3712	2332	1380	328	108	146	218	130	113	119	151	170	53	117	93	172	87	133	194	148	78	12	123	123	74	5	121	102	64	3	93	140	108	6	178
chr3	67999290	68003642	4353	9	0	4353	2754	1599	364	129	206	259	191	109	135	170	189	72	126	129	214	114	144	202	172	89	17	146	120	67	9	146	136	77	5	98	178	109	9	220
chr3	68003646	68013447	9802	9	0	9802	6010	3792	854	290	414	570	371	264	365	358	427	168	276	256	477	230	235	454	381	188	56	327	290	250	56	309	300	179	69	260	387	288	57	394
chr3	68013456	68015292	1837	9	0	1837	1168	669	175	44	97	115	77	41	64	61	89	31	52	57	89	47	51	77	64	40	2	57	52	31	1	68	47	26	3	48	80	56	2	91
chr3	68015293	68021041	5749	9	0	5749	3611	2138	419	210	232	320	253	149	199	248	196	110	136	164	314	169	197	294	270	134	21	213	175	110	14	167	170	102	10	145	234	120	13	239
chr3	68021043	68021066	24	9	0	24	11	13	0	0	0	0	0	2	1	4	0	1	0	0	1	1	0	0	3	1	0	0	2	0	0	1	2	2	0	0	0	1	0	0
chr3	68021068	68021178	111	9	0	111	50	61	0	3	5	2	5	4	8	1	5	2	8	3	0	1	3	0	2	2	1	5	5	2	1	5	5	6	0	7	6	3	2	7
chr3	68021186	68022842	1657	9	0	1657	1106	551	147	45	83	108	58	44	47	58	76	32	30	44	101	58	62	111	77	36	2	64	41	28	1	46	26	14	2	32	63	38	1	80
chr3	68022845	68024806	1962	9	0	1962	1231	731	162	62	103	101	81	49	71	77	86	25	43	59	99	55	52	105	76	40	7	68	64	34	4	63	55	43	5	58	83	48	2	80
chr3	68024807	68028747	3941	9	0	3941	2308	1633	270	109	157	198	149	129	169	143	176	82	143	107	138	73	95	168	161	92	20	121	166	106	8	151	101	93	7	99	162	140	13	193
chr3	68028753	68271349	242597	9	0	242597	150168	92429	19348	7435	10317	13677	9723	6716	8795	9990	10332	4464	7166	6843	11375	5812	6857	11316	10175	5268	869	8115	8308	4921	600	7598	6556	4372	488	6354	10186	6866	685	11068
chr3	68271350	68353349	82000	10	0	82000	51056	30944	6715	2499	3540	4725	3292	2158	2901	3302	3460	1442	2368	2336	4012	2037	2328	3941	3402	1740	297	2697	2753	1740	203	2540	2168	1456	165	2175	3329	2300	253	3724
chr3	68353350	68428944	75595	9	0	75595	46756	28839	6125	2495	3127	4125	3169	2081	2645	3212	3169	1372	2153	2179	3409	1842	2134	3518	3334	1636	316	2504	2608	1598	216	2293	2025	1336	160	1939	3140	2146	264	3323
chr3	68428945	68677348	248404	9	0	248404	151620	96784	19147	7594	10435	13277	10061	6867	9370	10162	10363	4729	7679	7017	10883	5915	7015	11104	10471	5449	872	8313	8835	5490	619	8109	6892	4837	495	6614	10262	7277	786	11463
chr3	68677349	68799348	122000	8	0	122000	74959	47041	10068	3706	5075	6616	4936	3363	4532	4920	5024	2280	3682	3415	5437	3030	3362	5513	5162	2682	468	4067	4233	2672	404	3817	3405	2251	262	3215	4951	3521	378	5551
chr3	68799349	68882348	83000	7	0	83000	50330	32670	6743	2760	3428	4289	3497	2431	3150	3359	3551	1528	2440	2292	3429	1897	2226	3308	3633	1967	356	2661	3021	1817	283	2696	2389	1575	227	2233	3394	2458	306	3654
chr3	68882349	68972348	90000	6	0	90000	53488	36512	6826	2704	3719	4568	3477	2592	3583	3505	3688	1683	2885	2460	3826	2125	2399	3446	3620	2040	460	2984	3387	2229	433	3035	2555	2070	380	2603	3595	2745	411	3965
chr3	68972349	69082348	110000	5	0	110000	67163	42837	9616	3424	4470	5963	4099	3077	4165	3969	4373	1856	3380	2884	5385	2819	2843	4839	4376	2411	593	3796	3642	2415	690	3496	2957	2440	598	2929	4335	2976	545	4637
chr3	69082349	69240348	158000	4	0	158000	93465	64535	12985	4765	6110	7713	6112	4822	6553	5604	5881	2748	5444	4190	6595	3833	4217	5893	6365	3773	775	5255	5928	3675	798	5662	4610	4023	703	4703	6188	4591	780	6704
chr3	69240349	69440348	2e+05	5	0	2e+05	116861	83139	15267	5883	7800	9286	7732	6327	8477	7179	7421	3644	7198	5215	7816	4517	5184	7914	7994	4758	959	6660	7667	5062	970	7410	6136	5201	844	5999	7917	6088	883	8590
chr3	69440349	69633348	193000	6	0	193000	115330	77670	14661	5729	8117	9845	7777	5652	7556	7305	7960	3608	6269	5334	7954	4375	5226	7960	7802	4412	802	6349	7288	4729	759	6532	5546	4158	659	5463	7654	6009	684	8824
chr3	69633349	69819348	186000	5	0	186000	111676	74324	14344	5722	7746	9597	7322	5545	7249	7070	7593	3451	6006	5009	8151	4249	4942	7678	7686	4250	810	6222	6677	4452	796	6330	5416	3869	646	5111	7407	5684	688	8280
chr3	69819349	70029348	210000	6	0	210000	129350	80650	17505	6767	8891	11309	8405	5931	7475	8330	8777	3785	6198	5645	9785	5192	5849	9504	9031	4636	1000	7008	7067	4500	777	6648	5742	3910	583	5343	8301	5946	744	9414
chr3	70029349	70396348	367000	7	0	367000	230732	136268	31784	11248	15726	22056	14923	9623	12367	14570	15888	6369	10603	10201	18219	8794	10158	18203	14930	7469	1558	12077	11785	7277	1023	11090	9811	6240	910	9035	14957	10188	1265	16651
chr3	70396349	70497348	101000	6	0	101000	63870	37130	8975	3115	4299	6185	4138	2478	3337	4077	4410	1765	2811	2949	5050	2456	2874	4949	4133	2090	373	3218	3239	1972	296	3026	2554	1646	264	2384	4104	2825	313	4693
chr3	70497349	70653348	156000	5	0	156000	98010	57990	13262	4791	6622	9392	6378	4068	5277	6382	6788	2778	4484	4310	7639	3724	4289	7824	6469	3208	617	5067	5087	3131	435	4675	4168	2663	331	3778	6381	4326	501	7153
chr3	70653349	70758348	105000	4	0	105000	65145	39855	8720	3322	4465	5904	4299	2906	3658	4354	4474	1858	3118	2948	4918	2642	2804	4754	4570	2241	479	3438	3485	2175	314	3234	2885	1806	259	2570	4277	2986	332	4803
chr3	70758349	70904348	146000	3	0	146000	89503	56497	11981	4631	6062	7977	6118	4056	5324	5828	6173	2633	4419	4249	6379	3421	3946	6306	6086	3293	640	4721	5160	3189	472	4612	4072	2708	356	3712	6008	4242	518	6706
chr3	70904349	71047348	143000	4	0	143000	86845	56155	11968	4503	6006	7518	5700	4131	5329	5490	5875	2637	4270	3872	6452	3490	3758	5846	5976	3198	841	4746	4864	3287	657	4622	4084	2856	516	3852	5726	4089	698	6141
chr3	71047349	71433348	386000	5	0	386000	226884	159116	30766	11752	15905	18439	14719	11949	15868	13986	15335	7380	12746	9998	16043	8802	9583	13611	15981	8999	2223	12680	13978	9856	2265	13649	11495	9277	2163	11091	15068	11616	2093	16682
chr3	71433349	71941348	508000	4	0	508000	294057	213943	37821	15122	20717	23552	19331	15644	21389	18365	20171	9787	17561	13051	19888	11210	12402	18044	20269	12286	2864	16344	19382	14309	3210	18812	15214	12991	2783	14908	19864	16127	2575	22005
chr3	71941349	72233348	292000	5	0	292000	160435	131565	16631	7968	11885	11307	10742	9730	14125	10385	11125	6282	11653	7615	9293	5608	7070	9015	11400	7555	1459	9174	12499	9947	1522	12468	9595	8372	1243	9654	11488	10563	1188	13437
chr3	72233349	72473348	240000	4	0	240000	133133	106867	15250	6669	9955	9623	8847	7921	11273	8303	9302	5007	9258	6005	8099	5028	5631	6960	9438	6030	1392	7765	10088	7952	1423	9791	7624	6778	1196	7818	9194	8494	1141	10743
chr3	72473349	73028348	555000	3	0	555000	314020	240980	39721	15524	21675	23883	20525	18163	24849	19058	20577	10816	21217	14344	19980	12054	13819	17815	21436	14003	3004	18114	22820	16284	3369	22104	16747	15866	3033	17244	21592	18423	2841	24098
chr3	73028349	73175348	147000	4	0	147000	85411	61589	11529	4201	5616	6993	5609	4818	6190	5108	5345	2825	5123	3850	5856	3415	3700	5231	5867	3750	758	4884	5863	3880	929	5303	4343	3816	799	4254	5652	4529	774	6188
chr3	73175349	73305348	130000	5	0	130000	75467	54533	9217	3846	5096	6135	5087	4023	5478	4845	5076	2496	4687	3515	4912	2823	3434	4795	5213	3165	639	4171	5145	3514	632	4760	3950	3210	510	3850	5125	4162	573	5914
chr3	73305349	73806348	501000	6	0	501000	296172	204828	37302	15191	20922	24206	19494	15193	20431	19482	20164	9682	16492	13520	20661	11467	12881	19082	20910	11740	2566	16318	18628	12391	2186	17499	15034	11332	1974	14392	20028	15241	2072	22517
chr3	73806349	73865348	59000	7	0	59000	36124	22876	4757	1831	2607	3123	2369	1595	2170	2377	2538	1077	1816	1608	2654	1399	1596	2606	2486	1275	208	1933	2098	1323	165	1906	1568	1145	124	1605	2359	1750	185	2745
chr3	73865349	73950348	85000	8	0	85000	52751	32249	6885	2595	3582	4980	3489	2298	2960	3412	3644	1564	2487	2416	4024	2015	2455	3944	3462	1868	336	2806	2885	1806	238	2670	2294	1515	171	2086	3519	2409	261	3922
chr3	73950349	74232348	282000	9	0	282000	176418	105582	23538	8603	12139	16556	11621	7479	9753	11467	12166	4957	8389	8127	13511	6736	7879	13496	11574	5784	1078	9339	9176	5357	730	8564	7703	4827	637	7173	11868	7859	829	13083
chr3	74232349	75274348	1042000	10	0	1042000	657022	384978	90074	32585	43386	62214	42258	27677	35406	42278	44043	18024	29070	29474	51883	26363	29262	53024	44478	21287	4072	34812	33451	19807	3141	30598	27435	17356	2606	25323	42255	28548	3417	46391
chr3	75274349	75804348	530000	9	0	530000	293911	236089	34228	14892	19717	21477	19341	18300	24678	18669	19545	11123	20059	14272	17200	10827	12375	17208	21697	14038	3219	16188	22135	17681	3970	21304	16440	14915	3194	16307	20716	18456	2797	23030
chr3	75804349	77916348	2112000	10	0	2112000	1354757	757243	189882	66842	88253	133237	84077	54452	67580	85655	89993	35502	56944	58939	114262	54705	59994	114439	90495	40723	9479	70804	61683	36117	6730	58761	53034	32924	5792	49322	86553	53528	7413	93884
chr3	77916349	78221421	305073	9	0	305073	195170	109903	27297	9577	12904	19047	12208	7905	10004	12031	13212	5190	8335	8528	16108	7725	8773	16324	13141	6003	1144	10110	9073	5423	836	8762	7505	4850	707	7084	12430	7818	957	14060
chr3	78221423	78478349	256927	9	0	256927	162747	94180	22483	7858	11025	15571	10368	6571	8730	9896	11133	4550	7399	7174	12953	6275	7273	13487	10680	5213	889	8473	8026	4854	655	7823	6369	4320	537	6084	10490	6970	749	12047
chr3	78478350	78642349	164000	8	0	164000	102599	61401	13889	5018	6790	9685	6462	4427	5556	6449	6833	2853	4830	4615	8197	4016	4522	8455	6930	3406	752	5226	5178	3344	651	5117	4191	3014	512	3949	6596	4526	603	7406
chr3	78642350	78769349	127000	9	0	127000	82122	44878	11821	4197	5180	8123	5051	3262	4007	5111	5303	2079	3289	3491	7146	3347	3553	7161	5618	2483	608	4176	3596	1995	427	3515	3086	1906	376	2930	5131	3149	473	5408
chr3	78769350	78890349	121000	8	0	121000	78308	42692	11172	3846	5008	7711	4776	3057	3789	4876	5051	1990	3186	3429	6737	3256	3601	6822	5183	2289	505	4172	3429	1864	345	3450	2887	1876	290	2745	4999	3060	380	5217
chr3	78890350	79103349	213000	7	0	213000	137021	75979	19472	6858	8923	13497	8247	5407	6831	8360	9138	3496	5789	5856	11893	5566	5964	11723	9057	4118	886	7267	6215	3656	750	5920	5041	3309	639	4841	8532	5457	811	9479
chr3	79103350	79485349	382000	8	0	382000	248554	133446	35192	12156	15613	25297	15463	9598	11640	15585	16270	6171	9915	10871	21333	10217	11119	22113	16389	7121	1613	13020	10898	5979	1113	9983	9361	5407	974	8360	15637	9466	1200	16924
chr3	79485350	79754349	269000	7	0	269000	176647	92353	25268	8536	10930	18407	10977	6724	7963	11236	11370	4336	6686	7610	15526	7161	7602	16315	11926	4876	1031	8923	7521	4002	725	6772	6477	3765	623	5709	10976	6377	871	11777
chr3	79754350	79922349	168000	6	0	168000	107950	60050	15001	5077	6926	10806	6643	4170	5316	6909	7081	2795	4510	4690	9085	4427	4787	9725	7052	3213	701	5503	5027	2943	504	4775	4224	2655	468	3909	6735	4438	551	7352
chr3	79922350	79938349	16000	5	0	16000	10324	5676	1360	471	570	1150	606	422	528	644	629	224	460	422	957	432	439	1008	638	319	62	530	502	298	37	459	390	293	37	376	670	386	46	633
chr3	79938350	80124349	186000	6	0	186000	122126	63874	17546	5835	7460	12802	7532	4623	5549	7571	7665	2994	4442	5100	10901	4903	5229	11973	8037	3477	767	6074	5275	2948	555	4757	4534	2700	496	4052	7429	4409	566	7797
chr3	80124350	80295349	171000	7	0	171000	111600	59400	15877	5490	6926	11272	7045	4352	5218	7149	7106	2777	4282	4868	9537	4576	5004	10121	7727	3102	684	5681	4876	2558	415	4345	4348	2430	379	3821	6813	4104	532	7583
chr3	80295350	80601342	305993	8	0	305993	200123	105870	28630	9639	12517	20610	12420	7457	9429	12306	13007	4879	7774	8650	17338	8107	8745	18614	13227	5586	1129	10140	8597	4815	746	8102	7474	4441	700	6603	12314	7418	957	13620
chr3	80601343	80788348	187006	8	0	187006	121490	65516	17210	5790	7560	12422	7494	4727	5805	7621	7909	2923	4922	5142	10368	5008	5117	11471	8158	3412	835	6043	5378	3119	545	4945	4639	2868	510	4167	7472	4589	586	8249
chr3	80788349	81301348	513000	9	0	513000	330908	182092	46806	16109	20819	32895	20566	13196	16219	20804	21977	8292	13838	14941	27280	13127	14962	29076	22004	9921	1998	16801	15043	8435	1484	14038	12554	7737	1238	11790	21184	12907	1748	23209
chr3	81301349	81483348	182000	8	0	182000	115134	66866	15720	5658	7878	10826	7191	4810	6093	7306	7849	3091	5177	5170	9323	4673	5078	9290	7724	3694	737	6077	5635	3272	537	5436	4551	3031	470	4414	7489	4883	616	8299
chr3	81483349	81650348	167000	9	0	167000	108495	58505	15530	5345	6966	10822	6501	4084	5304	6872	7058	2703	4353	4524	9573	4601	4844	9414	7143	3266	658	5666	4700	2653	374	4674	4158	2452	326	3796	6759	4030	518	7331
chr3	81650349	81993348	343000	8	0	343000	217468	125532	30430	10764	14462	20643	13387	8758	11535	13389	14356	5773	9818	9473	18125	8928	9933	17692	14209	6845	1360	11809	10521	6160	1160	10088	8621	5807	1074	8458	13718	9117	1192	15393
chr3	81993349	82081348	88000	9	0	88000	56150	31850	7525	2744	3689	5566	3502	2238	2989	3581	3821	1476	2405	2499	4676	2257	2590	4591	3701	1683	326	3005	2622	1533	219	2520	2328	1413	165	2134	3659	2265	262	4014
chr3	82081349	82268348	187000	8	0	187000	120342	66658	17169	6028	7672	11915	7678	4687	6145	7467	7893	3097	4993	5271	10043	4888	5396	9999	8154	3621	690	6235	5564	3099	433	5271	4740	2919	400	4277	7519	4728	585	8422
chr3	82268349	82426348	158000	9	0	158000	102251	55749	14746	5130	6654	10185	6643	3871	4928	6278	6968	2655	4092	4346	8358	4024	4643	8729	6924	2984	618	5154	4577	2521	437	4225	3914	2274	410	3650	6306	3981	485	7288
chr3	82426349	82914679	488331	8	0	488331	315853	172478	45015	15257	19877	31759	19724	12092	15560	19549	20476	8059	12904	13433	26693	12714	13910	28831	21012	9357	1836	15917	14456	8228	1415	13418	12082	7721	1124	11038	19375	12211	1409	21877
chr3	82914680	82914779	100	8	0	100	69	31	11	3	2	5	2	6	2	9	1	0	0	0	8	6	2	10	9	3	0	3	2	1	0	2	7	1	0	2	1	0	0	0
chr3	82914780	82972348	57569	8	0	57569	39025	18544	5564	1817	2245	4216	2286	1309	1569	2460	2336	848	1263	1530	3656	1701	1627	4596	2687	917	242	1829	1415	739	144	1238	1296	718	136	1206	2226	1162	156	2433
chr3	82972349	83057348	85000	9	0	85000	56917	28083	8224	2689	3448	6091	3503	1901	2468	3580	3673	1304	1881	2480	5051	2439	2416	5767	3836	1463	278	2756	2256	1192	159	2009	1910	1036	151	1699	3450	1925	214	3749
chr3	83057349	83485348	428000	8	0	428000	282944	145056	41733	13731	17328	29641	17623	10077	12619	17281	17775	6772	10617	11863	25301	11420	12206	26955	18520	7736	1528	14216	12033	6435	963	10682	10067	5917	873	9059	16980	10025	1208	18814
chr3	83485349	83642348	157000	7	0	157000	102462	54538	14682	5086	6267	10524	6538	3879	4785	6364	6544	2473	3858	4367	8795	4175	4510	9614	6855	3044	621	5093	4596	2603	408	4106	3881	2314	334	3440	6234	3752	475	6781
chr3	83642349	83922348	280000	8	0	280000	185959	94041	27418	8932	11377	19456	11380	6441	8255	11321	12001	4303	6857	7956	16384	7562	8200	18114	12187	4898	1038	9115	7504	3916	589	7011	6513	3699	521	5933	11193	6507	786	12631
chr3	83922349	84728348	806000	9	0	806000	529285	276715	77068	25727	32655	54407	33183	19654	24046	33182	33887	12907	20098	22609	45719	21473	23013	49656	35433	15081	2812	26435	23155	12652	1843	20717	19327	11028	1609	17122	32150	19606	2206	35538
chr3	84728349	84794348	66000	10	0	66000	42097	23903	5824	2044	2644	4146	2732	1730	2272	2610	2757	1168	1721	1917	3345	1679	1849	3657	2858	1344	224	2195	2102	1254	165	1810	1711	1036	138	1503	2674	1697	213	2979
chr3	84794349	84871348	77000	9	0	77000	49622	27378	7028	2455	3187	4921	3226	1889	2455	3131	3239	1286	2032	2144	4097	1975	2194	4362	3256	1566	274	2509	2396	1328	178	2085	1900	1187	169	1828	3148	1906	201	3446
chr3	84871349	85021348	150000	10	0	150000	96132	53868	13919	4678	6133	9606	6037	3825	4843	5902	6334	2369	4045	4074	8046	3795	4203	8322	6381	2820	577	4889	4474	2699	568	4169	3964	2512	510	3482	5788	3879	471	6684
chr3	85021349	85110700	89352	9	0	89352	59127	30225	8759	2866	3619	6198	3492	2119	2568	3728	3834	1355	2174	2456	5357	2438	2670	5493	3792	1576	367	3043	2413	1258	246	2238	2188	1196	222	1866	3514	2125	297	3883
chr3	85110702	85496349	385648	9	0	385648	255449	130199	37358	12049	15472	27307	15645	9237	11318	15516	16032	5966	9639	10873	23150	10285	10945	24656	16478	6763	1494	12802	10081	5376	1088	9769	9245	5320	993	8280	15912	8855	1219	16523
chr3	85496350	85897249	400900	10	0	400900	263232	137668	37806	12486	16394	27129	15655	9826	12168	16554	16995	6251	10243	11320	23358	10800	11819	24427	17201	7116	1503	13543	10793	5865	1069	10418	9858	5696	910	8886	16350	9468	1214	17777
chr3	85897250	85897297	48	9	0	48	37	11	29	0	0	0	1	0	0	0	0	2	4	0	0	0	0	0	0	0	1	1	0	0	1	0	0	0	1	1	1	1	1	2
chr3	85897298	86732349	835052	10	0	835052	542449	292603	77662	26472	35005	54173	33775	20656	26016	33194	35327	13587	21905	23505	46547	21762	23961	48900	35592	15860	3202	27823	24077	13465	2237	22439	20666	12216	1954	18748	33307	20677	2463	37877
chr3	86732350	86961349	229000	9	0	229000	147964	81036	21035	7132	9368	14736	9293	5688	7206	9149	9713	3769	6133	6348	12231	5806	6568	13787	9721	4282	825	7568	6781	3858	730	6168	5620	3610	570	5340	9214	5787	763	10199
chr3	86961350	87107349	146000	8	0	146000	91830	54170	12649	4515	6004	8769	5839	3595	4962	5889	6227	2521	4234	4123	7223	3665	4101	7513	6018	2920	630	4728	4591	2818	572	4279	3845	2584	534	3545	5830	3938	588	6749
chr3	87107350	87190349	83000	7	0	83000	53065	29935	7315	2632	3573	5181	3389	2099	2730	3335	3603	1416	2252	2320	4394	2076	2422	4328	3563	1575	273	2812	2542	1558	175	2335	2099	1300	133	1978	3349	2176	213	3852
chr3	87190350	87517349	327000	6	0	327000	210370	116630	29851	10340	13676	20755	13321	8077	10526	13203	13943	5438	8887	9258	17507	8586	9181	17820	13998	6411	1196	10836	9777	5622	898	9056	8046	5043	780	7439	13306	8278	1004	14939
chr3	87517350	88015349	498000	7	0	498000	317329	180671	45618	15708	20732	30814	20463	12305	16383	19408	21013	8437	13731	14021	25778	12279	14272	26365	20313	10061	1762	16593	15872	9524	1434	14172	12592	8178	1232	11736	19782	13239	1564	22617
chr3	88015350	88060349	45000	6	0	45000	27024	17976	3650	1351	1824	2384	1731	1276	1638	1595	1765	780	1365	1266	2063	1060	1266	2008	1726	991	242	1508	1580	1146	371	1466	1215	1108	260	1187	1719	1318	207	1932
chr3	88060350	88224349	164000	7	0	164000	103734	60266	15188	5187	6795	9701	6355	4159	5626	6216	6723	2720	4487	4558	8605	4499	4695	8219	6709	3409	713	5734	5152	3068	622	4912	3996	2868	611	3983	6498	4409	606	6975
chr3	88224350	88462349	238000	8	0	238000	152838	85162	21786	7428	10095	15212	9575	5867	7597	9293	10260	3848	6678	6646	12900	5965	6806	12881	9719	4623	902	7865	7126	4201	688	6730	5870	3834	621	5551	9617	6087	697	11030
chr3	88462350	88676349	214000	9	0	214000	138726	75274	19937	6857	8863	13776	9030	5370	6582	8788	9223	3435	5489	6193	11243	5409	6199	12331	9220	4118	719	7014	6579	3467	454	5705	5348	3135	415	4759	8623	5485	576	9656
chr3	88676350	89175349	499000	8	0	499000	323702	175298	46618	15937	20949	32372	20796	12508	15351	20533	21739	8151	12814	14322	26723	12877	14133	27877	21782	9477	1769	16446	14487	8082	1244	13423	12350	7065	1137	11010	20570	12612	1476	22368
chr3	89175350	89346349	171000	7	0	171000	112309	58691	16127	5327	7113	11520	6598	4306	5130	7146	7354	2668	4297	4727	10007	4658	4854	10475	7428	3080	680	5772	4738	2471	408	4512	4135	2427	375	3619	6879	4151	525	7491
chr3	89346350	89758349	412000	6	0	412000	266828	145172	37823	12964	17226	26522	16717	10123	13169	16238	17805	6701	11091	11564	22189	10656	11777	24262	17439	7667	1426	13912	11931	6758	1054	11242	10247	6123	939	9272	16630	10437	1257	18837
chr3	89758350	89966349	208000	7	0	208000	131331	76669	18475	6531	8536	12535	8621	5349	7221	8452	8891	3677	5830	5842	10091	5076	5806	10397	8847	4290	692	6803	6858	3933	513	6068	5522	3431	459	5012	8416	5718	596	9510
chr3	89966350	90425349	459000	8	0	459000	291298	167702	43859	15023	20569	25622	20047	13321	15217	17634	22689	7185	13508	13678	18479	10023	12301	22141	20023	8165	1761	15603	13467	7004	1231	12478	12493	6848	1213	10356	20236	12163	1503	23158
chr3	90425350	90455704	30355	9	0	30355	18729	11626	2943	1228	1565	1262	1608	1068	1012	960	1974	432	1087	832	472	456	774	1054	1397	466	165	1156	748	304	118	823	1002	398	126	598	1502	825	137	1861
chr3	93786011	93803655	17645	9	0	17645	11087	6558	1821	656	826	812	890	671	568	693	1039	211	558	561	364	286	412	718	858	273	72	621	520	182	32	423	579	216	62	351	865	486	48	969
chr3	93803656	93872655	69000	8	0	69000	43015	25985	5870	2171	2920	4022	2857	1791	2419	2749	3014	1216	2087	1971	3241	1599	1902	3184	2820	1477	257	2223	2331	1345	198	2140	1867	1192	147	1700	2799	2000	224	3265
chr3	93872656	93905655	33000	7	0	33000	21178	11822	3046	1023	1330	2127	1330	864	1060	1299	1318	508	913	988	1832	883	893	1762	1387	626	142	1123	962	542	131	941	856	544	102	738	1349	864	121	1394
chr3	93905656	94129655	224000	8	0	224000	138590	85410	19611	6847	9320	12384	8518	5971	8247	8043	8947	3868	6821	6122	11086	5734	6253	10816	9002	4789	1006	7623	7292	4647	975	7274	5812	4577	892	5763	8673	6175	929	9981
chr3	94129656	94410663	281008	7	0	281008	176329	104679	24045	8910	12147	16258	11656	7224	9783	10935	12122	4858	8474	7843	13537	6886	8091	13558	11647	5794	987	9450	8969	5109	787	8487	7506	4819	640	7187	11476	7630	820	13371
chr3	94410665	94410685	21	7	0	21	14	7	2	1	0	3	1	0	0	0	0	0	1	1	2	0	2	0	0	0	0	0	0	0	0	2	1	0	0	1	0	2	0	0
chr3	94410687	94827655	416969	7	0	416969	267432	149537	37233	13078	17715	26030	17057	10590	13727	16672	18206	7104	11315	11935	21562	10483	12030	22693	17848	8052	1362	13993	12679	7161	969	11665	10429	6329	781	9709	17090	10932	1118	19420
chr3	94827656	95012655	185000	6	0	185000	119807	65193	17485	5935	7771	11837	7687	4569	5956	7216	7896	3065	4701	5330	9960	4798	5363	10237	7977	3539	657	6194	5415	3020	476	4966	4593	2692	429	4242	7443	4626	534	8389
chr3	95012656	95455655	443000	7	0	443000	291403	151597	43472	14395	18128	29849	18452	10682	13499	17629	18751	7016	10991	12404	25169	11586	12517	26862	19326	8113	1530	14710	12291	6677	1076	11285	10803	6114	915	9594	17842	10426	1347	19547
chr3	95455656	95637655	182000	8	0	182000	119391	62609	17204	5743	7480	12165	7406	4390	5616	7125	7559	2934	4743	5111	10423	4795	5316	11380	7848	3316	592	6106	4964	2816	444	4808	4443	2590	342	3993	7282	4310	506	8248
chr3	95637656	95998655	361000	7	0	361000	235888	125112	34191	11486	14521	24269	14768	8747	11122	14848	15097	5912	9004	10251	20412	9330	10232	21696	15643	6722	1324	11786	10565	5929	951	9232	8784	5243	776	7893	14493	8783	1019	15969
chr3	95998656	96270655	272000	6	0	272000	178658	93342	25404	8607	10800	18463	11089	6728	8422	11096	11201	4458	6738	7538	15580	7194	7946	17392	11991	5099	873	9024	7885	4257	496	7030	6546	3848	436	5922	10914	6464	627	11930
chr3	96270656	96750655	480000	7	0	480000	310178	169822	43562	15172	19570	31106	19964	11825	15330	19203	20153	8015	12569	13581	25731	12292	13741	28362	20518	9415	1533	15838	14485	8315	1233	13133	12037	7220	1033	10744	19283	12216	1323	21496
chr3	96750656	96825655	75000	6	0	75000	47569	27431	6801	2345	3031	4655	3021	1807	2497	3036	3056	1299	2014	2084	3954	1864	1989	4115	3073	1483	286	2473	2348	1502	358	2044	1954	1321	357	1777	2986	1946	285	3237
chr3	96825656	97006655	181000	7	0	181000	117557	63443	16474	5906	7465	11751	7220	4506	5775	7309	7600	2940	4530	5103	10302	4876	5231	10567	7892	3599	622	6115	5330	2952	446	4945	4380	2581	366	4041	7208	4541	524	7901
chr3	97006656	97519655	513000	8	0	513000	332080	180920	46867	16043	21554	33071	20519	12599	16378	20871	21922	8429	13407	14437	28228	13581	14850	29323	21797	9829	1738	17288	14906	8553	1248	14360	12834	7720	951	11501	20830	12965	1359	23040
chr3	97519656	97856655	337000	7	0	337000	215202	121798	30277	10447	14475	20600	13486	8453	11133	13499	14436	5658	9109	9652	17600	8784	9573	18019	14082	6631	1203	11425	10242	5997	963	9683	8585	5368	867	7896	13663	8889	1017	15286
chr3	97856656	97958655	102000	6	0	102000	63926	38074	8668	3257	4397	5818	4044	2665	3663	3957	4405	1834	2798	2791	5023	2775	3018	4812	4334	2218	368	3611	3272	1903	289	3229	2599	1694	217	2510	4123	2878	302	4526
chr3	97958656	98076655	118000	7	0	118000	73389	44611	9980	3634	4979	6721	4528	3281	4145	4589	5054	2045	3494	3236	5753	2897	3262	5790	4673	2667	509	4008	3918	2377	449	3737	3130	2134	325	2854	4822	3303	423	5281
chr3	98076656	98227655	151000	8	0	151000	95280	55720	13129	4767	6492	8894	6236	3910	5034	6237	6543	2753	4302	4487	7374	3617	4244	7259	6304	3220	508	5015	4970	2721	401	4518	3886	2393	309	3390	6258	4276	402	7149
chr3	98227656	99113655	886000	9	0	886000	549768	336232	75228	27760	36950	49827	35792	23344	31770	34044	37412	15721	26263	24962	41334	21685	24885	42789	36446	19273	3270	29521	29754	18347	3328	27757	23247	16313	2693	21925	35503	25253	2937	40665
chr3	99113656	99174655	61000	10	0	61000	37700	23300	4930	1876	2584	3456	2474	1693	2279	2455	2701	1143	1834	1659	2740	1397	1678	2799	2625	1327	168	1989	2140	1340	136	1874	1633	1060	99	1572	2503	1763	131	2940
chr3	99174656	99504655	330000	9	0	330000	208750	121250	28831	10396	14235	19561	13764	8522	11060	13185	14245	5683	9250	9350	16183	8316	9331	16838	14088	6737	1024	11068	10889	6287	751	9695	8317	5365	598	7901	13237	9233	847	15211
chr3	99504656	99661655	157000	8	0	157000	97061	59939	13055	4907	6964	8608	6468	4111	5609	6163	6853	2875	4781	4331	7159	3655	4466	7054	6517	3281	505	5245	5322	3284	418	5016	4162	2863	338	4147	6350	4612	467	7412
chr3	99661656	99766655	105000	7	0	105000	65294	39706	8857	3265	4512	6030	4230	2798	3694	4231	4586	1874	3256	2802	4992	2529	2932	4705	4301	2208	372	3585	3510	2064	308	3242	2802	1885	246	2665	4340	2967	308	4902
chr3	99766656	99901655	135000	6	0	135000	81639	53361	10440	4137	5781	6954	5192	3729	5249	5177	5574	2549	4298	3625	6106	3419	3789	5618	5531	3039	544	4721	4766	2985	497	4634	3623	2853	467	3655	5427	4005	506	6108
chr3	99901656	100010655	109000	5	0	109000	66569	42431	8772	3408	4683	5656	4193	3127	4052	4163	4568	1874	3350	2848	4986	2785	3140	4963	4512	2493	410	3778	3807	2376	350	3731	2895	2284	326	2827	4321	3111	320	4889
chr3	100010656	100107655	97000	4	0	97000	59806	37194	8334	3063	4092	5190	3785	2584	3709	3696	3992	1737	2948	2672	4568	2430	2709	4296	4035	2056	363	3360	3246	1958	322	3136	2641	1888	255	2584	3852	2759	360	4378
chr3	100107656	100355655	248000	3	0	248000	149880	98120	20320	7512	10043	12952	9511	7104	9591	9200	9701	4481	7986	6644	11295	6077	6825	10637	9981	5672	1090	8431	8869	5642	1119	8515	6798	5508	966	6716	9757	7323	949	10783
chr3	100355656	100496655	141000	4	0	141000	84228	56772	11538	4334	5813	6852	5550	3978	5558	5131	5360	2555	4578	3787	6089	3408	3847	5850	5634	3401	613	4627	5160	3496	731	4914	4040	3271	557	4046	5382	4133	557	6208
chr3	100496656	100617655	121000	5	0	121000	73079	47921	9642	3794	5173	6240	4877	3287	4525	4757	5162	2247	3832	3349	5167	2724	3263	5038	4893	2802	479	3878	4535	2914	429	4152	3309	2471	329	3139	4709	3843	415	5624
chr3	100617656	100756655	139000	6	0	139000	86679	52321	12374	4587	5746	7809	5575	3661	4965	5173	5691	2442	4004	3777	6876	3579	3953	6466	5732	3060	614	4863	4572	2739	556	4251	3598	2497	475	3449	5472	3822	515	6105
chr3	100756656	100886655	130000	7	0	130000	82309	47691	11717	4234	5644	7604	5227	3334	4452	5055	5626	2229	3634	3616	6628	3283	3770	6255	5346	2717	518	4499	4139	2308	331	3847	3260	2131	269	3220	5322	3469	380	5934
chr3	100886656	101107655	221000	8	0	221000	138148	82852	19024	6793	9404	12732	9032	5953	7604	8906	9226	3915	6434	6261	10671	5413	6311	10469	9263	4608	768	7435	7333	4377	611	6796	5953	3878	493	5499	8946	6254	614	10022
chr3	101115656	101289655	174000	7	0	174000	107040	66960	13927	5506	7415	9325	6792	4902	6443	7029	7429	3171	5407	4781	8025	4237	4883	7767	7384	3838	596	5999	6066	3583	438	5678	4647	3207	360	4376	7069	5137	486	8095
chr3	101289656	101411655	122000	6	0	122000	77868	44132	11306	3890	5038	7466	4951	3072	4085	4637	5069	1945	3230	3368	6374	3282	3651	6503	5085	2464	422	4218	3878	2236	333	3552	3018	2081	274	2957	4763	3218	355	5277
chr3	101411656	101503655	92000	5	0	92000	56426	35574	8205	3056	3618	4867	3849	2545	3381	3643	3713	1697	2544	2568	3979	2163	2488	4108	3960	2169	389	2943	3419	2038	422	2742	2551	1844	331	2244	3489	2570	360	4103
chr3	101503656	102228655	725000	4	0	725000	434934	290066	58892	22179	29380	36797	28549	20573	28378	26471	28570	13432	23831	19737	31237	17370	19215	30322	29150	17019	3277	24107	26352	17085	3606	24925	19766	16322	3222	19664	28703	21542	3217	32108
chr3	102228656	102332655	104000	5	0	104000	65766	38234	9030	3300	4419	6250	4402	2728	3529	4160	4476	1827	2882	2981	5091	2572	2885	5233	4466	2179	346	3436	3396	1906	271	3004	2685	1652	197	2529	4272	2840	308	4746
chr3	102332656	102451655	119000	6	0	119000	76802	42198	10706	3703	5129	7650	4897	2991	3773	4792	5069	1945	3178	3472	6515	3066	3475	6440	4990	2230	399	4086	3439	1877	285	3321	3061	1767	232	2846	4963	3047	352	5302
chr3	102451656	102559655	108000	7	0	108000	68442	39558	9536	3300	4465	6741	4283	2795	3642	4330	4601	1865	3082	3089	5622	2601	3009	5480	4400	2128	454	3579	3445	1938	345	3125	2741	1823	280	2662	4465	2963	377	4832
chr3	102559656	102732655	173000	8	0	173000	109013	63987	14898	5269	7592	10250	6952	4362	5858	6700	7450	3035	5209	4764	8710	4238	4942	8782	6935	3531	583	5855	5439	3511	434	5321	4513	2881	328	4198	6985	4782	463	8228
chr3	102732656	103829079	1096424	9	0	1096424	712967	383457	101385	34385	45193	72225	45055	26975	34063	44371	46648	17803	28505	31159	60099	28624	31770	64705	47071	20703	3853	36161	31873	17707	2643	29337	27106	16041	2290	24557	44414	27109	3116	49476
chr3	103829080	103829385	306	8	0	306	129	177	34	3	3	5	5	11	12	2	3	7	19	8	4	5	6	1	4	7	7	8	12	15	19	11	6	23	15	12	8	13	7	9
chr3	103829386	103946655	117270	9	0	117270	78354	38916	11633	3753	4792	8298	4799	2744	3250	4875	5060	1790	2840	3332	6984	3126	3455	7623	5183	2083	401	3746	3087	1557	248	2824	2765	1388	217	2394	4632	2688	328	5373
chr3	103946656	104953655	1007000	8	0	1007000	652469	354531	94392	31568	42495	64999	41430	24770	32038	39644	42897	16780	26389	28410	54734	25992	29022	56907	42966	19456	3335	33353	29740	16594	2257	27616	24649	15093	2061	22935	40527	25064	2845	46040
chr3	104953656	105518655	565000	7	0	565000	364470	200530	51788	17828	24207	35973	22938	14070	17917	22387	24741	9284	15017	15568	30330	14727	16301	31392	23939	10926	2013	19031	16656	9404	1540	15597	14009	8426	1372	13007	22709	14441	1653	25807
chr3	105518656	105883294	364639	6	0	364639	232438	132201	32842	11476	15249	22392	14297	9385	12315	14447	15296	6150	9931	9872	19524	9840	10338	19082	15564	7188	1486	12613	10925	6457	1142	10583	9345	5991	1025	8633	14611	9471	1163	16004
chr3	105883295	106140652	257358	6	0	257358	161506	95852	22478	7900	11137	15156	10115	6456	8660	9670	11050	4564	7593	7134	13028	6372	7292	12900	10387	5198	1008	8699	8027	5387	1171	7860	6295	4639	819	6019	10192	7221	826	12103
chr3	106140653	106630652	490000	5	0	490000	311977	178023	43533	15322	20950	29847	19905	12318	16425	19205	21175	8433	13774	13613	25039	12220	14109	26108	20255	9961	1715	16362	15088	8743	1277	14310	12658	7768	1040	11850	19852	12947	1460	22736
chr3	106630653	106951652	321000	6	0	321000	202866	118134	27985	10023	13395	19186	12784	8181	10874	12427	13452	5441	9122	9168	16366	8100	9513	16847	13121	6589	1282	10753	10069	5934	1074	9543	8266	5543	938	7839	12810	8554	1050	14769
chr3	106951653	107189652	238000	7	0	238000	147516	90484	19988	7392	9985	13453	9768	6489	8575	9333	10358	4214	7029	6701	10704	5708	6755	11063	9913	5165	863	7863	8075	4859	695	7418	6425	4318	597	5990	9751	6705	773	11073
chr3	107189653	107334652	145000	6	0	145000	89024	55976	11914	4431	6009	7997	5875	3934	5341	5551	5898	2673	4585	4054	6664	3489	4023	6586	5895	3175	592	4864	4956	3101	528	4669	3923	2822	437	3802	5927	4155	505	6623
chr3	107340653	107633652	293000	6	0	293000	182214	110786	25172	9250	11916	16791	11445	7796	10492	10948	11992	5108	8770	7935	14520	7395	8295	14388	11994	6284	1209	10061	9490	6181	1180	9281	7463	5530	1021	7286	11735	8137	1088	12845
chr3	107633653	107749652	116000	5	0	116000	73759	42241	10212	3772	5036	7053	4567	2935	4036	4413	4983	1975	3161	3148	6311	3075	3346	5734	4858	2310	504	4085	3449	2018	335	3443	2914	1930	273	2853	4730	2987	354	5198
chr3	107749653	107881652	132000	4	0	132000	80294	51706	10801	3978	5492	7102	5055	3659	5106	4921	5475	2396	4139	3595	6042	3224	3630	5678	5429	2945	570	4313	4428	3011	557	4504	3667	2615	455	3607	5218	3929	514	5943
chr3	107881653	108028652	147000	3	0	147000	86322	60678	10446	4263	6157	7272	5650	4252	5984	5635	6146	2919	5157	3978	5897	3125	3841	5599	5948	3330	655	4626	5420	3944	687	5503	4343	3356	556	4109	5809	4924	566	6901
chr3	108028653	108138652	110000	4	0	110000	66200	43800	8505	3353	4665	5635	4092	3247	4242	4200	4517	2041	3528	2914	5044	2650	3033	4533	4538	2402	570	3781	3700	2565	504	3754	3205	2265	489	3025	4338	3292	463	4908
chr3	108138653	108243652	105000	5	0	105000	65760	39240	8748	3278	4417	6072	4052	2667	3738	4101	4276	1803	2864	2854	5439	2799	3122	5529	4275	2248	364	3659	3360	2197	328	3357	2821	1892	300	2641	4102	2905	306	4484
chr3	108243653	108550652	307000	6	0	307000	188020	118980	24333	9414	13231	16527	12279	8071	11619	12037	13037	5711	9342	8648	13856	7424	8753	13736	12492	6815	1097	10216	10597	6779	817	10275	8434	5848	703	8169	12483	9026	943	14286
chr3	108550653	108666652	116000	7	0	116000	74927	41073	10669	3717	4988	7031	4459	2939	3780	4342	4816	1864	2991	3233	6463	3431	3596	6606	4920	2358	484	4189	3324	1860	319	3237	2765	1736	288	2689	4511	2786	367	5240
chr3	108666653	108879652	213000	8	0	213000	132473	80527	18109	6573	8896	12085	8540	5576	7540	8349	8943	3717	6493	6073	10071	5401	6015	10091	8829	4493	859	7087	6928	4383	694	6683	5607	3879	609	5249	8641	5934	726	9925
chr3	108879653	109408652	529000	9	0	529000	318106	210894	43953	15491	21181	27518	20146	15090	20742	19204	20945	9638	17881	14318	23099	12862	14204	21833	20915	12092	2534	17539	18804	11756	2778	18163	14591	12008	2480	14451	20872	15645	2410	23855
chr3	109408653	110259652	851000	10	0	851000	539593	311407	75671	26849	35304	51010	34816	22161	28732	33581	36050	14661	23799	24262	42297	21371	24749	44279	36042	17605	3047	28348	27102	15617	2320	24537	21870	13873	1970	20303	34276	22481	2619	39396
chr3	110259653	110839652	580000	9	0	580000	370776	209224	51673	18077	25151	35986	23684	14555	19236	22820	25145	9756	15795	16243	30384	14822	16719	30729	24409	11424	1949	19428	17899	10256	1334	16547	14785	9219	1148	13886	23202	15136	1561	27040
chr3	110839653	111318652	479000	8	0	479000	300466	178534	40928	15106	20667	27401	19204	12372	16706	18638	20496	8305	13841	13284	23474	12203	13981	23859	20087	9948	1671	16280	15445	9669	1254	14708	12210	8243	1092	12001	19178	13216	1325	22206
chr3	111318653	111546652	228000	9	0	228000	142328	85672	19164	7249	9888	13105	9473	5875	8113	8883	9995	4074	6656	6430	10774	5334	6479	10834	9442	5002	690	7398	7633	4754	518	7116	6031	3865	407	5661	9239	6400	555	10961
chr3	111546653	111966652	420000	8	0	420000	255579	164421	33561	12743	17908	21951	16397	11898	15991	15905	17379	7793	13316	11460	18826	9892	11744	18814	17288	9254	1655	14130	14509	9425	1434	14119	11697	8474	1266	11221	16697	12334	1429	19488
chr3	111966653	112116652	150000	7	0	150000	89220	60780	11329	4397	6332	7571	5749	4365	5972	5580	6062	2818	4937	4110	6489	3533	3988	5986	6054	3395	713	4951	5244	3872	714	5422	4387	3344	583	4174	5981	4641	622	6683
chr3	112116653	112472652	356000	8	0	356000	220339	135661	30494	10903	15119	19876	14458	9497	12727	13451	15027	6333	10872	9832	16413	8523	9953	16861	14612	7711	1345	11587	11972	7594	1219	11291	9464	6716	1015	9069	14085	10056	1199	16724
chr3	112472653	112587652	115000	7	0	115000	71719	43281	10070	3679	4817	6495	4428	3163	3962	4193	4695	1866	3371	3204	5868	3020	3256	5632	4743	2434	512	4039	3572	2418	537	3638	2886	2123	483	2758	4543	3190	432	4971
chr3	112587653	112727652	140000	6	0	140000	84587	55413	11148	4299	5980	7152	5672	3927	5471	5073	5931	2739	4534	3803	5828	3321	3868	5839	5820	3179	592	4695	4962	3171	497	4745	3787	2745	415	3797	5574	4280	538	6616
chr3	112727653	112817652	90000	7	0	90000	53927	36073	6997	2658	3922	4422	3404	2574	3550	3384	3790	1686	3076	2455	3809	2032	2548	3619	3553	2065	338	2994	3236	2143	326	3156	2498	1904	272	2580	3625	2750	266	4366
chr3	112817653	112964652	147000	6	0	147000	92472	54528	12970	4780	6061	8563	6200	3886	5065	6045	6302	2480	4016	4244	6902	3598	4164	7196	6332	3154	476	4782	5022	2834	371	4228	3939	2495	304	3548	5903	3972	419	6747
chr3	112964653	113135652	171000	5	0	171000	101534	69466	13216	5071	7438	8450	6674	4900	6700	6188	7234	3237	5722	4640	7051	3906	4531	6576	6768	3960	787	5599	6190	4433	849	6134	4750	3841	655	4665	6753	5372	715	7993
chr3	113135653	113291652	156000	4	0	156000	87531	68469	9916	4366	6611	6492	5561	5055	7088	5599	6392	3169	6031	3871	5515	3045	3702	5116	6231	3730	773	4901	6264	5104	911	6400	4825	4233	732	4902	5984	5612	638	7229
chr3	113291653	113404652	113000	3	0	113000	69512	43488	9285	3355	4781	6130	4532	3004	4144	4331	4712	2068	3560	3290	5022	2700	3160	5437	4623	2493	354	3657	4038	2581	334	3583	2865	2137	268	2924	4485	3324	340	5481
chr3	113404653	113754652	350000	2	0	350000	212109	137891	29167	10832	14447	18174	13604	9679	13346	12775	13966	6333	11162	9519	15883	8719	9667	14834	14078	7893	1676	11916	12162	7759	1716	11739	9557	7479	1592	9344	13607	10245	1504	15624
chr3	113754653	113871652	117000	3	0	117000	70230	46770	10196	3389	4364	6184	4558	3455	4646	3962	4110	2073	3986	3058	5270	2909	3147	4922	4536	2754	563	3973	4347	2547	639	4067	3273	2981	642	3220	4465	3318	562	4882
chr3	113871653	113990652	119000	4	0	119000	71781	47219	9850	3579	4826	6064	4476	3440	4749	4232	4694	2117	3869	3233	5299	2902	3206	5245	4746	2741	528	4023	4224	2661	633	3937	3246	2683	555	3328	4681	3371	498	5362
chr3	113990653	114108652	118000	5	0	118000	72016	45984	9574	3686	4878	6152	4412	3239	4527	4417	4842	2032	3728	3261	5462	3030	3360	5414	4731	2598	504	4154	4065	2559	441	4035	3172	2415	399	3048	4628	3528	450	5257
chr3	114108653	114221652	113000	6	0	113000	66685	46315	8222	3255	4763	5533	4368	3316	4620	4174	4658	2213	4081	3035	4525	2495	2989	4437	4444	2590	485	3760	4140	2813	456	4141	3242	2627	428	3201	4652	3521	463	5351
chr3	114221653	114307652	86000	7	0	86000	50205	35795	6217	2444	3679	4050	3333	2537	3629	3048	3597	1667	3040	2327	3243	1807	2303	3283	3299	2066	318	2772	3425	2375	329	3204	2483	1979	321	2591	3339	2913	296	4084
chr3	114307653	114436652	129000	8	0	129000	78677	50323	10739	4052	5670	6588	4878	3746	4899	4830	5651	2340	4007	3454	5781	3151	3568	5322	5503	2707	616	4464	4219	2910	486	4221	3476	2411	404	3453	5155	3809	482	6006
chr3	114436653	114636652	2e+05	9	0	2e+05	125420	74580	16979	6190	8742	11278	7578	5177	7008	7755	8661	3400	6149	5541	9972	5111	5989	9888	8104	4160	731	6883	6066	3843	539	6338	5322	3306	461	5075	8026	5477	657	9592
chr3	114636653	116947652	2311000	10	0	2311000	1455169	855831	198314	71147	99183	135655	91331	60596	78998	91184	99570	39677	67295	65069	115083	58248	66873	116944	96291	47461	8284	77633	72629	44583	6542	70407	60045	38532	5526	56287	93144	63585	6860	108022
chr3	116947653	117230652	283000	9	0	283000	177658	105342	24289	8710	12263	16356	11129	7560	9732	11192	12215	4848	8424	7973	13985	6926	8173	13882	11899	5518	1089	9538	8514	5402	903	8616	7548	4905	756	7193	11652	7610	954	13244
chr3	117230653	118841652	1611000	10	0	1611000	1013252	597748	135500	49701	68729	94296	63905	42528	55515	64334	69509	28102	47150	45099	79312	40349	46845	82376	68178	32831	5798	53873	50839	31011	4053	49427	42087	27015	3488	39288	65178	44473	4557	75652
chr3	118841653	118914652	73000	9	0	73000	43933	29067	5512	2141	3116	3719	2808	2093	2827	2777	3048	1403	2367	2008	3122	1748	2080	3162	2984	1647	255	2499	2590	1819	266	2527	2029	1460	198	1967	2902	2276	251	3397
chr3	118920653	119036652	116000	9	0	116000	72242	43758	9778	3690	4985	6395	4486	3175	4106	4426	4887	2026	3363	3132	5696	3076	3331	5689	5022	2471	483	3991	3708	2325	419	3621	2960	2088	407	2854	4503	3189	397	5319
chr3	119036653	119160652	124000	8	0	124000	75527	48473	10438	3879	5167	6474	5256	3404	4698	4654	5165	2277	3704	3580	5099	3025	3400	5306	5200	2980	475	3931	4636	2764	399	4058	3376	2330	350	3248	4800	3783	410	5732
chr3	119160653	119268652	108000	7	0	108000	63378	44622	8244	3261	4423	5143	4155	3204	4490	3723	4323	2038	3784	2842	4350	2435	2844	4117	4282	2536	505	3615	3982	2985	570	4010	3111	2605	475	2959	4197	3421	412	4957
chr3	119268653	119553652	285000	6	0	285000	166344	118656	21367	8423	11624	13319	10693	8609	11952	9852	11283	5417	9889	7467	11390	6566	7684	10808	11280	6949	1339	9447	10834	7765	1590	10689	8132	6972	1323	8279	10859	9192	1270	12735
chr3	119553653	119840652	287000	5	0	287000	166261	120739	20839	8071	11942	13119	10661	8892	12212	10175	11475	5584	10202	7493	10996	6438	7545	10617	11289	7004	1283	9409	11041	8101	1487	11044	8359	7249	1237	8480	11251	9320	1215	12968
chr3	119840653	120001652	161000	4	0	161000	102488	58512	15084	5362	6743	9339	6300	4103	5432	5905	6628	2639	4405	4382	8517	4479	4866	8302	6834	3486	623	5640	4924	2900	555	4786	3824	2693	445	3748	6158	4086	537	7273
chr3	120001653	120329652	328000	3	0	328000	194126	133874	25537	9779	13236	16179	12797	9694	13496	11616	12814	6074	11046	8855	13582	7667	8826	12926	13080	7855	1395	10884	12217	8124	1672	11766	9470	7883	1494	9245	12836	9917	1327	14709
chr3	120329653	120438652	109000	4	0	109000	63796	45204	7869	3308	4478	5121	4130	3176	4621	4047	4498	2102	3790	2962	4279	2466	2945	4002	4334	2513	512	3693	4080	2860	502	3998	3211	2643	486	3020	4349	3424	456	5123
chr3	120438653	120768652	330000	5	0	330000	195870	134130	24926	9844	14049	16302	12895	9204	13303	11997	13512	6310	11124	9018	13788	7560	9004	13033	12874	7856	1375	10812	12188	8447	1388	11991	9465	7226	1223	9320	12872	10485	1250	15357
chr3	120768653	120897652	129000	6	0	129000	79780	49220	10645	3910	5860	7092	5006	3201	4598	4941	5857	2238	4006	3580	5999	3119	3946	5780	5031	2719	415	4303	4265	2757	297	4386	3336	2370	297	3363	5114	3859	349	6359
chr3	120897653	121023652	126000	7	0	126000	80457	45543	11548	4246	5115	7699	5593	3024	4132	4899	5558	2064	3147	3773	5910	3211	3760	6777	5405	2634	449	4057	4093	2337	357	3424	3125	1897	330	2892	5025	3342	394	5781
chr3	121023653	121154652	131000	8	0	131000	83485	47515	11565	4268	5392	7986	5481	3217	4319	5193	5501	2212	3448	3744	6664	3270	3886	7337	5478	2890	414	4185	4335	2410	355	3743	3316	2105	255	3124	5082	3438	392	5993
chr3	121154653	121291652	137000	7	0	137000	88048	48952	12524	4556	5795	8374	5791	3262	4388	5436	5784	2256	3543	3975	7151	3539	3995	7677	5943	2737	424	4509	4305	2495	345	3768	3326	2129	283	3130	5304	3552	388	6314
chr3	121291653	121398652	107000	6	0	107000	66640	40360	9349	3398	4438	6163	4562	2724	3766	4119	4561	1853	2938	3015	4874	2641	3034	5203	4437	2391	372	3416	3759	2346	391	3193	2818	1953	273	2644	4157	2999	288	4923
chr3	121398653	121514652	116000	5	0	116000	71619	44381	10233	3557	4819	6276	4622	3081	4352	4227	4693	2067	3596	3250	5336	2956	3287	5265	4643	2543	454	4021	3917	2240	417	3730	3050	2294	402	3064	4673	3227	467	5239
chr3	121514653	121698652	184000	4	0	184000	106992	77008	14165	5038	7451	8429	6688	5610	7926	6032	7066	3502	6941	4904	7164	4069	4812	7195	6844	4349	870	6156	7079	4698	1083	6927	5292	4824	958	5513	7041	5917	921	8534
chr3	121698653	121914652	216000	3	0	216000	135801	80199	19426	6602	9150	12399	8343	5420	7585	8049	9231	3659	6419	6023	10577	5651	6288	10978	8718	4568	803	7243	6848	4023	746	6751	5311	3851	684	5320	8520	5926	759	10127
chr3	121914653	121940652	26000	4	0	26000	15508	10492	1925	755	1101	1302	1016	709	1005	990	1115	498	887	786	1027	589	734	1068	984	606	112	849	952	645	112	893	708	537	114	693	1076	814	104	1292
chr3	121940653	122209652	269000	3	0	269000	160730	108270	21231	8110	11320	13468	10624	7624	10607	9835	11258	5035	8877	7237	11016	6146	7418	10924	10669	6317	1041	8888	9876	6892	1126	9528	7464	5826	875	7359	10680	8388	892	12447
chr3	122209653	122705652	496000	2	0	496000	294989	201011	39131	14872	20385	24190	19022	14625	19788	17829	19668	9282	16773	13627	20758	11840	13230	19968	19801	11701	2399	16718	18254	11878	2527	17576	13668	11279	2241	13618	19541	15378	2167	22264
chr3	122705653	123143652	438000	3	0	438000	243520	194480	29005	11851	17288	18130	15218	14026	20591	15076	16761	8930	16982	11326	15290	8954	10324	13766	16908	10916	2337	13600	18043	15214	3040	18265	13505	12647	2369	13637	16455	15785	2074	19685
chr3	123143653	123429652	286000	2	0	286000	154217	131783	17736	7183	10963	10596	9311	10112	14390	9567	10338	6042	11626	6868	9093	5539	6403	8449	10925	7444	1727	8780	12654	10987	1904	12914	9309	9401	1557	9306	10492	10627	1372	12383
chr3	123429653	123544652	115000	1	0	115000	62951	52049	7647	3142	4373	4505	3957	3827	5528	3776	4101	2341	4545	2809	3962	2306	2646	3484	4254	3011	684	3667	4789	4071	982	4860	3689	3601	852	3792	4356	4019	648	4774
chr3	123544653	123799652	255000	2	0	255000	139961	115039	15886	6624	10275	9770	8775	8474	12493	8721	9539	5468	10171	6350	8356	5036	6009	8013	9615	6514	1296	8177	10778	9099	1449	11189	8198	7597	1199	8399	9872	9305	1168	11183
chr3	123799653	123896652	97000	3	0	97000	56013	40987	6819	2882	3919	4385	3667	2834	4312	3423	3845	1963	3391	2502	3674	2022	2606	3768	3839	2473	359	3030	3873	2935	414	3921	2819	2402	316	2903	3705	3332	291	4374
chr3	123896653	124036652	140000	4	0	140000	84311	55689	11049	4197	5942	7081	5191	4004	5424	5091	5762	2664	4493	3736	6267	3348	3866	6194	5850	3132	602	4629	4845	3441	651	4956	3645	2924	600	3759	5370	4396	507	6382
chr3	124036653	124402652	366000	5	0	366000	209417	156583	23589	10301	15537	15626	13352	11295	16186	13722	14754	7302	13681	9914	13358	7895	9651	13252	14663	8921	1346	11863	14538	11198	1402	14921	11076	8978	1076	10950	14278	12962	1090	17321
chr3	124402653	124530652	128000	4	0	128000	74828	53172	8961	3531	5325	5926	4617	3870	5411	4933	5289	2489	4632	3568	4877	2889	3559	4949	4986	3123	482	4188	4892	3494	429	4899	3755	2834	366	3745	5198	4263	423	6095
chr3	124530653	124704652	174000	3	0	174000	97936	76064	11634	4870	7071	7047	6249	5634	7982	6003	6625	3529	6687	4416	6114	3736	4592	5746	6699	4519	764	5787	7199	5392	861	7288	5307	4772	770	5447	6663	6058	727	7810
chr3	124704653	124927858	223206	2	0	223206	121739	101467	14560	6083	8833	8448	7929	7411	10843	7239	8305	4751	9100	5437	7130	4154	5114	6400	8386	5749	1281	6983	9494	7773	1676	9682	7007	7076	1436	7329	8535	8027	1137	9896
chr3	124927862	125547655	619794	2	0	619794	359409	260385	48739	17984	24098	28414	23019	19514	26723	21554	23169	11760	22349	16076	24307	13909	15488	22304	24419	15246	3108	20394	24105	16936	3611	23426	17980	16456	3224	18126	24307	19440	2895	26712
chr3	125547656	125715865	168210	3	0	168210	96492	71718	12275	4715	6079	7394	6096	5939	7319	5858	6053	3163	5957	4639	6039	3976	4379	6609	7199	4262	909	5423	6515	4736	1083	6573	4719	4631	956	4900	6780	5278	916	6838
chr3	125715867	125744656	28790	3	0	28790	15439	13351	1331	749	1011	1103	976	1072	1249	932	1080	649	1085	908	807	746	588	1153	1287	817	299	812	1029	1217	402	1232	764	713	305	750	1149	1132	302	1139
chr3	125744657	126211656	467000	4	0	467000	251920	215080	28638	12643	17733	17465	16908	16225	23216	15965	16721	10154	18178	11698	14212	8761	10380	13021	18410	12584	2687	14102	20668	17334	3625	20073	15573	15073	2904	15296	17664	16709	2342	20036
chr3	126211657	126303656	92000	5	0	92000	52381	39619	6607	2557	3868	4072	3408	2812	3894	3287	3683	1783	3174	2320	3406	1890	2155	3465	3730	2150	500	2662	3564	3129	590	3800	2833	2517	560	2622	3273	3287	394	4006
chr3	126303657	126640656	337000	4	0	337000	171983	165017	17455	8247	11883	10633	10872	13289	18749	11290	11326	7714	13560	7465	8565	5692	6735	8508	13833	9354	2210	9544	15894	14953	3264	15572	12565	12697	2852	12212	11907	12679	1880	13599
chr3	126640657	126688656	48000	3	0	48000	25757	22243	2902	1226	1860	1771	1654	1688	2426	1690	1773	1017	1857	1200	1430	814	987	1460	1817	1221	265	1442	2139	1875	377	2052	1676	1603	325	1604	1826	1744	245	2032
chr3	126688657	126856656	168000	4	0	168000	94163	73837	11048	4786	6918	6722	6253	5604	7836	5974	6630	3437	6181	4367	5543	3408	4062	5393	6918	4224	860	5233	6982	5110	930	6832	5352	4671	793	5316	6415	5849	735	7616
chr3	126856657	126960656	104000	3	0	104000	52732	51268	4752	2467	3836	2985	3030	4312	5866	3579	3715	2352	4814	2452	2543	1749	2192	2088	4032	3192	630	3026	5032	4127	743	5408	3740	3616	598	3789	3983	4376	489	4485
chr3	126960657	127158656	198000	2	0	198000	90671	107329	6772	3977	6195	4340	5488	8949	12911	6100	5590	4898	9079	3733	3434	2672	3211	3321	7936	5904	1516	5140	10834	11545	2463	10438	8243	9776	2014	8219	6436	8054	1211	7599
chr3	127158657	127322656	164000	3	0	164000	89027	74973	9793	4123	6383	6451	5609	5598	8113	5853	6118	3482	6454	4003	5230	3047	3584	5185	6404	4233	822	4791	7182	6444	1031	7266	5512	5031	770	5429	6075	6215	719	7048
chr3	127322657	127391656	69000	4	0	69000	35996	33004	3743	1650	2542	2307	2265	2746	3653	2440	2395	1586	2901	1537	1838	1169	1437	1786	2929	1834	371	2017	3188	2999	501	3103	2497	2347	388	2410	2490	2612	314	3003
chr3	127391657	127589656	198000	3	0	198000	100513	97487	9977	4767	7242	6108	6485	7601	11057	6467	6772	4421	8563	4496	4859	3146	3934	4617	7584	5569	1156	5626	9639	9211	1631	9488	7356	7478	1266	7230	7031	7712	1057	8452
chr3	127589657	127819656	230000	2	0	230000	115265	114735	11399	5359	8324	6787	7139	9002	12759	7635	7971	5172	10274	5206	5360	3757	4519	4602	8497	6466	1742	6585	10966	10082	2396	11119	8502	9082	2171	8503	8570	8934	1449	9669
chr3	127819657	127903656	84000	3	0	84000	47721	36279	5970	2381	3287	3741	3137	2710	3748	3012	3191	1713	3042	2120	3081	1689	1981	2917	3348	2102	470	2573	3368	2543	554	3245	2669	2335	478	2526	3222	2729	402	3714
chr3	127903657	128277656	374000	2	0	374000	209815	164185	25447	10363	14842	15401	13343	12223	17648	13036	14027	7671	13634	9242	13236	7849	9136	12715	14873	9200	2033	12000	15357	11733	2302	15103	11996	11078	2104	11832	14024	12484	1741	16325
chr3	128277657	129983656	1706000	1	0	1706000	889639	816361	100873	42515	60951	57660	56493	62961	89221	53498	56435	36576	71511	40028	48199	31996	37133	43588	63586	47455	11174	51832	78806	68797	16890	77812	57478	64077	14489	59414	62303	61976	10513	69758
chr3	129983657	130094656	111000	2	0	111000	58417	52583	6027	2774	4090	3855	3765	4217	5530	3672	3953	2433	4820	2915	3000	2097	2241	3026	4424	3107	838	3152	4805	4316	1060	5049	3630	3608	838	3634	4325	4199	752	4846
chr3	130094657	130246656	152000	3	0	152000	84307	67693	10198	4354	5930	6032	5800	4925	6886	5378	5547	3233	5824	4168	4969	2960	3659	4442	5788	4071	937	4676	6455	4919	1129	6152	4750	4408	840	4796	5997	5257	842	6676
chr3	130246657	130349656	103000	4	0	103000	63563	39437	8560	3258	4329	5759	4232	2728	3620	4174	4467	1835	3096	2860	4647	2463	2745	4789	4276	2294	388	3326	3640	2343	315	3273	2722	1884	284	2434	4116	3050	333	4758
chr3	130349657	130395565	45909	5	0	45909	28571	17338	3725	1417	2011	2572	1878	1287	1582	1844	1981	827	1299	1261	2142	1170	1352	2221	1945	966	186	1604	1561	851	121	1408	1264	835	100	1129	1821	1289	155	2103
chr3	130395566	130449655	54090	5	0	54090	32405	21685	4023	1610	2271	2871	2123	1518	2139	2126	2395	1018	1751	1581	2234	1205	1373	2166	2220	1179	229	1724	1918	1402	195	1922	1525	1085	149	1391	2242	1771	235	2497
chr3	130449656	130877655	428000	6	0	428000	261616	166384	35345	13190	18029	23027	16863	11733	15937	16398	17956	7605	13030	12038	19427	10223	11852	18962	17313	9429	1728	14281	14769	9704	1767	13970	11569	8573	1414	11237	17280	12504	1485	19360
chr3	130877656	131166655	289000	7	0	289000	180009	108991	25205	9412	12260	16193	11552	7612	10439	10950	11869	4997	8074	7947	14444	7455	8385	13214	11982	6348	1127	10018	9603	5906	941	8982	7661	5270	838	7427	11308	7908	940	12731
chr3	131166656	131274641	107986	6	0	107986	65800	42186	8455	3266	4611	5585	4188	3087	4171	4311	4599	2036	3301	3001	4674	2578	3053	4883	4565	2413	389	3600	3806	2382	271	3572	3067	2031	253	2899	4319	3204	349	5065
chr3	131274642	131274801	160	8	0	160	70	90	21	1	2	2	3	3	11	1	3	6	11	1	0	2	2	0	2	1	2	7	4	5	8	5	8	10	8	8	4	7	4	6
chr3	131274802	131274814	13	6	0	13	3	10	0	0	0	0	0	1	0	0	0	0	0	0	0	0	0	0	0	1	0	0	1	0	1	1	1	2	3	0	0	0	0	0
chr3	131274815	131274888	74	8	0	74	41	33	8	2	1	3	2	1	2	1	1	3	4	3	3	2	4	1	2	4	1	1	2	2	1	4	0	2	0	2	2	2	2	4
chr3	131274889	131303655	28767	6	0	28767	17682	11085	2315	925	1192	1493	1213	808	1079	1202	1190	548	859	869	1207	684	819	1278	1285	656	77	946	1005	574	66	931	781	546	45	706	1231	800	68	1367
chr3	131303656	131448655	145000	5	0	145000	85815	59185	10742	4247	5991	7115	5718	4258	5871	5442	5923	2670	4977	4043	5713	3188	3911	6004	5776	3513	495	4579	5482	3875	529	5326	4219	3145	466	4166	5812	4679	444	6679
chr3	131448656	131570655	122000	6	0	122000	74691	47309	9876	3706	5286	6433	4614	3384	4523	4715	5003	2222	3772	3365	5808	3054	3527	5403	4886	2738	498	4244	4216	2733	390	4052	3317	2383	303	3185	4816	3538	381	5627
chr3	131570656	131700922	130267	7	0	130267	79476	50791	9981	3932	5692	6936	5298	3552	4803	5081	5554	2477	4110	3688	5708	3119	3894	5651	5141	3041	421	4477	4601	2825	339	4455	3585	2445	263	3367	5407	3909	315	6198
chr3	131700923	131700970	48	6	0	48	26	22	2	2	2	0	1	0	1	8	3	2	1	2	0	1	1	0	3	1	0	1	3	1	0	2	0	0	0	2	3	4	0	0
chr3	131700971	131869655	168685	7	0	168685	103690	64995	13363	4996	7331	9111	6667	4743	6217	6650	7183	3040	5351	4782	7588	4034	4621	8011	7007	3591	560	5655	5632	3644	445	5647	4597	3208	340	4313	7041	4925	485	7905
chr3	131869656	131964655	95000	8	0	95000	58178	36822	7455	2963	3949	5138	3692	2752	3480	3785	3986	1681	3046	2707	4372	2239	2541	4392	4094	2052	373	3115	3207	2191	345	3057	2573	1715	266	2412	3835	2841	312	4432
chr3	131964656	132132655	168000	7	0	168000	102700	65300	13281	5234	7358	8828	6834	4456	6168	6718	7304	3173	5307	4733	7282	3805	4632	7585	6990	3722	553	5403	5776	3956	448	5655	4594	2994	358	4334	6816	5163	465	8073
chr3	132132656	132222655	90000	6	0	90000	54574	35426	6533	2693	3817	4697	3533	2482	3483	3649	3777	1639	2919	2547	3897	2114	2522	4271	3627	2056	274	2971	3294	2050	224	3007	2555	1802	205	2478	3671	2667	259	4285
chr3	132222656	132732655	510000	5	0	510000	313727	196273	43685	16041	21369	27873	19965	13671	18973	18713	20425	8948	15126	13871	24892	12957	14319	22897	20689	11338	2156	17434	17184	11070	2195	16583	13439	10414	1883	13518	20010	14210	1898	22252
chr3	132732656	133162655	430000	6	0	430000	261438	168562	33302	13203	17979	22691	17233	12224	16104	17246	17948	8081	13411	12033	18692	10102	12068	19120	18169	9753	1662	14026	15378	9855	1272	14197	11930	8278	1147	11421	17330	12816	1409	19918
chr3	133162656	133266655	104000	5	0	104000	62990	41010	7995	3307	4475	5326	4164	2819	4044	4087	4419	1971	3293	2900	4525	2412	2926	4327	4268	2374	391	3475	3706	2310	329	3534	2886	2011	262	2879	4253	3184	296	4850
chr3	133266656	133337655	71000	4	0	71000	42212	28788	5353	2161	2980	3446	2770	2141	2892	2733	2898	1421	2252	1980	2919	1614	1966	2685	2981	1724	324	2308	2684	1812	239	2446	2026	1463	210	2019	2845	2182	207	3317
chr3	133337656	133417655	80000	3	0	80000	44901	35099	5097	2191	3211	3256	2909	2560	3657	2828	3025	1606	3200	2057	2724	1742	2095	2741	3206	2057	341	2496	3206	2830	354	3401	2497	2074	271	2478	3045	2830	224	3789
chr3	133417656	133531655	114000	2	0	114000	63901	50099	7554	3208	4486	4730	4264	3789	5308	3821	4275	2353	4410	2977	3885	2311	2848	3682	4359	2983	593	3726	4753	3450	656	4670	3558	3201	558	3575	4512	3894	529	5080
chr3	133531656	133677655	146000	3	0	146000	85592	60408	11760	4290	5801	6876	5524	4368	6092	4842	5343	2705	5088	3876	6101	3484	3833	5608	5599	3595	756	4897	5451	3684	925	5384	4167	3789	873	4275	5609	4376	769	6258
chr3	133677656	133937655	260000	4	0	260000	144054	115946	16459	6982	10181	10443	9076	8811	12478	9405	9703	5475	9781	6533	8827	5297	6141	8461	10569	6642	1248	8107	10931	9108	1547	10786	8375	7655	1362	8124	9895	8967	1065	11564
chr3	133937656	134093655	156000	3	0	156000	81776	74224	8357	4024	6189	5161	5301	5666	8177	5202	5773	3517	6647	3649	4300	2612	3366	3834	5965	4318	820	4716	7212	6317	1095	7383	5207	5363	869	5371	5962	6009	708	6908
chr3	134093656	134250593	156938	2	0	156938	95356	61582	13230	4863	6569	7962	6063	4459	6134	5681	6348	2889	4951	4269	6982	3930	4320	6704	6498	3603	697	5343	5571	3571	557	5291	4201	3174	502	4117	6068	4642	524	7223
chr3	134250595	134250644	50	2	0	50	5	45	0	1	0	0	1	0	1	0	0	0	2	0	0	0	0	0	0	0	0	1	1	8	11	1	1	11	6	1	0	2	0	0
chr3	134250646	134258657	8012	2	0	8012	4337	3675	575	230	301	310	296	263	352	253	270	160	316	187	275	161	148	240	335	198	60	221	306	254	130	319	235	305	125	252	288	251	69	325
chr3	134258658	134431657	173000	1	0	173000	93498	79502	10563	4390	6914	6483	6091	5812	8524	5773	6534	3522	7077	4201	5162	3281	3796	5373	6518	4378	824	5285	7651	6481	1242	7589	5711	5646	1131	5712	6320	6458	831	7725
chr3	134431658	134530657	99000	2	0	99000	58930	40070	8167	3067	4104	4848	3859	2898	4035	3565	4021	1851	3087	2609	4140	2222	2562	3894	4103	2326	466	3143	3643	2561	495	3412	2832	2266	440	2814	3779	2958	413	4418
chr3	134530658	134646657	116000	3	0	116000	65907	50093	7957	3215	4659	5063	4250	3660	5349	4326	4549	2295	4232	2984	4138	2413	2830	3985	4625	2817	485	3656	4768	3656	507	4633	3719	3081	443	3643	4473	4010	439	5138
chr3	134646658	134737657	91000	4	0	91000	50940	40060	5620	2483	3715	3721	3393	3067	4241	3464	3590	1877	3458	2340	2937	1828	2126	3079	3813	2237	403	2802	3847	2974	417	3623	2924	2481	363	2910	3581	3168	311	4205
chr3	134737658	134825657	88000	5	0	88000	48174	39826	5291	2304	3488	3429	3094	2986	4244	3182	3424	1855	3457	2185	2703	1719	2118	2694	3504	2265	399	2697	3749	3186	526	3799	2889	2525	462	2904	3364	3284	365	3907
chr3	134825658	134942657	117000	6	0	117000	62635	54365	6150	2954	4805	4121	3993	4195	6046	4381	4497	2485	4856	2973	3389	2021	2521	3247	4641	3013	499	3502	5376	4484	529	5307	4100	3676	408	4018	4497	4523	390	5401
chr3	134942658	135129657	187000	7	0	187000	104723	82277	11544	4836	7742	7822	6742	6230	8928	7069	7511	3914	7314	4898	6148	3590	4293	6141	7426	4614	763	5766	7747	5974	720	7833	6256	4993	626	5921	7540	6693	647	8757
chr3	135129658	135434657	305000	8	0	305000	177585	127415	20795	8668	12709	14281	11707	9316	13103	12164	12674	6047	10832	8398	11277	6426	7760	11427	12555	7136	1119	9647	11905	8462	1023	11420	9471	7011	781	8933	12359	10201	987	14404
chr3	135439658	135531657	92000	8	0	92000	54462	37538	6629	2642	3773	4621	3636	2652	3874	3540	3747	1779	3169	2578	3653	2018	2398	3753	3767	2056	307	2961	3413	2362	310	3391	2772	2019	244	2661	3750	3037	285	4201
chr3	135531658	135584657	53000	7	0	53000	30813	22187	3443	1480	2285	2480	1977	1561	2333	2067	2213	1093	1875	1391	2055	1188	1353	2018	2187	1248	192	1695	2093	1450	156	2060	1560	1228	134	1611	2099	1833	160	2480
chr3	135610658	135722657	112000	7	0	112000	66330	45670	8005	3362	4678	5377	4444	3474	4562	4470	4603	2180	3680	3120	4371	2528	2966	4509	4857	2680	352	3655	4353	2913	304	4024	3200	2436	245	3067	4540	3565	339	5139
chr3	135722658	135826657	104000	6	0	104000	59447	44553	6835	2974	4439	4481	4011	3065	4749	3864	4327	2170	3842	2899	3555	2065	2654	3516	4043	2592	367	3272	4255	3071	340	4212	3161	2538	266	3197	4230	3677	328	5003
chr3	135826658	135934657	108000	5	0	108000	64360	43640	8047	3165	4526	5406	4166	3085	4289	4238	4480	1964	3664	3010	4451	2551	3004	4314	4302	2568	346	3549	4118	2749	323	3937	3064	2360	271	2933	4294	3450	310	5064
chr3	135934658	136076657	142000	4	0	142000	86927	55073	11899	4446	5984	7461	5559	3788	5298	5295	5937	2562	4443	3925	6395	3590	4013	6330	5837	3198	558	4793	4912	3098	555	4740	3654	2743	503	3614	5537	4266	474	6591
chr3	136076658	136360657	284000	3	0	284000	165969	118031	23387	8424	10959	13112	10899	8677	11997	9681	10483	5203	9901	7442	11112	6798	7352	10540	11052	7215	1445	9390	11144	7117	1653	10530	8239	7444	1583	8190	10819	8668	1443	12099
chr3	136360658	136704657	344000	4	0	344000	211817	132183	31328	10689	13224	18716	13547	9811	13052	11993	12793	5924	10779	9250	16289	9204	9396	15821	14135	7754	1623	12116	11831	6669	1579	10939	9019	7506	1519	8746	13418	9089	1588	14651
chr3	136704658	136877657	173000	3	0	173000	99040	73960	14057	4818	6272	7975	6524	5571	7431	5530	6033	3247	6509	4584	6508	3752	4329	5899	6410	4363	1011	5604	6966	4696	1436	6509	5056	5188	1337	5009	6624	5360	972	7418
chr3	136877658	137021657	144000	4	0	144000	85522	58478	11651	4503	5629	7007	5658	4397	5947	5088	5545	2642	4751	3877	5936	3367	3833	5690	5940	3488	667	4814	5533	3471	658	5039	4062	3401	603	3986	5555	4342	596	6322
chr3	137021658	137132657	111000	5	0	111000	64477	46523	7901	3204	4614	5045	4175	3438	4743	4185	4521	2200	4007	2997	4167	2408	2796	4075	4542	2652	474	3582	4304	3166	425	4249	3276	2594	373	3161	4420	3732	404	5168
chr3	137132658	137214657	82000	6	0	82000	49271	32729	6724	2401	3517	4261	3225	2231	3189	3049	3542	1481	2751	2282	3413	1780	2201	3222	3127	1828	336	2602	2917	2058	325	2874	2350	1741	265	2250	3301	2547	276	3932
chr3	137214658	137321657	107000	7	0	107000	65024	41976	8283	3343	4536	5666	4338	3011	4030	4228	4570	1947	3483	2965	4637	2356	2968	4663	4501	2351	378	3427	3823	2451	233	3713	2941	2078	234	2881	4342	3340	285	4996
chr3	137321658	137838657	517000	8	0	517000	313718	203282	41480	16014	22117	27311	20878	14070	19478	19925	22435	9734	16066	14334	22127	11802	14039	21906	21280	11668	2025	16647	18404	12466	1869	17262	14163	9825	1672	13432	20504	16042	1664	24359
chr3	137838658	137933657	95000	7	0	95000	57096	37904	7376	2862	4184	4823	4010	2658	3666	3588	4155	1792	3041	2782	3703	2064	2450	3941	3879	2254	320	2923	3548	2313	322	3268	2662	1866	251	2527	3833	3018	297	4622
chr3	137933658	138014657	81000	6	0	81000	48510	32490	6012	2494	3214	4156	3263	2354	3214	3163	3289	1538	2522	2237	3312	1885	2183	3672	3408	1980	311	2572	3060	2066	279	2857	2352	1679	227	2112	3175	2537	283	3592
chr3	138014658	138117657	103000	5	0	103000	57832	45168	6631	2839	4100	4240	3706	3449	4831	3717	3997	2102	3883	2699	3476	2182	2570	3410	4051	2708	450	3363	4371	3217	528	4114	3199	2711	447	3327	4081	3594	425	4580
chr3	138117658	138692657	575000	4	0	575000	332359	242641	43625	16563	22775	26082	21501	17588	25011	19621	21729	10959	20308	15071	22189	13263	14997	21075	22169	14317	2752	19135	22552	16091	3370	21978	16721	15495	3053	16941	22279	18088	2663	25037
chr3	138692658	138831657	139000	3	0	139000	82091	56909	11929	3870	4895	6863	5154	4327	5748	4636	4571	2498	5049	3639	5903	3373	3688	5946	5278	3448	692	4651	5320	3279	900	5024	3878	3834	800	4048	5390	3962	748	5657
chr3	138831658	138910657	79000	2	0	79000	42575	36425	6009	1960	2625	3046	2937	2779	3943	2112	2412	1507	3499	1924	2282	1549	1859	2132	2647	2151	479	2518	3555	2324	805	3437	2595	3038	780	2752	2974	2609	540	3219
chr3	138910658	139021657	111000	3	0	111000	59579	51421	7394	2816	4052	4277	3890	3736	5261	3483	3910	2267	4442	2776	3346	2147	2485	3296	4205	2762	725	3274	4688	4050	1313	4670	3511	3877	1276	3674	3966	4033	774	4622
chr3	139021658	139098657	77000	4	0	77000	47042	29958	6537	2382	2986	4245	3295	1990	2852	2943	3080	1402	2391	2193	3237	1759	2144	3604	3092	1716	269	2456	2786	1758	307	2500	2204	1542	291	1971	2998	2335	287	3446
chr3	139098658	139303657	205000	5	0	205000	115443	89557	13003	5617	8059	8556	7499	6620	9785	7454	7788	4194	7656	5377	6945	4035	4994	7860	8370	4981	805	6310	8602	6774	838	8470	6488	5742	660	6502	7898	7187	717	9212
chr3	139303658	139590657	287000	6	0	287000	165618	121382	19704	8105	11786	13089	10661	8841	12719	10647	11603	5523	10267	7788	10717	6293	7290	10584	11452	6929	1187	9194	11420	8407	1171	11074	8639	7178	1010	8539	11357	9557	1012	13255
chr3	139614658	140030657	416000	6	0	416000	240825	175175	27655	11671	17253	19079	15771	12890	18086	16080	16666	8299	15052	11083	15566	9081	10845	15748	17236	9824	1604	13275	16207	11625	1440	16298	12836	10222	1239	12267	16548	13899	1257	19396
chr3	140030658	140189657	159000	7	0	159000	91650	67350	9999	4401	6720	7275	6022	4854	7052	6241	6440	3212	5776	4373	5934	3380	4187	5783	6376	3742	557	5172	6245	4624	507	6194	5035	3780	358	4957	6512	5424	454	7412
chr3	140189658	140350657	161000	8	0	161000	93084	67916	10402	4507	6853	7182	5868	5041	7196	6342	6610	3222	5764	4237	6064	3565	4195	6034	6711	3778	555	5291	6222	4528	479	6362	4962	3821	393	4980	6552	5464	443	7375
chr3	140350658	140492657	142000	7	0	142000	81595	60405	9189	3997	5882	6272	5209	4675	6449	5509	5670	2882	5101	3695	5271	3105	3506	5182	5910	3494	633	4622	5595	4076	468	5569	4561	3441	370	4318	5776	4697	445	6429
chr3	140492658	140678657	186000	6	0	186000	109746	76254	13468	5570	7737	9000	7551	5500	7724	7139	7711	3649	6222	5151	7044	4013	4967	7298	7714	4501	679	5838	7221	4874	580	6698	5481	4057	479	5399	7499	5941	578	8715
chr3	140678658	140806657	128000	5	0	128000	75084	52916	8976	3658	5335	6041	4854	3761	5451	5107	5329	2494	4581	3411	4851	2814	3252	5169	5210	3064	428	4024	4998	3512	348	4795	3785	2885	306	3744	5180	4191	388	6056
chr3	140806658	140946657	140000	4	0	140000	82930	57070	10360	4186	5894	6810	5640	4069	5573	5250	5710	2608	4793	3914	5540	3150	3779	5653	5715	3348	513	4437	5248	3693	560	5040	4008	3089	429	3964	5561	4411	456	6597
chr3	140946658	141262657	316000	3	0	316000	179583	136417	21600	9063	12571	13855	11785	9963	14345	11307	12149	6274	11161	8125	11554	6708	7851	11271	12666	7845	1589	9908	12875	9859	1760	12417	9781	8693	1517	9797	12078	10514	1311	13806
chr3	141262658	141752657	490000	2	0	490000	286917	203083	37691	14471	20268	22988	18338	14550	20518	17527	19539	9457	16963	12651	19850	11132	12481	18491	19427	11646	2386	16151	18381	13170	2620	18342	14107	12141	2294	13808	19018	15556	2106	21930
chr3	141752658	142224657	472000	3	0	472000	277217	194783	38878	13761	17913	22517	17759	14641	19703	15857	16920	8509	16704	12449	19512	11242	12156	18695	18413	11346	2468	15926	17954	11828	3016	16887	13367	12611	2836	13548	18225	13900	2342	20115
chr3	142224658	142281657	57000	2	0	57000	32994	24006	4496	1662	2251	2656	2319	1733	2364	1849	2171	1093	2066	1520	2078	1223	1463	2048	2166	1436	294	1815	2283	1539	371	2108	1605	1535	347	1657	2211	1791	284	2564
chr3	142281658	142705657	424000	3	0	424000	263456	160544	37762	13063	17151	23907	16441	11249	15339	15623	16745	7037	12666	11735	20935	10945	12011	20847	16774	9276	1777	14467	14390	8356	1743	13467	10921	8714	1562	10913	16567	11610	1686	18319
chr3	142705658	142935657	230000	4	0	230000	140846	89154	19889	7172	9466	12397	8789	6416	8595	8356	9169	4059	7154	6083	11077	5580	6182	10461	9414	5021	1014	7778	7914	5039	1076	7518	6079	4923	982	5930	8749	6564	982	10170
chr3	142935658	143075657	140000	5	0	140000	84593	55407	11983	4322	5855	7409	5431	3900	5262	4944	5584	2495	4237	3585	6573	3565	3660	5786	5721	3030	757	4774	4666	3453	951	4588	3829	3157	841	3739	5321	4018	649	5913
chr3	143075658	143163657	88000	6	0	88000	49382	38618	6250	2487	3477	3811	3250	2760	3973	3120	3408	1728	3255	2164	3116	1817	2051	2713	3351	2241	471	2729	3546	2795	758	3332	2843	2498	670	2829	3363	2897	429	3866
chr3	143163658	143274657	111000	7	0	111000	64768	46232	7877	3256	4809	5093	4221	3287	4626	4239	4522	2192	3907	2925	4415	2458	2836	4105	4419	2626	504	3644	4272	3103	463	4109	3264	2643	367	3270	4417	3575	400	5154
chr3	143274658	143859657	585000	8	0	585000	355622	229378	45370	17681	25181	31195	22776	16155	22402	22585	24910	10709	18684	16131	26372	13487	16162	25821	23669	12772	2194	19397	20468	13471	1762	20122	16194	11752	1419	15723	23587	17827	1833	27187
chr3	143859658	144313657	454000	7	0	454000	284994	169006	39741	14229	19551	26384	18438	11797	15877	17537	19462	7901	13108	12476	22265	11207	12744	22275	18832	9434	1599	15269	14568	8814	1330	13859	11972	7880	1213	11289	18277	12443	1364	20863
chr3	144313658	144513657	2e+05	6	0	2e+05	128064	71936	17652	6286	8328	12442	8052	5059	6763	8047	8574	3417	5517	5637	10430	5116	5753	10990	8642	3883	631	6722	6136	3326	495	5617	5000	3191	412	4735	8143	5175	540	9287
chr3	144513658	144646657	133000	7	0	133000	86094	46906	12199	4157	5689	8528	5455	3285	4209	5459	5808	2173	3529	3772	7110	3421	3790	7509	5681	2546	423	4386	3952	2172	268	3649	3326	1959	223	3038	5449	3364	326	6143
chr3	144646658	145070145	423488	8	0	423488	274451	149037	38465	13164	17387	27573	17234	10492	13465	17461	17928	7009	10966	11890	22963	11052	12013	25388	18328	8093	1382	13914	12415	7113	1037	11424	10625	6318	964	9631	17284	10465	1181	18862
chr3	145070146	145071937	1792	8	0	1792	1225	567	197	71	72	128	84	42	49	76	73	30	30	54	113	40	47	118	86	27	7	63	44	18	4	32	46	18	3	31	75	35	6	71
chr3	145073032	145078539	5508	8	0	5508	3349	2159	430	163	234	312	226	154	211	209	236	96	171	142	247	126	158	233	215	113	22	188	201	134	18	170	166	127	8	151	219	149	12	265
chr3	145078541	145078645	105	8	0	105	73	32	15	3	0	6	1	2	6	4	4	4	1	7	5	1	5	7	7	1	2	0	2	0	0	2	1	0	0	1	3	3	0	10
chr3	145078651	145078880	230	8	0	230	155	75	17	4	7	15	8	3	4	17	8	2	1	17	10	5	15	20	10	1	0	3	10	2	0	4	6	6	0	4	6	7	0	16
chr3	145078881	145082613	3733	8	0	3733	2515	1218	359	127	171	256	140	76	118	154	166	71	84	116	248	82	114	232	151	61	3	141	102	44	1	81	76	42	4	74	159	81	6	191
chr3	145082614	145083053	440	8	0	440	296	144	46	13	20	31	20	9	12	11	14	4	12	19	31	14	20	19	11	7	0	22	13	6	0	9	15	4	0	7	13	11	0	25
chr3	145083055	145083089	35	8	0	35	26	9	3	0	0	6	2	0	1	0	3	1	0	1	2	0	3	3	0	0	0	1	2	0	0	0	0	0	0	0	1	1	0	3
chr3	145083091	145083596	506	8	0	506	371	135	61	15	19	52	24	6	9	24	27	3	8	17	37	8	16	43	11	4	0	17	9	5	0	6	17	6	0	5	26	5	0	24
chr3	145083600	145084745	1146	8	0	1146	799	347	125	42	49	93	58	17	26	46	47	9	22	33	77	36	31	86	47	15	2	40	27	13	1	23	30	14	1	23	43	22	4	42
chr3	145084748	145086037	1290	8	0	1290	933	357	174	42	55	110	50	24	23	48	55	18	19	40	101	35	44	94	67	17	5	30	20	13	3	23	23	7	1	15	34	22	3	73
chr3	145086039	145086063	25	8	0	25	15	10	4	3	2	0	5	1	0	0	0	0	0	0	0	0	0	0	4	0	0	0	1	0	0	0	1	1	0	1	0	0	0	0
chr3	145086065	145091202	5138	8	0	5138	3288	1850	455	167	240	282	198	129	156	216	219	91	168	138	271	134	149	274	220	113	11	176	148	86	5	166	122	66	3	117	209	140	13	254
chr3	145091204	145091231	28	8	0	28	20	8	2	2	1	1	2	1	0	1	0	0	1	2	2	0	1	3	0	0	0	3	1	0	0	0	0	0	0	0	2	1	0	0
chr3	145091232	145096102	4871	8	0	4871	3178	1693	432	154	206	310	175	106	165	217	217	69	122	165	278	122	140	298	195	81	13	162	139	84	11	123	124	65	8	115	205	127	8	233
chr3	145096104	145099601	3498	8	0	3498	2327	1171	308	112	147	247	128	75	98	137	136	58	92	85	241	92	127	242	144	67	3	123	102	56	1	92	77	47	3	85	115	81	11	164
chr3	145099602	145100770	1169	8	0	1169	753	416	119	41	42	73	43	31	38	43	47	21	27	28	67	29	29	73	49	27	14	32	30	15	7	29	29	22	9	30	47	17	14	45
chr3	145100771	145103383	2613	8	0	2613	1887	726	317	99	98	228	109	44	55	110	113	34	44	78	203	78	80	195	123	31	9	92	46	20	1	43	42	19	4	27	108	40	6	115
chr3	145103394	145104431	1038	8	0	1038	713	325	89	27	46	82	39	24	30	41	37	17	15	40	79	32	26	87	46	20	3	31	27	7	2	26	24	11	1	18	37	24	6	42
chr3	145104433	145105498	1066	8	0	1066	759	307	123	36	38	93	52	20	27	53	38	8	19	37	76	33	24	81	51	10	0	36	23	5	0	17	39	5	1	17	39	25	1	37
chr3	145105506	145107610	2105	8	0	2105	1421	684	210	88	74	157	107	52	77	62	76	25	41	60	136	60	55	139	104	38	4	79	50	24	5	44	56	28	2	48	88	33	5	76
chr3	145107667	145109212	1546	8	0	1546	1017	529	130	41	68	94	58	37	47	70	71	30	36	50	73	52	54	104	68	26	10	56	42	19	0	33	39	16	1	32	63	33	7	84
chr3	145109213	145110390	1178	8	0	1178	778	400	119	42	49	74	63	31	31	54	47	19	30	40	56	35	35	52	53	30	0	44	31	10	0	33	24	10	0	28	71	25	0	40
chr3	145110392	145110411	20	8	0	20	17	3	5	1	1	3	1	0	0	0	2	0	0	0	1	0	0	1	0	0	0	1	0	0	0	0	0	0	0	0	1	0	0	1
chr3	145110413	145113524	3112	8	0	3112	1776	1336	207	65	144	142	97	93	135	106	120	66	119	88	134	63	91	106	103	78	8	98	115	86	15	145	89	88	13	103	123	109	18	143
chr3	145113528	145114053	526	8	0	526	265	261	26	13	30	14	19	19	19	9	28	12	31	14	10	6	7	7	6	23	8	13	25	30	4	33	11	11	3	7	24	28	0	34
chr3	145114055	145114075	21	8	0	21	10	11	2	0	2	0	1	1	0	0	1	1	0	0	0	0	2	0	0	0	0	2	1	3	0	1	0	0	0	0	0	1	0	1
chr3	145114077	145115748	1672	8	0	1672	864	808	87	43	82	59	58	49	80	37	69	38	76	32	57	27	36	34	44	51	7	55	77	85	15	97	43	63	4	50	59	76	8	72
chr3	145115755	145115813	59	8	0	59	31	28	2	1	2	3	1	2	4	1	1	2	1	1	4	1	4	1	2	1	0	3	2	2	0	3	2	3	0	3	2	2	0	1
chr3	145115815	145116553	739	8	0	739	403	336	37	21	35	27	26	24	29	25	21	11	29	28	36	20	14	20	29	25	4	18	28	32	4	43	20	18	3	21	27	32	5	25
chr3	145116563	145117820	1258	8	0	1258	756	502	74	35	62	63	52	37	52	52	55	21	40	41	53	29	34	56	61	20	2	39	38	19	8	40	35	31	3	47	58	34	3	62
chr3	145117822	145118165	344	8	0	344	246	98	39	8	12	28	10	8	5	20	14	7	7	12	24	5	15	32	13	6	0	9	3	3	0	9	8	3	0	3	19	3	0	17
chr3	145118166	145126125	7960	8	0	7960	5370	2590	811	242	332	595	313	161	222	348	348	130	158	219	509	211	234	536	328	145	29	242	210	110	10	203	186	94	7	170	320	184	20	331
chr3	145126134	145130350	4217	8	0	4217	2840	1377	393	125	180	309	186	90	146	185	197	73	105	124	231	121	108	266	196	48	9	156	79	28	6	87	109	45	6	107	223	79	9	189
chr3	145130352	145131434	1083	8	0	1083	804	279	137	32	47	110	46	15	24	41	40	8	13	33	104	42	21	89	44	9	6	38	16	11	1	12	26	7	1	14	40	13	0	41
chr3	145131440	145133655	2216	8	0	2216	1581	635	262	80	83	178	82	44	47	103	100	22	42	57	160	67	69	184	101	30	8	73	40	15	3	39	55	14	4	31	80	38	5	98
chr3	145133656	145144041	10386	8	0	10386	6980	3406	1033	339	372	826	422	241	289	435	442	144	243	297	672	271	301	652	443	156	59	337	273	119	32	217	242	138	38	225	429	228	43	426
chr3	145144042	145146561	2520	8	0	2520	1741	779	274	67	94	209	91	54	68	110	112	40	57	52	166	83	76	187	108	48	9	79	50	18	3	69	56	29	3	45	109	45	5	102
chr3	145146564	145146616	53	8	0	53	36	17	3	1	2	4	2	2	1	2	1	2	0	2	4	0	1	7	2	2	0	1	2	1	0	2	1	1	0	0	3	1	0	1
chr3	145146617	145149562	2946	8	0	2946	1904	1042	289	82	108	201	112	82	94	101	108	47	75	88	170	74	90	182	125	51	10	99	84	54	12	80	71	63	12	62	109	63	20	126
chr3	145149575	145151333	1759	8	0	1759	1214	545	202	58	69	142	93	24	44	68	71	25	44	47	104	54	49	119	70	34	5	51	35	13	5	40	52	16	0	36	72	30	6	79
chr3	145151334	145223712	72379	8	0	72379	48259	24120	7017	2258	3039	5124	2987	1711	2088	2861	3055	1099	1837	2016	4379	2070	2080	4637	3175	1249	226	2488	1858	984	129	1785	1649	913	142	1514	2965	1610	175	3257
chr3	145223713	145861712	638000	7	0	638000	415212	222788	59686	20057	26293	42016	26090	15474	20045	25623	26860	10479	16644	17606	35416	16583	18234	38105	27559	11851	2043	21141	18516	10524	1511	17241	15645	9579	1288	14300	25512	15839	1704	28534
chr3	145861713	146019712	158000	6	0	158000	101175	56825	14254	4973	6566	9904	6383	3955	5185	6366	6906	2621	4336	4473	8153	3953	4465	8681	6724	3046	560	5172	4833	2782	433	4484	3932	2441	352	3729	6399	4263	507	7167
chr3	146019713	146293712	274000	5	0	274000	174891	99109	25156	8871	11228	16983	10968	6897	9125	10952	11469	4621	7266	7655	14645	7240	7655	14160	11911	5389	1065	9264	8477	4997	1014	7605	6652	4554	821	6347	10902	7151	900	12058
chr3	146293713	146509712	216000	6	0	216000	134176	81824	18178	6711	9086	12505	8703	5479	7759	8286	9135	3890	6415	5976	10463	5286	6042	10261	8857	4657	742	7110	7338	4771	695	6844	5567	3956	545	5326	8465	6264	664	10022
chr3	146509713	146669712	160000	7	0	160000	103280	56720	14717	4844	6628	10366	6438	4065	5106	6411	6626	2659	4216	4292	8773	4280	4530	9327	6822	3155	537	5334	4767	2752	444	4458	4115	2486	376	3681	6316	4028	441	7008
chr3	146669713	146842712	173000	8	0	173000	113202	59798	16508	5488	7190	11686	7012	4166	5240	7024	7496	2778	4415	4759	9857	4466	4944	10171	7359	3228	603	5708	4936	2693	451	4514	4204	2493	403	3758	6943	4180	515	7810
chr3	146842713	147193712	351000	9	0	351000	226479	124521	32257	11114	14820	22248	14254	8862	11065	14216	15158	5681	9445	9905	18770	9123	10195	19365	14981	6943	1165	11691	10641	5902	817	9562	8599	5277	712	8042	14176	8800	982	16230
chr3	147193713	147261712	68000	8	0	68000	44576	23424	6502	2179	2700	4506	2626	1634	2109	2806	2871	1061	1671	1894	3888	1811	2037	4280	2895	1264	240	2286	1890	1052	190	1761	1682	1006	188	1472	2708	1571	220	2998
chr3	147261713	148083712	822000	9	0	822000	523994	298006	75683	25703	34604	51363	33287	20824	26774	31500	34923	13448	22675	22200	43460	21026	23183	43339	34533	16013	3237	27218	24688	15449	2874	23771	20966	13805	2711	19494	32199	21515	2780	36753
chr3	148083713	148595712	512000	8	0	512000	328172	183828	46116	16366	21728	31850	21038	13029	16410	20462	21771	8689	13849	14439	27136	12810	14871	27607	21816	10290	1681	17106	15709	9173	1187	14577	12743	7924	1089	11784	20671	13259	1427	23391
chr3	148595713	148742712	147000	7	0	147000	93506	53494	13202	4625	6211	8992	5860	3705	4969	5843	6330	2453	3960	4062	7638	3791	4215	7649	6161	2870	569	4974	4576	2681	427	4280	3851	2398	348	3553	5789	4015	454	6547
chr3	148742713	148882712	140000	6	0	140000	87155	52845	12078	4347	6001	7981	5666	3791	5018	5337	5933	2491	4179	3953	6730	3310	3853	6485	5785	2886	544	4724	4673	2780	432	4311	3628	2588	367	3571	5726	3942	443	6445
chr3	148882713	149029712	147000	5	0	147000	88504	58496	11981	4443	6089	7528	5673	4208	5812	5316	5959	2744	4778	3922	6429	3365	3924	6332	5939	3245	681	4895	5112	3369	773	5003	4137	3257	567	4114	5821	4386	605	6591
chr3	149029713	149219712	190000	4	0	190000	116899	73101	16980	5719	7697	10618	7176	5275	7006	6755	7465	3283	5784	5124	9393	4859	5273	8491	7487	4142	892	6616	6379	4015	1029	6022	5016	4050	911	4885	7329	5238	852	8237
chr3	149219713	149509712	290000	3	0	290000	174168	115832	22751	8866	12150	14808	11290	8297	11408	10836	12036	5445	9574	7671	12498	6651	7624	12263	11742	6663	1169	9685	10416	7127	1204	10202	8003	6271	902	7720	11670	8888	1019	13149
chr3	149509713	150014712	505000	4	0	505000	307461	197539	43407	15424	20958	26581	19774	14047	19132	18494	20233	8861	15613	13552	22955	12753	13651	22025	20443	11327	2169	17145	17833	11194	2354	16760	13614	10970	2048	13422	19557	14650	2025	22027
chr3	150014713	150124712	110000	3	0	110000	65481	44519	8348	3296	4679	5472	4349	3225	4366	4181	4595	2051	3754	2945	4503	2507	2817	4391	4515	2538	497	3530	4021	2868	388	3941	3185	2310	320	3061	4400	3502	359	5084
chr3	150124713	150358712	234000	2	0	234000	141349	92651	18567	7146	10002	12272	9373	6470	9057	8817	9939	4247	7526	6306	10108	5396	6181	9941	9541	5127	940	7651	8317	5782	830	7992	6514	4787	728	6423	9346	7226	746	10700
chr3	150358713	150372712	14000	1	0	14000	8535	5465	1044	420	518	764	516	417	559	540	524	243	442	406	662	385	373	720	607	339	54	465	471	316	64	471	357	292	40	373	597	375	60	584
chr3	150390713	150532712	142000	1	0	142000	88668	53332	13000	4397	5817	8211	5606	3660	4957	5180	5638	2376	4091	3752	7182	3787	4064	6949	5725	3042	562	4890	4631	2959	686	4349	3576	2841	586	3627	5471	3783	540	6063
chr3	150532713	150820764	288052	2	0	288052	170279	117773	23306	8590	11520	14295	11070	8598	11607	9783	10860	5278	9700	7609	12474	6803	7518	11267	11322	6845	1439	9663	10600	7353	1780	10381	8025	7237	1628	8052	11111	8680	1407	12249
chr3	150820765	150820800	36	2	0	36	5	31	0	0	0	0	0	0	2	0	0	1	1	0	0	0	0	0	0	0	1	0	1	8	7	0	0	6	2	2	1	2	0	0
chr3	150820803	150820812	10	2	0	10	2	8	0	0	0	0	0	1	0	0	0	0	1	0	0	0	0	0	0	1	0	0	1	3	0	1	0	0	0	0	0	0	0	0
chr3	150820813	150863712	42900	2	0	42900	24497	18403	3019	1260	1853	1850	1673	1237	1891	1433	1698	896	1586	1081	1592	904	1118	1406	1642	1032	179	1443	1652	1361	254	1723	1333	1083	160	1278	1607	1513	137	2004
chr3	150863713	151061712	198000	3	0	198000	117691	80309	14684	5695	8372	9850	7468	5945	7926	7528	8410	3756	6632	5512	8039	4423	5193	8256	8038	4589	856	6336	7236	5047	786	7181	5624	4289	664	5353	7969	6325	762	9254
chr3	151061713	151209712	148000	4	0	148000	88070	59930	11800	4568	6082	7368	5550	4402	6003	5335	5905	2742	4769	3789	6563	3503	3906	5784	6069	3475	715	4956	5311	3710	779	5203	4195	3373	737	4200	5715	4445	645	6401
chr3	151209713	151210131	419	5	0	419	247	172	26	16	24	10	14	15	16	17	20	6	11	14	16	12	17	13	19	12	1	16	15	7	0	11	11	10	3	14	17	5	2	27
chr3	151210132	151310711	100580	5	0	100580	60945	39635	8201	3126	4178	5145	3891	3067	3997	3856	4059	1883	3048	2691	4499	2577	2624	4102	4449	2260	519	3425	3478	2213	368	3316	2880	2012	331	2701	4003	2890	384	4405
chr3	151310712	151789711	479000	6	0	479000	300118	178882	41832	15203	20213	27618	19496	12527	16878	18535	20045	8469	13574	13162	23494	11999	13529	23542	20084	10257	1890	15967	15646	9366	1462	14668	12643	8465	1206	11978	19063	13054	1552	21581
chr3	151789712	151967453	177742	5	0	177742	111055	66687	15194	5533	7517	10167	7104	4657	6222	6664	7376	3089	5492	4951	8737	4350	5013	8988	7260	3679	691	5999	5622	3592	587	5605	4617	3272	498	4355	7148	4862	614	8285
chr3	151967454	152012710	45257	5	0	45257	29158	16099	4152	1457	1889	2838	1869	1096	1438	1747	1842	785	1227	1275	2473	1129	1411	2529	1885	877	167	1538	1320	681	124	1319	1142	745	103	1068	1803	1140	146	2040
chr3	152012711	152157710	145000	6	0	145000	92804	52196	13147	4457	6075	9125	5889	3568	4612	5738	6002	2455	4203	3934	7766	3764	4183	7885	5993	2863	462	4926	4517	2611	397	4138	3504	2460	361	3369	5793	3729	432	6640
chr3	152157711	152286710	129000	5	0	129000	82540	46460	11757	4061	5487	7990	5158	3288	4111	5083	5495	2086	3586	3529	6884	3291	3743	6990	5382	2462	499	4383	3834	2232	428	3699	3295	2103	390	3056	5129	3396	383	5788
chr3	152286711	152384710	98000	6	0	98000	63087	34913	9243	3222	4036	6082	3821	2533	3341	3735	3962	1655	2552	2703	5557	2604	2934	5105	4254	1864	420	3476	2754	1548	281	2750	2480	1550	259	2405	3943	2371	326	4232
chr3	152384711	152500710	116000	7	0	116000	74467	41533	10603	3690	4647	7310	4709	2982	3998	4494	4715	1830	3052	3234	6223	3247	3433	6298	5040	2316	436	3958	3374	1898	293	3253	3113	1846	301	2874	4656	2758	372	5045
chr3	152500711	152563710	63000	8	0	63000	39205	23795	5176	1943	2621	3667	2587	1642	2254	2408	2614	1145	1852	1779	3031	1507	1852	3126	2558	1340	200	2139	2062	1341	209	1942	1681	1161	164	1607	2590	1712	197	2891
chr3	152735711	152798710	63000	9	0	63000	40526	22474	5800	1962	2702	4016	2572	1524	1967	2587	2708	1044	1708	1769	3400	1556	1886	3324	2623	1201	208	2054	1861	1098	169	1754	1642	972	154	1508	2524	1611	147	2947
chr3	152798711	152966710	168000	8	0	168000	104987	63013	14497	5105	7272	9648	6615	4522	5855	6292	6939	2877	5053	4579	8472	4350	4761	8149	6800	3548	583	5923	5556	3345	533	5226	4305	3130	479	4136	6623	4637	533	7655
chr3	152966711	153278710	312000	7	0	312000	186635	125365	26315	9114	12062	16444	11858	9203	12316	10794	11913	5507	10663	8271	13848	7163	8228	12935	11933	7214	1512	10328	11291	7185	1889	10797	8686	7739	1806	8630	12261	9024	1555	13514
chr3	153278711	153818710	540000	8	0	540000	340309	199691	47438	16702	22391	31869	21675	14197	18526	21118	22682	9169	15767	15189	26605	13688	15509	27784	22743	11081	2086	17846	17052	10119	1730	16005	14182	9302	1499	13237	21539	14405	1759	25104
chr3	153818711	153924710	106000	7	0	106000	66113	39887	8839	3294	4621	6125	4379	2798	3715	4033	4506	1924	3117	2877	5156	2661	3020	5047	4398	2224	395	3660	3543	2176	314	3208	2778	1835	241	2690	4206	3005	298	4915
chr3	153924711	154222710	298000	6	0	298000	184911	113089	25506	9280	12332	16843	11820	8071	10942	11485	12472	5232	8821	8113	14162	7428	8302	14100	12362	6333	1197	10119	9930	6044	1038	9210	8176	5544	892	7606	11850	8301	1025	13462
chr3	154222711	154421710	199000	7	0	199000	125122	73878	18024	6371	8428	11375	7917	5136	7061	7353	8313	3494	5702	5580	9945	5113	5690	9618	8305	4167	782	6860	6296	3715	640	6153	4917	3506	573	4874	7949	5416	731	8994
chr3	154421711	154670710	249000	8	0	249000	158209	90791	22076	7964	10402	15135	10277	6323	8333	9942	10695	4238	6944	7010	12530	6143	7225	12970	10656	4979	857	8176	7713	4567	671	7205	6461	4009	571	6039	10045	6601	757	11484
chr3	154670711	155212710	542000	7	0	542000	339900	202100	47562	17051	23097	31590	22377	14065	18822	20741	23071	9453	16011	15078	26290	13138	15137	26417	22369	11432	1962	17944	17694	10573	1634	16448	14130	9561	1370	13368	21812	14782	1712	25307
chr3	155212711	155358710	146000	6	0	146000	89366	56634	11937	4365	6126	7949	5939	3943	5429	5679	5959	2651	4516	4076	6541	3438	4001	6816	5941	3381	521	4554	5189	3314	431	4906	4103	2896	354	3841	5757	4249	426	6770
chr3	155358711	155658710	3e+05	5	0	3e+05	181909	118091	24297	9136	12796	15723	12164	8309	11617	11151	12510	5624	9584	8362	12981	6806	8182	12666	12070	6737	1117	9951	10662	6756	981	10203	8445	6167	887	8035	12064	8942	1083	13990
chr3	155658711	156013710	355000	4	0	355000	211742	143258	30011	10647	14005	18000	13704	10459	14216	11919	13244	6193	11974	9481	15703	8470	9505	14210	13667	8594	1625	11883	13097	8247	2088	12593	9973	8859	1842	9897	13561	10325	1679	15327
chr3	156013711	156120710	107000	5	0	107000	63278	43722	8031	3132	4402	5230	4081	3190	4265	4015	4386	1978	3669	2943	4298	2441	2839	4376	4422	2425	488	3407	3947	2700	560	3787	3032	2405	464	3109	4150	3464	490	4872
chr3	156120711	156266710	146000	6	0	146000	87175	58825	11192	4388	6231	7350	5696	4119	5835	5506	6124	2757	4986	3936	6149	3200	3979	5726	5855	3282	590	4736	5283	3558	544	5172	4172	3111	474	4243	5846	4606	472	6880
chr3	156266711	156278710	12000	7	0	12000	7473	4527	1059	365	530	638	500	318	432	464	495	204	339	348	538	319	359	564	521	249	36	400	404	234	30	353	335	221	31	326	454	317	33	582
chr3	156285711	156423710	138000	7	0	138000	82024	55976	10351	4083	5881	6848	5249	4113	5610	5248	5839	2495	4779	3690	5724	3046	3656	5412	5454	3080	570	4632	5011	3376	505	4935	4178	3011	438	3981	5576	4360	489	6378
chr3	156423711	156556710	133000	6	0	133000	80432	52568	10469	4055	5752	6877	5071	3756	5197	5147	5640	2537	4277	3510	5973	3109	3607	5453	5442	2937	557	4521	4591	3070	453	4625	3760	2647	367	3634	5378	4085	447	6054
chr3	156556711	157248710	692000	5	0	692000	420633	271367	56063	21083	29254	36600	26936	19355	26339	26175	28662	12472	21408	18763	31338	16492	19154	30538	28216	15133	2765	23288	24121	15887	2775	23152	19091	14563	2541	18529	27377	20353	2389	31186
chr3	157248711	157369710	121000	6	0	121000	74607	46393	10190	3754	4950	6756	4804	3386	4496	4837	5092	2115	3733	3343	5564	2829	3281	5476	4999	2542	439	4104	4195	2524	378	3815	3349	2403	325	3037	4980	3443	354	5505
chr3	157369711	157880710	511000	7	0	511000	312579	198421	41277	15509	21957	27830	20713	14128	19142	19902	21810	9332	15677	14307	22774	11823	13912	22485	21045	11013	1826	16908	17897	11349	1493	16835	14117	9974	1379	13458	20826	15238	1576	23486
chr3	157903711	157996710	93000	7	0	93000	57648	35352	7819	2863	3977	5191	3877	2608	3304	3855	3874	1655	2724	2639	4279	2316	2440	4225	4060	2077	334	2971	3212	1895	244	2870	2568	1655	182	2391	3804	2594	282	4213
chr3	157996711	158155710	159000	6	0	159000	98800	60200	13972	4999	6605	9083	6403	4099	5498	6007	6619	2822	4715	4433	7665	3874	4318	7687	6498	3342	768	5186	5089	3203	828	4832	4159	2985	779	3941	6261	4421	729	7178
chr3	158155711	158265710	110000	7	0	110000	71122	38878	10491	3725	4686	6693	4537	2723	3440	4332	4632	1733	2803	3213	5936	2973	3247	5956	4809	2176	461	3708	3337	1807	262	2983	2595	1630	220	2509	4291	2776	337	4977
chr3	158265711	158358710	93000	6	0	93000	60022	32978	8825	2952	3803	5839	3681	2323	3009	3720	3676	1462	2450	2653	5236	2513	2681	5198	3957	1813	317	3163	2804	1530	265	2566	2305	1520	260	2236	3667	2302	294	3978
chr3	158358711	158462710	104000	5	0	104000	67622	36378	9809	3364	4203	6714	4155	2564	3354	4221	4305	1656	2554	2838	5821	2902	3186	5975	4516	2024	353	3593	3008	1665	245	2789	2597	1559	195	2480	4173	2459	285	4436
chr3	158462711	158547710	85000	4	0	85000	54891	30109	7753	2781	3567	5331	3419	2124	2718	3367	3539	1383	2160	2438	4721	2264	2619	4706	3522	1713	302	3015	2528	1399	226	2303	2079	1279	184	2038	3499	2065	248	3708
chr3	158547711	158953710	406000	3	0	406000	243239	162761	31936	12342	16696	20795	15772	11642	15994	14985	16101	7556	13320	10768	17961	9624	10819	16926	16355	9479	1775	13555	14662	10068	1811	14203	11381	8947	1596	11184	15995	12250	1612	17888
chr3	158953711	159105710	152000	4	0	152000	93121	58879	11917	4583	6452	8354	6063	4238	5578	6227	6449	2802	4651	4330	6876	3702	4187	6711	6348	3446	554	4977	5419	3432	396	4930	4161	2746	347	3890	6178	4552	431	7071
chr3	159105711	159239710	134000	5	0	134000	81244	52756	10037	4012	5953	7043	5235	3786	5204	5195	5841	2464	4287	3738	5931	3187	3764	5566	5525	2958	429	4537	4676	3045	371	4578	3651	2635	290	3730	5567	4032	368	6363
chr3	159239711	159847710	608000	6	0	608000	371090	236910	48146	18441	25403	33017	24120	17194	22778	23841	25370	10995	18996	16764	27371	14563	16807	27283	25265	13471	2258	20199	21194	13652	2010	20139	17131	11862	1722	15881	24342	18010	2008	27765
chr3	159847711	159930889	83179	5	0	83179	49689	33490	6339	2439	3522	4151	2996	2496	3508	3155	3501	1568	2716	2150	3615	1893	2246	3392	3460	1787	330	2819	2974	1961	325	2877	2393	1900	235	2494	3330	2489	314	3802
chr3	159930891	159987968	57078	5	0	57078	34279	22799	4348	1665	2290	2957	2172	1670	2286	2230	2281	1097	1934	1612	2459	1279	1586	2411	2379	1241	202	1889	2075	1432	169	1989	1588	1225	148	1537	2316	1767	161	2681
chr3	159987970	160152712	164743	5	0	164743	92233	72510	10910	4770	6684	6764	5987	5440	7641	5590	5895	3361	5942	4203	6336	3489	4206	5015	6118	4740	813	5389	7169	4843	949	7016	4944	5120	891	5115	6427	5272	749	6953
chr3	160152713	160256055	103343	4	0	103343	60451	42892	7550	2980	4162	4992	3997	3022	4314	3906	3988	1999	3575	2887	4148	2209	2642	4079	4054	2415	453	3288	3905	2761	584	3767	3147	2573	501	2995	4133	3268	404	4643
chr3	160256056	160256068	13	4	0	13	7	6	3	1	0	0	0	0	2	0	1	0	0	0	0	0	0	0	0	0	0	1	1	0	0	0	0	1	0	0	0	0	0	1
chr3	160256070	160341711	85642	4	0	85642	54336	31306	7613	2645	3450	5147	3279	2109	2948	3226	3435	1427	2456	2381	4528	2221	2619	4852	3382	1805	297	2918	2740	1663	218	2658	2113	1507	212	2092	3327	2303	265	3804
chr3	160341712	160821711	480000	3	0	480000	295468	184532	41090	14781	19928	26359	18635	13069	17641	17649	19138	8302	14638	13077	23295	12234	13426	22205	19376	10579	1974	16456	16266	10266	2113	15431	12634	9871	1931	12478	18718	13360	1810	21268
chr3	160821712	160940711	119000	2	0	119000	73931	45069	10001	3618	5160	6663	4575	3186	4190	4674	5062	2125	3454	3267	5804	2929	3572	5649	4877	2619	413	3950	3986	2550	305	3911	3059	2152	286	3053	4703	3431	312	5462
chr3	160948712	161046711	98000	2	0	98000	59838	38162	8270	3057	4074	5197	3864	2701	3585	3822	4045	1706	3053	2708	4420	2390	2748	4196	3921	2336	394	3203	3490	2169	347	3316	2668	1956	306	2544	3893	2861	361	4397
chr3	161046712	161499711	453000	1	0	453000	279538	173462	38602	14006	19183	25132	18299	12165	16619	17228	18754	8190	13671	12370	21268	10897	12632	20521	18646	9796	1578	15238	15393	9691	1503	14579	12165	8727	1334	11826	18107	12951	1465	20462
chr3	161499712	161546711	47000	2	0	47000	29226	17774	3613	1375	1784	2838	1800	1385	1531	1791	1912	730	1418	1455	2286	1272	1272	2762	2032	1018	201	1511	1521	1352	150	1533	1078	737	170	955	1876	1449	185	2006
chr3	161546712	161593711	47000	3	0	47000	29548	17452	4165	1418	2025	2792	1873	1261	1680	1790	1995	813	1384	1333	2366	1125	1276	2251	1960	923	171	1563	1478	888	136	1440	1270	802	100	1196	1896	1329	133	2166
chr3	161593712	161699711	106000	4	0	106000	67682	38318	9621	3372	4617	6427	4378	2692	3536	4046	4572	1848	3007	2993	5466	2513	3077	5516	4411	2095	319	3601	3249	1872	213	3127	2704	1638	188	2480	4288	2856	248	5028
chr3	161699712	161877711	178000	5	0	178000	112298	65702	15130	5496	7655	10512	7176	4576	6096	7042	7534	3144	4973	5078	8954	4489	5097	9344	7478	3754	604	5869	5598	3549	450	5497	4696	2896	353	4229	7119	4895	489	8226
chr3	161877712	162127711	250000	6	0	250000	161208	88792	23372	7847	10589	15948	10443	6131	7903	10000	10460	4179	6708	6938	13481	6380	7268	13560	10560	4684	813	8480	7457	4372	595	6900	6403	3928	470	5844	10057	6340	644	11244
chr3	162127712	162326711	199000	7	0	199000	128933	70067	18109	6167	8326	12721	8055	4939	6273	8175	8442	3280	5158	5505	10717	5354	5758	11953	8605	3748	681	6706	5774	3376	490	5354	5070	2973	366	4537	7993	4897	579	8917
chr3	162326712	162381711	55000	6	0	55000	35911	19089	5307	1808	2307	3640	2347	1330	1705	2279	2335	857	1336	1484	3073	1420	1571	3111	2388	1019	167	1841	1605	842	118	1434	1398	854	95	1315	2269	1284	130	2329
chr3	162381712	162464711	83000	7	0	83000	54152	28848	8160	2767	3488	5420	3494	1883	2545	3256	3644	1332	2144	2331	4538	2082	2398	4668	3496	1600	282	2686	2418	1312	199	2216	1995	1170	214	1809	3269	2063	255	3864
chr3	162464712	162717711	253000	6	0	253000	162581	90419	23084	7923	10325	16179	10210	6250	8212	9613	10389	4277	6831	6966	13827	6302	7301	14890	10442	5015	978	8317	7578	4590	787	7235	6349	4113	652	5900	9916	6472	857	11218
chr3	162717712	163171711	454000	7	0	454000	297764	156236	43657	14479	18479	30657	18929	11087	14027	18149	19055	7269	11096	12830	25631	11952	12933	27534	19901	8572	1466	14848	13005	7225	978	11820	10969	6518	864	9819	18317	10713	1172	20047
chr3	163171712	163358711	187000	8	0	187000	122918	64082	17955	6173	7602	12635	7926	4410	5656	7586	7975	3077	4559	5214	10510	4900	5363	11375	8281	3517	650	6112	5351	2846	429	4730	4428	2486	370	4056	7518	4507	519	8282
chr3	163358712	164104711	746000	7	0	746000	487308	258692	71642	23540	30385	49518	30225	18434	22847	29635	31026	11940	18875	20524	42191	19597	21513	45415	32171	14185	2430	24725	21630	12386	1879	20073	17947	11126	1591	16183	29393	18271	2062	32639
chr3	164104712	164656711	552000	6	0	552000	358915	193085	51666	17484	22451	36426	22513	13584	17587	21916	22944	8871	14290	15493	30905	14369	15710	32704	23630	10645	1779	18254	16258	9111	1393	14951	13530	8512	1116	12308	22182	13445	1446	24525
chr3	164656712	165123711	467000	7	0	467000	310191	156809	45607	14720	19096	33040	19024	10692	13516	18869	19714	7249	11594	13100	28118	12667	13488	29695	20007	8327	1527	15467	12696	6632	1148	11626	10643	6161	975	9943	18755	10982	1262	20658
chr3	165123712	166230711	1107000	8	0	1107000	720236	386764	104465	34723	45719	73009	45016	26769	34487	43918	46943	17653	28882	31146	61493	29264	31905	64842	46963	21074	3861	36511	32328	17926	2907	29872	26858	16441	2526	24873	44041	27592	3254	49737
chr3	166230712	166416711	186000	7	0	186000	122543	63457	17845	5870	7552	12663	7503	4477	5692	7679	7858	2931	4521	5278	10724	5067	5410	11471	8150	3359	648	6188	5187	2759	379	4655	4407	2591	407	4139	7607	4271	516	8194
chr3	166416712	166528711	112000	6	0	112000	72612	39388	10608	3507	4719	7264	4580	2777	3582	4303	4780	1788	2907	3072	6130	2948	3093	6553	4835	2081	395	3710	3265	1896	321	3045	2739	1750	285	2518	4403	2800	317	5027
chr3	166528712	166664711	136000	7	0	136000	89233	46767	12996	4290	5607	9253	5605	3212	4144	5439	5768	2219	3461	3874	7778	3585	3979	8022	5821	2504	439	4542	3903	2093	300	3524	3226	1907	263	2922	5450	3316	353	6203
chr3	166664712	166924711	260000	6	0	260000	168516	91484	24259	8206	10807	16862	10625	6393	8176	10481	10995	4242	6815	7304	14255	6847	7360	14888	11099	5102	867	8620	7658	4413	694	7024	6479	3809	571	5791	10439	6464	730	11723
chr3	166924712	167024711	1e+05	7	0	1e+05	63285	36715	8929	3077	4071	6139	3981	2496	3383	3806	4124	1651	3029	2837	5183	2383	2832	5362	4071	1983	362	3191	3138	2014	351	2988	2546	1771	262	2397	3911	2723	267	4740
chr3	167024712	167459711	435000	8	0	435000	276263	158737	37666	13523	18549	26672	17628	10949	14404	17251	18699	7495	11960	12245	22415	11037	12662	23106	18055	8930	1597	14422	13583	8194	1255	12834	11017	7101	963	10387	17577	11641	1249	19932
chr3	167459712	167858711	399000	9	0	399000	254188	144812	35911	12653	16988	24288	16132	10244	13406	15558	17067	6685	10990	10928	20730	10289	11562	20755	16897	7975	1495	13504	12295	7036	1048	11606	10213	6604	858	9611	15936	10370	1139	18225
chr3	167858712	168290711	432000	8	0	432000	270907	161093	36988	13297	18461	25095	16991	11311	15017	16570	18388	7434	12816	12116	21474	10977	12232	21739	17978	8780	1721	14539	13560	8703	1376	13301	11049	7466	1237	10628	17303	11991	1402	20058
chr3	168290712	168294711	4000	9	0	4000	2459	1541	334	116	177	211	156	98	141	160	167	67	123	112	181	104	114	197	161	87	13	124	139	96	14	129	112	75	12	109	142	120	13	194
chr3	168294712	168606711	312000	8	0	312000	200098	111902	28040	9858	13126	19557	12503	8019	10360	12381	13402	5124	8588	8829	16636	8097	8941	16636	13258	6148	1016	10676	9431	5286	710	9051	7689	4915	619	7159	12884	8129	801	14129
chr3	168606712	168726711	120000	7	0	120000	76749	43251	10631	3711	5111	7410	4692	3161	4003	4843	5112	2049	3246	3451	6427	2948	3456	6496	5054	2326	408	4081	3713	2146	260	3425	3041	1879	203	2857	4891	3193	321	5453
chr3	168726712	168833711	107000	6	0	107000	68289	38711	9899	3349	4523	6443	4437	2648	3593	4206	4628	1801	2842	3122	5249	2720	3074	5753	4608	2096	352	3462	3299	1961	276	3063	2685	1690	264	2561	4292	2852	304	4946
chr3	168833712	169033711	2e+05	5	0	2e+05	128532	71468	18129	6257	8631	12457	8047	5118	6354	7950	8739	3388	5561	5370	10559	5116	5700	11154	8542	3901	694	6742	5949	3368	479	5783	4896	3081	417	4558	8082	5229	584	9163
chr3	169033712	169180711	147000	6	0	147000	94064	52936	13430	4565	6322	9184	5858	3765	4703	5791	6209	2552	3983	4070	8004	3763	4100	7765	6135	2917	611	4982	4417	2577	493	4219	3693	2278	392	3407	5872	3935	506	6500
chr3	169180712	169398711	218000	7	0	218000	137709	80291	19035	6927	9371	12976	8680	5787	7262	8768	9335	3739	6212	5961	11260	5307	6258	10829	9112	4437	855	7356	6796	4030	619	6520	5671	3728	531	5388	8918	5770	721	9839
chr3	169398712	169539711	141000	6	0	141000	87782	53218	12205	4412	6179	7973	5721	3720	4973	5345	6090	2488	4216	3934	6753	3305	3929	6538	5800	2952	564	4609	4686	2810	425	4406	3640	2593	351	3654	5633	3972	494	6628
chr3	169539712	169675711	136000	5	0	136000	81382	54618	10911	4165	5685	7026	5264	3978	5182	5025	5629	2454	4441	3541	5983	3075	3621	5401	5574	3072	610	4415	4750	3532	728	4593	3803	2994	722	3759	5322	4005	576	6162
chr3	169675712	169678711	3000	4	0	3000	1750	1250	197	110	127	123	115	95	139	109	118	61	96	73	127	62	96	101	135	71	13	110	104	77	9	110	89	72	2	109	130	80	10	128
chr3	169736712	169917711	181000	4	0	181000	107462	73538	14760	5294	6972	9210	6653	5428	7340	6246	6964	3195	6103	4700	7858	4261	4729	7748	6985	4275	947	5971	6541	4465	1188	6359	5207	4441	1102	5094	6934	5372	936	7720
chr3	169917712	170236711	319000	3	0	319000	190802	128198	27132	9428	12492	16163	11868	9424	12627	10979	11804	5698	10775	8447	14412	7919	8388	13245	12394	7435	1631	11009	11462	7376	1999	11012	8606	7738	1879	8932	12436	9300	1659	13329
chr3	170419712	170445711	26000	3	0	26000	14682	11318	1948	734	1050	1145	993	832	1114	882	1031	492	1003	676	905	499	599	777	973	650	156	778	1063	812	193	1012	741	763	167	807	1044	855	134	1170
chr3	170445712	170479999	34288	4	0	34288	20071	14217	2688	994	1327	1676	1272	1091	1416	1284	1353	596	1225	899	1371	731	848	1298	1353	784	189	1086	1314	957	167	1230	1045	859	169	991	1351	1068	145	1509
chr3	170480000	170555710	75711	4	0	75711	43279	32432	4974	2106	3054	3299	2827	2424	3360	2831	2889	1534	2818	2105	2742	1613	1938	2763	2997	1862	381	2437	3034	2017	387	2975	2418	1976	321	2281	2993	2558	317	3478
chr3	170555711	170695710	140000	5	0	140000	81176	58824	9724	4054	5860	6506	5422	4205	5979	5263	5652	2841	4920	3860	5345	2956	3640	4947	5524	3405	581	4546	5543	3846	636	5274	4161	3445	520	4070	5641	4603	519	6510
chr3	170695711	170773710	78000	6	0	78000	46587	31413	5906	2246	3392	3865	3037	2205	3113	3116	3314	1496	2780	2165	3152	1727	1990	3082	3105	1746	253	2570	2878	1870	229	2769	2200	1645	199	2194	3288	2485	239	3742
chr3	170773711	170833710	60000	5	0	60000	35528	24472	4421	1847	2547	2921	2339	1733	2378	2184	2502	1154	2031	1551	2474	1417	1655	2374	2452	1444	262	1993	2232	1607	234	2236	1604	1322	207	1639	2346	1938	211	2743
chr3	170833711	171050710	217000	6	0	217000	132768	84232	18214	6923	8826	11550	8860	5952	7910	8077	8682	3839	6647	6011	9757	5308	6046	10164	8932	4938	960	7192	7522	4900	945	7008	5878	4244	819	5715	8468	6293	904	9514
chr3	171050711	171493710	443000	7	0	443000	267378	175622	35103	13376	18682	22846	16892	12682	17387	17027	18318	8215	14030	12020	19695	10581	12127	18395	17985	9999	1932	14938	15658	10247	1694	15120	12606	9296	1417	12147	17740	13177	1645	20021
chr3	171493711	171549121	55411	6	0	55411	33049	22362	4022	1584	2271	2817	2170	1642	2207	2065	2219	1046	1846	1540	2283	1330	1514	2492	2289	1252	235	1826	2086	1326	235	1927	1542	1293	184	1515	2167	1704	210	2570
chr3	171549122	171753709	204588	6	0	204588	124959	79629	17032	6111	8499	11121	7869	5673	7678	7772	8543	3630	6302	5571	9319	4922	5599	9318	8285	4377	964	6709	6993	4503	896	6712	5611	4256	774	5501	8102	5968	820	9156
chr3	171753710	172304709	551000	5	0	551000	331938	219062	45403	16876	23016	28350	21257	16071	21306	19825	22384	10041	17849	14640	24601	13340	14814	22165	22590	12353	2681	18704	19101	12713	2741	18891	15172	12077	2354	14769	21596	16304	2393	24621
chr3	172304710	172395709	91000	4	0	91000	54396	36604	7431	2841	3784	4428	3404	2695	3659	3327	3623	1714	2931	2407	4025	2150	2511	3464	3699	2138	458	3105	3229	2079	427	3248	2544	2113	368	2521	3614	2653	397	4011
chr3	172395710	172547709	152000	3	0	152000	91453	60547	12413	4710	6069	7913	6106	4465	5915	5612	6133	2774	5033	4165	6453	3550	3895	6246	6238	3473	738	5050	5509	3521	689	5072	4295	3192	627	4036	6055	4605	692	6754
chr3	172547710	172689709	142000	2	0	142000	82887	59113	10853	4222	5643	6659	5455	4290	5964	5173	5359	2666	5020	3796	5710	3198	3656	5222	5550	3436	726	4664	5464	3696	731	5196	4298	3594	736	4180	5570	4361	667	6243
chr3	172689710	172844709	155000	3	0	155000	96170	58830	13935	4805	6380	8751	5975	4263	5502	5331	6002	2646	4797	4200	7959	3900	4495	7228	6116	3367	733	5398	4940	3023	773	4960	3948	3211	669	4046	6068	4094	713	6770
chr3	172844710	172930709	86000	4	0	86000	52699	33301	6989	2524	3719	4781	3433	2377	3205	3292	3619	1497	2682	2368	3972	2050	2355	3835	3456	1820	305	2867	2928	1824	308	2799	2414	1754	283	2376	3509	2461	276	3920
chr3	172930710	173014709	84000	5	0	84000	52766	31234	7167	2593	3643	5048	3362	2058	2934	3185	3600	1438	2531	2312	4322	2069	2440	4063	3319	1756	319	2764	2674	1651	228	2575	2201	1459	212	2194	3345	2262	259	4015
chr3	173014710	173104709	90000	6	0	90000	57770	32230	8409	2747	3852	5669	3617	2241	2932	3636	3904	1482	2345	2567	4748	2268	2580	4772	3739	1773	296	2930	2743	1564	257	2537	2361	1444	193	2094	3583	2319	248	4148
chr3	173104710	173218709	114000	7	0	114000	71451	42549	9568	3539	4992	6654	4595	2944	3931	4526	4941	1951	3320	3175	5649	2891	3259	5515	4745	2375	392	3814	3660	2304	297	3566	3052	1941	228	2787	4539	3208	305	5335
chr3	173218710	173463709	245000	8	0	245000	155299	89701	21710	7616	10419	14659	9880	6337	8011	9503	10350	4045	7117	6913	12464	6151	6960	13163	10269	4924	975	7981	7486	4622	840	7217	6328	4081	711	5842	9649	6538	770	11467
chr3	173463710	173780709	317000	9	0	317000	205008	111992	28736	10040	13469	20269	12620	7934	9970	12826	13827	5110	8330	8877	17331	8455	9339	17874	13484	6040	1199	10816	9112	5140	796	8865	7824	4746	735	7090	12930	7987	890	14337
chr3	173780710	174164709	384000	8	0	384000	249031	134969	35363	11832	16118	25033	14995	9778	12058	15268	16184	6191	10381	10746	21803	10184	11357	21738	16237	7052	1495	13201	10796	5994	1003	10661	9430	6032	832	8734	15636	9376	1172	17318
chr3	174164710	174259709	95000	7	0	95000	60473	34527	8545	2894	3960	5928	3771	2421	3213	3599	3991	1595	2655	2668	5020	2449	2854	4909	3919	1856	344	3240	2804	1714	318	2766	2492	1600	283	2281	3790	2431	293	4395
chr3	174265710	174343709	78000	7	0	78000	50394	27606	7040	2424	3292	4885	3206	1873	2477	3200	3392	1347	2154	2300	4002	2040	2308	4452	3285	1439	307	2653	2299	1231	170	2103	1883	1158	126	1759	3289	1975	213	3716
chr3	174343710	174721709	378000	6	0	378000	242883	135117	34879	11900	15701	23659	14973	9349	12242	14968	15885	6202	10235	10563	20401	10043	11006	20876	15894	7455	1374	12770	11274	6437	1191	10692	9280	6111	1005	8748	15084	9591	1236	16974
chr3	174721710	174990709	269000	5	0	269000	172805	96195	24171	8469	11017	16879	10979	6784	8582	10801	11080	4430	7178	7569	14306	7189	8035	15335	11417	5407	998	9050	8280	4439	751	7522	6727	4420	649	6277	10722	6726	846	11963
chr3	174990710	175223709	233000	4	0	233000	151103	81897	21307	7437	9508	15115	9336	5786	7334	9504	9685	3817	5885	6568	13039	6203	6753	13825	10049	4404	943	7846	6623	3882	753	6279	5848	3538	513	5263	9441	5713	709	10092
chr3	175223710	175239200	15491	5	0	15491	10281	5210	1518	522	660	1078	614	358	448	608	661	224	367	425	985	411	439	961	685	264	56	511	410	225	52	404	369	226	27	304	565	376	41	695
chr3	175239202	175418213	179012	5	0	179012	116652	62360	16923	5695	7252	11912	7232	4564	5542	7220	7498	2830	4519	4920	10129	4939	5152	10324	7904	3385	711	6028	5086	2803	516	4717	4414	2593	453	3982	7155	4341	534	7737
chr3	175418215	175780711	362497	5	0	362497	235734	126763	33219	11303	14974	23579	14448	8832	11192	14603	15106	6036	9511	10293	20304	9915	10848	21569	15597	6806	1421	12262	10120	5768	1007	9828	8690	5335	891	8092	14668	8814	1121	16343
chr3	175787712	176145711	358000	5	0	358000	229853	128147	32530	11039	15163	22566	14533	8676	11557	14378	15464	6099	9772	10189	18771	9084	10255	19776	14784	6991	1279	11844	10780	6361	983	10034	8895	5724	775	8172	14685	9082	1061	16696
chr3	176145712	176320711	175000	6	0	175000	114412	60588	16260	5458	7285	11534	7124	4092	5409	7002	7491	2693	4575	5053	9662	4533	4945	11295	7286	3269	583	5638	4982	2748	440	4667	4206	2555	399	4002	7152	4265	488	7907
chr3	176320712	176439711	119000	5	0	119000	75998	43002	11017	3708	4997	7295	4911	3054	3830	4603	4951	1987	3264	3338	6138	3048	3378	6478	4946	2370	476	4006	3615	2160	394	3368	3010	1954	313	2849	4827	3052	415	5246
chr3	176439712	176448487	8776	6	0	8776	5596	3180	824	279	349	533	348	231	267	360	330	127	236	228	483	260	283	457	375	181	35	306	268	157	34	248	245	167	32	210	318	202	31	370
chr3	176448488	176448522	35	5	0	35	22	13	2	0	0	2	1	3	0	5	1	0	0	0	0	2	1	5	3	1	0	1	3	0	0	0	1	1	0	0	0	1	0	0
chr3	176448523	176824258	375736	6	0	375736	235015	140721	31956	11573	16308	21678	15180	9683	13070	14661	16511	6715	11079	10674	17869	9174	10864	18019	15632	7873	1377	12263	12040	7460	1113	11737	9763	6400	832	9251	15159	10617	1133	18070
chr3	176824259	176824393	135	8	0	135	60	75	8	3	1	4	2	5	5	4	3	3	6	1	3	4	6	1	3	6	3	3	8	7	5	6	2	9	4	5	3	4	1	5
chr3	176824394	177055711	231318	6	0	231318	140820	90498	18849	7099	9575	12365	9320	6599	8780	8754	9383	4213	7131	6285	10337	5732	6275	10122	9736	5173	1015	7719	8242	5225	876	7480	6412	4727	734	6147	9063	6698	835	10415
chr3	177055712	177135711	80000	5	0	80000	50180	29820	7103	2657	3295	4521	3156	2191	2804	2888	3222	1394	2230	2222	4094	2184	2327	3891	3393	1688	411	2933	2524	1466	351	2381	1974	1468	294	1868	3148	2100	346	3474
chr3	177135712	177196711	61000	4	0	61000	36031	24969	5241	1921	2261	2969	2337	1901	2469	1997	2127	1051	2068	1571	2687	1608	1582	2241	2331	1530	410	2210	2292	1405	467	2077	1706	1591	417	1714	2373	1715	350	2379
chr3	177196712	177373711	177000	3	0	177000	99533	77467	13220	4857	6395	7783	6608	5908	7633	5465	6018	3196	7093	4498	6409	3877	4515	6057	6446	4611	1083	5698	7143	4930	1705	6921	5287	5667	1546	5624	6738	5491	1184	7392
chr3	177373712	177575711	202000	4	0	202000	118639	83361	15087	5905	8058	10038	7700	6034	8340	7485	8063	3822	7106	5319	8238	4462	5258	7724	7978	4636	1030	6579	7536	5236	1064	7258	6058	4883	933	5858	7986	6338	919	9067
chr3	177575712	177774711	199000	5	0	199000	119789	79211	15647	6150	8408	10271	8023	5816	7646	7472	8370	3647	6534	5492	8435	4413	5347	8117	8101	4569	889	6467	7062	4542	797	6784	5730	4074	636	5516	8064	6001	810	9168
chr3	177774712	177928711	154000	6	0	154000	94260	59740	12679	4571	6520	8488	6073	4247	5817	5749	6518	2802	4915	4216	6989	3539	4271	6865	6141	3280	635	5103	5165	3373	582	4997	4343	3060	462	4147	6237	4404	535	7275
chr3	177928712	178438711	510000	7	0	510000	326450	183550	45855	15744	21692	31666	20492	12798	16836	20263	22034	8542	14116	14570	26576	13070	14609	27585	21498	9969	1839	16848	15317	8902	1326	14665	12925	7980	1052	11967	20649	13359	1481	23773
chr3	178438712	178821711	383000	8	0	383000	236317	146683	30395	11648	16392	20804	15166	10564	13979	15186	16034	7001	11933	10781	17644	9051	10624	19115	15817	8173	1494	12780	12967	8164	991	12320	10546	6976	827	9877	15565	11129	1104	17951
chr3	178821712	178949711	128000	7	0	128000	79044	48956	10669	4049	5383	7062	5353	3539	4576	5221	5608	2270	3745	3640	5534	3052	3483	5859	5454	2854	445	4157	4571	2750	329	3981	3356	2272	314	3210	5308	3755	360	5839
chr3	178949712	179051711	102000	6	0	102000	62127	39873	8510	3151	4279	5332	4050	2736	3985	3719	4239	1960	3146	2853	4473	2445	2789	4459	4110	2357	436	3389	3542	2391	396	3408	2742	1982	281	2640	4096	3007	333	4762
chr3	179051712	179722711	671000	5	0	671000	402686	268314	56824	20047	26336	34671	25584	19419	25970	23518	25544	12072	22131	17964	29925	16339	17962	28378	26660	15270	3447	22500	23627	15748	4288	22705	18195	15889	3872	18402	26009	19461	3449	28792
chr3	179722712	179849711	127000	6	0	127000	74589	52411	9773	3834	4973	6040	4802	3866	5326	4482	4845	2360	4415	3502	5200	2910	3355	4905	5055	3081	647	4186	4724	3272	710	4637	3687	3143	586	3560	5010	3847	579	5686
chr3	179849712	179937711	88000	7	0	88000	54847	33153	7415	2695	3783	5025	3460	2382	3178	3334	3673	1552	2625	2449	4370	2184	2476	4244	3608	1788	367	3050	2872	1666	277	2740	2320	1639	228	2299	3554	2462	308	3975
chr3	179937712	180335711	398000	8	0	398000	247893	150107	33409	12255	17252	22496	15750	10632	14037	15725	17092	7068	11881	10904	19161	9712	11160	19359	16394	8364	1470	13439	13150	8111	1190	12339	10676	7068	1017	9943	15924	11248	1163	18609
chr3	180335712	180791711	456000	9	0	456000	287405	168595	40131	14494	19144	26650	18304	11859	15584	17986	19245	7793	12926	12966	22738	11548	13294	22742	19166	9593	1646	15289	14745	8816	1293	13596	11714	7647	1116	11043	18107	12394	1409	21020
chr3	180791712	181027711	236000	8	0	236000	145099	90901	21380	7324	9481	13102	9311	6481	8754	8307	9283	4020	7147	6312	11313	6015	6411	10457	9334	5366	1143	7997	8243	4862	1130	7611	6159	5099	1044	6150	9117	6518	1091	10036
chr3	181027712	181365711	338000	9	0	338000	211122	126878	28611	10663	14337	19336	13609	8988	11882	13233	14192	5863	9917	9355	16534	8428	9566	16606	14225	7233	1160	11324	11211	6795	954	10517	8920	5949	838	8425	13357	9500	1034	15436
chr3	181365712	181537711	172000	8	0	172000	109569	62431	15545	5295	7306	10438	7002	4291	5675	6953	7234	2940	4716	4685	8803	4448	4815	9422	7165	3535	632	5643	5395	3244	454	5005	4468	2819	328	4167	6893	4501	484	7697
chr3	181537712	181645711	108000	7	0	108000	68554	39446	9984	3439	4514	6426	4241	2787	3660	4304	4488	1855	2986	2968	5648	2791	3171	5290	4603	2169	423	3677	3252	1964	301	3200	2767	1842	284	2667	4370	2742	398	4787
chr3	181645712	181727711	82000	6	0	82000	48729	33271	7036	2440	3344	4361	3157	2229	2925	2677	3319	1387	2702	2070	3669	1876	2095	3442	3104	1812	494	2521	2763	2424	738	2796	2213	1982	751	2194	2908	2503	511	3555
chr3	181727712	181958711	231000	5	0	231000	136165	94835	19519	6593	8917	11298	8758	7084	9337	7772	8450	4123	8414	6022	9600	5332	5900	9046	8782	5536	1231	7582	8513	5636	1494	8478	6519	6193	1271	6589	9137	6755	1198	9919
chr3	181958712	182238711	280000	6	0	280000	173497	106503	23674	8631	12173	15559	11278	7964	9864	10951	11875	4916	8544	7751	13210	6664	7579	12863	11742	6015	1091	9328	9359	5754	820	8757	7536	5129	716	7169	11420	7793	967	12906
chr3	182238712	182330711	92000	7	0	92000	56142	35858	7523	2919	3985	4904	3694	2663	3372	3457	4035	1625	2884	2465	4080	2127	2579	3828	3799	2027	384	3125	3117	2093	295	3097	2509	1767	233	2403	3761	2715	338	4195
chr3	182330712	182516711	186000	6	0	186000	115876	70124	16053	5771	7982	10553	7564	4990	6514	7070	7798	3193	5444	5156	8944	4715	5272	8857	7725	3961	743	6239	6143	3669	592	5816	5054	3369	526	4695	7216	5221	691	8462
chr3	182516712	182621711	105000	5	0	105000	65495	39505	9107	3248	4427	6024	4161	2883	3681	4206	4476	1839	3128	2847	5062	2559	2920	4927	4428	2225	399	3476	3403	2173	331	3174	2829	1826	285	2664	4271	2858	319	4842
chr3	182621712	182879711	258000	4	0	258000	158159	99841	22284	7833	10430	14057	9956	7136	9556	9188	10243	4475	8066	6893	12123	6440	7187	12290	10352	5688	1191	8653	8760	5631	1285	8426	6852	5459	1100	6767	9872	7324	1088	11393
chr3	182879712	183016711	137000	3	0	137000	83249	53751	12067	4239	5376	7384	5268	3810	5257	4742	5157	2328	4319	3675	6574	3462	3695	5895	5295	3042	674	4827	4659	3106	806	4552	3768	3123	765	3654	5356	3852	657	5614
chr3	183019712	183065711	46000	3	0	46000	27245	18755	3918	1388	1756	2250	1717	1404	1929	1611	1700	853	1492	1210	1978	1097	1182	1759	1805	1139	264	1534	1729	1048	296	1636	1284	1207	257	1300	1842	1315	209	1889
chr3	183065712	183184711	119000	2	0	119000	66639	52361	8505	3447	4428	4999	4381	3927	5363	3894	4156	2447	4575	2944	4336	2493	2798	3945	4657	3072	746	3839	4790	3791	1013	4651	3579	3446	913	3742	4539	3936	714	4932
chr3	183184712	183797711	613000	3	0	613000	351066	261934	46341	17703	23534	27318	22739	19058	26463	20808	22632	11910	22539	16258	23184	13675	15243	21660	23630	15362	3722	19632	23741	17200	4640	23469	18009	16826	4135	18228	23689	19662	3539	26449
chr3	183797712	183954711	157000	2	0	157000	84342	72658	10089	4144	5652	5816	5364	5532	7913	4736	5375	3267	6526	3811	4873	3273	3637	4333	5745	4300	1210	4961	6726	5116	1518	6785	5141	5412	1390	5373	5933	5317	1122	6608
chr3	183959712	184078711	119000	2	0	119000	65833	53167	8371	3278	4538	4727	4197	4075	5608	3845	4254	2322	4706	2983	4091	2518	2842	3477	4418	3222	768	3785	5017	3551	943	4965	3801	3751	840	3840	4488	3952	721	5104
chr3	184081712	184144711	63000	2	0	63000	34885	28115	4602	1742	2333	2529	2364	2040	2938	1987	2286	1232	2502	1701	1954	1294	1475	1905	2280	1689	389	1950	2744	1864	507	2602	1864	2029	487	1987	2441	2135	437	2709
chr3	184144712	184395711	251000	1	0	251000	121102	129898	11906	5537	8702	6623	7566	9289	13697	7135	7912	5530	11830	5594	5385	4334	5199	4862	8079	7495	1874	7241	12307	12528	3951	12724	8617	11273	3427	9515	8684	10214	2020	9948
chr3	184395712	184750711	355000	2	0	355000	182849	172151	19735	8509	13008	11627	11403	12893	18350	10908	12454	7537	16082	8536	9286	6309	7488	8723	12707	9871	2419	10251	16341	15220	3685	16845	11667	13095	3175	12265	12839	13905	2299	15566
chr3	184750712	185454711	704000	3	0	704000	418745	285255	55669	20948	28248	34799	26499	20559	28071	25306	27656	12833	23768	19122	29840	16939	18919	29568	27996	16551	3728	23004	25399	17115	3911	25044	19574	16487	3453	19614	27466	21316	3252	31344
chr3	185454712	185547711	93000	2	0	93000	52127	40873	6375	2464	3476	3717	3282	2948	4314	3153	3314	1877	3830	2544	3061	1963	2177	3631	3378	2377	549	2948	3808	2666	682	3861	2800	2787	559	2892	3711	3187	572	4095
chr3	185588712	185714711	126000	3	0	126000	71944	54056	9894	3606	4780	5412	4536	4154	5626	3987	4583	2325	4862	3271	4679	2738	3117	4374	4758	3172	738	4155	4961	3500	863	4961	3732	3511	797	3866	4852	4101	684	5403
chr3	185714712	185946711	232000	4	0	232000	133534	98466	18513	6800	8682	10623	8641	7354	10001	7394	8293	4252	8616	5886	9170	5464	5847	7997	8845	5917	1353	7755	9068	6154	1799	8741	6661	6551	1641	6933	8816	7139	1375	9717
chr3	185946712	185957623	10912	5	0	10912	6245	4667	861	288	421	505	413	325	472	358	372	215	392	284	428	255	259	395	396	250	68	369	418	315	94	414	345	325	87	323	409	351	65	438
chr3	185957624	186059710	102087	5	0	102087	58240	43847	7300	2886	4051	4632	3874	3177	4339	3461	3858	1882	3897	2692	3837	2286	2553	3514	3821	2620	548	3242	4149	2952	672	4003	3021	2853	571	3065	3860	3350	589	4530
chr3	186059711	186204710	145000	6	0	145000	81055	63945	9777	4193	5963	5818	5209	4926	6483	4851	5751	2876	5526	3771	5014	2923	3598	4374	5762	3745	835	4576	5859	4591	1034	5883	4282	4116	907	4431	5567	4915	762	6680
chr3	186204711	186486710	282000	7	0	282000	158603	123397	18428	7904	11212	11883	10234	9238	12745	10182	10953	5745	10936	7328	9813	5831	6821	9349	10916	7098	1601	9103	11574	8677	1735	11164	8807	7682	1449	8628	11102	9693	1349	12818
chr3	186486711	186627710	141000	6	0	141000	80312	60688	9889	3972	5738	6062	5154	4498	6217	4971	5542	2726	5351	3763	5076	3031	3513	4807	5523	3434	731	4539	5505	4070	889	5501	4245	3734	758	4377	5567	4727	686	6402
chr3	186627711	186941374	313664	5	0	313664	176649	137015	22238	8725	12016	13389	11267	10226	13798	10633	11609	6224	12112	8141	11254	6788	7515	10713	11858	8190	1905	10011	12518	9278	2675	12435	9516	9056	2317	9169	12032	10383	1845	13826
chr3	186941376	186958711	17336	5	0	17336	9621	7715	1175	477	676	685	629	631	787	581	647	347	710	468	562	314	414	518	690	450	105	524	720	483	135	732	536	520	99	547	682	615	91	784
chr3	186958712	187236711	278000	6	0	278000	158103	119897	19187	7754	11395	11913	10268	8692	12381	9564	11032	5602	10529	7546	9762	5957	7072	9449	10541	7023	1469	8972	11003	8161	1641	11091	8289	7242	1314	8441	11072	9471	1292	12873
chr3	187236712	187472711	236000	7	0	236000	138000	98000	16881	6721	10085	11035	8942	6989	9816	8922	9791	4698	8619	6379	9108	5074	6079	8859	9396	5502	1013	7571	9062	6329	983	8711	6814	5583	780	6769	9398	7671	870	11548
chr3	187472712	187582711	110000	6	0	110000	66788	43212	8926	3346	4682	5829	4360	3048	4264	4146	4655	2070	3635	3044	4842	2475	2858	4607	4438	2437	458	3606	3874	2501	368	3738	3016	2182	296	2893	4491	3361	350	5202
chr3	187582712	187668711	86000	5	0	86000	51537	34463	6246	2526	3833	4198	3403	2440	3369	3324	3649	1730	3028	2395	3504	1915	2363	3612	3511	1913	291	2896	3001	2008	228	3137	2414	1720	176	2366	3610	2733	265	4194
chr3	187668712	187757711	89000	4	0	89000	49418	39582	5780	2514	3723	3491	3190	2868	3899	2894	3555	1846	3627	2199	2983	1760	2212	2875	3438	2255	540	2756	3477	2937	741	3621	2664	2493	648	2785	3272	3091	565	4299
chr3	187757712	188235711	478000	3	0	478000	277082	200918	33457	13798	20277	21556	18133	14861	20305	17419	19574	9533	17561	12883	17923	10245	12348	17208	18928	11479	2298	15732	18106	12711	2181	18405	14203	11457	1873	13993	19481	15756	1954	22360
chr3	188235712	188331711	96000	4	0	96000	57445	38555	7615	2865	4210	4654	3610	2986	3709	3450	4090	1855	3488	2511	4030	2153	2484	3733	3985	2140	547	3187	3273	2168	400	3337	2622	1957	339	2656	3875	2913	444	4712
chr3	188331712	188424711	93000	5	0	93000	56574	36426	7430	2946	4006	4802	3594	2703	3458	3576	3952	1709	3015	2488	4207	2257	2550	3880	3928	2049	510	3128	3109	1981	371	3015	2599	1794	311	2466	3695	2652	398	4419
chr3	188424712	188710711	286000	6	0	286000	176970	109030	23217	9071	12123	15587	11250	8058	10127	11182	12162	5240	8785	8018	13369	7119	8125	13537	12253	6140	1373	9721	9153	5589	1018	9084	7492	5006	882	7112	11718	8109	1135	13243
chr3	188710712	188819711	109000	5	0	109000	67998	41002	8996	3357	4588	6021	4188	3113	3831	4345	4650	1917	3205	3093	5130	2731	3092	5739	4690	2161	511	3756	3487	2095	396	3285	2908	1885	290	2673	4392	3122	349	5002
chr3	188819712	188884292	64581	4	0	64581	39250	25331	5092	1902	2735	3399	2452	1777	2470	2495	2703	1275	2126	1785	2880	1532	1759	2867	2667	1345	295	2179	2180	1347	288	2118	1764	1343	242	1673	2583	1899	287	3120
chr3	188884293	189239710	355418	4	0	355418	213241	142177	27086	10583	15282	17803	13837	10060	13861	13471	15017	6663	11967	9960	14813	8401	9600	14836	14512	7898	1638	11659	12623	8342	1307	12362	9861	7350	1235	9782	14233	11044	1424	16906
chr3	189239711	189347710	108000	3	0	108000	66288	41712	8750	3277	4861	5739	4192	2938	3921	4215	4753	1996	3410	3075	4933	2457	2961	4809	4354	2303	442	3569	3622	2337	352	3572	2890	2006	249	2781	4400	3237	367	5230
chr3	189347711	189459710	112000	4	0	112000	70890	41110	9914	3417	4718	6728	4445	2899	3839	4272	4783	1958	3228	3133	5635	2921	3134	5865	4681	2249	489	3776	3506	2112	346	3283	2780	1832	284	2670	4488	3054	369	5190
chr3	189459711	189519710	60000	5	0	60000	37636	22364	5043	1818	2684	3489	2380	1701	2059	2291	2660	1031	1768	1563	2951	1505	1729	2963	2547	1210	225	2072	1834	1149	166	1837	1602	999	139	1560	2448	1628	176	2771
chr3	189521711	189924710	403000	5	0	403000	253183	149817	34969	12577	17330	23198	15942	10451	13795	15410	17307	7034	11786	11185	19856	10315	11750	20277	16556	8349	1762	13709	12572	7630	1295	12597	10206	6893	1078	9857	16264	11222	1327	18499
chr3	189924711	190020710	96000	6	0	96000	58592	37408	7767	2917	4089	5119	3615	2778	3502	3693	4124	1795	3056	2621	4385	2245	2684	4200	3952	2063	516	3204	3206	1975	437	3117	2576	1889	336	2541	3854	2808	465	4469
chr3	190020711	190119710	99000	7	0	99000	61841	37159	8596	2953	4210	5771	3808	2682	3477	3805	4233	1772	2976	2806	4893	2437	2736	4686	4025	2031	412	3376	3159	1859	379	3093	2490	1799	315	2433	4098	2801	390	4497
chr3	190119711	190530710	411000	8	0	411000	255849	155151	34315	12486	17392	23672	16107	10959	14456	15531	17370	7129	12447	11489	20073	10277	11498	20646	16718	8513	1824	13796	13162	8180	1677	12724	10694	7609	1508	10311	16479	11441	1553	18962
chr3	190530711	191237710	707000	9	0	707000	446837	260163	62597	22059	29868	42187	28045	18229	23825	27314	30113	12138	20374	19671	35957	17728	19849	36882	29313	14205	3127	23509	21873	13190	2443	21187	17858	12141	2069	16952	28369	19157	2501	32268
chr3	191237711	191596710	359000	8	0	359000	226022	132978	31776	11114	15085	21398	14286	9335	12349	13700	15231	6178	10562	9980	18081	9110	10119	17716	14794	7287	1489	12167	11198	6736	1260	10805	9145	6315	1139	8691	14533	9661	1306	16452
chr3	191596711	191707710	111000	9	0	111000	69317	41683	9652	3295	4690	6500	4289	2924	3832	4249	4611	1887	3226	3060	5586	2765	3132	5617	4514	2303	455	3599	3582	2379	443	3489	2948	2068	360	2758	4250	3143	358	5034
chr3	191707711	192422710	715000	8	0	715000	452404	262596	62851	22041	30173	43207	28564	18594	24188	27673	30849	12388	20489	20195	36008	18004	20521	36659	29872	14241	3038	23874	22022	13006	2240	21340	18013	12006	1920	17101	29112	19355	2398	33056
chr3	192422711	192529710	107000	7	0	107000	65916	41084	8492	3271	4550	5919	4110	3081	3831	4124	4541	1896	3282	2953	5090	2756	3038	4980	4561	2202	540	3701	3428	2161	475	3312	2909	1988	420	2715	4248	3025	425	4974
chr3	192529711	192829710	3e+05	6	0	3e+05	185556	114444	24935	9290	12489	16631	11817	8307	10729	11648	12688	5467	8962	8383	13905	7388	8480	14435	12605	6402	1437	10008	9875	6268	1162	9269	7863	5399	994	7662	12158	8505	1115	13722
chr3	192829711	193054710	225000	5	0	225000	131667	93333	16907	6701	9071	10634	8518	6815	9269	8155	8886	4318	8117	6092	9002	5037	5866	8279	9024	5322	1257	7267	8321	5623	1275	8253	6585	5402	1155	6434	8827	7125	1093	10368
chr3	193054711	193411710	357000	6	0	357000	217930	139070	28074	10841	15175	19252	14078	9929	13440	13982	15156	6703	11337	9842	16034	8380	9962	15744	14861	7787	1534	11671	12097	7572	1237	11816	9923	6887	1015	9631	14549	10475	1218	16796
chr3	193411711	193503710	92000	5	0	92000	56899	35101	7847	2889	3819	5040	3717	2493	3403	3567	3952	1647	2867	2617	4078	2196	2482	4284	3824	1942	408	3051	3032	1775	339	2836	2519	1646	278	2367	3805	2618	343	4317
chr3	193503711	193576710	73000	4	0	73000	43789	29211	5627	2209	2929	3800	2831	2155	2824	2684	2894	1362	2582	1953	3214	1674	2019	3031	2967	1671	312	2450	2622	1676	312	2602	2027	1585	237	1958	2878	2280	289	3344
chr3	193576711	193657710	81000	3	0	81000	50588	30412	7077	2585	3438	4620	3175	2076	2860	2939	3321	1406	2318	2201	4147	2186	2245	3992	3304	1724	437	2788	2584	1524	360	2541	1995	1508	319	2082	3167	2253	376	3450
chr3	193657711	194324172	666462	2	0	666462	365126	301336	42600	17987	26726	26090	23441	22343	31519	22619	25876	14008	26475	16582	21486	12723	15080	19571	25367	16944	4390	20360	27441	22700	5484	28089	21389	20187	4402	21640	25725	23882	3624	29710
chr3	194326523	194733770	407248	2	0	407248	221279	185969	27111	11161	15012	15744	13970	14724	19331	12768	14459	8262	16210	10004	13488	8157	9148	11729	15631	10849	3139	12685	17099	13648	4083	16921	12848	13286	3680	13164	15214	13968	2822	16931
chr3	194733771	195416770	683000	3	0	683000	371512	311488	43796	18137	26203	26212	23335	23811	33287	22415	25456	14537	27368	16945	21761	13221	15258	19768	26569	17450	4888	20799	28628	23527	5815	28782	21872	21305	5002	22545	25779	24470	4067	29990
chr3	195416771	195458801	42031	2	0	42031	24308	17723	3307	1200	1519	1933	1586	1373	1725	1376	1468	793	1519	1117	1598	984	1116	1694	1648	1051	251	1400	1556	1085	354	1595	1223	1176	335	1150	1633	1278	252	1734
chr3	195458814	195458974	161	2	0	161	105	56	13	4	1	9	4	13	5	9	4	1	2	5	6	10	9	9	22	3	0	4	4	0	0	2	4	1	0	3	1	3	0	8
chr3	195458975	195459914	940	2	0	940	579	361	123	28	41	48	24	28	41	23	43	17	32	20	49	15	19	27	28	19	9	32	30	15	4	34	25	19	5	29	33	30	10	38
chr3	195459917	195461019	1103	2	0	1103	698	405	134	29	64	58	51	31	21	41	38	17	21	24	61	31	31	45	44	30	1	33	34	27	5	45	33	23	3	27	33	31	3	32
chr3	195461021	195461138	118	2	0	118	64	54	20	2	1	3	1	4	5	3	3	1	4	1	3	4	6	1	4	3	0	4	5	5	4	4	3	7	1	5	2	3	1	3
chr3	195461140	195461225	86	2	0	86	33	53	0	0	1	0	0	5	8	3	0	4	9	1	1	1	0	0	3	2	0	5	6	2	1	3	5	6	1	4	2	3	2	6
chr3	195461228	195461538	311	2	0	311	149	162	20	6	7	7	10	16	18	5	4	6	21	8	5	6	5	4	7	11	4	12	18	8	4	15	12	17	2	13	12	9	6	11
chr3	195461539	195464061	2523	2	0	2523	1351	1172	160	66	88	90	92	93	129	78	67	50	99	58	84	51	60	84	95	69	16	80	116	75	19	114	102	88	23	101	79	92	22	81
chr3	195464062	195466243	2182	2	0	2182	1126	1056	122	51	70	83	75	81	106	67	61	39	106	58	69	42	39	56	77	57	14	65	116	73	28	98	65	97	28	74	71	88	20	84
chr3	195466244	195473070	6827	2	0	6827	4011	2816	522	200	251	324	250	197	288	265	238	129	228	226	286	165	170	271	275	178	33	205	263	180	38	259	196	151	33	183	266	231	34	290
chr3	195473072	195473094	23	2	0	23	11	12	0	1	1	2	2	0	1	0	2	0	2	0	0	0	0	0	0	0	0	0	0	1	0	2	2	1	0	1	1	1	0	1
chr3	195473096	195473339	244	2	0	244	129	115	20	5	9	7	5	7	15	9	9	3	9	5	7	3	5	9	8	3	1	6	5	3	4	15	20	11	4	9	4	10	3	9
chr3	195473341	195473403	63	2	0	63	38	25	19	0	6	1	0	0	0	1	6	0	4	0	0	0	0	0	0	0	0	0	0	4	0	10	0	0	0	0	1	9	0	0
chr3	195473419	195473441	23	2	0	23	7	16	0	0	0	0	0	1	2	0	0	1	3	0	0	0	0	0	1	0	0	1	2	1	0	1	0	3	1	1	0	0	1	2
chr3	195473447	195473574	128	2	0	128	51	77	6	1	2	4	3	4	7	1	2	1	8	2	1	3	3	1	2	2	1	4	5	6	8	6	5	11	6	8	4	6	1	2
chr3	195473582	195473618	37	2	0	37	18	19	1	2	0	0	0	2	2	1	1	1	1	1	1	1	2	0	2	3	1	1	2	1	1	2	0	1	0	1	1	1	0	2
chr3	195473622	195473900	279	2	0	279	166	113	25	6	11	14	6	8	9	6	10	6	10	10	14	8	6	16	9	6	4	9	6	6	6	9	3	8	6	5	11	7	4	13
chr3	195473906	195473939	34	2	0	34	21	13	9	0	4	0	1	0	0	0	3	1	3	0	0	0	0	0	0	0	1	0	0	0	1	1	0	2	0	0	1	0	0	5
chr3	195473941	195474362	422	2	0	422	204	218	15	11	16	10	12	20	17	12	14	6	23	12	11	7	13	4	15	11	3	15	13	18	10	19	11	16	10	21	22	15	5	13
chr3	195474364	195474383	20	2	0	20	13	7	1	0	1	0	0	0	1	0	1	0	1	1	1	2	2	1	0	0	0	2	0	0	0	0	0	0	0	1	1	0	0	2
chr3	195474385	195474894	510	2	0	510	265	245	29	11	27	11	14	18	22	10	26	8	39	12	9	8	12	9	13	15	5	11	20	12	0	38	14	15	3	12	17	28	2	38
chr3	195474934	195475851	918	2	0	918	513	405	74	28	28	42	40	30	40	26	21	11	41	25	38	19	16	33	34	24	4	26	39	29	9	37	34	33	6	31	29	29	9	31
chr3	195475853	195476510	658	2	0	658	345	313	63	20	18	11	19	27	38	17	14	15	32	11	18	15	14	11	21	26	2	28	35	26	7	28	17	23	3	25	28	21	2	21
chr3	195476511	195477000	490	2	0	490	298	192	40	12	18	24	17	18	18	28	20	10	11	14	18	16	7	25	21	13	6	16	28	9	1	11	13	9	0	10	19	18	1	17
chr3	195478312	195478363	52	2	0	52	29	23	0	0	2	0	0	4	3	1	2	0	4	3	0	2	2	6	3	1	0	2	1	0	0	2	0	0	0	4	3	2	0	3
chr3	195478493	195478544	52	2	0	52	30	22	0	0	2	0	0	4	4	1	2	0	2	4	0	4	1	5	4	1	0	3	1	0	0	1	0	0	0	3	4	1	0	3
chr3	195481030	195481082	53	2	0	53	31	22	0	0	1	0	0	7	3	0	1	0	2	5	0	2	2	7	4	2	0	3	2	0	0	1	0	0	0	2	4	1	0	2
chr3	195481690	195481761	72	2	0	72	42	30	0	0	2	0	0	8	4	1	2	0	4	5	0	2	3	9	5	2	0	4	2	0	0	2	0	0	0	4	6	2	0	3
chr3	195481771	195481786	16	2	0	16	8	8	0	0	1	0	0	0	2	1	1	0	1	0	0	1	0	1	1	0	0	0	0	0	0	0	1	0	0	3	0	0	0	1
chr3	195481787	195481797	11	2	0	11	7	4	0	0	0	0	0	2	1	0	0	0	0	1	0	0	0	2	1	0	0	1	0	0	0	0	0	0	0	0	1	0	0	0
chr3	195481798	195481837	40	2	0	40	23	17	0	0	1	0	0	5	2	0	1	0	2	3	0	1	2	5	3	1	0	2	1	0	0	1	0	0	0	2	3	1	0	2
chr3	195481906	195481966	61	2	0	61	35	26	0	0	2	0	0	5	4	1	2	0	1	4	0	4	3	7	4	2	0	4	2	2	0	1	0	0	0	4	4	1	0	2
chr3	195494555	195494597	43	2	0	43	24	19	0	0	1	0	0	3	3	1	1	0	3	3	0	3	1	4	3	1	0	2	1	0	0	2	0	0	0	2	3	2	0	2
chr3	195507690	195507829	140	2	0	140	61	79	3	5	3	3	5	6	8	5	2	2	7	5	3	1	1	1	4	6	0	4	9	9	3	7	5	9	1	5	6	5	2	3
chr3	195507843	195508030	188	2	0	188	97	91	36	1	1	3	2	6	13	4	1	4	13	5	2	2	2	0	3	1	2	7	8	7	1	7	6	10	7	9	8	5	4	6
chr3	195508031	195510889	2859	2	0	2859	1680	1179	266	85	105	126	101	77	123	83	105	52	128	65	111	70	82	99	94	68	13	109	105	67	21	102	70	68	15	97	115	92	13	130
chr3	195510892	195511040	149	2	0	149	61	88	1	2	4	1	4	10	13	2	3	1	10	3	1	2	3	0	4	4	1	6	11	3	0	10	8	11	3	10	6	6	0	4
chr3	195511046	195511349	304	2	0	304	148	156	29	7	7	7	11	14	18	7	6	4	14	7	3	5	7	1	9	8	3	10	19	10	3	12	12	18	6	14	10	9	2	10
chr3	195511352	195512041	690	2	0	690	400	290	68	21	34	27	31	21	34	15	26	18	23	12	24	14	18	12	34	15	0	25	25	25	0	30	16	13	0	27	26	27	0	27
chr3	195512046	195512064	19	2	0	19	11	8	1	0	2	0	0	2	0	0	0	0	1	0	1	2	1	0	1	0	0	2	0	0	0	1	1	0	0	1	0	1	0	0
chr3	195512066	195515010	2945	2	0	2945	1823	1122	239	107	130	152	139	82	98	115	106	54	83	90	144	80	85	119	125	68	15	114	99	55	7	86	88	45	9	76	122	79	13	119
chr3	195515011	195516209	1199	2	0	1199	796	403	129	45	47	78	41	30	48	40	60	18	23	24	68	40	38	66	60	23	10	39	28	15	0	28	31	10	4	29	40	23	2	60
chr3	195516210	195518650	2441	2	0	2441	1583	858	257	92	96	142	99	49	83	79	81	45	50	65	149	72	69	154	104	45	14	95	68	52	12	67	51	43	15	51	87	59	9	85
chr3	195518652	195518973	322	2	0	322	240	82	62	14	15	24	14	1	3	14	10	4	2	7	28	6	9	25	11	6	1	7	6	1	1	6	6	6	2	6	10	1	2	10
chr3	195518975	195519007	33	2	0	33	21	12	4	0	1	2	1	1	1	2	1	3	1	0	1	1	0	0	2	1	0	2	2	0	0	0	0	0	0	0	2	1	0	2
chr3	195519009	195519917	909	2	0	909	624	285	99	32	41	71	36	18	24	43	44	14	21	23	63	20	24	49	38	10	6	31	21	4	1	16	19	14	2	21	43	14	3	42
chr3	195519920	195521314	1395	2	0	1395	743	652	114	35	43	52	48	46	77	33	33	26	62	33	48	37	31	24	39	39	12	54	67	39	14	62	45	60	18	49	53	44	8	48
chr3	195521315	195526103	4789	2	0	4789	3018	1771	448	153	204	265	183	126	164	173	182	69	140	135	257	150	126	241	196	88	29	185	137	93	24	139	123	91	21	119	190	121	24	191
chr3	195526104	195529163	3060	2	0	3060	1753	1307	307	75	101	129	111	109	136	77	78	47	133	75	117	85	71	101	99	88	20	109	134	85	25	114	83	94	19	103	117	91	10	115
chr3	195529165	195529199	35	2	0	35	22	13	0	0	2	3	1	0	0	0	0	0	0	2	4	3	2	5	0	2	0	0	1	1	1	2	0	2	0	0	0	0	0	2
chr3	195529201	195530357	1157	2	0	1157	778	379	107	45	44	81	46	21	34	64	52	20	15	30	73	42	37	65	48	22	11	47	34	11	1	20	33	13	3	19	50	20	3	44
chr3	195530370	195532215	1846	2	0	1846	1066	780	151	51	67	89	61	62	77	67	65	34	70	39	81	58	46	47	65	57	16	67	75	40	9	71	58	54	15	45	69	44	16	78
chr3	195532216	195536293	4078	2	0	4078	2341	1737	310	132	168	148	161	142	184	140	125	83	143	119	162	92	103	127	170	102	24	153	153	92	20	155	140	113	23	122	164	113	25	168
chr3	195536296	195537015	720	2	0	720	458	262	102	21	30	43	27	23	26	18	21	12	19	17	45	14	11	28	31	12	6	20	19	15	5	20	21	17	6	20	23	15	5	26
chr3	195537017	195537040	24	2	0	24	11	13	0	0	1	2	1	1	1	1	1	0	0	1	1	0	1	0	0	1	0	0	2	2	0	1	1	1	0	2	0	1	0	0
chr3	195537042	195537213	172	2	0	172	136	36	14	6	7	8	6	1	4	9	3	0	0	3	11	13	3	46	13	0	0	7	0	1	0	1	3	0	0	5	4	1	0	1
chr3	195537214	195537437	224	2	0	224	166	58	33	9	11	16	6	2	6	10	9	4	3	4	22	5	7	18	9	2	0	9	2	0	0	5	5	2	0	3	7	3	0	10
chr3	195537439	195537481	43	2	0	43	26	17	2	2	0	4	2	0	1	1	0	1	0	1	3	2	4	1	0	2	2	1	3	2	0	1	1	0	0	3	0	2	0	0
chr3	195537482	195538525	1044	2	0	1044	670	374	104	43	56	55	47	44	36	32	50	18	17	24	58	23	22	39	59	22	4	43	29	15	3	22	29	12	1	26	43	20	6	40
chr3	195538526	195541455	2930	2	0	2930	1812	1118	235	91	115	168	104	86	124	100	111	56	82	85	160	79	76	139	112	72	22	106	104	59	9	83	79	57	8	72	119	68	11	136
chr3	195541457	195544842	3386	2	0	3386	1616	1770	169	89	120	90	90	96	147	80	113	93	154	75	97	49	77	75	101	92	55	79	128	169	100	143	92	144	101	131	93	135	62	145
chr3	195544853	195545471	619	2	0	619	332	287	31	29	24	19	25	17	38	19	28	13	26	15	19	11	9	9	29	12	3	26	24	27	0	31	18	14	2	17	28	29	3	22
chr3	195545472	195547784	2313	2	0	2313	1323	990	181	66	90	112	104	70	99	80	92	43	89	56	73	43	52	72	84	52	12	74	101	56	13	82	73	74	21	68	95	70	8	106
chr3	195547785	195551336	3552	2	0	3552	1971	1581	258	105	146	137	137	113	177	104	136	79	146	81	114	62	87	87	141	99	19	100	137	104	15	164	126	100	19	115	127	117	21	177
chr3	195551338	195551355	18	2	0	18	8	10	0	0	0	0	0	1	2	0	0	2	3	0	0	0	0	0	0	0	0	3	1	0	0	0	0	0	0	0	2	0	0	2
chr3	195551357	195555125	3769	2	0	3769	1924	1845	217	99	128	107	113	133	218	120	119	80	168	101	101	72	77	70	135	109	29	111	189	133	38	179	130	153	30	141	130	144	33	160
chr3	195555126	195555781	656	2	0	656	345	311	35	11	27	27	15	17	37	19	32	16	28	19	18	15	21	7	16	18	5	20	25	22	6	38	20	22	3	21	27	29	4	34
chr3	195555782	195556107	326	2	0	326	149	177	22	6	5	8	8	12	18	5	6	8	18	9	5	6	7	4	5	13	4	10	15	13	9	15	11	14	12	15	12	12	9	8
chr3	195556109	195556890	782	2	0	782	447	335	53	22	22	42	32	18	40	21	28	12	33	30	27	18	22	25	28	14	13	16	31	19	2	27	24	18	6	34	28	28	7	40
chr3	195556891	195557787	897	2	0	897	524	373	84	24	30	50	40	22	41	24	31	19	40	20	32	19	19	28	26	23	5	30	34	15	5	40	31	27	6	20	36	30	4	40
chr3	195557788	195559620	1833	2	0	1833	1076	757	141	67	65	81	66	52	71	83	87	36	65	41	61	37	43	79	75	46	5	66	69	56	12	69	44	39	6	41	84	65	11	68
chr3	195559621	195560063	443	2	0	443	255	188	40	10	18	17	22	14	19	20	13	11	13	15	11	10	9	12	19	12	2	12	17	12	5	12	20	11	0	13	19	11	1	21
chr3	195560064	195566401	6338	2	0	6338	3552	2786	430	172	219	261	219	238	300	219	226	121	236	155	207	152	172	225	262	171	35	214	270	186	41	231	196	182	47	211	248	190	29	271
chr3	195566402	195591628	25227	2	0	25227	13730	11497	1604	715	972	927	871	872	1235	791	960	520	1082	653	785	493	553	695	984	653	186	777	982	840	220	1090	850	723	193	784	953	916	155	1191
chr3	195591629	195614628	23000	1	0	23000	12711	10289	1628	648	943	877	844	716	1047	744	824	509	980	612	800	419	530	589	843	604	137	708	973	752	161	1005	653	698	129	699	882	837	119	1088
chr3	195750629	195774628	24000	2	0	24000	10425	13575	682	433	704	421	576	1150	1367	659	718	628	1248	547	264	346	389	293	776	934	289	558	1330	1560	482	1277	818	1075	424	909	827	1080	271	963
chr3	195793629	195856628	63000	2	0	63000	30675	32325	3319	1449	2159	1756	1789	2462	3470	1621	2007	1447	3024	1343	1568	983	1003	1274	2151	1805	723	1662	2943	2859	1113	3201	2192	2876	776	2202	2056	2576	598	2591
chr3	195856629	195913628	57000	1	0	57000	24650	32350	2059	1152	1588	1091	1387	2436	3524	1238	1488	1424	2841	1041	956	781	813	830	1922	1769	683	1419	2868	3854	1394	3088	2140	3067	1139	2212	1654	2514	578	2048
chr3	196019629	196099628	80000	1	0	80000	45450	34550	6219	2277	2935	3617	2924	2624	3521	2462	2806	1480	2960	2029	3099	1799	1994	2704	2943	2028	614	2595	3133	2192	703	3007	2411	2409	702	2536	3044	2406	555	3270
chr3	196099629	196129628	30000	2	0	30000	15506	14494	1924	742	992	952	1014	1137	1506	806	919	600	1422	745	753	562	646	785	1041	871	256	873	1407	1138	336	1384	917	1169	324	1090	1098	1088	282	1219
chr3	196129629	196325628	196000	1	0	196000	101034	94966	12436	4885	6473	6517	6374	7420	10396	5178	6239	4158	8933	4590	5261	3569	3999	4605	6957	5632	1603	5840	8921	7379	2524	9062	6237	7810	2154	6927	7253	7065	1629	7972
chr3	196325629	196431628	106000	2	0	106000	60296	45704	8395	3083	3997	4551	3863	3469	4599	3339	3761	1953	4040	2777	4006	2377	2636	3449	3908	2683	753	3538	4240	2960	873	3973	3132	3074	812	3226	3990	3328	678	4535
chr3	196431629	196582628	151000	1	0	151000	84143	66857	11750	4194	5246	6406	5530	4896	6843	4400	5008	3024	6045	3834	5307	3388	3637	4634	5379	3963	1127	5033	6122	4380	1617	5987	4418	4836	1428	4656	5750	4927	1138	6095
chr3	196582629	196863628	281000	2	0	281000	156877	124123	21308	7903	9847	12068	10004	9530	12683	8508	9771	5383	11082	7148	10045	6129	6654	8812	10367	7407	2147	9024	11241	8123	2993	10883	8477	8751	2679	8647	10640	8959	2073	11712
chr3	196863629	196897628	34000	1	0	34000	19393	14607	2810	960	1260	1512	1253	1054	1468	1044	1178	675	1265	849	1300	810	822	1131	1246	900	225	1128	1354	863	357	1239	953	1010	343	1022	1266	1040	235	1426
chr3	196912629	196934628	22000	1	0	22000	12877	9123	1825	663	849	991	858	670	1026	703	805	443	764	536	840	554	538	810	852	572	108	798	837	514	108	810	707	549	110	610	861	634	94	959
chr3	196934629	197030628	96000	2	0	96000	46230	49770	4562	2258	3262	2569	2795	3736	5276	2592	3178	2226	4268	2107	2117	1531	1744	2008	3460	2709	988	2594	4394	4786	1781	4652	3321	4264	1560	3481	3224	3854	879	3822
chr3	197036629	197382628	346000	2	0	346000	211917	134083	30587	10903	13981	18520	13144	9810	13101	12080	13619	6111	10549	9293	16641	9024	9332	15221	14303	7741	1953	11851	11488	7407	1826	11151	8981	7167	1637	9004	13363	9557	1696	14957
chr3	197461629	197471628	10000	2	0	10000	5564	4436	677	305	398	423	381	318	488	313	411	209	376	253	334	183	234	261	378	259	59	319	402	332	77	383	322	279	47	328	398	325	61	465
chr3	197471629	197597628	126000	1	0	126000	64570	61430	7003	3191	4616	3979	4209	4457	6678	3842	4340	2871	5587	2968	3238	2159	2594	2837	4455	3582	921	3719	5810	5405	1353	5978	4263	4624	1102	4451	4658	4935	846	5327
chr3	197681629	197773628	92000	1	0	92000	51232	40768	6583	2612	3315	3725	3089	2966	4212	2792	3416	1759	3693	2271	3147	2241	2372	3038	3378	2349	734	3118	3546	2620	1018	3583	2661	2816	884	2921	3474	2981	714	3970
chr3	197773629	197937628	164000	2	0	164000	95523	68477	13730	4885	5981	7580	5842	5270	7137	5120	5850	3029	5889	4209	6754	4075	4112	6059	6304	4258	1085	5612	6136	4007	1314	5841	4605	4352	1155	4830	6324	4682	1134	6837
chr3	197937629	198070628	133000	3	0	133000	78515	54485	10818	3899	5162	6218	4737	4001	5645	4449	4918	2709	4626	3471	5625	3301	3526	5408	5246	3079	890	4696	4794	3284	817	4693	3568	3301	740	3653	5224	3924	659	5917
chr4	24500	36434	11935	7	0	11935	7015	4920	924	371	483	538	454	391	505	509	476	206	407	320	461	248	291	429	541	264	45	366	474	314	45	394	391	260	30	387	453	389	28	539
chr4	36444	36454	11	7	0	11	3	8	0	0	0	0	0	1	0	0	0	0	1	0	0	0	0	0	0	2	0	0	0	1	1	1	1	0	1	0	0	0	0	0
chr4	36457	44156	7700	7	0	7700	4527	3173	555	243	323	361	301	235	350	289	328	146	286	224	298	167	183	236	331	209	21	230	290	176	23	282	231	137	16	242	323	249	24	389
chr4	44162	48964	4803	7	0	4803	2882	1921	392	169	217	214	193	156	203	137	216	88	163	103	191	130	132	177	225	110	25	182	171	89	15	167	114	112	18	122	179	131	16	244
chr4	49066	49550	485	7	0	485	370	115	41	11	17	59	16	8	8	15	15	5	3	10	56	19	18	68	17	8	0	18	8	3	2	6	8	3	0	9	14	5	0	13
chr4	49552	57006	7455	7	0	7455	3899	3556	454	191	284	284	259	287	354	197	271	155	312	143	228	134	152	192	297	200	68	202	292	259	127	314	274	269	123	250	234	264	46	337
chr4	57008	61157	4150	7	0	4150	2528	1622	353	112	160	232	146	129	192	148	174	85	122	113	184	110	107	161	189	82	17	148	143	99	6	132	125	72	9	105	158	127	12	196
chr4	61159	66234	5076	7	0	5076	3152	1924	438	164	206	262	229	146	178	209	170	83	135	132	234	156	127	281	240	122	16	171	177	101	19	160	144	117	13	124	201	117	10	192
chr4	66242	66333	92	7	0	92	70	22	16	2	4	9	5	1	0	5	6	2	2	3	5	2	4	3	5	0	0	2	1	0	0	0	0	0	0	0	4	1	0	8
chr4	66335	73755	7421	7	0	7421	4671	2750	671	247	295	436	320	201	265	285	333	137	207	211	326	192	190	354	334	147	45	251	232	137	26	210	197	110	19	154	308	211	26	342
chr4	73756	73783	28	7	0	28	20	8	4	2	1	1	1	1	0	0	0	0	1	2	3	1	1	1	1	0	0	2	0	0	0	1	0	0	0	0	2	1	0	0
chr4	73785	76831	3047	7	0	3047	1925	1122	265	97	128	167	133	77	105	111	107	64	88	78	152	78	80	194	140	67	10	99	96	58	12	88	73	54	6	81	118	74	12	133
chr4	76848	79055	2208	7	0	2208	1350	858	223	65	81	125	84	61	99	67	81	45	71	59	105	56	42	85	94	53	13	67	73	33	19	66	58	52	16	58	86	53	14	102
chr4	79056	82372	3317	7	0	3317	2137	1180	356	105	126	206	149	99	114	141	126	56	79	82	162	87	67	181	179	67	10	91	86	68	12	81	95	50	14	83	143	61	8	131
chr4	82374	83604	1231	7	0	1231	745	486	122	32	49	61	48	46	46	34	42	22	46	25	53	33	32	52	51	35	6	41	47	23	6	37	29	30	6	39	47	25	8	56
chr4	83621	86106	2486	7	0	2486	1728	758	315	97	124	163	106	51	68	106	118	36	45	57	160	85	41	154	149	35	12	73	48	24	1	54	47	18	2	39	87	50	7	112
chr4	86108	86127	20	7	0	20	12	8	4	0	1	1	1	2	0	1	1	0	0	0	0	0	0	0	2	0	0	0	1	0	0	0	1	1	0	1	1	0	0	0
chr4	86129	86143	15	7	0	15	10	5	1	0	0	1	0	1	0	0	0	1	0	0	2	0	1	1	1	1	0	0	1	0	0	1	0	0	0	0	0	1	0	0
chr4	86154	86210	57	7	0	57	35	22	2	2	3	3	1	3	1	5	5	0	3	0	1	2	1	2	5	1	0	1	2	1	0	1	1	1	0	0	2	1	0	5
chr4	86212	87386	1175	7	0	1175	724	451	87	37	68	68	45	42	28	66	81	13	35	10	47	35	18	44	73	25	6	23	40	15	4	42	22	31	4	25	46	30	6	57
chr4	87388	87423	36	7	0	36	19	17	2	1	2	1	2	1	1	0	0	0	1	1	3	3	0	0	3	1	0	1	0	2	1	2	0	2	1	1	1	0	1	0
chr4	87425	87715	291	7	0	291	208	83	25	6	9	28	11	8	8	16	12	4	5	6	21	15	7	25	21	1	0	11	7	1	0	3	5	3	0	4	10	6	0	11
chr4	87717	89940	2224	7	0	2224	1434	790	217	63	76	150	67	64	81	97	90	29	66	49	133	60	57	134	84	42	8	82	79	36	9	46	70	41	5	54	76	51	8	98
chr4	89942	96441	6500	7	0	6500	3781	2719	538	203	287	295	277	212	274	225	272	127	211	164	237	134	137	186	252	185	27	212	300	189	16	240	196	163	9	156	241	208	24	301
chr4	96442	96617	176	7	0	176	116	60	19	7	11	12	5	4	9	4	8	1	0	2	17	7	3	5	5	7	0	7	7	3	0	4	6	2	0	8	4	2	0	5
chr4	96620	99478	2859	7	0	2859	1794	1065	301	108	108	151	136	77	103	95	92	53	99	60	139	65	67	138	129	70	8	97	102	45	9	89	74	59	5	74	106	71	10	117
chr4	99479	102053	2575	7	0	2575	1381	1194	159	72	98	93	82	77	136	99	100	56	101	78	81	40	57	52	81	85	10	69	133	111	6	127	89	71	5	71	91	109	9	125
chr4	102055	103676	1622	7	0	1622	891	731	83	38	68	51	53	57	76	86	68	38	66	48	37	28	44	49	63	40	2	56	70	57	1	65	58	40	5	53	81	57	2	80
chr4	103677	104612	936	7	0	936	537	399	53	27	26	51	21	29	61	36	30	24	30	22	53	17	25	31	43	20	2	32	41	22	0	40	36	24	0	31	27	37	4	39
chr4	104613	104917	305	6	0	305	186	119	37	11	14	14	16	10	11	9	11	9	9	4	12	4	5	9	16	10	0	8	12	5	0	15	5	8	0	7	13	9	0	10
chr4	104919	107573	2655	6	0	2655	1474	1181	188	66	105	119	97	81	120	74	109	52	99	69	85	71	52	86	104	54	24	88	76	72	53	78	86	78	52	86	106	75	25	123
chr4	107575	112409	4835	6	0	4835	2189	2646	163	96	177	106	135	190	278	121	172	135	270	96	73	44	70	61	166	147	30	122	224	278	84	310	175	210	75	152	159	261	41	212
chr4	112410	112435	26	6	0	26	13	13	1	1	3	0	0	1	1	0	2	1	1	0	2	0	0	0	1	1	0	1	0	1	1	2	0	0	0	0	0	1	1	2
chr4	112437	112708	272	6	0	272	145	127	15	8	10	10	10	8	15	8	10	8	8	8	9	5	6	6	12	7	1	9	10	16	3	10	7	4	2	11	12	11	2	9
chr4	112710	113249	540	6	0	540	278	262	28	9	25	17	14	15	37	16	22	14	19	11	15	10	13	12	16	12	2	18	28	25	1	27	22	22	0	22	16	22	1	27
chr4	113251	113662	412	6	0	412	211	201	20	8	15	15	19	17	19	14	9	8	20	11	10	8	12	6	11	12	2	16	25	11	2	17	19	16	3	17	14	17	1	16
chr4	113665	115365	1701	6	0	1701	1041	660	154	52	82	77	68	54	67	74	84	33	61	37	58	35	27	76	74	40	4	56	61	28	4	51	56	28	1	41	72	48	7	89
chr4	115377	115494	118	6	0	118	71	47	14	4	4	4	4	3	6	2	4	4	3	5	4	3	1	5	5	5	1	3	4	3	1	6	0	2	0	0	6	5	0	5
chr4	115496	115531	36	6	0	36	21	15	1	1	2	1	2	0	1	2	1	1	1	1	1	1	2	1	0	0	0	3	2	1	0	1	2	1	0	1	1	2	0	1
chr4	115536	116059	524	6	0	524	386	138	97	16	22	42	19	11	10	17	20	13	8	19	42	5	23	20	24	3	1	17	6	2	0	7	7	2	1	8	20	8	0	32
chr4	116060	119393	3334	6	0	3334	2094	1240	333	106	146	182	147	100	116	129	152	45	105	83	135	75	78	162	149	66	7	103	110	72	7	91	101	52	7	88	132	89	1	163
chr4	119395	122768	3374	6	0	3374	1854	1520	236	110	138	122	130	113	176	98	126	58	122	70	115	69	80	90	122	103	20	105	153	109	15	145	133	108	13	118	109	102	16	148
chr4	122769	125023	2255	6	0	2255	1113	1142	131	47	60	84	73	99	114	46	53	45	110	46	66	48	36	54	88	72	25	54	96	77	57	100	78	93	52	95	70	89	24	71
chr4	125025	125049	25	6	0	25	15	10	2	2	0	0	1	1	0	4	1	0	2	1	0	0	0	0	2	0	0	1	1	0	0	0	0	0	0	1	3	1	0	0
chr4	125050	125597	548	6	0	548	241	307	16	18	21	9	18	27	37	7	22	21	22	2	7	4	5	4	22	20	10	18	26	23	11	23	23	18	23	22	18	22	6	21
chr4	125610	125867	258	6	0	258	104	154	7	8	7	4	3	10	19	6	12	4	10	2	4	2	6	0	8	6	2	8	13	21	5	17	15	15	6	8	2	16	1	9
chr4	125868	126018	151	6	0	151	74	77	5	4	6	2	2	4	12	4	5	4	7	8	4	1	3	2	2	3	3	5	8	5	1	7	6	5	2	5	6	8	0	10
chr4	126020	126450	431	6	0	431	257	174	41	8	24	23	18	12	16	12	19	11	11	8	18	9	13	13	17	8	4	11	12	15	0	21	14	11	0	11	15	13	0	21
chr4	133267	133591	325	6	0	325	225	100	21	8	16	22	9	17	6	9	9	3	6	11	26	12	14	34	19	9	0	12	6	2	0	9	4	4	0	6	12	2	0	15
chr4	133592	134234	643	6	0	643	439	204	65	32	22	37	33	15	21	28	16	7	12	17	42	35	19	38	41	12	1	35	10	2	1	11	20	3	4	10	26	7	2	17
chr4	134249	135014	766	6	0	766	474	292	75	28	19	49	29	26	31	22	22	11	20	21	45	23	20	32	34	15	7	33	30	16	8	18	14	25	3	14	30	15	4	25
chr4	135015	135239	225	6	0	225	109	116	8	3	6	7	8	13	12	2	4	6	13	8	3	6	8	1	6	9	4	9	15	7	0	10	4	8	4	8	10	9	0	12
chr4	135240	135741	502	6	0	502	303	199	50	14	24	19	23	13	18	21	13	15	14	15	20	10	12	20	24	10	5	13	12	15	1	22	16	11	0	13	23	14	0	20
chr4	135743	141181	5439	6	0	5439	3355	2084	494	180	234	287	227	142	194	227	214	94	156	127	260	153	140	225	244	118	26	181	199	115	17	174	152	116	10	140	195	156	11	229
chr4	141182	146077	4896	6	0	4896	3123	1773	508	174	214	274	194	119	149	184	183	68	127	118	284	139	143	244	199	110	26	165	159	101	19	146	122	93	8	129	166	121	15	193
chr4	146078	151460	5383	6	0	5383	3401	1982	536	158	184	331	214	155	227	189	189	104	135	152	269	134	130	292	236	112	18	185	174	95	26	152	156	116	15	117	219	124	15	222
chr4	151466	153184	1719	6	0	1719	990	729	156	58	67	57	76	53	62	59	46	38	66	48	60	45	35	62	85	50	14	45	52	61	18	68	56	38	10	34	57	50	8	83
chr4	153185	153566	382	6	0	382	251	131	39	9	15	24	16	7	11	19	15	7	9	15	17	8	14	25	13	6	2	10	13	7	0	7	8	4	0	14	19	10	0	17
chr4	153567	156250	2684	6	0	2684	1534	1150	177	73	103	124	110	90	122	127	110	63	86	63	80	54	55	95	122	69	2	88	128	102	0	95	77	70	4	71	122	84	4	112
chr4	156251	156500	250	6	0	250	177	73	27	6	7	20	14	8	5	7	7	3	7	9	13	12	9	22	18	4	0	6	2	3	0	5	4	1	0	3	10	2	0	14
chr4	156505	157110	606	6	0	606	435	171	80	20	24	50	29	11	16	30	25	8	13	17	39	15	15	41	35	2	1	17	8	0	1	2	18	3	3	18	25	6	1	31
chr4	157115	158487	1373	6	0	1373	911	462	160	38	59	100	67	38	43	45	48	25	32	33	83	33	24	82	69	28	1	36	34	19	6	34	38	22	3	33	52	25	6	55
chr4	158492	158892	401	6	0	401	303	98	61	16	19	31	15	5	6	20	18	1	5	16	33	6	8	43	15	2	0	11	3	4	0	5	11	2	0	3	17	5	0	18
chr4	158894	165867	6974	6	0	6974	4586	2388	726	205	295	475	260	206	196	301	306	95	194	142	410	230	164	380	347	142	21	225	189	93	27	174	157	114	22	139	270	134	22	311
chr4	165869	169710	3842	6	0	3842	2352	1490	313	140	146	203	190	113	133	162	166	69	96	136	134	77	114	159	178	98	14	109	157	86	5	112	112	60	7	85	151	116	16	183
chr4	169711	293710	124000	5	0	124000	74792	49208	10565	3744	4809	6462	4949	3745	4987	4589	4709	2356	3938	3137	5359	3056	3115	5270	5542	2867	527	3965	4435	2942	563	4097	3572	2827	511	3220	4721	3401	451	5567
chr4	293711	448710	155000	4	0	155000	90497	64503	12339	4458	5717	7569	5791	4993	6477	5347	5704	2967	5448	3859	6249	3637	3731	6209	6485	3763	930	4877	5764	4069	1161	5472	4514	4069	1140	4281	5845	4565	825	6743
chr4	448711	524710	76000	3	0	76000	42274	33726	5677	2160	2686	3167	2769	2670	3543	2468	2613	1592	2729	1881	2632	1604	1678	2404	3085	2056	618	2267	3107	2225	772	2892	2419	2366	718	2385	2838	2349	536	3092
chr4	524711	591710	67000	2	0	67000	33718	33282	3452	1797	2134	2020	2089	2602	3537	2172	2159	1535	2821	1501	1703	1243	1133	1819	2514	1999	706	1958	3130	2991	1039	2983	2337	2475	892	2240	2419	2679	475	2444
chr4	591711	738271	146561	1	0	146561	64858	81703	5575	2959	3987	3016	3633	7004	9063	3943	3998	4127	6603	2788	2331	1830	2132	1869	5556	4951	1952	3460	7544	9165	2982	7623	5623	7184	2618	5527	4920	6014	1407	5175
chr4	738273	1146711	408439	1	0	408439	182942	225497	16753	8544	11610	9018	10474	18666	24721	10513	11387	10250	18493	7572	7311	5467	5845	6317	15091	12544	5395	9897	20304	24659	9175	20238	16095	20731	7589	16075	12884	16442	3919	14458
chr4	1146712	1286711	140000	2	0	140000	65712	74288	6426	3407	4025	3551	3946	6233	8078	4122	4154	3490	5824	2857	2882	2039	2275	2402	5500	4291	1817	3561	7008	7531	2777	6414	5291	6455	2168	5149	4580	5453	1214	5078
chr4	1286712	1429358	142647	3	0	142647	63168	79479	5400	3082	4136	2979	3723	6787	8444	3682	3960	3508	6172	2911	2514	1826	1962	2082	5282	4480	2048	3393	6912	8545	3587	7016	5765	7545	2941	5413	4677	5490	1492	4891
chr4	1476922	1479924	3003	2	0	3003	1306	1697	65	42	101	84	86	114	191	93	90	69	143	58	51	32	54	33	79	91	20	67	193	207	43	189	118	188	18	122	94	145	11	110
chr4	1479926	1479965	40	2	0	40	19	21	2	1	0	1	2	2	2	2	1	1	3	1	0	0	0	0	1	1	0	1	2	4	0	1	0	2	0	2	5	0	0	1
chr4	1479967	1486950	6984	2	0	6984	4218	2766	588	198	283	388	306	214	272	270	285	131	214	204	278	150	164	272	314	170	13	195	272	196	15	240	186	134	6	190	291	223	12	308
chr4	1486951	1532772	45822	2	0	45822	19838	25984	1423	769	1159	970	1084	2090	2852	1447	1125	1185	2110	1125	690	565	619	624	1526	1514	511	1058	2654	3166	967	2414	1716	2455	684	1773	1577	2067	406	1495
chr4	1532773	3494772	1962000	1	0	1962000	966373	995627	106058	45594	64059	57741	59698	78375	110088	55458	59781	45046	84408	41948	47915	32494	36616	41093	71559	57131	18124	54695	93622	93786	29135	93399	70307	85971	24595	72119	68132	73053	15040	74958
chr4	3494773	3529772	35000	2	0	35000	14341	20659	977	618	941	490	823	1619	2434	783	859	1048	1721	549	367	362	453	296	1143	1192	505	807	1976	2396	789	1998	1455	2027	639	1555	1086	1544	357	1189
chr4	3529773	3568772	39000	3	0	39000	18160	20840	1554	784	1099	917	1087	1945	2186	1381	1079	990	1697	981	633	566	599	660	1674	1185	436	990	2114	2108	646	1852	1530	1723	560	1275	1281	1704	298	1464
chr4	3568773	3653772	85000	4	0	85000	39561	45439	3067	1741	2593	1877	2128	4234	5036	3098	2709	2059	3998	1938	1374	1092	1151	1465	3672	2519	855	2081	4418	4729	1126	4449	3426	3512	900	3048	2980	3962	561	3200
chr4	3653773	3714772	61000	3	0	61000	27550	33450	2044	1197	1799	1351	1515	2999	3726	1787	1813	1549	3070	1244	1019	692	861	884	2460	1906	614	1457	3095	3651	993	3432	2384	2731	724	2325	2087	2883	465	2241
chr4	3714773	3855772	141000	2	0	141000	62009	78991	4238	2713	4240	2773	3614	6126	8994	4293	4091	3476	7082	2790	2021	1676	1967	1914	4886	4373	1437	3295	7689	9087	2290	7923	5790	7146	1863	5771	4662	6384	1100	5294
chr4	3855773	3987772	132000	3	0	132000	66762	65238	6281	3184	4565	4149	4245	5327	7114	4138	4365	3119	5635	3145	3288	2410	2493	3303	5444	3780	1160	3656	5945	5929	1574	6149	4683	4814	1278	4561	4752	5075	996	5441
chr4	3987773	4428772	441000	4	0	441000	235231	205769	26223	11586	16132	15998	15240	15842	21524	14619	15666	9706	17854	11281	12809	8798	9473	12478	17160	12068	3552	13153	18911	16313	4401	18992	14215	14287	3873	14337	16939	15949	3118	18501
chr4	4428773	4611772	183000	5	0	183000	105964	77036	13243	5486	7454	8086	6772	5858	7757	6910	7182	3622	6294	4692	7072	4172	4724	6640	7759	4277	1012	6090	6837	5149	944	6921	5588	4429	856	5382	7112	5996	846	7836
chr4	4611773	4865772	254000	6	0	254000	134547	119453	14086	6549	9813	9185	8811	8850	12604	9045	9458	5461	10672	6588	7278	4349	5395	6402	9459	6738	1543	7469	11564	9861	2007	11378	8528	8337	1812	8576	9759	9874	1486	11061
chr4	4865773	5079772	214000	7	0	214000	118053	95947	13107	5974	8378	8617	7921	7121	9973	7751	8190	4463	8295	5605	6857	3984	4792	7023	8385	5471	1222	6465	9105	7331	1484	8791	6935	6151	1262	6792	8341	7758	1064	9390
chr4	5079773	5455772	376000	8	0	376000	216714	159286	24948	10846	14864	17136	14181	12262	16456	14956	15166	7619	13289	10222	13499	7976	9010	14283	15733	9096	1927	11947	14890	10550	1696	14100	11832	8873	1409	10936	15400	12717	1544	16635
chr4	5455773	5738772	283000	7	0	283000	155241	127759	16836	7804	10929	11164	10002	9901	13733	10657	10823	6070	10696	7484	9072	5439	6322	8309	11485	7460	1742	8527	12176	9467	1853	11647	9538	8084	1611	9095	11093	10132	1436	12411
chr4	5738773	5836772	98000	6	0	98000	51182	46818	5156	2454	3634	3254	3191	3800	5032	3661	3494	2232	4074	2531	2657	1681	1912	2418	3903	2721	726	2817	4610	3848	826	4398	3386	3298	687	3266	3785	3815	559	4172
chr4	5836773	5935772	99000	5	0	99000	50133	48867	4751	2426	3726	2988	3118	3882	5180	3565	3600	2212	4247	2501	2422	1561	1869	2084	3792	2815	721	2753	4618	4259	1126	4648	3594	3556	934	3490	3742	4020	667	4131
chr4	5935773	6064772	129000	4	0	129000	64432	64568	6313	3076	4512	3753	3908	4899	7361	4361	4441	3047	5793	3158	2992	1899	2389	2530	4593	3793	1046	3489	6176	5731	1369	6389	4768	4946	1040	4788	4992	5194	863	5389
chr4	6064773	6200772	136000	3	0	136000	69609	66391	7091	3375	4918	4195	4378	5708	7279	4687	4747	3132	5602	3293	3363	2219	2603	3019	5483	4109	1025	3816	6560	5622	1273	6231	4809	4849	1110	4728	5200	5105	842	5627
chr4	6200773	6540772	340000	2	0	340000	165047	174953	14801	7927	11415	9194	10250	14407	19651	10988	11001	8010	14939	7762	7285	4981	5958	6478	12966	10422	2877	9060	17214	17039	4031	16900	12703	14074	3273	12680	12413	13650	2327	13322
chr4	6540773	7007772	467000	1	0	467000	239263	227737	26488	11870	16589	14703	15054	17959	24601	14532	15617	10433	19873	10611	12491	8469	9532	10440	17682	13312	3849	13888	21261	18940	5533	21346	16173	17584	5087	16547	17030	17244	3445	18815
chr4	7007773	7251772	244000	2	0	244000	118003	125997	11328	5625	8465	6484	7254	10274	13895	7267	7891	5704	11027	5265	5429	3569	4170	4354	8892	7208	2370	6704	12095	11749	3422	11848	9065	10440	2893	9424	8638	9717	1951	9581
chr4	7251773	7356772	105000	3	0	105000	48121	56879	3569	2152	3387	2315	2855	4388	6529	3482	3350	2586	5159	2430	1649	1265	1569	1435	3742	3086	993	2570	5726	6076	1401	5666	4126	4752	987	4229	3660	4955	729	4180
chr4	7356773	7618772	262000	4	0	262000	123355	138645	9487	5587	8358	6356	7255	11571	15510	9381	8333	6364	12012	6379	4713	3451	4149	4448	10157	8049	2358	6409	13911	14523	3224	13533	10089	10941	2389	9973	9560	11679	1735	10114
chr4	7618773	7717772	99000	3	0	99000	45403	53597	3150	1852	3068	2230	2542	4616	6153	3416	3104	2403	4958	2337	1504	1210	1421	1439	3638	3049	884	2509	5426	5573	1246	5286	3838	4496	916	3932	3825	4413	691	3873
chr4	7717773	7881772	164000	2	0	164000	83378	80622	8860	4110	6136	5011	5010	6497	8757	5204	5919	3816	6706	3745	4327	2744	3047	3488	6122	4588	1623	4833	7519	7028	2067	7415	5801	6079	1613	5747	6026	6334	1175	6651
chr4	7881773	8277772	396000	1	0	396000	185582	210418	16653	8324	12423	9554	10957	17208	23827	12329	11905	9589	18083	8703	7439	5464	6327	6796	14737	12077	3848	9922	20404	21490	5797	20349	15622	17980	4664	15246	13558	16493	3087	15143
chr4	8277773	8619839	342067	2	0	342067	164400	177667	15276	7768	11617	8921	10003	13983	20334	10515	10949	8243	15220	7617	7354	4777	5812	6011	12182	10175	3107	9307	17171	17358	4465	17231	13142	14920	3581	12997	12339	13771	2471	13448
chr4	8619841	8651773	31933	2	0	31933	14733	17200	1478	664	961	747	839	1370	1910	807	972	770	1600	670	561	403	478	502	1058	1014	382	753	1595	1707	598	1699	1179	1527	435	1239	1094	1350	311	1258
chr4	8651774	8723773	72000	3	0	72000	36091	35909	3562	1636	2528	2283	2226	2840	3971	2333	2463	1669	3211	1728	1758	1082	1226	1574	2728	2079	567	1854	3509	3455	805	3414	2608	2704	596	2518	2525	2946	450	3150
chr4	8723774	8797477	73704	4	0	73704	34125	39579	2721	1467	2178	1798	1922	3408	4470	2261	2100	1693	3544	1453	1421	1042	1041	1606	2815	2278	744	1773	3732	4251	1122	3960	3060	3432	822	2798	2454	3104	532	2700
chr4	8816478	8851773	35296	4	0	35296	17684	17612	1656	795	1245	1140	1088	1367	1948	1246	1222	806	1437	956	870	505	623	780	1241	1047	266	919	1792	1737	400	1651	1191	1426	250	1269	1425	1370	212	1414
chr4	8851774	8979773	128000	5	0	128000	60470	67530	5274	2863	4263	3552	3711	4863	6929	3504	4279	3058	5716	2872	2688	2014	2088	2794	4567	3795	1299	3138	5902	7535	2487	6401	4367	5500	2157	4456	4171	5495	1259	5001
chr4	8979774	9158773	179000	6	0	179000	97546	81454	11296	4923	6796	6779	6749	6042	8473	6092	6401	3963	7049	4780	5348	3560	4106	5188	6933	4845	1272	5438	7702	6024	1482	7400	5765	5479	1193	5727	6955	6260	1119	7859
chr4	9158774	9272916	114143	5	0	114143	60363	53780	6159	2974	4526	3951	4074	4971	5099	4090	4747	2906	4291	3059	2630	2012	2034	2840	5335	2764	1558	3205	4504	3731	1519	4454	3795	3319	1066	3526	4600	4394	1243	4765
chr4	9322917	9356773	33857	6	0	33857	17070	16787	1490	826	1344	1002	1181	1680	1467	1239	1464	953	1353	933	527	524	467	620	1670	809	613	891	1287	1161	614	1347	1178	1039	430	1045	1432	1400	521	1348
chr4	9356774	9399773	43000	7	0	43000	24682	18318	2866	1161	1730	2005	1566	1480	1766	1734	1858	983	1478	1163	1473	907	930	1580	1869	982	341	1339	1610	1137	348	1534	1263	1045	260	1108	1804	1465	289	1924
chr4	9399774	9460930	61157	8	0	61157	37349	23808	4884	1790	2492	3375	2380	1751	2244	2287	2607	1107	1877	1822	2670	1401	1621	3040	2522	1340	269	1918	2057	1459	320	1946	1633	1160	248	1521	2450	1822	293	2849
chr4	9460932	9461294	363	8	0	363	227	136	38	11	15	24	18	4	14	16	19	6	13	4	14	8	7	14	12	5	2	10	14	2	1	10	13	9	3	13	13	11	2	16
chr4	9461296	9465747	4452	8	0	4452	2457	1995	326	132	178	159	172	169	190	153	188	106	161	102	110	79	89	142	192	113	47	134	184	118	46	158	133	128	55	130	175	147	38	196
chr4	9465762	9467259	1498	8	0	1498	780	718	72	42	53	51	53	48	76	54	64	37	74	38	31	26	30	29	59	36	15	43	55	53	11	81	48	42	12	50	69	69	16	59
chr4	9467260	9468033	774	8	0	774	426	348	56	20	31	28	37	27	39	19	30	22	35	28	12	13	12	17	23	14	11	34	30	14	7	26	22	20	7	23	46	28	7	34
chr4	9468034	9468140	107	8	0	107	53	54	11	3	1	3	5	5	6	2	3	2	8	1	0	1	1	0	3	2	2	4	5	2	2	3	5	6	1	4	5	3	1	5
chr4	9468155	9469149	995	8	0	995	584	411	66	35	37	52	39	24	40	34	48	21	28	36	37	21	30	36	41	21	10	29	34	15	12	29	23	22	11	30	39	31	15	47
chr4	9469155	9469454	300	8	0	300	142	158	7	6	8	2	8	11	18	21	8	13	17	12	0	4	3	3	14	9	5	7	17	8	3	14	10	11	1	8	17	14	3	16
chr4	9469456	9469486	31	8	0	31	21	10	7	2	3	1	4	0	0	0	1	1	0	1	0	0	0	0	3	0	0	0	1	0	0	1	0	0	0	1	0	2	0	1
chr4	9469497	9471047	1551	8	0	1551	880	671	52	34	40	66	37	92	59	73	55	33	39	58	49	54	32	105	110	52	16	36	39	65	14	70	37	17	13	17	75	54	9	47
chr4	9471063	9471591	529	8	0	529	318	211	18	10	13	25	9	34	13	20	14	4	14	27	25	23	24	44	41	14	4	12	6	27	1	27	7	2	0	9	22	17	5	16
chr4	9471599	9473514	1916	8	0	1916	1090	826	56	34	45	115	41	96	66	68	64	40	54	64	88	79	48	131	132	45	28	43	44	104	17	76	32	29	26	27	63	63	29	67
chr4	9473515	9474050	536	8	0	536	146	390	6	3	21	0	14	5	27	14	4	9	31	0	6	6	0	0	2	10	3	8	32	110	23	20	23	50	34	29	3	15	4	22
chr4	9474052	9474096	45	8	0	45	15	30	1	0	2	0	1	0	4	0	0	0	3	0	1	2	1	0	1	0	0	1	2	7	0	3	1	4	2	4	0	1	0	2
chr4	9474098	9474145	48	8	0	48	10	38	0	0	1	0	1	0	1	2	0	2	1	0	0	2	0	0	0	2	2	0	3	12	5	1	1	4	3	0	0	2	0	1
chr4	9474146	9474567	422	8	0	422	125	297	6	2	17	1	10	5	22	14	7	11	21	1	3	3	0	2	3	16	0	2	30	75	13	18	13	35	29	21	5	10	6	19
chr4	9474653	9474795	143	8	0	143	47	96	2	2	5	0	3	3	11	4	1	3	7	0	3	3	0	0	2	6	0	3	14	24	2	4	4	12	4	8	1	3	0	7
chr4	9474991	9476367	1377	8	0	1377	755	622	43	29	30	100	41	40	42	46	36	24	51	40	82	32	20	98	42	36	16	31	50	83	29	49	31	42	33	28	46	51	18	36
chr4	9476368	9477327	960	8	0	960	477	483	48	30	43	21	37	29	52	25	40	24	44	20	17	15	16	16	39	25	10	24	35	41	16	48	33	30	8	45	36	43	10	38
chr4	9477329	9477382	54	8	0	54	21	33	0	2	3	0	3	0	4	0	2	1	5	0	0	0	0	0	0	2	1	1	2	3	1	4	2	2	2	4	3	2	0	3
chr4	9477384	9478573	1190	8	0	1190	564	626	36	29	61	22	47	25	68	29	49	49	45	32	16	21	22	13	36	37	16	35	55	56	35	45	36	34	11	53	42	63	8	62
chr4	9478590	9478702	113	8	0	113	60	53	7	1	7	5	7	4	3	1	3	5	3	2	3	3	2	2	5	3	0	5	4	8	3	4	3	2	1	2	3	6	0	4
chr4	9478704	9478759	56	8	0	56	35	21	6	4	5	1	4	0	1	3	3	1	2	2	2	0	0	0	2	0	0	3	2	1	0	2	1	0	0	1	3	4	0	1
chr4	9478764	9480449	1686	8	0	1686	825	861	64	48	76	38	68	47	87	53	67	38	61	43	26	41	39	28	55	53	14	52	74	80	27	78	63	67	21	67	62	59	22	66
chr4	9480465	9480925	461	8	0	461	251	210	9	7	8	23	14	27	14	13	14	6	16	22	10	17	7	42	27	11	4	15	19	28	7	18	5	6	9	2	17	27	4	11
chr4	9480926	9481582	657	8	0	657	349	308	14	14	12	28	18	18	29	21	22	8	31	36	14	22	9	53	31	17	4	10	15	64	4	38	11	3	5	7	29	37	5	26
chr4	9481584	9481624	41	8	0	41	21	20	2	0	0	1	0	0	2	1	1	1	4	1	1	4	0	1	0	2	1	2	2	2	1	1	1	0	1	0	1	2	1	3
chr4	9481626	9482067	442	8	0	442	239	203	16	9	11	17	15	17	17	14	12	7	15	21	10	23	5	28	25	12	6	13	16	32	1	21	10	2	5	5	12	24	8	11
chr4	9482069	9482110	42	8	0	42	25	17	2	3	1	1	1	1	2	2	3	0	0	3	1	0	3	2	3	0	0	0	0	2	0	2	0	1	0	1	3	1	0	2
chr4	9482112	9482963	852	8	0	852	496	356	21	12	15	48	20	52	33	16	22	8	30	37	33	46	28	75	56	31	8	22	23	35	6	38	10	5	6	17	32	30	6	29
chr4	9482976	9484412	1437	8	0	1437	813	624	101	30	54	63	50	51	64	60	68	42	49	47	29	35	22	46	72	30	24	32	51	29	17	49	33	34	8	39	69	53	15	69
chr4	9484420	9484709	290	8	0	290	151	139	12	7	8	8	5	12	21	16	15	8	8	10	4	8	4	4	15	10	3	7	11	9	1	12	9	7	3	11	19	7	3	11
chr4	9484711	9484737	27	8	0	27	16	11	4	1	2	0	1	3	0	0	2	0	1	1	0	0	0	0	2	1	1	0	1	1	0	0	0	0	0	0	1	0	1	2
chr4	9484739	9485318	580	8	0	580	356	224	43	25	29	28	27	20	19	21	34	7	15	18	21	13	13	23	28	13	4	20	18	7	2	23	16	7	1	9	25	22	3	24
chr4	9485331	9485413	83	8	0	83	43	40	2	0	2	4	3	5	5	3	2	1	5	3	1	3	0	2	4	4	0	1	3	3	0	6	2	2	0	2	7	3	0	3
chr4	9485416	9485796	381	8	0	381	239	142	51	10	15	25	16	7	13	17	18	6	13	6	16	8	4	12	12	9	3	7	13	4	3	12	14	9	2	11	14	10	4	15
chr4	9485798	9487015	1218	8	0	1218	674	544	81	31	53	51	46	46	50	42	60	18	48	26	29	30	22	41	46	31	9	38	47	26	19	43	46	36	11	38	45	42	11	54
chr4	9487017	9487100	84	8	0	84	41	43	2	4	1	2	3	0	7	1	3	5	4	0	1	3	3	1	5	4	1	2	2	4	1	5	0	2	1	3	4	2	1	5
chr4	9487102	9487364	263	8	0	263	142	121	17	11	10	8	12	11	10	12	13	5	9	7	4	2	3	7	16	9	0	4	12	6	5	8	6	7	4	9	12	10	1	11
chr4	9487366	9487406	41	8	0	41	24	17	5	2	1	2	3	3	2	0	0	1	1	2	2	0	0	0	2	3	0	1	1	0	0	2	2	0	0	0	2	1	0	1
chr4	9487408	9488347	940	8	0	940	555	385	72	27	39	44	42	29	30	48	48	15	17	40	20	21	25	38	39	22	10	21	39	17	8	27	28	22	8	22	42	30	8	40
chr4	9488354	9488629	276	8	0	276	148	128	25	19	6	6	18	10	13	7	10	7	11	4	3	2	2	5	20	3	4	10	9	6	4	8	9	9	5	7	10	10	5	7
chr4	9488631	9489273	643	8	0	643	366	277	51	20	14	28	10	29	26	21	21	14	26	16	30	13	12	33	22	15	15	25	27	16	10	14	11	19	12	14	26	17	9	25
chr4	9489276	9498543	9268	8	0	9268	4323	4945	280	182	263	256	223	398	477	261	245	227	429	222	233	180	170	277	360	272	103	252	419	634	181	458	296	373	170	303	284	413	100	325
chr4	9498545	9498568	24	8	0	24	7	17	0	0	1	0	1	0	1	1	0	1	1	1	0	0	0	0	0	0	1	0	0	3	2	1	2	2	0	1	0	1	1	1
chr4	9498570	9502442	3873	8	0	3873	1800	2073	173	94	119	90	111	187	217	97	126	79	196	70	65	52	64	59	142	130	44	96	216	197	55	203	122	194	53	149	132	149	42	148
chr4	9502443	9503887	1445	8	0	1445	716	729	52	25	41	51	31	55	66	38	40	23	73	43	47	38	28	63	40	45	13	43	67	88	20	76	35	61	25	37	48	57	22	52
chr4	9503892	9504413	522	8	0	522	334	188	12	9	9	52	7	18	20	18	14	6	12	20	49	20	16	51	18	15	6	14	11	14	4	17	12	4	8	12	21	13	4	14
chr4	9504422	9504569	148	8	0	148	115	33	7	3	2	22	4	4	2	6	2	1	1	7	20	8	7	17	4	2	1	9	2	0	1	0	1	0	0	1	9	1	0	2
chr4	9504580	9505957	1378	8	0	1378	687	691	20	25	30	55	37	54	41	37	36	18	62	66	37	42	30	95	57	32	16	34	40	130	31	64	29	24	31	20	43	79	16	45
chr4	9505959	9505984	26	8	0	26	15	11	0	0	2	2	1	0	1	1	1	0	2	1	2	0	0	2	0	0	0	0	1	0	0	2	1	1	0	0	0	2	0	2
chr4	9505986	9513638	7653	8	0	7653	4072	3581	314	185	296	288	263	248	347	233	280	183	291	242	227	215	155	303	310	225	83	214	289	323	117	310	199	189	84	242	293	302	78	323
chr4	9513645	9514578	934	8	0	934	531	403	59	35	37	35	37	41	41	38	51	17	27	27	19	20	17	28	49	30	7	27	35	17	4	42	25	19	8	16	48	32	7	37
chr4	9514585	9514947	363	8	0	363	225	138	36	11	14	25	17	8	13	16	19	5	14	7	16	6	6	10	13	7	2	8	11	3	3	10	13	8	3	12	17	9	2	17
chr4	9514949	9516418	1470	8	0	1470	799	671	102	43	57	52	58	47	69	51	64	25	56	37	30	40	24	42	68	37	8	42	57	45	22	52	41	45	22	50	59	49	12	62
chr4	9516420	9516466	47	8	0	47	27	20	5	0	4	1	2	3	1	3	3	0	2	0	1	0	1	0	1	1	0	1	2	0	0	1	2	1	0	5	3	1	0	1
chr4	9516468	9517701	1234	8	0	1234	704	530	98	43	46	47	57	50	44	55	59	26	28	42	19	21	30	38	59	36	11	34	53	25	11	35	39	27	14	30	55	37	14	49
chr4	9517702	9518571	870	8	0	870	508	362	73	27	34	40	26	32	31	25	39	16	39	19	35	20	15	36	31	18	14	32	36	20	7	21	14	24	12	20	33	22	11	46
chr4	9518573	9518620	48	8	0	48	22	26	1	2	3	1	3	1	1	1	1	1	3	0	1	0	1	0	1	1	0	2	4	3	0	2	1	3	1	3	1	2	1	1
chr4	9518622	9520638	2017	8	0	2017	1055	962	99	50	83	56	73	69	107	67	73	68	94	52	42	36	41	43	90	53	16	64	66	72	17	101	66	57	15	58	94	74	16	103
chr4	9520640	9520676	37	8	0	37	13	24	1	1	2	0	1	0	2	1	2	1	1	1	0	0	0	0	1	0	1	0	1	5	0	4	2	2	1	1	0	4	0	0
chr4	9520678	9522372	1695	8	0	1695	886	809	111	48	68	56	69	56	79	49	49	46	69	32	56	27	32	37	67	34	22	54	70	65	21	66	63	58	24	69	53	65	19	59
chr4	9522387	9522650	264	8	0	264	190	74	40	12	8	17	12	6	5	13	10	6	2	5	14	4	8	26	16	2	2	8	7	0	0	4	4	4	0	4	9	5	2	7
chr4	9522654	9522666	13	8	0	13	7	6	2	0	0	2	2	1	0	0	0	0	0	0	0	0	0	0	0	0	0	0	1	0	0	0	2	1	0	0	0	0	0	0
chr4	9522668	9524409	1742	8	0	1742	969	773	79	67	75	56	67	78	90	55	77	42	70	42	55	28	48	39	86	50	7	72	78	41	3	58	49	35	4	58	77	55	4	95
chr4	9524411	9524457	47	8	0	47	15	32	0	0	0	0	0	2	6	2	0	1	4	0	0	0	0	0	1	1	0	1	3	1	0	4	6	2	2	4	0	4	0	1
chr4	9524459	9524523	65	8	0	65	23	42	0	0	1	0	1	6	3	4	0	2	4	2	0	0	0	0	1	5	0	2	7	7	0	3	3	2	0	3	2	3	2	0
chr4	9524553	9524873	321	8	0	321	105	216	1	3	10	1	5	12	26	9	5	4	18	0	4	1	5	0	4	9	3	5	21	28	11	19	23	30	5	30	4	13	5	5
chr4	9524875	9526954	2080	8	0	2080	1201	879	133	52	84	99	80	68	89	80	79	47	104	62	76	33	44	71	85	47	7	61	85	36	3	86	55	43	8	69	92	85	10	105
chr4	9526955	9527437	483	8	0	483	262	221	56	12	13	17	18	19	23	16	15	8	22	12	10	9	6	5	13	14	3	18	24	12	7	17	19	19	4	14	20	15	6	15
chr4	9527439	9527501	63	8	0	63	28	35	0	1	1	1	2	4	4	4	1	2	5	1	0	0	2	0	5	0	1	0	1	1	1	1	5	2	1	6	2	1	1	5
chr4	9527503	9528188	686	8	0	686	350	336	43	11	27	16	19	26	45	17	24	13	42	19	11	13	14	10	22	22	1	18	30	19	6	34	26	25	2	31	28	23	2	45
chr4	9528189	9529156	968	8	0	968	474	494	59	26	33	24	38	35	55	30	28	24	50	22	18	7	15	8	38	22	7	25	42	36	17	40	46	40	16	40	32	37	8	48
chr4	9529157	9529184	28	8	0	28	16	12	4	2	2	0	1	0	2	0	1	0	1	0	1	1	0	0	0	1	0	2	0	2	0	2	1	0	0	1	2	0	0	0
chr4	9529186	9529377	192	8	0	192	90	102	9	7	4	4	8	14	16	3	4	2	7	2	3	3	3	1	12	4	1	9	10	5	4	5	11	13	1	11	8	2	0	4
chr4	9529390	9532908	3519	8	0	3519	1507	2012	107	68	109	66	98	110	206	93	97	103	196	60	48	44	63	39	109	100	35	81	171	210	94	203	126	188	89	148	101	179	34	142
chr4	9532910	9532936	27	8	0	27	5	22	0	0	1	0	0	0	2	0	1	1	0	0	0	0	0	0	0	1	0	0	1	11	0	2	1	1	0	1	0	1	1	0
chr4	9532938	9534482	1545	8	0	1545	677	868	52	35	56	25	48	66	85	47	45	40	81	34	23	15	14	10	48	44	25	39	92	92	28	79	55	83	24	57	51	72	17	61
chr4	9534499	9535101	603	8	0	603	313	290	37	14	24	22	20	22	34	20	30	13	27	16	10	7	7	10	21	16	2	16	28	21	7	26	22	21	4	19	25	24	5	31
chr4	9535119	9535373	255	8	0	255	147	108	20	6	13	9	8	9	12	11	9	5	10	9	11	3	5	5	7	7	2	7	13	1	0	9	11	6	1	10	9	9	1	15
chr4	9535376	9535422	47	8	0	47	21	26	1	2	2	1	3	4	0	0	1	0	1	0	1	0	2	1	1	5	0	0	5	3	1	2	2	2	0	2	0	1	1	1
chr4	9535424	9536802	1379	8	0	1379	694	685	66	31	42	44	52	57	73	47	33	27	61	39	32	31	27	32	48	58	7	32	80	69	8	71	51	47	5	47	49	54	4	53
chr4	9536818	9537730	913	8	0	913	430	483	28	23	29	27	28	47	61	25	37	31	36	16	14	9	7	12	44	31	7	27	59	49	11	38	32	29	8	27	26	48	4	41
chr4	9537732	9537747	16	8	0	16	9	7	0	1	0	0	0	1	0	1	1	0	0	1	0	0	0	2	2	0	0	0	2	1	0	0	0	0	0	0	0	2	0	0
chr4	9537749	9538469	721	8	0	721	395	326	43	18	18	39	33	19	37	28	16	25	23	21	27	13	16	18	22	26	3	24	41	27	3	34	18	26	1	15	35	26	3	21
chr4	9538471	9538527	57	8	0	57	32	25	3	0	2	3	1	5	5	0	1	2	1	2	2	1	0	3	5	1	0	2	4	1	0	1	1	1	0	2	1	2	0	3
chr4	9538540	9542555	4016	8	0	4016	2051	1965	246	98	158	118	153	151	233	114	134	87	176	84	87	64	68	79	164	106	24	106	196	160	19	212	162	156	21	157	129	166	26	160
chr4	9542556	9544387	1832	8	0	1832	938	894	106	55	63	46	50	83	111	64	63	47	64	35	50	30	30	39	94	58	23	40	72	88	14	84	83	54	13	62	59	58	10	82
chr4	9544389	9544491	103	8	0	103	66	37	11	4	4	6	5	3	4	5	3	2	0	4	5	1	1	7	4	3	0	3	3	3	0	3	6	1	0	1	4	3	0	2
chr4	9544493	9544509	17	8	0	17	9	8	0	1	0	0	0	0	0	1	1	0	2	0	0	2	1	1	0	0	2	1	0	0	0	0	0	0	0	0	1	1	0	1
chr4	9544511	9545107	597	8	0	597	273	324	20	11	25	10	17	27	43	21	22	12	25	18	6	2	7	5	23	16	2	11	34	36	5	30	33	24	2	31	19	29	1	28
chr4	9545109	9545156	48	8	0	48	30	18	7	2	2	2	1	0	4	1	3	0	3	1	2	1	1	0	1	1	0	1	1	0	0	1	1	0	0	3	2	0	0	5
chr4	9545158	9545649	492	8	0	492	245	247	30	12	16	13	16	21	34	10	20	11	23	9	5	9	10	6	21	14	1	17	26	16	6	25	15	21	1	19	18	21	2	22
chr4	9545651	9545699	49	8	0	49	21	28	1	0	1	1	1	2	2	6	1	1	3	0	0	1	0	1	1	2	0	0	5	1	0	3	3	3	0	3	2	3	0	0
chr4	9545701	9547408	1708	8	0	1708	933	775	75	50	75	55	54	63	93	76	71	44	62	50	55	28	40	41	71	53	4	57	64	53	4	81	62	43	2	53	89	53	6	79
chr4	9547413	9549041	1629	8	0	1629	845	784	68	33	46	52	41	67	76	73	58	35	73	72	32	30	47	41	50	58	11	46	107	62	10	60	40	39	7	54	60	81	16	82
chr4	9549043	9549087	45	8	0	45	26	19	4	2	1	4	6	2	1	0	0	1	1	2	1	1	0	0	6	0	0	0	1	3	0	1	1	1	0	0	1	2	0	1
chr4	9549089	9550952	1864	8	0	1864	1050	814	140	45	72	78	78	58	87	70	54	43	78	53	63	39	39	53	74	53	5	53	79	47	4	88	64	50	11	57	76	67	6	78
chr4	9550954	9554481	3528	8	0	3528	2043	1485	283	102	136	156	136	116	148	153	139	82	126	101	118	70	82	94	126	100	19	125	146	89	16	127	94	78	16	100	186	111	11	140
chr4	9554502	9559022	4521	8	0	4521	2594	1927	293	128	184	197	171	168	173	169	192	75	189	137	146	99	124	147	186	128	16	140	191	148	14	165	127	82	12	125	177	160	16	240
chr4	9559024	9560006	983	8	0	983	538	445	77	29	20	41	40	33	60	34	30	19	41	26	19	22	20	25	54	19	4	26	37	41	4	38	34	29	5	38	43	31	3	39
chr4	9560020	9560306	287	8	0	287	162	125	17	6	17	9	13	10	8	18	7	5	11	6	11	9	4	9	19	7	0	4	12	9	0	15	9	9	0	12	9	11	0	9
chr4	9560311	9563366	3056	8	0	3056	1702	1354	210	81	109	128	134	117	137	119	107	56	114	85	78	75	73	78	120	96	12	101	153	69	16	117	106	103	14	84	128	87	16	131
chr4	9563368	9563389	22	8	0	22	14	8	1	0	2	1	2	1	1	0	1	1	1	1	0	0	0	0	0	0	0	2	0	0	0	0	1	0	0	1	3	0	0	1
chr4	9563391	9564379	989	8	0	989	565	424	74	32	41	36	43	27	46	51	45	26	34	24	21	23	21	21	39	28	5	36	39	18	7	31	37	24	2	27	52	25	4	48
chr4	9564380	9620875	56496	8	0	56496	31748	24748	3963	1651	2236	2214	2233	1837	2558	2020	2049	1231	2114	1594	1820	1170	1408	1648	2269	1443	346	1832	2328	1684	343	2219	1744	1552	254	1746	2307	1895	267	2519
chr4	9620876	9684875	64000	7	0	64000	35003	28997	4074	1752	2350	2557	2457	2158	3086	2245	2259	1341	2530	1732	1943	1237	1476	1806	2441	1758	355	1934	2894	2163	443	2609	2100	2013	341	2082	2510	2176	359	2817
chr4	9684876	9970875	286000	8	0	286000	154647	131353	16414	7688	10974	10671	10134	10306	14083	10650	10703	6145	11549	7418	8496	5130	6241	8045	11606	7527	1612	8524	12471	10339	1897	12207	9763	8635	1493	9463	11333	10414	1414	12653
chr4	9970876	10116875	146000	7	0	146000	75572	70428	7562	3811	5504	4768	5045	5460	7767	5084	5163	3360	5844	3612	3875	2536	3013	3168	5738	4069	1080	4280	6794	5946	1292	6626	5170	5183	1058	5211	5654	5459	855	6011
chr4	10116876	10258875	142000	8	0	142000	76837	65163	6398	4130	6336	4564	5386	4647	7090	5489	5601	3700	4956	3927	4043	3122	3793	3654	5640	3980	858	5121	6292	4708	704	6011	4667	3712	463	4822	6013	5315	635	6221
chr4	10258876	10415875	157000	9	0	157000	89688	67312	9187	4761	6650	6334	6090	5017	7117	6485	6528	3451	5341	4562	5127	3647	4103	5287	6870	4116	736	5155	6262	4235	520	6153	4860	3400	391	4731	6717	5418	575	7172
chr4	10415876	10566875	151000	8	0	151000	88393	62607	11437	4356	6133	7319	5670	4465	6161	5674	6072	2899	5167	3979	6067	3354	3794	5844	5892	3519	874	4789	5550	3922	982	5392	4528	3803	874	4365	6000	4602	806	6709
chr4	10566876	10774875	208000	7	0	208000	122711	85289	14748	6156	8538	10245	8017	6334	8510	8132	8617	4092	7320	5578	8303	4621	5375	8123	8694	4805	1055	6649	7626	5220	857	7442	6202	4635	682	5815	8471	6485	814	9837
chr4	10774876	10956875	182000	8	0	182000	110461	71539	14182	5428	7815	9523	7276	5130	6875	7255	7687	3500	5858	5134	7803	4155	4852	7986	7686	4018	708	5801	6543	4085	605	6002	4994	3660	477	4781	7313	5472	578	8816
chr4	10956876	11534875	578000	9	0	578000	346422	231578	42733	17317	24432	29405	22852	17195	22511	23283	24391	11118	19291	15951	23911	12992	14998	24041	24514	12834	2509	18765	20532	13511	2153	19605	17041	11605	1905	15851	23754	17850	2137	27011
chr4	11534876	11636875	102000	8	0	102000	62278	39722	7889	3120	4238	5410	4008	2971	3870	4091	4280	1962	3265	2792	4480	2399	2754	4749	4364	2229	449	3410	3453	2069	344	3348	2887	1902	280	2687	4236	3014	367	4681
chr4	11636876	11764875	128000	9	0	128000	80059	47941	10819	3889	5420	7400	5068	3485	4444	5163	5497	2284	3786	3500	6143	3223	3535	6401	5463	2672	508	4238	4128	2467	378	3983	3360	2211	345	3120	5209	3606	409	5844
chr4	11764876	12289875	525000	10	0	525000	331340	193660	44498	16266	21750	30979	20896	14469	17924	21437	22557	9080	15146	15401	25542	12896	14707	27791	22697	10583	2094	17337	16519	9782	1392	15386	13532	8534	1194	12424	21978	14179	1648	24380
chr4	12289876	12378875	89000	9	0	89000	56136	32864	7572	2791	3700	5390	3710	2372	2991	3590	3815	1605	2494	2624	4357	2103	2570	4450	3772	1863	325	2911	2853	1702	222	2660	2337	1418	179	2084	3702	2454	282	4100
chr4	12378876	12516875	138000	10	0	138000	86243	51757	11260	4327	5818	7803	5574	3642	4866	5606	5874	2512	4110	3889	6500	3435	4003	7024	5947	2876	476	4616	4480	2770	337	4260	3600	2328	247	3433	5661	3873	364	6487
chr4	12516876	12626875	110000	9	0	110000	68964	41036	9107	3262	4576	6646	4374	2888	3811	4561	4628	1992	3309	3090	5481	2631	2997	5609	4623	2213	418	3519	3448	2196	355	3358	2979	1935	236	2736	4584	3013	343	5080
chr4	12626876	12792875	166000	8	0	166000	103831	62169	13175	4800	6689	9476	6374	4623	5841	6716	6689	3000	5089	4606	7903	3998	4417	10434	6967	3512	625	5317	5413	3338	488	5206	4424	2983	485	4026	6750	4613	534	7487
chr4	12792876	12890875	98000	7	0	98000	60913	37087	7906	2941	4163	5558	3875	2744	3472	3927	4061	1792	3007	2737	4726	2496	2694	4812	4278	2029	402	3264	3206	1973	290	3036	2545	1771	220	2476	3991	2732	314	4560
chr4	12890876	13399875	509000	8	0	509000	308080	200920	38701	15268	21839	26373	20167	14863	19207	20458	21485	9584	16698	14122	21828	11780	13641	22065	21575	11170	1934	16815	18041	11566	1514	17379	14193	10135	1235	13473	20886	15629	1655	23719
chr4	13399876	13657875	258000	7	0	258000	155998	102002	21542	7953	10924	13645	10059	7015	9620	9173	10721	4680	7999	6746	11741	6254	6785	11140	10296	5736	1335	8535	8658	6015	1752	8350	7007	5542	1656	6973	9906	7482	1289	11469
chr4	13657876	13978875	321000	8	0	321000	191995	129005	23508	9500	13780	16023	12538	9258	12793	12793	13546	6237	10718	9040	13219	7176	8557	13308	13269	7355	1139	10408	11790	7758	985	11339	9326	6493	783	8818	12998	10266	995	15282
chr4	13978876	14437875	459000	9	0	459000	281093	177907	35481	14017	19671	24590	18144	12961	17088	18714	19725	8569	14727	13091	20409	10709	12653	20543	19434	9912	1759	15151	15591	9617	1261	14917	12826	8327	1062	11937	19056	13530	1392	22134
chr4	14437876	14541875	104000	8	0	104000	65041	38959	8885	3217	4433	6027	4337	2764	3648	4185	4566	1884	3024	3030	4774	2376	2916	4974	4271	2227	384	3358	3462	1930	275	3092	2833	1753	242	2626	4368	2849	343	4945
chr4	14541876	14614875	73000	9	0	73000	45222	27778	6016	2220	3031	4086	2916	2034	2577	3047	3094	1309	2294	2101	3328	1768	2024	3376	3084	1571	289	2387	2464	1422	201	2307	1946	1279	171	1858	3080	2122	222	3374
chr4	14614876	14819875	205000	8	0	205000	123302	81698	14872	6250	8684	10456	8132	5768	7920	8290	8744	3896	6761	5827	8514	4642	5659	8887	8589	4699	724	6544	7523	5115	516	7144	5722	3929	448	5515	8275	6555	578	9820
chr4	14819876	15086875	267000	7	0	267000	164807	102193	20880	8064	11124	14759	10113	7142	9562	10405	10982	4753	8297	6968	12852	6695	7511	14700	10963	5590	1099	9001	8712	5866	1131	8639	7191	5195	971	6833	10356	7696	927	12021
chr4	15086876	15201875	115000	6	0	115000	68551	46449	8683	3422	4891	5707	4518	3270	4567	4443	4889	2232	3853	3228	4611	2523	2992	4720	4666	2761	433	3587	4246	2962	427	4153	3237	2363	315	3097	4649	3702	385	5466
chr4	15201876	15499310	297435	7	0	297435	178303	119132	22535	8785	12710	15204	12009	8687	11560	11902	12599	5647	9974	8333	12091	6546	7735	11985	12240	6532	1179	9714	10913	7174	940	10106	8757	6101	778	8144	12247	9326	965	14015
chr4	15499312	15580876	81565	7	0	81565	48379	33186	6108	2362	3483	3971	3044	2370	3350	3115	3244	1555	2760	2159	3528	1919	2192	3219	3220	1842	329	2814	3005	1938	316	3008	2441	1903	289	2361	3212	2584	320	3602
chr4	15580877	15958876	378000	6	0	378000	223587	154413	28831	11395	15113	18562	14385	11521	15259	14044	14975	7165	12680	10073	15709	8866	9804	15203	15565	9137	1862	12383	13961	9731	2039	13322	10754	8560	1746	10460	14930	11625	1647	16691
chr4	15958877	16197876	239000	5	0	239000	137711	101289	16880	7051	9795	10732	8793	7568	10475	8560	9417	4807	8456	6268	9369	5204	6073	8262	9742	5789	1325	7774	9031	6583	1346	9122	7345	5980	1150	7153	9278	7730	1191	10749
chr4	16197877	16344876	147000	6	0	147000	88370	58630	11220	4381	6419	7427	5714	4203	5645	5631	6142	2840	4809	3898	6371	3449	3866	6353	6086	3283	662	4842	5207	3379	681	4983	4160	3099	559	4000	5740	4489	546	6914
chr4	16344877	16457876	113000	7	0	113000	66897	46103	8201	3349	4840	5575	4510	3351	4545	4292	4763	2304	3725	3210	4491	2448	2902	4389	4742	2617	545	3549	4178	2792	457	4113	3260	2414	383	3051	4519	3717	467	5299
chr4	16457877	16782876	325000	8	0	325000	194506	130494	24025	9757	13761	16706	12718	9558	12808	12763	13742	6303	10659	9087	13764	7328	8556	12970	13561	7256	1470	10658	11672	7689	1251	11179	9427	6653	1071	8815	13188	10193	1278	15132
chr4	16782877	17058876	276000	9	0	276000	163749	112251	21020	7913	11676	13714	10641	8253	10883	10383	11281	5288	9453	7512	11381	6138	7160	11051	10913	6359	1390	8930	9904	6816	1308	9837	8177	6125	1170	7788	11166	8565	1186	12617
chr4	17058877	17229876	171000	8	0	171000	103386	67614	13163	5137	7182	8926	6654	4923	6520	6855	7206	3123	5553	4849	7384	3934	4568	7408	7119	3795	664	5539	6114	4095	543	5905	4810	3444	415	4439	6909	5323	560	7939
chr4	17229877	17324876	95000	7	0	95000	56663	38337	7308	2721	3990	4787	3664	2764	3761	3725	3942	1844	3319	2581	3892	2134	2472	3757	3833	2149	425	3057	3464	2353	341	3349	2780	2013	266	2621	3837	2992	342	4515
chr4	17324877	17416876	92000	6	0	92000	54257	37743	6834	2665	3819	4587	3588	2842	3627	3567	3734	1733	3208	2511	3749	1994	2464	3333	3690	2146	411	2987	3479	2422	354	3385	2721	2081	296	2584	3735	2991	299	4162
chr4	17416877	17516876	1e+05	5	0	1e+05	56492	43508	6746	2850	3907	4230	3699	3330	4561	3589	3659	2014	3741	2612	3629	2202	2392	3331	3962	2496	572	3366	4055	2925	667	3746	3210	2725	588	3169	3952	3247	507	4319
chr4	17516877	17803876	287000	4	0	287000	161223	125777	20374	8046	10871	12055	10655	9675	13181	9798	10417	5690	10858	7621	9900	6042	6998	9040	11155	7435	1718	9145	11859	8242	1970	11343	9006	8305	1841	9172	11289	9432	1617	12248
chr4	17803877	18023876	220000	5	0	220000	140392	79608	20444	7111	9367	13155	8700	5316	7261	8324	9045	3644	5777	6184	11888	6116	6422	11637	9003	4484	923	7777	6732	3982	864	6222	5281	3688	814	5187	8585	5646	779	9640
chr4	18023877	18152876	129000	6	0	129000	80432	48568	10666	4026	5530	7479	5247	3517	4521	5011	5553	2309	3874	3537	6237	3128	3620	6175	5481	2688	489	4322	4246	2580	306	4111	3328	2214	294	3236	5241	3761	395	5876
chr4	18152877	18259876	107000	7	0	107000	65459	41541	8465	3281	4532	5851	4462	2975	3975	4256	4541	2024	3260	2969	4660	2474	2938	4794	4490	2386	380	3499	3840	2399	286	3379	3010	1975	264	2839	4328	3144	334	4988
chr4	18259877	18620876	361000	6	0	361000	223007	137993	29092	11205	15279	20098	14784	9838	12841	14455	15630	6452	11086	10321	16168	8685	10107	16966	15408	7753	1297	11721	12221	7696	1028	11522	9756	6166	863	9071	14533	10851	1106	16999
chr4	18620877	19239876	619000	7	0	619000	393137	225863	53053	19137	26148	37701	24991	16337	20613	25230	26644	10628	17497	17430	31351	15635	17441	33301	26643	12415	2172	20507	19310	11272	1512	18091	16018	9876	1324	14522	25199	16621	1800	28579
chr4	19239877	19724876	485000	8	0	485000	309574	175426	42434	14993	19888	30321	19778	12527	15859	20122	20712	8267	13403	13968	24713	12227	13728	26632	20888	9443	1822	15861	15042	8468	1257	13971	12342	7901	1023	11058	20014	12926	1422	21988
chr4	19724877	19883876	159000	7	0	159000	100275	58725	13332	4942	6765	9558	6434	4281	5430	6491	6877	2704	4535	4494	7952	3965	4434	8079	6686	3282	554	5370	5145	2957	372	4777	4239	2619	319	3795	6566	4393	429	7222
chr4	19883877	20251876	368000	6	0	368000	233095	134905	31584	11469	15390	22149	14807	9503	12213	14953	15679	6190	10458	10420	18522	9451	10325	19980	15528	7509	1351	12225	11769	6904	1016	11016	9393	6075	856	8516	14786	10217	1115	16629
chr4	20251877	20775876	524000	5	0	524000	329913	194087	45507	16171	21968	30966	20379	13945	17956	20880	21829	9037	15050	14511	26897	13528	14619	26669	22142	10431	2241	17867	16270	9847	1828	15631	13810	8852	1736	13004	20938	14446	1953	23090
chr4	20775877	20928876	153000	6	0	153000	94864	58136	12433	4663	6288	8603	6073	4151	5508	6196	6358	2774	4732	4314	7124	3683	4472	7491	6402	3217	561	5090	5105	3067	404	4823	4214	2762	387	3925	6207	4353	456	7162
chr4	20928877	21048876	120000	7	0	120000	73953	46047	9264	3621	5087	6724	4741	3311	4264	4819	5100	2235	3827	3356	5592	2872	3452	5686	4794	2518	569	4158	3917	2334	428	3809	3319	2220	367	3096	5105	3416	430	5567
chr4	21048877	21307876	259000	8	0	259000	161273	97727	20856	7948	10804	14883	10434	6969	9004	10569	10859	4619	7950	7355	12342	6334	7267	13079	10913	5344	1079	8535	8279	5070	825	8109	7081	4586	690	6432	10703	7283	848	11949
chr4	21307877	21855876	548000	9	0	548000	344061	203939	45602	16702	23127	32395	21746	14687	18985	22353	23359	9498	16240	15625	27118	13576	15499	27547	23026	11193	2054	18190	17360	10119	1497	16803	14700	9260	1277	13737	22685	15207	1710	25121
chr4	21855877	21917876	62000	10	0	62000	38194	23806	4947	1822	2667	3479	2410	1725	2283	2459	2652	1138	1888	1742	2906	1472	1772	2830	2563	1300	227	2067	2040	1276	177	2041	1679	1215	158	1642	2595	1743	222	2861
chr4	21917877	22174876	257000	9	0	257000	159462	97538	20632	7970	10691	14719	10461	7099	9036	10699	11038	4782	7728	7363	11881	6232	7076	12055	11065	5475	1009	8533	8549	5266	762	7865	6844	4396	698	6164	10837	7305	799	11969
chr4	22174877	22270876	96000	10	0	96000	58796	37204	7500	2905	4065	5417	3893	2612	3512	3795	4281	1756	2991	2752	4213	2204	2697	4202	3934	2085	374	3084	3348	2081	301	3154	2543	1797	253	2469	3988	2921	314	4557
chr4	22270877	22519876	249000	9	0	249000	151755	97245	20343	7940	10396	13137	9836	6969	9428	9425	10095	4579	7588	6838	11543	6036	6729	10872	10288	5622	1209	8405	8584	5498	1065	8089	6940	4943	938	6563	9845	7173	998	11084
chr4	22519877	22590876	71000	8	0	71000	43668	27332	5540	2113	2785	4071	2843	1989	2582	2719	2807	1225	2249	2033	3319	1724	1876	3793	2918	1617	272	2243	2524	1612	234	2333	1823	1415	239	1787	2868	2059	257	3129
chr4	22590877	22725876	135000	9	0	135000	82691	52309	11020	4095	5770	7340	5235	3812	4870	5295	5653	2551	4205	3605	6317	3290	3569	6062	5732	2918	675	4423	4534	3030	572	4341	3697	2571	454	3348	5249	3958	503	6304
chr4	22725877	23625876	9e+05	10	0	9e+05	564974	335026	75787	27751	38450	52757	36231	23752	31002	36092	38735	15874	26759	25605	43993	21950	25601	44634	37700	18381	3377	29869	28853	17090	2317	27281	23551	15254	2142	22237	36972	24816	2760	42425
chr4	23625877	23844876	219000	9	0	219000	135323	83677	17674	6582	9301	12311	8810	6032	7618	8648	9149	3989	6725	6159	10234	5364	6195	10530	8968	4697	930	7372	7327	4513	768	6984	5853	4053	655	5535	8960	6329	785	9948
chr4	23844877	24021876	177000	8	0	177000	107878	69122	13678	5319	7549	9505	6830	5022	6623	7007	7447	3244	5634	4749	8096	4237	4943	7994	7347	3763	851	5861	5781	3811	643	5944	5273	3422	513	4838	7080	5183	705	8106
chr4	24021877	24135876	114000	7	0	114000	67951	46049	8135	3321	4861	5780	4305	3577	4418	4615	4826	2146	3867	3101	4831	2536	3084	4546	4720	2538	544	3778	4117	2692	412	3942	3385	2385	335	3261	4694	3548	449	5249
chr4	24135877	24235876	1e+05	6	0	1e+05	58920	41080	7254	2967	4190	4778	3941	3004	4067	3930	3996	1924	3532	2803	3999	2190	2598	3745	4082	2291	464	3248	3582	2452	409	3657	3127	2181	362	2970	4152	3176	415	4512
chr4	24235877	24341876	106000	5	0	106000	62436	43564	7772	3057	4489	5128	4003	3298	4177	4111	4371	2023	3621	2845	4299	2418	2673	4150	4330	2520	539	3407	3834	2986	463	3846	3114	2276	395	2993	4311	3348	487	4714
chr4	24341877	24420876	79000	4	0	79000	47284	31716	6204	2417	3422	4015	3175	2259	3040	2975	3375	1459	2562	2207	3304	1704	2109	3057	3201	1790	400	2448	2871	1873	336	2699	2263	1629	281	2321	3113	2487	337	3665
chr4	24420877	24498876	78000	3	0	78000	43751	34249	5466	2187	3041	3339	2782	2554	3433	2779	3032	1629	2978	2077	2753	1498	1797	2404	3121	1980	475	2293	3136	2443	612	3071	2291	2116	647	2348	3000	2723	456	3537
chr4	24498877	24717876	219000	2	0	219000	129503	89497	16869	6710	8965	10757	8468	6417	8805	7861	8540	3991	7400	5741	9423	5253	5719	8583	8574	5256	1150	7391	8084	5471	1181	7914	6371	5195	1076	6162	8522	6728	999	9422
chr4	24717877	24754782	36906	3	0	36906	20950	15956	2384	1015	1490	1608	1419	1214	1623	1407	1420	739	1410	1038	1274	747	918	1243	1438	890	193	1195	1516	1065	159	1452	1185	1006	134	1115	1524	1231	174	1678
chr4	24754784	24849877	95094	3	0	95094	54328	40766	6609	2745	3926	4156	3504	3001	4238	3669	3927	1933	3368	2557	3395	1910	2279	3110	3806	2265	545	2973	3782	2675	536	3532	3087	2364	473	2942	3737	3220	464	4364
chr4	24849878	25094877	245000	4	0	245000	137476	107524	15608	6767	10007	10257	8983	7991	11164	9096	9604	5092	9248	6384	8443	5024	5997	7809	9502	6253	1292	7827	10118	7642	1347	9811	7952	6593	1195	7664	9662	8430	1122	11114
chr4	25094878	25598877	504000	3	0	504000	293088	210912	39382	14576	19888	23460	19046	15753	21453	17310	18637	9530	18043	13240	20241	11317	12872	18340	19609	12406	2575	16586	19424	12986	2989	18974	14886	13394	2661	14971	19642	15587	2495	21725
chr4	25598878	25978877	380000	4	0	380000	210642	169358	25786	10342	14656	15656	14084	12686	17820	12676	13829	7671	14857	9929	12741	7560	8916	11433	14148	9903	2317	11891	15996	11699	2800	15570	12246	11644	2460	12396	14875	12819	2201	16391
chr4	25978878	26194877	216000	5	0	216000	120598	95402	13850	5849	8835	8703	7967	7162	9961	7684	8325	4505	8641	5714	7095	4262	5199	6845	8380	5377	1079	6942	9119	6769	1172	8776	6735	6093	956	6818	8539	7597	949	10100
chr4	26194878	26617877	423000	6	0	423000	250625	172375	34056	12442	17179	20734	16256	12704	16718	15058	16683	7658	14729	11147	17416	9888	11018	16937	16958	9806	2130	13798	15427	10442	2380	15175	12081	9995	2115	11851	16271	13181	1945	18820
chr4	26617878	26803877	186000	5	0	186000	117018	68982	16184	5832	8001	10714	7318	4662	6577	7263	7891	3238	5310	5183	9337	4800	5361	9346	7608	3871	673	6380	6038	3526	492	5728	4748	3285	423	4588	7426	5102	540	8553
chr4	26803878	27249877	446000	4	0	446000	268547	177453	34946	13723	18785	22932	17346	12660	17451	16567	18470	8206	14438	12191	19623	10399	11904	18904	18069	9957	2130	14833	15637	10551	1915	15184	12697	9397	1722	12056	17621	13382	1797	20505
chr4	27249878	27757877	508000	5	0	508000	320690	187310	43559	15673	21703	30339	20497	13175	17090	20537	21914	8862	14649	14341	25304	12712	14574	25760	21316	10294	1918	16894	16060	9527	1359	14994	13185	8356	1162	12479	20738	13763	1615	23649
chr4	27757878	27923877	166000	4	0	166000	107311	58689	15201	5230	6920	10764	6737	4186	5360	6565	7129	2727	4456	4565	9049	4447	4679	9294	7118	3177	668	5627	4865	2672	472	4425	4152	2521	353	3762	6713	4064	499	7601
chr4	27923878	28082877	159000	3	0	159000	102396	56604	14512	4933	6396	10273	6463	3949	5081	6579	6669	2599	4212	4620	8470	4190	4474	8974	6828	3095	585	5163	4844	2761	450	4398	3863	2484	387	3646	6537	4113	494	6956
chr4	28082878	28469877	387000	2	0	387000	249520	137480	35432	12100	16124	24692	15732	9854	12361	15378	16385	6346	10550	10853	20798	10016	11116	21781	16781	7398	1317	12820	11394	6518	1020	10768	9668	5995	872	8795	15482	9789	1095	17768
chr4	28469878	28566877	97000	3	0	97000	62391	34609	8999	3009	4124	6229	3882	2351	3080	3894	4222	1566	2654	2684	5257	2484	2654	5301	4021	1805	373	3211	2844	1796	307	2731	2405	1605	234	2150	3937	2472	298	4419
chr4	28566878	28774877	208000	4	0	208000	133936	74064	18626	6453	8762	13271	8500	5048	6669	8360	8806	3457	5716	5942	11181	5350	6090	11703	8706	3966	732	6905	6109	3581	449	5947	5342	3203	403	4800	8420	5336	580	9585
chr4	28774878	28913877	139000	5	0	139000	89520	49480	12732	4387	5880	8806	5745	3464	4460	5345	5899	2385	3902	3925	7429	3626	3907	7628	5832	2682	537	4811	4058	2281	401	3847	3425	2008	342	3143	5699	3615	450	6347
chr4	28913878	29150877	237000	6	0	237000	154469	82531	21531	7569	9889	15408	9499	6037	7235	9732	10207	3899	6246	6672	13161	6310	6861	14212	10583	4287	993	7952	6509	3584	604	6224	5673	3351	583	5163	9738	5699	696	10891
chr4	29150878	29810877	660000	7	0	660000	434178	225822	63424	21048	27095	44881	26781	15758	19739	26825	28000	10487	16875	18621	38243	17380	18714	40307	28403	11848	2477	21945	18449	9911	1653	16838	15705	9200	1374	14034	26545	15892	1940	29606
chr4	29810878	30000877	190000	8	0	190000	124700	65300	18386	6090	7726	12813	7818	4587	5732	7672	8015	3130	4835	5394	10796	5035	5462	11207	8263	3652	702	6226	5337	2808	468	5000	4410	2654	387	4019	7799	4499	565	8511
chr4	30000878	31010877	1010000	7	0	1010000	652231	357769	92796	31487	42034	65343	40605	25423	31929	40652	43042	16729	26962	28063	55217	26302	28757	56888	42869	19081	4006	33985	29340	16521	2997	27670	25419	15532	2674	22879	40981	25394	3273	45148
chr4	31010878	31250877	240000	6	0	240000	153856	86144	22011	7276	10042	15041	9498	6326	7892	9585	10050	3933	6633	6781	12811	6217	6693	13067	10307	4594	969	7881	6986	3993	684	6814	6315	3823	642	5738	9693	6067	809	10827
chr4	31250878	31469877	219000	5	0	219000	141369	77631	20143	6932	8844	14273	8905	5550	6934	8697	9091	3641	6039	5908	12053	5739	6132	12488	9503	4211	872	7276	6548	3643	674	5907	5280	3420	595	5022	8755	5498	681	9744
chr4	31469878	31819295	349418	6	0	349418	229849	119569	32668	10858	14270	23696	14210	8591	10349	14316	14605	5690	8798	9683	20009	9331	9993	22781	15322	6317	1229	11602	9789	5233	856	9040	8305	4901	672	7526	14051	8467	1017	15241
chr4	31835796	32007877	172082	6	0	172082	111375	60707	16031	5246	7112	11252	6875	4343	5459	6765	7254	2829	4792	4639	9482	4399	4747	10148	7300	3304	587	5626	5031	2943	458	4760	4231	2639	425	3889	6880	4306	492	7836
chr4	32007878	32702877	695000	7	0	695000	453451	241549	65151	21819	28452	46095	28123	16985	21606	28290	28988	11172	17842	19521	39255	18415	19749	41987	29922	12922	2469	23078	20023	10878	1789	18398	16950	10430	1521	15645	28109	16857	2029	30528
chr4	32702878	32710877	8000	6	0	8000	5252	2748	721	245	303	581	320	189	232	363	342	132	197	225	468	194	237	501	327	164	23	246	214	148	16	234	192	123	7	158	371	177	16	332
chr4	32710878	32833016	122139	7	0	122139	79739	42400	11340	3814	4947	8085	4805	3026	3792	4733	5039	1966	3208	3386	7004	3118	3450	8024	5208	2286	455	3975	3457	2017	370	3289	2815	1834	317	2778	4876	2996	372	5355
chr4	32839017	32860877	21861	7	0	21861	14879	6982	2033	652	900	1578	822	476	621	868	918	341	512	588	1389	541	584	2054	849	380	62	719	569	293	35	496	481	268	34	437	889	452	53	965
chr4	32860878	33760877	9e+05	8	0	9e+05	584883	315117	83402	28130	38127	58652	36658	22405	28073	36151	38349	14923	23640	25230	49901	23071	25879	52291	38699	16804	3105	29921	25766	14265	2143	24404	22407	13321	1827	20312	36415	22188	2457	41082
chr4	33760878	35049877	1289000	9	0	1289000	847617	441383	122855	40507	52800	87865	52576	30751	38869	52161	55012	20564	32804	35773	73585	34195	37281	80017	55396	23305	4369	42948	35731	19490	3246	32987	31044	18037	2570	28107	52186	30622	3633	57712
chr4	35049878	35388877	339000	8	0	339000	219824	119176	30207	10437	13698	22487	13550	8367	10736	13823	14002	5548	8975	9493	19071	8916	9633	20879	14427	6457	1211	11173	10082	5733	886	9121	8422	5069	746	7831	13545	8563	993	14917
chr4	35388878	35603877	215000	9	0	215000	142048	72952	20715	6636	8891	14908	8630	5225	6310	8868	9178	3417	5312	5977	12626	5865	6188	13301	9495	3769	824	7055	5741	3193	485	5473	5185	2858	461	4528	8612	5071	556	9645
chr4	35603878	35941877	338000	8	0	338000	217952	120048	30459	10549	14230	21582	13870	8494	10846	13390	14584	5727	9197	9549	17908	8737	9852	18977	14481	6456	1139	11431	9999	5731	838	9160	8354	4953	685	7764	13766	8588	932	15770
chr4	35941878	36104877	163000	7	0	163000	105029	57971	14790	5246	6881	10244	6769	4134	5140	6647	6930	2661	4389	4520	8672	4434	4635	8935	7128	3235	597	5515	4811	2642	418	4521	4093	2466	371	3674	6658	4049	458	7335
chr4	36104878	36459877	355000	8	0	355000	225005	129995	31071	11017	15024	21301	13905	9398	12075	14088	14956	6006	10065	9920	18482	9195	10205	18295	15061	6988	1404	12163	10658	6330	1065	10481	9308	5824	978	8788	14439	9392	1179	15937
chr4	36459878	36775877	316000	9	0	316000	200731	115269	27290	9765	13153	19196	12757	8058	10717	12707	13290	5450	8985	9094	16068	7942	9169	17089	13296	6347	1031	10541	9851	5649	815	9320	8195	5242	671	7492	12897	8397	853	14671
chr4	36775878	36952877	177000	8	0	177000	112001	64999	15618	5569	7535	10693	7383	4453	5965	7021	7600	3090	4937	5022	8815	4401	4972	8926	7462	3657	625	5769	5737	3275	521	5139	4596	2976	410	4182	7026	4764	540	8319
chr4	36952878	37110877	158000	7	0	158000	99591	58409	13535	4958	6600	9415	6436	3933	5389	6433	6679	2762	4553	4531	7858	3960	4547	8001	6548	3239	587	5239	5141	2989	402	4746	4093	2683	397	3819	6409	4367	464	7285
chr4	37110878	37228877	118000	6	0	118000	73383	44617	9388	3626	5056	6604	4827	3170	4192	4759	4892	2144	3575	3486	5566	2874	3315	5907	4939	2405	443	4027	3897	2355	310	3630	3201	2093	248	2972	4912	3339	337	5509
chr4	37228878	37305877	77000	5	0	77000	47260	29740	5973	2389	3175	4322	2990	2137	2827	3009	3306	1373	2269	2208	3590	1979	2166	3547	3287	1654	356	2580	2545	1689	369	2418	2032	1392	311	1949	3099	2285	282	3490
chr4	37305878	37395877	90000	4	0	90000	55163	34837	7251	2777	3663	4947	3554	2470	3453	3523	3817	1585	2670	2580	4015	2224	2539	4094	3696	2055	350	2955	3186	1963	290	2883	2424	1733	249	2400	3694	2570	301	4087
chr4	37395878	37686877	291000	3	0	291000	170750	120250	21784	8751	11780	13795	11018	8868	12044	10718	11571	5553	9542	8050	11737	6718	7570	11249	11727	7189	1468	9506	11132	7741	1587	10498	8383	6811	1368	8124	11408	9217	1283	12808
chr4	37686878	37840873	153996	2	0	153996	89824	64172	11133	4412	6070	7295	5701	4964	6452	5787	5902	2889	5511	4061	6174	3649	3916	5907	6484	3676	788	4966	5882	4102	784	5620	4494	3833	708	4471	6043	4777	650	6893
chr4	37840875	38063878	223004	2	0	223004	129258	93746	16751	6551	8745	10257	8227	7074	9522	7896	8516	4269	7747	5951	8810	5066	5796	8080	8984	5372	1268	7336	8350	5875	1451	8185	6741	5713	1433	6553	8644	6901	1202	9736
chr4	38063879	38684878	621000	3	0	621000	358439	262561	44914	18234	25312	28165	23620	19531	26633	22700	24749	12060	22224	16704	23342	13102	15706	21441	24758	15251	3114	19804	24430	17121	3218	23525	18819	15580	2818	18385	24477	20342	2758	28161
chr4	38684879	38823878	139000	4	0	139000	80707	58293	9914	4031	5362	6574	5263	4671	5669	5237	5375	2610	4878	3740	5329	3125	3531	5397	5704	3605	793	4335	5575	3759	801	4979	4117	3388	668	3965	5444	4362	636	6161
chr4	38823879	38968804	144926	3	0	144926	84526	60400	10916	4120	5719	6910	5407	4523	6125	5239	5625	2813	5192	3977	5717	3168	3685	5390	5733	3538	769	4584	5417	3717	839	5380	4311	3581	726	4196	5833	4516	698	6560
chr4	38968806	39121879	153074	3	0	153074	94413	58661	13429	4398	5923	8770	5724	4398	5600	5555	5819	2638	4786	4261	7548	3817	4310	7436	5925	3358	688	5280	5157	3143	806	4879	4044	3341	646	3889	6150	4143	640	6571
chr4	39121880	39274879	153000	2	0	153000	92927	60073	13319	4454	5937	8278	5933	4455	5771	5613	5738	2729	4897	4225	6999	3767	4140	6670	6093	3504	772	5036	5451	3338	746	5030	4157	3423	751	4183	6071	4300	721	6497
chr4	39274880	39726879	452000	1	0	452000	263261	188739	38058	13062	16452	21478	17231	14089	19103	14657	15377	8224	16386	11755	18384	10527	11737	16740	17053	11254	2534	15061	17769	10980	3271	16507	13145	12996	2994	13431	17112	13297	2655	18679
chr4	39726880	39996879	270000	2	0	270000	157160	112840	23257	7717	9520	13014	10112	9156	11199	8354	8810	4650	9685	6912	11330	6463	7023	9956	10277	6896	1637	9176	10535	6322	2215	9727	7672	8089	2178	8059	10337	7492	1762	10466
chr4	39996880	40294776	297897	1	0	297897	170478	127419	23917	8278	10792	13573	11227	9453	12943	9439	10086	5514	11611	7788	11330	6682	7342	10502	10962	7475	1812	9679	11961	7854	2338	11418	8812	9030	2105	8973	11327	9213	1841	12618
chr4	40295080	40514482	219403	1	0	219403	124945	94458	16608	6131	8388	9696	8234	7067	9680	7370	7913	4276	8558	5754	8067	4691	5345	7165	8268	5543	1275	7079	8890	5895	1454	8611	6585	6362	1347	6648	8608	7050	1210	9633
chr4	40514483	40946482	432000	2	0	432000	244007	187993	32554	12047	16012	18747	15705	14449	19712	14207	15384	8299	16782	11184	15717	9186	10390	13630	16226	10968	2718	14069	17473	11839	3177	16996	13368	13040	2984	13486	17007	13638	2659	18345
chr4	40946483	41249482	303000	3	0	303000	179021	123979	24143	9051	12265	14783	11382	9160	12298	10714	11937	5630	10313	8035	12781	7035	7956	11536	12081	7102	1621	10072	11094	7491	1730	10910	8591	7261	1545	8565	11788	9371	1472	13285
chr4	41249483	41380482	131000	4	0	131000	75692	55308	9503	3901	5280	5999	5029	4102	5479	4657	5086	2538	4569	3411	5064	2848	3472	4752	5127	3383	612	4267	5189	3700	799	4805	3850	3247	745	3980	5101	4163	592	5748
chr4	41380483	41502482	122000	5	0	122000	71966	50034	9468	3599	5000	5900	4713	3701	4961	4491	4818	2244	4238	3366	4969	2694	3134	4669	4908	2833	563	3934	4538	3127	578	4441	3586	2894	501	3464	4834	3830	508	5494
chr4	41502483	41712482	210000	6	0	210000	126492	83508	16585	6391	8840	10752	8054	6144	8126	8172	8824	3909	6705	5817	9104	4779	5628	8661	8553	4672	1006	6992	7550	4866	801	7186	5954	4343	683	5646	8438	6522	820	9475
chr4	41712483	41787482	75000	7	0	75000	44269	30731	5794	2243	3233	3697	2933	2197	2788	2824	3004	1419	2494	2010	3236	1609	1922	2865	2924	1776	377	2391	2782	1994	478	2624	2186	1744	445	2083	2851	2364	372	3339
chr4	41787483	42033482	246000	6	0	246000	147575	98425	19834	7428	9946	12826	9685	6851	9582	9009	9697	4527	7933	6527	10819	5962	6623	10324	9806	5511	1123	8328	8875	5992	1286	8327	6960	5562	1230	6740	9486	7415	1095	10689
chr4	42033483	42359482	326000	7	0	326000	190227	135773	25085	9458	13061	15520	12370	9903	13267	11653	12564	6309	11422	8803	13104	7260	8307	12139	12581	7869	1874	10606	12486	8577	2120	11868	9468	8179	1822	9225	12658	10426	1656	14358
chr4	42359483	42835482	476000	8	0	476000	292647	183353	39246	14812	19717	26387	18732	13100	17657	18300	19657	8433	14434	13028	22528	11877	12950	21787	19661	10264	2116	16181	16217	10234	1822	14976	12902	9207	1723	12498	19010	13544	1895	21103
chr4	42835483	42983482	148000	9	0	148000	92821	55179	12052	4547	6356	8672	5995	3766	5188	6091	6415	2594	4428	4312	7165	3603	4319	7317	6088	3024	492	4906	4824	2855	282	4486	4051	2407	265	3749	6078	4161	361	7149
chr4	42983483	43997482	1014000	10	0	1014000	650488	363512	90230	31767	42572	63758	41284	25434	32976	40819	43261	16941	27834	28535	53551	26138	28987	56400	43068	20053	3357	33801	30919	17534	2510	28856	25580	15859	2034	23369	40946	26373	2909	46343
chr4	43997483	44425482	428000	9	0	428000	275469	152531	38516	13367	18180	27032	17152	10403	13699	17233	18397	7127	11733	12283	23030	11043	12490	23783	17854	8291	1387	14408	12802	7471	1061	12189	10616	6531	832	9549	17215	11230	1138	19956
chr4	44425483	45107749	682267	10	0	682267	435074	247193	59776	21311	28728	41834	27765	16967	22665	27115	28598	11762	18714	19390	35511	17487	19955	37495	28749	13557	2381	22839	21182	12263	1811	19550	17479	10995	1616	16306	27102	17991	2004	31367
chr4	45107750	45107808	59	7	0	59	39	20	5	2	0	7	5	0	2	0	1	1	2	0	4	1	3	4	1	3	0	0	3	0	0	3	1	3	0	2	2	0	0	2
chr4	45107809	47400482	2292674	10	0	2292674	1473461	819213	205009	72067	94486	145259	93063	58200	73961	93496	97252	38048	61242	65454	121497	59323	66226	128876	98124	45032	8023	76459	69822	39105	6003	63874	57380	35717	5163	52514	93394	58950	6585	103068
chr4	47400483	47656482	256000	9	0	256000	159040	96960	21294	7818	10844	14673	10215	6908	9127	10079	10804	4468	7576	7335	12316	6317	7230	12035	10552	5354	962	8644	8554	4999	865	7968	6745	4815	753	6565	10478	7219	886	11600
chr4	47656483	47836482	180000	8	0	180000	111321	68679	14994	5547	7476	10015	7153	4889	6569	7069	7437	3240	5429	5020	8447	4428	5047	8560	7537	3725	761	6081	5924	3660	633	5641	4888	3453	603	4646	7330	5020	623	8153
chr4	47836483	47971482	135000	7	0	135000	83940	51060	12090	4301	5660	7510	5234	3631	4796	5013	5531	2378	3832	3601	6706	3540	3890	6226	5497	2895	653	4805	4413	2690	600	4153	3511	2614	539	3346	5252	3657	560	5874
chr4	47971483	48070482	99000	6	0	99000	60307	38693	8426	3053	4037	5376	4057	2728	3741	3489	3892	1811	3079	2708	4518	2252	2696	4442	3902	2352	404	3186	3514	2335	423	3245	2654	2063	397	2728	3945	2767	384	4394
chr4	48070483	48196482	126000	5	0	126000	75873	50127	9860	3740	5229	6398	4633	3773	4990	4613	5115	2257	4126	3379	5620	3072	3352	5714	5115	2882	535	4310	4514	2946	565	4327	3481	2746	505	3324	4900	3778	463	5736
chr4	48196483	48468482	272000	4	0	272000	164642	107358	22257	8383	10922	14211	10394	7734	10353	9858	10864	4825	8738	7426	12258	6779	7496	12143	11053	6185	1262	9221	9532	6424	1441	9059	7193	5809	1197	7128	10561	8038	1152	12102
chr4	48468483	48656482	188000	3	0	188000	118863	69137	16597	5899	7686	11092	6986	4835	6521	7256	7618	3039	5099	5188	10074	5256	5458	10258	7820	3833	876	6500	5607	3492	825	5613	4813	3408	763	4642	7357	4804	774	8009
chr4	48656483	48980482	324000	2	0	324000	194597	129403	26799	9648	13025	16566	12726	9412	12587	11707	12550	5907	10700	8811	13963	7889	8772	13534	12996	7586	1409	10865	11805	7545	1539	11243	9069	7261	1443	8673	12563	9741	1361	14303
chr4	48980483	49031482	51000	3	0	51000	30373	20627	3918	1596	2019	2568	2053	1504	2051	1933	2091	923	1585	1418	2039	1211	1375	2089	2128	1241	206	1659	1928	1288	236	1740	1540	1068	210	1364	1944	1594	212	2267
chr4	49031483	49074482	43000	4	0	43000	26228	16772	3325	1320	1788	2246	1695	1203	1633	1797	1805	786	1319	1255	1854	1016	1170	2016	1850	981	122	1372	1576	967	121	1390	1189	811	101	1125	1712	1295	136	2022
chr4	49074483	49117482	43000	5	0	43000	25777	17223	2155	1192	1002	4699	1462	970	747	3892	4668	305	808	1004	763	508	657	944	1051	665	289	970	3854	625	460	821	891	319	61	431	1275	4150	368	992
chr4	49117483	49174482	57000	6	0	57000	33632	23368	2276	1703	1181	6535	1835	1034	824	5595	6517	407	946	1067	1066	707	738	1199	1013	1163	528	1147	5746	939	782	1024	1070	420	136	462	1459	5969	454	1056
chr4	49174483	49282482	108000	7	0	108000	60098	47902	6940	3064	4051	4473	3987	3747	5171	3799	4118	2338	3832	2794	3483	2268	2457	3576	4423	2989	611	3394	4588	3766	689	4326	3353	2961	523	3195	4340	3652	495	4595
chr4	49282483	49328482	46000	8	0	46000	23162	22838	1881	1322	1342	1394	1237	2120	2335	1471	1789	1268	2223	1042	1032	838	887	981	1860	1485	635	1566	2186	2152	627	1851	1182	1107	514	1349	1935	2072	294	2021
chr4	49328483	49336924	8442	9	0	8442	3868	4574	389	204	261	166	192	336	444	227	302	223	420	163	137	135	154	114	251	319	103	225	405	595	152	442	232	324	159	259	311	356	86	354
chr4	49486925	49514482	27558	10	0	27558	17487	10071	2407	888	1149	1664	1019	764	966	1062	1229	480	763	761	1453	703	747	1431	1162	547	152	975	814	530	117	741	653	404	84	659	1182	721	79	1250
chr4	49514483	49547482	33000	9	0	33000	18570	14430	2246	948	1116	1491	1189	1118	1398	1115	1217	617	1152	886	1148	791	791	1346	1286	939	225	1024	1322	1289	301	1247	963	851	267	843	1249	1079	201	1343
chr4	49547483	49596482	49000	8	0	49000	26893	22107	2779	1317	1891	1920	1767	1797	2503	1862	1934	1166	1713	1224	1427	997	1131	1463	2123	1371	225	1559	2198	1713	206	2107	1554	1380	111	1523	2054	1760	174	2049
chr4	49596483	49631482	35000	7	0	35000	20241	14759	2543	1146	1292	1653	1399	1163	1643	1184	1512	743	1177	935	1180	703	841	1126	1550	904	203	1098	1361	846	204	1281	1057	768	142	977	1421	1173	175	1598
chr4	49631483	49658100	26618	8	0	26618	15763	10855	666	690	404	3822	761	407	129	3211	3905	41	328	436	249	200	188	325	233	360	289	456	3222	266	436	333	452	34	20	44	601	3597	295	216
chr4	51793952	51797333	3382	9	0	3382	2029	1353	275	133	177	135	182	120	137	98	234	43	127	113	29	40	67	118	158	41	28	109	75	28	21	80	131	20	28	117	173	115	25	203
chr4	51797334	51831333	34000	8	0	34000	20666	13334	2801	1315	1599	1566	1754	1093	1282	1071	2009	488	1183	1123	717	571	800	1294	1604	515	264	1084	866	497	157	941	1118	326	183	974	1611	1123	204	1865
chr4	51831334	51879333	48000	7	0	48000	27731	20269	3449	1404	2022	2235	1693	1497	2020	1702	1963	887	1636	1211	2005	1084	1217	1706	1849	1148	286	1589	1754	1504	336	1708	1437	1195	312	1452	1872	1456	223	2146
chr4	51879334	52006333	127000	6	0	127000	75606	51394	9498	3923	5363	6219	5053	3789	5124	4850	5352	2457	4099	3482	5101	2840	3436	5019	5274	3004	530	4201	4866	3064	409	4495	3619	2766	324	3451	5057	4000	458	5875
chr4	52006334	52463333	457000	7	0	457000	275117	181883	35346	14176	19339	23408	18683	12951	17696	17947	19209	8530	14730	12772	19030	10145	12279	18874	19149	10394	1690	14569	16786	10874	1439	15597	13064	9193	1235	12652	18278	14235	1502	21226
chr4	52463334	52605333	142000	6	0	142000	84601	57399	11043	4338	5990	7040	5728	4169	5488	5474	6045	2606	4557	3944	5594	3163	3669	5752	5941	3298	569	4468	5262	3766	633	5007	4071	3087	465	3679	5584	4517	501	6550
chr4	52605334	52612207	6874	5	0	6874	3889	2985	493	196	273	303	235	230	316	253	288	123	272	179	249	131	140	207	264	161	36	219	294	208	45	257	203	195	33	207	272	240	32	318
chr4	52612208	52707332	95125	5	0	95125	55953	39172	7654	2844	3859	4651	3735	2753	3912	3390	3736	1736	3236	2411	3881	2185	2480	3488	3714	2364	356	3084	3674	2532	508	3475	2701	2441	476	2728	3701	2852	366	4200
chr4	52707333	52875332	168000	4	0	168000	96029	71971	11729	4822	6764	7340	6353	5326	7274	6076	6641	3221	6014	4450	5933	3703	4352	6030	6824	4176	818	5254	6723	4732	1023	6412	5098	4404	966	5214	6384	5577	841	7524
chr4	52875333	53003332	128000	5	0	128000	73735	54265	8541	3788	5386	5641	4767	3925	5674	4888	5266	2636	4610	3346	4782	2765	3331	4388	5346	3024	549	4195	4917	3610	563	4918	3900	3052	427	3905	5091	4322	463	5982
chr4	53003333	53123332	120000	6	0	120000	73967	46033	9750	3768	5122	6573	4729	3302	4466	4735	5197	2129	3632	3352	5537	2910	3350	5414	5080	2649	434	3946	4110	2496	308	3943	3209	2161	270	3116	4832	3551	362	5565
chr4	53123333	53359332	236000	5	0	236000	143988	92012	19748	7406	9634	12467	9545	6511	8711	9097	9658	4214	7220	6670	10304	5582	6514	10705	9813	5256	999	7645	8306	5373	1080	7524	6470	4722	827	6235	9275	6932	880	10675
chr4	53359333	53629332	270000	4	0	270000	162971	107029	22024	8381	11196	13926	10671	7588	10438	10388	10925	4973	8588	7266	11906	6626	7244	10830	11048	6222	1196	9102	9665	6110	1119	9120	7565	5759	1013	7357	10807	7922	1136	11887
chr4	53629333	53760332	131000	5	0	131000	77402	53598	9813	3953	5544	6337	5177	3879	5319	5140	5566	2495	4489	3543	5092	2763	3431	4860	5385	3024	523	4158	5080	3411	437	4630	3923	2834	328	3771	5127	4289	454	6223
chr4	53760333	53983332	223000	6	0	223000	130403	92597	16023	6656	9379	10410	8817	6904	9339	8480	9035	4335	7917	6177	8592	4683	5604	8051	9151	5355	942	7130	8719	5833	800	8202	6659	5150	675	6516	9010	7216	847	10391
chr4	53983333	54037332	54000	7	0	54000	33984	20016	5213	1713	2366	3122	2112	1455	1854	1863	2160	912	1534	1396	2929	1381	1517	2457	2176	1161	212	1912	1715	1039	206	1679	1324	1056	198	1334	2067	1383	206	2346
chr4	54037333	54225332	188000	6	0	188000	108906	79094	14571	5355	7330	8759	7113	5831	7803	6388	7079	3519	6994	4906	7253	4124	4812	7067	7191	4651	922	6066	7339	4934	1278	7059	5329	5071	1259	5497	7276	5954	951	8317
chr4	54225333	54660013	434681	7	0	434681	252113	182568	31282	12681	17896	20334	16631	13057	18343	15777	17750	8625	15562	11567	16530	9180	11114	15784	17174	10450	2035	13884	16548	12122	2304	16635	12801	10554	1989	12566	17284	14483	1908	19829
chr4	54660015	54908333	248319	7	0	248319	149265	99054	19294	7499	10815	12658	9852	6986	9567	9430	10556	4696	7986	6769	10565	5604	6808	10179	9991	5684	985	8125	9024	6010	848	8719	6961	5177	726	6796	9859	7729	883	11536
chr4	54908334	54947491	39158	6	0	39158	22895	16263	2707	1199	1687	1834	1518	1181	1641	1529	1679	764	1414	1075	1522	759	1039	1346	1576	900	152	1275	1508	999	116	1466	1201	873	111	1153	1583	1317	145	1887
chr4	54947492	55116332	168841	6	0	168841	101504	67337	13032	5076	7417	8635	6817	4857	6460	6431	7274	3104	5524	4730	7036	3794	4422	6894	6860	3858	700	5413	6160	4044	549	5917	4653	3456	475	4620	6892	5312	554	7873
chr4	55116333	55216332	1e+05	5	0	1e+05	60899	39101	8267	3017	4188	5388	4080	2808	3620	3960	4180	1883	3018	2844	4332	2323	2648	4341	4213	2273	432	3113	3544	2286	455	3202	2756	1946	403	2553	3955	2982	382	4606
chr4	55216333	55670332	454000	4	0	454000	274778	179222	38116	13677	18493	23838	17487	12875	17461	16385	17734	8095	14511	12206	20788	11240	12322	19548	18086	10278	2102	15421	15838	10230	2303	15408	12430	10051	2116	12413	17854	13220	1927	19545
chr4	55670333	55734363	64031	5	0	64031	39034	24997	5236	1999	2539	3461	2619	1711	2424	2554	2666	1161	1979	1940	2714	1462	1767	2801	2587	1508	240	1998	2363	1430	217	2109	1727	1231	186	1654	2632	1951	215	2948
chr4	55734365	55782333	47969	5	0	47969	29566	18403	3965	1487	1936	2605	1882	1390	1748	1883	1924	841	1444	1338	2221	1242	1363	2296	2040	1097	183	1640	1720	1010	155	1506	1249	899	122	1234	1894	1386	156	2111
chr4	55782334	56175333	393000	4	0	393000	239351	153649	32872	11759	15984	21050	15324	10859	14859	14486	15286	7067	12506	10867	18183	9714	10881	17653	15566	8781	1752	13300	13629	8642	1769	13181	10786	8403	1571	10542	15547	11395	1578	17206
chr4	56175334	56797333	622000	5	0	622000	364042	257958	48276	18159	25027	29519	23702	18775	25721	21734	23718	11599	21946	16545	25285	14237	16238	23560	24199	14905	2999	20667	23762	16200	3583	22798	18024	15712	3316	17984	23947	19526	2852	27483
chr4	56797334	56954333	157000	4	0	157000	86853	70147	12244	4292	5528	6427	5905	5196	7228	4781	5042	2974	6363	3967	5300	3344	3873	4389	5465	4217	955	5168	6796	4459	1435	6293	4934	5410	1501	5167	5915	4897	1169	6364
chr4	56954334	57052333	98000	5	0	98000	57126	40874	8101	2768	3754	4600	3728	3053	4102	3237	3382	1841	3469	2596	4012	2355	2484	3643	3748	2408	564	3297	3818	2409	701	3516	2848	2685	676	2915	3706	2942	559	4081
chr4	57052334	57147333	95000	6	0	95000	54850	40150	7083	2728	3951	4331	3641	2957	4103	3360	3732	1872	3409	2471	3637	1911	2355	3308	3667	2341	430	3030	3722	2721	476	3617	2926	2382	431	2923	3746	3092	397	4248
chr4	57147334	57228333	81000	7	0	81000	46199	34801	5634	2397	3326	3519	3088	2544	3499	2977	3206	1691	2872	2170	2949	1598	2109	2618	3223	1981	431	2595	3111	2374	535	3078	2496	2086	469	2483	3279	2657	353	3650
chr4	57228334	57356333	128000	8	0	128000	76417	51583	9705	3816	5505	6405	5130	3681	5087	4888	5423	2438	4378	3463	5173	2888	3437	5000	5184	2881	522	4236	4697	3080	435	4422	3770	2616	352	3684	5135	4055	447	6065
chr4	57356334	57565333	209000	9	0	209000	127346	81654	16453	6421	9033	11147	8727	5713	7798	8400	8983	3805	6678	5889	8891	4818	5565	9024	8630	4573	790	6764	7322	4687	634	6752	6115	3933	459	5639	8570	6202	663	9920
chr4	57565334	58520069	954736	10	0	954736	605516	349220	82567	29677	40524	57362	38997	24901	32103	38029	40872	16595	27026	27019	47694	24004	27179	50965	40477	19352	3384	31964	29962	17505	2432	27667	24712	15262	2143	22847	38879	25447	2833	44354
chr4	58520071	58872057	351987	10	0	351987	230953	121034	33250	11049	14325	23779	14300	8492	10703	14416	14861	5814	9013	9871	19992	9318	10052	21718	15304	6576	1183	11610	9984	5482	848	9104	8349	4827	713	7493	14274	8532	868	15885
chr4	58872058	58872217	160	10	0	160	103	57	22	3	3	12	10	3	8	5	6	4	5	7	1	3	6	4	6	2	0	5	5	1	0	3	5	3	0	4	10	3	0	9
chr4	58872218	58873092	875	10	0	875	634	241	109	31	31	72	29	18	17	39	43	7	19	27	61	25	24	80	35	12	3	31	14	8	2	16	10	6	1	7	45	14	0	37
chr4	58923686	58924416	731	10	0	731	514	217	61	20	30	68	34	14	13	35	29	13	14	23	56	27	22	53	35	11	5	23	18	2	2	12	13	3	0	14	30	18	1	30
chr4	58924423	58924814	392	10	0	392	293	99	63	18	17	35	15	4	8	12	16	7	5	7	37	9	14	24	15	5	1	17	10	0	0	4	3	2	0	7	11	7	1	16
chr4	58924848	58927381	2534	10	0	2534	1824	710	321	92	97	219	113	41	61	103	134	34	46	78	160	62	76	186	115	33	5	76	48	7	2	41	44	12	2	32	110	46	5	131
chr4	58927382	58928106	725	10	0	725	426	299	38	25	14	36	28	35	21	50	23	15	16	23	23	19	20	38	43	19	4	28	36	25	3	16	30	6	2	10	25	30	5	17
chr4	58928108	58928142	35	10	0	35	20	15	4	0	0	1	0	1	2	6	1	0	2	3	0	0	0	0	0	0	0	1	2	0	0	0	1	2	0	1	5	0	0	1
chr4	58928144	58929377	1234	10	0	1234	766	468	109	47	53	67	60	32	47	45	59	28	35	31	49	21	41	41	59	26	5	38	37	25	0	34	39	15	1	35	49	30	6	68
chr4	58929382	58936270	6889	10	0	6889	4508	2381	649	211	272	456	326	152	213	326	287	112	154	251	326	184	191	397	316	117	14	212	209	85	13	164	184	99	12	151	308	170	23	303
chr4	58936271	58939115	2845	10	0	2845	1981	864	311	94	128	203	109	51	68	123	116	47	56	83	200	97	92	201	120	49	3	117	58	35	4	58	51	25	2	40	122	46	5	129
chr4	58939118	58940504	1387	10	0	1387	915	472	121	46	66	94	69	31	30	62	70	20	46	48	68	44	34	64	66	22	10	43	29	16	1	37	29	12	3	20	68	33	6	77
chr4	58940505	58940618	114	10	0	114	81	33	10	4	4	6	4	3	3	5	3	0	2	4	7	8	2	14	7	2	2	4	2	1	0	2	2	0	0	2	4	2	0	3
chr4	58940620	58943004	2385	10	0	2385	1595	790	216	78	82	189	107	39	77	93	99	31	59	64	142	69	73	176	101	39	9	68	56	33	6	58	65	33	10	58	94	48	5	106
chr4	58943005	58943069	65	10	0	65	52	13	2	1	1	7	3	0	0	6	0	0	2	1	6	3	1	17	3	0	0	1	0	0	0	0	3	0	0	3	3	0	0	0
chr4	58943076	58943137	62	10	0	62	51	11	11	2	2	7	1	1	0	4	4	0	1	1	5	0	1	10	2	0	0	1	0	0	0	1	0	0	0	0	3	1	0	2
chr4	58943142	58943159	18	10	0	18	15	3	2	2	0	2	0	1	0	1	0	0	0	0	3	0	1	1	2	0	0	1	0	0	0	0	0	0	0	0	0	0	0	0
chr4	58943160	58943259	100	10	0	100	76	24	8	0	0	13	4	3	1	5	2	0	1	2	7	7	3	19	6	0	2	2	3	1	0	0	3	0	0	1	1	3	0	1
chr4	58943260	64698781	5755522	10	0	5755522	3746764	2008758	536456	180879	236797	379603	235109	141597	179794	231090	242666	93715	148967	161999	319504	150866	165420	342300	247383	108311	19987	191376	166803	92481	14280	153714	141427	85081	12267	128301	231977	141405	16378	257587
chr4	64698782	65385781	687000	9	0	687000	448149	238851	63999	21867	28719	45306	28231	16786	21104	28237	29382	11159	17437	19224	38279	18249	19686	40482	29821	12982	2414	22844	19834	10729	1582	18206	16827	10024	1318	15067	27876	16616	1882	30829
chr4	65385782	65781781	396000	10	0	396000	261053	134947	37977	12481	16156	27362	15895	9751	11845	16211	16947	6220	9717	10962	23157	10616	11268	24487	17377	7065	1413	13213	10819	5979	987	10005	9441	5411	866	8524	16066	9336	1200	17244
chr4	65781782	65850781	69000	9	0	69000	44267	24733	5911	2144	2915	4392	2796	1814	2238	2701	2948	1183	1917	1945	3707	1717	1976	3962	2961	1297	241	2358	2085	1210	155	1992	1712	1093	109	1526	2792	1842	189	3170
chr4	65850782	66417781	567000	10	0	567000	370658	196342	53593	18157	22893	37774	23568	13894	17167	23500	24076	9100	14219	15974	31180	15030	16308	34224	24877	10726	2063	18515	16451	8777	1402	14705	13931	8161	1199	12165	22870	13671	1626	25202
chr4	66417782	66511781	94000	9	0	94000	61661	32339	8914	2996	3986	6250	3884	2197	2962	3817	4104	1543	2370	2692	5243	2472	2714	5515	4043	1694	252	3219	2613	1409	165	2481	2271	1297	132	2054	3933	2268	229	4279
chr4	66511782	66744781	233000	10	0	233000	150690	82310	21341	7183	9694	15171	9366	5950	7511	9205	9876	3806	6129	6504	12807	6120	6733	13292	9843	4532	795	7889	6841	3829	628	6301	5903	3541	551	5341	9445	5697	638	10536
chr4	66744782	66825781	81000	9	0	81000	52799	28201	7796	2516	3258	5356	3222	1967	2507	3354	3387	1290	2042	2277	4520	2107	2434	4765	3437	1527	286	2630	2370	1324	185	2139	2017	1244	187	1858	3226	1922	234	3614
chr4	66825782	67068781	243000	10	0	243000	154768	88232	21055	7591	10389	15048	9872	6042	8031	9873	10564	4137	6779	6890	12592	6063	6956	12885	10127	4860	808	8037	7475	4412	623	7128	6204	3900	544	5742	10012	6466	645	11248
chr4	67068782	67241781	173000	9	0	173000	109540	63460	15000	5302	7373	10420	7032	4454	5794	6887	7407	3042	4975	5095	8656	4254	5085	8763	7156	3434	601	5861	5403	3179	469	5073	4463	2791	383	4127	7144	4720	489	8166
chr4	67241782	67366781	125000	8	0	125000	76058	48942	9924	3823	5516	6592	5102	3357	4716	4755	5282	2361	4021	3475	5547	2739	3400	5448	5012	2846	416	4005	4465	2934	327	4227	3459	2459	293	3358	4994	3714	368	6063
chr4	67366782	67466781	1e+05	7	0	1e+05	61501	38499	8521	3231	4240	5303	4080	2803	3589	3734	4259	1681	3072	2760	4434	2380	2790	4622	4217	2126	405	3347	3393	2207	378	3184	2697	1917	339	2517	3899	2912	318	4643
chr4	67466782	67701781	235000	6	0	235000	148983	86017	21862	7518	9774	13876	9298	5921	8173	8570	9476	3989	6558	6402	12394	6428	6779	11963	9647	4975	912	8322	7349	4298	855	6900	5751	4222	770	5591	9216	5907	831	10471
chr4	67701782	67739781	38000	7	0	38000	22765	15235	2894	1111	1543	1932	1446	1088	1486	1557	1521	718	1226	1081	1619	796	1039	1708	1510	880	162	1161	1384	926	150	1356	1152	825	109	1072	1530	1186	125	1705
chr4	67739782	67872781	133000	6	0	133000	85118	47882	12087	4210	5549	8246	5345	3435	4303	5310	5558	2221	3691	3728	7102	3423	3812	7096	5563	2681	455	4590	4047	2288	391	3811	3331	2121	311	3095	5453	3447	439	5859
chr4	67872782	68166781	294000	5	0	294000	185620	108380	25798	9203	12343	17408	11827	7660	10021	11549	12291	5135	8310	8488	14836	7418	8470	14862	12274	6093	1030	10019	9409	5516	872	8791	7465	4996	761	6929	11909	7983	927	13405
chr4	68166782	68277781	111000	4	0	111000	69902	41098	9805	3515	4668	6508	4516	2773	3786	4500	4663	1946	3215	3185	5512	2747	3054	5509	4487	2282	408	3804	3665	2145	318	3287	2842	1915	328	2606	4580	3073	330	5026
chr4	68277782	68444781	167000	3	0	167000	103418	63582	14496	5248	6904	9321	6496	4382	6095	6135	6665	2963	4922	4629	8312	4286	4670	7892	6794	3544	740	5801	5502	3471	713	5364	4392	3356	672	4054	6420	4679	707	7373
chr4	68444782	68919781	475000	4	0	475000	301424	173576	42628	15279	19829	28401	19717	12418	16243	18970	19989	8390	13001	13048	23802	12086	13119	24503	20772	10013	1557	15831	15117	8820	1210	13868	12183	7716	883	11177	19276	12466	1370	21316
chr4	68919782	69026781	107000	5	0	107000	69982	37018	10045	3428	4493	6952	4365	2779	3263	4449	4619	1716	2702	3050	5889	2793	3029	6409	4724	2052	348	3592	3082	1591	192	2854	2539	1470	164	2321	4511	2606	252	4719
chr4	69026782	69289781	263000	6	0	263000	169902	93098	24215	8285	11131	16759	10859	6735	8310	10748	11236	4541	6781	7328	14080	6922	7186	14785	11644	5106	883	8850	7903	4363	698	7222	6294	3952	539	5757	10811	6765	732	11578
chr4	69289782	69434781	145000	7	0	145000	94120	50880	13490	4658	6198	9275	6083	3745	4519	5924	6359	2449	3602	4013	7690	3772	3997	8344	6595	2770	466	4793	4276	2318	302	3953	3489	2125	269	3101	5911	3636	407	6469
chr4	69434782	69745781	311000	8	0	311000	199781	111219	28547	9907	12810	19476	12934	8187	10187	12309	13081	5260	8247	8694	16178	8115	8742	17105	13644	6300	1145	10380	9598	5202	790	8535	7748	4717	671	7206	12628	7906	884	13865
chr4	69745782	69981582	235801	9	0	235801	152068	83733	21289	7319	9939	15236	9461	5719	7533	9452	10001	4004	6356	6559	13033	6184	6748	13233	10020	4613	739	7855	6965	4120	646	6749	5655	3642	534	5275	9525	6105	593	10697
chr4	69981584	70041782	60199	9	0	60199	38607	21592	5320	1950	2510	3780	2453	1446	1972	2476	2661	1032	1647	1716	3126	1549	1683	3286	2573	1160	245	1999	1792	1043	171	1664	1520	893	148	1326	2462	1574	198	2822
chr4	70041783	70063782	22000	10	0	22000	14389	7611	2028	698	929	1447	859	544	659	936	964	358	584	612	1251	598	632	1289	927	452	70	749	652	339	43	579	524	271	30	457	895	551	51	1020
chr4	70063783	70373782	310000	9	0	310000	202610	107390	29061	9897	12927	20775	12762	7617	9419	12585	13462	4960	7731	9037	17374	8210	9047	17745	13176	6017	1069	10422	9037	4685	669	8290	7380	4211	627	6616	12789	7768	837	13796
chr4	70373783	70526782	153000	8	0	153000	94951	58049	12677	4750	6560	8496	6430	4082	5417	5826	6448	2806	4530	4457	6929	3756	4416	7369	6307	3438	500	5149	5317	3045	438	4797	3939	2662	352	3863	6192	4452	484	7114
chr4	70526783	70605782	79000	7	0	79000	48866	30134	6824	2426	3190	4376	3244	2218	2877	3079	3147	1416	2286	2236	3600	1972	2199	3775	3370	1735	317	2609	2758	1563	282	2434	2119	1550	261	2050	3171	2189	266	3459
chr4	70605783	70707782	102000	6	0	102000	62495	39505	8198	2958	3935	5786	3636	2798	3796	3574	3847	1697	3357	2800	5196	2525	2637	5754	3779	2234	513	3452	3483	2243	667	3303	2587	2307	585	2649	3954	2912	515	4321
chr4	70707783	70970782	263000	5	0	263000	155003	107997	22365	7643	9945	12786	9910	8015	10789	8621	9235	4663	9179	6821	11229	6485	7130	10186	9941	6433	1383	9049	9780	6168	1856	9501	7588	7141	1632	7625	10026	7563	1443	10867
chr4	70970783	71062782	92000	6	0	92000	55986	36014	7890	2894	3771	4967	3658	2475	3430	3265	3690	1592	2775	2546	4284	2231	2507	4010	3612	2134	432	3014	3270	2098	508	2979	2484	1979	490	2410	3463	2644	416	4080
chr4	71062783	71154782	92000	7	0	92000	55677	36323	7691	2836	3702	4814	3829	2614	3474	3469	3684	1637	2993	2587	3840	2120	2504	3882	3766	2106	401	2934	3324	2026	375	3038	2687	1929	339	2496	3609	2702	385	4205
chr4	71154783	71744782	590000	8	0	590000	367502	222498	49862	18612	25592	33050	23531	15850	21103	23109	25215	10499	17140	16399	28508	14676	16730	27626	24478	12740	2149	20270	19635	11640	1681	18332	15492	10444	1511	14871	23987	16464	1711	27091
chr4	71744783	72446782	702000	9	0	702000	447286	254714	62127	21867	29537	43094	28341	17904	23324	28393	29834	12026	19288	19511	36323	17928	20231	37556	29728	14136	2467	23394	21849	12827	1707	20463	18184	11212	1428	16660	28201	18671	1924	31863
chr4	72446783	72615782	169000	10	0	169000	107611	61389	14922	5400	7194	10022	6818	4195	5639	6632	7242	2917	4686	4664	8557	4440	4904	9377	7184	3391	594	5783	5187	3067	489	4873	4211	2689	460	3952	6702	4469	523	7815
chr4	72615783	72955782	340000	9	0	340000	210477	129523	28336	10832	14290	19180	14287	8997	12359	13508	14768	5982	9899	9705	15246	8028	9487	15571	14218	7493	1124	11004	11888	7190	958	10512	9268	6127	738	8649	13777	9738	968	15871
chr4	72955783	73064782	109000	8	0	109000	66262	42738	9028	3246	4529	5841	4374	3170	4131	4077	4472	1975	3512	2913	4770	2600	2971	4651	4415	2506	435	3635	3999	2374	356	3631	2977	2287	323	2927	4362	3193	368	4950
chr4	73064783	73238782	174000	7	0	174000	110966	63034	17093	5492	7187	10394	6556	4516	5884	6166	6823	2715	4788	4651	9694	4819	5055	9132	7066	3616	739	6121	5290	3239	669	5162	4243	3146	614	4151	6523	4359	616	7479
chr4	73238783	73672782	434000	8	0	434000	270675	163325	37053	13637	18384	24792	17491	11188	15431	16594	18634	7690	12823	11987	20688	10759	12358	21165	17927	9153	1666	14528	14189	8599	1480	13441	11437	7747	1232	10790	17151	12211	1536	20237
chr4	73672783	74159782	487000	9	0	487000	304290	182710	40689	15470	20717	28099	19843	12892	17125	18852	20774	8682	14242	13345	23668	11819	13759	24312	20622	10102	1739	16400	15844	9716	1538	14933	12707	8360	1412	12293	19539	13853	1435	22217
chr4	74159783	74280782	121000	8	0	121000	77536	43464	10806	3926	5037	7335	4856	3066	3959	4950	5141	2035	3120	3437	6301	3163	3715	6688	5253	2449	374	4113	3745	2090	303	3409	3001	1875	240	2878	4832	3133	337	5431
chr4	74280783	74416747	135965	9	0	135965	85810	50155	11775	4225	5763	8209	5310	3584	4613	5319	5710	2324	3953	3776	7176	3399	3759	6914	5541	2750	550	4691	4217	2554	449	4127	3475	2387	442	3208	5592	3656	453	6062
chr4	74416748	74419000	2253	9	0	2253	1386	867	184	75	98	113	93	71	70	101	92	53	70	54	101	49	67	94	105	42	16	85	65	52	2	73	67	37	8	46	98	61	8	101
chr4	74419001	74422232	3232	9	0	3232	1941	1291	256	91	141	164	114	95	104	144	152	50	117	92	130	64	87	138	131	71	10	88	112	89	11	134	88	68	4	74	126	118	13	154
chr4	74422234	74423500	1267	9	0	1267	793	474	101	46	67	51	41	30	39	44	50	23	44	39	73	36	45	62	46	28	4	57	47	20	3	41	16	27	2	27	45	36	5	70
chr4	74423501	74434368	10868	9	0	10868	7051	3817	983	325	425	740	414	259	359	440	465	166	304	314	611	297	324	624	436	222	37	351	312	177	27	313	270	161	13	248	455	269	25	500
chr4	74434369	74434384	16	9	0	16	12	4	0	0	0	0	0	0	0	0	0	0	0	4	0	0	3	3	0	0	0	0	0	0	0	0	0	0	0	0	0	0	0	4
chr4	74434385	74437481	3097	9	0	3097	1768	1329	179	104	132	119	132	65	136	100	101	52	91	101	121	83	104	146	103	96	8	97	155	102	8	141	78	85	4	107	97	123	6	119
chr4	74437482	74441442	3961	9	0	3961	2215	1746	249	124	195	165	164	115	172	100	174	76	124	82	146	86	102	140	128	120	8	145	175	155	25	188	106	125	11	103	142	143	14	157
chr4	74441443	74441472	30	9	0	30	30	0	0	0	0	0	0	0	0	0	0	0	0	0	0	0	0	28	0	0	0	0	0	0	0	0	0	0	0	0	0	0	0	0
chr4	74441473	74441970	498	9	0	498	279	219	21	10	10	22	14	19	25	20	9	11	22	17	19	12	9	37	14	11	4	23	22	13	6	17	18	16	5	11	24	18	1	16
chr4	74441971	74443745	1775	9	0	1775	1139	636	144	45	71	105	67	51	48	111	76	25	45	65	78	44	53	109	67	31	6	61	58	29	0	45	55	29	3	41	97	43	1	70
chr4	74443750	74444723	974	9	0	974	554	420	58	19	39	57	32	25	40	35	39	16	36	34	43	21	25	33	24	20	4	33	37	30	8	43	21	37	12	26	50	31	6	38
chr4	74444724	74446039	1316	9	0	1316	636	680	68	34	52	34	32	34	54	17	37	34	72	33	51	24	30	29	33	36	19	38	36	53	47	54	34	55	53	46	34	46	25	70
chr4	74446040	74446060	21	9	0	21	17	4	5	1	1	1	0	1	0	1	1	0	0	1	2	0	0	2	1	0	0	0	0	0	0	0	0	0	0	0	1	0	0	1
chr4	74446061	74446891	831	9	0	831	512	319	84	15	35	49	28	27	31	33	41	14	20	29	30	19	22	33	30	17	3	25	26	20	5	23	24	15	2	25	39	22	8	35
chr4	74446892	74449905	3014	9	0	3014	1876	1138	266	110	132	157	117	87	106	114	122	52	86	70	160	77	93	126	125	73	10	118	94	78	5	84	91	43	9	77	113	67	12	138
chr4	74449908	74450500	593	9	0	593	388	205	56	21	24	36	21	23	14	29	21	9	22	14	39	9	13	37	31	10	5	16	11	6	4	10	22	4	3	15	22	11	2	31
chr4	74450501	74451775	1275	9	0	1275	859	416	103	41	50	92	48	26	36	64	47	28	28	40	88	40	45	81	60	21	4	50	28	13	0	29	26	12	2	28	61	24	6	52
chr4	74451776	74452914	1139	9	0	1139	784	355	114	54	49	73	49	22	21	42	50	13	27	25	78	27	39	100	50	21	6	39	27	20	1	27	18	9	0	21	39	24	3	49
chr4	74452915	74455500	2586	9	0	2586	1685	901	249	85	114	167	98	65	77	97	112	35	82	70	156	64	78	134	88	53	7	101	75	37	5	68	64	35	8	61	110	60	8	121
chr4	74455501	74455687	187	9	0	187	114	73	14	10	10	5	10	7	4	7	6	1	5	5	9	8	4	7	14	5	2	7	5	3	1	7	4	3	2	3	5	5	1	6
chr4	74455688	74456585	898	9	0	898	520	378	49	21	36	41	30	25	38	36	39	13	32	36	29	17	38	38	21	26	2	27	31	23	1	45	28	16	0	38	49	35	1	35
chr4	74456589	74456994	406	9	0	406	249	157	39	15	23	17	19	14	16	9	21	3	9	12	15	7	13	16	17	6	2	14	12	7	1	13	10	10	0	20	19	10	1	14
chr4	74456995	74457770	776	9	0	776	489	287	62	25	39	34	31	24	21	19	27	17	32	20	41	25	30	40	29	18	5	39	25	7	2	24	7	15	2	18	34	18	3	41
chr4	74457771	74560416	102646	9	0	102646	65181	37465	8612	3195	4473	6173	4048	2728	3462	4215	4507	1717	2803	2948	5286	2626	3006	5382	4349	2072	331	3512	3209	1812	224	2987	2624	1639	182	2547	4271	2709	297	4698
chr4	74560417	74560485	69	9	0	69	67	2	2	0	0	8	0	0	0	2	0	0	0	0	8	0	0	45	0	0	0	0	0	0	0	0	2	0	0	0	0	0	0	0
chr4	74560495	74560511	17	9	0	17	17	0	0	0	0	2	0	0	0	0	0	0	0	0	2	0	0	11	0	0	0	0	0	0	0	0	0	0	0	0	0	0	0	0
chr4	74560529	74560540	12	9	0	12	12	0	0	0	0	1	0	0	0	0	0	0	0	0	1	0	0	8	0	0	0	0	0	0	0	0	0	0	0	0	0	0	0	0
chr4	74560544	74560557	14	9	0	14	13	1	0	0	0	1	0	0	0	0	0	0	0	0	1	1	0	9	0	0	0	0	0	0	0	0	0	0	0	0	0	0	0	0
chr4	74560558	74560616	59	9	0	59	56	3	2	1	0	5	0	0	0	2	0	0	0	0	6	1	0	37	1	1	0	0	1	0	0	0	0	0	0	0	0	0	0	0
chr4	74560665	74560708	44	9	0	44	41	3	0	2	0	5	0	0	0	2	1	0	0	0	5	0	1	23	2	0	0	0	0	0	0	0	0	0	0	0	0	0	0	1
chr4	74560709	74560782	74	9	0	74	70	4	2	4	0	8	0	0	0	2	0	0	0	0	12	0	2	38	2	0	0	2	0	0	0	0	0	0	0	0	0	0	0	0
chr4	74568071	74568636	566	9	0	566	389	177	60	16	23	45	22	7	11	28	28	9	9	17	34	22	21	36	26	10	4	14	9	5	0	21	10	7	1	6	23	13	5	22
chr4	74568647	74569978	1332	9	0	1332	891	441	120	47	56	85	59	48	27	61	62	23	21	46	67	37	40	90	87	16	6	48	33	19	2	32	23	8	0	15	52	43	8	49
chr4	74569994	74576272	6279	9	0	6279	3925	2354	504	171	293	352	239	162	226	249	279	110	182	209	298	159	202	289	262	113	22	205	200	115	12	193	175	103	7	167	239	189	13	338
chr4	74576273	74581852	5580	9	0	5580	3474	2106	505	178	218	308	222	154	193	207	211	113	171	144	273	127	171	277	232	117	21	202	175	102	28	164	137	106	36	147	232	144	23	240
chr4	74581853	74581868	16	9	0	16	11	5	0	0	1	2	1	2	0	0	0	1	0	1	2	0	0	0	1	0	0	1	0	0	0	0	0	0	0	0	2	0	0	0
chr4	74581870	74586664	4795	9	0	4795	2875	1920	341	125	234	246	190	127	181	194	228	90	163	144	187	100	137	188	171	90	10	171	182	117	4	181	136	107	6	119	202	170	8	244
chr4	74586675	74589572	2898	9	0	2898	1741	1157	233	79	118	146	106	96	112	94	111	44	110	72	126	71	73	148	116	70	13	92	100	63	11	112	83	64	12	83	109	89	14	126
chr4	74589573	74589662	90	9	0	90	64	26	20	0	20	0	0	0	0	0	21	0	2	0	0	0	0	0	0	0	0	0	0	0	0	3	0	0	0	0	0	3	0	19
chr4	74589672	74592291	2620	9	0	2620	1761	859	245	74	120	202	106	63	82	94	132	37	55	62	157	76	73	182	117	39	5	89	61	33	3	73	60	34	2	56	107	64	4	111
chr4	74592295	74592959	665	9	0	665	427	238	75	21	21	40	30	21	28	14	25	13	22	21	28	14	19	33	26	13	7	23	18	8	2	15	19	8	1	16	30	14	2	36
chr4	74592962	74593019	58	9	0	58	40	18	11	0	11	0	0	0	0	0	11	0	6	0	0	0	0	0	0	0	0	0	0	0	0	0	0	0	0	0	0	0	0	17
chr4	74593020	74593106	87	9	0	87	60	27	18	0	17	0	0	0	0	0	17	0	7	0	0	0	0	0	0	0	0	0	0	0	0	2	0	0	0	0	0	1	0	23
chr4	74593123	74593290	168	9	0	168	112	56	27	4	25	3	4	3	2	1	26	0	8	1	0	1	2	3	4	2	0	2	3	1	0	5	1	1	0	2	2	5	0	28
chr4	74593291	74594368	1078	9	0	1078	680	398	68	39	32	69	40	45	27	63	43	18	21	26	58	35	31	64	67	29	5	35	44	28	2	25	28	6	2	18	36	36	3	33
chr4	74594370	74595261	892	9	0	892	635	257	90	25	28	73	30	22	19	45	27	7	17	33	68	40	26	83	46	12	1	35	14	13	0	20	15	4	0	13	41	18	3	22
chr4	74595263	74603869	8607	9	0	8607	5398	3209	674	259	349	518	357	250	280	417	351	160	246	229	419	230	232	425	403	183	30	283	285	169	18	244	253	147	10	198	363	217	24	382
chr4	74603882	74605882	2001	9	0	2001	1374	627	188	53	98	168	82	31	46	76	79	29	39	70	159	64	65	126	63	41	3	70	55	22	2	54	38	22	0	40	79	48	5	84
chr4	74605901	74606891	991	9	0	991	600	391	62	25	49	54	35	22	36	44	47	24	37	22	46	14	30	52	33	18	1	33	34	27	1	32	33	18	1	30	38	31	3	57
chr4	74606893	74609789	2897	9	0	2897	1724	1173	212	93	121	144	116	73	112	105	111	47	125	92	132	62	79	99	91	74	10	99	102	72	8	109	78	64	10	80	135	81	10	149
chr4	74609792	74626906	17115	9	0	17115	10885	6230	1507	546	763	1036	683	409	578	668	790	294	513	479	872	403	510	833	694	322	61	574	458	294	44	520	432	284	43	427	754	416	62	844
chr4	74626907	74644079	17173	9	0	17173	10780	6393	1467	518	718	991	658	447	616	703	683	316	508	484	886	431	493	860	698	362	68	584	547	303	54	516	471	301	34	463	708	454	56	773
chr4	74644081	74644135	55	9	0	55	44	11	17	0	1	6	2	0	1	1	0	1	2	1	6	0	0	4	1	0	1	0	1	0	0	0	1	1	1	1	1	0	0	3
chr4	74644137	74647189	3053	9	0	3053	2014	1039	293	92	112	213	129	71	91	139	122	45	77	96	168	85	85	194	134	67	8	84	117	50	0	65	65	36	0	73	114	79	4	143
chr4	74647196	74651080	3885	9	0	3885	2577	1308	392	112	170	271	129	80	121	154	198	59	94	124	226	101	129	216	141	65	16	130	105	66	3	105	68	56	4	74	170	92	7	205
chr4	74651081	74651274	194	9	0	194	86	108	25	0	14	1	0	0	1	5	14	0	21	3	0	0	0	0	0	0	0	0	5	31	0	30	1	3	0	0	0	32	0	6
chr4	74651288	74658842	7555	9	0	7555	4724	2831	604	230	307	436	310	213	246	356	326	142	228	228	337	197	215	348	341	152	29	260	237	154	15	218	219	101	12	168	328	218	28	350
chr4	74658843	74659360	518	9	0	518	296	222	48	13	21	22	26	19	18	14	17	9	18	12	14	15	15	14	18	20	1	16	28	16	2	22	11	16	0	15	20	16	1	19
chr4	74659361	74660228	868	9	0	868	495	373	69	26	38	31	35	33	37	25	34	18	40	22	26	27	18	14	35	25	2	42	33	22	5	37	19	22	3	14	44	28	2	40
chr4	74660230	74660257	28	9	0	28	19	9	4	0	1	1	1	1	1	1	1	1	2	0	1	1	0	2	3	0	0	0	1	0	0	0	0	0	0	0	0	0	0	4
chr4	74660260	74665229	4970	9	0	4970	3154	1816	425	148	215	307	199	120	156	187	203	88	158	145	268	139	152	243	180	104	18	193	161	75	18	151	111	83	17	111	210	143	13	227
chr4	74665230	74667407	2178	9	0	2178	1369	809	179	69	90	131	81	58	87	89	100	39	63	49	107	52	60	113	99	39	7	73	67	38	4	63	68	32	6	62	81	63	5	102
chr4	74667408	74670252	2845	9	0	2845	1824	1021	263	101	132	156	121	66	87	104	127	49	85	91	141	81	81	137	127	54	16	100	71	62	6	87	55	27	4	60	125	83	6	138
chr4	74670254	74670292	39	9	0	39	20	19	1	1	1	2	1	2	1	2	2	0	4	2	0	0	0	0	1	0	0	2	2	1	0	4	0	0	0	0	3	5	0	0
chr4	74670294	74678970	8677	9	0	8677	5469	3208	699	251	376	533	354	219	270	345	393	130	283	271	413	227	255	449	348	182	28	269	295	168	15	274	212	127	16	197	334	275	23	444
chr4	74678972	74685580	6609	9	0	6609	4254	2355	635	219	299	415	317	147	238	220	294	125	176	171	323	148	177	348	265	136	16	222	215	92	5	184	187	108	9	150	255	160	16	335
chr4	74685583	74687068	1486	9	0	1486	923	563	148	54	56	82	64	34	63	51	76	18	50	53	51	34	39	48	64	28	3	46	56	28	5	38	35	27	6	30	57	44	2	94
chr4	74687069	74688239	1171	9	0	1171	710	461	100	35	39	65	49	25	57	37	39	19	40	27	52	45	31	48	48	31	1	44	50	30	0	42	29	35	2	24	41	26	1	57
chr4	74688240	74688995	756	9	0	756	448	308	75	25	35	25	28	19	32	30	38	12	17	19	18	20	20	34	29	26	4	17	35	16	3	29	24	18	1	19	21	24	2	39
chr4	74688997	74689025	29	9	0	29	18	11	2	1	2	0	0	1	2	0	2	1	1	1	1	0	1	1	1	1	0	1	0	1	0	1	0	0	0	0	2	0	0	4
chr4	74689027	74689812	786	9	0	786	534	252	85	33	37	56	28	21	19	21	37	6	13	17	61	16	31	52	30	13	2	31	21	11	3	20	16	10	0	20	22	20	3	29
chr4	74689813	74695689	5877	9	0	5877	3573	2304	445	166	254	286	220	155	224	247	233	103	198	167	254	159	169	292	253	120	15	195	200	125	10	234	184	114	5	147	208	210	14	269
chr4	74695692	74698656	2965	9	0	2965	1763	1202	203	82	144	146	102	81	121	113	139	61	109	69	131	64	84	113	117	62	6	103	101	70	11	112	94	65	10	73	105	97	5	170
chr4	74698657	74700218	1562	9	0	1562	943	619	134	44	66	83	60	40	65	59	61	36	39	35	73	42	40	65	64	39	7	52	63	35	4	57	36	38	9	43	61	47	6	57
chr4	74700219	74717539	17321	9	0	17321	10510	6811	1334	568	730	880	702	506	713	694	749	321	523	483	726	407	456	717	761	395	55	590	644	394	37	534	508	306	30	480	702	514	42	818
chr4	74717541	74900289	182749	9	0	182749	113002	69747	14918	5613	7908	10204	7273	4977	6579	7319	7948	3334	5632	5119	8505	4346	5089	8236	7650	3866	708	6046	5976	3652	531	5899	4996	3278	467	4645	7527	5262	626	8618
chr4	74900290	75280289	380000	8	0	380000	229951	150049	29563	11867	16262	19600	15563	10593	14798	14671	16081	7280	12014	10762	16086	8556	10323	15931	15821	8637	1334	12503	13744	8799	1131	12724	10642	7367	1025	10184	15418	11595	1138	17986
chr4	75280290	75384289	104000	7	0	104000	62826	41174	8052	3278	4424	5270	4345	2832	4016	4235	4464	1961	3287	2937	4163	2397	2842	4322	4331	2449	372	3316	3890	2433	248	3511	3030	1975	197	2771	4177	3225	277	4971
chr4	75384290	75506289	122000	6	0	122000	74967	47033	9987	3917	5116	6520	5104	3165	4471	4839	5110	2195	3596	3566	5340	2917	3424	5699	5080	2694	462	3958	4393	2618	352	3960	3274	2336	315	3123	4831	3675	395	5566
chr4	75506290	75588861	82572	5	0	82572	49551	33021	6792	2541	3271	4197	3166	2402	3223	2937	3194	1492	2688	2290	3649	2034	2291	3384	3359	1924	429	2757	2966	1955	454	2830	2245	1853	360	2223	3157	2473	371	3663
chr4	75588888	75621315	32428	5	0	32428	19732	12696	3078	939	1256	1725	1233	957	1198	1081	1165	513	1070	881	1521	771	899	1443	1217	738	157	1068	1167	645	192	1071	874	822	205	911	1212	870	174	1373
chr4	75621316	75748944	127629	4	0	127629	74804	52825	10540	3870	4772	6153	4851	3840	5179	4052	4435	2326	4380	3163	5509	3214	3569	4950	4864	3165	768	4454	4739	3063	977	4750	3537	3563	981	3659	4781	3738	748	5037
chr4	75748945	75749485	541	4	0	541	370	171	49	18	20	38	21	14	15	24	25	5	9	15	29	13	15	59	24	8	5	13	11	5	1	10	23	4	1	12	16	10	3	24
chr4	75749487	75749850	364	4	0	364	212	152	44	10	15	9	10	11	13	9	8	9	16	6	16	9	18	8	9	8	1	21	11	4	5	12	11	13	3	15	12	7	5	14
chr4	75753883	75754086	204	4	0	204	93	111	10	3	3	5	4	10	12	5	1	2	9	8	6	8	5	1	6	11	3	3	16	7	2	12	5	13	4	8	4	7	3	6
chr4	75754087	75952346	198260	4	0	198260	117346	80914	16533	5810	7668	9802	7472	5911	8151	6657	7162	3604	7039	5249	8647	4757	5230	7652	7559	4732	956	6835	7366	4647	1205	7044	5565	5157	1156	5638	7702	5726	1055	8571
chr4	75952347	76073346	121000	3	0	121000	72002	48998	9391	3607	5068	5981	4511	3533	4775	4371	4861	2204	3982	3218	5284	2993	3443	4778	4786	2814	588	4149	4355	2962	611	4328	3390	2808	553	3389	4659	3672	532	5402
chr4	76073347	76376346	303000	2	0	303000	181736	121264	23703	9217	12332	15385	11699	8657	11964	11143	11843	5628	9694	8155	13392	7417	8367	13139	12393	6915	1379	10232	10961	7355	1392	10475	8540	6704	1298	8300	11569	9209	1191	13350
chr4	76376347	76568346	192000	3	0	192000	113904	78096	14796	5534	7937	9538	7357	5672	7623	7179	7660	3586	6467	5191	7992	4507	5126	7737	7618	4516	835	6330	7178	4911	921	6819	5507	4462	776	5319	7528	5940	750	8686
chr4	76568347	76646346	78000	2	0	78000	46078	31922	5873	2394	3193	3828	3046	2352	3161	2855	3122	1439	2656	2173	3247	1752	2101	2886	3095	1896	392	2554	2888	1932	356	2879	2247	1754	275	2262	3184	2473	319	3414
chr4	76646347	76870346	224000	3	0	224000	131072	92928	17144	6630	9054	10382	8461	6680	9396	7982	8691	4285	7926	5841	8913	5042	5914	8729	8857	5391	1010	7380	8458	5900	1147	8464	6448	5520	1000	6610	8756	7158	993	9836
chr4	76870347	76917177	46831	4	0	46831	26994	19837	3229	1289	1870	2136	1687	1364	1952	1743	1829	890	1697	1300	1779	1059	1239	1931	1806	1097	198	1501	1790	1354	360	1740	1342	1238	295	1398	1808	1554	235	2119
chr4	76917180	76917195	16	4	0	16	3	13	0	0	0	0	0	0	2	0	0	1	0	0	0	0	0	0	0	1	0	0	0	4	0	1	1	2	0	1	1	0	0	0
chr4	76917196	76917227	32	4	0	32	6	26	0	0	0	0	0	2	1	0	0	1	2	0	0	0	0	0	0	2	1	0	2	4	4	2	0	4	1	1	0	3	0	0
chr4	76917228	76917240	13	4	0	13	2	11	0	0	0	0	0	0	1	0	0	1	0	0	0	0	0	0	0	1	0	0	0	5	0	0	0	1	0	1	1	0	0	0
chr4	76917241	76917289	49	4	0	49	8	41	0	0	0	0	0	2	2	0	0	1	3	0	0	0	0	0	0	2	1	0	1	7	8	3	2	8	2	1	1	2	0	1
chr4	76917291	76917336	46	4	0	46	11	35	0	0	1	0	0	1	3	0	1	0	3	0	0	1	1	0	0	0	0	2	2	8	3	3	1	7	1	2	1	2	0	1
chr4	76917337	76917395	59	4	0	59	9	50	0	0	0	0	0	1	2	0	0	3	3	0	0	0	0	0	0	2	1	0	2	15	9	3	0	7	2	1	1	4	0	1
chr4	76917396	76917517	122	4	0	122	26	96	0	0	1	0	0	2	8	0	1	4	6	0	0	1	1	0	0	3	1	3	6	23	13	7	2	16	6	4	3	7	0	2
chr4	76917518	76917567	50	4	0	50	9	41	0	0	0	0	0	1	2	1	0	0	2	3	0	0	0	0	0	1	0	0	3	12	6	2	0	6	2	2	1	4	0	0
chr4	76917572	76917763	192	4	0	192	36	156	0	0	1	0	0	5	10	0	1	5	10	2	0	1	1	0	0	6	3	2	9	46	19	12	1	24	8	7	5	11	0	1
chr4	76917764	77274346	356583	4	0	356583	207858	148725	25592	10735	15073	15951	13669	10693	14873	12920	13964	6949	11897	9450	14127	8756	10108	13099	14241	8778	1670	12444	13721	9372	1843	13054	10204	8719	1656	10763	13990	11121	1459	15690
chr4	77274347	77358741	84395	5	0	84395	48207	36188	4906	2641	3788	3353	3572	2475	3714	3342	3461	1887	2721	2293	2749	2052	2573	2680	3494	2307	289	2964	3497	2348	236	3331	2680	1933	156	2589	3432	2824	195	3911
chr4	77358742	77392345	33604	5	0	33604	18925	14679	1799	1002	1535	1200	1334	1051	1521	1328	1304	795	1161	872	1099	839	1058	1026	1401	852	120	1314	1361	947	105	1369	1114	816	65	1081	1358	1166	98	1511
chr4	77392346	77713345	321000	6	0	321000	189912	131088	22613	9789	13625	15510	13196	9423	13033	12449	13173	6249	10190	8994	12554	7467	9070	12575	13176	7776	1123	10853	12584	8202	998	11356	9493	6916	788	9217	12848	10246	1019	14493
chr4	77713346	77967345	254000	5	0	254000	158595	95405	23510	8009	10221	14410	9852	6732	9033	9105	9940	4138	7460	6802	12847	6788	7513	12233	10131	5441	1112	8983	8186	4821	1192	7861	6623	5198	1123	6394	9782	6600	969	10989
chr4	77967346	78136345	169000	6	0	169000	103057	65943	13788	5335	7079	9022	6839	4749	6238	6379	7039	2985	5298	4702	7558	3881	4592	7571	7000	3719	695	5536	5946	3727	745	5485	4639	3384	608	4435	6620	5073	580	7751
chr4	78136346	78432345	296000	7	0	296000	178479	117521	22824	8935	12638	15164	11379	8596	11594	11432	12410	5568	9616	8145	12948	6801	7956	12471	12018	6647	1229	10006	10459	7040	1029	10078	8472	5925	840	8039	12052	8994	1012	13681
chr4	78432346	78852345	420000	6	0	420000	254539	165461	33411	12476	17750	22051	16074	11978	16141	15796	17206	7743	13607	11292	18998	10163	11661	18190	16940	9489	1690	14241	14478	9575	1660	14374	11547	8763	1396	11460	17024	12260	1480	19084
chr4	78852346	78939345	87000	7	0	87000	56171	30829	8016	2811	3708	5464	3341	2169	2917	3292	3547	1378	2189	2366	5095	2548	2635	4694	3653	1701	326	3226	2438	1482	236	2485	2200	1349	211	2040	3428	2110	245	3698
chr4	78939346	79037345	98000	8	0	98000	61621	36379	8709	3151	4054	5621	3988	2562	3502	3885	4189	1730	2767	2833	4649	2440	2770	4771	4232	2035	363	3253	3139	1818	263	2934	2568	1622	245	2386	3998	2679	323	4519
chr4	79037346	79596345	559000	9	0	559000	355485	203515	49540	17507	23300	34213	22831	14151	18625	22608	23898	9685	15500	15533	28291	14110	16021	29672	23722	11160	1915	18656	17535	10411	1571	15932	14520	9052	1319	13105	22437	14826	1599	25753
chr4	79596346	79679345	83000	8	0	83000	53054	29946	7408	2715	3508	5059	3374	2149	2788	3334	3532	1400	2274	2332	4376	2135	2358	4311	3516	1693	298	2891	2596	1394	186	2340	2089	1247	152	2004	3444	2182	220	3693
chr4	79679346	79956345	277000	9	0	277000	179437	97563	25631	8808	11708	17707	11518	6680	8672	11085	12029	4521	7365	7888	14677	7129	8198	15820	11807	5255	843	9233	8185	4546	625	7555	6814	4135	562	6199	11148	6975	724	12956
chr4	79956346	80135345	179000	10	0	179000	114234	64766	16506	5746	7616	11021	7196	4363	5808	7050	7862	2979	4875	5068	9325	4374	5219	9225	7306	3520	637	5999	5340	3259	619	5255	4501	2820	549	4176	7269	4874	553	8088
chr4	80135346	80619345	484000	9	0	484000	303762	180238	41444	15033	20409	28567	19168	12544	16571	18667	20302	8175	13896	13179	24539	12323	13871	25073	20165	9890	1880	16140	15182	9691	1854	14741	12663	8593	1777	12109	18940	13294	1561	21757
chr4	80619346	81019345	4e+05	8	0	4e+05	257663	142337	36144	12581	16813	25275	16362	10091	12752	16226	17199	6672	10588	11107	21107	10128	11563	23054	16895	7845	1320	13412	12174	7117	844	11159	10178	6008	726	9092	16183	10324	1006	18053
chr4	81019346	81395345	376000	9	0	376000	233857	142143	31303	11601	15904	21399	15015	10129	13236	15025	16023	6645	11059	10614	17866	9153	10779	18106	15606	7927	1456	12539	12466	7636	1196	11528	10063	6630	1081	9672	15270	10633	1199	17239
chr4	81395346	81754345	359000	8	0	359000	218541	140459	28032	10873	15188	19127	13960	10139	13691	13700	15058	6546	11228	9883	16172	8571	10049	16322	14808	7941	1422	11958	12343	8084	1286	12106	9929	7086	1051	9730	14410	10708	1235	16362
chr4	81754346	81790248	35903	7	0	35903	22340	13563	3008	1115	1512	1949	1425	1008	1251	1432	1504	588	1084	990	1647	923	1051	1853	1656	727	110	1141	1185	734	102	1138	894	676	75	957	1381	1022	103	1660
chr4	81790250	81918346	128097	7	0	128097	77221	50876	9685	3783	5517	6645	4978	3587	5051	5092	5411	2406	4113	3551	5556	3045	3469	5332	5185	2925	455	4256	4755	2973	347	4450	3604	2614	290	3540	5164	4012	400	5904
chr4	81918347	82020346	102000	6	0	102000	62281	39719	8081	3160	4223	5372	4072	2921	3836	4039	4193	1880	3194	2816	4490	2535	2851	4617	4355	2298	356	3487	3588	2349	280	3348	2852	1873	256	2593	4073	3044	290	4676
chr4	82020347	82119346	99000	5	0	99000	59344	39656	7379	2887	4044	5249	3899	2870	3826	3884	3992	1866	3162	2694	4289	2441	2675	4187	4082	2323	414	3245	3612	2472	415	3412	2870	2107	365	2624	3914	3009	364	4426
chr4	82119347	82194346	75000	4	0	75000	45948	29052	6068	2407	3079	4028	3131	2085	2771	3014	3155	1349	2198	2193	3227	1788	2149	3304	3240	1739	300	2350	2736	1635	196	2353	2113	1347	185	1963	2912	2199	253	3531
chr4	82194347	82261346	67000	3	0	67000	41718	25282	5840	2015	2815	3730	2614	1917	2403	2558	2797	1153	1932	1881	3149	1637	1856	3419	2816	1463	238	2205	2209	1352	208	2157	1801	1243	194	1632	2666	1868	218	3012
chr4	82261347	83187346	926000	2	0	926000	540025	385975	72869	26897	36124	43994	35205	28041	38290	31557	34141	17483	32812	24330	37669	21460	24428	34723	35646	22587	4840	30808	35330	24160	6311	33883	26799	24278	5673	26894	35318	28659	4720	40069
chr4	83187347	83603346	416000	3	0	416000	244930	171070	33357	12150	16643	19851	15770	12685	17115	14303	15392	7791	14452	10800	17482	9741	11001	16396	16153	10221	2029	13964	15905	10554	2113	15360	11883	10563	2043	11845	15932	12593	1869	18042
chr4	83603347	83721346	118000	4	0	118000	71920	46080	9593	3468	4835	6323	4532	3460	4498	4317	4769	2066	3787	3109	5324	2843	3174	5821	4813	2611	469	3943	4131	2717	417	4059	3259	2475	363	3091	4604	3521	405	5201
chr4	83721347	83841346	120000	5	0	120000	75158	44842	10007	3670	5118	7022	4793	3130	4093	4890	5053	2139	3547	3377	5964	3004	3425	5925	4976	2506	426	4035	3955	2426	330	3673	3111	2098	266	2923	4863	3354	346	5553
chr4	83841347	84224346	383000	6	0	383000	238551	144449	31701	11707	16499	21808	15364	10364	13408	15194	16475	6856	11300	10925	18176	9374	10896	18502	16152	7938	1471	12740	12478	7682	1138	11966	10001	6725	953	9649	15699	10919	1190	17748
chr4	84224347	84435346	211000	5	0	211000	130111	80889	16928	6531	8964	11916	8699	5683	7603	8530	9060	3879	6378	5908	9652	4911	6109	9360	8829	4486	698	6991	7084	4593	555	6784	5833	3926	437	5446	8769	6009	614	9833
chr4	84435347	84668346	233000	4	0	233000	140425	92575	18840	7021	9663	12191	8987	6639	8763	8489	9374	4137	7371	6191	10513	5661	6320	10263	9354	5197	1134	7773	7999	5548	1390	7725	6592	5113	1347	6330	8933	6804	1047	10289
chr4	84668347	84996346	328000	5	0	328000	206630	121370	29438	10280	13309	19192	12557	8601	11630	12411	13050	5600	9456	8912	17175	8887	9482	16648	13708	6724	1387	11549	10118	5889	1219	10044	8377	6124	1191	8022	12996	8533	1227	14262
chr4	84996347	85558346	562000	4	0	562000	351709	210291	47155	17238	23506	32769	22945	15035	19722	22564	23728	9982	16262	15931	26839	14002	16075	27954	23717	11859	1894	18788	18660	11161	1473	16936	15067	9619	1252	13962	22822	15591	1611	25879
chr4	85558347	86283346	725000	5	0	725000	459623	265377	63531	22776	30274	44132	29253	18741	24404	29003	30847	12288	20409	20430	37082	17927	20681	37844	30483	14396	2681	24172	22528	13477	2122	21161	19051	11965	1850	17516	29339	19450	2267	32918
chr4	86283347	86516346	233000	4	0	233000	144354	88646	19259	7130	9648	13200	9172	6349	8414	8939	9680	4102	7162	6330	11126	5793	6830	11219	9715	4994	849	7817	7639	4751	739	7629	6368	4310	613	5947	9151	6703	759	10661
chr4	86516347	86816346	3e+05	3	0	3e+05	189647	110353	27059	9388	12670	17804	11810	7756	10216	10967	12407	4989	8434	8362	15645	8000	8974	15165	12404	6315	1091	10323	9359	5684	1030	9214	7334	5217	863	7326	11653	8071	1038	13430
chr4	86816347	86919726	103380	2	0	103380	59606	43774	7908	2872	4126	4668	3897	3338	4434	3708	4022	1965	3755	2780	3747	2288	2546	3551	4007	2543	537	3375	4203	2641	593	3848	3050	2823	580	3051	4117	3278	540	4587
chr4	86919728	87347116	427389	2	0	427389	255672	171717	35952	12921	17103	21531	16396	12637	16800	14928	16066	7610	14334	11141	19094	10397	11421	17340	16944	9878	2181	14562	15259	10344	2290	15010	12120	10161	2044	11773	16438	12520	1879	18313
chr4	87347117	87347494	378	6	0	378	225	153	33	10	4	15	9	19	8	30	11	5	10	11	10	11	12	25	21	12	0	12	17	17	2	9	15	2	4	5	13	14	2	8
chr4	87347495	87347527	33	2	0	33	22	11	2	0	1	3	1	1	1	3	1	1	0	2	2	0	1	1	2	0	0	1	2	0	0	0	1	1	0	0	1	1	0	2
chr4	87347528	87348842	1315	6	0	1315	797	518	115	53	51	62	69	31	41	67	59	22	27	42	38	34	41	43	58	35	6	41	62	26	4	36	37	27	7	29	53	40	3	54
chr4	87348845	87350949	2105	6	0	2105	1283	822	169	71	80	126	119	49	75	65	94	43	69	77	64	42	60	80	88	55	10	51	73	42	10	64	55	29	6	54	92	64	12	115
chr4	87350950	87352974	2025	6	0	2025	1077	948	135	63	90	69	75	54	103	51	98	46	85	52	49	28	35	42	63	54	24	50	78	67	25	82	66	57	26	75	76	74	25	106
chr4	87352975	87353009	35	2	0	35	9	26	0	0	0	0	0	6	2	0	0	0	1	0	0	0	0	0	3	1	1	1	1	0	2	1	4	3	5	1	0	0	1	0
chr4	87353010	87353144	135	6	0	135	57	78	2	2	2	3	1	5	8	4	6	4	8	4	0	3	4	1	3	5	3	3	6	5	6	4	4	5	3	7	5	7	2	8
chr4	87353145	87498347	145203	2	0	145203	87270	57933	12308	4390	5782	7500	5661	4124	5745	4897	5361	2520	4773	3879	6650	3493	3903	6282	5490	3471	670	4896	5296	3397	736	5049	4064	3421	743	4166	5578	4189	675	6092
chr4	87498348	88117347	619000	3	0	619000	376485	242515	50485	18911	25639	33105	24260	17375	23580	23449	25988	11281	19650	16908	27408	14440	16858	27146	25150	13647	2668	20543	21578	13844	2423	20579	17139	12547	2182	16388	24797	18386	2427	28217
chr4	88117348	88416347	299000	2	0	299000	175318	123682	23481	8575	11897	14461	11633	9098	12332	10344	11301	5579	10396	7973	11998	6710	7657	11881	11438	7391	1380	9753	11486	7845	1664	10976	8696	7616	1564	8624	11787	9119	1414	12929
chr4	88416348	88456904	40557	3	0	40557	23941	16616	3125	1155	1672	2061	1525	1137	1645	1411	1578	754	1307	1073	1785	982	1154	1577	1524	1023	162	1318	1595	1121	192	1545	1106	1012	147	1157	1493	1298	163	1758
chr4	88456906	88609348	152443	3	0	152443	91364	61079	12468	4510	6212	7928	5895	4349	5873	5438	6072	2806	4891	4052	6683	3746	4096	6344	6004	3613	714	5080	5569	3526	844	5415	4096	3547	868	3981	5886	4669	670	6596
chr4	88609349	88767348	158000	4	0	158000	96473	61527	13137	4902	6744	8344	5981	4427	6109	5954	6647	2770	4824	4361	7362	3881	4293	6736	6557	3399	706	5318	5344	3464	622	5209	4377	3156	537	4235	6193	4620	581	7208
chr4	88767349	88891348	124000	5	0	124000	77780	46220	10870	3870	5094	7334	4814	3174	4440	4735	5273	2091	3754	3429	6210	3048	3614	6028	5034	2434	503	4212	3902	2288	393	3878	3245	2279	375	3129	4982	3460	423	5683
chr4	88891349	89090348	199000	6	0	199000	122934	76066	16581	6261	8445	10779	7812	5366	7387	7479	8154	3538	6168	5452	9519	5086	5595	9312	8169	4390	757	6935	6707	3997	675	6413	5206	3840	546	5118	7962	5566	654	9129
chr4	89090349	89346515	256167	7	0	256167	157020	99147	20453	7815	10704	14119	10125	6990	9510	9981	10524	4648	7865	6934	11989	6199	6945	12217	10609	5579	1039	8425	8670	5656	980	8420	7188	5059	869	6682	10140	7432	902	11497
chr4	89346516	89346564	49	4	0	49	17	32	0	0	1	1	1	0	4	1	1	1	3	0	0	2	2	0	1	0	0	2	3	3	0	4	1	5	3	3	1	3	0	1
chr4	89346565	89387348	40784	7	0	40784	25543	15241	3515	1210	1879	2326	1633	1097	1362	1657	1799	733	1235	1133	1983	965	1162	1854	1750	790	142	1322	1275	713	110	1268	1080	684	95	1110	1644	1179	139	1938
chr4	89387349	89822348	435000	8	0	435000	274901	160099	37421	13430	18540	26217	17513	11305	14909	16982	18609	7534	12280	12341	22065	10862	12545	22346	18141	8845	1524	14621	13762	8115	1197	13066	11235	7329	964	10536	17571	11851	1289	20053
chr4	89822349	89941348	119000	7	0	119000	77109	41891	10965	3634	4964	7969	4777	2937	3700	4742	5090	1936	3193	3324	6700	2983	3396	6799	4939	2139	457	3955	3379	2036	367	3166	2969	1821	321	2797	4869	2951	389	5334
chr4	89941349	90071348	130000	6	0	130000	82807	47193	11705	3964	5594	8165	5231	3229	4243	5056	5551	2272	3648	3679	6941	3200	3654	6673	5272	2607	510	4276	3929	2331	406	3954	3274	2119	309	3056	5284	3563	449	5854
chr4	90071349	90105348	34000	5	0	34000	21777	12223	2989	1052	1413	2143	1369	850	1092	1376	1461	550	933	933	1778	950	1044	1842	1445	688	132	1137	958	578	84	1046	897	526	71	784	1387	874	101	1515
chr4	90105349	90255348	150000	6	0	150000	95631	54369	13167	4747	6060	9309	6047	3965	5044	5980	6169	2479	3969	4267	7900	4046	4420	8060	6574	2996	584	5083	4475	2571	450	4324	3948	2357	506	3617	6039	3896	480	6469
chr4	90255349	90395348	140000	7	0	140000	91760	48240	13222	4372	5707	9406	5600	3352	4377	5684	5851	2275	3500	3977	8034	3879	4029	8493	5982	2584	458	4854	4035	2122	326	3677	3372	1978	277	2971	5624	3476	393	6111
chr4	90395349	90803348	408000	8	0	408000	263291	144709	37314	13037	16815	26372	16398	10189	13165	15914	17158	6679	10855	11409	22669	10360	11860	23095	17064	7907	1561	13734	12029	6808	1141	11338	10048	6395	1040	9543	16525	10206	1290	18080
chr4	90803349	91284348	481000	7	0	481000	312020	168980	44679	15018	20052	31470	19355	11818	15163	19309	20462	7814	12470	13553	26723	12749	13941	27442	20706	8999	1660	16035	13775	8151	1300	13065	11876	7160	1054	10900	19288	11981	1404	21626
chr4	91284349	91474348	190000	8	0	190000	123510	66490	17720	6007	7933	12390	7691	4629	6038	7775	8063	3124	4799	5443	10575	5037	5548	10736	8261	3548	638	6350	5501	2981	425	5183	4668	2855	363	4288	7704	4706	522	8497
chr4	91474349	91959348	485000	7	0	485000	314595	170405	44363	15018	19939	31793	20010	11668	15208	20177	20745	7972	12380	13915	25996	12675	14024	28711	20707	9286	1415	15925	14764	8298	1025	13180	11955	7204	878	10755	19637	12478	1206	21691
chr4	91959349	92755348	796000	8	0	796000	517083	278917	73474	24979	33089	51887	32081	19683	24878	31750	34118	12801	20525	22434	43757	21111	23147	47367	33982	15146	2670	26776	23177	13455	1962	21715	19127	11664	1740	17625	32106	20044	2204	35524
chr4	92755349	92920348	165000	7	0	165000	108110	56890	15598	5212	6838	10990	6639	4052	5076	6763	6848	2666	4121	4736	9553	4522	4819	9676	7158	3026	589	5679	4538	2411	375	4409	4043	2356	329	3606	6791	3940	479	7160
chr4	92920349	93039348	119000	6	0	119000	78273	40727	11508	3757	4725	8132	4835	3054	3570	4993	5112	1817	2935	3371	6667	3190	3455	7150	5358	2166	401	3893	3325	1768	265	3024	2911	1605	215	2561	4858	2843	327	5207
chr4	93039349	93198348	159000	7	0	159000	103757	55243	14794	5004	6646	10523	6296	4062	5029	6304	6727	2521	4153	4441	9150	4298	4708	9100	6745	2953	534	5653	4398	2340	369	4254	3995	2286	313	3560	6552	3782	438	7070
chr4	93198349	93778348	580000	8	0	580000	374779	205221	52399	18130	24572	37162	23279	14209	18265	23539	25021	9538	15570	16476	31564	15096	17103	32854	24292	10963	2054	19664	16841	9562	1379	16277	14558	8493	1256	13277	23601	15041	1671	26292
chr4	93778349	93999348	221000	7	0	221000	139045	81955	19087	6966	9322	13193	9060	5734	7561	8435	9498	3792	6287	6183	10923	5463	6377	11163	9134	4561	867	7393	7053	4275	714	6533	5790	3800	758	5316	8813	5938	703	10306
chr4	93999349	94093348	94000	6	0	94000	59121	34879	8453	2940	3983	5449	3829	2503	3123	3782	3984	1617	2622	2549	4558	2350	2640	4738	3940	1998	334	3138	3120	1917	261	2862	2424	1619	228	2265	3753	2626	291	4102
chr4	94093349	94199348	106000	5	0	106000	64348	41652	8873	3139	4277	5819	4306	3005	4042	3780	4174	1961	3289	2896	4755	2565	2895	4571	4287	2432	476	3475	3736	2437	504	3558	2936	2281	405	2804	4175	3086	393	4666
chr4	94199349	94289348	90000	4	0	90000	57469	32531	8629	2953	3601	5452	3484	2367	3078	3306	3544	1465	2390	2508	4978	2545	2613	4554	3805	1825	435	3265	2605	1577	371	2581	2181	1575	335	2067	3644	2157	339	3769
chr4	94289349	94371348	82000	3	0	82000	50446	31554	6923	2521	3543	4527	3415	2188	3010	3014	3468	1505	2453	2348	3709	1972	2214	3635	3328	1783	377	2698	2803	1720	315	2613	2226	1521	272	2123	3269	2427	292	3786
chr4	94371349	95046348	675000	2	0	675000	422679	252321	59931	21093	28205	39113	26053	18308	23905	25057	27672	11418	19831	18194	34687	17451	18978	32782	27651	14045	2963	23611	21539	12835	2579	20773	17436	12780	2314	16679	26697	18066	2496	29856
chr4	95046349	95223348	177000	3	0	177000	109459	67541	14733	5534	7542	9611	6573	4956	6596	6854	7647	3078	5501	4743	8466	4257	4813	8554	7474	3711	775	5864	5596	3600	588	5783	4832	3171	565	4612	7077	5085	614	8193
chr4	95223349	95380348	157000	4	0	157000	98364	58636	13466	4873	6494	9155	6347	4209	5530	6361	6449	2729	4479	4363	7726	3934	4381	7867	6599	3240	576	5330	5039	3002	478	4802	4305	2840	440	3963	6504	4239	490	6788
chr4	95380349	95597348	217000	5	0	217000	138357	78643	19219	6802	9236	13539	8602	5576	7125	8824	9446	3712	5862	5971	11529	5459	6122	11332	9162	4131	880	7376	6447	3994	673	6152	5738	3302	599	5197	8779	5839	752	9621
chr4	95597349	95823348	226000	6	0	226000	142739	83261	19633	7047	9457	13546	9314	5794	7651	9220	9655	3935	6395	6478	11080	5581	6511	11440	9421	4627	777	7532	7284	4230	566	6713	5905	3777	473	5493	9369	6159	658	10277
chr4	95823349	96434348	611000	7	0	611000	395545	215455	55229	19106	25646	39722	24531	14812	19275	24831	26499	10087	16148	17095	33444	16035	17871	35212	25709	11592	2119	20620	17812	10331	1550	16637	14968	8968	1379	13941	24960	15439	1688	27742
chr4	96434349	96963348	529000	6	0	529000	341047	187953	47572	16764	22079	33956	21732	13247	17092	21404	22754	8853	14190	14887	28312	13465	15378	29361	22824	10073	1604	17828	15763	9146	1144	14570	13307	7934	1004	12071	21581	13470	1364	24269
chr4	96963349	97141348	178000	5	0	178000	114717	63283	16144	5677	7536	11307	7290	4387	5757	7079	7667	3020	4909	4918	9563	4530	5277	9656	7619	3389	642	5963	5220	2802	408	4927	4482	2713	385	4217	7192	4453	497	8372
chr4	97141349	97322348	181000	6	0	181000	116119	64881	15788	5756	7621	11269	7448	4554	5827	7344	7827	3108	5045	5374	9371	4496	5296	9993	7694	3500	614	6106	5416	2983	438	5132	4461	2731	379	4073	7604	4755	517	8478
chr4	97322349	97752348	430000	5	0	430000	277569	152431	39341	13673	17645	27480	17582	10513	13886	17653	18475	7094	11128	12387	22742	10922	12690	24356	18239	8324	1309	14330	13193	7219	961	11881	10785	6558	806	9741	17417	11153	1118	19397
chr4	97752349	98030348	278000	6	0	278000	176823	101177	24984	8977	11648	16875	11540	6941	9577	11015	12182	4611	7372	7944	13778	6924	7944	14510	11682	5781	923	9067	8971	5087	614	8043	7241	4477	542	6640	11180	7370	767	12791
chr4	98030349	98195348	165000	5	0	165000	104949	60051	15121	5160	6895	10110	6767	3991	5512	6191	6815	2767	4688	4540	8583	4180	4918	8709	6739	3450	496	5413	5209	3116	463	4983	4136	2843	373	4020	6377	4362	472	7599
chr4	98195349	99061348	866000	4	0	866000	524865	341135	72323	26627	35247	45188	33327	24735	33277	32127	34216	15508	27587	23382	39518	21147	23476	37179	35427	19630	3983	28977	30139	19587	3953	29278	23862	18666	3629	23310	34038	25074	3559	38022
chr4	99061349	99078348	17000	5	0	17000	10498	6502	1498	572	673	915	699	515	620	661	650	279	491	484	810	433	453	744	740	366	89	604	583	315	58	534	483	332	51	442	689	477	82	656
chr4	119886915	119886939	25	9	0	25	13	12	4	2	1	0	2	1	0	1	0	0	0	1	0	0	0	0	1	1	0	1	2	3	0	0	0	1	1	0	1	0	0	0
chr4	119886940	119886949	10	9	0	10	8	2	2	0	1	0	1	0	0	0	1	0	0	0	0	1	0	0	1	0	0	0	0	0	0	0	0	0	0	0	0	0	0	1
chr4	125929674	125929733	60	9	0	60	37	23	2	3	2	5	7	1	1	2	3	3	0	2	0	0	2	3	3	2	0	2	5	1	0	0	1	0	0	1	2	3	0	2
chr4	127460244	127460335	92	4	0	92	61	31	8	3	2	7	5	1	1	5	2	1	4	2	5	2	4	7	3	2	0	2	3	2	0	2	1	2	0	5	5	1	0	3
chr4	189797957	189798017	61	4	0	61	40	21	3	1	1	5	3	1	1	3	0	1	2	4	3	2	3	6	3	2	0	0	2	2	0	1	0	0	0	3	3	1	0	3
chr5	24501	26186	1686	3	0	1686	977	709	109	50	52	81	49	56	83	70	58	33	75	47	76	30	32	74	74	33	12	51	70	40	8	55	51	36	8	57	63	64	8	79
chr5	26187	26899	713	3	0	713	408	305	66	23	32	28	21	19	26	31	27	13	25	14	34	16	9	23	28	17	3	23	29	36	3	32	20	16	4	14	20	32	4	23
chr5	26900	26909	10	3	0	10	6	4	0	0	1	0	1	0	0	0	0	0	1	0	0	1	1	0	0	0	0	1	0	0	0	0	0	0	0	0	1	0	0	1
chr5	26913	28594	1682	3	0	1682	994	688	112	48	64	88	63	62	55	80	70	38	51	49	67	36	42	69	80	48	8	48	59	53	15	54	49	27	4	34	72	52	7	76
chr5	28596	28699	104	3	0	104	55	49	18	1	3	0	4	6	7	1	1	3	7	3	0	0	0	0	3	1	1	4	3	2	2	2	8	2	0	6	4	4	1	5
chr5	28701	28745	45	3	0	45	21	24	0	1	3	1	1	1	3	1	3	0	1	0	1	2	3	0	1	0	0	2	3	1	0	3	2	3	0	3	0	2	0	2
chr5	28747	34959	6213	3	0	6213	3665	2548	457	184	252	335	242	186	275	229	274	117	209	152	255	129	138	230	249	145	24	198	237	168	16	238	189	146	22	163	257	200	20	275
chr5	34962	35001	40	3	0	40	24	16	6	1	3	0	3	1	0	3	0	2	0	0	2	0	1	1	1	1	0	2	2	1	0	0	3	2	0	1	1	0	0	1
chr5	35003	36645	1643	3	0	1643	1003	640	132	64	49	86	62	51	60	85	68	29	38	53	69	34	57	66	80	45	3	49	68	34	6	52	50	30	3	31	60	51	4	72
chr5	36647	36739	93	3	0	93	41	52	1	2	3	3	2	3	6	4	3	0	5	2	2	2	1	1	1	4	0	2	6	3	1	7	6	5	1	5	2	5	2	1
chr5	36741	41364	4624	3	0	4624	2864	1760	413	150	167	269	177	155	177	198	186	93	125	120	223	87	104	219	214	95	31	144	153	84	19	127	159	79	19	111	181	125	27	191
chr5	41365	43093	1729	3	0	1729	953	776	93	44	62	70	44	88	67	78	76	30	76	50	56	29	45	44	81	45	14	52	67	55	7	75	57	43	13	34	72	61	10	89
chr5	43094	43266	173	3	0	173	106	67	4	4	8	10	0	14	4	12	14	5	7	6	8	0	6	4	11	3	2	7	2	0	1	4	0	1	0	2	17	3	1	11
chr5	43267	43327	61	3	0	61	40	21	2	2	3	4	0	5	1	5	5	2	2	1	4	0	2	2	5	0	0	3	0	0	0	1	0	0	0	0	6	1	0	3
chr5	43328	43348	21	3	0	21	11	10	0	0	1	1	0	2	1	0	2	1	1	1	0	0	0	0	0	1	0	1	1	0	0	1	0	0	0	0	2	1	0	2
chr5	43353	43794	442	3	0	442	274	168	11	9	21	26	0	36	10	32	36	12	17	16	20	0	17	10	28	7	3	19	6	0	1	12	0	5	0	5	44	7	2	28
chr5	43795	44326	532	3	0	532	336	196	38	24	24	28	14	32	11	29	36	14	11	15	25	6	14	13	35	13	8	20	12	5	3	12	3	5	2	2	36	9	5	26
chr5	44337	48849	4513	3	0	4513	2494	2019	283	135	167	172	155	164	237	142	170	95	174	110	151	88	113	136	202	111	28	141	160	120	34	194	170	129	23	158	166	148	37	198
chr5	48850	399384	350535	3	0	350535	173437	177098	17887	8658	11335	10411	10068	14687	19198	10540	11596	8528	14999	7699	8740	5602	6130	7358	13824	10207	3882	9561	15618	17103	5746	15708	12492	13202	4162	12770	12560	13663	2976	13623
chr5	399385	597384	198000	2	0	198000	88108	109892	7719	4172	5785	4329	4979	8729	11853	5418	5763	5409	8787	4095	3544	2178	2699	2648	7089	6329	2614	4456	10170	12412	4496	9969	7286	9759	3685	7572	6434	8548	1945	7127
chr5	597385	1043384	446000	3	0	446000	210541	235459	19291	10135	14216	11145	12413	20817	26579	12864	14176	11833	18832	8955	8906	6006	6792	7580	18613	13327	5093	11758	22224	24377	7071	21083	16545	19059	6047	16465	15290	17992	3401	17113
chr5	1043385	1218384	175000	2	0	175000	71930	103070	4375	3356	4572	2443	3526	9309	11282	4432	4743	4821	8795	2914	2102	1783	2006	1469	6630	5793	2778	4069	9489	12966	4146	9568	6960	9501	3020	6877	5471	7909	1752	6141
chr5	1218385	1287384	69000	3	0	69000	29017	39983	1977	1243	1785	984	1545	3802	4449	2087	1684	2015	3101	1405	783	779	702	676	2790	2481	1085	1483	3917	4396	1549	3696	2976	3634	1153	2617	2200	3048	715	2241
chr5	1287385	1393384	106000	2	0	106000	49867	56133	4529	2390	3212	2566	2942	4733	6246	3055	3128	2674	4540	2159	2098	1763	1733	2098	4287	3224	1353	2696	5072	5380	1954	5211	4034	4714	1645	4061	3583	4299	856	3763
chr5	1393385	1660384	267000	1	0	267000	126819	140181	11666	6194	8270	6792	7306	11715	15662	8511	8545	6407	11576	5872	5405	3982	4270	4645	10524	7937	3154	6683	12799	13750	4514	12637	10642	11193	3628	10319	9228	10820	2212	10140
chr5	1660385	1785328	124944	2	0	124944	63120	61824	6716	3075	4231	4060	3983	4965	6637	3948	4214	3044	5384	2754	3169	1840	2199	2900	4922	3498	1169	3335	5555	5635	1735	5714	4488	4646	1364	4366	4567	4860	932	5037
chr5	1785330	1791385	6056	2	0	6056	2882	3174	279	126	204	188	175	224	358	179	219	156	249	123	124	84	106	88	190	205	63	131	311	337	92	322	239	262	63	210	196	257	40	254
chr5	1791386	1889385	98000	3	0	98000	44697	53303	3868	2147	3181	2230	2528	4313	5445	2686	3138	2477	4664	1885	1892	1239	1466	1537	3556	2879	1323	2418	4435	5483	2142	5014	3752	4578	1977	3581	3230	4133	1058	3743
chr5	1889386	1990385	101000	4	0	101000	52405	48595	5549	2553	3514	3429	3248	4397	5152	3541	3503	2379	3885	2370	2745	1608	1841	2690	4549	2632	1074	2682	4395	4120	1207	4122	3826	3336	1046	3468	3569	3755	693	4120
chr5	1990386	2094385	104000	5	0	104000	57623	46377	6667	2909	3964	4470	3786	3559	4891	3748	4002	2367	3742	2565	3556	1873	2186	3337	4308	2664	827	2909	4248	3528	858	4014	3462	2857	679	3346	3966	3599	598	4513
chr5	2094386	2191385	97000	6	0	97000	49630	47370	4948	2401	3363	3269	2968	3882	4956	3402	3500	2244	4057	2568	2565	1472	1746	2289	3706	2793	963	2536	4581	4104	1194	4381	3340	3252	945	3205	3581	4111	676	4000
chr5	2191386	2334385	143000	7	0	143000	77168	65832	8323	3613	5128	5424	4497	5667	7005	5344	5457	3151	5511	3573	4210	2562	2661	5041	6160	3720	1291	3822	6238	5129	1311	5944	4862	4229	976	4457	5253	5545	812	6082
chr5	2334386	2588385	254000	8	0	254000	139819	114181	15552	6794	9428	10439	8787	9816	12171	9830	9703	5602	9566	6590	8171	4464	5215	7690	11355	6280	1852	7189	10436	8271	1941	9949	8908	7133	1484	7921	9905	8913	1323	11320
chr5	2588386	2902385	314000	7	0	314000	172297	141703	20247	8516	11896	13152	10851	11151	14678	10988	12061	6669	11839	7693	10652	5739	6420	9745	12920	7651	2577	8927	12417	10669	3234	12332	10687	9326	2665	10034	11643	11006	2074	13539
chr5	2902386	3024385	122000	8	0	122000	71164	50836	8866	3605	4774	5968	4518	3898	5260	4624	4972	2480	4063	3194	4857	2543	2872	4668	5128	2804	775	3819	4542	3230	737	4358	3781	2938	558	3457	4850	3895	628	5336
chr5	3024386	3555385	531000	9	0	531000	294295	236705	34289	14348	19905	22098	18652	20091	24378	20024	19990	11205	19516	13573	17710	9906	11257	17351	23363	13246	3903	15038	21338	17420	4304	20782	18148	14973	3571	16334	20296	18205	2882	22902
chr5	3555386	3598385	43000	10	0	43000	23194	19806	2456	1146	1675	1726	1471	1381	1873	1553	1682	944	1659	1186	1394	742	966	1338	1610	1074	282	1247	1716	1609	556	1825	1369	1316	515	1216	1584	1707	295	1885
chr5	3598386	4025148	426763	9	0	426763	242356	184407	28711	11608	16798	19011	15167	14882	18757	16584	17144	8957	15523	11287	15106	8116	9437	15267	18076	10035	2848	12604	16716	12955	2759	16013	13856	10734	2315	12585	16742	14719	2136	19313
chr5	4025150	4645386	620237	9	0	620237	371802	248435	47621	18412	25420	31994	23838	19585	24461	24666	25969	12165	20157	16742	26019	13258	14959	26536	27228	13421	3467	19304	21491	14692	2811	20728	18598	12722	2308	16630	25233	18885	2580	28335
chr5	4645387	5441386	796000	10	0	796000	468803	327197	58339	23553	32127	39435	30096	25471	32904	31057	32739	15674	26283	21426	32280	17106	19022	31290	34129	18360	4485	24830	29503	20619	4085	27603	24180	17663	3362	22255	31717	25168	3590	35647
chr5	5441387	5554386	113000	9	0	113000	66101	46899	8409	3324	4730	5303	4106	3508	4915	4163	4673	2192	3905	3051	4578	2525	2631	4087	4602	2635	627	3685	4093	2935	621	4049	3457	2543	532	3298	4540	3584	548	5149
chr5	5554387	5751386	197000	10	0	197000	113948	83052	13552	5639	8108	9149	7438	6163	8469	7806	8022	3941	7005	5299	7435	4050	4758	7112	8154	4633	1029	5977	7478	5342	952	7496	6378	4661	777	5908	7866	6632	810	8959
chr5	5751387	6202386	451000	9	0	451000	262522	188478	30901	12967	18419	21129	16863	14602	19066	17883	18401	9100	15950	12102	17252	9104	10718	18064	18931	10763	2324	13755	17289	12322	1980	16698	14007	10248	1613	12994	18187	14957	1703	20706
chr5	6202387	6341386	139000	8	0	139000	78531	60469	8902	3788	5649	6056	5140	4844	6385	5304	5589	2744	5160	3748	4764	2643	3227	4586	5715	3362	732	4210	5710	4155	622	5445	4686	3584	556	4450	5563	4831	532	6316
chr5	6341387	6525386	184000	7	0	184000	98570	85430	10629	4805	6992	6864	6088	7041	9299	6462	6953	4086	7143	4588	5620	3249	3771	4980	7638	4855	1409	5279	7788	6688	1534	7976	6432	5709	1252	6098	7032	6734	1153	7851
chr5	6525387	6780386	255000	6	0	255000	137792	117208	15922	6981	9812	9686	8876	9234	12268	8707	9487	5540	9583	6101	8115	4959	5410	7110	10315	6601	2070	7727	10667	9025	2508	10433	8572	7957	2249	8372	9531	9050	1589	10541
chr5	6780387	6880386	1e+05	7	0	1e+05	56424	43576	6506	2823	3882	4292	3617	3774	4483	4034	3907	2063	3678	2535	3473	1869	2188	3298	4503	2357	675	2994	3937	2935	575	3730	3507	2565	519	3095	3961	3320	491	4412
chr5	6880387	7005386	125000	8	0	125000	74492	50508	9465	3779	5260	6276	5031	3738	5098	4941	5283	2529	3989	3429	5001	2685	3064	4924	5304	2879	605	3942	4660	3103	438	4176	3732	2540	379	3519	5112	3855	488	5774
chr5	7005387	7439386	434000	9	0	434000	258232	175768	33034	12735	17620	22172	16727	13372	17194	16915	17850	8205	14286	11923	17950	9726	10758	17764	18209	10137	2200	13492	15987	10780	2127	14957	12618	9336	1797	11863	17395	13598	1726	19545
chr5	7439387	7686386	247000	10	0	247000	147926	99074	18786	7378	10092	12640	9207	7554	9863	10201	10268	4697	8048	6723	10635	5424	6083	10326	10523	5446	1154	7931	8932	5878	995	8418	7412	5120	826	6702	9958	7779	965	11034
chr5	7686387	8030386	344000	9	0	344000	203847	140153	26388	10370	14179	17069	13025	10414	13943	13295	14274	6660	11234	9170	14317	7626	8483	13398	14289	7797	1970	11014	12337	8765	1741	12054	10170	7643	1499	9536	13881	10692	1530	15235
chr5	8030387	8194386	164000	10	0	164000	100363	63637	13158	4940	6790	9000	6461	4737	6193	6423	7018	2970	5070	4582	7251	3808	4188	7773	6917	3550	737	5251	5632	3616	615	5253	4629	3102	506	4189	6636	4848	606	7549
chr5	8194387	8263386	69000	9	0	69000	41309	27691	5154	2090	2796	3554	2684	2226	2747	2758	2907	1314	2232	1855	2849	1562	1710	2871	3090	1582	335	2185	2535	1647	258	2293	1995	1366	217	1878	2794	2138	248	3128
chr5	8263387	8498764	235378	10	0	235378	143495	91883	19054	7352	9929	12710	9321	6598	9068	9145	9945	4364	7349	6446	10725	5466	6064	9959	9869	5146	1032	7733	8137	5310	820	7685	6563	4567	714	6202	9563	6930	820	10790
chr5	8498766	8879387	380622	10	0	380622	235447	145175	30828	11723	15318	21664	14953	11040	13897	15581	16123	6805	11294	10676	17628	9215	10032	18669	16693	8129	1687	12274	12962	8093	1166	11820	10381	6755	1028	9288	15435	11065	1239	17159
chr5	8879388	9345387	466000	9	0	466000	282473	183527	35864	14155	19239	24823	18338	13731	17941	18993	19666	8634	14705	12917	20213	10811	11989	20453	19970	10311	1990	15060	16386	10636	1606	15653	13359	9204	1267	12162	19289	14130	1505	20998
chr5	9345388	9535387	190000	8	0	190000	113401	76599	14099	5568	7868	9646	7052	5723	7580	7777	7925	3681	6190	5232	8105	4230	4984	7741	7957	4266	983	5996	6858	4448	733	6681	5681	4039	655	5272	7636	5967	753	8672
chr5	9535388	9751387	216000	7	0	216000	128575	87425	16419	6435	8868	10912	8475	6379	8630	8444	8850	4162	7066	5973	8890	4771	5506	8793	8924	4904	1033	6886	7973	5465	971	7309	6399	4619	868	6022	8633	6730	836	9853
chr5	9751388	9831559	80172	6	0	80172	48121	32051	6105	2383	3489	4044	3251	2304	3180	3242	3465	1607	2520	2346	3200	1733	2041	3210	3427	1805	311	2483	2909	1897	234	2790	2316	1597	206	2137	3326	2531	261	3820
chr5	9831561	9831608	48	6	0	48	34	14	12	4	2	2	5	2	1	0	2	0	1	0	2	0	0	0	4	0	0	1	1	0	0	0	3	1	0	0	0	0	0	3
chr5	9831610	9886387	54778	6	0	54778	32236	22542	3993	1601	2349	2623	2143	1558	2348	2157	2291	1136	1905	1454	2139	1151	1354	2032	2234	1237	242	1734	2090	1430	159	1950	1696	1170	158	1656	2186	1792	191	2617
chr5	9886388	10013387	127000	5	0	127000	74119	52881	8783	3787	5160	5963	4925	3922	5382	5107	5267	2483	4324	3589	4717	2694	3316	4699	5222	3152	569	3942	5048	3422	461	4609	3945	2854	349	3644	5121	4112	443	5987
chr5	10013388	10097387	84000	4	0	84000	48781	35219	5900	2484	3507	3951	3328	2457	3615	3118	3454	1688	2866	2250	3161	1817	2089	3095	3297	2135	372	2642	3402	2384	375	3102	2471	1995	292	2494	3348	2749	321	3839
chr5	10097388	10202387	105000	3	0	105000	59210	45790	7168	2916	4203	4460	3818	3422	4771	3834	4054	2147	3808	2724	3707	2110	2473	3594	4118	2691	561	3226	4391	3349	608	4171	3323	2870	512	3237	4013	3609	489	4621
chr5	10202388	10562387	360000	2	0	360000	200566	159434	24731	10148	13526	14901	12987	12192	16571	12290	12758	7408	13562	9011	12830	7403	8202	12045	14295	9070	2506	11280	14715	11375	2902	14236	11431	10843	2679	11362	13599	11940	2217	14983
chr5	10562388	10782387	220000	3	0	220000	116486	103514	12560	5959	8194	7853	7411	8088	11225	7603	8093	4866	8523	5372	6502	4035	4658	5542	8719	5960	1638	6631	9675	8285	2066	9408	7552	7269	2069	7388	8382	7920	1379	9173
chr5	10782388	10985387	203000	4	0	203000	117927	85073	14194	6022	8395	9494	7911	6343	8637	7765	8332	4111	7054	5499	7667	4238	5091	7172	8363	4836	1039	6477	7977	5458	899	7486	6266	4779	680	5817	8050	6747	802	9397
chr5	10985388	11105387	120000	5	0	120000	70412	49588	8677	3488	5052	5832	4529	3537	5016	4574	5009	2391	4133	3291	4834	2559	2990	4499	4868	2726	641	3740	4427	3258	539	4402	3620	2647	446	3449	4740	3995	488	5601
chr5	11105388	11223387	118000	6	0	118000	69177	48823	8341	3336	4866	5695	4225	3742	5000	4602	4803	2355	3966	3222	4869	2503	2931	4721	4873	2710	685	3667	4364	3044	572	4235	3636	2658	488	3543	4696	3803	529	5318
chr5	11223388	11588387	365000	7	0	365000	220823	144177	28336	11038	14561	19475	13998	11454	13923	14755	14792	6719	11509	9930	16283	8597	9324	16128	15933	7986	1834	12055	12683	8621	1411	11915	10622	7405	1335	9426	14891	10618	1520	15921
chr5	11588388	11697387	109000	6	0	109000	68123	40877	8826	3395	4470	6331	4240	3099	3946	4566	4609	1924	3055	3029	5347	2756	2891	5638	4770	2257	506	3642	3537	2056	345	3260	3053	1891	278	2664	4491	2994	337	4795
chr5	11697388	11796387	99000	5	0	99000	61406	37594	7799	3069	3929	5750	3830	2770	3612	4145	4073	1867	2917	2823	4845	2483	2725	4767	4346	2045	401	3397	3275	2102	313	3027	2642	1732	263	2371	4095	2838	359	4388
chr5	11796388	12094387	298000	4	0	298000	187605	110395	25517	9152	11982	17999	11760	8034	10237	12058	12437	5126	8708	8396	14936	7682	8091	15489	12764	6056	1240	9934	9507	5753	1042	8736	7674	5090	962	6968	12144	8138	1006	13380
chr5	12094388	12207387	113000	5	0	113000	72183	40817	9930	3533	4679	7154	4681	2886	3747	4616	4863	1958	3058	3279	5821	2870	3178	5929	4796	2267	436	3748	3484	1989	289	3178	2908	1761	234	2568	4742	2923	325	5168
chr5	12207388	12334387	127000	6	0	127000	82484	44516	11675	3985	5181	8495	5274	3195	3882	5228	5524	2085	3293	3594	6863	3233	3651	7325	5529	2438	466	4065	3792	2087	277	3395	3118	1803	262	2787	5140	3222	373	5761
chr5	12334388	13435537	1101150	7	0	1101150	705852	395298	97618	34143	45016	69387	44554	28701	35848	44932	46032	18611	29678	31144	57962	28598	31127	62499	48124	21611	4250	36068	33499	19360	2863	30968	28132	17304	2536	25118	44280	28415	3255	49515
chr5	13435539	13444982	9444	7	0	9444	6048	3396	777	311	361	606	380	259	314	436	408	148	252	254	490	251	225	576	467	161	42	299	273	168	20	275	268	139	26	195	381	267	30	383
chr5	13444984	13523389	78406	7	0	78406	47178	31228	5796	2191	3431	4133	3139	2218	3003	3173	3262	1559	2614	2222	3354	1705	2093	3284	3159	1702	293	2519	2849	1902	226	2635	2304	1617	212	2152	3222	2391	209	3835
chr5	13523390	13540691	17302	6	0	17302	10301	7001	1194	515	737	909	648	506	718	659	755	341	560	475	758	378	517	631	720	407	60	553	626	412	60	620	504	364	50	492	681	536	48	866
chr5	13540693	13797390	256698	6	0	256698	156987	99711	20248	7919	10729	13953	10117	7223	9581	10353	10903	4789	7867	7271	11580	6041	6946	11465	10761	5798	1012	8401	8872	5719	847	8469	7106	4737	668	6491	10536	7653	879	11762
chr5	13797391	13904390	107000	5	0	107000	65390	41610	8761	3292	4332	5914	4104	2952	3967	4269	4491	1904	3315	3037	4942	2515	2844	4749	4356	2324	543	3440	3697	2433	444	3450	2900	2079	392	2805	4339	3188	457	4763
chr5	13904391	14008390	104000	4	0	104000	61269	42731	7621	3087	4246	5103	4029	3206	4151	4011	4182	1948	3567	2884	4225	2304	2566	4137	4164	2472	578	3331	3988	2655	496	3713	3112	2326	413	2901	4133	3399	465	4585
chr5	14008391	14183390	175000	3	0	175000	98937	76063	12242	5007	6834	7748	6590	5768	7637	6157	6763	3489	6502	4586	6236	3637	4174	5567	6887	4315	1108	5590	6981	5260	1314	6746	5378	4829	1101	5212	6906	5898	937	7599
chr5	14183391	14490390	307000	4	0	307000	175529	131471	22055	9323	12299	13303	10816	10405	14018	10967	11988	6275	10575	7696	12121	6765	7113	9809	12989	7498	2234	10047	11451	8476	2015	11492	9875	7684	1891	9284	11891	9777	1684	13182
chr5	14490391	14642390	152000	3	0	152000	85495	66505	10573	4368	5800	6360	5508	5330	6923	5445	5700	3140	5515	3809	5320	3143	3652	4907	6251	3929	920	4881	6402	4553	1027	5742	4762	4287	932	4655	5791	4955	805	6613
chr5	14642391	14763390	121000	4	0	121000	67539	53461	8423	3504	4899	4859	4280	4024	5653	4127	4714	2600	4291	2944	4268	2553	2817	3582	4709	3161	901	3909	4899	3781	941	4774	3782	3390	797	3867	4694	4063	681	5111
chr5	14763391	14899390	136000	5	0	136000	77361	58639	9876	3850	5279	5882	4964	4558	6077	4746	5038	2790	4869	3503	5009	2939	3409	4571	5368	3479	842	4449	5408	3733	928	5232	4232	3754	848	4166	5337	4335	740	5787
chr5	14899391	15035390	136000	6	0	136000	79168	56832	10272	3904	5523	6389	5243	4066	5750	5038	5420	2658	4873	3666	5154	2869	3395	4946	5292	3227	623	4355	5344	3541	696	5073	4030	3486	606	3942	5431	4400	615	6171
chr5	15035391	15126390	91000	7	0	91000	54498	36502	6671	2757	3735	4624	3670	2733	3534	3743	3783	1801	2936	2548	3663	2016	2438	3845	3848	2061	407	2991	3416	2136	302	3054	2651	1843	265	2459	3765	2868	296	4139
chr5	15126391	15253390	127000	8	0	127000	79319	47681	10762	3915	5851	7168	5238	3331	4362	5010	5702	2254	3731	3493	5994	2983	3430	6095	5184	2692	408	4199	4309	2584	280	3942	3377	2149	223	3152	5071	3689	339	6081
chr5	15253391	15592390	339000	9	0	339000	205920	133080	26479	10209	14112	18012	13475	9604	12794	13638	14331	6245	10647	9697	14528	7984	9049	15115	14188	7381	1492	10981	12162	7770	1251	10839	9541	6529	1070	8955	13620	10342	1131	15827
chr5	15592391	15973390	381000	10	0	381000	229980	151020	29627	11515	15817	19979	14686	11240	14853	14925	15841	7178	12148	10609	16784	8718	10075	15983	15809	8467	1789	12587	13531	8641	1490	12727	10888	7759	1307	10248	15476	11522	1448	17331
chr5	15973391	16229390	256000	9	0	256000	154392	101608	19604	7682	10717	13485	10023	7441	9730	10426	10728	4768	8233	7114	11134	5895	6736	10675	10719	5584	1157	8326	9205	6054	953	8474	7267	5267	849	6909	10429	7782	925	11707
chr5	16229391	16381390	152000	8	0	152000	92785	59215	12321	4703	6328	8348	6388	4253	5580	5973	6471	2888	4836	4256	6520	3384	4053	6481	6437	3315	623	4853	5316	3418	525	4961	4191	2844	392	3889	6250	4643	464	7094
chr5	16381391	16490390	109000	7	0	109000	64842	44158	8075	3198	4566	5521	4172	3235	4410	4078	4403	2136	3437	3042	4710	2499	2900	4459	4383	2585	495	3605	4030	2667	503	3906	3144	2394	420	3006	4338	3461	424	4796
chr5	16490391	16902390	412000	6	0	412000	231849	180151	29798	11875	15829	17354	15202	14020	18752	14111	15283	8323	15282	10678	14573	8477	9499	12793	16330	10436	2874	13055	16737	11921	2986	15868	13076	11599	2823	12878	15940	13556	2509	17561
chr5	16902391	17144390	242000	5	0	242000	134368	107632	18106	6560	8772	9992	8707	8304	11031	7456	8212	4805	9825	6211	8405	4995	5842	7143	8903	6250	1733	7779	10097	7000	2225	9582	7301	7706	2088	7915	9197	7948	1714	10194
chr5	17144391	17446390	302000	4	0	302000	174552	127448	22869	8747	12047	14028	11508	9506	12687	10645	11872	5856	10979	8048	11442	6554	7343	10419	11760	7301	1859	9744	11637	8021	1932	11227	8874	7761	1789	8788	12076	9734	1648	13297
chr5	17446391	17499390	53000	5	0	53000	31983	21017	4388	1633	2057	2735	2106	1583	2138	2054	2216	958	1724	1466	2102	1233	1318	2271	2287	1205	252	1663	1889	1172	225	1711	1529	1073	215	1431	2175	1547	210	2432
chr5	17499391	17530548	31158	6	0	31158	17175	13983	1916	886	1146	1272	1088	1071	1455	1157	1290	671	1140	827	926	670	672	988	1311	766	300	921	1214	912	341	1141	984	868	287	1009	1262	1062	262	1341
chr5	17580549	17855390	274842	7	0	274842	166221	108621	21939	8266	11022	14612	10678	7938	10547	10856	11658	5167	8803	7644	11564	6303	7114	12109	11427	6010	1422	8815	9561	6066	1386	8784	7698	5617	1261	7302	11333	8104	1249	12585
chr5	17855391	18270390	415000	8	0	415000	265213	149787	37559	12851	17186	25789	16910	10742	13533	16818	17735	6992	11651	11877	21181	10374	11641	22374	17656	8211	1474	13616	12941	7392	1110	11688	10417	6422	885	9718	16989	11106	1171	18989
chr5	18270391	18691390	421000	7	0	421000	268345	152655	37514	13010	17130	26438	17190	10923	13947	16898	17642	7187	11734	11538	21745	10904	11536	23007	18185	8222	1716	13901	12939	7644	1363	11840	10769	7093	1131	9751	17065	10827	1354	18855
chr5	18691391	19091390	4e+05	6	0	4e+05	261035	138965	37567	12471	16298	26634	16072	9857	12384	16273	16705	6596	10139	11100	22625	10460	11398	24455	17220	7463	1488	13213	11462	6282	1163	10475	9913	5865	882	8998	15991	9772	1245	17532
chr5	19091391	19294390	203000	5	0	203000	131227	71773	18316	6137	8289	13151	8274	5092	6481	8272	8498	3328	5392	5828	10804	5263	5604	12497	8701	3891	755	6473	6040	3376	542	5505	5140	3080	510	4714	8238	5116	617	9074
chr5	19294391	19442390	148000	4	0	148000	95902	52098	13512	4615	6047	9677	6052	3713	4560	6072	6254	2399	3942	4174	8034	3916	4191	8743	6352	2829	586	4875	4353	2351	416	4012	3704	2205	332	3313	5988	3747	494	6540
chr5	19442391	19737390	295000	5	0	295000	192866	102134	27781	9270	11740	19852	11946	7421	9098	12154	12322	4699	7535	8460	16593	7728	8407	17858	12953	5318	1177	9670	8338	4405	764	7624	7325	4311	703	6529	12003	7097	960	12957
chr5	19737391	20212390	475000	4	0	475000	309524	165476	43924	14897	19240	31293	19295	11865	14669	19578	20010	7738	12298	13507	26125	12632	13619	28834	20885	8821	1678	15748	13745	7574	1180	12487	11528	6853	1036	10386	19249	11738	1362	21204
chr5	20212391	20373390	161000	5	0	161000	103848	57152	14673	5053	6594	10309	6621	4050	4961	6559	6685	2616	4400	4587	8649	4135	4597	9357	6946	3017	607	5284	4656	2713	518	4397	4037	2538	459	3692	6553	4016	540	7179
chr5	20373391	20636390	263000	6	0	263000	171011	91989	24146	8407	10527	17332	10743	6767	8287	10676	10986	4247	6841	7251	14538	6836	7463	15963	11654	4797	1091	8715	7507	4049	737	6840	6641	3902	672	6059	10671	6385	764	11504
chr5	20636391	21058390	422000	7	0	422000	273816	148184	38990	13143	16933	27897	17305	10752	13444	17006	17618	6826	11016	11908	23050	10989	11912	25027	18344	7922	1567	13876	12296	6871	1146	11121	10658	6486	954	9573	17209	10155	1269	18735
chr5	21058391	21474390	416000	6	0	416000	266643	149357	38004	12949	16756	26369	16817	10791	13415	16696	17092	7013	11247	11700	22166	10556	11575	23495	17764	8201	1703	13641	12507	7422	1359	11690	10532	6791	1204	9491	16917	10564	1400	18171
chr5	21474391	21564390	90000	7	0	90000	55578	34422	7694	2613	3323	5334	3495	2524	3417	3393	3437	1659	2778	2420	4338	2162	2435	4555	3782	1790	429	2957	2925	1891	434	2765	2555	1887	372	2340	3568	2447	389	3890
chr5	21564391	21805390	241000	6	0	241000	156622	84378	22097	7574	9970	15764	9740	6095	7353	9809	10105	3993	6411	6802	13463	6198	6863	14384	10301	4615	982	7962	6847	3718	691	6497	5876	3556	605	5417	9973	5864	752	10721
chr5	21805391	21918390	113000	7	0	113000	73051	39949	10137	3538	4757	7136	4467	2841	3579	4573	4818	1851	3072	3111	6146	2948	3292	6784	4809	2054	424	3891	3317	1889	287	3033	2802	1760	241	2589	4532	2823	310	5187
chr5	21918391	22421390	503000	8	0	503000	324432	178568	45477	15447	20536	32361	19992	13008	15943	20672	20967	8264	13805	14344	27385	13108	14258	28863	21763	9430	2020	16614	14631	8328	1426	13796	12720	7835	1228	11397	20502	12588	1554	22736
chr5	22421391	23028390	607000	7	0	607000	392949	214051	55140	18912	24603	39655	24484	15523	19020	24894	25442	9871	16231	17376	33244	15904	17105	35543	26411	11407	2310	20082	17741	9849	1661	16550	14921	9254	1458	13487	24849	15291	1939	26841
chr5	23028391	23177390	149000	6	0	149000	95805	53195	13543	4696	6051	9640	6065	3788	4850	5894	6393	2507	4151	4190	7929	3774	4263	8070	6349	2907	617	4892	4405	2510	415	4101	3688	2328	350	3390	6155	3685	470	6932
chr5	23177391	23625390	448000	5	0	448000	288988	159012	41186	13886	18126	29033	17964	11603	14340	18088	18523	7442	12021	12379	24559	11605	12366	25866	19525	8564	1748	14699	13224	7589	1407	12132	11180	7253	1205	10120	18066	10945	1452	19902
chr5	23625391	23807390	182000	6	0	182000	117473	64527	16509	5610	7353	11798	7276	4766	5844	7192	7589	3025	4826	4991	9896	4850	5089	10859	7889	3573	697	6092	5455	3124	552	4879	4524	2843	483	3984	7210	4470	594	8156
chr5	23807391	23921390	114000	7	0	114000	73852	40148	11002	3871	4268	7223	4762	3202	3626	4724	4912	1735	2825	3435	5687	2942	3229	6408	5486	2209	472	3583	3434	1839	312	2871	2611	1621	265	2537	4782	2787	381	4957
chr5	23921391	24186440	265050	8	0	265050	172607	92443	25007	8408	10589	17489	11051	6634	8278	10713	10982	4211	6816	7450	14453	7087	7355	16082	11765	5143	871	8561	7880	4395	654	6913	6418	3919	636	5829	10614	6385	725	11735
chr5	24186441	24186484	44	6	0	44	28	16	7	1	2	2	3	1	3	1	0	0	0	2	1	1	0	2	1	1	0	1	3	0	0	0	3	1	0	4	1	1	0	0
chr5	24186485	24186925	441	8	0	441	264	177	30	16	16	26	26	7	17	21	19	7	12	18	13	7	8	20	16	8	5	8	17	11	0	19	14	12	0	10	23	16	1	16
chr5	24186926	24186954	29	6	0	29	16	13	2	1	0	0	0	0	1	1	1	1	1	2	0	0	2	3	0	1	1	0	1	2	0	0	0	1	0	1	1	0	1	3
chr5	24186955	24193390	6436	8	0	6436	4067	2369	563	174	265	393	234	186	193	308	271	106	183	184	328	168	167	343	286	120	35	193	206	134	20	184	177	104	17	148	251	186	24	283
chr5	24193391	26522390	2329000	9	0	2329000	1510760	818240	217367	73262	93319	153351	95289	58442	73167	94012	96479	38357	60794	65170	128165	60380	65603	137601	100915	44729	9038	75759	68421	38179	6787	61906	58201	35584	5931	51990	93373	56801	7398	103228
chr5	26522391	26599390	77000	10	0	77000	50656	26344	7259	2348	2963	5406	3137	1883	2323	3257	3197	1185	1912	2205	4383	2087	2197	4913	3369	1357	265	2512	2146	1196	190	1974	1951	1087	168	1630	3134	1866	219	3279
chr5	26599391	26908271	308881	9	0	308881	203033	105848	29211	9816	12354	21101	12529	7515	9369	12476	12780	4908	7795	8802	17962	8223	8790	19401	13548	5540	1222	10152	8503	4497	896	7875	7384	4449	789	6707	12455	7285	971	13574
chr5	26908273	26942890	34618	9	0	34618	22823	11795	3281	1119	1377	2315	1411	836	1011	1440	1400	555	841	1020	1999	926	1016	2275	1543	628	98	1167	1015	543	82	856	830	504	64	648	1309	821	112	1574
chr5	26942892	27015392	72501	9	0	72501	47470	25031	6801	2307	2818	4930	2869	1864	2203	3009	2995	1122	1921	2111	4191	1837	2042	4448	3152	1353	264	2361	2088	1072	193	1875	1742	1062	190	1530	2963	1741	227	3218
chr5	27015393	27589392	574000	8	0	574000	376430	197570	54753	17989	22820	39317	23298	14329	17395	23403	23738	9278	14449	16051	33091	15200	16238	35079	25016	10463	2241	19077	16139	8798	1692	14484	13949	8371	1366	12458	23321	13481	1831	24883
chr5	27589393	28693392	1104000	9	0	1104000	721105	382895	103787	34562	44792	73728	44603	27000	34034	44773	46185	18056	28309	30780	62295	29237	31597	67365	47604	20496	4040	36715	31511	17566	2971	28798	26858	16299	2604	24103	44438	26485	3291	49116
chr5	28693393	29226392	533000	8	0	533000	346078	186922	49147	16491	21814	35193	21586	13408	16786	21093	22564	8630	13916	15018	29348	14040	15287	31755	22925	10072	1954	17618	15458	8690	1476	14262	13122	8003	1332	11881	21368	13121	1598	24042
chr5	29226393	29454392	228000	7	0	228000	150125	77875	21444	7141	9190	15506	9276	5420	6681	9263	9474	3642	5841	6513	13087	6174	6577	14894	9835	4200	831	7511	6325	3389	645	5889	5356	3219	523	4682	9124	5440	699	10207
chr5	29454393	29620392	166000	6	0	166000	107668	58332	15748	5261	6528	10912	6850	4242	5284	6621	6878	2688	4233	4720	8973	4288	4701	9739	7243	3208	623	5406	5041	2697	437	4388	4138	2556	462	3614	6575	4102	504	7338
chr5	29620393	29845392	225000	5	0	225000	148281	76719	21875	7085	8983	15443	9275	5472	6714	9302	9579	3607	5645	6300	12657	5974	6267	14102	10085	4033	805	7215	6466	3347	507	5687	5170	3200	434	4638	9042	5426	594	10069
chr5	29845393	29906392	61000	4	0	61000	39916	21084	5642	1985	2518	3970	2544	1515	1899	2520	2573	1059	1499	1737	3356	1604	1685	3809	2734	1139	251	2039	1757	889	130	1523	1496	793	140	1325	2492	1478	183	2714
chr5	29906393	30067392	161000	5	0	161000	103956	57044	14767	5066	6635	10449	6632	3926	5229	6422	6790	2687	4433	4472	8728	4130	4477	9111	6931	3140	502	5236	4820	2746	376	4493	3971	2404	319	3724	6487	4145	429	7321
chr5	30067393	30330392	263000	6	0	263000	170233	92767	24654	8313	11074	17027	10769	6531	8218	10428	11307	4277	7171	7408	14339	6689	7518	14508	11103	4969	896	8842	7768	4434	615	7227	6454	3935	492	5869	10621	6706	793	12043
chr5	30330393	30479392	149000	7	0	149000	96904	52096	14140	4748	6189	9794	6153	3596	4677	5873	6555	2409	3821	4287	8023	3817	4220	8602	6416	2750	566	4837	4313	2424	413	3878	3590	2160	364	3312	5980	3694	517	6880
chr5	30479393	30798392	319000	8	0	319000	205846	113154	28992	10084	13363	20481	13100	8060	10030	13248	13922	5327	8390	9059	16906	8117	8994	17771	13875	6177	1150	10386	9680	5474	727	8713	7926	4706	553	7089	12958	8237	914	14589
chr5	30798393	30869392	71000	9	0	71000	44833	26167	6185	2191	3045	4194	2896	1766	2432	2865	3172	1223	2038	2133	3362	1735	2068	3527	2924	1381	293	2317	2235	1214	198	2060	1837	1153	194	1794	2963	1959	233	3411
chr5	30869393	31226392	357000	8	0	357000	222311	134689	29969	10757	15345	20497	14215	9678	12432	14563	15358	6306	10619	10073	17025	8621	9805	17047	14702	7397	1509	11754	11702	7105	1125	10883	10034	6240	926	8956	14450	10073	1224	16608
chr5	31226393	31336392	110000	7	0	110000	67744	42256	9204	3389	4763	6168	4294	3131	3837	4312	4666	1854	3336	3103	5360	2619	2930	4777	4482	2309	547	3655	3702	2424	422	3478	3031	2118	345	2782	4359	3176	474	4951
chr5	31336393	31534392	198000	6	0	198000	117244	80756	15444	5969	8275	9581	7545	5883	7996	7345	7898	3744	6671	5226	8382	4609	5124	7551	7901	4686	940	6678	7343	4926	963	7101	5696	4657	822	5503	7829	6064	862	8784
chr5	31534393	31819392	285000	5	0	285000	157807	127193	19916	7742	10960	11569	10466	9551	13221	9326	10279	5678	11336	7324	9526	5786	6759	8367	10620	7422	1678	9037	12128	8758	2162	11792	9020	8774	2005	9179	10797	9887	1665	12268
chr5	31819393	31837903	18511	4	0	18511	10539	7972	1501	504	678	788	713	662	823	635	615	364	676	529	642	419	413	576	729	511	123	587	796	479	115	722	559	523	101	542	749	599	97	739
chr5	31837905	31965393	127489	4	0	127489	70250	57239	9052	3573	4678	4943	4579	4426	6114	4113	4518	2558	5018	3256	4096	2592	2926	3806	4887	3406	836	4020	5547	3922	1048	5167	3947	4061	921	4127	4851	4295	781	5423
chr5	31965394	32067393	102000	3	0	102000	55943	46057	7118	2882	3763	3920	3718	3710	4757	3398	3607	2089	4078	2619	3240	1988	2325	2729	4053	2714	746	3156	4366	3098	881	4162	3231	3263	773	3221	3933	3432	644	4384
chr5	32067394	32398519	331126	2	0	331126	188259	142867	25788	9612	12300	14448	12066	10618	14748	10774	11387	6355	12239	8375	12907	7525	8019	11097	12549	8312	2165	11084	13214	9324	2808	12546	9882	10026	2481	10119	12561	10230	2008	13557
chr5	32398521	32435891	37371	2	0	37371	23059	14312	3519	1190	1492	1963	1395	1086	1500	1243	1433	639	1107	907	1816	1064	1097	1607	1566	843	186	1384	1248	673	158	1161	1006	795	165	1040	1404	929	143	1610
chr5	32435892	32486393	50502	2	0	50502	28106	22396	3555	1369	1847	2121	1841	1582	2264	1722	1703	1007	2005	1366	1793	1124	1250	1557	1832	1359	306	1585	2157	1545	410	2109	1457	1616	399	1538	1962	1700	285	2134
chr5	32486394	32584393	98000	3	0	98000	54143	43857	6647	2680	3766	3812	3679	3321	4645	3235	3567	1998	3918	2570	3012	1972	2437	2883	3720	2592	526	3132	4192	3006	661	4093	3191	2987	534	3168	3777	3367	537	4373
chr5	32584394	32691393	107000	4	0	107000	61181	45819	7634	3137	4313	4800	4146	3261	4623	3748	4119	2156	3832	2810	3985	2372	2745	3500	4090	2712	567	3557	4317	3159	609	4236	3210	2772	552	3120	4161	3678	477	4600
chr5	32691394	32849393	158000	5	0	158000	93342	64658	12197	4884	6634	7688	6349	4662	6248	6005	6672	2961	5237	4270	6185	3472	4046	5831	6402	3753	743	5082	5979	4104	756	5436	4614	3483	771	4394	6269	4935	684	7252
chr5	32849394	32960393	111000	6	0	111000	68619	42381	9114	3479	4679	6113	4525	3056	3871	4596	4707	1988	3243	3151	5039	2646	3129	5282	4811	2474	409	3476	3881	2430	296	3514	2923	2042	251	2784	4432	3175	334	5148
chr5	32960394	33416393	456000	7	0	456000	282468	173532	38092	14249	19362	25141	18435	12180	16415	17743	19514	8254	13768	12767	20803	11074	13304	21367	18812	9747	1635	15563	15409	9376	1291	14425	12007	8268	1118	11577	18545	13110	1364	21283
chr5	33416394	33448856	32463	6	0	32463	19480	12983	2557	1054	1360	1621	1326	911	1214	1161	1347	572	1024	906	1363	793	918	1352	1347	748	170	1064	1173	791	169	1079	880	673	156	883	1212	1000	147	1490
chr5	33448858	34098394	649537	6	0	649537	386419	263118	48322	19390	27226	32329	25383	19442	26073	24871	26813	12360	21482	18182	26750	14625	17077	26092	26644	14993	2887	21294	23988	16105	2597	22645	18705	14038	2173	18212	26432	20199	2499	29707
chr5	34098395	34250394	152000	5	0	152000	95089	56911	13016	4631	5810	9191	6019	4180	5306	5988	6019	2682	4433	4228	7594	3708	4233	8051	6481	3110	720	4889	4802	3037	686	4516	4121	2847	576	3762	6088	4047	612	6615
chr5	34250395	34421394	171000	4	0	171000	109119	61881	15491	5189	6987	10860	7011	4432	5499	6803	7063	2896	4714	4706	8963	4323	4691	9489	7289	3295	651	5605	5102	3347	711	4707	4386	2968	500	3940	6968	4257	516	7639
chr5	34421395	34580394	159000	3	0	159000	91060	67940	11078	4804	6601	6957	6260	4968	7101	5574	6202	3312	5715	4190	5900	3151	3912	5333	6309	4095	740	5091	6407	4631	742	6198	4882	4030	604	4792	6307	5222	642	7248
chr5	34580395	35058560	478166	4	0	478166	280280	197886	36731	14160	19647	22514	18066	14389	19668	17037	18997	8933	16833	12777	19258	11016	12476	17778	18782	11499	2311	15905	18055	12376	2594	17640	13553	11585	2273	13771	18770	15206	2256	21308
chr5	35058562	35058623	62	4	0	62	46	16	10	1	2	7	1	1	2	3	5	0	0	1	3	4	2	3	4	0	1	1	0	0	0	1	0	0	1	1	3	1	0	2
chr5	35058625	35058701	77	4	0	77	59	18	7	3	2	7	4	1	1	5	2	2	0	3	7	4	2	7	6	0	0	4	1	0	0	0	0	0	0	0	5	1	0	1
chr5	35058703	35408397	349695	4	0	349695	210198	139497	27028	10588	14754	17949	14042	10085	13619	13532	14557	6594	11233	9766	14693	7953	9393	14411	14424	7925	1469	11402	12749	8273	1252	11936	10002	7341	1037	9536	14102	10671	1252	16125
chr5	35408398	35524397	116000	5	0	116000	71633	44367	9439	3718	4972	6307	4821	3143	4120	4720	4895	2074	3577	3247	5282	2760	3249	5307	4912	2517	381	3885	3977	2359	309	3666	3143	2088	298	3039	4772	3347	346	5328
chr5	35524398	35644397	120000	6	0	120000	74905	45095	10203	3760	5170	6875	4955	3182	4041	4671	5075	2087	3579	3331	5776	2961	3456	5781	5000	2530	487	3973	3873	2368	410	3689	3210	2136	362	2984	4766	3306	401	5600
chr5	35644398	36238397	594000	7	0	594000	363286	230714	47690	18073	25432	32070	23513	16335	22215	22531	24953	10800	18372	16483	27109	14169	16602	26938	23947	13174	2290	19966	20532	13236	1998	19810	16361	11451	1657	15683	23755	17715	1977	27161
chr5	36238398	36532397	294000	6	0	294000	176633	117367	23296	8789	12341	15119	11591	8416	11642	11124	12218	5586	9261	8046	12440	6710	7982	12071	11965	6712	1194	9630	10606	7011	1174	10097	8548	6188	1029	8101	11654	8978	1081	13398
chr5	36532398	36631397	99000	5	0	99000	60168	38832	8431	3069	4061	5319	3999	2795	3693	3612	4109	1744	3199	2606	4341	2272	2692	4224	3940	2205	482	3253	3487	2149	472	3224	2790	2085	390	2697	3882	2893	412	4471
chr5	36631398	37849397	1218000	4	0	1218000	738395	479605	102986	36868	48567	64790	47155	34724	46635	43642	47189	21624	38472	33278	55880	30279	33345	52960	48742	27669	5783	41301	42922	27640	6304	40556	32874	27212	5660	32378	47618	34902	5259	52784
chr5	37849398	37950397	101000	5	0	101000	58527	42473	6679	3026	4249	4605	3893	3198	4243	3906	4178	1991	3528	2751	3809	2201	2680	3590	4193	2518	416	3289	4023	2859	393	3861	2989	2341	264	2877	4035	3418	323	4672
chr5	37950398	38084397	134000	6	0	134000	80299	53701	9968	4142	5749	6761	5335	3970	5303	5138	5690	2534	4296	3626	5627	3081	3637	5441	5645	3032	562	4488	5011	3107	421	4654	3749	2834	336	3715	5340	4220	457	6129
chr5	38084398	38451397	367000	7	0	367000	213759	153241	26011	10654	15270	17186	13998	11253	15334	13833	14980	7221	12771	10006	14132	8097	9488	13525	14698	8783	1765	11978	14074	10037	1728	13552	10852	8642	1519	10633	14794	11930	1554	16700
chr5	38451398	38815397	364000	6	0	364000	214170	149830	26674	10635	15295	17703	13786	10731	14815	13710	14934	7044	12414	9764	14912	8154	9463	14135	14636	8330	1758	11840	13530	9753	1778	13240	10551	8428	1442	10387	14325	11789	1522	16520
chr5	38815398	38874397	59000	7	0	59000	34722	24278	4510	1648	2291	2839	2150	1871	2303	2209	2285	1082	2049	1535	2343	1420	1436	2749	2504	1386	320	1811	2162	1691	436	2013	1640	1409	357	1598	2227	1816	251	2657
chr5	38874398	39051397	177000	6	0	177000	111601	65399	15904	5889	7296	10297	7172	4647	6215	6698	7197	3051	4804	4793	9113	4606	4971	8948	7507	3806	747	6132	5721	3420	561	5278	4607	3082	498	4193	6897	4672	594	7682
chr5	39051398	39120397	69000	5	0	69000	43318	25682	6161	2127	2831	4148	2673	1782	2339	2556	2800	1149	1948	1889	3634	1856	1975	3449	2784	1343	319	2468	2106	1420	389	2020	1784	1310	308	1644	2676	1863	286	2961
chr5	39120398	39232397	112000	6	0	112000	69076	42924	9493	3483	4870	6170	4355	3077	4037	4274	4815	1903	3466	2982	5352	2671	2999	5128	4539	2425	499	3671	3706	2386	399	3652	3108	2142	351	2879	4390	3191	415	5170
chr5	39232398	39752397	520000	7	0	520000	322452	197548	43380	15865	22119	29315	20719	13802	18422	20340	21936	9478	15670	14345	24645	12616	14709	25090	21339	10868	2100	17454	17155	10555	1895	16416	13818	9737	1523	13258	20970	14861	1806	23792
chr5	39752398	39898397	146000	8	0	146000	93281	52719	13015	4640	6208	8964	5934	3670	4830	5854	6382	2473	4053	4094	7496	3750	4150	7766	6237	2783	515	4998	4440	2522	451	4012	3650	2266	372	3470	5962	3854	426	6761
chr5	39898398	40342397	444000	9	0	444000	280712	163288	38794	14003	19032	26473	18163	11563	14929	17747	19303	7628	12634	12490	22042	10955	12675	22280	18571	9196	1489	14892	14315	8092	1161	13135	11338	7439	986	10617	18178	11976	1276	20626
chr5	40342398	40570397	228000	8	0	228000	141045	86955	18605	7105	9867	12704	9436	6346	8205	8995	9971	4163	6610	6437	10269	5437	6422	10472	9651	5000	826	7574	7827	4711	583	7110	6100	3996	539	5855	9404	6523	690	10565
chr5	40570398	40658397	88000	7	0	88000	54553	33447	7162	2775	3668	4966	3514	2383	3211	3514	3740	1518	2645	2470	4155	2110	2495	4226	3694	1872	296	2925	2987	1821	210	2828	2425	1586	185	2244	3515	2567	269	4022
chr5	40658398	40758397	1e+05	6	0	1e+05	60477	39523	8497	3134	4118	5196	3980	2752	3691	3643	4053	1789	3181	2595	4415	2425	2704	4302	3970	2282	507	3342	3476	2220	636	3276	2694	2241	576	2685	3926	2865	435	4392
chr5	40758398	40885397	127000	5	0	127000	74457	52543	10333	3738	4836	6106	4838	3753	5213	4193	4584	2245	4491	3427	5258	3040	3344	5058	4765	3124	654	4233	4803	3365	895	4612	3582	3388	716	3658	4847	3798	721	5380
chr5	40885398	40965397	80000	6	0	80000	49012	30988	6918	2405	3332	4346	3356	2257	2944	3060	3218	1382	2637	2168	3509	1934	2073	3472	3296	1724	311	2648	2801	1675	232	2601	2300	1652	244	2098	3219	2258	289	3639
chr5	40965398	41044397	79000	7	0	79000	47410	31590	6218	2359	3217	3960	3063	2326	3140	3112	3243	1546	2638	2198	3230	1770	2165	3224	3220	1844	336	2600	2875	1796	263	2754	2267	1632	225	2152	3279	2416	276	3654
chr5	41044398	41811397	767000	8	0	767000	479519	287481	64874	23865	32939	43937	31051	19836	27067	30792	33127	13526	22543	21817	36563	18801	22021	36759	31564	16112	2528	25824	25345	14985	1901	23774	20419	13153	1609	19253	31417	21755	2122	35719
chr5	41811398	42061397	250000	7	0	250000	157620	92380	21869	7948	10610	14697	10079	6517	8367	9847	10425	4233	7006	7010	12751	6278	7300	12682	10296	5252	921	8507	7974	4858	777	7506	6505	4385	719	6005	10035	6620	755	11264
chr5	42061398	42363397	302000	8	0	302000	189350	112650	26063	9519	12777	17587	12555	7729	10574	11976	13170	5298	8638	8615	14158	7264	8604	14822	12643	6425	938	9805	10136	6124	737	9194	7821	5141	586	7378	12234	8501	771	14215
chr5	42363398	42597397	234000	7	0	234000	143466	90534	18541	7139	10303	12458	9178	6352	8800	9188	10075	4218	7159	6545	10647	5519	6606	10737	9498	5026	802	7902	8005	4905	706	7632	6482	4540	718	6320	9533	6778	672	11014
chr5	42597398	42733397	136000	6	0	136000	84815	51185	11508	4302	5804	7697	5446	3620	4891	5363	5771	2382	3927	3694	6587	3446	3951	6424	5628	2928	481	4713	4475	2654	354	4244	3724	2402	322	3486	5494	3743	407	6130
chr5	42733398	42807397	74000	5	0	74000	46924	27076	6718	2396	3048	4480	3080	1763	2437	2810	3111	1219	2102	2102	3732	1906	2220	3798	3007	1555	263	2459	2312	1336	266	2205	1849	1273	254	1762	2922	1955	277	3381
chr5	42807398	42886397	79000	4	0	79000	47815	31185	6528	2506	3344	3947	3185	2251	3104	2904	3195	1553	2463	2118	3418	1809	2256	3233	3389	1795	305	2630	2765	1742	294	2666	2222	1580	233	2235	3068	2350	274	3636
chr5	42886398	43570397	684000	3	0	684000	395677	288323	53394	20191	26879	31609	25966	20213	28649	22901	25906	13260	24117	18075	26808	15394	17561	24753	25640	17151	3961	22306	26285	18367	5508	25150	19962	18092	4678	19864	25841	21700	3931	29886
chr5	43570398	43712397	142000	4	0	142000	87340	54660	12292	4295	5868	7880	5637	3863	5162	5295	5702	2591	4229	3827	6705	3383	3859	6750	5797	3082	584	4669	4802	3185	677	4507	3717	2931	604	3756	5641	3973	549	6186
chr5	43712398	43831397	119000	5	0	119000	72926	46074	9572	3784	5124	6497	4970	3156	4312	4620	5308	2117	3714	3332	5127	2638	3263	5391	4789	2656	390	3860	4280	2696	372	3865	3183	2235	288	2988	4806	3626	340	5699
chr5	43831398	44172397	341000	6	0	341000	213547	127453	29204	11006	14640	19539	14557	8840	11812	13685	14659	6054	9721	9790	15970	8213	9699	16156	14365	7425	989	11335	11653	6875	748	10237	8938	5687	582	8395	13938	9526	855	15905
chr5	44172398	44400397	228000	7	0	228000	146521	81479	20668	7425	9937	14244	9424	5522	7265	9124	9986	3820	6147	6386	12196	5744	6711	11921	9574	4386	727	7824	6867	3971	512	6407	5692	3399	486	5295	9202	6001	601	10534
chr5	44400398	44828397	428000	6	0	428000	272700	155300	38291	13580	18461	26145	17537	10724	14257	16971	18366	7317	11707	12040	22283	10686	12227	22106	17808	8747	1449	14303	13303	7750	1032	12458	11136	6726	930	10228	17242	11320	1205	19663
chr5	44828398	44944397	116000	7	0	116000	73963	42037	10624	3578	4833	7200	4612	2937	3858	4521	4876	1956	3204	3222	6124	2926	3421	6069	4747	2258	388	4004	3599	2153	347	3301	2892	1940	312	2838	4690	3049	345	5174
chr5	44944398	45119397	175000	8	0	175000	111821	63179	15317	5454	7380	10822	7026	4516	5904	6915	7394	2946	4871	5015	9236	4421	5009	9594	7342	3458	602	5935	5309	2947	474	4967	4471	2759	381	4307	7239	4533	499	7955
chr5	45119398	46317397	1198000	9	0	1198000	767926	430074	116200	40958	51693	69632	49542	33287	40393	47606	58163	17355	32985	36063	54578	26189	31840	61441	52218	21287	4330	39954	34856	18576	2896	32331	32245	16625	2901	27289	51510	32171	3547	57337
chr5	46317398	46352397	35000	8	0	35000	22096	12904	3694	1390	1830	1436	1779	1394	1087	1191	2303	310	1193	1050	573	531	837	1497	1724	455	147	1299	829	285	96	808	1187	366	116	735	1711	913	127	2105
chr5	46352398	46405539	53142	9	0	53142	33053	20089	5191	2145	2720	2209	2672	1880	1747	1849	3389	753	1746	1462	1012	871	1397	2008	2537	784	302	2026	1313	567	221	1249	1771	554	220	1195	2527	1445	237	3141
chr5	50109808	50136665	26858	9	0	26858	16360	10498	2461	1175	1318	1028	1356	925	919	847	1865	324	943	825	301	292	803	976	1219	297	183	1017	686	253	173	601	870	339	236	667	1272	824	162	1699
chr5	50136666	50385665	249000	8	0	249000	155916	93084	23618	8740	11265	12680	11461	8042	8443	9414	13254	3621	7717	7361	7970	4940	6437	10953	11426	4427	998	8492	7523	3744	644	6730	7122	3501	787	5735	11288	6969	791	12905
chr5	50385666	50797665	412000	7	0	412000	259824	152176	36742	12818	17552	24623	16668	10570	14149	15916	17617	6981	11693	11443	20709	10191	11130	21020	17142	8284	1578	13556	13012	7964	1446	12297	10848	7149	1240	9925	16301	11322	1366	18746
chr5	50797666	50952665	155000	8	0	155000	96989	58011	13546	4792	6702	8965	6300	4149	5348	6116	6683	2707	4504	4370	7476	3834	4249	7247	6377	3207	602	5296	4943	3029	528	4723	4142	2743	422	3735	6452	4244	518	7049
chr5	50952666	51216665	264000	9	0	264000	167915	96085	23292	8086	11476	16248	10741	6800	8577	10390	11593	4500	7454	7503	13476	6606	7467	13705	11090	5172	1004	8726	7893	4769	784	7712	6762	4169	743	6210	10764	7049	911	12326
chr5	51216666	52416665	1200000	10	0	1200000	777373	422627	110497	37999	50337	77845	49306	29617	37284	48604	51432	19613	31200	34026	65443	31663	34558	67948	51556	23058	4422	39856	35035	19667	3115	32687	29472	17801	2830	26856	48748	29978	3565	53980
chr5	52416666	52497949	81284	9	0	81284	52475	28809	7248	2567	3506	5231	3240	1972	2600	3212	3537	1366	2213	2296	4527	2171	2406	4381	3404	1528	284	2860	2299	1405	198	2312	1949	1194	164	1799	3372	2087	200	3754
chr5	52497950	52498002	53	8	0	53	18	35	0	0	0	1	0	2	4	1	1	1	4	0	0	2	2	0	1	1	0	2	3	2	3	4	2	5	1	3	1	4	0	1
chr5	52498010	52688665	190656	9	0	190656	121784	68872	17218	6042	8023	11804	7912	4816	6293	7691	8361	3192	5212	5441	9596	4730	5396	10056	8062	3778	675	6265	5936	3292	501	5362	4941	2927	373	4553	7774	5095	593	8744
chr5	52688666	52833665	145000	8	0	145000	90291	54709	12230	4588	6242	8286	5813	3925	5024	5618	6127	2607	4289	3951	7176	3510	4142	6762	6048	3085	528	4969	4821	2915	465	4549	3684	2645	425	3600	5827	4104	464	6579
chr5	52833666	52876473	42808	7	0	42808	27187	15621	3733	1289	1914	2609	1653	1026	1439	1681	1928	713	1263	1164	2231	1088	1265	2190	1693	814	143	1466	1298	734	109	1319	1081	741	100	1054	1727	1171	128	2042
chr5	52876475	52881125	4651	7	0	4651	2852	1799	346	143	230	247	189	106	158	181	195	96	169	128	236	100	130	198	164	91	11	179	153	100	8	179	124	73	7	120	193	177	10	208
chr5	52881127	52890210	9084	7	0	9084	5455	3629	721	277	410	467	342	237	358	294	416	165	319	249	397	222	241	338	341	201	50	309	299	208	45	337	224	195	34	237	368	285	51	445
chr5	52890212	52897583	7372	7	0	7372	4823	2549	743	233	277	498	312	191	260	315	319	130	163	186	377	206	202	411	370	115	22	253	206	117	14	168	205	106	10	163	297	167	16	318
chr5	52897585	52947669	50085	7	0	50085	32096	17989	4222	1434	1969	3016	1796	1334	1661	1927	2000	822	1377	1386	2622	1491	1522	3515	2149	962	210	1760	1503	912	197	1399	1201	798	147	1166	1865	1339	176	2205
chr5	52947670	53029669	82000	6	0	82000	50040	31960	6620	2468	3420	4435	3278	2271	3097	3264	3483	1512	2616	2311	3562	1827	2230	3644	3357	1783	298	2641	2846	1766	311	2654	2332	1627	246	2177	3375	2401	255	3891
chr5	53029670	53502669	473000	7	0	473000	289949	183051	38664	14605	20453	25479	19103	12775	17440	18423	20126	8715	14372	13191	21309	11395	13065	20833	19487	10357	1685	15961	16364	10415	1556	15603	12745	9124	1320	12029	19145	14043	1479	21737
chr5	53502670	53877669	375000	6	0	375000	230709	144291	31898	12014	15591	20109	15337	10246	13959	14231	15459	6781	10925	10386	16917	9219	10448	17188	15755	8575	1501	12429	13188	7881	1346	11870	10128	7190	1176	9700	14702	10639	1287	16923
chr5	53877670	53999669	122000	7	0	122000	74458	47542	10382	3771	5090	6485	4780	3484	4580	4407	4945	2189	3810	3272	5620	3001	3389	5252	4966	2723	566	4189	4128	2668	522	4049	3308	2506	472	3228	4849	3470	494	5403
chr5	53999670	54296669	297000	8	0	297000	183772	113228	25550	9291	12574	16465	11667	8198	10618	11231	12209	5347	8961	8095	14454	7418	8323	13369	12322	6409	1321	10202	9863	6140	1062	9475	7673	5747	965	7437	11857	8244	1148	13363
chr5	54296670	54639231	342562	7	0	342562	200498	142064	25146	10192	13953	16174	13127	10148	14414	12568	13267	6687	11648	8926	13925	7799	9188	13336	13669	8272	1562	11322	13191	9093	1620	12706	10163	8431	1422	10083	13234	10814	1388	15092
chr5	54639233	54687804	48572	7	0	48572	28670	19902	3573	1451	2006	2393	1918	1423	2002	1827	1999	897	1615	1363	1933	1080	1265	1924	1930	1147	223	1551	1822	1225	247	1720	1457	1120	166	1419	1961	1523	192	2198
chr5	54687806	54808671	120866	7	0	120866	71185	49681	8589	3461	5175	5795	4670	3654	4982	4684	5114	2418	4244	3233	4646	2605	3222	4691	5053	2666	460	3959	4575	3157	403	4365	3532	2701	305	3496	4830	3976	400	5803
chr5	54808672	54949671	141000	6	0	141000	82904	58096	9877	4154	6054	6834	5495	4191	5751	5390	6002	2783	4889	3888	5545	3070	3741	5240	5638	3345	592	4622	5315	3655	565	5114	4094	3051	522	4019	5780	4598	505	6679
chr5	54949672	55039671	90000	5	0	90000	54117	35883	6877	2797	3797	4554	3742	2621	3494	3482	3739	1712	2834	2620	3667	2047	2428	3706	3852	2044	372	2909	3295	2134	311	3018	2528	1818	221	2474	3663	2762	328	4152
chr5	55039672	55122671	83000	4	0	83000	49363	33637	6123	2511	3472	4100	3292	2466	3327	3181	3416	1633	2809	2205	3374	1927	2253	3272	3417	2023	304	2794	3114	2124	217	3017	2391	1668	222	2283	3344	2657	295	3767
chr5	55122672	55407671	285000	3	0	285000	173837	111163	24970	8655	11544	15243	10776	7687	10750	10112	11212	4982	8874	7501	13454	7335	7969	12772	11134	6275	1379	9871	9733	6219	1655	9281	7636	6385	1500	7524	10822	8009	1278	12461
chr5	55407672	55761671	354000	2	0	354000	212658	141342	30665	10665	13850	18287	13722	10261	14022	11960	13158	6339	11642	9240	15922	8648	9661	14615	13923	8140	1658	12192	12759	8173	1979	12208	9723	8709	1801	9697	13561	10097	1644	15077
chr5	55761672	56027620	265949	3	0	265949	158712	107237	21736	7882	10600	13352	9957	7964	10517	9379	10089	4839	8769	7111	11788	6310	7129	11289	10477	6233	1325	8960	9778	6607	1434	9332	7219	6369	1340	7354	10343	7943	1153	11369
chr5	56027622	56164672	137051	3	0	137051	77542	59509	10237	3821	5218	5811	5019	4527	6102	4382	4962	2592	5505	3593	4869	2926	3469	4508	5116	3460	769	4521	5561	3844	975	5385	4046	4045	893	4241	5307	4416	781	6148
chr5	56164673	56532672	368000	2	0	368000	213818	154182	26281	10754	15401	17124	14099	11146	15445	13739	15052	7227	13156	9821	14129	7712	9379	13352	14564	8731	1737	11807	14170	10127	1808	13713	11041	8944	1472	10811	14654	12015	1537	17050
chr5	56532673	57249672	717000	3	0	717000	424940	292060	56988	21695	29054	35444	27876	21122	29032	25395	28238	13263	24221	19039	30079	17021	19157	27315	28340	17046	3472	24243	26487	17572	3733	25693	20278	17053	3305	20076	28320	21815	3174	31452
chr5	57249673	57370672	121000	4	0	121000	71515	49485	9358	3679	4933	5815	4869	3643	5028	4330	4723	2282	4109	3268	4836	2748	3227	4665	4811	2910	505	4127	4671	3092	421	4410	3560	2777	369	3450	4828	3815	429	5310
chr5	57370673	57475672	105000	5	0	105000	62615	42385	7950	3163	4370	5291	4208	3124	4095	4140	4435	1995	3496	2903	4181	2320	2770	4173	4321	2468	439	3373	3975	2614	335	3678	3053	2128	322	2849	4218	3392	388	4831
chr5	57475673	57735672	260000	6	0	260000	159181	100819	20511	7837	11438	13906	10225	6974	9623	10241	11369	4892	8318	7258	11586	6020	7471	11511	10679	5499	939	8606	8695	5690	738	8717	7108	4819	551	6940	10580	7832	838	12587
chr5	57735673	57843672	108000	5	0	108000	67747	40253	9025	3307	4733	6258	4243	2845	3657	4302	4670	1935	3273	2968	5386	2650	3219	5274	4492	2184	348	3713	3434	2051	283	3394	2746	1864	221	2677	4375	3063	310	5098
chr5	57843673	57982672	139000	4	0	139000	85621	53379	11195	4282	5888	7728	5597	3710	5134	5504	6003	2527	4293	3968	6298	3297	3850	6345	5692	3016	554	4554	4776	2805	427	4424	3711	2573	408	3648	5766	4038	447	6540
chr5	57982673	58265672	283000	3	0	283000	176034	106966	23465	8894	12202	16046	11324	7409	10154	11196	12193	5079	8342	7938	13625	6696	8131	13340	11555	5901	1065	9557	9298	5638	842	8872	7696	5000	639	7349	11533	8111	858	13050
chr5	58265673	58417672	152000	4	0	152000	95230	56770	13172	4759	6470	8880	6185	3886	5311	5824	6547	2616	4471	4347	7378	3670	4233	7479	6184	3197	551	4999	4835	3023	490	4735	4099	2550	431	3694	6088	4313	524	7057
chr5	58417673	58518672	101000	5	0	101000	61924	39076	8105	3049	4359	5505	3951	2905	3715	3989	4254	1901	3125	2749	4707	2510	2702	4397	4311	2181	409	3464	3299	2151	424	3173	2764	1902	355	2613	4186	2813	380	4650
chr5	58518673	58609672	91000	6	0	91000	55948	35052	7235	2794	3769	5014	3585	2451	3306	3465	3823	1609	2769	2559	4170	2159	2473	4766	3748	2049	392	2824	3097	2005	387	2942	2373	1718	367	2390	3589	2659	350	4161
chr5	58609673	58730672	121000	7	0	121000	75817	45183	10291	3703	5123	7029	4748	3186	4351	4744	5205	2089	3456	3483	5902	2948	3448	6110	4971	2526	480	3949	3961	2319	318	3713	3238	2103	287	3084	4860	3363	379	5631
chr5	58730673	59057672	327000	8	0	327000	198390	128610	25730	9866	13913	17147	12540	9302	12624	12527	13828	5957	10391	8858	14558	7680	9035	14433	13346	7253	1286	10920	11407	7497	1160	11054	9201	6601	990	8860	13039	9767	1100	15128
chr5	59057673	59165017	107345	7	0	107345	66754	40591	9140	3300	4708	6046	4301	2885	3737	4093	4649	1836	3319	2999	5104	2672	3075	4888	4400	2210	414	3669	3487	2127	285	3486	2839	1899	279	2693	4291	3149	372	4991
chr5	59165019	59417673	252655	7	0	252655	158704	93951	21668	7778	10641	14703	10081	6852	8670	10105	10602	4312	7355	6886	12439	6498	7157	12956	10801	5204	1034	8401	8021	4956	617	7879	6675	4393	576	6238	10211	6921	717	11306
chr5	59417674	59711673	294000	6	0	294000	185875	108125	25215	9230	12585	17715	11826	7648	10005	11803	12788	4992	8442	7992	14916	7375	8549	14792	12317	5949	1067	9912	9138	5449	666	8898	7775	4885	572	7282	12052	7868	805	13490
chr5	59711674	59878126	166453	7	0	166453	103707	62746	13729	5093	6916	9621	6457	4681	5933	6778	7112	2934	4968	4536	8061	4165	4731	7991	7154	3410	706	5603	5246	3256	454	5257	4541	2960	436	4171	6908	4587	540	7516
chr5	59878127	59878672	546	7	0	546	360	186	61	18	21	45	33	14	12	20	19	4	11	14	32	16	14	24	20	11	1	20	17	9	1	15	20	10	2	12	22	12	2	12
chr5	59878673	60349672	471000	8	0	471000	297505	173495	40394	14977	19895	28026	19285	12165	15960	18954	20227	8130	13458	13244	23387	11760	13609	24032	20111	9675	1589	15657	14955	8717	1259	13937	12344	7702	1186	11304	18954	12774	1306	22025
chr5	60349673	60504672	155000	7	0	155000	94178	60822	12217	4829	6716	8185	6225	4355	5871	6075	6720	2750	4799	4317	6785	3540	4298	6495	6348	3411	593	5122	5500	3509	483	5152	4362	3079	409	4267	6317	4645	481	7143
chr5	60504673	60591672	87000	6	0	87000	52978	34022	7103	2646	3633	4627	3448	2479	3413	3392	3705	1579	2741	2305	3753	1977	2284	3892	3624	1918	314	2826	3067	1928	269	2845	2589	1698	227	2386	3452	2564	300	4014
chr5	60591673	60679672	88000	5	0	88000	53873	34127	7363	2710	3728	4637	3528	2416	3283	3326	3631	1537	2577	2497	3916	2106	2424	4194	3648	1929	320	2871	3106	1980	325	2968	2423	1756	239	2318	3376	2715	296	3855
chr5	60679673	61170672	491000	4	0	491000	305089	185911	42945	15547	20090	27401	19616	12957	17694	18533	20002	8524	14304	13494	23420	12752	13945	23864	20269	10787	1967	16757	16650	9953	1839	15354	12546	9407	1735	12322	19335	13649	1741	21599
chr5	61170673	61410672	240000	3	0	240000	142137	97863	18912	7075	10009	11655	8925	7236	9822	8707	9705	4425	7917	6284	10108	5416	6216	9724	9702	5453	1108	7888	8770	6203	1270	8431	6930	5678	1169	6929	9288	7340	987	10716
chr5	61410673	61514672	104000	4	0	104000	65141	38859	8996	3327	4345	5955	4013	2801	3682	3967	4249	1705	2915	2811	5366	2809	3053	5145	4336	2229	377	3700	3374	2129	348	3220	2747	1866	286	2567	4006	2847	319	4508
chr5	61514673	61653672	139000	3	0	139000	79779	59221	9490	4092	5823	6252	5220	4249	6167	5372	5681	2775	4908	3512	5266	2877	3359	4736	5643	3324	605	4421	5535	4179	657	5304	4367	3549	512	4248	5463	4623	506	6283
chr5	61653673	61747672	94000	4	0	94000	54276	39724	6290	2703	4079	4249	3591	2879	4075	3500	3963	1871	3553	2516	3477	1944	2362	3223	3833	2146	400	3018	3535	2601	390	3639	2907	2259	302	2790	3771	3158	352	4622
chr5	61747673	61883672	136000	5	0	136000	81329	54671	10069	4014	5765	7016	5345	4023	5399	5363	5962	2551	4440	3755	5488	3027	3657	5454	5660	2989	568	4398	4921	3418	447	4740	4044	2765	323	3690	5506	4354	414	6433
chr5	61883673	62120672	237000	6	0	237000	141228	95772	17247	7112	10177	11794	9615	6947	9520	9142	9950	4543	7610	6625	9518	5472	6429	9527	9829	5600	856	7788	9010	5886	676	8396	6938	4994	550	6519	9447	7488	760	11033
chr5	62120673	62222672	102000	5	0	102000	59663	42337	7408	2921	4374	4734	3915	3222	4256	3849	4142	1950	3622	2756	3971	2240	2598	3703	4157	2421	389	3366	3920	2827	357	3795	3048	2302	278	3006	4117	3349	322	4683
chr5	62222673	62326672	104000	4	0	104000	61699	42301	8201	3115	4106	5166	3997	3010	4179	3706	3979	1961	3507	2844	4412	2396	2890	4228	4133	2439	516	3394	3759	2543	587	3700	2923	2508	549	2958	4077	3099	486	4630
chr5	62326673	62429672	103000	5	0	103000	62397	40603	9073	3101	3863	5545	3870	2954	4023	3447	3655	1767	3441	2679	4984	2633	2816	4545	3975	2413	479	3588	3564	2190	636	3507	2753	2489	634	2832	4002	2805	519	4216
chr5	62429673	62839672	410000	6	0	410000	247599	162401	33306	12520	16740	21223	16027	11738	16252	15119	16140	7579	13159	11145	18316	10081	11134	17119	16783	9272	1844	14019	14547	9185	1662	13891	11470	8963	1562	11179	16336	11865	1626	18196
chr5	62839673	63420672	581000	7	0	581000	366451	214549	50296	18142	24773	34840	23821	14655	20139	22688	25382	10170	16698	16347	28551	14111	16657	29179	24088	11853	1870	19268	18768	11393	1352	17598	15028	9610	1112	14012	23419	16255	1534	27389
chr5	63420673	63587672	167000	8	0	167000	107140	59860	15045	5383	7048	10471	6920	4074	5517	6556	7293	2750	4367	4747	8690	4227	4911	9140	7017	3360	520	5536	5247	2955	371	4732	4182	2558	310	3914	6621	4432	443	7661
chr5	63587673	64052672	465000	9	0	465000	295023	169977	40275	14442	20129	28165	18942	11648	15561	18647	20249	8063	13054	13155	23544	11615	13554	23979	19380	9309	1478	15601	14537	8640	1151	13725	11859	7555	964	11256	19022	12549	1235	21715
chr5	64052673	64196672	144000	8	0	144000	88676	55324	11836	4517	6037	7974	5960	3836	5231	5511	6079	2610	4220	4019	6489	3512	4074	6770	6003	3224	486	4762	5035	3134	504	4659	3835	2745	431	3577	5665	4229	470	6564
chr5	64196673	64302672	106000	9	0	106000	66561	39439	9120	3417	4383	6179	4192	2792	3792	4184	4488	1848	2931	2894	5299	2682	3078	5281	4549	2248	369	3573	3428	2076	292	3274	2754	1883	252	2579	4230	2863	311	4757
chr5	64302673	64643672	341000	8	0	341000	213011	127989	29370	10636	14366	19399	13633	8794	12398	13339	14689	5983	9725	9671	16080	8431	9613	16882	14100	7438	1058	11248	11476	7042	925	10674	8944	5833	693	8490	13644	9804	930	15690
chr5	64643673	64733672	90000	7	0	90000	55083	34917	7467	2670	3890	5015	3517	2373	3362	3206	3790	1656	2829	2390	4268	2106	2507	4035	3574	1937	367	2927	2945	2059	362	3075	2402	1849	348	2407	3537	2596	353	4179
chr5	64733673	64913672	180000	8	0	180000	116230	63770	16724	5851	7668	11172	7196	4416	5636	6875	7539	2919	4755	4920	9955	4956	5596	10051	7498	3569	628	6446	5218	3042	502	5141	4293	2739	436	4124	7114	4553	522	7944
chr5	64913673	65030672	117000	7	0	117000	74298	42702	10627	3767	4924	6797	4619	2959	4091	4550	4969	1930	3168	3253	5901	3167	3480	6094	4963	2442	377	4042	3686	2083	311	3456	2909	2012	269	2832	4661	2999	327	5333
chr5	65030673	65084672	54000	6	0	54000	31693	22307	3922	1597	2308	2577	2087	1621	2202	1936	2287	1039	1925	1408	2109	1210	1450	2013	2194	1289	249	1735	2054	1364	254	1999	1488	1209	222	1591	2111	1809	179	2560
chr5	65084673	65337672	253000	7	0	253000	158570	94430	22539	7844	10645	14490	9835	6589	8796	9550	10399	4357	7367	6912	12745	6467	7199	12834	10411	5273	1029	8544	8212	5026	908	7869	6378	4718	794	6232	9769	6998	907	11362
chr5	65337673	65457672	120000	6	0	120000	76963	43037	11338	3725	4933	7580	5045	2960	3753	4660	4967	1936	3316	3449	6225	3110	3489	6475	4878	2427	455	3971	3827	2051	358	3332	2888	2057	342	2783	4825	3033	405	5405
chr5	65457673	65585672	128000	5	0	128000	79750	48250	11707	3991	5290	7158	4844	3413	4482	4566	5209	2245	3849	3457	6386	3254	3722	6176	5029	2771	636	4467	4143	2468	628	4007	3099	2501	526	3214	5034	3505	566	5655
chr5	65585673	65700672	115000	4	0	115000	72045	42955	10577	3567	4601	6658	4439	2985	4081	4215	4560	1846	3385	3125	5827	3168	3373	5638	4514	2467	522	4062	3665	2103	467	3612	2975	2293	479	2879	4566	2984	478	4887
chr5	65700673	65813011	112339	3	0	112339	67070	45269	9077	3272	4341	5742	4217	3286	4623	4074	4244	2065	3698	2963	4895	2756	3028	4787	4409	2653	485	3832	4177	2641	560	3999	3110	2765	473	3194	4504	3318	484	4665
chr5	65813012	66340671	527660	3	0	527660	320833	206827	44069	16249	21532	28127	20831	15030	19920	19144	21136	9327	16623	14438	23941	12988	14447	23030	21549	11874	2500	17671	18338	11846	2490	17488	14225	11251	2057	14013	20813	15192	2169	23350
chr5	66340672	66772671	432000	4	0	432000	259454	172546	33371	13199	18332	21969	16831	12363	17180	16403	17994	8176	13841	11739	18674	9910	11793	17677	17718	9878	1746	14306	15538	10394	1530	15078	12373	8844	1337	12054	17148	13424	1469	19709
chr5	66772672	66948671	176000	3	0	176000	107816	68184	14268	5324	7422	9563	6609	5125	6646	6937	7273	3220	5293	4740	8427	4460	4873	7634	7485	3943	783	5918	5934	3757	624	5794	4847	3351	524	4698	7053	5058	591	7824
chr5	66948672	67065671	117000	2	0	117000	71415	45585	9206	3532	5026	5962	4345	3364	4463	4665	4839	2186	3651	3221	5336	2983	3289	5346	5088	2438	483	4056	3829	2545	395	3930	3216	2290	337	3080	4704	3426	403	5364
chr5	67065672	67379671	314000	1	0	314000	187660	126340	23725	9280	13147	15408	11900	9202	12512	12167	13058	5916	10286	8790	12876	6962	8216	14213	12913	6941	1399	10107	11398	7838	1277	10991	9004	6742	1006	8674	12466	9983	1212	14389
chr5	67379672	67504671	125000	2	0	125000	79392	45608	11206	3864	5495	7563	5028	3189	4101	5025	5552	2062	3594	3447	6342	3132	3502	6288	5176	2481	450	4141	3932	2330	280	3723	3200	2049	228	2963	5035	3405	350	5865
chr5	67504672	67631671	127000	3	0	127000	79445	47555	10995	4055	5426	7227	5269	3393	4361	5140	5544	2197	3692	3673	5895	3057	3540	5980	5399	2677	461	4166	4223	2507	345	3851	3293	2126	265	3135	5248	3616	375	5867
chr5	67631672	68407737	776066	4	0	776066	470037	306029	62248	23739	32834	40565	30879	21912	29798	29543	32513	14248	24788	21158	33746	18199	20862	33003	31799	17397	3297	25605	27309	17795	2918	25997	21922	15928	2530	20824	31102	22899	2851	35856
chr5	68407739	68596672	188934	4	0	188934	113052	75882	14277	5714	8233	9522	7474	5404	7462	7110	8041	3569	6240	5062	7954	4275	5089	7626	7722	4303	727	6210	6912	4702	593	6753	5223	4003	507	5313	7592	5953	619	8748
chr5	68596673	68744672	148000	5	0	148000	89339	58661	11579	4341	6369	7634	5795	4127	5674	5709	6297	2811	4718	4181	6253	3248	4099	6502	5872	3456	550	4649	5384	3679	428	5240	4151	2949	339	3957	5898	4647	447	7015
chr5	68744673	68890672	146000	4	0	146000	88203	57797	11616	4339	6222	7675	5756	4207	5606	5607	6332	2678	4690	4088	6148	3271	3905	6062	5931	3269	592	4704	5261	3516	463	5044	4143	2911	364	3810	5841	4588	495	6864
chr5	68890673	68980672	90000	3	0	90000	52476	37524	6284	2654	3657	4162	3398	2981	3687	3458	3581	1730	3233	2362	3494	2025	2343	3426	3912	2171	402	2906	3371	2505	374	3382	2690	2068	331	2505	3550	2888	341	4127
chr5	68980673	69336672	356000	2	0	356000	205221	150779	29542	9967	12790	16552	13669	11061	15362	11484	12105	6513	13347	9309	13535	8340	8961	12682	13214	8918	2004	11745	14332	8913	2739	13392	10507	10692	2473	10576	13523	10853	2150	14748
chr5	69336673	69556672	220000	1	0	220000	127031	92969	18118	6202	7691	10240	8001	7253	9265	7030	7156	3932	8080	5644	8975	5227	5632	8584	8252	5738	1317	7307	8663	5682	1904	8277	6296	6561	1647	6512	8338	6545	1357	8572
chr5	69556673	69579672	23000	2	0	23000	13907	9093	1898	686	851	1261	880	672	874	811	807	400	738	613	1112	600	609	1093	918	506	144	790	802	479	145	768	651	553	156	622	866	656	145	892
chr5	69579673	69595672	16000	3	0	16000	10010	5990	1614	469	619	928	574	434	597	497	608	250	497	419	834	435	447	786	609	350	75	554	513	283	92	506	366	366	82	420	615	395	83	681
chr5	69595673	69610672	15000	4	0	15000	8361	6639	1099	429	575	614	551	521	687	433	506	314	564	401	562	344	382	378	578	408	89	533	631	456	123	609	428	455	97	446	555	500	110	620
chr5	69610673	69626672	16000	5	0	16000	9049	6951	1249	413	547	701	587	533	723	567	541	295	655	419	534	333	404	547	586	384	90	513	674	442	95	634	536	478	99	509	614	541	82	673
chr5	69626673	69640672	14000	6	0	14000	7032	6968	750	315	454	426	448	513	770	398	398	329	620	327	349	271	303	359	500	364	135	429	610	657	201	651	559	552	122	513	461	546	114	554
chr5	69640673	69653672	13000	7	0	13000	6691	6309	801	337	406	449	473	463	726	388	393	287	570	306	326	233	262	271	473	350	102	395	596	520	139	588	510	519	106	454	471	454	103	527
chr5	69653673	69670672	17000	8	0	17000	10644	6356	1444	482	652	1031	636	459	575	656	627	325	477	470	903	493	504	908	739	355	105	560	500	350	104	494	439	306	84	421	648	437	81	733
chr5	69670673	69692672	22000	9	0	22000	14546	7454	2073	744	846	1526	929	573	635	943	891	353	467	653	1296	585	676	1355	1040	408	97	710	610	289	49	538	567	276	46	459	863	513	71	917
chr5	69692673	69756672	64000	10	0	64000	40940	23060	5886	2115	2601	4044	2639	1738	2037	2562	2732	1051	1660	1696	3390	1597	1757	3434	2838	1260	285	2118	1936	1189	235	1721	1645	994	205	1494	2557	1638	223	2721
chr5	69756673	69782672	26000	9	0	26000	16598	9402	2481	837	1107	1559	1027	654	823	1002	1090	443	726	672	1385	693	735	1363	1116	495	139	877	732	439	124	756	671	427	91	603	986	690	100	1155
chr5	69782673	69804672	22000	8	0	22000	14425	7575	2121	685	876	1448	833	521	674	870	864	373	566	597	1313	606	610	1467	941	408	96	740	579	363	81	594	523	312	80	457	854	534	77	935
chr5	69804673	69825672	21000	7	0	21000	13242	7758	1853	691	921	1239	916	569	665	850	905	363	604	565	1030	516	545	1008	900	423	98	718	694	416	58	587	543	337	41	505	863	579	71	925
chr5	69825673	69853672	28000	6	0	28000	18337	9663	2743	916	1090	1960	1124	730	837	1072	1221	415	667	727	1622	693	810	1709	1248	508	118	880	743	467	121	699	686	402	121	639	1086	654	104	1186
chr5	69853673	69915672	62000	5	0	62000	37374	24626	4944	1853	2304	3375	2384	1846	2431	2359	2302	1180	1857	1687	2846	1505	1663	2837	2683	1347	375	1979	2119	1523	368	2028	1854	1399	270	1654	2364	1769	299	2594
chr5	69915673	70002672	87000	4	0	87000	56083	30917	8129	2713	3441	5570	3397	2259	2826	3460	3541	1402	2430	2357	4785	2308	2390	5073	3727	1662	375	2919	2579	1482	266	2375	2194	1380	231	1997	3442	2178	314	3796
chr5	70002673	70463672	461000	3	0	461000	283347	177653	40633	14014	17609	26113	17915	13070	16879	16935	17536	7986	14304	12109	22286	11574	12369	22013	18898	9990	2423	15333	15436	9671	2571	14466	12632	9952	2306	12040	17833	12531	2248	19323
chr5	70463673	70539672	76000	4	0	76000	40786	35214	5021	1925	2511	2970	2669	2581	3827	2432	2397	1604	3114	1876	2340	1567	1745	2206	2806	1931	585	2355	3216	2795	802	3204	2759	2642	574	2553	2728	2649	529	3085
chr5	70539673	70698672	159000	3	0	159000	102324	56676	14706	5200	6506	10050	6495	4208	4959	6375	6599	2651	4132	4316	8662	4129	4455	8880	7068	3074	740	5306	4672	2783	550	4254	4044	2402	467	3617	6253	4000	571	6874
chr5	70698673	70761672	63000	4	0	63000	41089	21911	5978	2084	2493	4241	2582	1667	1911	2572	2677	1014	1481	1730	3559	1620	1836	3643	2892	1179	272	2041	1767	994	203	1608	1565	893	195	1399	2509	1506	214	2673
chr5	70761673	70810672	49000	5	0	49000	28198	20802	3588	1346	1716	2367	1800	1544	2158	1726	1684	988	1764	1260	1945	1143	1235	1933	1956	1143	352	1570	1839	1399	366	1802	1584	1326	282	1486	1850	1539	292	2015
chr5	70810673	70873672	63000	4	0	63000	41234	21766	6090	1991	2546	4185	2471	1567	1948	2514	2628	972	1668	1715	3622	1716	1758	3842	2726	1165	232	2123	1779	1018	165	1652	1508	922	139	1353	2487	1509	196	2791
chr5	70873673	70932672	59000	3	0	59000	35306	23694	5121	1721	2165	3083	2188	1744	2257	2075	2094	983	2070	1534	2686	1459	1485	2640	2256	1348	338	1965	2086	1314	491	1914	1651	1532	454	1663	2271	1611	365	2434
chr5	70932673	71034672	102000	2	0	102000	58864	43136	8444	2955	3723	4667	3937	3247	4326	3388	3483	1846	3782	2612	3925	2381	2617	3531	3849	2607	579	3394	4132	2548	722	3842	3029	2961	652	3096	3887	3127	593	4116
chr5	71034673	71584672	550000	3	0	550000	337971	212029	48091	16626	21358	30925	21235	15658	20296	20250	20996	9489	17205	14749	26678	13802	14857	25754	22525	11793	2830	18427	18364	11394	2859	17416	15081	11862	2596	14443	21470	14984	2555	23430
chr5	71584673	71831672	247000	2	0	247000	145809	101191	19237	7285	10155	11885	9709	7422	10137	8933	9766	4663	8502	6803	9849	5577	6381	9503	9902	5837	1121	8087	9287	6154	1166	8785	7151	5804	1102	7061	9862	7597	1033	11242
chr5	71831673	71934672	103000	3	0	103000	61064	41936	7472	3026	4310	5010	4075	3013	4166	4081	4198	2016	3481	2875	4072	2293	2767	4208	4268	2373	342	3365	3935	2651	306	3777	2945	2263	258	2882	4186	3382	302	4700
chr5	71934673	72205672	271000	4	0	271000	158494	112506	19755	7701	11378	12881	10347	8060	11479	10116	11173	5371	9357	7312	10440	5844	6977	10303	10859	6278	1307	8532	10257	7199	1173	10132	8174	6458	980	7942	10711	8826	1092	12584
chr5	72205673	72463672	258000	5	0	258000	152945	105055	20134	7672	10885	12486	9812	7429	10599	9403	10537	4876	8849	6831	10694	6026	6842	9868	10236	5975	1193	8600	9277	6286	1186	9325	7420	5974	1082	7408	10310	7839	1101	11843
chr5	72463673	72696672	233000	4	0	233000	137344	95656	17130	6898	9806	11413	9187	6824	9584	8783	9751	4476	8037	6344	9179	4882	6227	8822	9376	5275	1005	7425	8757	5982	871	8492	6926	5308	787	6843	9319	7538	857	10894
chr5	72696673	73066672	370000	3	0	370000	228013	141987	32639	11672	15005	20657	14780	9835	13541	13498	14484	6255	11163	10058	18071	9384	10354	16615	14826	8076	1604	12640	12606	7730	1767	11700	9828	7894	1603	9753	14394	10103	1492	15971
chr5	73066673	73332672	266000	4	0	266000	152027	113973	18708	7906	10805	11886	9973	8337	11644	9350	10675	5039	9541	6715	9949	5546	6733	9219	10454	6602	1339	8433	10480	7891	1589	10356	8168	7029	1518	8143	10202	8793	1184	11791
chr5	73332673	73447472	114800	3	0	114800	65846	48954	8265	3387	4703	5235	4297	3432	4831	4075	4640	2223	4084	2929	4388	2421	2884	4051	4489	2667	555	3753	4343	3350	895	4331	3385	3070	868	3371	4418	3832	579	5047
chr5	73447475	73461674	14200	3	0	14200	7703	6497	956	394	521	630	473	392	572	459	532	301	506	309	540	314	348	456	510	330	111	450	494	572	266	513	399	472	286	444	493	471	144	540
chr5	73461675	73705674	244000	2	0	244000	145093	98907	19253	7223	9832	12212	9428	7326	9893	8642	9329	4551	8398	6449	10509	5734	6422	9891	9759	5712	1093	8270	9117	5933	1099	8730	6803	5789	998	6876	9610	7444	1004	10669
chr5	73705675	73819674	114000	3	0	114000	69388	44612	9059	3484	4715	5969	4434	3276	4357	4303	4594	2041	3512	3109	5140	2865	3120	5409	4848	2557	491	3770	4003	2581	413	3843	3086	2336	358	3069	4433	3366	434	5023
chr5	73819675	74181674	362000	4	0	362000	216197	145803	27284	10831	15425	18070	13881	10397	14450	14045	15133	6867	11991	9856	15312	8115	9787	14752	14726	8025	1517	11942	13157	8927	1285	12810	10382	7896	1102	10186	14508	11332	1292	16715
chr5	74181675	74568674	387000	5	0	387000	226735	160265	27748	11160	16522	18639	14989	11661	16164	14601	16184	7685	13446	10417	15148	8016	9917	14437	15561	9102	1679	12180	14876	10498	1456	14450	11405	9028	1091	11206	15573	12652	1293	18214
chr5	74568675	75066674	498000	4	0	498000	295704	202296	39869	14817	19965	24957	19318	14682	19950	17676	19225	9194	16602	13302	21196	11848	13135	19967	19838	11586	2504	16613	18472	12201	2843	17198	14105	11872	2654	14087	19212	15055	2301	21754
chr5	75066675	75233674	167000	5	0	167000	104773	62227	14821	5338	7053	9453	6706	4367	5940	6494	7127	2757	4718	4856	8011	4191	4719	8221	6935	3674	570	5474	5581	3199	436	5185	4301	2954	371	4088	6690	4574	511	7683
chr5	75233675	75394674	161000	4	0	161000	95810	65190	13166	4840	6503	8181	6399	4568	6392	5437	6069	2999	5298	4183	7056	3789	4324	6605	6312	3860	765	5260	5843	3962	1029	5653	4580	3912	854	4610	6061	4754	740	6994
chr5	75394675	75517674	123000	5	0	123000	77494	45506	11469	3994	5105	7023	4845	3138	4242	4513	4914	2106	3474	3329	6363	3368	3559	6051	5091	2698	521	4296	3895	2361	490	3707	3008	2216	452	2948	4744	3178	471	5429
chr5	75517675	75769674	252000	4	0	252000	155034	96966	21728	7795	10366	13761	9925	6860	9315	9470	10208	4394	7693	6912	11790	6196	6910	11709	10234	5566	1017	8428	8668	5405	1018	8143	6770	4973	924	6613	9898	7290	919	11100
chr5	75769675	75852674	83000	5	0	83000	50735	32265	6766	2642	3369	4440	3515	2328	3080	3316	3623	1488	2427	2458	3314	1908	2287	3772	3559	1866	331	2610	3027	1797	293	2604	2301	1529	230	2122	3352	2529	288	3827
chr5	75852675	75967674	115000	6	0	115000	70116	44884	9078	3601	4857	6066	4756	3069	4253	4713	4875	2087	3605	3298	4892	2725	3132	5107	4740	2560	412	3770	4227	2641	325	3741	3216	2140	242	3004	4608	3593	333	5332
chr5	75967675	76298674	331000	7	0	331000	198036	132964	24959	9873	13715	16837	12966	9824	12945	13100	13761	6254	10836	9093	13698	7463	8735	13976	14050	7473	1352	10539	11873	8242	1349	11383	9625	6918	1152	9063	13286	10214	1197	15247
chr5	76298675	76531674	233000	6	0	233000	133428	99572	17277	6688	9443	10119	8817	7429	10169	8064	8813	4413	8632	6004	8621	5057	6005	7875	9008	5836	1177	7566	9159	6542	1311	9127	7196	6285	1176	7327	9117	7476	1040	10229
chr5	76531675	76537674	6000	7	0	6000	3495	2505	496	173	240	269	224	192	248	203	216	117	200	159	243	129	162	222	228	160	35	188	237	167	33	239	161	169	24	172	241	180	20	251
chr5	76537675	76710674	173000	6	0	173000	104497	68503	13767	5421	7455	8745	6581	4935	6700	6467	7182	3125	5446	4543	7859	4213	4820	7236	7118	3934	736	5906	6085	3968	737	5869	4752	3749	579	4774	6728	5008	688	7872
chr5	76710675	77058674	348000	5	0	348000	197646	150354	26217	9746	13270	15406	12976	11004	15112	11350	12350	6716	13168	9072	13096	7492	8684	11986	12923	8841	1958	11237	13876	10191	2838	13564	10354	10270	2458	10538	13289	11167	1954	14895
chr5	77058675	77741345	682671	4	0	682671	409840	272831	54253	20608	28308	35046	26454	19514	26692	25337	27749	12651	21480	18427	29759	16280	18617	28664	27752	15547	3168	22586	24294	16619	3283	23274	19173	14927	3016	18884	26778	20377	2799	30353
chr5	77741347	77820675	79329	4	0	79329	47817	31512	6456	2357	3269	4182	3101	2216	2983	2796	3074	1504	2462	2086	3632	2068	2215	3414	3261	1826	374	2684	2712	1959	507	2689	2110	1777	413	2074	3013	2305	326	3482
chr5	77820676	77942675	122000	3	0	122000	70511	51489	8780	3511	4971	5798	4633	3862	5052	4282	4851	2306	4443	3132	4796	2561	3095	4438	4868	2888	653	3831	4621	3398	741	4598	3642	3122	745	3649	4697	3950	601	5483
chr5	77942676	78196675	254000	4	0	254000	157969	96031	22958	8049	10481	14469	9801	6674	9118	9283	10315	4298	7369	6813	12883	6339	7149	11969	10350	5356	1187	8468	8132	5287	1227	7910	6634	5076	1084	6524	9760	6837	983	11215
chr5	78196676	78450029	253354	3	0	253354	157237	96117	22733	7932	10321	14153	10046	6791	8998	9245	10101	4317	7765	6966	12259	6434	7174	12001	10278	5532	1094	8570	8372	5197	1056	8105	6592	5010	923	6238	9838	6991	975	11345
chr5	78450031	79763676	1313646	3	0	1313646	778515	535131	105830	39290	52245	64575	49721	39084	54010	46436	51194	24056	44623	34597	55196	30532	34533	52591	51713	30990	6455	43804	48506	32315	7088	46710	37572	31782	6280	37446	51460	39532	6027	57451
chr5	79763677	80070676	307000	4	0	307000	178245	128755	22256	9086	12740	14374	11961	9123	13089	11255	12574	6071	10766	8166	11665	6446	7766	10907	12156	7327	1435	9808	11952	8629	1451	11569	9218	7463	1169	8999	12102	10182	1309	13984
chr5	80070677	80177236	106560	3	0	106560	59251	47309	7237	3002	4144	4236	3879	3591	4990	3507	3863	2193	4029	2763	3639	2245	2624	3308	4117	2889	625	3399	4537	3484	667	4486	3240	3115	536	3365	4073	3686	552	4537
chr5	80177238	80191294	14057	3	0	14057	7957	6100	1061	403	552	605	530	480	638	462	526	272	507	334	505	331	345	405	588	359	80	459	548	439	92	539	446	399	85	426	528	422	71	618
chr5	80191296	80198768	7473	3	0	7473	4140	3333	526	218	283	276	254	247	366	249	274	154	318	176	249	160	169	220	314	176	46	243	318	218	50	295	215	228	52	255	269	258	52	343
chr5	80198770	80201298	2529	3	0	2529	1361	1168	146	61	85	106	79	100	125	69	89	38	110	65	84	67	73	64	85	67	24	90	114	80	15	107	76	87	26	93	97	81	21	103
chr5	80201300	80695680	494381	3	0	494381	291928	202453	40748	14695	18929	24128	18823	14798	20137	17073	18349	8889	16958	13181	20580	11407	12709	20522	19243	11914	2582	16050	18679	12084	3162	17600	13950	12793	2986	14033	18959	14734	2634	21050
chr5	80695681	80796680	101000	4	0	101000	62939	38061	9004	3182	4112	5562	3782	2763	3744	3728	3960	1787	2972	2740	5114	2756	2871	4861	4211	2271	436	3570	3296	1932	371	3211	2522	1925	331	2525	3988	2682	396	4393
chr5	80796681	81232680	436000	5	0	436000	258814	177186	33889	12764	17591	21654	16611	13228	17827	16165	17222	8261	14570	11839	18176	10057	11443	17516	17816	10100	2083	14311	16097	10752	1946	15471	12697	9999	1762	12258	17221	13414	1867	19391
chr5	81232681	81425680	193000	4	0	193000	114591	78409	15123	5675	7705	9536	7380	5725	7965	7058	7550	3651	6312	5388	7986	4473	5087	7976	7751	4567	940	6266	7106	4681	959	6820	5597	4436	870	5513	7674	5881	877	8470
chr5	81425681	81633680	208000	5	0	208000	134012	73988	19637	6562	8758	13013	8067	4990	6690	7967	8659	3293	5618	5759	11607	5696	6220	11475	8430	4151	784	7176	6151	3497	660	5991	4971	3429	618	4800	8162	5223	624	9320
chr5	81633681	81727680	94000	4	0	94000	59903	34097	8691	3043	3976	5580	3687	2365	3181	3548	3920	1486	2515	2604	4992	2620	2797	4897	3925	1968	332	3289	3032	1665	266	2786	2294	1586	239	2189	3530	2530	261	4204
chr5	81727681	81828680	101000	3	0	101000	60439	40561	8070	3000	4154	5325	3828	2825	3874	3578	4063	1810	3309	2665	4589	2369	2705	4273	3975	2241	479	3309	3527	2579	622	3518	2739	2315	616	2794	3864	3111	451	4421
chr5	81828681	81982680	154000	4	0	154000	91602	62398	11944	4459	6358	7811	5863	4375	6051	5585	6185	2919	5141	4186	6579	3571	4194	6380	5990	3530	721	5083	5618	3913	802	5544	4265	3613	714	4174	6001	4821	665	6943
chr5	81982681	82119680	137000	5	0	137000	85689	51311	11790	4241	5533	8023	5488	3525	4907	5184	5468	2357	4001	3844	6840	3590	3901	6995	5508	2994	479	4732	4569	2749	489	4202	3535	2596	410	3377	5492	3670	478	6031
chr5	82119681	82247680	128000	6	0	128000	79369	48631	10824	3802	5413	7225	4970	3372	4610	4850	5283	2206	3797	3624	6187	3184	3720	6301	5128	2711	470	4255	4271	2737	500	4045	3444	2535	371	3254	4960	3570	393	5986
chr5	82247681	82424680	177000	7	0	177000	105055	71945	13680	5301	7398	8808	6832	5288	7073	6619	7226	3434	5871	4613	7449	4023	4680	6760	7305	4078	862	5801	6505	4473	756	6324	5031	4017	670	4978	6970	5490	764	7919
chr5	82424681	82945680	521000	8	0	521000	320425	200575	42390	16167	22256	28352	20877	14393	19178	20053	22381	9553	16192	14285	23517	12057	14395	24377	21696	11421	1968	17085	17983	11080	1589	16716	14027	9586	1430	13583	20796	15281	1697	24637
chr5	82945681	83028680	83000	7	0	83000	52032	30968	7357	2609	3587	4885	3333	2116	2891	3170	3595	1465	2358	2301	4152	1957	2283	3972	3252	1782	346	2767	2729	1601	305	2553	2181	1464	219	2050	3348	2341	280	3749
chr5	83028681	83337680	309000	8	0	309000	199437	109563	28806	10059	12826	19658	12581	7809	9910	12040	12964	4923	8115	8633	16998	8314	9046	16754	13270	6098	1126	10611	9228	5071	875	8541	7489	4859	719	7041	12353	7687	890	13704
chr5	83337681	83527680	190000	7	0	190000	118654	71346	16109	5893	8218	10894	7714	5115	6567	7361	8179	3331	5440	5315	9112	4861	5363	9182	8088	3842	779	6490	6164	3784	665	5705	4896	3389	610	4667	7609	5303	628	8725
chr5	83527681	83762680	235000	8	0	235000	147417	87583	20568	7305	9956	13770	9367	6200	8288	8920	10008	4118	6734	6452	11656	5833	6706	11535	9698	4889	970	7899	7470	4378	831	7166	6211	4186	664	5908	9396	6392	813	10711
chr5	83762681	84086191	323511	9	0	323511	206802	116709	29134	10057	13749	20109	13209	8336	10786	12902	13860	5491	8749	9140	16845	8143	9241	17049	13719	6332	1165	10811	9810	5567	796	9154	8551	5079	698	7786	13153	8349	965	14774
chr5	84086193	84484681	398489	9	0	398489	257397	141092	36524	12419	16479	25595	15529	9861	12767	16092	16760	6408	10582	11293	22204	10580	11616	22688	16819	7635	1363	13451	11614	6762	1213	11028	9979	6121	1020	9042	15835	10099	1186	17923
chr5	84484682	84772681	288000	10	0	288000	186810	101190	26860	8770	11990	18920	11532	6995	9077	11363	12252	4635	7742	8009	15896	7496	8277	16994	12004	5340	973	9579	8360	4823	720	8044	7080	4538	638	6452	11523	7246	859	13011
chr5	84772682	86403816	1631135	9	0	1631135	1069801	561334	154852	51357	66445	110286	66608	39543	49973	65650	68878	26046	41236	45794	92602	42875	46841	100814	70486	30005	5421	53909	46528	25446	3828	42104	39483	23327	3284	35558	65277	39129	4623	72925
chr5	86403818	86898682	494865	9	0	494865	316253	178612	43799	15517	20790	30337	19868	12543	16258	19554	20967	8210	13502	13945	25809	12910	14666	27577	20894	9835	1652	16799	15034	8846	1356	14279	12417	7913	1205	11757	19878	12921	1445	22380
chr5	86898683	87057682	159000	8	0	159000	101360	57640	13627	4873	6647	9473	6333	3897	5375	6274	6904	2687	4412	4548	7754	4060	4773	9721	6378	3093	547	5499	5057	2822	383	4582	4066	2610	344	3708	6378	4319	436	7418
chr5	87057683	87336682	279000	7	0	279000	174170	104830	24548	8643	11270	15739	10890	7722	9936	10512	11329	4761	8246	7503	13433	7230	7915	14492	11647	6049	1089	9572	9159	5492	1019	8671	7280	5264	954	6794	10974	7535	1000	12330
chr5	87336683	87819682	483000	8	0	483000	311051	171949	44606	15389	20735	30586	19828	11906	15797	19002	21147	8000	12535	13821	25735	12233	13943	25787	20196	9412	1550	16371	14727	8182	1085	13492	12091	7396	929	11014	19519	12496	1356	22132
chr5	87819683	88080682	261000	7	0	261000	164917	96083	22949	8194	11094	15633	10880	6701	8846	10544	11462	4617	7315	7386	12579	6294	7460	12963	10969	5441	819	8575	8535	5033	562	7721	6783	4250	508	6105	10684	7127	655	12314
chr5	88080683	88201682	121000	6	0	121000	75249	45751	10240	3816	5198	6933	4856	3200	4249	4748	5233	2078	3482	3309	5858	2989	3298	5761	5065	2613	443	3962	3980	2489	470	3822	3283	2165	390	2966	4724	3494	407	5477
chr5	88201683	88415682	214000	7	0	214000	135575	78425	19685	6912	9084	12660	8756	5418	7313	8029	8846	3686	5958	6161	11055	5462	6157	10392	8980	4469	782	7247	6701	3907	641	6466	5325	3632	586	5037	8509	5707	673	9762
chr5	88415683	88511520	95838	8	0	95838	60765	35073	8587	2923	4186	5729	3749	2542	3237	3823	4148	1649	2743	2615	4941	2459	2783	4651	4048	1885	304	3336	2959	1734	241	2870	2467	1568	165	2340	3876	2617	258	4403
chr5	88511521	88527681	16161	8	0	16161	10375	5786	1540	479	673	1039	613	419	531	585	700	273	497	437	877	429	451	831	645	325	61	569	512	293	34	467	362	233	31	346	629	454	54	770
chr5	88527682	88678047	150366	7	0	150366	93969	56397	12943	4651	6203	9046	5992	3923	5099	5975	6313	2661	4243	4099	7596	3776	4183	7264	6284	3047	675	5005	4691	3086	735	4444	3966	2787	727	3634	6048	4036	587	6645
chr5	88678049	88715682	37634	7	0	37634	21609	16025	2910	1085	1560	1772	1317	1169	1378	1229	1521	721	1343	824	1579	850	951	1399	1469	902	305	1149	1256	1155	433	1362	1036	949	461	1138	1332	1200	295	1582
chr5	88715683	89133682	418000	8	0	418000	266011	151989	37870	13045	17849	25533	16415	10938	13919	16661	17893	7102	11675	11265	22119	10849	11699	21179	17660	8172	1752	14350	12483	7261	1342	12080	10835	6761	1198	10158	16955	10972	1454	18554
chr5	89133683	89242682	109000	9	0	109000	69564	39436	9732	3388	4687	6741	4564	2775	3577	4385	4750	1844	2942	3186	5502	2729	3117	5644	4606	2174	364	3592	3476	1868	234	3126	2744	1747	213	2568	4475	2915	297	5036
chr5	89242683	89274682	32000	8	0	32000	20061	11939	2596	1006	1441	1865	1254	884	1084	1340	1456	564	940	868	1601	776	884	1501	1411	638	112	1069	966	629	73	1010	849	507	75	771	1336	905	88	1499
chr5	89274683	89388682	114000	9	0	114000	74073	39927	10203	3732	4824	7178	4701	2830	3471	4675	5077	1810	3033	3181	5956	3073	3376	6951	4904	2141	376	4025	3330	1851	219	3074	2739	1545	195	2427	4704	2937	282	5178
chr5	89388683	89466682	78000	8	0	78000	50935	27065	7187	2410	3425	5195	3166	1961	2373	3192	3521	1254	2010	2221	4343	2015	2260	4400	3368	1456	206	2610	2207	1245	133	2095	1829	1049	126	1734	3289	1930	159	3629
chr5	89466683	89557682	91000	9	0	91000	58288	32712	8045	2764	3881	5672	3600	2332	2992	3735	3902	1583	2388	2559	4814	2359	2736	4924	3831	1790	278	3139	2800	1545	216	2599	2320	1422	175	2165	3708	2403	227	4094
chr5	89557683	89980682	423000	8	0	423000	271896	151104	38102	13229	18047	26753	17474	10774	13504	17154	18629	6991	11512	12062	21926	10697	12292	22749	17966	8305	1333	14087	12923	7156	885	11777	10646	6215	748	9868	17372	11065	1134	19623
chr5	89980683	90093682	113000	7	0	113000	71736	41264	10274	3683	4718	6744	4793	2805	3808	4589	4915	1893	3014	3320	5437	2852	3174	5715	4802	2310	378	3743	3755	2035	292	3166	2919	1778	267	2676	4519	3125	369	5130
chr5	90093683	90205682	112000	6	0	112000	69300	42700	9334	3491	4929	6239	4602	3020	4067	4255	4889	2032	3469	3024	5168	2674	3171	4935	4628	2403	389	3797	3752	2271	289	3596	3026	2049	243	2842	4537	3185	291	5401
chr5	90205683	90377682	172000	5	0	172000	108196	63804	15040	5401	7474	10109	7150	4472	5963	6628	7512	2938	5008	4734	8321	4258	4772	8415	7200	3506	583	5780	5518	3321	416	5233	4517	2946	389	4202	6977	4715	498	8002
chr5	90377683	90689682	312000	4	0	312000	196126	115874	28340	9596	12997	18450	12287	8139	10496	11805	12950	5281	9005	8576	15806	8209	8708	15481	12568	6516	1458	10682	9842	6043	1395	9374	7885	5591	1255	7451	12431	8504	1178	13699
chr5	90689683	90792682	103000	5	0	103000	65961	37039	9446	3183	4204	6496	4025	2600	3424	4164	4370	1730	2759	2876	5488	2719	2968	5508	4374	2021	350	3487	3113	1847	308	2965	2543	1648	270	2377	4183	2716	310	4526
chr5	90792683	91022682	230000	6	0	230000	145229	84771	20066	7227	9647	13716	9178	6017	7881	9025	9733	3981	6350	6461	11679	5966	6683	11618	9686	4837	892	7776	7204	4254	730	6856	5897	3848	643	5622	9314	6105	799	10307
chr5	91022683	91166682	144000	5	0	144000	88725	55275	12049	4537	6051	7896	5738	3998	5346	5653	6056	2453	4423	4026	6689	3442	4042	6325	5888	3017	536	4989	4908	2913	410	4681	4086	2853	352	3683	5852	4129	468	6509
chr5	91166683	91397682	231000	4	0	231000	137919	93081	19318	6761	9146	11827	9073	6861	9195	7883	8791	4166	7910	6139	9871	5521	6209	9247	9003	5441	1058	7807	8526	5277	1177	8129	6420	5610	1154	6472	9063	6780	1111	10052
chr5	91397683	91488682	91000	5	0	91000	56390	34610	7633	2780	3843	5116	3641	2508	3221	3505	3671	1602	2797	2448	4427	2281	2637	4278	3703	2005	294	3169	3140	1867	255	2939	2351	1820	222	2327	3681	2509	265	4063
chr5	91488683	91587682	99000	6	0	99000	62726	36274	8712	3081	4192	5925	3970	2610	3351	3961	4267	1726	2746	2844	4961	2466	2849	5064	4159	2036	337	3351	3133	1798	248	2992	2572	1583	207	2274	4029	2755	278	4521
chr5	91587683	92283682	696000	7	0	696000	452130	243870	64517	21874	29005	45537	28436	17037	21778	28660	29890	11316	17883	19865	38090	18408	19941	39892	29723	13344	2310	23258	20649	11399	1590	18578	17219	10074	1325	15446	28319	17399	1911	31325
chr5	92283683	92340311	56629	8	0	56629	37300	19329	5410	1831	2407	3841	2408	1360	1657	2403	2483	857	1449	1621	3188	1516	1578	3290	2531	1016	163	1854	1590	756	116	1421	1426	736	107	1203	2281	1375	140	2613
chr5	92350422	92412792	62371	8	0	62371	40657	21714	5836	1979	2589	4158	2459	1509	1966	2506	2648	950	1592	1799	3619	1693	1797	3557	2628	1119	239	2145	1774	959	188	1620	1557	951	160	1384	2481	1512	201	2794
chr5	92412793	92957792	545000	7	0	545000	353308	191692	50273	17037	23362	35374	22001	13186	17125	21934	23628	8968	14406	15423	30144	14039	16093	30314	22681	10410	1786	18353	15813	8945	1228	14956	13567	7995	1093	12439	22184	13592	1411	25238
chr5	92957793	93009011	51219	6	0	51219	33084	18135	4697	1496	2343	3277	1983	1224	1633	2055	2300	886	1382	1471	2834	1315	1444	2743	2088	939	172	1722	1503	846	134	1409	1210	774	108	1190	2094	1332	132	2481
chr5	93009013	93075793	66781	6	0	66781	43351	23430	6238	2059	2806	4370	2641	1608	2121	2759	2828	1088	1775	1936	3768	1710	1933	3709	2831	1200	187	2247	1888	1105	172	1819	1723	985	135	1511	2687	1694	188	3058
chr5	93075794	93564793	489000	7	0	489000	305220	183780	41600	15542	20590	28030	19651	13191	17441	19490	20961	8736	14041	13516	23551	11972	13570	23336	20769	10446	1843	16383	16262	9722	1469	14822	12892	8485	1249	12184	19850	13622	1529	22253
chr5	93564794	93600793	36000	6	0	36000	18426	17574	2313	922	1398	1294	1111	997	1514	890	1326	731	1638	757	1176	592	771	995	1133	816	343	950	1243	1761	812	1509	1110	1353	857	1234	1026	1395	404	1627
chr5	93600794	93785793	185000	7	0	185000	115360	69640	16404	5860	7897	10490	7196	4883	6543	6944	7718	3193	5269	5098	9333	4631	5279	8621	7550	3858	745	6414	5889	3801	769	5636	4796	3456	758	4690	7331	4980	718	8248
chr5	93785794	93909237	123444	8	0	123444	80242	43202	11562	3920	5154	7891	4852	3015	3949	4975	5077	2043	3039	3527	7036	3432	3787	6983	5295	2326	457	4332	3460	1920	308	3390	3067	1826	284	2849	4968	3005	355	5358
chr5	93909239	94043794	134556	8	0	134556	85859	48697	12228	4341	5681	8081	5282	3363	4513	5231	5615	2192	3715	3733	7206	3711	3848	7119	5670	2779	488	4670	4133	2487	393	3900	3344	2186	349	3041	5241	3461	408	6145
chr5	94043795	94253794	210000	7	0	210000	132009	77991	18258	6789	8743	12073	8534	5305	7376	8422	8932	3615	5913	5982	10139	5415	6015	10497	8855	4401	759	7109	6856	4040	582	6341	5467	3585	509	5043	8459	5793	638	9553
chr5	94253795	94773924	520130	8	0	520130	329499	190631	47030	16244	21867	31075	20642	13152	17610	20256	21625	8787	14349	14469	26920	13571	15131	26770	21381	10724	1987	17662	16245	9506	1727	15559	13272	9128	1468	12741	20762	13679	1794	22995
chr5	94773925	94774246	322	7	0	322	148	174	48	2	4	6	6	10	12	3	3	7	18	8	4	6	8	1	4	6	6	9	12	15	18	12	7	23	14	12	8	13	6	9
chr5	94774247	94937840	163594	8	0	163594	104136	59458	14685	5154	7076	10068	6511	4273	5483	6438	7119	2706	4520	4536	8667	4092	4529	8278	6865	3237	680	5442	4900	2900	492	4646	4285	2628	454	4047	6655	4173	580	7473
chr5	94937842	95032795	94954	8	0	94954	59582	35372	7801	2869	4057	5481	3856	2487	3261	3878	4009	1737	2743	2717	4543	2430	2686	5025	4062	1915	358	3188	3140	1897	221	2831	2442	1623	182	2307	3838	2654	293	4421
chr5	95032796	95172795	140000	7	0	140000	87570	52430	12032	4482	5960	8012	5711	3633	4907	5432	5968	2381	4041	3978	6774	3543	4085	6630	5746	2934	569	4790	4573	2689	453	4227	3720	2387	343	3630	5643	3932	447	6346
chr5	95172796	95278795	106000	6	0	106000	65838	40162	8916	3228	4409	6061	4192	2709	3777	4128	4488	1850	3349	3015	5018	2579	3017	5100	4337	2232	422	3376	3575	2154	333	3369	2727	1902	288	2745	4167	3143	329	5063
chr5	95278796	95439795	161000	5	0	161000	99205	61795	13412	4819	6984	8881	6397	4214	5721	6211	6896	2935	5031	4451	7390	3758	4509	7595	6443	3412	568	5303	5396	3594	565	5288	4279	3031	525	4077	6425	4806	506	7576
chr5	95439796	95542795	103000	4	0	103000	66002	36998	9561	3327	4450	6258	4089	2557	3422	3761	4201	1653	2708	2867	5746	2797	3137	5466	4213	2073	391	3657	3055	1758	339	2969	2577	1728	286	2523	3984	2562	314	4569
chr5	95542796	95662795	120000	3	0	120000	73889	46111	10166	3697	4929	6793	4552	3159	4343	4463	5013	2051	3556	3192	5854	3107	3475	5538	4723	2594	563	4134	3996	2572	614	3776	3130	2508	671	3017	4669	3284	484	5375
chr5	95662796	95791795	129000	2	0	129000	78978	50022	10881	4042	5344	6995	4832	3494	4815	4765	5258	2165	3963	3522	6291	3285	3596	5730	5144	2766	619	4456	4363	2865	644	4173	3422	2681	551	3428	4977	3734	536	5661
chr5	95791796	95913795	122000	3	0	122000	69544	52456	8780	3657	5003	5195	4507	3838	5403	4158	4714	2368	4466	3005	4634	2675	3116	4023	4734	3060	651	4093	4837	3604	716	4799	3690	3285	625	3808	4645	4007	614	5288
chr5	95913796	96056795	143000	4	0	143000	89654	53346	12511	4374	5999	8210	5523	3814	4958	5351	5794	2490	4105	3871	7265	3803	4252	7332	5936	2976	549	5020	4600	3034	487	4384	3554	2574	446	3526	5556	3921	398	6385
chr5	96056796	96164795	108000	5	0	108000	66374	41626	8637	3337	4700	5805	4329	3018	4061	4041	4438	1985	3229	2925	5075	2670	3068	5055	4594	2442	336	3638	3704	2380	266	3642	2898	2055	229	2864	4254	3115	295	4913
chr5	96164796	96469795	305000	6	0	305000	188143	116857	24859	9417	13242	16946	12165	8036	11126	11923	13358	5518	9292	8344	14083	7236	8483	14113	12599	6513	1151	9944	10262	6461	1021	9738	8189	5579	828	8060	12200	8929	982	14401
chr5	96469796	96574795	105000	5	0	105000	63530	41470	8232	3157	4388	5458	4245	3089	3952	4081	4317	2032	3469	2909	4441	2435	2908	4416	4507	2278	433	3495	3679	2280	386	3483	2961	2105	320	2816	4220	3165	417	4924
chr5	96574796	96787072	212277	4	0	212277	128743	83534	16996	6474	8721	11367	7983	6047	8212	7982	8675	3753	6702	5673	9904	5082	5888	9284	8738	4698	927	6993	7120	4793	983	7266	6053	4477	848	5833	8313	6193	866	9431
chr5	96787074	96875710	88637	4	0	88637	53140	35497	7109	2751	3710	4576	3593	2546	3526	3098	3604	1604	2901	2388	3840	2030	2360	3502	3597	1998	377	2960	3149	2103	404	3102	2518	1993	346	2453	3500	2664	351	3982
chr5	96875711	96922795	47085	4	0	47085	28925	18160	3932	1420	1979	2590	1861	1325	1757	1731	1945	837	1479	1280	2183	1188	1249	2168	1921	999	216	1634	1556	972	201	1519	1257	981	165	1197	1940	1297	190	2114
chr5	96922796	97193795	271000	5	0	271000	166165	104835	22957	8400	11527	14476	10551	7317	10066	9957	11300	4873	8262	7226	12553	6703	7789	12207	10892	5954	1145	9302	9015	5843	1135	9041	7334	5431	975	7106	10650	7806	1011	12194
chr5	97193796	97287795	94000	6	0	94000	59806	34194	8558	3049	4023	5633	3933	2313	3093	3708	4110	1626	2497	2649	4661	2361	2738	4852	4008	1983	316	3042	3032	1832	204	2783	2278	1483	167	2184	3729	2553	257	4343
chr5	97287796	97408795	121000	7	0	121000	74184	46816	9985	3728	5198	6587	5100	3250	4463	4652	5101	2249	3487	3482	5312	2775	3456	5359	4974	2734	348	3946	4312	2807	367	3846	3287	2355	317	3203	4892	3436	382	5608
chr5	97408796	97756795	348000	8	0	348000	219318	128682	29873	10836	14491	20753	14116	9236	11874	14031	14656	6022	10080	9758	17308	8672	10069	17542	14909	7234	1148	11475	11260	6607	909	10307	9114	5787	772	8643	13974	9455	999	16088
chr5	97756796	97914795	158000	9	0	158000	100790	57210	14057	4922	6697	9702	6513	3855	5375	6272	6935	2702	4360	4436	7873	3989	4411	8689	6669	3140	542	5117	4974	2841	371	4519	4052	2558	305	3689	6321	4166	428	7518
chr5	97914796	98072795	158000	8	0	158000	101511	56489	14253	4900	6483	9989	6403	3955	5147	6398	6753	2579	4290	4482	8216	4140	4545	8977	6596	3144	502	5332	4953	2778	351	4432	4000	2407	298	3591	6354	4185	455	7110
chr5	98072796	98306795	234000	9	0	234000	148934	85066	20756	7199	9825	14239	9443	5923	7813	9427	10105	3947	6439	6696	11715	5814	6734	12857	9884	4829	784	7386	7311	4427	568	6915	6108	3630	448	5588	9303	6335	628	10922
chr5	98306796	98671795	365000	8	0	365000	228396	136604	31109	11286	15533	21215	14907	9765	12774	14706	15726	6503	10586	10093	17401	8870	10179	17742	15518	7518	1301	12087	11884	7236	989	11057	9817	6282	878	9127	14933	10131	1044	16801
chr5	98671796	98786795	115000	7	0	115000	71115	43885	10052	3680	4775	6481	4816	2988	4022	4502	4984	2008	3251	3289	5135	2649	3196	5286	4744	2502	467	3612	3849	2513	528	3489	3079	2154	517	2898	4656	3210	422	5244
chr5	98786796	98912795	126000	6	0	126000	80124	45876	12170	3970	5148	7588	4902	3153	4359	4571	5115	2030	3537	3519	6689	3319	3626	6428	5056	2628	483	4305	3851	2244	478	3782	3193	2192	405	3056	4885	3290	500	5526
chr5	98912796	99124795	212000	5	0	212000	129928	82072	17469	6338	8602	11846	8337	5864	7793	7941	8487	3786	6687	5831	9962	5293	5969	9722	8521	4744	801	7216	7358	4599	876	6969	5593	4414	791	5398	8463	6045	815	9468
chr5	99124796	99390795	266000	6	0	266000	167537	98463	21642	7959	10184	16185	10498	7575	8691	10361	10822	4074	7513	8390	13008	7465	7227	15942	12042	5661	987	8383	8210	7006	746	8338	6490	3633	751	5416	10384	7999	938	11478
chr5	99390796	99509795	119000	5	0	119000	76269	42731	10699	3740	4790	7283	4709	3144	3835	4981	4837	2037	3169	3279	6267	3202	3274	7023	5300	2421	472	3930	3722	2047	370	3296	2911	1888	330	2720	4735	3079	386	5122
chr5	99509796	99651795	142000	6	0	142000	90361	51639	12748	4386	5532	8875	5612	3737	5010	5526	5782	2424	4036	4142	7399	3580	3937	7634	6008	2745	579	4795	4253	2531	495	4020	3677	2468	395	3288	5946	3555	471	6412
chr5	99651796	100461795	810000	7	0	810000	523842	286158	74838	25475	32787	52447	32742	20287	25623	33169	34033	13118	21057	22964	43933	21339	23190	46838	34969	15438	2970	26842	24061	13638	2362	21768	20113	12424	1993	18408	32679	20329	2525	35639
chr5	100461796	100608795	147000	6	0	147000	94928	52072	13079	4704	6032	9081	5926	3609	4783	5923	6113	2418	3730	4116	7778	3997	4394	9244	6357	2840	495	5036	4390	2382	402	4019	3745	2252	380	3396	5749	3719	421	6488
chr5	100608796	100663795	55000	5	0	55000	34973	20027	4687	1716	2326	3374	2177	1377	1888	2146	2381	967	1568	1509	2858	1376	1519	3103	2304	1052	250	1830	1637	910	206	1587	1441	872	145	1367	2207	1506	195	2517
chr5	106695794	106695843	50	10	0	50	34	16	6	2	2	4	5	1	0	3	2	1	1	3	1	0	1	2	2	2	0	0	2	0	0	1	0	0	0	0	3	1	0	3
chr5	106695955	106695986	32	10	0	32	23	9	3	1	0	4	2	0	1	2	0	0	0	2	3	1	0	4	1	0	0	0	1	0	0	0	2	0	0	1	1	1	0	0
chr5	167859937	167859961	25	8	0	25	4	21	0	0	0	0	0	1	0	0	0	1	2	0	0	0	0	0	0	1	1	0	1	6	3	2	0	1	1	0	0	3	0	0
chr5	167859964	167860004	41	8	0	41	5	36	0	0	0	0	0	0	1	0	0	2	2	0	0	0	0	0	0	0	1	0	1	9	8	1	0	7	2	1	0	3	1	0
chr5	167860042	167860057	16	8	0	16	4	12	0	0	0	0	0	0	0	0	0	1	2	0	0	0	0	0	0	1	1	0	0	2	2	2	0	0	0	0	0	3	0	0
chr5	167860059	167860098	40	8	0	40	5	35	0	0	0	0	0	0	3	0	0	2	0	0	0	0	0	0	0	1	1	0	1	13	4	1	1	6	1	2	1	1	0	0
chr6	60001	80499	20499	8	0	20499	13161	7338	1953	671	843	1243	875	546	625	866	875	315	524	576	1008	534	535	1171	920	410	85	651	677	379	49	541	534	311	55	436	781	546	63	899
chr6	80500	108499	28000	7	0	28000	17196	10804	2298	968	989	1490	1180	829	1034	1226	1208	490	793	809	1059	692	735	1395	1403	654	121	801	1007	710	61	906	713	464	43	620	1146	856	75	1223
chr6	108500	150499	42000	6	0	42000	25276	16724	3318	1173	1650	2294	1566	1211	1620	1543	1654	774	1344	1089	1897	1034	1075	2034	1735	940	215	1302	1467	1095	228	1463	1097	995	195	1129	1641	1223	202	1795
chr6	150500	194499	44000	5	0	44000	24773	19227	3118	1291	1758	1853	1674	1566	2084	1519	1702	913	1526	1082	1525	873	990	1298	1844	1092	262	1445	1789	1311	296	1611	1477	1191	245	1440	1733	1413	215	1862
chr6	194500	252499	58000	6	0	58000	31667	26333	3628	1580	2162	2226	2025	2062	2773	2065	2255	1215	2371	1552	1687	1094	1218	1753	2252	1482	456	1761	2446	1899	457	2372	1866	1706	420	1822	2360	2087	377	2569
chr6	252500	381499	129000	7	0	129000	69877	59123	7998	3538	4966	4906	4430	4709	6563	4319	4940	2758	4868	2954	4040	2542	2756	3589	5248	3253	1076	3970	5248	4258	1178	5165	4760	3942	1017	4487	4764	4396	829	5531
chr6	381500	536499	155000	6	0	155000	84420	70580	9856	4339	5873	5993	4999	5614	7177	5208	6042	3340	5902	3620	5164	2994	3307	4991	6113	3958	1465	4751	6144	5414	1831	5893	5095	4477	1538	4996	5645	5433	1206	6620
chr6	536500	656499	120000	7	0	120000	72285	47715	9935	3796	4851	6165	4250	3799	4784	4287	4924	2308	3673	3075	5638	2903	3014	4883	5218	2671	923	3994	3776	2519	842	3909	3417	2514	741	3209	4709	3341	720	5210
chr6	656500	865499	209000	6	0	209000	120500	88500	14921	6210	8449	9599	7739	6705	8911	7781	8669	4018	7085	5584	7850	4473	4947	7558	8565	4832	1465	6544	7941	5573	1523	7530	6589	5105	1262	6214	8042	7056	1154	9104
chr6	865500	892737	27238	7	0	27238	14921	12317	1694	812	1066	1080	944	964	1296	986	1116	610	1031	631	899	503	537	751	1112	725	230	821	1169	930	204	1089	841	754	195	858	1068	983	175	1162
chr6	892749	892808	60	7	0	60	20	40	0	0	0	0	0	7	3	2	0	0	4	2	0	2	0	0	2	1	5	0	6	6	0	1	3	4	0	4	1	2	1	2
chr6	892810	892845	36	7	0	36	12	24	0	1	0	0	0	1	4	0	0	0	2	0	1	2	1	0	1	2	0	0	2	4	1	2	2	2	1	3	0	0	0	2
chr6	892847	892954	108	7	0	108	46	62	1	4	2	1	3	6	8	6	4	3	4	1	0	0	2	0	8	0	2	4	4	5	0	4	6	5	6	5	5	4	0	3
chr6	892958	893180	223	7	0	223	97	126	13	4	7	3	5	8	14	7	6	8	8	4	3	0	3	4	6	6	3	4	15	14	6	9	10	13	5	7	3	11	0	12
chr6	893182	893219	38	7	0	38	20	18	3	2	2	1	3	0	1	0	0	1	4	0	1	0	0	1	0	0	0	3	1	2	0	2	2	1	0	1	1	3	0	1
chr6	893221	893798	578	7	0	578	334	244	51	19	21	25	17	12	32	18	22	12	17	13	26	10	19	19	20	10	4	19	22	17	3	22	18	17	4	23	18	20	1	25
chr6	893800	893846	47	7	0	47	18	29	1	1	2	0	3	4	2	0	0	0	2	1	0	0	0	0	3	0	0	2	2	5	1	1	4	3	2	3	1	1	1	0
chr6	893848	895452	1605	7	0	1605	843	762	86	45	54	50	55	64	79	59	49	27	48	47	45	37	42	56	63	44	17	49	77	61	16	73	63	62	12	52	54	59	9	49
chr6	895453	898053	2601	7	0	2601	1322	1279	125	61	106	71	69	97	143	94	101	54	117	58	69	54	58	43	89	75	30	72	99	112	26	133	121	82	15	94	94	101	11	125
chr6	898055	901784	3730	7	0	3730	2005	1725	223	116	133	136	147	154	162	131	138	72	175	78	100	80	73	85	173	113	34	102	162	115	29	170	118	103	23	120	141	145	24	153
chr6	901786	902926	1141	7	0	1141	640	501	100	31	52	45	43	41	48	39	42	20	48	21	43	17	21	27	48	20	14	28	43	34	9	43	47	30	4	49	33	45	5	49
chr6	902928	903426	499	7	0	499	252	247	25	13	9	20	16	21	34	15	15	8	25	13	12	11	7	6	16	15	3	20	23	21	3	25	21	20	5	14	26	16	3	16
chr6	903427	904046	620	7	0	620	376	244	58	15	38	33	27	19	25	17	24	18	15	12	34	11	11	18	16	14	1	32	26	12	2	15	18	14	3	21	28	15	6	20
chr6	904048	904072	25	7	0	25	16	9	0	0	1	1	0	1	0	3	1	0	1	2	1	1	0	4	0	0	0	1	0	0	0	0	1	0	0	1	2	0	2	0
chr6	904081	904753	673	7	0	673	456	217	45	17	18	46	25	16	13	31	25	11	17	39	31	16	32	73	32	10	2	16	22	6	1	8	11	4	2	11	20	17	9	45
chr6	904758	904778	21	7	0	21	17	4	0	0	0	2	1	0	0	0	0	1	0	2	1	0	3	5	1	0	0	0	0	0	0	0	0	0	0	0	0	0	0	3
chr6	904779	905126	348	7	0	348	268	80	4	3	2	24	0	0	5	6	3	0	5	57	26	2	51	79	4	1	0	0	0	1	0	2	2	0	0	4	5	1	2	57
chr6	905127	905142	16	7	0	16	12	4	1	0	0	1	0	0	0	2	0	0	0	2	1	1	1	1	0	1	0	0	1	0	0	0	0	0	0	0	1	0	0	1
chr6	905143	905945	803	7	0	803	526	277	62	20	35	50	33	22	20	43	33	15	13	39	39	19	36	46	46	8	1	21	23	10	0	20	13	16	1	16	36	19	0	46
chr6	905953	906245	293	7	0	293	212	81	31	8	9	39	15	2	7	7	12	3	7	3	29	5	10	24	4	4	2	8	7	3	0	5	9	7	0	6	10	1	0	14
chr6	906246	906314	69	7	0	69	63	6	1	1	1	11	0	0	0	4	1	0	0	1	11	2	0	28	2	1	0	0	1	0	0	0	0	0	0	0	1	0	0	1
chr6	906316	906328	13	7	0	13	13	0	0	0	0	3	0	0	0	0	0	0	0	0	2	0	0	6	0	0	0	0	0	0	0	0	0	0	0	0	0	0	0	0
chr6	906338	906355	18	7	0	18	17	1	0	0	0	2	1	0	0	0	0	0	0	0	2	1	0	9	1	0	0	0	0	0	0	0	0	0	0	0	0	0	0	0
chr6	906357	906378	22	7	0	22	22	0	1	0	0	3	0	0	0	0	0	0	0	0	4	0	0	12	0	0	0	0	0	0	0	0	0	0	0	0	0	0	0	0
chr6	906379	906433	55	7	0	55	53	2	2	0	0	9	2	0	0	0	0	0	0	0	7	2	0	29	2	0	0	0	0	0	0	0	0	0	0	0	0	0	0	0
chr6	906439	908982	2544	7	0	2544	1522	1022	185	71	103	141	95	77	101	93	107	49	73	85	113	49	56	123	93	61	18	74	90	73	20	80	75	52	11	60	108	76	11	119
chr6	908984	909004	21	7	0	21	6	15	0	1	0	0	0	1	2	0	1	0	1	0	0	0	0	0	1	0	0	0	1	1	1	1	1	3	0	2	0	1	1	0
chr6	909006	909192	187	7	0	187	85	102	1	2	5	1	3	13	8	15	3	2	18	9	2	1	0	1	6	4	2	6	6	13	1	7	5	9	1	9	21	1	0	10
chr6	909194	909213	20	7	0	20	11	9	0	0	1	1	1	0	1	1	1	1	2	1	0	0	0	0	0	1	0	0	1	0	0	0	0	0	0	2	2	0	0	2
chr6	909215	909270	56	7	0	56	23	33	0	0	1	0	0	4	2	4	1	0	7	3	0	0	0	0	2	1	1	0	0	6	1	3	1	3	0	4	7	0	0	3
chr6	909352	909369	18	7	0	18	10	8	0	0	1	0	0	0	0	2	1	1	1	2	0	0	0	0	0	1	0	0	1	0	0	0	0	0	0	0	2	0	2	2
chr6	909371	909454	84	7	0	84	37	47	0	0	2	0	0	5	3	7	2	2	10	5	0	0	0	0	3	3	1	0	1	6	1	4	1	3	0	4	11	0	2	6
chr6	909535	909768	234	7	0	234	102	132	0	3	6	0	3	3	11	24	6	9	24	12	0	0	0	0	9	3	3	0	3	24	3	12	0	12	0	12	30	3	0	17
chr6	909847	910134	288	7	0	288	124	164	0	3	7	0	3	4	14	30	7	10	30	15	0	0	0	0	11	3	3	0	4	32	3	16	0	16	0	14	36	4	0	21
chr6	910142	910548	407	7	0	407	178	229	0	5	11	0	5	5	21	40	11	16	42	20	0	0	0	0	15	6	6	0	5	40	6	20	0	20	0	22	52	5	0	32
chr6	910627	910776	150	7	0	150	65	85	0	2	4	0	2	2	6	16	4	6	15	8	0	0	0	0	6	2	2	0	2	16	2	8	0	8	0	6	18	2	0	11
chr6	910782	911425	644	7	0	644	344	300	30	10	27	22	13	27	38	28	30	19	22	24	16	7	12	18	28	13	3	19	20	19	3	36	22	15	6	21	36	31	4	23
chr6	911436	911480	45	7	0	45	21	24	1	0	2	1	1	2	0	5	2	0	5	1	0	0	0	0	0	0	0	2	2	3	1	1	3	2	0	1	2	2	1	3
chr6	911503	915255	3753	7	0	3753	1912	1841	171	91	124	118	112	136	223	154	137	102	161	81	84	64	77	77	153	103	25	112	172	164	30	164	148	120	21	147	152	143	24	161
chr6	915265	915402	138	7	0	138	81	57	12	7	4	4	7	5	7	7	6	4	3	5	2	2	1	4	8	2	2	5	2	0	3	2	7	3	1	3	9	2	2	5
chr6	915404	915433	30	7	0	30	16	14	2	2	1	2	3	0	0	0	1	0	0	1	0	0	1	1	0	1	0	1	3	4	0	1	0	2	0	0	0	1	0	1
chr6	915435	915673	239	7	0	239	123	116	17	2	7	5	9	13	13	11	4	6	10	9	0	6	5	5	11	9	0	6	13	10	0	11	11	7	0	8	11	8	0	10
chr6	915677	915696	20	7	0	20	9	11	0	0	1	0	1	1	1	0	0	2	2	0	0	0	0	0	2	1	1	0	0	0	1	0	1	0	0	1	0	0	0	3
chr6	915698	915780	83	7	0	83	36	47	0	1	1	4	4	6	6	1	2	0	7	3	0	0	0	0	0	4	0	4	6	1	0	6	7	2	2	2	4	6	0	2
chr6	915781	916110	330	7	0	330	165	165	15	6	13	8	9	17	17	7	9	6	14	12	9	6	12	5	10	13	3	9	20	15	2	10	5	11	4	20	15	8	3	15
chr6	916112	916251	140	7	0	140	77	63	10	2	5	7	6	2	13	4	2	4	2	6	6	2	2	3	3	4	0	3	8	1	0	7	8	6	0	8	5	5	0	4
chr6	916253	917271	1019	7	0	1019	596	423	58	38	55	32	30	37	40	27	51	25	36	16	44	30	26	49	47	33	8	42	33	24	7	40	14	17	8	21	40	30	5	54
chr6	917276	922565	5290	7	0	5290	2907	2383	326	150	229	193	174	170	251	213	232	112	204	119	167	96	132	137	205	127	19	178	218	204	22	247	174	146	14	162	211	214	13	229
chr6	922573	927706	5134	7	0	5134	2675	2459	244	142	201	170	168	186	299	133	192	117	224	113	153	88	102	141	196	149	43	145	210	198	38	274	180	153	30	197	200	220	15	211
chr6	927707	928400	694	7	0	694	447	247	65	20	28	50	30	17	23	34	31	15	20	15	37	21	13	27	38	11	2	22	18	11	2	19	18	10	1	13	31	17	3	30
chr6	928404	928427	24	7	0	24	11	13	2	0	3	0	2	1	0	0	0	0	2	0	0	0	0	0	0	0	0	0	0	0	0	4	3	2	0	1	0	2	0	0
chr6	928429	933711	5283	7	0	5283	3219	2064	407	177	173	292	208	174	180	241	214	84	149	163	220	133	131	272	255	113	36	164	195	131	34	144	146	80	24	130	206	180	30	195
chr6	933712	937427	3716	7	0	3716	1871	1845	168	93	139	119	118	141	212	111	143	86	169	89	89	60	64	69	153	97	33	97	174	169	28	195	141	121	28	122	114	179	23	170
chr6	937434	945888	8455	7	0	8455	4568	3887	467	212	381	304	296	275	400	314	342	171	332	222	259	157	178	258	275	231	46	262	391	331	41	401	281	254	36	269	338	348	23	358
chr6	945893	946386	494	7	0	494	367	127	59	20	14	52	23	13	8	21	15	4	4	14	48	7	13	50	28	4	2	10	9	2	0	7	13	6	1	8	16	6	1	14
chr6	946388	946418	31	7	0	31	27	4	9	0	2	4	1	0	0	1	1	0	0	1	3	2	0	1	2	0	0	0	0	0	0	0	0	0	0	0	0	0	0	2
chr6	946423	948820	2398	7	0	2398	1312	1086	132	56	108	115	78	93	121	94	125	46	88	52	76	33	46	49	90	49	16	72	101	78	7	111	92	67	9	82	103	103	6	98
chr6	948823	957697	8875	7	0	8875	5284	3591	650	255	395	462	341	260	365	341	402	176	289	232	369	163	239	345	335	200	45	274	311	188	30	322	304	180	28	274	357	284	39	418
chr6	957700	958564	865	7	0	865	519	346	73	28	32	48	41	18	36	41	36	24	22	16	32	21	16	33	39	20	5	27	30	21	4	27	29	16	3	26	38	25	10	26
chr6	958566	961035	2470	7	0	2470	1611	859	220	82	109	161	100	61	68	98	95	40	55	78	158	63	82	139	105	42	17	82	68	32	15	47	61	38	9	74	93	50	15	111
chr6	961036	963330	2295	7	0	2295	1230	1065	145	59	94	86	76	76	112	84	100	47	96	51	64	48	47	43	85	52	24	69	95	81	15	111	83	66	12	77	85	103	15	92
chr6	963336	969426	6091	7	0	6091	3442	2649	410	186	263	252	198	189	286	235	270	129	239	137	233	133	136	146	255	138	44	200	209	176	37	233	189	154	40	197	254	188	39	294
chr6	969428	971596	2169	7	0	2169	1333	836	211	55	91	127	86	53	72	95	109	41	57	60	79	45	55	95	84	42	10	58	82	53	12	62	51	38	10	67	89	76	14	88
chr6	971598	971684	87	7	0	87	37	50	1	2	4	0	4	4	6	1	2	4	7	1	0	0	0	0	5	5	0	0	5	4	0	7	3	3	0	2	2	5	0	8
chr6	971686	974245	2560	7	0	2560	1514	1046	171	59	90	123	81	112	100	102	88	60	69	65	103	59	56	176	119	70	24	77	107	79	10	82	64	56	13	61	104	74	9	95
chr6	974248	976953	2706	7	0	2706	1784	922	279	94	120	172	159	66	70	97	131	36	55	103	96	58	95	152	120	43	4	87	85	36	1	56	69	34	2	59	117	65	5	138
chr6	976954	977604	651	7	0	651	374	277	55	19	19	22	26	23	28	23	16	17	23	20	19	11	23	29	29	18	2	21	30	16	3	22	19	17	2	22	22	20	5	28
chr6	977606	981395	3790	7	0	3790	2346	1444	334	127	211	202	159	97	144	116	198	56	109	103	184	74	99	131	145	73	8	128	125	71	11	122	113	57	8	116	133	128	9	197
chr6	981397	982327	931	7	0	931	523	408	69	29	30	31	37	31	53	36	33	19	37	21	21	22	17	36	44	25	1	31	42	19	5	34	35	27	4	30	36	30	2	42
chr6	982329	982394	66	7	0	66	35	31	5	0	1	3	1	2	5	2	0	0	2	1	3	5	4	0	2	2	0	3	4	2	0	3	3	3	0	4	1	1	0	2
chr6	982396	983240	845	7	0	845	453	392	62	22	31	30	29	28	48	23	24	14	39	21	30	17	13	22	24	22	3	32	45	27	3	40	26	40	6	24	33	27	4	34
chr6	983242	983473	232	7	0	232	122	110	18	9	7	5	3	10	9	7	8	3	8	11	9	3	7	3	7	6	7	5	12	8	5	8	3	8	2	9	7	11	2	10
chr6	983475	1238264	254790	7	0	254790	143041	111749	16652	7223	10124	10594	9142	8788	11548	9374	10029	5406	9391	6702	8768	5177	6013	8108	10822	6268	1796	7708	10119	7987	1701	9850	8213	6575	1338	7844	9698	8827	1329	11674
chr6	1238265	1373264	135000	6	0	135000	76674	58326	9151	3844	5505	5987	5089	4327	5693	5065	5297	2738	4564	3481	4950	2863	3263	4856	5557	3169	825	4221	5200	4220	1056	5061	4295	3606	1020	4015	5122	4543	687	5728
chr6	1373265	1462264	89000	5	0	89000	46291	42709	5375	2281	3249	3126	2950	3168	4229	2635	3128	2047	3713	2018	2578	1544	1834	2415	3454	2284	797	2505	3611	3674	1397	3805	2901	3168	1264	2942	3016	3361	756	3773
chr6	1462265	1636451	174187	4	0	174187	91765	82422	10335	4532	6658	6200	5696	6357	8236	5823	6506	3822	6783	4128	5189	3111	3618	4769	6738	4559	1524	5001	7376	6789	2367	7201	5712	5988	2048	5880	6286	6397	1343	7213
chr6	1636453	1704265	67813	4	0	67813	36796	31017	4086	1855	2590	2433	2254	2522	3394	2369	2487	1519	2628	1655	2137	1347	1443	2075	2766	1739	588	2150	2803	2190	585	2788	2357	2092	475	2194	2613	2345	408	2924
chr6	1704266	1822265	118000	5	0	118000	68412	49588	8748	3489	4759	5384	4136	3974	5254	4105	4841	2323	4135	2974	4655	2599	2801	4235	5016	2703	772	3894	4301	3053	722	4307	3464	2879	652	3551	4687	3748	640	5197
chr6	1822266	1977265	155000	6	0	155000	92757	62243	12255	4678	6269	7788	5465	4942	6295	5686	6194	2905	4873	3932	7076	3832	4124	6442	6612	3483	1064	5198	5371	3645	752	5306	4466	3410	690	4342	5940	4536	712	6715
chr6	1977266	2158265	181000	7	0	181000	112530	68470	15822	5891	7647	9998	7043	5136	6659	6825	7588	3251	4942	4904	8905	4578	5026	8313	7905	3986	891	6074	5985	3579	629	5562	4729	3283	570	4592	7044	4907	688	8046
chr6	2158266	2256265	98000	6	0	98000	57041	40959	7130	2943	3976	4529	3622	3115	4190	3619	3838	1867	3406	2596	3987	2291	2526	3404	3968	2405	540	3304	3713	2485	565	3584	2971	2371	442	2904	3894	3086	421	4306
chr6	2256266	2392265	136000	5	0	136000	80876	55124	10810	4199	5588	6626	5465	4328	5303	5167	5527	2603	4263	3637	5421	3119	3508	5312	5831	3301	699	4417	5202	3472	546	4753	3970	2901	404	3596	5260	4299	575	5896
chr6	2392266	2668265	276000	4	0	276000	156186	119814	18795	8025	11137	11901	10303	9330	12226	10075	11138	5719	10099	7237	9622	5373	6316	8889	11354	6691	1848	8554	11100	8396	1756	10411	8610	7084	1430	8386	10870	9492	1404	12427
chr6	2668266	2791265	123000	3	0	123000	70387	52613	8801	3535	4880	5535	4314	3939	5313	4471	4873	2457	4314	3205	4763	2706	2926	4353	4781	2970	938	3948	4663	3409	979	4512	3772	3187	889	3716	4822	3997	772	5258
chr6	2791266	3285265	494000	2	0	494000	266043	227957	31879	13306	18176	18889	16997	17401	23602	15834	17843	10431	18824	11985	15531	9826	11130	14388	18654	13584	3826	14900	20601	17009	5625	20622	16437	16033	5457	16125	18142	17232	3624	20085
chr6	3285266	3588265	303000	3	0	303000	163543	139457	18448	8108	11653	11483	10326	10777	14791	10567	11393	6489	12153	7512	9525	5590	6601	8126	11957	7774	2229	9004	12643	10897	2607	12890	10292	9307	2167	10142	11570	11060	1755	13162
chr6	3588266	5158265	1570000	4	0	1570000	891589	678411	111151	45624	61768	68555	58637	51351	70019	55499	60730	31457	56582	40440	56580	32679	37249	53268	63261	38524	9787	49539	62272	46442	10771	59818	49219	42321	9279	47968	60754	52016	8145	68293
chr6	5158266	5212987	54722	5	0	54722	32068	22654	4087	1605	2231	2582	1941	1728	2379	2054	2234	1058	1868	1391	2242	1258	1407	2001	2287	1267	304	1791	1908	1405	249	2074	1685	1269	226	1638	2223	1695	251	2382
chr6	5212989	5311266	98278	5	0	98278	57583	40695	7330	2957	4020	4630	3674	3084	4061	3616	3891	1837	3309	2621	4043	2298	2532	3679	4034	2334	558	3250	3511	2495	606	3554	2973	2361	531	2829	3917	2977	475	4289
chr6	5311267	5392266	81000	6	0	81000	49043	31957	6491	2468	3292	4173	3058	2409	3202	3052	3243	1522	2567	2270	3631	2006	2134	3523	3458	1809	423	2715	2770	1786	358	2690	2234	1615	301	2196	3260	2394	354	3594
chr6	5392267	5492266	1e+05	7	0	1e+05	59761	40239	7906	2929	4059	4997	3718	3155	4081	3720	4049	1852	3202	2673	4220	2404	2476	4318	4243	2214	604	3279	3523	2309	470	3493	2909	2235	422	2762	3999	3037	456	4284
chr6	5492267	6251266	759000	8	0	759000	434999	324001	51684	22044	31362	33915	28479	24008	32813	28332	31026	15158	26967	19828	27816	15832	18610	27124	30678	18315	4277	23772	29753	22312	4178	28780	23323	19017	3599	23017	29877	25379	3540	34183
chr6	6251267	6404266	153000	7	0	153000	90116	62884	10895	4556	6347	7342	5877	4736	6252	5998	6326	3005	5260	4193	6042	3293	3931	6062	6275	3559	742	5013	5704	3889	600	5463	4682	3279	598	4295	6202	4929	634	7019
chr6	6404267	6504266	1e+05	6	0	1e+05	60049	39951	7633	3048	4233	5069	3968	2895	3867	4015	4270	1889	3237	2817	4112	2240	2681	4073	4184	2208	453	3227	3667	2364	343	3365	2883	2018	301	2724	4011	3149	351	4703
chr6	6504267	6580266	76000	5	0	76000	44662	31338	5601	2371	3138	3679	2969	2350	3095	2830	3179	1400	2595	1963	3040	1674	1960	2816	3184	1750	405	2457	2845	1955	363	2728	2271	1705	331	2207	2945	2481	315	3396
chr6	6580267	6663266	83000	4	0	83000	46102	36898	5133	2282	3441	3354	2992	2733	3884	3013	3315	1661	3206	2136	2770	1686	1968	2527	3300	2017	509	2536	3363	2684	488	3376	2807	2253	488	2758	3152	2958	379	3829
chr6	6663267	6843266	180000	3	0	180000	97355	82645	11163	4884	7276	6590	6422	6269	8653	6113	6950	3814	7293	4501	5377	3284	4025	4740	6899	4708	1187	5457	7739	6365	1344	7819	6023	5423	1147	5975	6796	6772	994	7996
chr6	6843267	6924266	81000	4	0	81000	44438	36562	5107	2224	3241	3105	2818	2874	3864	2787	3053	1656	3151	1983	2699	1615	1886	2374	3192	2042	583	2552	3431	2698	554	3344	2705	2440	472	2705	3015	2847	441	3540
chr6	6924267	7206266	282000	3	0	282000	155681	126319	20073	7891	10761	10964	10099	9851	13035	9077	10036	5568	11041	6850	9482	5850	6591	8511	10946	7393	1885	8936	11676	9077	2344	11564	8973	8716	2182	9131	10467	9474	1757	11797
chr6	7206267	7634266	428000	2	0	428000	240919	187081	31184	12136	16713	18064	15746	14195	19186	13837	15843	8406	16115	11130	15324	9066	10133	13839	16374	10871	2772	13786	16952	12503	3644	16505	12994	12360	3278	13548	16644	13870	2670	18310
chr6	7634267	8075266	441000	3	0	441000	252890	188110	31675	12804	17853	19808	16513	13975	19050	15699	17325	8930	15555	11568	16628	9680	10791	15035	17622	10760	2773	14234	17216	12415	2968	16337	13244	11411	2599	13152	17155	14351	2346	19526
chr6	8075267	8170266	95000	4	0	95000	55862	39138	7428	2740	3856	4644	3668	2933	3850	3496	3666	1831	3241	2578	3907	2164	2355	3504	3715	2313	532	3108	3521	2292	574	3404	2792	2335	505	2730	3919	2851	487	4059
chr6	8170267	8269266	99000	5	0	99000	58586	40414	7710	2791	4007	5020	3856	2940	4014	3636	3997	1914	3400	2665	3965	2183	2447	4041	3924	2305	494	3105	3642	2497	490	3559	2855	2284	455	2826	4025	3102	473	4376
chr6	8269267	8490266	221000	6	0	221000	135604	85396	18044	6780	9012	12294	8683	6168	8194	8795	9262	4044	6655	6100	10142	5214	6005	10211	9190	4854	967	7195	7727	4817	776	7164	6045	4307	689	5603	8878	6507	772	9904
chr6	8490267	8643266	153000	7	0	153000	96622	56378	13574	4844	6495	9105	6246	3957	5273	5993	6645	2646	4279	4360	7553	3711	4328	7612	6443	3173	559	4983	4951	2846	395	4562	3972	2442	363	3759	6103	4293	461	7072
chr6	8643267	8746266	103000	8	0	103000	64118	38882	8724	3175	4234	6131	4162	2871	3606	4115	4350	1779	3007	2863	5029	2554	2832	4685	4333	2205	453	3388	3364	2066	370	3121	2779	1848	325	2630	4278	2802	380	4539
chr6	8746267	9033266	287000	7	0	287000	179512	107488	24513	8831	11882	16775	11467	7868	9767	11455	12209	4982	8639	7987	13812	7140	7883	14301	12152	6008	1284	9377	9136	5443	1109	8598	7551	4976	973	7062	11718	7860	1106	13134
chr6	9033267	9152266	119000	8	0	119000	74410	44590	9897	3545	4922	7013	4731	3260	4146	4740	5131	2089	3534	3388	5618	2942	3343	6109	5115	2396	534	3793	3758	2238	408	3612	3227	2086	364	2917	4777	3296	446	5623
chr6	9152267	9321266	169000	7	0	169000	107699	61301	14757	5260	7199	10464	6804	4130	5600	6879	7347	2858	4624	4909	8772	4152	4779	9163	6972	3231	652	5545	5232	3058	499	4777	4360	2757	433	4046	6849	4520	536	7834
chr6	9321267	9411266	90000	6	0	90000	56819	33181	8030	2929	3649	5389	3685	2430	3074	3552	3802	1530	2596	2481	4480	2187	2491	4514	3872	1820	391	2993	2804	1560	315	2594	2400	1563	314	2144	3665	2331	334	4079
chr6	9411267	9553266	142000	5	0	142000	89057	52943	12132	4421	5897	8385	5671	3792	4875	5759	6006	2520	4020	3994	7026	3550	4032	6976	5984	2950	634	4715	4460	2774	486	4223	3822	2394	426	3534	5832	3825	532	6351
chr6	9553267	9632266	79000	6	0	79000	49216	29784	6575	2353	3317	4554	2981	2204	2840	3121	3434	1370	2309	2118	3809	2008	2212	4009	3227	1711	356	2641	2569	1473	290	2426	2147	1452	264	1997	3205	2122	290	3614
chr6	9632267	10045266	413000	7	0	413000	257266	155734	34497	13090	17062	23938	16760	11371	14598	16483	17684	7423	11755	11722	19645	9902	11616	19719	17551	8786	1861	13587	13488	8007	1418	12511	11176	7166	1229	10369	16997	11465	1558	18564
chr6	10045267	10230266	185000	6	0	185000	111751	73249	15340	5700	7809	9633	7273	5436	7024	6850	7579	3346	5792	4889	8291	4225	4799	7763	7654	4158	858	6037	6560	4246	885	6189	5239	3963	845	5009	7130	5513	774	8189
chr6	10230267	10389266	159000	5	0	159000	91485	67515	12286	4535	6349	7242	5963	4975	6677	5502	6206	3041	5894	4138	5957	3359	3900	5460	6095	3802	1006	5006	6102	4322	1116	6002	4788	4219	1008	4769	6132	5199	904	7044
chr6	10389267	10788266	399000	4	0	399000	223649	175351	29020	11343	15069	17130	14861	13434	17449	12855	14491	7762	15096	10178	14191	8442	9827	12499	15142	10370	2765	12704	16100	11863	3543	15395	12404	11554	3487	12497	14953	13114	2615	16845
chr6	10788267	11473266	685000	3	0	685000	398241	286759	51485	19961	27725	31972	25962	21279	28093	24568	26926	13145	24208	18273	26770	15400	17742	24731	27030	16608	3945	22201	25976	18052	4302	25178	20089	17149	3884	19792	26807	21699	3449	30597
chr6	11473267	11659266	186000	4	0	186000	110564	75436	14190	5538	7604	9230	6863	5568	7414	7043	7517	3549	6106	4896	7991	4409	4776	7868	7697	4255	978	6134	6650	4713	1016	6535	5238	4219	921	5012	7303	5727	819	8219
chr6	11659267	11816266	157000	5	0	157000	91014	65986	10848	4545	6526	7327	5945	4856	6524	5935	6404	3038	5699	4173	6051	3500	3998	5643	6281	3739	864	5055	6002	4378	725	5998	4720	3705	612	4593	6257	5281	675	7101
chr6	11816267	11886266	70000	6	0	70000	41872	28128	5247	2133	2846	3557	2826	2014	2751	2792	2979	1401	2182	1947	2732	1602	1894	2968	2970	1580	335	2264	2549	1753	278	2387	2005	1448	236	1813	2859	2186	255	3209
chr6	11886267	12225266	339000	5	0	339000	206734	132266	27899	10253	13545	18392	12723	9688	12896	12750	13658	5969	10571	9272	15808	8416	8930	15962	14390	7146	1844	10946	11069	7572	1887	10803	9341	7006	1731	9060	13257	9607	1474	15133
chr6	12225267	12301387	76121	4	0	76121	45893	30228	6250	2174	3394	3989	2966	2113	2851	2773	3290	1434	2640	1985	3300	1680	1967	3085	2989	1657	331	2424	2582	1764	328	2744	2120	1554	311	2075	3012	2443	284	3610
chr6	12301389	12496267	194879	4	0	194879	116321	78558	14689	5701	8313	9832	7566	5803	7758	7369	8141	3745	6648	5385	8139	4346	5079	7806	7991	4421	897	6286	6935	4562	750	6925	5655	4207	675	5333	7915	5983	768	9254
chr6	12496268	12664267	168000	5	0	168000	103440	64560	14136	5157	6937	9271	6914	4596	6082	6714	6941	3023	5156	4735	7510	4121	4469	7678	7140	3620	795	5341	5705	3418	611	5214	4752	3151	600	4357	6709	4759	654	7732
chr6	12664268	13148267	484000	6	0	484000	288936	195064	36418	14324	20321	24381	18652	14346	18797	18570	19829	9137	16254	13179	20545	11058	12957	20168	19645	11005	2343	15872	17085	11791	2075	17274	14053	10444	1831	13245	19582	14985	1894	21938
chr6	13148268	13252267	104000	5	0	104000	59171	44829	6957	2912	4173	4494	3738	3403	4613	4082	4043	2117	3870	2911	3798	2207	2586	3267	4204	2571	579	3285	4062	2875	567	4135	3360	2694	487	3067	4208	3499	479	4755
chr6	13252268	13453267	201000	4	0	201000	111195	89805	13312	5531	8100	7874	7284	6760	9521	7055	7680	4084	7723	5185	6541	3931	4760	5854	7640	5143	1211	6312	8388	6289	1340	8310	6783	5947	1150	6618	7808	6949	1051	8864
chr6	13453268	13594267	141000	3	0	141000	79404	61596	9627	4053	5311	6034	5202	4804	6271	4997	5120	2782	5059	3593	5077	2978	3399	5096	5819	3649	845	4304	5704	4288	1119	5413	4420	4062	1033	4385	5331	4525	761	5937
chr6	13594268	13766267	172000	2	0	172000	102874	69126	14663	5292	6709	8720	6521	5107	6783	5812	6485	3051	5503	4441	7715	4348	4609	7113	6980	3990	918	5910	6077	4023	1216	5860	4615	4298	1097	4662	6551	4865	891	7173
chr6	13766268	13822211	55944	3	0	55944	31663	24281	4494	1569	2065	2437	2040	1761	2346	1759	1899	1111	2111	1325	2132	1299	1487	1826	2021	1450	416	1853	2163	1516	560	2164	1658	1728	573	1733	2065	1709	413	2259
chr6	13822213	13928268	106056	3	0	106056	61159	44897	7715	3056	4182	4970	4019	3380	4380	3644	3986	1905	3873	2725	4204	2398	2687	4033	4154	2631	588	3366	4008	2979	760	4068	3147	2854	659	3194	4115	3351	529	4494
chr6	13928269	14235268	307000	4	0	307000	176140	130860	21286	8773	12685	13807	11660	9650	13192	11166	12125	6126	11173	8168	11480	6551	7465	10832	12255	7406	1739	9700	12108	8878	1704	11599	9305	7830	1525	9218	11999	10175	1420	13998
chr6	14235269	14454268	219000	5	0	219000	125465	93535	14889	6219	9296	9730	8210	7108	9411	7840	8926	4492	7944	5702	8109	4497	5539	7551	8854	5413	1196	6853	8436	6449	1029	8787	6693	5447	901	6413	8586	7392	948	10138
chr6	14454269	14711268	257000	4	0	257000	146493	110507	17254	7332	10744	11342	9570	8141	11359	9293	10597	5178	9613	6767	9251	5207	6272	8572	10125	6281	1401	8051	10203	7604	1271	10122	7969	6481	1063	7779	10066	8834	1221	12035
chr6	14711269	14979268	268000	3	0	268000	149559	118441	18571	7608	10712	11044	10169	8675	12177	9079	10296	5428	10721	6868	8899	5285	6266	7760	10342	6817	1570	8267	11041	8250	1792	11053	8377	7701	1470	8447	10340	9368	1496	12109
chr6	14979269	15297268	318000	2	0	318000	173915	144085	23122	8531	11488	12561	11718	10921	14799	9687	10635	6255	13389	7919	10227	6444	7352	8867	11356	8572	2163	10060	13742	9861	2943	13458	9957	10743	2696	10334	12070	10828	2126	13174
chr6	15297269	15385268	88000	3	0	88000	50925	37075	6602	2731	3566	4071	3358	2901	3874	3005	3511	1689	2921	2190	3499	2083	2122	2802	3628	2219	542	3015	3426	2356	521	3209	2680	2169	453	2544	3403	2767	426	3715
chr6	15385269	16187268	802000	4	0	802000	464246	337754	57425	23770	32685	36864	30223	24668	34364	29201	31768	15795	28409	21132	31328	17688	20231	28693	32387	19392	4355	25789	30358	22069	4536	30038	24152	19866	3859	23849	31559	25674	3858	36013
chr6	16187269	16304268	117000	3	0	117000	62987	54013	7500	3269	4482	4407	4115	4143	5746	3470	4250	2424	4602	2722	3793	2304	2662	3097	4484	3210	853	3593	5017	4135	1181	4917	3704	3787	986	4147	4269	4118	776	4835
chr6	16304269	16600268	296000	4	0	296000	170134	125866	21201	8527	11936	13060	10704	9717	12702	11014	11564	5933	10468	7661	11254	6578	7517	10297	11986	7286	1839	9644	11346	8156	1762	11159	9255	7488	1527	8791	11550	9493	1554	13029
chr6	16600269	16729268	129000	3	0	129000	76562	52438	10214	3910	5178	6359	4843	4033	5202	4929	5115	2381	4302	3361	5489	2980	3277	4988	5316	2952	715	4321	4744	3048	667	4389	3807	2994	619	3706	5140	3853	623	5543
chr6	16729269	16930268	201000	2	0	201000	119647	81353	15983	5984	8434	10044	7826	5921	7780	7498	8307	3694	6851	5344	8329	4474	5327	7850	8149	4490	969	6465	7038	4915	1071	7045	5904	4461	956	5693	7933	6203	870	9190
chr6	16930269	17187268	257000	3	0	257000	152496	104504	19680	7664	10684	12616	10061	7433	10320	9626	10626	4907	8766	7321	10276	5552	6637	10325	10195	5898	1261	8203	9552	6340	1163	8978	7393	5644	1064	7193	10300	8151	1136	12033
chr6	17187269	17862268	675000	2	0	675000	391901	283099	54323	19442	25740	31461	25435	21345	28264	22580	24359	12738	24249	17690	26850	15507	17163	24753	26044	16614	4050	22324	26128	17383	4786	24476	19624	18283	4480	19871	25828	20493	3970	28745
chr6	17862269	18010268	148000	3	0	148000	86729	61271	11868	4417	5805	7023	5604	4669	6200	5110	5548	2798	5216	3751	6093	3394	3773	5460	5932	3571	721	5053	5458	3589	965	5282	4375	3719	914	4378	5818	4415	798	6281
chr6	18010269	18192268	182000	2	0	182000	104580	77420	14284	5153	6698	8466	6898	5956	7965	6100	6532	3395	6728	4750	6888	4040	4546	6180	6986	4612	1001	5945	7390	4717	1233	6728	5439	5096	1247	5620	7104	5642	1015	7644
chr6	18192269	18361268	169000	3	0	169000	98604	70396	13570	4961	6593	7987	6375	5208	7048	5704	6344	3161	6114	4435	6822	3876	4347	6057	6485	4136	903	5683	6364	4228	1125	6266	4844	4381	1032	4895	6642	5238	916	7258
chr6	18361269	18587268	226000	4	0	226000	135917	90083	17889	6726	9470	11528	8679	6582	8782	8503	9478	4098	7458	6293	9567	5330	6033	9500	9103	5285	999	7349	8011	5369	874	8025	6342	4699	740	5959	9090	6925	901	10411
chr6	18587269	18702268	115000	5	0	115000	70556	44444	9232	3404	5079	6243	4673	3169	4196	4557	5052	2079	3682	3308	5002	2595	3207	5076	4653	2386	387	3822	3887	2458	286	3748	3235	2141	258	3062	4820	3394	375	5532
chr6	18702269	18972268	270000	6	0	270000	170853	99147	23175	8308	11610	16011	10921	6975	8901	10960	11668	4656	7814	7743	13340	6796	7684	14290	11419	5608	919	8789	8509	5067	682	8200	6882	4320	538	6332	10948	7462	783	12688
chr6	18972269	20089268	1117000	5	0	1117000	682791	434209	91531	34121	46452	60631	44532	31363	41030	43644	46950	20045	34829	30885	49722	26552	30270	50234	46659	24576	4835	36011	38445	24549	4564	35845	30861	21865	4063	29225	44603	32413	4194	51499
chr6	20089269	20182268	93000	4	0	93000	54169	38831	6941	2855	3646	4345	3516	2866	3938	3404	3654	1751	3310	2407	3676	2183	2413	3262	3739	2249	536	3131	3544	2374	495	3455	2802	2259	428	2697	3639	2986	471	4026
chr6	20182269	20545268	363000	3	0	363000	208757	154243	26799	10315	14225	16562	13664	11690	15381	12333	13663	7009	13031	9489	13775	8189	9610	13022	14127	9168	1978	11930	14276	9993	2482	13574	10705	9720	2156	10940	13959	11444	1986	15803
chr6	20545269	20683268	138000	4	0	138000	85985	52015	12447	4298	5585	7784	5384	3780	4936	5160	5451	2319	4093	3885	6832	3616	3876	6537	5732	2929	597	4755	4515	2643	561	4317	3632	2728	496	3362	5382	3736	574	6056
chr6	20683269	20774268	91000	5	0	91000	56812	34188	8421	2888	3869	4943	3498	2547	3283	3494	3711	1585	2674	2362	4490	2521	2449	4075	3956	1984	376	3225	2943	1773	314	2793	2321	1689	250	2232	3602	2377	328	4025
chr6	20774269	21073268	299000	6	0	299000	186789	112211	26501	9483	12214	17060	11722	8266	10862	11461	12116	5071	8596	8207	14919	7794	8280	14235	12596	6316	1386	10316	9703	5643	1052	8949	7960	5623	1035	7642	12053	7765	1127	13045
chr6	21073269	21166268	93000	5	0	93000	57139	35861	8053	2965	3944	4917	3550	2554	3514	3423	3745	1700	2804	2403	4530	2370	2637	4029	3915	1979	425	3269	3005	2017	376	3054	2504	1833	299	2532	3617	2623	368	4044
chr6	21166269	21889268	723000	4	0	723000	416174	306826	56291	20601	28311	33239	27007	22863	30195	24362	27328	13485	26474	19049	27816	15916	18158	25078	27412	18017	4330	23105	27863	19818	5487	27213	21340	19634	4844	21426	27813	22912	4217	31394
chr6	21889269	21975314	86046	5	0	86046	50390	35656	6734	2464	3334	4147	3190	2769	3587	3044	3188	1574	3020	2336	3567	2038	2224	3173	3405	2103	467	2870	3205	2045	549	3161	2501	2205	483	2543	3480	2608	439	3591
chr6	21975317	22054270	78954	5	0	78954	47264	31690	6467	2349	3311	3922	2919	2320	3183	2913	3309	1373	2661	2164	3354	1883	2038	3097	3249	1789	379	2508	2845	1742	346	2859	2230	1737	319	2180	3012	2524	324	3646
chr6	22054271	23036706	982436	6	0	982436	613711	368725	84284	30493	40663	56909	39356	26460	34340	38960	41452	17108	28829	27642	47257	23915	27169	48873	41228	20348	4285	32115	31798	19207	3401	30048	26235	17848	2900	24279	39855	27050	3568	44559
chr6	23036708	23452271	415564	6	0	415564	261327	154237	35551	12855	17307	24657	16926	10787	14449	16639	17672	7218	11801	11907	20221	10443	11595	21299	17606	8503	1653	13541	13282	8012	1201	12539	11048	7105	1018	10129	16864	11415	1376	18943
chr6	23452272	24197271	745000	5	0	745000	465025	279975	62784	22896	31430	42810	29812	19823	26217	29795	31990	13150	22059	21240	35333	18323	21003	36359	31320	15323	3115	24433	24231	14536	2210	22809	19941	13028	1965	18624	30155	20899	2542	34843
chr6	24197272	24301271	104000	4	0	104000	63522	40478	8737	3101	4293	5609	4105	3049	3965	3962	4129	1861	3224	2927	4769	2543	2810	4436	4396	2303	435	3420	3552	2296	364	3382	2931	2064	326	2867	4202	2931	385	4624
chr6	24301272	24770271	469000	3	0	469000	274580	194420	37576	13765	18627	21956	17587	14334	19399	16024	17570	8651	16510	12154	19191	10915	12176	18144	18252	11377	2595	15441	17643	11916	2919	17344	13659	12027	2701	13661	17791	14502	2325	20266
chr6	24770272	25169271	399000	4	0	399000	235777	163223	30896	11862	16301	19586	15714	12019	15974	14394	15693	7437	13537	10695	16343	9240	10592	15493	15978	9684	1981	12915	14753	9898	1968	14530	11649	9244	1813	11448	15721	12323	1806	17511
chr6	25169272	25273271	104000	3	0	104000	62802	41198	8365	3138	4246	5413	4093	3093	4085	3708	4223	1870	3498	2811	4481	2326	2856	4594	4257	2342	424	3404	3749	2371	380	3517	2841	2230	353	2928	4132	3074	359	4837
chr6	25273272	25406271	133000	4	0	133000	78178	54822	10248	3998	5569	6163	5047	4135	5515	4709	5232	2497	4582	3494	5450	3049	3624	4864	5363	3119	605	4592	4879	3337	645	4837	3905	3168	635	3932	5259	4074	543	5929
chr6	25406272	25687271	281000	5	0	281000	171418	109582	23037	8561	12089	14916	10641	7905	10809	10557	11725	5155	8952	7649	13199	6635	7681	11905	11361	6152	1169	9574	9455	6242	947	9521	7715	5527	859	7579	11381	8244	999	12857
chr6	25687272	26008271	321000	6	0	321000	195497	125503	25864	9846	13313	17026	12516	8998	12154	12248	13174	5911	10256	8799	14496	7731	8713	14450	13353	7029	1390	10714	11252	7060	1276	10671	8568	6534	1111	8405	12743	9636	1115	14646
chr6	26008272	26030271	22000	5	0	22000	12750	9250	1729	721	891	1017	876	622	873	671	820	434	710	517	934	506	573	855	826	551	216	690	770	543	216	775	628	569	260	724	818	641	164	858
chr6	26030272	26195271	165000	6	0	165000	96466	68534	13031	4888	6545	8115	6217	4830	6511	5436	6307	3166	5642	4220	7023	3811	4358	6364	6274	3928	1095	5398	5980	4153	1445	5942	4520	4437	1390	4637	6220	5002	1034	7079
chr6	26195272	26284271	89000	5	0	89000	51063	37937	6942	2697	3580	4179	3431	2553	3473	2757	3392	1705	3003	2217	3632	2072	2287	3141	3281	2088	810	2848	3158	2254	1045	3224	2556	2596	1060	2700	3220	2743	783	3571
chr6	26284272	26575271	291000	4	0	291000	163767	127233	19973	8359	11666	12164	10505	9140	12919	9721	11530	5900	11537	7583	10153	6147	7138	9330	11079	7277	1783	9407	11362	8768	2111	11833	8675	7876	1876	8635	11169	10153	1844	13385
chr6	26575272	26670653	95382	5	0	95382	56802	38580	7789	2895	3831	4808	3732	2743	3642	3337	3839	1766	3138	2582	3963	2317	2531	3889	3849	2217	483	3172	3391	2304	674	3309	2551	2182	634	2488	3663	2975	513	4173
chr6	26670654	26670670	17	6	0	17	10	7	0	0	0	0	0	1	0	5	0	0	0	1	0	2	0	0	3	0	0	0	0	0	0	0	2	0	0	0	0	0	0	1
chr6	26670672	26670685	14	6	0	14	8	6	0	0	0	0	0	3	0	1	0	0	0	0	0	3	0	1	4	0	0	0	0	0	0	0	0	0	0	0	0	0	0	0
chr6	26670686	26670771	86	6	0	86	54	32	0	1	0	1	0	11	1	12	1	0	0	1	1	9	1	13	15	1	4	1	0	0	0	1	8	0	0	0	1	0	0	1
chr6	26670772	26670806	35	6	0	35	20	15	1	1	0	0	0	3	1	3	1	0	0	1	0	5	1	2	4	0	4	0	0	0	0	0	4	0	0	0	0	0	0	2
chr6	26670807	26670818	12	5	0	12	7	5	0	0	0	0	0	3	0	0	0	0	0	0	0	2	0	0	3	0	2	0	0	0	0	0	0	0	0	0	0	0	0	0
chr6	26670829	26670934	106	6	0	106	64	42	1	0	1	1	1	11	1	19	0	1	0	2	1	10	4	9	19	0	1	2	0	0	0	1	14	1	1	0	0	0	0	3
chr6	26670937	26672246	1310	6	0	1310	755	555	82	32	51	51	48	48	55	65	52	22	45	41	35	39	34	53	68	34	10	29	43	25	9	49	49	25	7	47	56	42	2	60
chr6	26672247	26672321	75	5	0	75	50	25	8	0	5	8	4	1	1	3	4	2	1	3	4	0	2	2	2	0	0	1	1	2	0	3	3	2	0	1	4	2	0	4
chr6	26672322	26672483	162	6	0	162	107	55	17	8	5	11	8	4	5	4	5	3	5	3	10	5	5	8	11	2	1	6	3	2	1	4	4	3	0	1	3	3	1	9
chr6	26672484	26672737	254	5	0	254	169	85	31	8	13	14	8	6	8	13	12	2	7	8	14	4	5	15	8	6	0	6	8	1	0	8	5	1	0	12	13	9	0	7
chr6	26672738	26672831	94	6	0	94	57	37	14	4	3	3	4	6	2	2	2	1	3	2	4	1	4	1	5	4	2	1	4	1	0	2	3	1	0	4	2	2	0	5
chr6	26672832	26672885	54	5	0	54	39	15	3	2	0	7	2	2	1	6	4	0	1	2	3	2	0	3	5	0	0	1	1	0	0	0	0	0	0	0	6	1	0	0
chr6	26672886	26673258	373	6	0	373	222	151	35	5	18	21	12	22	15	10	16	9	9	10	17	4	7	10	21	6	3	10	12	11	0	14	13	7	3	7	13	13	0	18
chr6	26673259	26673312	54	5	0	54	26	28	2	0	4	1	0	0	4	0	4	0	3	3	1	1	2	0	0	0	0	1	0	3	1	3	2	3	1	4	3	1	0	5
chr6	26673313	26673361	49	6	0	49	26	23	2	2	3	0	1	3	3	0	2	0	0	2	2	0	1	3	3	2	0	1	3	2	0	4	0	2	0	2	1	3	0	0
chr6	26673362	26675714	2353	5	0	2353	1503	850	193	81	117	137	100	60	84	87	111	49	59	67	124	56	59	119	117	51	5	73	67	33	5	59	58	24	5	65	88	57	19	122
chr6	26675715	26676271	557	6	0	557	378	179	66	17	21	42	25	6	14	20	22	14	19	11	33	14	16	36	19	11	1	20	18	5	2	13	10	4	1	9	18	18	2	28
chr6	26676272	26676601	330	6	0	330	196	134	22	7	15	19	16	10	15	7	14	12	11	7	11	11	7	11	18	6	1	15	11	9	2	9	5	8	0	5	15	9	1	19
chr6	26676602	26676665	64	6	0	64	29	35	0	1	1	0	1	4	4	2	2	0	4	3	0	3	2	1	2	4	0	2	4	1	0	4	2	1	1	4	3	4	1	1
chr6	26676666	26677322	657	6	0	657	380	277	60	16	25	31	20	27	33	11	16	11	27	11	36	17	15	22	22	23	3	23	23	17	7	25	22	17	4	25	24	15	0	27
chr6	26677323	26677399	77	6	0	77	51	26	11	2	2	4	4	1	2	3	2	3	2	1	3	3	4	2	2	0	0	7	2	1	0	2	2	2	0	0	4	2	0	2
chr6	26677400	26677442	43	6	0	43	26	17	6	4	1	0	1	0	3	1	2	0	1	1	2	0	0	4	2	0	0	2	2	3	0	2	0	0	0	0	1	3	0	0
chr6	26677443	26677883	441	6	0	441	254	187	23	10	25	18	18	17	20	13	27	12	15	12	8	11	14	11	16	9	3	21	14	6	3	15	12	5	0	15	25	18	0	23
chr6	26677884	26677917	34	6	0	34	22	12	2	0	0	4	0	1	2	1	1	0	2	4	3	0	0	1	1	0	0	0	2	1	0	0	0	0	0	0	2	2	0	3
chr6	26677918	26677994	77	6	0	77	41	36	1	4	3	2	3	1	6	1	4	2	6	1	2	1	2	1	3	2	1	2	1	0	0	5	3	2	0	3	4	2	1	6
chr6	26677995	26678096	102	6	0	102	65	37	8	2	5	7	4	3	3	5	4	2	2	3	6	3	2	5	7	2	1	1	0	1	2	3	2	1	1	4	5	2	0	4
chr6	26678097	26697114	19018	6	0	19018	11702	7316	1635	566	846	1041	762	559	730	684	872	356	595	555	820	425	465	790	851	394	77	584	584	364	81	610	501	322	77	492	799	558	71	950
chr6	26697115	26725482	28368	6	0	28368	16752	11616	2154	855	1279	1324	1065	888	1095	937	1346	586	978	804	1046	648	733	1013	1192	595	254	936	890	620	226	944	766	527	186	765	1137	938	200	1439
chr6	26726439	26726548	110	6	0	110	87	23	20	3	2	14	6	1	0	4	4	1	1	2	9	5	5	8	5	2	0	3	2	0	0	1	1	0	0	1	4	1	0	3
chr6	26726816	26726869	54	6	0	54	38	16	7	3	3	3	1	1	0	0	2	1	2	0	6	2	4	1	2	2	0	3	1	0	0	3	0	0	0	0	0	2	0	3
chr6	26726888	26726947	60	6	0	60	41	19	3	0	4	5	4	1	1	1	0	1	1	3	5	4	1	5	2	3	0	1	2	1	0	2	0	0	0	2	3	1	0	2
chr6	26726948	26726981	34	6	0	34	19	15	1	3	0	1	1	0	3	0	3	2	0	1	0	0	2	2	2	1	0	1	2	0	1	0	0	0	0	0	0	2	0	4
chr6	26727030	26727098	69	6	0	69	43	26	10	3	1	3	2	1	2	4	2	1	2	2	4	2	1	1	2	2	0	3	3	3	0	4	1	1	0	0	3	4	0	0
chr6	26727284	26731350	4067	6	0	4067	2336	1731	292	107	192	178	145	117	141	136	192	66	169	108	141	101	112	138	155	81	30	125	123	111	43	163	116	90	37	121	145	157	28	205
chr6	26731351	26732077	727	6	0	727	497	230	55	26	53	45	24	16	12	34	52	8	15	12	47	26	20	51	37	11	3	25	13	7	0	14	12	7	1	12	24	9	6	48
chr6	26732080	26737000	4921	6	0	4921	2751	2170	372	142	179	228	159	140	200	155	207	103	195	133	182	93	109	152	169	114	49	146	184	166	67	181	126	122	68	140	176	196	50	216
chr6	26737024	26737124	101	6	0	101	63	38	6	1	5	9	5	0	0	10	9	2	3	1	1	3	4	2	3	0	0	3	2	2	1	3	4	2	0	2	7	4	1	4
chr6	26738176	26741571	3396	6	0	3396	1989	1407	143	80	91	102	104	217	102	309	89	56	78	63	81	188	57	228	337	62	63	78	89	49	14	82	214	51	20	61	92	72	15	107
chr6	26741673	26741799	127	6	0	127	81	46	17	2	5	9	3	4	1	5	7	3	4	1	7	3	3	5	4	5	0	3	5	3	1	6	1	0	3	0	3	7	0	5
chr6	26741800	26748057	6258	6	0	6258	3536	2722	432	175	239	284	196	178	264	206	255	136	241	174	247	143	142	224	256	144	48	184	219	199	74	236	159	145	74	176	209	241	66	290
chr6	26748058	26748381	324	6	0	324	224	100	30	8	42	16	6	3	6	9	39	1	7	7	20	7	5	16	8	2	1	8	2	4	0	6	7	1	0	6	7	5	3	40
chr6	26748403	26751055	2653	6	0	2653	1550	1103	187	82	137	110	93	80	92	85	138	43	95	81	98	59	69	100	106	56	19	82	76	59	33	96	71	57	20	70	97	92	22	146
chr6	26751090	26751149	60	6	0	60	41	19	3	0	4	5	4	1	1	1	0	1	1	3	5	4	1	5	2	3	0	1	2	1	0	2	0	0	0	2	3	1	0	2
chr6	26751151	26751160	10	6	0	10	7	3	0	0	2	0	1	0	0	0	0	1	0	0	1	0	0	0	0	0	0	1	0	0	0	0	0	0	0	0	1	0	0	1
chr6	26751168	26751221	54	6	0	54	38	16	7	3	3	3	1	1	0	0	2	1	2	0	6	2	4	1	2	2	0	3	1	0	0	3	0	0	0	0	0	2	0	3
chr6	26751223	26751267	45	6	0	45	31	14	6	3	3	3	4	0	2	0	3	2	0	0	2	1	0	1	5	0	0	0	0	0	0	1	0	0	0	2	2	1	0	2
chr6	26751268	26751281	14	6	0	14	12	2	6	2	0	0	2	0	0	0	0	0	0	0	0	0	0	0	2	0	0	0	0	0	0	0	0	0	0	0	0	0	0	0
chr6	26751282	26751343	62	6	0	62	41	21	9	2	0	3	4	0	3	0	1	0	3	5	1	2	3	4	2	0	0	2	2	2	0	1	1	0	0	1	2	3	0	4
chr6	26751344	26751465	122	6	0	122	84	38	12	4	3	12	6	4	4	1	5	1	3	4	8	4	5	7	5	4	0	3	3	0	0	3	4	1	0	1	4	1	0	8
chr6	26751467	26751576	110	6	0	110	87	23	20	3	2	14	6	1	0	4	4	1	1	2	9	5	5	8	5	2	0	3	2	0	0	1	1	0	0	1	4	1	0	3
chr6	26751578	26751623	46	6	0	46	33	13	4	0	2	4	1	1	2	3	0	1	0	1	5	2	1	4	4	0	0	1	0	0	0	0	3	0	0	3	1	0	0	1
chr6	26751632	26763500	11869	6	0	11869	6908	4961	757	355	444	497	412	476	386	672	496	232	329	291	389	394	278	498	682	265	162	348	365	285	101	357	488	190	108	262	411	368	99	470
chr6	26763501	26764675	1175	6	0	1175	717	458	85	37	48	59	38	29	39	62	50	23	42	36	57	34	30	47	51	19	10	42	42	28	2	40	25	21	1	25	50	44	5	52
chr6	26764676	26774404	9729	6	0	9729	5594	4135	719	275	429	451	328	273	353	325	455	177	378	253	372	221	242	341	361	207	82	296	320	283	110	358	254	220	106	274	345	361	84	474
chr6	26774405	26774522	118	6	0	118	79	39	20	1	10	4	2	2	5	6	8	1	1	4	4	3	1	6	4	1	0	2	2	1	0	3	5	2	0	5	4	2	0	7
chr6	26774523	26774586	64	6	0	64	48	16	7	5	4	4	5	1	0	1	1	0	0	2	7	4	0	5	3	1	4	2	1	0	0	0	0	0	0	2	3	0	0	0
chr6	26774587	26774667	81	6	0	81	53	28	11	4	1	5	2	1	2	5	2	1	3	2	6	2	2	2	2	2	0	4	3	3	0	4	1	1	0	0	4	4	0	0
chr6	26774668	26774737	70	6	0	70	43	27	4	4	0	3	2	1	5	3	3	4	1	2	2	2	2	4	5	3	2	2	3	0	0	1	0	0	0	0	3	2	0	5
chr6	26774738	26774871	134	6	0	134	90	44	10	3	9	9	6	3	2	2	2	5	3	4	13	6	6	7	5	6	0	5	3	1	0	6	0	0	0	2	5	3	0	6
chr6	26774872	26774919	48	6	0	48	34	14	8	3	2	3	5	0	2	0	2	2	0	0	2	2	1	1	6	0	0	0	0	0	0	1	0	0	0	2	1	1	0	2
chr6	26774920	26774939	20	6	0	20	16	4	7	2	1	0	2	0	0	0	2	0	0	0	0	0	0	0	2	0	0	0	0	0	0	0	0	0	0	0	0	0	0	2
chr6	26774947	26775013	67	6	0	67	44	23	9	2	0	4	4	0	3	0	1	0	3	6	1	2	3	4	2	0	0	2	2	3	0	2	1	0	0	1	2	4	0	4
chr6	26775015	26775136	122	6	0	122	81	41	11	3	6	8	7	3	4	2	4	3	2	5	6	5	4	7	8	3	0	3	2	0	0	5	2	1	0	3	5	3	0	5
chr6	26775137	26775248	112	6	0	112	87	25	20	3	2	14	6	1	1	4	4	1	1	2	9	6	5	8	5	2	0	3	2	0	0	1	1	0	0	1	4	1	0	3
chr6	26775249	26775294	46	6	0	46	33	13	4	0	2	4	1	1	2	3	0	1	0	1	5	2	1	4	4	0	0	1	0	0	0	0	3	0	0	3	1	0	0	1
chr6	26775303	26776203	901	6	0	901	573	328	72	25	37	65	35	25	26	38	47	16	25	24	45	27	26	39	37	15	7	33	26	15	3	19	28	7	6	19	33	26	10	43
chr6	26776204	26791118	14915	6	0	14915	8691	6224	1115	444	705	669	556	462	561	472	732	314	521	420	530	329	380	481	592	324	145	488	460	356	147	515	412	284	112	400	587	513	124	763
chr6	26791221	26791297	77	6	0	77	41	36	1	4	3	2	3	1	6	1	4	2	6	1	2	1	2	1	3	2	1	2	1	0	0	5	3	2	0	3	4	2	1	6
chr6	26791332	26791393	62	6	0	62	40	22	5	1	4	5	4	3	2	1	3	0	0	3	3	1	3	1	2	0	0	3	1	0	0	1	3	0	0	5	3	2	0	1
chr6	26791407	26791699	293	6	0	293	163	130	12	5	18	13	11	10	13	9	22	11	9	6	3	5	8	6	10	8	2	11	11	6	2	14	6	4	0	8	17	15	0	16
chr6	26815025	26815076	52	6	0	52	32	20	4	2	1	1	3	3	1	3	1	2	3	2	0	2	2	2	4	0	0	3	1	0	0	0	2	0	0	0	3	1	0	4
chr6	26815121	26815197	77	6	0	77	51	26	11	2	2	4	4	1	2	3	2	3	2	1	3	3	4	2	2	0	0	7	2	1	0	2	2	2	0	0	4	2	0	2
chr6	26815839	26815902	64	6	0	64	29	35	0	1	1	0	1	4	4	2	2	0	4	3	0	3	2	1	2	4	0	2	4	1	0	4	2	1	1	4	3	4	1	1
chr6	26816814	26819181	2368	6	0	2368	1518	850	201	82	111	146	108	52	84	93	104	45	58	70	127	60	56	121	110	54	5	70	72	37	8	63	64	24	6	58	90	66	3	118
chr6	26819232	26819285	54	6	0	54	26	28	2	0	4	1	0	0	4	0	4	0	3	3	1	1	2	0	0	0	0	1	0	3	1	3	2	3	1	4	3	1	0	5
chr6	26820554	26820607	54	6	0	54	39	15	3	2	0	7	2	2	1	6	4	0	1	2	3	2	0	3	5	0	0	1	1	0	0	0	0	0	0	0	6	1	0	0
chr6	26820696	26820949	254	6	0	254	167	87	31	8	12	14	9	6	8	12	12	2	8	8	12	5	5	14	8	6	1	6	7	1	1	8	5	1	0	12	14	9	0	7
chr6	26821112	26821186	75	6	0	75	50	25	8	0	5	8	4	1	1	3	4	2	1	3	4	0	2	2	2	0	0	1	1	2	0	3	3	2	0	1	4	2	0	4
chr6	26831001	26964720	133720	6	0	133720	82587	51133	11107	4071	4966	7709	5211	3942	4822	5394	5102	2409	3912	3676	6433	3323	3674	6835	5921	2794	670	4360	4385	2875	651	4036	3815	2649	546	3331	5248	3629	575	5647
chr6	26964721	27336720	372000	5	0	372000	222417	149583	30753	11114	14887	19331	14314	10407	13823	12580	14924	6918	12571	9942	16094	8590	9667	16501	14427	8332	2275	11996	12816	8803	2899	12532	9842	8630	2793	9883	14039	11285	2493	16537
chr6	27336721	27509720	173000	6	0	173000	102820	70180	13435	5163	7175	8682	6649	4919	6669	6110	7113	3216	5858	4542	7258	4146	4644	7240	6716	4056	853	5820	6126	4289	1117	6111	4711	4078	970	4603	6794	5220	904	7811
chr6	27509721	27771720	262000	5	0	262000	150602	111398	21132	7610	9948	12278	9881	7836	10669	7977	10003	5085	9801	6860	9953	5752	6548	9267	9709	6304	1856	8415	9627	6899	2633	9666	7303	7181	2639	7417	9724	8441	2116	11468
chr6	27771721	27798266	26546	6	0	26546	15407	11139	2121	826	1130	1195	972	791	1020	918	1079	509	939	683	1100	563	645	916	1002	692	214	781	938	782	199	999	769	599	179	773	992	846	192	1180
chr6	27798268	28272154	473887	6	0	473887	284751	189136	37814	13878	19749	24676	18079	13416	17703	16963	19301	8856	15389	12968	20923	11266	12808	20961	18707	10545	2475	15690	16454	11144	3019	15995	12451	10615	2851	12675	18548	14308	2369	21289
chr6	28272156	28620722	348567	6	0	348567	207399	141168	27034	10518	14520	17165	13362	10151	13830	12294	14177	6610	11714	9463	14665	8123	9202	14570	13912	8045	1731	11714	12464	8443	2000	12217	9646	7770	1749	9512	13615	10866	1660	15823
chr6	28620723	29053722	433000	5	0	433000	250671	182329	34226	12959	16813	20355	16499	12979	17241	13745	17062	8340	15721	11421	16567	9773	10876	16092	16569	10532	3153	13797	15909	11101	4162	15468	11858	10998	3978	12260	16128	14009	3281	19126
chr6	29053723	29114722	61000	6	0	61000	39257	21743	5529	1971	2502	3812	2483	1589	1874	2639	2643	983	1582	1790	3158	1608	1693	3399	2695	1214	236	2006	1895	1087	156	1647	1479	887	141	1301	2516	1597	189	2697
chr6	29114723	29201722	87000	7	0	87000	54311	32689	7325	2858	3505	4919	3568	2376	2945	3750	3656	1495	2301	2462	4059	2236	2478	4377	3835	1904	345	2881	2954	1771	328	2538	2414	1511	274	2019	3436	2404	283	3791
chr6	29201723	29375722	174000	8	0	174000	109062	64938	15054	5377	7169	10136	7095	4598	6023	7060	7388	3039	4990	5123	8197	4171	4789	8851	7242	3724	655	5564	5940	3472	494	5199	4544	2965	387	4212	7050	4944	550	7996
chr6	29375723	29552722	177000	7	0	177000	104257	72743	12685	5161	7218	8601	6673	5248	7527	6782	7439	3616	6050	4931	6868	3809	4449	7200	7378	4177	742	5537	6829	4833	598	6572	4866	3936	502	4736	7156	5886	594	8399
chr6	29552723	29647722	95000	6	0	95000	52291	42709	6029	2577	3854	3758	3346	3014	4231	3228	3701	1867	3966	2432	3142	1997	2293	2856	3431	2509	523	2992	3915	3432	723	4071	2896	2701	670	2878	3577	3498	488	4403
chr6	29647723	29886722	239000	5	0	239000	130516	108484	15052	6239	8834	9644	8286	8147	11402	8442	9069	5147	9694	6190	7363	4569	5366	7070	9342	6280	1236	7244	10112	8502	1915	10346	7557	7013	1652	7184	9266	9080	1233	10522
chr6	29886723	30102722	216000	4	0	216000	118811	97189	13191	5796	8214	8728	7446	7350	9887	7791	8386	4813	8360	5784	6906	4158	5033	6966	8705	5683	1195	6534	8922	7981	1673	9237	6447	5819	1484	6166	8400	8330	1056	9557
chr6	30102723	30399722	297000	3	0	297000	169472	127528	21191	8404	11671	13094	10938	9380	12994	10292	11683	6161	10981	7835	10548	6413	7460	10425	11789	7525	1504	9541	11632	8842	2038	11622	8675	7540	1706	8453	11508	10227	1436	13490
chr6	30399723	30529722	130000	2	0	130000	72535	57465	9176	3699	4828	5486	4809	4128	5788	4413	4972	2731	4866	3522	4232	2561	3084	4239	4970	3421	784	3945	5373	4255	1165	5214	3843	3630	1033	3740	4951	4701	772	5667
chr6	30529723	31018722	489000	1	0	489000	252547	236453	28517	11894	17857	15678	16226	17223	25061	14501	16644	10683	22555	11993	12559	9215	10762	11178	16760	14147	3202	14906	23046	20079	5050	23005	15424	17673	4450	16835	17781	19281	3324	21489
chr6	31018723	31402722	384000	2	0	384000	207834	176166	24157	10097	14390	14729	13179	13220	18709	12324	13961	8371	15936	9714	12075	7417	8779	10775	14116	10714	2337	11937	16850	13594	3255	16674	11911	11878	2685	12232	14555	14187	2269	16971
chr6	31402723	32151722	749000	1	0	749000	368823	380177	38486	17193	25313	21016	23089	27426	40176	21061	23855	17436	35934	17462	16578	12741	14778	16277	24770	22707	5803	21516	36399	37586	10102	38136	24129	30256	8239	25846	26455	31674	5856	30703
chr6	32151723	32280722	129000	2	0	129000	67024	61976	7575	3239	4723	4366	4392	4496	6350	3885	4550	2770	5641	3101	3386	2360	2796	3394	4476	3823	749	3816	6016	6068	1251	6153	3993	4465	1062	4040	4638	5133	790	5501
chr6	32280723	32397722	117000	3	0	117000	71657	45343	9800	3499	5027	6342	4371	3205	4241	4146	5034	2040	3875	3200	5463	2796	3249	5368	4634	2488	460	3958	3863	2716	512	4099	2959	2337	400	2766	4507	3649	426	5568
chr6	32397723	32583722	186000	4	0	186000	109597	76403	14066	5516	7280	9268	7131	5602	7570	6862	7537	3718	6555	5073	7396	4073	4722	7227	7743	4276	973	5916	6783	4720	1072	6730	5296	4053	921	5036	7343	6256	838	8446
chr6	32583723	32696722	113000	5	0	113000	66970	46030	8516	3287	4458	5788	4223	3328	4454	4264	4540	2295	3841	3053	4770	2632	2910	4609	4704	2601	525	3713	4078	3070	726	3964	3027	2512	543	2838	4460	3655	466	5148
chr6	32696723	32831722	135000	4	0	135000	81030	53970	10262	3927	5702	7021	5032	3863	5257	5139	5778	2662	4499	3684	5840	3149	3562	5652	5584	3023	657	4337	4701	3373	555	4780	3670	2738	499	3429	5335	4275	539	6474
chr6	32831723	33107722	276000	3	0	276000	159219	116781	19933	7937	10972	12814	10195	8192	11280	9900	11146	5456	10104	7280	10382	6084	6974	10570	10770	6717	1448	8734	10562	8542	1847	10671	7720	6722	1654	7407	10515	9641	1311	12518
chr6	33107723	33198722	91000	2	0	91000	46358	44642	4725	2155	3378	2892	2770	3183	4708	2806	3274	2140	4277	2180	2381	1510	1865	2114	3174	2700	517	2597	4248	4734	811	4716	2709	3141	597	2825	3335	3933	513	4090
chr6	33198723	34731722	1533000	1	0	1533000	770350	762650	83137	35854	52764	46506	48704	57791	83307	45162	48112	33442	69905	35286	38308	26518	31300	34254	54467	44575	10458	44105	73607	71237	17068	76066	52561	62028	14589	55142	54328	60138	10317	61962
chr6	34731723	35026722	295000	2	0	295000	168127	126873	22598	8303	11453	12722	10927	9300	12929	9483	10422	5590	11252	7620	11129	6659	7665	10075	10949	7444	1589	9870	11790	8106	2107	11667	8606	8645	1957	9257	11294	9475	1611	12504
chr6	35026723	35551722	525000	1	0	525000	270349	254651	29923	13250	19248	16482	17330	18472	28089	15457	17600	11376	23196	12356	14050	9495	11722	12301	18413	15019	3263	15898	24506	22458	4985	25419	17221	19858	4396	18687	19208	20033	3036	22251
chr6	35551723	35674722	123000	2	0	123000	72400	50600	10242	3535	4847	5800	4556	3784	5119	3961	4446	2222	4381	3176	5179	3012	3358	4781	4762	2900	627	4263	4639	3049	719	4423	3419	3196	660	3717	4600	3685	638	5302
chr6	35674723	35815722	141000	1	0	141000	73862	67138	8806	3602	4933	4886	4808	5018	7033	4227	4544	2860	6122	3290	4069	2757	3191	3715	5034	3929	927	4348	6378	5579	1498	6520	4685	5267	1402	4754	4989	5200	971	5656
chr6	35815723	36356722	541000	2	0	541000	305722	235278	38871	15280	21157	23147	19952	17368	24307	18143	19929	10496	20420	13863	19703	11593	13617	17875	20897	13695	2740	17404	21902	16649	3620	21751	16465	15614	3050	16781	20506	17964	2674	23565
chr6	36356723	36771722	415000	1	0	415000	223216	191784	27840	10705	15007	15719	14449	14545	20389	12541	13847	8437	17366	10121	13135	8336	9628	11149	15028	11413	2526	13057	18363	14778	3711	18466	13033	14506	3330	13801	15500	14621	2585	17066
chr6	36771723	36800143	28421	2	0	28421	13841	14580	1320	644	925	797	811	1148	1666	807	934	673	1355	674	621	393	550	522	1003	876	207	772	1460	1585	278	1468	919	1098	195	1082	1049	1232	180	1175
chr6	36800145	36897723	97579	2	0	97579	51750	45829	5798	2574	3678	3453	3365	3235	4877	3115	3427	2090	4294	2402	2913	1893	2190	2446	3535	2620	627	3010	4282	3740	790	4602	3069	3346	762	3231	3706	3709	603	4195
chr6	36897724	37027723	130000	1	0	130000	66151	63849	7053	3208	4725	3973	4160	4831	7078	3917	4540	2866	5752	2981	3206	2310	2667	2883	4847	3799	802	3767	6145	5818	1289	6443	4338	4996	1038	4426	4656	5081	817	5586
chr6	37027724	37645723	618000	2	0	618000	329711	288289	38600	15937	22843	21843	21123	21798	30910	19441	21061	12812	26439	15153	18440	12102	14101	17107	22775	16803	3709	19362	27313	23006	5291	27652	20169	21177	4688	20878	23015	22275	3774	26401
chr6	37645724	37803723	158000	1	0	158000	79118	78882	7823	3728	5585	4719	4988	5702	8732	4870	5120	3459	7533	3746	3924	2659	3302	3227	5475	4499	920	4654	7514	7452	1607	7951	5569	6242	1369	5770	5734	6330	1018	6777
chr6	37803724	38008723	205000	2	0	205000	124650	80350	17800	6432	8273	10644	8023	6032	7910	7231	7961	3655	6415	5365	9365	5355	5691	8497	8568	4665	998	7243	7082	4462	959	6685	5474	4399	887	5532	8072	5662	832	8829
chr6	38008724	38143723	135000	3	0	135000	82019	52981	10997	4112	5840	6791	5057	3789	5274	4945	5427	2449	4301	3595	6259	3619	3759	5805	5613	2999	615	4742	4504	2930	577	4510	3713	2729	505	3770	5235	3863	523	6151
chr6	38143724	38699723	556000	4	0	556000	327376	228624	42492	16214	22620	26441	20589	16553	23426	19576	21632	10463	19262	14795	23054	13250	15086	21922	22158	12972	2596	18753	20398	14319	2729	20508	16013	13467	2437	16121	21576	17196	2368	25012
chr6	38699724	38821723	122000	3	0	122000	73857	48143	10234	3778	4971	6362	4795	3454	4627	4492	4885	2203	3884	3278	5431	2924	3264	5274	4869	2834	555	4101	4297	2964	578	4071	3427	2524	479	3194	4775	3588	506	5380
chr6	38821724	39070723	249000	4	0	249000	147070	101930	18837	7205	10194	12321	9532	7535	10068	9318	9988	4811	8475	6813	10200	5598	6306	9868	10048	5914	1199	7988	9231	6725	1184	9021	7188	5619	894	6831	9985	7903	995	11204
chr6	39070724	39200723	130000	3	0	130000	70281	59719	7730	3408	5192	4855	4577	4365	6358	4446	5007	2797	5414	3283	3871	2469	3029	3479	4985	3441	693	3920	5604	4968	801	5871	4130	3950	656	4198	5026	4885	586	6004
chr6	39200724	39330723	130000	2	0	130000	65002	64998	6027	3164	4705	3701	4254	4725	7280	4073	4319	2909	6022	3036	2997	2289	2706	2794	4659	3855	765	3808	6454	6109	1154	6590	4538	5077	995	4707	4682	5266	730	5608
chr6	39330724	39404723	74000	3	0	74000	39971	34029	4293	1939	2925	2740	2660	2620	3744	2657	2819	1527	2974	1838	2125	1397	1627	2085	2982	1895	396	2210	3337	2647	407	3192	2546	2350	347	2561	2815	2691	344	3308
chr6	39404724	39482723	78000	4	0	78000	45702	32298	5747	2243	3262	3650	2946	2234	3291	3017	3209	1509	2746	2154	2999	1721	2012	2960	3051	1785	369	2502	2965	2041	303	2918	2301	1835	293	2317	3171	2566	307	3574
chr6	39482724	39729723	247000	5	0	247000	151618	95382	20115	7552	10472	13487	9787	6770	9204	9597	10533	4426	7612	6858	11190	5892	6890	11232	10228	5264	882	8266	8392	5345	828	8131	6700	4787	687	6442	10038	7299	753	11339
chr6	39729724	39864723	135000	6	0	135000	75209	59791	8487	3703	5353	5522	4874	4476	6234	4932	5306	2863	5228	3399	4397	2699	3383	4351	5465	3461	596	4219	5676	4632	686	5639	4166	3638	608	4208	5209	4902	554	6132
chr6	39864724	39909198	44475	5	0	44475	22824	21651	2002	1058	1787	1389	1489	1525	2325	1597	1626	1025	1928	1097	1118	775	1036	1045	1598	1301	216	1268	2142	2090	299	2192	1529	1529	223	1587	1667	1803	178	2029
chr6	39909231	39926747	17517	5	0	17517	8941	8576	867	460	689	496	567	632	902	650	633	334	767	404	445	343	366	384	657	517	112	483	812	833	126	907	614	642	95	639	668	686	89	696
chr6	39926753	39933760	7008	5	0	7008	3522	3486	302	167	282	203	213	238	375	203	271	158	325	193	168	116	191	115	220	198	33	228	325	364	58	362	231	224	42	253	253	323	41	331
chr6	39933761	40164760	231000	6	0	231000	133410	97590	13959	7031	10287	9761	9195	6423	9930	8937	9409	4918	7403	6495	8476	5607	6974	8603	9075	5919	804	8182	9394	6706	680	9051	6728	5455	501	6870	9288	7751	695	10491
chr6	40164761	40341760	177000	5	0	177000	97498	79502	9879	4603	7275	7017	6325	5692	8725	6491	6991	3738	7076	4632	5578	3493	4333	5648	6863	4628	638	5397	7614	6406	653	7822	5785	4865	528	5866	6971	6596	545	8325
chr6	40341761	40633760	292000	4	0	292000	154506	137494	14290	7228	11548	10259	9757	10528	15058	10499	11022	6407	12499	7268	8256	5307	6679	7900	11471	7833	1349	8816	13134	11954	1608	13856	9875	9233	1299	9869	11362	11532	1058	13244
chr6	40633761	40790760	157000	3	0	157000	84112	72888	7711	4032	6309	5510	5161	5526	8104	5830	6026	3536	6846	4050	4664	2819	3587	4400	6257	4106	700	4850	6868	6120	685	7235	5247	4580	572	5209	6249	6101	555	7553
chr6	40790761	40944760	154000	4	0	154000	84955	69045	8675	4210	6508	5910	5476	5122	7302	5744	6100	3260	6023	4013	5052	3134	3804	4621	6110	4055	695	4866	6538	5355	671	6767	4992	4260	515	4825	6004	5661	551	7179
chr6	40944761	41135838	191078	3	0	191078	107621	83457	12322	5248	7973	7917	6938	6008	8584	6726	7568	3930	7250	4953	6633	4131	5077	6361	7292	4912	864	6249	7845	6040	993	7981	5761	5116	855	5848	7358	6791	746	8806
chr6	41135840	41284761	148922	3	0	148922	82902	66020	9251	3977	6094	6027	5209	4856	6930	5411	6004	3194	5769	3916	4885	2810	3609	4960	5796	3818	635	4588	6293	5460	639	6529	4541	3896	520	4421	5776	5748	494	6864
chr6	41284762	41984761	7e+05	2	0	7e+05	360991	339009	38966	16871	25575	23416	22889	24823	35790	21272	23711	15061	31323	16249	19262	12605	15464	17713	24816	19475	4293	20775	32330	31550	6993	33350	22892	25617	6404	24169	24737	27581	4168	29858
chr6	41984762	42506761	522000	1	0	522000	279619	242381	33549	13676	19087	19039	18000	18458	25604	16549	17875	10636	22251	12815	15927	10068	11966	14119	19289	14401	3107	16041	23388	19298	4477	23189	16561	17738	3780	17533	19373	18915	3144	22145
chr6	42506762	42617761	111000	2	0	111000	66411	44589	9438	3287	4172	5696	4293	3213	4399	3751	4085	1956	3847	2878	4777	2698	3076	4843	4338	2584	535	3697	4100	2603	611	3901	3041	2742	554	3117	4177	3286	524	4779
chr6	42617762	43533842	916081	1	0	916081	478201	437880	56712	22709	32050	30765	30470	32668	46538	27115	28995	19075	40555	22170	26059	18197	20968	23154	32049	26293	6019	28287	41966	36076	9745	42538	29720	34265	8581	31544	33056	33691	6307	37742
chr6	43533844	44338762	804919	1	0	804919	404103	400816	40235	18805	29020	23663	25454	29791	44120	24251	26379	18062	37032	18005	19653	14151	17363	18117	28952	23053	4903	23901	38724	38719	7524	41090	26940	31927	6698	28907	29000	32358	4483	33637
chr6	44338763	44451762	113000	2	0	113000	67552	45448	9319	3458	4474	5563	4246	3506	4473	4015	4224	2025	3683	3021	5026	2765	3006	4747	4690	2622	548	3894	4275	2771	543	3905	3043	2633	494	3076	4232	3467	493	4761
chr6	44451763	44609762	158000	3	0	158000	85238	72762	9230	4270	6263	5826	5733	5441	7850	5625	6008	3470	6314	3962	4618	2839	3546	4243	6101	4348	837	4734	7143	5967	925	6909	5261	4893	731	5157	6144	5738	699	7173
chr6	44609763	44759762	150000	4	0	150000	81914	68086	8965	4175	5926	5711	5446	5208	7339	5470	5909	3220	5908	3780	4457	2785	3425	4189	6157	3840	771	4620	6577	5229	864	6358	4941	4315	704	4892	5787	5644	657	6729
chr6	44759763	44912762	153000	5	0	153000	91615	61385	12152	4682	6451	7639	6001	4356	6207	5758	6310	2959	4819	4151	6461	3518	4086	6064	6282	3502	662	5069	5569	3688	584	5285	4418	3297	529	4260	6053	4638	599	6949
chr6	44912763	45041762	129000	6	0	129000	83268	45732	12375	4082	5429	7940	4988	3154	4201	5133	5384	2115	3350	3596	7078	3628	3833	6981	5397	2534	483	4565	3850	2107	344	3592	3120	2019	331	2944	5109	3233	392	5711
chr6	45041763	45079762	38000	7	0	38000	24027	13973	3499	1212	1593	2182	1549	984	1311	1494	1610	644	1014	1066	1828	1013	1061	1966	1635	800	144	1273	1225	708	99	1138	982	632	115	887	1497	1030	126	1681
chr6	45079763	45221762	142000	6	0	142000	91386	50614	13569	4679	5909	8688	5682	3572	4772	5426	6006	2345	3731	3985	7588	3806	4070	7557	6004	2818	548	5032	4250	2371	385	3891	3360	2221	374	3293	5838	3487	475	6266
chr6	45221763	45368762	147000	5	0	147000	94958	52042	14308	4886	5926	9185	5874	3704	4887	5554	5976	2361	3705	4085	8147	4038	4359	7961	6340	2991	548	5110	4428	2450	380	4058	3511	2264	381	3454	5740	3611	521	6255
chr6	45368763	45600762	232000	4	0	232000	138210	93790	18111	6949	9857	11494	8496	6842	9000	8528	9655	4292	7797	6164	10150	5203	6339	9332	9152	5208	1101	7825	8111	5894	1228	8294	6415	5218	1096	6339	9187	7207	979	10535
chr6	45600763	45615762	15000	3	0	15000	9100	5900	1247	497	634	773	586	413	582	559	657	285	470	398	661	311	394	632	614	328	63	501	538	374	58	502	399	283	32	397	589	487	53	681
chr6	45615763	45827762	212000	4	0	212000	121067	90933	14339	5968	9162	9202	7896	6557	9113	7893	8890	4300	7897	5591	7546	4312	5301	7098	8346	5245	947	6599	8426	6396	1034	8518	6331	5262	825	6326	8356	7471	820	10031
chr6	45827763	45964762	137000	5	0	137000	78380	58620	9021	3998	5824	5960	5167	4314	5904	5241	5795	2738	5026	3587	4820	2844	3462	4678	5602	3311	632	4349	5512	4158	567	5314	4078	3385	467	4098	5433	4697	560	6456
chr6	45964763	46124762	160000	6	0	160000	94585	65415	11629	4790	6791	7726	6348	4780	6487	6194	6578	3099	5277	4290	6381	3599	4152	6464	6599	3907	578	5184	6018	4334	572	5851	4746	3529	466	4385	6446	5005	506	7287
chr6	46124763	46294762	170000	7	0	170000	102735	67265	12964	5291	7057	8836	6677	4966	6592	6512	7103	3155	5336	4720	7403	4015	4738	7368	7136	3902	720	5669	6128	3930	535	5781	4701	3346	543	4560	6783	5196	622	7713
chr6	46294763	46715762	421000	8	0	421000	260038	160962	34066	12802	17877	23423	16249	11343	15394	16382	17869	7490	12779	11669	19985	10320	12015	20374	17280	9002	1502	14170	14041	8825	1434	13756	11132	7976	1234	10802	16915	12253	1302	19337
chr6	46715763	46918762	203000	7	0	203000	121636	81364	14858	5925	8737	10362	7731	5894	7890	7657	8523	3853	6806	5572	8770	4673	5508	8875	8160	4691	839	6655	7109	4839	823	7406	5758	4291	651	5388	8145	6356	761	9492
chr6	46918763	47007962	89200	6	0	89200	53136	36064	6710	2592	3916	4501	3474	2719	3456	3312	3868	1766	3101	2343	3667	1915	2322	3474	3642	2012	392	2945	3199	2278	301	3235	2514	1841	276	2349	3606	2881	325	4266
chr6	47007964	47023763	15800	6	0	15800	9335	6465	1155	476	655	754	636	488	671	589	626	309	543	437	623	369	418	584	644	353	74	571	579	342	71	534	507	363	45	467	654	468	78	715
chr6	47023764	47368763	345000	5	0	345000	204838	140162	26190	10440	14528	17177	13883	10049	13740	12802	14127	6473	11580	9476	14135	7875	9185	13176	13864	8197	1506	11270	12839	8552	1409	12449	9955	7590	1176	9699	13816	10910	1315	15615
chr6	47368764	47551763	183000	4	0	183000	111991	71009	16186	5531	7527	9963	7243	5008	6763	6558	7228	3172	5753	4916	8550	4567	5026	7998	7293	3983	740	6262	6234	4121	883	6082	4873	3975	762	4732	7172	5241	663	7993
chr6	47551764	47674763	123000	5	0	123000	77409	45591	11302	4021	5240	6927	4784	3192	4306	4639	5147	2137	3504	3339	6257	3201	3516	5896	5132	2624	517	4278	3939	2279	395	3811	3010	2125	313	3040	4840	3395	455	5437
chr6	47674764	47804763	130000	6	0	130000	79487	50513	10203	3847	5583	7045	5052	3720	4775	5097	5542	2383	4169	3539	5881	3126	3564	5959	5335	2865	522	4354	4476	2840	421	4265	3549	2481	350	3422	5284	3816	483	6050
chr6	47804764	47896763	92000	7	0	92000	57456	34544	7586	2876	4010	5304	3716	2389	3149	3713	4111	1599	2805	2560	4363	2215	2642	4417	3697	1880	326	3176	2989	1813	247	2854	2452	1563	206	2265	3829	2646	289	4311
chr6	47896764	48661661	764898	8	0	764898	490798	274100	68641	23977	32611	47718	31217	19121	24755	30303	33061	12869	20943	21864	40028	19367	22336	41985	32205	14948	2531	25651	22942	13168	1916	21804	18951	11691	1622	17934	31299	20023	2159	35256
chr6	48661663	48665805	4143	8	0	4143	2739	1404	398	124	177	257	168	103	126	165	160	84	97	111	231	125	124	287	185	86	13	152	102	59	6	113	108	41	12	75	167	94	7	184
chr6	48665807	48665853	47	8	0	47	29	18	5	3	2	1	1	1	3	3	4	0	0	0	0	1	1	2	3	0	0	3	2	0	0	2	1	2	0	1	2	2	0	0
chr6	48665855	48666337	483	8	0	483	336	147	53	14	23	33	21	13	10	26	21	9	13	12	28	7	13	38	23	4	0	16	11	2	0	5	14	3	0	13	22	9	0	25
chr6	48666339	48677786	11448	8	0	11448	7576	3872	1086	362	480	796	447	237	343	447	491	180	310	301	700	336	370	688	456	208	32	419	308	175	21	298	279	146	10	237	431	273	29	550
chr6	48677788	48677810	23	8	0	23	17	6	1	1	0	2	0	0	0	0	0	0	0	2	3	0	3	4	0	0	0	0	0	0	0	1	0	0	0	2	0	1	0	1
chr6	48677812	48683483	5672	8	0	5672	3844	1828	545	173	225	438	230	119	160	210	235	99	143	185	371	135	189	387	216	92	16	202	144	79	5	124	122	53	4	107	236	129	13	284
chr6	48683485	48685226	1742	8	0	1742	1093	649	165	59	80	96	97	34	53	80	76	27	39	57	62	42	45	79	80	39	2	41	68	27	3	60	43	37	1	49	73	55	4	67
chr6	48685232	48685515	284	8	0	284	182	102	39	15	11	12	14	8	7	15	15	4	8	11	8	5	2	6	16	7	2	7	14	4	1	5	2	3	1	2	12	10	2	14
chr6	48685516	48689349	3834	8	0	3834	2133	1701	226	114	149	161	162	151	193	148	158	72	127	87	104	64	88	128	166	111	8	116	184	123	4	144	147	104	12	137	158	116	10	160
chr6	48689351	48691712	2362	8	0	2362	1550	812	229	92	90	158	115	56	71	105	103	36	49	80	121	44	72	127	95	64	4	66	83	38	2	50	60	30	0	52	109	41	4	114
chr6	48691713	48692146	434	8	0	434	299	135	61	10	21	30	24	4	12	15	21	2	8	19	16	12	18	24	13	4	0	11	12	2	0	7	11	6	0	19	19	9	0	22
chr6	48692151	48695194	3044	8	0	3044	1855	1189	226	89	104	159	119	83	130	122	106	51	105	100	127	83	82	168	132	68	4	102	111	75	7	101	87	60	1	78	123	91	8	140
chr6	48695196	48696383	1188	8	0	1188	776	412	115	39	65	72	62	19	33	52	66	26	30	34	47	22	35	58	46	23	4	33	38	11	1	23	24	16	3	33	58	23	2	73
chr6	48696385	48696421	37	8	0	37	27	10	7	2	1	2	3	0	0	1	2	0	1	1	1	2	1	2	2	0	0	1	2	0	0	0	0	0	0	0	0	2	0	2
chr6	48696423	48697524	1102	8	0	1102	757	345	125	35	46	87	57	20	34	34	53	19	22	35	58	31	34	65	51	20	3	31	26	9	0	20	19	8	2	27	49	18	3	59
chr6	48697525	48701000	3476	8	0	3476	2231	1245	344	98	125	237	160	88	113	126	137	50	87	111	164	79	127	184	139	59	9	108	115	42	10	96	89	75	14	104	144	87	9	144
chr6	48701006	48701031	26	8	0	26	21	5	0	0	0	0	0	4	0	0	0	0	0	0	0	1	0	15	4	0	0	0	0	0	0	0	0	0	0	0	0	0	0	0
chr6	48701032	48701120	89	8	0	89	72	17	0	0	0	0	0	8	0	9	0	0	0	0	0	5	0	48	13	0	0	0	0	0	0	0	4	0	0	0	0	0	0	0
chr6	48701121	48701403	283	8	0	283	183	100	17	7	14	17	11	11	7	13	11	3	7	6	17	8	5	28	14	7	1	7	6	7	0	10	12	0	0	8	9	9	1	8
chr6	48701407	48703161	1755	8	0	1755	900	855	87	41	63	64	57	71	83	51	66	36	67	35	44	37	47	50	56	56	19	54	74	72	22	83	77	56	27	54	55	67	14	68
chr6	48703163	48703182	20	8	0	20	10	10	1	0	2	0	0	1	0	0	1	0	0	0	2	1	1	0	0	2	0	0	1	2	0	1	0	0	0	2	0	1	0	0
chr6	48703184	48703906	723	8	0	723	410	313	38	18	23	35	17	27	32	37	25	11	34	18	35	21	14	24	34	12	7	24	27	16	5	26	23	22	5	24	29	24	5	29
chr6	48703908	48703949	42	8	0	42	32	10	6	0	0	6	0	1	2	0	2	0	1	2	4	1	1	6	0	0	0	2	0	0	0	0	1	1	0	0	2	0	0	2
chr6	48703950	48703971	22	8	0	22	22	0	7	0	0	4	0	0	0	0	0	0	0	0	5	0	0	4	0	0	0	0	0	0	0	0	0	0	0	0	0	0	0	0
chr6	48704034	48704098	65	8	0	65	27	38	0	0	2	0	2	4	5	1	0	1	5	3	0	1	1	0	1	1	0	4	5	1	0	1	5	3	2	6	1	2	2	4
chr6	48704100	48704823	724	8	0	724	390	334	50	18	20	28	25	21	37	22	21	12	35	22	20	17	19	22	26	19	4	19	29	21	8	36	26	29	4	21	24	25	7	35
chr6	48704824	48705081	258	8	0	258	164	94	34	1	48	3	1	0	0	3	50	0	21	0	1	1	0	0	0	0	1	1	0	2	0	16	1	0	0	1	3	16	1	51
chr6	48705086	48705135	50	8	0	50	31	19	8	0	8	0	0	0	0	0	8	0	7	0	0	0	0	0	0	0	0	0	0	1	0	1	0	0	0	0	0	2	0	13
chr6	48705332	48712371	7040	8	0	7040	4759	2281	731	215	313	502	265	159	171	297	352	84	170	196	413	202	206	481	316	102	17	225	169	110	11	183	161	68	11	106	247	193	15	347
chr6	48712373	48712407	35	8	0	35	24	11	3	2	2	1	1	2	0	2	0	0	0	0	4	3	1	2	3	1	0	2	0	1	0	1	2	0	0	0	0	0	0	0
chr6	48712409	48713184	776	8	0	776	515	261	66	20	40	46	22	16	19	32	36	14	22	20	47	19	37	57	28	12	1	28	17	9	0	26	12	10	1	25	32	21	0	39
chr6	48713186	48713223	38	8	0	38	30	8	6	1	0	7	2	0	0	2	2	0	1	0	4	1	1	2	1	0	0	1	1	0	0	0	1	0	0	1	1	1	0	0
chr6	48713225	48716398	3174	8	0	3174	2134	1040	289	89	131	241	117	78	105	117	137	65	71	94	207	84	119	190	145	56	8	107	74	24	3	74	66	29	4	83	132	66	5	162
chr6	48716407	48719034	2628	8	0	2628	1833	795	300	105	100	210	121	44	54	117	100	36	51	68	195	81	69	181	132	41	11	82	59	43	6	49	47	21	6	42	97	52	5	101
chr6	48719035	48721157	2123	8	0	2123	1471	652	227	83	72	167	99	36	54	99	92	28	30	59	131	70	65	158	106	40	8	62	66	23	3	34	39	18	3	40	77	45	2	85
chr6	48721158	49078234	357077	8	0	357077	229939	127138	32526	11250	14905	22541	14645	9061	11504	14247	15045	5840	9692	10124	19007	9091	10143	20316	15301	6999	1083	11859	10843	6180	830	9952	9051	5438	711	8190	14262	9188	1008	16243
chr6	49078236	49189863	111628	8	0	111628	72101	39527	10282	3408	4644	7152	4481	2826	3620	4361	4796	1890	3022	3142	5927	2724	3180	6645	4657	2148	385	3658	3314	1890	269	3129	2778	1711	216	2521	4540	2854	298	5158
chr6	49189864	49252233	62370	7	0	62370	39968	22402	5802	1958	2640	3796	2536	1595	1994	2548	2747	1103	1690	1731	3109	1549	1829	3339	2642	1317	212	2034	1953	1112	130	1781	1566	886	110	1388	2512	1661	148	2950
chr6	49252235	49256130	3896	7	0	3896	2397	1499	336	112	151	245	167	112	157	119	159	62	138	119	181	102	88	147	172	63	24	129	114	68	23	119	103	79	22	104	166	114	17	182
chr6	49256131	49257133	1003	7	0	1003	634	369	123	37	39	59	49	18	32	27	34	19	35	25	52	19	27	38	41	13	6	32	18	13	10	36	24	25	9	28	43	26	7	37
chr6	49257140	49257541	402	7	0	402	266	136	37	18	20	26	20	3	11	16	18	10	9	8	26	8	7	28	17	5	1	16	10	12	1	12	8	2	2	4	14	16	0	15
chr6	49257547	49259809	2263	7	0	2263	1372	891	165	59	112	124	92	64	79	87	112	51	78	59	90	47	63	88	95	49	5	73	68	60	4	87	53	39	4	54	106	71	5	118
chr6	49259813	49264276	4464	7	0	4464	2934	1530	354	145	190	331	194	89	149	176	212	61	122	117	261	127	140	264	185	73	12	152	104	52	6	133	116	62	6	116	203	108	2	200
chr6	49264278	49264315	38	7	0	38	25	13	1	1	1	3	1	1	2	1	1	3	0	0	2	2	3	1	4	0	0	3	1	0	0	1	0	0	0	0	0	2	0	2
chr6	49264317	49264829	513	7	0	513	263	250	20	8	16	20	10	27	36	19	17	12	19	13	17	10	11	8	18	23	2	14	32	17	1	18	19	14	3	26	22	14	2	23
chr6	49264836	49266445	1610	7	0	1610	919	691	117	59	68	68	60	45	77	56	84	29	42	30	51	30	41	62	68	39	11	45	64	48	9	63	49	48	8	52	57	48	12	68
chr6	49266447	49266468	22	7	0	22	14	8	1	0	1	3	3	0	0	0	1	0	0	0	1	1	1	1	1	0	0	0	1	2	0	0	1	1	0	0	0	0	0	1
chr6	49266470	49268490	2021	7	0	2021	1322	699	217	64	74	146	95	66	52	85	84	27	41	45	105	51	54	116	99	52	12	45	70	29	3	57	57	28	5	44	71	50	0	75
chr6	49268492	49269515	1024	7	0	1024	614	410	107	23	50	53	42	27	40	26	45	22	47	25	38	17	19	32	36	17	4	32	26	19	5	46	26	25	7	28	47	35	6	50
chr6	49269528	49274294	4767	7	0	4767	3165	1602	476	173	219	327	213	96	146	193	228	94	104	122	278	124	133	238	216	90	17	164	120	62	1	139	107	46	3	88	204	124	9	211
chr6	49274296	49274332	37	7	0	37	25	12	1	0	1	5	1	0	2	1	3	1	1	2	2	1	2	0	0	0	0	3	1	0	0	1	0	0	0	0	3	2	0	2
chr6	49274334	49274901	568	7	0	568	320	248	33	14	23	28	17	18	22	21	21	10	18	12	27	13	13	29	19	18	5	13	21	21	7	23	20	14	4	22	19	19	4	18
chr6	49274903	49274951	49	7	0	49	22	27	0	1	2	1	3	1	5	1	1	1	2	2	0	0	2	0	1	0	0	2	0	0	1	1	7	2	1	4	2	0	2	2
chr6	49274953	49276889	1937	7	0	1937	844	1093	62	38	71	26	60	92	142	36	48	40	97	36	27	21	30	18	62	59	11	59	106	105	32	102	102	102	19	111	60	79	16	66
chr6	49276891	49276907	17	7	0	17	11	6	1	2	1	0	1	0	2	0	1	0	0	0	0	1	0	0	2	0	0	1	0	0	0	0	0	0	0	2	1	0	0	0
chr6	49276909	49277097	189	7	0	189	112	77	14	8	13	5	5	1	4	12	14	5	7	6	7	2	8	1	3	5	1	7	6	1	1	5	2	3	1	8	10	5	5	12
chr6	49277099	49277123	25	7	0	25	15	10	1	1	1	1	2	1	0	3	1	1	0	0	0	1	1	0	3	0	0	1	0	0	0	0	2	0	0	2	1	0	0	0
chr6	49277125	49277823	699	7	0	699	417	282	59	22	41	36	31	13	29	24	47	10	25	18	21	12	11	18	21	16	1	19	29	14	4	22	17	17	1	19	28	22	4	46
chr6	49277825	49277857	33	7	0	33	19	14	1	1	2	1	2	0	1	2	2	0	1	1	1	1	2	0	0	0	0	2	1	0	0	2	2	1	0	1	2	1	0	1
chr6	49277859	49278089	231	7	0	231	144	87	19	6	7	16	10	8	7	13	5	6	7	10	14	3	4	9	13	5	2	2	8	4	1	5	7	3	0	8	10	6	1	10
chr6	49278090	49279518	1429	7	0	1429	884	545	113	51	60	79	72	39	53	40	68	30	47	55	49	25	45	56	65	37	3	40	50	25	4	39	34	14	2	32	55	42	9	94
chr6	49279520	49279573	54	7	0	54	30	24	5	1	3	1	3	3	2	3	1	0	0	5	1	0	0	1	1	1	1	1	5	0	0	0	3	1	0	4	3	2	1	0
chr6	49279575	49280228	654	7	0	654	400	254	52	23	28	38	41	15	22	27	29	8	24	26	19	10	8	29	25	13	4	14	22	15	2	20	23	11	1	15	35	20	1	32
chr6	49280230	49280262	33	7	0	33	22	11	5	2	1	1	1	1	1	0	0	0	2	1	2	1	1	2	1	1	0	2	1	0	0	0	1	0	0	1	0	0	2	1
chr6	49280264	49281391	1128	7	0	1128	695	433	100	42	45	59	58	27	37	56	54	16	22	40	34	29	36	39	54	32	1	28	55	19	2	33	24	22	3	27	45	36	0	51
chr6	49281393	49281441	49	7	0	49	29	20	2	0	1	3	2	0	3	4	0	0	0	3	2	4	0	4	2	2	0	1	3	3	0	1	2	0	0	2	1	2	0	0
chr6	49281443	49282170	728	7	0	728	502	226	39	20	16	48	20	26	11	45	17	9	10	15	46	31	20	127	44	14	7	21	22	15	2	14	21	5	2	8	15	19	3	14
chr6	49282174	49282909	736	7	0	736	612	124	39	13	10	89	18	4	6	30	12	5	7	19	81	31	31	215	24	5	0	24	7	2	0	3	7	3	0	6	20	2	0	21
chr6	49282910	49284818	1909	7	0	1909	1333	576	185	56	82	160	65	39	45	91	91	26	31	47	143	56	59	156	74	30	4	68	52	19	1	38	33	21	0	40	81	40	3	71
chr6	49284820	49284864	45	7	0	45	42	3	0	2	0	13	1	0	0	1	0	0	0	1	15	0	1	6	1	0	0	1	0	0	0	0	0	0	0	0	1	0	0	0
chr6	49284866	49285678	813	7	0	813	590	223	100	23	26	77	36	13	16	36	39	12	13	29	50	21	27	70	40	12	0	18	14	3	2	15	9	6	1	10	38	13	3	39
chr6	49285685	49291026	5342	7	0	5342	3503	1839	529	188	236	325	232	148	162	225	241	74	130	175	277	122	158	279	227	100	16	189	149	65	4	133	150	58	4	124	242	128	10	240
chr6	49291027	49291052	26	7	0	26	21	5	8	1	1	2	1	0	0	1	2	0	0	0	2	0	1	1	0	0	0	1	0	0	0	0	1	0	0	0	1	0	0	1
chr6	49291054	49295351	4298	7	0	4298	2907	1391	436	154	155	310	172	108	119	187	173	54	98	117	275	131	113	303	211	84	11	141	110	58	11	101	90	46	7	79	175	92	11	164
chr6	49295352	49295396	45	7	0	45	35	10	10	2	1	5	2	1	0	1	1	0	0	0	5	0	1	6	1	1	0	1	2	1	0	0	1	1	0	0	0	0	0	0
chr6	49295398	49297587	2190	7	0	2190	1366	824	215	64	93	124	77	60	76	64	103	30	70	49	101	60	61	117	79	43	14	78	72	51	8	80	60	37	5	44	66	80	9	98
chr6	49297589	49297644	56	7	0	56	28	28	1	2	1	2	2	4	3	1	2	0	0	2	1	2	4	1	4	1	0	3	4	3	0	1	1	3	0	2	1	2	0	1
chr6	49297646	49297776	131	7	0	131	67	64	8	3	7	1	3	9	8	3	1	4	2	1	7	4	3	2	10	4	0	6	4	7	1	5	5	5	1	7	4	2	0	2
chr6	49297778	49297806	29	7	0	29	15	14	0	2	3	0	3	1	1	0	2	2	1	0	0	0	0	0	2	0	0	2	2	0	0	1	0	0	0	0	0	3	0	2
chr6	49297808	49298310	503	7	0	503	266	237	34	12	21	19	22	13	22	25	24	9	22	13	5	4	10	9	17	9	1	11	29	22	2	22	18	17	1	20	18	27	0	23
chr6	49298329	49298593	265	7	0	265	153	112	11	3	10	11	5	11	13	11	9	3	15	10	9	6	15	10	11	1	2	9	3	4	0	10	16	5	0	13	10	7	0	20
chr6	49298595	49307771	9177	7	0	9177	6084	3093	914	300	380	632	370	213	292	391	414	141	238	246	527	234	242	549	419	158	19	292	245	125	14	231	216	123	9	202	386	208	18	427
chr6	49307772	49307984	213	7	0	213	152	61	30	6	6	19	7	5	2	9	5	1	8	4	19	7	8	14	9	3	2	5	4	4	0	4	6	3	0	3	4	2	0	12
chr6	49307994	49309468	1475	7	0	1475	920	555	133	47	48	89	59	49	52	64	62	20	37	39	64	42	40	74	65	41	6	46	58	28	3	42	45	23	7	33	56	39	6	56
chr6	49309485	49310857	1373	7	0	1373	971	402	179	55	62	109	58	19	31	45	73	18	29	33	95	32	42	89	49	21	3	51	29	18	0	34	21	10	0	13	54	32	1	66
chr6	49310858	49311376	519	7	0	519	304	215	44	20	21	19	16	11	34	11	23	12	21	15	20	9	16	11	21	10	2	19	16	14	1	16	15	7	1	21	20	16	0	35
chr6	49311377	49313048	1672	7	0	1672	1042	630	165	63	75	86	65	54	76	44	83	30	49	33	75	34	44	65	80	37	6	58	46	26	4	55	47	32	0	43	65	36	6	88
chr6	49313053	49313224	172	7	0	172	88	84	13	3	6	4	4	7	12	6	7	2	11	4	2	3	1	2	3	3	1	8	7	6	1	5	8	6	1	10	11	4	1	8
chr6	49313226	49314793	1568	7	0	1568	1083	485	184	50	87	98	67	27	37	54	64	29	30	43	105	58	44	105	73	29	4	58	37	16	2	39	21	13	1	25	54	36	1	75
chr6	49314795	49316003	1209	7	0	1209	828	381	144	41	52	83	59	11	29	47	58	22	30	45	58	36	41	71	46	25	3	36	30	17	0	27	17	8	1	15	53	24	4	74
chr6	49316005	49316169	165	7	0	165	103	62	13	7	10	10	7	0	6	9	12	1	2	5	7	2	3	8	3	2	0	5	8	1	1	5	5	8	1	2	6	5	0	9
chr6	49316170	49316608	439	7	0	439	334	105	62	19	11	51	17	8	10	14	18	2	4	13	45	13	12	34	18	8	0	16	8	3	0	6	7	0	0	1	16	5	2	14
chr6	49316610	49316957	348	7	0	348	186	162	20	12	17	12	16	16	20	12	18	11	14	5	6	3	2	1	21	10	2	9	16	3	3	11	12	8	5	13	14	12	2	20
chr6	49316959	49317006	48	7	0	48	24	24	1	0	4	2	2	1	5	0	2	4	0	0	2	0	0	0	1	3	0	1	2	2	0	1	4	0	0	3	2	0	0	4
chr6	49317008	49318635	1628	7	0	1628	1040	588	136	53	64	95	79	48	55	73	64	29	40	55	70	42	49	87	84	27	2	58	64	13	3	30	43	23	7	45	64	47	2	75
chr6	49318637	49318670	34	7	0	34	23	11	1	0	1	4	1	1	1	1	4	0	1	0	0	0	3	3	0	0	0	1	1	0	0	0	1	0	0	1	2	1	0	4
chr6	49318672	49319830	1159	7	0	1159	765	394	93	34	46	84	51	15	34	37	40	20	33	33	73	33	48	90	40	17	6	40	26	15	2	42	32	20	1	26	39	33	1	53
chr6	49319831	49320674	844	6	0	844	558	286	84	32	45	51	35	16	24	27	48	12	24	26	45	14	26	48	29	12	0	33	23	12	3	22	14	11	0	16	36	25	1	48
chr6	49320676	49320714	39	6	0	39	24	15	4	1	0	3	0	1	3	1	1	0	0	1	3	3	1	1	2	3	0	0	2	0	0	3	1	1	0	0	1	1	0	0
chr6	49320716	49324428	3713	6	0	3713	2387	1326	317	118	154	239	152	91	120	168	155	70	91	104	203	103	110	190	157	88	6	131	124	62	6	110	95	47	4	76	155	105	2	158
chr6	49324430	49328132	3703	6	0	3703	2374	1329	329	115	157	225	142	109	116	147	152	65	112	100	203	99	106	196	159	80	6	143	116	80	3	100	80	50	4	78	159	90	9	171
chr6	49328133	49330330	2198	6	0	2198	1446	752	222	69	96	131	70	43	71	88	98	36	73	63	128	53	77	128	92	34	4	71	55	26	2	70	47	31	1	47	77	61	3	129
chr6	49330332	49330399	68	6	0	68	42	26	7	1	2	4	1	3	2	4	3	1	4	4	3	1	0	2	4	1	0	0	2	1	0	3	0	1	0	1	4	3	0	4
chr6	49330401	49332196	1796	6	0	1796	1198	598	179	71	74	120	80	37	51	80	74	23	56	38	111	37	40	126	71	34	5	58	51	22	5	40	48	23	0	49	78	39	0	74
chr6	49332210	49334552	2343	6	0	2343	1507	836	188	76	89	153	72	56	84	102	96	35	73	68	150	63	64	137	104	45	7	74	84	42	3	64	46	35	4	54	80	71	4	118
chr6	49334558	49335132	575	6	0	575	346	229	56	17	32	19	18	16	20	23	25	11	20	18	24	19	12	14	20	16	5	22	19	15	3	23	12	7	0	13	26	22	0	26
chr6	49335133	49335155	23	6	0	23	11	12	0	0	0	0	0	0	1	4	0	1	2	0	0	1	0	1	2	0	0	0	1	0	0	1	1	1	0	2	1	2	0	0
chr6	49335157	49337127	1971	6	0	1971	1317	654	187	82	81	135	80	37	68	70	93	28	47	45	125	48	64	125	90	38	5	62	53	24	1	48	45	27	1	47	68	37	5	103
chr6	49337129	49337144	16	6	0	16	6	10	0	1	0	1	1	0	0	0	0	0	1	1	0	0	0	0	0	1	0	0	1	4	0	1	0	0	0	0	0	2	0	0
chr6	49337146	49338269	1124	6	0	1124	787	337	135	36	59	77	54	10	29	35	57	18	21	50	61	33	34	78	42	19	3	32	16	10	1	31	15	4	0	17	55	25	2	63
chr6	49338271	49338313	43	6	0	43	30	13	5	0	0	3	2	2	1	1	0	0	2	2	1	3	1	6	3	1	0	1	1	0	0	1	0	0	0	2	2	1	0	0
chr6	49338315	49342266	3952	6	0	3952	2576	1376	387	120	172	245	151	112	112	178	163	84	103	98	223	101	111	215	185	75	17	140	111	62	7	103	95	56	3	72	161	90	15	183
chr6	49342274	49343555	1282	6	0	1282	786	496	106	27	56	71	45	49	45	46	44	18	45	25	65	39	29	75	56	26	8	43	45	26	5	39	43	30	4	38	41	33	3	55
chr6	49343557	49343574	18	6	0	18	11	7	0	0	1	2	1	1	1	0	1	0	0	2	0	0	0	0	0	0	0	1	1	0	0	1	0	0	0	0	2	2	0	0
chr6	49343576	49345544	1969	6	0	1969	1145	824	98	66	88	83	86	62	78	82	73	36	71	66	78	44	59	73	78	45	7	78	74	39	7	75	61	50	2	61	96	61	8	82
chr6	49345546	49345583	38	6	0	38	27	11	2	3	1	2	1	0	1	1	2	0	3	1	1	2	3	2	2	0	0	3	0	0	0	0	0	0	0	0	1	0	0	5
chr6	49345585	49346164	580	6	0	580	383	197	59	18	23	44	20	16	17	19	24	7	16	13	42	15	16	32	21	15	2	18	15	10	1	21	11	10	2	11	25	12	1	22
chr6	49346165	49347072	908	6	0	908	610	298	93	24	37	68	39	18	21	36	42	11	30	31	47	26	30	55	29	22	3	25	20	11	0	30	21	7	0	16	44	21	1	48
chr6	49347073	49347370	298	6	0	298	134	164	15	5	3	8	7	17	18	7	5	6	18	8	3	4	6	3	8	10	3	11	18	10	4	17	12	16	10	8	11	13	3	9
chr6	49347373	49348425	1053	6	0	1053	671	382	122	29	54	54	36	25	29	33	52	22	39	14	48	27	39	46	37	24	3	39	33	16	2	35	24	15	1	26	29	31	6	61
chr6	49348426	49348757	332	6	0	332	178	154	22	8	4	20	11	15	16	5	6	7	18	10	15	5	5	9	9	12	4	10	20	10	4	14	5	14	3	8	13	12	5	11
chr6	49348759	49348790	32	6	0	32	19	13	1	0	2	0	0	0	3	2	0	3	2	1	2	1	0	1	1	0	0	4	0	0	0	1	0	0	0	0	3	1	0	2
chr6	49348792	49349904	1113	6	0	1113	704	409	102	40	35	69	49	33	44	38	44	17	33	30	52	28	27	61	44	22	8	44	35	13	6	28	30	26	3	25	55	21	7	42
chr6	49349918	49350491	574	6	0	574	300	274	28	10	20	11	14	28	39	24	15	13	19	18	11	15	17	17	29	17	2	18	27	21	0	20	24	15	3	32	25	14	1	25
chr6	49350492	49350508	17	6	0	17	9	8	3	1	0	0	1	0	0	1	0	0	0	1	0	0	0	0	0	1	0	0	2	4	0	0	0	0	0	0	0	1	0	0
chr6	49350510	49352754	2245	6	0	2245	1499	746	229	83	119	135	109	44	57	78	124	31	49	77	104	48	70	142	92	45	8	61	61	22	5	54	39	21	2	54	96	55	3	126
chr6	49352755	49353081	327	6	0	327	229	98	48	10	12	25	13	7	12	14	19	7	3	13	14	7	6	17	10	9	1	11	8	2	0	7	4	0	0	4	24	6	1	11
chr6	49353082	49353766	685	6	0	685	467	218	85	29	28	42	38	17	19	31	28	10	11	29	33	10	13	42	35	10	0	21	23	8	0	11	15	6	0	11	32	18	0	28
chr6	49353767	49355325	1559	6	0	1559	1033	526	174	72	62	92	88	36	42	62	74	21	28	49	63	36	58	75	79	23	9	54	49	13	0	36	45	18	0	27	54	44	1	73
chr6	49355327	49355363	37	6	0	37	22	15	3	1	1	1	2	2	2	2	1	2	0	1	0	1	0	2	4	0	0	2	4	0	0	0	0	0	0	0	0	3	0	1
chr6	49355365	49355716	352	6	0	352	217	135	26	13	12	16	14	12	6	15	12	5	12	9	15	8	12	29	14	11	2	11	12	16	1	11	9	2	1	6	12	12	0	14
chr6	49355717	49355732	16	6	0	16	14	2	5	0	1	2	1	0	0	0	0	0	0	0	3	1	0	0	0	0	0	1	0	0	0	0	0	0	0	0	0	0	0	0
chr6	49355734	49357504	1771	6	0	1771	1224	547	186	64	70	142	81	40	48	66	76	16	34	54	120	52	46	128	68	29	4	70	52	21	1	31	36	21	0	33	79	34	3	64
chr6	49357506	49357540	35	6	0	35	24	11	4	0	1	4	2	2	0	1	1	0	0	1	2	0	0	4	1	0	0	1	1	4	0	0	1	1	0	0	2	0	0	0
chr6	49357542	49357884	343	6	0	343	246	97	50	12	11	32	13	3	12	7	11	7	11	10	30	10	9	17	14	5	0	13	4	3	1	9	2	3	0	3	15	5	1	18
chr6	49357886	49357949	64	6	0	64	29	35	2	1	0	0	2	4	5	2	0	3	7	2	0	0	0	0	3	1	0	4	3	1	1	2	4	3	0	1	3	2	1	5
chr6	49357951	49358320	370	6	0	370	245	125	47	13	21	21	12	7	15	13	18	8	5	11	25	8	8	11	10	11	1	14	12	5	1	7	7	3	1	11	18	6	1	17
chr6	49358322	49358896	575	6	0	575	320	255	25	16	22	27	37	19	34	25	20	20	14	17	8	9	11	15	34	11	3	16	31	10	0	14	20	17	0	27	30	16	1	24
chr6	49358898	49358930	33	6	0	33	16	17	1	0	2	0	1	1	2	2	1	1	2	2	0	0	0	0	1	1	0	1	2	1	0	2	0	1	0	1	2	2	0	2
chr6	49358932	49361501	2570	6	0	2570	1561	1009	180	76	113	128	105	79	101	113	101	52	70	87	110	61	68	115	112	60	9	87	102	54	3	80	69	46	4	73	115	79	4	112
chr6	49361502	49361884	383	6	0	383	258	125	27	11	23	20	13	5	8	17	18	7	9	12	23	17	15	33	13	8	0	18	10	4	0	10	5	4	0	5	14	8	2	22
chr6	49361886	49362159	274	6	0	274	175	99	34	5	13	17	10	4	8	7	9	4	12	3	15	10	12	11	9	6	0	8	10	7	0	8	3	5	0	14	6	7	0	15
chr6	49362181	49363151	971	6	0	971	628	343	84	35	32	65	37	21	36	31	46	16	35	31	48	23	32	55	32	24	4	35	32	11	1	31	17	12	1	14	43	28	2	55
chr6	49363153	49363213	61	6	0	61	36	25	4	2	3	4	3	1	4	0	5	1	0	2	1	1	2	2	1	2	0	2	2	4	0	1	1	0	0	3	4	1	0	3
chr6	49363215	49363657	443	6	0	443	305	138	57	15	19	33	18	5	9	23	25	5	10	10	23	12	15	24	15	8	0	14	10	9	0	8	11	4	1	8	20	6	1	23
chr6	49363659	49363926	268	6	0	268	180	88	30	10	12	22	17	10	6	8	13	3	4	6	15	4	6	12	14	5	1	7	6	3	2	4	11	4	0	5	10	3	1	12
chr6	49363928	49364386	459	6	0	459	322	137	60	21	23	41	22	8	11	13	19	7	3	9	43	13	13	15	20	9	4	16	12	9	0	8	9	2	0	9	13	8	0	17
chr6	49364387	49366614	2228	6	0	2228	1345	883	195	60	95	120	87	62	85	102	87	44	67	54	100	52	58	76	82	51	4	81	92	62	3	71	69	52	5	58	93	62	2	95
chr6	49366616	49366657	42	6	0	42	23	19	0	0	4	0	2	4	2	1	1	1	1	1	1	2	1	2	3	1	0	2	0	0	0	1	2	0	0	4	4	0	0	0
chr6	49366659	49368392	1734	6	0	1734	1035	699	130	61	64	80	67	45	70	95	74	29	56	44	65	39	41	73	83	35	5	51	83	42	0	59	48	46	0	44	64	61	1	77
chr6	49368394	49368443	50	6	0	50	18	32	3	0	1	1	1	5	0	1	1	0	2	0	0	1	1	0	1	2	2	1	4	4	3	2	1	6	1	1	2	1	0	0
chr6	49368445	49368707	263	6	0	263	121	142	11	3	6	5	5	12	17	8	4	5	14	9	5	7	6	4	8	8	1	10	17	10	3	15	8	15	5	9	9	12	1	9
chr6	49368711	49368902	192	6	0	192	128	64	33	8	4	9	5	4	7	5	2	1	7	6	13	8	4	10	9	6	0	6	5	7	0	9	2	2	0	2	5	6	0	5
chr6	49368904	49368922	19	6	0	19	13	6	0	1	0	2	0	1	1	0	1	0	2	0	2	1	0	1	1	0	0	1	0	0	0	0	0	0	0	0	1	0	0	2
chr6	49368924	49371432	2509	6	0	2509	1508	1001	186	71	103	129	100	71	105	105	93	47	88	88	110	61	59	92	100	56	4	90	106	56	3	83	61	52	5	68	114	83	4	114
chr6	49371433	49379978	8546	6	0	8546	5513	3033	760	228	347	614	346	215	296	345	375	138	234	236	469	215	231	463	343	144	24	285	248	118	20	248	236	155	23	206	375	217	21	369
chr6	49379980	49380606	627	6	0	627	454	173	92	21	22	48	34	9	11	24	24	10	12	17	33	15	23	57	26	10	0	19	11	2	0	14	15	5	0	8	26	10	0	27
chr6	49380607	49395786	15180	6	0	15180	9424	5756	1311	470	634	856	630	386	521	649	673	282	431	438	657	373	399	712	649	346	62	454	524	314	57	436	407	240	68	375	606	431	67	720
chr6	49395787	49494786	99000	5	0	99000	63058	35942	8806	3167	4067	6020	3876	2587	3324	3927	4174	1613	2676	2775	5205	2599	2982	5258	4193	1991	363	3419	3031	1706	319	2837	2535	1633	262	2414	3955	2563	342	4379
chr6	49494787	49644786	150000	4	0	150000	91489	58511	12255	4655	6007	8167	5958	4292	5500	5490	5908	2620	5020	4111	6963	3583	4108	6852	6119	3358	633	5040	5073	3327	678	5039	4039	3098	578	3868	6008	4334	629	6688
chr6	49644787	49785786	141000	5	0	141000	90653	50347	12626	4502	5929	8792	5704	3562	4579	5669	5890	2383	3867	3947	7629	3758	3956	7858	6105	2805	490	4806	4295	2453	322	3964	3469	2122	258	3171	5645	3654	398	6390
chr6	49785787	49937786	152000	6	0	152000	97082	54918	13319	4835	6472	9356	6191	3893	4919	6053	6568	2521	4270	4207	7905	3798	4311	8462	6472	3078	523	4975	4636	2695	390	4421	3858	2372	366	3566	6090	3997	469	7010
chr6	49937787	50059786	122000	7	0	122000	80027	41973	11457	3815	5102	8251	4945	2937	3699	4899	5326	2001	3210	3533	6898	3130	3683	7139	5083	2295	392	4113	3361	1782	270	3159	2902	1624	235	2687	5135	2871	329	5735
chr6	50059787	50201786	142000	8	0	142000	92305	49695	12896	4505	6027	9171	5800	3541	4418	5851	6176	2343	3813	3979	7728	3758	4241	8057	6163	2653	446	4885	3930	2081	291	3924	3562	1999	241	3208	5954	3493	382	6482
chr6	50201787	50619786	418000	9	0	418000	267031	150969	37778	13076	17602	25727	17020	10658	13556	16655	17822	7081	11701	11628	21564	10612	12203	22346	17610	8363	1404	14050	12974	7579	1064	11895	10631	6595	826	9746	16674	10975	1212	19371
chr6	50619787	50836786	217000	8	0	217000	134300	82700	18426	6637	9188	12286	8569	5943	7304	8364	9165	3866	6581	5962	10377	5113	6142	10376	8946	4653	908	7052	7137	4767	964	6800	5704	3983	906	5305	8393	6266	856	10059
chr6	50836787	50946786	110000	7	0	110000	68393	41607	9527	3364	4685	6384	4485	2962	3737	4139	4685	1935	3194	3025	5264	2662	3118	5226	4602	2282	461	3578	3537	2392	422	3514	2889	1992	427	2672	4295	3199	374	4970
chr6	50946787	51124665	177879	6	0	177879	109770	68109	14183	5528	7442	9850	7195	4876	6559	7028	7415	3241	5418	4906	8209	4291	5094	8534	7450	3848	588	6050	6097	3727	458	5729	4868	3258	384	4671	7243	5178	496	8063
chr6	51124674	51126034	1361	6	0	1361	839	522	99	36	57	89	75	31	40	55	68	23	42	53	40	30	33	67	52	32	6	30	54	29	4	45	31	21	2	29	64	50	4	68
chr6	51126036	51126105	70	6	0	70	46	24	11	3	5	3	3	1	1	3	6	1	1	0	2	2	2	2	1	2	0	4	4	1	0	0	0	1	0	1	3	2	0	3
chr6	51126107	51127540	1434	6	0	1434	860	574	113	58	46	66	61	43	48	83	63	28	25	38	46	36	49	57	73	40	5	46	69	35	2	40	41	27	11	29	51	44	6	53
chr6	51233001	51268701	35701	6	0	35701	22546	13155	2964	1031	1495	2188	1372	917	1250	1497	1562	622	1000	1032	1780	862	1071	1901	1457	687	96	1192	1170	694	58	1099	958	596	48	884	1452	1044	78	1642
chr6	51268702	51574701	306000	7	0	306000	190984	115016	24798	9490	13336	17403	12093	8418	10544	12469	13289	5390	9178	8558	14847	7510	8779	14882	13093	6289	987	10439	9831	6133	754	9670	8074	5213	618	7498	12526	8753	907	14229
chr6	51574702	51888701	314000	8	0	314000	197528	116472	26742	9642	13272	18658	12637	8203	10788	12527	13507	5495	9155	8795	15429	7790	8927	15960	12976	6563	1126	10465	10281	5957	762	9634	8183	5318	692	7562	12715	8796	960	14481
chr6	51888702	52097701	209000	7	0	209000	125436	83564	15868	6261	9050	10688	8256	6027	7992	7910	8815	3977	6862	5789	8927	4806	5694	8513	8396	4872	907	6896	7545	5148	781	7353	5797	4200	576	5649	8447	6607	690	9699
chr6	52097702	52190701	93000	6	0	93000	55303	37697	6878	2724	3983	4633	3612	2644	3704	3639	3887	1783	3164	2653	3841	2051	2517	3589	3687	2101	347	3068	3448	2544	298	3318	2677	1936	191	2594	3786	3027	286	4388
chr6	52190702	52359701	169000	5	0	169000	97304	71696	12410	4726	7047	7587	6375	5174	7200	5955	6600	3290	6282	4469	6386	3661	4324	5817	6370	4151	799	5531	6680	4645	922	6594	5026	4453	798	5085	6627	5592	779	7643
chr6	52359702	53036701	677000	4	0	677000	391371	285629	48098	19910	27518	30658	25664	20946	29018	24961	26796	13458	23944	17921	25626	14991	17434	24427	27275	16946	3180	21904	26540	19120	3492	25625	20133	16786	2940	19568	26641	21925	2736	30817
chr6	53036702	53573701	537000	3	0	537000	314585	222415	41530	15996	21773	25118	20381	16396	22391	18884	20776	10247	18485	14103	21729	12607	14409	19759	21314	13078	2674	18180	20050	13837	2903	19861	15699	13186	2658	15363	20988	16550	2419	23654
chr6	53573702	53990701	417000	4	0	417000	251743	165257	33934	12598	17359	21468	16167	12111	16351	15875	16809	7617	13452	11266	18449	9852	11092	17343	16990	9430	1755	14003	14748	9420	1718	14138	12126	8817	1534	11433	16640	12357	1467	18679
chr6	53990702	54097701	107000	5	0	107000	67548	39452	9309	3304	4448	6514	4293	2913	3701	4192	4518	1858	3070	2964	5455	2683	3045	5280	4530	2172	405	3650	3304	1970	298	3198	2849	1753	254	2658	4416	2875	361	4758
chr6	54097702	54257701	160000	6	0	160000	102677	57323	14411	5002	6904	9818	6360	3904	5144	6360	6988	2701	4533	4504	8376	4013	4572	9086	6561	3161	571	5326	4697	2769	429	4688	3850	2473	353	3718	6660	4180	465	7421
chr6	54257702	54305701	48000	7	0	48000	30293	17707	4207	1543	2097	2844	2024	1303	1577	1983	2146	841	1362	1328	2314	1138	1378	2206	2074	968	149	1634	1554	952	101	1369	1242	768	72	1146	2017	1288	108	2265
chr6	54305702	54582701	277000	6	0	277000	178418	98582	25378	8822	11739	17278	11342	6763	8728	11292	12087	4608	7493	8016	14410	7067	8149	15246	11708	5589	907	9056	8465	4699	579	7916	6704	4081	435	6238	11247	7290	767	12899
chr6	54582702	54706701	124000	5	0	124000	79415	44585	11111	3755	5164	7798	4950	3212	4123	4848	5255	2049	3595	3440	6513	3113	3576	6912	5154	2384	412	4179	3778	2096	284	3520	3125	2008	253	3052	5076	3190	367	5706
chr6	54706702	54915701	209000	4	0	209000	132702	76298	18770	6685	8461	12818	8418	5258	6981	8258	8579	3590	6034	5706	10967	5278	5930	10968	8674	4301	777	7059	6609	3871	712	6073	5209	3664	574	4865	8423	5428	649	9409
chr6	54915702	55141701	226000	5	0	226000	144618	81382	20852	7181	9588	13828	9361	5710	7362	8924	9715	3797	6161	6423	11522	5739	6498	11955	9622	4604	766	7435	7006	3913	590	6336	5680	3444	534	5356	9049	5884	680	10483
chr6	55141702	55415701	274000	6	0	274000	176566	97434	25242	8650	11328	17577	11435	6869	8516	11099	11600	4463	7387	7876	14520	7132	7914	14956	11779	5281	940	9114	8246	4632	776	7451	6903	4058	650	6277	10991	7134	898	12304
chr6	55415702	55531701	116000	5	0	116000	76023	39977	10452	3685	4914	7658	4588	2798	3557	4697	4957	1805	2983	3268	6711	3236	3408	7305	4945	2141	409	4029	3251	1747	249	3061	2747	1602	190	2593	4697	2818	318	5179
chr6	55531702	55986701	455000	4	0	455000	295420	159580	42097	14528	19227	29613	18274	10991	14177	17960	19648	7259	11881	12878	25446	11824	13245	26371	19016	8626	1670	15290	13143	7486	1223	12515	11018	6628	1073	10224	18225	11627	1314	20501
chr6	55986702	56116701	130000	5	0	130000	83463	46537	12045	4098	5572	8076	5142	3113	4215	4962	5630	2117	3557	3528	6974	3323	3691	7420	5346	2529	454	4322	3995	2462	347	3808	3105	2080	300	2955	4986	3542	355	5949
chr6	56116702	56227701	111000	4	0	111000	71269	39731	10479	3587	4677	6918	4530	2719	3490	4454	4820	1893	2975	3097	5831	2730	3170	5897	4640	2223	361	3706	3559	2025	266	3156	2594	1667	253	2496	4400	3091	340	4954
chr6	56227702	56351701	124000	3	0	124000	77158	46842	10049	3857	5292	7110	5030	3273	4426	4920	5317	2211	3716	3392	5912	3043	3487	6122	5177	2597	396	4215	4104	2587	337	3869	3251	2176	310	3186	5117	3537	331	5651
chr6	56351702	56402701	51000	2	0	51000	30759	20241	4082	1550	2155	2675	2063	1458	2032	1802	2170	991	1638	1435	2146	1106	1376	2078	2099	1171	190	1645	1845	1246	149	1790	1365	1033	138	1336	2046	1580	177	2431
chr6	56402702	56919701	517000	3	0	517000	319463	197537	44082	16136	21726	28548	19924	14081	19131	19519	21064	9134	15561	14030	25423	13086	14328	23689	21263	11102	2189	17882	16810	10661	2230	16296	13822	10166	1820	13506	20760	14068	1899	23062
chr6	56919702	57209701	290000	2	0	290000	179435	110565	25795	9020	11963	16188	11481	7693	10499	10506	11584	4905	8544	7857	14107	7445	8201	13645	11596	6347	1236	9884	9680	5965	1340	9167	7709	5946	1278	7527	11194	7894	1172	12630
chr6	57209702	57286701	77000	3	0	77000	45937	31063	6189	2370	3054	3907	3134	2199	2967	2809	3094	1411	2588	2093	3105	1825	2107	3083	3067	1774	368	2596	2849	1837	385	2673	2169	1719	389	2051	3024	2414	352	3396
chr6	57286702	57331701	45000	4	0	45000	26673	18327	3526	1366	1692	2298	1701	1326	1687	1775	1803	838	1486	1247	1852	1034	1186	1854	1794	1125	244	1401	1698	1239	307	1525	1275	1005	232	1108	1722	1400	233	2019
chr6	57331702	57375701	44000	5	0	44000	27466	16534	3936	1431	1836	2450	1770	1195	1590	1585	1807	737	1238	1235	2140	1143	1291	2082	1819	982	175	1530	1449	857	159	1344	1125	773	149	1153	1746	1197	147	1927
chr6	57375702	57423701	48000	6	0	48000	30250	17750	4374	1562	2026	2783	2033	1239	1657	1838	1993	802	1322	1361	2345	1235	1382	2296	2005	1076	167	1590	1624	889	121	1417	1232	830	107	1213	1907	1256	149	2167
chr6	57423702	57448000	24299	7	0	24299	15298	9001	2247	789	997	1479	982	620	879	882	1008	394	707	613	1275	632	681	1112	1004	515	68	848	771	471	65	782	628	475	69	582	960	628	82	1052
chr6	57788604	57791863	3260	8	0	3260	2289	971	325	106	159	266	107	55	79	132	180	39	60	78	245	99	92	266	129	44	14	112	64	30	7	66	65	26	2	55	115	67	17	157
chr6	57791888	57791937	50	8	0	50	31	19	0	1	13	0	0	0	1	0	14	0	1	0	0	0	0	0	1	0	0	0	0	0	0	2	0	0	0	0	0	2	0	13
chr6	57791948	57791995	48	8	0	48	27	21	0	1	10	0	0	0	1	0	11	0	4	0	0	0	0	0	1	0	0	0	0	0	0	4	0	0	0	0	0	4	0	10
chr6	57792002	57792831	830	8	0	830	504	326	74	27	56	34	28	24	23	21	61	16	27	20	29	18	22	23	38	14	9	24	19	18	10	28	14	12	3	13	25	31	4	63
chr6	57792843	57798237	5395	8	0	5395	3323	2072	419	165	238	315	218	136	176	196	248	104	160	169	252	129	181	216	207	107	35	185	154	100	31	164	164	70	37	135	201	173	37	271
chr6	57821001	57822681	1681	8	0	1681	800	881	86	43	66	44	44	49	70	37	78	41	81	32	31	31	31	34	47	44	35	38	61	79	54	77	49	66	42	57	43	82	31	76
chr6	57822686	57822746	61	8	0	61	25	36	4	3	1	0	1	4	3	1	1	2	0	1	2	2	0	0	1	5	3	2	3	2	4	2	1	4	3	0	3	1	0	0
chr6	57822748	57822815	68	8	0	68	44	24	6	3	3	5	3	2	4	3	7	2	0	0	2	1	0	1	4	1	0	3	0	0	1	2	2	0	1	1	6	2	0	1
chr6	57822828	57825817	2990	8	0	2990	1718	1272	201	97	143	128	122	82	91	96	143	52	114	85	103	80	82	97	109	69	44	89	89	87	31	106	80	49	29	96	114	108	32	140
chr6	57825821	57840221	14401	8	0	14401	8755	5646	1156	420	669	718	560	462	577	510	672	293	466	442	574	307	361	566	644	278	72	489	441	266	61	462	386	244	50	380	638	442	51	742
chr6	57840222	57966221	126000	7	0	126000	75457	50543	10052	3627	4696	6553	4862	3855	5011	4812	4758	2406	4202	3472	5256	3040	3267	5587	5413	2819	665	4031	4438	2963	705	4188	3677	2788	583	3433	5012	3724	579	5524
chr6	57966222	58183221	217000	8	0	217000	136655	80345	18600	6743	9366	12705	8741	5779	7544	8385	9161	3746	6113	6201	10913	5402	6216	11039	9117	4507	756	7290	6965	4096	545	6687	5605	3701	499	5355	8761	5989	564	9907
chr6	58183222	58283221	1e+05	9	0	1e+05	61718	38282	7509	2918	3783	5847	3928	2908	3304	3668	4056	1484	3145	3264	4563	2762	2522	6055	4447	2235	391	2999	3192	3268	354	3437	2347	1394	338	1931	3822	3354	385	4388
chr6	58283222	58370221	87000	8	0	87000	55604	31396	7738	2707	3780	5418	3570	2139	2876	3511	3814	1382	2352	2503	4521	2255	2484	4554	3601	1684	261	2936	2657	1626	182	2510	2273	1398	150	2065	3565	2268	237	3981
chr6	58370222	58434221	64000	7	0	64000	39729	24271	6172	2234	2789	3331	2725	1832	2461	2522	3205	945	1848	1871	2423	1232	1621	2516	2700	1238	185	2120	2167	1207	134	1859	1897	1061	146	1688	2776	1861	179	3053
chr6	58434222	58453888	19667	8	0	19667	12311	7356	2061	803	944	856	844	678	710	677	1291	211	629	619	468	292	484	744	921	270	124	669	544	251	58	495	518	233	78	445	926	594	70	1158
chr6	60342063	60344088	2026	7	0	2026	1402	624	202	71	96	158	83	37	44	84	84	25	39	59	160	69	80	109	80	30	7	85	37	17	2	49	43	24	1	42	88	34	2	83
chr6	60344090	60347945	3856	7	0	3856	2351	1505	318	125	140	214	181	112	133	171	175	68	102	130	124	90	121	145	177	98	18	103	150	76	8	126	104	67	11	92	166	119	15	175
chr6	60347947	60347993	47	7	0	47	32	15	6	4	3	2	3	0	1	2	5	0	1	1	1	0	0	1	2	1	1	0	1	0	0	1	1	1	0	0	2	0	1	4
chr6	60347995	60349823	1829	7	0	1829	1082	747	125	71	88	80	80	55	72	63	93	40	73	50	66	34	43	49	72	45	13	69	72	29	8	52	52	27	2	49	74	60	15	106
chr6	60349825	60353145	3321	7	0	3321	1843	1478	206	103	134	129	124	114	176	113	128	75	117	76	114	72	75	86	137	94	21	112	120	100	19	135	123	85	17	119	147	95	17	136
chr6	60353148	60353616	469	7	0	469	313	156	53	15	27	23	14	8	18	13	20	7	14	17	33	15	17	17	15	3	1	26	13	0	0	10	7	10	0	13	18	10	3	27
chr6	60353619	60360025	6407	7	0	6407	3801	2606	435	216	271	277	232	189	268	256	248	118	213	207	283	153	196	238	270	157	25	224	242	131	26	219	183	128	17	198	250	202	26	307
chr6	60360026	60364906	4881	7	0	4881	3104	1777	441	171	227	286	221	112	145	191	224	61	161	131	238	123	137	234	199	96	19	153	143	84	7	160	121	89	5	123	206	125	12	234
chr6	60364908	60367106	2199	7	0	2199	1371	828	229	66	113	119	91	60	81	64	105	32	46	66	103	46	66	83	78	44	7	75	64	50	10	69	68	40	9	65	86	59	6	97
chr6	60367107	60371264	4158	7	0	4158	2589	1569	355	131	133	242	151	118	154	167	132	68	125	98	224	130	131	229	174	86	28	159	128	80	17	133	123	87	16	114	164	105	17	137
chr6	60371276	60373559	2284	7	0	2284	1411	873	205	72	104	111	84	61	82	85	88	35	85	61	115	77	59	85	99	40	13	93	67	37	10	71	62	45	12	55	84	63	11	111
chr6	60373561	60373607	47	7	0	47	31	16	11	0	3	2	1	0	1	1	5	1	4	1	0	0	0	0	0	0	1	0	1	0	1	1	0	0	0	0	2	3	0	6
chr6	60373609	60375372	1764	7	0	1764	1125	639	165	63	66	96	71	47	64	70	76	28	42	54	78	44	50	110	72	41	7	63	61	29	6	43	43	29	6	38	76	40	7	77
chr6	60375374	60382429	7056	7	0	7056	4273	2783	504	232	306	363	268	186	259	285	276	133	212	177	357	181	233	301	302	153	24	252	239	155	22	272	194	164	17	189	263	217	21	297
chr6	60382431	60382474	44	7	0	44	19	25	3	1	0	0	0	3	3	0	0	1	1	0	0	1	4	0	1	2	1	2	3	2	1	1	1	3	2	4	1	0	0	1
chr6	60382475	60382754	280	7	0	280	162	118	19	12	8	12	12	7	14	7	11	3	12	6	10	8	9	11	15	6	1	8	8	7	0	16	8	6	2	8	8	12	1	11
chr6	60382756	60385388	2633	7	0	2633	1595	1038	226	68	99	147	101	61	104	94	104	38	98	78	110	62	69	135	94	56	7	72	83	66	14	105	74	60	12	76	109	86	7	116
chr6	60385390	60389461	4072	7	0	4072	2689	1383	387	138	177	274	177	94	135	157	158	69	82	120	253	121	143	203	200	56	9	157	96	46	7	105	112	59	3	103	155	93	9	172
chr6	60389462	60391409	1948	8	0	1948	1282	666	190	75	75	134	88	46	55	84	74	27	53	53	122	52	54	98	93	42	7	58	53	26	4	56	47	28	2	43	80	43	3	81
chr6	60391436	60394087	2652	8	0	2652	1657	995	213	103	144	134	113	51	86	98	136	51	84	62	132	62	84	104	115	55	14	83	67	48	3	102	67	36	4	67	98	81	7	146
chr6	60394089	60394154	66	8	0	66	51	15	9	1	1	7	3	0	2	0	2	0	1	4	5	3	3	9	0	1	0	3	2	0	0	1	0	0	0	0	2	2	0	3
chr6	60394155	60395351	1197	8	0	1197	700	497	115	47	42	47	46	33	52	34	41	26	43	26	50	18	31	47	41	35	3	45	56	31	6	48	22	33	8	33	47	42	5	42
chr6	60395353	60395376	24	8	0	24	14	10	5	0	0	2	0	1	0	2	0	0	0	0	2	1	1	0	1	0	0	0	1	0	1	0	1	2	1	1	0	0	0	0
chr6	60395378	60397614	2237	8	0	2237	1356	881	182	73	92	110	85	62	79	88	88	43	74	57	102	57	70	93	85	61	7	82	73	48	10	86	63	46	6	51	94	63	9	96
chr6	60397615	60401203	3589	8	0	3589	2409	1180	395	124	166	245	143	72	107	125	156	52	87	96	236	101	110	193	151	54	9	135	66	38	11	94	81	47	11	91	149	71	21	150
chr6	60401204	60401835	632	8	0	632	447	185	72	21	25	43	26	13	11	21	20	9	8	18	43	30	31	54	31	14	4	24	9	7	1	16	11	2	1	10	20	10	0	25
chr6	60401836	60403834	1999	8	0	1999	1366	633	210	74	84	149	82	40	53	73	88	27	52	44	137	49	52	152	91	32	9	58	43	16	9	50	47	24	4	37	66	46	4	95
chr6	60403836	60403881	46	8	0	46	32	14	3	1	0	6	2	0	0	2	0	1	2	2	5	1	3	2	1	2	0	0	0	0	1	2	1	1	0	0	2	0	1	3
chr6	60403883	60405467	1585	8	0	1585	1008	577	123	50	64	112	63	40	49	57	70	25	56	54	92	44	39	69	60	33	7	59	45	36	8	46	29	18	2	29	75	48	7	74
chr6	60405469	60407229	1761	8	0	1761	1115	646	162	40	72	108	64	49	66	69	60	23	51	52	97	54	44	103	65	32	3	66	56	26	5	54	59	40	8	45	68	43	8	67
chr6	60407230	60413171	5942	8	0	5942	3726	2216	464	186	256	364	207	175	207	225	236	97	155	155	362	169	176	290	255	126	33	213	179	117	28	184	149	105	25	159	231	160	14	238
chr6	60413182	60414793	1612	8	0	1612	1079	533	192	58	51	111	64	34	44	68	69	21	29	44	87	48	40	117	67	38	9	47	60	41	3	39	27	11	1	27	56	53	3	51
chr6	60414795	60414838	44	8	0	44	24	20	3	0	2	2	2	2	3	2	0	0	1	2	2	1	1	0	3	0	0	1	2	0	0	2	3	2	0	3	0	2	0	1
chr6	60414840	60417585	2746	8	0	2746	1757	989	239	85	104	189	125	75	93	106	98	44	80	82	154	76	72	133	121	47	11	101	84	38	10	69	71	52	9	72	123	64	10	107
chr6	60417589	60418832	1244	8	0	1244	794	450	133	41	61	72	52	36	33	35	56	19	35	32	65	24	40	59	58	31	1	30	26	32	4	55	28	18	2	22	44	35	1	62
chr6	60418843	60418903	61	8	0	61	43	18	6	4	2	4	4	1	1	2	1	1	0	4	6	1	3	2	6	0	0	1	2	1	0	1	0	0	0	0	0	2	0	4
chr6	60418904	60420111	1208	8	0	1208	821	387	143	37	48	94	44	29	38	58	63	18	22	31	71	24	32	67	52	19	2	36	28	11	1	26	31	12	5	30	58	24	4	48
chr6	60424420	60432500	8081	8	0	8081	5209	2872	727	257	344	518	312	196	254	333	343	128	217	245	464	207	237	426	341	143	21	283	243	148	18	233	189	127	14	178	322	224	29	358
chr6	60432501	60588752	156252	8	0	156252	97549	58703	13343	4906	6557	8665	6266	4166	5602	6026	6342	2709	4517	4419	7520	3997	4590	7922	6527	3445	535	5271	5244	3059	388	4937	4155	2798	373	3984	6135	4326	452	7074
chr6	60588753	60673752	85000	9	0	85000	52706	32294	7271	2657	3572	4790	3602	2203	3030	3520	3667	1527	2541	2409	3750	1976	2283	3907	3564	1882	264	2654	3031	1752	198	2714	2366	1519	146	2059	3394	2542	210	3998
chr6	60673753	60777752	104000	10	0	104000	65348	38652	8754	3180	4346	6107	4173	2804	3624	4161	4374	1811	3015	2968	5086	2638	2901	5405	4489	2108	340	3496	3396	1980	290	3192	2686	1807	228	2471	4191	2963	288	4726
chr6	60777753	60960752	183000	9	0	183000	115778	67222	16182	5758	7920	10792	7456	4762	6251	7092	7749	3122	5097	5172	9265	4531	5303	9325	7699	3744	638	6092	5793	3364	428	5590	4699	3110	405	4520	7370	4957	443	8369
chr6	60960753	61109122	148370	10	0	148370	91404	56966	10704	4304	5509	8751	5933	4378	4902	5325	5980	2022	4618	5060	6652	4256	3557	9451	6566	3426	542	4426	4806	5293	467	5196	3446	1944	465	2709	5720	5099	606	6255
chr6	61109123	61109503	381	10	0	381	232	149	28	11	21	22	17	9	14	12	27	8	13	12	10	10	6	12	14	9	2	13	15	8	2	11	6	5	0	3	17	14	2	26
chr6	61109506	61109524	19	10	0	19	10	9	1	1	0	0	0	0	2	0	1	0	3	2	0	0	0	0	0	0	0	1	0	0	0	0	1	0	0	1	1	0	0	3
chr6	61109526	61110210	685	10	0	685	469	216	66	11	30	58	22	11	18	27	32	9	16	19	44	21	23	60	24	7	3	19	18	8	0	19	13	14	2	13	23	16	1	36
chr6	61110212	61111223	1012	10	0	1012	724	288	127	41	52	85	42	6	15	45	46	10	22	31	90	24	39	49	40	12	1	28	17	9	0	21	13	7	0	30	38	18	3	49
chr6	61111225	61111254	30	10	0	30	17	13	0	0	1	2	2	0	2	0	1	2	1	0	0	2	1	2	2	1	0	1	1	2	0	1	0	0	0	0	1	1	0	2
chr6	61111256	61112232	977	10	0	977	655	322	113	26	55	67	43	18	23	34	44	20	16	31	62	13	31	58	30	12	0	34	29	16	1	26	21	17	1	23	38	27	4	42
chr6	61112233	61112752	520	10	0	520	312	208	27	15	29	21	21	22	18	21	25	10	21	17	18	11	16	19	19	13	0	26	23	4	0	15	10	13	0	11	30	12	0	31
chr6	61112753	61113142	390	9	0	390	273	117	43	13	20	28	17	6	10	14	15	7	9	14	30	7	11	28	14	5	0	13	6	5	0	8	10	4	0	6	17	5	0	23
chr6	61113144	61113195	52	9	0	52	36	16	7	4	4	2	3	1	0	1	4	0	1	0	3	0	4	1	2	1	0	2	0	0	0	1	2	0	0	2	2	0	0	3
chr6	61113197	61113218	22	9	0	22	16	6	6	1	2	1	0	0	0	0	2	0	1	1	2	0	0	0	0	0	0	1	0	0	0	0	0	0	0	0	0	0	2	1
chr6	61113220	61114354	1135	9	0	1135	733	402	87	35	42	89	44	35	32	55	53	21	22	27	69	30	36	55	54	25	3	38	35	24	1	28	30	10	6	24	48	29	4	42
chr6	61114355	61115555	1201	9	0	1201	763	438	84	33	51	78	45	39	44	53	46	28	26	27	71	35	35	67	55	27	1	52	43	24	1	28	30	19	2	29	53	26	0	47
chr6	61115558	61116589	1032	9	0	1032	637	395	88	27	40	53	42	27	43	32	46	20	43	35	31	20	25	64	33	28	2	31	36	23	0	35	24	14	3	21	51	29	1	63
chr6	61116593	61116617	25	9	0	25	13	12	0	0	0	2	1	0	1	3	1	2	0	1	0	0	1	0	1	0	0	1	2	0	0	1	0	2	0	0	1	1	2	0
chr6	61116619	61119092	2474	9	0	2474	1555	919	193	79	114	144	99	59	96	100	109	49	75	62	129	67	74	106	116	43	3	91	57	45	3	80	74	37	5	68	107	60	9	119
chr6	61119093	61119558	466	9	0	466	285	181	37	12	23	22	15	9	18	19	21	6	19	14	21	12	10	25	17	7	1	14	11	11	2	18	15	8	3	14	18	16	2	24
chr6	61119559	61119602	44	9	0	44	25	19	2	1	2	4	2	0	2	2	3	0	2	0	2	0	2	0	0	0	0	1	0	2	0	1	5	0	0	4	1	1	0	3
chr6	61119604	61119912	309	9	0	309	186	123	20	14	9	17	10	11	15	16	15	4	6	10	15	4	7	12	15	10	1	7	12	6	3	6	12	4	1	11	13	7	1	13
chr6	61119913	61137214	17302	9	0	17302	10711	6591	1432	553	702	948	719	475	600	741	739	283	486	503	745	421	509	854	742	389	44	557	641	385	43	524	471	300	36	447	680	519	43	769
chr6	61137215	61253214	116000	10	0	116000	72856	43144	10147	3766	4979	6788	4923	2943	4065	4626	5074	2001	3254	3265	5536	2696	3215	5576	4919	2416	311	3760	3878	2351	278	3501	3155	1973	195	2813	4605	3268	282	5439
chr6	61253215	61271544	18330	9	0	18330	11801	6529	1616	579	748	1122	775	474	590	763	810	307	499	545	865	511	549	1046	829	387	72	583	579	288	22	498	450	243	15	402	744	469	45	903
chr6	61271545	61276103	4559	9	0	4559	2701	1858	336	149	171	223	196	125	165	202	185	99	138	138	162	114	117	179	190	124	27	146	201	121	18	158	116	83	17	96	181	170	18	192
chr6	61276105	61279982	3878	9	0	3878	2351	1527	338	144	136	225	179	108	162	142	166	57	106	113	160	80	98	136	154	91	14	131	157	98	8	127	104	87	9	104	176	114	13	139
chr6	61279987	61285012	5026	9	0	5026	3142	1884	581	182	214	231	200	181	186	221	301	56	146	161	126	62	111	181	218	95	15	153	166	81	12	124	152	62	15	127	252	145	14	253
chr6	61285014	61291127	6114	9	0	6114	3796	2318	531	217	251	338	273	184	241	259	284	91	166	203	249	118	167	224	271	120	15	204	205	110	8	169	193	102	8	167	288	160	13	283
chr6	61291128	61291934	807	9	0	807	523	284	73	34	34	62	39	9	24	30	41	9	14	16	50	19	25	44	27	17	3	24	37	18	1	21	16	16	1	22	22	26	1	30
chr6	61291953	61297552	5600	9	0	5600	3392	2208	524	196	243	267	193	187	266	206	321	75	169	152	192	87	130	183	228	105	15	197	192	121	13	175	173	99	5	167	260	177	11	269
chr6	61297554	61297593	40	9	0	40	31	9	7	4	1	3	1	0	0	2	3	0	1	0	4	0	2	1	2	0	0	2	1	0	0	0	0	0	0	0	1	1	0	2
chr6	61297595	61300338	2744	9	0	2744	1742	1002	345	97	130	127	107	87	109	101	166	24	88	97	81	28	60	93	115	30	7	84	78	33	5	67	80	37	9	82	131	83	7	154
chr6	61300341	61302287	1947	9	0	1947	1232	715	229	70	92	103	90	65	77	71	134	22	72	54	41	17	31	62	81	29	6	59	62	16	2	42	55	20	5	56	105	57	5	115
chr6	61302298	61303915	1618	9	0	1618	1033	585	208	66	82	63	67	53	65	63	107	14	40	53	38	24	31	57	75	16	7	59	43	25	1	35	49	16	3	42	81	47	3	83
chr6	61303918	61307789	3872	9	0	3872	2445	1427	413	147	170	186	159	138	139	187	235	46	101	123	110	64	86	140	188	61	11	134	108	55	6	92	125	36	15	90	202	109	14	180
chr6	61307791	61311062	3272	9	0	3272	2086	1186	395	129	153	150	132	117	131	121	221	26	95	124	79	36	64	113	148	45	8	107	87	33	7	82	94	32	5	71	171	99	12	183
chr6	61311076	61312604	1529	9	0	1529	972	557	181	55	78	71	62	45	58	54	100	8	49	59	42	20	30	60	63	18	4	43	45	22	5	36	39	13	1	50	71	55	4	86
chr6	61312606	61312633	28	9	0	28	19	9	2	0	0	1	0	2	2	2	1	0	1	2	1	2	0	1	4	0	0	0	0	0	0	0	0	0	0	0	2	0	0	3
chr6	61312635	61315709	3075	9	0	3075	1958	1117	377	138	143	132	118	102	133	110	211	32	96	96	86	28	52	102	158	36	16	90	78	35	4	81	68	42	4	70	159	85	8	183
chr6	61315710	61316520	811	9	0	811	529	282	116	35	38	36	37	27	32	30	52	6	22	27	21	8	10	31	39	10	2	25	25	8	0	14	23	5	1	22	39	24	3	41
chr6	61316522	61318536	2015	9	0	2015	1289	726	239	89	101	75	86	79	75	65	129	19	68	64	51	19	48	80	103	29	5	69	42	23	3	47	53	16	4	51	107	47	2	125
chr6	61318539	61322538	4000	9	0	4000	2588	1412	470	161	211	158	192	142	119	137	249	26	151	130	89	61	97	193	187	40	12	151	83	29	3	95	113	42	10	91	207	99	9	241
chr6	61322540	61322561	22	9	0	22	14	8	1	0	1	1	0	0	2	1	3	1	1	0	0	0	1	0	1	0	0	0	0	0	0	0	1	0	0	1	1	0	0	4
chr6	61322562	61322663	102	9	0	102	68	34	12	4	3	7	7	7	2	4	6	0	3	4	1	2	2	3	9	0	0	4	2	0	0	0	3	0	0	1	6	2	2	4
chr6	61322706	61322927	222	9	0	222	137	85	16	8	11	10	11	12	8	6	17	3	9	6	1	4	7	6	15	2	1	9	3	0	1	5	6	1	1	6	13	6	1	15
chr6	61323153	61331107	7955	9	0	7955	5045	2910	856	345	438	309	417	299	238	217	534	74	291	216	140	121	221	328	379	86	36	338	155	54	23	185	253	92	45	148	383	185	30	517
chr6	61331108	61331714	607	9	0	607	383	224	67	21	32	25	33	28	16	22	37	8	24	18	8	4	15	25	28	6	3	24	11	4	1	9	24	6	6	14	36	9	2	39
chr6	61331724	61331811	88	9	0	88	60	28	10	5	3	3	3	2	2	5	7	1	2	3	1	1	5	7	4	0	0	4	0	0	0	2	2	1	0	0	6	1	0	6
chr6	61331813	61331860	48	9	0	48	33	15	11	4	2	1	4	0	1	1	3	0	2	1	0	0	1	1	2	1	0	2	0	1	0	1	1	0	0	1	3	0	0	2
chr6	61331862	61334057	2196	9	0	2196	1382	814	240	90	121	82	122	83	74	69	145	22	87	66	26	28	47	79	101	23	9	90	42	10	5	48	85	22	11	48	121	50	5	143
chr6	61334059	61334104	46	9	0	46	29	17	5	0	2	2	3	2	1	1	1	1	2	2	1	1	1	3	2	1	0	1	3	0	0	0	2	0	0	1	0	2	0	4
chr6	61334106	61334353	248	9	0	248	165	83	26	7	12	13	9	8	9	8	18	2	9	5	5	8	9	16	11	2	0	12	4	1	0	5	5	3	0	4	14	4	0	17
chr6	61334358	61336700	2343	9	0	2343	1490	853	239	74	127	109	124	97	66	81	150	21	83	69	37	38	60	113	106	24	12	88	52	9	2	45	86	19	19	68	125	56	7	135
chr6	61336701	61337350	650	10	0	650	409	241	61	22	31	31	35	21	23	22	44	10	27	19	5	11	18	28	30	7	1	27	10	3	2	12	24	2	4	18	37	14	7	42
chr6	61337352	61337384	33	10	0	33	23	10	6	0	2	1	1	3	1	1	2	0	0	1	1	0	0	3	2	1	0	0	1	0	0	0	2	0	0	0	1	0	0	2
chr6	61337386	61338353	968	10	0	968	626	342	108	35	51	37	44	33	34	33	62	8	41	32	17	18	27	46	40	7	3	44	15	3	0	21	34	8	2	20	54	20	1	68
chr6	61338355	61338376	22	10	0	22	12	10	1	0	1	0	1	2	0	2	0	0	1	1	0	0	0	1	1	0	0	1	1	0	0	1	2	1	0	1	1	1	0	0
chr6	61338378	61348614	10237	10	0	10237	6567	3670	1177	351	531	441	506	350	353	388	672	122	363	346	144	140	243	439	479	112	20	352	199	76	7	239	333	104	20	225	585	229	15	674
chr6	61348615	61349198	584	10	0	584	377	207	72	25	28	23	25	23	22	18	42	7	19	16	10	4	15	27	23	8	6	22	15	4	0	8	19	2	0	15	30	13	2	39
chr6	61349203	61352708	3506	10	0	3506	2202	1304	362	140	173	141	156	114	130	147	237	25	130	109	61	46	83	147	160	35	12	118	71	40	2	100	135	48	3	78	181	91	9	220
chr6	61352710	61352749	40	10	0	40	24	16	1	2	1	2	2	4	0	4	2	0	1	2	0	0	2	0	3	2	0	1	1	0	0	1	2	0	0	0	4	0	0	1
chr6	61352751	61352977	227	10	0	227	143	84	22	9	9	12	9	10	12	7	18	3	6	8	3	2	4	7	16	2	0	6	7	2	0	6	4	2	0	4	11	9	0	15
chr6	61352984	61357029	4046	10	0	4046	2590	1456	472	144	191	201	168	153	139	153	279	31	139	135	89	49	90	156	189	60	8	120	96	46	10	96	116	29	7	94	211	113	11	249
chr6	61424411	61424451	41	9	0	41	28	13	6	2	2	0	2	0	2	0	2	0	3	2	1	2	1	2	1	0	0	3	0	0	0	1	0	0	0	0	3	1	0	3
chr6	61471501	61510594	39094	9	0	39094	24830	14264	4566	1452	1824	1852	1571	1337	1541	1568	2417	388	1166	1296	1141	462	806	1441	1761	530	77	1271	1097	489	61	951	1169	475	82	1034	1990	1104	92	2081
chr6	61510595	62364594	854000	10	0	854000	553171	300829	77897	27047	35608	54793	34774	21165	26972	35059	36468	13946	22218	24455	46205	22524	24758	49281	36712	16515	2902	28553	25401	14072	1925	23213	21134	12445	1614	19255	34723	21579	2251	38534
chr6	62364595	62400594	36000	9	0	36000	23695	12305	3523	1158	1449	2518	1562	849	1043	1439	1546	586	895	1067	2016	913	1011	2118	1533	695	143	1135	1033	513	109	886	824	465	99	776	1503	868	121	1602
chr6	62400595	62949594	549000	10	0	549000	354284	194716	48818	16932	22209	35789	22235	13959	16886	21443	23267	8478	14749	16252	29429	14807	15366	33664	23683	10826	1874	17793	15995	11617	1353	15839	12890	7588	1310	11202	21955	14773	1641	24376
chr6	62949595	63262594	313000	9	0	313000	196812	116188	27321	9656	13189	18644	12846	8115	10797	12285	13138	5466	8912	8769	15504	7610	8642	15916	12931	6592	995	10329	10415	6328	864	9581	8117	5575	689	7487	12580	8693	868	14144
chr6	63262595	63379594	117000	8	0	117000	71728	45272	9755	3627	4982	6413	4676	3205	4376	4305	4988	2146	3649	3109	5359	2693	3291	5153	4823	2595	435	3818	3944	2443	423	3886	3139	2365	398	3110	4656	3294	458	5484
chr6	63379595	63475594	96000	7	0	96000	56949	39051	7950	2729	3724	4854	3667	2760	3948	3241	3604	1767	3449	2488	4036	2262	2563	3907	3615	2333	403	3167	3616	2252	518	3525	2667	2483	464	2699	3718	2843	453	4293
chr6	63475595	63655594	180000	6	0	180000	109489	70511	15449	5486	6964	9904	7086	5188	6753	6417	6785	3049	5741	4840	8483	4424	4913	8006	7163	4052	832	6100	6251	3722	1062	5954	4964	4273	933	4790	7066	4942	879	7527
chr6	63655595	63658708	3114	7	0	3114	2035	1079	299	120	168	179	137	55	104	102	155	46	68	72	175	92	98	163	134	52	5	122	80	56	7	76	76	47	5	78	108	64	7	162
chr6	63658713	63688235	29523	7	0	29523	18843	10680	2843	1005	1262	1680	1173	730	1013	1069	1203	487	813	854	1571	844	880	1415	1270	609	117	1070	842	494	95	903	659	448	79	736	1215	784	99	1259
chr6	63688291	63707850	19560	7	0	19560	12620	6940	1849	632	837	1228	772	445	636	720	831	297	560	567	1093	584	606	961	777	396	97	688	564	281	55	560	458	293	47	468	774	490	69	923
chr6	63707851	63723788	15938	7	0	15938	10356	5582	1599	586	708	996	660	362	543	553	734	211	370	440	896	456	477	765	679	325	60	550	452	218	42	464	389	231	35	380	598	402	51	704
chr6	63723792	63800606	76815	7	0	76815	48227	28588	6561	2443	3208	4397	3132	2027	2602	3096	3205	1304	2285	2281	3711	1880	2240	3853	3208	1667	253	2526	2539	1482	188	2388	2008	1239	141	1874	3103	2209	216	3547
chr6	63800607	64545606	745000	8	0	745000	476415	268585	66646	23473	31079	46398	30036	18879	24511	30066	31685	12540	19848	20998	39229	19130	21647	40250	31780	14817	2676	24749	22905	13409	1987	21218	18935	11774	1678	17584	29871	19519	2147	33534
chr6	64545607	64704606	159000	7	0	159000	102685	56315	14528	5177	6329	10231	6476	3987	5055	6581	6759	2630	4221	4459	8502	4138	4518	9093	7005	3139	620	5168	4811	2712	426	4214	3893	2318	397	3542	6389	3994	487	7199
chr6	64704607	64830606	126000	6	0	126000	81842	44158	11789	3929	5137	8215	5052	3183	3901	5249	5245	1996	3205	3618	6984	3324	3700	7314	5369	2345	486	4233	3662	1987	318	3442	3242	1890	283	2837	5112	3187	333	5431
chr6	64830607	65012606	182000	7	0	182000	119457	62543	17061	5684	7412	12429	7297	4328	5569	7558	7637	2896	4496	5184	10591	4790	5275	11248	7890	3257	527	6024	5070	2980	438	4751	4448	2621	361	3962	7344	4381	474	8015
chr6	65012607	66647606	1635000	8	0	1635000	1071444	563556	154509	51977	66495	110190	66636	39836	49884	66586	69080	26167	41478	45952	92946	43184	47104	99420	71148	30343	5534	54139	46490	25326	3890	42604	39228	23221	3369	35586	66076	39419	4549	72632
chr6	66647607	66904606	257000	7	0	257000	168816	88184	24701	8112	10487	17460	10652	6160	7841	10510	10980	4114	6451	7267	14427	6698	7334	15621	11171	4696	857	8360	7321	3807	561	6543	6300	3584	499	5672	10371	6145	757	11539
chr6	66904607	67882823	978217	6	0	978217	645208	333009	94166	30999	39537	66693	40055	23560	28963	40139	40809	15367	23980	27234	56365	25894	28039	63406	42906	17973	3271	31671	27660	15018	2278	24572	23775	13572	2001	20922	38376	22965	2694	43355
chr6	67882825	67894607	11783	6	0	11783	6825	4958	831	372	486	550	461	291	420	413	483	236	379	317	464	291	347	482	439	327	68	357	455	408	96	486	298	263	72	273	393	447	60	516
chr6	67894608	68282607	388000	7	0	388000	251573	136427	36006	12305	15955	25027	15887	9457	12194	15907	16419	6302	10270	10865	20981	10111	11450	22435	16736	7316	1305	12818	11293	6329	942	10500	9782	5881	757	8912	15634	9538	1044	17640
chr6	68282608	68464607	182000	8	0	182000	118108	63892	16695	5672	7605	11800	7480	4348	5733	7462	7815	2969	4796	5196	9782	4802	5215	10737	7682	3559	584	5966	5493	3039	329	4983	4455	2643	313	4069	7393	4603	450	8330
chr6	68464608	68862607	398000	9	0	398000	258773	139227	37468	12469	16344	26119	16101	9904	12376	16209	17004	6533	10181	11288	21827	10278	11349	23322	17133	7454	1375	13222	11578	6612	1012	10705	9688	5768	939	8734	16192	10073	1152	17589
chr6	68862608	69438607	576000	10	0	576000	371388	204612	52216	17783	24652	36660	22616	14055	18399	23481	25071	9643	15659	15950	31408	15015	16925	31854	23878	10937	2011	19669	16706	9552	1446	16347	14439	8827	1258	13218	23528	14735	1659	26401
chr6	69438608	69743607	305000	9	0	305000	192695	112305	27022	9688	12953	17997	12545	7782	10330	11758	12875	5273	8507	8692	15218	7776	8718	15559	12920	6452	1078	10069	9864	5907	855	9062	7630	5077	782	7261	12001	8252	979	14116
chr6	69743608	69894607	151000	8	0	151000	95488	55512	13515	4756	6480	8979	5968	3738	5008	5774	6285	2607	4254	4044	7962	3902	4455	7761	6143	3052	561	5247	4660	2963	520	4673	3743	2758	477	3523	5942	4043	452	6753
chr6	69894608	70187405	292798	9	0	292798	186496	106302	26006	9238	12361	18008	11623	7626	9667	11556	12455	4874	8081	8237	15530	7414	8501	15317	12248	5840	1134	9931	9049	5299	849	8555	7314	4824	616	6996	11861	7789	869	13128
chr6	70187594	70207855	20262	9	0	20262	12688	7574	1768	633	888	1158	783	516	718	789	850	381	580	550	1046	460	550	1017	813	426	69	682	668	400	62	644	518	382	48	500	806	566	79	910
chr6	70207857	70365796	157940	9	0	157940	97101	60839	13420	4935	6677	8785	6183	4293	5868	5881	6631	2786	4760	4256	7583	3734	4367	6942	6334	3542	647	5224	5398	3414	588	5175	4242	3047	540	4253	6250	4572	591	7020
chr6	70365797	70550796	185000	8	0	185000	117745	67255	16967	5996	7708	10904	7115	4638	6355	6980	7706	3050	5003	5154	9787	5022	5435	9924	7717	3763	767	6459	5641	3232	641	5423	4475	3122	626	4475	7255	4820	694	8144
chr6	70550797	70695796	145000	7	0	145000	85962	59038	12001	4397	5635	7126	5702	4311	5856	4869	5376	2575	5032	3836	6080	3433	3826	5905	5621	3563	669	4863	5421	3388	861	5209	4032	3701	812	4077	5664	4227	730	6200
chr6	70695797	70989796	294000	8	0	294000	180298	113702	24720	9341	12105	15834	11675	8175	11060	11194	12107	5311	8508	8120	13498	7382	8176	13092	12478	6636	1330	9764	10162	6479	1120	9411	7982	5609	1009	7674	11482	8448	1117	12999
chr6	70989797	71290796	301000	9	0	301000	184883	116117	24791	9194	12731	16553	12111	8262	11168	11524	12911	5351	9075	8473	13456	7039	8233	14010	12562	6543	1042	9699	10294	6875	1074	9664	8231	5617	903	7801	11978	8871	919	14043
chr6	71290797	71484796	194000	8	0	194000	122555	71445	16829	6222	8259	11328	7517	5097	6696	7571	8366	3308	5453	5323	9926	4905	5597	10156	8209	3884	736	6704	5993	3726	587	5822	4878	3203	494	4759	7801	5315	613	8721
chr6	71484797	71605796	121000	9	0	121000	75987	45013	10262	3865	5024	7019	4873	3247	4233	4698	5132	2077	3574	3338	5903	2959	3421	6361	5186	2416	457	4089	3811	2310	406	3549	3130	2139	361	3037	4924	3211	408	5578
chr6	71605797	71646723	40927	10	0	40927	25462	15465	3466	1209	1799	2336	1643	1093	1433	1555	1817	666	1343	1164	1884	977	1148	1929	1674	815	120	1336	1338	911	85	1296	1091	694	86	1027	1621	1209	97	2063
chr6	71646725	71646744	20	10	0	20	8	12	0	0	0	0	0	2	1	2	0	0	1	0	0	0	0	0	2	1	0	0	1	1	0	2	2	2	0	0	1	0	0	0
chr6	71646746	71892796	246051	10	0	246051	155091	90960	20871	7608	10431	14788	9895	6351	8383	9659	10610	4224	7141	7046	12322	6065	7108	12589	10217	5030	794	8207	7741	4831	704	7501	6313	4083	596	5920	10016	6833	737	11435
chr6	71892797	72344461	451665	9	0	451665	291702	159963	41125	14214	18920	28921	17852	11348	14436	18135	19064	7429	12084	12455	25138	12008	13073	25499	19069	8782	1597	15551	13277	7513	1124	12777	11185	6880	1007	10168	18240	11517	1258	20017
chr6	72344463	72382797	38335	9	0	38335	24438	13897	3398	1202	1679	2352	1453	973	1332	1384	1584	624	1079	1022	2195	1089	1086	1984	1582	786	154	1366	1138	697	113	1166	950	661	82	893	1473	970	115	1751
chr6	72382798	72512797	130000	10	0	130000	81384	48616	10780	4023	5428	7705	5249	3543	4453	5178	5650	2243	3932	3632	6257	3208	3694	6407	5484	2663	527	4344	4208	2476	350	3961	3424	2146	373	3203	5308	3710	440	5999
chr6	72512798	72558479	45682	9	0	45682	28794	16888	3909	1404	1934	2704	1911	1169	1612	1765	1952	776	1345	1345	2177	1112	1331	2346	1868	897	139	1557	1453	812	121	1315	1250	822	122	1114	1886	1170	126	2236
chr6	72558480	72558604	125	9	0	125	79	46	9	6	8	4	7	2	2	3	9	2	3	4	2	4	4	9	5	2	0	7	2	3	2	2	2	1	0	1	5	3	4	6
chr6	72558606	72558648	43	9	0	43	23	20	1	0	4	2	1	1	1	2	4	1	1	1	1	0	2	1	1	0	0	1	3	1	0	2	1	2	0	1	0	2	0	4
chr6	72558650	72560253	1604	9	0	1604	1030	574	125	44	71	100	69	57	45	57	62	32	47	35	85	40	53	106	83	28	9	53	47	22	3	41	49	26	2	35	49	37	2	88
chr6	72560254	72562408	2155	9	0	2155	1295	860	140	62	79	128	83	82	95	68	92	49	64	55	95	45	63	93	101	56	5	77	90	43	4	72	57	33	7	55	80	77	6	97
chr6	72562413	72564528	2116	9	0	2116	1461	655	202	68	66	182	71	54	65	74	83	37	46	62	163	50	73	164	76	37	6	90	54	20	4	47	42	17	4	29	91	51	2	84
chr6	72564541	72564577	37	9	0	37	24	13	0	3	1	3	4	0	2	0	2	1	2	1	2	1	1	0	3	0	0	2	0	0	0	1	0	0	0	0	3	0	0	3
chr6	72564579	72565481	903	9	0	903	591	312	87	26	50	54	40	17	22	37	48	10	26	28	42	25	30	47	32	16	2	28	24	14	1	23	24	8	1	25	36	24	2	52
chr6	72565482	72565642	161	9	0	161	72	89	22	1	1	1	2	6	9	2	2	4	13	1	1	2	3	0	2	3	3	5	7	4	6	7	4	11	8	9	6	6	3	5
chr6	72565643	72565782	140	9	0	140	68	72	15	2	2	2	3	6	6	4	1	3	6	7	3	3	3	1	5	5	2	2	8	4	3	7	2	9	4	3	4	5	3	5
chr6	72565783	72569308	3526	9	0	3526	2410	1116	424	114	146	290	155	57	87	130	162	42	69	101	234	96	105	197	126	71	10	101	107	53	5	84	70	38	7	69	126	87	8	153
chr6	72569310	72571247	1938	9	0	1938	1064	874	149	67	70	69	79	52	103	46	67	51	65	50	60	39	46	51	81	54	18	55	63	65	25	76	66	46	26	64	70	63	11	89
chr6	72571248	72572856	1609	9	0	1609	961	648	117	54	81	80	73	41	59	53	82	35	60	49	60	27	37	52	60	38	10	49	62	29	7	49	38	26	9	44	67	54	10	95
chr6	72572858	72572921	64	9	0	64	37	27	2	5	0	2	2	0	4	5	5	1	2	0	1	4	2	1	3	2	1	4	2	1	0	2	1	0	0	2	5	2	1	0
chr6	72572923	72576457	3535	9	0	3535	2165	1370	300	124	138	191	185	85	110	161	163	62	96	124	105	78	101	142	154	83	16	96	141	77	10	98	95	54	18	81	151	112	12	170
chr6	72576458	72577411	954	9	0	954	594	360	75	28	36	56	35	28	30	51	34	12	21	22	50	27	32	55	32	24	5	34	39	19	2	28	38	19	1	30	36	26	0	27
chr6	72577413	72578958	1546	9	0	1546	973	573	148	48	62	93	65	47	53	68	56	24	37	33	82	44	43	69	76	31	6	50	54	26	3	46	51	35	2	42	52	36	5	57
chr6	72578959	72581109	2151	9	0	2151	1461	690	215	73	97	155	90	49	57	84	102	31	42	57	132	64	74	138	110	27	9	71	44	15	11	41	57	13	2	58	69	56	6	100
chr6	72581110	72586370	5261	9	0	5261	3328	1933	475	180	223	301	228	132	166	231	227	84	125	160	249	127	152	268	220	113	25	165	184	95	16	149	149	91	12	116	204	145	13	234
chr6	72586371	72587907	1537	9	0	1537	948	589	130	36	59	88	55	54	59	53	45	25	42	37	82	45	50	86	68	24	11	57	48	25	5	48	60	46	10	38	45	31	6	67
chr6	72587926	72588281	356	9	0	356	254	102	60	15	23	17	9	5	9	11	19	8	4	14	25	4	15	14	14	2	1	15	4	5	1	5	6	0	0	4	10	8	0	27
chr6	72588283	72588303	21	9	0	21	9	12	0	0	0	0	0	0	3	0	0	2	2	2	0	0	0	0	2	0	0	0	0	1	0	2	0	0	0	0	1	2	0	2
chr6	72588305	72595661	7357	9	0	7357	4888	2469	770	261	312	494	288	170	227	278	328	107	150	192	451	207	209	443	324	137	35	249	198	122	14	176	167	100	14	155	274	150	35	318
chr6	72595675	72596798	1124	9	0	1124	790	334	134	42	45	89	52	26	26	37	46	14	22	29	78	34	29	85	54	20	4	38	24	10	1	28	23	6	0	15	41	27	1	42
chr6	72596800	72596847	48	9	0	48	36	12	7	1	1	7	4	0	1	0	3	1	1	2	1	1	1	3	1	1	0	1	1	0	0	1	0	0	0	0	3	1	0	3
chr6	72596849	72597202	354	9	0	354	231	123	29	14	15	19	16	8	8	12	15	3	7	15	17	16	11	24	18	8	1	14	13	12	0	11	2	2	0	2	11	14	1	14
chr6	72597204	72597231	28	9	0	28	16	12	0	1	2	0	0	2	1	3	2	0	1	0	1	0	0	1	2	0	0	2	1	0	0	0	2	0	0	2	1	1	0	1
chr6	72597233	72597817	585	9	0	585	345	240	64	10	18	34	24	13	28	19	18	10	28	11	20	13	12	22	20	13	2	11	19	12	3	25	22	21	2	23	23	13	3	27
chr6	72597819	72598227	409	9	0	409	215	194	30	8	11	12	9	15	20	25	15	6	12	13	7	5	14	12	16	12	1	5	21	25	2	12	23	12	2	17	9	11	1	24
chr6	72598228	72598744	517	9	0	517	348	169	63	24	28	26	22	9	17	21	37	9	13	12	20	12	9	25	20	5	2	27	12	2	2	8	10	2	1	7	27	15	3	25
chr6	72598746	72598784	39	9	0	39	22	17	4	4	1	1	2	0	1	0	3	0	3	1	1	0	1	0	0	1	0	3	1	1	1	1	0	0	0	0	1	1	3	2
chr6	72598786	72600970	2185	9	0	2185	1361	824	168	62	80	127	97	71	67	94	87	37	65	78	87	64	52	123	99	52	9	74	87	41	10	61	52	30	6	36	91	76	7	93
chr6	72600972	72601379	408	9	0	408	253	155	47	8	17	19	20	13	14	18	12	8	11	12	13	9	11	19	24	7	0	7	15	6	0	16	9	16	0	11	17	8	0	19
chr6	72601380	72664660	63281	9	0	63281	39012	24269	5338	1962	2611	3576	2417	1700	2227	2403	2678	1029	1962	1611	3056	1604	1824	3012	2530	1323	294	2148	2065	1334	320	2005	1741	1259	333	1637	2411	1808	227	2834
chr6	72664665	72722396	57732	9	0	57732	36769	20963	5160	1804	2531	3529	2295	1441	1933	2295	2425	947	1635	1622	3144	1492	1582	2932	2350	1140	206	1988	1818	1007	151	1694	1466	996	135	1383	2330	1527	156	2616
chr6	72722398	72827776	105379	9	0	105379	66896	38483	9118	3240	4494	6437	4186	2795	3447	4303	4487	1807	2972	2887	5499	2705	3043	5475	4504	2103	354	3586	3241	1973	266	3165	2695	1714	228	2501	4291	2855	302	4704
chr6	72827777	73008776	181000	8	0	181000	113547	67453	15718	5706	7596	10467	7213	4806	6268	7289	7603	3095	5355	5111	8953	4490	4998	8879	7704	3740	662	5991	5829	3508	558	5538	4780	3122	455	4401	7263	5063	551	8286
chr6	73008777	73099776	91000	7	0	91000	56875	34125	7841	2842	3887	5268	3690	2387	3208	3620	3945	1525	2542	2611	4361	2155	2619	4373	3672	1960	299	2978	3039	1763	256	2840	2545	1602	205	2342	3649	2573	306	4095
chr6	73099777	73208776	109000	6	0	109000	66025	42975	8808	3301	4447	5890	4298	3071	4135	4132	4412	1943	3567	2979	4928	2546	3001	4565	4355	2434	485	3588	3772	2413	487	3644	3162	2310	465	2959	4347	3159	435	4960
chr6	73208777	73313776	105000	5	0	105000	59099	45901	7972	2892	3681	4633	4056	3482	4679	3326	3465	2066	4070	2745	3685	2242	2609	3496	3777	2818	607	3479	4410	2883	861	4208	3267	3263	825	3155	4089	3399	661	4197
chr6	73313777	73417776	104000	4	0	104000	58001	45999	8050	2869	3544	4523	3878	3436	4616	3097	3324	1876	4166	2722	3735	2256	2550	3357	3590	2826	661	3360	4511	3012	1011	4138	3056	3506	954	3286	3870	3328	798	4092
chr6	73417777	73690776	273000	3	0	273000	154532	118468	22274	7412	9560	12089	9997	8987	12106	8373	8716	5000	10608	7063	10349	6119	6705	9173	9754	7119	1672	8973	11212	7446	2556	10415	8181	8913	2263	8577	10316	8151	1905	11014
chr6	73690777	73773776	83000	4	0	83000	50137	32863	6885	2538	3302	4344	3157	2407	3158	3107	3263	1482	2737	2120	3763	1994	2253	3625	3311	1915	358	2837	3030	1968	363	2799	2295	1856	360	2169	3193	2421	343	3645
chr6	73773777	73816403	42627	5	0	42627	26637	15990	3769	1308	1757	2376	1653	1263	1538	1678	1718	747	1257	1160	2070	1097	1129	2116	1931	860	159	1464	1405	807	135	1300	1104	779	114	1049	1693	1201	120	1868
chr6	73816408	73816569	162	5	0	162	91	71	8	3	8	9	5	6	8	5	7	0	7	4	8	4	1	7	6	1	1	5	6	5	0	9	6	8	1	5	6	6	0	5
chr6	73816582	73818774	2193	5	0	2193	1363	830	196	79	108	109	91	50	83	95	98	31	63	61	107	51	48	92	91	48	6	66	67	40	5	77	66	48	3	59	95	52	6	100
chr6	73818797	73819089	293	5	0	293	154	139	17	7	5	14	13	11	18	8	9	5	16	9	4	3	9	5	4	9	1	12	16	7	0	15	15	11	0	9	15	11	1	12
chr6	73819091	73819120	30	5	0	30	16	14	1	1	1	1	2	3	1	0	0	0	2	1	1	1	0	0	3	1	0	1	1	1	0	1	0	0	0	1	2	1	0	1
chr6	73819122	73819966	845	5	0	845	571	274	75	35	47	60	38	18	21	34	47	13	18	16	56	25	25	42	31	19	2	39	24	7	0	16	15	8	0	18	41	13	2	38
chr6	73819967	73820011	45	5	0	45	22	23	2	0	1	3	4	0	3	0	0	2	3	2	0	0	1	1	2	0	0	0	5	0	0	1	0	5	0	1	0	1	0	6
chr6	73820013	73829781	9769	5	0	9769	6101	3668	838	297	412	557	342	275	337	405	423	163	287	252	502	268	276	466	414	205	27	357	327	242	26	296	253	154	21	220	365	291	30	439
chr6	73829782	73835839	6058	5	0	6058	3568	2490	385	181	239	296	220	172	246	253	250	113	204	177	248	143	203	236	235	144	12	218	242	183	15	217	181	131	10	158	233	199	13	299
chr6	73835841	73835864	24	5	0	24	15	9	1	0	1	0	0	3	0	3	0	1	0	0	1	1	0	3	3	0	2	0	0	0	0	0	2	0	0	0	0	0	0	1
chr6	73835866	73838088	2223	5	0	2223	1355	868	189	76	90	122	122	46	82	96	104	37	54	84	63	51	54	84	88	53	9	60	96	44	4	68	58	45	6	57	103	70	11	95
chr6	73838090	73838113	24	5	0	24	13	11	1	1	2	0	1	0	1	0	2	1	1	0	1	0	1	0	0	1	0	1	2	1	0	1	0	0	0	0	0	2	0	2
chr6	73838115	73838296	182	5	0	182	121	61	21	3	6	12	6	6	3	5	9	3	4	9	6	5	11	12	7	4	1	4	5	3	1	3	4	0	1	1	4	5	1	15
chr6	73838309	73838592	284	5	0	284	180	104	33	10	14	18	16	9	10	5	18	4	7	7	9	2	11	6	14	4	1	6	6	5	0	8	10	2	1	11	10	8	0	17
chr6	73838594	73838613	20	5	0	20	14	6	2	2	2	0	2	0	0	1	2	0	0	1	0	0	0	0	1	1	0	0	1	0	0	0	0	0	0	0	1	0	0	2
chr6	73838615	73839649	1035	5	0	1035	628	407	73	33	44	53	48	30	44	40	37	28	37	31	45	24	24	35	50	27	4	35	37	12	3	30	32	12	3	29	43	31	4	55
chr6	73839686	73840692	1007	5	0	1007	575	432	80	38	53	38	41	19	47	29	66	17	42	28	22	17	16	21	30	25	10	26	39	25	7	35	26	19	5	32	41	37	8	66
chr6	73840694	73840720	27	5	0	27	8	19	0	1	0	0	0	1	2	0	0	0	1	0	1	0	1	0	0	1	0	1	1	6	0	2	2	2	0	2	0	1	0	0
chr6	73840722	73844000	3279	5	0	3279	1983	1296	280	92	124	178	140	87	122	120	125	64	93	102	129	88	80	158	128	87	13	103	119	102	19	96	91	53	23	77	131	95	15	143
chr6	73844002	73844045	44	5	0	44	27	17	1	2	2	1	1	2	1	1	0	1	2	4	4	0	2	2	1	1	1	2	1	1	0	0	0	0	0	1	3	0	1	4
chr6	73844047	73847058	3012	5	0	3012	1756	1256	257	87	127	147	136	64	127	129	135	55	88	79	91	62	76	95	103	72	6	87	140	109	5	106	97	87	3	83	116	93	6	142
chr6	73847059	73847603	545	5	0	545	353	192	69	22	23	32	28	11	15	32	27	12	10	15	23	7	14	11	26	14	0	12	20	9	0	13	14	11	1	8	26	8	1	29
chr6	73847621	73850182	2562	5	0	2562	1691	871	288	95	120	142	116	64	66	112	107	42	57	66	134	58	64	160	126	50	1	82	85	42	2	65	65	27	4	50	82	75	3	110
chr6	73850184	73850434	251	5	0	251	136	115	26	7	11	8	10	10	7	4	10	4	9	5	7	8	4	5	9	13	1	6	11	19	2	12	4	3	2	5	7	9	3	8
chr6	73850436	73851370	935	5	0	935	390	545	36	18	28	14	22	36	45	27	26	22	48	24	13	10	12	7	30	33	6	17	42	90	40	46	26	53	16	25	32	42	2	45
chr6	73851371	73851407	37	5	0	37	11	26	0	0	0	0	0	1	2	3	0	0	2	3	0	0	0	0	1	0	0	0	2	7	1	1	1	4	2	0	2	0	0	3
chr6	73851409	73851974	566	5	0	566	213	353	12	7	10	6	12	25	42	7	10	12	44	15	1	4	4	1	8	14	9	17	33	24	19	34	28	44	18	23	17	28	10	26
chr6	73851975	73853457	1483	5	0	1483	829	654	81	35	73	62	63	39	74	43	64	36	63	31	43	37	34	50	52	42	3	50	71	44	0	63	38	46	3	47	58	47	4	85
chr6	73853458	73855417	1960	5	0	1960	1298	662	183	52	85	142	70	47	56	84	91	31	45	57	118	64	55	117	90	33	7	64	48	37	1	63	38	23	2	31	81	56	4	83
chr6	73855418	73859787	4370	5	0	4370	2603	1767	310	146	203	208	177	134	172	155	201	80	141	124	178	106	109	157	196	103	22	145	164	122	9	164	110	83	4	99	169	151	9	217
chr6	73859788	73859981	194	6	0	194	130	64	21	8	5	13	4	6	4	14	6	0	7	4	16	3	4	15	6	5	0	6	11	1	0	3	6	1	0	6	5	8	0	4
chr6	73859983	73860007	25	6	0	25	13	12	3	1	1	1	2	1	2	1	1	0	0	0	0	0	0	0	0	2	0	0	3	0	0	0	2	1	0	1	0	0	0	1
chr6	73860009	73860840	832	6	0	832	562	270	69	26	37	63	38	23	20	44	49	9	12	24	39	25	21	63	40	10	1	31	24	8	0	18	19	9	0	14	42	23	3	26
chr6	73860842	73861642	801	6	0	801	495	306	85	17	26	48	34	18	24	33	27	20	26	21	29	18	35	32	26	19	2	26	38	18	1	24	19	15	1	23	27	29	0	38
chr6	73861651	73862781	1131	6	0	1131	683	448	105	33	47	58	39	38	47	37	55	16	43	25	44	30	26	40	57	27	7	26	35	21	5	42	23	20	7	38	45	35	1	57
chr6	73862783	73862840	58	6	0	58	38	20	13	2	0	1	1	2	3	1	1	2	1	1	2	2	3	1	4	2	0	2	2	1	0	2	0	1	0	1	1	1	0	3
chr6	73862842	73869018	6177	6	0	6177	4132	2045	610	205	261	432	253	145	161	256	276	80	152	177	368	163	188	403	273	108	19	193	152	84	9	169	158	75	16	103	232	147	10	297
chr6	73869020	73872731	3712	6	0	3712	2332	1380	305	105	150	227	137	110	137	142	169	67	89	132	177	92	108	183	154	64	16	140	132	75	14	96	73	75	9	75	167	103	13	174
chr6	73872732	73874916	2185	6	0	2185	1323	862	176	61	86	120	92	63	73	99	76	40	75	67	99	55	48	92	88	65	6	60	96	60	6	67	48	46	6	54	95	57	6	101
chr6	73874918	73874952	35	6	0	35	18	17	3	1	3	0	1	1	1	1	0	0	2	0	3	1	0	0	1	0	1	0	1	0	0	3	2	2	1	3	0	2	0	0
chr6	73874954	73875663	710	6	0	710	458	252	56	19	21	51	25	18	20	43	30	9	26	25	35	16	14	49	31	13	1	17	24	11	2	19	15	9	3	17	36	23	2	28
chr6	73875666	73875743	78	6	0	78	31	47	1	1	2	1	2	3	4	1	0	2	4	6	2	1	1	0	2	2	1	1	5	6	1	6	1	5	1	2	2	5	3	2
chr6	73875745	73877945	2201	6	0	2201	1263	938	145	91	80	97	99	66	95	71	83	43	91	48	86	41	55	72	98	52	11	78	78	65	13	78	71	54	11	62	84	63	15	103
chr6	73877947	73877976	30	6	0	30	19	11	1	1	1	0	1	1	1	0	0	1	1	1	1	2	4	1	1	0	0	4	0	0	0	0	1	0	0	1	2	0	0	2
chr6	73877978	73878260	283	6	0	283	151	132	12	9	9	12	9	9	22	7	14	7	9	5	8	6	6	6	12	7	2	9	14	9	0	11	10	11	0	11	11	7	2	15
chr6	73878262	73878291	30	6	0	30	13	17	0	1	1	0	0	1	3	0	2	0	2	1	0	0	0	0	0	1	0	1	1	2	0	4	2	0	0	0	1	4	0	1
chr6	73878293	73878740	448	6	0	448	245	203	20	17	19	17	24	15	20	16	14	11	21	7	15	6	14	8	22	7	0	19	16	13	0	22	16	19	0	15	21	12	2	18
chr6	73878741	73965783	87043	6	0	87043	52617	34426	7104	2647	3671	4552	3565	2360	3309	3320	3602	1653	2657	2380	3704	1981	2507	3604	3532	1972	281	2856	3223	2176	280	2957	2472	1856	252	2276	3327	2633	277	4055
chr6	73965784	74058783	93000	7	0	93000	56660	36340	7839	2962	3766	4907	3847	2507	3587	3558	3843	1734	2773	2620	3944	2171	2614	3987	3763	2170	366	3075	3438	2058	334	2950	2638	1799	293	2486	3660	2753	327	4229
chr6	74058784	74328783	270000	8	0	270000	171628	98372	23922	8474	11514	16383	11094	6719	9110	10794	12029	4569	7328	7775	13248	6724	7799	14145	11353	5387	855	8891	8634	4957	698	7741	6868	4266	570	6450	10862	7421	749	12669
chr6	74328784	74697783	369000	9	0	369000	234662	134338	32561	11889	15313	22112	15311	9422	12271	15267	15701	6481	9685	10375	18303	9401	10567	20001	16103	7722	1190	12178	12081	6994	820	10656	9381	5850	675	8446	14706	9985	995	16556
chr6	74697784	74947783	250000	8	0	250000	159702	90298	22919	7954	10594	15368	10246	6357	8142	9957	10965	4181	6803	7004	12704	6194	7091	13221	10579	5036	850	8221	7879	4470	655	7141	6208	3931	578	5797	10037	6708	737	11471
chr6	74947784	75068783	121000	7	0	121000	76316	44684	10856	3843	5153	7171	5048	3092	4076	4776	5364	2031	3434	3451	5755	2897	3433	5934	5077	2481	413	3892	4050	2404	262	3664	3078	1990	228	2864	4787	3505	313	5676
chr6	75068784	75151783	83000	6	0	83000	52313	30687	7207	2575	3580	4996	3224	2086	2831	3237	3593	1454	2360	2387	4334	2052	2351	4045	3293	1723	347	2804	2665	1638	293	2439	2107	1326	243	2014	3312	2348	269	3865
chr6	75151784	75229783	78000	5	0	78000	48344	29656	6728	2515	3227	4483	3169	2038	2772	2975	3285	1415	2264	2108	3771	1916	2083	3594	3311	1553	388	2632	2526	1617	370	2345	2043	1458	404	1935	3074	2230	336	3433
chr6	75229784	75357783	128000	4	0	128000	79011	48989	11146	3992	5406	6996	4891	3415	4607	4633	5189	2209	3986	3553	6314	3243	3623	5808	5023	2752	574	4509	4168	2651	606	4105	3301	2494	545	3322	5053	3633	565	5686
chr6	75357784	75481783	124000	3	0	124000	76897	47103	10571	3725	5249	7093	4988	3268	4372	4789	5179	2223	3848	3438	5900	2945	3546	5762	4938	2539	457	4226	4096	2585	406	3961	3340	2354	360	3152	5043	3570	399	5676
chr6	75481784	75676783	195000	2	0	195000	121599	73401	17846	6022	7973	11053	7616	5297	7053	6993	7679	3330	5729	5289	9752	4997	5402	9567	7887	4223	812	6724	6520	3736	807	6034	4993	3984	775	4878	7559	5154	794	8520
chr6	75676784	75744906	68123	1	0	68123	41189	26934	5990	2060	2539	3560	2660	2065	2718	2265	2423	1152	2321	1866	3077	1682	1876	2933	2687	1621	278	2373	2533	1415	308	2303	1770	1639	314	1931	2719	1884	312	2847
chr6	75744907	75834782	89876	1	0	89876	54491	35385	7731	2630	3422	4772	3341	2781	3477	3096	3258	1601	2989	2323	4225	2352	2454	4039	3727	2044	392	3201	3150	1993	511	2951	2349	2105	435	2355	3469	2462	404	3835
chr6	75834783	75947782	113000	2	0	113000	71062	41938	10381	3467	4559	6820	4386	3079	3968	4261	4488	1818	3278	2994	5971	2952	3096	5543	4730	2310	486	3790	3532	2130	428	3471	2983	2155	441	2903	4448	2966	427	4737
chr6	75947783	76029782	82000	3	0	82000	50210	31790	6770	2494	3428	4557	3278	2228	3092	3239	3475	1495	2547	2211	3725	1875	2135	3659	3313	1843	289	2647	2889	1844	270	2725	2311	1623	205	2103	3325	2418	258	3727
chr6	76029783	76120782	91000	4	0	91000	56486	34514	7644	2923	3874	5080	3850	2365	3273	3642	4007	1623	2605	2633	4020	2150	2597	4199	3768	2035	280	2978	3205	1915	199	2809	2493	1548	163	2252	3665	2630	264	4309
chr6	76120783	76228782	108000	5	0	108000	67337	40663	9011	3443	4430	6097	4563	2892	3756	4588	4549	1956	3089	3113	4858	2656	3112	5224	4701	2344	377	3524	3708	2145	256	3237	2945	1846	210	2661	4445	3012	285	4965
chr6	76228783	76334782	106000	6	0	106000	67465	38535	9413	3419	4547	6391	4480	2716	3510	4342	4732	1839	2895	3000	5145	2673	3062	5299	4560	2260	316	3511	3458	1899	184	3009	2697	1598	160	2417	4334	2793	262	5077
chr6	76334783	76494782	160000	7	0	160000	101288	58712	14127	5160	6702	9519	6705	4030	5504	6387	6942	2726	4442	4600	7735	3954	4561	8192	6858	3252	490	5271	5138	2959	406	4702	4104	2677	337	3808	6526	4317	439	7428
chr6	76494783	76860782	366000	8	0	366000	232522	133478	31759	11268	15166	22422	14789	9297	12492	14603	15516	6357	10103	10451	18551	9266	10649	19832	15575	7323	1160	12130	11511	6841	1046	10532	9434	5941	761	8796	14662	9826	987	16952
chr6	76860783	78510782	1650000	9	0	1650000	1052676	597324	146745	51838	68964	101699	68117	41428	54546	66264	70435	27989	45025	46955	83948	41638	47558	89526	69668	33050	5491	54684	51601	30065	4204	47330	42381	26287	3487	38671	66705	43798	4494	75407
chr6	78510783	78745782	235000	8	0	235000	146911	88089	19796	7412	10074	13458	9540	6220	8154	9348	10177	4110	6943	6562	11226	5675	6803	11412	9880	4803	794	7940	7696	4725	587	7229	6246	4036	533	5827	9440	6673	702	10977
chr6	78745783	79011782	266000	7	0	266000	167400	98600	23546	8626	11177	15509	10967	6799	9320	10403	11194	4584	7218	7471	13151	6903	7430	13101	11234	5664	1045	8969	8695	5083	858	7872	7048	4493	665	6506	10511	7268	890	11798
chr6	79011783	79361782	350000	6	0	350000	220281	129719	31140	11229	15128	20518	14238	8906	12007	13410	14864	5956	9935	9583	17772	8861	9932	16801	14394	7393	1220	11945	11228	6768	1037	10717	9146	5959	997	8576	13792	9630	1152	15764
chr6	79361783	79488782	127000	5	0	127000	78295	48705	10342	4008	5412	7098	5086	3355	4760	5058	5483	2281	3843	3408	5950	3073	3463	5674	5251	2702	494	4270	4357	2701	343	4081	3510	2404	257	3319	5141	3676	390	5808
chr6	79488783	79709782	221000	4	0	221000	137295	83705	19348	7090	9080	12506	8729	5812	8088	8176	9145	3821	6347	5896	10803	5668	6241	10544	9140	4904	922	7424	7372	4681	820	7048	5832	4079	713	5560	8461	6257	767	9724
chr6	79709783	79852782	143000	5	0	143000	87797	55203	11898	4357	6005	7892	5594	3942	5354	5709	6170	2544	4470	3867	6490	3391	3900	6213	5896	3092	543	4703	4851	3052	450	4714	3956	2803	359	3732	5896	4121	454	6580
chr6	79852783	80179782	327000	6	0	327000	203583	123417	27672	10299	13744	18519	13050	8723	11835	12433	13571	5871	9389	9195	15941	8244	9323	15772	13709	6988	1322	11119	10729	6429	1139	10216	8573	5948	988	8231	13030	9148	1123	14725
chr6	80179783	80407782	228000	7	0	228000	144339	83661	20389	7443	9566	13397	9110	5981	7958	8848	9491	3875	6271	6262	11805	5899	6430	11613	9893	4721	774	7809	7284	4342	643	6655	5771	3827	502	5540	8949	6034	695	10221
chr6	80407783	80781782	374000	6	0	374000	236775	137225	32823	11865	15635	22403	15354	9710	12802	14995	16022	6575	10278	10440	18527	9242	10643	19460	15898	7723	1268	12503	12077	6946	919	11074	9637	6234	779	8852	15249	10113	1022	16930
chr6	80781783	81352782	571000	7	0	571000	370114	200886	53081	18309	23672	36945	23660	13852	17693	23427	24559	9374	14699	16296	30707	14584	16623	32632	24406	10964	1895	18854	17333	9775	1272	15445	14007	8327	1099	12581	22887	14759	1474	25807
chr6	81352783	81503782	151000	6	0	151000	96787	54213	13423	4835	6314	9374	6271	3818	4894	6231	6550	2539	3986	4282	7703	3783	4458	8324	6496	3026	453	5000	4712	2642	313	4252	3827	2302	268	3565	6179	3949	394	6835
chr6	81503783	81609782	106000	5	0	106000	68092	37908	9667	3523	4417	6545	4362	2658	3400	4404	4604	1800	2844	3063	5520	2682	3170	5432	4664	2080	348	3571	3242	1844	197	2946	2575	1536	184	2409	4343	2770	293	4905
chr6	81609783	81749782	140000	4	0	140000	89712	50288	12374	4377	5940	8639	5688	3588	4476	5780	6052	2372	3924	3927	7215	3610	4119	7630	5972	2692	464	4819	4195	2294	328	4070	3571	2157	251	3199	5793	3744	367	6371
chr6	81749783	81836782	87000	3	0	87000	53906	33094	7209	2703	3713	4904	3364	2429	3099	3450	3745	1538	2516	2379	4211	2074	2394	4177	3679	1702	372	2991	2815	1849	343	2658	2320	1634	361	2190	3528	2480	288	3883
chr6	81836783	82045782	209000	4	0	209000	130279	78721	17490	6664	8992	11634	8481	5608	7423	8493	9207	3702	6215	5975	9601	5031	5872	9890	8812	4414	705	7074	7002	4004	496	6440	5453	3603	448	5170	8737	5921	623	9818
chr6	82045783	82350782	305000	3	0	305000	188974	116026	26518	9323	12622	17162	12216	8254	10908	11340	12595	5213	9314	8565	14296	7537	8668	14443	12377	6661	1147	10142	10362	6168	1139	9713	7862	5978	1014	7774	12117	8575	1112	13883
chr6	82350783	82668782	318000	2	0	318000	197042	120958	27048	10053	13261	18024	12992	8318	11449	12395	13453	5628	9502	9010	14892	7409	8830	14777	12969	6884	1110	10445	10943	6690	1045	10055	8545	5866	836	7977	12697	9293	1037	14565
chr6	82668783	82798153	129371	3	0	129371	79983	49388	10657	3960	5584	7202	5168	3321	4738	5073	5686	2243	3977	3651	5891	3105	3681	6044	5243	2679	402	4305	4427	2783	338	4186	3448	2384	260	3376	5182	3888	374	6113
chr6	82798155	82798183	29	3	0	29	19	10	2	1	1	2	1	0	1	1	1	0	0	2	3	1	1	1	1	1	0	0	0	2	0	2	0	0	0	0	2	1	0	0
chr6	82798185	82800844	2660	3	0	2660	1660	1000	202	88	134	149	119	65	99	95	104	48	77	79	148	70	67	115	112	67	10	82	73	38	4	93	79	49	10	74	115	54	12	127
chr6	82800856	82801938	1083	3	0	1083	656	427	78	23	49	60	40	30	43	54	48	27	29	32	44	23	31	44	37	25	4	38	42	15	4	28	39	18	3	38	49	31	7	48
chr6	82801940	82801973	34	3	0	34	24	10	2	0	3	3	3	1	0	0	0	1	0	0	3	1	1	5	0	1	0	2	1	0	0	0	3	0	0	1	0	0	0	1
chr6	82801975	82806174	4200	3	0	4200	2591	1609	355	143	170	237	193	96	163	186	196	63	98	140	160	107	112	171	174	102	9	123	163	82	8	142	130	71	9	98	171	140	6	180
chr6	82806175	82806299	125	3	0	125	67	58	24	1	3	1	1	4	9	4	3	2	6	1	3	1	2	0	2	5	0	1	8	4	0	8	5	7	0	6	3	4	0	5
chr6	82806301	82807312	1012	3	0	1012	620	392	81	35	44	53	49	31	44	26	41	23	35	33	43	17	34	30	48	23	2	33	28	21	1	28	33	9	1	32	41	25	2	64
chr6	82807313	82807383	71	3	0	71	45	26	12	0	4	4	5	1	0	3	2	0	3	2	2	2	1	3	1	1	0	1	3	2	0	3	3	1	0	3	2	4	0	1
chr6	82807394	82808268	875	3	0	875	528	347	69	31	47	48	42	20	30	34	48	16	23	24	36	13	15	32	31	25	3	21	35	23	3	30	23	18	1	22	37	26	5	42
chr6	82808270	82808294	25	3	0	25	15	10	0	0	1	3	3	0	0	1	1	0	0	3	0	0	1	1	1	0	0	0	0	0	1	0	0	1	0	2	3	0	1	0
chr6	82808296	82884780	76485	3	0	76485	47235	29250	6118	2403	3154	4220	3130	2064	2847	3107	3276	1401	2335	2175	3371	1827	2064	3742	3221	1722	274	2478	2668	1607	183	2433	2063	1339	155	1919	3197	2223	197	3570
chr6	82884781	83005780	121000	4	0	121000	74576	46424	10388	3676	5106	6547	4670	3297	4512	4605	4989	2201	3643	3347	5669	3047	3434	5443	5023	2683	425	4090	4147	2626	385	4031	3194	2329	297	3014	4720	3551	349	5560
chr6	83005781	83112780	107000	5	0	107000	66307	40693	9352	3406	4394	5864	4177	2912	3881	3922	4171	1842	3137	2882	5316	2834	3029	5187	4374	2399	434	3787	3597	2222	432	3475	2705	2179	394	2662	4215	2926	374	4517
chr6	83112781	83291780	179000	6	0	179000	113475	65525	15839	5614	7460	10689	6990	4435	6237	6815	7358	3048	5023	5001	9414	4759	5240	9551	7251	3627	689	6289	5481	3043	663	5320	4549	3254	562	4367	7197	4583	666	7984
chr6	83291781	83598780	307000	5	0	307000	189416	117584	25809	9649	12730	17073	12436	8119	11234	11705	12601	5440	9088	8637	14416	7531	8756	14191	12481	6829	1144	10285	10588	6521	1088	9861	8253	6008	921	7838	12171	8700	1071	13824
chr6	83598781	83685780	87000	6	0	87000	55726	31274	7987	2805	3739	5246	3546	2095	2867	3443	3733	1504	2307	2458	4511	2297	2660	4527	3696	1830	255	2920	2670	1496	190	2549	2151	1324	172	2018	3434	2255	227	4086
chr6	83685781	83813780	128000	7	0	128000	80195	47805	11177	3931	5241	7530	5169	3456	4335	5073	5312	2194	3687	3493	6221	3249	3556	6570	5429	2686	513	4202	4126	2554	478	3840	3326	2354	508	3102	5153	3403	455	5675
chr6	83813781	84178663	364883	8	0	364883	223520	141363	30209	11320	15500	19571	14276	9865	13863	13904	15053	6646	11184	10162	17062	8771	10077	16056	14931	8105	1351	12215	12600	8046	1216	12108	9893	7136	1136	9581	14484	10683	1157	16720
chr6	84178665	84252781	74117	8	0	74117	45983	28134	6302	2369	3109	4164	2940	1956	2561	2897	3138	1333	2187	1966	3565	1899	2131	3465	3054	1667	341	2495	2399	1493	364	2266	1926	1381	290	1833	2975	1981	275	3393
chr6	84252782	84489781	237000	9	0	237000	149176	87824	20771	7577	10353	13869	9796	6269	8030	9396	10427	4065	6712	6653	11576	5664	6632	11386	9977	4957	798	7843	7770	4650	534	7210	6200	3848	466	5712	9544	6707	644	10962
chr6	84489782	84518781	29000	10	0	29000	17501	11499	2304	875	1249	1464	1158	888	1121	1158	1220	561	930	758	1210	668	782	1154	1263	636	99	994	1058	695	72	949	834	568	60	800	1170	875	87	1338
chr6	84518782	84976781	458000	9	0	458000	283554	174446	37550	14353	19537	25715	18365	12257	16287	17868	19511	8236	13569	12645	21728	11083	12883	21966	19149	9722	1755	15303	15237	9711	1628	14395	12150	8325	1516	11593	18241	13212	1523	20985
chr6	84976782	85108781	132000	8	0	132000	79912	52088	10367	4049	5670	6905	5262	3733	4922	5205	5797	2434	4311	3604	5565	2950	3651	5486	5366	3008	448	4345	4743	3135	396	4581	3687	2540	314	3379	5326	4172	398	6249
chr6	85108782	85227781	119000	7	0	119000	73548	45452	9994	3834	5186	6532	5005	3209	4294	4607	5182	2225	3552	3340	5366	2611	3235	5374	5022	2586	419	3852	4082	2625	321	3728	3239	2022	247	3010	4772	3523	327	5677
chr6	85227782	85317781	90000	6	0	90000	54420	35580	7040	2809	3741	4587	3705	2679	3421	3670	3774	1682	2856	2570	3658	2007	2340	3881	3914	2062	305	2896	3361	2140	252	2942	2548	1707	220	2349	3652	2786	275	4169
chr6	85317782	85428781	111000	5	0	111000	66461	44539	8678	3406	4544	5640	4515	3336	4307	4346	4477	2057	3591	3045	4599	2499	2960	4459	4684	2620	403	3591	4186	2723	373	3831	3193	2365	352	3048	4441	3405	392	4932
chr6	85428782	85834781	406000	4	0	406000	244364	161636	33622	12637	16278	20789	15994	11694	15871	14830	15865	7282	12827	11018	17844	9908	11047	16857	16385	9577	1798	13761	14967	9400	1951	13782	11190	9168	1755	10909	15847	11956	1618	17571
chr6	85834782	85933781	99000	5	0	99000	59541	39459	7698	3227	4144	4986	4317	2724	3860	3864	4269	1787	2975	2931	3770	2191	2728	4069	4143	2338	357	3091	3794	2434	325	3218	2931	1919	231	2715	3897	3080	303	4682
chr6	85933782	86136781	203000	6	0	203000	125610	77390	17526	6663	8399	11049	8700	5390	7518	7795	8661	3656	6052	5837	8749	4730	5684	9199	8596	4687	623	6533	7093	4198	554	6318	5506	3469	413	5194	8209	5809	580	9608
chr6	86136782	86589781	453000	7	0	453000	278495	174505	36365	14119	19410	24474	18633	12260	16774	18078	19376	8278	13712	12930	19994	10584	12768	20738	18999	10180	1310	14753	16092	10164	987	14749	12312	8211	763	11688	18342	13437	1044	21474
chr6	86589782	86885781	296000	6	0	296000	182054	113946	24169	9341	12739	16039	12335	7941	10901	11608	12708	5382	8930	8439	13075	6987	8211	13247	12430	6669	951	9601	10382	6512	751	9609	7966	5322	646	7648	12007	8751	778	13923
chr6	86885782	86999781	114000	5	0	114000	70342	43658	9351	3544	4848	6312	4562	3122	4183	4423	4881	2034	3465	3136	5261	2797	3151	5271	4793	2561	441	3702	3769	2411	370	3669	3102	2018	340	2966	4627	3229	349	5310
chr6	86999782	87105781	106000	4	0	106000	63893	42107	8472	3146	4427	5598	4087	2912	4063	4052	4402	1933	3514	2872	4682	2367	2841	4524	4075	2384	431	3468	3778	2668	488	3598	3026	2258	321	2889	4235	3222	376	4889
chr6	87105782	87473781	368000	3	0	368000	225100	142900	31176	11405	15172	19782	14356	10049	13726	13582	14744	6425	11269	10107	17260	9216	9943	16887	14710	8181	1687	12517	12566	8115	1760	12006	9896	7675	1633	9608	14541	10475	1550	15979
chr6	87473782	87895781	422000	2	0	422000	252293	169707	35255	12535	16824	21493	16160	12446	16746	14457	15909	7626	14397	11063	18784	10146	11596	16854	16524	10017	1913	14299	15214	9633	2332	14942	11670	10215	2050	11903	16401	12256	1919	18419
chr6	87895782	87969781	74000	3	0	74000	43271	30729	5442	2165	3114	3545	2804	2178	3120	2752	3007	1342	2605	1983	3013	1573	1915	2712	2851	1791	315	2301	2799	2093	276	2843	2283	1761	260	2218	2920	2366	259	3392
chr6	87969782	88056781	87000	4	0	87000	53743	33257	7381	2702	3581	4941	3644	2357	3120	3366	3622	1567	2540	2460	3958	2091	2453	3958	3696	1825	347	2849	2901	1806	336	2746	2401	1683	278	2200	3489	2475	325	3900
chr6	88056782	88120139	63358	5	0	63358	39027	24331	5138	1935	2636	3428	2503	1751	2324	2413	2613	1142	2010	1657	2882	1599	1769	3226	2728	1398	233	2067	2096	1337	237	2102	1653	1231	173	1653	2514	1806	185	2917
chr6	88120140	88189780	69641	5	0	69641	41967	27674	5371	2122	2944	3744	2682	1916	2628	2640	2863	1279	2200	1920	3265	1595	1830	2968	2713	1492	352	2355	2390	1635	429	2250	1988	1545	406	1855	2775	2033	313	3141
chr6	88189781	88354780	165000	6	0	165000	102646	62354	13989	5070	6832	9289	6645	4539	5952	6656	6930	3034	4826	4654	7616	3935	4542	8135	7070	3484	604	5420	5504	3322	487	5057	4486	2991	414	4071	6733	4573	533	7605
chr6	88354781	88428780	74000	7	0	74000	44666	29334	5788	2223	3162	3857	3072	2001	2844	2889	3132	1475	2345	2040	3038	1693	2020	3086	3035	1619	294	2444	2634	1758	271	2447	2166	1476	225	1973	2971	2257	256	3507
chr6	88428781	88726780	298000	6	0	298000	179453	118547	23222	9108	12584	15200	11749	8649	11565	11390	12422	5552	9664	8080	12721	6892	7966	12687	12295	6807	1231	9869	10739	7131	1074	10279	8427	6168	855	7954	11892	9117	1032	13677
chr6	88726781	88801780	75000	7	0	75000	48447	26553	7289	2433	3200	4634	2973	1877	2398	2840	3095	1183	1857	2026	4199	2140	2241	4060	3228	1572	279	2554	2252	1280	210	2147	1800	1197	164	1707	2808	1840	227	3288
chr6	88801781	88896780	95000	6	0	95000	61444	33556	9231	3134	3950	5910	3757	2326	3163	3575	3944	1558	2459	2511	5293	2599	2824	5208	4091	1849	359	3318	2813	1536	254	2610	2254	1558	212	2230	3663	2270	301	4238
chr6	88896781	89016780	120000	5	0	120000	71081	48919	10350	3575	4740	5748	4769	3454	4863	3992	4470	2093	4218	3179	4824	2788	3206	4810	4594	2929	497	3890	4510	3049	665	4445	3356	3091	522	3411	4618	3600	460	5282
chr6	89016781	89601780	585000	4	0	585000	335712	249288	43454	16626	22848	26315	21843	18634	25445	20046	21540	11154	21538	15047	22406	12999	14882	20933	22575	14764	2938	19137	23177	16371	3636	22671	17483	16085	3339	17833	22733	18635	2839	25072
chr6	89601781	89690780	89000	5	0	89000	50444	38556	6369	2580	3576	3675	3305	2873	4190	3088	3320	1774	3187	2280	3207	1953	2201	2865	3525	2258	521	2876	3466	2415	543	3542	2947	2514	465	2922	3517	2779	451	3814
chr6	89690781	90000780	310000	6	0	310000	178405	131595	24480	8950	11912	13713	11558	10083	13671	10150	11223	6079	11183	8032	11794	7195	7786	10595	12202	7907	1764	10434	12109	8003	2085	11809	9216	8482	1932	9134	11935	9614	1793	13175
chr6	90000781	90498780	498000	7	0	498000	295857	202143	37967	14918	21054	24264	18954	15116	20156	18924	20706	9373	16474	13321	20576	11565	13006	19483	20589	11546	2348	16488	18054	12325	2031	17767	14385	10838	1838	14059	20122	15468	1907	22376
chr6	90498781	90646780	148000	6	0	148000	93804	54196	13272	4762	6417	8843	5768	3628	4974	5609	6294	2521	4161	4002	7960	4031	4229	7332	6025	3062	677	5178	4422	2802	584	4340	3593	2422	494	3619	5939	3862	531	6645
chr6	90646781	90752845	106065	7	0	106065	64796	41269	8308	3198	4534	5740	4231	2955	4005	3980	4408	2076	3309	2956	4834	2497	2959	4804	4434	2292	471	3530	3554	2341	343	3549	2836	2020	318	2832	4347	3134	372	4896
chr6	90752847	91231781	478935	7	0	478935	298679	180256	39931	14707	20730	27359	18944	12588	17255	18784	20901	8535	14328	13278	22951	11332	13423	23632	19655	9758	1718	16031	15330	9771	1285	14961	12987	8345	1116	12256	19598	13473	1483	22488
chr6	91231782	91323781	92000	6	0	92000	57302	34698	7573	2798	3836	5386	3579	2360	3398	3620	3865	1607	2809	2521	4575	2263	2629	4481	3703	1878	343	3104	3025	1843	238	2925	2445	1766	220	2405	3784	2544	237	4238
chr6	91323782	91586781	263000	5	0	263000	169384	93616	23738	8206	11010	16644	10559	6684	8393	10861	11347	4410	7027	7445	13954	6781	7698	14626	11456	5064	865	8696	7880	4504	573	7408	6527	3985	468	5960	10634	6812	720	12063
chr6	91586782	91783781	197000	6	0	197000	126285	70715	17332	6071	8379	12392	8055	4993	6519	7917	8481	3402	5430	5527	10306	5043	5678	10759	8340	3897	677	6595	5912	3331	422	5620	5058	2976	332	4714	8174	5081	509	9076
chr6	91783782	92223781	440000	7	0	440000	285268	154732	40380	13697	18582	28669	17803	10957	13783	17993	19281	7118	11563	12549	23865	11279	12760	24987	18806	8182	1471	14592	12713	7152	1038	11951	11046	6373	906	9991	17971	11147	1239	20154
chr6	92223782	92321781	98000	8	0	98000	64240	33760	9261	3092	3980	6584	3973	2406	3051	3962	4211	1566	2516	2768	5472	2593	2820	5983	4260	1878	343	3177	2832	1434	206	2557	2329	1336	159	2188	3971	2381	264	4445
chr6	92321782	92769781	448000	7	0	448000	292371	155629	42337	14403	18578	29590	18660	10928	14028	18183	19209	7310	11217	12660	24702	11676	12827	26063	19613	8326	1510	14868	12865	6953	1051	11579	11154	6324	929	10059	18167	10844	1242	20143
chr6	92769782	93238781	469000	6	0	469000	300942	168058	42559	14861	19962	29406	19127	11514	15223	18599	20159	7901	12955	13034	24943	11826	13758	25113	19731	9147	1531	15693	13967	8195	1097	13572	11875	7318	911	10972	18890	12171	1325	21663
chr6	93238782	93359781	121000	7	0	121000	81143	39857	11950	3960	4991	8636	4794	2702	3565	4990	5107	1746	2742	3385	7686	3473	3552	7862	5263	1986	404	4228	2984	1558	270	2898	2881	1536	248	2621	4923	2630	324	5103
chr6	93359782	93851781	492000	8	0	492000	321009	170991	45688	15381	20632	32727	19781	12140	14991	19848	21100	7947	12657	13849	27859	13154	14245	29008	21214	9092	1665	16651	13897	7755	1333	13119	11915	6887	1202	10708	19734	12370	1402	22047
chr6	93851782	94447781	596000	9	0	596000	390770	205230	56498	18795	24791	40059	24197	14723	17983	24028	25618	9459	15086	16709	33832	15730	17566	35694	25644	10813	2009	20241	16636	9250	1386	15401	14511	8259	1193	13015	24140	14351	1612	26769
chr6	94447782	94530781	83000	10	0	83000	55071	27929	8279	2741	3349	5833	3510	1776	2539	3333	3625	1280	2009	2421	4787	2138	2350	5099	3558	1466	243	2668	2255	1229	197	2056	1944	1111	146	1721	3402	1931	200	3802
chr6	94530782	94944781	414000	9	0	414000	270351	143649	38505	13170	16873	27620	17251	10010	12634	16730	17426	6776	10526	11673	22986	10839	12013	25317	18037	7652	1418	13688	11813	6775	1018	10876	10122	5944	901	9003	16653	10111	1159	18479
chr6	94944782	94955583	10802	10	0	10802	6939	3863	939	333	417	692	465	284	354	458	451	202	258	331	526	302	304	621	523	220	42	337	334	180	32	283	270	148	31	221	434	281	35	492
chr6	94955585	94970826	15242	10	0	15242	10419	4823	1610	491	561	1074	599	355	423	601	602	231	297	438	925	387	419	1405	674	262	66	463	397	205	35	333	341	170	32	277	566	333	41	627
chr6	95382668	95406623	23956	9	0	23956	15019	8937	2077	743	975	1434	961	667	859	965	1008	403	701	660	1183	582	665	1135	1039	498	82	776	780	461	61	736	678	410	48	596	955	669	55	1092
chr6	95406624	95451623	45000	8	0	45000	29149	15851	4090	1420	1866	2927	1801	1136	1406	1821	1880	710	1209	1254	2532	1179	1297	2620	1923	875	144	1504	1329	789	113	1249	1084	700	63	1025	1828	1116	108	2000
chr6	95451624	95867623	416000	7	0	416000	268911	147089	38635	13098	17279	26640	16923	10229	13288	16844	17798	6865	10772	11741	22297	10688	11914	23899	17847	8089	1436	13508	12353	7054	1070	11483	10435	6266	920	9451	16648	10551	1166	18811
chr6	95867624	96159623	292000	6	0	292000	189397	102603	26832	8886	12229	19260	11574	7260	9250	11777	12413	4802	7770	8130	16389	7634	8344	16845	12295	5467	981	9839	8424	4788	729	7935	7327	4321	728	6654	11815	7300	834	13166
chr6	96159624	96385623	226000	5	0	226000	144580	81420	20482	6944	9341	14368	9229	5906	7506	9027	9756	3807	6226	6456	11667	5646	6455	11762	9667	4424	735	7477	6980	3863	575	6352	5697	3565	499	5341	9324	5918	645	10358
chr6	96385624	96539623	154000	6	0	154000	96335	57665	13241	4843	6559	8904	6295	4000	5541	6043	6666	2734	4322	4388	7345	3794	4367	7291	6530	3268	544	5029	5159	3068	390	4642	4050	2592	333	3949	6140	4331	471	7169
chr6	96539624	96659623	120000	7	0	120000	76857	43143	11099	3744	5293	7363	4835	2948	3839	4784	5374	1950	3391	3325	6191	3018	3489	6214	4959	2256	407	4038	3653	2102	297	3389	2970	1866	225	2939	4824	3217	353	5646
chr6	96659624	97214623	555000	8	0	555000	343794	211206	46450	16913	23384	31159	21714	15162	20363	21580	23218	9815	16612	15295	26524	13920	15525	26158	23052	11813	2082	18863	18419	11452	1799	17576	15047	10245	1610	14308	22301	15736	1765	25138
chr6	97214624	97416623	202000	7	0	202000	127755	74245	18134	6404	8229	11986	8053	5372	6925	7637	8057	3315	5726	5572	10508	5397	5866	10573	8397	4267	825	6999	6329	3656	648	6117	5250	3661	572	4853	8010	5166	717	8777
chr6	97416624	97520623	104000	8	0	104000	67654	36346	10047	3272	4377	6681	4272	2535	3253	4047	4450	1691	2743	2975	5609	2667	3067	5967	4355	1953	339	3518	3092	1665	236	2769	2542	1480	186	2352	4118	2664	275	4801
chr6	97520624	97678623	158000	9	0	158000	102709	55291	14709	4919	6612	10383	6439	3857	4832	6249	6786	2529	4219	4629	8691	4057	4729	9067	6631	2994	528	5209	4547	2558	359	4446	3694	2327	310	3525	6505	4031	415	7212
chr6	97678624	97825623	147000	10	0	147000	93544	53456	13301	4592	6209	8972	5960	3660	4891	5835	6136	2578	4063	4075	7676	3805	4233	7556	6234	2930	548	4923	4484	2667	437	4287	3825	2406	367	3496	5803	3872	486	6691
chr6	97825624	97842623	17000	9	0	17000	11163	5837	1614	530	720	1166	664	405	513	730	746	238	384	516	1006	445	493	992	677	322	55	564	479	285	34	439	474	227	43	353	682	403	44	755
chr6	97842624	98749623	907000	10	0	907000	581076	325924	80976	28332	38647	56447	36750	23075	29805	36620	39181	15082	24634	25592	47495	23062	25958	49419	38474	17721	3049	30306	27380	15620	2181	25858	23447	13904	1800	21693	36949	23794	2560	41187
chr6	98749624	98987623	238000	9	0	238000	146534	91466	20007	7373	9859	13299	9226	6325	8473	8987	9691	4172	7168	6297	11614	5843	6702	11497	9614	5011	1056	8032	7673	5282	1228	7551	6574	4732	1286	6098	9151	6709	948	10520
chr6	98987624	99171623	184000	8	0	184000	110363	73637	13629	5344	7759	9489	7002	5303	7249	7046	7657	3519	6036	5095	7934	4328	5154	7818	7365	4200	732	6197	6561	4509	690	6478	5181	3844	538	5035	7493	5685	640	8488
chr6	99171624	99282623	111000	7	0	111000	65664	45336	8046	3361	4705	5427	4401	3214	4512	4238	4592	2179	3670	3053	4500	2502	2950	4314	4556	2663	448	3589	4106	2927	387	4126	3271	2357	340	3070	4431	3599	413	5051
chr6	99282624	99551623	269000	6	0	269000	163285	105715	22887	8034	10591	14280	9995	7863	10308	9600	10108	4647	8630	7247	12801	6906	7442	11945	10848	6129	1205	9268	9256	6062	1420	9138	7169	6092	1309	7186	10493	7594	1166	11379
chr6	161679468	161961467	282000	9	0	282000	166554	115446	21298	8215	10833	14121	10332	8795	11738	10679	11134	5430	9518	7432	11703	6386	6828	12111	11723	6400	1774	8929	10073	6990	1651	9956	8482	6652	1423	7879	11266	8628	1466	12153
chr6	161961468	162217467	256000	10	0	256000	155072	100928	20199	7796	10122	13550	9745	7675	9847	10173	10392	4803	7836	6920	11330	6120	6751	11811	10873	5604	1512	8405	8763	5577	1244	8287	7371	5367	1084	6890	10434	7323	1220	10974
chr6	162217468	162898467	681000	9	0	681000	417337	263663	56489	20398	27554	37759	26040	19757	25365	26210	27598	12422	20965	18414	32073	16878	18035	31379	28794	14659	3574	22428	22445	14425	3162	21864	18933	13713	2787	17479	27200	19098	2953	30148
chr6	162898468	163122467	224000	8	0	224000	137492	86508	18391	6859	9171	12352	8763	6014	8401	8811	9462	4115	6970	6220	10157	5339	5982	10484	9300	4804	1087	7136	7446	4813	915	7169	6210	4170	785	5905	9032	6556	865	10314
chr6	163122468	163210467	88000	7	0	88000	50752	37248	6359	2615	3528	4167	3214	2779	3693	3199	3641	1789	3076	2276	3455	1826	2131	3004	3627	1944	667	2771	3147	2527	681	3172	2664	2141	547	2576	3446	2914	513	3909
chr6	163210468	163461467	251000	6	0	251000	142884	108116	18166	7111	10024	11529	9017	8075	10925	8589	9824	5010	8920	6314	9823	5155	5804	8598	9847	5854	1812	7838	9462	7494	2122	9494	7722	6918	1805	7679	9574	8306	1525	10662
chr6	163461468	163551467	90000	7	0	90000	57588	32412	8423	3016	3780	5496	3653	2377	2996	3399	3739	1483	2447	2383	4901	2539	2504	4450	3955	1829	408	3224	2683	1527	262	2556	2119	1463	261	2073	3668	2209	301	3874
chr6	163551468	163700467	149000	6	0	149000	84966	64034	10415	4322	5939	6564	5363	5034	6422	5362	5846	3029	5324	3779	5615	3161	3515	5275	5987	3622	1058	4879	5743	4332	1100	5496	4569	3849	952	4468	5881	4868	872	6357
chr6	163700468	164050467	350000	7	0	350000	201538	148462	24980	10028	14109	16372	12833	11135	15101	13113	14358	7052	12371	9070	13318	7210	8195	12293	14052	8239	2320	10814	13359	10018	2124	12933	11021	8581	1837	10311	13750	11598	1785	15718
chr6	164050468	164196467	146000	8	0	146000	85439	60561	10822	4341	5982	6947	5451	4607	5998	5529	6116	2863	5173	3752	5703	3024	3575	5556	5937	3286	943	4669	5316	3853	805	5193	4456	3281	679	4238	5875	4747	653	6628
chr6	164196468	164255158	58691	9	0	58691	34898	23793	4323	1764	2439	3005	2246	1786	2389	2259	2546	1125	1940	1620	2416	1291	1456	2291	2496	1266	346	1858	2048	1423	279	2056	1740	1251	199	1600	2396	1866	258	2711
chr6	164255159	164354466	99308	9	0	99308	60885	38423	8126	2994	4100	5573	3832	2692	3700	3931	4234	1750	3033	2653	4602	2421	2610	4633	4063	2156	470	3168	3475	2173	413	3198	2770	1989	328	2549	3847	2942	353	4528
chr6	164354467	164573466	219000	10	0	219000	137144	81856	18847	6710	9153	13171	9049	5656	7650	8951	9454	3830	6391	6259	10532	5121	5869	10499	8953	4335	865	7164	7207	4308	683	6487	6081	3877	558	5404	9065	6165	696	10008
chr6	164573467	164716466	143000	9	0	143000	92020	50980	13227	4493	5916	9113	5746	3672	4619	5469	6117	2376	3958	3945	7658	3554	3785	8371	6137	2774	593	4591	4135	2555	490	4010	3518	2190	410	3180	5716	3670	513	6497
chr6	164716467	164762877	46411	10	0	46411	28210	18201	3780	1393	1848	2481	1782	1344	1715	1849	1940	888	1508	1342	2000	1048	1182	2110	1968	975	251	1478	1626	1149	229	1412	1246	878	175	1134	1850	1414	185	2229
chr6	164762879	164762927	49	10	0	49	32	17	7	3	3	1	4	1	1	1	3	0	2	1	0	1	1	2	3	0	0	2	2	0	0	1	2	0	0	0	0	3	0	3
chr6	164762929	164766156	3228	10	0	3228	1932	1296	226	100	148	168	126	92	126	135	140	61	96	92	150	73	76	121	136	78	11	101	133	78	17	101	87	68	7	90	124	105	5	155
chr6	164766158	164766189	32	10	0	32	17	15	2	0	1	1	1	0	2	1	1	1	1	2	1	0	1	0	0	1	0	0	0	1	1	1	1	0	1	4	4	1	0	0
chr6	164766191	164767926	1736	10	0	1736	1067	669	123	48	66	96	58	54	76	71	79	35	52	41	73	52	44	98	81	42	7	58	55	42	6	50	43	27	3	47	80	42	2	83
chr6	164767927	164772805	4879	10	0	4879	3093	1786	439	163	179	294	183	116	179	189	192	82	155	137	260	145	123	256	205	88	43	170	156	86	9	136	117	85	17	107	189	129	25	223
chr6	164772810	164775073	2264	10	0	2264	1533	731	229	65	75	181	100	56	55	114	97	33	44	66	123	64	69	160	101	43	3	71	67	35	5	42	67	13	3	41	90	58	3	89
chr6	164782596	164787821	5226	10	0	5226	3047	2179	419	179	221	251	264	126	214	172	240	105	177	162	148	99	118	151	204	133	38	134	210	134	28	180	144	109	27	153	218	176	27	263
chr6	164787842	164789124	1283	10	0	1283	806	477	106	49	47	82	56	28	44	45	60	22	38	28	62	31	48	59	58	32	4	36	31	21	5	46	35	22	8	29	49	27	7	66
chr6	164789125	164789372	248	10	0	248	173	75	30	8	8	18	13	6	7	12	8	4	5	8	14	7	7	16	13	3	0	9	5	2	0	3	6	2	0	6	14	3	0	9
chr6	164789374	164789407	34	10	0	34	18	16	4	1	2	1	0	1	1	2	1	0	0	1	3	1	0	0	3	0	0	0	1	3	1	2	0	2	0	0	0	1	1	0
chr6	164789409	164790423	1015	10	0	1015	679	336	100	40	44	72	46	19	27	41	43	16	27	31	67	25	22	58	34	23	7	36	39	11	0	22	14	12	3	17	45	26	0	46
chr6	164790431	164790610	180	10	0	180	120	60	18	7	7	14	8	8	3	8	11	0	4	4	9	2	6	10	8	2	1	6	4	1	1	4	7	4	0	2	8	3	0	8
chr6	164790629	164792441	1813	10	0	1813	1245	568	185	49	72	141	67	46	41	73	60	17	34	46	135	55	52	172	67	28	9	62	37	16	13	33	56	30	13	45	67	24	7	59
chr6	164792444	164792498	55	10	0	55	37	18	26	0	0	0	1	0	2	0	0	3	4	0	0	0	0	0	1	0	1	1	1	1	1	0	0	1	2	1	1	1	2	3
chr6	164792504	164795826	3323	10	0	3323	1942	1381	213	114	150	143	128	97	144	141	141	81	117	84	137	60	75	116	143	66	27	116	115	71	12	122	108	68	10	99	144	115	15	149
chr6	164795828	164795849	22	10	0	22	12	10	0	0	1	0	1	1	1	2	0	0	1	1	0	0	1	1	2	1	0	0	0	0	0	1	1	0	0	3	2	0	0	0
chr6	164795851	164798867	3017	10	0	3017	1866	1151	276	107	122	151	120	99	101	141	127	50	74	88	133	73	83	119	139	68	13	109	112	69	6	86	97	45	9	59	113	91	8	127
chr6	164798868	164800211	1344	10	0	1344	872	472	133	54	49	77	50	29	55	55	54	25	28	45	75	28	39	74	69	25	6	36	33	19	0	44	33	20	5	30	54	32	5	61
chr6	164800213	164833010	32798	10	0	32798	19766	13032	2431	931	1374	1719	1303	1004	1303	1333	1369	695	1023	914	1352	718	895	1401	1367	719	121	1141	1192	724	91	1076	981	672	87	860	1403	968	111	1518
chr6	164833011	165240010	407000	9	0	407000	250523	156477	32981	12178	16430	22753	15960	11883	14954	16516	16919	7552	12136	11263	18482	9708	10735	20072	17630	8778	1832	13080	14019	8734	1454	12711	11377	7567	1246	10178	16287	11839	1458	18286
chr6	165240011	165303010	63000	10	0	63000	37436	25564	4700	1862	2559	3197	2393	1895	2531	2471	2645	1167	2142	1682	2580	1434	1577	2600	2667	1431	328	1931	2246	1608	273	2215	1875	1351	244	1758	2502	1952	277	2905
chr6	165307011	165368010	61000	10	0	61000	36941	24059	4811	1863	2498	3264	2255	1782	2385	2427	2566	1205	1822	1602	2803	1517	1475	2665	2688	1306	352	2021	2115	1439	282	1999	1654	1261	290	1457	2392	1829	270	2703
chr6	165375011	165412099	37089	10	0	37089	23340	13749	3215	1173	1516	2165	1421	1022	1304	1466	1503	685	959	1042	1929	1020	1074	1845	1656	767	202	1274	1089	673	142	1106	958	624	167	901	1510	946	161	1572
chr6	165412101	165441011	28911	10	0	28911	18754	10157	2625	962	1156	1798	1075	750	940	1186	1162	466	699	754	1678	895	866	1740	1315	530	165	1063	777	406	99	773	697	450	123	678	1162	669	103	1147
chr6	165441012	165898011	457000	9	0	457000	266988	190012	33858	13596	18251	21879	16637	14889	18796	16974	18576	9042	15167	11792	18513	10335	11306	17376	19152	10554	3167	14988	16461	12152	3180	16056	13597	10548	2747	12832	18086	14595	2252	19644
chr6	165898012	166138011	240000	8	0	240000	139562	100438	17223	6923	9778	11328	9056	7800	9928	9063	9810	4750	8198	6265	9163	4963	5673	9640	10099	5599	1451	7287	9143	6603	1405	8581	7476	5678	1252	6840	9129	7851	1174	10869
chr6	166138012	166237011	99000	7	0	99000	55448	43552	7000	2806	3784	4282	3626	3255	4365	3398	3774	1995	3597	2537	3472	2028	2273	3255	3857	2496	695	3036	3955	3069	889	3884	3095	2822	849	3000	3736	3410	659	4099
chr6	166237012	166352011	115000	6	0	115000	63377	51623	7516	3071	4330	4647	3780	4038	5307	3810	4172	2446	4355	2826	4095	2223	2587	4173	4566	2842	890	3480	4423	3921	1253	4497	3680	3497	1112	3662	4266	3834	759	4940
chr6	166352012	166415011	63000	5	0	63000	34804	28196	4108	1710	2356	2680	2105	2206	2953	2139	2405	1283	2261	1517	2237	1317	1490	2036	2499	1572	442	2003	2479	2041	666	2455	2067	1877	604	2024	2358	2151	380	2577
chr6	166430012	166636011	206000	5	0	206000	107902	98098	11664	5373	7529	7136	6457	8118	10603	7111	7783	4767	8153	4894	5798	3504	3985	5027	8299	5491	2036	5936	8974	7920	2338	8567	7377	6703	1836	7022	7638	7686	1528	8745
chr6	166636012	166783011	147000	4	0	147000	77547	69453	8348	4028	5466	5250	4776	5649	7460	4868	5554	3218	5956	3460	4414	2540	2862	3696	5982	3885	1406	4162	6155	5523	1579	6367	5155	4730	1286	5035	5462	5486	1059	6181
chr6	166795012	167173011	378000	4	0	378000	211727	166273	26004	10909	14530	15982	13343	13203	17169	13176	14644	7810	13660	9629	13433	7602	8560	12071	15760	9463	2913	11388	14735	11735	3159	14670	11909	10326	2888	11583	14487	12775	2204	16278
chr6	167173012	167332011	159000	5	0	159000	82975	76025	8741	4084	6040	5434	5232	5924	8360	5166	5960	3845	6468	3755	4367	2673	3153	3771	6346	4244	1443	4494	6846	6293	1662	7059	5496	5314	1262	5538	5994	6009	1095	6930
chr6	167340012	167372011	32000	5	0	32000	17763	14237	2200	892	1173	1409	1188	1120	1499	1102	1222	704	1144	856	1064	582	645	963	1315	826	265	892	1242	1023	306	1233	1064	875	262	1006	1288	1079	229	1330
chr6	167390012	167433117	43106	5	0	43106	21925	21181	2205	1045	1524	1401	1286	2016	2140	1416	1528	1003	1795	927	1156	706	782	994	1938	1180	493	1160	1815	2018	563	1920	1501	1426	414	1499	1603	1692	296	1662
chr6	167434389	167465300	30912	5	0	30912	17112	13800	1892	813	1175	1335	1051	1216	1449	1157	1259	633	1275	780	1013	556	628	878	1177	787	193	1061	1334	951	198	1170	954	848	194	986	1408	1067	161	1311
chr6	167465301	167470501	5201	5	0	5201	2966	2235	349	128	176	268	174	199	218	195	198	152	173	134	201	103	108	188	242	123	69	148	178	145	51	180	140	121	38	143	226	165	62	204
chr6	167470502	167470736	235	5	0	235	94	141	3	2	7	2	4	9	22	8	4	6	10	6	3	0	4	2	6	8	0	3	14	16	1	19	15	18	2	13	8	8	1	9
chr6	167470738	167470774	37	5	0	37	13	24	0	2	0	0	2	1	2	1	0	1	3	1	0	0	0	0	2	0	1	0	1	4	1	3	3	1	0	2	0	4	0	0
chr6	167470776	167478549	7774	5	0	7774	3984	3790	408	177	280	256	216	310	465	259	316	178	307	174	181	121	147	189	268	227	59	232	366	316	69	363	291	275	52	296	325	295	46	308
chr6	167478551	167478919	369	5	0	369	208	161	30	10	13	10	15	6	18	21	8	12	12	23	11	3	6	8	16	8	1	7	27	10	1	10	6	10	1	9	11	20	1	23
chr6	167478920	167479273	354	5	0	354	198	156	6	12	1	8	6	9	20	45	9	12	4	29	6	8	4	18	30	6	2	4	26	3	2	8	9	6	2	3	15	25	0	14
chr6	167479274	167479876	603	6	0	603	323	280	34	14	33	20	21	24	29	14	26	16	26	6	20	7	13	20	21	19	8	13	20	11	4	33	24	23	3	26	23	16	5	29
chr6	167479878	167479925	48	6	0	48	23	25	1	2	4	0	1	1	3	0	3	0	5	0	1	0	1	0	1	0	0	2	2	1	0	4	0	1	0	5	1	5	0	2
chr6	167479927	167480908	982	6	0	982	555	427	78	23	53	47	34	29	43	25	51	12	34	22	38	11	20	33	26	17	3	29	37	41	6	46	35	35	2	30	33	37	5	45
chr6	167480944	167484572	3629	6	0	3629	2067	1562	248	98	146	179	152	100	163	118	141	86	144	91	129	67	80	124	113	98	23	117	158	98	23	137	106	100	14	112	155	120	20	167
chr6	167484573	167487075	2503	6	0	2503	1268	1235	125	63	77	73	73	93	134	100	80	61	133	70	59	34	50	41	90	64	20	77	121	95	28	118	86	86	13	93	104	117	17	106
chr6	167487091	167516307	29217	6	0	29217	14471	14746	1335	650	1001	839	846	1312	1511	1097	995	647	1343	739	649	426	450	629	1251	779	289	717	1361	1530	319	1399	1071	1000	269	1036	1083	1300	189	1153
chr6	167516308	167529881	13574	7	0	13574	7117	6457	626	373	492	469	450	579	724	516	522	316	518	395	362	210	236	328	615	367	135	362	566	483	131	584	510	385	98	469	577	529	90	555
chr6	167641394	167667819	26426	6	0	26426	13595	12831	1226	627	806	842	724	1472	1292	1089	907	593	1064	652	644	481	396	779	1391	760	295	727	1266	992	311	1054	907	811	283	816	1013	1060	183	961
chr6	167667820	167696819	29000	5	0	29000	14625	14375	1427	694	1008	856	871	1318	1616	987	1030	705	1169	684	656	479	531	592	1276	763	307	850	1311	1168	360	1252	1172	1034	287	1007	1033	1126	214	1215
chr6	167696820	167732819	36000	4	0	36000	18748	17252	2096	946	1339	1224	1085	1338	1868	1124	1408	813	1532	764	1017	590	683	920	1388	955	362	982	1507	1405	459	1597	1228	1201	383	1268	1292	1407	242	1575
chr6	167732820	167825819	93000	3	0	93000	49566	43434	5533	2528	3325	3581	3010	3346	4624	3200	3500	2073	3845	2137	2924	1586	1838	2516	3531	2452	845	2705	3973	3474	995	3897	3190	2968	782	3065	3486	3445	659	3965
chr6	167825820	168152819	327000	4	0	327000	177365	149635	20887	8975	11989	12812	10480	11990	15862	10988	12143	7314	12104	7871	11153	6435	6713	9647	13456	8637	2801	9821	13135	12075	3741	13197	10410	10032	2818	10080	12319	11404	2138	13571
chr6	168152820	168233819	81000	5	0	81000	41741	39259	4417	2133	3009	2755	2536	3231	4294	2651	3083	1922	3238	1834	2278	1226	1364	1770	3229	2168	861	2254	3488	3387	964	3621	2896	2820	741	2751	3099	3084	616	3278
chr6	168238820	168363819	125000	5	0	125000	63847	61153	6586	3148	4381	4129	3756	5166	6616	4143	4509	2882	5304	2830	3393	1965	2140	2898	5296	3382	1342	3142	5244	5317	1645	5576	4703	4247	1328	4405	4438	4836	933	5318
chr6	168363820	168559819	196000	6	0	196000	102650	93350	11145	4901	6997	7042	6002	7978	9931	6821	7261	4596	7775	4698	5677	3334	3582	4909	8360	4940	2036	5473	8277	7922	2320	8203	6826	6406	1845	6411	7269	7454	1409	8198
chr6	168562820	168652819	90000	6	0	90000	46305	43695	4813	2281	3154	2972	2578	3812	4684	2962	3380	2037	3893	2071	2449	1429	1775	2013	3816	2360	971	2412	3591	3482	1180	4208	3183	3141	835	3135	3446	3478	706	3751
chr6	168660820	168668899	8080	6	0	8080	4581	3499	636	233	343	357	310	259	339	274	331	139	295	218	292	154	155	245	293	188	55	249	325	256	72	303	261	204	49	260	304	308	51	320
chr6	168669040	168670337	1298	6	0	1298	635	663	77	24	46	44	47	58	54	44	40	32	48	32	26	20	24	18	48	38	14	34	70	106	10	58	44	40	12	36	41	59	8	44
chr6	168670339	168672913	2575	6	0	2575	1336	1239	152	56	95	95	70	88	156	82	96	78	104	49	79	41	32	62	93	60	30	80	102	110	22	126	100	81	31	76	101	110	11	105
chr6	168672915	168672951	37	6	0	37	19	18	0	1	4	0	1	0	4	1	4	2	0	1	0	0	0	0	1	2	0	0	1	0	0	2	2	0	0	2	2	1	0	4
chr6	168672953	168674766	1814	6	0	1814	1095	719	136	57	86	93	73	58	64	72	88	43	54	46	76	37	38	73	82	40	18	55	59	35	9	55	50	25	10	49	76	59	13	83
chr6	168674784	168675516	733	6	0	733	360	373	33	17	27	25	26	31	37	25	29	16	35	15	14	6	13	11	23	24	7	16	33	41	11	33	34	26	1	27	29	28	3	35
chr6	168675530	168678023	2494	6	0	2494	1207	1287	101	63	97	57	69	82	134	94	88	74	128	42	60	33	34	51	78	89	17	68	123	128	32	144	83	83	15	93	95	127	22	88
chr6	168678025	168678092	68	6	0	68	39	29	6	2	4	3	4	2	0	2	3	1	4	0	2	1	0	3	0	1	2	3	4	1	0	3	0	3	2	1	5	3	0	1
chr6	168678094	168678433	340	6	0	340	190	150	17	10	19	11	13	2	16	17	16	9	13	9	11	4	9	13	10	8	0	7	17	8	0	18	11	11	1	11	10	16	1	20
chr6	168678439	168678637	199	6	0	199	123	76	24	6	8	14	9	4	7	3	8	2	4	4	11	1	3	15	4	4	2	3	9	10	0	6	7	5	1	5	3	7	1	7
chr6	168678639	168678706	68	6	0	68	29	39	3	1	4	1	1	3	5	0	1	0	2	0	4	0	3	1	0	2	0	1	3	1	2	5	5	7	2	6	1	1	0	1
chr6	168678708	168678823	116	6	0	116	57	59	6	4	5	2	6	7	7	2	3	7	2	0	2	2	2	0	10	5	0	5	6	3	1	6	3	4	1	2	2	4	2	3
chr6	168678826	168679095	270	6	0	270	150	120	20	17	10	5	12	5	11	6	14	3	7	11	6	4	10	8	12	10	1	6	13	14	0	16	3	5	1	3	7	14	2	12
chr6	168679458	168680357	900	6	0	900	557	343	86	33	38	49	49	32	24	33	38	12	11	34	33	20	25	40	42	19	5	29	37	24	4	22	31	19	2	12	28	25	7	35
chr6	168680368	168680391	24	6	0	24	14	10	0	0	0	1	0	0	1	4	2	0	1	0	0	2	1	1	0	0	0	2	2	0	0	0	0	1	0	1	2	1	0	0
chr6	168680393	168680819	427	6	0	427	282	145	50	12	23	26	13	13	3	16	22	5	11	9	26	10	17	25	11	11	0	18	16	13	1	11	5	2	1	8	12	15	2	18
chr6	168680834	168680850	17	6	0	17	11	6	5	0	1	0	0	0	1	0	0	0	1	0	2	0	0	0	0	0	0	0	1	0	0	0	0	1	0	2	0	0	0	1
chr6	168680852	168681420	569	6	0	569	309	260	18	15	19	26	31	20	24	22	18	15	25	16	12	15	17	14	27	21	1	16	29	12	2	29	17	20	0	11	24	19	3	29
chr6	168681460	168681756	297	6	0	297	175	122	21	21	11	11	22	4	11	9	7	8	8	3	13	5	5	15	13	17	1	7	20	5	3	7	4	8	1	9	9	5	1	11
chr6	168681758	168684265	2508	6	0	2508	1334	1174	137	58	109	107	87	82	129	97	112	59	87	69	74	28	45	53	89	62	21	55	109	109	15	111	92	76	15	92	105	97	13	112
chr6	168684267	168684305	39	6	0	39	13	26	0	0	0	1	0	1	3	1	1	2	2	0	0	0	0	2	1	1	0	0	2	5	3	1	1	3	0	2	1	2	1	1
chr6	168684307	168684723	417	6	0	417	193	224	15	8	9	13	13	16	24	16	14	13	22	8	3	8	4	7	20	11	7	6	23	26	3	23	13	14	6	13	13	24	4	16
chr6	168684725	168684756	32	6	0	32	12	20	0	1	0	0	0	3	3	1	1	0	1	1	0	0	0	0	2	1	0	0	4	1	0	2	1	4	0	1	1	1	0	1
chr6	168684758	168685154	397	6	0	397	187	210	17	7	14	10	11	17	27	11	14	8	16	12	6	5	6	5	10	11	4	12	16	22	5	22	22	15	4	17	19	17	1	12
chr6	168685156	168685177	22	6	0	22	14	8	0	1	2	3	3	0	0	0	3	0	0	0	0	0	0	0	1	0	0	0	1	0	0	1	1	0	0	1	1	2	0	0
chr6	168685179	168685758	580	6	0	580	316	264	13	9	16	16	8	32	24	33	14	14	27	13	19	19	6	52	43	7	9	15	22	24	10	13	18	15	2	17	15	22	3	28
chr6	168685760	168685781	22	6	0	22	8	14	0	0	2	0	0	0	1	0	2	0	0	2	0	0	0	0	0	0	0	0	1	5	0	3	0	0	0	0	0	3	0	1
chr6	168685783	168686918	1136	6	0	1136	541	595	51	24	41	25	34	53	58	36	33	33	70	22	23	15	12	10	45	29	18	33	55	42	19	51	44	42	15	43	37	53	14	54
chr6	168686920	168686959	40	6	0	40	23	17	4	0	3	2	1	1	3	0	2	2	1	0	1	1	0	0	1	0	2	1	0	0	0	1	2	1	1	2	2	0	1	3
chr6	168686961	168687196	236	6	0	236	105	131	3	6	5	2	4	8	14	7	6	6	13	0	3	5	5	17	14	7	2	2	8	24	5	13	9	6	2	13	3	13	1	8
chr6	168687198	168687210	13	6	0	13	4	9	0	0	1	0	1	0	0	0	0	0	2	0	0	0	0	0	0	0	0	0	0	0	0	2	1	2	0	1	0	1	0	0
chr6	168687212	168688037	826	6	0	826	426	400	48	15	37	27	25	34	51	26	35	21	34	14	19	16	12	11	30	23	0	33	36	32	8	39	34	30	3	27	37	29	3	35
chr6	168688039	168689733	1695	6	0	1695	1034	661	151	52	86	92	64	42	61	70	93	25	58	41	72	30	43	53	64	26	9	50	47	44	4	59	53	32	6	49	73	51	3	90
chr6	168689739	168689990	252	6	0	252	128	124	20	10	10	3	10	7	17	3	11	5	14	3	3	5	5	1	4	12	1	10	10	4	4	13	12	11	2	7	11	5	1	16
chr6	168689997	168690157	161	6	0	161	93	68	12	2	5	12	7	6	5	7	6	2	5	6	5	4	2	5	7	3	2	2	7	3	1	6	5	5	3	5	6	6	2	5
chr6	168690158	168693490	3333	6	0	3333	1693	1640	181	106	105	102	108	140	180	99	118	82	145	71	88	51	49	66	143	99	46	91	133	121	56	144	121	121	44	104	130	113	34	140
chr6	168693491	168694562	1072	6	0	1072	700	372	102	44	48	74	48	18	35	26	56	12	31	27	63	27	27	61	41	21	9	30	21	22	5	36	25	9	2	24	40	32	4	50
chr6	168694563	168695126	564	6	0	564	257	307	22	6	23	12	12	22	36	8	19	14	38	15	11	6	4	7	16	11	7	14	22	26	11	39	16	29	6	23	24	32	6	25
chr6	168695140	168695208	69	6	0	69	35	34	2	3	1	2	1	2	2	4	3	2	4	1	2	4	1	1	6	2	2	1	2	2	2	2	0	1	0	3	1	4	2	2
chr6	168695210	168695253	44	6	0	44	22	22	0	2	3	0	2	0	1	4	2	0	1	0	2	3	1	0	4	0	0	1	1	4	0	4	2	2	0	0	0	2	0	1
chr6	168695254	168695531	278	6	0	278	173	105	20	6	17	14	9	14	13	6	13	6	7	7	15	7	4	14	15	6	2	10	5	5	0	8	8	5	0	7	14	2	2	15
chr6	168695533	168695556	24	6	0	24	16	8	1	1	2	1	2	1	0	0	0	0	1	0	2	2	2	0	2	0	0	2	0	0	0	0	1	0	0	1	0	0	0	1
chr6	168695558	168696858	1301	6	0	1301	771	530	103	30	47	80	41	36	49	49	54	20	33	40	61	31	39	57	42	29	6	40	58	37	10	48	28	41	9	34	47	47	7	46
chr6	168696860	168697001	142	6	0	142	47	95	0	1	1	1	1	6	10	1	2	4	14	2	0	2	2	0	2	2	3	6	7	6	6	6	5	10	9	10	4	8	4	5
chr6	168697002	168697898	897	6	0	897	552	345	94	35	26	45	30	27	27	40	39	12	30	24	36	16	25	45	29	21	16	24	33	16	7	25	25	15	3	25	37	29	6	33
chr6	168697912	168702661	4750	6	0	4750	2381	2369	242	108	147	156	145	188	259	176	154	110	231	99	112	69	96	87	173	138	32	132	237	186	44	233	189	178	51	182	169	198	41	186
chr6	168702665	168704743	2079	6	0	2079	1035	1044	117	55	80	60	68	81	116	68	87	40	85	41	40	26	35	35	71	59	19	53	112	87	19	105	71	92	23	78	78	85	11	80
chr6	168704751	168704948	198	6	0	198	85	113	5	3	4	5	5	5	14	7	5	6	10	2	4	3	1	4	6	6	1	4	14	18	3	8	9	6	4	11	2	13	2	6
chr6	168704950	168704973	24	6	0	24	9	15	0	0	1	0	0	0	1	0	2	2	2	0	0	0	0	0	1	0	1	0	0	3	1	2	0	0	0	0	0	4	0	2
chr6	168704976	168705601	626	6	0	626	309	317	30	12	25	19	22	26	31	17	15	11	26	10	19	19	12	14	22	13	9	25	29	31	11	26	34	25	6	23	11	27	4	20
chr6	168705603	168705650	48	6	0	48	15	33	0	1	0	0	1	5	3	0	0	2	3	0	0	0	0	0	3	1	1	1	3	4	2	3	3	2	1	2	0	5	0	0
chr6	168705652	168705722	71	6	0	71	19	52	0	2	0	0	2	7	4	0	0	2	2	0	0	0	0	0	4	4	2	0	4	12	4	4	4	4	2	2	0	4	0	0
chr6	168705731	168705749	19	6	0	19	3	16	0	0	0	0	0	1	1	0	0	1	0	0	0	0	0	0	0	1	1	0	1	4	2	1	1	2	1	0	0	0	0	0
chr6	168705750	168705785	36	6	0	36	9	27	0	0	0	0	0	4	3	0	0	1	1	0	0	0	0	0	2	2	1	0	2	6	2	1	3	2	1	2	0	1	0	0
chr6	168705786	168705821	36	6	0	36	10	26	0	0	0	0	0	4	3	0	0	1	2	0	0	0	0	0	2	1	1	1	2	4	2	1	3	2	1	2	0	2	0	0
chr6	168705822	168707363	1542	6	0	1542	744	798	64	43	52	39	43	67	97	49	58	33	68	39	33	19	21	19	54	39	30	39	60	60	24	65	76	54	25	73	66	56	15	60
chr6	168707364	168707603	240	6	0	240	150	90	21	7	8	12	7	8	7	18	5	2	7	3	16	8	5	15	14	4	1	6	4	9	0	8	18	2	0	6	3	6	1	7
chr6	168707617	168707997	381	6	0	381	218	163	21	11	16	17	15	12	16	21	19	5	13	15	10	9	8	9	18	11	0	8	19	13	0	14	11	7	0	8	16	15	0	22
chr6	168707999	168708023	25	6	0	25	12	13	1	1	0	1	0	3	1	0	1	0	1	1	1	0	1	0	0	1	1	1	1	0	1	0	1	1	0	1	2	0	0	1
chr6	168708025	168708560	536	6	0	536	325	211	52	13	17	33	18	12	21	30	21	16	14	12	26	11	8	19	19	10	11	12	20	10	1	17	18	12	5	13	24	16	5	18
chr6	168708584	168709204	621	6	0	621	385	236	45	16	26	39	25	21	23	26	22	14	20	15	34	14	14	30	23	11	3	28	25	5	3	14	19	15	2	16	28	16	2	25
chr6	168709206	168709245	40	6	0	40	23	17	3	1	2	2	1	1	2	1	2	2	1	0	2	0	1	1	1	0	0	2	1	1	0	2	2	1	0	1	1	2	0	2
chr6	168709247	168709481	235	6	0	235	139	96	14	7	9	12	10	6	12	11	11	9	8	7	6	2	4	10	14	3	0	7	10	2	1	6	4	4	2	8	11	10	1	12
chr6	168709483	168709503	21	6	0	21	9	12	1	0	0	1	0	3	0	1	1	0	0	2	0	0	0	0	2	1	0	0	2	3	0	0	0	0	0	0	0	2	0	0
chr6	168709505	168709695	191	6	0	191	78	113	4	4	3	2	3	11	10	7	4	4	11	5	2	2	6	0	4	9	4	4	14	12	3	9	9	10	2	7	4	9	1	10
chr6	168709711	168709853	143	6	0	143	61	82	3	2	7	2	5	2	9	9	5	5	6	4	1	0	0	1	3	2	2	2	4	10	3	7	11	8	3	5	7	5	0	8
chr6	168709855	168709896	42	6	0	42	20	22	1	0	3	1	1	0	1	2	3	1	5	1	0	0	0	0	1	0	0	1	0	3	0	4	0	0	1	1	3	4	0	3
chr6	168709898	168710330	433	6	0	433	183	250	15	6	17	6	11	21	31	12	15	11	23	5	3	3	1	1	9	15	5	12	23	34	3	31	23	21	3	15	20	21	1	14
chr6	168710332	168710346	15	6	0	15	7	8	0	0	0	1	1	0	1	2	0	1	0	1	0	0	0	0	0	0	0	0	1	0	0	0	2	0	0	1	1	1	0	0
chr6	168710348	168711725	1378	6	0	1378	757	621	87	54	54	56	53	43	66	51	69	26	51	29	42	15	25	36	50	36	13	39	54	43	18	45	45	42	14	45	64	40	5	66
chr6	168711734	168712753	1020	6	0	1020	435	585	20	11	31	17	25	45	77	30	29	35	59	19	5	4	14	13	34	30	3	28	55	64	12	69	51	56	7	33	37	50	4	51
chr6	168712760	168713191	432	6	0	432	235	197	23	11	16	19	24	14	26	17	15	10	17	15	7	5	7	9	18	7	0	15	18	7	2	17	23	15	1	15	22	15	1	19
chr6	168713192	168713819	628	6	0	628	332	296	36	13	14	24	12	31	44	17	20	14	30	15	19	9	17	15	26	22	6	14	31	14	4	26	30	15	0	29	17	24	2	36
chr6	168713820	168714353	534	6	0	534	251	283	19	10	22	11	15	20	41	24	14	13	15	13	14	7	7	4	20	15	3	12	35	29	2	26	29	32	1	24	16	16	0	23
chr6	168714361	168715421	1061	6	0	1061	572	489	8	5	41	29	13	36	7	124	40	10	86	121	22	9	5	16	11	36	6	6	49	32	2	73	4	3	0	8	116	85	4	52
chr6	168715513	168717240	1728	6	0	1728	862	866	56	30	55	46	30	65	68	117	56	27	112	102	45	6	20	27	42	43	17	26	83	67	16	110	50	52	11	51	105	113	10	68
chr6	168717242	168717279	38	6	0	38	23	15	4	2	1	2	1	1	2	2	4	1	1	2	0	0	0	0	3	0	0	0	1	1	0	1	0	0	0	0	2	2	0	3
chr6	168717281	168718810	1530	6	0	1530	820	710	106	45	60	57	45	79	69	47	71	33	58	26	46	26	12	40	68	40	24	51	64	53	21	54	43	45	20	37	65	55	11	57
chr6	168718824	168719382	559	6	0	559	224	335	11	7	17	3	12	29	32	23	9	24	29	9	6	4	3	5	20	24	8	12	42	41	12	33	23	26	6	17	12	37	2	19
chr6	168719397	168721176	1780	6	0	1780	969	811	115	46	76	69	65	71	89	57	84	40	79	43	42	29	28	35	81	50	11	44	69	52	14	74	64	55	9	42	69	52	12	112
chr6	168721180	168724543	3364	6	0	3364	1801	1563	181	87	121	121	98	122	193	116	128	72	149	77	104	56	91	83	122	95	15	105	151	113	12	160	133	103	6	122	123	125	11	167
chr6	168724558	168726838	2281	6	0	2281	1093	1188	105	48	67	73	55	78	151	63	82	48	129	42	51	29	24	46	71	61	14	57	117	127	22	128	77	95	21	97	83	111	17	90
chr6	168726848	168727360	513	6	0	513	257	256	56	9	10	12	12	21	26	11	14	8	28	18	5	12	8	5	13	14	9	14	25	21	10	22	12	24	11	13	20	19	6	23
chr6	168727364	168728598	1235	6	0	1235	607	628	62	24	54	28	37	44	78	37	44	27	65	30	24	7	24	21	35	26	6	35	60	39	14	63	54	62	10	58	47	49	4	65
chr6	168728601	168729459	859	6	0	859	451	408	54	21	38	26	24	31	46	25	41	18	38	24	19	11	17	17	38	23	2	18	29	40	9	41	21	25	7	33	37	31	6	47
chr6	168729479	168733904	4426	6	0	4426	2655	1771	368	127	171	271	143	136	162	167	210	87	131	97	216	98	102	167	184	100	34	131	147	148	34	140	105	98	22	103	172	123	38	192
chr6	168733905	168735599	1695	6	0	1695	982	713	112	53	87	74	68	55	63	65	67	24	70	48	77	35	39	43	69	31	8	59	67	35	7	58	55	45	8	62	60	56	13	80
chr6	168735600	168736191	592	6	0	592	328	264	50	15	42	16	21	23	29	15	42	9	26	12	9	6	5	6	26	13	3	11	18	19	1	28	23	12	4	17	21	22	0	46
chr6	168736192	168736227	36	6	0	36	28	8	10	0	8	0	0	0	0	0	6	0	0	0	1	1	0	0	0	0	0	1	0	0	0	0	0	0	0	0	0	0	0	7
chr6	168736228	168739667	3440	6	0	3440	2164	1276	343	108	164	215	127	79	116	123	183	53	94	88	178	65	77	150	125	72	10	98	110	88	14	120	71	66	11	72	139	107	11	161
chr6	168739669	168740175	507	6	0	507	349	158	59	17	23	35	20	11	15	19	25	6	10	16	30	15	17	30	18	11	0	20	11	5	0	12	10	3	0	9	26	8	0	24
chr6	168740177	168740221	45	6	0	45	30	15	6	2	0	2	2	1	2	5	2	0	0	0	0	1	2	3	3	0	0	1	0	0	0	0	6	0	0	2	2	0	0	1
chr6	168740223	168743732	3510	6	0	3510	1863	1647	150	84	142	159	124	163	169	110	157	81	128	74	104	43	72	103	142	81	38	110	155	124	36	109	138	96	40	136	131	123	30	156
chr6	168743738	168743776	39	6	0	39	12	27	0	0	1	0	1	3	5	0	0	1	1	0	0	0	0	0	1	1	1	1	2	2	1	2	5	4	0	3	0	1	0	1
chr6	168743778	168744221	444	6	0	444	124	320	1	3	9	3	7	19	25	9	7	7	25	2	2	2	2	0	4	12	5	10	29	50	31	18	23	45	22	29	4	21	12	4
chr6	168744224	168744845	622	6	0	622	290	332	48	8	25	12	18	32	37	14	23	11	36	8	4	7	5	2	16	21	8	13	34	34	7	31	29	28	3	28	21	24	2	31
chr6	168744846	168749938	5093	6	0	5093	3215	1878	473	160	199	309	192	144	183	231	242	94	115	134	235	127	122	254	230	99	23	173	172	102	23	127	127	88	19	110	221	135	19	209
chr6	168749939	168750006	68	6	0	68	50	18	24	3	2	2	1	3	1	3	2	0	1	1	3	0	0	2	3	3	0	0	3	0	0	3	1	1	0	0	1	2	0	1
chr6	168750008	168750832	825	6	0	825	542	283	95	33	39	47	47	14	24	32	37	11	18	27	35	15	26	40	31	16	0	26	28	13	1	15	25	15	1	19	33	13	0	47
chr6	168750834	168750859	26	6	0	26	18	8	2	1	0	4	1	0	0	2	3	0	0	0	1	0	1	2	0	1	0	0	2	1	0	0	0	0	0	0	1	1	0	1
chr6	168750861	168753683	2823	6	0	2823	1784	1039	253	96	123	155	124	71	97	108	128	49	70	89	123	67	72	158	124	67	10	82	95	71	7	75	66	39	5	61	115	71	6	144
chr6	168753686	168839404	85719	6	0	85719	49559	36160	6331	2407	3343	4158	3124	2920	3753	3157	3518	1722	2944	2337	3266	1612	1834	3132	3564	1877	643	2577	3204	2285	598	3021	2719	2126	511	2514	3468	2820	470	3762
chr6	168842405	169005404	163000	6	0	163000	89878	73122	10571	4649	6035	6688	5441	6132	7670	5750	6346	3616	5991	3921	5585	3115	3321	5045	7087	4060	1567	4799	6315	5306	1730	6205	5304	4625	1215	5034	6287	5565	1044	6979
chr6	169005405	169150404	145000	7	0	145000	83406	61594	10383	4275	5928	6741	5571	4697	6176	5387	5809	2848	5163	3710	5565	2745	3281	5125	5690	3488	936	4451	5507	4055	968	5393	4741	3781	702	4352	5893	4599	686	6352
chr6	169150405	169247404	97000	6	0	97000	50963	46037	5451	2531	3304	3529	3086	4290	4539	3704	3570	2014	3728	2513	2708	1688	1790	2516	4110	2644	1036	2733	4515	3916	1112	3794	3328	3033	939	3052	3666	3744	633	3782
chr6	169247405	169407404	160000	7	0	160000	89660	70340	10324	4602	5959	6759	5633	6570	7313	6218	6114	3521	5704	3991	5574	2977	3223	5176	7684	4085	1167	4734	6476	4888	1117	5957	5370	4057	868	4607	6205	5408	816	6901
chr6	169407405	169527734	120330	6	0	120330	70971	49359	9385	3657	4851	5977	4628	3718	4968	4604	4824	2387	3841	3049	5032	2434	2898	4716	5037	2668	727	3764	4593	3181	647	3981	3689	2821	612	3538	4600	3732	494	5275
chr6	169527735	169531403	3669	6	0	3669	2303	1366	331	130	123	228	139	115	126	163	149	53	94	84	193	90	106	179	177	73	27	111	116	66	16	106	111	79	13	91	139	86	12	141
chr6	169531404	169639403	108000	5	0	108000	62991	45009	8230	3174	4093	5123	3897	3812	4499	4148	4093	2154	3557	2805	4400	2389	2436	4180	4770	2618	808	3333	3981	2788	747	3712	3370	2569	712	2991	4234	3253	573	4549
chr6	169639404	169879876	240473	4	0	240473	131288	109185	15392	6593	8791	9438	8017	9231	11569	8272	8921	5147	9090	5861	7884	4695	5143	7243	10404	6074	1997	7191	9660	8070	2407	9269	7903	7086	2150	7955	9122	8176	1542	10178
chr6	170014749	170048275	33527	4	0	33527	16291	17236	1362	776	1143	914	910	1453	1992	1039	1197	901	1545	720	726	493	530	589	1395	967	379	882	1628	1474	471	1613	1215	1310	375	1164	1157	1435	219	1551
chr6	170048276	170145275	97000	3	0	97000	46871	50129	4482	2326	3129	2668	2820	4253	5265	3120	3299	2278	4427	2180	2004	1327	1478	1814	3734	2868	1246	2335	4726	4701	1565	4653	3603	3848	1149	3516	3395	4228	766	3795
chr6	170148276	170206169	57894	3	0	57894	27335	30559	2387	1797	1576	1455	1622	2348	3687	1495	2025	1395	2664	1104	1181	777	840	982	2545	1813	626	1332	2603	3288	1028	2798	2169	2421	741	2005	1835	2196	525	2632
chr6	170206186	170206771	586	3	0	586	304	282	9	10	13	8	11	103	10	60	9	5	19	3	11	14	4	15	87	15	11	17	16	13	0	7	53	5	2	18	28	3	1	4
chr6	170206775	170213265	6491	3	0	6491	2817	3674	182	142	201	120	179	289	465	177	205	170	301	126	79	69	61	51	241	209	82	138	340	356	121	367	306	340	79	291	222	278	70	232
chr6	170221710	170236749	15040	3	0	15040	6969	8071	628	338	492	372	411	681	992	367	493	401	693	301	298	150	178	172	579	411	195	385	747	719	238	753	623	693	205	635	503	634	168	583
chr6	170237182	170237498	317	3	0	317	144	173	12	12	9	1	10	22	18	1	0	23	12	12	12	0	0	0	17	0	24	16	7	12	2	12	18	1	11	4	9	21	11	6
chr6	170237715	170237907	193	3	0	193	88	105	7	8	6	0	6	14	10	0	0	14	6	8	8	0	0	0	11	0	15	10	4	7	2	6	10	1	7	3	6	11	8	3
chr6	170237962	170376411	138450	3	0	138450	72191	66259	8115	3779	5093	4803	4433	5180	7017	4335	5159	3112	5323	3091	4083	2471	2717	3479	5495	3635	1456	3955	5647	5452	1994	5806	4863	4830	1777	4662	4960	4982	1017	5727
chr6	170401412	170465411	64000	3	0	64000	32453	31547	3417	1584	2276	2045	1930	2516	3602	1890	2319	1512	2810	1406	1656	939	1164	1387	2545	1674	611	1721	2831	2727	753	3099	2213	2377	572	2375	2348	2632	410	2657
chr6	170468412	170494411	26000	3	0	26000	13906	12094	1446	716	920	961	856	991	1315	872	989	577	1149	585	752	487	577	712	1029	708	244	790	1096	883	207	1171	865	811	139	849	1043	955	152	1151
chr6	170531412	170605411	74000	3	0	74000	44535	29465	6007	2331	3131	3769	2818	2012	3035	2635	2942	1381	2248	1941	3471	1882	1938	2993	3048	1660	384	2514	2494	1592	411	2587	2109	1671	398	2084	2848	2161	335	3168
chr7	24500	232484	207985	3	0	207985	96994	110991	8126	4585	6531	5151	5429	8979	12334	6161	6604	5539	9584	4223	4234	2752	3099	3661	8027	5984	2772	5073	9793	11373	3811	10466	7969	9158	2707	7908	7114	8928	1806	8102
chr7	242519	276533	34015	3	0	34015	14187	19828	1039	560	878	627	654	1519	2317	788	936	998	1787	591	475	332	357	328	1102	1142	495	670	1818	2248	903	1907	1401	1890	575	1364	957	1597	359	1399
chr7	276534	426380	149847	2	0	149847	67432	82415	6034	3349	4225	3309	4052	6968	8661	4022	4380	3899	7107	3052	2451	1712	2040	2171	5828	4522	2211	3367	7287	9184	3252	7663	5655	7088	2388	5530	4933	6593	1439	5473
chr7	426381	443674	17294	2	0	17294	7252	10042	436	276	436	320	341	833	1072	567	454	431	885	460	238	159	170	173	534	532	283	350	1084	1072	427	915	645	965	274	730	550	929	184	567
chr7	443889	452622	8734	2	0	8734	3940	4794	385	162	253	218	215	324	503	203	255	212	586	150	163	78	104	127	268	229	95	184	408	623	154	488	298	401	107	336	272	420	72	439
chr7	452623	456527	3905	1	0	3905	1351	2554	41	61	69	35	73	168	276	70	75	152	200	59	17	21	18	16	106	146	82	67	265	407	138	237	132	254	93	139	83	240	43	120
chr7	456691	456922	232	1	0	232	68	164	0	6	0	0	6	11	17	0	0	9	13	6	0	0	0	0	2	15	4	5	32	43	0	15	0	13	4	1	0	20	0	8
chr7	456926	456984	59	1	0	59	16	43	0	2	0	0	2	2	3	0	0	2	2	2	0	0	0	0	0	4	2	0	7	11	2	3	0	4	2	0	0	5	0	2
chr7	456985	457021	37	1	0	37	11	26	0	1	0	0	1	0	2	0	0	2	2	0	0	1	1	0	0	2	1	1	3	5	2	3	0	2	1	1	0	4	0	0
chr7	457022	457040	19	1	0	19	6	13	0	0	0	1	1	1	1	1	0	1	0	0	0	0	0	0	0	1	0	0	3	3	0	1	1	1	0	0	0	1	0	0
chr7	457041	457137	97	1	0	97	27	70	0	2	0	0	2	5	5	0	0	5	6	2	0	0	0	0	1	8	1	2	11	19	4	5	0	3	1	0	0	9	0	4
chr7	457277	457376	100	1	0	100	24	76	0	3	0	0	3	4	4	0	0	5	5	0	0	0	0	0	0	8	2	1	11	23	6	5	0	5	2	1	0	9	0	1
chr7	457406	457417	12	1	0	12	2	10	0	0	0	0	0	0	1	0	0	1	0	0	0	0	0	0	0	1	0	0	1	3	0	1	0	1	0	0	0	1	0	0
chr7	457422	457585	164	1	0	164	47	117	0	2	0	3	5	6	8	4	0	8	8	3	0	0	0	0	1	13	1	1	19	34	6	9	3	7	1	1	0	15	0	4
chr7	457588	571862	114275	1	0	114275	47710	66565	3483	2122	3093	1957	2622	5101	6911	3045	3098	2947	5688	2406	1452	1058	1486	1240	3580	3863	1422	2363	6361	8455	2839	6645	4111	6303	2068	4414	3627	5678	1079	3756
chr7	571863	743862	172000	2	0	172000	80570	91430	8082	3763	4893	4312	4721	7777	9638	5181	5084	4048	7915	4033	3162	2439	2643	2878	6149	5529	2162	4187	8836	9153	3261	8262	6226	7631	2532	6421	6106	7198	1557	6219
chr7	743863	922070	178208	1	0	178208	81678	96530	8433	4123	5163	3977	4586	8144	10293	4441	5218	4525	8024	3490	3460	2578	2594	2628	6542	5494	2822	4512	8652	9558	4013	8445	6631	8374	3564	6665	5639	7242	1925	6451
chr7	922072	1767863	845792	1	0	845792	364018	481774	31177	15699	22529	16481	19956	38556	52201	20888	21963	21662	41064	16890	12790	9975	11246	10941	28440	27369	10990	19093	44727	56464	20720	45152	32468	45548	15893	33329	25966	37680	8467	29466
chr7	1767864	1941276	173413	2	0	173413	79233	94180	7109	3859	4864	4025	4468	7744	10781	4839	5040	4466	7619	3449	3240	2313	2514	2901	6638	5075	2520	4149	8539	9581	3420	8641	6973	8543	2811	6715	5682	6982	1637	6274
chr7	1941278	1942864	1587	2	0	1587	616	971	30	28	39	20	26	76	122	36	48	41	69	30	13	9	18	10	53	51	21	30	99	121	38	98	66	100	33	72	42	84	14	48
chr7	1942865	2048864	106000	3	0	106000	47593	58407	4014	2251	3088	2263	2563	4975	6866	2831	3165	2732	4870	1979	1874	1282	1397	1443	4076	3126	1518	2520	5310	5869	2076	5252	4364	5191	1859	4498	3485	4321	990	3950
chr7	2048865	2159864	111000	2	0	111000	47863	63137	3517	2244	3380	1790	2654	5254	7260	2862	3246	2918	5677	1998	1513	1158	1281	1110	3927	3410	1656	2580	5830	6264	2317	5967	4641	5845	2026	4834	3632	4859	1131	4217
chr7	2159865	2475747	315883	1	0	315883	152289	163594	17543	7247	9421	8510	9350	13092	18238	8184	9188	7316	14920	6948	6640	4991	5434	5266	10815	9336	3458	9037	15269	14130	5470	15118	11525	14328	4735	12000	11254	12193	3067	11858
chr7	2475749	2806865	331117	1	0	331117	151300	179817	14941	6867	9843	7469	8927	14077	19968	8658	9197	8152	15465	6792	6055	4547	5340	5001	11398	9942	3922	8381	17159	18792	6245	16895	12354	16713	5188	13221	10719	13643	3125	12119
chr7	2806866	2993865	187000	2	0	187000	94144	92856	10189	4414	6371	5676	5915	7533	9948	5795	6128	4124	8441	4572	4420	3044	3515	4057	6722	5457	1629	5307	8847	8008	2347	8844	6667	7258	1902	6603	6955	7323	1466	7521
chr7	2993866	3150268	156403	3	0	156403	83729	72674	9923	4023	5656	5880	5592	5657	7694	5266	5583	3377	6662	4130	4384	2761	3195	3944	5841	4238	1216	4523	6964	5639	1371	6675	5283	4949	1038	5184	6122	5823	983	6825
chr7	3150270	3182770	32501	3	0	32501	16963	15538	1942	850	1117	1145	1139	1227	1715	986	1077	760	1437	770	896	536	618	747	1271	924	265	913	1492	1279	290	1482	1146	1069	237	1125	1158	1271	248	1367
chr7	3182772	3401867	219096	3	0	219096	126593	92503	16792	6519	8650	9855	8161	7051	9371	7846	8416	4165	7819	5779	8447	4893	5248	7580	8829	5372	1401	7026	8531	5975	1345	7994	6531	5559	1239	6521	8539	6940	1153	9547
chr7	3401868	3489867	88000	4	0	88000	54423	33577	7593	2802	3707	4794	3461	2473	3256	3242	3585	1572	2704	2405	4257	2214	2410	3947	3755	1855	458	2993	2733	1666	339	2876	2415	1625	280	2314	3529	2468	377	3893
chr7	3489868	3618867	129000	5	0	129000	78405	50595	10427	4025	5168	6749	4829	3781	5088	4917	5166	2430	3906	3642	5947	3357	3531	5441	5559	2915	744	4375	4238	2832	556	4329	3600	2488	472	3342	5218	3719	560	5647
chr7	3618868	3740867	122000	6	0	122000	72751	49249	9420	3628	4939	6038	4552	3838	4894	4535	4946	2323	4004	3364	5107	2931	3113	5119	5175	2801	779	3964	4362	2838	599	4210	3445	2625	520	3292	4837	3745	572	5483
chr7	3740868	4046867	306000	7	0	306000	172517	133483	21350	8672	11907	13126	10643	10267	13850	11025	12210	6345	11131	7930	10852	6550	6927	9731	12367	7364	2570	9534	11606	9244	2477	11718	9692	8088	1874	9332	12120	10348	1917	13231
chr7	4046868	4143867	97000	6	0	97000	50611	46389	5607	2503	3385	3258	3104	3639	5013	3263	3462	2077	4075	2485	2580	1647	1895	2618	3701	2648	891	2626	4380	3874	993	4369	3311	3307	797	3391	3627	3787	705	3980
chr7	4143868	4270867	127000	5	0	127000	60852	66148	5565	2880	4130	3272	3564	5249	7294	3832	4053	3037	6026	2747	2665	1886	2168	2483	4644	3790	1425	3193	6107	6300	1976	6351	4784	5234	1461	5018	4404	5410	994	5056
chr7	4270868	4298547	27680	4	0	27680	15192	12488	1892	760	1023	1104	961	936	1278	1009	1054	570	1060	724	872	546	589	813	1054	777	193	788	1248	973	246	1099	870	836	177	819	1012	980	170	1245
chr7	4298549	4538868	240320	4	0	240320	133446	106874	16697	6417	8881	9756	8773	8197	10961	8318	8689	4957	10050	6496	7592	4699	5382	7580	8988	6314	1675	7292	10055	7305	1825	9641	7712	6888	1529	7457	9494	8319	1495	10884
chr7	4538869	5036868	498000	3	0	498000	251004	246996	29358	12210	16257	15424	16008	19097	26314	14233	15352	11108	22024	11491	12531	8846	9560	11189	17714	14701	4852	13994	23400	21151	7199	22928	17186	20110	6136	17650	17352	18716	4323	19584
chr7	5036869	5268868	232000	2	0	232000	120245	111755	15598	5854	7504	7640	7859	8726	11971	6527	7051	4882	10452	5768	6087	4253	4743	5329	8069	6654	2042	6949	10713	8327	2889	10270	7765	9034	2770	8119	8536	8184	2101	9332
chr7	5268869	5780868	512000	1	0	512000	245318	266682	28829	11271	15986	13292	15387	20371	28828	12972	14284	11559	24356	11275	10878	8145	9420	8465	16835	15340	4915	14256	25421	24993	8651	25380	18088	24257	7628	19443	17214	19854	4894	19511
chr7	5780869	6017868	237000	2	0	237000	125224	111776	16879	6174	7441	8244	8227	8981	11952	6728	6955	4897	10541	5916	6678	4672	4958	5980	8468	6810	2112	7334	10635	7737	2844	10106	7782	8822	2614	8202	9003	7954	2102	9250
chr7	6017869	6537868	520000	1	0	520000	275029	244971	37035	13458	17048	18298	17570	19129	26343	14691	15791	10824	22256	12550	15444	10340	11209	13041	18816	14507	4318	16110	22932	17366	6398	22340	16912	19666	6241	17943	19073	17497	4389	20463
chr7	6537869	6663868	126000	2	0	126000	59210	66790	6643	2725	3785	3092	3838	5087	7395	3075	3390	2907	6106	2839	2374	1945	2191	1818	4031	3894	1157	3582	6390	6006	2316	6419	4568	6155	2103	4925	4405	5076	1210	4551
chr7	6663869	6857868	194000	3	0	194000	102391	91609	12374	5043	6321	6850	6433	7362	9599	5872	6368	4135	8364	5038	5413	4021	4136	5062	7582	5400	1670	5909	8219	6923	2446	8409	5961	6825	2122	6236	7503	6849	1688	7865
chr7	6857869	6979868	122000	4	0	122000	63696	58304	6669	3140	4475	4097	4221	4644	6089	3894	4263	2776	5090	3139	3227	2332	2529	3110	4809	3530	1030	3523	5452	4918	1311	5468	3978	4102	919	3995	4608	4599	864	5197
chr7	6979869	7340868	361000	5	0	361000	218337	142663	28291	11011	15029	18809	14245	9931	13646	13465	14762	6646	11403	10295	15842	9144	9773	16045	15045	8298	1683	11706	12625	9189	1451	12351	9615	6994	1262	9337	14002	11136	1510	16457
chr7	7340869	7514868	174000	4	0	174000	106783	67217	14149	5321	7285	9624	6863	4763	6445	6491	7303	3118	5393	4721	8065	4238	4865	8138	7084	3836	760	5759	5973	3728	618	5809	4551	3433	543	4587	6954	5131	617	7833
chr7	7514869	8003321	488453	3	0	488453	305190	183263	42604	15387	20396	27990	18954	12934	17288	18473	20019	8465	14135	13337	24800	12675	13762	23970	20203	10285	2179	16794	15574	9803	1910	15118	12674	8969	1666	12131	19197	13348	1873	21538
chr7	8003323	8385869	382547	3	0	382547	232682	149865	30908	11784	15934	20266	14838	10783	14623	14619	15829	7066	11862	10500	17317	9147	10387	16819	15676	8658	1787	12659	13348	8623	1507	12727	10537	7597	1274	10213	15302	11326	1422	17207
chr7	8385870	8476869	91000	4	0	91000	55012	35988	7229	2627	4011	4871	3483	2411	3282	3480	3973	1705	2936	2521	4053	2108	2506	3814	3533	1915	409	2994	2994	2135	534	3015	2499	1837	538	2450	3631	2791	437	4276
chr7	8476870	8575869	99000	5	0	99000	61973	37027	7965	3079	4297	5797	3958	2520	3496	4101	4225	1795	2918	2840	4989	2496	2911	4584	4150	2033	309	3398	3169	1985	210	3045	2647	1590	160	2553	4110	2801	241	4626
chr7	8575870	8682869	107000	6	0	107000	68155	38845	9333	3351	4636	6538	4351	2730	3545	4292	4561	1808	2874	2976	5613	2826	3030	5690	4531	2096	404	3684	3353	1981	234	3078	2787	1733	228	2516	4247	2836	330	4806
chr7	8682870	8795869	113000	7	0	113000	71877	41123	9952	3534	4849	6863	4659	2828	3724	4554	4844	1917	3129	3171	5744	2920	3322	5866	4658	2338	394	3808	3568	1961	289	3245	2965	1803	240	2792	4574	2961	347	5179
chr7	8795870	8962869	167000	8	0	167000	108574	58426	15330	5343	6889	10984	6792	4022	5120	7004	7230	2704	4310	4688	9196	4496	4846	9618	7033	3103	667	5762	4917	2671	407	4344	4160	2449	395	3586	6828	4116	515	7473
chr7	8962870	9046869	84000	9	0	84000	55084	28916	8027	2604	3503	5672	3389	2010	2555	3300	3679	1321	2099	2339	4711	2250	2464	5161	3624	1497	345	2719	2208	1249	231	2288	2050	1189	196	1880	3372	2041	291	3734
chr7	9046870	9232869	186000	8	0	186000	120945	65055	17381	5903	7749	12121	7565	4678	5860	7330	7955	3008	4860	5165	10254	5000	5506	10608	8068	3617	660	6244	5327	2938	420	5045	4550	2638	334	4226	7489	4537	502	8460
chr7	9232870	9326869	94000	9	0	94000	62017	31983	9118	3020	3849	6352	3858	2271	2731	3890	3990	1480	2281	2696	5374	2442	2699	5964	4018	1757	342	3096	2598	1349	267	2323	2258	1297	226	2005	3876	2134	301	4136
chr7	9326870	9691349	364480	10	0	364480	236784	127696	33811	11650	14855	23705	15033	9029	11225	14778	15175	5906	9342	10395	20002	9713	10512	21651	15799	7074	1432	11993	10653	5976	961	9700	8961	5491	859	7979	14653	8749	1154	16262
chr7	9691351	9918843	227493	10	0	227493	147194	80299	20637	7177	9226	14517	9317	5511	7067	9315	9391	3716	5803	6428	12211	6088	6601	14188	9602	4454	876	7560	6825	3943	637	6171	5724	3484	605	5079	9058	5695	698	9887
chr7	9918865	9919142	278	10	0	278	179	99	26	5	9	21	7	7	13	10	10	6	10	9	19	5	8	12	11	3	0	9	8	3	0	11	4	8	0	6	14	8	0	14
chr7	9919143	9919699	557	10	0	557	404	153	77	16	28	43	26	12	11	24	27	9	9	14	35	16	10	45	23	8	0	22	11	1	0	8	9	2	1	8	30	9	1	20
chr7	9919708	9920033	326	10	0	326	243	83	58	5	17	31	10	7	6	8	17	2	2	12	27	6	6	27	5	7	1	7	9	2	0	7	6	3	0	3	11	6	1	15
chr7	9920034	9920233	200	10	0	200	154	46	37	4	14	21	7	2	3	5	12	2	2	3	19	4	1	16	6	3	0	3	2	1	0	4	4	0	0	4	5	3	2	9
chr7	9920235	9920265	31	10	0	31	26	5	10	2	1	2	1	1	0	0	1	0	0	0	3	0	1	2	1	0	0	2	1	0	0	0	0	0	0	0	0	1	0	0
chr7	9920271	9920398	128	10	0	128	94	34	24	3	7	12	9	1	1	4	7	3	1	3	7	2	4	5	4	1	0	4	4	1	0	1	2	1	0	1	5	3	0	6
chr7	9920400	9921000	601	10	0	601	422	179	71	13	20	58	33	8	12	23	19	8	14	25	38	14	14	50	15	12	1	15	11	8	1	18	21	6	1	4	29	12	1	24
chr7	9921001	9921844	844	10	0	844	508	336	53	20	39	45	30	19	34	42	35	19	28	29	38	26	28	22	32	19	4	29	25	11	2	33	26	18	1	25	42	23	3	42
chr7	9921846	9921873	28	10	0	28	17	11	1	1	2	0	0	1	1	2	3	2	0	0	0	2	1	0	1	0	1	3	0	0	0	0	0	0	0	0	3	0	1	1
chr7	9921875	9927518	5644	10	0	5644	3688	1956	540	203	218	373	251	143	170	276	233	96	131	184	309	128	162	269	271	103	14	182	166	81	6	143	150	66	7	123	254	146	11	233
chr7	9927519	9927716	198	10	0	198	142	56	21	5	6	17	4	6	6	8	8	1	4	3	17	10	9	16	7	2	0	13	6	0	0	1	4	3	0	3	6	2	0	8
chr7	9927718	9928003	286	10	0	286	214	72	51	19	13	18	17	1	5	8	8	7	4	2	26	2	8	24	11	5	0	13	5	2	0	4	3	1	0	6	12	2	0	7
chr7	9928013	9929252	1240	10	0	1240	834	406	128	36	49	94	56	35	33	44	51	23	22	35	72	32	45	79	54	25	1	45	34	22	2	26	32	12	1	19	47	25	0	59
chr7	9929255	9929705	451	10	0	451	270	181	40	9	23	27	15	9	14	19	29	6	9	13	15	9	13	19	11	11	2	9	18	19	0	24	10	11	0	9	18	20	0	18
chr7	9929710	9933027	3318	10	0	3318	2205	1113	324	106	134	238	141	86	96	135	155	55	77	100	182	79	92	205	135	67	11	112	93	34	17	64	75	35	9	73	155	72	9	150
chr7	9933028	10279872	346845	10	0	346845	226454	120391	33152	11001	14405	22947	14139	8172	10850	13746	14944	5603	9132	9461	19269	9098	10109	20424	14680	6232	1181	11781	9812	5488	801	9132	8569	5034	765	7776	13847	8479	1007	15807
chr7	10279873	10603872	324000	9	0	324000	206003	117997	28652	10178	13869	19708	13378	8078	10871	12717	13921	5581	8986	9246	16455	8269	9173	16919	13659	6540	1139	10768	9958	6144	934	9277	8201	5171	732	7740	13227	8458	935	15114
chr7	10603873	10821872	218000	8	0	218000	136402	81598	18659	6763	9413	12650	8939	5795	7668	8404	9350	3892	6209	6168	10537	5307	6124	10524	9042	4655	782	7277	7109	4340	600	6759	5711	3827	513	5363	8944	5986	673	10015
chr7	10821873	10899872	78000	7	0	78000	48985	29015	7092	2430	3133	4513	3181	2094	2674	3068	3175	1315	2320	2172	3718	2018	2269	3811	3229	1691	298	2639	2557	1470	260	2287	2068	1388	220	1926	3163	2025	250	3544
chr7	10899873	11126872	227000	6	0	227000	143777	83223	20952	7278	9509	13558	9018	5814	7819	8225	9039	3786	6401	6146	12288	6095	6484	11365	9259	4760	924	8030	7097	3996	856	6775	5742	4114	781	5515	8777	5853	849	9893
chr7	11126873	11353872	227000	5	0	227000	143126	83874	19996	7151	9723	13353	9076	5763	7798	8942	9779	3941	6442	6272	11373	5683	6381	11451	9547	4576	860	7556	7059	4336	699	6937	5969	3808	583	5510	9004	6311	778	10341
chr7	11353873	11429872	76000	6	0	76000	47966	28034	6726	2392	3126	4628	3064	2009	2695	3027	3276	1331	2057	2165	3806	1869	2062	3731	3231	1621	295	2454	2432	1476	220	2254	2015	1256	147	1804	3118	2029	254	3428
chr7	11429873	11511872	82000	7	0	82000	53123	28877	7381	2564	3514	5376	3391	2016	2616	3385	3558	1315	2056	2354	4504	2143	2370	4579	3451	1498	291	2798	2407	1322	174	2188	2182	1253	133	1896	3367	2018	224	3674
chr7	11511873	11630872	119000	8	0	119000	75918	43082	10083	3742	4939	7353	4706	3092	3976	4879	5072	2065	3213	3340	6256	3124	3496	6582	5100	2344	467	4112	3669	2088	273	3420	3051	1839	251	2776	4833	3180	361	5316
chr7	11630873	11749130	118258	9	0	118258	77206	41052	10632	3809	4993	7906	4846	2947	3655	4878	5159	1896	2968	3370	6703	3110	3538	6795	5203	2177	406	3976	3356	1708	230	3150	3010	1621	185	2636	4757	2937	307	5392
chr7	11749132	12112873	363742	9	0	363742	236190	127552	33906	11341	15258	23788	14679	8786	11329	14599	15477	6145	9304	10025	20231	9530	10628	21163	15472	6839	1291	12200	10454	6203	978	9881	8881	5436	831	8134	14586	9038	1024	16303
chr7	12112874	12321873	209000	8	0	209000	132880	76120	18620	6619	8843	12554	8456	5282	6970	8299	8764	3550	5701	5852	10796	5494	6071	11007	8765	4323	753	7104	6490	4022	569	6082	5327	3359	483	4975	8426	5459	559	9424
chr7	12321874	12417873	96000	7	0	96000	62915	33085	9301	3089	3928	6450	3881	2278	2900	3838	4041	1479	2422	2713	5545	2661	2689	5699	4093	1724	450	3239	2721	1478	257	2447	2260	1368	290	2102	3824	2333	347	4151
chr7	12417874	12521873	104000	6	0	104000	65581	38419	9355	3307	4268	6184	4388	2674	3574	4091	4443	1831	2983	2837	4928	2542	2936	5238	4372	2187	387	3408	3477	1908	323	2913	2714	1775	271	2590	4164	2751	329	4850
chr7	12521874	12571118	49245	5	0	49245	30500	18745	4290	1418	1987	2907	1880	1341	1699	1907	1997	814	1498	1243	2436	1288	1403	2391	2024	985	249	1603	1586	935	271	1511	1326	1036	278	1388	1890	1347	230	2085
chr7	12571120	12709874	138755	5	0	138755	84720	54035	11537	4160	5675	7588	5345	3921	5080	5067	5481	2474	4317	3835	6597	3499	3772	6372	5679	3059	713	4603	4654	3066	696	4688	3700	2950	633	3485	5380	4028	632	6067
chr7	12709875	12900874	191000	6	0	191000	119420	71580	16832	5835	7718	11327	7497	5078	6652	7342	7824	3229	5641	5148	9559	4890	5373	9473	7866	3913	873	6380	6167	3788	765	5874	5053	3688	680	4691	7484	5205	714	8439
chr7	12900875	12952874	52000	5	0	52000	32788	19212	4516	1568	2299	3029	2045	1341	1756	1984	2220	934	1532	1443	2631	1352	1401	2736	2186	1042	271	1696	1565	921	191	1607	1302	879	155	1268	2073	1442	195	2418
chr7	12952875	13103874	151000	6	0	151000	96111	54889	13842	4887	6136	9269	5965	3927	5061	5883	6484	2424	4170	4263	7843	3787	4255	7915	6377	3012	669	4967	4639	2646	554	4333	3801	2556	493	3500	6019	3959	540	6822
chr7	13103875	13236874	133000	7	0	133000	84938	48062	12252	4138	5570	8194	5256	3436	4449	5227	5562	2222	3768	3730	7085	3412	3792	6843	5583	2647	446	4532	4015	2350	355	3800	3341	2138	367	3206	5429	3385	426	6042
chr7	13236875	13403874	167000	8	0	167000	109205	57795	15872	5285	6745	10894	6751	4088	5178	6787	6831	2654	4210	4814	9342	4513	4806	10433	7306	3140	618	5477	4795	2565	427	4389	4099	2427	351	3691	6604	4044	480	7382
chr7	13403875	13569874	166000	9	0	166000	108714	57286	15997	5345	6867	10994	6881	3941	5141	6640	7044	2675	4201	4698	9281	4479	4894	9634	7125	3057	607	5651	4717	2428	379	4234	4045	2363	326	3736	6718	3910	508	7482
chr7	13569875	15615874	2046000	10	0	2046000	1319417	726583	188597	64661	84973	130894	82349	51689	65263	81125	87386	33493	54935	57119	110794	53233	58443	114462	87130	38935	8555	68456	59734	33764	6132	56155	50773	31533	5458	47024	82789	51553	6613	91978
chr7	15615875	15865874	250000	9	0	250000	161199	88801	23586	7792	10400	16353	10156	6228	8035	9606	10811	4153	6776	6901	13576	6258	7084	13482	10362	4627	1085	8357	7386	4073	746	6918	6170	3982	726	5728	10107	6441	801	11292
chr7	15865875	16005874	140000	8	0	140000	89179	50821	12702	4437	5796	8533	5702	3615	4619	5658	5965	2390	4015	3807	7100	3539	3877	7422	6062	2787	528	4604	4365	2383	414	4010	3570	2307	372	3241	5597	3695	434	6452
chr7	16005875	16108874	103000	7	0	103000	65580	37420	9185	3235	4325	6177	4135	2556	3532	4094	4455	1677	2814	2912	5148	2716	2869	5749	4320	2024	423	3417	3148	1827	279	3045	2700	1675	251	2452	4149	2773	311	4625
chr7	16108875	16260874	152000	6	0	152000	97414	54586	13964	4967	6447	9387	6264	3777	4998	5970	6520	2523	4011	4211	8017	4116	4429	7812	6581	3064	589	5148	4586	2551	419	4268	3817	2344	393	3560	6025	3865	465	6910
chr7	16260875	16370874	110000	5	0	110000	69846	40154	9872	3635	4675	6321	4542	2763	3746	4222	4509	1967	2991	3132	5581	2989	3239	5661	4823	2288	449	3794	3365	1898	311	3338	2730	1782	226	2550	4354	2944	332	4969
chr7	16370875	16475874	105000	4	0	105000	65126	39874	8457	3405	4360	5873	4346	3047	3721	4153	4247	2115	2901	2958	5044	2623	2967	4908	4632	2163	724	3671	3354	2025	355	3108	2791	1845	345	2639	4489	2809	392	4531
chr7	16475875	16586874	111000	3	0	111000	67366	43634	9002	3329	4475	6080	4291	3193	4213	4315	4420	1949	3393	2943	5173	2664	2853	5072	4529	2485	517	3604	4000	2678	476	3631	3121	2437	425	3025	4363	3184	484	4674
chr7	16586875	16727874	141000	2	0	141000	87137	53863	12486	4336	5755	7951	5369	3863	5083	5111	5635	2338	4353	3731	7038	3629	3911	6547	5744	2977	658	4787	4672	2953	644	4518	3680	2869	642	3661	5329	3988	604	6136
chr7	16727875	16786078	58204	1	0	58204	34896	23308	4828	1692	2443	3024	2221	1690	2285	1923	2335	1072	1884	1494	2603	1376	1543	2482	2284	1348	302	1896	2020	1443	329	2036	1598	1359	304	1603	2216	1678	271	2620
chr7	16786080	17009875	223796	1	0	223796	138623	85173	19325	7009	9588	12386	9053	6056	7916	8218	9422	3946	6749	6143	10508	5473	6473	10357	9202	4769	920	7593	7295	4717	885	7089	5848	4128	660	5806	8898	6371	753	10238
chr7	17009876	17098875	89000	2	0	89000	56629	32371	7793	2836	3713	5350	3554	2373	2973	3618	3890	1478	2459	2571	4454	2208	2603	4755	3785	1752	375	2983	2749	1487	258	2501	2324	1375	211	2172	3660	2380	266	4092
chr7	17098876	17591875	493000	3	0	493000	310713	182287	42836	15674	20946	28872	19965	12668	16830	19584	21027	8551	13613	13766	24501	12694	14089	25096	20950	10289	1913	16435	15880	9445	1473	14790	12445	8406	1261	12042	19771	13448	1527	22211
chr7	17591876	17736875	145000	4	0	145000	88377	56623	11924	4411	6152	7736	5957	4048	5391	5570	5957	2653	4533	4032	6386	3435	3939	6252	5968	3218	647	4714	5066	3177	501	4822	4091	2885	398	3960	5841	4286	530	6518
chr7	17736876	17795500	58625	5	0	58625	36684	21941	5250	1903	2494	3344	2446	1599	2087	2213	2430	1041	1574	1648	2865	1373	1609	2807	2459	1282	221	1955	1988	1276	156	1760	1542	1015	117	1476	2355	1607	158	2573
chr7	17795502	17889876	94375	5	0	94375	61824	32551	9555	3161	4108	5965	3724	2313	2927	3540	4012	1485	2287	2603	5498	2720	2854	5072	4153	1730	391	3405	2555	1361	248	2499	2146	1324	243	2107	3649	2247	326	4165
chr7	17889877	18126876	237000	6	0	237000	147314	89686	20551	7309	9810	13456	9272	6321	8468	8881	9694	4074	6947	6615	11608	6020	6934	11352	9606	4985	961	8172	7690	4773	973	7388	6232	4535	897	6144	9415	6531	929	10455
chr7	18126877	18293876	167000	7	0	167000	105470	61530	14784	5281	7132	10019	6769	4504	5701	6484	7144	2854	4683	4461	8521	4192	4705	8234	7089	3364	662	5716	5213	3161	453	5034	4438	2783	387	4088	6718	4553	488	7383
chr7	18293877	18437876	144000	8	0	144000	92642	51358	13357	4527	6112	9068	5610	3827	4675	5573	6245	2306	3758	3926	7851	3848	4333	7624	6173	2797	549	4989	4149	2382	383	4219	3622	2255	315	3290	5741	3699	415	6380
chr7	18437877	18980876	543000	9	0	543000	348455	194545	49412	17379	23005	34153	21894	13935	17550	21630	23567	9032	14654	14895	29076	13843	15374	29055	23359	10306	2317	18207	16079	9231	1490	15261	13692	8454	1314	12686	21879	14069	1771	24429
chr7	18980877	19267876	287000	10	0	287000	180480	106520	25340	9056	12057	16976	11767	7381	9578	11218	12346	4962	7891	8123	13976	7074	8132	14602	11937	5942	1271	9323	9179	5617	1165	8314	7568	4883	1099	6899	11260	7833	1107	13122
chr7	19267877	19475876	208000	9	0	208000	134079	73921	19375	6691	8797	13168	8408	5234	6620	8297	8988	3360	5388	5791	11261	5457	5962	11280	8882	4099	851	6910	6151	3498	593	5790	5145	3101	498	4876	8382	5334	620	9191
chr7	19475877	19558876	83000	10	0	83000	52825	30175	7258	2665	3413	5003	3286	2236	2838	3329	3522	1398	2190	2281	4273	2262	2372	4499	3702	1680	406	2773	2564	1510	216	2312	2136	1326	190	1967	3287	2086	258	3760
chr7	19558877	19683876	125000	9	0	125000	80030	44970	11173	3990	5373	7662	5165	2977	4128	4873	5528	2201	3328	3523	6333	3295	3765	6714	5216	2610	423	4214	3875	2161	275	3626	3063	1835	224	2868	4989	3331	374	5886
chr7	19683877	19835876	152000	8	0	152000	97856	54144	13971	4856	6227	9709	6228	3713	4796	5987	6503	2476	4073	4344	8061	3916	4499	8495	6346	2891	638	5086	4491	2561	458	4231	3719	2367	459	3501	6168	3922	529	6777
chr7	19835877	20357876	522000	7	0	522000	330100	191900	45671	16326	22149	31224	21056	13420	17468	20438	22263	8797	14928	14646	26379	13131	14799	27403	21737	10595	2024	17318	16398	9926	1625	15519	13367	8783	1384	12590	20880	14164	1673	23917
chr7	20357877	20615876	258000	8	0	258000	161520	96480	22041	8005	10934	15054	10258	7001	8984	10137	11032	4435	7218	7281	12703	6362	7227	12846	10843	5371	1077	8512	8537	5027	825	7866	6803	4625	694	6334	10197	7232	886	11651
chr7	20615877	20766840	150964	9	0	150964	93918	57046	13614	4637	6192	8687	5837	4316	5277	5499	6057	2549	4425	4092	7622	3843	4203	7066	6250	3274	703	5118	4902	2960	756	4650	3969	2967	628	3746	5810	4067	663	6583
chr7	20766842	20770299	3458	9	0	3458	2139	1319	386	98	134	187	133	91	116	108	112	68	121	95	174	76	100	140	118	61	19	134	101	70	31	98	86	88	27	88	143	81	21	151
chr7	20770301	20771975	1675	9	0	1675	1019	656	170	37	62	92	54	46	67	46	54	18	51	51	83	53	49	85	64	39	4	47	56	37	10	69	49	44	14	49	45	52	12	64
chr7	20771977	20782684	10708	9	0	10708	6458	4250	1017	306	477	601	391	236	367	324	441	168	326	286	552	240	273	453	341	220	52	337	306	282	131	367	302	249	141	300	369	336	76	439
chr7	20782686	21209880	427195	9	0	427195	260956	166239	35431	12920	17879	23630	17120	12017	15487	16371	17625	7705	13276	11769	19683	10018	11556	18467	17535	9173	2048	13904	14526	9126	2011	13595	11854	8806	1876	11410	17080	12153	1853	19289
chr7	21209881	21278350	68470	8	0	68470	42095	26375	5754	2114	2767	3816	2659	1943	2493	2640	2816	1186	2176	1849	3222	1688	1876	3095	2840	1492	305	2294	2328	1467	257	2211	1873	1297	230	1754	2694	2007	272	3053
chr7	21278352	21352881	74530	8	0	74530	45678	28852	6168	2295	2967	4125	2956	2021	2833	2897	2984	1300	2300	2061	3446	1777	2060	3487	3035	1658	282	2418	2638	1638	275	2392	2079	1532	214	2045	2955	2115	271	3304
chr7	21352882	21732881	380000	7	0	380000	232397	147603	31626	11974	15861	20503	15055	10702	13986	14088	15442	6795	11696	10098	17842	9617	10584	16527	15722	8606	1733	13026	13099	8336	1583	12382	10142	7632	1429	9881	14868	10826	1499	16838
chr7	21732882	22183881	451000	8	0	451000	268292	182708	34935	13650	18228	22564	17117	13562	18363	16805	18166	8441	14770	12184	19158	10501	11584	18263	18468	10375	2537	14774	16319	10853	2301	15476	13093	10054	1988	12908	17967	13667	2140	19787
chr7	22183882	22210274	26393	7	0	26393	15870	10523	2067	765	1166	1356	971	738	1069	977	1146	505	880	722	1170	619	758	959	1042	567	117	901	882	588	99	924	745	533	85	785	1086	805	101	1263
chr7	22210275	22307880	97606	7	0	97606	59669	37937	8215	2980	4091	5275	3779	2684	3719	3701	4127	1842	3021	2635	4440	2333	2688	4137	3954	2170	438	3277	3303	2140	368	3266	2665	1864	308	2559	3961	2903	344	4417
chr7	22307881	22736880	429000	6	0	429000	250612	178388	30974	12604	17665	20157	16261	12871	18228	15731	17378	8458	14824	11485	16789	9734	11126	16325	17042	10421	2080	14124	16471	11571	1958	15968	12564	9974	1732	12338	17014	14002	1716	19413
chr7	22736881	22909880	173000	7	0	173000	101108	71892	13647	5023	6823	8199	6599	5382	7149	6094	6392	3358	5944	4565	7054	3816	4518	6544	6912	4218	835	5614	6719	4718	943	6439	5043	4452	851	4888	6550	5430	785	7494
chr7	22909881	22978880	69000	8	0	69000	43551	25449	6403	2206	2954	4067	2775	1753	2301	2561	2923	1132	1962	1860	3529	1771	2053	3300	2811	1462	261	2328	2211	1353	241	2091	1711	1219	170	1714	2657	1862	220	3137
chr7	22978881	23084880	106000	7	0	106000	63838	42162	8535	3237	4368	5530	4138	2954	3964	3746	4303	1958	3480	2859	4694	2426	2923	4723	4192	2413	496	3474	3671	2601	648	3642	2785	2362	483	2793	4154	3186	435	4825
chr7	23084881	23189880	105000	6	0	105000	63859	41141	9112	3228	4290	5443	4050	2927	4001	3771	4084	1901	3201	2831	4827	2537	2985	4669	4129	2348	519	3598	3685	2193	563	3433	2901	2349	482	2924	4034	2984	476	4523
chr7	23189881	23401880	212000	5	0	212000	122508	89492	16586	6291	8275	9637	8089	6802	9039	7219	7859	3998	7479	5335	8255	4918	5354	7371	8417	5338	1189	7065	8433	5700	1392	7768	6162	5790	1196	6370	8138	6464	1125	8944
chr7	23401881	23616880	215000	6	0	215000	124321	90679	18142	6288	7920	9951	8051	6730	9005	6656	7332	3946	7810	5579	8776	5034	5430	7670	7986	5377	1392	7243	8230	5485	1901	7933	6186	6266	1728	6284	8040	6422	1499	8706
chr7	23616881	23732880	116000	7	0	116000	69461	46539	9935	3434	4463	6085	4485	3269	4464	3935	4311	2026	3688	3023	5187	2965	3123	5067	4521	2742	599	3832	4144	2990	839	4022	3092	2883	683	3143	4396	3380	531	4741
chr7	23732881	23872880	140000	8	0	140000	86441	53559	12186	4584	5916	7436	5779	3862	5219	5139	5793	2531	3920	3866	6363	3516	3933	6396	6014	3223	557	4699	4827	3082	421	4426	3797	2501	338	3564	5361	3950	500	6299
chr7	23872881	24088880	216000	9	0	216000	129414	86586	16685	6496	8952	10805	8570	6354	8496	8447	8943	3967	7015	6079	8740	5048	5779	9037	9051	5015	840	6959	8019	5372	726	7495	6226	4472	616	5790	8570	6753	682	9999
chr7	24088881	24171880	83000	10	0	83000	49489	33511	6349	2486	3523	4133	3263	2339	3305	3294	3536	1569	2700	2235	3343	1888	2199	3326	3405	1884	335	2658	3085	2200	270	2924	2420	1747	206	2336	3291	2648	291	3810
chr7	24171881	24534880	363000	9	0	363000	216901	146099	28039	10672	15254	18514	14061	10579	14427	13389	14929	6779	12048	10002	15450	8127	9634	14997	14424	8314	1594	11825	13170	9153	1525	12649	10411	7871	1277	10127	14451	11158	1386	16762
chr7	24534881	24816880	282000	8	0	282000	170232	111768	23027	8508	11615	14575	10654	8035	11002	10591	11484	5213	8659	7694	12560	6821	7602	12191	11557	6363	1328	9328	9998	6722	1425	9306	7812	6005	1235	7638	10915	8361	1168	12606
chr7	24816881	24892880	76000	7	0	76000	45204	30796	5893	2208	3188	3759	2790	2359	3157	2869	3059	1463	2555	2004	3306	1794	1867	2932	3204	1729	343	2548	2755	1864	306	2692	2170	1697	260	2147	3046	2327	327	3380
chr7	24892881	25516422	623542	8	0	623542	368838	254704	47125	18687	25716	30733	24181	18352	25162	23203	25391	11898	21096	16776	25564	14016	16304	24632	25145	14496	3033	20280	23100	15998	3028	22251	17924	14310	2523	17455	24729	19573	2566	28293
chr7	25516423	25561879	45457	8	0	45457	26034	19423	2946	1290	1961	2048	1725	1379	1955	1736	1901	908	1672	1245	1673	917	1090	1586	1809	1070	238	1377	1774	1400	203	1784	1406	1131	158	1347	1806	1560	189	2171
chr7	25561880	25666879	105000	7	0	105000	62193	42807	7606	3078	4549	5230	4127	2996	4307	4203	4528	2012	3571	2878	4202	2267	2583	4055	4141	2332	502	3378	3881	2554	387	3712	3160	2349	330	3091	4451	3298	411	4829
chr7	25666880	25763879	97000	6	0	97000	56658	40342	7083	2997	4052	4609	3898	2968	4069	3596	4053	1959	3300	2598	3707	1940	2421	3407	4000	2270	481	3113	3695	2595	447	3478	2967	2234	384	2767	3869	3117	440	4484
chr7	25763880	25854879	91000	5	0	91000	54006	36994	7080	2606	3927	4605	3543	2645	3618	3523	3782	1763	2988	2447	3814	1943	2247	3473	3681	2050	415	2811	3407	2328	413	3155	2687	2098	374	2595	3554	2827	380	4219
chr7	25854880	25958879	104000	4	0	104000	61123	42877	8103	3101	4183	5300	3972	3118	4123	3873	4335	1942	3323	2684	4276	2228	2548	4012	4078	2417	665	3229	3908	2922	692	3614	3111	2509	607	2841	3989	3288	514	4493
chr7	25958880	26060879	102000	3	0	102000	58899	43101	7369	2886	4220	4702	3963	3119	4303	3624	4021	1941	3709	2703	3823	2219	2577	3719	3949	2514	535	3167	3959	2858	529	3996	3098	2607	436	3079	4003	3363	440	4567
chr7	26060880	26347879	287000	2	0	287000	161458	125542	21194	8088	10891	12362	10695	9228	12770	9408	10136	5478	10730	7397	10511	6215	6885	9469	10520	7479	1780	9230	11873	8776	2357	11269	8774	8736	2119	8887	10933	9284	1634	11890
chr7	26347880	26506343	158464	3	0	158464	92971	65493	11684	4514	6471	7858	5952	4851	6568	5973	6190	3016	5232	4141	6701	3626	3993	6200	6374	3714	811	5108	5909	4345	839	5652	4823	3868	809	4660	6238	4819	679	6844
chr7	26506345	26634880	128536	3	0	128536	72365	56171	8305	3583	5209	5603	4715	4250	5797	4913	5161	2647	4856	3274	4519	2504	2923	4106	5170	3097	766	3951	5173	3941	750	5080	4236	3397	631	4040	5096	4510	617	5714
chr7	26634881	26762880	128000	4	0	128000	80968	47032	11296	4081	5516	7552	4930	3581	4349	4925	5314	2035	3446	3482	6904	3328	3622	6605	5537	2583	507	4398	3895	2472	400	3837	3342	2180	373	3231	5011	3369	430	5467
chr7	26762881	27024880	262000	5	0	262000	162867	99133	22789	8113	10956	14551	10463	6922	9479	9836	10590	4580	7681	7410	12567	6684	7524	12721	10694	5714	975	8916	8819	5218	918	8193	6825	5015	828	6756	10363	7202	921	11775
chr7	27024881	27154880	130000	4	0	130000	70637	59363	9324	3476	5028	5344	4573	3896	5670	3775	4749	2442	5051	3028	4526	2617	2998	4139	4459	3197	936	3839	5040	4953	1867	5169	4015	4433	1836	4348	4400	4447	1031	5392
chr7	27154881	27233880	79000	3	0	79000	38411	40589	4253	1812	3027	2511	2437	2399	3840	1909	2870	1683	3356	1622	2043	1244	1607	1798	2360	2077	725	1976	3347	3999	1868	3697	2624	3696	1783	2905	2254	3140	884	3252
chr7	27233881	27489880	256000	4	0	256000	146247	109753	18372	7278	10203	11555	9547	8215	11025	9112	9884	5086	9297	6684	9606	5422	6316	8643	10111	6348	1256	8286	10252	7474	1701	9874	7663	6831	1470	7536	9873	8648	1285	11145
chr7	27489881	27592880	103000	5	0	103000	62952	40048	8633	3149	4363	5495	4012	2801	4005	3877	4211	1807	3224	2900	4784	2544	2805	4341	4135	2234	466	3466	3554	2178	363	3332	2910	2080	310	2878	4096	2935	389	4721
chr7	27592881	27828880	236000	4	0	236000	146956	89044	21717	7437	9697	13302	9188	6361	8444	8533	9212	4009	6931	6180	12037	6294	6560	11053	9557	5115	1032	8397	7723	4640	1065	7446	6101	4821	1004	5810	9144	6298	911	9979
chr7	27828881	27944880	116000	5	0	116000	67077	48923	8451	3553	4664	5330	4319	3704	5059	4364	4592	2237	3893	2849	4635	2569	2785	4071	4811	2818	676	3759	4497	3296	626	4247	3633	2904	543	3542	4505	3648	565	4853
chr7	27944881	28079880	135000	6	0	135000	80233	54767	10373	4165	5759	6530	5148	3959	5528	5166	5551	2567	4374	3546	5755	3188	3529	5094	5573	3153	658	4495	4857	3358	596	4768	4068	2949	421	3832	5304	4119	521	6094
chr7	28079881	28256880	177000	7	0	177000	104525	72475	13369	5275	7351	8672	6614	5351	7213	6637	7222	3278	5859	4602	7461	4086	4603	6930	7156	4021	839	5974	6365	4696	886	6451	5320	4176	776	4854	6974	5505	735	7747
chr7	28256881	28431880	175000	8	0	175000	104590	70410	13597	5261	7206	9009	6934	5211	6879	6744	7125	3299	5591	4715	7416	4027	4545	7030	7311	3992	818	5677	6461	4266	783	5938	5091	3803	703	4836	6905	5387	668	7770
chr7	28431881	28444702	12822	9	0	12822	7955	4867	1062	414	530	749	514	369	470	509	533	211	373	391	646	296	341	547	528	275	53	434	446	247	40	392	348	248	21	325	539	355	52	562
chr7	28444704	28491881	47178	9	0	47178	27548	19630	3401	1375	1978	2208	1842	1493	1935	1746	1897	941	1590	1276	1822	1063	1195	1786	1979	1098	260	1534	1807	1323	206	1707	1395	1117	172	1326	1835	1504	234	2131
chr7	28491882	28599583	107702	8	0	107702	63239	44463	7649	3148	4660	5163	4078	3456	4403	4125	4551	2077	3675	2895	4342	2304	2687	4025	4483	2499	569	3434	4031	2682	470	3848	3235	2393	435	3185	4314	3457	470	4957
chr7	28599585	28640882	41298	8	0	41298	24606	16692	3057	1247	1735	2101	1599	1305	1666	1601	1788	791	1382	1123	1696	909	1042	1563	1803	971	184	1294	1495	989	117	1525	1099	920	122	1087	1774	1246	147	1918
chr7	28640883	28753882	113000	9	0	113000	66824	46176	8932	3308	4779	5556	4368	3431	4634	4082	4682	2114	3900	2987	4593	2456	2843	4158	4551	2601	584	3572	4152	2878	464	4032	3308	2552	410	3388	4504	3495	520	5164
chr7	28753883	28871882	118000	8	0	118000	69957	48043	9059	3483	5010	5908	4521	3612	4660	4471	4928	2234	3847	3134	4952	2598	3170	4369	4803	2655	594	3875	4273	2905	607	4062	3507	2731	502	3386	4681	3556	541	5364
chr7	28871883	28949912	78030	7	0	78030	47143	30887	6420	2309	3260	3987	3078	2328	2847	2993	3171	1354	2520	2119	3308	1887	2040	3521	3231	1762	397	2488	2767	1771	405	2567	2194	1670	328	2142	3053	2307	334	3470
chr7	28949914	28957881	7968	7	0	7968	4097	3871	420	221	280	297	266	267	381	272	249	178	252	166	283	155	177	233	284	218	76	243	331	275	163	292	313	323	203	303	258	245	90	252
chr7	28957882	28957979	98	7	0	98	30	68	0	1	1	0	2	5	8	2	0	2	5	2	0	1	1	0	3	2	2	2	5	8	5	2	8	5	6	9	0	4	3	2
chr7	28957981	29263883	305903	7	0	305903	179967	125936	23215	8963	12582	14762	11487	9320	12802	11194	12326	5852	10222	8266	12494	6825	7959	11698	12352	7196	1480	9932	11417	7754	1570	11101	9038	7335	1390	8703	11995	9556	1286	13829
chr7	29263884	29390883	127000	6	0	127000	72685	54315	8710	3497	5319	5765	4723	3929	5510	4670	5126	2521	4786	3364	4732	2653	3120	4259	4989	2893	732	3986	4827	3623	715	4962	4027	3280	576	3907	4989	4331	597	5880
chr7	29390884	29642883	252000	5	0	252000	147447	104553	18530	7491	10401	11868	9629	7438	10449	9384	10198	4930	8485	6871	9933	5638	6612	9589	10138	6036	1237	8086	9569	6826	1325	9241	7428	5912	1097	7173	9765	8187	1085	11447
chr7	29642884	29955883	313000	4	0	313000	183470	129530	23775	9112	12637	14919	11581	9696	12975	11330	12370	5838	10683	8168	12717	7143	8036	12489	12606	7453	1623	10107	11679	8435	1741	11466	9236	7649	1541	8934	12061	9785	1389	13824
chr7	29955884	30105883	150000	3	0	150000	89534	60466	12063	4355	6122	7500	5492	4416	5842	5453	5923	2770	4958	3918	6562	3560	4156	6442	5838	3498	766	5000	5398	3592	917	5158	4233	3510	776	4211	5734	4465	661	6709
chr7	30105884	30701883	596000	2	0	596000	342705	253295	43200	17318	24034	26851	22111	18453	26080	21347	23291	11891	20761	15284	22801	13177	14932	21174	23888	14603	3158	19190	23434	17572	3472	22572	17851	15555	3126	17646	22817	19320	2690	26399
chr7	30701884	30863964	162081	3	0	162081	84574	77507	8607	4067	6460	5205	5338	5716	8667	5655	6012	3686	6761	3900	4382	2784	3438	3894	6170	4473	891	4719	7568	6668	1120	7788	5627	5613	870	5640	6011	6390	779	7180
chr7	30863966	30878884	14919	3	0	14919	6985	7934	510	314	576	297	433	596	984	449	517	399	760	277	238	209	248	177	533	507	85	393	821	837	81	869	546	625	62	621	561	639	68	685
chr7	30878885	31010884	132000	4	0	132000	65621	66379	6104	2992	4846	3895	4060	5039	7560	4176	4624	2991	5987	3049	3049	1975	2538	2736	4801	3639	889	3668	6573	6703	1101	6765	4720	5188	824	4855	4741	5611	656	5643
chr7	31010885	31053987	43103	5	0	43103	20910	22193	1663	905	1615	1151	1271	1560	2503	1388	1502	1049	2072	986	898	617	918	811	1484	1259	215	1173	2157	2324	379	2363	1513	1722	353	1640	1568	1918	193	1931
chr7	31053988	31068908	14921	5	0	14921	6960	7961	444	285	541	311	406	673	945	428	439	342	781	315	292	212	271	274	571	432	96	413	782	860	97	874	591	655	95	617	508	665	70	634
chr7	31068910	31085467	16558	5	0	16558	7822	8736	550	329	583	363	455	854	1014	553	547	409	799	386	273	212	262	232	785	506	103	410	879	876	136	895	614	667	98	625	598	736	79	728
chr7	31085469	31104885	19417	5	0	19417	10010	9407	950	436	742	669	614	686	1083	663	752	483	814	459	480	326	437	415	759	514	102	556	936	923	123	921	654	640	84	686	697	827	71	913
chr7	31104886	31189885	85000	6	0	85000	50275	34725	6350	2448	3547	4194	3365	2414	3498	3219	3467	1626	2812	2400	3357	1877	2141	3559	3428	1939	308	2690	3251	2312	363	3034	2498	1947	280	2369	3320	2762	319	3904
chr7	31189886	31426885	237000	7	0	237000	144045	92955	19090	7026	9854	12804	9308	6945	8946	9145	10091	4323	7331	6395	10286	5475	6263	10762	9927	5162	1121	7559	8232	5384	946	7822	6765	4854	857	6186	9420	6984	908	10827
chr7	31426886	31804885	378000	8	0	378000	227987	150013	29059	11235	15952	19792	14901	10828	14563	14861	15884	7286	12321	10539	16195	8554	10111	15904	15497	8512	1597	12297	13397	8941	1288	13020	10836	7493	1078	10027	15424	11700	1303	17603
chr7	31804886	31867502	62617	9	0	62617	39004	23613	5062	1985	2650	3520	2450	1693	2245	2554	2646	1117	1846	1660	3059	1593	1710	3214	2736	1319	225	2108	2069	1336	152	1967	1676	1098	128	1528	2459	1771	191	2848
chr7	31867504	31944239	76736	9	0	76736	47779	28957	6358	2320	3235	4452	3027	2092	2814	3006	3343	1477	2271	2119	3636	1814	2169	3645	3216	1642	299	2546	2558	1564	167	2402	1985	1246	158	1963	3179	2239	214	3578
chr7	31944241	32118887	174647	9	0	174647	104574	70073	13155	5283	7479	8632	6886	5072	6835	6889	7281	3283	5818	4809	7227	4044	4755	7126	7229	3984	681	5788	6348	4185	583	6053	5033	3610	523	4864	7072	5389	547	8182
chr7	32118888	32280887	162000	8	0	162000	95494	66506	11798	4821	6572	7937	6362	4867	6606	6337	6583	3172	5477	4453	6385	3439	4330	6353	6615	3821	698	5165	6169	4447	562	5861	4856	3566	502	4558	6532	5205	548	7401
chr7	32280888	32391887	111000	7	0	111000	63829	47171	7833	3189	4450	5071	4373	3457	4605	4167	4361	2173	4126	2976	3976	2349	2825	3898	4462	2636	503	3567	4444	3265	607	4141	3368	2780	531	3229	4328	3777	463	5068
chr7	32391888	32550887	159000	6	0	159000	92364	66636	12251	4570	6300	7249	5947	4909	6739	5556	5905	3060	5661	4161	6267	3628	3946	6214	6206	3950	774	5237	6212	4356	945	6023	4644	4110	821	4571	6089	5120	762	6815
chr7	32550888	32668887	118000	5	0	118000	72346	45654	10405	3675	4732	6316	4501	3344	4527	4349	4694	2038	3599	3176	5528	3002	3173	5287	4893	2591	543	4032	4078	2434	505	3820	3104	2513	474	3159	4646	3300	540	5020
chr7	32668888	32800887	132000	4	0	132000	78526	53474	10552	3881	5284	6740	5095	3728	5163	4956	5277	2429	4397	3569	5533	2975	3337	5609	5093	2978	686	4256	4821	3387	809	4445	3872	3035	792	3627	5155	4062	601	5854
chr7	32800888	33144887	344000	3	0	344000	199656	144344	27355	9853	13244	15945	12916	10643	14479	11737	12442	6470	12237	8985	13684	8030	8653	12983	13312	8364	1855	11465	13258	9208	2397	12753	10010	9421	2265	9900	13194	10623	1823	14494
chr7	33144888	33247887	103000	4	0	103000	64034	38966	9110	3235	4317	5749	4099	2805	3664	3826	4101	1826	2999	2774	5101	2618	2889	4920	4295	2375	365	3449	3561	2182	332	3273	2583	1940	294	2617	3955	2851	363	4530
chr7	33247888	33348887	101000	5	0	101000	64573	36427	9412	3140	4271	6176	4168	2482	3246	3979	4173	1649	2761	2847	5246	2643	2980	5399	4152	2032	340	3390	3189	1774	300	2840	2549	1744	257	2429	3985	2553	293	4599
chr7	33348888	33703887	355000	6	0	355000	219776	135224	29839	10978	15024	19884	13969	9700	12923	13867	15177	6257	10458	9818	16741	8860	9840	16439	14915	7533	1413	11935	11850	7616	1120	11192	9309	6557	1027	9047	14385	10072	1182	16071
chr7	33703888	33913887	210000	5	0	210000	120901	89099	14524	6085	9003	9524	8019	6667	8881	7821	8584	4156	7519	5563	8009	4368	5164	7013	8541	4946	1055	6734	8144	6133	1037	7959	6406	5146	854	6321	8297	7048	924	9553
chr7	33913888	34150887	237000	4	0	237000	140871	96129	17751	7091	10131	11786	9258	7077	9504	9161	10077	4513	8134	6297	9673	5136	6027	9254	9825	5335	1063	7593	8667	5763	826	8500	6890	5168	791	6685	9618	7490	896	11018
chr7	34150888	34282887	132000	5	0	132000	78469	53531	9650	3913	5518	6627	5213	3841	5356	5256	5620	2617	4439	3718	5224	2778	3451	5247	5469	3005	534	4141	4887	3249	453	4615	3871	2776	412	3725	5439	4174	497	6283
chr7	34282888	34484887	202000	6	0	202000	124145	77855	16458	6129	8653	11144	8109	5507	7353	7944	8590	3726	6192	5624	9227	4741	5498	9248	8472	4304	821	6506	6879	4500	646	6629	5507	3856	517	5086	8055	5994	608	9475
chr7	34484888	34736887	252000	7	0	252000	154700	97300	20105	7537	10672	14012	10066	6892	9343	10116	10911	4570	7820	7148	11242	6015	6887	11362	10475	5516	925	8098	8663	5501	757	8144	6964	4629	645	6534	10315	7419	769	11946
chr7	34736888	34968887	232000	6	0	232000	139807	92193	17687	6999	9771	11926	9266	6712	9117	9137	9678	4414	7353	6297	9752	5241	6185	10272	9779	5096	857	7634	8384	5628	732	7839	6786	4772	640	6304	9283	7087	721	10649
chr7	34968888	35250630	281743	5	0	281743	175568	106175	25099	8680	11724	16216	10931	7521	10048	10839	11803	4757	8140	7655	13886	7040	7762	13466	11451	5903	1142	9501	9289	5890	1109	8643	7584	5234	1030	7042	11015	7904	949	12488
chr7	35250632	35292888	42257	5	0	42257	24270	17987	2985	1203	1744	1985	1556	1200	1738	1529	1704	911	1446	1151	1671	846	1076	1523	1652	945	248	1315	1516	1247	405	1482	1231	1096	402	1235	1624	1362	255	1972
chr7	35292889	35315348	22460	6	0	22460	14209	8251	1993	640	894	1381	848	561	714	857	896	364	682	624	1171	503	644	1436	820	441	87	719	746	470	101	658	587	432	86	537	827	632	86	1021
chr7	35315350	35381889	66540	6	0	66540	38376	28164	4507	1818	2836	3111	2520	2078	2874	2566	2744	1350	2347	1796	2501	1369	1658	2300	2622	1619	270	2104	2736	1900	264	2503	2006	1697	206	1999	2674	2187	267	3109
chr7	35381890	35495889	114000	5	0	114000	66382	47618	8338	3225	4861	5429	4463	3467	4760	4392	4694	2378	3942	2989	4358	2244	2816	4024	4690	2636	478	3510	4401	3171	491	4291	3522	2680	428	3316	4469	3867	405	5263
chr7	35495890	35603889	108000	4	0	108000	61259	46741	6890	2930	4372	4742	3944	3645	4896	4111	4284	2157	3961	2904	3816	2190	2544	3872	4428	2654	542	3298	4351	3240	530	4303	3568	2853	425	3242	4249	3677	451	4929
chr7	35603890	36144083	540194	3	0	540194	319401	220793	41579	15982	21785	26849	20651	15975	22185	19408	21121	10016	18140	14327	22844	12814	14024	21700	21756	12628	2532	17872	20166	14049	2699	19574	15329	13023	2423	15137	20967	16788	2298	23551
chr7	36144085	36410890	266806	3	0	266806	150152	116654	18761	7491	10381	11348	9376	8643	12332	9217	10122	5248	9860	6727	9723	5594	6419	8908	10270	6793	1454	8459	10744	8401	1822	10768	8360	7604	1696	8326	10195	8937	1386	11439
chr7	36410891	36497105	86215	4	0	86215	52386	33829	7469	2688	3581	4380	3442	2496	3343	3034	3406	1525	2708	2298	3801	2038	2317	3858	3515	1953	424	2855	3056	1895	309	2919	2421	1901	315	2329	3323	2430	338	3846
chr7	36497107	36508891	11785	4	0	11785	6310	5475	686	310	542	395	425	370	586	367	443	268	504	277	379	226	268	263	413	333	56	372	510	437	77	540	406	332	65	441	420	463	62	547
chr7	36508892	36513121	4230	5	0	4230	2364	1866	329	116	151	180	162	160	207	144	153	90	144	91	132	77	96	131	170	108	25	140	156	133	38	161	164	128	25	139	183	119	18	158
chr7	36513123	36513183	61	5	0	61	27	34	3	0	4	0	3	2	4	2	2	2	1	1	0	0	1	1	1	0	2	1	3	5	0	3	5	4	0	3	2	1	0	3
chr7	36513185	36592893	79709	5	0	79709	45872	33837	5731	2228	3172	3557	2977	2829	3463	3010	3178	1507	2849	2220	2803	1673	1937	2737	3510	1952	386	2389	3187	2329	315	2948	2409	1926	338	2393	3173	2572	319	3690
chr7	36592894	36642157	49264	6	0	49264	27521	21743	3084	1326	2033	2188	1848	1609	2265	1830	2012	1034	1867	1233	1688	903	1143	1456	1935	1165	271	1501	1949	1716	284	1980	1726	1318	180	1572	1942	1730	219	2255
chr7	36642159	36690894	48736	6	0	48736	29292	19444	3745	1484	2019	2467	1844	1519	1876	1802	2027	891	1631	1318	2100	1161	1342	2065	2075	1114	230	1636	1657	1147	204	1669	1346	975	205	1318	1962	1441	219	2245
chr7	36690895	36779894	89000	7	0	89000	52788	36212	6747	2648	3725	4439	3580	2583	3586	3465	3765	1666	2993	2435	3467	1915	2321	3453	3591	2067	377	2777	3408	2235	329	3101	2663	1960	277	2566	3552	2811	315	4181
chr7	36779895	36950022	170128	8	0	170128	99845	70283	11934	5021	7263	8250	6669	5118	7068	6463	7092	3370	5903	4585	6773	3569	4519	6247	6793	3834	832	5619	6338	4425	648	6197	5259	3864	513	5010	6928	5485	610	7927
chr7	36950023	36958699	8677	8	0	8677	4902	3775	531	209	406	350	304	288	401	317	372	195	338	255	289	194	203	250	353	219	40	273	340	243	34	357	255	190	31	278	362	321	37	440
chr7	36958701	36975894	17194	8	0	17194	10030	7164	1222	478	723	839	602	561	713	602	699	325	604	426	738	383	437	676	676	407	84	580	637	465	96	639	482	432	109	503	683	533	83	755
chr7	36975895	37249894	274000	9	0	274000	162579	111421	20826	8133	11431	13493	10446	8191	11235	10646	11538	5271	9154	7548	11073	6062	7012	10519	11190	6264	1329	8873	10124	6702	1152	9517	8073	5881	988	7816	11131	8648	1105	12627
chr7	37249895	37279258	29364	8	0	29364	16823	12541	2132	845	1185	1271	1068	954	1275	1065	1137	565	1101	729	1096	646	731	1021	1241	691	174	905	1096	770	161	1215	934	757	160	905	1092	1024	149	1267
chr7	37279260	37300895	21636	8	0	21636	12369	9267	1603	616	840	952	826	639	915	815	822	416	742	598	760	454	535	835	864	485	123	654	851	699	175	791	665	620	125	636	815	713	99	951
chr7	37300896	37358282	57387	9	0	57387	33123	24264	4027	1719	2403	2554	2160	1817	2494	2073	2367	1146	2029	1524	2149	1294	1472	1895	2369	1373	343	1891	2190	1502	297	2140	1728	1395	285	1683	2257	1858	267	2684
chr7	37358284	37685820	327537	9	0	327537	196250	131287	25778	9887	13478	16799	12833	9598	12917	12473	13502	6106	10720	8872	13830	7410	8676	13370	13497	7360	1497	10647	11786	7843	1384	11306	9506	7076	1209	8975	13032	10041	1264	14863
chr7	37685822	37691897	6076	9	0	6076	3809	2267	601	180	255	348	244	155	209	219	253	116	195	173	286	141	158	275	232	120	33	207	200	119	19	179	150	101	19	150	245	176	35	281
chr7	37691898	37888897	197000	8	0	197000	121841	75159	15933	5840	8391	11182	7782	5578	7095	7522	8443	3368	6102	5660	9188	4845	5234	9677	8223	4218	810	6380	6574	4254	592	6375	5317	3519	517	4807	7863	5804	645	9260
chr7	37888898	38037897	149000	7	0	149000	91675	57325	12432	4590	6265	8113	5867	4021	5513	5986	6276	2684	4589	4126	6825	3480	3996	6911	6130	3092	604	4949	5053	3090	543	4704	4231	2913	531	3809	5973	4295	506	6901
chr7	38037898	38147897	110000	6	0	110000	69080	40920	9653	3366	4602	6434	4604	2824	3866	4375	4692	1929	3140	3114	5106	2714	2968	5691	4531	2334	387	3581	3707	2148	286	3305	2935	1979	219	2633	4496	2985	336	5058
chr7	38147898	38196004	48107	5	0	48107	30041	18066	4037	1635	2053	2678	2015	1250	1664	1879	2031	877	1338	1260	2319	1166	1362	2475	2120	998	208	1603	1508	991	171	1473	1291	813	153	1231	1889	1341	166	2110
chr7	38196006	38392043	196038	5	0	196038	116731	79307	14782	5573	7946	9885	7131	6080	8171	7363	8199	3834	6714	5133	8074	4604	4981	8261	8420	4246	1021	6404	6754	4723	880	6942	5735	4155	758	5387	7835	6175	791	9079
chr7	38392045	38729899	337855	5	0	337855	203551	134304	26115	9995	14132	17322	13108	9759	12964	13407	13949	6233	10774	9502	14393	7805	9107	14985	13849	7497	1488	10958	12073	7963	1364	11507	9788	7145	1086	9127	13528	10301	1244	15385
chr7	38729900	38958899	229000	6	0	229000	141416	87584	19581	7190	9753	12559	8783	6358	8482	8673	9560	4131	6948	6178	11159	5764	6319	9978	9551	4954	1030	7908	7467	4726	805	7417	6066	4264	714	5863	9212	6471	821	10313
chr7	38958900	39148105	189206	7	0	189206	119070	70136	16801	5694	7891	11319	7589	5094	6429	7472	8006	3180	5456	5317	9309	4579	5054	9878	7942	3838	793	5975	6014	3746	652	5607	5064	3238	589	4719	7564	5197	668	8530
chr7	39148107	39233900	85794	7	0	85794	51565	34229	6542	2524	3536	4552	3327	2490	3356	3414	3522	1591	2746	2439	3763	1960	2248	3555	3519	1909	390	2747	3083	2048	343	2924	2538	1762	303	2363	3446	2680	320	3852
chr7	39233901	39365900	132000	6	0	132000	78250	53750	9978	3964	5523	6413	5021	4129	5253	5136	5430	2514	4285	3608	5449	2992	3460	5095	5576	3082	689	4252	4880	3411	553	4653	3880	2821	466	3649	5203	4184	482	5967
chr7	39365901	39454900	89000	5	0	89000	52488	36512	6456	2614	3555	4398	3460	2700	3642	3427	3644	1698	3102	2475	3463	1852	2304	3696	3563	2052	405	2844	3375	2342	395	3107	2670	1952	298	2590	3622	2873	362	4062
chr7	39454901	39520900	66000	4	0	66000	38615	27385	5113	2021	2862	3070	2591	2048	2732	2394	2783	1263	2319	1687	2579	1328	1574	2251	2674	1528	321	2137	2529	1802	281	2385	1954	1558	255	1907	2607	2108	279	3058
chr7	39520901	39990900	470000	3	0	470000	274470	195530	36825	13719	18433	22178	17890	14389	19639	16416	17471	8850	16689	12238	18969	10864	12272	17626	18499	11191	2277	15855	17954	11983	2924	17179	13538	12400	2623	13859	18344	14466	2298	20140
chr7	39990901	40121900	131000	4	0	131000	80805	50195	12226	4053	5017	7224	5010	3793	4954	4408	4660	2140	4054	3450	6623	3512	3657	6022	5217	2919	675	4687	4542	2552	663	4066	3484	2999	589	3498	4923	3353	597	5431
chr7	40121901	40222900	101000	5	0	101000	58392	42608	8130	2859	3766	4779	3805	3182	4194	3283	3537	1878	3689	2654	4062	2312	2649	3611	3737	2620	535	3339	4012	2607	771	3839	2909	2870	705	2906	3807	3132	605	4214
chr7	40222901	40328900	106000	6	0	106000	64774	41226	9099	3249	4091	5755	4166	3110	3960	3997	4033	1862	3384	2922	4896	2646	2895	4708	4347	2449	434	3637	3757	2195	456	3503	2857	2363	402	2624	4272	2903	460	4566
chr7	40328901	40474900	146000	7	0	146000	91098	54902	12607	4534	6070	8330	5843	3859	5139	5806	6122	2585	4349	4081	6968	3690	4114	6999	6104	3046	571	4947	4836	2812	438	4583	3846	2634	402	3546	5861	4177	503	6596
chr7	40474901	40714900	240000	8	0	240000	148343	91657	19812	7469	10189	13244	9367	6725	8790	9469	10262	4316	7267	6759	11273	5874	6605	10922	10246	5034	993	8110	7878	4767	798	7664	6317	4483	666	6096	9910	6823	889	10981
chr7	40714901	40972514	257614	7	0	257614	156930	100684	20569	7951	11087	13607	10307	7186	9810	10043	11088	4812	7954	7098	11250	5960	7044	11162	10619	5756	964	8570	9186	5704	818	8475	7145	4972	676	6845	10396	7751	802	12005
chr7	40972516	41022901	50386	7	0	50386	29839	20547	3612	1446	2232	2502	2002	1489	2007	2106	2242	986	1682	1435	1936	1046	1226	1889	2023	1146	190	1608	1951	1216	167	1790	1485	1086	146	1393	2145	1677	167	2356
chr7	41022902	41300901	278000	6	0	278000	169552	108448	22458	8256	11840	15165	10876	7918	10414	10719	11902	5095	8836	7638	12483	6481	7393	12076	11494	6020	1159	9078	9506	6322	940	9420	7678	5436	775	7149	11249	8410	976	12836
chr7	41300902	41802901	502000	7	0	502000	302227	199773	39654	15168	21743	25757	19682	14461	19183	19090	21384	9438	16727	13589	21602	11108	13246	20394	20528	11085	2105	16458	18006	11908	1834	17428	13878	10442	1549	13413	20003	15741	1794	23600
chr7	41802902	41968065	165164	6	0	165164	97028	68136	12117	4716	6894	8026	6212	4995	6898	6155	7036	3307	5813	4399	6388	3554	4151	6366	6676	3716	799	5381	6149	4429	754	5992	4735	3743	614	4592	6700	5435	629	7791
chr7	41968066	42128900	160835	6	0	160835	94287	66548	11679	4716	6744	7722	5768	5197	6871	6072	6614	3143	5394	4112	6800	3603	3891	5960	6717	3623	942	5377	5840	4140	834	5719	4986	3726	669	4711	6365	5043	761	7094
chr7	42128901	42849900	721000	5	0	721000	436437	284563	58039	21971	30622	37805	28791	20402	27615	28076	30688	13299	23060	19778	30919	16237	18944	30189	29944	15686	3038	23241	25465	16595	2603	24221	20587	14681	2350	19326	28888	21922	2563	33453
chr7	42849901	42929900	80000	4	0	80000	46888	33112	6130	2404	3354	3835	3041	2344	3348	2708	3203	1525	2717	2042	3349	1744	2024	3119	3064	1939	379	2635	2981	2180	496	2904	2315	1953	455	2323	3082	2489	336	3580
chr7	42929901	43317900	388000	5	0	388000	228647	159353	29568	11048	16096	19126	14930	11918	15901	14243	15524	7412	13343	10272	15816	8539	9760	15151	15678	9111	1741	12387	14556	10157	1799	14094	11484	9006	1576	11212	15274	12332	1538	17406
chr7	43317901	43459900	142000	4	0	142000	83285	58715	10694	4201	5770	6785	5504	4226	5928	5299	5607	2740	4884	3854	5645	3061	3589	5497	5762	3314	700	4452	5377	3755	714	5161	4315	3437	551	4091	5503	4501	615	6466
chr7	43459901	43555900	96000	3	0	96000	55318	40682	6895	2678	3975	4324	3474	3080	4138	3609	3912	1855	3529	2578	3590	2012	2317	3351	3751	2337	487	3050	3642	2644	466	3802	3037	2373	440	2778	3871	3201	473	4329
chr7	43555901	43789900	234000	2	0	234000	137447	96553	18794	6886	9328	11187	8823	7098	9704	8240	8989	4311	7988	6094	9589	5328	6080	9007	9155	5588	1120	7760	8884	5938	1395	8548	6873	5998	1218	6693	8953	7241	1089	10099
chr7	43789901	45234900	1445000	1	0	1445000	744440	700560	83568	35548	50237	46861	48286	53948	77898	44805	45993	31888	62364	33126	38367	26420	30205	34926	53813	41758	9240	42992	68821	61118	13490	68181	49538	55485	12000	50751	52765	53248	8578	58780
chr7	45234901	45315900	81000	2	0	81000	47014	33986	5926	2260	3258	3687	3029	2651	3528	2943	3206	1693	2903	2198	2969	1682	2085	2994	3432	1945	350	2559	3150	2239	373	2992	2420	1905	302	2319	3149	2665	281	3905
chr7	45315901	45405900	90000	1	0	90000	53231	36769	6888	2718	3690	4418	3608	2664	3756	3477	3769	1788	2874	2438	3450	1913	2232	3547	3754	2124	398	2807	3522	2345	345	3149	2689	1970	296	2501	3540	2922	311	4095
chr7	45405901	45793900	388000	2	0	388000	218738	169262	26394	10703	14850	16877	14076	12868	17976	14410	14666	8037	13745	9839	13688	7997	9121	13490	16020	9776	1869	11940	16148	12751	2237	15412	12297	10820	1892	11813	14865	13201	1692	16528
chr7	45793901	45928900	135000	3	0	135000	71852	63148	8051	3429	5084	4868	4779	4636	6800	4592	4684	2854	5754	3242	3918	2534	2940	3686	5093	3483	777	4100	5977	4876	1177	6020	4670	4867	1001	4572	5066	4824	757	5887
chr7	45928901	46029521	100621	4	0	100621	59087	41534	7501	3000	4154	4911	3895	3065	4313	3714	4227	2045	3387	2666	3943	2023	2422	3819	4211	2368	492	3063	3803	2816	434	3626	2952	2242	328	2874	4021	3253	338	4713
chr7	46029523	46046901	17379	4	0	17379	10184	7195	1272	554	686	877	694	497	749	644	690	355	546	459	733	363	442	622	720	403	83	563	649	452	114	599	561	407	75	518	654	552	100	744
chr7	46046902	46378901	332000	5	0	332000	202665	129335	27291	10111	13517	17984	13315	9711	12649	13320	14025	6187	10326	9076	14272	7412	8658	14810	14408	7031	1375	10607	11522	7509	1061	10676	9557	6376	911	8687	13509	9852	1073	15180
chr7	46378902	46590901	212000	6	0	212000	129994	82006	17006	6660	9056	11447	8491	5948	7994	8505	9102	3962	6477	5936	9570	4808	5550	9482	9128	4592	759	6899	7422	4685	581	6946	5734	3991	434	5357	8654	6365	582	9875
chr7	46590902	46962901	372000	7	0	372000	227548	144452	30588	11371	15340	20014	14759	10642	14281	14650	15580	6859	11739	10423	16386	8366	9669	16879	15957	7878	1459	11945	12986	8234	1130	12005	10465	7194	932	9665	14924	11049	1215	17414
chr7	46962902	47146901	184000	6	0	184000	111688	72312	14710	5475	7580	9764	7134	5508	6870	7181	7626	3347	6065	4990	8059	4144	4780	8453	7842	3930	845	5857	6307	4191	739	6183	5194	3807	624	4765	7350	5492	696	8490
chr7	47146902	47285901	139000	5	0	139000	78537	60463	9065	3911	5543	5998	5085	4657	6334	5368	5516	2885	5070	3646	4851	2766	3266	4575	5815	3422	703	4279	5740	4340	725	5457	4432	3744	537	4151	5457	4756	579	6325
chr7	47285902	47367640	81739	4	0	81739	43785	37954	4924	2153	3029	2900	2629	3146	4189	3124	3072	1871	3171	1945	2381	1472	1666	2113	3418	2159	568	2497	3607	2911	652	3481	2888	2541	508	2663	3174	3039	432	3414
chr7	47367642	47409555	41914	4	0	41914	21395	20519	2096	1044	1643	1265	1401	1647	2299	1350	1587	982	1791	1010	964	650	793	873	1653	1125	342	1203	1895	1709	392	1986	1566	1452	330	1494	1583	1696	248	1843
chr7	47409556	47487901	78346	4	0	78346	40584	37762	4252	2085	2726	2452	2580	3395	4284	2701	2621	1785	3194	1776	2062	1377	1504	1789	3551	2163	593	2335	3514	3001	694	3597	2912	2804	542	2679	2984	2838	457	3097
chr7	47487902	47729901	242000	3	0	242000	125158	116842	13837	6126	8641	7903	7920	9240	12838	7876	8329	5356	10527	5671	6421	4198	4856	5418	9144	6753	1821	7202	11062	9353	2455	11094	8549	8911	2190	8424	9118	8947	1676	10142
chr7	47729902	47853901	124000	4	0	124000	69125	54875	8418	3416	4642	5225	4464	4211	5878	4460	4687	2539	4764	3147	4132	2432	2852	3858	4910	3160	736	3790	5180	3815	827	5018	4086	3588	696	3930	4837	4277	625	5398
chr7	47853902	47892359	38458	5	0	38458	21366	17092	2513	1007	1487	1586	1350	1306	1855	1341	1446	839	1480	994	1284	758	887	1233	1539	951	241	1179	1544	1203	264	1570	1278	1110	215	1237	1491	1315	230	1723
chr7	47892361	48001902	109542	5	0	109542	62095	47447	7992	3077	4211	4733	3863	3741	4875	3998	4190	2199	3902	2825	3968	2219	2561	3740	4413	2744	658	3421	4381	3360	813	4128	3424	3013	701	3274	4259	3565	566	4726
chr7	48001903	48135902	134000	6	0	134000	78129	55871	10309	3902	5320	6306	5031	4221	5641	4790	5295	2687	4578	3461	5202	2911	3368	5107	5609	3303	706	4103	5016	3617	807	4923	3865	3261	796	3842	5192	4181	609	6039
chr7	48135903	48231902	96000	7	0	96000	57753	38247	7624	2967	3959	5047	3880	2712	3769	3700	3918	1695	3169	2796	4175	2053	2364	3924	3819	2155	344	3109	3495	2333	398	3299	2729	2024	323	2640	4018	3013	334	4213
chr7	48231903	48362902	131000	8	0	131000	78921	52079	10095	3853	5422	6847	5094	3849	5186	5287	5503	2485	4147	3741	5525	2958	3416	5513	5454	2828	550	4313	4721	3021	476	4376	3844	2666	381	3571	5396	4079	491	5910
chr7	48362903	48491402	128500	9	0	128500	77734	50766	10209	3860	5354	6754	4986	3835	4897	5127	5474	2342	4183	3467	5507	2978	3317	5442	5538	2832	567	4078	4435	2992	468	4402	3679	2562	419	3328	5193	3911	418	5944
chr7	48491404	48648903	157500	9	0	157500	98569	58931	13422	4853	6390	9299	6273	4220	5681	6457	6617	2828	4578	4463	7652	3766	4308	7761	6846	3295	571	4955	5141	3215	428	4802	4242	2663	323	3963	6402	4413	434	7237
chr7	48648904	49956903	1308000	10	0	1308000	817365	490635	110075	40452	54307	76453	52787	36115	46594	52252	55571	23209	37896	36337	62855	31464	35527	65470	56858	26981	4904	42497	42656	25864	4069	39662	35456	22838	3341	32495	52778	36568	3998	59669
chr7	49956904	50214903	258000	9	0	258000	160020	97980	21460	7840	10459	14599	9921	7168	9635	9917	10540	4551	7535	7158	12436	6167	6748	13884	10912	5473	1042	8299	8676	5605	885	8308	6932	5042	750	6272	10121	7354	811	11498
chr7	50214904	50331035	116132	8	0	116132	70206	45926	9424	3385	4823	6311	4423	3281	4442	4482	4914	2149	3732	3091	5182	2671	2901	4994	4754	2546	520	3666	4034	2774	582	3908	3278	2380	535	3063	4563	3598	463	5261
chr7	50342934	50373801	30868	8	0	30868	17161	13707	1912	851	1326	1206	1051	1116	1447	1167	1295	630	1135	798	1036	600	695	895	1311	736	194	956	1191	976	196	1264	1081	816	160	967	1198	1099	146	1415
chr7	50373802	50510801	137000	7	0	137000	76778	60222	9008	3719	5453	6018	4790	4487	6429	4849	5292	2820	5072	3473	5108	2664	3182	4412	5433	3270	801	4186	5412	4394	970	5493	4455	3950	830	4371	5255	4655	661	6086
chr7	50510802	50556070	45269	6	0	45269	25893	19376	3278	1200	1804	2098	1769	1436	2023	1671	1785	934	1594	1200	1547	914	1098	1541	1833	1097	213	1341	1784	1275	256	1729	1494	1193	224	1423	1787	1479	221	2026
chr7	50556072	50665802	109731	6	0	109731	59748	49983	6602	3032	4291	4152	3842	3959	5551	3870	4219	2450	4081	2717	3414	2203	2386	2979	4653	2801	809	3381	4627	3790	768	4517	3832	3137	602	3597	4110	3973	571	4813
chr7	50665803	51153802	488000	5	0	488000	275580	212420	32630	13904	19438	20916	18004	16457	22205	18159	19232	10104	17418	12660	17022	9884	11289	16257	20466	11897	2765	15222	19706	15137	2895	18944	15676	12986	2587	14724	18977	16662	2315	21460
chr7	51153803	51295802	142000	4	0	142000	80814	61186	10349	4019	5405	6269	5220	4869	6672	4940	5321	2801	5043	3608	5152	3066	3135	4945	5985	3543	824	4403	5559	4045	891	5562	4555	3948	785	4312	5602	4522	670	5978
chr7	51295803	51378802	83000	3	0	83000	45397	37603	5357	2235	3038	3221	2991	3035	3987	2828	2742	1659	3232	2187	2761	1672	1949	2502	3262	2259	440	2640	3602	2657	687	3380	2759	2650	639	2806	3218	2760	464	3379
chr7	51378803	51492802	114000	4	0	114000	63113	50887	7420	3034	4338	4725	4105	3921	5352	4095	4208	2224	4624	2816	3783	2233	2552	3682	4432	2715	631	3634	4788	3594	801	4727	3702	3707	621	3662	4551	3895	583	4843
chr7	51492803	51570802	78000	5	0	78000	46552	31448	6264	2353	3205	3862	3227	2242	3196	2976	3247	1437	2532	2163	2946	1723	2056	3123	3267	1859	284	2345	2957	1915	229	2774	2306	1684	206	2241	3111	2416	223	3629
chr7	51570803	51584483	13681	6	0	13681	8773	4908	1255	447	565	808	593	357	444	524	621	222	370	405	605	338	392	825	611	300	38	415	452	260	14	390	304	169	15	322	551	387	35	645
chr7	51584485	51676803	92319	6	0	92319	52790	39529	6178	2697	3764	4132	3521	2956	4074	3568	3805	1886	3326	2447	3267	1839	2195	3135	3834	2174	532	2838	3607	2601	496	3508	2973	2306	384	2810	3705	3132	424	4203
chr7	51676804	51805803	129000	7	0	129000	79875	49125	10440	3885	5220	7337	5208	3809	4734	5407	5463	2258	3784	3677	5771	3115	3442	6324	5735	2693	540	4099	4239	2635	386	3911	3863	2214	302	3325	5321	3629	388	5844
chr7	51805804	52091803	286000	8	0	286000	176288	109712	24061	8614	12051	16096	11418	7936	10453	11182	12176	5085	8743	7997	13167	6588	7519	13201	11822	6060	1183	9158	9504	6156	1078	9105	8129	5360	875	7280	11534	8266	978	13223
chr7	52091804	52357803	266000	9	0	266000	163697	102303	22163	7917	11024	14871	10499	7398	9901	10248	11102	4827	8186	7208	12211	6320	7050	12771	11120	5578	1076	8688	8954	5678	926	8659	7429	5221	941	6709	10542	7740	935	12106
chr7	52357804	52433803	76000	8	0	76000	46414	29586	5994	2299	3137	4200	3017	2230	2791	2899	3104	1389	2422	2053	3514	1811	2005	3548	3161	1728	329	2511	2661	1663	310	2506	2086	1481	243	1938	3028	2268	272	3400
chr7	52433804	52669180	235377	9	0	235377	150485	84892	20896	7405	9657	14743	9472	6328	7986	9386	9982	3951	6410	6602	12351	6002	6439	12874	10319	4524	1005	7838	7117	4028	615	6598	6161	3685	530	5526	9575	6120	720	10530
chr7	52669182	52690804	21623	9	0	21623	13655	7968	1968	609	834	1346	806	568	736	885	886	367	629	567	1097	523	591	1242	858	447	89	673	693	385	99	658	569	424	82	541	875	578	78	918
chr7	52690805	52696406	5602	8	0	5602	3668	1934	509	174	233	383	209	163	166	250	250	90	134	147	331	156	148	323	267	122	22	172	159	86	10	151	145	58	8	113	217	140	18	246
chr7	52696408	52787974	91567	8	0	91567	58759	32808	8373	2896	3792	5756	3656	2373	3069	3753	3998	1548	2443	2545	4790	2176	2482	5108	4069	1678	364	2882	2656	1529	256	2631	2428	1454	211	2115	3697	2411	267	4159
chr7	52787976	52863806	75831	8	0	75831	48259	27572	6850	2309	3196	4680	3098	2065	2505	2986	3184	1325	2140	2185	3903	1839	2073	3921	3330	1411	337	2460	2262	1393	222	2165	1958	1201	176	1821	3103	2038	225	3468
chr7	52863807	54171806	1308000	9	0	1308000	829913	478087	115426	40272	53627	81126	53135	35304	44550	52154	55013	22462	36612	36242	66876	32257	35331	69524	56508	25930	5158	42699	40809	23732	3791	37927	35016	21778	3355	31055	52811	34819	4260	58439
chr7	54171807	54661806	490000	8	0	490000	307312	182688	42497	15001	20168	29251	19639	13093	17333	19322	20880	8604	14148	13545	23902	11674	13160	25094	20897	9952	1944	15579	15657	9773	1657	14812	13246	8619	1394	11980	19587	13555	1597	22438
chr7	54661807	54992806	331000	7	0	331000	198849	132151	26702	10103	13276	17310	13067	9821	12836	12592	13556	6281	10535	8757	14065	7658	8471	13817	14036	7386	1825	10616	11604	7735	1764	11138	9626	7136	1502	8654	13050	9984	1385	14710
chr7	54992807	55111806	119000	8	0	119000	67406	51594	8177	3377	4801	5198	4199	4167	5410	4316	4793	2469	4309	2911	4384	2350	2684	3859	5080	2682	809	3792	4359	3389	893	4477	4024	3146	832	3628	4629	3901	646	5307
chr7	55111807	55245806	134000	7	0	134000	72789	61211	7847	3538	4970	5185	4564	5305	6568	4913	4934	2921	5041	3289	4195	2490	2900	4127	5848	3434	952	4021	5626	4617	1084	5432	4708	4029	910	4365	5169	4679	676	5661
chr7	55245807	55501806	256000	6	0	256000	141203	114797	17531	7045	9674	10320	8901	8564	12283	8737	9566	5397	9643	6250	8572	5161	5760	7799	10078	6588	1713	7788	10511	8438	2266	10442	8260	7800	1937	8118	9636	8831	1378	11011
chr7	55501807	55592806	91000	5	0	91000	48819	42181	5543	2437	3453	3334	3105	3214	4636	3048	3391	2055	3720	2169	2728	1632	1937	2417	3545	2461	572	2760	3854	3354	721	3999	3102	2754	686	3036	3501	3358	525	3951
chr7	55592807	55646806	54000	4	0	54000	32623	21377	4390	1640	2244	2776	2144	1747	2035	2012	2061	993	1720	1443	2455	1337	1355	2271	2345	1256	247	1869	1955	1220	250	1724	1492	1192	195	1413	2144	1481	244	2348
chr7	55646807	55923806	277000	5	0	277000	155838	121162	21104	7524	9668	11878	10225	9470	12585	9095	9230	5162	10860	7085	9615	6149	6555	9632	10586	7161	1665	8893	11441	7879	2325	10864	8525	8887	2020	8578	10823	8582	1600	11332
chr7	55923807	56163806	240000	6	0	240000	129180	110820	17267	6160	8080	9127	8522	8636	11826	7157	7436	4809	10037	6042	7409	4902	5303	6466	8602	6746	1557	7602	10562	7964	2541	10341	7710	8569	2237	8064	9267	8129	1689	9239
chr7	56163807	56268806	105000	7	0	105000	59534	45466	7185	2775	3975	4511	3830	3492	4693	3824	3816	2071	4004	2665	3615	2210	2482	4385	4114	2581	559	3294	4373	3081	630	4128	3303	2973	565	3309	4049	3577	506	4423
chr7	56268807	56430806	162000	8	0	162000	89100	72900	11231	4291	5914	6575	5950	5394	7596	5389	5542	3162	6737	4075	5288	3291	3646	5019	6002	4105	1005	5026	6886	4971	1425	6886	5058	5606	1160	5252	6381	5486	920	6729
chr7	56430807	56883078	452272	9	0	452272	257771	194501	34030	12503	16484	20490	16961	14675	20631	15453	15685	8916	17357	11040	16831	10014	10465	16235	18207	11209	2251	14441	18222	12303	3257	17852	13576	14234	2466	13484	17715	13889	2234	19160
chr7	56883079	56889292	6214	9	0	6214	3101	3113	298	141	196	175	200	255	344	213	175	134	312	153	138	110	149	107	218	207	36	179	342	251	41	313	222	249	37	244	230	240	38	265
chr7	56889293	56893623	4331	9	0	4331	2080	2251	198	97	130	97	125	201	300	151	125	98	191	95	73	75	57	65	198	126	25	122	237	199	31	224	216	186	25	153	126	180	23	180
chr7	56893625	56894159	535	9	0	535	270	265	34	6	29	12	21	14	34	14	15	11	24	16	11	4	17	8	11	9	0	15	25	16	1	30	28	25	4	33	19	21	1	25
chr7	56894164	56894463	300	9	0	300	157	143	22	8	12	12	14	9	22	5	9	7	8	8	9	5	1	5	8	10	2	8	13	11	3	13	17	12	2	11	13	7	1	11
chr7	56894466	56897453	2988	9	0	2988	1566	1422	186	78	107	102	127	143	154	87	78	58	131	64	82	47	72	49	131	95	7	92	146	100	21	127	132	104	13	121	102	95	11	124
chr7	56897454	56900850	3397	9	0	3397	1689	1708	141	84	112	84	102	140	212	117	106	66	158	81	73	60	61	90	126	120	16	88	172	142	24	185	138	146	13	127	135	115	17	144
chr7	56900854	56900890	37	9	0	37	27	10	12	0	3	1	2	2	0	3	1	1	0	0	1	0	0	0	2	0	0	1	0	0	0	0	3	0	0	1	1	0	0	1
chr7	56900892	56901383	492	9	0	492	266	226	19	9	21	8	12	25	27	23	15	14	22	16	12	11	10	21	29	11	1	17	14	17	0	25	20	11	0	13	24	17	1	25
chr7	56901387	56904483	3097	9	0	3097	1635	1462	186	55	88	122	100	129	175	96	83	72	152	87	83	54	78	73	124	77	12	98	153	102	19	131	95	121	17	119	128	105	16	145
chr7	56904485	56904961	477	9	0	477	239	238	18	9	21	6	17	38	21	15	11	11	23	18	8	8	9	5	37	8	3	18	17	9	6	23	18	18	4	14	20	20	3	19
chr7	56904963	56909979	5017	9	0	5017	2723	2294	341	126	164	192	183	182	258	152	155	108	205	131	146	119	118	141	172	171	26	166	250	161	34	203	155	159	34	164	198	157	32	212
chr7	56909980	56911599	1620	9	0	1620	843	777	98	41	66	49	48	56	93	56	56	32	60	40	51	24	34	37	53	49	11	40	85	52	14	76	66	57	14	71	49	69	5	66
chr7	56911600	56913430	1831	9	0	1831	978	853	139	42	64	65	65	68	99	53	60	37	71	53	47	36	34	43	63	52	11	57	86	76	16	77	65	60	10	59	72	67	7	75
chr7	56913431	56917250	3820	9	0	3820	2153	1667	282	96	127	167	148	137	178	124	109	66	160	117	133	94	95	120	144	100	17	132	168	102	22	153	110	122	15	129	165	120	20	146
chr7	56917252	56917517	266	9	0	266	157	109	30	5	14	8	8	6	10	11	6	5	10	7	12	10	6	8	7	7	1	10	8	6	1	10	8	8	4	10	12	4	2	10
chr7	56917518	56920409	2892	9	0	2892	1508	1384	155	74	108	85	101	99	168	96	90	62	131	83	76	52	62	64	96	94	12	85	144	118	11	138	104	94	6	116	120	105	11	130
chr7	56920410	56921578	1169	9	0	1169	662	507	94	30	46	34	33	54	60	39	45	20	44	26	33	32	38	33	55	33	3	45	45	26	2	50	34	32	1	45	52	33	2	48
chr7	56921579	56922097	519	9	0	519	263	256	22	14	13	18	22	20	30	21	10	12	18	12	13	8	18	11	18	14	2	20	27	15	3	22	26	24	7	25	22	14	4	12
chr7	56922098	56929016	6919	9	0	6919	3530	3389	332	174	239	209	232	276	396	230	224	147	320	168	166	128	131	157	277	205	38	204	347	283	43	336	256	249	35	256	254	272	42	291
chr7	56929017	56929584	568	9	0	568	317	251	58	14	20	18	20	17	27	25	16	9	20	17	15	11	14	14	14	14	2	21	30	17	3	20	24	21	1	22	21	18	4	19
chr7	56929585	56929887	303	9	0	303	146	157	23	8	7	5	10	12	22	2	5	6	16	5	4	6	12	2	9	10	1	12	13	9	3	16	14	14	5	19	10	8	3	10
chr7	56929889	56930939	1051	9	0	1051	642	409	111	32	33	56	47	26	35	49	35	12	32	32	38	20	26	56	34	24	2	30	50	28	4	30	35	33	3	25	38	27	5	41
chr7	56930942	56931444	503	9	0	503	324	179	35	20	17	27	15	13	13	35	14	7	12	13	35	20	8	39	33	12	2	13	19	12	2	13	10	7	1	8	14	15	1	16
chr7	56931446	57025792	94347	9	0	94347	44154	50193	4730	1861	2835	2289	2845	4028	5540	2496	2411	2186	4763	2057	1730	1356	1600	1426	3078	3002	834	2517	5026	4969	1378	4995	3531	4626	1136	3683	3273	3771	830	3543
chr7	57025793	57272792	247000	10	0	247000	140677	106323	17688	6798	8930	11417	8856	8445	10926	8495	8740	4726	9283	6411	9549	5524	6054	8835	9765	6634	1331	7763	10027	7403	1622	9741	7459	6798	1309	7310	9470	7958	1352	10379
chr7	57272793	57395919	123127	9	0	123127	65261	57866	7104	3118	4512	4322	4335	4739	6400	4339	4313	2652	5223	3130	3304	2185	2518	3067	4902	3396	674	3722	5768	4606	780	5557	4245	4210	621	4066	4898	4498	613	5308
chr7	57395921	57395936	16	9	0	16	7	9	0	0	0	0	0	0	2	0	0	1	0	2	0	1	1	0	0	0	0	2	1	0	0	0	1	0	0	0	0	2	0	1
chr7	57395938	57396857	920	9	0	920	542	378	81	21	45	45	41	19	42	30	39	17	39	31	31	18	17	26	30	19	1	25	33	16	1	40	27	29	5	25	42	27	3	53
chr7	57396861	57404119	7259	9	0	7259	3646	3613	386	173	238	228	218	291	414	176	240	168	338	165	182	127	140	161	256	218	57	228	358	360	68	374	215	283	47	237	270	300	50	291
chr7	57404120	57408804	4685	9	0	4685	2474	2211	261	135	174	185	162	165	216	164	194	97	185	117	137	80	85	116	195	110	38	133	182	180	72	181	155	139	76	156	175	186	42	190
chr7	57408805	57408838	34	9	0	34	24	10	11	0	1	1	1	0	2	0	2	0	1	1	0	2	0	0	0	1	0	1	1	0	0	1	1	1	0	0	1	0	0	3
chr7	57408840	57410173	1334	9	0	1334	771	563	109	33	40	68	46	38	57	49	42	25	56	22	53	36	44	51	48	36	5	43	61	38	4	53	37	47	6	40	44	35	5	61
chr7	57418178	57421839	3662	9	0	3662	2386	1276	369	115	138	235	136	112	119	146	131	45	107	110	222	97	88	215	166	66	14	123	97	66	11	91	94	56	13	85	155	77	8	153
chr7	57421848	57426880	5033	9	0	5033	2428	2605	246	104	150	164	127	191	293	161	149	121	176	127	142	76	58	142	174	132	52	135	219	246	128	193	185	234	152	181	194	173	38	168
chr7	57426881	57426959	79	9	0	79	24	55	0	0	0	0	0	10	6	2	0	4	0	2	0	0	0	0	6	5	1	2	1	13	3	4	7	2	3	0	3	2	1	0
chr7	57426961	57428902	1942	9	0	1942	998	944	112	37	52	68	43	82	123	66	63	49	68	50	51	37	34	62	92	49	12	52	83	86	23	90	70	80	24	52	70	68	9	83
chr7	57428903	57442793	13891	9	0	13891	7657	6234	940	355	480	612	480	497	718	466	488	299	511	311	479	255	279	487	542	382	67	415	632	519	82	571	462	463	66	423	524	440	65	579
chr7	57442794	57531793	89000	8	0	89000	55728	33272	7060	2394	3067	5966	3200	2599	2883	4174	4182	1390	2819	2646	4045	2091	2094	5118	3518	1689	336	2929	3487	1520	379	2347	2253	1555	277	1943	3598	2969	826	3644
chr7	57531794	57657793	126000	9	0	126000	74140	51860	9918	3517	4867	6148	4639	3911	5122	4686	4759	2548	4210	3312	5133	2958	3191	5220	5161	3082	688	4003	4668	3398	756	4647	3667	3039	621	3300	4862	3950	577	5440
chr7	57657794	57797793	140000	10	0	140000	85638	54362	11800	4189	5333	7877	5695	4233	5261	5284	5724	2440	4453	4014	5980	3126	3571	6657	5985	3034	586	4384	4830	3066	595	4550	3808	2929	483	3480	5849	4012	566	6204
chr7	57797794	57989793	192000	9	0	192000	117159	74841	17690	5969	8951	9059	8563	6920	6580	7107	10121	3086	6663	5742	5295	3423	4694	7294	8781	3435	881	6302	5809	2986	827	5548	5988	3267	1163	4242	8592	5482	741	10797
chr7	57989794	57994625	4832	10	0	4832	3020	1812	517	157	250	218	255	205	134	194	297	79	175	139	73	67	103	157	246	62	32	168	118	29	10	112	159	52	31	102	265	125	19	280
chr7	61071607	61074774	3168	10	0	3168	2041	1127	173	66	86	316	129	57	60	245	239	50	77	195	100	42	56	150	96	33	11	74	133	38	7	56	49	21	2	44	213	141	102	105
chr7	61074775	61110774	36000	9	0	36000	23122	12878	3425	1254	1651	1997	1581	1071	1099	1397	1968	542	1058	1019	1354	826	985	1893	1697	579	198	1219	919	486	92	928	933	409	83	747	1599	951	139	1899
chr7	61110775	61248774	138000	8	0	138000	85938	52062	13740	5460	7986	5711	6553	4619	4712	4382	10035	1730	4262	4065	2568	1851	3409	4854	5905	1742	789	5224	2836	1324	669	3225	4865	1156	945	3290	6660	3832	969	8630
chr7	61248775	61327788	79014	9	0	79014	49958	29056	8345	2909	4050	3570	3973	2830	2560	2832	5087	958	2669	2539	1471	1193	1945	3025	3706	1013	365	2806	1822	644	192	1813	2552	836	326	1728	4115	1978	283	4877
chr7	61580743	61582263	1521	10	0	1521	914	607	91	49	74	61	60	50	57	66	62	35	55	39	62	29	30	93	71	33	10	49	47	36	1	55	42	22	4	46	73	48	3	66
chr7	61582264	61597260	14997	9	0	14997	9513	5484	1356	432	659	868	586	418	486	580	674	269	437	433	700	363	399	851	664	322	62	434	443	280	38	488	372	196	37	335	591	451	47	724
chr7	61666459	61666630	172	9	0	172	110	62	22	5	9	8	9	7	4	4	11	2	6	5	2	2	5	9	9	2	0	4	3	1	1	4	4	2	1	5	8	4	2	10
chr7	61725417	61725740	324	9	0	324	140	184	28	3	4	8	5	13	16	2	4	7	20	8	6	6	6	4	6	7	6	10	13	16	15	12	9	23	13	13	8	11	10	10
chr7	61730892	61746500	15609	9	0	15609	10003	5606	1800	574	831	654	768	555	506	552	984	221	478	511	307	240	384	637	773	222	50	545	327	146	32	370	436	166	30	314	845	341	37	971
chr7	61764001	61764726	726	9	0	726	461	265	86	29	38	30	30	28	28	26	44	4	15	27	23	11	17	25	36	6	3	26	17	10	0	21	22	10	3	19	36	22	0	32
chr7	61764736	61765527	792	9	0	792	500	292	93	34	34	32	35	30	32	25	47	5	30	22	17	12	20	31	38	10	1	32	18	7	0	19	30	5	6	21	35	22	3	44
chr7	61765529	61765555	27	9	0	27	15	12	2	0	2	0	0	1	1	0	2	0	1	1	0	2	1	1	1	0	0	2	0	0	0	3	0	2	0	0	1	1	0	1
chr7	61765557	61765636	80	9	0	80	51	29	11	2	4	4	2	2	4	1	4	1	2	4	4	2	0	2	3	0	2	2	2	3	0	2	1	0	0	3	3	4	0	4
chr7	61765649	61765927	279	9	0	279	184	95	36	13	13	7	10	11	12	8	15	1	5	12	8	8	8	15	16	3	1	14	5	1	1	5	8	2	0	6	12	6	2	13
chr7	61765929	61765965	37	9	0	37	25	12	8	4	1	1	3	1	2	0	2	0	1	1	0	0	0	0	2	0	0	2	1	0	0	0	1	0	0	1	2	1	0	1
chr7	61765967	61766513	547	9	0	547	349	198	51	23	25	26	21	21	20	23	33	5	15	25	21	5	12	22	32	8	1	12	7	7	1	19	16	5	2	9	30	14	2	32
chr7	61766515	61766544	30	9	0	30	19	11	3	3	2	0	1	1	1	1	3	0	1	0	1	0	0	1	1	2	0	1	0	0	0	2	0	0	0	0	2	0	0	2
chr7	61766550	61767709	1160	9	0	1160	747	413	125	55	50	49	51	35	52	45	76	6	35	45	27	18	21	56	60	11	3	40	20	11	1	29	35	10	4	27	68	29	2	62
chr7	61767714	61767744	31	9	0	31	24	7	7	2	3	0	0	0	1	0	3	0	0	2	1	0	2	1	0	0	0	2	0	0	0	0	0	0	0	0	1	0	0	4
chr7	61767746	61768711	966	9	0	966	610	356	120	46	49	34	46	34	35	28	62	9	28	29	21	10	16	41	44	11	10	34	29	13	3	20	28	7	4	25	42	34	3	49
chr7	61768713	61768762	50	9	0	50	33	17	7	3	2	2	3	1	1	2	2	0	2	1	2	1	2	1	2	1	0	3	1	0	0	1	2	0	0	1	2	1	0	2
chr7	61768764	61768879	116	9	0	116	76	40	11	2	6	8	7	6	3	4	6	2	3	4	3	1	3	6	8	0	0	3	1	1	0	2	5	2	0	3	6	1	0	7
chr7	61768896	61769930	1035	9	0	1035	663	372	115	44	48	50	42	39	40	33	62	7	36	29	38	12	26	42	51	13	1	37	18	13	1	29	37	8	3	26	47	27	1	58
chr7	61769949	61770319	371	9	0	371	241	130	44	13	17	18	15	15	16	9	18	3	11	16	14	6	9	15	16	6	2	13	7	1	0	8	14	3	2	9	18	6	2	23
chr7	61770321	61770369	49	9	0	49	33	16	10	0	3	3	3	4	1	1	2	0	0	2	1	0	0	1	4	0	0	0	1	0	0	1	3	0	0	3	2	2	0	0
chr7	61770371	61770461	91	9	0	91	56	35	11	4	4	3	8	3	3	1	4	0	2	2	0	2	2	6	3	3	0	3	4	1	0	4	5	2	0	1	2	3	0	3
chr7	61777287	61777558	272	9	0	272	185	87	42	13	15	9	9	8	8	8	21	1	9	10	7	4	4	15	11	4	1	10	5	1	0	6	3	2	1	2	16	5	2	18
chr7	61777560	61777588	29	9	0	29	18	11	2	0	1	2	0	1	0	2	1	0	0	1	2	0	3	3	1	0	0	0	0	0	0	2	1	2	0	1	0	1	0	1
chr7	61777590	61781388	3799	9	0	3799	2441	1358	477	142	171	181	170	136	145	123	227	32	127	136	97	59	84	132	193	46	9	121	70	43	5	105	113	40	10	81	198	94	10	220
chr7	61781389	61781615	227	9	0	227	139	88	26	6	11	9	8	8	9	8	14	2	3	9	3	3	7	11	8	5	0	6	7	7	0	11	9	4	0	3	9	9	0	10
chr7	61781617	61781632	16	9	0	16	10	6	3	2	0	0	1	0	1	0	1	0	0	0	0	1	1	0	1	0	0	1	0	0	0	0	1	0	0	0	0	0	0	1
chr7	61781633	61781739	107	9	0	107	71	36	12	5	5	3	5	2	4	3	6	1	5	6	2	4	2	4	5	1	2	4	1	0	0	1	2	0	0	2	8	1	0	9
chr7	61781741	61781826	86	9	0	86	54	32	12	3	5	3	6	2	4	1	3	0	2	3	2	2	2	3	4	1	0	2	2	1	0	3	3	3	0	4	3	1	0	4
chr7	61781828	61781948	121	9	0	121	75	46	14	4	6	5	5	4	6	3	9	1	5	3	1	3	3	3	6	2	0	4	0	1	0	5	3	2	0	3	9	2	0	7
chr7	61781950	61782024	75	9	0	75	50	25	9	5	1	3	4	3	4	2	3	1	3	4	2	2	2	0	7	1	0	3	0	0	0	1	1	0	0	1	6	0	0	5
chr7	61782026	61782126	101	9	0	101	64	37	9	5	4	5	2	1	5	4	7	1	3	2	5	2	4	5	5	1	0	3	0	0	0	4	4	2	2	2	3	2	0	7
chr7	61782128	61782200	73	9	0	73	47	26	13	6	2	1	5	2	3	4	3	0	1	2	2	1	0	1	5	2	1	1	3	0	0	1	1	1	1	3	4	1	0	1
chr7	61782202	61782235	34	9	0	34	22	12	4	1	2	2	0	0	3	1	4	1	1	1	1	0	1	0	1	0	0	1	0	0	0	0	0	0	0	2	2	0	0	4
chr7	61782237	61782257	21	9	0	21	16	5	7	0	2	1	0	0	0	0	2	0	0	2	1	0	0	1	0	0	0	0	0	0	0	1	0	0	0	0	0	1	0	1
chr7	61782259	61782472	214	9	0	214	134	80	21	5	12	11	7	7	7	8	9	2	3	7	12	5	5	11	10	4	0	5	10	7	0	7	2	3	0	11	7	10	0	4
chr7	61791021	61791231	211	9	0	211	128	83	27	6	11	8	9	9	6	6	10	4	8	5	7	2	4	5	4	5	1	11	7	4	2	6	8	4	0	4	11	6	1	8
chr7	61791233	61791274	42	9	0	42	27	15	5	2	1	2	2	3	1	3	2	0	1	1	1	0	1	0	5	0	0	1	1	0	0	0	3	0	0	1	1	1	0	2
chr7	61791276	61791332	57	9	0	57	35	22	8	2	2	1	0	2	3	1	3	0	5	1	1	0	2	3	0	0	0	4	1	1	0	2	1	1	0	2	3	2	0	4
chr7	61791334	61791499	166	9	0	166	97	69	15	6	8	6	9	6	5	7	10	3	5	5	1	1	4	4	9	3	1	3	5	2	3	4	5	4	1	6	8	5	1	9
chr7	61791510	61791559	50	9	0	50	28	22	5	1	0	4	5	0	1	4	1	3	3	0	0	0	0	0	1	1	2	0	4	1	0	1	2	0	0	2	3	3	0	1
chr7	61791561	61791773	213	9	0	213	141	72	25	10	12	12	12	6	7	7	17	0	5	7	5	3	4	8	9	2	0	8	4	1	0	4	6	3	0	5	13	3	1	12
chr7	61791775	61791797	23	9	0	23	13	10	0	0	0	2	0	1	1	2	1	2	0	0	1	0	1	0	3	0	0	0	1	1	0	1	0	0	0	0	1	2	0	1
chr7	61791799	61791864	66	9	0	66	49	17	15	4	3	4	2	1	3	1	3	0	2	1	6	1	0	1	2	0	0	4	1	0	0	0	2	0	0	2	3	1	0	2
chr7	61791866	61792031	166	9	0	166	101	65	16	9	6	6	4	7	6	7	11	1	7	5	6	2	4	2	8	2	2	7	4	0	1	6	3	2	1	4	10	7	2	6
chr7	61792033	61792753	721	9	0	721	459	262	88	24	33	38	30	32	29	29	49	8	21	24	15	6	11	20	31	7	0	32	24	7	0	17	23	8	0	11	42	26	0	34
chr7	61792755	61792875	121	9	0	121	72	49	12	2	4	6	7	4	3	3	3	1	6	7	3	0	3	6	4	1	0	3	5	2	2	3	3	3	1	5	5	6	1	5
chr7	61792877	61793116	240	9	0	240	147	93	29	9	14	7	8	11	13	8	20	1	8	6	3	4	2	3	12	6	0	7	6	3	0	6	8	2	0	7	14	4	0	17
chr7	61793118	61793145	28	9	0	28	17	11	4	2	1	0	2	3	0	1	1	0	0	0	0	0	0	2	3	1	0	1	2	1	0	0	1	0	0	0	0	1	0	0
chr7	61793150	61793446	297	9	0	297	191	106	38	8	14	19	15	9	8	15	19	3	6	10	7	3	5	10	11	3	2	7	13	5	0	6	7	4	0	9	16	12	0	11
chr7	61793448	61793470	23	9	0	23	13	10	0	0	0	1	0	3	1	3	1	0	2	1	0	0	0	0	3	0	0	0	0	0	0	0	2	0	0	0	2	0	0	2
chr7	61793472	61793875	404	9	0	404	257	147	45	15	19	18	15	16	15	17	30	5	17	11	7	6	7	12	20	5	3	15	9	3	1	6	11	0	1	10	24	11	1	27
chr7	61793898	61794162	265	9	0	265	172	93	32	11	14	10	6	15	9	12	21	2	7	9	7	2	4	9	15	4	1	10	8	2	1	3	6	0	0	4	14	8	0	17
chr7	61794164	61794195	32	9	0	32	23	9	7	3	2	0	0	0	1	2	4	0	0	0	0	0	2	0	0	0	0	3	0	0	0	0	1	0	0	1	2	0	0	2
chr7	61794197	61794374	178	9	0	178	119	59	25	8	7	9	9	6	6	5	8	0	6	6	7	3	1	11	9	2	1	5	3	3	0	5	5	3	0	2	9	3	1	8
chr7	61794376	61794413	38	9	0	38	23	15	3	0	2	1	2	2	0	1	0	1	2	1	1	0	1	4	0	1	0	2	2	1	0	2	1	0	0	1	2	3	0	0
chr7	61794415	61794480	66	9	0	66	42	24	9	4	4	1	2	2	5	0	4	2	1	0	3	1	1	3	4	1	0	4	0	0	0	3	2	0	0	2	3	1	0	2
chr7	61794482	61794508	27	9	0	27	17	10	1	1	1	2	1	3	1	3	1	0	0	1	0	0	0	0	3	0	0	1	0	0	0	0	3	0	0	1	2	0	0	0
chr7	61794510	61794950	441	9	0	441	289	152	56	15	24	18	21	12	12	18	25	2	14	13	12	12	13	21	17	8	0	16	10	7	0	9	13	3	0	14	23	8	0	23
chr7	61794951	61795186	236	9	0	236	159	77	36	13	13	7	10	6	7	9	13	1	8	7	11	1	5	11	8	3	0	9	4	0	0	7	9	2	0	5	11	6	0	12
chr7	61795187	61796036	850	9	0	850	547	303	106	36	50	34	41	31	30	30	51	8	25	29	28	8	11	29	42	6	3	32	20	15	1	14	28	9	0	19	42	19	0	51
chr7	61796038	61796062	25	9	0	25	15	10	3	1	2	0	2	0	1	0	2	1	0	0	0	1	1	0	1	1	0	1	0	0	0	1	2	0	0	0	0	1	0	2
chr7	61796064	61796731	668	9	0	668	436	232	79	26	32	30	27	27	21	29	43	4	19	21	18	7	15	36	34	8	3	19	12	8	0	15	28	4	1	13	30	15	2	40
chr7	61796732	61797651	920	9	0	920	605	315	114	36	42	48	44	28	32	35	51	1	35	36	32	11	14	45	36	10	1	28	17	8	0	19	32	10	5	25	54	16	2	51
chr7	61797653	61797687	35	9	0	35	23	12	5	1	4	0	0	0	2	0	3	0	2	0	2	1	0	2	0	0	0	2	0	0	0	1	1	1	0	1	1	0	0	4
chr7	61797689	61797879	191	9	0	191	131	60	17	6	4	15	2	7	2	18	3	0	3	6	20	7	4	17	12	6	0	2	4	6	0	5	9	1	0	2	4	3	0	4
chr7	61797881	61797897	17	9	0	17	9	8	0	1	0	1	1	0	0	1	1	0	2	0	0	0	1	0	0	0	0	1	0	0	0	0	1	0	2	1	1	0	0	1
chr7	61797899	61797949	51	9	0	51	33	18	5	2	1	3	4	2	2	2	2	1	2	0	0	1	1	4	4	0	0	2	1	0	0	1	2	1	0	1	2	1	0	2
chr7	61797956	61798013	58	9	0	58	38	20	7	1	5	2	1	3	2	5	2	0	2	2	3	0	0	1	3	0	0	1	0	0	0	0	5	0	0	5	3	0	0	3
chr7	61798028	61798584	557	9	0	557	367	190	80	21	34	22	23	16	18	16	35	3	16	19	20	8	9	25	20	11	1	16	9	3	2	15	17	5	3	15	28	10	4	31
chr7	61798585	61798616	32	9	0	32	20	12	2	1	2	1	1	1	2	0	2	0	0	1	0	2	1	2	2	0	0	2	0	0	0	1	2	0	1	1	0	1	1	1
chr7	61798618	61798781	164	9	0	164	109	55	18	7	8	5	5	7	5	7	12	0	6	9	3	4	6	7	10	2	0	6	2	0	0	3	2	0	0	2	10	2	0	14
chr7	61798783	61798838	56	9	0	56	36	20	7	1	1	5	4	1	1	1	4	0	3	2	1	0	1	2	1	0	1	0	1	1	0	1	2	1	0	3	3	1	3	2
chr7	61798840	61799013	174	9	0	174	107	67	17	6	9	9	10	9	4	4	10	0	7	6	3	2	4	5	8	3	0	6	4	3	0	8	7	1	0	4	9	8	0	6
chr7	61799015	61799106	92	9	0	92	57	35	9	6	5	3	3	2	6	2	7	0	5	3	3	0	1	0	3	1	0	4	1	0	0	1	5	0	1	4	5	1	1	8
chr7	61799108	61799182	75	9	0	75	48	27	9	2	2	3	2	2	2	3	5	0	3	4	1	2	1	6	2	1	2	0	3	1	0	3	0	2	0	0	4	3	0	5
chr7	61799199	61799702	504	9	0	504	328	176	64	17	22	29	25	21	13	27	33	4	15	15	11	4	8	19	26	6	1	13	13	4	1	8	20	5	3	8	27	11	1	28
chr7	61799706	61799757	52	9	0	52	34	18	5	3	2	4	4	1	1	2	3	0	2	2	2	0	0	2	1	1	0	1	1	0	0	2	3	0	0	1	4	2	0	1
chr7	61799759	61799795	37	9	0	37	24	13	5	2	4	0	1	1	1	0	5	0	2	0	0	0	2	0	1	1	0	2	0	0	0	1	0	0	0	0	2	0	0	5
chr7	61799797	61799891	95	9	0	95	60	35	9	2	5	4	4	3	6	1	4	0	2	4	4	3	0	7	6	0	0	2	2	2	0	3	4	1	0	5	2	4	0	4
chr7	61799912	61800479	568	9	0	568	368	200	68	20	30	28	31	19	15	22	33	3	22	23	14	9	11	19	22	8	3	18	13	4	0	12	24	2	1	11	28	15	2	36
chr7	61800481	61800538	58	9	0	58	39	19	9	2	3	4	4	1	1	1	4	0	1	0	2	0	1	5	1	1	0	0	1	0	0	4	2	3	0	1	3	1	0	1
chr7	61800540	61800868	329	9	0	329	212	117	40	12	16	15	12	12	13	13	20	2	8	9	11	4	6	19	15	5	0	10	9	6	0	8	9	4	0	10	16	8	0	15
chr7	61800870	61800936	67	9	0	67	43	24	8	4	3	4	6	3	2	1	4	0	1	2	0	2	1	1	5	2	0	2	2	2	0	1	1	0	0	1	3	1	0	3
chr7	61800938	61801315	378	9	0	378	239	139	40	11	18	19	18	12	14	17	23	2	14	13	7	6	5	19	14	4	1	12	11	2	0	10	17	3	0	12	19	13	3	17
chr7	61801317	61801335	19	9	0	19	13	6	2	2	1	0	0	0	1	0	2	1	0	0	0	0	2	0	1	0	0	2	0	0	0	0	0	0	0	0	1	0	0	2
chr7	61801337	61802077	741	9	0	741	489	252	89	29	42	35	38	28	23	26	46	5	22	24	23	8	14	35	36	6	1	27	12	6	0	15	24	5	1	22	43	16	0	38
chr7	61802079	61802108	30	9	0	30	21	9	5	3	0	1	1	1	2	0	2	0	0	1	1	0	1	2	2	0	0	2	1	0	0	0	0	0	0	0	0	1	0	2
chr7	61802110	61802218	109	9	0	109	72	37	12	5	7	4	3	5	6	2	8	2	2	3	6	0	1	5	3	1	1	7	1	0	0	2	4	0	0	2	7	2	1	5
chr7	61802220	61802250	31	9	0	31	17	14	1	0	1	2	2	1	0	2	1	1	2	0	0	0	0	2	1	0	0	1	1	1	0	2	2	1	0	1	2	2	0	0
chr7	61802252	61804119	1868	9	0	1868	1219	649	233	77	98	83	86	62	56	67	129	6	63	64	43	24	40	86	76	19	7	67	39	19	5	39	55	16	5	40	101	48	1	112
chr7	61804121	61804155	35	9	0	35	22	13	3	0	3	2	1	0	0	1	2	0	2	1	2	0	1	3	0	0	0	0	0	1	0	4	1	1	0	0	1	3	0	1
chr7	61804156	61804409	254	9	0	254	163	91	26	10	15	13	10	6	12	8	16	3	8	5	12	3	4	11	9	2	0	10	5	2	0	6	11	2	2	9	11	7	0	14
chr7	61804410	61804482	73	9	0	73	45	28	9	2	5	3	5	3	0	2	3	1	2	0	2	3	3	1	5	2	1	1	1	1	0	4	2	1	0	3	1	2	1	2
chr7	61804487	61804983	497	9	0	497	318	179	66	18	25	27	26	15	17	21	28	10	14	12	15	5	8	10	24	7	0	17	18	6	0	12	14	4	0	12	22	19	0	23
chr7	61804985	61805598	614	9	0	614	386	228	75	29	24	30	31	20	28	27	37	5	22	23	14	4	4	12	33	1	5	19	19	9	0	9	19	7	1	18	35	20	0	32
chr7	61805600	61805680	81	9	0	81	47	34	10	2	4	4	4	1	3	5	5	1	4	2	1	0	0	1	2	2	0	0	6	1	0	3	2	2	0	2	2	5	0	5
chr7	61805683	61805762	80	9	0	80	55	25	16	3	4	3	3	5	4	3	3	1	1	4	3	1	0	0	8	0	0	2	0	0	0	0	2	0	0	3	5	0	0	4
chr7	61805764	61805947	184	9	0	184	121	63	25	4	8	11	6	4	4	7	14	1	9	6	3	2	5	12	4	2	2	3	3	1	0	3	5	2	1	5	9	3	3	15
chr7	61805952	61807127	1176	9	0	1176	731	445	140	42	40	60	45	39	52	51	70	11	50	35	28	8	19	39	53	14	3	30	32	17	2	32	42	16	3	35	60	36	6	64
chr7	61807129	61807160	32	9	0	32	19	13	1	0	1	3	0	0	4	0	3	0	1	2	1	2	0	1	1	0	0	0	1	0	0	1	1	0	0	1	1	2	0	3
chr7	61807161	61810278	3118	9	0	3118	1978	1140	373	130	120	157	134	112	121	124	187	27	112	93	86	28	60	112	158	38	9	92	95	40	6	67	80	37	8	91	158	93	5	163
chr7	61810280	61811108	829	9	0	829	521	308	106	37	28	44	35	26	43	36	54	12	24	24	20	7	11	14	47	8	1	26	33	8	0	14	19	13	0	24	41	27	3	42
chr7	61811110	61811141	32	9	0	32	22	10	7	1	2	1	0	1	1	0	3	0	0	2	1	0	0	3	0	2	0	0	0	1	0	0	0	0	0	0	2	0	0	3
chr7	61811143	61812055	913	9	0	913	583	330	102	37	41	40	30	29	38	36	59	7	28	30	29	12	24	40	40	15	1	29	24	12	0	22	25	7	1	29	43	24	6	51
chr7	61812057	61812099	43	9	0	43	29	14	5	3	1	1	0	2	4	0	1	0	2	2	5	0	1	0	2	0	0	3	0	0	0	0	2	0	0	2	2	0	0	3
chr7	61812101	61813546	1446	9	0	1446	933	513	170	54	59	82	61	53	55	53	91	16	40	47	42	14	32	62	71	18	3	46	45	19	2	27	40	17	3	28	66	39	4	85
chr7	61813557	61813783	227	9	0	227	143	84	28	12	8	10	10	7	12	7	13	4	6	6	7	4	4	5	11	2	1	13	7	4	1	3	5	2	0	5	13	7	0	8
chr7	61813785	61813799	15	9	0	15	9	6	1	0	0	2	2	0	0	1	0	2	0	0	0	0	0	0	0	1	0	0	2	0	0	0	0	0	0	0	1	1	0	0
chr7	61813801	61814478	678	9	0	678	436	242	86	28	33	34	28	23	31	17	44	8	16	20	24	10	11	21	33	6	2	28	20	9	1	12	11	5	4	22	35	22	3	29
chr7	61814491	61814988	498	9	0	498	324	174	56	18	26	23	22	22	21	21	31	5	8	17	14	8	7	25	32	6	0	15	11	4	0	11	14	6	0	12	27	10	0	24
chr7	61815001	61815056	56	9	0	56	31	25	5	2	0	3	3	1	1	2	1	0	3	2	1	0	2	3	0	1	1	1	5	2	0	2	0	3	1	2	3	3	0	1
chr7	61815064	61815123	60	9	0	60	40	20	11	4	2	1	1	3	2	3	3	1	1	2	3	0	0	2	4	3	0	1	1	0	2	1	0	0	0	0	3	1	0	3
chr7	61815128	61815151	24	9	0	24	16	8	6	2	0	1	2	1	1	1	1	0	0	0	0	0	0	0	2	0	0	1	1	0	0	0	1	0	0	1	0	1	0	0
chr7	61815153	61815262	110	9	0	110	69	41	13	2	7	5	7	6	1	2	6	0	5	5	1	0	3	6	2	2	0	4	6	0	0	2	1	3	0	4	7	2	0	6
chr7	61815264	61815385	122	9	0	122	76	46	13	5	4	8	6	4	4	6	10	2	3	3	1	1	3	3	4	2	0	6	5	2	0	3	2	2	0	0	8	5	0	5
chr7	61815388	61815678	291	9	0	291	186	105	33	12	9	16	11	10	7	18	19	5	8	9	7	2	8	11	17	3	0	9	12	4	1	7	2	3	0	5	15	14	1	11
chr7	61815680	61815709	30	9	0	30	21	9	2	0	1	4	2	0	0	0	1	0	1	1	2	0	2	3	0	0	0	0	0	0	0	2	1	1	0	2	1	1	0	1
chr7	61815712	61815778	67	9	0	67	42	25	9	2	5	1	3	1	1	2	3	0	1	4	2	2	3	3	1	0	0	4	3	1	0	1	2	2	0	2	1	2	1	3
chr7	61815780	61815904	125	9	0	125	77	48	11	4	3	9	6	4	8	7	9	3	6	1	1	1	0	2	7	1	0	4	4	0	0	2	4	2	0	4	10	3	0	7
chr7	61815905	61815989	85	9	0	85	56	29	9	6	4	3	1	2	2	5	6	0	4	2	6	0	1	4	2	1	2	3	1	0	1	1	2	0	1	2	5	2	0	5
chr7	61815991	61816287	297	9	0	297	187	110	33	11	12	13	11	11	12	11	21	2	10	11	4	3	8	13	13	1	1	11	7	2	2	7	8	3	0	9	17	12	1	15
chr7	61816289	61816315	27	9	0	27	17	10	1	2	0	1	1	2	1	2	1	0	2	1	2	0	0	0	2	0	0	1	0	0	0	0	2	0	0	0	2	0	0	2
chr7	61816317	61816419	103	9	0	103	67	36	15	4	4	4	4	4	4	4	6	0	3	5	3	1	2	2	5	1	0	3	3	1	0	3	1	2	0	3	7	3	0	4
chr7	61816421	61816482	62	9	0	62	37	25	6	3	3	2	1	5	5	1	5	1	2	1	0	0	0	0	5	1	0	3	1	0	0	2	2	0	0	2	4	2	0	3
chr7	61816487	61816627	141	9	0	141	88	53	16	4	6	8	7	4	5	7	9	2	7	3	2	0	2	6	6	1	0	3	6	1	0	3	2	3	0	5	8	5	0	8
chr7	61816629	61816647	19	9	0	19	11	8	0	0	0	1	0	2	0	3	1	0	1	2	0	0	0	0	2	0	0	0	0	0	0	0	2	0	0	0	2	0	0	1
chr7	61816649	61816984	336	9	0	336	214	122	39	14	17	17	16	9	12	11	25	5	9	10	7	3	6	12	15	5	0	11	10	3	2	9	4	4	1	9	20	12	1	16
chr7	61816993	61817163	171	9	0	171	107	64	17	5	10	6	7	9	6	5	11	0	6	4	3	5	3	9	13	2	0	4	2	2	0	5	5	2	2	5	8	3	0	10
chr7	61817166	61817649	484	9	0	484	315	169	61	20	18	27	26	13	19	18	27	4	14	18	13	10	11	14	22	6	0	19	12	4	0	9	16	6	3	9	26	9	3	25
chr7	61817651	61817669	19	9	0	19	12	7	2	1	0	1	1	3	0	2	0	0	0	1	0	0	0	0	3	0	0	0	0	0	0	0	2	0	0	0	1	0	0	0
chr7	61817671	61817918	248	9	0	248	166	82	33	8	9	18	7	10	12	9	19	3	3	10	8	2	9	5	13	0	0	9	5	2	0	1	9	1	1	5	11	5	1	18
chr7	61817920	61817942	23	9	0	23	11	12	0	0	1	2	1	0	0	2	0	0	3	0	2	0	0	0	0	0	0	0	1	1	0	1	1	2	0	2	1	0	0	1
chr7	61817944	61818201	258	9	0	258	163	95	32	11	9	14	13	7	9	12	9	4	6	8	11	3	4	10	13	7	0	5	7	5	2	6	11	1	2	8	10	8	0	9
chr7	61818375	61818499	125	9	0	125	81	44	19	3	3	9	6	3	4	5	8	1	3	4	2	0	4	6	4	1	0	2	8	1	0	2	1	3	0	6	5	6	0	4
chr7	62026105	62026318	214	9	0	214	170	44	35	5	7	20	5	1	1	14	12	2	3	5	15	6	6	31	9	2	0	3	2	1	0	3	0	0	0	2	10	3	0	9
chr7	62026319	62026737	419	9	0	419	277	142	39	15	17	27	16	3	14	16	20	8	14	11	23	11	12	30	17	7	2	11	9	6	1	13	7	5	1	9	17	12	0	24
chr7	62026739	62026779	41	9	0	41	30	11	9	0	1	5	0	2	0	5	3	0	0	0	3	0	0	1	1	0	0	0	1	1	0	0	2	1	0	1	3	0	0	0
chr7	62026781	62027939	1159	9	0	1159	733	426	110	47	50	45	47	40	33	48	54	11	30	33	42	37	39	66	59	21	8	47	29	25	4	24	41	11	5	23	38	25	7	58
chr7	62027941	62027974	34	9	0	34	18	16	0	2	1	1	1	2	1	3	3	1	1	0	0	0	0	0	5	0	0	0	1	2	0	2	0	0	0	0	2	3	0	1
chr7	62027976	62030736	2761	9	0	2761	1719	1042	263	111	116	126	148	88	86	125	147	50	78	87	60	52	72	108	146	52	13	90	100	43	1	73	68	39	4	51	133	83	8	138
chr7	62030738	62030759	22	9	0	22	13	9	0	0	1	1	0	0	2	1	2	1	1	0	0	0	2	0	1	0	0	1	0	0	0	0	1	0	0	1	1	0	0	4
chr7	62030761	62033778	3018	9	0	3018	1909	1109	300	138	162	104	146	117	94	98	209	25	101	91	48	36	93	145	146	34	15	122	59	18	11	72	94	39	8	65	156	69	10	191
chr7	62033780	62033822	43	9	0	43	28	15	4	3	2	2	2	1	1	2	2	1	0	1	3	0	0	3	3	1	0	1	2	1	0	0	1	1	0	0	1	1	0	2
chr7	62033824	62037291	3468	9	0	3468	2175	1293	330	159	190	126	192	150	99	110	228	39	118	90	55	54	87	146	188	41	29	144	73	18	15	68	105	43	8	86	185	72	22	196
chr7	62037293	62037333	41	9	0	41	25	16	6	1	3	2	3	1	1	1	2	1	2	1	0	0	0	0	1	0	0	2	1	1	0	2	1	1	0	0	3	1	0	2
chr7	62037335	62043624	6290	9	0	6290	3945	2345	606	242	307	295	325	198	194	266	389	81	177	196	130	120	163	255	296	92	35	219	181	91	15	134	198	64	27	149	308	174	23	338
chr7	62043626	62043654	29	9	0	29	16	13	2	1	1	1	2	1	2	0	0	0	0	1	1	1	0	2	1	1	0	0	1	1	0	2	3	1	0	0	0	1	0	1
chr7	62043656	62043849	194	9	0	194	115	79	18	5	8	9	9	7	9	7	10	3	7	4	3	2	4	9	6	5	1	5	5	2	1	9	11	4	0	5	10	5	0	9
chr7	62043851	62043897	47	9	0	47	32	15	4	2	2	2	1	3	2	3	5	0	1	1	1	1	1	1	4	0	0	2	0	0	0	0	1	0	0	1	4	0	0	3
chr7	62043899	62048189	4291	9	0	4291	2680	1611	411	160	207	202	236	178	147	128	267	16	190	153	66	71	92	155	191	57	22	155	97	28	7	98	172	50	15	93	230	95	10	290
chr7	62048191	62048231	41	9	0	41	27	14	5	1	1	2	1	2	0	2	2	0	2	2	0	1	3	2	3	0	0	1	2	0	0	0	0	0	0	1	0	2	0	4
chr7	62048233	62052715	4483	9	0	4483	2864	1619	476	162	231	210	232	195	138	145	286	27	172	147	84	81	97	180	228	44	18	175	98	15	10	98	151	53	11	85	233	109	11	279
chr7	62052716	62053530	815	9	0	815	512	303	76	25	46	44	46	38	19	25	56	8	34	24	13	14	22	21	48	11	2	24	21	2	1	19	23	6	5	18	36	24	2	60
chr7	62053532	62053568	37	9	0	37	25	12	5	1	1	2	2	0	0	3	2	1	1	2	1	0	2	1	1	0	0	1	1	1	0	0	0	0	0	1	3	1	0	2
chr7	62053570	62062699	9130	9	0	9130	5809	3321	1007	330	479	414	489	348	284	310	569	98	356	287	165	121	221	331	432	93	26	345	208	35	17	190	321	96	43	203	470	226	12	602
chr7	62062701	62062747	47	9	0	47	31	16	5	2	2	2	4	1	2	1	4	0	3	3	0	0	0	0	1	0	0	2	1	0	0	0	1	0	0	1	5	1	0	4
chr7	62062749	62065238	2490	9	0	2490	1588	902	273	88	131	112	119	91	68	91	161	33	94	81	51	38	75	80	116	26	16	93	51	10	6	52	83	25	11	43	119	58	13	180
chr7	62065239	62065255	17	9	0	17	12	5	3	2	1	0	2	1	0	0	2	0	0	0	0	0	0	0	2	0	0	1	0	0	0	0	0	0	0	0	1	0	0	0
chr7	62065256	62066973	1718	9	0	1718	1096	622	192	53	91	80	89	67	51	59	110	19	58	56	25	24	46	75	84	15	4	60	34	9	2	37	53	17	16	48	96	41	4	101
chr7	62066975	62067058	84	9	0	84	56	28	16	2	4	4	5	3	4	1	5	1	3	1	0	3	1	2	3	1	0	5	1	1	0	1	2	0	0	2	6	1	0	4
chr7	62067060	62071158	4099	9	0	4099	2597	1502	452	141	230	168	201	161	135	131	279	42	161	120	59	63	101	153	188	41	12	166	81	8	9	96	127	46	24	100	231	99	7	265
chr7	62071160	62071194	35	9	0	35	22	13	3	2	3	1	3	1	1	1	3	0	2	1	0	0	0	0	1	0	0	2	0	0	0	0	1	0	0	2	4	0	0	2
chr7	62071196	62071472	277	9	0	277	181	96	36	10	13	13	14	7	9	10	20	2	11	9	3	5	8	10	13	2	0	9	5	0	0	7	5	3	2	8	17	7	0	17
chr7	62071474	62071514	41	9	0	41	26	15	3	1	2	3	2	4	1	3	4	0	1	2	0	0	0	0	3	0	0	1	0	0	0	0	2	0	0	0	4	0	0	3
chr7	62071516	62082842	11327	9	0	11327	7234	4093	1288	405	560	516	560	394	360	424	753	161	387	378	168	139	275	466	521	115	53	410	251	92	23	260	334	117	31	206	632	301	39	706
chr7	62082843	62082852	10	9	0	10	4	6	1	0	1	0	1	0	0	0	0	0	1	0	0	0	0	0	0	0	0	0	0	0	0	1	0	0	1	1	1	0	0	0
chr7	62082853	62082988	136	9	0	136	92	44	18	6	8	6	7	0	6	3	9	3	6	4	3	2	3	6	4	2	0	5	2	1	0	2	3	0	0	3	7	2	0	13
chr7	62082989	62083010	22	9	0	22	20	2	13	0	2	0	0	0	0	0	1	0	0	0	2	0	0	0	0	0	0	0	0	0	0	0	0	0	0	0	0	0	0	2
chr7	62083011	62083296	286	9	0	286	160	126	15	10	3	10	7	17	6	18	7	4	9	8	10	8	9	17	18	10	2	9	9	19	3	8	12	1	4	3	9	9	3	7
chr7	62083298	62083347	50	9	0	50	31	19	6	2	1	3	2	0	1	5	3	2	1	2	0	1	1	0	2	1	0	1	2	1	0	3	0	0	0	0	4	4	0	0
chr7	62083356	62083488	133	9	0	133	83	50	6	4	4	8	8	8	1	9	4	4	0	2	4	3	5	12	10	3	2	4	8	1	1	0	6	2	1	1	2	4	0	4
chr7	62083490	62083690	201	9	0	201	116	85	12	8	4	8	6	8	9	8	8	5	4	6	6	6	8	8	9	7	0	11	13	6	0	7	2	2	1	3	7	11	1	5
chr7	62083692	62083947	256	9	0	256	158	98	28	9	8	12	12	7	8	18	13	5	7	11	4	3	5	6	13	4	0	7	11	6	0	3	7	6	2	3	15	4	2	15
chr7	62083949	62083985	37	9	0	37	22	15	2	3	1	0	2	1	2	1	2	0	1	1	0	2	2	0	2	2	0	2	1	0	0	2	1	1	0	0	2	0	0	2
chr7	62083987	62084899	913	9	0	913	553	360	76	33	48	46	56	17	26	39	41	13	19	30	30	27	26	25	37	24	4	25	42	16	2	30	23	19	4	29	36	31	2	35
chr7	62084900	62084915	16	9	0	16	8	8	2	0	0	1	1	0	1	0	0	1	1	1	0	0	0	0	0	0	0	0	1	1	0	0	0	1	0	1	1	0	0	1
chr7	62084916	62091642	6727	9	0	6727	4263	2464	711	244	334	308	324	224	233	265	421	94	202	214	141	95	155	297	319	106	25	207	163	64	14	175	210	96	18	136	354	150	19	407
chr7	62091644	62091671	28	9	0	28	19	9	4	0	2	1	1	0	1	0	1	1	1	1	1	2	1	0	2	0	0	1	0	0	0	0	2	0	0	0	0	0	0	4
chr7	62091673	62093913	2241	9	0	2241	1451	790	267	80	121	99	112	88	69	86	148	29	65	75	41	25	56	88	117	24	6	76	37	14	3	52	65	27	8	44	136	41	1	139
chr7	62093915	62093948	34	9	0	34	21	13	2	1	1	2	1	3	1	4	3	0	1	2	0	0	0	0	3	0	0	1	0	0	0	0	2	0	0	0	3	0	0	2
chr7	62093950	62095282	1333	9	0	1333	863	470	162	48	76	57	77	48	38	41	83	22	54	41	21	14	24	57	67	19	4	42	25	9	3	25	35	5	1	33	76	29	4	91
chr7	62095283	62097206	1924	9	0	1924	1230	694	201	63	89	107	98	56	69	59	115	30	67	81	46	32	45	71	91	32	7	50	42	17	4	53	44	14	3	43	106	53	10	124
chr7	62097207	62097220	14	9	0	14	7	7	1	1	0	0	0	1	0	1	1	0	0	1	0	0	0	0	0	2	0	0	1	1	0	0	0	0	0	0	1	0	0	1
chr7	62097221	62097707	487	9	0	487	297	190	42	18	16	30	33	6	16	23	17	7	16	20	14	8	9	21	17	9	5	8	14	14	1	18	19	11	0	12	28	13	2	18
chr7	62097708	62097745	38	9	0	38	27	11	6	0	2	3	3	3	0	1	0	0	1	1	2	3	0	1	5	0	0	1	0	0	0	0	1	0	0	1	1	0	0	1
chr7	62097747	62098744	998	9	0	998	620	378	89	45	44	55	62	16	33	40	49	13	19	29	33	28	35	30	45	22	5	29	35	17	1	32	29	21	2	28	41	25	2	42
chr7	62098745	62098754	10	9	0	10	6	4	0	0	1	0	0	1	0	0	1	1	0	0	0	0	0	0	1	0	0	1	0	0	0	0	0	0	0	0	1	0	0	1
chr7	62098755	62099633	879	9	0	879	537	342	69	38	21	38	27	36	29	53	35	14	17	27	36	23	27	46	49	24	8	30	35	20	5	19	28	7	4	19	32	28	7	26
chr7	62099634	62099650	17	9	0	17	10	7	2	1	0	0	0	0	1	0	2	0	3	0	0	0	0	0	0	0	0	1	0	0	0	1	0	0	0	0	1	1	0	2
chr7	62099652	62112051	12400	9	0	12400	7946	4454	1446	416	698	527	608	428	403	449	808	167	396	420	225	178	273	504	583	161	41	404	246	98	22	311	382	133	27	253	677	285	28	801
chr7	62112053	62112202	150	9	0	150	69	81	8	3	2	5	4	7	9	2	3	4	6	4	3	3	5	1	4	7	3	2	9	7	3	7	4	7	2	7	5	6	0	6
chr7	62112204	62112295	92	9	0	92	45	47	12	1	1	0	2	3	7	2	1	2	8	2	0	1	1	0	1	1	1	4	5	2	2	2	6	5	0	5	3	3	1	6
chr7	62112296	62116300	4005	9	0	4005	2533	1472	471	157	218	155	206	133	135	134	257	61	133	131	67	51	81	142	199	50	17	136	91	47	7	96	102	48	17	79	216	97	13	256
chr7	62116302	62116325	24	9	0	24	11	13	1	0	1	0	1	1	0	1	0	0	2	0	0	0	1	1	0	1	0	0	1	0	0	2	0	2	2	2	3	0	0	0
chr7	62116327	62120318	3992	9	0	3992	2557	1435	442	155	214	157	192	141	126	157	254	54	119	141	79	55	95	175	213	47	6	139	93	41	5	99	94	45	11	74	216	105	4	242
chr7	62120319	62126054	5736	9	0	5736	3681	2055	694	214	281	248	265	223	191	231	352	82	167	172	125	77	123	235	299	87	19	191	127	59	13	125	181	58	11	111	303	120	15	335
chr7	62126055	62128227	2173	9	0	2173	1408	765	260	79	119	91	107	68	73	75	148	27	71	76	35	27	45	105	99	29	5	68	39	15	3	59	51	23	6	46	134	49	4	135
chr7	62128230	62130575	2346	9	0	2346	1498	848	266	85	119	98	109	90	80	89	155	32	77	82	39	24	58	93	122	24	7	78	36	18	4	62	69	28	4	49	141	50	11	145
chr7	62130580	62136522	5943	9	0	5943	3801	2142	689	236	285	262	294	214	215	195	400	76	202	207	89	57	140	240	286	68	27	202	119	36	10	138	164	65	27	113	349	134	14	388
chr7	62136531	62145888	9358	9	0	9358	5989	3369	1062	353	464	406	459	327	347	340	628	131	305	312	137	106	205	406	457	109	36	315	179	63	24	199	284	102	24	200	553	191	26	606
chr7	62145892	62146984	1093	9	0	1093	705	388	133	46	62	41	58	31	34	35	79	13	41	37	12	12	26	44	39	11	7	44	17	10	1	24	34	5	2	23	68	26	4	72
chr7	62146986	62147010	25	9	0	25	19	6	3	0	0	3	1	1	0	1	2	0	1	1	0	0	0	4	1	0	0	0	0	0	0	1	0	0	0	0	3	1	0	0
chr7	62147012	62149141	2130	9	0	2130	1352	778	258	76	113	93	113	72	66	63	131	24	79	75	38	27	44	79	106	24	5	64	47	30	5	57	50	28	7	45	111	56	5	137
chr7	62149156	62149682	527	9	0	527	327	200	58	21	30	17	28	22	21	14	35	8	17	16	5	3	13	19	28	5	0	21	8	3	1	16	20	5	3	12	28	15	2	31
chr7	62149684	62149719	36	9	0	36	25	11	4	2	1	0	1	1	1	1	2	1	1	0	1	1	3	3	3	0	0	2	0	0	0	0	0	0	0	2	2	0	0	2
chr7	62149721	62151642	1922	9	0	1922	1226	696	226	82	98	76	98	68	66	59	123	24	63	66	35	31	34	76	96	30	7	72	39	17	5	57	50	17	7	22	106	53	7	110
chr7	62151644	62151661	18	9	0	18	14	4	2	1	2	1	0	0	0	1	2	0	0	1	1	0	0	1	1	0	0	0	0	0	0	0	0	0	0	0	0	0	0	3
chr7	62151663	62152389	727	9	0	727	462	265	75	21	31	48	35	16	26	19	42	12	20	26	23	13	27	27	24	15	3	20	26	11	1	18	19	7	2	18	27	23	2	48
chr7	62152403	62153968	1566	9	0	1566	973	593	134	56	65	88	87	33	53	69	64	26	40	51	57	36	43	70	66	40	4	41	64	29	0	51	44	26	1	45	67	49	1	64
chr7	62153970	62154071	102	9	0	102	63	39	11	6	4	4	10	1	2	3	3	3	2	4	1	4	4	1	7	2	1	4	3	3	0	2	1	1	0	1	5	2	1	4
chr7	62154072	62154184	113	9	0	113	73	40	15	3	3	5	5	4	4	11	5	2	4	6	1	0	0	4	6	1	0	2	4	0	0	0	5	3	0	2	9	0	0	7
chr7	62154186	62154243	58	9	0	58	34	24	4	2	1	3	2	3	4	3	2	1	1	3	2	0	1	1	3	2	0	1	3	0	0	2	2	1	0	1	3	2	0	3
chr7	62154245	62154419	175	9	0	175	104	71	9	6	3	8	6	7	7	7	7	4	2	6	5	6	8	11	8	5	0	10	12	4	0	5	2	2	1	3	5	10	1	3
chr7	62155656	62155723	68	9	0	68	44	24	7	3	2	2	2	0	2	4	5	3	2	1	0	0	3	7	3	0	0	3	1	0	1	3	0	0	0	0	4	5	0	3
chr7	62155725	62155769	45	9	0	45	30	15	7	2	1	2	4	2	2	0	3	1	0	2	0	1	1	0	3	1	0	2	3	0	0	0	0	0	0	0	2	2	0	2
chr7	62155771	62155780	10	9	0	10	5	5	0	2	0	0	1	0	0	0	1	0	1	0	0	0	0	0	0	1	0	1	0	0	0	0	0	0	0	0	1	0	0	0
chr7	62155784	62156145	362	9	0	362	226	136	37	14	18	16	15	19	13	13	26	5	10	10	7	3	7	13	21	5	0	15	10	6	1	8	12	3	0	3	17	11	1	21
chr7	62156148	62156161	14	9	0	14	9	5	2	1	1	0	0	0	0	1	1	0	1	0	1	0	0	1	0	0	0	0	0	0	0	0	0	0	0	1	1	0	0	1
chr7	62156163	62156206	44	9	0	44	30	14	6	0	3	1	0	2	1	2	4	1	0	1	1	1	2	4	2	1	0	0	1	0	0	1	0	0	0	2	2	1	0	3
chr7	62156208	62156423	216	9	0	216	137	79	27	9	8	9	15	6	9	4	10	2	10	11	1	5	4	6	13	3	0	6	3	5	0	6	5	2	0	1	13	3	0	18
chr7	62156438	62156562	125	9	0	125	74	51	12	5	11	0	5	6	4	1	11	2	8	1	0	3	2	2	5	2	3	6	1	0	0	5	1	0	1	4	9	4	0	9
chr7	62156568	62156877	310	9	0	310	199	111	31	9	15	18	14	11	12	11	21	3	14	13	6	3	8	8	13	2	1	10	4	3	1	4	9	2	0	11	22	5	0	24
chr7	62156879	62156921	43	9	0	43	23	20	3	0	1	3	3	2	1	3	0	0	2	2	0	0	0	2	0	1	0	1	5	1	0	1	3	2	0	1	1	2	0	1
chr7	62156923	62157002	80	9	0	80	48	32	8	3	5	2	6	4	3	3	4	2	4	1	0	1	0	0	6	1	0	4	1	0	0	3	4	0	0	2	5	3	0	3
chr7	62157004	62157202	199	9	0	199	126	73	24	5	11	9	9	9	4	7	12	2	7	7	4	3	5	6	9	2	1	7	6	4	0	3	6	2	0	4	8	5	3	13
chr7	62157204	62157473	270	9	0	270	169	101	32	10	11	16	14	10	7	9	19	0	9	10	5	0	4	11	9	5	1	5	11	6	1	7	7	5	1	5	14	9	1	14
chr7	62157475	62157501	27	9	0	27	16	11	2	1	1	1	1	2	1	1	2	0	1	2	0	0	0	0	2	1	0	0	0	0	0	0	1	0	0	1	3	0	0	2
chr7	62157503	62158223	721	9	0	721	463	258	92	23	42	32	35	27	25	18	55	10	25	21	6	7	19	24	30	10	4	23	12	4	0	20	21	9	1	13	42	13	1	55
chr7	62158225	62158244	20	9	0	20	16	4	4	0	1	2	0	1	0	1	2	0	0	1	0	0	0	2	1	0	0	0	0	0	0	0	0	0	0	0	2	0	0	1
chr7	62158246	62159324	1079	9	0	1079	690	389	116	38	48	61	54	31	35	32	63	16	28	36	30	17	30	53	45	24	4	30	31	18	3	29	30	10	4	18	47	29	3	64
chr7	62159326	62159362	37	9	0	37	18	19	1	0	1	2	0	2	2	0	3	0	2	0	0	2	1	0	1	3	0	0	3	0	1	2	0	1	0	3	0	2	1	2
chr7	62159364	62159725	362	9	0	362	222	140	33	13	15	19	22	7	14	17	17	5	6	17	9	6	6	15	13	12	0	6	15	7	1	12	12	6	0	10	19	10	3	13
chr7	62159727	62159769	43	9	0	43	28	15	4	1	1	4	2	0	0	3	1	1	2	1	3	1	2	2	0	1	0	1	1	1	0	2	1	0	0	1	3	1	0	1
chr7	62159771	62159873	103	9	0	103	61	42	9	3	4	5	6	2	4	4	4	1	2	3	2	1	2	8	3	1	1	2	4	4	1	3	4	4	0	4	5	2	0	3
chr7	62159878	62159922	45	9	0	45	22	23	0	3	1	1	2	3	2	0	3	0	5	0	0	0	1	1	2	1	0	3	3	1	0	2	0	1	0	0	2	2	0	4
chr7	62159924	62160219	296	9	0	296	186	110	22	9	13	21	21	3	10	8	13	4	10	13	9	8	7	14	13	3	1	7	6	8	0	11	8	4	0	8	15	10	1	14
chr7	62160224	62160452	229	9	0	229	143	86	19	7	14	12	12	4	4	14	17	3	5	7	5	9	3	7	7	6	1	8	12	4	0	7	3	3	0	2	12	10	1	9
chr7	62182501	62183027	527	9	0	527	347	180	69	20	31	22	23	21	18	20	31	2	10	20	18	7	8	25	26	5	2	17	12	4	0	11	19	5	1	15	25	13	1	24
chr7	62194689	62199098	4410	9	0	4410	2652	1758	331	144	197	229	226	96	182	157	205	88	160	147	140	84	109	155	178	96	21	117	156	81	9	142	134	75	7	142	194	136	23	247
chr7	62199100	62199141	42	9	0	42	18	24	1	1	2	0	2	2	3	2	0	0	1	2	0	0	0	0	0	1	0	2	3	3	0	2	7	2	0	1	0	2	0	1
chr7	62199143	62199588	446	9	0	446	274	172	45	19	17	20	21	18	18	21	17	11	11	13	17	4	7	14	24	12	1	15	20	9	0	9	17	3	1	9	17	14	0	20
chr7	62199590	62199618	29	9	0	29	17	12	2	2	2	0	1	0	2	0	3	0	1	1	0	0	1	1	0	0	0	2	1	0	0	1	0	1	0	1	1	1	0	3
chr7	62199620	62200144	525	9	0	525	339	186	65	20	20	38	26	18	18	20	29	3	13	18	23	3	8	16	24	4	2	13	18	6	0	13	16	10	1	15	24	17	3	19
chr7	62200148	62203403	3256	9	0	3256	2082	1174	397	114	139	181	138	115	114	136	213	35	100	102	83	45	61	107	152	53	7	97	104	44	6	75	78	31	5	72	169	101	10	170
chr7	62203405	62203582	178	9	0	178	116	62	25	6	8	10	10	6	6	5	11	1	2	9	3	2	3	8	7	2	0	5	8	3	0	3	5	3	0	2	8	6	0	9
chr7	62216723	62216888	166	9	0	166	106	60	18	9	10	6	6	4	6	7	14	1	6	4	5	1	2	6	6	2	1	5	4	2	0	4	6	1	1	2	7	5	0	13
chr7	62231057	62238635	7579	9	0	7579	4822	2757	933	312	332	361	304	266	303	293	491	77	237	205	211	80	142	273	343	119	23	250	200	82	10	202	229	85	21	183	394	208	28	380
chr7	62238637	62238706	70	9	0	70	50	20	13	1	4	5	2	2	2	3	3	1	1	4	4	1	1	2	3	0	0	2	1	0	0	2	2	0	0	0	3	3	0	3
chr7	62238707	62240586	1880	9	0	1880	1158	722	194	72	79	88	82	71	74	77	110	25	53	56	47	28	36	65	96	31	11	58	63	35	5	42	60	21	7	48	85	58	7	94
chr7	62240588	62240633	46	9	0	46	32	14	7	0	2	3	0	0	1	2	3	1	1	2	2	0	2	4	0	1	0	0	2	1	0	1	0	0	0	2	2	2	0	3
chr7	62240635	62241929	1295	9	0	1295	810	485	147	57	52	58	60	48	56	45	78	18	39	40	29	16	22	43	58	25	8	49	44	16	4	26	38	11	2	29	70	38	2	65
chr7	62241931	62241954	24	9	0	24	14	10	2	0	1	2	1	2	1	2	2	0	0	0	0	0	0	0	1	0	0	1	1	1	0	0	2	0	0	0	1	1	0	1
chr7	62241956	62252029	10074	9	0	10074	6439	3635	1193	394	452	517	421	330	394	424	656	98	278	320	286	111	194	371	457	121	27	328	279	106	25	239	308	116	24	252	525	306	22	498
chr7	62252030	62257172	5143	9	0	5143	3136	2007	392	157	203	272	191	169	194	223	216	101	163	153	226	109	131	234	235	121	25	155	174	104	17	170	141	98	14	119	227	142	18	247
chr7	62257174	62257196	23	9	0	23	14	9	2	1	3	0	2	1	0	0	0	1	0	0	2	0	1	0	1	0	0	2	0	0	0	0	2	1	0	1	0	0	0	1
chr7	62257198	62258305	1108	9	0	1108	813	295	123	22	40	99	36	24	17	46	35	11	19	36	89	36	38	141	50	9	1	32	19	13	0	17	22	5	3	22	32	22	4	43
chr7	62258306	62260051	1746	9	0	1746	1074	672	149	56	69	103	79	48	65	51	76	44	52	45	72	31	50	83	81	32	18	48	61	40	2	55	42	25	2	48	59	61	12	85
chr7	62260052	62260420	369	10	0	369	271	98	48	12	15	30	17	5	6	17	16	3	6	15	25	12	9	34	16	3	1	12	5	1	1	6	6	2	1	3	18	7	1	14
chr7	62260422	62261014	593	10	0	593	435	158	64	14	16	66	22	18	11	26	14	5	10	17	59	19	17	55	33	7	1	15	10	6	0	9	15	3	0	12	19	9	1	18
chr7	62261017	62261560	544	10	0	544	293	251	35	15	18	19	22	16	27	11	17	10	25	15	13	13	21	15	19	16	3	16	22	16	5	25	17	18	3	24	19	18	3	26
chr7	62261570	62263803	2234	10	0	2234	1493	741	209	69	91	151	81	48	70	83	94	38	63	57	136	72	59	171	98	47	13	69	48	23	7	65	51	15	5	47	85	57	7	103
chr7	62263807	62264584	778	10	0	778	466	312	53	25	32	36	25	11	42	29	36	21	33	19	32	20	20	32	36	11	2	28	24	15	2	27	20	12	0	24	27	31	4	47
chr7	62264586	62264610	25	10	0	25	15	10	0	3	0	0	1	0	2	3	1	0	0	1	1	1	0	0	2	0	0	2	0	0	0	0	3	0	0	1	1	0	0	1
chr7	62264612	62266191	1580	10	0	1580	1036	544	140	66	64	94	71	43	41	76	62	29	34	40	91	40	35	108	82	32	12	52	47	24	5	35	46	13	3	28	56	42	8	59
chr7	62266213	62270644	4432	10	0	4432	2691	1741	375	158	197	243	234	108	155	170	219	87	123	143	144	80	108	146	182	103	26	122	177	93	16	133	117	74	14	111	190	149	16	217
chr7	62270687	62273223	2537	10	0	2537	1400	1137	168	83	77	101	80	86	123	141	128	49	93	75	53	42	52	47	97	76	10	77	94	83	24	101	94	55	14	67	145	88	12	100
chr7	62273224	62273239	16	10	0	16	9	7	2	1	1	0	0	0	0	0	0	0	0	0	2	2	0	0	0	2	0	1	0	0	2	1	0	0	0	0	0	0	0	0
chr7	62273241	62277073	3833	10	0	3833	1762	2071	305	72	155	94	144	121	166	93	99	87	116	75	78	48	48	60	119	107	35	67	162	220	161	142	141	230	146	163	103	128	33	113
chr7	62282770	62373672	90903	10	0	90903	59035	31868	5809	1852	2455	9540	3752	1474	1529	7073	6909	1359	1761	5492	3186	1504	1775	3565	2549	1063	457	2120	4003	890	256	1552	1595	649	141	1071	5681	4099	2964	2776
chr7	62373686	62374973	1288	10	0	1288	729	559	74	34	53	45	43	45	61	46	53	24	47	37	36	24	38	68	56	33	3	36	47	43	3	54	44	31	6	41	48	40	6	67
chr7	62374975	62376223	1249	10	0	1249	852	397	128	34	43	86	42	26	23	64	42	22	34	39	78	38	57	95	57	21	4	38	26	12	3	26	31	12	1	28	41	23	8	65
chr7	62506780	62605121	98342	8	0	98342	61947	36395	10254	3924	4904	4305	4851	3704	3172	3295	6342	1206	3386	2873	1940	1386	2492	3912	4728	1261	547	3684	2353	932	278	2315	3057	1115	370	1948	4884	2570	345	6007
chr7	62605122	63071121	466000	9	0	466000	286791	179209	46851	17251	20298	21544	18851	15852	19392	17899	27284	5513	14608	15168	12957	6413	10375	16533	20243	7868	1653	15265	14992	7437	1212	13014	14375	7167	1447	11963	22385	14183	1574	24431
chr7	63071122	63447121	376000	10	0	376000	223012	152988	30795	10872	13984	19186	14304	11762	15469	13542	13934	6845	12713	9830	15806	8539	9153	16276	15122	9158	1882	11856	14215	9562	2162	13061	11060	9355	1907	10326	14680	10925	1641	16076
chr7	63447122	64421121	974000	9	0	974000	550154	423846	71632	25999	35155	43051	35524	32884	44819	33304	33427	19367	37279	24405	35255	20800	22525	34726	38811	25018	5130	30091	39815	29008	7019	38717	30030	30451	5818	29459	37875	30082	5011	41511
chr7	64421122	64603121	182000	8	0	182000	110987	71013	17144	5452	6570	10160	6888	5410	6968	6247	6476	3110	5779	4680	8818	4412	4611	8261	7536	4229	909	5710	6287	4129	1227	5790	4873	4407	1137	4733	6817	4668	865	7695
chr7	64603122	64763121	160000	7	0	160000	92882	67118	12005	4366	5875	7520	6109	5442	6810	5764	5497	3389	5695	4114	6155	3666	4025	6450	6828	4264	738	5032	6176	4361	913	6013	4726	4349	763	4258	6395	4489	710	7101
chr7	64763122	64872121	109000	6	0	109000	63826	45174	9340	3158	3951	5467	4185	3366	4594	3599	3814	2026	3778	2737	4577	2497	2549	4187	4353	2694	576	3425	4083	3003	950	3760	3271	3055	683	2965	4037	3044	553	4721
chr7	64872122	65167121	295000	5	0	295000	171249	123751	23748	8452	10900	14322	10941	9306	12459	10484	10974	5503	10370	7529	11759	6487	6999	11015	11582	7285	1558	9323	11196	8016	2394	10748	8731	8129	2016	8396	11681	8923	1510	12262
chr7	65167122	65235323	68202	4	0	68202	40979	27223	5396	1956	2434	3375	2393	2060	2840	2349	2295	1230	2370	1789	3078	1615	1740	4057	2611	1607	348	2295	2538	1581	376	2319	1904	1719	325	1916	2589	1907	333	2855
chr7	65235328	65237722	2395	4	0	2395	1088	1307	66	47	86	37	58	120	150	81	82	54	126	56	30	28	41	24	89	76	14	70	146	127	19	144	93	112	11	88	82	121	14	101
chr7	65237724	65237739	16	4	0	16	6	10	0	0	0	0	0	1	3	0	0	0	0	0	0	0	0	0	0	0	0	1	2	1	0	0	2	2	0	0	0	0	0	2
chr7	65237741	65239791	2051	4	0	2051	836	1215	53	33	63	34	56	94	124	45	49	53	100	37	25	17	38	14	56	74	14	53	133	163	33	128	71	126	48	75	59	95	17	69
chr7	65239797	65240986	1190	4	0	1190	579	611	83	21	43	47	30	29	56	23	41	38	47	13	40	19	22	27	36	30	12	29	44	71	37	54	30	58	32	37	28	48	15	48
chr7	65240988	65241716	729	4	0	729	371	358	44	15	23	24	26	33	42	16	15	13	38	19	22	19	12	9	25	25	5	25	40	24	7	34	24	33	3	28	28	23	5	28
chr7	65241718	65241842	125	4	0	125	99	26	21	7	6	8	4	1	1	7	8	1	0	2	8	2	3	19	7	1	0	3	2	0	0	0	1	1	0	0	3	0	0	7
chr7	65241847	65242931	1085	4	0	1085	708	377	114	33	34	72	48	28	34	36	43	23	36	40	49	21	29	66	47	20	5	33	33	10	7	20	21	17	6	16	45	23	10	64
chr7	65242946	65245405	2460	4	0	2460	1367	1093	171	62	103	94	78	86	100	68	83	59	97	59	97	63	73	73	93	69	28	80	85	80	27	103	78	61	22	69	76	85	15	121
chr7	65245406	65248011	2606	4	0	2606	1550	1056	209	79	105	136	95	94	93	94	103	38	84	63	121	64	76	95	121	62	9	83	107	75	9	89	60	64	12	76	88	80	10	110
chr7	65248024	65253228	5205	4	0	5205	2479	2726	282	124	190	132	181	174	287	120	176	121	254	110	91	77	104	54	165	156	35	140	235	213	101	290	181	238	106	205	181	232	48	200
chr7	65253229	65253426	198	4	0	198	139	59	21	5	9	19	6	18	2	8	11	2	2	2	15	5	5	7	24	3	0	4	1	0	1	3	3	0	0	3	6	2	1	8
chr7	65253446	65257364	3919	4	0	3919	2455	1464	397	108	127	237	145	122	134	129	117	70	126	107	211	99	111	213	175	80	15	129	132	65	28	114	89	106	23	88	134	88	30	168
chr7	65257366	65257790	425	4	0	425	153	272	9	8	3	5	10	16	28	4	5	7	37	10	1	4	4	1	6	11	6	12	20	31	16	27	21	29	13	19	11	22	13	14
chr7	65257804	65257914	111	4	0	111	34	77	0	0	3	0	0	5	4	3	3	3	8	2	0	0	2	0	1	2	2	3	5	10	11	6	3	11	3	3	3	8	0	5
chr7	65257915	65257984	70	4	0	70	27	43	1	0	2	0	1	2	7	2	1	2	5	2	0	0	0	2	0	1	1	2	7	5	0	3	3	6	0	3	2	3	1	4
chr7	65257985	65258039	55	4	0	55	17	38	0	0	1	0	0	1	2	2	1	1	5	2	0	0	2	0	0	0	1	1	2	3	4	3	2	6	4	2	1	3	0	4
chr7	65258041	65258332	292	4	0	292	83	209	1	4	3	0	3	11	17	3	4	11	23	3	0	0	0	0	4	11	8	3	12	37	22	15	9	22	13	10	9	16	1	15
chr7	65258344	65258387	44	4	0	44	13	31	0	0	1	0	0	1	2	0	1	0	5	0	0	1	1	0	0	0	0	2	1	6	3	4	1	5	1	1	2	3	0	1
chr7	65258479	65258543	65	4	0	65	9	56	0	0	0	0	0	1	3	0	0	2	3	0	0	0	0	0	0	2	1	0	2	17	10	3	1	9	2	2	1	3	0	1
chr7	65258819	65259139	321	4	0	321	59	262	0	0	2	0	0	7	16	1	2	8	18	1	0	2	2	0	0	9	4	4	11	70	40	20	6	43	14	10	7	18	0	4
chr7	65259189	65259198	10	4	0	10	2	8	0	0	0	0	0	1	0	0	0	0	0	0	0	0	0	0	0	1	0	0	1	4	0	1	0	0	0	0	0	0	0	0
chr7	65259201	65259213	13	4	0	13	2	11	0	0	0	0	0	0	1	0	0	0	0	0	0	0	0	0	0	0	0	0	0	4	1	0	0	2	1	1	1	0	0	0
chr7	65259215	65259286	72	4	0	72	17	55	0	0	1	0	0	3	3	0	1	1	5	0	0	1	1	0	0	2	1	2	3	11	6	6	1	10	3	2	2	4	0	1
chr7	65259349	65260236	888	4	0	888	345	543	26	15	26	16	19	30	42	21	24	22	35	21	14	9	16	7	27	27	4	18	36	99	48	51	24	64	23	19	25	44	3	31
chr7	65260242	65261836	1595	4	0	1595	845	750	126	46	62	48	61	57	82	45	54	36	67	33	40	32	24	30	71	40	16	44	61	65	15	77	65	48	12	45	48	65	9	69
chr7	65261847	65273048	11202	4	0	11202	5823	5379	620	293	418	357	374	449	594	398	393	231	439	258	302	189	220	287	483	305	54	319	519	507	89	521	384	414	68	394	429	410	45	437
chr7	65273049	65273658	610	4	0	610	362	248	79	16	18	35	27	15	20	11	16	12	25	14	28	10	12	22	14	17	4	18	27	16	11	20	11	21	8	14	21	20	3	23
chr7	65273661	65275232	1572	4	0	1572	1029	543	154	48	73	102	73	31	47	44	56	32	50	31	94	32	43	119	65	26	4	48	47	23	4	42	38	26	7	43	45	41	3	79
chr7	65275233	65275526	294	4	0	294	143	151	21	4	5	7	12	14	20	4	2	7	19	5	3	7	8	4	9	9	3	11	15	7	3	16	13	15	2	14	13	9	0	11
chr7	65275527	65277239	1713	4	0	1713	1096	617	181	61	74	92	67	50	60	57	59	30	41	43	102	36	54	88	83	32	5	57	57	26	3	52	35	41	5	47	58	39	3	73
chr7	65277242	65277737	496	4	0	496	286	210	52	15	16	18	20	17	26	12	18	10	22	10	12	9	13	14	17	16	1	17	25	10	0	18	12	16	2	16	22	11	1	26
chr7	65277738	65277818	81	4	0	81	62	19	29	4	2	3	2	0	3	1	4	0	0	1	4	2	3	3	2	2	0	2	2	0	0	2	2	0	0	2	0	2	0	2
chr7	65277820	65279455	1636	4	0	1636	946	690	129	55	64	64	66	35	83	58	59	42	53	54	59	26	43	54	62	36	3	57	61	42	10	63	49	49	6	44	71	49	9	79
chr7	65279457	65279495	39	4	0	39	19	20	6	1	2	0	1	3	0	0	2	1	2	0	0	0	0	0	0	3	1	1	3	1	1	1	0	1	1	1	2	1	1	1
chr7	65279497	65282598	3102	4	0	3102	1935	1167	228	99	127	181	136	84	109	105	114	71	87	99	157	96	84	157	143	71	21	115	100	60	14	86	64	50	11	61	128	79	18	145
chr7	65282599	65283082	484	4	0	484	329	155	70	20	25	27	23	8	13	13	30	8	11	20	18	6	18	18	17	9	4	11	14	3	0	7	4	5	2	9	22	7	0	40
chr7	65283083	65286809	3727	4	0	3727	2229	1498	362	133	132	179	176	95	161	158	138	65	112	104	131	74	80	127	162	94	14	97	144	78	11	141	126	95	14	103	159	107	9	144
chr7	65286810	65286916	107	4	0	107	63	44	4	3	2	10	6	3	3	4	1	0	6	3	8	0	0	9	1	3	0	2	5	3	1	4	6	5	1	2	4	3	0	3
chr7	65286918	65286960	43	4	0	43	18	25	0	1	2	1	2	1	2	0	2	0	3	1	0	1	1	0	0	1	1	1	2	2	0	2	1	2	1	4	2	2	2	1
chr7	65286962	65289523	2562	4	0	2562	1560	1002	238	88	81	146	107	72	95	110	91	43	76	58	117	69	71	96	116	65	6	85	101	55	12	78	73	64	15	64	94	62	15	97
chr7	65289525	65289547	23	4	0	23	11	12	0	0	1	0	1	1	1	0	0	3	2	0	0	0	0	0	1	0	1	2	0	0	1	0	1	0	0	1	1	1	0	3
chr7	65289549	65290498	950	4	0	950	577	373	103	39	37	40	38	29	43	22	37	12	40	20	40	23	17	36	38	25	4	36	31	16	7	28	27	20	4	27	36	22	5	46
chr7	65290499	65290575	77	4	0	77	43	34	5	0	18	0	0	0	0	0	17	0	2	0	0	0	0	0	0	0	0	0	0	1	0	13	0	0	0	0	0	13	0	6
chr7	65290581	65292469	1889	4	0	1889	1088	801	149	51	57	95	66	70	69	57	68	30	74	47	69	51	51	83	71	51	24	56	76	40	25	56	45	60	21	56	70	46	20	83
chr7	65292472	65297821	5350	4	0	5350	3404	1946	538	159	221	344	222	155	182	210	236	80	128	144	265	134	115	270	206	123	19	180	209	93	20	123	145	102	20	117	209	126	27	226
chr7	65297823	65297839	17	4	0	17	7	10	0	0	0	0	0	2	1	1	0	1	1	1	0	0	0	0	0	0	1	1	0	0	1	0	0	1	0	1	3	0	0	0
chr7	65297841	65298237	397	4	0	397	199	198	24	12	10	10	13	16	21	9	8	8	20	9	10	6	12	10	8	17	0	17	27	19	4	19	10	18	1	13	14	15	1	14
chr7	65298239	65298281	43	4	0	43	28	15	7	0	0	2	1	1	1	2	0	0	1	3	1	2	4	1	3	0	1	1	1	1	0	0	1	1	0	2	0	0	1	3
chr7	65298283	65300180	1898	4	0	1898	1256	642	202	64	77	126	71	39	53	58	74	31	58	32	123	51	66	130	77	31	5	71	53	30	6	51	36	35	7	44	55	44	8	88
chr7	65300184	65300966	783	4	0	783	460	323	78	16	31	37	24	23	29	20	20	18	28	18	41	19	21	35	36	19	5	17	25	18	15	26	13	26	7	32	22	21	7	34
chr7	65300967	65301921	955	4	0	955	585	370	81	29	38	52	35	33	41	33	26	16	32	26	58	23	26	35	35	27	1	37	39	16	1	27	32	21	2	31	36	19	2	43
chr7	65301923	65310562	8640	4	0	8640	4765	3875	495	241	371	353	351	240	428	302	315	198	270	225	300	209	216	249	316	252	33	287	395	295	43	366	298	257	43	282	312	295	51	350
chr7	65310564	65310604	41	4	0	41	26	15	2	1	0	3	1	1	0	4	1	0	1	1	3	0	3	4	2	0	0	0	2	0	0	1	2	3	0	1	0	1	0	2
chr7	65310619	65312039	1421	4	0	1421	808	613	77	43	58	66	50	33	72	62	56	23	34	38	61	35	38	62	54	25	9	46	58	50	6	46	59	48	8	51	46	38	9	58
chr7	65312041	65312060	20	4	0	20	8	12	1	2	0	0	1	1	0	2	1	0	0	0	0	0	0	0	1	2	0	0	2	2	0	0	0	2	0	0	1	0	0	0
chr7	65312062	65377586	65525	4	0	65525	39691	25834	5922	1925	2340	3590	2542	1962	2625	2281	2285	1169	2172	1712	3028	1605	1648	2883	2670	1519	340	2132	2339	1386	390	2075	1921	1605	364	1754	2481	1680	354	2824
chr7	65377587	65560053	182467	5	0	182467	109852	72615	15112	5386	7122	9732	7144	5370	6924	7598	7569	3334	5886	5190	7526	4121	4575	7262	7515	4035	836	5825	6486	4219	969	6012	5111	4067	860	4700	7924	5366	719	7970
chr7	65560054	65560082	29	4	0	29	23	6	2	1	1	3	0	0	1	1	1	0	1	2	3	1	1	3	2	0	0	0	0	0	0	0	0	0	0	0	0	0	0	4
chr7	65560083	65561580	1498	5	0	1498	979	519	151	45	69	110	64	36	38	62	68	24	45	32	93	27	40	74	59	23	6	44	40	19	1	50	43	30	3	32	58	38	6	66
chr7	65561587	65561623	37	4	0	37	26	11	5	1	2	3	2	0	1	1	3	0	0	0	1	1	1	4	2	0	0	0	0	1	0	1	2	1	0	1	0	0	0	2
chr7	65561624	65629932	68309	4	0	68309	42909	25400	5861	2072	2890	4008	2650	1777	2386	2734	2988	1238	2048	1906	3332	1677	1885	3456	2924	1347	265	2228	2075	1340	220	2119	1795	1075	195	1635	2753	1991	210	3227
chr7	65629934	65630423	490	4	0	490	307	183	46	20	22	27	24	14	17	22	23	8	14	7	23	6	15	18	25	8	2	13	11	9	0	14	21	8	0	19	20	9	2	21
chr7	65630425	65630483	59	4	0	59	30	29	0	1	1	0	1	0	1	1	0	2	6	2	1	3	8	2	1	1	0	4	1	3	0	6	1	1	0	0	0	4	0	6
chr7	65630485	65638307	7823	4	0	7823	4848	2975	604	236	330	446	286	220	303	297	345	142	207	248	380	189	233	380	333	154	32	268	240	164	31	259	199	140	15	198	334	236	24	348
chr7	65638315	65640298	1984	4	0	1984	1282	702	177	55	91	123	82	27	71	75	77	44	56	61	110	57	66	109	82	35	1	65	46	33	1	70	39	33	6	52	88	49	4	97
chr7	65640319	65641004	686	4	0	686	373	313	36	14	30	26	24	19	34	26	28	16	27	16	18	15	19	24	28	12	4	20	23	26	3	34	30	21	3	20	22	28	2	36
chr7	65641048	65641648	601	4	0	601	376	225	50	17	33	39	26	18	17	21	29	8	20	15	35	8	22	17	21	8	1	21	16	9	0	23	20	13	0	21	25	18	1	27
chr7	65641650	65642362	713	4	0	713	470	243	73	24	27	54	31	16	18	33	26	14	19	15	48	15	14	42	29	14	6	20	18	8	2	21	23	13	3	11	28	15	5	26
chr7	65642363	65642545	183	4	0	183	129	54	27	3	7	16	6	3	4	8	12	2	7	2	10	5	3	12	9	1	0	3	5	2	0	5	1	3	0	2	6	6	0	11
chr7	65642575	65643587	1013	4	0	1013	550	463	73	32	30	47	42	31	42	34	25	16	46	26	42	11	20	31	33	24	2	31	41	45	13	41	34	43	13	30	41	28	8	36
chr7	65643588	65643808	221	3	0	221	124	97	8	8	8	9	8	6	14	9	11	6	10	4	6	4	4	8	12	1	3	7	7	3	0	8	6	6	1	11	12	8	0	11
chr7	65643810	65643833	24	3	0	24	17	7	0	0	1	2	0	1	0	1	1	1	1	1	1	1	2	2	0	0	0	3	0	0	0	0	0	0	0	0	3	0	0	1
chr7	65643834	65645077	1244	3	0	1244	745	499	74	51	47	59	53	43	35	53	56	23	49	31	48	29	44	49	55	24	14	53	44	23	5	38	29	25	3	25	56	39	6	59
chr7	65645078	65647541	2464	3	0	2464	1547	917	228	69	101	166	108	60	68	103	96	46	61	62	133	64	56	125	111	50	9	69	72	48	28	69	58	56	28	53	98	63	9	95
chr7	65647543	65647610	68	3	0	68	25	43	12	0	4	1	4	0	1	1	0	0	0	0	1	0	1	0	0	0	0	0	0	3	8	2	4	10	10	4	0	0	0	0
chr7	65647612	65649368	1757	3	0	1757	737	1020	54	34	66	35	63	63	90	37	43	49	84	30	28	22	22	16	57	58	10	43	84	117	61	89	60	100	62	72	52	75	21	58
chr7	65649370	65651171	1802	3	0	1802	1100	702	193	49	76	96	64	51	65	103	96	35	49	57	61	29	26	48	71	33	12	48	54	38	16	57	45	40	5	46	113	54	5	65
chr7	65651182	65651937	756	3	0	756	551	205	89	2	18	91	5	10	0	136	94	4	17	60	11	1	1	11	3	3	4	7	5	0	0	5	1	0	0	1	141	7	4	23
chr7	65651943	65652030	88	3	0	88	67	21	9	0	4	12	1	1	0	14	12	0	1	6	3	0	0	3	0	0	0	1	0	0	0	0	0	0	0	0	16	0	0	3
chr7	65652031	65652524	494	3	0	494	364	130	59	0	11	62	4	4	0	94	62	2	10	39	7	1	0	8	0	1	0	6	3	0	0	4	2	0	0	0	96	6	0	11
chr7	65652525	65653026	502	3	0	502	371	131	62	1	13	62	8	4	0	89	60	1	10	42	8	0	0	10	0	0	1	5	1	0	0	4	6	0	0	0	93	5	1	14
chr7	65653032	65654079	1048	3	0	1048	709	339	116	29	45	79	32	19	15	98	76	10	23	44	45	23	20	34	33	14	5	29	20	14	1	25	18	13	3	10	93	19	3	38
chr7	65654080	65656148	2069	3	0	2069	1407	662	231	68	83	154	95	53	47	87	89	26	48	55	120	48	64	138	82	33	11	69	47	20	4	45	65	25	2	40	88	37	5	88
chr7	65656149	65659959	3811	3	0	3811	2211	1600	296	106	147	181	149	124	180	109	140	64	140	108	146	89	95	136	127	97	14	145	151	84	26	139	118	109	23	114	166	109	13	164
chr7	65659960	65660217	258	3	0	258	117	141	9	4	8	8	9	8	12	6	5	6	15	9	5	6	4	1	5	9	4	6	16	9	6	13	7	12	8	11	8	14	4	9
chr7	65660219	65661812	1594	3	0	1594	897	697	140	42	58	65	48	54	74	44	55	26	62	48	61	28	56	35	50	44	6	50	66	49	9	75	44	54	6	52	60	52	7	72
chr7	65661813	65662916	1104	3	0	1104	659	445	85	35	33	47	32	42	51	35	33	18	41	34	51	33	30	58	50	24	3	50	36	32	6	37	25	26	4	25	49	29	5	43
chr7	65662934	65666199	3266	3	0	3266	2029	1237	232	117	106	173	134	113	107	178	122	56	76	102	141	94	88	189	191	80	10	99	125	72	7	86	89	46	13	62	126	92	8	130
chr7	65666200	65672955	6756	3	0	6756	4018	2738	566	218	276	302	304	175	298	225	245	133	190	199	248	169	217	252	262	172	28	233	260	146	21	224	219	157	28	220	261	175	27	304
chr7	65672957	65672981	25	3	0	25	12	13	1	2	0	0	1	0	3	0	1	0	2	0	0	0	1	0	1	0	0	1	1	0	0	2	1	1	0	2	1	1	0	1
chr7	65672983	65674160	1178	3	0	1178	717	461	80	29	41	75	40	27	39	50	40	20	46	29	65	36	31	68	40	22	14	36	39	26	8	45	31	29	4	30	46	41	4	45
chr7	65674161	65676461	2301	3	0	2301	1331	970	205	77	69	103	99	76	105	72	59	43	95	52	90	61	56	67	89	65	16	88	88	60	16	75	78	65	11	70	97	49	11	92
chr7	65676462	65677781	1320	3	0	1320	793	527	88	44	54	62	53	39	62	45	43	18	54	31	65	44	27	62	52	32	8	53	48	24	2	42	44	31	2	43	56	29	2	59
chr7	65677782	65677846	65	3	0	65	54	11	9	0	2	11	2	1	0	0	3	0	0	3	8	0	3	11	1	0	0	0	2	1	0	0	0	0	0	0	0	2	0	4
chr7	65677848	65679700	1853	3	0	1853	1101	752	186	45	80	77	78	58	72	47	65	42	75	53	60	32	55	75	71	35	5	66	63	41	12	62	52	45	10	55	69	57	9	99
chr7	65679701	65685115	5415	3	0	5415	3292	2123	428	185	210	251	202	157	207	226	203	100	165	163	242	147	159	246	237	132	39	181	201	108	16	181	140	117	12	127	214	149	17	251
chr7	65685116	65685743	628	3	0	628	323	305	44	17	16	18	28	30	33	19	16	13	28	12	8	14	17	9	28	14	8	24	32	18	2	29	25	31	6	18	25	18	4	22
chr7	65685745	65685855	111	3	0	111	58	53	4	4	3	4	3	6	4	3	4	2	7	5	3	1	4	0	7	3	0	3	1	8	1	5	1	1	0	4	7	4	1	6
chr7	65685858	65687327	1470	3	0	1470	896	574	129	40	84	65	38	45	53	41	89	22	47	29	62	35	54	63	49	34	5	54	44	35	3	65	29	22	1	44	55	56	1	75
chr7	65687329	65687546	218	3	0	218	132	86	39	10	5	7	14	5	12	1	5	2	9	3	4	5	3	6	10	4	1	7	6	4	0	9	10	5	3	8	6	6	2	5
chr7	65687548	65687999	452	3	0	452	256	196	27	9	21	18	19	22	23	15	16	9	15	7	14	12	8	20	20	15	0	17	20	8	1	15	19	11	0	22	20	11	3	13
chr7	65688000	65690413	2414	3	0	2414	1412	1002	182	68	91	113	85	76	104	87	91	33	94	77	97	60	72	81	86	56	7	88	86	51	13	92	84	66	12	66	96	69	14	115
chr7	65690414	65692138	1725	3	0	1725	991	734	158	57	71	64	64	37	85	56	64	31	62	47	63	32	40	59	44	50	5	57	73	44	16	60	55	54	10	61	70	45	9	80
chr7	65692143	65694256	2114	3	0	2114	1194	920	180	60	70	98	96	70	87	56	49	29	90	56	83	50	40	78	67	66	12	64	101	56	19	86	72	77	15	60	69	63	16	77
chr7	65694257	65706419	12163	3	0	12163	7198	4965	924	387	455	568	446	397	532	435	438	228	403	342	526	297	355	464	535	262	62	450	453	266	67	373	348	287	56	394	474	344	65	528
chr7	65706444	65710305	3862	3	0	3862	2375	1487	286	106	173	196	129	101	154	148	145	84	110	126	202	103	115	196	156	86	18	134	121	74	16	130	98	73	10	105	157	108	17	183
chr7	65710313	65712429	2117	3	0	2117	1140	977	130	64	61	86	73	76	105	60	43	37	100	54	96	39	45	70	54	65	15	82	108	66	22	85	71	86	14	74	81	64	19	70
chr7	65712440	65713286	847	3	0	847	588	259	111	31	34	63	26	14	23	23	40	8	21	17	61	17	23	75	28	15	3	24	24	11	3	21	11	12	2	19	23	21	4	37
chr7	65713287	65714454	1168	3	0	1168	706	462	142	38	50	53	56	29	44	30	44	17	51	27	42	26	30	26	45	18	3	44	34	21	9	44	31	32	5	36	48	37	3	51
chr7	65714455	65716068	1614	3	0	1614	1026	588	161	49	72	88	58	39	51	65	77	27	34	42	75	51	61	75	60	31	11	64	45	24	9	48	47	26	2	41	61	45	8	65
chr7	65716069	65716132	64	3	0	64	50	14	9	0	1	9	2	1	2	0	0	3	3	0	9	0	0	9	2	1	0	1	1	1	0	0	1	0	0	1	2	0	0	4
chr7	65716134	65717352	1219	3	0	1219	641	578	64	28	37	44	40	42	75	36	36	27	54	27	33	32	34	31	41	38	5	45	54	30	9	59	42	48	14	47	56	36	4	49
chr7	65717354	65717399	46	3	0	46	18	28	0	0	1	2	2	3	1	1	1	1	2	1	0	0	1	1	1	1	1	1	2	2	2	1	3	3	4	2	1	1	1	1
chr7	65717401	65718837	1437	3	0	1437	818	619	95	42	60	58	57	40	73	53	57	39	53	50	47	26	32	35	52	38	8	49	56	35	4	57	44	36	4	36	70	43	10	76
chr7	65718844	65719267	424	3	0	424	266	158	27	12	21	23	11	9	18	18	19	13	14	14	26	14	12	14	18	5	2	23	13	9	0	11	4	4	1	7	21	15	1	23
chr7	65719278	65720654	1377	3	0	1377	783	594	82	40	53	53	39	58	59	51	48	26	43	31	59	42	44	55	67	39	7	52	41	50	6	70	51	30	2	29	47	48	5	48
chr7	65720656	65720688	33	3	0	33	20	13	0	1	0	3	2	2	0	2	3	0	3	0	0	0	1	1	1	1	0	1	1	1	0	1	0	0	0	0	4	1	0	2
chr7	65720690	65728070	7381	3	0	7381	3843	3538	435	180	261	246	256	275	383	242	263	165	362	191	167	117	150	148	264	220	46	207	357	263	52	352	247	242	53	254	288	299	51	343
chr7	65728077	65732580	4504	3	0	4504	2328	2176	309	92	134	173	145	159	256	126	129	85	188	109	125	92	91	114	143	116	27	142	194	172	58	207	181	190	70	165	169	153	33	155
chr7	65732581	65736849	4269	3	0	4269	2362	1907	347	127	141	170	162	162	216	106	109	72	171	97	166	91	102	121	162	118	22	150	204	115	29	184	136	160	25	153	144	139	22	144
chr7	65736850	65739265	2416	3	0	2416	1368	1048	174	59	76	104	86	76	105	93	70	39	107	69	82	58	58	110	88	52	18	74	95	67	20	90	85	79	19	75	92	74	13	107
chr7	65739283	65739915	633	3	0	633	336	297	56	16	21	20	29	24	38	13	20	14	25	12	7	15	15	9	27	18	3	21	27	20	2	29	28	22	4	24	22	18	7	25
chr7	65739916	65741746	1831	3	0	1831	995	836	137	52	68	63	84	62	93	63	60	42	85	45	38	29	34	39	77	47	3	58	86	42	10	87	54	69	10	61	85	67	5	74
chr7	65741747	65766512	24766	3	0	24766	13886	10880	2072	698	861	1094	941	821	1115	757	824	439	920	652	887	517	565	721	886	625	196	768	992	676	265	950	790	827	274	795	966	755	167	948
chr7	65766513	66546512	780000	2	0	780000	431685	348315	57927	20854	27422	31784	28174	26710	37220	24416	25755	15269	31541	19935	26131	16679	18385	23483	28714	20928	4668	25202	33512	23256	6412	32267	24323	25773	5778	24982	29971	25490	4920	32117
chr7	66546513	66918512	372000	1	0	372000	199750	172250	25269	9634	12894	13657	12956	13187	18369	11294	11691	7741	15877	9181	11539	7678	8741	10040	13411	10314	2501	12014	16488	12341	3564	16283	11859	13222	3273	12490	14049	12799	2548	15094
chr7	66918513	67019504	100992	2	0	100992	54824	46168	7649	2753	3460	3869	3710	3639	4860	2947	3142	1955	4131	2643	3230	2025	2372	2439	3514	2821	820	3217	4460	2971	963	4245	3299	3608	985	3392	3882	3239	782	3968
chr7	67019505	67019567	63	2	0	63	33	30	1	2	0	2	2	2	3	1	0	3	6	0	3	0	5	1	3	0	0	4	2	1	0	3	2	4	0	2	1	1	2	5
chr7	67019568	67019817	250	2	0	250	140	110	20	6	11	12	14	6	12	4	4	6	10	4	11	3	4	12	10	6	0	6	11	8	1	9	9	6	3	16	6	9	3	6
chr7	67019818	67019960	143	2	0	143	86	57	3	1	3	10	6	5	8	8	2	5	5	5	6	2	5	10	4	3	0	6	5	1	0	3	8	3	0	7	10	2	0	5
chr7	67019961	67020005	45	2	0	45	29	16	2	2	2	3	2	1	2	3	3	1	1	2	1	0	1	2	3	0	0	1	1	0	0	1	0	0	0	2	4	2	0	1
chr7	67020006	67020073	68	2	0	68	44	24	4	2	1	9	5	0	3	6	6	2	0	1	1	0	1	2	1	2	0	2	3	1	0	1	2	0	0	2	7	2	0	0
chr7	67020074	67020159	86	2	0	86	42	44	2	2	5	2	3	5	2	3	0	0	5	2	5	1	1	3	3	2	0	3	8	5	0	5	1	5	0	4	1	5	0	1
chr7	67020160	67020210	51	2	0	51	24	27	2	1	1	1	2	1	4	0	1	1	3	2	0	0	3	1	1	1	0	2	2	2	0	4	1	3	0	3	3	2	0	2
chr7	67020215	67020338	124	2	0	124	65	59	10	2	3	3	4	3	9	2	1	1	9	6	3	3	3	1	4	1	0	5	2	1	1	10	4	6	0	8	9	6	1	1
chr7	67020339	67108512	88174	2	0	88174	51234	36940	7313	2597	3213	4095	3460	2774	3808	2967	3157	1711	3246	2408	3288	2003	2169	3024	3456	2216	537	2876	3511	2131	553	3207	2472	2414	511	2533	3570	2640	491	3821
chr7	67108513	67245512	137000	3	0	137000	80944	56056	11344	4053	5270	6631	5317	4303	5676	4802	5124	2610	4710	3746	5513	3113	3473	5259	5588	3282	718	4491	5269	3186	767	4767	3871	3444	674	3807	5370	4076	681	6063
chr7	67245513	67378512	133000	4	0	133000	73215	59785	9716	3519	4704	5313	4743	4609	6243	4254	4413	2698	5630	3366	4379	2611	3089	3927	4761	3606	837	4232	5725	4136	1086	5544	4162	4278	989	4321	5201	4471	866	5569
chr7	67378513	67470512	92000	5	0	92000	48924	43076	5559	2246	3491	3144	3255	3326	4596	3355	3176	1931	4092	2355	2450	1705	1995	2248	3485	2588	449	2685	4298	3327	606	4162	3244	3006	460	3210	3505	3473	459	4117
chr7	67470513	67564512	94000	6	0	94000	52006	41994	6128	2510	3633	3735	3505	3259	4378	3464	3321	1966	3739	2703	3052	1734	2156	2722	3540	2547	498	2884	4210	2888	539	3838	3028	2791	471	3030	3829	3249	498	4153
chr7	67564513	67690512	126000	7	0	126000	70133	55867	7995	3326	4947	5172	4849	4235	5806	4449	4592	2714	5074	3501	4003	2448	3101	3920	4814	3313	648	3948	5338	3881	690	5150	4138	3511	575	3979	5049	4354	627	5851
chr7	67690513	67905512	215000	8	0	215000	118935	96065	14046	5794	8531	8434	8047	6952	10012	7666	7998	4362	9129	5945	6713	4055	4933	6317	7834	5657	1128	6544	9361	6530	1233	9166	7023	6258	1042	6854	8459	7845	1089	10041
chr7	67905513	68357512	452000	9	0	452000	256361	195639	31158	12277	17535	19572	16904	14891	20015	15980	16564	8719	18183	12423	15916	9573	10982	15669	17236	11549	2433	14242	18582	12380	2678	17761	14170	12452	2306	13959	17802	15021	2313	20753
chr7	68357513	69181512	824000	10	0	824000	468611	355389	57100	22397	32380	36260	31380	26360	36079	29855	30997	16239	32604	22937	28660	16816	20238	28308	30987	21085	4225	25515	33840	23107	4375	32519	25804	22022	3806	25326	33044	27627	4166	37940
chr7	69181513	69279124	97612	9	0	97612	54584	43028	6442	2657	3788	3976	3699	3275	4446	3565	3614	1948	3880	2680	3108	2021	2382	3103	3715	2591	476	3119	4305	2890	496	3986	3057	2741	467	3061	3908	3455	431	4328
chr7	69279126	69397513	118388	9	0	118388	66033	52355	8033	3166	4365	4993	4455	4095	5396	4093	4119	2266	4836	3189	3951	2462	2846	3767	4448	3067	712	3762	5012	3421	773	4781	3901	3561	683	3823	4678	3937	718	5077
chr7	69397514	69763513	366000	8	0	366000	209953	156047	27362	10431	14103	16220	13848	11971	16231	12346	13054	7006	13812	9485	13852	8221	9346	12665	14596	9120	1770	12143	14477	10087	2008	14211	11076	9970	1871	11361	14247	11606	1725	15777
chr7	69763514	70047513	284000	9	0	284000	171188	112812	21906	8740	11929	14094	10849	8515	11487	10508	11369	5207	9303	7561	12547	7090	7708	12373	12071	6421	1263	9797	9812	6266	944	9948	8203	5863	864	7920	11273	8420	985	12762
chr7	70047514	70065513	18000	10	0	18000	10746	7254	1418	527	771	878	659	539	713	638	702	311	590	499	815	473	533	679	700	448	71	631	670	393	81	649	482	402	81	543	697	549	71	785
chr7	70065514	70541513	476000	9	0	476000	284387	191613	37122	14082	19892	23626	17977	14495	19015	18139	19130	8935	15717	12817	20494	11611	12567	18766	19944	10871	2402	15906	16916	11116	2055	16474	13577	10479	1873	13401	19190	14095	1904	21410
chr7	70541514	70775513	234000	8	0	234000	129925	104075	15813	6614	9390	9482	8336	7784	10862	7973	8998	4805	8723	5898	8151	4864	5580	6651	9067	5978	1529	7493	9371	7389	1890	9413	7544	6814	1660	7502	8972	7882	1423	10147
chr7	70775514	71042513	267000	9	0	267000	148644	118356	17938	7275	10608	10721	10196	9038	12074	9198	9810	5552	10834	6918	8598	5195	6162	8527	10287	7056	1446	8271	11413	8470	1580	10950	8472	7437	1374	8484	10334	9451	1356	11973
chr7	71042514	71421121	378608	10	0	378608	212747	165861	26190	10348	14544	16079	14122	12546	16957	13558	13995	7543	14916	10208	12854	7793	8690	12403	14617	9670	2248	11695	15695	11327	2481	15039	12011	10544	2240	11631	14860	13001	2059	16742
chr7	71421123	71727514	306392	10	0	306392	168830	137562	19852	8017	11535	11966	11025	10427	14768	10818	10744	6395	12635	8423	9749	6083	7147	9245	11488	8173	1665	9597	13400	9410	1876	12871	10161	9095	1664	9964	11989	10878	1677	13653
chr7	71727515	72094514	367000	9	0	367000	208171	158829	26810	10120	13904	15989	13760	11793	16620	12774	13611	7256	14226	9783	12642	7598	8656	12628	13907	9502	2101	11257	15095	10374	2266	14385	11637	10153	1982	11294	14309	12091	2005	16470
chr7	72094515	72253514	159000	8	0	159000	90125	68875	11339	4414	6199	6793	6016	5128	7005	5793	5911	3153	6079	4271	5477	3256	3916	5373	6087	4031	901	4932	6583	4528	865	6372	5128	4310	798	4926	6144	5479	822	6969
chr7	72253515	72397514	144000	7	0	144000	82449	61551	11016	4098	5488	6464	5527	4760	6205	5130	5330	2747	5278	3827	5193	3065	3317	5003	5689	3649	850	4482	5829	4111	926	5422	4539	3796	820	4255	5565	4732	756	6129
chr7	72397515	72508514	111000	6	0	111000	61104	49896	7226	2808	4419	4401	4012	3953	5063	3716	4099	2201	4652	2764	3516	2112	2462	3698	4195	2897	679	3303	4759	3644	771	4754	3611	3328	606	3633	4179	4059	572	4906
chr7	72508515	72624514	116000	5	0	116000	65543	50457	8719	3289	4191	5011	4430	3929	5254	3887	4107	2320	4563	3179	3955	2325	2773	3609	4497	3004	702	3661	4842	3245	762	4559	3531	3413	626	3446	4630	3746	678	5115
chr7	72624515	72661005	36491	4	0	36491	22011	14480	3163	1087	1351	1887	1425	1076	1436	1328	1265	637	1189	972	1635	901	923	1735	1463	848	217	1172	1384	779	179	1186	1046	904	192	1046	1372	997	198	1496
chr7	72661007	72661016	10	4	0	10	7	3	1	0	1	1	0	1	0	0	0	0	0	0	2	0	0	0	0	1	0	0	0	0	0	1	0	0	0	0	0	0	0	0
chr7	72661018	72661230	213	4	0	213	112	101	12	2	10	10	5	4	15	2	14	5	14	5	3	2	4	5	3	4	0	6	9	4	2	9	5	5	3	11	8	10	3	17
chr7	72661243	72661289	47	4	0	47	33	14	3	4	1	2	1	2	0	1	2	0	0	1	4	1	6	4	2	1	0	4	0	0	0	2	1	0	0	0	1	1	0	1
chr7	72661292	72662418	1127	4	0	1127	710	417	115	41	45	68	45	32	40	37	59	27	26	27	51	21	33	41	48	33	7	33	37	28	1	41	19	10	1	20	50	36	3	50
chr7	72662431	72663761	1331	4	0	1331	805	526	142	34	47	74	45	42	33	57	59	15	36	50	51	15	46	58	34	29	8	35	52	46	17	31	32	37	9	36	59	34	6	60
chr7	72663762	72667031	3270	4	0	3270	2009	1261	286	110	123	170	133	88	114	127	117	54	106	98	152	82	89	159	139	79	15	101	124	69	13	100	84	64	18	80	115	94	14	151
chr7	72667032	72669134	2103	4	0	2103	1274	829	206	69	77	94	86	70	87	69	66	45	70	52	87	47	67	81	105	37	9	79	71	33	12	63	55	50	8	73	81	59	7	86
chr7	72669135	72669932	798	4	0	798	411	387	64	19	18	32	25	30	48	22	23	8	34	20	22	7	19	18	20	20	2	22	50	21	7	40	26	51	11	32	30	26	4	25
chr7	72669945	72671847	1903	4	0	1903	1173	730	168	59	79	114	65	60	71	56	77	34	54	29	109	47	55	95	66	48	8	78	75	45	7	57	40	49	11	52	71	42	8	72
chr7	72671850	72672017	168	4	0	168	110	58	24	4	8	11	8	6	3	4	10	2	4	5	6	1	3	10	4	5	0	3	8	5	0	5	1	3	0	2	8	5	0	8
chr7	72672018	72672473	456	4	0	456	264	192	35	13	18	22	17	18	15	26	18	9	18	14	19	8	3	10	19	11	5	12	19	18	1	15	14	7	0	11	24	17	2	16
chr7	72672474	72674759	2286	4	0	2286	1324	962	148	67	81	90	81	98	89	85	74	39	75	66	83	71	65	111	119	70	11	76	93	49	15	93	73	56	7	46	68	75	15	95
chr7	72674760	72675516	757	4	0	757	428	329	85	25	28	30	32	27	32	13	28	15	29	13	24	13	23	10	24	23	2	31	35	19	10	33	20	26	1	19	24	29	3	29
chr7	72675518	72675540	23	4	0	23	13	10	0	0	0	1	0	1	2	1	0	1	0	1	1	1	1	1	2	0	0	2	0	1	0	1	1	1	0	0	2	0	0	0
chr7	72675541	72678619	3079	4	0	3079	1802	1277	216	98	93	132	97	112	145	121	108	42	108	83	118	82	75	171	133	90	14	96	125	66	15	116	84	80	15	101	133	86	14	108
chr7	72678620	72684757	6138	4	0	6138	3538	2600	453	198	244	247	237	204	268	183	227	124	220	173	226	151	157	224	254	155	39	229	236	165	46	224	170	148	26	164	232	203	37	272
chr7	72684758	72685608	851	4	0	851	533	318	91	27	33	48	43	20	29	23	33	14	26	27	31	24	25	38	40	11	0	34	28	15	3	31	16	21	5	13	31	30	4	35
chr7	72685610	72690305	4696	4	0	4696	2961	1735	414	160	199	267	202	113	163	215	186	85	123	138	236	115	105	238	206	93	21	153	169	90	11	130	139	81	4	106	179	136	16	201
chr7	72690306	72692205	1900	4	0	1900	1146	754	160	71	79	95	89	46	70	61	63	34	62	49	92	54	51	69	81	44	7	73	68	38	21	52	47	51	11	53	70	46	7	84
chr7	72692207	72693409	1203	4	0	1203	703	500	122	26	61	51	36	31	60	48	63	28	35	29	38	20	26	28	44	18	8	35	49	25	1	51	41	34	4	35	41	49	3	61
chr7	72693410	72695949	2540	4	0	2540	1464	1076	208	64	97	121	88	84	103	88	93	56	84	59	102	67	67	82	88	81	13	89	112	74	18	101	64	73	15	56	99	77	10	105
chr7	72695951	72697031	1081	4	0	1081	655	426	98	19	49	56	36	36	48	31	40	16	40	40	48	28	31	37	38	18	6	37	30	18	3	44	35	27	2	32	48	32	1	55
chr7	72697050	72697252	203	4	0	203	131	72	24	7	12	6	6	1	9	11	7	5	3	7	11	7	6	8	7	3	0	10	5	1	0	9	5	4	0	5	10	7	0	5
chr7	72697254	72697289	36	4	0	36	20	16	0	0	1	2	0	1	2	0	2	1	0	1	1	3	5	1	1	0	0	4	1	0	0	2	0	1	0	1	1	2	0	1
chr7	72697291	72698645	1355	4	0	1355	773	582	89	22	60	59	42	35	64	44	45	25	79	52	54	32	28	42	47	26	4	37	42	32	6	65	37	38	4	43	59	49	6	86
chr7	72698647	72700155	1509	4	0	1509	852	657	117	39	67	62	52	57	72	55	61	27	52	48	54	34	23	31	62	33	12	49	71	38	10	51	44	47	9	42	59	52	5	72
chr7	72700163	72702989	2827	4	0	2827	1588	1239	248	94	102	114	136	92	131	86	106	54	114	71	69	35	56	78	114	71	10	80	124	81	20	104	87	92	15	96	120	85	17	123
chr7	72703027	72703979	953	4	0	953	525	428	86	21	24	44	29	35	47	23	38	17	41	22	23	19	23	31	29	29	5	29	46	23	13	28	25	34	18	31	34	24	12	48
chr7	72703980	72704455	476	4	0	476	281	195	46	12	11	26	15	13	24	15	13	10	20	13	22	10	14	16	15	10	3	17	19	11	2	15	15	14	4	13	18	12	3	23
chr7	72704458	72706431	1974	4	0	1974	1161	813	141	64	81	83	67	60	82	82	90	35	85	55	71	48	47	70	84	42	11	69	69	38	13	62	54	43	7	54	84	60	11	110
chr7	72706433	72709476	3044	4	0	3044	1770	1274	243	84	158	121	125	87	128	95	131	65	109	79	106	64	75	99	121	66	12	101	107	89	9	118	85	74	12	95	121	94	13	156
chr7	72709477	72709517	41	4	0	41	26	15	7	2	0	1	1	2	1	0	1	1	1	0	2	2	3	1	3	2	1	1	0	2	1	1	0	0	0	0	1	0	0	2
chr7	72709519	72711473	1955	4	0	1955	1107	848	147	54	80	85	62	62	83	59	79	41	75	53	79	34	48	65	68	47	12	64	70	62	19	76	55	52	18	57	73	66	19	89
chr7	72711474	72711542	69	4	0	69	42	27	25	0	1	0	2	3	4	0	0	0	1	2	0	1	1	0	1	1	1	1	4	3	0	1	3	4	1	4	1	0	0	2
chr7	72711543	72711855	313	3	0	313	166	147	15	7	9	17	11	9	16	6	7	8	13	8	15	8	6	11	9	8	4	11	15	11	5	13	6	14	5	9	11	11	2	11
chr7	72711856	72713136	1281	3	0	1281	682	599	67	37	47	41	50	35	54	53	33	28	58	41	42	25	36	33	37	46	2	40	57	44	14	63	46	40	11	39	52	48	7	53
chr7	72713137	72713300	164	3	0	164	78	86	13	2	2	3	3	8	10	4	2	4	13	3	1	3	6	0	3	5	1	8	7	4	3	9	6	8	2	8	9	6	0	6
chr7	72713302	72716632	3331	3	0	3331	1857	1474	243	98	118	142	132	113	152	108	120	57	122	94	105	76	93	82	127	83	23	111	141	96	24	132	108	106	23	107	129	108	20	136
chr7	72716633	72716783	151	3	0	151	69	82	3	10	1	3	12	2	11	3	2	3	12	3	0	2	1	1	9	2	0	5	3	5	3	10	9	8	2	4	7	6	1	6
chr7	72716785	72716805	21	3	0	21	9	12	0	0	0	0	0	4	1	0	0	1	0	0	1	0	1	0	1	2	2	0	3	0	0	0	0	1	0	1	0	0	0	1
chr7	72716806	72717644	839	3	0	839	436	403	65	28	23	21	29	32	50	30	26	11	32	20	18	17	20	13	32	23	4	29	41	31	8	35	35	37	7	31	32	24	3	30
chr7	72717647	72719631	1985	3	0	1985	1173	812	154	59	56	107	71	81	63	88	62	28	68	57	89	52	61	76	88	62	15	56	77	44	17	65	61	45	10	56	77	53	14	71
chr7	72719632	72722290	2659	3	0	2659	1570	1089	202	88	112	110	109	106	85	118	108	51	89	86	93	54	67	90	150	64	15	70	98	62	14	96	69	49	7	61	101	95	12	126
chr7	72722292	72722307	16	3	0	16	11	5	1	0	0	2	1	0	0	1	0	0	0	0	1	0	2	1	0	1	0	0	0	0	0	1	1	0	0	1	1	0	0	0
chr7	72722309	72723998	1690	3	0	1690	955	735	130	44	77	84	63	48	81	38	70	35	53	31	71	31	31	67	50	39	11	57	70	81	3	78	49	53	6	48	61	59	10	59
chr7	72724010	72727831	3822	3	0	3822	2216	1606	282	107	130	198	136	123	160	148	143	71	154	108	157	93	86	118	143	97	38	116	147	95	26	143	103	98	17	106	174	121	17	165
chr7	72727832	72728895	1064	3	0	1064	645	419	92	37	44	65	40	19	40	38	51	12	38	34	54	18	23	39	23	24	6	33	43	19	8	38	30	25	6	29	41	40	8	45
chr7	72728901	72729991	1091	3	0	1091	560	531	46	38	34	29	43	52	62	39	34	30	35	20	24	23	27	24	55	41	8	38	65	42	4	45	38	38	1	35	38	34	7	40
chr7	72729993	72730019	27	3	0	27	16	11	0	0	0	0	0	1	1	0	0	0	0	0	0	7	5	2	2	1	0	5	0	1	0	0	0	0	0	0	0	0	0	0
chr7	72730021	72730930	910	3	0	910	578	332	107	28	58	44	31	11	27	38	75	16	38	22	24	16	20	22	37	12	1	21	21	12	0	43	12	6	1	13	37	47	2	66
chr7	72730932	72731393	462	3	0	462	301	161	69	9	21	24	16	8	18	19	20	11	13	12	17	12	10	21	15	9	2	14	14	3	0	16	11	8	1	11	21	13	1	21
chr7	72731394	72731681	288	3	0	288	196	92	51	14	13	11	14	11	7	11	10	2	5	6	13	10	3	14	17	9	0	10	12	4	0	4	3	3	0	6	11	4	0	8
chr7	72731683	72731714	32	3	0	32	13	19	1	0	1	1	1	1	3	0	0	0	2	1	1	1	0	0	1	0	0	1	2	2	0	3	1	2	0	2	1	2	0	0
chr7	72731716	72732078	363	3	0	363	201	162	32	11	13	15	14	15	18	3	9	7	14	10	16	8	8	8	11	11	6	13	14	6	3	17	14	11	2	12	11	13	5	11
chr7	72732079	72733159	1081	3	0	1081	738	343	132	51	42	67	54	20	36	33	50	20	17	36	56	33	33	56	58	25	3	38	32	10	2	20	15	6	0	11	38	23	3	59
chr7	72733174	72734268	1095	3	0	1095	613	482	102	26	32	52	44	49	48	32	41	12	37	34	26	21	21	34	49	27	4	29	46	31	13	45	35	40	13	26	43	37	6	38
chr7	72734269	72734813	545	3	0	545	363	182	71	29	14	36	35	13	23	15	23	11	5	17	21	11	8	30	35	16	2	11	14	8	0	15	15	3	0	6	22	10	6	18
chr7	72734815	72734845	31	3	0	31	22	9	4	2	2	0	3	0	0	1	2	0	1	0	0	2	1	3	2	0	0	1	0	0	0	0	1	0	0	1	1	0	0	2
chr7	72734850	72735569	720	3	0	720	415	305	43	19	24	40	32	27	33	25	24	11	23	24	26	11	16	35	23	14	5	27	34	15	3	26	26	24	4	22	34	25	2	21
chr7	72735571	72735862	292	3	0	292	144	148	26	4	12	7	14	10	19	0	4	5	16	11	4	5	3	2	5	5	1	13	16	8	3	17	11	19	3	11	11	12	3	10
chr7	72735863	72735882	20	3	0	20	18	2	14	0	0	0	0	0	0	0	0	1	0	0	1	0	1	0	0	0	0	0	0	0	0	0	0	0	0	0	0	0	0	1
chr7	72735883	72735892	10	3	0	10	6	4	0	0	0	0	0	1	0	1	1	0	0	0	0	1	0	1	1	1	0	0	0	0	0	0	0	0	0	0	1	0	0	0
chr7	72735894	72737787	1894	3	0	1894	1193	701	162	60	87	114	82	41	66	71	81	30	57	46	98	59	55	83	88	35	7	60	55	26	6	60	55	33	8	54	62	53	7	91
chr7	72737788	72738088	301	3	0	301	140	161	25	4	6	6	6	16	16	4	7	4	18	9	4	4	7	3	5	10	4	9	18	8	8	15	8	18	7	13	11	13	3	10
chr7	72738089	72738914	826	3	0	826	443	383	62	24	21	29	33	27	44	21	21	17	38	20	22	15	25	22	32	23	4	24	36	25	6	35	30	29	10	33	27	25	8	36
chr7	72738922	72740405	1484	3	0	1484	787	697	92	34	46	54	44	63	75	42	34	21	70	35	55	39	41	41	50	47	11	49	67	35	17	74	52	67	13	54	55	43	7	55
chr7	72740407	72740467	61	3	0	61	38	23	12	1	5	2	3	0	3	1	4	3	2	1	0	0	0	0	2	0	0	2	2	1	0	0	2	0	1	2	1	2	1	6
chr7	72740470	72740733	264	3	0	264	179	85	47	11	11	14	12	4	10	6	11	5	12	5	14	2	5	9	10	4	0	8	5	4	0	5	5	1	0	10	12	5	0	15
chr7	72740734	72743524	2791	3	0	2791	1723	1068	239	94	125	151	127	72	96	106	119	58	89	70	125	59	75	117	118	55	15	95	105	58	9	72	69	57	7	71	109	74	7	146
chr7	72743526	72743571	46	3	0	46	25	21	2	2	4	1	1	2	2	1	3	0	0	0	2	2	2	0	1	2	0	3	2	2	0	2	2	1	0	2	1	1	0	1
chr7	72743573	72744021	449	3	0	449	233	216	41	13	13	17	19	21	21	10	15	4	21	8	9	9	9	3	13	17	2	13	25	18	5	17	17	19	4	16	16	11	3	18
chr7	72744022	72744551	530	3	0	530	341	189	57	15	21	30	23	22	18	15	15	11	14	19	28	13	14	25	30	12	2	17	19	5	1	6	11	4	2	21	18	10	7	23
chr7	72744552	72745849	1298	3	0	1298	767	531	90	40	47	59	56	35	54	54	44	26	51	42	46	37	35	50	50	31	9	48	44	28	1	48	45	19	3	41	60	43	11	49
chr7	72745854	72746865	1012	3	0	1012	585	427	66	29	43	38	37	50	40	29	36	27	36	23	37	28	35	30	56	27	5	45	28	15	6	44	33	20	5	20	40	31	6	45
chr7	72746867	72746897	31	3	0	31	19	12	2	1	2	1	0	1	0	4	3	0	2	1	0	0	0	0	2	0	0	0	1	0	0	1	1	0	0	1	1	2	0	3
chr7	72746899	72748157	1259	3	0	1259	768	491	129	42	44	68	55	36	47	44	49	30	35	32	50	34	30	42	63	27	8	44	48	31	12	29	23	26	5	28	48	36	6	56
chr7	72748162	72748185	24	3	0	24	8	16	0	0	0	1	0	0	2	1	1	0	3	0	0	0	0	0	0	0	0	0	1	1	0	3	1	3	0	1	1	2	0	1
chr7	72748187	72748477	291	3	0	291	169	122	29	6	10	17	16	8	16	7	13	7	10	5	4	5	7	8	13	6	0	7	7	1	2	12	15	8	4	11	12	8	2	13
chr7	72748479	72748509	31	3	0	31	20	11	2	2	0	1	1	2	1	1	1	0	1	0	1	3	1	2	3	1	0	2	1	0	0	1	0	0	0	0	1	1	0	0
chr7	72748511	72748922	412	3	0	412	274	138	37	13	19	29	19	3	11	20	19	8	12	14	23	8	16	23	11	9	0	12	11	4	0	11	13	4	0	9	17	9	0	26
chr7	72748930	72749773	844	3	0	844	519	325	89	24	33	55	35	23	29	18	39	8	29	25	38	16	19	38	18	18	5	29	29	21	9	26	18	25	5	20	40	21	5	35
chr7	72749774	72749912	139	3	0	139	97	42	16	5	4	15	6	0	5	7	9	1	5	4	9	4	4	2	5	2	2	1	1	0	0	3	4	0	0	4	7	2	0	10
chr7	72749913	72750001	89	3	0	89	53	36	17	1	2	1	5	3	2	3	0	4	7	3	0	1	2	1	3	2	0	4	2	2	0	4	0	1	0	3	8	4	0	2
chr7	72750003	72751041	1039	3	0	1039	642	397	92	29	46	67	53	25	37	41	52	17	24	33	37	25	21	43	33	24	8	31	39	27	1	28	30	16	2	30	53	29	5	39
chr7	72751044	72752015	972	3	0	972	549	423	64	23	35	48	40	30	53	28	39	27	37	30	28	20	24	22	37	26	6	31	42	21	4	37	23	26	4	32	49	31	4	49
chr7	72752026	72752125	100	3	0	100	39	61	1	0	4	0	3	5	7	1	1	4	6	1	0	2	1	2	3	5	0	3	10	13	0	4	2	5	0	3	1	3	0	8
chr7	72752127	72752155	29	3	0	29	12	17	0	1	1	0	2	2	1	1	0	0	1	0	0	0	2	0	1	1	0	1	3	2	0	1	2	2	0	2	0	0	0	1
chr7	72752157	72752317	161	3	0	161	78	83	5	2	7	5	3	6	13	1	7	4	9	5	4	1	1	4	5	2	1	5	8	9	0	9	5	8	0	5	5	7	3	10
chr7	72752319	72752732	414	3	0	414	231	183	28	11	12	20	15	15	17	10	12	6	21	10	16	9	9	18	15	12	2	12	18	9	6	18	11	16	3	12	13	14	5	17
chr7	72752733	72753480	748	3	0	748	521	227	97	32	27	58	36	8	23	38	34	12	12	22	47	18	17	38	34	10	0	26	17	6	1	9	14	6	5	19	40	11	4	25
chr7	72753481	72753710	230	3	0	230	117	113	23	5	6	7	10	12	17	0	6	3	10	4	3	4	4	1	7	8	2	7	13	6	3	9	11	12	1	10	8	5	0	11
chr7	72753712	72753734	23	3	0	23	9	14	0	0	0	0	0	2	1	1	0	0	2	3	0	0	0	0	0	1	1	0	2	1	0	0	0	1	0	1	2	1	1	1
chr7	72753736	72756202	2467	3	0	2467	1381	1086	168	69	88	103	89	85	122	78	71	48	94	57	99	51	58	100	94	52	17	90	107	61	20	92	94	96	15	77	79	70	18	103
chr7	72756203	72756683	481	3	0	481	249	232	40	9	8	21	10	14	31	9	12	12	24	10	17	10	9	12	9	17	4	15	21	13	10	23	15	22	7	17	19	15	7	17
chr7	72756689	72757370	682	3	0	682	367	315	37	21	17	25	28	18	33	25	18	12	30	25	17	20	16	25	31	21	7	12	28	10	5	36	20	24	15	19	25	23	9	28
chr7	72757371	72759241	1871	3	0	1871	1078	793	161	59	77	78	76	57	79	61	73	36	69	43	64	45	47	52	81	48	9	59	79	35	12	72	49	67	11	49	63	48	18	92
chr7	72759243	72759259	17	3	0	17	7	10	0	0	2	0	1	0	0	0	1	0	1	2	0	0	0	0	0	0	0	0	0	1	0	0	0	1	1	2	1	0	1	1
chr7	72759261	72759462	202	3	0	202	118	84	15	4	4	16	6	8	9	7	10	3	13	6	8	3	3	2	5	8	1	4	10	2	1	6	6	3	0	5	9	7	2	14
chr7	72759463	72761590	2128	3	0	2128	1438	690	236	83	82	145	89	43	61	81	75	33	47	54	147	45	72	144	89	38	7	70	52	23	5	57	53	43	0	44	80	33	4	91
chr7	72761591	72763281	1691	3	0	1691	1112	579	227	63	81	90	61	38	49	54	74	19	53	43	97	44	46	71	61	40	6	57	41	22	5	58	36	30	5	29	64	34	6	85
chr7	72763283	72763331	49	3	0	49	32	17	15	0	2	0	3	1	1	1	0	2	3	1	0	0	2	0	1	1	0	1	1	0	0	2	1	1	0	2	2	1	0	3
chr7	72763333	72764097	765	3	0	765	478	287	61	19	25	53	27	23	29	27	27	11	20	29	43	18	16	49	25	18	2	26	29	13	5	25	13	24	7	12	38	17	4	28
chr7	72764098	72764395	298	3	0	298	176	122	25	17	13	13	13	5	16	8	16	7	9	8	14	4	3	5	13	4	0	15	8	6	5	5	9	5	4	6	11	9	5	15
chr7	72764402	72766613	2212	3	0	2212	1316	896	174	74	86	118	91	70	92	53	81	42	69	62	106	61	54	83	78	62	21	86	94	37	17	70	40	63	15	58	94	55	17	87
chr7	72766614	72767353	740	3	0	740	427	313	81	21	30	29	36	23	38	17	19	16	27	24	24	17	10	13	32	22	4	19	26	13	5	36	24	25	4	17	32	20	1	33
chr7	72767355	72767375	21	3	0	21	9	12	1	0	2	0	2	1	1	0	0	1	1	0	0	0	0	0	0	1	0	1	3	1	0	0	1	0	0	1	0	1	0	1
chr7	72767377	72768658	1282	3	0	1282	706	576	135	34	33	48	44	44	57	38	32	27	51	31	39	24	31	37	45	39	7	38	57	39	17	56	34	55	15	32	47	35	13	46
chr7	72768660	72768786	127	3	0	127	51	76	0	2	2	4	4	2	9	5	4	2	10	3	0	2	2	0	2	1	0	5	7	5	4	5	8	9	4	6	3	6	2	7
chr7	72768787	72770427	1641	3	0	1641	974	667	136	54	54	70	55	75	70	61	60	27	55	46	62	37	46	65	81	40	11	61	67	26	5	46	55	40	11	36	58	38	9	82
chr7	72770428	72770953	526	3	0	526	357	169	70	18	22	29	23	17	11	35	23	8	10	6	22	23	13	26	27	12	1	26	14	2	1	6	19	5	0	8	26	5	0	16
chr7	72770960	72771115	156	3	0	156	80	76	19	2	2	3	2	8	11	1	4	2	12	6	2	1	1	2	1	4	2	6	9	5	0	7	5	7	1	5	8	5	3	8
chr7	72771118	72771154	37	3	0	37	24	13	6	1	0	3	1	1	1	0	1	0	0	1	2	1	3	2	1	1	1	1	1	1	1	1	0	1	0	1	1	0	0	1
chr7	72771156	72771712	557	3	0	557	358	199	57	17	15	43	25	16	16	16	17	8	13	15	35	10	21	32	16	11	2	22	19	14	2	16	15	12	3	14	23	14	3	13
chr7	72771713	72774337	2625	3	0	2625	1576	1049	224	79	95	126	104	72	105	105	104	51	108	77	93	75	65	91	112	60	12	93	102	52	12	78	61	54	9	64	111	78	13	138
chr7	72774339	72774381	43	3	0	43	27	16	3	2	4	2	2	0	1	1	1	1	1	0	4	1	0	3	1	1	0	2	1	3	0	2	0	0	0	2	2	1	0	0
chr7	72774382	72774517	136	3	0	136	81	55	24	3	6	2	3	5	8	0	0	2	5	5	7	1	0	8	3	3	1	4	7	3	1	7	3	7	0	4	3	5	0	4
chr7	72774519	72774548	30	3	0	30	14	16	2	2	0	0	0	1	1	1	0	1	1	1	2	1	1	0	1	3	1	0	2	1	1	1	0	1	0	1	0	1	0	1
chr7	72774551	72776556	2006	3	0	2006	1240	766	183	59	79	100	69	53	84	72	81	37	71	55	88	61	58	89	77	43	8	82	64	22	8	67	46	45	9	50	91	51	9	93
chr7	72776557	72776671	115	3	0	115	89	26	37	5	4	6	6	2	0	2	0	0	2	0	8	3	5	8	4	2	0	4	2	1	0	2	3	2	0	3	0	0	0	2
chr7	72776676	72778933	2258	3	0	2258	1373	885	181	71	84	127	78	63	96	75	98	35	71	63	105	46	64	115	88	58	7	62	81	48	10	78	59	55	10	62	84	56	13	113
chr7	72778935	72779712	778	3	0	778	420	358	46	20	17	31	20	31	43	22	17	16	34	22	32	20	17	31	31	23	7	26	35	28	7	36	19	33	4	20	31	22	6	29
chr7	72779713	72781524	1812	3	0	1812	1096	716	160	56	74	97	80	44	66	67	62	35	66	53	84	40	45	65	69	39	7	60	63	39	7	62	48	47	10	49	78	46	12	80
chr7	72781526	72781594	69	3	0	69	40	29	8	0	5	1	2	3	4	1	3	0	1	1	1	2	1	5	2	0	0	3	5	1	0	1	2	5	0	5	2	1	0	2
chr7	72781596	72782479	884	3	0	884	512	372	83	36	30	32	37	29	37	30	25	17	28	19	36	20	21	31	36	25	7	34	42	18	7	33	26	28	2	24	30	29	6	24
chr7	72782482	72783383	902	3	0	902	484	418	63	24	28	38	34	29	48	29	37	21	33	23	20	12	28	16	24	32	6	24	49	18	7	42	27	42	6	27	40	24	5	44
chr7	72783384	72784144	761	3	0	761	506	255	84	26	32	57	26	19	28	26	29	13	17	16	59	18	20	35	22	16	6	32	24	10	2	13	22	7	2	23	31	16	0	28
chr7	72784145	72786114	1970	3	0	1970	1151	819	106	50	61	114	56	61	81	55	64	31	87	53	105	42	67	116	69	41	2	72	73	59	16	76	42	62	17	55	69	62	11	93
chr7	72786119	72786591	473	3	0	473	331	142	96	15	22	26	17	7	11	22	24	2	8	17	20	10	11	21	15	7	1	11	16	10	0	5	6	7	0	13	20	7	1	23
chr7	72786594	72786640	47	3	0	47	18	29	0	0	0	0	0	4	4	0	0	2	4	1	0	0	1	1	1	2	1	2	3	2	0	2	2	2	2	2	2	1	1	3
chr7	72786642	72787462	821	3	0	821	454	367	60	17	26	40	33	28	33	30	19	16	33	23	31	20	24	21	28	25	7	21	34	24	8	32	29	26	6	35	33	23	7	27
chr7	72787463	72787808	346	3	0	346	181	165	32	5	11	10	13	16	17	7	4	9	14	13	8	8	6	6	8	12	6	12	20	8	2	17	11	15	4	10	14	12	4	10
chr7	72787809	72787973	165	3	0	165	102	63	9	6	9	7	6	2	5	7	7	4	4	6	9	6	5	10	8	5	0	4	5	2	2	6	1	1	1	5	5	7	1	8
chr7	72787974	72789963	1990	3	0	1990	1084	906	172	48	57	78	78	65	93	61	48	41	93	52	57	40	48	51	71	50	8	65	91	56	26	79	55	78	15	78	80	68	17	69
chr7	72789973	72791413	1441	3	0	1441	720	721	64	30	45	48	51	52	88	49	38	42	61	34	34	21	30	33	47	48	7	42	81	63	10	69	53	61	11	53	59	51	4	60
chr7	72791417	72796244	4828	3	0	4828	2677	2151	418	142	153	201	216	137	224	142	149	93	219	147	130	109	109	86	198	109	32	142	193	133	47	190	148	154	50	146	180	167	35	227
chr7	72796245	72796900	656	3	0	656	346	310	46	17	20	27	25	19	33	18	19	14	29	18	21	14	10	15	16	24	5	19	34	19	8	28	18	26	12	20	27	19	9	25
chr7	72796916	72796978	63	3	0	63	31	32	3	0	0	3	1	2	5	1	0	0	3	1	2	5	3	1	2	1	2	2	3	2	0	4	2	4	0	5	2	2	0	0
chr7	72796980	72798011	1032	3	0	1032	566	466	57	29	36	30	33	36	61	35	39	29	36	38	24	17	27	37	35	35	3	38	48	29	5	45	29	27	1	29	53	36	5	48
chr7	72798017	72798047	31	3	0	31	15	16	0	0	0	0	0	13	0	0	0	0	0	0	0	0	0	0	13	0	1	0	0	0	0	0	1	0	1	0	0	0	0	0
chr7	72798048	72798121	74	3	0	74	53	21	11	3	3	4	2	1	1	4	0	2	1	1	8	1	1	9	2	0	2	3	0	0	1	0	5	1	1	1	1	1	0	2
chr7	72798123	72799151	1029	3	0	1029	558	471	75	27	25	42	37	34	52	44	27	19	42	28	30	25	15	36	36	31	7	31	49	20	14	36	42	41	12	34	40	28	15	33
chr7	72799154	72799455	302	3	0	302	152	150	36	6	7	6	13	8	15	10	4	7	16	6	3	5	6	2	7	10	1	8	14	10	6	11	15	16	5	14	11	5	6	11
chr7	72799457	72799478	22	3	0	22	12	10	5	0	1	0	0	0	3	0	0	2	0	0	0	0	0	0	0	1	0	1	1	0	0	2	1	1	0	0	1	0	0	1
chr7	72799480	72800707	1228	3	0	1228	723	505	112	25	40	60	41	37	49	45	38	28	47	38	47	25	33	57	42	28	10	35	45	27	10	41	32	35	9	40	53	33	11	53
chr7	72800710	72801656	947	3	0	947	584	363	98	27	23	54	26	28	31	30	30	18	33	27	47	26	43	41	31	29	4	35	34	13	8	39	12	22	5	23	38	30	7	33
chr7	72801658	72801703	46	3	0	46	30	16	3	0	1	4	1	1	3	3	3	0	0	4	1	2	2	0	0	0	0	3	1	0	0	1	4	0	0	0	3	2	0	2
chr7	72801705	72802054	350	3	0	350	208	142	28	10	12	18	13	14	15	15	13	5	7	15	13	7	10	12	18	7	0	10	19	12	0	7	6	9	1	12	14	10	1	15
chr7	72802056	72802088	33	3	0	33	22	11	2	0	0	2	0	2	1	3	0	0	1	2	2	1	2	3	2	0	0	1	0	0	0	0	0	0	0	4	3	0	0	0
chr7	72802090	72802622	533	3	0	533	302	231	40	13	24	27	23	18	16	20	29	9	32	13	12	9	9	8	19	11	4	15	22	16	2	18	10	13	2	15	26	19	4	33
chr7	72802624	72803485	862	3	0	862	452	410	44	29	26	23	32	33	41	33	25	23	36	18	22	22	28	16	42	25	10	29	37	27	3	38	19	31	13	33	41	22	8	31
chr7	72803486	72804516	1031	2	0	1031	556	475	71	33	28	35	43	35	55	33	23	22	54	33	30	19	18	23	38	30	12	29	40	21	10	45	32	38	10	37	56	27	4	45
chr7	72804518	72804547	30	2	0	30	24	6	10	1	1	3	1	0	0	1	0	0	1	0	3	0	0	1	0	0	0	1	1	1	0	0	1	0	0	1	0	1	0	0
chr7	72804549	72805248	700	2	0	700	379	321	48	19	28	20	29	23	37	21	19	13	32	24	19	13	19	13	21	10	4	33	30	19	2	32	27	26	1	28	32	28	5	23
chr7	72805249	72806214	966	2	0	966	511	455	55	23	38	34	38	34	49	39	33	19	44	31	24	15	19	14	32	21	6	32	42	27	9	44	35	40	6	33	52	34	1	41
chr7	72806216	72806237	22	2	0	22	11	11	2	2	0	0	2	5	0	0	0	0	0	0	0	0	0	0	5	1	0	0	2	1	0	0	0	0	0	0	0	0	0	0
chr7	72806239	72808529	2291	2	0	2291	1239	1052	174	59	92	90	98	81	97	66	76	39	111	57	68	31	44	55	66	59	21	63	102	72	16	97	82	90	18	82	92	66	23	102
chr7	72808530	72809041	512	2	0	512	257	255	45	13	13	16	17	19	22	17	17	11	27	6	9	12	10	1	16	17	5	17	22	19	13	26	18	23	4	13	19	21	6	16
chr7	72809044	72809670	627	2	0	627	316	311	51	12	11	21	16	22	37	14	17	14	33	20	11	9	21	5	15	16	6	20	27	20	7	36	16	31	8	25	31	23	9	21
chr7	72809671	72809991	321	2	0	321	160	161	25	7	6	9	8	15	21	9	5	4	17	10	8	5	5	4	7	12	2	10	18	12	3	15	13	14	3	16	15	10	2	9
chr7	72809994	72810028	35	2	0	35	25	10	16	2	1	0	1	1	1	0	2	0	1	0	0	0	0	0	2	0	0	0	1	0	0	1	0	1	0	0	0	1	0	2
chr7	72810030	72810386	357	2	0	357	192	165	19	9	6	16	14	26	14	12	8	2	15	9	9	10	12	11	20	8	5	14	17	9	4	8	14	15	1	14	15	7	1	11
chr7	72810393	72811171	779	2	0	779	432	347	54	19	27	35	31	35	28	25	32	14	20	20	18	24	18	30	38	26	9	19	31	18	12	32	22	26	10	18	29	23	9	25
chr7	72811176	72811291	116	2	0	116	57	59	15	1	5	1	4	4	6	2	3	2	9	3	0	1	1	0	2	1	1	4	6	2	1	3	4	6	5	5	3	3	3	8
chr7	72811299	72811713	415	2	0	415	225	190	26	14	19	13	14	17	21	11	21	5	20	12	10	6	4	10	14	14	4	10	22	9	3	19	9	13	1	13	18	17	2	22
chr7	72811715	72811776	62	2	0	62	33	29	7	3	1	1	2	2	3	0	1	1	2	0	2	2	5	1	2	1	2	3	1	2	1	3	2	3	1	2	1	0	0	3
chr7	72811778	72811919	142	2	0	142	57	85	3	3	3	1	2	9	13	1	4	1	8	2	1	2	3	0	4	2	1	8	8	7	1	9	11	10	1	8	2	6	3	3
chr7	72811921	72812139	219	2	0	219	156	63	45	8	7	18	7	4	7	5	7	0	4	9	18	4	4	8	9	3	0	4	9	5	0	4	4	2	0	2	0	8	0	12
chr7	72812140	72830538	18399	2	0	18399	10006	8393	1428	486	683	724	666	622	841	504	595	348	754	486	633	375	414	446	598	522	133	578	799	570	199	773	550	677	206	604	686	572	188	737
chr7	72830539	72832869	2331	2	0	2331	1377	954	223	83	82	109	101	76	87	80	78	41	70	59	95	53	52	88	96	66	16	75	93	73	16	81	66	57	13	52	89	69	7	83
chr7	72832878	72834049	1172	2	0	1172	725	447	125	34	53	62	50	31	37	45	58	22	33	27	41	30	31	46	44	30	11	32	36	14	9	29	31	27	8	36	52	17	12	57
chr7	72834051	72837879	3829	2	0	3829	2217	1612	320	107	136	187	141	136	166	113	129	73	135	103	161	90	100	119	152	92	32	129	140	90	26	140	110	104	33	123	154	110	31	145
chr7	72837882	72837898	17	2	0	17	9	8	2	0	0	2	1	1	0	0	1	0	2	0	0	0	0	0	0	0	0	1	1	0	0	0	0	1	0	1	1	1	0	0
chr7	72837899	72846110	8212	2	0	8212	4537	3675	633	215	269	371	295	266	424	232	276	151	333	205	283	178	196	208	276	219	51	264	339	225	75	341	282	282	73	283	320	254	57	334
chr7	72846111	72848434	2324	2	0	2324	1315	1009	221	67	73	97	99	80	109	58	57	36	99	59	82	52	57	67	87	65	12	71	99	56	18	96	77	87	14	76	83	61	12	95
chr7	72848436	72848455	20	2	0	20	14	6	0	1	0	0	1	0	1	1	0	0	0	1	1	2	1	4	2	0	0	1	0	0	0	0	0	0	0	1	1	0	0	0
chr7	72848456	72848572	117	2	0	117	82	35	15	0	7	12	6	0	1	4	4	2	4	6	8	2	4	6	1	2	0	1	3	0	0	2	3	2	1	4	4	1	1	9
chr7	72848575	72854574	6000	2	0	6000	3452	2548	465	189	181	289	260	191	257	222	215	108	237	181	185	133	152	186	229	182	30	180	245	151	42	236	181	160	19	152	275	181	25	259
chr7	72854594	72856777	2184	2	0	2184	1064	1120	123	53	73	58	80	91	138	51	60	40	107	51	44	31	30	32	66	66	19	64	127	84	15	119	90	111	19	82	77	84	13	84
chr7	72856789	72862056	5268	2	0	5268	2849	2419	398	113	161	207	182	202	264	162	140	108	234	139	159	99	115	165	186	148	36	152	239	153	48	230	189	211	35	171	196	158	45	221
chr7	72862057	72864042	1986	2	0	1986	1115	871	124	56	62	96	71	69	80	65	80	39	83	61	62	32	48	86	67	60	15	54	82	65	15	85	53	44	17	50	83	79	17	84
chr7	72864058	72865904	1847	2	0	1847	874	973	72	52	65	38	66	63	100	50	64	51	107	37	25	23	33	27	62	60	16	51	102	76	25	103	59	71	19	68	56	99	22	83
chr7	72865905	72869633	3729	2	0	3729	1786	1943	200	77	123	84	111	138	217	97	120	92	221	103	54	45	59	44	119	103	23	107	191	180	48	202	115	152	28	139	138	186	39	172
chr7	72869634	72873883	4250	2	0	4250	2169	2081	244	104	144	116	146	160	229	132	143	100	229	125	76	71	78	71	137	128	33	137	224	149	34	184	129	138	36	154	177	176	39	205
chr7	72873884	72875398	1515	2	0	1515	832	683	171	40	61	50	62	44	82	40	55	25	60	36	34	25	17	28	48	43	2	41	79	54	7	67	48	58	9	51	53	52	10	61
chr7	72875400	72876661	1262	2	0	1262	670	592	93	29	33	44	42	49	61	33	30	26	61	36	35	24	40	33	40	35	12	41	59	30	11	61	42	52	12	44	44	44	15	49
chr7	72876662	72880925	4264	2	0	4264	2107	2157	232	102	148	123	115	142	211	106	135	108	202	105	123	64	95	94	131	122	43	120	177	199	90	197	125	176	89	138	141	166	42	201
chr7	72880927	72884466	3540	2	0	3540	2034	1506	303	101	139	147	142	117	158	119	126	73	127	93	120	75	81	111	130	84	29	123	133	77	23	142	119	112	20	95	154	102	18	145
chr7	72884498	72894608	10111	2	0	10111	5953	4158	788	327	397	470	403	318	414	345	377	169	355	290	414	219	202	463	428	228	71	306	386	255	71	343	283	262	56	277	384	310	56	442
chr7	72894610	72894642	33	2	0	33	17	16	0	0	0	0	0	0	0	1	0	0	13	1	0	0	0	0	0	0	0	0	0	0	0	1	0	0	0	0	1	1	0	13
chr7	72894646	72898795	4150	2	0	4150	2191	1959	258	103	140	136	140	163	226	121	121	95	213	102	118	67	92	95	128	122	27	151	210	116	21	185	148	144	30	146	164	150	26	190
chr7	72898796	72898979	184	2	0	184	115	69	37	8	8	5	7	4	6	3	10	4	10	2	3	2	1	4	9	2	2	5	5	3	2	5	2	4	2	2	4	6	2	13
chr7	72898981	72924106	25126	2	0	25126	13845	11281	1924	689	873	964	914	870	1255	745	848	514	1031	651	765	514	585	702	946	653	163	825	1061	743	210	981	817	816	208	813	960	783	177	1124
chr7	72924107	72938363	14257	2	0	14257	7970	6287	1052	389	554	584	496	443	621	435	501	318	503	387	531	350	361	444	543	372	127	458	561	343	176	543	375	438	198	443	516	470	129	594
chr7	72938364	72952321	13958	2	0	13958	6435	7523	539	327	534	299	419	536	863	355	476	302	626	272	266	217	229	174	454	438	135	355	686	714	252	741	574	677	195	626	459	564	122	530
chr7	72952322	72952805	484	2	0	484	246	238	30	8	16	13	11	19	28	16	12	15	30	12	13	7	11	3	11	15	4	19	23	11	5	25	19	16	3	18	21	22	2	24
chr7	72952807	72955087	2281	2	0	2281	1017	1264	85	60	84	36	53	99	100	57	84	48	95	49	42	46	50	28	75	81	29	68	96	143	72	101	72	90	72	88	65	98	41	72
chr7	72955096	72956968	1873	2	0	1873	942	931	93	51	55	50	62	85	97	49	46	45	86	50	49	31	42	49	62	71	16	63	110	64	21	93	56	78	17	53	65	75	16	71
chr7	72956969	72967148	10180	3	0	10180	4672	5508	432	211	304	221	285	426	641	257	280	240	544	233	170	121	166	139	315	319	75	289	550	524	156	569	383	486	131	414	361	470	82	384
chr7	72967149	72967189	41	3	0	41	15	26	0	0	0	0	0	5	3	0	0	4	2	0	0	0	0	0	4	2	1	1	1	2	1	3	2	1	0	1	1	2	2	1
chr7	72967190	72974545	7356	3	0	7356	3576	3780	365	166	250	225	233	284	382	199	222	135	368	174	186	138	128	120	222	210	91	200	341	340	104	367	265	330	118	293	270	272	87	269
chr7	72974547	72984831	10285	3	0	10285	4814	5471	564	234	306	252	321	393	615	232	278	230	536	208	194	136	180	134	285	333	63	312	565	541	153	548	363	492	154	409	348	441	96	367
chr7	72984840	72987402	2563	3	0	2563	1271	1292	189	64	76	55	94	94	149	66	61	58	137	64	41	42	45	34	76	82	18	82	136	97	27	124	92	117	27	94	99	88	26	107
chr7	72987405	72990970	3566	3	0	3566	1649	1917	160	61	100	96	84	138	227	98	112	75	170	81	61	40	59	86	103	106	26	79	196	224	50	210	120	192	32	140	128	159	24	127
chr7	72990971	72995935	4965	4	0	4965	2583	2382	395	106	168	173	178	214	225	123	134	87	259	129	135	70	102	83	152	158	30	137	240	182	57	245	166	191	39	176	182	193	38	196
chr7	72995942	72996576	635	4	0	635	376	259	50	17	18	40	22	16	30	19	19	11	22	20	33	10	10	37	17	17	5	15	27	17	2	24	15	20	8	19	28	16	7	22
chr7	72996591	72999752	3162	4	0	3162	1558	1604	160	71	114	72	91	154	159	86	93	80	179	69	73	53	61	43	132	97	32	97	156	127	29	178	95	116	28	94	107	151	19	144
chr7	72999754	72999768	15	4	0	15	7	8	0	0	2	0	1	1	0	0	1	1	1	0	0	0	0	0	0	1	0	0	0	0	0	1	0	0	0	1	2	0	0	1
chr7	72999770	73005803	6034	4	0	6034	3277	2757	470	153	210	228	197	216	257	179	193	117	243	143	201	133	122	214	209	178	55	177	241	180	107	228	174	223	95	193	225	175	61	235
chr7	73005804	73005828	25	5	0	25	9	16	1	2	0	0	1	1	1	0	1	1	1	0	0	0	0	0	1	2	1	0	2	0	2	0	0	1	2	1	0	1	0	1
chr7	73005829	73007401	1573	4	0	1573	770	803	116	27	43	62	44	53	70	36	48	39	70	30	40	26	32	34	44	42	26	33	67	65	45	66	50	76	41	59	42	61	28	56
chr7	73007402	73007438	37	5	0	37	24	13	1	2	2	2	1	1	1	2	3	0	2	1	2	1	2	1	2	0	0	1	0	0	0	0	1	0	0	1	2	0	0	4
chr7	73007523	73008597	1075	4	0	1075	571	504	49	30	32	47	31	44	54	25	32	20	49	33	46	15	30	33	32	26	9	42	47	41	12	43	33	40	10	35	42	36	9	46
chr7	73008600	73012297	3698	4	0	3698	2296	1402	364	113	136	212	147	103	144	99	122	58	111	95	191	98	102	199	132	90	21	129	135	70	22	107	97	87	18	108	129	87	21	149
chr7	73012298	73012371	74	4	0	74	68	6	0	0	0	0	0	0	0	6	0	0	0	0	0	6	0	54	6	0	0	0	0	0	0	0	0	0	0	0	0	0	0	0
chr7	73012373	73024072	11700	4	0	11700	6261	5439	780	306	395	422	392	437	600	337	395	265	509	314	337	205	223	343	395	359	99	360	534	385	110	498	364	355	118	379	473	428	91	490
chr7	73024073	73027100	3028	4	0	3028	1447	1581	158	61	95	67	92	112	179	78	88	84	190	84	44	34	43	37	103	82	24	82	151	152	36	161	89	111	27	117	118	155	25	147
chr7	73031700	73031738	39	7	0	39	16	23	0	1	0	1	2	2	4	0	0	0	3	1	0	2	0	0	2	2	0	1	2	2	1	0	3	1	0	3	1	0	1	2
chr7	73033174	73033226	53	7	0	53	40	13	5	2	3	5	0	0	0	4	1	1	2	1	8	3	0	3	2	2	0	2	0	0	0	2	0	0	0	0	2	0	2	1
chr7	73035369	73035435	67	6	0	67	42	25	6	4	2	4	3	3	1	2	3	0	0	1	4	3	2	3	5	2	1	1	1	2	0	4	1	2	0	1	2	1	1	0
chr7	73039706	73039748	43	7	0	43	22	21	5	4	2	0	3	0	0	0	2	1	3	0	1	0	1	0	0	2	0	3	1	1	2	1	1	2	0	1	1	0	3	1
chr7	73055966	73055993	28	8	0	28	9	19	0	0	0	0	0	1	2	1	0	2	2	1	0	0	0	0	0	2	0	1	2	3	1	3	0	0	0	0	2	3	0	0
chr7	73059845	73059883	39	8	0	39	16	23	0	1	0	1	2	2	4	0	0	0	3	1	0	2	0	0	2	2	0	1	2	2	1	0	3	1	0	3	1	0	1	2
chr7	73066886	73067343	458	8	0	458	248	210	44	17	16	13	22	16	20	6	13	7	21	12	12	12	11	5	11	16	6	19	18	9	7	18	18	14	7	13	17	13	6	17
chr7	73067350	73068315	966	8	0	966	667	299	103	35	42	73	32	25	21	32	44	12	21	25	74	23	36	68	37	13	4	41	21	14	3	14	15	11	1	23	37	14	8	42
chr7	73068525	73068576	52	6	0	52	48	4	0	0	0	0	0	0	0	4	0	0	0	0	0	4	0	38	4	0	0	0	0	0	0	0	0	0	0	0	0	0	0	0
chr7	73068579	73068588	10	6	0	10	10	0	0	0	0	0	0	0	0	0	0	0	0	0	0	0	0	8	0	0	0	0	0	0	0	0	0	0	0	0	0	0	0	0
chr7	73068636	73074297	5662	8	0	5662	3026	2636	382	140	193	207	187	218	300	169	188	126	240	159	166	111	104	135	175	179	49	192	266	175	49	233	187	186	58	173	246	182	46	239
chr7	73074298	73074337	40	4	0	40	17	23	0	1	1	0	1	1	4	0	1	2	2	2	0	0	0	0	0	3	0	1	4	0	0	4	0	3	0	1	4	2	0	1
chr7	73074338	73075217	880	8	0	880	444	436	65	15	30	26	28	40	56	25	23	22	36	20	19	12	12	13	28	30	5	27	46	26	10	31	39	33	20	40	36	24	5	36
chr7	73075218	73077832	2615	8	0	2615	1596	1019	231	89	89	134	93	93	107	75	105	47	89	65	114	49	67	148	117	64	18	79	91	62	11	87	63	41	11	69	98	84	6	117
chr7	73077847	73080342	2496	8	0	2496	1176	1320	107	57	83	57	81	83	133	65	77	68	143	67	38	32	39	45	74	80	26	60	126	121	39	143	75	92	32	97	87	136	33	98
chr7	73080344	73081334	991	8	0	991	473	518	43	14	28	27	31	32	55	30	31	27	63	31	8	13	19	20	34	25	4	23	50	53	16	53	28	36	5	39	36	58	7	50
chr7	73081335	73082048	714	8	0	714	331	383	37	20	19	10	23	34	47	13	16	24	45	18	10	6	7	1	35	23	8	18	33	33	11	36	23	25	9	25	27	32	6	38
chr7	73082049	73082216	168	7	0	168	74	94	2	0	3	5	1	8	11	9	6	7	8	7	1	2	2	1	8	5	1	3	9	11	2	12	3	7	0	4	9	12	1	6
chr7	73082247	73083354	1108	7	0	1108	535	573	59	26	44	24	35	36	66	22	35	26	72	26	23	13	12	14	25	28	12	36	55	53	8	59	34	43	13	48	45	51	11	52
chr7	73083355	73083371	17	6	0	17	17	0	15	0	0	0	0	0	0	0	0	0	0	0	0	0	0	0	0	0	0	0	0	0	0	0	0	0	0	0	0	0	0	0
chr7	73083374	73083734	361	6	0	361	175	186	16	7	13	12	11	16	25	9	15	6	19	8	6	6	3	3	12	12	0	10	21	13	3	20	15	16	1	14	13	16	2	16
chr7	73083736	73083769	34	6	0	34	34	0	32	0	0	0	0	0	0	0	0	0	0	0	0	0	0	0	0	0	0	0	0	0	0	0	0	0	0	0	0	0	0	0
chr7	73083770	73085706	1937	6	0	1937	987	950	91	54	63	47	67	72	110	58	59	54	98	66	38	33	32	45	74	61	11	67	103	68	19	85	48	62	16	58	82	85	16	93
chr7	73085707	73091224	5518	4	0	5518	2817	2701	335	140	185	168	206	245	296	156	145	109	275	134	142	93	106	81	210	175	30	172	273	161	57	265	195	235	52	212	225	184	41	213
chr7	73091225	73092234	1010	5	0	1010	555	455	70	37	35	31	37	37	49	32	30	22	44	25	36	19	29	20	46	28	4	37	35	34	7	45	32	32	6	28	44	27	3	47
chr7	73092235	73092577	343	5	0	343	210	133	24	6	12	29	7	10	11	8	14	3	10	11	25	5	10	24	2	6	3	13	14	17	2	11	5	10	3	8	15	11	1	11
chr7	73092578	73092834	257	6	0	257	128	129	33	3	4	5	4	11	16	4	5	7	13	8	4	3	6	1	6	7	4	7	13	8	4	11	9	12	4	11	7	9	6	10
chr7	73092837	73094815	1979	6	0	1979	1144	835	154	55	66	106	88	62	96	50	53	36	66	53	87	52	50	69	72	58	11	64	92	46	12	69	63	61	10	68	69	53	9	77
chr7	73094817	73095012	196	6	0	196	145	51	40	6	8	19	4	0	7	3	12	3	4	5	17	3	5	9	4	2	0	6	4	1	0	5	1	1	0	2	5	7	0	11
chr7	73095013	73096470	1458	5	0	1458	947	511	147	52	59	86	55	41	41	42	57	19	41	37	86	39	47	96	52	29	10	60	39	23	10	32	33	25	8	36	55	27	12	60
chr7	73096471	73096499	29	6	0	29	24	5	0	0	0	0	0	2	0	2	0	0	0	0	0	3	0	15	5	0	0	0	0	0	0	0	0	0	0	0	0	0	0	0
chr7	73096501	73096552	52	6	0	52	47	5	0	0	0	0	0	0	0	5	0	0	0	0	0	5	0	35	5	0	0	0	0	0	0	0	0	0	0	0	0	0	0	0
chr7	73096553	73096579	27	6	0	27	24	3	0	0	0	0	0	0	0	3	0	0	0	0	0	2	0	17	3	0	0	0	0	0	0	0	0	0	0	0	0	0	0	0
chr7	73096589	73096612	24	6	0	24	22	2	0	0	0	0	0	0	0	2	0	0	0	0	0	2	0	16	2	0	0	0	0	0	0	0	0	0	0	0	0	0	0	0
chr7	73096617	73096671	55	6	0	55	51	4	0	0	0	0	0	0	0	4	0	0	0	0	0	4	0	41	4	0	0	0	0	0	0	0	0	0	0	0	0	0	0	0
chr7	73096672	73104554	7883	5	0	7883	4292	3591	578	202	266	298	266	303	410	234	253	167	328	215	249	153	145	223	267	241	61	256	358	230	65	310	257	245	85	253	331	247	55	330
chr7	73104555	73110250	5696	5	0	5696	2852	2844	289	138	180	167	184	209	302	157	195	153	301	156	105	72	105	138	205	170	50	147	271	251	71	289	162	179	48	195	214	283	51	257
chr7	73110251	73110280	30	6	0	30	18	12	1	1	1	0	0	2	0	2	0	1	1	1	2	0	3	1	1	1	0	2	2	0	0	1	0	0	0	0	1	2	0	2
chr7	73110281	73111387	1107	5	0	1107	535	572	59	26	44	24	35	36	66	22	35	26	73	26	23	13	12	14	25	28	12	36	55	52	8	58	34	43	13	48	45	50	11	53
chr7	73111388	73111762	375	5	0	375	190	185	32	7	12	12	12	16	25	9	13	6	18	8	6	6	3	3	13	13	0	9	21	15	3	20	15	16	1	14	13	15	2	15
chr7	73111763	73112106	344	5	0	344	172	172	26	6	12	5	10	18	17	6	7	6	18	11	6	7	11	4	8	14	2	13	19	15	2	19	9	16	2	11	15	10	2	15
chr7	73112107	73112134	28	6	0	28	9	19	0	0	0	0	0	1	2	1	0	2	2	1	0	0	0	0	0	2	0	1	2	3	1	3	0	0	0	0	2	3	0	0
chr7	73112135	73113720	1586	5	0	1586	827	759	84	48	51	42	58	54	91	51	51	45	78	53	32	27	21	40	66	47	9	53	84	50	15	63	39	45	13	47	65	71	13	78
chr7	73113721	73114194	474	6	0	474	224	250	30	4	7	11	12	21	26	13	5	8	33	17	6	11	12	7	10	14	5	15	25	14	7	23	19	25	10	19	18	16	8	21
chr7	73114196	73114552	357	6	0	357	200	157	39	9	11	12	12	23	17	15	15	7	12	8	3	5	3	7	19	13	2	10	16	9	4	8	17	4	2	11	15	11	2	14
chr7	73114554	73117080	2527	6	0	2527	1272	1255	179	72	65	60	87	101	146	61	63	51	137	67	46	46	58	32	88	80	24	78	130	93	21	118	84	94	20	106	93	96	25	104
chr7	73117082	73117269	188	6	0	188	85	103	11	4	3	5	7	6	10	3	2	4	12	3	4	4	5	1	6	2	3	7	7	7	7	6	8	12	6	10	5	6	3	7
chr7	73117270	73118105	836	5	0	836	456	380	70	25	26	31	27	25	48	31	23	14	31	23	32	21	12	17	36	29	0	20	43	28	5	41	26	30	3	27	26	31	4	29
chr7	73118106	73118141	36	6	0	36	13	23	0	0	1	0	1	4	4	0	0	1	1	0	0	0	0	0	2	1	0	2	3	1	0	1	4	2	1	2	0	1	1	1
chr7	73118151	73118933	783	5	0	783	441	342	72	36	19	34	36	22	48	23	30	14	30	18	22	9	16	11	25	24	1	31	46	11	2	30	17	26	2	34	41	28	5	18
chr7	73118934	73119008	75	5	0	75	41	34	3	3	4	3	3	4	1	1	3	0	5	4	3	0	1	2	0	3	2	2	3	3	0	5	1	1	0	2	5	4	0	2
chr7	73119009	73119874	866	5	0	866	448	418	69	22	30	23	28	35	45	34	29	16	46	20	19	16	8	7	27	32	8	22	50	33	4	35	30	30	7	29	35	27	5	43
chr7	73119875	73119917	43	5	0	43	20	23	0	1	1	2	0	0	4	0	2	0	3	2	2	2	0	0	1	1	0	2	1	2	1	3	1	1	0	2	1	3	2	1
chr7	73119918	73119990	73	5	0	73	38	35	6	1	0	4	1	7	3	2	1	2	1	1	3	1	3	1	4	6	0	1	8	3	0	2	0	2	0	3	1	2	0	2
chr7	73119991	73120067	77	5	0	77	29	48	1	1	2	1	2	6	5	0	1	0	5	3	1	1	0	0	3	2	0	3	4	3	2	6	2	8	2	2	4	3	1	1
chr7	73120068	73123763	3696	5	0	3696	1739	1957	176	91	95	74	110	153	258	110	96	73	196	79	54	56	71	47	121	131	13	108	233	177	26	196	146	182	16	162	131	144	15	154
chr7	73123764	73123801	38	6	0	38	19	19	1	0	0	0	0	0	0	0	1	0	16	0	0	0	0	0	0	0	0	0	0	1	0	1	0	0	0	0	0	1	0	15
chr7	73123802	73127599	3798	5	0	3798	1940	1858	268	87	126	100	135	134	226	95	108	85	193	100	70	53	98	61	108	121	14	116	202	129	24	202	149	150	19	136	131	157	11	188
chr7	73127601	73134537	6937	5	0	6937	3914	3023	518	213	248	283	296	255	320	255	230	132	264	175	219	132	156	217	286	196	30	220	319	191	22	287	240	193	15	222	281	240	21	259
chr7	73134538	73134570	33	6	0	33	24	9	8	1	7	0	0	0	0	0	7	0	0	0	0	0	0	0	0	1	0	0	0	0	0	0	0	0	0	0	0	0	0	7
chr7	73134571	73137504	2934	5	0	2934	1484	1450	190	61	94	99	108	116	162	88	88	56	142	65	58	52	66	38	96	89	19	80	136	91	35	160	130	128	20	114	113	114	14	110
chr7	73137505	73137534	30	5	0	30	20	10	9	0	2	0	1	1	1	0	2	1	2	0	0	0	0	0	0	0	0	2	1	0	0	1	0	0	0	0	1	2	0	2
chr7	73137535	73137588	54	5	0	54	37	17	8	0	9	0	0	0	0	1	10	0	6	1	0	0	0	0	0	0	0	0	0	0	0	0	0	0	0	0	1	0	0	16
chr7	73137598	73137621	24	5	0	24	18	6	6	0	5	0	0	0	0	0	6	0	0	0	0	0	0	0	0	0	0	0	0	0	0	0	0	0	0	0	0	0	0	5
chr7	73137622	73137702	81	5	0	81	45	36	12	0	12	0	0	0	0	0	12	0	8	0	0	0	0	0	0	0	0	0	0	8	0	7	0	0	0	0	0	7	0	13
chr7	73137930	73139618	1689	5	0	1689	871	818	115	36	51	60	54	61	95	54	46	42	78	38	46	25	37	32	51	57	10	46	87	55	11	84	55	65	22	70	71	61	11	61
chr7	73139619	73139659	41	5	0	41	30	11	15	5	1	0	6	1	0	0	0	0	0	0	0	0	0	0	7	0	0	0	1	0	0	1	0	2	0	0	0	0	0	0
chr7	73139660	73141070	1411	5	0	1411	704	707	75	20	41	43	46	58	80	42	33	26	73	42	26	38	29	31	41	50	7	43	90	45	13	63	40	69	14	57	55	47	12	60
chr7	73141077	73142698	1622	5	0	1622	918	704	118	42	60	78	61	65	73	44	46	31	57	48	73	46	31	44	76	40	9	59	70	42	19	55	37	54	17	42	59	50	9	65
chr7	73142699	73142744	46	6	0	46	21	25	0	1	2	0	0	3	3	0	1	2	3	2	2	0	0	0	0	4	0	2	3	1	0	3	0	0	0	4	3	2	2	1
chr7	73142745	73142943	199	5	0	199	99	100	12	4	5	5	8	10	9	5	4	4	10	6	2	3	8	2	7	6	0	8	11	8	4	5	5	8	4	9	9	6	0	10
chr7	73142945	73142980	36	5	0	36	12	24	0	0	1	0	0	0	0	0	1	0	9	0	0	0	0	0	0	0	0	0	0	6	0	7	0	0	0	0	0	6	0	4
chr7	73142989	73143030	42	6	0	42	21	21	0	0	10	0	0	0	0	0	10	0	0	0	0	0	0	0	0	0	0	0	0	0	0	10	0	0	0	0	0	10	0	0
chr7	73143031	73145943	2913	5	0	2913	1513	1400	189	60	133	82	104	118	153	92	125	66	130	69	46	44	56	45	100	89	23	76	138	90	25	125	104	112	19	109	125	87	15	162
chr7	73145945	73149404	3460	5	0	3460	1765	1695	255	94	86	99	132	127	194	111	78	73	176	85	70	62	69	53	113	110	17	116	175	121	33	158	125	146	43	126	151	110	25	125
chr7	73149405	73150599	1195	4	0	1195	614	581	68	32	45	44	59	50	59	37	34	26	39	29	28	20	28	14	40	42	12	34	72	36	10	51	45	59	6	46	48	32	6	42
chr7	73150600	73150650	51	5	0	51	22	29	0	1	2	1	2	1	3	0	2	2	4	1	0	1	1	0	0	2	0	3	2	3	1	4	1	2	0	1	3	3	1	2
chr7	73150651	73150908	258	4	0	258	133	125	24	5	4	7	11	9	17	6	2	6	20	6	4	5	4	1	8	7	1	9	9	6	1	10	14	8	6	12	12	5	2	15
chr7	73150949	73151994	1046	4	0	1046	586	460	117	26	28	38	35	42	49	28	24	18	35	24	33	22	35	30	39	27	7	35	42	30	13	44	42	46	6	28	31	26	4	40
chr7	73151995	73152020	26	5	0	26	20	6	6	5	0	1	5	1	0	0	0	0	0	0	0	0	0	0	6	0	0	0	0	0	0	0	0	0	0	0	0	0	0	0
chr7	73152021	73156109	4089	4	0	4089	1737	2352	231	82	105	89	112	143	203	89	107	81	188	94	58	46	68	40	109	112	41	89	169	296	159	200	156	238	156	156	113	178	60	119
chr7	73156110	73156135	26	5	0	26	14	12	0	0	0	0	0	11	0	0	0	0	0	0	0	1	0	1	11	0	0	0	0	0	0	0	0	0	0	0	0	0	0	0
chr7	73156136	73156167	32	4	0	32	16	16	0	0	0	0	0	1	2	0	0	1	11	0	0	0	0	0	2	0	0	1	0	0	0	0	0	0	0	0	0	0	0	12
chr7	73156178	73156204	27	4	0	27	14	13	0	0	0	0	0	0	0	0	0	0	12	0	0	0	0	0	0	0	0	0	0	0	0	0	0	0	0	0	0	0	0	13
chr7	73156205	73157735	1531	4	0	1531	706	825	67	39	53	40	55	55	94	42	48	41	60	29	29	12	27	14	60	42	11	34	70	99	28	80	55	84	15	68	61	52	14	51
chr7	73157736	73157771	36	5	0	36	14	22	0	0	0	0	0	3	2	1	0	2	1	0	0	0	3	1	1	5	0	0	2	3	0	3	1	1	0	2	2	0	0	1
chr7	73157772	73157843	72	4	0	72	33	39	4	3	1	0	1	3	5	2	0	2	3	0	3	1	4	0	3	3	0	2	3	5	0	6	4	3	0	3	1	3	0	2
chr7	73157845	73161288	3444	4	0	3444	1707	1737	200	70	137	87	115	131	175	78	106	72	160	89	74	66	92	54	104	117	29	89	162	136	46	184	117	147	39	139	116	128	32	151
chr7	73161289	73161369	81	5	0	81	45	36	7	4	2	1	7	4	2	2	0	2	5	3	0	3	1	2	5	4	0	4	6	1	0	1	1	1	0	2	3	2	1	3
chr7	73161370	73162274	905	4	0	905	413	492	21	23	22	19	22	36	57	32	20	20	43	26	22	16	20	13	28	37	5	25	51	52	16	53	30	43	6	36	38	40	3	28
chr7	73162275	73162319	45	5	0	45	32	13	5	0	2	3	2	0	0	2	0	2	4	1	4	0	1	4	2	0	0	0	2	0	0	0	0	0	0	2	0	2	0	5
chr7	73162320	73166794	4475	4	0	4475	2174	2301	242	109	137	115	156	162	272	132	108	89	220	105	98	83	95	50	142	135	37	129	249	173	39	232	187	213	53	189	143	172	33	174
chr7	73166849	73166901	53	5	0	53	31	22	0	4	0	3	5	1	2	3	0	1	2	3	3	0	0	3	5	1	0	0	2	0	0	3	2	1	1	0	2	2	1	1
chr7	73166902	73193459	26558	4	0	26558	14483	12075	1906	689	981	1076	953	968	1249	791	927	542	1047	672	866	538	583	695	942	714	225	856	1096	797	283	1098	884	880	251	859	1038	884	219	1047
chr7	73193460	73208239	14780	3	0	14780	8228	6552	1088	457	538	600	535	489	709	456	524	274	601	382	535	327	332	380	568	367	141	471	573	366	143	569	454	482	135	501	593	436	113	639
chr7	73208244	73219644	11401	3	0	11401	5385	6016	588	229	336	311	335	476	718	277	326	276	551	240	214	164	192	150	355	373	79	339	621	538	153	635	415	565	126	424	415	471	108	399
chr7	73219646	73228464	8819	3	0	8819	4184	4635	465	176	303	221	282	352	509	198	241	233	451	207	176	116	148	104	254	299	66	258	455	456	120	491	323	372	101	308	309	395	73	355
chr7	73228465	73229058	594	2	0	594	307	287	23	15	21	21	19	26	32	15	16	14	27	11	22	19	12	13	15	31	5	23	30	14	4	36	21	20	3	16	26	19	6	17
chr7	73229060	73236745	7686	2	0	7686	3370	4316	345	147	207	153	215	276	473	188	170	211	382	162	121	96	126	97	220	243	88	179	416	477	166	404	296	419	168	315	220	324	90	290
chr7	73236747	73249982	13236	2	0	13236	6789	6447	883	340	416	390	436	540	704	357	413	295	592	330	296	256	245	295	445	407	150	429	639	462	160	580	428	506	147	463	525	467	153	485
chr7	73249984	73252008	2025	2	0	2025	1155	870	175	56	66	100	78	69	87	60	52	31	71	58	92	44	50	66	79	53	11	57	90	50	15	78	55	71	25	73	70	60	15	66
chr7	73252009	73262376	10368	2	0	10368	5704	4664	804	244	348	426	364	390	512	311	319	208	436	263	334	222	218	304	358	307	67	332	471	259	90	441	322	370	80	340	426	325	75	400
chr7	73262377	73264313	1937	2	0	1937	1016	921	134	46	88	61	70	75	110	43	84	45	83	44	40	25	29	38	68	54	17	52	96	56	10	84	57	65	27	79	77	71	12	95
chr7	73264314	73277041	12728	2	0	12728	6748	5980	954	329	376	472	458	495	620	366	366	236	546	341	354	258	295	281	440	374	106	398	606	430	143	536	431	488	122	417	462	423	117	486
chr7	73277062	73277378	317	2	0	317	199	118	38	6	10	18	13	3	14	12	10	9	11	10	10	7	7	20	7	8	1	9	12	7	1	11	10	5	0	7	13	11	0	15
chr7	73277380	73278695	1316	2	0	1316	813	503	101	24	39	70	40	42	44	53	41	20	51	56	51	41	44	94	66	24	7	30	43	35	7	37	30	27	3	26	40	36	7	85
chr7	73278696	73280396	1701	2	0	1701	943	758	137	39	61	72	62	68	78	32	46	33	72	41	63	45	37	55	69	45	14	58	69	31	23	73	52	63	20	49	50	57	17	68
chr7	73280405	73282937	2533	2	0	2533	1339	1194	206	49	77	90	89	141	116	69	55	46	112	74	72	44	55	43	108	85	17	70	130	77	21	118	81	95	18	86	97	90	14	86
chr7	73282948	73284078	1131	2	0	1131	510	621	77	24	30	30	31	42	53	25	29	23	52	29	25	9	18	12	32	35	11	20	46	88	39	60	37	62	25	32	36	48	8	41
chr7	73284080	73284106	27	2	0	27	4	23	0	0	0	0	0	0	2	0	0	1	1	0	0	0	0	0	0	1	0	0	1	7	3	1	0	4	1	1	1	1	0	0
chr7	73284108	73284171	64	2	0	64	12	52	0	0	0	0	0	1	3	0	0	3	4	0	0	0	0	0	0	3	1	0	2	16	7	5	1	5	2	2	1	6	0	0
chr7	73284173	73284252	80	2	0	80	18	62	0	0	1	0	0	3	4	0	1	1	6	0	0	1	1	0	0	2	1	2	3	12	8	6	1	11	3	3	3	4	0	1
chr7	73284264	73284285	22	2	0	22	3	19	0	0	0	0	0	1	1	0	0	1	0	0	0	0	0	0	0	1	0	0	1	9	1	0	0	2	1	1	1	0	0	0
chr7	73284287	73284423	137	2	0	137	25	112	0	0	0	0	0	4	7	2	0	3	5	2	0	0	0	0	0	4	3	0	8	32	17	6	2	18	4	6	3	9	0	0
chr7	73284425	73290895	6471	2	0	6471	3606	2865	493	177	213	262	234	208	290	211	198	129	278	169	220	152	158	214	252	160	47	207	242	175	79	259	200	221	55	192	249	199	45	281
chr7	73290896	73293130	2235	2	0	2235	1214	1021	191	49	88	73	76	88	111	67	68	51	87	58	67	51	44	44	83	64	21	71	100	49	26	91	68	81	18	85	91	72	17	83
chr7	73293134	73297795	4662	2	0	4662	2227	2435	210	120	183	98	149	188	288	108	166	109	208	105	87	68	84	55	146	154	43	142	242	206	62	220	173	200	60	199	172	170	43	202
chr7	73297797	73297866	70	2	0	70	17	53	1	1	2	1	3	2	3	1	0	0	2	0	0	0	0	0	1	2	0	0	6	13	6	2	1	12	2	5	1	1	0	0
chr7	73297868	73297985	118	2	0	118	46	72	5	1	4	0	3	8	8	3	2	1	3	5	0	1	1	0	1	3	5	2	7	7	3	4	12	6	3	7	3	4	1	3
chr7	73297992	73299296	1305	2	0	1305	575	730	46	41	51	19	54	65	73	32	39	20	52	20	18	19	14	11	47	48	18	33	86	60	31	55	54	76	23	67	37	48	12	34
chr7	73299300	73306385	7086	2	0	7086	3158	3928	266	140	257	148	184	273	440	165	232	154	350	122	129	104	122	71	207	210	79	175	327	412	150	404	305	366	103	332	223	305	70	259
chr7	73306387	73307123	737	2	0	737	390	347	56	16	29	16	19	24	41	28	24	18	45	22	17	12	17	4	18	22	2	28	34	15	5	33	26	18	5	31	34	32	4	40
chr7	73307124	73309084	1961	2	0	1961	858	1103	60	52	77	30	50	76	87	43	70	43	87	48	39	36	41	18	54	68	28	57	84	113	70	90	60	91	57	82	58	86	41	63
chr7	73309087	73312469	3383	2	0	3383	1657	1726	168	72	97	90	110	138	196	93	77	80	170	88	72	62	76	67	111	112	24	105	194	126	35	181	111	157	32	122	121	140	23	131
chr7	73312470	73313671	1202	2	0	1202	471	731	35	15	38	13	21	45	77	26	31	27	45	20	13	22	20	21	32	36	12	29	59	97	47	66	50	95	30	55	28	41	23	31
chr7	73313672	73315346	1675	2	0	1675	826	849	99	42	74	38	61	68	108	38	63	46	54	31	30	23	30	21	67	46	13	53	86	69	19	81	57	77	13	73	65	64	5	59
chr7	73315348	73324351	9004	2	0	9004	4231	4773	425	208	263	225	278	353	542	249	256	197	465	195	163	119	151	141	263	297	70	247	492	447	123	501	347	417	93	362	320	402	80	311
chr7	73324353	73324750	398	2	0	398	132	266	3	4	10	0	5	21	33	6	8	12	20	6	1	2	1	0	7	19	8	5	23	27	18	25	25	30	10	21	10	19	4	13
chr7	73324766	73325015	250	2	0	250	114	136	15	7	7	2	6	12	18	5	6	9	10	6	4	1	3	2	9	9	0	11	13	17	4	16	9	8	1	7	10	16	1	4
chr7	73325016	73326404	1389	2	0	1389	665	724	66	30	49	34	49	63	84	28	43	28	65	26	21	23	36	20	58	44	5	36	68	80	14	74	54	59	6	63	44	53	3	61
chr7	73326406	73333281	6876	2	0	6876	3419	3457	358	197	224	197	215	265	353	214	224	142	327	161	181	125	124	110	237	187	92	213	313	295	97	309	222	278	108	252	275	254	71	254
chr7	73333282	73335133	1852	2	0	1852	1027	825	136	60	77	64	64	55	82	56	78	40	72	36	58	34	56	58	77	45	13	54	70	76	12	81	53	51	8	58	57	68	7	94
chr7	73335136	73337309	2174	2	0	2174	1160	1014	128	65	80	74	74	83	116	82	95	58	86	46	49	35	42	46	95	73	13	60	100	67	15	112	62	55	6	71	98	99	6	81
chr7	73337310	73340093	2784	2	0	2784	1613	1171	258	81	86	126	117	102	117	112	102	62	92	70	76	60	66	84	132	66	15	92	115	51	24	90	91	74	21	74	110	89	22	105
chr7	73340095	73340917	823	2	0	823	440	383	58	22	34	23	32	28	44	22	28	20	28	19	19	20	21	22	30	28	5	27	33	17	11	36	30	29	8	33	32	23	8	31
chr7	73340921	73341664	744	2	0	744	357	387	50	22	22	15	29	24	44	17	20	16	33	18	11	9	18	8	25	21	3	21	34	40	13	32	30	34	14	32	25	24	6	32
chr7	73341665	73344593	2929	2	0	2929	1532	1397	176	85	114	79	99	106	162	84	101	81	126	67	80	49	67	54	117	86	23	95	125	94	24	136	92	91	28	111	117	108	23	127
chr7	73344595	73348153	3559	2	0	3559	1839	1720	186	90	121	108	102	115	208	112	113	87	161	77	105	68	88	97	131	102	19	108	168	148	23	189	119	133	16	126	119	145	18	155
chr7	73348154	73355644	7491	2	0	7491	3818	3673	423	179	282	235	241	257	425	245	280	164	335	199	175	126	120	131	248	209	67	203	358	279	74	360	260	292	67	277	302	291	64	321
chr7	73355645	73356065	421	2	0	421	213	208	30	6	11	13	10	17	25	12	9	9	20	14	10	14	7	5	17	11	3	15	19	12	9	14	14	18	6	18	14	13	8	16
chr7	73356067	73357269	1203	2	0	1203	684	519	103	42	28	41	39	45	61	50	36	27	45	32	35	30	34	35	56	38	10	40	51	18	8	45	35	33	8	36	53	32	8	47
chr7	73357271	73357557	287	2	0	287	149	138	29	5	7	9	12	9	14	5	2	6	15	9	8	7	8	3	7	7	2	11	13	8	5	12	8	15	6	11	12	7	3	10
chr7	73357558	73363039	5482	2	0	5482	2605	2877	289	121	173	122	147	254	329	162	168	123	259	102	101	90	81	84	218	170	45	155	274	304	68	289	206	239	50	205	193	222	45	192
chr7	73363041	73363083	43	2	0	43	17	26	0	0	0	0	0	7	6	0	0	1	2	0	0	0	0	0	3	2	0	3	3	1	0	1	4	1	0	3	3	1	0	0
chr7	73363085	73364899	1815	2	0	1815	725	1090	50	20	63	21	39	93	109	40	51	56	96	21	14	14	20	16	50	65	29	39	88	134	52	111	93	100	32	73	51	86	21	66
chr7	73364902	73365627	726	2	0	726	393	333	55	19	15	33	29	55	33	12	17	11	28	13	21	7	8	36	51	18	5	17	35	21	8	22	19	30	12	25	24	17	7	21
chr7	73365629	73365652	24	2	0	24	9	15	0	0	0	0	0	2	1	0	0	0	2	2	0	0	0	0	0	2	0	0	3	2	0	2	0	1	0	1	2	2	0	0
chr7	73365654	73366694	1041	2	0	1041	477	564	48	22	33	23	35	45	67	22	32	29	55	13	11	15	13	13	34	39	6	32	65	53	9	55	33	45	21	43	37	45	8	38
chr7	73366696	73367857	1162	2	0	1162	522	640	59	23	30	25	34	45	76	22	28	27	63	18	16	18	21	15	32	34	8	39	63	63	21	68	45	70	15	46	37	48	14	37
chr7	73367870	73369945	2076	2	0	2076	949	1127	111	47	58	43	66	125	118	46	57	46	104	36	24	17	32	17	85	75	23	53	114	104	27	131	76	108	24	64	80	89	10	64
chr7	73369946	73369972	27	2	0	27	13	14	1	2	1	0	2	1	0	0	1	0	2	1	0	1	0	1	1	0	1	2	0	1	1	0	1	1	0	0	1	2	0	1
chr7	73369974	73371234	1261	2	0	1261	630	631	82	21	25	48	40	56	71	25	22	19	74	33	32	23	23	36	31	34	8	45	59	37	20	63	50	66	19	49	52	43	17	36
chr7	73371236	73371873	638	2	0	638	308	330	44	11	9	20	18	26	38	19	12	16	33	17	11	13	12	8	17	23	5	21	34	25	13	26	20	32	16	20	30	18	4	25
chr7	73371875	73372008	134	2	0	134	93	41	30	1	5	8	3	3	4	8	7	6	1	3	3	3	2	4	6	1	3	3	4	0	1	2	1	1	0	2	7	5	0	5
chr7	73372019	73372776	758	2	0	758	380	378	51	19	22	24	29	36	43	21	17	13	31	14	19	10	10	19	30	21	8	19	44	26	7	31	32	43	8	33	24	18	11	23
chr7	73372778	73372811	34	2	0	34	16	18	2	0	2	2	1	0	2	0	1	0	2	0	2	2	0	0	0	0	0	2	2	2	1	2	0	2	1	1	1	2	0	0
chr7	73372813	73374759	1947	2	0	1947	950	997	125	41	60	52	58	75	104	33	60	34	109	54	35	40	43	26	53	60	18	59	92	65	38	98	49	94	29	84	76	75	31	75
chr7	73374768	73374865	98	2	0	98	53	45	16	1	3	5	3	5	4	0	1	1	4	3	4	1	1	0	2	2	2	1	6	2	1	5	2	7	3	2	2	3	0	4
chr7	73374866	73375010	145	2	0	145	68	77	6	6	4	4	6	2	7	2	5	3	8	3	3	4	4	1	3	7	2	3	8	4	5	6	1	8	3	6	5	4	3	7
chr7	73375011	73375166	156	2	0	156	67	89	5	2	3	7	7	7	10	1	2	4	8	4	3	1	0	2	3	2	3	5	9	4	5	7	9	13	6	4	4	6	2	6
chr7	73375167	73375385	219	2	0	219	103	116	8	9	4	6	9	6	12	5	5	4	14	4	5	5	5	1	7	7	3	7	10	4	5	13	9	13	4	6	7	8	4	8
chr7	73375386	73377874	2489	2	0	2489	1048	1441	77	39	78	56	58	106	155	48	74	60	117	51	40	27	28	33	63	80	29	60	122	185	65	142	96	128	71	97	86	121	17	78
chr7	73377876	73377904	29	2	0	29	11	18	0	0	2	1	2	1	0	0	1	3	0	1	0	0	0	0	1	2	1	0	0	3	2	2	0	0	0	0	2	2	1	0
chr7	73377910	73378463	554	2	0	554	225	329	22	5	12	9	7	18	34	13	15	24	32	9	4	6	11	3	16	24	2	11	25	54	15	40	13	19	10	18	18	38	5	20
chr7	73378464	73379466	1003	2	0	1003	490	513	49	27	33	20	33	40	65	24	28	20	49	23	20	16	21	21	33	33	4	33	53	45	10	51	37	44	6	43	39	37	4	40
chr7	73379467	73379835	369	2	0	369	215	154	44	7	10	15	16	13	14	10	5	11	16	8	11	8	10	15	13	10	2	14	21	9	2	11	10	11	0	11	9	13	4	14
chr7	73379836	73383056	3221	2	0	3221	1733	1488	240	83	92	123	117	120	161	94	94	59	165	90	88	56	77	73	102	87	23	105	154	85	22	135	100	120	26	120	136	104	33	135
chr7	73383057	73383972	916	2	0	916	511	405	63	31	34	26	39	30	49	30	33	21	45	29	18	16	23	23	38	26	4	30	41	17	4	31	25	24	3	34	44	26	1	56
chr7	73383973	73386227	2255	2	0	2255	1243	1012	186	48	82	93	85	70	115	58	70	53	102	46	67	53	49	65	72	56	9	87	106	53	18	96	68	95	14	67	82	69	21	98
chr7	73386229	73386428	200	2	0	200	138	62	33	3	11	18	2	5	6	3	8	1	4	4	21	4	6	7	3	4	0	6	5	3	1	7	5	6	0	5	4	3	1	9
chr7	73386430	73386473	44	2	0	44	20	24	1	1	1	2	2	1	3	0	2	1	2	1	0	0	2	0	1	1	0	1	3	0	0	4	1	5	0	1	1	1	2	2
chr7	73386475	73386653	179	2	0	179	84	95	6	3	3	5	4	7	12	5	3	5	10	3	3	5	7	1	3	8	1	8	12	8	0	10	9	8	1	6	5	6	2	8
chr7	73386654	73387420	767	2	0	767	483	284	84	21	35	44	36	16	32	23	24	15	18	15	39	16	11	52	29	11	2	26	28	15	3	25	26	25	1	20	24	20	4	25
chr7	73387421	73388266	846	2	0	846	529	317	93	29	36	44	43	19	33	23	42	10	32	21	24	19	29	30	36	11	4	26	26	8	0	29	19	24	0	29	37	20	2	46
chr7	73388267	73388864	598	2	0	598	366	232	60	16	30	38	21	18	17	17	29	9	14	13	34	15	13	20	16	17	7	18	14	19	8	20	22	9	4	13	21	16	5	23
chr7	73388876	73389539	664	2	0	664	365	299	56	22	18	17	21	27	39	22	16	14	28	21	20	12	14	18	27	19	4	25	28	16	3	26	24	17	6	23	30	22	3	24
chr7	73389540	73389899	360	2	0	360	193	167	21	10	10	9	11	9	19	11	8	11	28	11	11	2	12	9	14	10	0	8	16	13	0	16	11	8	1	12	9	14	1	33
chr7	73389901	73390448	548	2	0	548	311	237	44	14	22	25	23	14	27	11	25	14	26	11	14	8	19	13	18	15	0	17	25	19	0	23	10	13	0	21	22	20	0	33
chr7	73390449	73426169	35721	2	0	35721	17314	18407	2099	779	1092	990	1146	1419	2019	883	950	785	1864	775	766	509	661	576	1134	1078	247	1033	1838	1715	483	1850	1242	1650	393	1369	1253	1443	295	1383
chr7	73426170	74579620	1153451	1	0	1153451	568161	585290	67189	25717	36541	32802	36896	44256	64026	31131	32419	25073	55838	26762	25745	19251	22381	22133	37860	34837	8585	33015	58586	53199	14906	57945	39527	51172	12824	42741	40337	45428	9243	45084
chr7	74579622	74593413	13792	1	0	13792	6634	7158	819	317	380	330	432	582	877	317	334	333	685	318	260	221	240	187	481	445	132	395	742	641	166	686	503	631	121	545	482	518	113	557
chr7	74593416	74602591	9176	1	0	9176	4372	4804	536	170	258	230	275	373	563	229	225	222	489	219	157	132	165	128	234	303	74	286	505	380	121	487	355	458	109	336	346	352	92	365
chr7	74602593	74608912	6320	1	0	6320	2896	3424	325	114	203	148	190	260	376	137	157	144	323	138	117	102	96	65	168	217	62	173	352	330	109	341	236	329	96	249	207	256	63	235
chr7	74608916	74611168	2253	1	0	2253	1142	1111	167	43	65	72	62	102	131	46	65	50	110	50	54	42	40	42	81	66	22	67	101	73	37	102	74	93	37	82	85	81	14	95
chr7	74611171	74612299	1129	1	0	1129	567	562	83	30	25	36	39	43	64	21	20	22	64	29	33	19	22	16	39	34	8	33	49	37	16	58	40	50	17	45	39	40	17	39
chr7	74612301	74615177	2877	1	0	2877	1430	1447	178	67	100	81	99	127	171	71	82	67	137	55	66	37	48	43	101	92	16	88	163	103	23	155	92	146	21	105	112	103	18	108
chr7	74615179	74618697	3519	1	0	3519	1819	1700	282	78	107	111	110	130	201	104	96	65	179	84	90	52	67	61	106	100	25	94	167	123	37	156	143	146	35	144	129	114	21	160
chr7	74618703	74620039	1337	1	0	1337	668	669	77	34	32	51	46	47	81	31	39	29	65	35	31	17	29	23	44	37	10	36	60	64	15	68	50	58	10	48	50	48	15	55
chr7	74620040	74625353	5314	1	0	5314	2732	2582	407	122	142	188	179	201	293	132	140	89	273	142	131	87	112	92	163	141	42	153	262	157	55	255	178	254	80	198	202	177	51	214
chr7	74625354	74636979	11626	1	0	11626	6091	5535	890	283	365	401	403	464	598	275	323	219	574	278	322	224	230	240	400	305	103	383	534	355	144	513	399	481	116	408	407	405	119	463
chr7	74636980	74641167	4188	1	0	4188	2172	2016	322	91	111	154	142	162	214	99	97	89	201	102	117	79	103	87	131	116	40	134	191	132	64	189	128	187	56	159	167	141	34	147
chr7	74641172	74642524	1353	1	0	1353	709	644	107	29	40	41	56	50	70	35	23	35	65	34	33	25	32	32	48	34	12	45	59	40	16	59	48	58	15	53	56	42	9	50
chr7	74642525	74643041	517	1	0	517	262	255	46	7	7	21	14	22	24	12	7	11	33	11	15	10	13	8	11	20	6	13	24	14	12	19	18	21	11	24	19	14	7	21
chr7	74643042	74645978	2937	1	0	2937	1499	1438	226	76	82	93	100	112	153	79	79	54	156	62	71	51	52	52	104	86	24	79	132	111	41	134	110	121	36	109	98	100	31	121
chr7	74645979	74646287	309	1	0	309	158	151	24	5	8	9	13	15	16	7	4	5	19	9	3	7	7	5	9	7	4	12	16	8	4	12	12	16	1	13	14	9	1	13
chr7	74646289	74646655	367	1	0	367	183	184	41	8	10	10	9	14	13	5	8	6	18	10	10	5	8	7	9	8	7	9	16	10	12	12	9	19	16	14	7	13	9	13
chr7	74646664	74650010	3347	1	0	3347	1788	1559	258	71	102	131	112	130	164	98	92	60	142	102	99	69	78	78	112	103	23	92	150	99	43	145	113	129	34	120	129	106	32	129
chr7	74650011	74655110	5100	1	0	5100	2793	2307	367	156	158	197	193	159	230	157	154	93	224	151	163	104	113	172	163	146	49	154	223	134	71	179	170	168	62	166	183	159	54	226
chr7	74655124	74657678	2555	1	0	2555	1277	1278	183	79	89	87	106	82	88	48	90	57	123	53	60	40	54	36	71	66	41	80	97	106	72	94	85	92	68	83	72	105	49	97
chr7	74657682	74659066	1385	1	0	1385	394	991	44	11	27	15	19	44	53	15	23	30	68	16	10	5	9	4	20	31	21	18	46	157	109	59	46	129	164	53	18	54	38	27
chr7	74659067	74660621	1555	1	0	1555	760	795	125	34	57	41	51	55	83	27	50	28	77	38	31	17	28	18	40	38	15	41	70	59	28	82	55	83	32	58	51	59	19	63
chr7	74660622	74661686	1065	1	0	1065	500	565	57	22	36	28	37	43	49	20	33	21	60	20	18	22	22	10	31	31	12	34	48	49	27	45	42	44	24	44	28	45	17	44
chr7	74661687	74662204	518	1	0	518	303	215	54	15	20	29	18	14	19	17	20	12	17	11	26	7	11	12	16	10	4	18	22	24	5	12	13	14	3	14	17	15	4	23
chr7	74662213	74662511	299	1	0	299	140	159	23	6	6	5	8	11	20	9	4	7	14	8	6	5	5	2	5	9	3	12	15	12	4	17	15	17	6	10	13	11	3	6
chr7	74662512	74666530	4019	1	0	4019	2201	1818	299	124	116	165	142	130	187	116	119	82	169	91	145	94	105	116	149	112	31	138	171	114	40	173	107	151	54	116	148	122	41	150
chr7	74666531	74666811	281	1	0	281	142	139	27	5	5	8	9	15	10	10	2	8	15	6	7	8	5	2	8	14	3	10	20	10	5	10	4	13	1	8	12	9	3	7
chr7	74666813	74668173	1361	1	0	1361	702	659	110	39	35	35	50	66	71	39	28	31	66	31	30	28	27	15	61	45	11	46	68	39	17	55	45	51	17	47	52	44	9	51
chr7	74668174	74668331	158	1	0	158	102	56	29	5	8	5	9	3	5	5	5	3	4	5	5	2	3	4	9	2	0	2	6	3	0	5	4	4	0	4	3	5	0	9
chr7	74668338	74669224	887	1	0	887	510	377	56	25	28	38	25	36	41	32	28	12	35	31	38	17	18	49	38	19	5	28	42	19	6	33	19	32	3	26	36	30	6	34
chr7	74669227	74671079	1853	1	0	1853	1083	770	196	52	63	90	77	65	87	45	53	43	70	45	76	42	34	44	71	50	15	66	70	31	15	66	56	48	12	58	77	54	16	64
chr7	74671081	74673680	2600	1	0	2600	1472	1128	222	72	68	116	93	80	134	63	65	50	121	67	99	58	67	96	93	61	18	88	91	62	27	107	78	96	16	88	108	68	19	107
chr7	74673681	74674069	389	1	0	389	212	177	45	8	9	12	12	18	17	4	5	7	17	13	13	9	15	7	10	17	2	12	19	10	5	13	10	12	7	17	12	8	6	16
chr7	74674071	74677781	3711	1	0	3711	2144	1567	341	124	116	166	155	110	161	114	105	79	137	103	147	69	107	109	134	90	22	136	157	96	28	126	107	113	23	111	142	108	25	148
chr7	74677782	74678218	437	1	0	437	235	202	43	7	18	12	9	13	28	8	16	12	25	7	11	12	6	7	13	11	2	18	24	11	6	13	10	14	3	16	11	18	1	30
chr7	74678219	74680100	1882	1	0	1882	1081	801	171	49	53	99	64	57	98	44	55	39	76	50	84	39	46	55	58	53	7	66	70	37	15	81	55	63	23	53	80	50	17	73
chr7	74680119	74683028	2910	1	0	2910	1757	1153	244	103	118	142	115	82	117	81	120	50	96	78	128	70	75	136	108	70	23	104	102	58	15	101	73	70	17	68	112	78	21	133
chr7	74683030	74690564	7535	1	0	7535	4115	3420	572	215	251	325	257	263	337	212	257	145	291	173	276	167	171	202	259	226	59	246	334	255	94	298	216	268	87	211	260	233	78	295
chr7	74690566	74690585	20	1	0	20	8	12	0	1	0	0	0	1	1	2	1	0	1	0	0	0	0	0	1	1	0	0	2	0	0	1	1	2	0	1	0	0	2	0
chr7	74690587	74697943	7357	1	0	7357	4134	3223	624	196	267	311	283	269	332	212	233	126	303	178	258	176	172	193	267	195	55	250	293	165	63	276	257	239	69	253	278	198	69	295
chr7	74697945	74698389	445	1	0	445	199	246	27	10	6	12	18	21	21	6	5	12	28	10	6	7	7	2	17	14	8	11	22	14	15	19	11	26	17	16	16	17	6	16
chr7	74698391	74702227	3837	1	0	3837	2341	1496	365	107	147	214	137	100	143	156	156	54	117	114	176	105	89	160	155	83	23	104	125	79	29	120	100	86	23	127	156	105	35	145
chr7	74702229	74703460	1232	1	0	1232	720	512	131	29	47	54	59	43	50	26	30	25	53	37	43	26	26	39	47	29	10	37	49	20	7	44	29	38	15	42	53	33	6	53
chr7	74703463	74704269	807	1	0	807	490	317	64	19	43	38	34	25	24	29	30	21	24	27	35	15	18	42	29	22	6	23	25	16	8	27	20	16	5	17	38	22	1	42
chr7	74704270	74704855	586	1	0	586	303	283	36	13	11	24	23	17	35	15	7	8	36	18	19	11	13	15	15	15	2	17	32	21	2	28	23	27	5	27	20	20	5	24
chr7	74704859	74705553	695	1	0	695	458	237	85	24	24	39	23	20	23	26	29	10	18	20	34	18	23	41	26	18	1	27	24	11	0	19	12	10	0	12	30	15	1	30
chr7	74705555	74708522	2968	1	0	2968	1632	1336	234	86	98	125	108	111	137	84	98	51	119	67	104	65	59	84	109	80	25	99	122	100	34	118	95	113	24	82	115	81	25	114
chr7	74708527	74712487	3961	1	0	3961	2340	1621	349	109	141	214	171	131	165	120	135	74	139	103	158	90	91	149	163	93	29	119	147	100	22	127	135	99	20	114	142	105	29	176
chr7	74712500	74712652	153	1	0	153	96	57	7	4	5	5	5	25	4	5	3	4	3	2	6	5	1	12	28	1	0	8	2	0	0	1	1	1	0	2	8	1	0	2
chr7	74712653	74717330	4678	1	0	4678	3179	1499	522	147	220	328	180	106	122	190	216	66	96	122	299	153	146	264	204	77	15	176	102	54	7	108	99	51	7	99	193	89	17	201
chr7	74717332	74720741	3410	1	0	3410	2170	1240	321	107	140	223	141	91	111	116	149	60	101	70	180	105	106	147	151	68	17	127	95	64	14	94	75	53	13	89	138	82	12	148
chr7	74720742	74723428	2687	1	0	2687	1632	1055	274	75	95	141	78	79	102	87	96	49	93	62	138	73	63	126	95	69	25	87	84	35	30	96	71	67	31	65	96	74	24	105
chr7	74723429	74725531	2103	1	0	2103	1251	852	198	72	77	109	89	75	79	57	68	31	67	49	101	39	55	83	75	62	12	68	91	47	16	72	61	59	12	62	73	58	8	76
chr7	74725532	74726836	1305	1	0	1305	790	515	137	34	48	64	37	36	59	38	46	31	43	32	62	24	34	64	47	34	2	42	46	34	4	59	23	28	3	40	54	47	9	42
chr7	74726837	74731552	4716	1	0	4716	2922	1794	452	141	185	264	187	120	171	169	169	87	129	147	234	111	150	205	189	91	26	153	135	94	39	124	131	97	32	150	191	110	23	208
chr7	74731554	74732142	589	1	0	589	329	260	29	14	19	13	16	25	26	23	14	9	26	16	17	22	17	42	28	17	6	18	23	9	5	26	18	22	5	17	21	15	2	27
chr7	74732143	74733768	1626	1	0	1626	924	702	117	39	63	68	65	57	63	52	53	32	69	45	52	33	33	82	54	38	14	55	59	31	18	61	62	49	18	43	62	50	18	69
chr7	74733769	74738896	5128	1	0	5128	2975	2153	412	147	194	268	186	158	218	164	203	78	167	153	219	117	125	165	183	113	45	159	179	115	48	192	157	158	50	152	207	148	45	201
chr7	74738899	74739024	126	1	0	126	81	45	7	3	7	7	2	5	5	3	7	3	4	5	8	1	6	7	7	1	0	4	0	1	0	5	3	2	0	3	5	2	0	11
chr7	74739030	74741058	2029	1	0	2029	1085	944	117	53	81	70	76	104	91	66	80	54	92	47	48	34	37	33	88	69	12	76	88	51	18	89	69	48	13	50	92	78	17	86
chr7	74741059	74743693	2635	1	0	2635	1365	1270	169	58	104	105	97	103	143	74	92	57	100	70	79	38	34	41	93	62	28	73	123	78	38	102	102	107	41	103	99	94	23	103
chr7	74743712	74746451	2740	1	0	2740	1529	1211	222	77	115	113	96	92	122	69	125	65	99	59	84	67	64	59	103	61	33	104	92	63	41	102	75	74	29	84	109	100	31	109
chr7	74746453	74747792	1340	1	0	1340	749	591	100	41	56	53	45	40	65	36	48	22	54	38	58	23	26	43	44	31	11	40	56	32	12	57	39	52	14	41	47	42	9	63
chr7	74747794	74750593	2800	1	0	2800	1611	1189	251	94	106	128	107	80	118	96	115	41	103	65	105	65	57	79	93	70	28	88	114	66	21	102	87	89	24	82	107	78	27	112
chr7	74750595	74750905	311	1	0	311	156	155	36	4	6	9	9	12	16	8	6	5	14	8	5	8	6	3	10	10	1	8	14	11	7	14	10	17	8	11	11	9	4	9
chr7	74750910	74756913	6004	1	0	6004	3394	2610	436	205	210	257	233	213	284	175	195	108	243	154	244	135	145	156	251	143	62	205	219	135	52	225	188	185	34	210	248	168	42	242
chr7	74756914	74756935	22	1	0	22	8	14	0	0	1	0	0	3	1	1	0	0	0	0	0	0	0	0	1	0	2	0	2	0	0	1	2	3	2	1	0	0	0	0
chr7	74756937	74758043	1107	1	0	1107	593	514	70	37	49	29	35	43	61	36	46	24	49	23	34	21	19	16	48	28	10	39	44	30	8	44	35	34	8	43	48	35	6	53
chr7	74758047	74761382	3336	1	0	3336	1840	1496	220	89	129	131	106	100	160	111	130	73	131	97	114	74	83	91	126	83	31	96	117	94	44	122	98	94	41	119	136	106	22	166
chr7	74761383	74761631	249	1	0	249	128	121	22	5	1	8	8	11	20	4	4	6	14	3	2	5	6	7	10	9	1	7	10	6	2	15	13	11	0	10	10	7	1	9
chr7	74761636	74761874	239	1	0	239	125	114	9	3	8	7	2	29	17	3	5	5	8	4	11	6	5	2	27	6	0	11	8	5	0	11	9	7	0	8	7	6	0	8
chr7	74761875	74762650	776	1	0	776	385	391	46	22	22	22	29	38	43	7	23	16	42	17	15	15	16	10	25	26	8	32	36	23	15	35	22	36	8	26	34	24	11	30
chr7	74762651	74769530	6880	1	0	6880	3188	3692	356	138	197	174	194	259	446	165	195	179	316	145	122	99	119	82	203	226	55	191	394	366	96	386	245	352	88	255	222	298	69	246
chr7	74769532	74775948	6417	1	0	6417	3112	3305	347	126	212	182	204	255	386	172	184	158	326	139	131	91	107	91	193	193	40	204	325	273	66	368	247	291	68	230	252	275	50	229
chr7	74775950	74780859	4910	1	0	4910	2286	2624	233	92	173	115	155	203	266	115	133	127	262	127	93	62	74	55	136	182	37	129	258	276	78	277	175	201	57	168	170	230	48	201
chr7	74780860	74781244	385	1	0	385	157	228	9	8	6	9	12	14	31	6	8	10	25	7	3	4	5	0	8	13	3	12	24	25	8	22	18	23	2	19	13	19	3	14
chr7	74781246	74781742	497	1	0	497	260	237	37	10	13	21	14	23	32	10	13	11	19	7	16	9	13	10	20	15	0	18	24	18	3	21	21	20	6	21	15	13	5	17
chr7	74781747	74782448	702	1	0	702	365	337	42	15	27	24	23	32	34	15	18	16	34	12	26	19	14	13	19	32	5	26	32	18	8	40	23	27	4	22	30	22	7	21
chr7	74782451	74782481	31	1	0	31	12	19	2	1	1	0	1	3	2	0	1	0	1	0	0	0	0	0	0	1	0	1	4	1	0	2	2	3	0	1	0	2	0	0
chr7	74782483	74784418	1936	1	0	1936	867	1069	63	30	56	42	49	83	132	61	46	60	94	45	33	21	26	26	67	57	20	50	110	111	24	108	78	104	18	75	70	80	20	75
chr7	74784419	74784666	248	1	0	248	123	125	23	5	3	8	8	8	18	6	4	5	13	5	5	5	5	1	5	10	1	7	14	6	2	13	11	13	4	11	10	6	3	8
chr7	74784668	74784708	41	1	0	41	19	22	1	1	1	1	2	3	1	0	1	0	1	1	1	1	2	0	1	3	0	1	4	2	0	4	1	2	0	1	0	3	0	0
chr7	74784710	74785883	1174	1	0	1174	494	680	16	22	27	19	28	53	74	33	24	35	68	31	16	16	21	11	39	42	12	33	81	84	15	64	35	58	11	47	33	60	18	46
chr7	74785886	74788951	3066	1	0	3066	1381	1685	192	56	101	66	100	87	168	65	73	85	136	64	49	43	57	37	85	89	33	64	140	204	76	161	112	156	85	121	83	132	28	116
chr7	74788953	74788995	43	1	0	43	8	35	0	0	0	0	0	2	3	0	0	0	3	0	0	0	0	0	1	0	0	1	3	5	3	1	0	7	7	2	0	0	1	2
chr7	74788997	74790111	1115	1	0	1115	449	666	26	31	19	16	30	32	72	28	22	32	62	15	14	10	16	23	24	38	18	25	56	59	46	47	54	67	44	56	28	44	18	41
chr7	74790116	74790445	330	1	0	330	168	162	29	5	18	6	11	18	13	7	11	9	11	2	6	6	8	6	11	11	5	11	8	14	7	16	18	12	3	13	12	8	3	10
chr7	74790448	74791129	682	1	0	682	342	340	44	18	27	19	23	27	44	9	27	14	26	14	14	8	12	16	14	24	6	23	41	25	5	30	25	31	5	29	23	22	8	27
chr7	74791148	74792072	925	1	0	925	493	432	79	26	32	34	32	40	48	21	29	17	39	17	30	17	9	22	38	31	8	23	46	30	12	38	24	37	8	35	33	28	8	32
chr7	74792074	74794423	2350	1	0	2350	1098	1252	118	44	60	56	75	103	147	56	61	60	121	63	26	32	45	29	75	76	19	69	138	110	25	131	69	115	26	94	99	103	24	79
chr7	74794426	74795054	629	1	0	629	379	250	51	22	23	28	25	21	21	23	25	8	22	14	23	25	13	35	27	16	7	26	22	19	2	23	16	7	2	13	24	24	3	17
chr7	74795056	74797696	2641	1	0	2641	1381	1260	171	86	73	86	89	91	135	78	103	63	111	71	55	62	42	63	87	78	42	95	131	81	37	99	73	88	31	70	102	101	48	97
chr7	74797710	74797971	262	1	0	262	139	123	13	7	7	10	8	11	8	9	13	7	6	14	4	5	4	11	8	9	9	5	14	10	6	4	6	6	3	3	8	9	10	13
chr7	74797973	74798011	39	1	0	39	20	19	4	2	1	0	3	3	1	0	0	2	2	0	0	0	0	0	4	1	0	2	0	1	2	0	3	0	0	1	1	1	2	1
chr7	74798014	74799921	1908	1	0	1908	1017	891	141	52	79	52	71	69	104	52	66	41	82	43	46	36	33	49	76	50	18	53	79	52	13	85	65	71	19	77	76	56	16	84
chr7	74799922	74807118	7197	1	0	7197	3886	3311	587	184	217	278	244	285	346	203	195	128	310	194	239	143	149	183	249	209	60	222	315	207	95	293	230	267	89	248	284	227	56	259
chr7	74807122	74808741	1620	1	0	1620	859	761	118	36	45	57	58	80	80	49	40	31	73	44	42	30	40	34	51	49	14	63	77	55	11	67	65	60	8	53	74	46	13	55
chr7	74808743	74809481	739	1	0	739	412	327	57	18	21	39	25	20	35	23	22	11	32	15	33	14	12	33	19	24	2	18	36	21	7	34	22	28	9	27	26	25	8	21
chr7	74809482	74809641	160	1	0	160	67	93	3	0	2	6	3	10	13	0	3	4	11	3	2	3	1	2	6	5	2	4	8	6	2	11	6	8	6	8	6	8	2	4
chr7	74809642	74811855	2214	1	0	2214	1245	969	176	50	76	93	75	82	103	68	70	41	93	56	73	58	48	81	85	62	14	70	92	41	19	89	64	79	28	65	87	59	19	96
chr7	74811857	74813398	1542	1	0	1542	902	640	137	38	49	76	60	49	69	45	41	35	56	39	64	41	39	62	52	42	12	57	69	28	8	59	38	48	11	45	64	46	9	52
chr7	74813399	74813440	42	1	0	42	19	23	1	0	5	0	0	1	0	2	5	0	3	2	0	0	0	0	0	0	1	0	0	0	0	7	1	2	1	0	2	5	1	1
chr7	74813442	74815797	2356	1	0	2356	1200	1156	136	54	81	72	75	87	136	75	75	53	108	56	57	44	50	41	78	73	17	70	117	73	26	117	79	106	17	90	99	81	14	97
chr7	74815806	74817088	1283	1	0	1283	681	602	95	32	70	31	44	55	67	33	71	29	54	26	18	14	20	22	49	36	11	34	62	36	6	52	38	37	10	51	50	47	7	74
chr7	74817089	74818445	1357	1	0	1357	768	589	113	35	40	74	56	40	68	32	39	29	56	29	54	30	29	43	51	33	7	43	55	35	8	58	34	47	19	44	56	42	8	48
chr7	74818446	74818657	212	1	0	212	109	103	23	4	4	2	5	8	11	8	1	4	20	5	4	4	3	3	6	7	2	5	8	3	2	10	10	8	2	8	8	6	2	14
chr7	74818659	74818676	18	1	0	18	8	10	0	1	1	0	1	0	1	0	1	1	1	0	0	0	0	0	0	1	0	1	1	0	0	1	0	1	0	1	1	1	0	1
chr7	74818678	74821855	3178	1	0	3178	1624	1554	186	91	100	107	124	131	153	82	83	69	133	84	92	60	65	63	114	94	42	101	142	118	49	140	114	123	40	107	120	115	31	103
chr7	74821857	74821919	63	1	0	63	55	8	24	0	3	6	1	0	0	1	4	0	0	0	5	2	2	5	2	0	0	0	0	0	0	0	0	0	0	2	0	0	0	4
chr7	74821921	74822188	268	1	0	268	128	140	24	6	6	6	10	13	12	7	6	5	14	5	1	3	6	2	10	6	2	9	11	15	5	12	15	10	6	9	7	12	3	8
chr7	74822190	74822221	32	1	0	32	13	19	6	0	0	2	0	2	0	0	0	0	0	0	1	0	1	0	0	1	1	0	2	2	3	0	0	4	4	1	0	0	0	0
chr7	74822223	74823632	1410	1	0	1410	721	689	99	46	41	41	49	52	81	31	42	32	60	31	37	27	38	13	47	52	17	40	62	44	17	64	49	54	15	62	55	37	19	54
chr7	74823634	74824456	823	1	0	823	400	423	47	18	23	23	26	35	44	20	20	15	45	26	19	15	15	7	24	29	5	25	44	31	16	37	27	41	10	28	31	27	11	37
chr7	74824471	74824759	289	1	0	289	158	131	27	9	9	10	11	12	10	12	9	6	9	5	7	4	10	7	10	11	1	9	18	8	2	10	5	11	6	10	12	7	1	9
chr7	74824761	74824823	63	1	0	63	25	38	0	1	3	2	2	0	4	0	2	0	3	2	2	2	2	0	1	1	0	1	3	4	0	6	1	5	3	4	1	4	1	1
chr7	74824825	74824891	67	1	0	67	26	41	0	1	1	0	2	5	5	1	0	1	7	3	0	0	0	0	0	3	0	4	5	1	1	2	7	3	1	3	1	2	2	4
chr7	74824892	74825802	911	1	0	911	552	359	105	34	34	44	31	28	40	20	40	10	26	25	40	18	21	35	30	18	8	34	29	27	6	36	27	24	3	16	33	29	3	35
chr7	74825804	74826699	896	1	0	896	454	442	56	19	15	28	26	41	45	33	17	20	46	21	20	25	23	18	38	25	8	34	44	31	11	41	30	43	11	22	33	28	10	32
chr7	74826708	74827830	1123	1	0	1123	582	541	73	27	40	36	36	44	52	40	42	16	38	31	26	21	38	21	28	32	9	39	63	48	12	42	50	44	5	41	31	42	8	46
chr7	74827831	74827888	58	1	0	58	34	24	14	0	1	1	3	3	3	1	0	2	2	2	0	0	0	0	2	1	1	1	3	1	0	1	4	2	0	2	1	1	1	3
chr7	74827908	74829894	1987	1	0	1987	1116	871	179	43	66	96	91	64	85	62	61	25	77	76	54	43	47	46	68	47	8	52	94	54	14	80	66	74	15	59	74	66	15	84
chr7	74829895	74831504	1610	1	0	1610	989	621	129	30	50	87	54	44	57	64	50	29	62	65	62	48	49	107	71	33	8	39	55	43	9	49	39	33	4	32	54	47	7	98
chr7	74831505	74834705	3201	1	0	3201	1742	1459	242	73	113	129	114	141	144	66	87	65	135	82	114	70	70	95	138	93	23	96	133	75	41	151	89	122	35	94	105	110	33	121
chr7	74834706	74835673	968	1	0	968	560	408	75	21	29	44	33	30	49	32	21	22	38	30	41	25	24	44	32	28	4	34	44	23	5	33	28	25	5	36	41	29	4	37
chr7	74835675	74835748	74	1	0	74	34	40	4	1	3	1	3	6	4	1	1	1	2	3	1	2	0	1	3	2	2	3	5	2	1	2	2	5	1	3	4	2	0	1
chr7	74835750	74835984	235	1	0	235	102	133	8	5	5	6	7	8	15	3	4	5	15	4	5	5	3	3	4	7	4	8	11	9	9	11	11	17	4	10	7	7	3	10
chr7	74835987	74836148	162	1	0	162	78	84	11	4	2	8	7	7	13	1	4	0	9	3	2	1	3	2	3	5	2	2	10	4	1	10	10	8	1	11	5	7	0	4
chr7	74836150	74836199	50	1	0	50	35	15	16	1	4	0	1	1	2	0	2	3	3	0	2	0	0	0	3	0	0	2	0	0	0	1	0	0	0	0	1	0	0	6
chr7	74836201	74837983	1783	1	0	1783	903	880	114	38	49	58	59	76	108	45	43	46	88	48	43	27	32	28	52	58	16	61	100	54	11	80	65	74	19	64	71	60	22	72
chr7	74837985	74838028	44	1	0	44	17	27	1	0	1	1	1	3	3	0	0	0	2	3	1	1	0	0	1	1	1	1	3	3	1	3	1	2	1	2	2	3	0	0
chr7	74838030	74838379	350	1	0	350	203	147	29	8	14	15	8	15	8	14	14	4	14	7	15	9	12	16	16	9	1	9	11	10	6	14	7	8	4	11	11	14	1	14
chr7	74838382	74839112	731	1	0	731	412	319	70	14	28	29	28	23	35	27	19	10	33	24	25	15	16	14	29	11	1	21	25	16	8	27	29	27	5	33	30	22	4	31
chr7	74839120	74839774	655	1	0	655	353	302	37	13	31	27	30	24	23	26	27	12	26	18	14	11	20	13	24	11	7	18	30	14	9	17	25	23	10	29	24	22	2	36
chr7	74839776	74839834	59	1	0	59	23	36	0	2	1	0	2	2	3	2	1	3	4	2	0	0	0	0	1	4	0	2	4	4	1	3	0	3	1	2	4	2	2	2
chr7	74839836	74840986	1151	1	0	1151	543	608	59	20	38	27	28	46	66	34	32	28	58	28	24	17	20	17	27	37	14	33	52	49	26	59	61	52	14	37	34	48	12	52
chr7	74840988	74841027	40	1	0	40	19	21	5	1	1	1	0	2	1	0	1	0	0	0	1	0	3	1	0	2	0	1	2	3	3	1	1	4	1	2	0	0	0	1
chr7	74841029	74842125	1097	1	0	1097	552	545	56	27	27	35	35	41	56	36	30	22	57	33	24	18	26	28	28	28	8	43	58	37	20	48	27	58	8	39	55	40	10	37
chr7	74842127	74844359	2233	1	0	2233	1209	1024	189	56	60	88	82	94	114	67	55	45	95	58	65	46	44	49	81	70	22	68	101	67	17	101	78	84	17	65	97	65	12	79
chr7	74844361	74844863	503	1	0	503	249	254	38	6	7	19	17	22	28	9	3	11	31	16	13	6	9	12	9	11	8	17	27	16	7	22	20	27	9	20	21	18	6	16
chr7	74844865	74846806	1942	1	0	1942	1151	791	205	58	61	93	74	61	96	63	59	36	60	54	80	46	40	64	81	49	8	62	76	39	10	70	60	53	16	57	77	54	10	68
chr7	74846813	74847386	574	1	0	574	318	256	54	18	20	17	31	21	27	12	13	11	27	11	12	14	18	10	30	11	1	22	24	17	1	23	15	19	5	25	22	18	1	22
chr7	74847388	74847422	35	1	0	35	21	14	3	0	0	2	1	1	2	2	0	0	0	0	1	4	3	2	2	1	0	2	1	0	0	2	2	1	0	1	0	0	0	0
chr7	74847424	74847701	278	1	0	278	124	154	12	8	4	6	9	13	17	7	6	3	18	9	3	4	3	2	7	12	2	7	18	11	5	18	10	15	3	10	11	14	2	7
chr7	74847703	74851012	3310	1	0	3310	1722	1588	204	91	123	131	126	117	158	92	134	73	109	87	84	69	59	64	118	75	61	96	143	124	55	126	109	123	49	105	123	127	31	122
chr7	74851046	74851089	44	1	0	44	12	32	0	0	0	0	0	4	0	1	0	1	2	1	0	2	0	0	1	0	6	0	2	3	2	0	2	3	6	2	1	1	2	0
chr7	74851091	74851335	245	1	0	245	67	178	1	3	6	3	4	8	8	3	6	4	13	4	2	2	0	0	3	9	5	0	7	35	20	20	9	22	14	5	3	15	7	2
chr7	74851336	74851814	479	1	0	479	152	327	19	4	14	7	10	17	18	6	12	12	18	6	4	2	1	1	9	9	11	6	18	52	36	16	20	43	37	21	4	18	18	8
chr7	74851816	74851984	169	1	0	169	77	92	14	4	3	4	9	3	9	3	2	3	12	3	1	2	3	0	4	3	1	5	9	3	4	9	6	12	7	9	5	7	4	4
chr7	74851985	74852458	474	1	0	474	246	228	29	9	19	17	12	17	17	18	23	7	24	15	11	7	8	12	11	11	4	14	29	14	10	16	9	19	7	15	15	25	5	23
chr7	74852476	74853261	786	1	0	786	380	406	60	14	19	22	31	35	39	9	13	14	47	18	12	16	17	13	19	25	9	26	40	24	12	39	29	38	22	31	26	28	11	26
chr7	74853263	74854227	965	1	0	965	540	425	59	30	44	39	45	27	45	26	35	28	44	17	32	25	27	16	48	26	8	28	28	28	3	44	36	21	1	29	31	28	6	59
chr7	74854229	74857649	3421	1	0	3421	1970	1451	303	98	110	174	135	114	145	95	120	64	136	90	128	74	83	99	130	89	19	112	145	83	31	122	81	106	31	92	133	103	25	149
chr7	74857650	74857950	301	1	0	301	162	139	26	7	14	8	16	14	14	11	10	4	13	7	3	6	5	4	12	8	0	10	20	7	0	10	9	14	0	13	14	8	0	12
chr7	74857952	74857986	35	1	0	35	21	14	5	1	2	1	1	1	1	1	0	1	1	0	3	0	1	2	0	0	0	2	2	2	0	0	2	1	0	1	0	0	0	2
chr7	74857988	74858818	831	1	0	831	440	391	50	19	17	46	31	28	43	22	27	14	36	18	23	14	19	32	25	26	4	20	42	30	9	44	25	35	6	30	32	34	7	21
chr7	74858819	74859066	248	1	0	248	159	89	26	7	9	11	12	4	6	14	5	3	10	11	9	6	6	18	16	0	0	4	5	6	0	9	6	7	1	6	9	7	1	12
chr7	74859075	74859881	807	1	0	807	413	394	64	15	17	24	22	38	47	14	13	13	45	21	23	16	22	17	21	22	5	34	37	27	8	40	29	39	10	30	34	24	7	27
chr7	74859882	74861043	1162	1	0	1162	674	488	110	31	33	58	39	44	57	26	35	15	56	23	48	24	25	49	36	34	4	40	55	19	4	48	32	40	8	38	43	34	6	46
chr7	74861045	74861501	457	1	0	457	255	202	45	9	13	20	18	15	24	11	14	5	20	14	11	14	12	9	15	9	4	15	24	8	1	21	13	20	2	17	16	17	3	16
chr7	74861502	74865429	3928	1	0	3928	2196	1732	337	103	117	177	157	132	175	110	91	84	160	94	150	84	85	139	127	115	35	126	189	106	38	144	112	155	38	117	146	102	31	150
chr7	74865431	74865462	32	1	0	32	21	11	6	0	0	3	1	0	0	0	0	2	1	0	2	2	3	1	1	1	0	2	0	0	2	0	0	1	0	1	0	0	0	1
chr7	74865464	74865748	285	1	0	285	159	126	15	11	10	14	14	8	14	6	10	7	12	6	10	7	11	2	13	5	4	11	10	3	3	12	9	9	1	11	11	11	0	13
chr7	74865750	74865791	42	1	0	42	25	17	2	1	0	1	2	0	4	1	0	2	2	3	0	1	2	3	2	0	0	3	1	0	0	0	1	0	0	2	3	1	0	3
chr7	74865793	74866987	1195	1	0	1195	680	515	127	37	37	47	55	37	53	22	34	29	43	25	32	30	42	30	44	40	12	36	53	19	9	54	28	45	6	37	42	31	9	48
chr7	74866988	74868459	1472	1	0	1472	765	707	102	36	30	57	42	60	79	32	35	33	77	31	47	28	25	50	49	44	16	47	70	45	25	68	39	64	18	45	55	55	15	51
chr7	74868461	74868508	48	1	0	48	20	28	0	2	1	1	3	4	2	0	0	0	2	1	1	2	1	0	3	2	1	2	3	3	0	3	2	2	1	1	1	2	0	0
chr7	74868719	74869000	282	1	0	282	134	148	19	5	4	8	9	12	15	6	5	5	18	6	4	6	6	4	7	8	4	9	15	9	5	13	11	14	6	13	9	11	5	9
chr7	74869008	74869979	972	1	0	972	504	468	71	22	25	38	27	47	51	29	29	24	34	19	29	21	22	16	36	38	5	35	60	36	11	38	25	39	8	29	32	32	12	30
chr7	74869980	74871050	1071	1	0	1071	515	556	74	28	34	24	47	44	57	26	25	24	54	24	14	18	16	6	32	45	7	29	64	39	15	49	42	48	17	41	36	35	13	42
chr7	74871051	74871676	626	1	0	626	309	317	37	13	16	12	19	25	38	19	10	15	38	16	13	11	17	9	17	18	4	25	34	19	3	32	23	33	4	26	27	18	7	26
chr7	74871677	74872125	449	1	0	449	241	208	45	8	15	13	14	14	26	13	9	10	23	13	13	9	5	9	10	14	1	16	22	12	3	21	15	19	6	14	20	13	4	18
chr7	74872143	74876885	4743	1	0	4743	2212	2531	241	88	135	126	128	186	286	123	136	105	234	119	86	51	82	84	127	150	41	112	259	278	70	272	165	242	43	178	172	209	38	175
chr7	74876886	74877300	415	1	0	415	205	210	26	7	13	17	14	20	26	4	11	5	17	12	13	9	9	1	9	18	3	11	22	14	6	24	16	21	3	17	17	13	2	13
chr7	74877322	74877437	116	1	0	116	71	45	17	2	3	5	3	5	7	3	2	6	6	0	4	2	2	2	7	4	0	4	3	1	0	4	3	1	0	4	6	2	0	6
chr7	74877439	74877486	48	1	0	48	24	24	2	1	2	2	2	1	2	1	2	0	4	2	1	0	0	1	1	1	0	1	2	1	0	4	0	3	1	1	3	2	1	2
chr7	74877487	74877532	46	1	0	46	20	26	1	0	1	1	1	2	4	1	0	0	2	2	1	3	0	0	2	1	0	2	4	3	0	3	2	2	0	2	1	3	0	0
chr7	74877533	74877575	43	1	0	43	20	23	1	1	1	3	3	0	2	0	0	1	5	1	2	0	0	0	0	1	0	1	3	1	0	5	0	2	0	1	2	4	0	1
chr7	74877577	74878165	589	1	0	589	326	263	45	14	16	25	29	34	24	12	6	11	26	15	21	15	17	14	33	19	3	19	25	16	3	21	21	13	5	27	20	17	5	16
chr7	74878166	74882242	4077	1	0	4077	2175	1902	342	95	131	156	136	162	173	109	122	74	209	99	125	53	84	104	121	123	31	109	183	139	47	196	119	154	40	135	156	149	42	157
chr7	74882243	74882270	28	1	0	28	12	16	0	0	2	0	0	0	0	0	2	0	6	0	0	0	0	0	0	0	0	0	0	3	0	4	0	0	0	0	0	4	0	5
chr7	74882272	74884452	2181	1	0	2181	1061	1120	91	45	96	37	62	102	118	58	74	60	120	48	42	42	39	27	91	63	27	68	109	90	16	120	68	73	18	73	72	110	9	111
chr7	74884453	74886201	1749	1	0	1749	923	826	112	42	68	51	53	58	76	57	61	39	85	41	47	48	44	41	50	58	15	64	78	54	23	82	52	53	17	53	64	72	15	74
chr7	74886204	74887472	1269	1	0	1269	730	539	104	33	39	62	37	51	53	48	41	13	52	36	57	28	33	42	52	31	6	35	52	35	7	48	35	45	8	42	50	31	9	52
chr7	74887480	74890587	3108	1	0	3108	1657	1451	260	80	97	117	104	108	129	78	93	69	116	67	96	57	49	136	103	96	40	75	115	95	82	109	89	129	75	97	112	80	43	110
chr7	74890590	74892700	2111	1	0	2111	1080	1031	142	52	60	84	67	76	96	56	64	43	93	49	64	35	50	47	70	56	25	55	88	79	44	89	70	89	43	74	68	76	24	81
chr7	74892704	74893278	575	1	0	575	312	263	40	9	16	32	12	22	26	10	19	10	23	19	26	8	15	23	9	13	8	19	26	25	8	22	13	22	8	19	22	21	8	20
chr7	74893290	74894182	893	1	0	893	544	349	78	30	31	52	47	20	41	28	29	12	22	29	36	27	20	41	37	19	4	29	38	15	5	24	28	24	5	28	33	24	2	33
chr7	74894188	74894219	32	1	0	32	17	15	0	0	3	0	0	2	2	0	2	1	1	1	1	2	1	0	0	1	0	3	0	0	1	0	2	0	1	1	2	0	0	3
chr7	74894221	74894927	707	1	0	707	392	315	38	21	23	39	29	28	34	13	19	16	24	12	35	16	23	22	28	23	6	23	35	19	4	27	21	27	5	25	20	16	5	29
chr7	74894937	74895017	81	1	0	81	51	30	12	0	1	7	1	3	4	1	0	0	4	3	6	2	1	5	2	0	0	3	4	4	0	3	1	2	0	3	2	4	0	1
chr7	74895019	74895035	17	1	0	17	8	9	1	0	1	0	1	0	1	1	0	1	1	1	0	0	0	0	0	1	0	0	0	0	0	1	1	0	0	2	2	0	0	0
chr7	74895037	74895918	882	1	0	882	518	364	106	29	31	42	36	25	38	15	28	14	38	24	38	19	20	15	21	27	9	30	35	14	8	34	28	23	5	24	30	27	8	39
chr7	74895922	74896874	953	1	0	953	664	289	112	35	44	71	32	21	21	29	43	14	19	25	74	20	38	64	31	14	4	41	20	15	3	14	13	9	1	23	39	14	4	44
chr7	74896945	74899610	2666	1	0	2666	1530	1136	246	64	95	113	82	104	132	81	77	53	103	79	114	54	43	89	83	77	21	94	110	62	15	91	87	72	33	78	118	67	17	110
chr7	74899670	74899930	261	1	0	261	120	141	9	5	6	8	9	13	16	4	5	5	13	7	5	4	6	5	3	12	5	7	18	9	1	16	11	14	3	11	10	9	3	7
chr7	74899931	74900342	412	1	0	412	219	193	25	15	17	10	14	15	19	11	17	11	17	10	11	9	9	7	14	16	2	18	21	16	3	20	7	9	2	10	17	19	5	14
chr7	74900394	74900990	597	1	0	597	277	320	14	17	12	18	25	24	37	17	17	14	36	16	5	9	11	5	16	21	9	17	29	25	8	29	26	23	6	27	32	22	5	23
chr7	74901014	74901534	521	1	0	521	287	234	27	13	17	22	17	13	27	23	21	11	15	18	14	17	16	15	15	18	1	20	31	18	3	20	15	15	1	11	19	21	1	24
chr7	74901540	74901608	69	1	0	69	31	38	1	3	1	2	3	3	5	0	1	0	3	3	2	2	1	1	2	4	0	2	3	4	1	5	2	3	0	3	3	3	1	0
chr7	74901612	74901978	367	1	0	367	173	194	15	7	10	9	13	16	21	8	8	9	26	11	5	5	6	4	11	12	1	13	21	11	3	16	13	18	6	13	13	12	8	21
chr7	74902027	74902289	263	1	0	263	131	132	12	5	10	10	9	11	13	13	12	9	7	6	4	2	3	5	10	5	5	6	12	11	4	12	12	14	1	4	12	9	2	11
chr7	74902303	74902377	75	1	0	75	39	36	3	1	4	2	3	2	5	1	3	4	5	1	1	1	2	0	4	2	0	2	1	1	0	5	2	2	0	2	4	3	0	7
chr7	74902383	74902602	220	1	0	220	109	111	9	5	11	3	6	8	16	8	11	5	7	3	2	5	7	2	14	4	0	5	11	8	0	13	6	10	0	12	7	9	0	11
chr7	74902643	74903519	877	1	0	877	439	438	61	15	30	26	28	39	56	25	24	22	36	20	19	12	12	13	28	29	5	26	45	26	11	31	39	34	21	40	36	24	5	37
chr7	74903529	74907363	3835	1	0	3835	2143	1692	274	115	125	157	129	128	171	112	142	74	171	105	128	65	81	164	142	105	32	103	156	130	33	163	101	90	29	116	141	157	28	166
chr7	74907365	74907399	35	1	0	35	16	19	1	1	1	0	2	1	3	0	0	1	4	2	0	0	0	0	1	0	0	2	1	0	0	4	0	2	0	0	3	3	0	1
chr7	74907401	74908042	642	1	0	642	343	299	38	9	17	30	24	23	35	13	9	19	28	17	24	11	17	28	22	21	4	15	30	22	5	30	19	21	8	28	24	22	3	24
chr7	74908044	74908066	23	1	0	23	11	12	0	1	0	0	0	0	1	1	0	0	2	1	1	2	1	0	1	0	1	1	1	0	1	1	0	0	0	2	0	2	0	1
chr7	74908068	74908483	416	1	0	416	194	222	11	11	21	8	17	22	22	14	22	11	16	9	1	2	6	1	19	13	1	13	24	22	2	22	17	14	2	13	13	21	7	17
chr7	74908485	74908500	16	1	0	16	7	9	0	0	0	0	0	1	2	0	0	1	1	0	0	0	0	0	2	0	0	1	1	0	0	1	0	2	0	0	1	0	0	1
chr7	74908502	74908656	155	1	0	155	71	84	10	7	9	0	4	2	3	6	10	3	12	2	1	0	1	0	4	5	2	1	4	8	8	8	3	2	4	7	4	14	0	9
chr7	74908666	74909031	366	1	0	366	184	182	49	8	5	8	12	16	18	6	4	8	22	6	6	8	4	2	13	12	3	12	19	9	9	17	9	19	10	10	11	14	4	11
chr7	74909033	74912394	3362	1	0	3362	1618	1744	189	74	107	72	106	123	199	86	97	88	208	89	50	41	50	39	112	93	25	95	165	163	38	182	104	128	26	130	133	164	27	157
chr7	74912395	74912770	376	1	0	376	190	186	29	7	13	12	12	16	25	9	15	6	19	8	6	6	3	3	13	12	0	10	21	13	3	20	15	16	1	14	13	16	2	16
chr7	74912774	74912788	15	8	0	15	15	0	13	0	0	0	0	0	0	0	0	0	0	0	0	0	0	0	0	0	0	0	0	0	0	0	0	0	0	0	0	0	0	0
chr7	74912789	74912799	11	4	0	11	11	0	9	0	0	0	0	0	0	0	0	0	0	0	0	0	0	0	0	0	0	0	0	0	0	0	0	0	0	0	0	0	0	0
chr7	74912800	74914386	1587	1	0	1587	811	776	70	38	55	37	50	53	90	51	54	45	81	59	27	34	26	39	54	49	10	57	83	62	16	68	38	45	11	44	69	73	13	84
chr7	74914387	74914424	38	1	0	38	28	10	12	5	0	2	5	0	1	0	0	0	0	0	1	0	1	0	5	0	0	0	1	0	0	1	0	1	0	1	0	0	0	0
chr7	74914426	74914931	506	1	0	506	251	255	34	15	14	14	22	24	30	13	8	12	24	10	14	4	7	5	19	17	3	15	31	14	3	24	21	25	8	20	18	16	4	16
chr7	74914944	74915227	284	1	0	284	154	130	16	14	10	9	8	6	10	15	15	6	17	4	9	2	9	2	12	4	3	9	10	6	4	12	7	5	4	12	10	17	1	14
chr7	74915274	74915674	401	1	0	401	196	205	14	11	11	8	11	23	24	11	12	9	20	13	7	9	6	6	22	13	2	15	20	10	9	15	11	18	3	12	16	13	6	19
chr7	74915676	74916638	963	1	0	963	494	469	68	24	34	32	30	36	64	26	45	24	41	27	14	8	9	11	28	28	7	29	50	33	11	40	30	33	8	35	48	40	4	44
chr7	74916641	74917138	498	1	0	498	243	255	25	12	15	11	23	17	32	8	10	12	31	11	6	10	10	8	18	17	1	15	18	15	9	24	26	22	4	22	18	12	6	28
chr7	74918192	74918935	744	1	0	744	406	338	46	20	29	31	31	35	27	20	10	12	30	19	39	13	19	23	27	23	7	23	34	16	6	37	26	35	8	25	27	19	5	20
chr7	74918940	74920343	1404	1	0	1404	689	715	75	33	42	36	56	81	78	32	26	23	79	32	29	20	31	14	70	41	5	41	70	43	6	88	49	65	13	63	59	58	6	38
chr7	74920360	74923290	2931	1	0	2931	1506	1425	162	71	93	115	103	107	155	94	96	55	136	69	80	52	56	62	107	90	24	64	140	122	27	142	103	115	25	109	109	103	18	125
chr7	74923312	74926082	2771	1	0	2771	1474	1297	201	55	75	113	98	107	146	71	73	47	146	60	73	56	69	82	79	86	10	90	150	78	17	131	103	113	18	96	91	99	17	119
chr7	74926083	74926918	836	4	0	836	455	381	71	25	26	31	27	27	45	29	22	14	31	23	33	21	13	17	35	30	2	20	43	30	7	39	25	29	3	27	25	31	4	29
chr7	74926919	74926963	45	1	0	45	17	28	0	0	1	0	1	4	5	0	0	3	3	0	0	0	0	0	3	1	0	3	4	1	0	1	3	2	1	2	0	1	1	3
chr7	74926968	74929599	2632	4	0	2632	1364	1268	167	81	73	86	91	108	152	85	86	50	132	72	62	39	42	37	91	91	17	79	155	76	17	112	76	99	17	98	114	94	21	110
chr7	74929600	74929609	10	7	0	10	10	0	8	0	0	0	0	0	0	0	0	0	0	0	0	0	0	0	0	0	0	0	0	0	0	0	0	0	0	0	0	0	0	0
chr7	74929614	74929623	10	1	0	10	10	0	8	0	0	0	0	0	0	0	0	0	0	0	0	0	0	0	0	0	0	0	0	0	0	0	0	0	0	0	0	0	0	0
chr7	74929624	74930247	624	4	0	624	314	310	37	24	12	14	25	29	39	18	12	13	29	10	13	15	12	12	27	28	2	24	38	24	2	32	20	23	2	22	26	22	2	14
chr7	74930248	74930267	20	4	0	20	20	0	18	0	0	0	0	0	0	0	0	0	0	0	0	0	0	0	0	0	0	0	0	0	0	0	0	0	0	0	0	0	0	0
chr7	74930268	74932326	2059	4	0	2059	916	1143	76	45	59	33	56	77	154	57	58	41	111	38	23	28	41	18	55	72	7	57	132	124	20	116	90	113	7	102	67	83	6	91
chr7	74932328	74932349	22	4	0	22	8	14	0	0	1	0	1	3	2	0	0	0	1	0	0	0	0	0	0	1	0	2	3	1	0	0	2	0	0	2	0	1	0	0
chr7	74932351	74932517	167	4	0	167	81	86	8	6	2	6	6	7	10	5	4	1	12	4	4	2	3	1	5	6	0	5	9	6	1	12	6	8	1	5	7	8	0	5
chr7	74932519	74932583	65	4	0	65	27	38	2	0	2	2	1	3	6	3	2	0	2	1	1	1	0	0	1	1	0	2	6	3	0	3	4	6	2	4	2	2	0	1
chr7	74932594	74932729	136	4	0	136	62	74	3	1	2	3	4	8	8	1	0	3	19	2	2	3	3	0	4	5	2	4	9	4	0	4	7	3	1	5	1	4	1	18
chr7	74932730	74932747	18	1	0	18	16	2	12	1	0	0	2	0	0	0	0	0	0	0	0	0	0	0	1	0	0	0	0	0	0	0	0	0	0	0	0	0	0	0
chr7	74932748	74933799	1052	4	0	1052	512	540	43	21	36	26	30	30	82	21	32	31	49	29	23	16	25	16	31	31	3	33	56	36	9	64	41	48	5	42	35	50	3	53
chr7	74933802	74935320	1519	4	0	1519	758	761	80	31	49	43	56	63	89	44	48	39	75	39	20	15	43	22	44	55	7	42	86	54	9	79	65	57	5	57	57	62	3	79
chr7	74935321	74935581	261	4	0	261	168	93	37	7	12	12	11	7	7	6	10	5	13	6	10	3	7	14	7	5	0	10	7	5	0	8	6	3	0	7	12	8	0	14
chr7	74935582	74935594	13	1	0	13	5	8	0	0	0	0	0	0	1	0	0	1	2	0	0	0	0	0	0	0	0	1	1	1	0	1	0	0	0	0	1	1	0	1
chr7	74935595	74935609	15	4	0	15	8	7	0	1	0	0	0	0	1	0	0	1	0	0	1	2	1	0	0	0	0	3	1	1	0	0	0	0	0	0	0	1	0	0
chr7	74935611	74935699	89	4	0	89	51	38	8	1	3	4	4	2	3	5	1	0	1	5	2	1	5	4	2	2	0	0	5	2	0	4	7	4	0	5	0	3	0	4
chr7	74935700	74935713	14	1	0	14	9	5	1	3	0	0	4	0	0	0	0	0	0	0	0	0	0	0	3	0	0	0	1	0	0	0	0	0	0	0	0	0	0	0
chr7	74935714	74935901	188	4	0	188	102	86	37	6	3	2	7	7	7	5	3	0	12	3	1	4	3	0	3	5	1	8	11	5	3	8	7	9	3	5	5	8	1	4
chr7	74935911	74935925	15	7	0	15	12	3	5	0	0	1	0	0	0	0	0	0	0	0	1	2	2	1	0	0	0	1	0	0	0	0	0	0	0	0	0	0	0	0
chr7	74935926	74935999	74	4	0	74	33	41	3	3	2	0	3	2	5	2	2	3	5	2	0	0	0	0	2	3	0	3	4	2	1	5	1	5	0	2	5	3	1	3
chr7	74936001	74936076	76	4	0	76	35	41	3	2	2	1	1	2	6	1	1	1	3	2	3	3	4	0	1	2	0	5	4	2	0	6	2	5	2	3	2	4	0	1
chr7	74936078	74936193	116	4	0	116	60	56	6	3	1	4	4	3	7	4	1	2	6	6	3	1	3	5	2	4	0	3	5	4	1	7	5	6	0	3	6	4	1	4
chr7	74936197	74936354	158	4	0	158	79	79	12	3	7	5	9	9	10	2	3	0	5	6	3	1	1	1	4	5	1	3	11	3	0	8	8	10	3	9	7	4	0	3
chr7	74936356	74936377	22	4	0	22	14	8	4	0	3	0	0	0	0	0	4	0	2	0	0	0	0	0	0	0	0	0	0	1	0	1	0	0	0	0	0	1	0	4
chr7	74936378	74936451	74	4	0	74	35	39	11	0	6	2	1	0	0	0	6	2	4	0	2	0	0	0	1	0	1	0	0	15	1	8	0	0	0	0	0	10	0	2
chr7	74936452	74936796	345	4	0	345	216	129	22	9	11	24	19	12	13	13	15	6	9	11	10	8	11	22	18	9	2	6	13	7	0	6	11	3	0	12	14	7	0	20
chr7	74936798	74936838	41	4	0	41	30	11	5	4	1	4	4	0	1	2	1	0	1	0	4	1	0	1	5	0	0	0	0	0	0	1	2	0	0	0	0	1	0	1
chr7	74936845	74936860	16	1	0	16	11	5	3	2	1	0	1	0	1	0	1	0	0	0	1	1	0	0	1	0	0	1	0	0	0	0	0	0	0	0	0	0	0	1
chr7	74936861	74936930	70	4	0	70	49	21	5	5	1	4	3	1	3	3	2	1	1	1	6	3	1	8	5	1	0	3	3	0	0	1	1	0	0	1	1	3	0	1
chr7	74936931	74936947	17	1	0	17	12	5	3	0	2	0	0	0	0	2	1	0	0	0	1	1	1	0	1	0	0	0	0	0	0	0	0	0	0	2	0	0	0	1
chr7	74936948	74937583	636	4	0	636	408	228	51	22	21	36	37	16	20	34	18	16	12	17	24	30	18	35	33	17	2	31	21	11	1	12	21	5	0	10	32	12	1	18
chr7	74937588	74937606	19	4	0	19	19	0	4	0	0	5	0	0	0	0	0	0	0	0	4	0	0	4	0	0	0	0	0	0	0	0	0	0	0	0	0	0	0	0
chr7	74937607	74937622	16	1	0	16	16	0	3	0	0	4	0	0	0	0	0	0	0	0	3	0	0	4	0	0	0	0	0	0	0	0	0	0	0	0	0	0	0	0
chr7	74937623	74938623	1001	4	0	1001	594	407	108	26	43	42	34	37	42	27	32	17	33	24	46	18	27	37	33	29	2	34	46	18	5	38	25	32	4	35	36	28	3	38
chr7	74938625	74938653	29	4	0	29	19	10	0	1	0	2	1	1	0	2	1	1	0	1	1	0	2	5	0	0	1	2	1	0	0	0	2	0	0	0	1	1	1	0
chr7	74938655	74939105	451	4	0	451	230	221	22	18	12	11	30	15	29	15	6	14	19	9	5	7	9	7	26	14	2	12	23	12	1	21	18	18	2	24	22	13	1	12
chr7	74939110	74939121	12	4	0	12	12	0	10	0	0	0	0	0	0	0	0	0	0	0	0	0	0	0	0	0	0	0	0	0	0	0	0	0	0	0	0	0	0	0
chr7	74939127	74940003	877	4	0	877	483	394	57	33	24	35	39	32	47	33	23	9	35	25	30	15	20	25	31	27	4	27	41	23	1	43	43	27	2	31	36	31	1	25
chr7	74940005	74940019	15	4	0	15	9	6	1	0	1	0	0	1	1	0	0	2	1	0	0	0	0	0	2	0	0	1	0	0	0	0	0	0	0	0	0	0	0	3
chr7	74940021	74940610	590	4	0	590	298	292	45	14	24	12	21	32	33	15	24	11	33	9	4	9	7	4	24	24	1	17	35	18	1	33	18	19	1	23	24	26	3	24
chr7	74940612	74940645	34	4	0	34	16	18	1	0	1	1	1	2	2	2	0	1	1	1	1	1	0	0	1	1	0	2	3	2	0	0	1	1	0	2	2	2	0	0
chr7	74940647	74941291	645	4	0	645	333	312	34	12	28	21	21	22	31	19	24	16	37	18	16	6	22	6	17	14	2	23	27	21	2	42	22	25	1	20	26	32	3	33
chr7	74941293	74941367	75	4	0	75	36	39	2	2	1	1	2	5	6	1	1	2	3	3	1	1	3	1	3	3	0	4	2	3	0	5	5	3	0	2	4	1	0	3
chr7	74941372	74943208	1837	4	0	1837	991	846	115	62	62	69	72	69	95	71	69	34	75	49	51	22	30	45	66	54	13	54	102	61	4	78	61	58	8	59	78	72	7	70
chr7	74943210	74943237	28	4	0	28	14	14	0	0	0	1	0	0	0	1	0	0	2	2	1	1	2	4	0	1	0	0	0	3	0	2	1	0	0	1	0	3	0	1
chr7	74943239	74943347	109	4	0	109	72	37	4	3	3	6	3	7	1	13	1	0	1	2	8	9	2	7	13	3	0	3	3	2	0	1	5	1	0	2	3	0	0	1
chr7	74943348	74943378	31	4	0	31	24	7	8	0	7	0	0	0	0	0	7	0	0	0	0	0	0	0	0	0	0	0	0	0	0	0	0	0	0	0	0	0	0	7
chr7	74943381	74943801	421	4	0	421	198	223	21	7	13	12	13	11	31	13	14	7	27	6	6	6	5	5	8	12	1	9	20	14	4	30	25	23	4	18	15	19	1	19
chr7	74943803	74943834	32	4	0	32	13	19	0	0	2	0	1	1	4	0	0	2	2	0	0	0	0	0	1	0	0	2	1	0	0	3	3	3	0	2	1	1	0	1
chr7	74943836	74943913	78	4	0	78	37	41	0	2	1	0	0	5	5	5	2	3	4	3	0	0	4	2	4	3	0	3	4	1	0	7	1	2	0	3	6	5	0	1
chr7	74943915	74943933	19	4	0	19	7	12	0	0	0	0	0	1	3	0	0	0	2	0	0	0	0	0	0	2	0	0	1	0	0	2	2	1	0	1	1	0	0	1
chr7	74943935	74944088	154	4	0	154	64	90	3	2	4	2	3	6	8	4	4	4	9	4	1	4	5	0	4	7	4	1	9	13	1	13	6	5	1	4	3	10	0	8
chr7	74944091	74944214	124	4	0	124	65	59	7	1	12	3	4	3	6	2	8	4	4	0	4	3	0	3	6	1	1	3	5	4	1	8	3	6	0	5	2	7	0	6
chr7	74944218	74944291	74	4	0	74	46	28	0	1	2	8	1	2	4	8	10	0	2	2	0	2	1	1	3	0	0	2	1	0	0	2	3	1	0	2	9	2	0	3
chr7	74944293	74944333	41	4	0	41	26	15	7	0	6	1	0	0	0	1	5	0	2	0	1	0	1	0	0	0	0	0	0	0	0	4	1	2	0	1	1	2	0	4
chr7	74944343	74944368	26	4	0	26	21	5	13	0	0	1	1	0	1	0	1	1	1	1	0	0	0	0	1	0	0	0	0	0	0	0	0	0	0	0	1	0	0	2
chr7	74944370	74944685	316	4	0	316	150	166	14	4	8	13	14	16	13	11	5	7	14	7	6	7	10	1	7	13	2	12	17	12	9	10	20	14	3	13	9	9	4	10
chr7	74944686	74944712	27	4	0	27	27	0	25	0	0	0	0	0	0	0	0	0	0	0	0	0	0	0	0	0	0	0	0	0	0	0	0	0	0	0	0	0	0	0
chr7	74944715	74945012	298	4	0	298	150	148	14	8	10	9	13	12	13	10	9	6	14	8	5	5	9	5	10	11	1	9	18	9	3	14	8	14	3	11	12	10	1	12
chr7	74945013	74945027	15	4	0	15	14	1	4	1	0	2	0	0	0	0	0	0	0	0	3	0	0	2	1	0	0	0	0	0	0	0	0	0	0	0	0	0	0	0
chr7	74945032	74945077	46	4	0	46	29	17	7	4	1	1	7	0	1	1	0	1	2	1	0	1	0	1	6	0	0	0	0	2	0	2	0	1	0	1	2	1	0	1
chr7	74945080	74945533	454	4	0	454	240	214	35	10	11	17	17	23	28	7	8	6	25	14	14	5	11	8	14	14	1	15	19	11	1	26	22	15	2	20	20	17	2	14
chr7	74945534	74945746	213	1	0	213	115	98	17	8	11	3	10	10	8	4	8	4	7	8	5	2	6	3	8	8	1	7	12	8	3	6	3	9	0	5	9	4	0	14
chr7	74945748	74945793	46	1	0	46	19	27	1	0	1	1	1	5	3	0	0	0	3	1	1	1	0	0	2	2	1	1	3	2	0	2	2	3	1	2	2	1	0	2
chr7	74945795	74946023	229	1	0	229	110	119	8	6	4	9	11	5	15	8	4	4	13	8	4	4	4	2	5	8	0	6	17	7	1	10	10	13	4	9	7	7	3	11
chr7	74946027	74946461	435	1	0	435	228	207	45	13	10	11	12	13	27	10	11	11	28	6	10	7	8	5	13	12	2	17	23	14	3	19	12	17	2	16	14	16	5	21
chr7	74946462	74947216	755	4	0	755	378	377	40	18	18	27	26	32	41	23	18	17	32	17	19	20	19	10	29	28	7	23	36	23	16	36	28	34	4	28	29	27	5	23
chr7	74947218	74947273	56	4	0	56	28	28	8	1	1	0	2	3	5	0	0	1	4	2	0	0	0	0	1	0	1	3	3	1	0	1	5	2	0	3	1	2	1	3
chr7	74947278	74947319	42	4	0	42	28	14	6	0	7	0	0	0	0	0	7	0	6	1	0	0	0	0	0	0	0	0	0	0	0	0	0	0	0	0	0	0	0	13
chr7	74947327	74947344	18	1	0	18	13	5	4	0	4	0	0	0	0	0	4	0	0	0	0	0	0	0	0	0	0	0	0	0	0	0	0	0	0	0	0	0	0	4
chr7	74947345	74947361	17	4	0	17	12	5	2	0	3	0	0	0	0	0	3	0	1	1	0	0	0	0	0	0	0	0	0	0	0	0	0	0	0	0	0	0	0	5
chr7	74947366	74947406	41	4	0	41	30	11	10	0	10	0	0	0	0	0	10	0	0	0	0	0	0	0	0	0	0	0	0	0	0	0	0	0	0	0	0	0	0	9
chr7	74947415	74947445	31	4	0	31	22	9	7	0	6	0	0	0	0	0	6	0	2	0	0	0	0	0	0	0	0	0	0	0	0	0	0	0	0	0	0	0	0	8
chr7	74947450	74947467	18	4	0	18	4	14	0	0	0	0	0	0	0	0	0	0	4	0	0	0	0	0	0	0	0	0	0	5	0	3	0	0	0	0	0	4	0	0
chr7	74947474	74947535	62	7	0	62	17	45	1	0	3	0	0	1	0	0	3	0	8	0	0	0	0	0	0	0	0	1	1	19	0	10	0	1	1	0	0	10	0	1
chr7	74947536	74947561	26	4	0	26	9	17	1	0	2	0	0	0	0	0	2	0	3	0	0	0	0	0	0	0	0	0	0	6	0	5	0	0	0	0	0	4	0	1
chr7	74947562	74947605	44	7	0	44	16	28	0	0	4	0	0	0	0	0	4	0	7	0	0	0	0	0	0	0	0	0	0	8	0	8	0	0	0	0	0	8	0	3
chr7	74947606	74947648	43	4	0	43	15	28	0	0	4	0	0	0	0	0	4	0	7	0	0	0	0	0	0	0	0	0	0	8	0	8	0	0	0	0	0	7	0	3
chr7	74947649	74947670	22	1	0	22	8	14	0	0	2	0	0	0	0	0	2	0	3	0	0	0	0	0	0	0	0	0	0	4	0	4	0	0	0	0	0	3	0	2
chr7	74947671	74947719	49	4	0	49	16	33	0	0	6	0	0	0	0	0	6	0	4	0	0	0	0	0	0	0	0	0	0	13	0	8	0	0	0	0	0	9	0	1
chr7	74947720	74948165	446	4	0	446	223	223	19	10	21	14	13	11	23	23	23	14	13	7	9	4	13	6	16	14	0	9	25	22	2	25	13	17	1	20	16	22	3	16
chr7	74948168	74948178	11	4	0	11	11	0	9	0	0	0	0	0	0	0	0	0	0	0	0	0	0	0	0	0	0	0	0	0	0	0	0	0	0	0	0	0	0	0
chr7	74948181	74948443	263	4	0	263	119	144	8	4	4	8	9	14	16	4	3	6	20	9	4	5	4	1	5	12	3	9	15	9	3	13	10	8	7	11	13	10	3	11
chr7	74948446	74948472	27	4	0	27	9	18	0	0	0	0	0	2	3	2	0	0	1	0	0	0	0	0	1	0	0	1	3	1	0	0	2	3	2	3	1	0	0	0
chr7	74948474	74950890	2417	4	0	2417	1251	1166	166	48	66	81	83	106	134	66	53	48	118	63	59	54	49	56	90	81	15	70	134	67	20	109	71	108	25	93	95	74	18	95
chr7	74950895	74951043	149	4	0	149	88	61	10	7	4	9	8	3	7	7	4	3	3	5	8	2	4	3	5	2	1	7	7	1	2	3	6	7	1	4	7	3	0	4
chr7	74951045	74951069	25	4	0	25	12	13	1	0	1	1	1	1	2	0	0	1	1	1	1	1	0	0	0	0	0	3	2	2	0	0	1	0	0	1	0	2	0	0
chr7	74951071	74951668	598	4	0	598	286	312	27	11	15	17	20	27	32	14	14	17	35	21	9	9	10	8	18	21	5	20	30	20	13	28	12	27	12	19	33	23	4	25
chr7	74951669	74951680	12	4	0	12	12	0	10	0	0	0	0	0	0	0	0	0	0	0	0	0	0	0	0	0	0	0	0	0	0	0	0	0	0	0	0	0	0	0
chr7	74951684	74952272	589	4	0	589	385	204	56	18	26	47	28	12	16	16	18	6	16	16	43	28	12	25	27	12	3	22	20	11	2	17	14	11	3	6	11	16	4	25
chr7	74952274	74952447	174	4	0	174	101	73	15	5	11	5	3	3	9	6	8	4	2	3	10	3	5	8	7	4	0	4	7	6	2	6	3	7	0	10	5	4	0	7
chr7	74952449	74952465	17	4	0	17	9	8	0	0	0	1	0	0	2	1	0	0	0	1	1	1	0	0	1	0	0	0	1	0	0	1	1	2	0	1	1	0	0	0
chr7	74952467	74952480	14	4	0	14	6	8	1	0	1	0	1	1	1	0	0	0	0	0	0	0	0	0	0	0	0	1	2	1	0	0	1	0	0	1	0	1	0	0
chr7	74952481	74952526	46	1	0	46	19	27	0	1	2	0	0	3	3	0	1	2	3	2	2	0	0	0	0	4	0	2	3	1	0	3	0	2	0	2	3	2	2	1
chr7	74952527	74952765	239	4	0	239	111	128	12	4	6	5	8	9	9	5	5	4	22	6	2	3	8	2	7	5	0	8	10	17	4	13	5	8	4	9	9	13	0	15
chr7	74952766	74952816	51	1	0	51	26	25	0	0	13	0	0	0	0	0	12	0	0	0	0	0	0	0	0	0	0	0	0	0	0	12	0	0	0	0	0	12	0	0
chr7	74952821	74952844	24	4	0	24	16	8	3	0	4	1	0	0	0	1	6	0	0	0	0	0	0	0	0	0	0	0	0	0	0	2	0	0	0	0	1	2	0	2
chr7	74952845	74953059	215	4	0	215	123	92	16	6	15	5	10	6	10	7	9	7	5	3	7	5	5	7	11	6	0	7	9	4	0	10	6	4	0	9	7	9	0	8
chr7	74953060	74953376	317	4	0	317	157	160	10	5	15	9	12	15	13	17	15	5	14	12	2	4	5	3	10	9	4	6	16	15	2	12	14	11	1	13	17	10	3	16
chr7	74953378	74954429	1052	4	0	1052	511	541	47	25	28	28	41	50	66	25	27	25	52	23	14	18	22	18	38	43	9	28	64	37	9	46	34	48	11	47	46	28	5	48
chr7	74954430	74954445	16	1	0	16	6	10	0	0	1	0	0	1	0	0	0	0	1	2	0	0	0	0	0	1	0	0	1	1	0	2	0	0	1	0	0	2	1	0
chr7	74954446	74954523	78	4	0	78	38	40	9	1	1	0	2	4	6	1	1	3	5	1	1	1	0	0	1	3	2	3	3	3	1	4	4	3	1	2	5	2	0	3
chr7	74954531	74954897	367	4	0	367	205	162	42	5	20	14	9	12	16	10	20	7	18	7	9	5	5	5	8	8	3	10	13	8	5	18	12	13	1	10	14	14	3	21
chr7	74954898	74954910	13	1	0	13	9	4	2	0	3	0	0	0	0	0	2	0	1	0	0	0	0	0	0	0	0	0	0	0	0	0	0	0	0	0	0	0	0	3
chr7	74954919	74954974	56	4	0	56	39	17	11	0	9	0	0	0	0	1	9	1	5	1	0	0	0	0	0	0	1	0	0	0	0	0	0	0	0	0	1	0	1	14
chr7	74954975	74954996	22	1	0	22	13	9	5	1	3	0	1	0	0	0	3	0	0	0	0	0	0	0	0	0	0	0	1	0	0	1	0	2	0	0	0	1	0	2
chr7	74954997	74955711	715	4	0	715	366	349	37	17	30	18	28	30	40	27	25	19	27	19	13	10	17	8	31	19	4	22	30	21	9	29	32	29	5	27	32	20	2	36
chr7	74955712	74955970	259	6	0	259	135	124	32	9	2	7	10	9	16	5	4	4	17	6	4	2	3	4	6	7	0	11	15	6	3	10	7	14	5	8	12	8	2	9
chr7	74955971	74956312	342	4	0	342	167	175	30	6	6	9	14	10	22	10	5	8	21	8	3	5	5	3	8	12	2	7	15	9	3	19	18	15	7	18	16	10	6	10
chr7	74956314	74956605	292	4	0	292	136	156	20	5	4	6	7	15	24	3	5	5	18	7	4	7	5	0	10	8	2	11	14	10	3	16	11	17	6	12	14	8	1	12
chr7	74956608	74958748	2141	4	0	2141	1133	1008	147	65	61	69	83	73	105	81	55	44	96	60	57	42	51	44	74	68	9	71	107	72	19	91	70	80	19	71	91	69	15	80
chr7	74958751	74959065	315	4	0	315	153	162	29	7	8	7	14	15	19	6	6	9	14	3	2	6	4	2	12	11	5	9	16	12	4	17	13	16	4	11	13	10	1	8
chr7	74959068	74959372	305	4	0	305	135	170	12	5	5	10	10	13	19	9	5	7	16	5	4	5	7	2	9	10	3	8	18	19	5	14	12	17	5	16	12	11	1	9
chr7	74959373	74960370	998	4	0	998	516	482	55	28	41	36	51	42	50	31	31	21	33	25	23	15	21	11	33	35	9	29	60	28	6	42	40	48	5	37	41	25	6	38
chr7	74960371	74960421	51	1	0	51	21	30	0	1	2	1	2	1	3	0	2	2	4	1	0	0	2	0	0	1	0	3	2	4	1	4	1	2	0	1	3	3	1	2
chr7	74960422	74960682	261	4	0	261	136	125	27	5	4	7	11	9	17	6	2	6	20	6	4	5	4	1	8	7	1	9	9	6	1	10	14	8	6	12	12	5	2	15
chr7	74960683	74960702	20	1	0	20	20	0	0	0	0	0	0	0	0	0	0	0	0	0	0	0	0	18	0	0	0	0	0	0	0	0	0	0	0	0	0	0	0	0
chr7	74960717	74961310	594	4	0	594	327	267	62	15	13	20	18	31	26	15	13	12	19	11	19	13	18	20	26	18	6	21	24	20	10	23	23	25	5	11	17	14	3	21
chr7	74961311	74961324	14	1	0	14	10	4	4	0	3	0	0	0	0	0	3	0	0	0	0	0	0	0	0	0	0	0	0	0	0	0	0	0	0	0	0	0	0	2
chr7	74961325	74961334	10	4	0	10	10	0	8	0	0	0	0	0	0	0	0	0	0	0	0	0	0	0	0	0	0	0	0	0	0	0	0	0	0	0	0	0	0	0
chr7	74961343	74961421	79	4	0	79	32	47	0	3	1	0	1	4	6	0	2	1	6	2	1	2	3	0	1	2	0	5	3	4	1	8	4	3	0	3	3	7	1	0
chr7	74961422	74961438	17	6	0	17	8	9	0	0	0	0	0	2	0	1	0	0	0	1	0	0	3	0	1	1	0	0	2	0	0	0	0	1	0	2	0	0	0	1
chr7	74961439	74961757	319	4	0	319	186	133	35	7	11	16	15	5	17	12	6	5	10	10	12	7	9	8	10	6	0	7	13	6	2	13	15	17	0	12	11	5	0	15
chr7	74961758	74961786	29	1	0	29	23	6	9	4	0	1	5	1	0	0	0	0	0	0	1	0	0	1	5	0	0	0	0	0	0	0	0	0	0	0	0	0	0	0
chr7	74961787	74962167	381	4	0	381	207	174	45	9	11	14	14	14	27	10	14	5	12	8	6	7	5	4	10	11	1	13	21	10	1	18	20	17	1	12	14	12	1	12
chr7	74962170	74962193	24	4	0	24	11	13	0	0	0	0	0	2	0	1	0	0	4	2	0	0	1	1	0	1	0	1	1	0	0	1	0	1	0	1	2	1	0	2
chr7	74962195	74962214	20	4	0	20	6	14	0	0	0	0	0	2	2	0	0	0	1	0	0	0	0	0	0	0	0	2	2	0	0	1	2	2	2	1	0	1	0	0
chr7	74962216	74963074	859	4	0	859	430	429	52	18	15	30	27	39	45	23	21	18	49	30	15	12	23	12	35	23	5	24	36	28	14	42	26	38	11	29	37	31	12	37
chr7	74963075	74963092	18	4	0	18	18	0	16	0	0	0	0	0	0	0	0	0	0	0	0	0	0	0	0	0	0	0	0	0	0	0	0	0	0	0	0	0	0	0
chr7	74963093	74963112	20	1	0	20	8	12	0	0	1	0	0	1	1	2	0	0	0	0	1	0	0	1	0	1	0	0	3	0	0	1	1	4	0	1	0	0	0	0
chr7	74963113	74963385	273	4	0	273	123	150	10	6	10	7	10	8	15	5	7	4	11	8	5	4	7	4	5	8	2	7	19	14	3	14	10	18	6	14	5	10	7	8
chr7	74963387	74963399	13	4	0	13	13	0	11	0	0	0	0	0	0	0	0	0	0	0	0	0	0	0	0	0	0	0	0	0	0	0	0	0	0	0	0	0	0	0
chr7	74963401	74964142	742	4	0	742	364	378	44	17	25	18	15	31	40	20	26	14	34	18	20	9	17	14	24	22	6	19	33	46	6	40	29	25	12	24	21	32	6	33
chr7	74964143	74964591	449	6	0	449	158	291	9	6	13	4	12	13	23	7	9	12	28	5	2	6	8	0	7	16	4	10	16	38	25	27	21	29	19	24	12	23	8	11
chr7	74964603	74964773	171	6	0	171	41	130	2	5	2	0	5	2	9	2	1	3	6	0	1	2	1	0	5	2	1	4	3	14	20	3	9	17	29	11	1	6	3	0
chr7	74964774	74964837	64	4	0	64	17	47	2	1	3	0	4	0	1	0	0	1	5	0	0	0	0	0	1	0	0	1	1	8	5	6	3	6	6	2	0	5	1	0
chr7	74964838	74964851	14	6	0	14	0	14	0	0	0	0	0	0	0	0	0	0	0	0	0	0	0	0	0	0	0	0	0	2	5	0	0	4	1	0	0	0	0	0
chr7	74964852	74964935	84	4	0	84	9	75	0	0	0	0	0	1	2	0	0	2	4	0	0	0	0	0	1	2	0	0	0	15	17	2	2	14	11	3	0	3	2	1
chr7	74964936	74964970	35	6	0	35	6	29	0	0	0	0	0	0	0	1	0	2	2	1	0	0	0	0	0	0	2	0	0	4	6	0	0	3	5	2	1	3	1	0
chr7	74964971	74965035	65	4	0	65	21	44	0	2	1	0	3	2	3	2	1	2	2	2	0	0	0	0	1	1	2	2	5	2	4	1	4	5	6	3	0	5	2	0
chr7	74965036	74965045	10	6	0	10	5	5	0	0	0	0	0	0	0	0	0	0	2	1	0	1	0	1	0	0	0	1	0	0	0	0	0	0	0	0	0	1	0	1
chr7	74965046	74965333	288	4	0	288	75	213	5	5	9	0	7	6	10	0	6	12	9	2	1	2	1	0	8	11	4	2	6	38	29	14	5	24	32	9	4	14	7	4
chr7	74965335	74965725	391	4	0	391	148	243	17	9	6	12	6	12	14	10	17	6	14	13	4	2	2	2	4	10	14	2	17	57	19	18	10	21	12	9	11	23	9	7
chr7	74965726	74965865	140	4	0	140	65	75	8	4	7	2	6	8	5	5	5	0	4	3	2	2	2	2	8	3	1	1	4	13	1	10	9	7	0	4	3	6	0	3
chr7	74965866	74965883	18	1	0	18	9	9	0	0	0	0	0	8	0	0	0	0	0	0	0	0	0	0	8	0	0	0	0	0	0	0	0	0	0	0	0	0	0	0
chr7	74965906	74965938	33	1	0	33	18	15	2	0	1	1	1	1	1	1	1	0	3	1	0	1	1	1	0	1	0	1	2	1	0	2	1	1	0	0	1	2	0	3
chr7	74965939	74966773	835	4	0	835	394	441	44	28	29	25	37	32	46	18	26	14	33	15	19	7	14	6	35	23	5	18	31	49	22	38	30	46	10	45	37	22	7	22
chr7	74966779	74967428	650	4	0	650	291	359	22	11	23	13	17	22	47	23	21	26	22	13	9	4	11	6	26	18	4	15	37	45	5	40	22	36	5	23	23	28	6	25
chr7	74967429	74967464	36	1	0	36	13	23	0	0	0	0	0	3	3	1	0	2	1	0	0	0	1	1	1	3	0	1	3	5	0	2	1	1	0	2	2	0	0	1
chr7	74967465	74967536	72	4	0	72	33	39	4	3	1	0	1	3	5	2	0	2	3	0	3	1	4	0	3	3	0	2	3	5	0	6	4	3	0	3	1	3	0	2
chr7	74967538	74967558	21	4	0	21	21	0	19	0	0	0	0	0	0	0	0	0	0	0	0	0	0	0	0	0	0	0	0	0	0	0	0	0	0	0	0	0	0	0
chr7	74967563	74969299	1737	4	0	1737	862	875	92	34	64	54	58	63	87	45	52	31	86	45	41	34	49	26	54	51	10	47	81	70	20	98	61	79	21	69	57	69	15	72
chr7	74969300	74970984	1685	4	0	1685	821	864	89	36	72	34	55	68	91	31	54	41	74	44	33	31	39	29	49	67	20	40	83	65	24	87	55	69	21	69	58	59	17	79
chr7	74970985	74971065	81	1	0	81	44	37	7	4	2	1	7	4	2	2	0	2	5	3	0	1	1	2	4	3	0	4	6	1	0	1	3	2	1	2	3	2	1	3
chr7	74971066	74971970	905	4	0	905	414	491	21	23	22	19	22	36	58	32	20	20	43	26	22	16	20	13	29	37	4	25	51	51	15	54	30	43	6	36	38	40	3	28
chr7	74971971	74972015	45	1	0	45	30	15	5	0	2	3	2	0	1	2	0	2	4	1	3	1	0	4	2	0	0	0	2	0	0	0	0	0	0	2	0	2	0	5
chr7	74972016	74972660	645	4	0	645	317	328	32	16	16	20	23	25	42	26	17	12	29	11	13	12	14	7	20	21	3	21	39	15	5	35	37	34	2	27	20	24	6	19
chr7	74972661	74972680	20	1	0	20	16	4	9	1	2	0	2	0	0	0	0	1	0	0	0	0	0	0	1	0	0	1	0	0	0	0	0	0	0	0	0	0	0	1
chr7	74972681	74973354	674	4	0	674	339	335	47	19	23	16	28	24	36	19	13	17	34	13	17	11	14	6	24	20	8	19	32	23	6	30	27	30	8	31	24	18	8	27
chr7	74973359	74974321	963	4	0	963	451	512	37	15	34	22	25	36	72	26	26	17	50	21	20	17	20	13	30	26	3	26	52	44	6	53	49	48	8	52	28	37	3	45
chr7	74974322	74974366	45	1	0	45	19	26	2	1	2	0	0	0	3	0	3	1	1	1	0	1	2	1	2	0	0	1	0	2	1	5	1	3	3	1	1	3	1	1
chr7	74974367	74974429	63	4	0	63	30	33	3	1	2	0	1	2	3	1	2	3	7	0	0	2	1	1	2	3	2	1	3	2	0	5	1	0	0	1	2	5	0	5
chr7	74974430	74974471	42	1	0	42	10	32	0	0	0	0	0	3	4	2	0	0	1	0	0	0	0	0	2	0	0	1	3	11	0	3	4	4	0	1	0	1	0	0
chr7	74974472	74975463	992	4	0	992	479	513	54	32	27	20	42	45	61	23	17	21	49	26	21	19	15	5	36	37	10	34	62	36	9	48	37	44	11	36	36	38	4	35
chr7	74975464	74975483	20	1	0	20	8	12	1	0	1	0	1	1	1	0	0	1	1	0	0	0	0	0	0	1	0	1	2	2	0	0	1	0	0	1	0	2	0	1
chr7	74975485	74975501	17	1	0	17	6	11	0	0	0	0	1	1	0	0	0	0	0	2	0	0	0	0	1	0	0	0	0	1	2	1	0	2	2	0	1	1	0	0
chr7	74975502	74975583	82	4	0	82	41	41	7	2	0	3	0	4	3	1	2	3	3	3	3	1	5	1	1	5	3	1	5	2	2	3	0	3	1	2	2	2	2	5
chr7	74975585	74975709	125	4	0	125	58	67	16	0	1	3	1	2	10	4	4	3	7	2	0	2	1	1	3	0	1	3	7	3	1	6	3	10	7	6	4	5	3	4
chr7	74975719	74976531	813	4	0	813	406	407	33	20	30	30	33	21	40	26	24	12	36	24	23	16	23	14	23	21	4	22	43	38	8	43	29	37	9	33	25	35	5	31
chr7	74976545	74976612	68	1	0	68	36	32	0	4	0	3	5	2	2	2	0	1	8	2	2	0	1	3	5	2	0	0	1	0	0	9	2	0	0	0	3	8	0	1
chr7	74976613	74977196	584	4	0	584	264	320	25	10	19	7	16	28	39	12	13	19	27	18	8	11	10	1	19	26	3	20	35	26	5	38	13	27	8	22	28	26	8	15
chr7	74977198	74977227	30	4	0	30	22	8	8	2	2	2	2	1	0	0	0	0	0	0	3	1	0	0	2	2	0	0	1	0	0	2	0	0	0	0	0	0	0	0
chr7	74977228	74978065	838	4	0	838	405	433	50	16	17	21	22	41	57	17	21	14	48	25	11	14	19	10	26	24	5	30	47	27	11	38	31	41	7	37	33	31	9	36
chr7	74978066	74978104	39	4	0	39	21	18	5	2	2	0	3	2	2	0	0	0	2	0	2	0	0	0	1	3	0	0	1	2	0	2	4	0	0	2	1	0	0	1
chr7	74978107	74978245	139	4	0	139	71	68	14	2	4	5	8	3	8	3	3	4	7	4	1	2	1	0	3	5	0	3	9	6	1	5	7	3	1	7	4	7	2	5
chr7	74978247	74978292	46	4	0	46	24	22	6	0	0	3	1	4	1	1	0	1	1	0	2	1	3	0	0	1	2	1	3	0	0	1	4	3	2	1	0	0	0	2
chr7	74978294	74979406	1113	4	0	1113	616	497	69	31	33	48	42	46	41	50	33	18	40	32	36	35	27	34	51	41	5	33	57	36	11	43	27	35	6	28	44	36	6	37
chr7	74979413	74981208	1796	4	0	1796	847	949	68	38	60	40	57	79	107	56	46	43	87	38	35	23	36	34	62	57	13	51	100	88	19	94	80	81	15	74	57	75	11	70
chr7	74981209	74981228	20	1	0	20	9	11	0	0	1	0	1	0	1	1	0	2	1	1	0	0	0	0	1	0	0	1	0	1	1	0	1	0	0	1	1	1	0	2
chr7	74981229	74981758	530	4	0	530	252	278	30	10	11	20	16	14	32	12	13	11	26	12	12	11	12	9	11	18	4	13	27	26	8	39	16	30	5	18	20	26	5	11
chr7	74981759	74983020	1262	3	0	1262	573	689	70	20	37	30	39	61	76	22	31	25	68	21	16	21	24	11	31	46	13	36	69	81	14	71	56	59	15	52	42	49	8	46
chr7	74983022	74983036	15	3	0	15	4	11	0	0	0	0	0	1	1	0	0	1	0	0	0	0	0	0	1	1	0	0	1	2	1	0	0	1	1	0	0	1	0	1
chr7	74983038	74983306	269	3	0	269	118	151	10	7	3	6	10	14	20	3	2	4	18	6	4	4	5	1	6	10	2	11	16	9	2	15	12	16	7	13	13	8	3	7
chr7	74983308	74983324	17	3	0	17	10	7	2	0	2	1	0	1	0	1	2	0	0	0	0	0	0	0	1	0	0	0	1	0	0	0	0	2	0	0	0	0	0	2
chr7	74983329	74985585	2257	3	0	2257	1065	1192	83	53	74	49	77	93	136	58	66	59	123	47	34	31	47	34	63	89	15	69	126	128	13	126	69	103	11	85	106	73	15	100
chr7	74985586	74986255	670	3	0	670	336	334	51	15	20	17	18	23	43	19	17	12	30	23	16	10	13	7	16	21	6	18	36	25	7	33	25	29	8	28	26	26	3	27
chr7	74986256	74987418	1163	3	0	1163	578	585	91	25	38	30	39	54	67	20	30	21	55	29	25	20	18	15	37	42	9	32	63	48	15	59	39	58	9	38	41	38	7	49
chr7	74987420	74988020	601	3	0	601	296	305	42	10	19	18	17	29	35	8	18	15	30	16	11	4	13	10	21	19	3	15	29	27	5	37	18	29	7	16	21	23	5	29
chr7	74988021	74988187	167	3	0	167	96	71	19	4	4	7	5	6	10	4	5	6	10	4	4	1	0	5	5	4	2	7	8	2	3	3	2	6	0	4	10	4	1	10
chr7	74988189	74988225	37	3	0	37	14	23	0	0	0	1	1	2	2	1	0	0	3	4	0	0	0	0	0	0	0	1	1	2	3	1	4	2	0	0	1	2	1	3
chr7	74988226	74988868	643	3	0	643	332	311	52	10	20	23	18	23	36	20	15	15	23	17	19	14	9	16	17	18	6	21	28	23	11	26	26	29	14	21	26	18	7	20
chr7	74988869	74988964	96	3	0	96	62	34	7	2	1	11	2	3	5	6	9	0	1	1	3	2	3	6	5	0	0	2	3	2	0	2	5	2	0	1	2	3	0	5
chr7	74988965	74988977	13	3	0	13	13	0	11	0	0	0	0	0	0	0	0	0	0	0	0	0	0	0	0	0	0	0	0	0	0	0	0	0	0	0	0	0	0	0
chr7	74988979	74989263	285	3	0	285	121	164	14	3	3	9	5	12	16	8	5	6	18	6	5	6	4	1	6	8	6	7	16	9	10	14	9	22	9	12	10	11	5	8
chr7	74989266	74989276	11	3	0	11	11	0	9	0	0	0	0	0	0	0	0	0	0	0	0	0	0	0	0	0	0	0	0	0	0	0	0	0	0	0	0	0	0	0
chr7	74989278	74989578	301	3	0	301	135	166	10	5	3	6	10	12	25	7	1	8	21	5	3	5	9	4	8	9	0	13	19	8	1	17	17	14	4	21	10	14	3	7
chr7	74989579	74990382	804	3	0	804	428	376	62	22	15	30	27	33	37	29	18	14	34	26	23	16	18	23	30	22	4	29	42	31	16	22	29	27	8	24	25	31	6	29
chr7	74990383	74990547	165	3	0	165	98	67	26	11	5	3	14	4	9	3	2	3	4	3	2	2	3	3	12	5	0	3	7	2	0	7	7	5	0	6	3	4	0	5
chr7	74990557	74991074	518	3	0	518	253	265	25	7	10	22	15	29	30	9	7	10	24	12	16	10	15	11	13	19	5	19	32	19	6	24	22	25	7	20	16	17	4	16
chr7	74991075	74992604	1530	3	0	1530	679	851	53	21	54	21	36	71	97	44	41	46	72	41	18	20	28	14	41	57	16	44	96	98	9	96	59	70	7	58	52	74	20	54
chr7	74992605	74992628	24	3	0	24	19	5	7	0	0	2	1	0	0	0	0	1	1	0	1	2	2	1	1	0	0	1	0	0	0	0	0	0	0	0	0	0	0	2
chr7	74992630	74992854	225	3	0	225	99	126	8	2	6	5	8	12	15	5	2	3	13	6	3	4	5	2	4	7	2	8	13	8	2	14	12	15	1	14	10	8	3	3
chr7	74992855	74992868	14	1	0	14	6	8	0	0	0	0	0	2	1	0	0	0	0	1	0	0	0	0	0	1	0	1	1	0	0	0	3	0	1	0	0	0	1	0
chr7	74992869	74993445	577	3	0	577	281	296	33	11	21	13	15	21	34	17	23	12	30	17	7	9	13	5	17	14	4	18	34	26	3	31	19	24	6	17	17	30	3	31
chr7	74993449	74993466	18	3	0	18	18	0	16	0	0	0	0	0	0	0	0	0	0	0	0	0	0	0	0	0	0	0	0	0	0	0	0	0	0	0	0	0	0	0
chr7	74993469	74993800	332	3	0	332	153	179	9	8	6	7	8	26	26	4	7	5	19	9	5	6	5	2	13	18	1	13	21	12	2	15	17	11	2	14	13	9	3	14
chr7	74993802	74993816	15	3	0	15	15	0	13	0	0	0	0	0	0	0	0	0	0	0	0	0	0	0	0	0	0	0	0	0	0	0	0	0	0	0	0	0	0	0
chr7	74993818	74995208	1391	3	0	1391	599	792	35	32	40	26	45	46	89	33	36	36	85	37	16	16	18	8	34	51	15	30	75	89	27	84	48	76	16	52	55	59	14	66
chr7	74995216	74995380	165	3	0	165	82	83	7	4	10	2	5	3	8	5	7	6	8	5	4	1	3	4	4	5	0	5	6	9	2	10	4	4	0	6	7	9	2	8
chr7	74995381	74995390	10	5	0	10	4	6	0	0	0	0	0	2	1	0	0	0	0	0	0	0	0	0	1	0	0	1	1	0	0	0	0	1	0	1	0	0	0	0
chr7	74995391	74995511	121	3	0	121	57	64	7	2	4	2	4	5	6	2	2	6	8	1	2	2	1	3	6	3	2	4	5	5	2	7	1	7	1	3	4	4	3	5
chr7	74995512	74995525	14	3	0	14	14	0	12	0	0	0	0	0	0	0	0	0	0	0	0	0	0	0	0	0	0	0	0	0	0	0	0	0	0	0	0	0	0	0
chr7	74995526	74996745	1220	3	0	1220	571	649	80	32	32	24	39	58	75	40	29	31	55	19	19	12	16	9	46	48	9	30	71	66	16	54	56	54	15	49	39	40	10	45
chr7	74996747	74998600	1854	3	0	1854	902	952	103	45	52	48	59	75	114	55	43	45	80	45	43	39	34	22	78	60	11	55	89	80	27	87	72	86	22	72	64	57	24	66
chr7	74998602	74999601	1000	3	0	1000	516	484	82	21	35	33	29	35	52	22	33	19	40	36	26	13	20	19	27	30	8	23	49	51	10	44	28	33	15	37	34	40	11	43
chr7	74999602	74999611	10	5	0	10	10	0	8	0	0	0	0	0	0	0	0	0	0	0	0	0	0	0	0	0	0	0	0	0	0	0	0	0	0	0	0	0	0	0
chr7	74999612	74999636	25	3	0	25	25	0	23	0	0	0	0	0	0	0	0	0	0	0	0	0	0	0	0	0	0	0	0	0	0	0	0	0	0	0	0	0	0	0
chr7	74999637	75004466	4830	3	0	4830	2271	2559	225	103	153	113	176	206	282	123	101	115	252	113	91	75	83	59	166	150	28	155	265	224	71	251	186	246	54	182	170	191	37	182
chr7	75004468	75009262	4795	3	0	4795	2353	2442	229	119	145	133	162	182	266	154	131	111	234	121	104	80	100	82	154	150	30	157	257	241	53	229	169	198	37	168	184	190	32	191
chr7	75009263	75009287	25	3	0	25	25	0	23	0	0	0	0	0	0	0	0	0	0	0	0	0	0	0	0	0	0	0	0	0	0	0	0	0	0	0	0	0	0	0
chr7	75009288	75011746	2459	3	0	2459	1174	1285	173	47	73	59	67	103	142	56	73	43	134	47	40	40	50	26	67	79	16	71	132	120	29	142	86	123	29	94	83	101	20	92
chr7	75011749	75013472	1724	3	0	1724	840	884	103	50	58	34	63	57	95	53	47	36	91	34	31	30	44	13	54	50	10	59	90	63	18	87	68	78	24	74	56	67	17	68
chr7	75013474	75014440	967	3	0	967	473	494	56	19	27	20	33	55	52	27	16	25	43	23	18	25	17	16	45	40	8	31	47	38	18	43	37	41	7	31	38	27	9	33
chr7	75014441	75022481	8041	3	0	8041	3506	4535	307	132	198	162	232	348	530	222	163	206	430	174	97	112	129	64	239	288	63	207	485	458	140	438	314	454	113	361	294	320	78	281
chr7	75022542	75023464	923	3	0	923	494	429	81	17	29	40	30	28	50	22	25	22	42	26	31	17	14	20	34	19	8	23	44	22	8	45	28	38	15	29	24	39	13	38
chr7	75023484	75029362	5879	3	0	5879	2529	3350	208	105	176	99	154	260	356	123	147	137	313	118	80	84	90	78	177	206	65	138	352	427	98	358	194	325	67	228	170	277	56	211
chr7	75029364	75033071	3708	3	0	3708	1692	2016	136	87	127	77	115	143	217	90	118	73	181	75	59	57	78	58	106	127	31	96	209	239	51	214	122	201	31	142	128	146	21	151
chr7	75033072	75033094	23	3	0	23	23	0	21	0	0	0	0	0	0	0	0	0	0	0	0	0	0	0	0	0	0	0	0	0	0	0	0	0	0	0	0	0	0	0
chr7	75033095	75041217	8123	3	0	8123	3945	4178	440	191	220	236	273	324	469	228	199	204	386	182	176	123	151	142	251	271	81	239	426	341	131	371	324	351	95	326	293	306	81	290
chr7	75041218	75041237	20	3	0	20	15	5	0	4	0	0	0	0	0	0	0	0	0	0	5	0	5	0	0	0	0	4	0	0	0	0	0	0	0	0	0	0	0	0
chr7	75041242	75041294	53	3	0	53	26	27	3	0	2	1	0	0	1	1	1	0	7	3	2	1	1	2	0	1	0	0	1	4	1	5	1	1	0	2	0	5	1	4
chr7	75041296	75041365	70	3	0	70	37	33	4	2	4	2	0	2	2	4	7	0	2	0	1	1	2	2	2	1	2	1	2	4	2	2	2	2	0	4	3	3	0	3
chr7	75041367	75041881	515	3	0	515	255	260	36	14	10	13	19	22	33	16	12	14	21	10	7	14	6	7	22	18	5	19	25	25	6	18	23	18	7	16	20	14	6	17
chr7	75041883	75044599	2717	3	0	2717	1210	1507	99	47	97	43	75	109	172	66	66	77	140	55	46	27	53	38	83	78	30	69	152	124	41	153	96	163	52	127	91	105	28	113
chr7	75044600	75044837	238	3	0	238	131	107	39	10	7	4	6	7	16	2	5	5	7	4	9	3	4	2	6	7	1	10	13	8	2	10	5	13	5	5	7	5	0	9
chr7	75044839	75044893	55	3	0	55	29	26	7	1	0	3	1	2	2	3	1	1	1	0	2	1	3	0	0	3	1	1	4	3	1	1	4	2	0	2	1	0	0	2
chr7	75044895	75045520	626	3	0	626	305	321	23	14	20	15	27	22	37	14	13	13	41	14	9	11	21	11	21	12	3	24	28	17	4	33	31	30	3	33	20	23	8	29
chr7	75045522	75045533	12	3	0	12	12	0	10	0	0	0	0	0	0	0	0	0	0	0	0	0	0	0	0	0	0	0	0	0	0	0	0	0	0	0	0	0	0	0
chr7	75045535	75047951	2417	3	0	2417	1110	1307	107	53	76	62	77	81	143	52	61	57	115	53	52	34	49	37	61	70	26	68	129	111	50	120	94	134	54	104	69	95	30	91
chr7	75047952	75048266	315	3	0	315	153	162	33	7	5	7	10	15	18	8	4	3	18	8	4	7	4	1	10	14	0	8	18	10	6	19	12	18	3	11	11	11	3	7
chr7	75048269	75048285	17	3	0	17	17	0	15	0	0	0	0	0	0	0	0	0	0	0	0	0	0	0	0	0	0	0	0	0	0	0	0	0	0	0	0	0	0	0
chr7	75048288	75049298	1011	3	0	1011	478	533	42	23	42	20	27	46	53	23	37	33	47	14	20	17	16	17	35	36	16	32	54	60	13	50	24	39	11	32	36	42	8	44
chr7	75049300	75049682	383	3	0	383	217	166	43	8	11	13	14	18	18	11	5	8	19	12	14	3	3	16	17	10	3	7	16	11	2	16	11	14	1	14	17	10	2	14
chr7	75049684	75055883	6200	3	0	6200	3129	3071	335	147	209	174	210	287	319	202	180	154	240	135	140	100	105	191	266	189	58	174	311	300	79	255	231	237	49	211	210	219	48	233
chr7	75055885	75055917	33	3	0	33	16	17	1	1	3	0	2	1	3	0	0	1	0	0	2	2	0	0	0	2	0	3	2	1	0	0	3	1	0	2	1	0	0	0
chr7	75055919	75058094	2176	3	0	2176	1114	1062	117	61	74	65	65	83	115	73	82	49	95	51	53	45	57	29	80	71	17	70	123	69	21	98	60	80	17	77	73	91	17	96
chr7	75058099	75059015	917	3	0	917	440	477	50	22	22	24	28	45	63	16	17	24	38	23	22	19	11	14	31	38	11	30	57	30	12	40	33	46	13	34	31	25	16	30
chr7	75059016	75059202	187	3	0	187	117	70	33	3	7	9	7	7	7	5	5	1	9	4	7	5	4	2	5	5	0	6	7	1	0	9	6	7	0	5	8	4	0	7
chr7	75059204	75062160	2957	3	0	2957	1482	1475	167	76	100	78	100	111	172	92	81	51	149	80	73	48	62	41	91	90	15	90	160	100	24	140	121	130	32	121	103	104	21	132
chr7	75062161	75062255	95	3	0	95	58	37	12	2	7	1	3	4	3	3	3	4	3	2	3	1	3	2	3	3	0	5	4	0	0	4	2	3	0	1	4	2	0	6
chr7	75062256	75064328	2073	3	0	2073	1089	984	145	53	56	83	77	84	103	60	49	34	90	54	66	41	52	41	74	59	12	68	97	70	27	96	68	100	16	70	85	61	13	67
chr7	75064331	75064345	15	3	0	15	15	0	13	0	0	0	0	0	0	0	0	0	0	0	0	0	0	0	0	0	0	0	0	0	0	0	0	0	0	0	0	0	0	0
chr7	75064347	75064879	533	3	0	533	259	274	27	20	17	16	14	19	23	20	26	11	22	9	14	5	12	3	17	22	2	14	26	43	8	26	14	16	7	11	19	22	3	23
chr7	75064880	75065558	679	1	0	679	324	355	41	12	24	15	15	36	46	11	22	15	36	12	14	8	15	1	21	18	5	27	33	27	6	36	29	34	6	27	24	23	7	31
chr7	75065560	75066017	458	1	0	458	228	230	38	9	12	17	14	22	23	9	16	10	18	7	7	7	11	7	14	17	5	12	23	21	11	20	14	24	3	15	17	13	3	17
chr7	75066018	75068320	2303	1	0	2303	1137	1166	137	39	71	73	73	90	130	68	57	53	115	60	52	46	39	33	62	68	23	75	119	80	32	106	85	103	35	93	95	86	22	81
chr7	75068321	75072160	3840	1	0	3840	2092	1748	293	107	121	126	141	124	186	110	92	74	169	108	120	88	103	128	143	99	26	125	163	103	39	159	120	148	47	133	135	114	32	162
chr7	75072162	75074779	2618	1	0	2618	1181	1437	115	62	78	59	74	95	138	48	71	63	128	45	54	40	45	65	71	76	35	78	120	120	80	121	81	151	88	108	82	94	49	82
chr7	75074780	75077090	2311	1	0	2311	1197	1114	152	57	47	88	73	95	119	63	51	55	113	53	67	48	47	68	85	74	21	75	115	74	36	102	67	95	27	71	83	84	26	78
chr7	75077093	75077424	332	1	0	332	198	134	54	10	12	11	12	10	14	4	15	7	11	6	6	5	12	7	10	8	1	13	11	6	5	13	6	12	1	9	13	9	3	14
chr7	75077447	75078050	604	1	0	604	345	259	53	17	21	26	29	21	24	11	13	14	18	16	22	17	22	21	20	23	8	17	30	10	2	30	12	22	4	18	23	17	2	19
chr7	75078052	75080593	2542	1	0	2542	1429	1113	211	72	68	113	103	82	117	68	49	57	114	58	100	62	63	91	93	69	24	87	113	63	28	90	76	92	17	83	88	70	17	102
chr7	75080596	75080937	342	1	0	342	182	160	56	5	9	9	14	13	17	6	6	7	17	7	3	4	5	2	6	12	2	9	21	10	3	16	13	15	5	11	10	13	2	12
chr7	75080940	75080964	25	1	0	25	11	14	0	1	0	0	1	1	1	1	0	1	4	1	0	0	0	0	1	0	0	2	1	1	0	0	1	1	0	0	1	1	0	3
chr7	75080966	75082616	1651	1	0	1651	936	715	131	47	53	83	66	50	73	54	53	33	52	40	65	37	43	55	57	49	10	51	80	38	12	60	39	69	23	49	67	34	15	61
chr7	75082617	75083056	440	1	0	440	237	203	28	9	14	20	17	16	24	9	14	5	20	14	11	15	11	9	14	10	6	15	24	8	1	22	13	20	2	15	15	17	3	17
chr7	75083058	75085099	2042	1	0	2042	1150	892	197	45	55	85	61	83	101	39	47	28	103	50	76	44	53	81	57	55	10	78	91	45	15	87	60	81	19	66	76	57	14	81
chr7	75085104	75085960	857	1	0	857	441	416	57	19	22	40	34	30	45	29	26	13	41	18	20	15	15	15	32	23	3	19	43	34	8	46	29	39	6	36	34	35	7	22
chr7	75085964	75086115	152	1	0	152	104	48	11	5	4	10	6	3	4	5	5	2	4	7	9	3	4	20	5	3	0	5	4	2	0	7	2	2	0	0	7	6	0	5
chr7	75086117	75086140	24	1	0	24	19	5	3	0	0	4	1	0	0	2	0	1	0	1	2	1	1	1	1	1	0	0	1	0	0	0	0	0	0	0	1	0	0	1
chr7	75086142	75086466	325	1	0	325	173	152	26	8	12	9	17	15	15	12	7	5	14	7	6	6	6	6	12	9	1	12	22	11	1	10	11	15	0	14	14	9	0	11
chr7	75086471	75087159	689	1	0	689	411	278	73	16	28	37	33	14	30	29	26	11	18	23	21	17	11	23	26	13	0	19	32	16	3	23	19	26	3	19	29	19	4	26
chr7	75087170	75089030	1861	1	0	1861	1085	776	169	52	63	101	72	65	69	47	69	37	76	48	76	34	52	54	71	46	11	60	71	46	16	67	41	53	21	42	70	55	14	91
chr7	75089034	75090873	1840	1	0	1840	1020	820	122	59	66	76	75	60	92	45	61	44	87	35	63	48	47	38	82	53	15	61	69	49	14	76	57	49	7	61	64	57	12	94
chr7	75090875	75090899	25	1	0	25	11	14	0	0	1	0	1	0	1	0	0	2	6	0	0	0	0	0	1	0	0	1	0	0	0	0	1	0	0	1	0	1	1	6
chr7	75090901	75091655	755	1	0	755	360	395	50	14	18	22	30	35	37	9	13	12	43	18	12	16	17	13	18	25	9	25	40	25	13	38	27	38	20	30	26	28	10	22
chr7	75091665	75097311	5647	1	0	5647	2744	2903	321	138	190	190	202	201	258	147	196	116	226	142	120	107	96	93	183	133	94	151	253	263	136	231	185	262	137	194	187	225	73	195
chr7	75097312	75099263	1952	1	0	1952	1158	794	213	57	62	93	74	63	96	61	58	37	60	54	78	46	40	64	81	49	10	63	76	40	10	70	60	53	16	57	77	54	10	68
chr7	75099266	75100289	1024	1	0	1024	521	503	87	16	22	37	32	40	59	21	14	22	50	32	28	18	22	20	20	31	13	31	53	33	13	48	38	51	14	39	41	32	10	35
chr7	75100290	75101893	1604	1	0	1604	853	751	111	37	41	67	60	72	79	55	39	31	77	39	47	28	30	39	60	47	13	48	73	51	12	75	63	62	14	47	70	51	7	57
chr7	75101894	75104144	2251	1	0	2251	1132	1119	152	53	64	61	64	87	116	70	64	50	110	59	49	35	46	50	64	63	20	78	103	84	45	100	79	104	24	71	91	81	25	87
chr7	75104153	75104309	157	1	0	157	68	89	3	3	3	6	6	6	11	2	3	1	10	2	3	4	4	0	4	5	0	5	9	10	3	10	9	9	1	7	3	7	0	6
chr7	75104311	75104337	27	1	0	27	11	16	0	1	0	0	1	1	2	2	0	2	1	0	0	0	0	0	1	2	0	0	4	0	0	1	0	3	0	1	1	0	0	2
chr7	75104339	75105020	682	1	0	682	363	319	37	14	32	27	31	26	22	24	28	13	30	20	14	11	20	13	23	12	9	20	31	14	11	19	22	23	13	30	27	26	3	35
chr7	75105021	75106232	1212	1	0	1212	635	577	81	47	33	36	48	53	58	30	36	31	51	33	31	15	25	25	45	50	13	38	61	43	14	48	37	35	9	33	46	38	18	49
chr7	75106233	75109629	3397	1	0	3397	1764	1633	249	70	105	119	113	138	183	89	87	68	168	92	94	58	66	64	108	90	29	106	164	97	39	147	123	143	38	132	128	117	34	137
chr7	75109631	75109666	36	1	0	36	20	16	3	1	2	0	2	2	3	1	1	1	0	2	0	1	0	1	2	0	0	2	1	0	0	0	2	1	0	2	3	0	0	1
chr7	75109668	75110635	968	1	0	968	559	409	75	21	29	44	33	30	49	32	21	22	38	29	41	26	24	43	32	29	4	34	44	23	5	34	28	25	5	36	41	29	4	36
chr7	75110638	75110926	289	1	0	289	139	150	14	8	10	9	9	11	13	6	7	6	15	6	10	5	8	1	7	12	3	8	15	10	5	18	6	18	4	10	11	8	4	10
chr7	75110928	75110960	33	1	0	33	22	11	5	0	1	3	1	2	1	0	0	0	1	1	3	1	1	1	1	1	0	1	2	0	0	1	0	1	0	1	0	1	0	1
chr7	75110962	75112085	1124	1	0	1124	609	515	85	26	41	45	40	34	53	28	35	24	47	34	37	17	24	38	32	33	7	29	47	34	12	60	32	42	11	35	43	44	12	41
chr7	75112086	75113196	1111	1	0	1111	624	487	95	24	40	54	40	44	52	17	35	22	41	26	44	29	24	35	53	25	8	34	41	21	14	49	33	38	17	30	26	41	13	44
chr7	75113198	75113781	584	1	0	584	318	266	43	14	20	17	24	26	22	15	10	11	30	15	17	16	16	21	20	19	5	24	26	9	10	24	18	24	3	17	23	16	4	23
chr7	75113782	75115096	1315	1	0	1315	793	522	81	25	37	67	38	58	45	52	40	20	55	55	51	40	41	88	81	22	7	32	43	35	8	37	29	28	4	24	40	38	7	85
chr7	75115099	75115590	492	1	0	492	291	201	56	8	14	22	18	9	25	18	14	11	22	16	14	10	10	22	12	11	1	14	23	10	2	17	17	14	2	15	18	17	3	25
chr7	75115593	75115918	326	1	0	326	196	130	39	5	12	21	15	8	9	14	14	4	10	14	10	8	5	7	12	8	2	3	17	11	1	10	5	10	3	6	12	10	2	17
chr7	75115919	75116640	722	1	0	722	430	292	76	21	26	36	35	20	32	17	28	7	20	27	21	17	24	22	30	11	2	22	25	15	2	29	27	23	4	20	22	22	6	31
chr7	75116641	75117425	785	1	0	785	425	360	61	17	23	35	36	29	34	25	19	12	34	29	21	16	16	17	23	22	4	25	41	24	8	34	25	32	5	22	35	28	5	26
chr7	75117426	75117902	477	1	0	477	242	235	27	8	11	15	12	27	33	12	11	8	19	9	11	9	4	26	19	16	1	16	35	17	2	20	13	23	3	21	17	17	3	10
chr7	75117904	75117942	39	1	0	39	25	14	7	1	0	3	1	0	2	1	1	0	0	1	2	3	2	1	2	1	0	1	2	3	0	0	0	0	0	2	0	0	0	1
chr7	75117944	75118032	89	1	0	89	37	52	0	2	1	2	2	6	6	2	2	0	7	2	1	2	1	0	1	5	0	3	6	3	1	7	6	4	0	4	4	5	1	1
chr7	75118033	75119191	1159	1	0	1159	598	561	67	28	42	37	38	45	56	42	42	18	40	34	27	22	38	21	30	33	10	40	66	48	10	44	53	44	5	44	32	43	9	49
chr7	75119199	75119865	667	1	0	667	367	300	65	16	14	22	22	30	26	28	12	14	29	15	17	20	18	17	31	21	4	24	31	24	5	28	19	25	5	13	26	18	4	22
chr7	75119867	75119899	33	1	0	33	12	21	1	0	1	1	1	1	2	0	0	0	2	1	1	1	0	0	1	0	0	1	2	2	1	3	1	4	0	1	0	2	1	0
chr7	75119901	75120183	283	1	0	283	140	143	22	7	8	4	5	14	15	6	10	6	15	6	4	7	7	4	8	8	5	12	12	9	5	11	10	13	4	7	10	8	4	15
chr7	75120185	75127023	6839	1	0	6839	3536	3303	485	193	207	229	240	271	342	169	195	138	292	175	194	125	158	121	226	206	76	219	310	245	101	296	235	269	85	235	251	232	68	249
chr7	75127025	75127468	444	1	0	444	241	203	37	15	14	16	19	15	20	11	9	8	23	9	16	7	7	14	13	17	4	11	18	12	5	22	17	18	3	14	17	10	4	17
chr7	75127469	75130092	2624	1	0	2624	1436	1188	215	67	97	105	100	94	137	66	96	59	117	55	72	44	46	64	101	69	18	76	117	73	15	110	72	85	30	95	107	88	15	117
chr7	75130093	75132358	2266	1	0	2266	1151	1115	132	51	90	64	73	84	131	66	78	49	105	52	54	43	45	34	73	71	16	67	114	69	23	115	76	104	17	85	91	77	12	103
chr7	75132360	75132548	189	1	0	189	110	79	18	4	10	7	1	5	7	10	16	3	6	6	3	1	5	7	4	2	3	4	4	5	1	11	4	4	1	5	11	10	1	8
chr7	75132553	75133547	995	1	0	995	607	388	88	28	33	55	43	23	37	32	28	15	38	26	46	32	31	51	38	22	4	34	37	15	5	36	23	27	6	34	37	29	5	35
chr7	75133548	75134080	533	1	0	533	283	250	37	10	17	21	18	25	31	17	14	21	17	12	17	9	6	10	16	21	5	23	31	12	3	24	16	21	4	9	28	17	4	15
chr7	75134081	75136145	2065	1	0	2065	1146	919	168	49	69	82	69	76	100	64	68	37	90	49	62	54	41	67	76	60	13	67	87	40	19	84	63	75	27	63	82	55	21	86
chr7	75136149	75138660	2512	1	0	2512	1362	1150	183	56	69	114	86	104	123	73	66	43	111	61	87	49	55	81	78	74	18	82	119	80	18	110	89	97	22	82	100	76	20	84
chr7	75138661	75139429	769	1	0	769	446	323	70	18	30	40	28	28	37	27	29	21	22	25	30	10	14	16	31	20	8	18	27	12	10	24	29	17	1	29	33	24	7	32
chr7	75139437	75139891	455	1	0	455	274	181	40	11	13	24	10	17	19	8	16	7	24	12	22	11	11	28	18	9	4	15	13	8	6	14	6	8	5	14	17	16	3	24
chr7	75139893	75145731	5839	1	0	5839	3066	2773	445	150	172	201	200	244	286	163	144	100	261	151	178	121	124	125	201	178	49	187	269	182	81	254	191	241	77	207	232	185	43	195
chr7	75145733	75160052	14320	1	0	14320	7089	7231	912	360	454	396	479	513	781	363	437	343	632	328	293	244	246	307	459	429	165	407	688	620	234	647	488	605	227	522	501	535	166	537
chr7	75160054	75166544	6491	1	0	6491	2937	3554	257	111	205	139	175	271	420	168	167	177	344	136	114	84	93	75	192	223	46	182	374	359	88	368	249	327	65	257	219	280	69	255
chr7	75166546	75166586	41	1	0	41	17	24	0	0	4	0	2	2	1	1	2	2	2	1	0	0	0	0	0	2	0	1	1	3	0	3	1	1	2	2	4	1	0	1
chr7	75166588	75166737	150	1	0	150	55	95	1	3	4	0	4	8	8	4	2	3	11	2	1	3	0	0	3	8	2	4	9	9	7	6	7	9	4	8	5	4	3	6
chr7	75166739	75166761	23	1	0	23	5	18	0	0	0	0	0	1	2	0	0	0	2	0	0	0	0	0	0	1	0	0	1	5	0	2	1	2	0	2	1	1	0	0
chr7	75166763	75167838	1076	1	0	1076	520	556	57	24	30	34	41	50	53	19	24	24	56	39	23	13	21	11	31	41	13	26	60	51	13	61	30	43	10	33	42	49	12	40
chr7	75167839	75170029	2191	1	0	2191	1084	1107	137	50	69	63	73	88	114	52	55	58	102	59	54	35	43	30	70	84	17	60	109	114	29	114	76	71	21	68	72	97	19	86
chr7	75170031	75170045	15	1	0	15	9	6	0	0	0	1	0	0	2	0	1	0	0	3	0	0	0	0	0	0	0	1	1	0	0	0	0	0	0	0	2	1	0	1
chr7	75170048	75172764	2717	1	0	2717	1319	1398	154	59	97	67	86	102	161	63	79	75	128	59	58	41	53	36	84	79	24	89	135	131	25	159	97	116	30	87	96	124	17	104
chr7	75172765	75172927	163	1	0	163	79	84	12	4	3	4	7	6	8	4	3	2	12	4	3	2	3	0	4	5	1	4	9	3	2	7	8	7	6	7	4	6	3	8
chr7	75172928	75175442	2515	1	0	2515	1209	1306	132	45	73	77	79	110	151	77	73	56	130	56	45	30	35	38	71	77	17	76	135	104	27	142	97	129	26	90	114	98	22	81
chr7	75175523	75176094	572	1	0	572	276	296	31	10	15	16	16	24	37	16	16	13	33	11	9	10	12	5	15	21	1	20	32	22	7	31	20	23	3	28	26	26	3	18
chr7	75176095	75176123	29	1	0	29	9	20	0	0	0	0	0	1	5	0	0	1	2	0	0	0	0	0	1	1	0	0	1	0	0	2	3	3	1	3	1	0	0	2
chr7	75176125	75177770	1646	1	0	1646	857	789	114	40	53	67	53	55	89	35	50	31	71	33	57	34	30	43	55	50	10	45	76	65	21	84	58	71	17	52	44	60	18	63
chr7	75177771	75179440	1670	2	0	1670	705	965	48	18	52	36	46	65	122	49	47	53	77	29	13	16	21	12	44	52	19	37	110	112	20	104	64	108	15	73	65	74	10	57
chr7	75179441	75179547	107	2	0	107	37	70	3	2	3	0	2	8	7	0	3	0	4	0	1	0	1	2	1	5	0	4	8	16	3	5	6	7	3	4	2	3	0	2
chr7	75179548	75179977	430	2	0	430	209	221	32	8	7	15	14	20	28	6	11	8	22	10	6	9	6	5	11	12	5	17	23	10	10	20	17	22	6	17	18	19	5	9
chr7	75179979	75180022	44	2	0	44	13	31	0	0	0	0	0	3	4	0	0	2	3	0	0	0	0	0	0	3	0	2	4	5	1	4	1	4	1	0	2	2	0	1
chr7	75180024	75180179	156	2	0	156	57	99	1	2	3	0	1	9	13	3	2	6	8	3	2	2	2	0	6	7	2	4	9	11	3	11	8	9	5	3	3	6	2	8
chr7	75180181	75180217	37	2	0	37	18	19	0	1	3	0	2	1	1	3	2	2	2	1	0	0	0	0	1	2	0	1	2	1	0	2	0	0	0	2	3	2	0	1
chr7	75180219	75180978	760	2	0	760	331	429	26	21	25	12	25	33	54	10	23	19	33	10	10	10	14	6	32	31	4	16	40	45	10	53	30	35	11	35	20	36	7	22
chr7	75180980	75181034	55	2	0	55	22	33	0	0	1	1	2	4	5	1	0	1	5	2	0	0	0	0	1	1	0	3	6	1	0	1	4	3	1	2	0	2	1	5
chr7	75181035	75181255	221	2	0	221	98	123	24	3	8	1	3	8	12	5	3	6	7	4	4	2	6	0	4	11	0	4	13	23	2	18	7	15	1	5	4	7	3	6
chr7	75181257	75181286	30	2	0	30	11	19	0	0	0	0	0	1	2	0	0	3	4	0	0	0	0	0	1	1	1	1	1	1	1	1	0	1	1	2	1	1	1	3
chr7	75181289	75183379	2091	2	0	2091	998	1093	105	54	60	52	58	64	127	60	66	54	100	59	42	31	40	25	60	62	16	65	117	92	33	109	64	95	29	72	68	102	26	82
chr7	75183392	75184403	1012	2	0	1012	526	486	86	25	31	30	32	50	60	11	27	21	50	22	26	21	21	11	35	33	6	43	43	28	16	46	33	42	7	34	42	30	9	39
chr7	75184408	75184675	268	2	0	268	133	135	12	5	2	8	9	25	19	4	3	6	14	3	3	6	6	7	25	9	1	7	10	6	2	14	13	10	0	11	10	6	1	9
chr7	75184676	75186724	2049	2	0	2049	1109	940	133	54	72	80	57	65	103	69	84	39	81	54	63	48	48	57	83	48	19	56	70	63	31	80	56	68	32	76	85	65	16	92
chr7	75186725	75187524	800	2	0	800	483	317	64	21	39	36	29	18	33	28	31	23	27	31	35	19	21	27	32	15	9	24	24	17	5	22	20	10	3	23	32	26	3	51
chr7	75187526	75189097	1572	2	0	1572	843	729	109	49	70	44	55	56	81	46	62	33	68	36	47	28	33	24	57	45	13	52	67	41	16	61	52	50	15	61	62	49	10	78
chr7	75189101	75189138	38	2	0	38	15	23	0	1	0	0	0	2	4	0	0	2	4	0	1	1	0	0	1	1	0	3	0	3	0	3	1	2	0	1	4	1	0	1
chr7	75189140	75192939	3800	2	0	3800	2147	1653	246	130	132	163	145	150	179	109	119	74	146	99	160	91	94	109	171	90	47	137	135	84	30	141	119	109	22	129	158	107	29	144
chr7	75192943	75195435	2493	2	0	2493	1377	1116	202	77	84	105	96	77	119	78	80	39	108	63	90	50	56	52	89	64	17	73	101	63	29	99	80	96	24	90	100	69	16	105
chr7	75195452	75196777	1326	2	0	1326	756	570	134	34	51	60	50	42	64	40	48	20	50	35	46	23	28	29	38	31	8	43	63	28	9	47	45	45	6	54	50	43	11	49
chr7	75196778	75198251	1474	3	0	1474	858	616	120	60	52	68	56	39	55	56	66	21	53	30	59	42	29	50	57	38	20	47	51	38	12	55	41	44	16	27	57	36	16	61
chr7	75198260	75199178	919	3	0	919	486	433	58	23	35	34	36	26	48	22	28	16	43	28	29	19	14	26	26	24	9	25	47	23	8	45	26	45	13	26	32	31	8	44
chr7	75199179	75199235	57	3	0	57	18	39	0	0	0	1	1	5	4	0	0	0	5	1	0	0	0	0	1	2	0	3	3	4	4	3	5	4	1	2	1	3	1	1
chr7	75199237	75199276	40	3	0	40	27	13	9	0	3	1	1	0	2	0	2	2	4	0	0	0	0	1	1	0	0	1	1	0	0	0	0	1	0	1	1	0	0	7
chr7	75199284	75201622	2339	3	0	2339	1378	961	220	72	103	111	78	72	89	70	105	48	69	54	102	58	59	67	89	47	29	85	69	44	32	82	62	56	20	69	89	80	23	84
chr7	75201626	75202162	537	3	0	537	287	250	27	21	25	13	18	21	33	11	34	17	20	12	7	10	12	5	25	16	5	23	19	15	4	22	13	7	2	16	26	22	5	29
chr7	75202164	75202350	187	3	0	187	86	101	20	1	2	5	4	7	12	1	3	4	12	1	2	4	5	1	4	3	1	8	9	9	5	7	6	12	7	9	5	6	3	7
chr7	75202352	75202431	80	3	0	80	29	51	2	2	2	0	2	2	3	2	2	2	4	6	0	0	0	0	1	3	1	1	4	5	3	5	2	5	4	1	2	5	5	2
chr7	75202433	75203072	640	3	0	640	347	293	53	18	25	28	27	19	32	14	23	12	21	16	22	14	10	12	21	15	7	20	28	17	11	18	21	27	13	23	22	15	7	27
chr7	75203074	75205067	1994	3	0	1994	1034	960	118	41	78	79	68	87	110	62	72	46	76	50	59	26	26	35	77	46	22	54	93	59	25	79	79	75	25	81	78	76	14	76
chr7	75205085	75207017	1933	3	0	1933	1021	912	98	53	79	67	75	99	88	61	78	51	89	43	46	32	35	27	83	67	11	74	85	51	17	86	68	48	12	48	87	74	16	83
chr7	75207018	75207161	144	3	0	144	99	45	24	3	8	7	2	5	5	3	7	3	4	5	8	1	6	7	7	1	0	4	0	1	0	5	3	2	0	3	5	2	0	11
chr7	75207162	75208077	916	3	0	916	513	403	73	24	33	34	25	35	47	31	31	15	30	26	35	25	21	27	36	19	9	34	33	23	11	31	31	32	7	34	39	24	7	32
chr7	75208079	75208571	493	3	0	493	286	207	39	19	18	25	16	15	22	16	25	9	13	17	21	4	9	18	16	13	5	13	17	15	4	19	11	12	4	12	24	15	7	18
chr7	75208572	75210389	1818	3	0	1818	1000	818	130	44	77	82	73	63	67	49	71	30	65	60	60	40	45	43	55	44	20	58	72	48	25	77	55	66	23	48	70	64	22	70
chr7	75210405	75214516	4112	3	0	4112	2421	1691	315	111	147	206	151	126	169	143	143	67	157	111	171	101	104	198	154	90	33	128	135	68	32	152	142	119	41	118	157	110	32	179
chr7	75214523	75214786	264	3	0	264	189	75	43	14	9	21	11	7	3	10	10	0	6	3	21	8	9	12	8	8	1	12	6	4	1	4	6	1	0	5	11	2	0	6
chr7	75214787	75214941	155	4	0	155	127	28	34	3	2	18	4	0	2	10	0	1	0	9	18	3	3	18	2	1	0	4	2	0	1	0	4	1	1	2	8	1	0	1
chr7	75214942	75216814	1873	4	0	1873	1119	754	157	52	71	103	76	47	72	69	64	36	59	54	85	52	53	68	74	33	14	66	62	47	17	56	55	46	11	59	73	56	10	74
chr7	75216816	75217710	895	4	0	895	578	317	99	27	54	57	39	14	26	32	44	20	20	19	54	18	21	32	28	17	5	29	23	16	7	19	22	9	5	34	38	23	3	39
chr7	75217728	75219381	1654	4	0	1654	792	862	94	46	49	38	64	71	101	27	50	40	85	33	21	21	32	18	47	63	19	49	85	77	14	92	58	75	18	57	73	53	13	69
chr7	75219386	75224251	4866	4	0	4866	2348	2518	223	100	146	145	163	208	266	145	124	102	231	108	105	92	101	88	161	167	36	138	264	242	58	256	190	215	43	182	167	197	33	168
chr7	75224252	75225185	934	4	0	934	467	467	76	19	22	25	28	42	60	18	21	16	52	25	16	16	20	10	29	30	5	29	48	30	11	42	37	42	8	41	33	29	10	42
chr7	75225186	75225813	628	4	0	628	291	337	24	14	19	10	21	30	40	14	13	20	27	21	10	11	11	4	24	28	3	20	36	27	6	40	15	28	8	21	30	26	9	16
chr7	75225814	75226650	837	4	0	837	416	421	33	20	30	30	33	21	39	26	24	12	47	24	23	16	23	14	23	20	4	22	42	34	8	52	29	37	8	34	25	45	6	31
chr7	75226672	75226879	208	4	0	208	99	109	23	2	1	6	1	6	13	5	6	6	10	5	3	3	6	2	4	5	4	4	12	5	4	9	3	14	9	8	6	7	5	9
chr7	75226918	75227059	142	4	0	142	64	78	7	3	5	2	4	6	10	2	1	3	6	4	6	2	2	0	2	5	2	5	10	5	3	6	5	7	3	10	5	7	0	2
chr7	75227071	75227909	839	4	0	839	408	431	47	29	21	17	36	38	50	22	16	17	42	23	15	17	12	4	32	34	8	27	51	30	6	43	32	35	10	25	31	31	4	32
chr7	75227910	75227951	42	5	0	42	11	31	0	0	0	0	0	3	4	2	0	0	1	0	0	0	0	0	2	1	0	1	3	10	0	3	4	4	0	1	0	1	0	0
chr7	75227952	75231394	3443	4	0	3443	1671	1772	168	80	105	84	111	125	215	111	81	76	174	77	77	64	73	50	115	109	22	99	185	137	34	180	146	157	28	151	116	133	22	136
chr7	75231604	75233079	1476	4	0	1476	707	769	64	32	67	24	50	60	77	26	49	37	64	40	25	30	39	22	43	59	20	37	72	59	23	77	49	60	17	62	49	54	16	71
chr7	75233080	75234817	1738	4	0	1738	864	874	93	34	64	54	58	62	87	47	52	31	86	45	41	34	49	26	54	51	9	47	81	70	20	98	62	79	20	69	57	69	15	72
chr7	75234818	75236471	1654	4	0	1654	771	883	91	42	56	39	55	61	101	45	49	44	63	29	32	14	33	15	64	50	10	37	75	107	28	90	59	88	16	73	64	55	14	53
chr7	75236477	75236525	49	4	0	49	25	24	0	0	0	0	0	10	0	0	0	0	13	0	0	0	0	0	10	0	0	1	0	0	0	0	0	0	0	0	0	0	0	13
chr7	75236526	75236751	226	4	0	226	92	134	11	5	10	3	7	11	9	5	9	2	8	4	2	2	2	2	8	6	4	1	9	32	3	17	11	11	2	5	4	12	1	6
chr7	75236752	75237056	305	5	0	305	121	184	14	8	3	11	4	10	10	10	13	4	10	12	4	2	2	2	4	7	11	2	13	38	17	11	7	17	10	8	10	17	8	4
chr7	75237058	75237675	618	5	0	618	140	478	7	8	14	0	14	9	19	3	7	19	28	6	1	3	1	1	11	14	8	6	12	74	79	25	17	69	76	25	5	34	15	6
chr7	75237676	75237799	124	5	0	124	36	88	2	5	2	0	5	3	6	2	1	3	3	0	1	2	1	0	5	3	1	4	3	14	11	2	6	9	15	6	1	5	1	0
chr7	75237800	75239297	1498	5	0	1498	665	833	76	29	49	31	38	53	81	34	42	30	73	31	29	19	32	18	36	47	12	36	70	98	35	81	62	74	38	66	38	66	21	51
chr7	75239298	75240298	1001	5	0	1001	520	481	88	20	19	34	30	44	52	27	27	19	55	33	18	14	24	14	37	26	5	29	42	29	13	48	30	43	14	31	44	34	14	42
chr7	75240300	75240608	309	5	0	309	158	151	29	7	6	10	12	13	24	7	8	4	12	8	3	5	5	3	8	10	1	10	19	9	1	15	18	15	1	12	11	10	1	10
chr7	75240609	75240632	24	5	0	24	18	6	6	4	0	1	5	1	0	0	0	0	0	0	0	0	0	0	5	0	0	0	0	0	0	0	0	0	0	0	0	0	0	0
chr7	75240637	75241669	1033	5	0	1033	573	460	106	26	28	38	35	42	49	28	24	18	35	24	32	21	35	30	39	27	7	35	42	30	13	44	42	46	6	28	31	26	4	40
chr7	75241670	75241696	27	5	0	27	27	0	10	0	0	1	0	0	0	0	0	0	0	0	0	0	0	14	0	0	0	0	0	0	0	0	0	0	0	0	0	0	0	0
chr7	75241697	75243006	1310	5	0	1310	675	635	82	34	47	44	64	52	70	37	35	30	58	32	27	21	28	12	41	44	10	42	71	36	8	56	55	57	11	49	56	34	9	56
chr7	75243007	75244109	1103	5	0	1103	549	554	64	31	36	28	40	43	52	42	30	25	47	19	23	18	30	19	37	38	9	33	59	56	12	51	39	46	10	43	42	38	3	38
chr7	75244111	75244131	21	5	0	21	11	10	0	0	1	0	1	2	0	1	0	1	2	1	0	0	0	0	2	0	0	1	1	0	0	0	1	0	0	1	1	1	0	2
chr7	75244133	75244783	651	5	0	651	300	351	28	13	15	13	21	26	39	24	9	13	31	18	12	13	16	7	18	22	4	21	40	28	11	32	29	38	9	28	24	23	4	20
chr7	75244784	75246641	1858	5	0	1858	980	878	156	53	37	66	75	66	113	50	41	38	101	51	39	35	29	29	63	57	6	66	87	46	14	84	63	74	24	63	91	54	18	67
chr7	75246645	75247186	542	5	0	542	286	256	36	12	20	15	19	22	26	25	15	13	21	16	11	9	16	8	24	16	2	14	21	15	8	23	22	22	3	21	25	14	1	25
chr7	75247188	75247211	24	5	0	24	13	11	5	0	0	1	0	1	1	1	0	0	0	1	0	0	1	1	0	1	0	0	3	2	0	0	0	1	0	2	0	1	0	0
chr7	75247213	75247481	269	5	0	269	156	113	34	5	28	4	10	7	13	3	27	7	12	3	0	1	1	0	7	2	3	8	7	4	1	8	9	9	0	4	9	5	2	34
chr7	75247486	75249636	2151	5	0	2151	1102	1049	130	43	99	62	75	89	112	61	94	47	98	48	33	34	38	37	69	71	19	54	107	69	17	110	70	80	14	82	91	83	12	101
chr7	75249641	75249879	239	5	0	239	112	127	12	4	6	5	8	10	9	5	5	4	22	6	2	3	8	2	7	6	0	8	11	14	4	13	5	8	4	9	9	13	0	15
chr7	75249881	75249924	44	5	0	44	19	25	0	1	2	0	0	3	3	0	1	2	3	2	2	0	0	0	0	4	0	2	3	1	0	3	0	0	0	2	3	2	2	1
chr7	75249926	75251411	1486	5	0	1486	845	641	115	37	57	72	55	47	68	39	41	28	55	45	69	45	28	42	56	38	8	55	66	41	16	53	33	50	16	39	54	47	8	61
chr7	75251412	75251511	100	5	0	100	56	44	3	5	2	6	6	1	6	5	3	3	2	3	4	1	3	2	3	2	1	4	4	1	2	1	6	4	1	3	5	1	0	5
chr7	75251512	75251742	231	5	0	231	114	117	10	4	7	6	10	25	11	4	3	5	10	4	5	3	2	4	20	9	1	6	17	5	1	11	4	12	0	8	9	8	0	5
chr7	75251744	75252954	1211	5	0	1211	605	606	65	16	33	37	36	48	69	38	30	21	63	38	21	35	27	27	35	42	6	37	74	40	12	51	36	57	14	49	46	39	12	55
chr7	75252996	75254221	1226	5	0	1226	632	594	84	26	28	46	40	50	72	31	23	27	66	31	37	21	24	26	35	42	10	37	61	31	9	59	42	50	21	49	55	38	8	45
chr7	75254222	75254698	477	5	0	477	241	236	29	10	24	14	13	11	23	23	25	14	14	7	9	4	13	6	16	14	0	9	25	29	2	29	13	17	1	21	16	25	3	16
chr7	75254877	75254893	17	5	0	17	6	11	0	0	2	0	0	0	0	0	2	0	1	0	0	0	0	0	0	0	0	0	0	4	0	3	0	0	0	0	0	2	0	1
chr7	75254916	75255100	185	5	0	185	76	109	14	0	19	0	0	1	0	0	19	0	23	0	0	0	0	0	0	0	0	1	1	37	0	25	0	1	1	0	0	24	1	16
chr7	75255124	75255173	50	5	0	50	35	15	8	0	9	0	0	0	0	1	10	0	4	1	0	0	0	0	0	0	0	0	0	0	0	0	0	0	0	0	1	0	0	14
chr7	75255208	75256817	1610	5	0	1610	829	781	102	44	41	57	66	68	88	42	36	28	75	42	41	31	39	27	61	52	10	48	78	46	20	79	63	69	11	63	63	56	9	53
chr7	75256819	75257803	985	5	0	985	492	493	65	10	44	29	29	40	48	35	42	21	52	19	11	16	22	7	28	27	7	25	41	37	11	59	47	37	4	36	37	47	4	46
chr7	75257804	75258135	332	5	0	332	159	173	19	7	9	11	12	7	26	11	10	7	15	4	6	6	4	4	7	11	1	7	17	9	4	22	20	20	4	14	12	12	1	11
chr7	75258138	75259934	1797	5	0	1797	982	815	102	56	63	72	70	69	87	80	69	33	68	46	53	28	31	54	74	53	9	50	97	62	3	72	65	51	4	58	70	69	8	69
chr7	75259935	75261106	1172	5	0	1172	598	574	68	26	38	34	37	52	62	31	34	28	65	36	27	14	34	11	33	35	7	44	54	41	4	68	39	42	5	38	56	49	8	50
chr7	75261107	75261453	347	5	0	347	173	174	17	9	20	7	13	19	19	10	21	5	19	2	2	5	2	3	18	11	0	9	22	9	0	19	10	13	0	15	11	18	0	17
chr7	75261460	75262370	911	5	0	911	510	401	73	32	26	35	41	33	48	33	21	12	37	25	32	15	20	25	34	27	3	28	41	23	1	44	44	27	2	31	36	32	0	28
chr7	75262372	75264537	2166	5	0	2166	1296	870	201	69	76	98	105	69	86	80	57	49	64	50	82	55	59	94	94	61	8	79	87	42	13	70	67	55	5	69	92	54	6	68
chr7	75264538	75265021	484	5	0	484	318	166	41	20	15	33	26	13	18	20	21	6	11	13	22	14	12	32	31	10	2	10	16	7	0	8	14	3	0	13	15	11	0	25
chr7	75265022	75266149	1128	5	0	1128	628	500	143	30	43	31	43	34	47	30	34	13	52	31	28	17	27	24	28	28	2	36	51	40	6	58	36	42	8	34	39	46	4	41
chr7	75266152	75267383	1232	5	0	1232	644	588	80	28	43	40	50	48	67	36	42	31	60	28	20	15	35	20	38	39	5	39	67	33	6	57	51	46	4	41	45	45	3	68
chr7	75267384	75268596	1213	5	0	1213	569	644	42	21	36	27	28	44	95	28	33	35	58	37	23	16	28	16	33	45	4	34	72	53	9	77	49	50	5	50	41	63	2	57
chr7	75268597	75268893	297	5	0	297	144	153	20	8	7	5	13	10	15	2	4	6	34	4	3	5	7	1	10	10	3	6	14	9	3	12	11	12	2	11	5	8	2	33
chr7	75268894	75268919	26	5	0	26	11	15	2	0	1	1	0	1	2	1	1	0	0	0	0	0	0	0	0	0	0	1	3	0	0	2	1	4	2	1	0	1	0	0
chr7	75268921	75269690	770	5	0	770	361	409	33	16	20	20	23	33	53	31	20	11	41	16	13	11	13	5	25	26	0	20	46	41	5	38	41	36	3	40	28	27	4	29
chr7	75269700	75271233	1534	5	0	1534	682	852	70	35	43	20	41	56	117	32	42	31	84	28	16	21	31	14	36	55	7	45	102	88	16	91	60	88	7	71	48	65	4	68
chr7	75271237	75271271	35	5	0	35	13	22	0	0	0	0	0	2	3	4	0	1	0	0	0	1	1	0	1	2	0	1	4	1	0	2	4	3	0	2	0	1	0	0
chr7	75271277	75271567	291	5	0	291	156	135	22	11	6	7	13	10	15	9	4	7	15	4	7	9	6	10	11	13	1	12	15	12	1	13	8	8	0	10	14	9	0	7
chr7	75271569	75271659	91	5	0	91	36	55	2	3	1	1	2	4	7	2	2	2	5	3	1	1	0	0	2	6	0	2	7	5	1	7	1	6	1	3	5	4	2	1
chr7	75271661	75271860	200	5	0	200	107	93	13	10	4	7	10	11	13	3	6	3	8	2	5	4	5	2	13	7	0	8	10	5	0	9	7	6	0	7	7	7	0	6
chr7	75271874	75272608	735	5	0	735	365	370	34	16	17	19	21	33	45	25	20	18	41	23	12	11	14	15	30	24	6	18	43	21	7	32	24	31	5	26	27	28	6	41
chr7	75272686	75272758	73	5	0	73	38	35	6	1	0	4	1	7	3	2	1	2	1	1	3	1	3	1	4	6	0	1	8	3	0	2	0	2	0	3	1	2	0	2
chr7	75272802	75272885	84	5	0	84	36	48	2	3	1	0	2	6	9	1	3	2	5	1	0	0	0	0	3	2	0	6	6	3	0	3	6	5	1	2	3	2	1	4
chr7	75272886	75273102	217	5	0	217	122	95	32	6	5	7	5	9	5	11	6	1	13	7	6	4	3	1	6	9	2	3	9	11	3	9	4	5	1	6	11	7	0	8
chr7	75273124	75273665	542	5	0	542	273	269	32	13	21	15	18	21	30	20	18	12	28	12	13	9	4	6	17	20	6	12	35	19	1	23	19	20	6	21	18	19	5	27
chr7	75273741	75274499	759	5	0	759	417	342	50	36	18	34	36	22	48	23	30	14	30	18	22	9	16	11	25	24	1	31	46	11	2	30	17	26	2	33	41	28	5	18
chr7	75274500	75274941	442	5	0	442	248	194	54	15	13	11	12	16	28	11	12	8	19	8	16	12	4	8	20	16	0	14	18	10	3	21	16	11	2	15	13	15	5	14
chr7	75275760	75276578	819	5	0	819	417	402	61	19	20	30	30	28	43	26	16	17	40	20	22	16	16	12	30	22	4	24	43	33	12	33	30	39	10	29	24	27	8	33
chr7	75276582	75276681	100	5	0	100	54	46	16	2	3	4	4	3	7	3	2	0	4	1	2	1	1	0	3	1	0	2	3	3	1	5	7	5	1	7	3	3	0	1
chr7	75276682	75278124	1443	6	0	1443	731	712	91	43	43	32	52	54	85	38	34	25	71	42	32	23	40	24	51	39	13	42	75	52	6	72	53	61	9	67	50	53	10	59
chr7	75278139	75278570	432	6	0	432	213	219	23	12	12	11	12	20	23	9	16	11	27	9	7	13	5	3	15	21	6	13	23	16	5	24	8	8	4	12	18	23	3	18
chr7	75278572	75278942	371	6	0	371	184	187	37	10	5	8	12	13	21	6	7	11	20	13	3	6	8	3	11	14	4	11	21	16	7	11	6	13	6	15	14	13	7	17
chr7	75278943	75279299	357	6	0	357	201	156	39	9	11	12	12	23	18	15	15	7	12	8	3	5	3	7	19	12	2	11	16	9	3	8	17	4	2	11	16	11	1	14
chr7	75279301	75279764	464	6	0	464	219	245	30	3	7	12	13	21	26	12	5	8	32	17	5	11	10	5	11	13	5	14	25	13	7	23	18	25	10	19	18	17	8	19
chr7	75279775	75280459	685	6	0	685	382	303	51	24	23	24	30	25	34	18	16	13	26	16	25	10	15	32	28	19	4	21	36	13	4	25	20	28	5	27	23	18	5	25
chr7	75280463	75281360	898	6	0	898	444	454	32	24	29	18	28	26	57	34	36	32	51	37	7	18	6	7	38	25	6	32	46	37	12	37	19	17	8	20	42	53	8	54
chr7	75281389	75281723	335	6	0	335	162	173	17	6	12	5	10	17	17	6	7	6	18	11	6	7	11	4	8	13	2	13	18	15	3	19	9	17	3	11	15	10	2	15
chr7	75281745	75282101	357	6	0	357	173	184	16	7	12	12	11	16	25	9	13	6	19	8	6	6	3	3	12	12	0	10	21	13	3	20	15	16	1	14	13	16	2	15
chr7	75282103	75282737	635	6	0	635	290	345	33	12	25	8	13	23	32	17	25	15	47	14	5	8	6	5	13	18	9	18	35	41	5	37	13	23	9	23	24	36	9	32
chr7	75282738	75283241	504	6	0	504	271	233	44	15	20	16	22	14	34	5	11	11	25	12	18	5	8	9	13	11	3	19	20	12	3	23	21	20	4	25	21	15	2	21
chr7	75283263	75285129	1867	6	0	1867	877	990	82	34	50	44	55	74	113	53	54	57	116	55	19	21	28	22	77	53	13	43	92	95	29	101	54	68	14	68	72	100	14	95
chr7	75285131	75285873	743	6	0	743	365	378	40	21	31	18	27	28	34	25	34	23	31	16	8	7	14	7	32	21	6	20	34	37	12	38	25	20	6	22	23	43	8	30
chr7	75285874	75290255	4382	6	0	4382	2414	1968	298	127	140	173	148	150	206	116	149	91	202	117	144	74	92	186	159	124	40	119	185	144	38	192	114	114	37	143	162	177	33	186
chr7	75290256	75295592	5337	6	0	5337	2740	2597	312	127	179	169	176	216	305	155	168	123	227	141	130	103	92	115	172	183	42	172	270	174	56	232	186	197	69	184	224	178	43	215
chr7	75295601	75296066	466	6	0	466	284	182	43	11	19	28	10	13	20	20	22	8	14	14	26	11	10	14	10	11	3	19	17	16	0	14	14	5	4	11	22	15	1	19
chr7	75296069	75296555	487	6	0	487	324	163	73	14	19	30	20	13	13	17	16	9	20	22	26	7	8	15	16	12	3	13	11	5	3	9	10	6	1	7	26	5	5	31
chr7	75296567	75296841	275	6	0	275	135	140	22	4	6	5	6	14	22	3	5	9	16	3	5	4	6	3	6	7	2	16	17	8	0	13	13	13	2	10	10	10	2	11
chr7	75296842	75296889	48	6	0	48	46	2	0	0	0	0	0	0	0	2	0	0	0	0	0	2	0	40	2	0	0	0	0	0	0	0	0	0	0	0	0	0	0	0
chr7	75296987	75298435	1449	6	0	1449	941	508	153	52	59	86	55	41	41	40	56	19	40	38	87	37	47	88	50	29	10	60	39	23	10	32	33	25	8	36	55	27	12	59
chr7	75298439	75298633	195	8	0	195	145	50	40	6	8	19	4	0	7	3	11	3	4	5	17	3	5	9	4	2	0	6	4	1	0	5	1	1	0	2	5	7	0	11
chr7	75298635	75300390	1756	8	0	1756	999	757	129	46	54	95	75	59	86	44	46	33	62	49	75	43	46	56	62	53	11	55	84	42	12	64	55	59	10	59	63	48	9	70
chr7	75300392	75300614	223	8	0	223	146	77	25	9	12	12	13	3	10	5	7	3	4	4	12	9	4	13	11	4	0	9	7	4	0	5	7	2	0	9	6	5	0	7
chr7	75300615	75301209	595	8	0	595	333	262	52	9	16	34	11	21	27	12	19	10	23	19	29	8	16	25	8	13	7	20	27	25	7	22	14	22	7	19	22	21	7	21
chr7	75301216	75301959	744	8	0	744	411	333	40	31	26	24	26	32	36	23	28	13	32	20	27	15	23	15	36	22	4	29	26	18	6	31	24	22	3	19	31	19	3	38
chr7	75301960	75302291	332	8	0	332	176	156	31	7	10	10	13	6	18	15	3	10	13	8	12	5	8	5	13	6	0	9	13	19	1	17	12	13	3	16	15	12	0	7
chr7	75302293	75303500	1208	8	0	1208	596	612	62	33	37	30	52	69	63	24	24	19	72	26	25	19	28	12	56	40	5	38	62	34	5	78	39	56	8	49	51	49	6	35
chr7	75303510	75303799	290	8	0	290	135	155	9	6	9	7	14	17	14	8	4	4	16	8	4	4	8	2	10	12	1	8	16	10	2	19	14	14	4	12	13	10	1	8
chr7	75303801	75303832	32	8	0	32	22	10	7	1	0	3	1	0	0	1	0	0	1	1	2	1	1	1	1	1	0	0	1	2	1	0	0	0	1	1	0	1	0	1
chr7	75303834	75303952	119	8	0	119	55	64	5	2	4	4	6	8	8	1	1	3	4	4	2	1	0	1	5	3	2	4	9	3	2	6	3	10	0	4	6	4	0	2
chr7	75303954	75304004	51	8	0	51	39	12	4	2	3	5	0	0	0	3	1	1	2	1	8	2	0	5	1	2	0	2	0	0	0	2	0	0	0	0	2	0	2	1
chr7	75304006	75305015	1010	8	0	1010	537	473	66	23	39	31	33	42	47	30	24	21	43	23	37	25	26	26	32	34	6	38	48	25	10	42	37	44	11	34	35	22	13	41
chr7	75305017	75305035	19	8	0	19	7	12	0	0	0	0	0	2	1	0	0	1	1	0	0	0	2	0	0	0	0	1	1	0	0	2	1	3	0	0	1	0	0	1
chr7	75305037	75305440	404	8	0	404	208	196	6	8	21	11	18	12	17	17	7	10	19	13	15	9	11	13	10	14	3	12	23	15	0	16	14	16	5	17	17	9	2	22
chr7	75305441	75306762	1322	8	0	1322	658	664	84	34	42	41	45	51	90	31	53	29	63	33	19	14	14	15	40	42	7	38	65	45	19	59	52	54	13	50	60	47	9	62
chr7	75306765	75307510	746	8	0	746	398	348	57	25	23	23	24	30	35	27	28	16	38	18	19	11	14	8	36	17	6	23	30	17	14	27	19	23	8	28	31	31	6	32
chr7	75307520	75309288	1769	8	0	1769	920	849	99	52	57	48	67	61	100	57	54	48	86	57	37	31	24	40	72	52	10	59	94	58	18	71	48	54	15	53	71	77	13	84
chr7	75309317	75309651	335	8	0	335	162	173	17	6	12	5	10	17	17	6	7	6	18	11	6	7	11	4	8	13	2	13	18	15	3	19	9	17	3	11	15	10	2	15
chr7	75309736	75310029	294	8	0	294	142	152	10	6	8	11	11	13	22	8	7	4	15	8	6	6	3	3	10	8	0	10	18	8	3	14	15	16	1	14	11	11	2	10
chr7	75310031	75310665	635	8	0	635	290	345	33	12	25	8	13	23	32	17	25	15	47	14	5	8	6	5	13	18	9	18	35	41	5	37	13	23	9	23	24	36	9	32
chr7	75310666	75311169	504	8	0	504	271	233	44	15	20	16	22	14	34	5	11	11	25	12	18	5	8	9	13	11	3	19	20	12	3	23	21	20	4	25	21	15	2	21
chr7	75311171	75311189	19	8	0	19	10	9	0	0	0	0	0	1	0	2	0	0	1	2	0	0	1	1	0	0	0	1	2	1	0	1	0	0	0	0	1	3	0	0
chr7	75311191	75313057	1867	8	0	1867	877	990	82	34	50	44	55	74	113	53	54	57	116	55	19	21	28	22	77	53	13	43	92	95	29	101	54	68	14	68	72	100	14	95
chr7	75313058	75313801	744	8	0	744	366	378	41	21	31	18	27	28	34	25	34	23	31	16	8	7	14	7	32	21	6	20	34	37	12	38	25	20	6	22	23	43	8	30
chr7	75313802	75315329	1528	8	0	1528	695	833	60	29	45	31	47	48	89	28	37	39	97	44	22	22	23	33	37	52	19	30	85	76	23	96	40	67	25	66	50	85	19	62
chr7	75315330	75318183	2854	7	0	2854	1718	1136	238	98	95	142	101	102	117	88	112	52	104	73	122	52	69	153	122	72	21	89	100	70	15	95	74	47	12	77	112	91	14	123
chr7	75318184	75323994	5811	7	0	5811	3028	2783	355	138	198	198	187	229	325	176	190	132	241	156	156	114	102	130	182	194	46	191	287	190	56	246	201	202	74	195	247	193	44	234
chr7	75323997	75324765	769	7	0	769	457	312	91	18	25	35	27	29	35	20	21	18	37	25	30	12	14	18	22	19	7	29	29	13	4	22	24	21	3	18	36	15	8	42
chr7	75324976	75325396	421	7	0	421	296	125	44	11	12	44	16	14	11	15	21	3	12	9	30	10	13	30	17	8	0	13	7	6	0	6	9	1	0	12	23	5	0	17
chr7	75325440	75325941	502	7	0	502	349	153	54	20	28	29	13	11	10	17	21	8	6	16	43	13	22	38	20	3	4	25	13	6	0	7	5	8	1	10	13	9	3	24
chr7	75325948	75326340	393	7	0	393	211	182	30	15	14	12	17	14	19	5	13	7	16	9	12	12	10	4	10	15	5	18	17	9	5	17	12	11	6	11	16	13	4	13
chr7	75326342	75326405	64	7	0	64	37	27	14	2	1	1	5	2	1	1	0	0	4	3	0	0	1	1	1	1	1	1	1	0	2	1	6	3	1	2	1	0	2	3
chr7	75326409	75326600	192	7	0	192	144	48	39	6	8	19	4	0	7	3	10	3	4	5	17	3	5	9	4	2	0	6	4	1	0	5	1	1	0	2	5	6	0	11
chr7	75326605	75328360	1756	7	0	1756	999	757	129	46	54	95	75	59	86	44	46	33	62	49	75	43	46	56	62	53	11	55	84	42	12	64	55	59	10	59	63	48	9	70
chr7	75328362	75328584	223	7	0	223	146	77	25	9	12	12	13	3	10	5	7	3	4	4	12	9	4	13	11	4	0	9	7	4	0	5	7	2	0	9	6	5	0	7
chr7	75328585	75329181	597	7	0	597	335	262	54	9	16	34	11	21	27	12	19	10	23	19	29	8	16	25	8	13	7	20	27	25	7	22	14	22	7	19	22	21	7	21
chr7	75329188	75329706	519	7	0	519	268	251	18	22	16	14	20	23	27	15	15	10	27	15	17	7	14	8	23	15	3	21	22	16	6	22	19	18	3	16	21	17	2	25
chr7	75329707	75329773	67	6	0	67	42	25	6	4	2	4	3	3	1	2	3	0	0	1	4	3	2	3	5	2	1	1	1	2	0	4	1	2	0	1	2	1	1	0
chr7	75329774	75329931	158	7	0	158	101	57	16	5	8	6	3	6	7	6	10	3	5	4	6	5	7	4	8	4	0	7	3	0	0	4	4	2	0	2	7	1	0	13
chr7	75329932	75330264	333	7	0	333	177	156	32	7	10	10	13	6	18	15	3	10	13	8	12	5	8	5	13	6	0	9	13	19	1	17	12	13	3	16	15	12	0	7
chr7	75330266	75331473	1208	7	0	1208	595	613	62	33	36	30	51	68	64	24	24	19	73	26	25	19	28	12	56	39	5	38	60	34	6	78	40	56	8	50	51	49	7	35
chr7	75331481	75331923	443	7	0	443	212	231	21	9	13	14	21	25	22	10	6	7	21	13	8	6	10	4	16	16	3	12	26	15	5	25	17	25	6	18	19	15	2	11
chr7	75331977	75332462	486	7	0	486	268	218	29	13	20	17	18	17	21	15	12	10	20	12	22	8	12	20	15	13	3	17	22	9	3	20	18	22	6	16	16	10	8	20
chr7	75332463	75332962	500	7	0	500	257	243	33	10	18	14	15	22	25	15	11	11	22	10	15	15	13	7	15	20	3	20	25	15	7	21	19	21	5	17	18	11	5	20
chr7	75332964	75333001	38	7	0	38	16	22	0	0	0	1	0	5	2	0	0	1	2	0	1	1	2	0	2	2	1	1	2	0	1	3	1	4	0	1	2	0	0	1
chr7	75333003	75333406	404	7	0	404	208	196	6	8	21	11	18	12	17	17	7	10	19	13	15	9	11	13	10	14	3	12	23	15	0	16	14	16	5	17	17	9	2	22
chr7	75333407	75334728	1322	7	0	1322	658	664	84	34	42	41	45	51	90	31	53	29	63	33	19	14	14	15	40	42	7	38	65	45	19	59	52	54	13	50	60	47	9	62
chr7	75334730	75335477	748	7	0	748	400	348	59	25	23	23	24	30	35	27	28	16	38	18	19	11	14	8	36	17	6	23	30	17	14	27	19	23	8	28	31	31	6	32
chr7	75335487	75337255	1769	7	0	1769	920	849	99	52	57	48	67	61	100	57	54	48	86	57	37	31	24	40	72	52	10	59	94	58	18	71	48	54	15	53	71	77	13	84
chr7	75337257	75337282	26	7	0	26	9	17	0	0	0	0	0	1	2	1	0	2	2	1	0	0	0	0	0	2	0	1	2	3	0	2	0	0	0	0	2	3	0	0
chr7	75337284	75337618	335	7	0	335	162	173	17	6	12	5	10	17	17	6	7	6	18	11	6	7	11	4	8	13	2	13	18	15	3	19	9	17	3	11	15	10	2	15
chr7	75337623	75337996	374	7	0	374	188	186	27	7	14	12	11	16	25	9	15	6	19	8	6	6	3	3	12	12	0	10	21	13	3	20	15	16	1	14	13	16	2	17
chr7	75337998	75338632	635	7	0	635	290	345	33	12	25	8	13	23	32	17	25	15	47	14	5	8	6	5	13	18	9	18	35	41	5	37	13	23	9	23	24	36	9	32
chr7	75338633	75339136	504	7	0	504	271	233	44	15	20	16	22	14	34	5	11	11	25	12	18	5	8	9	13	11	3	19	20	12	3	23	21	20	4	25	21	15	2	21
chr7	75339158	75340042	885	7	0	885	412	473	46	20	22	16	24	42	58	23	22	31	54	23	11	8	9	2	43	28	9	21	42	42	13	48	26	32	9	29	36	42	7	45
chr7	75340054	75341024	971	7	0	971	459	512	36	14	28	27	31	32	53	30	30	25	61	31	8	13	19	20	33	25	4	22	50	53	16	53	28	36	5	39	35	58	7	47
chr7	75341028	75341768	741	7	0	741	363	378	38	21	31	18	27	28	34	25	34	23	31	16	8	7	14	7	32	21	6	20	34	37	12	38	25	20	6	22	23	43	8	30
chr7	75341769	75344277	2509	7	0	2509	1196	1313	94	61	84	58	80	91	140	59	82	68	141	69	42	33	43	50	70	87	30	66	129	112	32	144	74	86	28	94	97	131	28	104
chr7	75344278	75346150	1873	6	0	1873	1217	656	204	66	56	115	68	59	66	57	67	23	60	48	102	41	49	136	89	37	10	53	56	32	6	48	40	28	9	49	65	46	5	81
chr7	75346151	75348866	2716	6	0	2716	1366	1350	148	55	98	82	85	102	165	89	98	67	118	70	51	48	48	41	89	85	16	82	141	93	28	120	104	109	32	97	107	95	21	130
chr7	75348871	75351961	3091	6	0	3091	1659	1432	207	83	100	116	102	126	160	86	92	65	122	86	105	67	54	88	93	109	31	108	146	97	28	126	97	93	41	97	138	98	24	104
chr7	75351964	75352450	487	6	0	487	324	163	73	14	19	30	20	13	13	17	16	9	20	22	26	7	8	15	16	12	3	13	11	5	3	9	10	6	1	7	26	5	5	31
chr7	75352462	75352737	276	6	0	276	136	140	23	4	6	5	6	14	22	3	5	9	16	3	5	4	6	3	6	7	2	16	17	8	0	13	13	13	2	10	10	10	2	11
chr7	75352745	75352765	21	6	0	21	20	1	0	0	0	0	0	0	0	1	0	0	0	0	0	0	0	18	0	0	0	0	0	0	0	0	0	0	0	0	0	0	0	0
chr7	75352766	75352802	37	6	0	37	34	3	0	0	0	0	0	0	0	3	0	0	0	0	0	3	0	26	3	0	0	0	0	0	0	0	0	0	0	0	0	0	0	0
chr7	75352803	75352822	20	6	0	20	18	2	0	0	0	0	0	0	0	2	0	0	0	0	0	2	0	12	2	0	0	0	0	0	0	0	0	0	0	0	0	0	0	0
chr7	75352823	75352840	18	6	0	18	16	2	0	0	0	0	0	0	0	1	0	0	0	0	0	2	0	12	1	0	0	0	0	0	0	0	0	0	0	0	0	0	0	0
chr7	75352843	75352878	36	6	0	36	33	3	0	0	0	0	0	0	0	3	0	0	0	0	0	3	0	25	3	0	0	0	0	0	0	0	0	0	0	0	0	0	0	0
chr7	75352882	75353867	986	6	0	986	686	300	101	35	43	73	33	25	21	34	44	12	19	26	74	25	37	83	39	13	4	41	21	14	3	14	15	11	1	23	38	14	6	42
chr7	75353874	75354316	443	6	0	443	234	209	32	17	15	13	21	16	20	6	13	7	21	12	12	12	11	5	11	16	6	19	18	9	7	18	18	14	7	13	16	13	6	17
chr7	75354317	75354525	209	6	0	209	160	49	53	6	9	19	4	0	7	3	11	3	4	5	17	3	5	9	4	2	0	6	4	1	0	5	1	1	0	2	5	6	0	12
chr7	75354531	75355557	1027	6	0	1027	579	448	82	26	31	56	42	37	50	20	22	21	43	22	50	21	27	28	36	32	8	29	49	29	4	42	30	36	5	39	34	27	7	40
chr7	75355582	75356508	927	6	0	927	555	372	70	28	35	51	46	23	43	28	30	14	23	30	38	31	24	41	36	24	3	33	38	17	8	26	31	23	5	29	35	24	2	36
chr7	75356510	75357060	551	6	0	551	288	263	56	9	16	18	11	20	27	11	19	10	23	19	14	8	16	10	7	13	7	19	27	25	7	22	14	22	8	20	21	21	8	21
chr7	75357061	75357487	427	6	0	427	226	201	12	14	10	18	16	20	24	9	8	9	23	10	18	5	13	16	18	13	1	16	17	12	4	20	17	16	2	14	17	12	1	20
chr7	75357492	75357595	104	6	0	104	61	43	4	7	5	5	4	3	3	4	5	1	3	4	8	2	1	1	5	1	2	5	3	3	2	2	2	1	1	2	4	4	1	4
chr7	75357717	75358885	1169	6	0	1169	619	550	99	21	29	60	34	37	56	34	35	22	39	26	41	23	30	32	37	28	13	26	50	43	23	47	41	54	25	40	33	38	11	40
chr7	75358887	75358912	26	6	0	26	10	16	1	1	2	0	1	1	0	0	2	0	2	0	0	0	0	0	0	1	1	0	1	1	1	1	0	2	1	1	1	1	0	2
chr7	75358914	75359192	279	6	0	279	103	176	11	3	8	3	8	10	10	2	6	11	23	4	0	1	2	1	5	7	7	6	11	17	15	13	7	15	12	15	7	17	11	9
chr7	75359202	75359298	97	6	0	97	38	59	7	2	2	1	1	4	5	0	5	5	3	0	0	1	0	1	2	6	4	0	5	4	5	5	2	5	5	2	1	5	4	3
chr7	75359300	75360266	967	6	0	967	452	515	56	19	17	29	27	35	35	22	13	18	39	18	24	18	11	69	25	34	15	16	39	45	51	30	36	62	44	30	19	24	18	27
chr7	75360267	75360286	20	6	0	20	10	10	0	1	1	0	2	0	1	0	0	1	3	0	0	0	0	0	1	0	0	2	1	0	0	0	1	0	0	1	0	1	0	2
chr7	75360288	75362269	1982	6	0	1982	1125	857	176	57	79	84	72	68	88	56	76	44	67	48	72	41	37	60	78	55	19	58	70	46	25	71	49	62	24	64	87	49	20	78
chr7	75362271	75363230	960	6	0	960	584	376	94	26	36	50	24	33	34	35	36	10	37	27	53	22	26	39	39	21	5	26	30	22	6	33	21	27	7	29	36	21	8	45
chr7	75363231	75366608	3378	5	0	3378	1737	1641	187	75	139	85	106	132	163	104	116	79	184	76	77	79	69	65	122	102	31	110	162	116	30	166	99	114	24	109	123	143	19	170
chr7	75366610	75367567	958	5	0	958	461	497	51	22	33	16	24	49	55	26	27	24	47	24	19	18	17	8	42	29	11	31	46	45	7	56	33	29	14	31	33	51	4	34
chr7	75367568	75368107	540	5	0	540	263	277	35	15	10	14	16	33	24	16	10	15	29	9	13	5	13	5	27	16	5	21	27	21	9	27	14	26	7	13	21	21	7	14
chr7	75368109	75368166	58	5	0	58	25	33	1	2	1	1	2	2	3	1	2	3	4	2	0	0	0	0	1	5	0	1	4	3	1	4	0	1	0	1	4	4	1	2
chr7	75368168	75372444	4277	5	0	4277	2315	1962	354	96	143	180	157	165	183	113	119	69	215	109	143	68	89	112	130	126	27	114	191	139	41	199	135	154	38	155	162	151	36	162
chr7	75372446	75377681	5236	5	0	5236	2470	2766	283	96	150	147	139	219	316	133	152	110	251	130	103	56	91	92	147	169	39	127	291	294	74	300	180	268	43	191	189	228	36	190
chr7	75377707	75381222	3516	5	0	3516	1680	1836	218	83	106	72	119	134	221	87	88	81	187	77	55	52	63	36	108	112	24	106	194	155	35	184	131	170	41	142	128	130	30	145
chr7	75381223	75382843	1621	4	0	1621	823	798	117	41	53	45	52	52	84	46	50	35	89	41	37	25	34	22	48	48	6	50	81	54	15	87	45	71	19	57	60	64	25	66
chr7	75382846	75383103	258	4	0	258	133	125	26	6	4	8	8	8	16	3	4	5	15	7	7	6	5	4	5	10	1	9	15	7	2	12	7	12	4	9	8	8	5	10
chr7	75383104	75387105	4002	4	0	4002	1950	2052	223	100	120	116	145	163	229	88	97	75	217	83	94	60	69	71	107	130	24	137	227	175	46	196	145	180	42	170	146	159	34	132
chr7	75387107	75388111	1005	4	0	1005	506	499	53	29	32	25	35	38	68	28	30	23	50	21	22	15	17	18	36	29	2	38	54	42	4	46	39	40	5	40	40	35	5	44
chr7	75388113	75389249	1137	4	0	1137	423	714	58	14	27	22	18	38	61	18	34	30	48	16	10	6	12	10	23	39	12	14	53	123	54	69	38	73	52	35	21	65	12	30
chr7	75389250	75389273	24	4	0	24	9	15	0	0	1	0	1	1	3	0	0	1	2	0	0	0	0	0	1	1	0	0	0	0	0	3	4	1	0	0	0	1	0	2
chr7	75389275	75390526	1252	4	0	1252	530	722	25	25	38	18	37	56	82	30	36	38	65	29	8	15	22	5	34	47	12	41	81	81	18	75	44	59	13	48	46	67	11	44
chr7	75390528	75396225	5698	4	0	5698	2694	3004	257	120	193	165	161	224	292	163	187	108	289	133	129	100	98	73	156	167	80	149	263	286	95	290	209	260	107	224	212	221	76	209
chr7	75396226	75397296	1071	3	0	1071	590	481	66	36	31	42	45	43	55	27	23	18	48	27	42	29	19	38	52	30	9	35	47	22	8	46	27	39	10	40	44	32	7	32
chr7	75397297	75397848	552	3	0	552	280	272	54	11	21	15	23	16	30	9	10	9	27	10	15	11	12	6	15	14	2	16	27	29	4	28	23	29	3	25	13	17	5	21
chr7	75397850	75397905	56	3	0	56	35	21	5	2	4	2	2	1	3	0	4	0	3	3	1	0	0	3	1	1	0	1	1	1	0	2	2	0	0	2	2	2	0	6
chr7	75397947	75398227	281	3	0	281	117	164	5	7	12	2	7	14	28	3	12	7	11	4	2	1	0	1	11	7	1	10	18	20	0	19	15	16	1	11	8	14	0	12
chr7	75398261	75398674	414	3	0	414	210	204	16	9	17	12	13	12	22	12	19	11	17	9	6	8	19	7	12	16	0	12	15	22	3	23	16	11	1	16	16	14	2	24
chr7	75398675	75401369	2695	3	0	2695	1226	1469	115	59	82	49	72	140	166	57	70	66	138	60	49	24	35	42	100	95	21	74	145	156	43	155	103	112	35	96	87	136	15	96
chr7	75401371	75406601	5231	3	0	5231	2386	2845	225	110	146	123	150	191	329	145	146	119	285	116	84	67	81	68	146	153	41	147	287	262	93	284	196	275	77	217	186	236	51	193
chr7	75406602	75409396	2795	3	0	2795	1347	1448	120	62	86	61	81	125	164	71	64	69	154	80	65	40	58	45	82	99	23	92	157	106	30	150	92	116	25	109	110	122	24	111
chr7	75409403	75409965	563	3	0	563	276	287	31	16	12	20	22	25	27	16	11	13	24	11	15	12	12	9	23	21	8	14	34	19	9	28	15	32	9	14	16	18	6	19
chr7	75409966	75410016	51	3	0	51	44	7	9	0	0	1	0	5	0	2	0	0	0	0	0	2	0	23	7	0	0	0	0	0	0	0	0	0	0	0	0	0	0	0
chr7	75410018	75410216	199	3	0	199	107	92	7	7	4	9	5	8	10	9	9	5	3	4	6	3	2	14	10	4	4	6	6	7	3	3	9	3	11	5	7	5	4	5
chr7	75410217	75412256	2040	2	0	2040	877	1163	62	52	79	26	47	85	91	46	75	43	91	45	35	41	47	11	59	77	25	60	90	137	70	97	63	88	58	84	58	92	37	67
chr7	75412260	75412740	481	2	0	481	242	239	26	8	16	13	11	19	28	16	12	15	30	12	14	7	12	3	11	15	4	19	23	11	5	24	19	16	3	18	21	22	2	24
chr7	75412743	75415106	2364	2	0	2364	1206	1158	117	59	83	78	80	76	129	82	83	50	108	56	58	49	45	52	96	64	16	58	96	95	33	122	92	91	19	78	82	96	12	107
chr7	75415108	75415152	45	2	0	45	14	31	0	0	0	0	0	0	8	2	0	2	1	0	0	0	0	0	1	1	0	0	5	3	0	2	4	5	0	5	0	2	0	2
chr7	75415154	75416218	1065	2	0	1065	454	611	26	16	41	11	20	38	79	31	28	32	48	23	20	13	16	11	33	34	11	21	52	50	18	72	50	56	25	56	33	52	12	35
chr7	75416219	75417063	845	2	0	845	384	461	28	18	32	16	23	38	48	21	29	16	40	13	14	22	18	8	33	26	11	24	28	42	26	39	44	37	11	40	24	31	8	35
chr7	75417064	75422795	5732	2	0	5732	2453	3279	201	123	211	100	163	248	367	119	177	112	245	90	94	70	74	58	166	184	68	135	325	370	131	307	244	341	97	286	161	238	56	169
chr7	75422797	75422818	22	2	0	22	7	15	0	0	1	0	0	2	2	0	1	1	0	0	0	0	0	0	1	1	0	1	1	1	1	2	0	3	1	0	1	0	0	0
chr7	75422820	75425929	3110	2	0	3110	1537	1573	142	89	136	75	101	105	181	68	131	67	137	75	68	57	65	40	101	96	31	89	147	125	38	150	94	122	40	128	113	118	27	152
chr7	75425931	75428217	2287	2	0	2287	1248	1039	191	54	96	70	82	81	119	68	70	60	95	59	67	46	42	47	78	54	21	88	95	67	19	82	74	70	16	90	102	72	18	92
chr7	75428218	75428951	734	1	0	734	364	370	33	19	25	17	29	35	37	23	15	11	38	22	17	13	20	10	27	26	2	23	39	19	6	46	26	38	4	26	31	26	4	25
chr7	75428953	75431074	2122	1	0	2122	1251	871	171	55	80	95	86	67	86	72	64	54	80	54	79	55	71	81	92	51	6	82	76	38	11	79	59	57	13	55	84	58	8	101
chr7	75431076	75431603	528	1	0	528	296	232	52	17	14	25	27	21	24	16	15	5	21	10	13	10	6	19	15	18	4	16	33	13	4	16	22	21	3	16	18	14	1	17
chr7	75431605	75432184	580	1	0	580	303	277	47	15	11	18	15	24	38	14	10	9	31	8	18	13	17	14	16	19	1	25	28	13	2	29	28	25	8	25	19	15	5	18
chr7	75432188	75433234	1047	1	0	1047	631	416	96	26	33	55	35	35	40	40	32	17	31	26	46	41	28	49	48	28	8	35	42	23	8	26	33	21	9	29	27	27	9	42
chr7	75433235	75434582	1348	1	0	1348	790	558	126	37	42	62	41	43	59	34	40	21	51	35	59	40	40	59	48	32	14	47	51	28	10	51	29	39	18	43	49	41	6	51
chr7	75434584	75436050	1467	1	0	1467	851	616	122	43	38	75	58	43	73	50	49	31	48	36	50	42	35	57	60	37	14	48	58	33	6	58	45	40	15	38	61	45	7	50
chr7	75436051	75439883	3833	1	0	3833	2271	1562	293	106	163	191	143	101	164	143	145	86	132	108	172	91	95	136	156	86	18	124	151	79	18	129	107	79	25	119	137	133	19	182
chr7	75439884	75440567	684	1	0	684	323	361	45	14	11	19	20	24	41	17	13	18	40	12	12	10	18	8	15	25	3	23	43	28	11	32	20	38	11	29	24	23	9	26
chr7	75440569	75441969	1401	1	0	1401	817	584	113	55	65	54	47	42	55	40	70	35	42	40	56	31	37	34	65	28	24	45	46	34	15	39	30	26	8	36	43	46	19	79
chr7	75441974	75443938	1965	1	0	1965	856	1109	80	41	52	52	41	59	85	46	54	51	82	57	50	30	35	41	51	51	31	48	74	91	98	82	53	119	97	69	52	84	52	55
chr7	75443939	75444257	319	1	0	319	187	132	38	9	18	9	10	9	16	5	18	4	13	10	8	4	4	10	6	7	0	13	13	12	0	14	11	5	1	5	10	15	1	19
chr7	75444260	75447007	2748	1	0	2748	1534	1214	187	74	86	104	97	99	127	92	74	55	107	82	93	74	75	108	116	67	16	103	118	90	19	96	82	83	24	81	99	84	19	115
chr7	75447010	75448502	1493	1	0	1493	893	600	169	51	42	77	65	38	70	44	43	25	57	37	61	26	25	62	64	30	8	38	61	31	8	49	40	47	11	50	52	41	13	56
chr7	75448503	75449366	864	1	0	864	442	422	67	26	28	27	39	38	48	16	26	17	43	16	15	14	14	7	31	26	7	31	39	24	9	41	35	38	12	27	36	25	6	34
chr7	75449367	75457150	7784	1	0	7784	4084	3700	441	197	267	254	276	280	422	261	260	172	347	211	184	159	191	160	303	204	53	248	356	217	63	338	283	279	74	292	297	274	70	349
chr7	75457159	75464827	7669	1	0	7669	4309	3360	641	224	273	329	296	255	392	221	282	137	315	183	247	155	147	211	285	197	35	254	328	241	48	292	248	238	37	239	303	233	40	341
chr7	75464829	75464867	39	1	0	39	25	14	10	2	1	0	2	1	1	1	2	1	2	1	0	0	0	0	1	1	1	1	2	1	0	0	0	0	0	0	2	1	1	2
chr7	75464869	75465895	1027	1	0	1027	524	503	79	17	26	33	35	43	58	29	25	22	56	26	15	21	24	14	30	33	4	36	57	27	12	45	35	45	9	41	43	36	7	42
chr7	75465896	75466211	316	1	0	316	192	124	56	6	11	12	11	11	14	10	6	7	12	6	11	5	5	7	9	9	2	9	12	7	0	13	13	8	1	10	12	8	1	10
chr7	75466212	75468126	1915	1	0	1915	1079	836	184	38	49	97	65	78	91	58	50	31	86	54	68	33	48	47	59	57	7	57	83	60	14	72	67	63	10	66	83	49	9	80
chr7	75468128	75470242	2115	1	0	2115	1163	952	198	68	76	60	87	70	98	60	55	46	113	50	61	33	40	46	70	55	13	80	98	53	11	94	71	70	17	56	76	78	13	97
chr7	75470245	75470273	29	1	0	29	19	10	0	3	0	3	0	2	1	0	2	0	0	0	3	1	1	1	1	1	2	2	0	1	0	1	0	0	0	0	2	0	0	0
chr7	75470275	75475515	5241	1	0	5241	2826	2415	353	148	185	194	188	198	241	172	184	99	224	142	155	102	97	142	189	136	48	174	231	177	58	204	160	167	48	173	219	190	44	197
chr7	75475517	75475572	56	1	0	56	25	31	3	0	6	0	2	1	2	0	3	3	3	0	1	0	1	0	1	1	0	2	1	4	2	4	2	3	0	1	1	3	0	4
chr7	75475574	75476290	717	1	0	717	404	313	41	22	30	31	27	18	31	34	25	10	36	20	31	9	19	19	20	13	3	23	30	16	0	30	27	27	1	31	33	20	6	32
chr7	75476292	75477110	819	1	0	819	523	296	74	28	35	40	38	18	31	30	22	10	14	27	42	26	20	66	39	16	3	24	33	17	1	20	23	18	1	28	22	20	3	28
chr7	75477111	75488957	11847	1	0	11847	6732	5115	913	353	439	511	430	358	505	368	419	243	443	325	454	237	271	462	446	291	94	361	439	361	134	452	337	352	107	310	439	383	73	535
chr7	75488959	75490215	1257	1	0	1257	656	601	89	30	33	44	41	47	61	29	32	28	60	33	35	27	38	28	44	33	14	41	59	32	12	62	32	56	21	41	43	45	17	48
chr7	75490216	75491702	1487	1	0	1487	800	687	148	41	58	50	61	46	83	36	55	25	62	35	32	24	15	27	47	44	4	41	79	54	10	67	48	59	7	50	53	53	11	60
chr7	75491703	75493504	1802	1	0	1802	985	817	149	47	55	67	68	64	87	66	60	37	82	54	42	31	38	37	65	41	14	58	87	48	13	59	63	58	14	63	70	60	21	82
chr7	75493505	75494516	1012	1	0	1012	489	523	26	25	32	18	27	38	59	30	32	30	59	42	16	22	17	15	32	37	10	36	53	39	15	51	22	29	9	26	47	54	8	54
chr7	75494518	75496400	1883	1	0	1883	907	976	102	46	75	34	66	79	106	41	64	39	106	45	25	27	34	16	61	66	13	51	103	78	15	107	57	73	19	79	71	86	13	84
chr7	75496405	75498110	1706	1	0	1706	818	888	87	37	60	35	43	65	99	50	57	41	112	47	31	15	18	20	56	45	10	47	85	81	18	95	52	55	17	70	64	98	17	77
chr7	75498111	75502234	4124	1	0	4124	1944	2180	207	100	127	90	130	131	224	110	139	98	243	106	49	55	74	60	119	125	42	98	218	180	70	227	124	181	53	156	134	209	57	186
chr7	75502238	75502286	49	1	0	49	28	21	4	1	0	3	1	1	3	1	0	2	4	1	2	1	0	3	1	1	0	3	0	2	0	2	1	2	1	0	4	0	1	2
chr7	75502288	75505200	2913	1	0	2913	1749	1164	238	95	94	155	108	105	116	90	114	48	104	74	122	53	76	157	125	80	21	75	106	74	11	107	80	55	9	80	108	90	13	128
chr7	75505202	75506013	812	1	0	812	412	400	65	17	27	23	27	37	45	25	21	17	33	20	18	9	14	12	27	24	4	25	39	31	8	33	37	37	15	29	31	19	9	32
chr7	75506015	75506436	422	1	0	422	212	210	26	8	17	11	17	8	20	18	13	15	17	9	7	8	11	6	15	12	4	7	23	12	7	21	11	23	3	17	14	16	4	20
chr7	75506439	75506555	117	1	0	117	63	54	7	5	3	5	8	5	4	5	5	2	2	5	1	1	2	1	8	2	2	1	4	6	3	2	7	4	1	0	3	3	0	8
chr7	75506557	75508199	1643	1	0	1643	825	818	66	42	51	61	63	61	89	52	57	39	75	47	34	27	31	30	46	51	22	50	82	61	15	77	65	62	16	51	72	62	16	68
chr7	75508201	75508405	205	1	0	205	93	112	9	5	4	7	7	11	11	2	7	5	9	2	2	5	6	1	7	10	4	4	8	7	7	10	7	10	3	10	9	6	2	6
chr7	75508407	75511829	3423	1	0	3423	1943	1480	294	101	121	136	119	133	163	99	101	63	141	92	139	65	63	111	104	110	27	122	151	87	21	123	106	95	28	109	153	90	20	134
chr7	75511831	75511878	48	1	0	48	38	10	3	0	0	2	0	6	0	4	0	0	0	0	1	3	0	18	9	0	0	0	0	0	0	0	0	0	0	0	0	0	0	0
chr7	75511879	75513642	1764	1	0	1764	1129	635	191	59	71	94	55	44	59	56	69	25	51	45	100	43	48	117	57	36	10	68	48	35	17	46	38	33	10	47	71	42	9	68
chr7	75513643	75515941	2299	1	0	2299	1314	985	159	77	77	95	96	83	99	80	63	37	95	67	90	61	59	74	96	71	5	86	111	51	13	84	64	67	8	67	87	70	12	93
chr7	75515942	75518662	2721	1	0	2721	1596	1125	182	93	109	107	104	81	99	112	90	38	95	83	115	61	70	156	113	56	11	94	108	73	19	97	73	82	16	77	102	86	12	105
chr7	75518663	75526396	7734	1	0	7734	4624	3110	705	236	290	379	308	237	329	261	287	138	266	222	310	163	165	326	311	168	49	246	291	161	41	266	216	213	42	193	317	217	34	345
chr7	75526397	75526416	20	1	0	20	9	11	0	0	1	0	0	2	0	2	1	0	0	1	0	0	1	1	0	0	0	0	0	2	0	1	3	0	0	1	1	1	0	0
chr7	75526418	75529442	3025	1	0	3025	1383	1642	134	71	81	74	67	105	158	61	76	77	159	56	83	52	71	56	76	92	36	101	126	155	91	149	103	151	90	104	87	123	43	115
chr7	75529447	75532004	2558	1	0	2558	1294	1264	159	53	81	87	90	90	146	70	68	57	122	62	64	43	54	47	81	78	16	68	122	85	31	131	98	112	27	105	95	94	22	98
chr7	75532006	75532182	177	1	0	177	89	88	18	2	2	3	1	6	10	9	2	5	9	3	5	4	5	3	6	8	0	3	9	10	1	8	7	5	4	8	4	5	3	7
chr7	75532184	75532330	147	1	0	147	80	67	21	4	3	5	6	4	6	8	2	3	3	2	5	2	2	3	5	4	0	3	9	7	3	5	7	10	0	3	3	3	1	3
chr7	75532332	75532721	390	1	0	390	200	190	31	12	10	9	15	13	17	14	10	12	19	11	7	8	7	4	17	12	2	14	20	15	8	14	10	12	4	10	12	18	6	15
chr7	75532723	75533018	296	1	0	296	147	149	16	9	5	10	17	9	20	8	4	6	16	6	4	5	5	6	8	7	2	12	15	14	1	14	18	12	1	13	13	11	0	7
chr7	75533020	75538591	5572	1	0	5572	2893	2679	329	158	207	167	212	193	285	180	187	148	243	144	133	79	135	91	193	169	39	177	276	209	64	220	180	187	31	212	221	204	36	261
chr7	75538593	75538637	45	1	0	45	16	29	0	1	0	0	1	2	4	1	0	1	5	1	0	0	0	0	1	0	0	3	4	1	0	1	3	3	3	2	0	2	1	3
chr7	75538639	75539443	805	1	0	805	392	413	38	24	33	22	24	29	39	12	35	14	36	18	21	9	27	9	20	25	10	21	37	33	15	43	20	38	11	37	27	32	10	34
chr7	75539445	75539467	23	1	0	23	16	7	2	0	2	2	0	1	0	0	1	0	1	2	3	0	0	0	0	0	0	1	1	1	0	0	0	0	0	0	1	1	0	2
chr7	75539469	75540432	964	1	0	964	556	408	57	23	39	50	31	26	39	32	41	10	37	33	40	30	35	33	26	27	6	30	41	25	7	38	27	29	2	28	34	30	3	53
chr7	75540435	75541725	1291	1	0	1291	700	591	123	31	42	41	41	52	66	23	27	31	63	35	45	23	29	27	39	35	17	45	62	33	10	55	32	51	13	42	49	41	8	58
chr7	75541726	75542107	382	1	0	382	210	172	21	9	15	15	16	12	18	19	17	11	16	11	6	6	11	5	15	10	3	10	18	4	2	15	14	13	3	10	18	12	0	25
chr7	75542109	75542302	194	1	0	194	91	103	10	4	4	6	6	8	10	4	2	4	10	3	6	5	6	1	5	9	2	5	14	10	2	11	3	11	2	10	8	7	0	4
chr7	75542304	75543815	1512	1	0	1512	801	711	101	44	52	61	68	53	75	36	49	24	62	48	40	19	34	35	49	44	5	42	73	46	18	66	52	63	13	56	58	51	14	59
chr7	75543817	75543860	44	1	0	44	18	26	0	0	0	0	0	4	4	2	0	3	1	0	0	4	0	0	6	3	0	1	3	3	0	2	1	1	0	0	0	1	1	2
chr7	75543862	75544172	311	1	0	311	135	176	10	4	7	5	7	21	20	3	5	8	19	9	5	4	6	1	10	11	7	9	17	11	5	18	9	17	5	15	15	13	3	10
chr7	75544174	75544392	219	1	0	219	131	88	20	8	9	6	7	2	5	6	5	2	8	11	10	11	14	5	3	9	0	11	13	5	0	11	0	6	0	4	5	9	2	10
chr7	75544413	75549133	4721	1	0	4721	2409	2312	240	112	159	138	167	151	260	132	131	111	243	131	111	98	128	95	153	139	35	146	221	153	36	242	167	171	48	184	169	189	41	218
chr7	75549135	75549372	238	1	0	238	124	114	22	3	12	7	9	9	10	6	10	7	11	4	3	5	5	1	10	7	0	7	9	12	1	13	10	5	2	5	5	12	1	13
chr7	75549374	75549839	466	1	0	466	232	234	34	4	8	17	17	21	30	9	3	8	29	13	10	11	8	9	11	18	0	15	26	16	6	24	23	21	1	19	16	17	3	17
chr7	75549841	75551189	1349	1	0	1349	816	533	92	36	52	63	48	44	51	50	46	25	40	49	59	32	43	84	59	23	6	49	44	33	5	52	32	35	6	29	58	43	3	56
chr7	75551190	75551231	42	1	0	42	33	9	24	0	0	0	1	2	1	0	0	1	2	0	0	0	0	0	1	0	0	2	0	0	0	1	1	1	0	0	2	0	0	1
chr7	75551233	75555195	3963	1	0	3963	1987	1976	216	84	110	126	127	155	224	103	97	75	203	108	96	82	99	81	109	120	28	139	207	126	42	208	142	199	38	134	152	138	38	155
chr7	75555196	75571152	15957	1	0	15957	8016	7941	853	391	542	488	572	586	910	435	454	344	755	392	395	273	342	283	559	484	80	471	759	641	171	788	585	662	151	644	600	573	126	646
chr7	75571153	75572225	1073	1	0	1073	547	526	54	30	35	31	37	41	63	30	29	20	46	23	30	28	31	18	44	34	3	38	52	43	6	51	40	42	11	43	35	33	8	42
chr7	75572227	75577332	5106	1	0	5106	2448	2658	244	121	154	117	154	193	347	139	143	116	264	113	94	77	92	79	163	150	31	163	262	217	58	253	218	231	46	229	190	193	41	212
chr7	75577333	75580183	2851	1	0	2851	1446	1405	158	77	94	88	107	112	160	97	100	63	129	53	51	44	67	44	104	84	24	84	145	84	28	123	114	114	28	128	114	98	18	115
chr7	75580184	75583756	3573	2	0	3573	1645	1928	144	75	114	59	114	153	221	96	83	95	212	72	50	63	60	33	114	115	32	125	204	157	39	196	130	183	39	131	136	141	30	155
chr7	75583757	75714181	130425	2	0	130425	67962	62463	8606	3219	4313	4285	4468	4904	6787	3854	3988	2567	5941	3168	3361	2487	2839	3173	4644	3761	841	3931	6198	4705	1296	6143	4406	5130	1139	4605	4767	4746	950	5201
chr7	75714182	76285616	571435	1	0	571435	289818	281617	34826	13486	18883	17551	19066	21451	30829	15621	16696	12440	26807	13498	14158	10243	11709	12554	19397	16817	4204	17202	27642	23502	6679	27489	19194	23535	5810	20703	20734	21459	4414	22834
chr7	76285618	76542002	256385	1	0	256385	125785	130600	14674	5815	8075	7089	8054	9920	14537	6686	7359	5614	12447	5926	5566	4288	5166	4568	8084	7874	2099	7580	13095	11463	3347	12723	8892	11367	2980	9749	9126	9923	2124	10173
chr7	76542003	76542044	42	1	0	42	28	14	0	0	2	2	2	2	0	3	0	0	4	4	2	4	0	2	3	0	0	2	0	0	0	0	0	0	0	0	4	0	0	4
chr7	76542045	76649182	107138	1	0	107138	61245	45893	8090	3152	4070	4789	4082	3206	4713	3652	4016	2030	3960	2841	3913	2299	2770	3662	3937	2699	585	3465	4302	2960	746	4078	3263	3039	684	3286	4150	3388	625	4684
chr7	76649183	76750182	101000	2	0	101000	64824	36176	9006	3194	4275	6394	4127	2560	3244	4035	4342	1714	2765	2801	5394	2481	2865	5626	4166	2008	362	3414	2984	1736	282	2857	2579	1538	243	2384	4236	2577	315	4494
chr7	76750183	77042799	292617	3	0	292617	172092	120525	22675	8225	11781	14427	11062	9331	11870	10355	11324	5524	10028	7708	12046	6457	7276	12001	11776	6911	1494	9356	10968	7882	1702	10384	8473	7234	1465	8296	11401	8909	1355	12919
chr7	77042800	77042846	47	4	0	47	42	5	0	0	0	0	0	0	0	5	0	0	0	0	0	5	0	30	5	0	0	0	0	0	0	0	0	0	0	0	0	0	0	0
chr7	77042847	77042858	12	3	0	12	8	4	0	0	0	0	0	3	0	0	0	0	0	0	0	1	0	2	4	0	0	0	0	0	0	0	0	0	0	0	0	0	0	0
chr7	77042859	77042880	22	4	0	22	21	1	0	0	0	0	0	0	0	1	0	0	0	0	0	0	0	19	0	0	0	0	0	0	0	0	0	0	0	0	0	0	0	0
chr7	77042881	77056182	13302	3	0	13302	7035	6267	888	332	429	477	449	490	678	383	437	298	615	352	353	228	261	364	443	396	116	393	623	452	131	580	418	453	127	432	516	485	123	578
chr7	77056183	77206182	150000	4	0	150000	91810	58190	12606	4720	6162	7964	6011	4135	5621	5577	6012	2693	4580	4187	6823	3761	4130	6828	6103	3439	684	5083	5209	3191	584	4917	4083	2984	580	3859	5948	4288	602	6634
chr7	77206183	77340182	134000	3	0	134000	80211	53789	10412	4102	5366	6754	5256	4129	5242	5269	5353	2473	4217	3588	5613	3192	3678	5567	5737	3115	582	4462	4894	3258	525	4641	3897	2901	455	3689	5368	4044	508	5711
chr7	77340183	77632182	292000	2	0	292000	175653	116347	24600	8836	11403	15063	11058	8377	11195	10354	10856	5299	9526	7664	13388	7303	8036	12695	11586	6669	1483	10077	10260	6942	1827	9872	7832	6914	1638	7900	11305	8376	1354	12310
chr7	77632183	77755182	123000	3	0	123000	71963	51037	10615	3499	4423	5951	4518	3904	5147	3958	4208	2190	4423	3149	5147	3035	3197	4598	4665	3006	705	4252	4737	2874	925	4434	3492	3524	923	3529	4632	3566	797	4975
chr7	77755183	77854182	99000	4	0	99000	60540	38460	8833	3173	3894	5284	3973	2790	3697	3406	3700	1699	3094	2691	4678	2537	2668	4421	3990	2286	484	3439	3366	2105	533	3253	2573	2180	512	2555	3937	2686	455	4106
chr7	77854183	78001182	147000	5	0	147000	90250	56750	13091	4528	5971	7937	5692	4120	5561	4931	5535	2566	4717	3952	7209	3677	4082	6680	5783	3342	660	5106	5021	3097	609	4937	3799	3174	606	3845	5701	4051	575	6443
chr7	78001183	78114182	113000	6	0	113000	65651	47349	8027	3165	4642	5319	4193	3548	4733	4142	4486	2165	3989	3036	4447	2528	2849	4381	4560	2625	572	3649	4210	3125	639	4262	3334	2835	583	3278	4511	3651	490	5024
chr7	78114183	78197182	83000	7	0	83000	50447	32553	6802	2486	3587	4385	3212	2348	3188	3206	3519	1508	2535	2270	3727	1907	2213	3553	3321	1786	377	2765	2821	1850	348	2729	2432	1699	276	2317	3381	2413	325	3712
chr7	78197183	78321182	124000	8	0	124000	76335	47665	10056	3853	5139	6849	4905	3437	4581	4941	5262	2327	3759	3486	5674	3008	3505	5551	5134	2691	550	4250	4236	2644	360	3908	3363	2185	296	3214	5132	3628	462	5612
chr7	78321183	78602182	281000	9	0	281000	176969	104031	24265	8696	11809	16527	11015	7561	9613	11239	11918	4818	8034	7779	14098	7207	7992	14397	11858	5784	1165	9475	8715	5262	879	8619	7471	4711	734	6808	11384	7719	900	12546
chr7	78602183	78614153	11971	10	0	11971	7317	4654	897	360	511	649	469	306	414	513	519	230	371	318	532	322	358	548	512	253	50	402	426	245	51	403	286	262	38	286	478	364	33	563
chr7	78614155	79693183	1079029	10	0	1079029	694546	384483	97784	33851	44764	68335	43287	27338	34429	43878	45784	17870	28885	30175	57879	28113	31690	60484	45983	20862	3856	36471	32171	18400	2803	30191	26935	16721	2502	24872	43842	27582	3057	48233
chr7	79693184	79946183	253000	9	0	253000	164096	88904	23870	8229	10428	16441	10390	6197	7980	10063	10851	4148	6620	7082	13856	6543	7104	14292	11082	4844	962	8229	7472	4178	717	6633	6083	3702	653	5648	9993	6276	810	11622
chr7	79946184	80091183	145000	8	0	145000	92618	52382	13238	4523	5807	9141	5814	3589	4883	5779	6043	2372	3985	4123	7613	3757	4181	7769	6047	2766	582	4846	4388	2563	464	4110	3770	2413	398	3511	5860	3783	492	6388
chr7	80091184	80199183	108000	7	0	108000	67602	40398	9665	3339	4512	6288	4130	2961	3830	4049	4485	1800	3115	2876	5523	2815	2979	5233	4497	2192	495	3731	3417	2007	485	3231	2796	2080	450	2740	4260	2861	422	4734
chr7	80199184	80314183	115000	6	0	115000	73020	41980	10004	3621	4938	6933	4517	3023	3978	4543	4905	2017	3251	3159	6070	3038	3281	5741	4939	2246	415	4100	3510	2046	284	3373	2918	1861	220	2735	4694	3060	338	5240
chr7	80314184	80411183	97000	5	0	97000	62020	34980	8830	3001	3920	6199	3938	2485	3149	3867	4167	1604	2656	2653	5014	2496	2779	5261	4046	2023	376	3141	3091	1734	259	2807	2425	1584	203	2210	3877	2549	308	4346
chr7	80411184	80514183	103000	4	0	103000	66431	36569	9587	3187	4339	6472	4113	2584	3157	4112	4177	1716	2936	2810	5708	2688	3004	5840	4272	1985	378	3539	2969	1664	280	3008	2591	1626	247	2370	4135	2646	339	4519
chr7	80514184	80707183	193000	3	0	193000	122207	70793	16590	6027	8166	11365	7771	5091	6564	7583	8005	3446	5271	5335	9782	5137	5729	10343	8445	3874	719	6663	5966	3585	528	5700	4899	3184	452	4721	7700	5136	575	8646
chr7	80707184	81206183	499000	2	0	499000	314490	184510	44421	15402	19848	30141	19556	13423	17132	19269	20062	8544	14637	13852	25773	12821	14079	25529	20929	10071	2307	16883	15584	8973	2039	14561	12884	9053	1876	12255	19983	13060	2054	21997
chr7	81206184	81447183	241000	3	0	241000	154240	86760	21226	7391	10014	15254	9638	6150	7887	9729	10031	3982	6492	6699	12990	6449	6818	13488	10260	4755	867	8090	7456	4265	673	6840	6176	3893	611	5670	9512	6321	759	10612
chr7	81447184	81578183	131000	4	0	131000	84587	46413	11832	4090	5390	8569	5292	3211	4253	5255	5509	2140	3464	3608	7248	3466	3730	7528	5511	2556	460	4380	4052	2268	295	3597	3269	2025	260	3018	5179	3363	337	5843
chr7	81578184	81653183	75000	5	0	75000	49596	25404	7342	2368	3215	5114	2969	1762	2168	3066	3303	1167	1868	2118	4425	2026	2197	4488	3121	1379	239	2584	2068	1076	180	1888	1681	1010	149	1572	3095	1746	210	3404
chr7	81653184	81734183	81000	6	0	81000	53082	27918	7701	2520	3377	5427	3188	2004	2432	3265	3442	1233	2050	2260	4694	2215	2455	4818	3436	1444	278	2815	2312	1247	181	2125	1890	1235	145	1824	3251	1939	246	3549
chr7	81734184	81842183	108000	7	0	108000	69477	38523	9921	3450	4474	6800	4310	2795	3480	4316	4527	1783	2874	3061	5887	2782	3108	5909	4630	2191	396	3593	3156	1845	323	3062	2740	1673	231	2436	4374	2677	350	4844
chr7	81842184	82060183	218000	8	0	218000	142413	75587	20475	7001	8952	14521	8804	5274	6610	9030	9287	3440	5468	6109	12383	5931	6423	12704	9305	4024	827	7490	6342	3548	490	5708	5250	3068	441	4789	8820	5448	570	9466
chr7	82060184	82328183	268000	9	0	268000	173874	94126	25280	8139	10941	17451	10456	6615	8517	10598	10771	4367	7074	7525	15304	7313	7852	15670	11279	5093	1016	9046	7600	4289	815	7428	6581	4299	749	6193	10726	6450	844	11717
chr7	82328184	82437183	109000	10	0	109000	69675	39325	9835	3283	4503	6949	4195	2795	3604	4371	4659	1789	3012	3024	5881	2871	3180	5722	4544	2078	443	3673	3252	1896	314	3149	2821	1815	324	2532	4348	2822	369	4945
chr7	82437184	82912183	475000	9	0	475000	303464	171536	42918	14840	19486	30075	19222	11691	15708	18506	19947	7986	12931	13330	25232	12017	13430	26143	19566	9372	1889	15707	14636	8598	1598	13414	11888	7949	1484	11241	19037	12327	1637	21193
chr7	82912184	83025183	113000	10	0	113000	75086	37914	10890	3585	4695	7797	4405	2600	3390	4576	4879	1758	2714	3204	6793	3095	3347	7357	4790	2072	370	3806	2966	1484	270	2936	2595	1472	204	2393	4620	2628	296	5011
chr7	83025184	83407183	382000	9	0	382000	248781	133219	35389	11930	15783	24934	15288	9229	11800	15471	16169	6079	10057	10759	21189	10311	10970	23422	16195	7175	1409	12770	11012	6116	1007	10263	9204	5570	918	8515	15377	9537	1088	17062
chr7	83407184	83926183	519000	8	0	519000	336440	182560	48373	16212	21287	34009	20624	12788	16123	20763	21626	8325	14006	14417	29258	13614	15106	29908	21692	9901	1996	17349	15002	8520	1557	14384	12898	7912	1205	11769	20706	13130	1518	23020
chr7	83926184	84374183	448000	7	0	448000	293568	154432	42652	13918	18134	30479	17834	11018	13389	18481	18786	7073	11491	12523	25911	12076	12936	26865	18989	8147	1718	15231	12430	6650	1330	11704	11032	6555	1180	9593	18271	10762	1418	19422
chr7	84374184	84722183	348000	6	0	348000	229540	118460	33664	11359	14384	23662	14238	8405	10442	14224	14930	5421	8298	9722	20238	9239	10065	21248	15369	6280	1181	11594	9701	5132	761	8855	8304	4769	636	7507	13935	8268	934	15233
chr7	84722184	85033183	311000	7	0	311000	201376	109624	28797	9897	13003	20228	12760	7681	9827	12327	13230	5102	8307	8497	17137	8047	8850	17684	13320	6030	1070	10308	9251	5202	784	8459	7571	4621	683	7189	12453	7843	809	14031
chr7	85033184	85469183	436000	8	0	436000	285480	150520	41215	13942	18379	28722	17593	10539	13240	17424	18534	7051	11203	12339	24916	11405	12540	26437	18823	7761	1577	14775	12127	6911	1046	11491	10350	6158	936	9436	17496	10745	1227	19660
chr7	85469184	86318183	849000	9	0	849000	555691	293309	81083	27260	34645	56537	35122	20484	26245	34220	35927	13535	21196	23864	47392	22419	24724	51037	36937	15740	2562	28459	24475	13488	1934	22064	20705	12221	1628	18574	33954	20512	2342	37713
chr7	86318184	86366183	48000	10	0	48000	31710	16290	4789	1544	2052	3281	2045	1104	1383	1839	2139	713	1154	1387	2693	1206	1382	2999	2027	852	149	1538	1297	760	138	1184	1146	654	126	1024	1901	1113	155	2224
chr7	86366184	86717183	351000	9	0	351000	225185	125815	31435	11080	14688	22057	14164	8768	11462	13978	14996	5861	9501	9988	18666	8876	10469	19195	14604	6999	1151	11830	10689	6196	813	9998	8832	5353	718	8285	14247	9148	944	16007
chr7	86717184	86874183	157000	8	0	157000	98071	58929	12757	4802	6851	8927	6250	4122	5559	6410	6874	2737	4542	4420	7456	3959	4668	7735	6432	3197	509	5483	5102	3090	331	4841	4227	2725	343	4075	6580	4352	421	7221
chr7	86874184	86975183	101000	7	0	101000	64233	36767	8860	3183	4464	6095	4059	2594	3460	3907	4323	1737	2777	2771	5360	2570	2899	5173	4206	2102	271	3505	3108	1874	211	3067	2562	1642	175	2435	4143	2642	229	4594
chr7	86975184	87096183	121000	6	0	121000	75409	45591	10209	3824	4970	6947	4842	3159	4284	4810	5112	2091	3549	3512	5787	3078	3430	5805	5176	2548	450	3978	3987	2477	401	3753	3058	2142	382	2973	4873	3451	411	5529
chr7	87096184	87217183	121000	5	0	121000	75064	45936	10139	3861	5216	6647	4655	3135	4398	4606	4981	2195	3634	3242	6088	3151	3602	5513	4982	2512	492	4357	3980	2441	403	3828	3062	2311	361	3154	4770	3388	384	5510
chr7	87217184	87753183	536000	6	0	536000	331838	204162	45657	16604	22640	29761	21427	14249	19511	20352	21947	9509	15870	15000	25630	13190	15031	25459	21981	11615	1961	17995	18202	11299	1796	17093	14159	10277	1693	13765	21197	15199	1730	24199
chr7	87753184	87784818	31635	5	0	31635	20701	10934	3120	1069	1296	2029	1389	766	973	1199	1320	512	748	898	1687	892	985	1816	1409	654	87	1089	953	505	66	803	738	427	50	675	1227	741	75	1435
chr7	87784820	88020184	235365	5	0	235365	147980	87385	21343	7550	9743	13731	9280	6073	8290	8731	9772	3919	6434	6645	11972	6171	6735	11590	9582	5154	893	8084	7667	4468	909	7291	5805	4322	853	5586	9320	6390	819	10241
chr7	88020185	88074184	54000	6	0	54000	33484	20516	4740	1637	2194	3004	2116	1499	1971	2121	2233	918	1641	1554	2486	1331	1490	2549	2296	1180	170	1739	1889	1067	174	1701	1387	1071	151	1343	2134	1514	185	2513
chr7	88074185	88407184	333000	5	0	333000	208257	124743	28433	10351	13810	19366	12978	8956	11917	12867	13741	5740	9527	9179	16807	8603	9480	16500	13831	7122	1283	11414	10926	6608	1065	10313	8875	5989	951	8179	13087	9193	1079	14828
chr7	88407185	88591561	184377	6	0	184377	116130	68247	15568	5710	7884	10995	7311	4736	6296	7410	8085	3143	5374	5105	9193	4736	5429	9154	7595	3751	614	6365	5947	3553	450	5616	4736	3069	385	4458	7476	5193	495	8543
chr7	88591563	88904185	312623	6	0	312623	201909	110714	28540	9719	12854	20213	12562	7790	10086	12552	13243	5063	8305	8860	16981	8210	9058	17873	13138	6028	1080	10536	9388	5291	757	8577	7858	4769	759	7060	12606	7926	810	14129
chr7	88904186	89147185	243000	5	0	243000	158974	84026	22671	7749	10256	16145	9968	5863	7445	10061	10565	3990	6268	6906	13617	6335	7030	14104	10458	4561	735	8183	6892	3705	435	6552	5823	3342	380	5229	10163	5976	556	11035
chr7	89147186	89338185	191000	6	0	191000	123916	67084	17618	5929	8069	12378	7678	4810	6015	7766	8307	3095	4967	5426	10391	4951	5672	10844	8194	3579	617	6395	5548	2992	456	5077	4834	2772	432	4392	7693	4729	513	8859
chr7	89338186	89513185	175000	7	0	175000	112390	62610	15757	5612	7192	10903	7194	4400	5619	7173	7476	2848	4599	5037	9037	4555	5060	9926	7594	3363	574	5884	5400	3116	446	4921	4339	2708	383	3922	7053	4696	467	7744
chr7	89513186	89545185	32000	8	0	32000	20528	11472	2880	1059	1360	1991	1423	778	1041	1285	1415	549	850	960	1572	774	944	1646	1394	634	110	1022	984	528	52	888	826	441	52	765	1323	849	84	1519
chr7	89545186	89810185	265000	7	0	265000	170134	94866	23843	8473	11072	16536	11155	6456	8763	10734	11355	4470	7003	7456	13571	6921	7757	14567	11422	5316	794	8788	8081	4616	555	7475	6840	4037	432	6225	10765	6758	655	12107
chr7	89810186	90076185	266000	8	0	266000	169771	96229	23715	8391	11239	16219	10893	6762	8765	10690	11488	4474	7359	7676	13469	6595	7731	14303	11275	5363	864	8720	8366	4775	583	7680	6773	4115	474	6244	10697	7151	699	12450
chr7	90076186	90728167	651982	7	0	651982	402599	249383	55685	20123	27215	36287	25605	17645	23338	24787	26943	11310	19433	17817	31077	16422	18372	30539	26497	14365	2735	21904	22043	14041	2518	21015	17206	12541	2385	16629	25629	18670	2394	28810
chr7	90728168	90730184	2017	7	0	2017	1301	716	251	74	90	108	79	36	62	80	103	35	58	54	91	44	45	90	74	43	5	66	66	51	4	60	31	27	5	33	86	60	8	96
chr7	90730185	91146184	416000	8	0	416000	259681	156319	35349	13285	17535	23759	16366	10937	15054	16378	17665	7333	12266	11437	20548	10415	11631	19722	17750	8675	1550	13995	13291	8415	1231	13059	10977	7215	1002	10456	16717	11690	1319	18976
chr7	91146185	91455184	309000	7	0	309000	186583	122417	23898	9298	12994	16267	12108	8771	11721	12273	13016	5698	9959	8521	13435	7243	8419	12961	12873	6863	1228	10046	10965	7437	1132	10483	8671	6196	1008	8319	12364	9522	1064	14245
chr7	91455185	91693184	238000	6	0	238000	146165	91835	19482	7358	9917	13222	9745	6526	8808	9340	10184	4291	7233	6786	10567	5415	6464	10826	9909	5195	888	7597	8363	5215	766	7597	6587	4378	643	6202	9560	7153	755	11026
chr7	91693185	91790085	96901	5	0	96901	59952	36949	8368	3052	4118	5244	4178	2616	3527	3823	4201	1731	2707	2807	4035	2239	2730	4576	4105	2156	245	3132	3461	2113	215	3050	2660	1706	186	2472	3917	2864	238	4427
chr7	91790087	91793185	3099	5	0	3099	1760	1339	217	113	105	115	131	81	146	142	110	69	88	87	92	72	81	109	132	100	13	90	145	93	11	118	106	71	14	91	117	103	14	121
chr7	91793186	91907185	114000	4	0	114000	69386	44614	9278	3423	4633	6158	4533	3101	4261	4311	4614	2015	3534	3197	5067	2796	3269	5194	4596	2581	438	3720	4083	2617	457	3837	3052	2404	423	3045	4475	3392	398	5096
chr7	91907186	92368185	461000	3	0	461000	288343	172657	42178	14583	18412	26552	17728	12047	16567	16477	18235	7682	13730	12550	23583	12164	13400	22453	18442	9824	2003	16207	14884	8710	2077	14223	11514	9152	1902	11522	17980	12208	1852	20157
chr7	92368186	92542185	174000	2	0	174000	103759	70241	13812	5259	7087	8817	6650	4997	6886	6267	6703	3237	5588	4603	7811	4223	4643	7175	6817	4091	853	5955	6465	4248	948	6160	4931	4199	781	4661	6586	5283	834	7428
chr7	92542186	92685185	143000	3	0	143000	86627	56373	12001	4246	5873	7377	5267	4146	5647	5300	5628	2569	4590	3698	6601	3741	3851	6091	5883	3175	638	5006	4930	3161	673	4756	3985	3166	617	3898	5562	4018	602	6302
chr7	92685186	93022185	337000	4	0	337000	208664	128336	28432	10626	14395	18539	13450	9171	12222	12983	14291	6040	9896	9303	15819	8263	9279	15955	14225	7254	1320	11301	11317	7069	1121	10652	8955	6116	993	8481	13329	9720	1124	15357
chr7	93022186	93053392	31207	5	0	31207	18803	12404	2569	904	1251	1656	1170	945	1300	1176	1271	558	923	821	1371	679	805	1403	1277	724	126	959	1144	788	126	1008	970	670	120	918	1200	884	96	1393
chr7	93053394	93256202	202809	5	0	202809	126188	76621	17126	6408	8761	11489	8359	5393	7375	7636	9013	3677	5947	5843	9287	4796	5657	9420	8502	4357	677	6738	6671	4091	598	6369	5302	3390	440	5006	8288	5891	673	9627
chr7	93256204	93354187	97984	5	0	97984	63981	34003	9478	3302	4209	6255	3939	2257	3099	3824	4214	1597	2442	2739	5613	2601	2929	5481	4143	1866	365	3383	2705	1455	250	2631	2331	1401	237	2243	3940	2319	312	4422
chr7	93354188	93401187	47000	4	0	47000	28848	18152	3874	1433	2066	2485	1854	1318	1720	1875	1999	877	1396	1326	2130	1175	1341	1978	1971	1031	183	1618	1639	1023	140	1515	1247	857	90	1240	1910	1406	131	2150
chr7	93401188	93658187	257000	5	0	257000	164602	92398	23016	8020	10760	16234	10316	6492	8310	10320	11018	4302	7084	7281	13680	6590	7464	13714	10897	5057	852	8598	7725	4695	737	7231	6380	3945	614	5981	10436	6692	749	11808
chr7	93658188	93917187	259000	6	0	259000	166194	92806	23313	8175	11046	16138	10688	6406	8266	10265	11316	4336	7113	7437	13355	6581	7471	14287	10738	5117	955	8687	7857	4387	695	7277	6473	3900	648	5869	10557	6812	770	12063
chr7	93917188	94163187	246000	7	0	246000	154884	91116	21119	7656	10742	14512	9795	6309	8593	9440	10829	4290	7092	6879	12285	6104	7038	12199	9988	4893	949	8529	7646	4600	751	7397	6370	4121	655	6126	10133	6780	765	11413
chr7	94163188	94748187	585000	8	0	585000	368484	216516	51028	18169	24836	35160	23340	14841	19934	22637	24909	10017	16681	16168	29916	14811	16794	29241	23945	12049	2178	19666	18523	11457	1921	17994	15053	10180	1638	14137	23231	16209	1887	26448
chr7	94748188	95535187	787000	9	0	787000	492046	294954	68871	24554	33148	45241	31659	20879	27714	30105	33037	13755	22665	21781	38247	19687	22191	38511	32688	16927	2917	26344	25895	15928	2472	24486	20411	14120	2172	19355	31363	21805	2537	35533
chr7	95535188	95634187	99000	8	0	99000	61019	37981	8268	3094	4194	5518	4099	2663	3588	3752	4207	1840	2970	2723	4500	2328	2779	4495	4016	2104	399	3406	3356	2046	397	3026	2701	1856	370	2563	4029	2819	356	4536
chr7	95634188	96032187	398000	9	0	398000	245963	152037	33012	12307	16909	22253	16104	11088	14317	15633	16955	7144	11919	10929	18411	9655	11053	18273	16788	8553	1566	13287	13443	8217	1294	12527	10753	7363	1052	10246	16158	11348	1304	18137
chr7	96032188	96474187	442000	8	0	442000	269036	172964	36466	13408	18438	23497	17261	12439	16850	16838	18017	7934	13998	12031	20065	10708	12029	19056	18083	9970	1855	14581	15531	9649	1685	14844	12316	9271	1406	11793	17458	12819	1604	20098
chr7	96474188	96847187	373000	9	0	373000	231985	141015	31075	11822	15734	21052	14981	10105	13177	15024	16018	6525	10907	10395	17609	9272	10496	17791	15808	8244	1365	12307	12612	7668	985	11781	9937	6490	868	9105	14932	10644	1148	17121
chr7	96847188	96974187	127000	10	0	127000	77749	49251	10293	3802	5450	6819	5068	3475	4671	4896	5360	2292	3919	3655	5642	3021	3701	5684	5125	2802	451	4212	4482	2750	369	4219	3412	2517	353	3332	5091	3752	405	5978
chr7	96974188	97458187	484000	9	0	484000	289862	194138	39513	14851	19619	24697	18874	13721	18713	17493	19505	8833	15656	13054	20788	11286	13350	19908	19545	11041	2299	15806	17285	11998	2670	16466	13405	10739	2502	13334	18567	14641	2107	21732
chr7	97458188	97615187	157000	8	0	157000	95729	61271	12645	4784	6371	8365	6252	4380	5929	5938	6431	2841	5074	4530	6836	3693	4386	7273	6518	3467	652	5061	5359	3479	646	5120	4298	3095	538	4161	6324	4564	570	7418
chr7	97615188	97733187	118000	7	0	118000	73211	44789	9982	3740	4883	6635	4807	3181	4237	4620	5001	2096	3503	3378	5450	2824	3328	5544	5007	2531	420	3883	4012	2475	377	3565	3158	2074	353	2955	4668	3349	414	5548
chr7	97733188	97821187	88000	6	0	88000	54088	33912	7338	2764	3592	4910	3657	2382	3214	3334	3713	1548	2674	2462	3897	2052	2373	4176	3585	2010	372	2779	3103	1844	357	2801	2410	1646	303	2305	3489	2605	334	3969
chr7	97821188	97897187	76000	5	0	76000	45210	30790	5993	2276	2992	3779	3009	2212	3014	2893	2866	1448	2332	2166	3172	1807	2127	3124	3078	1772	401	2492	2807	1892	401	2600	2204	1770	379	2181	3039	2266	315	3191
chr7	97897188	97978187	81000	4	0	81000	43701	37299	4445	2073	2797	3122	2812	3130	3693	2839	2752	1733	3223	2333	2427	1851	1788	2682	3544	2213	639	2391	3295	3078	811	3380	2508	2305	710	2383	3126	2968	600	3347
chr7	97978188	98226187	248000	3	0	248000	133854	114146	17420	6535	8755	9447	8747	8739	12044	7604	8178	5160	10248	6160	7812	4780	5370	6854	9118	6733	1879	7483	10757	8485	2549	10439	8022	8475	2105	8354	9237	8537	1831	10141
chr7	98226188	98426187	2e+05	2	0	2e+05	101678	98322	12560	4872	6379	6230	6359	7862	10751	5651	5972	4341	8646	4663	5150	3712	4014	4516	7088	6021	1758	5920	9653	8028	2650	9103	6708	8223	2342	7204	7174	7161	1724	7563
chr7	98426188	98560187	134000	3	0	134000	69672	64328	8045	3137	4656	4462	4606	5052	7000	4285	4344	2864	6173	3291	3305	2371	2741	3339	4832	3904	879	3809	6341	5145	1080	6427	4735	4914	951	4638	5035	5031	910	5696
chr7	98560188	98644187	84000	4	0	84000	45474	38526	5385	2131	3294	3253	2973	2826	4043	2742	3129	1811	3477	2100	2575	1480	1880	2373	3061	2188	513	2486	3590	2953	691	3647	2750	2673	665	2792	3184	3067	497	3769
chr7	98644188	98753617	109430	3	0	109430	57736	51694	6711	2723	3873	3878	3874	3859	5651	3547	3714	2377	4834	2910	2885	1909	2305	2685	3841	3101	736	3190	5130	4034	897	4959	3664	3814	744	3748	4296	4071	702	4766
chr7	98753618	98753828	211	3	0	211	116	95	17	10	9	7	15	6	8	5	6	2	10	5	5	2	4	3	9	5	1	5	11	6	0	9	9	9	2	6	5	6	1	11
chr7	98753829	98754946	1118	3	0	1118	523	595	40	28	31	32	36	35	77	36	27	33	40	19	29	15	21	23	44	36	3	28	57	75	16	62	48	55	10	41	35	45	1	38
chr7	98754948	98757519	2572	3	0	2572	1174	1398	94	55	65	50	63	108	172	104	65	64	123	61	42	36	43	29	97	79	16	71	148	164	29	136	120	104	17	103	82	129	8	93
chr7	98757521	98757928	408	3	0	408	192	216	36	8	7	10	14	16	25	8	7	8	29	6	5	3	6	2	7	12	5	11	21	14	8	18	21	21	8	20	15	14	3	18
chr7	98789638	98870876	81239	3	0	81239	40326	40913	4378	1799	2582	2380	2718	3377	4547	2384	2371	1858	3897	1969	1672	1254	1585	1555	2901	2578	554	2255	4297	3446	819	3999	2882	3328	750	3007	2946	3208	591	3350
chr7	98870877	99095876	225000	2	0	225000	122469	102531	15655	6365	8172	8516	7922	8258	11055	7244	7901	4845	8438	5661	7230	4513	4790	5903	9006	6026	1965	6984	9535	6967	2251	8842	7384	7175	2085	7466	8555	7427	1699	9163
chr7	99095877	99434876	339000	1	0	339000	177469	161531	21909	8537	11769	11523	12013	12156	17383	10132	10584	7260	14844	8422	9232	6288	7439	7977	12041	9648	2387	10165	15664	12543	3497	15322	11318	12780	3046	12010	12661	12055	2454	13939
chr7	99434877	99876876	442000	2	0	442000	247940	194060	29211	12181	16443	18595	16139	15258	20103	15397	16301	8988	16847	12231	14779	9564	10504	15399	17950	11523	2471	14047	17999	13533	3109	17603	13372	12018	2842	13224	17575	15169	2600	19023
chr7	99876877	100266629	389753	1	0	389753	201491	188262	23798	9590	13517	12771	12958	14134	19790	11123	12676	8289	17638	9886	10244	7411	8241	9424	13551	11324	2910	11639	17815	15971	4585	18166	12384	14194	4024	13210	14256	15048	3013	16171
chr7	100266630	100266659	30	4	0	30	15	15	2	1	2	0	0	0	1	0	3	1	1	0	0	0	1	1	1	0	0	1	1	1	0	2	0	0	3	1	0	3	1	1
chr7	100266660	100327015	60356	1	0	60356	30190	30166	3561	1423	1921	1701	2011	2376	3371	1609	1785	1310	3096	1488	1249	990	1144	1154	2039	1838	467	1755	2991	2398	676	2938	2027	2455	636	2266	2310	2312	484	2573
chr7	100327016	100327057	42	1	0	42	31	11	5	5	2	2	3	0	2	2	2	1	0	1	2	1	0	1	3	0	0	4	0	0	0	0	0	0	0	0	4	0	0	0
chr7	100327058	100401876	74819	1	0	74819	38416	36403	4680	1799	2575	2426	2433	2842	4075	1974	2373	1613	3401	1745	1994	1253	1514	1719	2548	2239	512	2208	3518	3194	736	3695	2491	2915	629	2584	2766	2795	493	3078
chr7	101645382	101648747	3366	3	0	3366	1566	1800	142	76	102	82	114	151	198	87	92	79	169	75	55	56	59	28	124	117	28	93	186	173	48	174	118	156	34	134	122	135	30	127
chr7	101648770	101649658	889	3	0	889	448	441	69	10	25	26	26	36	50	31	22	18	40	27	15	16	17	18	25	27	2	26	53	38	8	43	29	41	6	36	36	36	8	27
chr7	101649660	101651466	1807	3	0	1807	821	986	59	42	62	26	48	66	128	54	52	45	99	41	29	19	27	23	50	57	13	52	103	93	19	100	81	79	16	86	62	86	10	78
chr7	101651467	101651691	225	3	0	225	137	88	22	8	11	13	12	7	6	8	9	5	2	6	11	4	6	7	14	1	1	7	10	7	2	2	4	6	2	8	5	7	2	8
chr7	101651693	101651738	46	3	0	46	17	29	0	1	0	2	1	3	2	3	2	0	1	1	0	0	0	0	1	0	3	0	5	3	1	1	2	7	0	1	2	1	0	1
chr7	101651740	101654845	3106	3	0	3106	1664	1442	252	85	113	106	124	106	142	75	94	65	149	93	86	50	62	62	101	85	21	99	145	102	35	124	91	107	27	102	110	112	38	141
chr7	101654847	101654895	49	3	0	49	19	30	0	2	0	3	4	0	2	0	1	0	6	1	0	0	0	0	0	2	0	0	2	2	3	3	3	2	1	2	0	5	0	3
chr7	101654897	101655568	672	3	0	672	373	299	89	16	19	21	20	21	42	21	21	13	30	20	14	4	8	12	17	14	2	22	31	24	1	26	34	24	3	17	22	20	8	34
chr7	101655569	101657535	1967	3	0	1967	950	1017	90	43	56	54	63	76	107	59	60	36	121	64	31	26	34	29	55	58	14	54	106	99	17	107	55	78	15	78	89	94	18	79
chr7	101657536	101657680	145	3	0	145	94	51	12	5	7	9	5	4	4	9	9	1	3	9	7	1	2	6	2	5	0	4	7	2	0	4	1	2	0	1	11	4	0	7
chr7	101657684	101658377	694	3	0	694	438	256	85	19	25	39	22	18	25	23	21	14	26	17	41	9	18	34	25	13	5	17	20	11	5	20	19	19	4	20	24	13	4	37
chr7	101658378	101662732	4355	3	0	4355	2311	2044	272	105	156	156	162	168	213	128	141	79	187	97	115	104	122	105	162	117	38	138	184	117	42	183	166	165	49	178	159	127	39	179
chr7	101662762	101663259	498	3	0	498	285	213	16	19	25	17	21	20	29	14	25	16	18	14	15	9	15	11	25	13	2	25	14	6	0	17	16	4	1	17	29	14	1	28
chr7	101663261	101663291	31	3	0	31	10	21	1	0	2	0	0	1	1	0	2	0	2	0	0	0	0	0	0	1	0	0	0	5	2	3	2	2	0	0	0	3	0	2
chr7	101663293	101664451	1159	3	0	1159	598	561	46	30	44	44	45	46	49	58	38	24	58	29	35	20	14	17	40	34	4	42	59	57	9	45	38	45	4	35	61	34	9	44
chr7	101664453	101664501	49	3	0	49	22	27	1	1	0	0	2	4	3	1	0	0	3	2	0	1	0	3	2	3	0	1	2	4	0	3	3	2	0	1	3	1	0	1
chr7	101664503	101665604	1102	3	0	1102	481	621	43	18	39	29	33	32	68	21	38	22	64	18	14	11	17	12	30	29	9	15	52	87	15	82	40	62	10	48	32	58	8	44
chr7	101665619	101669045	3427	3	0	3427	1608	1819	121	83	112	71	114	148	226	92	107	87	178	78	45	48	64	33	131	113	29	94	179	158	27	194	139	131	23	151	131	156	21	141
chr7	101669050	101669384	335	3	0	335	178	157	19	4	12	10	7	23	17	14	7	5	19	13	12	3	5	6	15	9	0	11	14	8	2	16	13	12	0	13	19	11	0	14
chr7	101669386	101669418	33	3	0	33	17	16	1	1	1	1	2	3	1	1	1	0	0	2	0	1	1	0	1	3	0	1	2	1	0	2	2	0	0	0	1	1	0	1
chr7	101669420	101674706	5287	3	0	5287	2683	2604	268	120	191	159	171	202	311	132	170	107	258	135	130	70	107	150	166	144	32	157	270	195	42	268	178	229	44	209	202	207	28	233
chr7	101674707	101674809	103	3	0	103	64	39	11	3	3	5	5	4	5	2	5	1	4	3	0	2	4	6	5	0	0	5	4	1	0	2	0	3	0	5	6	3	0	4
chr7	101674810	101675844	1035	3	0	1035	519	516	46	21	33	36	38	37	63	28	28	24	49	37	24	14	17	23	28	30	8	30	66	38	8	45	39	37	7	41	34	52	6	46
chr7	101675846	101675905	60	3	0	60	37	23	13	2	1	2	5	1	2	2	0	1	4	1	1	0	0	1	1	0	0	2	3	1	0	1	4	2	0	2	2	2	0	2
chr7	101675907	101680629	4723	3	0	4723	2224	2499	186	101	131	127	146	172	268	147	120	112	244	103	92	75	92	107	146	158	32	124	254	265	73	249	159	224	49	186	174	195	34	176
chr7	101680631	101680653	23	3	0	23	5	18	0	0	0	0	0	0	2	0	0	0	3	0	0	0	0	0	0	0	0	0	1	6	0	3	0	3	0	1	1	1	0	0
chr7	101680655	101680948	294	3	0	294	121	173	5	2	11	1	5	29	15	11	6	12	10	0	3	4	5	2	25	10	7	5	11	17	4	19	18	14	3	10	6	10	6	6
chr7	101680949	101681000	52	3	0	52	26	26	1	1	0	0	1	14	0	5	0	1	0	0	0	1	0	1	15	0	2	0	0	0	1	0	5	0	1	0	0	1	0	0
chr7	101681001	101681019	19	3	0	19	7	12	0	0	0	0	0	4	1	0	0	1	0	0	0	0	0	0	2	0	4	0	0	0	0	0	2	0	2	0	0	0	0	1
chr7	101681021	101681689	669	3	0	669	338	331	32	15	16	24	13	51	40	22	19	11	25	10	23	13	6	16	43	13	9	26	29	31	6	25	33	23	8	20	21	24	3	17
chr7	101681691	101681728	38	3	0	38	14	24	2	0	0	2	0	1	3	0	2	0	1	0	0	0	2	0	1	0	0	0	3	4	2	3	0	4	0	2	0	4	0	0
chr7	101681731	101682240	510	3	0	510	256	254	36	11	14	11	17	18	33	18	9	11	26	13	9	10	11	8	22	14	2	11	22	26	3	24	21	20	1	28	21	15	2	21
chr7	101682242	101682891	650	3	0	650	333	317	38	17	23	17	22	25	31	25	20	8	25	24	15	10	13	20	20	20	5	15	38	23	6	30	23	27	7	24	22	26	6	23
chr7	101682902	101683266	365	3	0	365	181	184	20	5	8	11	12	18	22	5	6	11	26	12	6	5	6	6	12	13	2	13	19	8	2	22	11	14	3	10	15	16	7	17
chr7	101683268	101683299	32	3	0	32	11	21	2	2	0	0	2	1	1	0	0	0	2	0	0	0	0	0	0	0	2	1	5	3	0	1	0	4	1	1	0	1	1	0
chr7	101683301	101683541	241	3	0	241	126	115	14	2	10	11	12	7	13	9	7	7	12	8	4	4	4	2	5	6	0	9	11	8	0	16	9	8	0	7	15	12	0	7
chr7	101683543	101683565	23	3	0	23	12	11	1	1	2	0	1	1	1	0	2	2	1	0	0	0	0	0	3	1	0	0	0	1	0	1	0	0	0	0	0	0	0	3
chr7	101683567	101683746	180	3	0	180	97	83	21	1	4	4	4	6	12	4	1	3	14	3	4	2	7	5	3	3	0	6	8	3	0	7	7	7	1	17	8	5	1	7
chr7	101683749	101684340	592	3	0	592	295	297	38	11	12	23	17	20	31	13	9	13	35	16	21	7	13	14	17	14	3	17	28	22	12	27	17	29	12	26	19	24	9	21
chr7	101684367	101685660	1294	3	0	1294	580	714	61	32	37	24	43	54	90	31	37	36	56	24	13	9	23	9	51	47	9	24	73	69	19	70	51	68	15	64	43	46	15	49
chr7	101685662	101685708	47	3	0	47	25	22	2	2	2	2	2	1	2	0	4	1	3	1	0	0	1	1	1	2	0	1	3	1	1	2	0	0	0	0	1	3	1	5
chr7	101685710	101686146	437	3	0	437	229	208	25	9	8	26	9	20	26	10	11	7	20	10	23	5	8	10	16	14	4	8	23	14	6	22	12	21	5	14	14	16	1	18
chr7	101686148	101686372	225	3	0	225	104	121	12	4	4	5	6	12	15	4	3	5	12	4	4	5	6	3	7	8	3	8	12	8	3	13	6	12	4	12	12	8	0	3
chr7	101686388	101686797	410	3	0	410	198	212	24	8	8	11	14	16	26	16	6	9	20	12	8	7	6	5	15	10	2	13	23	13	7	18	17	26	6	15	18	12	3	14
chr7	101686804	101687294	491	3	0	491	235	256	13	3	10	14	9	47	28	17	12	17	21	3	5	14	9	12	50	11	6	14	15	34	2	24	20	16	1	9	15	14	3	21
chr7	111243895	111243918	24	9	0	24	17	7	2	0	1	2	1	0	1	1	1	1	0	2	2	0	1	1	0	0	0	1	1	0	0	0	0	0	0	0	1	1	0	2
chr8	74500	148499	74000	5	0	74000	41242	32758	4800	2037	2578	3049	2521	2881	3370	2743	2716	1498	2854	1949	2427	1520	1632	2667	3384	1858	575	2119	2902	2487	534	2934	2276	1966	479	2225	2952	2547	362	3156
chr8	148500	302499	154000	6	0	154000	89190	64810	11085	4632	5823	7217	5539	5106	6346	5765	6086	3109	5285	4014	6047	3393	3760	5982	6625	3763	1074	4778	5770	4567	1090	5584	4327	3629	911	4196	6034	5052	753	6656
chr8	302500	816499	514000	7	0	514000	274021	239979	31127	14076	18511	18720	16801	19636	25788	17369	18869	11967	19746	12581	15637	9398	10117	13678	21329	13802	5096	14850	21102	18542	5984	21067	17637	15971	5022	16412	19525	18380	3425	21833
chr8	816500	1029499	213000	8	0	213000	111785	101215	11929	5741	7190	7577	6516	9318	10739	7321	7848	5306	7962	5119	6144	3637	3764	5673	9609	5867	2548	5978	9217	8384	2602	8524	7351	6359	2217	6323	7717	8117	1571	8830
chr8	1029500	1185499	156000	9	0	156000	81392	74608	8617	4233	5232	5488	4599	6930	7628	5513	5803	3756	6068	3602	4551	2546	2916	3909	6723	4612	1929	4201	6563	6096	2106	6294	5389	4740	1636	5089	5994	5611	1363	6261
chr8	1185500	1281986	96487	8	0	96487	51569	44918	5002	2702	3023	3470	2907	4472	4296	3940	3485	2526	3839	2441	2803	1593	2165	2903	4741	2497	1367	2688	3951	3173	1244	3436	3029	2800	959	2742	3896	3334	604	4457
chr8	1281989	1282048	60	8	0	60	24	36	0	3	0	0	0	3	4	6	3	3	0	2	0	0	0	0	2	6	1	0	6	2	2	2	1	1	2	1	4	3	0	1
chr8	1282087	1282196	110	8	0	110	47	63	0	5	0	0	0	10	8	7	5	5	1	3	0	2	0	0	5	12	4	1	10	3	2	3	3	0	2	3	8	4	0	2
chr8	1282236	1282379	144	8	0	144	55	89	0	7	0	0	0	11	12	7	7	8	0	3	0	0	0	0	6	15	4	0	12	7	4	7	1	3	6	4	11	6	0	1
chr8	1282692	1282701	10	8	0	10	4	6	0	0	0	0	0	0	1	1	0	1	0	1	0	0	0	0	0	0	1	0	1	0	0	0	0	0	0	0	0	1	0	1
chr8	1282933	1285820	2888	8	0	2888	1628	1260	192	81	101	133	91	125	150	104	124	71	75	75	100	48	53	103	117	82	58	68	125	59	18	92	97	67	26	106	132	86	14	113
chr8	1285822	1285864	43	8	0	43	17	26	0	1	1	1	3	5	2	0	0	0	0	1	0	1	1	0	2	3	1	1	4	3	0	2	3	2	1	2	0	1	0	0
chr8	1285866	1286920	1055	8	0	1055	573	482	45	32	43	37	41	44	52	36	42	23	49	28	28	24	19	29	43	29	7	44	38	32	9	39	42	24	4	28	50	32	8	52
chr8	1286922	1286962	41	8	0	41	25	16	2	3	2	1	2	0	3	2	1	0	0	1	3	0	1	2	0	0	0	3	2	0	0	1	3	3	0	2	2	0	0	0
chr8	1286964	1287131	168	8	0	168	102	66	13	15	5	5	4	8	7	6	11	1	3	0	10	3	5	5	10	8	2	7	4	4	2	4	4	0	0	5	7	2	2	4
chr8	1287132	1287204	73	8	0	73	32	41	2	5	0	0	1	14	1	0	3	0	1	0	1	0	3	0	13	2	1	2	2	2	0	2	1	0	11	0	1	2	0	1
chr8	1287209	1287282	74	8	0	74	40	34	4	5	0	0	1	17	1	1	2	0	1	0	2	1	4	1	17	1	1	3	1	2	0	2	0	0	1	1	1	2	0	0
chr8	1287283	1287331	49	8	0	49	24	25	1	5	0	0	1	8	1	0	3	0	1	0	1	0	3	0	8	1	1	2	0	2	1	2	0	0	1	1	1	2	1	0
chr8	1287333	1287490	158	8	0	158	80	78	7	15	0	0	4	24	4	1	8	0	3	0	3	1	9	1	24	6	4	6	5	6	1	6	0	0	4	3	3	6	1	1
chr8	1287502	1287528	27	8	0	27	15	12	2	4	0	0	1	0	0	0	2	0	1	0	1	0	3	0	0	1	0	2	1	2	0	2	0	0	0	0	1	2	0	0
chr8	1287529	1287605	77	8	0	77	39	38	2	5	0	0	1	16	2	2	4	0	1	0	0	2	2	2	17	2	1	2	3	2	1	1	0	0	1	1	1	2	1	1
chr8	1288160	1288217	58	8	0	58	30	28	1	4	0	0	1	13	1	0	3	0	2	0	1	0	3	0	13	1	0	3	0	2	1	2	0	0	0	0	1	2	1	1
chr8	1288791	1293831	5041	8	0	5041	2741	2300	302	134	182	195	146	174	255	192	203	126	204	120	161	97	113	135	237	107	48	139	193	183	44	210	148	133	26	179	190	207	30	226
chr8	1293836	1294760	925	8	0	925	498	427	55	22	27	47	31	50	36	32	30	23	40	21	34	13	7	28	47	30	14	17	42	31	11	38	25	26	7	24	35	35	14	31
chr8	1294762	1294794	33	8	0	33	14	19	0	0	1	1	2	0	2	0	0	1	4	1	0	1	1	0	1	0	0	1	0	1	0	3	1	2	0	3	2	2	0	1
chr8	1294796	1294872	77	8	0	77	37	40	2	2	2	2	6	3	7	1	1	2	5	3	0	0	0	0	4	2	0	1	2	1	0	3	8	2	1	5	3	1	1	5
chr8	1294889	1297443	2555	8	0	2555	1289	1266	142	76	99	77	78	107	124	80	103	49	101	66	72	28	27	59	103	62	41	53	106	110	49	108	98	89	38	89	82	112	24	101
chr8	1297446	1297713	268	8	0	268	114	154	6	11	1	0	0	26	17	8	12	12	19	0	0	1	1	0	19	6	24	1	11	6	0	18	10	11	3	0	11	13	1	18
chr8	1297714	1297743	30	8	0	30	13	17	1	2	0	0	0	3	2	0	2	1	1	0	0	0	0	0	2	1	3	0	2	0	0	1	1	2	1	0	1	0	0	2
chr8	1297745	1297859	115	8	0	115	46	69	3	5	0	0	0	12	7	0	5	5	9	0	0	0	0	0	6	2	13	0	5	2	1	8	3	6	2	0	5	6	0	8
chr8	1297905	1298047	143	8	0	143	60	83	3	7	0	0	1	15	10	0	6	8	9	0	0	0	0	0	11	3	15	0	6	3	0	9	3	6	3	0	7	6	0	10
chr8	1298048	1298078	31	8	0	31	12	19	1	1	0	0	0	2	2	0	1	1	3	0	0	0	0	0	1	0	3	0	1	1	0	3	1	2	1	0	1	2	0	2
chr8	1298080	1300238	2159	8	0	2159	1089	1070	93	49	64	79	56	92	116	88	69	58	79	56	66	38	29	55	88	54	44	51	95	90	31	91	90	85	26	63	80	78	21	83
chr8	1300240	1300267	28	8	0	28	20	8	0	0	0	0	0	3	0	2	0	0	1	1	0	1	1	9	3	0	0	1	0	0	0	0	2	0	0	0	1	0	0	1
chr8	1300271	1300370	100	8	0	100	40	60	3	0	3	1	1	4	7	2	2	3	3	2	1	5	1	1	3	4	2	4	9	13	0	8	0	5	0	1	1	8	0	1
chr8	1300388	1301453	1066	8	0	1066	456	610	30	27	25	8	19	47	73	44	30	31	59	20	10	11	13	8	43	28	24	21	57	48	20	56	47	53	18	54	36	52	14	38
chr8	1301456	1302301	846	8	0	846	401	445	32	23	32	18	22	29	45	27	35	23	47	18	17	10	10	11	33	20	10	22	31	41	21	47	29	28	6	33	30	51	11	32
chr8	1302402	1303327	926	8	0	926	407	519	36	18	26	20	15	26	48	20	35	30	54	16	14	21	14	13	21	27	19	28	41	44	35	46	20	36	24	42	27	58	24	26
chr8	1303329	1303415	87	8	0	87	40	47	14	1	1	0	3	3	4	0	0	3	8	2	0	0	0	0	3	1	1	2	3	1	3	1	3	4	6	5	1	3	4	5
chr8	1303421	1306074	2654	8	0	2654	1453	1201	165	64	110	105	67	89	149	98	115	56	106	60	96	57	42	73	102	65	17	82	96	77	20	123	101	69	19	92	104	105	18	110
chr8	1306075	1330333	24259	8	0	24259	13353	10906	1684	720	810	938	747	1063	1142	806	898	615	1002	529	822	455	496	625	1167	551	329	805	895	617	249	770	852	584	288	754	844	779	300	1121
chr8	1330334	1530333	2e+05	7	0	2e+05	99400	100600	9045	4694	6520	5976	5655	9048	10674	6663	6697	5228	9499	4291	4838	3509	2963	4100	8016	5451	3017	5995	8535	7816	2882	9101	7434	6691	2749	7196	8054	8376	1921	7364
chr8	1530334	1605333	75000	6	0	75000	39386	35614	4119	2044	2419	2633	2273	3218	3783	2743	2665	1759	3068	1897	2157	1343	1315	1949	3384	2043	819	2118	3298	2973	855	2926	2565	2259	734	2250	2770	2778	550	3291
chr8	1605334	1691333	86000	5	0	86000	46044	39956	5063	2218	3036	3335	2674	3365	4222	3036	3257	2176	3309	2108	2658	1574	1647	2365	3666	2438	902	2326	3364	2936	1128	3511	2797	2552	774	2711	3471	3013	700	3666
chr8	1691334	1986333	295000	4	0	295000	151006	143994	16742	7995	9666	9481	8805	12077	15555	9332	10200	7133	11703	6667	8137	5037	5478	6996	12244	8208	3516	8274	12552	12153	4494	12423	10444	10245	3733	10004	10529	11016	2457	11702
chr8	1986334	2018602	32269	5	0	32269	16415	15854	1831	813	1120	1114	1023	1159	1641	977	1113	755	1205	757	911	576	634	784	1188	870	351	894	1345	1384	579	1336	1107	1222	618	1129	1160	1168	262	1241
chr8	2018608	2024846	6239	5	0	6239	3070	3169	277	162	191	206	188	250	353	203	223	153	269	141	148	79	109	118	259	153	82	150	259	267	116	272	243	249	79	253	232	245	61	247
chr8	2024847	2029604	4758	5	0	4758	2580	2178	316	145	158	172	176	218	220	190	167	103	167	95	131	93	99	129	257	115	43	144	182	157	45	178	181	141	39	163	183	149	41	159
chr8	2029613	2031511	1899	5	0	1899	1181	718	150	53	65	111	67	100	53	96	67	26	40	63	95	48	47	100	133	35	19	40	53	23	14	43	68	35	13	44	62	40	17	77
chr8	2031513	2032241	729	5	0	729	425	304	59	20	17	39	25	22	31	25	19	11	30	29	32	16	17	31	21	22	4	22	27	18	4	31	21	19	6	20	34	21	12	22
chr8	2032243	2032455	213	5	0	213	129	84	15	2	3	9	4	7	10	7	5	4	10	2	4	2	3	40	3	6	1	5	9	6	1	8	7	7	2	8	9	5	2	5
chr8	2032481	2035587	3107	5	0	3107	1581	1526	164	95	96	108	94	121	180	91	122	74	120	77	83	42	53	60	120	84	47	82	133	119	36	137	110	110	44	110	123	113	37	120
chr8	2035589	2035606	18	5	0	18	8	10	0	0	0	0	0	3	0	2	0	1	0	0	0	1	1	0	2	0	1	1	1	0	0	0	1	1	0	0	1	0	0	0
chr8	2035608	2037871	2264	5	0	2264	1159	1105	114	63	91	52	64	104	117	68	74	56	94	51	67	34	46	63	88	72	24	73	106	101	17	114	75	65	10	84	84	99	15	77
chr8	2037874	2038273	400	5	0	400	257	143	45	12	25	16	20	9	14	18	20	14	9	9	13	7	9	15	25	5	1	11	5	4	1	9	11	4	3	12	20	6	1	25
chr8	2038283	2039929	1647	5	0	1647	1025	622	175	53	73	88	67	44	65	58	80	24	59	48	67	24	25	74	65	25	5	50	57	38	4	40	45	36	6	39	67	41	9	94
chr8	2039931	2039948	18	5	0	18	10	8	0	0	0	0	0	1	3	0	0	1	0	1	0	1	0	1	4	0	0	0	0	0	0	1	0	0	0	0	0	1	0	2
chr8	2039949	2040158	210	5	0	210	149	61	6	2	4	8	4	5	1	15	3	1	5	35	7	3	20	30	2	4	0	5	2	0	0	3	0	0	0	0	21	1	0	21
chr8	2040161	2040236	76	5	0	76	49	27	6	1	4	3	0	1	4	5	5	2	3	3	2	1	2	5	3	1	0	1	2	1	0	1	1	1	0	2	4	1	0	9
chr8	2040251	2040510	260	5	0	260	188	72	16	5	13	14	7	5	6	9	5	7	5	11	20	13	13	38	13	3	0	14	4	2	0	1	3	0	0	3	7	2	0	19
chr8	2040520	2040542	23	5	0	23	16	7	0	0	0	0	0	0	0	0	0	0	0	4	0	1	5	4	0	1	0	0	1	0	0	0	0	0	0	0	0	0	0	5
chr8	2040544	2040841	298	5	0	298	189	109	14	11	16	18	11	10	11	7	16	3	11	4	18	9	12	16	13	3	0	17	11	6	0	3	5	6	0	11	10	5	0	19
chr8	2040843	2040864	22	5	0	22	15	7	2	0	1	3	2	0	0	0	0	0	2	0	1	0	0	3	0	0	0	0	1	0	0	1	0	2	0	0	1	0	0	1
chr8	2040866	2041511	646	5	0	646	403	243	60	23	32	41	25	18	21	24	38	15	16	11	34	12	17	14	27	20	3	18	20	7	1	25	14	6	6	16	27	20	6	27
chr8	2041546	2041686	141	5	0	141	69	72	0	2	4	1	4	8	8	0	1	3	8	1	2	4	1	21	4	6	0	6	10	5	3	6	3	8	1	6	3	5	2	3
chr8	2041688	2041728	41	5	0	41	29	12	4	0	1	4	3	0	2	2	1	2	1	4	2	0	0	2	0	0	0	2	1	0	0	0	0	0	0	0	6	0	0	2
chr8	2041730	2042310	581	5	0	581	315	266	53	17	13	31	16	17	34	18	28	9	21	17	16	2	4	18	18	11	6	10	25	30	8	23	19	22	4	14	23	23	4	25
chr8	2042312	2042428	117	5	0	117	49	68	1	1	1	4	1	6	6	1	4	1	10	3	1	3	4	2	4	3	1	3	3	2	6	6	2	7	6	5	5	5	2	6
chr8	2042430	2043767	1338	5	0	1338	595	743	42	27	48	23	36	49	78	37	50	42	70	39	12	8	17	17	39	43	12	32	75	91	24	80	41	56	11	36	45	80	13	63
chr8	2043769	2043804	36	5	0	36	19	17	3	2	2	0	0	2	3	0	3	0	1	0	1	0	0	1	3	0	0	1	2	3	0	1	0	0	0	2	0	2	0	2
chr8	2043806	2044518	713	5	0	713	347	366	24	16	25	21	19	33	37	12	23	17	28	18	20	12	20	20	27	16	18	17	28	30	12	28	27	32	12	33	19	20	14	33
chr8	2044520	2046445	1926	5	0	1926	981	945	122	54	87	62	64	86	86	40	83	52	82	26	55	22	27	32	72	47	38	57	75	87	28	90	61	61	21	64	68	85	19	71
chr8	2046447	2046482	36	5	0	36	8	28	0	1	0	0	0	2	1	0	1	1	0	0	0	1	1	0	0	4	1	0	2	4	6	2	0	5	0	0	1	0	1	0
chr8	2046484	2048806	2323	5	0	2323	1211	1112	127	51	83	81	79	81	137	71	88	59	95	67	47	46	42	55	76	66	25	70	103	94	17	102	85	55	18	92	104	101	10	94
chr8	2048808	2048882	75	5	0	75	27	48	0	0	1	1	1	3	5	2	1	2	8	3	0	0	0	0	1	1	0	3	4	2	2	2	4	4	5	5	2	4	3	4
chr8	2048884	2051178	2295	5	0	2295	1142	1153	120	57	76	70	64	81	120	71	87	55	102	50	53	51	47	37	75	63	38	68	108	107	31	110	81	88	19	70	72	99	26	97
chr8	2051179	2057998	6820	5	0	6820	3475	3345	300	168	260	222	197	283	344	269	275	141	273	180	178	126	97	161	274	177	94	173	297	292	76	300	272	212	77	231	250	283	65	271
chr8	2057999	2060290	2292	5	0	2292	1207	1085	185	59	77	59	66	92	135	78	71	54	85	55	59	45	34	52	92	64	19	75	106	74	22	95	83	83	27	79	89	76	18	82
chr8	2060297	2060756	460	5	0	460	278	182	29	20	17	19	18	17	17	14	16	7	22	14	22	7	10	29	29	5	4	13	7	12	1	22	11	6	1	10	18	18	2	21
chr8	2060758	2063794	3037	5	0	3037	1467	1570	132	65	113	92	92	97	167	91	106	70	151	70	73	36	50	61	101	78	21	68	156	191	41	162	83	132	13	126	107	148	17	125
chr8	2063796	2063821	26	5	0	26	14	12	3	3	1	0	2	0	1	0	1	0	0	0	1	0	1	0	2	1	0	0	0	2	0	2	0	2	0	0	1	0	0	1
chr8	2063823	2067746	3924	5	0	3924	1983	1941	188	108	163	123	133	154	193	107	162	80	166	81	99	68	74	83	146	108	51	106	159	175	57	185	140	129	46	149	141	164	28	156
chr8	2067748	2072011	4264	5	0	4264	2072	2192	238	103	133	116	133	190	224	156	142	102	201	92	78	63	47	52	170	130	54	104	209	177	85	178	180	160	47	161	144	182	48	163
chr8	2072012	2072245	234	5	0	234	85	149	4	4	4	2	5	16	12	5	4	13	11	1	1	1	2	0	12	9	8	5	8	20	12	6	12	9	8	9	6	10	4	9
chr8	2072298	2072741	444	5	0	444	190	254	15	8	15	5	9	23	22	11	16	20	21	7	3	7	6	0	14	19	10	15	22	18	15	20	13	18	13	12	16	20	12	17
chr8	2072748	2076356	3609	5	0	3609	1810	1799	176	79	122	118	99	139	190	126	131	92	143	88	89	59	61	97	127	90	57	94	142	151	65	148	140	129	59	142	145	136	41	132
chr8	2076367	2077309	943	5	0	943	491	452	49	33	36	38	40	31	50	20	37	13	39	15	30	26	17	17	31	25	12	35	54	28	12	31	28	37	13	41	28	35	5	35
chr8	2077310	2080443	3134	5	0	3134	1810	1324	271	105	122	136	118	93	136	111	140	61	114	83	105	43	70	100	128	69	29	76	106	88	25	115	103	70	19	98	121	107	17	153
chr8	2080445	2080491	47	5	0	47	27	20	4	2	2	0	1	0	0	5	2	2	2	0	1	1	1	3	3	0	0	1	2	4	0	2	0	0	0	0	1	4	0	2
chr8	2080493	2081009	517	5	0	517	249	268	22	20	17	16	18	6	36	18	27	10	24	9	8	5	6	7	13	13	5	10	21	19	10	35	21	30	3	16	22	23	3	22
chr8	2081010	2081319	310	5	0	310	117	193	4	17	0	6	5	7	32	6	18	0	12	2	0	4	4	0	10	11	6	0	17	19	12	22	16	28	6	12	7	12	0	13
chr8	2081321	2081359	39	5	0	39	14	25	1	1	0	1	1	0	5	0	2	0	1	1	0	0	0	0	1	0	0	0	2	3	1	3	2	5	1	2	1	2	0	1
chr8	2081361	2082395	1035	5	0	1035	540	495	64	31	43	35	31	40	53	35	57	24	40	23	21	11	13	17	41	25	17	23	43	36	13	46	29	35	10	32	47	42	8	48
chr8	2082397	2083342	946	5	0	946	570	376	80	32	32	52	40	31	34	38	36	13	29	16	41	20	25	50	41	21	5	29	36	25	6	24	34	24	5	31	32	21	5	36
chr8	2083343	2083391	49	5	0	49	26	23	0	0	3	0	0	4	0	5	0	0	1	3	3	1	4	2	3	0	0	1	1	0	1	0	5	2	1	4	0	0	0	3
chr8	2083470	2085456	1987	5	0	1987	1007	980	91	53	76	56	56	87	106	72	91	41	90	52	38	25	27	46	85	54	20	47	66	88	34	84	88	55	17	66	80	75	17	102
chr8	2085458	2085546	89	5	0	89	29	60	0	2	0	0	2	10	4	0	0	1	4	6	0	0	0	0	5	1	4	2	6	9	3	1	1	8	6	1	4	2	1	4
chr8	2085547	2085569	23	5	0	23	10	13	0	0	0	0	0	1	2	2	0	1	1	2	0	0	0	0	1	0	1	1	1	0	0	0	1	2	1	0	2	0	0	2
chr8	2085571	2085585	15	5	0	15	8	7	0	1	0	0	1	2	1	0	0	0	1	2	0	0	0	0	2	0	0	1	0	0	0	0	0	0	0	0	1	0	0	1
chr8	2085721	2085771	51	5	0	51	19	32	0	1	0	0	1	5	3	0	0	1	2	4	0	0	0	0	3	0	2	2	4	8	0	0	1	4	1	0	2	0	1	4
chr8	2085784	2085833	50	5	0	50	18	32	0	0	0	0	0	5	4	0	0	2	2	4	0	0	0	0	2	0	4	2	3	4	0	0	2	4	2	0	2	0	2	4
chr8	2086155	2086205	51	5	0	51	20	31	0	1	0	0	1	5	4	2	0	1	2	4	0	0	0	0	3	0	2	2	4	3	0	0	2	4	2	0	3	0	0	4
chr8	2086232	2086296	65	5	0	65	28	37	1	1	1	0	2	7	4	2	0	2	2	6	0	0	0	0	4	1	2	3	5	5	0	0	2	3	1	0	4	0	1	4
chr8	2086324	2086341	18	5	0	18	5	13	0	0	0	0	0	2	1	0	0	0	0	0	0	0	0	0	1	0	1	1	2	4	0	0	1	2	1	0	0	0	0	0
chr8	2086397	2086978	582	5	0	582	258	324	22	12	13	11	15	38	33	15	17	15	19	18	4	7	13	6	27	12	18	13	31	33	7	22	27	29	16	18	16	19	9	25
chr8	2086980	2086998	19	5	0	19	12	7	0	1	0	1	2	0	2	0	1	0	0	0	0	1	0	3	1	0	0	1	0	0	0	0	3	0	0	0	0	0	0	1
chr8	2087000	2088955	1956	5	0	1956	1078	878	121	47	55	80	63	93	98	75	57	48	64	34	62	56	44	80	100	69	13	62	95	72	6	71	77	45	11	53	57	58	13	75
chr8	2088957	2088974	18	5	0	18	6	12	0	0	2	0	2	0	0	0	0	1	0	0	0	0	0	0	0	1	0	0	1	2	0	1	1	0	2	1	0	0	2	0
chr8	2088980	2089115	136	5	0	136	69	67	12	3	4	4	5	4	5	4	6	3	5	3	0	1	4	5	2	3	2	4	6	10	3	3	2	7	3	4	7	2	0	8
chr8	2089116	2089212	97	5	0	97	64	33	16	3	4	3	2	3	4	1	4	1	1	2	4	5	3	6	3	3	1	5	3	1	0	3	1	2	1	2	3	1	2	2
chr8	2089228	2091016	1789	5	0	1789	1092	697	139	59	60	101	61	51	49	97	66	43	52	38	93	41	46	96	73	45	19	57	69	39	16	43	49	32	16	39	66	51	13	68
chr8	2091017	2091926	910	5	0	910	485	425	75	27	35	30	34	43	42	26	33	23	34	17	26	10	16	12	38	26	7	32	45	28	10	44	25	41	4	18	37	32	5	33
chr8	2091928	2091944	17	5	0	17	9	8	2	0	0	2	1	1	0	0	1	0	1	0	0	0	0	0	0	0	0	1	0	2	0	1	1	1	0	0	1	0	0	0
chr8	2091946	2092080	135	5	0	135	82	53	14	6	4	8	6	0	8	2	3	3	6	6	9	3	2	2	4	3	0	5	5	4	2	2	2	2	0	4	5	4	0	9
chr8	2092081	2092762	682	5	0	682	306	376	20	15	27	10	22	25	37	17	21	26	33	14	9	12	12	5	26	25	8	19	37	31	19	36	22	27	3	28	15	40	12	27
chr8	2092764	2094331	1568	5	0	1568	903	665	116	43	61	75	50	59	75	53	66	36	42	43	64	31	36	51	66	32	16	56	49	44	14	49	56	37	12	47	66	43	16	62
chr8	2094332	2096522	2191	5	0	2191	1194	997	159	67	68	83	78	68	106	72	74	51	87	64	66	40	48	61	83	54	28	61	85	63	24	95	62	71	20	75	95	79	24	78
chr8	2096524	2096585	62	5	0	62	43	19	10	1	1	3	3	1	1	6	1	1	2	5	2	1	1	2	3	0	0	1	2	0	0	0	1	0	0	3	5	2	0	2
chr8	2096587	2096768	182	5	0	182	89	93	6	1	8	3	2	8	12	6	8	8	11	5	1	3	4	2	5	6	1	7	8	6	1	12	3	6	0	5	12	9	0	11
chr8	2096770	2096797	28	5	0	28	10	18	0	0	0	0	0	3	2	0	0	1	2	0	0	0	0	0	2	1	1	0	0	3	0	3	1	1	1	1	3	1	0	0
chr8	2096799	2097066	268	5	0	268	124	144	4	3	8	6	9	10	18	10	6	11	19	8	2	3	3	2	13	8	0	6	11	16	2	14	10	10	0	10	14	9	2	19
chr8	2097079	2097973	895	5	0	895	516	379	62	23	20	55	31	31	38	23	20	17	36	24	47	19	20	50	39	16	9	25	28	30	10	33	26	31	12	21	30	25	7	35
chr8	2097986	2098342	357	5	0	357	173	184	20	8	14	3	9	18	22	2	10	12	18	11	6	8	6	6	17	8	4	16	11	15	8	14	7	12	3	16	16	14	7	14
chr8	2098344	2098365	22	5	0	22	7	15	0	0	0	0	0	1	4	0	0	2	0	0	0	0	0	0	0	1	0	1	1	3	0	1	3	0	0	1	0	1	0	1
chr8	2098367	2099106	740	5	0	740	306	434	19	14	23	16	21	30	40	13	21	24	37	13	11	8	3	12	20	19	14	23	32	53	25	43	22	45	18	24	31	36	15	13
chr8	2099123	2099456	334	5	0	334	122	212	3	3	3	3	3	15	27	8	5	11	23	8	1	2	6	1	8	14	4	5	19	28	4	29	14	20	7	12	12	18	3	13
chr8	2099458	2099525	68	5	0	68	26	42	0	1	0	1	0	3	5	2	2	2	6	3	0	0	0	0	2	2	2	0	3	6	0	5	2	3	0	3	3	4	2	4
chr8	2099527	2100014	488	5	0	488	284	204	39	16	32	17	19	5	24	18	29	8	19	9	16	8	12	12	10	9	1	17	15	7	0	23	17	16	2	21	24	14	1	26
chr8	2100108	2100147	40	5	0	40	23	17	3	0	10	0	0	0	0	0	9	0	0	0	0	0	0	0	0	0	0	0	0	0	0	7	0	0	0	0	0	7	0	2
chr8	2100148	2101020	873	5	0	873	379	494	23	17	38	10	16	34	56	20	41	25	38	20	8	12	14	6	25	28	16	20	36	48	19	65	35	38	13	26	30	53	6	35
chr8	2101022	2101040	19	5	0	19	10	9	0	1	0	1	1	0	2	0	0	2	0	1	0	0	0	0	2	0	1	0	1	0	0	0	0	1	0	1	1	0	1	1
chr8	2101042	2101527	486	5	0	486	230	256	32	16	15	10	17	21	26	8	11	12	24	8	13	8	5	4	19	18	6	14	19	15	18	18	15	25	10	22	19	12	8	16
chr8	2101537	2105709	4173	5	0	4173	2319	1854	225	102	110	148	91	231	164	245	117	67	166	104	153	120	62	213	268	98	39	114	188	131	39	132	149	108	30	103	126	153	22	153
chr8	2105710	2106380	671	6	0	671	342	329	27	14	22	20	15	28	33	26	23	22	38	25	18	10	8	12	17	23	10	24	26	30	7	30	19	17	7	10	40	23	8	37
chr8	2106382	2106404	23	6	0	23	11	12	1	1	1	0	0	1	1	0	1	0	0	2	1	1	0	0	0	1	1	2	1	3	1	0	0	0	0	0	1	1	0	0
chr8	2106406	2106686	281	6	0	281	167	114	21	10	20	7	10	7	12	4	14	8	6	9	13	9	6	10	12	6	2	14	10	2	4	12	5	4	0	5	6	16	2	13
chr8	2106687	2106981	295	6	0	295	185	110	24	11	16	13	12	5	8	9	10	6	9	6	17	10	9	18	9	7	3	13	11	6	2	8	6	6	1	7	9	8	0	14
chr8	2106983	2107022	40	6	0	40	33	7	12	1	0	5	0	0	1	3	1	1	0	0	5	1	0	2	1	0	0	1	0	0	0	0	2	0	0	0	1	0	0	1
chr8	2107024	2107539	516	6	0	516	272	244	34	15	15	12	9	23	34	16	16	12	14	25	16	7	13	9	19	15	8	15	20	20	4	24	21	16	2	13	22	17	4	24
chr8	2107541	2107591	51	6	0	51	20	31	0	0	2	1	0	5	2	0	3	0	5	1	0	0	0	0	2	1	1	2	2	3	2	2	2	2	0	2	1	2	3	3
chr8	2107593	2115174	7582	6	0	7582	4170	3412	449	194	323	326	283	245	384	246	328	164	289	205	233	139	149	211	284	186	45	227	282	257	57	322	272	212	36	246	321	263	52	350
chr8	2115193	2116128	936	6	0	936	570	366	76	29	32	51	39	34	36	41	37	16	28	44	35	17	20	34	47	21	4	23	31	22	2	30	24	10	2	24	48	32	6	39
chr8	2116129	2116946	818	6	0	818	480	338	72	23	38	43	33	15	27	27	38	10	32	17	33	16	26	29	23	15	4	21	23	22	12	31	27	22	7	32	29	29	1	39
chr8	2116951	2117265	315	6	0	315	200	115	37	10	9	21	10	9	7	15	15	4	6	11	15	7	5	19	13	6	3	8	10	10	4	8	2	8	4	2	15	8	3	9
chr8	2117267	2120681	3415	6	0	3415	1822	1593	185	83	124	123	107	136	175	107	119	70	133	88	103	60	63	144	127	79	36	108	146	142	29	150	127	103	20	116	125	143	21	121
chr8	2120682	2125604	4923	6	0	4923	3070	1853	429	162	214	290	197	143	178	205	237	100	121	143	232	87	118	213	213	86	38	155	146	81	23	131	159	78	20	121	205	137	35	224
chr8	2125606	2127755	2150	6	0	2150	976	1174	80	32	46	42	42	126	130	66	52	56	130	43	27	36	30	37	97	55	20	78	94	133	33	110	83	76	34	79	89	106	17	69
chr8	2127757	2129553	1797	6	0	1797	1062	735	140	53	85	87	53	53	76	65	92	29	58	43	80	37	39	71	70	31	18	53	51	44	13	60	59	41	16	56	67	52	14	89
chr8	2129555	2129583	29	6	0	29	21	8	4	1	0	4	2	0	1	0	1	1	1	0	1	1	1	1	1	1	0	1	2	0	0	0	0	0	0	0	0	1	0	2
chr8	2129585	2131643	2059	6	0	2059	1103	956	120	70	75	60	58	91	92	59	62	45	44	57	85	64	57	64	105	66	32	67	74	106	21	80	43	59	43	51	77	50	10	70
chr8	2131645	2138950	7306	6	0	7306	3805	3501	359	206	271	247	248	321	393	218	269	180	288	169	207	119	154	154	341	179	78	228	304	255	81	297	253	244	68	267	282	259	51	314
chr8	2139017	2140396	1380	6	0	1380	693	687	60	34	48	37	37	76	73	46	44	35	54	22	38	30	19	39	74	57	8	37	68	52	26	59	48	44	8	50	42	51	14	48
chr8	2140398	2142078	1681	6	0	1681	1002	679	117	47	61	100	59	40	70	73	75	41	50	52	74	31	37	74	61	37	12	49	57	38	19	45	50	31	10	51	73	53	19	73
chr8	2142079	2142743	665	6	0	665	340	325	48	17	30	19	20	25	29	19	29	10	32	16	16	8	8	12	21	21	4	14	30	45	3	42	25	12	2	19	17	42	3	25
chr8	2142745	2147054	4310	6	0	4310	2264	2046	286	129	171	147	152	181	189	120	156	90	164	99	139	65	80	96	163	124	68	110	176	164	60	174	150	141	53	152	153	145	43	168
chr8	2147056	2147086	31	6	0	31	10	21	0	1	1	0	0	1	2	0	2	1	1	0	0	0	0	0	0	3	0	0	3	4	0	2	0	2	1	1	1	1	1	1
chr8	2147088	2147663	576	6	0	576	294	282	27	9	26	16	16	16	29	29	27	22	28	20	8	5	6	9	23	14	7	8	26	25	3	27	21	10	3	18	21	32	7	36
chr8	2147665	2150569	2905	6	0	2905	1540	1365	218	78	101	101	87	113	156	98	112	62	117	63	81	50	45	56	109	76	30	88	133	87	34	120	103	101	28	102	109	110	26	109
chr8	2150571	2150845	275	6	0	275	138	137	15	5	8	7	7	8	22	4	6	8	14	7	8	6	6	6	6	8	1	12	17	6	1	14	7	15	2	12	11	10	2	12
chr8	2150847	2150878	32	6	0	32	21	11	7	0	1	1	1	4	0	2	0	1	0	1	0	1	1	0	5	0	1	0	0	0	0	0	1	0	1	0	1	0	0	1
chr8	2150880	2151335	456	6	0	456	284	172	31	12	13	29	13	21	19	21	20	10	12	11	20	13	12	25	22	15	3	16	20	6	1	10	9	8	0	9	24	8	0	21
chr8	2151353	2152430	1078	6	0	1078	628	450	110	37	41	40	47	39	47	30	41	21	40	33	30	17	18	37	46	29	12	27	38	23	7	38	32	22	9	30	47	33	4	51
chr8	2152432	2152456	25	6	0	25	12	13	1	0	0	1	0	2	2	0	1	0	2	2	0	0	0	0	1	1	0	0	1	1	0	2	1	1	0	0	1	1	0	2
chr8	2152458	2152776	319	6	0	319	178	141	26	16	10	9	16	15	9	11	12	10	16	5	7	0	2	13	23	6	4	8	10	9	6	11	6	5	3	6	12	17	1	13
chr8	2152778	2152813	36	6	0	36	21	15	3	1	2	1	3	2	1	1	1	1	1	0	0	1	3	0	2	0	0	3	0	0	0	1	3	0	0	1	1	1	0	1
chr8	2152815	2152938	124	6	0	124	82	42	8	5	3	6	6	6	2	7	1	4	1	7	7	4	5	10	10	5	0	4	5	2	0	2	0	0	0	0	5	2	0	5
chr8	2152939	2153049	111	6	0	111	42	69	1	0	2	1	2	10	10	1	1	5	5	4	0	0	0	0	6	3	1	5	6	4	1	4	7	6	4	5	4	4	4	3
chr8	2153051	2153067	17	6	0	17	5	12	0	0	0	0	0	0	2	0	0	0	1	0	0	0	0	0	0	0	0	0	2	0	1	0	1	2	1	4	0	1	0	0
chr8	2153069	2153178	110	6	0	110	41	69	2	1	4	0	2	8	9	3	3	2	5	1	0	0	0	0	4	3	1	3	10	9	2	4	3	11	0	6	5	1	1	5
chr8	2153179	2153906	728	6	0	728	367	361	59	27	27	10	25	25	39	16	25	14	40	15	15	6	16	7	26	19	4	23	29	31	8	38	20	31	8	29	30	26	6	32
chr8	2153908	2153955	48	6	0	48	26	22	4	1	3	0	3	3	1	3	0	0	0	5	1	0	1	0	2	0	0	2	3	0	1	0	2	3	1	1	3	1	0	2
chr8	2153957	2154567	611	6	0	611	374	237	57	14	29	31	22	18	24	30	24	10	19	16	29	13	9	27	26	12	2	15	16	14	1	24	20	13	2	23	33	16	1	19
chr8	2154569	2154683	115	6	0	115	83	32	15	0	4	10	1	1	2	10	5	3	0	6	8	2	4	10	2	2	0	2	4	1	0	3	2	1	0	1	6	4	0	4
chr8	2154685	2155034	350	6	0	350	219	131	33	10	19	22	12	10	15	12	18	4	8	7	21	7	1	19	14	8	0	9	11	11	2	10	10	6	0	12	14	10	0	13
chr8	2155046	2155249	204	6	0	204	101	103	5	6	7	5	7	9	10	11	10	6	8	11	1	1	1	1	9	7	0	6	10	21	0	7	2	1	0	5	16	9	0	10
chr8	2155250	2155260	11	6	0	11	4	7	0	0	0	0	0	0	2	0	0	0	0	0	0	0	0	0	0	0	0	0	0	0	0	2	2	1	0	1	0	1	0	0
chr8	2155262	2158118	2857	6	0	2857	1495	1362	164	82	106	96	94	102	176	77	103	61	112	57	86	54	60	64	110	86	22	80	120	104	23	127	116	97	20	123	103	87	19	124
chr8	2158124	2164166	6043	6	0	6043	3594	2449	470	183	216	288	230	203	244	234	202	120	199	148	254	155	147	300	273	141	45	202	209	130	35	206	200	147	31	160	229	162	41	237
chr8	2164169	2164206	38	6	0	38	20	18	5	0	0	3	1	1	2	1	1	0	2	2	1	0	1	0	1	0	0	0	3	2	0	2	0	1	0	3	1	3	0	0
chr8	2164208	2166739	2532	6	0	2532	1441	1091	185	68	118	113	87	83	106	100	110	60	94	55	102	45	45	70	109	56	26	64	83	63	22	93	88	62	20	84	96	80	22	121
chr8	2166741	2166761	21	6	0	21	11	10	0	1	0	0	0	2	0	3	1	0	2	0	0	0	0	1	1	1	0	1	0	0	1	0	1	0	1	0	2	0	0	1
chr8	2166763	2171565	4803	6	0	4803	2676	2127	284	156	175	200	188	147	226	199	201	101	156	139	143	92	110	157	190	132	46	128	215	140	30	181	158	133	31	146	197	161	27	212
chr8	2171567	2171578	12	6	0	12	5	7	0	0	0	0	0	3	1	0	0	0	0	0	0	0	0	0	3	0	0	0	0	0	0	1	1	1	0	0	0	0	0	0
chr8	2171583	2172135	553	6	0	553	318	235	36	13	17	27	16	27	20	16	18	14	23	10	22	7	17	33	22	12	7	20	20	17	2	22	11	12	7	18	26	20	2	17
chr8	2172137	2172167	31	6	0	31	20	11	1	0	1	2	1	1	1	3	2	2	1	1	0	0	0	2	2	0	0	1	0	1	0	1	0	0	0	0	4	1	0	1
chr8	2172169	2172315	147	6	0	147	99	48	10	3	2	11	3	6	3	15	4	1	4	7	9	8	4	9	11	2	1	4	3	0	1	2	2	0	0	4	10	3	0	3
chr8	2172327	2172486	160	6	0	160	77	83	14	2	2	2	5	5	11	1	2	7	16	3	0	2	4	0	5	5	1	4	6	1	0	10	5	5	4	8	6	6	5	11
chr8	2172487	2172748	262	6	0	262	132	130	6	4	15	7	2	13	16	4	11	10	17	4	12	2	5	3	9	4	4	12	8	4	4	12	6	12	4	8	12	8	2	20
chr8	2172756	2172775	20	6	0	20	14	6	2	0	1	2	2	0	0	2	1	1	0	2	0	0	0	0	0	0	0	1	0	0	0	0	0	0	0	0	3	0	0	1
chr8	2172777	2173170	394	6	0	394	239	155	30	6	16	26	18	10	15	15	9	16	13	11	21	10	7	16	15	10	1	16	13	6	3	15	14	3	1	8	16	18	3	11
chr8	2173189	2173268	80	6	0	80	41	39	4	0	3	3	2	5	5	5	4	6	2	0	0	2	0	0	8	1	1	3	3	1	1	3	1	3	0	1	5	3	0	3
chr8	2173270	2173309	40	6	0	40	18	22	2	3	1	0	1	0	2	0	1	1	0	1	2	1	1	1	0	4	1	0	2	3	1	3	0	1	2	1	1	1	1	0
chr8	2173311	2173960	650	6	0	650	313	337	19	14	31	14	16	22	27	27	28	15	37	21	15	5	11	9	20	21	3	12	29	39	8	42	13	21	2	26	31	37	7	26
chr8	2173974	2174154	181	6	0	181	107	74	6	5	3	13	5	7	7	7	5	3	7	4	11	4	4	15	7	4	3	5	4	8	0	7	4	5	2	5	11	3	1	4
chr8	2174155	2174496	342	6	0	342	154	188	13	6	12	11	12	14	17	11	10	9	18	5	7	3	3	3	16	6	5	5	16	21	7	18	13	16	5	16	9	20	3	10
chr8	2174498	2174523	26	6	0	26	16	10	3	0	2	2	2	0	1	0	2	1	2	0	0	0	0	0	0	0	0	1	0	0	0	1	0	1	0	1	2	0	0	3
chr8	2174525	2174587	63	6	0	63	35	28	5	1	1	6	3	1	3	2	4	1	1	3	1	2	0	1	1	3	0	1	5	5	0	1	0	1	0	0	3	3	0	3
chr8	2174589	2174620	32	6	0	32	16	16	0	0	1	1	0	0	6	0	1	2	0	0	1	0	2	1	1	1	0	0	1	0	0	0	2	0	0	6	2	0	0	2
chr8	2174622	2175235	614	6	0	614	351	263	46	14	23	22	22	18	34	20	23	22	28	20	13	14	11	20	24	10	3	31	20	15	2	18	16	8	7	15	34	23	4	32
chr8	2175237	2175278	42	6	0	42	17	25	0	0	0	0	0	2	3	0	0	2	1	0	1	3	4	0	1	1	2	3	4	2	0	1	0	3	2	3	0	1	0	1
chr8	2175280	2175688	409	6	0	409	221	188	22	13	17	8	11	19	23	16	15	11	12	10	13	8	9	12	15	16	5	15	19	11	2	15	14	11	1	16	22	9	2	15
chr8	2175690	2175737	48	6	0	48	30	18	6	1	2	4	1	1	1	2	0	0	0	1	6	2	1	1	1	2	0	1	3	3	0	2	0	3	0	1	1	0	0	0
chr8	2175739	2176796	1058	6	0	1058	671	387	99	26	42	65	44	21	41	32	37	24	29	42	53	31	31	53	34	16	6	45	30	25	2	32	27	13	3	21	47	35	5	45
chr8	2176800	2176941	142	6	0	142	76	66	10	2	7	7	5	1	5	3	9	1	9	0	3	4	3	6	3	2	0	3	4	9	1	10	3	7	1	3	4	5	2	8
chr8	2176943	2177191	249	6	0	249	150	99	20	3	7	16	9	15	10	17	8	5	6	6	9	4	1	12	18	3	3	3	8	2	1	3	19	3	4	6	6	6	2	12
chr8	2177193	2177207	15	6	0	15	9	6	0	0	2	0	2	1	0	0	0	1	0	1	0	1	0	1	2	0	0	1	0	0	0	0	0	0	0	0	1	0	0	0
chr8	2177209	2178032	824	6	0	824	464	360	60	24	25	39	29	33	34	24	22	10	37	19	38	25	19	24	38	28	2	24	31	33	4	40	23	20	5	24	28	27	5	28
chr8	2178034	2178061	28	6	0	28	19	9	1	1	1	2	0	0	1	1	0	0	0	0	3	2	2	3	0	2	0	1	1	0	0	2	0	1	0	1	1	0	0	0
chr8	2178062	2178538	477	6	0	477	270	207	38	17	21	17	16	27	18	13	22	13	13	6	17	11	6	14	29	12	10	17	13	11	5	17	15	7	7	9	17	17	4	16
chr8	2178539	2180296	1758	6	0	1758	919	839	117	58	71	52	54	69	82	58	74	39	59	35	53	27	25	45	65	47	23	58	76	74	32	75	60	55	11	54	62	81	16	49
chr8	2180297	2182238	1942	7	0	1942	934	1008	82	53	74	44	52	117	86	58	75	52	74	47	44	15	24	37	95	49	41	50	85	104	39	85	64	69	22	55	69	91	20	68
chr8	2182246	2185140	2895	7	0	2895	1443	1452	120	68	97	81	81	135	163	116	110	77	135	83	55	34	44	43	122	76	30	86	131	119	24	136	118	85	28	91	124	130	26	125
chr8	2185142	2185177	36	7	0	36	22	14	3	0	0	3	0	1	2	2	1	1	0	3	3	0	1	0	1	1	0	0	3	0	0	0	2	0	0	2	0	2	2	1
chr8	2185179	2185529	351	7	0	351	201	150	23	7	10	19	11	17	11	9	9	9	18	10	16	3	3	26	14	6	7	9	14	6	6	8	12	12	5	5	8	10	6	20
chr8	2185531	2185593	63	7	0	63	21	42	0	1	1	1	1	1	4	1	2	1	6	0	0	1	1	0	0	2	1	1	2	4	4	4	3	4	2	5	2	4	1	1
chr8	2185595	2186128	534	7	0	534	331	203	63	14	20	30	14	18	19	17	21	8	14	17	28	16	14	16	22	12	5	18	15	10	8	13	12	15	5	8	19	9	4	28
chr8	2186130	2186170	41	7	0	41	22	19	7	2	3	0	3	1	1	0	2	1	2	0	0	0	0	0	1	0	1	2	2	2	1	1	1	1	0	0	1	2	0	2
chr8	2186172	2187164	993	7	0	993	507	486	52	17	36	29	21	36	56	49	39	27	51	27	22	19	12	13	29	30	7	33	42	31	10	52	40	31	9	27	52	43	6	43
chr8	2187170	2191124	3955	7	0	3955	2189	1766	246	116	164	150	129	142	201	147	170	88	148	97	130	72	84	104	156	89	35	138	161	98	33	141	138	104	24	145	164	142	24	173
chr8	2191779	2191807	29	7	0	29	8	21	0	0	3	0	0	0	0	0	3	0	2	0	0	0	0	0	0	0	0	0	0	9	0	5	0	0	0	0	0	5	0	0
chr8	2191838	2191958	121	7	0	121	56	65	4	1	14	1	2	3	3	0	14	1	8	2	1	0	0	1	3	1	0	1	2	11	0	19	0	1	0	1	3	18	0	4
chr8	2191967	2192081	115	7	0	115	76	39	7	3	3	12	4	1	5	5	5	1	2	3	9	3	2	10	2	1	2	3	4	3	0	2	2	4	0	4	7	1	0	3
chr8	2192082	2192271	190	7	0	190	137	53	6	5	4	9	7	14	4	11	0	3	3	1	12	12	3	41	25	2	0	8	2	0	0	1	5	1	0	2	4	0	0	3
chr8	2192273	2197478	5206	7	0	5206	2921	2285	303	143	192	226	143	161	281	169	203	118	184	153	215	114	115	200	205	129	44	157	203	153	51	205	141	154	28	155	205	176	23	255
chr8	2197479	2200112	2634	7	0	2634	1371	1263	135	55	80	73	61	93	169	63	98	58	101	93	49	60	60	123	101	64	27	74	98	95	45	111	94	88	27	87	93	101	19	137
chr8	2200121	2200804	684	7	0	684	408	276	38	14	19	37	12	44	24	37	25	10	20	20	34	17	16	39	53	9	8	15	15	10	6	25	28	13	6	13	21	24	4	26
chr8	2200805	2205031	4227	7	0	4227	2357	1870	226	110	140	176	154	220	183	200	146	87	127	99	127	112	95	153	275	92	45	117	143	120	35	142	192	108	27	115	147	120	21	171
chr8	2205037	2209495	4459	7	0	4459	2419	2040	260	133	175	169	157	139	222	152	179	103	185	131	141	60	97	116	168	103	34	130	191	139	49	176	140	135	26	149	171	178	27	222
chr8	2209496	2211840	2345	7	0	2345	1289	1056	146	66	90	108	90	78	117	75	93	42	83	50	82	29	56	83	87	53	14	60	94	79	17	101	97	79	18	88	82	80	9	97
chr8	2211842	2211886	45	7	0	45	24	21	3	0	3	0	1	1	1	1	1	0	9	1	1	0	0	1	0	1	0	0	2	1	0	1	2	1	0	1	0	1	0	10
chr8	2211888	2212000	113	7	0	113	70	43	4	1	5	8	3	1	4	3	2	4	10	3	9	3	1	8	4	2	1	2	1	1	0	5	1	2	0	5	5	2	3	8
chr8	2212005	2214497	2493	7	0	2493	1430	1063	139	64	95	107	85	73	114	94	100	61	97	90	81	62	70	97	107	65	18	71	93	64	14	99	62	46	10	65	104	95	8	141
chr8	2214498	2214518	21	7	0	21	14	7	3	0	1	2	2	1	0	0	0	0	1	1	1	0	0	0	1	0	0	0	1	0	0	1	1	1	0	0	0	1	0	1
chr8	2214520	2214704	185	7	0	185	122	63	17	4	11	14	8	1	5	7	14	4	7	8	6	4	4	6	6	1	1	5	3	2	1	7	2	0	0	2	10	10	0	13
chr8	2214706	2214733	28	7	0	28	22	6	2	2	1	1	0	0	0	0	1	0	0	2	3	0	4	4	0	1	0	1	0	0	0	1	0	0	0	0	0	0	0	3
chr8	2214736	2215859	1124	7	0	1124	583	541	74	31	48	27	32	44	64	30	53	25	53	25	21	15	20	20	43	26	17	29	44	34	15	44	37	32	11	52	46	45	5	60
chr8	2215860	2217229	1370	7	0	1370	601	769	35	24	41	26	41	45	96	46	38	52	68	31	12	17	16	11	47	46	12	34	68	88	30	69	54	56	12	64	59	65	10	55
chr8	2217231	2217285	55	7	0	55	14	41	1	1	0	0	1	4	3	0	0	2	2	0	0	0	0	0	1	3	3	0	2	13	2	4	4	2	1	0	1	2	0	1
chr8	2217287	2218671	1385	7	0	1385	803	582	115	52	43	51	59	56	55	74	45	23	31	43	42	35	25	54	82	41	6	37	68	47	6	39	53	29	5	26	41	43	5	52
chr8	2218672	2219490	819	7	0	819	496	323	90	24	26	49	34	26	31	29	29	12	29	21	36	14	15	29	28	20	5	23	35	17	5	27	22	20	5	25	35	27	3	26
chr8	2219499	2220567	1069	7	0	1069	688	381	130	30	50	66	45	30	39	19	52	14	35	26	50	21	28	51	39	17	5	34	33	9	3	35	24	19	3	32	37	35	5	51
chr8	2220569	2224495	3927	7	0	3927	1857	2070	124	109	121	79	122	163	236	97	102	104	187	100	86	73	91	62	158	147	31	113	171	184	51	257	135	146	39	144	154	185	33	121
chr8	2224500	2227946	3447	7	0	3447	2021	1426	206	86	104	139	104	191	131	184	117	63	90	70	108	119	76	233	273	66	26	93	106	68	30	104	116	91	19	92	115	83	31	111
chr8	2227948	2228042	95	7	0	95	47	48	0	5	1	6	8	3	6	2	3	3	2	3	1	0	1	2	1	6	0	4	8	7	0	2	1	4	0	3	9	0	2	0
chr8	2228044	2230841	2798	7	0	2798	1328	1470	149	64	94	79	73	118	157	62	96	74	125	58	67	34	38	39	86	83	54	67	118	132	62	142	109	116	47	100	96	123	29	105
chr8	2230843	2230927	85	7	0	85	40	45	5	5	2	1	0	3	7	1	5	1	6	0	3	0	1	0	3	2	0	3	5	1	1	7	1	3	0	5	2	8	1	1
chr8	2230929	2231553	625	7	0	625	311	314	26	15	13	28	11	21	29	12	18	14	25	14	27	15	22	20	18	12	12	23	18	19	22	27	19	33	22	18	18	22	8	22
chr8	2231555	2233293	1739	7	0	1739	907	832	100	35	71	56	51	81	84	72	61	40	72	49	49	24	32	29	82	47	13	38	78	60	12	86	71	54	11	57	57	75	12	78
chr8	2233294	2236355	3062	7	0	3062	1579	1483	147	84	101	107	92	119	155	95	113	72	156	67	87	40	53	90	131	69	36	79	105	117	46	147	112	96	32	104	113	134	26	135
chr8	2236357	2236393	37	7	0	37	25	12	1	3	0	2	1	2	1	4	0	1	1	0	4	2	0	2	6	0	0	1	0	0	0	0	1	0	0	1	2	0	0	0
chr8	2236394	2238020	1627	7	0	1627	894	733	65	32	42	62	48	138	56	125	51	25	49	32	37	42	17	72	155	22	25	35	34	29	14	44	110	33	33	42	68	37	8	43
chr8	2238024	2238192	169	7	0	169	82	87	18	3	2	2	1	12	10	2	3	1	11	5	5	2	2	1	5	8	0	5	8	8	4	9	6	8	1	5	6	5	3	6
chr8	2238193	2238344	152	7	0	152	77	75	11	2	6	5	7	7	4	3	3	3	7	3	3	1	3	7	1	7	2	3	10	5	2	7	3	10	3	6	7	2	3	4
chr8	2238346	2238406	61	7	0	61	38	23	14	1	5	1	2	0	1	0	4	3	5	1	0	0	0	0	2	0	1	0	1	1	0	4	0	0	0	0	0	5	1	7
chr8	2238411	2239969	1559	7	0	1559	779	780	77	39	60	57	51	62	87	43	61	44	45	22	44	31	22	33	62	55	18	41	72	67	27	69	53	62	24	57	56	51	18	47
chr8	2239971	2240084	114	7	0	114	58	56	3	1	3	7	6	3	7	3	5	2	4	4	0	6	2	2	6	3	0	3	3	3	2	5	4	4	1	6	6	3	3	2
chr8	2240086	2240384	299	7	0	299	186	113	18	11	15	17	9	6	10	11	13	4	8	4	22	13	9	14	12	7	4	11	8	5	1	12	10	5	1	8	6	9	2	12
chr8	2240387	2240418	32	7	0	32	21	11	1	3	0	2	2	2	1	0	0	0	1	0	4	1	1	2	4	1	0	1	1	0	0	1	0	0	0	1	0	1	0	0
chr8	2240420	2240686	267	7	0	267	144	123	16	5	11	13	7	6	15	12	15	6	9	5	7	4	7	6	5	6	0	9	12	14	0	12	8	8	1	11	15	9	1	10
chr8	2240688	2240704	17	7	0	17	11	6	2	2	1	0	1	1	0	0	1	0	0	0	1	0	1	0	1	0	0	1	1	0	0	0	0	0	0	0	0	1	0	1
chr8	2240706	2240759	54	7	0	54	27	27	0	3	1	0	1	3	3	1	2	1	5	2	1	0	0	3	1	4	0	2	4	1	0	3	0	2	0	0	4	1	0	4
chr8	2240761	2240838	78	7	0	78	34	44	3	1	2	2	0	6	4	2	2	2	3	2	2	0	0	2	2	3	3	1	4	5	3	2	3	3	1	5	3	3	1	1
chr8	2240840	2241230	391	7	0	391	234	157	20	18	18	20	24	13	10	11	17	6	20	8	15	12	10	11	20	7	5	17	12	5	2	11	9	6	2	9	18	12	1	20
chr8	2241232	2241274	43	7	0	43	22	21	1	1	1	2	2	1	3	0	0	0	3	2	1	1	2	0	1	1	0	1	1	1	0	4	2	2	0	2	2	2	0	2
chr8	2241278	2241378	101	7	0	101	62	39	5	2	4	6	4	4	2	7	1	2	2	4	7	3	5	3	6	1	0	5	3	1	1	2	2	5	0	3	5	0	1	3
chr8	2241394	2242057	664	7	0	664	380	284	48	22	17	33	30	22	32	29	24	11	33	25	18	10	11	15	28	16	6	15	30	8	3	15	24	18	6	20	31	15	5	42
chr8	2242059	2242095	37	7	0	37	21	16	4	2	2	0	2	1	1	3	1	1	2	1	0	0	0	0	2	1	0	1	1	2	0	1	1	0	0	1	3	1	0	1
chr8	2242096	2242354	259	7	0	259	143	116	15	11	8	10	13	9	10	10	8	6	9	8	8	4	10	4	18	6	0	5	9	13	0	14	8	6	0	4	6	11	0	14
chr8	2242356	2242375	20	7	0	20	9	11	1	1	0	0	1	3	1	0	0	0	0	0	0	0	1	0	0	3	0	0	2	0	0	1	3	0	0	1	0	0	0	0
chr8	2242377	2242437	61	7	0	61	35	26	3	3	1	2	1	4	3	3	3	0	0	1	2	3	1	4	4	2	4	1	2	0	0	3	5	0	0	0	0	3	0	1
chr8	2242438	2242717	280	7	0	280	163	117	24	10	9	12	9	6	14	8	6	7	11	8	15	4	11	8	8	7	1	11	8	6	1	16	11	7	1	7	9	11	1	11
chr8	2242719	2242851	133	7	0	133	90	43	12	6	5	10	6	3	3	6	4	3	3	2	11	3	3	9	7	2	1	4	6	1	0	1	1	2	1	4	4	3	0	5
chr8	2242853	2243004	152	7	0	152	76	76	4	6	2	4	6	10	6	5	3	4	7	6	3	5	1	3	8	8	2	7	10	13	0	4	1	1	0	2	8	5	2	4
chr8	2243006	2243033	28	7	0	28	18	10	3	2	1	0	1	2	1	0	0	0	1	2	2	1	1	0	3	1	0	1	1	0	0	0	0	0	0	0	1	0	0	2
chr8	2243035	2243145	111	7	0	111	51	60	4	4	5	1	6	4	5	4	2	2	4	3	2	1	3	0	3	4	0	4	11	2	1	6	3	10	0	5	3	4	1	2
chr8	2243147	2243178	32	7	0	32	27	5	16	0	0	1	1	0	0	0	0	1	1	0	1	2	2	1	1	0	0	1	0	0	0	0	0	0	0	0	0	0	0	2
chr8	2243181	2243214	34	7	0	34	14	20	0	0	0	0	0	3	1	4	0	0	1	2	1	0	1	0	1	2	0	0	2	1	0	2	4	2	1	1	1	1	1	0
chr8	2243216	2243403	188	7	0	188	94	94	3	2	5	11	5	8	9	5	5	3	14	2	8	3	1	8	4	4	1	7	7	12	2	7	10	7	2	7	7	5	3	9
chr8	2243405	2243438	34	7	0	34	15	19	0	0	4	0	0	1	1	0	4	1	2	0	0	2	0	0	0	2	2	0	1	1	0	4	1	0	0	1	0	3	0	2
chr8	2243440	2243511	72	7	0	72	35	37	2	3	2	3	2	1	4	6	3	1	2	0	3	0	2	1	2	0	0	3	6	4	0	3	1	6	0	4	3	3	0	0
chr8	2243513	2243980	468	7	0	468	226	242	25	11	15	6	7	20	39	16	16	17	21	9	10	2	3	7	20	18	3	9	27	20	4	22	22	17	1	16	14	18	0	31
chr8	2243982	2244022	41	7	0	41	16	25	1	1	1	1	0	5	1	1	3	0	0	2	0	0	0	0	2	4	0	0	2	4	2	1	1	1	0	1	2	1	2	0
chr8	2244024	2244252	229	7	0	229	136	93	20	12	9	7	6	6	11	11	10	11	6	5	12	1	2	5	13	8	4	6	5	5	3	7	2	2	2	4	15	5	1	11
chr8	2244264	2244293	30	7	0	30	9	21	0	0	0	0	0	2	1	0	0	1	3	0	0	1	1	0	1	3	0	0	1	7	0	3	0	0	0	0	1	2	0	1
chr8	2244294	2244365	72	7	0	72	22	50	0	0	0	0	0	9	0	2	0	1	3	4	0	0	1	1	0	9	1	0	7	20	0	4	0	0	0	0	4	3	1	0
chr8	2244429	2245099	671	7	0	671	281	390	15	16	15	8	18	39	42	11	14	13	38	16	7	11	9	9	24	28	12	15	36	54	11	37	25	27	9	29	25	29	4	23
chr8	2245105	2245205	101	7	0	101	49	52	5	2	5	2	1	1	5	4	5	5	2	3	3	2	1	2	1	5	1	3	5	7	3	3	2	1	1	4	3	6	3	3
chr8	2245207	2245240	34	7	0	34	20	14	3	3	0	0	1	3	2	0	1	1	0	0	2	2	0	0	4	0	4	1	1	0	0	0	1	0	0	1	0	1	0	1
chr8	2245242	2246513	1272	7	0	1272	673	599	77	41	39	53	52	42	67	35	50	28	59	21	31	27	26	24	49	35	14	40	53	58	9	57	46	39	6	34	48	45	5	60
chr8	2246515	2246558	44	7	0	44	17	27	0	1	2	0	2	3	2	0	1	0	3	0	1	0	1	0	0	2	0	2	3	4	0	4	3	3	0	1	1	2	0	1
chr8	2246560	2247119	560	7	0	560	286	274	13	13	18	16	17	26	29	20	20	19	29	14	10	7	16	18	22	21	2	20	32	17	3	28	14	18	2	12	24	24	3	31
chr8	2247121	2247222	102	7	0	102	41	61	1	2	1	3	2	5	7	1	3	4	2	3	1	2	2	1	3	6	1	3	9	12	0	6	2	3	1	2	2	7	2	1
chr8	2247224	2247280	57	7	0	57	22	35	0	2	2	0	1	0	3	1	3	0	6	2	0	1	0	1	0	2	0	1	5	6	0	7	0	1	0	1	0	9	0	1
chr8	2247282	2247337	56	7	0	56	24	32	0	2	1	2	3	0	2	2	3	2	3	2	0	0	0	0	2	1	0	1	6	4	1	5	0	1	1	0	0	10	0	0
chr8	2247376	2247433	58	7	0	58	20	38	0	2	2	0	1	1	3	1	3	0	6	1	0	0	0	0	0	2	0	1	5	6	0	9	1	2	0	1	0	9	0	0
chr8	2247550	2247624	75	7	0	75	27	48	0	3	2	0	2	1	4	2	3	0	7	2	0	0	0	0	0	3	0	2	7	8	0	10	2	3	0	1	0	11	0	0
chr8	2247816	2247833	18	7	0	18	7	11	0	1	0	0	1	0	1	1	0	0	1	1	0	0	0	0	0	0	0	1	2	2	0	1	1	1	0	0	0	2	0	0
chr8	2247838	2247918	81	7	0	81	28	53	0	3	2	0	2	2	4	2	3	0	8	2	0	0	0	0	0	3	0	2	8	8	0	10	2	4	0	2	0	12	0	0
chr8	2247920	2247958	39	7	0	39	13	26	0	1	1	0	1	1	2	1	1	0	4	1	0	0	0	0	0	1	0	1	4	4	0	4	1	2	0	1	0	6	0	0
chr8	2249820	2250043	224	7	0	224	95	129	5	8	8	3	10	5	8	7	8	3	19	6	1	3	0	0	3	7	0	9	19	16	2	21	5	7	0	2	3	29	2	3
chr8	2250052	2250253	202	7	0	202	96	106	6	5	6	6	2	16	14	4	10	5	10	4	5	1	2	0	8	10	3	5	9	4	3	12	10	6	1	5	9	8	1	10
chr8	2250255	2250390	136	7	0	136	58	78	3	2	5	1	1	4	11	8	7	5	5	4	0	0	0	0	2	5	0	4	9	3	3	7	9	6	4	5	5	8	3	5
chr8	2250392	2250747	356	7	0	356	196	160	21	8	11	15	12	16	18	15	12	6	17	9	10	8	3	13	17	6	3	12	14	8	2	12	16	11	6	9	16	11	1	16
chr8	2250749	2254148	3400	7	0	3400	1590	1810	122	82	124	74	99	148	209	105	116	84	137	76	65	44	60	45	132	101	41	83	164	197	45	166	147	139	31	149	118	134	29	132
chr8	2254149	2259447	5299	7	0	5299	2986	2313	343	141	200	250	186	175	212	222	208	106	204	151	197	107	115	169	215	134	60	120	207	151	41	204	136	139	43	192	236	179	40	214
chr8	2259450	2259950	501	7	0	501	288	213	33	9	23	24	16	17	24	19	27	12	11	16	14	12	6	23	22	9	6	13	17	11	7	16	17	14	6	9	20	17	3	26
chr8	2259958	2260068	111	7	0	111	49	62	1	3	6	1	3	6	7	1	4	2	6	1	3	2	0	1	5	4	3	1	7	1	3	6	4	5	1	8	2	7	1	4
chr8	2260070	2260092	23	7	0	23	14	9	1	2	0	0	1	2	0	2	1	0	2	0	1	1	0	0	2	0	0	2	1	0	0	0	0	0	0	0	2	1	0	0
chr8	2260094	2260331	238	7	0	238	140	98	19	8	13	11	9	9	9	4	14	4	10	4	8	6	7	3	16	3	2	7	1	2	3	12	7	5	2	6	7	8	3	14
chr8	2260335	2261426	1092	7	0	1092	626	466	83	21	63	53	50	28	42	28	49	25	43	30	37	18	28	27	33	27	4	28	36	24	9	45	40	28	6	38	39	35	9	64
chr8	2261428	2261447	20	7	0	20	12	8	0	0	0	2	0	0	3	0	1	1	1	0	0	1	1	0	0	0	0	2	0	0	0	0	2	0	0	0	1	0	0	3
chr8	2261452	2261616	165	7	0	165	86	79	10	4	5	4	5	7	8	8	4	3	6	6	3	3	6	2	6	5	2	4	10	3	0	8	6	6	2	8	6	7	0	6
chr8	2261618	2261659	42	7	0	42	24	18	3	1	0	3	1	0	4	3	4	1	3	0	0	0	0	0	2	0	0	0	2	0	0	1	0	1	0	3	3	2	0	3
chr8	2261661	2261767	107	7	0	107	55	52	2	4	0	6	0	2	8	8	11	0	9	2	0	1	1	0	5	1	0	1	7	2	0	5	0	2	0	6	6	10	0	6
chr8	2261778	2262312	535	7	0	535	258	277	10	18	16	18	5	13	42	22	43	5	34	9	5	3	11	3	17	9	3	10	30	21	2	29	12	13	5	34	22	39	0	30
chr8	2262314	2262333	20	7	0	20	7	13	0	0	1	0	0	1	2	0	1	1	1	0	0	0	0	0	0	0	0	1	1	1	0	3	1	1	0	0	1	2	0	0
chr8	2262334	2262466	133	7	0	133	67	66	5	4	9	1	3	7	7	2	7	2	6	3	4	3	1	2	5	4	5	2	5	1	0	5	5	3	4	8	3	3	3	9
chr8	2262468	2262602	135	7	0	135	72	63	7	2	5	5	7	4	9	6	4	5	5	4	1	4	1	2	7	4	0	4	7	3	0	5	6	3	1	4	6	4	1	7
chr8	2262604	2262678	75	7	0	75	53	22	8	3	3	7	5	2	0	3	3	1	0	1	4	1	3	7	5	1	0	1	1	3	0	2	2	1	0	1	2	1	0	2
chr8	2262680	2262774	95	7	0	95	54	41	8	1	5	4	2	2	6	1	7	2	7	1	1	0	3	2	1	2	0	2	2	1	1	1	6	1	1	6	3	1	0	13
chr8	2262776	2262965	190	7	0	190	88	102	8	3	6	5	8	4	12	3	2	5	15	3	4	6	3	1	5	6	0	7	8	8	2	16	5	9	1	8	9	10	1	5
chr8	2262967	2263016	50	7	0	50	29	21	6	2	3	2	1	1	2	0	3	0	2	0	3	2	0	0	1	3	1	0	2	0	1	4	0	3	0	1	1	1	0	3
chr8	2263018	2263066	49	7	0	49	28	21	2	2	3	3	4	2	1	2	3	0	1	1	1	2	1	0	4	1	0	1	2	1	0	1	2	1	0	1	1	2	0	2
chr8	2263068	2263145	78	7	0	78	38	40	1	1	1	2	2	5	4	6	1	2	3	3	1	2	2	1	8	0	0	2	2	2	2	3	4	5	0	3	3	2	0	3
chr8	2263147	2263199	53	7	0	53	37	16	8	3	2	4	1	0	1	1	3	0	3	0	5	2	0	3	2	0	0	2	0	1	1	1	1	0	0	1	1	2	1	2
chr8	2263201	2263299	99	7	0	99	54	45	4	1	4	4	3	1	7	7	5	2	2	1	1	2	3	6	4	0	0	2	5	1	0	4	8	6	0	4	2	3	0	5
chr8	2263330	2263572	243	7	0	243	97	146	3	4	6	2	2	9	22	10	9	8	12	4	1	1	2	2	9	7	1	5	14	14	2	20	13	15	4	8	7	15	1	9
chr8	2263575	2263609	35	7	0	35	12	23	0	0	1	0	1	1	4	0	0	1	4	0	0	0	0	0	0	0	0	1	2	2	0	3	4	2	0	2	0	3	0	2
chr8	2263611	2263704	94	7	0	94	37	57	2	3	2	0	4	4	9	1	1	1	7	1	0	1	1	0	2	1	2	3	2	4	0	7	11	5	2	6	2	3	2	3
chr8	2263713	2263787	75	8	0	75	32	43	1	1	6	0	1	2	4	3	5	2	4	0	1	0	0	1	2	3	0	0	5	3	0	7	2	4	1	4	2	5	1	3
chr8	2263789	2264120	332	8	0	332	162	170	10	9	9	10	11	10	21	10	14	11	20	5	4	1	10	5	15	7	3	6	13	11	4	14	16	12	4	14	8	12	5	26
chr8	2264151	2264280	130	8	0	130	77	53	11	3	7	6	3	4	9	4	7	2	6	4	6	2	1	1	6	1	0	4	4	1	0	5	4	3	0	5	6	5	0	8
chr8	2264284	2264305	22	8	0	22	11	11	0	0	1	0	0	0	1	2	2	2	0	2	0	0	0	0	1	0	0	1	2	1	0	0	0	0	0	0	0	2	2	1
chr8	2264307	2264359	53	8	0	53	20	33	0	1	1	0	0	2	6	0	1	2	2	1	1	0	2	1	1	2	1	1	3	5	1	2	1	2	0	7	3	1	0	1
chr8	2264398	2264477	80	8	0	80	39	41	4	2	1	4	0	4	5	4	2	1	4	1	5	0	0	1	5	2	0	0	5	7	0	4	3	5	0	1	1	2	0	5
chr8	2264480	2264496	17	8	0	17	11	6	2	1	2	0	1	0	0	0	1	0	1	0	1	1	0	0	1	0	0	2	0	0	0	1	0	0	0	0	0	1	0	0
chr8	2264500	2264802	303	8	0	303	182	121	29	12	12	16	6	7	10	17	19	5	4	9	15	1	8	12	9	7	0	9	13	11	6	9	9	4	1	4	9	17	0	11
chr8	2264806	2264845	40	8	0	40	22	18	5	4	2	0	2	1	1	0	1	1	0	0	3	0	1	0	2	3	0	1	1	2	1	1	1	0	1	2	0	1	0	1
chr8	2264847	2264929	83	8	0	83	59	24	15	1	5	7	2	1	1	1	3	2	1	1	7	1	3	7	1	2	1	1	1	3	1	2	1	1	0	2	1	1	0	5
chr8	2264931	2264960	30	8	0	30	15	15	1	0	1	0	2	1	1	0	0	2	3	1	0	0	1	1	0	1	1	1	1	1	1	0	1	0	0	1	2	1	0	3
chr8	2264962	2265079	118	8	0	118	49	69	2	2	0	2	1	6	11	6	3	1	8	4	0	1	1	0	4	3	1	3	6	5	2	8	8	7	0	5	6	6	1	3
chr8	2265081	2265174	94	8	0	94	50	44	4	3	2	2	2	2	9	1	2	4	4	1	3	2	3	6	2	5	0	4	4	2	0	6	2	4	0	2	6	1	0	4
chr8	2265176	2265514	339	8	0	339	189	150	10	7	8	11	8	11	12	14	10	3	16	22	9	7	21	19	14	8	1	5	13	7	3	15	4	12	4	12	14	11	1	25
chr8	2265516	2265551	36	8	0	36	24	12	6	0	0	3	1	0	1	3	0	0	1	1	2	2	3	1	1	0	0	1	1	1	0	0	1	1	0	2	1	0	0	1
chr8	2265553	2265632	80	8	0	80	34	46	0	2	1	2	2	2	6	2	2	1	6	2	1	3	2	0	1	4	0	3	2	4	3	6	3	3	0	4	5	4	0	2
chr8	2265634	2265676	43	8	0	43	18	25	0	1	0	1	1	1	3	1	0	1	5	2	1	1	0	0	1	0	0	3	3	1	0	1	1	3	3	1	1	1	1	3
chr8	2265677	2265698	22	8	0	22	19	3	2	2	0	0	1	0	0	1	0	0	1	0	0	0	0	10	1	0	0	1	0	0	0	0	0	0	0	0	1	0	0	0
chr8	2265714	2265985	272	8	0	272	179	93	19	8	13	10	5	10	8	14	14	6	4	22	12	0	11	21	13	2	2	7	2	1	1	7	7	1	1	3	16	7	4	19
chr8	2265987	2266019	33	8	0	33	12	21	1	0	1	0	0	0	4	0	2	2	1	0	0	0	0	0	1	0	1	0	1	1	2	2	2	3	0	2	0	2	1	2
chr8	2266021	2266426	406	8	0	406	166	240	6	7	14	6	10	18	30	8	13	13	16	6	4	5	5	4	16	13	5	9	25	30	6	24	13	20	9	21	13	22	2	11
chr8	2266428	2266471	44	8	0	44	22	22	4	1	1	1	1	3	1	3	2	1	0	1	0	1	1	0	3	0	3	0	1	1	1	2	1	2	2	1	2	2	0	0
chr8	2266473	2266551	79	8	0	79	34	45	1	3	5	0	2	3	5	0	4	2	5	0	2	2	0	0	4	0	2	4	3	2	2	4	1	5	2	4	2	4	2	2
chr8	2266553	2266586	34	8	0	34	12	22	1	2	1	0	0	0	2	0	3	1	1	0	0	0	0	0	0	2	2	0	1	1	3	2	0	2	2	1	1	2	1	1
chr8	2266588	2267529	942	8	0	942	523	419	54	19	37	52	32	33	32	27	37	14	47	24	39	21	26	28	30	17	16	24	24	36	11	35	37	21	12	33	33	32	7	50
chr8	2267543	2268130	588	8	0	588	355	233	38	6	37	34	24	16	19	22	29	16	26	12	24	16	10	24	21	12	2	19	23	10	1	22	14	12	0	14	23	22	1	37
chr8	2268131	2269157	1027	8	0	1027	566	461	82	33	41	35	38	44	49	20	38	20	45	28	34	18	23	17	31	31	14	39	42	18	7	42	35	29	8	34	43	31	13	43
chr8	2269169	2269528	360	8	0	360	189	171	21	6	21	15	18	12	10	8	15	14	20	9	9	3	6	2	8	12	6	9	12	18	2	16	9	6	4	9	19	11	6	22
chr8	2269529	2269593	65	8	0	65	28	37	1	0	3	1	1	0	6	1	1	1	3	2	2	4	2	0	1	3	0	1	3	4	0	5	3	3	2	4	0	2	0	4
chr8	2269672	2269685	14	8	0	14	8	6	0	0	0	1	0	1	0	1	0	1	1	0	1	1	0	0	1	1	0	1	0	0	0	1	0	0	0	0	1	0	0	0
chr8	2269709	2269766	58	8	0	58	22	36	1	0	3	0	2	0	6	0	1	1	3	0	0	2	1	0	1	2	0	0	3	4	0	5	5	4	2	5	0	2	0	3
chr8	2269768	2269927	160	8	0	160	65	95	3	2	6	1	4	5	11	1	3	3	9	4	2	6	4	0	5	8	2	1	9	11	0	13	7	7	5	7	1	7	3	8
chr8	2269928	2270476	549	8	0	549	268	281	21	12	17	19	15	15	34	18	16	10	28	13	17	17	8	8	14	20	6	12	25	27	2	30	25	16	13	22	18	21	5	23
chr8	2270477	2270523	47	8	0	47	18	29	1	2	1	0	0	1	5	1	1	1	1	1	2	0	0	0	1	2	1	0	2	4	1	3	3	4	0	3	1	1	0	2
chr8	2270525	2271198	674	8	0	674	393	281	44	21	29	35	35	23	25	29	28	12	17	17	22	18	19	17	39	12	5	18	20	14	2	22	28	17	6	23	25	15	7	28
chr8	2271206	2271444	239	8	0	239	124	115	11	6	2	8	5	20	12	13	4	5	9	11	7	3	2	6	20	6	2	5	11	6	3	7	9	10	1	4	10	6	4	9
chr8	2271446	2271493	48	8	0	48	22	26	4	0	1	3	1	1	1	0	1	1	1	0	2	2	3	1	1	0	1	1	2	5	1	0	0	4	4	2	0	0	0	3
chr8	2271495	2271565	71	8	0	71	28	43	0	1	2	1	2	3	5	1	2	1	6	0	0	2	2	0	0	3	0	3	5	5	0	5	3	2	0	6	3	5	0	1
chr8	2271576	2271626	51	8	0	51	26	25	7	0	0	0	1	4	5	0	0	3	4	0	0	0	0	0	3	0	0	4	2	1	0	1	2	2	1	1	3	1	1	3
chr8	2271642	2274108	2467	8	0	2467	1369	1098	144	59	87	93	79	89	102	118	78	60	87	60	82	71	53	106	129	58	31	61	101	78	19	95	79	62	25	74	78	95	13	99
chr8	2274109	2277923	3815	8	0	3815	2112	1703	236	107	122	145	112	163	164	155	114	66	145	107	148	106	91	131	185	106	34	115	156	105	39	153	111	116	28	121	142	126	31	133
chr8	2277925	2289020	11096	8	0	11096	6302	4794	772	332	445	513	449	362	484	394	442	252	421	277	398	202	231	326	460	275	87	326	429	352	68	397	345	254	62	347	455	365	61	511
chr8	2289038	2307647	18610	8	0	18610	10684	7926	1385	567	685	879	727	609	790	684	741	411	646	511	663	357	430	598	774	469	159	542	725	501	150	634	571	462	102	527	741	579	141	848
chr8	2307655	2311706	4052	8	0	4052	2487	1565	324	127	172	231	180	126	137	166	164	63	105	132	186	99	96	179	198	77	19	121	135	88	27	112	129	71	21	103	147	126	15	174
chr8	2311723	2312267	545	8	0	545	300	245	35	14	13	28	18	20	20	24	16	9	23	18	21	8	13	18	23	15	2	11	16	27	7	26	22	11	4	15	21	23	5	17
chr8	2312269	2312297	29	8	0	29	21	8	3	1	2	1	1	0	0	1	1	1	1	2	2	1	1	1	1	0	2	0	0	0	0	0	0	0	0	0	1	0	0	4
chr8	2312299	2312524	226	8	0	226	155	71	19	6	9	15	8	10	3	12	7	3	3	8	14	10	8	18	15	4	2	8	7	3	0	3	5	2	0	1	6	4	0	11
chr8	2312533	2316539	4007	8	0	4007	2414	1593	294	111	174	198	159	151	148	133	145	75	125	103	179	114	94	209	190	93	32	136	140	77	31	118	116	83	16	113	146	113	15	174
chr8	2316543	2318708	2166	8	0	2166	1232	934	144	73	73	92	80	86	80	100	78	43	74	57	80	46	47	77	95	64	22	67	90	71	15	64	79	38	22	55	82	67	15	88
chr8	2318713	2323199	4487	8	0	4487	2650	1837	346	151	201	210	209	107	180	160	219	92	151	148	134	95	109	138	176	114	31	124	171	102	25	148	121	76	10	127	188	154	28	240
chr8	2323204	2323963	760	8	0	760	361	399	35	14	24	23	21	25	43	23	26	18	33	16	14	11	16	17	16	22	7	23	32	32	13	39	32	33	24	33	32	29	10	22
chr8	2323964	2333100	9137	8	0	9137	5784	3353	807	265	383	576	349	248	320	342	413	193	250	233	463	192	222	527	401	174	57	266	270	195	36	264	219	132	21	228	369	263	40	417
chr8	2333101	2338788	5688	8	0	5688	3385	2303	489	179	194	322	212	155	257	154	244	97	189	140	240	124	158	230	219	130	41	165	215	153	30	191	145	130	32	181	199	175	35	261
chr8	2338790	2338807	18	8	0	18	11	7	0	0	3	0	0	1	0	1	2	0	1	0	1	0	0	1	0	0	0	1	0	0	0	1	0	0	0	0	2	1	0	1
chr8	2338813	2338948	136	8	0	136	78	58	16	4	7	4	6	3	9	3	4	3	5	1	4	5	1	2	6	6	0	3	7	2	0	6	5	3	0	6	3	4	0	6
chr8	2338950	2339214	265	8	0	265	171	94	22	7	8	21	12	7	6	18	8	5	5	10	16	1	8	17	10	4	1	5	9	6	1	5	10	4	0	9	14	6	0	8
chr8	2339215	2339308	94	8	0	94	70	24	23	4	8	2	6	0	3	0	2	3	1	5	5	0	1	5	3	1	0	3	1	0	0	1	3	0	0	1	2	1	0	8
chr8	2339314	2339376	63	8	0	63	39	24	3	2	2	4	4	1	1	2	0	0	2	3	4	2	3	5	2	1	0	1	1	2	0	4	4	0	0	2	1	4	0	1
chr8	2339379	2339437	59	8	0	59	35	24	3	0	4	3	2	2	1	1	3	3	4	1	2	1	2	1	1	2	2	2	1	1	0	1	1	0	0	1	3	0	2	7
chr8	2339442	2339557	116	8	0	116	70	46	3	4	4	7	5	4	7	1	4	7	5	3	6	0	3	5	6	3	0	7	4	1	0	4	0	0	0	2	7	5	0	7
chr8	2339559	2339665	107	8	0	107	70	37	8	2	4	9	6	5	4	2	5	1	4	1	4	4	1	9	4	3	0	5	4	2	0	1	4	0	0	2	4	2	0	5
chr8	2339667	2339808	142	8	0	142	88	54	9	9	3	7	7	5	9	3	6	3	6	5	6	3	4	3	6	3	0	10	3	1	0	3	5	0	0	1	9	3	0	8
chr8	2339810	2339845	36	8	0	36	26	10	3	3	2	4	1	0	1	0	3	1	0	0	4	0	0	2	0	1	1	2	1	0	0	1	0	0	0	0	2	1	1	0
chr8	2339851	2339976	126	8	0	126	76	50	12	4	4	5	3	7	6	3	4	3	2	5	6	1	6	3	10	2	0	3	4	4	0	3	4	1	0	5	1	4	2	7
chr8	2339981	2339995	15	8	0	15	11	4	2	1	2	0	0	0	0	0	2	0	0	0	0	0	2	0	0	0	0	2	0	0	0	0	0	0	0	0	0	0	0	2
chr8	2340012	2340035	24	8	0	24	15	9	2	0	3	1	1	0	1	0	2	1	0	0	0	0	2	0	1	0	0	0	0	0	0	1	1	0	0	3	0	1	0	2
chr8	2340036	2340063	28	8	0	28	18	10	0	2	2	1	0	0	2	1	3	0	2	2	1	0	1	0	0	0	0	2	0	0	0	0	0	0	0	0	3	0	0	4
chr8	2340072	2340150	79	8	0	79	52	27	14	3	3	4	6	1	3	1	3	1	0	4	1	0	4	3	3	2	0	1	2	2	0	1	1	1	0	5	5	0	0	3
chr8	2340152	2340413	262	8	0	262	173	89	26	7	11	19	9	7	6	5	16	7	5	8	12	6	12	16	9	8	0	9	8	5	1	8	3	1	0	0	7	8	3	18
chr8	2340420	2340741	322	8	0	322	190	132	37	9	11	15	13	5	16	12	14	3	8	13	8	8	4	12	9	9	1	6	14	6	5	12	11	10	0	11	12	12	4	10
chr8	2340743	2340763	21	8	0	21	15	6	2	1	0	2	2	0	0	0	0	0	0	1	1	2	0	2	0	0	3	0	0	0	0	0	1	0	1	0	1	0	0	0
chr8	2340765	2341252	488	8	0	488	301	187	39	16	23	25	26	14	16	22	22	9	11	16	16	8	10	26	23	9	2	13	14	10	2	17	13	12	0	13	28	12	2	17
chr8	2341259	2341300	42	8	0	42	26	16	1	0	0	6	3	1	2	3	3	0	2	3	0	0	1	0	1	0	0	0	1	1	0	0	2	0	0	2	4	1	0	3
chr8	2341302	2341686	385	8	0	385	238	147	31	10	20	19	18	8	10	16	19	7	10	7	11	19	14	18	17	9	3	14	16	4	0	14	6	5	2	13	13	16	1	13
chr8	2341688	2341767	80	8	0	80	48	32	4	6	1	2	5	1	5	1	4	2	2	5	0	2	2	6	6	3	1	0	3	0	1	2	0	2	0	0	3	1	0	8
chr8	2341769	2343015	1247	8	0	1247	737	510	114	45	39	56	51	37	43	61	45	19	31	43	43	25	42	42	51	32	5	37	62	26	7	37	38	35	10	31	41	39	8	50
chr8	2343022	2343103	82	8	0	82	48	34	7	6	3	2	3	1	3	8	6	2	2	2	1	0	1	0	4	1	1	3	3	2	1	2	3	0	0	1	5	5	0	2
chr8	2343105	2343141	37	8	0	37	22	15	3	4	0	0	1	2	2	2	1	1	2	0	1	1	0	0	3	1	1	3	1	0	0	0	2	0	0	0	2	0	1	1
chr8	2343143	2343278	136	8	0	136	66	70	2	7	2	3	4	5	3	10	5	3	2	2	3	4	4	5	8	4	5	2	6	14	1	6	6	4	0	2	4	5	2	1
chr8	2355528	2355607	80	8	0	80	30	50	0	1	0	1	0	10	5	3	2	4	4	0	0	0	0	0	9	2	0	3	5	12	0	3	1	1	2	0	3	5	0	2
chr8	2355699	2355736	38	8	0	38	15	23	0	1	0	0	0	5	3	0	1	1	4	0	0	0	0	0	3	1	0	2	1	3	0	3	2	0	0	0	2	3	0	1
chr8	2367413	2369543	2131	8	0	2131	1321	810	190	73	87	126	123	36	68	85	100	33	53	79	63	54	67	84	86	54	1	55	87	45	4	71	52	40	3	45	87	68	6	104
chr8	2369557	2371197	1641	8	0	1641	934	707	85	50	53	66	56	73	54	101	68	38	59	53	45	30	41	62	79	41	12	59	71	48	10	46	50	28	7	37	83	58	11	65
chr8	2371198	2371307	110	8	0	110	57	53	1	0	0	2	1	28	1	10	1	2	10	0	0	0	0	0	24	1	0	5	1	0	0	0	5	0	0	3	10	0	0	3
chr8	2371308	2371413	106	8	0	106	55	51	0	0	0	0	0	22	1	10	0	1	14	0	0	2	0	4	18	0	0	7	1	1	0	0	4	0	0	4	10	1	0	4
chr8	2371416	2371499	84	8	0	84	41	43	0	0	0	0	0	18	1	8	0	1	13	0	0	0	0	0	15	0	0	3	0	0	0	0	4	0	0	5	8	0	0	6
chr8	2371509	2371552	44	8	0	44	22	22	0	0	0	0	0	9	0	5	0	0	6	0	0	1	0	1	8	0	0	2	1	1	0	0	1	0	0	1	2	1	0	3
chr8	2371555	2371690	136	8	0	136	69	67	0	0	0	0	0	29	2	12	0	2	19	0	0	1	1	2	27	0	0	5	0	0	0	1	6	0	0	6	10	1	0	10
chr8	2378491	2378545	55	8	0	55	27	28	1	1	1	3	1	1	0	2	2	2	2	0	2	2	4	1	2	1	2	1	1	6	1	4	2	1	0	1	0	4	1	1
chr8	2378547	2378570	24	8	0	24	8	16	0	1	0	0	0	1	0	2	1	0	0	1	0	1	0	1	2	0	1	0	0	7	1	0	0	1	0	0	1	1	0	0
chr8	2378572	2379606	1035	8	0	1035	603	432	85	42	26	40	42	35	40	60	38	16	30	37	27	21	27	35	52	24	5	33	51	19	6	25	34	26	10	26	41	32	9	39
chr8	2379607	2379618	12	8	0	12	6	6	0	0	0	1	0	0	1	1	1	0	1	0	0	0	0	0	1	0	0	0	1	1	0	0	0	0	0	0	0	1	0	1
chr8	2379620	2382505	2886	8	0	2886	1804	1082	267	104	118	163	139	67	104	93	131	56	73	96	114	61	89	128	118	70	13	87	98	49	11	91	70	45	3	70	117	86	17	136
chr8	2382516	2382533	18	8	0	18	11	7	2	1	1	1	1	0	0	1	1	0	0	0	1	0	1	0	0	1	0	1	2	0	0	0	0	0	0	1	0	1	0	0
chr8	2382535	2383071	537	8	0	537	326	211	47	18	26	29	19	15	21	25	24	8	14	14	29	8	9	18	22	12	2	13	21	16	3	14	17	15	0	16	20	11	1	28
chr8	2471898	2472027	130	8	0	130	45	85	0	3	4	0	3	4	6	4	4	0	12	4	0	0	0	0	0	4	0	3	14	14	0	16	4	7	0	3	0	19	0	0
chr8	2472067	2472110	44	8	0	44	15	29	0	1	1	0	1	1	3	1	1	0	4	1	0	0	0	0	0	2	0	1	5	4	0	6	1	2	0	1	0	6	0	0
chr8	2472187	2472251	65	8	0	65	26	39	0	2	2	2	3	1	2	2	3	1	5	2	0	0	0	0	1	2	0	1	6	5	1	7	1	1	1	0	0	11	0	1
chr8	2472328	2472384	57	8	0	57	22	35	0	2	2	0	1	0	3	1	3	0	6	2	0	1	0	1	0	2	0	1	5	6	0	7	0	1	0	1	0	9	0	1
chr8	2472386	2472486	101	8	0	101	43	58	1	2	1	3	2	5	7	1	3	4	2	3	1	2	2	3	2	5	1	4	9	11	0	5	3	2	1	2	2	7	2	1
chr8	2472489	2474229	1741	8	0	1741	906	835	84	51	56	64	65	70	89	49	68	44	87	33	38	29	40	38	69	55	13	57	83	74	11	86	53	54	4	43	68	72	6	86
chr8	2474246	2474581	336	8	0	336	154	182	11	11	10	6	8	10	23	11	12	10	13	7	7	6	3	4	12	8	9	8	14	18	7	12	15	14	7	16	12	11	5	14
chr8	2474600	2475171	572	8	0	572	248	324	15	15	13	7	17	35	33	9	12	12	31	15	6	11	8	9	21	27	11	14	32	42	9	30	19	21	6	21	22	23	4	20
chr8	2475295	2475344	50	8	0	50	15	35	0	0	0	0	0	5	1	1	0	1	3	1	0	1	1	0	1	6	0	0	4	13	0	4	0	0	0	0	2	3	0	1
chr8	2475356	2475584	229	8	0	229	136	93	20	12	9	7	6	6	11	11	10	11	6	5	12	1	2	5	13	8	4	6	5	5	3	7	2	2	2	4	15	5	1	11
chr8	2475586	2475626	41	8	0	41	15	26	1	0	1	1	0	4	1	1	2	0	0	4	0	0	0	0	0	4	0	0	3	5	2	1	1	1	0	1	2	2	2	0
chr8	2475628	2476096	469	8	0	469	226	243	26	12	14	6	7	20	39	16	16	16	21	9	10	2	3	7	20	18	3	9	28	20	4	23	21	19	1	15	14	18	0	30
chr8	2476097	2476119	23	8	0	23	16	7	1	2	1	2	2	0	0	1	1	1	1	0	2	0	1	1	0	0	0	3	0	0	0	0	0	0	0	0	2	0	0	0
chr8	2476121	2476140	20	8	0	20	6	14	0	0	0	0	0	1	3	2	0	0	0	0	0	0	0	0	1	0	0	0	4	1	0	0	1	2	0	3	0	0	0	0
chr8	2476142	2480705	4564	8	0	4564	2492	2072	257	145	164	185	179	168	219	157	156	100	180	107	159	101	101	113	198	135	39	143	200	138	30	182	151	137	33	143	174	140	32	196
chr8	2480706	2481567	862	8	0	862	441	421	61	20	32	36	27	35	33	17	34	17	37	15	26	17	11	22	24	28	16	21	34	34	16	40	22	35	22	25	32	28	16	27
chr8	2481568	2481879	312	8	0	312	180	132	35	4	12	18	8	13	9	10	13	5	11	9	12	4	3	13	6	7	6	6	11	7	6	12	11	9	7	5	12	13	1	12
chr8	2481881	2481929	49	8	0	49	32	17	2	1	4	2	3	1	1	4	1	1	1	4	2	1	0	2	3	1	0	0	1	1	0	0	1	0	0	3	4	0	0	3
chr8	2481931	2482911	981	8	0	981	530	451	41	21	25	34	34	78	38	71	26	16	34	15	20	22	14	39	96	16	6	19	20	22	8	33	68	23	17	32	37	22	5	27
chr8	2482916	2485521	2606	8	0	2606	1438	1168	146	79	91	114	89	104	110	100	103	54	106	56	92	45	47	100	131	48	35	68	82	86	29	101	91	65	28	84	100	99	20	101
chr8	2485526	2485693	168	8	0	168	74	94	1	4	3	3	1	12	13	1	4	3	8	7	5	2	3	3	7	8	0	6	8	14	1	11	6	5	0	5	6	8	3	5
chr8	2485695	2485720	26	8	0	26	12	14	0	1	2	0	1	2	1	0	2	0	2	0	0	0	0	0	1	1	0	1	1	1	0	2	1	0	0	1	1	1	0	2
chr8	2485722	2487244	1523	8	0	1523	743	780	56	26	49	32	30	69	94	54	51	34	99	43	26	15	29	35	62	45	5	32	75	50	15	84	59	64	10	51	51	66	6	104
chr8	2487245	2488856	1612	8	0	1612	934	678	126	43	72	57	46	34	66	70	84	38	46	74	42	32	45	59	53	39	10	45	65	44	15	63	37	37	5	23	61	67	14	98
chr8	2488857	2494267	5411	8	0	5411	3070	2341	387	133	235	258	216	177	242	162	197	111	203	150	214	103	100	180	196	147	28	153	228	173	35	222	152	159	18	169	221	179	25	236
chr8	2494269	2494300	32	8	0	32	28	4	8	3	0	5	2	0	0	0	1	0	0	0	5	0	0	3	3	0	0	0	0	0	0	0	0	0	0	0	0	0	0	0
chr8	2494302	2494404	103	8	0	103	73	30	9	2	3	10	3	1	4	3	5	3	2	3	7	5	7	4	7	2	0	2	0	0	0	3	1	0	0	1	3	1	0	10
chr8	2494406	2494431	26	8	0	26	15	11	0	0	2	1	0	0	1	1	1	0	1	1	2	1	0	3	1	0	0	0	0	3	0	1	1	1	0	0	0	0	0	3
chr8	2494433	2494750	318	8	0	318	188	130	27	12	10	22	17	10	13	11	15	4	10	8	12	4	9	2	14	8	1	7	16	8	0	11	7	9	1	11	14	10	0	13
chr8	2494752	2494794	43	8	0	43	19	24	0	2	1	1	3	2	2	1	1	0	4	2	0	0	0	0	1	2	0	1	1	1	2	2	2	0	0	3	3	3	0	1
chr8	2494796	2495090	295	8	0	295	165	130	14	3	13	17	16	10	13	7	13	11	12	5	5	8	6	11	14	6	1	11	16	13	1	6	8	6	1	5	7	11	1	22
chr8	2495092	2495119	28	8	0	28	14	14	1	0	2	1	1	0	3	1	2	1	1	0	0	0	0	0	0	0	0	1	1	0	0	1	2	1	0	3	2	1	0	1
chr8	2495121	2495267	147	8	0	147	62	85	3	5	4	1	5	5	9	1	2	6	5	3	3	2	4	3	6	4	4	4	7	10	2	9	6	8	4	4	2	6	3	5
chr8	2495269	2495398	130	8	0	130	66	64	8	3	5	6	6	3	5	6	2	5	1	0	6	4	2	4	5	6	0	3	5	6	3	7	8	4	5	2	2	5	0	1
chr8	2495400	2495766	367	8	0	367	191	176	18	8	16	16	11	12	20	7	15	14	16	4	14	5	8	5	15	9	5	10	11	14	5	21	12	11	2	11	13	17	2	18
chr8	2495768	2495800	33	8	0	33	18	15	1	1	1	2	1	1	2	2	3	0	0	3	0	0	0	0	1	0	0	1	1	2	1	0	1	0	0	1	3	1	1	1
chr8	2495803	2496508	706	8	0	706	400	306	33	19	33	31	31	20	40	18	24	18	29	27	28	6	18	24	19	13	0	31	28	24	0	24	29	13	0	26	33	26	0	39
chr8	2496510	2496573	64	8	0	64	32	32	2	2	3	1	4	3	2	2	1	0	2	2	1	1	3	3	2	3	0	1	5	3	0	3	2	2	0	4	1	2	0	2
chr8	2496575	2498278	1704	8	0	1704	944	760	89	46	64	73	67	72	87	68	55	48	55	46	61	21	35	57	88	39	13	47	72	50	11	53	74	42	7	59	60	55	7	81
chr8	2498280	2498324	45	8	0	45	22	23	1	1	2	0	1	0	4	1	2	1	3	0	0	2	1	1	1	0	2	2	2	0	0	3	1	3	0	2	2	2	0	3
chr8	2498326	2498594	269	8	0	269	178	91	24	17	7	13	12	6	9	6	7	2	4	9	17	10	13	20	13	7	3	12	10	4	0	6	5	2	0	7	6	7	1	8
chr8	2498596	2498646	51	8	0	51	32	19	5	2	2	3	2	1	0	2	2	2	0	1	3	1	1	4	2	2	2	0	2	0	1	3	0	2	0	0	1	2	1	0
chr8	2498648	2499602	955	8	0	955	615	340	86	38	43	57	42	24	28	42	46	14	21	23	50	25	30	44	42	17	7	35	34	7	3	17	29	18	4	23	31	19	6	48
chr8	2499604	2499637	34	8	0	34	18	16	0	0	2	1	2	3	0	1	0	1	1	0	1	2	0	2	2	1	3	1	1	1	0	1	2	0	1	1	1	1	0	0
chr8	2499639	2499773	135	8	0	135	86	49	10	9	8	4	8	8	3	4	6	3	1	4	8	3	2	3	10	7	0	6	5	3	0	4	0	0	0	0	8	2	0	4
chr8	2499775	2499807	33	8	0	33	23	10	5	2	3	2	3	0	0	0	1	0	1	2	2	0	0	0	2	0	0	0	0	0	0	2	1	1	0	0	1	1	0	2
chr8	2499809	2502162	2354	8	0	2354	1263	1091	117	75	100	82	93	83	122	78	101	54	94	60	63	42	46	52	93	68	17	76	88	69	19	115	85	57	5	89	109	97	21	82
chr8	2502164	2502189	26	8	0	26	14	12	0	0	1	1	0	1	1	1	2	0	1	0	0	3	1	0	2	1	0	1	0	0	0	3	1	0	0	1	0	2	0	1
chr8	2502191	2506386	4196	8	0	4196	2200	1996	200	105	168	168	127	189	225	139	201	108	178	73	113	59	48	98	163	124	34	140	171	127	64	179	171	116	21	125	176	174	35	175
chr8	2506387	2517624	11238	9	0	11238	6578	4660	851	296	419	601	383	383	516	374	463	249	390	272	470	213	250	447	476	255	72	339	370	286	77	406	345	257	67	335	465	340	74	495
chr8	2517632	2517649	18	9	0	18	12	6	0	0	0	3	0	0	1	1	2	0	1	1	1	0	0	1	0	0	0	0	0	0	0	1	0	0	0	0	2	1	0	1
chr8	2517651	2527919	10269	9	0	10269	6266	4003	783	330	440	580	376	306	391	421	495	193	282	274	479	234	244	437	466	202	93	303	315	222	54	322	298	192	41	251	415	297	50	481
chr8	2527930	2528101	172	9	0	172	95	77	4	6	6	8	11	12	7	7	6	5	6	5	3	3	2	4	15	4	3	4	4	3	0	2	8	0	2	8	10	3	3	6
chr8	2528103	2528135	33	9	0	33	12	21	0	0	2	0	0	2	3	0	1	1	1	0	1	1	0	0	0	2	0	1	1	2	2	1	2	2	0	3	2	0	0	1
chr8	2528137	2529431	1295	9	0	1295	776	519	101	45	45	66	51	42	50	52	43	25	31	27	62	33	18	85	70	37	9	28	45	30	13	47	38	33	14	27	42	34	8	42
chr8	2529432	2531031	1600	9	0	1600	901	699	114	48	65	64	60	61	75	51	62	39	66	35	55	34	27	44	71	36	26	49	53	35	16	56	52	37	6	59	71	52	10	69
chr8	2531033	2531074	42	9	0	42	20	22	0	3	2	0	3	6	3	0	2	1	0	0	0	0	0	0	5	2	0	2	2	0	0	1	3	1	0	1	2	0	0	1
chr8	2531076	2531536	461	9	0	461	293	168	34	20	14	24	17	17	13	21	15	8	13	10	26	14	11	35	28	20	4	7	11	7	2	20	9	3	2	7	20	10	0	17
chr8	2531539	2532459	921	9	0	921	616	305	99	29	35	65	27	33	25	45	43	10	19	27	58	23	22	55	48	14	4	28	24	17	1	25	21	9	0	14	37	27	1	34
chr8	2532460	2532517	58	9	0	58	23	35	0	1	0	1	2	3	4	0	0	2	7	1	0	2	0	0	3	0	1	3	3	1	2	1	2	4	1	3	1	2	2	4
chr8	2532519	2532724	206	9	0	206	90	116	10	4	5	3	5	4	12	7	3	4	9	7	4	6	5	1	7	5	1	6	9	12	8	11	6	14	4	9	6	9	3	5
chr8	2532735	2533087	353	9	0	353	234	119	38	10	14	28	8	5	16	13	20	7	8	7	24	10	12	14	10	3	2	17	4	3	3	10	10	3	0	10	18	10	1	13
chr8	2533095	2534044	950	9	0	950	603	347	63	38	33	62	45	44	28	47	41	20	24	23	47	14	29	44	59	15	5	38	30	12	0	17	24	15	3	20	50	17	2	39
chr8	2534046	2534088	43	9	0	43	22	21	2	0	1	3	2	3	3	2	2	2	0	0	0	0	0	1	2	2	0	0	3	2	0	1	2	1	0	3	3	1	0	0
chr8	2534090	2535971	1882	9	0	1882	1180	702	142	55	76	119	76	48	74	70	85	47	62	51	89	43	51	90	93	39	5	56	52	33	4	53	47	23	5	47	77	47	14	107
chr8	2535976	2537269	1294	9	0	1294	837	457	113	36	51	78	50	29	43	53	54	28	34	45	61	35	53	73	61	21	0	46	35	27	2	33	27	17	0	26	51	32	2	76
chr8	2537271	2537332	62	9	0	62	45	17	15	2	0	5	1	0	2	3	3	0	2	3	2	2	3	1	2	2	0	0	1	0	0	2	1	1	0	0	2	0	0	5
chr8	2537335	2541265	3931	9	0	3931	2329	1602	302	111	152	197	139	110	176	134	151	95	142	100	171	87	98	162	159	72	30	142	128	87	26	124	121	98	29	98	151	108	25	204
chr8	2541292	2541837	546	9	0	546	389	157	54	19	20	44	21	13	12	25	22	12	3	13	40	15	12	63	31	12	4	12	13	6	0	9	9	3	1	6	18	7	5	20
chr8	2541839	2565384	23546	9	0	23546	13881	9665	1734	668	897	1210	842	728	983	962	967	482	770	639	967	480	536	1015	923	560	158	717	833	584	157	820	778	503	125	648	981	746	130	1001
chr8	2565387	2583714	18328	9	0	18328	10827	7501	1419	507	785	900	675	600	739	677	792	367	662	462	725	387	475	655	715	423	107	616	648	436	86	633	552	397	77	528	776	547	74	884
chr8	2583715	2608611	24897	9	0	24897	15250	9647	2155	749	988	1401	953	754	945	904	1018	457	760	683	1168	621	617	1076	1125	523	159	773	793	567	132	762	683	450	108	653	955	714	127	1122
chr8	2608613	2617316	8704	9	0	8704	5369	3335	678	262	324	513	321	274	357	343	345	157	275	250	432	197	208	431	402	169	35	284	273	174	28	281	280	160	28	194	340	253	29	405
chr8	2617321	2618541	1221	9	0	1221	721	500	114	23	54	65	43	32	56	31	50	36	56	34	48	16	20	42	43	19	9	36	37	26	6	51	32	27	8	29	50	48	9	69
chr8	2618542	2623364	4823	9	0	4823	2926	1897	367	144	223	259	206	140	154	202	210	95	164	124	210	107	126	193	212	113	18	143	160	95	20	172	141	93	16	120	189	146	26	233
chr8	2623365	2623388	24	9	0	24	7	17	0	0	0	0	0	0	2	0	0	0	5	0	0	0	0	0	0	0	0	0	1	0	0	2	0	2	4	2	1	1	0	2
chr8	2623391	2623409	19	9	0	19	5	14	0	0	0	0	0	0	2	0	0	0	3	0	0	0	0	0	0	0	0	0	1	0	0	2	0	2	3	1	1	1	0	1
chr8	2623424	2623704	281	9	0	281	108	173	3	8	6	1	8	11	15	6	6	10	20	3	1	5	4	0	7	7	8	12	18	20	7	12	11	14	8	9	4	15	7	13
chr8	2623705	2624131	427	9	0	427	237	190	26	22	11	16	16	12	22	12	20	7	12	9	13	6	12	21	23	7	5	12	13	21	9	12	15	12	2	9	10	14	0	24
chr8	2624133	2624154	22	9	0	22	15	7	5	2	0	1	2	0	0	3	1	0	0	0	0	0	0	0	2	0	0	0	1	0	0	0	1	0	0	1	1	0	0	0
chr8	2624156	2625272	1117	9	0	1117	736	381	101	34	31	77	43	39	28	49	42	12	32	38	56	37	32	83	53	27	6	36	37	19	3	24	21	9	1	21	48	28	6	42
chr8	2625273	2625785	513	9	0	513	308	205	32	13	20	25	16	21	25	18	26	6	23	17	17	15	8	24	25	11	3	17	15	11	2	11	18	2	3	15	22	15	2	33
chr8	2625806	2626229	424	9	0	424	268	156	30	15	17	24	19	13	13	18	19	10	13	8	19	11	12	26	18	10	1	20	11	5	5	9	10	4	1	11	24	11	1	14
chr8	2626231	2626314	84	9	0	84	65	19	11	3	4	9	6	2	0	3	3	3	1	1	7	1	1	9	5	0	0	4	0	0	0	0	2	0	0	0	4	0	0	3
chr8	2626316	2626489	174	9	0	174	112	62	18	4	7	12	7	5	8	5	9	4	0	2	7	4	8	11	6	2	2	7	6	1	0	3	9	4	0	6	5	3	0	7
chr8	2626490	2627186	697	9	0	697	375	322	52	22	26	24	16	19	47	12	34	13	30	10	22	13	14	20	22	15	4	26	19	36	5	36	34	18	2	17	19	27	3	38
chr8	2627202	2627434	233	9	0	233	127	106	17	8	9	8	10	6	12	8	6	2	11	4	9	5	8	4	7	4	0	10	10	8	0	11	12	10	0	10	7	7	0	8
chr8	2627435	2627476	42	9	0	42	22	20	5	1	1	1	1	0	0	2	1	0	4	2	1	0	1	1	1	0	0	0	0	5	0	5	1	0	0	1	1	5	0	0
chr8	2627477	2627526	50	9	0	50	39	11	9	0	2	7	2	0	0	0	4	0	2	1	3	1	2	6	0	0	0	1	1	0	0	1	0	0	0	0	1	2	0	3
chr8	2627531	2629371	1841	9	0	1841	1067	774	132	59	66	84	69	55	90	69	77	49	66	55	63	30	32	70	90	42	11	50	71	67	9	60	45	27	3	51	77	72	5	93
chr8	2629372	2629404	33	9	0	33	20	13	7	1	1	2	1	1	2	0	2	0	1	0	0	0	0	0	0	1	0	1	2	3	0	0	1	0	0	1	1	1	0	2
chr8	2629406	2634532	5127	9	0	5127	3119	2008	420	161	218	281	195	145	195	203	244	95	146	144	221	104	131	214	222	110	18	155	177	150	22	145	146	85	22	127	194	149	22	264
chr8	2634534	2634881	348	9	0	348	204	144	31	18	15	11	19	10	16	9	16	6	9	11	9	5	9	9	19	7	2	11	10	11	1	15	10	6	0	8	15	12	1	15
chr8	2634882	2635000	119	9	0	119	87	32	37	3	5	5	5	4	3	3	5	3	2	1	2	3	2	3	7	1	0	5	3	1	0	1	0	1	0	1	5	1	0	5
chr8	2635001	2636347	1347	9	0	1347	836	511	107	40	47	78	50	33	56	53	56	32	30	35	58	46	50	64	69	30	10	41	33	20	8	44	43	21	4	34	47	34	8	64
chr8	2636348	2636763	416	9	0	416	224	192	29	12	13	15	12	11	21	14	10	11	17	13	17	8	7	12	12	14	3	13	16	11	5	21	13	16	8	9	17	12	6	16
chr8	2636764	2641938	5175	9	0	5175	3132	2043	412	172	220	277	205	145	206	190	223	111	163	128	241	116	112	209	224	116	26	178	167	135	24	180	145	93	13	117	210	162	27	226
chr8	2641939	2642964	1026	9	0	1026	569	457	79	31	29	50	42	40	51	34	29	18	41	24	40	21	21	18	34	33	5	38	56	23	5	41	34	39	7	29	43	30	5	34
chr8	2642967	2643072	106	9	0	106	64	42	23	3	2	3	1	0	5	3	2	2	4	1	4	3	6	1	3	3	0	2	2	7	0	7	1	2	0	5	2	4	0	3
chr8	2643073	2643567	495	9	0	495	263	232	26	9	29	12	15	15	23	16	15	15	12	17	19	12	14	13	20	14	7	10	20	19	6	20	16	16	2	22	13	17	3	26
chr8	2643569	2643631	63	9	0	63	31	32	5	2	3	2	3	3	4	0	3	3	1	0	1	1	0	0	3	3	1	2	4	1	2	3	1	0	1	2	2	4	0	1
chr8	2643633	2643962	330	9	0	330	170	160	15	7	15	6	5	16	9	10	21	6	27	6	2	2	12	10	22	4	2	3	7	16	3	25	6	4	1	5	5	27	0	29
chr8	2643964	2643983	20	9	0	20	14	6	1	1	1	0	0	0	0	1	1	0	0	3	1	0	2	1	0	0	0	1	1	0	0	0	0	0	0	0	0	1	0	3
chr8	2643985	2644093	109	9	0	109	47	62	3	2	4	1	5	3	6	4	2	2	4	2	0	1	2	5	1	3	1	3	8	7	2	6	5	9	1	5	3	4	0	3
chr8	2644094	2644475	382	9	0	382	259	123	36	14	15	27	10	3	13	13	24	5	11	8	23	12	16	27	15	7	0	12	6	5	0	18	6	3	0	3	12	14	0	22
chr8	2644476	2645317	842	9	0	842	475	367	67	24	28	45	29	24	41	23	33	16	38	15	36	18	15	21	28	16	10	28	35	23	7	34	27	23	7	27	28	37	4	33
chr8	2645319	2645357	39	9	0	39	29	10	5	0	2	5	3	0	0	2	2	1	0	0	2	1	1	3	1	1	0	1	0	1	0	1	1	0	0	1	3	0	0	0
chr8	2645359	2648192	2834	9	0	2834	1695	1139	237	69	119	153	95	82	129	86	115	68	90	76	132	70	83	89	109	71	20	90	87	63	11	117	74	65	10	73	122	79	7	141
chr8	2648193	2652302	4110	9	0	4110	2572	1538	347	113	175	251	147	122	162	148	186	77	123	126	206	85	100	203	177	75	25	121	106	56	12	145	108	71	19	110	187	117	24	184
chr8	2652304	2652368	65	9	0	65	42	23	7	2	0	3	1	3	1	6	1	4	1	2	3	0	5	2	7	0	0	2	0	2	0	2	2	0	0	0	2	2	0	3
chr8	2652370	2655877	3508	9	0	3508	2061	1447	277	108	115	192	125	105	160	118	143	77	114	97	148	71	76	133	135	85	29	112	112	105	25	127	102	70	18	96	159	109	32	131
chr8	2655882	2656025	144	9	0	144	92	52	4	4	6	13	8	4	4	4	4	4	3	6	11	1	3	11	6	3	2	2	8	3	0	1	3	2	1	4	3	4	1	9
chr8	2656027	2660365	4339	9	0	4339	2514	1825	314	124	162	208	146	136	182	170	183	79	140	129	166	86	123	165	158	108	30	128	161	111	35	146	146	98	31	141	169	136	34	192
chr8	2660367	2660397	31	9	0	31	21	10	2	0	1	3	3	2	0	0	0	2	1	1	2	1	1	0	3	0	0	2	1	0	0	0	0	0	0	0	1	1	0	2
chr8	2660399	2661115	717	9	0	717	411	306	58	25	18	35	20	33	34	17	25	12	30	16	32	14	20	20	29	25	2	28	30	26	4	27	13	16	2	21	32	20	4	27
chr8	2661117	2661145	29	9	0	29	18	11	4	0	0	2	1	0	2	1	2	0	1	3	0	0	0	0	0	0	0	0	2	1	0	1	0	0	0	0	2	3	0	2
chr8	2661154	2661185	32	9	0	32	27	5	20	1	0	0	1	0	1	0	0	0	0	0	2	0	0	0	0	0	0	1	1	1	0	0	1	1	0	0	0	0	0	0
chr8	2661187	2661357	171	9	0	171	84	87	5	0	6	6	8	8	7	10	3	5	8	11	1	0	2	3	4	3	0	7	12	4	2	5	7	7	2	6	10	8	4	5
chr8	2661368	2661745	378	9	0	378	172	206	16	9	8	8	14	16	25	6	5	10	26	11	6	5	6	1	8	13	3	16	20	13	7	22	17	19	3	11	15	18	3	16
chr8	2661755	2662684	930	9	0	930	601	329	76	29	40	61	32	19	35	33	39	14	20	31	59	30	26	57	31	20	8	33	32	12	3	24	25	12	2	22	31	27	3	42
chr8	2662685	2662871	187	9	0	187	144	43	28	3	8	20	7	1	0	13	8	2	2	3	16	7	4	21	4	0	4	5	0	0	0	3	8	0	0	3	9	3	0	3
chr8	2662885	2664338	1454	9	0	1454	887	567	132	48	52	81	74	45	44	70	51	26	33	46	55	30	39	59	76	37	2	34	59	36	7	44	50	21	5	40	48	52	6	50
chr8	2664339	2665069	731	9	0	731	399	332	57	17	17	32	24	22	37	28	21	15	38	15	22	18	15	19	25	21	6	20	38	23	3	30	21	28	7	20	27	22	4	37
chr8	2665072	2670940	5869	9	0	5869	3375	2494	390	183	213	277	215	193	258	216	232	127	210	169	224	110	128	228	250	143	53	167	213	168	45	213	178	130	34	162	241	198	32	267
chr8	2670945	2676911	5967	9	0	5967	3459	2508	491	196	201	294	238	175	236	191	230	122	242	138	223	139	129	213	276	130	61	164	206	180	56	208	145	144	46	159	213	196	45	278
chr8	2676912	2677260	349	9	0	349	238	111	51	12	17	22	12	8	9	19	18	4	10	8	21	9	9	7	16	2	0	15	5	4	0	7	11	3	0	8	17	7	0	16
chr8	2677262	2677291	30	9	0	30	19	11	4	2	1	2	0	1	1	1	3	0	0	1	1	0	1	0	2	0	1	0	0	1	1	0	1	1	0	0	0	0	0	3
chr8	2677293	2678018	726	9	0	726	481	245	71	20	32	59	25	19	23	28	38	13	17	21	48	14	14	38	27	15	6	18	18	7	5	15	18	10	2	14	31	13	5	40
chr8	2678020	2678052	33	9	0	33	20	13	0	0	3	1	0	2	0	3	3	0	0	0	1	1	1	4	3	0	0	0	0	1	0	2	1	2	0	1	1	0	0	1
chr8	2678061	2679392	1332	9	0	1332	848	484	119	40	37	80	51	39	40	52	44	21	32	42	62	37	24	127	72	22	14	29	35	30	13	37	23	25	14	30	52	38	12	37
chr8	2679395	2679776	382	9	0	382	235	147	20	10	12	13	11	17	13	23	15	4	8	9	9	19	10	41	25	9	6	10	13	8	0	9	13	2	1	14	13	12	1	10
chr8	2679780	2679912	133	9	0	133	65	68	15	1	4	1	4	6	8	2	3	4	9	3	0	2	2	0	4	2	2	5	2	4	4	5	5	3	2	10	8	6	2	3
chr8	2679914	2679993	80	9	0	80	44	36	7	2	0	5	2	4	3	3	1	2	1	2	4	1	3	4	4	5	0	0	6	2	1	3	0	4	3	1	1	1	0	3
chr8	2679995	2680332	338	9	0	338	161	177	18	4	8	7	6	17	21	13	6	10	11	11	7	5	9	7	11	9	3	13	22	13	6	14	11	18	5	12	12	15	2	10
chr8	2680334	2687079	6746	9	0	6746	4104	2642	530	217	267	379	287	175	273	268	280	147	205	191	296	149	165	274	290	141	40	217	211	120	38	207	214	134	30	176	288	181	44	310
chr8	2687080	2691216	4137	9	0	4137	2311	1826	318	121	139	183	143	130	166	144	144	69	181	102	157	74	96	143	156	94	41	103	158	138	49	155	126	136	43	131	143	132	27	193
chr8	2691217	2691395	179	9	0	179	104	75	30	4	11	4	5	7	9	1	12	3	6	6	1	0	0	3	5	4	3	3	6	5	2	4	5	3	3	5	6	5	2	14
chr8	2691397	2691413	17	9	0	17	9	8	2	1	1	0	0	2	0	0	1	1	0	0	0	0	0	0	1	1	1	1	1	0	1	0	0	0	0	0	0	1	0	0
chr8	2691415	2691925	511	9	0	511	236	275	15	11	18	12	13	31	23	24	20	12	18	14	8	4	8	4	22	14	13	9	31	24	5	21	20	19	13	18	18	24	4	19
chr8	2691927	2691963	37	9	0	37	22	15	1	2	2	2	1	2	3	1	3	1	0	1	1	1	0	0	4	0	0	2	1	0	0	0	0	0	0	2	2	1	1	1
chr8	2691965	2694274	2310	9	0	2310	1396	914	179	63	80	154	80	69	97	66	78	40	74	52	139	63	68	92	83	56	18	79	78	58	16	84	71	48	5	74	80	74	7	83
chr8	2694276	2694639	364	9	0	364	190	174	32	11	7	13	16	11	17	8	9	6	21	9	6	11	7	4	11	10	6	12	17	12	5	18	10	16	2	10	14	14	5	12
chr8	2694641	2699640	5000	9	0	5000	2987	2013	378	131	231	260	180	152	193	205	245	100	180	127	196	109	115	184	195	95	30	172	164	102	20	176	156	102	20	128	215	164	30	243
chr8	2699642	2703125	3484	9	0	3484	2123	1361	277	125	128	178	120	102	131	150	141	71	103	99	169	89	79	159	171	71	44	102	105	78	31	97	91	52	13	92	136	110	18	150
chr8	2703133	2703153	21	9	0	21	21	0	0	0	0	1	0	0	0	0	0	0	0	0	1	0	0	17	0	0	0	0	0	0	0	0	0	0	0	0	0	0	0	0
chr8	2703154	2703613	460	9	0	460	328	132	65	16	19	35	14	9	12	17	30	6	16	7	26	11	9	34	14	9	1	18	8	4	1	8	9	1	0	0	21	7	0	31
chr8	2703615	2703845	231	9	0	231	130	101	21	3	6	8	5	8	13	7	3	7	11	6	9	5	9	7	5	9	1	8	8	4	0	13	8	6	2	10	12	6	1	8
chr8	2703847	2703876	30	9	0	30	14	16	0	0	1	0	1	3	2	1	0	1	0	0	0	2	2	0	2	2	0	1	3	0	0	0	2	0	0	4	0	1	0	0
chr8	2703878	2708596	4719	9	0	4719	3120	1599	465	158	178	356	212	102	130	210	195	73	122	134	286	131	121	246	208	88	25	143	116	66	14	118	104	69	17	106	225	91	24	184
chr8	2708597	2709549	953	9	0	953	528	425	53	18	23	49	36	55	44	25	17	19	41	34	37	19	26	32	58	26	3	23	39	23	6	41	26	30	6	32	37	30	5	38
chr8	2709550	2709857	308	9	0	308	212	96	41	9	8	22	12	18	5	11	9	2	3	10	19	14	10	17	26	4	8	6	5	2	1	6	4	3	1	6	11	5	0	8
chr8	2709858	2715987	6130	9	0	6130	3807	2323	516	185	218	353	229	218	235	237	252	116	179	183	275	149	121	339	299	129	65	176	216	128	26	150	142	95	19	148	262	168	20	280
chr8	2715993	2719908	3916	9	0	3916	2551	1365	379	146	154	246	167	115	126	136	152	61	106	115	227	94	93	232	171	71	23	151	112	54	16	92	97	45	15	83	164	104	14	153
chr8	2719923	2720518	596	9	0	596	327	269	39	15	25	24	21	26	20	24	33	13	33	18	10	3	15	8	20	14	7	16	27	13	6	21	18	9	4	15	25	31	1	40
chr8	2720520	2720557	38	9	0	38	19	19	1	1	0	2	1	2	1	3	2	2	2	1	0	0	0	0	4	0	0	1	1	2	1	0	0	0	1	1	2	3	0	2
chr8	2720559	2721177	619	9	0	619	387	232	60	24	21	39	21	17	28	24	22	14	22	6	41	9	11	27	32	7	4	21	14	15	3	16	23	13	0	18	21	14	3	27
chr8	2721178	2723170	1993	9	0	1993	1225	768	136	43	84	103	65	51	78	88	73	46	75	59	93	41	45	143	72	46	8	55	59	36	12	63	62	36	1	65	89	52	13	99
chr8	2723171	2723255	85	9	0	85	70	15	2	0	0	2	1	1	0	8	0	1	2	0	1	7	2	42	8	0	0	0	0	0	0	0	2	0	0	0	0	0	0	4
chr8	2723257	2724191	935	9	0	935	571	364	85	28	36	53	33	18	33	39	43	16	31	21	41	28	20	45	37	16	7	30	29	23	11	24	22	24	7	22	35	24	7	45
chr8	2724202	2724365	164	9	0	164	77	87	12	2	2	6	3	5	9	3	4	5	11	5	2	3	1	2	3	2	3	7	5	8	6	6	5	7	4	6	7	8	5	5
chr8	2724367	2726208	1842	9	0	1842	1139	703	146	60	76	101	74	43	86	72	76	36	49	53	86	44	40	96	88	38	5	52	54	32	3	68	64	34	6	44	69	54	4	87
chr8	2726210	2726793	584	9	0	584	412	172	91	13	23	50	28	11	13	21	22	8	8	20	36	14	13	39	21	11	1	13	14	9	1	14	14	5	1	10	24	13	1	20
chr8	2726795	2726810	16	9	0	16	12	4	0	0	1	2	1	0	0	0	1	0	1	1	1	0	1	2	0	0	0	0	0	0	0	0	0	0	0	0	1	0	0	2
chr8	2726812	2728107	1296	9	0	1296	564	732	56	25	32	38	30	34	81	22	46	26	74	19	18	15	14	33	32	24	12	32	51	80	49	58	50	74	41	63	34	61	22	48
chr8	2728109	2728155	47	9	0	47	10	37	0	0	0	0	0	1	3	0	0	1	4	0	0	0	0	0	0	0	1	1	2	5	3	3	2	5	5	4	0	3	2	0
chr8	2728157	2728841	685	9	0	685	359	326	43	26	38	16	28	30	27	15	26	18	24	13	26	13	2	13	29	17	15	26	24	17	18	14	24	17	19	24	23	22	9	27
chr8	2728855	2730569	1715	9	0	1715	1093	622	193	69	93	89	78	37	54	65	96	18	59	47	76	27	31	59	63	23	11	54	52	29	3	43	48	30	2	44	71	45	8	96
chr8	2730584	2731048	465	9	0	465	239	226	29	9	12	20	15	16	32	12	15	7	22	12	12	9	11	4	13	12	2	14	21	13	4	22	20	23	4	21	21	12	4	20
chr8	2731054	2731076	23	9	0	23	10	13	1	1	0	0	1	1	2	2	1	0	0	0	0	0	0	0	1	1	0	0	4	0	0	1	0	3	0	1	1	0	0	0
chr8	2731078	2733915	2838	9	0	2838	1765	1073	247	88	133	169	105	75	98	100	128	53	74	69	157	65	60	144	109	52	25	95	74	59	17	98	75	53	27	63	120	84	13	107
chr8	2733919	2740857	6939	9	0	6939	4413	2526	641	233	278	420	287	178	241	262	302	119	214	178	342	175	185	356	316	129	36	224	194	121	17	216	172	112	20	156	286	186	19	322
chr8	2740860	2745328	4469	9	0	4469	2828	1641	431	154	211	234	208	100	159	160	197	79	139	127	195	115	117	201	194	93	8	153	131	80	9	136	119	63	9	103	183	119	6	234
chr8	2745348	2748137	2790	9	0	2790	1917	873	321	101	114	206	136	55	71	102	120	36	57	75	165	81	94	182	126	45	3	99	81	26	2	55	57	31	3	57	100	62	0	125
chr8	2748138	2751168	3031	9	0	3031	1776	1255	203	94	108	175	118	90	124	113	135	56	100	65	125	80	74	115	117	83	31	89	117	76	19	116	81	74	13	82	129	95	13	119
chr8	2751170	2751204	35	9	0	35	15	20	0	0	1	0	1	2	2	1	0	2	5	1	0	0	0	0	1	1	0	2	3	1	0	0	0	0	0	3	2	2	0	3
chr8	2751207	2751538	332	9	0	332	232	100	56	5	22	24	10	4	12	8	24	3	6	11	16	5	8	17	10	3	0	4	5	3	0	10	9	1	0	10	10	11	0	23
chr8	2751546	2752927	1382	9	0	1382	772	610	77	47	59	46	47	38	64	51	46	41	55	32	59	37	29	43	64	31	18	50	37	30	13	61	54	31	12	34	45	49	17	63
chr8	2752929	2752965	37	9	0	37	22	15	2	0	2	2	0	1	3	2	4	1	1	0	0	2	0	0	2	0	0	2	0	0	0	1	2	0	1	1	2	1	1	2
chr8	2752967	2756576	3610	9	0	3610	2306	1304	327	121	152	215	151	97	106	180	161	60	107	98	175	100	90	165	185	67	9	117	98	72	7	104	104	44	5	65	146	98	13	169
chr8	2756577	2760613	4037	9	0	4037	2690	1347	405	140	153	288	179	103	104	138	175	56	108	118	228	106	140	248	165	69	24	147	105	51	16	79	99	42	11	82	155	89	15	197
chr8	2760614	2791499	30886	9	0	30886	19429	11457	2718	920	1265	1922	1179	902	1146	1197	1318	552	837	829	1609	746	722	1565	1372	612	160	976	941	586	126	888	901	519	95	745	1210	824	141	1361
chr8	2791503	2797789	6287	9	0	6287	3709	2578	387	214	231	283	239	197	281	237	252	133	180	150	237	164	145	378	283	148	54	223	229	143	44	210	201	131	33	163	241	204	29	241
chr8	2797804	2797839	36	9	0	36	30	6	0	1	0	0	0	0	0	2	1	0	0	0	0	3	2	20	2	1	0	0	0	0	0	1	0	0	0	0	0	0	0	1
chr8	2797844	2805075	7232	9	0	7232	4552	2680	602	257	281	383	315	223	233	334	262	120	184	207	344	202	193	411	371	160	36	235	236	128	27	187	223	100	23	180	275	190	20	288
chr8	2805076	2911977	106902	9	0	106902	64816	42086	8682	3333	4117	5746	4011	3223	4100	4146	4481	1996	3285	3042	4704	2434	2630	4884	4506	2291	830	3359	3654	2313	612	3311	3022	2118	544	2722	4298	3168	598	4740
chr8	2911978	3474977	563000	10	0	563000	340919	222081	44855	16993	21809	30193	21062	17544	21510	22106	22902	10716	17558	15376	25031	13344	13970	25949	24440	12418	3940	17800	18687	12458	3079	18270	16357	11061	2527	14491	22738	16558	2970	24286
chr8	3474978	3854977	380000	9	0	380000	231006	148994	29232	11423	14931	19952	14025	11877	14368	15456	15343	7194	11860	10755	16939	9192	9712	18745	16811	8256	2547	12072	12292	8250	1841	12173	11075	7171	1607	9747	15549	10879	1845	16879
chr8	3854978	5249977	1395000	10	0	1395000	866678	528322	118388	43469	56597	79937	53306	40474	49236	55518	58860	25432	40676	37942	67837	35182	36394	67429	60632	29000	9419	45506	43054	26813	6619	41846	38237	23988	5794	34503	56611	38531	6720	61048
chr8	5249978	5373977	124000	9	0	124000	78805	45195	10896	3999	4977	7577	4895	3450	4105	5015	5243	2074	3421	3491	6413	3212	3332	6703	5504	2370	793	4068	3667	2179	454	3415	3320	1925	417	2854	4974	3241	516	5498
chr8	5373978	6095977	722000	10	0	722000	444334	277666	58855	21936	29563	40117	27912	20981	26224	29129	30511	13373	21867	20030	33192	17611	18973	34058	31353	15441	3995	23112	23499	15031	3060	22606	20090	12953	2469	18276	29304	20771	3072	32634
chr8	6095978	6160903	64926	9	0	64926	39254	25672	4823	1837	2599	3220	2326	1973	2492	2396	2576	1219	2098	1596	2754	1632	1666	4046	2645	1426	409	2181	2210	1613	335	2184	1888	1336	257	1697	2444	1968	285	2793
chr8	6160905	6268978	108074	9	0	108074	62250	45824	7855	3103	4084	5041	4073	3519	4742	3889	4141	2121	3905	2943	4015	2322	2489	4006	4267	2645	709	3444	4255	2830	713	3931	3357	2751	610	3202	4344	3503	620	4643
chr8	6268979	6431978	163000	8	0	163000	92545	70455	12249	4465	6070	7241	5997	5413	7260	5563	5950	3261	6083	4359	5829	3629	3846	5329	6289	4009	1153	5317	6427	4307	1370	6099	5114	4684	1189	4843	6403	5203	1048	6999
chr8	6431979	6585978	154000	7	0	154000	91076	62924	12235	4694	6128	7452	5556	4965	6392	5527	6097	3026	4834	3944	6621	3549	3829	6225	6423	3559	1142	5110	5469	3625	1021	5182	4628	3570	953	4341	5920	4543	888	6550
chr8	6585979	6711978	126000	6	0	126000	70752	55248	8787	3637	5047	5214	4559	4228	5670	4386	4894	2681	4528	3182	4446	2537	2919	4036	5141	3038	960	3944	4819	3858	1011	4920	4053	3466	892	3861	4830	4246	769	5439
chr8	6711979	6805978	94000	5	0	94000	54030	39970	6897	2855	3836	4210	3373	3047	4090	3284	3735	1838	3156	2336	3793	2064	2279	3236	3836	2229	708	3032	3508	2628	683	3452	2917	2433	584	2894	3532	2981	569	3983
chr8	6805979	6815856	9878	6	0	9878	4806	5072	411	231	365	244	294	409	569	324	352	256	463	225	194	135	168	165	362	291	92	285	487	459	121	480	374	358	71	395	373	439	78	406
chr8	6815857	6904977	89121	6	0	89121	47706	41415	5152	2379	3370	3195	3122	3467	4504	3070	3334	2001	3421	2150	2488	1600	1839	2613	3849	2363	640	2595	3844	3108	765	3793	3208	2801	659	2884	3263	3238	542	3862
chr8	6904978	7245977	341000	7	0	341000	186009	154991	20865	9316	12833	12966	12583	12076	16358	12133	12701	7753	13828	9031	9831	6440	7575	9720	13777	9353	2262	10192	14565	11414	2468	14211	11225	9462	1953	10794	13582	12429	1905	15397
chr8	7245978	7282977	37000	8	0	37000	17404	19596	1351	1013	1433	862	1208	1351	1878	1004	1488	1107	1575	895	612	555	536	535	1372	1122	636	896	1651	1884	832	1801	1161	1393	596	1186	1257	1769	500	1539
chr8	7282978	7391977	109000	7	0	109000	62304	46696	7321	3049	4443	4945	4085	3618	4518	4150	4605	2457	3797	2967	3747	2261	2450	3890	4654	2640	806	3285	4054	3035	877	4114	3272	2559	655	2918	4391	3847	696	4892
chr8	7391978	7460977	69000	6	0	69000	39142	29858	4742	1831	2940	3013	2509	2236	3094	2473	2811	1477	2621	1766	2464	1339	1579	2246	2682	1701	389	2112	2697	2102	362	2844	2139	1763	296	2095	2794	2439	259	3183
chr8	7460978	7607977	147000	5	0	147000	79928	67072	8939	4033	5912	5769	5177	4732	6596	4814	5928	3585	5592	3736	4609	2892	3200	4413	5713	3722	1484	4323	5707	5217	1747	6067	4502	4135	1297	4316	5397	5664	1186	6594
chr8	7607978	7617127	9150	6	0	9150	4322	4828	374	189	323	228	272	343	535	280	302	248	452	194	166	115	151	150	283	279	82	251	464	479	136	470	357	377	104	350	326	414	64	390
chr8	7667128	7741977	74850	7	0	74850	36523	38327	3435	1924	2813	2002	2500	2794	3888	2185	2787	2015	3327	1758	1452	1135	1190	1317	2769	2189	972	1938	3406	3443	1290	3593	2578	2780	959	2523	2614	3320	787	3165
chr8	7741978	7972977	231000	6	0	231000	130154	100846	15464	6269	9478	10028	8231	7390	10084	8206	9515	5215	8612	5952	8029	4686	5307	7688	9183	5615	1733	7029	8727	7170	1890	9270	6979	5888	1448	6618	9021	8384	1325	10564
chr8	7972978	8009977	37000	5	0	37000	21925	15075	2640	1078	1544	1823	1470	1233	1452	1487	1591	771	1156	1067	1384	788	900	1540	1675	840	205	1150	1304	871	189	1277	1126	725	145	982	1536	1205	201	1643
chr8	8009978	8120977	111000	6	0	111000	58025	52975	6375	2996	4188	3694	4034	3954	5349	3678	4139	2702	4545	2873	2705	1975	2179	2637	4287	3124	1064	3153	4913	4282	1357	4805	3644	3580	1013	3493	4171	4371	908	4810
chr8	8120978	8172977	52000	5	0	52000	28692	23308	3377	1482	2107	2011	2007	1623	2354	1731	1873	1160	2102	1483	1720	1047	1256	1359	1874	1394	352	1692	2203	1668	378	2187	1564	1523	280	1573	2073	1851	328	2366
chr8	8172978	8213977	41000	4	0	41000	22529	18471	2603	1186	1609	1657	1530	1251	1945	1336	1544	909	1554	1085	1378	847	1019	1076	1530	1102	267	1293	1711	1388	371	1679	1275	1226	238	1297	1545	1433	256	1858
chr8	8213978	8279977	66000	3	0	66000	36238	29762	4338	1786	2500	2711	2392	2162	3144	2239	2387	1395	2539	1629	2218	1294	1485	2017	2487	1769	426	1955	2776	2205	558	2692	2175	2096	510	2163	2500	2161	430	2859
chr8	8279978	8318865	38888	2	0	38888	22001	16887	2854	1109	1635	1657	1475	1135	1759	1326	1563	779	1502	996	1364	769	888	1189	1433	931	214	1214	1516	1139	287	1522	1261	1045	245	1239	1485	1350	196	1809
chr8	8318872	8330983	12112	2	0	12112	6418	5694	696	303	446	469	428	434	575	395	400	240	528	280	390	211	267	356	422	300	94	371	513	458	134	522	446	432	106	446	451	438	82	477
chr8	8330984	8377352	46369	3	0	46369	27142	19227	3578	1419	1878	2168	1772	1367	1990	1668	1877	920	1609	1271	1817	1006	1140	1661	1837	1125	249	1501	1780	1169	263	1684	1342	1113	193	1293	1838	1489	211	2139
chr8	8377359	8648989	271631	3	0	271631	156559	115072	20032	7836	10744	12387	10188	8660	11804	9573	10780	5282	10066	7231	9999	5845	6581	9551	10689	6667	1585	8681	10390	7309	1639	10252	8280	6868	1388	7963	10866	8746	1448	12299
chr8	8648990	8773989	125000	4	0	125000	71934	53066	9172	3644	4713	5803	4741	3897	5399	4470	4705	2428	4510	3375	4715	2725	3182	4454	4843	3083	780	3988	4918	3242	860	4635	3869	3376	755	3698	4877	3954	705	5482
chr8	8773990	9245989	472000	3	0	472000	268767	203233	34788	13580	18710	20682	17663	15212	20534	16062	17801	9469	17476	12157	17509	10081	11525	15517	18259	11720	3176	15187	18232	13238	3488	18091	14556	12852	3101	14429	18424	15239	2703	20537
chr8	9245990	9338989	93000	4	0	93000	52139	40861	5953	2535	3911	3861	3426	2868	4194	3259	3791	1947	3753	2519	3089	1893	2303	2835	3430	2287	556	2970	3742	2866	571	3747	2861	2456	457	2908	3714	3317	442	4537
chr8	9338990	9599989	261000	5	0	261000	151539	109461	19634	7445	10296	12188	9676	8084	11126	9050	10088	5192	9364	7197	10165	5775	6742	9515	10346	6267	1554	8329	9923	6744	1712	9610	7452	6649	1373	7660	10215	8329	1369	11929
chr8	9599990	10112989	513000	6	0	513000	303223	209777	39879	15233	20883	25129	19333	15073	20589	18650	20434	9808	17311	13568	21478	12082	13578	20193	20422	11969	3029	16776	18434	13185	2971	18112	14884	11710	2578	14586	19906	15838	2490	22887
chr8	10112990	10430989	318000	7	0	318000	177824	140176	20320	8768	12711	13182	11175	11019	14487	11779	12454	6846	11405	8350	11032	6625	7556	10113	12854	8110	2379	9916	12837	9885	2181	12468	10353	8527	1761	9849	12416	10849	1865	13926
chr8	10430990	10512989	82000	6	0	82000	48099	33901	6129	2537	3144	3936	3172	2577	3440	3232	3340	1553	2631	2273	3106	1837	1954	3237	3516	1934	527	2527	3239	2191	402	2819	2468	1874	348	2258	3198	2653	381	3565
chr8	10512990	10855989	343000	5	0	343000	178797	164203	18978	8659	13059	11460	11232	12354	17658	11295	12591	7856	14291	8342	9355	5974	7224	8469	12923	9101	2690	10128	15108	13946	3547	15531	11765	11750	2794	11838	12743	13335	2267	14735
chr8	10855990	11063989	208000	6	0	208000	107679	100321	10582	5207	7966	6495	6846	7594	10851	7229	7691	4705	8816	5277	5131	3543	4433	5311	8023	5799	1464	5764	9624	8832	1738	9671	7218	7050	1450	7198	7655	8184	1218	9433
chr8	11063990	11166289	102300	5	0	102300	58489	43811	7421	2944	4197	4432	3728	3333	4505	3647	4093	2143	3652	2680	3752	2216	2453	3291	4118	2466	666	3386	3975	2858	659	3855	3105	2641	538	2974	4015	3382	581	4592
chr8	11166291	11211990	45700	5	0	45700	26681	19019	3581	1415	1866	2083	1723	1489	1833	1583	1734	853	1493	1128	1908	1125	1157	1708	1933	1112	289	1548	1669	1282	333	1595	1321	1144	304	1281	1706	1341	236	1925
chr8	11211991	11315990	104000	4	0	104000	60831	43169	7598	3073	4216	4910	3905	3297	4380	3740	4053	2046	3469	2717	4241	2463	2654	4067	4250	2570	640	3420	3920	2643	563	3780	3074	2444	509	3071	4078	3249	510	4448
chr8	11315991	11480990	165000	3	0	165000	88808	76192	10206	4486	6309	6193	5716	5838	8110	5449	6067	3611	6294	4072	5205	3028	3644	4579	6390	4400	1239	4934	7019	6176	1506	6921	5561	5244	1329	5428	6143	5803	1024	7074
chr8	11480991	11596990	116000	4	0	116000	60273	55727	6426	2872	4308	3897	3798	4467	6050	3999	4113	2642	4778	2687	3166	2075	2260	2733	4660	3198	858	3340	5290	4846	1093	5181	4083	3991	872	4094	4281	4375	783	4782
chr8	11596991	11782990	186000	3	0	186000	97485	88515	10914	4797	6958	6635	6303	6538	9186	5880	6810	3953	7735	4487	5278	3344	3863	4802	6916	4904	1445	5367	8143	7466	2196	8195	6293	6382	1886	6337	6555	7248	1339	7843
chr8	11782991	11910990	128000	2	0	128000	67288	60712	8068	3509	4654	4251	4455	4584	6564	3703	4273	2809	5303	3067	3686	2543	2886	2931	4698	3554	1052	4142	5727	4538	1430	5595	4151	4622	1227	4524	4731	4576	999	5146
chr8	11910991	12004990	94000	3	0	94000	51809	42191	5465	2451	3425	3957	3279	3422	4326	3155	3564	1923	3654	2642	2990	2052	2154	3350	3809	2500	677	2861	3814	3343	736	3808	2890	2484	686	2798	3669	3374	649	4091
chr8	12004991	12060990	56000	4	0	56000	31755	24245	3695	1549	2181	2568	2068	1809	2368	1968	2201	1152	2043	1549	2029	1167	1227	2181	2250	1396	391	1640	2165	1758	508	2115	1662	1473	385	1556	2136	1919	382	2507
chr8	12060991	12132990	72000	5	0	72000	43611	28389	5782	2064	2890	3908	2744	2138	2760	2806	3117	1441	2255	2013	3001	1575	1831	3285	3007	1597	355	2258	2518	1569	383	2319	1991	1442	322	1801	2932	2181	354	3359
chr8	12132991	12163990	31000	6	0	31000	18338	12662	2204	916	1319	1482	1219	1060	1232	1221	1319	640	997	902	1180	688	742	1215	1426	692	203	983	1072	691	165	1056	950	605	131	830	1284	996	157	1421
chr8	12163991	12234345	70355	5	0	70355	36606	33749	3894	1852	2450	2434	2457	2599	3668	2250	2393	1662	2842	1682	1886	1265	1422	1848	2780	1987	603	2008	3190	2728	814	3078	2396	2557	631	2398	2608	2538	534	2899
chr8	12284346	12360990	76645	4	0	76645	47357	29288	6430	2276	3169	4388	2992	2146	2709	2937	3299	1410	2289	2161	3542	1755	2057	3796	3155	1648	353	2431	2516	1653	389	2339	2064	1426	284	1870	3049	2171	354	3585
chr8	12360991	12462990	102000	5	0	102000	55484	46516	6025	2720	3791	3981	3623	3684	4894	3720	3800	2360	3825	2607	3070	2030	2120	3232	4338	2679	776	3001	4269	3369	983	4103	3327	3096	794	3189	3988	3580	687	4337
chr8	12462991	12765990	303000	6	0	303000	167828	135172	19446	8390	11455	12096	11156	10136	13675	10511	10980	6502	11433	8447	9806	6614	7095	10084	12198	8054	2134	9256	12347	10271	2550	12262	9282	8477	2067	8912	11651	10628	1855	13228
chr8	12765991	13254990	489000	7	0	489000	288699	200301	38222	14424	19546	23966	18743	14916	19580	17559	19082	9163	16843	13092	20110	11118	12687	19647	19527	11304	2863	15927	17804	12150	2922	17058	14211	11596	2594	14164	19256	14884	2533	21507
chr8	13254991	13546990	292000	8	0	292000	181490	110510	25212	8989	11924	16681	11352	8157	10366	11423	12355	5171	8848	8144	13887	6976	7985	14018	12232	5895	1502	9664	9462	5640	1105	8938	7798	5492	1104	7160	11806	8118	1233	13361
chr8	13546991	13699990	153000	9	0	153000	97221	55779	13469	4782	6328	9244	5956	3995	5047	6021	6482	2715	4381	4211	7916	3883	4324	8465	6499	3000	776	5101	4525	2784	550	4395	3900	2393	495	3572	6095	4077	605	7012
chr8	13699991	14681990	982000	10	0	982000	634947	347053	90748	31215	40075	63055	39157	24485	31027	40141	41623	16259	25814	27725	53565	26365	27966	55725	42309	18702	4405	32909	28369	16037	2899	26704	24185	14599	2628	21886	39947	24671	3420	43383
chr8	14681991	14742990	61000	9	0	61000	40109	20891	5827	1948	2415	4217	2428	1563	1751	2500	2514	961	1436	1727	3637	1646	1827	3710	2668	1148	285	2018	1679	926	171	1588	1486	850	166	1268	2409	1440	234	2555
chr8	14742991	15413990	671000	10	0	671000	426310	244690	59545	20966	27678	40884	26346	17373	22246	26684	28228	11446	19041	18762	34954	17627	18574	35954	28137	13171	3305	22799	20268	11859	2429	19327	17013	11104	2213	15588	27231	17749	2671	29826
chr8	15413991	15934990	521000	9	0	521000	327196	193804	45853	16785	21667	29828	20554	13899	18257	20148	21733	9148	14834	14262	25993	13955	14481	25797	22328	10705	2761	17993	16241	9530	1969	15433	13534	8963	1743	12626	20755	13975	2061	23187
chr8	15934991	16132990	198000	10	0	198000	123838	74162	16879	6151	8284	11352	7867	5340	6833	7884	8409	3434	5791	5470	9511	5085	5480	10066	8355	4081	978	6596	6345	3807	712	5930	5322	3445	610	4877	7902	5461	756	8985
chr8	16132991	16615990	483000	9	0	483000	312368	170632	44091	15272	20092	30943	19293	12047	15258	19718	21045	7954	12906	13774	25970	12711	13670	27623	20755	9110	2123	15996	13853	7900	1314	13134	11943	6900	1130	10794	19765	12291	1621	22002
chr8	16615991	16758990	143000	8	0	143000	90628	52372	12639	4479	5858	8596	5763	3855	4800	5663	6114	2414	4080	3893	7056	3684	3998	7734	6211	2811	713	4697	4300	2538	460	4107	3829	2344	439	3420	5741	3712	538	6512
chr8	16758991	16866990	108000	7	0	108000	67130	40870	9254	3259	4403	6293	4309	3039	3692	4200	4454	1862	3260	3003	5191	2694	2971	5244	4551	2282	518	3503	3565	2222	448	3216	2842	2031	426	2687	4282	2916	460	4921
chr8	16866991	17004990	138000	6	0	138000	85941	52059	11796	4415	5668	7837	5685	3730	4768	5477	5667	2454	3943	3959	6569	3382	3808	6781	5904	2949	639	4490	4579	2883	516	4090	3644	2478	475	3389	5533	3758	514	6218
chr8	17004991	17100990	96000	5	0	96000	60552	35448	8511	3038	3979	5655	3574	2455	3314	3600	3948	1614	2695	2674	5149	2580	2786	4979	3860	1962	485	3380	2906	1776	452	2832	2384	1712	405	2363	3793	2516	422	4199
chr8	17100991	17183990	83000	4	0	83000	50966	32034	7178	2516	3425	4691	3084	2233	3020	2931	3392	1433	2517	2225	4156	2092	2262	3810	3220	1700	478	2876	2659	1791	536	2644	2168	1758	511	2125	3220	2381	387	3579
chr8	17183991	17396990	213000	3	0	213000	130932	82068	18501	6849	8849	11363	8075	5986	7968	7999	8798	3742	6184	5700	10188	5459	5695	9576	8793	4720	1241	7282	7128	4370	1004	6742	5799	4163	869	5531	8308	5990	985	9141
chr8	17396991	18083990	687000	2	0	687000	412958	274042	56517	21116	27707	35076	26056	20294	26808	24303	27267	12666	21975	18334	30575	17095	17961	29207	27850	15736	4409	23176	23844	15590	4012	22946	18835	15168	3704	18529	26932	19898	3612	29800
chr8	18083991	18293990	210000	3	0	210000	126925	83075	16911	6419	8731	10604	8288	6292	8013	8027	8543	3934	6633	5854	8922	5067	5666	9019	8854	4833	1044	6981	7491	4609	868	6919	5960	4278	748	5526	8316	6167	864	9617
chr8	18293991	18378903	84913	4	0	84913	52624	32289	7146	2604	3621	4704	3435	2487	3040	3278	3662	1464	2499	2413	3831	2118	2218	4103	3799	1799	339	2736	2830	1812	269	2680	2240	1510	194	2042	3371	2469	278	3920
chr8	18378904	18570989	192086	4	0	192086	114431	77655	15159	5847	7976	9583	7579	5654	7572	7176	7952	3595	6439	5233	7875	4437	4945	7408	7893	4480	1012	6148	6973	4581	914	6750	5495	4205	738	5246	7620	5953	858	8788
chr8	18570990	18733989	163000	5	0	163000	99005	63995	13380	5163	6869	8328	6125	4639	6293	6176	6757	2942	4955	4449	7479	4123	4429	6897	6844	3625	944	5454	5515	3617	728	5397	4460	3285	585	4437	6414	4730	701	7258
chr8	18733990	18767989	34000	6	0	34000	20793	13207	2822	1108	1420	1776	1246	941	1294	1181	1432	583	1028	952	1626	914	902	1567	1376	819	217	1134	1130	684	194	1135	849	641	174	858	1307	999	173	1516
chr8	18767990	18902989	135000	5	0	135000	81604	53396	10759	4233	5647	6762	5230	3962	5268	4998	5485	2571	4207	3640	5927	3432	3659	5824	5706	3035	779	4678	4631	2884	646	4403	3709	2759	541	3720	5412	3885	626	5980
chr8	18902990	19262989	360000	4	0	360000	212745	147255	27426	10685	14854	17496	13627	10819	14559	13190	14427	6903	12392	9497	14981	8358	9212	14319	14510	8399	2008	11848	13151	8880	1937	12884	10174	8391	1618	10234	14360	11183	1625	16051
chr8	19262990	19270207	7218	3	0	7218	4255	2963	556	229	315	330	273	221	291	233	287	146	256	185	313	162	183	274	299	168	36	255	248	195	43	284	199	167	17	177	272	240	34	328
chr8	19270208	19403988	133781	3	0	133781	76832	56949	9391	3834	5394	5835	4910	4235	6000	4940	5269	2735	4769	3586	4884	3050	3389	4611	5484	3184	707	4479	5091	3635	756	5134	4144	3333	647	3994	5365	4465	584	5945
chr8	19403989	19535988	132000	4	0	132000	75179	56821	8941	3828	5359	5510	4785	4464	5896	4996	5267	2690	4809	3607	4646	2868	3183	4329	5582	3236	798	4234	5131	3717	725	5076	4131	3264	586	3967	5297	4433	673	5970
chr8	19535989	19774988	239000	5	0	239000	141078	97922	18220	7150	9849	11433	9011	7218	9814	8817	9507	4547	7998	6437	9915	5762	6300	9099	9694	5634	1317	8032	8822	5887	1151	8704	6917	5495	1017	6763	9427	7548	1051	10462
chr8	19774989	19923988	149000	6	0	149000	88959	60041	11823	4502	6052	7568	5799	4291	5864	5655	6028	2738	4868	4017	6294	3517	3873	6068	5953	3568	774	4753	5533	3606	699	5134	4296	3362	614	4098	5827	4436	715	6673
chr8	19923989	20061988	138000	7	0	138000	82477	55523	10635	4137	5659	7073	5442	4045	5406	5261	5584	2631	4489	3842	5843	3217	3636	5576	5766	3131	686	4447	4939	3293	655	4736	3906	3063	595	3760	5543	4136	618	6248
chr8	20061989	20370988	309000	8	0	309000	170189	138811	19539	8151	12187	12155	10756	10380	14556	10574	11537	6540	12562	7915	10200	6359	7399	9378	11826	8020	1880	9704	12859	10436	2086	12971	9714	8938	1840	9982	11866	10958	1682	14048
chr8	20370989	20699988	329000	9	0	329000	186379	142621	20485	9159	13546	13785	12083	11025	14699	12391	13003	6849	12632	8863	11404	6721	8204	11529	13585	8174	1621	10374	13281	9691	1544	13148	10223	8350	1167	10116	13109	11449	1344	15444
chr8	20699989	20902988	203000	10	0	203000	117004	85996	13222	5777	8526	9180	7741	6140	8785	7504	8215	4132	7558	5612	7526	4323	5312	7449	7957	4954	1032	6429	7876	5540	856	7959	6217	4821	721	6117	8120	6916	805	9676
chr8	20902989	21140988	238000	9	0	238000	133594	104406	14605	6398	10015	9670	8649	7654	10980	8856	9505	5163	9365	6349	7930	4802	5783	7869	9371	6091	1131	7423	9823	7438	1061	9827	7664	6044	833	7317	9281	8576	949	11576
chr8	21140989	21333988	193000	8	0	193000	110430	82570	12927	5285	7821	8405	7101	6283	8407	7225	7475	4065	7150	5280	6935	4187	4819	7063	7986	4620	920	6294	7708	5875	931	7641	5731	4673	649	5571	7591	6987	702	8691
chr8	21333989	21443988	110000	7	0	110000	62611	47389	7188	3167	4506	4831	4147	3406	4944	4126	4568	2263	4106	2819	3789	2188	2751	3810	4442	2722	480	3380	4395	3446	451	4452	3445	2746	360	3313	4342	3830	423	5162
chr8	21443989	21561988	118000	6	0	118000	65473	52527	6927	3125	4837	4750	4120	4113	5482	4578	4792	2427	4726	3154	3801	2303	2771	3565	4829	3029	600	3510	4951	3903	519	5037	3843	3153	432	3622	4670	4325	457	5647
chr8	21561989	21647253	85265	5	0	85265	46699	38566	4851	2292	3507	3222	3138	2882	4084	3150	3219	1884	3363	2278	2664	1628	2036	2500	3383	2260	442	2601	3721	2986	431	3702	2826	2387	299	2782	3324	3208	308	3905
chr8	21647254	21673987	26734	5	0	26734	14511	12223	1529	676	1030	1055	915	942	1283	931	1047	550	1189	661	798	501	606	797	1039	687	132	811	1204	1012	139	1197	824	766	99	865	1003	1087	122	1235
chr8	21673988	21773987	1e+05	4	0	1e+05	48460	51540	4155	2157	3712	2530	3024	4133	5677	3134	3430	2375	4935	2227	1945	1398	1848	1779	3735	2913	733	2682	5050	5013	928	5412	3684	4005	742	3675	3498	4472	593	4404
chr8	21773988	21844933	70946	3	0	70946	35016	35930	3305	1613	2609	2013	2260	2549	3858	2088	2481	1636	3445	1684	1494	1118	1523	1339	2494	1956	481	1984	3374	3417	777	3656	2455	2761	705	2623	2432	3090	551	3173
chr8	21844935	21844988	54	3	0	54	21	33	1	1	2	0	2	4	1	1	0	1	2	2	1	0	1	0	2	3	1	0	4	7	1	4	1	4	0	1	2	2	0	1
chr8	21844989	21977988	133000	2	0	133000	73142	59858	8898	3684	5064	5294	4659	4501	6332	4318	4828	2666	5212	3302	4555	2779	3128	3922	5103	3464	809	4254	5529	4568	1048	5594	4221	4172	914	4172	4957	4535	801	5715
chr8	21977989	22109191	131203	1	0	131203	64696	66507	6891	2970	4610	3711	3990	4757	7169	3685	4224	2881	6010	2850	3077	2315	2748	2808	4379	3795	985	3764	6238	6624	1723	6600	4503	5545	1525	4859	4481	5222	949	5313
chr8	22109196	22306986	197791	1	0	197791	94868	102923	9604	4267	6673	5089	6008	7816	11112	5518	5869	4520	9361	4279	4152	3214	3704	3682	6819	5818	1646	5533	9838	10402	2762	10214	7118	8876	2447	7419	6679	8121	1545	7684
chr8	22306987	22421986	115000	2	0	115000	62378	52622	8156	3148	4016	4411	4068	4011	5634	3357	3840	2306	4792	2786	3667	2274	2657	3254	4127	3116	833	3663	4989	3742	1141	4807	3668	3946	1016	3848	4286	3874	784	4781
chr8	22421987	22881986	460000	1	0	460000	237876	222124	26340	11330	17320	15239	14797	16201	23089	14213	16179	9674	19744	10805	12913	8225	9951	11855	16137	12731	3164	13398	20825	20471	5176	21561	15079	16889	4348	15942	16260	17943	2996	19203
chr8	22881987	23245986	364000	2	0	364000	195810	168190	23235	9603	13531	13603	12597	12751	17929	11822	12883	7867	14828	8970	11257	6908	7828	10197	13872	9934	2334	10989	15843	13456	3219	16091	11590	11950	2686	11676	13794	13269	2127	15359
chr8	23245987	23474986	229000	3	0	229000	121001	107999	13827	5863	8561	8086	7762	8352	11586	7241	8138	5201	9440	5476	6610	4279	4899	5679	8870	6250	1811	6764	10041	8577	2248	10090	7573	7700	1972	7847	8456	8429	1585	9785
chr8	23474987	23610986	136000	4	0	136000	74210	61790	8855	3660	5341	5088	4863	4652	6539	4463	4994	2921	5374	3291	4231	2713	3106	4118	5200	3664	912	4169	5784	4615	1023	5880	4428	4169	934	4431	5105	4854	741	5880
chr8	23610987	23743986	133000	5	0	133000	76304	56696	9727	3775	5456	6060	4988	3958	5513	4572	5337	2696	4936	3488	4966	2805	3240	4786	5121	3212	785	4116	5034	3857	987	5122	3858	3328	1026	3792	5017	4603	722	6115
chr8	23743987	23903986	160000	6	0	160000	93994	66006	11711	4573	6794	7358	6095	4802	6427	6062	6536	3108	5790	4240	6094	3625	4175	6604	6396	3777	757	5178	6057	4350	616	5988	4647	3537	498	4529	6285	5347	551	7491
chr8	23903987	24004986	101000	7	0	101000	60356	40644	7719	2874	4322	5037	3913	2898	3996	3763	4212	1904	3452	2892	4108	2233	2763	4270	3975	2204	458	3272	3619	2392	372	3588	2956	2158	340	2850	4020	3217	398	4823
chr8	24004987	24267986	263000	8	0	263000	165675	97325	22656	8121	11434	15436	10625	6729	8985	10417	11378	4739	7486	7412	12988	6713	7418	13137	11046	5350	1013	8893	8381	5100	697	7955	6694	4254	567	6359	10635	7429	835	12116
chr8	24267987	24354986	87000	9	0	87000	55178	31822	7551	2789	3565	5175	3390	2330	2984	3535	3721	1474	2441	2463	4418	2290	2455	4597	3836	1810	356	2881	2715	1534	267	2493	2206	1364	202	2057	3482	2301	303	4013
chr8	24354987	24635986	281000	8	0	281000	177073	103927	24123	8817	11558	16570	11349	7381	9550	11499	11902	4882	8041	8060	13694	7176	8048	14422	12023	5812	1177	9244	8936	5193	808	8456	7428	4603	650	6711	11392	7785	923	12785
chr8	24635987	24791986	156000	7	0	156000	96040	59960	12885	4663	6630	8510	6116	4342	5791	6216	6646	2787	4994	4392	7040	3698	4284	7044	6463	3330	628	5069	5159	3201	442	5024	4422	2826	391	4185	6421	4469	509	7421
chr8	24791987	24902986	111000	6	0	111000	68299	42701	8897	3301	4663	6270	4436	3000	4113	4321	4709	2126	3463	3072	5089	2552	3090	5197	4597	2344	458	3580	3710	2392	353	3622	3024	2082	255	2913	4538	3259	358	5214
chr8	24902987	24953551	50565	5	0	50565	29017	21548	3576	1384	2191	2305	1795	1491	2073	1811	2035	993	1874	1310	2050	1031	1235	1862	1872	1175	273	1579	1850	1477	372	1982	1540	1319	389	1506	1908	1710	290	2305
chr8	24953552	24999031	45480	5	0	45480	27042	18438	3684	1261	1858	2289	1607	1351	1780	1749	1831	798	1508	1272	1970	1033	1172	1878	1741	997	235	1470	1571	1087	301	1554	1409	1015	329	1319	1766	1415	253	1975
chr8	24999032	25005984	6953	5	0	6953	3793	3160	474	191	305	289	237	180	324	200	310	153	251	165	238	119	167	190	231	158	42	212	249	273	106	242	221	203	97	245	238	236	57	348
chr8	25005985	25132984	127000	4	0	127000	74568	52432	9682	3623	5198	6175	4894	3803	5292	4613	5176	2443	4482	3376	4926	2786	3276	4822	4978	3020	575	4082	4772	3347	614	4681	3837	2976	491	3580	5014	4071	488	5905
chr8	25132985	25193839	60855	3	0	60855	35792	25063	4725	1789	2227	2979	2298	1922	2463	2143	2228	1096	2034	1514	2469	1367	1575	2962	2477	1385	385	1927	2300	1510	446	2082	1789	1607	444	1838	2260	1836	325	2451
chr8	25193840	25230983	37144	3	0	37144	21591	15553	2652	1009	1422	1675	1435	1223	1571	1432	1361	739	1311	998	1310	920	861	1671	1644	849	234	1164	1427	937	217	1331	1146	969	186	1039	1444	1157	177	1631
chr8	25230984	25410983	180000	4	0	180000	103710	76290	13006	5108	6994	8081	6565	5959	7880	6525	6834	3554	6458	4826	6784	4134	4532	6470	7279	4453	1102	5921	7031	4733	1041	6682	5513	4583	911	5367	7105	5718	955	7894
chr8	25410984	25927983	517000	5	0	517000	307958	209042	41114	15470	21377	25866	20268	15089	20464	19239	21139	9830	17373	14113	21306	11441	13292	20576	20717	12068	2511	16534	19222	12976	2285	18177	14633	11270	1892	14301	20487	16346	2128	23494
chr8	25927984	26012983	85000	4	0	85000	49141	35859	6322	2448	3456	3959	3166	2617	3629	3180	3419	1642	2945	2155	3278	1700	2018	3206	3363	1930	473	2641	3270	2539	458	3151	2770	2087	431	2584	3189	2862	438	3672
chr8	26012984	26094983	82000	3	0	82000	45060	36940	5470	2302	3274	3276	2984	2643	3622	2787	3134	1714	3141	2070	2734	1578	1867	2463	3053	2119	519	2545	3446	2894	788	3261	2604	2383	754	2513	2933	2993	549	3585
chr8	26094984	26457983	363000	2	0	363000	210061	152939	27192	10632	14175	16627	13764	11643	15579	12649	13560	7045	13089	9444	14108	8230	9140	13182	14610	8953	1989	11998	13999	9851	2124	13573	10798	9281	1878	10747	14228	11462	1783	15665
chr8	26457984	26599983	142000	3	0	142000	79560	62440	9901	3818	5564	6002	5225	4602	6318	4877	5294	2898	5397	3757	4865	2856	3359	4826	5426	3502	839	4407	5796	4534	1106	5636	4465	4062	1015	4305	5335	4974	746	6291
chr8	26599984	26665236	65253	4	0	65253	34754	30499	3832	1714	2442	2279	2158	2449	3309	2302	2347	1470	2706	1614	1930	1201	1340	1661	2633	1765	469	1967	2912	2396	509	2919	2142	2105	402	2141	2531	2472	364	2770
chr8	26665237	26707982	42746	4	0	42746	24711	18035	3018	1224	1860	1856	1594	1322	1785	1590	1761	857	1509	1111	1583	936	1154	1549	1748	983	211	1397	1621	1204	181	1668	1295	1037	191	1261	1627	1450	179	1982
chr8	26707983	26800982	93000	5	0	93000	54394	38606	6665	2642	3754	4549	3594	2873	3892	3715	3738	1837	3255	2556	3613	1936	2316	3457	3786	2187	397	2918	3652	2581	344	3378	2871	2148	261	2696	3765	3039	358	4225
chr8	26800983	27091982	291000	6	0	291000	176843	114157	23576	8707	12219	15656	11544	8347	11041	11277	12239	5437	9034	8061	12799	6555	7617	12733	12113	6387	1246	9300	10331	6537	1152	9551	8251	5878	940	7699	11513	8769	1128	13361
chr8	27091983	27194982	103000	5	0	103000	63019	39981	8388	3122	4219	5654	4046	2958	3710	4209	4290	1849	3174	2872	4659	2401	2717	4749	4355	2219	462	3294	3672	2340	384	3276	2822	2008	353	2609	4074	3105	367	4641
chr8	27194983	27288982	94000	4	0	94000	53229	40771	6390	2563	3726	4025	3370	3007	4175	3448	3684	1876	3668	2530	3260	1831	2156	3519	3678	2294	480	2825	3793	3098	489	3825	2961	2406	431	2732	3569	3407	440	4342
chr8	27288983	27407982	119000	3	0	119000	64037	54963	6857	3156	4712	4265	4119	4037	5913	4311	4476	2523	4918	3045	3538	2268	2680	3217	4516	3179	623	3666	5253	4485	760	5301	4039	3690	604	3885	4573	4445	573	5371
chr8	27407983	27544982	137000	2	0	137000	71264	65736	7052	3361	5322	4535	4593	4859	7193	4631	4956	3095	5908	3442	3669	2295	3020	3332	5005	3871	795	3940	6421	5809	971	6562	4722	4641	731	4866	5128	5441	757	6075
chr8	27544983	27679982	135000	1	0	135000	69820	65180	6876	3241	5083	4503	4453	4724	7031	4692	4838	2961	5807	3538	3536	2202	2941	3393	4793	3702	818	3815	6387	5757	1193	6359	4665	4836	964	4747	5056	5401	745	5941
chr8	27679983	27807982	128000	2	0	128000	76381	51619	10567	3787	5279	6337	4850	3608	5110	4490	5101	2375	4192	3520	5452	3016	3501	5194	4974	2991	624	4197	4664	3235	635	4553	3453	2940	577	3588	4967	3921	556	5744
chr8	27807983	27928982	121000	1	0	121000	67368	53632	8215	3322	4783	4881	4310	3861	5609	4188	4530	2469	4715	3124	4146	2448	2925	3841	4560	3107	688	3745	4985	4076	756	5158	3799	3505	610	3804	4624	4287	602	5325
chr8	27928983	28223982	295000	2	0	295000	165631	129369	19939	8382	11555	12339	10752	9577	13743	10482	11275	5997	11138	7738	10249	6121	7075	9269	11512	7521	1726	9318	12103	9189	1738	11985	9365	8177	1403	9183	11574	10127	1421	13025
chr8	28223983	28371982	148000	1	0	148000	81092	66908	9294	4047	5827	5788	5463	5006	7141	5112	5599	3092	5798	3808	4601	2876	3429	4210	5672	3864	940	4545	6390	4856	1001	6204	4993	4411	832	4902	5666	5320	767	6544
chr8	28371983	28763982	392000	2	0	392000	223976	168024	30379	11020	14909	17624	14391	12496	17123	12857	14282	7379	14590	10084	14880	8729	9600	13633	15018	9597	2373	12636	15073	11052	3101	14991	11636	11224	2957	12029	15138	12344	2287	16566
chr8	28763983	29086982	323000	3	0	323000	192898	130102	26354	9743	13182	16017	11923	9463	12940	11605	12700	6060	10351	8542	14319	7885	8586	13228	13053	7444	1693	10961	11410	7926	1948	11144	8948	7564	1599	8757	12519	9495	1442	14197
chr8	29086983	29576830	489848	2	0	489848	280990	208858	35111	13880	19248	21937	18096	15936	21175	16597	18409	9579	17950	13364	18560	11241	12089	17818	19689	12175	2818	15954	18859	14063	3178	18918	14232	12633	2893	14142	19024	16147	2685	21446
chr8	29576832	29622983	46152	2	0	46152	25459	20693	2838	1261	1914	1764	1673	1571	2080	1668	1857	971	1876	1231	1408	834	1127	1385	1804	1169	241	1423	1913	1553	284	2006	1440	1284	199	1441	1835	1749	224	2127
chr8	29622984	29711983	89000	1	0	89000	51970	37030	6026	2476	3707	4106	3298	2784	3695	3587	3647	1795	3240	2375	3344	1923	2227	3740	3627	2074	404	2872	3426	2383	335	3302	2763	2042	278	2465	3548	2947	332	4230
chr8	29711984	30062983	351000	2	0	351000	202593	148407	24492	9775	14311	16118	13444	11238	15160	13198	14068	7101	12825	9574	12691	7302	8684	12610	14188	8685	1598	10945	14009	9739	1512	13379	10650	8507	1207	10420	14193	11708	1431	16236
chr8	30062984	30491118	428135	1	0	428135	245171	182964	32588	12216	16235	19029	16069	14028	18766	14494	15239	8196	15718	11406	16172	9566	10659	14789	16929	10753	2382	13942	17194	11619	2876	16281	12866	12049	2616	12897	16368	13549	2384	18258
chr8	30491119	30502982	11864	1	0	11864	7097	4767	943	370	471	587	441	350	491	399	466	225	384	326	521	300	349	474	512	268	50	414	397	304	58	433	304	261	42	321	468	358	48	527
chr8	30502983	30692982	190000	2	0	190000	109619	80381	14912	5519	7384	8509	6947	6169	8360	6337	6962	3652	6752	4822	7503	4439	4745	6605	7488	4791	1169	6331	7448	4881	1255	7130	5577	5199	1154	5770	7301	5843	1034	8010
chr8	30692983	30756982	64000	1	0	64000	34931	29069	4775	1748	2253	2437	2348	2276	3060	1778	2032	1257	2647	1566	2058	1365	1532	1799	2261	1807	459	2119	2726	1925	639	2720	2034	2196	550	2129	2440	2082	456	2524
chr8	30756983	30763323	6341	2	0	6341	3532	2809	535	155	208	262	217	210	296	199	179	132	254	169	229	118	157	212	212	154	42	207	272	182	56	261	179	238	61	209	259	196	41	238
chr8	30763325	30844983	81659	2	0	81659	48276	33383	6779	2365	3046	4089	3100	2473	3332	2773	2946	1419	2761	2179	3455	1998	2122	3437	3159	1898	452	2746	3084	1934	570	2841	2277	2215	531	2371	3159	2382	461	3303
chr8	30844984	30944983	1e+05	3	0	1e+05	61651	38349	8966	3070	4074	5525	3965	2734	3734	3614	3988	1706	3021	2750	4716	2541	2664	4583	4012	2177	457	3405	3405	2122	409	3180	2693	2013	425	2584	3937	2804	401	4323
chr8	30944984	31112983	168000	4	0	168000	104515	63485	15067	5167	6817	9743	6636	4590	5928	6170	6775	2779	4958	4547	8317	4230	4581	8208	6694	3597	732	5743	5576	3368	790	5262	4382	3393	672	4217	6672	4638	686	7063
chr8	31112984	31209983	97000	5	0	97000	60197	36803	8694	3024	4069	5441	3724	2592	3533	3432	3993	1707	2977	2595	4817	2499	2690	4408	3980	2004	500	3339	3060	1937	415	3111	2447	1862	384	2491	3794	2720	431	4328
chr8	31209984	31334983	125000	6	0	125000	75304	49696	10016	3731	5150	6538	4985	3606	4804	4783	5100	2264	3968	3513	5334	2929	3443	5140	5131	2894	490	4014	4636	2987	493	4261	3507	2674	370	3392	4904	3822	421	5698
chr8	31334984	31451983	117000	7	0	117000	71449	45551	9535	3639	4846	6176	4838	3234	4434	4509	4805	2180	3565	3278	5018	2785	3310	5297	4820	2755	426	3837	4295	2644	313	3812	3220	2210	240	3149	4680	3456	335	5357
chr8	31451984	31591983	140000	8	0	140000	87401	52599	11996	4334	5847	8093	5807	3596	4910	5549	6084	2496	4099	3939	6383	3374	4035	6858	5767	3116	479	4438	4810	2845	369	4273	3646	2424	306	3507	5639	3912	394	6673
chr8	31591984	31988983	397000	9	0	397000	248680	148320	33715	12317	16728	22994	15783	10385	13748	16294	17136	6867	11590	11319	19119	10053	11277	19353	16897	8186	1431	13108	12541	7611	1263	12185	10580	6655	1175	9776	16192	11148	1297	18275
chr8	31988984	32524452	535469	10	0	535469	329415	206054	44254	16297	22684	29229	21264	14741	19670	20839	22514	9732	16804	14876	24432	12819	14893	24366	22128	11459	2258	17744	17877	11074	1626	17786	14683	10244	1421	13826	21825	15586	1821	24695
chr8	32524453	32539127	14675	10	0	14675	9067	5608	1258	429	619	803	552	421	525	560	592	273	450	390	707	393	423	671	640	316	67	493	472	265	70	477	370	288	60	384	577	415	51	662
chr8	32539128	32634796	95669	10	0	95669	59742	35927	8407	2885	4111	5638	3654	2453	3392	3659	4057	1647	2779	2649	4922	2357	2605	4526	3805	1951	397	3189	2963	1890	418	2971	2544	1807	425	2434	3845	2594	400	4293
chr8	32634797	32676109	41313	10	0	41313	26051	15262	3628	1287	1773	2430	1597	1070	1407	1707	1781	710	1203	1157	2112	1060	1152	1976	1694	825	187	1421	1251	749	152	1202	1118	681	107	1022	1718	1098	146	1890
chr8	32676111	32862981	186871	10	0	186871	116265	70606	16057	5769	7799	10573	7406	5096	6641	7501	7747	3350	5521	5246	8987	4508	5275	8788	7748	3940	808	6226	6129	3677	585	5862	5163	3367	468	4768	7604	5269	611	8380
chr8	32862982	33126981	264000	9	0	264000	163113	100887	21635	8093	11192	14445	10673	7182	9638	10360	11198	4867	7954	7621	11859	6460	7724	12211	10938	5843	912	8909	9021	5400	697	8407	6992	4723	571	6833	10902	7559	820	12359
chr8	33126982	33270981	144000	8	0	144000	88594	55406	11608	4454	6010	7956	5864	3930	5162	5749	6097	2606	4466	4169	6459	3374	4105	6584	5928	3175	551	4710	4980	3080	428	4646	3809	2723	399	3637	5988	4156	446	6749
chr8	33270982	33434981	164000	7	0	164000	97371	66629	12550	4682	6593	8049	6272	5022	6552	6096	6458	3006	5743	4510	6594	3620	4229	7393	6412	3962	694	5262	6285	4040	686	5942	4687	3796	571	4574	6558	5155	665	7340
chr8	33434982	33631981	197000	6	0	197000	108143	88857	14445	5034	7215	7823	7007	6776	9252	6046	6653	3825	8178	4935	6412	4046	4700	5794	6960	5355	1094	6273	8545	5913	1710	8430	6227	6670	1669	6420	7349	6660	1359	8223
chr8	33631982	33694981	63000	7	0	63000	35140	27860	4387	1723	2374	2631	2376	2179	2867	2223	2197	1167	2458	1631	2155	1295	1483	1993	2304	1761	296	2003	2805	1995	405	2542	2038	1935	312	2010	2499	2056	271	2627
chr8	33694982	33767981	73000	8	0	73000	42090	30910	5119	2042	3031	3324	2922	2233	3068	2753	2824	1462	2653	2003	2651	1545	1894	2566	2919	1802	323	2238	2935	2061	289	2860	2228	1880	247	2185	2894	2403	281	3363
chr8	33767982	33994981	227000	9	0	227000	137895	89105	18248	6843	9556	12073	9199	6427	8632	8858	9453	4063	7204	6355	9821	5215	6168	9778	9286	5140	785	7337	8327	5195	627	7616	6477	4533	554	6152	9026	6897	698	10455
chr8	33994982	35582981	1588000	10	0	1588000	990681	597319	133994	48749	67206	90832	63601	43030	55883	62459	67386	27843	47883	44891	75800	38625	44577	77922	66363	33395	5998	52491	51623	31280	4725	49487	42445	27867	3847	39794	64542	44573	5110	73777
chr8	35582982	35612981	30000	9	0	30000	18276	11724	2421	971	1227	1539	1258	882	1106	1238	1228	566	883	786	1251	721	841	1357	1378	692	112	958	1025	663	107	993	892	571	70	799	1189	862	105	1307
chr8	35612982	35906981	294000	10	0	294000	179101	114899	23352	8839	12226	15652	11525	8328	11346	11604	12107	5539	9280	8308	13085	6976	8249	12684	12234	6488	1225	9735	10018	6215	974	9773	8403	5788	797	8014	12148	8490	1016	13580
chr8	35906982	36103981	197000	9	0	197000	119985	77015	15425	5955	8406	10278	8043	5396	7507	7621	8198	3805	6227	5637	8398	4612	5738	8738	8145	4462	591	6569	7012	4371	523	6608	5419	3831	386	5230	7991	5850	554	9472
chr8	36103982	36304981	201000	8	0	201000	124234	76766	16724	6048	8199	11432	8096	5442	7481	7985	8391	3724	6149	5686	9191	4737	5556	9391	8293	4390	677	6591	6835	4161	579	6428	5521	3702	479	5160	8355	5750	639	9206
chr8	36304982	36494981	190000	7	0	190000	116814	73186	15456	5683	7887	10569	7555	5221	6929	7585	8031	3490	6056	5401	8553	4423	5337	8637	7940	3930	766	6181	6503	3806	639	6060	5203	3558	612	5009	7645	5714	661	8958
chr8	36494982	36535024	40043	6	0	40043	23901	16142	2827	1151	1811	1997	1486	1121	1618	1587	1813	757	1355	1157	1660	897	1078	1585	1580	888	139	1320	1441	1040	103	1428	1151	773	86	1110	1640	1312	126	2004
chr8	36535026	36535047	22	6	0	22	15	7	1	2	0	1	1	0	0	4	1	1	0	1	0	0	1	0	3	0	0	0	1	0	0	0	0	0	0	0	1	1	0	1
chr8	36535049	36590981	55933	6	0	55933	34342	21591	4643	1697	2357	3080	2262	1523	2085	2231	2324	1031	1673	1524	2549	1364	1536	2461	2361	1247	192	1815	1940	1297	161	1830	1592	1055	99	1450	2209	1629	158	2556
chr8	36590982	36686981	96000	5	0	96000	59888	36112	8007	2930	4111	5471	3861	2586	3399	3842	4165	1720	2886	2742	4486	2330	2727	4623	3927	2039	341	3260	3174	1787	250	2996	2589	1674	196	2365	3998	2707	307	4502
chr8	36686982	36776981	90000	4	0	90000	55620	34380	7496	2783	3794	5073	3690	2403	3285	3506	3775	1629	2712	2525	4184	2133	2463	4168	3723	1958	342	2925	3077	1849	263	2883	2502	1664	240	2312	3582	2601	325	4133
chr8	36776982	36873981	97000	3	0	97000	60640	36360	8454	3029	4092	5601	3871	2558	3383	3721	4191	1656	2880	2801	4660	2276	2739	4727	4000	2006	420	3093	3078	1873	327	3076	2533	1698	264	2463	3922	2777	367	4462
chr8	36873982	37054981	181000	2	0	181000	110341	70659	14462	5370	7877	9710	7136	4980	6820	7051	7889	3280	5908	4964	7933	4117	4797	8045	7302	3934	661	5850	6295	4110	498	6251	5059	3536	415	4706	7331	5574	542	8595
chr8	37054982	37216981	162000	1	0	162000	95125	66875	11602	4697	6821	7837	6283	4780	6727	6299	6849	3161	5726	4446	6222	3424	3982	6268	6575	3667	756	5064	6108	4290	615	5991	4819	3705	528	4574	6586	5342	627	7627
chr8	37216982	37599981	383000	2	0	383000	212534	170466	23673	10283	15779	15408	13935	12868	17707	13855	15049	7984	15055	10011	12486	7208	9130	12102	15191	9454	1990	11707	15980	12974	2097	15835	12612	10539	1741	12246	14583	13919	1714	17883
chr8	37599982	38047981	448000	1	0	448000	233626	214374	27403	11128	16450	14961	15221	16206	22680	13429	14788	9471	19983	10819	12531	7970	9518	11067	16062	12435	2903	13375	20358	17721	4592	20900	14885	16614	4113	15354	16231	16800	3028	19002
chr8	38047982	38388981	341000	2	0	341000	196345	144655	27910	9739	12657	15305	12479	10556	14872	10701	11646	6300	12279	8665	13576	8103	8578	12979	12781	8512	1995	11410	13366	9044	2786	12778	9845	10106	2735	10405	12616	10311	2170	13793
chr8	38388982	38623981	235000	3	0	235000	123935	111065	14413	5918	8709	8224	8022	8517	11969	7271	8223	4911	10088	5693	6606	4253	5179	5938	8474	6550	1424	7151	10763	9076	2081	10695	7807	8127	1840	8160	8735	8863	1379	9939
chr8	38623982	38885981	262000	2	0	262000	147810	114190	18826	7409	10506	11112	9871	8514	11780	8848	10022	5214	10051	6677	9134	5289	6172	8385	10369	6481	1380	8196	10509	7992	1753	10453	8030	7363	1520	8179	10105	8871	1307	11680
chr8	38885982	38969667	83686	3	0	83686	44942	38744	5407	2183	3029	3048	2820	3015	4159	2752	2878	1745	3493	2026	2561	1623	1864	2338	3167	2300	529	2570	3677	3077	684	3651	2742	2726	659	2819	3160	2986	491	3505
chr8	38969668	39132980	163313	3	0	163313	99828	63485	14300	5107	6348	8631	6311	4678	6131	6183	6404	2927	4855	4470	7372	4120	4458	7532	6868	3662	806	5496	5632	3425	849	5282	4413	3487	838	4070	6390	4614	709	6943
chr8	39132981	39418980	286000	4	0	286000	181006	104994	25758	8890	11519	17225	11739	7513	9918	11182	12006	4837	7811	8205	13890	7129	8013	15370	12267	5943	1012	9147	9425	5415	820	8239	7331	4817	769	6949	11329	7723	881	12926
chr8	39418981	39849980	431000	5	0	431000	280085	150915	40668	13704	17243	28176	18099	10813	13354	17939	17864	6958	10753	12441	23160	11295	11940	25677	18969	8418	1456	13927	13248	7186	1042	11315	10743	6431	932	9232	17245	10756	1198	18816
chr8	39849981	39918980	69000	4	0	69000	41443	27557	5955	2139	2829	3514	2811	1889	2782	2335	2584	1349	2291	1819	3087	1555	1741	2761	2760	1616	261	2295	2505	1709	312	2448	1893	1575	265	1875	2660	2074	284	3025
chr8	39918981	40341980	423000	5	0	423000	255693	167307	34854	12650	17229	22345	16522	12165	16444	15675	17351	7749	13982	11694	18352	9691	11232	17756	16981	9508	2081	13685	14834	9297	1843	14300	11876	8995	1679	11452	17115	12474	1737	19450
chr8	40341981	40431980	90000	4	0	90000	52484	37516	6493	2544	3689	4190	3391	2686	3870	3355	3583	1733	3252	2490	3449	1961	2379	3419	3555	2183	366	2820	3371	2353	379	3477	2792	2099	329	2734	3584	2945	368	4159
chr8	40431981	40573980	142000	5	0	142000	84046	57954	10614	4243	5889	6930	5529	4148	5799	5494	6040	2778	4969	3964	5492	2966	3725	5464	5698	3270	606	4561	5250	3550	541	5123	4156	3010	447	3991	5866	4634	544	6707
chr8	40573981	40764980	191000	6	0	191000	115385	75615	15238	5555	8001	9926	7495	5737	7461	7386	7950	3661	6188	5333	8038	4311	5082	8021	8056	4160	813	6236	6691	4298	632	6455	5627	3775	575	5165	7705	5843	708	8876
chr8	40764981	40965980	201000	7	0	201000	114402	86598	13943	5518	8207	8827	7289	6649	8905	7587	8263	3967	7448	5222	7000	4036	4639	6900	8199	4853	1069	6050	7870	6125	1089	7943	6645	4952	869	6034	7716	7097	915	9172
chr8	40965981	41198980	233000	6	0	233000	131251	101749	16196	6503	9519	9781	8880	7506	10824	8050	9255	4754	9150	6241	7669	4376	5429	7116	9005	5868	1114	7153	9545	6968	1193	9423	7408	6338	1055	7279	9302	7955	1076	11067
chr8	41198981	41335980	137000	5	0	137000	72716	64284	8014	3563	5298	4781	4778	4976	7084	4734	5076	2968	5719	3331	3788	2371	2871	3362	5435	3552	769	4124	6128	5157	1032	6015	5007	4397	876	4698	5002	5226	731	6135
chr8	41335981	41440980	105000	4	0	105000	61297	43703	8177	2990	4197	5147	4032	3141	4307	3722	4266	1931	3842	2837	4036	2188	2564	3920	4090	2474	505	3180	4111	2987	543	3991	2930	2630	450	2934	4071	3540	460	4805
chr8	41440981	41620980	180000	3	0	180000	101117	78883	13015	5083	6775	7498	6583	5896	8205	6125	6411	3622	6739	4772	6362	3924	4333	5773	6977	4632	1120	5795	7326	5292	1423	7075	5518	5346	1290	5544	6988	5846	1071	7639
chr8	41620981	41660439	39459	2	0	39459	18554	20905	1740	848	1317	1008	1120	1520	2349	1124	1248	931	1882	795	804	556	713	597	1321	1145	318	1071	1851	2177	657	2098	1589	1819	481	1521	1352	1642	292	1571
chr8	41660441	41708981	48541	2	0	48541	23320	25221	2139	1052	1767	1189	1461	2078	2761	1474	1604	1186	2317	1047	944	646	874	780	1771	1376	450	1364	2315	2355	665	2448	1923	2030	468	1901	1765	2022	361	2006
chr8	41708982	42143981	435000	3	0	435000	241098	193902	29897	11915	16553	17924	15328	14471	20236	14548	15983	8775	16876	10884	15081	8827	10284	13516	16571	10881	2839	13697	17650	14140	3707	17417	14011	13080	3371	14018	16350	14812	2539	18817
chr8	42143982	42353981	210000	2	0	210000	113078	96922	13685	5506	7671	7789	7169	7283	10549	6673	7189	4489	8622	5392	6608	4136	4742	5574	7705	5628	1420	6661	9046	7079	1965	9084	6932	7027	1719	6964	7992	7440	1384	8875
chr8	42353982	42511936	157955	3	0	157955	87928	70027	11625	4336	5877	6456	5446	5311	7243	5095	5740	3047	6404	3893	5483	3333	3717	4920	5802	4027	1107	5091	6361	4508	1440	6463	4953	4926	1308	4957	5979	5311	1063	6731
chr8	42511956	42517368	5413	3	0	5413	3146	2267	390	173	214	219	178	172	256	174	200	101	199	167	227	130	151	194	204	138	31	203	201	134	27	198	160	113	26	165	215	175	22	254
chr8	42517369	42519443	2075	3	0	2075	1218	857	168	55	66	112	72	68	88	79	74	38	66	56	85	51	55	83	82	50	10	70	90	51	12	72	51	58	16	61	84	66	12	72
chr8	42519444	42520008	565	3	0	565	354	211	63	18	26	32	26	11	16	23	19	12	11	12	30	10	17	27	21	11	0	19	25	15	3	15	12	18	2	16	18	14	1	20
chr8	42520009	42520414	406	3	0	406	225	181	48	10	10	15	12	15	16	13	7	5	19	9	18	10	9	7	14	14	1	11	19	13	7	18	8	18	5	13	15	12	1	12
chr8	42522790	42522841	52	3	0	52	21	31	0	1	1	2	1	0	4	0	2	0	5	0	1	1	2	0	0	1	0	1	2	2	0	7	1	5	1	3	2	3	1	1
chr8	42522849	42522888	40	3	0	40	29	11	8	0	0	3	0	3	1	2	0	0	0	1	4	0	1	4	1	2	0	0	2	0	0	1	2	1	0	1	1	0	0	0
chr8	42522891	42522907	17	3	0	17	7	10	0	0	0	0	0	0	1	1	0	0	1	1	0	1	1	0	1	0	0	0	1	1	1	0	0	1	1	0	0	0	0	3
chr8	42522910	42524788	1879	3	0	1879	1102	777	151	53	79	104	74	58	72	57	66	27	66	48	97	38	34	77	64	46	9	57	79	55	15	58	57	56	12	61	61	51	20	75
chr8	42524789	42525581	793	3	0	793	455	338	65	15	21	40	23	34	42	23	22	15	39	23	31	17	17	27	27	27	6	21	31	18	3	28	29	15	3	31	35	20	4	39
chr8	42525583	42526672	1090	3	0	1090	615	475	81	32	29	42	33	32	59	35	37	23	45	36	32	28	23	47	42	31	8	34	41	36	6	42	27	29	8	30	49	29	12	50
chr8	42526673	42527381	709	3	0	709	376	333	61	13	18	31	22	29	38	20	15	13	31	10	24	21	12	17	20	26	4	26	34	20	10	27	26	28	13	29	29	16	7	17
chr8	42527383	42528311	929	3	0	929	557	372	97	29	26	42	25	29	31	29	29	11	35	24	43	28	30	47	36	27	5	29	31	21	11	33	19	24	14	23	28	24	10	37
chr8	42528313	42528352	40	3	0	40	16	24	1	0	1	0	0	3	1	0	0	1	0	0	2	2	4	0	0	2	1	2	3	3	2	1	1	3	1	3	0	1	0	0
chr8	42528354	42528966	613	3	0	613	330	283	60	11	19	29	18	13	29	21	19	8	28	21	22	10	7	15	9	13	3	17	26	20	10	27	25	28	9	18	20	23	12	21
chr8	42528967	42722356	193390	3	0	193390	107341	86049	13914	5196	7151	8028	6981	6609	9213	6271	6765	3897	7543	4995	6629	3878	4466	5804	7276	5072	1130	6101	8292	5742	1549	7740	6149	5999	1436	6362	7357	6510	1163	8170
chr8	42722357	42864356	142000	4	0	142000	79701	62299	10814	3925	5172	6054	5098	4872	6584	4562	4883	2744	5523	3747	5170	2907	3338	4307	5377	3594	920	4557	5809	3993	1177	5501	4460	4391	1067	4554	5470	4503	920	6005
chr8	42864357	43201356	337000	5	0	337000	193996	143004	27036	9642	12295	15612	12366	10603	14352	11215	11774	6358	12181	8790	13409	7829	8425	12107	12908	8324	2065	11135	12951	9052	3011	12348	9846	9679	2711	9870	12831	10307	2065	13901
chr8	43201357	43418356	217000	6	0	217000	132289	84711	18447	6668	8682	11489	8750	6207	8340	8392	8755	3858	6406	5887	9334	5394	5505	10174	9361	4851	979	6936	7682	4872	1016	6759	6216	4481	907	5744	8430	6124	858	9494
chr8	43418357	43961356	543000	7	0	543000	331102	211898	53685	19236	23486	25100	22500	17836	20837	18161	28385	7681	16787	18144	16937	8746	13733	19846	23814	10463	2168	17054	18676	13502	1819	16750	12821	9456	1297	13080	24023	17326	1690	27959
chr8	43961357	43983744	22388	8	0	22388	13749	8639	1996	973	991	952	1070	661	841	739	1519	304	694	737	326	413	634	897	1029	254	262	806	613	239	110	506	667	186	139	574	1002	789	189	1274
chr8	45927266	45929877	2612	9	0	2612	1579	1033	224	115	113	106	128	78	103	84	170	43	81	96	35	44	69	88	126	32	38	84	75	22	16	62	77	21	19	71	116	100	25	149
chr8	45929878	46111877	182000	8	0	182000	105866	76134	16457	6023	8104	7076	7330	6762	7878	5596	9763	2757	6050	4982	4110	2801	4397	5780	7957	3281	1114	5991	5953	5030	983	6299	5748	4349	911	4965	7908	5605	864	9174
chr8	46111878	46600877	489000	9	0	489000	261103	227897	35469	13376	20066	16148	16605	17418	25541	13847	21362	9218	18788	11260	11623	7426	10336	12619	20472	10001	3284	13681	18584	21327	4172	21763	16156	17079	3767	16982	18200	17439	2685	22304
chr8	46600878	46843877	243000	8	0	243000	146296	96704	18635	7420	9528	12412	10118	7610	9589	9884	9423	4749	7402	6817	9819	5661	6521	10707	10844	6034	827	7735	9107	5598	682	8262	7192	5127	598	6307	10059	6890	705	10736
chr8	46843878	46948877	105000	7	0	105000	57665	47335	5583	2679	4043	3968	3884	3998	5265	4165	3674	2459	3997	2771	3132	2042	2420	3584	4836	2803	388	3151	4479	3416	391	4607	3612	3223	323	3204	4385	3452	300	4764
chr8	46948878	46964212	15335	6	0	15335	8203	7132	783	356	549	581	502	560	796	564	530	353	626	442	455	262	350	493	583	406	78	464	659	642	106	678	536	461	69	498	644	575	51	681
chr8	46964213	47107876	143664	6	0	143664	87679	55985	12055	4496	5865	7484	5875	3945	5627	5590	5891	2665	4283	3992	6078	3351	3863	6618	5936	3354	529	4638	5311	3202	404	4627	4035	2883	361	3873	5754	4105	472	6500
chr8	47107877	47218876	111000	5	0	111000	64127	46873	8394	3191	4199	5146	4068	3699	4843	4077	4200	2167	3848	2904	4267	2396	2702	4025	4578	2784	623	3467	4367	3077	668	4113	3507	2827	582	3160	4235	3537	495	4852
chr8	47223008	47277313	54306	5	0	54306	31466	22840	4191	1629	1946	2450	2054	1791	2271	1974	1937	1089	1913	1428	2033	1211	1384	2164	2207	1409	294	1810	2094	1417	391	1987	1602	1424	382	1456	2187	1639	279	2261
chr8	47277319	47278096	778	5	0	778	421	357	64	34	24	22	32	26	40	25	15	17	33	8	33	12	16	19	39	20	4	26	34	22	6	33	29	30	9	32	22	23	5	22
chr8	47278097	47280394	2298	5	0	2298	1267	1031	195	50	93	85	81	87	125	64	91	48	86	48	58	44	59	51	86	57	12	74	96	53	16	102	82	84	9	87	93	73	7	100
chr8	47280395	47302361	21967	5	0	21967	13473	8494	1780	700	890	1165	873	652	863	849	938	414	618	642	945	569	612	962	988	525	110	712	751	410	83	662	597	397	73	573	901	574	102	1035
chr8	47302363	47302390	28	5	0	28	18	10	4	2	2	0	1	0	0	2	3	0	0	0	2	0	0	0	0	1	0	1	2	1	0	0	1	1	0	0	0	0	2	1
chr8	47302392	47302560	169	5	0	169	90	79	16	8	7	1	6	4	8	0	9	4	17	3	2	1	3	0	4	1	4	8	4	0	3	8	3	2	0	9	7	12	3	10
chr8	47302562	47302587	26	5	0	26	18	8	4	1	2	0	1	0	0	2	0	0	0	1	1	3	1	1	2	1	0	1	1	0	0	1	0	0	0	0	0	0	0	1
chr8	47302588	47302638	51	5	0	51	27	24	4	1	2	0	2	3	1	5	0	3	0	3	0	2	0	0	3	4	2	0	3	2	0	1	2	0	0	0	3	1	0	2
chr8	47302644	47302810	167	5	0	167	86	81	8	10	3	4	8	2	16	2	5	5	6	3	3	2	2	5	6	8	0	5	10	2	1	10	8	4	1	7	5	9	0	5
chr8	47302812	47302886	75	5	0	75	29	46	0	1	0	0	0	2	6	2	0	4	6	0	1	4	3	0	2	3	0	5	4	8	0	6	1	4	0	1	3	3	1	3
chr8	47302888	47302974	87	5	0	87	38	49	1	2	3	0	2	4	7	2	3	3	7	2	0	1	1	0	2	3	1	4	4	4	1	3	4	1	0	5	4	5	0	6
chr8	47303005	47303045	41	5	0	41	19	22	3	3	0	0	2	0	4	1	1	0	1	0	1	0	0	1	1	2	1	0	2	4	0	2	4	2	1	1	0	0	0	2
chr8	47303046	47303091	46	5	0	46	17	29	0	0	1	0	1	2	4	0	0	1	5	0	0	1	1	0	2	1	0	1	2	0	0	5	3	4	2	3	1	2	0	2
chr8	47303093	47303147	55	5	0	55	26	29	2	2	4	1	4	2	3	1	2	0	1	0	1	2	1	0	2	2	0	2	6	1	0	3	1	3	0	4	1	2	0	0
chr8	47303167	47303222	56	5	0	56	24	32	1	1	1	1	3	1	6	1	0	1	4	2	0	0	2	0	1	0	0	2	0	0	1	2	7	2	1	7	3	1	1	2
chr8	47303501	47307556	4056	5	0	4056	2505	1551	360	123	146	230	153	133	151	161	150	76	120	104	196	120	91	189	188	110	18	136	155	73	16	137	90	90	16	72	165	108	14	163
chr8	47307557	47317337	9781	5	0	9781	5977	3804	804	314	414	478	359	274	371	384	429	180	275	261	418	276	287	453	432	219	33	360	326	207	47	314	250	179	47	244	379	289	47	429
chr8	47317338	47317393	56	5	0	56	24	32	1	1	1	1	3	1	6	1	0	1	4	2	0	0	2	0	1	0	0	2	0	0	1	2	7	2	1	7	3	1	1	2
chr8	47317413	47317467	55	5	0	55	26	29	2	2	4	1	4	2	3	1	2	0	1	0	1	2	1	0	2	2	0	2	6	1	0	3	1	3	0	4	1	2	0	0
chr8	47317469	47317514	46	5	0	46	18	28	0	1	1	0	1	2	4	0	1	1	4	0	0	1	1	0	2	1	0	2	3	1	0	5	2	5	0	1	1	2	0	2
chr8	47317516	47317556	41	5	0	41	20	21	2	1	2	1	2	0	4	0	2	0	2	0	1	0	0	1	0	2	0	0	2	1	0	4	4	2	0	2	0	2	0	2
chr8	47317580	47317666	87	5	0	87	37	50	1	2	4	0	1	3	8	0	5	4	7	0	0	1	1	0	1	4	1	4	4	4	0	4	3	1	1	5	3	4	2	7
chr8	47317670	47317748	79	5	0	79	35	44	2	2	1	0	1	3	3	2	0	2	6	0	3	4	5	0	3	3	0	5	2	7	2	5	2	4	0	2	2	2	1	3
chr8	47317749	47317911	163	5	0	163	77	86	5	9	2	2	4	5	18	1	7	4	8	3	2	2	2	2	7	6	0	7	6	3	3	11	10	2	1	7	6	12	0	4
chr8	47317913	47317963	51	5	0	51	29	22	4	1	2	0	2	2	1	2	0	2	1	5	0	2	1	3	1	2	2	2	3	2	0	1	0	0	0	0	3	3	0	2
chr8	47317965	47317990	26	5	0	26	17	9	4	1	2	0	1	1	0	1	0	0	0	2	1	1	1	1	1	2	0	0	2	0	0	1	0	0	0	0	0	0	0	2
chr8	47317992	47318070	79	5	0	79	44	35	12	4	1	1	1	3	5	0	4	0	9	1	1	0	1	0	3	1	0	3	3	0	0	5	2	1	0	3	2	6	0	5
chr8	47318072	47318105	34	5	0	34	17	17	2	2	2	0	3	1	1	0	1	2	2	0	0	0	0	0	1	0	2	2	1	0	2	0	0	0	0	2	2	3	0	1
chr8	47318107	47318160	54	5	0	54	29	25	2	2	4	0	2	0	1	0	4	1	6	2	1	1	2	0	0	0	1	3	0	0	1	3	0	1	0	3	3	3	2	4
chr8	47318162	47318201	40	5	0	40	26	14	8	3	3	0	2	0	0	2	4	0	0	0	2	0	0	0	0	2	0	1	3	1	0	1	1	1	0	0	0	1	2	1
chr8	47318210	47318367	158	5	0	158	90	68	5	5	7	7	3	4	6	11	12	3	5	6	4	3	5	2	2	4	3	6	6	1	1	5	5	3	0	6	11	5	4	6
chr8	47318378	47331966	13589	5	0	13589	8356	5233	1179	437	575	679	543	411	486	518	566	241	399	394	581	350	394	601	582	337	78	442	514	232	41	405	360	257	46	339	502	366	63	669
chr8	47331990	47342328	10339	5	0	10339	6444	3895	958	379	390	543	404	320	364	435	426	170	272	262	483	272	293	472	505	243	40	353	365	207	32	306	275	184	29	226	378	276	41	434
chr8	47342329	47363199	20871	5	0	20871	12275	8596	1719	654	770	978	785	677	882	783	810	406	686	590	808	469	536	721	893	502	141	670	783	477	123	693	612	478	121	611	839	619	133	900
chr8	47363200	47368343	5144	5	0	5144	2913	2231	381	161	213	198	183	174	245	171	215	105	184	112	175	118	134	143	215	148	27	168	213	143	21	212	173	113	19	163	172	185	25	233
chr8	47368348	47389688	21341	5	0	21341	12808	8533	1791	684	888	1043	811	654	895	715	862	390	672	524	941	510	589	838	878	504	91	765	768	486	81	754	599	500	77	582	830	599	75	943
chr8	47389689	47393673	3985	5	0	3985	2373	1612	369	119	169	180	133	130	160	143	180	76	132	94	153	100	110	123	178	98	26	123	146	78	24	139	102	82	17	117	140	129	21	192
chr8	47393679	47405291	11613	5	0	11613	6606	5007	816	329	521	500	476	363	499	407	501	264	432	319	374	218	254	332	458	287	76	352	492	325	55	447	350	286	41	321	445	421	64	586
chr8	47405292	47522937	117646	5	0	117646	70563	47083	9347	3742	4704	5873	4729	3533	4787	4412	4790	2286	3668	3158	4800	2790	3125	4819	5152	2765	595	3838	4282	2587	489	3900	3368	2459	462	3283	4659	3447	532	5263
chr8	47522938	47666937	144000	4	0	144000	85936	58064	11689	4383	5723	7042	5513	4425	5855	5352	5633	2713	4647	3856	6003	3449	3818	5834	6036	3381	719	4834	5336	3243	674	4944	4186	3346	595	3921	5587	4227	690	6344
chr8	47666938	47762688	95751	3	0	95751	53397	42354	7025	2719	3559	3982	3451	3351	4516	3144	3428	1913	3592	2290	3381	1941	2219	2885	3825	2424	606	3069	3972	2856	848	3612	3131	2941	750	3096	3533	3067	514	4109
chr8	47762690	47865938	103249	3	0	103249	59603	43646	8354	3033	3780	4721	3816	3425	4564	3550	3760	1974	3458	2711	3959	2385	2484	3628	4262	2533	709	3313	3907	2666	784	3784	3150	2790	754	3090	4036	3153	615	4099
chr8	47865939	47893255	27317	2	0	27317	16101	11216	2281	778	1074	1341	1073	827	1233	912	1052	522	877	675	1069	658	645	1082	1157	593	166	869	979	594	165	971	868	731	164	833	1042	791	137	1156
chr8	47893257	48117939	224683	2	0	224683	127587	97096	17673	6377	8060	9802	8228	7425	10076	7249	7608	4315	8427	5776	8403	5135	5451	7581	8621	5797	1461	7372	9013	6163	1819	8702	6809	6760	1725	6726	8535	6977	1401	9214
chr8	48117940	48199939	82000	3	0	82000	45424	36576	5555	2339	3200	3269	3085	2831	3795	2836	3213	1628	3194	2033	2510	1552	1920	2464	3282	2071	471	2526	3474	2560	542	3413	2706	2435	483	2543	3085	2924	432	3627
chr8	48199940	48307939	108000	4	0	108000	62338	45662	7750	3232	4476	4859	4242	3409	4749	4048	4270	2152	3535	2803	4055	2223	2790	3744	4508	2645	465	3398	4333	3082	462	4082	3532	2675	377	3341	4075	3557	400	4729
chr8	48307940	48430939	123000	5	0	123000	69412	53588	8451	3433	4898	5327	4592	4123	5520	4675	4998	2484	4398	3301	4068	2341	2887	3914	5033	3063	646	3639	4995	3835	769	4780	4035	3305	600	3706	4847	4176	581	5578
chr8	48430940	48692939	262000	6	0	262000	147733	114267	17657	7554	10387	11254	9785	8875	12141	9724	10327	5360	9362	6651	9083	5248	5870	8453	11005	6324	1551	8157	10524	7999	1673	9955	8665	7062	1427	8224	10331	8766	1179	11425
chr8	48692940	48695004	2065	7	0	2065	1112	953	120	52	72	71	65	77	118	73	68	40	79	58	63	47	54	54	84	44	13	75	88	72	11	81	82	63	13	82	79	73	7	85
chr8	48695006	48982940	287935	7	0	287935	167277	120658	20549	8221	11642	13612	10926	9441	12301	11275	11538	5679	9488	7635	11011	6216	6905	10838	12427	6695	1514	8921	10881	7792	1602	10321	9421	6835	1474	8434	11214	9274	1192	12659
chr8	48982941	49148940	166000	8	0	166000	102796	63204	13775	5215	6925	9518	6849	4625	6061	6418	6981	2920	4883	4755	7828	3847	4511	7683	7143	3474	620	5370	5493	3489	524	5221	4660	2974	450	4246	6657	4790	550	7543
chr8	49148941	49351940	203000	9	0	203000	128628	74372	17923	6363	8433	12289	8233	5564	6798	8306	8735	3426	5712	5692	10117	5002	5599	10434	8981	4036	783	6555	6274	3750	573	5957	5390	3304	431	4773	8256	5464	587	9258
chr8	49351941	49637246	285306	8	0	285306	180472	104834	25443	8864	11582	17352	11668	7641	9762	11200	11702	5021	8032	7852	14428	6965	7738	15221	12277	5759	1046	9409	8976	5464	891	8539	7516	4892	752	6706	11502	7755	889	12460
chr8	49637247	49763939	126693	8	0	126693	79154	47539	10752	3912	5294	7386	5121	3421	4513	5030	5447	2287	3587	3500	6026	3020	3552	6304	5434	2565	512	4129	4080	2539	356	3905	3437	2196	341	3224	5134	3580	419	5688
chr8	49763940	49868939	105000	7	0	105000	66925	38075	9172	3311	4448	6411	4249	2854	3450	4291	4508	1771	2915	2879	5413	2605	2922	5724	4646	2098	325	3473	3176	1971	239	3102	2731	1628	206	2407	4291	2791	238	4753
chr8	49868940	50240939	372000	8	0	372000	237014	134986	33373	11863	15257	23007	15445	9912	12390	15363	15885	6401	10052	10552	18797	9177	10284	19256	16388	7202	1406	12355	11566	6398	1054	10407	9874	5927	910	8607	15282	9898	1096	16614
chr8	50240940	51061009	820070	9	0	820070	529119	290951	75697	26005	33879	52498	33754	21090	26491	33514	35134	13631	21503	22846	43493	20759	22814	46010	36094	15693	2933	26765	24538	13354	2068	22287	21002	12481	1726	18895	33214	20719	2441	36740
chr8	51061011	51061051	41	9	0	41	30	11	8	1	1	5	3	0	1	2	1	0	1	1	3	1	2	0	1	0	0	1	0	0	0	0	3	0	0	1	1	0	0	2
chr8	51061053	51576939	515887	9	0	515887	320725	195162	44191	15888	21099	29775	20684	14546	18521	20025	21331	9114	15083	14365	24746	12413	13744	25199	22037	10799	2160	16965	16766	10556	2116	15659	14049	9626	1663	12872	20924	14116	1902	22951
chr8	51576940	51722939	146000	8	0	146000	90523	55477	12024	4361	5951	8389	5782	4199	5297	5938	6013	2562	4302	4053	6906	3497	3901	7348	6356	3005	609	4649	4849	2923	489	4457	4187	2853	460	3708	5823	3938	532	6637
chr8	51722940	51862939	140000	7	0	140000	86141	53859	12133	4315	5831	7675	5434	3925	5208	5346	5735	2617	4261	3681	6652	3386	3798	6142	5902	2993	593	4756	4657	2968	529	4559	3776	2766	483	3583	5578	3986	529	6201
chr8	51862940	52077939	215000	6	0	215000	129748	85252	17667	6565	8737	11167	8512	6194	8322	7968	8545	4056	6839	5639	9412	5062	5812	9250	8803	4957	987	7130	7601	4985	1003	7315	6149	4578	834	5830	8444	6384	816	9435
chr8	52077940	52162939	85000	7	0	85000	51232	33768	6907	2447	3523	4637	3256	2615	3338	3142	3503	1510	2733	2270	3849	1967	2042	3491	3539	1835	425	2740	2960	1985	421	2837	2463	1858	364	2325	3389	2525	368	3734
chr8	52162940	53252939	1090000	8	0	1090000	657578	432422	88192	33239	44638	56893	42603	32009	42540	41069	44214	20185	34676	29571	47953	25088	28786	45921	45124	24447	4911	36039	38604	25098	4918	36422	31169	23242	4335	29466	43324	32255	4354	48713
chr8	53252940	53467939	215000	7	0	215000	130568	84432	17494	6690	9092	11285	8604	5992	8273	8178	8877	4066	6721	5774	9587	4872	5700	9361	8897	4996	760	6967	7773	4962	731	7314	6035	4323	568	5668	8342	6499	759	9838
chr8	53467940	53622939	155000	6	0	155000	89819	65181	10801	4582	6304	7093	6023	4979	6752	5890	6068	3067	5480	4161	5888	3242	3924	5564	6393	3847	616	5014	6121	4197	675	5634	4919	3650	544	4793	6211	4932	615	7019
chr8	53622940	53817939	195000	5	0	195000	116917	78083	15668	6090	7882	9940	7684	5933	7879	7100	7790	3661	6271	5191	8438	4575	5084	7729	8350	4501	923	6485	6960	4485	893	6559	5596	4208	813	5397	7690	5703	843	8677
chr8	53817940	54213939	396000	4	0	396000	230475	165525	31616	11538	14602	18615	15007	12325	16611	13445	14284	7227	13972	10464	15463	9402	10137	15766	15422	9743	2254	13073	15132	10210	3004	14264	11530	10723	2709	11514	15304	11934	2237	16471
chr8	54213940	54289939	76000	5	0	76000	42964	33036	5454	2094	2889	3350	2824	2643	3469	2554	2772	1520	2935	1982	2736	1568	1760	2412	3057	1897	436	2435	3154	2158	454	2986	2320	2121	435	2374	2960	2576	415	3258
chr8	54289940	54366939	77000	6	0	77000	44977	32023	5871	2249	3166	3663	2885	2424	3141	2740	3084	1416	2864	1982	3109	1698	1915	2769	3031	1806	394	2555	2945	2025	410	2818	2242	1843	377	2230	2972	2524	367	3483
chr8	54366940	54517939	151000	7	0	151000	87987	63013	11710	4379	5864	7315	5684	4577	6211	5283	5893	2891	5142	3969	5980	3321	3694	6073	5933	3599	882	4754	5715	4081	1200	5325	4404	3816	1139	4269	5703	4824	805	6563
chr8	54517940	54647939	130000	8	0	130000	78333	51667	10204	3977	5354	6660	5102	3777	5097	4954	5402	2467	4279	3607	5487	3038	3391	5536	5446	2981	573	4259	4583	2951	552	4434	3623	2611	448	3450	5278	3978	521	5978
chr8	54647940	55371939	724000	9	0	724000	442557	281443	58317	21779	30180	39428	28207	20861	27438	28620	30388	13494	22482	19748	32792	16891	19556	32375	30409	15634	3048	23934	24668	15586	2530	23495	20684	14027	2252	19063	29364	21032	2552	33164
chr8	55371940	55493354	121415	8	0	121415	71563	49852	8977	3515	4892	6094	4608	3657	5077	4574	4989	2401	4153	3273	4904	2590	3161	4696	4920	2766	605	3872	4382	2987	637	4335	3664	2774	563	3531	4950	3814	507	5545
chr8	55493356	55508940	15585	8	0	15585	9225	6360	1206	427	594	798	628	456	684	598	598	332	490	410	593	347	401	662	661	351	58	492	593	437	54	531	504	345	46	457	608	482	52	688
chr8	55508941	55592940	84000	7	0	84000	50415	33585	6649	2477	3503	4366	3319	2551	3328	3174	3557	1666	2684	2249	3470	1816	2146	3459	3560	1888	363	2699	2997	2016	343	2883	2419	1728	284	2249	3396	2607	322	3830
chr8	55592941	55684940	92000	6	0	92000	54673	37327	7140	2906	3710	4548	3883	2672	3706	3688	3766	1777	3022	2537	3515	1967	2400	3434	3863	2217	358	2884	3570	2185	308	3252	2748	2018	232	2590	3769	2895	326	4112
chr8	55684941	55788940	104000	5	0	104000	62867	41133	8958	3106	4197	5316	3971	3011	4007	3636	3875	1888	3338	2713	4772	2566	2769	4743	4115	2435	436	3585	3720	2510	501	3579	2775	2431	450	2782	4015	2934	499	4365
chr8	55788941	56087940	299000	4	0	299000	170142	128858	22716	8258	11049	13285	10918	9995	13344	10074	10531	5585	11529	7506	11143	6681	7322	10204	11509	7519	1740	9751	11916	8151	2148	11529	9295	8721	1904	9524	11612	9353	1746	12440
chr8	56087941	56179940	92000	5	0	92000	55383	36617	7782	2721	3638	4932	3473	2677	3499	3292	3594	1628	2816	2513	4223	2156	2458	3979	3628	2084	493	2977	3222	2263	589	3109	2626	2115	552	2407	3465	2721	448	3918
chr8	56179941	56287940	108000	6	0	108000	64377	43623	8565	3262	4559	5521	4255	3158	4146	3893	4485	1954	3426	2870	4602	2481	2799	4400	4320	2504	535	3496	3852	2872	630	3722	3196	2340	548	2872	4085	3359	451	4840
chr8	56287941	56401940	114000	7	0	114000	68518	45482	9174	3437	4718	5866	4789	3387	4422	4231	4623	2165	3607	3129	4608	2541	2983	4836	4767	2681	448	3634	4240	2681	429	3900	3240	2422	374	3142	4583	3466	421	5054
chr8	56401941	56547940	146000	8	0	146000	86680	59320	11313	4282	6059	7335	5776	4440	5808	5480	6005	2828	4947	3982	5895	3155	3637	5737	6137	3237	732	4599	5282	3557	711	5050	4281	3214	701	4056	5803	4592	620	6747
chr8	56547941	56956940	409000	9	0	409000	251549	157451	33463	12549	17111	22822	16248	11416	15117	15925	17575	7438	12729	11139	18659	9201	11108	19048	17075	8709	1593	13227	13857	8948	1270	13346	11274	7694	1111	10465	16500	12071	1282	19028
chr8	56956941	57391940	435000	8	0	435000	257724	177276	32771	12889	17828	21400	16567	12984	17827	16327	17408	8445	14288	11655	18142	9898	11222	18072	18064	9903	2174	14076	15528	10946	2330	15166	12992	10019	2096	12185	17121	13101	1836	19738
chr8	57391941	57487940	96000	7	0	96000	59083	36917	7962	2955	4100	5231	3889	2588	3501	3717	4015	1722	2933	2681	4382	2223	2612	4571	3966	2055	381	3086	3284	2192	285	3159	2557	1881	215	2505	3889	2792	273	4396
chr8	57487941	57704940	217000	6	0	217000	133954	83046	17869	6512	9282	12134	8691	5985	8085	8386	9374	3878	6669	6057	9863	4825	5700	10643	8852	4534	826	6988	7347	4480	631	7087	6021	4211	479	5611	8927	6319	682	10050
chr8	57704941	57907940	203000	7	0	203000	125977	77023	16981	6237	8672	11443	8138	5674	7476	8071	8748	3698	5950	5499	9466	4804	5537	9581	8755	4188	772	6698	6742	3969	600	6279	5654	3753	473	5244	8208	5680	593	9415
chr8	57907941	58068940	161000	6	0	161000	98511	62489	13232	4906	6707	8861	6140	4575	6223	6029	6738	2878	4961	4394	7597	3857	4464	6948	6552	3470	696	5498	5347	3449	644	5252	4512	3221	557	4319	6556	4552	577	7286
chr8	58068941	58312940	244000	5	0	244000	146877	97123	19097	7455	10159	12598	9367	7092	9765	9386	10275	4511	7800	6555	10570	5611	6373	10262	10225	5369	1069	8006	8646	5711	992	8223	6993	5112	845	6790	9746	7380	938	11077
chr8	58312941	58613940	301000	6	0	301000	185960	115040	25401	9325	12355	16926	11855	8331	11000	11587	12402	5381	8810	8273	14349	7456	8169	14338	12607	6431	1363	10092	10171	6210	1306	9302	8093	5918	1091	7590	11902	8430	1184	13350
chr8	58613941	58732940	119000	7	0	119000	72039	46961	9803	3554	4910	6280	4628	3350	4465	4389	4747	2247	3732	3204	5370	2977	3160	5221	4899	2722	606	3901	4216	2727	668	3962	3111	2637	516	3066	4606	3487	498	5339
chr8	58732941	58872940	140000	8	0	140000	86449	53551	11521	4306	5929	7971	5637	3818	5098	5594	5947	2581	4102	3913	6622	3344	3779	6286	5893	2956	636	4563	4725	2936	454	4468	3822	2593	363	3598	5707	4098	459	6279
chr8	58872941	59097940	225000	9	0	225000	140248	84752	19181	6881	9450	13116	8775	6064	7946	8909	9584	3991	6642	6222	11088	5493	6329	10576	9143	4554	1030	7702	7233	4281	805	6934	6061	4055	739	5775	9257	6364	862	9956
chr8	59097941	59898940	801000	10	0	801000	510599	290401	72249	25540	33601	49068	33093	20615	26194	32193	34618	13500	21732	22411	40497	20261	22734	42292	34654	16115	2968	26179	25099	14419	2280	22676	20309	12725	1879	18837	32033	21215	2443	36569
chr8	59898941	60031940	133000	9	0	133000	83709	49291	11285	4128	5663	8000	5429	3481	4570	5447	5812	2371	3875	3755	6550	3191	3688	6462	5635	2700	507	4329	4309	2542	316	3936	3534	2192	260	3218	5450	3669	381	6313
chr8	60031941	60141940	110000	8	0	110000	68246	41754	8949	3395	4711	6277	4536	3087	3948	4514	4725	1944	3233	3133	5122	2642	3012	5016	4826	2305	385	3552	3631	2165	323	3360	3095	1937	260	2880	4533	3072	318	5112
chr8	60141941	60285940	144000	7	0	144000	87776	56224	11682	4331	6043	7768	5374	4086	5521	5423	6149	2622	4540	3910	6620	3376	3885	6445	5886	3164	635	4730	4867	3264	572	4798	3946	2727	556	3857	5705	4347	565	6604
chr8	60285941	60383940	98000	6	0	98000	58846	39154	7922	2982	4249	4996	3864	2882	3765	3554	4082	1835	3229	2608	4281	2151	2530	3914	3962	2249	421	3219	3539	2464	393	3442	2651	2108	317	2634	3913	3017	347	4478
chr8	60383941	60511940	128000	5	0	128000	74308	53692	9470	3697	5141	5995	5139	4042	5508	4507	4821	2511	4641	3497	4873	2702	3295	4467	5100	3130	546	4177	5021	3415	512	4941	3913	3165	459	3843	5162	4179	505	5624
chr8	60511941	60760581	248641	4	0	248641	147858	100783	20260	7403	9985	12378	9117	7300	9748	8843	9434	4453	8134	6323	11215	6260	6759	10246	9839	5657	1299	8621	8618	6243	1791	8607	7026	6108	1688	6941	9525	7251	1110	10457
chr8	60760582	60760607	26	6	0	26	14	12	1	1	1	0	2	0	1	1	0	1	1	1	0	1	1	0	2	1	0	1	0	1	0	2	0	1	0	1	2	0	0	1
chr8	60760608	60760657	50	4	0	50	38	12	8	3	1	5	5	0	1	1	3	0	1	2	1	2	1	2	4	0	0	1	1	0	0	0	0	0	0	0	2	1	0	3
chr8	60760658	60760676	19	6	0	19	11	8	3	1	1	0	2	1	0	1	0	0	0	1	0	0	0	0	1	1	0	1	1	2	0	0	0	0	0	0	1	0	0	0
chr8	60760686	60853940	93255	4	0	93255	56788	36467	7425	2978	3957	4809	3517	2704	3722	3568	3817	1748	2814	2421	4410	2391	2504	4002	4050	2074	447	3250	3041	1998	362	3024	2702	1794	349	2575	3717	2559	376	4148
chr8	60853941	61072940	219000	5	0	219000	123571	95429	14898	6157	8915	9278	8164	7117	9889	8079	8702	4460	8266	5540	7484	4422	5146	7052	8717	5483	1163	6793	8794	6614	1263	8726	7089	5857	1124	6838	8649	7443	1016	9860
chr8	61072941	61165940	93000	6	0	93000	54342	38658	7001	2646	3803	4442	3619	2818	3856	3470	3750	1790	3248	2561	3522	1935	2312	3569	3714	2153	464	2858	3495	2569	456	3368	2808	2170	460	2792	3745	2996	408	4200
chr8	61165941	61490940	325000	7	0	325000	197165	127835	25591	9800	13932	17332	13116	9076	12336	12832	13996	5864	10502	9114	13952	7435	8615	13670	13310	7195	1260	10410	11354	7418	1081	11025	9446	6281	834	8745	13252	9984	1035	15205
chr8	61490941	61610940	120000	6	0	120000	73165	46835	9569	3617	5059	6424	4538	3388	4648	4778	5017	2235	3789	3311	5546	2790	3293	5161	5044	2516	484	3987	4000	2639	377	4090	3451	2375	313	3207	4857	3576	414	5505
chr8	61610941	61873940	263000	5	0	263000	162013	100987	21976	8050	11123	14639	10181	7253	9710	9903	11008	4722	7956	6948	12624	6468	7316	12134	10711	5584	1122	9076	8622	5791	1074	8461	7162	5073	811	6866	10553	7500	879	11702
chr8	61873941	61956940	83000	6	0	83000	52417	30583	7209	2426	3554	5041	3259	2163	2885	3318	3577	1517	2394	2359	4185	1987	2378	4164	3442	1622	282	2748	2576	1511	217	2498	2211	1476	184	1969	3396	2193	261	3996
chr8	61956941	62096940	140000	7	0	140000	88679	51321	12090	4322	5823	8499	5778	3721	4749	5860	5928	2476	3877	4005	6938	3576	3884	7151	6204	2760	486	4645	4404	2505	355	4040	3764	2281	327	3264	5736	3758	408	6384
chr8	62096941	62473940	377000	8	0	377000	237465	139535	32062	11756	15848	22040	15146	9890	13259	15201	16015	6621	10590	10809	18483	9381	10510	19852	16119	7687	1323	12519	12000	7099	1058	11237	10013	6275	945	9225	15364	10333	1112	17226
chr8	62473941	62934940	461000	9	0	461000	287705	173295	38252	14203	19757	26422	18633	12483	16298	18488	19988	8219	13727	13115	21761	11100	12966	22293	19511	9568	1616	15310	14897	9001	1226	14306	12499	7737	980	11593	18995	13125	1390	21539
chr8	62934941	63186170	251230	8	0	251230	151498	99732	21059	7603	10445	13147	9829	7223	9542	9147	10182	4483	8027	6629	11184	5860	6459	10677	9946	5659	1218	8346	8901	6003	1410	8180	7096	5520	1249	6883	9799	7312	1145	11065
chr8	63186172	63296941	110770	8	0	110770	67159	43611	8947	3310	4641	5904	4437	3154	4257	4119	4400	2061	3527	3011	5018	2714	2909	4749	4581	2470	453	3735	3932	2551	430	3721	3054	2351	363	2970	4399	3262	430	4908
chr8	63296942	63465941	169000	9	0	169000	103309	65691	13783	5068	7165	9304	6651	4591	6388	6603	7274	3117	5311	4647	7612	3951	4557	7286	6820	3688	679	5539	5858	3701	558	5687	4642	3313	420	4435	6913	5102	575	7760
chr8	63465942	63773909	307968	10	0	307968	193454	114514	26705	9406	13167	18189	12547	8063	10771	12303	13424	5335	8777	8769	14791	7384	8522	15299	13013	6165	1099	9911	9813	6075	788	9325	8390	5194	708	7728	12468	8567	997	14273
chr8	63773911	64795942	1022032	10	0	1022032	645556	376476	89135	31540	43341	61301	41010	26724	34355	40613	43603	17537	29089	28733	51569	24970	28782	53253	42771	20598	3778	33624	31787	19648	3230	30448	26941	17058	2899	24731	41203	27809	3185	46765
chr8	64795943	64847207	51265	9	0	51265	31731	19534	4442	1512	2206	2887	1963	1367	1796	1956	2267	902	1595	1346	2375	1242	1422	2453	2063	1025	222	1713	1603	1090	213	1672	1361	979	226	1256	2054	1484	193	2378
chr8	64847531	65090264	242734	9	0	242734	152574	90160	20959	7597	10210	14327	9914	6202	8448	9658	10319	4222	6884	6879	11901	5954	6873	12226	10106	5024	853	7992	7846	4874	669	7395	6419	4228	512	5937	9852	6659	702	11091
chr8	65090265	65250264	160000	8	0	160000	98585	61415	13198	4932	6762	9015	6482	4320	5893	6167	6728	2965	4791	4500	7498	3728	4340	7264	6625	3512	633	5175	5412	3423	546	5171	4432	2912	454	4136	6393	4705	581	7305
chr8	65250265	65367264	117000	7	0	117000	71500	45500	8997	3611	4946	6331	4767	3282	4326	4644	4905	2144	3729	3289	5216	2674	3196	5442	4914	2501	449	3847	3978	2595	344	3886	3300	2244	302	3072	4827	3463	385	5392
chr8	65367265	65459264	92000	6	0	92000	55579	36421	7210	2802	3837	4819	3789	2704	3432	3730	3907	1691	2932	2549	3763	2001	2410	4002	3905	2065	357	2871	3381	2213	281	3047	2657	1845	260	2459	3712	2799	334	4234
chr8	65459265	65549264	90000	5	0	90000	54512	35488	7427	2641	3669	4779	3568	2597	3511	3359	3641	1667	3012	2515	3880	2118	2383	3745	3582	2056	390	2995	3172	1982	320	3060	2508	1856	275	2455	3772	2640	359	4064
chr8	65549265	65725264	176000	4	0	176000	103353	72647	14681	5219	6667	8373	6730	5410	7193	5832	6230	3059	6185	4719	7298	4260	4758	6738	6728	4273	969	5978	6670	4251	1229	6293	5024	4806	1095	5137	6743	5113	942	7395
chr8	65725265	65895264	170000	3	0	170000	104833	65167	14749	5388	7078	9326	6565	4703	6256	6179	6711	3061	5133	4543	8517	4223	4748	7652	7004	3717	721	5933	5676	3591	705	5476	4435	3464	695	4302	6588	4676	679	7504
chr8	65895265	66373264	478000	2	0	478000	282432	195568	35248	14108	20095	23481	18816	14333	19593	18030	19510	9266	16242	12895	19358	10522	12282	18651	19784	11101	1921	15423	17789	12395	1938	17170	14103	10763	1689	13579	19096	15033	1744	22040
chr8	66373265	66823264	450000	1	0	450000	264229	185771	36470	12853	17024	21813	16597	13922	18845	15431	16281	8188	15784	11667	18812	10720	11859	17963	17580	10738	2272	15093	16904	11390	2825	16353	12984	11888	2726	13097	17327	13456	2167	18969
chr8	66823265	67048264	225000	2	0	225000	134881	90119	19528	6715	8563	11762	8684	6514	8768	7632	8177	3842	7529	5870	10179	5393	6121	9603	8575	5212	1085	7592	8163	5135	1422	7752	6260	5706	1416	6382	8599	6419	1145	9255
chr8	67048265	67185264	137000	3	0	137000	84688	52312	12680	4141	5478	7664	5139	3754	5014	4755	5163	2317	4236	3723	6981	3546	3791	6304	5431	2961	679	4687	4476	2772	767	4394	3466	3014	665	3559	5289	3662	611	5879
chr8	67185265	67308264	123000	4	0	123000	76966	46034	11234	3900	5100	6873	4753	3354	4517	4462	5004	2078	3331	3333	6116	3466	3538	5906	5153	2670	569	4405	3998	2340	461	3787	3101	2332	389	3082	4834	3244	455	5213
chr8	67308265	67442264	134000	3	0	134000	78522	55478	10893	3843	5074	6466	4959	4125	5502	4441	4950	2362	4665	3552	5474	3148	3563	5503	5188	3194	676	4421	5002	3630	932	4957	3798	3559	840	3751	5039	4138	678	5675
chr8	67442265	67571264	129000	4	0	129000	78041	50959	10398	3767	5335	6755	5020	3671	4970	4917	5418	2325	4159	3649	5419	3029	3591	5617	5194	2932	562	4104	4657	2927	472	4379	3606	2659	385	3530	5122	3918	469	6042
chr8	67571265	67706264	135000	5	0	135000	80805	54195	10271	4142	5533	6826	5349	3821	5278	5289	5494	2394	4331	3751	5658	3263	3759	5644	5561	3162	531	4366	4936	3302	523	4784	3878	2996	448	3738	5362	4085	510	6013
chr8	67706265	67889264	183000	6	0	183000	110415	72585	14458	5486	7718	9496	7020	5242	7135	7043	7671	3445	6027	5047	8010	4201	4869	7546	7479	4189	739	5966	6505	4342	656	6328	5079	3711	504	4896	7377	5589	665	8559
chr8	67889265	68069264	180000	7	0	180000	111410	68590	14889	5568	7670	10140	7132	4786	6342	7139	7698	3239	5554	5008	8548	4213	5119	8363	7368	3685	727	6026	5845	3743	686	5593	4841	3302	600	4675	7346	5137	625	8391
chr8	68069265	68105264	36000	8	0	36000	22937	13063	3207	1169	1546	2212	1458	902	1230	1382	1539	581	972	1018	1930	938	994	1858	1496	726	151	1217	1048	631	109	1069	926	596	100	884	1502	904	130	1573
chr8	68105265	68286264	181000	7	0	181000	113992	67008	15735	5488	7598	10860	7201	4769	6363	7246	7729	3107	5169	5126	9016	4443	4968	9173	7381	3655	684	6087	5858	3401	486	5412	4880	3145	421	4466	7460	4956	583	8132
chr8	68286265	68418264	132000	6	0	132000	82064	49936	10985	4025	5444	7623	5340	3564	4654	5308	5611	2295	3945	3588	6141	3279	3641	6619	5585	2759	483	4336	4325	2668	429	4196	3585	2402	435	3294	5371	3789	421	5858
chr8	68418265	68503264	85000	5	0	85000	53126	31874	7235	2623	3527	4901	3418	2229	2941	3504	3641	1451	2477	2461	3992	2050	2414	4260	3429	1803	311	2811	2904	1718	226	2561	2291	1489	206	2094	3468	2399	271	3893
chr8	68503265	68601264	98000	4	0	98000	63632	34368	9565	3045	4293	6303	3876	2303	3006	3875	4356	1557	2645	2669	5409	2499	2837	5392	4058	1795	370	3181	2772	1644	232	2769	2385	1475	212	2248	3845	2503	296	4583
chr8	68601265	68802264	201000	3	0	201000	126818	74182	17822	6293	8582	12031	8199	5116	6853	7764	8749	3449	5813	5622	9958	4903	5643	10020	8188	4139	721	6713	6500	3899	534	6137	5117	3326	412	4862	8127	5706	621	9179
chr8	68802265	69073264	271000	2	0	271000	171277	99723	23968	8432	11409	16219	10802	6930	9346	10511	11502	4615	7800	7823	13756	6563	7721	13879	11212	5421	1037	8870	8485	5112	804	8040	7055	4664	660	6622	10837	7244	915	12744
chr8	69073265	69252264	179000	3	0	179000	112883	66117	15547	5553	7669	10536	7126	4611	6072	7170	7868	3178	5157	4932	8764	4432	5135	9132	7401	3673	652	6048	5713	3408	545	5251	4611	2958	460	4261	7254	4878	530	8473
chr8	69252265	69530264	278000	4	0	278000	168185	109815	22509	8395	11602	14814	10888	8032	10528	10552	11669	5097	9157	7511	12253	6208	7334	11635	11333	6192	1276	8931	9796	6453	1158	9323	7779	5629	931	7579	11091	8456	1099	12788
chr8	69530265	69714264	184000	5	0	184000	109390	74610	14369	5600	7685	9116	7187	5663	7223	7088	7545	3358	5992	5020	7669	4155	4608	7110	7580	4198	1041	5957	6622	4458	917	6248	5575	4098	790	5211	7384	5491	946	8094
chr8	69714265	70121264	407000	6	0	407000	233401	173599	31279	11233	15330	18811	15386	13063	17473	13800	14567	7653	15220	10808	15419	8942	10084	14331	15401	10347	2187	12956	16236	10947	2931	15550	12363	11598	2679	12156	15722	12772	2309	17445
chr8	70121265	70276264	155000	5	0	155000	95209	59791	12835	4796	6412	8422	5740	4305	6124	5773	6244	2761	4797	4146	7646	4077	4343	6787	6434	3344	698	5463	5021	3113	563	5064	4246	3069	598	4229	6241	4234	553	6920
chr8	70276265	70367264	91000	4	0	91000	57262	33738	8466	2881	3697	5213	3545	2457	3209	3411	3545	1521	2546	2415	4699	2491	2801	4363	3832	1917	373	3228	2861	1623	304	2789	2368	1761	277	2378	3561	2276	332	3858
chr8	70367265	70578264	211000	3	0	211000	126361	84639	17577	6270	8704	10795	8289	6260	8125	7569	8430	3886	6999	5494	9050	4796	5676	8440	8529	4684	973	7026	7481	5118	1069	7225	6000	4902	946	5875	8233	6189	1010	9378
chr8	70578265	70691264	113000	4	0	113000	69364	43636	9709	3548	4584	6019	4346	3084	4206	4085	4480	1918	3404	2993	5324	3054	3357	5251	4642	2536	454	3972	3850	2486	474	3669	2992	2326	486	2954	4238	3131	470	4956
chr8	70691265	70775264	84000	5	0	84000	51514	32486	7098	2774	3405	4540	3616	2178	3188	3244	3536	1534	2467	2384	3569	1934	2287	3758	3546	1958	282	2634	3087	1921	239	2640	2318	1581	208	2151	3275	2427	297	3922
chr8	70775265	70869264	94000	6	0	94000	58994	35006	8321	3070	4021	5343	4055	2462	3290	3696	4077	1684	2608	2681	4302	2263	2654	4465	4026	2073	298	3082	3197	1750	212	2832	2494	1586	176	2230	3787	2582	252	4429
chr8	70869265	70974264	105000	7	0	105000	65466	39534	8953	3306	4381	5902	4372	2792	3761	4151	4380	1863	2979	3065	4836	2556	3058	5110	4385	2278	335	3519	3615	2153	249	3172	2876	1841	201	2622	4200	2917	305	4865
chr8	70974265	71092264	118000	8	0	118000	72395	45605	9477	3614	5074	6451	4702	3250	4386	4597	5106	2119	3759	3266	5331	2732	3278	5252	4894	2545	366	3910	4126	2599	316	3868	3138	2243	252	3097	4777	3522	330	5621
chr8	71092265	71457264	365000	9	0	365000	226649	138351	30311	11287	15575	20549	14367	9919	13244	14607	15522	6564	10634	10206	17522	9067	10309	16966	15315	7685	1507	12330	11978	7155	1084	11528	9940	6623	914	9365	14904	10282	1201	16538
chr8	71457265	71610264	153000	10	0	153000	95618	57382	13290	4812	6460	8880	6100	4028	5321	6034	6429	2601	4333	4188	7623	3823	4269	7425	6350	3262	595	5057	4911	3165	587	4658	4126	2789	507	3824	6097	4105	505	6844
chr8	71610265	71792264	182000	9	0	182000	111802	70198	14691	5693	7695	10035	7272	5103	6698	6940	7775	3256	5464	4964	8376	4321	4944	8573	7682	3900	727	6064	6286	4129	595	5962	4850	3447	496	4601	7195	5496	594	8174
chr8	71792265	72272264	480000	10	0	480000	296467	183533	39544	14860	20364	26896	19203	13234	17330	18733	20483	8538	14134	13283	22434	11449	13299	22682	19963	10384	1921	15813	16298	10364	1536	15229	13074	8904	1384	12223	19165	13775	1637	21862
chr8	72272265	72756264	484000	9	0	484000	298456	185544	38736	14927	20556	26870	19472	13270	17763	19430	20684	8773	14499	13560	22196	11576	13680	22462	20279	10367	1759	16141	16492	9970	1358	15498	13431	8940	1158	12635	19733	14041	1517	22225
chr8	72756265	72870264	114000	8	0	114000	69526	44474	8909	3377	4863	6215	4529	3182	4301	4514	4827	2045	3574	3298	5099	2639	3153	5001	4565	2555	400	3723	4039	2519	312	3886	3217	2186	259	3067	4704	3496	329	5215
chr8	72870265	72969264	99000	7	0	99000	59683	39317	7976	2976	4210	5116	3960	2888	3801	3859	4040	1903	3073	2700	4302	2232	2673	3973	4066	2263	404	3266	3599	2277	366	3395	2899	2071	289	2705	3945	3026	355	4390
chr8	72969265	73072264	103000	6	0	103000	61997	41003	8463	3138	4142	5235	4041	2980	4013	3628	3882	1941	3382	2728	4592	2475	2804	4553	4153	2497	455	3429	3799	2433	456	3568	2702	2349	397	2830	4008	2977	436	4512
chr8	73072265	73181264	109000	5	0	109000	62234	46766	7659	3033	4462	4782	3995	3636	4819	3926	4326	2175	4054	2898	3955	2258	2681	3574	4491	2610	578	3423	4240	3184	579	4229	3308	2881	488	3301	4336	3557	497	5063
chr8	73181265	73317264	136000	4	0	136000	80364	55636	10567	4082	5564	6766	5297	4034	5455	4951	5467	2543	4486	3674	5649	3005	3489	5333	5388	3203	705	4368	4950	3456	800	4836	4024	3171	733	3832	5375	4212	624	5959
chr8	73317265	73473264	156000	3	0	156000	87858	68142	10764	4430	6063	6632	5729	5211	7079	5588	5910	3091	5861	4084	5486	3172	3751	5006	6172	3884	864	4984	6420	4750	941	6224	4967	4372	801	4816	6048	5329	840	6729
chr8	73473265	73766264	293000	4	0	293000	182737	110263	26815	9259	11904	16580	11600	7968	10555	10718	11647	5061	8484	7795	14497	7664	8192	13997	12191	6254	1276	10231	9636	5790	1230	8957	7592	5777	1110	7231	11422	7792	1057	12716
chr8	73766265	73995264	229000	3	0	229000	135162	93838	19656	6899	8516	11165	8828	6896	9506	7568	8031	4111	7936	5929	9720	5605	5999	8796	8882	5570	1203	7855	8627	5427	1499	8173	6515	6108	1439	6532	8774	6621	1215	9397
chr8	73995265	74115264	120000	4	0	120000	70296	49704	8973	3397	5034	5797	4630	3564	5112	4314	4812	2338	4255	3268	4786	2557	3063	4395	4700	2915	490	3751	4610	3075	494	4563	3563	2918	435	3516	4746	3834	459	5634
chr8	74115265	74368264	253000	5	0	253000	150202	102798	18916	7642	10827	12454	9650	7490	10017	9603	10467	4764	8104	6785	10805	5864	6955	9858	10277	5810	1244	8429	9153	6286	1216	8874	7407	5551	1110	7320	9923	7882	1036	11279
chr8	74368265	74448817	80553	6	0	80553	50363	30190	6899	2563	3370	4666	3348	2111	2772	3178	3491	1444	2245	2277	3760	2002	2238	3998	3362	1686	312	2760	2786	1628	278	2344	2064	1388	255	1869	3196	2334	275	3652
chr8	74448828	74460634	11807	6	0	11807	7859	3948	1181	387	475	865	493	293	344	482	512	168	269	352	722	286	334	695	519	188	24	403	343	190	21	268	267	172	27	224	483	273	18	527
chr8	74460636	74460660	25	6	0	25	13	12	0	1	1	1	1	1	1	1	2	0	0	1	0	0	1	1	0	0	0	2	1	0	0	2	2	1	0	0	1	2	0	0
chr8	74460662	74461165	504	6	0	504	277	227	28	12	31	17	18	12	19	17	30	12	32	7	12	7	10	13	19	12	1	11	23	17	0	25	11	13	1	11	12	24	0	45
chr8	74461167	74461211	45	6	0	45	25	20	4	1	2	1	1	1	3	0	1	1	3	2	1	0	2	1	2	1	0	0	0	0	0	5	2	1	0	1	1	3	0	3
chr8	74461213	74895264	434052	6	0	434052	271822	162230	36696	13303	18242	25400	17588	11707	15146	17433	18421	7603	12685	12326	20936	10690	12143	21501	18067	9100	1545	14591	14383	8387	1238	13020	11559	7480	1074	10751	17866	12061	1253	19855
chr8	74895265	75147264	252000	7	0	252000	161737	90263	23171	8035	10789	15814	10251	6269	8053	10126	11072	4220	6705	6800	13313	6435	7162	13520	10713	4834	939	8473	7604	4403	721	7023	6323	3931	673	5829	10059	6583	771	11384
chr8	75147265	75507264	360000	8	0	360000	229099	130901	32725	11244	14842	21912	14575	9493	11994	13755	15089	6009	10066	9910	18333	9123	10119	19909	15320	7267	1357	11924	11145	6539	1203	10365	9135	6027	1074	8470	14217	9419	1176	16262
chr8	75507265	75927264	420000	9	0	420000	272392	147608	39637	13088	17564	27376	17168	10219	13233	16789	17717	6992	11178	11779	23144	10726	12200	23580	17699	7894	1370	14062	12393	6976	990	11244	10314	6404	892	9704	17003	10329	1168	19166
chr8	75927265	76720446	793182	10	0	793182	516005	277177	74095	24935	33109	52198	32294	19847	24474	32039	34069	12924	20389	22389	43879	20287	22862	46214	33957	14990	2845	26202	22848	12587	2124	20938	19646	11457	1866	17945	32203	19464	2355	35749
chr8	76720447	77719456	999010	10	0	999010	648698	350312	92754	31868	41877	64679	40597	24625	31499	40193	42763	16102	26208	27826	55063	26541	28974	57128	42791	18934	3663	33748	28905	15756	2312	26917	24877	14689	2086	22734	40341	24511	2889	45158
chr8	77719458	77782264	62807	10	0	62807	41831	20976	6284	2021	2531	4426	2621	1468	1864	2509	2701	946	1547	1777	3656	1711	1833	3936	2766	1116	209	2054	1714	850	116	1482	1482	789	87	1338	2500	1408	162	2901
chr8	77782265	78128264	346000	9	0	346000	224131	121869	31842	11091	14457	22112	14438	8542	10933	14416	14855	5915	8862	9906	18366	8917	9947	19530	15126	6751	1122	11466	10296	5481	726	9350	8640	4888	686	7798	14267	8733	954	15585
chr8	78128265	78268264	140000	8	0	140000	90662	49338	12557	4296	5872	9165	5662	3566	4320	5826	6072	2329	3541	3977	7599	3723	4022	8133	6169	2585	474	4686	4206	2459	297	3817	3440	2021	258	3007	5559	3714	401	6245
chr8	78268265	78353264	85000	7	0	85000	54925	30075	7624	2671	3529	5417	3387	2126	2749	3360	3569	1441	2276	2327	4662	2198	2462	5126	3698	1672	254	2812	2499	1493	199	2398	2041	1280	193	1922	3384	2143	202	3884
chr8	78353265	78447264	94000	6	0	94000	60940	33060	8753	2945	4016	6051	3899	2265	2926	3825	4136	1534	2521	2687	4978	2454	2725	5223	3976	1840	295	3087	2773	1479	194	2564	2324	1343	191	2116	3843	2348	266	4421
chr8	78447265	78691264	244000	5	0	244000	158165	85835	22328	7760	10287	15588	9765	5625	7688	9911	10233	4103	6472	6946	13636	6553	7200	14069	10161	4673	878	8329	7009	3989	639	6766	6068	3597	567	5404	9751	6145	710	11148
chr8	78691265	78778264	87000	6	0	87000	56455	30545	8223	2849	3636	5543	3560	2133	2697	3513	3716	1408	2151	2465	4753	2272	2644	4891	3701	1698	332	2931	2619	1315	227	2339	2102	1316	205	2019	3481	2171	249	3839
chr8	78778265	78856264	78000	7	0	78000	49712	28288	6789	2578	3231	4754	3270	1938	2650	3157	3363	1379	2151	2220	3930	1891	2218	4191	3362	1518	277	2629	2477	1340	188	2160	1998	1224	195	1807	3178	2083	198	3654
chr8	78856265	79008264	152000	8	0	152000	97835	54165	13675	4847	6282	9651	6368	3953	4800	6302	6542	2574	4023	4406	7869	3877	4289	8375	6763	2994	480	5015	4773	2608	343	4146	3756	2181	269	3292	6131	4087	386	6941
chr8	79008265	79346264	338000	9	0	338000	215211	122789	29172	10394	14157	20795	13847	8597	11245	13923	14505	5857	9207	9787	16993	8621	9850	18259	14470	6831	1097	11071	10544	6170	806	9696	8752	5203	693	8100	13846	9012	906	15592
chr8	79346265	79517264	171000	8	0	171000	106815	64185	14328	5358	7098	9826	6805	4622	6007	6776	7189	2983	5152	4868	8288	4268	4838	8408	7256	3579	685	5712	5506	3467	501	5266	4463	2890	449	4218	6985	4804	505	7898
chr8	79517265	79608264	91000	7	0	91000	57362	33638	7903	2821	3958	5376	3747	2365	3153	3524	3930	1586	2555	2575	4479	2181	2499	4709	3710	1856	342	3044	2987	1758	241	2675	2428	1494	186	2270	3664	2553	253	4176
chr8	79608265	79685264	77000	6	0	77000	47201	29799	6156	2301	3145	4339	2973	2183	2752	3101	3197	1375	2450	2122	3615	1738	2129	3624	3090	1614	330	2563	2541	1711	321	2477	2196	1467	308	2037	3182	2258	303	3400
chr8	79685265	79830264	145000	5	0	145000	83657	61343	10533	4241	5855	6672	5487	4458	6149	5299	5743	2718	5238	3844	5538	3078	3610	5192	5673	3510	689	4623	5641	4086	864	5539	4361	3686	806	4321	5718	4848	609	6369
chr8	79830265	80139264	309000	4	0	309000	186914	122086	25698	9590	12711	16010	12265	8890	12069	11188	12343	5737	9719	8176	13703	7482	8433	12900	12782	7091	1422	10404	10867	7058	1370	10276	8573	6586	1202	8478	12190	8836	1176	13773
chr8	80139265	80323264	184000	3	0	184000	104014	79986	14240	5078	6854	7889	6918	6277	8221	5918	6284	3469	7266	4646	6618	3918	4354	6062	6996	4733	991	6022	7571	5165	1294	7369	5576	5631	1204	5769	7191	5870	1069	7535
chr8	80323265	80614264	291000	4	0	291000	171460	119540	23912	8390	11116	14582	11087	8840	11770	9919	10635	5272	10134	7652	12366	6725	7774	11285	10975	6973	1524	9756	11013	7266	1824	10471	8294	7611	1752	8387	11334	8723	1456	12180
chr8	80614265	80972264	358000	5	0	358000	212259	145741	27406	10749	14803	17552	13652	10815	14670	13564	14553	6720	11948	9449	14899	8330	9298	13849	14811	8281	1587	11936	13277	8989	1483	12707	10481	7950	1360	10209	14133	11236	1434	15867
chr8	80972265	81130264	158000	6	0	158000	93966	64034	11619	4549	6557	7968	5766	4628	6563	6216	6394	3034	5149	4222	6913	3804	4157	6426	6584	3485	768	5178	5590	3921	667	5562	4746	3549	630	4555	6253	4785	629	7131
chr8	81130265	81301264	171000	7	0	171000	105141	65859	13997	5109	7256	9593	6740	4711	6263	6731	7364	3018	5302	4747	7855	4060	4622	7771	6936	3735	682	5545	5774	3531	624	5578	4783	3253	538	4448	6952	4988	620	7872
chr8	81301265	81535264	234000	8	0	234000	146076	87924	19953	7488	9706	13551	9652	6060	8420	9240	10045	4191	6904	6679	11048	5707	6511	10920	9772	4912	877	7884	7733	4592	698	7078	6199	3965	576	5818	9669	6632	757	10761
chr8	81535265	81882264	347000	7	0	347000	215089	131911	29763	10621	14572	19461	13824	9268	12581	12687	14307	6112	10340	9714	16523	8682	9874	16759	14122	7469	1378	11714	11499	7075	1374	11026	9103	6701	1173	8803	13636	9728	1285	15824
chr8	81882265	82000264	118000	8	0	118000	73937	44063	9959	3507	5109	7047	4696	3009	4089	4573	5030	2040	3445	3315	5937	2883	3412	5885	4706	2450	398	3885	3815	2391	341	3718	3105	2184	280	2959	4740	3240	357	5493
chr8	82000265	82252264	252000	9	0	252000	162352	89648	23133	7856	10729	16029	10267	6311	8121	9893	10896	4072	6801	7127	13451	6389	7265	14011	10677	4833	747	8371	7512	4297	624	7079	6324	3934	526	5827	10079	6448	729	11640
chr8	82252265	82561264	309000	8	0	309000	201813	107187	28542	9689	12239	20771	12544	7523	9425	12348	12730	4776	7918	9048	17425	8430	8607	19797	13330	5944	1085	10059	8749	5593	834	8202	7423	4282	819	6394	12337	7559	1042	13534
chr8	82561265	83055264	494000	9	0	494000	327092	166908	48053	15634	19879	34371	20314	11735	14629	20320	21052	7636	12175	13639	28518	13317	14215	31604	21623	8907	1542	16250	13595	7140	1119	12328	11877	6648	916	10459	19902	11487	1253	21861
chr8	83055265	84633264	1578000	10	0	1578000	1021917	556083	144514	49712	64995	102892	64352	39399	50331	63478	66655	25690	41045	44764	86591	40982	45424	91091	67453	30478	5337	52515	46892	26173	3747	43040	39331	23590	3422	35951	63884	39611	4370	70289
chr8	84633265	84965264	332000	9	0	332000	212670	119330	29708	10511	13884	20572	13436	8418	10919	13749	14255	5547	8922	9665	17276	8436	9590	17782	14005	6653	1067	11187	10177	5761	750	9442	8451	5106	642	7699	13889	8610	903	14986
chr8	84965265	85071264	106000	8	0	106000	65963	40037	8857	3327	4483	6032	4350	2764	3615	4329	4639	1923	3156	3004	4852	2556	3043	5031	4426	2270	398	3476	3508	2233	318	3339	2740	1826	249	2531	4384	3069	319	4951
chr8	85071265	85214592	143328	7	0	143328	89381	53947	12560	4610	5784	8176	5709	3866	5126	5321	5835	2381	4107	3969	7026	3584	4026	7300	5841	3153	621	4826	4790	2676	654	4292	3742	2820	599	3641	5650	3763	594	6284
chr8	85214599	85303270	88672	7	0	88672	52663	36009	7129	2676	3593	4396	3462	2608	3549	3047	3279	1669	3055	2241	3923	2069	2371	3594	3450	2146	402	3024	3249	2065	511	3170	2556	2129	466	2597	3411	2655	401	3777
chr8	85303271	85529270	226000	6	0	226000	139917	86083	18966	6889	9521	12933	9011	6204	8147	8523	9289	4006	6865	6242	11044	5481	6343	10452	9180	4822	948	7630	7396	4569	838	7155	6207	4321	745	5869	9101	6246	833	10222
chr8	85529271	85564270	35000	5	0	35000	21869	13131	2942	1031	1469	2065	1415	957	1203	1422	1416	640	1070	960	1735	858	998	1687	1477	721	125	1163	1141	671	97	1099	954	617	75	904	1425	999	89	1573
chr8	85564271	85619270	55000	6	0	55000	34296	20704	4812	1636	2293	3244	2212	1562	1984	2040	2220	973	1635	1446	2741	1371	1448	2678	2358	1164	221	1799	1787	1031	205	1727	1455	1084	193	1406	2199	1471	175	2428
chr8	85619271	85645270	26000	7	0	26000	15446	10554	2038	795	1035	1344	990	777	989	931	1010	508	834	642	1174	594	675	1109	1050	601	161	863	933	640	202	888	730	636	161	694	974	786	146	1088
chr8	85645271	85664222	18952	8	0	18952	9646	9306	916	522	738	639	678	681	837	584	718	424	752	464	503	355	390	444	662	543	234	543	841	653	379	807	638	698	289	661	639	786	226	706
chr8	85714223	85737270	23048	8	0	23048	12166	10882	1223	665	895	868	847	837	973	752	904	501	880	584	677	471	508	580	816	632	323	703	986	688	376	954	756	757	272	749	851	927	241	850
chr8	85737271	85758270	21000	7	0	21000	11283	9717	1172	617	815	843	791	744	862	695	844	441	788	553	641	426	478	571	770	567	245	646	879	615	328	841	661	649	239	651	782	832	206	806
chr8	85758271	85785270	27000	6	0	27000	14314	12686	1472	780	1046	1046	1010	942	1121	893	1056	573	1011	694	804	540	595	729	974	733	336	792	1150	834	455	1096	885	894	333	870	957	1074	288	1015
chr8	85785271	85828270	43000	5	0	43000	22651	20349	2287	1237	1648	1629	1614	1509	1798	1410	1659	943	1585	1119	1242	856	960	1154	1596	1180	526	1243	1843	1364	760	1716	1396	1450	565	1403	1495	1689	493	1629
chr8	85828271	85949270	121000	4	0	121000	75552	45448	10132	3822	5162	7076	4876	3164	4376	4695	5260	2092	3635	3371	5924	2804	3354	5808	5045	2434	437	3967	3906	2427	292	3813	3238	2183	259	3088	4922	3394	384	5658
chr8	85949271	86409270	460000	3	0	460000	282935	177065	38941	13768	19250	25207	18134	12786	17069	17105	18706	8212	14499	12584	21384	11059	12629	21600	18482	9961	1902	15480	15752	9609	1605	15033	12393	9363	1422	12062	18468	13066	1595	20872
chr8	86409271	86514462	105192	4	0	105192	65490	39702	9414	3286	4293	5854	4027	2888	3713	3808	4205	1739	3119	2826	5202	2786	2995	5333	4296	2283	462	3658	3436	2153	487	3242	2643	2099	447	2607	4061	2783	432	4613
chr8	86514464	86579271	64808	4	0	64808	40059	24749	5560	1937	2690	3577	2479	1837	2406	2422	2511	1095	1910	1778	3214	1670	1835	3137	2592	1467	249	2231	2168	1312	266	2086	1815	1290	216	1761	2569	1762	201	2763
chr8	86579272	86710271	131000	5	0	131000	80624	50376	10736	4022	5449	7297	5276	3544	4753	5048	5387	2377	3985	3569	6105	3227	3618	6230	5336	2906	524	4403	4516	2852	510	4198	3559	2540	385	3328	5211	3778	453	5876
chr8	86710272	87112271	402000	6	0	402000	254086	147914	35824	12336	17077	24066	16185	10225	13766	15522	16711	7009	11399	11470	20582	10077	11313	20522	16730	8229	1338	13350	12808	7895	1079	12414	10140	6866	909	9567	16021	11206	1138	18224
chr8	87112272	87364271	252000	7	0	252000	164161	87839	23884	8036	10164	16740	10536	5956	7886	10103	10707	4074	6423	7263	13698	6444	7165	15080	10619	4916	843	8132	7546	4143	544	6803	6070	3706	535	5515	10246	6271	762	11188
chr8	87364272	87427271	63000	8	0	63000	40555	22445	5615	2084	2540	4044	2713	1561	1974	2718	2699	1011	1568	1895	3256	1633	1780	3463	2766	1257	220	2046	1954	1088	156	1708	1633	918	139	1386	2613	1643	195	2722
chr8	87427272	88108280	681009	7	0	681009	436811	244198	61382	21279	28367	42990	27677	17288	22276	27199	28926	11468	18272	19086	36032	17536	19393	37639	28995	13246	2401	22929	20585	11673	1868	19384	17129	10878	1596	15761	27731	17713	2075	30233
chr8	88108281	88128270	19990	7	0	19990	13228	6762	1930	642	885	1320	833	444	637	793	885	344	477	543	1128	590	602	1174	848	327	79	766	504	230	37	483	500	243	28	467	855	455	54	885
chr8	88128271	88182270	54000	8	0	54000	35478	18522	5201	1770	2161	3648	2213	1256	1621	2153	2296	859	1361	1586	3070	1435	1619	3227	2305	1031	224	1760	1509	806	130	1419	1292	712	137	1095	2137	1315	161	2489
chr8	88182271	88335270	153000	7	0	153000	98000	55000	13581	4830	6317	9293	5869	3964	5060	6386	6305	2526	4100	4427	8266	4114	4448	8514	6562	2990	595	5287	4438	2583	441	4380	3987	2437	441	3499	6291	3831	477	6759
chr8	88335271	88484270	149000	6	0	149000	95071	53929	13529	4638	6200	9302	6151	3778	4888	6080	6278	2483	4108	4132	7712	3788	4136	7866	6326	3037	463	4861	4755	2697	430	4222	3794	2466	309	3567	6022	3904	394	6682
chr8	88484271	88649270	165000	7	0	165000	106534	58466	14714	5243	6737	10614	6791	4104	5315	6838	6987	2681	4261	4832	8817	4243	4828	9528	7083	3216	518	5454	4978	2717	350	4614	4176	2499	307	3792	6811	4228	441	7281
chr8	88649271	89340270	691000	8	0	691000	448009	242991	63322	21654	28855	44491	28407	17057	21702	28237	29663	11410	18134	19678	36929	18231	19977	40260	29688	13226	2245	23193	20577	11272	1501	18660	16965	10082	1280	15417	28173	17430	1884	31398
chr8	89340271	89503270	163000	7	0	163000	102034	60966	13574	4935	6706	9753	6653	4154	5739	6637	6880	2878	4734	4694	7862	3867	4656	8310	6617	3402	539	5276	5581	3344	383	4974	4346	2947	307	4064	6639	4589	437	7521
chr8	89503271	89622270	119000	6	0	119000	75077	43923	10213	3709	5097	7038	4897	3046	4073	4681	5155	2126	3383	3438	5792	2984	3501	5943	4966	2478	412	4010	3747	2123	309	3564	3046	1914	303	2949	4938	3228	404	5531
chr8	89622271	89628910	6640	5	0	6640	4128	2512	511	205	267	414	253	173	231	303	306	115	171	171	328	180	192	306	277	160	30	206	218	154	18	219	203	107	12	144	262	188	22	292
chr8	89628912	89893271	264360	5	0	264360	163238	101122	22432	8183	10933	14740	10476	7209	9656	10027	10969	4618	7926	7350	12412	6459	7314	12533	10800	5726	1046	8897	8991	5745	1020	8267	7034	5071	911	6750	10543	7481	925	11914
chr8	89893272	90021886	128615	4	0	128615	80328	48287	11069	4101	5383	7272	4876	3205	4653	4726	5197	2233	3638	3582	6683	3567	3706	6436	5238	2731	549	4587	3996	2524	616	4008	3194	2376	587	3229	5032	3513	550	5556
chr8	90021893	90056271	34379	4	0	34379	21566	12813	2886	1108	1475	1938	1354	875	1211	1354	1450	612	1006	962	1718	898	1034	1684	1492	722	129	1150	1110	654	72	1087	861	564	75	866	1331	984	92	1623
chr8	90056272	90546271	490000	5	0	490000	306192	183808	41461	15097	20975	28189	19824	12930	17464	19138	21015	8794	14523	13957	23421	11727	13968	23708	20228	10127	1692	16501	16099	9635	1260	15022	13002	8442	1113	12397	20027	13813	1439	23010
chr8	90546272	90694271	148000	4	0	148000	91123	56877	12410	4512	6406	8229	5729	3963	5477	5438	6047	2662	4544	3848	7370	3694	4069	6723	5954	3227	582	5068	4911	3203	596	4879	3955	2931	539	3931	5787	4228	467	6619
chr8	90694272	91152271	458000	3	0	458000	288474	169526	39607	14284	19489	27025	18418	11765	15644	17850	19546	7808	13034	12854	22834	11659	13471	23185	18976	9335	1544	15661	14626	8807	1320	14052	11882	7850	1156	11074	18192	12813	1386	20851
chr8	91152272	91257271	105000	4	0	105000	66241	38759	9108	3331	4497	6212	4211	2620	3614	4176	4750	1832	3016	2899	5079	2600	3095	5199	4431	2096	346	3511	3321	2038	248	3209	2601	1694	223	2544	4268	2988	283	4958
chr8	91257272	91374271	117000	5	0	117000	74941	42059	10348	3750	5003	7270	4764	2985	3678	4744	5042	1925	3226	3289	6216	2893	3444	6363	5024	2335	380	3814	3638	2025	255	3402	2852	1868	263	2721	4657	3092	318	5414
chr8	91374272	91507271	133000	6	0	133000	84616	48384	11645	4157	5817	8065	5274	3325	4465	5093	5848	2266	3756	3685	6917	3333	3915	7053	5355	2695	451	4581	4052	2288	392	3969	3315	2197	306	3228	5436	3521	423	6175
chr8	91507272	91696271	189000	7	0	189000	118310	70690	16187	5858	8052	10916	7711	5113	6647	7705	8353	3305	5480	5317	8762	4566	5404	8932	8022	3909	686	6225	6165	3506	443	5723	5137	3201	414	4804	7852	5221	551	8831
chr8	91696272	92363271	667000	8	0	667000	414265	252735	56753	20788	28109	37532	26865	18149	23863	25863	27947	11785	19908	18654	31616	15986	18647	31799	27745	14251	2475	22237	22254	13543	2202	20651	18059	12185	1944	16894	26682	18672	2195	30745
chr8	92363272	92723271	360000	7	0	360000	225495	134505	30643	11287	15299	21167	14460	9681	12520	14349	15624	6322	10396	9915	17670	8697	10266	17197	15245	7361	1443	11938	11401	6923	1078	10925	9717	6149	968	9100	14647	9894	1197	16519
chr8	92723272	92842271	119000	6	0	119000	76028	42972	10170	3711	5029	7454	4704	3074	3943	4915	5092	2010	3252	3355	6397	3026	3479	6416	5079	2320	412	4010	3609	2020	282	3425	3089	1874	257	2886	4859	3122	345	5382
chr8	92842272	92985271	143000	5	0	143000	94175	48825	14045	4579	6029	9534	5826	3258	4321	5722	6173	2215	3509	3976	8144	3946	4206	8690	6047	2591	505	4855	3990	2174	319	3686	3495	1926	271	3092	5595	3478	369	6432
chr8	92985272	93072504	87233	4	0	87233	54985	32248	7573	2690	3610	5353	3489	2258	3087	3400	3854	1492	2476	2391	4310	2140	2358	4502	3623	1797	331	2829	2786	1788	304	2503	2303	1414	199	2158	3522	2382	268	4041
chr8	93072505	93130270	57766	4	0	57766	36373	21393	4921	1723	2524	3499	2268	1505	2015	2256	2558	1039	1676	1671	2920	1375	1640	2782	2356	1139	215	1932	1779	1076	177	1742	1514	949	147	1422	2395	1609	181	2759
chr8	93130271	93237689	107419	5	0	107419	67019	40400	8961	3265	4594	6302	4221	2822	3779	4329	4711	1925	3221	3017	5229	2566	3041	5034	4413	2270	362	3533	3440	2071	320	3455	2835	1869	280	2678	4463	3076	366	4969
chr8	93237691	93321271	83581	5	0	83581	50882	32699	6538	2470	3447	4524	3272	2363	3253	3289	3402	1543	2659	2272	3769	1968	2304	3807	3448	1757	353	2786	2924	1768	272	2801	2381	1821	226	2286	3424	2419	243	3790
chr8	93321272	93567271	246000	6	0	246000	147185	98815	18026	7470	10293	12332	9731	7248	9727	9911	10200	4714	8104	6974	10164	5564	6607	10119	10437	5515	1005	8039	9033	5916	798	8354	7182	5046	727	6769	9965	7624	836	11568
chr8	93567272	93672271	105000	5	0	105000	62917	42083	7708	3076	4136	5362	3985	3391	4185	4118	4177	1910	3366	3035	4412	2434	2676	4944	4557	2422	476	3356	3803	2568	386	3649	3025	2249	371	2733	4294	3167	401	4626
chr8	93672272	94140271	468000	4	0	468000	274868	193132	35393	13828	18736	22606	18093	13897	19456	17195	18163	8937	16045	12488	18915	10736	12028	18351	18743	11176	2364	15115	17715	12062	2477	16820	13878	11353	2217	13578	18304	14483	2094	20752
chr8	94140272	94296271	156000	3	0	156000	90455	65545	11065	4397	6531	7250	6018	4817	6639	5766	6285	3063	5475	4260	5874	3346	4003	5664	6217	3671	759	4976	6104	4343	711	5807	4746	3793	587	4748	6173	5158	635	7117
chr8	94296272	94466271	170000	2	0	170000	105954	64046	15048	5334	6971	9735	6768	4517	6135	6280	6805	2886	4999	4656	8467	4356	4698	8297	6907	3807	635	5744	5806	3479	576	5378	4302	3265	523	4278	6685	4688	570	7403
chr8	94466272	94758271	292000	1	0	292000	171397	120603	24648	8508	10800	14189	11055	8978	11901	9543	10009	5146	10435	7598	12434	7142	7638	11372	11136	7176	1612	9850	11022	7205	2187	10492	8266	8087	1963	8418	11053	8439	1682	12014
chr8	94758272	94815271	57000	2	0	57000	34151	22849	4865	1699	2115	2950	2132	1685	2302	1945	1968	987	1938	1456	2664	1392	1491	2561	2203	1356	257	1946	2069	1308	368	1904	1644	1428	367	1649	2148	1557	296	2348
chr8	94815272	95295271	480000	1	0	480000	277631	202369	36834	13867	18939	21793	17653	15037	20550	16547	17770	9110	16975	12267	19176	11139	12429	17544	18983	11736	2408	16026	18587	13124	3072	18182	14022	13040	2909	14157	18195	15065	2335	20527
chr8	95295272	95405271	110000	2	0	110000	63553	46447	7480	3184	4761	4836	4194	3343	4694	4135	4475	2215	3849	3033	4112	2341	2971	3928	4275	2731	456	3621	4397	3155	410	4212	3349	2677	367	3225	4346	3611	397	5218
chr8	95405272	95489271	84000	3	0	84000	50191	33809	6331	2517	3595	4135	3174	2459	3317	3425	3602	1652	2750	2243	3472	1905	2218	3395	3501	1942	348	2742	3065	2131	284	2938	2373	1717	229	2291	3436	2627	275	3909
chr8	95489272	95572271	83000	4	0	83000	51208	31792	6902	2608	3565	4600	3431	2219	2935	3382	3647	1495	2432	2331	3696	1934	2231	3799	3460	1805	364	2626	2873	1777	263	2608	2303	1470	238	2099	3331	2469	275	3830
chr8	95572272	95667271	95000	5	0	95000	59447	35553	7995	3055	3996	5346	3881	2575	3245	3960	4173	1641	2758	2716	4343	2392	2773	4598	4123	2056	331	3153	3204	1842	208	2889	2498	1544	164	2252	3836	2700	273	4478
chr8	95667272	95786271	119000	6	0	119000	72101	46899	9233	3643	4996	6331	4815	3361	4564	4620	4956	2178	3774	3382	5199	2776	3218	5055	4996	2610	476	3876	4289	2684	390	3967	3260	2451	385	3223	4815	3584	405	5486
chr8	95786272	95929271	143000	7	0	143000	87422	55578	11317	4420	6082	7705	5932	3944	5296	5670	6131	2608	4395	3992	6144	3377	3988	6419	5965	3218	478	4688	5133	3148	422	4616	4012	2670	347	3755	5732	4283	409	6702
chr8	95929272	96092536	163265	8	0	163265	98888	64377	12945	5002	7034	8516	6615	4499	6246	6145	6899	3111	5296	4573	7038	3693	4441	6834	6633	3592	697	5384	5840	3662	579	5447	4428	3311	480	4444	6604	4963	570	7742
chr8	96092538	96092567	30	8	0	30	21	9	0	0	0	3	1	0	0	2	0	0	0	5	2	1	2	4	0	1	0	0	0	0	0	1	0	0	1	1	3	0	1	0
chr8	96092569	96098271	5703	8	0	5703	3483	2220	409	175	238	303	229	153	218	260	243	124	174	164	244	133	159	255	254	131	15	185	191	111	14	198	173	87	13	143	243	185	14	263
chr8	96098272	96367271	269000	7	0	269000	154365	114635	19181	7866	11235	12005	9917	8467	11412	9579	10813	5283	9691	7070	10376	5789	6691	8990	10520	6585	1555	8745	10360	7711	1741	10170	7993	6849	1638	7910	10502	8838	1312	12204
chr8	96367272	96421271	54000	6	0	54000	31475	22525	3844	1509	2199	2537	1942	1704	2274	1956	2120	1035	2046	1459	2183	1204	1421	2042	2144	1283	259	1766	2073	1450	237	2035	1538	1275	200	1603	2120	1786	218	2536
chr8	96421272	97209271	788000	7	0	788000	478170	309830	62146	24049	33589	41384	30890	21990	29930	30421	32947	14453	24723	21441	35185	18726	21897	34398	32058	17547	3065	26549	28035	18284	2729	26604	21719	16108	2445	21122	31419	23712	2569	35864
chr8	97209272	97387271	178000	6	0	178000	103100	74900	12414	5111	7535	8284	6804	5332	7600	6731	7270	3566	6320	4751	6854	3671	4527	6328	7004	4304	744	5628	7018	5261	707	6749	5435	4234	621	5288	7010	5936	644	8317
chr8	97387272	97492271	105000	5	0	105000	61160	43840	7510	3044	4395	4835	4088	3186	4529	3979	4359	2016	3667	3031	3827	2201	2672	3819	4124	2560	387	3376	4191	2872	391	3888	3206	2380	318	3074	4261	3530	356	4926
chr8	97492272	97574271	82000	4	0	82000	47762	34238	5996	2428	3311	3786	3203	2537	3469	3135	3276	1551	2822	2225	3046	1803	2115	3058	3302	2019	343	2654	3356	2196	337	2983	2475	1957	306	2434	3211	2700	318	3646
chr8	97574272	97858271	284000	3	0	284000	161801	122199	22380	8093	10288	12636	10660	9189	12375	8989	9426	5237	10931	7210	10930	6481	7180	9795	10467	7321	1610	9602	11535	7691	2295	10847	8471	8623	2172	8760	10740	8733	1767	11564
chr8	97858272	98379271	521000	2	0	521000	298095	222905	38175	14483	20307	23477	19450	16715	22875	18429	19296	10172	19227	13627	19521	11228	13142	17969	20191	12854	2660	16894	20749	14865	3121	20137	16061	14360	2716	15975	20469	16793	2515	22545
chr8	98379272	98676271	297000	3	0	297000	181268	115732	24373	9102	12337	16007	11419	8212	11232	11133	12216	5348	9158	8114	13811	7323	8376	13106	12074	6578	1233	10101	10153	6929	1223	9759	8085	6000	1031	7730	11684	8557	1081	13513
chr8	98676272	98872271	196000	2	0	196000	118912	77088	16427	6098	8035	10191	7836	5558	7422	7110	7968	3432	6192	5374	8519	4770	5459	8519	7999	4540	839	6480	6979	4232	926	6525	5272	4237	799	5294	7676	5653	828	8809
chr8	98872272	98987271	115000	1	0	115000	67172	47828	8786	3500	4720	5640	4310	3338	4579	3795	4573	2171	3894	2933	4977	2533	3006	4416	4462	2693	656	3731	4107	3161	985	4226	3204	2974	887	3171	4249	3651	598	5072
chr8	118292513	118292535	23	9	0	23	15	8	2	0	0	2	2	0	0	1	1	1	0	0	0	1	2	1	0	2	0	1	2	1	0	0	0	0	0	0	1	0	0	1
chr8	119255094	119255178	85	4	0	85	55	30	11	5	3	4	7	1	2	5	3	2	3	3	2	0	1	2	5	2	0	1	1	1	0	3	3	2	0	1	6	0	0	4
chr8	119255307	119255335	29	4	0	29	16	13	0	1	0	1	1	2	0	1	1	0	4	0	0	0	2	2	1	1	0	2	1	0	0	2	0	0	0	0	2	1	0	2
chr9	24500	102389	77890	4	0	77890	44218	33672	5391	2177	3130	3427	2814	2506	3295	2885	3056	1533	2854	2063	2864	1566	1941	2715	3150	1857	437	2338	3048	2440	559	3038	2403	2066	457	2372	2899	2722	412	3473
chr9	102390	102432	43	7	0	43	24	19	1	2	0	1	0	1	3	3	2	2	1	0	1	3	0	2	4	1	1	2	1	1	2	0	1	0	0	1	1	2	1	1
chr9	102433	168499	66067	4	0	66067	40257	25810	5681	2051	2656	3722	2513	1676	2272	2243	2717	1126	1930	1840	3199	1658	1738	3233	2559	1474	434	2044	2051	1783	563	2175	1613	1307	547	1647	2483	2008	392	2730
chr9	168500	386499	218000	3	0	218000	128893	89107	17306	6569	8740	10611	8221	6489	8962	7970	8604	4143	7430	5784	9095	5099	5613	8257	8634	5138	1212	7316	8091	5161	1258	7627	6260	5195	1036	6216	8657	6642	1076	9586
chr9	386500	418499	32000	4	0	32000	18660	13340	2387	943	1231	1485	1171	1169	1278	1234	1248	608	1050	835	1241	670	845	1264	1255	985	142	1008	1404	806	144	1150	952	722	146	884	1241	992	146	1362
chr9	418500	540499	122000	3	0	122000	69931	52069	8836	3553	4845	5387	4567	3849	5303	4209	4623	2366	4575	3142	4594	2748	3064	4268	4709	2974	665	4168	4679	3354	823	4626	3631	3278	747	3708	4909	3876	637	5285
chr9	540500	634499	94000	4	0	94000	55474	38526	7403	2865	3862	4484	3508	2860	3906	3344	3592	1788	3168	2449	4111	2257	2351	3525	3762	2229	525	3254	3401	2323	565	3286	2731	2238	520	2693	3723	2785	436	4054
chr9	634500	721499	87000	5	0	87000	50653	36347	6819	2690	3456	3899	3173	2688	3898	3002	3344	1734	3049	2189	3528	2038	2198	2948	3544	2208	499	2898	3301	2186	502	3154	2592	2108	426	2611	3324	2641	413	3938
chr9	721500	1016499	295000	6	0	295000	164838	130162	21544	8366	11314	12131	10756	10057	13355	9491	10720	5831	11027	7392	10337	6438	7115	8962	11530	7629	2042	9491	11887	8655	2579	11647	9118	8782	2388	9444	11124	9702	1915	12229
chr9	1016500	1342499	326000	7	0	326000	194659	131341	25166	9835	13546	16226	12778	9357	12668	12482	13580	6173	10688	8920	13249	7598	8655	13736	13374	7471	1480	10638	11856	8145	1538	11302	9189	6864	1313	8810	12867	10361	1325	14808
chr9	1342500	1864499	522000	8	0	522000	317490	204510	40234	15828	22109	27593	20823	14712	19611	20989	22272	9914	16045	14779	22436	12407	14486	23251	21797	11711	2127	17226	18590	11642	1632	17378	14583	10012	1362	13439	21164	15877	1761	24208
chr9	1864500	2108499	244000	7	0	244000	146376	97624	18904	7371	10190	12593	9404	6875	9389	9403	10221	4503	7855	6655	10529	5697	6437	10349	9891	5404	1289	7862	8422	5873	1313	8380	7088	5189	1106	6571	9670	7522	986	11057
chr9	2108500	2249499	141000	6	0	141000	83269	57731	11077	4199	5875	6772	5319	4181	5723	5211	5642	2688	4673	3703	5885	3434	3653	5232	5738	3355	817	4593	5149	3610	717	5042	4006	3262	643	4093	5541	4291	677	6197
chr9	2249500	2353499	104000	5	0	104000	61033	42967	7415	2997	4371	5082	3975	3003	4227	3921	4283	2002	3612	2887	4192	2248	2886	3932	3993	2434	489	3334	3879	2840	430	3956	3080	2411	354	2981	4173	3420	366	4825
chr9	2353500	2421499	68000	6	0	68000	41628	26372	5560	2133	2967	3637	2718	1805	2647	2534	2954	1206	2050	1879	3065	1604	1877	2992	2791	1502	272	2182	2379	1466	199	2254	1906	1364	155	1811	2628	1967	200	3294
chr9	2421500	2610499	189000	5	0	189000	114572	74428	14608	5709	8126	9848	7501	5329	7199	7472	8050	3541	5794	5251	8134	4379	5312	8317	7817	4320	717	6104	6757	4401	557	6455	5327	3700	470	5167	7600	5749	582	8705
chr9	2610500	2771499	161000	6	0	161000	94726	66274	11812	4817	6856	7657	6180	4672	6477	5802	6378	3156	5408	4251	6772	3810	4586	6090	6259	3793	881	5523	5879	3993	858	5883	4684	3886	769	4673	6309	4941	694	7249
chr9	2771500	2954499	183000	7	0	183000	110472	72528	14307	5657	7711	9459	7268	5182	7041	7032	7588	3338	5753	5089	7971	4389	5010	7676	7508	4035	922	6102	6467	4188	708	6121	5292	3822	634	4960	7256	5439	742	8331
chr9	2954500	3452499	498000	8	0	498000	314101	183899	43614	15564	20988	29316	19771	12899	17125	19538	21151	8537	14012	13716	24945	12978	14113	25832	20830	10188	2112	16848	15609	9433	1617	14888	13049	8543	1360	12006	19846	13383	1691	22496
chr9	3452500	3587499	135000	7	0	135000	86309	48691	12356	4222	5610	8155	5251	3508	4453	5001	5387	2235	3664	3629	7349	3754	3944	7791	5710	2716	541	4752	4104	2497	485	3799	3275	2303	418	3174	5124	3371	474	5946
chr9	3587500	4265499	678000	6	0	678000	408821	269179	53343	20545	29114	34934	26499	19668	26151	26066	28922	12552	21526	18279	29172	16145	18234	27669	28187	15080	3190	22453	23844	15618	2648	23028	19348	14020	2203	18281	27006	20420	2589	31264
chr9	4265500	4384499	119000	5	0	119000	69808	49192	8706	3536	4982	5635	4473	3798	4752	4362	4915	2276	4079	3171	4765	2732	3139	4486	4869	2821	600	4051	4337	3086	680	4358	3384	2700	582	3282	4795	3854	530	5262
chr9	4384500	4532499	148000	4	0	148000	87220	60780	11302	4386	6041	7158	5826	4428	5985	5324	5907	2759	5206	4213	5853	3307	3837	5687	5852	3604	682	4742	5646	3749	721	5354	4156	3456	636	4096	5909	4661	639	6876
chr9	4532500	4610499	78000	3	0	78000	45093	32907	5530	2337	3191	3563	3073	2343	3406	2892	3090	1474	2748	2120	2928	1749	1894	2753	3165	1910	375	2453	3080	2130	359	3003	2401	1942	323	2334	3068	2590	323	3451
chr9	4610500	5062499	452000	2	0	452000	269782	182218	36857	13510	18253	22709	17546	13126	17876	16308	17855	8331	14722	12014	19071	10776	12032	18795	18163	10602	2189	14790	16727	10767	2491	15626	12555	10614	2231	12540	17410	13628	1957	19927
chr9	5062500	5567499	505000	3	0	505000	308555	196445	40645	15870	20870	27141	20128	13925	18829	19694	21109	9133	14923	14074	22644	12498	13959	23111	21255	11566	2122	16483	17734	11440	1958	16572	13694	9802	1694	12886	19893	14896	1810	22640
chr9	5567500	5770499	203000	2	0	203000	125118	77882	17470	6573	8340	10910	8092	5509	7554	7410	8124	3614	6001	5546	9607	5274	5765	9328	8375	4556	849	7190	6962	4329	827	6384	5280	3942	764	5138	7949	5674	714	8948
chr9	5770500	5837499	67000	1	0	67000	40817	26183	5692	2143	2816	3457	2596	1888	2609	2481	2637	1200	1972	1752	3185	1703	1794	2890	2794	1531	320	2289	2351	1392	298	2177	1870	1446	304	1850	2559	1849	278	2875
chr9	5837500	6170499	333000	2	0	333000	200235	132765	26714	10266	13787	17005	12941	9403	13174	11947	13375	6115	10857	8876	14742	8005	9172	13854	13226	7910	1411	11242	11965	7933	1354	11757	9124	7268	1279	9073	13150	9898	1256	14919
chr9	6170500	6321499	151000	3	0	151000	92601	58399	12665	4732	6414	7990	6168	4017	5695	5556	6428	2696	4707	4223	6540	3625	4303	6841	6103	3405	501	5061	5317	3264	417	5022	4072	2825	413	3944	5944	4526	493	7091
chr9	6321500	6442499	121000	4	0	121000	71556	49444	9584	3726	4945	5834	4863	3382	4899	4127	4728	2231	4143	3327	4914	2819	3395	4638	4643	2932	539	4044	4533	2922	618	4385	3370	2912	630	3486	4726	3692	545	5466
chr9	6442500	6792499	350000	3	0	350000	197633	152367	26978	9949	12709	14999	12890	11293	15814	11064	12077	6770	13343	9126	12690	7758	8699	11473	12838	9088	2174	11671	14342	9643	2933	13644	10504	10672	2805	10736	13377	11159	2266	14514
chr9	6792500	6913499	121000	4	0	121000	71885	49115	10017	3574	4610	6044	4512	3770	4849	4290	4459	2212	4047	3205	5257	2965	3161	4911	4909	2831	722	4060	4326	2957	805	4140	3453	2987	655	3347	4734	3453	616	5120
chr9	6913500	7026499	113000	5	0	113000	69777	43223	9652	3502	4509	6238	4310	3275	4229	4470	4446	1979	3301	3091	5493	2923	3011	5347	4885	2466	532	3797	3712	2287	470	3543	3106	2266	437	2904	4581	2993	437	4806
chr9	7026500	7237499	211000	6	0	211000	125536	85464	16031	6373	8932	10344	7943	6281	8713	8131	8844	3962	6883	5678	8862	4905	5572	8081	8737	4794	975	7015	7685	5094	803	7513	6195	4657	635	5993	8452	6549	787	9579
chr9	7237500	7329499	92000	7	0	92000	54727	37273	6934	2778	3935	4478	3734	2727	3708	3435	3908	1789	3181	2522	3551	2026	2506	3513	3820	2158	369	2973	3353	2217	299	3252	2665	1909	243	2615	3766	2837	307	4490
chr9	7329500	7462499	133000	8	0	133000	79847	53153	10346	3858	5818	6686	5180	3699	5242	5080	5729	2487	4405	3718	5454	3063	3617	5464	5325	2932	537	4313	4733	3206	422	4771	3674	2793	366	3741	5469	4201	412	6257
chr9	7462500	7674499	212000	9	0	212000	129161	82839	16629	6494	9215	11251	8628	5777	7914	8218	9186	3914	6787	6076	9146	4881	5910	9135	8594	4588	883	7001	7486	4510	644	7095	5846	4107	526	5595	8611	6530	687	10134
chr9	7674500	9117499	1443000	10	0	1443000	900950	542050	122254	44991	61475	82410	57798	38495	50800	57588	61372	25252	42203	40576	69706	36016	40627	69385	60354	29910	5977	48513	46841	27728	4484	43993	38901	25432	3840	36673	58585	39976	4917	65926
chr9	9117500	9231499	114000	9	0	114000	73364	40636	9962	3593	4789	7211	4573	2921	3616	4613	4717	1925	3077	3295	6302	3055	3424	6289	4970	2189	419	3916	3295	1868	317	3179	2830	1742	257	2639	4628	2860	355	5172
chr9	9231500	9615499	384000	10	0	384000	251237	132763	35655	12151	16243	25405	15644	9069	11614	15976	16610	6233	9609	10964	21545	10348	11198	22973	16509	7093	1378	12821	10889	5929	882	10060	9278	5363	710	8433	15625	9375	1066	17350
chr9	9615500	9735499	120000	9	0	120000	77903	42097	10830	3827	4970	7749	4877	2916	3688	4921	5079	1890	3174	3422	6590	3288	3525	7155	5141	2305	429	4046	3554	2016	262	3238	2911	1746	245	2638	4796	3003	332	5435
chr9	9735500	11813499	2078000	10	0	2078000	1348248	729752	191562	65482	85238	135274	84037	51749	64683	85055	87528	33564	53725	58435	114428	55378	60537	121571	89919	39624	7383	69247	60763	34303	5317	56174	51705	30800	4680	46585	83137	51830	6108	92177
chr9	11813500	12107332	293833	9	0	293833	192364	101469	28076	9359	12002	19513	12082	7200	8999	11680	12585	4642	7540	8162	16207	7892	8638	17787	12917	5563	959	9653	8376	4614	663	7653	7048	4083	546	6463	11620	7045	854	13410
chr9	12107333	12107372	40	9	0	40	27	13	16	0	0	0	1	0	1	0	0	3	4	0	0	0	0	0	1	0	1	1	0	0	1	0	0	0	1	1	2	1	1	3
chr9	12107373	12146499	39127	9	0	39127	26299	12828	4061	1299	1615	2774	1742	899	1042	1589	1661	638	928	1107	2285	1015	1128	2514	1737	724	104	1286	1056	479	57	967	857	453	38	736	1622	903	85	1724
chr9	12146500	12300499	154000	8	0	154000	99815	54185	14288	4831	6531	9908	6150	3727	4832	6062	6515	2540	4030	4287	8605	4019	4536	8952	6397	2954	592	5175	4495	2654	349	4321	3749	2369	309	3449	6130	3842	416	6984
chr9	12300500	12405499	105000	7	0	105000	67965	37035	9682	3339	4383	6789	4429	2566	3237	4160	4489	1767	2822	2966	5593	2688	3010	6045	4532	1997	383	3448	3103	1763	286	2781	2533	1529	259	2375	4224	2644	328	4848
chr9	12405500	12504499	99000	6	0	99000	63728	35272	9325	3008	4266	6156	4023	2492	3078	4132	4202	1638	2690	2874	5204	2582	2754	5302	4278	1843	334	3266	2956	1715	269	2711	2505	1477	225	2289	3986	2616	280	4522
chr9	12504500	12615499	111000	5	0	111000	71781	39219	9971	3465	4670	7252	4434	2726	3545	4558	4894	1829	2988	3086	6058	2759	3313	6232	4660	2071	379	3669	3186	1747	254	3087	2870	1631	231	2636	4546	2825	302	5124
chr9	12615500	12711499	96000	4	0	96000	62605	33395	9062	2960	4080	6456	3878	2457	2971	3811	4255	1534	2465	2648	5364	2485	2696	5481	4121	1769	366	3181	2766	1526	183	2617	2376	1398	180	2010	3854	2399	245	4404
chr9	12711500	12712749	1250	3	0	1250	867	383	139	50	64	86	65	20	27	40	62	14	27	38	72	35	39	88	60	16	3	40	22	15	0	32	25	7	0	21	45	31	1	64
chr9	12712751	13190500	477750	3	0	477750	301949	175801	42038	14873	20196	28429	19018	12375	16393	18712	20345	8313	13573	13358	24133	12234	13448	24509	20118	9466	2015	16196	14790	8682	1488	14237	12290	8028	1342	11560	19300	13021	1651	21617
chr9	13190501	13367500	177000	4	0	177000	111703	65297	16066	5495	7274	10643	7110	4472	6116	6756	7349	2973	5045	5010	8953	4483	5056	8901	7275	3615	686	5847	5586	3321	581	5390	4559	3154	595	4310	7034	4787	612	7944
chr9	13367501	13520500	153000	5	0	153000	94847	58153	12648	4734	6355	8861	6195	4192	5430	6168	6609	2617	4700	4287	7145	3692	4335	6878	6343	3186	611	5095	5172	3062	423	4753	4281	2740	394	3879	6189	4421	510	7093
chr9	13520501	13945500	425000	6	0	425000	264703	160297	35854	13403	17980	24113	17327	11354	14923	16853	18235	7568	12360	11769	19934	10467	12161	20400	18043	8969	1726	14055	14073	8674	1255	13096	11317	7492	975	10690	17024	11963	1362	19583
chr9	13945501	14308500	363000	5	0	363000	224939	138061	31309	11574	15794	19963	14421	10101	12889	13950	15347	6331	11000	9799	17563	8928	9771	16197	15199	7561	1733	12441	11755	7312	1259	11400	9831	6663	1097	9333	14576	10190	1431	16280
chr9	14308501	14406582	98082	4	0	98082	57192	40890	7831	2971	4146	4655	3675	2906	3691	3356	3978	1765	3269	2398	4120	2183	2486	3761	3775	2270	605	3175	3457	2994	860	3430	2861	2419	881	2752	3535	3058	582	4235
chr9	14406584	14450501	43918	4	0	43918	26164	17754	3353	1251	1864	2250	1660	1266	1710	1696	1843	820	1509	1171	1861	1004	1142	1763	1735	979	205	1422	1591	1148	207	1526	1222	1003	135	1238	1784	1342	177	2039
chr9	14450502	14569501	119000	5	0	119000	71576	47424	9261	3573	5040	6292	4597	3503	4503	4670	5165	2135	3847	3205	5143	2721	3085	4835	4985	2590	582	3775	4179	2943	491	4109	3327	2457	398	3234	4782	3733	481	5357
chr9	14569502	15064501	495000	6	0	495000	305275	189725	41740	15416	20640	27243	19913	13567	17971	18942	20421	8752	14645	14016	22965	12503	13503	23037	20766	10840	2174	16458	16641	10768	1814	15875	13335	9180	1622	12417	19650	14310	1864	22010
chr9	15064502	15204501	140000	5	0	140000	84784	55216	11681	4242	5909	7339	5501	3937	5457	5090	5741	2564	4558	3736	6247	3408	3724	5649	5611	3082	635	4823	4873	3019	589	4789	3881	3066	520	3728	5620	4103	568	6308
chr9	15204502	15309501	105000	4	0	105000	61761	43239	8290	3119	4160	5084	3907	3218	4194	3776	3934	2011	3726	2683	4523	2478	2692	3965	4230	2510	566	3520	3823	2690	691	3828	2996	2526	570	2934	4046	3305	513	4490
chr9	15309502	15502501	193000	3	0	193000	113661	79339	16019	5808	7417	9456	7549	5698	7750	6576	6968	3483	6713	5101	8164	4495	5050	7413	7371	4705	1055	6353	7330	4862	1285	6918	5446	5090	1135	5523	7426	5738	965	8136
chr9	15502502	15612501	110000	4	0	110000	65620	44380	9569	3322	4363	5453	4287	3165	4183	3781	4233	1971	3666	3058	4617	2550	2931	4470	4270	2570	636	3532	3966	2619	748	3744	2974	2630	750	3012	4206	3259	608	4855
chr9	15612502	15691501	79000	5	0	79000	49549	29451	7113	2604	3163	4480	3203	2112	2736	3061	3205	1335	2237	2262	3838	1949	2283	3966	3273	1667	374	2686	2624	1514	276	2256	2039	1400	291	2012	3176	2089	309	3465
chr9	15691502	15777501	86000	6	0	86000	54136	31864	7554	2654	3646	4979	3380	2335	2967	3254	3486	1488	2487	2308	4412	2357	2459	4368	3664	1785	359	3026	2716	1587	298	2552	2174	1512	248	2174	3382	2269	311	3807
chr9	15777502	15923501	146000	7	0	146000	94220	51780	13767	4938	6103	8976	6121	3636	4611	5774	6205	2410	3737	4089	7691	3863	4208	8090	6448	2901	592	4906	4384	2365	399	4005	3566	2151	345	3276	5744	3735	490	6472
chr9	15923502	16154501	231000	8	0	231000	136559	94441	16773	6850	9737	11218	8858	6888	9344	9003	9712	4492	7821	6249	9235	5148	5991	9240	9594	5283	1052	7449	8509	6099	920	8305	6751	4968	755	6480	9239	7483	893	10659
chr9	16154502	16493501	339000	9	0	339000	193822	145178	23192	9845	14227	14817	12796	10866	14746	12815	13869	6968	11947	8873	12223	7083	8290	11263	13932	8199	1853	10778	13270	10174	1821	12878	10587	8442	1430	10157	13434	11328	1498	15397
chr9	16493502	16657501	164000	10	0	164000	101731	62269	14485	5171	6959	8988	6170	4629	6029	6058	6679	2897	4887	4304	8269	4261	4524	7420	6975	3545	815	5623	5244	3239	621	5216	4323	3115	555	4231	6345	4421	671	7329
chr9	16657502	16766501	109000	9	0	109000	66859	42141	9577	3456	4553	5793	4043	3168	4080	3894	4423	1846	3383	2858	5336	2858	3005	4585	4568	2331	578	3851	3469	2325	542	3509	2931	2165	508	2854	4217	3024	460	4808
chr9	16766502	16852501	86000	10	0	86000	51563	34437	7436	2629	3529	4275	3344	2500	3435	2924	3333	1622	2713	2224	3756	2183	2370	3288	3331	1978	490	3135	3024	1891	463	2939	2447	2031	497	2319	3401	2417	420	3654
chr9	16852502	17074501	222000	9	0	222000	130625	91375	17506	6426	8670	10903	8285	6907	8882	7826	8411	4144	7749	5807	9303	5204	5707	8894	8825	5214	1288	7354	8244	5565	1497	7818	6229	5575	1362	6292	8602	6770	1195	9544
chr9	17074502	17205501	131000	10	0	131000	81330	49670	11457	4176	5230	7450	5279	3554	4682	4734	5370	2259	3747	3709	6207	3250	3700	6525	5359	2912	582	4386	4447	2616	653	3969	3305	2570	566	3219	5138	3586	575	5786
chr9	17205502	17337501	132000	9	0	132000	84093	47907	12218	4445	5291	7973	5523	3301	4435	5073	5540	2123	3479	3853	6647	3504	3725	6961	5758	2775	537	4303	4146	2397	439	3741	3260	2065	428	3063	5168	3486	518	5823
chr9	17337502	18192501	855000	10	0	855000	527629	327371	70425	26609	36194	46715	33250	23582	31330	34118	36277	15382	25326	23536	39992	21731	24042	39119	36204	18461	3709	28930	28704	17770	2755	27175	22834	15796	2461	22050	34538	24377	2869	38737
chr9	18192502	18402501	210000	9	0	210000	130279	79721	17577	6468	8829	11702	8128	5593	7556	8280	8843	3699	6341	5834	10029	5236	5959	10204	8609	4487	882	7018	6941	4289	696	6747	5562	3886	567	5319	8445	6011	661	9600
chr9	18402502	18579501	177000	8	0	177000	110420	66580	15248	5527	7521	10080	6941	4487	6335	6980	7649	3055	5342	4837	8539	4426	5082	8369	7171	3653	723	5948	5643	3489	563	5516	4792	3141	495	4562	7137	4928	565	8254
chr9	18579502	18686501	107000	7	0	107000	66705	40295	9337	3280	4545	6066	4360	2781	3938	4171	4588	1865	3103	3137	4944	2671	2956	4961	4419	2214	406	3558	3522	2086	313	3252	2923	1946	269	2694	4386	2927	342	5038
chr9	18686502	18802501	116000	6	0	116000	68746	47254	8403	3393	5065	5608	4457	3357	4640	4407	4700	2221	3873	3185	4908	2706	3262	4560	4624	2654	507	3892	4241	2837	508	4181	3399	2661	366	3404	4597	3615	405	5362
chr9	18802502	18913501	111000	5	0	111000	65057	45943	8202	3380	4660	5010	4319	3271	4756	4206	4592	2080	3759	3007	4139	2532	2960	4183	4539	2654	464	3606	4261	2855	400	4157	3388	2614	330	3236	4364	3549	388	5137
chr9	18913502	18993501	80000	4	0	80000	45900	34100	5552	2325	3404	3464	3066	2522	3497	2963	3170	1531	2845	2107	2957	1760	2039	2696	3158	2000	359	2621	3147	2334	322	3177	2530	2035	280	2483	3213	2611	325	3505
chr9	18993502	19072501	79000	3	0	79000	45731	33269	6322	2391	3146	3622	3051	2367	3313	2783	3005	1446	2621	2159	3103	1807	1988	2606	2995	2007	416	2593	3197	2194	563	2793	2357	2094	549	2280	2965	2452	410	3403
chr9	19072502	19462501	390000	2	0	390000	227108	162892	32911	11095	14353	18348	14694	12126	16446	12500	13374	7035	14168	10236	15728	9235	10135	14724	14730	9641	2125	12995	14979	9698	2803	14593	11160	11217	2788	11349	14897	11517	2234	16164
chr9	19462502	19552501	90000	3	0	90000	51689	38311	6360	2631	3696	3970	3490	2835	4062	3236	3625	1844	3073	2445	3182	1945	2204	3089	3602	2326	437	2890	3731	2520	432	3379	2700	2269	359	2678	3591	2947	362	4088
chr9	19552502	19630501	78000	4	0	78000	46238	31762	5685	2260	3350	3816	2974	2417	3133	3016	3313	1450	2622	2151	3139	1743	2132	3035	3181	1865	318	2506	2874	2013	219	2893	2323	1654	205	2174	3162	2467	244	3664
chr9	19630502	19715501	85000	5	0	85000	51560	33440	6563	2640	3568	4455	3379	2534	3295	3364	3616	1567	2545	2365	3667	2019	2360	3622	3690	1948	329	2792	2975	1927	286	2817	2516	1599	230	2237	3391	2531	249	3922
chr9	19715502	19823501	108000	6	0	108000	66779	41221	9052	3307	4620	6054	4249	2932	3923	4269	4607	1869	3112	3065	5125	2557	3059	4977	4393	2325	439	3508	3611	2312	370	3380	3051	2004	319	2856	4319	3032	332	4970
chr9	19823502	20179501	356000	7	0	356000	218703	137297	28979	10924	15049	19369	14223	9961	12938	14109	15148	6499	10638	9855	15971	8503	9962	16574	15073	7941	1372	11501	12423	7935	1043	11665	9663	6533	907	9100	14072	10657	1090	16321
chr9	20179502	20287501	108000	6	0	108000	64209	43791	8069	3154	4569	5338	4087	3118	4285	4226	4444	2053	3720	3032	4532	2358	2970	4252	4282	2502	414	3485	4004	2761	397	3865	3088	2317	325	3102	4342	3447	368	5092
chr9	20287502	20426501	139000	5	0	139000	84612	54388	11234	4280	6073	7248	5516	3980	5332	5179	5660	2577	4210	3833	6425	3425	3811	5827	5866	3070	612	4714	4763	3008	506	4683	3864	2875	423	3724	5514	4007	453	6306
chr9	20426502	20530501	104000	4	0	104000	66139	37861	9680	3402	4482	6114	4020	2664	3523	3932	4425	1734	2838	2789	5552	2773	3078	5131	4336	2181	408	3648	3183	1849	293	3177	2513	1742	275	2470	4107	2730	322	4627
chr9	20530502	20537027	6526	3	0	6526	3986	2540	630	196	269	343	260	182	259	236	248	117	164	183	300	155	175	268	262	149	34	205	245	129	27	212	184	150	29	201	246	186	30	250
chr9	20537028	20776500	239473	3	0	239473	147999	91474	20562	7414	10164	13383	9495	6630	8488	8760	9678	4102	7123	6576	11788	5922	6718	11195	9666	5087	1089	8226	8062	5047	980	7619	6329	4729	950	6210	9316	6845	881	10437
chr9	20776501	20877500	101000	4	0	101000	65447	35553	9519	3341	4365	6329	4105	2498	3151	3984	4366	1622	2492	2858	5564	2738	3022	5492	4318	2023	352	3506	3007	1626	243	2775	2433	1458	190	2283	3979	2544	349	4466
chr9	20877501	21093500	216000	5	0	216000	135455	80545	19039	6905	9241	12291	8554	5456	7585	8586	9369	3569	6182	6080	10513	5395	6209	10479	8908	4436	828	7153	6898	4171	658	6659	5779	3813	572	5470	8597	5966	702	9935
chr9	21093501	21228500	135000	6	0	135000	84355	50645	11611	4206	5696	7898	5444	3439	4935	5393	6079	2422	3857	3709	6277	3225	3594	6568	5650	2771	512	4360	4503	2754	360	4139	3564	2332	328	3304	5494	3899	396	6279
chr9	21228501	21356500	128000	7	0	128000	80450	47550	10879	4005	5258	7662	5247	3250	4612	5203	5627	2269	3635	3664	6051	3263	3474	6350	5488	2630	499	4170	4140	2398	324	3888	3367	2077	292	3082	5317	3645	393	5839
chr9	21356501	21660500	304000	8	0	304000	188862	115138	25967	9407	13004	17236	12072	8109	10839	11758	13037	5488	9272	8320	14537	7319	8336	14160	12621	6450	1192	10060	10040	6128	964	9661	7913	5453	918	7620	12204	8763	1040	14110
chr9	21660501	21887500	227000	7	0	227000	138793	88207	17954	7009	9806	12227	9092	6230	8330	8759	9588	4147	6748	6380	10361	5413	6398	10350	9214	5025	971	7589	7821	5030	842	7542	6276	4428	670	5936	9100	6752	795	10215
chr9	21887501	22034500	147000	6	0	147000	87855	59145	11655	4598	5982	7515	5713	4043	5381	5316	5962	2607	4709	3896	6420	3505	4045	6507	5788	3464	737	4764	5307	3964	962	4936	3910	3181	1011	3946	5447	4560	696	6471
chr9	22034501	22298500	264000	5	0	264000	164264	99736	22424	8186	11214	14917	10703	7122	9409	10133	11248	4770	7821	7346	12367	6397	7656	12550	11030	5623	928	8894	8769	5354	737	8259	6926	4741	648	6641	10642	7400	837	12306
chr9	22298501	22421500	123000	6	0	123000	77744	45256	10615	3890	5349	7402	5144	3124	4112	4901	5370	2133	3361	3518	6127	3038	3496	6163	5188	2521	416	4060	3965	2286	316	3663	3115	2055	309	2979	5013	3368	385	5616
chr9	22421501	22547500	126000	7	0	126000	79752	46248	10799	4043	5350	7603	5091	3179	4185	4961	5464	2147	3559	3455	6441	3244	3621	6609	5277	2591	504	4241	3984	2261	441	3633	3175	2092	397	3026	4979	3375	456	5815
chr9	22547501	22697500	150000	8	0	150000	95937	54063	13550	4743	6428	9289	6187	3739	4810	5890	6446	2494	4225	4242	7826	3763	4380	7923	6229	2987	494	5029	4653	2669	390	4246	3777	2300	347	3534	5967	4002	405	7034
chr9	22697501	22973500	276000	9	0	276000	177535	98465	25369	8697	11529	17446	11521	6889	8870	10964	11732	4672	7274	7794	14419	7073	7916	15370	11759	5431	1006	9135	8502	4688	648	7717	6873	4328	585	6320	11110	7107	837	12417
chr9	22973501	23184804	211304	10	0	211304	137059	74245	19778	6668	8776	13499	8507	5079	6725	8608	9036	3470	5439	5947	11399	5634	6155	12338	8968	3983	780	7120	6157	3490	542	5644	5323	3091	458	4796	8470	5269	618	9535
chr9	23184806	23574501	389696	10	0	389696	245620	144076	33945	12108	16512	22797	15815	10346	13173	15451	16596	6687	11105	11033	19006	9762	11041	20243	16578	7914	1535	12876	12383	7360	1170	11564	10137	6574	1006	9557	15687	10629	1271	17833
chr9	23574502	23698501	124000	9	0	124000	75270	48730	9599	3855	5429	6188	4765	3709	4743	4735	5117	2324	3830	3361	5591	3230	3476	5316	5253	2799	682	4384	4184	2613	416	4139	3571	2352	377	3328	4944	3588	473	5627
chr9	23698502	26526501	2828000	10	0	2828000	1808675	1019325	254547	89633	119104	174383	114775	71317	92130	111840	121061	47706	77086	79774	147284	72827	81999	153208	119963	56093	11011	94416	85461	50299	7981	80734	70925	43984	6849	65982	113713	74099	8627	129187
chr9	26526502	26671501	145000	9	0	145000	88390	56610	11635	4392	6128	7670	5786	4012	5372	5815	6209	2735	4651	4079	6195	3279	3974	6456	5998	3159	569	4692	5056	3316	458	4796	3985	2756	395	3756	5946	4395	452	6881
chr9	26671502	27313501	642000	8	0	642000	392341	249659	54382	19922	26284	34246	25175	17833	24009	23973	25581	11429	19780	17683	29696	16018	17777	28551	26192	14403	2964	21644	22195	13738	2910	20958	17382	13279	2515	17006	25221	18381	2629	28242
chr9	27313502	27476501	163000	9	0	163000	94510	68490	11671	4809	6913	7284	6053	4952	7131	5999	6776	3229	5696	4369	6178	3448	4222	5778	6357	3965	804	5312	6319	4481	684	6219	4932	3892	565	4889	6527	5365	637	7542
chr9	27476502	28247501	771000	10	0	771000	477007	293993	63369	23981	33277	42688	30720	20204	27758	30163	33117	13833	23040	21629	36110	19016	22068	36032	31758	16225	3149	25902	25229	15811	2644	24694	20891	14054	2182	19835	30968	22288	2651	35712
chr9	28247502	28270501	23000	9	0	23000	14808	8192	2040	701	1014	1453	872	550	725	948	1026	407	633	621	1270	647	709	1192	989	475	79	762	644	389	51	709	567	320	41	478	894	609	51	1132
chr9	28270502	29875501	1605000	10	0	1605000	1036731	568269	144456	50568	66763	102064	64128	40337	51307	65117	68499	26497	42145	45450	86768	42482	46991	93159	69180	30834	5606	54264	47086	26899	4087	44449	39572	23833	3450	36416	65051	40954	4509	72077
chr9	29875502	30355501	480000	9	0	480000	312763	167237	44191	15183	19634	31549	19391	11799	14903	19564	20300	7894	12350	13440	26675	12680	14075	29133	20817	8961	1688	16090	13772	7658	1111	12861	11612	7032	978	10672	19456	11751	1439	21339
chr9	30355502	30940501	585000	10	0	585000	384612	200388	55335	18623	23409	39948	24130	14139	17570	24128	24495	9335	14058	16376	33354	15788	16874	37048	25872	10799	2118	19096	16522	9093	1458	14950	14236	8189	1264	12527	23338	13942	1646	25338
chr9	30940502	31934501	994000	9	0	994000	639686	354314	89350	31311	40538	63269	39954	25057	32283	40504	42116	16428	26396	28051	53049	25862	28449	57068	42745	19584	3662	32667	29782	17422	2580	27752	25065	15206	2133	22724	40205	25324	2939	44523
chr9	31934502	32186501	252000	8	0	252000	157862	94138	21555	7767	10435	14795	10273	6782	8816	10208	10674	4434	7282	7086	12051	6181	6992	12529	10758	5306	901	8199	8364	4990	705	7521	6738	4248	576	6356	10219	7036	772	11449
chr9	32186502	32291501	105000	7	0	105000	65073	39927	8685	3287	4541	5828	4410	2724	3666	4264	4522	1892	3167	3067	4724	2435	2952	4909	4303	2227	366	3442	3609	2095	297	3250	2901	1877	274	2636	4250	3052	349	4997
chr9	32291502	32435501	144000	6	0	144000	86805	57195	11123	4249	5957	7457	5636	4189	5761	5458	5843	2763	4559	3961	6184	3406	3802	6456	5921	3298	642	4746	5141	3313	541	4906	4190	3034	466	3870	5792	4257	519	6558
chr9	32435502	32587501	152000	5	0	152000	90625	61375	12354	4671	6012	7587	5831	4450	6179	5374	6070	2771	4961	4176	6370	3661	4006	6151	6031	3583	825	5113	5613	3589	854	5166	4155	3514	753	4200	6035	4536	728	6679
chr9	32587502	32778501	191000	4	0	191000	112689	78311	14332	5673	7919	9286	7532	5515	7779	7332	8051	3689	6483	5339	7295	4204	4925	7333	7696	4479	820	6086	7383	4959	830	6750	5545	4200	664	5337	7535	6284	810	8933
chr9	32778502	32901501	123000	3	0	123000	72241	50759	8680	3570	5232	5852	4729	3614	5093	4503	4914	2424	4309	3394	5011	2841	3281	4793	4880	2958	496	4115	4667	3302	518	4509	3532	2749	439	3552	4861	3987	454	5739
chr9	32901502	33015501	114000	2	0	114000	65656	48344	8581	3264	4514	5142	4316	3616	4971	4034	4383	2200	4074	3030	4220	2553	2761	3996	4637	2812	604	3580	4476	3147	693	4319	3389	2969	603	3427	4435	3707	552	4993
chr9	33015502	33627501	612000	1	0	612000	335749	276251	40506	16372	23011	23938	21308	20753	29543	20075	21741	12549	24252	15165	20272	12902	14598	18764	23066	16425	3421	19664	26460	20931	4554	26040	18927	19470	3935	19650	23226	21158	3272	26050
chr9	33627502	33887501	260000	2	0	260000	152683	107317	20236	7608	9942	12483	9777	7868	10864	9122	9831	4920	9088	6864	10423	6119	6803	10733	10310	6379	1293	8533	9836	6627	1647	9315	7351	6485	1418	7420	10134	7934	1206	11429
chr9	33887502	34325501	438000	1	0	438000	245043	192957	34263	11864	15263	18216	15908	14735	20172	13103	13856	8311	17439	11208	15579	9925	11075	14125	16139	11652	2667	14377	18436	12440	3712	17861	13058	14405	3504	13891	16285	13952	2757	17820
chr9	34325502	34449501	124000	2	0	124000	66252	57748	7578	3209	4835	4352	4276	4081	6077	3794	4394	2593	5303	2964	3726	2422	3150	3498	4415	3424	592	3874	5489	4666	1027	5786	3816	4281	915	4208	4508	4598	650	5497
chr9	34449502	34601398	151897	1	0	151897	75203	76694	6643	3472	5426	4247	4654	5495	8433	4599	4999	3727	7171	3534	3492	2526	3359	3425	5613	4317	931	4359	7224	7789	1545	7906	4929	5964	1343	5342	5415	6394	841	6781
chr9	34601400	34624502	23103	1	0	23103	11184	11919	909	505	854	581	742	728	1233	690	740	582	1144	562	458	423	584	449	704	694	160	680	1124	1170	288	1263	773	939	256	838	792	1043	160	1033
chr9	34624503	34815502	191000	2	0	191000	103682	87318	11651	4907	7172	7387	6828	6204	9141	6363	6903	4056	7739	4955	5734	3920	4731	5989	7060	5222	927	5879	8514	7195	1453	8283	5763	5997	1278	6094	7199	7031	896	8527
chr9	34815503	35392502	577000	3	0	577000	326250	250750	40202	15960	23561	24201	21328	17586	25604	19368	21864	11681	21908	15216	20530	12532	15136	19571	21697	14676	2706	18680	23440	18180	3526	23755	16762	16276	2913	17469	21987	19769	2609	26305
chr9	35392503	35565502	173000	2	0	173000	98439	74561	12018	4813	7136	7254	6103	5160	7732	5744	6654	3427	6506	4523	6446	3916	4775	6231	6359	4395	773	5788	6959	5402	960	7099	4900	4723	767	5324	6521	5900	752	7938
chr9	35565503	35796502	231000	1	0	231000	119015	111985	13082	5621	8616	7406	7565	7668	11934	6823	7867	5108	10171	5591	6211	4411	5330	5610	7743	6525	1423	7117	10495	10113	2623	11118	7354	8569	2139	8028	8397	9142	1409	9789
chr9	35796503	35976502	180000	2	0	180000	98455	81545	11295	4689	6838	7072	6217	6177	8612	5990	6716	3890	7128	4605	5666	3493	4374	5693	7001	4691	1010	5547	7654	6360	1372	7798	5606	5414	1106	5646	6734	6719	924	7961
chr9	35976503	36087502	111000	3	0	111000	66387	44613	8625	3228	4620	5555	4249	3225	4401	4111	4524	2148	3702	3089	4630	2596	3083	4601	4496	2559	425	3717	4061	2739	450	3917	3007	2389	375	3013	4422	3479	404	5158
chr9	36087503	36754502	667000	2	0	667000	374715	292285	49675	18397	24667	28453	24351	21817	30082	21124	23238	12705	26021	17130	23929	14682	16538	21905	24766	17250	3936	21649	27454	19348	5541	26570	20040	20808	5116	20712	25114	21507	4097	28376
chr9	36754503	37011502	257000	3	0	257000	131197	125803	12805	6145	9812	8201	8392	9731	13866	8364	9371	5860	11348	6016	6395	4117	5163	5611	9822	6907	1682	7442	12155	11429	2198	12439	8810	9528	1702	9092	9566	10358	1456	11215
chr9	37011503	37163502	152000	2	0	152000	87252	64748	11480	4351	5876	7077	5589	4617	6378	5051	5708	2947	5576	3884	6007	3444	3833	5434	5910	3555	921	4973	5643	4464	1309	5745	4311	4236	1156	4408	5770	4906	902	6537
chr9	37163503	37233502	70000	3	0	70000	44341	25659	6746	2231	2803	4269	2743	1845	2422	2515	2829	1142	2003	1895	3731	1832	1987	3347	3003	1391	297	2359	2142	1388	220	2123	1701	1269	243	1653	2679	1825	286	3079
chr9	37233503	37380502	147000	2	0	147000	91219	55781	13188	4533	6062	8057	5554	3886	5350	5367	5794	2473	4511	3945	7304	3950	4163	7081	5946	3135	622	5139	4884	3035	557	4819	3649	3075	487	3709	5679	4051	574	6419
chr9	37380503	37488502	108000	1	0	108000	56742	51258	6820	2790	3878	3789	3738	3878	5694	3143	3537	2282	4551	2551	3182	2090	2245	2573	3887	3006	727	3419	4917	4204	1032	4882	3602	3985	942	3733	4047	3840	699	4335
chr9	37488503	37707502	219000	2	0	219000	121821	97179	14669	5955	8597	8755	7720	7286	10331	7342	8167	4494	8484	5623	7420	4587	5425	6964	8370	5595	1208	7149	8881	6838	1572	9065	6953	6427	1353	6999	8475	7496	1173	9625
chr9	37707503	37852502	145000	3	0	145000	83627	61373	11010	4106	5362	6737	5298	4495	6303	4794	5297	2715	5225	3741	5610	3351	3791	5792	5511	3602	796	4758	5651	3919	1088	5462	4218	4120	970	4298	5509	4479	828	6162
chr9	37852503	37947502	95000	4	0	95000	51584	43416	6134	2553	3594	3622	3329	3178	4811	3087	3255	1997	3680	2288	3185	1909	2191	2769	3644	2463	582	2948	4015	3406	692	4172	3152	3211	690	3221	3596	3205	484	3935
chr9	37947503	38094502	147000	3	0	147000	73356	73644	6986	3599	5439	4128	4653	5533	8485	4565	4939	3430	6564	3307	3574	2444	2980	2728	5414	4261	942	4389	7025	6597	1441	7405	5404	5824	1200	5502	5394	5786	887	6173
chr9	38094503	38229502	135000	2	0	135000	74542	60458	8661	3553	5377	5296	4934	4506	6496	4676	4937	2749	5532	3516	4354	2591	3209	4154	5146	3466	595	4192	5762	4552	678	5856	4432	4021	548	4475	5272	4810	561	6091
chr9	38229503	38538502	309000	3	0	309000	169965	139035	19314	8129	12053	12520	11067	10337	14833	10983	11642	6572	12141	8049	9993	5966	6917	9448	12121	7694	1687	9502	12934	10823	2164	12977	9955	9208	1733	9832	12211	11172	1388	13633
chr9	38538503	38615502	77000	4	0	77000	44633	32367	5586	2134	3273	3569	2852	2369	3479	2922	3119	1525	2557	1925	3005	1747	1830	2740	3043	1982	304	2445	3144	2219	292	2915	2346	1985	194	2371	3090	2384	244	3408
chr9	38615503	38711502	96000	5	0	96000	53850	42150	6861	2605	3523	4187	3398	3572	4271	3378	3604	1917	3601	2380	3313	1933	2185	3121	4057	2306	697	2967	3701	2799	918	3476	3176	2718	802	3030	3685	3072	637	4108
chr9	38711503	38769756	58254	6	0	58254	33339	24915	4146	1584	2156	2741	2057	1891	2583	2097	2225	1176	2204	1575	2198	1224	1395	2085	2337	1291	379	1868	2242	1664	436	2131	1685	1536	370	1795	2364	1982	291	2544
chr9	38769757	38770081	325	6	0	325	156	169	14	8	5	11	10	13	23	7	4	5	17	8	11	7	6	6	11	10	3	9	13	12	5	18	17	18	5	13	12	8	3	11
chr9	38770082	38774621	4540	6	0	4540	2907	1633	452	135	154	320	195	111	160	192	204	56	119	143	210	111	113	230	163	103	14	133	169	80	8	125	131	79	11	95	196	120	13	193
chr9	38774622	38775251	630	6	0	630	435	195	63	20	32	46	28	5	20	26	33	9	7	21	36	22	18	47	30	7	0	19	20	6	0	11	12	6	1	13	17	18	1	34
chr9	38775259	38775650	392	6	0	392	276	116	49	13	8	38	26	7	9	19	19	2	5	19	15	13	7	25	19	7	1	8	12	2	0	10	5	6	0	1	25	9	1	10
chr9	38775652	38775675	24	6	0	24	16	8	2	1	2	1	1	0	1	1	2	1	0	0	2	0	0	0	1	0	0	1	1	0	0	0	1	1	0	0	0	0	0	3
chr9	38775677	38776666	990	6	0	990	662	328	109	36	49	72	47	15	31	36	49	18	14	29	61	24	33	38	40	14	1	38	33	12	0	25	15	20	1	18	40	24	0	46
chr9	38776667	38776788	122	7	0	122	76	46	5	2	8	6	6	8	3	2	6	1	4	3	4	4	2	11	6	1	0	7	3	4	0	2	5	1	0	2	5	3	0	6
chr9	38776792	38777348	557	7	0	557	385	172	77	17	29	29	26	13	11	23	27	5	12	14	22	26	18	34	33	10	0	18	13	5	0	11	9	5	0	10	18	9	0	31
chr9	38777349	38778172	824	7	0	824	528	296	67	25	29	62	38	24	28	31	40	16	16	18	38	22	20	53	42	17	6	22	30	11	3	19	20	14	6	15	29	21	3	37
chr9	38778173	38778189	17	6	0	17	5	12	0	1	0	0	0	1	1	0	1	0	1	0	0	0	0	0	0	1	0	1	1	2	0	1	1	1	0	0	0	2	0	0
chr9	38778190	38779394	1205	7	0	1205	820	385	125	46	50	88	48	30	32	42	59	11	31	36	77	31	30	84	54	24	4	36	25	14	4	33	23	14	1	14	50	24	3	60
chr9	38779396	38779441	46	7	0	46	21	25	0	2	2	1	1	0	3	1	3	1	2	1	1	0	2	1	1	0	0	1	4	1	1	1	0	2	0	5	0	4	1	2
chr9	38779443	38779692	250	7	0	250	115	135	7	1	13	7	6	14	17	6	13	6	7	5	2	3	4	2	4	8	1	11	14	18	0	14	13	9	2	10	13	11	1	6
chr9	38779694	38779734	41	7	0	41	21	20	1	1	1	1	1	3	2	0	0	1	1	2	2	0	1	3	2	2	1	0	2	1	1	1	3	0	0	2	0	2	0	2
chr9	38779736	38780669	934	7	0	934	465	469	48	28	39	17	35	24	69	20	35	26	45	21	14	14	20	8	31	26	5	30	42	32	5	49	40	32	3	47	36	38	5	48
chr9	38780671	38780718	48	7	0	48	25	23	3	2	2	0	1	3	2	1	3	3	0	1	0	1	1	0	1	2	4	2	2	0	1	2	1	1	0	0	3	2	1	1
chr9	38780721	38781546	826	7	0	826	497	329	67	31	46	38	39	16	30	30	49	13	29	26	27	15	18	22	30	14	5	26	30	14	5	23	18	21	1	24	37	23	7	50
chr9	38781556	38781948	393	7	0	393	243	150	26	8	20	21	17	10	13	16	11	15	13	17	20	6	10	18	19	9	2	9	14	10	0	11	10	5	0	5	14	11	0	31
chr9	38781950	38781982	33	7	0	33	22	11	1	2	2	3	2	0	1	1	2	0	0	2	2	0	0	2	1	0	0	1	1	0	0	2	2	0	0	0	1	3	0	0
chr9	38781984	38782571	588	7	0	588	365	223	47	27	24	29	24	21	29	20	34	10	22	13	21	10	17	16	33	13	0	22	18	6	0	11	18	3	1	18	25	13	1	40
chr9	38782573	38782612	40	7	0	40	26	14	3	0	1	3	3	1	1	1	1	2	0	3	1	0	4	1	1	0	0	2	1	0	0	0	2	0	0	2	2	1	0	2
chr9	38782614	38782998	385	7	0	385	238	147	26	9	15	28	13	7	15	11	25	5	12	15	13	10	15	18	11	13	0	7	17	7	1	17	5	4	0	7	12	18	1	26
chr9	38782999	38783010	12	6	0	12	5	7	0	0	0	0	0	0	1	1	0	0	0	1	0	0	0	0	0	0	0	0	1	0	0	1	1	2	0	1	0	0	0	1
chr9	38783011	38784146	1136	7	0	1136	691	445	89	39	51	62	68	23	39	53	51	17	27	41	33	26	25	46	49	21	6	29	44	24	1	35	34	27	1	36	56	33	6	42
chr9	38784148	38784165	18	7	0	18	11	7	1	1	0	0	0	0	2	0	0	1	1	1	0	1	0	1	2	1	0	0	1	0	0	0	0	0	0	0	0	0	0	3
chr9	38784167	38784289	123	7	0	123	74	49	12	7	3	6	6	3	6	4	7	2	2	5	3	2	2	3	9	4	0	0	6	5	0	4	1	1	0	2	4	5	0	7
chr9	38784291	38784360	70	7	0	70	43	27	5	1	5	4	2	1	2	3	4	1	0	1	4	3	3	4	3	2	0	1	2	2	0	3	0	2	0	4	2	2	0	2
chr9	38784362	38785361	1000	7	0	1000	607	393	87	37	34	48	55	36	30	59	35	22	18	35	29	18	28	35	59	25	0	29	48	21	0	28	33	20	3	16	39	31	3	37
chr9	38785363	38785412	50	7	0	50	31	19	2	2	0	4	0	0	0	5	0	0	3	3	6	1	3	2	1	1	0	1	0	3	0	3	1	0	0	1	2	3	0	1
chr9	38785414	38785569	156	7	0	156	110	46	29	3	8	7	6	8	2	11	5	2	1	1	6	7	2	11	12	2	0	5	4	0	0	1	9	2	0	1	2	1	0	6
chr9	38785574	38785701	128	7	0	128	45	83	0	2	2	1	1	3	11	1	4	3	11	2	0	2	2	0	2	2	2	4	4	9	5	7	6	8	4	9	4	6	3	6
chr9	38785703	38785807	105	7	0	105	57	48	19	2	0	3	1	4	2	3	1	3	4	5	3	2	4	1	2	5	3	1	4	3	4	3	1	4	1	2	3	3	3	4
chr9	38785809	38786391	583	7	0	583	353	230	49	24	28	28	28	20	21	16	22	7	9	15	30	15	16	25	22	12	4	27	31	14	0	15	17	17	4	12	15	16	2	20
chr9	38786393	38786414	22	7	0	22	11	11	0	1	1	0	1	0	2	0	0	1	0	0	1	2	1	0	1	0	0	3	1	1	0	1	1	1	0	0	0	1	0	0
chr9	38786416	38788199	1784	7	0	1784	1178	606	182	71	79	110	91	44	53	81	82	39	40	43	87	49	43	83	98	38	3	64	47	24	1	39	47	14	2	25	77	35	4	87
chr9	38788200	38788226	27	6	0	27	27	0	13	0	0	5	0	0	0	0	0	0	0	0	5	0	0	2	0	0	0	0	0	0	0	0	0	0	0	0	0	0	0	0
chr9	38788227	38788390	164	7	0	164	71	93	9	2	1	5	3	8	16	1	2	3	13	2	1	1	2	0	3	3	2	6	9	5	2	9	9	12	3	10	7	5	1	7
chr9	38788392	38789821	1430	7	0	1430	853	577	131	36	61	78	41	45	59	41	69	23	49	42	65	35	25	53	55	35	11	37	54	32	16	42	28	36	10	36	49	42	13	79
chr9	38789823	38789889	67	7	0	67	21	46	0	1	0	1	0	3	4	1	2	1	4	0	0	2	2	0	1	2	2	2	4	3	3	4	1	8	4	3	2	3	1	1
chr9	38789891	38789978	88	7	0	88	38	50	9	0	2	0	2	3	6	1	1	1	7	3	0	1	1	0	1	0	0	4	4	1	3	2	5	7	5	5	2	3	2	5
chr9	38789979	38790475	497	7	0	497	270	227	42	10	9	23	17	19	21	11	13	14	21	13	13	11	15	17	17	14	8	14	20	15	7	18	13	15	11	13	18	16	6	21
chr9	38790476	38790830	355	7	0	355	206	149	19	10	15	23	21	8	13	14	18	9	13	13	9	3	8	10	15	10	1	4	13	5	2	19	11	6	1	8	17	17	0	18
chr9	38790832	38790853	22	7	0	22	12	10	1	0	3	0	0	3	0	0	2	0	2	0	0	0	0	0	1	1	0	1	1	0	0	1	0	0	0	0	0	1	0	3
chr9	38790855	38791428	574	7	0	574	314	260	27	15	22	23	21	22	30	21	22	12	24	16	17	14	11	16	23	18	0	22	24	21	4	23	20	13	2	15	27	20	0	27
chr9	38791430	38791493	64	7	0	64	24	40	1	1	2	1	2	2	4	0	2	0	2	2	0	0	3	1	1	1	0	1	3	8	0	9	2	7	0	1	2	4	0	0
chr9	38791495	38791681	187	7	0	187	85	102	5	3	7	5	7	10	9	5	5	7	8	6	3	2	1	2	10	7	1	4	10	13	5	9	3	5	2	6	8	12	0	5
chr9	38791683	38791728	46	7	0	46	28	18	6	3	2	1	3	0	1	2	1	1	3	1	2	0	0	2	0	0	0	3	2	1	0	0	2	1	0	1	2	1	1	2
chr9	38791730	38791999	270	7	0	270	200	70	49	11	9	20	8	3	5	12	6	4	5	5	25	7	9	21	10	5	0	10	5	3	0	6	4	3	0	3	9	2	0	9
chr9	38792001	38792077	77	7	0	77	30	47	0	1	1	1	2	5	8	0	1	2	7	1	0	0	0	0	2	2	1	3	4	2	1	4	6	3	1	6	3	3	1	4
chr9	38792083	38792209	127	7	0	127	66	61	9	4	1	4	4	6	6	3	2	2	4	4	3	5	6	2	6	5	1	5	8	5	1	6	3	6	0	2	2	4	2	4
chr9	38792211	38792321	111	7	0	111	55	56	12	1	3	3	1	8	6	1	2	1	4	3	5	2	0	1	3	5	1	3	8	4	2	7	1	8	1	2	4	4	2	1
chr9	38792322	38792367	46	6	0	46	46	0	17	0	0	1	0	0	0	0	0	0	0	0	0	0	0	26	0	0	0	0	0	0	0	0	0	0	0	0	0	0	0	0
chr9	38792368	38792769	402	7	0	402	232	170	24	9	11	19	16	13	14	16	13	9	19	8	10	13	9	28	18	9	3	14	12	18	1	22	11	6	0	7	18	20	0	10
chr9	38792771	38792811	41	7	0	41	24	17	0	2	1	1	1	1	2	5	3	2	0	3	0	0	1	0	3	2	0	0	1	0	0	3	0	0	0	0	5	2	0	1
chr9	38792813	38793019	207	7	0	207	141	66	25	6	7	16	6	16	5	5	11	2	1	4	12	5	6	13	20	5	1	3	4	0	0	6	3	1	2	2	6	4	1	7
chr9	38793020	38793037	18	6	0	18	12	6	1	1	2	0	0	0	1	1	1	0	1	0	2	1	0	1	0	0	0	2	0	0	0	0	0	0	0	0	1	0	0	1
chr9	38793038	38793155	118	7	0	118	65	53	3	5	1	3	3	7	3	9	3	0	1	4	3	5	7	7	6	7	4	0	4	5	0	6	9	0	0	3	3	3	0	2
chr9	38793162	38793514	353	7	0	353	206	147	21	14	10	13	11	15	13	28	17	9	6	9	9	7	8	14	24	10	0	13	17	14	1	9	9	4	0	5	17	13	1	10
chr9	38793516	38793534	19	7	0	19	13	6	0	0	0	1	0	0	1	1	0	0	0	0	1	3	0	4	0	2	0	1	2	1	0	0	0	0	0	0	0	0	0	0
chr9	38793536	38794078	543	7	0	543	341	202	62	16	23	32	29	15	18	24	24	10	12	21	17	9	15	13	24	13	0	13	25	8	0	12	15	9	1	14	22	15	1	29
chr9	38794079	38794241	163	7	0	163	107	56	19	9	9	6	5	2	2	9	6	4	2	4	12	3	8	5	5	7	0	6	4	3	0	9	3	2	0	1	6	4	0	6
chr9	38794244	38795164	921	7	0	921	612	309	107	43	21	55	41	22	29	48	36	14	19	19	41	30	19	66	52	26	4	27	33	11	4	18	18	10	1	17	38	19	5	26
chr9	38795166	38795295	130	7	0	130	87	43	9	4	5	10	7	4	1	6	6	0	3	7	5	5	5	9	5	3	1	3	7	0	0	1	1	3	0	2	5	2	1	8
chr9	38795297	38795318	22	7	0	22	17	5	3	1	1	1	1	0	0	1	0	1	1	0	1	0	0	4	0	1	0	1	1	0	0	0	0	0	0	0	1	0	0	1
chr9	38795320	38795848	529	7	0	529	364	165	58	20	22	44	30	9	6	22	26	9	11	15	29	11	22	28	21	13	3	12	14	10	1	8	10	4	0	8	22	6	0	33
chr9	38795849	38795935	87	7	0	87	63	24	9	6	4	5	4	3	2	3	2	0	1	4	9	1	2	8	6	0	0	4	2	0	0	1	1	1	0	0	3	2	0	2
chr9	38795944	38796114	171	7	0	171	120	51	18	4	9	17	14	1	4	3	8	2	3	6	8	5	6	11	7	0	0	5	3	0	0	2	6	3	0	5	6	2	2	9
chr9	38796115	38796177	63	7	0	63	45	18	6	1	5	7	2	1	0	4	5	1	0	1	4	1	1	4	2	1	0	1	3	0	0	2	1	1	0	0	1	3	0	3
chr9	38796179	38796246	68	7	0	68	50	18	9	3	3	7	5	2	0	2	3	0	1	1	4	3	1	4	3	2	0	3	1	0	0	2	1	0	0	1	4	1	0	0
chr9	38796248	38796433	186	7	0	186	133	53	22	5	6	18	5	7	6	5	9	1	1	8	13	4	10	11	9	3	0	5	3	1	0	3	4	0	0	6	7	3	0	9
chr9	38796435	38796475	41	7	0	41	29	12	6	0	2	4	0	0	2	2	4	0	1	2	2	0	1	2	0	0	0	0	1	0	0	0	1	1	0	2	2	0	0	4
chr9	38796477	38796709	233	7	0	233	151	82	32	9	13	13	8	3	5	8	12	7	4	2	14	5	6	9	7	6	1	10	6	9	0	11	1	2	1	2	9	9	2	5
chr9	38796711	38796738	28	7	0	28	12	16	0	1	2	0	2	0	1	0	0	0	2	2	1	1	0	0	0	1	0	1	1	0	1	1	2	1	1	1	0	1	2	1
chr9	38796740	38796841	102	7	0	102	57	45	22	1	3	2	2	3	7	1	3	1	5	1	0	2	2	0	1	3	0	3	4	3	1	5	3	5	0	6	5	2	1	3
chr9	38796842	38796855	14	6	0	14	8	6	1	0	0	0	0	0	1	0	0	1	0	0	1	2	1	0	1	0	1	1	0	0	1	0	0	0	0	0	0	0	0	1
chr9	38796856	38796914	59	7	0	59	27	32	2	3	0	0	2	3	3	4	1	3	4	2	0	0	0	0	1	7	0	1	5	1	0	4	0	1	0	1	6	2	0	1
chr9	38796916	38797040	125	7	0	125	68	57	10	2	2	7	4	6	6	9	5	0	5	7	2	1	0	1	5	1	0	3	5	3	2	4	7	6	0	3	8	5	0	4
chr9	38797042	38797163	122	7	0	122	76	46	7	2	5	9	3	4	3	7	4	2	0	4	9	2	3	12	5	4	0	1	7	5	0	5	2	2	0	3	2	6	0	2
chr9	38797165	38797219	55	7	0	55	39	16	9	0	2	6	3	1	0	3	1	0	0	3	4	0	2	4	1	0	0	0	2	1	0	1	4	0	0	2	1	2	0	1
chr9	38797221	38797298	78	7	0	78	51	27	6	1	5	4	2	0	4	2	6	2	0	2	3	2	2	8	2	3	0	0	3	2	0	3	1	0	0	3	2	3	0	5
chr9	38797300	38797334	35	7	0	35	24	11	7	1	2	2	2	1	0	0	4	0	1	0	1	0	1	0	1	0	0	1	1	1	0	2	0	0	0	0	1	3	0	1
chr9	38797336	38797928	593	7	0	593	378	215	48	16	27	32	30	18	12	30	19	7	15	17	26	25	12	43	23	16	1	26	25	17	1	11	21	4	0	11	20	17	2	19
chr9	38797930	38797947	18	7	0	18	13	5	5	2	1	0	0	0	1	0	1	0	0	0	2	0	0	0	1	0	0	1	0	0	0	1	0	0	0	0	0	1	0	0
chr9	38797949	38798721	773	7	0	773	460	313	85	23	18	40	36	26	32	26	20	14	21	21	25	22	24	27	35	17	5	28	34	13	6	23	26	25	7	16	25	22	2	27
chr9	38798725	38798983	259	7	0	259	175	84	33	8	19	15	11	4	4	11	13	8	4	6	17	2	11	8	9	3	0	10	6	4	0	4	4	5	0	7	11	3	0	17
chr9	38798985	38798999	15	7	0	15	9	6	0	0	1	1	1	2	0	0	1	0	0	0	1	0	0	1	0	1	0	1	1	0	0	0	1	0	0	0	1	0	0	0
chr9	38799001	38799507	507	7	0	507	332	175	51	21	22	29	33	14	13	22	23	7	6	14	16	20	13	27	32	13	1	16	21	6	1	8	11	5	0	10	17	12	0	21
chr9	38799509	38799552	44	7	0	44	37	7	22	1	2	3	2	0	0	0	2	0	0	1	1	1	0	0	1	0	0	1	0	1	0	1	0	0	0	0	1	1	0	1
chr9	38799553	38800526	974	7	0	974	590	384	65	26	45	50	34	25	45	35	40	22	26	25	47	23	30	52	33	22	0	41	35	19	2	36	31	21	1	29	39	30	3	40
chr9	38800528	38800577	50	7	0	50	34	16	2	3	2	4	3	0	3	1	2	0	0	2	4	1	0	5	3	0	0	2	1	1	0	1	4	0	0	0	0	2	0	2
chr9	38800579	38801218	640	7	0	640	439	201	73	36	30	41	33	9	15	28	46	6	12	21	29	13	16	30	25	14	5	20	19	3	2	10	8	2	0	8	33	15	1	35
chr9	38801219	38801229	11	6	0	11	7	4	0	1	1	0	1	0	0	0	1	0	0	1	0	0	0	1	0	0	0	0	0	0	0	1	0	0	0	0	1	1	0	0
chr9	38801230	38801283	54	7	0	54	36	18	4	2	2	1	0	2	1	3	2	2	2	1	4	1	4	3	3	1	0	3	0	0	0	2	2	0	0	0	1	1	0	5
chr9	38801285	38801332	48	7	0	48	30	18	4	2	1	3	1	0	2	0	4	1	1	1	1	1	4	4	1	2	0	1	1	1	0	3	0	0	0	0	1	3	0	3
chr9	38801334	38801481	148	7	0	148	98	50	16	11	5	8	11	2	9	2	7	2	1	11	6	1	2	3	8	3	0	5	5	0	0	1	3	1	0	2	8	2	2	9
chr9	38801483	38801531	49	7	0	49	32	17	4	1	2	3	1	0	1	1	3	1	3	3	1	0	3	3	0	0	0	2	2	1	0	2	0	0	0	0	1	4	0	5
chr9	38801533	38801769	237	7	0	237	155	82	22	12	7	10	15	5	5	15	4	2	3	14	11	6	6	17	14	5	0	6	7	6	0	7	8	1	0	5	11	8	0	3
chr9	38801774	38802036	263	7	0	263	188	75	33	12	6	25	14	6	5	3	11	3	5	11	16	6	15	15	10	7	1	9	5	1	0	6	2	1	0	3	11	3	3	13
chr9	38802037	38802082	46	7	0	46	17	29	0	0	1	0	1	3	4	0	0	3	4	0	0	0	0	0	1	1	1	3	3	1	1	1	4	2	2	2	1	2	0	3
chr9	38802084	38802204	121	7	0	121	58	63	4	3	4	4	5	4	10	0	3	0	7	2	3	5	2	0	3	2	0	7	6	3	1	7	6	8	1	5	4	4	2	4
chr9	38802206	38802264	59	7	0	59	24	35	2	3	0	0	2	2	5	2	1	2	3	2	0	0	0	0	1	5	0	1	4	2	1	4	1	4	1	1	5	1	0	2
chr9	38802266	38802619	354	7	0	354	238	116	44	10	11	30	18	10	10	14	12	4	5	9	20	10	7	23	19	5	3	7	11	5	0	10	6	11	1	7	16	5	0	9
chr9	38802621	38802705	85	7	0	85	45	40	13	0	2	2	2	3	5	0	2	2	5	2	0	3	1	2	1	0	2	4	3	1	2	1	5	4	2	3	1	2	2	6
chr9	38802708	38802916	209	7	0	209	92	117	9	3	6	5	5	9	11	3	5	6	9	5	4	5	6	1	6	8	4	5	10	9	8	11	5	12	4	8	7	9	2	7
chr9	38802918	38802938	21	7	0	21	5	16	0	0	0	0	0	1	1	0	0	0	2	0	0	0	0	0	0	1	0	0	2	0	1	2	0	4	3	1	1	0	0	0
chr9	38802939	38803094	156	7	0	156	102	54	11	8	5	6	7	5	8	3	6	8	3	5	6	4	8	8	13	2	0	9	2	0	0	3	1	0	0	1	7	3	0	12
chr9	38803096	38803121	26	7	0	26	19	7	3	1	2	2	0	0	0	0	1	0	2	0	4	1	0	2	0	2	0	0	0	0	0	1	0	0	0	0	0	0	0	3
chr9	38803123	38803326	204	7	0	204	97	107	8	3	9	2	7	15	7	8	7	2	14	7	1	1	3	1	4	7	4	6	13	10	1	6	10	7	1	8	11	6	0	13
chr9	38803328	38803373	46	7	0	46	24	22	2	2	3	0	3	1	1	4	1	0	2	2	1	1	0	0	3	0	0	1	4	0	0	2	1	3	0	2	2	3	0	0
chr9	38803375	38805321	1947	7	0	1947	1189	758	155	52	88	103	85	40	82	64	70	40	50	52	88	56	57	107	71	44	0	72	83	55	2	61	53	46	1	56	64	55	5	88
chr9	38805327	38805374	48	7	0	48	27	21	4	1	3	1	3	4	2	1	2	2	0	1	0	1	1	0	4	1	0	3	2	1	0	2	0	1	0	1	3	2	0	0
chr9	38805376	38805616	241	7	0	241	148	93	17	3	14	13	10	4	9	16	10	7	7	9	11	5	2	10	5	5	0	9	9	4	0	8	10	4	0	6	15	8	0	9
chr9	38805617	38805627	11	6	0	11	6	5	1	0	2	0	0	0	0	0	2	1	0	0	0	0	0	0	0	0	0	1	0	0	0	0	0	0	0	0	0	1	0	1
chr9	38805628	38805721	94	7	0	94	69	25	6	2	4	10	4	1	0	4	3	0	3	6	11	2	5	6	3	0	0	2	2	0	0	2	2	1	0	1	2	3	0	7
chr9	38805725	38806074	350	7	0	350	257	93	43	10	13	35	16	5	4	14	18	2	8	6	25	13	11	33	11	6	0	13	10	2	1	3	5	4	0	3	13	4	1	16
chr9	38806076	38806108	33	7	0	33	16	17	3	1	0	1	1	2	2	1	0	1	2	0	1	0	1	0	0	1	0	2	1	1	0	3	2	2	0	0	2	1	0	0
chr9	38806110	38807007	898	7	0	898	539	359	82	30	36	44	36	28	37	32	36	17	30	19	38	18	17	39	41	23	4	25	33	24	1	37	29	17	1	21	30	32	2	37
chr9	38807010	38807050	41	7	0	41	17	24	1	0	0	2	0	2	3	0	2	1	4	0	0	1	1	0	2	2	0	0	1	2	1	3	0	1	1	2	2	3	0	2
chr9	38807052	38807427	376	7	0	376	217	159	21	7	20	18	14	19	10	13	21	7	17	10	10	10	8	11	20	10	2	10	16	10	0	17	4	8	1	5	16	15	1	23
chr9	38807429	38807439	11	7	0	11	5	6	0	0	0	0	0	3	0	1	0	0	0	0	0	0	0	0	3	0	0	0	0	0	0	0	1	0	1	0	0	0	0	0
chr9	38807440	38807597	158	7	0	158	81	77	5	2	4	6	3	10	6	4	2	3	6	7	7	2	2	11	8	5	3	2	8	4	2	8	2	9	4	3	5	5	3	5
chr9	38807602	38807691	90	7	0	90	45	45	9	0	1	4	2	2	4	3	1	2	3	0	2	4	5	1	3	2	1	3	6	3	2	4	1	6	3	4	1	4	0	2
chr9	38807693	38807787	95	7	0	95	44	51	11	1	1	0	1	5	6	1	1	2	10	3	0	0	0	0	2	2	0	4	4	3	4	2	5	4	1	4	2	4	3	7
chr9	38807797	38808198	402	7	0	402	235	167	19	17	19	18	18	12	13	13	19	7	13	8	16	9	14	19	16	13	2	14	19	7	2	18	8	11	0	9	13	15	2	17
chr9	38808206	38808227	22	7	0	22	10	12	1	1	1	0	1	2	1	0	0	1	0	0	1	0	0	0	0	2	0	1	3	1	0	1	0	2	0	0	1	0	0	0
chr9	38808229	38808876	648	7	0	648	355	293	25	20	21	24	22	22	39	17	27	19	32	18	17	16	16	19	25	16	3	33	27	18	2	26	17	15	2	12	31	24	5	36
chr9	38808878	38808974	97	7	0	97	45	52	1	2	3	0	0	6	6	3	3	4	8	3	2	1	1	0	4	2	2	5	1	3	2	5	4	2	0	4	8	4	2	4
chr9	38808976	38809097	122	7	0	122	80	42	15	4	4	4	3	4	5	8	5	1	8	3	4	6	1	5	8	0	2	5	2	0	0	0	1	1	0	4	8	1	0	8
chr9	38809100	38809525	426	7	0	426	256	170	41	12	13	33	16	13	17	14	14	5	13	9	26	11	9	8	17	12	0	12	14	10	6	16	11	14	4	13	18	10	2	11
chr9	38809531	38809581	51	7	0	51	27	24	9	0	1	0	2	2	3	0	0	3	4	0	0	0	2	0	1	1	1	2	1	1	1	1	3	1	0	3	2	1	0	4
chr9	38809586	38809717	132	7	0	132	71	61	9	2	3	5	2	7	7	6	5	5	8	4	1	0	4	1	6	2	1	5	6	3	1	5	2	2	0	6	8	8	0	6
chr9	38809718	38809732	15	6	0	15	8	7	1	1	1	0	0	0	1	1	1	0	0	0	0	0	0	0	0	1	0	0	2	0	0	1	0	2	0	0	0	0	0	1
chr9	38809733	38809920	188	7	0	188	103	85	22	4	7	5	6	6	13	9	6	4	7	3	3	1	5	1	6	1	0	8	5	5	0	8	14	9	0	8	9	3	0	8
chr9	38809925	38810463	539	7	0	539	264	275	20	14	15	7	13	32	28	28	13	14	30	14	9	5	10	10	28	15	5	17	28	14	5	30	17	22	4	19	28	26	0	17
chr9	38810471	38810524	54	7	0	54	36	18	20	2	1	0	0	1	5	0	1	1	2	0	1	0	1	0	2	1	0	1	0	0	0	3	2	0	0	4	1	2	0	1
chr9	38810525	38810695	171	7	0	171	72	99	6	1	1	4	2	8	14	1	3	4	15	2	1	4	4	1	5	4	1	7	10	5	5	7	6	10	4	10	4	8	2	10
chr9	38810696	38810707	12	6	0	12	5	7	1	1	0	0	0	1	0	0	1	0	0	0	0	0	0	0	0	1	0	1	0	2	1	0	0	0	0	0	1	0	0	0
chr9	38810708	38811065	358	7	0	358	205	153	23	3	5	24	11	20	18	14	12	5	12	19	9	10	4	15	16	10	4	7	17	9	2	9	12	7	3	8	19	11	3	15
chr9	38811067	38811088	22	7	0	22	8	14	0	0	0	1	0	1	1	0	1	0	2	1	0	0	0	0	0	1	0	0	1	3	1	1	0	1	0	1	1	1	1	1
chr9	38811090	38811164	75	7	0	75	40	35	0	2	0	2	2	4	3	5	2	4	1	2	0	2	5	5	6	1	0	5	4	4	0	2	1	2	0	0	3	3	0	3
chr9	38811166	38811184	19	7	0	19	13	6	1	1	0	1	0	2	1	2	0	1	0	1	1	0	0	0	3	0	0	1	0	0	0	0	0	0	0	0	2	0	0	0
chr9	38811186	38811526	341	7	0	341	170	171	13	7	15	13	11	8	26	8	17	10	17	5	7	5	4	4	9	8	2	11	16	8	3	19	16	13	3	14	12	17	0	18
chr9	38811528	38811545	18	7	0	18	15	3	3	1	0	2	0	1	0	1	1	0	0	0	2	0	0	3	1	0	0	0	0	0	0	0	0	0	0	0	1	0	0	0
chr9	38811547	38811718	172	7	0	172	117	55	21	10	9	9	7	3	6	6	11	2	5	1	9	3	2	12	10	1	0	6	3	4	0	3	3	0	0	5	6	5	0	8
chr9	38811719	38812481	763	7	0	763	454	309	66	21	34	41	31	20	27	33	30	13	32	25	35	13	13	19	29	16	2	21	28	21	2	29	21	14	2	23	33	29	6	32
chr9	38812485	38812790	306	7	0	306	162	144	34	7	7	11	8	10	17	6	9	7	15	8	8	5	8	1	7	7	5	9	13	7	5	11	10	12	4	14	11	10	4	14
chr9	38812792	38812862	71	7	0	71	27	44	1	0	2	1	2	6	5	0	0	1	4	3	1	1	0	0	2	4	1	1	4	3	2	4	3	4	2	4	4	2	1	1
chr9	38812864	38813185	322	7	0	322	191	131	21	9	9	25	12	11	15	7	17	2	16	5	14	5	8	15	9	7	0	10	13	3	2	12	12	8	2	12	11	12	2	14
chr9	38813187	38813216	30	7	0	30	14	16	0	0	0	0	0	10	1	0	0	0	0	0	0	0	2	0	10	0	0	1	1	1	0	0	0	0	0	2	0	0	0	0
chr9	38813217	38813226	10	7	0	10	6	4	0	0	0	0	1	0	0	0	0	0	1	0	0	1	1	0	0	1	0	0	1	0	0	0	0	0	0	0	0	0	0	2
chr9	38813228	38814171	944	7	0	944	542	402	68	31	35	41	41	26	41	42	34	23	30	27	31	22	21	28	41	25	4	32	36	23	5	43	29	26	2	21	44	34	5	31
chr9	38814180	38814879	700	7	0	700	461	239	72	20	42	41	34	12	18	23	36	11	26	22	33	21	14	36	30	11	2	21	16	8	1	19	17	6	0	12	24	19	3	48
chr9	38814880	38814896	17	6	0	17	10	7	0	0	3	0	0	0	0	0	3	0	2	0	0	0	0	0	0	0	0	0	0	0	0	2	0	0	0	0	0	2	0	3
chr9	38814897	38814950	54	7	0	54	26	28	0	1	7	0	1	0	0	0	7	0	9	0	0	0	0	0	1	0	0	0	0	0	0	10	0	0	0	0	0	10	0	6
chr9	38814951	38814966	16	6	0	16	8	8	1	0	2	0	0	0	0	0	1	0	3	0	0	0	0	0	0	0	0	0	0	0	0	2	0	0	0	1	0	2	0	2
chr9	38814967	38815046	80	7	0	80	57	23	15	0	18	0	0	0	0	0	18	1	1	0	1	0	1	0	0	0	1	0	0	0	0	1	0	0	0	0	0	1	1	19
chr9	38815048	38815092	45	7	0	45	21	24	0	0	1	1	1	3	4	2	1	2	3	3	0	0	0	0	1	1	0	3	3	0	0	0	4	1	0	1	2	2	0	4
chr9	38815094	38815348	255	7	0	255	121	134	10	5	5	9	7	10	11	7	6	3	16	5	6	8	9	3	7	10	2	7	16	7	3	16	7	13	4	11	6	12	5	7
chr9	38815350	38815446	97	7	0	97	59	38	7	6	4	5	6	2	3	4	1	2	2	3	7	1	0	4	4	2	1	5	7	4	0	1	3	2	0	1	1	4	1	2
chr9	38815447	38815606	160	7	0	160	87	73	6	5	6	4	4	6	10	3	9	3	6	6	3	7	5	3	5	6	2	8	7	4	2	3	3	0	1	8	8	6	1	8
chr9	38815608	38815625	18	7	0	18	10	8	0	1	1	1	0	0	2	1	3	0	0	0	0	0	0	0	1	0	0	0	0	0	0	1	1	0	0	1	2	0	0	1
chr9	38815627	38815868	242	7	0	242	124	118	10	4	8	9	3	7	20	8	12	8	10	8	5	3	3	5	8	6	1	7	10	9	2	12	7	7	2	8	13	10	1	14
chr9	38815869	38815886	18	6	0	18	12	6	0	0	2	0	0	0	0	2	0	0	0	1	2	1	0	3	0	1	0	0	0	1	0	1	0	0	0	0	1	0	0	1
chr9	38815887	38816564	678	7	0	678	403	275	49	19	28	31	21	19	25	36	22	8	16	22	36	25	20	25	33	18	0	20	29	24	2	26	13	24	0	17	26	16	0	26
chr9	38816565	38816590	26	6	0	26	22	4	7	0	1	3	1	0	0	0	0	1	0	0	3	2	1	1	1	0	0	2	0	0	0	0	0	0	0	0	0	0	0	1
chr9	38816591	38816679	89	7	0	89	40	49	0	0	3	4	3	3	7	0	2	2	5	2	2	4	2	0	3	3	0	4	4	4	2	6	3	4	0	4	3	5	0	3
chr9	38816680	38816737	58	6	0	58	25	33	1	0	2	0	3	3	5	0	0	3	5	2	0	0	0	0	2	0	1	3	4	0	0	1	4	4	1	3	1	1	2	5
chr9	38816738	38817801	1064	7	0	1064	622	442	91	35	39	46	31	26	43	45	46	19	35	25	42	29	25	44	44	26	10	28	35	33	10	42	32	26	5	25	34	35	9	47
chr9	38817802	38817874	73	6	0	73	28	45	4	0	0	3	1	3	4	1	1	1	4	0	1	2	3	0	1	2	1	2	4	4	4	4	2	7	2	4	1	3	1	1
chr9	38817875	38819004	1130	7	0	1130	725	405	105	42	46	72	37	30	30	44	55	9	31	21	67	36	30	69	43	25	6	42	36	26	7	29	26	15	8	25	36	32	7	41
chr9	38819006	38820518	1513	7	0	1513	948	565	153	48	53	96	78	47	50	49	56	19	49	47	64	30	36	72	74	23	10	37	45	22	5	44	43	44	7	40	62	27	14	67
chr9	38820519	38820686	168	7	0	168	134	34	25	4	8	18	9	1	1	4	7	2	0	5	13	6	5	24	6	3	0	4	3	0	0	2	2	0	0	0	4	2	0	8
chr9	38820687	38822741	2055	7	0	2055	1436	619	238	70	72	154	61	43	63	88	91	26	40	62	145	66	62	153	102	31	4	68	43	24	4	44	27	20	2	31	83	40	2	94
chr9	38822742	38822788	47	7	0	47	38	9	9	3	0	2	3	1	0	1	0	0	0	1	4	3	3	6	4	1	0	2	1	0	0	0	0	0	0	0	0	0	0	1
chr9	38822789	38822878	90	7	0	90	50	40	2	0	1	1	0	4	7	0	0	3	5	0	2	2	0	22	2	1	2	4	3	3	1	2	5	3	1	5	1	2	2	2
chr9	38822887	38823019	133	7	0	133	60	73	7	3	0	5	0	4	6	6	5	3	6	3	3	3	4	2	3	6	2	2	8	7	4	5	2	8	5	3	3	4	3	6
chr9	38823020	38823090	71	6	0	71	29	42	1	0	2	1	1	7	5	0	0	1	4	3	2	1	0	0	2	4	2	1	4	3	1	6	3	3	0	4	4	3	1	0
chr9	38823091	38823675	585	7	0	585	395	190	48	14	24	49	28	13	12	27	22	7	10	16	37	23	19	45	25	10	3	19	19	6	0	15	18	6	0	13	18	18	1	18
chr9	38823676	38823685	10	6	0	10	8	2	1	0	1	1	0	0	0	0	0	0	0	1	2	0	0	2	0	0	0	0	0	0	0	0	0	0	0	0	0	0	0	0
chr9	38823686	38824138	453	7	0	453	280	173	40	19	21	19	22	17	9	19	22	8	17	10	15	12	14	15	24	11	4	17	13	6	3	12	10	7	1	7	20	10	2	25
chr9	38824139	38824158	20	6	0	20	10	10	0	1	0	1	1	2	0	1	1	0	3	0	0	0	0	0	0	0	0	2	1	0	0	0	0	1	0	0	3	0	0	1
chr9	38824159	38826390	2232	7	0	2232	1316	916	174	66	76	124	88	67	90	72	93	46	79	61	85	41	62	90	92	50	13	66	86	61	15	78	62	50	11	53	77	79	13	110
chr9	38826392	38826426	35	7	0	35	20	15	0	1	1	4	2	2	2	0	0	1	1	0	4	0	1	0	2	2	0	0	1	0	0	1	2	1	0	3	1	0	0	1
chr9	38826428	38827098	671	7	0	671	410	261	46	28	28	33	32	21	25	28	29	9	16	18	27	16	18	35	36	14	3	21	27	18	0	17	22	15	3	12	20	15	0	37
chr9	38827099	38827737	639	7	0	639	423	216	66	19	25	39	25	21	17	25	26	7	21	29	31	18	14	39	31	12	2	20	17	15	0	17	11	3	0	4	28	19	0	36
chr9	38827738	38827890	153	7	0	153	116	37	31	6	8	11	3	3	3	5	9	2	2	3	12	5	6	5	10	0	0	6	1	1	0	1	0	1	0	1	3	1	0	12
chr9	38827891	38828410	520	7	0	520	295	225	36	11	11	30	12	17	27	7	11	11	21	10	28	14	11	37	17	13	7	16	24	17	6	20	11	20	6	15	11	17	5	19
chr9	38828411	38828782	372	7	0	372	251	121	39	7	16	30	14	8	10	12	23	7	8	8	16	16	15	21	16	6	2	14	11	3	0	8	4	2	0	8	13	11	4	18
chr9	38828784	38828827	44	7	0	44	32	12	9	2	3	2	2	0	1	1	1	0	1	0	4	2	1	1	1	0	0	3	1	0	0	1	1	0	0	1	1	2	0	1
chr9	38828829	38829640	812	7	0	812	486	326	65	25	32	42	30	22	28	26	29	8	31	30	40	22	20	36	22	19	5	31	32	15	9	22	18	20	10	24	34	25	4	34
chr9	38829641	38829690	50	6	0	50	38	12	22	0	1	1	1	2	0	1	1	1	2	4	0	0	2	0	0	0	1	1	0	0	0	0	0	0	0	0	4	0	0	4
chr9	38829691	38829762	72	7	0	72	49	23	17	5	2	0	6	2	1	1	1	2	3	1	1	1	2	2	6	2	0	2	1	0	0	3	0	1	0	1	3	1	0	3
chr9	38829763	38829800	38	6	0	38	15	23	0	0	0	0	0	2	4	2	0	0	2	2	0	1	1	0	1	0	0	2	3	1	1	1	3	3	0	2	1	1	1	2
chr9	38829801	38829868	68	7	0	68	26	42	0	1	1	1	1	4	5	1	2	1	6	0	0	1	1	0	1	3	0	3	3	4	3	3	4	2	0	6	3	4	1	1
chr9	38829869	38829929	61	6	0	61	36	25	17	3	1	2	5	2	1	1	0	0	0	0	1	1	1	1	4	2	0	0	2	2	3	1	2	4	1	2	0	0	0	0
chr9	38829930	38830722	793	7	0	793	538	255	88	30	28	51	21	18	32	30	38	10	15	28	49	24	22	53	40	8	3	30	18	10	3	17	8	11	1	14	35	19	1	36
chr9	38830723	38830746	24	6	0	24	20	4	6	2	2	1	1	0	0	0	0	0	0	0	4	0	1	3	1	0	0	1	0	0	0	0	0	0	0	0	0	0	0	0
chr9	38830747	38831891	1145	7	0	1145	687	458	80	44	53	57	49	30	57	34	47	20	30	27	58	31	26	43	51	28	6	40	47	31	2	32	36	19	1	40	35	34	1	54
chr9	38831892	38831942	51	6	0	51	23	28	1	2	1	1	3	1	1	2	1	0	3	3	0	2	2	0	2	0	1	2	3	1	0	1	1	4	4	1	1	1	1	3
chr9	38831943	38832299	357	7	0	357	200	157	21	12	9	19	10	13	17	9	15	2	13	10	15	11	8	16	10	13	2	13	16	9	5	14	6	15	3	10	17	8	4	10
chr9	38832300	38832345	46	6	0	46	27	19	10	2	1	1	0	1	4	1	3	0	0	0	1	1	2	0	2	1	1	0	1	0	0	3	2	2	0	2	1	0	0	2
chr9	38832346	38833084	739	7	0	739	363	376	43	15	27	23	13	29	38	20	30	14	37	20	22	10	14	7	19	21	3	25	35	38	15	32	20	32	14	20	26	29	7	39
chr9	38833092	38833243	152	7	0	152	65	87	19	1	1	1	2	4	9	3	2	4	12	2	0	2	2	0	3	1	1	6	3	7	7	6	7	9	8	8	5	7	4	4
chr9	38833245	38833601	357	7	0	357	190	167	21	11	13	16	9	12	22	9	17	6	12	9	14	5	5	8	13	6	4	10	13	10	5	19	11	19	4	8	15	12	1	16
chr9	38833603	38833650	48	7	0	48	27	21	9	3	0	0	1	1	3	2	3	1	0	0	0	1	1	0	2	3	1	0	4	1	0	2	0	3	0	1	1	0	1	2
chr9	38833652	38833830	179	7	0	179	89	90	21	2	3	7	7	5	13	1	1	5	10	4	2	3	3	0	5	6	0	4	7	8	3	11	9	7	2	8	5	8	1	6
chr9	38833831	38834588	758	7	0	758	472	286	49	23	35	38	30	22	30	26	33	14	16	19	32	17	24	63	34	11	6	25	23	13	0	25	25	18	5	18	26	19	1	36
chr9	38834590	38834638	49	7	0	49	34	15	4	0	4	6	3	1	0	2	2	2	0	1	4	2	1	1	2	3	0	0	2	0	0	1	1	0	0	1	1	0	0	3
chr9	38834639	38835888	1250	7	0	1250	624	626	57	23	49	37	38	59	67	43	47	27	48	20	24	22	26	36	51	36	12	32	64	63	8	63	41	60	4	49	51	40	4	47
chr9	38835890	38835937	48	7	0	48	24	24	0	1	1	1	0	11	2	0	1	1	1	0	1	0	2	1	9	0	0	3	1	2	0	1	3	1	0	0	0	1	0	2
chr9	38835938	38835963	26	7	0	26	16	10	1	0	0	2	2	5	0	1	0	0	0	0	0	1	1	2	6	0	0	0	1	0	0	0	1	0	0	1	0	0	0	0
chr9	38835965	38837456	1492	7	0	1492	897	595	116	45	64	82	48	35	70	43	67	28	55	40	76	29	40	59	49	21	13	54	37	33	6	56	44	36	11	44	66	42	6	75
chr9	38837458	38837531	74	7	0	74	40	34	7	1	4	2	4	1	2	6	3	3	4	2	0	0	0	0	3	0	1	2	3	1	1	2	2	4	0	2	5	3	0	4
chr9	38837533	38837714	182	7	0	182	108	74	13	4	6	8	7	13	6	6	6	3	4	9	5	5	5	7	18	2	0	5	3	8	0	9	4	2	0	0	6	8	0	8
chr9	38837722	38837888	167	7	0	167	75	92	11	2	5	3	5	8	8	5	3	3	10	1	1	1	3	5	4	2	6	2	11	8	1	7	9	12	5	7	2	5	0	10
chr9	38837889	38838705	817	7	0	817	512	305	71	23	30	56	34	26	30	38	33	10	18	26	41	12	17	46	36	17	1	17	36	18	1	23	26	17	2	23	30	26	0	31
chr9	38838706	38843225	4520	7	0	4520	2592	1928	277	137	185	229	192	140	208	175	190	83	162	121	169	74	102	147	182	102	16	134	189	115	21	162	150	115	10	175	194	155	21	186
chr9	38843226	38843998	773	8	0	773	513	260	82	33	33	50	38	14	21	29	32	11	22	18	46	25	22	35	38	14	3	28	19	9	3	19	14	7	4	19	31	20	0	32
chr9	38844001	38844029	29	8	0	29	9	20	0	0	0	0	0	0	2	0	0	3	4	0	0	0	0	0	1	0	1	1	1	1	1	1	0	2	2	1	0	1	2	3
chr9	38844031	38846839	2809	8	0	2809	1516	1293	189	67	92	120	108	96	130	87	85	63	110	75	86	63	49	96	108	73	20	88	118	92	47	100	87	101	40	84	108	91	25	109
chr9	38846840	38846859	20	6	0	20	7	13	0	0	1	0	0	0	2	1	1	1	0	1	0	0	0	0	1	0	0	0	0	1	0	3	1	3	0	0	1	1	0	0
chr9	38846860	38847414	555	8	0	555	312	243	39	15	24	24	14	14	32	23	24	15	22	15	24	12	6	8	24	15	3	14	21	15	4	24	14	13	2	17	24	20	3	29
chr9	38847415	38848386	972	8	0	972	528	444	66	22	30	39	21	33	53	36	32	21	35	26	38	24	20	31	37	24	9	30	43	31	12	38	35	34	8	29	28	35	9	41
chr9	38848388	38848778	391	8	0	391	241	150	53	7	13	21	18	13	12	9	8	11	15	6	14	10	10	20	12	12	3	14	16	10	1	15	13	4	0	9	11	15	2	12
chr9	38848781	38852075	3295	8	0	3295	1974	1321	261	108	123	178	130	101	135	109	129	56	94	82	150	78	89	151	134	81	21	107	128	77	22	99	101	76	22	91	112	91	13	144
chr9	38852077	38852152	76	8	0	76	41	35	9	3	0	1	2	1	2	4	1	2	3	6	2	1	2	1	2	4	0	1	4	2	0	3	0	1	4	1	3	3	4	2
chr9	38852154	38852313	160	8	0	160	66	94	10	1	1	1	2	4	13	5	2	5	13	2	0	2	3	0	3	2	1	6	8	7	2	9	8	11	7	8	5	6	4	7
chr9	38852314	38852464	151	8	0	151	87	64	7	0	11	2	3	7	4	9	3	2	6	6	7	5	4	10	4	2	2	6	2	4	0	5	13	1	1	6	4	4	1	8
chr9	38852468	38852689	222	8	0	222	157	65	37	5	9	20	9	7	7	9	10	3	2	3	14	9	5	6	13	3	0	9	6	1	0	3	5	2	0	5	8	4	0	6
chr9	38852691	38852739	49	8	0	49	22	27	0	1	2	2	4	2	4	0	1	0	3	2	0	0	0	0	1	0	0	2	4	0	0	0	5	3	2	4	0	1	0	4
chr9	38852741	38853103	363	8	0	363	192	171	29	13	14	10	14	15	15	8	10	6	15	4	14	8	12	4	13	14	3	12	19	8	3	17	10	18	6	12	10	8	2	15
chr9	38853104	38853450	347	8	0	347	224	123	32	18	15	20	21	7	14	10	9	7	8	11	23	5	11	11	21	4	1	11	12	3	0	5	7	9	1	13	13	4	0	19
chr9	38853452	38853513	62	8	0	62	25	37	0	0	3	0	2	4	5	0	1	2	6	2	0	0	0	0	1	0	1	4	3	1	1	1	6	3	0	5	1	2	2	4
chr9	38853516	38857647	4132	8	0	4132	2492	1640	357	118	170	229	169	123	162	164	165	78	118	114	182	90	93	159	151	90	37	131	137	82	22	144	156	93	16	105	174	119	19	163
chr9	38857653	38858305	653	8	0	653	356	297	48	8	16	43	18	14	27	14	18	12	28	22	31	19	18	19	9	13	8	23	21	19	21	20	16	31	14	21	27	19	9	25
chr9	38858306	38858354	49	6	0	49	37	12	7	1	2	6	2	0	1	2	2	2	0	0	5	2	1	4	2	0	0	3	0	0	0	0	1	0	1	0	2	0	0	1
chr9	38858355	38859935	1581	8	0	1581	997	584	154	49	75	79	58	39	59	66	75	24	56	28	69	44	44	77	59	27	1	69	54	20	2	46	37	35	1	49	71	40	2	70
chr9	38859943	38860804	862	8	0	862	500	362	66	23	34	38	34	24	45	29	35	18	32	29	27	19	20	26	35	22	4	23	30	19	3	33	28	19	3	28	39	26	2	47
chr9	38860805	38860905	101	8	0	101	52	49	14	4	1	1	3	5	5	4	1	1	5	5	1	1	0	0	5	3	2	1	6	2	1	6	2	6	0	2	4	4	2	2
chr9	38860906	38861034	129	6	0	129	64	65	9	3	0	4	1	4	9	6	3	4	6	1	3	4	6	1	5	5	1	4	8	2	0	8	3	6	1	6	4	6	1	3
chr9	38861035	38861762	728	8	0	728	461	267	65	28	34	43	37	19	29	26	45	13	31	24	24	8	5	29	29	11	0	28	29	7	1	14	12	10	2	10	41	24	1	47
chr9	38861763	38861799	37	6	0	37	26	11	5	1	2	1	3	0	0	1	0	0	0	2	1	3	4	1	2	0	0	2	0	0	0	1	2	1	0	1	0	0	0	2
chr9	38861800	38863702	1903	8	0	1903	1212	691	163	62	77	117	75	65	56	75	82	36	50	61	99	41	53	99	104	38	7	55	53	21	11	53	36	25	12	45	78	55	14	83
chr9	38863703	38863793	91	6	0	91	46	45	8	0	0	4	1	3	6	1	1	2	5	1	2	4	5	1	2	2	1	4	4	2	1	6	2	6	2	4	3	3	0	3
chr9	38863794	38864496	703	8	0	703	409	294	92	15	22	32	17	21	33	12	27	14	31	15	25	12	22	17	21	11	6	24	19	15	10	24	22	23	9	22	22	19	9	38
chr9	38864497	38864518	22	6	0	22	19	3	3	0	1	2	0	0	0	1	2	0	0	0	2	0	0	6	0	0	0	0	1	0	0	0	0	0	0	0	0	1	0	1
chr9	38864519	38865469	951	8	0	951	684	267	122	28	39	87	46	15	25	35	47	8	15	31	63	27	19	75	42	9	1	26	22	4	0	20	13	16	0	13	44	17	1	39
chr9	38865471	38865751	281	8	0	281	161	120	24	8	8	16	10	7	9	7	9	4	14	10	13	2	4	15	9	5	4	3	9	10	7	9	8	10	3	5	7	10	2	18
chr9	38865753	38865815	63	8	0	63	34	29	8	2	0	3	1	2	1	3	1	1	1	1	3	2	4	1	2	2	2	1	3	3	2	1	1	4	1	1	1	0	1	2
chr9	38865817	38866133	317	8	0	317	192	125	25	6	5	14	13	5	13	11	5	5	18	10	7	7	12	35	10	5	1	7	10	4	1	14	11	10	4	9	11	9	0	18
chr9	38866135	38866157	23	8	0	23	12	11	0	1	0	1	0	2	1	2	1	0	1	1	1	0	1	0	1	1	0	1	1	0	0	1	0	1	0	0	2	0	0	1
chr9	38866163	38869824	3662	8	0	3662	2272	1390	302	132	149	199	148	110	130	171	166	57	100	98	167	92	83	166	169	92	14	116	137	73	13	98	103	68	6	79	150	88	15	169
chr9	38869825	38869938	114	8	0	114	69	45	12	3	6	4	8	2	2	4	4	2	6	2	0	7	1	4	9	2	0	3	4	3	0	6	1	1	0	2	3	7	0	4
chr9	38869940	38870615	676	8	0	676	408	268	66	22	23	29	24	25	27	23	22	11	28	21	28	14	17	27	31	16	1	23	26	19	0	25	14	12	1	17	28	23	0	31
chr9	38870616	38870654	39	6	0	39	27	12	10	2	2	2	3	0	2	0	3	0	1	0	0	0	0	2	1	0	0	1	0	0	0	0	2	0	0	2	2	0	1	1
chr9	38870655	38870717	63	8	0	63	34	29	4	3	3	0	1	3	3	2	3	0	4	0	2	4	1	0	5	2	0	3	3	3	0	3	0	0	0	2	1	3	0	3
chr9	38870724	38873157	2434	8	0	2434	1525	909	189	78	95	134	96	57	108	106	97	52	57	77	114	69	62	133	115	53	8	80	82	45	5	68	69	42	3	54	101	59	4	120
chr9	38873164	38874376	1213	8	0	1213	772	441	136	47	47	71	48	25	47	31	36	23	32	26	82	36	28	56	48	28	9	46	38	26	6	34	24	29	9	26	41	22	6	48
chr9	38874377	38875847	1471	8	0	1471	816	655	89	44	48	61	45	58	75	40	50	28	56	36	58	35	38	55	56	37	16	54	52	41	14	57	57	43	10	46	53	43	14	60
chr9	38875848	38875878	31	6	0	31	14	17	0	0	1	0	1	1	2	1	0	2	2	0	0	1	2	1	3	0	0	1	0	0	1	1	1	2	0	2	1	0	0	3
chr9	38875879	38876760	882	8	0	882	533	349	64	28	34	45	34	22	43	44	35	21	22	31	38	15	19	38	38	21	4	23	32	15	1	22	32	12	4	35	41	22	7	38
chr9	38876761	38876780	20	6	0	20	12	8	2	1	1	1	1	0	1	1	1	0	0	0	1	0	1	0	0	0	0	1	1	0	0	0	2	1	0	1	0	0	0	1
chr9	38876781	38877258	478	8	0	478	243	235	29	11	12	22	15	18	16	14	12	7	25	18	18	10	12	4	13	15	6	11	26	16	11	16	14	19	8	17	10	19	11	21
chr9	38877259	38877456	198	8	0	198	122	76	21	10	8	9	9	4	8	9	7	7	2	5	10	2	7	3	10	6	0	7	8	2	0	10	4	4	0	4	8	8	0	4
chr9	38877457	38877471	15	6	0	15	11	4	5	0	1	0	0	0	0	1	0	0	0	0	1	1	0	0	1	0	0	0	1	0	0	0	0	1	0	1	0	0	0	0
chr9	38877472	38877876	405	8	0	405	256	149	33	14	24	17	17	11	13	21	17	2	14	17	22	6	7	19	14	4	2	13	10	3	0	12	14	13	0	13	24	5	2	20
chr9	38877878	38879980	2103	8	0	2103	1008	1095	51	52	66	54	73	120	142	78	61	42	84	45	38	21	44	37	79	66	6	83	134	96	6	90	130	85	4	83	70	79	2	80
chr9	38879982	38880004	23	8	0	23	15	8	2	0	1	1	2	0	0	1	0	1	0	2	1	0	1	2	0	1	0	0	1	0	0	2	0	0	0	0	2	1	0	0
chr9	38880006	38880114	109	8	0	109	62	47	12	6	8	0	8	3	5	3	6	4	4	3	0	0	0	0	2	5	0	6	5	1	0	4	4	1	0	1	7	3	0	6
chr9	38880116	38884106	3991	8	0	3991	2485	1506	306	136	179	215	180	108	143	177	195	68	100	138	155	99	108	178	183	100	10	118	155	72	5	106	89	61	8	96	181	104	7	209
chr9	38884107	38884155	49	6	0	49	31	18	7	2	1	3	1	2	1	0	2	1	1	0	3	2	4	1	3	2	1	1	0	1	1	1	0	1	0	1	1	0	0	3
chr9	38884156	38884320	165	8	0	165	76	89	19	1	2	1	3	7	8	2	2	5	13	2	0	4	3	3	2	5	2	8	6	7	6	6	6	7	4	7	6	7	4	5
chr9	38884322	38884371	50	8	0	50	31	19	4	0	1	5	1	1	2	3	2	0	3	2	3	1	0	2	2	0	0	1	1	1	0	3	0	3	0	1	4	1	0	1
chr9	38884374	38886166	1793	8	0	1793	1192	601	158	43	77	145	66	47	53	67	89	31	44	43	111	49	59	109	66	23	10	71	45	20	4	39	50	18	8	40	72	47	4	83
chr9	38886168	38886250	83	8	0	83	41	42	3	2	3	3	6	0	4	1	3	1	5	1	0	3	4	1	2	2	0	2	1	3	1	6	4	4	1	5	4	3	0	3
chr9	38886256	38887484	1229	8	0	1229	690	539	72	37	38	45	45	47	56	48	37	28	46	43	39	27	32	48	58	36	7	38	53	34	5	54	32	31	4	33	54	45	8	47
chr9	38887485	38887524	40	6	0	40	23	17	0	1	0	0	0	1	2	3	0	2	2	3	1	2	2	3	3	1	0	1	2	1	0	1	0	0	0	0	1	2	0	4
chr9	38887525	38889941	2417	8	0	2417	1499	918	170	73	88	158	113	69	79	108	100	41	65	63	105	73	87	105	120	53	11	73	82	42	5	75	72	46	6	64	95	63	4	107
chr9	38889948	38890194	247	8	0	247	154	93	30	8	11	12	12	7	12	8	10	6	5	6	9	9	2	6	17	6	0	7	10	5	0	8	3	5	0	4	9	7	0	11
chr9	38890195	38890210	16	6	0	16	8	8	0	0	0	0	0	6	1	0	0	0	0	0	0	0	0	0	7	0	0	0	0	0	0	0	0	0	0	0	0	0	0	0
chr9	38890211	38890267	57	8	0	57	35	22	3	0	1	4	1	13	0	4	0	0	1	1	3	2	0	1	14	0	0	0	0	0	0	1	3	1	0	0	1	0	0	1
chr9	38890268	38890278	11	6	0	11	6	5	0	1	0	0	0	0	0	2	1	0	1	0	0	0	0	0	0	0	0	0	0	0	0	0	1	0	0	1	2	0	0	0
chr9	38890279	38890839	561	8	0	561	314	247	34	10	22	28	19	16	31	22	21	23	15	15	20	7	14	15	26	11	1	18	21	16	3	24	14	16	2	20	27	21	6	21
chr9	38890840	38890852	13	6	0	13	6	7	1	0	1	0	1	0	0	0	0	0	2	0	0	0	0	0	0	0	0	0	0	1	0	1	0	0	0	1	1	1	0	1
chr9	38890853	38891296	444	8	0	444	263	181	48	12	11	17	9	18	9	34	16	7	9	13	13	11	12	22	23	13	1	11	14	24	5	13	16	5	4	7	17	14	4	10
chr9	38891298	38892570	1273	8	0	1273	706	567	61	45	40	43	42	36	67	50	44	28	65	43	42	27	35	38	42	39	10	45	57	27	7	45	37	30	6	41	59	39	5	76
chr9	38892571	38892609	39	6	0	39	25	14	0	1	1	2	0	1	4	0	2	0	2	3	2	2	0	4	1	0	0	3	0	0	0	0	2	0	0	0	2	0	1	4
chr9	38892610	38894885	2276	8	0	2276	1395	881	187	74	100	115	73	59	83	100	90	51	66	69	126	53	60	88	88	56	10	83	85	50	10	79	49	41	4	50	93	77	8	97
chr9	38894886	38894921	36	6	0	36	11	25	1	0	0	0	1	1	1	0	0	1	3	2	0	0	0	0	0	1	1	0	1	2	3	4	0	4	2	0	2	2	2	0
chr9	38894922	38895156	235	8	0	235	127	108	34	4	4	4	6	14	12	3	4	7	11	4	3	4	10	1	6	11	3	9	14	7	0	10	6	7	1	8	9	6	0	11
chr9	38895157	38895705	549	8	0	549	307	242	43	19	27	15	19	18	33	19	29	6	17	11	14	14	11	11	27	13	1	16	18	16	2	22	26	16	2	19	18	13	1	31
chr9	38895706	38895750	45	6	0	45	26	19	2	2	1	1	1	1	1	5	0	0	0	2	3	1	4	0	2	3	0	0	1	1	0	3	4	1	0	1	1	0	0	2
chr9	38895751	38897722	1972	8	0	1972	1072	900	133	65	86	57	67	60	86	64	89	50	80	40	51	27	56	59	72	62	7	61	86	73	16	86	55	41	12	70	64	85	19	91
chr9	38897723	38897770	48	8	0	48	21	27	0	1	2	0	3	3	3	1	0	1	4	2	0	0	0	0	1	0	1	3	4	1	0	0	4	2	1	3	1	2	0	3
chr9	38897771	38899375	1605	8	0	1605	828	777	76	43	68	41	55	70	84	47	50	41	74	41	47	28	40	23	63	56	8	55	94	55	7	64	45	43	10	70	54	66	9	76
chr9	38899385	38901221	1837	8	0	1837	1049	788	133	61	51	89	69	62	86	67	61	45	52	44	72	43	59	54	93	43	12	63	73	70	8	69	55	41	9	49	63	65	7	67
chr9	38901222	38901462	241	8	0	241	94	147	5	2	8	3	6	12	23	5	5	5	9	3	2	2	3	1	8	6	3	4	9	13	4	15	21	14	7	19	8	8	2	4
chr9	38901463	38901474	12	6	0	12	3	9	0	0	0	0	0	1	1	0	0	0	0	0	0	0	0	0	1	0	0	0	1	2	0	0	1	1	1	1	0	0	0	0
chr9	38901475	38906831	5357	8	0	5357	2824	2533	299	143	174	216	156	216	268	174	211	103	234	129	167	92	116	125	216	139	53	146	209	208	56	251	190	164	52	171	199	213	41	224
chr9	38906832	38906855	24	6	0	24	23	1	5	0	0	4	0	0	0	0	0	0	0	0	5	1	1	5	0	0	0	1	0	0	0	0	0	0	0	0	0	0	0	0
chr9	38906856	38907230	375	8	0	375	247	128	43	15	12	23	10	4	12	27	13	1	7	7	26	18	8	19	17	10	0	11	14	8	0	12	9	10	1	8	13	6	1	8
chr9	38907237	38911952	4716	8	0	4716	2751	1965	322	137	180	247	178	153	217	167	180	101	154	118	206	106	117	167	196	116	17	168	189	112	17	173	137	114	28	144	193	149	28	183
chr9	38911954	38911977	24	8	0	24	13	11	3	0	1	1	0	0	0	2	1	0	0	1	1	0	1	2	0	0	0	0	0	2	0	2	1	2	0	0	1	1	0	0
chr9	38911979	38912194	216	8	0	216	130	86	38	6	5	10	9	7	8	5	3	1	9	7	8	4	5	3	6	5	2	5	9	3	3	7	9	7	1	9	5	7	2	6
chr9	38912195	38912279	85	8	0	85	36	49	0	2	2	0	2	5	5	1	2	1	10	3	0	0	1	1	1	2	0	5	3	3	3	2	5	4	0	5	4	2	3	6
chr9	38912281	38912297	17	8	0	17	8	9	0	0	0	1	1	0	1	1	1	0	2	0	0	0	0	0	0	0	0	0	1	0	0	2	1	1	0	0	1	1	0	1
chr9	38912299	38912421	123	8	0	123	59	64	10	3	2	3	3	6	5	1	3	4	4	5	2	3	4	1	3	6	3	3	7	4	4	4	1	5	2	4	4	5	3	4
chr9	38912423	38912467	45	8	0	45	18	27	2	0	1	2	2	1	3	1	0	0	3	1	1	1	0	0	1	0	0	0	3	3	1	3	2	4	1	3	1	2	0	1
chr9	38912469	38912767	299	8	0	299	167	132	20	12	5	18	14	6	13	12	13	9	9	9	8	5	6	7	11	11	3	6	13	7	6	10	8	9	2	5	13	9	5	13
chr9	38912769	38912802	34	8	0	34	17	17	1	0	4	0	3	1	0	0	0	2	2	0	1	1	2	0	1	1	0	2	1	0	0	0	2	1	0	3	0	0	2	2
chr9	38912803	38913598	796	8	0	796	412	384	36	12	31	31	25	30	34	33	24	21	29	21	25	15	23	21	34	23	5	16	41	37	4	43	22	30	5	27	25	34	6	31
chr9	38913600	38913691	92	8	0	92	40	52	2	1	3	2	3	4	6	3	3	2	5	1	0	2	2	0	3	3	0	3	5	4	0	6	4	5	1	6	5	4	1	1
chr9	38913692	38914483	792	7	0	792	448	344	58	31	30	38	37	24	35	23	31	22	17	19	30	9	23	20	31	22	6	27	36	26	7	35	20	27	1	16	32	29	2	26
chr9	38914488	38914858	371	7	0	371	214	157	22	13	17	14	17	10	12	20	11	4	12	13	16	5	10	17	19	5	0	7	14	17	0	14	16	9	0	15	11	14	0	15
chr9	38914860	38914936	77	7	0	77	48	29	5	3	2	4	2	1	3	1	1	2	0	2	6	3	8	5	4	2	0	3	0	2	0	5	1	2	0	3	1	2	0	2
chr9	38914938	38915166	229	7	0	229	145	84	17	11	9	10	9	6	11	10	13	4	4	9	8	7	5	10	9	7	1	11	8	3	0	5	6	0	0	4	13	6	1	10
chr9	38915168	38915198	31	7	0	31	20	11	3	1	0	1	0	0	2	3	2	1	1	2	0	0	0	2	1	1	0	0	1	0	0	0	1	0	0	1	2	0	2	2
chr9	38915200	38915364	165	7	0	165	107	58	32	4	7	5	5	4	6	3	6	4	6	4	4	0	4	12	2	5	0	5	6	3	0	6	2	3	0	5	7	4	2	7
chr9	38915366	38915760	395	7	0	395	229	166	28	12	14	25	14	12	14	15	24	5	10	12	13	6	13	12	11	11	1	12	22	17	3	9	7	10	1	9	15	13	2	21
chr9	38915762	38915856	95	7	0	95	56	39	5	0	6	3	1	2	3	7	4	2	2	5	4	2	5	5	3	2	0	1	1	2	0	6	5	0	0	5	4	4	0	4
chr9	38915861	38917005	1145	7	0	1145	680	465	84	31	45	60	40	32	42	52	48	15	37	28	48	40	35	42	49	29	6	34	46	31	2	42	27	27	2	42	44	34	8	41
chr9	38917007	38917025	19	7	0	19	13	6	1	0	0	1	0	0	0	2	0	1	0	1	1	0	2	2	1	0	0	0	1	0	0	0	1	0	0	1	0	1	0	1
chr9	38917027	38917394	368	7	0	368	190	178	18	6	10	13	11	16	16	14	6	12	13	12	12	10	9	11	17	12	3	12	19	11	9	13	7	15	6	10	14	14	2	13
chr9	38917396	38917436	41	7	0	41	16	25	0	1	0	1	0	1	2	3	2	0	5	0	0	0	0	0	0	1	1	0	2	2	1	3	1	3	1	1	3	2	1	2
chr9	38917438	38917500	63	7	0	63	24	39	0	0	1	0	1	3	6	0	0	2	6	2	0	0	1	1	1	0	1	3	3	2	0	2	5	3	2	6	1	3	3	3
chr9	38917501	38917521	21	6	0	21	18	3	1	0	0	5	1	0	0	0	0	1	1	0	4	0	0	4	0	0	0	0	0	0	0	0	0	0	0	0	1	0	0	1
chr9	38917522	38917690	169	7	0	169	133	36	10	6	8	25	7	2	2	5	6	2	1	7	25	4	2	19	8	1	1	4	2	1	0	1	0	0	0	2	7	2	1	6
chr9	38917692	38917814	123	7	0	123	74	49	8	2	5	8	3	6	5	5	4	3	5	1	7	2	5	4	5	0	0	7	2	2	0	5	7	5	0	2	5	2	0	6
chr9	38917816	38918167	352	7	0	352	225	127	31	18	11	23	15	5	13	10	14	9	7	8	23	5	13	19	11	8	4	14	9	6	3	10	9	7	0	6	14	8	3	14
chr9	38918170	38918567	398	7	0	398	254	144	38	14	11	24	15	5	16	11	13	4	19	16	21	18	16	13	22	7	2	10	7	6	0	15	7	5	2	8	11	11	0	29
chr9	38918569	38918657	89	7	0	89	52	37	3	1	5	3	5	2	3	5	3	3	0	5	3	2	2	5	5	2	0	1	4	3	1	2	2	3	0	3	4	2	1	4
chr9	38918659	38918694	36	7	0	36	23	13	3	1	2	2	2	0	1	3	1	2	0	2	2	0	1	1	2	0	0	1	1	0	0	2	0	0	0	0	2	3	0	0
chr9	38918696	38919070	375	7	0	375	212	163	20	15	17	14	12	17	24	8	24	10	10	14	9	3	8	6	17	8	3	16	12	8	0	14	12	6	1	7	20	12	4	22
chr9	38919072	38919112	41	7	0	41	22	19	0	1	1	2	2	3	0	1	0	1	2	2	2	0	1	3	1	2	1	1	2	0	0	2	1	2	0	1	2	0	3	0
chr9	38919114	38920833	1720	7	0	1720	946	774	113	56	67	60	56	53	87	56	63	42	68	48	65	32	39	40	66	42	17	58	67	47	13	76	51	46	16	53	68	67	12	74
chr9	38920834	38921715	882	7	0	882	577	305	70	26	23	70	37	25	30	38	32	16	25	24	50	27	27	56	47	11	5	31	22	13	3	20	20	14	0	22	41	20	2	33
chr9	38921717	38921730	14	7	0	14	7	7	0	1	0	1	0	0	1	1	2	0	1	0	0	0	0	0	0	1	0	0	0	0	0	1	0	0	0	0	2	1	0	0
chr9	38921732	38922956	1225	7	0	1225	717	508	89	50	36	55	45	46	51	62	52	19	42	37	43	26	21	42	46	40	12	43	49	33	7	37	40	20	5	25	68	33	4	45
chr9	38922960	38923957	998	7	0	998	536	462	84	24	21	33	26	34	41	40	23	21	43	28	31	26	28	31	30	40	5	30	55	30	19	36	25	35	13	29	31	35	11	38
chr9	38923958	38923980	23	6	0	23	12	11	2	0	1	0	1	0	2	4	0	1	0	0	0	0	0	0	1	0	0	0	1	0	0	0	4	0	0	2	1	0	0	1
chr9	38923981	38924145	165	7	0	165	92	73	9	6	6	6	5	5	4	11	6	2	9	1	8	3	4	5	7	5	0	4	8	10	0	7	7	2	0	5	3	8	0	7
chr9	38924146	38924161	16	6	0	16	9	7	2	1	1	0	1	0	0	0	1	0	0	0	0	1	1	0	0	1	0	1	0	1	0	0	0	0	0	2	1	0	0	0
chr9	38924162	38925011	850	7	0	850	526	324	73	26	30	49	29	25	43	27	33	13	32	15	42	21	23	43	35	12	3	35	26	17	0	25	32	17	0	29	31	22	1	39
chr9	38925012	38925026	15	6	0	15	11	4	3	1	2	0	0	0	0	0	0	0	0	0	2	1	1	0	0	0	0	2	0	0	0	1	0	0	0	0	0	0	0	0
chr9	38925027	38927158	2132	7	0	2132	1370	762	173	75	78	138	74	68	73	94	92	38	61	50	125	58	54	117	105	37	18	79	58	38	6	48	59	21	6	46	88	54	6	93
chr9	38927165	38928696	1532	7	0	1532	869	663	91	57	71	52	54	61	65	68	79	34	47	41	46	21	36	45	78	34	10	51	61	48	10	45	51	32	6	35	58	50	6	87
chr9	38928697	38929572	876	7	0	876	490	386	60	22	37	39	32	30	33	28	32	17	39	24	33	20	24	19	28	18	5	38	39	19	9	33	20	28	10	26	36	34	6	36
chr9	38929573	38929584	12	6	0	12	7	5	0	0	1	1	0	1	0	0	0	0	1	1	0	0	0	0	0	0	0	1	1	1	0	0	0	0	0	0	0	1	0	1
chr9	38929585	38931413	1829	7	0	1829	1127	702	150	53	76	98	71	54	64	74	80	35	45	64	75	48	51	88	81	44	12	53	62	41	8	62	43	34	2	35	77	54	8	85
chr9	38931414	38931968	555	7	0	555	290	265	43	19	15	21	25	21	20	13	11	11	25	14	19	10	12	10	22	16	5	18	24	15	14	18	16	22	14	20	17	18	9	16
chr9	38931969	38931985	17	8	0	17	17	0	4	0	0	3	0	0	0	0	0	0	0	0	4	0	0	4	0	0	0	0	0	0	0	0	0	0	0	0	0	0	0	0
chr9	38931986	38932741	756	8	0	756	458	298	77	19	29	49	37	24	27	31	28	17	23	14	33	13	10	26	35	15	3	20	28	13	7	19	28	20	6	21	28	19	6	29
chr9	38932742	38932778	37	8	0	37	17	20	0	0	1	0	1	1	1	2	0	2	3	4	0	0	1	0	0	2	1	0	3	0	0	2	0	1	0	1	2	3	1	3
chr9	38932779	38932831	53	8	0	53	32	21	7	1	0	3	1	2	2	1	1	1	1	1	2	3	4	1	3	1	2	2	3	2	0	1	0	0	0	2	0	2	0	2
chr9	38932837	38932995	159	8	0	159	82	77	18	2	5	6	5	3	12	3	7	1	9	7	1	2	1	0	2	1	0	5	6	2	2	7	8	7	3	8	7	7	3	7
chr9	38932996	38942904	9909	8	0	9909	5636	4273	675	270	359	461	344	348	418	409	384	199	364	254	362	212	245	331	409	244	65	311	407	290	56	377	309	255	57	291	394	342	58	407
chr9	38942905	38944559	1655	8	0	1655	968	687	110	46	45	91	70	53	59	81	56	25	66	47	57	57	37	67	74	49	9	49	68	34	17	47	54	37	13	41	67	46	11	70
chr9	38944561	38944598	38	8	0	38	32	6	24	0	0	0	1	0	0	1	0	1	2	1	0	0	0	0	0	0	0	1	1	0	0	0	0	0	0	0	1	1	0	2
chr9	38944599	38946648	2050	8	0	2050	1171	879	136	63	92	95	89	53	89	58	75	34	84	38	85	47	53	79	61	60	8	68	88	58	7	84	63	67	12	72	77	52	7	94
chr9	38946656	38947086	431	8	0	431	197	234	13	12	8	9	11	17	24	14	10	9	21	8	9	13	15	3	12	17	7	15	22	20	10	22	20	23	2	15	12	14	7	15
chr9	38947087	38947119	33	6	0	33	13	20	0	0	0	0	0	1	4	0	0	2	1	0	0	2	2	0	2	1	0	2	1	1	1	1	2	2	0	2	0	0	2	2
chr9	38947120	38947658	539	8	0	539	300	239	27	18	21	23	16	21	27	21	30	10	19	10	16	14	11	15	27	16	3	17	20	21	1	23	14	12	3	13	24	16	3	25
chr9	38947659	38947696	38	7	0	38	30	8	4	1	2	5	0	2	0	1	1	0	0	0	7	1	0	6	1	1	0	2	1	0	0	0	0	0	0	0	1	0	0	0
chr9	38947697	38948319	623	8	0	623	335	288	47	16	18	23	14	21	24	22	17	15	21	20	26	13	16	21	23	15	9	18	25	20	16	18	12	27	12	19	22	17	11	23
chr9	38948320	38948355	36	6	0	36	22	14	6	0	4	0	1	1	0	1	2	2	3	1	0	0	0	0	0	0	1	2	1	0	1	0	0	0	0	0	2	1	0	5
chr9	38948356	38948443	88	8	0	88	55	33	8	7	3	4	5	5	5	1	4	2	0	1	5	1	2	2	9	1	0	5	3	0	0	2	1	2	0	1	2	3	0	2
chr9	38948444	38948483	40	8	0	40	27	13	2	1	2	4	2	0	3	1	1	1	0	3	4	0	0	2	1	0	0	0	0	0	0	0	4	0	0	2	2	0	0	3
chr9	38948484	38949570	1087	8	0	1087	591	496	77	32	41	37	27	36	47	33	46	15	38	29	38	27	30	37	41	22	19	28	35	37	17	47	36	39	15	31	31	38	9	50
chr9	38949571	38949585	15	6	0	15	7	8	0	0	0	0	1	0	0	0	0	2	3	0	0	0	0	0	0	0	1	1	0	0	1	0	0	0	0	0	1	1	0	2
chr9	38949586	38949939	354	8	0	354	189	165	34	10	25	7	20	9	18	6	12	13	12	2	9	5	5	1	12	9	3	13	13	10	2	18	17	9	2	17	11	15	1	12
chr9	38949940	38949985	46	7	0	46	13	33	0	1	0	0	0	2	4	1	0	1	1	1	1	1	0	0	1	2	0	2	2	11	2	0	3	2	1	2	1	0	1	1
chr9	38949986	38950003	18	7	0	18	6	12	0	0	0	0	0	4	0	0	0	0	0	0	0	0	0	0	3	2	0	0	2	5	0	0	0	0	0	0	0	0	0	0
chr9	38950004	38950013	10	8	0	10	5	5	0	0	0	0	0	4	0	0	0	0	0	0	0	0	0	0	4	0	0	0	0	0	0	0	0	0	0	0	0	0	0	0
chr9	38950014	38950583	570	8	0	570	384	186	61	20	26	35	19	18	15	28	28	3	17	21	35	18	11	28	33	10	2	14	14	4	1	12	10	3	0	13	23	14	3	29
chr9	38950586	38951330	745	8	0	745	449	296	59	23	37	35	24	21	33	24	37	13	25	19	35	10	21	32	24	19	4	20	30	12	1	25	15	18	2	31	32	19	3	40
chr9	38951332	38951390	59	8	0	59	32	27	2	0	4	4	4	3	2	1	3	2	4	1	1	1	0	0	3	0	1	2	1	2	1	1	1	1	0	2	4	2	0	4
chr9	38951392	38951502	111	8	0	111	71	40	21	4	4	3	4	1	4	3	4	1	3	2	4	1	5	6	3	2	0	2	2	4	0	6	3	4	0	3	3	2	0	5
chr9	38951503	38951790	288	8	0	288	150	138	22	6	10	8	6	9	12	11	8	7	10	6	10	9	10	5	11	10	2	9	12	8	7	13	5	13	7	9	10	8	2	11
chr9	38951791	38952785	995	8	0	995	575	420	75	38	49	28	31	24	38	43	48	25	40	21	36	21	23	34	43	32	4	29	25	32	5	52	22	12	5	23	45	38	6	46
chr9	38952787	38952813	27	8	0	27	14	13	1	0	1	1	2	1	0	1	0	0	1	1	0	1	0	3	0	2	0	0	3	0	0	2	2	2	0	0	0	1	0	0
chr9	38952815	38953940	1126	8	0	1126	707	419	72	28	44	72	48	42	28	62	57	18	39	25	40	29	28	73	67	19	5	26	29	24	3	27	35	16	5	24	50	24	3	62
chr9	38953941	38956008	2068	8	0	2068	1135	933	132	58	89	74	77	74	100	66	74	45	87	47	70	45	48	47	87	46	18	71	71	55	15	92	63	68	12	81	96	64	13	81
chr9	38956011	38956053	43	8	0	43	21	22	0	2	2	1	2	2	4	0	3	0	3	1	0	0	0	0	1	2	0	2	1	1	0	3	3	0	0	1	2	2	0	3
chr9	38956055	38956574	520	8	0	520	342	178	72	15	17	30	15	17	20	15	18	11	20	15	30	8	16	22	21	6	3	21	8	8	1	12	14	6	1	13	24	9	3	27
chr9	38956575	38957990	1416	8	0	1416	822	594	114	33	51	73	52	41	66	54	43	32	59	38	62	32	25	47	47	32	11	48	55	27	8	56	39	45	8	45	72	42	5	52
chr9	38957999	38958233	235	8	0	235	140	95	21	8	11	11	7	5	8	7	11	8	9	5	12	2	8	5	6	5	1	11	9	9	2	7	2	4	0	6	10	9	1	13
chr9	38958235	38958283	49	8	0	49	22	27	2	1	2	0	2	2	4	0	1	2	2	0	0	0	2	0	2	2	0	1	3	0	0	6	1	4	0	3	2	3	0	0
chr9	38958285	38958533	249	8	0	249	155	94	21	9	8	13	14	8	11	9	6	3	6	11	10	5	3	16	16	3	0	6	11	7	0	5	7	9	0	4	8	4	0	14
chr9	38958539	38958574	36	8	0	36	15	21	0	1	1	0	1	3	2	0	0	0	3	2	0	0	0	0	0	2	0	2	3	2	0	3	0	2	0	2	3	2	0	0
chr9	38958576	38958760	185	8	0	185	83	102	5	6	2	5	7	10	11	5	4	4	11	3	2	3	4	1	6	10	1	6	14	8	1	9	7	10	2	5	6	5	2	8
chr9	38958768	38962541	3774	8	0	3774	2329	1445	307	119	180	215	139	88	115	154	158	66	111	101	217	76	119	164	135	98	10	106	125	103	15	136	97	83	6	94	138	95	13	189
chr9	38962542	38963062	521	8	0	521	270	251	34	6	18	24	17	13	28	15	22	11	22	17	10	8	10	14	8	10	4	16	26	19	5	24	20	20	9	17	19	26	6	21
chr9	38963066	38963084	19	8	0	19	11	8	0	0	0	0	0	1	1	1	0	0	1	1	0	3	0	2	1	1	0	1	0	1	0	1	0	0	0	0	2	0	0	0
chr9	38963086	38964260	1175	8	0	1175	682	493	74	50	50	46	43	30	55	37	53	27	31	27	51	21	26	60	46	35	9	38	50	30	8	51	24	39	4	21	45	35	5	52
chr9	38964262	38964278	17	8	0	17	11	6	3	1	1	0	1	0	0	1	0	0	1	1	1	1	0	0	0	0	0	1	0	0	0	0	1	0	0	1	1	0	0	0
chr9	38964281	38964540	260	8	0	260	170	90	23	10	12	19	17	9	7	10	11	4	5	6	13	4	5	13	11	7	0	9	8	0	1	6	13	3	1	5	12	5	0	9
chr9	38964541	38964631	91	7	0	91	52	39	8	4	2	6	4	7	2	1	4	0	3	0	4	4	2	0	5	2	6	2	4	1	0	1	4	2	1	3	1	2	1	3
chr9	38964632	38964766	135	8	0	135	89	46	7	4	6	9	5	3	4	5	5	2	4	8	10	3	5	8	5	3	0	4	0	2	1	3	3	2	0	3	9	0	1	9
chr9	38964767	38964841	75	7	0	75	57	18	13	5	4	5	3	1	2	1	5	1	1	1	7	0	2	5	2	0	0	5	0	0	0	1	2	0	0	0	3	1	0	3
chr9	38964842	38965025	184	8	0	184	122	62	22	5	14	8	5	3	3	2	16	1	11	7	6	4	7	7	5	0	0	8	0	2	0	11	0	0	0	0	8	11	0	16
chr9	38965029	38965229	201	8	0	201	115	86	15	5	6	10	8	5	9	13	8	5	5	5	5	6	3	6	10	5	0	6	8	9	1	6	9	5	0	4	9	5	1	7
chr9	38965230	38965268	39	8	0	39	15	24	0	0	1	0	1	1	2	2	0	2	2	0	0	1	1	0	2	1	1	0	1	4	0	3	3	1	1	3	0	2	0	2
chr9	38965269	38965345	77	8	0	77	37	40	1	6	4	1	5	4	2	3	5	0	1	0	1	0	3	0	5	1	1	2	4	4	1	4	4	4	0	2	1	4	0	2
chr9	38965346	38965393	48	7	0	48	23	25	1	1	2	1	2	4	2	2	3	0	1	1	0	1	1	0	3	1	1	0	1	3	0	2	4	1	1	2	2	1	0	2
chr9	38965394	38965981	588	8	0	588	363	225	37	21	23	30	13	13	22	20	21	9	18	24	39	19	16	36	22	11	7	22	17	17	2	21	9	9	4	12	21	20	7	24
chr9	38965982	38965997	16	7	0	16	9	7	1	1	0	0	0	0	1	1	1	0	2	1	0	0	0	0	0	0	0	1	1	0	0	0	0	0	0	0	1	1	0	2
chr9	38965998	38966192	195	8	0	195	114	81	13	9	12	9	10	5	9	3	11	6	6	5	10	0	1	3	9	7	2	2	6	7	0	10	4	3	0	3	8	6	0	14
chr9	38966193	38966238	46	7	0	46	29	17	7	1	3	2	0	1	4	1	3	0	0	2	3	0	0	1	1	0	0	2	0	2	0	2	3	0	0	1	2	1	0	2
chr9	38966239	38966295	57	8	0	57	42	15	8	1	1	4	1	1	2	1	4	0	1	3	2	2	2	8	1	0	1	2	1	0	0	1	0	0	0	0	3	2	1	2
chr9	38966301	38970051	3751	8	0	3751	2237	1514	288	108	176	181	136	117	156	145	149	85	104	101	179	71	101	139	146	85	20	130	118	88	19	130	140	74	17	107	150	109	10	170
chr9	38970052	38972729	2678	8	0	2678	1543	1135	194	69	97	124	71	92	111	93	109	43	113	72	111	56	78	109	88	72	16	84	98	64	19	116	76	74	18	72	105	86	19	127
chr9	38972730	38972813	84	7	0	84	52	32	2	0	1	10	4	3	4	1	0	3	3	0	6	7	2	5	5	2	2	3	3	1	0	3	2	2	0	2	2	2	0	2
chr9	38972814	38975129	2316	8	0	2316	1335	981	161	71	100	100	88	77	95	86	106	55	103	65	77	41	39	71	73	62	19	89	97	51	15	76	57	48	10	53	119	78	14	118
chr9	38975130	38976382	1253	8	0	1253	764	489	108	46	59	62	49	26	50	54	56	25	47	30	60	25	33	32	52	21	5	44	41	26	2	40	39	23	3	35	47	39	2	70
chr9	38976385	38977857	1473	8	0	1473	807	666	99	29	59	62	56	55	58	38	55	34	67	52	40	31	33	38	48	44	12	45	62	48	17	58	30	44	16	34	67	49	11	80
chr9	38977858	38979029	1172	8	0	1172	749	423	116	41	59	71	50	21	45	38	67	20	32	30	53	22	26	57	47	14	3	40	41	21	3	27	24	23	4	27	42	34	4	68
chr9	38979030	38979046	17	8	0	17	17	0	15	0	0	0	0	0	0	0	0	0	0	0	0	0	0	0	0	0	0	0	0	0	0	0	0	0	0	0	0	0	0	0
chr9	38979050	38979068	19	8	0	19	8	11	0	0	0	0	0	2	0	0	0	1	0	0	0	0	4	0	1	2	0	1	1	2	0	1	0	0	0	1	0	0	0	1
chr9	38979070	38979850	781	8	0	781	472	309	88	27	27	39	21	20	24	27	21	12	26	19	50	19	22	29	20	24	6	28	30	16	11	27	16	24	9	19	26	21	6	25
chr9	38979853	38980910	1058	8	0	1058	591	467	81	28	36	43	39	38	41	32	32	21	34	33	35	31	28	38	45	27	8	38	39	28	20	34	31	32	19	26	35	34	9	41
chr9	38980911	38981845	935	8	0	935	504	431	71	26	30	28	35	37	44	27	25	25	41	23	24	16	24	28	39	27	5	33	41	20	13	34	26	35	14	29	37	26	8	42
chr9	38981847	38981884	38	8	0	38	18	20	2	0	1	3	2	1	1	0	1	0	1	3	1	0	0	0	0	1	0	0	4	3	1	2	0	3	1	0	1	3	0	1
chr9	38981886	38983662	1777	8	0	1777	1047	730	141	60	72	76	61	55	72	70	76	43	73	36	70	35	45	60	70	44	14	65	65	38	9	61	46	35	6	49	77	56	7	88
chr9	38983664	38985316	1653	8	0	1653	1103	550	154	53	76	112	65	38	39	70	64	21	47	48	112	42	39	121	63	31	7	53	40	17	4	54	42	23	1	34	67	44	10	60
chr9	38985317	38985345	29	8	0	29	18	11	2	1	1	3	3	0	0	1	2	1	1	2	0	0	0	0	0	1	0	1	1	2	0	0	0	0	0	0	3	0	0	2
chr9	38985346	38985957	612	8	0	612	365	247	40	21	24	29	27	20	26	30	23	10	17	17	24	17	15	24	38	12	0	18	13	19	1	26	21	11	1	19	32	16	0	19
chr9	38985958	38985990	33	8	0	33	20	13	3	3	3	0	2	0	1	0	3	0	0	0	2	0	2	0	1	0	0	2	0	1	0	1	0	1	0	3	2	1	0	0
chr9	38985991	38986088	98	8	0	98	69	29	4	1	1	11	3	3	2	8	2	2	1	1	8	5	4	12	7	2	0	2	4	0	0	1	3	2	0	1	1	1	0	4
chr9	38986089	38986141	53	8	0	53	39	14	11	0	4	3	0	1	2	2	3	1	1	2	3	0	0	5	1	0	0	1	0	1	0	1	1	1	0	0	3	0	0	4
chr9	38986142	38986204	63	8	0	63	34	29	2	2	2	1	4	1	4	1	1	2	7	3	0	0	1	1	2	1	0	2	0	0	0	3	2	1	1	4	6	1	1	5
chr9	38986205	38986243	39	8	0	39	17	22	0	0	2	1	1	1	2	1	2	1	1	2	1	1	0	0	1	1	0	1	3	3	1	1	1	1	1	1	0	3	1	2
chr9	38986244	38986261	18	8	0	18	8	10	0	0	2	0	1	1	0	2	0	0	0	0	1	0	0	0	0	1	0	0	3	1	0	0	1	1	0	2	0	0	0	0
chr9	38986262	38986585	324	8	0	324	210	114	23	17	8	18	10	12	9	20	10	7	4	8	23	5	11	24	22	3	3	13	10	9	2	4	8	4	0	6	11	8	1	9
chr9	38986593	38988303	1711	8	0	1711	976	735	118	39	56	82	61	61	87	63	46	46	60	48	71	46	32	59	77	39	15	60	70	44	8	61	58	47	9	46	67	53	12	68
chr9	38988304	38988334	31	7	0	31	18	13	2	0	3	0	1	0	2	1	2	2	2	0	0	0	0	1	1	1	0	0	0	0	0	2	2	0	0	0	1	1	0	5
chr9	38988335	38988870	536	8	0	536	361	175	81	21	22	31	26	8	11	16	17	7	13	19	30	21	17	20	23	13	4	17	11	9	2	17	9	3	2	8	18	15	2	21
chr9	38988871	38988910	40	8	0	40	19	21	0	3	1	0	2	3	1	1	2	0	3	1	0	1	1	0	4	0	0	2	0	2	0	4	0	2	0	0	3	2	0	0
chr9	38988911	38989129	219	8	0	219	137	82	17	8	3	10	7	6	5	25	8	4	6	7	7	7	6	10	15	6	0	4	15	1	0	3	5	2	0	5	8	9	0	8
chr9	38989130	38989148	19	7	0	19	11	8	0	0	1	1	2	1	0	0	0	1	1	1	1	0	1	0	0	0	0	2	2	0	0	0	0	0	0	0	1	1	0	1
chr9	38989149	38989232	84	8	0	84	56	28	3	1	3	6	5	3	1	8	4	2	1	3	1	1	1	11	6	1	0	0	1	1	0	1	6	0	1	1	4	1	1	4
chr9	38989233	38989306	74	7	0	74	46	28	5	4	1	5	3	4	3	3	4	0	1	3	2	2	2	2	4	3	0	3	4	4	0	0	1	0	0	1	4	1	0	3
chr9	38989307	38989365	59	8	0	59	35	24	8	5	1	3	4	3	1	2	3	0	1	0	2	0	1	1	2	2	1	3	4	2	0	0	2	0	1	1	2	2	0	0
chr9	38989372	38989799	428	8	0	428	284	144	48	13	18	29	25	7	13	24	13	9	7	17	22	8	10	20	21	8	0	9	12	5	1	5	19	6	1	10	17	5	0	24
chr9	38989800	38989828	29	8	0	29	18	11	0	0	0	2	0	0	1	2	2	1	0	2	0	0	2	4	1	0	0	0	1	1	0	3	0	0	0	0	1	4	0	0
chr9	38989829	38989966	138	8	0	138	102	36	25	7	7	9	6	1	1	3	3	4	3	6	14	1	5	6	5	2	1	5	2	1	0	3	0	0	0	0	4	3	1	8
chr9	38989967	38989997	31	8	0	31	21	10	3	1	1	2	1	2	0	2	1	2	0	1	1	0	2	1	3	0	1	1	0	0	0	0	0	0	0	0	2	0	1	1
chr9	38989998	38990031	34	8	0	34	22	12	3	3	1	3	6	0	0	2	1	0	0	3	0	0	0	0	1	1	0	1	1	0	0	0	4	0	0	0	2	0	0	0
chr9	38990032	38991347	1316	8	0	1316	843	473	118	51	48	86	63	35	50	43	66	24	42	40	56	25	40	55	59	31	1	44	50	15	0	34	21	16	0	29	61	36	1	74
chr9	38991348	38991381	34	8	0	34	18	16	1	1	4	0	2	0	1	1	2	1	1	2	1	0	0	1	0	1	0	1	3	1	0	1	1	0	0	1	0	2	0	3
chr9	38991382	38991741	360	8	0	360	237	123	36	10	20	26	19	6	8	19	12	8	7	10	25	10	4	15	16	7	4	7	14	5	0	7	11	4	0	11	12	10	0	15
chr9	38991742	38991786	45	7	0	45	24	21	1	1	2	1	1	5	2	1	1	1	0	0	2	1	1	4	4	1	0	2	2	1	0	1	1	3	0	2	2	0	0	0
chr9	38991787	38991874	88	8	0	88	56	32	14	1	6	2	0	2	3	3	3	1	1	0	6	4	3	5	3	3	0	3	5	0	0	5	1	4	0	3	0	3	0	2
chr9	38991878	38992534	657	8	0	657	408	249	54	15	44	35	26	8	24	25	46	16	26	22	21	9	18	18	19	15	1	13	20	9	2	17	13	6	1	22	31	17	2	60
chr9	38992535	38992558	24	8	0	24	15	9	2	1	1	1	0	1	0	1	2	0	1	0	1	2	1	0	2	1	0	0	1	1	0	0	0	0	0	0	0	0	0	3
chr9	38992559	38992615	57	8	0	57	35	22	4	0	2	3	1	1	3	1	1	1	2	3	3	2	3	4	3	0	1	0	0	0	1	2	1	1	0	5	2	2	0	3
chr9	38992616	38992635	20	8	0	20	12	8	1	2	1	1	1	0	1	1	2	0	0	0	0	0	0	0	1	1	0	0	1	1	0	0	1	0	0	1	1	0	0	1
chr9	38992636	38992944	309	8	0	309	187	122	23	8	14	18	11	7	16	14	17	6	12	14	11	3	2	10	10	9	0	5	13	5	0	12	2	7	0	9	23	9	0	17
chr9	38992945	38992980	36	8	0	36	17	19	1	2	0	0	1	0	3	2	0	1	4	0	1	0	1	0	0	0	0	3	1	1	0	1	3	0	0	4	2	2	0	1
chr9	38992981	38993492	512	8	0	512	215	297	6	11	12	6	13	46	38	16	13	10	14	9	3	3	11	3	24	26	3	18	35	31	7	20	36	22	4	24	18	14	2	12
chr9	38993493	38993508	16	8	0	16	3	13	0	0	0	0	0	1	2	0	0	0	0	0	0	0	0	0	0	1	0	0	0	3	1	2	3	1	0	0	0	0	0	0
chr9	38993509	38993522	14	8	0	14	4	10	0	1	0	0	1	0	1	0	0	0	0	0	0	0	0	0	1	0	0	0	1	2	0	1	1	2	1	0	0	0	0	0
chr9	38993523	38993986	464	8	0	464	182	282	4	4	9	2	7	35	42	21	6	10	16	9	2	6	6	2	22	10	3	20	26	34	4	24	42	32	3	19	15	13	4	10
chr9	38993987	38994133	147	7	0	147	71	76	4	5	4	2	4	5	11	5	7	6	5	1	1	1	7	1	7	4	0	6	6	9	0	9	7	5	0	4	5	6	0	8
chr9	38994134	38994222	89	8	0	89	47	42	1	3	4	3	3	3	6	1	4	5	3	0	4	2	2	2	5	5	0	3	3	3	0	8	1	0	0	1	4	5	0	3
chr9	38994229	38994311	83	8	0	83	36	47	2	3	2	2	5	3	4	1	2	3	8	1	0	0	0	0	2	4	1	2	4	4	0	9	4	2	0	0	3	7	0	3
chr9	38994312	38994334	23	7	0	23	7	16	0	2	1	0	2	0	1	0	1	0	0	0	0	0	0	0	0	1	0	0	0	4	1	2	3	1	1	0	0	1	0	0
chr9	38994335	38994405	71	8	0	71	33	38	1	1	6	0	2	1	5	1	5	2	5	3	0	0	0	0	4	0	0	0	1	6	0	5	1	2	0	3	3	4	0	8
chr9	38994406	38994427	22	7	0	22	8	14	0	0	1	0	0	2	2	0	1	1	1	0	0	0	0	0	1	1	0	1	2	0	0	1	1	1	0	1	0	2	0	1
chr9	38994428	38994518	91	8	0	91	47	44	2	3	4	3	4	4	5	4	4	4	3	1	2	0	2	2	7	2	0	2	5	3	0	5	0	2	0	4	3	6	0	3
chr9	38994519	38994578	60	8	0	60	46	14	7	2	1	9	3	1	1	3	3	1	2	2	6	1	1	2	4	0	0	1	0	0	0	0	0	0	0	0	4	0	0	4
chr9	38994579	38995144	566	8	0	566	373	193	50	21	27	31	33	18	15	18	28	9	10	29	18	10	20	36	27	7	2	21	17	7	1	7	8	6	1	11	31	12	0	33
chr9	38995145	38995221	77	7	0	77	51	26	7	2	2	5	3	3	3	3	1	4	0	2	5	2	3	6	6	3	0	2	2	0	0	2	2	0	0	0	2	1	1	3
chr9	38995222	38995358	137	8	0	137	97	40	17	6	6	8	8	1	0	10	5	4	0	6	6	3	8	7	5	5	0	4	2	0	0	5	4	0	0	0	8	2	0	5
chr9	38995359	38995371	13	7	0	13	9	4	0	0	1	0	0	0	0	0	1	0	0	1	1	1	1	1	0	0	0	1	0	0	0	1	0	0	0	0	1	1	0	0
chr9	38995372	38995463	92	8	0	92	66	26	12	4	6	7	5	3	2	2	4	3	1	2	9	2	0	3	8	1	0	2	3	1	0	0	0	0	0	0	1	2	0	7
chr9	38995464	38995495	32	8	0	32	22	10	0	0	1	2	1	0	1	0	2	1	0	2	1	2	3	4	1	0	0	2	2	0	0	0	0	0	0	0	0	2	0	3
chr9	38995496	38995593	98	7	0	98	71	27	11	5	6	8	4	1	2	6	8	1	1	4	7	1	1	4	6	0	0	1	1	1	0	1	2	0	0	0	4	2	0	8
chr9	38995594	38995672	79	8	0	79	51	28	2	1	2	5	4	3	0	9	2	1	5	4	1	3	2	6	5	0	0	2	2	0	0	0	4	0	0	2	5	2	0	5
chr9	38995673	38995705	33	7	0	33	23	10	3	0	0	5	1	2	1	2	2	2	0	0	1	1	1	1	2	1	0	1	1	0	0	0	0	0	0	0	3	0	0	1
chr9	38995706	38995813	108	8	0	108	63	45	5	3	3	4	5	2	5	6	3	5	3	4	1	2	3	8	5	1	0	6	5	3	0	3	3	1	0	2	4	6	2	3
chr9	38995825	38995864	40	8	0	40	19	21	0	1	0	1	2	2	3	0	0	2	5	0	0	0	1	1	1	1	0	3	3	0	0	1	3	1	0	0	0	1	0	6
chr9	38995866	38995929	64	8	0	64	27	37	0	1	2	3	3	1	5	0	3	0	6	3	0	0	0	0	0	1	0	1	1	1	1	5	4	2	2	5	4	5	1	2
chr9	38995931	38995961	31	8	0	31	13	18	0	0	0	0	0	4	2	0	0	1	1	0	0	2	2	0	1	2	1	2	2	0	0	1	2	1	1	2	1	0	0	1
chr9	38995962	38996158	197	7	0	197	99	98	11	6	3	7	6	7	9	7	2	3	7	8	7	7	4	4	8	5	3	7	12	10	4	5	4	11	3	5	5	5	4	6
chr9	38996159	38996231	73	8	0	73	47	26	7	5	5	1	7	2	2	2	2	0	1	3	2	3	1	4	5	3	0	2	3	1	0	0	3	0	0	1	2	0	0	4
chr9	38996232	38996251	20	7	0	20	13	7	2	1	0	2	3	0	0	1	0	1	0	0	1	0	0	1	1	0	0	0	2	0	0	0	1	1	0	0	0	1	0	0
chr9	38996252	38996479	228	8	0	228	144	84	18	5	11	11	7	4	6	11	7	6	8	8	12	5	9	14	9	5	0	7	8	5	0	9	4	1	0	7	7	11	0	11
chr9	38996480	38996589	110	7	0	110	70	40	5	3	3	5	2	5	3	7	4	1	2	5	5	7	4	8	8	2	2	4	2	3	0	2	1	1	0	2	6	2	0	4
chr9	38996590	38996972	383	8	0	383	211	172	17	7	13	21	11	11	19	14	17	8	17	7	14	9	15	10	12	8	2	13	15	13	1	18	16	11	0	13	12	16	1	20
chr9	38996973	38997021	49	7	0	49	30	19	5	2	2	1	0	3	1	3	1	1	2	1	4	0	3	1	1	0	0	5	1	0	0	1	2	1	0	1	3	1	0	1
chr9	38997022	38997303	282	8	0	282	169	113	16	7	12	20	14	4	10	13	19	4	9	10	5	7	11	7	10	4	1	7	11	4	1	10	7	5	0	10	13	13	2	14
chr9	38997307	38997402	96	8	0	96	62	34	15	1	5	4	4	0	5	4	7	1	2	2	1	0	5	4	1	0	0	1	1	0	0	3	5	4	0	7	6	0	0	6
chr9	38997403	38997413	11	7	0	11	5	6	1	0	1	0	0	0	1	0	1	0	1	0	0	0	0	0	0	0	0	0	0	0	0	0	1	0	0	2	0	0	0	1
chr9	38997414	38997566	153	8	0	153	83	70	9	3	8	5	2	4	12	2	10	2	7	4	4	3	6	1	4	2	0	7	2	5	0	7	8	2	1	9	6	5	1	10
chr9	38997567	38997577	11	7	0	11	4	7	0	0	0	0	0	0	2	0	0	1	1	0	0	0	0	0	0	0	0	1	1	1	0	0	0	0	0	0	1	0	0	1
chr9	38997578	38997693	116	8	0	116	68	48	13	3	5	5	5	1	5	4	4	2	2	4	4	2	5	3	5	2	0	1	5	6	0	3	1	4	0	9	5	2	0	4
chr9	38997694	38997716	23	7	0	23	13	10	1	0	2	2	2	1	1	0	2	1	1	0	0	0	0	0	2	0	0	0	0	1	0	1	0	0	0	0	1	1	0	2
chr9	38997717	38997897	181	8	0	181	110	71	14	11	11	5	8	3	6	7	9	3	3	5	11	3	3	7	7	4	3	6	9	6	0	5	3	4	0	3	5	5	1	9
chr9	38997898	38998012	115	7	0	115	70	45	9	2	6	8	3	3	5	5	8	3	5	1	5	1	1	4	5	1	0	3	3	5	0	2	1	1	0	6	7	4	0	6
chr9	38998013	38998060	48	8	0	48	28	20	3	1	3	0	3	1	1	3	1	0	2	3	0	1	2	3	0	0	0	3	3	0	0	1	3	1	0	2	2	2	0	2
chr9	38998061	38998094	34	8	0	34	15	19	1	1	3	0	1	0	2	0	3	1	1	0	0	0	0	0	0	1	0	1	2	3	0	3	0	3	0	1	2	1	0	2
chr9	38998095	38998113	19	8	0	19	9	10	0	0	2	0	0	0	2	0	1	1	1	0	0	0	0	0	1	0	0	0	0	0	0	3	1	1	0	0	0	2	0	2
chr9	38998114	38998150	37	7	0	37	15	22	2	0	3	0	0	2	3	0	3	1	1	0	0	0	0	0	0	1	0	2	2	5	0	3	1	0	0	1	2	3	0	0
chr9	38998151	38998837	687	8	0	687	391	296	47	13	35	32	19	17	35	29	39	23	20	17	22	12	12	18	26	23	4	12	25	22	4	30	17	14	2	17	33	21	2	43
chr9	38998838	38998868	31	7	0	31	11	20	0	1	1	0	1	0	1	1	1	1	2	0	0	0	1	1	0	0	1	1	2	2	1	3	1	5	0	0	0	1	0	1
chr9	38998869	38999107	239	8	0	239	129	110	6	5	7	8	6	8	16	12	10	5	8	7	4	6	7	13	12	4	0	8	11	6	2	9	12	5	0	9	7	13	0	11
chr9	38999108	38999146	39	7	0	39	28	11	4	0	3	4	0	0	2	0	3	0	0	0	4	2	2	2	1	0	0	1	0	0	0	1	0	1	0	3	1	0	0	3
chr9	38999147	38999268	122	8	0	122	80	42	11	4	4	11	6	0	7	4	5	2	3	6	9	3	1	3	5	1	0	2	2	2	0	3	4	3	0	3	6	1	2	7
chr9	38999269	38999293	25	7	0	25	16	9	1	1	1	0	0	0	0	1	1	0	1	2	1	1	3	3	1	0	0	0	0	1	0	1	0	0	0	0	0	1	0	3
chr9	38999294	38999434	141	8	0	141	61	80	2	1	2	3	1	6	7	6	4	7	8	3	1	1	3	5	6	5	2	2	7	11	3	9	3	6	2	1	4	9	1	8
chr9	38999441	38999481	41	8	0	41	22	19	2	1	2	3	3	1	2	2	3	0	2	1	0	0	0	0	2	0	0	0	1	1	0	2	3	1	0	2	1	2	0	2
chr9	38999482	38999689	208	8	0	208	119	89	15	3	7	13	6	8	11	5	9	4	6	9	8	4	5	5	7	6	2	4	5	8	2	10	7	1	0	7	11	10	0	8
chr9	38999690	38999718	29	8	0	29	15	14	1	1	2	1	2	0	1	2	1	0	0	1	0	2	0	0	2	0	0	1	1	3	0	0	1	2	0	1	1	0	0	1
chr9	38999719	38999858	140	8	0	140	82	58	13	3	6	6	6	4	5	2	5	1	8	2	5	3	7	4	4	3	0	4	2	4	1	6	6	2	1	9	5	4	0	7
chr9	38999859	38999874	16	8	0	16	9	7	0	1	0	0	0	2	1	1	0	0	0	2	0	0	0	0	1	1	0	1	2	0	0	0	0	0	0	0	1	1	0	0
chr9	38999875	38999892	18	8	0	18	11	7	2	1	0	0	0	1	0	2	1	0	0	1	1	0	0	1	1	1	0	0	1	1	0	0	0	0	0	0	1	1	0	0
chr9	38999893	39000010	118	8	0	118	80	38	11	8	6	6	7	4	2	7	7	1	2	2	5	1	3	7	8	2	0	3	3	1	0	0	5	0	0	3	4	1	0	7
chr9	39000015	39000162	148	8	0	148	68	80	12	5	2	1	6	3	9	3	2	4	13	2	1	2	1	0	4	2	2	6	6	4	3	7	6	7	5	6	5	7	4	6
chr9	39000163	39000197	35	8	0	35	14	21	0	1	0	2	1	2	1	0	0	2	0	0	1	1	2	0	2	2	1	1	2	4	2	0	0	2	2	0	0	0	1	1
chr9	39000198	39000384	187	8	0	187	102	85	12	6	3	10	7	8	9	3	4	3	7	5	8	5	4	6	9	7	2	4	8	6	3	7	6	7	2	5	5	4	3	7
chr9	39000385	39000414	30	8	0	30	19	11	2	1	1	0	0	1	3	0	1	1	1	1	1	1	1	3	2	1	0	2	0	0	0	1	0	0	0	0	2	0	0	2
chr9	39000415	39000574	160	8	0	160	117	43	19	4	7	16	8	1	4	6	9	3	1	3	11	6	5	12	5	1	1	7	3	1	0	1	4	0	1	3	7	3	0	6
chr9	39000575	39000593	19	7	0	19	17	2	2	1	0	5	1	0	0	1	0	0	0	1	3	0	0	1	1	0	0	0	0	0	0	0	0	0	0	0	1	0	0	0
chr9	39000594	39001032	439	8	0	439	310	129	58	14	20	32	8	11	5	28	25	6	6	10	32	13	18	22	17	7	1	19	7	6	3	6	10	2	1	3	18	7	1	21
chr9	39001033	39001045	13	8	0	13	13	0	11	0	0	0	0	0	0	0	0	0	0	0	0	0	0	0	0	0	0	0	0	0	0	0	0	0	0	0	0	0	0	0
chr9	39001050	39001069	20	8	0	20	7	13	1	0	1	0	1	0	0	0	0	2	2	0	0	0	0	0	1	0	0	1	0	1	0	0	0	1	2	1	0	1	2	1
chr9	39001071	39001119	49	8	0	49	16	33	0	0	2	0	2	4	3	0	0	0	3	2	0	0	0	0	0	1	0	3	3	1	1	1	5	4	4	3	1	2	1	1
chr9	39001120	39001150	31	8	0	31	13	18	0	1	0	1	0	1	2	1	2	1	3	0	0	0	0	0	0	1	1	1	1	0	0	3	1	2	1	0	2	2	0	2
chr9	39001151	39001416	266	8	0	266	137	129	12	6	3	14	5	12	11	10	7	6	11	9	11	6	8	5	12	8	3	7	12	13	6	8	3	11	5	7	11	7	4	11
chr9	39001417	39001433	17	8	0	17	10	7	1	0	0	1	0	1	1	1	0	2	0	0	1	0	1	0	1	0	0	2	0	0	0	0	1	0	0	0	1	0	0	1
chr9	39001435	39001504	70	8	0	70	43	27	8	2	4	3	5	4	2	1	3	3	5	0	2	0	0	0	3	2	0	4	2	0	0	2	1	0	0	1	5	2	0	4
chr9	39001505	39001642	138	8	0	138	94	44	30	3	6	8	6	5	4	3	5	4	3	1	6	3	3	2	9	2	0	4	2	1	2	3	3	1	0	4	4	4	0	5
chr9	39001643	39001657	15	7	0	15	9	6	0	1	1	0	0	0	1	0	1	0	1	0	1	1	0	0	0	1	0	1	0	0	0	1	0	0	0	0	2	0	0	1
chr9	39001658	39002053	396	8	0	396	288	108	56	11	16	35	17	8	8	13	12	3	8	13	33	10	10	33	10	7	0	15	9	2	0	9	9	4	0	7	18	7	0	11
chr9	39002054	39002082	29	7	0	29	23	6	5	0	2	4	0	0	1	1	0	0	0	1	6	2	0	0	1	0	0	0	0	0	0	0	1	0	0	1	0	0	0	2
chr9	39002083	39002134	52	8	0	52	37	15	3	1	4	3	3	1	0	3	2	2	1	2	3	2	1	6	2	1	0	3	1	0	0	0	0	0	0	0	3	0	0	3
chr9	39002135	39002159	25	8	0	25	19	6	7	0	1	2	1	0	0	1	1	1	1	1	1	0	0	1	0	0	1	0	0	0	0	0	0	0	0	0	2	0	1	1
chr9	39002160	39002224	65	8	0	65	25	40	0	1	0	1	2	5	6	0	0	1	7	1	0	0	0	0	1	3	0	3	4	2	1	3	6	2	1	3	2	3	1	4
chr9	39002225	39002378	154	8	0	154	75	79	9	2	1	6	3	4	10	1	4	6	8	4	2	4	7	3	4	5	3	4	8	4	1	8	2	8	3	7	5	4	5	7
chr9	39002379	39002411	33	8	0	33	16	17	1	0	1	1	1	1	3	0	0	1	3	1	1	1	0	0	1	0	0	2	1	1	0	2	2	1	0	1	2	1	0	2
chr9	39002417	39002853	437	8	0	437	257	180	28	17	11	17	11	17	16	23	12	6	18	12	21	13	10	24	28	10	0	15	17	13	4	16	5	11	1	11	16	16	3	13
chr9	39002854	39002882	29	7	0	29	20	9	5	1	1	3	1	1	0	0	2	0	2	1	1	0	1	0	0	0	0	1	1	1	0	0	0	0	0	0	1	1	0	3
chr9	39002883	39003033	151	8	0	151	107	44	13	6	7	13	5	0	5	6	7	4	3	0	14	7	6	9	6	3	0	8	2	0	0	4	3	1	0	2	6	2	0	7
chr9	39003034	39003063	30	8	0	30	25	5	7	0	1	4	1	0	0	1	1	0	1	2	2	0	0	3	0	0	0	0	1	0	0	0	0	0	0	0	1	1	0	2
chr9	39003064	39003551	488	8	0	488	284	204	22	12	21	22	15	14	25	23	19	14	24	13	21	14	12	11	20	11	2	21	19	8	0	14	11	11	1	15	27	11	1	32
chr9	39003552	39003592	41	7	0	41	15	26	0	0	2	0	1	1	3	0	1	0	7	0	0	0	0	0	0	1	0	0	2	2	0	3	2	2	1	3	0	2	0	6
chr9	39003593	39003704	112	8	0	112	59	53	3	5	2	2	4	7	4	3	4	1	10	5	1	0	2	5	3	4	1	5	7	2	0	6	2	1	0	1	6	7	1	6
chr9	39003705	39003722	18	7	0	18	10	8	0	0	0	3	2	0	0	0	1	1	0	0	0	1	1	0	1	0	0	1	0	3	0	0	0	0	0	0	1	1	0	0
chr9	39003723	39003785	63	8	0	63	33	30	2	2	1	2	2	2	3	2	2	2	2	3	1	0	1	4	3	3	0	0	5	6	0	2	0	1	0	1	2	3	0	4
chr9	39003786	39003800	15	7	0	15	8	7	0	1	0	0	0	2	1	0	1	0	0	1	0	1	0	1	2	0	0	1	1	0	0	0	0	0	0	0	0	1	0	0
chr9	39003801	39003854	54	8	0	54	31	23	3	1	2	2	2	2	2	6	1	2	1	4	2	0	0	0	3	2	0	0	4	0	0	2	0	1	0	1	5	2	0	2
chr9	39003855	39003989	135	7	0	135	69	66	5	1	7	4	4	5	5	5	4	7	5	3	4	1	5	4	5	5	0	4	8	6	1	7	3	4	0	3	3	7	1	7
chr9	39003990	39004129	140	8	0	140	75	65	10	2	5	7	4	11	7	3	6	0	10	1	3	2	2	1	7	1	0	7	6	4	0	4	5	6	1	6	7	2	1	7
chr9	39004130	39004140	11	7	0	11	4	7	0	0	0	0	0	0	2	1	0	0	0	1	0	0	0	0	0	0	0	0	0	0	0	2	2	0	0	0	0	1	0	0
chr9	39004141	39004196	56	8	0	56	31	25	1	0	2	3	2	0	3	2	2	3	6	1	1	1	2	0	1	0	0	3	0	1	0	3	1	0	0	3	6	3	0	4
chr9	39004197	39004312	116	7	0	116	80	36	14	1	4	12	6	2	3	4	3	2	2	4	8	2	4	8	4	0	0	3	3	2	0	0	4	1	1	6	4	2	1	4
chr9	39004313	39004323	11	8	0	11	7	4	0	1	1	0	1	0	0	1	1	0	0	0	0	0	0	1	1	0	0	0	0	0	0	1	0	0	0	0	0	1	0	0
chr9	39004324	39004364	41	8	0	41	25	16	4	0	1	4	2	1	0	1	0	2	2	0	3	1	1	1	1	3	0	0	1	3	0	2	1	0	0	1	2	0	0	2
chr9	39004366	39004412	47	7	0	47	30	17	5	2	0	5	3	2	1	2	1	1	2	0	3	0	0	3	3	1	0	1	4	2	0	0	0	0	0	0	0	3	0	1
chr9	39004413	39004613	201	8	0	201	118	83	13	8	11	9	11	5	4	6	11	5	9	0	6	5	6	9	8	8	1	5	6	7	0	9	2	3	1	6	10	5	0	10
chr9	39004614	39004677	64	7	0	64	35	29	2	1	2	3	0	1	5	1	4	3	2	1	2	2	3	3	1	4	0	1	3	1	1	2	0	1	0	3	3	1	1	5
chr9	39004678	39004833	156	8	0	156	104	52	20	3	7	12	6	4	4	6	7	1	5	4	9	4	5	5	7	2	0	3	3	3	0	5	2	3	0	7	8	3	0	6
chr9	39004834	39004851	18	7	0	18	13	5	1	1	0	1	1	0	0	2	0	0	0	1	1	1	0	2	2	0	0	0	1	0	0	0	0	0	0	0	0	1	0	1
chr9	39004852	39005090	239	8	0	239	167	72	23	9	8	15	8	6	4	14	4	3	2	7	21	11	8	22	14	6	2	7	7	2	0	6	6	3	0	3	5	4	0	7
chr9	39005091	39005112	22	8	0	22	9	13	0	1	1	0	2	2	0	0	0	0	3	0	0	0	0	0	1	1	0	1	2	1	0	2	0	0	0	0	1	1	0	1
chr9	39005113	39005201	89	8	0	89	51	38	7	4	7	2	8	5	0	2	3	1	4	2	2	3	1	0	5	2	0	5	4	1	0	4	3	2	0	1	3	4	0	2
chr9	39005202	39005235	34	7	0	34	22	12	4	2	1	2	1	1	1	0	3	1	0	1	1	1	1	1	2	2	1	0	1	0	1	0	0	0	0	0	1	0	0	3
chr9	39005236	39005288	53	8	0	53	41	12	10	0	1	7	2	0	1	2	5	0	1	0	1	5	3	3	3	0	0	2	0	0	0	0	0	0	0	0	1	0	0	4
chr9	39005289	39005395	107	7	0	107	67	40	15	0	2	9	1	5	6	1	1	2	6	3	8	1	0	5	2	0	1	5	4	1	0	2	4	4	2	2	3	2	3	5
chr9	39005396	39005481	86	8	0	86	34	52	0	1	1	1	1	3	9	3	2	1	7	0	0	2	2	0	1	3	0	3	5	1	0	8	7	7	0	6	4	4	0	2
chr9	39005482	39005515	34	8	0	34	23	11	8	0	1	3	1	0	0	0	0	2	0	0	3	2	2	1	1	0	0	2	0	1	1	0	0	1	1	0	0	0	1	1
chr9	39005516	39005609	94	8	0	94	42	52	2	1	4	2	4	4	4	6	1	3	3	4	2	2	0	0	4	5	0	1	7	5	1	6	2	6	1	1	4	4	0	3
chr9	39005610	39005868	259	8	0	259	181	78	24	7	7	28	12	6	5	14	9	3	2	5	21	9	9	19	13	4	1	7	10	0	1	4	5	6	0	7	8	5	0	6
chr9	39005869	39005891	23	7	0	23	12	11	0	0	0	0	0	3	2	0	0	1	2	1	1	0	0	1	0	0	0	3	0	0	0	1	1	1	0	0	4	0	0	0
chr9	39005892	39005945	54	8	0	54	39	15	6	1	4	5	3	2	0	2	4	1	1	0	4	2	1	1	3	1	0	3	1	0	0	1	0	0	0	0	3	1	0	2
chr9	39005946	39005984	39	8	0	39	28	11	5	1	2	4	2	1	1	0	2	2	0	0	3	1	2	2	3	0	0	2	0	0	0	0	1	0	0	0	0	0	0	3
chr9	39005985	39006036	52	8	0	52	42	10	10	1	3	5	2	0	0	1	3	1	1	1	5	2	2	3	1	0	0	3	0	0	0	0	0	0	0	0	3	0	0	3
chr9	39006037	39006074	38	7	0	38	26	12	7	1	2	2	3	1	0	0	2	0	1	1	1	0	0	3	1	0	0	1	2	1	0	1	1	1	0	0	1	2	0	1
chr9	39006075	39006225	151	8	0	151	111	40	19	6	2	13	6	0	2	11	7	2	2	2	9	4	9	16	9	1	0	2	1	1	0	4	3	1	0	4	6	3	0	4
chr9	39006228	39006325	98	8	0	98	64	34	6	5	4	5	6	2	3	6	2	1	2	2	7	3	4	4	8	1	0	2	2	0	0	2	3	2	0	7	4	1	0	2
chr9	39006326	39006359	34	7	0	34	25	9	6	0	1	4	4	0	0	0	0	0	1	0	1	2	0	5	0	2	0	0	1	1	0	1	1	0	0	1	1	0	0	0
chr9	39006360	39006418	59	8	0	59	45	14	15	2	3	6	2	0	0	3	5	0	0	1	4	1	2	0	1	1	0	1	1	0	0	2	1	0	0	1	2	2	0	1
chr9	39006419	39006734	316	8	0	316	217	99	35	8	12	23	8	7	8	17	13	4	7	8	22	9	13	22	11	4	0	13	5	4	0	9	9	7	0	4	15	3	0	14
chr9	39006735	39006776	42	8	0	42	31	11	7	1	1	3	1	0	0	3	3	0	1	1	3	1	3	1	0	1	0	1	2	0	0	0	1	0	0	1	1	1	0	3
chr9	39006777	39006840	64	7	0	64	46	18	10	2	3	6	2	0	3	1	4	1	2	2	4	1	1	2	0	0	0	4	2	1	0	0	1	1	0	0	3	1	0	5
chr9	39006841	39006941	101	8	0	101	59	42	7	3	7	5	6	0	3	6	5	3	1	2	4	3	2	1	4	2	1	2	2	3	0	6	2	4	1	3	7	2	0	2
chr9	39006942	39006968	27	8	0	27	16	11	3	2	1	2	4	0	0	1	0	0	0	1	1	1	0	0	2	1	0	0	2	1	0	0	1	1	0	1	0	0	0	0
chr9	39006969	39007057	89	8	0	89	42	47	0	1	3	1	2	5	5	5	3	4	6	2	0	2	2	0	4	5	0	3	5	0	0	5	3	3	1	3	5	2	1	6
chr9	39007058	39007111	54	8	0	54	33	21	7	3	1	0	1	2	1	3	1	0	1	0	3	2	4	3	1	2	0	4	4	0	0	2	2	3	0	1	0	1	0	0
chr9	39007113	39007310	198	8	0	198	93	105	13	8	4	3	12	9	11	0	2	7	13	2	2	3	2	1	11	7	3	6	10	5	1	12	6	9	5	5	5	7	5	7
chr9	39007311	39007350	40	7	0	40	15	25	0	1	1	0	1	3	2	0	1	0	4	2	0	0	0	0	0	1	0	1	1	1	2	2	2	2	1	3	3	2	1	1
chr9	39007351	39007496	146	8	0	146	64	82	8	3	0	4	2	5	7	1	2	4	9	5	3	4	5	2	4	6	3	3	6	5	8	8	1	8	3	5	4	8	3	5
chr9	39007497	39007540	44	7	0	44	17	27	1	0	1	1	1	3	3	0	0	0	3	1	1	1	0	0	1	0	1	2	3	2	1	2	2	4	1	2	1	2	1	1
chr9	39007541	39007805	265	8	0	265	135	130	12	4	3	13	7	6	21	10	2	6	13	6	11	2	8	11	7	5	2	3	12	4	3	13	18	13	1	20	7	10	1	9
chr9	39007806	39007919	114	7	0	114	86	28	17	6	2	12	2	2	6	1	8	0	1	2	11	3	3	9	5	2	0	4	2	0	0	1	1	1	0	0	3	1	0	7
chr9	39007920	39008336	417	8	0	417	285	132	39	16	15	33	18	8	15	16	17	8	6	12	29	16	16	19	22	11	3	14	11	2	0	6	9	2	1	8	15	4	0	24
chr9	39008337	39008374	38	7	0	38	30	8	10	1	3	2	0	0	0	1	1	0	0	2	4	1	2	1	1	1	0	0	0	0	0	1	1	0	0	1	0	0	0	3
chr9	39008375	39008479	105	8	0	105	77	28	16	1	1	10	4	2	2	8	3	4	1	3	6	3	2	9	4	5	0	1	3	0	0	2	2	0	0	0	7	0	0	4
chr9	39008480	39008506	27	7	0	27	11	16	0	1	0	0	1	2	1	1	0	0	0	2	0	0	1	1	1	2	0	0	2	2	1	1	1	2	0	1	2	0	0	0
chr9	39008507	39008666	160	8	0	160	93	67	5	5	4	11	5	4	8	7	9	2	9	5	6	3	2	7	7	2	0	5	10	4	0	6	2	3	0	1	5	11	0	10
chr9	39008672	39008771	100	8	0	100	63	37	8	1	3	6	2	4	5	8	6	2	2	5	3	0	2	5	3	2	0	2	4	0	0	1	4	2	0	4	8	1	0	5
chr9	39008772	39008848	77	8	0	77	50	27	7	2	3	7	5	0	3	4	5	1	2	4	2	1	1	1	2	3	0	0	3	0	0	3	2	0	0	2	5	3	0	4
chr9	39008849	39008979	131	7	0	131	79	52	6	1	7	5	5	5	4	7	4	2	5	4	4	7	4	8	6	5	0	4	3	3	0	5	8	1	0	1	3	2	0	10
chr9	39008980	39009060	81	8	0	81	41	40	5	0	5	2	3	7	3	2	4	2	4	2	0	1	1	0	2	2	0	6	5	1	0	3	3	3	0	1	5	4	0	3
chr9	39009061	39009125	65	7	0	65	27	38	0	2	1	1	1	2	5	5	3	4	1	0	0	1	1	0	3	6	0	0	7	3	1	4	1	2	0	1	2	3	0	3
chr9	39009126	39009232	107	8	0	107	55	52	2	0	2	5	1	7	7	4	2	3	3	3	3	3	4	4	4	5	0	4	7	4	0	5	3	5	0	4	6	2	0	3
chr9	39009240	39009454	215	8	0	215	82	133	1	4	7	1	8	8	20	7	4	3	7	5	1	1	3	1	5	11	0	0	20	13	0	17	12	20	1	15	6	6	1	5
chr9	39009455	39009472	18	7	0	18	9	9	0	0	1	0	0	0	1	1	0	0	1	0	1	0	1	1	0	1	0	0	1	0	0	2	1	1	0	2	0	1	0	0
chr9	39009473	39009597	125	8	0	125	63	62	4	3	2	5	4	0	8	6	5	4	2	3	1	2	8	5	2	5	0	2	8	6	0	10	2	9	0	3	5	4	0	5
chr9	39009598	39009633	36	7	0	36	16	20	1	3	0	0	0	0	4	1	2	0	2	0	1	0	0	1	0	2	0	2	2	3	0	2	0	3	0	1	3	0	0	1
chr9	39009634	39009673	40	8	0	40	19	21	0	1	1	1	1	0	3	1	2	0	2	0	0	2	2	2	0	2	0	2	2	3	0	3	0	2	0	2	3	0	0	1
chr9	39009674	39009745	72	7	0	72	32	40	0	0	3	1	2	1	5	2	2	3	5	2	0	1	2	1	0	2	0	4	6	2	0	6	1	6	0	1	4	4	0	4
chr9	39009746	39009807	62	8	0	62	22	40	0	0	0	0	0	4	8	0	0	4	3	0	0	2	0	0	2	6	0	2	9	4	0	3	0	4	0	2	2	2	0	3
chr9	39009808	39009818	11	7	0	11	5	6	0	0	0	0	0	0	1	0	0	1	0	2	0	0	0	0	0	1	0	0	1	0	0	1	0	0	0	0	0	1	0	1
chr9	39009819	39009901	83	8	0	83	32	51	0	1	1	0	2	4	5	5	0	3	2	0	0	1	4	3	2	4	0	4	9	7	0	5	3	9	0	2	2	2	0	1
chr9	39009908	39009937	30	8	0	30	11	19	0	0	1	0	1	2	2	2	0	1	2	0	0	0	0	0	1	0	0	2	3	2	0	1	1	4	0	1	1	0	0	1
chr9	39009938	39009985	48	8	0	48	20	28	2	0	0	2	0	2	3	3	0	1	0	1	2	0	1	1	0	4	0	0	7	6	0	3	1	4	0	1	0	2	0	0
chr9	39009986	39010010	25	8	0	25	11	14	0	1	1	1	1	0	2	0	1	0	1	1	1	1	0	0	0	1	0	1	3	0	0	1	0	3	0	0	0	1	0	2
chr9	39010011	39010126	116	8	0	116	69	47	7	1	10	5	5	5	5	2	6	4	1	2	5	5	1	5	7	3	0	5	4	1	0	5	2	3	0	3	4	4	0	4
chr9	39010127	39010150	24	7	0	24	14	10	4	1	1	0	1	1	0	3	1	1	0	1	0	0	0	0	3	0	0	0	0	1	1	0	0	0	0	0	2	1	0	0
chr9	39010151	39010307	157	8	0	157	105	52	12	7	10	13	10	4	3	7	14	1	2	4	5	3	4	4	9	3	0	4	6	1	0	2	0	2	0	4	9	3	0	9
chr9	39010308	39010353	46	7	0	46	34	12	9	3	0	3	2	0	3	1	4	1	2	0	2	0	0	2	3	1	0	0	1	0	0	0	0	0	0	0	2	0	0	5
chr9	39010354	39010580	227	8	0	227	143	84	23	9	15	10	8	4	13	7	18	6	6	5	9	0	3	6	6	5	0	8	4	1	1	7	8	3	0	5	14	4	1	16
chr9	39010581	39010656	76	7	0	76	53	23	13	1	6	5	1	0	3	1	8	0	2	2	3	1	1	4	1	0	0	1	3	1	0	2	0	1	0	1	1	4	0	8
chr9	39010657	39010741	85	8	0	85	60	25	9	4	5	6	6	2	1	3	5	1	2	5	4	1	1	4	3	1	0	4	2	0	0	1	0	0	0	0	7	1	0	5
chr9	39010742	39010987	246	7	0	246	176	70	32	6	17	19	10	4	3	8	8	5	3	8	25	7	5	15	11	5	0	6	4	3	1	7	3	1	1	3	6	6	0	12
chr9	39010988	39011041	54	8	0	54	42	12	8	1	2	5	2	2	1	2	4	1	0	1	3	1	1	6	3	0	0	2	1	0	0	0	0	0	0	0	3	1	0	2
chr9	39011048	39011142	95	8	0	95	68	27	5	2	2	11	5	2	2	6	6	1	1	6	5	3	3	7	4	1	0	3	3	0	0	1	0	0	0	0	8	2	0	4
chr9	39011143	39011162	20	7	0	20	14	6	4	0	0	2	0	1	2	1	2	0	0	0	0	0	0	1	1	0	0	0	0	0	0	0	1	0	0	1	1	0	0	1
chr9	39011163	39011194	32	8	0	32	22	10	3	3	1	2	2	0	0	2	0	0	1	0	4	0	0	4	2	0	0	1	1	0	0	1	0	2	0	0	0	1	0	0
chr9	39011195	39011277	83	7	0	83	30	53	1	1	2	1	1	4	4	0	1	3	6	1	2	1	1	0	1	4	1	3	3	4	3	6	3	7	4	2	3	2	4	2
chr9	39011278	39011312	35	8	0	35	18	17	1	2	1	0	1	0	2	2	2	1	1	0	1	1	2	0	2	1	0	1	1	2	0	2	1	2	0	0	1	0	0	3
chr9	39011313	39011498	186	7	0	186	97	89	27	6	2	4	9	6	13	4	2	0	12	4	0	2	2	2	3	5	0	6	8	3	0	12	13	9	3	9	8	6	1	3
chr9	39011499	39011529	31	8	0	31	19	12	3	2	1	1	2	1	0	0	1	0	0	2	1	1	0	3	1	2	1	0	2	1	1	0	0	0	0	0	0	2	0	1
chr9	39011530	39011582	53	8	0	53	41	12	6	2	4	8	3	0	1	1	4	0	0	0	5	1	1	3	1	1	0	1	0	0	0	1	2	0	0	2	2	0	0	2
chr9	39011583	39011637	55	7	0	55	36	19	1	2	0	3	3	1	1	5	0	0	1	4	3	2	1	8	2	1	1	1	3	0	0	0	3	2	0	1	2	0	1	1
chr9	39011638	39011782	145	8	0	145	96	49	14	6	5	8	4	2	6	4	6	2	4	5	9	6	6	7	8	5	0	3	5	1	0	4	2	0	0	4	2	4	0	11
chr9	39011783	39011939	157	7	0	157	102	55	21	5	4	15	8	7	3	4	7	3	3	3	9	4	1	4	8	4	3	3	7	4	0	3	4	0	1	1	4	6	2	4
chr9	39011940	39012006	67	8	0	67	44	23	12	3	4	3	7	0	0	3	2	1	0	2	1	1	2	2	3	1	0	1	2	1	0	2	3	2	0	2	2	1	0	2
chr9	39012007	39012108	102	7	0	102	69	33	8	4	4	6	6	1	1	5	4	1	2	4	4	4	2	12	4	2	0	4	4	3	0	1	1	1	1	1	4	2	1	3
chr9	39012109	39012295	187	8	0	187	142	45	27	5	5	18	14	1	2	6	6	3	2	7	9	4	4	27	7	1	0	6	5	3	0	1	1	3	0	0	10	2	0	6
chr9	39012296	39012341	46	7	0	46	27	19	2	1	0	3	1	2	1	3	2	1	1	2	1	2	3	2	3	2	0	0	2	0	0	1	0	1	1	2	2	0	1	2
chr9	39012342	39012416	75	8	0	75	48	27	6	3	5	3	3	5	1	3	4	0	2	3	4	2	0	2	6	3	0	2	3	2	0	2	0	0	0	0	3	2	0	4
chr9	39012417	39012430	14	7	0	14	8	6	0	0	1	0	0	0	0	0	0	0	0	0	1	3	1	0	0	1	0	2	0	2	0	1	0	0	0	0	0	0	0	0
chr9	39012431	39012480	50	8	0	50	31	19	5	4	1	1	1	2	4	2	4	1	0	1	1	1	1	1	4	2	0	2	3	0	0	1	0	0	0	0	2	2	0	2
chr9	39012486	39012766	281	7	0	281	135	146	35	4	3	8	7	6	12	4	4	5	18	6	5	6	7	4	3	6	3	9	10	12	12	12	9	18	8	10	7	10	7	9
chr9	39012767	39012833	67	8	0	67	51	16	9	2	1	7	2	2	0	3	1	0	0	2	6	2	3	9	0	3	0	3	5	0	0	0	1	0	0	1	1	2	0	0
chr9	39012834	39012857	24	7	0	24	17	7	2	0	1	1	1	1	0	0	1	0	2	3	1	0	1	2	0	0	0	1	0	0	0	0	0	0	0	0	2	0	0	3
chr9	39012858	39012926	69	8	0	69	46	23	3	4	0	6	3	2	3	4	3	2	2	0	4	1	1	8	5	1	0	3	2	1	0	1	2	0	0	0	3	2	0	1
chr9	39012927	39012958	32	7	0	32	24	8	3	1	1	3	1	1	1	1	0	1	0	1	2	2	1	3	2	0	0	3	1	0	0	0	0	0	0	0	1	1	0	0
chr9	39012959	39013026	68	8	0	68	43	25	4	0	3	5	3	2	1	6	6	2	2	3	0	2	0	2	4	1	0	1	4	0	0	2	0	0	0	0	5	5	0	3
chr9	39013027	39013071	45	7	0	45	26	19	2	2	0	3	0	3	3	1	2	1	2	0	3	0	1	2	3	1	0	2	2	0	0	2	1	1	0	1	2	2	0	1
chr9	39013072	39013124	53	8	0	53	41	12	13	0	3	3	2	0	1	2	2	0	0	4	3	2	2	3	0	0	0	2	0	0	0	1	2	0	0	0	2	1	0	3
chr9	39013126	39013313	188	8	0	188	119	69	13	6	5	9	3	2	12	7	7	3	2	8	10	11	7	14	10	4	0	7	7	6	0	5	3	1	0	4	4	7	0	9
chr9	39013314	39013332	19	7	0	19	11	8	0	1	0	0	0	1	1	1	2	0	2	1	0	0	0	0	1	1	0	0	1	0	0	0	0	0	0	0	2	0	0	3
chr9	39013333	39013651	319	8	0	319	180	139	23	9	5	12	17	28	13	10	5	4	12	9	4	10	7	11	27	13	2	9	14	7	0	9	10	5	1	10	16	5	1	9
chr9	39013652	39013803	152	7	0	152	66	86	5	3	3	5	3	7	10	4	4	2	3	2	4	5	0	5	6	8	1	2	11	10	2	8	3	11	7	5	4	2	3	2
chr9	39013804	39013978	175	8	0	175	106	69	18	7	11	5	10	6	7	4	6	5	5	3	6	4	4	4	11	3	0	8	6	1	0	6	5	3	0	6	5	7	0	7
chr9	39013979	39014054	76	7	0	76	32	44	0	1	2	2	5	6	3	2	0	1	7	2	0	0	0	0	2	3	0	3	6	2	0	4	7	4	1	2	1	3	1	4
chr9	39014055	39014910	856	8	0	856	468	388	45	20	33	34	26	27	49	39	39	23	27	26	22	15	22	21	32	20	3	30	39	24	3	35	24	31	3	27	46	27	3	39
chr9	39014911	39014950	40	8	0	40	20	20	1	1	1	0	0	0	3	3	2	2	1	1	0	1	3	0	2	1	0	0	1	0	0	3	1	2	0	3	2	1	0	3
chr9	39014951	39014960	10	7	0	10	4	6	0	0	1	0	1	0	0	0	0	0	2	0	0	0	0	0	0	0	0	0	0	0	0	1	0	1	0	0	1	0	0	1
chr9	39014961	39015247	287	8	0	287	184	103	24	6	9	19	8	8	15	10	11	8	3	9	15	10	11	16	13	6	0	13	9	5	0	9	7	4	0	5	13	8	0	11
chr9	39015248	39015336	89	7	0	89	62	27	10	2	4	7	4	3	2	7	2	1	0	1	7	4	1	6	5	2	0	3	3	0	0	1	4	2	0	2	4	0	0	0
chr9	39015337	39015612	276	8	0	276	176	100	27	9	8	24	21	8	8	15	13	5	3	7	7	6	3	10	12	10	1	5	13	3	0	8	12	2	0	6	15	9	1	3
chr9	39015613	39015717	105	7	0	105	73	32	5	5	2	10	6	2	1	6	3	1	2	2	8	5	4	10	7	2	1	3	2	1	0	1	2	1	0	3	4	0	2	2
chr9	39015718	39015772	55	8	0	55	40	15	7	2	3	2	1	1	2	1	3	0	1	5	3	1	1	5	3	1	0	0	1	0	0	1	0	0	0	0	2	1	0	6
chr9	39015773	39016009	237	8	0	237	166	71	41	4	5	22	8	5	6	9	7	4	8	7	17	4	5	12	8	3	0	6	6	1	0	7	6	3	1	4	9	7	3	7
chr9	39016010	39016046	37	7	0	37	18	19	1	0	2	1	1	0	3	1	0	0	3	1	2	1	0	1	1	0	0	1	1	1	0	2	2	1	0	5	1	3	0	0
chr9	39016047	39016119	73	8	0	73	40	33	14	2	0	0	3	3	3	2	0	1	6	3	0	0	1	1	2	2	0	2	5	1	0	1	1	3	2	4	3	1	2	3
chr9	39016120	39016453	334	7	0	334	225	109	39	10	12	21	13	12	11	11	12	9	6	8	18	10	14	18	24	7	0	10	7	4	0	5	5	0	0	10	11	5	2	18
chr9	39016454	39016564	111	8	0	111	69	42	6	4	6	4	7	3	2	5	5	4	4	1	1	3	4	8	6	4	0	4	3	1	0	4	2	2	0	2	7	1	0	6
chr9	39016565	39016630	66	7	0	66	46	20	5	1	1	10	5	2	1	0	3	1	2	4	4	0	1	5	2	0	0	2	1	2	0	2	0	0	0	0	4	3	2	1
chr9	39016631	39016784	154	8	0	154	111	43	17	7	7	12	9	1	1	9	12	1	5	5	4	3	5	12	6	1	0	5	1	0	1	1	2	0	0	2	10	2	1	10
chr9	39016785	39016843	59	7	0	59	44	15	9	1	3	7	4	0	1	2	4	1	0	2	4	1	2	1	0	0	0	3	1	0	0	0	2	0	0	2	5	1	0	1
chr9	39016844	39017157	314	8	0	314	216	98	27	7	18	23	15	3	13	12	18	8	2	13	14	9	8	24	15	7	0	5	5	2	0	7	9	1	0	6	14	4	0	23
chr9	39017158	39017258	101	7	0	101	67	34	11	4	2	8	6	0	2	6	5	1	7	6	4	1	1	2	4	1	0	1	3	0	0	3	1	0	0	1	6	5	1	7
chr9	39017259	39017283	25	8	0	25	16	9	0	0	0	2	1	1	1	1	0	0	1	2	1	0	1	4	0	0	0	1	1	0	0	1	1	1	0	0	2	1	0	0
chr9	39017284	39017439	156	8	0	156	90	66	9	8	4	7	6	2	7	13	10	2	4	3	3	3	1	7	4	4	0	7	5	7	0	6	8	3	1	2	12	4	1	1
chr9	39017440	39017471	32	7	0	32	9	23	1	0	0	0	1	1	1	0	0	0	4	0	0	0	0	0	0	1	0	0	1	5	2	2	2	1	1	3	0	3	1	0
chr9	39017472	39017538	67	8	0	67	31	36	3	1	3	0	3	4	5	0	0	1	3	0	1	5	2	0	3	3	0	4	3	3	0	3	5	2	0	4	1	1	0	2
chr9	39017539	39017569	31	7	0	31	11	20	0	0	0	0	0	3	2	1	0	1	1	1	0	0	2	0	2	1	0	0	1	4	0	3	2	1	0	1	1	1	0	1
chr9	39017570	39017628	59	8	0	59	29	30	4	2	3	1	1	2	3	3	3	1	2	0	2	1	1	0	2	2	0	2	3	6	0	2	2	2	0	2	2	1	0	2
chr9	39017629	39017653	25	7	0	25	14	11	1	2	1	0	0	3	1	0	0	0	1	0	3	0	1	0	2	1	0	2	1	0	0	1	0	0	0	2	1	0	0	0
chr9	39017654	39017735	82	8	0	82	38	44	2	2	2	1	3	8	5	2	2	4	4	1	0	0	0	0	6	5	0	3	2	4	0	7	5	1	0	0	6	3	0	2
chr9	39017736	39017793	58	7	0	58	35	23	5	2	3	5	4	2	0	2	3	0	2	2	2	1	0	1	1	1	1	1	3	3	1	0	1	2	0	1	3	1	0	3
chr9	39017794	39017856	63	8	0	63	27	36	2	0	4	1	0	0	6	0	4	3	3	1	1	1	0	0	1	2	0	1	2	6	0	6	1	1	0	4	2	6	0	3
chr9	39017857	39017895	39	7	0	39	18	21	1	0	3	0	2	0	3	1	1	1	2	1	0	1	1	0	0	0	1	1	2	0	0	0	2	1	1	7	2	1	0	2
chr9	39017896	39018078	183	8	0	183	89	94	9	5	6	4	4	3	9	8	6	4	11	4	4	2	6	2	6	4	1	3	8	9	4	9	7	7	0	10	3	10	3	10
chr9	39018079	39018137	59	7	0	59	23	36	4	0	3	0	3	3	1	2	0	2	4	0	0	0	0	0	0	3	1	1	6	7	1	3	0	4	0	2	3	3	0	1
chr9	39018138	39018500	363	8	0	363	248	115	36	12	10	27	12	18	11	16	13	5	4	7	24	16	9	27	30	7	1	13	9	6	0	7	7	1	0	4	11	7	1	10
chr9	39018501	39022500	4000	7	0	4000	2328	1672	336	89	111	230	125	123	158	145	126	70	154	121	178	82	89	189	118	97	34	115	144	123	46	134	122	115	46	107	167	112	36	156
chr9	39022501	39022621	121	8	0	121	93	28	13	1	2	17	3	2	2	3	5	1	7	1	11	5	3	15	0	2	0	7	1	1	0	1	1	0	0	1	8	0	0	6
chr9	39022627	39022678	52	8	0	52	23	29	0	1	2	0	3	3	4	2	0	1	3	2	0	0	0	0	1	0	0	4	4	1	0	1	5	4	0	3	2	1	0	3
chr9	39022679	39022765	87	7	0	87	40	47	0	2	3	3	3	3	8	2	4	0	5	1	1	2	1	0	3	4	0	1	3	2	0	9	6	4	0	4	4	4	0	3
chr9	39022766	39022877	112	8	0	112	60	52	6	3	3	7	6	4	5	4	4	3	5	0	3	3	2	1	4	5	0	4	9	3	0	6	2	5	0	1	4	5	0	3
chr9	39022878	39022957	80	7	0	80	39	41	4	1	2	3	2	7	5	2	2	2	4	1	2	2	0	0	4	4	0	3	5	3	1	1	3	2	1	3	4	1	0	4
chr9	39022958	39023256	299	8	0	299	153	146	10	6	8	11	9	10	18	17	11	4	14	14	5	6	7	2	9	9	0	9	17	11	1	14	13	11	1	7	15	12	0	16
chr9	39023257	39023283	27	8	0	27	15	12	1	1	0	1	1	2	2	1	1	0	1	2	0	0	0	2	1	1	0	1	1	0	0	0	1	0	0	1	3	0	0	1
chr9	39023285	39023298	14	8	0	14	11	3	1	1	0	0	1	0	0	0	0	0	0	0	2	1	1	2	0	1	0	1	1	0	0	0	0	0	0	0	0	0	0	0
chr9	39023299	39023454	156	8	0	156	104	52	23	6	9	11	9	1	3	7	7	1	4	4	9	1	4	4	4	3	0	2	3	1	0	7	6	5	0	5	7	2	0	6
chr9	39023455	39023508	54	7	0	54	32	22	3	2	3	0	1	2	2	4	2	3	2	1	2	2	1	0	4	1	0	4	3	0	0	2	0	0	0	0	2	4	0	2
chr9	39023509	39023687	179	8	0	179	137	42	27	4	6	24	8	2	2	4	7	1	2	9	18	3	6	13	4	2	0	4	4	2	0	2	2	0	0	2	6	5	0	8
chr9	39023688	39023706	19	7	0	19	8	11	2	0	0	1	1	0	2	0	0	1	0	1	0	0	0	0	1	0	0	0	1	0	1	2	0	2	0	0	0	2	0	0
chr9	39023707	39023804	98	8	0	98	58	40	6	2	1	3	2	7	3	7	0	1	4	4	3	5	2	6	6	4	2	3	4	1	0	3	7	1	0	0	3	2	0	4
chr9	39023805	39023857	53	7	0	53	35	18	21	0	0	0	0	1	4	0	0	2	2	0	1	1	2	0	2	0	0	2	2	0	0	1	0	3	1	2	0	0	1	3
chr9	39023858	39023913	56	8	0	56	27	29	1	2	0	3	3	4	4	1	2	0	5	2	0	0	0	0	0	4	0	2	3	1	0	3	4	0	0	2	4	2	0	2
chr9	39023914	39023994	81	7	0	81	41	40	6	0	1	3	1	4	4	2	1	2	3	0	2	3	6	3	2	2	1	3	4	2	1	3	4	4	1	5	1	2	1	2
chr9	39023995	39024052	58	8	0	58	27	31	1	2	1	0	2	2	0	5	1	3	4	5	0	0	0	0	1	5	1	0	3	1	1	3	0	1	1	0	5	2	3	3
chr9	39024053	39024071	19	8	0	19	7	12	1	0	2	0	1	1	1	0	1	0	0	0	0	0	0	0	0	0	0	1	2	1	1	0	1	1	0	2	0	1	0	0
chr9	39024073	39024105	33	8	0	33	13	20	0	0	0	1	0	3	2	2	0	1	1	0	1	1	0	0	2	0	0	2	1	1	2	1	2	4	2	0	2	0	0	0
chr9	39024108	39024127	20	8	0	20	12	8	4	1	0	0	0	3	0	1	0	0	1	0	1	0	0	1	1	0	1	1	0	0	0	0	1	0	1	0	1	0	0	0
chr9	39024137	39024281	145	8	0	145	109	36	28	8	5	12	6	1	2	5	8	1	4	2	10	3	6	7	4	1	0	8	3	0	0	1	1	0	0	2	6	3	0	6
chr9	39024291	39024493	203	8	0	203	135	68	17	13	3	14	11	3	4	13	8	6	0	4	12	3	12	11	15	4	1	4	5	1	1	8	4	4	0	2	7	6	0	5
chr9	39024494	39024525	32	8	0	32	19	13	3	4	0	0	3	0	1	1	1	0	2	0	0	1	1	1	2	0	1	2	1	0	0	1	0	2	0	0	2	0	0	1
chr9	39024526	39024598	73	8	0	73	43	30	4	4	3	2	4	4	3	1	2	2	4	2	3	0	2	1	7	1	0	3	0	1	1	2	2	0	0	2	3	2	1	5
chr9	39024599	39024639	41	7	0	41	24	17	7	3	1	1	2	0	4	0	2	0	1	0	1	0	0	1	1	0	0	2	1	1	0	2	4	0	0	2	0	3	0	0
chr9	39024640	39024817	178	8	0	178	116	62	25	8	11	8	8	2	10	0	5	4	4	3	12	4	5	5	6	4	0	8	4	3	0	5	4	1	0	11	6	4	0	6
chr9	39024825	39025039	215	8	0	215	100	115	8	3	4	5	5	16	11	5	4	5	12	7	3	4	6	1	10	11	1	6	10	5	6	11	6	9	2	9	12	8	1	7
chr9	39025045	39025085	41	8	0	41	17	24	1	0	1	1	1	1	2	3	0	0	3	1	1	1	0	0	1	0	0	1	3	2	1	3	2	4	0	2	1	2	1	0
chr9	39025087	39025188	102	8	0	102	58	44	7	3	0	5	2	3	6	4	3	3	4	2	3	1	6	5	3	4	0	3	4	5	0	3	3	2	0	4	5	1	0	6
chr9	39025189	39025207	19	7	0	19	12	7	1	0	1	0	1	0	1	0	0	1	2	0	0	1	0	2	0	0	0	2	0	0	0	0	1	0	0	1	1	0	0	2
chr9	39025208	39025256	49	8	0	49	28	21	1	0	2	4	0	0	3	3	3	0	3	0	4	2	1	1	1	0	0	1	3	0	0	2	1	4	0	2	1	1	0	4
chr9	39025257	39025303	47	8	0	47	20	27	0	0	2	1	1	5	4	0	1	0	1	1	1	2	1	0	2	3	0	1	4	1	0	3	3	2	0	3	1	2	0	0
chr9	39025304	39025467	164	8	0	164	88	76	4	2	5	10	6	8	9	2	4	5	9	5	7	1	2	8	4	5	0	7	9	4	1	3	6	3	5	6	6	5	2	9
chr9	39025468	39025562	95	8	0	95	63	32	9	4	3	4	3	1	2	3	2	3	5	0	6	6	9	1	4	0	0	11	0	1	0	2	1	1	0	2	5	1	0	4
chr9	39025563	39025630	68	8	0	68	48	20	8	3	6	4	3	1	1	1	3	2	1	1	7	0	1	6	1	1	0	3	1	0	0	3	2	0	0	0	2	2	0	3
chr9	39025631	39025699	69	8	0	69	49	20	5	0	3	7	1	3	1	4	4	0	0	3	5	1	2	10	2	1	0	1	2	0	0	2	2	0	0	1	2	3	0	2
chr9	39025701	39025744	44	8	0	44	27	17	0	0	2	3	2	4	1	0	1	0	1	1	2	3	1	6	3	0	1	2	1	1	0	0	1	1	0	2	2	0	0	1
chr9	39025745	39025798	54	8	0	54	31	23	0	0	0	6	1	0	2	2	2	0	1	1	3	3	4	5	1	2	0	0	1	2	1	3	3	3	0	2	0	1	1	2
chr9	39025799	39025847	49	8	0	49	34	15	7	0	5	4	2	1	1	0	5	1	1	0	3	1	1	0	0	2	0	1	1	0	0	2	1	0	0	1	2	1	0	4
chr9	39025848	39026142	295	8	0	295	178	117	27	7	18	21	20	5	8	14	16	4	7	5	10	3	5	8	11	3	0	5	9	9	0	11	14	10	0	12	13	8	0	10
chr9	39026143	39026184	42	8	0	42	28	14	8	0	3	2	0	0	2	0	2	1	2	1	3	0	2	1	0	0	0	2	1	0	0	2	0	1	0	1	0	2	0	4
chr9	39026185	39026342	158	8	0	158	85	73	8	3	7	7	8	3	6	7	4	2	8	7	5	2	0	7	6	5	0	0	9	4	1	11	4	8	1	3	5	8	0	7
chr9	39026343	39026439	97	8	0	97	56	41	8	5	7	3	4	4	4	0	6	2	0	1	5	2	3	2	2	2	2	7	5	3	0	2	1	3	2	1	4	2	0	3
chr9	39026447	39026483	37	8	0	37	22	15	3	2	1	3	3	1	1	1	1	0	2	0	2	0	0	0	0	2	0	3	3	1	0	1	2	0	0	0	1	2	0	0
chr9	39026484	39026554	71	7	0	71	43	28	3	0	3	5	2	1	4	1	1	2	6	2	4	5	1	2	1	1	1	4	1	0	1	1	2	1	0	3	4	1	0	6
chr9	39026555	39026684	130	8	0	130	70	60	13	4	3	2	5	7	2	8	3	3	11	2	1	3	2	0	7	4	2	3	3	2	0	8	4	4	0	2	8	3	4	5
chr9	39026685	39026755	71	8	0	71	34	37	1	3	2	1	5	2	4	3	0	2	2	3	1	3	1	1	5	1	2	2	1	5	1	2	4	3	1	2	3	0	0	3
chr9	39026756	39027198	443	8	0	443	236	207	20	13	16	15	17	11	29	17	17	11	19	15	9	7	6	12	22	8	0	12	20	17	1	21	13	17	1	13	19	17	2	24
chr9	39027199	39027254	56	8	0	56	41	15	11	1	5	3	3	0	0	2	5	0	0	2	2	3	1	1	2	0	0	2	1	2	0	1	0	0	0	0	2	2	0	3
chr9	39027255	39027326	72	8	0	72	52	20	5	2	3	7	2	1	2	3	3	0	1	3	7	1	3	9	1	1	0	2	1	0	0	0	3	0	0	3	3	1	0	3
chr9	39027327	39027375	49	7	0	49	32	17	14	2	2	2	3	0	2	0	3	1	3	0	0	0	0	0	2	0	0	1	1	2	0	1	1	1	0	0	1	1	0	4
chr9	39027376	39027399	24	8	0	24	8	16	0	0	0	0	0	1	1	1	0	0	2	3	0	0	0	0	0	0	0	1	2	0	0	0	1	1	4	1	0	1	2	1
chr9	39027401	39027423	23	8	0	23	7	16	0	1	0	0	1	1	1	0	0	0	3	0	0	0	0	0	1	1	0	0	0	1	1	2	1	1	1	2	1	2	0	0
chr9	39027424	39027476	53	8	0	53	25	28	0	1	2	2	1	1	2	0	3	0	3	3	1	2	2	1	1	1	0	2	0	3	1	4	2	2	1	1	2	3	2	2
chr9	39027477	39027494	18	7	0	18	4	14	0	0	0	0	0	2	1	0	0	0	0	0	0	0	0	0	0	1	1	0	3	0	0	1	1	3	3	0	0	0	0	0
chr9	39027495	39027564	70	8	0	70	40	30	7	4	1	3	3	0	2	2	3	3	4	0	2	2	2	1	2	4	1	2	3	3	1	2	0	1	0	1	2	1	2	4
chr9	39027569	39027590	22	8	0	22	5	17	0	0	0	0	0	1	1	0	0	1	2	0	0	0	0	0	0	2	0	0	1	2	1	2	0	2	1	1	1	2	0	0
chr9	39027594	39027674	81	8	0	81	37	44	4	0	2	3	2	5	5	1	3	2	5	4	0	0	0	0	1	2	2	2	4	2	2	2	4	3	2	3	4	3	2	5
chr9	39027675	39027723	49	8	0	49	33	16	6	1	1	5	3	0	1	0	2	2	0	0	3	1	3	3	1	1	0	2	2	2	0	2	0	1	0	1	2	2	0	0
chr9	39027724	39027777	54	8	0	54	30	24	4	1	2	3	2	0	2	0	1	0	3	3	3	1	2	2	0	1	0	1	2	6	0	3	0	0	0	2	1	4	0	3
chr9	39027778	39027969	192	8	0	192	130	62	21	10	8	13	12	0	6	8	10	2	5	2	9	8	6	9	10	5	0	5	5	1	0	4	4	3	0	5	8	1	0	10
chr9	39027970	39027993	24	8	0	24	19	5	5	3	2	0	1	0	0	0	1	0	1	0	4	0	0	0	1	0	0	2	0	0	0	0	0	0	0	0	0	0	0	2
chr9	39027995	39028016	22	8	0	22	13	9	3	0	1	1	1	2	0	1	0	0	1	0	1	1	0	0	2	0	0	0	0	0	0	1	2	1	0	1	1	0	0	0
chr9	39028017	39028101	85	8	0	85	56	29	6	2	5	7	5	3	1	2	7	0	2	2	2	4	7	1	3	0	0	5	0	0	0	2	2	1	0	3	5	1	0	5
chr9	39028102	39028132	31	8	0	31	17	14	1	0	2	2	1	1	1	0	3	0	2	1	0	1	0	1	0	0	0	1	0	2	0	2	1	1	0	0	3	1	0	2
chr9	39028133	39028198	66	7	0	66	45	21	8	2	3	4	3	0	0	4	2	1	1	4	3	1	4	4	3	0	0	1	2	0	0	4	1	1	0	0	1	5	0	2
chr9	39028199	39028292	94	8	0	94	52	42	4	2	5	2	4	1	5	7	4	2	2	6	1	1	3	1	3	2	0	1	5	1	0	3	5	2	0	5	5	4	0	6
chr9	39028293	39028339	47	8	0	47	25	22	5	0	2	1	1	1	3	3	0	2	1	1	1	1	1	1	2	2	0	0	2	2	0	3	2	2	0	2	2	0	0	2
chr9	39028340	39028363	24	8	0	24	6	18	0	0	0	0	0	3	1	0	0	0	1	0	0	0	0	0	0	1	2	0	2	0	1	2	1	5	1	1	1	0	0	0
chr9	39028364	39028381	18	8	0	18	9	9	1	0	1	1	1	0	1	0	0	0	1	1	1	1	0	0	0	0	0	0	2	1	0	0	0	0	0	2	0	1	0	1
chr9	39028382	39028392	11	8	0	11	3	8	0	0	1	0	1	0	0	0	0	0	0	0	0	0	0	0	0	0	0	0	1	1	0	2	0	3	0	0	0	0	0	0
chr9	39028393	39028546	154	8	0	154	76	78	8	4	2	5	1	5	8	5	5	4	8	4	5	4	5	2	2	10	1	4	9	7	2	7	3	3	1	7	5	6	4	6
chr9	39028547	39028640	94	8	0	94	47	47	17	1	0	1	3	5	6	0	0	3	7	1	0	0	2	0	3	2	1	3	3	2	2	3	6	4	1	5	2	3	2	4
chr9	39028643	39028684	42	7	0	42	22	20	5	1	1	1	0	2	2	1	4	0	2	0	0	0	2	0	0	0	0	2	3	2	0	2	1	3	0	0	1	2	0	3
chr9	39028685	39028991	307	8	0	307	163	144	16	11	13	7	9	15	20	14	15	10	6	11	7	3	2	4	18	5	5	11	18	11	0	9	8	7	1	7	14	15	0	13
chr9	39028992	39029034	43	8	0	43	26	17	3	2	1	2	0	2	1	2	3	0	0	0	3	2	1	2	3	1	1	1	2	2	1	1	0	1	0	1	0	2	0	1
chr9	39029035	39029085	51	8	0	51	28	23	6	1	4	2	2	2	3	0	5	0	0	2	0	0	0	0	1	1	0	0	3	1	0	3	1	2	0	3	2	3	0	2
chr9	39029093	39029486	394	8	0	394	237	157	33	9	10	24	14	8	17	25	18	7	7	13	11	6	10	23	12	5	4	9	10	8	4	10	25	10	4	11	18	9	4	14
chr9	39029487	39029500	14	7	0	14	7	7	0	0	0	0	0	5	1	0	0	0	0	0	0	0	0	0	6	0	0	0	0	0	0	0	0	0	0	0	0	0	0	0
chr9	39029501	39029535	35	8	0	35	21	14	1	0	0	1	0	10	0	2	0	0	0	2	1	2	0	1	11	0	0	0	0	0	0	0	0	0	0	0	2	0	0	0
chr9	39029536	39029557	22	8	0	22	13	9	0	0	0	0	0	1	1	1	0	0	1	2	0	0	3	3	1	0	0	0	1	0	0	0	0	1	0	1	1	0	0	3
chr9	39029559	39029592	34	8	0	34	26	8	4	2	2	3	2	0	0	2	2	1	0	1	3	0	1	2	2	0	0	1	0	0	0	0	0	0	0	0	1	0	0	3
chr9	39029593	39029867	275	8	0	275	200	75	40	5	7	29	10	4	7	14	15	4	6	10	17	6	6	19	10	2	0	7	5	4	1	2	3	2	0	3	17	4	1	13
chr9	39029877	39029918	42	8	0	42	19	23	1	1	1	1	2	3	3	0	0	0	3	1	1	1	0	0	2	0	0	3	3	2	0	2	1	2	0	2	2	3	0	0
chr9	39029919	39030064	146	8	0	146	70	76	8	2	0	5	3	5	10	3	2	6	7	2	2	3	6	5	4	9	0	3	7	9	2	8	2	5	2	7	8	4	0	5
chr9	39030065	39030114	50	8	0	50	21	29	0	2	3	0	3	1	3	0	1	0	2	2	1	1	1	0	0	2	0	2	3	1	0	3	3	3	4	2	1	1	1	2
chr9	39030115	39030166	52	8	0	52	32	20	14	1	0	1	2	1	3	2	1	1	4	1	0	0	0	0	1	0	0	2	3	1	0	1	1	2	0	1	2	2	0	3
chr9	39030168	39030286	119	8	0	119	80	39	11	6	7	9	7	1	3	6	8	2	2	4	5	1	1	5	3	1	2	4	1	1	0	3	4	0	0	4	9	3	2	2
chr9	39030288	39030728	441	8	0	441	277	164	26	11	15	27	17	12	12	19	19	5	10	19	18	22	15	29	16	14	10	10	12	7	1	16	9	3	2	10	23	13	1	16
chr9	39030729	39030782	54	7	0	54	39	15	4	3	1	7	3	0	0	5	2	1	0	1	6	2	1	3	3	2	1	0	2	0	0	0	2	0	0	0	1	0	1	1
chr9	39030783	39031419	637	8	0	637	466	171	71	26	24	55	23	13	14	26	24	9	11	17	58	18	14	62	30	12	2	22	11	5	0	12	10	1	0	5	26	10	0	24
chr9	39031420	39031456	37	8	0	37	22	15	10	1	0	0	1	0	1	0	1	2	4	0	0	0	0	0	1	0	2	1	0	0	2	0	0	0	1	1	1	2	1	3
chr9	39031458	39031507	50	8	0	50	19	31	0	0	1	0	1	2	6	2	0	1	4	2	0	0	0	0	0	0	0	3	4	1	0	1	4	4	0	5	3	2	0	2
chr9	39031508	39031897	390	8	0	390	227	163	27	10	7	21	7	14	14	14	8	5	13	13	22	14	12	24	12	14	5	12	15	13	6	16	8	11	3	8	14	12	4	10
chr9	39031909	39031979	71	8	0	71	51	20	14	2	4	3	2	1	0	0	4	0	4	0	3	5	2	6	1	1	2	4	0	1	0	2	0	0	0	0	2	2	0	4
chr9	39031980	39031998	19	8	0	19	12	7	1	1	0	2	0	0	0	0	1	0	1	0	1	0	1	2	0	0	1	0	0	2	1	0	0	0	0	0	0	1	0	2
chr9	39031999	39032602	604	8	0	604	390	214	45	19	16	46	25	20	14	26	20	8	14	24	36	17	17	42	30	17	2	15	27	16	0	17	10	5	1	8	19	22	3	21
chr9	39032603	39032678	76	8	0	76	38	38	2	5	2	0	1	7	3	4	4	0	6	2	2	0	0	0	5	2	2	3	3	4	0	2	2	1	0	1	5	1	0	5
chr9	39032679	39032812	134	8	0	134	69	65	2	3	9	4	2	7	6	4	8	1	9	4	6	1	1	0	5	3	2	2	4	3	0	11	4	5	0	3	6	7	0	10
chr9	39032813	39032841	29	8	0	29	22	7	10	1	1	0	1	1	0	0	0	0	2	1	2	1	0	1	1	0	0	2	1	0	0	0	0	0	0	0	0	1	0	1
chr9	39032860	39032877	18	8	0	18	10	8	2	0	2	0	1	0	0	0	0	2	2	0	0	0	0	0	0	0	1	1	0	0	1	0	0	0	0	0	1	1	0	2
chr9	39032878	39032895	18	8	0	18	6	12	0	0	0	0	0	1	3	0	0	1	1	0	0	0	0	0	1	1	0	0	1	1	0	1	0	1	0	2	1	0	0	1
chr9	39032896	39032949	54	8	0	54	19	35	1	2	0	0	1	5	2	0	1	0	5	2	0	0	0	0	0	1	2	4	1	2	4	1	4	3	3	1	3	2	1	1
chr9	39032950	39033071	122	8	0	122	57	65	8	2	0	4	2	5	4	4	2	4	7	3	2	4	5	1	4	5	3	3	5	4	5	5	2	7	1	4	3	3	5	4
chr9	39033076	39033101	26	8	0	26	10	16	0	0	1	0	1	1	2	0	0	1	1	2	0	0	0	0	1	1	0	0	0	1	1	3	1	2	1	0	2	1	0	1
chr9	39033102	39033139	38	8	0	38	14	24	1	0	1	1	1	3	2	0	0	0	2	1	1	1	0	0	1	1	1	1	3	2	0	2	1	4	1	2	1	2	0	0
chr9	39033147	39033288	142	8	0	142	102	40	17	8	7	9	5	3	2	4	7	1	2	3	12	3	6	12	7	2	0	6	2	0	1	3	0	1	1	3	5	3	0	5
chr9	39033297	39033705	409	8	0	409	285	124	31	12	14	38	24	8	10	21	14	10	12	14	27	12	9	27	23	2	0	17	7	1	0	8	10	2	0	4	23	11	0	16
chr9	39033706	39033733	28	7	0	28	21	7	4	1	1	1	0	0	1	2	2	0	0	0	2	2	1	3	0	1	0	2	1	0	0	0	0	0	0	0	2	0	0	0
chr9	39033734	39034061	328	8	0	328	215	113	31	9	12	18	6	8	13	19	11	5	5	8	23	9	13	23	15	4	0	12	12	3	0	8	9	9	0	12	11	7	0	11
chr9	39034062	39034084	23	7	0	23	12	11	0	1	0	1	1	0	1	1	0	0	0	2	1	3	0	0	3	1	0	0	1	1	1	1	0	0	0	0	0	2	0	0
chr9	39034085	39034196	112	8	0	112	68	44	25	1	4	5	8	2	4	1	2	4	5	1	1	1	1	1	4	4	0	0	6	2	0	6	2	4	0	4	3	4	0	5
chr9	39034201	39034232	32	8	0	32	18	14	1	0	1	2	1	6	0	0	0	1	0	1	1	1	1	1	4	3	0	1	2	1	0	1	0	0	0	0	1	0	0	0
chr9	39034233	39034623	391	8	0	391	181	210	17	9	13	9	13	17	23	5	11	6	20	8	7	5	12	6	7	10	3	16	18	15	7	20	20	23	7	18	13	12	5	14
chr9	39034624	39034647	24	7	0	24	16	8	8	0	4	0	1	0	0	0	3	0	0	0	0	0	0	0	0	0	0	0	1	0	0	1	0	1	0	0	0	1	0	2
chr9	39034648	39035345	698	8	0	698	441	257	62	22	36	41	35	23	15	36	30	16	20	14	33	8	14	35	30	16	2	21	20	9	2	22	24	9	1	20	35	18	5	22
chr9	39035346	39035391	46	8	0	46	23	23	1	1	2	1	2	2	4	1	1	2	1	2	1	1	0	0	3	1	0	1	1	1	0	4	2	1	0	1	3	3	0	1
chr9	39035392	39035404	13	8	0	13	10	3	0	2	0	2	1	0	0	0	0	0	0	1	3	0	0	1	1	0	0	0	0	0	0	0	0	0	0	0	0	0	0	0
chr9	39035405	39035607	203	8	0	203	140	63	35	6	13	13	9	3	6	5	12	5	7	3	11	3	1	7	6	2	0	9	6	2	0	3	4	3	0	1	7	4	0	15
chr9	39035608	39035686	79	8	0	79	37	42	3	0	3	2	1	3	3	6	3	0	2	3	1	2	4	1	1	1	1	2	4	4	1	5	4	6	0	3	4	3	0	1
chr9	39035688	39035717	30	8	0	30	13	17	0	0	0	0	0	1	2	2	0	1	3	4	0	0	0	0	0	2	0	0	1	0	0	4	1	1	0	0	3	2	0	1
chr9	39035719	39035945	227	8	0	227	111	116	21	3	7	5	4	14	12	6	8	4	10	2	3	4	6	1	7	9	2	7	12	7	5	8	10	11	3	10	7	6	0	11
chr9	39035946	39036448	503	8	0	503	326	177	41	14	19	36	30	11	8	16	11	10	11	23	29	10	24	31	24	9	4	8	10	5	6	16	11	8	0	21	20	15	2	18
chr9	39036449	39036472	24	7	0	24	20	4	3	0	0	5	0	0	0	2	2	0	0	0	3	1	1	3	0	0	0	0	0	0	0	0	0	0	0	0	2	0	0	0
chr9	39036473	39036845	373	8	0	373	188	185	27	6	7	12	7	11	20	13	8	8	19	10	12	8	11	7	9	9	3	12	17	12	7	17	13	19	7	15	12	13	7	13
chr9	39036846	39036901	56	8	0	56	48	8	6	0	0	13	2	1	0	2	1	0	0	1	10	3	0	8	3	1	0	0	1	0	0	0	0	0	0	0	1	1	0	0
chr9	39036902	39036974	73	8	0	73	45	28	5	2	3	4	1	3	2	2	6	1	3	1	2	1	3	5	3	2	0	2	1	3	1	2	0	1	0	1	3	1	1	6
chr9	39036984	39037212	229	8	0	229	144	85	18	8	7	18	12	5	5	11	12	4	3	10	8	5	10	7	12	6	2	2	6	8	1	8	2	2	1	5	13	7	0	9
chr9	39037213	39037649	437	8	0	437	263	174	33	12	23	27	21	8	12	18	20	7	15	11	20	10	12	12	14	10	0	13	17	17	0	18	8	11	0	13	21	14	0	18
chr9	39037654	39037693	40	8	0	40	28	12	4	3	2	3	2	0	2	1	0	0	1	2	5	1	0	0	1	0	0	3	0	0	0	1	2	1	0	1	2	0	0	1
chr9	39037695	39037768	74	8	0	74	43	31	3	2	2	6	4	1	4	0	3	2	1	1	3	2	4	3	1	2	0	5	3	3	0	4	3	3	0	0	3	2	0	2
chr9	39037777	39037794	18	9	0	18	11	7	0	0	1	1	1	0	1	1	0	1	0	2	1	0	1	0	1	0	0	0	0	0	0	1	0	0	0	0	1	1	0	2
chr9	39037795	39037852	58	8	0	58	34	24	2	0	5	4	3	3	0	1	4	1	2	2	2	1	2	1	1	0	0	5	3	1	1	1	0	2	0	0	3	3	0	3
chr9	39037853	39037864	12	7	0	12	7	5	0	0	1	1	1	0	0	0	1	0	1	1	0	0	0	0	0	0	0	0	0	0	0	1	0	0	0	0	1	1	0	1
chr9	39037865	39037973	109	8	0	109	68	41	10	4	2	7	5	3	4	8	2	3	4	4	6	3	2	1	5	2	0	6	5	3	0	1	3	1	0	0	7	2	0	4
chr9	39037978	39038052	75	8	0	75	50	25	13	1	3	6	4	0	3	2	4	2	1	0	3	2	3	2	0	2	0	3	2	1	0	2	4	2	0	2	3	0	0	3
chr9	39038053	39038103	51	8	0	51	37	14	6	2	4	5	2	1	1	1	4	0	0	0	5	2	0	3	3	0	1	1	1	0	0	0	0	1	0	2	1	0	1	2
chr9	39038104	39038211	108	8	0	108	73	35	10	0	5	7	3	1	2	9	1	2	2	7	8	3	5	6	5	1	0	1	3	0	0	3	4	3	0	3	3	2	0	7
chr9	39038212	39038361	150	7	0	150	105	45	14	5	6	13	5	3	3	11	6	4	1	4	12	3	5	8	9	1	0	5	2	3	0	3	3	0	0	3	8	4	0	4
chr9	39038362	39038422	61	8	0	61	42	19	11	1	6	3	3	0	2	1	3	3	2	1	3	0	0	1	1	0	0	3	1	0	0	1	1	0	0	3	4	2	0	3
chr9	39038423	39038438	16	8	0	16	11	5	2	0	0	2	1	1	0	3	1	0	0	0	0	0	0	0	1	0	0	0	0	0	0	0	2	0	0	0	1	0	0	0
chr9	39038439	39038500	62	8	0	62	32	30	0	2	1	1	2	4	6	0	2	2	5	3	0	1	0	1	3	2	0	4	3	0	0	3	1	1	0	0	5	3	0	5
chr9	39038501	39039355	855	8	0	855	467	388	41	21	37	28	29	35	47	29	31	18	39	27	27	17	12	28	39	15	7	30	43	24	2	24	22	25	7	34	36	29	4	46
chr9	39039356	39039437	82	9	0	82	47	35	1	4	5	3	5	1	6	6	6	1	0	2	2	3	0	1	5	2	0	2	2	0	0	4	3	3	0	4	7	1	0	1
chr9	39039438	39039519	82	8	0	82	43	39	2	2	5	2	4	5	3	3	4	2	2	0	1	1	3	3	3	4	0	4	5	1	0	5	4	1	0	3	3	4	0	1
chr9	39039520	39039588	69	8	0	69	42	27	3	2	4	4	2	0	2	0	2	0	5	2	6	3	1	6	0	2	1	2	3	1	2	1	1	2	0	1	0	2	0	7
chr9	39039591	39039692	102	8	0	102	75	27	19	2	5	8	2	0	3	6	4	1	2	1	8	3	2	7	4	0	0	2	1	0	0	2	6	2	0	2	1	1	0	6
chr9	39039695	39039746	52	8	0	52	36	16	3	2	2	4	0	1	3	2	1	2	2	1	7	1	0	4	1	1	0	3	2	0	0	0	1	1	0	0	2	0	0	4
chr9	39039747	39039858	112	8	0	112	82	30	9	4	3	13	6	7	3	3	6	0	0	3	9	3	2	9	8	3	0	3	1	0	0	2	3	0	0	1	7	0	0	2
chr9	39039868	39040108	241	8	0	241	172	69	32	4	10	21	8	4	7	10	6	6	5	6	20	6	5	21	11	3	0	6	4	2	1	4	7	3	1	3	6	3	0	14
chr9	39040109	39040211	103	7	0	103	71	32	8	2	3	10	6	2	1	1	1	4	2	3	8	4	6	10	5	2	0	4	2	3	0	3	1	1	0	0	2	2	0	5
chr9	39040212	39040320	109	8	0	109	78	31	10	7	1	10	10	2	2	5	1	2	3	3	5	4	3	8	10	0	0	5	2	1	0	0	3	0	0	1	4	2	0	3
chr9	39040328	39040379	52	8	0	52	39	13	16	1	1	4	2	0	1	1	0	0	2	2	5	0	0	3	1	0	0	0	1	1	0	2	2	2	0	0	0	1	0	2
chr9	39040382	39040393	12	8	0	12	9	3	3	0	0	2	0	0	1	0	1	1	0	0	0	0	0	0	0	0	0	0	0	0	0	0	0	0	0	0	1	0	0	1
chr9	39040394	39040446	53	8	0	53	32	21	4	2	3	0	1	1	3	0	1	3	2	1	3	2	2	3	2	0	0	6	0	2	0	3	0	0	0	0	3	2	0	2
chr9	39040447	39040518	72	8	0	72	45	27	6	4	2	2	1	0	6	0	5	3	3	4	2	0	3	3	2	0	0	5	1	1	0	1	0	1	0	1	4	1	2	7
chr9	39040524	39040575	52	8	0	52	25	27	1	1	1	2	2	4	3	1	1	2	3	0	1	1	1	1	3	0	2	3	3	0	0	2	3	3	0	0	0	3	0	3
chr9	39040576	39040777	202	8	0	202	132	70	19	7	8	10	6	5	11	6	8	3	4	11	11	1	3	19	8	4	0	3	5	4	0	6	4	3	0	5	10	4	0	12
chr9	39040779	39040814	36	8	0	36	14	22	1	0	1	1	1	3	2	0	0	0	2	1	1	1	0	0	1	0	1	1	3	2	0	2	1	3	1	2	1	2	0	0
chr9	39040816	39040912	97	8	0	97	47	50	9	2	0	3	1	3	5	1	1	3	4	5	3	2	4	1	3	3	2	2	4	4	3	4	1	4	3	3	2	4	2	4
chr9	39040913	39041007	95	8	0	95	34	61	0	1	2	1	2	3	5	2	2	1	6	1	0	1	5	2	0	2	1	3	5	4	3	7	4	9	5	6	3	5	0	2
chr9	39041009	39041049	41	8	0	41	16	25	0	0	1	0	1	2	4	1	0	2	4	1	0	0	0	0	1	0	0	3	3	1	0	1	3	2	1	2	0	2	1	3
chr9	39041050	39041066	17	8	0	17	17	0	15	0	0	0	0	0	0	0	0	0	0	0	0	0	0	0	0	0	0	0	0	0	0	0	0	0	0	0	0	0	0	0
chr9	39041067	39041082	16	8	0	16	10	6	0	0	1	2	1	0	0	1	1	0	0	2	1	0	0	1	0	0	0	0	1	0	0	0	0	0	0	0	1	1	0	1
chr9	39041083	39041140	58	7	0	58	44	14	12	2	5	5	3	0	0	0	3	0	0	2	6	1	0	5	0	1	0	2	2	2	0	1	0	0	0	0	0	2	0	2
chr9	39041141	39041262	122	8	0	122	81	41	12	5	6	8	2	0	5	3	6	0	2	5	10	4	5	6	2	5	0	2	4	1	0	4	1	1	1	7	3	2	3	5
chr9	39041263	39041363	101	7	0	101	66	35	6	5	4	8	6	1	3	1	4	3	2	3	6	1	7	4	3	1	2	4	2	0	0	4	3	1	0	2	3	4	0	6
chr9	39041364	39041540	177	8	0	177	100	77	6	8	4	2	6	24	3	9	2	3	2	4	6	7	6	7	28	5	0	9	5	3	2	4	5	1	1	1	4	6	1	1
chr9	39041541	39041594	54	7	0	54	25	29	0	1	4	3	3	2	1	1	4	3	2	0	0	0	0	0	0	4	0	2	3	2	2	1	0	1	3	1	4	1	1	3
chr9	39041595	39041845	251	8	0	251	116	135	4	10	13	1	2	20	16	3	14	7	13	2	7	3	0	0	11	12	8	9	13	5	4	8	6	5	3	14	11	9	5	11
chr9	39041846	39041909	64	7	0	64	38	26	7	1	5	3	5	2	2	1	2	0	1	1	2	1	1	2	1	1	1	1	1	2	0	1	8	1	1	4	1	0	0	3
chr9	39041910	39041937	28	8	0	28	10	18	0	1	1	0	0	1	3	0	2	2	0	0	0	0	0	0	1	2	0	1	2	3	1	2	0	0	0	0	0	3	0	1
chr9	39041938	39042042	105	7	0	105	45	60	4	3	2	3	3	3	8	3	1	0	4	2	4	1	1	2	3	3	0	1	7	6	3	3	6	10	2	8	1	0	2	4
chr9	39042043	39042077	35	8	0	35	19	16	1	1	0	2	2	1	2	0	0	0	1	3	1	2	2	1	1	1	1	0	1	1	0	1	1	0	1	2	2	1	0	1
chr9	39042078	39042114	37	8	0	37	21	16	1	2	1	1	0	1	1	1	1	0	2	3	2	1	2	1	0	2	0	1	2	2	0	2	0	0	0	0	1	2	0	3
chr9	39042115	39042305	191	7	0	191	93	98	5	4	4	5	6	15	11	2	4	4	10	6	3	3	7	3	12	9	0	5	12	7	0	8	4	4	0	12	6	8	2	8
chr9	39042306	39042342	37	8	0	37	10	27	0	0	0	0	0	2	6	0	0	1	1	0	0	0	0	0	1	1	0	1	2	3	0	3	5	3	1	3	0	2	0	0
chr9	39042343	39042420	78	8	0	78	20	58	0	0	0	0	0	6	2	1	0	3	5	1	0	0	2	0	0	5	3	1	4	7	4	4	4	4	7	4	1	3	5	0
chr9	39042421	39042474	54	7	0	54	16	38	0	0	0	0	0	3	3	4	0	0	6	0	0	0	0	0	1	1	0	1	5	5	1	4	3	5	0	4	1	4	1	0
chr9	39042475	39042502	28	8	0	28	6	22	0	1	0	0	1	0	3	0	0	1	0	0	0	0	0	0	0	2	0	0	1	6	2	2	3	2	0	1	0	1	0	0
chr9	39042503	39042521	19	8	0	19	7	12	0	0	2	0	0	0	1	0	1	0	0	0	1	0	1	0	0	0	0	0	1	1	0	2	1	3	0	2	0	1	0	0
chr9	39042523	39042588	66	8	0	66	21	45	1	0	0	1	0	4	7	0	1	1	3	1	0	2	0	0	1	3	0	3	4	6	2	1	6	4	3	4	0	1	3	2
chr9	39042590	39042697	108	8	0	108	27	81	0	1	2	1	2	3	8	3	1	1	3	0	1	0	1	0	0	2	0	3	8	16	10	2	7	15	2	9	1	4	0	0
chr9	39042699	39042735	37	8	0	37	11	26	0	1	2	0	2	1	1	2	1	0	0	0	0	0	0	0	1	1	0	0	1	3	3	1	3	3	5	3	0	1	0	0
chr9	39042737	39042811	75	8	0	75	26	49	1	0	4	0	2	5	5	0	2	0	5	0	0	0	0	0	3	1	0	2	6	7	2	6	2	7	0	5	1	6	0	1
chr9	39042812	39042876	65	8	0	65	22	43	2	0	2	1	2	3	3	1	1	0	5	0	0	0	0	0	0	1	0	2	4	8	2	5	3	7	1	3	2	3	1	1
chr9	39042877	39042910	34	8	0	34	11	23	0	0	1	0	1	1	4	0	0	1	3	0	0	0	0	0	0	0	1	1	1	1	0	2	3	2	2	4	1	1	1	1
chr9	39042911	39043177	267	8	0	267	179	88	19	9	6	15	12	16	4	19	11	3	6	7	8	11	4	27	26	6	2	5	6	2	0	5	2	2	1	3	17	3	1	7
chr9	39043178	39043235	58	8	0	58	40	18	3	1	3	4	3	3	0	2	3	2	2	1	2	2	1	7	5	0	0	3	2	0	0	0	0	0	0	0	2	2	0	3
chr9	39043236	39043561	326	8	0	326	227	99	35	6	6	39	10	3	12	20	17	6	8	9	23	3	11	17	5	4	2	7	7	3	0	5	13	3	0	10	20	5	0	15
chr9	39043562	39043592	31	8	0	31	22	9	4	1	2	1	1	0	0	1	2	0	0	0	2	1	3	2	0	1	0	1	0	0	0	2	0	1	0	1	2	0	0	1
chr9	39043593	39043607	15	8	0	15	10	5	4	0	1	0	0	1	0	0	1	1	1	0	0	0	0	0	0	0	0	1	0	0	0	0	0	0	0	0	2	0	0	1
chr9	39043608	39043645	38	8	0	38	27	11	5	0	2	3	2	1	0	0	1	0	1	3	1	1	1	4	0	1	0	1	1	2	0	1	0	0	0	0	2	1	0	2
chr9	39043646	39043713	68	8	0	68	45	23	7	2	4	2	1	1	3	6	6	1	1	3	1	1	0	4	1	1	0	3	0	1	0	2	1	1	0	2	9	0	0	2
chr9	39043714	39043761	48	8	0	48	33	15	2	0	4	2	1	0	1	4	3	2	1	2	2	2	1	5	2	0	0	2	0	0	0	2	0	0	0	0	3	2	0	3
chr9	39043762	39043871	110	8	0	110	65	45	7	3	5	3	1	1	6	3	3	5	2	4	8	1	7	4	4	3	0	3	5	2	0	7	1	3	0	2	1	6	0	8
chr9	39043872	39044009	138	8	0	138	95	43	17	5	7	8	4	3	1	7	6	1	4	5	10	1	7	8	6	0	0	4	4	1	0	1	3	1	1	5	3	3	1	9
chr9	39044010	39044129	120	8	0	120	81	39	7	0	1	14	7	3	6	7	3	3	2	5	5	5	0	12	9	0	0	2	3	1	0	3	5	0	0	1	6	5	0	3
chr9	39044130	39044167	38	8	0	38	24	14	1	1	4	2	3	1	0	1	2	1	1	0	2	3	0	0	2	1	2	1	1	0	0	1	0	1	0	1	2	0	0	2
chr9	39044168	39044244	77	8	0	77	52	25	9	4	2	5	4	1	0	4	2	1	5	3	5	1	4	2	3	0	1	3	1	1	0	1	0	0	0	2	4	2	0	5
chr9	39044245	39044317	73	8	0	73	55	18	15	3	8	4	2	1	1	2	3	1	0	2	9	3	0	0	1	2	0	5	2	0	0	0	0	0	0	2	3	0	0	2
chr9	39044318	39044437	120	8	0	120	89	31	17	5	6	13	8	0	4	2	7	0	1	3	9	4	1	8	1	3	0	5	5	0	0	0	2	0	0	2	6	2	0	4
chr9	39044438	39044611	174	8	0	174	123	51	18	7	7	15	9	3	3	4	8	2	2	5	12	5	7	14	5	4	0	8	5	3	0	3	1	3	0	2	10	1	0	6
chr9	39044612	39044662	51	8	0	51	36	15	5	3	3	3	2	0	0	2	3	0	2	2	4	0	3	3	2	0	1	1	0	0	0	1	0	0	0	2	2	1	1	3
chr9	39044663	39044715	53	8	0	53	32	21	1	0	4	1	1	1	1	0	1	0	3	1	3	3	6	4	1	1	0	2	1	0	0	2	1	1	0	6	1	1	0	4
chr9	39044716	39044843	128	8	0	128	87	41	10	5	4	6	4	1	5	3	3	1	1	6	8	6	7	15	4	5	0	4	4	0	0	5	3	2	0	3	3	2	0	6
chr9	39044844	39045000	157	8	0	157	106	51	9	7	6	11	5	4	4	7	4	5	2	3	15	6	8	9	9	4	0	9	3	3	0	4	2	0	0	2	5	3	0	6
chr9	39045001	39045052	52	9	0	52	29	23	1	3	1	1	2	1	4	2	3	3	1	2	1	1	1	1	5	0	0	2	1	3	0	2	0	0	0	0	3	3	0	3
chr9	39045053	39045078	26	9	0	26	16	10	1	0	0	3	1	1	0	3	1	0	1	0	1	1	1	0	1	0	1	1	0	0	1	0	2	1	0	1	2	0	0	0
chr9	39045082	39045337	256	9	0	256	155	101	20	10	13	11	16	5	9	11	10	6	8	4	8	8	6	8	13	6	2	8	7	8	0	6	11	0	0	11	11	7	0	11
chr9	39045338	39045405	68	8	0	68	48	20	11	0	3	6	3	1	1	3	2	2	0	2	4	3	2	5	5	1	0	0	0	1	0	3	2	1	0	0	1	1	0	3
chr9	39045406	39045457	52	9	0	52	41	11	8	3	0	5	1	1	1	5	2	0	0	1	6	2	1	3	4	1	0	1	1	0	0	0	0	0	0	0	3	0	0	1
chr9	39045458	39045494	37	8	0	37	22	15	1	0	3	2	2	4	1	0	1	1	1	0	2	2	0	0	3	0	0	4	1	0	0	0	2	1	0	1	3	0	0	0
chr9	39045495	39045534	40	9	0	40	23	17	0	1	0	3	2	3	1	4	1	0	1	4	0	0	1	1	2	1	0	1	4	0	0	0	1	1	0	0	2	2	0	2
chr9	39045535	39045653	119	9	0	119	74	45	9	4	3	10	4	1	7	5	7	1	3	3	7	5	2	2	3	2	0	6	4	7	0	2	3	2	0	1	6	2	0	6
chr9	39045654	39045686	33	8	0	33	24	9	2	0	0	2	0	0	1	2	1	0	1	2	1	3	1	7	0	2	0	1	0	0	0	1	0	0	0	0	3	0	0	1
chr9	39045687	39045778	92	9	0	92	63	29	11	0	7	7	3	3	1	3	4	2	1	1	7	4	4	5	5	2	0	2	2	0	0	4	2	1	0	1	1	2	0	5
chr9	39045779	39045809	31	8	0	31	23	8	2	0	0	3	0	0	0	3	1	1	1	0	2	1	2	5	1	0	0	1	1	0	0	0	1	1	0	0	1	0	0	2
chr9	39045810	39045907	98	9	0	98	67	31	8	4	2	7	6	1	3	6	2	0	1	6	4	4	3	9	6	1	0	2	5	1	0	0	2	2	0	2	2	2	0	5
chr9	39045908	39045921	14	9	0	14	7	7	0	0	2	0	2	0	0	0	0	1	1	0	0	0	0	0	0	0	0	1	0	0	0	1	1	0	0	1	1	1	0	0
chr9	39045922	39045969	48	8	0	48	33	15	4	1	0	8	2	1	2	2	2	1	1	0	4	1	0	2	2	2	0	0	3	1	0	1	1	0	0	1	1	2	0	1
chr9	39045970	39046034	65	9	0	65	37	28	3	1	1	4	3	3	3	3	3	1	2	2	1	2	1	2	1	3	0	3	6	2	0	1	3	0	0	1	2	4	0	2
chr9	39046035	39046087	53	8	0	53	32	21	4	3	2	2	0	0	2	3	4	0	2	1	2	1	3	2	1	1	1	1	1	1	0	3	1	2	0	1	2	0	1	4
chr9	39046089	39046111	23	8	0	23	19	4	1	0	0	5	1	0	0	1	0	0	0	2	4	0	1	3	0	0	0	0	0	0	0	1	0	0	0	0	1	1	0	0
chr9	39046112	39046300	189	9	0	189	111	78	9	8	13	5	9	3	6	6	10	3	4	4	7	7	11	5	5	5	1	10	5	4	0	6	8	3	1	8	7	4	0	10
chr9	39046301	39046343	43	8	0	43	26	17	1	2	2	1	3	2	0	2	1	3	1	0	1	1	3	3	4	1	1	2	0	1	0	1	0	0	0	0	2	0	0	3
chr9	39046344	39046397	54	9	0	54	28	26	1	0	3	0	0	2	5	0	1	2	3	1	2	1	3	3	0	1	0	4	2	2	0	1	1	1	0	6	3	1	0	3
chr9	39046398	39046418	21	8	0	21	15	6	3	2	1	1	1	1	0	0	1	0	0	0	2	0	1	1	1	1	0	2	0	0	0	0	0	0	0	0	1	0	0	0
chr9	39046420	39046453	34	8	0	34	22	12	1	1	2	2	2	1	0	2	1	2	1	0	2	1	2	0	3	2	0	1	0	0	0	2	0	0	0	0	2	0	0	2
chr9	39046454	39046475	22	9	0	22	16	6	3	0	1	3	2	1	0	1	0	0	1	2	0	0	0	0	1	0	0	0	0	0	0	0	0	0	0	2	3	0	0	0
chr9	39046476	39046699	224	9	0	224	116	108	11	9	9	6	10	10	12	8	6	4	9	2	7	3	4	4	9	9	0	8	17	7	0	10	10	8	0	8	4	10	0	8
chr9	39046700	39046742	43	8	0	43	20	23	0	0	2	0	0	2	3	0	1	0	1	0	1	6	2	0	2	4	0	2	3	2	0	4	0	2	0	2	0	1	0	1
chr9	39046743	39046933	191	9	0	191	111	80	15	9	10	6	8	5	9	5	13	3	5	5	5	4	1	6	7	4	1	9	9	10	1	5	1	4	0	3	11	7	0	8
chr9	39046934	39046949	16	8	0	16	10	6	0	0	2	1	0	0	1	1	2	1	0	0	1	0	0	0	1	0	0	0	0	0	0	0	1	0	0	0	0	0	0	3
chr9	39046950	39047016	67	9	0	67	36	31	2	1	1	6	2	1	6	5	4	3	1	1	2	0	0	0	1	2	0	2	5	2	0	2	2	1	0	3	6	3	0	1
chr9	39047017	39047061	45	8	0	45	29	16	3	4	3	2	4	1	2	0	3	0	1	1	2	2	0	0	3	1	0	3	1	0	0	2	0	0	0	0	2	2	0	1
chr9	39047062	39047094	33	8	0	33	24	9	4	0	2	5	1	0	0	2	2	0	0	2	4	0	1	1	0	0	0	0	0	0	0	2	1	0	0	0	1	2	0	1
chr9	39047095	39047187	93	8	0	93	60	33	7	4	3	7	3	3	5	3	9	2	3	3	1	2	1	2	4	2	2	3	1	1	1	0	0	0	0	2	9	0	1	7
chr9	39047188	39047264	77	9	0	77	47	30	2	4	5	4	5	0	6	0	6	2	3	5	2	0	1	1	2	2	0	2	2	0	0	1	1	0	0	3	7	1	0	8
chr9	39047265	39047276	12	8	0	12	10	2	3	0	0	2	1	0	0	1	1	0	0	0	0	0	0	0	1	0	0	0	0	0	0	0	0	0	0	0	1	0	0	0
chr9	39047277	39047333	57	9	0	57	40	17	7	2	3	4	2	1	1	3	3	1	2	1	3	1	0	4	3	1	0	1	2	1	0	0	1	0	0	1	1	1	0	5
chr9	39047334	39047345	12	8	0	12	6	6	0	0	0	1	1	0	0	2	0	0	1	0	0	0	0	0	0	0	0	0	2	0	0	0	0	1	0	1	1	0	0	0
chr9	39047346	39047436	91	9	0	91	55	36	9	4	6	3	6	0	2	4	5	1	7	2	2	0	1	3	2	0	0	3	3	2	0	2	3	0	0	5	4	4	0	6
chr9	39047437	39047494	58	8	0	58	37	21	3	0	3	6	4	1	1	4	4	2	1	3	0	2	1	1	4	0	0	1	1	1	0	2	2	0	0	0	3	3	0	3
chr9	39047495	39047560	66	9	0	66	45	21	7	2	4	5	4	1	1	1	3	3	1	1	4	0	3	5	3	2	0	1	2	1	0	2	0	0	0	0	2	1	0	5
chr9	39047561	39047590	30	9	0	30	17	13	3	1	3	0	0	1	0	0	2	1	1	0	2	1	1	0	0	2	0	1	0	2	0	3	0	0	0	0	1	1	0	2
chr9	39047591	39047655	65	9	0	65	32	33	1	2	3	0	1	0	6	1	3	1	1	2	1	1	4	4	2	1	0	1	2	4	0	5	2	4	0	4	2	1	0	4
chr9	39047656	39047672	17	8	0	17	11	6	1	1	2	1	0	0	1	1	2	0	0	0	2	0	0	0	0	0	0	0	0	0	0	0	1	0	0	1	1	0	0	1
chr9	39047673	39047741	69	9	0	69	50	19	7	0	7	7	3	0	1	1	5	0	1	4	5	1	1	5	0	0	0	1	2	0	0	2	0	1	0	3	3	3	0	4
chr9	39047742	39047775	34	9	0	34	21	13	4	1	2	3	2	1	1	1	3	1	0	0	1	0	1	0	2	0	0	0	0	1	0	2	1	0	0	1	2	1	0	1
chr9	39047776	39047864	89	8	0	89	48	41	2	5	5	0	3	8	5	3	2	2	2	3	5	2	1	0	9	5	0	3	4	2	0	3	2	0	0	2	2	2	0	5
chr9	39047865	39047933	69	9	0	69	42	27	1	5	2	1	4	1	2	6	0	3	0	1	3	4	3	4	5	4	0	4	4	0	1	0	3	0	0	1	1	1	1	2
chr9	39047934	39047991	58	8	0	58	38	20	5	1	3	4	2	1	2	3	0	0	0	4	6	1	1	4	2	1	0	0	1	1	0	4	2	3	0	1	2	1	0	1
chr9	39047992	39048128	137	9	0	137	88	49	14	1	9	8	9	4	2	8	4	4	4	3	6	1	2	7	4	3	0	4	4	3	0	2	8	3	0	3	7	0	0	8
chr9	39048129	39048139	11	8	0	11	9	2	4	1	0	0	2	0	0	0	0	0	0	0	0	0	0	0	2	0	0	0	0	0	0	0	0	0	0	0	0	0	0	0
chr9	39048140	39048786	647	9	0	647	433	214	66	32	26	43	38	15	20	24	28	15	14	19	35	10	11	36	30	17	3	22	20	7	1	10	15	5	1	5	31	9	3	34
chr9	39048787	39048812	26	9	0	26	21	5	11	0	1	2	0	0	1	0	0	1	0	0	2	1	1	0	0	0	0	1	0	0	0	0	0	0	0	2	1	0	0	0
chr9	39048814	39048842	29	9	0	29	10	19	0	0	0	0	0	2	2	0	0	2	4	0	0	0	0	0	0	0	1	3	2	0	1	0	2	1	1	1	0	2	1	2
chr9	39048843	39048889	47	8	0	47	21	26	0	1	1	1	1	2	3	4	2	0	4	1	0	0	0	0	0	3	0	1	4	1	0	2	4	1	0	3	2	2	0	2
chr9	39048890	39048912	23	9	0	23	8	15	0	0	0	1	0	0	2	0	1	0	2	1	0	0	0	0	0	0	0	0	0	1	1	3	1	2	0	1	1	2	2	0
chr9	39048913	39048992	80	9	0	80	40	40	8	1	0	4	2	6	3	3	1	2	1	1	2	2	2	2	5	6	0	0	7	3	3	2	1	4	1	2	1	2	0	1
chr9	39048993	39049066	74	8	0	74	29	45	2	1	2	2	3	3	4	0	0	1	4	4	1	1	0	0	2	3	0	1	3	3	3	6	2	6	4	2	3	4	1	1
chr9	39049067	39049115	49	8	0	49	29	20	3	2	3	2	0	1	2	2	2	0	1	0	5	1	2	2	1	0	0	3	1	2	0	1	2	2	0	4	1	1	0	1
chr9	39049116	39049224	109	9	0	109	74	35	13	5	6	5	3	4	1	3	5	0	3	4	8	3	9	2	3	4	0	5	3	0	0	2	1	0	0	3	3	1	0	8
chr9	39049225	39049298	74	8	0	74	48	26	7	2	1	6	3	2	6	4	4	1	0	6	2	1	0	2	3	2	0	1	3	0	0	1	2	0	0	2	7	1	0	3
chr9	39049299	39049328	30	8	0	30	25	5	2	0	2	4	2	0	0	0	1	0	0	2	4	1	1	4	0	0	0	2	0	0	0	0	0	0	0	0	2	0	0	1
chr9	39049329	39049582	254	9	0	254	161	93	26	8	8	20	14	5	11	9	14	6	7	6	8	3	6	9	11	6	0	6	8	5	0	9	7	3	0	4	13	7	0	13
chr9	39049584	39049618	35	9	0	35	21	14	6	1	1	1	1	0	3	0	1	1	0	3	1	0	0	1	0	1	0	1	3	1	0	1	1	1	0	0	0	2	0	2
chr9	39049620	39049643	24	9	0	24	14	10	2	0	0	4	2	1	2	0	2	1	0	0	0	0	0	0	2	0	0	0	1	0	0	1	0	1	0	1	2	0	0	0
chr9	39049644	39049685	42	9	0	42	26	16	2	0	2	3	1	0	4	2	3	1	0	1	1	4	0	1	2	2	0	1	2	0	0	1	1	0	0	1	1	1	0	3
chr9	39049686	39049978	293	9	0	293	185	108	29	15	10	17	19	6	14	12	16	3	6	11	7	4	7	8	15	4	1	7	9	2	0	6	10	6	1	9	17	5	0	15
chr9	39049980	39050076	97	9	0	97	65	32	10	7	3	4	6	1	2	6	5	2	2	5	3	1	2	5	7	1	1	1	0	1	1	3	0	1	0	1	8	2	0	4
chr9	39050078	39050170	93	9	0	93	57	36	8	4	5	3	6	1	3	4	5	1	4	2	2	2	3	3	4	2	0	2	2	1	0	4	2	2	0	4	6	2	0	4
chr9	39050172	39050237	66	9	0	66	34	32	1	0	3	3	3	6	3	1	2	2	1	1	2	1	2	1	4	2	1	3	4	1	0	3	3	3	0	2	2	2	1	1
chr9	39050238	39050269	32	8	0	32	22	10	5	1	3	2	3	0	0	1	3	0	1	0	1	0	0	1	1	0	0	0	0	0	0	1	2	1	0	0	1	0	0	3
chr9	39050270	39050286	17	9	0	17	10	7	1	0	2	0	1	0	1	0	2	2	0	0	0	0	0	0	1	0	0	1	0	0	0	1	0	0	0	0	1	1	0	1
chr9	39050287	39050328	42	9	0	42	28	14	5	1	1	1	1	1	1	2	1	0	2	4	1	1	3	3	1	1	0	0	0	0	0	1	2	0	0	0	2	0	0	5
chr9	39050329	39050832	504	9	0	504	320	184	47	13	20	37	28	9	15	20	26	2	10	21	16	14	20	22	18	8	1	10	18	10	0	16	14	10	1	17	22	15	0	22
chr9	39050834	39050871	38	9	0	38	24	14	3	3	1	0	2	2	3	1	1	1	0	0	0	2	0	3	5	1	0	2	2	0	0	0	1	1	0	0	0	0	0	2
chr9	39050877	39050890	14	9	0	14	8	6	0	0	0	1	1	0	1	1	1	0	0	0	0	1	1	0	1	0	0	0	1	0	0	0	1	0	0	1	0	0	0	1
chr9	39050892	39050958	67	9	0	67	44	23	9	4	5	1	5	2	2	2	3	1	0	3	2	1	1	2	5	1	0	2	2	1	0	0	1	1	0	2	3	0	0	4
chr9	39050962	39050992	31	9	0	31	21	10	3	0	1	4	2	1	0	0	2	1	1	0	1	0	1	2	2	0	0	1	1	1	0	1	0	0	0	0	1	2	0	1
chr9	39050994	39051039	46	9	0	46	25	21	1	1	1	3	2	0	3	2	2	1	1	2	1	1	1	3	0	1	0	2	4	2	0	0	2	1	0	1	1	3	0	2
chr9	39051040	39051721	682	9	0	682	441	241	68	34	25	36	28	10	27	34	32	14	10	18	36	20	22	26	35	17	5	21	24	8	0	16	16	12	1	11	24	12	2	36
chr9	39051723	39051822	100	9	0	100	63	37	3	3	4	5	4	3	3	10	5	3	1	4	3	2	4	5	5	2	0	4	3	0	0	1	5	0	0	3	7	2	0	4
chr9	39051824	39052004	181	9	0	181	115	66	13	9	5	10	7	5	7	15	9	0	1	3	8	7	5	10	10	4	3	4	8	0	0	2	8	3	1	8	7	3	0	4
chr9	39052006	39052037	32	9	0	32	16	16	0	0	1	0	1	2	2	4	0	3	0	0	0	0	0	1	5	0	0	0	1	2	0	1	3	0	0	1	0	2	0	1
chr9	39052038	39052079	42	9	0	42	22	20	2	0	2	2	1	2	0	0	2	1	3	1	0	1	2	1	0	2	0	2	0	1	1	5	0	1	1	0	3	3	0	1
chr9	39052081	39052212	132	9	0	132	83	49	10	6	2	6	5	4	4	9	4	1	1	4	5	5	3	13	6	5	0	5	4	8	0	4	5	0	0	1	7	2	0	1
chr9	39052222	39052499	278	9	0	278	174	104	21	12	10	13	11	8	10	10	8	4	8	11	15	8	10	13	17	5	1	9	8	10	0	5	5	4	1	8	9	4	2	16
chr9	39052501	39052536	36	9	0	36	31	5	7	4	1	4	3	0	0	1	1	0	0	0	5	0	0	3	3	0	0	1	0	0	0	0	0	0	0	0	1	0	0	0
chr9	39052537	39052586	50	9	0	50	33	17	7	0	8	1	0	0	1	1	9	1	3	0	0	0	0	0	1	0	0	0	1	1	0	1	0	0	0	0	0	2	0	11
chr9	39052592	39052693	102	9	0	102	72	30	20	4	6	6	2	0	2	1	9	2	1	1	5	2	7	4	3	2	0	3	1	1	1	3	1	0	0	1	0	2	1	9
chr9	39052695	39052862	168	9	0	168	121	47	17	6	12	10	10	3	2	5	7	3	2	8	11	3	1	21	7	3	0	4	3	0	0	3	2	1	0	3	8	2	2	7
chr9	39052872	39052945	74	9	0	74	59	15	12	5	2	8	2	1	0	1	1	0	2	1	12	3	3	4	3	2	0	4	0	0	0	2	0	0	0	0	3	0	0	1
chr9	39052946	39052973	28	8	0	28	24	4	2	0	1	5	0	0	0	1	0	0	0	1	5	1	0	6	0	1	0	0	1	1	0	0	0	0	0	0	0	0	0	1
chr9	39052974	39053397	424	9	0	424	294	130	42	17	15	31	13	11	15	13	21	5	9	14	29	13	10	34	20	4	1	21	6	4	1	12	7	2	1	2	19	13	3	14
chr9	39053399	39053420	22	9	0	22	14	8	1	1	2	0	0	0	1	0	2	1	0	1	2	0	1	1	0	0	0	2	1	0	0	1	0	0	0	0	0	2	0	1
chr9	39053422	39053476	55	9	0	55	37	18	4	2	2	6	4	0	2	2	3	1	0	2	3	1	0	4	3	1	0	0	2	0	0	3	1	1	0	0	3	2	0	1
chr9	39053478	39053594	117	9	0	117	63	54	8	4	4	2	5	6	6	3	4	3	4	4	1	3	5	1	7	1	0	7	3	6	0	4	3	2	0	4	7	4	0	4
chr9	39053596	39053785	190	9	0	190	107	83	8	3	4	12	6	7	9	6	6	6	9	6	7	2	5	10	8	4	3	4	8	7	0	7	5	2	1	6	7	10	0	10
chr9	39053787	39053801	15	9	0	15	9	6	1	1	0	1	2	0	0	2	0	0	0	1	0	0	0	0	2	0	0	0	1	0	0	0	1	0	0	0	0	1	0	0
chr9	39053804	39053877	74	9	0	74	38	36	3	2	2	4	4	4	3	5	3	3	2	1	1	1	0	0	9	1	0	0	4	4	0	4	3	1	0	0	0	5	0	3
chr9	39053879	39053900	22	9	0	22	12	10	2	1	1	0	1	0	1	1	2	0	1	0	0	0	0	0	0	0	0	1	1	2	0	1	2	0	0	0	0	2	0	1
chr9	39053902	39053995	94	9	0	94	53	41	2	6	4	2	5	3	6	2	6	3	4	3	1	1	2	1	5	1	0	7	2	2	0	4	2	2	0	0	7	3	0	6
chr9	39053997	39054011	15	9	0	15	10	5	1	0	1	0	1	0	0	3	0	1	0	0	0	0	0	2	1	0	0	0	0	0	0	0	1	0	0	1	1	0	0	0
chr9	39054013	39054074	62	9	0	62	46	16	15	3	2	4	1	0	2	4	2	2	1	1	5	1	1	1	2	1	0	2	1	0	0	1	2	0	0	0	2	1	0	3
chr9	39054076	39054186	111	9	0	111	67	44	10	5	6	3	3	1	6	3	8	1	0	4	4	1	5	6	3	2	0	3	2	1	0	6	5	3	2	3	3	3	2	5
chr9	39054188	39054450	263	9	0	263	177	86	26	6	10	24	15	6	8	10	15	5	8	8	10	6	7	12	9	2	2	10	6	2	0	3	7	2	0	7	17	5	0	13
chr9	39054451	39054474	24	8	0	24	16	8	2	2	0	1	1	0	1	1	1	0	1	0	2	1	0	1	2	0	0	1	0	0	1	0	0	1	0	1	1	0	1	0
chr9	39054475	39054608	134	9	0	134	69	65	5	5	2	3	2	3	4	7	2	4	8	5	6	1	8	3	4	5	0	4	5	5	0	13	0	6	1	2	7	7	1	4
chr9	39054609	39054643	35	8	0	35	17	18	0	0	2	0	0	0	1	1	1	1	4	3	1	0	1	2	0	0	1	0	1	0	0	2	0	1	1	2	0	2	2	4
chr9	39054644	39054791	148	9	0	148	66	82	1	3	5	3	4	9	8	5	5	3	6	5	1	1	3	3	7	3	3	3	9	8	0	10	2	11	2	4	8	5	1	5
chr9	39054792	39054837	46	8	0	46	35	11	15	0	4	2	1	0	0	2	3	0	0	2	0	0	2	2	0	0	0	0	2	0	0	0	1	1	0	2	0	1	0	4
chr9	39054838	39054892	55	8	0	55	30	25	8	1	0	0	2	3	4	2	0	2	3	1	0	0	1	1	2	1	0	3	3	0	0	1	4	1	1	2	2	2	1	2
chr9	39054894	39055108	215	9	0	215	98	117	15	3	3	5	3	9	14	2	3	4	12	6	5	6	6	1	5	7	4	6	11	8	6	12	4	13	5	10	9	9	1	6
chr9	39055109	39055125	17	8	0	17	5	12	0	0	0	0	0	3	0	0	0	0	1	0	0	0	0	0	1	1	2	0	1	0	1	0	0	2	1	1	1	0	0	0
chr9	39055126	39055358	233	9	0	233	141	92	12	6	7	17	13	4	13	6	7	4	4	9	10	9	9	10	10	5	1	7	8	1	2	6	8	4	2	12	10	6	1	8
chr9	39055359	39055394	36	8	0	36	20	16	4	1	2	1	2	1	2	1	2	0	1	2	0	0	0	0	0	1	0	1	1	0	0	1	4	1	0	1	2	0	1	2
chr9	39055395	39055473	79	9	0	79	44	35	2	2	3	1	3	2	2	4	2	2	3	4	1	2	6	3	3	2	0	3	3	3	0	3	1	3	0	2	5	1	0	6
chr9	39055474	39055537	64	8	0	64	36	28	2	2	3	2	3	0	2	2	3	1	2	3	1	2	4	3	0	4	0	1	1	2	0	5	3	0	0	1	3	3	0	4
chr9	39055538	39055753	216	9	0	216	135	81	13	1	16	16	11	1	6	4	10	6	12	3	12	4	7	11	4	4	0	4	2	4	0	11	4	4	0	12	13	5	0	14
chr9	39055754	39055764	11	8	0	11	7	4	0	1	1	0	0	0	1	1	1	0	0	0	1	0	0	1	0	0	0	1	0	0	0	0	0	0	0	0	1	0	0	0
chr9	39055765	39055959	195	9	0	195	131	64	18	4	8	16	9	2	6	9	4	5	5	3	15	7	9	9	8	3	0	7	6	1	0	3	8	4	0	6	4	2	0	12
chr9	39055960	39056000	41	8	0	41	22	19	0	2	1	2	2	0	1	3	2	0	0	2	1	0	2	3	0	2	0	0	3	3	0	3	1	1	0	0	1	3	0	1
chr9	39056001	39056019	19	9	0	19	15	4	2	1	1	3	1	0	0	1	0	0	0	1	3	0	0	1	0	0	0	1	0	0	0	0	1	0	0	0	1	0	0	0
chr9	39056020	39056067	48	9	0	48	36	12	8	2	2	2	3	2	0	0	2	0	0	1	1	3	3	7	2	0	0	4	0	0	0	0	1	0	0	0	2	0	0	1
chr9	39056078	39056592	515	9	0	515	369	146	64	20	20	51	24	9	12	27	26	6	6	11	42	10	10	29	21	3	0	21	15	7	0	4	12	7	0	7	24	9	0	16
chr9	39056593	39056660	68	8	0	68	49	19	7	2	2	7	1	3	4	2	3	0	1	2	6	1	0	7	2	2	0	2	2	0	0	0	1	0	0	3	4	0	0	2
chr9	39056661	39056715	55	9	0	55	42	13	5	1	3	7	1	0	0	3	2	1	1	1	7	0	2	7	1	0	0	1	0	0	0	1	2	1	0	1	1	1	0	3
chr9	39056716	39057064	349	8	0	349	179	170	20	6	5	17	9	16	18	5	7	6	19	9	12	9	9	11	11	12	4	10	17	7	6	17	7	16	9	12	12	12	5	12
chr9	39057065	39057358	294	9	0	294	172	122	18	13	9	16	15	6	15	14	11	8	7	6	12	2	5	14	9	7	0	13	18	7	1	6	8	10	3	7	15	7	0	10
chr9	39057359	39057421	63	8	0	63	34	29	3	1	6	2	2	3	3	2	2	2	1	2	4	0	0	0	1	0	0	5	3	4	0	1	4	2	0	2	2	2	0	2
chr9	39057422	39057598	177	9	0	177	92	85	6	3	3	8	7	3	11	10	4	4	9	12	3	3	2	4	5	5	0	3	9	11	0	8	4	4	0	6	12	8	0	8
chr9	39057604	39057801	198	9	0	198	120	78	10	6	9	15	12	5	7	8	9	3	6	3	8	4	6	8	7	4	0	7	7	5	0	6	7	5	0	8	10	4	0	7
chr9	39057802	39057865	64	8	0	64	45	19	5	0	3	7	2	1	1	4	1	2	1	4	7	1	1	5	1	1	0	2	1	1	1	0	2	0	0	0	3	1	1	3
chr9	39057866	39057923	58	9	0	58	41	17	5	1	3	6	4	0	0	0	4	1	1	2	2	1	2	7	1	1	0	1	3	1	0	2	0	0	0	0	0	4	0	4
chr9	39057924	39057962	39	8	0	39	27	12	7	1	0	5	2	1	0	1	2	0	0	1	1	0	2	3	1	0	1	0	2	1	1	0	1	1	0	0	0	1	0	2
chr9	39057963	39057990	28	8	0	28	21	7	2	1	0	4	0	0	0	5	0	1	0	0	5	0	0	3	2	0	0	0	0	0	0	0	3	0	0	0	0	0	0	0
chr9	39057991	39058081	91	9	0	91	61	30	9	1	2	8	1	4	3	3	3	2	1	3	7	4	6	3	4	2	0	4	4	1	0	1	2	0	0	2	1	3	0	5
chr9	39058082	39058142	61	8	0	61	37	24	1	0	3	3	2	1	0	2	1	3	1	3	3	2	4	6	1	2	0	3	2	4	0	4	0	0	0	0	3	4	0	1
chr9	39058143	39058201	59	9	0	59	39	20	8	2	4	3	2	1	2	3	4	0	0	3	3	2	1	0	1	2	0	2	3	0	0	1	2	1	0	1	2	1	0	3
chr9	39058203	39058303	101	9	0	101	79	22	7	3	4	13	2	0	3	2	4	1	3	2	14	0	4	16	0	0	0	4	1	0	0	0	1	0	0	5	5	1	0	4
chr9	39058304	39058360	57	8	0	57	39	18	7	3	1	5	2	2	1	1	2	0	1	0	5	4	1	4	1	4	0	2	2	2	0	2	0	0	0	0	3	0	0	0
chr9	39058361	39058463	103	9	0	103	57	46	4	2	3	8	5	3	3	4	1	1	1	4	7	2	2	5	4	0	3	1	4	2	4	3	7	7	1	3	1	4	0	2
chr9	39058464	39058512	49	8	0	49	20	29	1	0	2	0	2	3	2	0	0	1	4	4	0	0	0	0	0	2	1	1	4	1	0	4	1	3	0	1	2	3	3	2
chr9	39058513	39058578	66	9	0	66	38	28	6	1	0	4	1	2	2	4	1	0	1	3	3	2	4	3	2	1	1	1	6	2	0	1	1	3	1	3	1	2	0	2
chr9	39058580	39058604	25	8	0	25	9	16	0	0	0	0	0	1	2	0	0	1	1	0	0	2	2	0	1	1	0	2	1	2	1	1	1	1	0	2	0	1	0	0
chr9	39058605	39058661	57	9	0	57	21	36	0	1	1	1	1	1	4	3	2	0	6	0	0	0	0	0	0	1	0	1	2	3	2	4	5	5	0	4	3	3	0	2
chr9	39058662	39058722	61	8	0	61	29	32	5	1	1	0	2	3	6	0	1	3	3	2	0	0	0	0	2	1	1	3	3	1	1	3	3	4	0	1	3	2	0	4
chr9	39058723	39058781	59	9	0	59	47	12	18	2	4	5	1	0	1	1	4	2	0	0	5	0	3	0	1	0	0	3	0	0	0	1	0	0	0	0	2	1	0	3
chr9	39058782	39058826	45	8	0	45	35	10	2	0	0	6	0	0	1	2	1	2	0	1	5	1	3	11	1	1	0	1	1	0	0	1	0	0	0	0	0	1	0	2
chr9	39058827	39059034	208	9	0	208	146	62	28	2	14	15	10	6	2	9	7	6	3	4	14	7	2	16	11	2	2	6	6	1	0	3	3	2	2	3	6	5	0	9
chr9	39059042	39059113	72	9	0	72	59	13	9	0	3	13	1	0	0	2	3	3	0	0	12	0	3	8	1	0	0	2	1	2	0	1	0	0	0	0	1	2	0	3
chr9	39059122	39059241	120	9	0	120	96	24	10	3	2	21	3	2	3	5	6	2	1	4	16	2	4	10	3	1	0	5	0	0	0	1	0	0	0	0	10	0	0	4
chr9	39059242	39059283	42	8	0	42	29	13	3	1	2	4	2	1	1	2	2	1	1	0	4	2	0	2	3	1	0	1	0	1	0	0	1	0	0	1	2	0	0	2
chr9	39059284	39059540	257	9	0	257	186	71	23	5	12	21	8	5	5	12	7	4	3	11	24	10	9	25	10	4	0	10	5	2	0	5	4	2	0	4	11	4	0	10
chr9	39059541	39059585	45	8	0	45	26	19	2	1	3	3	2	0	2	2	3	0	2	2	2	1	0	1	1	1	0	0	2	2	0	2	0	1	0	1	2	1	0	4
chr9	39059586	39059763	178	9	0	178	117	61	14	10	4	13	4	1	6	11	11	4	4	1	12	5	7	8	11	1	2	6	6	2	0	8	1	3	0	0	4	10	0	7
chr9	39059773	39059833	61	9	0	61	44	17	8	2	4	5	3	1	1	5	4	3	0	0	4	2	0	2	5	0	0	3	0	0	0	0	2	0	0	0	3	0	0	2
chr9	39059834	39059861	28	8	0	28	15	13	0	0	4	1	0	0	0	1	0	1	0	0	5	1	2	0	0	0	0	2	0	2	0	3	0	2	0	1	1	0	0	0
chr9	39059862	39059888	27	8	0	27	21	6	5	1	0	4	1	2	0	0	1	0	0	0	3	0	1	2	2	0	0	1	0	0	0	1	0	0	0	0	0	1	0	0
chr9	39059889	39059943	55	9	0	55	44	11	13	3	2	2	1	1	0	3	2	0	2	2	5	0	1	5	2	0	0	2	1	0	0	0	0	0	0	0	2	1	0	3
chr9	39059944	39060107	164	9	0	164	87	77	7	6	9	5	5	7	10	1	10	2	4	3	5	4	4	3	7	3	2	7	9	2	0	8	4	7	4	5	3	7	0	9
chr9	39060108	39060157	50	8	0	50	22	28	1	1	2	0	0	5	4	2	3	2	2	0	0	0	0	0	3	1	1	3	1	0	2	0	5	0	0	3	2	1	2	2
chr9	39060158	39060212	55	9	0	55	34	21	4	2	1	2	3	2	2	7	2	3	1	5	0	0	0	0	3	1	0	1	1	0	0	0	1	0	0	1	9	0	0	2
chr9	39060213	39060234	22	8	0	22	14	8	2	1	0	0	0	0	1	2	0	0	0	4	1	1	1	0	1	1	0	0	1	0	0	1	0	0	0	0	1	1	0	1
chr9	39060235	39060265	31	8	0	31	18	13	3	0	3	1	1	0	1	0	3	0	1	1	1	0	1	0	0	0	0	0	2	0	0	2	0	2	0	2	1	2	0	2
chr9	39060266	39060292	27	8	0	27	14	13	0	0	3	0	1	2	1	0	0	2	2	0	2	0	0	0	2	1	0	2	0	0	0	1	1	1	0	0	1	0	0	3
chr9	39060293	39060462	170	9	0	170	97	73	12	5	12	3	2	3	5	3	8	3	13	3	10	4	5	5	4	4	2	5	3	4	1	11	2	2	1	6	5	9	0	13
chr9	39060463	39060489	27	8	0	27	14	13	1	1	3	0	1	2	2	0	3	1	0	0	0	0	0	0	2	0	0	1	1	0	0	0	1	1	0	1	1	0	0	3
chr9	39060490	39060755	266	9	0	266	129	137	9	8	7	7	11	8	14	4	4	2	16	8	7	6	8	9	6	6	2	10	18	10	3	13	5	16	4	13	9	12	1	8
chr9	39060756	39060819	64	9	0	64	27	37	1	1	1	1	2	5	5	1	1	2	5	2	0	0	0	0	1	1	1	4	5	1	0	1	4	3	2	3	3	2	1	3
chr9	39060820	39061380	561	9	0	561	374	187	59	18	23	41	31	13	16	21	22	7	10	21	28	14	19	29	29	6	1	16	16	8	1	9	17	7	1	15	19	13	1	28
chr9	39061381	39061399	19	8	0	19	14	5	3	0	1	3	1	0	0	0	1	0	0	0	2	1	1	0	0	0	0	1	1	0	0	0	0	0	0	1	0	1	0	0
chr9	39061400	39061920	521	9	0	521	352	169	58	19	17	40	24	8	15	20	20	4	14	14	33	12	15	38	21	7	1	14	17	5	1	10	10	6	4	20	19	15	2	16
chr9	39061921	39061931	11	9	0	11	7	4	1	0	1	0	1	0	0	0	0	1	0	0	0	0	1	1	0	0	0	0	0	0	0	0	1	0	0	1	0	0	0	1
chr9	39061943	39061957	15	8	0	15	12	3	4	0	3	0	0	0	0	0	3	0	0	0	0	0	0	0	0	0	0	0	0	0	0	0	0	0	0	0	0	0	0	3
chr9	39061958	39061968	11	8	0	11	11	0	9	0	0	0	0	0	0	0	0	0	0	0	0	0	0	0	0	0	0	0	0	0	0	0	0	0	0	0	0	0	0	0
chr9	39061969	39061991	23	8	0	23	9	14	0	0	0	0	0	0	1	0	0	3	4	0	0	0	0	0	1	0	2	1	0	0	1	0	0	0	1	1	0	1	2	3
chr9	39061992	39062036	45	9	0	45	16	29	0	0	1	0	1	4	5	0	0	0	3	2	0	0	0	0	0	0	1	3	4	0	0	2	4	3	1	4	2	3	0	0
chr9	39062037	39062122	86	9	0	86	32	54	3	1	0	3	0	2	5	2	2	1	5	1	1	2	3	0	1	2	1	2	4	7	4	6	1	8	4	4	3	4	1	1
chr9	39062133	39062194	62	9	0	62	32	30	4	2	0	1	0	1	2	3	1	3	4	3	2	2	3	1	1	4	1	1	3	2	1	3	0	1	0	1	2	2	2	4
chr9	39062195	39062372	178	9	0	178	100	78	20	6	7	6	9	10	5	3	5	3	3	5	5	4	3	6	10	5	1	6	6	4	5	4	5	7	4	3	6	3	2	5
chr9	39062376	39062438	63	9	0	63	29	34	10	0	0	0	1	1	5	0	0	4	5	2	0	0	0	0	1	0	1	3	3	1	1	1	2	3	5	2	1	2	3	4
chr9	39062439	39062529	91	8	0	91	31	60	0	1	2	1	2	3	5	1	2	2	8	0	0	2	2	0	1	2	1	4	4	5	5	4	3	6	4	7	3	6	1	2
chr9	39062539	39062579	41	9	0	41	34	7	22	0	0	1	1	0	1	0	0	1	1	0	1	2	2	1	2	0	0	1	0	0	0	1	0	0	0	0	0	0	0	2
chr9	39062580	39062684	105	9	0	105	42	63	2	2	3	1	3	7	3	1	1	2	5	6	2	1	1	2	2	6	2	1	7	3	5	6	1	7	3	4	4	5	4	1
chr9	39062685	39062730	46	8	0	46	32	14	7	1	2	2	0	0	1	4	2	2	0	1	3	0	1	4	3	0	0	0	2	0	0	2	0	2	0	0	1	2	0	2
chr9	39062738	39063162	425	9	0	425	270	155	37	15	22	21	15	14	10	19	20	7	7	9	23	13	15	23	17	6	2	24	20	7	2	6	11	5	2	8	9	17	2	15
chr9	39063163	39063186	24	8	0	24	15	9	1	3	1	0	2	0	1	2	1	1	0	1	1	0	0	1	3	0	0	1	1	0	0	0	0	0	0	0	1	0	0	1
chr9	39063187	39063313	127	9	0	127	90	37	18	4	3	8	6	2	2	6	4	1	5	7	7	4	4	7	2	1	1	7	2	0	1	0	3	1	0	2	9	1	2	5
chr9	39063315	39063766	452	9	0	452	314	138	46	16	18	35	20	11	9	26	21	9	5	15	28	7	14	32	22	9	0	12	14	6	0	6	11	3	0	4	19	8	0	24
chr9	39063767	39063786	20	8	0	20	9	11	2	0	2	0	2	0	0	1	0	1	0	1	0	0	0	0	0	1	0	0	1	0	1	1	2	1	0	0	0	1	0	1
chr9	39063787	39064071	285	9	0	285	177	108	24	8	13	15	7	6	13	11	21	8	11	6	8	4	12	10	9	5	0	12	8	3	0	8	6	1	1	8	14	10	1	20
chr9	39064072	39064241	170	9	0	170	92	78	13	5	9	2	5	5	9	5	6	4	8	2	4	5	6	3	6	4	1	8	6	6	0	8	8	3	0	7	4	6	1	9
chr9	39064248	39064449	202	9	0	202	133	69	15	7	6	16	13	3	6	8	9	2	6	7	7	5	9	13	9	3	0	5	5	0	0	6	7	3	0	6	10	5	0	9
chr9	39064451	39064734	284	9	0	284	182	102	17	11	6	14	8	10	13	19	12	5	7	7	11	11	7	22	25	1	2	9	5	4	0	7	6	3	0	9	14	8	0	9
chr9	39064735	39064759	25	9	0	25	20	5	1	1	1	2	0	0	0	2	2	0	0	0	2	0	2	6	1	0	0	0	0	0	0	0	0	0	0	0	0	0	0	3
chr9	39064761	39064809	49	9	0	49	36	13	7	0	1	6	4	2	1	3	2	1	0	1	1	4	0	2	5	1	0	1	1	0	0	0	0	0	0	0	3	0	0	1
chr9	39064810	39065049	240	9	0	240	186	54	26	0	6	22	8	5	3	18	9	2	1	9	11	13	2	49	16	2	0	2	4	2	0	2	2	0	0	2	12	4	0	6
chr9	39065050	39065086	37	9	0	37	23	14	3	2	0	2	3	2	0	3	0	3	0	0	1	1	1	1	4	2	0	1	3	0	0	0	0	0	0	0	2	1	0	0
chr9	39065087	39065719	633	9	0	633	426	207	51	34	22	46	34	13	15	29	30	11	9	12	39	19	22	38	36	13	4	24	20	10	0	12	13	3	1	9	22	16	1	23
chr9	39065720	39065756	37	9	0	37	23	14	6	1	1	2	3	3	1	1	1	1	0	1	0	0	0	2	4	0	0	1	2	0	0	0	1	0	0	1	1	1	1	0
chr9	39065757	39065770	14	8	0	14	7	7	2	0	1	0	0	1	0	0	1	0	0	0	0	0	2	0	0	0	0	1	0	0	0	1	1	0	0	1	0	0	1	0
chr9	39065771	39065957	187	9	0	187	142	45	27	8	8	20	9	1	4	6	10	2	7	0	17	3	3	15	7	0	0	7	1	1	0	1	4	0	0	4	8	2	0	10
chr9	39065958	39065986	29	8	0	29	23	6	5	0	2	4	1	0	1	0	0	1	0	2	4	0	0	2	0	1	0	0	0	0	0	1	0	0	0	0	2	0	0	1
chr9	39065987	39066068	82	9	0	82	57	25	12	1	7	4	7	0	0	3	4	3	2	2	1	1	3	5	4	0	0	1	1	1	0	1	3	0	0	3	2	2	0	7
chr9	39066069	39066100	32	8	0	32	24	8	5	0	0	5	1	0	1	2	2	0	0	1	1	1	1	2	1	0	0	0	0	0	0	0	2	0	1	1	1	0	1	1
chr9	39066101	39066176	76	9	0	76	55	21	5	2	1	8	4	3	2	2	0	0	1	2	7	5	3	9	7	1	0	2	1	1	0	1	2	0	0	2	1	1	0	1
chr9	39066177	39066219	43	9	0	43	34	9	5	4	4	2	2	0	0	1	0	0	0	1	8	1	1	3	2	0	0	3	1	0	0	0	0	1	0	1	0	0	0	1
chr9	39066230	39066280	51	8	0	51	36	15	5	3	3	2	1	2	1	1	2	2	0	0	5	2	3	3	4	1	0	4	1	0	0	1	0	0	0	0	0	1	0	2
chr9	39066281	39066764	484	9	0	484	315	169	48	17	31	19	18	10	18	18	27	6	11	13	22	11	11	34	19	9	1	16	13	5	1	13	18	5	0	11	14	13	0	30
chr9	39066765	39066831	67	8	0	67	43	24	7	2	5	1	4	4	1	4	1	2	2	4	3	2	0	1	5	1	0	3	2	0	0	0	1	0	0	1	4	1	0	4
chr9	39066832	39067164	333	9	0	333	225	108	42	11	10	23	12	8	11	12	14	3	10	13	18	7	7	22	14	5	0	10	12	7	1	3	8	2	0	6	10	9	1	20
chr9	39067165	39067200	36	8	0	36	27	9	1	2	1	4	1	0	0	3	1	1	2	1	5	1	0	2	3	0	0	1	0	0	0	0	0	0	0	0	1	0	2	2
chr9	39067201	39067458	258	9	0	258	165	93	29	4	6	20	11	8	8	10	7	6	6	9	11	7	7	15	11	7	2	5	11	4	1	8	5	6	0	4	10	7	1	10
chr9	39067459	39067482	24	9	0	24	10	14	1	1	0	1	2	1	1	0	0	0	2	1	0	0	0	0	0	0	0	2	1	1	1	0	3	2	0	0	0	0	1	1
chr9	39067483	39067548	66	8	0	66	23	43	0	1	1	1	1	0	4	3	3	1	4	0	0	1	1	0	0	1	0	2	4	7	3	4	3	6	2	3	2	4	1	1
chr9	39067549	39067586	38	9	0	38	21	17	4	1	0	2	1	2	0	1	0	1	1	0	2	2	3	1	2	1	1	1	1	1	2	0	0	2	1	1	0	0	0	2
chr9	39067587	39067634	48	9	0	48	20	28	1	2	1	0	1	2	1	2	1	2	3	2	1	0	1	0	1	4	1	0	3	3	1	3	1	0	0	1	0	4	2	2
chr9	39067635	39067659	25	9	0	25	10	15	1	0	1	0	1	0	2	0	0	1	2	1	0	0	0	0	0	1	0	0	1	1	0	3	2	2	0	0	0	1	2	1
chr9	39067660	39067685	26	9	0	26	12	14	0	0	0	1	0	1	2	2	0	0	1	1	1	1	0	0	1	0	0	1	2	1	0	1	2	2	0	2	1	1	0	0
chr9	39067686	39067798	113	9	0	113	70	43	13	7	3	5	7	3	3	4	5	0	2	5	4	2	2	4	4	2	1	4	6	1	3	1	3	4	0	1	4	4	0	4
chr9	39067799	39067844	46	9	0	46	24	22	1	1	1	2	2	1	1	3	1	2	0	1	1	2	3	2	2	1	0	3	3	2	1	1	0	3	1	0	1	1	0	1
chr9	39067845	39067874	30	8	0	30	15	15	0	0	1	1	1	0	2	1	1	2	1	0	0	0	1	3	0	1	0	1	1	2	0	3	1	1	0	0	2	1	0	1
chr9	39067875	39067889	15	9	0	15	8	7	0	0	0	1	0	0	0	1	0	0	0	0	1	1	2	0	0	1	0	0	0	1	0	2	1	1	0	0	0	0	0	1
chr9	39067890	39067972	83	9	0	83	48	35	1	3	0	5	2	4	2	8	3	0	5	1	3	2	2	5	3	4	0	3	6	3	0	1	3	2	0	1	4	1	0	4
chr9	39067973	39068009	37	8	0	37	26	11	8	2	0	4	3	0	1	0	1	2	0	0	1	0	1	2	2	0	1	1	1	2	0	0	0	0	0	0	0	1	1	1
chr9	39068010	39068069	60	9	0	60	36	24	7	0	5	2	1	2	1	1	5	0	2	2	1	2	0	5	2	0	0	1	2	6	0	0	0	1	0	1	1	2	0	6
chr9	39068070	39068122	53	8	0	53	33	20	4	0	1	3	0	2	2	3	1	0	1	2	3	3	2	6	1	0	0	3	0	1	0	1	5	1	2	0	1	0	1	2
chr9	39068123	39068214	92	9	0	92	40	52	1	1	2	0	0	3	7	3	0	1	5	8	3	2	2	1	2	3	1	1	6	1	0	5	2	6	5	5	4	3	2	5
chr9	39068215	39068259	45	9	0	45	32	13	18	1	1	1	2	2	0	0	1	0	1	0	1	1	1	1	1	2	0	1	1	0	1	2	1	1	0	0	1	1	0	0
chr9	39068267	39068277	11	8	0	11	5	6	0	0	0	0	0	0	1	0	0	0	0	0	1	0	1	0	0	0	0	0	1	1	0	0	1	1	0	2	0	0	0	0
chr9	39068285	39068338	54	8	0	54	23	31	0	1	0	1	1	1	4	3	2	1	4	0	0	2	2	0	2	0	0	2	2	2	1	4	3	4	0	3	2	3	1	1
chr9	39068339	39068415	77	9	0	77	27	50	0	0	2	0	2	3	7	0	0	3	8	2	0	0	0	0	1	0	1	4	4	0	2	4	5	4	5	6	2	5	2	3
chr9	39068416	39068431	16	9	0	16	16	0	7	0	0	3	0	0	0	0	0	0	0	0	2	0	0	2	0	0	0	0	0	0	0	0	0	0	0	0	0	0	0	0
chr9	39068432	39068447	16	8	0	16	16	0	3	0	0	5	0	0	0	0	0	0	0	0	5	0	0	1	0	0	0	0	0	0	0	0	0	0	0	0	0	0	0	0
chr9	39068448	39068490	43	9	0	43	33	10	9	1	1	4	0	1	0	2	2	1	2	1	3	0	3	1	1	1	0	1	0	0	0	1	0	0	0	0	2	0	0	4
chr9	39068491	39068788	298	9	0	298	171	127	20	7	15	15	14	7	12	6	13	5	16	7	9	8	9	6	9	7	1	10	5	3	3	14	13	6	3	12	12	9	3	17
chr9	39068789	39068819	31	9	0	31	16	15	0	1	2	0	2	2	2	0	0	0	2	1	1	2	0	1	2	0	0	2	1	1	0	0	1	0	0	3	2	1	0	0
chr9	39068820	39068831	12	9	0	12	9	3	0	1	1	0	0	0	0	2	0	0	0	1	1	0	0	1	2	0	0	0	0	0	0	0	0	0	0	0	0	0	0	1
chr9	39068832	39068845	14	9	0	14	7	7	1	0	1	0	0	0	2	0	1	1	0	0	0	0	0	0	1	0	0	0	0	0	0	2	0	0	0	0	1	1	0	1
chr9	39068846	39068950	105	9	0	105	63	42	8	6	0	4	3	2	4	8	4	2	4	1	3	4	2	7	5	5	1	3	3	2	1	5	4	1	0	1	5	3	0	2
chr9	39068951	39068990	40	9	0	40	27	13	5	0	3	2	0	0	1	1	2	0	1	1	4	2	2	2	0	0	0	2	2	1	0	1	0	1	0	1	0	1	0	3
chr9	39068992	39069022	31	9	0	31	24	7	2	1	1	1	0	3	0	2	0	0	0	0	2	3	0	7	6	0	0	1	0	0	0	0	0	0	0	0	0	0	0	0
chr9	39069023	39069449	427	9	0	427	283	144	34	12	17	30	19	10	11	24	14	7	10	12	26	12	14	29	22	8	0	11	8	5	0	13	15	5	1	13	19	8	1	15
chr9	39069450	39069474	25	8	0	25	20	5	4	1	2	1	0	0	0	2	1	0	0	2	4	0	1	1	0	0	0	1	0	0	0	0	0	0	0	0	2	0	0	1
chr9	39069475	39069532	58	9	0	58	42	16	8	2	0	5	2	3	1	5	2	0	2	0	4	0	0	6	4	2	0	0	1	0	0	1	3	0	0	1	3	0	0	1
chr9	39069533	39069603	71	8	0	71	53	18	10	3	0	7	4	1	0	4	0	1	0	1	6	0	4	10	3	2	0	1	1	0	0	3	4	2	0	0	2	0	0	0
chr9	39069612	39069685	74	9	0	74	46	28	3	0	2	6	0	2	3	3	4	1	1	3	4	6	3	4	2	1	1	5	2	1	1	1	2	0	0	2	2	4	2	1
chr9	39069686	39070459	774	9	0	774	515	259	69	31	35	57	36	17	19	46	36	8	16	24	52	20	14	33	39	11	2	24	31	7	1	12	16	15	2	15	32	18	1	33
chr9	39070460	39070474	15	8	0	15	10	5	2	2	0	1	2	0	0	0	1	0	0	0	0	0	0	0	1	0	1	0	0	0	1	0	0	0	0	0	1	1	0	0
chr9	39070475	39070887	413	9	0	413	275	138	43	11	13	22	12	12	11	23	13	3	9	16	21	20	14	31	21	9	0	16	12	11	0	10	8	3	0	5	16	10	0	16
chr9	39070888	39070903	16	8	0	16	8	8	1	1	0	0	1	0	1	0	0	2	0	0	0	0	2	0	0	0	0	1	0	0	0	1	1	1	0	0	1	0	0	1
chr9	39070904	39071236	333	9	0	333	210	123	19	9	17	14	7	6	14	14	12	8	16	10	22	15	11	14	15	3	1	19	7	3	0	11	6	5	1	6	13	10	0	23
chr9	39071237	39071345	109	8	0	109	74	35	6	4	4	5	2	3	2	5	2	3	1	4	9	9	6	7	5	1	4	9	0	2	2	0	1	1	0	0	6	0	0	4
chr9	39071346	39071543	198	9	0	198	140	58	21	2	10	20	6	7	5	7	14	3	5	4	13	3	5	13	5	5	0	5	5	0	0	3	2	1	0	5	13	2	0	12
chr9	39071544	39071614	71	8	0	71	50	21	10	4	5	3	4	1	0	4	1	0	0	1	6	3	3	4	3	1	0	4	1	2	0	1	4	0	0	2	0	1	0	1
chr9	39071615	39071691	77	9	0	77	56	21	8	4	3	6	3	1	3	0	1	2	2	2	9	4	4	2	2	0	2	8	0	0	0	0	2	0	0	0	3	0	0	4
chr9	39071692	39071706	15	8	0	15	9	6	0	1	1	0	1	0	0	1	0	0	1	1	0	0	1	0	0	1	0	0	1	0	0	0	1	0	0	1	0	0	0	2
chr9	39071707	39072238	532	9	0	532	388	144	76	9	21	50	25	9	14	21	15	7	11	23	40	14	7	44	21	5	1	12	6	3	2	4	22	3	2	7	21	4	1	30
chr9	39072239	39072272	34	8	0	34	23	11	3	1	1	5	1	0	0	3	4	0	0	1	2	1	0	1	1	0	1	0	2	0	0	0	0	0	0	0	1	2	1	1
chr9	39072273	39072606	334	9	0	334	210	124	15	13	10	25	15	7	12	21	14	6	4	9	19	10	7	21	12	11	1	12	20	6	0	7	10	4	1	7	13	12	0	8
chr9	39072607	39072669	63	8	0	63	41	22	3	4	2	3	1	2	4	4	1	1	1	4	7	1	1	1	3	0	0	5	2	0	0	0	2	1	0	1	4	1	0	2
chr9	39072670	39072786	117	9	0	117	84	33	15	3	6	10	3	3	3	4	7	0	1	6	8	2	6	6	3	0	0	5	1	0	0	3	2	1	0	3	7	3	0	4
chr9	39072787	39072878	92	9	0	92	69	23	12	4	4	7	4	0	2	6	6	1	1	4	4	3	3	6	5	0	0	3	0	0	0	1	1	0	0	1	6	1	0	5
chr9	39072882	39073391	510	9	0	510	350	160	48	21	20	42	26	12	15	20	22	7	6	16	36	18	12	28	32	9	2	15	16	3	0	12	6	7	0	7	19	12	0	19
chr9	39073393	39073679	287	9	0	287	183	104	39	13	9	15	13	8	12	11	11	5	5	10	13	5	5	8	16	4	1	10	11	7	1	6	5	6	0	5	12	9	0	10
chr9	39073680	39073707	28	9	0	28	10	18	1	0	1	0	0	0	1	0	1	1	5	0	0	0	0	0	0	1	0	0	1	3	0	4	0	1	0	1	0	3	0	2
chr9	39073708	39073719	12	8	0	12	3	9	0	0	0	0	0	0	2	0	0	0	1	0	0	0	0	0	0	0	0	0	0	0	0	2	2	1	0	1	0	0	1	0
chr9	39073720	39073750	31	8	0	31	13	18	0	0	1	0	0	3	5	0	1	1	0	0	0	0	0	0	1	2	0	1	1	0	0	2	4	1	0	3	2	0	0	1
chr9	39073751	39073830	80	9	0	80	37	43	0	1	2	1	2	6	8	2	2	4	2	4	0	0	1	1	6	1	1	3	4	2	0	2	5	3	0	4	4	2	1	4
chr9	39073831	39073868	38	9	0	38	20	18	5	2	1	0	1	1	2	3	2	1	1	1	0	0	0	0	1	1	1	1	2	0	0	0	3	0	1	1	1	1	1	2
chr9	39073869	39074189	321	9	0	321	190	131	41	6	12	7	8	14	12	9	8	6	17	10	8	4	14	12	8	4	4	14	9	5	1	7	11	7	4	16	15	6	1	19
chr9	39074190	39074229	40	8	0	40	26	14	4	1	2	3	3	1	1	1	1	0	1	1	2	2	1	1	3	1	0	0	1	2	0	0	1	0	0	1	0	0	0	4
chr9	39074230	39074913	684	9	0	684	411	273	56	22	21	34	26	16	27	30	16	18	26	20	35	20	13	30	30	16	5	25	24	10	6	21	15	17	8	15	31	18	5	26
chr9	39074914	39074923	10	8	0	10	2	8	0	0	0	0	0	1	0	0	0	0	0	0	0	0	0	0	0	2	0	0	1	1	1	0	0	1	1	0	0	0	0	0
chr9	39074924	39075055	132	9	0	132	59	73	8	3	2	2	2	4	3	4	1	4	7	6	4	2	6	0	2	4	4	3	4	5	7	6	3	7	4	5	5	6	3	4
chr9	39075056	39075099	44	8	0	44	21	23	1	1	2	1	1	1	1	0	1	1	1	1	1	2	1	4	1	0	1	3	0	1	4	0	1	3	4	0	1	0	1	2
chr9	39075100	39075658	559	9	0	559	358	201	52	4	25	43	17	12	23	26	26	11	13	15	29	19	12	29	22	11	2	11	17	9	2	16	16	11	0	19	23	13	2	27
chr9	39075659	39075702	44	8	0	44	28	16	3	2	3	1	0	2	0	1	5	0	0	1	1	0	2	5	0	1	1	2	3	2	1	0	0	0	0	0	0	3	0	3
chr9	39075703	39076019	317	9	0	317	189	128	24	8	15	18	13	10	11	11	14	7	10	5	15	9	8	10	15	3	4	12	9	7	1	11	10	7	3	9	11	11	2	12
chr9	39076027	39076163	137	9	0	137	72	65	7	4	9	4	3	3	6	2	10	3	5	4	4	2	2	2	3	1	4	4	5	6	2	6	2	4	1	5	6	8	1	7
chr9	39076164	39076189	26	9	0	26	18	8	1	0	1	4	3	0	1	0	1	0	0	0	1	1	0	4	1	0	0	0	2	0	0	0	1	0	0	1	0	1	0	1
chr9	39076195	39076344	150	9	0	150	88	62	15	7	5	8	10	3	4	8	8	3	2	3	2	4	5	1	6	5	3	3	5	3	1	4	7	2	1	5	7	3	1	4
chr9	39076345	39076390	46	9	0	46	34	12	8	0	1	7	4	0	0	2	0	0	0	5	4	0	2	0	0	0	0	0	1	0	0	2	1	1	0	0	4	2	0	0
chr9	39076405	39076431	27	9	0	27	19	8	2	0	1	2	1	1	0	3	0	1	0	1	2	0	1	3	1	1	0	0	1	0	0	0	2	0	0	0	1	0	0	1
chr9	39076432	39076580	149	9	0	149	104	45	19	7	4	11	3	4	7	6	9	3	3	5	10	3	3	6	7	2	0	8	3	1	0	3	0	0	0	0	10	4	0	6
chr9	39076581	39076591	11	8	0	11	9	2	3	1	0	2	1	0	0	0	1	0	0	0	0	0	0	0	1	0	0	0	0	0	0	0	0	0	0	0	0	0	0	0
chr9	39076592	39076686	95	9	0	95	64	31	6	5	4	7	6	2	3	3	5	2	4	1	5	3	3	5	7	0	0	5	1	0	0	1	3	0	0	1	3	2	0	6
chr9	39076687	39076727	41	9	0	41	17	24	1	0	1	1	1	2	1	4	0	0	1	1	1	1	2	0	1	1	0	1	2	1	2	2	3	5	0	2	1	1	0	0
chr9	39076728	39076737	10	9	0	10	3	7	0	0	1	0	1	0	0	0	0	0	1	0	0	0	0	0	0	0	0	0	1	0	0	1	0	2	0	0	0	1	0	0
chr9	39076738	39076950	213	9	0	213	95	118	9	2	4	5	4	11	10	5	3	5	13	6	4	4	6	4	2	8	5	6	13	7	4	8	9	10	6	11	6	8	5	8
chr9	39076952	39076966	15	9	0	15	11	4	3	2	0	0	3	0	0	0	0	0	1	0	0	0	0	0	2	0	0	0	0	0	0	0	0	0	0	0	1	0	0	1
chr9	39076967	39076996	30	9	0	30	24	6	1	1	0	7	2	1	0	1	2	0	1	1	5	0	0	1	1	0	0	1	0	0	0	0	0	0	0	0	3	0	0	0
chr9	39076998	39077122	125	9	0	125	94	31	26	4	8	11	4	3	1	4	7	0	1	0	12	0	3	9	1	3	0	3	3	0	0	1	5	1	0	6	4	0	0	3
chr9	39077124	39077141	18	9	0	18	13	5	2	1	1	1	0	0	0	1	1	0	0	0	1	0	2	1	1	0	0	0	0	0	0	1	0	1	0	1	0	0	0	1
chr9	39077143	39077251	109	9	0	109	76	33	9	4	5	9	5	3	3	6	4	2	0	2	10	5	2	5	9	0	0	5	2	1	0	2	3	1	0	2	3	3	0	2
chr9	39077257	39077550	294	9	0	294	136	158	16	5	7	9	4	13	16	3	6	5	15	8	12	6	6	4	8	7	4	10	11	10	8	16	9	18	12	11	8	10	8	7
chr9	39077552	39077575	24	9	0	24	17	7	7	4	0	0	4	0	0	0	0	1	1	0	0	0	0	0	3	0	0	0	0	0	0	0	0	0	0	0	1	0	0	1
chr9	39077576	39077592	17	8	0	17	13	4	4	4	0	0	3	0	0	0	0	0	0	0	0	0	0	0	4	0	0	0	0	0	0	0	0	0	0	0	0	0	0	0
chr9	39077593	39077766	174	9	0	174	114	60	13	6	8	11	7	4	5	9	7	6	3	4	10	7	3	10	8	4	2	9	4	2	2	2	2	0	0	4	11	5	0	4
chr9	39077768	39077908	141	9	0	141	91	50	15	5	5	13	6	0	8	4	11	1	1	1	6	4	4	6	6	1	0	3	1	5	1	4	4	2	0	8	6	3	1	4
chr9	39077910	39078440	531	9	0	531	273	258	27	17	14	18	22	24	24	14	14	9	29	14	13	8	9	16	19	21	5	13	21	14	9	25	19	23	6	16	25	12	6	23
chr9	39078442	39078481	40	9	0	40	20	20	1	2	1	1	1	0	3	1	3	2	1	1	0	1	1	0	2	2	1	0	2	2	0	3	0	0	0	0	1	3	1	2
chr9	39078482	39078527	46	9	0	46	31	15	4	2	1	5	3	3	0	1	0	0	0	2	5	1	2	2	3	0	1	0	1	0	0	0	1	1	1	3	2	0	0	0
chr9	39078528	39078992	465	9	0	465	174	291	26	6	14	10	7	19	21	7	16	11	16	4	8	1	4	3	16	8	5	8	10	36	32	18	15	36	44	15	12	16	5	14
chr9	39078993	39079038	46	9	0	46	18	28	0	1	2	0	1	1	2	0	2	3	5	0	0	0	0	0	1	2	1	1	1	2	1	5	0	0	1	1	1	5	3	2
chr9	39079040	39079087	48	9	0	48	22	26	1	1	2	1	0	3	2	0	3	1	4	1	1	1	0	0	1	3	2	1	1	2	1	5	0	0	0	0	3	3	1	2
chr9	39079089	39079193	105	9	0	105	59	46	6	6	5	3	4	1	7	4	6	1	3	2	4	1	2	3	3	2	1	3	4	1	0	4	6	4	0	5	4	2	1	5
chr9	39079195	39079239	45	9	0	45	33	12	7	1	1	6	0	0	1	4	1	0	1	1	7	1	0	1	1	0	0	0	2	0	0	1	2	2	0	0	0	1	0	2
chr9	39079241	39079552	312	9	0	312	209	103	24	4	14	28	10	2	11	13	12	3	9	17	22	5	7	26	6	0	0	8	6	4	2	6	10	6	3	11	14	8	3	16
chr9	39079554	39079580	27	9	0	27	22	5	4	2	1	3	0	0	1	1	0	0	1	0	7	0	0	0	1	0	0	1	0	0	0	0	1	0	0	1	0	0	0	1
chr9	39079582	39079676	95	9	0	95	72	23	13	2	2	10	2	3	2	2	3	3	1	3	9	2	6	9	4	1	0	5	2	0	0	0	0	0	0	0	3	1	0	5
chr9	39079678	39079737	60	9	0	60	42	18	14	2	5	3	1	0	3	0	5	0	0	1	4	0	0	2	0	1	0	1	1	1	0	4	2	0	0	2	1	4	0	1
chr9	39079739	39079784	46	9	0	46	26	20	3	2	1	2	4	1	0	2	1	0	5	2	0	0	2	0	1	0	0	2	0	2	0	2	0	1	0	3	6	1	0	1
chr9	39079785	39079808	24	9	0	24	16	8	2	2	1	0	0	2	1	1	2	0	0	0	1	0	0	3	3	0	0	1	0	0	0	1	0	0	0	0	2	0	0	0
chr9	39079809	39080616	808	9	0	808	463	345	61	23	36	34	34	24	28	27	37	17	37	29	23	16	17	18	25	26	3	26	41	30	3	25	13	11	4	18	34	32	4	50
chr9	39080622	39080680	59	9	0	59	45	14	21	1	2	3	0	1	1	1	2	1	1	1	3	1	3	1	2	1	0	1	0	1	0	2	1	1	0	0	1	0	0	4
chr9	39080681	39080721	41	9	0	41	16	25	0	0	0	0	0	3	4	1	0	2	5	1	0	0	0	0	1	0	0	4	4	2	0	1	2	1	0	1	1	3	0	3
chr9	39080726	39080753	28	9	0	28	10	18	0	1	0	0	1	1	1	0	0	0	4	1	0	0	0	0	0	1	0	1	0	0	2	2	2	2	1	1	1	2	1	1
chr9	39080756	39080868	113	9	0	113	60	53	10	1	2	5	4	6	4	3	2	2	4	2	2	6	5	1	5	5	1	4	6	4	1	4	4	3	1	4	2	4	1	3
chr9	39080870	39080915	46	9	0	46	20	26	0	0	2	0	3	2	2	0	0	3	2	4	0	0	0	0	1	3	1	0	3	1	1	3	1	3	0	0	2	1	2	4
chr9	39080917	39081032	116	9	0	116	62	54	10	4	4	6	5	2	7	3	3	2	6	2	6	1	0	1	4	2	0	3	4	3	2	5	3	7	2	4	6	3	0	4
chr9	39081033	39081075	43	9	0	43	35	8	5	1	4	5	0	0	0	3	2	1	0	2	7	1	1	1	1	0	0	2	0	0	0	0	0	0	0	0	2	0	0	3
chr9	39081079	39081118	40	9	0	40	28	12	6	1	4	1	1	0	2	1	3	0	0	1	2	1	0	5	1	0	0	1	1	0	0	1	0	0	0	2	1	1	0	2
chr9	39081121	39081482	362	9	0	362	205	157	18	12	14	17	14	12	19	9	19	7	12	8	11	11	10	10	15	11	1	15	15	12	2	12	9	8	0	11	16	10	3	17
chr9	39081483	39081533	51	8	0	51	29	22	5	2	2	2	3	2	2	3	2	1	0	1	1	0	0	2	2	1	1	1	2	2	0	2	3	2	0	1	3	1	0	0
chr9	39081534	39081730	197	9	0	197	122	75	21	5	10	9	11	5	6	4	9	7	3	6	4	4	7	9	7	3	3	9	9	5	0	4	4	5	0	1	7	5	1	12
chr9	39081731	39081756	26	8	0	26	14	12	0	0	1	1	1	2	2	0	1	2	0	0	0	2	1	1	3	0	0	2	0	0	0	0	2	0	0	0	0	1	0	2
chr9	39081757	39081848	92	9	0	92	41	51	2	0	1	4	3	6	4	5	1	2	4	3	1	2	3	0	4	3	1	2	6	2	2	5	3	8	0	3	5	2	1	2
chr9	39081849	39081929	81	8	0	81	45	36	9	2	1	1	2	2	2	4	1	2	3	6	2	2	3	1	2	4	1	1	4	3	2	3	0	2	1	1	5	3	0	4
chr9	39081930	39082035	106	9	0	106	45	61	6	1	2	3	2	5	6	3	2	1	7	0	1	2	3	0	1	4	1	3	5	5	4	5	6	8	1	7	4	3	0	3
chr9	39082036	39082201	166	8	0	166	112	54	27	6	3	11	5	6	5	4	4	2	9	5	11	4	5	4	5	0	1	12	4	1	0	2	1	3	1	3	10	3	2	5
chr9	39082202	39082461	260	9	0	260	163	97	14	8	14	14	12	7	9	10	11	9	5	14	13	4	9	10	10	4	2	11	9	3	0	5	6	2	0	4	13	7	2	17
chr9	39082462	39082527	66	8	0	66	47	19	17	3	3	2	2	2	0	1	3	1	1	2	2	0	3	3	2	3	0	1	1	2	0	3	0	0	0	0	2	1	0	4
chr9	39082528	39082554	27	9	0	27	16	11	1	1	1	2	2	1	0	2	1	0	1	1	1	1	0	0	1	1	0	0	2	0	0	1	1	1	0	0	1	1	0	1
chr9	39082555	39082665	111	9	0	111	59	52	3	2	9	3	9	4	5	4	3	2	6	1	2	1	1	2	3	1	0	5	4	1	0	3	9	5	0	8	7	1	0	5
chr9	39082666	39082700	35	8	0	35	16	19	1	1	2	0	1	0	1	2	1	3	1	1	1	0	0	1	1	2	0	0	1	4	0	3	0	0	0	0	2	3	0	1
chr9	39082701	39082760	60	9	0	60	33	27	3	3	3	2	4	3	2	0	2	1	2	2	2	1	1	0	3	1	0	4	2	2	1	1	3	0	0	3	1	3	1	2
chr9	39082761	39082814	54	8	0	54	20	34	1	1	1	0	0	5	6	2	2	0	0	2	0	0	0	0	1	3	0	2	4	3	1	3	6	4	0	1	2	1	0	1
chr9	39082815	39082871	57	9	0	57	28	29	3	2	4	2	4	1	3	2	3	0	2	0	1	0	0	0	1	0	1	1	1	2	0	4	5	4	0	4	3	1	1	0
chr9	39082872	39082885	14	8	0	14	7	7	0	0	0	0	0	1	0	2	0	0	1	0	0	1	1	0	1	0	0	1	1	0	0	0	1	1	0	0	1	0	0	0
chr9	39082886	39083024	139	9	0	139	85	54	14	7	4	5	5	2	7	5	3	5	3	4	8	4	5	2	10	5	1	2	5	3	0	5	2	0	0	6	3	5	1	6
chr9	39083025	39083061	37	8	0	37	29	8	4	1	1	4	1	0	1	2	2	0	0	1	3	2	1	5	1	1	0	1	0	0	0	1	0	0	0	0	2	0	0	1
chr9	39083062	39083280	219	9	0	219	148	71	20	7	9	13	7	2	8	9	10	3	6	2	12	9	9	20	11	4	0	6	4	1	0	8	4	4	0	8	7	4	0	10
chr9	39083283	39083336	54	9	0	54	35	19	14	0	3	1	3	1	2	2	1	1	2	1	1	1	0	0	2	0	0	2	2	1	0	1	4	1	0	1	0	2	0	3
chr9	39083337	39083388	52	8	0	52	38	14	8	1	2	2	1	2	1	1	0	0	0	2	5	1	1	9	3	1	0	1	1	2	0	2	0	2	0	0	1	0	0	1
chr9	39083389	39083442	54	9	0	54	22	32	1	0	1	1	1	6	3	0	0	1	3	3	1	1	0	0	2	3	0	2	4	3	1	2	1	2	1	2	3	3	0	1
chr9	39083443	39083539	97	8	0	97	52	45	6	3	1	4	2	2	5	5	3	4	2	1	3	5	4	0	4	6	2	2	5	2	1	5	1	4	1	2	4	1	2	3
chr9	39083540	39083707	168	9	0	168	82	86	7	4	3	3	5	12	11	5	4	1	11	4	2	5	1	2	12	2	1	7	5	3	2	7	9	6	4	7	7	6	3	5
chr9	39083714	39084140	427	9	0	427	299	128	40	6	15	41	14	10	8	20	14	4	9	18	34	12	19	35	10	12	0	10	10	3	0	11	10	4	0	12	21	5	0	18
chr9	39084141	39084157	17	8	0	17	10	7	1	0	1	1	0	0	1	0	2	0	2	0	0	0	0	0	0	0	0	0	0	0	0	1	0	1	0	1	2	0	0	2
chr9	39084158	39084216	59	9	0	59	44	15	21	3	2	1	1	2	2	2	1	0	1	1	3	0	1	2	1	1	0	2	1	0	0	0	3	0	0	3	2	0	0	1
chr9	39084217	39084285	69	9	0	69	28	41	0	0	1	0	1	2	7	1	0	3	9	3	0	0	0	0	2	0	0	3	2	0	1	4	5	2	2	5	2	5	1	6
chr9	39084286	39084385	100	8	0	100	45	55	9	1	0	4	1	2	4	3	2	2	5	0	2	4	5	1	2	2	2	3	4	5	4	4	2	8	4	4	2	3	1	3
chr9	39084386	39084439	54	9	0	54	22	32	1	2	0	0	0	3	3	1	1	2	2	5	1	0	1	0	1	4	2	0	3	1	2	3	0	2	1	1	3	4	1	2
chr9	39084440	39084593	154	8	0	154	87	67	11	4	7	8	5	7	5	2	6	1	6	4	8	5	1	6	5	5	1	6	8	6	2	5	2	6	1	3	5	4	2	5
chr9	39084594	39084853	260	9	0	260	188	72	30	9	10	24	14	5	3	6	8	2	5	6	22	9	11	22	10	4	0	11	8	0	0	6	4	4	0	4	6	6	0	9
chr9	39084854	39084883	30	8	0	30	21	9	0	0	3	2	2	0	1	0	2	0	1	2	0	2	0	4	0	0	0	2	0	0	0	0	1	0	0	1	3	0	0	2
chr9	39084884	39084935	52	9	0	52	37	15	5	1	2	5	3	0	1	3	3	0	0	1	3	4	1	3	2	1	1	1	0	0	1	1	2	1	0	1	3	0	0	1
chr9	39084936	39084976	41	8	0	41	27	14	2	2	2	4	2	1	0	5	4	0	0	1	2	1	0	0	2	2	0	0	2	0	0	2	0	0	0	0	3	2	0	0
chr9	39084977	39085442	466	9	0	466	324	142	48	22	22	29	20	4	14	18	18	5	10	18	35	17	9	33	23	4	4	17	6	4	2	11	6	3	1	8	21	12	1	19
chr9	39085443	39085466	24	8	0	24	16	8	3	1	3	1	2	1	0	1	3	0	0	0	0	0	0	0	1	0	0	1	0	0	0	1	0	0	0	0	2	1	0	1
chr9	39085467	39085560	94	9	0	94	54	40	6	2	3	5	3	6	2	5	4	0	4	3	4	2	1	3	3	3	2	2	3	1	1	5	5	2	1	0	5	3	0	3
chr9	39085561	39085570	10	8	0	10	6	4	0	0	1	0	0	1	0	0	0	0	0	0	1	0	2	0	0	0	0	1	0	0	0	0	1	0	0	1	0	0	0	0
chr9	39085571	39085706	136	9	0	136	85	51	4	2	9	7	7	7	5	9	6	4	5	3	5	5	0	5	9	1	0	8	1	0	0	3	5	1	0	4	13	2	0	4
chr9	39085707	39085810	104	9	0	104	62	42	11	3	7	4	7	0	2	2	6	4	5	2	2	2	2	2	3	2	2	2	2	3	1	5	0	1	1	2	5	5	0	7
chr9	39085811	39085858	48	8	0	48	28	20	1	4	1	1	2	0	2	4	1	1	2	2	3	0	2	1	3	2	0	0	2	1	0	1	2	0	0	2	2	1	0	3
chr9	39085859	39085935	77	9	0	77	55	22	11	0	9	5	2	1	0	3	5	0	1	4	6	4	0	2	1	1	0	3	1	0	0	4	1	0	0	1	4	4	0	2
chr9	39085936	39086452	517	8	0	517	344	173	42	17	26	36	20	14	13	22	27	5	11	15	33	16	15	30	21	9	2	20	19	5	2	7	11	5	0	14	18	14	2	24
chr9	39086453	39086500	48	9	0	48	41	7	8	0	1	7	2	0	0	0	0	1	0	2	6	2	1	9	1	1	0	1	0	0	0	1	0	0	0	0	2	0	0	1
chr9	39086501	39089339	2839	8	0	2839	1829	1010	270	94	106	174	107	66	86	123	101	41	97	90	166	73	79	155	110	55	10	99	82	43	13	73	78	45	10	63	112	68	15	133
chr9	39089340	39089379	40	9	0	40	25	15	2	1	2	1	2	0	0	6	2	0	0	2	0	3	1	2	2	2	0	0	2	0	0	1	2	0	0	1	2	1	0	1
chr9	39089380	39090235	856	8	0	856	534	322	89	25	18	59	32	30	30	28	26	12	26	20	44	20	25	49	35	19	10	23	35	13	3	23	21	20	10	25	29	22	5	28
chr9	39090236	39090309	74	9	0	74	53	21	6	1	5	7	4	0	1	3	2	2	2	2	7	2	2	6	2	1	0	2	0	1	0	1	3	0	0	2	3	0	0	5
chr9	39090311	39090385	75	9	0	75	52	23	9	6	5	1	1	1	1	4	6	0	3	1	6	1	2	3	4	1	0	3	3	2	0	0	0	0	0	0	0	2	0	8
chr9	39090387	39090857	471	9	0	471	315	156	37	7	16	40	17	7	18	23	21	10	12	16	26	18	13	33	17	8	0	17	17	5	0	7	9	7	1	9	22	9	1	26
chr9	39090858	39090887	30	9	0	30	22	8	5	1	2	1	1	1	1	1	3	0	0	0	1	0	1	2	1	0	0	2	0	0	0	0	1	0	0	1	2	0	0	1
chr9	39090888	39090943	56	9	0	56	42	14	9	3	2	4	3	0	0	5	3	0	0	1	3	2	2	4	4	0	0	0	1	0	0	0	2	0	0	2	1	1	0	2
chr9	39090945	39091069	125	9	0	125	94	31	21	7	1	14	9	2	5	2	5	0	0	2	8	6	3	7	9	3	0	3	3	0	0	0	3	0	0	3	4	0	0	3
chr9	39091071	39091170	100	9	0	100	75	25	19	3	5	7	3	0	0	4	6	1	2	6	5	1	5	7	2	0	0	2	2	1	0	2	0	0	0	0	3	4	0	8
chr9	39091174	39091266	93	9	0	93	61	32	13	2	2	5	3	1	4	3	6	2	4	1	1	4	6	3	3	1	0	5	1	0	0	3	2	3	0	1	5	0	0	7
chr9	39091268	39091288	21	9	0	21	16	5	5	0	2	0	1	0	0	0	2	0	0	2	1	0	1	0	0	0	0	0	0	0	0	1	0	0	0	0	1	1	0	2
chr9	39091290	39091304	15	9	0	15	12	3	3	0	1	1	0	0	1	0	1	1	0	0	2	0	0	0	0	0	0	1	0	0	0	0	0	0	0	0	1	0	0	1
chr9	39091306	39091328	23	9	0	23	19	4	3	0	0	3	0	0	0	1	0	0	1	0	3	0	2	4	0	0	0	1	0	0	0	0	0	0	0	2	1	0	0	0
chr9	39091329	39091400	72	8	0	72	55	17	12	4	1	7	3	0	2	1	3	2	1	1	7	2	3	4	2	1	1	4	1	0	0	1	0	0	0	0	3	1	1	2
chr9	39091402	39091418	17	8	0	17	10	7	1	1	1	0	1	0	0	3	1	0	0	1	0	0	0	0	1	0	0	0	1	0	0	1	0	0	0	0	1	2	0	0
chr9	39091419	39091450	32	9	0	32	22	10	5	0	1	1	1	0	2	2	1	1	1	2	1	1	1	1	0	0	0	2	0	0	0	0	2	0	0	0	3	0	0	2
chr9	39091452	39091727	276	8	0	276	194	82	23	7	11	18	10	4	11	10	10	7	1	12	16	11	9	34	14	5	0	10	8	3	0	4	1	1	0	4	11	6	0	13
chr9	39091729	39091772	44	8	0	44	32	12	11	1	4	2	2	0	0	1	4	0	3	0	1	0	0	1	0	0	0	1	1	0	0	1	1	0	0	1	1	2	0	4
chr9	39091773	39091873	101	8	0	101	74	27	10	5	4	7	6	0	3	2	3	1	0	6	6	2	4	13	1	2	0	5	3	1	0	1	1	1	0	2	6	1	0	3
chr9	39091875	39091897	23	8	0	23	19	4	2	0	1	4	0	1	0	0	0	0	0	0	5	1	0	4	1	1	0	0	1	0	0	0	0	0	0	0	0	0	0	0
chr9	39091899	39092323	425	8	0	425	303	122	52	20	18	36	21	5	9	12	21	8	9	8	32	13	14	24	20	6	3	17	9	0	0	12	4	3	0	1	13	12	1	20
chr9	39092325	39092367	43	8	0	43	27	16	11	2	1	2	1	1	2	1	2	1	0	0	1	0	0	1	0	4	0	0	3	1	0	2	1	1	0	0	1	1	0	1
chr9	39092369	39092788	420	8	0	420	297	123	48	19	15	34	17	13	7	19	22	2	8	11	28	11	14	27	29	7	1	8	5	4	1	9	5	1	1	9	17	7	1	18
chr9	39092789	39092876	88	8	0	88	60	28	10	3	5	6	2	1	4	1	8	1	2	1	4	3	3	6	2	2	0	4	1	0	0	5	0	0	0	0	4	3	0	5
chr9	39092878	39092937	60	8	0	60	44	16	5	3	2	6	4	0	1	1	0	0	1	1	6	1	1	10	2	0	0	2	1	3	0	1	2	1	0	1	1	1	0	1
chr9	39092939	39093000	62	8	0	62	46	16	12	5	3	1	1	1	1	1	2	0	1	1	7	1	4	3	2	1	0	4	0	1	0	2	1	0	0	1	1	1	0	2
chr9	39093002	39093382	381	8	0	381	270	111	50	12	18	29	19	6	6	14	19	6	5	11	22	12	11	28	18	7	0	11	10	8	0	6	5	2	0	3	12	7	2	20
chr9	39093383	39093434	52	8	0	52	41	11	5	1	1	8	1	1	1	3	2	0	0	0	7	1	1	7	0	1	0	2	2	0	0	0	2	1	0	1	2	0	0	0
chr9	39093435	39093480	46	8	0	46	32	14	5	1	1	6	5	3	0	1	1	0	1	2	1	1	0	2	3	2	0	0	1	1	0	1	2	0	0	0	3	0	0	1
chr9	39093482	39093741	260	8	0	260	172	88	10	7	8	20	12	1	8	17	7	5	8	10	16	9	7	25	12	4	0	6	8	6	0	5	5	4	0	7	13	5	0	13
chr9	39093743	39093772	30	8	0	30	23	7	4	1	0	4	2	1	0	3	1	0	0	1	2	1	1	0	3	0	0	1	0	0	0	0	0	0	0	0	3	0	0	0
chr9	39093774	39094052	279	8	0	279	191	88	25	16	11	21	17	8	6	5	15	1	6	3	16	11	11	18	15	5	0	16	10	2	0	2	5	3	0	4	6	5	2	12
chr9	39094053	39094162	110	8	0	110	77	33	9	4	4	8	6	1	1	6	4	2	4	5	7	4	4	7	4	1	1	5	1	0	0	2	1	1	0	2	8	1	1	4
chr9	39094163	39094234	72	8	0	72	49	23	8	3	5	3	7	1	0	2	2	4	2	2	3	1	1	3	6	0	0	3	3	0	0	1	0	0	0	0	2	4	0	4
chr9	39094236	39094257	22	8	0	22	18	4	0	1	0	2	0	0	0	1	1	0	0	1	3	0	3	4	1	0	0	1	0	0	0	0	0	0	0	0	0	0	0	2
chr9	39094259	39094357	99	8	0	99	69	30	8	4	4	6	6	4	3	3	3	1	3	6	5	3	1	7	8	1	0	3	2	0	0	1	2	0	0	0	4	2	0	7
chr9	39094363	39094386	24	8	0	24	20	4	5	0	1	3	1	0	0	0	0	1	0	1	2	0	1	3	0	0	0	1	1	0	0	0	0	0	0	0	0	1	0	1
chr9	39094388	39094611	224	8	0	224	153	71	31	11	12	11	13	5	3	7	8	2	1	12	14	3	8	10	7	5	1	8	6	5	1	5	6	3	0	1	9	4	0	10
chr9	39094613	39094660	48	8	0	48	34	14	2	2	2	3	4	0	1	4	1	3	0	3	2	2	1	2	5	0	0	2	0	0	0	0	0	0	0	0	5	0	0	2
chr9	39094662	39095198	537	8	0	537	378	159	69	22	27	48	31	8	9	15	32	5	9	16	33	9	15	29	17	7	2	17	13	8	1	9	9	5	0	8	24	11	1	26
chr9	39095199	39095237	39	8	0	39	29	10	7	1	2	5	0	0	2	0	3	0	1	0	5	0	0	3	1	0	0	0	0	0	0	0	0	0	1	3	1	0	0	2
chr9	39095238	39095287	50	8	0	50	32	18	2	1	3	1	0	0	2	1	2	0	5	3	3	2	2	5	1	1	0	1	0	0	0	1	0	1	0	1	2	0	0	8
chr9	39095288	39095312	25	8	0	25	16	9	2	0	2	3	2	0	0	1	3	0	0	1	0	0	1	1	0	0	0	0	1	0	0	1	1	1	0	0	1	1	0	1
chr9	39095313	39095394	82	8	0	82	53	29	5	2	7	3	2	1	3	3	5	1	1	1	5	4	3	5	1	2	0	6	4	1	0	1	2	1	0	3	2	2	0	4
chr9	39095395	39095441	47	8	0	47	31	16	4	2	3	2	1	2	0	3	3	0	1	1	4	2	0	2	2	1	2	1	1	0	1	0	0	0	0	2	3	1	0	1
chr9	39095442	39095563	122	8	0	122	87	35	22	9	4	5	6	1	2	6	7	0	3	2	5	1	3	9	4	2	0	5	2	1	0	5	2	2	0	0	7	3	0	2
chr9	39095564	39095681	118	8	0	118	80	38	11	5	2	11	6	2	4	5	5	1	3	7	7	2	3	5	6	1	0	3	2	3	0	4	1	0	0	1	7	5	0	4
chr9	39095682	39095715	34	8	0	34	25	9	5	1	1	2	1	1	0	0	1	1	0	0	2	1	1	8	0	2	1	0	1	0	0	1	0	0	0	0	1	0	0	1
chr9	39095716	39095851	136	8	0	136	100	36	11	4	9	11	5	2	2	4	6	1	3	5	13	3	6	14	5	1	0	4	0	0	0	1	4	0	0	6	4	0	0	10
chr9	39095852	39095942	91	8	0	91	71	20	23	4	3	7	4	0	1	3	3	0	2	3	7	1	1	9	1	2	0	1	3	1	0	0	2	0	0	0	2	1	0	5
chr9	39095943	39096033	91	8	0	91	64	27	9	4	4	5	3	1	1	4	4	3	5	0	6	2	4	7	4	3	0	4	3	0	0	1	0	0	0	0	2	1	0	9
chr9	39096034	39096061	28	8	0	28	16	12	1	0	2	2	1	0	2	1	2	0	1	0	1	2	0	1	1	0	0	1	0	0	0	2	1	1	0	2	1	1	0	0
chr9	39096062	39096302	241	8	0	241	176	65	28	6	8	19	8	7	7	6	7	3	3	3	18	9	8	35	15	4	0	6	3	3	0	5	6	2	0	4	4	1	0	11
chr9	39096303	39096444	142	8	0	142	99	43	17	7	5	10	4	1	4	2	8	0	2	3	10	6	8	10	4	2	4	5	0	2	0	7	3	1	0	2	4	4	0	5
chr9	39096445	39096644	200	8	0	200	140	60	16	11	4	15	9	4	5	10	8	1	3	9	13	7	7	16	11	5	0	7	5	3	0	5	1	0	0	1	11	5	0	6
chr9	39096645	39096747	103	8	0	103	63	40	8	4	6	4	3	3	4	5	8	2	3	3	3	1	2	4	5	2	0	3	3	1	1	3	1	2	0	1	6	2	0	8
chr9	39096748	39096889	142	8	0	142	96	46	18	4	11	5	6	3	6	3	7	3	2	6	7	3	1	10	7	0	1	5	3	0	0	3	1	2	1	4	7	4	0	7
chr9	39096890	39096929	40	8	0	40	30	10	5	0	1	6	1	0	1	1	1	0	0	3	6	1	1	2	1	0	0	0	1	3	0	0	0	0	0	0	1	0	0	3
chr9	39096930	39096986	57	8	0	57	40	17	12	2	1	4	2	0	2	1	4	0	4	2	1	0	0	3	1	2	0	0	2	0	0	2	0	0	0	0	3	2	0	5
chr9	39096987	39097044	58	8	0	58	41	17	3	1	1	5	2	2	2	2	2	1	1	4	3	2	1	8	2	1	2	1	1	0	0	0	1	0	0	1	4	0	0	3
chr9	39097045	39097094	50	8	0	50	39	11	6	0	1	6	0	0	2	2	4	0	2	2	3	2	1	6	2	0	0	0	0	0	0	1	0	0	0	0	2	1	0	5
chr9	39097095	39097119	25	8	0	25	15	10	1	1	3	0	4	0	1	0	1	1	0	2	0	0	0	0	0	0	0	1	0	0	0	0	2	0	0	2	3	0	0	1
chr9	39097120	39097181	62	8	0	62	41	21	7	4	5	1	2	0	2	1	3	0	5	1	6	1	0	1	1	0	0	4	2	1	0	1	0	1	0	1	2	2	0	6
chr9	39097182	39097240	59	8	0	59	40	19	1	1	5	5	2	1	1	3	2	0	1	3	6	2	1	5	0	1	0	3	3	0	0	0	3	1	0	2	1	1	0	3
chr9	39097241	39097321	81	8	0	81	43	38	4	3	3	3	4	2	3	2	4	0	5	1	0	3	3	2	3	3	0	2	5	4	0	4	0	3	0	3	3	3	0	4
chr9	39097322	39097351	30	8	0	30	13	17	0	0	1	1	0	3	3	1	2	0	2	0	0	0	0	0	2	0	0	1	1	1	0	1	2	1	0	3	2	0	0	1
chr9	39097352	39097501	150	8	0	150	76	74	7	4	10	3	7	7	7	0	4	1	10	1	5	7	2	0	7	4	0	8	6	5	0	12	6	6	0	4	2	8	0	5
chr9	39097502	39097665	164	8	0	164	81	83	5	4	7	4	5	5	14	5	8	6	5	3	2	4	2	2	8	6	1	4	10	7	0	7	6	2	1	7	4	8	0	10
chr9	39097666	39097694	29	8	0	29	13	16	1	1	0	0	0	0	1	0	1	1	4	0	0	2	2	0	0	3	0	1	1	1	0	4	0	0	0	0	0	2	0	2
chr9	39097695	39097760	66	8	0	66	32	34	0	0	3	0	1	2	1	3	2	1	4	2	0	1	4	7	0	1	1	2	5	3	1	2	1	2	0	6	2	5	0	2
chr9	39097761	39097852	92	8	0	92	60	32	6	2	4	8	3	1	1	5	3	2	5	3	8	2	2	4	3	1	0	3	2	2	0	4	1	2	0	1	5	3	0	4
chr9	39097853	39098204	352	8	0	352	227	125	41	13	18	18	13	3	12	10	19	4	16	7	18	12	11	11	11	9	1	11	10	2	0	14	5	6	0	9	12	8	3	23
chr9	39098214	39098307	94	8	0	94	70	24	12	4	4	6	3	8	0	4	3	0	1	2	9	4	1	8	11	1	0	3	1	0	0	1	0	0	0	0	3	1	0	2
chr9	39098308	39098355	48	8	0	48	32	16	5	1	1	3	3	1	1	3	0	1	0	4	2	1	0	5	3	1	0	0	2	4	0	0	0	0	0	0	3	0	0	2
chr9	39098356	39098644	289	8	0	289	194	95	24	6	12	24	9	7	6	14	12	3	7	11	21	7	9	21	7	4	0	12	15	4	0	5	6	3	0	5	9	13	0	11
chr9	39098645	39098785	141	8	0	141	94	47	18	1	6	11	7	5	4	6	6	4	5	6	5	1	4	4	7	2	0	2	1	0	0	3	5	1	0	4	9	2	0	10
chr9	39098786	39098851	66	8	0	66	44	22	8	2	3	2	1	3	4	0	0	1	1	1	8	2	3	3	4	0	0	4	1	1	0	1	2	2	0	4	1	0	0	2
chr9	39098852	39098912	61	8	0	61	45	16	5	3	2	5	3	1	1	3	2	0	2	2	4	3	2	5	4	1	0	2	0	0	0	1	0	0	0	2	4	0	0	2
chr9	39098913	39098984	72	8	0	72	56	16	17	0	5	5	0	0	3	0	2	2	1	1	6	5	1	6	1	0	0	6	0	1	0	2	0	0	0	0	2	2	0	2
chr9	39098985	39099117	133	8	0	133	53	80	2	2	2	2	4	6	8	1	3	2	13	3	0	2	2	0	0	3	1	8	4	8	6	6	10	6	2	4	5	7	2	7
chr9	39099118	39099342	225	8	0	225	118	107	16	4	9	7	8	9	11	9	7	3	9	7	5	6	4	3	8	7	2	5	11	6	1	11	7	11	2	9	12	5	1	8
chr9	39099343	39099466	124	8	0	124	87	37	13	4	8	8	5	3	3	4	6	4	1	3	9	1	4	10	5	0	0	7	0	2	0	4	1	2	0	1	8	2	0	4
chr9	39099467	39099583	117	8	0	117	69	48	9	4	5	7	10	1	3	1	2	5	5	1	5	2	4	3	6	1	3	2	3	3	0	5	3	4	0	5	4	3	1	5
chr9	39099593	39099677	85	8	0	85	59	26	9	5	2	7	5	0	4	3	4	1	2	3	6	3	2	1	5	1	0	3	1	0	0	2	2	0	0	2	4	2	0	4
chr9	39099679	39100053	375	8	0	375	212	163	18	9	15	20	10	12	18	14	18	8	15	9	16	6	7	17	12	11	2	10	14	13	1	17	14	8	2	7	14	14	1	21
chr9	39100054	39100074	21	8	0	21	10	11	1	0	2	0	0	2	1	0	2	1	1	0	0	0	0	0	1	0	0	1	1	0	0	0	0	1	0	1	1	1	0	2
chr9	39100075	39100279	205	8	0	205	116	89	15	8	3	11	9	9	8	9	9	5	6	5	4	2	4	7	12	5	3	4	9	3	4	8	7	8	0	1	7	8	1	9
chr9	39100280	39100506	227	8	0	227	162	65	25	12	13	16	9	8	3	13	15	4	2	1	17	5	6	12	17	3	0	10	3	0	0	5	1	1	0	2	11	4	0	7
chr9	39100507	39100611	105	8	0	105	84	21	12	3	3	14	3	2	0	8	7	0	0	2	11	1	1	15	3	2	0	1	3	0	0	1	2	0	0	0	5	2	0	2
chr9	39100612	39100694	83	8	0	83	46	37	8	1	7	2	3	4	0	2	5	2	4	1	3	1	1	1	2	2	0	4	4	4	1	5	1	1	0	0	2	7	0	3
chr9	39100695	39100897	203	8	0	203	121	82	12	8	3	12	8	6	8	14	9	4	10	2	7	8	6	2	13	7	0	6	5	3	0	9	9	1	1	3	9	6	1	9
chr9	39100898	39100936	39	8	0	39	20	19	3	1	0	3	1	1	2	0	2	0	3	1	1	0	1	0	0	1	0	1	2	1	1	2	2	1	0	1	0	3	1	2
chr9	39100937	39101001	65	8	0	65	31	34	2	1	3	3	3	4	4	0	3	0	0	4	1	0	2	1	1	2	0	2	4	6	0	2	0	5	0	3	5	0	0	2
chr9	39101002	39101043	42	8	0	42	26	16	2	0	0	6	1	2	1	3	4	0	0	2	1	1	2	0	0	2	0	0	1	0	1	1	2	0	1	1	4	1	0	1
chr9	39101044	39101266	223	8	0	223	130	93	14	8	12	8	8	9	3	10	10	4	6	6	10	6	10	6	9	8	2	7	9	5	1	11	3	3	1	6	9	10	0	7
chr9	39101267	39101313	47	8	0	47	26	21	1	2	2	1	1	3	1	1	2	0	0	1	1	5	3	1	2	3	2	2	2	2	0	2	1	0	0	1	1	1	0	1
chr9	39101314	39101380	67	8	0	67	46	21	5	2	1	9	3	1	2	2	1	1	0	5	8	1	3	2	2	1	0	2	2	1	0	3	2	0	0	0	2	3	0	1
chr9	39101381	39101436	56	8	0	56	38	18	5	2	5	2	1	3	1	1	2	0	3	1	7	1	2	0	4	0	0	3	0	0	0	1	0	0	0	4	2	1	0	3
chr9	39101437	39101858	422	8	0	422	233	189	26	15	16	14	12	14	22	9	16	7	20	13	17	4	9	18	13	9	0	17	17	10	6	14	13	8	7	18	15	20	3	18
chr9	39101859	39101884	26	8	0	26	14	12	1	2	1	1	2	1	0	2	2	1	0	0	0	0	0	0	1	2	0	1	2	3	0	0	0	0	0	0	2	0	0	0
chr9	39101885	39102289	405	8	0	405	196	209	18	9	5	10	10	18	29	9	6	7	22	18	9	10	8	7	14	16	3	11	21	10	5	21	11	20	8	15	20	12	4	17
chr9	39102290	39102299	10	9	0	10	8	2	4	1	0	0	2	0	0	0	0	0	0	0	0	0	0	0	1	0	0	0	0	0	0	0	0	0	0	0	0	0	0	0
chr9	39102300	39102313	14	9	0	14	11	3	3	3	0	0	3	0	0	0	0	0	0	0	0	0	0	0	3	0	0	0	0	0	0	0	0	0	0	0	0	0	0	0
chr9	39102315	39102327	13	9	0	13	10	3	2	0	1	1	1	0	0	1	1	1	0	0	0	0	0	0	1	0	0	0	0	0	0	0	0	0	0	0	1	0	0	1
chr9	39102328	39102400	73	8	0	73	42	31	1	4	4	2	5	2	5	0	2	0	1	1	3	4	3	4	3	4	0	3	3	0	0	3	4	0	0	6	1	2	0	1
chr9	39102401	39102437	37	8	0	37	22	15	0	3	1	0	3	1	3	1	1	0	2	1	1	2	0	1	3	0	0	3	1	0	0	0	2	1	0	1	2	0	0	2
chr9	39102438	39103214	777	8	0	777	458	319	56	25	22	42	28	27	36	25	32	19	30	17	30	16	18	34	32	20	12	23	26	19	5	22	19	11	3	29	39	22	4	32
chr9	39103215	39103262	48	8	0	48	30	18	2	0	2	4	0	1	0	4	2	1	1	1	4	3	2	1	2	0	2	1	1	1	0	2	2	1	0	1	2	2	0	1
chr9	39103263	39103356	94	8	0	94	51	43	8	3	3	5	2	5	6	2	4	0	2	2	5	2	0	1	4	3	0	3	5	4	1	3	4	4	0	3	3	2	1	2
chr9	39103357	39103453	97	8	0	97	48	49	8	3	2	3	5	5	4	2	2	2	3	2	1	2	2	1	2	7	1	2	8	4	1	4	2	5	0	3	4	2	0	3
chr9	39103454	39103530	77	8	0	77	34	43	0	2	1	2	3	1	7	0	2	2	7	0	0	1	3	2	0	2	0	4	2	2	0	7	5	4	0	5	5	4	0	2
chr9	39103531	39103766	236	8	0	236	154	82	29	4	7	17	8	8	7	9	6	3	12	6	14	6	6	10	7	4	1	9	6	3	0	5	7	2	2	9	12	5	1	9
chr9	39103767	39104086	320	8	0	320	195	125	26	10	13	13	6	9	16	16	19	9	10	8	11	7	6	14	15	5	4	11	7	8	3	7	5	0	0	13	20	12	1	14
chr9	39104087	39104106	20	8	0	20	12	8	0	0	0	2	0	2	0	1	0	0	1	2	2	0	0	1	0	2	0	0	1	0	0	1	0	0	0	0	2	1	0	0
chr9	39104107	39104307	201	8	0	201	106	95	10	9	12	4	10	6	11	2	12	8	7	4	3	5	2	0	8	10	1	9	6	7	1	8	4	2	4	4	11	3	4	12
chr9	39104308	39104365	58	8	0	58	29	29	3	2	1	3	1	0	4	2	3	1	4	0	2	0	1	1	2	1	0	1	1	4	0	3	3	1	0	4	1	3	2	2
chr9	39104366	39104470	105	8	0	105	61	44	4	2	6	4	5	3	4	3	6	2	5	5	2	1	3	4	3	1	0	4	5	0	0	5	4	2	0	2	4	7	0	7
chr9	39104478	39104622	145	8	0	145	84	61	4	4	9	5	6	24	4	6	8	3	0	3	3	1	0	2	30	1	0	2	3	2	0	3	3	1	0	2	4	4	0	6
chr9	39104623	39104681	59	8	0	59	34	25	4	0	5	1	0	4	3	1	3	2	3	1	2	2	1	1	4	1	0	3	1	0	0	4	0	2	0	0	3	1	0	5
chr9	39104682	39104882	201	8	0	201	116	85	16	7	5	8	13	7	15	9	7	7	4	6	1	5	1	3	14	3	0	9	6	2	0	5	11	3	1	7	14	5	1	4
chr9	39104883	39104946	64	8	0	64	43	21	8	2	5	3	4	2	1	3	3	1	2	0	4	2	0	2	4	0	0	3	3	0	0	0	2	1	0	1	1	2	0	3
chr9	39104947	39104997	51	8	0	51	35	16	6	4	3	1	2	2	2	2	2	1	0	0	4	3	0	1	5	2	0	3	1	1	0	1	0	0	0	0	2	0	0	1
chr9	39105007	39105070	64	8	0	64	42	22	5	1	0	7	4	0	3	4	3	0	1	4	2	1	0	5	1	1	0	0	5	0	0	1	1	3	0	2	5	2	0	1
chr9	39105080	39105173	94	8	0	94	50	44	3	1	3	5	2	4	4	4	5	3	4	0	4	1	4	1	4	2	2	1	3	0	2	4	3	4	1	6	4	3	1	4
chr9	39105174	39105444	271	8	0	271	124	147	15	8	4	4	9	11	14	11	4	5	17	8	3	4	6	1	7	9	1	10	17	12	7	12	10	13	3	10	11	13	1	9
chr9	39105445	39105502	58	8	0	58	45	13	10	2	4	5	4	1	0	0	2	0	1	2	4	2	2	4	3	1	0	1	1	0	0	0	0	0	0	2	1	0	0	4
chr9	39105503	39105519	17	8	0	17	11	6	1	1	0	2	1	1	0	1	1	0	0	0	1	0	0	1	1	1	0	0	2	0	0	0	0	0	0	0	1	0	0	0
chr9	39105520	39105637	118	8	0	118	78	40	12	3	8	7	6	3	3	5	4	2	4	1	7	2	2	7	4	2	0	4	3	1	0	2	3	2	0	7	7	1	0	4
chr9	39105638	39105679	42	8	0	42	25	17	4	1	3	1	2	0	1	3	1	1	1	3	2	1	0	1	2	0	0	0	1	2	0	2	0	1	0	1	3	2	0	1
chr9	39105680	39105751	72	8	0	72	44	28	9	1	3	5	1	2	4	3	7	1	3	1	1	0	1	0	1	1	1	1	4	0	0	1	2	2	0	2	3	2	1	7
chr9	39105752	39105774	23	8	0	23	14	9	3	1	1	1	0	1	0	1	2	0	0	0	1	0	2	0	1	1	0	0	1	0	1	0	0	1	0	1	0	0	0	2
chr9	39105775	39105867	93	8	0	93	53	40	3	0	1	4	2	2	4	2	2	2	9	3	1	4	8	5	4	1	0	3	0	2	0	4	3	2	0	5	3	1	0	11
chr9	39105877	39106026	150	8	0	150	91	59	6	6	4	5	0	6	6	9	7	2	9	3	8	6	3	11	9	4	1	6	5	3	1	5	1	0	0	1	5	7	0	9
chr9	39106027	39106060	34	8	0	34	20	14	1	0	1	1	0	2	1	1	0	1	4	0	1	3	1	1	2	1	0	3	0	0	0	3	0	0	0	0	2	2	0	1
chr9	39106061	39106204	144	8	0	144	79	65	8	5	9	5	5	4	7	4	9	3	2	5	5	0	4	3	4	4	0	4	7	11	0	5	4	1	0	5	5	7	0	7
chr9	39106205	39106256	52	8	0	52	34	18	6	1	7	1	1	0	1	0	6	0	3	1	2	2	1	1	2	0	0	1	0	0	0	4	0	0	0	0	0	4	0	6
chr9	39106257	39107147	891	8	0	891	529	362	61	17	36	49	28	23	42	33	46	22	37	29	27	18	24	35	32	16	4	29	29	20	4	34	19	22	0	19	46	29	2	57
chr9	39107148	39107312	165	8	0	165	106	59	29	4	18	1	4	4	4	2	17	2	9	0	2	5	2	3	8	1	0	6	1	3	0	4	2	0	2	2	3	4	0	21
chr9	39107313	39107573	261	8	0	261	160	101	30	4	19	13	2	2	5	8	22	1	18	5	13	3	2	12	4	1	0	5	7	10	0	21	0	2	0	4	6	26	0	14
chr9	39107574	39107608	35	8	0	35	22	13	4	2	1	1	3	1	2	0	0	1	1	2	1	1	0	0	3	2	0	0	1	1	0	1	0	0	0	0	2	0	0	3
chr9	39107609	39107908	300	8	0	300	206	94	36	10	13	28	13	1	10	14	21	5	6	7	17	3	3	17	13	2	0	4	9	6	2	3	7	2	0	7	9	10	2	18
chr9	39107913	39108133	221	8	0	221	133	88	14	7	9	13	10	7	12	9	9	4	7	7	9	2	4	9	10	3	0	7	4	4	2	4	13	2	0	11	11	6	0	10
chr9	39108134	39108204	71	8	0	71	35	36	2	1	0	3	3	7	4	2	1	1	1	4	0	2	3	1	7	3	0	1	5	3	0	3	2	2	0	2	2	3	0	1
chr9	39108205	39108276	72	8	0	72	28	44	0	0	4	0	3	0	3	3	1	5	5	3	0	0	0	0	2	2	0	1	1	7	4	4	3	2	0	3	4	6	0	4
chr9	39108277	39108486	210	8	0	210	100	110	2	5	6	3	6	11	9	6	6	2	17	5	2	10	8	2	10	5	4	9	10	6	1	9	5	9	3	7	7	5	4	14
chr9	39108487	39109159	673	8	0	673	425	248	57	17	30	40	18	19	24	25	36	11	16	16	33	25	25	33	25	12	4	30	20	11	3	18	16	12	3	13	24	17	4	34
chr9	39109160	39109248	89	8	0	89	37	52	0	0	2	2	1	5	8	2	2	4	3	4	1	1	0	2	4	1	1	4	4	2	4	1	4	6	3	4	4	2	2	4
chr9	39109249	39109486	238	8	0	238	154	84	20	11	7	17	12	5	6	10	8	5	8	8	15	5	7	9	13	6	1	6	6	4	2	6	4	2	0	4	10	6	1	12
chr9	39109487	39109548	62	8	0	62	30	32	0	2	3	0	3	2	5	2	1	0	4	1	1	1	3	1	1	1	0	3	3	0	0	1	5	3	0	8	3	0	0	3
chr9	39109549	39110276	728	8	0	728	461	267	72	20	27	50	27	27	28	25	29	11	13	19	40	19	19	34	33	16	2	26	24	19	4	18	22	16	0	14	28	14	2	28
chr9	39110277	39110451	175	8	0	175	83	92	16	3	4	1	8	12	8	4	0	3	12	2	0	4	3	1	11	6	0	5	10	8	0	10	4	7	4	9	8	7	0	3
chr9	39110452	39110758	307	8	0	307	191	116	23	3	6	24	11	8	15	10	6	12	8	2	15	10	8	28	17	6	2	8	13	9	0	11	9	8	0	5	5	10	0	13
chr9	39110759	39110922	164	8	0	164	120	44	12	7	3	9	5	3	6	10	2	3	3	3	10	8	4	30	10	2	0	9	4	0	0	0	7	0	0	1	3	2	0	6
chr9	39110923	39111009	87	8	0	87	60	27	10	3	4	8	9	3	1	4	3	0	1	4	3	1	0	4	4	1	0	2	2	1	0	1	6	2	0	0	5	0	0	3
chr9	39111010	39111053	44	8	0	44	37	7	12	0	2	7	2	0	1	0	3	0	0	0	5	1	0	2	1	0	0	0	0	0	0	1	0	1	0	1	2	0	0	1
chr9	39111054	39111134	81	8	0	81	50	31	3	1	0	5	4	2	3	8	1	1	1	4	1	5	3	7	6	0	0	3	2	3	0	1	5	2	0	1	5	0	0	2
chr9	39111140	39111343	204	8	0	204	143	61	20	8	10	15	9	3	4	3	10	2	5	8	15	7	8	14	5	3	0	12	7	3	0	2	1	1	0	2	7	5	2	11
chr9	39111344	39111369	26	8	0	26	22	4	7	1	1	2	1	0	0	0	1	0	0	0	3	0	1	4	0	0	0	1	1	0	0	0	0	0	0	0	0	1	0	0
chr9	39111370	39111620	251	8	0	251	172	79	25	5	11	22	4	4	8	10	13	4	3	7	21	5	13	15	7	8	0	4	7	2	0	8	5	2	0	9	8	5	0	14
chr9	39111621	39111646	26	8	0	26	18	8	4	0	0	4	0	0	0	2	1	0	0	0	3	2	1	0	0	2	0	0	2	0	0	0	0	1	0	1	1	0	0	0
chr9	39111647	39111843	197	8	0	197	136	61	20	2	5	20	7	5	5	10	9	2	5	9	11	5	8	11	6	0	1	8	4	2	1	2	7	1	0	4	10	6	0	9
chr9	39111844	39111863	20	8	0	20	15	5	5	1	2	0	1	0	1	0	1	1	0	0	1	0	0	1	1	0	0	1	0	0	0	0	0	0	0	0	1	0	0	1
chr9	39111864	39111960	97	8	0	97	60	37	11	6	4	3	5	3	6	2	6	1	1	2	3	1	1	3	5	3	0	3	6	1	0	2	2	2	0	2	3	3	0	5
chr9	39111961	39111988	28	8	0	28	19	9	3	0	0	3	2	0	1	0	1	1	1	3	0	1	1	2	1	0	0	1	0	0	0	1	0	0	0	0	2	1	0	1
chr9	39111989	39112046	58	8	0	58	41	17	7	2	3	4	1	0	1	2	3	2	2	2	4	0	3	3	1	0	0	3	0	1	0	3	0	0	0	0	3	3	0	3
chr9	39112047	39112303	257	8	0	257	185	72	36	4	18	21	7	4	5	2	15	2	2	1	21	12	15	20	3	3	1	15	4	1	1	6	7	2	0	7	4	6	0	10
chr9	39112304	39112522	219	8	0	219	116	103	19	7	10	6	11	8	10	3	5	4	14	4	7	2	3	2	5	5	1	10	10	7	0	9	10	7	4	7	7	8	1	11
chr9	39112523	39112590	68	8	0	68	39	29	7	3	0	3	2	1	3	2	2	3	2	0	2	2	3	3	2	4	1	2	3	2	1	1	0	1	0	4	3	0	2	2
chr9	39112591	39112641	51	8	0	51	21	30	1	1	3	0	2	1	3	2	1	1	1	3	1	0	0	1	1	0	0	2	3	3	2	3	1	4	2	1	3	3	0	0
chr9	39112642	39112786	145	8	0	145	88	57	11	5	2	12	4	6	6	4	4	1	3	7	11	1	5	5	6	2	0	4	7	5	1	2	2	6	3	3	6	2	0	7
chr9	39112787	39112825	39	8	0	39	26	13	0	1	0	5	2	0	3	2	1	1	0	0	3	4	1	2	3	1	0	2	0	0	0	1	3	0	0	1	1	0	0	0
chr9	39112826	39112950	125	8	0	125	88	37	16	5	8	8	5	3	4	4	7	1	0	5	11	1	3	5	4	2	0	4	3	0	0	3	4	0	0	4	5	4	0	4
chr9	39112951	39112998	48	8	0	48	36	12	10	1	1	7	4	1	1	1	1	1	0	1	4	1	1	0	2	0	0	2	2	0	0	0	1	1	0	0	2	0	0	1
chr9	39112999	39113069	71	8	0	71	47	24	12	3	2	4	4	0	3	1	1	1	3	2	4	2	1	3	3	1	1	2	1	2	0	1	1	1	1	3	3	0	0	3
chr9	39113070	39113104	35	8	0	35	15	20	0	0	1	0	0	2	3	2	0	1	0	1	0	1	1	1	3	0	0	1	1	5	0	2	3	1	0	2	0	2	0	0
chr9	39113105	39113158	54	8	0	54	35	19	2	2	1	5	1	2	2	0	2	1	2	1	5	0	3	4	2	2	0	1	0	1	0	3	2	0	0	2	1	1	0	4
chr9	39113159	39113168	10	8	0	10	5	5	0	0	0	0	0	2	0	1	0	1	0	1	0	0	0	0	1	0	0	0	0	0	0	0	0	0	0	0	2	0	0	0
chr9	39113169	39113326	158	8	0	158	100	58	12	2	7	13	8	3	5	5	5	8	5	5	7	5	3	5	6	1	1	10	5	4	1	1	2	2	0	2	8	4	4	7
chr9	39113335	39113419	85	8	0	85	62	23	12	3	2	8	3	3	3	3	4	0	0	0	7	5	2	5	5	2	0	4	3	0	0	1	4	0	0	0	0	2	0	2
chr9	39113420	39113429	10	8	0	10	10	0	2	0	0	2	0	0	0	0	0	0	0	0	3	0	0	1	0	0	0	0	0	0	0	0	0	0	0	0	0	0	0	0
chr9	39113430	39113643	214	8	0	214	153	61	26	6	8	18	9	3	8	5	11	4	4	8	12	6	5	19	8	2	0	9	4	0	0	5	3	2	0	1	11	5	0	10
chr9	39113652	39113952	301	8	0	301	231	70	33	11	11	37	14	3	4	14	13	2	1	6	32	8	4	37	13	2	1	8	8	2	0	3	5	2	0	3	9	7	1	5
chr9	39113953	39114081	129	8	0	129	91	38	0	0	0	1	0	25	0	6	1	0	5	0	0	7	1	44	31	0	0	0	0	0	0	0	0	0	0	0	0	0	0	6
chr9	39114082	39114177	96	8	0	96	52	44	17	0	4	0	3	5	8	0	1	4	5	2	1	1	0	0	4	2	0	4	6	1	0	2	3	4	1	4	3	2	1	6
chr9	39114178	39114373	196	8	0	196	89	107	9	2	3	5	2	8	12	5	4	4	10	6	4	5	6	3	5	6	4	4	11	8	3	11	4	13	5	8	7	6	4	7
chr9	39114374	39114522	149	8	0	149	96	53	10	5	7	5	5	6	5	5	4	2	4	9	8	3	6	11	9	0	0	7	1	2	0	2	3	3	2	4	8	1	0	10
chr9	39114523	39114691	169	8	0	169	126	43	27	5	9	12	5	2	4	3	7	1	4	6	14	6	5	15	4	2	0	7	2	0	1	0	2	0	0	6	7	1	1	9
chr9	39114692	39114751	60	8	0	60	48	12	9	1	3	6	2	1	0	5	0	0	0	2	7	3	0	7	3	1	0	1	1	0	0	0	3	0	0	1	1	0	0	1
chr9	39114752	39114779	28	8	0	28	20	8	4	1	3	0	1	1	0	0	0	1	1	0	4	1	1	0	1	1	0	2	1	0	0	0	0	0	0	0	0	0	0	3
chr9	39114780	39115122	343	8	0	343	258	85	35	11	11	30	13	8	9	15	8	7	2	8	30	8	10	51	19	1	0	14	4	0	0	4	10	3	0	5	12	4	0	9
chr9	39115123	39115154	32	8	0	32	18	14	0	2	1	1	2	0	2	0	0	2	1	1	2	2	1	0	2	0	1	2	0	1	0	1	1	0	0	1	1	1	1	1
chr9	39115155	39115362	208	8	0	208	139	69	21	6	11	13	2	5	5	8	9	4	2	2	19	7	7	17	6	5	1	10	6	3	1	7	4	5	1	2	4	5	1	7
chr9	39115363	39116011	649	8	0	649	395	254	64	18	21	44	23	20	27	18	25	14	18	9	35	21	16	21	23	20	5	25	25	27	1	23	15	9	0	14	25	21	0	20
chr9	39116012	39116067	56	8	0	56	22	34	0	1	0	2	0	3	4	0	1	0	5	2	2	2	0	0	2	1	0	3	2	3	2	3	2	4	0	2	1	3	3	1
chr9	39116068	39116510	443	8	0	443	239	204	25	15	13	16	16	11	23	19	14	12	24	10	14	6	8	12	24	11	2	7	18	12	4	17	11	13	5	19	16	15	5	24
chr9	39116511	39116568	58	8	0	58	37	21	6	3	2	3	1	1	3	3	3	1	1	0	4	4	0	0	2	4	0	4	4	1	0	1	0	0	0	0	3	1	0	1
chr9	39116569	39116854	286	8	0	286	203	83	33	8	13	19	11	6	8	13	12	2	7	14	17	11	8	20	9	0	0	18	5	1	0	2	9	1	0	2	15	6	0	14
chr9	39116855	39116920	66	8	0	66	42	24	6	2	2	5	3	1	2	3	1	1	1	2	5	2	3	2	1	1	0	4	4	0	0	2	3	2	0	1	1	3	0	1
chr9	39116921	39116972	52	8	0	52	35	17	3	0	0	6	3	1	2	2	0	3	0	2	4	2	2	4	2	2	0	1	3	0	0	1	0	0	0	2	3	2	0	0
chr9	39116973	39116990	18	8	0	18	18	0	5	0	0	5	0	0	0	0	0	0	0	0	4	0	0	2	0	0	0	0	0	0	0	0	0	0	0	0	0	0	0	0
chr9	39116991	39117031	41	8	0	41	29	12	2	0	1	6	2	1	1	0	0	2	3	0	5	0	0	5	1	1	0	1	1	0	0	1	1	0	0	1	1	1	0	2
chr9	39117032	39117062	31	9	0	31	9	22	0	0	0	0	0	2	3	0	0	0	2	2	0	0	0	0	0	0	0	2	3	1	0	1	2	3	3	1	0	1	2	1
chr9	39117063	39117177	115	8	0	115	55	60	5	2	1	5	3	8	9	0	2	2	7	0	3	3	3	1	7	5	0	3	4	4	2	7	5	3	0	7	4	5	0	3
chr9	39117178	39117188	11	8	0	11	6	5	2	1	0	0	0	0	0	0	0	0	0	0	0	1	0	0	0	1	1	0	0	2	1	0	0	0	0	0	0	0	0	0
chr9	39117189	39117271	83	8	0	83	35	48	1	1	3	2	4	5	7	1	1	2	3	3	1	1	0	0	3	5	0	1	7	1	0	8	2	8	0	2	5	2	0	2
chr9	39117272	39117322	51	8	0	51	29	22	8	1	2	0	0	4	2	1	0	0	2	0	3	3	2	0	2	0	2	3	2	0	0	2	2	4	0	2	1	0	0	1
chr9	39117323	39117408	86	8	0	86	63	23	16	6	3	4	6	0	1	6	2	2	0	2	6	2	2	4	6	2	0	2	1	1	0	1	2	0	0	2	4	0	0	1
chr9	39117409	39119773	2365	8	0	2365	1543	822	232	74	97	159	93	66	76	92	105	35	64	75	133	70	63	108	93	51	9	92	68	41	5	54	66	20	3	41	100	56	9	113
chr9	39119774	39119810	37	9	0	37	17	20	1	0	4	0	0	0	2	0	3	2	1	0	1	1	2	0	0	2	0	1	2	2	0	3	0	0	0	2	0	4	0	2
chr9	39119811	39121500	1690	8	0	1690	1090	600	202	58	68	97	60	38	54	52	79	34	50	48	84	34	38	92	65	33	13	53	47	25	14	47	24	30	10	28	68	45	15	83
chr9	39121501	39121551	51	8	0	51	31	20	3	2	2	1	2	1	3	2	0	2	2	0	4	2	2	1	4	0	0	3	0	1	0	2	3	1	0	2	1	1	0	2
chr9	39121552	39121614	63	8	0	63	34	29	5	1	3	1	1	4	4	3	1	1	2	2	3	1	2	0	2	2	0	2	5	0	0	0	3	1	0	6	2	2	0	2
chr9	39121615	39121772	158	8	0	158	93	65	10	5	8	5	7	3	5	3	6	3	9	7	5	3	7	5	5	2	0	7	4	6	0	8	1	3	0	4	8	7	0	10
chr9	39121773	39121940	168	8	0	168	96	72	12	7	7	7	3	1	4	8	8	4	7	1	10	2	9	5	7	4	0	3	6	11	0	9	2	1	2	6	1	10	0	9
chr9	39121941	39122102	162	8	0	162	75	87	4	1	13	2	1	4	10	1	10	5	6	3	5	5	4	0	4	7	1	4	5	9	3	12	2	6	4	6	5	7	0	11
chr9	39122103	39122151	49	8	0	49	18	31	1	0	1	0	1	1	3	2	0	1	4	4	0	0	0	0	0	1	0	1	2	2	2	4	2	4	1	1	3	2	2	2
chr9	39122152	39122247	96	8	0	96	47	49	9	2	0	3	0	3	3	3	2	2	1	2	3	4	7	2	2	4	2	3	6	5	4	2	0	6	4	4	1	2	0	3
chr9	39122248	39122285	38	8	0	38	13	25	0	1	0	1	0	1	2	1	2	1	4	0	0	0	0	0	0	1	2	0	1	3	1	4	0	2	1	1	3	3	0	1
chr9	39122286	39122389	104	8	0	104	61	43	19	1	1	5	2	3	6	2	0	1	9	1	6	1	1	2	2	0	0	4	4	1	1	1	4	4	3	7	3	2	1	5
chr9	39122390	39122435	46	8	0	46	25	21	0	0	3	1	1	2	0	2	2	0	3	4	1	2	0	3	0	1	1	1	0	1	1	2	2	0	1	1	4	2	1	2
chr9	39122436	39122558	123	8	0	123	84	39	17	4	5	8	2	0	6	2	5	4	5	2	9	5	3	5	5	3	1	4	1	2	1	4	0	0	0	2	4	3	0	9
chr9	39122559	39122616	58	9	0	58	34	24	5	2	1	4	3	2	3	1	2	1	3	0	2	0	2	1	2	1	0	2	2	0	0	3	3	3	0	2	2	1	0	3
chr9	39122617	39122746	130	8	0	130	83	47	10	7	9	5	8	0	4	6	4	3	2	1	9	5	4	6	8	3	0	3	3	0	0	6	4	4	0	4	3	2	0	5
chr9	39122747	39122938	192	8	0	192	135	57	21	4	10	15	10	1	6	8	10	1	4	10	8	6	5	15	7	1	0	4	2	2	0	3	7	2	0	3	9	2	0	14
chr9	39122939	39123011	73	8	0	73	41	32	4	1	6	1	3	2	4	2	5	3	3	4	0	0	0	1	1	0	0	5	3	2	0	2	1	2	0	1	7	3	0	5
chr9	39123012	39123036	25	8	0	25	19	6	6	1	0	4	1	0	0	1	1	1	0	0	3	0	0	1	0	0	1	0	1	0	0	0	0	0	0	0	1	1	0	0
chr9	39123037	39123110	74	8	0	74	60	14	26	3	2	6	4	0	1	3	4	1	1	1	2	0	0	4	4	0	0	1	2	0	0	0	0	0	0	0	2	2	0	3
chr9	39123111	39123283	173	8	0	173	74	99	7	1	1	5	4	6	10	4	2	3	15	2	2	4	5	1	3	3	1	7	9	6	6	7	8	12	6	8	4	7	3	9
chr9	39123284	39123392	109	8	0	109	41	68	2	2	3	1	3	6	5	1	2	2	4	6	1	2	1	0	2	4	2	4	7	6	6	5	2	7	5	2	4	7	1	2
chr9	39123393	39123404	12	8	0	12	5	7	0	1	0	0	1	0	1	0	0	1	0	0	0	0	0	0	1	1	0	0	1	1	0	1	0	0	0	0	0	1	0	0
chr9	39123405	39123670	266	8	0	266	186	80	36	10	9	26	10	5	7	10	16	4	6	6	18	5	5	12	9	10	1	4	6	1	2	7	5	1	0	2	12	4	1	14
chr9	39123671	39123684	14	8	0	14	9	5	2	1	0	1	0	0	1	0	1	0	0	0	1	0	0	1	0	1	0	0	1	0	0	0	0	0	0	0	0	0	2	0
chr9	39123685	39124211	527	8	0	527	370	157	49	14	29	45	14	13	11	19	30	5	11	10	43	19	20	36	23	11	0	17	11	2	0	15	10	3	0	9	13	12	0	31
chr9	39124212	39124271	60	8	0	60	42	18	6	3	2	3	4	2	0	2	2	0	1	1	2	4	4	6	3	1	0	4	1	0	0	1	0	1	0	1	3	0	0	1
chr9	39124272	39124532	261	8	0	261	187	74	33	7	12	29	17	3	3	9	10	3	5	7	21	5	5	17	11	2	0	6	8	4	0	5	5	4	0	3	8	7	0	10
chr9	39124533	39124615	83	8	0	83	50	33	9	4	1	4	3	2	5	3	6	0	2	3	0	2	4	2	2	3	0	2	3	2	0	2	4	1	0	1	3	1	0	7
chr9	39124616	39124798	183	8	0	183	118	65	22	6	8	9	9	5	7	11	9	3	4	8	5	3	2	6	11	1	0	5	5	2	0	2	5	5	1	3	11	1	1	11
chr9	39124799	39124834	36	8	0	36	24	12	1	1	0	3	1	2	1	3	2	0	1	2	1	2	1	1	2	2	0	1	2	0	0	0	0	0	0	0	3	0	0	2
chr9	39124835	39125249	415	8	0	415	248	167	24	15	11	17	15	13	15	32	17	10	7	14	11	11	14	21	22	11	0	16	24	6	0	12	13	6	1	8	16	19	1	11
chr9	39125250	39125283	34	8	0	34	20	14	6	3	1	0	3	1	1	2	1	1	0	0	0	0	0	0	4	0	0	1	0	0	1	1	3	0	1	0	0	1	0	1
chr9	39125284	39125345	62	8	0	62	33	29	0	3	2	3	3	7	1	3	5	1	2	1	0	0	1	1	7	1	0	2	2	3	0	3	0	0	0	0	4	4	0	1
chr9	39125346	39125365	20	8	0	20	6	14	0	0	0	0	0	1	1	2	0	1	0	0	0	0	0	0	1	1	0	0	3	4	0	1	0	2	0	0	1	0	0	0
chr9	39125366	39125434	69	8	0	69	38	31	1	1	0	5	0	3	1	5	1	0	5	2	5	1	4	4	2	1	0	1	1	5	0	3	4	0	0	4	2	4	0	2
chr9	39125435	39125445	11	8	0	11	5	6	0	1	0	0	1	1	0	2	0	0	0	0	0	0	0	0	1	0	0	0	1	0	0	0	1	1	0	0	0	0	0	0
chr9	39125446	39125571	126	8	0	126	83	43	9	8	2	5	6	3	4	10	1	3	2	4	8	6	2	8	12	5	0	3	3	2	0	4	4	0	0	0	4	2	0	4
chr9	39125572	39125612	41	9	0	41	30	11	5	1	1	3	1	0	1	2	1	1	1	1	3	1	2	4	3	0	0	1	0	0	0	1	1	0	0	1	1	1	0	2
chr9	39125613	39125625	13	8	0	13	8	5	1	0	1	1	1	0	0	0	1	0	0	1	0	1	1	0	0	1	0	0	0	0	0	0	0	0	0	0	1	0	0	1
chr9	39125626	39125741	116	8	0	116	76	40	14	3	6	6	4	1	4	3	4	1	4	4	7	3	5	5	2	4	0	3	5	1	0	2	3	2	0	5	2	1	0	10
chr9	39125742	39126297	556	8	0	556	380	176	46	19	21	50	21	16	17	17	31	9	15	13	38	11	20	35	27	9	1	18	11	7	0	10	12	3	1	8	21	9	2	36
chr9	39126298	39126368	71	8	0	71	41	30	1	4	3	4	3	3	4	1	4	0	1	3	4	3	1	2	2	4	0	3	5	2	0	2	0	1	0	1	4	1	0	3
chr9	39126369	39126628	260	8	0	260	173	87	31	12	9	20	16	5	6	10	10	1	6	7	15	6	6	11	9	8	0	7	13	4	0	4	10	3	0	5	7	6	0	11
chr9	39126629	39126666	38	9	0	38	29	9	3	1	1	5	3	0	1	1	1	1	0	3	4	0	1	3	1	0	0	1	1	0	0	0	0	0	0	0	3	1	0	1
chr9	39126667	39126896	230	8	0	230	161	69	23	7	11	16	10	1	11	7	11	4	4	9	14	7	7	18	10	0	0	9	5	0	0	2	6	1	0	7	8	6	0	14
chr9	39126897	39126911	15	8	0	15	8	7	0	1	0	0	1	1	1	0	0	0	1	2	0	0	0	0	2	0	0	0	0	0	0	1	0	0	0	0	1	1	0	1
chr9	39126912	39126973	62	8	0	62	45	17	9	0	2	6	1	1	2	3	5	0	1	0	2	4	1	7	3	0	0	2	1	0	0	0	2	1	0	1	2	1	0	3
chr9	39126974	39127066	93	8	0	93	62	31	10	5	3	4	5	0	1	5	3	2	3	3	4	3	2	8	6	2	0	2	2	1	2	1	0	2	1	1	3	1	1	5
chr9	39127067	39127301	235	8	0	235	175	60	39	7	10	20	7	5	4	11	17	1	3	5	14	8	8	14	10	3	0	8	3	1	0	3	2	0	0	4	12	3	0	11
chr9	39127310	39127477	168	8	0	168	117	51	18	6	11	13	7	0	2	6	14	0	6	3	10	4	9	6	6	1	0	3	1	1	0	6	2	3	0	5	6	3	0	14
chr9	39127478	39127561	84	8	0	84	58	26	13	5	3	2	4	0	4	2	4	4	2	4	2	1	5	2	5	0	0	5	0	0	0	0	0	0	0	0	4	0	2	9
chr9	39127562	39127717	156	8	0	156	113	43	14	4	4	18	10	5	3	5	6	3	3	6	9	6	5	10	10	2	0	6	4	0	0	1	1	0	0	1	8	3	0	7
chr9	39127718	39127744	27	8	0	27	22	5	2	1	1	5	1	0	0	0	0	0	0	0	6	3	1	1	1	1	0	1	0	0	0	1	0	0	0	0	0	0	0	0
chr9	39127745	39127986	242	8	0	242	147	95	31	9	6	16	12	7	13	3	10	0	12	8	9	3	2	5	6	5	1	7	11	4	0	8	7	8	1	6	10	6	2	12
chr9	39127987	39127996	10	8	0	10	2	8	0	0	0	0	0	2	0	0	0	0	0	0	0	0	0	0	0	1	1	0	2	0	0	0	0	1	1	0	0	0	0	0
chr9	39127997	39128074	78	8	0	78	41	37	7	4	0	3	4	2	3	2	2	3	4	0	2	1	2	1	2	4	1	3	5	3	1	4	1	3	0	0	3	2	2	2
chr9	39128075	39128119	45	8	0	45	18	27	0	0	0	0	0	3	5	2	0	0	2	5	0	0	0	0	2	0	0	1	3	2	0	3	2	3	1	2	3	3	0	1
chr9	39128120	39128359	240	8	0	240	170	70	29	5	6	26	9	1	8	9	12	4	6	5	16	8	5	19	8	4	0	6	6	2	2	5	4	5	0	1	10	4	0	13
chr9	39128360	39128402	43	8	0	43	34	9	7	1	0	6	0	1	0	4	2	0	0	0	5	2	1	4	4	0	0	0	1	0	0	0	1	1	0	0	0	0	0	1
chr9	39128403	39128635	233	8	0	233	152	81	25	10	11	15	15	2	8	10	12	8	3	4	8	2	5	13	15	3	0	4	6	4	0	9	5	2	0	5	8	10	0	9
chr9	39128636	39128661	26	8	0	26	12	14	0	2	0	0	1	2	0	0	1	0	2	0	0	0	4	0	0	2	0	2	1	1	0	3	0	0	0	0	2	0	0	1
chr9	39128662	39128867	206	8	0	206	146	60	27	6	11	15	9	0	5	8	11	4	4	6	12	4	9	13	5	0	1	8	2	2	0	3	6	1	0	7	9	4	1	11
chr9	39128868	39128900	33	8	0	33	23	10	5	2	2	1	2	2	1	1	0	0	0	0	3	2	0	1	4	0	0	1	0	0	0	0	2	0	0	2	0	0	0	0
chr9	39128901	39129182	282	8	0	282	197	85	27	9	12	25	15	2	5	18	12	4	6	11	18	6	9	16	14	1	0	6	7	2	0	4	7	3	0	8	12	7	0	14
chr9	39129187	39129683	497	8	0	497	337	160	60	21	19	40	23	11	13	18	27	6	15	11	29	8	12	23	19	11	1	15	14	6	0	13	12	3	0	7	20	13	1	24
chr9	39129684	39129759	76	8	0	76	47	29	7	1	2	5	5	2	2	3	3	0	1	4	0	1	5	6	2	0	0	2	2	2	0	2	5	2	0	3	2	2	0	3
chr9	39129760	39130125	366	8	0	366	251	115	37	18	6	28	20	12	11	19	13	5	5	11	19	9	9	28	26	8	1	9	13	3	0	2	8	2	0	8	15	6	1	12
chr9	39130126	39130166	41	8	0	41	26	15	4	1	1	6	2	1	2	2	3	0	1	0	2	0	0	0	0	0	0	2	2	2	0	0	3	1	0	0	1	1	0	2
chr9	39130167	39130405	239	8	0	239	157	82	19	11	5	16	14	9	7	12	9	0	7	7	9	10	4	16	17	5	0	8	6	4	1	4	7	3	0	4	12	3	1	7
chr9	39130406	39130431	26	8	0	26	21	5	3	1	1	3	1	0	0	3	3	0	0	0	2	1	0	1	2	0	0	0	0	0	0	0	0	0	0	0	2	0	0	1
chr9	39130432	39130486	55	8	0	55	38	17	7	4	0	3	1	1	0	3	2	0	2	0	5	1	4	4	1	2	1	2	3	1	0	0	1	0	0	1	0	1	1	2
chr9	39130487	39130706	220	8	0	220	110	110	28	3	6	4	6	8	12	4	6	4	13	3	1	5	5	1	4	5	3	8	13	4	3	10	8	12	4	10	6	9	2	8
chr9	39130707	39131257	551	8	0	551	326	225	43	18	24	31	22	16	17	14	26	5	17	18	25	18	14	17	24	7	3	23	19	18	11	15	8	17	2	11	19	21	4	22
chr9	39131258	39131385	128	8	0	128	80	48	11	2	7	7	3	2	5	6	6	4	4	5	7	3	4	4	4	2	0	4	4	3	0	4	1	2	0	3	7	4	0	8
chr9	39131386	39131685	300	8	0	300	139	161	14	8	10	8	12	13	15	3	8	8	12	8	6	5	8	1	8	13	3	10	12	16	10	15	9	14	6	7	13	9	1	13
chr9	39131686	39131698	13	8	0	13	3	10	0	0	0	0	0	1	0	2	0	0	0	0	0	0	0	0	0	1	0	0	1	1	1	0	1	2	1	0	0	0	0	0
chr9	39131699	39131870	172	8	0	172	72	100	2	1	2	8	5	5	15	2	6	3	11	6	0	1	1	4	2	3	1	3	10	10	3	11	9	12	1	7	6	9	3	8
chr9	39131871	39131903	33	8	0	33	17	16	0	1	1	2	1	0	1	2	1	0	0	1	2	1	2	1	0	2	0	0	1	2	0	3	3	1	0	1	0	1	0	1
chr9	39131904	39131975	72	8	0	72	45	27	7	2	4	4	4	3	3	2	3	2	0	4	2	2	0	2	3	3	0	3	3	0	0	1	1	0	2	1	5	2	0	2
chr9	39131976	39132022	47	8	0	47	34	13	5	0	3	5	0	2	0	2	1	1	1	0	6	1	1	4	1	1	0	2	1	0	1	0	1	1	0	2	1	0	1	1
chr9	39132023	39132132	110	8	0	110	53	57	8	3	5	1	5	5	11	0	2	2	5	3	2	0	0	0	5	1	0	5	5	3	0	5	7	4	0	9	4	6	0	2
chr9	39132133	39132169	37	8	0	37	27	10	8	1	0	2	2	0	0	0	0	0	0	1	2	1	4	5	0	0	0	2	1	1	0	1	1	1	0	1	0	1	0	0
chr9	39132170	39132249	80	8	0	80	54	26	8	4	4	6	4	1	3	1	5	0	2	0	5	1	3	7	1	0	0	5	2	0	0	1	4	1	0	4	2	2	0	2
chr9	39132250	39132321	72	8	0	72	35	37	2	2	6	1	2	2	2	0	4	3	3	2	3	0	1	0	1	1	0	5	2	7	2	5	2	0	0	0	1	8	0	3
chr9	39132322	39132526	205	8	0	205	130	75	21	7	8	11	6	5	6	9	10	4	5	5	11	3	5	13	6	6	0	7	5	6	1	9	4	4	1	1	11	6	0	7
chr9	39132527	39132602	76	8	0	76	41	35	2	3	5	2	1	2	3	2	6	3	2	1	3	3	2	0	0	7	1	3	5	1	2	3	0	0	0	0	3	3	0	6
chr9	39132603	39132742	140	8	0	140	77	63	5	5	7	4	4	3	7	4	6	5	4	3	7	1	5	5	4	1	4	5	2	3	1	7	5	4	3	6	8	5	0	5
chr9	39132743	39132806	64	8	0	64	29	35	1	1	6	1	4	0	1	1	4	2	7	0	0	0	0	0	0	3	0	1	3	1	2	3	1	1	3	3	2	4	0	7
chr9	39132807	39132862	56	8	0	56	24	32	4	1	3	0	2	1	2	0	2	2	4	0	1	0	1	0	0	2	1	1	2	5	1	5	0	4	0	2	3	3	0	2
chr9	39132863	39133010	148	8	0	148	36	112	0	2	1	0	0	4	9	1	2	2	9	1	1	2	1	0	1	4	3	2	4	10	14	6	6	14	22	10	3	6	4	2
chr9	39133011	39133067	57	8	0	57	12	45	0	0	1	0	0	2	4	0	1	1	1	0	0	2	0	0	2	1	2	0	0	5	5	1	4	4	11	5	0	1	2	0
chr9	39133068	39133171	104	8	0	104	32	72	2	1	1	0	1	8	6	1	1	4	5	1	0	0	0	0	0	6	6	1	5	7	7	4	8	6	5	4	3	4	2	3
chr9	39133172	39133354	183	8	0	183	105	78	12	8	7	10	10	2	11	7	6	4	8	2	9	5	1	3	8	3	2	6	5	0	2	6	9	7	2	6	7	3	1	9
chr9	39133355	39133372	18	8	0	18	9	9	2	0	1	0	0	1	0	0	0	2	0	0	1	0	1	0	0	0	3	0	0	0	0	1	0	1	1	0	2	0	0	0
chr9	39133373	39133921	549	8	0	549	342	207	46	14	26	24	17	16	23	26	16	16	15	21	31	11	10	28	22	13	2	20	17	8	1	16	15	8	2	15	29	13	3	23
chr9	39133922	39133984	63	8	0	63	46	17	10	2	1	8	0	0	1	5	7	1	1	0	4	2	1	3	3	0	0	1	2	0	1	0	0	0	0	0	1	3	1	3
chr9	39133985	39134051	67	8	0	67	45	22	10	3	2	4	3	2	0	3	3	0	1	3	3	4	1	2	4	2	1	1	1	3	0	2	0	0	0	0	3	1	1	2
chr9	39134052	39134139	88	8	0	88	48	40	3	2	5	4	2	5	6	2	3	1	1	2	6	4	2	0	7	0	1	3	3	1	0	3	2	5	1	5	3	1	0	3
chr9	39134140	39134226	87	8	0	87	50	37	7	4	4	1	1	1	5	4	6	1	5	3	2	1	3	2	3	2	0	2	4	1	0	3	1	2	0	2	3	3	0	9
chr9	39134227	39134288	62	8	0	62	43	19	10	0	2	6	3	4	2	1	2	0	1	3	3	2	0	3	4	1	0	1	2	0	0	1	2	1	0	1	2	1	0	2
chr9	39134289	39134407	119	8	0	119	79	40	12	1	4	14	4	6	1	4	5	0	6	1	9	3	3	5	2	3	0	5	5	1	0	4	4	2	0	2	4	4	0	3
chr9	39134409	39134547	139	8	0	139	76	63	12	3	2	7	3	3	12	0	2	2	12	3	7	0	2	5	2	1	0	5	4	2	0	6	7	6	3	8	5	3	1	9
chr9	39134548	39134571	24	8	0	24	10	14	0	0	1	0	1	1	2	0	0	1	0	0	0	2	2	0	1	0	0	2	2	1	0	1	1	1	0	2	0	1	0	0
chr9	39134572	39134922	351	8	0	351	193	158	26	14	6	14	16	21	11	17	11	3	12	11	7	8	9	6	17	19	2	9	25	9	1	14	5	14	1	4	18	8	0	11
chr9	39134923	39135025	103	8	0	103	55	48	2	4	2	2	1	5	6	6	5	1	3	5	2	4	3	3	4	3	0	7	3	4	2	3	4	4	0	0	7	1	0	5
chr9	39135026	39135149	124	8	0	124	86	38	11	4	5	7	3	3	4	4	6	2	3	2	8	6	5	11	6	1	0	8	2	1	0	3	2	1	0	1	4	3	0	6
chr9	39135150	39135194	45	8	0	45	26	19	2	1	3	3	3	2	0	2	2	2	1	0	2	0	1	1	2	3	0	0	3	1	0	2	1	0	0	1	1	2	0	2
chr9	39135195	39135426	232	8	0	232	143	89	17	5	11	16	7	6	9	4	8	3	9	6	17	2	6	16	3	5	0	8	9	7	0	10	8	5	0	7	6	8	2	10
chr9	39135427	39139523	4097	8	0	4097	2393	1704	329	140	173	174	162	121	185	120	158	78	148	104	167	102	100	131	169	116	22	134	157	100	21	154	107	100	14	121	154	116	21	197
chr9	39139524	39139763	240	8	0	240	166	74	44	9	12	16	14	5	7	7	14	4	4	4	9	2	6	7	10	4	0	6	6	1	0	5	8	1	0	7	9	6	0	11
chr9	39139764	39139836	73	8	0	73	30	43	0	2	2	1	5	2	6	2	0	3	6	1	0	0	0	0	1	2	1	3	3	0	0	4	9	4	2	3	2	2	1	4
chr9	39139837	39139888	52	8	0	52	22	30	0	1	2	1	2	0	5	0	2	1	3	1	0	2	2	0	1	1	0	2	3	3	0	5	1	2	0	3	2	4	0	1
chr9	39139889	39140039	151	8	0	151	69	82	8	2	2	5	5	8	6	6	1	1	7	8	3	3	3	1	2	6	4	2	13	6	2	4	5	11	4	4	5	3	1	8
chr9	39140040	39140184	145	8	0	145	105	40	15	6	6	12	3	4	2	9	7	0	1	5	14	0	6	14	5	1	1	3	3	1	0	0	6	2	0	4	4	0	1	8
chr9	39140185	39140396	212	8	0	212	141	71	24	7	8	15	10	3	7	9	10	2	7	6	10	8	5	9	13	4	1	2	3	1	1	6	7	3	0	4	6	3	2	14
chr9	39140397	39140491	95	8	0	95	64	31	6	3	4	7	4	2	3	4	3	1	1	2	7	4	6	5	3	2	0	5	2	0	0	2	6	1	0	3	2	1	0	4
chr9	39140501	39140588	88	8	0	88	50	38	2	2	3	4	4	2	4	5	2	2	0	4	3	4	1	7	4	2	1	3	4	5	0	2	4	3	0	1	3	2	1	2
chr9	39140593	39140756	164	8	0	164	92	72	9	6	5	5	6	6	8	9	7	5	7	4	2	4	2	6	11	6	1	3	7	4	1	3	4	2	0	6	7	4	2	10
chr9	39140757	39140788	32	8	0	32	21	11	1	0	0	1	1	1	1	3	0	1	1	3	0	2	1	5	2	0	0	2	0	0	0	0	1	0	0	0	3	0	0	1
chr9	39140789	39140867	79	8	0	79	66	13	23	1	1	11	3	0	0	3	2	2	1	1	8	2	3	3	3	1	0	1	0	0	0	2	0	0	0	0	3	1	0	2
chr9	39140868	39140900	33	8	0	33	24	9	2	3	0	3	2	0	1	2	1	0	0	2	2	0	1	3	3	0	0	0	1	0	0	0	1	0	0	1	1	1	0	1
chr9	39140901	39141115	215	8	0	215	137	78	19	7	14	8	12	9	5	9	13	4	5	6	4	6	8	7	16	2	0	8	3	1	0	3	9	2	1	4	7	3	1	17
chr9	39141116	39141171	56	8	0	56	36	20	6	3	2	4	2	2	2	2	6	0	2	1	0	0	1	1	2	1	1	1	1	0	0	1	2	0	1	1	4	1	0	4
chr9	39141172	39141232	61	8	0	61	40	21	3	4	2	5	2	0	1	3	4	0	4	0	5	1	2	4	0	2	0	3	1	1	0	3	1	1	0	0	3	1	0	3
chr9	39141233	39141267	35	8	0	35	22	13	1	2	0	3	0	1	3	1	1	0	1	0	4	2	0	2	2	2	0	1	0	1	0	2	1	0	0	1	2	0	0	0
chr9	39141268	39141386	119	8	0	119	82	37	15	3	8	8	2	0	3	6	5	0	2	2	12	3	2	9	2	2	0	2	2	2	1	3	6	2	1	5	2	2	0	5
chr9	39141387	39141581	195	8	0	195	143	52	28	4	10	20	10	2	4	6	10	2	4	6	14	3	5	14	6	0	0	5	0	2	0	3	5	0	0	8	11	3	0	8
chr9	39141582	39141794	213	8	0	213	148	65	17	3	6	20	11	4	4	9	5	5	4	6	13	8	8	23	9	4	0	7	8	1	0	6	6	3	0	1	5	7	0	8
chr9	39141795	39141879	85	8	0	85	67	18	10	0	2	11	5	3	0	6	2	0	0	2	6	6	1	11	8	0	0	1	1	0	0	0	1	1	0	2	4	0	0	0
chr9	39141880	39142013	134	8	0	134	97	37	3	5	0	18	7	6	3	5	3	3	2	1	12	5	7	16	10	2	0	7	2	0	0	2	3	1	0	0	6	0	0	3
chr9	39142014	39142044	31	8	0	31	18	13	2	1	1	2	3	0	0	0	1	1	0	0	0	1	3	2	0	1	1	1	1	0	1	1	1	2	0	1	1	0	0	1
chr9	39142045	39142171	127	8	0	127	89	38	11	4	3	12	8	2	4	4	5	3	5	5	7	1	2	11	1	1	0	8	3	1	0	2	4	0	0	0	10	4	0	4
chr9	39142172	39142220	49	8	0	49	31	18	3	0	0	5	2	4	2	4	0	0	1	4	3	0	0	3	1	2	0	1	3	0	0	0	3	0	0	1	3	1	0	1
chr9	39142221	39142304	84	8	0	84	51	33	5	1	7	1	1	3	4	3	3	0	1	5	5	5	3	3	6	2	0	2	2	0	0	5	2	2	0	2	1	2	0	6
chr9	39142305	39142344	40	8	0	40	23	17	0	1	2	1	3	1	1	2	1	2	2	1	1	0	1	2	1	2	0	2	1	1	0	2	2	0	0	0	3	1	0	2
chr9	39142345	39142429	85	8	0	85	38	47	2	1	1	2	1	7	5	5	1	1	6	1	1	1	2	0	5	2	0	3	6	2	1	4	3	6	1	4	4	2	0	3
chr9	39142434	39142499	66	8	0	66	29	37	2	2	2	0	3	2	2	3	0	3	2	5	1	0	1	0	2	4	0	1	4	3	2	4	2	3	0	1	2	4	2	2
chr9	39142500	39142604	105	8	0	105	48	57	7	1	0	4	1	5	5	1	2	2	7	0	2	4	5	1	3	4	1	3	6	5	3	6	2	6	1	5	2	5	1	3
chr9	39142605	39142666	62	8	0	62	25	37	0	1	2	0	2	2	6	2	1	2	5	2	0	0	0	0	1	0	0	4	4	2	0	1	4	4	1	5	3	2	1	3
chr9	39142667	39142701	35	8	0	35	26	9	16	0	1	1	1	2	0	1	1	2	1	0	0	0	0	0	2	0	1	0	0	0	0	0	0	0	0	0	2	0	0	2
chr9	39142702	39142836	135	8	0	135	75	60	8	2	6	5	3	2	9	4	6	5	8	4	3	4	2	3	5	2	0	6	3	4	0	7	3	1	2	3	7	7	0	9
chr9	39142837	39142848	12	8	0	12	7	5	0	1	0	0	0	0	0	3	1	0	0	0	0	1	0	1	1	0	0	0	1	0	0	0	0	0	0	0	1	0	0	0
chr9	39142849	39143067	219	8	0	219	126	93	18	10	11	6	7	7	11	4	15	4	12	5	5	2	2	5	8	2	3	10	6	3	1	10	5	4	1	4	11	11	1	13
chr9	39143068	39143088	21	8	0	21	18	3	6	2	1	1	1	0	0	0	0	0	0	0	4	0	1	1	1	0	0	1	0	0	0	0	0	0	0	0	0	0	0	0
chr9	39143089	39143150	62	8	0	62	44	18	10	3	2	4	1	1	3	1	4	1	1	2	5	0	2	3	3	2	0	0	0	0	0	3	0	1	0	1	3	0	0	4
chr9	39143151	39143169	19	8	0	19	11	8	2	0	1	2	1	0	0	2	1	0	0	0	0	0	0	0	0	0	0	0	2	0	0	1	1	3	0	0	1	0	0	0
chr9	39143170	39143345	176	8	0	176	102	74	6	5	9	8	4	3	8	9	8	4	7	7	10	5	4	4	7	4	0	6	6	6	1	5	4	5	1	2	6	3	2	15
chr9	39143346	39143384	39	8	0	39	20	19	2	2	3	0	3	0	2	0	0	1	2	0	2	2	0	0	1	1	0	3	1	1	0	3	2	3	0	0	1	0	0	2
chr9	39143385	39143550	166	8	0	166	78	88	2	6	7	3	8	6	10	5	3	2	9	4	5	1	3	2	4	6	0	5	13	8	0	9	7	7	0	10	5	9	0	5
chr9	39143551	39143573	23	8	0	23	13	10	1	0	3	0	0	0	1	0	2	0	2	0	0	2	0	0	0	0	0	2	1	0	0	1	0	0	0	2	0	2	0	2
chr9	39143574	39143903	330	8	0	330	216	114	28	6	18	22	14	8	9	16	9	5	8	16	24	13	7	12	12	10	0	10	9	7	0	9	8	3	0	7	18	5	0	15
chr9	39143904	39143937	34	8	0	34	20	14	0	3	2	1	3	0	1	2	1	1	1	0	1	2	0	1	2	1	0	2	3	0	0	0	0	0	0	2	1	2	0	0
chr9	39143938	39144030	93	8	0	93	66	27	14	2	4	8	2	0	2	5	4	1	1	3	7	2	5	4	1	1	0	4	2	2	0	2	4	1	0	1	2	2	0	5
chr9	39144031	39144117	87	8	0	87	56	31	6	2	3	7	4	5	2	1	2	1	2	2	6	5	3	4	4	3	3	3	2	0	0	3	3	0	1	0	3	2	0	3
chr9	39144118	39144227	110	8	0	110	71	39	9	4	2	6	6	1	5	8	4	2	5	6	2	1	1	8	6	0	1	1	0	1	0	2	8	0	0	2	7	1	1	8
chr9	39144229	39144279	51	8	0	51	22	29	0	0	1	1	0	2	3	1	1	2	2	0	1	2	3	2	3	1	1	0	1	1	1	5	2	5	1	2	1	1	1	2
chr9	39144281	39145020	740	8	0	740	465	275	73	28	32	43	34	20	28	30	32	19	12	17	37	10	15	34	37	20	4	15	20	21	2	22	24	6	1	21	31	18	3	29
chr9	39145021	39145034	14	8	0	14	9	5	2	1	0	1	2	0	0	0	0	0	0	1	0	0	1	0	1	0	0	0	1	0	0	0	0	1	0	1	0	0	0	0
chr9	39145035	39145816	782	8	0	782	356	426	17	15	28	18	18	29	53	25	32	20	39	11	12	13	13	12	25	27	2	23	42	49	9	50	25	41	5	25	33	32	2	35
chr9	39145817	39145826	10	8	0	10	5	5	0	1	0	0	1	0	1	0	0	0	1	0	0	0	0	0	0	0	0	2	1	0	0	0	0	0	0	0	0	1	0	0
chr9	39145827	39146085	259	8	0	259	156	103	22	9	14	12	8	6	8	7	11	3	11	9	16	2	5	12	7	6	0	7	10	14	0	11	4	4	0	6	8	11	0	14
chr9	39146087	39146145	59	8	0	59	44	15	8	4	2	5	5	3	0	2	4	0	0	0	2	3	2	3	7	0	0	3	0	0	0	0	0	0	0	0	3	0	0	1
chr9	39146151	39146299	149	8	0	149	62	87	1	2	3	2	3	4	13	3	4	4	11	1	1	2	4	2	3	5	1	3	7	10	1	13	8	7	0	9	5	9	0	6
chr9	39146301	39146362	62	8	0	62	32	30	3	1	3	1	2	2	4	3	1	1	3	0	2	3	0	2	3	2	0	2	4	1	0	3	4	2	0	3	0	3	0	2
chr9	39146371	39146451	81	8	0	81	41	40	3	2	4	2	1	6	3	1	1	0	2	4	6	2	1	1	3	4	1	2	5	3	2	4	1	4	1	2	3	3	0	2
chr9	39146453	39146695	243	8	0	243	105	138	14	4	2	4	3	11	13	5	4	8	16	6	4	4	5	1	5	8	7	7	12	7	8	10	7	13	8	11	8	9	9	8
chr9	39146704	39146889	186	8	0	186	125	61	25	8	7	8	11	5	3	8	2	5	2	6	10	6	8	10	13	4	0	7	5	4	0	5	2	1	0	3	6	5	0	5
chr9	39146891	39146933	43	8	0	43	23	20	2	1	1	1	2	3	1	1	0	1	1	3	1	1	1	1	2	2	1	1	3	3	1	0	0	1	0	1	2	1	0	2
chr9	39146935	39146999	65	8	0	65	35	30	0	3	0	5	1	3	2	5	4	1	3	1	2	2	1	1	3	3	1	2	3	4	1	3	0	0	0	0	4	4	0	1
chr9	39147001	39147122	122	8	0	122	66	56	5	4	6	1	2	4	6	9	5	3	7	4	4	1	1	4	4	2	3	3	2	4	0	3	8	2	0	4	6	2	1	10
chr9	39147124	39147205	82	8	0	82	47	35	5	1	5	3	1	4	3	4	6	0	3	2	4	0	1	3	3	1	0	1	4	2	0	5	1	4	0	3	4	4	0	3
chr9	39147207	39147278	72	8	0	72	49	23	6	3	2	5	5	0	3	2	1	2	1	2	5	3	3	5	4	2	0	2	2	2	0	0	2	0	0	2	1	0	0	5
chr9	39147279	39147302	24	8	0	24	16	8	2	3	2	0	3	0	1	0	1	0	0	0	2	0	0	0	3	0	0	0	0	0	0	1	0	1	0	1	1	0	0	1
chr9	39147304	39147362	59	8	0	59	40	19	10	2	3	3	0	1	5	1	4	0	0	1	3	3	0	2	2	1	0	3	0	0	0	4	1	2	0	1	4	1	0	0
chr9	39147364	39147413	50	8	0	50	36	14	7	3	3	4	1	0	2	1	1	0	1	0	7	3	1	1	3	1	0	2	0	1	0	2	1	0	0	1	0	1	0	1
chr9	39147415	39147562	148	8	0	148	103	45	22	3	5	14	7	1	3	3	7	4	3	1	8	4	8	8	4	1	2	5	2	4	0	4	1	2	0	5	7	3	0	5
chr9	39147564	39147618	55	8	0	55	39	16	6	1	4	4	2	2	1	4	1	0	0	3	6	2	0	2	3	1	0	1	0	1	0	1	3	0	0	1	2	0	0	2
chr9	39147620	39147696	77	8	0	77	46	31	4	4	5	2	5	4	1	5	1	0	3	0	5	5	1	1	7	1	0	5	3	2	0	1	2	1	0	3	3	1	0	0
chr9	39147698	39147721	24	8	0	24	17	7	5	0	2	1	0	1	0	1	0	0	0	2	3	0	1	0	1	0	0	0	1	1	0	0	0	0	0	0	0	1	0	2
chr9	39147723	39148332	610	8	0	610	365	245	34	22	24	32	31	21	25	24	21	9	26	15	26	15	11	27	31	11	2	24	20	17	0	17	18	11	0	23	32	15	2	22
chr9	39148334	39148394	61	8	0	61	45	16	8	3	1	4	0	1	0	5	3	2	0	0	5	4	4	3	1	0	2	7	1	0	0	0	0	0	0	0	4	1	0	0
chr9	39148396	39148545	150	8	0	150	109	41	30	10	4	9	2	0	8	4	6	1	4	3	14	3	3	6	4	3	0	7	3	0	0	4	3	2	0	1	5	2	0	7
chr9	39148546	39148564	19	8	0	19	9	10	0	0	1	0	0	0	2	0	1	1	3	0	0	0	0	0	1	0	0	1	1	0	0	0	0	1	0	1	0	0	0	4
chr9	39148567	39148617	51	8	0	51	19	32	0	0	1	1	1	4	4	1	1	0	4	2	0	0	0	0	0	0	1	3	3	1	1	2	5	3	1	3	2	3	1	1
chr9	39148620	39148645	26	8	0	26	10	16	0	1	0	1	0	1	2	1	2	0	2	0	0	0	0	0	0	1	1	0	1	0	0	2	1	2	1	1	2	1	0	1
chr9	39148647	39148760	114	8	0	114	54	60	8	3	0	3	1	2	5	6	2	3	5	3	3	3	6	0	2	5	1	3	7	3	3	5	4	7	3	4	2	3	3	4
chr9	39148762	39148832	71	8	0	71	26	45	1	0	1	2	1	2	3	0	0	0	6	5	2	1	0	1	1	0	2	0	4	3	5	3	0	8	4	4	2	4	1	3
chr9	39148834	39148894	61	8	0	61	48	13	12	0	2	8	1	1	2	2	2	0	0	1	7	5	1	3	2	1	0	3	1	0	0	0	1	0	0	1	2	0	0	1
chr9	39148904	39149050	147	8	0	147	102	45	15	4	4	14	5	4	4	7	7	2	2	2	9	5	5	11	9	4	0	2	5	1	0	3	2	2	0	4	5	2	0	6
chr9	39149051	39149077	27	8	0	27	15	12	0	0	2	0	0	2	1	3	2	1	0	2	0	0	0	0	3	0	0	0	1	0	0	1	2	0	0	0	1	2	0	2
chr9	39149078	39149189	112	8	0	112	70	42	14	4	3	7	3	2	7	4	8	0	2	2	4	2	3	3	2	3	0	3	5	3	0	3	5	3	0	2	4	2	0	7
chr9	39149190	39149288	99	8	0	99	59	40	4	4	5	4	6	3	2	6	1	0	2	6	6	2	2	6	2	4	0	3	4	4	0	2	3	0	1	6	6	2	1	0
chr9	39149289	39149350	62	8	0	62	48	14	11	1	1	7	1	0	1	4	2	0	1	2	6	1	4	5	0	0	0	2	1	0	0	0	3	0	0	1	1	1	0	4
chr9	39149351	39149389	39	8	0	39	24	15	12	1	0	0	2	0	2	0	0	3	3	0	0	0	0	0	2	0	1	1	0	0	0	0	1	0	2	1	1	0	2	3
chr9	39149390	39149449	60	8	0	60	21	39	0	1	1	0	1	4	5	0	1	0	5	2	0	0	0	0	0	2	0	3	4	3	2	2	5	2	3	4	2	3	1	2
chr9	39149450	39149528	79	8	0	79	35	44	10	0	0	3	0	3	6	1	1	1	3	0	1	2	3	0	1	2	1	2	7	3	1	5	1	8	3	4	1	3	0	1
chr9	39149529	39149967	439	8	0	439	223	216	26	13	16	10	12	10	22	16	15	8	16	18	12	9	13	6	16	11	3	10	16	18	9	21	8	19	9	18	20	16	3	18
chr9	39149968	39149980	13	8	0	13	5	8	0	0	0	0	0	0	2	0	0	0	0	0	0	0	1	0	0	0	0	0	1	0	0	2	1	2	0	1	0	1	0	0
chr9	39149981	39150283	303	8	0	303	197	106	24	9	14	23	12	5	8	12	20	5	7	10	14	4	9	19	9	7	0	7	8	7	2	8	5	2	2	7	15	9	2	16
chr9	39150284	39150308	25	8	0	25	17	8	2	0	0	2	0	1	0	5	0	0	0	0	2	1	2	1	1	0	0	1	0	0	0	0	3	0	0	1	1	0	0	0
chr9	39150309	39150359	51	8	0	51	41	10	11	1	2	7	0	2	0	2	2	0	1	1	8	0	1	2	0	1	0	2	1	0	0	1	0	0	0	0	3	1	0	0
chr9	39150360	39150389	30	8	0	30	21	9	5	0	0	3	1	1	1	1	1	0	0	1	2	0	1	3	1	0	0	0	1	0	0	1	1	1	0	1	1	1	0	0
chr9	39150390	39150732	343	8	0	343	245	98	43	14	8	24	11	10	7	10	10	5	2	7	24	18	19	31	23	10	2	12	6	4	0	9	5	0	1	2	5	5	1	13
chr9	39150733	39150810	78	8	0	78	57	21	8	3	2	11	3	2	1	1	4	1	0	1	9	2	4	5	2	2	1	3	2	0	1	1	0	0	0	2	3	1	0	1
chr9	39150811	39150976	166	8	0	166	96	70	6	4	14	2	7	10	5	5	6	5	4	1	7	8	3	8	8	3	2	14	6	4	0	4	5	2	0	5	7	5	0	4
chr9	39150977	39151070	94	8	0	94	67	27	9	7	6	4	3	3	1	2	5	0	2	1	9	5	3	7	6	1	0	7	1	0	0	3	0	0	0	0	2	3	0	2
chr9	39151071	39151291	221	8	0	221	140	81	28	10	11	9	9	5	10	5	6	7	3	3	15	5	3	9	13	7	1	6	5	4	1	7	7	4	4	3	6	2	0	11
chr9	39151292	39152502	1211	8	0	1211	803	408	135	29	56	90	40	28	30	36	52	17	36	25	83	32	28	85	36	22	7	41	29	18	9	32	23	26	9	26	47	22	9	51
chr9	39152503	39192502	40000	7	0	40000	24817	15183	3418	1220	1593	2278	1479	1119	1588	1560	1664	717	1138	1117	1949	1024	1040	1911	1720	795	197	1368	1311	699	160	1241	1105	796	132	1023	1611	1121	177	1727
chr9	39192503	39231502	39000	6	0	39000	24218	14782	3316	1203	1566	2224	1499	1111	1462	1533	1624	684	1130	1136	1870	933	1040	1887	1607	841	175	1307	1278	808	132	1188	1098	671	116	985	1622	1086	149	1717
chr9	39231503	39280789	49287	5	0	49287	30214	19073	3943	1515	1944	2733	1838	1460	1864	1989	2065	910	1496	1377	2290	1212	1281	2295	2208	1052	269	1568	1627	1028	212	1586	1325	910	182	1257	1991	1463	221	2174
chr9	39280790	39282139	1350	6	0	1350	861	489	106	46	65	82	58	30	45	45	52	20	34	34	84	33	40	85	63	23	7	36	30	32	5	37	41	17	5	53	44	32	5	59
chr9	39282140	39282164	25	5	0	25	17	8	1	1	0	2	2	1	0	4	0	2	1	0	2	0	0	0	4	0	0	0	0	0	0	0	0	0	0	0	2	0	0	1
chr9	39282165	39282633	469	6	0	469	302	167	38	20	23	26	26	9	13	14	24	10	10	17	20	7	15	28	20	9	2	15	17	6	3	12	3	7	1	11	22	16	0	23
chr9	39282642	39282760	119	6	0	119	87	32	14	6	4	9	6	0	2	5	6	2	2	1	7	4	4	13	5	0	0	7	3	1	0	3	1	1	0	0	4	5	0	2
chr9	39282761	39282787	27	5	0	27	22	5	2	1	0	2	1	0	0	0	1	0	1	0	1	0	0	12	0	0	0	1	0	0	1	0	0	0	0	0	1	1	0	0
chr9	39282788	39282866	79	6	0	79	59	20	8	5	5	3	1	0	1	5	1	0	2	0	11	2	2	12	2	1	0	4	0	0	0	3	3	1	0	2	2	0	0	1
chr9	39282867	39282885	19	5	0	19	11	8	1	0	1	3	3	0	0	1	0	0	1	0	0	0	0	0	0	0	0	0	0	0	0	1	3	1	0	1	1	0	0	0
chr9	39282886	39283108	223	6	0	223	156	67	15	5	10	25	11	4	6	8	6	2	3	5	23	12	7	12	10	5	0	8	6	1	0	5	7	4	0	5	6	2	0	8
chr9	39283109	39283144	36	5	0	36	30	6	10	3	1	3	1	0	0	1	0	0	1	1	5	0	1	1	1	1	0	1	0	0	0	1	0	0	0	0	1	0	0	1
chr9	39283145	39283302	158	6	0	158	114	44	21	5	4	15	4	3	3	9	5	1	3	4	15	6	3	12	5	2	1	7	4	3	0	0	3	1	0	4	7	2	1	3
chr9	39283303	39283333	31	5	0	31	23	8	7	1	0	2	0	0	1	0	1	1	0	1	2	2	4	0	1	0	0	3	0	0	0	0	0	0	0	0	0	1	0	2
chr9	39283334	39283387	54	6	0	54	37	17	3	1	4	3	2	2	1	2	2	1	0	1	4	4	2	4	4	0	0	3	0	0	0	1	1	1	0	2	3	0	0	1
chr9	39283394	39283464	71	6	0	71	50	21	8	2	5	4	6	1	1	5	2	3	0	2	3	0	0	7	5	0	0	1	1	0	0	1	2	0	0	2	4	2	0	2
chr9	39283465	39283686	222	6	0	222	126	96	14	7	14	7	12	5	10	7	8	10	5	3	6	7	4	5	11	6	5	7	4	4	4	5	9	3	2	10	10	4	1	11
chr9	39283688	39283755	68	6	0	68	38	30	3	2	3	4	3	1	3	2	5	2	0	3	1	1	2	2	3	0	0	3	3	4	1	2	2	2	0	0	1	4	1	3
chr9	39283757	39283809	53	6	0	53	37	16	5	0	1	5	2	0	2	4	2	2	1	3	3	1	2	2	4	0	0	0	1	0	0	1	0	1	0	1	3	1	0	4
chr9	39283811	39283832	22	6	0	22	15	7	1	3	0	1	0	0	2	1	2	0	1	0	2	0	0	2	1	0	0	2	0	0	0	0	0	0	0	0	1	0	0	1
chr9	39283834	39284152	319	6	0	319	224	95	38	15	11	24	14	2	6	20	15	2	4	13	21	12	8	17	14	7	1	9	11	5	0	6	3	1	1	3	14	9	0	11
chr9	39284154	39284240	87	6	0	87	55	32	5	3	4	7	5	1	1	5	2	2	2	2	7	2	3	4	3	1	1	3	2	1	1	3	4	2	0	2	2	3	0	2
chr9	39284253	39284488	236	6	0	236	113	123	5	5	11	4	7	10	15	6	13	8	13	2	2	3	5	2	6	11	1	8	13	10	1	15	9	4	0	9	10	14	0	12
chr9	39284490	39284631	142	6	0	142	94	48	18	5	6	10	10	2	2	8	7	1	2	5	4	6	3	5	4	2	1	7	7	1	1	1	2	3	0	2	9	3	0	3
chr9	39284632	39284651	20	6	0	20	15	5	8	0	0	0	1	0	1	0	0	1	2	0	0	0	0	0	1	0	0	1	0	0	0	0	0	0	0	0	1	0	0	2
chr9	39284653	39284781	129	6	0	129	61	68	9	2	0	3	1	11	10	3	3	3	7	2	1	1	2	2	4	5	3	5	6	4	2	6	7	6	0	3	8	3	1	4
chr9	39284783	39284865	83	6	0	83	33	50	2	3	1	1	2	6	5	0	2	1	5	3	1	1	0	0	2	6	0	3	6	4	2	4	1	3	3	3	4	4	3	0
chr9	39284867	39285222	356	6	0	356	231	125	38	12	13	25	7	12	11	12	13	4	12	7	29	11	14	10	15	7	0	17	10	7	0	12	5	9	1	5	12	7	1	16
chr9	39285223	39285239	17	5	0	17	10	7	2	0	0	1	0	0	2	1	0	0	1	0	1	1	0	0	0	1	0	1	1	0	0	0	1	0	0	1	1	0	0	0
chr9	39285240	39285447	208	6	0	208	117	91	14	5	11	9	8	6	14	6	14	3	5	7	4	3	3	4	6	1	1	9	5	7	0	8	12	4	1	7	11	9	0	9
chr9	39285449	39285498	50	6	0	50	32	18	3	2	0	4	2	1	2	3	1	2	0	2	3	1	0	4	4	1	0	1	1	3	1	0	2	0	0	0	2	1	1	1
chr9	39285500	39285531	32	6	0	32	25	7	12	1	2	2	1	0	0	2	1	0	0	0	1	0	1	0	1	0	0	0	1	0	0	0	1	1	0	2	0	0	0	1
chr9	39285532	39285575	44	6	0	44	22	22	4	3	1	0	3	2	3	0	1	1	4	0	0	0	0	0	4	0	0	2	2	1	0	2	1	2	0	1	0	2	0	3
chr9	39285577	39285649	73	6	0	73	30	43	0	2	1	1	2	2	4	2	2	0	8	4	0	0	0	1	0	3	0	1	4	3	2	5	3	3	1	3	3	5	3	3
chr9	39285658	39285868	211	6	0	211	98	113	9	3	4	6	5	10	10	10	4	4	10	6	4	4	5	3	6	9	2	4	16	7	5	9	5	14	3	8	8	6	2	8
chr9	39285870	39285888	19	6	0	19	7	12	0	0	1	0	1	2	0	0	1	0	0	0	0	0	0	0	0	1	1	0	3	1	0	1	1	3	0	0	0	0	1	0
chr9	39285890	39286534	645	6	0	645	405	240	54	21	31	38	29	19	19	15	31	14	22	14	30	20	20	27	20	15	7	31	20	9	1	19	14	6	2	14	28	19	6	28
chr9	39286535	39286551	17	5	0	17	12	5	2	1	0	1	1	0	0	2	0	0	1	0	1	0	0	3	1	0	0	0	0	0	0	0	0	0	0	1	1	0	0	0
chr9	39286552	39287089	538	6	0	538	309	229	45	22	28	24	24	18	21	17	28	5	15	17	23	8	7	6	19	12	7	15	18	12	8	16	16	15	7	18	27	15	2	21
chr9	39287094	39287120	27	6	0	27	14	13	1	0	1	1	1	0	1	0	0	0	4	1	1	1	2	0	0	0	0	1	1	0	0	0	1	1	0	2	0	1	0	4
chr9	39287122	39287455	334	6	0	334	222	112	37	12	11	24	9	8	9	19	15	4	5	10	22	8	13	15	18	6	1	7	7	8	0	12	6	5	0	7	14	7	1	12
chr9	39287457	39287476	20	6	0	20	15	5	2	2	0	3	0	0	1	0	1	0	0	0	4	0	1	1	0	1	0	1	0	0	0	1	0	0	0	0	0	0	0	0
chr9	39287478	39287675	198	6	0	198	122	76	15	7	7	12	6	0	12	10	5	5	2	4	15	7	8	6	10	1	0	8	3	2	1	8	12	4	2	8	4	6	1	5
chr9	39287677	39287696	20	6	0	20	14	6	0	0	2	2	0	0	0	1	0	0	1	2	4	0	1	1	0	0	0	0	0	0	0	0	0	0	0	1	0	0	0	3
chr9	39287697	39287848	152	6	0	152	99	53	19	5	8	9	9	2	2	6	8	5	3	4	5	5	2	6	6	3	3	5	4	4	1	2	4	0	0	0	5	4	4	7
chr9	39287849	39287861	13	5	0	13	11	2	5	1	1	0	0	0	0	0	0	0	0	0	2	0	0	0	0	1	0	0	0	0	0	1	0	0	0	0	0	0	0	0
chr9	39287862	39287927	66	6	0	66	46	20	12	2	2	5	2	1	2	4	5	0	1	1	3	1	0	4	2	1	0	1	2	0	1	1	3	0	0	1	2	3	1	1
chr9	39287928	39287978	51	6	0	51	31	20	7	3	3	1	3	0	3	1	1	1	0	0	3	2	2	0	2	1	0	3	2	0	0	1	2	1	2	3	0	1	0	1
chr9	39287980	39287997	18	6	0	18	8	10	1	0	0	1	0	1	1	0	1	0	1	1	0	0	0	0	0	0	0	0	2	1	0	1	1	0	0	1	0	3	0	0
chr9	39287999	39288166	168	6	0	168	52	116	0	0	5	0	2	6	14	2	3	7	13	0	0	0	0	0	0	2	6	5	6	11	8	7	9	14	10	13	8	6	2	7
chr9	39288168	39288204	37	6	0	37	15	22	0	0	1	0	0	2	2	0	1	2	5	0	0	0	2	0	1	0	1	1	1	2	0	2	1	0	1	2	1	3	0	4
chr9	39288206	39288290	85	6	0	85	18	67	0	0	1	0	1	0	5	0	0	4	6	0	0	0	0	0	0	2	1	1	2	8	9	4	4	9	10	6	0	4	4	2
chr9	39288292	39288328	37	6	0	37	7	30	1	0	1	0	0	0	2	0	1	0	2	0	0	0	0	0	0	0	0	0	1	2	4	0	1	4	9	4	0	1	1	1
chr9	39288330	39288506	177	6	0	177	45	132	0	3	3	0	2	3	7	0	3	5	13	0	1	1	2	2	1	3	6	2	4	15	19	11	5	17	18	8	2	13	2	4
chr9	39288508	39288522	15	6	0	15	4	11	0	0	0	0	0	2	0	0	0	1	1	0	0	0	0	0	0	1	1	1	0	0	1	0	2	0	1	0	0	1	1	0
chr9	39288527	39288580	54	6	0	54	20	34	1	1	2	0	0	2	4	0	1	2	2	1	1	0	0	1	0	2	2	1	2	0	3	4	2	5	5	2	2	2	0	2
chr9	39288582	39288619	38	6	0	38	15	23	2	2	0	1	1	2	4	0	2	0	0	0	0	0	0	0	1	2	1	0	2	4	0	2	3	1	2	2	1	1	0	0
chr9	39288621	39288842	222	6	0	222	117	105	21	8	8	8	10	6	10	3	7	4	8	3	6	3	5	6	7	5	2	7	7	9	5	8	9	9	8	6	6	6	1	9
chr9	39288843	39289069	227	6	0	227	125	102	14	8	9	11	8	6	12	4	8	6	7	3	12	4	10	2	5	3	4	12	6	4	0	11	11	3	7	11	8	11	1	4
chr9	39289071	39289095	25	6	0	25	8	17	0	0	0	0	0	2	1	0	0	0	3	0	0	0	2	0	2	0	0	0	0	3	1	2	1	1	1	1	0	2	0	1
chr9	39289109	39289231	123	6	0	123	72	51	18	2	9	4	5	5	2	1	9	2	7	2	1	2	1	1	3	4	0	4	3	7	1	2	2	1	2	1	5	2	1	12
chr9	39289232	39289278	47	6	0	47	34	13	6	0	4	3	0	1	0	1	2	0	1	3	4	2	3	3	1	1	0	1	1	1	0	1	0	0	0	0	0	1	0	5
chr9	39289280	39289346	67	6	0	67	52	15	13	1	4	8	3	0	0	5	5	1	0	1	5	3	1	1	4	0	0	1	0	0	0	1	0	1	0	1	4	0	0	2
chr9	39289347	39289474	128	6	0	128	95	33	13	3	8	16	6	3	2	3	9	2	1	2	12	5	3	6	5	1	2	5	1	1	0	0	3	0	0	1	5	0	0	8
chr9	39289475	39289642	168	6	0	168	108	60	18	5	5	13	10	3	6	6	6	6	5	7	7	2	5	4	7	3	0	6	5	1	2	3	3	4	0	0	10	3	0	11
chr9	39289644	39289679	36	6	0	36	16	20	1	0	1	1	1	2	2	2	0	0	3	1	1	1	0	0	1	0	0	1	2	1	0	2	2	3	0	2	2	1	0	1
chr9	39289681	39289821	141	6	0	141	64	77	7	3	1	5	3	5	8	2	2	3	10	2	4	3	3	2	4	6	2	2	8	5	4	11	3	10	1	4	3	7	1	5
chr9	39289824	39289864	41	6	0	41	17	24	0	3	2	1	5	0	2	1	1	0	2	0	0	0	0	0	1	2	0	0	1	2	2	2	5	2	0	2	1	1	0	1
chr9	39289866	39289923	58	6	0	58	30	28	11	0	2	0	3	1	4	0	0	4	4	0	0	0	0	0	2	0	1	2	3	1	1	1	2	2	1	3	1	2	1	4
chr9	39289925	39290174	250	6	0	250	169	81	25	9	8	21	13	10	1	13	11	2	4	1	15	11	9	15	15	5	2	9	8	3	1	5	6	4	1	3	8	5	0	5
chr9	39290176	39290215	40	6	0	40	29	11	2	1	2	2	1	1	0	2	0	0	0	1	4	2	1	9	1	1	0	1	2	0	0	0	1	1	0	2	1	0	0	0
chr9	39290217	39291104	888	6	0	888	598	290	75	31	47	64	41	23	21	39	41	14	11	26	59	24	24	57	47	15	1	29	22	10	2	21	21	11	0	18	33	19	5	35
chr9	39291105	39291793	689	6	0	689	412	277	58	17	30	31	32	24	23	18	22	10	29	17	25	18	25	32	25	14	2	28	17	9	6	23	29	20	5	20	26	11	5	36
chr9	39291795	39291833	39	6	0	39	19	20	4	0	3	0	0	3	3	0	3	2	0	0	0	0	0	0	1	3	0	1	2	2	0	3	0	1	0	1	3	1	0	1
chr9	39291835	39291987	153	6	0	153	73	80	7	4	8	2	6	4	12	1	6	3	4	2	2	4	5	1	6	4	1	4	6	5	3	8	10	8	2	8	1	5	0	9
chr9	39291988	39292128	141	6	0	141	72	69	9	7	6	1	4	5	11	1	8	5	9	0	2	2	2	0	6	5	0	8	6	6	0	6	1	1	0	6	8	6	1	7
chr9	39292130	39292177	48	6	0	48	17	31	0	0	3	0	0	4	4	0	3	2	1	0	0	0	0	0	2	2	0	2	2	5	1	4	2	2	0	1	2	3	1	0
chr9	39292179	39292251	73	6	0	73	39	34	4	2	2	3	2	5	3	2	3	2	3	1	1	2	3	0	4	4	0	2	5	1	0	4	1	2	0	1	2	3	0	4
chr9	39292253	39292339	87	6	0	87	66	21	16	3	6	8	4	1	0	6	5	0	0	3	6	1	2	3	3	0	0	2	2	0	0	0	2	1	0	3	4	1	0	3
chr9	39292341	39292400	60	6	0	60	41	19	8	2	3	6	3	1	1	0	3	0	2	1	5	3	2	0	1	2	1	2	1	0	1	0	1	0	0	3	2	0	2	2
chr9	39292402	39293101	700	6	0	700	465	235	82	21	28	63	30	16	17	23	42	4	19	17	40	12	17	33	22	10	3	18	19	12	3	21	11	15	2	15	34	18	4	27
chr9	39293103	39293135	33	6	0	33	15	18	1	0	0	1	0	1	2	1	1	2	2	4	0	0	0	0	0	2	1	0	2	0	0	3	0	0	0	0	2	2	3	1
chr9	39293137	39293348	212	6	0	212	115	97	30	3	5	4	6	9	8	3	4	3	14	5	3	5	7	4	5	4	1	10	7	5	6	7	5	8	3	10	9	8	2	7
chr9	39293350	39293867	518	6	0	518	330	188	46	16	28	29	15	10	13	19	26	7	16	17	32	10	19	27	12	7	3	21	12	18	2	13	11	7	2	14	22	13	1	28
chr9	39293869	39293906	38	6	0	38	27	11	3	1	1	3	0	0	1	1	2	0	1	2	3	1	3	4	1	0	0	1	0	0	0	2	0	0	0	1	1	2	0	2
chr9	39293908	39294407	500	6	0	500	301	199	37	12	25	22	17	16	23	15	27	5	15	14	16	20	21	15	19	8	5	21	11	3	2	14	24	11	2	17	17	9	3	32
chr9	39294408	39294937	530	6	0	530	358	172	58	20	25	37	21	8	17	20	30	12	15	13	31	5	10	34	19	8	1	17	11	8	2	10	14	3	0	9	23	12	3	32
chr9	39294939	39294957	19	6	0	19	12	7	2	0	2	0	1	0	0	0	1	1	1	0	1	0	1	0	1	0	0	0	0	0	0	1	0	1	0	1	0	0	0	3
chr9	39294959	39295146	188	6	0	188	127	61	19	11	9	11	7	4	6	11	13	2	1	0	12	2	4	14	11	1	0	7	7	1	0	5	6	4	0	2	4	7	0	5
chr9	39295148	39295170	23	6	0	23	19	4	3	1	0	5	1	0	0	2	2	0	0	0	2	1	0	1	1	0	0	0	0	0	0	0	0	0	0	0	2	0	0	0
chr9	39295172	39295283	112	6	0	112	85	27	20	6	2	9	3	3	2	7	6	0	2	2	7	2	4	8	7	1	0	3	1	0	0	1	2	1	0	1	5	0	0	5
chr9	39295284	39295478	195	6	0	195	76	119	1	1	5	2	4	25	10	3	3	2	10	3	1	2	3	0	21	3	2	5	9	8	7	8	8	15	6	9	4	6	1	6
chr9	39295480	39295544	65	6	0	65	26	39	0	0	0	0	0	17	2	0	0	1	2	0	0	1	1	0	16	1	2	2	2	1	3	1	0	4	3	1	1	1	0	1
chr9	39295545	39296728	1184	6	0	1184	627	557	101	25	28	54	43	49	46	37	29	21	50	30	36	25	31	20	33	38	13	36	56	36	24	41	39	49	22	40	47	34	11	38
chr9	39296738	39296916	179	6	0	179	77	102	16	2	6	1	2	11	9	2	7	3	11	2	0	2	2	0	3	6	2	7	8	8	6	6	9	9	7	7	4	6	5	8
chr9	39296918	39296956	39	6	0	39	26	13	4	2	1	1	1	3	1	1	2	0	0	0	1	3	1	4	4	2	1	1	2	0	0	0	0	0	0	0	0	0	0	2
chr9	39296958	39297261	304	6	0	304	164	140	14	13	9	7	13	13	11	18	8	4	9	7	8	15	7	8	23	10	2	10	12	13	2	13	11	7	1	7	9	11	1	6
chr9	39297262	39297292	31	5	0	31	26	5	8	2	1	3	0	0	0	0	1	0	0	0	5	0	2	3	0	1	0	1	0	0	0	1	0	0	0	0	1	0	0	0
chr9	39297293	39297880	588	6	0	588	408	180	76	21	27	41	18	13	15	30	27	6	8	13	45	21	16	30	23	6	3	29	16	7	0	11	16	10	0	4	20	11	1	22
chr9	39297882	39297928	47	6	0	47	39	8	9	1	2	6	1	0	1	2	2	0	0	1	6	1	0	5	2	0	0	1	1	0	0	0	0	0	0	0	1	1	0	2
chr9	39297930	39298752	823	6	0	823	586	237	111	33	36	58	38	18	15	31	33	8	18	17	56	25	22	66	37	11	2	34	18	8	0	13	15	10	0	12	32	10	2	32
chr9	39298754	39298791	38	6	0	38	15	23	0	2	1	0	2	1	2	0	1	0	4	1	0	0	0	0	0	2	0	1	1	1	1	4	2	2	2	0	2	2	1	1
chr9	39298793	39299039	247	6	0	247	124	123	15	5	6	7	9	11	12	5	5	4	10	7	4	8	9	7	7	13	2	6	15	10	3	12	4	13	2	9	11	4	1	9
chr9	39299041	39299074	34	6	0	34	24	10	6	0	2	3	2	1	1	0	1	1	1	1	2	2	0	0	1	1	0	2	1	0	0	0	0	0	0	0	2	0	0	2
chr9	39299076	39299301	226	6	0	226	158	68	35	8	4	18	7	4	8	14	9	7	1	3	14	8	8	9	14	5	0	8	7	5	0	2	3	2	0	1	8	2	0	10
chr9	39299303	39299378	76	6	0	76	44	32	9	7	2	0	4	3	3	3	4	0	2	2	1	1	1	1	7	1	2	2	4	0	1	1	1	1	0	4	1	4	1	1
chr9	39299380	39300027	648	6	0	648	388	260	49	18	28	34	21	14	34	29	36	18	20	15	23	6	19	24	32	10	1	12	21	13	0	23	20	14	0	24	25	20	1	42
chr9	39300028	39300131	104	6	0	104	66	38	10	3	7	7	7	1	5	4	8	3	1	1	1	3	1	2	7	1	0	2	3	2	0	2	2	3	0	3	5	1	0	7
chr9	39300133	39300201	69	6	0	69	50	19	12	4	6	1	4	0	0	2	1	2	2	1	6	0	4	4	4	0	0	3	0	0	0	1	1	0	0	3	1	1	0	4
chr9	39300203	39300375	173	6	0	173	122	51	25	6	11	13	8	2	7	4	14	3	4	2	9	1	1	11	7	2	0	3	4	0	0	2	4	1	0	5	6	3	0	13
chr9	39300377	39300429	53	6	0	53	40	13	18	0	4	2	1	1	0	0	1	1	1	1	4	1	2	1	0	0	0	3	1	1	0	2	0	2	0	0	1	1	0	2
chr9	39300430	39300461	32	6	0	32	22	10	1	0	3	2	0	1	0	0	1	2	2	0	3	1	2	2	0	1	0	3	0	0	0	1	0	0	0	0	2	0	0	3
chr9	39300463	39300536	74	6	0	74	48	26	3	2	4	6	2	1	4	2	7	1	4	1	3	2	1	4	2	0	0	4	2	0	0	2	1	1	0	0	3	3	0	7
chr9	39300537	39300726	190	6	0	190	109	81	11	6	5	10	6	4	10	9	8	8	9	3	7	1	8	4	7	2	1	9	6	3	0	6	6	4	2	6	10	6	1	10
chr9	39300728	39300765	38	6	0	38	25	13	2	0	1	4	0	0	2	1	2	0	2	2	2	1	1	3	0	0	0	1	1	1	0	2	1	1	0	0	1	2	0	3
chr9	39300767	39301499	733	6	0	733	447	286	58	26	33	33	34	14	24	30	27	14	33	25	31	19	16	30	29	15	3	26	25	16	1	24	21	8	2	15	26	28	4	41
chr9	39301503	39301560	58	6	0	58	24	34	1	3	1	0	2	4	5	0	2	2	2	2	0	0	0	0	1	5	1	1	4	1	1	4	1	4	0	1	5	1	0	2
chr9	39301562	39302472	911	6	0	911	535	376	83	31	38	36	34	30	36	33	46	12	36	15	26	25	29	24	41	14	1	42	29	26	4	37	24	20	1	27	38	36	2	33
chr9	39302473	39302505	33	6	0	33	23	10	7	1	2	1	2	0	1	1	3	1	0	1	0	0	1	1	0	0	0	1	1	0	0	0	2	0	0	0	1	1	0	3
chr9	39302507	39302871	365	6	0	365	251	114	42	11	18	26	20	2	10	18	16	7	9	16	19	8	9	20	16	0	0	10	8	4	0	4	9	4	0	9	17	8	0	23
chr9	39302873	39302899	27	6	0	27	20	7	4	3	1	1	2	0	0	0	0	0	1	0	3	2	1	1	2	0	0	2	0	0	0	1	0	0	0	0	0	1	0	0
chr9	39302901	39303113	213	6	0	213	148	65	36	5	9	16	10	4	7	6	16	4	5	4	5	4	4	11	8	4	0	5	6	1	0	6	2	1	0	3	11	7	0	11
chr9	39303114	39303502	389	6	0	389	265	124	45	15	30	23	18	4	9	11	25	7	11	6	26	13	9	12	13	11	1	13	6	1	1	12	9	3	0	4	14	5	0	30
chr9	39303503	39304143	641	6	0	641	441	200	64	18	30	42	26	14	11	24	19	14	17	15	46	20	22	57	30	11	1	24	10	8	2	15	15	2	4	13	20	14	3	28
chr9	39304145	39304161	17	6	0	17	7	10	0	0	0	0	0	1	1	3	0	0	1	1	0	0	0	0	1	0	0	0	1	1	0	1	0	1	0	1	2	0	0	0
chr9	39304163	39305140	978	6	0	978	603	375	63	27	42	57	34	30	41	47	39	21	24	25	54	27	36	35	51	15	1	38	22	25	1	26	40	10	2	34	39	24	2	44
chr9	39305141	39305158	18	6	0	18	11	7	2	1	1	0	1	0	1	1	1	1	0	1	0	0	0	0	1	0	0	1	1	0	0	0	0	0	0	0	1	1	0	1
chr9	39305159	39305340	182	6	0	182	126	56	24	4	10	14	6	3	1	8	9	2	4	5	14	6	5	9	5	4	1	6	4	4	1	5	1	1	2	2	8	5	0	7
chr9	39305342	39305367	26	6	0	26	18	8	4	0	2	1	0	0	0	2	2	0	0	1	1	1	1	1	1	0	0	0	0	0	0	0	0	0	1	3	1	0	1	1
chr9	39305377	39305425	49	6	0	49	34	15	5	1	1	6	3	2	1	3	2	1	0	0	3	1	2	2	2	1	0	1	1	0	0	0	4	0	0	2	2	0	0	1
chr9	39305427	39305767	341	6	0	341	257	84	51	10	18	33	15	2	3	8	18	4	8	14	29	6	11	25	10	5	0	7	5	2	0	7	2	0	0	2	11	7	2	24
chr9	39305769	39305788	20	6	0	20	12	8	2	0	1	1	0	1	1	2	0	1	0	0	1	0	0	1	1	0	0	1	0	0	0	0	3	0	0	1	0	0	1	0
chr9	39305790	39306747	958	6	0	958	572	386	100	25	35	53	36	20	28	26	40	16	32	35	39	20	29	36	32	17	7	25	27	20	22	29	18	27	14	25	33	34	11	45
chr9	39306751	39307078	328	6	0	328	219	109	32	15	10	23	15	6	9	22	12	4	7	7	22	10	8	16	18	7	0	10	10	6	0	6	11	4	0	7	13	5	0	11
chr9	39307080	39307107	28	6	0	28	21	7	3	1	0	2	1	0	1	0	1	0	0	0	2	3	0	5	0	2	2	0	1	0	0	1	0	0	0	0	1	0	0	0
chr9	39307109	39307540	432	6	0	432	301	131	44	17	16	34	19	6	12	20	28	6	9	19	20	12	11	27	19	4	2	16	15	2	0	2	2	2	0	4	20	11	4	27
chr9	39307542	39307568	27	6	0	27	12	15	2	1	1	0	1	0	1	0	1	1	2	0	0	0	2	0	0	0	0	2	0	3	0	4	0	0	0	0	1	3	0	0
chr9	39307570	39307976	407	6	0	407	284	123	50	15	16	26	11	10	9	20	14	4	7	13	31	16	14	27	19	6	3	16	10	5	1	6	7	3	0	8	14	8	0	16
chr9	39307978	39308018	41	6	0	41	34	7	8	0	0	8	1	0	0	4	2	0	0	0	6	1	1	2	0	1	0	0	0	0	0	1	2	0	0	0	2	0	0	0
chr9	39308020	39308527	508	6	0	508	362	146	44	11	24	43	19	7	12	19	25	10	9	18	34	11	23	52	17	3	0	19	11	2	0	6	12	2	0	12	17	12	0	32
chr9	39308529	39308610	82	6	0	82	41	41	4	0	2	4	1	5	5	2	1	1	4	4	3	1	1	1	2	2	1	2	7	4	0	3	2	4	1	3	2	4	0	4
chr9	39308612	39308698	87	6	0	87	47	40	8	2	1	3	1	3	2	3	2	3	3	3	3	1	7	1	2	5	2	1	5	2	1	4	0	2	1	3	2	2	2	5
chr9	39308700	39308784	85	6	0	85	33	52	0	1	3	1	2	2	5	1	3	2	7	1	0	2	2	0	1	1	1	4	4	4	2	5	1	6	3	6	4	5	2	2
chr9	39308786	39308848	63	6	0	63	35	28	15	1	1	0	2	3	5	0	1	2	4	0	0	0	0	0	2	1	0	3	3	1	0	1	5	2	0	2	0	1	2	4
chr9	39308849	39309247	399	6	0	399	277	122	38	14	12	35	25	7	10	17	16	5	7	16	21	10	6	36	21	10	3	2	15	2	0	7	9	3	0	6	14	9	1	20
chr9	39309248	39310134	887	6	0	887	561	326	100	40	43	34	48	14	29	39	32	19	18	28	36	23	22	35	47	22	4	23	33	11	2	23	22	18	4	20	28	18	4	46
chr9	39310140	39310913	774	6	0	774	425	349	54	14	27	32	23	25	28	22	18	16	29	26	33	23	24	30	29	17	9	23	19	20	18	27	22	28	19	28	28	19	12	30
chr9	39310915	39310955	41	6	0	41	26	15	2	3	1	2	1	2	1	3	3	0	2	0	2	1	1	1	3	0	0	3	1	0	0	1	2	0	0	0	1	2	0	1
chr9	39310957	39311307	351	6	0	351	254	97	54	15	21	27	17	3	5	11	20	2	7	12	27	7	13	11	10	6	0	11	8	3	0	4	4	2	0	8	14	4	0	23
chr9	39311309	39311367	59	6	0	59	42	17	6	1	4	4	1	0	0	2	3	2	1	0	5	3	4	6	1	2	0	3	0	1	0	3	0	0	0	0	1	1	0	3
chr9	39311368	39311404	37	6	0	37	28	9	4	2	1	3	2	0	0	3	2	2	0	1	2	0	1	3	3	0	1	0	0	0	0	0	0	0	0	0	2	0	1	2
chr9	39311405	39311439	35	6	0	35	28	7	2	0	0	5	1	0	0	2	2	0	0	3	2	1	3	5	0	1	0	0	1	0	0	0	0	0	0	0	2	0	0	3
chr9	39311440	39311469	30	6	0	30	19	11	0	0	4	3	1	2	0	1	3	0	1	0	1	0	1	0	1	0	0	1	1	0	0	0	1	1	0	2	1	0	0	3
chr9	39311471	39311574	104	6	0	104	81	23	14	4	2	13	4	1	2	4	1	0	0	3	13	6	1	12	5	2	0	4	4	2	0	0	0	1	0	1	2	1	0	0
chr9	39311583	39312245	663	6	0	663	462	201	72	32	29	45	23	14	19	31	23	5	11	17	59	25	10	45	29	17	1	29	18	8	2	13	14	3	0	11	26	13	1	16
chr9	39312247	39312296	50	6	0	50	35	15	4	2	3	4	2	0	1	2	3	1	1	2	4	0	1	3	2	1	0	0	1	0	0	3	0	0	0	0	2	3	0	3
chr9	39312301	39312746	446	6	0	446	313	133	55	16	24	31	20	5	12	15	20	6	8	13	31	13	9	35	16	11	1	12	9	3	0	11	11	1	0	9	16	9	1	21
chr9	39312748	39313303	556	6	0	556	315	241	51	13	17	25	18	10	19	21	19	9	28	21	20	11	10	21	13	9	6	15	23	8	10	20	11	21	15	13	21	23	7	26
chr9	39313304	39313327	24	6	0	24	18	6	6	0	2	1	0	0	0	0	1	0	1	1	2	1	0	2	0	0	1	0	0	0	0	1	0	0	0	0	0	1	0	2
chr9	39313328	39313815	488	6	0	488	328	160	51	14	22	35	19	15	14	20	24	6	6	11	27	13	14	36	23	9	0	16	11	7	0	16	15	8	1	6	19	9	1	18
chr9	39313816	39313834	19	6	0	19	13	6	3	0	1	2	0	0	2	0	2	0	0	0	1	0	1	0	0	0	0	0	0	0	0	0	1	0	0	1	0	0	0	3
chr9	39313835	39314092	258	6	0	258	182	76	25	8	14	25	15	5	3	10	11	3	4	9	21	10	5	12	13	2	0	11	8	3	0	5	4	1	0	1	8	10	0	10
chr9	39314094	39314152	59	6	0	59	29	30	0	0	2	0	1	13	0	4	1	1	1	0	0	3	1	2	11	2	0	2	1	3	0	2	4	0	0	0	2	1	0	0
chr9	39314154	39314217	64	6	0	64	51	13	16	3	2	8	8	2	0	0	1	1	0	2	4	1	0	2	7	0	0	0	0	0	0	0	1	0	0	1	2	0	0	1
chr9	39314219	39314248	30	6	0	30	22	8	3	1	0	2	2	1	0	2	0	0	1	0	1	3	1	4	3	0	0	2	1	0	0	0	0	0	0	0	0	1	0	0
chr9	39314250	39314479	230	6	0	230	170	60	32	3	10	26	13	4	0	9	9	1	5	5	17	10	5	20	7	5	0	6	5	3	0	5	4	1	0	3	10	4	0	6
chr9	39314481	39314493	13	6	0	13	8	5	0	0	0	1	1	0	0	0	0	0	0	2	0	0	1	3	0	0	0	0	1	0	0	0	0	0	0	0	0	1	0	1
chr9	39314495	39314584	90	6	0	90	51	39	4	2	2	6	3	3	5	3	5	1	5	2	3	0	2	3	2	3	0	1	4	2	1	2	4	1	1	4	4	3	0	7
chr9	39314586	39314628	43	6	0	43	29	14	10	1	5	1	2	0	0	2	3	1	0	0	2	0	1	1	1	0	0	1	1	0	0	0	0	1	1	3	1	0	1	2
chr9	39314630	39315000	371	6	0	371	273	98	61	13	21	29	19	3	4	14	19	5	8	12	25	6	11	21	15	2	0	10	5	0	0	8	6	3	0	5	14	8	0	22
chr9	39315002	39315047	46	6	0	46	32	14	6	2	3	2	3	0	1	2	2	0	1	1	3	0	2	3	1	0	0	1	0	0	0	1	3	0	0	3	1	1	0	2
chr9	39315049	39315122	74	6	0	74	56	18	14	5	3	5	4	1	0	4	4	0	2	2	4	2	0	4	6	1	0	1	1	0	1	0	0	0	0	0	2	1	1	4
chr9	39315124	39315174	51	6	0	51	36	15	3	3	3	6	5	0	0	3	3	1	1	0	4	0	1	1	2	2	0	0	1	0	0	1	2	0	0	2	3	0	0	2
chr9	39315176	39315640	465	6	0	465	259	206	31	13	14	24	17	15	22	15	25	14	12	9	9	9	14	16	21	14	7	9	17	9	5	14	14	10	10	14	16	13	6	25
chr9	39315642	39315782	141	6	0	141	70	71	11	2	3	5	4	10	8	1	1	3	5	5	5	3	3	1	7	7	1	3	8	4	2	9	3	7	0	4	5	5	1	3
chr9	39315784	39315954	171	6	0	171	124	47	23	4	8	15	7	1	5	5	11	4	2	2	9	4	3	20	8	1	0	4	1	1	1	3	3	1	0	4	7	4	1	7
chr9	39315956	39315981	26	6	0	26	11	15	0	1	1	0	0	1	0	3	2	1	1	1	0	0	0	0	0	1	0	0	2	2	1	0	0	0	1	1	2	2	0	1
chr9	39315983	39316065	83	6	0	83	35	48	2	1	2	3	3	4	6	2	3	3	3	3	0	0	0	0	5	1	2	0	1	1	2	6	4	5	3	4	5	4	3	0
chr9	39316068	39316618	551	6	0	551	395	156	70	16	18	48	23	11	19	24	22	8	11	17	38	20	11	37	25	4	2	24	6	3	0	8	16	1	0	9	31	9	0	18
chr9	39316619	39316638	20	6	0	20	13	7	2	1	1	1	0	0	0	0	2	0	2	0	1	1	1	1	0	1	0	0	0	0	0	1	0	0	0	0	0	0	0	3
chr9	39316639	39316711	73	6	0	73	44	29	10	0	3	4	3	0	2	3	1	2	4	3	3	1	1	3	0	2	0	0	2	4	0	4	1	2	0	3	5	2	0	3
chr9	39316713	39316890	178	6	0	178	110	68	6	6	5	13	7	4	5	11	7	1	9	8	12	4	2	8	6	2	0	7	7	4	1	4	5	4	1	2	9	6	2	8
chr9	39316892	39317211	320	6	0	320	224	96	35	13	14	31	13	3	10	15	18	1	3	10	26	5	5	20	10	6	3	3	10	1	0	7	7	6	0	11	14	5	1	12
chr9	39317212	39317227	16	6	0	16	13	3	10	1	0	0	1	0	0	0	0	0	0	0	0	0	0	0	1	1	0	0	0	0	0	0	0	0	0	0	0	0	0	0
chr9	39317228	39317436	209	6	0	209	139	70	15	3	7	22	6	8	5	13	10	4	2	9	16	6	2	10	14	4	0	3	8	8	0	5	2	0	0	0	9	9	0	7
chr9	39317437	39317446	10	6	0	10	5	5	0	1	0	0	0	0	1	0	1	0	1	0	0	0	0	0	1	0	0	0	0	0	0	0	0	0	0	2	0	0	0	1
chr9	39317447	39317864	418	6	0	418	231	187	20	16	20	12	12	17	23	14	20	10	14	9	16	9	6	13	17	14	1	19	19	13	2	19	9	12	0	7	20	14	1	18
chr9	39317868	39317961	94	6	0	94	52	42	6	2	0	4	1	3	5	9	1	1	3	4	4	2	3	3	3	3	0	2	6	3	0	3	4	5	0	3	5	1	0	3
chr9	39317963	39318091	129	6	0	129	64	65	11	4	3	3	7	4	8	5	4	0	10	2	0	1	1	0	2	3	0	4	8	3	0	6	9	5	1	7	4	6	1	5
chr9	39318092	39320322	2231	6	0	2231	1240	991	127	65	101	98	98	64	98	103	103	46	85	47	62	47	43	52	91	56	3	72	112	88	1	89	71	60	3	64	89	86	3	102
chr9	39320323	39320356	34	6	0	34	15	19	0	1	1	0	2	0	3	0	0	3	4	0	0	0	0	0	2	1	0	1	2	0	0	1	1	1	1	1	1	1	1	4
chr9	39320357	39320433	77	6	0	77	34	43	0	3	2	2	4	2	8	2	3	1	4	2	0	0	0	0	1	2	0	3	3	1	0	4	8	3	3	4	5	1	1	3
chr9	39320434	39320572	139	6	0	139	76	63	8	3	6	8	10	7	3	4	4	0	5	3	3	6	2	3	8	3	0	4	5	9	0	7	6	4	0	4	5	5	0	2
chr9	39320573	39320596	24	6	0	24	15	9	2	1	2	1	0	3	1	1	1	0	0	0	2	0	0	0	3	0	0	1	0	0	0	0	1	0	0	2	1	0	0	0
chr9	39320597	39321494	898	6	0	898	449	449	44	26	39	21	38	43	49	28	23	19	30	17	23	17	18	12	41	32	2	30	54	45	3	41	32	40	3	37	31	26	4	28
chr9	39321495	39321587	93	6	0	93	61	32	13	6	1	3	4	1	6	7	2	2	0	3	4	2	2	3	6	1	0	4	0	1	0	3	7	2	0	1	6	0	0	1
chr9	39321588	39321986	399	6	0	399	254	145	39	17	16	19	16	13	14	17	18	5	14	11	19	12	9	13	17	7	2	21	10	2	0	16	8	7	0	7	25	12	2	9
chr9	39321987	39322010	24	6	0	24	12	12	0	0	0	1	0	1	1	2	1	0	1	2	0	1	0	1	1	0	0	1	1	0	1	1	0	2	0	0	2	1	1	0
chr9	39322011	39322078	68	6	0	68	48	20	6	1	4	4	2	0	2	4	6	1	2	2	2	1	3	6	1	0	0	2	1	0	0	0	2	0	0	2	4	1	0	7
chr9	39322079	39322124	46	6	0	46	34	12	4	1	3	4	1	0	2	0	2	2	0	1	5	1	3	3	1	0	0	3	0	0	0	1	2	0	0	0	0	1	0	4
chr9	39322125	39323070	946	6	0	946	561	385	66	32	36	43	30	25	44	37	37	20	32	17	45	24	26	45	45	18	14	25	28	17	5	35	26	26	2	38	37	24	5	40
chr9	39323071	39323105	35	6	0	35	19	16	1	1	2	1	1	2	1	4	3	1	0	0	0	1	0	1	3	1	1	0	1	0	0	1	2	0	1	0	2	0	0	2
chr9	39323106	39323339	234	6	0	234	147	87	28	9	15	8	13	7	7	7	11	4	8	7	7	3	8	4	10	2	2	8	2	2	1	5	9	2	0	13	13	4	1	12
chr9	39323340	39323350	11	6	0	11	9	2	0	1	0	1	0	0	0	1	1	0	0	0	1	0	0	2	1	0	0	0	0	0	0	0	0	0	0	0	1	0	0	0
chr9	39323351	39323411	61	6	0	61	47	14	12	3	2	3	2	1	1	2	1	1	0	3	6	0	3	5	3	1	0	1	1	0	0	1	1	0	0	1	1	1	0	3
chr9	39323412	39323477	66	6	0	66	45	21	3	2	2	4	0	5	3	6	3	1	0	1	5	5	0	3	9	1	0	3	0	0	0	1	1	0	0	1	4	0	0	1
chr9	39323478	39323704	227	6	0	227	167	60	31	9	8	24	11	3	5	11	10	4	1	5	20	4	4	15	11	2	0	7	5	3	0	4	5	2	0	1	9	5	0	6
chr9	39323705	39323744	40	6	0	40	27	13	3	1	1	3	1	1	2	1	2	0	1	2	2	3	1	2	2	0	0	2	1	0	0	0	2	0	0	0	1	1	0	3
chr9	39323745	39324180	436	6	0	436	265	171	43	14	12	19	13	14	17	14	13	8	19	14	19	13	13	19	20	12	2	15	15	6	3	14	6	8	4	10	17	13	3	22
chr9	39324181	39324317	137	6	0	137	68	69	9	4	2	5	4	5	7	4	1	3	5	5	6	2	4	2	5	5	3	1	6	4	4	7	5	8	0	5	4	3	2	5
chr9	39324318	39324794	477	6	0	477	301	176	50	20	21	25	20	12	17	18	15	7	12	9	31	12	17	14	16	7	4	24	13	8	1	13	18	13	1	14	20	6	0	17
chr9	39324795	39324813	19	6	0	19	12	7	3	1	1	1	1	0	0	1	1	0	0	1	1	0	0	1	0	0	0	1	1	0	0	0	1	0	0	0	0	1	1	0
chr9	39324814	39325074	261	6	0	261	144	117	11	10	11	12	14	5	11	12	11	3	10	7	9	5	7	5	13	3	1	6	9	10	2	11	11	8	0	11	8	11	1	11
chr9	39325075	39325132	58	6	0	58	38	20	2	2	1	0	2	3	2	2	2	3	2	5	0	0	3	7	6	0	1	1	0	0	0	0	0	0	0	0	3	0	1	8
chr9	39325133	39325308	176	6	0	176	116	60	15	3	4	15	8	7	4	4	4	5	6	7	12	2	6	12	9	5	0	3	7	4	0	6	1	0	0	3	6	8	0	8
chr9	39325309	39325398	90	6	0	90	50	40	5	1	4	2	4	7	7	1	3	4	1	2	1	0	3	3	7	0	0	5	0	3	0	3	7	1	0	4	5	2	0	3
chr9	39325399	39325588	190	6	0	190	122	68	16	6	4	15	10	8	7	10	10	5	4	5	6	3	1	10	11	5	1	5	8	3	0	3	5	1	0	2	11	5	1	7
chr9	39325589	39325605	17	6	0	17	8	9	0	1	1	0	1	0	1	0	1	0	2	0	0	0	0	0	0	0	0	1	0	0	0	1	3	0	0	1	0	1	0	1
chr9	39325606	39325740	135	6	0	135	74	61	6	6	8	3	6	3	6	8	8	3	3	4	3	1	1	5	6	0	2	4	1	2	2	4	8	4	4	4	8	4	0	6
chr9	39325744	39326229	486	6	0	486	265	221	34	16	17	14	18	21	27	11	12	9	20	15	18	10	8	14	21	8	6	20	21	9	4	15	17	18	4	21	18	14	8	16
chr9	39326230	39326263	34	6	0	34	27	7	8	1	1	3	0	1	0	2	3	0	0	0	1	2	2	1	1	0	0	3	0	0	0	0	0	0	0	0	2	0	0	1
chr9	39326264	39326462	199	6	0	199	126	73	18	8	9	8	7	7	10	8	4	5	4	6	15	6	3	6	16	3	0	7	6	2	0	5	6	5	0	3	4	3	2	11
chr9	39326463	39326589	127	6	0	127	79	48	8	6	3	9	6	3	3	5	5	0	4	3	7	4	4	9	6	3	3	1	3	5	1	2	3	1	0	6	4	3	0	5
chr9	39326590	39327254	665	6	0	665	406	259	57	23	36	26	28	17	27	18	28	16	26	25	28	11	18	21	31	11	3	22	19	7	1	26	15	10	2	17	25	25	2	42
chr9	39327258	39327402	145	6	0	145	73	72	11	2	5	2	5	9	5	2	5	3	9	4	0	3	7	0	6	2	1	8	5	5	3	4	3	4	2	7	6	6	2	7
chr9	39327403	39327445	43	6	0	43	25	18	6	1	0	3	2	2	0	0	0	1	1	0	2	2	3	1	1	2	2	2	3	2	1	0	0	1	1	0	0	0	0	2
chr9	39327446	39329467	2022	6	0	2022	1169	853	161	54	99	100	86	52	83	67	85	35	80	54	83	37	43	49	66	43	8	61	76	66	4	87	61	62	7	57	85	62	7	100
chr9	39329468	39329489	22	6	0	22	12	10	1	0	0	0	1	0	0	3	0	1	2	1	0	1	1	0	1	1	0	0	1	0	0	1	2	0	0	0	0	1	0	2
chr9	39329490	39329577	88	6	0	88	55	33	6	3	4	6	4	1	4	7	3	4	0	3	4	0	0	4	4	1	0	3	6	1	0	2	3	1	0	2	3	6	0	1
chr9	39329578	39329623	46	6	0	46	26	20	3	1	2	1	1	0	1	2	2	2	3	2	1	0	2	3	0	2	0	1	3	2	0	2	0	0	0	0	1	3	0	4
chr9	39329624	39329677	54	6	0	54	34	20	4	1	6	2	2	0	2	1	1	0	0	2	5	2	2	3	1	0	0	2	1	0	0	4	2	4	0	2	1	1	0	1
chr9	39329678	39330023	346	6	0	346	184	162	17	7	15	8	8	12	14	18	15	6	9	11	7	9	9	19	14	9	2	9	19	18	3	11	8	11	2	13	10	14	3	14
chr9	39330024	39330085	62	6	0	62	27	35	1	1	1	1	1	4	7	3	2	2	2	2	0	0	0	0	3	3	0	1	2	1	0	2	6	1	1	6	4	1	1	1
chr9	39330086	39330104	19	6	0	19	6	13	0	0	0	0	0	1	1	0	0	0	2	0	0	0	0	0	1	1	0	0	1	1	2	2	0	2	0	0	0	2	0	1
chr9	39330105	39330191	87	6	0	87	49	38	6	4	4	1	4	6	6	2	6	1	3	0	0	0	0	4	5	0	0	6	3	3	0	1	4	3	0	3	6	1	0	3
chr9	39330192	39330262	71	6	0	71	31	40	2	4	2	0	4	3	6	2	2	2	4	0	0	0	0	0	3	1	1	4	2	5	0	3	6	2	0	3	4	2	0	2
chr9	39330263	39330319	57	6	0	57	38	19	7	2	1	4	0	3	2	1	1	0	1	0	6	4	5	1	2	2	0	5	0	1	0	2	2	0	0	1	1	0	0	1
chr9	39330320	39330334	15	6	0	15	9	6	1	0	0	1	1	0	1	0	2	0	0	1	0	0	0	0	0	0	0	0	2	0	0	1	0	0	0	0	0	3	0	0
chr9	39330335	39330550	216	6	0	216	123	93	8	6	13	7	6	9	10	8	13	6	11	9	6	4	4	2	10	6	2	7	6	3	1	8	4	2	0	4	13	7	1	18
chr9	39330551	39330587	37	6	0	37	18	19	1	2	2	1	1	3	1	1	3	0	1	0	0	0	0	0	2	1	1	1	2	2	1	1	1	1	0	2	2	2	0	0
chr9	39330588	39330754	167	6	0	167	91	76	11	4	4	9	7	7	9	7	6	3	9	7	4	2	1	1	4	4	1	7	11	1	1	3	8	3	0	6	7	9	2	7
chr9	39330755	39330767	13	6	0	13	5	8	0	0	0	1	1	0	0	0	0	0	1	1	0	0	0	0	0	0	0	0	2	0	1	0	0	2	0	0	0	1	0	1
chr9	39330768	39330850	83	6	0	83	57	26	6	5	4	7	6	2	3	2	3	1	0	2	7	4	3	1	5	1	0	5	2	0	0	0	2	1	0	3	4	0	0	2
chr9	39330851	39330875	25	6	0	25	14	11	0	0	1	0	1	2	1	2	0	0	1	1	0	1	1	2	1	0	0	2	1	0	0	0	2	1	0	1	1	0	0	1
chr9	39330876	39331244	369	6	0	369	238	131	30	9	15	25	17	15	11	14	13	4	13	13	20	4	9	24	19	2	1	10	10	6	1	5	10	6	1	17	18	8	1	16
chr9	39331245	39331327	83	6	0	83	34	49	0	1	2	1	3	5	7	0	1	4	6	3	0	0	0	0	2	1	2	5	4	1	1	3	5	4	3	4	4	3	2	4
chr9	39331328	39331502	175	6	0	175	87	88	8	3	0	6	3	4	14	7	2	3	14	7	4	5	4	1	7	4	0	4	7	3	0	13	7	8	1	8	8	8	3	7
chr9	39331503	39332699	1197	6	0	1197	718	479	97	26	50	53	36	44	43	47	42	21	39	34	50	35	33	66	52	29	8	37	38	30	6	45	42	20	2	34	39	40	8	49
chr9	39332703	39332820	118	6	0	118	45	73	1	0	3	3	2	7	7	1	4	0	11	4	0	1	1	0	2	1	0	5	7	6	6	4	4	8	2	8	4	7	2	5
chr9	39332821	39332851	31	7	0	31	11	20	0	0	0	0	0	1	2	0	0	1	1	0	1	1	2	0	1	0	2	1	2	1	1	2	0	3	3	2	0	2	0	0
chr9	39332852	39333739	888	6	0	888	590	298	80	28	32	60	34	27	19	42	28	14	23	27	58	26	31	59	44	17	3	31	22	11	2	24	21	11	4	16	35	20	3	34
chr9	39333740	39333757	18	7	0	18	12	6	6	1	0	0	0	0	1	0	1	1	1	0	0	0	0	0	0	0	2	0	0	0	0	0	0	0	0	0	1	0	0	2
chr9	39333758	39333824	67	6	0	67	25	42	0	1	2	0	2	3	5	0	0	1	6	2	1	1	0	0	1	0	1	4	3	2	2	3	5	4	3	4	1	5	0	3
chr9	39333825	39333910	86	8	0	86	39	47	4	1	0	4	0	4	5	3	2	1	4	0	2	2	3	3	1	4	1	2	6	4	2	5	3	6	1	4	2	3	1	1
chr9	39333911	39333924	14	6	0	14	11	3	4	0	0	0	0	0	0	0	0	0	1	0	1	1	2	0	0	0	0	1	0	0	0	0	0	0	0	0	0	0	0	2
chr9	39333925	39333987	63	7	0	63	27	36	1	2	0	0	0	3	3	3	1	2	4	5	1	0	1	0	1	5	1	0	3	3	2	4	1	2	0	1	5	2	2	3
chr9	39333988	39334115	128	6	0	128	79	49	3	3	2	3	5	8	2	7	1	0	2	3	2	4	2	31	9	1	3	2	5	3	2	2	6	6	1	2	2	2	0	2
chr9	39334119	39334457	339	6	0	339	208	131	26	10	10	17	9	13	11	21	11	2	12	8	16	13	9	18	20	4	2	13	8	13	0	10	13	5	2	8	13	9	0	11
chr9	39334459	39335554	1096	6	0	1096	638	458	85	32	34	48	41	40	49	30	38	18	38	29	35	28	36	57	40	26	13	39	41	19	10	33	38	28	8	38	41	29	7	46
chr9	39335555	39335596	42	7	0	42	23	19	0	0	0	1	0	0	4	5	0	1	1	3	1	3	1	3	2	1	0	0	1	1	0	1	1	1	0	4	4	0	0	1
chr9	39335597	39335649	53	6	0	53	31	22	4	1	2	2	1	3	2	4	3	1	0	1	1	2	2	1	4	0	0	3	4	1	0	1	0	1	0	1	1	4	0	1
chr9	39335650	39335690	41	7	0	41	25	16	3	2	3	1	2	2	0	1	4	0	0	1	1	1	0	2	1	1	2	1	2	0	1	1	1	1	0	0	1	2	1	1
chr9	39335691	39335994	304	6	0	304	214	90	40	11	12	24	15	8	7	13	13	3	6	9	18	6	6	22	16	5	0	7	5	2	0	8	9	2	0	5	13	6	0	11
chr9	39336003	39336097	95	6	0	95	42	53	4	0	4	1	2	5	4	1	0	1	5	7	3	2	0	3	2	3	1	1	4	3	4	5	2	8	4	2	4	2	1	5
chr9	39336098	39336158	61	7	0	61	35	26	8	1	0	3	1	2	2	1	1	3	2	1	2	3	4	1	2	4	1	2	3	1	1	2	0	1	0	1	1	2	0	3
chr9	39336159	39336240	82	6	0	82	29	53	0	1	1	1	1	2	3	5	2	1	7	0	0	2	2	0	2	2	0	2	5	5	4	6	2	6	4	4	2	6	0	2
chr9	39336241	39336324	84	7	0	84	43	41	9	2	3	3	4	2	5	1	2	2	4	1	2	0	1	1	1	1	0	4	5	1	1	1	5	4	4	5	1	2	1	4
chr9	39336325	39337917	1593	6	0	1593	966	627	151	48	70	83	59	45	65	52	74	32	44	44	69	25	43	61	56	35	7	52	58	39	6	55	50	32	7	35	56	52	6	80
chr9	39337918	39337935	18	7	0	18	12	6	3	0	1	2	0	1	0	0	1	0	1	0	2	0	0	0	0	0	0	1	0	0	0	1	1	1	0	0	1	0	0	0
chr9	39337936	39338557	622	6	0	622	457	165	90	23	20	60	23	7	14	23	21	10	16	12	58	12	21	45	23	8	0	21	9	4	0	14	12	3	0	11	23	12	0	25
chr9	39338558	39338670	113	8	0	113	38	75	0	1	2	2	2	3	8	1	3	5	10	1	0	0	0	0	1	1	2	5	3	3	8	4	7	8	7	6	3	7	3	5
chr9	39338675	39338837	163	6	0	163	71	92	9	2	2	5	3	6	6	3	2	5	7	5	4	4	6	1	5	7	2	3	6	8	8	8	1	10	9	5	6	5	3	5
chr9	39338838	39338892	55	7	0	55	27	28	1	1	1	3	2	2	2	3	2	1	1	4	1	0	1	2	1	0	0	2	3	2	3	0	1	5	0	1	4	1	1	2
chr9	39338893	39339260	368	6	0	368	187	181	14	8	9	16	13	17	18	11	9	5	18	9	11	9	12	6	10	11	4	14	20	9	5	15	16	16	4	16	13	13	3	12
chr9	39339261	39339304	44	8	0	44	33	11	8	0	0	5	1	2	1	0	0	2	3	0	5	0	0	5	1	0	1	2	0	0	1	0	0	0	0	0	2	1	0	2
chr9	39339305	39339525	221	6	0	221	158	63	26	4	9	21	9	5	4	11	8	4	5	8	15	3	6	18	4	6	0	6	9	0	0	1	4	3	0	5	12	1	0	12
chr9	39339526	39339567	42	7	0	42	30	12	10	2	0	4	0	1	1	3	4	0	1	0	2	0	1	1	2	0	0	1	0	0	1	0	1	0	0	0	2	1	0	2
chr9	39339568	39339744	177	6	0	177	83	94	7	2	3	5	6	8	8	6	1	5	9	8	3	5	5	1	6	7	3	5	11	7	3	6	6	6	3	7	5	7	5	6
chr9	39339745	39339847	103	7	0	103	43	60	0	3	4	1	5	5	7	1	3	1	8	4	0	0	0	0	1	3	1	4	5	3	2	6	8	5	1	4	5	4	2	5
chr9	39339848	39339984	137	6	0	137	102	35	32	5	9	8	3	3	2	4	9	0	3	1	9	1	4	7	5	1	0	3	3	0	0	2	2	1	0	5	2	3	0	8
chr9	39339985	39342581	2597	6	0	2597	1743	854	305	73	111	203	108	64	66	102	119	36	52	79	161	60	63	140	100	53	11	69	73	35	5	73	60	35	6	47	107	64	12	103
chr9	39342582	39342625	44	8	0	44	20	24	0	0	1	2	2	1	2	2	0	0	6	1	1	1	0	0	1	1	0	0	2	2	0	4	1	2	0	3	3	3	0	1
chr9	39342628	39342674	47	8	0	47	19	28	2	1	0	1	1	2	5	0	0	0	4	1	1	1	0	0	1	1	0	2	4	2	0	2	3	4	0	2	0	2	0	3
chr9	39342675	39342716	42	7	0	42	27	15	7	2	2	2	4	1	1	2	1	2	2	0	0	0	0	0	3	1	0	1	1	1	0	0	1	0	0	1	2	0	0	3
chr9	39342717	39342785	69	6	0	69	34	35	3	1	5	0	2	3	4	0	2	4	5	0	1	0	3	0	1	4	0	3	3	2	0	4	1	0	0	5	4	3	0	4
chr9	39342786	39342820	35	8	0	35	23	12	2	2	2	1	0	1	1	0	3	0	0	1	3	2	3	0	0	1	0	4	0	1	0	2	0	0	0	0	2	1	0	1
chr9	39342821	39343388	568	6	0	568	380	188	55	22	25	28	25	18	17	26	18	8	12	19	32	21	14	39	29	10	0	30	15	5	0	12	17	5	0	7	25	12	0	20
chr9	39343389	39343457	69	8	0	69	46	23	7	1	1	6	1	4	1	6	2	1	1	1	5	3	1	5	7	0	1	1	2	0	0	2	1	2	0	1	2	2	0	0
chr9	39343458	39343476	19	6	0	19	10	9	0	0	0	0	0	8	0	0	0	0	0	0	0	0	0	0	9	0	0	0	0	0	0	0	0	0	0	0	0	0	0	0
chr9	39343479	39343810	332	6	0	332	222	110	27	14	8	19	13	6	13	18	8	3	8	14	19	17	7	27	23	6	0	11	13	4	0	7	3	3	0	6	10	11	0	12
chr9	39343811	39343841	31	7	0	31	17	14	2	0	0	2	1	2	1	2	1	0	2	2	0	0	0	2	1	1	0	0	0	0	0	2	3	0	0	0	2	1	1	1
chr9	39343842	39344753	912	6	0	912	535	377	78	32	37	39	41	22	40	37	34	16	26	25	34	19	20	33	36	20	2	31	39	29	3	30	32	19	3	32	34	33	4	30
chr9	39344754	39344802	49	7	0	49	32	17	8	1	2	4	1	1	1	1	6	0	2	2	0	0	1	1	1	0	1	0	0	0	1	1	0	1	0	1	4	1	1	4
chr9	39344803	39345099	297	6	0	297	146	151	19	7	12	8	15	8	19	14	8	9	4	5	4	5	6	3	11	12	0	6	20	16	0	17	16	13	0	12	8	12	0	6
chr9	39345104	39345656	553	6	0	553	271	282	26	9	21	17	23	21	32	22	19	14	21	9	5	13	11	7	26	18	0	13	35	28	2	31	22	23	0	20	15	27	0	21
chr9	39345657	39345701	45	7	0	45	30	15	4	4	4	0	1	0	2	2	2	0	1	0	5	1	2	2	0	0	0	5	1	0	0	0	1	0	0	3	2	1	0	0
chr9	39345702	39345820	119	6	0	119	74	45	8	5	9	6	8	2	4	3	5	6	3	2	7	1	1	3	6	0	0	8	3	3	0	4	2	2	0	0	6	5	0	5
chr9	39345821	39345877	57	7	0	57	28	29	2	0	0	4	1	1	3	4	3	1	2	2	0	1	1	2	2	1	0	0	3	5	1	2	1	2	0	3	3	3	1	1
chr9	39345878	39346153	276	6	0	276	153	123	15	8	12	13	10	10	10	14	13	7	9	8	8	6	3	5	13	6	4	8	14	14	2	9	4	5	0	7	13	14	0	10
chr9	39346157	39346199	43	6	0	43	16	27	0	0	0	0	0	3	5	1	0	2	4	1	0	0	0	0	1	1	0	3	5	1	0	1	2	2	0	2	1	3	0	3
chr9	39346200	39346215	16	7	0	16	6	10	0	0	0	0	0	1	1	0	0	0	2	2	0	0	0	0	0	0	0	0	0	0	0	0	1	0	2	1	1	0	1	2
chr9	39346216	39346502	287	6	0	287	148	139	18	4	8	10	7	12	17	10	6	7	12	10	9	6	5	6	9	12	3	4	18	6	2	15	8	14	2	10	12	9	1	13
chr9	39346503	39346524	22	7	0	22	16	6	1	0	2	3	2	0	0	0	1	0	0	2	1	1	0	1	1	0	0	0	1	0	0	1	0	0	0	0	0	2	0	1
chr9	39346525	39346637	113	6	0	113	78	35	9	4	5	9	5	2	3	3	5	2	3	4	8	3	3	10	5	2	0	3	3	1	0	3	1	0	0	1	3	4	0	7
chr9	39346639	39346790	152	6	0	152	106	46	19	2	8	11	11	0	4	1	3	4	4	6	7	7	4	14	4	4	0	5	5	1	0	2	1	0	0	6	6	3	0	8
chr9	39346792	39347030	239	6	0	239	155	84	21	7	8	16	12	5	6	15	10	5	8	9	9	7	6	10	14	4	0	6	9	3	0	4	6	3	0	2	10	6	0	16
chr9	39347032	39347055	24	6	0	24	18	6	2	0	0	2	1	0	0	1	0	0	0	1	1	3	3	2	0	0	0	3	0	0	0	0	1	0	0	1	1	0	0	0
chr9	39347057	39347133	77	6	0	77	52	25	11	3	5	4	3	2	3	3	4	1	0	2	5	1	1	3	3	1	0	3	2	0	0	2	2	0	0	4	3	3	0	1
chr9	39347134	39347162	29	6	0	29	20	9	6	1	0	3	2	0	0	2	0	1	1	0	2	0	0	1	0	2	0	0	0	1	0	1	2	0	0	0	2	0	0	0
chr9	39347164	39347449	286	6	0	286	185	101	31	6	11	19	12	8	11	9	12	4	8	11	11	7	7	17	9	3	1	12	8	4	1	3	9	4	4	7	13	5	2	15
chr9	39347451	39347539	89	6	0	89	41	48	8	2	0	4	1	3	4	0	3	1	6	1	2	1	4	1	1	3	2	1	4	5	3	4	1	5	3	3	2	4	0	5
chr9	39347541	39348135	595	6	0	595	393	202	69	21	29	36	22	14	17	15	21	14	15	16	44	13	18	27	22	8	5	27	15	12	3	12	12	10	1	9	20	12	3	31
chr9	39348136	39348202	67	6	0	67	55	12	16	4	1	5	4	0	1	2	1	1	0	1	6	2	1	8	5	0	1	1	0	0	0	0	0	0	1	1	2	0	0	1
chr9	39348204	39348432	229	6	0	229	155	74	10	8	8	15	8	8	2	13	6	2	4	5	17	11	9	27	12	8	0	9	8	4	0	6	5	2	0	3	8	4	0	5
chr9	39348434	39348558	125	6	0	125	90	35	8	4	3	8	6	1	4	7	1	0	0	6	8	10	6	17	11	1	0	3	1	0	0	2	4	1	0	4	2	1	0	4
chr9	39348560	39348688	129	6	0	129	78	51	8	5	3	4	6	6	1	14	1	2	3	5	5	3	1	9	12	2	1	1	6	2	1	4	2	6	0	2	7	3	0	2
chr9	39348689	39348702	14	7	0	14	11	3	2	0	0	2	0	0	0	1	1	0	0	0	1	1	0	2	0	1	0	0	1	0	0	0	0	0	0	0	0	0	0	0
chr9	39348703	39348988	286	6	0	286	196	90	38	7	14	19	12	11	10	7	14	8	5	6	15	6	7	16	16	5	0	10	7	1	0	5	7	3	0	2	10	4	0	19
chr9	39348990	39349317	328	6	0	328	223	105	17	14	16	24	24	5	7	9	14	10	7	12	16	10	9	29	20	4	0	14	8	6	0	5	1	0	0	3	16	9	0	17
chr9	39349319	39349352	34	6	0	34	23	11	5	1	1	3	2	1	1	2	1	1	0	0	1	2	0	1	4	0	0	1	1	0	0	0	1	0	0	1	0	2	0	0
chr9	39349354	39349518	165	6	0	165	112	53	19	4	11	10	8	5	6	5	11	4	2	3	7	5	3	7	9	2	0	7	4	1	0	2	3	3	0	2	8	1	0	11
chr9	39349519	39349745	227	7	0	227	163	64	38	13	13	11	14	5	3	7	13	1	5	8	11	2	6	11	11	4	0	6	3	1	0	4	4	0	0	4	11	3	0	13
chr9	39349748	39349867	120	7	0	120	87	33	21	4	8	8	6	1	2	4	11	0	0	5	3	2	5	5	5	0	0	2	1	1	0	2	1	1	0	4	7	2	0	7
chr9	39349868	39350183	316	7	0	316	138	178	37	4	4	5	5	10	12	3	4	7	19	8	4	6	7	2	5	6	7	9	11	15	19	11	6	23	15	12	8	13	7	10
chr9	39350184	39350489	306	7	0	306	147	159	21	3	4	11	7	8	21	9	3	6	16	7	8	6	7	8	6	6	2	9	15	13	6	12	14	18	11	15	10	9	1	12
chr9	39350490	39350501	12	7	0	12	9	3	3	0	0	2	1	0	0	0	0	1	0	0	1	1	0	0	0	0	0	0	0	0	0	0	0	0	0	0	1	0	0	0
chr9	39350502	39350923	422	7	0	422	289	133	55	17	23	28	20	7	8	13	25	7	12	8	23	8	18	17	20	7	0	12	9	4	0	11	3	4	0	9	15	9	0	28
chr9	39350925	39351268	344	7	0	344	227	117	29	11	15	22	24	14	9	15	8	2	2	10	16	19	4	25	26	11	2	7	8	1	2	8	21	2	1	6	7	5	1	9
chr9	39351270	39351282	13	7	0	13	8	5	0	0	0	0	0	2	1	0	0	0	0	3	0	0	0	0	1	0	0	1	0	0	0	0	0	0	0	0	3	0	0	0
chr9	39351288	39351502	215	7	0	215	128	87	10	7	5	15	13	6	6	11	8	5	9	5	7	4	5	10	14	3	0	5	8	8	0	10	3	7	0	2	11	8	0	8
chr9	39351503	39352012	510	8	0	510	308	202	41	20	39	15	21	16	16	19	28	5	20	16	25	5	12	10	15	13	0	18	16	3	0	19	17	9	1	21	24	13	3	28
chr9	39352021	39352642	622	8	0	622	381	241	44	17	30	35	22	8	26	33	31	10	17	20	29	16	21	20	24	13	1	14	17	11	0	25	19	15	0	24	30	14	3	31
chr9	39352643	39352654	12	8	0	12	9	3	2	1	0	1	2	0	0	0	0	0	0	1	0	0	0	2	0	0	0	0	0	0	0	0	0	0	0	0	1	0	0	0
chr9	39352655	39353719	1065	8	0	1065	620	445	69	29	49	51	49	38	44	47	43	23	34	30	37	22	24	29	34	27	5	47	49	24	2	29	45	25	1	27	50	28	4	48
chr9	39353729	39353833	105	8	0	105	75	30	9	4	4	15	5	1	2	2	5	0	1	0	13	4	2	7	4	2	0	4	3	6	0	2	0	2	0	0	3	1	0	2
chr9	39353834	39353861	28	8	0	28	16	12	1	2	0	0	2	0	2	0	1	0	3	0	0	2	2	0	1	1	0	2	1	0	0	0	0	0	0	2	1	0	0	3
chr9	39353862	39354073	212	8	0	212	100	112	6	6	5	6	9	8	13	5	6	6	14	3	2	3	5	2	8	6	0	9	11	13	0	11	8	6	2	8	8	10	2	9
chr9	39354080	39354524	445	8	0	445	192	253	12	9	16	7	11	23	35	7	15	10	14	7	6	8	11	1	11	21	1	17	36	33	3	16	22	16	5	25	7	19	1	18
chr9	39354525	39354565	41	8	0	41	23	18	0	0	0	2	1	2	5	1	0	0	1	1	1	3	0	4	4	1	0	2	2	0	0	1	3	2	0	1	0	0	0	2
chr9	39354566	39355090	525	8	0	525	309	216	31	16	14	24	18	19	16	38	17	7	10	15	19	18	11	34	30	16	2	12	25	15	5	16	24	8	1	13	13	22	4	10
chr9	39355091	39355106	16	8	0	16	14	2	6	0	1	2	0	0	0	0	0	1	0	0	3	0	0	0	0	0	0	0	0	0	0	0	0	0	0	0	0	0	0	1
chr9	39355107	39355265	159	8	0	159	118	41	31	4	7	15	10	4	1	3	5	2	2	5	10	6	5	7	8	1	0	7	3	3	0	2	2	0	0	0	5	3	0	6
chr9	39355266	39355288	23	8	0	23	13	10	1	1	1	1	1	0	1	1	2	0	2	1	0	0	0	0	0	0	0	1	1	0	0	1	0	0	0	2	2	2	0	0
chr9	39355289	39355566	278	8	0	278	145	133	17	5	10	12	7	7	12	2	14	3	13	11	6	4	9	13	4	9	1	5	14	25	1	16	2	6	0	8	8	17	0	15
chr9	39355569	39355610	42	8	0	42	11	31	0	0	0	0	0	1	2	1	0	0	5	0	0	0	1	1	0	1	0	0	0	9	0	6	4	1	2	1	0	5	0	0
chr9	39355611	39356513	903	8	0	903	408	495	25	18	33	14	20	49	56	20	32	20	43	26	12	12	14	12	37	31	6	26	54	65	5	58	20	39	8	25	34	47	3	37
chr9	39356514	39356554	41	8	0	41	36	5	12	1	0	6	1	3	0	1	1	0	0	0	5	0	0	4	4	0	0	0	0	0	0	0	0	0	0	0	1	0	0	0
chr9	39356555	39357588	1034	8	0	1034	490	544	54	19	32	28	24	41	59	26	32	29	60	21	24	8	15	17	30	29	10	28	47	61	18	52	33	41	16	36	40	48	4	50
chr9	39357590	39357601	12	8	0	12	5	7	0	0	0	0	0	0	0	2	0	1	1	0	0	0	0	0	1	0	0	0	1	0	0	1	1	0	0	0	0	2	0	0
chr9	39357602	39357650	49	8	0	49	23	26	1	1	1	2	2	3	1	3	0	3	0	1	2	0	1	1	3	2	2	0	4	5	1	0	1	1	0	2	1	1	1	1
chr9	39357652	39357919	268	8	0	268	103	165	4	4	6	3	1	9	25	4	9	9	16	3	3	2	5	0	4	11	2	7	16	24	2	26	11	14	0	9	8	17	2	10
chr9	39357921	39357965	45	8	0	45	19	26	2	1	0	0	0	0	3	1	1	0	4	1	1	2	1	0	1	2	0	1	2	6	0	4	1	1	1	1	0	3	1	2
chr9	39357967	39358139	173	8	0	173	57	116	2	0	3	1	4	13	13	0	0	7	11	1	0	0	0	0	6	11	1	2	13	17	7	11	7	12	0	9	5	8	2	5
chr9	39358147	39358693	547	8	0	547	228	319	11	8	19	3	10	31	30	17	15	12	41	18	5	0	5	2	10	21	3	17	37	30	10	37	17	26	5	20	24	37	2	22
chr9	39358696	39358744	49	8	0	49	24	25	3	1	1	1	1	0	6	3	2	0	2	2	0	1	1	0	1	1	0	0	4	0	0	1	1	3	0	6	2	1	0	3
chr9	39358746	39358818	73	8	0	73	44	29	8	3	4	3	5	2	2	3	4	2	0	3	1	2	0	1	6	1	1	1	4	3	0	1	0	1	0	1	3	3	0	3
chr9	39358820	39358849	30	8	0	30	19	11	3	0	2	3	0	1	1	1	2	1	0	1	2	0	0	0	0	1	0	1	1	2	0	0	1	0	0	1	1	0	2	1
chr9	39358851	39359819	969	8	0	969	466	503	44	25	37	25	34	27	59	23	40	30	42	26	14	8	20	10	29	25	6	30	55	53	12	52	30	37	4	31	29	57	8	45
chr9	39359821	39359866	46	8	0	46	22	24	2	1	4	0	0	2	2	1	5	1	2	0	0	0	0	0	0	2	1	2	2	4	1	2	0	0	0	2	3	3	0	2
chr9	39359868	39360951	1084	8	0	1084	498	586	34	25	51	17	43	46	62	36	38	23	57	25	12	8	10	10	42	30	9	21	64	51	7	62	43	52	6	55	38	52	10	43
chr9	39360953	39360989	37	8	0	37	15	22	0	1	1	0	0	0	2	4	2	1	1	0	0	1	1	0	2	1	0	0	2	3	1	2	1	1	1	3	1	3	0	0
chr9	39360991	39361060	70	8	0	70	32	38	3	3	3	0	4	2	5	3	2	1	4	0	0	0	0	0	1	2	1	2	5	2	0	3	6	4	0	4	2	2	1	3
chr9	39361062	39361109	48	8	0	48	26	22	2	1	3	2	3	2	0	1	4	1	2	0	0	0	3	1	2	0	0	2	2	3	0	3	0	2	0	0	2	2	0	3
chr9	39361111	39361249	139	8	0	139	73	66	8	5	11	1	5	1	8	5	9	4	4	4	3	3	2	0	4	2	1	6	5	4	0	9	1	5	1	5	9	7	0	5
chr9	39361250	39361273	24	8	0	24	15	9	2	1	2	1	3	0	0	1	1	0	1	1	0	0	0	0	1	0	0	1	1	0	0	1	1	0	0	1	1	2	0	0
chr9	39361274	39361343	70	8	0	70	43	27	17	1	3	1	3	3	6	0	3	1	2	1	0	0	0	0	1	1	0	4	4	0	0	0	3	2	0	5	4	1	0	2
chr9	39361344	39361357	14	8	0	14	10	4	3	1	0	0	0	0	1	1	1	0	0	2	0	0	0	0	1	0	0	0	0	0	0	0	0	0	0	0	1	0	0	1
chr9	39361358	39363065	1708	8	0	1708	850	858	78	39	68	37	50	75	94	64	69	47	75	32	25	30	34	33	74	51	12	53	80	86	16	72	63	60	11	56	66	57	9	90
chr9	39363067	39363095	29	8	0	29	21	8	0	1	2	3	2	1	0	1	1	0	0	1	3	0	1	4	1	0	0	0	0	0	0	0	2	0	0	2	1	0	0	1
chr9	39363098	39363320	223	8	0	223	114	109	23	7	5	5	9	8	11	4	6	3	11	4	3	2	6	5	3	5	1	11	12	10	4	9	9	15	0	6	8	5	3	8
chr9	39363322	39363383	62	8	0	62	26	36	1	0	1	1	1	1	3	4	0	0	5	3	1	2	3	0	1	2	0	0	3	1	2	6	1	6	0	4	4	2	0	2
chr9	39363385	39363973	589	8	0	589	263	326	19	6	20	13	17	20	42	21	17	20	26	10	5	7	10	10	24	13	3	12	35	33	4	42	26	35	2	22	15	33	3	22
chr9	39363975	39364007	33	8	0	33	8	25	0	0	0	0	0	3	4	0	0	1	0	0	0	0	0	0	1	1	0	2	2	8	0	1	4	2	0	1	0	1	0	0
chr9	39364009	39365296	1288	8	0	1288	549	739	15	19	24	13	19	75	93	37	33	48	121	16	4	8	10	12	67	43	10	30	67	63	17	78	43	51	8	44	49	68	5	96
chr9	39365297	39365312	16	8	0	16	9	7	2	2	0	0	1	0	1	0	1	0	2	0	0	0	0	0	0	1	0	1	0	0	0	1	0	0	0	0	2	0	0	0
chr9	39365313	39365431	119	8	0	119	49	70	0	1	0	0	0	9	9	4	1	2	16	2	0	1	1	2	4	4	1	4	5	3	0	9	4	5	3	5	9	5	0	8
chr9	39365433	39365504	72	8	0	72	31	41	1	1	2	1	1	4	6	3	2	2	4	2	1	0	1	0	4	2	0	0	5	3	0	5	1	6	0	3	4	2	0	4
chr9	39365506	39365574	69	8	0	69	34	35	2	2	1	0	1	5	6	0	1	0	3	3	1	1	1	5	2	1	0	5	3	3	2	1	5	1	0	4	3	4	0	1
chr9	39365575	39365633	59	8	0	59	36	23	16	1	3	1	2	3	2	2	2	1	1	1	0	0	0	0	2	1	0	2	1	2	1	2	3	1	1	1	2	2	0	1
chr9	39365634	39367354	1721	8	0	1721	1073	648	162	47	61	110	68	42	67	66	64	34	52	45	86	32	45	91	65	28	10	51	55	30	6	53	54	38	10	52	70	48	8	69
chr9	39367355	39367375	21	8	0	21	15	6	5	0	0	2	1	0	1	0	0	1	0	0	1	1	1	0	1	0	0	1	1	0	0	0	0	1	0	1	1	0	0	0
chr9	39367377	39367659	283	8	0	283	177	106	38	12	9	12	10	8	10	5	8	5	9	9	15	5	8	12	8	5	2	15	9	6	4	6	3	8	5	4	13	6	1	11
chr9	39367660	39367694	35	8	0	35	21	14	4	1	0	3	1	1	2	0	3	0	2	1	0	0	2	0	1	0	0	1	2	0	0	0	1	2	0	1	1	0	0	4
chr9	39367695	39369402	1708	8	0	1708	975	733	122	49	52	91	64	67	73	55	65	30	59	54	63	27	39	64	72	37	23	41	60	45	18	54	59	54	15	46	68	42	16	82
chr9	39369403	39369480	78	8	0	78	43	35	4	4	1	6	3	5	3	2	7	1	2	2	1	1	0	0	3	4	2	2	6	5	0	1	0	0	0	0	5	3	0	3
chr9	39369481	39371471	1991	8	0	1991	1127	864	159	63	81	80	77	54	105	49	81	43	93	45	66	37	45	48	72	41	21	63	81	48	13	73	49	62	4	73	82	64	2	115
chr9	39371481	39372718	1238	8	0	1238	728	510	97	38	48	56	41	50	45	57	48	29	30	25	53	29	34	48	65	28	7	46	48	44	7	39	39	21	3	29	40	45	5	42
chr9	39372719	39372762	44	8	0	44	23	21	1	0	3	2	2	1	2	1	2	2	5	1	0	0	0	0	1	1	0	0	1	0	0	3	1	2	0	1	3	1	0	6
chr9	39372764	39373367	604	8	0	604	321	283	40	12	26	24	28	26	24	19	17	19	22	9	18	14	12	10	28	26	1	16	32	20	6	30	13	24	4	15	24	17	3	23
chr9	39373370	39373418	49	8	0	49	25	24	0	1	4	0	2	2	4	0	2	3	1	1	2	0	1	1	1	1	0	4	1	0	0	2	2	2	1	3	4	0	1	1
chr9	39373426	39373502	77	8	0	77	34	43	2	0	4	2	3	3	6	1	3	1	5	2	0	0	1	1	0	3	0	1	1	3	0	8	9	4	0	2	3	2	0	5
chr9	39373503	39373732	230	8	0	230	164	66	23	8	10	15	6	2	7	13	10	4	4	8	17	7	4	24	10	1	0	10	8	3	0	2	1	2	0	3	9	7	0	10
chr9	39373733	39375796	2064	8	0	2064	1390	674	230	61	93	129	95	55	47	101	101	39	54	56	87	53	40	148	98	30	7	73	60	20	4	37	41	18	2	33	99	53	7	91
chr9	39375797	39375823	27	9	0	27	17	10	1	1	2	2	1	0	0	0	2	0	1	2	2	1	1	0	0	0	0	1	1	1	0	1	0	0	0	0	0	2	0	3
chr9	39375824	39377072	1249	8	0	1249	733	516	71	32	58	66	49	32	47	53	59	25	48	36	48	21	36	51	49	23	2	36	42	24	6	55	34	34	6	36	56	46	4	62
chr9	39377073	39377088	16	8	0	16	12	4	3	0	0	1	0	0	0	0	0	1	1	0	1	1	2	1	0	0	0	1	0	0	0	0	0	0	0	0	0	0	0	2
chr9	39377089	39377117	29	9	0	29	12	17	3	0	0	2	1	2	2	0	0	0	0	0	1	0	1	0	0	1	1	0	3	0	0	2	1	4	2	1	0	0	0	0
chr9	39377118	39377263	146	8	0	146	80	66	19	2	6	5	9	3	8	2	3	2	10	4	2	2	1	1	3	2	0	4	7	3	0	7	7	6	1	6	5	5	1	8
chr9	39377267	39377822	556	8	0	556	390	166	61	16	23	42	26	11	10	26	31	4	6	17	24	24	22	46	23	9	0	23	16	7	0	8	9	4	0	9	25	11	0	21
chr9	39377823	39377872	50	9	0	50	35	15	3	1	0	7	4	3	1	2	1	1	0	0	2	4	1	3	7	1	0	1	2	0	0	0	1	1	0	0	1	0	0	1
chr9	39377873	39377985	113	8	0	113	91	22	9	2	3	10	3	5	1	4	0	3	2	2	12	4	1	29	9	1	0	3	1	0	0	0	0	0	0	0	3	0	0	4
chr9	39377986	39378081	96	9	0	96	54	42	13	1	1	2	3	4	4	2	1	3	11	1	0	2	0	4	3	0	2	6	4	1	1	1	3	3	1	1	3	3	2	8
chr9	39378082	39378304	223	8	0	223	104	119	10	5	4	5	5	9	15	6	4	3	12	10	5	5	5	1	6	7	3	6	13	10	0	12	5	10	5	12	11	9	2	6
chr9	39378306	39378330	25	8	0	25	12	13	0	0	2	1	0	2	1	0	2	0	1	0	0	1	0	1	2	0	0	1	0	1	2	1	0	2	0	0	1	1	0	1
chr9	39378335	39378517	183	8	0	183	130	53	24	3	13	15	10	5	3	6	12	3	4	5	10	1	3	12	7	1	0	4	3	0	0	2	6	2	0	4	8	2	0	13
chr9	39378519	39378652	134	8	0	134	86	48	9	3	6	5	5	3	3	10	3	2	3	8	6	5	6	7	5	1	1	6	2	1	0	3	8	2	0	2	7	2	1	7
chr9	39378654	39378714	61	8	0	61	32	29	1	1	1	2	1	5	4	2	2	2	1	3	1	0	2	3	5	2	0	1	3	2	0	3	1	1	0	2	4	3	0	1
chr9	39378715	39378856	142	8	0	142	90	52	10	6	7	8	5	4	7	3	9	2	3	6	5	3	3	7	8	1	0	6	2	4	0	5	2	2	1	1	7	4	1	8
chr9	39378858	39378916	59	8	0	59	29	30	5	0	3	2	2	2	1	2	2	2	2	0	1	2	1	2	0	5	0	1	4	5	0	4	1	2	0	1	2	2	0	1
chr9	39378918	39379127	210	8	0	210	147	63	24	2	8	21	6	7	3	16	9	3	4	7	16	5	3	12	12	2	0	3	7	2	0	3	4	0	0	6	9	8	0	6
chr9	39379129	39379178	50	8	0	50	36	14	5	1	0	6	2	0	0	5	2	0	1	1	2	2	2	6	2	0	0	1	1	0	1	0	1	1	0	2	2	1	1	0
chr9	39379180	39379658	479	8	0	479	257	222	48	11	16	19	15	25	19	10	13	10	21	9	17	7	12	4	16	15	4	18	21	16	10	18	17	18	3	12	14	16	3	20
chr9	39379660	39379683	24	8	0	24	13	11	0	0	1	0	0	1	0	2	1	0	1	1	0	1	3	1	1	0	0	0	1	0	0	1	0	0	0	4	1	2	0	0
chr9	39379685	39379952	268	8	0	268	166	102	21	9	5	15	3	9	16	15	6	3	10	9	20	9	4	11	14	6	0	10	12	3	0	7	7	4	0	10	10	9	0	9
chr9	39379953	39379963	11	9	0	11	8	3	4	0	0	1	1	1	0	1	0	0	0	0	0	0	0	0	1	0	0	0	0	0	0	0	0	0	0	0	0	0	0	0
chr9	39379964	39380924	961	8	0	961	638	323	99	24	41	65	39	19	31	38	41	26	27	26	52	20	27	61	39	12	4	34	32	11	0	17	17	11	3	23	39	26	3	52
chr9	39380925	39380938	14	9	0	14	9	5	2	2	1	0	2	0	0	0	1	0	0	0	0	0	0	0	2	0	1	0	0	0	0	0	0	0	0	0	0	0	1	0
chr9	39380939	39381598	660	8	0	660	399	261	42	15	22	35	22	13	28	22	15	17	26	14	34	20	23	49	19	17	0	29	22	11	4	29	17	19	3	19	28	19	3	22
chr9	39381600	39381691	92	8	0	92	59	33	7	4	3	7	0	2	5	1	5	0	3	0	9	3	4	6	3	1	0	5	0	4	0	4	2	2	0	2	2	2	0	4
chr9	39381693	39381740	48	8	0	48	22	26	0	1	1	1	0	4	3	3	2	1	0	2	1	0	1	2	4	0	0	1	3	3	0	4	1	3	0	0	2	3	0	0
chr9	39381742	39381870	129	8	0	129	75	54	6	6	5	5	6	4	5	5	7	6	1	4	3	2	3	6	7	4	2	5	7	3	2	1	1	1	0	2	5	5	2	6
chr9	39381872	39381909	38	8	0	38	18	20	1	0	2	2	1	2	4	1	2	1	0	1	0	0	0	0	1	1	0	1	2	0	0	2	3	4	0	1	2	0	0	2
chr9	39381911	39382008	98	8	0	98	51	47	3	1	5	2	3	6	2	5	3	2	4	4	2	0	5	3	3	3	0	3	5	4	0	3	5	2	0	5	4	4	0	5
chr9	39382010	39382043	34	8	0	34	18	16	0	0	1	2	1	1	2	3	2	1	1	2	0	0	0	0	0	0	0	2	1	2	0	1	1	2	0	1	5	0	0	1
chr9	39382045	39382605	561	8	0	561	357	204	58	13	18	37	22	18	17	25	18	7	17	15	28	13	13	37	25	13	2	11	22	15	0	16	17	11	1	13	18	14	1	24
chr9	39382607	39382627	21	8	0	21	18	3	3	0	1	3	2	0	0	0	1	0	0	2	1	0	0	3	0	0	0	0	0	0	0	0	0	0	0	0	2	0	0	1
chr9	39382629	39383351	723	8	0	723	421	302	53	23	43	31	26	19	28	21	42	8	34	16	29	14	17	16	20	12	7	26	25	9	4	32	18	22	1	25	31	26	4	39
chr9	39383352	39383369	18	9	0	18	9	9	2	1	0	0	2	2	0	0	0	0	0	0	0	0	0	0	2	1	0	0	2	2	0	0	1	1	0	0	0	0	0	0
chr9	39383370	39383706	337	8	0	337	198	139	18	8	10	17	17	14	19	18	5	5	10	14	14	10	3	15	16	10	1	10	11	4	1	11	20	10	0	10	20	3	0	11
chr9	39383707	39383743	37	9	0	37	25	12	6	1	0	3	1	0	1	0	1	1	2	0	2	2	3	1	1	1	0	2	1	1	0	0	0	0	0	2	0	0	0	3
chr9	39383744	39383835	92	8	0	92	36	56	2	2	1	2	2	4	5	3	2	0	6	3	1	2	1	0	2	5	0	1	3	7	2	7	5	4	2	5	4	5	2	0
chr9	39383836	39383887	52	9	0	52	25	27	2	1	2	1	4	1	3	2	0	0	4	3	0	1	1	0	1	0	0	2	4	1	0	1	4	3	0	3	0	2	0	4
chr9	39383888	39384381	494	8	0	494	339	155	62	21	25	33	24	6	16	15	29	10	10	13	25	12	17	19	26	9	0	14	11	1	2	10	7	4	0	9	17	10	0	35
chr9	39384382	39384672	291	9	0	291	193	98	28	8	16	25	11	8	10	6	26	3	5	3	12	7	6	17	10	6	0	10	8	5	1	9	6	2	0	4	11	10	1	15
chr9	39384673	39385981	1309	8	0	1309	864	445	131	41	57	88	63	31	36	53	54	22	23	37	69	41	41	75	51	30	7	47	38	18	3	31	39	16	1	28	56	26	3	51
chr9	39385982	39386992	1011	8	0	1011	560	451	64	24	36	45	42	29	55	34	35	21	39	30	30	18	21	35	39	15	4	34	42	27	6	33	37	35	15	39	42	31	7	45
chr9	39386993	39387035	43	9	0	43	24	19	2	1	1	1	2	5	1	1	1	1	3	1	0	1	0	1	2	1	2	4	1	1	0	0	2	0	0	0	4	0	0	2
chr9	39387036	39387324	289	8	0	289	128	161	23	4	5	6	7	14	15	5	5	7	14	6	4	5	6	1	6	8	6	10	17	14	9	10	10	17	10	11	8	11	4	9
chr9	39387325	39387357	33	9	0	33	24	9	8	0	5	1	1	1	0	0	4	0	0	1	0	2	0	0	1	0	1	1	0	0	0	0	0	0	0	0	1	0	0	4
chr9	39387358	39387708	351	8	0	351	259	92	42	16	10	39	23	7	4	13	15	3	4	4	27	8	7	35	19	7	1	7	7	2	1	6	9	2	2	3	12	5	0	9
chr9	39387709	39389315	1607	8	0	1607	1061	546	151	52	68	90	67	45	53	49	58	26	39	52	84	55	52	119	71	28	9	70	39	19	3	40	36	24	2	30	68	30	4	72
chr9	39389316	39389360	45	9	0	45	29	16	13	0	3	0	1	0	2	0	2	3	4	0	0	0	0	0	2	0	0	1	0	0	0	1	0	0	1	1	1	0	1	7
chr9	39389361	39390017	657	8	0	657	349	308	51	20	25	16	21	24	32	8	20	11	33	23	20	10	17	17	23	10	5	28	22	21	10	25	20	22	11	23	20	24	12	31
chr9	39390018	39390049	32	9	0	32	18	14	8	0	0	2	0	0	0	2	0	0	0	1	1	0	2	1	0	0	0	0	0	1	2	0	1	2	4	2	1	0	0	0
chr9	39390050	39390134	85	8	0	85	56	29	19	3	0	2	1	3	2	2	2	1	4	5	3	2	4	1	3	3	1	2	2	0	0	4	0	1	0	1	3	2	3	4
chr9	39390135	39390181	47	9	0	47	18	29	1	0	2	1	2	2	3	2	0	0	2	1	1	1	0	0	1	1	0	1	4	2	0	4	3	6	0	2	1	2	0	0
chr9	39390182	39390672	491	8	0	491	315	176	33	21	26	24	25	13	14	28	21	9	8	14	25	14	11	28	30	10	0	17	12	8	2	10	15	4	0	15	23	10	2	17
chr9	39390673	39390685	13	9	0	13	8	5	0	0	1	0	2	0	0	1	0	1	1	0	0	0	0	0	1	0	0	0	0	0	0	0	1	0	0	1	1	0	0	1
chr9	39390686	39391124	439	8	0	439	247	192	31	14	17	13	12	21	24	14	16	6	18	12	16	8	11	13	18	10	4	17	15	7	1	16	16	10	3	21	22	13	2	16
chr9	39391125	39391138	14	9	0	14	8	6	0	0	1	0	0	1	0	1	1	0	0	2	0	0	0	0	0	0	0	1	1	1	0	0	0	0	0	0	1	1	0	1
chr9	39391139	39391218	80	8	0	80	43	37	7	2	0	4	2	1	7	1	2	3	4	0	2	2	3	3	2	3	0	3	5	1	0	3	2	4	0	4	2	0	2	4
chr9	39391219	39391273	55	9	0	55	22	33	0	0	1	1	0	6	3	0	2	0	5	1	0	1	1	0	3	3	0	1	3	3	1	3	3	1	0	4	1	3	1	2
chr9	39391274	39392444	1171	8	0	1171	643	528	58	33	49	38	38	47	57	45	51	32	63	24	31	17	21	39	53	27	4	45	41	36	4	52	33	29	2	31	60	41	6	62
chr9	39392446	39392484	39	8	0	39	18	21	0	0	2	1	0	3	1	2	3	0	2	1	0	2	0	0	1	2	2	0	1	2	0	3	3	1	0	0	2	1	0	2
chr9	39392486	39392685	200	8	0	200	138	62	15	9	13	13	5	6	2	7	9	1	3	8	21	1	7	17	7	3	1	6	4	1	1	7	2	3	1	4	6	6	1	8
chr9	39392693	39394787	2095	8	0	2095	1130	965	162	52	67	86	66	69	103	52	59	48	93	58	80	40	48	46	70	58	16	65	99	58	30	73	46	81	37	72	75	63	21	100
chr9	39394789	39394835	47	8	0	47	18	29	2	0	0	3	1	1	2	1	1	0	3	2	1	1	0	0	1	1	0	0	3	3	3	3	1	4	1	1	0	4	2	0
chr9	39394837	39395136	300	8	0	300	130	170	12	5	10	9	7	9	17	2	13	6	14	7	5	6	5	2	9	5	5	7	12	17	12	14	3	22	12	11	11	10	5	14
chr9	39395138	39395165	28	8	0	28	9	19	0	0	0	1	1	1	2	0	0	0	3	1	0	0	0	0	0	0	0	1	0	0	2	1	3	2	2	2	1	1	1	1
chr9	39395167	39395305	139	8	0	139	90	49	24	7	1	10	10	5	6	0	5	3	5	3	4	0	5	1	9	1	0	5	3	1	0	2	3	2	2	4	6	2	2	6
chr9	39395306	39395392	87	8	0	87	61	26	25	1	4	4	3	3	2	1	2	3	0	2	3	2	2	3	2	0	2	5	2	2	0	2	2	1	0	1	3	3	0	0
chr9	39395393	39395871	479	8	0	479	278	201	27	16	11	31	15	18	21	17	14	8	21	9	29	10	11	19	16	15	2	18	22	9	4	20	11	18	1	12	22	13	3	14
chr9	39395873	39395926	54	8	0	54	38	16	7	1	3	4	2	2	1	1	3	0	3	2	2	2	1	3	2	0	0	3	1	1	0	0	0	0	0	0	3	1	0	4
chr9	39395928	39396319	392	8	0	392	267	125	42	15	13	23	18	7	14	14	14	8	13	10	18	11	14	31	22	2	2	15	7	0	0	6	10	5	2	9	14	6	0	25
chr9	39396321	39396455	135	8	0	135	107	28	30	4	5	16	2	1	5	2	10	1	2	3	11	1	1	11	3	1	0	3	1	1	0	3	0	0	0	0	6	3	0	7
chr9	39396456	39396468	13	9	0	13	10	3	5	0	1	0	1	0	0	0	0	0	1	1	0	0	0	0	0	0	0	0	0	0	0	0	0	0	0	0	1	0	0	1
chr9	39396469	39397295	827	8	0	827	413	414	57	21	23	24	35	30	40	23	18	21	40	22	16	15	20	7	30	26	13	18	42	23	11	35	26	35	18	35	30	28	8	35
chr9	39397296	39397502	207	8	0	207	115	92	16	5	9	7	7	4	13	7	10	5	10	6	4	3	1	8	7	5	0	5	9	8	0	10	6	5	0	5	9	9	0	12
chr9	39397503	39397784	282	9	0	282	167	115	23	6	10	19	14	13	8	10	11	5	11	8	10	3	3	12	12	6	1	8	12	8	1	10	10	6	1	5	11	11	3	9
chr9	39397785	39435160	37376	10	0	37376	22943	14433	3010	1260	1592	2095	1748	1016	1272	1478	1436	663	1094	998	1762	889	1048	1581	1693	857	157	1121	1253	739	142	1215	1146	784	118	1016	1421	969	147	1654
chr9	39435161	39438872	3712	10	0	3712	2062	1650	240	99	165	145	127	118	179	105	150	68	185	81	132	71	94	103	120	90	7	138	178	129	10	144	96	104	6	142	135	139	11	199
chr9	39438873	39445141	6269	10	0	6269	3906	2363	521	206	250	357	249	184	223	275	272	108	189	161	291	162	158	299	272	131	33	224	205	135	13	188	179	101	12	140	275	174	12	268
chr9	39445142	39445500	359	10	0	359	205	154	26	11	10	14	4	23	13	19	28	3	14	6	4	9	8	11	26	5	5	10	9	17	2	12	7	4	1	4	17	14	2	19
chr9	39445501	39449847	4347	10	0	4347	2654	1693	350	125	174	236	138	156	182	195	240	74	159	116	158	93	94	163	225	87	8	128	130	99	17	132	98	69	4	107	218	123	5	242
chr9	39449848	39450164	317	10	0	317	228	89	37	12	14	23	8	6	5	18	13	6	5	6	29	8	9	27	19	3	1	9	5	1	1	8	5	3	0	4	8	8	2	12
chr9	39450167	39453095	2929	10	0	2929	1831	1098	284	100	122	158	123	91	103	89	116	45	77	82	141	81	99	119	135	53	13	116	92	47	8	98	83	66	8	59	97	79	15	128
chr9	39453096	39454428	1333	10	0	1333	883	450	154	40	43	98	46	30	43	53	54	14	41	35	82	41	43	64	51	23	7	44	35	17	2	36	31	21	5	33	55	29	4	57
chr9	39454429	39461955	7527	10	0	7527	4580	2947	645	250	299	366	287	207	307	296	320	160	232	207	309	189	197	307	336	188	34	248	266	160	33	248	183	138	17	176	312	221	24	363
chr9	39461956	39461969	14	9	0	14	8	6	2	0	2	0	1	0	0	0	1	0	1	0	0	0	0	0	0	0	0	0	0	1	0	1	0	0	0	0	1	1	0	1
chr9	39461970	39465060	3091	10	0	3091	1661	1430	200	74	106	132	89	100	156	88	114	74	113	72	109	70	75	88	114	72	31	101	99	100	54	128	104	108	48	96	115	101	33	125
chr9	39465062	39465452	391	10	0	391	246	145	46	17	14	15	12	12	10	18	18	2	8	9	17	15	10	22	15	9	7	14	8	13	2	13	13	4	1	8	16	10	4	7
chr9	39465453	39476691	11239	10	0	11239	7002	4237	996	357	460	631	446	293	428	423	489	199	329	350	514	261	311	514	465	215	46	384	368	218	50	314	293	210	36	271	464	307	36	559
chr9	39476693	39476973	281	10	0	281	194	87	27	14	7	24	15	7	6	14	7	6	6	5	22	6	10	16	18	3	0	12	9	2	0	5	3	5	0	6	12	6	0	6
chr9	39476974	39477006	33	9	0	33	12	21	0	0	0	0	0	1	3	1	0	2	4	1	0	0	0	0	1	0	0	2	3	1	0	1	0	3	1	1	1	1	1	3
chr9	39477007	39478758	1752	10	0	1752	1038	714	168	48	63	101	67	49	69	56	60	26	62	42	85	49	43	49	59	42	8	62	67	41	13	66	50	57	14	43	65	47	13	66
chr9	39478759	39478806	48	9	0	48	20	28	1	2	0	0	0	1	1	4	1	2	3	2	1	0	1	0	2	3	1	0	4	1	1	3	0	2	1	1	0	3	4	1
chr9	39478807	39479079	273	10	0	273	123	150	8	5	7	5	8	13	17	7	5	6	12	12	4	6	4	4	11	8	4	7	16	6	6	17	10	18	3	9	8	13	5	7
chr9	39479081	39480650	1570	10	0	1570	885	685	113	39	68	59	62	39	74	55	55	30	63	43	48	37	48	51	56	43	4	42	72	46	1	73	52	49	1	54	50	53	4	84
chr9	39480651	39480723	73	9	0	73	53	20	14	2	1	8	4	0	1	5	3	0	2	4	3	1	1	3	2	1	0	0	2	1	0	2	1	0	0	1	5	3	0	1
chr9	39480724	39481866	1143	10	0	1143	739	404	115	50	55	54	52	38	25	50	47	14	24	34	59	33	32	56	61	26	6	41	30	28	1	31	30	6	3	21	44	30	2	43
chr9	39481867	39481882	16	9	0	16	11	5	2	2	1	0	1	0	0	0	1	1	0	0	1	0	1	0	1	0	0	1	0	0	0	0	0	0	0	0	1	0	0	1
chr9	39481883	39482443	561	10	0	561	313	248	43	9	15	28	18	22	21	21	16	16	22	18	18	13	18	15	22	12	6	19	23	17	4	21	16	16	5	13	21	21	7	23
chr9	39482444	39486116	3673	10	0	3673	2215	1458	326	123	158	168	149	123	145	142	148	59	104	106	152	89	89	132	153	91	20	130	124	84	16	111	132	62	18	100	150	98	14	155
chr9	39486118	39486923	806	10	0	806	541	265	97	30	22	59	35	17	22	40	32	15	15	26	43	26	22	39	48	11	6	23	23	10	2	19	16	9	3	6	27	24	4	33
chr9	39486924	39486977	54	9	0	54	21	33	0	1	1	2	2	2	3	0	1	0	5	1	1	0	0	1	0	2	0	1	1	2	3	5	3	4	1	2	3	4	0	1
chr9	39486978	39488499	1522	10	0	1522	863	659	118	47	44	67	34	52	60	57	52	26	51	38	72	37	48	59	53	42	18	49	66	34	22	54	34	49	25	46	50	51	11	54
chr9	39488500	39491481	2982	9	0	2982	1946	1036	262	88	127	216	115	65	97	123	129	58	80	83	188	79	71	164	121	56	15	98	94	51	4	80	59	34	10	63	126	88	3	133
chr9	39491482	39497717	6236	8	0	6236	3925	2311	586	188	281	346	245	172	212	214	269	120	179	175	301	164	162	309	303	109	24	209	168	119	30	202	127	112	27	138	246	179	33	285
chr9	39497719	39498744	1026	8	0	1026	625	401	100	31	41	47	36	27	42	32	37	12	37	25	46	32	38	40	34	23	4	41	35	22	3	34	34	24	3	33	34	25	2	50
chr9	39498751	39502254	3504	8	0	3504	2154	1350	290	97	165	174	144	107	124	126	129	74	113	113	162	88	91	155	157	83	9	117	118	66	12	121	76	72	6	84	151	96	11	171
chr9	39502255	39512968	10714	8	0	10714	6731	3983	916	318	439	653	434	289	371	418	451	197	294	320	525	257	298	550	437	225	54	345	369	183	33	308	279	193	40	254	427	293	47	495
chr9	39512969	39513030	62	8	0	62	26	36	0	1	3	1	2	1	5	0	3	1	3	1	0	2	2	0	1	2	0	2	3	1	0	4	2	4	3	5	3	2	1	2
chr9	39513031	39515689	2659	8	0	2659	1530	1129	179	81	90	117	95	86	123	110	95	50	94	75	98	58	56	122	104	61	19	91	107	55	24	85	90	83	20	75	113	72	16	113
chr9	39515690	39515856	167	8	0	167	88	79	24	2	3	5	2	4	7	3	2	4	6	9	5	5	3	3	0	7	4	3	9	4	4	8	2	6	7	3	5	8	3	5
chr9	39515857	39516376	520	8	0	520	295	225	67	6	21	19	22	16	16	23	16	14	22	15	8	10	15	3	13	14	2	17	22	9	4	19	20	12	8	18	22	19	6	20
chr9	39516377	39516420	44	8	0	44	14	30	0	0	1	0	1	3	3	0	0	0	4	2	0	0	0	0	0	0	0	3	2	1	3	0	4	4	1	4	1	2	2	1
chr9	39516421	39519481	3061	8	0	3061	1750	1311	213	81	136	142	111	87	139	117	139	61	103	71	109	67	86	86	106	80	14	96	127	75	15	112	97	79	20	114	124	95	15	142
chr9	39519482	39519538	57	8	0	57	29	28	3	2	0	1	0	4	3	4	2	2	2	2	1	1	1	1	4	4	0	1	5	1	0	2	0	0	0	1	2	3	1	2
chr9	39519539	39522320	2782	8	0	2782	1495	1287	145	73	99	104	103	103	137	111	101	63	137	71	71	48	47	80	100	83	18	86	114	72	24	116	116	79	17	90	124	92	27	129
chr9	39522321	39522380	60	8	0	60	29	31	4	3	3	0	1	2	2	4	5	0	2	0	0	1	1	0	2	1	2	1	2	2	0	5	3	3	1	1	2	3	0	2
chr9	39522381	39528248	5868	8	0	5868	3407	2461	427	163	208	285	211	193	229	219	200	126	225	170	245	131	157	217	229	135	46	203	194	163	54	194	182	135	45	159	247	172	39	263
chr9	39528250	39532709	4460	8	0	4460	2680	1780	430	134	172	237	180	127	175	136	163	76	149	131	202	95	97	174	179	87	25	141	145	108	44	138	125	115	38	116	169	125	27	198
chr9	39532710	39532738	29	8	0	29	13	16	1	1	0	2	1	1	4	0	1	0	0	0	1	1	0	0	2	1	0	0	1	1	0	2	2	2	1	1	1	0	0	0
chr9	39532739	39533167	429	8	0	429	229	200	57	8	18	14	8	12	21	9	17	12	15	6	15	7	5	5	10	9	9	11	17	30	5	17	10	17	4	10	13	13	2	21
chr9	39533168	39533205	38	8	0	38	12	26	0	0	0	0	0	3	2	0	0	1	2	0	0	2	2	0	3	1	0	2	2	5	1	1	0	3	1	2	0	1	2	0
chr9	39533206	39533362	157	8	0	157	56	101	3	4	4	0	2	7	9	4	3	5	8	3	3	0	0	1	1	8	3	4	12	21	5	6	7	7	1	5	2	6	5	6
chr9	39533363	39533412	50	8	0	50	18	32	0	1	0	1	1	1	4	1	1	0	3	0	0	4	0	0	0	3	1	1	4	6	1	4	1	4	0	1	2	2	0	1
chr9	39533413	39533983	571	8	0	571	191	380	7	6	9	6	7	30	43	6	9	20	17	12	4	7	5	2	18	21	12	11	36	67	19	33	24	42	23	15	8	25	10	15
chr9	39533984	39534075	92	8	0	92	26	66	0	1	1	1	2	2	6	0	1	4	7	1	0	0	0	0	2	2	2	1	5	9	6	6	3	9	4	2	0	6	2	5
chr9	39534076	39534495	420	8	0	420	158	262	9	7	15	8	11	18	15	6	14	13	19	4	5	2	9	2	9	19	3	9	23	66	16	22	7	20	3	13	11	22	4	14
chr9	39534496	39535031	536	8	0	536	213	323	17	10	18	9	14	18	35	5	17	15	27	5	5	5	9	3	17	18	2	10	27	55	16	29	15	31	7	31	13	23	9	19
chr9	39535032	39535079	48	7	0	48	22	26	4	0	1	1	0	1	2	2	1	1	1	2	2	0	1	1	0	0	0	2	2	2	4	1	1	6	2	1	2	1	0	2
chr9	39535080	39535134	55	7	0	55	22	33	1	1	1	1	1	2	4	0	1	1	5	3	0	0	0	0	0	2	0	2	2	3	1	6	1	2	1	2	4	5	1	0
chr9	39535135	39535337	203	8	0	203	91	112	7	4	4	5	6	7	10	4	4	5	13	3	3	6	7	2	4	9	3	6	14	7	3	12	4	12	3	9	6	9	3	7
chr9	39535342	39537641	2300	8	0	2300	1555	745	260	68	118	168	101	33	66	92	119	50	45	56	133	61	62	122	108	31	1	72	46	30	5	60	39	31	4	47	99	49	10	112
chr9	39537642	39537679	38	7	0	38	26	12	5	0	3	2	1	0	2	1	2	0	2	1	2	2	0	2	0	0	0	2	1	0	0	0	0	1	0	1	3	0	0	3
chr9	39537680	39538175	496	8	0	496	329	167	51	19	18	24	17	21	10	20	17	9	23	14	27	13	16	28	32	10	4	16	12	5	0	11	5	2	0	7	19	11	0	33
chr9	39538176	39538257	82	7	0	82	60	22	8	1	4	4	1	2	1	7	2	0	1	2	6	5	1	14	5	1	0	2	1	1	0	2	1	0	0	3	4	1	0	0
chr9	39538258	39538911	654	8	0	654	420	234	63	22	30	38	23	16	20	26	29	10	16	21	38	14	21	31	22	10	4	26	17	12	1	22	22	5	1	16	25	25	2	24
chr9	39538912	39538949	38	8	0	38	23	15	1	2	1	2	1	1	0	6	3	0	0	2	0	0	0	2	2	1	0	0	3	0	0	2	1	1	0	0	2	3	0	0
chr9	39538950	39539321	372	8	0	372	234	138	29	13	12	21	21	12	9	17	12	5	11	15	13	13	9	21	21	7	2	13	15	5	2	6	9	5	1	7	13	11	5	15
chr9	39539322	39539349	28	8	0	28	17	11	1	0	0	3	1	1	1	2	1	1	2	1	1	0	1	0	1	0	0	1	0	0	0	0	2	0	0	1	3	0	0	2
chr9	39539350	39539415	66	8	0	66	43	23	6	1	2	3	3	3	1	3	3	1	2	2	1	5	2	4	6	0	0	3	2	0	1	0	0	1	0	1	2	2	1	3
chr9	39539416	39539446	31	8	0	31	21	10	7	1	1	2	1	0	2	0	1	0	0	1	2	1	0	1	1	1	0	0	2	1	0	0	0	1	0	1	0	0	0	2
chr9	39539447	39539511	65	8	0	65	47	18	3	5	2	4	4	1	1	1	2	0	0	2	6	1	3	10	3	2	0	2	1	1	0	3	2	0	0	0	1	2	0	1
chr9	39539512	39539554	43	8	0	43	32	11	6	2	1	4	2	0	1	0	2	0	1	1	3	0	2	5	1	1	0	0	0	0	0	3	1	1	0	0	1	1	0	2
chr9	39539555	39539898	344	8	0	344	236	108	41	14	16	21	14	5	8	14	16	1	13	13	21	10	5	22	15	7	1	7	6	4	0	11	5	2	0	7	17	8	1	17
chr9	39539899	39539930	32	8	0	32	21	11	1	1	1	2	2	1	1	3	2	0	1	2	0	2	1	1	4	0	0	0	0	0	0	0	0	0	0	0	1	0	0	4
chr9	39539931	39539985	55	8	0	55	30	25	6	1	4	1	1	1	2	0	5	1	2	2	0	1	2	1	1	2	0	1	0	4	0	5	1	1	0	0	2	2	0	4
chr9	39539986	39540042	57	8	0	57	32	25	3	5	0	1	3	2	2	3	3	0	1	1	0	2	2	3	1	5	0	3	3	4	0	1	1	0	0	1	5	0	0	0
chr9	39540043	39540266	224	8	0	224	156	68	27	6	10	13	14	3	2	8	3	2	5	6	12	10	10	23	16	2	1	3	2	4	1	3	7	2	2	9	2	2	0	12
chr9	39540267	39540309	43	9	0	43	25	18	3	2	1	1	1	1	2	2	2	3	2	0	2	1	0	1	4	2	1	0	0	0	1	3	0	0	0	0	2	2	0	2
chr9	39540310	39540368	59	8	0	59	41	18	6	2	2	6	4	0	1	4	2	0	3	0	4	2	1	3	1	1	0	2	1	0	0	1	2	0	0	4	4	1	0	0
chr9	39540369	39540431	63	8	0	63	43	20	3	2	3	4	5	1	0	2	1	0	0	6	3	2	3	6	4	1	0	0	1	1	0	4	0	1	0	1	3	3	0	1
chr9	39540432	39540457	26	8	0	26	17	9	1	1	2	1	2	0	0	0	1	0	3	1	1	1	1	1	0	0	0	2	1	0	0	0	0	0	0	0	1	0	0	4
chr9	39540458	39540656	199	8	0	199	120	79	24	7	6	10	10	5	6	9	6	3	10	4	7	5	3	5	6	5	1	7	7	3	0	7	8	3	1	6	9	6	3	5
chr9	39540657	39540683	27	8	0	27	10	17	0	0	2	0	1	3	2	0	1	1	0	0	0	0	0	0	1	1	0	1	1	1	1	1	2	2	0	2	1	0	1	0
chr9	39540684	39540923	240	8	0	240	143	97	13	7	8	17	19	4	9	9	4	6	8	10	8	3	7	10	11	4	0	5	8	5	0	11	10	9	0	5	11	6	0	11
chr9	39540928	39540964	37	8	0	37	27	10	3	2	1	3	3	1	0	0	0	1	0	0	2	2	3	5	3	2	0	1	0	0	0	2	0	0	0	0	1	0	0	0
chr9	39540965	39541172	208	8	0	208	124	84	10	8	7	15	13	4	8	7	12	3	8	5	5	7	7	5	11	3	1	6	6	5	1	7	5	5	0	4	10	6	0	12
chr9	39541173	39541237	65	9	0	65	42	23	6	1	5	4	2	0	1	1	4	2	3	1	4	1	3	4	0	1	0	1	0	2	0	3	2	1	0	1	2	1	0	7
chr9	39541238	39541295	58	9	0	58	38	20	5	0	4	5	3	2	0	1	2	2	1	3	4	0	3	3	0	2	0	2	1	0	0	3	0	0	1	1	5	1	0	2
chr9	39541296	39541604	309	9	0	309	188	121	21	10	22	7	15	7	9	13	16	8	13	8	9	8	9	12	14	4	0	15	6	2	1	13	5	7	0	8	19	9	1	16
chr9	39541605	39541638	34	9	0	34	24	10	3	1	2	4	1	0	2	1	3	0	1	1	4	0	0	0	1	0	0	0	1	0	0	0	0	1	0	1	2	0	0	3
chr9	39541639	39541676	38	8	0	38	29	9	3	0	2	5	1	1	0	2	2	0	0	1	4	2	0	6	2	0	0	0	0	1	0	1	0	0	0	0	1	1	0	1
chr9	39541677	39541841	165	9	0	165	121	44	36	6	6	11	3	4	2	6	7	1	8	5	12	3	3	6	6	4	0	4	3	2	0	4	0	0	0	0	6	3	0	12
chr9	39541843	39541926	84	9	0	84	35	49	0	2	2	0	3	5	7	0	1	1	8	3	0	0	1	1	2	1	0	5	5	2	0	3	6	5	3	4	3	2	1	6
chr9	39541927	39541973	47	9	0	47	18	29	0	0	1	1	0	1	4	1	2	1	3	0	0	2	2	0	1	1	0	2	2	3	1	3	2	3	0	3	1	2	1	2
chr9	39541975	39542027	53	9	0	53	31	22	9	1	0	3	1	3	2	0	1	1	1	0	2	2	3	1	2	3	1	1	4	1	0	2	0	2	1	1	1	0	0	2
chr9	39542030	39542085	56	8	0	56	24	32	0	0	1	1	1	2	3	1	1	2	4	4	1	0	1	0	0	2	1	1	4	2	1	4	1	4	0	1	3	3	2	3
chr9	39542087	39542135	49	9	0	49	24	25	0	0	1	3	0	3	4	2	1	1	1	2	2	1	0	1	1	2	1	1	3	1	1	2	3	3	0	2	2	1	0	2
chr9	39542136	39542195	60	9	0	60	31	29	3	0	3	1	1	4	2	7	2	2	1	0	2	0	0	2	5	1	0	0	4	2	0	1	5	3	0	2	0	2	0	3
chr9	39542197	39542235	39	8	0	39	21	18	0	0	0	4	2	2	0	3	0	1	2	1	2	0	2	0	2	0	0	1	2	2	0	1	2	0	0	4	1	3	0	0
chr9	39542236	39542245	10	9	0	10	6	4	0	1	1	0	2	0	0	0	0	1	0	0	0	0	0	0	1	0	0	0	0	0	0	0	0	0	0	0	1	0	0	1
chr9	39542246	39542335	90	9	0	90	51	39	6	3	5	4	6	3	4	2	2	4	2	2	4	0	1	1	6	3	0	1	4	3	0	5	2	3	0	1	3	3	0	5
chr9	39542336	39542364	29	8	0	29	17	12	1	2	1	1	1	0	1	0	1	1	1	1	2	0	3	0	2	0	0	1	0	1	0	1	0	0	0	2	0	2	0	2
chr9	39542365	39542398	34	9	0	34	24	10	5	3	1	2	1	0	1	1	1	0	0	2	3	0	2	1	2	0	0	1	0	0	0	2	1	0	0	0	0	2	0	1
chr9	39542399	39542593	195	9	0	195	113	82	10	7	3	11	10	5	11	6	4	6	10	5	7	4	5	8	6	4	0	11	8	5	1	3	9	4	0	5	10	4	1	10
chr9	39542594	39542984	391	9	0	391	234	157	25	10	19	20	14	16	12	13	23	6	15	9	12	9	17	14	15	9	0	17	12	8	0	18	10	5	0	9	17	16	0	19
chr9	39542985	39543040	56	9	0	56	34	22	3	3	1	5	3	1	3	0	4	2	1	0	2	0	3	3	2	3	0	0	1	2	0	3	0	0	0	2	4	1	0	2
chr9	39543041	39544228	1188	9	0	1188	678	510	93	38	55	45	39	34	54	38	60	23	50	32	40	15	26	35	34	42	2	32	50	44	0	59	37	20	1	24	44	47	3	70
chr9	39544230	39544253	24	8	0	24	15	9	1	1	2	3	4	0	0	0	1	0	1	1	0	0	0	0	0	0	0	1	1	0	0	0	2	1	0	1	1	0	0	1
chr9	39544254	39544280	27	8	0	27	19	8	4	1	0	3	0	0	0	1	3	0	0	0	1	1	2	2	0	2	0	0	0	0	0	2	0	0	0	0	1	0	1	1
chr9	39544281	39544680	400	9	0	400	233	167	28	12	12	22	19	11	11	22	14	11	13	9	14	10	9	15	20	13	1	10	18	14	2	15	8	9	1	8	17	14	4	12
chr9	39544681	39544717	37	8	0	37	21	16	2	0	3	0	2	3	1	1	1	2	0	0	1	1	1	1	2	1	0	3	2	0	0	1	2	1	0	1	1	1	0	1
chr9	39544719	39544767	49	9	0	49	30	19	2	3	3	0	3	2	0	2	1	0	2	4	1	2	1	2	2	1	2	3	0	1	0	1	2	0	0	0	3	0	2	2
chr9	39544768	39545556	789	9	0	789	477	312	68	22	33	40	31	26	34	24	33	11	26	18	31	18	26	34	39	14	0	24	22	25	0	31	25	23	0	20	29	16	0	44
chr9	39545557	39545602	46	9	0	46	28	18	5	1	4	1	2	0	0	1	1	2	4	0	3	0	1	2	0	1	0	2	2	1	0	1	0	0	0	3	2	2	0	3
chr9	39545603	39546294	692	9	0	692	371	321	54	15	20	28	15	21	35	19	20	16	39	19	28	14	14	14	20	22	6	17	33	27	7	31	15	22	5	20	22	27	6	39
chr9	39546295	39546358	64	9	0	64	29	35	7	1	1	1	1	4	4	2	0	1	3	1	1	1	0	0	3	2	0	2	3	3	2	4	3	5	0	2	1	2	2	0
chr9	39546359	39546522	164	9	0	164	81	83	9	3	6	6	8	5	10	3	4	2	7	4	3	4	4	3	4	6	0	4	11	2	0	13	6	12	0	6	5	7	2	3
chr9	39546523	39546534	12	8	0	12	5	7	0	1	0	0	1	1	1	0	0	0	1	0	0	0	0	0	0	0	0	1	0	0	0	0	2	0	0	1	1	0	0	0
chr9	39546535	39546574	40	7	0	40	15	25	0	0	1	0	1	4	4	0	0	1	2	2	0	0	0	0	1	1	1	2	3	1	0	1	2	2	2	2	2	1	0	2
chr9	39546575	39546891	317	8	0	317	195	122	37	15	15	16	23	6	9	9	15	7	8	7	8	5	5	8	18	7	3	5	11	9	1	12	7	3	0	8	11	14	0	13
chr9	39546892	39546915	24	9	0	24	10	14	0	1	0	0	0	0	1	3	1	1	1	0	0	0	0	1	1	0	0	0	2	4	0	1	0	1	0	1	1	2	0	0
chr9	39546916	39546935	20	9	0	20	9	11	0	1	0	1	1	0	1	1	1	0	1	0	0	0	0	2	1	0	0	0	2	3	0	1	0	0	0	0	0	1	0	1
chr9	39546936	39548443	1508	8	0	1508	954	554	134	51	58	101	78	58	41	73	58	29	40	34	73	24	29	72	90	28	4	40	47	36	5	32	37	28	3	42	76	28	4	53
chr9	39548444	39548459	16	9	0	16	5	11	0	0	0	0	0	1	2	0	0	1	0	0	0	0	0	0	0	0	0	2	1	0	0	0	2	1	3	0	0	0	0	1
chr9	39548461	39548514	54	9	0	54	22	32	0	2	1	1	2	1	5	0	2	1	6	1	0	0	0	0	1	2	0	1	1	1	0	5	3	3	1	3	3	2	1	3
chr9	39548516	39548567	52	9	0	52	31	21	4	1	0	3	1	1	2	5	1	1	1	2	2	3	2	0	4	0	0	2	1	1	1	1	2	2	0	2	3	1	1	0
chr9	39548568	39549066	499	8	0	499	263	236	23	11	21	18	13	20	27	19	20	9	21	15	18	3	11	12	17	11	1	14	26	16	1	27	15	23	3	17	22	20	1	22
chr9	39549067	39549120	54	9	0	54	26	28	2	1	0	2	0	2	4	2	1	2	3	2	1	1	2	0	1	4	0	1	2	2	0	5	2	1	0	1	3	3	0	2
chr9	39549121	39550438	1318	8	0	1318	856	462	100	40	57	89	60	30	49	55	56	28	34	41	69	45	41	61	67	21	6	49	29	14	2	29	34	17	0	35	64	22	4	68
chr9	39550439	39550476	38	8	0	38	28	10	6	1	1	4	3	0	1	2	2	0	0	1	2	1	2	1	1	0	0	1	0	0	0	0	3	0	0	1	2	0	0	1
chr9	39550477	39550957	481	8	0	481	334	147	59	23	19	43	24	9	18	12	20	8	12	12	41	9	7	17	23	9	0	17	6	3	2	11	11	0	1	11	24	10	1	17
chr9	39550958	39551002	45	9	0	45	27	18	1	0	2	4	2	0	2	3	2	1	0	2	2	2	1	1	2	0	0	1	1	1	0	2	1	3	0	2	3	0	0	2
chr9	39551003	39551449	447	8	0	447	270	177	38	19	17	20	23	12	21	13	9	8	14	13	24	7	11	19	21	9	1	15	18	8	0	17	12	17	0	15	18	9	1	16
chr9	39551451	39551729	279	8	0	279	184	95	31	12	8	19	12	7	5	15	8	3	7	9	19	4	8	15	15	5	0	6	9	8	0	11	6	4	0	4	9	11	0	7
chr9	39551730	39551766	37	8	0	37	14	23	0	1	0	1	1	0	1	2	1	0	6	1	0	0	0	0	0	0	0	0	1	6	0	3	1	1	0	2	2	3	0	2
chr9	39551767	39551895	129	8	0	129	65	64	6	5	9	0	5	6	1	5	7	0	6	2	2	2	7	1	7	1	0	4	4	9	1	6	4	4	1	7	3	6	0	6
chr9	39551896	39551929	34	8	0	34	18	16	1	0	1	2	0	1	4	2	3	0	2	1	0	0	0	0	0	1	0	0	2	0	0	0	2	0	0	4	3	0	0	3
chr9	39551930	39552432	503	8	0	503	310	193	52	14	17	27	15	12	22	24	20	13	16	9	23	9	14	22	20	11	4	13	17	10	0	17	18	11	0	13	19	13	0	26
chr9	39552433	39552470	38	8	0	38	18	20	1	0	3	1	1	0	1	1	1	0	5	0	2	2	0	0	0	1	0	1	2	1	0	4	0	1	0	2	1	4	0	1
chr9	39552471	39553133	663	8	0	663	406	257	48	19	29	36	21	15	32	20	30	12	16	20	35	9	30	32	20	10	1	24	19	8	0	27	26	16	5	23	23	20	2	33
chr9	39553134	39553171	38	8	0	38	17	21	1	0	1	2	1	2	1	0	0	2	2	0	1	0	1	2	2	1	0	1	2	3	1	2	0	3	0	1	0	2	1	1
chr9	39553172	39553405	234	8	0	234	142	92	10	8	7	8	6	14	7	8	7	5	12	6	10	7	9	18	10	5	1	17	12	0	0	7	4	4	0	0	9	10	1	10
chr9	39553406	39553454	49	8	0	49	36	13	6	0	2	8	3	2	1	2	3	1	0	1	4	0	0	2	3	0	0	0	1	0	0	0	2	0	0	1	2	1	0	2
chr9	39553463	39553536	74	9	0	74	54	20	11	2	1	9	3	0	2	5	4	0	1	2	5	2	0	6	3	0	0	1	2	0	1	1	2	0	1	1	2	4	0	1
chr9	39553537	39553692	156	8	0	156	109	47	25	6	3	8	4	4	4	8	4	2	1	6	8	6	10	8	10	4	0	4	2	1	0	6	3	2	0	1	5	2	0	7
chr9	39553696	39553790	95	8	0	95	41	54	8	1	2	0	3	5	4	1	1	2	8	3	0	0	2	0	1	2	1	4	5	3	2	2	4	4	6	5	3	3	3	5
chr9	39553791	39553817	27	7	0	27	10	17	0	1	0	0	0	0	2	0	1	0	4	0	0	1	0	0	0	0	1	1	0	1	1	3	1	2	0	1	1	2	1	1
chr9	39553818	39554531	714	8	0	714	431	283	59	19	23	40	28	20	31	22	21	23	18	19	33	18	24	33	30	18	3	28	25	12	7	22	14	17	7	17	32	19	1	29
chr9	39554532	39554570	39	8	0	39	19	20	1	0	3	1	0	3	3	1	4	0	3	0	0	0	0	0	1	0	0	1	1	0	0	0	2	2	0	4	3	0	0	4
chr9	39554571	39555182	612	8	0	612	428	184	64	16	18	47	20	15	11	40	18	10	12	15	43	13	23	62	30	9	1	14	13	4	0	15	19	11	0	12	23	8	1	23
chr9	39555184	39555232	49	8	0	49	37	12	8	1	1	3	0	2	0	6	4	0	0	0	1	2	2	7	4	0	0	1	0	0	0	1	0	0	0	0	2	1	0	1
chr9	39555233	39555280	48	7	0	48	35	13	3	1	1	7	1	0	0	2	0	1	1	1	8	1	3	4	1	1	0	1	2	0	0	1	0	0	0	2	0	3	0	1
chr9	39555281	39555361	81	8	0	81	59	22	16	2	4	7	4	1	0	1	4	0	1	3	5	2	2	7	2	1	1	1	1	1	0	3	0	0	1	1	3	3	0	2
chr9	39555363	39555589	227	8	0	227	115	112	30	5	4	4	7	8	9	5	4	5	12	5	3	4	9	0	5	5	4	8	10	4	6	8	8	12	6	10	6	7	4	8
chr9	39555590	39555718	129	9	0	129	65	64	7	3	5	2	3	5	7	5	4	3	6	4	3	3	1	3	6	1	2	5	6	3	2	6	3	8	1	2	5	5	3	5
chr9	39555719	39556072	354	8	0	354	242	112	50	17	10	23	14	8	10	18	16	4	6	10	21	3	10	20	10	7	1	14	12	3	1	8	9	5	0	6	19	9	0	8
chr9	39556073	39556128	56	9	0	56	29	27	2	1	1	0	1	5	3	5	1	2	2	1	1	0	1	2	3	2	0	2	1	1	0	3	5	2	0	1	5	0	0	1
chr9	39556129	39556158	30	8	0	30	15	15	0	1	0	2	1	1	4	1	2	0	0	0	1	0	0	1	2	0	0	0	2	2	0	0	2	1	0	3	1	0	0	1
chr9	39556159	39556200	42	7	0	42	24	18	2	0	4	2	1	0	0	2	3	3	2	1	1	0	1	0	0	2	0	1	2	1	1	2	0	0	0	0	1	3	1	4
chr9	39556201	39556297	97	8	0	97	42	55	6	0	2	5	4	4	4	4	1	2	2	3	2	2	0	0	3	1	2	2	6	3	5	3	4	9	5	3	4	4	0	0
chr9	39556301	39556315	15	8	0	15	7	8	0	0	1	0	1	0	1	0	0	1	1	2	0	0	0	0	0	1	0	0	0	0	0	1	0	0	0	0	2	1	0	1
chr9	39556316	39556385	70	9	0	70	38	32	8	2	0	3	1	3	2	3	1	1	1	1	3	2	4	1	2	4	2	1	6	2	1	2	1	4	1	2	1	1	0	2
chr9	39556386	39556398	13	9	0	13	7	6	0	0	0	2	0	0	1	0	0	0	1	0	1	1	0	0	1	0	0	0	0	0	0	1	0	1	0	1	0	1	0	0
chr9	39556399	39556533	135	8	0	135	64	71	17	1	3	2	2	4	7	2	4	2	14	1	1	1	1	1	1	1	2	4	6	3	5	5	3	8	4	7	5	6	1	9
chr9	39556535	39556762	228	8	0	228	148	80	21	14	7	17	9	5	7	11	11	5	7	3	17	4	6	3	12	5	3	8	2	2	2	4	7	0	2	6	11	3	3	9
chr9	39556763	39556818	56	9	0	56	40	16	2	3	0	5	1	0	3	1	2	1	2	1	5	2	4	7	0	0	0	5	0	0	0	0	3	0	0	1	3	0	0	3
chr9	39556819	39557307	489	8	0	489	253	236	48	11	15	13	14	13	23	14	11	8	21	14	15	7	12	12	11	11	4	13	22	18	11	20	17	25	11	19	14	17	4	19
chr9	39557308	39557318	11	8	0	11	11	0	9	0	0	0	0	0	0	0	0	0	0	0	0	0	0	0	0	0	0	0	0	0	0	0	0	0	0	0	0	0	0	0
chr9	39557319	39557453	135	8	0	135	89	46	5	6	2	2	5	3	1	6	3	0	3	14	2	1	12	23	6	3	0	1	6	3	0	4	0	2	0	0	2	5	0	13
chr9	39557454	39557474	21	8	0	21	10	11	0	0	1	0	0	1	0	2	0	1	1	1	0	0	0	1	0	2	0	0	2	3	0	1	0	0	0	0	1	1	0	1
chr9	39557475	39557842	368	8	0	368	173	195	13	8	12	9	14	15	19	10	7	6	23	6	8	10	10	2	10	11	3	15	17	11	6	20	17	20	5	18	14	12	4	11
chr9	39557851	39558894	1044	8	0	1044	630	414	84	28	38	67	44	37	52	26	31	20	37	24	57	23	15	45	41	36	5	27	35	19	4	39	41	18	2	35	42	24	5	41
chr9	39558895	39558919	25	8	0	25	16	9	1	0	2	1	0	0	0	1	2	1	0	2	1	0	3	2	0	0	0	0	0	0	0	2	0	0	0	0	1	2	0	2
chr9	39558920	39559088	169	8	0	169	113	56	12	4	8	14	11	4	3	7	3	7	3	6	12	4	6	8	9	3	0	7	5	2	0	3	3	3	0	2	8	2	0	8
chr9	39559089	39559122	34	9	0	34	25	9	2	1	1	3	0	0	0	4	3	0	0	3	2	0	2	4	0	0	0	1	0	0	0	1	0	0	0	0	3	1	0	1
chr9	39559123	39559157	35	8	0	35	24	11	4	0	2	4	2	1	0	1	2	1	1	0	1	0	1	2	1	0	0	1	1	1	0	1	1	0	0	1	1	2	0	1
chr9	39559158	39559210	53	8	0	53	30	23	3	0	3	3	3	0	3	3	2	4	0	1	1	1	1	1	1	0	0	4	3	1	0	1	3	1	0	2	2	3	0	1
chr9	39559211	39559255	45	9	0	45	29	16	2	2	1	2	1	1	0	4	1	1	1	1	3	1	1	5	1	1	2	1	2	0	0	0	1	0	2	1	2	1	0	2
chr9	39559256	39559284	29	9	0	29	19	10	3	0	3	1	0	2	0	1	0	0	1	0	4	0	1	2	0	0	0	2	2	0	0	0	1	2	0	1	0	0	0	1
chr9	39559285	39559535	251	8	0	251	153	98	37	2	10	15	5	6	11	5	6	5	14	3	14	4	3	11	5	4	0	8	4	6	5	8	13	6	2	9	5	7	3	13
chr9	39559536	39559605	70	9	0	70	32	38	4	2	1	1	2	6	6	3	2	2	1	2	0	0	0	0	5	1	0	3	1	0	2	1	9	2	3	2	2	2	1	2
chr9	39559606	39559661	56	8	0	56	38	18	5	1	3	3	2	1	1	1	0	2	4	1	5	1	1	5	2	0	0	3	1	0	0	1	2	1	0	1	2	1	0	4
chr9	39559662	39559720	59	8	0	59	24	35	0	2	2	0	2	4	4	0	1	0	4	2	1	1	0	0	1	3	0	3	3	2	2	2	4	2	1	4	2	2	1	2
chr9	39559721	39559773	53	8	0	53	21	32	0	0	1	1	1	3	4	0	1	1	3	1	0	2	2	0	2	3	0	1	4	3	0	5	2	3	0	3	1	3	0	1
chr9	39559774	39559910	137	8	0	137	64	73	7	4	3	3	3	9	7	0	3	4	5	2	4	3	6	1	3	11	3	3	8	6	1	8	2	5	1	6	6	2	2	4
chr9	39559911	39560130	220	8	0	220	142	78	12	6	14	16	9	6	3	11	10	3	1	9	17	8	7	10	7	3	4	9	6	1	2	4	8	6	2	2	8	3	1	10
chr9	39560131	39560157	27	9	0	27	13	14	0	1	2	0	0	1	2	0	1	0	3	0	2	0	0	0	0	1	0	1	0	2	0	2	0	1	0	1	3	0	0	2
chr9	39560158	39560317	160	8	0	160	96	64	7	3	10	9	4	1	10	3	10	5	8	3	9	3	3	7	5	0	0	7	2	5	1	4	5	1	0	7	6	6	1	13
chr9	39560318	39560340	23	8	0	23	13	10	1	0	2	0	1	3	1	0	1	0	2	0	0	0	0	0	4	0	0	0	0	0	0	0	1	0	0	1	0	0	0	4
chr9	39560347	39560399	53	8	0	53	42	11	3	2	0	4	0	7	0	4	0	1	0	0	6	0	0	13	10	0	0	0	0	0	0	0	0	0	0	0	1	0	0	0
chr9	39560400	39560484	85	8	0	85	58	27	7	1	3	7	4	1	3	3	2	1	4	5	6	3	0	7	2	0	0	3	1	2	0	2	2	1	0	1	6	2	0	4
chr9	39560486	39560513	28	8	0	28	21	7	4	2	0	0	0	0	1	1	0	0	1	2	2	2	3	1	2	0	0	2	0	0	0	0	0	0	0	0	0	0	0	3
chr9	39560514	39560525	12	8	0	12	10	2	2	0	0	2	1	0	0	1	1	0	0	1	0	0	0	0	0	0	0	0	0	0	0	0	0	0	0	0	2	0	0	0
chr9	39560528	39561180	653	8	0	653	448	205	75	23	13	55	18	21	29	20	26	8	19	20	47	11	17	45	29	9	1	24	13	11	0	12	14	7	1	10	33	9	0	31
chr9	39561181	39561191	11	8	0	11	7	4	0	0	0	0	0	0	0	2	0	0	0	1	0	0	0	2	0	1	0	0	2	0	0	0	0	0	0	0	0	1	0	0
chr9	39561195	39561225	31	8	0	31	14	17	0	1	1	1	1	1	1	1	2	0	2	1	0	0	1	1	0	1	1	0	2	1	0	3	0	2	0	0	1	2	0	2
chr9	39561226	39561243	18	8	0	18	7	11	1	1	0	0	0	0	2	0	0	1	1	0	0	0	0	0	1	1	0	0	0	2	1	1	0	0	0	2	1	1	0	0
chr9	39561244	39561446	203	8	0	203	113	90	11	4	14	9	12	2	10	5	10	7	9	1	5	7	3	3	5	5	1	9	9	4	0	8	5	5	0	12	11	7	1	7
chr9	39561447	39561494	48	8	0	48	32	16	5	2	2	5	5	0	1	2	2	2	0	1	2	1	1	0	2	1	0	2	2	2	0	0	0	0	0	0	3	1	0	2
chr9	39561495	39562073	579	8	0	579	361	218	48	22	19	34	23	14	23	30	11	12	16	12	40	15	19	22	24	17	3	19	22	8	0	15	20	12	1	25	23	8	2	18
chr9	39562074	39562114	41	8	0	41	22	19	2	0	1	2	0	1	0	2	1	1	1	2	2	0	2	4	0	3	0	0	2	5	0	3	0	0	0	0	1	3	0	1
chr9	39562115	39562182	68	8	0	68	34	34	6	3	2	3	5	4	0	2	1	0	2	1	2	0	0	2	2	4	1	0	5	2	4	1	2	6	1	1	2	0	0	2
chr9	39562183	39562200	18	8	0	18	10	8	1	0	1	1	0	1	1	0	1	0	0	1	1	1	0	0	0	0	0	1	1	1	0	0	1	0	0	1	1	1	0	0
chr9	39562201	39562256	56	8	0	56	23	33	1	1	1	1	3	2	3	0	0	3	3	2	0	0	0	2	1	4	0	1	3	1	3	4	1	5	1	1	3	1	2	1
chr9	39562257	39562458	202	8	0	202	101	101	21	5	4	4	7	10	15	1	4	2	11	5	2	2	6	2	5	5	1	7	8	6	0	13	11	11	1	9	9	6	0	7
chr9	39562459	39562542	84	8	0	84	53	31	7	2	8	5	2	0	3	3	6	0	1	1	7	2	1	4	0	1	0	3	3	3	0	2	3	2	1	4	2	2	0	4
chr9	39562543	39562685	143	8	0	143	81	62	5	8	7	4	8	5	6	5	7	3	5	6	5	2	0	3	8	6	0	4	6	7	0	6	4	0	0	0	6	6	0	9
chr9	39562686	39562850	165	8	0	165	106	59	10	8	4	4	6	18	2	4	5	4	7	2	5	5	10	12	27	3	0	4	1	0	0	2	1	0	0	1	1	1	0	16
chr9	39562851	39562878	28	8	0	28	19	9	1	1	0	4	2	0	1	1	1	0	2	0	2	1	0	3	1	1	0	0	1	0	0	0	0	0	0	1	2	0	0	1
chr9	39562879	39563158	280	8	0	280	192	88	31	7	7	22	12	6	7	15	5	3	2	10	19	10	13	22	12	2	0	12	13	1	1	2	6	9	1	8	8	5	0	7
chr9	39563159	39563192	34	8	0	34	13	21	0	0	2	0	2	1	0	0	0	0	5	2	0	0	0	0	0	0	0	1	1	4	1	2	0	1	0	3	3	3	0	1
chr9	39563193	39563248	56	8	0	56	37	19	12	4	0	4	5	0	2	2	2	1	1	0	1	2	1	0	4	2	0	1	3	0	0	1	1	1	0	0	1	2	0	1
chr9	39563249	39563260	12	8	0	12	4	8	0	0	0	0	0	3	1	0	0	0	0	0	0	0	0	0	1	0	0	1	1	0	0	0	2	1	0	0	0	0	0	0
chr9	39563261	39563274	14	8	0	14	5	9	0	0	0	0	1	1	1	0	0	1	0	0	0	0	0	0	1	1	0	0	2	1	0	1	0	1	0	0	0	1	0	0
chr9	39563275	39563320	46	8	0	46	20	26	0	1	0	0	0	3	3	1	1	0	3	3	1	1	2	0	0	4	0	1	3	3	0	5	0	1	0	1	3	3	0	1
chr9	39563321	39563363	43	8	0	43	17	26	0	0	0	0	0	5	3	0	0	1	4	2	0	1	1	0	2	2	0	3	2	0	1	3	1	3	1	1	3	1	0	1
chr9	39563364	39563403	40	8	0	40	24	16	6	2	1	1	4	2	0	1	0	1	4	1	0	0	0	0	2	2	0	1	0	0	0	2	1	1	0	0	4	0	0	2
chr9	39563404	39563454	51	8	0	51	32	19	2	2	2	2	0	3	0	4	2	1	0	0	4	3	1	6	3	0	2	2	2	2	0	1	1	1	0	0	1	2	0	0
chr9	39563455	39563527	73	8	0	73	45	28	7	0	3	5	3	1	2	4	4	0	4	5	1	2	1	2	1	0	0	2	2	1	0	4	4	0	0	0	3	6	0	4
chr9	39563528	39563552	25	8	0	25	21	4	11	0	3	1	0	0	0	0	3	0	0	1	0	0	0	0	0	0	0	0	0	0	0	0	0	0	0	0	0	0	0	4
chr9	39563553	39563768	216	8	0	216	107	109	20	6	3	6	8	8	15	2	6	4	11	3	2	4	7	1	6	7	1	8	12	9	3	7	9	10	2	10	6	5	2	11
chr9	39563769	39563798	30	8	0	30	15	15	0	0	1	2	1	1	2	0	2	2	1	2	0	0	0	0	0	3	0	0	1	0	0	3	0	0	0	0	4	2	0	1
chr9	39563799	39564113	315	8	0	315	146	169	8	6	10	7	6	18	17	5	10	7	19	7	7	4	12	3	10	8	2	15	15	13	6	16	9	15	2	13	12	15	2	14
chr9	39564114	39564174	61	8	0	61	38	23	2	4	1	2	5	3	3	3	2	3	1	2	1	1	1	3	8	0	0	3	1	0	0	0	0	0	1	1	5	1	0	2
chr9	39564175	39564637	463	8	0	463	304	159	53	10	29	22	11	9	10	25	19	10	7	19	30	16	14	18	19	7	1	18	11	9	1	18	7	5	0	8	19	18	2	16
chr9	39564638	39564677	40	8	0	40	23	17	5	2	0	1	3	2	2	1	0	1	2	2	0	0	0	2	2	2	0	1	2	0	0	1	2	0	0	0	1	2	0	2
chr9	39564678	39564984	307	8	0	307	163	144	16	8	11	12	13	9	21	10	11	3	9	3	7	9	9	11	11	10	0	8	11	9	1	16	22	15	1	13	10	3	0	13
chr9	39564985	39565020	36	8	0	36	16	20	1	0	2	0	2	3	1	0	0	0	5	2	0	0	0	0	0	1	0	2	1	1	0	3	1	1	0	1	4	2	0	1
chr9	39565021	39565084	64	8	0	64	33	31	4	2	2	2	4	2	4	0	2	3	4	0	0	1	3	0	4	1	0	3	3	1	0	2	2	3	0	1	1	1	0	7
chr9	39565085	39565610	526	8	0	526	360	166	55	18	17	45	24	11	18	26	27	8	10	9	29	22	9	30	29	12	2	17	14	5	1	8	15	1	0	8	22	10	1	21
chr9	39565611	39565621	11	8	0	11	7	4	1	1	1	0	1	0	0	0	0	0	0	0	1	1	0	0	0	1	0	1	1	0	0	0	0	0	0	0	0	0	0	0
chr9	39565622	39565650	29	8	0	29	18	11	2	0	0	2	1	0	2	0	1	0	1	4	0	0	1	2	0	0	0	0	1	2	0	0	0	1	0	1	2	0	0	4
chr9	39565651	39565722	72	8	0	72	56	16	7	3	1	6	1	2	2	6	0	0	1	6	10	3	0	6	4	1	0	3	1	0	0	0	0	0	0	0	6	0	0	1
chr9	39565723	39565733	11	8	0	11	4	7	0	0	0	0	0	1	2	0	0	1	0	0	0	0	0	0	0	0	1	1	0	0	0	0	2	0	0	0	0	0	0	1
chr9	39565734	39565763	30	8	0	30	19	11	1	1	1	1	2	1	0	3	0	0	1	1	2	2	1	1	2	0	0	2	0	0	0	0	3	0	0	1	1	0	1	0
chr9	39565764	39565840	77	8	0	77	45	32	3	1	3	4	2	1	6	1	4	1	3	1	3	3	2	6	3	1	0	2	1	1	0	6	4	3	0	1	2	2	0	5
chr9	39565841	39565927	87	8	0	87	52	35	7	3	3	3	5	6	2	4	0	5	1	1	4	1	3	4	7	3	0	4	3	2	0	1	3	2	0	1	4	0	0	3
chr9	39565928	39566140	213	8	0	213	120	93	11	5	14	7	8	6	8	4	13	7	6	8	5	3	9	5	10	5	2	4	7	5	0	14	3	5	0	4	6	11	0	16
chr9	39566141	39566179	39	8	0	39	24	15	3	3	1	1	2	0	0	4	0	1	2	0	3	1	1	1	3	2	0	1	1	2	0	2	0	0	0	0	1	1	0	1
chr9	39566180	39566253	74	8	0	74	42	32	5	3	0	5	2	3	5	4	3	0	2	0	3	2	0	3	3	2	0	3	6	3	0	1	3	3	0	2	3	2	0	1
chr9	39566254	39566290	37	8	0	37	15	22	1	0	1	1	1	1	3	0	0	0	2	1	1	1	2	0	1	0	0	1	1	1	0	5	2	3	1	2	1	2	0	0
chr9	39566291	39566327	37	8	0	37	17	20	1	1	1	0	2	1	3	0	0	3	3	2	0	0	0	0	1	3	0	1	0	0	0	4	0	1	0	1	5	1	0	1
chr9	39566328	39566475	148	8	0	148	73	75	7	4	3	4	4	4	12	5	3	0	7	4	3	5	5	1	3	5	0	5	9	5	0	8	8	8	0	10	6	4	0	4
chr9	39566476	39566512	37	8	0	37	16	21	0	0	0	0	1	3	4	0	0	3	4	0	0	0	0	0	1	1	0	4	2	1	0	0	3	1	0	0	2	1	0	4
chr9	39566513	39566795	283	8	0	283	167	116	24	10	9	17	8	11	13	11	13	4	8	3	15	6	7	6	12	11	1	7	8	7	2	15	9	9	1	5	14	5	0	10
chr9	39566796	39566870	75	8	0	75	44	31	5	3	3	5	3	1	4	2	3	3	2	2	5	0	0	3	4	1	0	2	3	4	0	4	2	0	0	0	1	6	0	2
chr9	39566871	39566895	25	9	0	25	13	12	3	1	1	0	1	1	1	1	0	0	0	1	1	1	0	0	2	1	0	0	1	2	0	2	0	1	0	0	1	1	0	0
chr9	39566897	39566983	87	9	0	87	39	48	1	2	2	0	1	5	7	2	2	3	7	4	1	0	1	0	4	2	1	3	1	2	2	5	3	4	0	4	7	2	1	6
chr9	39566985	39567040	56	8	0	56	19	37	0	0	3	0	0	1	5	2	3	1	4	0	0	0	0	0	1	0	1	0	2	3	2	5	5	2	0	6	0	7	0	1
chr9	39567041	39567915	875	8	0	875	589	286	74	32	47	59	36	23	29	36	43	10	9	28	59	29	23	51	43	14	0	37	16	12	1	22	25	8	1	16	41	17	0	32
chr9	39567916	39568028	113	8	0	113	74	39	10	5	3	6	2	5	8	5	8	0	2	3	3	4	1	8	9	1	0	4	1	0	0	2	4	2	0	2	5	0	2	6
chr9	39568029	39568104	76	8	0	76	47	29	11	4	0	3	4	1	7	0	3	2	3	3	0	2	2	2	6	0	0	3	1	0	0	3	2	0	0	2	3	4	0	3
chr9	39568105	39568194	90	8	0	90	51	39	6	5	5	3	4	4	3	1	6	3	3	2	3	0	3	0	4	4	0	4	3	2	1	2	1	2	0	1	4	0	2	7
chr9	39568195	39568739	545	8	0	545	328	217	43	9	18	31	15	14	22	28	23	18	20	23	20	10	11	21	22	6	6	17	14	15	2	23	14	9	0	5	29	24	4	27
chr9	39568740	39568779	40	8	0	40	25	15	2	0	1	4	1	1	0	3	3	0	1	2	1	2	2	1	2	0	0	1	2	1	0	2	0	0	0	0	2	3	0	1
chr9	39568780	39569411	632	8	0	632	421	211	58	20	29	48	27	17	17	27	31	15	11	18	40	9	18	35	31	11	2	17	14	13	1	15	14	4	1	13	29	15	0	30
chr9	39569412	39570109	698	8	0	698	446	252	61	26	20	47	22	23	20	32	34	5	25	20	37	17	21	35	35	14	3	20	19	16	2	24	8	9	2	15	35	21	1	27
chr9	39570110	39570149	40	8	0	40	22	18	1	1	3	1	1	0	0	1	2	0	0	1	2	5	2	1	0	4	1	1	2	3	0	3	0	0	0	0	0	1	0	2
chr9	39570150	39570449	300	8	0	300	185	115	27	8	14	16	13	6	13	15	8	4	9	8	17	9	5	13	9	8	2	7	10	8	0	6	18	5	0	11	9	3	0	17
chr9	39570450	39570497	48	8	0	48	36	12	8	1	2	6	3	0	1	1	2	0	0	1	4	3	0	3	2	1	0	1	1	1	0	1	1	1	0	0	1	0	0	1
chr9	39570498	39571699	1202	8	0	1202	773	429	119	34	45	75	49	22	42	59	41	25	41	34	64	28	24	70	55	15	5	35	30	16	3	32	35	21	4	36	52	29	11	49
chr9	39571700	39571758	59	8	0	59	28	31	3	1	0	2	2	0	5	3	1	2	5	2	0	1	0	1	1	0	1	2	3	2	1	2	1	1	0	6	5	4	0	0
chr9	39571759	39571826	68	8	0	68	36	32	6	0	1	4	3	3	4	1	3	2	4	1	1	0	1	0	1	0	0	4	3	2	0	4	2	4	1	1	5	3	1	1
chr9	39571827	39571837	11	8	0	11	8	3	1	1	0	0	2	0	0	0	1	0	1	0	0	0	0	0	1	0	0	0	0	0	0	0	0	0	0	0	1	0	0	1
chr9	39571838	39571927	90	8	0	90	66	24	18	1	4	10	1	1	2	2	6	2	1	0	8	1	3	6	1	0	0	3	2	1	0	0	0	2	3	1	3	0	0	6
chr9	39571928	39571978	51	8	0	51	18	33	1	0	2	1	1	3	1	0	0	0	3	3	2	0	0	0	0	0	1	1	3	3	3	3	1	6	3	2	2	3	1	0
chr9	39571979	39572288	310	8	0	310	161	149	30	10	5	11	7	11	12	6	8	8	16	5	11	5	9	6	9	9	6	10	10	8	11	10	8	11	9	10	9	11	5	12
chr9	39572289	39572348	60	8	0	60	45	15	11	1	3	5	1	2	0	2	2	0	2	3	6	1	1	4	4	0	0	0	1	0	0	2	0	0	0	0	1	2	0	4
chr9	39572349	39573126	778	8	0	778	446	332	67	30	25	32	34	22	33	25	22	8	35	21	31	20	19	22	23	23	3	30	28	21	6	29	29	22	6	24	34	18	5	29
chr9	39573127	39573183	57	8	0	57	35	22	4	0	6	2	2	2	1	0	3	0	1	1	3	5	3	1	2	3	0	2	1	0	0	4	1	0	0	3	1	1	0	3
chr9	39573184	39574186	1003	8	0	1003	537	466	57	36	41	28	41	35	60	28	32	28	38	30	32	12	14	24	47	22	9	33	41	39	5	37	31	26	6	41	45	34	6	43
chr9	39574187	39574223	37	8	0	37	26	11	3	3	1	3	2	1	0	1	1	1	0	1	3	0	4	1	2	1	0	2	1	0	0	1	0	0	0	0	1	0	0	2
chr9	39574224	39574509	286	8	0	286	168	118	16	11	18	12	11	2	10	10	15	10	8	5	15	4	11	8	7	5	3	12	9	6	1	15	7	5	1	9	10	15	1	12
chr9	39574510	39574769	260	8	0	260	149	111	17	9	13	8	9	6	8	10	8	3	12	6	13	8	9	10	10	8	1	6	9	9	1	11	10	5	1	10	4	8	1	15
chr9	39574770	39574830	61	8	0	61	38	23	4	2	0	3	1	1	1	6	0	2	4	4	2	0	3	3	2	2	0	1	2	1	0	3	1	1	0	0	4	2	0	4
chr9	39574831	39574910	80	8	0	80	56	24	9	2	4	7	5	0	2	2	6	0	1	2	3	3	5	3	4	0	0	1	0	1	0	1	1	1	0	6	4	0	0	5
chr9	39574911	39574979	69	8	0	69	30	39	2	1	2	2	2	3	4	2	0	0	3	3	3	1	0	1	1	3	1	0	6	3	0	6	3	6	1	2	1	4	0	1
chr9	39574980	39575102	123	8	0	123	63	60	5	3	2	4	4	5	6	4	3	4	5	4	2	5	7	0	6	4	1	6	7	4	1	4	2	4	0	4	4	5	0	6
chr9	39575103	39575192	90	8	0	90	42	48	5	0	4	2	4	6	8	0	2	2	4	2	1	1	0	0	3	3	0	3	5	1	1	4	5	6	1	5	5	1	0	4
chr9	39575193	39575388	196	8	0	196	121	75	23	5	10	11	5	5	9	3	7	4	11	3	13	4	0	7	10	2	0	6	5	3	2	3	3	5	4	6	4	4	2	15
chr9	39575389	39575479	91	8	0	91	44	47	8	2	0	4	1	5	3	3	3	2	5	0	2	2	3	1	3	2	3	3	4	4	3	3	1	5	1	3	4	3	2	1
chr9	39575480	39575700	221	8	0	221	126	95	28	8	8	9	6	6	12	4	6	4	6	7	13	3	2	4	8	7	4	2	9	5	5	8	4	7	2	9	6	7	1	9
chr9	39575701	39575791	91	8	0	91	34	57	1	0	2	1	2	6	6	1	0	2	5	6	1	1	0	0	3	4	0	2	5	4	4	6	4	6	2	2	3	4	3	3
chr9	39575792	39575905	114	8	0	114	49	65	7	3	1	2	1	6	4	1	3	2	5	0	1	4	6	1	3	5	4	3	5	7	6	4	2	7	3	6	3	3	1	3
chr9	39575906	39575979	74	8	0	74	27	47	0	1	2	0	3	4	6	0	0	2	7	2	0	0	0	0	2	0	1	4	3	2	2	2	6	5	2	5	2	4	1	4
chr9	39575980	39575990	11	8	0	11	0	11	0	0	0	0	0	0	0	0	0	0	0	0	0	0	0	0	0	0	0	0	0	6	1	0	0	1	1	0	0	0	0	0
chr9	39575991	39576003	13	8	0	13	13	0	11	0	0	0	0	0	0	0	0	0	0	0	0	0	0	0	0	0	0	0	0	0	0	0	0	0	0	0	0	0	0	0
chr9	39576004	39576695	692	8	0	692	444	248	55	19	23	46	20	21	20	32	28	7	18	25	40	23	24	43	26	14	2	27	17	12	5	15	20	6	7	17	30	16	6	26
chr9	39576696	39576739	44	8	0	44	31	13	2	3	1	2	1	0	2	3	1	1	0	1	4	2	2	4	4	1	0	3	1	0	0	1	0	0	0	0	1	1	0	1
chr9	39576740	39577283	544	8	0	544	340	204	77	18	16	28	23	21	23	17	16	8	15	20	23	10	12	13	20	10	4	23	20	8	2	15	20	11	0	11	24	16	2	16
chr9	39577284	39577372	89	8	0	89	40	49	5	2	5	1	5	4	5	0	2	1	5	1	1	0	1	2	1	3	0	3	5	4	2	5	4	7	0	5	4	2	0	2
chr9	39577373	39577454	82	8	0	82	53	29	8	1	2	4	2	1	1	8	2	1	1	3	4	3	6	5	2	1	0	2	3	1	0	2	4	2	0	4	3	2	0	2
chr9	39577455	39577493	39	8	0	39	27	12	2	0	2	3	2	1	1	1	0	1	1	3	2	1	0	5	1	2	0	1	1	1	0	1	0	0	0	0	3	0	0	2
chr9	39577494	39577892	399	8	0	399	287	112	50	12	10	38	15	8	10	19	22	6	6	15	23	9	11	32	18	7	2	8	6	4	0	9	3	2	0	3	25	7	0	17
chr9	39577893	39577927	35	8	0	35	22	13	3	0	2	2	1	0	0	2	0	2	0	1	3	1	1	3	2	0	0	1	0	3	0	1	0	2	0	0	2	0	0	1
chr9	39577928	39578566	639	8	0	639	392	247	54	19	18	38	25	20	22	24	19	5	26	17	31	16	22	35	20	18	1	21	21	14	2	22	22	15	1	22	28	12	4	23
chr9	39578567	39578616	50	8	0	50	36	14	4	3	1	2	0	0	2	5	2	1	1	1	4	2	3	4	3	0	0	3	0	0	0	0	0	0	0	2	4	0	0	1
chr9	39578617	39578728	112	8	0	112	81	31	17	3	6	8	4	1	3	4	3	3	3	2	10	6	1	6	3	2	1	7	0	2	0	2	0	0	1	1	9	0	0	2
chr9	39578729	39578782	54	8	0	54	33	21	4	3	4	4	3	0	1	2	5	0	0	0	3	1	2	0	3	0	0	1	0	1	0	4	2	2	0	2	2	3	0	0
chr9	39578783	39579219	437	8	0	437	292	145	36	15	15	38	17	7	13	17	18	5	13	18	33	11	11	23	17	4	2	15	14	6	3	8	2	6	1	13	21	15	2	16
chr9	39579220	39579254	35	8	0	35	20	15	0	1	0	2	1	1	2	3	1	1	1	3	1	1	0	0	2	0	0	2	3	0	0	0	1	1	0	0	2	2	0	2
chr9	39579255	39579323	69	8	0	69	43	26	3	2	2	8	5	1	2	5	3	3	0	1	4	0	0	4	4	1	0	1	2	2	0	1	3	2	0	1	4	1	1	1
chr9	39579324	39579388	65	8	0	65	45	20	9	4	0	7	6	1	1	5	1	2	1	0	3	1	0	2	4	2	1	1	1	0	1	0	5	0	0	1	3	0	0	1
chr9	39579389	39579619	231	8	0	231	140	91	11	6	11	9	8	8	8	12	9	4	5	9	9	11	7	12	13	5	1	10	6	3	2	6	6	4	1	7	11	5	2	8
chr9	39579620	39579852	233	8	0	233	106	127	19	4	2	5	6	9	13	3	4	9	15	3	2	4	5	1	6	7	5	8	10	10	8	9	7	10	7	8	8	10	4	10
chr9	39579859	39579932	74	8	0	74	30	44	5	0	2	2	2	3	3	0	2	0	3	1	1	1	3	1	1	0	1	2	3	3	2	5	2	9	5	4	2	2	2	0
chr9	39579933	39580195	263	8	0	263	178	85	28	10	13	15	9	7	8	7	11	4	7	8	19	6	11	14	12	6	1	8	3	0	0	8	7	0	0	9	9	6	1	14
chr9	39580196	39580209	14	8	0	14	7	7	0	0	0	0	0	0	0	4	0	0	1	0	0	1	1	0	1	0	0	0	0	0	0	0	1	0	0	2	1	0	0	0
chr9	39580210	39580276	67	8	0	67	41	26	1	1	3	3	2	1	1	5	1	3	3	4	4	2	2	4	3	1	0	2	1	1	0	2	2	0	1	1	4	2	1	4
chr9	39580277	39580384	108	8	0	108	66	42	4	4	2	7	4	6	1	5	2	1	4	1	7	5	5	7	6	5	0	4	5	4	0	3	3	0	0	3	2	3	0	3
chr9	39580385	39580968	584	8	0	584	354	230	44	15	18	36	21	21	24	27	23	9	16	23	24	14	14	24	24	13	2	20	26	13	3	15	16	14	1	11	27	16	2	26
chr9	39580969	39581002	34	8	0	34	15	19	0	0	0	1	0	0	3	2	0	0	1	1	1	3	2	0	2	1	0	1	3	1	0	1	0	2	2	4	0	1	0	0
chr9	39581003	39581109	107	8	0	107	46	61	3	2	3	1	4	6	6	2	2	2	9	4	0	0	1	1	1	4	0	5	4	4	3	4	7	4	1	6	6	4	2	4
chr9	39581110	39581128	19	8	0	19	19	0	17	0	0	0	0	0	0	0	0	0	0	0	0	0	0	0	0	0	0	0	0	0	0	0	0	0	0	0	0	0	0	0
chr9	39581138	39581255	118	8	0	118	76	42	9	2	6	8	5	3	3	3	6	2	5	1	5	4	6	6	3	2	0	6	3	1	0	3	3	4	0	3	6	0	0	8
chr9	39581256	39581303	48	8	0	48	29	19	6	2	5	0	1	1	1	1	4	0	0	1	3	0	1	2	1	2	0	0	2	3	0	3	0	0	0	2	1	3	0	1
chr9	39581304	39581380	77	8	0	77	69	8	6	2	1	12	0	0	0	6	0	0	0	1	15	2	1	21	3	0	0	1	0	0	0	0	1	0	0	1	2	0	0	0
chr9	39581381	39581415	35	8	0	35	25	10	5	0	1	3	2	0	1	2	1	2	0	0	1	2	1	2	2	0	0	2	1	0	0	0	1	0	0	1	2	1	0	0
chr9	39581416	39581519	104	8	0	104	71	33	8	5	5	5	4	1	3	9	4	2	2	4	6	2	2	8	3	0	0	6	2	0	0	1	5	2	0	1	7	1	0	4
chr9	39581520	39581547	28	8	0	28	15	13	0	2	1	0	1	0	2	1	2	2	0	1	0	0	1	1	2	1	0	1	1	0	0	1	1	0	1	0	0	1	1	2
chr9	39581548	39581719	172	8	0	172	107	65	8	4	9	13	8	5	5	6	6	3	3	6	12	4	5	9	9	3	0	3	5	4	0	6	4	2	2	8	7	6	0	5
chr9	39581726	39581864	139	8	0	139	99	40	14	4	6	9	6	6	3	5	4	5	0	3	10	2	2	18	9	2	1	5	5	1	1	0	1	0	0	3	5	4	0	3
chr9	39581865	39582090	226	8	0	226	156	70	23	5	10	19	6	6	5	9	9	4	7	7	19	7	5	15	7	3	2	10	6	2	0	6	2	1	0	3	10	8	0	8
chr9	39582091	39582162	72	8	0	72	59	13	8	2	1	14	5	0	0	3	3	0	0	3	7	2	1	8	1	2	0	1	2	0	0	1	0	0	0	0	5	1	0	0
chr9	39582163	39582206	44	8	0	44	24	20	3	0	2	1	2	2	4	0	1	4	4	0	0	0	0	0	2	0	0	4	2	0	0	0	1	0	0	1	2	2	0	5
chr9	39582207	39582313	107	8	0	107	43	64	2	2	1	2	2	9	7	0	2	1	7	4	1	1	2	0	2	7	1	3	6	6	2	5	4	4	2	6	5	3	3	3
chr9	39582314	39582394	81	8	0	81	47	34	7	3	0	3	2	1	5	2	2	3	4	1	2	4	4	2	4	3	0	4	4	0	0	3	0	3	0	3	3	1	2	4
chr9	39582395	39582468	74	8	0	74	43	31	7	1	1	6	0	1	3	7	0	0	3	1	7	1	2	2	1	1	0	1	4	1	0	4	4	6	0	4	2	2	0	0
chr9	39582478	39582542	65	8	0	65	36	29	4	4	3	4	7	0	2	3	2	1	1	0	1	0	0	3	2	2	0	1	7	2	0	2	0	5	0	3	3	1	0	0
chr9	39582543	39582566	24	8	0	24	15	9	1	0	1	1	0	0	1	2	1	3	1	0	1	0	2	1	2	0	0	1	0	0	0	0	0	0	0	0	1	0	0	3
chr9	39582567	39582738	172	8	0	172	106	66	12	4	10	6	5	7	11	5	10	2	5	6	5	7	3	7	7	2	0	11	6	1	0	2	6	0	0	6	9	5	0	10
chr9	39582739	39582788	50	8	0	50	34	16	5	0	3	5	2	0	1	1	3	0	3	1	3	2	1	3	0	0	0	2	1	1	0	2	0	0	0	2	2	3	0	2
chr9	39582789	39582861	73	8	0	73	43	30	5	3	4	3	1	4	0	4	2	1	2	2	6	1	2	1	3	2	0	4	4	6	0	2	0	2	0	0	3	2	0	2
chr9	39582862	39582926	65	8	0	65	43	22	7	1	3	5	3	0	1	4	5	0	2	4	1	0	2	3	0	1	0	0	2	0	1	1	1	1	1	3	5	2	0	4
chr9	39582927	39583099	173	8	0	173	104	69	12	3	8	12	7	4	9	8	10	2	7	4	6	8	0	2	10	4	0	4	6	1	0	9	5	3	0	4	8	8	0	7
chr9	39583100	39583134	35	8	0	35	25	10	3	0	3	4	3	0	0	1	1	1	0	0	3	2	0	3	1	1	0	1	0	0	0	1	3	0	0	0	0	0	0	2
chr9	39583135	39583302	168	8	0	168	99	69	12	6	5	11	8	2	8	10	8	4	6	5	4	4	2	2	8	4	0	4	9	8	0	3	3	3	0	4	8	5	0	10
chr9	39583303	39583398	96	8	0	96	66	30	6	3	3	9	4	1	3	8	5	3	3	3	6	2	2	4	4	0	0	5	1	0	0	1	2	0	0	2	9	2	0	3
chr9	39583399	39583512	114	8	0	114	80	34	13	5	7	8	4	0	6	5	10	0	1	3	8	1	1	6	2	1	0	3	2	1	0	1	6	0	0	4	5	2	0	7
chr9	39583521	39584016	496	8	0	496	317	179	35	23	27	33	30	9	16	19	24	7	9	10	29	9	17	19	19	9	0	20	12	7	1	14	22	10	1	13	21	8	0	21
chr9	39584017	39584101	85	8	0	85	41	44	6	0	1	5	2	3	7	0	1	0	1	2	3	6	2	1	2	4	1	2	6	3	0	7	4	7	1	2	1	2	1	0
chr9	39584102	39584248	147	8	0	147	79	68	10	4	4	7	8	5	7	1	0	2	5	7	7	1	3	7	3	4	1	3	7	3	3	7	5	10	2	5	7	3	0	4
chr9	39584249	39584339	91	8	0	91	48	43	8	1	0	8	2	3	3	2	1	0	4	1	6	2	1	5	2	3	0	1	7	5	2	5	1	8	1	2	1	3	1	0
chr9	39584340	39584405	66	8	0	66	29	37	2	3	1	0	3	2	5	3	1	3	3	1	0	0	0	0	1	6	0	1	5	2	0	6	2	5	0	1	5	0	0	3
chr9	39584406	39584431	26	8	0	26	22	4	17	0	1	0	0	0	1	0	0	0	0	0	1	0	1	0	0	0	0	0	0	0	0	0	1	0	0	1	0	0	0	1
chr9	39584432	39584567	136	8	0	136	60	76	6	3	3	5	6	6	9	2	2	1	7	3	2	2	2	0	3	4	1	4	7	8	2	9	7	9	3	5	6	4	0	3
chr9	39584577	39584668	92	8	0	92	74	18	30	0	4	7	2	0	2	1	2	1	2	2	6	1	2	10	0	0	0	2	1	0	0	2	4	2	0	0	0	1	0	6
chr9	39584669	39584998	330	8	0	330	143	187	12	6	11	3	8	7	27	10	11	8	16	6	2	7	6	1	8	13	0	7	24	16	3	24	10	22	2	16	10	16	3	13
chr9	39584999	39585051	53	8	0	53	20	33	0	0	2	0	0	0	5	0	2	2	7	0	0	1	1	0	1	1	0	1	1	4	0	6	1	2	0	3	1	5	0	5
chr9	39585052	39585125	74	8	0	74	25	49	0	0	2	0	0	5	5	1	1	2	5	0	1	1	1	1	1	5	0	2	4	8	2	7	3	4	1	2	1	4	1	2
chr9	39585126	39585225	100	8	0	100	44	56	1	0	3	3	3	6	9	0	3	3	5	6	0	0	1	1	3	4	0	2	4	8	0	5	4	2	0	5	7	4	0	6
chr9	39585226	39585239	14	8	0	14	7	7	0	1	0	0	1	0	0	0	0	1	1	0	0	0	2	0	0	2	0	0	1	0	0	1	0	0	0	0	0	0	0	2
chr9	39585240	39586216	977	8	0	977	471	506	34	22	39	22	35	45	63	36	30	20	40	20	17	15	16	16	35	23	4	40	45	42	5	57	52	49	6	37	47	36	3	24
chr9	39586218	39586250	33	8	0	33	17	16	1	0	1	1	1	2	1	5	1	1	0	2	0	0	0	0	2	1	0	0	2	1	0	0	2	1	0	1	3	1	0	1
chr9	39586252	39586375	124	8	0	124	89	35	13	4	6	13	4	1	2	6	4	1	1	4	14	3	3	8	3	2	1	3	4	1	0	3	2	2	1	3	4	3	0	3
chr9	39586383	39586701	319	8	0	319	150	169	23	4	7	8	6	19	16	7	7	8	17	7	7	5	6	2	8	13	3	12	19	14	6	14	7	15	7	11	13	11	6	9
chr9	39586702	39586781	80	8	0	80	45	35	7	0	4	3	2	2	4	3	3	1	3	2	1	1	2	6	0	0	0	4	3	2	0	4	4	3	2	3	4	3	0	2
chr9	39586782	39586793	12	8	0	12	3	9	0	0	1	0	1	1	0	0	0	0	0	0	0	0	0	0	0	1	0	0	2	1	0	1	0	1	1	0	0	0	0	0
chr9	39586794	39587008	215	8	0	215	100	115	11	3	1	5	2	14	13	5	3	8	13	6	4	3	7	2	5	11	2	10	12	7	4	10	8	8	2	6	9	7	4	8
chr9	39587015	39587428	414	8	0	414	208	206	35	10	7	12	14	14	25	5	10	12	25	8	4	10	9	7	11	19	2	13	18	12	7	24	6	17	7	14	23	13	4	15
chr9	39587430	39587452	23	8	0	23	7	16	0	0	0	0	0	1	3	0	0	0	3	0	0	0	0	0	0	0	0	1	0	1	1	2	3	2	0	1	1	1	0	1
chr9	39587456	39587848	393	8	0	393	260	133	46	14	12	29	21	11	13	18	17	3	15	16	17	7	5	15	17	4	4	10	6	2	0	10	16	4	1	7	24	7	1	19
chr9	39587849	39587866	18	8	0	18	14	4	3	2	0	1	0	1	0	0	0	0	0	1	3	0	1	2	0	0	0	1	0	0	0	0	0	0	0	0	1	0	0	0
chr9	39587867	39588581	715	8	0	715	417	298	48	18	23	45	33	26	34	26	27	10	24	21	24	11	13	32	36	12	3	14	33	22	2	22	19	29	0	24	31	16	1	34
chr9	39588583	39588619	37	8	0	37	21	16	2	0	3	0	1	1	2	2	0	2	1	1	2	0	1	1	2	1	0	1	0	0	0	2	3	1	0	2	2	0	0	2
chr9	39588621	39588734	114	8	0	114	54	60	5	1	7	0	3	11	10	4	3	4	1	1	2	0	0	1	10	3	1	2	6	2	0	4	6	6	1	9	5	1	0	3
chr9	39588736	39588813	78	8	0	78	45	33	6	5	2	1	5	1	3	1	2	3	4	1	1	4	4	1	3	3	2	5	0	1	2	1	0	0	0	4	7	0	2	2
chr9	39588815	39589080	266	8	0	266	149	117	24	5	13	9	11	11	14	4	8	7	11	6	8	4	4	8	9	5	1	12	13	6	1	10	7	9	1	11	12	10	1	9
chr9	39589082	39589173	92	8	0	92	36	56	1	1	2	2	2	6	6	0	1	3	8	2	2	0	0	0	2	3	0	5	4	5	3	5	5	5	1	3	3	5	2	3
chr9	39589176	39589266	91	8	0	91	66	25	22	3	3	5	3	3	2	2	0	2	3	1	7	1	0	8	5	2	0	2	2	1	0	3	2	1	0	0	1	2	0	3
chr9	39589276	39589348	73	8	0	73	43	30	15	1	3	2	2	1	3	2	5	1	5	2	0	0	0	0	1	1	0	1	2	3	0	4	1	2	0	1	4	4	0	5
chr9	39589351	39589430	80	8	0	80	49	31	6	1	4	3	2	2	4	4	5	2	4	2	2	3	0	3	2	2	0	4	2	2	0	3	1	0	0	1	7	3	0	4
chr9	39589432	39589464	33	8	0	33	23	10	4	2	2	2	1	0	1	0	2	0	2	1	3	0	1	1	1	0	0	1	0	0	0	2	0	0	0	0	0	2	0	3
chr9	39589466	39589490	25	8	0	25	18	7	5	2	1	0	1	0	1	1	2	0	0	0	1	1	1	1	2	0	0	1	1	0	0	0	0	0	0	0	0	1	0	1
chr9	39589492	39589644	153	8	0	153	106	47	7	5	5	10	5	2	5	7	6	0	4	8	9	6	7	18	4	2	2	5	2	0	0	3	3	1	0	6	10	2	0	7
chr9	39589645	39589728	84	8	0	84	60	24	7	4	5	2	3	1	1	1	4	0	3	1	4	4	1	18	2	2	3	1	1	1	0	1	3	0	1	0	0	0	0	8
chr9	39589729	39589906	178	8	0	178	105	73	8	7	11	10	8	5	3	6	12	5	6	1	9	3	5	5	9	5	1	5	6	2	2	9	2	2	1	4	5	10	2	7
chr9	39589908	39589938	31	8	0	31	18	13	1	1	2	0	0	4	1	1	0	0	2	1	3	1	0	0	4	1	0	1	1	0	0	0	0	0	0	2	1	0	0	2
chr9	39589945	39590046	102	8	0	102	43	59	3	1	6	0	0	7	3	2	5	3	7	2	2	1	1	0	2	2	3	5	5	5	2	4	1	4	2	5	4	7	3	3
chr9	39590047	39590114	68	8	0	68	35	33	4	1	4	2	3	3	5	1	3	0	4	3	1	1	0	0	3	0	0	2	4	2	0	1	4	1	0	5	1	4	0	4
chr9	39590115	39590313	199	8	0	199	97	102	9	3	10	6	10	6	12	6	3	7	5	4	5	1	6	2	4	7	1	6	15	10	0	6	9	8	2	15	6	6	1	6
chr9	39590314	39590330	17	8	0	17	15	2	9	0	2	0	0	0	0	0	2	0	0	0	0	0	0	0	0	0	0	0	0	0	0	0	0	0	0	0	0	0	0	2
chr9	39590331	39590424	94	8	0	94	50	44	11	3	2	3	6	3	6	3	2	1	6	2	0	0	0	0	3	3	0	1	3	3	0	4	7	2	1	6	5	2	1	3
chr9	39590425	39590516	92	8	0	92	49	43	8	0	2	5	3	3	7	0	1	1	5	3	3	3	3	1	3	2	0	2	4	3	0	6	3	4	0	5	2	4	0	4
chr9	39590517	39591060	544	8	0	544	252	292	30	15	14	10	19	23	37	9	10	11	27	9	10	8	12	8	17	22	4	14	30	16	8	28	24	26	13	31	17	19	5	16
chr9	39591067	39591099	33	8	0	33	14	19	0	0	1	0	0	1	1	0	1	2	2	4	0	0	0	0	0	2	1	0	2	1	1	1	0	1	1	0	2	1	3	3
chr9	39591100	39591478	379	8	0	379	203	176	29	16	13	15	17	9	17	5	12	6	13	11	15	9	7	9	14	10	5	11	13	15	9	18	8	15	5	10	13	14	3	11
chr9	39591479	39591518	40	8	0	40	21	19	4	3	0	0	1	0	3	0	2	1	3	0	0	1	1	0	1	2	0	2	1	2	1	1	1	0	0	1	2	1	1	3
chr9	39591519	39591537	19	8	0	19	14	5	2	2	0	1	1	0	0	3	0	1	0	0	2	0	0	2	3	0	0	0	0	0	0	0	0	0	0	0	0	0	0	0
chr9	39591538	39591568	31	8	0	31	21	10	3	2	2	1	1	0	0	1	2	0	0	1	2	0	3	3	0	0	0	1	1	0	0	1	0	1	0	1	1	0	0	2
chr9	39591569	39592017	449	8	0	449	245	204	31	10	20	22	20	15	17	10	19	4	14	13	14	10	11	13	16	11	2	10	19	22	5	23	12	16	2	16	16	20	1	13
chr9	39592018	39592029	12	8	0	12	4	8	0	0	0	0	0	0	1	0	0	1	2	0	0	0	0	0	0	1	0	0	0	0	0	2	0	0	0	0	1	1	1	0
chr9	39592030	39592040	11	8	0	11	5	6	0	0	0	0	0	1	0	0	0	1	1	1	0	0	0	0	0	1	0	0	1	0	0	0	0	0	0	0	0	0	2	1
chr9	39592041	39592090	50	8	0	50	31	19	6	2	1	3	1	3	3	0	2	1	1	0	3	1	2	1	4	1	1	1	1	0	1	1	1	1	0	2	1	0	0	3
chr9	39592091	39592169	79	8	0	79	26	53	0	1	0	1	0	5	6	1	2	1	5	0	0	2	2	0	2	2	3	2	7	3	1	6	1	8	5	3	2	4	0	2
chr9	39592170	39592186	17	8	0	17	6	11	0	0	1	0	1	1	1	0	0	0	2	0	0	0	0	0	0	0	0	1	0	1	0	0	2	1	0	3	1	0	0	0
chr9	39592187	39592399	213	8	0	213	132	81	26	8	6	10	10	3	11	5	3	2	8	7	10	4	6	12	3	2	0	12	11	3	0	4	8	9	2	7	7	4	0	8
chr9	39592404	39592462	59	8	0	59	40	19	4	2	3	3	2	0	2	2	6	1	2	1	1	1	4	4	0	0	0	4	0	0	0	2	1	0	0	1	5	2	0	4
chr9	39592463	39592515	53	8	0	53	33	20	4	1	1	4	1	0	5	1	3	2	1	1	3	1	0	4	2	0	0	2	2	2	0	1	1	2	0	1	2	1	0	3
chr9	39592516	39592658	143	8	0	143	97	46	11	6	8	11	6	3	3	6	8	2	5	3	12	4	2	6	3	1	4	7	2	0	0	1	4	1	1	4	9	1	1	6
chr9	39592660	39593043	384	8	0	384	254	130	45	12	22	28	24	8	8	11	17	5	7	12	20	5	10	19	13	3	2	12	8	6	2	8	14	7	1	12	16	8	2	15
chr9	39593044	39593088	45	8	0	45	30	15	6	0	2	4	3	1	3	0	2	3	0	0	2	0	0	2	3	0	0	1	1	0	0	1	1	1	0	2	2	1	0	2
chr9	39593089	39593559	471	8	0	471	225	246	19	9	10	20	8	19	25	14	17	12	25	9	14	10	7	7	19	9	9	13	17	16	13	20	16	20	15	15	14	21	9	18
chr9	39593561	39594061	501	8	0	501	256	245	48	9	21	12	17	17	23	13	16	7	31	15	8	9	5	4	10	14	3	15	27	14	5	25	15	22	8	17	18	22	6	23
chr9	39594062	39594111	50	8	0	50	21	29	1	0	4	0	0	2	1	0	4	1	7	0	0	0	0	0	1	2	0	0	2	5	0	6	0	0	0	0	0	6	0	6
chr9	39594112	39594321	210	8	0	210	118	92	12	7	11	8	12	3	12	9	11	5	5	5	3	7	4	2	12	4	2	4	9	1	0	9	6	5	1	12	9	9	1	8
chr9	39594322	39594356	35	8	0	35	16	19	0	1	1	0	1	0	3	1	1	1	2	0	0	2	0	2	2	1	0	0	3	1	0	3	0	2	0	2	0	3	0	1
chr9	39594357	39594860	504	8	0	504	335	169	39	21	17	41	29	14	12	32	22	8	8	17	28	9	10	27	25	9	2	16	16	2	2	9	12	10	0	10	33	8	2	12
chr9	39594861	39594891	31	8	0	31	16	15	1	0	0	2	1	2	2	2	1	1	2	0	0	1	0	0	3	0	0	1	2	2	0	0	1	0	0	1	1	2	0	1
chr9	39594892	39594966	75	8	0	75	46	29	2	4	1	4	3	1	2	7	3	2	2	3	3	3	2	2	5	0	1	4	0	1	0	4	2	2	0	0	6	2	1	1
chr9	39594967	39594997	31	8	0	31	22	9	3	3	2	1	2	0	0	1	2	0	0	2	2	0	2	2	2	0	0	0	0	0	0	1	0	0	0	0	1	0	0	3
chr9	39594998	39595052	55	8	0	55	37	18	5	1	7	4	3	2	0	1	2	0	2	0	7	0	0	3	0	0	0	3	0	1	0	2	3	1	0	2	2	1	0	1
chr9	39595060	39595071	12	8	0	12	12	0	10	0	0	0	0	0	0	0	0	0	0	0	0	0	0	0	0	0	0	0	0	0	0	0	0	0	0	0	0	0	0	0
chr9	39595072	39595093	22	8	0	22	10	12	0	0	0	0	0	1	1	2	0	1	0	0	1	0	3	0	0	0	0	2	2	2	0	0	1	2	0	1	1	0	0	0
chr9	39595094	39595293	200	8	0	200	109	91	13	7	11	4	9	7	10	7	13	1	10	7	1	1	3	3	8	4	0	4	8	4	0	12	6	5	0	9	11	11	0	9
chr9	39595294	39595341	48	8	0	48	30	18	4	1	0	5	3	0	1	2	3	0	3	4	0	0	1	1	0	0	0	1	2	1	0	2	1	0	0	1	4	4	0	2
chr9	39595342	39595672	331	8	0	331	237	94	42	5	14	30	14	8	5	15	7	8	6	13	28	8	3	30	18	6	0	5	8	9	0	6	4	3	0	1	12	5	0	16
chr9	39595673	39595716	44	8	0	44	27	17	5	2	0	4	2	0	1	1	1	0	0	2	3	0	4	1	0	1	0	1	3	1	0	1	2	2	1	1	0	1	0	2
chr9	39595717	39597052	1336	8	0	1336	800	536	114	40	48	69	49	39	46	52	29	23	42	36	79	36	48	49	52	33	4	49	54	35	8	42	36	39	6	47	45	32	7	46
chr9	39597053	39597086	34	8	0	34	22	12	5	0	2	3	2	1	1	1	1	1	0	2	1	0	1	0	1	0	0	1	2	0	0	1	0	2	0	0	1	1	0	2
chr9	39597087	39597370	284	8	0	284	168	116	22	9	10	15	12	6	14	9	10	6	6	9	12	5	5	17	12	6	2	6	12	7	2	9	7	13	3	5	10	4	2	15
chr9	39597371	39597423	53	8	0	53	34	19	6	1	0	4	1	4	2	1	0	0	1	1	4	4	2	2	3	5	0	1	3	0	0	2	2	0	0	0	0	0	0	2
chr9	39597424	39598057	634	8	0	634	418	216	68	15	27	42	30	16	17	19	24	13	16	15	30	18	22	46	27	11	2	22	19	12	2	12	14	8	0	17	22	13	2	31
chr9	39598058	39598087	30	8	0	30	20	10	4	0	2	2	3	1	0	0	1	0	3	0	0	1	0	1	0	0	0	2	1	0	0	0	1	0	0	1	2	1	0	2
chr9	39598088	39598223	136	8	0	136	85	51	11	1	6	9	8	3	4	7	6	5	2	5	4	2	3	7	6	1	0	4	8	3	0	3	2	3	0	3	6	7	0	5
chr9	39598224	39598269	46	8	0	46	28	18	2	1	1	4	3	1	1	2	1	3	3	1	2	1	0	1	4	1	0	1	2	1	0	0	0	0	0	0	2	2	0	4
chr9	39598271	39598281	11	8	0	11	11	0	8	0	0	0	0	0	0	0	0	0	0	0	1	0	0	0	0	0	0	0	0	0	0	0	0	0	0	0	0	0	0	0
chr9	39598282	39598426	145	8	0	145	106	39	19	4	9	15	11	1	0	5	9	1	3	2	9	5	6	6	5	1	0	5	1	1	0	2	5	0	0	3	6	1	0	8
chr9	39598427	39599020	594	8	0	594	324	270	41	22	24	19	31	20	29	12	15	11	24	9	20	15	17	14	28	12	2	25	26	9	4	28	17	28	6	25	21	18	4	16
chr9	39599021	39599065	45	8	0	45	35	10	9	0	2	5	2	1	0	3	2	1	1	0	4	0	0	4	2	0	0	0	1	0	0	0	1	0	0	1	2	1	0	1
chr9	39599066	39599486	421	8	0	421	221	200	46	8	14	11	12	16	26	7	11	10	19	10	11	8	7	4	12	15	1	14	16	15	4	20	15	15	5	17	18	11	6	15
chr9	39599487	39599504	18	8	0	18	14	4	6	3	0	0	2	0	0	0	0	0	0	0	1	0	1	0	2	0	0	1	0	0	0	0	0	0	0	0	0	0	0	0
chr9	39599505	39599639	135	8	0	135	110	25	25	3	4	19	4	2	1	4	4	1	1	3	18	2	3	15	4	2	0	2	2	1	0	2	1	1	0	0	4	1	0	4
chr9	39599640	39600014	375	8	0	375	182	193	36	5	7	12	7	9	15	6	5	12	22	8	14	6	10	6	7	9	4	12	12	12	16	16	7	20	18	13	11	15	8	13
chr9	39600015	39600098	84	8	0	84	57	27	11	3	6	6	6	0	2	1	5	3	2	1	4	2	2	2	2	1	0	5	1	1	0	2	1	0	0	1	5	3	0	4
chr9	39600099	39601950	1852	8	0	1852	1108	744	134	63	78	96	88	50	67	74	71	43	45	50	78	41	54	74	77	46	9	65	69	51	10	60	56	36	4	52	77	57	7	68
chr9	39601951	39601965	15	8	0	15	6	9	0	0	0	0	0	0	0	1	0	0	2	1	0	0	0	0	0	0	0	0	0	2	0	2	2	0	0	0	0	2	0	1
chr9	39601966	39602003	38	8	0	38	23	15	3	2	2	1	1	0	3	2	3	0	4	0	1	0	0	1	1	0	0	1	0	0	0	0	1	0	0	3	3	0	0	4
chr9	39602004	39602037	34	8	0	34	18	16	3	0	3	1	2	1	1	1	2	1	0	0	0	1	0	1	1	2	0	0	1	3	0	3	1	0	0	1	2	1	0	0
chr9	39602038	39603801	1764	8	0	1764	831	933	54	41	67	33	44	58	113	65	53	48	71	46	44	20	38	36	53	46	8	60	84	91	25	99	89	78	13	68	54	84	17	62
chr9	39603802	39603852	51	8	0	51	22	29	2	2	0	1	1	3	3	1	2	1	4	1	0	0	0	0	3	2	0	1	2	3	1	5	0	3	0	0	3	3	1	1
chr9	39603853	39605101	1249	8	0	1249	599	650	61	31	53	40	40	35	61	29	42	27	46	17	42	22	22	30	32	43	11	30	45	74	32	68	52	51	30	49	36	52	9	35
chr9	39605102	39605115	14	8	0	14	7	7	0	0	0	0	0	6	0	0	0	0	0	0	0	0	0	0	6	0	0	0	0	0	0	0	0	0	0	0	0	0	0	0
chr9	39605122	39605132	11	8	0	11	5	6	0	0	0	0	0	5	0	0	0	0	0	0	0	0	0	0	4	0	0	0	0	0	0	0	0	0	0	0	0	0	0	0
chr9	39605133	39605147	15	8	0	15	8	7	0	0	0	0	0	6	0	0	0	0	0	0	0	0	0	0	7	0	0	0	0	0	0	0	0	0	0	0	0	0	0	0
chr9	39605148	39605527	380	8	0	380	211	169	21	13	16	11	12	24	20	23	19	7	11	9	9	2	7	6	24	11	0	10	14	8	0	11	20	9	2	13	21	5	0	20
chr9	39605528	39605566	39	8	0	39	28	11	6	2	2	2	2	0	1	1	1	0	0	1	4	0	0	4	0	1	0	1	1	0	0	2	2	2	0	0	2	0	0	0
chr9	39605567	39607011	1445	8	0	1445	984	461	142	38	63	114	58	23	34	78	64	26	45	34	93	37	34	99	60	26	2	36	40	13	2	31	35	11	0	36	58	36	2	73
chr9	39607012	39607058	47	8	0	47	27	20	4	3	1	0	1	4	1	0	1	1	3	1	2	1	2	1	5	2	1	1	1	1	0	2	0	0	0	0	1	1	0	4
chr9	39607059	39607150	92	8	0	92	56	36	5	4	4	6	4	0	4	2	3	1	1	1	8	3	4	5	2	2	1	3	3	4	0	4	3	2	0	5	2	3	0	1
chr9	39607151	39607179	29	8	0	29	14	15	2	2	1	0	0	2	1	0	2	0	0	0	1	1	2	0	2	1	2	0	1	3	0	1	0	1	0	0	0	0	0	2
chr9	39607180	39607508	329	8	0	329	214	115	34	12	25	20	16	6	10	9	23	6	7	6	18	9	6	7	11	4	0	18	5	6	0	11	8	4	0	4	17	10	0	15
chr9	39607509	39607539	31	8	0	31	12	19	0	1	0	1	1	1	2	0	1	1	2	0	0	1	0	1	0	2	0	2	1	5	2	1	0	0	0	0	3	1	0	0
chr9	39607540	39608380	841	8	0	841	556	285	80	24	31	63	33	23	21	41	35	9	29	32	49	19	26	40	32	16	1	26	31	11	0	15	19	5	0	24	36	25	1	42
chr9	39608381	39608599	219	8	0	219	110	109	25	5	5	5	7	7	15	4	5	4	11	2	4	5	4	1	4	5	3	9	12	5	3	11	9	14	3	8	7	7	1	7
chr9	39608600	39608658	59	8	0	59	28	31	1	2	2	0	2	4	3	1	2	1	4	3	0	0	0	2	2	6	0	0	4	1	1	3	1	1	0	2	3	1	1	4
chr9	39608659	39609183	525	8	0	525	300	225	46	14	16	30	21	20	27	11	18	6	18	14	20	12	11	15	21	14	5	12	18	12	3	25	17	17	5	19	23	16	1	16
chr9	39609184	39609237	54	8	0	54	23	31	0	2	2	0	2	2	4	1	2	3	2	2	0	0	0	0	1	5	0	1	3	1	2	4	0	2	1	1	5	1	1	2
chr9	39609238	39609478	241	8	0	241	159	82	25	5	10	20	10	5	5	5	7	2	7	10	18	7	7	15	6	6	2	5	7	6	1	10	3	3	1	5	9	8	0	9
chr9	39609479	39609505	27	8	0	27	21	6	2	0	1	5	0	0	0	2	1	0	0	0	5	1	0	3	0	0	1	0	1	0	0	0	0	0	1	1	0	1	0	0
chr9	39609506	39610889	1384	8	0	1384	792	592	136	48	52	56	49	45	61	48	48	18	47	38	59	31	27	28	53	33	9	47	56	32	16	47	39	46	12	50	55	40	13	43
chr9	39610890	39611009	120	8	0	120	63	57	3	2	3	6	4	4	6	5	3	2	6	6	3	1	1	7	2	5	1	1	5	6	1	6	5	2	1	4	7	5	1	4
chr9	39611010	39612543	1534	8	0	1534	898	636	77	45	51	72	49	52	75	59	50	35	46	50	69	42	46	79	61	36	11	67	59	30	9	50	42	37	8	44	73	45	6	57
chr9	39612544	39612625	82	8	0	82	41	41	12	0	3	0	3	2	5	2	0	2	5	2	1	2	1	0	2	0	0	4	7	1	0	1	2	6	3	5	1	3	1	4
chr9	39612626	39613799	1174	8	0	1174	762	412	133	46	41	71	60	21	40	52	53	21	19	38	45	26	38	57	60	24	5	25	44	18	0	23	26	19	3	34	44	24	6	56
chr9	39613800	39613830	31	8	0	31	21	10	3	2	1	2	2	0	1	1	1	0	0	1	3	2	1	0	3	0	0	1	0	1	0	1	1	0	0	0	0	1	0	1
chr9	39613831	39615232	1402	8	0	1402	903	499	127	55	72	74	65	31	45	57	66	32	36	34	69	37	38	63	71	17	7	60	36	20	2	40	27	24	0	27	64	37	3	64
chr9	39615234	39615811	578	8	0	578	337	241	53	7	13	38	19	16	24	13	18	9	31	18	21	14	16	25	15	13	3	15	20	8	8	19	16	18	11	19	21	16	8	31
chr9	39615812	39615844	33	8	0	33	20	13	1	1	0	3	2	1	0	2	1	0	2	3	1	0	1	2	1	0	1	0	2	1	0	0	0	0	0	0	1	2	0	3
chr9	39615845	39618270	2426	8	0	2426	1480	946	240	66	110	122	102	61	112	64	92	56	86	58	103	53	70	84	92	48	8	88	83	38	3	80	69	59	6	80	95	59	7	130
chr9	39618271	39618842	572	8	0	572	335	237	49	22	21	33	34	10	23	18	27	8	22	12	15	11	12	16	17	11	3	20	25	17	3	20	21	17	1	13	23	20	1	25
chr9	39618849	39619979	1131	8	0	1131	686	445	92	34	51	70	46	22	47	33	53	23	36	32	56	29	29	32	39	31	4	34	33	25	5	52	27	23	5	22	49	36	4	55
chr9	39619983	39623522	3540	8	0	3540	2095	1445	300	112	146	161	148	94	138	111	136	59	134	91	136	92	105	131	114	90	19	134	133	84	16	126	97	93	18	100	147	91	19	163
chr9	39623523	39624392	870	9	0	870	420	450	39	24	34	25	30	34	61	17	34	15	36	12	20	13	11	14	33	25	1	27	44	44	14	35	37	41	10	42	28	27	3	38
chr9	39624393	39624443	51	8	0	51	21	30	3	1	2	1	2	2	3	2	2	0	1	0	0	0	0	0	2	2	0	0	4	4	1	2	3	3	3	3	0	2	0	1
chr9	39624444	39624967	524	9	0	524	266	258	19	13	25	15	20	19	35	17	21	15	14	11	12	11	8	11	20	17	1	20	33	18	2	20	22	17	3	22	16	23	2	20
chr9	39624968	39624988	21	9	0	21	11	10	0	2	0	0	2	2	2	0	0	1	1	0	0	0	0	0	3	0	0	1	0	0	0	0	1	0	0	1	2	0	0	1
chr9	39624989	39625017	29	8	0	29	20	9	4	1	2	1	3	1	0	0	0	2	1	0	0	0	1	3	1	1	0	2	0	0	0	1	0	0	0	0	2	0	0	1
chr9	39625023	39626742	1720	9	0	1720	1033	687	111	50	85	82	76	49	68	60	70	39	58	48	71	45	50	70	58	48	5	72	58	41	3	53	55	24	2	53	82	42	6	84
chr9	39626743	39626782	40	9	0	40	17	23	0	1	1	1	3	0	2	2	0	2	0	0	1	0	2	1	0	1	0	2	2	4	0	3	4	2	2	0	1	1	0	0
chr9	39626783	39627171	389	9	0	389	234	155	25	11	13	17	12	17	17	18	15	7	16	10	15	15	5	19	18	11	1	21	19	11	0	8	10	3	1	4	17	13	0	18
chr9	39627172	39627186	15	8	0	15	11	4	1	0	0	3	0	0	0	1	2	0	0	0	1	1	0	2	0	0	0	0	0	0	0	0	0	0	0	0	1	1	0	0
chr9	39627187	39627488	302	9	0	302	189	113	18	7	21	19	13	4	10	14	20	5	6	8	15	5	3	19	7	4	1	9	13	7	1	8	10	8	0	6	12	10	0	17
chr9	39627498	39630548	3051	9	0	3051	1857	1194	233	81	124	173	98	101	115	119	141	52	100	76	141	86	81	134	118	82	11	109	109	72	11	103	71	57	16	66	135	84	8	142
chr9	39630549	39630568	20	8	0	20	19	1	0	0	0	1	0	0	0	1	0	0	0	0	0	0	0	16	0	0	0	0	0	0	0	0	0	0	0	0	0	0	0	0
chr9	39630569	39630799	231	9	0	231	121	110	18	7	3	6	4	9	13	9	9	6	11	11	3	3	1	6	10	8	2	5	11	12	3	8	5	3	1	5	9	11	6	11
chr9	39630800	39630840	41	9	0	41	22	19	1	0	6	0	2	1	0	2	4	0	1	1	0	1	0	1	1	0	0	1	1	0	1	2	2	2	1	1	2	2	0	3
chr9	39630841	39630930	90	9	0	90	39	51	3	4	1	2	2	4	7	0	3	2	6	0	3	1	0	0	4	3	2	2	4	3	2	6	1	3	4	5	4	6	0	1
chr9	39630931	39630941	11	8	0	11	3	8	0	0	0	0	0	0	1	0	0	1	0	0	0	0	0	0	0	0	0	1	0	1	0	0	0	1	2	1	1	0	0	0
chr9	39630942	39631584	643	9	0	643	271	372	15	12	26	9	22	22	31	22	21	20	24	19	4	5	12	6	17	18	9	15	30	32	17	36	29	33	32	19	21	32	8	23
chr9	39631585	39631606	22	8	0	22	7	15	1	1	1	0	2	0	0	0	0	1	1	0	0	0	0	0	0	1	1	0	1	1	2	1	0	1	2	1	1	1	0	0
chr9	39631607	39632383	777	9	0	777	371	406	27	21	41	17	33	23	47	22	40	12	36	14	6	12	11	9	30	13	3	22	39	27	11	40	28	47	6	36	28	30	8	36
chr9	39632384	39632420	37	9	0	37	14	23	0	0	1	0	0	1	3	1	1	2	3	0	0	0	1	1	1	1	0	1	2	1	0	1	1	2	2	3	1	2	0	3
chr9	39632421	39632907	487	9	0	487	297	190	57	20	18	27	21	23	13	9	20	6	20	3	23	8	14	13	24	11	0	22	15	20	1	21	9	9	0	8	18	17	1	14
chr9	39632908	39632949	42	8	0	42	29	13	18	2	0	0	1	0	1	0	0	2	4	0	0	0	0	0	1	0	1	1	0	0	1	0	0	0	1	1	1	1	1	3
chr9	39632950	39633249	300	9	0	300	125	175	15	4	8	7	5	10	14	6	7	6	13	8	7	5	7	3	4	9	3	9	14	15	16	13	8	22	15	12	9	12	4	8
chr9	39633251	39633695	445	9	0	445	234	211	32	6	14	19	12	16	19	11	9	10	23	12	19	8	14	8	12	10	4	14	16	14	10	19	16	20	4	18	14	15	6	19
chr9	39633696	39633727	32	9	0	32	21	11	0	0	2	2	0	0	0	1	1	1	2	1	3	1	0	5	0	1	0	1	0	1	1	2	0	0	0	0	1	2	1	1
chr9	39633728	39636817	3090	9	0	3090	1968	1122	270	86	121	200	124	71	102	112	116	58	88	89	167	82	98	183	129	60	12	96	100	61	12	88	68	55	10	79	113	86	6	146
chr9	39636818	39637784	967	9	0	967	532	435	87	23	41	33	28	26	37	34	37	25	32	25	33	22	23	24	34	21	9	32	33	32	21	33	22	32	18	28	36	34	10	40
chr9	39637785	39637827	43	9	0	43	28	15	6	0	4	1	3	1	0	3	2	2	0	1	0	0	1	3	1	0	0	2	2	0	0	1	2	0	0	0	2	2	0	2
chr9	39637833	39638361	529	9	0	529	314	215	36	20	25	21	25	13	19	23	17	12	25	13	24	7	17	15	16	13	1	22	25	8	1	13	15	9	0	24	24	17	0	27
chr9	39638362	39638434	73	9	0	73	44	29	9	2	3	2	3	2	3	5	4	3	2	1	1	0	1	2	2	0	0	5	6	0	0	0	2	3	0	1	3	3	0	3
chr9	39638435	39638800	366	9	0	366	232	134	29	12	17	24	21	13	13	9	16	8	14	11	16	5	8	15	22	1	1	14	9	5	0	10	11	3	0	8	14	14	1	20
chr9	39638801	39640465	1665	9	0	1665	938	727	104	32	73	85	60	63	70	68	63	28	67	33	66	29	41	54	60	38	4	50	70	51	1	77	60	60	4	60	71	50	7	64
chr9	39640466	39640530	65	9	0	65	26	39	1	0	2	2	2	2	6	2	1	0	4	2	1	1	0	0	1	1	0	1	4	2	1	4	5	6	1	4	1	3	0	3
chr9	39640531	39640888	358	9	0	358	207	151	30	7	17	21	13	9	14	17	17	5	12	9	14	4	7	9	13	5	0	7	12	15	2	13	12	15	3	10	16	7	1	20
chr9	39640889	39640938	50	9	0	50	31	19	4	1	5	4	3	1	1	1	4	0	2	1	1	0	1	0	1	0	1	0	0	0	1	1	4	1	0	3	1	1	0	5
chr9	39640939	39641716	778	9	0	778	435	343	38	26	32	33	28	25	38	27	34	10	30	15	29	26	20	23	30	26	3	28	38	16	3	36	16	28	3	25	33	23	3	31
chr9	39641717	39641731	15	8	0	15	8	7	1	1	0	0	0	1	1	0	1	1	2	0	0	0	0	0	1	0	0	1	0	0	0	0	0	0	0	0	1	0	0	2
chr9	39641732	39643211	1480	9	0	1480	846	634	117	35	86	47	46	48	61	60	70	33	59	35	51	31	34	32	59	32	7	49	57	31	6	60	39	45	5	46	60	46	6	85
chr9	39643212	39643283	72	9	0	72	36	36	0	5	2	0	4	3	5	0	3	3	2	0	0	3	3	2	3	2	3	5	4	1	1	1	3	1	0	2	2	3	0	4
chr9	39643284	39645137	1854	9	0	1854	1168	686	175	50	78	109	71	49	63	78	72	37	59	64	94	37	48	83	73	35	6	59	64	35	5	46	46	31	9	44	78	49	6	99
chr9	39645140	39645229	90	9	0	90	60	30	24	1	5	0	1	4	4	0	2	2	4	4	2	0	4	2	2	1	0	4	1	0	0	3	1	2	0	3	5	0	0	7
chr9	39645235	39645300	66	9	0	66	26	40	2	2	3	0	2	3	4	2	2	0	3	0	1	1	0	0	3	3	0	0	2	6	1	6	2	5	1	4	4	2	0	0
chr9	39645301	39645702	402	9	0	402	239	163	34	8	28	18	13	7	7	15	23	4	16	16	17	6	10	15	8	6	2	9	15	13	1	22	8	10	1	9	11	22	4	22
chr9	39645703	39645752	50	8	0	50	35	15	7	1	3	1	0	1	2	1	3	0	2	1	2	4	2	4	3	2	0	1	0	0	0	2	0	0	0	0	1	0	0	5
chr9	39645753	39650038	4286	9	0	4286	2651	1635	340	136	191	255	172	112	162	171	179	76	131	127	232	98	103	165	170	89	16	147	144	71	15	140	115	85	17	112	188	125	12	188
chr9	39650039	39650066	28	8	0	28	13	15	0	0	0	1	0	0	3	0	0	0	1	1	1	4	1	0	1	2	0	1	1	2	0	2	0	0	0	2	1	2	0	0
chr9	39650067	39651280	1214	9	0	1214	797	417	108	36	39	87	41	29	45	56	39	23	31	40	83	28	28	83	50	28	0	38	38	21	3	35	28	17	0	25	55	32	1	45
chr9	39651281	39651327	47	8	0	47	36	11	6	2	3	5	1	1	1	1	2	0	0	1	6	0	0	5	1	0	1	1	1	0	0	0	1	1	1	1	1	0	0	2
chr9	39651328	39652012	685	9	0	685	444	241	57	14	31	47	19	14	28	31	37	14	17	24	36	16	21	37	22	10	0	25	24	8	0	19	14	7	0	19	32	26	0	34
chr9	39652013	39652060	48	9	0	48	34	14	6	1	1	5	1	2	0	2	0	0	2	0	6	2	3	3	1	0	0	4	1	0	0	0	3	0	0	1	0	2	0	0
chr9	39652061	39654084	2024	9	0	2024	1274	750	188	74	70	115	93	43	79	93	89	37	35	54	77	53	65	108	101	46	1	59	76	46	1	61	57	29	1	57	74	63	5	72
chr9	39654085	39654537	453	9	0	453	267	186	31	19	21	15	21	15	21	19	21	7	13	14	14	13	9	12	22	10	2	20	18	11	1	9	10	11	1	16	27	7	2	19
chr9	39654538	39657085	2548	9	0	2548	1413	1135	138	79	92	101	114	79	125	105	89	55	93	79	69	62	66	67	119	74	12	70	120	58	17	89	76	82	7	94	108	70	14	123
chr9	39657087	39657673	587	9	0	587	385	202	75	23	23	37	28	10	26	16	36	6	10	20	20	15	12	27	22	15	1	16	23	7	0	14	12	9	1	10	23	13	4	31
chr9	39657674	39657721	48	8	0	48	30	18	5	2	1	2	4	1	2	0	0	1	2	4	1	1	2	2	2	0	0	2	1	1	0	1	2	0	0	0	2	2	0	3
chr9	39657722	39660706	2985	9	0	2985	1785	1200	244	76	136	155	128	77	129	91	124	60	102	76	115	63	84	124	114	62	5	94	111	71	11	99	93	67	7	103	108	92	7	155
chr9	39660707	39660761	55	9	0	55	41	14	8	1	5	6	3	1	0	0	5	2	0	0	4	1	1	4	1	0	0	3	0	0	0	2	0	0	0	0	3	2	0	1
chr9	39660762	39662093	1332	9	0	1332	943	389	167	44	55	112	57	29	28	45	67	19	26	37	87	40	51	78	53	22	4	53	26	11	1	22	23	6	1	16	57	22	2	69
chr9	39662094	39662130	37	9	0	37	21	16	2	1	3	1	4	0	1	2	1	1	0	0	0	1	2	1	2	0	0	1	1	1	0	1	3	2	0	1	0	0	0	3
chr9	39662131	39662278	148	9	0	148	99	49	16	6	7	10	6	1	6	6	10	1	3	4	6	5	5	6	6	1	1	5	2	0	1	4	5	2	0	3	6	3	0	9
chr9	39662285	39662857	573	9	0	573	385	188	65	19	22	40	26	25	20	15	26	11	14	13	29	18	12	28	42	6	2	24	13	8	1	8	12	1	0	7	19	15	1	29
chr9	39662858	39662894	37	9	0	37	21	16	2	0	0	3	1	0	2	1	2	1	2	0	1	0	2	2	0	1	0	0	4	2	0	0	0	3	0	1	0	0	0	5
chr9	39662895	39663651	757	9	0	757	458	299	67	19	27	45	29	25	27	26	25	13	23	19	36	18	18	40	29	23	3	20	26	22	4	29	24	17	7	14	28	19	2	31
chr9	39663652	39663743	92	8	0	92	61	31	8	10	0	3	10	0	1	6	2	1	3	4	2	1	4	5	8	2	0	2	2	1	0	2	3	0	0	0	4	2	0	4
chr9	39663744	39663777	34	8	0	34	25	9	6	2	1	3	3	0	0	0	1	1	0	0	2	1	2	3	1	1	0	1	0	1	0	1	0	0	0	0	1	0	0	1
chr9	39663778	39664687	910	8	0	910	596	314	90	35	34	53	39	25	28	46	44	12	20	22	40	29	21	56	49	16	4	32	30	13	2	20	23	12	0	15	36	24	2	36
chr9	39664688	39664773	86	8	0	86	48	38	2	1	6	4	4	2	3	3	5	3	2	1	2	2	6	2	5	0	0	3	3	1	0	4	3	1	0	6	1	5	0	4
chr9	39664774	39665889	1116	8	0	1116	634	482	82	24	53	48	37	42	42	30	58	16	39	22	30	34	38	38	30	24	8	54	42	33	7	44	31	36	11	26	49	33	6	47
chr9	39665890	39665918	29	8	0	29	15	14	0	2	1	0	1	0	2	1	1	1	1	0	1	2	0	0	2	2	0	1	2	1	0	3	0	0	0	0	0	3	0	0
chr9	39665919	39666094	176	8	0	176	78	98	21	1	1	3	3	5	10	3	2	4	13	2	1	1	4	2	4	2	0	6	6	5	7	7	6	13	12	9	5	5	5	6
chr9	39666095	39666129	35	8	0	35	20	15	4	1	0	1	0	2	0	1	1	2	2	1	1	1	2	0	0	2	3	1	2	0	0	0	0	0	0	0	1	0	2	3
chr9	39666130	39667150	1021	8	0	1021	517	504	37	25	28	39	32	48	60	35	35	22	44	23	25	21	18	24	46	30	9	31	46	40	9	50	43	40	10	25	40	35	5	44
chr9	39667151	39667183	33	8	0	33	18	15	2	0	0	2	0	0	1	1	2	0	5	1	0	2	2	0	0	1	0	0	1	0	0	3	0	0	0	0	1	3	0	4
chr9	39667184	39670498	3315	8	0	3315	2020	1295	251	94	126	183	113	107	117	134	153	53	127	88	137	84	84	169	138	66	18	116	118	55	21	103	88	65	11	74	127	112	20	161
chr9	39670499	39670537	39	8	0	39	23	16	3	4	0	0	1	1	4	2	2	1	0	2	1	0	1	0	4	0	0	1	0	0	0	1	3	0	0	1	2	1	0	2
chr9	39670538	39671706	1169	8	0	1169	764	405	129	28	51	79	44	18	42	44	49	26	36	27	65	32	22	71	40	13	7	44	25	22	4	31	25	23	7	25	57	24	6	51
chr9	39671707	39671786	80	8	0	80	25	55	0	1	1	1	1	3	4	1	2	0	7	0	0	3	1	0	1	2	2	2	4	5	5	5	1	7	5	5	2	5	1	1
chr9	39671787	39671867	81	8	0	81	46	35	12	2	0	3	1	2	3	1	1	3	3	3	3	2	6	1	2	4	2	1	2	2	2	4	0	2	0	2	2	2	2	4
chr9	39671868	39671919	52	8	0	52	20	32	0	0	2	1	1	4	2	0	1	1	2	3	1	1	0	0	1	1	2	1	4	3	2	2	1	4	1	2	2	3	1	1
chr9	39671920	39674027	2108	8	0	2108	1207	901	162	46	78	103	85	60	76	79	64	43	89	50	78	55	52	85	74	51	12	67	87	45	25	73	61	70	21	68	78	64	18	87
chr9	39674028	39674080	53	8	0	53	42	11	6	1	1	6	1	0	1	2	6	0	0	1	1	1	4	9	1	0	0	1	0	0	0	0	0	0	0	2	4	0	0	3
chr9	39674081	39674491	411	8	0	411	301	110	52	12	13	45	21	9	7	18	17	4	4	14	33	14	8	29	20	6	3	9	9	2	0	5	7	1	1	7	19	7	2	11
chr9	39674492	39674569	78	8	0	78	55	23	9	4	6	3	5	0	1	3	4	1	1	4	5	1	4	2	4	0	0	3	0	0	0	2	1	1	0	2	4	1	0	5
chr9	39674570	39675969	1400	8	0	1400	838	562	111	49	68	68	56	32	60	61	75	27	49	32	54	26	34	34	59	35	2	38	39	27	1	68	45	28	2	35	67	45	1	70
chr9	39675970	39676013	44	8	0	44	23	21	3	0	0	2	0	3	3	2	1	0	1	1	1	2	1	2	1	2	0	2	4	2	0	2	2	1	0	1	0	3	0	0
chr9	39676014	39680243	4230	8	0	4230	2341	1889	268	114	147	160	143	147	218	160	119	78	170	114	159	87	88	167	172	97	17	140	172	149	23	166	164	139	33	136	160	125	15	181
chr9	39680244	39680275	32	8	0	32	21	11	7	4	1	0	2	1	0	0	1	0	1	0	2	0	2	0	2	1	1	1	0	1	0	1	0	0	0	0	1	0	1	0
chr9	39680276	39685705	5430	8	0	5430	3280	2150	395	151	214	306	213	168	234	216	230	96	156	147	228	131	142	253	222	128	19	176	202	141	13	168	177	94	7	172	230	161	9	229
chr9	39685706	39685750	45	9	0	45	30	15	0	1	1	3	2	0	3	3	1	2	0	2	3	3	2	2	3	1	0	2	0	0	0	1	2	0	0	0	3	0	0	3
chr9	39685751	39686701	951	8	0	951	660	291	103	28	35	64	29	24	27	34	35	12	23	35	63	24	32	91	35	18	1	34	28	9	1	18	19	10	0	13	32	19	0	53
chr9	39686702	39686733	32	9	0	32	17	15	2	1	2	1	1	0	2	0	2	1	2	1	1	0	1	0	1	1	0	0	0	1	0	2	1	0	0	2	1	1	0	3
chr9	39686734	39687402	669	8	0	669	380	289	38	29	29	24	30	9	26	25	31	9	28	19	21	16	21	24	27	18	1	16	25	24	4	34	11	15	0	26	27	30	1	29
chr9	39687403	39687467	65	9	0	65	36	29	2	4	4	2	5	1	3	2	2	1	2	0	3	0	2	2	3	2	0	1	2	1	0	4	4	2	0	4	2	2	0	1
chr9	39687468	39690376	2909	8	0	2909	1939	970	274	76	106	228	128	72	85	128	124	44	64	86	158	76	78	212	120	57	6	85	94	47	5	62	75	37	3	59	124	66	2	126
chr9	39690377	39690435	59	9	0	59	40	19	6	4	1	4	3	1	2	1	4	0	1	1	1	2	3	4	1	1	0	5	3	1	0	0	0	0	0	2	3	2	0	1
chr9	39690436	39692642	2207	8	0	2207	1440	767	209	82	88	150	101	54	65	103	92	29	59	54	126	61	56	109	103	36	7	80	71	36	1	53	59	41	1	45	90	48	5	91
chr9	39692643	39692694	52	9	0	52	33	19	1	3	1	4	2	0	1	4	2	0	4	1	4	2	2	1	2	1	0	2	1	0	0	2	2	0	0	2	2	2	0	2
chr9	39692695	39695481	2787	8	0	2787	1655	1132	205	64	148	128	94	77	113	98	117	57	106	72	129	63	84	98	97	55	10	99	79	68	11	109	93	53	5	101	113	91	6	142
chr9	39695482	39698514	3033	7	0	3033	1967	1066	278	85	113	218	132	60	93	143	122	45	95	105	162	66	82	168	99	53	10	94	102	48	4	69	80	51	10	77	146	72	6	143
chr9	39698515	39698569	55	8	0	55	26	29	1	0	2	2	3	2	6	0	0	2	3	2	1	1	0	0	2	1	0	2	3	1	0	2	3	2	0	5	3	2	0	2
chr9	39698570	39701564	2995	7	0	2995	1740	1255	240	88	81	155	99	103	123	103	107	40	122	83	118	74	73	129	117	74	24	90	119	79	26	98	81	83	27	85	111	86	27	128
chr9	39701565	39701624	60	8	0	60	26	34	5	0	1	0	1	3	6	1	0	3	3	1	0	0	0	0	2	1	0	3	3	3	0	1	5	3	2	2	1	0	4	4
chr9	39701625	39702554	930	7	0	930	614	316	111	20	45	60	33	24	25	40	45	16	19	32	46	15	27	54	30	14	2	29	28	12	2	24	28	15	2	17	36	25	6	46
chr9	39702555	39702619	65	8	0	65	42	23	5	2	0	6	2	1	2	4	3	0	1	1	3	3	6	2	2	1	0	3	2	1	0	2	4	1	0	1	0	2	0	3
chr9	39702620	39702708	89	7	0	89	62	27	7	2	4	9	2	1	4	6	8	1	2	0	5	2	2	5	3	0	0	3	0	1	0	1	4	0	0	4	6	1	0	4
chr9	39702709	39702781	73	8	0	73	48	25	5	5	2	5	4	1	3	2	2	1	0	3	6	4	2	2	5	2	1	3	2	1	0	2	1	0	0	1	3	2	0	1
chr9	39702782	39703158	377	7	0	377	266	111	48	18	18	26	15	9	8	17	15	6	5	6	32	9	4	29	19	10	2	11	10	2	1	3	12	3	2	3	9	2	3	18
chr9	39703159	39703209	51	8	0	51	28	23	2	2	4	1	3	2	1	1	2	1	2	0	1	3	2	0	2	2	0	3	1	2	0	3	2	0	0	2	2	2	0	1
chr9	39703210	39708350	5141	7	0	5141	3143	1998	414	151	221	298	198	146	180	184	243	109	142	134	228	124	158	212	215	99	34	181	169	100	36	163	118	96	26	132	206	173	24	225
chr9	39708351	39708385	35	8	0	35	24	11	5	1	1	2	2	2	0	0	0	0	1	1	3	0	2	3	2	1	0	0	0	0	0	2	1	1	0	2	1	0	0	0
chr9	39708386	39709508	1123	7	0	1123	658	465	69	29	47	60	46	48	48	42	47	16	35	34	42	41	24	28	51	37	3	43	50	35	2	28	35	15	5	29	48	28	2	54
chr9	39709509	39709558	50	8	0	50	36	14	5	2	4	3	1	0	1	0	3	1	1	0	6	1	2	5	0	1	0	3	1	1	0	1	0	0	0	1	1	1	0	3
chr9	39709559	39710270	712	7	0	712	383	329	30	24	25	23	20	26	36	27	27	14	30	19	26	15	17	22	19	27	1	32	42	34	1	33	16	16	0	18	32	33	0	25
chr9	39710271	39710316	46	8	0	46	20	26	1	0	0	1	0	4	4	1	1	4	2	2	0	0	0	0	3	1	0	3	4	2	1	1	0	0	0	0	2	4	1	2
chr9	39710317	39711118	802	7	0	802	485	317	44	27	33	46	34	19	33	37	34	15	20	28	39	25	23	27	37	21	2	26	29	13	3	26	27	14	2	19	30	24	5	38
chr9	39711119	39711169	51	8	0	51	29	22	4	1	1	2	3	2	1	3	0	1	4	2	1	2	0	1	2	0	1	2	2	0	0	2	2	1	1	0	3	3	0	2
chr9	39711170	39712490	1321	7	0	1321	699	622	44	29	58	35	46	53	71	62	45	34	47	41	31	30	35	38	47	41	4	53	81	37	2	46	50	39	3	50	54	48	3	62
chr9	39712491	39712588	98	8	0	98	57	41	5	5	4	5	3	3	8	6	7	2	0	2	4	1	0	1	5	2	0	4	4	2	0	1	7	0	0	5	4	3	0	3
chr9	39712589	39712750	162	7	0	162	88	74	8	3	5	6	2	2	13	10	8	4	4	6	4	7	4	1	3	4	0	9	9	2	0	6	7	4	0	7	8	7	3	4
chr9	39712751	39712831	81	8	0	81	45	36	6	1	4	4	2	5	4	2	6	2	4	2	0	0	0	2	2	2	0	3	4	2	0	4	2	1	0	1	5	5	0	4
chr9	39712832	39713416	585	7	0	585	343	242	24	20	30	31	28	15	23	19	27	14	10	17	26	13	19	26	21	19	3	19	28	12	0	29	14	13	0	15	22	25	2	19
chr9	39713417	39713479	63	8	0	63	43	20	5	1	3	6	3	4	2	2	2	1	0	0	6	0	0	6	6	1	0	0	1	2	0	1	4	0	0	2	0	1	0	2
chr9	39713480	39714647	1168	7	0	1168	703	465	78	37	50	57	42	25	48	45	53	26	54	32	49	27	24	56	41	23	1	49	44	19	4	39	20	24	7	27	55	41	8	61
chr9	39714648	39714697	50	8	0	50	32	18	5	0	1	4	1	1	1	5	0	0	1	2	3	3	3	1	3	0	0	1	3	1	0	0	2	2	0	2	0	0	0	3
chr9	39714698	39714912	215	7	0	215	97	118	5	3	10	6	5	9	11	3	8	3	13	6	7	1	3	3	2	7	2	5	13	10	4	14	7	12	1	10	6	13	3	8
chr9	39714913	39714959	47	8	0	47	23	24	2	0	5	0	0	0	1	1	5	1	6	1	0	0	0	0	1	0	0	0	0	4	0	4	1	0	0	0	1	4	0	8
chr9	39714960	39716420	1461	7	0	1461	825	636	91	43	58	61	60	49	71	45	45	32	65	34	57	24	46	43	51	32	5	60	53	36	4	58	58	43	7	52	63	41	2	70
chr9	39716421	39716472	52	8	0	52	40	12	8	0	2	6	2	1	0	6	5	0	0	0	2	2	0	4	2	0	0	1	1	0	0	0	2	0	0	0	4	1	0	1
chr9	39716473	39719065	2593	7	0	2593	1622	971	193	84	122	138	95	69	85	92	102	42	84	83	147	82	78	125	104	48	19	106	67	44	17	72	56	41	12	73	114	66	12	119
chr9	39719066	39719099	34	8	0	34	14	20	0	0	0	0	0	1	2	1	0	2	3	5	0	0	0	0	0	2	1	0	1	0	1	3	0	0	0	0	2	3	3	2
chr9	39719100	39719767	668	7	0	668	410	258	77	19	17	44	26	17	24	27	25	15	24	11	29	12	17	26	26	7	8	22	18	13	6	17	24	17	6	18	26	17	6	25
chr9	39719768	39719812	45	8	0	45	31	14	4	1	1	5	1	2	0	2	3	0	1	1	3	3	1	2	3	1	1	1	1	0	1	0	0	0	0	0	1	2	0	2
chr9	39719813	39720497	685	7	0	685	432	253	47	7	16	57	16	22	26	14	14	12	20	19	50	12	16	82	17	15	7	14	25	16	8	19	18	20	10	18	19	17	3	27
chr9	39720498	39720550	53	8	0	53	35	18	4	3	2	4	2	1	1	5	2	0	1	0	5	2	0	3	4	1	0	1	2	3	0	0	1	0	0	1	1	1	0	1
chr9	39720551	39724615	4065	7	0	4065	2426	1639	260	114	183	197	131	107	173	176	176	83	123	93	186	96	120	206	149	115	10	126	149	95	10	151	126	97	10	125	163	98	18	197
chr9	39724616	39724677	62	8	0	62	34	28	1	0	4	2	1	4	2	7	3	2	1	1	2	2	0	2	3	1	0	3	5	1	0	0	3	1	0	2	3	3	0	1
chr9	39724678	39724877	200	7	0	200	132	68	14	10	5	14	8	5	6	9	8	4	6	5	12	6	8	10	14	4	0	8	7	2	0	4	1	2	0	3	6	5	2	10
chr9	39724878	39724946	69	8	0	69	43	26	3	1	3	4	4	2	2	3	2	1	1	5	2	1	1	8	2	2	0	0	1	2	0	2	3	1	0	2	5	1	0	3
chr9	39724947	39726565	1619	7	0	1619	1072	547	174	51	55	111	60	44	55	59	59	25	44	35	99	51	41	107	71	33	6	61	47	27	1	42	37	26	4	29	63	31	5	64
chr9	39726566	39726609	44	8	0	44	27	17	4	2	2	1	2	2	1	1	2	1	0	1	1	2	1	3	2	2	0	2	3	1	0	2	0	0	0	0	1	3	0	0
chr9	39726610	39730481	3872	7	0	3872	2352	1520	342	121	157	205	138	104	142	135	179	77	151	89	164	80	101	165	154	78	19	131	127	93	22	124	85	69	17	105	153	126	26	191
chr9	39730482	39730775	294	6	0	294	222	72	47	6	21	31	15	2	1	15	15	4	4	8	27	5	5	14	8	2	0	7	4	1	0	3	6	2	0	8	15	3	0	13
chr9	39730776	39730854	79	8	0	79	49	30	8	2	4	3	1	0	6	3	0	1	1	3	8	2	3	3	2	2	0	2	2	0	0	4	4	2	0	6	2	1	0	2
chr9	39730855	39730974	120	6	0	120	92	28	15	2	4	12	4	1	1	5	5	1	2	3	8	6	3	18	4	2	2	2	2	0	0	3	0	1	0	1	5	2	0	4
chr9	39730975	39731020	46	8	0	46	30	16	4	3	0	4	3	2	2	0	1	0	1	1	2	0	1	5	3	1	0	1	2	1	0	0	2	1	0	1	0	0	2	1
chr9	39731021	39734367	3347	6	0	3347	1883	1464	193	81	133	134	105	138	161	145	131	74	126	98	113	56	81	112	137	99	17	96	143	75	15	123	122	81	16	111	147	101	10	171
chr9	39734368	39734394	27	8	0	27	18	9	1	1	1	3	2	1	0	1	1	1	1	2	2	0	0	0	0	0	0	2	1	0	0	0	0	0	0	0	4	1	0	0
chr9	39734395	39736991	2597	6	0	2597	1581	1016	230	76	103	136	99	61	99	104	111	42	80	72	105	80	60	121	102	53	18	87	87	51	20	79	64	58	21	71	110	75	15	105
chr9	39736992	39737050	59	8	0	59	46	13	11	1	2	8	2	0	2	1	3	0	1	2	7	3	1	1	3	0	0	1	0	0	0	2	0	0	0	0	2	1	0	3
chr9	39737051	39762481	25431	6	0	25431	15451	9980	2072	849	1030	1343	1014	713	974	1024	1026	447	763	655	1183	615	622	1120	1102	581	132	809	908	548	126	786	738	555	109	694	977	684	131	1099
chr9	39762482	39800481	38000	5	0	38000	22783	15217	3022	1078	1578	1983	1475	1114	1496	1418	1544	685	1222	1010	1619	911	891	1735	1548	838	186	1217	1378	986	203	1248	1136	834	154	1028	1441	1157	169	1694
chr9	39800482	39830665	30184	4	0	30184	18635	11549	2523	924	1147	1754	1191	860	1105	1211	1185	573	848	822	1451	753	821	1465	1328	664	143	975	1032	640	143	936	796	633	107	724	1211	814	117	1286
chr9	39830666	39830829	164	6	0	164	119	45	22	4	7	15	7	2	4	5	11	3	2	2	8	3	2	20	7	0	2	3	2	1	1	3	3	1	0	4	7	5	1	5
chr9	39830830	39830997	168	4	0	168	83	85	8	4	7	6	7	8	8	6	6	4	7	6	4	0	2	0	9	2	1	4	4	4	2	10	7	7	2	8	9	8	4	2
chr9	39830998	39831081	84	6	0	84	57	27	10	4	2	5	6	2	4	6	2	1	1	2	3	4	0	5	7	0	0	3	1	0	0	0	6	1	0	1	3	0	0	3
chr9	39831082	39831092	11	4	0	11	7	4	0	0	0	0	0	0	0	2	0	0	0	1	0	0	2	1	0	0	0	0	0	0	0	0	0	0	0	2	1	0	0	0
chr9	39831093	39831239	147	6	0	147	102	45	19	2	6	13	7	0	6	5	8	3	3	5	6	6	3	9	3	3	0	6	3	2	0	4	3	0	0	1	9	4	0	6
chr9	39831240	39831305	66	4	0	66	46	20	9	4	1	5	1	2	1	5	2	1	2	0	6	3	1	2	3	1	1	4	1	1	0	1	1	0	1	0	4	1	0	0
chr9	39831306	39831397	92	6	0	92	75	17	16	1	2	14	1	2	3	2	6	0	1	4	9	1	2	10	1	0	0	3	0	0	0	0	2	0	0	0	5	0	0	5
chr9	39831405	39831460	56	6	0	56	38	18	3	2	2	4	3	2	2	2	1	2	1	3	4	1	2	3	5	0	0	2	1	0	0	0	1	0	0	1	3	1	0	3
chr9	39831461	39831480	20	4	0	20	14	6	3	0	1	1	1	0	0	0	1	0	2	0	1	1	1	1	0	1	0	0	0	0	0	1	0	0	0	0	0	0	0	3
chr9	39831481	39831579	99	6	0	99	61	38	10	0	4	7	3	0	3	5	3	2	5	4	5	3	2	3	1	3	0	1	3	4	0	6	1	2	0	3	6	4	0	4
chr9	39831580	39831772	193	4	0	193	125	68	10	9	8	17	11	4	7	9	9	3	6	3	14	3	2	9	9	3	0	7	7	2	0	3	4	3	1	6	11	4	0	7
chr9	39831773	39831950	178	6	0	178	124	54	17	4	7	21	5	1	6	9	14	1	3	6	13	3	4	10	5	2	1	1	4	2	0	5	2	2	0	4	9	5	1	9
chr9	39831956	39832044	89	6	0	89	63	26	10	6	4	6	6	2	1	5	2	0	0	3	8	2	0	6	2	4	2	2	4	0	0	1	4	1	0	1	4	0	0	1
chr9	39832045	39832138	94	4	0	94	68	26	20	1	1	9	3	0	4	6	7	1	1	3	2	2	1	5	2	0	0	2	3	1	0	2	3	1	0	0	5	4	0	3
chr9	39832139	39832211	73	6	0	73	52	21	2	1	3	11	1	4	0	5	2	0	0	4	12	4	0	2	8	0	0	1	1	3	0	1	0	0	0	0	1	3	0	2
chr9	39832212	39832472	261	4	0	261	150	111	14	10	14	9	9	9	8	16	14	5	11	8	10	2	3	7	9	7	1	10	10	6	2	9	5	8	1	4	17	6	2	13
chr9	39832473	39832697	225	6	0	225	121	104	9	9	8	6	6	9	15	7	9	7	5	4	8	7	4	7	12	10	0	10	13	7	1	11	5	5	0	4	6	10	1	8
chr9	39832698	39832817	120	4	0	120	61	59	7	3	1	4	3	3	7	6	1	2	5	3	4	3	4	3	2	5	1	3	9	5	0	6	4	6	0	6	4	4	1	3
chr9	39832818	39832884	67	6	0	67	31	36	0	2	1	3	3	4	4	4	3	0	5	1	0	0	0	0	1	3	0	2	5	1	0	3	7	1	0	3	2	4	0	3
chr9	39832885	39832913	29	4	0	29	15	14	1	2	1	0	3	0	0	1	1	0	3	1	0	0	0	0	1	0	0	1	2	1	0	0	1	1	1	1	1	1	1	2
chr9	39832914	39832974	61	6	0	61	38	23	11	1	6	1	1	3	1	1	6	2	2	0	0	0	2	0	3	0	0	3	3	1	0	2	0	0	0	0	0	4	0	6
chr9	39832975	39833044	70	4	0	70	38	32	3	0	9	2	5	1	0	3	6	3	1	1	0	1	3	0	2	1	0	2	5	2	0	1	1	1	0	4	1	4	0	6
chr9	39833045	39833097	53	6	0	53	28	25	2	0	1	1	0	2	3	5	2	3	3	3	0	0	1	1	1	2	0	2	4	0	0	2	0	1	0	1	5	3	0	3
chr9	39833098	39846128	13031	4	0	13031	7712	5319	1053	402	537	616	566	398	491	477	488	240	440	358	501	328	354	463	545	311	60	452	494	303	75	434	361	310	59	388	532	383	62	548
chr9	39846129	39846205	77	6	0	77	47	30	5	4	3	4	6	1	4	1	1	2	3	2	4	2	1	3	3	1	0	5	1	0	0	5	3	2	0	1	5	2	0	1
chr9	39846213	39846286	74	6	0	74	37	37	3	3	2	0	1	4	3	5	3	1	5	1	1	3	1	0	3	4	0	4	5	2	0	5	0	2	0	2	5	4	0	0
chr9	39846287	39846332	46	4	0	46	27	19	2	2	1	3	3	1	3	0	2	0	2	1	1	2	1	2	2	0	0	3	1	0	0	2	2	2	0	1	2	1	0	2
chr9	39846333	39846423	91	6	0	91	66	25	13	2	4	7	3	2	1	3	2	1	3	4	8	3	4	5	0	1	0	7	2	0	0	1	0	1	0	2	7	1	0	2
chr9	39846424	39846443	20	4	0	20	15	5	1	0	0	2	0	0	1	1	0	0	0	2	2	1	1	2	0	1	0	1	0	0	0	1	0	0	0	0	2	0	0	0
chr9	39846444	39846784	341	6	0	341	223	118	26	11	19	17	8	8	11	18	22	6	8	6	18	9	14	21	17	3	0	13	6	4	1	7	10	4	0	10	12	7	1	22
chr9	39846785	39846804	20	4	0	20	10	10	0	1	0	0	1	0	2	0	0	1	1	0	0	2	1	0	2	1	0	1	1	1	0	1	0	0	0	0	0	1	0	1
chr9	39846805	39846856	52	6	0	52	26	26	2	2	3	0	1	2	3	2	2	1	3	1	1	1	0	0	0	1	2	3	3	2	0	2	2	1	0	3	3	3	0	1
chr9	39846857	39846908	52	4	0	52	28	24	2	2	2	3	3	1	3	3	3	0	1	3	1	0	0	1	0	2	0	1	3	0	0	3	3	3	0	2	4	1	0	0
chr9	39846909	39847073	165	6	0	165	107	58	13	7	4	9	3	3	8	9	9	3	6	4	8	4	6	10	11	3	0	3	2	1	0	6	2	3	0	4	9	2	0	11
chr9	39847074	39847255	182	4	0	182	133	49	21	8	8	16	8	2	3	10	7	4	3	3	17	9	2	11	11	4	1	6	4	0	0	1	1	0	1	2	7	1	2	7
chr9	39847256	39847316	61	6	0	61	45	16	6	2	3	4	3	0	0	1	1	1	1	3	6	2	2	8	2	1	0	2	1	0	0	2	1	0	0	1	1	2	2	1
chr9	39847317	39847418	102	4	0	102	52	50	7	2	1	4	4	5	5	3	3	3	6	1	0	1	2	3	8	1	2	0	4	4	1	5	2	4	0	6	4	5	1	3
chr9	39847419	39847501	83	6	0	83	40	43	3	2	4	1	2	2	8	2	2	3	3	1	2	1	1	2	4	0	1	3	3	2	0	6	3	6	1	4	4	3	0	2
chr9	39847502	39847525	24	4	0	24	11	13	3	1	0	0	0	0	2	0	2	1	1	0	0	0	0	0	0	1	1	0	0	2	0	2	0	1	0	1	2	1	1	0
chr9	39847526	39847597	72	6	0	72	35	37	2	1	3	0	1	2	6	4	1	1	3	1	2	1	5	1	3	1	0	1	2	1	1	1	7	2	1	10	1	1	0	4
chr9	39847598	39847635	38	4	0	38	22	16	1	1	2	1	1	3	1	4	3	1	0	0	0	1	0	1	5	1	1	0	0	0	0	1	3	0	1	0	2	0	0	2
chr9	39847636	39847880	245	6	0	245	156	89	30	10	15	9	14	7	7	8	11	4	7	7	9	3	8	6	12	2	1	8	3	3	1	5	9	2	0	13	13	5	0	11
chr9	39847882	39847959	78	6	0	78	59	19	12	3	3	4	2	2	1	5	2	2	0	3	8	1	3	6	5	1	0	2	1	0	0	1	1	0	0	1	3	1	0	3
chr9	39847960	39848240	281	4	0	281	204	77	37	9	8	30	10	7	8	14	13	5	3	4	24	8	4	20	16	3	1	9	4	2	1	5	6	2	0	2	12	5	0	7
chr9	39848241	39848325	85	6	0	85	58	27	4	1	1	9	2	2	3	5	3	0	2	4	6	4	3	7	3	1	0	3	3	2	0	1	3	0	0	1	3	3	0	4
chr9	39848326	39848784	459	4	0	459	313	146	52	19	20	31	24	3	10	18	18	10	11	13	28	21	17	18	15	10	7	20	12	3	1	8	6	4	0	6	22	6	0	24
chr9	39848785	39848837	53	6	0	53	23	30	0	1	3	0	0	2	4	3	2	0	3	1	2	1	1	0	3	0	0	1	2	3	0	3	4	4	0	4	0	1	0	3
chr9	39848842	39848970	129	6	0	129	82	47	13	7	4	7	4	3	5	4	5	2	3	0	10	2	7	5	5	2	0	7	2	3	0	6	6	3	0	2	3	3	0	4
chr9	39848971	39849145	175	4	0	175	106	69	11	8	5	10	10	6	9	9	4	2	3	6	10	6	1	5	11	5	0	6	7	4	1	3	9	1	0	6	6	5	1	3
chr9	39849146	39849203	58	6	0	58	33	25	3	4	2	2	4	1	1	1	2	2	2	0	2	2	3	1	4	1	1	3	1	1	2	1	1	1	0	2	2	1	1	2
chr9	39849204	39849220	17	4	0	17	11	6	2	1	1	1	2	1	0	1	0	0	0	0	0	0	0	0	2	1	0	0	1	0	0	0	1	0	0	1	0	0	0	0
chr9	39849221	39849299	79	6	0	79	36	43	2	3	4	1	3	0	4	3	5	0	6	2	0	0	2	0	1	2	0	0	4	5	0	7	3	3	0	4	1	6	0	6
chr9	39849300	39849400	101	4	0	101	58	43	6	2	3	3	4	11	5	3	4	5	3	3	0	2	1	3	14	1	1	2	2	0	0	2	2	0	0	2	5	3	1	6
chr9	39849401	39849493	93	6	0	93	59	34	5	3	3	7	3	3	2	3	2	4	3	1	8	1	5	5	3	5	0	3	4	2	0	4	1	0	0	1	3	3	0	4
chr9	39849494	39849641	148	4	0	148	88	60	9	4	5	9	10	7	8	3	6	3	1	10	2	0	3	7	8	0	1	5	4	4	0	3	7	2	1	4	9	5	2	4
chr9	39849642	39849762	121	6	0	121	79	42	13	5	5	7	6	5	4	7	6	3	2	3	5	0	0	7	7	3	0	3	4	3	0	2	3	0	0	1	7	3	0	5
chr9	39849763	39849816	54	4	0	54	33	21	3	1	0	7	3	2	1	3	4	0	1	2	1	2	1	2	3	1	1	0	3	0	0	1	0	1	2	1	3	2	0	1
chr9	39849817	39849964	148	6	0	148	81	67	6	7	9	4	7	3	6	7	8	3	5	4	5	1	1	5	6	0	2	5	1	2	3	5	9	4	4	4	7	5	1	7
chr9	39849965	39849989	25	4	0	25	15	10	0	3	0	1	2	0	1	2	1	1	0	1	1	0	1	0	3	0	0	0	1	0	0	0	1	0	0	1	1	1	0	1
chr9	39849990	39850072	83	6	0	83	44	39	3	3	5	0	3	4	4	2	2	2	3	1	2	1	2	5	4	1	2	3	2	1	0	4	5	3	0	6	2	2	2	2
chr9	39850073	39850092	20	4	0	20	12	8	2	1	1	0	2	0	1	0	1	0	0	1	0	1	0	1	0	0	0	1	1	1	0	0	0	1	0	1	2	0	0	0
chr9	39850093	39850154	62	6	0	62	47	15	8	3	2	7	2	2	2	1	0	1	0	0	10	2	1	4	5	0	2	2	1	0	0	0	1	1	0	2	0	0	0	1
chr9	39850155	39850468	314	4	0	314	157	157	21	6	10	6	10	15	19	5	5	7	12	13	7	9	7	4	6	9	8	13	18	8	1	16	10	14	5	11	15	12	2	8
chr9	39850469	39850576	108	6	0	108	77	31	15	6	2	8	3	3	3	8	5	2	1	3	8	2	1	5	9	1	0	3	4	0	0	1	0	2	0	0	4	2	2	3
chr9	39850577	39850781	205	4	0	205	121	84	11	6	11	7	7	7	9	10	8	2	7	6	9	6	4	11	10	4	0	6	6	6	0	7	10	4	0	6	6	5	0	12
chr9	39850782	39850967	186	6	0	186	112	74	15	9	11	8	10	6	6	4	9	2	6	6	8	3	3	4	8	4	1	7	7	4	2	4	4	4	0	6	7	5	1	10
chr9	39850968	39851039	72	4	0	72	43	29	6	1	4	4	4	1	2	1	2	2	8	3	3	0	0	0	2	1	0	2	3	0	0	4	0	1	0	1	3	5	0	7
chr9	39851040	39851384	345	6	0	345	212	133	24	10	17	17	16	9	14	13	11	9	8	17	17	6	11	12	17	5	2	10	9	3	0	14	11	5	2	10	15	13	0	16
chr9	39851385	39851796	412	4	0	412	217	195	38	13	13	11	12	14	22	10	13	8	25	11	12	3	7	4	14	12	4	8	17	12	3	20	14	16	4	12	13	13	5	27
chr9	39851797	39851903	107	6	0	107	55	52	7	3	3	5	5	3	4	3	4	3	2	1	2	3	4	3	3	3	3	3	6	8	0	5	4	4	0	2	2	3	1	3
chr9	39851904	39852023	120	4	0	120	68	52	4	4	6	4	5	6	6	4	5	4	5	2	4	2	2	4	10	2	0	5	5	1	0	4	3	3	0	2	3	5	0	8
chr9	39852024	39852215	192	6	0	192	110	82	8	6	8	7	8	3	11	8	7	5	8	12	5	4	4	5	8	5	0	5	2	5	0	12	7	4	0	1	13	6	0	13
chr9	39852216	39852533	318	4	0	318	211	107	29	9	17	28	6	7	9	11	19	4	10	5	28	4	6	18	6	5	1	11	10	7	0	10	4	7	2	5	13	8	1	16
chr9	39852534	39852585	52	6	0	52	43	9	13	2	0	9	5	0	0	1	2	0	1	1	5	1	1	1	2	0	0	1	1	0	0	0	0	0	0	0	2	1	0	1
chr9	39852586	39852806	221	4	0	221	128	93	28	4	8	11	6	8	12	3	4	3	9	3	13	7	4	3	5	4	2	11	11	7	1	7	8	8	1	9	5	7	0	7
chr9	39852807	39852936	130	6	0	130	74	56	4	3	8	3	5	5	6	6	7	3	4	5	2	6	3	3	5	3	0	8	5	4	0	3	2	1	0	5	10	4	0	5
chr9	39852944	39853027	84	6	0	84	36	48	2	3	2	1	4	4	5	2	2	1	7	2	0	0	0	0	3	2	0	2	5	9	0	4	2	5	0	3	5	2	0	5
chr9	39853028	39853465	438	4	0	438	250	188	42	11	24	22	21	10	14	13	21	10	18	6	15	7	9	7	14	13	1	10	14	14	5	18	13	10	4	16	17	14	2	21
chr9	39853466	39853654	189	6	0	189	102	87	14	6	10	7	13	2	6	10	7	3	10	1	3	2	5	2	6	3	0	4	8	5	0	9	9	8	1	11	8	6	1	7
chr9	39853655	39853708	54	4	0	54	32	22	7	2	0	2	1	1	3	4	1	2	2	1	1	1	1	1	3	3	0	1	3	1	0	3	2	0	0	0	1	3	0	2
chr9	39853709	39853764	56	6	0	56	37	19	2	1	4	5	3	0	1	6	2	1	0	3	4	0	0	4	1	0	0	1	3	0	0	1	3	1	0	2	2	3	0	1
chr9	39853765	39853805	41	4	0	41	25	16	3	0	3	1	2	0	0	2	2	2	2	2	1	0	1	2	0	2	0	0	3	1	0	2	0	0	0	0	1	3	0	4
chr9	39853806	39853859	54	6	0	54	34	20	4	1	6	2	2	0	2	1	1	0	0	2	5	2	2	3	1	0	0	2	1	0	0	4	2	4	0	2	1	1	0	1
chr9	39853860	39853941	82	4	0	82	52	30	6	0	3	4	4	2	1	4	0	1	2	7	3	3	4	7	4	0	1	1	2	2	0	3	2	2	0	2	3	3	1	3
chr9	39853942	39854113	172	6	0	172	82	90	7	3	7	4	2	6	10	9	9	5	5	4	3	3	2	2	7	8	0	2	10	12	3	8	4	5	2	5	6	8	1	8
chr9	39854114	39854407	294	4	0	294	145	149	13	13	9	3	8	12	21	13	16	3	11	3	1	4	4	11	11	6	2	13	14	10	4	10	16	13	2	13	12	9	4	8
chr9	39854408	39854597	190	6	0	190	109	81	14	7	6	7	6	12	8	6	6	3	7	6	8	5	6	1	10	5	2	11	6	5	2	5	5	3	0	4	10	5	0	7
chr9	39854598	39854711	114	4	0	114	70	44	17	3	8	2	2	0	5	2	8	2	9	3	3	3	1	1	3	0	3	3	2	1	1	2	1	1	1	3	3	4	1	14
chr9	39854712	39854813	102	6	0	102	51	51	1	2	6	4	3	5	4	5	7	3	4	1	2	2	2	0	5	4	1	1	5	3	1	5	2	2	0	5	5	5	0	5
chr9	39854814	39854861	48	4	0	48	25	23	3	2	1	1	1	3	4	1	2	1	3	0	2	0	0	0	1	1	0	4	3	1	0	0	3	1	0	2	2	2	0	2
chr9	39854862	39854920	59	6	0	59	31	28	1	1	2	4	3	3	4	0	3	2	2	3	1	0	0	1	3	1	1	1	4	0	0	2	3	1	0	2	1	4	1	3
chr9	39854921	39855012	92	4	0	92	53	39	13	1	2	3	3	2	3	7	2	1	5	4	1	3	1	1	0	1	0	6	7	2	2	0	2	4	0	2	6	4	0	2
chr9	39855013	39855197	185	6	0	185	117	68	11	7	6	14	11	8	6	9	5	2	6	5	11	6	4	5	13	1	2	7	6	1	0	2	8	3	0	6	7	4	0	7
chr9	39855198	39855337	140	4	0	140	88	52	12	3	10	7	6	3	6	1	6	0	7	6	8	3	4	4	3	1	0	5	4	0	0	2	1	3	1	13	9	2	1	7
chr9	39855338	39855403	66	6	0	66	46	20	4	2	2	4	3	3	0	4	2	0	2	4	3	2	3	6	5	0	0	2	1	0	0	0	3	0	0	1	3	1	0	4
chr9	39855404	39861481	6078	4	0	6078	3800	2278	509	180	236	360	218	189	205	251	236	98	163	168	321	167	171	327	268	133	37	195	183	130	27	189	189	96	22	143	223	170	24	248
chr9	39861482	39864118	2637	5	0	2637	1756	881	310	77	114	196	109	65	66	96	115	37	56	82	163	51	68	150	96	38	14	81	67	33	13	75	61	47	13	51	112	70	12	97
chr9	39864119	39864198	80	6	0	80	48	32	2	3	2	5	2	6	1	3	5	0	3	2	3	4	3	4	3	5	1	3	5	1	1	1	0	0	0	0	3	2	0	5
chr9	39864199	39864262	64	5	0	64	45	19	10	5	2	2	2	0	1	4	4	0	2	0	3	4	1	4	4	1	0	4	1	0	1	1	0	0	0	0	3	1	1	1
chr9	39864263	39864324	62	6	0	62	31	31	3	2	4	0	3	2	3	0	1	2	5	0	2	1	3	0	3	2	1	1	2	0	0	4	3	2	0	3	0	1	1	6
chr9	39864325	39864535	211	5	0	211	153	58	31	5	6	19	8	4	4	13	9	4	7	7	13	7	4	11	10	4	0	6	5	0	0	3	1	0	0	1	13	4	0	10
chr9	39864536	39864605	70	6	0	70	54	16	11	2	3	8	4	1	1	3	1	2	0	2	9	2	0	3	4	2	0	1	1	0	0	2	0	0	0	0	4	1	0	1
chr9	39864606	39864645	40	5	0	40	30	10	7	1	0	5	1	2	0	1	2	0	0	1	3	0	2	5	1	1	0	1	1	0	0	1	0	0	0	0	0	1	2	0
chr9	39864646	39864708	63	6	0	63	47	16	12	1	2	8	4	0	1	1	4	1	1	1	2	0	3	4	0	1	0	1	1	0	0	2	1	0	0	3	4	2	0	1
chr9	39864709	39865170	462	5	0	462	267	195	24	10	22	19	15	19	14	23	24	7	20	12	12	13	11	22	20	8	4	17	15	6	4	19	14	11	1	12	22	19	2	19
chr9	39865171	39865237	67	6	0	67	27	40	1	2	1	0	1	3	6	1	2	1	4	3	0	0	0	0	0	5	0	1	5	5	0	6	2	2	0	4	4	4	0	2
chr9	39865238	39865686	449	5	0	449	254	195	32	21	16	15	25	14	18	11	13	7	19	9	14	7	18	15	19	11	2	17	17	12	1	21	15	17	0	13	16	11	1	20
chr9	39865687	39866034	348	6	0	348	229	119	27	12	15	17	14	15	11	17	13	4	8	12	17	15	7	23	20	8	0	18	9	5	0	6	9	2	0	5	20	5	0	12
chr9	39866035	39866388	354	5	0	354	230	124	31	10	10	19	13	25	9	19	8	5	7	11	18	15	5	24	40	4	0	11	15	3	0	8	4	4	0	4	7	15	0	8
chr9	39866389	39866444	56	6	0	56	35	21	2	3	2	4	4	1	1	3	2	0	0	2	3	3	2	1	3	2	0	2	3	2	0	1	1	1	0	2	2	1	0	1
chr9	39866445	39866732	288	5	0	288	178	110	17	6	6	19	14	7	8	15	8	6	10	14	10	11	9	16	16	6	4	4	9	8	0	9	5	3	1	7	15	9	1	13
chr9	39866733	39866889	157	6	0	157	89	68	14	3	10	5	5	6	6	4	5	1	3	4	8	5	2	7	8	2	0	4	6	5	1	8	4	8	1	7	3	5	2	3
chr9	39866890	39867000	111	5	0	111	74	37	11	3	4	6	2	2	6	7	4	2	3	1	8	7	0	6	5	4	0	5	5	0	0	2	3	1	0	2	4	2	0	4
chr9	39867001	39867058	58	6	0	58	32	26	4	4	2	1	2	3	3	1	3	0	0	1	3	2	0	1	2	3	0	4	5	3	1	0	2	0	0	2	0	3	1	0
chr9	39867059	39867243	185	5	0	185	109	76	13	11	6	8	11	1	7	7	11	5	12	2	3	2	5	3	9	3	1	7	7	3	0	8	1	2	0	5	9	10	1	10
chr9	39867244	39867294	51	6	0	51	28	23	6	1	2	2	3	0	3	2	0	1	1	1	1	0	2	1	1	0	0	1	1	3	0	2	6	3	0	3	0	0	0	3
chr9	39867295	39868129	835	5	0	835	420	415	54	24	35	24	39	27	46	32	33	19	25	20	11	9	14	6	32	23	5	19	49	47	5	37	37	32	1	30	26	36	1	35
chr9	39868130	39868206	77	6	0	77	32	45	1	0	4	0	3	5	4	5	0	2	3	1	1	0	0	2	3	3	0	1	7	5	0	5	5	5	0	4	1	4	0	1
chr9	39868207	39868585	379	5	0	379	215	164	28	9	17	19	25	6	14	14	9	12	17	10	11	7	3	13	13	5	2	14	21	14	0	14	10	13	0	9	16	17	1	14
chr9	39868586	39868678	93	6	0	93	50	43	1	4	2	7	5	3	3	6	7	2	2	1	1	2	1	2	6	2	0	3	7	8	0	2	1	1	0	0	3	6	0	3
chr9	39868679	39895481	26803	5	0	26803	17189	9614	2469	841	1057	1732	1111	673	850	1096	1089	453	729	763	1430	666	723	1505	1132	530	81	890	821	463	119	724	670	478	100	570	1107	656	98	1175
chr9	39895482	39920481	25000	6	0	25000	16863	8137	2542	804	1002	1853	1019	560	642	1099	1060	378	566	724	1580	695	713	1624	1155	455	76	751	632	369	48	629	532	295	37	430	1002	559	53	1114
chr9	39920482	39947481	27000	7	0	27000	17382	9618	2554	881	1166	1732	1117	609	892	1001	1127	463	730	689	1534	666	802	1418	1070	538	90	921	798	509	57	798	693	422	45	668	1058	693	54	1203
chr9	39947482	40000970	53489	8	0	53489	34826	18663	5036	1705	2211	3597	2214	1238	1648	2182	2254	864	1374	1484	3045	1396	1518	3059	2288	972	191	1751	1544	926	147	1434	1305	813	117	1197	2145	1340	123	2369
chr9	40000971	40001035	65	8	0	65	56	9	11	0	1	12	3	2	1	1	3	0	0	1	8	3	0	8	4	0	0	1	0	0	0	0	0	0	0	0	3	0	0	1
chr9	40001037	40001079	43	8	0	43	30	13	8	1	3	3	1	0	0	4	2	0	2	0	3	1	0	0	1	0	0	1	1	1	0	1	1	1	0	2	2	1	0	1
chr9	40001081	40002006	926	8	0	926	675	251	111	24	34	82	32	12	26	33	37	19	19	31	70	29	30	84	39	10	2	33	13	2	1	19	14	3	0	9	37	20	1	48
chr9	40002013	40002202	190	8	0	190	144	46	19	13	9	12	8	0	5	5	7	4	0	7	18	5	8	22	12	1	0	9	1	1	0	2	1	0	0	1	4	2	2	10
chr9	40002204	40002241	38	8	0	38	30	8	10	1	2	4	2	0	0	1	2	0	1	0	4	0	1	1	0	0	0	1	1	0	0	0	1	0	0	1	1	0	0	2
chr9	40002243	40002497	255	8	0	255	192	63	31	9	8	34	14	4	6	7	13	2	1	7	23	6	7	18	10	3	2	6	2	1	0	5	6	0	0	4	13	4	0	7
chr9	40002499	40003151	653	8	0	653	484	169	97	23	26	60	31	15	5	19	26	4	11	13	52	22	27	52	30	11	3	20	8	5	1	12	11	5	0	8	21	4	0	29
chr9	40003153	40003191	39	8	0	39	25	14	3	1	2	3	3	0	1	1	2	1	1	3	0	1	0	1	2	0	0	1	1	0	1	0	1	1	0	0	2	1	1	3
chr9	40003193	40003514	322	8	0	322	165	157	15	11	12	12	12	10	17	5	15	9	15	3	7	5	10	6	14	9	4	8	15	15	2	16	7	10	2	13	8	14	2	17
chr9	40003521	40004033	513	8	0	513	337	176	36	16	21	42	27	14	16	23	26	8	11	18	26	16	15	21	31	5	1	17	12	5	1	7	14	6	0	14	23	9	4	26
chr9	40004035	40004066	32	8	0	32	24	8	8	1	0	2	1	2	1	1	0	1	1	0	2	0	1	1	2	0	0	2	0	0	0	0	2	0	0	0	1	0	0	1
chr9	40004072	40004196	125	8	0	125	65	60	4	4	3	5	6	7	6	3	3	1	4	4	4	2	0	8	6	4	1	3	9	5	1	6	2	7	1	2	5	4	1	2
chr9	40004197	40004214	18	8	0	18	7	11	1	2	0	0	1	0	0	2	1	0	0	0	0	0	0	0	1	1	0	0	2	4	0	0	0	0	0	0	0	1	0	0
chr9	40004215	40004404	190	8	0	190	103	87	23	1	2	7	6	8	12	4	2	3	15	5	3	4	5	2	4	3	1	7	8	3	0	9	8	7	1	10	10	7	0	8
chr9	40004406	40004497	92	8	0	92	79	13	20	4	3	13	5	0	0	2	2	0	0	0	13	3	1	11	3	2	0	2	2	0	0	0	0	0	0	2	2	0	0	0
chr9	40004499	40004553	55	8	0	55	42	13	11	1	3	5	0	0	1	1	2	1	0	1	7	1	3	3	2	1	0	0	0	0	0	3	1	0	0	1	0	2	0	3
chr9	40004555	40005631	1077	8	0	1077	739	338	126	27	43	92	56	23	18	48	44	17	32	35	62	31	28	55	49	15	2	32	27	17	2	20	20	8	1	17	49	26	1	52
chr9	40005633	40005668	36	8	0	36	27	9	5	2	2	3	4	1	0	1	0	1	0	0	2	1	0	3	3	1	0	1	1	0	0	0	2	0	0	0	0	0	0	1
chr9	40005670	40006264	595	8	0	595	412	183	52	27	30	39	20	6	22	21	31	8	17	18	46	14	18	42	25	6	3	21	6	3	1	13	14	5	0	11	24	8	0	42
chr9	40006266	40006349	84	8	0	84	49	35	9	3	4	2	4	2	1	5	2	0	5	2	3	3	0	3	1	2	0	5	3	4	2	2	4	2	0	0	4	3	0	2
chr9	40006351	40006428	78	8	0	78	45	33	5	3	4	2	2	3	1	7	5	1	0	1	2	1	2	4	3	3	0	2	4	5	0	3	2	3	0	1	4	1	0	2
chr9	40006433	40006721	289	8	0	289	187	102	41	13	16	13	14	4	6	13	12	9	5	4	15	2	13	6	9	6	1	12	7	8	1	7	8	4	0	8	13	5	0	12
chr9	40006723	40007022	300	8	0	300	208	92	36	6	11	28	10	6	8	7	17	3	7	14	17	5	11	21	7	4	2	7	7	3	1	7	6	1	0	5	11	11	1	18
chr9	40007032	40007594	563	8	0	563	322	241	47	15	12	29	25	12	21	21	20	9	17	28	11	15	16	22	20	13	5	13	20	19	11	16	10	17	8	15	30	17	4	23
chr9	40007595	40007704	110	8	0	110	44	66	0	2	1	1	4	5	8	2	2	1	13	3	0	0	0	0	1	2	1	4	7	3	2	5	5	6	4	7	6	6	1	6
chr9	40007705	40008563	859	8	0	859	561	298	89	29	37	62	47	20	25	32	46	12	15	26	34	19	27	40	35	17	4	24	29	9	1	22	19	13	1	24	41	22	2	34
chr9	40008564	40008613	50	8	0	50	28	22	3	1	1	1	1	4	5	0	2	2	1	1	0	4	0	2	6	2	0	2	3	0	0	0	0	0	0	1	1	1	0	4
chr9	40008614	40009343	730	8	0	730	479	251	81	26	35	51	41	15	19	25	30	15	12	20	41	18	23	26	34	15	4	22	22	12	2	16	20	9	1	16	23	16	3	35
chr9	40009345	40009389	45	8	0	45	28	17	4	3	2	1	2	2	2	0	4	0	3	1	0	0	2	0	1	0	0	4	2	0	0	0	0	1	0	1	3	1	0	4
chr9	40009391	40011608	2218	8	0	2218	1371	847	162	75	97	116	93	54	76	98	92	50	60	52	102	52	75	115	93	55	6	77	82	54	2	64	57	36	2	65	89	57	6	102
chr9	40011610	40011766	157	8	0	157	110	47	13	6	8	6	5	4	5	7	8	1	5	5	7	0	2	27	4	1	2	4	1	0	0	3	5	0	0	7	11	3	0	5
chr9	40011767	40011784	18	8	0	18	14	4	2	0	0	4	1	0	1	0	0	0	0	2	1	1	0	0	1	0	0	0	1	0	0	0	0	0	0	0	0	1	0	1
chr9	40011785	40011910	126	8	0	126	91	35	19	1	2	14	3	3	6	4	6	1	3	3	7	5	3	9	3	2	0	5	3	1	0	1	3	0	0	3	7	2	0	5
chr9	40011911	40013297	1387	8	0	1387	955	432	138	58	51	102	62	26	31	70	53	15	25	51	95	32	40	105	65	19	10	37	29	16	2	29	42	12	2	24	53	28	6	57
chr9	40013298	40014544	1247	8	0	1247	869	378	147	41	52	103	50	22	34	53	58	23	21	29	88	35	26	87	60	15	7	39	27	15	1	29	24	18	0	10	48	25	4	54
chr9	40014545	40014558	14	8	0	14	13	1	11	0	0	0	1	0	0	0	0	0	0	0	0	0	0	0	0	0	0	0	0	0	0	0	0	0	0	0	0	0	0	0
chr9	40014559	40014633	75	8	0	75	56	19	10	3	3	7	2	3	2	3	3	1	1	2	7	1	1	5	3	0	0	5	1	0	0	1	1	1	0	0	5	1	0	1
chr9	40014635	40015022	388	8	0	388	272	116	33	16	9	37	17	9	10	15	17	3	10	14	27	5	10	38	21	1	2	9	5	6	1	9	10	3	1	4	16	11	0	17
chr9	40015024	40015055	32	8	0	32	20	12	3	0	2	2	2	0	0	2	2	0	0	1	0	1	2	3	0	1	0	0	2	1	0	0	2	0	0	1	0	1	0	2
chr9	40015057	40016212	1156	8	0	1156	754	402	109	34	64	71	48	25	36	40	59	22	33	35	62	28	39	48	37	19	1	52	29	17	0	32	26	12	1	26	57	30	0	62
chr9	40016214	40016240	27	8	0	27	14	13	0	1	2	0	1	2	3	0	1	1	0	0	0	1	1	0	0	1	0	4	0	0	0	1	4	0	0	0	1	0	0	1
chr9	40016242	40016756	515	8	0	515	349	166	58	8	30	39	20	6	15	26	27	7	14	12	29	17	9	31	15	5	2	16	8	3	1	13	21	7	1	13	23	9	2	26
chr9	40016757	40017088	332	8	0	332	187	145	22	8	5	10	9	17	9	21	6	6	11	11	9	9	11	21	20	11	2	7	11	19	2	11	15	4	4	5	10	9	2	13
chr9	40017089	40018359	1271	8	0	1271	916	355	163	38	58	113	57	19	22	47	47	14	20	32	106	37	41	100	49	15	1	43	22	13	0	27	30	12	3	27	45	22	2	44
chr9	40018360	40018371	12	8	0	12	9	3	2	0	0	2	1	0	0	1	0	0	0	0	1	1	0	0	0	0	0	0	0	0	0	0	2	0	0	0	0	0	0	0
chr9	40018372	40018719	348	8	0	348	241	107	33	7	13	32	13	12	6	14	7	7	7	16	32	9	9	22	17	7	2	9	9	3	1	8	6	2	0	6	13	9	1	14
chr9	40018720	40018730	11	8	0	11	6	5	0	0	0	0	0	1	1	1	0	0	0	1	0	0	0	0	1	0	0	0	1	0	0	0	0	0	0	0	1	1	0	1
chr9	40018731	40018919	189	8	0	189	122	67	16	5	7	8	6	6	4	10	5	4	7	13	9	3	7	10	9	4	1	4	3	3	1	5	3	1	2	2	11	4	0	14
chr9	40018921	40018949	29	8	0	29	19	10	2	0	3	2	0	0	1	2	3	0	0	0	2	2	2	0	1	1	0	0	0	0	0	1	1	0	0	1	0	0	0	3
chr9	40018951	40019602	652	8	0	652	451	201	71	32	18	54	33	14	24	23	27	6	5	11	44	21	15	51	37	14	5	17	18	4	0	15	21	8	1	12	18	11	2	18
chr9	40019604	40019662	59	8	0	59	37	22	2	5	3	1	5	1	3	1	2	3	1	0	2	3	3	0	8	1	0	3	0	1	0	1	1	0	0	1	1	0	0	5
chr9	40019664	40020179	516	8	0	516	300	216	48	12	14	28	21	20	25	7	10	9	24	9	24	13	11	24	20	13	0	21	16	13	6	18	15	15	6	20	22	11	4	15
chr9	40020186	40020331	146	8	0	146	103	43	14	7	3	17	14	7	0	5	4	1	2	4	9	2	5	8	11	2	0	4	3	1	0	2	7	0	0	1	5	3	0	3
chr9	40020333	40020343	11	8	0	11	7	4	0	0	0	1	0	0	0	0	0	0	1	1	1	0	2	0	0	0	0	0	0	0	0	0	0	0	0	2	0	0	0	1
chr9	40020349	40020375	27	8	0	27	21	6	2	2	1	1	0	0	1	2	0	0	0	3	4	0	1	3	1	0	0	1	0	0	0	0	0	0	0	0	2	0	0	1
chr9	40020377	40021071	695	8	0	695	431	264	66	21	31	38	25	14	17	25	35	9	24	18	30	19	24	33	17	15	6	25	21	12	6	26	16	17	5	12	27	21	5	33
chr9	40021072	40023112	2041	8	0	2041	1447	594	234	64	96	167	76	32	41	91	102	27	44	54	148	56	66	148	78	26	2	73	42	16	0	38	33	13	2	44	87	41	6	92
chr9	40023113	40023201	89	8	0	89	69	20	16	1	2	9	4	3	0	1	3	0	1	3	7	5	5	7	3	2	0	4	2	0	0	2	0	0	0	0	3	2	0	2
chr9	40023205	40023962	758	8	0	758	533	225	72	24	31	72	31	11	15	26	43	6	17	20	54	18	33	58	30	8	2	19	14	10	0	18	9	8	1	20	30	16	1	39
chr9	40023964	40023991	28	8	0	28	21	7	2	1	3	2	2	0	0	0	1	0	0	0	3	3	1	2	2	0	0	2	0	0	0	0	0	0	0	1	0	0	0	1
chr9	40023993	40024117	125	8	0	125	80	45	8	6	3	7	2	5	3	9	5	2	7	2	9	2	3	6	9	1	2	3	3	1	0	3	1	2	0	3	6	3	0	7
chr9	40024127	40024787	661	8	0	661	442	219	57	26	32	43	31	13	18	27	31	9	22	19	40	23	18	31	31	8	1	32	14	11	1	12	11	3	0	14	33	16	0	32
chr9	40024788	40024863	76	8	0	76	50	26	7	2	7	4	5	2	0	3	5	2	2	1	3	1	0	6	4	2	0	1	1	0	0	2	2	1	0	1	3	1	1	5
chr9	40024864	40025030	167	8	0	167	128	39	15	7	5	19	6	3	3	3	7	1	2	2	19	5	4	26	9	3	0	3	3	2	0	4	1	1	0	0	2	3	0	7
chr9	40025031	40025255	225	8	0	225	141	84	31	4	13	11	8	6	8	4	10	3	11	4	11	7	5	3	11	3	0	6	6	5	0	9	6	3	0	7	4	9	0	15
chr9	40025256	40025283	28	8	0	28	15	13	2	2	1	0	2	1	1	1	0	0	0	1	1	1	0	0	2	2	0	0	1	1	0	2	3	1	0	0	0	0	0	1
chr9	40025284	40025367	84	8	0	84	60	24	13	2	8	5	3	1	0	6	6	2	0	2	5	1	1	3	2	1	0	3	3	0	0	1	0	1	0	3	6	2	0	2
chr9	40025368	40025705	338	8	0	338	154	184	39	3	6	8	7	11	12	4	6	8	21	7	5	7	7	1	5	8	7	9	12	14	18	13	7	22	15	12	11	13	6	12
chr9	40025706	40026219	514	8	0	514	358	156	59	15	22	36	12	12	11	25	24	6	6	20	37	15	19	39	16	12	2	18	12	4	3	11	7	1	1	11	23	13	2	18
chr9	40026220	40026266	47	8	0	47	17	30	1	0	1	1	1	1	2	2	0	0	3	3	1	1	0	0	1	0	0	1	2	3	3	4	1	4	2	1	2	3	1	0
chr9	40026267	40026490	224	8	0	224	110	114	23	4	4	4	6	9	12	4	4	4	13	5	3	4	8	1	4	6	5	7	12	6	4	10	8	10	5	11	7	10	0	9
chr9	40026491	40027481	991	8	0	991	648	343	81	26	44	79	47	28	23	40	46	18	23	38	55	14	28	57	41	14	5	25	30	10	8	18	24	19	4	19	43	23	3	56
chr9	40027482	40027596	115	7	0	115	55	60	8	0	2	5	3	4	9	3	2	2	6	1	1	3	3	1	2	2	1	4	7	3	1	6	7	7	1	7	3	5	1	3
chr9	40027601	40027655	55	7	0	55	29	26	6	0	3	1	2	2	3	1	2	2	3	1	1	0	0	1	1	0	0	3	3	2	0	0	2	3	1	2	2	1	1	4
chr9	40027656	40027687	32	7	0	32	25	7	1	1	0	1	1	4	0	1	1	0	0	0	0	1	0	13	5	0	0	0	0	0	0	0	0	0	0	0	1	0	0	0
chr9	40027690	40027916	227	7	0	227	170	57	35	9	8	18	6	5	2	3	11	3	3	6	19	5	13	23	5	2	4	10	2	3	1	2	2	0	1	1	7	3	0	13
chr9	40027918	40028390	473	7	0	473	329	144	47	18	12	36	24	10	10	25	18	2	15	14	25	15	14	42	20	9	0	16	11	5	0	8	13	3	0	10	25	7	0	17
chr9	40028392	40028426	35	7	0	35	26	9	7	0	2	2	3	0	1	1	0	1	0	2	2	1	0	3	2	0	0	0	0	0	0	1	1	0	0	1	1	1	0	1
chr9	40028428	40028528	101	7	0	101	77	24	11	3	5	10	4	2	1	4	5	1	2	6	10	2	3	6	4	2	0	2	1	0	0	1	0	0	0	0	6	0	0	8
chr9	40028529	40028605	77	7	0	77	56	21	17	1	3	7	2	3	3	4	5	0	1	2	4	1	0	3	3	0	0	2	1	0	0	1	3	0	0	1	4	2	0	2
chr9	40028607	40029167	561	7	0	561	390	171	65	16	28	42	26	12	15	17	27	14	17	15	33	9	18	34	22	7	0	22	8	0	0	13	12	4	0	10	28	10	2	33
chr9	40029168	40029194	27	7	0	27	22	5	6	1	0	4	0	0	0	0	2	0	0	1	3	1	2	0	0	0	0	2	0	0	0	0	0	0	0	0	0	0	2	1
chr9	40029195	40030167	973	7	0	973	741	232	101	37	36	97	35	9	14	35	40	6	12	11	95	38	37	136	44	11	1	34	6	6	1	22	19	7	0	12	25	11	2	31
chr9	40030169	40030189	21	7	0	21	13	8	0	0	1	1	1	1	2	0	0	1	0	1	1	1	1	1	1	0	0	2	0	0	0	0	1	0	0	1	1	0	0	1
chr9	40030191	40031172	982	7	0	982	624	358	85	26	35	64	41	27	27	37	31	14	36	24	53	19	32	71	34	21	3	29	30	16	5	29	31	24	3	28	37	19	5	44
chr9	40031174	40031202	29	7	0	29	23	6	1	0	0	1	0	0	0	3	0	0	0	3	1	2	3	8	2	0	0	0	0	0	0	0	0	0	0	0	0	0	0	3
chr9	40031203	40031755	553	7	0	553	383	170	60	14	20	39	21	7	18	15	19	5	15	35	34	20	23	37	17	11	0	18	15	5	0	11	7	5	1	5	22	10	1	41
chr9	40031757	40031805	49	7	0	49	37	12	9	2	2	4	1	0	0	1	2	0	0	1	5	2	4	3	1	1	0	2	0	1	0	1	1	1	0	0	0	0	0	3
chr9	40031807	40032000	194	7	0	194	149	45	21	6	8	21	6	1	3	9	8	1	3	10	21	4	4	21	6	3	0	3	2	0	0	3	2	0	1	3	10	2	1	9
chr9	40032002	40032034	33	7	0	33	22	11	1	2	1	2	1	0	0	4	3	1	0	1	1	1	3	1	2	0	0	1	0	0	0	1	0	0	0	0	2	1	0	2
chr9	40032036	40032832	797	7	0	797	562	235	75	29	39	60	29	13	17	34	33	10	17	24	66	21	26	67	38	6	2	27	15	5	1	14	16	9	3	14	24	15	2	44
chr9	40032833	40032993	161	7	0	161	123	38	18	4	8	20	5	1	4	6	12	2	1	3	16	4	3	15	10	0	0	1	0	1	0	4	2	0	0	2	4	4	0	9
chr9	40032994	40033011	18	7	0	18	12	6	1	0	1	2	0	0	0	1	2	1	0	0	1	1	1	1	1	0	0	0	0	0	0	0	0	0	0	0	0	1	0	2
chr9	40033012	40033127	116	7	0	116	82	34	13	3	8	11	5	2	2	2	3	3	5	1	13	3	2	4	4	1	0	6	2	0	0	3	2	1	0	3	4	3	0	5
chr9	40033129	40033174	46	7	0	46	29	17	5	2	2	1	3	0	1	0	1	1	5	3	1	0	3	0	0	0	0	3	0	0	0	1	0	0	0	2	4	1	0	5
chr9	40033176	40033367	192	7	0	192	109	83	8	4	12	8	7	5	7	3	7	5	9	8	10	1	8	7	3	3	2	7	5	7	0	10	5	4	0	7	9	8	0	11
chr9	40033377	40033440	64	7	0	64	42	22	7	0	3	6	3	2	1	3	4	1	4	0	1	2	2	1	4	0	0	2	2	0	0	1	1	0	0	3	2	3	0	4
chr9	40033448	40033467	20	7	0	20	17	3	3	0	1	4	0	0	1	0	2	0	0	1	2	0	0	1	0	0	0	0	0	0	0	0	0	0	0	0	1	0	0	2
chr9	40033468	40033579	112	7	0	112	72	40	11	1	9	7	4	1	4	2	5	4	5	3	8	2	2	4	2	1	0	5	2	2	0	3	3	1	0	2	4	4	0	9
chr9	40033581	40033646	66	7	0	66	44	22	6	2	2	5	2	0	2	5	5	0	1	3	1	1	1	7	0	0	0	2	3	2	0	1	2	1	0	1	4	3	0	2
chr9	40033648	40033694	47	7	0	47	23	24	0	1	1	1	2	3	1	3	1	1	4	1	0	0	1	3	3	1	0	1	1	2	0	2	2	2	0	1	3	1	0	3
chr9	40033696	40034135	440	7	0	440	267	173	28	12	22	29	27	7	14	17	25	9	14	13	12	13	6	17	20	8	3	10	15	12	1	17	9	7	0	10	21	18	2	20
chr9	40034137	40034228	92	7	0	92	59	33	8	2	6	7	6	2	1	6	5	1	0	3	4	4	2	2	3	2	0	4	5	3	0	1	1	1	0	2	5	2	0	2
chr9	40034230	40034364	135	7	0	135	76	59	12	6	7	1	9	2	6	4	2	2	2	3	2	9	5	2	6	6	0	7	8	1	1	4	3	5	2	6	4	2	1	3
chr9	40034366	40034408	43	7	0	43	25	18	1	3	0	2	1	0	3	1	3	0	2	2	1	0	1	4	2	0	1	0	1	1	0	1	0	2	1	1	2	1	0	4
chr9	40034410	40034529	120	7	0	120	74	46	11	5	3	5	5	0	6	5	5	1	3	5	3	4	6	7	4	2	0	4	5	4	0	3	1	2	0	5	4	4	0	6
chr9	40034531	40034610	80	7	0	80	58	22	12	4	6	4	2	1	0	2	1	2	1	4	11	2	2	3	2	4	2	1	2	0	0	2	0	0	0	0	1	1	0	6
chr9	40034612	40035068	457	7	0	457	281	176	52	19	15	24	27	13	16	26	20	6	10	15	11	8	11	7	24	11	0	11	21	7	0	12	17	13	1	7	20	9	1	21
chr9	40035069	40035124	56	7	0	56	27	29	3	0	1	1	0	5	4	1	1	3	3	1	1	1	1	1	4	1	0	3	4	2	0	2	2	0	0	2	0	5	0	2
chr9	40035125	40035703	579	7	0	579	335	244	25	22	11	28	22	28	14	42	22	10	10	16	16	18	20	30	36	16	6	19	29	25	2	12	20	6	4	10	21	21	2	14
chr9	40035704	40035759	56	7	0	56	43	13	8	0	2	5	0	0	0	5	1	2	1	4	7	1	0	6	1	0	1	1	1	0	0	1	0	0	0	0	3	2	1	1
chr9	40035760	40036258	499	7	0	499	300	199	24	15	18	21	18	14	17	24	22	16	19	13	15	10	24	28	12	18	2	23	22	7	0	17	15	7	0	6	24	14	0	32
chr9	40036259	40036352	94	7	0	94	62	32	10	4	8	3	4	2	1	2	3	4	2	0	9	3	3	3	4	3	0	5	1	1	1	3	0	1	0	3	4	1	1	3
chr9	40036353	40036414	62	7	0	62	46	16	7	3	2	9	4	1	1	0	4	1	0	1	7	0	1	4	3	2	0	0	1	1	0	2	0	0	0	0	2	2	0	2
chr9	40036415	40036441	27	7	0	27	19	8	8	0	0	2	1	0	1	2	1	0	1	0	0	1	0	0	1	0	0	0	1	0	0	0	1	1	0	2	2	0	0	0
chr9	40036442	40036799	358	7	0	358	242	116	34	17	13	35	21	6	7	18	28	3	8	5	17	3	10	16	13	5	3	8	12	4	0	6	11	3	0	6	16	10	1	17
chr9	40036800	40036970	171	7	0	171	110	61	11	6	6	11	8	6	5	7	6	3	5	5	9	4	6	11	10	2	0	7	5	3	2	1	2	2	0	6	8	4	0	8
chr9	40036971	40037375	405	7	0	405	242	163	26	11	15	18	11	19	14	14	20	5	22	10	14	10	14	18	17	10	4	14	14	7	1	12	8	8	0	10	19	9	1	28
chr9	40037376	40037451	76	7	0	76	54	22	8	3	3	4	1	2	3	3	1	0	0	0	9	3	3	9	3	3	0	2	1	1	0	2	5	0	0	3	0	0	0	2
chr9	40037452	40037523	72	7	0	72	53	19	3	0	2	11	3	0	0	8	4	2	1	4	6	1	2	5	1	1	0	1	1	0	0	1	1	1	0	0	8	0	0	3
chr9	40037524	40037542	19	7	0	19	16	3	3	0	1	4	1	0	0	0	2	0	0	1	2	0	0	0	0	0	0	0	0	0	0	0	0	0	0	0	2	0	0	1
chr9	40037543	40037656	114	7	0	114	84	30	9	1	3	11	3	3	5	6	5	0	2	10	6	6	2	10	7	0	0	3	0	0	0	1	2	0	0	0	8	1	0	8
chr9	40037657	40037725	69	7	0	69	52	17	5	2	4	6	1	1	1	3	1	0	1	3	10	2	3	8	1	0	0	4	0	0	0	2	2	1	0	1	2	1	0	2
chr9	40037726	40037792	67	7	0	67	50	17	5	2	4	5	2	2	0	4	3	1	0	3	6	1	2	9	5	0	0	1	1	1	0	1	0	0	0	0	2	2	0	3
chr9	40037793	40037830	38	7	0	38	23	15	3	2	4	1	2	0	1	0	3	0	2	1	2	0	1	0	1	1	0	0	1	1	0	1	1	0	0	2	0	1	0	5
chr9	40037831	40037914	84	7	0	84	54	30	9	3	5	4	4	2	4	2	4	1	1	0	5	2	3	4	5	1	0	2	2	1	0	2	4	1	0	5	1	1	0	4
chr9	40037915	40037929	15	7	0	15	13	2	4	0	0	2	1	0	0	1	1	0	0	0	1	0	0	1	0	0	0	0	0	0	0	0	0	0	0	0	2	0	0	0
chr9	40037930	40038044	115	7	0	115	69	46	9	4	2	7	1	4	7	1	9	1	4	3	3	3	7	3	2	4	1	5	4	3	0	3	2	0	1	3	4	3	0	10
chr9	40038045	40038123	79	7	0	79	50	29	6	0	6	4	3	2	1	3	6	1	2	4	1	1	2	6	2	0	1	1	2	2	0	2	1	2	1	2	5	2	0	6
chr9	40038124	40038240	117	7	0	117	76	41	4	1	8	9	4	5	0	6	5	2	5	8	8	0	4	5	3	2	0	3	4	2	0	3	2	1	0	1	6	4	0	10
chr9	40038241	40038263	23	7	0	23	13	10	1	0	2	0	2	1	1	1	1	1	1	1	0	0	0	0	1	0	0	1	0	0	0	0	3	0	0	0	1	0	0	3
chr9	40038264	40038378	115	7	0	115	71	44	6	3	7	5	4	2	5	6	2	3	4	3	9	7	2	2	10	3	0	2	1	0	0	7	2	3	0	3	3	2	0	7
chr9	40038379	40038477	99	7	0	99	71	28	15	2	5	5	3	2	1	2	6	3	5	1	3	3	6	7	2	0	2	6	0	0	0	1	1	0	0	1	5	1	0	9
chr9	40038478	40038669	192	7	0	192	130	62	19	3	10	15	9	5	4	11	10	3	3	6	8	4	5	13	7	1	2	5	3	2	0	4	11	0	0	5	8	6	0	8
chr9	40038670	40039089	420	7	0	420	297	123	18	3	7	16	5	37	4	23	13	2	6	4	8	16	7	127	49	2	2	5	7	5	3	5	4	7	4	3	9	6	0	11
chr9	40039090	40039166	77	7	0	77	39	38	4	3	1	2	0	2	3	2	3	3	3	2	3	1	4	2	1	5	1	2	3	4	2	4	0	2	1	1	3	1	2	5
chr9	40039167	40039382	216	7	0	216	112	104	21	1	5	5	2	9	15	4	6	3	12	9	2	3	4	9	2	4	2	8	11	3	1	11	8	11	6	7	9	8	3	10
chr9	40039383	40039511	129	7	0	129	82	47	4	3	9	8	4	4	3	6	8	1	2	4	8	9	3	6	8	3	0	6	4	3	0	4	2	1	0	1	3	4	0	6
chr9	40039512	40039526	15	7	0	15	8	7	2	0	1	0	1	0	0	0	0	0	0	2	0	1	1	0	0	1	0	0	1	0	0	0	0	0	0	1	0	0	1	1
chr9	40039527	40039625	99	7	0	99	73	26	7	2	3	9	5	2	1	8	2	3	1	1	8	7	2	10	11	1	0	2	2	0	0	1	0	2	0	0	3	0	0	4
chr9	40039626	40039663	38	7	0	38	28	10	7	0	0	6	2	0	0	2	0	0	2	0	4	1	2	1	1	0	0	0	1	0	0	1	1	1	0	2	1	0	0	1
chr9	40039664	40039784	121	7	0	121	92	29	8	5	5	11	2	2	1	6	3	0	1	7	15	3	6	16	5	3	0	2	2	1	0	2	2	0	0	0	2	1	0	8
chr9	40039785	40039879	95	7	0	95	63	32	5	3	2	6	3	2	3	3	4	1	4	6	3	2	7	7	3	1	0	4	1	0	0	2	1	2	0	3	6	0	2	7
chr9	40039880	40039958	79	7	0	79	58	21	12	3	4	5	3	2	0	4	1	1	0	1	8	4	3	6	4	1	1	4	1	0	1	1	2	1	0	1	1	1	0	1
chr9	40039959	40040035	77	7	0	77	45	32	3	1	2	5	3	4	1	4	2	1	2	3	3	5	2	4	3	1	3	3	4	1	0	1	2	4	0	0	3	0	2	3
chr9	40040036	40040251	216	7	0	216	143	73	11	10	9	21	10	1	6	10	12	4	6	3	18	4	10	8	6	4	1	8	5	0	0	7	4	3	1	8	12	5	0	7
chr9	40040252	40040300	49	7	0	49	35	14	4	1	1	5	1	0	1	1	1	0	1	1	5	1	3	9	0	1	0	1	1	1	0	2	2	0	0	2	0	2	0	0
chr9	40040301	40040357	57	7	0	57	38	19	5	1	2	5	0	2	2	2	1	1	0	0	7	1	3	5	2	2	0	1	2	1	0	2	2	2	0	2	0	0	0	2
chr9	40040358	40040418	61	7	0	61	38	23	1	1	0	4	0	2	1	7	3	0	3	2	3	1	4	4	2	1	0	1	2	1	0	2	2	1	0	3	4	2	0	2
chr9	40040419	40040489	71	7	0	71	50	21	5	4	3	5	2	1	1	4	4	0	1	2	6	1	2	7	1	4	0	1	3	0	0	3	1	0	0	1	3	2	0	2
chr9	40040490	40040529	40	7	0	40	24	16	4	1	1	1	1	2	1	5	2	1	1	3	0	0	0	0	3	1	0	0	2	0	0	1	1	1	0	0	3	1	0	2
chr9	40040530	40040580	51	7	0	51	39	12	4	1	1	9	3	1	0	3	3	1	0	1	5	1	0	5	3	0	1	0	0	0	1	0	1	0	0	1	3	1	0	0
chr9	40040581	40040653	73	7	0	73	54	19	6	2	2	8	2	2	3	3	4	1	1	2	6	2	1	9	4	0	1	2	0	0	0	0	1	0	0	1	3	0	1	4
chr9	40040654	40041000	347	7	0	347	248	99	35	17	14	30	16	8	8	15	15	2	3	8	31	10	10	25	18	6	0	13	6	3	0	5	11	1	1	7	12	4	1	10
chr9	40041001	40041437	437	7	0	437	290	147	43	19	26	23	22	10	8	12	17	7	5	10	29	12	17	29	15	12	4	17	11	5	1	14	11	6	1	10	14	8	2	15
chr9	40041438	40042230	793	7	0	793	485	308	49	26	31	43	34	30	36	38	33	18	21	18	34	19	22	31	42	15	2	34	24	4	1	22	31	17	3	23	42	15	2	31
chr9	40042231	40042312	82	7	0	82	59	23	11	2	4	10	1	1	3	2	9	0	2	2	6	1	1	4	0	1	0	3	0	1	0	3	0	0	0	0	6	3	0	4
chr9	40042313	40042929	617	7	0	617	375	242	46	11	23	35	20	23	25	28	27	14	26	15	22	17	11	32	22	18	2	22	20	7	3	24	23	7	1	9	31	22	0	29
chr9	40042930	40042956	27	7	0	27	18	9	4	0	0	3	1	1	0	2	0	0	0	1	2	2	0	2	2	0	0	0	2	0	0	0	0	2	0	0	0	0	1	0
chr9	40042957	40042990	34	7	0	34	25	9	4	2	2	1	1	3	0	2	1	0	0	1	2	2	1	1	6	0	0	1	0	0	0	0	0	0	0	0	0	0	0	2
chr9	40042991	40043076	86	8	0	86	60	26	7	1	4	5	1	0	2	4	5	1	4	3	5	2	2	12	2	1	0	1	0	1	1	3	3	0	0	1	2	3	1	7
chr9	40043077	40043142	66	7	0	66	37	29	6	0	3	2	4	1	3	0	0	3	2	4	1	2	0	5	1	4	0	1	5	4	0	4	0	0	0	0	2	5	0	2
chr9	40043143	40043277	135	8	0	135	86	49	16	2	2	8	4	4	9	6	4	2	2	7	5	5	1	7	6	2	0	5	5	1	1	3	5	1	1	3	7	6	0	3
chr9	40043278	40043323	46	7	0	46	26	20	0	2	2	1	2	2	1	3	2	0	3	2	1	0	1	4	4	0	0	0	0	2	0	1	2	0	0	4	2	1	0	2
chr9	40043324	40043536	213	8	0	213	140	73	13	5	7	19	8	5	8	11	8	6	8	3	15	7	5	11	10	4	1	7	7	0	1	1	7	3	0	6	9	2	0	14
chr9	40043537	40043559	23	7	0	23	13	10	0	0	4	0	0	0	1	0	1	0	1	0	3	2	0	0	0	0	0	2	1	0	0	2	0	1	0	1	0	1	0	1
chr9	40043560	40043624	65	8	0	65	42	23	2	3	3	4	2	2	3	3	3	0	3	2	5	3	1	3	5	1	0	2	0	0	0	2	2	0	0	1	3	1	0	4
chr9	40043625	40043746	122	7	0	122	64	58	3	5	6	4	7	6	5	4	4	5	2	3	4	2	0	2	4	8	3	3	9	2	2	3	7	2	0	1	3	4	1	6
chr9	40043747	40043796	50	8	0	50	26	24	3	2	3	1	4	2	0	0	1	1	3	0	1	1	1	1	1	3	1	1	2	1	1	2	2	0	1	3	2	2	1	1
chr9	40043797	40043820	24	7	0	24	12	12	1	0	3	0	1	1	1	1	2	0	0	0	0	0	1	1	1	0	0	0	1	1	0	1	1	0	0	3	0	1	0	1
chr9	40043821	40043968	148	8	0	148	72	76	12	2	3	7	7	5	11	3	3	2	3	4	2	3	3	2	3	5	2	2	11	7	0	8	9	7	0	9	3	7	0	1
chr9	40043969	40044058	90	7	0	90	53	37	11	2	3	4	6	2	4	2	1	2	4	2	3	3	2	0	4	4	0	1	3	0	0	2	5	0	4	5	2	1	0	6
chr9	40044059	40044112	54	8	0	54	28	26	1	1	2	1	0	3	4	1	4	1	3	0	1	1	2	2	1	2	0	3	4	0	0	3	0	1	0	3	3	3	0	2
chr9	40044113	40044136	24	7	0	24	17	7	1	0	0	2	0	1	1	1	0	0	0	1	2	0	1	6	1	0	0	0	1	1	0	0	0	1	0	1	1	0	0	0
chr9	40044137	40044303	167	8	0	167	118	49	19	6	7	13	5	4	3	6	10	1	4	2	10	5	7	14	5	3	0	8	3	2	0	5	4	0	0	2	6	5	0	6
chr9	40044304	40044371	68	7	0	68	45	23	10	1	5	4	3	2	0	4	4	1	0	3	3	1	0	3	1	2	1	1	3	2	0	1	2	1	0	1	3	1	1	2
chr9	40044372	40044441	70	8	0	70	46	24	10	3	4	3	2	2	2	2	6	0	3	1	2	2	2	0	3	0	3	1	1	0	0	0	1	0	1	4	3	1	0	6
chr9	40044442	40044507	66	7	0	66	39	27	6	0	2	6	5	3	2	4	4	0	1	1	0	0	3	1	2	0	0	1	1	0	0	3	8	4	0	1	3	0	0	3
chr9	40044508	40044606	99	8	0	99	70	29	11	3	5	5	2	2	3	3	4	0	2	8	7	1	2	10	4	1	0	1	3	1	0	3	0	1	0	1	3	4	0	7
chr9	40044607	40044827	221	8	0	221	136	85	17	11	14	5	10	10	10	8	11	3	9	8	9	5	2	2	15	1	1	13	4	1	0	5	7	0	0	7	12	8	1	10
chr9	40044828	40044885	58	7	0	58	33	25	3	1	4	2	2	1	5	2	3	4	2	0	2	0	0	2	3	1	0	2	3	0	0	0	3	1	0	1	1	1	0	7
chr9	40044886	40045047	162	8	0	162	104	58	11	6	9	8	6	2	8	7	5	5	1	8	12	1	6	9	7	0	0	7	2	2	0	7	7	1	0	4	6	8	0	5
chr9	40045048	40045209	162	7	0	162	114	48	23	6	9	9	6	4	2	4	6	0	1	5	12	8	7	11	7	3	2	5	3	1	0	2	3	2	1	6	3	0	3	6
chr9	40045210	40045296	87	8	0	87	55	32	6	4	3	6	7	0	2	5	2	0	3	3	4	4	0	4	3	2	0	3	3	2	1	0	5	2	0	3	5	0	1	2
chr9	40045298	40045347	50	8	0	50	38	12	9	0	0	8	2	1	1	0	4	1	2	0	3	1	3	1	1	1	0	1	1	0	0	1	0	0	0	0	2	1	0	4
chr9	40045349	40045544	196	8	0	196	134	62	14	10	10	11	9	5	2	11	9	1	5	7	14	5	6	13	8	6	0	7	6	2	0	4	4	0	0	2	9	4	0	10
chr9	40045549	40045691	143	8	0	143	96	47	18	3	7	8	10	5	1	4	3	3	6	3	6	3	4	11	7	1	0	6	3	3	0	3	4	2	0	2	6	2	0	7
chr9	40045693	40045710	18	8	0	18	10	8	0	0	1	1	1	1	0	0	0	1	1	0	1	1	1	1	1	1	0	1	0	1	0	1	0	0	0	0	1	0	0	0
chr9	40045712	40045764	53	8	0	53	34	19	5	3	2	3	3	1	0	3	2	0	4	1	3	0	0	3	2	1	0	1	4	2	0	0	0	0	0	0	1	3	0	4
chr9	40045774	40045857	84	8	0	84	51	33	4	2	5	4	2	1	2	4	5	0	3	5	4	2	3	5	2	0	0	3	2	3	0	3	1	3	0	2	4	3	0	5
chr9	40045858	40045951	94	8	0	94	71	23	9	2	5	9	2	1	1	6	2	1	3	3	12	3	0	10	6	0	0	2	1	0	1	0	1	1	0	2	2	1	1	5
chr9	40045953	40046182	230	8	0	230	159	71	19	2	10	23	11	4	6	7	10	6	4	7	16	10	9	13	5	6	0	11	6	2	0	6	6	1	0	1	11	5	0	11
chr9	40046183	40046195	13	7	0	13	10	3	3	0	0	1	0	0	1	1	0	0	0	0	1	1	0	2	0	0	0	1	0	0	0	0	0	0	0	0	0	0	0	0
chr9	40046196	40046386	191	8	0	191	142	49	28	6	3	22	8	2	5	12	5	1	2	9	17	6	2	13	11	1	0	2	3	2	0	4	4	3	0	1	9	3	0	5
chr9	40046387	40046406	20	7	0	20	17	3	3	0	2	2	1	0	0	0	0	0	0	2	4	0	0	2	0	0	0	0	0	0	0	0	0	0	0	0	0	0	0	2
chr9	40046407	40046463	57	8	0	57	47	10	9	3	3	5	2	0	1	1	3	0	0	1	7	2	1	7	1	1	0	3	1	0	0	0	0	0	0	0	2	0	0	2
chr9	40046465	40046484	20	8	0	20	14	6	0	0	0	2	0	0	0	0	1	0	2	0	1	2	2	3	0	0	0	1	0	0	0	1	0	0	0	0	0	1	0	2
chr9	40046486	40046621	136	8	0	136	99	37	25	5	6	11	3	2	2	8	9	2	3	1	10	3	2	6	5	1	2	4	3	1	0	3	1	0	0	1	6	5	0	4
chr9	40046622	40046646	25	7	0	25	17	8	3	2	1	1	1	0	1	1	1	1	0	1	1	0	0	1	1	0	0	2	1	0	0	1	0	0	0	0	1	2	0	0
chr9	40046647	40046809	163	8	0	163	110	53	11	5	7	14	7	1	6	6	7	4	3	4	13	6	6	8	6	2	0	8	3	3	0	5	5	2	0	1	6	4	0	8
chr9	40046811	40046832	22	8	0	22	16	6	0	0	1	2	1	0	0	1	0	0	1	2	2	0	1	3	0	0	0	0	1	0	0	0	0	1	0	1	1	0	0	2
chr9	40046835	40046885	51	8	0	51	32	19	1	0	1	6	0	0	0	5	2	0	1	4	5	0	4	3	0	0	0	0	1	3	0	2	2	2	0	0	2	1	0	4
chr9	40046887	40046960	74	8	0	74	57	17	11	3	3	8	4	2	1	2	3	1	0	2	8	2	3	2	5	1	0	2	0	0	0	1	1	0	0	1	3	0	0	3
chr9	40046967	40047091	125	8	0	125	102	23	16	3	3	17	3	2	1	8	6	1	1	5	13	1	3	17	3	0	0	4	1	0	0	0	1	0	0	1	9	1	0	3
chr9	40047092	40047311	220	8	0	220	165	55	24	7	8	22	9	5	2	10	7	4	4	7	19	7	5	23	16	1	0	6	2	3	0	5	0	0	0	0	8	6	0	8
chr9	40047312	40047326	15	7	0	15	11	4	2	0	1	3	2	0	0	1	1	0	0	0	0	0	0	0	0	0	0	0	0	0	0	0	1	0	0	1	1	0	0	0
chr9	40047327	40047598	272	8	0	272	193	79	28	10	8	22	11	5	6	15	11	4	7	7	19	4	10	24	7	6	0	10	6	1	0	4	7	1	0	8	17	3	0	9
chr9	40047604	40047753	150	8	0	150	105	45	8	5	7	10	6	2	2	13	7	1	0	5	10	4	6	18	7	3	0	2	4	0	0	3	5	2	0	5	7	2	0	4
chr9	40047755	40047921	167	8	0	167	120	47	22	6	4	15	4	2	5	5	8	2	2	6	13	5	8	12	5	5	0	5	3	3	0	4	1	1	0	2	8	1	0	8
chr9	40047923	40048089	167	8	0	167	118	49	11	3	3	9	6	4	4	14	3	2	0	4	6	11	5	31	13	3	2	2	4	0	0	2	8	1	0	5	4	2	0	3
chr9	40048093	40048467	375	8	0	375	241	134	31	15	14	26	19	8	10	19	18	2	8	8	19	10	12	21	19	4	0	12	15	11	0	7	11	9	0	9	11	9	0	16
chr9	40048469	40048505	37	8	0	37	21	16	1	0	1	2	1	2	2	2	2	0	1	2	0	2	0	2	1	2	0	1	2	1	0	1	0	1	0	1	4	0	0	1
chr9	40048507	40048924	418	8	0	418	265	153	34	17	14	25	15	11	13	20	20	3	17	10	22	8	13	21	17	7	3	12	12	5	1	10	13	7	2	14	18	9	2	21
chr9	40048926	40048963	38	8	0	38	26	12	3	1	1	2	2	0	1	1	1	1	1	0	1	1	1	7	1	1	0	1	1	1	0	2	1	1	0	0	1	1	0	1
chr9	40048965	40049169	205	8	0	205	146	59	22	7	3	26	8	2	5	5	4	2	6	6	23	1	6	18	5	2	0	5	7	4	0	8	2	5	0	3	6	8	0	4
chr9	40049171	40049196	26	8	0	26	21	5	1	0	0	4	1	1	0	0	0	0	1	1	3	1	1	5	0	1	0	1	0	0	0	1	0	0	0	0	2	0	0	0
chr9	40049204	40049221	18	8	0	18	17	1	6	0	0	3	0	0	0	0	0	0	0	1	4	0	0	2	0	0	0	0	0	0	0	0	0	0	0	0	0	0	0	0
chr9	40049222	40050325	1104	8	0	1104	772	332	107	31	42	94	42	30	30	45	51	12	17	25	75	44	33	92	54	19	0	44	22	11	2	25	23	7	0	20	48	23	0	34
chr9	40050333	40050474	142	8	0	142	90	52	17	3	5	12	9	0	2	12	7	1	3	2	4	2	4	6	3	1	0	1	5	3	1	1	9	5	3	5	6	1	0	7
chr9	40050478	40050500	23	8	0	23	18	5	0	1	0	3	1	1	0	2	1	0	0	1	3	1	1	1	2	0	0	1	0	0	0	0	0	0	0	0	2	0	0	0
chr9	40050502	40050701	200	8	0	200	123	77	17	4	6	13	7	5	9	1	4	2	13	6	12	6	5	12	2	7	2	6	7	2	0	8	9	2	1	5	4	6	1	14
chr9	40050703	40050739	37	8	0	37	14	23	0	0	0	0	0	4	4	0	0	1	2	0	0	1	1	0	1	3	0	1	2	0	0	3	2	1	2	3	3	1	0	0
chr9	40050742	40050905	164	8	0	164	79	85	10	4	1	7	4	6	9	6	2	2	10	4	6	2	3	3	3	6	0	5	10	5	4	9	6	11	3	4	6	5	1	5
chr9	40050906	40050917	12	7	0	12	7	5	1	2	0	0	1	1	1	0	0	0	0	0	0	0	0	0	2	1	0	0	1	0	0	0	0	0	0	0	0	0	0	0
chr9	40050918	40051466	549	8	0	549	385	164	67	17	23	39	23	16	14	18	23	10	8	17	33	15	15	46	25	6	6	21	6	2	1	10	15	4	1	8	25	8	4	21
chr9	40051467	40051482	16	7	0	16	13	3	4	0	0	1	0	1	0	1	0	0	0	1	0	1	0	3	1	0	0	0	0	0	0	0	0	0	0	0	1	0	0	0
chr9	40051483	40051792	310	8	0	310	252	58	47	10	10	48	15	1	2	13	10	3	0	6	42	6	5	33	12	1	2	5	2	0	0	2	9	2	1	2	8	1	3	7
chr9	40051793	40051834	42	7	0	42	32	10	8	1	0	5	2	1	2	3	3	1	0	0	1	2	0	2	5	0	0	0	0	0	0	0	0	0	0	0	2	0	0	2
chr9	40051835	40052051	217	8	0	217	168	49	32	2	9	28	8	1	2	8	8	3	5	8	23	6	7	16	6	2	0	4	3	0	0	4	2	1	0	3	8	4	0	12
chr9	40052052	40052065	14	7	0	14	14	0	12	0	0	0	0	0	0	0	0	0	0	0	0	0	0	0	0	0	0	0	0	0	0	0	0	0	0	0	0	0	0	0
chr9	40052066	40053192	1127	8	0	1127	742	385	98	32	53	81	43	33	33	31	48	17	25	30	74	31	49	62	42	24	2	45	30	14	2	33	25	21	2	24	43	20	0	58
chr9	40053193	40053281	89	7	0	89	44	45	11	3	2	0	2	2	5	2	3	2	5	2	1	1	2	0	1	3	2	2	5	0	1	6	1	8	1	2	4	2	2	4
chr9	40053282	40053467	186	8	0	186	94	92	3	5	2	4	6	8	9	8	3	4	9	3	2	10	4	13	10	8	1	7	7	4	5	8	9	7	2	4	5	5	4	5
chr9	40053468	40053991	524	8	0	524	377	147	60	19	23	49	32	6	4	19	24	9	7	14	34	14	17	44	23	10	1	14	11	9	0	13	7	1	0	4	20	13	1	20
chr9	40053992	40054021	30	7	0	30	18	12	0	1	0	3	2	0	1	1	1	1	1	0	0	1	3	2	1	1	0	1	1	0	0	0	1	1	0	2	1	0	0	2
chr9	40054022	40054425	404	8	0	404	274	130	40	10	18	28	12	9	11	17	20	2	10	15	24	11	7	40	15	5	3	9	10	5	2	10	7	6	0	9	15	11	3	18
chr9	40054427	40054498	72	8	0	72	53	19	6	2	5	7	3	0	1	4	3	2	1	4	8	0	1	4	1	1	0	2	2	0	0	1	1	0	0	1	4	2	0	4
chr9	40054500	40054777	278	8	0	278	204	74	34	14	11	23	13	5	6	10	15	1	4	9	20	8	8	22	12	2	0	14	3	1	1	3	4	1	0	3	15	4	1	9
chr9	40054782	40054998	217	8	0	217	162	55	37	5	9	23	11	6	2	8	11	3	2	7	15	5	4	12	10	2	2	5	3	0	1	3	3	0	0	3	11	5	1	6
chr9	40055000	40055591	592	8	0	592	429	163	77	23	21	51	22	9	12	23	20	5	8	21	54	16	19	47	23	13	1	15	14	4	0	14	11	2	2	9	18	13	1	22
chr9	40055593	40055614	22	8	0	22	14	8	1	2	1	2	1	1	0	1	0	0	0	1	2	0	0	0	2	0	1	0	0	1	1	0	1	0	0	1	0	1	0	0
chr9	40055616	40056584	969	8	0	969	596	373	70	27	42	56	36	36	36	41	42	18	29	22	47	27	21	45	52	22	6	28	31	17	4	27	29	15	2	28	37	25	4	45
chr9	40056586	40056652	67	8	0	67	47	20	12	2	1	5	2	1	1	3	2	2	3	3	4	1	2	3	1	1	0	3	4	0	0	0	0	0	0	0	2	3	0	4
chr9	40056654	40056878	225	8	0	225	137	88	12	7	10	10	4	3	8	9	12	3	11	7	11	7	13	9	6	3	1	10	6	8	0	6	5	2	1	6	7	7	0	19
chr9	40056884	40057006	123	8	0	123	82	41	12	5	2	13	8	1	4	4	3	3	2	4	10	2	4	3	6	2	0	3	3	3	1	3	4	2	0	2	4	3	1	4
chr9	40057007	40057016	10	7	0	10	7	3	1	0	0	1	1	0	0	0	0	1	0	0	0	1	0	1	0	0	0	1	0	0	0	0	0	0	0	0	1	0	0	0
chr9	40057017	40057706	690	8	0	690	485	205	63	24	26	58	29	9	18	28	23	8	16	18	56	22	20	66	29	10	1	23	14	8	0	16	18	5	0	15	23	15	1	26
chr9	40057708	40057733	26	8	0	26	13	13	0	1	2	0	1	0	1	1	0	1	2	0	0	1	0	1	0	0	0	3	3	2	0	0	0	2	0	0	0	1	0	2
chr9	40057735	40057860	126	8	0	126	77	49	7	6	5	3	3	4	4	12	4	5	3	3	7	3	2	6	8	4	2	4	4	2	0	3	2	1	0	3	8	2	0	4
chr9	40057862	40057893	32	8	0	32	17	15	1	2	1	0	1	1	2	0	1	2	0	2	1	1	2	0	2	1	0	3	1	1	0	1	0	0	0	0	1	1	2	0
chr9	40057895	40058471	577	8	0	577	365	212	53	19	27	28	21	11	26	21	23	14	17	10	31	22	12	29	24	15	0	27	22	11	0	16	11	4	1	16	22	19	1	22
chr9	40058475	40058811	337	8	0	337	203	134	24	6	13	19	13	8	13	9	10	8	19	10	15	9	12	14	11	5	0	14	13	5	1	12	5	10	1	8	14	11	0	23
chr9	40058812	40058826	15	7	0	15	7	8	0	0	0	0	0	2	0	2	1	0	0	0	0	0	0	0	0	2	0	0	2	0	0	1	1	1	0	0	1	0	0	0
chr9	40058827	40059014	188	8	0	188	102	86	19	5	2	7	4	5	12	4	4	3	11	4	6	1	7	7	3	6	1	4	11	4	0	12	3	10	0	9	7	7	1	7
chr9	40059015	40059332	318	7	0	318	135	183	29	3	6	5	6	9	16	4	4	10	17	8	4	5	7	1	5	9	4	9	13	14	17	12	8	21	18	13	9	13	5	12
chr9	40059333	40059777	445	8	0	445	315	130	26	15	14	34	26	20	8	19	10	6	4	12	26	15	10	69	31	10	0	14	13	2	0	5	11	5	0	6	18	3	0	11
chr9	40059778	40059819	42	7	0	42	41	1	2	0	0	4	1	0	0	0	0	0	0	0	2	1	0	29	1	0	0	0	0	0	0	0	0	0	0	0	0	0	0	0
chr9	40059820	40060277	458	8	0	458	310	148	21	9	19	24	14	5	11	19	14	9	11	7	25	16	14	90	18	9	3	9	13	11	0	14	5	8	3	14	13	10	0	18
chr9	40060281	40061307	1027	8	0	1027	723	304	134	38	49	83	44	15	26	39	46	9	19	30	80	25	23	62	38	11	4	34	19	5	5	19	29	10	2	23	38	22	3	41
chr9	40061309	40061350	42	8	0	42	30	12	4	2	1	3	2	1	1	1	0	0	1	3	4	1	2	3	3	0	0	2	0	1	0	1	0	0	0	0	1	1	0	2
chr9	40061352	40061449	98	8	0	98	81	17	11	1	3	16	4	2	2	1	6	0	2	2	11	2	1	15	4	0	0	1	0	0	0	0	1	0	0	1	4	0	0	6
chr9	40061454	40061528	75	8	0	75	55	20	11	3	2	4	3	2	2	2	2	1	1	2	4	1	4	10	4	0	0	3	0	0	0	1	3	1	0	1	2	0	0	4
chr9	40061529	40061550	22	7	0	22	16	6	3	1	1	1	0	0	0	1	1	0	0	0	2	1	2	1	0	1	0	1	0	0	0	1	2	0	0	0	0	0	0	1
chr9	40061551	40063263	1713	8	0	1713	1151	562	175	63	68	130	53	45	54	78	86	24	29	31	123	47	51	93	81	34	6	58	45	28	4	39	40	21	1	34	63	33	3	71
chr9	40063264	40063481	218	8	0	218	156	62	22	4	8	25	9	5	3	8	12	2	6	9	15	10	7	10	11	3	0	7	0	3	0	6	1	1	0	0	13	3	2	11
chr9	40063482	40063500	19	7	0	19	10	9	1	1	0	1	1	0	1	1	0	0	1	1	1	0	0	1	0	1	0	0	0	0	0	1	2	0	1	0	1	0	1	0
chr9	40063501	40063953	453	6	0	453	310	143	51	18	16	30	21	7	15	21	18	6	8	16	24	9	10	39	11	9	4	16	16	1	1	6	16	7	0	7	20	7	1	20
chr9	40063954	40064007	54	6	0	54	31	23	19	0	0	0	1	1	2	0	0	2	4	0	0	0	0	0	1	0	1	1	2	2	2	1	0	3	2	1	1	2	1	3
chr9	40064009	40064117	109	6	0	109	37	72	0	1	1	2	3	3	6	2	1	2	9	2	0	2	2	0	1	1	2	4	4	5	5	5	6	10	8	6	4	4	3	3
chr9	40064119	40064470	352	6	0	352	205	147	30	10	10	20	14	9	10	10	11	6	11	15	16	11	10	11	13	11	4	8	13	11	7	9	4	8	6	9	13	10	5	15
chr9	40064471	40064481	11	6	0	11	10	1	4	0	0	2	1	0	0	0	0	0	0	0	2	0	0	0	0	0	0	0	0	0	0	0	0	0	0	0	0	0	0	0
chr9	40064482	40065807	1326	6	0	1326	881	445	107	49	60	85	64	21	32	64	58	20	26	36	73	38	49	97	53	18	4	53	43	15	2	25	36	24	2	30	49	28	4	59
chr9	40065808	40065979	172	6	0	172	108	64	16	9	13	8	8	1	7	5	15	2	6	4	7	2	2	3	3	2	1	7	6	4	0	2	3	1	0	6	9	5	1	12
chr9	40065980	40066747	768	6	0	768	512	256	58	29	37	44	33	11	22	29	34	16	30	22	42	25	27	51	35	12	3	31	16	6	0	17	17	5	0	12	27	16	3	56
chr9	40066748	40066765	18	6	0	18	16	2	1	2	1	2	0	0	0	1	0	0	0	0	4	0	0	3	1	0	0	1	0	0	0	0	0	0	0	0	0	0	0	0
chr9	40066766	40067470	705	6	0	705	495	210	79	24	37	55	30	8	17	24	30	8	17	20	57	19	19	49	30	7	1	21	15	5	0	18	15	7	1	15	20	19	0	36
chr9	40067472	40067543	72	6	0	72	40	32	7	2	3	3	2	1	6	0	5	1	4	1	1	1	2	0	0	3	0	2	2	0	0	4	3	2	0	4	5	1	0	5
chr9	40067545	40068619	1075	6	0	1075	697	378	108	31	46	62	51	22	33	45	45	19	21	37	43	24	33	75	44	18	6	28	38	15	4	23	33	16	2	29	36	31	2	53
chr9	40068620	40069986	1367	6	0	1367	902	465	113	41	61	90	48	33	48	59	61	17	29	65	82	26	40	88	58	22	1	36	37	17	2	35	36	14	0	34	56	38	5	73
chr9	40069988	40070206	219	6	0	219	159	60	28	15	11	14	13	2	5	6	7	3	3	5	19	8	7	11	10	5	0	13	4	1	0	3	4	1	0	1	8	1	0	9
chr9	40070208	40070253	46	6	0	46	26	20	2	1	2	3	2	2	4	0	1	1	1	2	3	0	0	1	3	0	0	1	1	0	0	1	4	2	1	1	1	0	1	3
chr9	40070255	40070390	136	6	0	136	78	58	14	2	4	7	5	2	9	4	6	3	2	4	4	2	3	5	2	3	0	4	8	7	0	5	4	6	0	4	6	4	0	5
chr9	40070391	40071827	1437	6	0	1437	970	467	120	47	55	115	60	34	47	67	56	18	23	45	101	43	37	101	66	25	1	50	36	20	2	34	53	14	0	23	53	33	1	55
chr9	40071829	40071890	62	6	0	62	35	27	1	4	3	1	5	0	3	2	3	1	0	5	0	1	2	2	2	3	0	1	2	2	0	4	2	1	0	1	4	2	0	3
chr9	40071892	40071962	71	6	0	71	33	38	2	2	1	0	3	4	7	2	1	1	1	1	0	4	1	1	5	3	0	4	5	3	0	4	5	3	0	2	1	3	0	0
chr9	40071970	40072018	49	6	0	49	36	13	8	1	3	3	2	1	1	2	2	1	0	1	4	0	1	4	1	0	0	2	1	1	0	0	2	1	0	1	2	0	0	2
chr9	40072020	40072108	89	6	0	89	61	28	14	4	4	3	5	2	2	5	3	3	4	1	4	3	0	3	5	1	0	5	2	0	0	1	1	0	0	1	6	2	0	3
chr9	40072109	40072134	26	6	0	26	21	5	9	0	2	1	0	1	0	0	1	0	0	0	1	2	0	3	1	1	0	0	0	0	0	1	0	0	0	0	0	0	0	1
chr9	40072140	40072176	37	6	0	37	22	15	11	0	0	0	0	2	3	0	0	2	1	0	1	0	1	0	1	0	1	2	1	1	1	0	2	1	0	1	1	1	0	1
chr9	40072178	40072650	473	6	0	473	299	174	35	12	20	26	19	12	15	23	7	13	17	15	32	11	15	26	18	7	0	22	14	6	1	10	16	9	1	16	21	9	4	19
chr9	40072652	40072701	50	6	0	50	33	17	0	2	1	3	3	2	2	5	1	1	0	4	2	2	0	4	5	0	0	2	1	0	0	0	1	0	0	1	5	1	0	0
chr9	40072703	40073438	736	6	0	736	531	205	93	34	21	63	29	10	24	28	28	7	7	22	62	18	24	59	27	19	0	23	17	9	0	12	18	4	0	12	29	6	0	29
chr9	40073439	40073511	73	6	0	73	47	26	13	3	5	2	5	2	2	0	4	3	5	2	0	0	0	0	3	1	0	4	1	0	0	3	0	0	0	0	5	3	0	5
chr9	40073513	40073633	121	6	0	121	85	36	17	6	5	11	8	3	6	5	7	1	1	2	6	2	0	4	9	1	0	2	1	0	0	1	8	0	0	2	4	1	0	6
chr9	40073635	40073666	32	6	0	32	23	9	2	0	1	2	0	0	1	1	1	1	1	2	2	1	1	5	1	1	0	0	0	1	0	1	0	0	0	0	2	0	0	3
chr9	40073668	40074737	1070	6	0	1070	783	287	127	45	36	93	49	19	16	45	38	11	17	31	87	32	42	93	50	15	0	42	17	4	1	23	18	7	1	12	44	19	0	34
chr9	40074738	40074747	10	6	0	10	8	2	4	2	0	0	1	0	0	0	0	0	0	0	0	0	0	0	1	0	0	0	0	0	0	0	0	0	0	0	0	0	0	0
chr9	40074748	40075303	556	6	0	556	388	168	68	29	22	36	27	14	15	22	20	7	11	7	41	19	17	31	29	11	0	29	7	3	0	14	18	6	0	6	25	4	0	16
chr9	40075304	40075331	28	6	0	28	18	10	1	1	3	1	1	0	2	0	3	0	1	0	1	1	0	1	0	0	0	2	1	0	0	0	1	0	0	1	1	1	0	3
chr9	40075333	40075575	243	6	0	243	173	70	24	2	10	19	4	4	4	17	9	1	7	14	17	11	12	16	8	2	0	9	3	0	0	5	4	3	0	5	14	3	0	14
chr9	40075577	40076152	576	6	0	576	387	189	47	17	23	48	27	5	16	26	35	5	22	11	27	19	23	35	22	7	0	17	6	7	0	18	10	6	0	22	36	11	0	26
chr9	40076154	40076196	43	6	0	43	29	14	6	3	1	2	2	0	1	2	1	1	0	1	2	2	1	3	3	1	1	1	2	0	0	1	0	1	0	0	0	1	1	1
chr9	40076198	40076433	236	6	0	236	156	80	23	6	15	10	5	10	8	5	11	3	6	10	15	4	7	17	6	3	0	14	7	2	0	4	8	0	0	6	7	8	2	12
chr9	40076435	40076453	19	6	0	19	11	8	0	1	1	1	1	1	0	0	1	1	0	1	1	0	1	0	1	1	0	1	0	0	0	1	0	0	0	0	2	1	0	0
chr9	40076455	40076533	79	6	0	79	51	28	7	1	2	4	2	3	2	5	2	1	4	7	3	2	3	2	1	2	0	4	5	0	0	0	0	0	0	0	6	2	0	7
chr9	40076535	40076582	48	6	0	48	29	19	2	2	1	3	2	2	2	2	2	0	3	1	1	2	1	2	4	0	0	1	2	0	0	1	2	0	0	2	0	3	0	3
chr9	40076584	40076658	75	6	0	75	47	28	7	4	1	5	2	5	2	1	5	1	1	2	4	1	5	0	4	2	0	4	5	2	0	1	0	0	0	0	1	4	0	4
chr9	40076660	40076694	35	6	0	35	20	15	2	0	1	2	2	0	2	1	0	1	0	1	1	2	0	3	0	3	0	1	3	3	0	1	1	0	0	1	1	1	0	0
chr9	40076696	40077651	956	6	0	956	591	365	58	29	32	47	31	35	31	69	35	19	31	28	42	25	23	56	53	17	3	35	31	21	0	24	41	8	0	17	41	30	1	41
chr9	40077653	40077682	30	6	0	30	20	10	4	0	0	4	1	0	2	2	3	2	0	0	0	0	0	0	0	0	0	2	3	0	0	0	0	0	0	0	2	3	0	0
chr9	40077684	40078120	437	6	0	437	321	116	62	17	16	39	17	7	8	24	25	3	7	9	30	20	12	24	27	2	5	13	6	0	1	3	7	3	0	4	16	5	0	23
chr9	40078121	40078138	18	6	0	18	14	4	2	1	1	1	0	0	0	0	1	0	0	0	1	1	3	1	0	0	0	3	0	0	0	0	0	0	0	0	0	0	0	1
chr9	40078139	40078836	698	6	0	698	495	203	77	24	27	51	25	15	17	28	29	4	9	23	47	23	28	66	26	12	1	27	14	6	1	14	17	7	0	12	28	10	0	28
chr9	40078838	40078926	89	6	0	89	53	36	3	3	3	4	4	3	3	5	0	3	2	2	6	3	5	3	6	3	0	2	1	2	0	4	2	2	0	6	6	0	0	1
chr9	40078928	40079157	230	6	0	230	172	58	30	10	7	30	15	6	3	2	12	1	4	5	19	8	8	11	11	3	2	9	3	1	0	3	2	1	0	1	10	2	0	9
chr9	40079158	40079279	122	6	0	122	89	33	21	0	10	10	6	2	2	6	8	4	1	4	6	2	1	5	5	0	0	3	2	0	0	1	0	0	0	4	8	3	0	6
chr9	40079280	40079291	12	6	0	12	10	2	8	1	0	0	1	0	0	0	0	0	0	0	0	0	0	0	0	0	0	0	0	0	0	0	0	0	0	0	0	0	0	0
chr9	40079292	40079884	593	6	0	593	364	229	48	22	23	28	25	17	25	23	17	8	15	21	31	16	17	26	22	8	1	32	23	11	3	14	22	18	1	13	24	14	1	22
chr9	40079886	40079966	81	6	0	81	53	28	10	2	3	8	6	4	0	2	3	0	5	3	3	0	0	3	1	1	1	2	3	1	0	1	4	1	0	1	4	2	1	4
chr9	40079968	40080802	835	6	0	835	503	332	72	33	40	36	35	20	30	30	33	14	23	22	42	17	19	36	34	23	0	27	37	35	0	29	17	19	2	16	27	24	2	39
chr9	40080804	40081425	622	6	0	622	369	253	71	15	24	33	35	15	27	19	21	10	17	15	17	16	8	25	22	16	3	15	25	13	9	18	22	23	1	22	26	13	3	21
chr9	40081430	40081501	72	6	0	72	60	12	23	0	6	7	1	0	0	1	6	0	0	2	4	2	2	4	1	0	0	1	1	0	0	1	0	0	0	0	0	2	0	6
chr9	40081502	40081879	378	6	0	378	256	122	36	14	16	24	14	9	11	17	19	3	7	11	21	11	13	29	14	3	2	17	6	6	1	6	13	4	1	8	18	6	0	16
chr9	40081880	40083426	1547	6	0	1547	987	560	135	53	57	95	70	43	52	58	54	27	44	43	81	42	41	92	68	39	8	50	52	24	3	46	37	29	2	32	66	32	5	65
chr9	40083427	40083468	42	6	0	42	24	18	2	1	2	0	1	0	1	0	3	1	11	0	0	0	0	0	2	0	0	0	0	0	0	1	0	0	0	0	0	1	0	14
chr9	40083469	40083931	463	6	0	463	325	138	49	14	17	43	25	10	11	16	20	4	10	18	28	10	13	35	17	10	1	10	9	3	0	10	13	3	1	9	23	6	0	23
chr9	40083933	40083961	29	6	0	29	19	10	1	1	1	1	1	0	0	4	0	0	0	1	2	1	2	2	1	0	0	1	0	0	0	2	3	1	0	0	1	1	0	0
chr9	40083963	40084326	364	6	0	364	254	110	42	15	15	26	17	10	9	11	15	3	8	11	25	7	10	28	14	8	0	13	10	1	0	7	8	4	1	7	16	5	1	15
chr9	40084328	40084801	474	6	0	474	330	144	58	13	13	37	16	11	16	12	20	7	13	8	27	14	12	53	13	8	3	21	9	4	4	7	13	5	0	7	20	7	2	19
chr9	40084803	40084837	35	6	0	35	15	20	0	0	0	1	0	0	3	0	1	2	3	0	0	1	2	1	1	1	0	0	1	1	0	5	0	1	0	3	2	4	0	0
chr9	40084839	40085152	314	6	0	314	186	128	23	8	10	21	10	11	7	7	8	4	8	10	21	5	8	24	9	10	5	5	10	6	8	9	8	11	11	6	8	6	2	13
chr9	40085154	40085178	25	6	0	25	23	2	5	0	1	3	1	0	0	0	0	0	0	1	3	1	0	6	0	0	0	1	0	0	0	0	0	0	0	0	1	0	0	0
chr9	40085180	40085523	344	6	0	344	219	125	23	13	13	27	15	12	10	7	17	3	11	10	21	10	12	14	17	9	2	10	6	5	5	9	8	4	2	6	13	7	1	20
chr9	40085525	40085562	38	6	0	38	29	9	5	0	0	5	3	2	0	1	0	0	1	2	1	1	1	5	3	0	0	0	1	0	0	0	0	1	0	1	2	0	0	1
chr9	40085564	40085751	188	6	0	188	134	54	24	6	6	18	10	3	6	4	10	3	4	2	11	4	7	14	7	2	2	5	1	0	0	5	6	1	0	5	9	3	0	8
chr9	40085753	40085825	73	6	0	73	44	29	4	3	3	5	5	2	1	2	4	0	1	1	2	2	3	5	4	2	0	0	2	1	1	2	2	2	2	4	2	1	1	2
chr9	40085826	40085883	58	6	0	58	29	29	11	0	1	0	2	3	5	0	0	3	2	0	0	0	0	0	2	0	2	3	3	1	1	0	4	3	3	2	1	1	0	3
chr9	40085885	40086005	121	6	0	121	61	60	16	2	3	4	2	4	6	2	4	1	5	2	2	2	3	1	1	4	1	3	6	4	4	5	2	7	5	6	5	4	0	3
chr9	40086006	40086036	31	6	0	31	18	13	4	1	0	1	0	1	0	2	1	1	1	0	1	2	2	1	0	2	1	1	1	2	1	0	0	0	0	0	1	0	0	2
chr9	40086038	40086411	374	6	0	374	219	155	27	11	12	18	13	14	10	14	14	5	12	14	14	9	11	19	15	5	4	15	13	13	5	6	10	11	7	6	13	8	6	18
chr9	40086412	40086475	64	6	0	64	49	15	9	1	2	6	1	1	2	3	1	1	0	2	7	2	2	7	3	0	0	2	1	0	0	1	2	1	0	1	1	1	0	2
chr9	40086480	40086539	60	6	0	60	46	14	6	1	2	6	2	1	2	1	3	0	2	3	5	2	2	6	2	0	0	2	0	0	0	0	1	0	0	1	3	0	0	5
chr9	40086541	40086560	20	6	0	20	15	5	2	0	0	2	0	0	0	0	1	0	1	0	2	0	2	4	0	0	0	0	0	0	0	1	0	0	0	2	0	1	0	0
chr9	40086562	40086927	366	6	0	366	261	105	63	7	17	32	15	5	9	16	16	6	4	7	25	8	10	21	14	4	0	8	6	4	0	10	12	4	0	8	12	7	0	14
chr9	40086932	40087016	85	6	0	85	61	24	7	2	1	10	7	2	1	2	4	1	3	1	3	5	5	5	6	0	0	4	1	0	0	0	1	1	0	2	4	0	0	5
chr9	40087018	40087042	25	6	0	25	17	8	1	1	0	2	3	0	0	2	0	0	0	2	0	1	2	2	1	0	0	1	0	0	0	0	3	0	0	0	1	0	0	1
chr9	40087043	40088587	1545	6	0	1545	886	659	129	32	57	82	58	57	72	61	58	24	41	43	57	24	31	58	60	38	5	34	74	55	7	52	61	50	7	50	53	45	3	65
chr9	40088588	40088604	17	6	0	17	11	6	3	1	0	1	0	0	1	0	2	0	2	0	0	0	0	0	0	0	0	0	0	0	0	1	0	0	0	0	1	1	0	2
chr9	40088605	40090489	1885	6	0	1885	1203	682	172	75	106	101	79	25	73	69	104	34	53	51	100	45	52	63	70	32	11	66	48	31	1	54	53	20	3	50	75	52	1	114
chr9	40090490	40090734	245	6	0	245	173	72	30	8	7	24	15	3	6	10	5	7	3	8	20	5	5	16	15	2	1	5	9	4	0	2	6	1	1	2	4	8	0	11
chr9	40090736	40090766	31	6	0	31	22	9	2	0	2	3	3	0	0	1	1	1	0	0	1	1	1	5	1	0	0	1	0	0	0	1	2	0	0	1	1	1	0	0
chr9	40090768	40091468	701	6	0	701	447	254	75	24	35	38	39	15	18	24	33	10	21	24	25	16	21	28	34	8	2	21	18	8	3	22	19	13	3	14	26	22	2	38
chr9	40091470	40091492	23	6	0	23	17	6	4	0	1	2	0	1	0	1	1	0	0	2	1	1	1	1	1	1	0	0	0	0	0	1	0	0	0	0	1	0	0	1
chr9	40091494	40092439	946	6	0	946	611	335	89	38	29	62	36	20	34	46	33	10	24	23	61	29	25	51	51	20	2	24	24	15	8	24	24	19	2	31	37	17	4	32
chr9	40092442	40092623	182	6	0	182	130	52	34	4	11	14	6	0	3	6	10	0	5	5	14	3	4	9	2	3	0	2	4	4	0	6	4	2	0	4	5	5	0	11
chr9	40092625	40092660	36	6	0	36	26	10	4	1	1	3	2	0	2	2	1	1	0	2	2	1	0	2	3	0	0	0	0	0	0	1	2	0	0	0	1	1	0	2
chr9	40092662	40093439	778	6	0	778	453	325	67	23	36	29	28	23	36	28	30	14	30	19	32	17	17	22	26	22	1	28	29	15	1	36	29	23	4	18	31	21	4	37
chr9	40093440	40093464	25	6	0	25	23	2	15	0	1	1	0	0	0	0	2	0	0	0	0	0	0	3	0	0	0	0	0	0	0	0	0	0	0	0	0	0	0	1
chr9	40093465	40095610	2146	6	0	2146	1406	740	218	64	77	139	84	51	62	90	83	36	56	61	114	65	78	126	96	38	6	76	61	28	8	49	51	37	11	43	79	43	9	105
chr9	40095619	40096276	658	6	0	658	454	204	69	17	26	42	28	8	13	37	20	9	16	19	37	21	27	64	21	6	2	26	14	3	0	12	22	11	2	21	29	9	2	23
chr9	40096277	40096600	324	6	0	324	282	42	46	6	8	48	6	2	0	13	10	2	0	6	46	9	10	68	10	2	0	7	1	0	0	2	1	0	0	1	9	1	0	8
chr9	40096602	40096631	30	6	0	30	21	9	4	0	2	1	1	1	0	1	1	0	0	1	2	2	1	3	1	2	0	0	0	1	0	2	0	0	0	0	2	0	0	0
chr9	40096633	40096803	171	6	0	171	115	56	13	6	8	11	9	6	5	9	7	3	3	9	8	4	4	8	8	3	0	8	4	3	0	0	5	0	0	3	12	1	0	9
chr9	40096806	40096909	104	6	0	104	69	35	11	4	2	12	6	1	4	6	7	0	4	0	5	1	2	4	4	0	0	2	4	1	0	1	4	1	0	5	5	3	0	3
chr9	40096911	40096967	57	6	0	57	45	12	9	0	3	7	1	0	1	5	5	0	0	2	4	2	0	4	0	1	0	1	1	0	0	0	1	0	0	1	5	0	0	2
chr9	40096969	40097374	406	6	0	406	273	133	42	16	24	24	16	14	6	9	17	10	12	8	30	8	10	25	20	6	7	15	5	4	3	10	4	6	0	6	16	6	4	21
chr9	40097375	40097425	51	6	0	51	33	18	18	1	2	0	2	0	2	1	2	1	2	1	0	0	0	0	1	0	0	1	3	1	0	1	0	2	1	1	1	1	1	3
chr9	40097427	40097929	503	6	0	503	244	259	16	10	15	18	13	18	33	14	16	9	36	9	14	6	10	6	14	11	0	18	24	20	1	30	23	23	5	19	17	22	4	27
chr9	40097930	40097942	13	6	0	13	7	6	0	1	0	1	2	0	1	1	0	0	0	0	0	0	0	0	2	0	0	0	0	0	0	0	2	0	0	1	0	0	0	0
chr9	40097943	40098018	76	6	0	76	48	28	3	3	2	5	4	2	0	4	3	2	6	1	3	0	5	4	4	0	0	3	1	1	0	2	1	1	0	2	5	2	0	5
chr9	40098025	40098054	30	6	0	30	19	11	6	2	1	0	1	2	0	2	1	0	0	1	1	0	0	1	1	2	0	1	2	0	0	1	1	1	0	0	1	0	0	0
chr9	40098060	40098457	398	6	0	398	238	160	36	1	31	21	11	11	11	16	21	9	11	10	20	9	8	11	11	8	1	10	11	13	2	20	16	9	0	7	11	16	1	23
chr9	40098458	40098477	20	6	0	20	9	11	0	0	3	0	0	0	0	0	3	0	1	0	0	0	0	0	0	0	0	0	0	4	0	2	0	0	0	0	0	2	0	3
chr9	40098478	40098513	36	6	0	36	11	25	0	0	4	0	0	0	0	0	4	0	2	0	0	0	0	0	0	0	0	0	0	11	0	7	0	0	0	0	0	6	0	0
chr9	40098514	40099019	506	6	0	506	254	252	22	15	16	22	15	13	15	11	14	9	28	12	24	11	16	11	10	13	6	19	17	30	15	23	10	20	11	14	17	22	4	19
chr9	40099021	40099058	38	6	0	38	27	11	15	0	0	0	1	0	1	0	0	2	4	0	0	0	1	1	1	0	0	1	1	0	0	0	0	0	1	1	0	1	1	4
chr9	40099059	40099214	156	6	0	156	112	44	13	3	8	19	9	1	4	2	7	1	4	6	14	4	2	13	3	1	0	5	3	3	0	3	6	2	0	0	4	3	0	11
chr9	40099215	40099272	58	6	0	58	42	16	6	4	1	4	1	0	2	1	2	1	0	0	7	1	7	3	1	0	0	6	1	0	0	1	1	2	0	1	1	0	0	2
chr9	40099274	40099785	512	6	0	512	357	155	59	19	25	43	21	7	12	18	24	5	11	16	42	10	11	33	19	10	0	12	13	8	0	14	10	6	1	5	17	10	1	28
chr9	40099789	40099806	18	6	0	18	14	4	2	2	2	0	1	0	0	0	0	0	0	1	2	1	0	1	1	0	0	2	0	0	0	0	0	0	0	0	0	0	0	1
chr9	40099808	40102367	2560	6	0	2560	1824	736	298	87	117	208	103	48	61	95	124	37	49	65	186	74	81	189	109	34	3	100	44	11	4	50	45	10	3	48	109	54	2	110
chr9	40102369	40102400	32	6	0	32	22	10	2	0	2	2	1	2	1	2	0	1	0	1	3	1	0	3	1	1	0	2	1	0	0	0	2	0	0	0	2	0	0	0
chr9	40102402	40103451	1050	6	0	1050	756	294	109	29	45	101	44	19	21	45	40	14	14	21	91	44	26	93	48	16	2	38	29	6	3	13	19	12	0	17	33	17	1	38
chr9	40103453	40103509	57	6	0	57	38	19	4	1	3	3	2	4	0	3	1	1	2	1	4	2	2	3	4	0	0	4	2	0	0	0	1	2	0	1	3	0	0	2
chr9	40103511	40104479	969	6	0	969	706	263	110	37	42	92	46	14	16	55	47	11	8	25	78	32	21	70	52	10	4	28	15	6	2	13	24	5	0	13	41	15	2	33
chr9	40104480	40104490	11	6	0	11	10	1	1	0	0	2	0	0	0	0	0	0	0	0	3	1	1	0	0	0	0	1	0	0	0	0	0	0	0	0	0	0	0	0
chr9	40104491	40105819	1329	6	0	1329	804	525	102	39	56	82	65	32	42	42	56	25	48	25	56	23	32	79	51	24	7	37	49	32	12	41	40	36	9	31	41	41	4	68
chr9	40105820	40105836	17	6	0	17	10	7	3	1	0	1	0	0	1	1	1	0	0	0	0	0	0	0	0	1	0	0	0	2	0	1	2	0	0	0	1	0	0	0
chr9	40105837	40106100	264	6	0	264	99	165	6	7	9	1	7	11	12	3	10	10	21	2	0	0	0	0	12	6	10	0	9	15	14	11	10	17	11	5	2	11	5	25
chr9	40106101	40106137	37	6	0	37	17	20	0	0	2	0	0	4	1	0	0	2	3	0	2	1	1	0	3	1	2	2	1	1	1	0	1	1	1	0	0	0	0	5
chr9	40106146	40106163	18	6	0	18	4	14	0	0	0	0	0	4	0	0	0	0	0	0	0	0	0	0	3	0	0	0	0	0	0	0	1	0	8	0	0	0	0	0
chr9	40106165	40106179	15	6	0	15	7	8	0	0	0	0	0	5	1	0	0	1	0	0	0	0	0	0	5	0	0	0	0	0	0	0	0	0	0	0	0	0	0	1
chr9	40106189	40106257	69	6	0	69	27	42	0	3	1	0	0	3	7	2	2	2	0	0	2	2	0	2	5	4	1	0	3	8	3	3	3	3	0	4	1	1	0	2
chr9	40106259	40106321	63	6	0	63	21	42	0	0	0	0	0	5	4	0	0	5	4	0	0	1	1	0	4	3	2	1	2	2	3	3	2	2	5	3	1	3	2	3
chr9	40106323	40106571	249	6	0	249	88	161	5	3	6	1	3	10	16	1	6	11	13	8	1	2	1	0	6	8	5	7	11	17	13	14	6	15	15	6	8	15	5	9
chr9	40106572	40106591	20	6	0	20	7	13	0	0	0	1	1	0	0	1	0	1	0	1	0	0	0	0	0	1	0	0	1	4	2	1	1	1	0	0	0	2	0	0
chr9	40106592	40106673	82	6	0	82	20	62	1	0	1	0	1	6	2	2	0	3	4	0	0	0	0	0	1	5	0	3	4	8	6	2	3	9	10	2	3	0	4	0
chr9	40106675	40106784	110	6	0	110	32	78	6	1	1	1	1	1	8	1	0	4	3	0	3	1	0	0	0	3	1	3	3	5	12	3	7	13	15	5	1	3	2	1
chr9	40106786	40106916	131	6	0	131	46	85	0	1	6	0	2	2	6	1	5	9	8	2	0	1	2	1	1	9	1	2	5	11	7	11	2	4	3	3	3	10	5	6
chr9	40106922	40107168	247	6	0	247	84	163	3	1	9	2	5	10	12	6	6	4	12	12	1	1	0	0	4	5	3	4	12	22	13	15	12	21	9	8	5	15	7	6
chr9	40107173	40107372	200	6	0	200	72	128	3	1	4	0	4	13	11	4	1	12	13	2	0	1	3	0	9	2	9	7	9	11	9	8	7	16	5	7	7	8	3	9
chr9	40107374	40107450	77	6	0	77	33	44	2	1	2	1	2	2	5	1	2	4	4	1	0	4	1	1	3	3	1	4	3	5	0	6	1	3	2	0	2	4	3	2
chr9	40107452	40107557	106	6	0	106	40	66	5	2	2	1	2	4	7	3	3	1	7	1	0	0	0	0	1	3	2	1	3	6	5	5	10	8	7	3	2	2	0	8
chr9	40107566	40107897	332	6	0	332	133	199	12	7	9	5	8	9	19	11	12	15	9	4	1	5	4	2	7	17	5	8	20	31	7	17	10	16	13	7	10	12	9	9
chr9	40107898	40107944	47	6	0	47	22	25	2	1	2	1	1	2	2	3	3	1	2	0	0	0	0	0	1	4	0	0	3	0	1	3	1	1	2	2	3	2	1	1
chr9	40107946	40108156	211	6	0	211	89	122	14	4	10	2	4	7	10	1	9	4	9	2	4	3	4	1	2	6	5	5	10	15	5	14	7	15	8	5	3	8	4	9
chr9	40108157	40108174	18	6	0	18	9	9	0	0	2	0	0	0	2	0	2	0	1	0	0	0	0	0	0	0	0	1	0	0	0	0	2	0	1	1	0	0	1	3
chr9	40108175	40109087	913	6	0	913	355	558	40	17	25	10	17	42	54	13	31	19	54	12	5	6	6	3	24	35	11	14	33	66	36	55	42	49	37	39	27	40	18	31
chr9	40109089	40109291	203	6	0	203	84	119	21	2	8	1	4	8	12	5	8	5	5	2	0	0	2	0	2	10	2	1	12	18	5	12	10	12	7	7	5	6	2	7
chr9	40109292	40109599	308	6	0	308	110	198	13	5	7	1	2	8	23	4	9	9	10	3	2	4	6	4	6	11	5	4	17	35	7	20	7	23	18	12	6	9	6	10
chr9	40109601	40109629	29	6	0	29	10	19	0	0	2	0	1	1	0	0	1	0	1	0	0	2	2	0	0	2	0	1	1	2	2	2	0	2	1	2	1	0	1	0
chr9	40109631	40109915	285	6	0	285	127	158	35	7	10	0	6	10	14	5	12	10	12	1	0	2	2	0	7	11	6	5	12	25	4	18	9	13	6	6	7	11	8	9
chr9	40109916	40110732	817	6	0	817	322	495	60	13	33	3	13	24	48	16	33	21	28	7	4	8	8	2	9	37	12	8	44	78	22	51	28	47	36	33	19	33	12	25
chr9	40110733	40110747	15	6	0	15	4	11	0	1	0	0	0	0	1	0	1	0	1	0	0	0	0	0	0	0	0	0	0	0	1	0	1	0	4	1	0	1	0	1
chr9	40110748	40110883	136	6	0	136	46	90	2	2	5	0	2	6	7	5	5	2	4	1	0	2	2	0	1	7	1	3	13	13	2	9	6	13	5	4	1	5	4	2
chr9	40110885	40110923	39	6	0	39	19	20	6	0	1	0	0	2	2	1	2	0	3	0	0	0	0	0	0	2	0	0	1	4	0	4	2	2	0	0	2	1	0	2
chr9	40110928	40110967	40	6	0	40	13	27	4	1	1	0	0	0	1	0	1	2	2	0	0	0	0	0	0	2	0	1	1	7	3	1	0	1	4	1	0	3	1	1
chr9	40110969	40111241	273	6	0	273	98	175	10	3	11	0	4	14	15	6	10	8	10	2	0	2	2	0	6	13	7	2	15	26	7	22	10	19	8	9	7	12	6	5
chr9	40111243	40111287	45	6	0	45	13	32	1	2	0	0	1	1	1	0	0	0	3	0	1	2	1	0	0	4	1	0	1	7	3	4	1	4	2	0	1	0	2	0
chr9	40111289	40111714	426	6	0	426	166	260	37	7	14	1	8	13	19	8	14	13	16	4	0	6	5	1	4	23	6	6	18	42	17	27	15	24	18	11	11	15	11	10
chr9	40111716	40111783	68	6	0	68	29	39	4	1	2	0	1	3	2	3	3	0	7	0	0	0	1	1	0	4	0	0	2	3	0	9	3	6	1	0	4	2	1	3
chr9	40111786	40112180	395	6	0	395	146	249	27	6	16	1	4	18	17	7	17	6	11	2	2	5	5	0	3	20	8	4	25	46	12	27	13	30	15	10	5	14	9	8
chr9	40112182	40112241	60	6	0	60	20	40	1	0	3	0	0	4	5	1	3	2	0	1	0	0	0	0	2	0	1	3	3	5	2	3	2	5	4	2	3	2	1	0
chr9	40112243	40112278	36	6	0	36	12	24	0	1	0	0	1	1	3	0	0	3	1	0	0	0	0	0	1	3	0	1	3	3	1	2	1	0	4	1	0	3	1	0
chr9	40112280	40112376	97	6	0	97	37	60	8	0	3	0	1	3	5	2	3	0	5	0	0	3	3	0	0	6	0	0	4	11	2	9	4	9	4	3	3	0	0	4
chr9	40112378	40112405	28	6	0	28	7	21	0	0	1	0	0	1	2	0	1	0	1	0	0	0	0	0	1	1	0	0	1	3	3	1	1	3	3	1	0	1	0	1
chr9	40112407	40112605	199	6	0	199	81	118	13	3	9	0	3	7	9	7	8	3	8	2	1	3	1	3	3	11	1	1	13	21	4	14	5	12	6	5	6	7	1	7
chr9	40112606	40113339	734	6	0	734	303	431	7	16	15	2	6	37	56	25	15	23	23	21	11	15	20	10	29	40	3	19	57	58	4	56	14	44	5	19	24	32	6	20
chr9	40113341	40113381	41	6	0	41	20	21	0	1	0	0	0	3	3	2	1	1	1	3	0	1	1	1	3	3	0	0	2	2	0	3	0	2	0	0	4	0	0	2
chr9	40113383	40114048	666	6	0	666	315	351	17	17	20	11	24	29	47	18	12	26	7	19	12	15	25	16	31	39	0	17	48	36	1	47	15	34	0	17	23	22	1	18
chr9	40114050	40114092	43	6	0	43	22	21	3	1	1	1	0	2	2	2	0	2	0	0	3	1	2	1	2	3	0	1	4	2	0	4	0	2	0	0	0	2	0	0
chr9	40114094	40114272	179	6	0	179	76	103	0	4	4	1	4	10	15	7	5	11	3	10	0	2	0	0	10	13	0	3	13	9	5	11	0	4	0	4	12	12	1	4
chr9	40114275	40114310	36	6	0	36	14	22	0	0	0	1	1	1	3	2	0	2	0	1	0	0	2	0	3	0	0	0	4	3	0	2	0	4	0	2	1	2	0	0
chr9	40114312	40114460	149	6	0	149	68	81	0	4	4	5	5	9	8	3	3	5	1	2	5	4	4	4	6	12	0	4	14	14	0	10	1	7	0	2	5	5	0	1
chr9	40114462	40114504	43	6	0	43	20	23	0	2	2	0	1	2	3	3	1	2	0	1	2	0	0	0	3	2	0	2	4	2	0	2	0	3	0	0	2	1	0	1
chr9	40114506	40114602	97	6	0	97	44	53	2	2	1	3	3	3	5	2	2	3	2	2	1	3	8	1	2	4	0	5	6	9	0	9	0	8	0	0	5	2	0	2
chr9	40114604	40114646	43	6	0	43	17	26	1	2	0	0	1	2	3	1	0	2	1	1	1	1	0	0	3	3	0	0	3	4	1	3	0	3	0	1	2	1	1	0
chr9	40114647	40115015	369	6	0	369	181	188	6	11	10	5	8	17	24	16	13	12	10	13	5	7	14	10	15	16	2	14	29	15	0	19	4	15	0	9	17	16	0	15
chr9	40115017	40115044	28	6	0	28	13	15	0	0	1	0	0	1	2	1	0	1	1	0	1	3	1	1	1	3	0	1	2	0	0	2	1	1	0	0	0	1	0	1
chr9	40115046	40115995	950	6	0	950	478	472	27	28	26	22	25	32	52	42	27	28	32	28	24	21	36	27	37	39	4	29	51	47	3	62	16	45	3	20	47	32	2	34
chr9	40115996	40116008	13	6	0	13	6	7	0	0	0	0	0	0	1	1	0	1	0	1	0	0	0	0	1	0	0	0	1	0	0	1	0	2	0	0	1	0	0	1
chr9	40116009	40116503	495	6	0	495	212	283	3	13	8	5	7	27	40	18	13	17	17	12	6	4	17	5	19	27	1	14	34	29	0	44	14	28	1	11	24	22	0	13
chr9	40116504	40116549	46	6	0	46	21	25	0	0	1	0	1	2	2	2	1	0	1	3	0	1	2	3	0	1	0	2	6	3	0	3	0	4	0	0	1	4	0	1
chr9	40116551	40117611	1061	6	0	1061	483	578	17	24	35	11	31	53	70	37	20	45	21	31	19	24	31	12	55	60	3	29	72	62	3	81	18	63	1	14	46	33	5	33
chr9	40117612	40117621	10	6	0	10	3	7	0	0	0	0	0	1	1	0	0	0	0	0	0	0	0	0	0	2	0	0	2	1	0	1	0	0	0	0	0	0	0	0
chr9	40117622	40117862	241	6	0	241	117	124	3	9	3	4	6	16	17	7	8	4	3	11	2	6	8	10	12	17	0	6	20	9	0	18	1	10	0	3	13	10	0	3
chr9	40117864	40117898	35	6	0	35	14	21	0	0	1	0	1	3	3	0	0	3	1	0	0	0	2	0	2	2	0	2	2	0	0	4	1	2	0	0	1	2	0	1
chr9	40117899	40117919	21	6	0	21	9	12	0	1	1	0	1	1	1	1	1	0	0	1	0	0	0	0	1	1	0	0	1	1	0	1	2	2	0	0	1	0	0	1
chr9	40117921	40118562	642	6	0	642	291	351	4	13	14	9	12	38	44	21	15	21	18	24	9	18	17	14	29	35	7	19	52	27	1	52	6	34	1	9	28	35	1	13
chr9	40118564	40118617	54	6	0	54	27	27	1	2	1	1	1	2	2	2	0	0	1	2	3	3	3	1	4	4	0	0	4	3	0	5	0	4	0	0	0	1	0	2
chr9	40118619	40118733	115	6	0	115	60	55	2	0	1	6	4	6	6	5	1	7	3	4	2	5	2	5	9	6	1	2	7	4	3	2	1	3	0	2	5	3	0	6
chr9	40118735	40118784	50	6	0	50	20	30	1	1	1	0	1	2	4	1	0	3	0	1	1	2	1	0	3	2	0	3	4	4	2	3	0	4	0	0	1	3	0	0
chr9	40118786	40119201	416	6	0	416	194	222	1	14	12	5	13	18	23	12	10	16	7	16	8	9	18	11	17	26	1	13	29	24	2	31	2	19	1	6	18	18	4	10
chr9	40119202	40119228	27	6	0	27	11	16	0	0	1	0	0	1	2	1	1	2	1	1	0	0	0	0	2	1	0	0	1	1	0	3	0	2	0	0	2	2	0	1
chr9	40119229	40119564	336	6	0	336	153	183	3	11	4	4	6	17	25	20	10	9	5	18	3	4	8	4	16	16	1	8	24	20	3	21	6	19	0	7	22	13	0	7
chr9	40119569	40119789	221	6	0	221	110	111	5	8	6	8	11	11	12	8	8	10	5	4	3	2	5	4	8	15	0	8	16	10	0	12	3	8	1	2	15	4	1	6
chr9	40119799	40120570	772	6	0	772	332	440	3	17	12	8	13	38	64	28	11	31	9	32	13	17	19	16	36	47	3	17	59	54	8	56	13	46	3	14	34	30	2	17
chr9	40120572	40120612	41	6	0	41	19	22	0	1	0	2	1	1	4	1	0	1	1	1	2	2	2	0	1	3	0	1	3	3	0	2	2	1	0	1	1	1	0	1
chr9	40120614	40120993	380	6	0	380	176	204	8	13	12	5	8	15	28	10	12	9	14	11	10	10	9	1	16	19	1	11	23	19	1	33	9	16	0	9	13	21	2	10
chr9	40120995	40121120	126	6	0	126	64	62	12	4	1	3	4	4	5	2	1	4	5	3	3	3	8	2	4	4	2	5	6	5	2	5	2	5	3	4	2	4	3	4
chr9	40121122	40121439	318	6	0	318	163	155	34	12	3	7	16	14	21	7	6	9	18	7	1	2	4	1	17	6	4	10	14	6	3	12	14	13	5	10	13	10	4	13
chr9	40121444	40121454	11	6	0	11	6	5	0	0	0	1	0	0	0	0	1	0	0	2	0	0	0	1	0	0	0	0	0	1	1	0	0	0	0	0	0	1	1	0
chr9	40121462	40121553	92	6	0	92	43	49	0	2	4	0	4	5	3	5	1	1	6	4	1	0	4	1	3	4	0	2	7	5	0	2	6	2	0	6	2	3	0	7
chr9	40121555	40122068	514	6	0	514	239	275	20	7	14	13	12	23	44	15	21	15	27	10	2	5	6	3	21	16	1	12	33	19	0	34	15	24	2	25	25	27	1	20
chr9	40122069	40122080	12	6	0	12	4	8	0	0	0	0	0	0	1	0	0	0	2	0	0	0	0	0	0	0	0	0	1	0	0	2	0	1	0	1	0	1	0	1
chr9	40122081	40123551	1471	6	0	1471	753	718	74	34	53	53	57	49	90	45	54	29	69	35	29	16	36	29	43	48	4	33	72	57	7	77	62	52	1	73	63	56	4	65
chr9	40123553	40123570	18	6	0	18	10	8	0	2	1	0	1	0	0	2	1	1	0	0	1	1	0	0	1	0	0	1	1	1	0	0	0	0	0	0	1	1	0	0
chr9	40123571	40123582	12	6	0	12	7	5	0	0	1	0	0	0	0	0	1	0	1	0	0	1	0	1	0	0	0	1	0	1	0	1	0	0	0	0	0	1	0	1
chr9	40123583	40123612	30	6	0	30	17	13	3	2	0	1	2	0	1	1	0	1	2	0	1	0	1	0	0	1	0	2	2	0	0	2	1	1	0	0	1	2	0	1
chr9	40123614	40123676	63	6	0	63	33	30	1	1	4	3	3	2	2	3	4	0	4	3	0	0	1	1	2	0	0	1	4	2	0	3	2	3	0	1	2	4	0	5
chr9	40123677	40123691	15	6	0	15	7	8	0	0	1	0	0	1	1	0	0	0	3	0	0	0	0	0	1	0	0	0	0	0	0	1	1	0	0	1	0	1	0	2
chr9	40123692	40123798	107	6	0	107	58	49	6	2	5	4	2	3	5	5	5	3	4	4	4	1	0	3	4	3	0	2	4	6	0	8	3	3	0	0	5	6	0	5
chr9	40123800	40123844	45	6	0	45	26	19	3	2	2	2	2	0	1	2	5	1	2	0	0	0	0	2	0	1	2	0	2	2	0	2	2	0	0	0	1	3	0	4
chr9	40123846	40125136	1291	6	0	1291	784	507	128	37	57	61	58	34	60	31	50	20	47	34	48	36	24	58	53	22	5	46	44	30	3	44	39	26	4	39	47	43	2	59
chr9	40125138	40125187	50	6	0	50	24	26	0	1	3	1	1	4	1	2	2	2	1	3	2	0	0	0	3	2	2	0	3	3	1	1	0	1	1	0	3	2	0	3
chr9	40125189	40125644	456	6	0	456	287	169	38	16	22	20	20	15	16	22	12	9	12	9	27	13	13	21	24	12	3	14	10	3	1	12	26	6	1	15	14	5	1	22
chr9	40125646	40125731	86	6	0	86	67	19	8	4	0	8	4	1	3	4	2	0	2	4	6	4	1	14	7	1	0	2	0	0	0	1	0	0	0	0	5	0	0	3
chr9	40125733	40125775	43	6	0	43	37	6	3	3	2	5	2	0	0	2	1	0	0	1	8	1	0	7	2	0	0	2	0	0	0	0	0	0	0	0	2	0	0	0
chr9	40125777	40126212	436	6	0	436	239	197	24	9	7	21	18	22	17	14	8	6	18	10	11	15	14	23	24	17	0	12	20	11	7	18	17	16	1	12	10	12	6	14
chr9	40126213	40126509	297	6	0	297	233	64	0	11	0	0	0	21	0	22	0	0	0	0	11	22	10	135	43	10	0	0	0	0	0	10	0	0	0	0	0	0	0	0
chr9	40126510	40126559	50	6	0	50	41	9	0	1	0	0	0	4	0	5	0	0	0	0	1	4	0	24	9	0	0	0	0	0	0	0	0	0	0	0	0	0	0	0
chr9	40126560	40126581	22	6	0	22	17	5	0	0	0	0	0	2	0	3	0	0	0	0	0	2	0	8	5	0	0	0	0	0	0	0	0	0	0	0	0	0	0	0
chr9	40126582	40126647	66	6	0	66	58	8	0	0	0	5	0	0	0	6	0	0	0	0	5	5	0	35	4	0	2	0	0	0	0	0	2	0	0	0	0	0	0	0
chr9	40126649	40126693	45	6	0	45	37	8	0	0	0	3	0	0	0	7	0	0	0	0	3	4	0	19	4	0	0	0	0	0	0	0	3	0	0	0	0	0	0	0
chr9	40126695	40126813	119	6	0	119	107	12	3	0	0	8	0	0	1	7	0	1	0	1	8	9	1	66	10	0	0	0	0	0	0	0	0	0	0	0	0	0	0	2
chr9	40126814	40126840	27	6	0	27	24	3	1	0	0	2	0	0	0	2	0	0	0	0	2	3	0	12	3	0	0	0	0	0	0	0	0	0	0	0	0	0	0	0
chr9	40126841	40127289	449	6	0	449	283	166	49	17	19	20	22	12	18	12	16	11	12	11	18	14	10	21	20	15	4	15	15	4	2	14	10	6	1	9	18	10	1	21
chr9	40127291	40127312	22	6	0	22	7	15	0	0	0	0	0	1	2	0	0	1	0	0	0	1	1	0	1	1	0	1	2	5	0	1	1	1	0	0	0	1	0	0
chr9	40127314	40127406	93	6	0	93	53	40	6	3	2	4	3	4	6	3	2	3	2	2	4	1	2	5	5	6	0	1	6	2	0	4	0	2	0	4	4	2	0	3
chr9	40127408	40127462	55	6	0	55	25	30	2	1	2	1	1	2	4	2	0	1	2	1	2	1	1	0	1	2	0	2	4	1	1	2	1	3	3	5	3	2	0	0
chr9	40127463	40128340	878	6	0	878	559	319	78	28	29	58	26	27	32	35	35	14	36	21	54	17	19	48	33	19	5	29	31	19	0	24	26	7	1	18	30	29	2	46
chr9	40128345	40128391	47	6	0	47	24	23	0	0	1	1	0	1	4	0	2	2	9	2	0	1	0	1	3	0	0	1	0	1	0	2	0	0	0	0	2	2	0	10
chr9	40128394	40128449	56	6	0	56	28	28	1	0	3	0	3	7	1	0	1	0	11	0	0	0	0	0	5	0	0	2	0	1	0	1	3	0	0	3	3	1	0	8
chr9	40128450	40128460	11	6	0	11	5	6	0	0	0	0	0	1	2	0	0	2	0	0	0	0	0	0	2	0	0	0	0	0	0	0	0	0	0	0	0	0	0	2
chr9	40128461	40128533	73	6	0	73	44	29	5	0	3	3	0	11	4	3	3	0	0	3	3	3	0	1	13	1	0	1	2	0	0	2	1	1	0	2	2	2	0	2
chr9	40128535	40128551	17	6	0	17	13	4	1	2	0	3	2	0	0	1	1	0	0	0	1	0	0	0	2	0	0	0	1	0	0	0	0	0	0	0	0	1	0	0
chr9	40128555	40128593	39	6	0	39	21	18	1	1	1	3	1	4	0	1	2	0	0	0	1	1	2	2	1	3	0	2	4	4	0	0	0	0	0	1	1	1	0	0
chr9	40128595	40128682	88	6	0	88	57	31	5	1	7	8	4	2	1	2	6	1	3	1	6	1	1	7	2	1	0	2	2	4	0	4	2	2	0	0	3	3	0	5
chr9	40128684	40128731	48	6	0	48	34	14	6	0	3	5	2	0	1	2	1	1	0	2	4	2	1	3	1	1	0	1	1	1	0	1	1	1	0	2	2	0	0	1
chr9	40128733	40128975	243	6	0	243	149	94	19	5	13	12	7	11	11	8	10	3	10	7	12	7	4	9	10	4	1	11	11	2	0	4	6	2	0	12	10	9	1	10
chr9	40128983	40129305	323	6	0	323	241	82	55	9	13	31	10	6	6	12	14	4	6	10	29	4	6	25	13	2	0	9	5	3	0	6	4	1	0	5	12	8	2	11
chr9	40129307	40129342	36	6	0	36	25	11	1	1	3	3	1	2	1	1	4	0	0	1	2	0	1	3	2	0	0	2	1	0	0	0	0	0	0	0	2	1	0	2
chr9	40129344	40129414	71	6	0	71	54	17	9	4	2	8	4	0	1	3	1	0	1	0	10	1	2	7	2	1	0	2	2	0	0	1	3	1	0	2	1	1	0	0
chr9	40129416	40129444	29	6	0	29	20	9	2	1	0	3	1	0	0	2	3	0	3	0	1	1	1	1	0	0	0	2	0	0	0	1	0	0	0	0	3	1	0	1
chr9	40129451	40129486	36	6	0	36	25	11	2	1	2	3	2	0	0	1	1	1	0	0	1	2	1	6	1	1	0	2	0	2	1	0	1	0	1	0	1	0	0	1
chr9	40129488	40129626	139	6	0	139	95	44	11	7	2	12	8	3	4	7	7	3	1	3	6	4	7	9	6	5	1	5	6	0	0	0	3	0	0	3	6	1	1	6
chr9	40129627	40129640	14	6	0	14	10	4	3	0	0	2	1	0	0	0	0	0	1	0	1	1	0	0	1	0	0	0	0	0	0	1	0	0	0	0	1	0	0	0
chr9	40129641	40129845	205	6	0	205	151	54	34	8	10	16	7	3	2	10	11	1	1	4	16	4	7	15	7	4	2	3	5	1	0	4	3	2	0	5	7	3	0	8
chr9	40129846	40129865	20	6	0	20	18	2	5	0	1	4	0	1	0	0	1	0	0	0	4	0	0	0	0	0	0	1	0	0	0	0	0	0	0	0	1	0	0	0
chr9	40129866	40130213	348	6	0	348	194	154	16	11	14	19	13	11	17	11	13	12	10	7	17	7	7	7	17	12	3	9	16	13	1	13	9	6	3	10	11	12	3	16
chr9	40130218	40130234	17	6	0	17	8	9	0	0	1	0	1	0	1	0	0	2	1	0	0	0	0	0	1	0	0	1	0	0	0	2	2	0	0	0	0	2	0	1
chr9	40130236	40131928	1693	6	0	1693	676	1017	29	22	45	11	30	72	134	62	39	49	81	37	9	17	30	8	51	59	4	45	112	134	17	132	72	107	9	68	64	95	2	45
chr9	40131931	40131962	32	6	0	32	12	20	0	0	2	0	1	0	1	1	1	1	4	1	0	0	0	0	1	0	0	0	1	1	0	4	0	2	0	2	1	3	2	1
chr9	40131964	40133195	1232	6	0	1232	593	639	53	30	34	31	33	53	79	50	32	28	62	26	30	14	11	27	45	40	3	37	67	75	3	80	51	47	4	37	52	62	2	32
chr9	40133200	40133481	282	6	0	282	136	146	3	5	11	9	10	13	15	6	12	9	14	5	3	6	7	6	11	14	0	8	14	13	0	26	5	10	0	5	14	16	2	8
chr9	40133482	40134068	587	7	0	587	284	303	33	5	24	17	14	22	35	25	28	14	31	10	4	6	10	4	19	7	5	16	30	31	2	32	31	21	1	25	18	36	2	27
chr9	40134070	40134109	40	7	0	40	23	17	4	1	3	1	1	1	3	1	2	1	1	0	1	1	0	0	2	0	0	2	1	1	0	2	0	1	0	3	3	2	0	0
chr9	40134111	40134122	12	7	0	12	12	0	6	0	0	0	0	0	0	0	0	0	0	0	1	0	0	3	0	0	0	0	0	0	0	0	0	0	0	0	0	0	0	0
chr9	40134124	40136013	1890	7	0	1890	1115	775	115	61	58	110	72	74	88	68	65	39	63	44	92	47	41	78	108	46	9	58	61	45	10	69	56	38	10	52	75	56	9	71
chr9	40136015	40136044	30	7	0	30	18	12	3	1	2	0	0	2	0	1	0	0	0	2	3	0	2	1	1	1	0	2	1	2	0	2	0	0	0	0	0	2	0	0
chr9	40136046	40136154	109	7	0	109	61	48	4	1	2	9	4	1	7	4	6	5	4	6	2	1	2	3	2	4	0	1	3	3	1	6	1	2	0	3	10	4	1	5
chr9	40136156	40136181	26	7	0	26	14	12	2	1	0	0	1	1	0	0	1	0	4	0	0	1	1	0	0	0	0	3	1	1	0	2	0	0	0	0	1	3	0	1
chr9	40136183	40136419	237	7	0	237	140	97	12	5	11	10	6	6	10	14	11	3	11	10	9	7	5	8	11	2	1	7	4	2	1	10	11	2	3	8	10	11	1	13
chr9	40136421	40136494	74	7	0	74	47	27	7	4	5	3	3	1	3	1	5	1	4	1	3	1	1	3	1	0	2	4	2	0	0	1	2	1	0	2	3	2	0	6
chr9	40136496	40136760	265	7	0	265	127	138	11	6	7	7	8	12	16	9	5	1	14	10	7	7	4	2	6	7	2	12	18	10	1	11	12	17	3	8	9	7	4	10
chr9	40136762	40136785	24	7	0	24	19	5	10	0	0	1	1	0	1	0	1	1	1	1	0	0	0	0	1	0	0	0	0	0	0	0	0	0	0	0	1	0	0	3
chr9	40136786	40136825	40	7	0	40	29	11	3	1	2	3	2	0	0	2	2	1	0	2	3	1	2	3	2	0	0	1	1	0	0	2	0	0	0	0	1	3	0	1
chr9	40136827	40137129	303	7	0	303	203	100	42	14	15	21	23	3	10	6	16	7	5	7	11	1	7	13	9	8	1	7	12	3	0	4	6	4	0	10	15	4	1	16
chr9	40137131	40137171	41	7	0	41	24	17	1	2	0	2	1	0	3	2	2	3	0	0	1	2	2	2	1	2	2	1	1	0	0	2	2	0	0	0	2	1	0	2
chr9	40137173	40137275	103	7	0	103	60	43	5	3	5	5	7	3	4	5	5	1	5	5	1	2	2	1	4	3	0	2	6	0	0	2	3	2	0	3	5	3	0	9
chr9	40137277	40137321	45	7	0	45	31	14	10	2	3	3	4	0	0	1	3	0	1	1	0	0	1	1	1	0	0	1	1	0	0	2	1	0	0	2	2	3	0	0
chr9	40137323	40137740	418	7	0	418	215	203	18	8	23	8	14	19	32	7	18	12	11	7	7	15	8	6	20	16	2	16	21	11	0	19	19	10	2	19	12	14	2	20
chr9	40137742	40137783	42	7	0	42	20	22	1	1	1	1	1	1	2	1	1	2	4	2	1	0	1	0	2	2	0	0	1	2	0	2	1	1	0	0	1	2	0	6
chr9	40137785	40138495	711	7	0	711	354	357	35	17	37	18	35	29	43	10	25	15	43	14	12	7	9	4	21	19	2	26	39	29	0	34	33	21	0	36	24	33	2	37
chr9	40138497	40138569	73	7	0	73	36	37	3	2	2	1	1	4	4	2	4	2	4	1	0	1	2	2	2	2	1	4	4	4	1	3	2	0	0	2	3	5	0	3
chr9	40138571	40138625	55	7	0	55	36	19	3	1	4	6	2	2	2	0	9	0	2	0	0	0	2	2	2	0	0	1	1	0	0	2	0	0	0	0	3	3	0	6
chr9	40138627	40139354	728	7	0	728	461	267	69	26	29	44	27	15	22	33	24	13	17	25	48	14	20	34	23	22	4	18	28	15	1	27	16	12	1	19	30	22	4	24
chr9	40139356	40139395	40	7	0	40	25	15	3	1	2	1	1	2	2	1	3	0	2	0	1	3	0	2	1	1	0	3	2	0	0	0	1	1	0	0	2	0	0	3
chr9	40139397	40139452	56	7	0	56	39	17	13	4	3	0	1	0	1	1	2	1	5	0	4	0	1	3	2	1	0	1	0	1	0	2	0	0	0	0	0	1	0	7
chr9	40139454	40139490	37	7	0	37	23	14	1	0	1	1	0	3	1	5	2	1	0	0	1	2	1	2	5	1	0	1	1	1	0	0	2	0	0	0	1	0	0	2
chr9	40139492	40139541	50	7	0	50	39	11	7	2	1	5	4	0	1	2	1	1	1	2	4	3	0	3	5	0	0	1	0	0	0	0	0	0	0	0	2	0	0	3
chr9	40139544	40140137	594	7	0	594	376	218	46	15	30	39	31	14	21	34	20	12	18	13	33	14	8	27	28	10	0	17	14	5	0	20	28	13	0	19	30	12	0	21
chr9	40140139	40140159	21	7	0	21	7	14	0	0	0	0	0	2	1	1	0	1	1	1	0	0	0	0	0	3	0	0	2	3	0	1	0	0	0	0	1	1	0	1
chr9	40140161	40140362	202	7	0	202	116	86	11	7	10	11	13	4	5	10	12	6	8	6	3	4	2	3	10	2	0	10	6	8	1	6	6	4	0	0	10	8	5	9
chr9	40140364	40140410	47	7	0	47	32	15	6	2	2	3	2	1	2	1	2	0	0	2	4	1	1	2	2	0	0	2	1	0	0	1	1	1	2	0	2	1	0	1
chr9	40140411	40140592	182	7	0	182	102	80	16	6	5	12	9	3	7	10	8	2	4	4	5	5	2	2	10	3	0	3	12	13	0	5	5	7	0	4	3	7	2	6
chr9	40140594	40140639	46	7	0	46	15	31	0	0	1	0	1	2	3	2	0	0	3	1	0	0	1	1	0	1	0	0	4	6	0	3	4	4	0	4	0	2	0	1
chr9	40140641	40140703	63	7	0	63	28	35	0	0	2	1	0	2	6	3	3	0	4	3	0	1	2	1	1	1	0	1	4	2	0	2	3	3	0	6	3	2	0	5
chr9	40140705	40140738	34	7	0	34	9	25	0	0	1	0	0	2	2	0	1	0	1	0	0	0	2	0	1	0	0	1	2	8	0	2	1	3	0	3	0	2	0	0
chr9	40140740	40141402	663	7	0	663	348	315	37	18	34	19	20	25	36	22	31	13	32	8	20	7	14	11	24	17	1	21	28	25	1	36	28	23	0	27	23	25	2	33
chr9	40141404	40141443	40	7	0	40	19	21	0	0	2	1	0	2	3	1	2	0	2	2	1	1	0	2	2	0	0	1	1	5	0	1	3	0	0	1	0	2	0	3
chr9	40141445	40141807	363	7	0	363	188	175	22	8	10	14	10	13	19	10	5	13	16	10	17	6	9	6	10	11	4	15	17	14	7	17	9	14	2	9	15	15	1	13
chr9	40141809	40141911	103	7	0	103	63	40	6	0	1	13	3	5	6	0	0	2	9	1	11	0	0	4	2	0	1	4	3	1	1	2	5	3	0	6	4	3	0	5
chr9	40141913	40142363	451	7	0	451	267	184	42	11	24	21	19	7	23	20	21	10	10	12	17	7	13	9	13	8	0	14	14	8	1	18	25	12	1	16	17	14	0	22
chr9	40142364	40142374	11	7	0	11	6	5	0	0	1	0	0	1	0	0	1	0	0	1	0	0	0	1	0	1	0	0	0	0	0	1	0	0	0	0	1	1	0	0
chr9	40142375	40142417	43	7	0	43	27	16	3	2	0	2	2	2	1	3	0	2	0	2	2	0	3	3	1	2	0	2	3	0	0	0	1	0	0	1	3	1	0	0
chr9	40142419	40143594	1176	7	0	1176	707	469	84	29	53	64	51	32	51	45	48	20	40	31	47	31	31	49	45	30	1	36	44	25	1	43	45	25	0	34	45	33	0	61
chr9	40143595	40143609	15	7	0	15	15	0	4	0	0	1	0	0	0	0	0	0	0	0	0	0	0	8	0	0	0	0	0	0	0	0	0	0	0	0	0	0	0	0
chr9	40143610	40144462	853	7	0	853	487	366	50	30	37	40	44	27	39	19	34	13	39	22	30	16	21	25	30	24	1	31	36	21	2	34	27	21	1	29	36	28	2	42
chr9	40144463	40144546	84	7	0	84	65	19	12	4	5	8	2	2	2	1	4	1	0	2	12	2	3	3	4	2	0	3	0	0	0	2	0	0	0	0	3	0	0	5
chr9	40144547	40144763	217	7	0	217	156	61	28	8	8	21	8	4	5	9	11	2	2	3	18	6	5	17	10	1	0	9	4	2	0	5	6	1	1	3	7	7	1	3
chr9	40144764	40144793	30	7	0	30	19	11	2	2	1	1	1	1	0	2	2	0	0	2	1	0	2	1	0	1	0	1	2	0	0	0	1	0	0	1	2	1	0	1
chr9	40144794	40144928	135	7	0	135	68	67	5	8	3	4	5	9	3	7	7	1	6	2	1	0	2	3	12	4	0	2	5	13	2	5	2	1	2	3	5	7	0	4
chr9	40144931	40145361	431	7	0	431	284	147	33	13	16	30	18	11	13	24	10	10	9	10	32	16	12	26	22	10	1	17	11	4	1	8	16	7	1	9	17	3	3	16
chr9	40145362	40145408	47	7	0	47	26	21	2	2	3	2	4	0	1	1	3	0	1	1	0	1	2	2	0	1	0	2	2	2	0	2	3	1	0	2	1	3	0	1
chr9	40145409	40145658	250	7	0	250	171	79	29	7	12	17	8	12	10	3	17	4	7	7	11	5	8	12	9	4	0	15	6	1	0	2	1	1	0	4	17	3	0	16
chr9	40145659	40145689	31	7	0	31	19	12	3	1	2	0	0	0	0	3	1	0	1	1	2	1	2	1	1	0	0	1	1	2	0	1	0	1	0	1	1	1	0	1
chr9	40145690	40147206	1517	7	0	1517	990	527	121	65	49	100	60	45	43	67	60	29	44	35	93	41	51	85	75	37	7	61	34	31	4	40	37	11	3	19	69	30	2	67
chr9	40147207	40147229	23	7	0	23	13	10	1	2	1	0	1	2	1	2	1	0	1	0	0	0	0	0	2	0	0	2	1	0	0	0	2	0	0	0	1	0	0	1
chr9	40147230	40147612	383	7	0	383	234	149	24	12	11	19	18	17	9	25	13	9	4	11	11	11	15	23	23	10	2	14	24	8	0	7	9	5	0	10	13	16	0	8
chr9	40147613	40147728	116	7	0	116	66	50	8	5	1	4	4	6	6	7	3	1	6	8	3	1	1	1	5	4	1	3	8	0	0	3	3	2	0	1	7	4	1	7
chr9	40147729	40148002	274	7	0	274	177	97	36	13	12	13	15	5	8	13	17	4	7	9	6	3	8	7	12	6	0	7	8	7	0	5	5	3	0	6	16	4	0	17
chr9	40148003	40148037	35	7	0	35	23	12	6	2	2	1	4	1	0	2	0	1	0	0	1	0	1	0	3	1	0	0	2	0	0	0	2	1	0	1	0	0	0	2
chr9	40148038	40148418	381	7	0	381	230	151	32	13	17	14	15	4	14	20	15	8	4	12	14	15	17	16	17	13	1	9	17	8	0	16	8	9	1	12	11	12	0	15
chr9	40148419	40148457	39	7	0	39	20	19	3	1	4	0	3	1	0	1	1	1	0	3	1	0	1	0	1	1	0	1	2	0	0	1	1	2	1	2	1	1	2	1
chr9	40148458	40148754	297	7	0	297	187	110	26	9	15	20	17	4	2	20	21	2	10	7	6	9	4	15	8	8	1	7	16	6	0	9	5	5	0	4	14	13	1	11
chr9	40148755	40148817	63	7	0	63	40	23	5	2	2	4	5	2	2	3	1	1	3	2	2	3	0	3	6	1	0	0	2	0	0	1	1	1	0	2	3	0	0	4
chr9	40148818	40148900	83	7	0	83	50	33	7	3	5	3	6	0	4	1	2	2	3	5	3	1	2	2	2	1	0	2	2	3	0	2	2	1	0	5	5	2	0	5
chr9	40148901	40148951	51	7	0	51	30	21	4	1	2	4	4	1	3	1	2	3	1	0	1	2	0	1	4	1	0	1	0	1	0	4	2	0	0	0	2	3	0	1
chr9	40148952	40149748	797	7	0	797	533	264	79	26	29	59	39	14	27	38	31	12	14	32	44	17	17	54	35	13	1	20	22	14	0	21	25	13	0	10	36	17	1	35
chr9	40149749	40149790	42	7	0	42	30	12	6	3	1	2	1	1	1	4	2	0	0	1	2	0	0	4	4	0	0	0	1	1	0	1	1	0	0	1	1	2	0	0
chr9	40149791	40150367	577	7	0	577	392	185	51	23	22	43	21	15	14	27	27	6	16	17	41	15	17	35	29	8	4	18	12	7	1	13	8	4	1	13	28	14	0	25
chr9	40150368	40150420	53	7	0	53	35	18	3	2	1	6	3	1	3	2	1	1	0	2	5	1	2	2	3	0	0	1	1	0	0	0	2	0	0	5	3	1	0	0
chr9	40150430	40151187	758	8	0	758	488	270	47	21	32	40	33	19	22	26	18	18	31	22	42	20	25	70	31	14	0	33	20	8	2	23	20	16	0	14	30	15	4	40
chr9	40151188	40151249	62	7	0	62	48	14	0	0	0	2	0	2	0	10	0	0	0	0	2	8	0	22	10	0	0	0	0	0	0	0	4	0	0	0	0	0	0	0
chr9	40151250	40151643	394	8	0	394	265	129	23	14	13	23	8	13	11	23	25	2	7	7	17	17	17	45	20	8	0	17	12	3	0	10	7	4	0	5	15	10	0	16
chr9	40151644	40151684	41	7	0	41	27	14	6	1	2	2	1	0	1	1	3	2	3	0	1	0	1	2	0	1	0	2	1	0	0	1	0	0	0	0	2	1	1	4
chr9	40151685	40154782	3098	8	0	3098	2090	1008	296	99	136	215	129	64	81	125	126	46	84	86	196	93	101	212	121	65	13	103	73	31	1	83	77	27	3	69	128	65	1	147
chr9	40154783	40154830	48	7	0	48	32	16	8	3	3	2	4	1	2	1	4	0	1	1	0	0	0	0	4	0	0	1	0	0	0	1	1	0	0	3	3	1	0	2
chr9	40154831	40155070	240	8	0	240	136	104	24	4	7	10	8	10	7	12	10	7	12	4	2	6	8	4	9	7	2	9	10	7	2	8	8	5	0	3	9	8	2	14
chr9	40155071	40155187	117	8	0	117	76	41	13	3	11	5	5	2	3	3	7	2	3	4	6	1	3	4	3	1	0	4	3	1	0	4	3	1	0	4	3	5	0	8
chr9	40155188	40155219	32	7	0	32	17	15	2	2	1	0	2	1	0	1	1	0	2	1	0	2	2	0	1	3	0	0	2	0	0	2	0	0	0	1	1	1	0	2
chr9	40155220	40155353	134	8	0	134	89	45	17	3	12	7	5	5	2	3	11	2	2	1	6	2	3	7	7	2	0	2	3	3	0	3	3	2	0	3	2	2	0	12
chr9	40155354	40155568	215	8	0	215	147	68	23	8	13	16	12	3	4	2	10	2	6	9	15	8	8	7	7	3	1	9	2	1	1	6	2	2	0	6	11	4	2	10
chr9	40155575	40155921	347	8	0	347	251	96	39	16	11	28	11	5	11	16	16	2	3	13	26	9	8	35	15	7	0	10	11	3	0	4	6	1	1	4	11	7	1	15
chr9	40155922	40155944	23	7	0	23	15	8	0	1	1	1	2	1	0	3	0	1	0	0	1	0	0	2	2	0	0	1	0	0	0	0	4	0	0	0	1	0	0	0
chr9	40155945	40156692	748	8	0	748	500	248	54	18	33	55	23	19	15	40	35	11	19	24	48	22	27	57	33	11	4	22	20	5	0	25	12	8	1	17	32	25	1	30
chr9	40156693	40156723	31	7	0	31	13	18	2	0	2	0	0	0	0	0	3	0	5	0	0	0	0	0	0	0	0	0	0	4	0	6	0	0	0	0	0	6	0	1
chr9	40156724	40157480	757	8	0	757	468	289	48	24	44	37	29	15	20	31	47	13	23	25	29	17	28	37	29	12	3	25	21	16	0	37	17	10	1	10	28	36	0	43
chr9	40157483	40157710	228	8	0	228	150	78	16	10	6	19	10	5	10	9	10	4	4	4	15	5	6	16	13	5	0	5	7	1	0	9	6	4	0	4	8	7	0	8
chr9	40157711	40157760	50	8	0	50	29	21	4	0	3	1	3	1	1	4	2	1	2	4	0	0	1	1	0	2	0	0	3	1	0	0	3	1	0	2	3	0	0	5
chr9	40157761	40157773	13	7	0	13	9	4	2	1	1	0	1	0	0	0	1	0	0	1	0	0	0	0	1	0	0	0	1	0	0	0	0	0	0	0	0	1	0	1
chr9	40157774	40158951	1178	8	0	1178	823	355	116	37	54	114	57	27	31	47	68	10	15	43	80	28	30	66	53	14	1	34	23	7	1	26	26	8	1	25	60	28	1	45
chr9	40158952	40158998	47	7	0	47	37	10	5	0	2	8	2	1	0	1	1	1	0	0	6	2	3	3	1	1	0	3	1	0	0	0	1	0	0	1	1	0	0	1
chr9	40158999	40159302	304	8	0	304	221	83	44	9	20	22	11	3	7	11	15	7	1	5	26	7	9	22	8	8	0	11	7	1	0	6	4	1	0	9	13	4	0	11
chr9	40159303	40159312	10	7	0	10	7	3	1	1	0	0	1	0	0	1	0	0	0	0	1	0	0	1	1	0	0	0	0	0	0	0	1	0	0	0	0	0	0	0
chr9	40159313	40160487	1175	8	0	1175	794	381	109	32	47	95	56	23	30	45	47	20	28	29	71	37	38	85	54	18	5	35	27	18	3	25	26	13	1	32	48	24	1	51
chr9	40160488	40160510	23	7	0	23	14	9	0	0	1	2	2	1	0	2	0	0	0	1	0	0	0	3	0	1	0	0	1	1	0	1	4	0	0	0	0	1	0	0
chr9	40160511	40160655	145	8	0	145	66	79	4	2	4	3	3	6	5	5	1	3	8	7	5	2	4	2	2	7	3	1	7	7	5	8	4	8	1	7	6	5	3	5
chr9	40160656	40160694	39	7	0	39	23	16	8	1	0	3	2	2	0	0	0	0	0	0	3	1	1	1	2	1	0	1	2	2	2	0	0	3	2	0	0	0	0	0
chr9	40160695	40160838	144	8	0	144	65	79	12	3	1	0	2	6	12	0	3	4	13	2	0	4	2	0	5	3	2	7	5	4	3	8	4	8	2	5	6	5	3	8
chr9	40160847	40160944	98	8	0	98	72	26	10	3	4	8	3	1	3	7	4	0	0	2	7	0	2	17	2	1	0	1	1	0	0	0	8	0	0	6	3	1	0	2
chr9	40160945	40160995	51	7	0	51	43	8	5	1	0	5	0	1	0	3	1	0	0	1	5	1	2	17	2	0	0	1	2	0	0	0	0	0	0	0	0	1	0	1
chr9	40160996	40161362	367	8	0	367	176	191	35	8	4	11	13	14	19	3	6	8	21	7	5	9	8	3	14	11	4	10	16	13	10	17	10	23	10	11	9	9	10	14
chr9	40161363	40161503	141	8	0	141	93	48	11	2	7	15	6	2	5	7	9	3	1	4	10	1	5	4	5	2	0	1	5	1	0	4	5	3	0	4	5	4	0	8
chr9	40161504	40161532	29	7	0	29	18	11	1	1	2	2	0	0	0	3	4	0	1	0	0	0	2	0	0	1	0	0	1	0	0	2	1	1	0	0	1	1	0	3
chr9	40161533	40161674	142	8	0	142	90	52	12	3	7	11	11	1	6	5	7	6	3	3	3	4	4	3	6	3	0	6	5	1	0	3	3	2	0	3	9	3	0	7
chr9	40161676	40161769	94	8	0	94	58	36	6	3	5	5	3	0	4	2	7	1	5	4	2	2	3	5	2	1	0	3	1	4	0	3	1	1	0	2	5	3	0	9
chr9	40161770	40162481	712	8	0	712	466	246	62	16	28	47	28	23	23	35	31	15	15	28	31	15	20	48	33	14	1	21	23	8	0	17	16	12	0	12	37	14	1	36
chr9	40162482	40164090	1609	8	0	1609	929	680	92	53	77	54	57	54	64	76	62	31	58	37	64	38	37	73	74	42	4	56	57	44	5	64	60	33	6	47	61	51	7	69
chr9	40164091	40164187	97	8	0	97	62	35	6	2	2	9	4	2	2	4	6	1	1	4	3	5	6	4	1	6	1	2	6	3	0	1	1	0	0	1	4	1	0	7
chr9	40164188	40164895	708	8	0	708	388	320	36	25	23	28	25	24	34	23	26	13	34	16	26	19	22	13	21	29	0	31	34	20	5	34	15	20	2	19	36	24	1	28
chr9	40164902	40165004	103	8	0	103	52	51	2	2	7	2	5	1	4	4	5	3	6	4	1	2	3	0	4	1	0	3	5	2	0	7	2	4	0	4	4	8	0	6
chr9	40165005	40165023	19	8	0	19	11	8	0	0	3	0	0	0	0	1	4	0	1	1	0	0	0	0	0	0	0	0	0	0	0	1	0	0	0	0	1	2	0	3
chr9	40165024	40165559	536	8	0	536	327	209	36	10	24	30	24	23	18	21	19	12	14	20	21	16	10	29	23	11	4	23	22	14	0	15	15	7	1	7	25	18	1	21
chr9	40165560	40165571	12	8	0	12	10	2	1	0	0	1	0	0	0	1	0	0	1	0	2	1	0	1	0	0	0	1	0	0	0	0	0	0	0	0	1	0	0	0
chr9	40165572	40165806	235	8	0	235	174	61	24	7	8	17	6	9	7	6	10	1	0	8	17	4	8	41	11	3	0	7	5	2	0	3	6	0	0	4	6	5	0	8
chr9	40165810	40166935	1126	8	0	1126	730	396	102	40	41	78	41	28	38	51	49	21	20	27	69	38	37	48	56	29	3	40	31	19	4	33	27	16	2	19	45	23	5	44
chr9	40166936	40166971	36	8	0	36	29	7	10	1	1	4	0	0	1	0	2	0	1	0	5	0	1	2	0	0	0	1	0	0	0	1	0	1	0	1	1	0	0	1
chr9	40166972	40167389	418	8	0	418	280	138	30	14	24	25	14	6	14	16	19	8	8	15	31	12	17	26	13	6	2	19	7	4	1	9	11	4	1	10	18	7	0	25
chr9	40167390	40188839	21450	8	0	21450	12586	8864	1448	630	930	1043	793	657	878	844	954	411	681	616	857	458	550	835	898	490	121	647	784	598	96	803	627	483	81	573	863	710	74	1015
chr9	40188840	40188880	41	8	0	41	25	16	3	3	0	2	2	0	3	3	0	1	1	1	3	1	0	2	4	1	0	0	3	0	0	1	0	2	0	0	1	0	0	2
chr9	40188881	40189684	804	8	0	804	443	361	56	23	36	33	36	20	41	24	37	14	31	21	19	11	19	21	27	14	2	25	36	29	4	32	25	30	2	31	32	28	4	39
chr9	40189685	40189723	39	8	0	39	28	11	3	2	1	3	3	1	0	3	1	0	0	3	2	1	0	5	4	0	0	0	0	0	0	1	0	0	0	0	2	1	1	0
chr9	40189724	40190274	551	8	0	551	334	217	28	16	21	35	24	15	19	35	25	11	20	25	23	14	10	13	29	13	3	11	17	11	1	20	14	8	0	8	32	17	0	31
chr9	40190275	40190321	47	8	0	47	29	18	6	2	1	4	1	1	2	1	5	0	0	2	1	0	2	1	1	0	0	2	3	1	1	1	0	0	0	0	1	4	0	2
chr9	40190322	40190468	147	8	0	147	93	54	8	3	5	13	5	2	3	8	8	0	3	0	7	10	8	9	7	4	1	3	5	1	2	4	4	6	0	6	2	1	1	6
chr9	40190469	40190498	30	8	0	30	21	9	2	0	2	3	2	0	1	0	0	1	0	1	3	2	1	2	1	1	0	1	0	0	0	1	2	0	0	0	0	0	0	2
chr9	40190499	40190677	179	8	0	179	117	62	30	8	9	6	9	2	7	7	9	2	5	2	4	6	7	3	10	3	0	5	1	1	0	7	7	1	0	8	6	4	0	8
chr9	40190678	40190712	35	8	0	35	30	5	9	2	3	3	0	0	0	0	2	0	0	0	5	1	1	3	0	0	0	2	0	0	0	0	0	0	0	0	0	0	0	2
chr9	40190713	40191564	852	8	0	852	471	381	38	23	36	30	27	24	49	37	22	27	23	22	39	22	24	27	36	27	5	28	36	24	1	36	35	25	6	28	30	21	2	40
chr9	40191565	40191603	39	8	0	39	16	23	0	1	2	0	0	2	5	0	3	2	0	0	0	0	0	0	3	0	1	1	0	3	1	2	0	3	0	3	3	0	0	2
chr9	40191604	40192481	878	8	0	878	505	373	76	23	35	37	24	27	45	34	39	24	25	27	31	17	22	18	27	22	5	37	36	25	3	38	18	20	2	24	49	36	2	28
chr9	40192482	40192619	138	9	0	138	103	35	33	2	6	13	4	1	4	2	7	2	3	2	10	2	2	9	4	0	0	3	3	1	0	3	0	1	1	4	3	5	1	5
chr9	40192620	40192692	73	9	0	73	42	31	3	1	2	5	2	3	7	1	5	1	3	5	0	1	1	0	2	0	1	3	1	1	0	1	3	1	1	3	7	1	0	6
chr9	40192693	40192955	263	9	0	263	139	124	21	6	13	8	12	8	13	4	12	6	16	3	4	2	7	3	5	9	1	7	10	7	2	15	8	10	0	12	13	8	1	15
chr9	40192956	40193015	60	9	0	60	35	25	14	0	0	2	1	1	3	3	1	2	4	1	1	1	0	0	2	1	0	1	4	1	0	1	0	2	2	2	2	2	1	3
chr9	40193016	40193747	732	9	0	732	404	328	31	25	25	30	26	29	29	29	32	9	34	26	22	19	16	21	33	20	4	25	25	20	7	31	21	17	4	20	34	26	11	29
chr9	40193748	40193786	39	9	0	39	13	26	1	1	0	0	0	1	5	0	1	4	0	0	0	0	0	0	3	2	0	1	2	7	1	2	1	1	0	0	0	2	0	2
chr9	40193787	40194282	496	9	0	496	310	186	41	19	14	36	14	15	17	24	24	4	14	12	32	12	10	20	17	12	1	20	23	12	1	16	7	12	2	9	23	16	4	11
chr9	40194283	40194414	132	9	0	132	77	55	8	3	6	5	5	2	7	4	3	5	4	3	6	4	3	8	4	5	0	5	7	2	0	6	3	3	0	4	4	6	0	5
chr9	40194415	40194577	163	9	0	163	103	60	12	4	10	7	4	2	4	6	11	4	8	3	6	5	9	6	4	2	0	9	2	2	1	4	4	2	0	4	7	3	1	15
chr9	40194578	40194664	87	9	0	87	47	40	3	3	6	2	2	2	5	3	7	1	4	3	2	0	2	0	2	2	0	2	4	3	0	3	2	1	0	5	4	4	0	8
chr9	40194665	40296481	101817	9	0	101817	62641	39176	8702	3182	4144	5570	3967	2864	3863	3841	4103	1783	3134	2745	4826	2574	2712	4630	4181	2302	441	3479	3387	2083	448	3239	2799	2039	376	2636	4168	2734	363	4500
chr9	40296482	40305985	9504	8	0	9504	5074	4430	577	245	423	327	365	330	462	361	394	189	352	226	236	182	195	209	350	284	45	267	465	399	38	436	324	310	29	321	379	346	28	408
chr9	40305986	40306073	88	9	0	88	41	47	4	3	2	1	1	3	10	1	5	0	3	1	0	1	3	2	1	2	0	4	4	4	0	6	10	3	0	3	0	4	0	5
chr9	40306074	40331481	25408	8	0	25408	12971	12437	1251	577	1019	756	856	954	1439	950	954	636	983	581	542	453	510	509	949	800	97	774	1314	1207	114	1279	922	883	85	858	1015	1025	74	1040
chr9	40331482	40365644	34163	7	0	34163	20761	13402	2689	1053	1338	1817	1241	1040	1303	1414	1408	620	1123	893	1559	886	840	1536	1598	713	161	1127	1134	769	182	1057	889	685	175	867	1376	975	140	1553
chr9	40365645	40365693	49	6	0	49	40	9	0	0	0	0	0	8	0	0	0	0	0	0	0	1	0	30	8	0	0	0	0	0	0	0	0	0	0	0	0	0	0	0
chr9	40365694	40431481	65788	7	0	65788	42855	22933	6560	2022	2713	4344	2562	1637	2015	2577	2894	1044	1685	1825	3623	1761	1892	3700	2703	1287	270	2205	1845	1112	216	1800	1569	952	163	1362	2673	1622	215	2938
chr9	40431482	40458481	27000	8	0	27000	17834	9166	2712	853	1168	1803	1086	655	786	1085	1208	468	644	740	1530	720	833	1541	1220	494	81	901	729	353	54	711	617	329	56	560	1046	671	85	1259
chr9	40458482	40468937	10456	9	0	10456	6221	4235	802	327	402	547	430	303	428	417	449	188	312	288	397	217	232	482	437	233	50	315	395	285	68	318	321	233	69	273	425	315	29	467
chr9	40711179	40714597	3419	10	0	3419	2371	1048	379	109	176	245	122	80	79	160	162	44	89	58	246	136	77	209	170	50	10	139	72	15	3	74	69	37	2	54	130	62	5	154
chr9	40714599	40715855	1257	10	0	1257	748	509	94	36	46	66	50	49	59	50	43	25	43	28	56	29	29	44	66	31	1	41	48	23	2	40	43	31	3	41	51	28	4	55
chr9	40715856	40718841	2986	10	0	2986	2058	928	362	100	106	226	126	78	91	116	114	52	62	82	191	76	73	202	145	58	10	93	72	30	3	57	65	33	3	49	129	41	6	133
chr9	40718844	40718872	29	10	0	29	13	16	0	1	0	0	1	1	1	1	0	1	4	1	0	0	2	0	1	0	0	2	1	0	0	2	1	2	0	0	1	1	0	3
chr9	40718873	40723826	4954	10	0	4954	3347	1607	562	168	191	357	205	125	129	234	213	74	93	127	297	131	166	274	235	90	11	162	137	59	5	105	129	60	2	104	192	97	10	208
chr9	40723827	40734394	10568	10	0	10568	6521	4047	983	317	414	641	479	286	408	424	432	192	266	278	460	250	255	435	460	258	33	294	391	232	27	335	310	217	28	293	436	278	34	420
chr9	40734395	40735881	1487	10	0	1487	971	516	150	44	69	100	80	25	48	58	65	29	37	57	69	33	25	81	59	34	5	32	52	23	0	40	31	17	2	32	69	41	3	75
chr9	40735883	40735922	40	10	0	40	30	10	5	0	1	6	3	0	1	0	1	1	0	2	4	1	2	1	1	1	0	0	0	0	0	2	0	0	0	2	3	1	0	0
chr9	40735924	40742721	6798	10	0	6798	4382	2416	651	200	248	453	232	192	233	236	289	98	210	173	381	200	201	384	289	129	35	237	191	118	29	185	155	109	24	144	258	167	20	325
chr9	40742722	40750471	7750	10	0	7750	4820	2930	644	258	379	404	334	175	264	273	331	143	210	215	376	217	257	338	302	168	19	304	276	181	11	246	182	136	13	193	286	229	17	367
chr9	40750472	40813471	63000	9	0	63000	38869	24131	5515	1829	2465	3614	2361	1756	2276	2408	2446	1045	1995	1709	3100	1560	1702	3086	2517	1370	255	2048	2095	1295	308	2058	1739	1358	304	1589	2450	1733	269	2743
chr9	40813472	40885471	72000	8	0	72000	44593	27407	7142	2889	3694	2882	3586	2643	2335	2473	4595	991	2660	2066	1285	1088	1730	2533	3504	876	494	2737	1748	662	330	1603	2225	846	417	1652	3560	1958	367	4427
chr9	40885472	40910315	24844	7	0	24844	15136	9708	2237	919	1115	1107	1141	1003	987	885	1581	458	898	762	419	324	631	668	1435	301	147	821	628	287	57	641	781	242	140	529	1172	783	102	1641
chr9	40915718	40929925	14208	10	0	14208	8059	6149	749	613	335	650	539	537	780	597	785	364	470	355	274	238	358	414	941	302	105	404	498	375	56	518	417	145	43	371	598	625	100	650
chr9	40929926	40930250	325	10	0	325	182	143	8	19	3	17	8	14	25	17	28	8	8	4	3	4	9	6	29	6	2	9	11	6	1	9	11	1	1	9	13	14	2	18
chr9	40930251	40930266	16	10	0	16	9	7	0	0	0	1	0	1	0	1	1	0	1	1	0	0	1	1	1	0	0	0	0	0	0	2	0	0	0	0	1	2	0	0
chr9	40930267	40930723	457	10	0	457	256	201	20	20	3	27	15	17	30	20	32	10	13	10	4	5	14	15	32	9	3	8	15	18	1	17	16	2	1	13	18	22	3	22
chr9	40930724	40930771	48	10	0	48	24	24	1	2	0	2	1	2	5	0	3	2	1	2	0	0	1	1	3	1	0	1	2	1	1	2	1	1	1	1	2	3	0	3
chr9	40930772	40932628	1857	10	0	1857	1073	784	115	86	53	86	84	67	88	66	96	48	65	45	45	26	52	51	122	42	13	49	60	45	6	72	48	20	8	43	75	76	9	94
chr9	40932629	40932669	41	10	0	41	18	23	2	1	0	0	0	1	1	1	0	2	3	5	1	0	1	0	0	2	1	0	1	1	2	2	0	1	0	1	2	3	3	2
chr9	40932670	40932738	69	10	0	69	33	36	8	1	0	3	1	2	1	0	1	2	1	0	2	4	5	1	2	2	2	3	2	5	4	1	0	5	4	1	1	1	0	2
chr9	40932739	40932769	31	10	0	31	12	19	0	0	1	1	1	0	2	1	1	0	3	0	0	1	1	0	0	0	0	1	2	1	0	4	1	3	0	1	1	2	0	1
chr9	40932770	40932878	109	10	0	109	53	56	24	1	1	0	2	4	5	0	1	3	9	2	0	0	0	0	1	1	1	4	3	4	6	2	4	5	4	5	3	5	3	4
chr9	40932879	40932888	10	10	0	10	8	2	4	2	0	0	1	0	0	0	0	0	0	0	0	0	0	0	1	0	0	0	0	0	0	0	0	0	0	0	0	0	0	0
chr9	40932889	40934270	1382	10	0	1382	836	546	120	54	46	58	56	54	47	81	51	29	34	42	51	26	30	55	77	38	7	41	59	35	1	42	44	21	1	24	58	43	5	50
chr9	40934271	40934423	153	10	0	153	71	82	6	3	3	2	6	7	12	2	3	4	9	2	1	4	5	0	4	7	0	7	10	5	0	9	8	7	1	6	5	5	1	7
chr9	40934424	40934445	22	9	0	22	16	6	3	0	2	1	0	0	1	0	0	1	1	0	3	1	0	1	0	1	0	2	1	0	0	0	0	0	0	0	0	0	0	2
chr9	40934446	40935371	926	10	0	926	572	354	54	28	34	55	35	28	30	36	41	15	31	30	41	27	36	49	35	24	6	33	27	17	2	35	20	16	1	21	48	24	3	42
chr9	40935379	40936477	1099	10	0	1099	635	464	69	30	57	52	46	29	45	34	52	28	34	34	41	14	29	40	40	23	7	31	36	33	7	47	26	27	4	33	52	41	2	54
chr9	40936478	40936497	20	9	0	20	13	7	3	1	1	0	0	0	1	0	1	0	1	2	2	0	0	0	0	0	0	1	1	0	0	0	0	0	0	0	0	1	1	2
chr9	40936498	40937729	1232	10	0	1232	757	475	114	46	37	61	54	44	33	77	47	25	29	36	43	26	33	50	67	32	4	38	55	33	2	29	39	16	6	17	47	38	4	48
chr9	40937730	40938988	1259	10	0	1259	799	460	123	52	42	75	56	43	46	48	53	18	34	27	59	37	34	50	70	29	8	43	27	19	3	39	39	18	7	26	57	22	4	49
chr9	40938989	40939053	65	9	0	65	39	26	4	1	6	4	2	2	0	4	5	1	1	0	4	0	2	2	3	0	0	1	2	0	0	4	2	2	1	3	1	4	1	1
chr9	40939054	40939853	800	10	0	800	421	379	31	17	40	26	21	17	41	25	38	26	35	22	24	10	27	21	20	12	8	29	14	23	10	50	34	32	5	19	36	30	11	44
chr9	40939854	40939884	31	9	0	31	15	16	0	1	0	0	0	1	3	3	1	1	1	2	0	1	0	1	2	2	0	0	1	2	0	1	0	0	0	2	3	0	0	1
chr9	40939885	40941297	1413	10	0	1413	868	545	97	56	68	72	67	31	62	47	62	21	45	46	67	34	31	61	63	27	5	47	45	19	6	43	42	25	3	45	57	42	4	71
chr9	40941298	40941522	225	9	0	225	143	82	18	5	12	10	5	14	6	8	11	7	2	8	11	5	6	14	18	7	0	6	7	5	1	6	1	0	0	3	8	7	1	11
chr9	40941530	40942019	490	9	0	490	330	160	51	23	17	29	19	12	17	17	23	3	21	11	27	13	13	33	22	9	0	20	13	4	0	9	10	4	0	10	20	9	0	29
chr9	40942020	40942039	20	9	0	20	14	6	5	2	2	0	1	0	0	0	2	0	0	0	1	0	0	0	0	1	0	1	1	0	0	0	0	0	0	0	0	1	0	1
chr9	40942040	40942195	156	9	0	156	110	46	17	4	4	15	9	4	3	5	3	1	5	2	12	3	5	16	5	3	0	4	4	0	0	3	7	2	0	7	5	2	0	4
chr9	40942196	40942981	786	9	0	786	495	291	73	33	46	41	46	24	25	28	39	14	18	13	36	13	19	26	47	14	1	22	21	10	3	20	28	12	0	28	27	17	2	38
chr9	40942982	40945676	2695	9	0	2695	1608	1087	197	79	119	140	97	74	105	106	128	34	104	69	111	54	68	121	85	65	11	80	95	78	6	100	85	63	8	76	117	73	5	140
chr9	40945677	40945699	23	9	0	23	14	9	1	1	1	2	2	2	0	0	2	0	0	0	0	1	1	0	1	1	0	1	1	0	0	1	0	0	0	0	2	1	0	0
chr9	40945700	40946646	947	9	0	947	467	480	39	14	40	38	40	32	52	43	33	30	30	19	19	14	13	10	37	22	7	24	53	54	5	44	37	45	6	34	41	35	2	33
chr9	40946647	40947851	1205	9	0	1205	688	517	79	40	57	48	51	28	47	57	58	22	52	34	37	20	26	31	32	30	5	43	48	35	3	51	41	27	3	33	62	45	3	55
chr9	40947852	40949452	1601	9	0	1601	1043	558	172	43	65	116	77	45	56	75	70	29	27	48	78	34	29	77	65	25	8	53	59	20	1	33	54	31	1	34	76	37	4	57
chr9	40949453	40949487	35	9	0	35	27	8	16	1	0	2	4	1	0	0	0	1	1	0	0	0	0	0	1	0	0	1	1	0	0	0	2	0	0	0	1	1	0	0
chr9	40949488	40952254	2767	9	0	2767	1512	1255	170	70	86	120	88	101	138	110	92	70	85	81	96	53	64	87	124	73	25	72	110	104	22	114	99	70	24	89	104	102	23	99
chr9	40952264	40952355	92	9	0	92	42	50	10	2	0	2	0	5	7	1	1	2	3	0	4	0	1	3	4	1	1	2	3	9	3	4	5	6	1	4	1	3	1	1
chr9	40952358	40952992	635	9	0	635	361	274	57	17	12	28	24	32	30	20	17	7	25	25	16	17	12	21	39	17	3	14	23	21	4	22	18	18	4	16	27	15	5	27
chr9	40952993	40955969	2977	9	0	2977	1823	1154	226	101	123	159	133	100	104	129	126	47	78	86	125	71	90	124	152	66	7	93	102	59	8	97	99	48	3	82	113	93	8	123
chr9	40955970	40956154	185	9	0	185	103	82	23	0	31	1	1	0	0	1	32	0	13	0	0	0	0	0	0	0	0	0	0	7	0	24	1	0	2	3	1	24	2	17
chr9	40956155	40956165	11	9	0	11	8	3	2	0	3	0	0	0	0	0	2	0	0	0	0	0	0	0	0	0	0	0	0	0	0	0	0	0	0	0	0	0	0	2
chr9	40956166	40960458	4293	9	0	4293	2523	1770	316	114	213	206	164	121	190	152	219	88	150	119	149	82	111	127	172	99	16	118	161	90	12	166	113	93	10	144	181	147	12	236
chr9	40960459	40960477	19	9	0	19	13	6	1	1	0	2	1	0	1	1	1	0	0	0	1	2	1	0	2	1	0	0	1	0	0	0	0	0	0	0	0	0	0	1
chr9	40960478	40961506	1029	9	0	1029	650	379	63	35	47	73	52	21	33	37	46	16	30	27	57	20	41	50	42	21	1	28	28	18	1	33	33	14	0	41	40	27	2	50
chr9	40961507	40961528	22	9	0	22	14	8	2	1	0	3	2	0	0	2	2	0	1	0	0	0	0	0	0	0	1	0	1	0	0	0	1	0	0	1	2	1	0	0
chr9	40961529	40962591	1063	9	0	1063	682	381	101	34	38	71	41	19	48	49	42	20	18	33	60	22	33	51	35	12	7	41	34	16	1	22	41	20	2	35	47	25	4	39
chr9	40962592	40963850	1259	9	0	1259	713	546	87	27	56	51	47	42	57	35	48	33	52	38	39	28	29	42	52	34	10	34	43	27	11	52	31	29	6	46	55	43	11	62
chr9	40963851	40963870	20	9	0	20	14	6	5	1	2	0	0	1	0	0	1	0	0	0	1	1	0	0	1	1	0	1	1	0	0	1	0	0	0	0	0	1	0	0
chr9	40963871	40964552	682	9	0	682	472	210	78	23	30	48	27	12	13	35	24	13	16	21	50	18	16	46	29	16	2	19	18	12	0	16	8	2	0	14	32	16	0	26
chr9	40964553	40965157	605	9	0	605	380	225	42	22	21	37	27	22	21	32	26	17	13	16	27	15	11	29	45	10	3	18	17	12	3	16	14	6	2	6	27	20	0	26
chr9	40965158	40965214	57	9	0	57	25	32	0	1	2	0	2	1	4	1	1	0	5	2	0	1	2	1	1	1	0	2	1	1	0	6	2	3	1	6	4	3	1	0
chr9	40965215	40965616	402	9	0	402	243	159	36	14	10	22	15	14	19	15	15	8	13	8	16	12	8	17	22	15	1	10	19	8	1	14	8	7	1	8	14	11	1	18
chr9	40965618	40966669	1052	9	0	1052	718	334	123	38	45	78	53	26	20	42	44	15	19	34	64	27	34	55	53	18	4	31	27	10	1	25	21	9	2	20	40	25	5	42
chr9	40966672	40970279	3608	9	0	3608	2393	1215	347	135	165	223	154	75	108	149	176	55	78	116	193	94	109	214	177	50	8	124	96	60	3	84	72	43	6	67	141	90	9	185
chr9	40970281	40971860	1580	9	0	1580	975	605	139	57	74	76	63	50	51	60	83	21	40	53	62	28	45	71	60	32	4	61	56	33	6	50	37	27	4	38	71	53	12	61
chr9	40971866	40974632	2767	9	0	2767	1659	1108	189	79	107	146	115	80	102	111	95	54	83	105	122	55	85	130	117	61	13	77	111	73	11	92	79	65	2	70	102	88	8	138
chr9	40974635	40977731	3097	9	0	3097	1750	1347	207	80	134	144	124	85	117	103	119	58	107	95	114	58	84	120	89	79	23	89	125	104	21	133	96	100	27	81	119	100	21	139
chr9	40977733	40983215	5483	9	0	5483	3711	1772	616	182	224	378	250	111	142	240	227	99	119	159	306	144	165	347	259	90	8	179	138	83	4	127	126	57	5	92	221	122	9	252
chr9	40983217	40987270	4054	9	0	4054	2652	1402	335	127	164	305	164	95	117	171	177	64	99	121	256	113	115	227	157	80	17	145	127	69	13	99	85	60	9	80	178	99	13	171
chr9	40987271	40987366	96	8	0	96	62	34	5	2	4	7	1	3	1	3	4	0	2	2	9	2	7	8	1	4	0	2	3	3	0	6	2	2	0	2	2	3	0	4
chr9	40987367	40990295	2929	8	0	2929	1824	1105	248	87	113	181	114	81	100	133	117	46	84	84	150	90	72	122	118	72	14	100	108	67	6	91	71	52	6	69	131	81	10	109
chr9	40990296	40994569	4274	8	0	4274	2354	1920	260	107	160	197	126	130	168	168	178	83	168	113	160	95	86	154	152	107	42	114	154	129	67	168	115	123	81	125	170	159	38	175
chr9	40994579	40994668	90	8	0	90	68	22	12	1	8	5	3	2	1	1	5	0	3	4	7	3	2	10	3	0	0	3	0	0	0	1	1	0	0	1	3	1	0	8
chr9	40994669	40995625	957	8	0	957	652	305	104	39	42	67	37	19	32	38	50	12	15	28	61	26	30	51	42	16	2	36	26	7	3	16	17	11	0	23	41	18	1	45
chr9	40995626	40995878	253	8	0	253	138	115	33	6	8	6	5	11	14	5	6	7	7	3	10	3	10	2	6	9	3	9	15	7	0	11	7	9	4	12	7	8	1	7
chr9	40995880	40996484	605	8	0	605	417	188	74	16	27	47	28	10	16	23	23	11	14	24	40	17	15	30	24	9	0	22	19	6	1	9	11	9	0	6	23	11	3	35
chr9	40996485	40997087	603	8	0	603	400	203	54	28	29	33	30	11	20	24	31	17	8	17	29	17	18	34	30	10	3	29	16	4	1	11	14	4	0	6	25	13	6	29
chr9	40997088	40997875	788	8	0	788	526	262	105	22	34	54	37	17	26	23	34	14	12	34	39	17	19	37	37	15	2	16	28	13	1	22	8	13	0	13	30	23	1	40
chr9	40997876	40998267	392	8	0	392	284	108	58	17	19	27	13	8	5	18	27	3	8	8	23	11	15	23	17	2	3	17	6	2	0	5	4	0	0	4	17	8	1	21
chr9	40998269	40998769	501	8	0	501	264	237	44	13	12	16	14	22	29	9	11	8	25	16	17	11	9	7	16	12	7	18	22	9	9	19	16	20	8	20	20	18	4	18
chr9	40998770	40998787	18	8	0	18	13	5	1	1	0	3	1	0	0	1	0	0	0	1	3	0	1	0	1	0	0	0	0	0	0	1	1	0	0	0	0	1	0	0
chr9	40998788	40999234	447	8	0	447	247	200	25	12	20	14	14	12	24	16	15	10	23	4	17	9	13	17	17	9	0	17	15	13	0	26	18	21	0	11	16	11	0	26
chr9	40999235	40999273	39	8	0	39	21	18	1	3	2	0	2	2	2	0	1	1	3	0	2	0	1	0	1	0	2	3	1	0	0	0	3	0	0	3	1	1	0	2
chr9	40999274	40999468	195	8	0	195	109	86	15	8	2	8	7	11	15	3	11	5	11	4	0	1	2	5	16	3	0	6	6	2	0	9	5	5	0	2	9	7	2	13
chr9	40999469	40999494	26	8	0	26	11	15	0	2	1	0	2	1	0	2	0	1	1	0	0	0	0	0	0	2	1	1	3	2	0	1	1	1	0	0	1	1	0	0
chr9	40999495	40999766	272	8	0	272	168	104	28	5	22	13	11	9	7	12	19	6	5	6	10	4	3	7	14	5	2	3	8	3	1	12	8	3	1	6	8	13	0	16
chr9	40999767	40999806	40	8	0	40	23	17	1	3	2	1	1	1	4	0	4	0	2	1	0	0	2	0	0	0	0	3	0	0	0	0	2	0	0	4	4	0	0	3
chr9	40999807	41000129	323	8	0	323	184	139	20	8	17	11	9	14	14	11	12	6	5	11	14	8	13	9	14	12	1	10	10	13	1	14	10	8	0	12	14	5	2	13
chr9	41000130	41000183	54	8	0	54	30	24	7	2	2	0	3	3	4	0	0	2	3	0	1	1	2	0	4	0	0	3	0	0	0	2	3	2	0	3	3	0	0	2
chr9	41000184	41001163	980	8	0	980	623	357	72	30	46	65	36	29	38	37	41	15	29	20	64	28	23	49	45	16	7	34	23	12	2	27	33	17	2	34	39	19	5	41
chr9	41001166	41001645	480	8	0	480	322	158	62	16	13	39	26	17	11	16	23	5	7	10	20	12	13	31	21	11	5	13	19	6	1	7	15	6	1	8	15	10	3	16
chr9	41001646	41001695	50	8	0	50	35	15	2	1	2	4	1	0	1	3	2	1	2	1	4	2	2	6	3	0	0	2	2	0	0	1	0	0	0	0	0	3	0	3
chr9	41001696	41002402	707	8	0	707	490	217	95	23	27	54	22	23	15	38	28	10	4	15	55	19	17	43	36	12	6	21	22	13	0	10	20	8	2	10	20	12	2	23
chr9	41002405	41002683	279	8	0	279	156	123	15	8	3	12	9	12	5	25	11	5	9	11	3	6	9	12	16	7	0	8	12	16	2	9	8	2	3	3	14	14	1	7
chr9	41002684	41002736	53	8	0	53	33	20	2	3	2	4	6	0	1	2	2	3	0	1	0	1	2	3	3	2	0	2	4	1	0	0	1	0	0	1	1	2	0	2
chr9	41002737	41002811	75	8	0	75	48	27	4	1	2	4	2	4	1	6	1	2	0	1	4	2	2	11	4	1	2	1	1	1	1	1	6	1	1	2	2	1	0	1
chr9	41002812	41002840	29	8	0	29	13	16	2	0	1	1	1	0	2	2	0	1	0	1	1	1	0	0	0	1	0	1	4	3	0	1	0	1	0	1	1	1	0	0
chr9	41002841	41003120	280	8	0	280	168	112	25	12	7	13	11	15	11	16	15	5	7	9	6	3	8	4	15	7	1	12	15	3	1	5	8	5	0	3	14	9	0	13
chr9	41003121	41003144	24	8	0	24	12	12	4	0	2	0	2	1	0	1	0	1	0	1	0	0	0	0	1	0	0	1	2	3	0	1	0	0	0	0	1	1	0	0
chr9	41003145	41003194	50	8	0	50	38	12	8	3	1	5	5	1	1	1	3	0	0	2	1	2	1	2	6	0	0	0	1	0	0	0	0	0	0	0	1	1	0	3
chr9	41003195	41003220	26	8	0	26	14	12	1	1	1	0	2	0	1	1	0	1	1	1	0	1	1	0	2	1	0	1	0	1	0	2	0	1	0	1	2	0	0	1
chr9	41003221	41003278	58	8	0	58	36	22	9	3	1	3	3	1	2	2	4	0	2	1	0	2	2	0	2	2	0	2	2	1	0	2	2	1	0	1	2	1	0	3
chr9	41003279	41003329	51	8	0	51	33	18	6	1	3	5	4	0	2	1	1	1	1	2	4	0	2	0	1	0	0	1	2	1	0	0	2	1	0	3	1	1	0	3
chr9	41003330	41003560	231	8	0	231	143	88	23	8	12	11	7	4	5	13	10	5	0	6	13	4	13	8	7	8	0	5	11	5	0	12	6	6	0	6	5	9	0	7
chr9	41003569	41003672	104	8	0	104	64	40	8	6	2	3	7	0	6	3	3	2	3	7	1	3	3	7	7	3	0	1	2	1	1	2	2	2	1	1	5	1	0	9
chr9	41003673	41003724	52	8	0	52	31	21	3	3	2	0	3	0	3	2	1	1	0	0	1	6	3	2	4	2	0	4	2	0	0	2	1	1	0	2	2	0	0	0
chr9	41003725	41004132	408	8	0	408	249	159	30	15	23	23	27	10	9	21	24	2	11	13	9	11	8	11	18	8	1	11	19	6	0	14	11	9	0	12	19	16	1	14
chr9	41004133	41004205	73	8	0	73	45	28	5	1	5	3	5	1	3	3	1	1	3	6	3	3	0	2	3	0	0	2	1	1	0	2	2	0	0	4	5	3	0	3
chr9	41004206	41007094	2889	8	0	2889	1770	1119	237	93	127	167	147	66	109	105	144	58	89	101	96	53	69	108	112	70	10	78	110	55	7	89	79	43	8	66	126	93	11	161
chr9	41007095	41007121	27	8	0	27	12	15	0	0	2	1	0	0	2	1	3	0	2	0	0	0	0	0	0	0	0	0	0	0	0	3	2	2	0	2	1	2	0	2
chr9	41007122	41007971	850	8	0	850	518	332	70	35	30	40	31	20	36	26	28	17	37	22	46	22	24	34	37	22	7	27	26	11	4	30	17	10	6	29	33	28	3	40
chr9	41007972	41008068	97	8	0	97	54	43	11	2	1	6	4	4	5	1	3	3	4	1	2	2	2	2	4	5	1	2	4	2	1	5	1	4	1	1	5	1	1	4
chr9	41008069	41008187	119	8	0	119	52	67	1	4	4	2	5	5	9	3	4	1	7	3	1	2	1	0	3	5	0	4	6	5	1	6	7	5	1	7	6	3	2	4
chr9	41008188	41008217	30	8	0	30	19	11	6	1	0	1	1	0	1	1	0	1	4	1	0	0	0	0	1	0	0	1	1	0	0	0	0	0	1	1	1	1	1	3
chr9	41008218	41009528	1311	8	0	1311	842	469	133	45	55	73	51	32	38	64	58	22	33	33	63	33	38	70	48	24	8	51	41	15	6	35	41	21	2	30	55	37	6	48
chr9	41009529	41010277	749	8	0	749	540	209	96	20	29	63	28	11	23	21	24	12	13	25	59	24	23	67	28	9	2	28	16	4	1	11	12	7	0	17	27	12	3	32
chr9	41010278	41011175	898	8	0	898	661	237	126	30	38	77	32	9	21	38	41	8	13	27	73	33	24	70	32	12	0	36	12	7	1	16	18	4	1	8	38	13	2	36
chr9	41011176	41014595	3420	8	0	3420	2221	1199	312	105	154	208	128	95	113	135	156	55	77	108	184	95	98	197	146	59	9	136	101	66	7	82	75	44	4	73	148	87	10	151
chr9	41014596	41014643	48	8	0	48	24	24	1	0	3	2	2	2	3	0	1	0	0	1	3	3	1	1	0	4	0	1	4	3	0	3	2	2	0	2	1	1	0	0
chr9	41014644	41014947	304	8	0	304	149	155	13	8	14	6	13	7	14	15	13	10	11	5	2	9	9	0	11	11	4	8	16	12	4	10	12	8	5	13	10	11	1	17
chr9	41014948	41014971	24	8	0	24	16	8	2	1	0	2	1	1	1	1	1	0	0	1	1	1	1	1	1	1	0	0	1	0	0	0	2	0	0	0	0	0	0	2
chr9	41014972	41015792	821	8	0	821	476	345	59	19	48	45	32	23	25	24	44	13	37	15	36	15	14	25	28	19	4	19	32	29	4	34	20	19	6	21	24	32	4	50
chr9	41015793	41015870	78	8	0	78	44	34	1	3	2	1	3	2	3	7	1	1	2	6	2	3	1	6	4	0	1	4	5	2	0	0	3	1	0	2	3	5	0	2
chr9	41015871	41016301	431	8	0	431	281	150	31	8	15	34	14	16	13	17	22	4	11	18	21	14	22	21	20	5	1	15	14	4	0	8	6	6	0	14	20	11	1	23
chr9	41016302	41017386	1085	8	0	1085	598	487	47	21	46	48	32	28	61	43	56	28	43	28	27	22	29	37	35	28	4	32	43	28	5	55	38	32	2	30	48	43	1	63
chr9	41017387	41017412	26	8	0	26	14	12	2	1	2	1	1	0	1	0	3	1	0	1	0	0	0	0	0	0	1	1	0	1	0	1	1	0	0	1	1	1	2	1
chr9	41017413	41020497	3085	8	0	3085	1813	1272	187	86	127	154	102	98	131	139	141	56	115	77	124	75	82	118	135	80	11	89	120	64	8	112	92	60	10	102	123	100	13	152
chr9	41020506	41020663	158	8	0	158	124	34	9	1	7	13	6	2	1	5	6	3	1	5	10	2	4	47	3	0	0	5	3	2	0	2	2	0	0	2	6	5	0	4
chr9	41020669	41021223	555	8	0	555	329	226	31	10	20	23	15	27	21	24	19	16	16	9	19	15	14	48	36	17	1	15	19	17	1	24	12	11	1	12	20	16	3	21
chr9	41021233	41021544	312	8	0	312	193	119	31	11	10	19	16	5	10	12	11	6	12	6	12	10	5	15	13	9	2	8	13	8	1	10	8	6	0	6	9	9	3	14
chr9	41021551	41022240	690	8	0	690	386	304	37	12	27	22	18	21	22	40	24	15	31	31	19	8	32	27	23	6	1	26	23	23	3	31	20	22	2	22	35	29	4	32
chr9	41022241	41025433	3193	8	0	3193	1894	1299	243	103	106	138	125	109	109	152	111	60	100	92	112	62	99	171	146	73	18	97	131	89	8	104	94	71	16	89	124	99	16	124
chr9	41025434	41026420	987	8	0	987	561	426	55	27	44	40	23	28	39	47	48	22	45	19	41	21	23	37	34	30	3	31	38	40	1	47	21	17	2	28	44	39	6	45
chr9	41026421	41026490	70	8	0	70	32	38	1	0	9	1	0	0	0	1	10	0	7	1	0	0	1	1	0	0	0	0	1	5	0	11	0	0	1	1	0	12	1	4
chr9	41026491	41026543	53	8	0	53	30	23	3	0	7	1	0	0	1	2	7	1	4	2	1	0	0	1	1	0	0	0	0	1	0	5	0	0	0	0	1	6	0	7
chr9	41026544	41026556	13	8	0	13	8	5	0	0	1	0	1	0	0	1	0	0	1	0	0	1	1	0	0	0	0	2	0	0	0	0	1	0	0	1	1	0	0	0
chr9	41026557	41027130	574	8	0	574	319	255	28	12	34	18	25	9	26	15	24	25	22	18	15	11	22	14	11	17	3	25	23	21	0	27	17	7	0	14	24	26	1	38
chr9	41027133	41028612	1480	8	0	1480	850	630	89	48	52	67	65	43	69	46	43	27	50	54	59	41	41	55	50	46	12	51	59	40	7	61	47	42	1	40	68	39	6	60
chr9	41028613	41028625	13	8	0	13	6	7	1	1	0	0	0	0	0	0	1	1	0	0	0	0	0	0	0	2	0	0	1	0	2	0	0	0	0	0	1	1	0	0
chr9	41028626	41029801	1176	8	0	1176	723	453	84	37	46	61	47	37	44	45	46	20	42	42	51	22	36	61	44	27	2	43	34	25	4	38	38	16	0	32	58	33	4	55
chr9	41029802	41029863	62	8	0	62	50	12	26	0	3	4	1	1	0	1	3	1	3	0	3	1	0	2	0	1	0	2	0	0	0	1	0	0	0	0	3	1	0	3
chr9	41029864	41030210	347	8	0	347	168	179	12	4	11	10	11	24	23	7	6	6	16	8	8	7	6	9	21	6	2	11	16	10	1	16	12	17	8	21	16	10	3	7
chr9	41030215	41032457	2243	8	0	2243	1390	853	167	71	99	125	85	51	78	94	97	49	64	79	113	49	69	99	82	41	10	87	70	47	7	73	63	36	5	42	93	73	16	107
chr9	41032458	41033845	1388	8	0	1388	819	569	97	37	66	69	57	38	52	49	53	30	51	38	61	27	39	53	46	35	3	48	49	43	5	56	49	30	2	31	52	45	2	73
chr9	41033846	41033921	76	8	0	76	55	21	12	3	6	4	1	0	1	4	6	0	0	1	6	1	2	7	4	1	0	0	0	1	0	2	1	1	1	3	1	0	1	4
chr9	41033922	41034848	927	8	0	927	534	393	38	19	36	39	32	40	34	43	34	22	24	45	29	23	33	41	47	24	6	27	39	23	5	31	25	15	1	25	38	36	6	45
chr9	41034849	41035422	574	8	0	574	355	219	47	18	22	42	25	18	27	22	32	13	8	14	26	11	11	18	33	12	0	15	21	16	0	21	9	14	0	11	29	16	0	21
chr9	41035423	41035473	51	8	0	51	25	26	0	2	1	3	3	3	3	2	3	1	2	1	0	0	0	0	2	2	2	0	4	3	0	0	1	1	0	2	4	1	0	3
chr9	41035474	41035997	524	8	0	524	332	192	35	20	24	34	28	11	20	11	21	11	16	18	30	13	13	25	20	15	0	20	15	13	0	21	7	7	0	8	28	14	0	24
chr9	41035998	41036019	22	8	0	22	18	4	1	0	0	3	0	0	0	1	0	0	1	0	3	1	0	6	0	0	0	1	1	1	0	0	0	0	0	0	0	1	0	0
chr9	41036020	41036086	67	8	0	67	42	25	5	1	0	5	1	1	2	3	4	2	4	2	0	2	4	4	0	2	2	3	2	2	0	2	0	0	0	0	5	2	0	5
chr9	41036087	41036126	40	8	0	40	28	12	11	1	2	2	2	0	0	0	2	1	1	0	0	2	2	0	2	0	1	2	0	1	1	1	0	0	0	0	0	2	0	2
chr9	41036127	41038731	2605	8	0	2605	1662	943	239	72	81	190	117	65	79	111	109	40	71	73	116	75	75	148	109	62	11	70	97	49	7	78	60	49	6	51	105	71	10	107
chr9	41038732	41039484	753	8	0	753	505	248	48	27	27	45	17	20	21	36	31	7	17	15	51	33	30	78	40	19	5	23	19	12	0	20	12	9	2	17	23	11	1	35
chr9	41039485	41039506	22	8	0	22	12	10	2	3	0	0	1	1	0	2	2	0	0	0	0	0	0	0	3	0	1	0	1	1	1	0	0	0	0	0	1	1	0	0
chr9	41039507	41042352	2846	8	0	2846	1710	1136	196	82	121	165	122	58	116	140	138	33	74	79	108	64	68	146	107	54	8	67	126	71	5	88	103	70	10	101	99	95	7	123
chr9	41042353	41042368	16	8	0	16	9	7	0	1	1	0	1	1	1	0	1	1	0	0	0	2	0	0	2	0	0	1	0	0	0	0	0	0	0	0	1	0	0	1
chr9	41042369	41044503	2135	8	0	2135	1383	752	201	74	89	128	91	54	72	73	99	27	61	68	101	65	53	127	90	48	2	80	70	41	3	60	41	15	1	45	89	71	4	90
chr9	41044504	41044513	10	8	0	10	6	4	0	0	0	1	1	0	0	2	0	0	0	0	0	0	0	0	0	0	0	0	0	0	0	0	4	0	0	0	0	0	0	0
chr9	41044514	41044582	69	8	0	69	35	34	3	3	4	1	5	0	4	4	3	3	1	3	0	0	0	0	0	1	1	4	5	2	0	0	2	4	2	2	6	0	1	3
chr9	41044583	41044624	42	8	0	42	23	19	0	1	2	0	0	2	1	0	1	1	2	4	2	0	2	4	0	2	0	2	3	1	0	2	0	0	0	0	1	4	0	3
chr9	41044625	41045607	983	8	0	983	625	358	96	20	44	70	50	34	29	42	44	12	15	31	40	31	21	44	37	23	3	35	39	24	1	20	32	16	2	24	47	21	4	30
chr9	41045608	41046188	581	8	0	581	411	170	61	21	26	48	27	15	12	25	22	6	10	14	45	27	10	40	33	10	3	23	11	4	0	12	10	4	0	8	25	9	3	15
chr9	41046189	41046557	369	8	0	369	214	155	20	6	12	25	16	8	14	20	14	4	13	11	13	9	12	15	12	5	3	7	16	9	1	12	17	12	2	17	13	12	2	15
chr9	41046558	41046616	59	8	0	59	37	22	6	4	4	2	6	1	2	0	2	1	2	1	2	1	1	1	2	1	0	4	2	1	0	1	2	1	0	1	3	0	0	3
chr9	41046617	41046702	86	8	0	86	51	35	10	1	2	5	3	5	2	3	2	2	2	4	3	1	2	4	6	3	0	0	5	5	0	3	0	1	0	0	2	4	0	4
chr9	41046703	41046718	16	8	0	16	14	2	1	1	2	2	0	0	0	0	0	0	0	0	5	1	0	0	0	0	0	2	0	0	0	0	0	0	0	0	0	0	0	0
chr9	41046719	41046874	156	8	0	156	112	44	16	5	7	9	5	2	1	10	6	0	1	5	11	5	9	18	8	1	0	3	1	3	0	4	6	1	0	5	3	3	0	6
chr9	41046878	41047840	963	8	0	963	631	332	83	38	40	70	51	18	24	37	47	19	26	30	49	18	28	51	34	26	4	29	29	9	2	25	21	10	1	20	47	20	11	44
chr9	41047842	41048195	354	8	0	354	214	140	21	15	10	17	11	12	16	16	16	4	9	12	16	7	15	15	19	8	0	11	11	12	0	12	11	2	0	13	14	13	0	14
chr9	41048196	41048251	56	8	0	56	36	20	6	1	3	3	1	1	0	4	4	0	2	2	2	0	2	4	0	0	0	2	0	0	1	2	2	2	0	2	4	2	1	1
chr9	41048252	41048342	91	8	0	91	71	20	24	3	4	10	7	1	0	2	3	2	0	1	5	2	2	3	3	2	0	3	1	2	0	1	1	0	0	1	5	0	0	1
chr9	41048343	41048370	28	8	0	28	19	9	0	0	3	1	2	0	0	2	0	0	0	1	3	2	0	3	1	1	0	0	1	0	0	1	2	1	0	1	0	0	0	1
chr9	41048371	41048460	90	8	0	90	67	23	15	3	4	5	7	0	1	2	3	0	1	7	3	3	6	6	3	1	0	2	0	0	0	1	3	0	0	1	4	0	0	7
chr9	41048461	41048501	41	8	0	41	30	11	3	2	3	1	2	0	2	1	2	1	0	1	2	4	1	3	3	0	0	4	0	0	0	0	0	0	0	0	2	0	0	2
chr9	41048502	41048644	143	8	0	143	96	47	13	6	4	13	13	5	4	3	3	3	3	3	8	4	7	3	10	1	0	7	2	0	0	2	6	1	0	5	7	2	0	3
chr9	41048645	41048707	63	8	0	63	46	17	8	1	1	9	4	2	0	2	2	0	1	3	5	1	2	4	1	1	0	2	1	0	0	0	6	0	0	0	1	0	2	2
chr9	41048708	41049081	374	8	0	374	254	120	46	8	20	25	15	16	5	13	18	7	7	4	20	13	15	22	21	7	0	16	10	5	0	7	6	4	0	8	12	6	0	16
chr9	41049082	41049113	32	8	0	32	23	9	5	0	1	4	2	0	1	2	0	0	0	1	3	1	0	2	0	0	0	0	1	0	0	0	4	1	0	1	0	0	0	1
chr9	41049114	41050090	977	8	0	977	654	323	126	27	41	66	45	20	21	44	43	12	23	24	47	25	24	64	35	17	3	29	38	15	3	19	23	15	0	24	34	28	2	38
chr9	41050091	41050116	26	8	0	26	18	8	3	2	0	2	2	1	0	0	0	0	0	2	2	0	1	1	2	1	0	0	0	2	0	1	0	0	0	0	2	0	0	0
chr9	41050117	41050270	154	8	0	154	113	41	17	6	4	14	7	4	3	6	5	1	1	7	12	5	4	17	7	3	0	5	3	2	0	3	1	0	0	1	9	3	0	2
chr9	41050271	41050418	148	8	0	148	110	38	20	5	2	16	9	0	4	10	6	1	0	6	8	4	5	12	7	1	0	3	2	1	0	1	5	1	0	4	9	1	0	3
chr9	41050419	41050433	15	7	0	15	8	7	1	1	0	0	1	5	0	0	0	0	0	0	0	0	0	0	5	0	0	0	0	0	0	0	0	0	0	0	0	0	0	0
chr9	41050434	41051354	921	8	0	921	614	307	93	32	43	69	49	28	17	38	49	12	17	29	45	15	28	48	47	13	3	24	33	10	1	19	18	15	0	17	35	25	2	45
chr9	41051362	41051642	281	8	0	281	205	76	46	10	15	18	11	2	3	5	13	2	6	8	20	5	18	21	5	2	0	12	3	3	0	6	6	2	0	8	8	5	0	16
chr9	41051643	41051672	30	7	0	30	18	12	3	1	1	0	2	0	3	1	0	1	0	1	0	2	1	1	1	1	0	2	0	0	0	1	3	0	0	1	2	0	0	0
chr9	41051673	41051802	130	8	0	130	94	36	16	3	6	16	7	2	0	9	9	2	2	4	9	1	1	5	7	1	0	1	4	2	0	2	1	0	0	1	6	5	0	6
chr9	41051804	41053892	2089	8	0	2089	1341	748	174	75	84	131	102	46	67	90	79	43	49	65	109	45	58	124	95	51	5	58	72	37	2	63	57	30	1	40	81	56	2	96
chr9	41053893	41053931	39	7	0	39	31	8	14	1	0	3	3	0	0	1	0	0	0	4	1	0	1	1	0	1	0	0	3	0	0	0	0	0	0	0	1	2	0	1
chr9	41053932	41054348	417	8	0	417	241	176	18	15	22	16	16	8	20	15	18	8	16	14	19	8	18	9	17	5	1	16	6	15	0	16	18	8	0	16	17	9	3	28
chr9	41054349	41054365	17	7	0	17	10	7	0	1	1	0	1	0	0	2	0	0	1	0	1	2	1	0	1	1	0	1	0	0	0	1	0	0	0	0	1	0	0	0
chr9	41054366	41054546	181	8	0	181	106	75	10	2	7	9	2	3	13	11	10	5	7	7	7	4	5	2	7	2	0	5	8	2	0	4	8	2	0	8	6	8	0	15
chr9	41054547	41054576	30	7	0	30	17	13	4	1	2	0	1	1	3	0	1	2	0	0	1	0	1	0	2	0	0	2	0	0	0	0	1	0	1	2	2	0	0	1
chr9	41054577	41054908	332	8	0	332	199	133	22	9	11	22	16	6	14	14	13	1	10	14	13	8	13	12	6	7	0	11	14	10	1	7	14	8	0	16	17	7	1	13
chr9	41054909	41055003	95	7	0	95	47	48	5	3	2	3	4	5	4	0	3	1	6	3	1	2	3	2	0	4	2	4	7	3	0	4	2	4	0	3	4	3	2	4
chr9	41055004	41055164	161	8	0	161	72	89	3	2	4	4	3	9	13	3	4	3	12	1	2	3	5	0	4	6	1	6	9	4	2	8	9	6	1	12	6	7	0	7
chr9	41055165	41055327	163	7	0	163	106	57	28	0	34	1	0	0	0	0	34	0	5	0	0	0	1	1	0	0	0	1	0	1	0	16	0	0	0	0	0	16	0	23
chr9	41055328	41055558	231	8	0	231	142	89	15	12	14	10	14	3	9	5	10	3	7	7	11	5	4	12	8	9	0	6	8	4	0	11	5	7	0	3	10	3	0	14
chr9	41055559	41055569	11	7	0	11	4	7	0	0	0	0	0	0	1	0	0	0	1	2	0	0	0	0	0	0	0	0	0	2	0	1	0	0	0	0	1	0	0	1
chr9	41055570	41055688	119	8	0	119	71	48	12	1	4	4	5	23	2	2	2	0	3	5	2	2	1	1	24	0	0	2	4	1	0	1	1	2	0	3	3	3	0	4
chr9	41055689	41055744	56	7	0	56	39	17	5	1	1	5	1	0	2	1	0	1	2	3	6	2	2	6	3	0	0	1	1	2	0	2	0	1	0	1	0	2	0	3
chr9	41055745	41056868	1124	8	0	1124	678	446	76	28	46	72	45	21	37	47	51	24	29	25	49	27	38	62	42	23	6	29	44	37	3	45	27	29	3	29	37	40	4	47
chr9	41056869	41056907	39	7	0	39	24	15	1	1	2	1	2	4	1	2	2	1	0	0	0	1	0	5	5	0	0	2	2	0	0	0	2	0	0	0	1	1	0	1
chr9	41056908	41057221	314	8	0	314	160	154	8	6	14	9	14	12	16	19	10	8	16	6	5	3	0	12	16	7	0	6	23	10	0	12	8	17	0	15	16	11	0	13
chr9	41057222	41057244	23	7	0	23	17	6	2	0	0	3	1	0	0	2	1	0	0	1	2	2	2	0	1	1	0	0	1	0	0	0	0	0	0	0	0	0	0	2
chr9	41057245	41057739	495	8	0	495	310	185	36	10	23	33	16	13	20	16	19	7	12	16	30	12	12	33	10	11	0	21	26	10	1	14	11	11	1	15	18	19	0	17
chr9	41057740	41057805	66	7	0	66	46	20	6	2	1	6	3	0	0	7	3	1	2	1	3	2	3	6	1	2	0	2	2	0	0	0	2	0	0	2	5	0	0	2
chr9	41057806	41058423	618	8	0	618	370	248	40	14	22	36	23	21	27	25	30	14	18	15	20	14	22	28	31	11	0	21	24	17	0	20	16	16	0	14	25	18	0	34
chr9	41058424	41058465	42	7	0	42	27	15	5	2	3	1	0	2	1	2	3	0	0	0	3	1	1	1	3	1	0	1	1	1	0	0	1	0	1	2	1	0	1	2
chr9	41058466	41058645	180	8	0	180	138	42	29	4	6	20	7	1	3	10	5	3	0	4	19	5	5	15	6	0	0	7	3	2	0	2	7	2	0	1	5	3	0	4
chr9	41058646	41058667	22	7	0	22	16	6	1	1	1	2	0	0	1	1	1	0	0	0	3	2	0	3	2	1	0	0	0	0	0	0	0	0	0	0	0	0	0	1
chr9	41058668	41060068	1401	8	0	1401	785	616	62	29	61	64	51	49	55	75	52	21	56	45	50	37	33	44	55	41	1	39	77	34	7	48	40	46	4	49	58	45	2	69
chr9	41060069	41060080	12	7	0	12	11	1	4	0	0	3	0	0	0	0	0	0	0	1	2	0	0	0	0	0	0	0	0	0	0	0	0	0	0	0	0	0	0	0
chr9	41060081	41060497	417	8	0	417	236	181	27	11	25	10	15	11	16	13	22	8	22	15	10	6	10	14	14	7	1	14	11	13	1	21	9	13	1	8	21	13	3	30
chr9	41060498	41060508	11	7	0	11	8	3	1	0	1	0	0	0	1	0	0	0	0	2	1	0	0	1	0	0	0	0	0	0	0	0	0	0	0	0	0	0	0	2
chr9	41060509	41061682	1174	8	0	1174	686	488	75	32	51	58	37	41	42	60	48	30	27	33	55	21	31	43	56	32	6	30	52	41	5	42	34	23	2	27	38	44	3	53
chr9	41061684	41062012	329	8	0	329	200	129	26	7	17	18	6	18	10	18	21	9	13	8	14	3	5	6	21	4	1	10	7	6	3	9	7	1	1	7	17	14	1	19
chr9	41062013	41062091	79	7	0	79	45	34	10	5	4	0	4	3	3	2	4	1	1	1	2	1	0	3	8	2	0	0	2	1	3	3	2	4	0	2	0	2	1	3
chr9	41062092	41062471	380	8	0	380	222	158	14	15	18	17	18	10	13	24	17	5	15	15	14	7	7	12	16	7	1	13	18	6	1	12	15	9	0	8	16	15	0	20
chr9	41062481	41062761	281	8	0	281	184	97	26	11	10	14	13	8	6	16	6	10	6	10	16	11	6	13	21	5	4	10	9	3	0	6	2	2	0	2	11	8	4	10
chr9	41062762	41062773	12	7	0	12	6	6	1	1	0	0	0	1	1	0	0	0	0	0	1	0	1	0	1	1	0	0	1	1	0	0	0	0	0	0	0	0	0	0
chr9	41062774	41063001	228	8	0	228	115	113	12	2	9	6	8	9	12	7	4	5	10	5	5	6	7	6	7	7	1	7	17	6	0	12	7	11	1	13	6	11	0	7
chr9	41063008	41064208	1201	8	0	1201	752	449	90	46	44	55	42	25	55	54	44	25	22	36	59	35	41	77	64	22	6	39	34	19	4	36	43	20	2	33	36	32	4	55
chr9	41064209	41064253	45	7	0	45	23	22	4	2	3	0	2	1	2	1	1	0	0	1	2	3	0	0	2	1	1	2	1	3	1	2	2	3	0	1	1	1	0	0
chr9	41064254	41064418	165	8	0	165	85	80	7	2	5	6	2	5	12	7	7	5	10	7	4	1	3	0	4	2	2	5	8	3	1	4	5	6	1	10	10	5	2	12
chr9	41064427	41064627	201	8	0	201	105	96	12	5	8	2	4	12	12	14	5	3	11	2	6	2	2	4	14	4	0	5	5	4	2	7	14	6	0	13	9	4	0	8
chr9	41064628	41065071	444	8	0	444	262	182	29	10	15	24	14	23	15	17	14	7	14	11	21	10	12	25	22	9	4	14	13	13	1	15	15	6	5	18	19	14	4	9
chr9	41065072	41065107	36	7	0	36	26	10	6	0	4	3	2	0	0	1	2	1	1	1	3	0	0	1	2	0	0	0	0	0	0	1	0	0	0	2	1	1	0	2
chr9	41065108	41065362	255	8	0	255	163	92	16	3	9	13	7	7	6	17	11	4	5	10	7	10	10	26	14	4	0	6	8	7	0	9	7	1	0	6	9	12	0	9
chr9	41065363	41065402	40	7	0	40	30	10	5	0	1	4	1	3	0	1	0	0	0	1	4	1	1	8	2	1	0	1	1	0	0	1	1	0	0	0	0	1	0	0
chr9	41065403	41066579	1177	8	0	1177	825	352	133	46	55	85	59	12	25	43	55	20	24	34	72	44	42	76	58	19	2	43	23	9	0	27	13	11	0	12	45	22	2	64
chr9	41066580	41066610	31	7	0	31	17	14	2	2	1	1	0	0	1	0	0	0	2	1	5	0	1	0	0	1	0	1	0	3	0	3	0	2	0	0	1	1	0	1
chr9	41066611	41067415	805	8	0	805	469	336	48	26	40	34	27	23	32	30	46	13	28	28	27	10	28	27	32	16	1	23	36	30	1	24	18	10	0	30	27	35	2	51
chr9	41067416	41067447	32	7	0	32	22	10	3	1	2	2	1	0	0	1	2	0	2	0	2	2	1	3	0	1	0	1	1	0	0	0	0	0	0	1	1	0	0	3
chr9	41067448	41068212	765	8	0	765	461	304	60	25	29	36	38	24	36	34	29	14	18	21	22	22	15	37	36	23	0	26	35	13	0	26	23	18	0	21	37	20	0	25
chr9	41068213	41068265	53	7	0	53	34	19	2	4	2	3	2	1	3	1	1	2	1	0	6	3	1	0	4	3	0	3	2	1	0	2	0	0	0	0	1	1	0	2
chr9	41068266	41068714	449	8	0	449	275	174	41	14	15	27	16	12	20	15	19	11	9	11	22	9	18	15	15	7	4	20	16	5	4	9	14	14	2	13	18	8	4	20
chr9	41068722	41068864	143	8	0	143	70	73	9	4	3	2	6	6	9	3	3	2	10	3	1	3	4	0	4	3	0	8	8	5	1	6	7	6	1	6	6	6	0	6
chr9	41068866	41069329	464	8	0	464	322	142	64	14	33	28	13	12	13	11	28	7	8	11	34	11	13	20	21	6	2	15	8	5	0	9	7	6	0	9	13	5	2	34
chr9	41069335	41070335	1001	8	0	1001	631	370	82	39	40	58	37	27	30	39	45	15	21	32	55	15	43	51	33	29	2	32	34	26	1	36	20	20	2	22	46	22	1	44
chr9	41070336	41070399	64	7	0	64	42	22	7	2	2	6	2	1	3	2	5	2	0	0	3	1	1	3	3	2	0	1	3	2	0	2	1	0	0	1	1	3	0	3
chr9	41070400	41070619	220	8	0	220	137	83	21	8	12	13	15	5	7	3	8	7	6	5	10	3	6	7	8	5	0	9	8	4	0	8	3	5	0	6	12	6	0	8
chr9	41070620	41070641	22	7	0	22	13	9	0	0	1	1	0	0	0	1	0	1	2	1	2	2	1	1	0	1	0	0	1	0	0	1	0	0	0	0	0	1	0	3
chr9	41070642	41070868	227	8	0	227	135	92	17	3	8	14	9	10	11	8	8	5	9	5	7	2	7	10	8	4	0	8	6	3	0	10	9	5	0	12	15	7	0	5
chr9	41070869	41071343	475	8	0	475	341	134	81	17	13	40	22	6	8	20	20	2	13	11	28	9	12	37	20	4	0	10	12	10	0	10	6	6	0	10	18	12	0	16
chr9	41071352	41071728	377	8	0	377	274	103	58	17	9	30	14	4	8	19	12	4	10	9	29	7	13	29	16	3	0	13	7	3	0	8	7	8	0	3	15	4	0	16
chr9	41071729	41071738	10	7	0	10	5	5	0	0	1	0	0	1	1	0	0	0	0	0	0	0	0	0	1	0	0	0	0	0	0	0	2	0	0	2	0	0	0	0
chr9	41071739	41071951	213	8	0	213	124	89	27	3	7	13	9	8	10	6	5	4	8	5	8	2	5	2	4	6	0	7	10	7	0	9	8	8	0	8	11	5	0	6
chr9	41071952	41072002	51	7	0	51	31	20	4	2	0	3	2	1	5	1	3	2	1	2	0	0	1	3	1	1	0	2	2	1	0	0	2	1	0	1	4	0	0	4
chr9	41072003	41072603	601	8	0	601	387	214	46	14	38	42	23	13	15	22	31	14	13	16	39	7	21	31	16	12	0	20	22	12	0	18	9	12	0	19	26	16	2	30
chr9	41072604	41072644	41	7	0	41	28	13	7	2	1	4	4	0	0	2	2	0	0	1	0	1	1	1	1	1	1	0	1	1	1	0	2	0	0	2	2	1	0	0
chr9	41072645	41072871	227	8	0	227	129	98	21	8	6	12	15	8	7	6	8	4	10	9	3	2	4	5	8	7	0	7	14	12	0	6	4	4	0	4	11	10	0	10
chr9	41072872	41072911	40	7	0	40	27	13	1	0	2	3	0	0	0	3	4	0	2	1	2	1	2	5	0	0	0	1	1	0	0	2	1	0	0	1	1	3	0	2
chr9	41072912	41073400	489	8	0	489	291	198	45	16	24	23	14	7	15	20	30	12	21	12	20	5	9	16	16	11	2	11	12	22	3	24	13	4	1	4	15	24	6	30
chr9	41073401	41073425	25	7	0	25	14	11	1	1	1	2	2	0	0	1	2	0	2	0	0	0	0	0	0	0	0	1	2	1	0	1	1	1	0	0	0	2	0	2
chr9	41073426	41073663	238	8	0	238	138	100	17	7	4	15	6	17	11	9	7	2	6	9	13	2	4	7	17	6	1	5	10	9	0	8	9	5	1	5	8	7	2	7
chr9	41073670	41074057	388	8	0	388	164	224	15	10	12	8	9	16	19	5	14	10	16	3	7	5	8	6	12	9	6	15	16	30	15	15	15	18	18	11	6	19	4	14
chr9	41074058	41074078	21	7	0	21	10	11	1	0	1	0	1	1	0	0	0	0	2	0	0	1	1	0	0	1	0	1	1	1	0	1	1	0	0	3	1	1	0	0
chr9	41074079	41074968	890	8	0	890	253	637	12	9	16	3	11	22	48	11	14	29	44	13	3	5	9	3	9	28	12	16	38	83	75	49	37	90	70	29	9	45	23	23
chr9	41074969	41074986	18	7	0	18	11	7	2	2	1	0	0	0	1	0	2	0	1	0	1	0	1	0	0	0	0	1	1	0	0	0	0	0	0	0	0	0	0	3
chr9	41074987	41075124	138	8	0	138	60	78	9	4	4	4	3	1	10	2	5	1	6	4	3	0	1	2	1	3	2	0	7	9	2	9	3	8	7	10	4	7	3	2
chr9	41075125	41075182	58	7	0	58	29	29	0	0	0	0	0	26	1	0	0	0	0	0	0	2	0	0	27	0	0	0	0	0	0	0	0	0	0	0	0	0	0	0
chr9	41075183	41075313	131	8	0	131	63	68	5	3	5	5	7	8	5	3	5	5	4	3	0	3	0	1	7	6	0	5	10	8	3	5	1	2	0	3	5	10	1	1
chr9	41075314	41075381	68	7	0	68	43	25	12	5	2	0	7	5	3	2	1	1	0	2	0	0	0	2	8	2	0	1	2	0	0	0	5	0	0	3	2	0	0	1
chr9	41075382	41075456	75	8	0	75	35	40	1	1	4	1	1	2	4	0	4	1	4	1	1	3	4	2	4	2	0	1	1	5	0	8	1	3	1	3	1	4	1	4
chr9	41075457	41075494	38	7	0	38	21	17	0	1	1	3	0	2	3	0	3	3	1	1	2	0	0	0	3	0	1	2	1	1	0	1	0	0	0	0	2	2	1	2
chr9	41075495	41076542	1048	8	0	1048	654	394	94	33	45	66	45	30	39	35	54	17	33	19	46	29	19	48	50	22	4	34	36	25	3	35	23	15	2	22	40	37	1	45
chr9	41076543	41076553	11	7	0	11	4	7	0	0	0	0	0	0	0	0	0	0	1	0	0	1	1	0	0	1	0	0	1	2	0	1	0	0	0	0	0	1	0	0
chr9	41076554	41077770	1217	8	0	1217	675	542	73	35	52	45	38	48	50	37	46	20	53	35	49	21	41	31	45	35	3	41	53	44	4	58	33	32	4	35	41	48	3	62
chr9	41077771	41077904	134	7	0	134	89	45	8	3	4	9	4	2	3	9	3	3	2	5	10	6	4	12	4	6	1	3	6	2	0	4	2	2	0	2	6	2	1	4
chr9	41077905	41078295	391	8	0	391	250	141	48	16	15	24	19	10	13	14	19	6	16	10	17	8	7	6	17	7	0	16	11	10	0	11	8	3	0	7	20	12	2	17
chr9	41078298	41078637	340	8	0	340	181	159	20	5	12	14	8	13	21	7	13	11	17	5	10	7	13	4	10	11	1	13	16	10	0	17	5	12	0	17	18	10	1	17
chr9	41078638	41078673	36	7	0	36	21	15	1	1	1	1	2	0	1	2	1	0	2	3	0	0	1	3	0	0	0	1	1	0	0	3	2	1	0	1	3	3	0	0
chr9	41078674	41079203	530	8	0	530	345	185	56	14	22	34	19	9	19	22	23	9	14	20	28	10	13	31	16	10	0	17	16	12	3	13	13	7	0	12	24	15	1	26
chr9	41079204	41079879	676	8	0	676	404	272	35	17	28	24	28	33	23	30	22	14	20	12	19	26	14	58	52	9	9	20	17	17	1	23	22	16	2	16	23	16	2	26
chr9	41079880	41079915	36	7	0	36	21	15	0	2	3	0	1	2	2	1	3	2	2	1	1	1	0	0	3	0	0	3	0	0	0	0	0	0	0	0	3	0	0	4
chr9	41079916	41080597	682	8	0	682	431	251	55	17	24	48	23	17	19	34	20	8	22	19	46	19	20	39	25	15	1	20	23	16	2	26	18	16	0	19	27	20	1	21
chr9	41080598	41080915	318	8	0	318	218	100	39	11	18	24	12	6	7	9	15	0	3	11	25	8	13	16	10	5	0	9	7	5	0	8	8	9	2	7	9	1	2	17
chr9	41080917	41081054	138	8	0	138	102	36	19	2	5	17	3	1	2	6	10	1	2	4	13	2	6	7	3	0	1	2	2	0	1	4	2	2	0	2	5	5	0	7
chr9	41081057	41081576	520	8	0	520	317	203	50	22	10	31	21	11	18	20	17	4	20	14	26	8	17	27	20	10	0	14	23	25	0	19	10	10	0	16	17	22	0	16
chr9	41081577	41081614	38	7	0	38	20	18	1	1	2	2	0	0	3	2	5	2	1	0	0	0	0	0	1	0	2	0	0	1	0	1	0	1	0	3	5	1	0	2
chr9	41081615	41082087	473	8	0	473	298	175	43	22	20	29	24	15	18	12	28	7	9	13	19	8	10	20	19	6	6	21	15	9	1	11	12	4	2	12	23	17	3	13
chr9	41082088	41082116	29	7	0	29	22	7	6	2	0	1	0	0	2	1	2	0	0	1	2	1	0	3	2	0	0	0	0	0	0	1	0	0	0	0	1	1	0	1
chr9	41082117	41082959	843	8	0	843	567	276	78	29	39	67	32	20	25	40	47	13	18	23	54	15	21	44	40	5	5	27	19	5	1	21	23	12	0	17	35	24	4	38
chr9	41082960	41082990	31	7	0	31	20	11	3	2	2	0	1	1	1	1	1	0	1	1	2	0	0	2	0	2	0	1	1	0	0	2	2	0	0	0	1	1	0	1
chr9	41082991	41084102	1112	8	0	1112	665	447	71	39	44	55	40	31	49	43	50	24	27	30	47	20	34	59	50	31	3	30	44	33	4	41	31	17	1	31	38	41	0	52
chr9	41084103	41084134	32	7	0	32	20	12	2	3	1	1	2	2	1	0	1	0	1	1	2	0	0	2	0	2	0	2	2	0	0	1	0	0	0	0	3	1	0	0
chr9	41084135	41085783	1649	8	0	1649	1048	601	129	46	76	104	66	32	56	69	80	24	36	54	80	53	46	95	64	33	3	56	47	39	4	59	35	29	2	36	78	48	5	63
chr9	41085784	41085815	32	7	0	32	21	11	5	2	0	1	2	0	1	2	1	0	0	3	0	0	1	1	0	2	0	0	2	1	0	1	0	0	0	0	3	1	0	1
chr9	41085816	41086137	322	8	0	322	210	112	23	8	16	25	18	4	9	15	20	3	5	13	12	10	9	19	11	7	0	7	14	4	0	9	6	5	0	7	15	11	0	15
chr9	41086139	41086192	54	8	0	54	38	16	8	1	2	3	3	0	1	2	2	1	1	3	0	1	3	6	2	0	0	1	2	0	0	0	0	2	0	2	2	0	0	4
chr9	41086193	41086246	54	7	0	54	36	18	14	3	1	1	1	2	2	2	2	0	0	2	2	1	0	1	1	3	2	0	2	2	0	1	1	0	0	1	4	0	0	1
chr9	41086247	41087688	1442	8	0	1442	866	576	112	63	64	56	66	33	62	51	70	24	40	41	47	32	41	64	67	36	8	41	46	37	2	53	39	19	1	51	60	47	5	62
chr9	41087698	41088443	746	8	0	746	453	293	65	17	41	33	22	26	23	40	32	11	24	20	37	22	10	29	34	15	3	23	31	15	1	24	22	11	4	21	24	30	4	30
chr9	41088444	41089155	712	8	0	712	403	309	66	18	24	24	23	23	36	27	28	16	33	22	16	11	14	21	25	14	5	24	18	17	9	27	28	13	2	27	38	26	6	29
chr9	41089156	41089175	20	7	0	20	10	10	0	0	0	0	0	1	2	1	0	0	0	3	0	1	1	0	1	0	0	1	0	0	0	1	3	0	0	0	1	1	0	1
chr9	41089176	41089665	490	8	0	490	261	229	38	8	23	22	21	14	13	19	15	9	23	18	17	7	5	7	18	7	6	7	17	20	10	19	18	17	8	17	16	22	6	21
chr9	41089666	41089764	99	7	0	99	50	49	7	3	0	4	3	3	6	3	4	4	4	0	1	2	4	1	4	6	0	2	8	4	0	5	0	4	0	4	3	3	2	3
chr9	41089765	41091051	1287	8	0	1287	773	514	114	33	60	72	58	35	51	46	50	30	42	34	57	23	34	34	50	20	1	49	39	37	4	44	45	27	2	38	56	41	3	56
chr9	41091053	41091300	248	8	0	248	164	84	31	5	12	18	11	3	5	15	10	2	6	8	13	4	6	13	4	3	0	7	6	7	0	7	8	7	0	9	16	3	0	7
chr9	41091304	41092195	892	8	0	892	488	404	55	28	33	30	36	25	43	31	23	20	37	18	33	22	31	21	31	24	4	36	34	25	10	38	40	32	1	31	30	26	3	39
chr9	41092196	41092838	643	8	0	643	366	277	46	24	29	25	33	11	26	25	25	8	21	20	19	12	23	18	23	15	2	15	28	13	4	28	22	24	1	27	22	20	3	29
chr9	41092839	41092878	40	7	0	40	24	16	2	2	3	2	5	2	1	1	2	0	0	1	0	0	0	2	4	0	0	1	0	0	0	1	4	0	1	1	1	1	0	1
chr9	41092879	41093242	364	8	0	364	203	161	38	13	15	13	19	13	11	12	10	6	7	5	12	11	6	11	18	14	1	10	18	23	3	13	13	11	2	6	6	8	4	10
chr9	41093243	41093266	24	7	0	24	8	16	0	1	0	0	1	1	3	0	0	0	0	0	0	0	0	0	0	2	0	1	4	1	0	2	2	4	0	0	0	0	0	0
chr9	41093267	41093333	67	8	0	67	33	34	5	2	2	1	3	2	3	1	2	1	6	1	0	0	0	2	3	2	0	1	3	2	1	4	0	2	1	5	3	4	2	1
chr9	41093334	41093357	24	7	0	24	13	11	0	1	2	1	2	1	0	1	1	0	0	0	1	1	2	0	1	1	0	1	2	0	0	1	0	1	0	1	1	0	0	0
chr9	41093358	41093905	548	8	0	548	294	254	43	10	23	15	22	16	26	19	8	11	28	21	18	8	13	13	17	10	1	17	21	17	4	23	20	23	7	24	25	16	2	25
chr9	41093906	41094235	330	8	0	330	216	114	38	13	12	16	10	8	12	18	11	6	11	10	19	7	8	16	17	5	0	12	4	2	1	11	10	5	2	7	17	6	1	13
chr9	41094236	41094263	28	7	0	28	13	15	0	1	0	0	1	2	1	3	0	0	1	1	0	0	2	0	1	0	0	2	2	1	0	0	2	2	0	1	2	0	0	1
chr9	41094264	41094386	123	8	0	123	67	56	14	6	5	2	7	4	4	5	5	4	5	3	1	0	1	0	6	5	2	0	6	7	0	4	4	2	0	2	5	3	0	9
chr9	41094387	41094405	19	7	0	19	12	7	1	0	1	1	1	0	0	1	0	1	0	2	1	0	1	2	0	0	0	0	0	0	0	1	1	0	0	0	1	1	0	1
chr9	41094406	41095333	928	8	0	928	592	336	97	31	44	47	24	24	24	35	37	6	39	25	62	25	18	53	36	15	5	30	28	23	2	35	13	19	3	19	30	32	4	41
chr9	41095334	41095347	14	7	0	14	7	7	0	0	1	0	1	0	0	0	1	0	2	0	0	0	0	0	0	1	0	0	0	0	0	3	0	0	0	0	1	2	0	0
chr9	41095348	41095802	455	8	0	455	227	228	19	13	21	6	10	19	26	14	17	7	26	10	14	5	13	6	19	9	1	14	19	19	1	31	18	21	0	15	13	21	0	26
chr9	41095803	41095829	27	7	0	27	12	15	0	0	0	1	1	2	3	1	0	1	1	0	0	0	0	0	1	1	0	1	2	1	0	1	2	1	0	1	2	1	0	1
chr9	41095830	41096173	344	8	0	344	192	152	23	12	15	15	11	9	15	12	15	3	18	3	17	4	7	12	9	8	0	11	17	12	1	16	12	9	1	16	8	17	2	12
chr9	41096174	41096212	39	7	0	39	15	24	0	1	2	0	1	2	3	0	2	2	2	0	0	0	0	0	1	2	0	2	1	2	1	4	1	1	0	1	2	3	1	0
chr9	41096213	41096719	507	8	0	507	270	237	30	12	24	16	16	16	25	19	24	8	27	14	12	5	12	9	18	13	1	9	21	18	1	28	18	14	0	22	20	23	2	28
chr9	41096720	41096750	31	7	0	31	16	15	1	0	1	1	1	2	1	1	1	0	3	2	0	0	1	0	0	0	0	2	2	0	0	1	1	1	0	1	2	2	0	2
chr9	41096751	41097201	451	8	0	451	255	196	25	7	20	25	15	16	15	20	21	6	18	12	17	7	13	17	15	8	3	10	16	15	4	19	19	15	0	14	16	17	1	23
chr9	41097202	41098555	1354	8	0	1354	717	637	72	32	52	59	57	43	56	46	47	25	58	32	41	23	47	25	38	38	6	41	69	42	11	64	44	56	11	55	51	50	8	53
chr9	41098556	41100694	2139	8	0	2139	1193	946	148	71	76	85	85	85	95	81	75	34	80	64	71	39	56	46	84	62	13	70	100	72	6	80	75	53	8	70	88	71	7	87
chr9	41100695	41100742	48	7	0	48	18	30	0	0	2	0	2	1	3	3	0	0	2	4	0	0	0	0	1	0	0	0	6	5	0	2	2	3	0	4	0	5	0	1
chr9	41100743	41100870	128	8	0	128	82	46	13	6	4	8	3	2	2	9	5	3	3	2	10	4	5	3	5	3	1	6	5	2	1	3	2	1	0	2	4	6	0	3
chr9	41100872	41102085	1214	8	0	1214	632	582	56	32	56	35	37	46	56	51	57	23	57	28	28	19	30	19	44	36	8	32	62	42	6	57	46	33	6	45	38	56	6	65
chr9	41102086	41102095	10	7	0	10	6	4	0	0	0	0	0	0	0	1	0	0	0	0	0	1	1	2	0	1	0	0	1	0	0	1	0	0	0	0	0	0	0	0
chr9	41102096	41102378	283	8	0	283	150	133	9	8	11	12	9	8	13	13	11	3	13	6	11	9	7	7	9	10	1	8	12	10	0	19	12	8	1	8	10	13	2	8
chr9	41102379	41102422	44	7	0	44	24	20	1	2	1	1	0	1	3	3	2	2	1	0	1	3	0	2	4	1	1	2	1	1	2	0	1	0	0	1	1	2	1	1
chr9	41102423	41102539	117	8	0	117	67	50	5	6	6	4	2	4	7	4	7	0	2	3	7	4	2	3	7	1	1	5	5	4	1	1	4	2	1	5	2	4	1	5
chr9	41102542	41102624	83	8	0	83	42	41	9	1	4	1	2	6	4	1	3	2	3	1	0	2	1	1	6	4	0	1	5	4	0	6	0	4	0	2	2	3	0	3
chr9	41102625	41102649	25	7	0	25	15	10	0	1	1	0	0	0	0	4	2	0	1	0	0	1	1	2	1	0	0	1	0	1	0	1	1	0	0	1	3	1	0	0
chr9	41102650	41102702	53	8	0	53	28	25	2	1	4	0	1	1	2	3	2	1	3	1	2	2	2	0	0	2	0	3	0	3	0	3	4	0	0	2	3	1	0	3
chr9	41102703	41102712	10	7	0	10	5	5	0	1	1	0	0	0	0	0	2	0	0	0	0	0	0	0	0	1	0	0	0	0	0	1	0	0	0	0	1	0	1	0
chr9	41102713	41102821	109	8	0	109	61	48	3	1	5	3	4	6	7	3	1	3	6	6	4	1	2	4	6	2	0	3	2	1	0	5	7	2	0	3	5	3	0	9
chr9	41102822	41102834	13	7	0	13	4	9	0	0	0	0	0	2	1	0	0	1	0	0	0	0	0	0	0	0	3	0	1	0	0	0	1	0	0	1	1	0	0	0
chr9	41102835	41102939	105	8	0	105	65	40	7	0	6	8	4	1	4	3	3	2	3	1	7	5	4	6	4	2	0	2	3	3	0	4	2	4	0	6	2	1	0	6
chr9	41102947	41103103	157	8	0	157	96	61	9	4	5	9	6	5	6	3	3	5	6	4	9	3	7	11	7	6	0	4	5	3	0	9	1	4	0	3	7	4	0	7
chr9	41103104	41103188	85	7	0	85	59	26	11	3	1	8	5	1	2	2	4	0	0	3	4	1	6	7	1	2	0	2	3	2	0	2	4	2	0	0	2	1	0	4
chr9	41103189	41103314	126	8	0	126	88	38	17	1	7	10	2	4	2	6	4	1	1	3	12	6	6	4	6	2	0	4	3	1	0	3	4	2	0	4	2	2	0	5
chr9	41103315	41103363	49	7	0	49	33	16	7	4	1	2	3	0	2	0	1	2	2	0	3	3	2	0	3	2	0	3	1	0	0	1	0	0	0	0	1	0	0	4
chr9	41103364	41103545	182	8	0	182	102	80	11	5	9	8	11	6	6	7	9	2	6	8	2	0	5	5	7	2	0	4	7	6	0	10	6	7	0	5	11	8	0	7
chr9	41103546	41138958	35413	7	0	35413	19590	15823	1973	891	1211	1725	1117	1080	1294	1052	1263	626	1283	1141	1447	909	770	1806	1371	923	312	902	1180	1894	490	1466	832	809	502	829	1160	1404	388	1361
chr9	41139251	41139278	28	7	0	28	13	15	0	0	1	1	1	1	2	0	0	1	0	1	0	1	3	0	0	2	0	1	3	1	0	1	1	1	0	2	0	0	0	2
chr9	41139582	41139640	59	7	0	59	38	21	10	0	9	0	3	1	1	0	4	1	1	1	2	2	1	1	1	0	0	3	0	0	1	0	3	0	1	4	1	1	0	5
chr9	41140324	41140375	52	7	0	52	35	17	5	1	0	6	2	3	2	2	2	1	1	1	3	2	0	3	5	1	0	1	2	0	0	0	0	0	0	2	3	1	1	0
chr9	41140567	41140619	53	7	0	53	40	13	11	4	1	2	3	0	3	2	1	2	0	0	3	1	0	5	4	1	0	2	0	0	0	1	1	0	0	1	3	0	0	0
chr9	41141058	41141139	82	7	0	82	62	20	17	2	4	7	3	0	2	1	0	2	2	0	11	3	0	6	3	2	0	3	1	2	0	3	0	1	0	1	2	1	0	1
chr9	41141561	41141630	70	7	0	70	50	20	11	4	2	7	4	0	1	1	2	2	3	0	6	1	3	2	3	1	0	3	0	0	0	3	1	0	0	1	2	3	0	2
chr9	41142265	41142292	28	7	0	28	18	10	2	0	4	1	1	0	0	1	3	0	1	0	1	1	0	2	0	0	0	1	0	0	0	2	1	0	0	1	0	2	0	2
chr9	41142637	41142728	92	7	0	92	68	24	35	0	0	4	1	1	3	4	0	0	1	1	4	6	5	1	3	2	0	2	3	1	0	2	2	2	0	4	1	1	0	1
chr9	41142819	41142860	42	7	0	42	23	19	9	2	0	0	1	0	3	0	1	2	4	0	0	0	0	0	1	1	1	1	2	0	1	0	0	1	1	2	1	1	1	4
chr9	41142912	41142957	46	7	0	46	34	12	10	5	1	2	5	0	0	3	0	0	0	0	3	0	0	3	4	2	0	0	2	0	0	0	3	0	0	1	0	0	0	0
chr9	41143448	41143516	69	7	0	69	43	26	7	2	2	5	2	2	1	1	4	0	3	4	3	1	2	2	2	2	0	1	2	1	0	5	0	1	1	0	3	4	1	3
chr9	41143836	41143866	31	7	0	31	17	14	2	1	1	1	1	1	1	3	0	0	0	1	2	1	0	1	1	1	0	1	2	2	0	1	3	1	0	0	1	0	0	0
chr9	41143966	41144044	79	7	0	79	51	28	12	1	1	5	0	3	4	2	3	1	4	4	4	2	1	3	2	2	0	3	2	2	0	2	0	0	0	2	5	2	2	3
chr9	41144278	41144308	31	7	0	31	19	12	2	0	3	1	1	0	0	3	3	0	0	3	0	0	1	1	0	1	0	0	1	1	0	1	0	0	0	1	3	1	0	2
chr9	41144721	41144746	26	7	0	26	17	9	1	2	1	0	0	0	2	1	1	0	0	4	2	0	1	1	1	0	0	0	0	0	0	0	1	0	0	1	2	0	0	3
chr9	41146000	41146040	41	7	0	41	21	20	3	2	4	0	3	1	2	1	3	0	1	1	0	0	0	0	1	1	0	1	0	2	0	3	4	1	0	1	2	0	0	2
chr9	41146216	41146249	34	7	0	34	20	14	1	0	1	2	0	3	0	1	1	0	1	2	2	0	2	2	1	1	0	1	2	1	0	2	0	2	0	0	2	1	0	1
chr9	41146328	41146403	76	7	0	76	51	25	9	4	3	4	3	0	3	6	3	2	0	1	4	2	1	5	4	0	1	3	1	0	0	2	3	1	1	2	4	2	0	0
chr9	41146798	41146847	50	7	0	50	33	17	4	0	4	3	3	0	3	1	2	1	0	1	2	4	1	3	3	1	0	2	0	0	0	2	2	0	0	2	2	0	0	2
chr9	41147379	41147411	33	7	0	33	18	15	7	0	3	0	1	4	0	0	2	0	1	0	0	0	0	0	1	1	0	1	3	0	0	1	0	3	0	1	1	0	0	1
chr9	41147694	41147727	34	7	0	34	22	12	4	1	1	4	3	0	1	4	3	0	0	0	0	0	0	0	1	0	0	0	0	0	0	1	4	1	0	1	2	0	0	1
chr9	41148446	41148518	73	7	0	73	53	20	15	2	2	6	3	0	1	0	1	1	2	1	7	6	2	3	1	4	1	3	2	0	1	3	0	0	0	0	1	2	0	1
chr9	41148679	41148711	33	7	0	33	26	7	8	0	4	3	2	0	0	0	4	0	1	2	0	0	0	0	0	0	0	0	0	0	0	0	0	0	0	0	2	0	0	5
chr9	41148839	41148944	106	7	0	106	68	38	15	3	5	6	2	4	3	2	5	1	0	0	7	2	6	6	2	3	0	5	6	2	0	3	1	6	0	3	2	1	0	3
chr9	41149369	41149403	35	7	0	35	24	11	1	0	1	4	1	0	1	3	2	1	2	1	2	0	0	4	0	0	0	1	0	0	0	0	3	0	0	1	3	0	0	2
chr9	41149690	41149723	34	7	0	34	20	14	1	1	3	1	1	0	2	0	3	0	0	0	1	1	2	3	0	1	0	1	0	2	0	1	1	0	0	4	2	0	0	1
chr9	41149862	41149906	45	7	0	45	29	16	4	1	4	2	2	1	0	1	3	0	1	2	3	1	1	1	1	1	0	1	1	2	0	2	2	0	0	0	1	2	0	3
chr9	41149999	41150401	403	7	0	403	165	238	13	4	11	7	9	19	24	5	10	15	19	9	3	7	9	1	11	15	6	13	14	26	13	18	19	13	20	15	13	17	7	16
chr9	41150554	41150612	59	7	0	59	27	32	1	1	3	0	1	2	7	0	2	4	3	0	1	1	0	0	3	2	1	2	2	2	0	2	4	0	0	4	2	2	0	5
chr9	41150860	41150915	56	7	0	56	33	23	12	3	2	0	1	1	3	1	3	0	3	1	1	0	1	0	2	0	1	1	1	3	1	0	3	0	0	3	0	2	0	5
chr9	41150978	41151026	49	7	0	49	24	25	2	2	3	1	3	0	2	1	3	3	4	0	0	0	0	0	1	0	3	1	1	0	2	0	1	0	0	4	3	3	1	3
chr9	41151341	41151439	99	7	0	99	57	42	6	3	3	3	4	4	5	5	5	3	2	5	0	3	2	3	5	4	0	4	6	2	0	3	2	0	0	0	5	5	0	5
chr9	41151534	41151589	56	7	0	56	38	18	6	2	4	5	4	2	1	3	4	2	0	1	3	0	0	1	4	1	0	1	1	0	0	2	0	0	0	0	4	1	0	2
chr9	41151723	41151759	37	7	0	37	24	13	2	1	2	3	1	0	2	2	3	0	0	2	1	0	1	2	0	0	0	1	3	0	0	0	0	1	0	3	2	2	0	1
chr9	41152316	41152388	73	7	0	73	40	33	2	0	5	2	3	2	2	3	1	4	4	1	3	2	3	2	2	3	0	3	2	2	0	4	4	0	0	2	1	3	0	6
chr9	41153902	41153943	42	7	0	42	24	18	6	2	2	2	2	0	2	3	4	0	0	0	0	0	0	0	0	0	0	2	3	2	0	1	3	2	0	1	1	2	0	0
chr9	41154079	41154174	96	7	0	96	57	39	7	2	5	3	5	0	5	3	2	3	3	7	3	2	2	5	3	1	1	2	2	3	0	2	2	1	0	5	6	2	2	5
chr9	41154395	41154427	33	7	0	33	21	12	2	0	1	3	1	0	2	2	3	0	0	2	0	1	0	3	0	0	0	1	2	0	0	1	0	2	0	0	2	1	0	2
chr9	41154660	41154696	37	7	0	37	23	14	1	2	0	3	1	0	3	1	3	0	2	2	1	0	1	1	2	0	0	0	1	1	0	1	0	1	0	1	2	1	0	4
chr9	41154758	41154983	226	7	0	226	140	86	22	8	11	12	6	3	4	14	10	6	0	5	15	4	11	8	7	10	0	3	10	5	2	11	5	5	0	6	5	8	2	6
chr9	41155165	41155332	168	7	0	168	99	69	19	6	5	6	8	8	4	13	7	3	6	6	2	1	2	3	9	5	0	4	10	3	0	1	5	5	2	1	9	1	1	11
chr9	41155633	41155684	52	7	0	52	33	19	5	1	1	2	1	0	1	8	2	1	1	1	1	2	2	3	2	0	0	2	2	0	0	2	2	1	0	1	4	2	0	0
chr9	41155903	41156005	103	7	0	103	73	30	12	3	1	9	1	5	2	9	0	0	0	0	12	5	3	9	8	3	0	2	2	1	0	2	7	1	2	2	0	0	0	0
chr9	41156160	41156299	140	7	0	140	96	44	10	4	7	14	7	1	2	9	8	1	1	3	10	5	4	9	4	3	0	4	7	0	0	4	4	2	0	2	4	5	0	4
chr9	41157168	41157388	221	7	0	221	97	124	9	3	4	6	9	13	13	4	3	6	8	7	1	4	4	1	8	11	4	3	15	8	4	12	8	11	6	9	8	9	2	6
chr9	41157604	41157641	38	7	0	38	26	12	6	1	3	2	3	0	1	2	2	1	0	2	1	1	0	0	2	1	0	0	1	0	0	1	0	0	0	0	3	1	0	2
chr9	41158835	41158921	87	7	0	87	61	26	27	1	5	4	2	0	2	5	3	1	2	3	5	1	0	0	0	2	0	1	5	0	0	1	2	1	1	2	2	2	1	4
chr9	41159095	41159126	32	7	0	32	17	15	4	2	2	0	1	1	0	0	2	0	4	0	0	0	0	0	0	1	1	1	1	1	0	2	0	1	0	1	1	1	1	2
chr9	41159365	41159398	34	7	0	34	24	10	7	4	1	1	3	1	0	0	1	0	1	1	2	1	1	0	1	0	2	2	0	0	0	0	0	0	0	0	3	0	0	0
chr9	41159474	41159510	37	7	0	37	20	17	0	1	1	2	3	1	0	3	1	0	3	1	0	1	1	0	2	1	0	0	1	1	0	2	2	1	0	1	2	1	0	3
chr9	41159963	41159994	32	7	0	32	22	10	2	0	3	1	1	0	0	1	0	1	0	1	4	0	1	5	0	0	0	1	1	0	0	2	2	1	0	1	0	2	0	0
chr9	41160338	41160542	205	7	0	205	119	86	32	11	4	4	10	7	9	2	3	5	13	3	6	0	2	6	9	5	1	9	5	4	5	4	6	4	4	6	8	5	2	9
chr9	41161141	41161178	38	7	0	38	30	8	6	1	3	4	1	0	0	1	2	1	1	0	5	1	0	3	1	0	1	1	0	0	0	0	0	0	0	0	1	0	0	3
chr9	41162111	41162156	46	7	0	46	29	17	4	1	3	2	3	0	1	3	1	1	0	1	2	3	3	0	3	0	0	2	1	0	0	1	1	2	0	2	2	0	0	2
chr9	41162899	41163007	109	7	0	109	67	42	7	5	4	5	3	0	4	3	7	1	4	1	5	5	5	7	3	3	1	3	3	3	1	5	1	3	0	2	3	3	0	7
chr9	41163312	41163358	47	7	0	47	28	19	6	0	3	4	3	2	0	0	1	0	1	0	3	3	1	0	2	3	0	0	2	2	1	2	1	1	0	2	0	1	0	1
chr9	41164063	41164170	108	7	0	108	81	27	8	2	2	11	4	2	2	4	5	2	2	4	7	4	6	15	2	0	1	7	1	0	0	0	0	1	0	1	9	0	0	4
chr9	41164594	41164661	68	7	0	68	41	27	2	4	3	3	2	1	5	2	5	2	4	1	2	2	0	2	4	0	0	4	1	1	0	2	1	1	0	0	4	2	0	6
chr9	41164879	41165065	187	7	0	187	121	66	11	9	12	9	7	5	7	6	9	4	2	5	14	9	4	7	14	5	3	5	3	2	0	7	3	2	0	1	5	2	1	12
chr9	41166204	41166361	158	7	0	158	90	68	20	3	2	11	4	3	7	6	3	0	5	3	9	3	4	6	2	5	0	2	10	7	1	6	6	8	2	7	3	4	1	3
chr9	41166432	41166459	28	7	0	28	27	1	0	0	0	4	0	0	0	1	0	0	0	0	3	1	0	16	1	0	0	0	0	0	0	0	0	0	0	0	0	0	0	0
chr9	41166586	41166671	86	7	0	86	64	22	14	4	5	6	4	0	0	3	4	2	1	3	7	1	4	6	1	0	0	5	0	1	0	1	1	0	0	1	5	1	1	3
chr9	41167288	41167316	29	7	0	29	20	9	2	0	1	3	0	0	0	1	2	0	0	1	2	2	3	3	0	0	0	1	1	1	0	1	0	0	0	0	0	1	0	2
chr9	41168006	41168040	35	7	0	35	23	12	6	0	2	2	1	2	1	2	1	0	0	2	2	0	0	2	2	0	0	0	1	0	0	1	1	1	0	1	2	0	0	1
chr9	41168273	41168297	25	7	0	25	17	8	2	0	2	2	1	0	1	0	2	0	0	1	0	2	1	1	0	0	0	2	0	0	0	1	1	1	0	0	2	0	0	1
chr9	41169359	41169393	35	7	0	35	26	9	5	0	2	4	0	1	1	1	3	0	0	0	2	2	1	3	1	1	0	1	1	0	0	1	0	0	0	0	1	1	0	1
chr9	41171304	41171329	26	7	0	26	17	9	6	3	2	0	2	0	0	0	3	0	1	0	0	0	0	0	0	0	0	2	1	0	0	0	0	0	0	0	1	1	1	1
chr9	41171673	41171752	80	7	0	80	33	47	0	2	1	0	4	6	7	1	0	2	8	1	0	0	0	0	2	3	0	5	7	2	0	3	6	4	0	3	3	3	0	5
chr9	41172110	41172164	55	7	0	55	35	20	2	0	4	2	1	1	0	4	1	1	3	3	4	2	2	4	2	0	0	2	1	0	0	2	3	1	0	0	0	2	1	5
chr9	41173676	41173713	38	7	0	38	26	12	3	2	1	2	2	0	2	1	1	0	1	2	3	1	0	3	3	0	0	0	0	1	0	2	1	1	0	0	1	1	0	2
chr9	41173860	41173908	49	7	0	49	36	13	1	4	3	6	4	0	0	3	3	0	1	0	5	0	0	5	3	0	0	1	0	0	0	1	2	0	0	2	2	1	0	0
chr9	41174177	41174240	64	7	0	64	34	30	7	1	1	0	2	4	5	3	1	3	5	0	0	0	0	0	2	0	0	6	4	1	0	0	6	2	0	0	2	2	0	5
chr9	41174321	41174396	76	7	0	76	53	23	9	2	2	6	3	4	1	4	5	0	0	2	2	0	1	11	2	1	2	1	2	1	0	0	3	2	0	1	5	0	0	2
chr9	41174820	41174894	75	7	0	75	55	20	3	1	2	8	1	3	1	2	3	0	2	1	8	6	6	6	4	0	0	6	1	0	0	1	1	1	0	0	1	1	0	4
chr9	41175106	41175146	41	7	0	41	28	13	5	2	2	2	3	1	0	1	2	0	2	2	1	1	1	1	2	0	0	2	1	0	0	2	0	0	0	0	2	3	0	1
chr9	41175313	41175342	30	8	0	30	21	9	4	1	0	4	3	0	0	0	1	1	1	0	1	1	2	2	0	0	0	2	1	0	0	1	0	0	0	0	2	1	0	0
chr9	41177035	41177107	73	8	0	73	54	19	8	4	1	9	3	1	4	2	3	2	1	2	7	1	0	4	5	1	0	2	2	0	0	1	0	0	0	0	3	2	0	3
chr9	41177323	41177365	43	8	0	43	33	10	4	1	3	2	1	2	0	1	1	1	0	2	4	1	1	8	2	1	0	2	0	0	0	1	0	0	0	0	2	0	0	1
chr9	41177424	41177550	127	8	0	127	80	47	15	7	6	5	5	5	4	2	8	3	3	2	5	2	4	3	7	1	0	8	3	4	0	5	1	1	0	0	5	6	0	5
chr9	41177965	41178002	38	8	0	38	25	13	1	3	1	1	2	1	1	4	2	2	0	2	1	0	0	3	4	1	0	0	1	0	0	0	0	0	0	0	4	0	0	2
chr9	41178788	41178905	118	8	0	118	57	61	8	3	2	4	3	3	6	6	2	0	9	6	3	1	0	0	2	1	1	3	6	3	4	5	4	10	0	4	5	4	3	5
chr9	41179420	41179455	36	8	0	36	22	14	3	1	2	2	0	0	1	3	5	0	0	3	0	0	2	0	0	1	0	0	1	0	0	2	1	0	0	0	2	2	0	3
chr9	41179853	41179894	42	8	0	42	28	14	3	0	0	2	1	1	0	5	0	1	1	2	1	1	4	5	2	1	0	0	0	0	0	0	3	0	0	3	2	0	0	2
chr9	41180043	41180092	50	8	0	50	34	16	6	1	2	3	2	0	2	2	1	1	1	3	3	0	2	3	0	0	1	1	0	0	0	0	3	0	0	5	4	0	1	1
chr9	41180232	41180281	50	8	0	50	25	25	1	1	1	1	3	4	3	2	0	1	5	2	0	0	0	0	0	1	0	4	1	0	0	2	4	1	0	3	7	1	0	0
chr9	41180653	41180759	107	8	0	107	50	57	0	1	1	1	2	19	5	5	1	1	4	2	0	3	0	3	17	1	3	3	4	1	1	1	8	4	3	3	3	1	1	3
chr9	41180898	41181011	114	8	0	114	55	59	1	1	5	3	5	5	6	5	1	0	6	6	2	3	1	4	3	2	0	4	7	5	0	8	4	8	0	4	7	5	0	1
chr9	41181322	41181351	30	8	0	30	23	7	3	1	2	4	1	0	1	0	2	0	0	1	4	1	0	3	0	1	0	0	1	0	0	0	0	0	0	0	1	0	0	2
chr9	41181430	41181480	51	8	0	51	35	16	5	2	1	4	2	0	0	4	2	0	0	2	2	4	4	2	2	0	0	3	1	2	0	1	0	1	0	1	3	1	0	0
chr9	41181945	41181971	27	8	0	27	16	11	1	1	0	1	1	1	0	1	0	0	0	0	1	2	3	4	1	2	0	1	0	0	0	2	2	1	0	0	0	0	0	0
chr9	41182024	41205156	23133	8	0	23133	14591	8542	2119	758	968	1348	904	568	788	853	913	384	629	574	1257	625	647	1255	963	498	108	766	712	467	102	740	566	443	85	592	873	613	79	934
chr9	41267181	41268840	1660	9	0	1660	1009	651	160	62	63	80	74	44	43	67	59	34	45	40	72	41	56	69	69	42	9	61	59	45	20	36	39	37	15	40	61	36	10	70
chr9	41268891	41273476	4586	9	0	4586	2620	1966	327	125	161	239	169	129	206	152	170	77	131	122	186	104	111	211	184	88	35	128	156	131	69	144	159	166	65	140	157	114	31	197
chr9	41273477	41296556	23080	8	0	23080	14071	9009	1926	748	887	1231	896	642	847	933	870	418	643	619	1100	559	580	1171	1022	517	103	726	755	550	156	713	653	491	185	587	888	615	116	931
chr9	41296557	41296809	253	10	0	253	166	87	14	6	17	15	10	4	9	6	10	5	3	9	18	11	11	18	8	4	1	13	7	2	1	6	5	4	0	7	8	6	0	13
chr9	41296811	41296870	60	10	0	60	42	18	5	2	3	4	0	0	2	3	5	0	1	1	4	0	4	6	1	0	0	1	0	2	0	1	4	0	0	2	0	1	0	6
chr9	41296872	41296974	103	10	0	103	71	32	10	5	4	6	4	2	3	7	4	3	4	5	7	1	2	2	4	1	1	5	0	0	0	1	2	0	1	1	10	0	0	6
chr9	41296976	41297009	34	8	0	34	28	6	9	1	1	4	0	0	1	0	2	0	0	0	5	0	1	2	0	0	0	1	0	0	0	1	0	1	0	1	1	0	0	1
chr9	41297011	41298385	1375	10	0	1375	913	462	129	46	50	97	47	39	45	57	59	22	21	35	88	42	45	89	65	34	3	48	36	21	4	38	35	16	2	23	52	28	5	52
chr9	41298390	41298420	31	10	0	31	17	14	1	0	1	2	1	0	2	1	2	1	0	1	0	0	1	3	0	0	0	1	2	2	0	2	2	0	0	0	0	3	0	1
chr9	41298422	41298922	501	10	0	501	310	191	35	10	23	28	23	22	16	19	17	11	14	19	21	16	9	26	23	11	4	22	19	11	0	13	12	6	1	7	25	15	1	20
chr9	41298923	41298941	19	9	0	19	11	8	0	0	3	0	0	0	0	1	3	0	2	1	0	0	0	0	0	0	0	0	0	0	0	1	0	0	0	0	2	1	0	3
chr9	41298942	41299043	102	10	0	102	52	50	2	2	7	2	5	1	4	4	5	3	6	4	1	2	3	0	4	0	0	3	5	2	0	7	2	4	0	4	4	8	0	6
chr9	41299051	41299421	371	10	0	371	211	160	15	14	16	17	11	11	18	7	20	7	17	8	16	12	15	6	9	15	0	20	14	10	2	17	6	7	1	6	18	11	1	22
chr9	41299423	41299441	19	9	0	19	16	3	3	2	0	2	1	0	0	1	0	0	0	1	3	0	0	1	2	0	0	0	0	0	0	0	0	0	0	0	1	0	0	0
chr9	41299443	41299612	170	10	0	170	88	82	11	4	2	5	3	6	9	8	2	4	9	2	6	6	6	4	6	8	0	5	10	6	2	9	2	8	0	8	8	5	0	4
chr9	41299620	41299750	131	10	0	131	62	69	2	4	5	3	7	7	7	6	4	2	8	5	1	1	0	0	4	5	0	5	8	3	0	8	7	4	0	5	8	8	0	2
chr9	41299761	41299857	97	9	0	97	58	39	6	5	2	6	4	4	2	2	6	1	1	3	3	4	6	3	2	7	2	2	5	3	1	2	1	0	0	1	4	1	0	6
chr9	41299858	41300916	1059	10	0	1059	599	460	64	35	53	33	42	39	47	45	48	22	38	20	31	19	20	42	52	23	2	38	39	29	5	39	40	25	4	35	43	34	5	46
chr9	41300921	41302178	1258	10	0	1258	795	463	88	35	52	68	44	37	40	67	45	23	36	45	65	34	37	78	57	31	2	39	40	21	0	41	36	21	1	24	55	30	3	61
chr9	41302180	41302273	94	10	0	94	58	36	6	3	5	5	3	0	4	2	7	1	5	4	2	2	3	5	2	1	0	3	1	4	0	3	1	1	0	2	5	3	0	9
chr9	41302274	41302415	142	10	0	142	90	52	12	3	7	11	11	1	6	5	7	6	3	3	3	4	4	3	6	3	0	6	5	1	0	3	3	2	0	3	9	3	0	7
chr9	41302416	41302444	29	9	0	29	18	11	1	1	2	1	0	0	0	3	4	0	1	0	1	0	2	0	0	1	0	0	1	0	0	2	1	1	0	0	1	1	0	3
chr9	41302445	41302585	141	10	0	141	93	48	11	2	7	15	6	2	5	7	9	3	1	4	10	1	5	4	5	2	0	1	5	1	0	4	5	3	0	4	5	4	0	8
chr9	41302587	41302953	367	10	0	367	175	192	35	8	3	11	12	14	20	3	6	8	21	7	5	9	8	3	14	11	4	10	16	13	10	18	10	24	10	10	9	9	10	14
chr9	41302955	41303003	49	8	0	49	41	8	5	1	0	5	0	1	1	3	1	0	0	1	5	1	0	16	2	0	0	1	2	0	0	0	0	0	0	0	0	2	0	0
chr9	41303005	41303102	98	10	0	98	72	26	10	3	4	8	3	1	3	7	4	0	0	2	7	0	2	17	2	1	0	1	1	0	0	0	8	0	0	6	3	1	0	2
chr9	41303103	41303246	144	10	0	144	65	79	12	3	1	0	2	6	12	0	3	4	13	2	0	4	2	0	5	3	2	7	5	4	3	8	4	8	2	5	6	5	3	8
chr9	41303247	41303285	39	8	0	39	22	17	8	1	0	3	2	2	0	0	0	0	0	0	2	1	2	1	2	1	0	1	2	3	2	0	0	2	2	0	0	0	0	0
chr9	41303286	41303430	145	10	0	145	66	79	4	2	4	3	3	6	5	5	1	3	8	7	5	2	4	2	2	7	3	1	7	7	5	8	4	8	1	7	6	5	3	5
chr9	41303431	41303461	31	8	0	31	18	13	0	0	2	1	1	1	1	3	0	0	0	1	2	2	1	3	0	1	0	2	1	1	0	1	4	0	0	0	0	1	0	0
chr9	41303462	41304636	1175	10	0	1175	794	381	110	31	47	95	55	24	31	44	47	20	28	29	71	37	37	86	54	18	5	35	27	18	3	25	26	13	1	32	48	24	1	51
chr9	41304637	41304646	10	9	0	10	8	2	1	1	0	0	0	0	0	2	0	0	0	0	1	0	0	1	2	0	0	0	0	0	0	0	0	0	0	0	0	0	0	0
chr9	41304647	41304950	304	10	0	304	221	83	44	9	20	22	11	3	7	11	15	7	1	5	26	7	9	22	8	8	0	11	7	1	0	6	4	1	0	9	13	4	0	11
chr9	41304951	41304997	47	8	0	47	36	11	4	0	2	8	2	1	0	1	2	1	0	0	6	2	3	3	1	0	0	3	1	0	0	0	1	0	0	1	1	1	0	1
chr9	41304998	41306175	1178	10	0	1178	821	357	115	36	53	115	57	27	31	48	68	10	15	42	79	29	31	65	53	14	2	33	23	7	1	25	26	9	1	28	61	26	2	44
chr9	41306176	41306188	13	9	0	13	8	5	2	1	1	0	1	0	0	0	2	0	0	0	0	0	0	0	1	0	0	0	0	0	1	0	0	0	0	0	0	1	0	1
chr9	41306189	41306238	50	10	0	50	29	21	4	0	3	1	3	1	1	4	2	1	2	4	0	0	1	1	0	2	0	0	3	1	0	0	3	1	0	2	3	0	0	5
chr9	41306240	41306467	228	10	0	228	149	79	16	10	6	19	10	4	10	9	10	4	4	4	15	5	6	16	13	5	0	4	7	1	0	9	6	4	1	5	7	7	1	8
chr9	41306470	41307224	755	10	0	755	466	289	48	24	44	37	29	15	20	32	47	13	24	25	29	16	27	36	28	12	3	25	21	16	0	36	17	10	1	10	29	35	0	44
chr9	41307225	41307271	47	8	0	47	17	30	0	0	5	0	0	0	0	0	4	0	7	0	0	0	0	0	0	0	0	0	0	7	0	11	0	0	0	0	0	11	0	0
chr9	41307272	41308019	748	10	0	748	498	250	54	18	32	54	22	20	16	39	34	11	20	24	48	22	27	57	33	11	4	23	20	5	0	26	12	8	1	17	32	26	1	29
chr9	41308020	41308042	23	9	0	23	13	10	0	1	1	1	2	1	0	4	0	1	0	0	1	0	0	1	2	0	0	1	0	0	0	0	4	0	0	0	0	0	1	0
chr9	41308043	41308389	347	10	0	347	250	97	39	16	11	27	11	5	12	15	15	3	3	13	26	9	8	35	15	7	0	11	11	3	0	4	6	1	1	4	11	7	1	15
chr9	41308396	41308745	350	10	0	350	237	113	40	11	25	24	17	9	7	5	21	4	8	10	22	9	10	15	15	5	1	10	5	4	1	9	5	4	0	9	13	6	2	22
chr9	41308746	41308779	34	8	0	34	20	14	2	2	1	0	2	1	0	2	1	0	2	1	0	2	2	0	2	3	0	1	2	0	0	2	0	0	0	0	1	1	0	2
chr9	41308780	41308896	117	10	0	117	76	41	13	2	12	5	5	2	3	3	7	3	2	4	6	1	3	4	3	1	0	4	3	1	0	4	3	1	0	4	3	5	0	8
chr9	41308899	41309138	240	10	0	240	138	102	24	3	8	11	8	9	7	13	11	7	12	4	2	6	8	4	9	7	1	8	10	6	1	9	8	5	0	3	9	8	2	15
chr9	41309139	41309186	48	8	0	48	29	19	7	3	3	2	3	1	2	1	5	0	1	1	0	0	0	0	2	0	1	1	0	0	0	1	2	0	0	3	3	2	1	1
chr9	41309187	41310387	1201	10	0	1201	837	364	131	36	50	90	48	24	29	38	47	17	30	46	80	29	45	96	36	19	7	44	23	10	0	29	28	7	1	20	52	26	0	61
chr9	41310388	41310404	17	10	0	17	8	9	0	0	0	1	0	0	2	1	1	0	1	2	0	0	0	0	0	0	0	0	0	0	0	1	0	1	0	1	3	0	0	1
chr9	41310406	41312284	1879	10	0	1879	1242	637	162	61	87	121	80	40	51	85	76	29	52	40	115	64	57	120	84	45	6	59	49	21	1	53	49	20	2	51	74	38	1	84
chr9	41312285	41312323	39	8	0	39	27	12	8	1	2	2	1	0	1	0	3	2	2	0	1	0	1	2	0	1	0	2	1	0	0	1	0	0	0	0	2	1	0	3
chr9	41312325	41312719	395	10	0	395	265	130	23	14	13	23	8	13	11	24	25	2	7	7	17	18	17	42	22	8	0	17	12	3	0	10	7	4	0	5	15	10	0	16
chr9	41312720	41313485	766	10	0	766	492	274	47	22	34	39	35	19	21	27	18	17	31	23	43	20	26	69	31	13	0	33	19	8	2	24	21	17	0	16	31	15	4	39
chr9	41313486	41313538	53	8	0	53	38	15	3	2	1	7	4	1	2	2	1	1	0	2	5	1	2	2	3	0	0	2	1	0	0	0	2	0	0	2	3	1	0	1
chr9	41313539	41314095	557	10	0	557	382	175	52	23	22	41	21	13	13	25	26	5	15	18	40	17	15	34	28	8	4	18	11	7	1	12	7	3	1	11	27	13	0	24
chr9	41314097	41314115	19	10	0	19	12	7	0	0	0	2	0	0	0	2	0	0	1	0	2	0	2	2	0	0	0	0	1	0	0	1	0	1	0	1	0	1	0	1
chr9	41314119	41314157	39	9	0	39	27	12	5	3	1	2	2	1	1	3	2	0	0	1	2	0	0	4	4	0	0	0	0	0	0	1	1	0	0	1	1	2	0	0
chr9	41314158	41314954	797	10	0	797	533	264	82	27	28	57	39	14	27	38	29	12	15	32	44	17	17	54	35	13	1	21	22	14	0	21	25	13	0	10	36	17	1	34
chr9	41314955	41315005	51	8	0	51	32	19	4	1	2	3	4	0	2	3	2	3	1	2	0	1	1	1	4	0	0	1	0	1	0	3	2	0	0	0	3	3	0	2
chr9	41315006	41315088	83	10	0	83	50	33	7	3	5	3	6	0	4	1	2	2	3	5	3	1	2	2	2	1	0	2	2	3	0	2	2	1	0	5	5	2	0	5
chr9	41315089	41315146	58	8	0	58	39	19	5	2	2	4	5	2	2	1	1	1	2	2	3	2	0	3	6	1	0	0	2	0	0	0	1	1	0	2	2	0	0	4
chr9	41315152	41315190	39	10	0	39	27	12	5	1	2	5	3	0	0	1	4	0	2	0	1	1	0	2	0	0	0	1	1	1	0	0	1	0	0	1	2	1	0	2
chr9	41315192	41315448	257	10	0	257	159	98	21	8	13	15	14	4	2	18	17	2	8	7	5	8	4	12	7	8	1	6	15	5	0	9	4	5	0	3	12	12	1	9
chr9	41315450	41315486	37	8	0	37	21	16	3	1	4	1	4	1	0	1	1	1	0	2	1	0	1	0	1	1	0	1	2	0	0	1	1	1	0	2	2	1	0	1
chr9	41315488	41315757	270	10	0	270	158	112	21	9	11	7	11	3	13	12	10	4	4	10	6	13	10	13	13	8	1	7	12	6	1	9	6	6	2	12	9	9	0	10
chr9	41315759	41315868	110	10	0	110	70	40	9	4	6	7	3	0	1	8	5	4	0	2	8	2	7	3	3	5	0	2	4	2	0	7	3	3	0	0	2	3	0	5
chr9	41315870	41315903	34	8	0	34	21	13	6	2	2	1	4	1	0	1	0	1	0	0	1	0	1	0	3	1	0	0	2	0	0	0	2	1	0	2	0	0	0	1
chr9	41315904	41316064	161	10	0	161	105	56	16	8	5	11	9	1	6	5	11	1	5	6	5	3	8	4	6	3	0	4	4	3	0	4	2	2	0	4	8	3	0	12
chr9	41316065	41316080	16	10	0	16	12	4	5	1	1	0	2	0	0	0	1	1	0	0	0	0	0	0	1	0	0	0	0	0	0	0	0	0	0	0	1	0	0	1
chr9	41316081	41316177	97	10	0	97	61	36	15	4	5	2	4	3	2	8	5	2	2	3	1	0	0	3	4	3	0	2	4	4	0	1	3	1	0	2	7	1	0	4
chr9	41316178	41316244	67	9	0	67	40	27	4	2	0	4	3	4	3	5	2	0	3	4	1	1	1	1	2	3	0	2	5	0	0	0	2	2	0	0	6	0	0	5
chr9	41316252	41316292	41	8	0	41	22	19	4	2	1	0	1	2	3	1	1	1	3	1	1	0	0	0	3	1	0	1	2	0	0	3	1	0	0	1	1	4	0	1
chr9	41316294	41316672	379	10	0	379	231	148	20	12	11	19	18	16	9	25	13	9	4	11	11	11	15	25	22	10	2	14	24	8	0	7	9	5	0	10	13	16	0	8
chr9	41316678	41316699	22	9	0	22	12	10	1	2	0	0	1	2	1	2	1	0	2	0	0	0	0	0	2	0	0	2	0	0	0	0	2	0	0	0	1	0	0	1
chr9	41316700	41317199	500	10	0	500	303	197	26	24	16	26	21	21	14	26	22	8	13	8	23	15	15	23	31	13	4	20	13	20	1	17	15	3	0	8	23	15	1	13
chr9	41317206	41318216	1011	10	0	1011	686	325	95	40	32	74	39	23	29	42	38	20	32	26	69	26	37	62	44	22	2	41	21	11	1	23	22	8	2	12	46	15	1	54
chr9	41318217	41318247	31	8	0	31	19	12	4	1	1	0	0	1	0	2	1	0	1	1	2	1	2	1	1	0	0	1	1	2	0	1	0	1	0	1	1	1	0	1
chr9	41318248	41318482	235	10	0	235	163	72	29	7	11	16	7	12	9	3	15	3	6	7	11	5	8	12	8	4	0	15	5	0	0	2	1	1	0	4	17	2	0	13
chr9	41318483	41318497	15	9	0	15	8	7	0	0	1	1	0	0	1	0	2	1	1	0	0	0	0	0	0	0	0	0	1	1	0	0	0	0	0	0	0	1	0	3
chr9	41318498	41318544	47	8	0	47	26	21	2	2	3	2	4	0	1	2	3	0	1	1	0	1	2	1	0	1	0	2	2	2	0	2	3	1	0	2	1	2	0	2
chr9	41318545	41318975	431	10	0	431	283	148	33	13	16	30	19	12	13	22	10	10	10	10	31	15	12	26	21	10	1	18	11	4	1	8	16	7	1	9	18	3	3	16
chr9	41318985	41319119	135	10	0	135	68	67	5	8	3	4	5	9	3	7	7	1	6	2	1	0	2	3	12	4	0	2	5	13	2	5	2	1	2	3	5	7	0	4
chr9	41319120	41319336	217	10	0	217	156	61	28	8	8	21	8	4	5	9	11	2	2	3	18	6	5	17	10	1	0	9	4	2	0	5	6	1	1	3	7	7	1	3
chr9	41319337	41319373	37	9	0	37	26	11	4	1	3	2	0	1	1	1	1	1	0	1	5	2	1	2	2	1	0	2	0	0	0	1	0	0	0	0	1	0	0	2
chr9	41319374	41319420	47	8	0	47	36	11	8	3	2	6	2	1	0	0	3	0	0	1	6	1	2	1	2	1	0	1	0	0	0	1	0	0	0	0	1	0	1	2
chr9	41319421	41320273	853	10	0	853	487	366	50	30	37	40	44	28	38	19	34	13	39	22	30	16	21	25	31	24	1	31	36	22	2	34	25	21	1	29	37	28	2	41
chr9	41320281	41320395	115	10	0	115	85	30	12	2	7	9	5	2	1	4	2	2	4	0	11	4	2	16	3	3	0	4	2	0	0	2	4	0	0	4	3	1	0	4
chr9	41320397	41320434	38	10	0	38	25	13	4	0	2	4	1	1	2	1	3	0	1	1	2	0	0	2	0	0	0	1	2	0	0	0	2	1	0	1	2	0	0	3
chr9	41320436	41320803	368	10	0	368	220	148	35	13	17	19	19	8	18	10	13	9	12	8	16	6	9	7	13	9	0	14	15	10	0	11	15	7	0	12	12	10	0	19
chr9	41320804	41321299	496	9	0	496	283	213	26	10	20	21	19	19	24	24	18	8	17	19	14	13	13	18	24	16	1	9	16	11	1	23	21	12	0	15	23	12	0	27
chr9	41321301	41321346	46	9	0	46	28	18	3	0	1	4	2	0	2	3	1	1	1	0	2	3	2	3	2	1	0	1	2	2	0	1	2	1	0	1	1	0	0	2
chr9	41321348	41321456	109	9	0	109	65	44	7	4	7	6	4	2	3	3	10	0	5	2	3	3	4	1	2	1	0	6	5	2	0	6	1	2	0	1	4	8	0	5
chr9	41321458	41321501	44	9	0	44	27	17	3	2	0	2	2	2	1	3	0	2	0	2	2	0	3	3	1	2	1	2	3	0	0	0	1	0	0	1	3	1	0	0
chr9	41321502	41321951	450	9	0	450	266	184	41	11	24	21	20	7	23	20	22	10	10	12	15	7	13	9	13	8	0	14	14	8	1	18	25	11	1	16	18	14	0	22
chr9	41321956	41321965	10	9	0	10	10	0	0	0	0	4	0	0	0	0	0	0	0	0	4	0	0	0	0	0	0	0	0	0	0	0	0	0	0	0	0	0	0	0
chr9	41321967	41322008	42	9	0	42	30	12	6	0	0	5	1	1	1	1	0	1	4	1	4	0	0	4	1	0	0	1	1	0	0	1	0	1	0	1	2	1	0	2
chr9	41322010	41323085	1076	9	0	1076	560	516	58	25	47	34	31	41	63	32	37	24	52	21	38	14	23	19	36	26	5	38	45	41	7	53	47	37	3	43	39	41	3	51
chr9	41323087	41323159	73	9	0	73	23	50	1	1	0	1	1	4	3	1	1	2	4	0	0	0	4	0	2	2	0	3	5	15	1	5	1	5	0	3	1	4	1	0
chr9	41323161	41323223	63	9	0	63	28	35	0	0	2	1	0	2	6	3	3	0	4	3	0	1	2	1	1	1	0	1	4	2	0	2	3	3	0	6	3	2	0	5
chr9	41323225	41323261	37	9	0	37	10	27	0	0	1	0	1	2	3	0	0	0	3	0	0	0	0	0	0	1	0	0	4	5	0	2	2	4	0	4	0	2	0	1
chr9	41323263	41323453	191	9	0	191	107	84	16	6	5	12	9	4	7	12	8	2	4	5	5	5	2	3	10	3	1	3	12	13	0	5	7	7	0	4	3	7	3	6
chr9	41323456	41323554	99	9	0	99	58	41	9	4	8	2	4	3	5	2	6	2	2	3	4	2	1	1	4	0	0	7	1	0	1	3	5	3	2	0	4	2	3	4
chr9	41323556	41323705	150	9	0	150	89	61	8	4	6	11	11	3	2	7	8	4	6	5	3	4	2	3	8	1	1	6	6	8	0	4	2	2	0	0	7	7	3	6
chr9	41323707	41323737	31	9	0	31	11	20	0	0	0	0	0	2	1	3	0	2	2	1	0	0	0	0	0	4	0	0	2	3	1	1	1	0	1	0	3	1	0	1
chr9	41323739	41324325	587	9	0	587	374	213	45	14	30	40	31	14	21	32	20	11	17	14	33	14	9	28	28	9	0	16	14	4	0	19	28	12	0	19	28	12	0	23
chr9	41324326	41324372	47	9	0	47	37	10	7	2	1	5	4	0	1	2	1	0	1	2	4	3	0	3	4	0	0	1	0	0	0	0	0	0	0	0	2	0	0	2
chr9	41324374	41324410	37	9	0	37	23	14	1	0	1	1	0	3	1	5	2	1	0	0	1	2	1	2	5	1	0	1	1	1	0	0	2	0	0	0	1	0	0	2
chr9	41324412	41324498	87	9	0	87	59	28	16	5	5	1	2	1	2	2	5	1	7	0	4	2	1	5	3	2	1	3	0	1	1	2	0	0	0	0	2	1	0	10
chr9	41324510	41325237	728	9	0	728	460	268	68	25	29	44	27	16	23	33	25	13	17	25	46	13	21	34	24	21	3	18	28	15	0	27	16	13	1	20	31	21	4	25
chr9	41325238	41325292	55	9	0	55	36	19	3	1	4	6	2	2	2	0	9	0	2	0	0	0	2	2	2	0	0	1	1	0	0	2	0	0	0	0	3	3	0	6
chr9	41325294	41325366	73	9	0	73	38	35	5	2	2	1	1	4	4	3	3	1	4	2	1	1	1	2	2	2	0	4	5	4	0	3	2	0	0	2	3	5	0	2
chr9	41325368	41326078	711	9	0	711	354	357	33	17	37	18	35	30	42	10	25	14	42	16	12	7	11	4	22	18	2	26	38	29	0	35	33	22	0	35	24	33	2	37
chr9	41326080	41326101	22	9	0	22	12	10	1	1	0	1	0	1	1	0	1	0	2	1	1	0	1	0	1	2	0	0	1	0	0	1	0	0	0	0	0	1	0	3
chr9	41326103	41326540	438	9	0	438	224	214	18	8	25	8	15	20	33	7	18	13	13	8	7	15	8	6	23	15	2	16	20	13	0	21	20	11	2	19	12	15	2	23
chr9	41326541	41326585	45	9	0	45	31	14	10	2	3	3	4	0	0	1	3	0	1	1	0	0	1	1	1	0	0	1	1	0	0	2	1	0	0	2	2	3	0	0
chr9	41326587	41326689	103	9	0	103	60	43	5	3	5	5	7	3	4	5	5	1	5	5	1	2	2	1	4	3	0	2	6	0	0	2	3	2	0	3	5	3	0	9
chr9	41326691	41326731	41	9	0	41	24	17	1	2	0	2	1	0	3	2	2	3	0	0	1	2	2	2	1	2	2	1	1	0	0	2	2	0	0	0	2	1	0	2
chr9	41326733	41327035	303	9	0	303	203	100	42	14	15	21	23	3	10	6	16	7	5	7	11	1	7	13	9	8	1	7	12	3	0	4	6	4	0	10	15	4	1	16
chr9	41327037	41327076	40	9	0	40	28	12	3	1	2	3	2	0	0	1	2	1	0	2	3	1	3	2	1	1	0	1	1	0	0	3	0	0	0	0	1	3	0	1
chr9	41327081	41327371	291	9	0	291	147	144	22	6	7	8	9	13	17	9	6	2	16	11	7	7	4	2	7	7	2	12	18	10	1	11	12	17	3	8	11	7	4	13
chr9	41327373	41327446	74	9	0	74	48	26	8	3	6	3	3	1	3	1	5	1	4	1	3	1	1	3	2	0	0	4	2	0	0	1	1	1	0	3	3	2	0	6
chr9	41327448	41327684	237	9	0	237	141	96	12	5	12	10	6	7	10	13	12	3	11	9	9	7	5	8	11	2	2	7	4	2	1	10	11	2	1	8	10	11	0	14
chr9	41327686	41327711	26	9	0	26	14	12	2	1	0	0	1	1	0	0	1	0	4	0	0	1	1	0	0	0	0	3	1	1	0	2	0	0	0	0	1	3	0	1
chr9	41327713	41329134	1422	9	0	1422	785	637	67	41	38	72	54	54	72	46	38	37	62	37	58	28	37	43	69	40	6	45	51	43	9	68	43	37	7	45	63	51	8	51
chr9	41329136	41329752	617	9	0	617	421	196	61	22	26	45	20	26	25	27	32	7	6	17	40	20	7	39	43	10	1	20	14	5	0	10	16	3	2	9	25	11	1	25
chr9	41329888	41330668	781	9	0	781	371	410	26	9	32	19	19	33	47	27	35	20	43	16	7	11	16	10	25	21	5	22	41	36	2	55	31	25	1	31	29	51	4	30
chr9	41330670	41331901	1232	9	0	1232	592	640	53	30	34	31	33	52	79	50	32	28	62	26	30	14	11	27	45	40	3	36	66	75	4	80	51	47	5	38	52	62	2	32
chr9	41331937	41332723	787	9	0	787	313	474	11	9	21	4	12	29	61	32	20	20	37	17	3	10	20	5	24	26	0	18	55	71	6	58	29	49	4	40	27	44	0	23
chr9	41332733	41333051	319	9	0	319	124	195	0	2	6	0	3	11	29	13	4	12	23	8	1	5	5	1	10	10	1	9	22	17	2	28	12	21	2	13	13	21	1	12
chr9	41333058	41333369	312	9	0	312	122	190	3	4	8	2	6	23	28	7	6	10	10	8	2	0	3	1	11	13	0	13	21	28	0	27	19	19	0	4	13	15	0	6
chr9	41333376	41333629	254	9	0	254	114	140	14	6	8	5	8	9	16	10	8	7	11	4	3	2	2	1	6	10	2	5	16	16	2	17	10	13	1	10	11	13	1	5
chr9	41333631	41333650	20	9	0	20	10	10	0	0	1	0	1	0	1	0	0	2	1	1	0	0	1	1	1	0	0	1	0	0	0	2	2	0	0	0	0	2	0	1
chr9	41333652	41334222	571	9	0	571	362	209	55	19	26	38	20	15	19	23	26	13	11	11	37	11	14	22	25	17	3	13	21	14	1	17	12	7	2	15	20	15	2	25
chr9	41334224	41334235	12	9	0	12	9	3	3	0	0	2	1	0	0	0	0	0	1	0	1	1	0	0	0	0	0	0	0	0	0	0	0	0	0	0	1	0	0	0
chr9	41334237	41334375	139	9	0	139	94	45	11	7	2	12	9	3	4	7	7	3	1	3	5	4	6	9	6	6	1	4	7	0	0	0	3	0	0	3	6	1	1	6
chr9	41334377	41334412	36	9	0	36	26	10	2	1	2	3	2	0	1	1	1	1	0	0	1	2	1	6	1	1	0	2	0	1	0	1	2	0	0	0	1	0	0	1
chr9	41334413	41334441	29	9	0	29	20	9	2	1	0	3	1	0	0	2	3	0	3	0	1	1	1	1	0	0	0	2	0	0	0	1	0	0	0	0	3	1	0	1
chr9	41334443	41334700	258	9	0	258	197	61	41	10	11	25	9	5	4	11	11	2	4	4	26	4	4	26	10	2	0	9	5	1	0	3	3	1	0	4	10	5	0	6
chr9	41334712	41334874	163	9	0	163	114	49	21	5	8	14	6	3	4	5	7	2	3	7	14	1	5	8	6	1	0	5	3	1	0	3	4	1	0	5	5	5	2	7
chr9	41334876	41334907	32	9	0	32	23	9	4	2	1	3	2	1	0	1	2	0	2	0	1	0	1	2	2	0	0	1	0	0	0	0	1	0	0	1	1	0	0	2
chr9	41334909	41335124	216	9	0	216	130	86	15	3	13	10	5	11	10	6	9	3	8	7	11	7	3	7	9	4	1	10	11	2	0	4	5	2	0	11	8	9	1	9
chr9	41335126	41335173	48	9	0	48	33	15	6	0	3	5	3	0	1	2	1	1	0	2	3	1	1	3	1	0	0	1	1	1	0	1	2	2	0	2	2	0	0	1
chr9	41335175	41335262	88	9	0	88	57	31	5	1	7	8	4	2	1	2	6	1	3	1	6	1	1	7	2	1	0	2	2	4	0	4	2	2	0	0	3	3	0	5
chr9	41335264	41335302	39	9	0	39	20	19	1	1	2	2	1	4	0	0	2	0	0	0	1	1	2	2	0	4	0	2	4	4	0	1	0	0	0	1	1	1	0	0
chr9	41335305	41335321	17	9	0	17	13	4	1	2	0	3	2	0	0	1	1	0	0	0	1	0	0	0	2	0	0	0	1	0	0	0	0	0	0	0	0	1	0	0
chr9	41335323	41335378	56	9	0	56	35	21	5	0	3	3	0	3	4	3	3	0	0	3	3	3	0	1	4	1	0	1	2	0	0	2	1	1	0	2	2	2	0	2
chr9	41335380	41335407	28	9	0	28	14	14	0	0	0	0	0	9	2	0	0	2	0	0	0	0	0	0	11	0	0	0	0	0	0	0	0	0	0	0	0	0	0	2
chr9	41335417	41335472	56	9	0	56	28	28	1	0	3	0	3	7	1	0	1	0	11	0	0	0	0	0	5	0	0	2	0	1	0	1	3	0	0	3	3	1	0	8
chr9	41335473	41335519	47	9	0	47	23	24	0	0	1	1	0	1	4	0	2	2	8	2	0	1	0	1	3	0	0	1	0	3	0	2	0	0	0	0	2	2	0	9
chr9	41335524	41336399	876	9	0	876	558	318	78	28	30	56	26	28	31	34	34	14	35	22	54	16	20	50	32	19	5	30	31	19	0	24	26	7	1	18	30	29	2	45
chr9	41336416	41336455	40	9	0	40	18	22	1	1	1	1	1	2	3	2	0	1	1	1	1	1	0	0	1	2	0	2	4	2	1	0	1	2	1	2	2	1	0	0
chr9	41336457	41336471	15	9	0	15	7	8	1	0	1	0	0	0	1	0	0	0	1	0	1	0	1	0	0	0	0	0	0	0	0	2	0	1	0	2	1	1	0	0
chr9	41336473	41336581	109	9	0	109	58	51	6	3	2	4	3	6	7	3	2	3	2	2	4	2	2	5	6	8	0	1	8	6	0	5	1	3	0	4	4	2	0	3
chr9	41336590	41336696	107	9	0	107	49	58	1	1	6	1	4	6	9	0	3	3	5	3	1	2	2	0	2	4	2	5	3	2	1	7	7	5	1	5	7	2	0	5
chr9	41336697	41337104	408	8	0	408	294	114	49	15	14	24	18	7	9	16	13	7	7	8	21	17	8	60	23	11	2	10	12	2	1	7	4	1	0	5	11	8	1	15
chr9	41337132	41337157	26	8	0	26	21	5	0	0	0	1	0	0	1	1	0	1	0	1	1	2	0	11	3	0	0	0	0	0	0	0	0	0	0	0	0	0	0	2
chr9	41337205	41337290	86	8	0	86	74	12	0	0	0	5	0	2	0	8	0	0	0	0	5	8	0	44	8	0	2	0	0	0	0	0	2	0	0	0	0	0	0	0
chr9	41337396	41337813	418	8	0	418	226	192	24	9	7	21	18	20	17	11	8	6	18	11	11	13	14	17	19	16	0	12	20	11	7	17	17	16	1	12	10	12	6	15
chr9	41337859	41338400	542	8	0	542	354	188	46	20	22	29	24	16	19	26	14	9	14	13	33	17	14	36	31	13	3	16	10	3	1	13	26	6	1	15	19	5	1	25
chr9	41338407	41339066	660	8	0	660	378	282	50	19	34	22	28	22	31	13	25	12	25	16	23	18	10	29	32	13	3	22	21	23	4	27	21	12	4	21	20	27	1	30
chr9	41339096	41339173	78	8	0	78	50	28	11	3	5	2	3	1	3	0	5	1	5	1	1	2	4	1	3	2	0	2	2	0	0	2	1	0	0	3	1	2	0	10
chr9	41339175	41339434	260	8	0	260	188	72	44	9	10	21	14	4	7	9	11	5	2	6	13	6	5	20	12	3	2	7	6	4	0	2	7	0	0	5	9	5	0	10
chr9	41339435	41339707	273	8	0	273	145	128	13	4	7	12	9	10	18	10	7	4	15	11	7	8	5	4	7	7	0	12	16	5	0	14	8	14	0	8	16	9	0	11
chr9	41339745	41339897	153	8	0	153	84	69	9	4	7	6	4	3	7	7	10	4	7	4	4	1	0	5	4	4	2	2	6	8	0	10	5	3	0	0	7	9	0	9
chr9	41339910	41339972	63	8	0	63	33	30	1	1	4	3	3	2	2	3	4	0	4	3	0	0	1	1	2	0	0	1	4	2	0	3	2	3	0	1	2	4	0	5
chr9	41340051	41340681	631	8	0	631	367	264	43	15	27	33	31	16	19	30	26	13	23	24	17	8	22	19	23	18	0	11	26	20	1	24	16	14	0	24	31	20	3	32
chr9	41340700	41342018	1319	8	0	1319	604	715	49	24	37	29	32	56	113	32	44	30	77	21	14	10	20	14	41	42	3	34	77	56	5	85	60	61	3	76	55	64	1	52
chr9	41342020	41342058	39	8	0	39	20	19	0	1	3	0	3	1	1	3	1	0	3	2	0	0	0	0	2	0	0	0	1	2	0	0	5	0	0	3	1	1	0	4
chr9	41342060	41342109	50	8	0	50	21	29	0	1	1	0	1	4	2	2	0	0	2	1	1	0	4	1	1	2	0	2	5	4	0	2	1	3	0	4	1	2	0	1
chr9	41342110	41342142	33	8	0	33	27	6	18	1	1	1	0	0	0	0	1	0	0	2	1	0	0	1	0	0	0	0	0	1	1	0	0	0	0	0	0	1	1	1
chr9	41342143	41342478	336	8	0	336	158	178	16	12	3	7	15	18	21	7	6	9	21	7	1	4	8	3	17	7	4	14	17	9	4	14	14	16	6	12	13	12	4	13
chr9	41342483	41342560	78	8	0	78	43	35	8	3	1	3	3	2	3	2	1	3	3	3	3	1	4	0	3	3	1	2	2	2	1	3	2	2	0	2	2	2	2	4
chr9	41342562	41342948	387	8	0	387	184	203	12	12	12	6	9	15	28	10	12	9	14	12	10	11	9	2	17	18	1	11	22	19	1	32	9	16	0	9	14	20	2	11
chr9	41342950	41342990	41	8	0	41	19	22	0	1	0	2	1	1	4	1	0	1	1	1	2	2	2	0	1	3	0	1	3	3	0	2	2	1	0	1	1	1	0	1
chr9	41342992	41344349	1358	8	0	1358	607	751	11	36	23	21	30	66	104	56	30	52	21	54	20	24	33	24	59	82	4	33	101	86	11	94	22	75	4	23	74	49	3	31
chr9	41344350	41344745	396	8	0	396	186	210	1	14	11	5	13	18	22	12	9	15	6	15	8	8	18	10	16	23	1	14	29	23	1	28	3	18	1	6	17	17	3	9
chr9	41344747	41344796	50	8	0	50	21	29	1	1	1	0	1	2	5	1	0	3	0	1	1	2	1	0	3	2	0	3	5	3	0	4	0	4	0	0	1	3	0	0
chr9	41344798	41344912	115	8	0	115	59	56	2	0	1	6	4	5	6	5	1	7	3	4	2	5	2	5	9	5	1	2	7	4	3	2	0	4	2	2	5	3	0	6
chr9	41344914	41344967	54	8	0	54	28	26	1	2	1	1	1	1	2	3	0	0	1	3	3	3	3	1	4	3	0	0	4	3	0	4	0	4	0	0	0	1	0	3
chr9	41344969	41345354	386	8	0	386	183	203	3	9	9	9	9	20	24	13	10	15	11	13	8	9	12	9	15	21	2	15	29	17	0	30	3	18	0	3	19	21	0	8
chr9	41345356	41345400	45	8	0	45	20	25	0	0	0	0	0	1	3	4	0	1	2	2	0	4	0	2	4	1	0	1	4	3	0	3	0	3	0	1	1	3	0	0
chr9	41345402	41345610	209	8	0	209	89	120	1	4	5	0	3	14	17	5	4	5	5	9	2	4	4	6	10	12	1	4	19	9	0	19	2	14	1	5	8	11	0	4
chr9	41345637	41345685	49	8	0	49	20	29	0	1	2	0	2	4	3	0	1	3	1	0	0	0	2	0	3	3	0	2	4	2	0	4	1	3	0	1	2	2	0	1
chr9	41345687	41345927	241	8	0	241	116	125	3	9	3	4	6	17	17	5	8	4	3	11	2	6	8	10	11	17	2	6	20	9	0	18	1	10	0	3	13	10	0	3
chr9	41345938	41346685	748	8	0	748	348	400	14	19	24	8	23	37	51	26	15	33	12	21	13	18	24	9	37	47	2	22	47	39	1	58	14	41	1	10	39	18	2	21
chr9	41346720	41346998	279	8	0	279	120	159	2	4	9	2	8	14	16	11	3	12	8	9	4	6	7	3	16	13	1	7	22	20	2	22	3	20	0	1	8	13	1	10
chr9	41347047	41348111	1065	8	0	1065	491	574	19	27	22	18	20	49	71	46	32	31	37	34	14	16	36	18	43	50	3	27	67	64	2	79	23	59	2	20	53	38	3	40
chr9	41348140	41348510	371	8	0	371	190	181	10	14	10	8	9	10	22	12	7	14	10	6	16	9	18	14	13	16	1	16	18	16	1	28	6	17	2	9	16	14	0	7
chr9	41348535	41348903	369	8	0	369	182	187	6	11	10	5	8	17	24	17	13	11	10	14	5	7	14	10	16	16	0	14	29	15	0	19	4	15	0	9	17	16	0	15
chr9	41348904	41348918	15	8	0	15	7	8	1	1	0	0	0	0	1	1	0	0	0	1	1	1	0	0	1	0	0	0	0	1	0	1	0	2	0	0	1	0	0	0
chr9	41348919	41350226	1308	7	0	1308	593	715	9	32	31	15	37	68	90	47	27	58	29	46	14	29	38	22	58	79	9	41	91	74	7	89	23	53	3	27	70	55	5	30
chr9	41350271	41350367	97	8	0	97	44	53	2	2	1	3	3	3	5	2	2	3	2	2	1	3	8	1	2	4	0	5	6	9	0	9	0	8	0	0	5	2	0	2
chr9	41350374	41350580	207	8	0	207	93	114	1	7	6	5	7	11	13	6	4	8	1	3	7	5	4	4	10	14	0	6	20	19	0	12	1	11	0	4	7	7	0	2
chr9	41350601	41350714	114	8	0	114	49	65	0	3	3	0	5	7	9	4	1	8	1	6	0	2	0	0	9	8	0	3	8	6	2	7	0	3	0	1	7	7	0	2
chr9	41350724	41350779	56	8	0	56	23	33	0	2	1	0	0	2	5	2	3	3	2	2	0	0	0	0	2	4	0	0	3	2	3	3	0	1	0	3	4	4	1	2
chr9	41350781	41350823	43	8	0	43	22	21	1	0	2	1	0	2	2	1	0	2	0	1	3	1	2	3	1	3	0	1	4	2	0	4	0	2	0	0	0	2	0	1
chr9	41350825	41351029	205	8	0	205	95	110	3	5	5	1	5	8	16	9	2	8	3	11	4	1	6	7	8	10	1	3	13	10	1	15	9	11	0	4	8	8	0	8
chr9	41351031	41351061	31	8	0	31	15	16	0	1	1	0	2	0	3	1	0	1	0	1	0	2	0	2	3	0	0	0	2	2	0	1	0	2	0	2	1	1	0	1
chr9	41351063	41351490	428	8	0	428	205	223	14	13	14	9	17	21	27	7	11	15	4	7	8	12	19	7	20	27	0	14	31	22	1	31	6	22	0	10	15	12	1	9
chr9	41351492	41351532	41	8	0	41	20	21	0	1	0	0	0	3	3	2	1	1	1	3	0	1	1	1	3	3	0	0	2	2	0	3	0	2	0	0	4	0	0	2
chr9	41351534	41352267	734	8	0	734	302	432	7	16	15	2	6	37	57	25	15	24	23	20	11	15	19	9	30	40	3	19	57	58	4	56	14	44	5	19	24	32	6	20
chr9	41352268	41352335	68	8	0	68	33	35	9	1	2	1	0	3	2	2	4	3	2	0	0	1	0	1	1	1	2	4	3	5	3	1	1	2	3	0	2	4	2	1
chr9	41352337	41352527	191	8	0	191	64	127	7	2	7	0	2	9	11	4	6	4	7	2	0	2	0	0	4	9	3	1	13	24	5	14	6	15	9	4	3	8	3	5
chr9	41352529	41352710	182	8	0	182	59	123	3	1	8	1	4	8	9	3	5	6	4	1	1	2	2	1	2	11	2	2	12	31	6	10	5	11	7	6	5	5	1	5
chr9	41352720	41352812	93	8	0	93	40	53	10	1	3	0	1	3	5	2	3	1	4	0	1	2	3	0	0	6	0	1	4	10	1	8	3	6	3	2	3	1	0	4
chr9	41352814	41352905	92	8	0	92	30	62	1	0	4	1	2	2	5	1	3	6	3	1	0	0	0	0	2	2	3	1	4	13	4	6	3	7	1	3	1	5	4	2
chr9	41352906	41353126	221	8	0	221	86	135	13	3	10	0	3	7	10	7	9	4	9	2	1	3	1	3	3	12	1	1	14	25	6	15	5	14	8	6	6	9	1	8
chr9	41353134	41353230	97	8	0	97	37	60	8	0	3	0	1	3	5	2	3	0	5	0	0	3	3	0	0	6	0	0	4	11	2	9	4	9	4	3	3	0	0	4
chr9	41353232	41353267	36	8	0	36	12	24	0	1	0	0	1	1	3	0	0	3	1	0	0	0	0	0	1	3	0	1	3	1	1	2	1	1	5	1	0	2	2	0
chr9	41353269	41353341	73	8	0	73	32	41	11	1	3	0	0	4	5	1	4	2	0	1	0	0	0	0	2	1	1	3	3	5	2	3	2	5	4	2	3	2	1	0
chr9	41353342	41353364	23	8	0	23	8	15	0	0	1	0	0	3	1	0	1	0	1	0	0	0	0	0	1	2	0	0	1	1	0	3	2	2	0	0	1	1	0	0
chr9	41353366	41353716	351	8	0	351	121	230	14	5	14	1	3	15	16	7	15	6	10	2	2	5	5	0	2	18	7	4	23	44	12	23	12	28	12	10	4	12	10	8
chr9	41353723	41353809	87	8	0	87	36	51	5	1	4	0	2	2	2	2	4	0	5	0	0	2	4	2	0	5	0	0	2	9	1	12	3	7	2	0	3	3	1	2
chr9	41353811	41353941	131	8	0	131	47	84	9	4	4	0	1	4	6	2	6	5	2	1	0	0	1	1	1	6	3	3	7	14	7	6	4	9	7	2	1	6	5	2
chr9	41353942	41353991	50	8	0	50	20	30	2	0	2	0	1	1	4	3	1	0	3	1	0	2	0	0	0	3	0	0	3	4	0	5	2	4	0	2	3	1	0	1
chr9	41353998	41354137	140	8	0	140	47	93	6	1	4	1	1	5	6	1	4	7	4	2	0	2	2	0	1	9	3	2	4	14	9	7	5	7	10	4	3	5	6	3
chr9	41354146	41354218	73	8	0	73	35	38	9	2	2	0	3	3	3	2	2	1	7	0	0	0	0	0	2	3	0	1	2	4	0	7	3	4	0	1	4	3	0	3
chr9	41354220	41354264	45	8	0	45	13	32	1	2	0	0	1	2	0	0	0	0	3	0	1	2	1	0	0	4	2	0	1	6	4	3	1	4	2	0	1	0	2	0
chr9	41354266	41354367	102	8	0	102	36	66	7	1	4	0	1	4	5	3	3	4	2	1	0	0	0	0	0	4	5	0	6	10	3	7	4	7	6	3	2	5	2	1
chr9	41354369	41354537	169	8	0	169	60	109	2	2	7	0	3	10	10	3	6	4	8	1	0	2	2	0	6	9	1	2	9	14	4	15	6	12	4	6	5	7	4	3
chr9	41354538	41354573	36	8	0	36	9	27	0	0	1	0	0	0	1	0	1	2	2	0	0	0	0	0	0	2	0	1	2	7	3	1	0	1	4	1	0	3	1	1
chr9	41354575	41354617	43	8	0	43	23	20	10	0	1	0	0	2	2	1	2	0	3	0	0	0	0	0	0	2	0	0	1	4	0	4	2	2	0	0	2	1	0	2
chr9	41354619	41354754	136	8	0	136	46	90	2	2	5	0	2	6	7	5	5	2	4	1	0	2	2	0	1	7	1	3	13	13	2	9	6	13	5	4	1	5	4	2
chr9	41354789	41355213	425	8	0	425	174	251	35	7	18	0	7	10	28	6	18	10	19	4	0	7	3	0	5	18	7	4	20	33	10	29	14	22	17	21	12	19	6	14
chr9	41355215	41355250	36	8	0	36	15	21	1	0	3	0	1	1	1	2	1	1	2	0	1	1	0	0	1	2	0	0	2	3	0	4	1	2	0	0	1	1	0	2
chr9	41355252	41355614	363	8	0	363	142	221	30	7	12	3	5	10	19	9	13	9	7	4	4	2	4	2	4	16	5	3	22	41	12	17	12	23	21	12	5	12	6	10
chr9	41355617	41355881	265	8	0	265	107	158	17	7	11	0	6	10	14	5	12	9	11	1	0	2	2	0	7	11	5	5	12	27	4	18	9	13	6	6	7	10	7	9
chr9	41355883	41355905	23	8	0	23	8	15	0	0	1	0	1	1	0	0	0	0	1	0	0	2	2	0	0	2	0	1	1	1	1	2	0	2	1	1	1	0	0	0
chr9	41355907	41356236	330	8	0	330	128	202	27	6	8	1	2	8	23	4	10	9	10	3	2	4	6	4	6	12	5	4	17	35	7	20	8	23	20	13	6	9	6	10
chr9	41356241	41356602	362	8	0	362	141	221	20	7	13	4	9	15	19	7	14	6	16	5	1	1	4	0	5	19	2	3	19	28	11	25	17	24	14	11	9	13	7	12
chr9	41356620	41357603	984	8	0	984	385	599	38	17	33	10	16	43	59	14	35	23	57	10	9	9	8	4	24	35	14	19	37	71	34	59	44	53	42	41	27	42	18	37
chr9	41357615	41357728	114	8	0	114	41	73	1	1	4	1	1	4	7	5	4	5	2	1	1	2	0	1	2	7	1	3	8	13	3	5	5	5	4	4	2	5	4	1
chr9	41357730	41357759	30	8	0	30	16	14	5	1	1	0	1	0	2	0	0	2	3	0	0	0	0	0	2	1	0	0	0	0	0	3	0	1	1	0	1	1	1	2
chr9	41357761	41357946	186	8	0	186	75	111	5	5	4	4	6	5	10	6	7	8	4	3	0	3	4	1	3	9	4	5	12	18	3	9	5	10	7	2	7	6	4	5
chr9	41357955	41358339	385	8	0	385	143	242	10	4	8	1	7	20	24	7	6	18	26	3	0	4	4	0	12	8	13	13	15	22	15	19	20	27	14	11	11	14	8	19
chr9	41358344	41358590	247	8	0	247	83	164	3	1	9	2	5	9	12	6	6	4	12	12	1	1	0	0	3	5	3	4	11	22	14	15	13	21	10	8	5	15	7	6
chr9	41358595	41358842	248	8	0	248	78	170	5	2	8	1	3	4	14	2	5	13	11	2	3	2	2	1	1	13	2	5	8	20	21	15	10	16	18	8	4	13	7	7
chr9	41358843	41358920	78	8	0	78	21	57	1	0	1	0	1	5	2	2	0	3	4	0	0	0	0	0	1	4	1	3	4	4	7	2	3	9	10	2	3	0	4	0
chr9	41358930	41359313	384	8	0	384	136	248	4	5	8	1	4	18	28	3	8	19	17	8	2	5	4	1	15	17	7	8	16	29	19	22	11	21	17	13	11	20	7	14
chr9	41359323	41359369	47	8	0	47	16	31	0	0	0	0	0	12	2	0	0	2	0	0	0	0	0	0	12	0	1	0	0	0	0	0	2	0	12	0	0	0	0	2
chr9	41359370	41359427	58	8	0	58	29	29	0	0	2	0	0	3	1	0	0	3	14	0	2	1	1	0	3	1	1	2	1	1	1	0	1	1	0	0	0	0	0	17
chr9	41359428	41362001	2574	8	0	2574	1618	956	221	83	107	179	118	59	72	100	115	46	69	52	136	56	53	151	117	42	19	66	73	56	29	67	75	59	21	49	85	67	11	119
chr9	41362003	41362059	57	8	0	57	39	18	4	1	3	4	2	4	0	3	1	1	2	1	5	1	1	4	4	0	0	3	2	0	0	0	1	2	0	1	3	0	0	2
chr9	41362061	41362129	69	8	0	69	54	15	6	5	2	5	2	0	2	4	2	2	1	0	7	3	1	11	5	0	0	4	0	0	0	0	0	0	0	0	3	0	0	2
chr9	41362131	41364437	2307	8	0	2307	1645	662	237	71	103	206	100	52	48	85	105	32	38	53	174	77	67	196	103	36	3	90	51	10	5	43	39	19	1	33	91	44	3	90
chr9	41364465	41366458	1994	8	0	1994	1424	570	247	72	97	165	77	23	47	75	93	22	39	57	163	54	60	131	75	25	2	69	35	17	3	39	42	12	3	37	71	40	2	98
chr9	41366459	41366951	493	8	0	493	259	234	37	12	13	21	14	13	15	9	10	10	29	13	23	11	17	11	8	13	5	20	17	20	14	18	9	20	13	14	17	17	6	22
chr9	41366953	41367013	61	8	0	61	27	34	3	2	3	1	2	0	1	2	4	1	5	0	1	0	0	1	3	0	0	0	1	11	0	6	1	0	0	1	0	8	0	2
chr9	41367014	41367435	422	8	0	422	249	173	35	0	35	22	11	11	11	16	26	9	13	10	20	9	9	12	10	8	0	11	11	18	1	23	17	8	0	7	11	19	1	26
chr9	41367436	41367480	45	8	0	45	28	17	7	2	1	0	1	2	0	2	1	0	5	1	2	0	1	1	1	2	0	1	2	0	0	2	1	1	0	0	1	1	0	5
chr9	41367481	41367556	76	8	0	76	49	27	3	5	2	6	7	2	1	5	3	2	0	1	3	0	5	4	6	0	0	3	1	1	0	2	2	1	0	3	5	1	0	0
chr9	41367568	41368244	677	8	0	677	358	319	35	14	28	29	20	23	36	20	25	14	39	11	27	8	9	18	19	14	3	23	29	25	2	35	25	27	6	22	26	25	5	33
chr9	41368246	41368262	17	8	0	17	10	7	0	1	1	2	1	0	0	0	1	0	0	1	2	0	0	0	0	0	1	0	1	0	0	1	0	0	1	0	0	2	0	0
chr9	41368264	41368320	57	8	0	57	38	19	7	2	2	1	0	1	0	3	3	1	2	3	2	1	5	3	1	0	0	4	0	0	1	1	0	2	0	0	3	0	3	4
chr9	41368322	41368366	45	8	0	45	27	18	4	0	2	2	1	1	2	0	1	2	3	1	2	1	0	3	2	0	0	2	1	0	1	1	0	2	0	2	3	1	1	2
chr9	41368368	41368685	318	8	0	318	225	93	45	14	13	25	16	6	7	14	18	1	11	4	19	8	6	17	16	4	2	7	7	1	0	3	8	2	0	8	12	4	0	18
chr9	41368686	41368875	190	8	0	190	126	64	15	4	11	12	10	6	5	10	8	3	3	11	9	5	5	9	8	4	0	6	4	4	0	1	5	0	0	5	14	1	0	10
chr9	41368886	41369209	324	8	0	324	283	41	46	6	7	49	6	2	0	13	10	1	0	6	46	10	10	69	10	2	0	7	1	0	0	2	1	0	0	1	9	1	0	7
chr9	41369293	41369657	365	8	0	365	255	110	38	9	16	26	15	5	7	18	12	1	11	13	23	9	16	34	11	1	0	12	5	2	0	6	13	4	2	17	16	6	0	15
chr9	41369737	41369879	143	8	0	143	93	50	22	4	8	7	7	2	3	9	5	3	2	0	6	5	5	4	5	3	0	6	8	0	0	3	5	5	0	4	2	3	0	5
chr9	41369885	41372014	2130	8	0	2130	1391	739	208	65	77	138	82	50	65	87	84	36	54	59	114	66	79	126	95	38	8	76	60	28	7	50	52	36	11	45	77	43	8	104
chr9	41372015	41372044	30	7	0	30	28	2	21	0	1	1	0	0	0	1	1	0	0	0	0	0	0	2	0	0	0	0	0	0	0	0	0	0	0	0	0	0	0	1
chr9	41372046	41372899	854	8	0	854	508	346	81	24	39	37	31	22	40	30	34	15	31	22	37	18	18	27	29	21	1	28	28	15	2	38	32	24	5	21	34	23	4	41
chr9	41372901	41372990	90	8	0	90	59	31	13	2	7	5	4	0	1	4	6	0	1	3	4	2	3	3	2	2	0	0	3	4	0	3	3	1	0	2	1	3	0	6
chr9	41373043	41373227	185	8	0	185	142	43	16	12	4	16	9	1	3	12	5	1	3	3	19	11	5	21	15	2	0	8	1	0	0	2	1	0	0	1	8	1	0	3
chr9	41373295	41373988	694	8	0	694	419	275	68	21	22	36	24	19	32	31	25	9	16	20	32	18	19	25	31	17	2	17	23	14	6	23	24	19	2	27	28	16	4	22
chr9	41374013	41374860	848	8	0	848	553	295	93	26	38	55	47	17	23	29	36	12	24	30	36	18	26	42	38	8	2	25	23	10	2	24	26	15	2	17	29	26	2	45
chr9	41374874	41374997	124	8	0	124	89	35	14	5	4	12	6	2	2	7	4	4	0	2	11	5	3	7	10	2	1	3	3	2	0	1	1	0	1	0	2	2	0	6
chr9	41375003	41376881	1879	8	0	1879	1198	681	170	74	107	102	80	26	73	67	103	34	52	51	100	44	51	63	68	32	12	66	48	31	1	54	56	20	2	50	74	52	1	113
chr9	41376899	41377038	140	8	0	140	77	63	6	2	6	7	4	3	10	7	8	6	4	2	5	1	2	2	6	1	1	4	5	5	0	5	6	5	0	5	7	4	1	8
chr9	41377079	41377666	588	8	0	588	279	309	21	14	22	11	24	28	34	23	16	8	21	22	6	5	10	12	23	21	2	9	42	33	3	27	27	25	2	28	17	26	1	23
chr9	41377684	41377743	60	8	0	60	48	12	17	1	4	6	1	2	1	2	7	0	0	0	2	0	0	4	1	0	0	1	0	0	0	0	1	0	0	1	4	0	0	3
chr9	41377752	41378231	480	8	0	480	334	146	48	10	22	49	19	11	11	18	24	4	6	15	38	16	14	28	20	7	0	13	12	4	2	8	12	7	4	7	16	8	0	25
chr9	41378283	41378444	162	8	0	162	83	79	19	2	3	5	8	8	11	2	2	3	9	4	1	2	2	1	4	5	1	5	8	4	1	9	9	8	0	6	8	5	0	5
chr9	41378446	41378556	111	8	0	111	79	32	8	3	1	14	10	2	1	4	4	1	3	3	4	6	7	7	7	0	0	5	1	0	0	0	4	1	0	2	5	0	0	6
chr9	41378561	41378926	366	8	0	366	261	105	63	7	17	32	15	5	9	16	16	6	4	7	25	8	10	21	14	4	0	8	6	4	0	10	12	4	0	8	12	7	0	14
chr9	41378949	41379008	60	8	0	60	46	14	6	1	2	6	2	1	2	1	3	0	2	3	5	2	2	6	2	0	0	2	0	0	0	0	1	0	0	1	3	0	0	5
chr9	41379085	41379458	374	8	0	374	218	156	27	11	11	18	13	14	10	14	14	5	12	14	13	9	12	19	15	5	4	15	13	13	5	7	10	11	7	6	13	9	6	17
chr9	41379498	41379618	121	8	0	121	61	60	16	2	3	4	2	4	6	2	4	1	5	2	2	2	3	1	1	4	1	3	6	4	4	5	2	7	5	6	5	4	0	3
chr9	41379754	41379941	188	8	0	188	134	54	24	6	6	18	10	3	6	4	10	3	4	2	11	4	7	14	7	2	2	5	1	0	0	5	6	1	0	5	9	3	0	8
chr9	41379982	41380325	344	8	0	344	217	127	22	14	12	27	15	12	9	7	17	3	11	10	21	10	12	14	17	9	3	10	6	5	6	9	8	4	2	6	12	8	3	18
chr9	41380353	41380796	444	8	0	444	246	198	30	10	12	21	14	17	16	9	10	9	22	11	20	8	11	25	11	13	7	13	14	9	10	17	14	15	10	13	17	13	3	18
chr9	41380829	41381184	356	8	0	356	269	87	51	10	9	36	12	4	9	10	17	4	4	4	25	14	11	48	10	6	1	14	6	2	2	4	6	2	0	4	13	4	1	11
chr9	41381185	41381382	198	8	0	198	135	63	20	9	9	14	12	5	5	4	8	1	7	7	11	5	4	12	8	5	0	7	6	0	0	4	4	1	1	4	8	4	1	10
chr9	41381397	41381541	145	8	0	145	106	39	16	5	5	12	3	3	3	7	5	2	1	4	13	3	7	15	5	3	0	5	2	1	0	3	4	1	0	3	6	1	0	5
chr9	41381573	41382059	487	8	0	487	337	150	51	16	18	41	26	10	12	15	21	5	17	18	27	8	13	38	18	9	1	11	9	4	0	10	13	3	1	9	23	8	0	30
chr9	41382060	41383338	1279	8	0	1279	820	459	108	43	45	82	59	39	42	45	41	23	36	35	69	34	31	86	59	34	8	38	40	19	4	39	31	24	1	26	55	25	5	51
chr9	41383345	41383608	264	8	0	264	164	100	25	9	13	13	10	4	9	12	14	4	8	9	11	6	10	6	7	6	0	10	11	4	0	6	6	4	2	8	11	8	0	16
chr9	41383613	41383772	160	8	0	160	100	60	15	8	5	9	5	6	6	9	10	1	2	2	7	3	4	8	8	2	0	8	4	6	1	2	7	2	1	2	7	4	0	4
chr9	41383774	41383792	19	8	0	19	10	9	0	0	2	0	0	0	1	0	0	0	0	0	3	1	2	0	0	0	0	1	0	0	0	3	1	2	0	1	0	0	0	0
chr9	41383794	41383997	204	8	0	204	151	53	29	6	8	14	9	3	4	7	9	1	5	9	11	6	9	20	6	1	2	7	1	0	0	1	5	0	0	5	11	1	0	12
chr9	41383999	41384060	62	8	0	62	50	12	15	0	6	5	1	0	0	1	6	0	0	2	4	2	2	4	1	0	0	1	1	0	0	1	0	0	0	0	0	2	0	6
chr9	41384066	41384616	551	8	0	551	319	232	62	14	21	23	29	15	23	18	16	9	16	11	14	16	8	22	21	15	3	15	24	13	9	16	20	22	1	21	20	12	3	17
chr9	41384618	41384655	38	8	0	38	29	9	6	1	2	4	3	0	1	0	2	1	0	3	1	0	0	3	1	0	0	1	1	0	0	0	0	0	0	0	3	1	0	2
chr9	41384657	41386198	1542	8	0	1542	945	597	134	57	67	76	67	42	58	58	56	23	43	48	78	33	37	66	59	33	1	62	65	46	2	45	44	37	2	31	58	42	3	67
chr9	41386202	41386343	142	8	0	142	109	33	36	0	10	11	6	2	2	6	8	4	1	5	7	2	1	6	5	0	0	3	2	0	0	1	0	0	0	4	9	3	0	6
chr9	41386345	41386566	222	8	0	222	164	58	24	10	7	28	15	6	3	2	12	1	4	5	19	8	8	11	11	3	2	9	3	1	0	3	2	1	0	1	10	2	0	9
chr9	41386611	41387113	503	8	0	503	353	150	46	16	20	37	18	14	8	22	20	6	6	15	35	15	22	52	22	10	0	19	11	7	0	11	9	4	0	9	21	7	2	17
chr9	41387114	41387355	242	8	0	242	169	73	35	8	9	16	8	4	9	9	8	0	4	9	16	8	8	16	6	4	1	9	4	1	1	5	10	4	0	6	10	2	0	10
chr9	41387374	41387810	437	8	0	437	321	116	62	16	16	39	17	7	8	24	24	3	7	9	30	22	12	24	27	2	5	14	6	0	1	3	7	3	0	4	16	5	0	22
chr9	41387834	41388431	598	8	0	598	394	204	43	15	22	36	16	17	17	40	21	13	18	17	36	24	16	41	29	13	2	25	17	8	0	13	21	1	0	6	23	16	0	30
chr9	41388486	41388731	246	8	0	246	146	100	15	10	8	11	14	8	7	24	11	5	7	5	4	2	4	10	14	4	1	7	13	4	0	2	14	4	0	8	12	7	1	8
chr9	41388746	41388798	53	8	0	53	34	19	3	1	2	2	1	3	1	5	1	1	1	3	3	1	1	4	5	0	0	1	1	1	0	2	2	0	0	0	2	2	0	2
chr9	41388836	41388910	75	8	0	75	47	28	7	4	1	5	2	5	2	1	5	1	1	2	4	1	5	0	4	2	0	4	5	2	0	1	0	0	0	0	1	4	0	4
chr9	41388961	41389039	79	8	0	79	51	28	7	1	2	4	2	3	2	5	2	1	4	7	3	2	3	2	1	2	0	4	5	0	0	0	0	0	0	0	6	2	0	7
chr9	41389061	41389296	236	8	0	236	155	81	23	7	15	9	5	10	8	4	11	3	6	10	15	4	7	17	6	3	1	14	7	2	0	4	7	0	1	6	7	8	2	12
chr9	41389342	41389770	429	8	0	429	285	144	31	16	17	32	17	3	14	20	26	4	15	5	23	15	15	31	18	6	0	14	5	7	0	15	7	6	1	14	24	8	1	17
chr9	41389822	41390198	377	8	0	377	269	108	43	4	16	32	12	5	7	21	17	1	14	21	21	14	17	22	9	2	0	13	4	0	0	5	8	3	0	11	24	4	0	25
chr9	41390200	41390740	541	8	0	541	376	165	61	29	22	36	27	13	15	22	20	6	10	7	40	19	17	30	28	11	0	28	7	3	0	14	18	6	0	6	24	4	0	16
chr9	41390793	41391464	672	8	0	672	493	179	63	25	25	62	28	10	6	32	25	5	11	21	58	21	30	69	25	9	0	27	10	2	1	15	11	6	1	10	30	11	0	21
chr9	41391490	41391971	482	8	0	482	343	139	59	18	17	42	23	11	15	19	20	7	6	13	34	14	12	32	26	8	0	16	9	4	0	8	15	1	0	4	18	8	0	21
chr9	41392050	41392815	766	8	0	766	552	214	95	36	22	66	31	11	25	31	29	8	7	24	63	19	24	59	30	19	0	25	17	9	0	12	18	4	0	12	33	6	0	29
chr9	41392838	41393349	512	8	0	512	322	190	46	13	20	26	20	14	17	23	8	14	19	15	32	11	17	26	19	7	1	24	15	7	2	10	18	10	1	19	22	10	4	20
chr9	41393390	41393528	139	8	0	139	98	41	22	5	7	7	7	3	3	8	5	4	4	2	8	3	1	7	7	1	0	7	3	1	0	1	3	1	0	2	8	2	0	5
chr9	41393533	41393627	95	8	0	95	48	47	5	4	3	1	4	4	8	3	3	1	1	3	0	4	1	1	5	4	0	5	6	4	0	5	5	3	0	2	3	4	0	1
chr9	41393668	41394772	1105	8	0	1105	733	372	97	41	38	80	46	31	37	58	43	13	20	35	70	30	25	69	54	20	0	40	33	16	1	27	42	13	0	13	42	28	1	40
chr9	41394799	41395113	315	8	0	315	233	82	29	7	16	33	12	3	9	8	13	3	2	10	31	10	10	35	10	3	0	10	3	4	0	6	8	1	0	9	11	5	0	12
chr9	41395115	41395252	138	8	0	138	78	60	9	2	5	9	6	2	9	4	5	3	2	5	5	2	3	6	2	3	0	4	8	7	0	5	4	6	0	4	7	3	0	6
chr9	41395290	41395646	357	8	0	357	269	88	59	21	20	25	18	4	5	10	14	4	3	9	34	10	11	20	17	5	0	17	4	3	0	5	4	1	0	1	12	3	0	16
chr9	41395685	41396139	455	8	0	455	301	154	31	13	18	33	19	10	13	19	22	5	10	27	23	12	13	32	22	9	1	8	14	7	1	11	9	4	0	3	16	13	4	31
chr9	41396173	41396882	710	8	0	710	451	259	45	17	32	43	19	22	31	30	30	11	19	33	42	10	23	42	25	11	1	23	21	7	1	19	21	10	0	27	35	20	2	36
chr9	41396883	41396915	33	8	0	33	24	9	0	0	0	0	0	0	0	0	0	0	0	8	0	0	8	8	0	0	0	0	0	0	0	0	0	0	0	0	0	0	0	7
chr9	41396916	41397338	423	8	0	423	286	137	46	13	11	29	16	10	10	23	15	3	9	17	21	12	11	38	17	7	4	10	15	7	2	5	11	3	1	11	16	12	1	15
chr9	41397378	41397954	577	8	0	577	357	220	53	18	33	29	32	12	23	20	29	14	12	11	19	11	13	26	23	12	1	19	20	8	2	18	22	10	1	17	22	18	0	27
chr9	41397955	41397979	25	8	0	25	14	11	0	1	1	1	1	0	3	0	1	1	2	1	1	0	0	0	0	1	0	1	1	0	0	0	1	0	0	1	2	0	0	3
chr9	41397980	41399521	1542	8	0	1542	1047	495	146	58	76	102	64	23	44	54	69	25	49	42	103	43	48	100	68	20	7	54	32	11	0	37	34	14	2	30	51	35	3	96
chr9	41399526	41401022	1497	8	0	1497	991	506	126	58	73	93	71	22	39	69	73	22	32	40	81	39	51	100	55	20	5	61	49	18	2	27	39	25	2	36	58	33	5	71
chr9	41401034	41401385	352	8	0	352	205	147	30	10	10	20	14	9	10	10	11	6	11	15	16	11	10	11	13	11	4	8	13	11	7	9	4	8	6	9	13	10	5	15
chr9	41401386	41401502	117	8	0	117	38	79	0	1	2	2	3	5	6	2	2	1	7	2	0	2	2	0	1	1	2	5	6	7	7	4	7	10	10	6	3	6	1	2
chr9	41401530	41402004	475	8	0	475	332	143	70	17	16	33	22	7	16	21	20	6	8	15	23	9	9	39	12	9	3	15	16	1	1	6	16	7	0	7	21	7	0	21
chr9	41402005	41402101	97	8	0	97	72	25	12	2	3	13	3	1	1	4	5	0	2	4	9	3	3	5	2	2	0	2	0	1	0	3	3	0	1	0	5	1	1	4
chr9	41402102	41402202	101	8	0	101	72	29	10	3	5	10	7	1	2	2	6	1	1	4	5	4	3	6	6	1	0	3	0	2	0	3	1	1	0	0	6	1	0	5
chr9	41402203	41402216	14	7	0	14	7	7	0	0	0	0	0	1	1	0	0	0	2	0	0	1	1	0	1	0	0	1	0	0	0	1	0	0	0	0	1	1	0	1
chr9	41402217	41402862	646	8	0	646	475	171	90	22	27	59	22	12	17	25	35	9	12	11	53	21	19	39	28	9	0	27	10	2	0	6	9	2	0	11	29	5	2	31
chr9	41402863	41402924	62	7	0	62	45	17	8	1	3	7	1	1	1	3	4	3	0	1	6	0	1	5	1	1	1	1	0	1	0	0	2	0	0	0	3	0	1	4
chr9	41402925	41403956	1032	8	0	1032	650	382	77	39	39	68	31	32	35	53	49	13	17	22	65	27	31	51	54	25	4	28	35	25	4	33	29	19	1	23	32	28	3	38
chr9	41403957	41403972	16	7	0	16	10	6	0	1	1	0	0	0	0	1	0	0	0	0	2	1	1	2	0	1	0	1	0	0	0	1	1	0	1	0	0	0	0	0
chr9	41403973	41405229	1257	8	0	1257	901	356	163	45	56	109	55	20	31	44	54	10	23	37	100	29	30	93	51	11	3	39	19	6	5	22	36	13	2	25	44	22	4	54
chr9	41405230	41405679	450	8	0	450	302	148	21	9	18	22	13	5	11	19	13	9	11	7	24	17	15	86	18	10	3	9	13	11	0	14	5	8	3	14	13	9	0	18
chr9	41405680	41406012	333	8	0	333	240	93	21	9	12	23	19	14	6	12	7	3	3	9	18	13	7	64	21	7	0	10	7	1	0	5	9	4	0	5	13	1	0	8
chr9	41406013	41406060	48	7	0	48	32	16	2	3	0	3	3	2	0	5	1	0	0	1	2	2	1	5	4	2	0	1	4	1	0	0	1	1	0	0	1	1	0	0
chr9	41406061	41406127	67	8	0	67	45	22	4	3	1	8	4	4	2	2	2	3	1	1	6	0	3	1	6	1	0	3	2	0	0	0	1	0	0	1	3	1	0	2
chr9	41406128	41406312	185	8	0	185	100	85	19	5	2	7	4	5	12	4	4	3	11	3	6	1	6	7	3	6	1	4	11	4	0	12	3	10	0	9	7	7	1	6
chr9	41406313	41406327	15	7	0	15	5	10	0	0	0	0	0	2	0	2	0	1	0	0	0	0	0	0	0	2	0	0	2	0	1	0	1	1	0	0	1	0	0	0
chr9	41406328	41406658	331	8	0	331	200	131	24	6	14	19	14	8	13	8	10	8	18	9	15	9	10	14	11	5	0	14	14	5	1	10	5	10	1	8	13	10	0	23
chr9	41406665	41406872	208	8	0	208	142	66	34	6	9	11	5	4	7	7	7	5	5	4	15	6	7	8	7	7	0	7	4	2	0	9	2	1	0	5	10	5	0	7
chr9	41406873	41406903	31	7	0	31	21	10	4	1	1	2	1	2	0	3	1	1	0	1	2	0	0	2	2	0	0	1	1	1	0	0	0	0	0	0	3	0	0	0
chr9	41406904	41407731	828	8	0	828	514	314	53	33	33	45	35	14	32	35	30	21	26	15	46	30	20	45	38	18	3	39	30	21	0	23	18	11	2	19	30	24	7	30
chr9	41407732	41407774	43	7	0	43	31	12	0	1	1	6	2	0	2	2	1	1	0	2	5	1	2	4	1	0	0	2	0	0	0	0	3	0	0	1	1	0	0	3
chr9	41407775	41408119	345	8	0	345	247	98	33	12	14	26	14	4	10	17	13	2	7	10	26	13	6	39	17	5	0	9	9	2	0	5	8	1	0	9	11	8	0	13
chr9	41408120	41408129	10	7	0	10	7	3	1	0	0	1	1	0	0	0	0	0	0	1	0	1	0	1	0	1	0	0	0	0	0	0	0	0	0	0	1	0	0	0
chr9	41408130	41408253	124	8	0	124	84	40	12	5	2	13	8	1	4	4	3	3	3	4	11	2	4	3	6	1	0	4	3	2	1	2	4	2	0	2	4	3	1	5
chr9	41408254	41408471	218	8	0	218	133	85	12	7	10	9	4	3	8	9	12	3	10	7	11	7	11	9	6	3	1	10	6	7	0	5	5	2	1	6	7	7	0	18
chr9	41408472	41408527	56	7	0	56	37	19	8	2	3	2	1	1	1	0	2	1	4	2	4	1	3	2	0	1	0	4	2	0	1	0	0	0	0	0	1	2	0	6
chr9	41408528	41408846	319	8	0	319	168	151	14	7	12	6	7	17	19	13	14	9	17	6	5	9	9	3	17	12	2	11	13	7	1	13	14	4	0	10	11	11	1	23
chr9	41408847	41408862	16	7	0	16	9	7	1	2	0	0	1	0	2	0	1	0	0	0	0	1	0	0	1	0	0	1	1	0	0	0	1	1	0	0	0	0	0	1
chr9	41408863	41409223	361	8	0	361	234	127	35	7	21	24	8	9	8	20	16	8	8	7	29	9	8	15	11	7	3	12	10	9	2	8	8	4	1	13	16	9	2	12
chr9	41409225	41409246	22	8	0	22	18	4	1	0	0	4	1	0	0	0	0	0	1	2	3	1	1	3	0	0	0	1	0	0	0	0	0	0	0	0	1	0	0	1
chr9	41409248	41409515	268	8	0	268	176	92	20	10	8	21	19	11	8	8	10	3	3	7	10	9	5	22	25	2	2	5	8	1	0	6	7	6	2	5	7	6	2	8
chr9	41409517	41409538	22	8	0	22	14	8	1	2	1	2	1	1	0	1	0	0	0	1	2	0	0	0	2	0	1	0	0	1	1	0	1	0	0	1	0	1	0	0
chr9	41409540	41409908	369	8	0	369	272	97	53	15	13	30	15	3	7	15	12	3	6	12	31	11	10	35	14	8	1	8	7	2	0	7	8	1	2	5	11	5	1	16
chr9	41409910	41409930	21	8	0	21	16	5	2	1	1	2	0	0	1	1	1	0	0	0	2	1	0	3	1	0	0	1	0	0	0	0	0	0	0	1	1	0	0	0
chr9	41409932	41410132	201	8	0	201	142	59	22	7	6	21	7	6	4	7	6	2	2	9	21	4	8	8	8	5	0	6	7	2	0	6	2	1	0	3	7	7	0	5
chr9	41410133	41410191	59	8	0	59	47	12	10	1	0	10	2	1	1	2	4	1	0	1	5	1	3	3	4	0	0	0	0	0	0	2	0	0	0	0	2	2	0	2
chr9	41410200	41410354	155	8	0	155	113	42	27	5	10	11	8	5	1	7	7	2	2	4	11	4	2	6	7	2	1	6	2	0	1	1	3	0	0	3	9	2	0	4
chr9	41410355	41410373	19	8	0	19	9	10	2	2	0	0	0	0	2	0	2	0	1	0	0	0	0	0	1	0	0	1	0	1	1	1	0	0	0	0	1	1	1	0
chr9	41410375	41410445	71	8	0	71	56	15	15	3	3	5	4	2	1	2	2	0	1	2	4	1	1	8	3	0	0	3	0	0	0	0	3	0	0	1	3	0	0	2
chr9	41410447	41411104	658	8	0	658	460	198	60	18	31	52	24	13	15	29	32	6	13	27	45	19	15	60	26	8	3	19	15	5	2	13	9	6	0	13	30	16	3	29
chr9	41411106	41411133	28	8	0	28	17	11	0	1	0	2	2	0	1	1	1	1	1	0	0	1	3	2	1	1	0	1	1	0	0	0	1	0	0	2	1	0	0	2
chr9	41411135	41411494	360	8	0	360	254	106	41	15	17	34	24	4	1	10	20	6	6	9	22	7	13	23	13	8	1	10	9	9	0	9	4	1	0	1	14	9	1	17
chr9	41411495	41411686	192	7	0	192	144	48	19	4	5	15	8	2	3	15	4	3	1	5	12	14	4	28	17	2	0	4	2	0	0	4	3	0	0	3	6	4	0	3
chr9	41411691	41411844	154	7	0	154	69	85	2	5	2	3	6	7	9	1	3	4	9	3	2	2	4	5	3	7	1	7	6	4	6	8	9	8	3	4	5	5	4	5
chr9	41411846	41411932	87	7	0	87	43	44	9	3	2	0	2	2	6	2	3	2	5	2	1	1	2	0	1	3	2	2	5	0	0	6	2	8	0	2	4	1	2	5
chr9	41411933	41413294	1362	7	0	1362	927	435	145	33	64	109	51	34	35	39	57	20	30	38	99	38	55	78	48	26	2	49	33	14	2	37	27	22	2	27	51	24	0	71
chr9	41413301	41414143	843	7	0	843	635	208	120	26	31	89	37	11	18	34	35	13	7	23	74	20	20	76	34	7	4	26	7	2	1	10	23	4	1	10	35	7	6	30
chr9	41414145	41414215	71	7	0	71	48	23	6	1	3	5	3	7	0	3	2	1	1	0	3	4	0	7	9	0	3	1	1	0	0	1	2	1	0	1	1	1	1	1
chr9	41414217	41414261	45	7	0	45	25	20	3	4	1	3	4	2	0	0	1	0	1	0	3	0	0	3	3	3	0	0	3	3	2	1	0	1	0	0	0	1	0	1
chr9	41414263	41414394	132	7	0	132	62	70	8	2	1	4	3	5	9	6	1	2	9	4	3	2	3	0	2	4	0	5	9	2	2	8	6	10	0	4	6	4	1	5
chr9	41414397	41414433	37	7	0	37	15	22	0	0	0	0	0	5	4	0	0	1	2	0	0	1	1	0	2	3	0	1	2	0	0	3	2	1	0	3	3	1	0	0
chr9	41414435	41414639	205	7	0	205	127	78	18	4	6	14	7	5	9	2	4	2	13	6	13	6	5	12	2	7	2	6	7	2	0	8	9	2	1	5	5	6	1	14
chr9	41414641	41414658	18	7	0	18	14	4	0	1	0	2	1	1	0	1	1	0	0	0	2	1	1	1	2	0	0	1	0	0	0	0	0	0	0	0	1	0	0	0
chr9	41414659	41415259	601	7	0	601	388	213	49	20	27	39	30	16	19	24	26	4	12	16	30	21	16	37	27	12	0	22	14	9	3	17	21	10	3	16	27	12	0	20
chr9	41415261	41415287	27	7	0	27	21	6	4	0	0	3	1	0	0	4	2	0	1	1	0	2	0	1	2	0	0	0	0	0	0	0	0	0	0	0	3	0	0	1
chr9	41415289	41415752	464	7	0	464	332	132	50	11	17	44	15	11	8	25	25	9	8	5	32	16	14	40	24	7	0	16	9	3	1	11	6	3	0	5	20	11	1	15
chr9	41415754	41415791	38	7	0	38	25	13	3	2	2	3	1	2	3	0	1	0	1	0	4	1	0	1	1	1	0	3	1	0	0	0	2	0	0	2	1	0	0	1
chr9	41415793	41415911	119	7	0	119	95	24	18	1	3	16	5	0	1	5	4	1	0	4	12	5	6	13	2	0	0	5	1	0	0	0	4	0	0	2	4	2	0	3
chr9	41415912	41415925	14	7	0	14	13	1	2	0	0	3	0	0	0	0	0	0	0	1	3	0	0	2	0	0	0	0	0	0	0	0	0	0	0	0	0	0	0	1
chr9	41415926	41416257	332	7	0	332	243	89	38	11	5	42	13	5	7	9	7	3	8	11	37	6	10	29	12	3	0	10	8	4	1	10	3	5	1	3	11	11	0	7
chr9	41416259	41416296	38	7	0	38	26	12	3	1	1	2	2	0	1	1	1	1	1	0	1	1	1	7	1	1	0	1	1	1	0	2	1	1	0	0	1	1	0	1
chr9	41416298	41416742	445	7	0	445	279	166	34	18	14	27	16	12	14	23	22	4	17	10	22	9	13	22	18	11	3	11	14	7	1	12	13	7	2	14	21	9	2	21
chr9	41416743	41416754	12	7	0	12	6	6	1	0	1	0	0	0	0	0	1	0	1	0	0	0	0	0	0	0	0	0	0	0	0	1	0	1	0	1	1	0	2	0
chr9	41416755	41417131	377	7	0	377	244	133	31	15	14	27	19	8	10	18	18	2	8	8	19	11	12	23	20	4	0	12	15	11	0	7	9	9	0	9	11	9	0	16
chr9	41417132	41417167	36	7	0	36	25	11	2	2	0	2	2	3	0	3	1	0	0	0	1	2	0	5	5	1	2	0	1	0	0	0	0	0	0	0	2	0	0	0
chr9	41417169	41417296	128	7	0	128	90	38	9	1	3	7	4	1	4	11	2	2	0	3	5	8	5	23	8	2	0	2	3	0	0	2	8	1	0	5	2	2	0	3
chr9	41417298	41417323	26	7	0	26	21	5	5	2	1	3	1	0	0	1	2	0	0	1	3	0	1	0	1	0	0	1	0	0	0	0	0	0	0	0	1	0	0	1
chr9	41417326	41417464	139	7	0	139	99	40	16	6	3	11	3	2	6	3	5	2	2	5	12	5	5	11	7	4	0	4	3	3	0	3	0	1	0	1	5	1	0	8
chr9	41417466	41417615	150	7	0	150	105	45	8	5	7	10	6	2	2	13	7	1	0	5	10	4	6	18	7	3	0	2	4	0	0	3	5	2	0	5	7	2	0	4
chr9	41417621	41417803	183	7	0	183	118	65	17	8	5	8	8	4	6	12	7	4	6	6	6	2	8	9	6	5	0	7	6	1	0	3	5	1	0	8	13	3	0	7
chr9	41417805	41417907	103	7	0	103	88	15	16	1	4	18	3	1	0	3	5	0	1	1	14	2	2	16	0	1	0	3	0	0	0	1	1	0	0	1	5	0	0	2
chr9	41417909	41417995	87	7	0	87	65	22	8	5	2	10	6	1	1	6	2	2	0	3	8	1	0	9	9	0	0	0	1	2	0	2	0	0	0	0	3	3	0	1
chr9	41417996	41418037	42	7	0	42	30	12	7	0	2	4	1	1	0	3	1	0	2	1	4	2	0	2	3	0	0	0	1	0	0	1	1	0	0	0	0	2	0	2
chr9	41418038	41418129	92	7	0	92	70	22	8	1	4	8	2	3	1	1	4	1	2	3	8	4	5	13	3	1	0	5	0	1	0	2	0	0	0	0	4	1	0	5
chr9	41418133	41418204	72	7	0	72	57	15	10	3	1	10	3	0	1	4	4	0	1	4	7	0	2	5	1	0	0	2	1	0	0	0	1	0	0	1	6	1	0	2
chr9	41418205	41418265	61	7	0	61	53	8	8	1	1	10	1	1	0	4	2	1	0	1	9	1	1	10	3	0	0	1	0	0	0	0	0	0	0	0	3	0	0	1
chr9	41418266	41418339	74	7	0	74	57	17	11	3	3	8	4	2	1	2	3	1	0	2	8	2	3	2	5	1	0	2	0	0	0	1	1	0	0	1	3	0	0	3
chr9	41418340	41418473	134	7	0	134	86	48	3	1	5	13	3	1	3	10	3	3	3	8	12	3	6	7	3	4	0	2	5	4	0	5	5	2	0	1	4	4	0	9
chr9	41418474	41418577	104	7	0	104	74	30	9	4	5	9	6	0	3	2	6	2	2	2	7	3	5	7	4	0	0	6	0	1	0	3	2	1	0	1	5	2	0	5
chr9	41418578	41418599	22	7	0	22	12	10	2	1	1	1	2	1	0	1	1	2	0	0	0	0	0	0	2	1	0	1	1	0	0	0	0	0	0	0	1	2	0	0
chr9	41418600	41418734	135	7	0	135	98	37	24	4	6	11	3	2	2	8	9	2	3	1	10	3	2	6	5	1	1	4	3	1	0	3	1	0	1	2	6	5	0	4
chr9	41418735	41418756	22	7	0	22	14	8	0	0	0	2	0	0	0	1	1	0	2	0	1	2	2	3	0	1	0	1	0	0	0	1	0	0	0	0	0	1	0	2
chr9	41418757	41418813	57	7	0	57	47	10	9	3	3	5	2	0	1	1	3	0	0	1	7	2	1	7	1	1	0	3	1	0	0	0	0	0	0	0	2	0	0	2
chr9	41418814	41418871	58	7	0	58	42	16	8	1	4	5	1	0	1	2	2	0	1	2	7	2	3	2	0	1	0	2	0	0	0	3	1	2	0	1	3	0	0	2
chr9	41418872	41419025	154	7	0	154	117	37	23	5	1	18	6	2	5	10	4	1	1	9	13	4	0	13	11	0	0	1	3	2	0	1	3	1	0	0	7	3	0	5
chr9	41419026	41419038	13	7	0	13	12	1	3	0	0	2	0	0	0	0	0	0	0	0	1	1	1	2	0	0	0	1	0	0	0	0	0	0	0	0	0	0	0	0
chr9	41419039	41419268	230	7	0	230	159	71	19	2	9	23	11	4	6	8	10	6	4	7	15	10	9	14	6	6	0	10	6	2	0	6	6	1	0	1	11	5	0	11
chr9	41419269	41419373	105	7	0	105	79	26	10	2	5	10	2	1	3	6	2	2	3	3	13	3	0	12	6	0	0	2	2	0	0	0	3	0	0	3	2	2	0	6
chr9	41419374	41419457	84	7	0	84	51	33	4	2	5	4	2	1	2	4	5	0	3	5	4	2	3	5	2	0	0	3	2	3	0	3	1	3	0	2	4	3	0	5
chr9	41419467	41419519	53	7	0	53	34	19	5	3	2	3	3	1	0	3	2	0	4	1	3	0	0	3	2	1	0	1	4	2	0	0	0	0	0	0	1	3	0	4
chr9	41419520	41419551	32	7	0	32	19	13	0	0	2	1	1	1	0	1	0	1	2	1	2	2	1	3	1	1	0	2	0	1	0	3	0	0	0	0	3	1	0	0
chr9	41419552	41419682	131	7	0	131	87	44	18	3	7	7	10	5	1	2	3	3	5	2	5	2	4	9	7	1	0	5	3	3	0	3	4	2	0	2	4	2	0	7
chr9	41419687	41419882	196	7	0	196	135	61	14	10	10	11	9	5	2	12	9	1	4	8	14	5	6	13	9	5	0	7	6	2	0	3	4	0	0	2	9	4	0	10
chr9	41419883	41419934	52	7	0	52	39	13	7	2	1	7	2	1	1	1	5	1	1	0	3	1	3	2	2	0	0	2	1	0	0	0	0	0	0	0	2	1	0	4
chr9	41419935	41420060	126	7	0	126	86	40	18	7	4	10	12	1	2	5	4	0	3	3	5	4	0	6	5	2	1	4	3	2	1	0	7	2	0	3	6	0	2	2
chr9	41420061	41420183	123	7	0	123	85	38	13	2	7	7	4	2	2	4	3	1	1	4	9	6	8	11	5	2	0	3	3	1	0	2	2	3	0	7	3	0	0	6
chr9	41420184	41420345	162	7	0	162	104	58	11	6	9	8	6	2	8	7	5	5	1	8	12	1	6	9	7	0	0	7	2	2	0	7	7	1	0	4	6	8	0	5
chr9	41420346	41420403	58	7	0	58	35	23	3	2	3	2	3	1	5	2	3	4	1	0	2	0	0	2	4	1	0	3	3	0	0	0	3	1	0	0	1	1	0	6
chr9	41420404	41420727	324	7	0	324	209	115	29	15	19	10	13	12	13	11	15	3	11	16	17	6	4	13	20	2	1	14	7	2	0	8	7	1	0	8	15	12	1	17
chr9	41420728	41420793	66	7	0	66	40	26	5	1	2	6	5	3	2	4	4	1	1	1	0	0	3	1	2	1	0	2	1	0	0	2	8	2	0	0	3	0	0	4
chr9	41420794	41420863	70	7	0	70	46	24	10	3	4	3	2	2	2	2	6	0	3	1	2	2	2	0	3	0	3	1	1	0	0	0	1	0	1	4	3	1	0	6
chr9	41420864	41420931	68	7	0	68	46	22	10	1	4	6	2	2	0	6	5	1	0	2	3	1	0	2	1	2	1	1	4	1	0	1	1	1	0	0	3	2	1	2
chr9	41420932	41421098	167	7	0	167	117	50	17	7	7	12	5	4	3	7	10	1	4	2	10	5	7	14	6	3	0	8	3	2	0	5	4	0	0	2	6	5	0	6
chr9	41421099	41421122	24	7	0	24	17	7	1	0	0	2	1	1	0	2	0	0	0	1	2	0	1	5	1	0	0	0	1	1	0	0	0	1	0	1	1	0	0	0
chr9	41421123	41421176	54	7	0	54	28	26	1	1	2	1	0	3	4	1	4	1	3	0	1	1	2	2	1	2	0	3	4	0	0	3	0	1	0	3	3	3	0	2
chr9	41421177	41421242	66	7	0	66	39	27	8	2	3	3	5	1	2	1	1	2	3	2	2	2	2	0	3	1	0	2	2	0	0	1	3	0	2	3	1	3	0	4
chr9	41421243	41421390	148	7	0	148	72	76	12	2	3	7	7	5	11	3	3	2	3	4	2	3	3	2	3	5	2	2	11	7	0	8	9	7	0	9	3	7	0	1
chr9	41421391	41421414	24	7	0	24	11	13	1	0	2	0	0	1	1	2	2	0	1	0	0	0	0	0	1	1	0	0	2	1	0	1	1	0	0	3	0	2	0	0
chr9	41421415	41421464	50	7	0	50	26	24	3	2	3	1	4	2	0	0	1	1	3	0	1	1	1	1	1	3	1	1	2	1	1	2	2	0	1	3	2	2	1	1
chr9	41421465	41421586	122	7	0	122	60	62	3	5	6	2	4	6	3	6	5	5	3	4	4	2	0	2	4	8	3	3	9	3	5	2	2	2	1	1	3	6	3	5
chr9	41421587	41421651	65	7	0	65	42	23	2	3	3	4	2	2	3	3	3	0	3	2	5	3	1	3	5	1	0	2	0	0	0	2	2	0	0	1	3	1	0	4
chr9	41421652	41421674	23	7	0	23	13	10	0	0	4	0	0	1	1	0	1	0	1	0	3	1	0	0	0	0	0	2	1	0	0	1	0	1	0	1	0	1	0	2
chr9	41421675	41421887	213	7	0	213	141	72	13	6	7	19	8	5	8	11	8	6	8	3	16	6	5	11	11	3	1	7	6	0	1	1	7	3	0	6	9	2	0	14
chr9	41421888	41421936	49	7	0	49	30	19	0	2	3	1	3	2	1	3	1	0	3	2	2	0	1	4	4	0	0	1	0	1	0	1	2	0	0	4	3	1	0	2
chr9	41421937	41422099	163	7	0	163	98	65	18	2	2	9	5	4	11	6	4	4	3	9	5	6	1	8	6	5	0	5	8	4	1	5	5	1	1	3	7	9	0	4
chr9	41422100	41422137	38	7	0	38	23	15	3	0	2	1	2	1	1	0	0	2	2	2	1	2	0	3	2	1	0	1	1	1	0	2	0	0	0	0	2	2	0	2
chr9	41422138	41422257	120	7	0	120	86	34	13	3	6	6	2	3	1	6	5	1	4	4	9	4	4	13	8	1	0	2	0	1	1	3	3	0	0	1	1	3	1	9
chr9	41422258	41422284	27	7	0	27	21	6	4	0	0	3	1	0	0	2	0	0	0	1	2	1	0	5	1	0	0	0	2	0	0	0	0	2	0	0	1	0	0	0
chr9	41422285	41422901	617	7	0	617	375	242	45	11	24	35	20	23	24	28	29	14	25	15	21	17	12	32	22	18	2	22	20	7	4	22	23	7	1	9	30	21	1	31
chr9	41422902	41422949	48	7	0	48	32	16	5	2	3	4	0	1	2	0	5	0	1	2	4	1	1	0	0	1	0	2	0	0	0	4	0	0	0	0	3	3	0	2
chr9	41422951	41422983	33	7	0	33	27	6	6	0	1	6	1	0	0	2	4	0	1	0	2	0	0	4	0	0	0	0	0	0	0	0	0	0	0	0	2	0	0	2
chr9	41422984	41423745	762	7	0	762	467	295	48	26	31	40	32	28	33	36	32	15	20	18	33	17	24	32	36	13	2	35	23	4	1	20	33	16	3	24	39	15	2	29
chr9	41423746	41423796	51	7	0	51	29	22	2	2	0	1	1	2	4	5	1	3	1	1	1	2	0	1	6	2	1	0	0	0	0	3	2	1	1	0	4	0	0	2
chr9	41423797	41424088	292	7	0	292	194	98	28	12	18	18	16	7	6	6	13	5	4	7	19	9	11	15	10	9	1	13	8	2	1	8	6	3	0	7	11	6	0	11
chr9	41424089	41424119	31	7	0	31	23	8	7	1	2	2	3	1	0	0	1	1	0	0	2	0	0	2	2	0	1	0	0	0	0	0	1	0	0	1	0	0	1	1
chr9	41424120	41424197	78	7	0	78	55	23	8	4	4	5	3	0	1	3	3	0	0	2	7	1	3	10	1	3	0	1	2	2	0	2	2	1	0	3	2	1	0	2
chr9	41424205	41424564	360	7	0	360	257	103	36	19	14	30	16	9	8	16	15	2	3	8	32	11	11	26	20	6	0	15	6	3	0	5	11	1	1	7	12	4	1	10
chr9	41424565	41424637	73	7	0	73	55	18	7	1	2	9	2	2	3	1	2	1	2	3	6	2	1	9	3	0	1	2	0	0	0	0	2	0	0	2	3	0	1	4
chr9	41424638	41424707	70	7	0	70	50	20	5	1	2	10	3	2	0	5	4	2	1	2	5	1	0	5	3	1	2	0	2	0	1	0	1	0	0	1	4	2	1	2
chr9	41424708	41424728	21	7	0	21	14	7	3	1	0	0	1	1	0	3	0	1	0	0	0	0	1	1	3	0	0	0	0	0	0	1	1	1	0	0	1	0	0	0
chr9	41424729	41424799	71	7	0	71	50	21	5	4	3	5	2	1	1	4	4	0	1	2	6	1	2	7	1	4	0	1	3	0	0	3	1	0	0	1	3	2	0	2
chr9	41424800	41424860	61	7	0	61	38	23	0	1	1	4	1	2	0	7	2	0	3	2	4	1	4	5	2	1	0	1	2	1	0	2	2	1	0	3	4	2	0	1
chr9	41424861	41424917	57	7	0	57	38	19	5	1	2	5	0	2	2	2	1	1	0	0	7	1	3	5	2	2	0	1	2	1	0	2	2	2	0	2	0	0	0	2
chr9	41424918	41424966	49	7	0	49	35	14	4	1	1	5	1	0	2	1	1	0	0	1	5	2	2	9	0	1	0	1	1	1	0	2	2	0	0	2	0	2	0	0
chr9	41424967	41425216	250	7	0	250	167	83	13	11	11	24	11	3	6	11	14	4	6	3	21	6	12	10	8	4	1	11	6	1	0	8	4	5	0	7	13	5	1	8
chr9	41425217	41425259	43	7	0	43	24	19	1	0	1	1	2	3	2	3	0	1	1	3	0	3	0	1	4	1	0	2	3	0	0	0	2	2	0	0	3	0	0	2
chr9	41425260	41425338	79	7	0	79	58	21	12	3	4	5	3	2	0	4	1	1	0	1	8	4	3	6	4	1	1	4	1	0	1	1	2	1	0	1	1	1	0	1
chr9	41425339	41425482	144	7	0	144	93	51	6	4	4	9	5	2	4	8	7	1	5	10	5	5	11	7	5	2	0	5	3	0	0	3	2	2	0	4	7	2	2	12
chr9	41425483	41425554	72	7	0	72	58	14	6	4	3	8	1	2	1	3	0	0	0	3	13	1	0	12	4	1	0	1	0	1	0	1	2	0	0	0	1	0	0	2
chr9	41425555	41425587	33	7	0	33	23	10	6	0	0	4	2	1	0	1	0	0	2	0	2	1	2	1	1	0	0	0	1	0	0	0	1	1	0	2	1	0	0	2
chr9	41425588	41425691	104	7	0	104	77	27	8	3	4	9	5	2	1	8	2	3	1	1	9	7	2	10	11	1	0	3	2	0	0	1	0	2	0	0	3	0	0	4
chr9	41425692	41425706	15	7	0	15	9	6	2	0	1	0	1	1	0	0	0	0	0	2	0	0	0	0	0	1	0	1	2	0	0	0	0	0	0	0	1	1	0	0
chr9	41425707	41425835	129	7	0	129	82	47	4	3	9	8	4	4	3	6	8	1	2	4	8	9	3	6	8	3	0	6	4	3	0	4	2	1	0	1	3	4	0	6
chr9	41425836	41426054	219	7	0	219	115	104	22	3	6	3	2	10	15	4	7	3	12	9	4	2	4	8	3	5	1	9	9	4	2	10	10	8	3	9	9	8	4	9
chr9	41426055	41426131	77	7	0	77	39	38	4	3	1	2	0	2	3	2	3	3	3	2	3	1	4	2	1	5	1	2	3	4	2	4	0	2	1	1	3	1	2	5
chr9	41426132	41426194	63	7	0	63	24	39	2	0	3	1	1	3	2	2	1	0	2	1	1	0	1	2	0	1	1	1	6	4	2	2	2	8	5	3	1	1	0	2
chr9	41426195	41426252	58	7	0	58	44	14	2	1	1	11	1	0	0	4	5	0	1	0	7	2	2	7	1	1	0	1	1	0	1	1	0	0	0	0	2	2	0	2
chr9	41426253	41426312	60	7	0	60	46	14	11	0	2	4	2	1	1	4	5	1	1	2	0	1	0	9	2	0	0	1	1	1	0	0	0	0	0	0	5	1	0	3
chr9	41426313	41426370	58	7	0	58	42	16	0	0	0	0	0	11	0	4	0	0	0	0	0	4	0	22	15	0	0	0	0	0	0	0	0	0	0	0	0	0	0	0
chr9	41426371	41426445	75	7	0	75	59	16	0	0	0	0	0	9	0	6	0	0	0	0	0	6	0	38	14	0	0	0	0	0	0	0	0	0	0	0	0	0	0	0
chr9	41426446	41426499	54	7	0	54	44	10	0	0	0	0	0	6	0	4	0	0	0	0	0	4	0	28	10	0	0	0	0	0	0	0	0	0	0	0	0	0	0	0
chr9	41426500	41426572	73	7	0	73	55	18	2	0	1	1	0	6	1	4	2	0	0	2	0	3	1	31	9	0	0	0	2	1	0	0	0	0	0	1	0	2	0	2
chr9	41426573	41426764	192	7	0	192	129	63	19	3	10	15	9	5	4	11	10	2	3	6	8	4	5	13	7	1	2	4	3	3	0	4	11	1	0	6	8	5	0	8
chr9	41426766	41426790	25	7	0	25	19	6	3	0	0	3	0	1	0	2	2	1	0	1	1	0	2	2	1	0	0	1	0	0	0	0	0	0	0	0	2	0	0	1
chr9	41426791	41426802	12	7	0	12	6	6	0	0	0	0	0	0	1	0	0	1	1	0	0	1	1	0	0	0	0	1	0	0	0	1	0	0	0	0	1	1	0	1
chr9	41426805	41426825	21	7	0	21	14	7	1	1	0	1	1	1	0	0	1	1	1	0	0	1	2	3	1	0	0	1	0	0	0	0	0	0	0	0	1	0	0	2
chr9	41426827	41426865	39	7	0	39	30	9	11	1	4	1	2	0	0	0	3	0	2	0	1	1	1	1	0	0	0	2	0	0	0	0	1	0	0	1	1	0	0	4
chr9	41426867	41426981	115	7	0	115	72	43	6	3	7	5	4	2	5	6	2	4	4	3	9	7	2	2	10	4	0	2	1	0	0	6	2	1	0	3	3	2	0	8
chr9	41426983	41427003	21	7	0	21	12	9	1	0	2	0	2	1	1	1	0	1	1	1	0	0	0	0	1	0	0	1	0	0	0	0	2	0	0	0	1	0	0	3
chr9	41427005	41427121	117	7	0	117	76	41	4	1	8	9	4	5	0	6	5	2	5	8	8	0	4	5	3	2	0	3	4	2	0	3	2	1	0	1	6	4	0	10
chr9	41427123	41427199	77	7	0	77	51	26	7	0	6	4	3	2	1	3	6	2	2	4	1	0	2	7	1	0	0	2	1	2	0	1	2	0	0	2	6	2	0	6
chr9	41427201	41427315	115	7	0	115	69	46	9	4	2	7	1	4	7	1	9	1	4	3	3	3	7	3	2	4	1	5	4	3	0	3	2	0	1	3	4	3	0	10
chr9	41427317	41427341	25	7	0	25	17	8	3	1	1	2	1	0	1	1	3	0	0	0	1	0	0	1	0	0	0	1	1	0	0	1	0	2	0	0	2	0	0	1
chr9	41427347	41427414	68	7	0	68	44	24	9	2	3	4	4	2	3	2	2	1	0	0	4	2	2	2	5	1	0	1	2	1	0	1	4	1	0	5	0	1	0	2
chr9	41427416	41427451	36	7	0	36	22	14	3	2	4	1	2	0	1	0	3	0	2	1	2	0	0	0	1	1	0	0	1	1	0	1	1	0	0	1	0	1	0	5
chr9	41427453	41427566	114	7	0	114	84	30	9	4	8	8	3	3	0	6	4	1	1	5	13	1	4	13	5	0	0	4	1	1	0	3	2	1	0	1	4	3	0	4
chr9	41427568	41427587	20	7	0	20	17	3	1	0	0	3	0	0	1	1	0	0	0	1	3	2	0	3	1	0	0	1	0	0	0	0	0	0	0	0	1	0	0	0
chr9	41427589	41427702	114	7	0	114	84	30	9	1	3	11	3	3	5	6	5	0	2	10	6	6	2	10	7	0	0	3	0	0	0	1	2	0	0	0	8	1	0	8
chr9	41427703	41427718	16	7	0	16	13	3	3	0	1	3	1	0	0	0	1	0	0	1	2	0	0	0	0	0	0	0	0	0	0	0	0	0	0	0	1	0	0	1
chr9	41427719	41427790	72	7	0	72	53	19	3	0	2	11	3	0	0	8	4	2	1	4	6	1	2	5	1	1	0	1	1	0	0	1	1	1	0	0	8	0	0	3
chr9	41427792	41427828	37	7	0	37	30	7	5	1	2	4	0	0	1	1	0	0	0	0	7	3	1	5	2	1	0	1	0	0	0	1	0	0	0	0	0	0	0	0
chr9	41427829	41427838	10	7	0	10	5	5	0	1	1	0	1	0	0	0	1	0	0	0	0	0	0	0	0	1	0	1	1	0	0	0	0	0	0	0	0	1	0	0
chr9	41427839	41428271	433	7	0	433	261	172	28	13	17	18	12	20	16	16	21	5	21	10	15	10	15	22	18	12	3	15	15	8	0	12	12	7	0	13	19	8	1	29
chr9	41428274	41428399	126	7	0	126	88	38	12	3	4	12	5	3	5	3	4	3	4	2	9	3	3	11	7	0	0	5	4	2	0	0	1	1	0	4	4	3	0	7
chr9	41428401	41428800	400	7	0	400	266	134	37	18	16	35	23	9	8	20	29	3	9	6	18	4	12	17	15	6	2	11	14	5	0	8	12	6	0	8	19	10	0	18
chr9	41428802	41428826	25	7	0	25	17	8	8	0	0	2	1	0	1	2	1	0	1	0	0	0	0	0	1	0	0	0	1	0	0	0	0	1	0	2	2	0	0	0
chr9	41428828	41428889	62	7	0	62	46	16	7	3	2	9	4	1	1	0	4	1	0	1	7	0	1	4	3	2	0	0	1	1	0	2	0	0	0	0	2	2	0	2
chr9	41428890	41428910	21	7	0	21	14	7	3	0	2	0	0	1	0	1	0	1	1	0	3	0	0	1	1	0	0	1	0	0	0	1	0	1	0	1	1	0	0	0
chr9	41428912	41428982	71	7	0	71	47	24	6	3	5	3	2	1	3	1	4	3	1	0	6	3	3	2	3	2	0	4	1	1	0	2	0	0	0	2	3	1	0	4
chr9	41428984	41429482	499	7	0	499	300	199	26	15	18	21	18	14	17	24	22	16	19	13	15	10	24	26	12	18	2	23	22	7	0	17	15	7	0	6	24	14	0	32
chr9	41429483	41429538	56	7	0	56	43	13	8	1	2	5	0	1	0	4	1	1	1	3	6	1	0	7	1	1	1	1	1	0	1	1	0	0	0	0	3	2	0	1
chr9	41429539	41430630	1092	7	0	1092	645	447	81	43	27	51	48	46	35	69	44	19	22	32	29	27	33	38	65	30	4	35	53	34	2	28	38	18	5	17	42	35	3	37
chr9	41430632	41430654	23	7	0	23	16	7	5	2	0	0	0	0	0	1	0	1	0	0	3	0	2	1	0	3	0	0	1	0	0	1	0	0	0	0	0	0	0	1
chr9	41430656	41430991	336	7	0	336	209	127	26	14	16	13	16	4	15	11	13	6	6	13	14	15	12	15	16	8	1	13	15	4	0	9	3	7	1	10	12	9	0	17
chr9	41430993	41431027	35	7	0	35	23	12	6	2	2	0	1	0	0	3	2	0	1	0	2	0	0	2	0	1	0	1	1	1	1	0	1	1	1	1	2	0	0	1
chr9	41431029	41431546	518	7	0	518	314	204	34	13	26	36	32	8	17	21	30	10	14	16	14	17	8	17	22	10	3	12	20	15	1	18	11	9	0	12	25	20	2	23
chr9	41431548	41431594	47	7	0	47	23	24	0	1	1	1	2	3	1	3	1	1	4	1	0	0	1	3	3	1	0	1	1	2	0	2	2	2	0	1	3	1	0	3
chr9	41431596	41432411	816	7	0	816	546	270	77	17	49	65	32	14	22	22	43	17	30	21	56	15	23	42	26	8	2	26	16	13	0	23	16	7	0	21	33	24	0	54
chr9	41432413	41432704	292	7	0	292	199	93	23	10	14	23	16	6	9	9	10	2	4	11	21	7	8	25	14	4	1	6	8	2	0	6	10	5	1	8	8	4	0	15
chr9	41432709	41433208	500	7	0	500	362	138	53	19	25	37	13	7	7	25	23	8	13	13	45	14	18	41	24	2	1	21	6	3	1	7	6	2	0	6	16	11	2	29
chr9	41433210	41433242	33	7	0	33	22	11	1	2	1	2	1	0	0	4	3	1	0	1	1	1	3	1	2	0	0	1	0	0	0	1	0	0	0	0	2	1	0	2
chr9	41433244	41433992	749	7	0	749	536	213	90	23	30	64	29	7	20	27	29	6	18	34	59	26	21	52	25	15	0	22	17	6	0	14	10	6	2	8	31	10	2	44
chr9	41433993	41434040	48	7	0	48	35	13	0	0	0	1	0	0	0	2	0	0	0	11	1	0	9	9	0	0	0	0	1	0	0	1	0	0	0	0	1	2	0	8
chr9	41434049	41434070	22	7	0	22	17	5	1	0	0	1	0	0	0	3	0	0	0	2	1	2	1	6	2	0	0	0	0	0	0	0	0	0	0	0	0	0	0	1
chr9	41434072	41434183	112	7	0	112	77	35	7	3	2	10	4	0	4	4	3	1	8	3	8	3	5	10	2	1	0	5	3	0	0	1	3	1	0	4	4	2	0	9
chr9	41434184	41434197	14	7	0	14	9	5	2	0	0	1	1	0	1	0	0	0	1	0	0	1	0	1	0	0	0	1	0	0	0	0	1	0	0	1	1	0	0	0
chr9	41434198	41434315	118	7	0	118	67	51	7	3	3	5	4	2	2	5	1	2	5	4	5	2	3	12	1	3	2	3	3	4	2	7	3	6	3	2	7	3	1	1
chr9	41434317	41436048	1732	7	0	1732	1224	508	171	56	66	147	67	35	36	62	67	18	34	29	136	51	64	183	74	27	3	56	29	18	4	43	46	24	1	35	51	25	6	66
chr9	41436049	41436075	27	7	0	27	21	6	5	2	0	3	1	0	0	0	1	0	0	1	3	1	2	2	0	0	0	2	0	0	0	0	0	0	0	0	1	1	0	0
chr9	41436076	41436636	561	7	0	561	391	170	65	16	28	43	26	12	15	17	27	13	17	16	34	9	17	34	22	7	0	21	8	0	0	13	12	4	0	10	28	10	2	33
chr9	41436638	41436683	46	7	0	46	34	12	11	0	0	6	1	2	3	3	2	0	0	1	2	0	0	2	1	0	0	1	0	0	0	0	5	0	0	1	2	0	0	1
chr9	41436685	41436816	132	7	0	132	99	33	17	5	8	11	5	3	2	5	8	1	2	7	10	3	3	7	6	2	0	4	1	0	0	2	0	0	0	0	8	1	0	9
chr9	41436818	41436852	35	7	0	35	26	9	7	0	2	2	3	0	1	1	0	1	0	2	2	1	0	3	2	0	0	0	0	0	0	1	1	0	0	1	1	1	0	1
chr9	41436854	41437554	701	7	0	701	502	199	83	27	20	57	30	15	12	29	29	5	18	20	45	20	26	65	27	11	2	26	13	8	1	10	14	3	1	10	32	10	0	30
chr9	41437555	41437586	32	7	0	32	25	7	1	1	0	1	1	4	0	1	1	0	0	0	0	1	0	13	5	0	0	0	0	0	0	0	0	0	0	0	1	0	0	0
chr9	41437587	41437605	19	7	0	19	19	0	2	0	0	1	0	0	0	0	0	0	0	0	0	0	0	14	0	0	0	0	0	0	0	0	0	0	0	0	0	0	0	0
chr9	41437606	41437663	58	7	0	58	31	27	9	1	2	0	3	2	3	1	1	1	4	2	0	0	0	0	1	0	0	3	4	2	1	0	3	3	0	2	1	2	1	4
chr9	41437665	41438783	1119	7	0	1119	718	401	100	26	47	85	51	32	33	43	48	20	29	38	58	17	31	58	44	16	5	30	37	13	8	24	31	25	5	27	47	28	2	59
chr9	41438785	41438855	71	7	0	71	30	41	1	1	3	0	3	4	5	1	1	1	7	3	0	0	0	0	1	0	1	4	3	0	1	2	6	4	2	4	3	3	0	5
chr9	41438856	41438867	12	7	0	12	4	8	0	1	0	0	0	1	1	0	1	0	0	0	0	0	0	0	0	1	0	0	1	1	0	1	0	1	0	0	1	0	0	0
chr9	41438868	41438996	129	7	0	129	63	66	12	2	1	4	2	4	6	3	2	3	5	2	3	4	8	1	3	5	3	3	8	5	3	6	2	6	2	7	2	6	0	4
chr9	41438997	41439043	47	7	0	47	18	29	1	0	1	1	1	1	2	2	0	0	3	3	1	1	0	0	1	0	0	1	2	3	3	3	1	4	2	1	2	3	1	1
chr9	41439044	41439654	611	7	0	611	423	188	72	17	31	40	16	13	12	32	32	9	8	22	40	16	20	42	19	14	1	21	16	4	2	13	8	2	2	14	30	15	3	23
chr9	41439656	41439681	26	7	0	26	14	12	2	2	1	0	2	1	1	1	0	1	0	1	1	1	0	0	2	2	0	0	0	1	0	2	2	0	0	0	1	0	0	0
chr9	41439683	41439908	226	7	0	226	142	84	32	4	13	11	8	6	8	4	10	3	11	4	11	7	5	3	11	3	0	6	6	5	0	9	6	3	0	7	4	9	0	15
chr9	41439910	41440124	215	7	0	215	161	54	19	8	9	23	9	4	3	5	10	3	3	2	22	6	4	30	12	5	0	3	4	2	0	7	1	1	0	0	4	5	0	9
chr9	41440126	41440151	26	7	0	26	17	9	3	1	3	0	2	1	0	1	2	0	1	0	0	0	0	2	1	0	0	1	0	0	0	0	2	0	0	1	1	0	0	2
chr9	41440153	41441093	941	7	0	941	617	324	74	42	48	54	41	18	24	39	44	11	34	23	59	33	30	42	47	12	4	42	22	16	1	21	13	7	1	25	40	25	0	47
chr9	41441100	41441736	637	7	0	637	463	174	68	18	22	70	26	10	10	23	35	6	12	17	49	14	26	55	24	6	3	15	10	8	0	12	7	7	0	12	28	9	1	32
chr9	41441739	41443052	1314	7	0	1314	955	359	151	34	59	111	42	24	26	55	57	15	23	36	106	50	48	116	59	17	0	47	19	9	0	24	16	8	2	26	53	18	2	59
chr9	41443053	41443072	20	7	0	20	13	7	1	1	2	1	2	0	0	1	2	0	1	0	0	0	0	0	1	0	0	1	1	0	0	0	0	0	0	0	1	1	0	2
chr9	41443073	41443737	665	7	0	665	450	215	78	25	29	54	31	9	15	29	35	9	17	17	42	11	18	29	20	11	2	22	21	8	0	17	17	7	0	12	26	20	4	28
chr9	41443738	41443774	37	7	0	37	27	10	7	1	2	1	1	0	1	1	3	1	2	1	1	0	1	2	0	0	0	2	1	0	0	0	0	0	0	0	2	1	0	4
chr9	41443775	41443883	109	7	0	109	78	31	20	3	6	7	4	3	0	6	6	1	3	3	5	0	3	6	2	2	0	3	4	0	0	1	0	1	0	5	7	2	0	4
chr9	41443887	41444569	683	7	0	683	419	264	56	22	30	38	25	14	17	23	34	9	24	18	30	21	24	33	16	16	9	25	21	12	6	25	15	16	5	12	27	20	6	32
chr9	41444570	41444593	24	7	0	24	18	6	2	2	1	1	0	0	1	1	0	0	0	3	4	0	1	1	1	0	0	2	0	0	0	0	0	0	0	0	1	0	0	1
chr9	41444594	41444755	162	7	0	162	114	48	14	7	3	18	14	7	0	7	4	1	2	5	10	2	7	11	12	2	0	4	3	4	0	1	7	0	0	3	6	2	0	4
chr9	41444756	41444931	176	7	0	176	89	87	16	5	3	6	7	7	10	3	3	1	13	3	3	4	2	1	5	5	0	7	7	4	3	8	8	8	4	8	7	5	3	5
chr9	41444932	41445291	360	7	0	360	225	135	33	9	13	22	15	13	15	5	9	8	11	6	21	10	10	23	17	8	0	16	9	10	3	10	7	7	2	12	15	7	1	11
chr9	41445292	41445337	46	7	0	46	29	17	3	4	2	0	4	1	3	0	2	2	0	0	2	2	2	0	6	1	0	2	0	1	0	1	1	0	0	1	1	0	0	3
chr9	41445338	41445486	149	7	0	149	113	36	21	10	2	16	11	2	4	5	5	1	0	2	12	3	3	14	12	2	1	2	2	0	0	1	4	1	0	3	4	0	1	3
chr9	41445487	41445565	79	7	0	79	47	32	5	5	1	3	3	2	7	1	3	2	0	0	3	2	3	6	6	3	0	3	2	2	0	4	2	2	0	2	3	1	0	1
chr9	41445566	41445666	101	7	0	101	75	26	8	0	2	13	4	3	2	4	2	1	1	2	9	3	4	15	6	1	0	0	1	0	0	2	5	0	0	5	2	2	0	2
chr9	41445667	41445683	17	7	0	17	11	6	2	0	1	1	1	0	0	1	1	0	0	0	0	3	1	0	1	0	0	2	0	0	0	0	0	0	0	0	0	1	0	0
chr9	41445684	41446209	526	7	0	526	348	178	53	21	22	32	20	13	15	26	23	6	11	21	31	12	13	27	23	13	3	13	17	5	1	12	15	6	3	6	19	11	1	30
chr9	41446218	41447024	807	7	0	807	587	220	85	23	32	76	36	20	11	35	22	12	13	33	73	20	22	73	35	11	4	25	16	3	1	12	18	2	0	12	33	17	1	29
chr9	41447025	41447043	19	7	0	19	14	5	2	0	0	2	0	1	1	0	1	0	1	0	1	0	1	2	0	0	0	1	0	0	0	0	1	0	0	1	1	0	0	1
chr9	41447044	41447572	529	7	0	529	365	164	66	20	26	41	23	9	12	17	17	6	10	10	46	16	17	27	24	8	2	17	9	10	0	15	13	7	2	14	15	9	0	19
chr9	41447573	41447616	44	7	0	44	38	6	11	0	1	7	1	0	0	0	3	0	0	1	4	0	2	6	0	0	0	0	0	0	0	0	1	0	0	1	2	0	0	2
chr9	41447617	41447818	202	7	0	202	151	51	34	3	10	20	9	1	1	8	9	2	3	3	15	8	9	15	4	2	0	8	3	2	0	4	4	3	0	3	8	2	0	7
chr9	41447819	41447850	32	7	0	32	20	12	0	2	1	1	2	0	2	1	2	0	0	3	0	2	0	3	1	0	1	2	1	0	0	0	1	0	0	0	2	1	1	1
chr9	41447851	41448370	520	7	0	520	344	176	53	7	27	38	21	5	16	29	26	9	18	13	27	15	10	28	14	5	2	15	8	4	1	15	23	9	1	13	26	10	2	28
chr9	41448371	41453028	4658	7	0	4658	3181	1477	493	163	194	344	195	98	130	197	209	66	100	143	297	109	121	321	198	59	21	158	103	58	5	106	119	49	5	77	199	106	9	204
chr9	41453029	41453061	33	7	0	33	33	0	0	0	0	0	0	0	0	0	0	0	0	0	0	0	0	31	0	0	0	0	0	0	0	0	0	0	0	0	0	0	0	0
chr9	41453062	41456965	3904	7	0	3904	2477	1427	341	135	172	235	190	92	125	160	174	78	92	99	177	94	126	185	170	86	11	132	138	75	4	100	100	60	4	104	159	96	9	179
chr9	41456966	41457007	42	7	0	42	21	21	3	1	0	1	2	1	3	1	0	1	5	1	0	0	0	0	1	0	0	2	3	1	0	1	2	2	0	2	2	2	0	3
chr9	41457008	41464114	7107	7	0	7107	4817	2290	783	230	269	560	309	141	191	256	300	106	176	212	450	188	210	436	302	106	32	225	162	102	29	156	145	84	18	133	286	157	19	332
chr9	41464115	41464162	48	7	0	48	34	14	5	1	3	3	1	0	2	2	2	1	1	2	4	1	1	4	1	0	0	2	1	0	0	0	2	0	0	2	1	1	0	3
chr9	41464163	41464238	76	7	0	76	49	27	7	2	2	6	2	0	1	6	2	0	0	4	7	3	4	2	1	1	0	3	4	4	0	1	3	2	0	1	1	3	0	2
chr9	41464239	41464297	59	7	0	59	38	21	7	3	2	3	3	0	1	3	2	0	1	0	4	3	2	2	3	1	0	2	2	3	0	3	1	2	0	1	1	2	0	0
chr9	41464298	41468904	4607	7	0	4607	3270	1337	517	151	189	386	197	93	104	195	205	53	70	128	324	140	146	371	200	67	12	158	98	27	6	79	97	36	4	97	194	80	6	175
chr9	41468905	41468953	49	7	0	49	33	16	0	1	1	4	2	3	0	4	1	2	0	1	3	2	0	7	3	3	0	2	3	1	0	0	0	0	0	0	4	0	0	0
chr9	41468954	41469078	125	7	0	125	91	34	19	2	6	10	2	1	0	4	7	1	2	3	9	4	8	11	2	2	1	3	1	3	0	3	1	1	1	3	3	1	2	7
chr9	41469079	41469105	27	7	0	27	20	7	3	0	2	2	1	0	1	0	1	1	0	2	1	0	2	2	1	0	0	0	0	0	0	0	0	0	0	2	1	0	0	3
chr9	41469106	41469684	579	7	0	579	395	184	68	18	27	40	31	13	14	23	23	13	9	19	31	18	11	36	30	11	4	17	15	11	0	11	5	4	0	11	31	11	0	22
chr9	41469685	41469713	29	6	0	29	18	11	5	1	2	0	1	0	1	0	0	1	1	0	3	1	0	0	0	1	0	2	2	1	0	1	0	1	0	1	0	1	0	1
chr9	41469714	41473804	4091	7	0	4091	2640	1451	386	154	159	235	192	102	123	200	177	67	78	136	179	96	132	223	205	82	15	117	126	74	4	104	117	50	5	94	170	102	8	177
chr9	41473805	41473829	25	6	0	25	14	11	0	1	1	2	2	2	1	0	2	0	0	1	0	1	0	1	1	2	0	1	1	0	0	1	1	0	0	0	2	0	0	0
chr9	41473830	41474959	1130	7	0	1130	744	386	136	46	52	80	71	25	25	42	54	20	29	23	54	25	24	37	49	24	3	40	38	15	4	22	25	16	1	22	51	24	6	45
chr9	41474960	41474992	33	6	0	33	15	18	0	0	1	2	0	1	1	3	1	0	1	0	2	0	1	1	1	1	0	0	3	2	0	3	1	4	0	1	0	1	0	0
chr9	41474993	41475453	461	7	0	461	292	169	25	20	17	19	10	9	19	17	15	9	13	16	31	18	21	32	23	11	1	21	6	12	3	18	9	4	0	6	17	12	0	25
chr9	41475454	41475483	30	6	0	30	18	12	1	0	1	3	1	1	1	1	2	0	0	1	0	1	2	1	1	0	0	1	2	0	0	2	1	1	0	0	0	3	0	1
chr9	41475484	41478421	2938	7	0	2938	1892	1046	268	98	112	192	128	76	92	117	121	47	97	89	152	78	73	150	135	62	13	89	105	46	4	80	54	42	1	61	119	85	6	144
chr9	41478422	41478478	57	6	0	57	36	21	2	3	1	4	2	1	2	2	2	1	5	0	4	1	1	4	2	1	1	2	1	0	0	1	2	0	0	1	2	1	1	5
chr9	41478479	41480798	2320	7	0	2320	1486	834	221	95	109	133	105	44	77	91	101	45	59	53	130	48	67	107	92	52	9	79	72	40	2	67	61	34	9	58	92	55	4	107
chr9	41480799	41480835	37	6	0	37	18	19	0	1	1	0	0	4	2	2	2	3	0	0	0	0	2	0	5	3	0	0	1	0	0	2	0	0	0	2	3	1	0	1
chr9	41480836	41481060	225	6	0	225	167	58	34	7	6	25	8	7	7	6	11	2	4	6	19	6	4	13	13	3	0	6	4	1	0	2	3	1	0	2	10	2	0	11
chr9	41481061	41481131	71	6	0	71	60	11	7	3	1	12	1	1	0	4	2	0	0	2	13	1	2	9	3	0	0	2	2	0	0	0	0	0	0	0	1	2	0	1
chr9	41481132	41481198	67	6	0	67	60	7	12	2	2	7	0	0	0	1	2	0	0	1	10	2	4	15	1	0	0	3	0	0	0	0	0	0	0	0	0	0	0	3
chr9	41481199	41481241	43	6	0	43	34	9	7	0	1	5	0	0	1	1	2	0	2	0	5	2	1	6	0	0	0	2	0	0	0	1	0	0	0	1	2	1	0	1
chr9	41481242	41481357	116	6	0	116	73	43	16	3	4	5	6	2	5	4	2	3	5	3	4	3	4	3	6	3	0	2	2	0	0	6	5	0	0	5	4	4	0	5
chr9	41481358	41481439	82	6	0	82	54	28	9	3	6	4	2	4	3	1	6	2	1	1	5	4	3	0	5	3	0	5	0	0	1	2	0	0	0	0	5	0	1	4
chr9	41481440	41481507	68	6	0	68	47	21	8	2	5	2	1	0	2	6	2	2	0	0	6	5	1	4	5	1	0	3	0	0	0	3	2	1	0	1	1	1	0	2
chr9	41481508	41481578	71	6	0	71	53	18	10	5	1	8	3	1	2	2	3	0	2	1	8	2	1	3	3	3	0	3	2	0	0	1	0	0	0	0	3	0	0	2
chr9	41481579	41481875	297	6	0	297	210	87	23	7	12	30	9	9	10	16	13	2	1	6	29	15	10	16	17	4	2	10	4	1	0	3	10	3	0	11	13	0	0	9
chr9	41481876	41482124	249	6	0	249	181	68	34	11	9	24	12	5	5	12	8	0	4	7	23	3	3	19	10	4	0	5	5	3	0	4	8	2	0	8	11	3	0	5
chr9	41482125	41482365	241	6	0	241	139	102	15	6	8	8	11	7	13	12	9	9	10	6	3	3	4	14	9	5	0	11	13	2	1	5	7	7	0	8	14	7	1	11
chr9	41482366	41482419	54	6	0	54	29	25	5	3	2	1	1	2	3	2	4	1	2	1	1	0	1	0	3	0	0	3	1	1	1	2	0	3	0	1	4	2	0	2
chr9	41482420	41482614	195	6	0	195	122	73	12	5	16	5	7	3	8	3	11	4	6	9	9	2	5	15	2	2	2	8	2	4	0	9	7	2	0	5	10	7	0	13
chr9	41482615	41482709	95	6	0	95	68	27	9	1	4	11	4	2	1	4	4	2	2	2	8	2	3	7	4	2	0	1	1	1	0	3	3	0	0	1	4	2	0	5
chr9	41482710	41483166	457	6	0	457	300	157	49	15	26	24	15	11	13	14	26	5	11	11	26	8	21	23	14	5	3	17	9	4	2	10	13	8	1	18	17	8	2	26
chr9	41483167	41483202	36	6	0	36	27	9	6	1	3	2	0	1	0	1	3	0	0	2	3	1	3	1	0	0	0	3	0	0	0	0	0	0	0	0	1	0	0	3
chr9	41483205	41483539	335	6	0	335	229	106	41	13	20	15	13	10	6	13	10	7	10	9	26	7	8	19	21	6	0	10	4	4	1	8	7	1	1	7	10	6	0	20
chr9	41483540	41483645	106	6	0	106	75	31	9	6	3	7	8	3	3	1	3	1	1	6	5	4	3	12	6	0	3	4	0	0	0	1	3	0	0	1	5	1	1	4
chr9	41483646	41483700	55	6	0	55	35	20	5	0	4	2	1	2	2	1	2	1	0	3	2	1	3	4	2	0	0	2	2	0	0	3	0	4	0	0	2	1	0	4
chr9	41483701	41483733	33	6	0	33	26	7	9	0	3	3	0	1	0	1	3	0	0	0	2	1	1	0	2	0	0	1	0	0	0	1	0	0	0	0	0	1	0	2
chr9	41483734	41485478	1745	6	0	1745	1213	532	197	58	61	141	64	31	40	71	61	24	37	50	135	46	57	140	74	24	6	55	35	16	9	36	36	21	11	35	60	35	8	69
chr9	41485479	41485516	38	6	0	38	16	22	1	0	1	1	1	3	4	0	0	0	2	1	1	1	0	0	2	1	0	1	2	2	0	3	1	2	0	3	1	2	0	0
chr9	41485517	41487076	1560	6	0	1560	1035	525	132	52	71	90	61	38	36	72	61	23	41	42	92	51	59	112	61	30	4	69	40	23	1	38	34	19	2	37	72	30	1	64
chr9	41487077	41487106	30	6	0	30	12	18	2	1	2	0	0	0	2	0	3	1	1	0	0	0	0	0	0	1	1	0	1	3	0	3	1	1	0	0	0	3	0	2
chr9	41487107	41487972	866	6	0	866	530	336	72	25	39	46	34	21	32	25	32	15	30	23	44	30	22	40	33	19	4	34	31	25	0	38	12	16	1	21	35	34	1	30
chr9	41487973	41488002	30	6	0	30	19	11	2	2	0	1	0	0	2	1	1	1	1	1	3	0	1	1	2	0	0	1	0	2	0	2	0	0	0	0	1	2	0	1
chr9	41488003	41488189	187	6	0	187	107	80	10	6	6	7	4	4	11	7	12	5	9	6	3	2	7	6	10	2	0	5	6	5	0	8	2	4	0	6	10	8	0	14
chr9	41488190	41488241	52	6	0	52	34	18	5	0	1	5	2	3	1	4	2	1	0	3	3	1	0	2	2	1	1	1	2	0	0	1	3	0	0	0	3	2	1	0
chr9	41488242	41488294	53	6	0	53	34	19	4	0	0	6	2	2	0	4	2	1	2	2	1	0	1	6	1	0	0	1	5	2	0	0	1	1	0	0	1	4	0	2
chr9	41488295	41488352	58	6	0	58	36	22	4	2	3	2	2	2	1	4	2	0	2	3	3	3	0	1	2	2	1	2	3	0	0	1	3	0	0	1	1	2	1	3
chr9	41488353	41488617	265	6	0	265	170	95	19	6	10	17	7	4	9	7	11	4	23	7	15	7	6	17	6	4	0	11	6	6	0	8	3	2	0	3	11	8	0	26
chr9	41488618	41488668	51	6	0	51	32	19	8	0	1	5	1	1	2	4	3	0	1	2	2	1	0	1	1	0	0	0	2	4	0	0	3	1	0	0	2	1	0	3
chr9	41488669	41489307	639	6	0	639	399	240	48	19	25	36	29	15	20	29	24	11	20	18	26	26	19	33	29	15	2	25	22	13	1	19	17	9	1	13	25	19	2	27
chr9	41489308	41489339	32	6	0	32	27	5	4	1	0	4	1	0	0	2	0	0	0	2	3	1	2	6	2	0	0	0	0	0	0	0	0	0	0	0	0	0	0	2
chr9	41489340	41489539	200	6	0	200	123	77	18	7	16	9	12	6	3	9	10	2	5	6	11	2	1	4	11	4	0	2	6	3	1	9	4	8	1	5	10	4	0	9
chr9	41489540	41489672	133	6	0	133	88	45	16	5	3	10	8	4	3	7	4	3	2	3	5	1	6	6	7	0	1	6	4	2	0	1	7	2	0	3	4	3	1	4
chr9	41489673	41489756	84	6	0	84	59	25	11	2	4	6	3	3	2	7	2	3	0	2	6	1	0	5	6	1	0	2	2	0	0	1	3	1	0	2	5	1	0	1
chr9	41489757	41489834	78	6	0	78	57	21	7	2	4	9	5	2	2	3	5	0	0	4	5	1	0	8	3	1	0	1	2	0	0	1	1	1	0	0	5	1	0	3
chr9	41489835	41489894	60	6	0	60	47	13	6	1	1	8	1	0	1	4	0	1	2	5	9	3	1	3	1	0	0	3	0	0	0	0	0	0	0	0	5	0	0	3
chr9	41489895	41489911	17	6	0	17	11	6	2	2	2	0	0	0	1	0	2	0	0	0	0	0	0	0	1	0	0	1	0	0	0	0	0	0	1	1	0	0	1	1
chr9	41489925	41490094	170	6	0	170	122	48	16	7	4	20	7	2	5	6	9	3	3	5	16	2	7	9	8	3	0	3	2	0	0	6	3	0	0	3	7	5	0	7
chr9	41490095	41490186	92	6	0	92	73	19	8	3	4	12	3	1	0	5	5	1	0	2	11	0	3	14	4	0	0	1	0	1	0	2	2	0	0	0	3	1	0	4
chr9	41490187	41490423	237	6	0	237	146	91	21	8	8	15	7	7	8	8	15	3	8	5	10	5	9	8	7	10	0	6	10	8	0	9	6	2	0	2	7	7	0	16
chr9	41490424	41490473	50	6	0	50	33	17	5	2	1	3	2	0	1	4	1	2	3	0	4	0	3	1	2	1	0	1	1	0	0	1	2	0	0	2	2	1	0	3
chr9	41490474	41490641	168	6	0	168	110	58	15	7	8	9	7	4	5	5	7	1	3	6	10	9	7	6	8	4	2	7	5	2	0	4	2	1	0	5	6	4	0	7
chr9	41490642	41490699	58	6	0	58	32	26	1	1	3	2	1	3	1	4	3	3	3	1	2	1	0	1	4	3	0	1	3	3	0	2	0	0	0	0	4	2	0	4
chr9	41490700	41491065	366	6	0	366	225	141	37	5	13	27	18	7	13	12	18	9	11	11	9	12	9	12	12	10	1	11	15	12	2	11	6	6	0	6	18	12	1	18
chr9	41491066	41491099	34	6	0	34	19	15	1	0	0	2	2	0	2	2	0	2	1	1	0	1	2	1	1	0	0	3	1	1	0	1	2	0	0	2	2	2	0	0
chr9	41491100	41492147	1048	6	0	1048	697	351	88	32	43	78	39	20	31	40	47	14	35	33	67	25	29	75	40	14	0	37	26	15	3	32	18	13	1	22	46	34	2	47
chr9	41492148	41492226	79	6	0	79	51	28	6	3	3	6	1	0	5	1	3	1	2	3	8	2	1	5	1	2	1	2	2	0	1	3	1	4	0	1	3	1	0	5
chr9	41492227	41502256	10030	6	0	10030	6189	3841	785	299	449	583	412	258	360	432	446	183	291	276	473	249	276	416	426	207	39	317	347	208	27	317	289	191	15	261	399	293	23	481
chr9	41502257	41502306	50	6	0	50	30	20	4	2	4	0	2	0	2	3	3	1	1	3	2	1	1	0	2	0	0	2	1	1	0	1	1	1	0	2	3	1	2	2
chr9	41502307	41502570	264	6	0	264	180	84	29	12	9	19	12	7	10	7	7	4	8	6	21	5	6	18	12	6	0	10	9	2	0	2	5	4	0	7	9	1	2	13
chr9	41502571	41502636	66	6	0	66	45	21	6	4	2	4	2	3	3	2	5	0	0	1	4	5	2	1	4	2	0	5	2	0	0	1	0	0	0	0	4	1	0	1
chr9	41502637	41503221	585	6	0	585	389	196	40	20	26	45	15	17	17	24	25	10	14	11	51	18	22	32	23	13	4	25	14	8	1	15	11	9	0	12	25	8	1	27
chr9	41503222	41503344	123	6	0	123	83	40	9	1	6	10	7	2	1	11	2	2	5	7	8	3	1	8	4	2	0	2	5	0	0	1	4	1	0	3	7	3	0	6
chr9	41503345	41503480	136	6	0	136	94	42	6	3	0	15	8	1	4	5	3	2	7	5	7	3	6	18	4	0	0	5	3	1	0	2	6	2	0	2	5	3	0	8
chr9	41503481	41503531	51	6	0	51	37	14	6	1	1	7	5	1	1	1	1	1	1	0	3	3	2	2	4	0	0	2	0	0	0	0	4	0	0	0	1	0	0	2
chr9	41503532	41503617	86	6	0	86	61	25	9	4	2	5	4	2	1	5	3	1	0	2	4	6	4	8	8	1	0	3	3	0	0	1	1	1	0	0	1	2	0	3
chr9	41503618	41503642	25	6	0	25	15	10	1	1	2	1	3	0	0	1	0	0	1	2	1	1	0	0	1	1	0	0	2	0	0	1	0	0	0	0	0	2	0	2
chr9	41503643	41503733	91	6	0	91	53	38	9	5	4	1	4	0	5	4	3	1	3	1	3	4	2	3	4	4	0	2	2	4	0	5	3	2	0	3	3	1	0	4
chr9	41503734	41503776	43	6	0	43	32	11	1	1	2	8	4	2	0	0	2	0	0	2	5	2	1	2	1	0	0	3	1	0	0	0	0	0	0	0	3	1	0	0
chr9	41503777	41503841	65	6	0	65	52	13	12	1	1	9	2	0	2	2	3	0	0	2	5	2	0	9	2	1	0	0	0	1	0	2	1	1	0	0	3	0	0	2
chr9	41503842	41503907	66	6	0	66	45	21	10	3	5	1	1	0	0	2	2	2	2	2	6	2	5	1	1	0	2	3	1	0	0	1	1	1	0	2	1	1	0	6
chr9	41503908	41503959	52	6	0	52	33	19	4	3	4	1	2	1	1	1	3	0	2	3	3	1	2	1	2	0	0	3	1	2	0	2	0	0	0	0	2	3	0	3
chr9	41503960	41504008	49	6	0	49	36	13	5	1	3	3	2	2	0	2	2	0	1	1	3	3	2	6	3	1	0	2	1	0	0	0	0	0	0	0	0	0	0	4
chr9	41504009	41504066	58	6	0	58	42	16	7	1	2	6	2	0	1	1	1	2	0	2	6	2	4	4	1	0	0	4	1	2	0	2	0	0	0	0	1	3	0	1
chr9	41504067	41504092	26	6	0	26	18	8	0	0	1	3	1	2	0	2	0	1	0	2	3	0	0	3	2	0	0	0	0	0	0	1	0	0	0	0	2	1	0	0
chr9	41504093	41504154	62	6	0	62	51	11	12	0	2	12	4	1	0	2	3	1	0	2	8	0	0	2	2	0	0	0	2	0	0	0	0	0	0	0	3	2	0	2
chr9	41504155	41504186	32	6	0	32	29	3	6	1	2	6	0	0	0	0	0	0	0	0	11	0	1	0	0	0	0	1	0	0	0	0	0	0	0	2	0	0	0	0
chr9	41504187	41504263	77	6	0	77	58	19	10	1	3	7	4	1	1	1	1	1	1	2	7	4	3	10	2	2	0	3	2	0	0	2	0	2	0	0	3	0	0	2
chr9	41504264	41504389	126	6	0	126	95	31	18	4	7	11	5	0	0	4	8	0	3	7	9	2	5	10	4	0	0	2	2	0	1	2	1	0	0	1	2	5	1	10
chr9	41504390	41504702	313	6	0	313	207	106	39	6	5	35	12	7	12	10	10	6	7	5	25	3	4	20	11	6	0	5	9	9	3	12	5	12	1	4	15	6	0	7
chr9	41504703	41504729	27	6	0	27	13	14	0	0	0	1	0	2	1	0	0	0	1	1	1	1	2	2	1	0	0	1	1	1	0	1	1	1	2	2	1	1	0	0
chr9	41504730	41505293	564	6	0	564	284	280	37	15	25	13	23	15	37	17	24	10	30	13	6	7	6	5	18	11	5	13	27	25	2	26	24	16	0	34	23	29	1	25
chr9	41505294	41505374	81	6	0	81	33	48	1	1	2	2	0	4	7	1	2	0	2	1	3	1	3	2	3	2	0	1	2	11	1	6	5	5	0	6	2	2	0	1
chr9	41505375	41505433	59	6	0	59	24	35	2	2	2	0	3	2	3	2	1	0	5	0	0	0	0	0	3	1	0	1	6	5	0	3	2	4	0	4	0	4	0	2
chr9	41505434	41505466	33	6	0	33	14	19	0	0	1	0	1	1	3	2	0	0	5	0	0	0	0	0	0	2	0	0	0	0	0	3	6	0	0	2	1	1	0	3
chr9	41505467	41505623	157	6	0	157	69	88	2	7	4	3	7	12	9	1	6	1	13	0	1	3	0	0	5	5	1	11	10	8	0	8	7	6	2	3	7	8	1	4
chr9	41505624	41505714	91	6	0	91	41	50	1	0	5	1	2	3	5	3	4	3	6	5	0	1	0	1	1	3	1	2	3	6	0	8	3	2	0	3	7	6	1	3
chr9	41505715	41505822	108	6	0	108	75	33	10	3	4	14	3	3	5	1	6	3	5	0	12	0	1	5	2	1	0	5	2	1	0	1	2	2	0	2	6	0	0	7
chr9	41505823	41505993	171	6	0	171	108	63	12	7	7	11	7	4	6	7	9	6	8	3	9	1	4	6	7	2	0	9	5	2	1	2	2	3	1	2	10	4	0	12
chr9	41505994	41506069	76	6	0	76	49	27	4	4	4	3	3	2	2	1	2	0	2	3	7	2	2	7	2	1	1	4	3	2	0	2	1	2	0	1	2	2	1	2
chr9	41506070	41506095	26	6	0	26	15	11	0	1	0	1	0	0	1	2	1	0	0	1	1	1	2	2	1	1	0	1	1	2	0	1	1	0	0	1	0	1	0	1
chr9	41506096	41506351	256	6	0	256	168	88	17	7	10	20	9	4	8	10	8	3	5	9	20	6	8	23	7	4	0	9	6	7	2	5	9	4	2	7	9	6	0	10
chr9	41506352	41513875	7524	6	0	7524	5091	2433	790	235	312	540	309	163	210	323	338	115	169	207	440	215	214	510	348	101	21	258	188	91	14	172	174	93	4	139	295	181	17	336
chr9	41513876	41513899	24	6	0	24	17	7	3	1	1	3	0	0	2	0	2	0	0	0	2	1	0	1	0	1	0	1	1	0	0	1	0	0	0	0	0	1	0	1
chr9	41513900	41519562	5663	6	0	5663	3579	2084	508	156	220	372	221	152	213	193	219	91	148	146	308	129	187	315	220	99	19	190	174	126	10	175	179	113	16	158	206	147	7	244
chr9	41519563	41519575	13	6	0	13	5	8	0	0	0	0	0	1	1	1	0	0	1	1	0	0	0	0	1	0	0	0	1	1	0	0	1	0	0	0	0	1	0	1
chr9	41519576	41520892	1317	6	0	1317	838	479	127	43	65	76	65	31	48	36	63	27	34	32	56	25	45	64	48	31	2	46	37	27	1	38	37	17	0	38	58	28	1	69
chr9	41520895	41521553	659	6	0	659	445	214	69	30	26	48	29	18	22	21	31	15	12	11	43	15	24	30	38	13	0	26	15	4	1	17	13	3	1	13	24	17	0	28
chr9	41521554	41521582	29	6	0	29	21	8	6	0	2	3	1	0	1	0	2	1	0	1	2	2	0	0	1	0	0	1	0	0	0	0	0	0	0	0	1	0	1	2
chr9	41521583	41521735	153	6	0	153	116	37	26	9	8	14	10	0	2	5	11	1	2	2	10	2	4	9	6	2	0	4	2	0	0	2	1	1	0	2	7	1	0	8
chr9	41521736	41521767	32	6	0	32	24	8	0	1	2	5	2	0	0	1	2	0	0	3	4	0	3	1	0	0	0	1	0	0	0	0	0	0	0	0	1	0	0	4
chr9	41521768	41522230	463	6	0	463	318	145	43	24	19	35	17	4	13	13	27	6	8	14	35	14	24	20	20	10	2	16	10	4	3	9	4	4	0	8	13	8	3	31
chr9	41522231	41522281	51	6	0	51	35	16	12	2	2	0	1	1	2	2	2	0	0	2	1	1	1	4	0	3	0	1	2	1	0	2	1	1	0	0	3	0	0	2
chr9	41522282	41523461	1180	6	0	1180	797	383	122	37	55	81	60	14	28	60	53	13	27	47	60	34	34	72	39	20	4	35	32	12	2	23	33	9	2	30	57	28	0	55
chr9	41523462	41523608	147	6	0	147	96	51	17	4	6	9	4	4	5	8	9	3	2	7	6	2	4	6	6	4	0	3	6	3	0	3	2	1	0	1	6	4	0	10
chr9	41523609	41525230	1622	6	0	1622	1084	538	176	51	66	101	65	37	36	74	56	26	47	44	98	56	53	97	69	39	0	62	59	26	0	38	33	11	0	28	51	47	0	74
chr9	41525231	41527744	2514	7	0	2514	1606	908	238	74	109	173	93	51	75	91	114	43	89	52	148	50	72	132	92	37	11	78	68	65	10	83	58	45	2	61	93	79	3	123
chr9	41527745	41527761	17	7	0	17	10	7	1	0	0	1	0	0	0	3	1	0	0	1	0	1	0	1	1	0	0	0	0	0	1	0	1	1	0	0	1	0	0	1
chr9	41527762	41528321	560	7	0	560	297	263	38	18	30	9	16	21	26	16	22	9	29	12	19	14	8	9	18	23	0	20	23	22	2	32	20	12	4	14	18	22	4	28
chr9	41528322	41528331	10	7	0	10	5	5	0	0	0	1	0	0	1	0	0	0	0	1	1	1	0	0	1	0	0	0	0	0	0	1	0	1	0	0	0	0	0	0
chr9	41528332	41528597	266	7	0	266	116	150	10	7	2	5	8	10	15	8	3	8	18	8	3	4	6	1	10	8	4	7	15	11	9	12	8	13	4	11	8	14	3	11
chr9	41528601	41536378	7778	7	0	7778	4943	2835	727	280	364	480	352	168	270	263	320	129	198	203	451	173	197	366	310	163	22	255	237	156	24	266	182	153	10	207	324	211	14	301
chr9	41536379	41536443	65	8	0	65	49	16	4	4	3	7	2	0	2	2	5	1	0	1	6	0	3	7	3	0	0	2	1	0	0	1	1	1	0	0	1	1	0	5
chr9	41536444	41536591	148	7	0	148	98	50	11	4	6	7	5	2	5	8	6	5	4	6	6	4	4	14	6	1	0	8	4	3	0	2	3	0	0	1	7	6	0	8
chr9	41536592	41536671	80	8	0	80	55	25	13	3	6	1	4	1	2	2	2	1	0	3	3	6	2	4	3	1	0	7	1	1	1	1	2	2	0	0	3	0	1	2
chr9	41536672	41536729	58	8	0	58	43	15	6	1	2	8	2	1	0	6	3	0	0	3	5	1	1	3	1	0	0	2	1	2	0	0	2	0	0	0	4	1	0	1
chr9	41536730	41536809	80	7	0	80	44	36	4	4	2	2	4	4	4	3	2	4	2	2	2	2	1	1	8	3	0	3	2	4	0	4	1	0	0	1	5	3	0	1
chr9	41536810	41536872	63	8	0	63	53	10	16	2	2	6	2	1	1	2	1	0	1	3	6	2	0	6	4	0	0	1	0	0	0	0	0	0	0	0	2	0	0	3
chr9	41536880	41536933	54	8	0	54	42	12	9	1	2	6	1	1	0	1	2	0	2	2	7	3	1	3	2	1	1	1	0	0	0	1	0	0	0	0	1	0	1	3
chr9	41536934	41536953	20	7	0	20	18	2	4	0	0	4	2	0	0	0	1	0	0	1	2	0	0	2	0	0	0	0	0	0	0	0	0	0	0	0	2	0	0	0
chr9	41536954	41537060	107	8	0	107	74	33	10	2	5	12	5	1	4	5	4	4	2	2	8	3	2	3	6	1	0	3	2	1	0	2	3	0	0	3	4	3	0	5
chr9	41537061	41537070	10	7	0	10	8	2	2	0	1	0	0	0	0	1	1	0	0	0	0	0	0	2	0	0	0	0	0	0	0	0	0	0	0	0	1	0	0	0
chr9	41537071	41537219	149	8	0	149	107	42	28	4	4	12	7	2	3	2	5	3	6	1	9	5	8	6	5	2	0	7	0	1	0	6	5	1	0	0	4	3	0	8
chr9	41537220	41537233	14	7	0	14	9	5	2	0	0	1	0	0	0	1	0	0	3	0	1	0	1	0	0	0	0	0	0	0	0	0	0	0	0	0	1	0	0	2
chr9	41537234	41537322	89	8	0	89	67	22	3	0	4	13	5	1	0	5	1	3	2	4	11	4	2	8	4	1	0	3	1	2	0	0	0	0	0	0	5	0	0	5
chr9	41537330	41537478	149	8	0	149	103	46	6	5	6	10	5	4	3	8	8	1	3	8	7	7	3	17	8	4	1	4	5	0	0	2	0	0	0	2	7	3	3	7
chr9	41537479	41537567	89	7	0	89	58	31	10	4	4	5	5	3	2	1	5	0	3	3	3	3	3	3	3	3	2	3	3	0	0	2	3	0	0	1	2	2	0	6
chr9	41537568	41537696	129	8	0	129	87	42	20	3	6	4	2	2	4	6	3	5	7	2	8	5	5	4	6	1	0	7	2	0	0	2	3	0	0	3	3	3	0	11
chr9	41537697	41537772	76	7	0	76	48	28	4	0	3	5	2	3	2	5	2	4	1	4	4	1	2	5	4	1	1	1	3	0	1	1	1	2	0	1	4	2	0	5
chr9	41537773	41537884	112	8	0	112	73	39	9	1	6	4	4	3	4	7	4	1	1	4	4	6	5	9	6	0	0	5	3	0	0	1	6	4	0	3	3	0	0	7
chr9	41537885	41537909	25	7	0	25	17	8	3	0	0	3	1	1	0	2	0	1	0	0	1	0	2	1	0	1	0	1	0	0	0	1	4	0	0	0	1	0	0	0
chr9	41537910	41538044	135	8	0	135	87	48	8	4	10	11	7	1	1	7	8	2	0	4	10	5	5	4	5	3	1	2	4	2	1	5	2	3	0	4	5	4	0	5
chr9	41538045	41538074	30	7	0	30	20	10	7	0	1	2	1	0	0	0	1	0	1	0	2	1	1	2	0	1	0	0	1	1	1	1	0	1	1	0	0	1	0	1
chr9	41538075	41538131	57	8	0	57	31	26	4	4	5	0	3	1	3	0	3	0	4	0	2	0	0	0	1	1	0	3	1	2	0	3	4	1	0	3	1	2	0	4
chr9	41538132	41538305	174	7	0	174	112	62	8	6	5	16	6	8	7	6	5	3	5	6	15	3	5	6	6	5	0	9	9	2	0	2	6	1	0	3	6	5	0	8
chr9	41538306	41538389	84	8	0	84	68	16	10	2	3	11	1	0	1	2	5	0	1	3	10	3	4	11	2	2	0	1	0	0	0	2	0	0	0	0	2	0	0	6
chr9	41538390	41538515	126	7	0	126	89	37	5	2	2	6	0	4	2	11	2	0	0	2	8	6	5	33	7	2	0	2	6	2	0	1	3	3	0	6	1	2	0	1
chr9	41538516	41538717	202	8	0	202	102	100	8	1	10	3	8	10	11	4	5	5	11	6	2	7	6	3	9	6	0	8	11	5	0	12	3	9	0	10	11	8	0	8
chr9	41538718	41538753	36	7	0	36	13	23	0	0	1	0	1	4	3	0	0	1	3	0	0	0	0	0	1	2	0	2	3	1	0	1	3	2	0	2	1	1	0	2
chr9	41538754	41538766	13	7	0	13	10	3	4	0	1	0	1	1	0	0	0	0	0	0	1	0	0	0	1	0	0	0	0	0	0	0	1	0	0	1	0	0	0	0
chr9	41538767	41538872	106	8	0	106	79	27	19	1	6	11	5	0	0	4	6	3	5	2	6	2	3	5	2	1	0	2	1	1	0	1	1	0	0	1	5	1	0	10
chr9	41538873	41538913	41	7	0	41	29	12	5	0	1	6	2	1	1	1	3	1	0	0	3	1	0	2	1	1	0	1	3	1	0	1	0	0	0	0	1	3	0	0
chr9	41538914	41539563	650	8	0	650	405	245	39	25	18	42	29	20	29	30	30	12	17	16	27	15	19	35	30	14	5	23	21	9	1	13	21	9	4	20	36	12	0	27
chr9	41539565	41540066	502	8	0	502	370	132	85	18	16	41	16	9	10	25	20	6	7	10	38	17	16	34	22	4	3	21	6	0	1	8	11	3	1	9	21	8	3	11
chr9	41540067	41540110	44	7	0	44	30	14	5	2	1	3	0	0	3	3	3	0	0	0	3	1	3	2	2	1	0	0	1	0	0	0	1	0	0	5	2	0	0	1
chr9	41540111	41541421	1311	8	0	1311	926	385	139	51	56	114	58	16	28	54	62	17	19	33	101	28	39	110	45	22	4	41	31	17	2	25	30	11	1	24	50	26	3	52
chr9	41541422	41541998	577	8	0	577	410	167	67	12	21	48	17	11	13	25	22	4	16	16	41	20	24	51	22	8	1	16	5	4	0	15	20	7	1	10	20	5	0	33
chr9	41541999	41542542	544	8	0	544	363	181	48	22	18	45	24	10	17	21	25	6	12	12	36	11	17	38	25	12	0	13	18	9	0	15	13	7	1	13	16	14	1	23
chr9	41542543	41542577	35	8	0	35	21	14	1	1	4	0	0	0	2	0	2	1	2	0	3	3	1	0	1	0	0	4	0	0	0	1	0	1	0	1	1	0	1	3
chr9	41542578	41543063	486	8	0	486	311	175	43	12	27	33	24	10	16	19	23	8	14	9	25	19	7	21	16	17	1	15	16	8	0	15	14	9	1	7	23	5	0	27
chr9	41543064	41543090	27	7	0	27	17	10	3	2	2	0	2	1	1	0	2	1	2	0	0	0	0	0	1	0	0	2	0	0	0	0	0	0	0	0	3	0	0	3
chr9	41543091	41543232	142	8	0	142	81	61	5	3	5	7	7	5	5	7	4	4	7	5	4	2	2	8	11	2	0	1	4	3	1	7	2	6	0	4	7	4	1	7
chr9	41543239	41543346	108	8	0	108	59	49	7	2	7	6	4	7	3	1	7	1	2	2	4	2	1	1	3	9	0	1	6	7	0	6	1	1	0	2	5	2	2	4
chr9	41543347	41543361	15	8	0	15	8	7	1	1	0	1	2	0	1	1	0	1	0	0	0	0	0	0	1	0	0	0	1	0	0	0	1	1	0	0	1	0	0	0
chr9	41543362	41543821	460	8	0	460	295	165	46	12	27	26	17	7	15	19	27	11	9	16	21	10	12	19	20	7	2	10	9	6	3	16	10	8	0	10	20	13	3	27
chr9	41543822	41543842	21	8	0	21	10	11	1	0	0	1	0	0	0	3	1	1	0	0	0	1	0	0	0	1	1	0	2	1	1	1	0	2	0	0	1	1	0	0
chr9	41543843	41544140	298	8	0	298	171	127	21	8	17	14	13	7	10	15	11	5	15	6	14	2	5	7	7	6	1	8	13	6	1	13	13	11	0	10	12	9	0	16
chr9	41544141	41544257	117	8	0	117	65	52	6	2	9	3	5	2	3	4	5	0	9	5	4	3	1	4	1	2	3	1	3	0	2	4	6	5	1	4	4	2	0	12
chr9	41544258	41544417	160	8	0	160	109	51	15	5	7	11	8	3	5	9	8	3	0	5	8	4	4	12	7	3	0	5	6	3	0	1	4	2	0	4	8	2	0	6
chr9	41544418	41544468	51	8	0	51	37	14	6	1	3	5	3	1	1	1	4	0	0	0	3	1	1	5	1	1	0	1	2	0	0	1	2	1	0	1	1	1	0	2
chr9	41544469	41544596	128	8	0	128	96	32	17	5	5	10	4	3	1	5	1	2	1	4	17	6	4	9	8	3	0	5	2	3	0	3	0	0	0	0	3	2	0	3
chr9	41544597	41544623	27	8	0	27	19	8	5	1	0	3	1	0	1	1	1	0	1	0	2	0	0	2	0	0	0	0	1	0	0	1	0	2	0	0	2	0	0	1
chr9	41544624	41544764	141	8	0	141	83	58	3	7	6	7	8	2	6	4	7	3	2	1	5	5	8	8	5	3	0	10	5	0	0	6	4	5	3	3	6	3	1	3
chr9	41544765	41544886	122	8	0	122	74	48	6	3	6	7	6	4	7	4	6	2	2	2	4	5	2	7	6	2	1	5	4	0	0	2	4	3	2	5	7	1	0	5
chr9	41544887	41544898	12	7	0	12	5	7	0	0	0	0	0	1	0	2	0	1	1	0	0	0	0	0	1	0	1	0	1	0	0	0	0	0	0	0	1	0	0	1
chr9	41544899	41544978	80	8	0	80	49	31	4	1	1	9	2	2	5	3	4	1	4	4	5	2	0	1	3	0	0	3	3	3	0	1	1	1	0	2	5	2	2	4
chr9	41544987	41545045	59	8	0	59	41	18	20	1	1	1	0	2	2	3	1	1	1	2	2	1	1	2	1	2	0	1	2	0	0	2	1	0	0	2	3	2	0	0
chr9	41545046	41545127	82	8	0	82	58	24	10	3	5	4	4	2	3	1	3	2	0	2	5	3	4	6	5	1	0	3	1	0	0	0	1	0	0	5	3	0	0	4
chr9	41545128	41545155	28	7	0	28	20	8	2	0	0	3	2	0	1	1	0	1	1	2	1	1	1	3	0	0	0	1	0	0	0	0	1	0	0	1	3	0	0	1
chr9	41545156	41545177	22	8	0	22	12	10	0	0	1	2	1	1	1	0	2	0	1	2	0	0	0	0	0	0	0	0	1	1	0	0	2	0	0	0	0	1	0	4
chr9	41545178	41545248	71	8	0	71	41	30	4	1	5	4	5	3	1	5	3	0	2	0	2	2	0	2	3	4	0	0	5	0	0	3	5	3	0	2	1	1	0	3
chr9	41545253	41545516	264	8	0	264	180	84	22	5	17	22	16	3	2	9	15	4	5	5	14	11	9	20	12	4	0	7	6	7	0	8	5	1	0	4	7	9	0	13
chr9	41545517	41545585	69	8	0	69	54	15	9	3	2	10	2	1	1	2	7	0	0	0	6	1	4	5	2	0	0	3	0	0	0	0	2	0	0	0	2	1	0	4
chr9	41545586	41546007	422	8	0	422	293	129	33	12	16	32	16	7	9	19	22	4	8	10	22	20	20	42	16	9	1	16	9	4	1	8	8	4	0	8	18	5	0	21
chr9	41546008	41546046	39	8	0	39	28	11	4	2	0	5	2	0	0	2	2	0	1	0	3	1	1	5	2	0	0	1	0	1	1	0	1	0	0	0	1	1	0	1
chr9	41546047	41546187	141	8	0	141	96	45	13	8	6	6	6	3	2	10	5	4	3	4	9	0	7	8	5	2	0	8	3	1	0	1	2	0	0	6	12	2	0	3
chr9	41546197	41546286	90	8	0	90	71	19	12	6	4	10	6	0	1	3	5	0	0	0	9	2	1	11	3	0	2	3	0	0	0	0	3	0	0	2	4	0	0	1
chr9	41546287	41546310	24	8	0	24	17	7	5	0	1	3	1	0	1	1	1	0	0	0	1	0	0	1	0	0	0	0	1	0	0	1	1	2	0	1	1	0	0	0
chr9	41546316	41546372	57	8	0	57	42	15	5	0	2	9	2	1	2	3	3	0	1	1	6	2	0	4	2	0	0	1	1	0	0	1	3	0	0	1	2	1	0	2
chr9	41546373	41546405	33	8	0	33	21	12	1	0	2	2	3	0	1	3	1	1	0	1	0	1	1	2	1	0	0	1	0	0	0	1	3	1	0	2	3	0	0	0
chr9	41546406	41546600	195	8	0	195	132	63	25	10	8	11	11	2	4	6	9	1	8	6	10	4	7	9	8	1	1	7	3	2	0	6	2	1	0	7	10	6	1	7
chr9	41546601	41546648	48	8	0	48	37	11	8	1	2	5	3	1	0	0	2	1	0	3	3	1	2	4	1	0	1	2	0	0	0	0	0	0	0	0	4	0	0	2
chr9	41546649	41546755	107	8	0	107	81	26	16	5	6	7	5	1	1	4	3	2	2	0	11	4	3	9	2	1	0	9	2	0	0	1	3	0	0	1	4	2	0	1
chr9	41546756	41546783	28	7	0	28	21	7	6	3	2	0	3	0	0	0	2	0	1	0	1	0	0	1	3	0	0	0	0	0	0	1	0	0	0	0	0	1	0	2
chr9	41546784	41546807	24	8	0	24	14	10	1	3	0	1	1	0	1	1	1	1	1	0	1	1	0	0	1	1	1	1	1	0	0	1	0	0	0	0	1	1	1	0
chr9	41546808	41546857	50	8	0	50	37	13	4	1	1	9	2	1	0	3	3	0	0	2	5	0	1	4	0	1	0	0	3	0	0	1	1	1	0	0	2	2	0	1
chr9	41546858	41547046	189	8	0	189	125	64	21	8	9	13	9	2	6	6	5	2	3	7	16	4	5	8	6	2	2	6	4	3	0	7	8	4	0	4	5	5	1	6
chr9	41547047	41547507	461	8	0	461	309	152	41	14	18	36	17	9	11	31	26	10	11	16	25	5	10	28	19	12	0	7	14	4	0	13	11	2	0	6	24	13	2	24
chr9	41547508	41547619	112	8	0	112	84	28	13	1	2	9	3	4	0	6	1	1	4	5	7	7	4	16	9	0	0	4	0	0	1	0	1	0	1	0	3	2	0	6
chr9	41547620	41547684	65	8	0	65	40	25	4	3	1	5	5	2	0	5	2	0	3	3	2	1	3	0	2	2	0	2	3	1	0	2	2	1	0	1	4	2	0	2
chr9	41547685	41547695	11	8	0	11	8	3	1	0	0	1	1	1	0	1	1	0	0	0	0	0	0	0	2	0	0	0	0	0	0	0	0	0	0	0	1	0	0	0
chr9	41547696	41547804	109	8	0	109	80	29	16	4	4	13	5	3	1	4	8	0	1	2	8	1	1	8	4	2	0	2	3	2	0	3	1	1	0	0	5	3	0	2
chr9	41547810	41547942	133	8	0	133	86	47	13	5	5	8	4	3	4	6	8	1	3	5	7	2	6	5	2	1	2	6	5	2	0	3	2	2	0	4	7	5	0	5
chr9	41547943	41548033	91	8	0	91	66	25	12	1	4	9	5	1	1	3	3	1	3	4	6	1	3	8	1	0	0	2	0	1	0	2	4	0	0	2	5	2	0	5
chr9	41548034	41548105	72	8	0	72	55	17	9	2	1	7	3	3	2	0	1	0	0	5	6	2	3	9	5	0	0	2	1	0	0	1	2	0	0	0	1	2	0	3
chr9	41548108	41548269	162	8	0	162	112	50	16	0	13	11	6	3	4	6	10	3	4	4	8	6	5	13	7	2	2	1	0	0	0	2	8	0	0	6	4	0	0	16
chr9	41548270	41548430	161	8	0	161	114	47	18	7	7	15	7	3	2	4	4	4	1	2	18	2	7	13	5	5	0	6	3	2	0	7	3	1	0	2	5	4	0	2
chr9	41548431	41548722	292	8	0	292	227	65	50	12	15	24	12	2	4	6	9	5	1	8	31	11	13	22	11	5	0	14	4	0	0	4	1	0	0	3	8	3	0	12
chr9	41548723	41548839	117	8	0	117	83	34	18	5	4	8	5	5	6	2	2	2	1	7	8	0	1	7	8	1	0	3	1	1	0	2	3	0	0	3	6	2	0	4
chr9	41548840	41548965	126	8	0	126	78	48	10	2	9	9	6	2	5	0	10	1	6	4	4	1	4	5	3	0	0	3	4	3	0	4	2	1	0	5	4	6	0	11
chr9	41548966	41549006	41	8	0	41	26	15	2	1	1	2	1	2	1	2	2	0	4	2	1	0	2	2	2	1	0	0	1	0	0	0	2	0	0	0	1	0	0	7
chr9	41549013	41549141	129	8	0	129	66	63	1	1	5	6	5	8	2	10	4	3	4	9	3	0	1	3	6	4	0	2	11	9	0	4	1	4	0	1	7	8	0	5
chr9	41549151	41549248	98	8	0	98	51	47	5	3	6	1	4	2	4	7	3	1	7	4	1	1	0	0	4	1	0	2	5	1	1	4	4	6	1	3	4	3	0	8
chr9	41549249	41549265	17	8	0	17	6	11	0	1	0	0	0	1	1	2	1	0	0	0	0	0	0	0	1	0	0	0	3	2	0	0	0	1	0	1	0	1	0	0
chr9	41549266	41549315	50	8	0	50	31	19	6	1	3	3	1	0	2	2	2	1	1	0	4	2	0	2	1	2	0	1	3	3	0	2	0	1	0	1	0	2	0	2
chr9	41549316	41549330	15	8	0	15	9	6	1	0	1	0	0	0	1	0	0	1	0	1	1	1	1	1	0	0	0	1	0	0	0	1	0	0	0	0	1	0	0	1
chr9	41549331	41549608	278	8	0	278	187	91	22	6	18	16	8	5	7	11	14	2	5	11	18	10	7	25	14	3	0	6	6	4	0	12	4	4	0	6	7	11	0	14
chr9	41549609	41549628	20	8	0	20	15	5	1	0	0	2	1	1	0	1	1	0	0	2	0	0	2	2	1	0	0	1	0	0	0	0	0	0	0	0	2	0	0	1
chr9	41549629	41549783	155	8	0	155	86	69	5	6	1	9	5	9	1	10	5	1	11	10	5	0	2	5	6	6	1	3	9	11	2	3	0	0	0	0	10	8	1	8
chr9	41549789	41549890	102	8	0	102	54	48	8	2	9	2	3	4	5	5	7	1	2	1	2	2	0	0	4	2	0	3	3	5	0	6	7	3	0	3	3	4	0	4
chr9	41549891	41549911	21	8	0	21	9	12	0	0	0	2	1	0	3	0	1	1	1	0	0	0	0	0	0	1	0	0	1	2	0	1	2	0	0	0	0	1	0	2
chr9	41549912	41550126	215	8	0	215	145	70	20	9	10	15	16	4	4	4	4	7	5	3	14	5	6	17	11	8	1	5	6	1	1	6	4	1	0	7	8	4	0	7
chr9	41550127	41550172	46	8	0	46	25	21	2	0	0	4	2	3	3	2	1	0	3	0	1	2	0	0	1	1	0	3	3	2	0	0	3	2	0	1	3	0	0	2
chr9	41550173	41550595	423	8	0	423	333	90	58	11	15	58	14	4	7	12	17	2	4	11	52	17	12	37	14	6	0	14	5	3	0	6	4	2	0	2	14	3	0	17
chr9	41550596	41550746	151	8	0	151	98	53	13	3	9	10	7	3	6	2	9	3	1	8	6	5	5	8	6	4	0	4	4	2	0	5	2	1	0	2	6	4	1	10
chr9	41550747	41551081	335	8	0	335	255	80	63	11	15	30	13	3	4	9	17	5	3	8	26	10	13	23	13	4	1	11	6	2	0	6	2	1	0	1	8	7	1	17
chr9	41551082	41551153	72	8	0	72	53	19	7	3	0	9	3	0	2	3	3	1	3	3	8	1	2	3	3	1	0	1	2	1	0	1	0	0	0	0	3	2	0	5
chr9	41551154	41551276	123	8	0	123	86	37	6	7	3	10	6	4	2	9	4	2	1	3	10	1	5	11	7	2	0	5	2	0	0	3	6	1	0	1	6	2	0	2
chr9	41551277	41551379	103	8	0	103	88	15	23	2	4	14	5	1	1	0	4	0	0	4	9	3	2	14	4	0	0	2	1	0	0	0	0	0	0	0	2	1	0	5
chr9	41551380	41551420	41	8	0	41	29	12	6	1	2	4	3	0	2	1	2	0	1	0	3	2	0	1	1	0	0	2	1	0	0	0	2	1	0	1	2	0	0	1
chr9	41551421	41551577	157	8	0	157	114	43	18	5	6	16	10	3	3	5	6	3	2	7	10	1	3	14	7	2	0	4	4	1	0	3	2	2	0	0	8	3	0	7
chr9	41551578	41551620	43	8	0	43	29	14	3	1	3	1	0	0	1	2	1	1	1	2	4	2	1	5	0	1	0	2	2	0	0	1	1	1	0	0	0	1	0	4
chr9	41551621	41551685	65	8	0	65	55	10	10	2	1	11	2	0	1	3	4	0	0	0	8	2	0	10	2	0	0	1	1	0	0	0	0	0	0	0	3	1	0	1
chr9	41551686	41551731	46	8	0	46	37	9	11	1	1	5	2	0	0	0	1	0	0	0	4	2	3	7	1	0	1	1	0	0	0	1	0	1	0	1	1	0	0	0
chr9	41551732	41552051	320	8	0	320	228	92	28	11	13	29	13	5	7	10	17	4	7	7	23	9	14	30	9	6	0	15	7	0	0	6	10	2	0	2	9	5	2	18
chr9	41552052	41554581	2530	8	0	2530	1552	978	220	91	88	134	137	62	73	135	98	45	57	89	77	65	76	104	122	54	13	74	102	62	3	74	75	43	11	55	108	81	9	91
chr9	41554582	41554649	68	8	0	68	48	20	8	2	2	4	0	0	3	2	2	0	2	2	6	6	3	4	4	3	0	1	0	1	0	4	0	0	0	0	1	1	0	5
chr9	41554650	41554768	119	8	0	119	79	40	10	6	7	8	7	3	3	2	8	2	4	0	7	2	3	6	6	3	0	4	2	1	0	5	3	0	0	1	3	4	0	7
chr9	41554769	41554925	157	8	0	157	116	41	22	6	6	15	6	4	1	8	4	2	5	3	17	5	2	8	9	3	1	5	2	0	1	2	4	0	0	0	5	2	0	7
chr9	41554926	41555051	126	8	0	126	97	29	22	2	5	12	1	1	2	5	4	1	1	1	13	5	9	11	2	1	0	6	1	0	0	2	2	2	0	6	4	0	0	3
chr9	41555052	41555219	168	8	0	168	133	35	29	5	7	19	10	2	1	4	7	1	0	2	15	6	2	21	9	3	0	2	3	0	0	2	2	1	0	3	3	1	2	4
chr9	41555220	41555306	87	8	0	87	56	31	6	3	4	5	3	0	3	3	3	2	6	2	6	1	1	8	1	1	0	4	1	0	2	3	0	2	0	2	6	2	0	5
chr9	41555307	41555480	174	8	0	174	105	69	9	3	10	6	1	1	4	11	8	1	10	5	10	10	8	6	3	5	0	7	6	7	0	6	3	3	0	4	6	4	0	15
chr9	41555481	41555516	36	8	0	36	18	18	0	0	2	1	0	1	1	1	1	1	2	1	2	1	2	1	0	2	0	0	2	3	0	2	1	0	0	1	0	2	0	4
chr9	41555517	41555738	222	8	0	222	158	64	27	11	5	20	7	4	4	13	11	2	3	5	18	4	10	14	15	1	0	5	5	3	0	4	5	1	0	2	2	6	2	11
chr9	41555739	41555806	68	8	0	68	46	22	1	1	2	5	3	1	2	6	2	1	0	5	3	5	0	8	5	1	1	0	0	0	0	2	3	0	0	1	5	1	1	1
chr9	41555807	41555889	83	8	0	83	63	20	7	4	3	7	3	3	1	0	2	1	1	3	9	2	3	12	4	1	0	5	0	2	0	1	0	0	0	0	4	0	0	3
chr9	41555890	41555903	14	8	0	14	12	2	1	0	0	2	0	0	0	0	1	0	0	0	1	1	0	4	0	0	0	1	0	0	0	0	0	0	0	0	1	0	0	0
chr9	41555904	41556155	252	8	0	252	191	61	24	7	6	25	8	5	5	13	12	2	2	8	18	12	14	28	17	2	0	7	0	0	0	3	4	0	0	4	10	1	0	13
chr9	41556156	41556244	89	8	0	89	71	18	14	3	3	10	3	1	0	3	3	0	0	2	10	7	5	6	5	1	0	5	1	0	0	1	0	0	0	0	1	1	0	2
chr9	41556245	41556349	105	8	0	105	86	19	21	6	8	6	0	0	2	1	3	0	1	0	18	4	2	12	1	3	0	6	0	0	0	3	1	0	0	1	1	0	0	3
chr9	41556350	41556363	14	8	0	14	7	7	1	0	1	0	0	1	1	0	1	0	0	0	0	1	1	0	1	0	0	1	0	0	0	1	0	1	0	1	0	0	0	0
chr9	41556364	41556540	177	8	0	177	80	97	24	2	2	3	4	6	9	1	2	3	12	2	1	3	4	0	2	2	3	7	7	8	9	6	7	12	6	9	4	8	2	5
chr9	41556541	41556558	18	7	0	18	12	6	3	0	0	1	0	0	0	0	0	1	1	0	1	2	2	1	0	0	1	1	0	0	0	0	0	0	0	0	0	0	0	2
chr9	41556559	41556680	122	8	0	122	45	77	5	1	2	2	1	6	4	2	2	2	6	6	2	2	2	0	2	5	2	2	6	7	8	6	1	11	6	4	4	5	4	2
chr9	41556681	41556749	69	8	0	69	48	21	6	2	1	3	2	3	5	3	1	1	0	2	2	4	0	12	5	0	0	4	1	0	0	0	5	1	0	0	2	0	0	2
chr9	41556750	41556795	46	8	0	46	34	12	6	0	4	4	0	0	1	2	3	0	1	2	5	1	1	3	0	0	0	1	0	0	0	2	1	1	0	0	1	1	0	4
chr9	41556810	41556869	60	8	0	60	39	21	5	3	1	6	5	1	3	2	3	2	3	2	1	0	1	0	3	0	2	1	0	0	0	0	2	0	0	2	6	0	0	4
chr9	41556870	41556897	28	8	0	28	16	12	1	1	1	1	0	2	1	1	1	0	2	0	3	1	0	0	1	2	0	1	1	0	0	2	0	1	0	0	2	0	0	1
chr9	41556898	41557001	104	8	0	104	61	43	6	3	5	3	7	6	1	1	1	4	9	1	2	1	4	5	5	3	0	7	1	2	1	3	3	1	0	2	6	1	1	7
chr9	41557002	41557060	59	8	0	59	43	16	13	2	1	6	2	0	0	1	2	0	1	0	5	1	5	3	0	2	0	1	1	2	0	3	0	1	0	1	1	1	0	2
chr9	41557061	41557153	93	8	0	93	71	22	15	2	5	10	4	1	1	3	1	1	2	2	12	2	3	7	4	0	0	2	2	0	0	0	2	0	0	4	1	2	0	3
chr9	41557155	41557193	39	8	0	39	26	13	5	1	1	3	2	2	1	1	4	0	0	0	0	1	1	2	3	0	1	1	0	1	1	0	1	1	0	0	2	0	0	2
chr9	41557195	41557261	67	8	0	67	48	19	13	0	4	4	1	4	1	3	3	0	2	5	3	1	0	2	5	0	0	0	1	0	0	1	1	1	0	0	3	1	0	6
chr9	41557263	41557342	80	8	0	80	57	23	10	2	2	10	6	2	2	2	3	2	0	3	5	1	3	3	4	1	0	2	2	0	0	1	2	2	0	0	4	0	0	4
chr9	41557353	41557392	40	8	0	40	25	15	5	2	1	1	2	4	0	1	2	0	1	0	0	2	1	1	5	2	0	1	2	1	0	1	0	0	0	0	1	1	0	1
chr9	41557394	41557651	258	8	0	258	184	74	36	14	7	16	11	8	9	10	10	4	4	7	16	4	6	20	19	3	0	9	8	1	0	1	4	0	0	4	7	6	0	12
chr9	41557659	41557710	52	8	0	52	43	9	11	1	2	5	1	0	0	3	2	0	0	1	5	1	0	9	2	0	0	0	1	1	0	0	1	0	0	1	1	1	0	1
chr9	41557712	41557748	37	8	0	37	27	10	1	4	0	5	1	0	1	3	3	0	0	0	5	0	1	2	3	0	1	0	0	0	0	0	0	0	1	1	3	0	0	0
chr9	41557750	41557982	233	8	0	233	163	70	24	10	8	20	15	5	4	7	13	0	7	10	10	4	10	15	11	3	0	5	5	0	0	5	4	0	0	6	10	7	0	13
chr9	41557984	41558037	54	8	0	54	34	20	4	2	3	4	5	1	2	0	2	1	1	0	2	2	1	3	3	2	0	1	2	1	0	1	3	1	0	2	0	0	0	3
chr9	41558038	41558338	301	8	0	301	170	131	14	8	9	14	8	10	13	17	14	8	16	4	9	6	8	11	12	10	1	8	11	9	1	12	8	6	0	10	18	8	0	16
chr9	41558340	41558356	17	8	0	17	13	4	5	0	0	3	1	0	0	1	0	0	0	0	1	0	0	0	0	0	0	0	1	1	0	0	1	1	0	0	0	0	0	0
chr9	41558358	41559183	826	8	0	826	563	263	68	20	34	63	30	22	20	36	33	14	12	28	53	34	31	63	43	19	0	28	26	12	0	20	10	7	0	11	29	20	0	38
chr9	41559184	41559195	12	8	0	12	7	5	2	0	1	0	1	1	0	0	0	0	0	2	0	0	0	0	1	0	0	0	0	0	0	0	0	0	0	0	0	0	1	1
chr9	41559196	41559890	695	8	0	695	516	179	77	20	32	72	27	7	17	34	35	10	5	20	63	25	16	54	39	4	1	18	8	1	0	12	10	5	0	11	28	11	1	30
chr9	41559900	41560182	283	8	0	283	218	65	37	15	11	30	13	1	3	13	11	0	2	5	31	12	13	20	14	3	0	11	1	1	0	4	8	1	0	3	6	1	0	11
chr9	41560186	41560250	65	8	0	65	50	15	8	2	4	7	2	1	0	3	4	0	1	2	6	1	1	6	1	1	0	2	2	1	0	0	0	0	0	0	3	1	0	4
chr9	41560251	41560587	337	8	0	337	237	100	36	12	10	25	8	8	10	19	15	4	8	6	24	15	13	24	21	2	0	16	2	4	0	8	6	2	0	4	16	5	0	12
chr9	41560588	41560611	24	8	0	24	13	11	4	0	1	1	1	0	1	0	1	1	0	1	0	0	0	2	0	0	1	0	0	0	1	0	2	0	2	1	0	1	0	1
chr9	41560612	41560955	344	8	0	344	200	144	18	14	12	12	9	9	19	18	17	7	12	7	13	8	14	9	15	9	0	15	12	5	0	13	11	7	1	13	17	9	1	16
chr9	41560956	41561363	408	8	0	408	294	114	46	13	19	44	19	8	7	15	20	5	9	7	38	12	8	22	19	3	2	14	4	4	1	9	6	4	0	6	20	7	1	14
chr9	41561365	41561442	78	8	0	78	59	19	9	1	4	8	2	0	1	4	4	1	1	2	6	4	3	7	1	1	0	4	1	0	0	0	3	0	0	1	2	0	2	4
chr9	41561444	41561581	138	8	0	138	96	42	18	5	3	9	8	4	3	9	2	5	1	4	8	5	2	8	9	5	2	3	4	1	0	2	3	1	0	0	8	0	0	4
chr9	41561586	41562135	550	8	0	550	375	175	54	18	24	39	25	15	9	27	23	11	8	21	33	10	16	41	30	8	1	14	8	14	0	16	10	5	0	5	28	11	1	23
chr9	41562137	41562257	121	8	0	121	96	25	20	5	3	13	4	0	2	8	5	0	1	3	13	4	2	11	7	0	0	2	1	0	0	0	2	0	1	3	4	1	1	3
chr9	41562259	41562331	73	8	0	73	55	18	5	2	1	9	1	1	2	4	2	1	2	3	9	3	4	4	4	0	0	3	0	0	0	1	0	1	0	1	4	0	0	4
chr9	41562333	41562366	34	8	0	34	23	11	2	0	1	5	1	0	1	0	4	0	3	1	1	0	1	2	0	0	0	0	0	0	0	1	0	0	0	2	3	1	0	3
chr9	41562368	41562747	380	8	0	380	281	99	57	14	10	32	14	6	8	21	14	2	7	14	28	13	10	29	23	2	0	10	6	3	0	6	6	1	0	5	14	9	0	14
chr9	41562748	41562769	22	7	0	22	11	11	0	0	0	0	0	0	1	1	0	2	5	1	0	0	0	0	1	0	0	1	1	0	0	0	0	0	0	0	1	1	0	5
chr9	41562770	41562857	88	8	0	88	32	56	0	1	2	1	2	6	6	1	2	1	8	2	0	0	0	0	3	3	0	2	6	3	2	6	3	5	3	5	3	5	3	2
chr9	41562859	41562890	32	8	0	32	10	22	0	0	0	0	0	3	2	0	0	2	0	0	0	1	1	0	2	2	1	1	2	3	1	1	1	2	1	2	0	1	1	0
chr9	41562892	41563129	238	8	0	238	132	106	28	5	6	12	7	10	9	1	5	4	7	6	11	6	10	5	5	7	4	9	10	6	5	11	4	12	4	5	8	6	1	7
chr9	41563131	41563230	100	8	0	100	69	31	13	3	6	9	6	2	2	3	4	3	3	2	8	1	1	2	5	3	0	1	1	0	0	3	3	1	0	2	5	0	0	6
chr9	41563232	41563775	544	8	0	544	320	224	31	17	21	23	24	21	18	28	19	13	16	16	18	15	14	25	30	12	2	22	30	15	0	16	13	8	0	11	19	25	0	20
chr9	41563776	41563786	11	8	0	11	4	7	0	0	1	0	1	0	1	0	0	0	0	0	0	0	0	0	0	1	0	0	0	2	0	1	2	0	0	0	0	0	0	0
chr9	41563787	41563872	86	8	0	86	44	42	2	3	3	3	2	4	0	6	4	1	2	1	3	2	5	2	4	5	1	1	3	6	0	7	2	3	0	1	3	3	1	1
chr9	41563880	41563933	54	8	0	54	29	25	2	4	0	1	1	4	4	3	2	1	2	0	2	2	0	0	8	1	0	1	1	1	0	3	4	0	0	0	0	3	0	2
chr9	41563934	41563958	25	8	0	25	7	18	0	1	0	0	1	1	1	0	0	1	1	0	0	0	0	0	1	2	0	0	2	5	1	2	1	1	0	0	0	2	0	0
chr9	41563959	41564014	56	8	0	56	30	26	3	1	2	2	1	1	1	4	0	1	3	1	4	1	2	1	2	2	0	0	1	5	0	4	3	1	0	2	1	2	0	3
chr9	41564016	41564086	71	8	0	71	38	33	2	5	0	0	4	3	3	7	1	0	0	1	0	5	3	4	6	5	2	0	2	1	0	3	7	1	0	2	1	0	0	1
chr9	41564090	41564114	25	8	0	25	17	8	2	0	1	2	0	1	1	0	2	1	0	0	1	1	0	3	0	0	2	1	1	0	0	1	0	0	0	0	1	2	0	0
chr9	41564115	41564182	68	8	0	68	45	23	14	2	3	3	1	2	2	2	4	1	2	1	2	1	1	2	2	2	0	2	1	3	0	3	1	1	0	0	4	1	0	3
chr9	41564184	41564227	44	8	0	44	26	18	3	2	1	3	1	1	3	1	2	1	1	3	3	0	0	1	2	1	0	1	1	2	0	1	0	2	0	0	3	0	0	3
chr9	41564229	41564508	280	8	0	280	206	74	34	12	12	27	14	4	5	9	18	2	4	7	21	7	7	21	14	3	0	8	5	2	0	7	4	0	0	0	9	9	0	13
chr9	41564511	41564540	30	8	0	30	21	9	1	2	0	2	1	3	1	2	1	1	0	0	2	1	0	3	5	0	0	1	0	0	0	0	0	0	0	0	2	0	0	0
chr9	41564542	41564799	258	8	0	258	185	73	18	6	10	21	4	6	6	15	14	7	9	11	20	5	9	22	10	1	2	11	2	1	0	3	0	0	0	2	19	4	0	18
chr9	41564801	41564832	32	8	0	32	20	12	3	1	1	1	0	2	0	2	1	0	1	1	3	0	1	2	1	1	0	1	0	0	1	2	1	1	0	0	1	1	1	0
chr9	41564834	41564992	159	8	0	159	111	48	14	4	7	11	8	2	4	7	6	1	2	11	8	11	2	13	9	6	1	1	3	1	0	5	0	0	0	0	9	2	1	8
chr9	41564993	41565020	28	8	0	28	18	10	2	0	2	1	1	0	0	1	0	0	0	2	2	0	3	3	0	0	0	0	0	1	0	2	1	2	0	1	0	0	0	2
chr9	41565021	41565643	623	8	0	623	451	172	98	20	28	48	31	11	12	21	28	10	18	16	38	14	7	49	28	9	0	18	11	7	0	13	7	1	0	6	29	14	0	29
chr9	41565645	41565660	16	8	0	16	6	10	0	0	0	0	0	0	2	0	0	1	2	0	0	0	0	0	0	0	0	1	2	0	0	2	0	0	0	0	0	3	0	1
chr9	41565662	41565711	50	8	0	50	30	20	1	1	3	1	2	4	3	3	2	1	0	3	1	2	0	1	6	0	0	3	1	0	0	0	3	0	0	1	3	1	0	2
chr9	41565712	41565724	13	8	0	13	9	4	1	0	0	2	0	0	1	0	1	0	0	0	1	1	0	0	0	0	0	1	1	1	0	0	0	0	0	0	0	1	0	0
chr9	41565725	41565918	194	8	0	194	118	76	13	6	7	14	10	6	6	13	9	1	2	6	9	1	5	9	6	5	2	1	10	3	0	5	12	6	0	7	7	4	0	7
chr9	41565920	41565939	20	8	0	20	14	6	1	1	0	2	1	0	1	0	0	0	0	2	2	2	0	2	0	1	0	0	1	0	0	0	0	0	0	0	1	0	0	1
chr9	41565941	41566116	176	8	0	176	102	74	13	7	5	5	6	4	8	8	7	4	6	1	5	4	7	10	6	7	1	6	5	3	1	11	4	7	0	5	11	3	0	4
chr9	41566117	41566127	11	8	0	11	4	7	1	1	0	0	0	0	1	0	1	0	0	0	0	0	0	0	0	1	0	0	1	1	0	1	0	1	0	0	0	0	0	0
chr9	41566128	41566342	215	8	0	215	146	69	16	6	4	19	8	3	8	15	5	4	3	7	16	8	9	15	13	3	0	5	4	2	0	5	9	3	0	4	8	3	0	8
chr9	41566344	41566374	31	8	0	31	24	7	4	0	1	3	2	1	0	2	0	0	0	0	3	4	0	3	4	0	0	1	1	0	0	0	0	0	0	0	0	0	0	0
chr9	41566377	41566432	56	8	0	56	41	15	10	0	2	6	2	0	2	1	1	0	4	3	4	2	0	2	1	0	0	2	0	0	0	2	1	0	0	1	3	2	0	3
chr9	41566433	41566489	57	8	0	57	39	18	5	3	0	7	1	0	3	2	4	0	1	1	5	0	5	2	1	1	0	1	2	0	0	1	1	0	0	3	2	0	0	4
chr9	41566490	41566737	248	8	0	248	178	70	10	11	9	23	12	2	6	15	9	2	5	8	22	11	7	26	14	4	0	8	4	1	0	1	4	1	0	7	13	0	0	11
chr9	41566738	41566772	35	7	0	35	28	7	1	1	1	3	0	1	1	0	0	0	1	0	5	3	2	8	1	0	0	4	0	0	0	0	0	0	0	0	1	0	0	0
chr9	41566773	41567231	459	8	0	459	287	172	10	13	22	27	17	13	12	23	13	15	10	15	32	12	20	32	21	15	0	17	16	10	0	17	8	7	0	7	19	11	0	23
chr9	41567232	41567274	43	8	0	43	24	19	4	1	1	2	1	0	1	3	3	0	3	2	0	0	1	1	0	1	0	0	2	3	0	3	0	0	0	0	2	4	0	3
chr9	41567275	41567409	135	8	0	135	94	41	17	3	6	13	1	1	4	6	10	0	4	7	10	0	6	4	2	1	0	1	1	2	0	5	2	2	0	4	8	3	0	10
chr9	41567410	41567450	41	8	0	41	22	19	0	3	2	2	5	1	0	2	0	1	1	0	2	1	1	0	3	2	0	1	2	2	0	2	1	2	0	1	1	0	0	1
chr9	41567451	41567555	105	8	0	105	72	33	15	11	1	3	7	1	4	4	4	1	4	2	5	3	2	3	9	2	0	5	4	0	0	2	0	0	0	0	3	4	0	4
chr9	41567560	41567676	117	8	0	117	82	35	18	4	10	6	5	1	2	6	11	2	5	2	4	1	1	2	6	0	0	2	0	0	0	1	3	0	0	3	5	1	2	12
chr9	41567677	41567849	173	8	0	173	117	56	23	10	6	8	14	3	2	9	5	5	1	4	6	4	7	9	12	4	1	5	4	1	0	4	8	1	0	1	4	3	1	6
chr9	41567850	41567908	59	8	0	59	46	13	4	2	0	7	0	0	1	5	4	0	0	3	5	1	4	9	1	0	0	2	0	0	0	1	2	0	0	0	3	1	0	2
chr9	41567909	41568476	568	8	0	568	385	183	73	16	30	39	20	10	18	19	36	5	16	12	29	13	14	34	24	5	0	15	8	6	0	22	17	1	0	14	17	24	2	27
chr9	41568477	41568540	64	8	0	64	38	26	7	1	3	4	3	3	2	2	3	1	1	2	2	1	3	0	3	1	0	1	3	0	0	3	1	3	0	2	2	2	0	3
chr9	41568541	41568607	67	8	0	67	41	26	2	3	3	3	6	2	0	5	3	2	1	4	1	0	1	4	1	3	0	3	6	2	0	0	0	0	0	0	5	3	0	2
chr9	41568608	41568667	60	8	0	60	39	21	3	1	0	4	2	9	0	5	0	0	0	1	3	3	1	5	10	0	2	1	1	0	0	0	5	1	0	0	1	0	0	0
chr9	41568668	41568728	61	8	0	61	45	16	8	1	1	8	3	0	1	4	3	0	2	5	4	0	1	3	1	0	0	1	1	0	0	1	1	0	0	1	5	2	0	2
chr9	41568729	41568821	93	8	0	93	64	29	12	4	1	5	4	0	1	9	2	4	1	0	5	6	2	6	8	4	1	1	4	3	0	1	0	0	0	0	2	1	1	3
chr9	41568822	41568864	43	7	0	43	28	15	4	1	1	4	2	1	0	1	2	1	1	1	2	2	0	4	1	1	2	1	1	2	0	1	0	0	0	0	2	2	0	1
chr9	41568865	41568939	75	8	0	75	52	23	10	3	3	7	6	0	1	3	3	1	3	3	3	0	2	3	2	1	0	1	0	1	0	2	3	1	0	2	5	0	0	4
chr9	41568940	41568995	56	8	0	56	38	18	7	2	1	4	4	2	1	3	0	1	1	2	3	1	0	4	4	2	0	0	4	0	0	0	2	1	0	1	1	1	0	2
chr9	41568996	41569125	130	8	0	130	78	52	10	3	6	7	9	3	5	8	5	0	1	10	2	1	0	6	2	2	1	2	6	3	0	4	7	3	0	6	10	5	1	0
chr9	41569126	41569194	69	8	0	69	39	30	8	2	2	3	4	1	4	2	2	2	3	2	1	1	1	1	3	2	0	0	4	0	0	2	2	4	0	2	2	0	1	6
chr9	41569195	41569432	238	8	0	238	140	98	19	9	6	12	9	10	9	10	12	1	11	10	6	6	5	4	9	9	0	8	15	2	0	10	4	3	1	2	10	12	1	11
chr9	41569433	41569472	40	8	0	40	24	16	1	4	1	1	2	3	2	1	2	1	0	0	1	1	2	0	3	2	0	5	3	0	0	0	0	0	0	0	2	1	0	0
chr9	41569473	41569579	107	8	0	107	61	46	5	1	2	5	2	2	5	8	3	3	1	5	3	3	4	8	3	3	0	3	7	5	0	3	5	2	0	3	3	5	0	3
chr9	41569580	41569838	259	8	0	259	164	95	19	10	5	18	15	7	4	21	12	5	6	9	6	5	6	15	13	7	0	7	12	3	2	4	7	2	3	2	14	9	1	8
chr9	41569839	41569893	55	8	0	55	23	32	0	1	1	1	1	5	3	1	2	2	2	1	0	0	0	2	5	1	0	2	4	10	0	2	0	0	0	0	1	5	0	1
chr9	41569894	41569953	60	8	0	60	30	30	0	1	0	2	1	2	1	3	0	1	3	3	2	1	5	4	0	2	1	3	2	6	0	2	4	0	0	2	1	3	1	2
chr9	41569954	41570037	84	8	0	84	55	29	8	3	2	2	1	5	2	9	0	0	0	0	7	6	2	7	8	3	0	3	2	1	0	2	7	1	0	1	0	0	0	0
chr9	41570038	41570067	30	8	0	30	23	7	9	2	2	1	2	0	0	0	0	0	1	0	3	1	0	1	1	1	0	0	0	0	0	1	1	0	0	1	0	0	0	1
chr9	41570068	41570206	139	8	0	139	106	33	21	5	5	12	2	4	2	3	3	1	2	4	16	4	4	16	7	2	1	4	1	2	0	4	2	0	0	0	1	3	1	5
chr9	41570207	41570242	36	8	0	36	24	12	6	3	3	1	4	1	0	0	1	0	1	0	2	0	1	1	1	0	0	2	0	0	0	1	2	1	0	1	1	0	0	1
chr9	41570243	41570342	100	8	0	100	76	24	10	4	3	11	3	1	1	5	2	1	1	4	14	4	4	6	5	1	0	4	1	1	0	3	0	0	0	0	4	3	0	2
chr9	41570343	41570375	33	8	0	33	24	9	6	1	2	2	1	0	0	2	3	0	0	1	1	2	1	1	2	0	0	1	0	0	1	0	0	0	0	0	1	1	0	2
chr9	41570376	41570643	268	8	0	268	127	141	14	7	5	9	11	8	16	4	7	6	15	6	3	5	6	4	8	4	3	10	11	9	7	12	10	16	5	11	10	10	5	9
chr9	41570646	41570748	103	8	0	103	65	38	9	2	3	11	2	3	4	2	4	1	3	2	9	1	3	5	2	2	1	2	6	3	0	3	1	5	0	2	1	2	1	6
chr9	41570750	41571016	267	8	0	267	203	64	37	9	16	30	10	2	2	11	17	0	3	9	27	3	7	18	8	2	0	4	4	3	0	4	3	0	0	7	10	6	0	13
chr9	41571018	41571036	19	8	0	19	14	5	4	0	2	2	1	0	0	0	1	0	1	0	1	1	0	0	0	0	0	1	1	0	0	0	0	0	0	0	0	0	0	2
chr9	41571038	41571110	73	8	0	73	55	18	10	3	2	5	2	1	0	5	3	0	1	2	6	1	2	10	3	2	0	0	1	1	0	3	2	0	0	0	2	2	0	2
chr9	41571111	41571121	11	8	0	11	9	2	5	0	0	1	1	0	0	0	0	1	0	0	0	0	0	0	1	0	0	0	0	0	0	0	0	0	0	0	0	0	0	0
chr9	41571122	41571265	144	8	0	144	103	41	9	6	4	14	8	3	2	10	5	3	2	2	11	6	4	12	10	2	0	6	3	0	0	2	6	0	0	0	4	3	0	5
chr9	41571267	41571290	24	8	0	24	19	5	1	0	1	4	0	2	0	0	1	0	0	1	4	0	0	3	1	0	0	1	0	0	0	1	0	0	0	0	1	1	0	0
chr9	41571292	41571381	90	8	0	90	57	33	11	2	4	5	7	6	1	4	3	2	2	4	1	2	1	1	5	3	0	3	4	0	0	2	2	1	0	1	7	2	0	2
chr9	41571383	41571412	30	8	0	30	26	4	8	0	0	7	2	0	0	1	2	0	1	0	2	0	0	2	0	0	0	0	0	0	0	0	0	0	0	0	3	0	0	0
chr9	41571414	41571527	114	8	0	114	92	22	16	4	5	14	6	0	1	2	6	1	1	1	11	1	3	18	2	1	0	3	1	0	0	2	2	1	0	1	4	1	0	4
chr9	41571529	41571553	25	8	0	25	20	5	4	2	2	2	1	0	0	0	1	0	0	0	4	1	1	0	0	1	0	2	1	0	0	0	0	0	0	0	0	0	0	1
chr9	41571555	41571649	95	8	0	95	68	27	12	2	1	8	2	4	2	8	3	2	1	4	6	3	3	5	9	1	0	1	4	0	0	0	1	0	0	1	2	3	0	5
chr9	41571651	41571684	34	8	0	34	23	11	5	4	0	1	2	1	2	0	0	0	0	0	2	1	1	2	2	2	0	2	3	0	0	0	0	1	0	1	0	0	0	0
chr9	41571686	41571810	125	8	0	125	91	34	14	5	2	14	3	0	7	5	6	0	0	4	12	5	2	10	4	2	0	4	4	1	0	1	4	1	0	3	3	2	2	3
chr9	41571812	41571857	46	8	0	46	32	14	10	3	3	0	1	0	3	1	2	1	0	1	3	1	1	0	2	1	0	2	1	0	0	0	1	0	0	3	1	0	0	3
chr9	41571862	41571926	65	8	0	65	43	22	4	0	3	8	2	1	2	6	4	0	2	2	5	1	0	2	1	0	0	1	2	0	0	0	4	2	0	3	5	0	0	3
chr9	41571928	41571959	32	8	0	32	26	6	4	0	0	3	1	0	0	0	1	0	1	4	1	0	2	9	0	0	0	0	0	0	0	0	0	0	0	0	1	0	0	3
chr9	41571965	41572014	50	8	0	50	38	12	7	0	2	6	0	1	2	0	1	1	2	1	8	0	2	3	0	0	0	2	1	0	0	0	1	1	0	2	1	0	0	4
chr9	41572024	41572117	94	8	0	94	74	20	10	1	4	9	2	1	1	4	3	1	1	3	9	5	3	16	5	0	0	3	2	0	0	1	0	0	0	0	1	3	0	4
chr9	41572121	41572245	125	8	0	125	97	28	22	6	1	15	5	1	1	7	7	1	2	1	11	0	0	15	5	1	0	2	4	2	1	1	0	0	0	0	5	5	1	1
chr9	41572247	41572292	46	8	0	46	30	16	7	4	1	1	2	1	1	5	2	1	0	1	2	0	1	1	4	2	0	0	3	0	0	0	1	0	0	1	1	1	0	1
chr9	41572294	41572504	211	8	0	211	152	59	27	10	6	18	9	2	4	10	12	2	6	4	13	3	4	22	11	4	0	2	3	3	0	5	2	0	0	4	9	5	0	9
chr9	41572505	41572553	49	8	0	49	39	10	16	0	1	5	3	1	1	0	3	0	1	0	1	1	1	3	1	1	0	1	1	0	0	0	1	0	0	1	2	0	0	2
chr9	41572555	41573031	477	8	0	477	346	131	54	17	17	41	22	4	12	19	19	8	6	17	34	15	13	46	22	3	2	17	5	7	0	9	8	2	1	5	22	9	1	18
chr9	41573032	41573080	49	8	0	49	37	12	0	0	0	0	0	0	0	1	0	0	0	11	1	1	10	12	1	0	0	0	0	0	0	0	0	0	0	0	0	0	0	10
chr9	41573081	41573537	457	8	0	457	248	209	25	10	19	19	18	10	21	25	15	9	10	12	15	10	16	13	16	8	2	13	24	16	2	19	18	23	3	18	15	14	1	16
chr9	41573539	41573553	15	8	0	15	8	7	0	0	0	0	0	1	0	1	0	0	0	1	0	1	3	0	1	1	0	1	0	0	0	2	0	0	0	0	0	1	0	0
chr9	41573555	41573633	79	8	0	79	49	30	7	2	3	7	5	3	3	2	1	0	0	1	6	1	1	6	4	1	0	1	4	3	0	2	5	4	0	3	1	0	0	1
chr9	41573641	41573921	281	8	0	281	195	86	26	9	11	22	13	7	6	9	5	4	4	8	24	10	10	25	11	8	0	12	9	4	0	7	4	6	0	4	11	2	0	8
chr9	41573922	41574499	578	8	0	578	369	209	69	30	17	30	34	14	22	19	17	8	17	12	27	14	10	27	30	14	2	20	21	8	2	15	18	13	2	9	20	11	2	22
chr9	41574500	41574519	20	8	0	20	10	10	0	0	2	1	0	0	0	1	1	0	0	0	2	1	1	0	0	0	0	0	0	1	0	3	2	2	0	0	0	1	0	0
chr9	41574521	41575437	917	8	0	917	645	272	113	40	25	73	38	14	22	52	51	12	17	28	49	21	38	50	44	10	1	32	21	7	0	13	19	4	0	13	43	20	1	44
chr9	41575438	41575766	329	8	0	329	213	116	30	10	14	27	13	5	13	8	20	4	10	6	18	13	10	11	15	5	0	11	8	4	1	11	5	7	0	8	11	8	3	18
chr9	41575772	41576045	274	8	0	274	181	93	26	10	15	13	7	3	12	10	19	6	9	9	13	8	7	12	15	4	0	8	6	3	0	9	1	1	0	2	10	10	0	24
chr9	41576047	41576327	281	8	0	281	190	91	26	11	14	15	10	8	8	10	8	6	4	10	21	8	8	21	13	4	1	15	8	5	1	5	6	2	0	2	9	8	0	12
chr9	41576329	41576361	33	8	0	33	15	18	0	1	0	2	3	0	1	1	0	0	2	2	0	1	1	0	1	1	0	0	2	2	0	4	1	3	0	0	1	2	0	0
chr9	41576363	41576940	578	8	0	578	326	252	26	20	32	19	21	20	25	21	27	10	26	13	23	12	12	19	22	16	2	22	24	15	4	17	18	12	2	20	23	18	0	35
chr9	41576942	41576985	44	8	0	44	24	20	4	2	2	1	2	3	2	1	0	0	0	0	3	0	3	0	1	1	0	3	2	1	0	2	4	2	0	2	1	0	0	0
chr9	41576987	41577225	239	8	0	239	142	97	24	7	12	10	11	9	11	5	14	2	8	5	4	6	8	6	8	6	0	10	8	5	0	7	8	5	0	9	12	5	0	12
chr9	41577226	41577264	39	8	0	39	24	15	4	1	3	3	3	0	3	0	4	0	2	0	0	0	0	0	0	0	0	1	0	0	0	1	3	0	0	3	2	1	0	3
chr9	41577272	41577325	54	8	0	54	29	25	4	1	3	1	1	1	2	3	2	0	2	2	1	1	2	2	1	1	0	1	2	2	0	5	2	2	0	2	2	3	0	1
chr9	41577327	41577343	17	8	0	17	10	7	2	0	1	1	1	0	1	1	1	1	1	0	0	0	0	0	0	1	0	0	0	0	0	1	0	0	0	0	1	0	0	2
chr9	41577345	41578063	719	8	0	719	353	366	18	13	31	17	25	27	39	28	22	13	34	18	14	23	18	13	26	21	5	24	41	39	2	31	29	24	1	34	23	29	2	33
chr9	41578066	41578604	539	8	0	539	315	224	44	17	20	24	20	17	17	28	17	10	24	13	24	8	9	21	16	17	0	19	23	22	3	20	18	11	1	10	25	18	0	21
chr9	41578609	41578636	28	8	0	28	20	8	4	0	2	3	1	0	0	0	1	0	2	1	3	1	0	2	0	1	0	0	1	1	0	0	0	0	0	0	0	0	0	3
chr9	41578638	41578770	133	8	0	133	89	44	8	3	4	16	7	6	3	3	5	1	1	3	12	2	4	10	5	4	1	2	5	0	0	4	5	2	1	4	4	4	0	2
chr9	41578775	41579263	489	8	0	489	286	203	34	19	21	19	28	17	22	14	18	11	16	8	13	13	13	19	25	13	0	23	17	10	1	19	17	8	1	16	22	16	0	14
chr9	41579265	41579291	27	8	0	27	17	10	0	1	2	2	1	2	1	1	2	0	1	0	2	1	0	1	1	1	0	2	0	0	0	1	0	0	0	0	2	0	0	1
chr9	41579293	41580103	811	8	0	811	592	219	72	21	30	82	35	22	19	31	39	11	11	21	59	27	24	86	42	7	0	32	12	3	0	13	11	3	0	12	42	15	0	27
chr9	41580108	41580268	161	8	0	161	119	42	22	6	8	13	3	3	3	6	8	0	1	6	15	5	7	11	5	3	0	6	2	0	0	5	3	0	0	3	6	4	0	5
chr9	41580269	41580297	29	8	0	29	19	10	3	1	3	1	2	1	0	0	3	0	0	1	1	0	0	1	0	2	0	0	2	0	0	2	0	0	0	0	1	2	0	1
chr9	41580298	41581062	765	8	0	765	545	220	98	22	42	53	29	13	15	38	26	12	13	23	61	23	19	56	33	9	0	28	13	5	1	13	17	8	0	19	32	10	3	29
chr9	41581070	41582432	1363	8	0	1363	986	377	178	36	49	132	58	27	27	51	50	14	27	46	110	35	36	109	48	17	2	45	33	12	2	22	27	11	0	20	54	29	2	52
chr9	41582442	41583529	1088	8	0	1088	740	348	121	37	34	92	52	16	29	51	36	14	24	27	74	33	35	64	42	15	1	41	30	16	1	22	29	23	1	25	47	15	5	34
chr9	41583531	41583574	44	8	0	44	30	14	4	0	1	5	1	1	3	1	3	0	1	1	2	1	0	5	1	0	0	2	0	0	0	1	2	2	0	0	3	0	0	2
chr9	41583576	41584293	718	8	0	718	458	260	50	25	41	38	33	12	24	27	33	13	22	25	39	17	25	32	25	7	3	32	19	9	0	18	21	13	2	18	31	17	1	44
chr9	41584295	41584845	551	8	0	551	396	155	58	23	21	48	25	11	9	25	31	5	11	8	37	17	19	47	24	5	0	27	12	4	0	8	8	6	0	5	26	9	0	20
chr9	41584847	41585642	796	8	0	796	564	232	88	29	31	66	36	13	15	38	36	10	11	24	54	20	25	67	37	12	1	21	17	10	1	15	15	9	0	12	33	12	2	34
chr9	41585645	41586645	1001	8	0	1001	653	348	95	31	48	63	43	26	24	50	46	16	29	36	53	19	27	47	41	20	1	29	27	13	1	28	17	12	4	27	58	24	0	44
chr9	41586647	41586780	134	8	0	134	86	48	24	4	7	7	2	2	5	3	8	2	2	3	7	2	4	3	2	1	3	4	1	3	1	3	5	2	3	4	4	3	1	7
chr9	41586782	41587709	928	8	0	928	582	346	82	28	37	62	38	16	38	35	44	16	29	33	45	20	27	32	32	17	1	30	24	19	2	33	27	16	0	21	44	27	5	46
chr9	41587719	41588056	338	8	0	338	198	140	33	9	6	19	9	14	15	8	10	4	14	9	15	8	10	14	13	6	3	13	13	6	5	8	8	12	3	12	12	8	5	12
chr9	41588057	41589554	1498	8	0	1498	1054	444	167	45	68	115	38	46	37	56	58	11	29	42	132	51	43	115	64	22	6	60	30	7	3	37	25	20	0	29	58	28	3	51
chr9	41589556	41589570	15	8	0	15	9	6	0	0	0	1	1	2	0	1	0	0	0	0	1	1	0	0	2	1	0	0	1	0	0	0	2	0	0	0	0	0	0	0
chr9	41589572	41589635	64	8	0	64	30	34	3	1	4	0	4	1	3	0	1	2	4	0	0	2	4	0	3	0	1	3	1	2	1	4	2	4	0	5	2	2	0	3
chr9	41589636	41591064	1429	8	0	1429	962	467	143	46	75	93	67	43	28	47	55	24	37	32	92	41	45	94	69	27	2	56	32	14	5	31	36	15	1	30	48	26	6	67
chr9	41591066	41591617	552	8	0	552	351	201	50	26	38	27	29	7	21	15	37	11	13	12	25	6	22	11	23	7	1	19	14	4	0	13	10	10	2	24	25	10	1	37
chr9	41591618	41591627	10	8	0	10	4	6	0	0	1	0	0	0	1	0	1	0	0	0	0	0	0	0	0	0	0	0	1	0	0	1	0	1	0	1	0	1	0	0
chr9	41591634	41592916	1283	7	0	1283	776	507	76	37	56	69	61	33	49	56	53	27	43	42	49	31	43	49	48	29	2	49	43	19	4	41	42	21	2	41	66	38	2	60
chr9	41592922	41593105	184	7	0	184	112	72	15	6	9	11	8	5	10	5	4	3	4	5	15	6	2	3	6	7	0	7	7	5	0	6	5	4	0	9	10	2	0	3
chr9	41593107	41593118	12	7	0	12	10	2	0	0	0	2	0	0	0	1	0	0	0	0	1	1	1	3	0	0	0	1	0	0	0	0	0	0	0	0	0	0	0	0
chr9	41593120	41593347	228	7	0	228	165	63	35	8	10	17	14	5	3	8	5	3	6	3	16	12	2	18	13	4	0	10	4	2	0	3	5	1	0	2	7	2	2	6
chr9	41593348	41593365	18	8	0	18	11	7	3	0	2	1	1	0	0	0	0	1	0	1	2	0	0	0	0	0	0	0	0	2	0	1	0	0	0	0	1	0	0	1
chr9	41593366	41593720	355	7	0	355	273	82	47	12	16	31	10	4	3	26	14	4	5	9	35	9	8	38	16	3	1	9	3	0	0	2	5	1	0	10	19	1	1	11
chr9	41593721	41593741	21	8	0	21	15	6	2	0	0	4	0	0	0	0	2	0	0	1	2	0	3	1	0	0	0	0	0	0	0	2	0	0	0	0	0	1	0	1
chr9	41593742	41593853	112	7	0	112	87	25	26	5	6	9	5	0	1	4	4	1	1	0	10	3	5	5	4	2	0	3	2	0	0	0	3	0	0	5	1	0	0	5
chr9	41593854	41593900	47	8	0	47	38	9	9	1	1	4	1	2	0	1	2	0	2	0	4	2	1	7	3	0	0	1	0	0	0	0	0	0	0	0	1	0	0	3
chr9	41593901	41594644	744	7	0	744	500	244	76	27	25	51	31	20	19	34	33	10	14	22	38	21	25	52	38	16	2	22	20	10	2	19	15	9	2	10	31	16	0	32
chr9	41594645	41594666	22	8	0	22	18	4	2	0	0	5	2	0	0	1	2	0	1	0	1	0	0	3	0	0	0	0	0	0	0	0	0	0	0	0	2	0	0	1
chr9	41594667	41595262	596	7	0	596	347	249	57	12	18	28	18	19	21	23	15	19	18	11	26	18	11	31	24	10	5	29	15	11	18	12	15	20	15	12	27	15	6	15
chr9	41595270	41596098	829	7	0	829	612	217	110	25	34	72	29	16	17	37	36	13	11	24	65	21	24	76	38	8	3	26	14	5	0	5	11	6	1	16	36	5	4	39
chr9	41596099	41596142	44	8	0	44	41	3	6	1	0	11	2	0	0	0	0	0	0	0	10	1	1	8	1	0	0	1	0	0	0	0	0	0	0	0	0	0	0	0
chr9	41596143	41596671	529	7	0	529	400	129	82	22	19	45	18	10	4	27	16	3	7	12	53	12	17	52	26	5	1	14	4	6	0	8	17	4	0	5	12	3	3	20
chr9	41596672	41596975	304	7	0	304	250	54	56	7	9	40	7	4	2	8	10	2	0	4	40	3	12	44	7	0	0	9	5	1	0	4	4	5	0	3	5	4	0	7
chr9	41596976	41597069	94	8	0	94	53	41	12	1	0	6	2	6	5	0	2	2	7	2	3	0	1	4	1	1	1	5	4	2	1	1	5	2	1	2	3	3	3	4
chr9	41597070	41597162	93	7	0	93	49	44	12	2	0	3	1	6	5	3	2	1	4	1	1	0	4	3	2	5	0	2	8	3	0	5	3	3	0	4	2	5	0	1
chr9	41597164	41599230	2067	7	0	2067	1081	986	87	46	82	66	69	69	126	79	70	50	83	51	55	41	52	54	74	56	7	68	106	71	7	93	84	77	4	83	79	73	4	99
chr9	41599231	41599379	149	8	0	149	87	62	13	10	7	4	7	5	7	5	8	2	5	1	5	1	5	0	7	5	0	6	6	1	0	7	6	4	0	4	5	4	0	7
chr9	41599380	41599407	28	8	0	28	16	12	1	0	0	2	1	0	2	2	1	1	0	3	0	1	0	1	1	0	1	0	1	0	1	1	0	0	0	0	3	3	0	0
chr9	41599408	41600240	833	8	0	833	442	391	56	18	40	27	31	30	41	36	33	19	30	19	21	9	20	12	30	20	0	26	43	38	0	37	31	34	0	29	34	28	0	39
chr9	41600241	41600284	44	8	0	44	20	24	1	0	1	2	1	2	4	1	1	3	1	1	1	1	0	0	1	3	0	1	4	2	0	1	2	0	0	2	1	3	0	2
chr9	41600285	41601403	1119	8	0	1119	606	513	56	27	47	40	49	32	46	58	36	32	51	25	29	27	29	21	46	22	3	47	57	51	1	39	30	31	1	40	52	44	1	47
chr9	41601404	41601445	42	8	0	42	24	18	4	0	4	1	1	0	3	0	2	2	0	0	2	2	1	1	1	1	0	2	1	2	0	2	2	1	0	1	0	1	0	3
chr9	41601446	41603003	1558	8	0	1558	893	665	120	42	58	66	62	57	86	55	64	26	51	36	41	34	44	49	61	42	2	54	64	42	3	50	64	39	1	66	71	36	0	70
chr9	41603005	41603162	158	8	0	158	71	87	7	1	3	2	6	7	10	6	2	1	12	4	0	4	4	0	3	3	1	6	10	5	2	8	10	10	0	10	6	7	1	5
chr9	41603163	41606284	3122	8	0	3122	1968	1154	292	126	131	164	147	94	116	111	145	56	70	98	128	70	91	127	160	81	11	94	99	56	5	89	78	43	2	67	131	69	10	159
chr9	41606285	41606932	648	8	0	648	369	279	38	19	28	28	32	16	19	40	22	14	26	22	20	12	12	20	28	14	0	19	30	30	0	25	16	14	1	17	32	27	1	24
chr9	41606933	41606948	16	8	0	16	9	7	1	0	2	0	1	1	0	0	1	0	1	0	0	1	0	0	0	0	0	2	0	0	0	0	2	0	0	0	0	1	0	1
chr9	41606949	41607297	349	8	0	349	211	138	26	16	14	15	11	7	19	15	17	10	15	5	16	4	7	13	13	5	1	18	11	9	0	9	8	4	0	12	20	11	1	15
chr9	41607298	41607313	16	8	0	16	16	0	14	0	0	0	0	0	0	0	0	0	0	0	0	0	0	0	0	0	0	0	0	0	0	0	0	0	0	0	0	0	0	0
chr9	41607314	41607566	253	8	0	253	120	133	7	8	5	4	7	23	17	7	7	5	13	4	3	4	4	1	17	12	0	11	17	2	2	11	10	12	0	9	11	6	4	8
chr9	41607567	41607587	21	8	0	21	8	13	1	0	0	2	2	0	1	0	0	0	2	0	0	0	0	0	0	0	0	0	1	1	1	1	2	2	0	1	0	1	1	0
chr9	41607588	41608195	608	8	0	608	350	258	34	28	25	24	26	17	34	19	21	13	18	19	30	10	16	16	27	13	3	24	27	19	1	14	16	16	0	26	26	13	2	29
chr9	41608196	41608213	18	8	0	18	9	9	3	1	0	0	2	0	0	1	0	0	0	1	0	0	0	0	1	0	0	0	1	3	0	0	1	1	0	0	0	1	0	0
chr9	41608214	41609348	1135	8	0	1135	587	548	43	20	46	32	35	55	60	45	29	26	56	27	34	23	21	34	42	29	7	46	58	41	4	44	57	32	4	45	38	45	7	48
chr9	41609360	41609894	535	8	0	535	377	158	63	18	18	44	17	17	14	25	26	5	20	17	38	10	12	32	27	5	2	16	12	2	0	5	6	1	0	13	28	10	0	30
chr9	41609895	41610296	402	8	0	402	260	142	40	8	20	29	14	9	17	15	22	8	3	13	21	11	12	17	18	4	1	13	11	4	2	14	13	3	0	12	13	19	1	13
chr9	41610297	41610311	15	8	0	15	9	6	1	1	0	1	1	0	1	0	0	0	0	1	1	1	0	0	1	0	1	1	1	0	0	0	0	0	0	0	0	0	1	0
chr9	41610312	41610341	30	8	0	30	21	9	4	1	1	1	0	0	2	1	1	0	1	1	2	1	0	3	1	0	0	1	0	0	0	2	0	2	0	0	2	0	0	1
chr9	41610342	41610514	173	8	0	173	113	60	21	6	10	10	6	4	5	4	12	1	4	6	6	4	6	6	4	3	0	8	6	2	0	6	3	3	0	2	6	6	2	9
chr9	41610515	41610539	25	8	0	25	13	12	2	1	1	0	2	0	2	0	0	2	3	0	0	0	0	0	1	0	0	1	0	0	0	0	2	0	0	1	1	0	0	4
chr9	41610540	41610894	355	8	0	355	209	146	25	8	14	16	14	12	13	12	11	5	10	11	13	11	10	22	8	15	2	11	17	8	1	15	11	11	1	9	16	7	2	12
chr9	41610895	41610944	50	8	0	50	36	14	3	0	2	6	1	1	2	0	1	1	2	1	6	0	1	7	2	1	0	1	1	0	0	2	0	1	0	1	1	1	0	3
chr9	41610945	41611694	750	8	0	750	547	203	96	26	30	68	38	15	12	27	28	2	7	28	59	32	20	57	30	11	4	30	12	4	4	11	16	6	1	9	34	10	1	20
chr9	41611695	41611738	44	8	0	44	31	13	4	1	1	6	3	0	1	1	3	0	2	1	3	1	1	1	0	1	0	1	0	1	0	2	2	0	0	0	3	1	0	2
chr9	41611739	41612009	271	8	0	271	213	58	29	11	8	32	7	1	5	16	11	1	2	9	33	6	5	36	13	1	0	5	5	0	0	1	3	2	1	4	8	3	1	10
chr9	41612010	41612049	40	8	0	40	32	8	5	1	1	5	2	0	1	2	1	1	0	0	4	2	1	5	3	0	0	2	0	0	0	0	0	0	0	0	1	0	0	1
chr9	41612050	41614406	2357	8	0	2357	1591	766	240	94	100	163	105	58	69	84	113	29	62	55	140	75	71	132	123	42	3	88	50	26	4	52	49	23	3	43	94	41	6	118
chr9	41614407	41614575	169	8	0	169	132	37	22	8	4	14	6	3	1	11	3	2	2	1	17	8	4	25	11	3	0	7	3	1	0	1	2	0	0	0	5	1	0	2
chr9	41614577	41614631	55	8	0	55	41	14	9	2	2	3	2	1	1	1	0	1	1	5	4	1	3	3	2	0	0	3	0	0	0	2	0	0	0	0	3	2	0	2
chr9	41614632	41614658	27	8	0	27	19	8	4	2	0	2	1	3	0	2	2	0	0	0	0	0	0	2	4	0	1	0	0	0	0	0	0	0	0	0	2	0	0	0
chr9	41614659	41614859	201	8	0	201	150	51	25	7	6	25	11	4	2	8	9	2	5	5	18	5	1	16	7	4	1	6	4	0	1	1	3	0	0	2	12	2	2	5
chr9	41614867	41614886	20	8	0	20	13	7	2	2	0	0	1	0	0	2	1	0	0	0	1	1	0	2	1	0	2	0	0	0	0	0	2	0	0	0	0	0	1	0
chr9	41614887	41615002	116	8	0	116	86	30	14	2	3	7	7	3	5	4	1	2	1	5	6	6	0	18	8	0	0	5	1	1	0	0	3	1	0	2	7	0	0	2
chr9	41615003	41616026	1024	8	0	1024	646	378	74	23	31	74	47	31	43	48	23	20	20	29	58	26	23	75	50	19	0	31	35	32	0	22	47	18	2	29	38	19	0	35
chr9	41616027	41616042	16	8	0	16	8	8	0	1	0	0	0	1	2	0	1	0	1	0	0	0	0	0	1	1	0	0	0	0	0	1	2	0	0	0	0	0	0	3
chr9	41616043	41616228	186	8	0	186	96	90	7	5	3	5	7	10	14	0	4	3	10	10	2	6	5	5	7	6	0	11	9	5	0	7	10	2	0	4	5	9	4	9
chr9	41616229	41616318	90	8	0	90	52	38	7	3	7	2	5	4	4	0	3	4	0	2	5	1	2	2	4	3	1	4	3	4	0	3	3	1	1	1	2	2	0	5
chr9	41616319	41616629	311	8	0	311	180	131	15	9	18	9	15	7	15	15	13	5	9	12	8	6	10	14	14	2	1	10	6	6	0	11	17	8	0	15	15	7	1	16
chr9	41616630	41616696	67	8	0	67	35	32	2	0	4	2	2	1	3	2	2	2	6	2	2	0	2	2	2	0	0	2	3	3	0	0	2	1	0	6	1	2	2	7
chr9	41616697	41617028	332	8	0	332	209	123	36	11	26	16	14	2	11	10	19	4	9	8	19	7	8	8	9	7	0	8	10	8	0	14	9	9	0	8	9	8	0	23
chr9	41617029	41617060	32	8	0	32	20	12	2	2	0	5	3	1	0	1	1	1	0	0	3	0	0	0	3	1	0	0	1	4	0	0	0	0	0	0	1	1	0	0
chr9	41617061	41617193	133	8	0	133	76	57	7	3	5	7	6	3	9	3	3	3	5	2	6	5	5	2	6	1	0	8	4	3	0	4	8	4	0	6	4	3	0	6
chr9	41617194	41617245	52	8	0	52	25	27	4	0	1	2	1	2	3	2	2	3	2	1	0	1	0	1	1	2	0	2	3	2	1	0	1	1	2	2	3	2	1	2
chr9	41617247	41617299	53	9	0	53	27	26	1	2	3	1	3	2	2	0	1	1	3	0	2	1	2	1	5	0	0	2	2	5	0	1	1	2	0	3	0	1	0	4
chr9	41617300	41617322	23	8	0	23	10	13	0	1	1	0	1	0	3	0	1	1	2	0	0	0	0	0	0	0	0	2	2	1	0	0	0	0	0	2	1	2	0	1
chr9	41617323	41617430	108	8	0	108	69	39	11	4	4	6	5	2	4	5	6	2	1	6	3	2	2	5	6	3	0	1	4	1	0	2	1	2	0	3	6	2	2	5
chr9	41617431	41617452	22	8	0	22	13	9	1	0	2	1	3	0	0	0	0	1	1	1	1	1	0	0	0	1	0	0	1	0	0	1	1	0	0	1	1	1	0	1
chr9	41617453	41617616	164	8	0	164	93	71	8	6	7	6	4	5	13	5	11	1	7	4	4	3	3	4	3	3	0	9	5	2	0	6	10	5	0	5	9	3	0	11
chr9	41617617	41617629	13	8	0	13	10	3	1	1	0	1	0	0	1	0	0	0	0	1	2	1	0	1	1	0	0	1	0	0	0	0	0	0	0	0	0	0	0	0
chr9	41617630	41617806	177	8	0	177	115	62	12	8	3	14	11	4	8	8	6	2	5	3	7	6	5	11	12	4	1	3	5	0	0	3	7	3	0	8	7	1	1	7
chr9	41617814	41618629	816	8	0	816	508	308	66	28	37	39	37	18	25	36	38	23	30	29	29	16	21	34	35	20	1	29	29	20	0	26	11	9	0	8	42	26	1	51
chr9	41618630	41618698	69	8	0	69	40	29	2	2	5	2	3	1	4	3	3	6	4	1	3	0	0	0	3	0	0	6	2	1	0	1	1	0	0	1	5	3	0	5
chr9	41618699	41618766	68	7	0	68	44	24	6	2	5	2	2	0	2	2	3	0	0	2	4	6	3	4	2	2	0	4	1	3	0	3	1	2	0	1	2	0	0	2
chr9	41618767	41618978	212	8	0	212	110	102	11	8	10	6	13	2	9	13	4	6	5	6	6	5	2	3	7	6	2	6	13	8	2	8	10	9	2	7	7	9	0	5
chr9	41618979	41619014	36	9	0	36	17	19	1	1	1	0	1	3	3	1	1	0	1	0	0	0	2	0	2	2	0	0	2	0	0	2	2	1	0	5	2	1	0	0
chr9	41619015	41619313	299	8	0	299	138	161	10	4	13	5	7	15	16	15	12	5	16	7	3	2	4	3	11	8	0	7	19	20	0	16	14	9	3	12	9	18	1	13
chr9	41619314	41619336	23	8	0	23	8	15	1	1	2	0	3	0	1	0	0	0	0	0	0	0	0	0	0	1	0	0	2	2	0	1	2	2	1	2	0	0	0	0
chr9	41619337	41619348	12	9	0	12	6	6	0	0	0	0	1	0	1	0	0	2	1	0	0	0	0	0	1	1	0	0	0	0	0	1	0	0	0	0	1	0	0	1
chr9	41619349	41619799	451	8	0	451	281	170	40	7	12	35	15	8	20	20	13	12	8	6	27	10	14	33	23	6	0	8	18	19	0	16	12	16	0	12	10	11	0	18
chr9	41619800	41619851	52	7	0	52	38	14	7	3	2	4	3	0	1	1	2	0	1	2	5	1	0	4	0	2	0	2	1	3	0	1	0	0	0	0	4	0	0	1
chr9	41619856	41620278	423	8	0	423	302	121	57	14	26	31	13	8	10	19	21	9	8	9	37	5	11	22	12	5	0	19	8	0	0	8	9	1	0	12	21	10	0	16
chr9	41620286	41621049	764	8	0	764	513	251	87	31	26	49	34	18	26	29	24	11	18	24	48	24	24	40	36	15	4	29	21	7	0	14	21	12	1	12	28	8	3	38
chr9	41621050	41621063	14	7	0	14	12	2	2	1	0	2	0	0	0	0	0	0	0	0	3	1	0	2	1	0	0	0	0	0	0	0	0	0	0	0	0	0	0	0
chr9	41621064	41621571	508	8	0	508	332	176	29	18	26	28	20	15	12	22	20	9	8	16	32	19	27	30	29	10	0	22	11	3	1	17	10	10	0	8	19	9	1	25
chr9	41621572	41621588	17	7	0	17	8	9	0	0	0	0	0	4	1	0	0	0	2	0	0	0	0	0	1	1	0	3	1	0	0	0	0	0	0	0	2	0	0	0
chr9	41621589	41621679	91	8	0	91	64	27	8	3	5	4	1	3	3	2	3	2	1	1	8	7	7	4	7	0	0	8	0	0	0	1	1	1	0	2	1	0	0	6
chr9	41621680	41622292	613	8	0	613	400	213	73	28	29	34	31	7	18	22	23	9	9	14	37	16	20	28	29	15	2	14	18	13	1	21	15	11	3	15	16	14	0	26
chr9	41622293	41622325	33	8	0	33	23	10	2	2	0	4	3	0	1	1	2	0	1	2	0	2	1	1	2	0	0	1	1	0	0	0	0	0	0	0	2	1	0	2
chr9	41622326	41622410	85	8	0	85	52	33	13	4	6	1	6	2	2	5	4	3	1	1	1	1	0	1	7	1	0	2	2	3	1	1	3	2	0	1	3	1	0	5
chr9	41622411	41622577	167	8	0	167	102	65	17	7	2	9	7	9	7	9	6	2	8	6	4	1	3	4	9	5	0	5	9	0	0	4	5	2	0	3	9	5	0	8
chr9	41622578	41622620	43	7	0	43	25	18	1	4	1	1	2	3	2	1	3	1	0	0	1	1	2	0	3	1	0	5	4	0	0	0	0	0	0	0	2	3	0	0
chr9	41622621	41622721	101	8	0	101	62	39	4	1	2	8	2	1	4	4	3	2	1	5	6	4	5	9	2	4	0	2	6	5	0	3	2	1	0	3	2	4	0	4
chr9	41622730	41622765	36	7	0	36	23	13	2	1	1	3	3	2	0	1	1	1	0	0	1	0	2	4	2	0	0	1	0	0	1	0	3	1	1	1	1	0	0	1
chr9	41622766	41622842	77	8	0	77	48	29	6	2	1	5	4	3	2	7	3	3	0	1	2	2	1	5	5	3	0	2	8	1	0	0	1	1	0	0	1	4	0	2
chr9	41622843	41622881	39	7	0	39	24	15	3	1	1	3	2	0	0	5	2	2	0	1	1	1	1	1	2	1	1	0	1	1	0	2	0	0	0	0	3	2	0	0
chr9	41622882	41623040	159	8	0	159	87	72	8	8	2	8	7	10	5	8	10	2	7	5	1	1	1	3	11	5	0	5	8	9	1	4	2	0	2	0	10	7	1	6
chr9	41623042	41623096	55	8	0	55	33	22	2	2	1	3	0	1	0	3	0	1	4	2	6	1	3	4	1	1	1	2	0	3	0	3	0	0	0	2	2	3	1	1
chr9	41623097	41623263	167	7	0	167	127	40	27	6	6	13	2	8	3	11	1	1	0	0	22	7	2	17	14	3	0	5	2	1	0	2	7	1	0	2	0	0	0	2
chr9	41623264	41623340	77	8	0	77	43	34	1	0	4	3	2	2	7	0	2	3	1	3	3	3	2	6	5	1	0	3	2	2	0	5	1	3	0	2	3	3	0	3
chr9	41623341	41623382	42	7	0	42	23	19	1	2	3	1	1	1	1	3	4	1	0	1	1	1	1	1	1	0	1	1	2	1	0	1	2	1	1	0	1	2	0	3
chr9	41623383	41623480	98	8	0	98	61	37	2	4	4	3	2	0	3	3	3	2	11	1	6	1	1	14	3	3	0	1	2	0	0	7	1	1	0	2	2	5	0	9
chr9	41623481	41623541	61	8	0	61	38	23	1	3	1	5	3	1	2	4	3	2	1	2	3	2	2	3	3	2	0	2	3	1	0	1	0	1	0	1	4	1	0	2
chr9	41623542	41623570	29	7	0	29	18	11	1	1	1	2	0	0	1	3	2	0	0	1	2	0	1	1	1	0	0	0	0	1	0	2	2	2	0	0	2	0	0	1
chr9	41623571	41623735	165	8	0	165	108	57	8	4	5	16	7	4	6	4	4	5	6	3	13	3	1	17	6	3	2	5	7	0	1	3	5	4	0	3	4	4	3	7
chr9	41623744	41623795	52	8	0	52	20	32	0	1	1	1	1	1	3	0	2	1	4	1	0	2	2	0	1	1	0	3	1	4	2	3	0	3	1	3	3	3	1	1
chr9	41623796	41623825	30	7	0	30	16	14	4	0	1	2	1	1	1	2	0	0	0	0	2	1	1	0	0	1	0	1	2	0	0	1	3	2	1	1	0	0	0	0
chr9	41623826	41624233	408	8	0	408	242	166	27	13	17	19	18	10	17	19	12	11	13	13	20	9	14	9	18	6	2	17	19	5	1	12	7	11	1	17	19	15	0	15
chr9	41624234	41624254	21	7	0	21	12	9	2	0	1	2	1	0	1	0	2	0	1	2	0	0	0	0	0	0	0	0	0	0	0	1	1	0	0	1	1	1	1	1
chr9	41624255	41625300	1046	8	0	1046	637	409	64	28	46	60	38	18	38	49	48	23	36	30	49	20	29	59	34	22	0	33	43	23	2	45	26	23	0	21	40	45	2	50
chr9	41625307	41625338	32	8	0	32	22	10	3	2	1	1	2	0	1	0	1	1	1	0	1	1	2	3	0	1	0	3	2	0	0	0	0	0	0	0	1	1	0	2
chr9	41625339	41625412	74	7	0	74	47	27	7	3	2	6	4	1	3	2	2	0	2	2	5	3	2	2	3	2	0	2	2	2	0	3	1	1	0	4	4	2	0	0
chr9	41625413	41625647	235	8	0	235	147	88	23	7	15	9	8	5	11	10	14	7	4	5	10	4	6	8	12	4	1	6	7	0	0	9	5	5	0	8	10	7	1	12
chr9	41625649	41625796	148	8	0	148	89	59	6	8	4	4	4	5	9	2	1	3	6	7	11	2	6	11	6	6	0	6	6	2	0	6	3	2	0	3	4	4	0	9
chr9	41625797	41625834	38	7	0	38	26	12	3	2	0	3	1	0	1	4	2	1	1	2	2	0	0	3	2	0	0	1	2	0	0	0	0	0	0	0	2	3	0	1
chr9	41625835	41625858	24	8	0	24	13	11	0	0	1	0	0	1	2	1	0	0	1	3	1	1	2	0	2	0	0	0	0	0	0	1	0	0	0	2	0	1	0	3
chr9	41625859	41626300	442	8	0	442	285	157	44	20	19	21	20	11	16	17	22	5	8	12	19	15	14	20	29	7	1	14	11	6	0	14	11	8	0	9	14	10	3	20
chr9	41626301	41626347	47	7	0	47	31	16	5	0	2	4	1	2	1	4	3	2	0	1	2	0	3	1	4	0	0	0	0	0	0	1	2	0	0	2	2	1	0	2
chr9	41626348	41626425	78	8	0	78	58	20	18	3	3	6	6	1	1	3	2	1	2	0	4	4	1	1	6	0	0	3	1	0	0	1	2	1	0	1	2	1	0	2
chr9	41626426	41626454	29	8	0	29	25	4	3	0	0	4	0	0	0	2	1	0	1	0	4	1	1	6	2	0	0	0	0	0	0	0	0	0	0	0	0	0	0	2
chr9	41626463	41626800	338	8	0	338	225	113	35	15	11	26	15	5	12	8	11	5	10	11	26	4	13	17	10	4	2	13	12	3	0	7	10	4	0	10	7	11	2	17
chr9	41626801	41626837	37	9	0	37	28	9	6	0	1	4	1	0	1	3	2	0	1	2	1	2	0	3	1	0	0	1	0	0	0	0	1	0	0	1	3	0	0	1
chr9	41626838	41626877	40	8	0	40	30	10	5	2	1	5	2	1	0	2	2	0	1	1	4	0	2	2	1	0	0	2	0	0	0	1	0	0	0	0	3	1	0	0
chr9	41626882	41626954	73	8	0	73	43	30	12	0	2	7	4	3	0	1	3	0	3	0	2	2	2	2	1	2	0	1	1	1	3	3	1	5	3	1	4	0	0	2
chr9	41626955	41626989	35	8	0	35	13	22	1	0	1	1	1	1	3	0	0	0	2	1	1	1	0	0	1	0	0	1	2	2	1	3	1	3	1	2	1	2	0	0
chr9	41626990	41627101	112	7	0	112	52	60	7	1	1	2	1	4	5	3	1	4	6	5	2	5	5	0	2	5	2	4	7	5	1	4	0	3	5	4	4	4	4	4
chr9	41627102	41627163	62	8	0	62	22	40	0	1	1	1	1	3	4	1	2	0	6	2	0	0	0	0	0	2	1	1	3	2	2	4	3	4	2	4	3	4	1	2
chr9	41627164	41627215	52	7	0	52	23	29	3	3	0	0	3	1	5	0	0	3	5	0	0	0	0	0	4	0	0	2	2	1	0	1	2	2	2	3	1	1	2	4
chr9	41627217	41627471	255	8	0	255	191	64	29	6	12	28	11	5	3	11	7	3	7	3	27	11	3	23	10	2	2	11	3	0	0	2	9	0	0	5	8	3	2	7
chr9	41627472	41627491	20	8	0	20	9	11	1	0	0	2	0	0	0	1	2	0	0	1	0	0	0	2	0	0	0	0	1	1	3	0	0	2	0	0	0	1	1	0
chr9	41627500	41627547	48	9	0	48	17	31	1	0	1	1	1	2	2	0	0	0	3	3	1	1	0	0	1	0	1	1	2	3	3	3	1	5	3	1	2	3	1	0
chr9	41627548	41627623	76	8	0	76	43	33	9	4	0	3	3	1	2	3	1	3	5	1	3	2	2	1	2	6	1	1	3	2	1	4	0	0	0	1	4	2	1	3
chr9	41627624	41627640	17	8	0	17	5	12	0	0	0	0	0	1	1	2	0	0	0	0	0	0	0	0	0	2	0	0	2	1	1	1	2	2	0	0	0	0	0	0
chr9	41627641	41627761	121	7	0	121	47	74	0	2	1	2	3	3	13	1	2	3	12	1	0	2	2	0	3	1	1	5	4	2	2	8	8	7	4	10	5	6	1	5
chr9	41627762	41627771	10	8	0	10	6	4	2	0	0	0	1	0	0	0	0	1	1	0	0	0	0	0	0	0	1	0	0	0	0	0	0	0	0	0	1	0	0	1
chr9	41627772	41627786	15	8	0	15	15	0	3	0	0	4	0	0	0	0	0	0	0	0	3	0	0	3	0	0	0	0	0	0	0	0	0	0	0	0	0	0	0	0
chr9	41627787	41628168	382	8	0	382	238	144	31	6	8	30	9	10	15	11	5	3	16	14	29	14	12	23	12	10	1	10	16	10	0	19	3	13	0	12	14	12	1	11
chr9	41628169	41628267	99	8	0	99	81	18	12	1	0	16	3	0	2	7	2	3	0	6	12	1	2	12	4	0	0	1	1	0	0	1	0	0	0	0	7	2	0	2
chr9	41628269	41628661	393	8	0	393	290	103	41	8	14	47	20	7	9	13	18	4	3	11	30	10	12	41	15	3	1	10	3	1	1	7	16	3	0	7	15	5	2	14
chr9	41628662	41628689	28	7	0	28	15	13	3	2	1	0	2	1	1	1	0	0	1	0	1	0	0	1	2	0	0	1	0	1	1	1	2	1	1	0	0	1	0	1
chr9	41628690	41629528	839	8	0	839	447	392	32	18	46	30	31	27	43	22	40	17	33	17	23	19	30	17	31	25	0	25	41	28	0	47	27	24	0	37	25	39	0	43
chr9	41629529	41629543	15	8	0	15	8	7	1	1	0	0	1	0	0	1	0	1	1	1	0	0	0	0	1	0	0	0	0	1	0	1	0	0	0	0	1	1	0	1
chr9	41629544	41629891	348	8	0	348	167	181	11	11	14	10	15	13	21	7	11	8	16	6	9	6	4	5	10	14	6	8	21	9	3	20	9	20	4	15	16	10	3	11
chr9	41629896	41629914	19	8	0	19	19	0	17	0	0	0	0	0	0	0	0	0	0	0	0	0	0	0	0	0	0	0	0	0	0	0	0	0	0	0	0	0	0	0
chr9	41629918	41629998	81	8	0	81	36	45	1	1	4	1	2	5	6	2	4	3	4	1	0	0	2	0	4	1	0	3	2	5	0	3	5	2	0	6	4	2	2	4
chr9	41630008	41630245	238	8	0	238	129	109	9	3	12	8	10	8	14	7	5	6	5	7	8	10	9	7	13	5	1	7	6	10	0	11	14	4	1	13	6	8	0	9
chr9	41630246	41630301	56	7	0	56	28	28	2	0	3	3	1	1	3	2	4	1	1	2	1	0	0	3	0	1	0	1	2	6	0	4	2	2	0	2	3	3	0	1
chr9	41630302	41630574	273	8	0	273	146	127	11	3	15	11	9	10	10	13	13	5	13	11	7	4	4	7	10	7	0	5	8	13	0	20	9	9	0	2	15	12	0	15
chr9	41630575	41630600	26	7	0	26	17	9	1	0	1	1	0	0	1	1	0	2	1	2	2	1	1	2	1	0	0	1	0	0	0	1	0	0	0	0	1	1	0	3
chr9	41630601	41630736	136	8	0	136	72	64	9	2	8	7	9	0	5	8	7	6	4	2	1	0	0	3	4	2	0	2	9	6	1	6	4	9	0	1	5	5	1	8
chr9	41630737	41630797	61	7	0	61	43	18	12	0	4	3	1	1	2	1	4	2	3	1	2	2	0	4	2	0	0	2	1	0	0	2	0	0	0	0	2	3	0	5
chr9	41630798	41630912	115	8	0	115	66	49	6	2	4	4	3	4	6	6	5	5	2	3	3	2	4	5	3	6	0	5	8	1	0	5	3	1	0	2	5	6	0	4
chr9	41630913	41630959	47	8	0	47	25	22	0	2	1	3	3	3	0	3	1	1	2	0	1	1	0	2	1	4	0	2	3	4	1	0	2	0	0	0	3	0	1	1
chr9	41630960	41631455	496	8	0	496	268	228	28	13	18	19	20	17	28	19	12	13	12	11	18	15	12	13	21	14	1	22	24	24	1	23	21	17	0	10	18	16	0	14
chr9	41631456	41631503	48	7	0	48	21	27	0	0	3	2	2	3	3	0	3	1	4	0	0	0	0	0	1	1	0	1	2	3	0	3	1	1	0	4	3	3	0	2
chr9	41631504	41632612	1109	8	0	1109	625	484	73	27	53	50	40	34	45	35	49	26	45	29	41	21	26	30	35	34	5	34	48	44	3	53	18	27	1	32	52	43	3	51
chr9	41632613	41632645	33	8	0	33	19	14	0	2	1	1	1	0	0	4	1	1	1	0	2	2	1	1	2	2	1	0	1	0	0	2	2	0	0	0	1	1	0	1
chr9	41632646	41632846	201	8	0	201	110	91	11	4	11	8	6	8	8	4	13	4	7	5	4	1	8	7	5	6	1	6	9	4	3	9	4	6	0	8	8	9	2	10
chr9	41632847	41632890	44	8	0	44	24	20	3	0	2	2	3	0	2	3	0	0	1	4	1	0	0	1	0	0	0	0	2	2	0	3	3	4	0	1	3	1	0	1
chr9	41632891	41633030	140	8	0	140	77	63	7	1	10	5	3	4	4	8	6	2	7	2	7	3	1	7	0	4	1	5	8	2	0	8	4	5	3	4	5	7	0	5
chr9	41633031	41633078	48	7	0	48	32	16	5	1	2	3	2	1	1	2	0	2	1	1	3	1	2	4	2	0	0	3	0	1	0	2	2	1	0	0	2	1	0	1
chr9	41633079	41633173	95	8	0	95	47	48	1	1	4	4	4	3	2	3	2	1	8	3	2	3	3	2	1	2	1	3	3	4	1	4	3	4	2	5	5	2	2	5
chr9	41633174	41633184	11	8	0	11	7	4	0	0	0	0	0	0	0	2	0	0	0	0	0	0	2	2	0	0	0	1	0	0	0	0	1	0	0	1	0	0	0	0
chr9	41633185	41633223	39	7	0	39	17	22	1	1	1	2	2	3	3	0	1	0	1	0	1	0	1	0	0	2	0	1	4	0	0	3	3	4	0	1	1	1	0	0
chr9	41633224	41633277	54	8	0	54	32	22	3	2	3	2	2	3	2	1	4	0	1	3	1	0	0	3	2	2	0	1	2	1	0	4	1	1	0	0	4	3	0	1
chr9	41633278	41633453	176	8	0	176	92	84	6	1	4	8	4	7	10	7	7	3	11	8	2	5	0	7	7	3	0	6	10	6	2	7	3	5	1	5	9	11	1	8
chr9	41633454	41633544	91	7	0	91	58	33	11	3	3	4	3	4	1	3	4	0	7	2	3	1	5	3	3	1	0	4	1	1	0	4	1	2	0	1	6	2	0	6
chr9	41633545	41633606	62	8	0	62	31	31	0	3	0	2	1	2	6	4	1	1	2	4	2	0	2	0	2	2	0	2	3	1	0	2	5	3	0	2	3	1	0	4
chr9	41633607	41633857	251	8	0	251	136	115	16	7	9	8	8	12	12	8	7	8	9	3	9	5	5	9	13	8	3	8	9	11	2	11	8	7	1	6	10	7	0	10
chr9	41633858	41633899	42	8	0	42	25	17	3	1	2	1	2	1	1	0	2	1	2	1	0	3	3	2	1	2	0	3	1	0	0	2	0	0	0	0	1	2	0	3
chr9	41633900	41633939	40	8	0	40	13	27	0	0	1	0	2	3	2	0	0	1	1	1	0	0	0	0	1	2	0	1	2	9	1	2	2	2	1	1	2	1	0	0
chr9	41633940	41634013	74	8	0	74	43	31	4	2	6	4	1	2	5	3	7	1	2	1	3	1	0	0	2	1	0	3	3	0	0	4	1	3	0	2	5	3	0	3
chr9	41634014	41634053	40	8	0	40	23	17	0	0	3	1	2	3	2	1	3	0	0	2	1	1	0	2	2	1	0	1	2	0	0	2	1	2	0	1	3	1	0	1
chr9	41634054	41634208	155	8	0	155	73	82	3	2	3	2	4	5	13	10	2	8	4	4	2	2	4	4	4	6	1	5	13	5	0	5	7	9	0	8	8	3	1	6
chr9	41634209	41634367	159	8	0	159	85	74	6	2	4	6	7	5	6	11	2	3	2	10	3	1	7	9	2	2	2	5	13	2	0	6	8	11	1	4	7	5	1	4
chr9	41634368	41634482	115	8	0	115	73	42	10	3	6	4	7	3	3	6	3	4	3	2	3	1	3	10	8	1	0	3	3	1	0	4	3	3	0	4	5	3	0	4
chr9	41634483	41634506	24	7	0	24	11	13	2	0	1	1	1	0	0	2	0	1	0	1	1	1	0	0	0	1	0	1	3	2	1	0	0	1	0	0	0	2	0	0
chr9	41634507	41634967	461	8	0	461	255	206	24	14	15	17	18	15	20	18	17	11	16	9	11	14	19	16	17	15	0	22	19	22	0	21	17	10	0	9	18	16	0	19
chr9	41634968	41634992	25	7	0	25	12	13	0	1	1	1	0	1	1	0	1	0	0	1	1	0	1	2	1	1	0	0	1	4	0	3	0	0	0	0	0	2	0	0
chr9	41634993	41635088	96	8	0	96	52	44	1	1	2	4	1	1	5	8	3	4	3	8	3	0	4	3	3	1	0	2	4	4	0	5	3	1	0	2	5	8	0	5
chr9	41635094	41635671	578	8	0	578	317	261	24	16	27	19	21	24	22	30	15	16	20	15	26	13	19	10	21	20	3	25	31	11	2	24	24	16	0	16	20	21	3	22
chr9	41635672	41635690	19	8	0	19	13	6	0	0	1	0	0	0	0	4	3	0	1	2	0	0	0	0	0	0	0	0	0	0	0	0	0	0	0	0	4	0	0	2
chr9	41635691	41635719	29	8	0	29	13	16	0	0	1	0	0	1	2	0	1	0	3	1	0	1	2	1	0	0	0	2	0	1	0	1	2	1	1	2	1	0	0	3
chr9	41635720	41635776	57	8	0	57	35	22	5	2	1	2	2	0	1	3	1	0	3	1	2	4	4	2	2	1	0	3	1	2	0	4	1	2	0	1	2	2	0	1
chr9	41635777	41636190	414	8	0	414	229	185	24	6	13	19	15	15	18	22	9	13	14	9	14	11	13	14	13	14	2	16	21	17	0	17	17	11	0	10	19	12	0	14
chr9	41636191	41636217	27	8	0	27	12	15	1	1	1	0	1	1	1	1	1	0	1	3	0	0	0	0	1	1	0	0	3	2	0	1	0	0	0	0	0	3	0	2
chr9	41636218	41636390	173	8	0	173	94	79	9	8	4	5	7	4	11	4	5	3	14	5	5	2	3	4	4	3	1	9	8	3	0	5	8	3	1	6	6	6	2	13
chr9	41636391	41636421	31	8	0	31	17	14	2	0	0	2	1	4	1	0	0	0	1	0	1	1	1	1	2	2	0	1	3	0	0	1	2	1	0	1	0	1	0	0
chr9	41636424	41636473	50	8	0	50	31	19	12	2	0	0	2	0	4	2	1	3	1	0	0	1	1	0	4	2	0	0	2	1	0	1	2	1	0	1	0	0	0	5
chr9	41636474	41636514	41	8	0	41	17	24	0	1	1	0	1	2	2	0	1	1	3	3	0	0	1	1	0	3	0	1	2	0	1	5	0	2	0	0	3	3	1	1
chr9	41636515	41636551	37	8	0	37	17	20	1	0	1	1	0	3	2	2	0	1	2	1	1	1	0	0	1	1	0	3	1	1	1	1	3	1	1	1	2	1	1	0
chr9	41636552	41637011	460	8	0	460	250	210	16	11	17	14	18	10	27	12	13	15	21	14	11	17	20	14	17	19	0	17	24	11	0	22	11	10	0	14	15	16	0	32
chr9	41637012	41637037	26	8	0	26	12	14	0	0	1	2	2	0	1	0	0	3	0	1	1	0	0	1	0	1	1	1	2	2	0	1	0	0	0	0	1	3	0	0
chr9	41637038	41637568	531	8	0	531	292	239	19	22	22	14	26	20	30	22	17	10	18	9	14	20	15	13	38	9	1	24	17	12	1	22	23	18	0	19	20	13	2	19
chr9	41637569	41637615	47	8	0	47	30	17	3	0	0	5	2	1	2	3	1	3	0	2	2	1	1	4	3	1	0	0	2	0	1	0	1	1	0	0	2	1	0	3
chr9	41637616	41637782	167	8	0	167	123	44	24	10	4	13	11	3	4	7	7	2	1	10	9	1	3	13	9	3	1	3	4	0	0	0	2	0	1	1	10	1	0	8
chr9	41637783	41637822	40	8	0	40	31	9	9	4	1	3	6	0	0	0	0	0	0	1	3	1	0	2	3	1	0	1	1	0	0	0	1	0	0	0	1	0	0	0
chr9	41637823	41637863	41	8	0	41	32	9	10	3	2	3	3	0	0	3	1	0	0	0	3	1	0	2	3	1	0	0	1	0	0	0	1	0	0	1	0	0	0	1
chr9	41637864	41637915	52	8	0	52	32	20	4	2	0	4	3	2	1	5	2	1	2	2	1	1	1	1	3	0	0	2	3	0	0	0	2	1	0	0	3	2	0	2
chr9	41637916	41637931	16	8	0	16	12	4	2	0	2	1	0	0	0	1	1	0	0	1	1	1	0	0	0	1	0	0	0	0	0	1	0	0	0	0	1	0	0	1
chr9	41637932	41637985	54	8	0	54	39	15	5	3	0	7	3	1	1	2	4	0	1	0	4	1	2	3	3	1	0	1	1	1	0	1	1	1	0	0	3	0	0	2
chr9	41637986	41637996	11	8	0	11	8	3	0	0	0	0	0	0	1	0	0	1	0	1	0	0	1	2	0	0	0	1	0	0	0	0	0	0	0	0	1	0	0	1
chr9	41637997	41638334	338	8	0	338	242	96	55	11	17	25	15	9	5	10	16	3	4	9	22	12	11	17	16	9	3	7	5	1	1	9	4	4	0	4	13	2	0	17
chr9	41638335	41638345	11	8	0	11	4	7	0	0	0	0	0	1	2	0	0	0	0	0	0	0	0	0	0	0	0	1	1	0	0	0	2	0	0	2	0	0	0	0
chr9	41638346	41638547	202	8	0	202	122	80	14	2	17	12	9	5	4	6	14	5	6	4	8	6	6	4	11	2	0	5	8	6	0	8	2	2	0	5	2	12	0	15
chr9	41638557	41638590	34	8	0	34	26	8	2	1	3	2	1	0	0	1	1	0	1	4	4	1	0	3	0	0	0	2	0	0	0	0	0	0	0	0	3	0	0	3
chr9	41638591	41638713	123	8	0	123	79	44	2	4	8	5	4	2	4	10	4	5	1	2	9	3	3	13	10	1	0	3	1	1	0	5	5	0	0	4	3	5	0	4
chr9	41638723	41639373	651	8	0	651	436	215	71	21	35	42	32	11	10	29	31	5	18	26	36	15	20	33	23	6	3	20	12	12	1	15	20	9	2	11	27	14	2	37
chr9	41639374	41639410	37	8	0	37	27	10	5	2	1	3	4	1	0	3	1	1	0	2	1	1	0	2	4	0	0	1	0	0	0	0	0	0	0	0	3	0	0	0
chr9	41639411	41639448	38	8	0	38	28	10	6	0	2	3	1	0	0	2	2	0	2	0	2	1	2	5	0	1	0	0	1	0	0	0	0	0	0	2	1	0	0	3
chr9	41639449	41639461	13	7	0	13	9	4	1	1	0	1	0	0	0	2	1	0	0	0	1	0	0	1	1	0	0	0	1	0	0	0	0	0	0	0	0	1	0	0
chr9	41639462	41639744	283	8	0	283	183	100	15	9	8	25	9	6	11	14	13	8	7	4	20	5	10	19	15	6	0	7	12	3	0	5	7	1	1	11	6	10	1	13
chr9	41639765	41639810	46	8	0	46	36	10	6	0	0	4	2	1	0	3	1	0	0	1	1	5	0	12	4	2	0	0	2	0	0	0	0	0	0	0	0	0	0	0
chr9	41639815	41639879	65	8	0	65	44	21	2	1	3	7	4	1	2	4	2	1	0	4	5	0	1	6	2	1	0	0	4	0	0	0	2	0	0	4	2	3	0	2
chr9	41639880	41639894	15	7	0	15	7	8	0	0	0	0	0	1	1	2	0	0	1	1	0	0	0	0	0	1	0	0	1	0	0	1	2	0	0	0	0	1	0	1
chr9	41639895	41639959	65	8	0	65	41	24	4	1	4	2	1	4	0	2	2	0	1	6	4	2	5	2	2	1	0	4	2	1	0	4	0	0	0	0	3	4	0	2
chr9	41639960	41639974	15	7	0	15	10	5	2	0	0	1	0	1	0	0	0	1	1	0	0	0	1	1	1	1	0	0	1	0	0	0	0	0	0	0	0	0	0	2
chr9	41639975	41640032	58	8	0	58	41	17	7	3	3	4	2	2	1	2	3	0	1	0	6	2	0	4	1	4	0	2	3	0	0	0	0	0	0	2	3	0	0	1
chr9	41640033	41640235	203	8	0	203	140	63	25	7	8	14	11	4	3	11	7	6	4	5	12	6	6	10	12	3	0	8	7	2	0	4	3	0	0	1	6	8	0	8
chr9	41640236	41640258	23	8	0	23	13	10	1	1	0	0	1	0	3	0	1	1	0	1	0	0	1	1	1	0	0	1	1	0	0	0	1	1	0	2	1	0	0	2
chr9	41640259	41640378	120	8	0	120	82	38	18	6	3	6	4	4	3	5	9	1	2	2	2	4	5	7	6	5	2	2	2	0	0	5	0	0	0	0	8	2	0	5
chr9	41640379	41640403	25	8	0	25	14	11	0	1	0	1	1	0	3	1	1	0	1	1	0	1	1	0	1	0	0	2	1	0	0	0	2	1	0	1	1	0	0	2
chr9	41640404	41640926	523	8	0	523	385	138	66	19	30	38	24	8	7	16	23	1	8	15	40	22	15	53	23	4	0	22	7	0	1	8	8	0	0	16	17	13	3	14
chr9	41640935	41641138	204	8	0	204	158	46	27	6	6	25	7	3	3	9	9	1	2	2	21	10	8	18	8	3	0	9	1	0	0	2	4	0	0	4	9	1	0	4
chr9	41641145	41641245	101	8	0	101	79	22	14	1	4	10	3	1	1	3	3	0	0	5	9	3	4	16	1	1	0	3	3	1	0	1	1	2	0	1	3	1	0	4
chr9	41641246	41641274	29	8	0	29	21	8	1	3	2	1	2	0	1	1	2	0	0	0	3	2	1	0	4	0	0	1	0	0	0	0	0	0	0	0	0	0	0	3
chr9	41641275	41641295	21	8	0	21	8	13	0	1	0	0	0	0	3	0	0	0	2	0	1	0	1	0	0	0	0	1	1	0	0	2	1	3	0	2	0	0	0	1
chr9	41641296	41641572	277	8	0	277	162	115	10	7	13	17	13	10	7	14	9	9	8	6	15	4	10	9	11	9	0	10	12	10	0	8	12	3	0	7	9	9	0	14
chr9	41641573	41641601	29	8	0	29	14	15	1	1	0	0	1	1	3	1	0	1	0	0	0	1	2	1	2	2	0	1	1	0	0	2	3	1	0	1	0	0	0	1
chr9	41641602	41641761	160	8	0	160	84	76	9	5	10	6	7	4	10	5	8	4	5	2	6	1	0	1	7	4	0	4	7	10	0	8	6	3	0	7	5	8	0	6
chr9	41641762	41641806	45	8	0	45	27	18	2	0	2	4	2	3	1	1	1	0	4	0	2	2	1	1	2	1	0	2	1	0	0	2	2	2	0	0	2	0	0	3
chr9	41641807	41642111	305	8	0	305	211	94	23	14	10	28	23	12	7	7	8	5	6	10	23	5	7	21	22	6	0	8	9	2	0	4	8	1	0	5	10	6	0	13
chr9	41642114	41642168	55	8	0	55	41	14	1	0	0	3	1	7	2	2	0	2	0	1	2	1	0	17	11	0	0	0	0	0	0	0	0	0	0	0	1	0	0	2
chr9	41642174	41642470	297	8	0	297	217	80	40	10	6	25	7	4	11	15	13	5	7	8	22	5	9	28	11	3	0	10	6	1	0	3	8	0	0	4	12	6	0	16
chr9	41642471	41642481	11	8	0	11	9	2	3	0	1	1	0	0	0	1	1	0	0	0	0	0	0	0	0	0	0	0	0	0	0	0	0	0	0	0	1	0	0	1
chr9	41642482	41642608	127	8	0	127	92	35	15	2	8	10	6	3	2	3	5	0	2	5	8	6	4	12	6	1	0	4	2	1	0	2	1	1	0	4	5	2	0	5
chr9	41642609	41642634	26	8	0	26	17	9	4	3	1	0	0	0	1	0	3	0	1	0	1	1	2	0	1	1	0	2	0	0	0	0	0	0	0	0	0	0	0	3
chr9	41642635	41643054	420	8	0	420	305	115	69	15	9	39	27	10	7	25	16	9	3	20	20	4	10	22	25	5	3	5	8	0	0	4	7	1	0	8	28	6	1	12
chr9	41643055	41643089	35	7	0	35	25	10	7	0	1	3	0	1	1	0	2	0	2	0	2	1	2	3	0	0	0	2	1	0	0	0	0	1	0	1	1	0	0	2
chr9	41643090	41643145	56	8	0	56	43	13	16	2	2	3	1	1	2	4	3	3	0	0	3	0	0	1	5	0	0	1	1	0	0	0	0	0	0	0	2	1	0	3
chr9	41643146	41643220	75	8	0	75	38	37	0	1	3	2	1	4	4	1	2	0	5	2	3	5	3	1	3	2	0	4	3	3	0	4	3	2	0	3	2	3	0	4
chr9	41643221	41643233	13	8	0	13	11	2	4	0	0	2	1	0	0	1	0	0	0	0	1	0	0	1	1	0	0	0	0	0	0	0	0	0	0	0	0	0	0	0
chr9	41643234	41643337	104	8	0	104	74	30	18	4	1	10	4	3	3	4	2	1	1	4	9	1	2	6	2	3	0	3	5	2	0	0	5	0	0	1	2	2	0	4
chr9	41643340	41643390	51	8	0	51	32	19	4	4	2	3	4	3	1	1	2	2	0	0	3	1	1	0	6	1	1	1	2	1	0	0	0	0	0	2	1	1	1	1
chr9	41643391	41643434	44	7	0	44	28	16	4	2	2	4	3	2	2	1	2	1	0	0	3	0	0	1	2	2	0	1	1	1	0	2	0	1	0	1	4	0	0	0
chr9	41643435	41643664	230	8	0	230	143	87	15	4	4	18	10	6	8	10	7	4	8	8	9	11	6	14	11	5	1	8	5	2	1	11	6	7	1	2	13	5	3	5
chr9	41643665	41643697	33	7	0	33	14	19	2	1	0	1	1	0	1	0	1	2	2	3	0	0	0	0	0	1	1	1	1	3	2	1	0	0	0	0	1	4	1	1
chr9	41643698	41643737	40	8	0	40	15	25	0	1	1	0	0	2	3	1	2	0	4	1	0	0	0	0	2	1	0	0	1	1	1	4	2	1	0	3	1	4	1	1
chr9	41643738	41643747	10	7	0	10	4	6	0	0	1	0	0	1	0	0	1	1	0	0	0	0	0	0	0	0	0	1	1	0	0	0	0	0	0	0	0	1	1	0
chr9	41643748	41643834	87	8	0	87	27	60	1	1	2	0	3	2	4	0	0	6	6	0	0	0	2	0	4	3	1	1	3	10	3	10	0	6	4	1	2	8	0	2
chr9	41643840	41643929	90	8	0	90	25	65	2	1	1	1	0	1	5	2	1	1	2	4	2	1	0	1	0	1	1	1	4	3	11	4	4	11	12	3	0	7	1	0
chr9	41643930	41643981	52	7	0	52	15	37	0	0	0	1	1	0	3	3	0	1	5	0	0	0	0	0	0	0	0	2	2	0	2	2	4	4	10	4	1	2	3	0
chr9	41643982	41644012	31	8	0	31	12	19	1	2	0	0	0	2	1	0	2	1	2	0	0	0	0	0	1	2	1	1	2	2	2	0	0	0	1	1	1	3	0	1
chr9	41644013	41644187	175	8	0	175	64	111	4	4	5	1	6	7	6	2	3	8	10	5	1	0	1	0	3	8	7	2	8	13	11	10	5	11	1	5	5	10	6	5
chr9	41644188	41644293	106	8	0	106	36	70	2	2	2	0	3	5	5	1	1	5	5	5	0	0	0	0	2	4	4	2	5	10	7	5	4	6	1	3	3	7	3	2
chr9	41644294	41644339	46	8	0	46	15	31	0	1	0	0	0	2	3	0	1	1	5	0	0	0	0	0	0	2	2	0	1	5	1	3	3	3	1	3	2	0	2	3
chr9	41644340	41644398	59	8	0	59	24	35	1	3	0	1	2	5	4	1	2	0	3	0	0	0	0	0	3	4	1	0	2	4	1	4	4	3	1	2	3	0	1	2
chr9	41644399	41644458	60	8	0	60	30	30	0	0	0	0	0	18	3	1	0	2	3	0	0	1	0	1	19	0	1	1	0	0	0	0	0	0	1	1	2	0	0	4
chr9	41644461	41644522	62	8	0	62	33	29	2	1	2	1	0	6	3	1	4	3	9	0	0	0	0	0	9	0	0	1	1	1	0	0	0	0	0	0	1	2	0	13
chr9	41644523	41644642	120	8	0	120	53	67	10	4	3	0	5	13	5	4	2	1	6	0	0	0	0	0	13	3	2	0	5	3	3	4	8	8	4	3	1	1	1	6
chr9	41644644	41644741	98	8	0	98	40	58	4	2	2	1	4	4	6	3	1	3	5	4	0	0	0	0	3	2	4	0	5	2	4	5	4	8	2	4	5	3	2	4
chr9	41644742	41644777	36	8	0	36	17	19	0	0	1	2	2	0	1	2	1	1	4	2	0	0	0	0	0	0	0	1	1	2	1	1	1	0	0	2	3	3	1	2
chr9	41644778	41644811	34	8	0	34	19	15	4	2	1	0	1	2	1	1	2	0	1	1	0	0	2	0	2	0	1	1	0	0	0	1	2	1	0	2	1	0	1	2
chr9	41644812	41644937	126	8	0	126	62	64	4	0	7	2	3	6	7	2	7	5	10	3	0	2	1	1	5	2	4	2	4	2	2	4	3	2	1	8	6	6	1	12
chr9	41644938	41644973	36	8	0	36	15	21	0	1	0	2	2	0	2	2	1	1	2	2	0	0	0	0	2	0	0	0	1	3	2	2	1	2	0	0	1	3	0	2
chr9	41644974	41645050	77	8	0	77	29	48	2	2	4	0	3	5	3	1	2	1	1	0	1	1	0	2	2	5	2	0	7	7	2	5	3	6	2	3	0	3	0	0
chr9	41645051	41645089	39	8	0	39	14	25	0	0	1	0	0	0	4	1	0	1	4	1	1	0	0	0	1	0	0	0	2	1	2	3	2	4	0	3	0	3	0	3
chr9	41645090	41645150	61	8	0	61	25	36	2	2	1	1	2	0	5	2	2	0	5	1	0	0	2	0	1	0	0	0	3	4	0	6	3	7	0	2	2	2	0	4
chr9	41645151	41645199	49	8	0	49	22	27	1	0	3	1	0	1	2	2	4	3	2	3	0	0	0	0	1	0	2	1	2	2	2	1	1	1	0	1	1	4	2	4
chr9	41645200	41645267	68	8	0	68	34	34	3	4	2	2	5	1	3	2	3	2	5	2	0	0	0	0	2	3	1	1	3	3	2	1	1	1	0	2	4	2	0	6
chr9	41645268	41645299	32	8	0	32	15	17	0	0	4	0	0	1	2	0	3	1	1	0	1	0	1	0	1	1	0	1	0	1	0	4	1	1	0	2	1	2	0	1
chr9	41645300	41645352	53	8	0	53	24	29	1	2	1	2	2	2	0	3	3	0	3	1	0	0	4	0	0	2	2	0	4	3	0	3	1	1	2	2	2	3	0	2
chr9	41645353	41645371	19	8	0	19	9	10	0	1	1	0	1	1	1	0	1	1	0	0	0	0	0	0	1	0	2	1	1	0	0	1	0	2	0	0	2	0	0	0
chr9	41645372	41645394	23	7	0	23	9	14	0	0	1	0	0	2	2	0	1	2	0	0	0	0	0	0	2	2	0	0	2	0	0	2	1	0	1	0	0	2	1	0
chr9	41645395	41645540	146	8	0	146	65	81	3	3	6	2	4	2	11	4	8	6	8	4	0	0	2	0	3	6	0	3	7	12	1	11	4	4	0	4	7	9	1	9
chr9	41645541	41645577	37	7	0	37	14	23	1	1	2	0	3	1	4	0	0	1	0	0	0	0	0	0	2	0	0	1	3	2	0	3	2	5	0	2	1	1	0	0
chr9	41645578	41645669	92	8	0	92	39	53	8	3	2	3	5	3	4	1	3	1	3	0	0	1	1	0	1	5	2	0	6	12	0	5	5	6	1	2	2	1	1	3
chr9	41645670	41645747	78	8	0	78	34	44	7	2	3	2	2	6	0	2	5	2	0	2	0	0	0	0	2	4	4	0	4	7	4	3	2	2	2	0	2	5	2	0
chr9	41645748	41645777	30	8	0	30	12	18	2	2	1	0	1	2	1	0	2	1	0	0	0	0	0	0	2	2	1	0	2	2	0	2	0	1	1	0	0	2	1	0
chr9	41645778	41646042	265	8	0	265	117	148	10	5	9	4	6	12	15	6	7	6	14	4	5	4	5	4	11	5	5	6	9	15	6	17	14	14	4	10	5	13	3	10
chr9	41646043	41646073	31	7	0	31	9	22	0	0	0	0	0	1	3	2	0	0	3	0	0	0	0	0	0	1	0	0	1	4	0	2	4	3	0	2	1	0	0	2
chr9	41646075	41646131	57	8	0	57	25	32	2	1	1	0	2	3	2	0	0	5	4	2	0	0	2	0	2	2	2	3	2	4	1	3	1	1	0	0	3	3	1	3
chr9	41646132	41646207	76	8	0	76	27	49	1	1	2	0	0	2	5	2	2	3	3	2	0	1	1	0	1	3	3	1	3	6	6	4	2	4	1	5	3	6	0	1
chr9	41646214	41646284	71	8	0	71	28	43	1	2	2	1	3	0	3	2	2	3	5	1	1	0	1	0	1	2	1	1	3	6	3	4	2	5	1	2	2	4	1	4
chr9	41646285	41646296	12	8	0	12	5	7	1	1	1	0	1	0	0	0	1	0	0	0	0	0	0	0	0	1	0	0	1	1	0	0	0	0	0	1	0	1	0	0
chr9	41646297	41646354	58	8	0	58	24	34	1	2	4	0	2	1	2	0	3	2	3	0	1	0	1	0	1	2	1	2	4	3	2	3	1	4	1	2	0	3	2	3
chr9	41646355	41646424	70	8	0	70	24	46	0	1	1	1	1	3	3	3	2	2	6	0	0	0	0	0	2	1	0	3	4	2	3	1	3	4	8	5	2	3	3	1
chr9	41646427	41646467	41	8	0	41	20	21	2	0	2	1	1	2	4	0	1	2	0	0	2	1	0	1	2	1	0	2	2	2	0	2	2	3	0	1	1	1	0	1
chr9	41646468	41646521	54	8	0	54	14	40	0	0	0	0	0	0	4	0	0	0	3	2	0	0	4	0	0	0	0	0	0	2	5	2	3	6	8	7	1	2	1	2
chr9	41646522	41646534	13	8	0	13	7	6	1	1	0	0	0	0	1	0	0	1	0	0	1	0	0	0	0	1	0	1	1	1	0	1	0	0	0	0	0	1	0	0
chr9	41646535	41646586	52	8	0	52	15	37	1	0	1	0	1	3	2	0	1	2	3	0	0	0	0	0	2	1	2	0	4	8	2	3	0	6	2	0	0	3	0	3
chr9	41646587	41646631	45	7	0	45	16	29	0	0	2	0	1	2	2	0	1	3	5	0	0	0	0	0	0	2	0	2	1	2	2	5	1	1	0	2	3	4	2	0
chr9	41646632	41646673	42	8	0	42	14	28	0	1	1	0	0	1	3	0	2	1	4	0	0	0	0	0	2	0	1	0	0	4	2	4	1	1	1	3	1	5	1	1
chr9	41646677	41646816	140	8	0	140	65	75	4	1	3	6	4	6	10	4	5	2	5	7	1	0	4	3	3	3	0	3	6	6	0	9	7	9	3	5	8	4	3	4
chr9	41646817	41646901	85	8	0	85	31	54	5	1	5	0	1	2	4	0	4	1	5	0	1	0	1	0	0	3	1	0	3	8	5	7	2	7	2	5	2	5	0	3
chr9	41646902	41646943	42	7	0	42	19	23	1	1	1	1	0	1	3	1	2	1	1	1	1	1	1	1	3	1	0	0	0	2	1	4	2	1	1	1	0	3	2	1
chr9	41646944	41647078	135	8	0	135	56	79	3	5	1	2	3	13	5	7	3	5	2	1	2	1	1	2	9	7	4	3	11	6	4	4	5	8	4	1	3	5	2	1
chr9	41647079	41647101	23	8	0	23	12	11	1	1	1	1	2	0	0	2	1	1	0	1	0	0	0	0	0	2	0	0	2	0	0	1	1	1	0	0	2	1	0	0
chr9	41647102	41647170	69	8	0	69	29	40	4	2	2	1	2	4	2	0	4	3	0	1	0	0	2	0	2	5	2	0	3	9	2	5	1	2	0	1	2	3	2	1
chr9	41647171	41647230	60	8	0	60	26	34	4	2	1	2	3	2	2	1	2	0	4	0	0	1	1	0	0	5	0	0	4	6	0	4	4	2	1	1	0	2	1	3
chr9	41647231	41647247	17	7	0	17	5	12	0	0	0	0	0	0	2	0	0	1	0	0	0	1	1	0	0	1	0	0	1	2	0	2	0	2	0	1	1	0	0	0
chr9	41647255	41647347	93	8	0	93	33	60	3	2	3	1	2	0	11	1	4	3	1	2	0	0	0	0	1	1	1	2	8	12	1	4	1	8	2	7	3	3	2	2
chr9	41647348	41647477	130	8	0	130	59	71	2	0	4	4	2	4	6	8	6	6	8	2	0	1	5	0	4	4	0	3	7	3	0	11	5	4	4	3	5	9	2	6
chr9	41647481	41647566	86	8	0	86	36	50	1	1	5	1	0	2	5	4	7	3	5	0	0	0	0	0	1	2	3	0	5	5	0	7	3	3	1	5	3	7	2	3
chr9	41647567	41647581	15	7	0	15	9	6	1	1	1	0	1	1	1	0	1	0	0	1	0	0	0	0	1	0	0	0	0	0	0	0	1	0	0	1	1	0	0	1
chr9	41647582	41647750	169	8	0	169	74	95	5	4	5	4	7	4	9	4	6	9	13	4	0	0	0	0	7	1	5	3	4	5	5	10	5	10	4	2	8	8	4	12
chr9	41647757	41647788	32	8	0	32	14	18	0	1	1	0	0	2	2	1	1	1	0	1	1	0	0	2	0	2	1	1	2	3	1	2	1	1	0	0	2	1	0	0
chr9	41647789	41647863	75	8	0	75	32	43	2	2	2	2	3	2	5	3	3	3	3	1	0	0	0	0	3	2	0	2	8	6	0	3	2	4	0	2	1	6	0	3
chr9	41647864	41647881	18	7	0	18	7	11	0	0	2	0	0	0	1	0	2	1	1	0	0	0	0	0	0	1	0	0	1	0	0	1	0	1	0	1	0	2	0	2
chr9	41647882	41647896	15	8	0	15	8	7	0	0	0	1	1	3	0	0	0	0	0	0	1	0	0	1	2	1	0	0	2	0	0	0	0	1	0	0	0	0	0	0
chr9	41647897	41647964	68	8	0	68	36	32	3	0	4	1	1	1	3	4	5	3	5	2	0	1	0	1	1	2	2	0	3	1	1	1	1	1	1	3	4	2	0	9
chr9	41647965	41648034	70	8	0	70	32	38	3	1	3	0	2	4	3	1	2	3	5	3	0	0	2	0	5	0	2	1	1	3	1	3	2	1	1	3	2	4	2	5
chr9	41648035	41648075	41	8	0	41	20	21	1	1	0	3	2	0	2	1	2	1	2	2	0	0	0	2	1	0	0	1	1	3	2	2	1	0	0	2	2	5	0	0
chr9	41648076	41648354	279	8	0	279	124	155	10	6	9	4	7	26	12	6	12	10	19	2	0	0	0	0	28	8	5	1	9	7	9	11	8	15	7	4	7	6	5	24
chr9	41648355	41648803	449	8	0	449	183	266	12	10	17	2	14	28	20	4	13	23	27	4	2	1	2	2	21	18	12	12	18	31	16	23	14	19	5	10	13	20	13	21
chr9	41648804	41648835	32	7	0	32	10	22	0	0	1	1	1	0	1	3	1	1	1	0	0	0	0	0	0	0	0	1	2	1	1	0	3	3	5	2	0	0	2	0
chr9	41648838	41648868	31	8	0	31	9	22	0	0	1	0	0	0	4	0	1	2	1	0	0	0	0	0	0	0	1	1	1	4	0	4	2	2	1	1	1	2	0	0
chr9	41648869	41649098	230	8	0	230	116	114	10	8	11	4	3	6	12	7	13	7	10	5	6	1	10	1	5	9	1	7	8	9	2	18	5	4	3	8	10	15	0	10
chr9	41649099	41649167	69	8	0	69	38	31	4	2	7	2	3	1	0	2	4	0	2	3	4	1	2	1	0	2	0	2	3	1	1	5	1	2	1	2	1	5	1	2
chr9	41649168	41649254	87	8	0	87	35	52	1	2	1	0	2	3	4	4	1	3	8	4	0	0	2	0	1	4	2	1	4	5	2	5	5	3	0	2	3	6	0	7
chr9	41649259	41649478	220	8	0	220	137	83	28	9	5	17	8	5	12	4	4	2	4	7	19	2	3	8	9	3	0	5	8	7	1	10	5	10	0	6	7	6	1	3
chr9	41649479	41649508	30	8	0	30	16	14	2	1	2	0	0	1	2	0	3	0	2	0	0	0	1	1	0	2	0	0	1	0	0	3	0	1	0	1	1	1	0	3
chr9	41649509	41649685	177	8	0	177	99	78	15	7	3	8	6	5	8	6	6	6	7	5	7	0	4	5	5	6	1	5	11	8	2	5	3	3	0	4	6	9	1	8
chr9	41649695	41649763	69	8	0	69	27	42	2	0	3	3	3	3	5	0	2	2	1	1	1	1	0	0	0	4	0	2	7	7	1	3	3	4	1	2	0	4	0	2
chr9	41649764	41649840	77	8	0	77	27	50	1	1	2	0	2	2	4	2	0	2	3	2	1	1	4	0	0	5	0	1	5	5	5	4	3	5	1	7	2	4	0	1
chr9	41649841	41649891	51	8	0	51	22	29	0	1	0	0	0	2	4	2	0	0	1	1	1	0	7	2	1	1	0	1	4	1	0	4	3	5	0	6	0	1	0	1
chr9	41649892	41649937	46	7	0	46	23	23	3	1	0	2	2	5	2	1	1	1	3	0	0	1	0	1	2	3	0	3	2	1	0	1	3	1	0	0	3	1	0	1
chr9	41649939	41649998	60	8	0	60	31	29	2	2	2	1	3	1	5	2	2	2	2	0	1	2	1	1	3	2	0	2	3	2	0	3	4	3	0	1	1	1	0	4
chr9	41649999	41650160	162	8	0	162	73	89	0	4	3	4	3	10	10	4	6	5	7	4	3	0	9	0	6	6	1	6	11	5	0	15	6	6	1	3	3	14	0	5
chr9	41650169	41650199	31	8	0	31	24	7	11	2	1	0	0	0	2	0	1	0	0	1	3	1	0	0	1	1	0	1	1	0	0	1	0	0	0	0	0	1	0	1
chr9	41650201	41650218	18	8	0	18	10	8	0	0	0	0	1	7	0	0	0	0	0	0	0	0	0	0	8	0	0	0	0	0	0	0	0	0	0	0	0	0	0	0
chr9	41650219	41650271	53	8	0	53	26	27	5	3	0	1	2	3	4	0	1	1	1	0	0	2	0	1	2	3	1	3	6	4	0	1	1	2	0	1	0	2	1	0
chr9	41650272	41650296	25	8	0	25	9	16	0	1	1	0	0	1	3	0	2	1	0	0	0	0	0	0	1	1	0	1	1	4	0	2	1	0	0	0	0	2	0	1
chr9	41650297	41650676	380	8	0	380	179	201	12	6	15	12	8	16	21	6	13	8	22	7	11	10	8	3	11	11	2	16	23	23	2	27	4	18	3	10	13	23	1	13
chr9	41650677	41650722	46	8	0	46	18	28	2	0	2	1	1	2	2	0	2	1	2	0	0	2	0	0	2	1	1	1	2	4	0	3	1	2	3	2	0	3	2	0
chr9	41650723	41650769	47	8	0	47	31	16	6	1	4	2	0	1	1	0	2	1	3	1	6	0	1	1	0	2	0	1	1	1	0	2	0	1	0	1	1	0	0	5
chr9	41650770	41651114	345	8	0	345	165	180	14	11	13	3	8	19	16	5	10	8	23	4	9	8	9	4	15	15	2	14	15	16	3	22	7	8	3	14	11	18	4	12
chr9	41651115	41651155	41	8	0	41	20	21	2	2	0	0	0	1	4	0	2	1	1	1	0	1	4	1	2	1	0	2	2	1	0	3	1	1	0	2	0	2	0	2
chr9	41651156	41651221	66	8	0	66	36	30	1	1	1	2	0	2	5	2	2	2	3	2	2	1	3	6	5	0	0	1	1	4	0	2	2	3	0	1	1	1	0	8
chr9	41651222	41651286	65	8	0	65	40	25	1	2	2	3	1	3	3	3	0	1	0	4	5	4	1	6	5	1	2	2	3	2	0	2	0	2	0	0	1	2	0	2
chr9	41651287	41651384	98	8	0	98	70	28	5	3	2	5	2	2	1	4	1	3	6	1	7	1	9	16	3	0	0	6	0	0	0	1	5	0	0	1	1	1	0	10
chr9	41651389	41651413	25	7	0	25	19	6	1	1	0	1	0	0	0	1	0	0	0	1	2	1	2	9	0	0	0	0	0	0	0	1	1	1	0	0	0	0	0	1
chr9	41651414	41651536	123	8	0	123	88	35	4	3	2	10	3	2	1	5	4	0	5	5	7	4	7	24	2	0	2	5	3	0	0	1	2	2	1	3	4	2	1	7
chr9	41651537	41651550	14	8	0	14	10	4	0	0	0	0	0	0	1	0	0	0	0	1	0	0	2	5	0	0	0	0	0	0	0	0	0	0	0	2	0	0	0	1
chr9	41651551	41651580	30	8	0	30	21	9	1	0	0	1	1	0	3	0	1	1	1	4	1	0	0	5	1	0	0	0	0	0	0	1	0	0	0	0	3	1	0	3
chr9	41651581	41651892	312	8	0	312	191	121	16	11	3	15	7	6	12	15	7	6	15	8	15	14	12	27	17	4	4	12	10	4	4	10	7	5	1	7	6	15	1	14
chr9	41651897	41651975	79	8	0	79	46	33	5	1	6	2	2	2	6	1	4	2	1	1	2	4	0	6	3	4	0	2	3	3	0	3	3	1	0	2	2	1	0	5
chr9	41651976	41651997	22	8	0	22	6	16	0	0	1	0	1	1	0	0	0	1	2	0	0	0	0	0	0	2	0	0	1	4	1	3	0	0	0	0	0	2	1	0
chr9	41651998	41652213	216	8	0	216	89	127	10	6	9	2	6	5	13	2	9	7	14	0	2	1	3	0	7	3	3	6	9	16	6	12	5	13	3	12	5	11	5	9
chr9	41652214	41652245	32	8	0	32	10	22	0	0	0	0	0	1	2	0	0	0	4	0	0	0	1	0	0	1	1	0	3	5	0	2	0	4	0	2	0	0	1	3
chr9	41652246	41652273	28	8	0	28	6	22	0	0	1	0	0	0	3	0	0	0	1	0	0	0	0	0	0	0	0	0	0	3	3	3	3	5	1	2	0	1	0	0
chr9	41652275	41652301	27	8	0	27	8	19	0	0	0	0	0	1	3	0	0	2	2	0	0	0	0	0	0	1	0	1	1	0	2	1	2	3	1	2	1	0	1	1
chr9	41652302	41652314	13	8	0	13	1	12	0	0	0	0	0	0	0	0	0	0	0	0	0	0	0	0	0	0	0	0	0	3	2	0	1	3	2	0	0	0	0	0
chr9	41652316	41652342	27	8	0	27	5	22	0	0	0	0	0	0	1	0	0	0	3	0	0	0	0	0	0	0	0	0	0	4	3	2	1	4	2	1	0	1	2	1
chr9	41652343	41652429	87	8	0	87	43	44	6	3	2	4	4	4	7	0	2	2	1	0	3	0	2	2	5	2	0	2	5	4	0	5	4	5	2	4	1	3	0	1
chr9	41652430	41652494	65	7	0	65	28	37	4	2	1	2	2	3	3	2	3	1	2	1	0	1	0	1	2	4	1	0	2	4	2	3	3	2	3	2	2	2	2	1
chr9	41652495	41652526	32	8	0	32	15	17	0	0	0	0	0	14	0	0	0	0	0	0	0	0	0	0	13	0	1	0	0	0	0	0	1	0	1	0	0	0	0	0
chr9	41652528	41652840	313	8	0	313	194	119	44	8	13	16	6	21	8	4	16	6	10	6	15	5	8	8	19	8	4	8	9	9	3	6	1	4	1	7	10	6	4	18
chr9	41652841	41652892	52	7	0	52	28	24	3	3	2	1	3	1	1	1	2	0	2	3	1	2	2	1	2	1	1	2	2	4	0	1	0	1	1	0	1	2	0	4
chr9	41652893	41652958	66	8	0	66	36	30	5	2	0	4	1	0	4	3	2	2	2	2	2	3	0	3	2	4	0	1	2	1	4	3	2	0	2	0	2	4	0	2
chr9	41652959	41652973	15	8	0	15	8	7	1	0	3	0	2	0	0	0	1	0	0	0	0	0	0	0	0	0	0	0	0	0	0	0	2	0	0	2	0	0	1	1
chr9	41652974	41653061	88	8	0	88	53	35	14	2	4	6	3	0	1	0	5	1	6	1	5	0	2	1	0	1	0	2	2	0	1	6	0	4	4	2	3	4	3	3
chr9	41653062	41653089	28	8	0	28	9	19	1	1	1	0	0	0	2	0	2	0	1	0	0	0	0	0	0	0	0	2	1	4	2	2	1	3	0	0	0	3	0	0
chr9	41653090	41653154	65	8	0	65	25	40	3	2	3	1	1	1	4	2	4	0	2	0	1	0	0	1	1	0	0	2	6	8	2	1	1	6	1	4	0	3	1	2
chr9	41653156	41653390	235	8	0	235	114	121	12	2	12	5	6	8	12	8	8	2	17	10	4	0	3	3	6	3	0	3	10	9	4	16	8	13	0	11	10	14	0	14
chr9	41653391	41653453	63	7	0	63	28	35	1	2	5	1	3	1	3	1	3	2	1	0	2	0	0	2	1	3	2	0	5	9	0	2	1	1	0	4	0	3	0	3
chr9	41653454	41653641	188	8	0	188	120	68	10	8	6	15	6	4	8	4	8	4	8	6	15	1	3	13	9	3	1	4	2	5	0	10	5	0	0	1	6	10	1	10
chr9	41653642	41653667	26	7	0	26	9	17	0	1	1	0	1	0	4	0	1	1	0	0	0	0	0	0	1	0	0	0	2	2	0	2	1	3	0	2	1	1	0	0
chr9	41653668	41653701	34	8	0	34	14	20	0	0	1	0	0	0	2	0	1	1	7	0	0	0	0	0	1	0	0	0	1	2	0	3	1	2	0	1	0	2	0	7
chr9	41653708	41653784	77	8	0	77	40	37	1	2	0	1	1	17	3	4	1	0	2	0	1	1	1	5	16	1	1	2	0	1	0	2	6	1	1	2	2	0	0	0
chr9	41653785	41653831	47	8	0	47	17	30	0	0	1	1	1	1	4	2	1	0	1	2	0	1	1	0	1	1	0	0	1	5	1	4	6	4	0	2	0	2	1	1
chr9	41653832	41654013	182	8	0	182	82	100	11	6	8	3	7	12	8	2	9	3	8	1	1	1	0	2	9	7	3	3	10	12	1	8	8	6	6	5	2	6	4	8
chr9	41654014	41654107	94	8	0	94	54	40	11	2	4	2	4	1	4	4	2	1	7	2	2	3	1	2	5	1	1	0	1	3	0	3	4	2	2	6	3	1	1	7
chr9	41654108	41654122	15	8	0	15	8	7	0	0	0	1	0	0	0	0	0	1	1	0	1	1	1	1	0	0	0	1	0	0	0	1	0	0	1	1	0	1	1	0
chr9	41654123	41654151	29	8	0	29	12	17	0	0	2	1	0	1	0	3	0	0	1	0	3	0	1	0	0	0	1	0	1	1	0	1	3	1	4	2	0	1	0	0
chr9	41654161	41654432	272	8	0	272	133	139	9	7	9	10	9	10	11	11	8	8	5	8	9	5	5	9	10	8	1	10	14	23	6	10	8	11	2	5	9	12	3	5
chr9	41654433	41654452	20	8	0	20	5	15	0	0	0	0	0	2	2	0	0	0	1	0	0	0	0	0	0	1	0	1	1	1	0	2	3	3	0	0	0	1	0	0
chr9	41654453	41654564	112	8	0	112	41	71	4	3	4	1	3	2	5	1	5	5	6	0	0	0	0	0	0	4	4	2	7	12	3	6	2	6	4	4	2	6	5	4
chr9	41654565	41654583	19	7	0	19	8	11	0	0	1	0	1	1	0	0	0	0	4	0	0	0	0	0	0	0	0	2	1	0	0	2	1	1	0	0	0	2	0	1
chr9	41654584	41654637	54	8	0	54	32	22	9	3	2	1	1	1	2	1	3	1	3	1	2	0	1	1	1	1	0	2	2	2	0	2	0	0	1	1	2	3	0	3
chr9	41654638	41654697	60	8	0	60	26	34	1	0	3	0	0	1	0	0	3	1	9	4	0	0	2	0	0	1	0	1	1	0	2	8	0	3	0	1	0	7	4	6
chr9	41654698	41654759	62	8	0	62	33	29	4	2	5	3	3	1	2	1	7	0	2	1	0	1	0	1	2	1	0	1	3	4	0	3	0	1	0	3	2	5	0	2
chr9	41654760	41654819	60	7	0	60	28	32	3	0	2	3	0	2	2	0	2	1	3	0	3	1	2	3	1	1	0	2	3	5	3	2	0	4	1	3	0	2	2	2
chr9	41654820	41654913	94	8	0	94	55	39	10	3	4	5	2	2	4	4	7	2	2	1	3	1	2	2	3	4	0	1	5	3	0	4	1	3	0	2	3	3	0	6
chr9	41654918	41655209	292	8	0	292	136	156	14	4	11	10	10	5	13	7	9	6	15	8	6	5	7	4	8	6	4	2	15	22	5	16	9	15	5	11	4	15	2	17
chr9	41655210	41655252	43	8	0	43	4	39	0	0	0	0	0	0	2	0	0	2	0	0	0	0	0	0	0	2	0	0	1	5	9	2	1	10	5	0	0	2	0	0
chr9	41655253	41655280	28	8	0	28	4	24	0	0	0	0	0	0	0	0	0	0	3	0	0	0	0	0	0	0	0	0	0	7	3	3	0	3	3	0	0	4	0	0
chr9	41655281	41655333	53	8	0	53	13	40	1	1	1	0	0	1	4	0	1	1	1	0	1	0	1	0	2	0	0	1	1	6	5	2	0	9	5	4	2	1	0	0
chr9	41655334	41655509	176	8	0	176	90	86	9	6	16	4	8	5	8	2	12	5	2	2	5	2	1	2	4	5	4	5	6	1	4	5	5	6	10	9	8	3	2	8
chr9	41655518	41655571	54	8	0	54	29	25	7	0	2	3	1	0	2	0	3	0	6	0	2	0	1	1	0	0	0	0	1	5	0	3	1	1	1	3	1	2	1	5
chr9	41655572	41655607	36	8	0	36	14	22	2	1	0	1	2	1	2	1	0	1	0	0	0	1	1	0	1	3	0	0	4	6	0	2	2	2	0	0	0	1	0	0
chr9	41655608	41655918	311	8	0	311	173	138	21	11	15	8	12	12	7	4	7	4	17	11	15	11	11	7	12	14	1	9	11	15	2	19	4	5	1	4	8	13	0	18
chr9	41655919	41655936	18	8	0	18	18	0	16	0	0	0	0	0	0	0	0	0	0	0	0	0	0	0	0	0	0	0	0	0	0	0	0	0	0	0	0	0	0	0
chr9	41655937	41656365	429	8	0	429	223	206	22	6	20	16	15	17	22	16	19	11	16	10	8	6	13	5	14	13	1	12	26	12	1	20	16	17	1	16	14	18	1	23
chr9	41656371	41656424	54	8	0	54	31	23	3	1	3	1	3	1	2	0	2	1	8	1	0	3	1	0	2	0	0	4	1	0	0	1	0	0	0	1	3	2	0	8
chr9	41656433	41656488	56	8	0	56	32	24	9	1	4	1	2	0	2	1	3	1	4	1	0	1	0	1	0	3	0	0	1	1	0	4	1	1	0	4	3	1	2	2
chr9	41656489	41656552	64	8	0	64	40	24	9	1	2	6	2	4	2	1	4	0	1	2	2	0	0	2	3	0	0	2	4	5	0	1	2	0	0	0	0	5	0	2
chr9	41656553	41656605	53	8	0	53	21	32	0	1	1	1	1	2	3	0	0	1	4	0	2	0	3	1	1	2	0	1	3	5	0	4	2	4	0	4	0	2	0	3
chr9	41656606	41656621	16	8	0	16	9	7	0	0	0	1	0	0	0	1	0	1	1	1	1	1	0	1	0	1	0	0	1	0	1	0	0	0	0	0	0	1	1	1
chr9	41656622	41656734	113	8	0	113	59	54	4	1	7	3	2	2	4	4	5	1	5	5	4	2	7	2	2	2	1	1	5	6	0	5	4	4	1	6	1	4	0	11
chr9	41656735	41656779	45	8	0	45	27	18	2	0	3	1	0	2	0	3	2	1	2	2	2	1	2	3	1	2	0	1	2	1	0	3	0	0	0	0	1	3	0	3
chr9	41656780	41656869	90	8	0	90	41	49	2	0	2	2	0	3	4	5	2	3	5	2	1	2	4	3	5	3	0	0	4	6	2	6	2	4	1	3	1	5	1	5
chr9	41656873	41658834	1962	8	0	1962	953	1009	61	56	82	53	61	72	104	50	83	44	120	38	47	21	35	25	66	56	10	61	109	120	7	112	47	68	7	60	64	104	8	109
chr9	41658835	41659477	643	8	0	643	340	303	23	17	35	19	23	24	24	23	31	11	25	16	17	18	16	17	28	18	6	18	28	32	6	28	20	17	1	18	18	27	1	36
chr9	41659481	41659946	466	8	0	466	229	237	30	13	8	17	21	19	21	12	6	7	25	10	11	11	11	7	16	20	3	11	25	21	9	21	17	22	5	18	14	13	5	15
chr9	41659952	41660061	110	8	0	110	69	41	12	4	3	3	1	7	4	9	0	0	0	1	8	6	3	7	8	4	0	5	4	2	0	2	9	1	2	2	0	1	0	0
chr9	41660062	41660158	97	8	0	97	43	54	0	0	1	3	1	6	3	3	2	3	4	4	1	1	4	6	4	3	0	2	6	16	0	5	2	0	0	2	2	8	0	3
chr9	41660159	41660224	66	7	0	66	39	27	5	5	1	2	4	4	1	3	4	0	3	2	0	0	1	3	4	3	0	2	2	1	1	1	2	0	1	0	5	1	0	3
chr9	41660225	41660328	104	8	0	104	66	38	8	2	1	6	2	2	2	12	5	2	3	5	2	4	3	7	4	1	1	4	5	1	0	2	2	1	0	1	7	5	1	1
chr9	41660329	41660360	32	7	0	32	19	13	2	1	0	2	1	0	1	1	2	1	0	2	0	1	4	1	0	2	0	1	2	1	0	0	0	0	0	0	1	1	0	3
chr9	41660361	41660486	126	8	0	126	77	49	6	3	3	9	8	4	2	10	3	4	0	2	5	3	3	11	6	4	1	3	8	4	1	0	7	1	1	3	3	3	1	2
chr9	41660487	41660514	28	8	0	28	21	7	2	0	1	3	0	0	1	2	1	1	0	2	3	1	1	1	1	0	0	1	1	0	0	0	0	0	0	0	1	1	0	2
chr9	41660515	41661153	639	8	0	639	364	275	36	14	24	31	23	14	27	18	25	8	32	23	21	14	25	28	18	15	0	17	22	22	3	31	19	17	1	20	23	24	2	40
chr9	41661154	41661184	31	8	0	31	14	17	1	1	0	0	0	3	3	0	1	0	4	0	0	0	0	0	3	0	0	2	1	1	0	2	1	0	0	1	1	2	0	2
chr9	41661185	41661203	19	8	0	19	8	11	0	1	0	0	1	1	1	0	1	0	0	0	0	1	1	0	1	1	0	1	2	2	0	0	0	1	0	1	0	1	0	0
chr9	41661204	41662180	977	8	0	977	570	407	45	37	39	49	38	29	44	39	31	17	35	22	56	27	22	39	47	26	5	31	28	30	2	44	27	26	2	33	48	22	3	32
chr9	41662181	41662209	29	8	0	29	18	11	4	1	1	0	0	1	3	0	2	0	1	0	0	3	0	1	2	0	0	3	0	0	0	0	0	0	1	1	2	0	0	1
chr9	41662210	41662524	315	8	0	315	188	127	9	8	12	12	8	10	14	21	11	5	9	12	14	20	9	13	12	9	2	19	7	3	2	9	12	5	2	7	22	4	2	9
chr9	41662525	41662586	62	7	0	62	26	36	2	1	1	0	2	7	2	2	0	2	7	0	0	0	0	0	2	4	1	3	5	2	0	3	2	2	1	1	4	2	0	2
chr9	41662587	41662751	165	8	0	165	94	71	10	3	8	7	5	6	8	2	6	8	10	4	6	1	6	3	7	2	0	9	3	5	1	7	2	1	0	5	9	8	1	10
chr9	41662752	41662767	16	7	0	16	9	7	2	0	1	0	0	1	0	0	1	0	2	0	0	0	0	0	0	0	0	1	0	1	0	2	0	0	0	0	1	2	0	0
chr9	41662768	41662919	152	8	0	152	62	90	0	5	3	5	4	10	9	1	7	0	8	4	2	1	1	2	5	7	1	2	12	15	1	11	3	7	2	3	4	10	0	5
chr9	41662920	41662957	38	8	0	38	25	13	5	2	1	3	2	0	1	2	2	1	1	1	1	0	0	1	1	1	0	1	3	1	0	1	0	0	0	0	1	3	0	1
chr9	41662958	41663012	55	8	0	55	23	32	1	1	2	1	2	1	4	1	2	0	3	3	0	1	0	1	0	2	0	0	3	4	1	4	3	2	1	2	1	4	0	3
chr9	41663021	41663073	53	8	0	53	22	31	1	0	2	0	0	1	3	1	1	2	3	1	2	2	2	0	1	3	0	1	3	7	0	4	0	3	0	1	1	2	0	4
chr9	41663074	41663121	48	8	0	48	19	29	0	0	2	0	0	0	5	0	1	3	3	0	0	2	2	0	1	1	0	3	3	2	0	4	1	2	1	3	0	4	1	2
chr9	41663122	41663169	48	7	0	48	31	17	5	2	3	1	0	0	2	2	1	3	1	0	5	1	2	2	1	1	2	1	1	0	0	1	2	0	0	2	0	1	0	4
chr9	41663170	41663616	447	8	0	447	219	228	16	12	18	11	12	18	24	5	17	4	33	10	12	8	6	12	17	6	4	14	18	17	8	17	12	21	9	20	13	16	5	30
chr9	41663618	41663709	92	8	0	92	32	60	1	0	1	2	1	1	8	4	1	5	2	4	1	1	0	0	1	2	2	2	5	5	4	4	4	7	8	3	4	4	1	2
chr9	41663710	41663733	24	8	0	24	8	16	0	0	0	0	0	1	1	0	0	2	2	2	0	0	0	0	0	3	0	0	1	1	3	0	1	0	0	0	0	1	1	3
chr9	41663734	41663803	70	8	0	70	18	52	0	0	0	1	0	4	4	1	0	0	6	0	1	0	1	0	0	0	2	2	3	10	2	4	4	7	6	4	2	2	1	1
chr9	41663804	41663841	38	8	0	38	9	29	0	0	0	1	1	1	0	2	0	2	0	1	0	0	0	0	1	1	1	0	2	9	3	0	2	3	3	0	0	2	1	0
chr9	41663846	41663901	56	8	0	56	23	33	3	0	3	1	1	1	3	0	2	1	5	1	1	0	1	0	0	1	0	1	3	4	1	6	1	2	1	2	0	6	0	3
chr9	41663902	41663928	27	8	0	27	14	13	1	0	2	0	0	2	0	1	1	0	0	3	1	0	2	0	0	1	0	1	1	2	0	2	1	1	0	0	1	1	0	1
chr9	41663929	41664086	158	8	0	158	72	86	8	2	7	5	2	4	11	4	10	2	6	3	2	3	1	2	3	4	0	4	6	22	1	8	6	6	1	3	5	5	0	10
chr9	41664087	41664116	30	7	0	30	16	14	3	1	2	1	1	1	1	0	2	0	1	1	1	0	1	0	0	1	0	1	2	3	0	0	0	0	0	1	0	1	0	3
chr9	41664117	41665538	1422	8	0	1422	672	750	42	31	59	27	41	41	97	50	57	39	81	39	19	20	17	12	45	43	6	37	87	68	5	84	47	43	4	63	50	90	7	69
chr9	41665539	41665560	22	7	0	22	11	11	1	0	1	1	0	1	1	0	2	0	2	1	0	0	0	0	0	0	0	0	1	1	0	2	0	0	0	0	1	3	0	2
chr9	41665561	41665657	97	8	0	97	45	52	2	1	4	3	3	3	4	4	4	3	6	2	0	1	2	1	4	2	0	2	7	7	0	7	2	4	0	2	2	8	0	5
chr9	41665658	41665682	25	8	0	25	15	10	3	0	1	2	0	0	3	0	2	2	0	0	1	0	1	0	0	1	0	1	2	0	0	0	0	0	0	0	1	1	0	2
chr9	41665683	41665976	294	8	0	294	152	142	10	8	15	9	10	5	19	11	15	4	10	7	6	7	8	7	8	8	0	8	12	12	1	18	15	11	0	12	9	12	1	14
chr9	41665977	41665991	15	8	0	15	8	7	0	0	1	0	1	2	0	0	0	1	0	2	0	0	0	0	2	0	0	0	1	0	0	0	0	0	0	0	1	1	0	1
chr9	41665992	41666031	40	7	0	40	18	22	0	1	1	1	1	3	5	2	2	0	0	0	0	1	0	1	2	2	0	1	2	0	0	2	5	2	0	2	1	0	0	1
chr9	41666032	41666245	214	8	0	214	111	103	6	4	10	5	5	11	9	10	9	6	13	6	5	5	3	3	11	8	0	6	9	7	0	15	4	5	0	3	12	11	0	11
chr9	41666246	41666266	21	8	0	21	8	13	0	0	0	0	0	0	1	0	0	1	4	0	0	0	0	0	1	0	0	0	1	3	0	1	0	0	0	2	1	2	0	2
chr9	41666269	41666358	90	8	0	90	56	34	12	3	7	4	4	4	2	2	5	2	2	2	5	1	0	0	3	4	1	2	4	2	0	3	1	1	0	0	3	2	1	6
chr9	41666360	41666809	450	8	0	450	247	203	27	15	17	17	22	12	16	20	16	14	23	7	11	9	10	10	19	12	5	14	17	16	3	20	14	13	0	9	20	16	0	24
chr9	41666816	41666872	57	8	0	57	33	24	3	2	2	3	2	1	5	0	3	0	2	0	2	3	0	3	1	3	0	3	3	0	0	3	3	1	0	2	1	2	0	2
chr9	41666873	41666891	19	8	0	19	7	12	0	0	0	0	0	1	1	1	0	0	1	0	0	2	0	0	0	2	1	0	2	1	0	2	0	2	0	0	1	0	0	0
chr9	41666892	41666983	92	8	0	92	50	42	6	4	1	3	3	3	4	3	2	1	6	2	2	3	1	4	3	3	0	5	6	4	1	3	1	4	0	1	4	3	1	3
chr9	41666984	41667004	21	8	0	21	12	9	3	1	1	0	0	1	1	1	2	0	1	1	0	0	0	0	0	0	0	1	1	0	0	0	1	0	0	0	1	1	0	2
chr9	41667005	41667369	365	8	0	365	167	198	11	9	14	3	8	15	22	11	14	6	29	6	4	3	9	2	8	12	1	12	21	15	0	25	14	16	2	16	13	18	3	21
chr9	41667370	41667396	27	8	0	27	11	16	0	0	2	0	1	1	1	0	1	1	2	0	0	0	0	0	0	1	0	1	2	2	0	2	2	1	0	1	1	2	0	1
chr9	41667397	41667481	85	8	0	85	49	36	7	1	5	5	2	3	4	2	7	2	2	1	2	2	3	0	5	2	0	1	2	2	0	5	1	3	0	2	3	3	0	6
chr9	41667483	41667500	18	8	0	18	7	11	0	0	0	2	0	1	1	0	2	0	0	0	0	0	0	0	0	1	0	0	2	4	0	1	0	0	0	0	1	1	0	0
chr9	41667501	41668567	1067	8	0	1067	590	477	43	28	49	42	45	36	39	38	38	20	58	35	36	24	27	31	35	26	3	43	48	36	3	46	30	32	1	21	45	39	5	63
chr9	41668568	41668658	91	8	0	91	38	53	2	2	4	1	4	5	5	1	2	3	3	4	1	1	0	0	1	6	1	3	9	5	1	5	1	5	0	2	4	4	2	2
chr9	41668659	41668801	143	8	0	143	79	64	11	3	8	5	8	8	6	3	5	5	4	4	3	0	3	2	7	2	0	7	6	5	0	6	6	5	0	1	7	4	0	7
chr9	41668802	41668826	25	8	0	25	10	15	0	0	1	0	1	1	3	1	0	1	0	1	0	0	0	0	0	1	0	1	3	0	0	1	4	1	0	1	0	2	0	0
chr9	41668827	41669018	192	8	0	192	98	94	12	4	13	4	9	5	9	2	12	3	14	5	0	1	2	1	6	5	0	2	11	8	0	11	4	6	0	6	5	11	0	19
chr9	41669019	41669038	20	8	0	20	6	14	0	0	0	0	0	1	2	0	0	1	1	0	0	0	0	0	1	0	1	0	0	2	1	1	2	2	0	2	0	0	0	1
chr9	41669039	41669060	22	8	0	22	9	13	0	1	1	0	1	1	2	0	1	1	0	0	0	0	0	0	2	0	0	0	2	1	0	1	0	2	0	2	1	1	0	0
chr9	41669061	41669449	389	8	0	389	198	191	17	10	16	13	11	14	23	12	13	6	18	11	15	2	11	6	15	8	2	7	20	19	2	15	7	15	2	29	18	14	0	16
chr9	41669450	41669479	30	8	0	30	14	16	0	1	1	0	2	1	0	0	0	0	2	2	0	1	1	2	0	2	0	1	1	2	0	3	0	1	0	1	2	1	1	0
chr9	41669480	41669970	491	8	0	491	242	249	17	12	20	12	14	15	26	19	18	11	26	8	12	8	9	15	14	16	0	16	29	30	2	27	13	22	0	15	17	20	4	22
chr9	41669975	41671003	1029	8	0	1029	549	480	51	17	46	44	33	29	51	30	40	32	41	30	34	17	25	28	31	25	4	35	52	48	4	55	19	32	2	29	41	54	4	44
chr9	41671012	41671405	394	8	0	394	193	201	10	11	17	10	13	16	22	10	14	16	21	8	11	1	8	4	13	14	1	16	23	21	0	22	8	13	2	8	17	18	1	23
chr9	41671413	41671436	24	8	0	24	8	16	0	0	1	0	0	1	1	0	0	0	4	0	0	0	0	0	0	1	0	0	2	1	0	4	0	2	0	2	0	3	0	0
chr9	41671437	41671583	147	8	0	147	74	73	22	1	1	2	2	3	11	4	2	3	12	2	1	1	4	2	2	1	0	5	7	3	1	8	8	8	2	8	3	6	3	7
chr9	41671585	41671606	22	7	0	22	7	15	0	0	0	0	0	3	1	0	0	0	0	0	1	0	1	0	1	2	0	0	3	1	1	1	0	3	1	1	0	0	0	0
chr9	41671607	41671629	23	7	0	23	17	6	7	1	0	0	1	1	0	0	0	1	1	0	1	1	2	0	2	0	0	1	0	0	0	0	0	0	0	0	0	0	0	2
chr9	41671630	41671659	30	8	0	30	12	18	0	2	0	0	2	0	2	2	0	2	1	0	0	0	0	0	1	3	0	0	3	2	0	1	1	1	0	2	1	1	0	1
chr9	41671661	41672263	603	8	0	603	355	248	38	11	26	27	12	24	20	19	20	9	18	13	32	21	32	33	23	15	2	25	19	17	1	30	12	17	2	25	21	18	3	16
chr9	41672264	41672277	14	7	0	14	8	6	0	0	0	1	0	0	1	0	0	1	0	0	1	1	1	1	0	1	0	0	0	0	0	1	2	0	0	0	0	0	0	1
chr9	41672280	41672325	46	7	0	46	30	16	8	0	3	1	1	2	2	1	1	2	1	0	2	3	1	2	1	1	0	4	1	0	0	1	2	0	0	0	2	0	0	2
chr9	41672327	41672609	283	8	0	283	137	146	8	10	13	7	12	18	19	2	11	7	10	6	7	3	3	1	15	12	0	11	14	12	2	15	8	12	0	9	14	8	2	10
chr9	41672610	41672633	24	7	0	24	15	9	3	0	2	1	1	0	0	2	0	0	0	0	2	1	0	3	0	0	0	0	1	0	0	0	2	1	1	2	0	0	0	0
chr9	41672634	41672726	93	8	0	93	51	42	4	4	1	2	2	7	4	3	0	3	2	1	5	3	7	2	5	5	0	7	6	3	0	1	3	2	0	3	2	1	0	3
chr9	41672727	41672752	26	8	0	26	11	15	0	0	1	0	1	3	1	0	0	0	2	0	0	1	1	0	0	3	0	1	1	1	0	2	3	0	0	1	1	0	0	1
chr9	41672753	41673039	287	8	0	287	194	93	36	10	11	18	6	4	9	12	6	1	7	8	26	5	7	26	7	4	2	7	6	6	2	8	11	8	1	8	7	4	1	11
chr9	41673044	41673054	11	8	0	11	11	0	9	0	0	0	0	0	0	0	0	0	0	0	0	0	0	0	0	0	0	0	0	0	0	0	0	0	0	0	0	0	0	0
chr9	41673055	41673225	171	8	0	171	91	80	10	4	11	8	8	1	10	2	9	7	5	2	6	2	3	2	4	5	0	5	7	10	0	12	5	6	0	3	5	8	0	9
chr9	41673227	41673248	22	7	0	22	16	6	3	3	1	1	3	0	0	0	1	0	0	0	0	0	1	1	3	0	0	0	0	0	0	0	1	0	0	1	0	0	0	1
chr9	41673250	41673300	51	8	0	51	34	17	5	4	4	1	1	2	0	1	4	0	0	0	4	2	4	0	4	2	0	2	0	0	0	3	1	0	0	1	1	1	0	2
chr9	41673301	41673321	21	8	0	21	17	4	6	1	0	3	2	1	0	1	0	0	0	0	1	1	0	0	3	0	0	0	0	0	0	0	0	0	0	0	0	0	0	0
chr9	41673322	41673624	303	8	0	303	167	136	11	8	19	15	10	11	13	8	15	6	7	10	17	3	9	5	8	7	1	11	13	9	2	11	8	11	3	12	13	9	2	14
chr9	41673625	41673644	20	7	0	20	13	7	4	2	1	0	1	1	0	1	0	0	0	0	2	0	0	0	1	0	0	1	1	1	0	0	1	1	0	0	0	0	0	0
chr9	41673645	41674542	898	8	0	898	502	396	53	20	43	41	29	31	36	26	37	19	31	24	37	21	27	25	25	30	3	34	41	39	5	38	23	20	3	24	33	34	3	41
chr9	41674547	41674624	78	8	0	78	38	40	4	5	3	0	1	3	4	0	5	1	4	2	2	1	3	0	3	3	0	3	3	5	1	5	0	1	0	2	2	5	1	4
chr9	41674625	41674666	42	7	0	42	22	20	1	0	1	3	1	1	3	1	1	1	2	0	2	0	2	2	0	2	0	0	1	1	0	4	3	1	0	2	2	1	0	2
chr9	41674667	41675022	356	8	0	356	179	177	12	6	22	8	14	20	13	8	14	6	18	7	8	5	8	9	8	17	0	12	20	19	0	19	13	9	0	14	15	14	0	16
chr9	41675023	41675059	37	8	0	37	17	20	0	0	1	0	0	4	3	1	0	1	2	1	1	0	1	2	3	0	0	2	2	1	0	1	1	2	0	2	2	0	0	2
chr9	41675060	41675208	149	8	0	149	78	71	11	5	10	2	6	2	9	1	8	2	4	5	3	1	3	4	2	3	0	5	7	9	0	10	3	8	0	5	6	6	0	7
chr9	41675210	41675219	10	8	0	10	4	6	0	0	1	0	1	0	0	0	0	0	0	0	0	1	1	0	1	0	0	0	0	0	1	0	0	0	1	1	0	0	0	0
chr9	41675220	41675239	20	7	0	20	15	5	5	0	1	1	0	0	1	0	2	1	0	0	1	0	1	0	1	0	0	0	0	0	0	1	0	0	0	0	0	1	0	2
chr9	41675241	41675724	484	8	0	484	243	241	18	14	17	10	12	16	33	17	17	14	21	22	12	6	7	7	19	16	2	12	27	17	1	29	14	13	2	13	18	29	3	24
chr9	41675725	41676169	445	8	0	445	275	170	42	15	22	16	18	10	12	18	13	10	16	13	23	6	10	29	11	10	0	20	17	11	1	18	10	10	2	8	20	16	1	15
chr9	41676170	41676192	23	7	0	23	19	4	13	0	1	0	1	0	0	0	1	1	1	0	0	0	0	0	0	0	0	0	0	0	0	0	0	0	0	0	1	0	0	2
chr9	41676198	41676218	21	8	0	21	9	12	0	1	0	0	1	0	2	0	0	0	3	0	0	0	0	0	0	0	0	1	0	0	0	3	1	1	0	2	2	2	0	0
chr9	41676220	41676324	105	8	0	105	58	47	7	1	7	2	5	3	5	2	3	4	7	3	2	2	2	2	1	2	1	6	2	1	1	4	4	2	0	6	8	3	0	5
chr9	41676326	41676402	77	8	0	77	37	40	5	2	3	1	3	4	5	0	1	1	6	3	1	1	0	0	2	2	0	4	3	2	0	5	3	3	0	4	4	4	2	1
chr9	41676403	41676448	46	8	0	46	22	24	5	1	1	1	3	1	2	2	1	1	1	0	0	1	0	1	3	1	0	0	5	1	0	2	0	6	1	1	0	1	1	1
chr9	41676450	41676459	10	8	0	10	5	5	0	0	0	1	0	0	1	0	0	0	0	0	1	0	1	0	0	0	0	0	1	0	0	0	0	1	0	2	0	0	0	0
chr9	41676460	41676618	159	8	0	159	80	79	16	2	4	1	3	9	11	1	3	4	10	6	2	1	5	0	3	4	0	9	9	4	0	7	6	6	3	5	7	6	1	9
chr9	41676629	41678011	1383	8	0	1383	710	673	44	42	56	26	50	53	76	49	54	32	60	48	20	21	41	37	61	32	5	50	63	59	2	73	49	42	2	41	55	64	5	69
chr9	41678012	41678023	12	8	0	12	8	4	2	1	0	0	2	0	0	1	0	0	0	0	0	0	0	0	1	0	0	0	1	0	0	0	1	1	0	0	0	0	0	0
chr9	41678024	41678371	348	8	0	348	183	165	10	5	16	15	10	9	18	12	15	8	13	9	10	5	13	14	7	9	0	10	19	12	2	18	12	16	1	13	11	14	1	19
chr9	41678372	41678429	58	7	0	58	36	22	12	1	1	3	4	0	3	2	0	0	3	1	1	1	2	2	1	0	0	1	4	0	0	0	3	1	0	6	0	2	0	2
chr9	41678430	41678891	462	8	0	462	270	192	33	11	24	17	17	23	19	9	17	6	16	21	17	14	10	15	19	9	2	23	18	8	2	20	14	8	0	8	17	23	2	18
chr9	41678892	41679312	421	8	0	421	239	182	32	4	26	17	17	14	15	16	17	8	19	11	14	8	8	12	17	7	0	10	18	13	0	19	14	10	1	17	13	20	1	21
chr9	41679313	41679345	33	8	0	33	18	15	0	0	1	0	0	0	4	0	1	1	3	0	0	3	1	4	1	1	0	2	1	0	0	1	0	0	0	2	1	1	0	3
chr9	41679346	41679414	69	8	0	69	26	43	0	2	4	0	4	1	2	1	3	2	5	1	0	0	0	0	2	2	0	1	6	9	1	4	0	5	1	0	0	5	0	6
chr9	41679417	41681451	2035	8	0	2035	884	1151	63	44	79	37	54	72	108	59	66	48	89	52	40	22	28	22	67	47	28	44	87	130	57	95	82	94	75	89	58	99	22	76
chr9	41681455	41681469	15	7	0	15	5	10	0	0	0	0	0	5	0	0	0	0	0	0	0	0	0	0	0	4	0	0	4	0	0	0	0	0	0	0	0	0	0	0
chr9	41681470	41681674	205	8	0	205	104	101	7	6	11	3	6	12	9	6	9	4	4	2	5	8	6	5	12	10	0	8	10	15	0	12	7	4	0	3	3	8	0	8
chr9	41681675	41681690	16	8	0	16	8	8	0	0	0	0	0	2	1	1	0	0	0	1	0	0	1	1	1	0	0	1	1	0	0	1	1	1	0	0	0	1	0	0
chr9	41681691	41681728	38	8	0	38	15	23	0	2	1	0	0	0	3	0	2	1	3	0	1	0	1	0	1	0	0	1	0	7	0	3	0	2	0	2	3	1	0	2
chr9	41681729	41682093	365	8	0	365	182	183	20	12	12	12	18	13	14	11	10	8	15	9	8	5	10	4	12	10	4	12	24	16	3	15	9	20	6	9	11	12	4	15
chr9	41682094	41682132	39	7	0	39	17	22	0	1	0	1	0	1	3	2	0	0	2	1	2	3	1	0	1	0	0	4	2	2	1	1	3	2	1	1	0	2	0	0
chr9	41682133	41682198	66	8	0	66	28	38	0	1	2	2	4	0	6	1	1	0	6	2	0	1	0	1	0	1	0	0	1	3	0	7	6	4	0	6	4	3	0	2
chr9	41682199	41682210	12	7	0	12	5	7	0	0	0	0	0	2	1	0	0	0	1	0	0	0	0	0	0	0	0	2	1	0	0	0	2	0	0	0	0	1	0	0
chr9	41682211	41682241	31	8	0	31	12	19	0	0	0	0	0	1	4	0	1	3	2	0	0	0	0	0	2	1	0	1	1	2	0	1	1	1	2	0	1	0	2	3
chr9	41682244	41682557	314	8	0	314	181	133	26	5	8	18	13	17	13	11	8	5	16	10	9	5	7	9	14	7	0	11	18	7	0	6	10	9	0	11	12	8	4	15
chr9	41682559	41682597	39	8	0	39	19	20	1	2	1	1	2	0	4	2	2	1	1	0	0	0	0	0	1	1	0	1	3	1	0	2	2	2	0	2	2	2	0	1
chr9	41682598	41682820	223	8	0	223	115	108	10	4	3	11	9	8	11	9	6	4	15	9	3	6	4	3	8	6	3	5	11	6	2	11	4	9	1	6	14	10	0	10
chr9	41682821	41682867	47	8	0	47	19	28	1	0	2	0	0	5	1	0	2	0	3	1	0	2	1	1	1	2	1	3	3	6	0	2	1	1	0	0	1	3	0	2
chr9	41682868	41682880	13	7	0	13	6	7	0	0	1	0	1	0	2	0	0	1	0	0	0	0	0	0	0	0	0	1	1	0	0	0	0	1	0	1	1	0	0	1
chr9	41682881	41683014	134	8	0	134	58	76	7	2	5	2	3	6	8	3	5	4	6	3	1	1	2	0	4	6	0	3	12	14	1	6	2	4	0	4	2	8	0	8
chr9	41683015	41683076	62	7	0	62	25	37	1	2	2	0	1	2	5	4	3	0	2	0	0	2	0	0	2	3	1	1	5	1	1	5	3	6	1	2	2	2	0	1
chr9	41683077	41683169	93	8	0	93	40	53	1	2	1	3	2	2	4	4	1	2	6	3	3	1	2	2	1	2	2	1	6	4	2	6	1	8	1	6	4	4	3	1
chr9	41683170	41683225	56	7	0	56	29	27	4	1	2	3	3	0	1	2	1	3	3	1	2	0	0	2	1	2	0	1	1	2	3	4	1	2	0	0	3	4	1	1
chr9	41683226	41683341	116	8	0	116	54	62	2	2	6	2	6	6	6	3	3	2	5	4	1	2	1	1	6	3	0	3	6	6	2	5	6	5	1	4	3	5	1	6
chr9	41683342	41683383	42	7	0	42	18	24	2	0	3	0	1	2	1	2	2	0	2	0	0	2	0	0	1	2	0	1	5	3	0	2	0	0	2	2	0	5	0	0
chr9	41683384	41683952	569	8	0	569	289	280	25	15	17	13	14	34	34	21	21	10	33	14	11	8	8	9	27	21	0	19	29	31	0	25	20	11	0	19	27	22	0	29
chr9	41683953	41683967	15	7	0	15	15	0	5	0	0	2	0	0	0	0	0	0	0	0	3	0	0	3	0	0	0	0	0	0	0	0	0	0	0	0	0	0	0	0
chr9	41683968	41684002	35	8	0	35	35	0	13	0	0	6	0	0	0	0	0	0	0	0	7	0	0	7	0	0	0	0	0	0	0	0	0	0	0	0	0	0	0	0
chr9	41684003	41684242	240	8	0	240	122	118	17	6	4	9	11	6	11	7	4	5	16	7	5	3	5	5	4	6	4	6	12	6	4	10	9	11	4	10	10	9	2	10
chr9	41684248	41684322	75	8	0	75	34	41	3	0	3	3	2	5	4	2	1	2	1	1	3	1	2	0	2	6	0	1	7	5	0	4	2	3	0	5	2	2	1	0
chr9	41684323	41684605	283	8	0	283	158	125	14	6	7	15	12	11	17	12	8	6	10	8	8	8	5	11	12	7	0	12	12	10	0	11	13	9	0	6	15	7	0	9
chr9	41684612	41686036	1425	8	0	1425	703	722	62	22	63	38	41	46	90	40	51	43	59	37	31	21	29	29	44	41	5	41	76	72	4	91	47	64	5	40	50	66	6	69
chr9	41686037	41686084	48	7	0	48	22	26	2	0	1	1	1	3	1	1	0	1	2	2	1	1	2	2	2	1	0	2	3	7	0	1	0	1	0	3	1	3	0	1
chr9	41686085	41687008	924	8	0	924	477	447	43	29	40	18	24	30	55	28	45	17	48	24	18	17	27	14	38	24	1	30	43	45	2	44	24	26	3	31	32	37	0	65
chr9	41687013	41687084	72	8	0	72	33	39	2	0	4	2	3	0	5	2	2	1	5	4	1	0	0	1	0	0	0	1	5	3	2	1	3	6	0	5	2	3	0	7
chr9	41687092	41688260	1169	8	0	1169	576	593	47	32	47	29	34	49	77	33	42	24	62	25	32	12	15	14	48	35	2	32	56	65	2	68	45	40	1	46	44	51	3	55
chr9	41688261	41688288	28	7	0	28	16	12	2	1	1	0	0	2	1	2	1	0	0	1	1	0	2	1	1	0	0	1	1	0	0	1	2	2	0	0	1	0	0	2
chr9	41688290	41688309	20	8	0	20	15	5	2	1	1	1	0	0	1	1	2	0	0	1	2	0	1	1	0	0	0	1	0	0	0	0	0	0	0	0	1	0	0	2
chr9	41688310	41688603	294	8	0	294	128	166	9	6	7	5	10	14	21	4	8	7	21	4	0	2	5	5	14	8	1	6	15	20	4	16	10	16	0	14	10	12	1	17
chr9	41688604	41688631	28	8	0	28	12	16	3	2	0	0	1	0	0	2	0	1	0	1	1	0	0	1	1	1	1	0	1	4	2	0	1	1	0	0	0	2	0	0
chr9	41688632	41689091	460	8	0	460	226	234	14	3	21	12	17	18	26	9	12	14	29	15	7	4	8	16	14	8	2	15	14	26	5	27	21	12	1	18	20	26	0	24
chr9	41689092	41689141	50	8	0	50	27	23	3	2	0	3	2	1	3	5	2	0	1	0	1	1	0	2	2	1	1	0	2	3	0	1	4	1	0	3	3	1	0	0
chr9	41689142	41689237	96	8	0	96	53	43	5	4	2	5	2	3	7	6	7	1	2	2	1	2	2	1	2	5	0	3	4	1	0	7	5	1	0	2	7	4	0	1
chr9	41689238	41689358	121	8	0	121	54	67	3	1	2	2	3	11	7	3	1	3	8	3	0	0	3	2	5	2	4	4	8	3	1	5	4	7	1	8	7	5	0	3
chr9	41689359	41689482	124	8	0	124	61	63	5	1	8	2	5	5	5	3	6	2	8	4	0	3	2	1	4	3	1	3	6	5	2	4	3	4	0	7	5	4	1	10
chr9	41689483	41689500	18	8	0	18	9	9	0	0	0	1	0	1	1	1	1	1	1	0	0	0	0	0	2	0	0	1	0	1	0	2	0	0	0	0	1	2	0	0
chr9	41689501	41689704	204	8	0	204	93	111	6	5	10	1	6	7	13	8	6	5	6	6	4	4	5	1	5	6	1	8	13	11	1	9	9	10	3	10	6	7	3	7
chr9	41689705	41689750	46	8	0	46	24	22	0	1	3	1	3	0	3	2	0	0	1	2	2	5	0	1	2	3	0	1	3	1	0	2	2	2	0	2	1	0	0	1
chr9	41689751	41689866	116	8	0	116	69	47	8	4	3	4	0	5	5	10	4	0	2	3	7	4	4	5	4	3	0	6	7	2	0	3	4	7	0	1	5	0	0	4
chr9	41689867	41689903	37	8	0	37	17	20	0	0	3	1	2	1	3	0	2	0	2	1	0	1	1	0	0	1	0	1	1	0	0	4	2	1	0	3	2	2	0	1
chr9	41689904	41689954	51	8	0	51	22	29	0	3	2	0	2	0	4	1	1	2	2	0	1	1	1	1	1	3	0	2	3	6	0	2	2	1	0	3	1	2	0	2
chr9	41689955	41690947	993	8	0	993	534	459	64	28	43	30	38	39	46	37	31	20	41	29	32	14	18	24	43	27	3	28	38	32	10	47	34	32	6	36	45	35	5	36
chr9	41690954	41691185	232	8	0	232	115	117	15	8	5	8	15	8	11	8	4	3	13	6	3	3	4	0	5	9	1	7	17	7	1	12	11	11	1	9	9	10	1	5
chr9	41691186	41691211	26	8	0	26	18	8	4	6	0	0	6	0	1	0	0	0	0	0	0	0	0	0	6	0	0	0	0	0	0	0	0	0	0	0	0	0	0	1
chr9	41691212	41691929	718	8	0	718	415	303	46	27	31	27	29	25	32	30	37	19	24	16	18	15	18	19	31	20	0	35	32	16	2	23	17	13	1	17	36	24	5	31
chr9	41691930	41691946	17	8	0	17	8	9	0	0	1	0	0	0	0	2	1	0	2	0	0	0	0	0	0	0	0	0	1	2	0	1	0	0	0	0	1	2	0	2
chr9	41691947	41692114	168	8	0	168	92	76	7	5	7	7	7	1	8	7	9	3	10	7	3	3	5	3	4	0	0	7	6	9	0	7	3	2	0	7	9	11	0	9
chr9	41692115	41692127	13	8	0	13	10	3	0	0	1	1	0	1	0	0	0	0	0	0	2	2	0	2	1	0	0	1	0	0	0	0	0	0	0	0	0	0	0	0
chr9	41692128	41692545	418	8	0	418	259	159	23	10	22	21	15	12	9	25	26	8	8	14	12	9	13	32	17	8	1	13	17	8	3	13	8	8	0	6	19	16	0	20
chr9	41692546	41692580	35	8	0	35	21	14	1	1	2	1	1	1	0	0	0	0	1	3	2	1	3	2	1	2	0	0	0	1	0	4	0	0	0	2	1	2	0	1
chr9	41692589	41692843	255	8	0	255	154	101	22	9	9	14	11	6	12	15	13	4	3	5	8	8	4	10	13	9	0	5	8	9	0	11	6	7	0	7	17	2	0	6
chr9	41692844	41692899	56	8	0	56	31	25	2	1	3	4	2	0	2	3	3	1	0	2	3	1	2	1	1	2	0	0	3	6	0	2	0	2	0	2	3	0	0	3
chr9	41692900	41693099	200	8	0	200	106	94	18	3	8	7	3	4	10	3	12	6	10	1	3	2	5	9	8	4	0	4	7	17	2	13	1	4	0	5	4	14	0	11
chr9	41693104	41693311	208	8	0	208	98	110	11	2	10	5	11	3	12	7	5	6	13	6	1	0	1	4	4	4	1	2	11	13	2	10	13	10	0	9	5	9	1	15
chr9	41693312	41693323	12	8	0	12	5	7	0	0	0	0	0	3	1	0	0	1	0	0	0	0	0	0	2	1	0	0	1	0	0	0	0	0	0	0	0	0	0	1
chr9	41693324	41694244	921	8	0	921	492	429	45	23	30	34	31	36	48	27	28	21	46	27	28	23	18	25	43	21	4	35	39	35	6	46	21	31	1	25	40	39	7	36
chr9	41694245	41694268	24	8	0	24	13	11	1	0	1	1	0	1	2	0	0	0	0	2	1	0	0	3	0	1	0	0	1	0	0	2	1	2	1	0	1	0	0	1
chr9	41694269	41694484	216	8	0	216	127	89	14	9	12	6	8	8	11	3	14	6	6	3	6	2	8	10	12	3	2	8	5	5	0	10	5	3	0	6	8	9	0	12
chr9	41694485	41694575	91	8	0	91	49	42	5	3	3	3	4	3	6	4	4	3	4	3	1	1	0	0	6	3	0	1	3	3	0	4	3	3	0	2	5	1	0	8
chr9	41694576	41694819	244	8	0	244	119	125	11	2	12	8	7	11	14	6	10	10	13	2	5	2	3	2	12	6	2	4	13	12	0	14	7	6	1	12	7	15	1	12
chr9	41694820	41694852	33	8	0	33	13	20	0	0	0	2	1	0	2	2	1	1	0	2	0	1	1	0	0	2	0	0	3	4	0	3	1	2	0	0	1	2	0	0
chr9	41694853	41695609	757	8	0	757	402	355	37	18	40	25	27	19	32	39	45	16	27	21	11	18	15	10	26	16	5	24	39	35	2	33	19	21	5	21	34	37	2	36
chr9	41695610	41695655	46	8	0	46	26	20	2	2	4	1	3	0	3	2	2	0	1	3	2	0	0	0	1	0	0	2	2	1	0	1	2	2	0	2	3	1	0	2
chr9	41695656	41695834	179	8	0	179	93	86	5	6	8	3	8	8	7	2	4	5	13	5	5	3	6	3	7	6	0	9	9	10	0	8	3	3	0	4	6	8	0	13
chr9	41695835	41695849	15	7	0	15	10	5	1	1	1	1	0	0	0	0	0	0	1	0	2	0	1	1	0	0	0	1	0	1	0	1	0	0	0	0	0	1	0	0
chr9	41695850	41696642	793	8	0	793	442	351	33	31	33	25	27	18	37	24	28	17	31	21	34	17	35	30	27	21	2	33	30	31	1	38	22	18	0	30	27	31	3	36
chr9	41696643	41696657	15	7	0	15	6	9	1	0	1	0	1	1	1	0	0	0	1	0	0	0	0	0	0	1	0	0	0	2	0	1	1	0	0	1	1	0	0	0
chr9	41696658	41696683	26	8	0	26	11	15	1	2	1	0	1	1	0	0	1	0	1	0	0	0	2	0	1	2	0	0	1	5	0	3	0	0	0	0	0	1	0	1
chr9	41696684	41696765	82	8	0	82	42	40	4	6	3	1	5	3	3	0	4	1	3	2	1	2	2	1	5	4	0	3	3	5	1	5	0	2	0	2	3	3	1	2
chr9	41696766	41696791	26	8	0	26	13	13	2	0	3	0	0	1	0	0	3	1	1	0	0	0	0	0	1	0	0	1	1	3	0	2	0	0	0	0	0	3	0	2
chr9	41696792	41697055	264	8	0	264	117	147	12	3	8	8	6	13	16	6	10	5	13	7	3	1	5	1	7	9	0	6	18	31	0	14	9	8	0	8	7	15	0	13
chr9	41697056	41697097	42	7	0	42	27	15	2	1	3	4	0	1	1	2	3	0	2	0	5	0	1	2	0	0	0	1	0	1	0	1	3	0	0	3	1	1	0	2
chr9	41697098	41697382	285	8	0	285	166	119	19	10	13	22	12	4	13	8	17	6	7	4	15	6	3	6	8	2	1	14	13	16	2	8	5	10	2	3	11	11	1	11
chr9	41697388	41697522	135	8	0	135	79	56	13	3	8	6	4	3	6	2	5	4	8	1	8	3	3	1	3	3	0	6	6	4	0	5	1	3	0	6	5	5	0	8
chr9	41697523	41697584	62	7	0	62	28	34	1	1	4	1	2	1	3	1	4	0	4	2	0	0	2	2	1	0	0	1	3	7	0	3	1	3	0	4	2	2	0	5
chr9	41697585	41697739	155	8	0	155	91	64	14	4	12	5	4	4	7	1	7	4	6	3	10	3	5	1	7	4	0	4	2	7	0	9	3	2	0	5	4	4	0	12
chr9	41697747	41698043	297	8	0	297	154	143	14	8	12	13	11	5	15	9	19	8	21	5	3	3	5	3	6	5	1	12	17	10	2	14	5	7	1	9	12	21	1	18
chr9	41698044	41698082	39	7	0	39	23	16	2	0	3	2	1	1	1	0	2	1	1	1	2	2	2	0	1	1	0	2	0	1	0	4	1	1	0	0	2	2	0	1
chr9	41698083	41698263	181	8	0	181	132	49	34	9	8	17	8	0	3	7	7	1	7	0	19	3	1	7	4	7	0	2	3	0	0	9	5	2	0	1	5	3	0	7
chr9	41698264	41698309	46	7	0	46	25	21	3	3	3	0	4	3	0	1	1	1	2	1	1	1	0	0	6	1	0	1	2	4	0	1	0	0	0	0	0	2	0	3
chr9	41698310	41698486	177	8	0	177	123	54	24	6	0	18	7	6	4	7	8	0	7	6	9	3	6	10	9	3	0	3	6	1	0	6	1	0	0	3	8	9	0	5
chr9	41698492	41698627	136	8	0	136	87	49	13	6	10	4	4	5	0	6	7	0	6	2	9	7	2	6	5	3	0	10	3	7	0	3	1	0	0	1	6	4	0	4
chr9	41698628	41698682	55	7	0	55	40	15	6	1	1	9	2	0	0	0	2	0	2	2	6	2	1	5	0	1	2	0	1	0	1	1	0	0	1	1	1	2	1	2
chr9	41698683	41699380	698	8	0	698	318	380	32	13	22	23	23	15	30	11	24	18	39	19	12	11	18	7	11	22	5	19	32	57	17	44	15	30	8	19	20	41	12	27
chr9	41699381	41699429	49	8	0	49	17	32	0	0	0	0	0	3	6	2	0	2	2	2	0	0	0	0	1	2	1	0	2	1	0	3	6	3	1	4	2	1	2	1
chr9	41699431	41699470	40	7	0	40	18	22	1	0	1	1	1	2	2	3	2	1	1	2	0	0	0	0	1	1	1	0	3	2	0	2	0	3	1	2	4	1	0	0
chr9	41699471	41699720	250	8	0	250	104	146	7	5	6	3	7	20	13	8	6	5	10	8	1	1	1	3	12	9	5	4	15	11	6	12	13	12	8	8	8	12	3	6
chr9	41699721	41700113	393	8	0	393	175	218	15	10	16	8	14	16	22	11	18	13	13	7	2	2	3	3	13	15	5	8	21	28	7	28	14	20	2	6	15	21	2	13
chr9	41700114	41700145	32	8	0	32	14	18	0	0	0	2	1	2	0	2	1	0	1	2	0	0	2	0	0	2	0	0	2	1	1	1	1	1	2	2	1	1	1	1
chr9	41700146	41700335	190	8	0	190	95	95	6	5	12	2	5	4	13	5	12	8	8	7	2	1	1	2	7	4	2	5	11	4	1	7	3	4	4	7	6	11	3	16
chr9	41700336	41700359	24	8	0	24	9	15	0	1	1	0	2	0	1	0	0	0	2	0	0	0	2	0	0	0	0	1	1	2	0	3	1	3	0	0	1	0	0	1
chr9	41700360	41700429	70	8	0	70	29	41	1	3	2	0	2	1	8	0	1	2	6	0	1	1	0	0	5	2	0	0	2	4	0	7	4	4	0	3	0	3	0	6
chr9	41700438	41700926	489	8	0	489	224	265	19	11	17	11	21	24	20	17	17	20	25	13	1	3	2	2	28	13	11	6	21	18	16	20	19	18	6	13	13	26	11	25
chr9	41700927	41700942	16	8	0	16	9	7	1	1	0	0	1	5	0	0	0	0	0	0	0	0	0	0	6	0	0	0	0	0	0	0	0	0	0	0	0	0	0	0
chr9	41700943	41701073	131	8	0	131	66	65	3	3	2	1	1	23	7	1	5	4	12	0	0	1	1	0	27	3	0	2	4	3	0	3	1	1	0	0	1	3	0	17
chr9	41701074	41701907	834	8	0	834	486	348	54	19	41	44	34	35	30	26	39	16	25	18	31	19	24	30	45	22	0	22	26	24	3	44	22	22	1	17	32	29	2	36
chr9	41701917	41702123	207	8	0	207	147	60	23	6	5	23	3	2	2	15	9	1	4	3	22	8	6	13	8	5	2	2	5	5	0	8	4	2	0	2	6	6	0	5
chr9	41702124	41704927	2804	8	0	2804	1593	1211	190	85	115	121	121	86	124	116	117	56	111	74	84	56	56	79	120	67	11	85	122	86	9	107	92	70	3	81	113	101	11	133
chr9	41704928	41704985	58	8	0	58	32	26	6	0	1	2	3	3	2	2	1	1	3	4	0	1	1	0	2	1	0	2	4	1	0	1	1	2	1	2	4	2	1	2
chr9	41704986	41705428	443	8	0	443	232	211	19	12	11	20	15	16	25	14	13	9	18	15	15	7	13	9	14	19	1	10	23	15	1	25	18	13	0	16	15	17	6	17
chr9	41705429	41705516	88	8	0	88	47	41	7	5	4	1	5	1	4	0	1	3	5	2	3	1	1	3	4	3	1	2	3	1	1	6	1	4	1	2	2	3	2	4
chr9	41705517	41706148	632	8	0	632	332	300	26	17	29	18	16	21	40	30	26	18	20	16	22	14	10	8	27	19	2	22	35	19	1	32	17	24	2	19	29	24	1	26
chr9	41706149	41706486	338	8	0	338	199	139	21	5	16	17	14	10	10	15	6	5	12	11	18	9	11	18	10	8	0	10	19	8	0	13	10	11	0	15	10	13	0	11
chr9	41706487	41706532	46	8	0	46	26	20	2	2	0	2	1	1	3	2	0	1	2	1	3	3	1	1	2	2	0	4	2	2	0	1	1	0	1	0	2	1	0	1
chr9	41706533	41706781	249	8	0	249	155	94	23	4	10	15	12	4	12	16	11	7	4	10	6	7	4	9	10	4	0	8	9	2	0	7	8	6	0	6	17	6	1	9
chr9	41706782	41706803	22	8	0	22	14	8	2	1	2	1	0	0	1	1	3	0	0	1	0	0	0	0	0	1	0	0	1	0	0	2	0	0	0	0	1	2	0	1
chr9	41706804	41707016	213	8	0	213	127	86	7	6	11	12	8	8	8	9	13	4	8	7	8	3	8	6	5	7	0	9	6	3	0	8	8	2	0	6	14	5	0	12
chr9	41707017	41707093	77	8	0	77	44	33	19	2	1	2	6	2	2	2	0	0	5	2	0	0	0	0	1	1	0	2	4	1	1	1	5	4	2	3	2	2	1	2
chr9	41707094	41707114	21	8	0	21	6	15	0	1	0	0	1	0	1	0	0	1	2	0	0	0	0	0	0	2	0	0	1	1	1	3	1	1	1	0	0	2	0	0
chr9	41707115	41707176	62	8	0	62	30	32	0	0	0	4	2	2	5	4	1	0	4	2	1	1	2	2	1	0	0	2	2	0	0	5	6	5	0	3	3	2	0	1
chr9	41707177	41707212	36	8	0	36	25	11	6	1	1	3	2	0	0	0	1	1	1	0	2	2	3	1	2	0	0	2	1	0	0	1	0	1	0	1	0	1	0	1
chr9	41707213	41707365	153	8	0	153	83	70	9	6	3	10	7	4	7	8	4	1	4	6	7	1	2	2	2	7	0	4	12	5	3	4	9	5	1	3	3	7	0	5
chr9	41707366	41707409	44	8	0	44	21	23	1	0	1	1	0	0	3	1	1	2	3	2	1	2	2	0	1	0	1	2	1	3	0	2	0	1	0	3	2	2	2	2
chr9	41707412	41707783	372	8	0	372	245	127	25	10	19	28	16	8	8	17	17	5	6	10	24	5	9	36	13	5	0	10	13	9	0	9	10	6	2	12	14	11	2	11
chr9	41707790	41707853	64	8	0	64	61	3	2	0	0	11	1	0	0	2	0	0	0	1	12	2	0	28	2	0	0	0	0	0	0	0	0	0	0	0	1	0	0	0
chr9	41707854	41707886	33	7	0	33	33	0	0	0	0	7	0	0	0	0	0	0	0	0	7	0	0	17	0	0	0	0	0	0	0	0	0	0	0	0	0	0	0	0
chr9	41707895	41707960	66	7	0	66	64	2	1	1	0	10	0	0	0	2	0	0	0	0	12	1	0	35	2	0	0	0	0	0	0	0	0	0	0	0	0	0	0	0
chr9	41707961	41707974	14	8	0	14	14	0	2	0	0	1	0	0	0	0	0	0	0	0	2	0	0	7	0	0	0	0	0	0	0	0	0	0	0	0	0	0	0	0
chr9	41707975	41708025	51	7	0	51	34	17	3	3	4	3	4	1	0	2	4	1	1	0	2	0	0	5	2	1	0	1	1	0	0	1	2	0	1	1	2	1	1	2
chr9	41708026	41708168	143	8	0	143	92	51	11	7	5	10	8	4	4	3	9	1	4	4	5	4	5	7	6	4	0	6	6	2	0	4	2	1	0	1	5	6	0	7
chr9	41708169	41708235	67	8	0	67	40	27	6	1	3	3	3	3	3	4	3	2	1	1	0	3	3	0	3	1	1	4	1	0	0	1	4	0	1	3	4	1	0	2
chr9	41708236	41708537	302	8	0	302	185	117	24	9	11	15	15	8	11	15	4	8	10	11	16	8	7	13	9	7	2	14	13	4	0	6	11	7	0	9	16	5	2	10
chr9	41708538	41708575	38	8	0	38	18	20	1	1	1	2	4	2	1	1	0	0	3	1	0	0	0	0	0	1	1	1	2	0	0	2	5	2	0	1	1	1	0	2
chr9	41708576	41708805	230	8	0	230	112	118	12	7	4	7	7	11	15	9	7	4	7	2	4	6	3	5	10	13	1	4	14	5	3	14	11	12	4	7	7	6	2	5
chr9	41708806	41708820	15	8	0	15	8	7	0	0	1	0	1	2	0	0	1	1	0	0	0	0	0	0	1	0	1	1	0	0	0	0	2	0	0	0	1	0	1	0
chr9	41708821	41709081	261	8	0	261	140	121	14	7	16	9	11	11	11	6	15	4	10	4	6	2	5	9	8	9	0	7	12	3	4	13	13	8	0	9	6	13	2	12
chr9	41709090	41709261	172	8	0	172	86	86	8	6	4	6	8	7	13	4	5	3	7	2	3	4	3	2	10	6	0	4	8	6	0	12	9	6	0	7	6	7	0	4
chr9	41709262	41709300	39	7	0	39	18	21	0	1	4	0	1	3	1	2	4	0	2	0	0	0	0	0	1	1	1	1	3	0	1	1	1	1	0	2	1	2	0	3
chr9	41709301	41709468	168	8	0	168	75	93	3	1	6	4	4	7	13	6	6	4	10	5	1	2	2	1	2	5	1	6	7	7	0	10	9	10	3	6	12	3	2	8
chr9	41709469	41709486	18	8	0	18	9	9	0	0	1	0	0	2	0	0	1	0	1	1	0	0	2	0	1	0	0	0	0	1	0	1	1	1	0	0	0	0	0	3
chr9	41709487	41709509	23	8	0	23	6	17	0	0	0	0	0	1	3	0	0	1	1	0	0	0	0	0	0	1	0	1	2	2	0	2	1	2	1	1	1	1	0	0
chr9	41709510	41710127	618	8	0	618	363	255	42	14	33	33	28	20	18	24	26	8	16	17	25	14	18	25	21	13	3	19	26	22	1	23	21	17	0	22	22	20	4	21
chr9	41710128	41710164	37	8	0	37	25	12	4	1	2	1	1	0	1	3	1	1	0	1	2	1	1	4	1	1	0	1	1	0	0	2	1	0	0	1	2	1	0	0
chr9	41710165	41710246	82	8	0	82	41	41	0	1	2	2	1	4	8	1	3	1	4	6	2	1	0	3	1	4	0	2	4	1	0	7	2	2	0	4	7	5	0	2
chr9	41710247	41710298	52	8	0	52	21	31	0	2	0	1	1	3	4	2	2	1	3	1	0	0	0	0	5	1	0	0	3	6	0	4	2	1	0	1	0	5	0	2
chr9	41710299	41710457	159	8	0	159	110	49	16	2	3	13	8	3	1	13	3	1	3	9	6	8	3	17	11	2	0	1	1	3	1	7	4	2	0	0	9	5	0	2
chr9	41710458	41710549	92	8	0	92	63	29	4	5	2	6	4	4	0	5	5	1	2	4	5	2	6	7	5	1	2	3	0	1	0	2	1	0	0	1	7	1	0	4
chr9	41710550	41710597	48	7	0	48	33	15	7	3	1	4	1	1	2	2	3	1	0	1	3	1	1	1	4	1	0	1	2	0	0	1	0	0	0	0	0	3	0	2
chr9	41710598	41710859	262	8	0	262	159	103	30	3	22	11	9	6	8	10	18	8	5	7	8	4	4	4	7	5	0	9	11	9	0	10	5	5	0	4	11	11	0	16
chr9	41710860	41710898	39	7	0	39	30	9	2	0	0	6	1	0	1	5	2	0	0	3	3	1	1	4	1	0	0	0	0	0	0	0	0	0	0	2	5	0	0	0
chr9	41710900	41710943	44	8	0	44	30	14	1	0	1	9	6	1	0	0	1	1	4	0	3	0	0	3	1	0	0	0	0	0	0	1	1	0	0	3	4	1	0	1
chr9	41710944	41711073	130	8	0	130	81	49	9	2	7	5	2	3	4	5	5	1	5	3	7	5	5	11	6	1	2	2	3	3	0	6	3	4	0	5	2	4	0	8
chr9	41711081	41711662	582	8	0	582	335	247	43	18	14	31	28	22	30	25	16	5	22	15	19	12	11	22	25	18	1	13	28	14	0	21	26	18	1	23	26	13	0	20
chr9	41711663	41711700	38	8	0	38	17	21	0	1	0	0	0	4	3	2	1	1	0	1	0	0	1	3	2	2	0	2	3	1	0	2	4	2	0	0	0	1	0	0
chr9	41711701	41712452	752	8	0	752	469	283	50	21	34	36	30	22	27	41	28	12	20	25	33	23	22	44	35	13	1	29	27	13	2	14	32	10	1	19	26	19	0	41
chr9	41712453	41712483	31	8	0	31	20	11	3	0	0	3	2	2	1	1	2	1	1	2	0	0	0	0	2	0	0	1	2	0	0	0	0	0	0	0	2	2	0	2
chr9	41712484	41712913	430	8	0	430	297	133	31	9	18	36	19	4	10	20	15	9	8	14	29	16	16	42	14	6	0	18	14	6	0	8	7	3	0	10	17	13	0	16
chr9	41712914	41712940	27	8	0	27	23	4	7	1	0	5	2	0	1	0	2	0	0	0	2	0	0	2	1	0	0	0	0	0	0	0	0	0	0	0	1	0	0	1
chr9	41712941	41713847	907	8	0	907	587	320	90	27	29	64	35	28	35	26	31	12	32	26	54	28	19	50	35	23	4	33	24	16	2	30	21	12	0	19	44	21	2	33
chr9	41713848	41713877	30	8	0	30	10	20	0	0	2	0	1	3	2	0	0	0	0	0	1	0	1	0	1	2	0	0	3	2	0	2	1	4	0	3	0	0	0	0
chr9	41713878	41714170	293	8	0	293	167	126	16	7	16	11	8	7	13	13	16	3	11	10	11	8	5	10	14	8	0	3	9	13	0	17	10	6	0	6	8	12	0	20
chr9	41714171	41714201	31	8	0	31	17	14	1	1	1	3	1	0	1	1	1	0	0	1	3	0	2	1	1	0	0	0	0	0	1	3	2	3	0	0	0	1	0	1
chr9	41714202	41715162	961	8	0	961	584	377	65	30	25	53	37	32	40	40	29	21	36	27	42	20	31	55	40	18	3	42	36	16	2	34	24	23	0	25	49	31	3	30
chr9	41715163	41715201	39	8	0	39	28	11	3	0	1	3	2	1	2	0	0	3	1	2	3	0	0	5	2	1	0	1	0	0	0	1	0	0	0	0	4	0	0	2
chr9	41715202	41715247	46	8	0	46	31	15	2	1	1	5	0	0	2	3	4	0	3	2	3	1	0	4	0	0	0	2	1	0	0	1	1	0	0	1	3	2	0	2
chr9	41715260	41715313	54	8	0	54	35	19	3	2	3	4	2	3	2	1	2	0	3	3	5	1	0	0	5	0	0	2	0	0	0	2	1	0	0	1	2	2	0	3
chr9	41715321	41715934	614	8	0	614	376	238	47	15	24	38	25	18	19	28	26	11	24	18	27	14	15	26	24	16	3	14	19	12	0	28	18	9	0	15	29	22	3	25
chr9	41715935	41716040	106	8	0	106	50	56	0	2	4	2	4	7	6	2	3	0	7	3	2	1	4	1	2	4	0	5	7	4	0	5	5	3	0	8	5	5	0	3
chr9	41716041	41716084	44	8	0	44	23	21	1	2	0	3	3	2	4	1	3	1	2	0	0	0	0	0	3	0	0	2	2	1	0	1	3	2	0	1	2	1	0	2
chr9	41716085	41716099	15	8	0	15	15	0	13	0	0	0	0	0	0	0	0	0	0	0	0	0	0	0	0	0	0	0	0	0	0	0	0	0	0	0	0	0	0	0
chr9	41716105	41716147	43	8	0	43	24	19	3	1	2	2	1	2	1	2	2	0	1	3	2	0	1	1	1	1	0	1	3	2	0	2	0	1	0	0	2	3	0	1
chr9	41716157	41716265	109	8	0	109	58	51	3	1	3	5	3	7	4	3	2	1	3	3	4	3	4	9	7	3	0	1	5	7	0	7	2	7	0	1	3	1	0	5
chr9	41716266	41716314	49	7	0	49	35	14	7	0	4	6	3	1	1	1	3	3	1	1	4	0	0	0	1	0	1	2	0	0	0	0	0	0	0	0	3	0	1	4
chr9	41716315	41716423	109	8	0	109	68	41	5	8	2	6	4	2	6	4	3	3	2	4	9	5	0	4	7	5	2	4	5	4	0	2	0	0	0	0	4	2	0	5
chr9	41716424	41716613	190	8	0	190	132	58	24	10	2	13	9	11	5	10	5	2	1	3	10	11	3	12	20	7	0	6	7	2	0	2	1	0	0	1	7	2	0	2
chr9	41716614	41716668	55	8	0	55	44	11	7	0	2	4	2	0	1	1	0	3	2	0	4	1	1	14	2	0	0	2	0	0	0	0	1	0	0	1	2	0	0	3
chr9	41716669	41716735	67	8	0	67	25	42	0	2	1	2	3	4	4	0	1	1	4	2	0	0	0	0	0	4	0	3	3	5	3	3	6	2	2	2	2	2	3	1
chr9	41716736	41716758	23	8	0	23	9	14	0	0	0	0	0	0	3	0	0	1	3	0	0	1	0	0	1	0	0	1	1	2	0	2	0	1	0	1	1	2	0	1
chr9	41716759	41716809	51	8	0	51	28	23	2	1	0	4	2	3	2	2	1	0	1	1	2	3	1	1	4	1	0	2	3	1	1	2	2	3	1	0	0	2	0	1
chr9	41716810	41716928	119	8	0	119	54	65	3	4	4	1	4	6	8	1	3	2	5	5	2	3	2	1	3	7	0	4	8	5	1	7	4	4	2	3	4	5	1	5
chr9	41716929	41716947	19	8	0	19	19	0	17	0	0	0	0	0	0	0	0	0	0	0	0	0	0	0	0	0	0	0	0	0	0	0	0	0	0	0	0	0	0	0
chr9	41716948	41717094	147	8	0	147	71	76	1	3	2	6	6	10	8	1	2	2	9	6	4	3	4	3	5	7	1	5	9	4	0	10	5	7	1	3	6	5	2	5
chr9	41717106	41717134	29	8	0	29	16	13	0	1	0	2	0	1	3	0	1	2	1	0	3	0	1	0	2	1	0	1	1	1	0	1	0	1	0	0	1	0	0	3
chr9	41717135	41717570	436	8	0	436	226	210	19	11	10	16	15	26	23	13	10	6	21	14	13	7	15	5	15	13	4	18	27	5	2	21	17	23	1	13	19	14	1	17
chr9	41717571	41717591	21	7	0	21	16	5	2	0	2	2	1	0	0	0	0	0	1	0	3	3	0	2	0	0	0	2	0	0	0	0	0	0	0	0	1	0	0	0
chr9	41717592	41717701	110	8	0	110	69	41	13	1	5	5	2	2	6	6	1	2	2	3	8	4	1	7	2	2	0	4	5	0	0	5	8	6	0	0	1	2	0	5
chr9	41717702	41717717	16	7	0	16	7	9	0	1	0	0	0	0	1	0	1	0	3	0	0	0	0	0	0	0	0	1	0	0	0	1	0	0	0	2	2	2	0	0
chr9	41717718	41718032	315	8	0	315	181	134	19	10	7	12	13	6	15	15	4	4	14	14	12	10	5	19	13	6	2	9	19	7	1	11	10	12	2	6	7	13	1	15
chr9	41718033	41718131	99	8	0	99	55	44	2	1	6	1	0	6	4	1	5	2	3	7	3	1	5	6	3	3	0	4	2	4	1	6	2	1	0	1	4	5	1	7
chr9	41718132	41718290	159	8	0	159	111	48	21	4	8	14	5	1	3	10	12	2	6	4	9	2	1	8	3	3	0	2	4	0	0	6	2	0	0	2	10	7	0	8
chr9	41718291	41718317	27	7	0	27	11	16	1	0	2	0	1	2	1	2	1	0	1	0	0	0	0	0	0	1	0	0	3	0	0	0	2	2	0	4	1	0	1	0
chr9	41718318	41719507	1190	8	0	1190	751	439	81	33	41	67	48	42	37	55	43	16	39	36	49	35	40	88	61	25	2	38	39	13	2	37	32	22	2	31	50	31	2	51
chr9	41719517	41719580	64	8	0	64	44	20	8	0	0	7	1	2	3	1	0	2	5	1	6	0	0	6	1	1	0	3	3	1	0	1	0	1	0	1	3	2	0	3
chr9	41719581	41719613	33	8	0	33	14	19	0	1	0	1	2	0	0	3	0	0	3	2	0	0	0	0	1	1	0	0	2	1	2	1	1	4	0	1	1	0	2	2
chr9	41719614	41721694	2081	8	0	2081	1203	878	164	58	60	109	86	74	96	63	56	38	80	59	85	43	45	87	80	60	8	65	92	49	15	78	59	70	9	59	88	55	10	79
chr9	41721695	41721711	17	8	0	17	17	0	15	0	0	0	0	0	0	0	0	0	0	0	0	0	0	0	0	0	0	0	0	0	0	0	0	0	0	0	0	0	0	0
chr9	41721714	41721873	160	8	0	160	106	54	18	3	12	8	4	2	4	8	11	2	4	7	8	4	3	7	6	2	0	3	3	2	0	7	2	1	0	3	7	7	0	10
chr9	41721878	41721912	35	8	0	35	35	0	9	0	0	8	0	0	0	0	0	0	0	0	8	0	0	8	0	0	0	0	0	0	0	0	0	0	0	0	0	0	0	0
chr9	41721921	41722338	418	8	0	418	193	225	15	7	7	14	15	20	23	11	10	8	26	11	4	6	10	4	5	18	4	14	23	22	9	17	20	20	3	15	21	11	2	21
chr9	41722340	41722356	17	8	0	17	17	0	15	0	0	0	0	0	0	0	0	0	0	0	0	0	0	0	0	0	0	0	0	0	0	0	0	0	0	0	0	0	0	0
chr9	41722358	41723444	1087	8	0	1087	646	441	76	34	43	46	43	43	42	33	41	28	39	27	39	22	29	60	48	31	5	43	42	29	3	35	31	11	1	27	41	38	7	48
chr9	41723445	41723485	41	8	0	41	16	25	0	1	0	0	1	3	3	2	0	1	3	2	0	0	0	0	1	1	0	2	2	1	0	3	3	3	0	1	3	1	2	0
chr9	41723486	41724720	1235	8	0	1235	762	473	113	38	56	51	46	45	45	39	41	11	43	28	58	39	27	80	58	30	4	41	43	24	4	39	39	24	2	41	35	32	6	51
chr9	41724725	41726104	1380	8	0	1380	792	588	107	38	48	82	57	45	55	42	55	24	52	35	56	26	19	49	48	41	5	39	61	43	12	57	33	41	12	30	57	48	13	48
chr9	41726105	41726125	21	7	0	21	8	13	0	0	0	0	0	3	1	0	0	1	2	0	0	0	0	0	2	0	0	2	1	2	0	1	1	0	0	1	0	2	0	0
chr9	41726126	41727997	1872	8	0	1872	982	890	94	43	66	70	62	80	96	66	64	56	75	57	53	30	36	33	85	65	9	50	90	77	9	88	54	49	17	44	75	74	11	92
chr9	41727998	41728026	29	8	0	29	27	2	16	0	0	5	1	0	0	0	1	0	0	0	1	0	0	1	0	0	0	0	1	0	0	0	0	0	0	0	0	1	0	0
chr9	41728028	41728655	628	8	0	628	342	286	47	13	16	26	25	27	32	17	11	16	31	17	19	14	15	14	23	19	4	24	34	19	2	24	17	23	5	17	27	18	1	29
chr9	41728657	41728713	57	8	0	57	42	15	8	2	5	4	2	0	1	3	6	1	0	2	3	1	2	1	2	0	0	2	1	0	0	0	0	0	0	0	2	1	0	6
chr9	41728714	41728761	48	8	0	48	31	17	10	0	2	2	1	2	1	1	1	2	2	0	1	1	1	3	4	0	0	1	1	0	0	2	0	1	2	1	0	2	0	2
chr9	41728762	41728790	29	8	0	29	21	8	3	2	1	3	2	0	0	0	2	0	1	1	2	0	0	4	0	0	1	1	0	0	0	0	0	0	0	0	2	1	0	1
chr9	41728791	41730270	1480	8	0	1480	897	583	150	56	59	82	62	44	61	47	71	25	32	33	63	30	36	44	59	36	11	49	54	43	6	50	52	28	5	29	49	46	6	60
chr9	41730272	41730791	520	8	0	520	245	275	19	12	13	18	19	19	26	18	11	9	29	14	13	8	11	6	15	16	3	14	24	12	13	24	23	30	14	23	20	16	8	18
chr9	41730792	41730838	47	8	0	47	22	25	2	0	1	2	0	4	2	1	1	0	2	0	2	1	1	1	1	1	1	2	4	0	1	2	2	5	1	2	1	1	1	0
chr9	41730839	41731367	529	8	0	529	252	277	29	13	18	14	16	22	26	10	15	8	26	9	14	12	9	11	13	18	5	19	24	16	12	24	27	20	19	20	10	22	10	16
chr9	41731368	41731379	12	7	0	12	12	0	10	0	0	0	0	0	0	0	0	0	0	0	0	0	0	0	0	0	0	0	0	0	0	0	0	0	0	0	0	0	0	0
chr9	41731386	41731397	12	8	0	12	12	0	10	0	0	0	0	0	0	0	0	0	0	0	0	0	0	0	0	0	0	0	0	0	0	0	0	0	0	0	0	0	0	0
chr9	41731398	41732512	1115	8	0	1115	599	516	84	28	50	37	39	42	53	33	41	20	44	26	35	21	21	24	34	40	6	31	54	34	9	58	34	45	6	33	44	36	5	46
chr9	41732513	41732544	32	8	0	32	14	18	0	1	0	1	1	3	2	1	1	0	2	2	0	0	0	0	0	1	1	2	2	0	1	0	3	1	0	0	1	1	2	1
chr9	41732545	41732567	23	8	0	23	12	11	0	0	0	2	0	2	1	0	2	0	2	1	0	0	1	1	0	1	0	1	1	1	0	1	0	0	0	0	2	0	0	2
chr9	41732568	41732645	78	7	0	78	59	19	22	0	17	0	1	0	0	0	16	0	1	1	0	0	0	0	0	0	0	0	0	0	0	0	0	0	0	0	1	0	0	17
chr9	41732646	41732669	24	8	0	24	13	11	1	0	5	0	0	0	0	0	6	0	0	0	0	0	0	0	0	0	0	0	0	0	0	5	0	0	0	0	0	5	0	0
chr9	41732670	41733945	1276	7	0	1276	727	549	106	38	60	46	51	37	58	39	59	22	49	24	34	31	36	37	51	30	5	42	50	37	2	56	36	35	3	47	48	43	4	58
chr9	41733946	41733973	28	8	0	28	12	16	0	1	0	0	0	0	2	1	1	1	2	3	0	0	0	0	0	1	0	1	1	0	0	3	0	1	1	0	2	2	2	1
chr9	41733974	41734081	108	7	0	108	60	48	7	1	1	5	2	4	6	5	0	6	5	1	5	3	5	3	5	5	0	4	9	3	0	1	1	2	0	5	2	3	0	7
chr9	41734082	41734134	53	8	0	53	25	28	0	2	1	2	3	3	3	0	2	0	5	2	0	0	0	0	2	3	0	2	2	1	1	4	2	1	0	1	3	3	1	2
chr9	41734135	41734200	66	7	0	66	38	28	6	5	2	1	6	3	4	0	2	1	4	0	1	0	0	1	5	1	0	4	3	1	0	1	3	2	0	1	2	1	0	4
chr9	41734201	41734882	682	7	0	682	368	314	57	13	19	22	30	26	36	21	8	12	28	22	16	20	21	15	21	24	3	23	38	18	0	35	27	26	2	27	27	23	1	19
chr9	41734883	41734935	53	8	0	53	31	22	3	2	1	1	1	3	3	2	1	2	1	1	2	3	1	2	4	3	0	3	2	1	0	2	2	0	0	0	2	1	0	2
chr9	41734936	41735317	382	7	0	382	232	150	35	13	17	14	16	11	13	11	14	9	13	7	14	6	18	20	15	10	0	14	14	9	0	13	9	10	0	13	13	7	0	22
chr9	41735318	41735335	18	8	0	18	10	8	2	0	4	0	0	0	0	0	3	0	0	0	0	0	0	0	0	0	0	0	0	1	0	3	0	0	0	0	0	3	0	0
chr9	41735336	41735502	167	7	0	167	89	78	18	4	4	5	7	10	12	2	4	2	5	3	3	3	4	2	7	7	0	5	9	5	0	7	8	7	0	8	7	2	0	5
chr9	41735503	41735539	37	8	0	37	15	22	1	0	1	1	1	2	1	0	1	1	3	3	0	0	0	0	0	1	1	1	2	0	1	2	0	3	0	1	2	1	4	1
chr9	41735540	41735734	195	7	0	195	104	91	10	4	7	5	7	7	12	9	3	4	7	4	6	8	8	2	10	3	3	7	10	2	0	6	9	8	0	13	6	4	1	8
chr9	41735735	41735785	51	8	0	51	26	25	1	1	1	2	3	3	3	0	1	2	2	1	1	0	3	0	3	1	2	0	1	3	0	1	3	1	0	4	2	0	0	4
chr9	41735786	41735928	143	7	0	143	88	55	9	4	3	8	4	6	5	10	4	3	3	9	7	1	4	6	7	1	1	5	6	2	1	4	3	4	0	1	9	6	0	5
chr9	41735929	41736012	84	8	0	84	46	38	3	3	4	3	1	2	4	6	4	4	1	2	5	0	1	2	3	1	2	3	3	2	1	5	3	2	0	1	4	5	1	1
chr9	41736013	41736223	211	7	0	211	148	63	31	3	14	15	4	0	6	8	9	3	4	8	19	6	3	14	4	4	0	4	5	2	1	7	3	2	0	7	6	7	1	9
chr9	41736224	41736262	39	8	0	39	17	22	0	1	1	0	2	4	3	0	0	0	3	2	0	0	0	0	2	1	0	3	3	1	0	1	3	2	0	1	1	1	0	2
chr9	41736263	41736483	221	7	0	221	104	117	9	6	3	6	6	11	12	6	3	3	16	6	6	4	4	2	5	10	2	7	14	9	1	14	7	9	2	8	10	11	1	6
chr9	41736484	41736497	14	8	0	14	7	7	0	0	1	0	1	0	1	0	1	1	0	0	0	0	0	0	1	0	0	0	1	0	0	1	1	1	0	0	0	1	0	1
chr9	41736498	41736668	171	7	0	171	97	74	23	3	4	5	8	10	10	2	2	3	8	5	2	5	3	2	8	7	0	6	6	3	2	6	5	5	0	8	11	2	0	5
chr9	41736669	41737124	456	7	0	456	222	234	24	11	12	9	20	18	34	9	6	13	23	8	7	9	6	12	15	17	2	17	30	9	3	26	17	32	2	13	19	11	1	19
chr9	41737125	41737264	140	8	0	140	76	64	7	3	3	8	6	5	6	3	5	2	8	4	3	4	6	1	4	5	0	6	6	5	1	5	5	1	1	5	5	6	2	7
chr9	41737265	41737314	50	7	0	50	29	21	10	2	2	0	3	0	3	1	2	0	3	1	0	0	0	0	1	0	0	2	2	1	0	1	3	2	1	2	1	1	1	3
chr9	41737315	41737410	96	8	0	96	49	47	5	1	2	6	2	3	6	2	5	0	3	1	2	4	5	1	4	2	0	2	3	2	1	7	4	6	3	3	2	3	0	4
chr9	41737411	41737498	88	7	0	88	50	38	12	0	3	2	2	5	5	2	2	2	5	4	2	1	1	0	2	2	0	4	5	1	0	1	4	2	1	3	4	2	1	6
chr9	41737499	41737747	249	8	0	249	169	80	31	3	11	24	13	5	7	8	10	5	4	5	15	6	5	16	9	1	0	9	10	5	0	4	5	7	0	6	9	6	0	8
chr9	41737748	41737820	73	7	0	73	36	37	2	1	5	1	5	0	3	2	3	2	3	3	0	0	1	3	1	0	0	2	4	4	0	5	2	4	1	3	3	5	1	2
chr9	41737821	41737966	146	8	0	146	139	7	52	1	0	27	2	0	1	1	0	1	1	0	26	0	0	26	1	0	0	1	0	0	0	0	2	0	0	0	0	0	0	2
chr9	41737967	41738079	113	7	0	113	67	46	10	3	3	4	4	5	6	4	1	3	4	2	5	3	2	6	7	5	0	2	5	4	0	3	4	2	0	4	3	1	0	6
chr9	41738081	41738131	51	7	0	51	36	15	2	1	1	6	2	2	0	2	4	1	0	0	3	1	4	6	2	2	0	1	2	1	0	1	0	0	0	0	2	1	0	2
chr9	41738132	41738184	53	8	0	53	34	19	7	2	1	4	2	2	2	1	2	0	2	3	3	0	1	2	3	1	0	0	1	2	0	3	0	0	0	0	2	3	0	2
chr9	41738185	41738302	118	7	0	118	90	28	17	4	6	14	7	0	0	1	7	0	4	4	10	1	3	11	2	1	0	2	2	1	0	3	1	0	0	1	3	4	0	7
chr9	41738303	41738452	150	8	0	150	103	47	13	4	6	12	9	3	3	6	7	1	4	6	7	4	7	10	4	1	0	7	2	1	0	3	6	1	0	3	8	3	0	7
chr9	41738453	41738557	105	7	0	105	61	44	8	1	6	3	0	5	3	1	4	1	3	4	6	2	8	4	1	3	0	5	1	3	2	7	4	4	0	2	3	3	0	6
chr9	41738558	41738646	89	8	0	89	41	48	3	4	3	1	5	1	7	2	2	2	5	2	1	1	1	1	2	2	0	4	7	5	0	3	3	3	0	6	3	5	0	3
chr9	41738647	41738802	156	7	0	156	73	83	6	0	5	5	6	4	10	6	1	1	6	6	3	3	3	7	2	2	0	4	9	6	2	13	12	12	0	6	4	9	0	1
chr9	41738803	41738885	83	8	0	83	45	38	7	2	0	4	3	3	5	1	2	2	3	4	1	2	2	3	3	3	1	2	5	1	0	4	1	4	1	1	4	2	2	3
chr9	41738886	41739048	163	7	0	163	80	83	16	3	2	4	5	10	13	0	4	3	11	3	1	0	2	1	3	6	0	7	6	5	3	9	10	8	0	4	9	4	1	8
chr9	41739049	41739085	37	8	0	37	30	7	14	0	7	0	0	0	0	0	7	0	0	0	0	0	0	0	0	0	0	0	0	0	0	0	0	0	0	0	0	0	0	7
chr9	41739086	41739185	100	7	0	100	57	43	7	3	5	2	3	4	5	3	5	1	7	5	1	1	2	2	2	2	0	5	2	1	0	6	2	2	0	2	9	4	0	5
chr9	41739186	41739197	12	8	0	12	5	7	0	0	0	0	0	0	2	0	0	0	0	1	0	0	0	0	0	1	0	0	2	1	0	0	0	1	0	1	0	0	0	1
chr9	41739198	41739421	224	7	0	224	134	90	18	2	6	13	4	10	12	7	6	2	15	6	10	6	6	10	5	5	0	10	7	1	1	7	9	6	0	9	12	4	1	12
chr9	41739422	41739566	145	8	0	145	82	63	11	8	5	5	9	6	5	5	8	3	7	4	0	1	1	2	7	7	0	4	9	5	0	5	1	2	0	1	9	5	0	8
chr9	41739567	41739664	98	7	0	98	50	48	0	1	2	4	3	6	8	2	4	3	1	6	0	2	4	4	3	5	0	3	6	3	0	2	5	0	0	5	5	2	2	5
chr9	41739665	41739711	47	8	0	47	20	27	3	1	1	1	2	1	4	0	1	1	3	1	0	0	0	0	1	1	0	2	2	7	0	1	1	2	0	3	3	0	1	2
chr9	41739712	41740052	341	7	0	341	182	159	16	10	11	17	13	10	12	13	13	5	16	12	12	6	8	8	12	10	3	6	17	19	1	19	5	9	1	9	12	18	3	13
chr9	41740053	41740098	46	8	0	46	18	28	0	0	1	1	0	2	3	1	0	1	4	2	2	0	0	0	0	1	0	2	3	7	0	4	0	0	0	2	3	5	0	0
chr9	41740099	41740194	96	7	0	96	49	47	4	1	4	2	2	1	6	3	3	4	1	5	3	1	4	4	2	3	0	1	4	6	1	6	1	4	0	5	5	4	1	3
chr9	41740204	41740263	60	7	0	60	24	36	1	1	1	1	2	3	5	2	0	0	3	3	1	1	0	0	2	1	0	2	4	4	1	3	5	5	0	2	1	2	1	1
chr9	41740264	41740414	151	8	0	151	80	71	11	4	6	5	7	3	6	6	6	5	6	1	2	3	5	2	4	6	0	6	10	4	2	5	4	9	0	3	5	2	2	9
chr9	41740415	41740482	68	7	0	68	28	40	0	2	1	1	3	4	7	0	0	1	6	1	1	1	0	0	1	2	0	5	3	1	0	3	9	3	2	2	1	2	0	4
chr9	41740491	41741102	612	7	0	612	359	253	57	17	27	31	31	14	19	23	24	13	19	18	19	10	15	20	24	13	3	14	24	26	3	24	18	13	1	16	21	25	1	27
chr9	41741103	41741121	19	8	0	19	9	10	1	1	2	0	1	1	0	0	2	0	1	0	0	0	0	0	1	0	0	1	0	0	1	0	1	0	0	1	0	2	0	1
chr9	41741122	41741349	228	7	0	228	108	120	11	3	13	7	11	9	13	5	9	9	5	5	3	1	3	1	5	9	0	7	17	12	4	8	3	13	0	12	13	7	2	6
chr9	41741350	41741368	19	8	0	19	9	10	1	1	0	0	0	0	3	0	1	1	1	0	0	0	0	0	1	1	0	0	1	1	0	1	0	0	0	0	1	1	0	2
chr9	41741369	41742063	695	7	0	695	341	354	36	20	27	14	26	36	35	17	20	13	31	13	15	8	13	16	39	18	2	18	29	34	7	40	29	30	9	20	17	29	4	28
chr9	41742064	41742096	33	8	0	33	12	21	0	0	0	0	0	4	3	0	0	2	0	0	0	1	1	0	3	1	1	2	3	4	0	0	1	1	1	1	1	1	0	0
chr9	41742097	41742861	765	7	0	765	364	401	35	11	21	26	22	37	36	15	19	21	35	21	17	14	15	18	32	18	10	22	33	26	26	26	23	33	24	30	22	34	12	29
chr9	41742862	41743516	655	7	0	655	402	253	56	17	27	37	26	23	28	20	28	12	23	20	26	19	17	21	23	15	5	28	17	9	4	13	18	7	6	25	39	12	3	29
chr9	41743520	41743832	313	7	0	313	144	169	11	5	5	12	9	14	17	7	5	9	19	6	8	5	6	5	8	9	5	11	13	9	11	14	14	20	6	10	13	9	4	12
chr9	41743833	41743853	21	8	0	21	14	7	2	1	1	2	2	0	0	1	0	0	0	1	2	0	0	2	1	0	0	0	1	0	0	0	1	0	0	1	0	1	0	0
chr9	41743854	41743974	121	7	0	121	61	60	14	2	1	1	3	4	7	3	1	2	12	2	1	1	2	4	1	4	0	4	4	0	2	7	8	4	1	7	4	6	3	4
chr9	41743975	41744003	29	8	0	29	15	14	0	0	0	2	0	3	3	0	1	0	1	0	1	3	0	0	3	2	0	1	1	0	0	2	2	0	0	0	1	1	0	0
chr9	41744004	41744987	984	7	0	984	589	395	105	39	31	45	49	37	38	26	27	16	28	29	38	21	25	34	50	27	4	32	40	26	7	32	20	27	3	26	39	25	4	32
chr9	41744990	41745290	301	7	0	301	147	154	16	8	9	9	11	18	18	6	9	2	13	11	5	6	3	2	10	12	4	8	17	6	2	18	12	15	4	11	14	10	4	6
chr9	41745292	41745349	58	7	0	58	40	18	5	0	2	7	2	0	1	5	2	0	2	3	5	1	0	4	0	1	0	0	3	1	0	1	2	1	0	1	3	1	0	3
chr9	41745350	41745405	56	8	0	56	34	22	4	0	2	5	3	2	2	2	1	0	0	1	3	3	1	3	3	1	0	1	4	1	0	2	3	3	0	2	0	2	0	0
chr9	41745406	41745641	236	7	0	236	113	123	9	5	4	6	10	12	17	2	4	5	15	7	2	6	7	1	6	8	2	12	13	5	3	10	12	10	1	9	10	7	2	12
chr9	41745642	41745653	12	8	0	12	4	8	0	0	0	0	0	0	0	0	0	0	3	0	0	0	0	0	0	0	0	0	0	1	1	1	0	0	0	0	0	2	1	1
chr9	41745654	41746063	410	7	0	410	219	191	36	13	8	18	21	17	19	13	9	6	21	6	9	6	8	7	12	16	2	12	23	10	2	24	17	21	2	8	18	12	0	12
chr9	41746064	41746694	631	7	0	631	356	275	52	17	26	30	33	26	19	19	18	10	19	17	22	12	14	22	24	19	8	14	32	25	1	23	20	23	4	17	21	15	3	24
chr9	41746695	41746739	45	8	0	45	18	27	0	0	0	2	0	3	3	1	1	0	3	0	1	2	1	0	1	3	0	1	3	1	1	5	2	4	0	1	1	2	1	0
chr9	41746740	41747161	422	7	0	422	238	184	17	10	10	24	24	11	19	19	14	9	16	9	6	23	13	14	23	12	2	16	14	11	2	18	16	12	0	9	20	10	2	15
chr9	41747162	41747262	101	6	0	101	76	25	19	10	2	8	12	4	2	1	5	0	0	2	2	1	0	7	13	1	0	1	1	0	0	1	0	0	0	0	4	1	0	2
chr9	41747271	41747483	213	6	0	213	112	101	22	6	5	8	11	6	9	7	3	0	15	4	4	5	4	1	4	6	1	6	13	8	0	11	12	11	0	7	4	7	1	10
chr9	41747484	41747783	300	6	0	300	144	156	14	6	7	9	13	14	21	1	5	4	18	12	4	6	6	4	6	12	2	9	18	7	2	18	11	16	2	13	14	10	2	12
chr9	41747821	41747883	63	6	0	63	27	36	0	1	0	2	1	2	6	0	2	0	7	4	0	0	0	0	0	2	0	1	1	0	1	8	4	4	0	2	5	4	1	3
chr9	41747932	41748303	372	6	0	372	218	154	26	14	11	14	16	8	15	16	11	4	16	15	12	12	9	17	17	8	2	11	17	8	2	11	10	14	1	7	11	8	5	22
chr9	41748341	41748445	105	6	0	105	51	54	9	2	2	2	5	5	9	0	2	2	8	2	0	0	2	0	1	4	0	4	3	1	0	7	10	3	1	5	5	3	1	5
chr9	41748446	41748714	269	7	0	269	150	119	22	8	10	14	15	10	14	3	7	6	8	5	10	5	9	4	12	13	0	4	15	4	1	14	7	10	0	11	8	7	1	10
chr9	41748749	41749612	864	7	0	864	508	356	52	28	19	44	37	37	26	47	20	16	22	23	35	32	29	40	43	35	3	32	51	24	5	23	21	18	0	19	32	25	2	22
chr9	41749631	41749779	149	7	0	149	72	77	6	2	1	6	4	7	12	6	2	0	9	3	3	4	6	1	2	5	0	6	8	4	0	7	11	6	0	12	8	3	0	3
chr9	41749821	41750024	204	7	0	204	111	93	11	3	15	4	4	11	8	6	11	3	6	6	6	4	2	10	6	6	2	7	8	7	3	7	4	9	0	7	11	4	1	10
chr9	41750096	41750281	186	7	0	186	92	94	22	4	3	4	7	9	15	2	3	4	10	1	1	1	3	1	7	4	0	7	10	6	3	7	10	10	1	11	6	6	0	6
chr9	41750282	41750749	468	7	0	468	295	173	32	18	18	25	18	15	20	14	19	8	15	14	24	9	13	31	21	8	1	21	16	10	0	12	14	3	0	11	16	17	1	22
chr9	41750785	41750921	137	7	0	137	69	68	5	4	7	4	9	5	4	7	2	8	5	2	3	1	1	1	5	10	0	3	11	8	0	7	3	0	0	3	6	8	0	3
chr9	41751021	41751161	141	7	0	141	89	52	7	4	6	8	6	8	3	5	6	2	2	2	6	5	7	11	5	3	0	11	3	2	0	5	6	2	1	1	7	3	1	1
chr9	41751171	41751545	375	7	0	375	189	186	16	11	5	11	14	25	21	11	6	6	19	7	7	9	9	11	21	15	2	13	20	14	1	17	15	11	3	15	16	12	2	8
chr9	41751623	41751848	226	7	0	226	132	94	14	6	5	10	12	11	11	7	5	3	9	6	3	7	2	19	12	8	1	6	12	3	1	8	8	4	0	8	9	9	0	5
chr9	41751916	41752218	303	7	0	303	210	93	32	7	21	15	8	5	6	9	11	1	5	11	23	10	10	35	5	5	2	11	6	3	1	9	10	4	1	7	7	6	0	15
chr9	41752282	41752505	224	7	0	224	149	75	32	6	17	10	7	7	3	11	15	2	3	7	10	5	8	4	11	4	0	5	4	2	1	5	7	2	1	6	6	4	2	15
chr9	41752571	41752913	343	7	0	343	199	144	34	8	18	14	13	11	12	9	20	5	14	12	8	8	5	7	9	7	2	14	17	11	1	10	4	8	4	5	15	13	3	20
chr9	41752980	41753351	372	7	0	372	228	144	30	15	13	26	17	7	13	21	16	5	9	11	20	7	1	16	18	5	2	9	13	11	3	14	8	14	1	5	19	11	2	8
chr9	41753375	41753860	486	7	0	486	258	228	33	7	14	18	12	21	24	19	16	9	24	10	12	13	10	15	17	15	2	16	19	20	3	27	21	15	2	11	19	19	3	18
chr9	41753873	41754349	477	7	0	477	233	244	16	13	23	10	21	17	31	13	18	14	21	6	7	6	8	9	21	9	4	16	21	19	6	23	20	21	0	23	20	19	0	20
chr9	41754369	41754598	230	7	0	230	97	133	6	3	5	2	2	16	17	2	7	7	18	7	1	1	1	1	5	11	4	7	15	11	4	9	9	6	3	8	8	12	3	17
chr9	41754615	41754699	85	7	0	85	38	47	2	1	4	2	3	4	4	3	4	6	3	0	0	0	0	0	3	4	2	2	9	4	0	4	0	3	2	1	3	6	0	4
chr9	41754714	41755191	478	8	0	478	190	288	3	7	15	7	12	19	34	10	14	13	34	10	3	1	5	3	14	13	4	9	26	31	7	36	25	23	10	18	10	32	3	25
chr9	41755192	41755300	109	8	0	109	45	64	1	2	4	0	2	6	8	1	4	1	10	1	0	1	3	0	2	4	0	4	3	5	2	7	8	3	0	9	5	6	0	5
chr9	41755301	41755734	434	8	0	434	182	252	10	6	17	6	13	16	30	11	12	14	24	4	4	4	5	5	13	15	1	11	23	43	2	30	17	21	1	19	17	20	2	16
chr9	41755736	41755975	240	8	0	240	124	116	12	8	5	9	6	4	12	13	7	4	12	10	9	3	1	7	5	5	2	7	15	16	1	10	6	8	1	7	10	13	4	6
chr9	41755976	41755994	19	8	0	19	15	4	3	0	1	1	0	0	1	0	1	1	0	1	2	0	1	1	0	0	0	1	0	0	0	0	0	0	0	0	1	0	0	2
chr9	41755995	41756129	135	8	0	135	84	51	12	6	9	7	7	2	6	1	8	2	4	5	7	1	2	4	3	4	0	3	5	2	0	6	3	3	0	2	5	4	0	10
chr9	41756130	41756140	11	8	0	11	7	4	1	0	0	2	1	1	0	0	0	1	0	0	0	0	0	0	1	1	0	0	0	0	0	0	0	0	0	0	1	0	0	0
chr9	41756141	41756658	518	8	0	518	272	246	35	16	18	16	18	15	20	21	16	14	26	12	15	5	9	15	15	20	1	14	22	32	6	25	13	14	5	10	23	19	2	24
chr9	41756660	41756698	39	8	0	39	17	22	0	1	1	2	2	2	2	0	2	1	3	0	0	0	0	0	1	1	1	1	4	0	1	0	1	2	0	2	0	2	2	3
chr9	41756700	41756744	45	8	0	45	24	21	3	0	2	1	4	1	2	3	0	3	1	1	0	1	0	1	1	2	0	2	4	0	0	0	3	1	0	2	2	2	0	1
chr9	41756745	41756868	124	8	0	124	58	66	7	6	1	2	4	3	7	5	3	2	8	3	2	0	0	4	6	4	1	0	7	9	3	5	3	6	1	4	3	4	1	8
chr9	41756872	41756889	18	8	0	18	13	5	2	1	3	0	0	1	0	0	1	0	1	0	3	0	0	0	1	0	0	1	0	0	0	0	0	0	0	0	0	0	0	2
chr9	41756891	41757413	523	8	0	523	255	268	9	9	13	14	12	21	33	36	20	16	20	27	4	5	8	7	23	17	2	10	43	27	0	20	17	11	0	14	19	34	0	30
chr9	41757415	41757522	108	8	0	108	52	56	0	0	1	4	1	7	0	14	2	0	2	14	2	1	1	2	0	5	0	3	19	10	0	0	0	0	0	0	4	13	0	1
chr9	41757529	41757576	48	8	0	48	25	23	0	0	0	3	1	2	0	8	1	0	0	5	0	2	2	0	0	4	0	0	7	2	0	1	2	0	0	0	1	4	0	1
chr9	41757577	41757710	134	8	0	134	72	62	0	0	1	8	2	5	0	19	5	0	1	18	2	3	4	3	0	6	0	2	18	10	0	0	0	0	0	0	8	13	0	4
chr9	41757711	41757737	27	8	0	27	10	17	0	0	1	0	0	4	0	2	0	0	0	2	0	0	0	0	0	4	0	0	6	3	0	1	0	0	0	0	0	2	0	0
chr9	41757738	41757979	242	8	0	242	131	111	1	0	1	16	5	10	0	31	6	0	3	31	6	6	7	7	1	13	0	2	34	15	0	5	0	0	0	0	10	26	0	4
chr9	41757980	41758003	24	8	0	24	13	11	0	0	0	0	0	0	0	4	0	0	0	3	0	3	2	1	1	1	0	0	3	0	0	1	0	0	0	0	0	2	0	1
chr9	41758004	41758104	101	8	0	101	58	43	0	0	0	7	2	2	1	14	3	0	1	17	2	1	3	4	1	2	0	1	13	2	0	2	0	0	0	0	5	12	2	2
chr9	41758105	41758197	93	8	0	93	51	42	2	0	0	7	2	4	1	8	3	1	2	7	2	3	5	2	1	5	0	2	12	5	0	2	0	0	0	2	2	9	0	2
chr9	41758198	41758228	31	8	0	31	16	15	0	0	0	0	0	0	0	7	0	0	0	8	0	0	0	0	0	0	0	0	7	0	0	0	0	0	0	0	0	7	0	0
chr9	41758229	41758246	18	8	0	18	10	8	1	0	0	1	0	0	0	4	0	0	1	1	0	0	0	0	0	0	0	0	1	1	0	1	2	0	0	0	1	2	0	0
chr9	41758248	41758425	178	8	0	178	89	89	5	4	8	4	5	6	8	4	10	4	10	5	1	3	7	5	5	7	1	4	8	5	2	13	4	5	0	5	6	10	1	11
chr9	41758427	41758469	43	8	0	43	18	25	1	3	1	0	2	1	2	0	1	0	4	0	1	0	1	0	0	2	0	1	3	3	0	4	1	2	0	3	1	3	0	1
chr9	41758471	41759328	858	8	0	858	400	458	30	23	24	13	20	37	49	27	20	15	48	24	22	13	19	14	35	22	6	25	39	55	9	50	30	40	10	30	29	36	7	35
chr9	41759329	41759341	13	8	0	13	13	0	5	0	0	2	0	0	0	0	0	0	0	0	2	0	0	2	0	0	0	0	0	0	0	0	0	0	0	0	0	0	0	0
chr9	41759342	41759692	351	8	0	351	145	206	12	7	9	7	9	12	29	11	9	8	17	5	4	1	2	1	10	9	3	6	21	20	6	27	15	32	3	14	15	13	2	10
chr9	41759693	41759741	49	8	0	49	16	33	0	0	0	0	0	2	6	1	0	1	3	0	0	1	0	1	0	2	1	1	1	2	3	3	7	4	0	4	1	1	0	2
chr9	41759742	41760103	362	8	0	362	180	182	14	11	12	12	10	9	23	16	17	9	15	9	8	3	6	5	11	8	4	8	12	14	4	24	15	17	4	10	21	15	0	14
chr9	41760104	41760137	34	8	0	34	13	21	1	0	0	2	1	1	2	0	1	2	1	0	0	1	1	0	1	1	1	1	1	0	3	1	2	2	1	1	0	2	1	1
chr9	41760138	41760242	105	8	0	105	50	55	5	2	2	3	2	1	4	6	2	3	8	2	3	1	3	3	2	4	1	0	5	7	0	10	2	4	0	3	3	7	1	4
chr9	41760243	41760320	78	7	0	78	46	32	7	1	2	4	2	4	4	1	3	0	5	4	3	2	2	1	0	1	1	4	3	1	0	1	5	1	0	2	3	2	1	6
chr9	41760321	41760602	282	8	0	282	130	152	7	8	14	5	11	12	17	5	10	8	14	4	6	2	0	6	9	8	5	8	14	14	4	15	14	13	4	7	7	12	1	16
chr9	41760603	41760671	69	8	0	69	28	41	3	2	2	0	3	6	5	0	0	2	2	1	1	0	0	1	5	2	0	2	5	7	0	5	2	4	0	2	1	4	0	0
chr9	41760707	41760754	48	7	0	48	20	28	0	1	2	0	0	0	4	3	3	1	0	3	0	1	1	0	3	0	0	0	2	0	3	2	0	4	2	4	2	3	0	2
chr9	41760755	41761167	413	8	0	413	212	201	24	8	19	10	16	15	19	8	10	13	21	8	11	12	7	10	15	17	2	14	21	23	1	20	12	13	3	8	10	12	4	25
chr9	41761168	41761202	35	8	0	35	23	12	6	0	0	3	1	1	0	0	0	1	0	0	2	3	3	1	1	1	1	2	1	2	1	0	0	1	0	1	1	0	0	0
chr9	41761203	41761357	155	8	0	155	84	71	9	3	1	10	10	5	7	9	2	5	5	4	2	2	2	6	7	5	0	3	13	3	1	6	2	9	1	4	9	6	0	2
chr9	41761358	41761402	45	8	0	45	23	22	2	0	4	1	2	2	2	2	1	0	3	1	1	1	0	0	1	0	0	2	1	0	0	3	3	3	0	3	3	1	0	1
chr9	41761403	41761460	58	8	0	58	27	31	4	3	1	0	2	1	2	4	2	1	4	1	0	0	1	1	1	3	0	1	5	4	0	1	1	2	0	3	2	3	0	3
chr9	41761461	41761489	29	7	0	29	22	7	3	0	5	1	1	0	0	0	4	0	1	1	1	0	0	3	0	0	0	0	0	0	0	0	0	0	0	0	1	0	0	6
chr9	41761490	41761778	289	8	0	289	213	76	44	10	10	31	15	5	2	11	13	4	3	9	22	6	12	14	12	5	1	7	9	1	0	4	5	1	0	2	7	7	1	14
chr9	41761779	41761829	51	8	0	51	37	14	4	2	2	4	4	0	0	2	3	0	0	1	2	1	3	7	2	0	0	1	2	0	0	1	2	1	0	1	0	2	0	2
chr9	41761830	41762226	397	8	0	397	229	168	26	15	20	13	17	12	23	14	20	8	11	14	11	5	9	11	21	5	0	13	13	9	1	12	13	11	0	16	19	10	1	22
chr9	41762227	41762276	50	8	0	50	26	24	3	2	2	0	2	6	3	0	2	3	3	0	0	0	0	0	8	1	0	2	1	1	0	2	0	0	0	0	2	1	0	4
chr9	41762277	41762479	203	8	0	203	93	110	4	5	13	2	7	7	11	4	10	8	7	6	3	3	2	0	8	7	2	5	6	13	3	16	6	6	2	4	10	12	1	8
chr9	41762480	41762529	50	8	0	50	21	29	2	1	3	0	1	1	4	1	3	1	3	1	0	0	0	0	0	1	0	2	3	4	0	3	3	1	0	2	1	4	0	3
chr9	41762530	41762738	209	8	0	209	81	128	5	4	8	4	7	5	20	0	9	7	4	2	0	2	2	2	9	6	1	1	13	20	6	12	6	16	1	13	4	10	0	8
chr9	41762739	41762764	26	7	0	26	5	21	0	0	0	0	0	1	3	0	0	0	0	0	0	0	0	0	0	0	2	0	1	3	2	2	3	5	2	0	0	0	0	0
chr9	41762765	41762993	229	8	0	229	113	116	7	7	8	6	5	10	8	15	11	6	10	6	5	0	6	3	7	11	3	1	10	4	4	11	12	7	5	6	9	7	4	13
chr9	41762994	41763016	23	8	0	23	7	16	0	0	1	0	1	1	0	0	0	1	1	0	0	0	0	0	0	1	0	1	2	2	2	0	0	2	2	2	0	1	0	1
chr9	41763017	41763152	136	8	0	136	69	67	4	1	3	7	4	4	9	6	3	3	8	3	4	4	0	6	5	3	3	1	3	3	2	5	10	5	2	7	5	2	3	6
chr9	41763153	41763162	10	8	0	10	10	0	8	0	0	0	0	0	0	0	0	0	0	0	0	0	0	0	0	0	0	0	0	0	0	0	0	0	0	0	0	0	0	0
chr9	41763163	41763294	132	8	0	132	55	77	0	2	4	1	4	4	12	1	2	3	7	3	1	3	5	3	4	1	0	7	4	4	2	10	8	8	3	10	5	7	1	1
chr9	41763295	41763314	20	8	0	20	20	0	18	0	0	0	0	0	0	0	0	0	0	0	0	0	0	0	0	0	0	0	0	0	0	0	0	0	0	0	0	0	0	0
chr9	41763315	41763593	279	8	0	279	158	121	15	11	11	11	13	12	15	8	8	4	6	9	12	9	7	6	20	5	2	8	12	5	1	10	9	11	1	9	8	7	0	12
chr9	41763639	41763782	144	8	0	144	94	50	25	7	7	4	7	3	3	6	6	0	4	6	4	5	1	4	7	2	3	3	5	1	0	3	3	3	1	3	4	3	2	7
chr9	41763796	41763911	116	8	0	116	64	52	11	3	3	5	4	4	5	1	3	4	4	2	3	3	2	6	7	3	0	4	1	6	3	6	2	5	1	0	4	3	2	4
chr9	41763912	41763975	64	7	0	64	20	44	0	0	0	0	0	6	5	1	0	1	5	1	0	0	0	0	2	4	0	1	5	5	1	7	4	4	1	2	1	5	0	1
chr9	41763976	41764062	87	8	0	87	33	54	0	0	2	1	1	5	7	1	2	4	7	2	0	0	0	0	4	2	0	3	2	3	4	6	4	6	1	3	4	5	1	5
chr9	41764073	41764108	36	7	0	36	14	22	0	0	2	0	1	3	2	0	1	2	3	0	0	0	0	0	1	0	1	3	1	1	1	2	0	3	1	0	4	1	0	1
chr9	41764109	41764319	211	8	0	211	83	128	2	3	2	4	5	13	10	12	4	7	12	4	0	2	2	0	8	9	3	5	13	22	5	9	7	9	3	7	12	9	1	5
chr9	41764320	41764425	106	7	0	106	57	49	2	3	3	5	6	3	4	4	3	7	2	0	3	3	5	3	5	5	0	6	7	5	1	3	2	2	0	0	3	4	0	5
chr9	41764506	41764584	79	7	0	79	24	55	1	2	0	0	1	7	5	0	1	1	5	0	0	0	0	0	1	5	1	3	7	10	3	4	5	6	0	3	1	3	2	0
chr9	41764613	41764627	15	8	0	15	5	10	0	0	0	0	0	0	1	2	0	0	0	2	0	0	0	0	0	0	0	0	2	0	1	1	0	2	0	0	1	1	0	0
chr9	41764628	41764965	338	8	0	338	143	195	11	7	11	8	6	15	24	9	16	7	12	5	4	1	1	6	7	9	4	10	20	30	4	15	19	17	5	13	8	15	7	10
chr9	41764966	41765024	59	8	0	59	24	35	0	0	1	3	2	2	5	1	0	3	1	2	1	1	0	0	3	3	0	0	4	4	2	5	4	4	0	0	0	4	0	2
chr9	41765025	41765082	58	8	0	58	25	33	0	0	1	2	1	2	5	2	1	3	4	2	0	0	0	0	3	0	0	2	3	2	1	4	3	1	0	4	2	7	1	0
chr9	41765083	41765132	50	7	0	50	24	26	1	0	0	1	1	2	3	1	1	2	3	2	0	0	4	2	2	1	0	1	1	0	1	5	1	3	0	2	2	3	1	2
chr9	41765133	41765381	249	8	0	249	105	144	3	5	5	6	7	12	11	10	5	2	16	5	4	6	5	3	5	11	3	5	15	24	4	12	12	11	2	10	8	9	1	10
chr9	41765382	41765413	32	8	0	32	11	21	0	0	1	0	0	1	3	2	1	0	2	0	0	0	0	0	1	0	0	0	2	4	0	1	2	2	0	4	1	2	0	1
chr9	41765461	41765576	116	8	0	116	52	64	4	4	4	2	6	5	10	2	3	2	3	3	1	0	0	1	3	4	0	4	8	6	0	7	7	7	1	5	5	4	1	2
chr9	41765583	41765830	248	8	0	248	116	132	16	5	7	3	8	9	18	11	5	3	12	8	3	3	4	0	6	9	0	5	15	10	0	16	15	15	1	11	10	8	1	9
chr9	41765831	41765845	15	7	0	15	15	0	8	0	0	2	0	0	0	0	0	0	0	0	2	0	0	1	0	0	0	0	0	0	0	0	0	0	0	0	0	0	0	0
chr9	41765846	41765861	16	7	0	16	5	11	0	0	0	0	0	2	1	0	0	1	0	0	0	0	0	0	0	1	2	0	3	0	0	0	0	1	0	2	0	1	0	0
chr9	41765862	41765924	63	8	0	63	25	38	0	0	1	3	1	2	5	0	2	0	4	3	1	2	1	0	1	1	0	2	2	5	2	5	2	4	0	3	3	5	0	1
chr9	41765925	41765935	11	8	0	11	6	5	1	1	1	0	1	0	1	0	0	0	0	0	0	0	0	0	0	1	0	0	0	0	0	1	2	0	0	0	0	0	0	0
chr9	41765936	41766017	82	8	0	82	50	32	8	1	1	6	3	5	3	1	1	1	6	2	5	0	0	5	1	3	0	3	5	2	0	2	2	1	0	3	5	3	0	2
chr9	41766021	41766045	25	7	0	25	14	11	2	0	1	1	0	0	1	1	1	0	3	0	1	1	0	0	0	0	0	1	0	1	0	1	1	0	0	3	1	1	0	2
chr9	41766046	41766235	190	8	0	190	97	93	13	2	2	7	1	7	16	4	6	4	9	4	4	3	8	7	7	3	2	4	6	3	1	12	5	11	3	11	10	5	0	8
chr9	41766236	41766245	10	8	0	10	6	4	0	0	1	0	0	0	1	0	1	1	0	0	0	1	0	0	1	0	0	0	0	0	0	0	0	0	0	0	0	0	0	2
chr9	41766246	41766351	106	8	0	106	35	71	0	0	2	1	1	7	11	1	2	6	4	0	0	0	0	0	2	7	0	3	10	15	0	7	4	5	0	4	4	5	0	3
chr9	41766397	41766493	97	8	0	97	35	62	1	3	1	0	2	4	9	4	2	1	4	2	0	1	1	0	3	2	0	4	9	9	2	4	5	9	0	5	2	4	0	2
chr9	41766529	41766585	57	8	0	57	23	34	1	1	3	0	2	2	3	3	2	2	3	0	0	0	0	0	3	2	0	0	5	5	0	4	2	3	0	3	0	4	0	2
chr9	41766586	41766802	217	8	0	217	105	112	14	2	8	10	6	13	10	5	10	3	6	2	4	5	2	5	8	9	3	3	15	13	2	14	5	13	0	4	5	10	1	5
chr9	41766809	41766874	66	8	0	66	29	37	2	1	3	1	0	0	4	5	5	0	5	2	0	0	0	0	0	0	0	0	4	4	0	6	3	6	0	1	2	4	0	6
chr9	41766947	41767009	63	7	0	63	21	42	1	0	0	1	0	5	6	0	1	0	6	1	0	0	0	0	1	3	0	1	3	6	2	6	6	3	0	1	1	5	0	2
chr9	41767021	41767146	126	8	0	126	49	77	1	4	5	0	5	5	12	1	4	3	7	1	0	0	0	0	6	3	0	4	10	10	1	7	5	10	1	4	2	5	0	8
chr9	41767147	41767188	42	8	0	42	16	26	1	1	1	0	0	2	3	2	2	1	3	0	0	0	0	0	0	4	0	0	2	4	1	3	2	1	0	1	3	1	0	2
chr9	41767189	41767390	202	8	0	202	80	122	3	7	6	1	3	2	17	7	8	7	8	3	3	0	4	1	2	8	0	6	14	22	1	17	7	12	1	4	6	11	2	7
chr9	41767410	41767757	348	8	0	348	171	177	12	9	11	8	11	18	15	18	9	5	22	14	8	4	4	2	21	6	2	7	16	17	0	24	10	16	0	8	15	18	2	14
chr9	41767775	41767896	122	8	0	122	68	54	15	1	4	5	3	2	6	5	4	4	6	5	2	0	1	3	1	0	1	5	6	4	2	2	4	6	1	3	5	4	2	8
chr9	41767974	41767984	11	7	0	11	3	8	0	0	0	0	0	2	0	0	0	0	0	0	0	0	0	0	1	1	0	0	2	0	1	0	0	1	1	0	0	0	0	0
chr9	41767985	41768071	87	8	0	87	45	42	7	3	1	3	3	4	4	2	2	3	5	1	2	1	3	0	3	3	1	4	6	1	1	3	1	4	0	3	3	3	2	3
chr9	41768152	41768404	253	8	0	253	137	116	19	6	9	12	13	8	13	3	7	5	12	7	7	3	2	10	5	8	1	8	8	6	1	13	12	10	7	5	12	5	3	11
chr9	41768443	41768511	69	8	0	69	37	32	7	2	0	4	2	2	2	4	1	1	2	0	3	1	4	2	2	4	0	0	5	2	2	2	1	5	0	4	1	0	0	2
chr9	41768540	41768812	273	8	0	273	168	105	26	8	19	10	15	8	11	9	12	8	3	7	10	8	4	10	18	5	0	9	11	6	0	7	7	6	0	4	7	6	0	17
chr9	41768819	41769069	251	8	0	251	135	116	11	8	10	6	11	9	17	6	7	4	8	8	5	5	6	12	11	6	1	9	7	5	1	13	12	10	3	11	13	5	1	8
chr9	41769071	41769083	13	8	0	13	13	0	11	0	0	0	0	0	0	0	0	0	0	0	0	0	0	0	0	0	0	0	0	0	0	0	0	0	0	0	0	0	0	0
chr9	41769088	41769141	54	8	0	54	33	21	13	1	0	1	2	1	4	0	0	2	5	0	1	1	0	0	3	0	0	2	2	0	0	1	1	2	1	2	1	1	1	4
chr9	41769143	41770140	998	8	0	998	544	454	86	19	37	42	29	38	58	18	45	18	46	23	23	19	21	21	34	26	5	29	33	25	13	41	40	29	10	36	36	32	8	56
chr9	41770141	41770273	133	8	0	133	68	65	14	3	5	2	6	4	6	3	2	5	5	2	1	3	3	3	4	5	1	4	9	4	1	6	3	8	1	4	3	3	3	5
chr9	41770274	41771920	1647	8	0	1647	733	914	48	37	52	25	48	58	111	49	37	42	101	34	28	20	18	24	47	60	11	39	82	90	28	103	78	81	14	66	59	72	9	74
chr9	41771922	41771948	27	8	0	27	13	14	0	2	0	1	1	0	3	2	1	1	0	1	0	0	0	0	3	0	0	0	1	2	0	0	1	1	0	2	1	1	0	1
chr9	41771950	41772759	810	8	0	810	371	439	23	17	33	10	17	28	54	34	32	22	38	19	11	8	18	7	25	24	11	15	50	36	5	39	33	27	8	53	25	44	6	36
chr9	41772760	41773767	1008	8	0	1008	432	576	15	20	26	12	25	42	89	34	19	36	61	11	14	11	8	9	44	34	8	23	52	43	9	63	57	52	10	52	37	38	7	45
chr9	41773774	41775618	1845	8	0	1845	792	1053	28	28	60	24	48	97	132	69	46	49	85	40	18	26	27	15	70	71	8	51	130	128	10	101	93	84	7	78	53	88	5	74
chr9	41775619	41775665	47	8	0	47	20	27	0	0	0	0	0	4	0	5	0	0	0	4	0	1	0	5	1	5	0	0	8	6	1	0	0	1	1	0	0	3	0	0
chr9	41775666	41775885	220	8	0	220	110	110	1	1	2	5	2	12	0	35	5	1	4	27	1	4	4	5	2	12	0	4	36	12	0	2	4	0	0	0	7	26	0	4
chr9	41775887	41775903	17	8	0	17	8	9	0	0	0	0	0	1	1	1	0	0	0	1	0	1	1	2	1	1	0	0	1	0	0	1	1	1	0	0	0	1	0	0
chr9	41775905	41776150	246	8	0	246	104	142	1	2	4	1	1	18	14	21	4	7	6	16	2	2	3	1	6	15	2	6	29	15	2	9	11	5	1	7	8	19	1	5
chr9	41776151	41776160	10	8	0	10	4	6	1	1	0	0	1	0	1	0	0	0	0	0	0	0	0	0	0	0	0	0	0	0	0	0	2	1	0	1	0	0	0	0
chr9	41776161	41776277	117	8	0	117	61	56	8	3	5	1	2	4	8	1	4	5	10	1	3	3	1	1	3	3	0	8	5	5	0	5	3	1	0	2	4	6	0	10
chr9	41776279	41776325	47	8	0	47	26	21	5	2	4	0	1	1	2	2	4	0	1	0	1	1	1	0	1	2	0	1	1	1	0	4	3	2	0	1	1	1	0	2
chr9	41776327	41776380	54	8	0	54	27	27	2	3	1	1	4	0	3	2	0	2	3	2	1	2	0	1	2	5	0	0	3	3	0	4	1	1	0	0	2	1	0	3
chr9	41776382	41776511	130	8	0	130	84	46	20	3	5	8	5	7	4	3	1	4	2	0	10	3	0	7	8	4	2	3	3	3	0	6	3	4	1	2	5	1	1	0
chr9	41776512	41776580	69	8	0	69	32	37	0	2	0	1	2	5	5	1	1	1	8	3	0	0	1	1	2	2	0	4	2	0	1	2	5	2	0	3	5	2	1	5
chr9	41776582	41777426	845	8	0	845	436	409	48	16	31	29	29	18	43	32	23	24	32	22	24	25	20	19	27	27	7	22	41	42	7	43	25	34	5	26	29	29	9	35
chr9	41777428	41777457	30	8	0	30	10	20	0	0	0	1	0	1	4	1	0	0	1	0	1	1	0	0	2	0	0	0	2	2	1	2	2	4	0	2	0	0	0	1
chr9	41777459	41777618	160	8	0	160	53	107	1	2	4	2	3	6	15	1	5	2	9	0	0	0	0	1	1	6	2	2	14	17	1	16	6	17	2	7	4	8	1	3
chr9	41777620	41777655	36	8	0	36	11	25	0	0	0	0	0	1	5	0	0	1	4	0	0	0	0	0	0	1	0	1	0	2	1	2	4	2	1	4	2	1	0	2
chr9	41777657	41777721	65	8	0	65	24	41	2	0	0	3	3	4	3	1	0	1	4	2	0	0	0	0	1	4	1	0	6	9	0	5	3	3	1	0	1	4	0	2
chr9	41777730	41777787	58	8	0	58	22	36	2	2	2	0	1	4	1	0	3	1	5	0	0	0	0	0	1	2	2	2	4	7	1	4	0	1	0	1	1	7	1	1
chr9	41777789	41777818	30	8	0	30	11	19	2	1	2	0	3	0	0	0	0	0	1	0	0	1	1	0	1	1	0	0	1	3	0	4	1	5	0	0	0	0	1	0
chr9	41777820	41777995	176	8	0	176	81	95	10	6	5	4	4	6	9	6	7	6	6	2	4	1	3	2	4	6	1	7	6	20	3	9	5	7	1	3	10	6	1	4
chr9	41778005	41778153	149	8	0	149	80	69	7	7	9	7	5	0	7	3	12	5	2	1	6	2	4	2	3	5	1	5	5	8	2	10	1	5	1	3	6	7	2	4
chr9	41778155	41778185	31	8	0	31	18	13	2	1	2	2	3	0	1	0	0	1	0	0	2	1	3	0	2	0	0	1	0	0	0	2	2	1	0	2	0	1	0	0
chr9	41778187	41778425	239	8	0	239	118	121	9	7	5	6	7	10	16	6	8	8	9	9	4	1	6	5	6	12	0	8	13	15	4	8	6	5	2	7	14	8	0	13
chr9	41778427	41778450	24	8	0	24	11	13	1	2	0	0	2	0	1	1	0	1	1	1	0	0	0	0	0	2	1	0	4	0	1	0	0	0	0	0	0	3	0	1
chr9	41778452	41778541	90	8	0	90	52	38	9	1	3	6	3	1	3	1	2	1	5	3	6	2	1	3	0	2	0	3	3	9	1	3	2	2	0	2	3	3	1	4
chr9	41778542	41778577	36	8	0	36	14	22	0	1	0	0	0	2	4	0	0	1	4	0	0	0	0	0	1	1	1	2	2	1	1	0	2	1	2	3	1	1	0	3
chr9	41778579	41778859	281	8	0	281	117	164	5	5	7	6	8	23	16	8	6	12	6	4	4	2	2	2	15	9	11	7	13	7	13	8	17	14	9	12	10	11	3	4
chr9	41778860	41778938	79	8	0	79	29	50	0	0	1	2	3	10	5	3	0	4	0	0	0	0	0	0	5	2	3	3	5	2	4	1	9	7	3	1	2	1	0	1
chr9	41778939	41779059	121	8	0	121	41	80	0	0	2	2	4	15	6	2	0	8	2	0	0	0	0	0	7	3	7	4	5	2	10	0	10	9	7	4	5	3	0	2
chr9	41779060	41779304	245	8	0	245	132	113	20	5	15	11	12	6	9	9	11	6	6	5	8	4	3	1	6	3	3	10	11	17	0	8	7	11	1	7	12	6	2	8
chr9	41779306	41779317	12	8	0	12	5	7	0	0	0	0	0	2	1	0	0	0	1	0	0	0	0	0	1	0	0	1	0	0	0	1	1	1	0	0	0	0	0	1
chr9	41779318	41779333	16	8	0	16	5	11	1	0	1	0	0	0	1	0	1	1	0	0	0	0	0	0	0	1	0	0	1	3	0	1	0	1	0	1	0	1	0	0
chr9	41779334	41779428	95	8	0	95	30	65	1	0	3	0	2	6	8	0	2	2	4	0	0	0	0	0	2	4	1	1	7	7	2	9	5	10	4	5	2	4	1	1
chr9	41779430	41779469	40	8	0	40	12	28	1	2	0	0	1	0	3	0	1	2	1	0	0	0	0	0	1	0	4	0	2	6	2	2	1	2	2	1	0	3	0	1
chr9	41779471	41779914	444	8	0	444	187	257	25	10	19	7	16	19	27	2	17	13	20	5	3	2	1	0	8	13	11	12	30	32	6	25	14	25	10	15	12	24	3	16
chr9	41779916	41779954	39	8	0	39	23	16	3	1	1	1	0	0	2	2	2	1	2	1	1	3	2	0	2	1	0	2	2	0	0	1	0	0	0	0	0	3	0	4
chr9	41779956	41780021	66	8	0	66	42	24	5	1	3	4	3	1	1	2	4	0	3	1	2	4	3	3	4	0	1	1	1	1	0	2	2	2	0	2	1	1	1	5
chr9	41780023	41780053	31	8	0	31	18	13	1	1	1	0	1	1	2	2	1	0	2	1	0	1	1	1	2	0	0	1	0	0	0	0	4	0	0	2	1	0	0	3
chr9	41780055	41780142	88	8	0	88	36	52	4	2	1	1	1	3	7	0	3	4	5	2	0	0	2	0	2	1	1	5	4	3	2	5	2	4	5	3	3	7	2	2
chr9	41780143	41780208	66	8	0	66	29	37	3	1	3	2	3	2	3	0	1	1	2	0	2	2	2	0	2	3	0	2	3	5	2	3	2	3	2	5	1	2	2	0
chr9	41780213	41780250	38	8	0	38	20	18	3	0	0	3	1	2	1	0	3	1	2	0	0	0	2	0	1	2	0	0	0	3	1	3	2	0	0	0	1	2	1	2
chr9	41780252	41780542	291	8	0	291	107	184	2	5	3	3	3	22	23	9	7	9	14	2	1	1	2	0	18	7	4	7	11	29	5	18	18	14	7	13	10	13	4	5
chr9	41780545	41780563	19	8	0	19	10	9	0	0	0	1	1	3	0	4	0	0	0	1	0	0	0	0	3	0	0	0	0	0	0	0	4	0	0	0	0	0	0	0
chr9	41780564	41780576	13	8	0	13	8	5	1	0	0	1	1	4	0	0	0	0	0	0	0	0	0	0	4	0	0	0	0	0	0	0	0	0	0	0	0	0	0	0
chr9	41780577	41780632	56	8	0	56	28	28	1	0	1	1	1	17	1	1	0	1	0	2	1	1	0	0	15	1	3	0	2	0	0	0	0	1	0	1	2	0	0	1
chr9	41780634	41780673	40	8	0	40	22	18	1	1	0	1	1	11	0	2	0	0	0	1	1	1	0	0	11	2	2	0	2	0	0	0	0	0	0	0	1	0	0	0
chr9	41780675	41780770	96	8	0	96	54	42	2	2	0	2	2	21	1	10	0	0	0	4	2	4	0	2	21	5	1	0	5	0	0	0	5	0	1	0	3	0	0	1
chr9	41780771	41780785	15	8	0	15	9	6	1	0	0	1	1	1	0	1	0	0	0	1	0	1	0	1	2	0	0	0	1	0	0	0	0	1	0	0	1	0	0	0
chr9	41780786	41780932	147	8	0	147	81	66	3	2	1	2	2	41	1	9	0	2	1	4	3	3	1	5	41	5	0	2	5	0	1	0	3	0	1	0	4	1	0	2
chr9	41780933	41781834	902	8	0	902	569	333	56	43	8	11	30	163	7	50	8	2	0	9	23	53	30	74	199	20	7	35	18	2	1	6	20	4	2	0	14	1	0	4
chr9	41781835	41781884	50	8	0	50	32	18	4	3	1	1	2	5	0	5	1	0	0	0	2	3	1	4	6	1	1	2	1	0	0	0	3	0	1	0	1	0	0	0
chr9	41781886	41781906	21	8	0	21	13	8	1	1	0	0	1	5	0	0	0	0	0	0	0	1	1	2	6	0	0	1	0	0	0	0	0	0	0	0	0	0	0	0
chr9	41781907	41781992	86	8	0	86	57	29	7	3	2	2	4	16	1	2	0	0	0	1	3	6	1	8	19	1	0	4	1	0	0	0	2	0	0	0	1	0	0	0
chr9	41781993	41782007	15	8	0	15	10	5	1	0	1	0	0	2	0	1	0	0	0	0	1	2	0	1	3	0	0	1	0	0	0	0	0	0	0	0	0	0	0	0
chr9	41782008	41782029	22	8	0	22	15	7	1	1	0	0	0	4	0	1	1	0	0	0	1	0	0	5	4	1	0	0	1	0	0	0	0	0	0	0	0	0	0	0
chr9	41782031	41782125	95	8	0	95	62	33	8	6	2	0	4	15	0	4	1	0	0	0	3	7	4	8	19	1	1	6	1	0	0	0	1	0	1	0	1	0	0	0
chr9	41782126	41782265	140	8	0	140	94	46	10	6	2	1	4	25	1	8	0	0	0	1	5	9	4	16	32	1	0	7	1	0	0	0	4	0	0	0	1	0	0	0
chr9	41782267	41782316	50	8	0	50	31	19	3	1	1	1	1	8	1	4	1	0	0	1	1	5	1	1	12	0	0	2	1	1	0	0	0	0	0	0	1	0	0	1
chr9	41782318	41782490	173	8	0	173	112	61	12	11	0	1	5	33	1	7	1	0	2	1	6	10	8	13	41	3	0	9	3	0	0	0	0	0	0	0	2	0	0	2
chr9	41782491	41782880	390	8	0	390	261	129	27	24	3	4	10	60	4	22	6	1	1	2	14	20	17	44	78	6	0	21	6	2	0	0	6	0	0	0	6	0	0	4
chr9	41782881	41782895	15	8	0	15	10	5	1	0	1	0	1	0	0	3	0	0	0	0	0	1	0	3	0	0	0	1	0	0	0	0	2	0	0	0	0	0	0	0
chr9	41782896	41783513	618	8	0	618	332	286	40	25	16	25	22	36	30	18	27	16	19	7	17	11	8	14	48	20	8	12	28	19	8	17	13	9	10	24	17	24	8	20
chr9	41783519	41783567	49	8	0	49	18	31	1	1	2	0	1	7	2	0	2	0	0	0	0	1	1	0	4	3	1	0	2	2	3	1	4	2	1	4	0	1	1	0
chr9	41783569	41783648	80	8	0	80	29	51	0	0	1	0	0	3	5	3	0	2	4	5	1	1	1	1	1	2	1	2	8	5	1	5	1	6	6	1	1	6	2	3
chr9	41783650	41783668	19	8	0	19	7	12	0	0	1	0	1	1	1	0	0	2	1	0	0	0	0	0	1	0	1	1	0	1	1	1	1	0	0	0	1	1	0	1
chr9	41783670	41783728	59	8	0	59	27	32	5	1	2	2	4	2	3	1	1	1	3	0	0	0	0	0	2	2	0	0	6	2	0	5	1	8	0	1	2	1	0	2
chr9	41783731	41784226	496	8	0	496	223	273	10	11	20	10	15	17	23	20	20	8	21	20	6	6	10	6	15	14	2	11	27	33	7	36	17	22	5	14	16	35	4	13
chr9	41784228	41784265	38	8	0	38	17	21	2	0	1	1	0	2	1	1	1	3	1	0	1	1	2	0	2	3	0	1	1	2	4	0	0	1	0	0	1	1	0	3
chr9	41784267	41784575	309	8	0	309	138	171	6	12	5	5	9	16	24	9	6	12	11	4	7	5	4	2	24	8	4	9	15	20	3	15	12	9	4	15	8	16	3	5
chr9	41784576	41784589	14	8	0	14	7	7	0	1	0	0	0	0	1	1	0	0	0	0	1	0	0	1	0	1	0	0	1	1	0	0	2	0	0	2	0	0	0	0
chr9	41784590	41784696	107	8	0	107	46	61	3	0	4	2	1	6	8	2	2	4	4	1	3	1	3	1	4	5	0	2	7	6	2	8	3	5	0	6	3	6	0	3
chr9	41784698	41784982	285	8	0	285	159	126	18	2	13	18	8	6	14	13	19	5	9	7	6	3	5	12	4	3	0	9	15	7	2	14	10	11	2	8	13	17	0	10
chr9	41784990	41785077	88	8	0	88	46	42	7	0	1	4	1	1	6	5	1	3	4	3	3	3	2	2	2	3	1	1	6	1	0	4	2	5	1	4	2	2	2	4
chr9	41785079	41785103	25	8	0	25	12	13	0	0	1	1	1	0	2	0	0	0	1	1	1	2	1	0	1	1	0	1	1	1	0	1	1	0	1	2	0	1	1	0
chr9	41785105	41785189	85	8	0	85	38	47	1	3	3	2	5	3	8	0	3	1	5	4	0	0	0	0	1	1	0	5	6	1	0	4	6	4	2	2	3	5	2	3
chr9	41785191	41785203	13	8	0	13	7	6	0	0	1	0	0	0	0	1	0	1	2	1	0	0	0	0	0	0	0	1	1	0	0	0	0	0	0	0	0	1	0	2
chr9	41785208	41785300	93	8	0	93	57	36	16	3	3	2	2	6	5	2	4	3	2	1	2	3	0	1	6	4	0	5	3	2	1	3	0	1	0	1	6	2	1	1
chr9	41785302	41785843	542	8	0	542	345	197	47	22	22	30	21	13	17	22	25	7	13	15	28	10	13	39	21	10	1	20	18	8	4	20	14	14	1	5	20	18	2	20
chr9	41785845	41785871	27	8	0	27	14	13	0	1	2	0	2	1	0	0	0	2	0	0	1	1	2	2	1	2	0	1	2	1	0	2	0	0	0	0	0	1	0	1
chr9	41785873	41786263	391	8	0	391	207	184	19	18	20	8	16	8	28	9	14	12	14	6	16	6	6	6	20	13	0	11	17	12	1	23	9	19	1	11	15	8	0	23
chr9	41786264	41786417	154	8	0	154	95	59	10	5	5	8	4	3	6	6	8	4	2	4	6	2	8	14	3	4	1	6	7	3	0	6	3	3	1	3	6	6	0	5
chr9	41786419	41786465	47	8	0	47	33	14	6	3	1	5	5	2	1	1	2	0	2	2	1	1	0	0	3	0	0	2	0	0	0	0	1	0	0	1	5	0	0	1
chr9	41786466	41786698	233	8	0	233	152	81	21	7	11	16	12	8	7	10	9	4	4	5	14	4	5	13	9	7	0	7	8	0	1	6	12	2	1	5	8	6	0	9
chr9	41786703	41786787	85	9	0	85	48	37	7	3	2	5	2	7	2	1	5	0	3	0	4	4	2	0	4	2	6	2	5	0	0	1	2	2	1	3	1	3	1	3
chr9	41786788	41786924	137	8	0	137	90	47	7	4	7	9	5	3	4	5	5	2	4	8	10	3	5	8	5	3	0	4	0	2	1	4	3	2	0	3	9	0	1	9
chr9	41786925	41786949	25	9	0	25	21	4	6	1	1	1	0	1	0	0	1	0	0	0	3	0	2	3	0	0	0	2	0	0	0	0	0	0	0	0	1	0	0	1
chr9	41786959	41786997	39	8	0	39	29	10	6	2	3	3	3	0	1	1	2	1	0	1	2	0	0	2	1	0	0	2	0	0	0	1	2	0	0	0	2	1	0	1
chr9	41786998	41787502	505	7	0	505	293	212	38	16	25	20	21	13	16	23	28	9	19	13	12	11	15	14	23	6	2	17	13	19	1	24	16	10	1	9	20	22	2	25
chr9	41787503	41787531	29	8	0	29	14	15	0	0	1	1	1	1	1	2	2	0	1	1	0	0	1	0	0	1	0	0	1	3	0	2	2	1	0	1	2	1	0	1
chr9	41787533	41787550	18	8	0	18	10	8	1	1	1	0	2	2	1	0	1	0	0	0	0	0	0	0	3	0	0	0	0	0	0	0	2	0	0	1	0	0	0	1
chr9	41787551	41788350	800	7	0	800	492	308	52	33	37	39	25	16	31	29	34	14	26	29	50	19	19	37	35	18	3	26	22	23	3	31	12	12	4	16	32	26	4	41
chr9	41788351	41788396	46	8	0	46	28	18	7	2	3	1	0	1	4	0	3	0	0	2	3	0	0	1	0	0	1	2	0	1	0	2	3	0	1	1	2	2	0	2
chr9	41788397	41795776	7380	7	0	7380	4377	3003	591	207	307	356	246	226	296	282	295	143	245	205	329	156	202	291	271	171	51	239	242	164	51	272	238	175	38	201	299	218	34	337
chr9	41795777	41795845	69	8	0	69	44	25	2	0	0	10	3	3	4	1	0	2	2	0	6	3	1	5	4	2	0	2	3	1	0	3	2	2	0	2	2	2	0	0
chr9	41795847	41795860	14	8	0	14	8	6	0	0	1	0	1	0	0	0	0	1	1	0	0	3	1	0	1	0	0	1	0	0	0	0	0	0	0	0	0	0	0	2
chr9	41795861	41808863	13003	7	0	13003	7748	5255	1078	383	538	628	489	399	494	458	517	263	493	360	543	268	313	524	482	308	74	448	483	278	79	442	321	297	69	339	554	400	70	609
chr9	41808864	41809360	497	8	0	497	312	185	39	17	22	27	25	14	23	22	21	7	10	15	20	16	12	22	27	9	0	18	12	7	0	15	17	8	0	17	28	9	0	16
chr9	41809361	41809372	12	7	0	12	7	5	0	1	1	0	0	0	0	0	0	0	0	0	2	0	0	2	0	0	0	0	0	1	0	1	0	1	0	1	0	0	0	0
chr9	41809373	41809475	103	8	0	103	48	55	1	3	1	2	2	5	3	9	2	3	7	3	2	1	3	0	11	1	0	0	1	9	0	10	4	2	0	1	4	8	0	3
chr9	41809476	41809508	33	7	0	33	20	13	2	4	3	0	2	0	1	0	3	0	0	0	2	0	2	0	1	0	0	2	0	0	0	2	0	1	0	3	2	1	0	0
chr9	41809509	41809606	98	8	0	98	69	29	4	1	1	11	3	3	2	8	2	2	1	1	8	5	4	12	7	2	0	2	4	0	0	1	3	2	0	1	1	1	0	4
chr9	41809607	41809660	54	7	0	54	40	14	11	0	4	3	1	1	1	2	4	1	1	2	3	0	0	5	1	0	0	1	0	1	0	1	1	1	0	0	3	0	0	4
chr9	41809661	41809723	63	8	0	63	34	29	2	2	2	1	4	1	4	1	1	2	7	3	0	0	1	1	2	1	0	2	0	0	0	3	2	1	1	4	6	1	1	5
chr9	41809724	41809762	39	8	0	39	18	21	0	0	2	1	1	1	2	1	1	1	3	2	1	1	0	0	1	1	0	1	2	2	1	1	2	1	0	1	1	2	1	3
chr9	41809763	41809780	18	7	0	18	8	10	0	0	2	0	1	1	0	2	0	0	0	0	1	0	0	0	0	1	0	0	3	0	0	0	1	2	0	2	0	0	0	0
chr9	41809781	41810126	346	8	0	346	229	117	38	17	9	18	10	13	9	19	11	7	4	9	22	5	13	24	22	3	3	14	10	9	2	4	8	4	0	6	11	8	1	11
chr9	41810127	41811821	1695	8	0	1695	964	731	104	39	56	83	61	60	88	65	45	46	61	48	72	44	32	60	78	40	11	59	71	43	7	62	57	47	8	46	68	53	9	70
chr9	41811822	41811851	30	8	0	30	17	13	2	0	3	0	1	0	2	1	2	2	2	0	0	0	0	1	1	1	0	0	0	0	0	2	2	0	0	0	1	0	0	5
chr9	41811862	41812387	526	8	0	526	353	173	73	20	22	31	26	8	11	18	17	7	13	19	30	19	17	22	24	13	1	16	11	9	2	17	10	3	1	8	18	15	2	21
chr9	41812388	41812427	40	7	0	40	20	20	0	2	2	0	2	3	1	1	2	0	2	1	0	1	2	0	4	0	0	2	0	2	0	4	0	2	0	0	3	2	0	0
chr9	41812428	41812646	219	8	0	219	137	82	17	8	4	10	7	6	5	24	9	4	6	6	7	7	6	10	15	6	0	4	14	1	0	4	5	2	0	5	8	9	0	8
chr9	41812647	41812665	19	7	0	19	11	8	0	0	1	1	1	1	1	0	0	1	1	1	1	0	1	0	0	0	0	2	1	0	0	0	0	0	0	0	2	1	0	1
chr9	41812666	41812739	74	8	0	74	50	24	2	1	2	6	4	3	1	8	4	2	1	3	1	0	1	10	6	0	0	0	0	0	0	0	6	0	1	1	4	0	1	4
chr9	41812740	41812749	10	7	0	10	6	4	1	0	1	0	1	0	0	0	0	0	0	0	0	1	0	1	0	1	0	0	1	1	0	0	0	0	0	0	0	0	0	0
chr9	41812751	41812823	73	8	0	73	45	28	4	3	1	6	3	4	2	3	5	0	1	3	2	2	3	2	3	3	0	3	4	4	0	0	1	0	0	1	4	1	0	3
chr9	41812824	41812857	34	8	0	34	20	14	1	3	0	3	4	2	0	1	2	0	1	0	1	0	1	0	1	2	0	2	4	1	0	0	0	0	0	0	2	1	0	0
chr9	41812858	41812878	21	7	0	21	14	7	6	1	1	0	0	1	1	1	0	0	0	0	1	0	0	1	0	0	1	1	0	0	0	0	2	0	1	1	0	0	0	0
chr9	41812879	41813315	437	8	0	437	288	149	48	14	18	29	26	8	14	24	13	9	7	17	22	8	10	20	22	8	0	9	13	7	0	6	20	6	0	10	17	6	0	24
chr9	41813316	41813345	30	8	0	30	17	13	0	0	0	2	0	0	1	3	2	1	0	2	0	0	3	3	1	0	0	0	1	1	0	3	0	0	0	0	1	4	0	0
chr9	41813346	41813514	169	8	0	169	123	46	28	8	8	11	7	3	1	5	4	7	3	7	15	1	7	7	8	2	2	6	2	1	0	3	0	0	0	0	6	3	2	10
chr9	41813515	41813548	34	8	0	34	24	10	3	3	1	5	6	0	0	2	1	0	0	1	0	0	0	0	1	1	0	1	1	0	0	0	4	0	0	0	2	0	0	0
chr9	41813549	41814864	1316	8	0	1316	848	468	119	51	47	88	63	34	49	40	65	24	42	39	58	26	43	59	58	30	2	45	48	15	0	33	21	15	0	30	59	35	2	74
chr9	41814865	41814900	36	8	0	36	20	16	1	1	4	0	3	0	1	1	2	1	1	2	1	0	0	1	0	1	0	1	3	0	0	1	1	1	0	1	1	2	0	3
chr9	41814901	41815260	360	8	0	360	237	123	36	10	20	26	19	6	8	19	12	8	7	10	25	10	4	15	16	7	4	7	14	5	0	7	11	4	0	11	12	10	0	15
chr9	41815261	41815305	45	8	0	45	25	20	1	1	2	1	1	4	3	1	1	1	0	0	2	1	1	4	4	1	0	2	2	1	0	1	2	2	0	2	2	0	0	0
chr9	41815306	41815393	88	8	0	88	56	32	14	1	6	2	0	2	3	3	3	1	1	0	6	4	3	5	3	3	0	3	5	0	0	5	1	4	0	3	0	3	0	2
chr9	41815395	41816051	657	8	0	657	410	247	54	16	43	36	25	8	24	25	46	15	28	23	23	9	16	18	19	15	1	13	19	7	2	18	13	6	1	20	31	17	4	60
chr9	41816052	41816152	101	7	0	101	63	38	7	4	3	5	4	1	4	4	5	1	3	3	4	3	5	6	6	2	1	0	2	2	1	3	1	2	0	5	3	2	0	7
chr9	41816153	41816461	309	8	0	309	189	120	23	8	15	19	11	7	15	14	17	6	12	13	13	3	2	10	10	9	0	5	13	5	0	11	2	7	0	9	22	8	0	18
chr9	41816462	41816497	36	8	0	36	18	18	0	2	0	1	0	0	3	2	2	1	4	0	1	0	1	0	0	1	0	2	0	0	0	1	3	0	0	3	2	1	2	2
chr9	41816498	41816832	335	8	0	335	138	197	4	7	9	3	9	24	30	12	8	6	7	9	2	0	6	2	10	15	1	11	27	22	1	14	26	18	1	19	12	10	1	7
chr9	41816833	41816870	38	7	0	38	15	23	2	0	1	1	2	6	1	1	0	1	0	0	0	0	0	0	5	2	0	0	1	2	2	1	4	2	1	0	0	0	0	1
chr9	41816871	41817009	139	8	0	139	62	77	0	4	2	2	2	17	7	3	5	4	7	0	1	2	4	1	10	8	3	6	7	5	2	5	6	2	1	5	6	4	2	4
chr9	41817010	41817039	30	7	0	30	7	23	0	1	0	0	1	1	3	0	0	0	0	0	0	0	0	0	0	1	1	0	1	5	1	3	5	4	1	0	0	0	0	0
chr9	41817040	41817451	412	8	0	412	161	251	4	4	7	2	6	35	35	20	5	6	13	8	2	6	6	2	21	9	3	18	25	31	4	20	39	28	2	17	11	12	3	6
chr9	41817452	41817472	21	7	0	21	10	11	0	0	1	0	0	0	2	1	1	1	2	1	0	0	0	0	0	0	0	1	0	0	0	1	2	0	0	2	2	1	0	1
chr9	41817473	41817503	31	8	0	31	12	19	0	0	1	0	1	0	4	0	0	3	1	0	0	0	0	0	1	1	0	1	1	3	0	3	1	3	0	0	2	0	0	3
chr9	41817504	41817650	147	8	0	147	68	79	3	4	4	2	5	5	12	4	5	7	6	1	0	1	8	1	7	4	0	6	5	7	0	9	9	6	1	4	5	4	1	9
chr9	41817651	41817724	74	8	0	74	40	34	1	3	4	1	3	3	3	1	2	4	3	0	4	2	2	2	4	5	0	3	3	2	0	6	1	0	0	1	2	4	0	3
chr9	41817725	41817745	21	7	0	21	10	11	0	0	0	2	0	0	3	0	2	2	0	0	0	0	0	0	1	1	0	0	0	1	0	3	0	0	0	0	2	2	0	0
chr9	41817746	41817922	177	8	0	177	77	100	3	5	9	3	9	4	10	2	8	5	13	5	0	0	0	0	6	5	1	2	5	14	2	16	8	6	0	4	6	12	1	11
chr9	41817923	41817944	22	7	0	22	10	12	0	0	1	0	0	2	2	0	1	1	1	0	0	0	0	0	1	1	0	1	2	0	0	1	1	0	0	1	0	2	0	2
chr9	41817945	41818035	91	8	0	91	47	44	2	3	4	3	4	4	5	4	4	4	3	1	2	0	2	2	7	2	0	2	5	3	0	5	0	2	0	4	3	6	0	3
chr9	41818036	41818091	56	8	0	56	44	12	7	1	1	10	4	1	0	3	3	1	1	2	5	0	1	2	3	0	0	0	0	0	0	0	2	0	0	0	4	0	0	3
chr9	41818092	41818657	566	8	0	566	372	194	48	22	27	30	33	18	15	20	28	9	10	28	18	11	19	36	29	7	2	21	17	7	1	7	8	6	1	11	31	12	0	32
chr9	41818658	41818734	77	8	0	77	53	24	8	2	2	5	3	3	3	3	1	4	0	2	5	3	2	6	6	2	0	3	2	0	0	1	2	0	0	0	3	1	0	3
chr9	41818735	41818976	242	8	0	242	167	75	28	10	14	14	13	4	3	14	9	9	1	9	15	5	9	9	14	6	0	7	6	1	0	6	5	0	0	1	9	6	0	13
chr9	41818977	41819008	32	8	0	32	21	11	0	0	1	2	1	0	1	0	2	1	0	2	0	2	3	5	0	0	1	2	2	0	0	0	0	0	0	0	0	2	0	3
chr9	41819009	41819103	95	8	0	95	66	29	13	6	4	6	7	1	3	4	7	0	3	5	2	1	0	2	6	1	0	1	1	2	0	1	2	0	0	0	6	1	0	8
chr9	41819104	41819182	79	8	0	79	51	28	2	1	2	5	4	3	0	9	2	1	5	4	1	3	2	6	5	0	0	2	2	0	0	0	4	0	0	2	5	2	0	5
chr9	41819183	41819215	33	8	0	33	22	11	2	0	0	5	3	0	1	2	2	2	0	0	1	1	1	1	2	0	0	1	1	0	0	0	0	1	1	0	2	0	1	1
chr9	41819216	41819323	108	8	0	108	63	45	5	3	3	4	5	2	5	6	3	5	3	4	1	2	3	8	5	1	0	6	5	3	0	3	3	1	0	2	4	6	2	3
chr9	41819324	41819372	49	8	0	49	24	25	4	1	2	1	3	2	3	0	1	2	3	0	0	0	1	1	0	1	1	3	3	0	1	1	4	2	0	1	1	2	0	3
chr9	41819376	41819436	61	8	0	61	27	34	0	1	2	3	3	1	5	0	3	0	6	2	0	0	0	0	0	1	0	1	1	1	1	5	4	2	1	5	4	5	0	2
chr9	41819437	41819542	106	8	0	106	55	51	7	0	1	4	2	5	4	7	1	4	4	4	2	4	5	1	3	5	1	3	9	2	0	2	3	4	1	4	3	2	2	5
chr9	41819543	41819589	47	8	0	47	17	30	0	0	0	1	0	3	5	0	0	0	3	3	1	1	0	0	1	1	1	1	4	3	0	4	2	4	0	1	1	3	1	1
chr9	41819590	41819665	76	8	0	76	40	36	4	3	2	2	3	4	4	3	1	2	2	0	3	5	1	1	5	3	1	4	4	0	1	2	3	4	1	2	2	0	1	1
chr9	41819666	41819986	321	8	0	321	204	117	26	10	19	15	17	6	8	13	10	8	9	10	16	8	10	18	14	8	0	10	12	6	0	9	8	2	0	10	10	11	0	16
chr9	41819987	41820079	93	8	0	93	62	31	5	2	2	5	2	6	2	7	4	1	2	3	3	6	2	9	9	3	0	3	3	1	0	1	0	0	0	0	5	1	0	4
chr9	41820080	41820093	14	8	0	14	10	4	1	0	0	1	0	0	0	1	0	0	0	1	2	1	1	0	1	0	0	0	0	1	0	1	0	0	0	0	0	1	0	0
chr9	41820098	41820224	127	8	0	127	76	51	3	2	3	13	6	4	3	5	5	2	5	3	7	6	4	5	6	3	0	5	4	6	0	4	3	2	0	1	5	5	0	5
chr9	41820225	41820273	49	7	0	49	22	27	1	1	2	1	3	2	2	2	1	1	2	2	0	0	1	1	1	1	0	1	4	2	1	1	3	2	1	2	1	3	0	2
chr9	41820274	41820480	207	8	0	207	113	94	13	4	9	7	2	5	12	7	12	4	10	2	7	3	10	4	5	4	1	7	7	5	0	13	8	8	0	8	6	8	1	13
chr9	41820481	41820529	49	8	0	49	32	17	5	2	2	1	0	3	1	3	1	1	2	1	4	0	3	1	1	0	0	6	1	0	0	0	2	1	0	1	3	0	0	2
chr9	41820530	41820811	282	8	0	282	168	114	16	7	12	19	14	4	10	14	18	4	9	10	5	7	11	7	10	4	1	7	11	4	1	10	9	5	0	10	12	13	2	14
chr9	41820814	41821077	264	8	0	264	154	110	27	6	14	9	6	4	17	8	18	3	9	6	6	4	11	5	5	3	1	8	3	5	1	11	14	6	0	16	13	7	0	16
chr9	41821078	41821101	24	7	0	24	15	9	2	1	1	1	1	0	2	0	1	1	0	2	1	0	0	1	1	0	0	1	0	0	0	0	0	1	0	1	2	0	0	2
chr9	41821102	41821405	304	8	0	304	183	121	26	13	17	13	14	4	11	12	16	6	5	7	14	6	8	10	13	6	3	7	14	13	0	8	4	7	0	11	10	8	1	15
chr9	41821406	41821464	59	8	0	59	35	24	6	1	5	1	1	2	2	2	4	3	3	1	2	1	1	0	2	0	2	2	0	0	0	2	0	0	0	4	5	2	0	3
chr9	41821465	41821477	13	8	0	13	6	7	0	0	0	1	0	0	1	1	1	0	2	0	0	0	0	0	0	0	0	0	1	1	0	0	0	0	0	0	1	0	0	2
chr9	41821478	41821520	43	8	0	43	27	16	3	1	1	3	2	1	2	1	1	1	1	0	3	1	0	4	2	0	0	2	2	3	0	0	1	1	0	2	1	1	0	1
chr9	41821521	41821531	11	8	0	11	7	4	1	0	1	0	1	0	0	1	0	0	0	0	0	1	0	1	0	0	0	1	1	0	0	0	0	0	0	0	1	0	0	0
chr9	41821532	41821602	71	7	0	71	36	35	3	2	5	1	4	1	3	1	4	1	3	2	0	0	2	2	0	1	0	3	4	3	0	4	3	4	0	3	3	3	0	4
chr9	41821603	41821618	16	8	0	16	5	11	0	0	0	0	0	0	2	0	0	1	2	0	0	0	0	0	1	0	0	0	0	1	0	3	1	1	0	0	0	1	0	1
chr9	41821619	41821655	37	8	0	37	17	20	3	0	2	0	0	2	2	0	3	1	1	0	0	1	1	0	0	1	0	3	2	5	0	3	0	0	0	0	2	3	0	0
chr9	41821656	41821819	164	8	0	164	82	82	6	3	11	5	7	7	9	2	10	4	3	4	2	2	3	3	5	8	2	1	8	3	4	8	6	6	1	7	6	5	1	10
chr9	41821820	41821880	61	7	0	61	37	24	4	0	6	3	2	1	2	3	6	2	1	3	0	1	0	1	3	1	0	0	2	0	0	4	0	2	0	0	3	3	0	6
chr9	41821881	41822086	206	8	0	206	128	78	19	5	12	10	5	5	6	15	9	8	2	5	12	4	4	6	9	6	2	5	6	6	0	7	5	3	1	3	10	4	1	9
chr9	41822088	41822342	255	8	0	255	145	110	18	5	6	14	5	4	18	9	12	9	13	5	8	5	4	8	9	8	0	6	9	12	0	11	6	3	0	7	13	9	0	17
chr9	41822343	41822373	31	8	0	31	12	19	0	1	2	0	1	1	1	1	1	0	1	0	0	0	1	1	0	0	1	1	2	2	1	3	1	5	0	0	0	1	0	1
chr9	41822374	41822496	123	8	0	123	51	72	0	0	4	1	1	4	11	7	4	4	7	2	0	1	2	1	3	1	0	5	7	5	3	6	10	5	1	8	3	10	0	5
chr9	41822505	41822612	108	8	0	108	71	37	6	5	3	6	5	4	3	5	6	1	1	4	3	5	5	9	9	3	0	3	3	1	0	2	2	0	0	0	3	3	0	6
chr9	41822613	41822651	39	8	0	39	28	11	4	0	3	4	0	0	2	0	3	1	0	0	4	2	2	2	1	0	1	2	0	0	0	0	0	0	0	2	1	0	0	3
chr9	41822652	41822773	122	8	0	122	80	42	11	4	4	11	6	0	7	4	5	2	3	6	9	3	1	3	5	1	0	2	2	2	0	3	4	3	0	3	6	1	2	7
chr9	41822774	41822798	25	8	0	25	19	6	1	0	1	1	0	0	0	0	2	0	0	2	1	0	3	6	0	0	0	0	0	1	0	1	0	0	0	0	0	1	0	3
chr9	41822799	41822933	135	8	0	135	60	75	2	1	2	3	1	7	7	4	4	7	8	3	1	1	3	5	5	5	4	2	7	9	1	9	3	4	2	1	4	9	1	8
chr9	41822940	41822986	47	8	0	47	26	21	2	1	2	3	2	2	2	2	3	0	3	1	1	0	0	0	2	0	0	1	1	1	0	2	2	1	1	2	3	2	1	2
chr9	41822987	41823194	208	8	0	208	121	87	15	3	7	14	6	8	11	5	9	4	6	8	9	5	5	5	7	6	2	5	5	7	2	9	7	1	0	7	11	9	0	8
chr9	41823195	41823223	29	8	0	29	15	14	1	1	2	0	2	0	1	2	1	0	0	2	0	2	0	0	2	0	0	1	1	2	0	1	1	2	0	1	1	0	0	1
chr9	41823224	41823363	140	8	0	140	82	58	13	3	6	6	6	4	5	2	5	1	8	2	5	3	7	4	4	3	0	4	2	4	1	6	6	2	1	9	5	4	0	7
chr9	41823364	41823397	34	7	0	34	21	13	1	2	1	1	0	2	1	4	2	0	0	3	1	0	0	1	2	1	0	1	3	1	0	0	0	0	0	0	2	2	0	1
chr9	41823398	41823515	118	8	0	118	80	38	11	9	6	6	7	3	2	6	7	1	2	1	6	2	3	7	8	2	1	3	3	1	0	0	4	0	1	3	3	1	0	7
chr9	41823516	41823532	17	7	0	17	15	2	9	2	0	0	2	0	0	0	0	0	0	0	0	0	0	0	2	0	0	0	0	0	0	0	0	0	0	0	0	0	0	0
chr9	41823533	41823663	131	8	0	131	54	77	4	3	2	2	3	3	9	3	3	3	12	3	1	2	1	0	1	2	2	5	6	4	3	7	6	7	5	6	5	6	4	6
chr9	41823664	41823700	37	7	0	37	16	21	1	1	0	2	1	2	1	0	0	2	0	0	1	1	2	0	2	2	1	2	2	4	2	0	0	2	2	0	0	0	1	1
chr9	41823701	41823886	186	8	0	186	101	85	12	6	3	10	7	8	9	3	4	3	7	5	8	5	4	6	8	7	2	4	8	6	3	7	6	7	2	5	5	4	3	7
chr9	41823887	41823916	30	7	0	30	18	12	2	1	1	0	0	1	3	0	1	1	1	1	1	1	1	3	2	0	0	2	0	1	0	1	0	0	0	0	2	0	0	2
chr9	41823917	41824076	160	8	0	160	117	43	19	4	7	16	8	1	4	6	9	3	1	3	11	6	5	12	5	1	1	7	3	1	0	1	4	0	1	3	7	3	0	6
chr9	41824077	41824095	19	7	0	19	15	4	2	1	0	3	1	0	0	3	0	0	0	1	3	0	0	1	1	0	0	0	0	0	0	0	0	0	0	0	1	0	0	0
chr9	41824096	41824449	354	8	0	354	250	104	47	13	16	22	7	9	3	22	19	6	4	7	26	11	17	19	16	6	1	16	4	5	3	5	7	2	1	2	14	4	1	17
chr9	41824450	41824461	12	7	0	12	6	6	1	0	1	0	1	1	0	2	0	0	0	0	0	0	0	0	0	0	0	0	0	0	0	0	3	0	0	1	0	0	0	0
chr9	41824462	41824534	73	8	0	73	53	20	9	1	3	9	0	2	2	3	6	0	1	3	6	2	1	3	1	1	0	3	3	1	0	1	0	0	0	0	3	3	0	4
chr9	41824535	41824617	83	7	0	83	34	49	7	0	3	1	3	4	3	0	0	3	5	2	1	0	1	0	1	1	1	4	3	3	4	1	5	5	6	4	1	3	3	3
chr9	41824618	41824648	31	8	0	31	14	17	0	1	0	1	0	0	2	3	2	1	3	0	0	0	0	0	0	1	0	1	1	1	0	2	2	2	0	0	2	1	0	3
chr9	41824649	41824914	266	8	0	266	139	127	12	6	3	14	5	13	11	10	7	6	11	8	11	6	9	6	12	9	3	7	12	13	6	8	4	10	3	7	11	7	2	12
chr9	41824915	41825003	89	7	0	89	53	36	9	3	4	4	5	5	3	2	3	5	5	0	3	0	1	0	5	2	2	5	2	0	0	2	2	0	1	1	6	2	0	5
chr9	41825004	41825140	137	8	0	137	93	44	30	3	7	7	6	5	4	2	5	4	3	1	6	3	3	2	8	2	0	5	2	1	2	3	3	1	0	4	4	4	0	5
chr9	41825141	41825154	14	7	0	14	7	7	0	1	1	0	0	0	1	0	1	0	1	0	1	1	0	0	0	1	0	1	0	0	0	1	0	0	0	0	1	0	1	0
chr9	41825155	41825550	396	8	0	396	288	108	56	11	16	35	17	8	8	13	12	3	8	13	33	10	10	33	10	7	0	15	9	2	0	9	9	4	0	7	18	7	0	11
chr9	41825551	41825579	29	8	0	29	23	6	5	0	2	4	0	0	1	1	0	0	0	1	6	1	0	1	1	0	0	0	0	0	0	1	1	0	0	1	0	0	0	1
chr9	41825580	41825631	52	8	0	52	37	15	3	1	4	3	3	1	0	3	2	2	1	2	3	2	1	6	2	1	0	3	1	0	0	0	0	0	0	0	3	0	0	3
chr9	41825632	41825656	25	8	0	25	19	6	7	0	0	3	1	1	0	0	1	1	1	1	1	0	0	1	0	0	1	0	0	0	0	0	0	0	0	0	2	0	1	1
chr9	41825657	41825721	65	7	0	65	26	39	0	1	0	1	2	5	6	0	0	1	7	1	0	0	0	0	1	3	0	3	5	2	0	3	6	2	1	3	2	3	1	4
chr9	41825722	41825875	154	8	0	154	75	79	9	2	1	6	3	4	10	1	4	6	8	4	2	4	7	3	4	5	3	4	8	4	1	8	2	8	3	7	5	4	5	7
chr9	41825876	41825908	33	8	0	33	15	18	1	0	1	1	1	1	2	0	0	1	3	1	1	1	0	0	1	1	0	1	1	1	1	1	1	1	1	1	1	1	1	3
chr9	41825914	41826350	437	8	0	437	255	182	27	17	11	17	11	17	15	23	12	6	18	12	21	13	10	24	27	12	0	14	17	13	5	17	5	11	1	11	16	16	4	12
chr9	41826351	41826379	29	8	0	29	20	9	3	1	1	3	1	0	1	0	2	0	2	1	3	0	1	0	0	0	0	1	1	1	0	0	0	0	0	0	1	1	0	3
chr9	41826380	41826530	151	8	0	151	107	44	13	6	7	13	5	0	5	6	7	4	3	0	14	7	6	9	6	3	0	8	2	0	0	4	3	1	0	2	6	2	0	7
chr9	41826531	41826560	30	8	0	30	23	7	6	0	1	4	2	0	0	2	1	0	1	2	2	0	0	2	0	0	0	0	1	0	0	0	0	0	0	0	1	1	0	2
chr9	41826561	41827048	488	8	0	488	283	205	22	12	22	22	15	14	25	23	20	13	24	13	21	13	11	11	20	11	2	19	19	8	0	15	11	13	1	15	27	10	1	33
chr9	41827049	41827079	31	8	0	31	11	20	0	0	2	0	1	0	2	0	1	0	5	0	0	0	0	0	0	0	0	0	2	2	0	2	1	3	0	2	0	1	0	5
chr9	41827080	41827089	10	8	0	10	4	6	0	0	0	0	0	1	0	0	0	0	1	0	0	0	1	0	0	1	0	0	0	0	0	1	1	0	0	1	0	1	0	0
chr9	41827090	41827351	262	8	0	262	143	119	8	10	5	10	12	12	10	13	8	6	13	14	5	2	4	11	13	9	1	7	18	10	0	10	2	3	0	3	14	14	1	12
chr9	41827352	41827486	135	8	0	135	70	65	5	1	7	5	4	5	7	4	4	7	4	3	4	2	3	3	5	4	1	5	8	7	1	6	3	4	0	3	4	7	0	7
chr9	41827487	41827694	208	8	0	208	111	97	11	3	7	9	6	11	13	5	9	3	16	5	4	3	4	1	8	1	0	11	6	5	0	8	8	6	1	9	14	6	1	12
chr9	41827695	41827810	116	8	0	116	81	35	14	1	4	13	5	3	3	4	5	1	2	4	8	1	5	7	2	1	0	3	2	1	0	1	5	1	0	6	6	2	0	4
chr9	41827811	41827820	10	8	0	10	7	3	0	1	1	0	0	0	0	1	1	0	0	0	0	0	0	1	1	0	0	0	0	0	0	1	0	0	0	0	0	1	0	0
chr9	41827821	41827862	42	7	0	42	25	17	4	0	1	4	2	1	0	1	0	2	3	0	3	1	1	1	1	3	0	0	1	3	0	2	1	0	0	1	2	0	0	2
chr9	41827864	41827910	47	8	0	47	31	16	5	2	0	6	3	2	1	1	1	1	2	0	3	0	0	3	3	1	0	1	4	2	0	0	0	0	0	0	0	3	0	1
chr9	41827911	41828111	201	8	0	201	116	85	13	8	11	8	11	7	5	4	11	5	9	0	5	5	6	8	9	8	1	6	6	7	0	9	2	3	1	6	10	5	0	10
chr9	41828112	41828175	64	8	0	64	38	26	2	1	2	3	1	1	5	1	4	2	2	2	2	2	3	3	1	4	0	1	3	0	0	3	0	1	0	3	4	1	0	5
chr9	41828176	41828320	145	8	0	145	95	50	18	2	7	11	6	4	3	6	6	1	5	4	7	4	5	4	7	2	0	2	3	3	0	5	2	3	0	7	7	3	0	6
chr9	41828321	41828332	12	7	0	12	9	3	2	1	0	1	0	0	1	0	1	0	0	0	1	1	0	0	0	0	0	1	0	0	0	0	0	0	0	0	1	0	0	0
chr9	41828333	41828588	256	8	0	256	177	79	24	10	8	16	9	6	4	17	4	3	3	8	22	12	7	23	16	7	2	6	9	3	0	6	6	3	0	3	5	5	0	7
chr9	41828589	41828610	22	7	0	22	9	13	0	1	1	0	2	2	0	0	0	0	3	0	0	0	0	0	1	1	0	1	2	1	0	2	0	0	0	0	1	1	0	1
chr9	41828611	41828703	93	8	0	93	56	37	8	5	6	3	9	5	0	2	2	1	4	2	2	3	2	1	6	2	0	6	4	1	0	4	2	2	0	0	3	4	0	2
chr9	41828704	41828733	30	8	0	30	21	9	4	1	1	2	1	1	2	0	2	1	0	1	0	1	1	1	2	1	0	1	1	0	0	0	0	0	0	0	1	0	0	3
chr9	41828734	41828786	53	8	0	53	41	12	10	0	1	7	2	0	1	2	5	0	1	0	1	5	3	3	3	0	0	2	0	0	0	0	0	0	0	0	1	0	0	4
chr9	41828787	41828826	40	8	0	40	29	11	9	0	1	4	0	2	1	0	1	0	1	0	4	1	0	4	0	1	1	1	0	0	1	2	1	1	0	0	2	0	0	0
chr9	41828827	41828848	22	8	0	22	13	9	5	0	0	0	1	0	0	1	0	1	3	1	0	0	0	0	0	0	0	1	1	0	0	0	0	0	1	0	1	1	1	2
chr9	41828849	41828884	36	8	0	36	14	22	0	0	0	0	0	2	4	2	0	1	2	2	0	0	0	0	1	0	0	2	3	1	0	1	3	3	1	1	1	1	1	2
chr9	41828885	41828970	86	8	0	86	34	52	0	1	1	1	1	3	9	3	2	1	7	0	0	2	2	0	1	3	0	3	5	1	0	8	7	7	0	6	4	4	0	2
chr9	41828971	41829004	34	7	0	34	23	11	8	0	1	3	1	0	0	0	0	2	0	0	3	2	2	1	1	0	0	2	0	1	1	0	0	1	1	0	0	0	1	1
chr9	41829005	41829098	94	8	0	94	43	51	2	1	3	2	3	5	4	5	1	3	3	4	2	2	0	1	3	5	2	1	8	4	1	6	2	6	1	1	4	4	0	3
chr9	41829099	41829434	336	8	0	336	234	102	30	10	11	32	16	9	7	16	13	5	4	7	25	13	11	23	17	5	1	14	11	0	1	6	5	7	0	6	15	6	0	8
chr9	41829435	41829471	37	8	0	37	28	9	4	1	2	4	2	1	1	0	1	2	0	0	3	1	2	2	4	0	0	2	0	0	0	0	0	0	0	0	0	0	0	3
chr9	41829472	41829523	52	8	0	52	42	10	10	1	3	5	2	0	0	1	3	1	1	1	5	2	2	3	1	0	0	3	0	0	0	0	0	0	0	0	3	0	0	3
chr9	41829524	41829562	39	8	0	39	26	13	6	2	3	2	3	2	0	0	3	0	0	1	1	0	0	3	1	0	0	1	2	0	0	1	1	1	0	0	1	2	0	1
chr9	41829563	41829679	117	8	0	117	85	32	14	5	1	10	6	0	2	9	6	2	2	2	4	4	5	13	9	1	0	1	0	1	0	4	2	0	0	0	6	3	0	3
chr9	41829680	41829708	29	7	0	29	21	8	2	1	1	3	0	0	0	2	1	0	0	0	4	0	4	2	0	0	0	1	1	0	0	0	1	1	0	2	0	0	0	1
chr9	41829709	41829811	103	8	0	103	69	34	9	5	4	7	6	2	3	6	2	1	2	2	7	3	4	4	8	1	0	2	2	0	0	2	3	2	0	7	4	1	0	2
chr9	41829812	41829848	37	8	0	37	28	9	6	0	1	4	3	0	0	1	0	0	1	0	2	2	0	7	0	2	0	0	1	1	0	1	1	0	0	1	1	0	0	0
chr9	41829849	41830224	376	8	0	376	262	114	50	10	15	29	11	7	8	20	18	4	7	9	25	10	16	22	12	5	0	14	6	4	0	12	10	7	0	5	17	6	0	15
chr9	41830225	41830266	42	8	0	42	29	13	7	1	1	3	0	1	0	3	3	0	1	1	2	1	4	1	0	1	0	1	2	0	0	0	1	0	0	1	1	1	0	3
chr9	41830267	41830334	68	8	0	68	49	19	10	2	3	6	1	0	3	1	4	2	2	2	6	1	3	2	0	0	0	5	1	0	0	1	1	1	0	0	3	1	0	5
chr9	41830335	41830551	217	8	0	217	118	99	10	6	11	9	12	5	8	12	8	7	7	4	6	6	5	1	10	8	1	5	9	4	0	12	6	9	2	7	12	4	1	8
chr9	41830552	41830598	47	8	0	47	25	22	1	3	1	0	1	2	1	4	2	0	0	0	1	1	5	2	0	2	0	4	4	0	0	2	4	3	0	1	0	1	0	0
chr9	41830607	41830804	198	8	0	198	93	105	13	8	4	3	12	9	11	0	2	7	13	2	2	3	2	1	11	7	3	6	10	5	1	12	6	9	5	5	5	7	5	7
chr9	41830805	41830844	40	8	0	40	16	24	0	1	1	0	1	1	2	1	1	0	4	2	0	0	0	0	0	1	1	1	1	1	2	2	2	2	1	3	2	2	2	1
chr9	41830845	41830986	142	8	0	142	63	79	8	3	0	4	2	5	6	1	2	4	9	5	3	4	5	2	3	6	4	3	6	5	8	7	1	7	2	5	4	8	3	5
chr9	41830991	41831034	44	8	0	44	16	28	1	0	1	1	1	3	3	0	0	0	3	1	1	1	0	0	1	0	1	2	3	2	1	3	2	4	1	2	1	2	1	0
chr9	41831035	41831299	265	8	0	265	137	128	12	4	3	13	7	5	22	10	2	6	13	6	11	4	8	11	7	5	2	4	12	4	1	14	17	13	1	19	8	9	1	9
chr9	41831300	41831336	37	8	0	37	25	12	4	1	1	3	2	1	2	0	2	0	1	1	2	1	1	2	1	1	0	1	2	0	0	0	1	1	0	0	1	0	0	3
chr9	41831339	41831416	78	8	0	78	56	22	8	5	1	8	1	2	5	1	7	0	0	1	6	3	1	6	5	1	1	2	1	0	0	1	1	0	1	0	3	1	0	4
chr9	41831417	41831497	81	8	0	81	54	27	4	3	2	5	6	2	2	1	1	3	2	2	3	5	4	8	7	3	0	3	2	2	0	1	0	0	0	0	2	0	0	6
chr9	41831501	41831745	245	8	0	245	170	75	28	8	11	22	9	6	8	11	11	5	1	6	20	10	8	4	13	6	3	7	6	1	0	2	7	0	1	6	8	2	0	13
chr9	41831746	41831760	15	7	0	15	8	7	0	1	1	0	1	0	2	0	1	0	0	0	0	2	0	0	1	0	0	1	0	0	0	0	1	0	0	1	1	0	0	0
chr9	41831761	41831855	95	8	0	95	66	29	11	4	4	7	3	0	2	3	4	1	3	4	8	0	4	8	0	2	0	3	3	0	0	2	1	1	1	2	4	2	1	5
chr9	41831856	41831958	103	8	0	103	76	27	16	1	1	10	4	2	2	8	2	4	1	3	6	3	2	9	4	5	0	1	3	0	0	2	2	0	0	0	7	0	0	3
chr9	41831959	41831985	27	8	0	27	11	16	0	1	0	0	1	2	1	1	0	0	0	2	0	0	1	1	0	3	0	0	3	2	0	1	1	2	0	1	2	0	0	0
chr9	41831986	41832330	345	8	0	345	208	137	21	9	10	23	11	9	16	19	20	6	14	14	11	3	5	16	11	8	1	7	18	5	1	11	8	5	0	7	18	17	0	19
chr9	41832331	41832461	131	8	0	131	75	56	5	0	7	5	4	6	6	5	3	4	6	2	5	9	3	4	8	5	2	4	3	2	0	6	6	1	0	3	3	3	0	9
chr9	41832462	41832542	81	8	0	81	41	40	5	0	5	2	3	7	3	2	4	2	4	2	0	1	1	0	2	2	0	6	5	1	0	3	3	3	0	1	5	4	0	3
chr9	41832543	41832607	65	8	0	65	30	35	0	2	1	1	1	2	5	5	3	3	1	2	0	1	1	0	3	5	0	0	6	2	0	5	1	2	0	1	3	4	0	3
chr9	41832608	41832696	89	8	0	89	49	40	2	0	1	5	1	6	6	4	1	3	2	3	3	3	3	4	4	4	0	4	5	2	0	4	3	4	0	1	5	1	0	3
chr9	41832697	41832715	19	7	0	19	7	12	0	0	1	0	1	1	1	0	1	0	1	0	0	0	0	0	0	1	0	0	2	2	0	1	0	1	0	2	1	1	0	0
chr9	41832716	41833079	364	8	0	364	156	208	5	8	10	8	14	9	29	14	9	7	10	8	3	3	11	7	8	17	0	2	32	19	0	29	14	32	1	19	11	12	1	10
chr9	41833080	41833115	36	8	0	36	15	21	1	3	0	0	0	0	4	1	2	0	2	0	1	0	0	1	0	2	0	1	2	3	0	2	0	3	0	2	3	0	0	1
chr9	41833116	41833164	49	8	0	49	20	29	0	1	2	1	1	0	2	1	3	0	2	1	0	2	1	3	0	2	0	1	1	5	3	4	0	4	0	1	3	2	0	1
chr9	41833165	41833225	61	8	0	61	28	33	0	0	3	1	2	1	4	1	1	3	3	2	1	1	2	2	0	1	0	3	5	1	0	5	1	6	0	1	2	3	0	4
chr9	41833228	41833290	63	7	0	63	23	40	0	0	0	0	0	4	8	0	0	4	3	0	0	2	0	0	2	6	0	2	9	4	0	3	0	4	0	2	2	2	0	4
chr9	41833291	41833398	108	8	0	108	44	64	0	1	3	0	4	5	7	5	0	5	3	1	0	1	4	3	2	5	0	5	11	9	0	6	5	9	0	2	3	3	0	4
chr9	41833399	41833467	69	7	0	69	26	43	2	0	0	2	0	4	5	5	0	2	0	1	2	0	1	1	1	4	0	1	10	8	0	4	2	8	0	1	1	2	0	0
chr9	41833468	41833492	25	8	0	25	12	13	0	1	1	1	1	0	2	0	2	0	1	1	0	0	0	0	0	0	0	1	3	1	0	1	0	2	0	0	0	2	0	3
chr9	41833493	41833789	297	8	0	297	190	107	23	9	20	19	16	10	9	12	21	6	3	7	11	8	5	10	19	6	0	9	10	3	0	8	2	5	0	7	16	8	0	13
chr9	41833790	41833835	46	8	0	46	32	14	8	3	1	3	1	1	3	1	4	1	2	0	2	0	0	2	3	1	0	0	1	0	0	0	0	0	0	0	2	0	0	5
chr9	41833836	41834062	227	8	0	227	143	84	23	9	15	10	8	4	13	7	18	6	6	5	9	0	3	6	6	5	0	8	4	1	1	7	8	3	0	5	14	4	1	16
chr9	41834063	41834138	76	8	0	76	51	25	14	1	6	6	1	0	3	1	8	0	3	2	4	1	0	1	1	0	0	1	3	1	0	3	0	1	0	1	1	4	0	7
chr9	41834139	41834223	85	8	0	85	60	25	9	4	5	6	6	2	1	3	5	1	2	5	4	1	1	4	3	1	0	4	2	0	0	1	0	0	0	0	7	1	0	5
chr9	41834224	41834417	194	8	0	194	133	61	20	7	12	11	9	3	3	8	9	4	3	8	12	5	5	13	10	3	0	6	5	3	0	5	3	1	0	0	5	6	2	11
chr9	41834418	41834452	35	8	0	35	32	3	11	1	1	6	0	0	0	0	0	0	0	2	8	0	0	2	0	0	0	1	0	0	0	0	0	0	0	0	1	0	0	0
chr9	41834453	41834469	17	8	0	17	13	4	2	0	2	0	0	0	0	0	0	0	0	0	2	2	0	3	0	2	0	0	0	0	0	2	0	0	0	0	0	0	0	0
chr9	41834470	41834622	153	8	0	153	113	40	14	3	4	17	7	4	3	8	10	2	1	7	8	5	4	14	7	2	0	5	4	1	0	1	0	0	0	0	11	3	0	6
chr9	41834623	41834642	20	8	0	20	14	6	4	0	0	2	0	1	1	1	2	0	0	0	0	0	0	1	1	0	0	0	1	0	0	0	1	1	0	0	1	0	0	1
chr9	41834643	41834692	50	8	0	50	27	23	3	3	1	2	1	2	2	2	1	0	2	0	4	0	0	4	2	0	1	2	3	0	0	2	1	4	3	1	1	1	0	0
chr9	41834693	41834757	65	8	0	65	25	40	1	1	1	1	1	3	4	0	1	3	5	1	1	1	0	0	1	5	0	2	4	4	2	5	2	3	0	1	2	3	4	1
chr9	41834758	41834804	47	8	0	47	29	18	6	3	1	1	2	0	2	2	2	1	1	0	1	2	2	1	4	1	0	1	1	2	0	2	1	1	0	0	1	1	0	3
chr9	41834805	41834881	77	8	0	77	36	41	1	1	1	4	2	1	6	3	2	1	4	2	1	2	2	1	1	1	0	3	2	2	2	5	5	5	2	4	4	3	0	2
chr9	41834882	41834966	85	8	0	85	41	44	8	4	1	1	6	3	4	2	1	0	8	1	0	0	0	0	2	3	0	2	5	1	0	5	5	4	3	4	3	3	1	3
chr9	41834967	41835003	37	8	0	37	22	15	6	2	1	1	3	1	0	0	1	0	0	2	0	1	1	2	1	2	1	0	3	2	1	1	0	0	0	0	0	2	0	1
chr9	41835004	41835056	53	8	0	53	41	12	6	2	4	8	3	0	1	1	4	0	0	0	5	1	1	3	1	1	0	1	0	0	0	1	2	0	0	2	2	0	0	2
chr9	41835057	41835111	55	8	0	55	39	16	1	2	0	5	3	0	2	5	1	0	1	3	3	2	1	9	2	1	0	1	2	0	0	0	2	1	0	1	4	0	0	1
chr9	41835112	41835250	139	8	0	139	92	47	14	6	5	8	4	2	6	4	6	2	4	4	9	5	5	6	7	5	0	3	5	1	0	4	2	0	0	4	2	4	0	10
chr9	41835257	41835270	14	8	0	14	7	7	0	0	1	1	0	0	1	1	2	0	1	0	0	0	0	0	0	0	0	0	0	0	0	0	1	1	0	0	1	0	0	2
chr9	41835271	41835414	144	8	0	144	96	48	20	6	5	11	9	5	2	5	4	3	3	3	10	3	1	4	8	4	1	4	7	4	0	3	3	0	0	1	3	6	1	3
chr9	41835415	41835481	67	8	0	67	44	23	12	3	4	3	7	0	0	3	2	1	0	2	1	1	2	2	3	1	0	1	2	1	0	2	3	2	0	2	2	1	0	2
chr9	41835482	41835529	48	8	0	48	37	11	5	2	2	7	3	1	0	1	4	0	1	1	2	0	1	5	2	0	0	1	1	1	0	0	0	0	0	0	2	1	0	3
chr9	41835530	41835548	19	8	0	19	10	9	1	0	0	1	1	2	0	2	0	0	1	0	0	1	0	1	1	1	0	0	2	0	0	0	0	1	0	1	1	0	0	0
chr9	41835549	41835582	34	8	0	34	23	11	2	1	0	1	2	0	1	1	0	1	0	2	1	2	1	6	1	1	0	2	1	2	0	1	0	0	0	0	2	1	0	0
chr9	41835583	41835722	140	8	0	140	104	36	20	5	5	13	11	0	1	4	4	2	2	3	8	3	2	19	6	1	0	4	5	3	0	2	1	3	0	0	4	3	0	4
chr9	41835729	41835769	41	8	0	41	32	9	7	0	0	3	2	1	1	2	1	1	0	4	1	1	2	4	1	0	0	2	0	0	0	0	0	0	0	0	5	0	0	1
chr9	41835770	41835814	45	8	0	45	29	16	2	1	0	5	1	2	1	2	2	0	1	2	2	2	2	2	2	3	0	0	2	1	0	1	0	0	1	1	2	0	1	2
chr9	41835815	41835953	139	8	0	139	86	53	11	8	7	4	4	7	5	6	8	1	2	4	7	6	2	3	10	6	0	6	7	5	0	3	0	0	0	0	5	4	0	6
chr9	41835954	41836027	74	8	0	74	54	20	10	2	2	6	3	2	0	3	2	0	1	2	6	2	3	9	0	3	0	2	5	0	0	0	1	0	0	3	2	2	0	1
chr9	41836028	41836051	24	8	0	24	16	8	1	0	1	1	0	1	0	0	2	0	2	3	0	0	1	3	0	0	0	1	0	0	0	0	0	0	0	0	1	0	2	3
chr9	41836052	41836120	69	8	0	69	46	23	3	4	0	6	3	2	3	4	3	2	2	0	4	1	1	8	5	1	0	3	2	1	0	1	2	0	0	0	3	2	0	1
chr9	41836121	41836152	32	8	0	32	23	9	3	0	1	2	1	1	1	1	0	2	0	1	2	2	1	4	2	0	0	3	1	0	0	0	0	0	0	0	1	1	0	0
chr9	41836153	41836220	68	8	0	68	43	25	4	0	3	5	3	2	1	6	6	2	2	3	0	2	0	2	4	1	0	1	4	0	0	2	0	0	0	0	5	5	0	3
chr9	41836221	41836265	45	8	0	45	25	20	2	3	0	1	0	3	3	1	2	1	2	0	2	0	2	2	2	1	1	3	2	0	0	2	1	1	0	0	2	2	0	2
chr9	41836266	41836318	53	8	0	53	41	12	13	0	3	3	2	0	1	2	2	0	0	4	3	2	2	3	0	0	0	2	0	0	0	1	2	0	0	0	2	1	0	3
chr9	41836319	41836506	188	8	0	188	118	70	13	7	5	8	3	2	12	6	7	3	2	8	10	11	7	14	10	4	1	7	6	6	1	5	3	1	0	4	4	7	0	9
chr9	41836507	41836523	17	7	0	17	9	8	0	1	0	0	0	1	1	1	1	0	3	1	0	0	0	0	1	0	0	0	0	0	0	0	0	0	0	0	2	0	0	3
chr9	41836524	41836699	176	8	0	176	111	65	17	7	3	6	12	20	2	10	3	2	3	6	1	6	3	10	24	6	1	4	4	0	0	2	4	1	1	2	11	0	0	3
chr9	41836700	41836762	63	7	0	63	25	38	0	2	1	0	3	4	5	0	1	0	6	2	0	0	0	0	0	3	0	3	3	4	1	4	5	2	0	3	3	3	1	2
chr9	41836763	41836842	80	8	0	80	43	37	6	0	0	4	1	4	6	0	1	2	4	1	3	4	4	1	3	4	1	2	5	2	0	3	1	2	0	5	2	2	1	4
chr9	41836843	41836994	152	8	0	152	68	84	7	4	3	5	4	5	11	6	3	2	3	2	5	4	0	3	6	6	0	3	12	12	0	8	5	13	3	5	4	2	3	1
chr9	41836995	41837169	175	8	0	175	105	70	18	7	10	5	9	6	8	4	6	5	5	3	6	4	4	4	11	4	0	7	6	1	0	7	5	3	0	6	5	7	0	7
chr9	41837172	41837247	76	8	0	76	35	41	2	1	4	2	6	4	4	2	1	2	5	2	0	0	0	0	2	1	0	4	5	2	0	2	7	4	0	3	2	3	0	4
chr9	41837248	41838103	856	8	0	856	472	384	46	21	33	35	27	25	47	42	39	22	27	26	23	15	23	21	33	19	1	30	39	24	2	35	24	31	3	27	45	27	4	38
chr9	41838104	41838153	50	8	0	50	24	26	1	1	2	0	1	0	3	3	2	2	3	1	0	1	3	0	2	3	0	0	1	0	0	5	1	2	0	3	3	1	1	3
chr9	41838154	41838178	25	8	0	25	15	10	0	0	0	0	0	2	3	0	0	2	0	1	0	2	2	1	3	0	0	3	0	0	0	0	0	0	0	0	2	0	0	2
chr9	41838179	41838226	48	7	0	48	25	23	3	2	1	2	0	0	4	3	2	2	1	0	3	0	0	1	2	1	0	0	3	3	0	2	2	1	0	3	1	3	0	1
chr9	41838227	41838415	189	8	0	189	130	59	19	4	5	17	8	5	4	6	5	3	2	8	12	8	9	13	7	5	0	8	5	2	0	8	4	2	0	0	7	6	0	5
chr9	41838416	41838429	14	7	0	14	7	7	0	0	1	0	0	0	2	0	1	1	0	0	0	0	0	0	0	0	0	1	1	0	0	0	0	1	0	1	1	0	0	2
chr9	41838430	41838440	11	8	0	11	6	5	0	0	0	0	0	1	1	0	1	0	1	0	0	0	0	0	0	0	0	1	0	0	0	0	1	0	0	1	2	0	0	0
chr9	41838441	41838529	89	8	0	89	61	28	11	2	3	6	4	4	2	7	2	1	0	2	6	4	1	5	5	2	0	3	3	0	0	1	4	2	0	2	5	0	0	0
chr9	41838530	41838805	276	8	0	276	175	101	26	8	9	24	21	8	8	15	13	5	3	7	7	6	3	10	12	10	1	4	13	3	0	8	12	2	0	8	15	9	1	3
chr9	41838806	41838873	68	8	0	68	51	17	3	2	1	10	2	1	1	3	2	1	1	0	8	4	4	6	4	2	0	2	1	1	0	1	0	0	0	2	2	0	0	2
chr9	41838874	41838909	36	8	0	36	25	11	3	3	1	2	3	1	0	2	0	0	1	1	3	0	0	3	3	0	0	1	1	0	0	0	2	1	0	1	2	0	0	0
chr9	41838910	41838964	55	8	0	55	40	15	7	2	3	2	1	1	2	1	3	0	1	5	3	1	1	5	3	1	0	0	1	0	0	1	0	0	0	0	2	1	0	6
chr9	41838965	41839120	156	8	0	156	91	65	10	8	4	7	6	2	7	13	10	2	4	3	3	3	1	7	4	4	0	7	5	6	0	6	8	3	1	2	12	4	1	1
chr9	41839121	41839152	32	8	0	32	9	23	0	0	1	0	1	1	1	0	0	0	4	0	0	0	0	0	0	1	0	1	1	5	2	2	2	1	1	2	0	3	1	0
chr9	41839153	41839219	67	8	0	67	31	36	3	1	3	0	3	4	5	0	0	1	3	0	1	5	2	0	3	3	0	4	3	3	0	3	5	2	0	4	1	1	0	2
chr9	41839220	41839245	26	8	0	26	10	16	0	0	0	0	0	1	2	1	0	1	1	1	0	0	2	0	1	1	0	0	1	3	0	2	2	1	0	1	0	1	0	2
chr9	41839251	41839309	59	8	0	59	29	30	4	2	3	1	1	2	3	3	3	1	2	0	2	1	1	0	2	2	0	2	3	6	0	2	2	2	0	2	2	1	0	2
chr9	41839310	41839334	25	8	0	25	13	12	1	2	1	0	0	2	2	0	0	0	1	0	3	0	1	0	2	0	0	2	0	0	0	0	1	1	0	3	1	0	0	0
chr9	41839335	41839416	82	8	0	82	38	44	2	2	2	1	3	8	5	2	2	4	4	1	0	0	0	0	6	5	0	3	2	4	0	7	5	1	0	0	6	3	0	2
chr9	41839417	41839474	58	8	0	58	36	22	5	0	2	7	4	2	0	3	3	0	3	2	2	1	0	1	1	1	0	1	4	3	0	0	1	2	0	1	3	1	0	3
chr9	41839475	41839491	17	8	0	17	8	9	1	0	1	0	0	0	1	0	2	0	1	0	0	0	0	0	0	0	0	0	0	2	0	2	0	0	0	2	1	2	0	0
chr9	41839493	41839537	45	8	0	45	18	27	0	0	2	1	0	0	5	0	2	3	2	1	1	1	0	0	1	2	0	1	2	4	0	3	1	1	0	2	1	4	0	3
chr9	41839538	41839580	43	8	0	43	20	23	1	0	4	0	2	1	2	1	2	1	3	1	0	1	1	0	1	1	0	1	3	0	1	0	1	1	0	6	1	1	1	3
chr9	41839581	41839763	183	8	0	183	89	94	9	5	6	3	3	3	9	9	6	5	11	4	4	2	6	2	7	4	1	3	8	9	4	9	6	6	0	10	3	11	3	10
chr9	41839764	41839835	72	8	0	72	26	46	4	0	3	0	3	3	1	4	1	2	4	0	0	0	0	0	0	3	1	1	7	12	1	4	0	7	0	2	4	2	0	1
chr9	41839836	41839958	123	8	0	123	72	51	6	2	4	8	3	6	7	3	7	2	3	4	3	3	3	7	6	2	0	5	4	6	0	5	4	1	0	1	5	5	0	6
chr9	41839959	41840022	64	8	0	64	45	19	6	1	3	4	3	1	2	2	3	1	1	0	3	6	1	6	5	1	1	3	1	0	0	1	0	0	0	2	2	1	1	1
chr9	41840023	41840068	46	8	0	46	33	13	3	1	0	4	2	1	0	5	0	1	0	1	3	5	1	5	4	3	0	1	3	0	0	0	0	0	0	0	1	0	0	0
chr9	41840069	41840198	130	8	0	130	96	34	17	8	3	10	3	10	2	7	3	1	0	2	14	2	4	8	15	2	0	4	2	0	0	1	3	0	0	1	2	1	0	3
chr9	41840199	41840624	426	9	0	426	243	183	19	9	12	23	12	13	20	22	15	9	12	20	17	7	10	22	18	10	0	10	16	23	2	16	13	6	1	12	20	18	1	16
chr9	41840625	41840637	13	9	0	13	6	7	0	0	0	0	0	0	1	1	0	1	1	1	0	0	0	0	0	0	0	1	0	0	0	1	1	0	0	1	1	1	0	0
chr9	41840638	41840816	179	9	0	179	116	63	15	11	11	9	12	3	3	5	4	3	1	7	15	3	5	7	7	7	1	6	5	5	1	4	4	2	1	5	8	1	1	5
chr9	41840817	41840833	17	9	0	17	8	9	1	0	0	1	1	0	0	0	0	1	2	1	0	0	0	0	0	0	0	1	1	1	0	1	0	0	0	0	0	3	0	1
chr9	41840834	41840952	119	9	0	119	90	29	22	2	6	12	5	0	4	4	7	0	2	6	6	5	3	4	3	1	0	3	1	0	0	0	2	0	0	4	7	0	0	8
chr9	41840953	41841001	49	9	0	49	34	15	9	3	2	3	1	2	2	1	2	0	0	0	4	1	0	2	2	3	0	1	2	1	0	2	1	0	0	1	1	1	0	0
chr9	41841002	41841498	497	9	0	497	340	157	62	10	22	47	24	8	12	24	25	7	10	14	29	10	6	29	14	8	3	10	13	6	1	9	16	6	0	14	25	9	6	16
chr9	41841499	41842253	755	9	0	755	420	335	41	20	13	39	24	27	37	32	16	12	35	23	33	14	19	34	32	20	3	18	34	20	4	30	27	32	7	22	27	16	8	34
chr9	41842255	41842310	56	9	0	56	29	27	4	1	1	3	1	2	1	3	1	2	2	0	2	1	3	0	1	3	1	1	2	4	1	3	2	2	0	2	3	1	0	1
chr9	41842311	41842379	69	9	0	69	36	33	15	0	0	0	1	3	4	0	0	3	6	2	0	0	0	0	1	0	2	3	3	1	1	1	2	3	3	2	3	2	2	4
chr9	41842380	41842811	432	9	0	432	197	235	29	8	7	9	6	20	20	9	10	8	30	14	7	8	9	2	10	12	7	15	15	21	15	22	13	18	12	12	17	22	6	17
chr9	41842819	41842906	88	9	0	88	34	54	0	0	1	0	1	5	8	0	0	5	7	2	0	2	2	0	3	0	1	8	4	3	0	5	3	5	3	4	4	4	4	2
chr9	41842907	41843064	158	9	0	158	72	86	8	3	5	3	3	7	7	3	2	3	7	6	6	1	3	4	5	5	2	2	9	8	5	8	2	11	3	7	5	6	2	5
chr9	41843065	41843254	190	9	0	190	126	64	23	4	8	16	5	6	5	9	11	1	3	3	12	3	6	9	7	1	1	5	3	5	0	5	9	3	3	3	6	4	0	9
chr9	41843255	41843901	647	9	0	647	360	287	46	14	14	41	18	19	30	19	20	8	26	21	31	17	17	19	11	21	5	21	32	16	9	25	20	25	8	18	23	20	8	23
chr9	41843902	41843938	37	9	0	37	30	7	22	0	0	0	1	0	1	0	0	2	3	0	0	0	0	0	1	0	0	1	0	0	0	0	0	0	0	0	1	0	0	3
chr9	41843939	41843949	11	8	0	11	11	0	7	0	0	1	0	0	0	0	0	0	0	0	0	0	0	1	0	0	0	0	0	0	0	0	0	0	0	0	0	0	0	0
chr9	41843950	41843981	32	9	0	32	32	0	0	0	0	0	0	0	0	0	0	0	0	0	0	0	0	30	0	0	0	0	0	0	0	0	0	0	0	0	0	0	0	0
chr9	41843982	41844133	152	9	0	152	122	30	26	0	4	18	7	1	1	5	5	1	3	4	9	4	3	29	3	1	0	2	3	1	0	1	3	1	0	2	5	2	0	6
chr9	41844141	41844157	17	9	0	17	11	6	1	0	1	1	1	1	1	0	0	0	0	1	1	1	0	0	1	1	0	0	1	0	0	0	1	0	0	1	0	0	0	1
chr9	41844158	41844278	121	8	0	121	93	28	13	1	2	17	3	2	2	3	5	1	7	1	11	5	3	15	0	2	0	7	1	1	0	1	1	0	0	1	8	0	0	6
chr9	41844279	41844296	18	8	0	18	8	10	0	1	1	0	2	0	1	0	0	1	2	0	0	0	0	0	1	0	0	1	0	0	0	0	2	1	0	1	0	0	0	2
chr9	41844297	41844331	35	8	0	35	15	20	0	0	1	0	1	3	3	2	0	0	2	2	0	0	0	0	0	0	0	3	3	0	0	1	3	3	0	2	2	1	0	1
chr9	41844332	41844437	106	9	0	106	46	60	0	2	3	4	3	5	10	2	4	0	5	2	2	3	1	0	3	6	0	1	5	3	0	11	8	6	0	4	4	4	0	3
chr9	41844438	41844549	112	8	0	112	60	52	6	3	3	7	6	4	5	4	4	3	5	0	3	3	2	1	4	5	0	4	9	3	0	6	2	5	0	1	4	5	0	3
chr9	41844550	41844629	80	9	0	80	42	38	5	2	2	3	3	4	7	2	2	2	4	1	2	2	0	0	4	4	0	3	5	2	0	2	3	2	0	3	4	1	0	4
chr9	41844630	41844927	298	8	0	298	153	145	10	6	8	11	9	10	18	17	11	4	13	14	5	6	7	2	9	9	0	9	17	11	1	14	13	11	1	7	15	12	0	16
chr9	41844928	41844963	36	8	0	36	21	15	1	1	0	2	2	2	2	2	1	0	1	2	0	1	0	3	1	2	0	1	2	0	0	0	2	1	0	1	3	0	0	1
chr9	41844964	41845119	156	8	0	156	103	53	23	5	9	11	9	2	3	7	7	1	4	5	8	1	4	3	4	3	0	2	3	1	0	7	6	5	0	5	8	2	0	6
chr9	41845120	41845173	54	9	0	54	32	22	3	2	3	1	2	2	1	4	2	3	2	1	2	2	2	0	4	1	0	3	2	0	0	2	0	0	0	0	2	3	0	3
chr9	41845174	41845468	295	8	0	295	204	91	34	6	8	28	12	9	6	13	7	3	6	14	21	8	8	19	11	6	2	7	11	3	0	7	9	3	0	2	9	9	0	12
chr9	41845470	41845482	13	9	0	13	10	3	6	2	0	0	2	0	0	0	0	0	0	0	0	0	0	0	1	0	0	0	0	0	0	0	0	0	0	0	0	0	0	0
chr9	41845483	41845519	37	9	0	37	18	19	3	1	0	0	0	0	5	0	0	2	3	0	1	1	0	0	2	0	0	2	3	0	0	1	0	3	1	2	0	1	1	3
chr9	41845520	41845575	56	8	0	56	27	29	1	2	0	3	3	4	4	1	2	0	5	2	0	0	0	0	0	4	0	2	3	1	0	3	4	0	0	2	4	2	0	2
chr9	41845576	41845656	81	9	0	81	42	39	5	0	3	2	1	2	4	3	1	2	3	0	2	4	6	2	2	1	1	4	4	2	0	3	2	5	3	6	2	1	0	3
chr9	41845657	41845714	58	8	0	58	27	31	1	2	1	0	2	2	0	5	1	3	4	5	0	0	0	0	1	5	1	0	3	1	1	3	0	1	1	0	5	2	3	3
chr9	41845715	41845796	82	9	0	82	39	43	5	1	2	2	1	10	2	3	2	1	2	0	2	2	0	2	5	1	5	3	4	2	3	1	5	5	2	2	3	2	0	0
chr9	41845797	41846002	206	8	0	206	148	58	35	13	6	13	7	1	3	9	9	4	5	2	16	3	13	8	8	2	0	11	4	0	0	5	1	3	0	3	7	4	0	9
chr9	41846003	41846022	20	8	0	20	12	8	1	1	0	1	1	1	0	2	1	0	0	1	0	0	1	1	1	0	0	1	1	0	0	0	1	1	0	0	1	1	0	0
chr9	41846023	41846147	125	8	0	125	86	39	9	7	2	12	9	2	3	7	6	3	0	3	7	3	3	8	10	3	1	1	3	1	1	3	3	0	0	1	5	4	0	3
chr9	41846148	41846179	32	9	0	32	19	13	3	4	0	0	3	0	1	1	1	0	3	0	0	1	0	1	3	0	0	2	1	0	0	1	0	2	0	0	2	0	0	1
chr9	41846180	41846252	73	8	0	73	43	30	4	4	3	2	4	4	3	1	2	2	4	2	3	0	2	1	7	1	0	3	0	1	1	2	2	0	0	2	3	2	1	5
chr9	41846254	41846294	41	9	0	41	25	16	9	3	1	1	2	0	4	0	1	0	1	0	1	0	0	1	1	0	0	2	1	1	0	2	4	0	0	2	0	2	0	0
chr9	41846295	41846304	10	8	0	10	10	0	8	0	0	0	0	0	0	0	0	0	0	0	0	0	0	0	0	0	0	0	0	0	0	0	0	0	0	0	0	0	0	0
chr9	41846305	41846471	167	8	0	167	104	63	16	8	10	8	8	2	10	0	5	5	4	3	12	2	5	5	5	4	0	8	5	3	0	4	4	1	0	11	6	5	0	6
chr9	41846480	41846843	364	9	0	364	171	193	16	6	5	13	9	16	17	13	7	8	17	12	8	5	11	8	12	12	3	8	17	15	11	15	10	19	10	15	15	12	5	12
chr9	41846844	41846866	23	9	0	23	15	8	1	0	1	1	1	0	1	0	1	2	1	0	0	0	1	3	0	0	0	2	0	0	0	0	1	0	0	1	1	0	0	3
chr9	41846867	41846962	96	8	0	96	48	48	1	0	4	5	1	5	7	3	4	0	4	1	5	4	2	1	3	3	1	2	7	1	0	5	4	6	1	5	2	3	0	4
chr9	41846963	41847126	164	9	0	164	89	75	7	2	6	9	5	8	9	2	4	5	8	5	7	2	3	6	4	4	1	7	7	3	2	4	8	4	2	6	5	5	3	9
chr9	41847127	41847221	95	8	0	95	63	32	9	4	3	4	3	1	2	3	2	3	5	0	6	6	9	1	4	0	0	11	0	1	0	2	1	1	0	2	5	1	0	4
chr9	41847222	41847289	68	9	0	68	49	19	8	2	6	3	3	1	1	1	2	2	2	2	7	0	1	6	2	1	0	3	0	0	0	3	2	0	0	0	2	2	0	4
chr9	41847290	41847358	69	8	0	69	49	20	5	0	3	7	1	3	1	4	4	0	0	3	5	1	2	10	2	1	0	1	2	0	0	2	2	0	0	1	2	3	0	2
chr9	41847360	41847403	44	9	0	44	28	16	0	0	2	3	2	4	1	0	1	0	1	1	2	3	1	6	4	0	0	2	1	1	0	0	1	1	0	2	2	0	0	1
chr9	41847404	41847456	53	8	0	53	31	22	0	0	0	6	1	0	2	2	2	0	1	1	3	3	4	5	1	2	0	0	1	1	1	3	3	3	0	2	0	1	1	2
chr9	41847457	41847507	51	8	0	51	34	17	7	0	6	4	2	1	1	0	5	1	1	0	3	1	2	0	0	2	0	1	1	0	0	2	1	0	0	1	2	1	0	4
chr9	41847508	41847736	229	8	0	229	143	86	26	6	15	16	17	3	6	9	12	3	5	4	7	2	4	7	8	2	0	4	6	5	0	9	11	6	0	10	10	7	0	7
chr9	41847737	41847801	65	8	0	65	37	28	1	1	3	5	4	1	1	6	3	1	2	2	3	1	1	1	3	0	0	1	3	3	0	1	3	3	0	2	3	2	0	3
chr9	41847802	41847844	43	9	0	43	27	16	8	0	3	2	0	1	1	0	2	0	3	1	3	0	2	1	0	0	0	1	1	1	0	2	0	2	0	2	0	1	0	4
chr9	41847845	41848002	158	8	0	158	85	73	8	3	7	7	8	3	6	7	4	2	8	7	5	2	0	7	6	5	0	0	9	4	1	11	4	8	1	3	5	8	0	7
chr9	41848003	41848145	143	9	0	143	83	60	12	7	8	6	7	6	5	1	7	3	3	1	8	3	3	2	2	3	3	11	8	4	0	3	3	4	2	2	6	4	1	3
chr9	41848146	41848209	64	9	0	64	39	25	3	0	2	5	2	1	3	1	1	1	5	2	4	5	1	2	1	1	1	3	1	0	1	1	2	1	0	3	3	1	0	5
chr9	41848217	41848346	130	8	0	130	70	60	13	4	3	2	5	7	2	8	3	3	11	2	1	3	2	0	7	4	2	3	3	2	0	8	4	4	0	2	8	3	4	5
chr9	41848347	41848417	71	9	0	71	37	34	1	1	2	2	3	2	2	4	0	2	2	2	2	6	3	2	5	3	2	1	2	5	1	2	1	2	1	2	2	0	0	4
chr9	41848418	41848733	316	8	0	316	171	145	18	11	11	10	17	8	17	13	9	10	12	10	6	5	5	8	18	8	0	8	12	12	1	16	10	10	1	7	15	11	2	13
chr9	41848737	41848860	124	8	0	124	63	61	4	2	3	5	0	3	12	5	6	0	6	6	3	2	1	4	3	0	0	4	8	5	0	5	5	8	0	5	4	5	0	8
chr9	41848861	41848917	57	9	0	57	40	17	11	1	5	3	3	0	1	1	4	0	1	3	1	3	1	1	2	0	0	2	1	2	0	1	0	0	0	0	2	2	0	4
chr9	41848918	41848989	72	8	0	72	52	20	5	2	3	7	2	1	2	3	3	0	1	3	7	1	3	9	1	1	0	2	1	0	0	0	3	0	0	3	3	1	0	3
chr9	41848999	41849038	40	9	0	40	25	15	11	2	1	0	3	0	2	0	1	1	3	0	0	0	0	0	2	0	0	1	1	1	0	0	1	1	1	1	1	0	1	3
chr9	41849039	41849078	40	9	0	40	16	24	0	1	0	1	2	3	2	1	0	0	4	2	0	0	0	0	1	2	0	1	2	0	1	1	4	1	1	3	1	1	2	1
chr9	41849079	41849139	61	9	0	61	27	34	0	1	2	2	1	1	3	0	3	0	4	3	1	2	2	1	1	1	0	2	1	4	2	6	1	3	1	1	3	5	0	2
chr9	41849140	41849157	18	8	0	18	4	14	0	0	0	0	0	2	1	0	0	0	0	0	0	0	0	0	0	1	1	0	3	0	0	1	1	3	3	0	0	0	0	0
chr9	41849158	41849226	69	8	0	69	40	29	7	4	1	3	3	0	2	2	3	3	3	0	2	2	2	1	2	4	1	2	3	3	1	2	0	1	0	1	2	1	2	4
chr9	41849227	41849257	31	8	0	31	10	21	0	0	1	0	0	1	2	0	1	1	2	0	0	1	1	0	0	2	0	1	1	2	2	3	0	2	1	1	2	2	0	0
chr9	41849258	41849337	80	8	0	80	37	43	4	0	2	3	2	4	5	1	3	2	5	4	0	0	0	0	1	2	2	2	4	2	2	2	4	3	2	3	4	3	2	5
chr9	41849338	41849386	49	8	0	49	33	16	6	1	1	5	3	0	1	0	1	2	0	1	3	1	3	3	1	1	0	2	2	2	0	2	0	1	0	1	2	2	0	0
chr9	41849387	41849440	54	8	0	54	30	24	4	1	2	3	2	0	2	0	1	0	3	3	3	1	2	2	0	1	0	1	2	6	0	3	0	0	0	2	1	4	0	3
chr9	41849441	41849632	192	9	0	192	127	65	19	8	8	14	12	0	7	8	9	3	5	3	10	8	3	9	9	6	0	4	7	1	0	5	3	4	0	5	8	3	0	9
chr9	41849633	41849680	48	8	0	48	32	16	8	3	3	1	2	2	1	1	1	0	3	0	5	1	0	0	3	0	1	2	0	0	0	1	2	1	0	1	1	0	0	3
chr9	41849681	41849764	84	8	0	84	56	28	6	1	5	7	5	3	1	2	7	0	2	2	2	4	7	1	3	0	0	5	0	0	0	2	2	1	0	3	5	1	0	5
chr9	41849765	41849799	35	9	0	35	21	14	1	0	2	3	2	2	1	0	3	0	2	1	0	0	0	2	1	0	0	1	0	2	0	2	1	1	0	0	3	1	0	2
chr9	41849800	41849861	62	9	0	62	43	19	8	2	3	4	3	0	0	3	2	1	1	4	4	0	3	3	2	0	0	1	2	0	0	4	1	1	0	0	1	5	0	2
chr9	41849862	41849955	94	8	0	94	52	42	4	2	5	2	4	1	5	7	4	2	2	6	1	1	3	1	3	2	0	1	5	1	0	3	5	2	0	5	5	4	0	6
chr9	41849956	41850002	47	9	0	47	24	23	4	0	2	1	1	1	2	3	1	2	1	1	1	1	1	1	2	2	0	0	2	2	1	2	2	2	0	2	1	1	1	2
chr9	41850003	41850055	53	8	0	53	18	35	1	0	2	1	2	3	3	0	0	0	3	1	1	1	0	0	1	1	2	0	5	2	1	4	1	8	1	3	1	2	0	1
chr9	41850056	41850209	154	9	0	154	75	79	8	4	2	5	2	3	9	5	4	4	8	4	5	4	5	2	2	7	1	5	9	7	3	6	4	5	2	7	5	7	2	6
chr9	41850210	41850294	85	9	0	85	38	47	8	1	0	1	3	4	6	0	0	3	8	1	0	0	2	0	3	2	1	2	2	2	2	4	6	4	1	5	2	3	2	5
chr9	41850295	41850306	12	9	0	12	11	1	9	0	0	0	0	0	0	0	1	0	0	0	0	0	0	0	0	0	0	0	0	0	0	0	0	0	0	0	0	0	0	0
chr9	41850307	41850348	42	9	0	42	21	21	4	1	2	1	0	2	2	1	4	0	2	0	0	0	2	0	0	0	0	2	3	2	0	2	1	3	0	0	1	2	0	3
chr9	41850349	41850655	307	8	0	307	164	143	16	10	13	8	9	14	20	14	15	10	6	11	7	4	2	5	17	5	5	11	18	11	0	9	8	7	1	7	14	15	0	13
chr9	41850656	41850694	39	9	0	39	21	18	3	2	1	2	0	3	1	2	3	0	0	0	2	0	0	2	3	2	0	0	2	2	1	1	1	0	1	0	0	2	0	1
chr9	41850695	41851030	336	8	0	336	186	150	24	7	12	16	12	9	16	19	15	5	5	14	8	3	10	11	8	6	3	5	12	9	2	14	23	11	3	13	13	11	4	11
chr9	41851031	41851044	14	8	0	14	7	7	2	1	0	0	1	1	1	0	0	0	0	0	0	0	0	0	2	0	0	0	0	0	0	1	2	1	0	0	0	0	0	0
chr9	41851045	41851146	102	8	0	102	75	27	13	3	2	9	4	0	3	5	8	2	3	1	3	3	2	12	3	1	0	4	1	0	2	0	1	0	0	1	7	2	0	5
chr9	41851147	41851164	18	9	0	18	9	9	0	0	0	0	0	8	0	0	0	0	0	0	0	0	0	0	8	0	0	0	0	0	0	0	0	0	0	0	0	0	0	0
chr9	41851165	41851185	21	9	0	21	13	8	0	0	0	0	0	3	0	2	0	0	0	3	0	1	1	2	4	0	0	0	0	0	0	0	0	0	0	0	1	0	1	1
chr9	41851186	41851242	57	8	0	57	40	17	4	2	3	3	2	1	1	3	3	1	1	3	3	0	4	5	3	0	0	1	1	0	0	0	0	1	0	1	2	0	0	7
chr9	41851243	41851517	275	8	0	275	198	77	40	5	7	28	10	5	7	12	14	4	7	10	17	7	6	18	10	2	1	8	4	4	2	2	3	2	0	3	17	4	1	13
chr9	41851527	41851569	43	9	0	43	21	22	1	1	1	1	2	3	3	0	0	0	3	1	1	2	1	0	3	1	0	3	3	1	0	2	0	2	0	2	2	2	0	0
chr9	41851570	41851715	146	8	0	146	71	75	8	2	0	5	3	6	10	3	2	6	7	2	2	3	6	5	5	9	0	3	8	9	1	8	1	5	1	7	8	4	0	5
chr9	41851716	41851765	50	8	0	50	21	29	0	2	3	0	3	1	3	0	1	0	2	2	1	1	1	0	0	2	0	2	3	1	0	3	3	3	4	2	1	1	1	2
chr9	41851766	41851822	57	9	0	57	38	19	7	1	0	5	2	0	3	2	1	1	4	1	4	1	0	4	1	0	0	2	3	1	0	1	1	2	0	1	2	2	0	3
chr9	41851823	41852382	560	8	0	560	358	202	40	17	22	36	24	13	14	25	26	7	12	23	24	23	17	34	19	15	12	14	13	8	1	19	13	3	2	14	31	16	3	18
chr9	41852383	41852436	54	9	0	54	41	13	5	2	1	8	3	0	0	6	1	1	0	1	6	3	0	3	3	2	0	0	2	0	0	0	2	0	0	0	2	0	0	1
chr9	41852437	41852987	551	8	0	551	407	144	67	22	19	48	21	12	9	23	18	8	10	16	51	12	14	55	25	9	2	18	9	5	0	10	9	1	0	4	23	9	0	20
chr9	41852988	41853007	20	8	0	20	16	4	1	0	1	4	0	0	0	0	3	0	0	0	2	0	0	4	0	0	0	0	1	0	0	0	0	0	0	0	0	1	0	1
chr9	41853008	41853073	66	8	0	66	44	22	3	3	4	3	2	0	4	2	3	1	1	1	5	6	1	4	4	3	0	4	1	0	0	2	1	0	0	1	2	0	0	3
chr9	41853074	41853161	88	8	0	88	42	46	10	1	1	0	2	2	7	2	1	4	8	2	0	0	0	0	1	0	2	4	4	1	2	1	4	3	2	7	4	4	2	5
chr9	41853162	41853246	85	8	0	85	38	47	5	2	0	3	0	4	5	5	2	0	4	0	2	2	2	0	1	6	0	1	6	7	1	6	5	4	0	3	2	3	1	1
chr9	41853248	41853415	168	8	0	168	83	85	8	5	3	5	2	9	7	3	3	4	9	6	7	5	4	2	5	7	4	6	8	6	5	7	1	7	2	4	7	6	3	6
chr9	41853416	41853435	20	8	0	20	12	8	2	0	0	1	0	1	0	1	0	1	0	0	1	2	2	0	1	1	1	1	0	0	0	0	1	0	1	0	0	0	0	1
chr9	41853436	41853551	116	8	0	116	92	24	11	3	3	12	3	0	2	4	3	0	0	7	11	5	5	21	4	1	0	3	0	0	0	4	1	0	0	1	5	3	0	2
chr9	41853552	41853600	49	9	0	49	38	11	12	2	1	5	1	1	0	1	2	1	1	0	4	1	3	2	1	0	2	2	0	0	0	1	0	0	0	0	2	0	0	2
chr9	41853601	41853632	32	9	0	32	21	11	2	0	3	0	1	0	0	0	2	0	2	0	0	4	0	6	1	1	0	2	0	1	0	2	0	0	0	0	0	1	0	2
chr9	41853633	41853746	114	8	0	114	78	36	7	7	2	9	6	4	1	6	4	0	1	4	8	4	4	9	7	2	2	4	2	3	1	1	3	0	1	0	5	2	0	3
chr9	41853747	41853852	106	8	0	106	68	38	7	3	2	8	5	3	5	5	3	5	0	2	5	2	2	11	7	2	0	4	3	3	0	1	3	2	0	1	5	2	0	3
chr9	41853853	41853871	19	8	0	19	11	8	0	0	0	0	0	1	0	2	0	0	1	1	1	0	1	2	0	1	0	0	2	0	0	1	1	0	0	1	0	2	0	0
chr9	41853872	41853923	52	8	0	52	29	23	4	0	4	2	1	3	2	1	3	0	2	1	2	2	0	2	3	2	0	0	3	1	0	4	1	0	0	1	0	4	0	2
chr9	41853924	41854254	331	8	0	331	215	116	29	10	7	29	14	10	6	11	10	3	11	14	21	9	10	20	13	11	1	7	18	10	0	7	2	3	0	5	8	12	3	15
chr9	41854255	41854332	78	8	0	78	39	39	2	5	2	0	1	7	3	4	4	0	6	2	2	0	0	0	5	2	2	3	3	5	0	2	2	1	0	1	5	1	0	6
chr9	41854333	41854463	131	8	0	131	67	64	2	3	9	4	2	7	6	4	8	1	8	4	6	1	1	0	5	3	2	2	4	3	0	11	4	5	0	3	6	7	0	8
chr9	41854464	41854802	339	8	0	339	161	178	36	6	6	5	7	17	14	4	4	8	20	11	6	6	6	4	7	10	8	12	14	11	13	13	9	19	9	9	13	11	8	11
chr9	41854803	41855130	328	8	0	328	233	95	37	13	12	28	16	8	7	11	12	6	8	7	25	11	12	20	18	3	0	17	5	0	1	5	2	2	1	6	16	6	0	11
chr9	41855131	41855152	22	8	0	22	17	5	1	1	1	1	0	0	1	2	0	1	0	1	3	0	0	4	1	0	0	1	0	0	0	0	0	0	0	0	1	0	0	1
chr9	41855153	41855365	213	8	0	213	147	66	11	7	8	18	13	3	4	13	9	4	6	9	13	5	4	18	12	1	0	6	4	1	0	6	6	1	0	1	11	8	0	9
chr9	41855366	41855393	28	9	0	28	21	7	4	1	1	1	0	0	1	2	1	0	1	0	3	2	0	3	0	1	0	2	1	0	0	0	0	0	0	0	2	0	0	0
chr9	41855394	41855445	52	8	0	52	42	10	6	1	2	3	1	1	0	3	1	0	0	2	5	2	2	11	2	0	0	2	1	0	0	0	0	1	0	1	2	0	0	1
chr9	41855446	41855848	403	8	0	403	244	159	42	10	15	20	15	11	18	16	12	9	10	9	19	11	12	13	20	9	2	10	18	6	1	15	11	12	0	15	11	13	1	15
chr9	41855866	41855901	36	9	0	36	23	13	3	0	1	2	1	6	0	0	0	1	0	0	3	1	1	2	4	3	0	1	2	1	0	1	0	0	0	0	1	0	0	0
chr9	41855902	41856292	391	8	0	391	180	211	15	9	14	8	14	17	24	5	11	6	21	8	6	6	11	5	7	10	3	17	18	15	6	20	20	22	7	19	15	12	4	14
chr9	41856293	41856315	23	8	0	23	17	6	8	0	3	0	1	0	0	0	3	0	0	0	0	0	0	0	0	1	0	0	1	0	0	1	0	0	0	0	0	1	0	2
chr9	41856316	41856645	330	8	0	330	190	140	25	6	21	14	14	16	11	16	17	9	11	6	9	3	4	6	10	9	2	13	10	4	2	12	16	5	1	12	21	10	3	10
chr9	41856646	41856660	15	8	0	15	8	7	1	0	2	0	1	0	0	0	0	1	0	0	1	1	0	0	1	1	0	1	0	2	0	0	0	0	0	0	0	0	0	1
chr9	41856661	41857013	353	8	0	353	245	108	38	15	12	28	20	7	5	19	12	5	8	9	23	4	10	29	19	5	0	7	9	3	0	8	9	4	0	9	14	7	2	11
chr9	41857014	41857059	46	9	0	46	23	23	1	1	2	1	2	2	4	1	1	1	1	3	1	1	0	0	3	1	0	1	1	1	0	4	3	1	0	1	2	3	0	1
chr9	41857060	41857072	13	8	0	13	10	3	0	2	0	2	1	0	0	0	0	0	0	1	3	0	0	1	1	0	0	0	0	0	0	0	0	0	0	0	0	0	0	0
chr9	41857073	41857275	203	8	0	203	140	63	35	6	13	13	9	3	6	5	12	5	7	3	11	3	1	7	6	2	0	9	6	2	0	3	4	3	0	1	7	4	0	15
chr9	41857276	41857427	152	9	0	152	71	81	4	2	4	2	1	6	6	10	5	3	6	8	4	3	5	0	2	5	3	4	9	7	3	8	3	10	1	4	9	5	3	5
chr9	41857428	41857454	27	8	0	27	17	10	0	0	1	2	1	0	1	1	0	2	1	3	2	1	1	0	2	0	0	0	0	0	0	1	0	0	0	0	1	1	0	4
chr9	41857455	41857511	57	8	0	57	34	23	2	0	5	4	3	3	0	1	4	1	2	2	2	1	2	1	1	0	0	5	3	1	0	1	0	2	0	0	3	3	0	3
chr9	41857512	41857523	12	8	0	12	6	6	0	0	1	1	0	0	0	0	2	0	1	1	0	0	0	0	0	0	0	0	0	0	0	1	0	0	0	0	0	1	1	1
chr9	41857524	41857871	348	8	0	348	230	118	41	9	14	25	15	6	10	19	11	7	7	11	22	10	10	12	14	6	1	11	11	6	0	6	11	7	1	7	14	4	2	16
chr9	41857880	41857942	63	9	0	63	44	19	5	2	3	5	2	0	2	3	3	1	1	2	5	2	1	5	2	0	0	3	1	3	0	1	1	0	0	1	3	2	0	2
chr9	41857943	41857963	21	9	0	21	17	4	2	0	2	3	0	0	0	2	2	0	0	1	2	0	0	2	0	0	0	0	0	0	0	0	0	0	0	0	2	0	0	1
chr9	41857964	41858026	63	9	0	63	40	23	2	2	2	4	2	3	1	5	1	3	1	2	5	0	3	3	5	1	0	2	3	0	0	2	1	0	0	1	2	3	0	2
chr9	41858027	41858087	61	8	0	61	42	19	11	1	6	3	3	0	2	1	3	3	2	1	3	0	0	1	1	0	0	3	1	0	0	1	1	0	0	3	4	2	0	3
chr9	41858088	41858103	16	8	0	16	11	5	2	0	0	2	1	1	0	3	1	0	0	0	0	0	0	0	1	0	0	0	0	0	0	0	2	0	0	0	1	0	0	0
chr9	41858104	41858165	62	9	0	62	29	33	0	2	1	1	2	4	6	0	2	3	4	2	0	1	0	1	3	2	0	4	3	1	0	3	1	1	1	1	5	2	1	3
chr9	41858166	41859020	855	8	0	855	467	388	40	21	38	28	29	35	45	31	31	18	39	27	28	16	12	28	40	14	7	29	41	24	4	23	22	26	7	35	37	28	4	46
chr9	41859021	41859102	82	8	0	82	47	35	1	4	5	3	4	1	5	7	6	1	1	2	2	3	0	1	5	2	0	2	2	0	0	4	3	3	0	4	7	1	0	1
chr9	41859103	41859184	82	8	0	82	43	39	2	2	5	2	4	5	3	3	4	2	2	0	1	1	3	3	3	4	0	4	5	1	0	5	4	1	0	3	3	4	0	1
chr9	41859185	41859252	68	8	0	68	43	25	3	2	3	4	2	0	2	0	2	0	5	2	6	3	1	6	0	2	1	2	4	1	1	1	1	2	0	1	0	2	0	7
chr9	41859253	41859343	91	8	0	91	68	23	19	2	5	8	2	0	2	3	5	0	1	0	8	3	2	7	3	0	0	2	1	0	0	2	4	2	0	2	0	2	0	4
chr9	41859344	41859353	10	8	0	10	5	5	0	0	0	0	0	0	1	1	0	0	1	1	0	0	0	0	0	0	0	0	0	0	0	0	2	0	0	0	1	0	0	1
chr9	41859354	41859408	55	8	0	55	38	17	3	2	2	4	0	1	4	2	1	2	2	1	7	1	0	4	2	1	0	4	2	0	0	0	1	1	0	0	2	0	0	4
chr9	41859409	41859526	118	9	0	118	86	32	9	5	5	13	5	6	3	4	8	1	0	3	10	3	1	10	8	2	0	5	0	0	0	2	1	0	0	1	8	0	2	1
chr9	41859527	41859545	19	8	0	19	12	7	0	1	0	1	0	1	1	2	0	0	0	0	2	1	0	3	1	1	0	1	0	0	0	0	2	0	0	0	0	0	0	0
chr9	41859546	41859767	222	8	0	222	160	62	32	3	10	20	8	3	6	8	6	6	5	6	18	5	5	18	10	2	0	5	4	1	1	3	5	3	1	3	6	3	0	14
chr9	41859768	41859788	21	9	0	21	13	8	1	0	0	2	1	0	0	0	0	0	1	1	1	0	1	4	0	0	0	0	0	1	1	1	1	0	1	0	0	1	0	1
chr9	41859789	41859870	82	9	0	82	60	22	8	2	3	8	5	1	1	1	0	5	1	2	7	2	5	7	5	1	0	4	1	1	0	2	0	0	0	0	2	2	0	4
chr9	41859871	41859979	109	8	0	109	78	31	10	7	1	10	10	2	2	5	1	2	3	3	5	4	3	8	10	0	0	5	2	1	0	0	3	0	0	1	4	2	0	3
chr9	41859980	41860048	69	9	0	69	51	18	18	1	3	5	3	0	2	3	1	1	1	4	5	0	0	3	1	0	0	1	1	1	0	2	2	2	0	0	3	1	0	3
chr9	41860049	41860101	53	8	0	53	32	21	4	2	3	0	1	1	3	0	1	3	2	1	3	2	2	3	2	0	0	6	0	2	0	3	0	0	0	0	3	2	0	2
chr9	41860102	41860178	77	8	0	77	46	31	6	4	2	2	1	0	6	0	5	4	3	3	2	0	4	3	2	0	0	5	1	1	1	1	0	1	1	2	4	2	2	7
chr9	41860179	41860230	52	8	0	52	25	27	1	1	1	2	2	4	3	1	1	2	3	0	1	1	1	1	3	0	2	3	3	0	0	2	3	3	0	0	0	3	0	3
chr9	41860231	41860733	503	9	0	503	270	233	49	12	13	16	14	14	23	10	11	10	22	22	15	6	13	18	14	10	6	12	14	17	13	21	13	18	12	17	20	20	5	21
chr9	41860734	41860791	58	9	0	58	44	14	12	2	5	5	3	0	0	0	3	0	0	2	6	1	0	5	0	1	0	2	2	2	0	1	0	0	0	0	0	2	0	2
chr9	41860792	41860915	124	9	0	124	85	39	12	5	6	10	3	2	3	3	5	0	4	6	13	3	5	5	1	4	1	4	3	1	0	3	1	0	0	5	5	2	1	6
chr9	41860916	41861016	101	9	0	101	67	34	7	5	3	9	6	1	3	1	4	3	2	3	6	0	7	5	3	1	2	3	2	0	0	4	3	1	0	2	3	4	0	6
chr9	41861017	41861183	167	9	0	167	99	68	7	8	4	2	7	22	3	7	2	4	0	4	5	9	5	9	30	2	3	8	4	1	2	3	2	0	1	1	3	6	0	1
chr9	41861184	41861237	54	9	0	54	25	29	0	1	4	3	3	2	1	1	4	3	2	0	0	0	0	0	0	4	0	2	3	2	2	1	0	1	3	1	4	1	1	3
chr9	41861238	41861484	247	9	0	247	115	132	4	11	11	1	3	16	16	3	13	7	14	4	7	3	2	0	10	11	5	11	12	4	4	8	5	4	8	11	11	9	4	13
chr9	41861485	41861548	64	9	0	64	38	26	7	1	5	3	5	2	2	1	2	0	1	1	2	1	1	2	1	1	1	1	1	2	0	1	8	1	1	4	1	0	0	3
chr9	41861549	41861576	28	9	0	28	12	16	0	1	2	0	0	2	1	0	2	1	0	0	0	1	1	0	2	2	0	1	1	4	0	2	0	0	0	0	0	2	0	1
chr9	41861577	41861630	54	9	0	54	23	31	2	1	2	2	2	0	4	1	1	0	2	1	2	0	0	2	0	1	0	0	3	3	2	1	4	6	1	5	0	0	1	3
chr9	41861631	41861716	86	9	0	86	42	44	3	3	0	3	3	4	6	2	0	1	3	4	3	3	3	1	4	4	1	1	3	3	1	3	3	2	3	6	4	1	1	2
chr9	41861717	41861753	37	9	0	37	21	16	0	2	1	1	0	1	1	1	2	0	2	3	2	0	2	2	0	2	0	1	2	2	0	2	0	0	0	0	1	2	0	3
chr9	41861754	41861804	51	9	0	51	24	27	1	2	1	0	1	4	3	0	2	0	3	1	0	1	2	1	4	2	0	1	4	2	0	2	1	2	0	3	0	2	0	4
chr9	41861810	41861886	77	9	0	77	43	34	3	2	1	5	5	6	3	1	1	1	2	3	2	2	3	1	6	4	0	1	2	2	0	3	3	0	0	5	4	1	2	1
chr9	41861887	41862284	398	9	0	398	218	180	14	9	8	15	19	28	20	3	2	9	24	14	11	11	17	12	25	18	6	8	12	5	0	14	15	0	0	27	18	8	4	20
chr9	41862285	41862346	62	9	0	62	26	36	1	0	2	0	0	4	4	1	1	2	5	2	1	0	2	1	0	3	0	3	6	3	0	3	0	2	0	4	2	5	0	3
chr9	41862347	41862461	115	9	0	115	34	81	0	0	1	0	1	9	8	1	0	4	6	1	0	0	2	0	1	5	3	4	6	10	6	6	10	7	4	7	2	6	3	0
chr9	41862462	41862515	54	9	0	54	16	38	0	0	0	0	0	3	3	4	0	0	6	0	0	0	0	0	1	1	0	1	5	5	1	4	3	5	0	4	1	4	1	0
chr9	41862516	41862852	337	9	0	337	100	237	2	2	9	3	6	16	28	3	6	3	15	0	2	2	2	0	6	9	2	6	25	37	17	17	19	36	11	27	4	14	2	4
chr9	41862853	41862917	65	9	0	65	22	43	2	0	2	1	2	3	3	1	1	0	5	0	0	0	0	0	0	1	0	2	4	8	2	5	3	7	1	3	2	3	1	1
chr9	41862918	41862951	34	9	0	34	14	20	0	0	2	0	1	1	3	0	1	1	2	0	0	0	1	0	1	0	1	1	1	1	0	1	2	2	2	4	1	0	1	2
chr9	41862952	41863016	65	9	0	65	35	30	1	2	1	0	3	16	0	1	0	0	3	0	0	3	2	1	17	3	0	1	0	0	0	3	1	0	0	1	3	0	0	1
chr9	41863017	41863027	11	9	0	11	6	5	1	1	0	1	0	0	0	1	1	0	0	0	0	0	0	0	0	0	1	0	1	0	0	0	0	0	1	0	0	1	0	0
chr9	41863028	41863216	189	9	0	189	135	54	16	8	4	13	8	2	4	17	10	3	3	7	8	6	2	22	12	2	1	4	5	1	0	2	1	2	0	1	13	3	1	6
chr9	41863217	41863271	55	9	0	55	37	18	3	1	3	3	3	3	0	3	2	3	2	0	2	2	1	4	5	0	0	4	2	0	0	0	0	0	0	0	2	2	0	3
chr9	41863272	41863598	327	9	0	327	230	97	39	7	5	39	10	3	12	20	16	6	8	9	24	3	10	17	6	4	2	7	7	3	0	5	12	3	0	9	20	5	0	14
chr9	41863599	41863682	84	9	0	84	54	30	10	1	5	5	3	3	1	3	5	2	2	2	3	1	4	4	2	3	0	2	1	2	0	4	1	1	0	1	5	1	0	5
chr9	41863683	41863750	68	9	0	68	45	23	7	2	4	2	1	1	3	6	6	1	1	3	1	1	0	4	1	1	0	3	0	1	0	2	1	1	0	2	9	0	0	2
chr9	41863751	41863798	48	9	0	48	33	15	4	0	4	2	1	0	1	2	3	2	0	4	2	2	2	4	1	0	0	2	0	0	0	2	0	0	0	0	3	2	0	3
chr9	41863799	41863908	110	9	0	110	65	45	7	3	5	3	1	1	6	3	3	5	2	4	8	1	7	4	4	3	0	3	5	2	0	7	1	3	0	2	1	6	0	8
chr9	41863909	41864046	138	9	0	138	94	44	16	5	7	9	5	4	1	7	7	1	5	4	9	2	7	4	7	0	1	4	3	1	0	1	2	1	0	5	5	3	0	10
chr9	41864047	41864098	52	9	0	52	35	17	3	0	1	6	4	2	0	4	1	1	1	2	2	2	0	4	4	0	0	1	2	1	0	1	2	0	0	0	2	3	0	1
chr9	41864101	41864168	68	9	0	68	47	21	4	0	1	8	4	1	4	3	2	2	1	3	3	3	0	8	5	0	0	1	1	0	0	1	2	0	0	1	4	2	0	2
chr9	41864169	41864207	39	9	0	39	24	15	1	1	4	2	3	1	0	1	2	1	1	1	2	3	0	0	2	1	2	1	1	0	0	1	0	1	0	1	2	0	0	2
chr9	41864208	41864284	77	9	0	77	53	24	11	4	2	4	3	1	0	5	1	1	5	3	6	1	3	2	4	0	0	3	1	1	0	1	1	0	0	3	4	2	0	3
chr9	41864285	41864357	73	9	0	73	55	18	15	3	8	4	2	1	1	2	3	1	0	2	9	3	0	0	1	2	0	5	2	0	0	0	0	0	0	2	3	0	0	2
chr9	41864358	41864477	120	9	0	120	89	31	18	5	6	14	11	1	2	1	6	0	1	3	9	4	1	6	2	3	0	5	6	0	0	0	2	0	0	2	5	2	0	3
chr9	41864478	41864651	174	9	0	174	122	52	18	7	7	14	9	3	3	5	8	2	2	6	11	5	7	13	5	4	0	8	5	3	0	3	1	3	0	2	11	1	0	6
chr9	41864652	41864702	51	9	0	51	35	16	5	3	3	3	2	0	0	2	3	0	2	2	4	0	3	3	2	0	0	1	0	0	0	1	0	0	1	2	2	1	1	3
chr9	41864703	41864755	53	9	0	53	32	21	1	0	4	1	1	1	1	0	1	0	3	1	3	3	6	4	1	1	0	2	1	0	0	2	1	1	0	6	1	1	0	4
chr9	41864756	41864883	128	9	0	128	87	41	9	4	3	8	4	1	4	4	3	1	1	6	8	6	8	16	3	5	0	4	5	1	0	3	3	2	0	3	3	2	0	6
chr9	41864884	41864948	65	9	0	65	44	21	4	3	3	5	2	1	1	5	3	1	1	2	6	2	2	2	3	1	0	3	1	1	0	2	2	0	0	0	3	2	0	2
chr9	41864949	41864970	22	9	0	22	16	6	1	1	0	2	2	1	0	0	0	1	0	0	1	1	2	2	2	1	0	1	1	0	0	0	0	0	0	0	0	0	0	1
chr9	41864971	41865040	70	9	0	70	48	22	4	2	3	5	1	2	1	2	1	3	1	1	8	2	4	6	3	2	0	4	1	2	0	2	0	0	0	2	2	1	0	3
chr9	41865041	41865070	30	8	0	30	17	13	1	2	1	1	0	1	1	2	3	1	0	0	1	1	1	1	2	0	0	1	0	3	0	1	0	0	0	0	2	1	0	1
chr9	41865071	41865091	21	8	0	21	11	10	0	1	0	0	0	0	3	0	0	2	1	2	0	0	0	0	2	0	0	1	1	0	0	1	0	0	0	0	1	2	0	2
chr9	41865092	41865121	30	8	0	30	18	12	1	1	0	3	1	1	0	3	1	0	1	0	1	1	2	0	1	0	1	1	0	0	1	0	3	1	0	2	2	0	0	0
chr9	41865122	41865377	256	8	0	256	156	100	20	9	13	12	16	5	9	11	10	6	8	5	8	8	6	8	13	5	2	8	7	7	0	6	11	0	0	11	11	8	0	11
chr9	41865378	41865443	66	9	0	66	47	19	11	0	2	6	2	2	1	3	2	1	1	1	4	3	2	4	5	2	0	0	1	1	0	3	1	1	0	0	1	1	0	3
chr9	41865444	41865495	52	8	0	52	41	11	8	3	0	5	1	1	1	5	2	0	0	1	6	2	1	3	4	1	0	1	1	0	0	0	0	0	0	0	3	0	0	1
chr9	41865496	41865532	37	9	0	37	22	15	1	0	4	2	2	4	1	0	1	1	0	0	3	1	0	2	2	0	0	4	1	0	0	0	2	1	0	1	1	1	0	0
chr9	41865533	41865691	159	8	0	159	97	62	11	5	3	13	6	4	8	9	8	1	4	7	7	5	3	3	5	3	0	7	8	7	0	2	4	3	0	1	8	4	0	8
chr9	41865692	41865724	33	9	0	33	24	9	2	0	1	2	0	0	1	3	2	1	0	1	1	4	1	4	1	0	0	3	0	0	0	0	0	0	0	0	3	0	0	1
chr9	41865725	41865816	92	8	0	92	63	29	11	0	7	7	3	3	1	3	4	2	1	1	7	4	4	5	5	2	0	2	2	0	0	4	2	1	0	1	1	2	0	5
chr9	41865817	41865847	31	9	0	31	22	9	2	0	0	4	0	1	0	2	2	1	0	0	2	0	2	6	1	0	0	0	0	0	1	0	1	1	0	0	1	0	0	2
chr9	41865848	41865945	98	8	0	98	67	31	8	4	2	7	6	1	3	6	2	0	1	6	4	4	3	9	6	1	0	2	5	1	0	0	2	2	0	2	2	2	0	5
chr9	41865946	41865959	14	8	0	14	7	7	0	0	2	0	2	0	0	0	0	1	1	0	0	0	0	0	0	0	0	1	0	0	0	1	1	0	0	1	1	1	0	0
chr9	41865960	41866007	48	9	0	48	30	18	3	1	0	7	3	1	2	2	2	1	1	1	3	1	0	2	2	2	0	0	3	1	0	1	0	0	1	1	1	2	1	1
chr9	41866008	41866072	65	8	0	65	37	28	3	1	1	4	3	3	3	3	3	1	2	2	1	2	1	2	1	3	0	3	6	2	0	1	3	0	0	1	2	4	0	2
chr9	41866073	41866149	77	9	0	77	54	23	5	2	2	8	1	0	2	5	5	0	2	3	6	1	4	6	1	1	0	1	0	1	0	4	1	2	0	1	6	1	0	4
chr9	41866150	41866338	189	8	0	189	112	77	9	8	13	6	9	3	6	6	10	3	4	4	8	6	10	6	5	5	1	9	5	4	0	6	8	3	1	8	7	4	0	10
chr9	41866339	41866381	43	9	0	43	28	15	1	2	2	1	3	2	0	1	1	3	1	0	1	1	3	4	5	1	0	2	0	1	0	1	0	0	0	0	2	0	0	3
chr9	41866382	41866435	54	8	0	54	28	26	1	0	3	0	0	2	5	0	1	2	3	1	2	1	3	3	0	1	0	4	2	2	0	1	1	1	0	6	3	1	0	3
chr9	41866436	41866457	22	9	0	22	15	7	3	2	1	1	1	1	0	0	1	0	0	0	2	0	1	1	1	1	0	1	0	0	0	2	0	0	0	0	1	0	0	0
chr9	41866458	41866491	34	9	0	34	21	13	1	1	2	2	2	1	0	2	1	2	1	0	2	1	2	0	3	1	0	1	0	0	0	2	0	1	0	0	2	0	0	2
chr9	41866492	41866737	246	8	0	246	133	113	15	9	9	10	12	11	12	9	6	4	10	4	9	2	4	5	10	9	0	7	17	7	0	10	10	8	0	10	7	10	0	8
chr9	41866738	41866778	41	9	0	41	17	24	0	0	2	0	0	2	3	0	1	0	1	0	1	5	2	0	2	3	0	2	3	2	0	4	0	3	0	1	0	1	0	1
chr9	41866779	41866795	17	9	0	17	8	9	0	0	1	0	0	1	2	0	0	0	2	0	0	0	0	0	0	0	0	1	0	0	0	0	1	0	0	5	2	0	0	0
chr9	41866802	41867070	269	8	0	269	158	111	19	11	13	13	11	6	17	11	19	7	6	6	7	4	1	6	11	6	0	11	13	9	0	7	4	3	0	7	17	10	0	12
chr9	41867071	41867152	82	9	0	82	56	26	7	4	6	6	4	1	1	2	6	0	2	3	6	3	2	1	3	1	0	4	1	0	0	4	1	0	1	0	3	4	1	3
chr9	41867153	41867237	85	9	0	85	56	29	7	3	1	7	4	2	4	4	6	1	3	4	1	2	2	3	3	2	1	2	2	1	0	0	2	0	0	2	7	0	1	6
chr9	41867238	41867314	77	8	0	77	47	30	2	4	5	4	5	0	6	0	6	2	3	5	2	0	1	1	2	2	0	2	2	0	0	1	1	0	0	3	7	1	0	8
chr9	41867315	41867326	12	8	0	12	8	4	3	1	0	1	1	0	0	1	1	0	0	0	0	0	0	0	0	0	0	0	0	0	0	0	1	0	0	0	1	0	0	0
chr9	41867327	41867490	164	8	0	164	102	62	16	6	9	8	9	2	4	9	8	2	10	4	5	1	1	7	6	1	0	4	7	4	0	2	5	2	0	7	6	6	0	11
chr9	41867491	41867546	56	9	0	56	34	22	3	2	3	4	4	1	0	3	4	1	1	2	0	2	1	1	4	1	0	1	1	3	1	1	2	0	0	0	2	2	1	3
chr9	41867556	41867566	11	8	0	11	5	6	0	0	1	0	1	1	0	0	0	1	0	0	0	0	0	0	2	0	0	0	1	1	0	0	0	0	0	0	0	0	0	1
chr9	41867567	41867621	55	8	0	55	40	15	7	2	3	5	3	0	1	0	3	2	1	1	4	0	3	4	1	2	0	1	1	0	0	2	0	0	0	0	2	1	0	4
chr9	41867622	41867651	30	8	0	30	17	13	3	0	4	0	0	1	0	0	2	1	1	0	2	1	1	0	0	2	0	1	0	2	0	3	0	0	0	0	1	1	0	2
chr9	41867652	41867802	151	8	0	151	95	56	12	2	11	9	4	0	8	3	10	1	2	6	8	2	5	11	2	1	0	2	4	4	0	7	3	5	0	8	6	4	0	9
chr9	41867803	41867836	34	8	0	34	21	13	4	1	2	3	2	1	1	1	3	1	0	0	1	0	1	0	2	0	0	0	0	1	0	2	1	0	0	1	2	1	0	1
chr9	41867837	41867925	89	9	0	89	53	36	4	4	7	1	3	5	3	3	2	2	1	3	6	4	2	1	7	5	0	3	4	2	0	3	2	0	0	2	1	2	0	5
chr9	41867926	41867994	69	8	0	69	42	27	1	5	2	1	4	1	2	6	0	3	0	1	3	4	3	4	5	4	0	4	4	0	1	0	3	0	0	1	1	1	1	2
chr9	41867995	41868055	61	9	0	61	38	23	5	1	3	4	2	2	1	2	0	1	0	4	6	1	1	4	3	1	0	0	1	1	1	4	1	3	1	1	3	2	0	0
chr9	41868056	41868595	540	8	0	540	354	186	50	22	27	30	33	14	15	21	20	13	14	17	26	6	12	32	23	12	2	19	13	6	0	11	19	7	1	9	28	5	1	30
chr9	41868601	41868906	306	8	0	306	208	98	45	13	11	23	17	7	9	10	13	7	9	8	17	6	2	11	12	7	3	11	11	1	1	2	5	1	1	4	14	6	3	14
chr9	41868907	41868953	47	9	0	47	22	25	0	1	2	1	1	2	2	4	2	0	4	1	1	0	0	0	0	2	0	1	4	1	0	2	3	2	0	2	2	2	0	3
chr9	41868954	41868976	23	8	0	23	8	15	0	0	0	1	0	0	2	0	1	0	2	1	0	0	0	0	0	0	0	0	0	1	1	3	1	2	0	1	1	2	2	0
chr9	41868977	41869056	80	8	0	80	40	40	8	1	0	4	2	6	3	3	1	2	1	1	2	2	2	2	5	6	0	0	7	3	3	2	1	4	1	2	1	2	0	1
chr9	41869057	41869130	74	9	0	74	29	45	2	1	2	1	3	3	4	0	0	1	4	5	1	1	0	0	1	3	1	1	3	3	3	6	3	6	3	2	3	3	1	2
chr9	41869131	41869179	49	9	0	49	28	21	3	2	3	2	0	1	2	2	2	0	1	0	5	1	2	2	1	0	0	3	1	2	0	1	2	3	0	3	1	1	0	1
chr9	41869180	41869288	109	8	0	109	74	35	13	5	6	5	3	4	1	3	5	0	3	4	8	3	9	2	3	4	0	5	3	0	0	2	1	0	0	3	3	1	0	8
chr9	41869289	41869392	104	9	0	104	74	30	9	4	3	12	8	1	4	5	6	1	0	7	5	2	1	6	3	3	0	2	2	0	0	1	2	0	0	1	10	0	0	4
chr9	41869393	41869704	312	8	0	312	195	117	34	9	9	23	15	7	17	9	17	8	7	10	9	4	7	10	12	7	0	9	12	6	0	10	8	5	0	5	16	9	0	16
chr9	41869705	41869749	45	8	0	45	26	19	2	0	2	3	1	0	4	2	3	1	0	1	1	5	0	0	2	2	0	1	2	0	0	2	2	1	0	1	1	1	0	3
chr9	41869750	41870301	552	8	0	552	344	208	49	27	23	26	34	14	24	22	27	10	13	19	16	7	14	17	31	9	2	16	15	5	1	15	15	12	1	16	33	10	0	27
chr9	41870302	41870318	17	9	0	17	15	2	1	0	0	4	0	0	0	0	0	0	0	1	4	0	1	2	0	0	0	0	0	0	0	1	0	0	0	0	0	1	0	0
chr9	41870319	41870330	12	9	0	12	8	4	1	0	0	2	1	0	0	1	1	0	0	0	0	0	1	1	0	0	0	0	0	0	0	0	1	0	0	0	1	0	0	0
chr9	41870331	41870905	575	8	0	575	368	207	57	18	24	38	34	10	15	22	29	4	12	25	17	15	23	25	22	10	2	13	17	10	2	18	16	11	0	15	25	16	0	28
chr9	41870906	41870937	32	8	0	32	19	13	1	2	0	0	1	2	3	1	1	1	0	0	0	3	0	3	5	2	0	1	2	0	0	0	0	0	0	0	0	0	0	2
chr9	41870938	41871016	79	8	0	79	52	27	9	4	5	2	5	2	3	2	5	1	0	3	2	2	3	3	5	1	0	2	2	1	0	0	2	1	0	3	3	0	0	6
chr9	41871017	41871049	33	8	0	33	22	11	3	1	1	4	2	2	0	0	2	1	1	0	1	0	1	2	2	0	0	1	1	1	0	1	0	0	0	0	1	2	0	1
chr9	41871050	41872291	1242	8	0	1242	783	459	107	55	43	63	49	29	48	68	58	25	19	30	55	37	39	57	64	33	9	40	41	22	3	32	38	17	3	24	51	26	3	52
chr9	41872292	41872596	305	8	0	305	196	109	21	16	10	17	14	8	10	11	9	4	8	11	21	8	10	17	20	5	1	10	8	10	0	4	5	4	1	8	10	4	2	16
chr9	41872599	41872733	135	8	0	135	94	41	28	4	14	6	2	0	3	2	16	3	4	0	4	1	5	0	4	1	0	3	2	2	0	4	1	0	0	1	0	5	0	18
chr9	41872734	41872751	18	8	0	18	12	6	0	0	0	1	0	0	0	0	0	0	0	1	1	1	2	4	0	2	0	0	1	0	0	2	0	0	0	0	0	1	0	0
chr9	41872752	41872919	168	8	0	168	122	46	18	6	12	10	11	3	2	5	6	3	2	8	11	3	1	21	7	3	0	4	3	0	0	3	2	1	0	3	9	2	0	7
chr9	41872922	41873008	87	8	0	87	66	21	12	5	2	8	2	6	0	2	1	0	2	1	12	4	3	5	8	2	0	4	0	0	0	2	0	0	0	0	3	0	0	1
chr9	41873009	41873041	33	9	0	33	29	4	3	1	1	5	0	0	0	1	0	0	0	2	7	0	0	8	0	0	0	0	1	0	0	0	0	0	0	0	0	1	0	1
chr9	41873042	41873711	670	8	0	670	434	236	58	28	25	39	25	19	26	19	31	11	17	22	37	17	16	42	32	9	4	30	13	12	2	26	13	6	1	6	31	26	3	22
chr9	41873712	41873736	25	8	0	25	18	7	2	1	0	4	3	0	0	1	1	0	0	0	3	0	0	1	0	0	1	0	1	0	0	0	2	1	1	0	1	0	0	0
chr9	41873737	41874116	380	8	0	380	219	161	26	14	12	15	15	13	18	18	16	12	14	10	8	6	9	11	23	6	2	14	15	14	0	13	12	4	0	6	14	18	0	20
chr9	41874117	41874676	560	8	0	560	345	215	44	20	21	32	20	10	22	24	27	12	17	17	26	11	20	21	19	10	3	20	13	9	2	23	15	12	3	12	29	16	2	26
chr9	41874685	41874711	27	9	0	27	14	13	0	0	3	0	0	0	1	0	1	0	3	3	1	0	0	1	0	0	0	0	1	0	0	1	0	1	1	2	0	1	1	4
chr9	41874712	41874859	148	8	0	148	66	82	1	3	5	3	4	9	8	5	5	3	6	5	1	1	3	3	7	3	3	3	9	8	0	10	2	11	2	4	8	5	1	5
chr9	41874860	41874898	39	9	0	39	29	10	10	0	3	2	1	0	0	2	2	0	0	2	1	0	2	2	0	0	0	0	2	0	0	0	1	1	0	2	0	1	0	3
chr9	41874899	41874964	66	9	0	66	38	28	12	1	2	0	1	3	5	2	2	2	3	2	0	0	1	1	2	1	0	3	3	0	0	1	4	1	1	2	2	2	1	4
chr9	41874965	41875039	75	8	0	75	30	45	0	1	1	1	0	2	7	1	2	1	8	0	1	3	2	0	1	1	1	3	3	2	1	6	1	4	2	7	5	5	0	1
chr9	41875040	41875179	140	8	0	140	67	73	15	2	2	4	3	7	5	1	1	3	4	6	4	3	4	1	3	7	3	2	7	6	7	6	3	9	3	3	4	4	1	5
chr9	41875180	41875202	23	9	0	23	5	18	0	0	0	0	0	3	0	0	0	0	1	0	0	0	0	0	2	1	0	0	1	1	3	0	0	4	3	1	1	0	0	0
chr9	41875216	41875442	227	8	0	227	141	86	12	6	7	17	13	4	13	6	7	4	4	9	10	9	9	10	10	5	1	7	7	0	0	6	8	2	2	12	10	6	1	8
chr9	41875443	41875478	36	9	0	36	18	18	4	1	1	1	1	1	3	1	2	0	1	2	0	0	0	0	0	1	0	1	1	1	0	1	3	1	1	1	2	1	0	2
chr9	41875479	41875557	79	8	0	79	44	35	2	2	3	1	3	2	2	4	2	2	3	4	1	2	6	3	3	2	0	3	3	3	0	3	1	3	0	2	5	1	0	6
chr9	41875558	41875618	61	9	0	61	37	24	2	2	4	1	2	0	1	3	4	1	2	2	1	2	3	5	1	3	0	1	1	2	0	5	1	0	0	1	3	3	0	3
chr9	41875622	41875650	29	8	0	29	18	11	5	0	1	3	2	0	1	1	2	0	2	0	0	0	0	0	0	0	0	0	0	1	0	2	0	1	0	1	4	0	0	1
chr9	41875651	41876043	393	8	0	393	258	135	26	6	22	33	18	3	12	12	15	10	15	6	28	11	17	22	12	6	0	12	8	4	0	12	11	7	0	16	14	7	0	26
chr9	41876044	41876083	40	9	0	40	22	18	0	2	1	2	2	0	0	3	2	0	0	2	1	0	3	3	0	2	0	0	3	3	0	3	1	1	0	0	1	2	0	1
chr9	41876085	41876152	68	8	0	68	52	16	10	3	3	5	5	2	0	1	2	0	0	2	4	3	3	8	3	0	0	5	0	0	0	0	2	0	0	1	3	0	0	1
chr9	41876153	41876405	253	8	0	253	182	71	36	7	7	30	12	2	7	16	14	5	3	5	20	5	4	7	10	1	0	8	8	3	0	2	4	5	0	3	15	4	0	8
chr9	41876406	41876676	271	8	0	271	194	77	29	12	13	22	13	7	5	11	12	2	4	5	23	5	6	24	12	2	0	12	7	4	0	2	8	2	0	4	9	5	0	9
chr9	41876677	41876744	68	9	0	68	51	17	6	1	3	8	1	1	3	3	3	0	1	3	8	1	0	8	1	1	0	1	1	0	0	0	2	0	0	4	4	0	0	2
chr9	41876745	41876799	55	8	0	55	42	13	5	1	3	7	1	0	0	3	2	1	1	1	7	0	2	7	1	0	0	1	0	0	0	1	2	1	0	1	1	1	0	3
chr9	41876800	41876846	47	9	0	47	35	12	5	2	0	6	1	1	0	1	1	2	3	0	5	0	2	5	2	0	1	2	0	0	1	0	0	0	0	0	1	1	0	3
chr9	41876847	41876867	21	9	0	21	7	14	0	0	0	0	0	0	3	0	1	1	1	0	0	0	0	0	1	0	0	0	2	1	0	2	0	2	1	1	0	1	1	1
chr9	41876868	41877148	281	9	0	281	136	145	13	3	5	11	5	16	14	4	6	4	14	8	8	9	9	5	8	11	4	9	15	7	7	14	7	15	7	9	10	10	2	10
chr9	41877149	41877442	294	8	0	294	173	121	18	14	9	16	15	6	15	14	12	7	7	6	12	2	5	14	9	6	0	14	18	7	1	5	8	10	3	7	15	7	0	10
chr9	41877443	41877505	63	9	0	63	32	31	3	0	6	1	2	3	3	2	1	3	1	3	4	0	0	0	1	0	0	5	4	4	0	1	4	2	0	2	1	3	0	2
chr9	41877506	41877705	200	8	0	200	105	95	6	4	4	9	10	3	14	10	4	6	9	12	3	4	2	5	7	6	0	4	10	11	0	8	5	4	0	7	14	8	0	9
chr9	41877706	41877741	36	8	0	36	18	18	2	0	3	1	2	1	1	2	2	0	2	0	0	1	0	1	1	1	0	0	3	0	0	1	1	4	0	1	1	0	0	3
chr9	41877742	41877884	143	8	0	143	91	52	8	6	5	12	7	4	4	6	7	2	2	4	8	2	6	6	6	2	0	6	2	5	1	4	5	1	0	4	8	4	1	3
chr9	41877885	41877948	64	9	0	64	48	16	5	0	2	8	2	0	2	4	1	2	1	4	7	2	1	5	1	1	0	2	1	0	0	1	2	0	0	0	4	1	0	3
chr9	41877949	41878006	58	8	0	58	41	17	5	1	3	6	4	0	0	0	4	1	1	2	2	1	2	7	1	1	0	1	3	1	0	2	0	0	0	0	0	4	0	4
chr9	41878007	41878041	35	9	0	35	26	9	5	0	1	3	2	1	0	1	2	0	0	2	1	0	2	4	1	0	0	0	2	0	0	0	1	1	0	0	0	1	0	3
chr9	41878042	41878073	32	9	0	32	24	8	2	1	0	4	0	0	0	5	0	1	1	0	5	0	0	3	3	0	0	0	1	0	0	0	2	0	0	0	0	1	0	1
chr9	41878074	41878164	91	8	0	91	61	30	9	1	2	8	1	4	3	3	3	2	1	3	7	4	6	3	4	2	0	4	4	1	0	1	2	0	0	2	1	3	0	5
chr9	41878165	41878214	50	9	0	50	29	21	1	0	3	3	2	0	0	2	1	3	2	1	2	1	3	4	1	1	0	2	1	3	0	4	0	1	0	1	2	3	0	1
chr9	41878215	41878374	160	8	0	160	118	42	15	5	8	16	4	1	5	5	8	1	3	6	17	2	5	16	1	2	0	6	4	0	0	1	3	1	0	6	7	2	0	8
chr9	41878375	41878431	57	9	0	57	39	18	7	3	1	5	2	2	1	1	3	0	1	0	4	2	1	5	1	4	1	1	2	2	0	2	0	0	0	0	3	0	1	0
chr9	41878432	41878534	103	8	0	103	58	45	4	2	3	8	5	3	4	4	1	1	1	4	7	2	2	5	4	0	3	1	5	2	2	3	7	7	1	3	1	3	0	3
chr9	41878535	41878583	49	9	0	49	19	30	1	0	1	0	1	3	2	0	0	1	5	4	0	0	0	0	0	2	1	1	3	1	1	5	0	3	0	1	3	3	4	1
chr9	41878584	41878649	66	8	0	66	38	28	6	1	0	4	1	2	2	4	1	0	1	3	3	2	4	3	2	1	1	1	6	2	0	1	1	3	1	3	1	2	0	2
chr9	41878652	41878675	24	9	0	24	10	14	0	0	1	0	0	1	2	0	0	1	0	0	0	2	2	0	1	1	0	2	1	2	0	1	1	1	0	2	0	1	0	0
chr9	41878676	41878732	57	8	0	57	21	36	0	1	1	1	1	1	4	3	2	0	6	0	0	0	0	0	0	1	0	1	2	3	2	4	5	5	0	4	3	3	0	2
chr9	41878733	41878782	50	9	0	50	19	31	0	1	0	0	0	3	5	0	1	3	4	2	0	0	0	0	1	1	2	3	3	1	1	2	2	3	0	1	2	3	1	3
chr9	41878783	41878841	59	8	0	59	47	12	18	2	4	5	1	0	1	1	4	2	0	0	5	0	3	0	1	0	0	3	0	0	0	1	0	0	0	0	2	1	0	3
chr9	41878842	41878886	45	9	0	45	37	8	2	0	0	7	0	0	1	1	1	2	0	0	5	1	3	12	1	1	0	1	1	0	0	1	0	0	0	0	0	1	0	2
chr9	41878887	41878958	72	8	0	72	52	20	11	0	4	5	2	2	0	3	2	2	2	1	5	2	1	9	4	0	1	1	1	0	0	1	0	0	2	2	2	2	0	3
chr9	41878959	41879173	215	9	0	215	157	58	27	5	13	22	9	3	3	9	9	7	1	3	22	5	4	13	11	2	0	7	6	3	0	3	3	2	0	1	5	5	0	10
chr9	41879174	41879184	11	9	0	11	8	3	0	1	0	2	2	0	0	0	1	0	0	1	0	0	0	0	0	0	0	0	0	0	0	0	0	0	0	0	2	0	0	0
chr9	41879185	41879301	117	9	0	117	93	24	10	3	2	20	3	2	3	5	6	2	1	4	15	2	4	9	3	1	0	5	0	0	0	1	0	0	0	0	10	0	0	4
chr9	41879302	41879343	42	9	0	42	30	12	2	1	2	5	2	1	1	2	2	1	1	0	4	2	0	2	3	1	0	1	0	0	0	1	1	0	0	1	2	0	0	2
chr9	41879344	41879600	257	9	0	257	185	72	23	5	12	21	9	5	5	12	7	4	3	11	23	11	9	23	11	4	0	10	5	2	0	5	4	2	0	4	11	4	0	10
chr9	41879601	41879645	45	9	0	45	27	18	2	1	2	4	1	0	2	2	4	0	2	2	2	1	0	1	1	1	0	0	2	2	0	1	0	1	0	1	2	2	0	4
chr9	41879646	41879893	248	9	0	248	166	82	22	12	8	19	7	3	7	16	15	7	6	1	17	8	7	10	16	1	3	10	6	2	0	8	3	3	0	0	8	10	1	10
chr9	41879894	41879921	28	10	0	28	17	11	0	0	4	1	0	0	0	1	0	1	0	0	5	1	2	0	0	0	0	2	0	2	0	2	0	1	0	1	1	1	0	1
chr9	41879922	41879948	27	9	0	27	21	6	5	1	0	4	1	2	0	0	1	0	0	0	3	0	1	2	2	0	0	1	1	0	0	0	0	0	0	0	0	1	0	0
chr9	41879949	41880010	62	9	0	62	51	11	20	3	2	2	1	1	0	3	2	0	2	2	5	0	1	5	2	0	0	2	1	0	0	0	0	0	0	0	2	1	0	3
chr9	41880011	41880022	12	9	0	12	8	4	2	0	1	0	0	0	0	0	0	0	3	0	0	0	0	0	0	0	0	0	0	0	0	0	0	0	0	0	0	0	0	4
chr9	41880023	41880166	144	9	0	144	75	69	7	6	8	4	5	5	9	1	8	2	2	3	5	3	4	2	5	3	2	6	9	2	0	7	4	7	4	5	2	6	0	6
chr9	41880167	41880180	14	9	0	14	8	6	0	0	0	1	0	1	1	0	1	0	1	0	0	1	0	1	2	0	0	1	0	0	0	1	0	0	0	0	0	1	0	0
chr9	41880182	41880231	50	9	0	50	21	29	1	1	2	0	0	5	3	2	3	2	2	0	0	0	0	0	3	1	1	3	0	1	2	0	5	0	1	3	2	2	2	1
chr9	41880232	41880286	55	9	0	55	34	21	4	2	1	2	3	2	2	7	2	3	1	5	0	0	0	0	3	1	0	1	1	0	0	0	1	0	0	1	9	0	0	2
chr9	41880287	41880308	22	9	0	22	15	7	2	1	0	1	0	0	1	2	0	0	0	3	1	1	1	0	1	1	0	0	1	0	0	1	0	0	0	0	1	1	0	1
chr9	41880309	41880339	31	10	0	31	17	14	2	1	3	1	1	0	1	0	3	0	1	1	1	0	1	0	0	0	1	0	2	0	0	1	0	2	0	2	1	1	1	2
chr9	41880340	41880366	27	9	0	27	13	14	0	0	3	0	1	2	1	0	0	2	2	0	2	0	0	0	2	1	0	1	0	0	0	1	1	1	0	1	1	0	0	3
chr9	41880367	41880433	67	9	0	67	39	28	3	0	4	3	0	1	2	1	3	0	6	3	4	2	3	3	0	2	0	1	1	1	0	6	1	1	0	2	3	4	0	5
chr9	41880436	41880528	93	9	0	93	54	39	9	3	8	0	2	2	2	2	4	3	5	0	6	2	2	2	3	2	2	3	2	3	1	4	1	1	1	3	2	4	0	7
chr9	41880546	41880563	18	9	0	18	11	7	1	1	2	0	1	1	0	1	2	0	0	0	0	0	0	0	2	0	0	0	1	0	0	0	0	1	0	1	1	0	0	1
chr9	41880564	41880829	266	9	0	266	130	136	9	9	7	7	11	7	14	4	4	2	16	7	8	6	8	10	6	6	2	10	18	10	3	13	5	16	4	13	8	12	1	8
chr9	41880830	41880894	65	10	0	65	29	36	1	0	1	2	2	5	5	1	1	2	5	2	0	0	0	0	1	1	1	4	5	1	0	1	4	3	2	3	4	2	1	3
chr9	41880895	41881994	1100	9	0	1100	743	357	122	38	40	86	57	21	31	41	44	11	24	34	63	27	35	67	50	13	2	32	34	12	2	19	28	13	4	35	38	29	2	44
chr9	41881995	41882008	14	9	0	14	9	5	1	0	1	0	1	0	0	1	0	1	0	1	0	0	1	1	1	0	0	0	0	0	0	0	1	0	0	1	0	0	0	1
chr9	41882009	41882081	73	10	0	73	47	26	17	0	11	0	1	0	1	0	10	3	4	0	0	0	0	0	1	0	1	1	0	0	1	0	0	0	2	1	1	1	2	13
chr9	41882082	41882212	131	9	0	131	48	83	3	1	1	3	1	6	10	2	2	1	8	3	1	2	3	0	1	2	2	5	8	7	5	8	5	11	6	8	5	7	1	1
chr9	41882213	41882223	11	9	0	11	11	0	9	0	0	0	0	0	0	0	0	0	0	0	0	0	0	0	0	0	0	0	0	0	0	0	0	0	0	0	0	0	0	0
chr9	41882225	41882286	62	10	0	62	33	29	4	2	0	1	0	1	2	3	1	3	3	3	2	2	4	1	1	4	1	1	3	2	1	3	0	1	0	1	2	2	2	4
chr9	41882287	41882481	195	9	0	195	116	79	32	6	7	7	9	10	5	3	5	3	3	5	5	4	4	7	10	5	1	6	6	4	5	5	5	8	4	3	6	3	2	5
chr9	41882483	41882527	45	9	0	45	14	31	0	0	0	0	0	1	5	0	0	4	4	0	0	0	0	0	1	0	1	3	3	1	1	1	2	3	4	2	0	2	2	3
chr9	41882535	41882624	90	9	0	90	29	61	0	1	1	1	1	4	5	1	2	1	8	0	0	2	2	0	1	2	2	3	4	5	5	5	3	7	4	7	3	6	1	1
chr9	41882625	41882673	49	10	0	49	39	10	17	0	0	4	1	0	2	0	0	1	1	1	3	2	2	3	2	0	0	2	0	0	0	1	0	1	0	1	1	0	0	2
chr9	41882674	41882778	105	9	0	105	42	63	2	2	3	1	3	7	3	1	1	2	5	6	2	1	1	2	2	6	2	1	7	3	5	6	1	7	3	4	4	5	4	1
chr9	41882779	41882824	46	10	0	46	30	16	7	1	2	2	0	1	1	3	2	2	0	1	3	0	1	4	3	0	0	0	2	0	0	2	0	2	0	0	0	2	1	2
chr9	41882832	41883322	491	9	0	491	318	173	41	17	24	25	18	15	11	25	20	10	8	13	27	15	19	29	22	6	1	28	22	7	1	6	11	6	2	9	14	17	2	18
chr9	41883323	41883346	24	9	0	24	15	9	4	1	0	2	3	0	0	1	1	0	1	1	0	0	0	0	0	1	0	0	1	0	1	0	2	0	0	0	1	1	0	1
chr9	41883347	41883771	425	9	0	425	299	126	50	18	18	33	20	8	8	25	22	8	6	13	28	7	11	22	21	7	1	12	11	4	0	5	10	1	0	5	19	8	1	21
chr9	41883776	41884338	563	9	0	563	341	222	47	14	28	23	16	15	24	19	30	14	21	14	18	11	21	24	16	12	1	25	18	12	0	19	18	6	1	15	22	19	2	36
chr9	41884339	41885144	806	9	0	806	562	244	66	19	21	61	33	21	23	48	35	10	15	24	32	35	20	97	56	7	4	18	15	6	0	15	15	6	0	17	39	17	0	29
chr9	41885145	41885181	37	9	0	37	22	15	3	2	0	2	3	2	0	3	0	3	0	0	1	1	1	1	4	2	0	1	3	0	0	0	0	0	0	0	1	1	1	0
chr9	41885182	41885814	633	9	0	633	424	209	51	34	22	45	33	14	15	29	30	11	9	11	39	19	22	38	35	15	4	24	21	10	0	13	13	3	1	9	22	16	1	22
chr9	41885815	41885865	51	9	0	51	32	19	8	1	2	2	3	5	1	1	2	1	0	1	0	1	1	2	5	1	0	2	2	0	0	0	2	0	0	2	2	1	1	0
chr9	41885866	41886052	187	9	0	187	142	45	27	8	8	20	9	1	4	6	10	2	7	0	17	3	3	15	7	0	0	7	1	1	0	1	4	0	0	4	8	2	0	10
chr9	41886053	41886081	29	10	0	29	24	5	6	0	1	3	1	0	1	0	0	1	0	2	4	0	0	3	0	1	0	0	0	0	0	1	0	0	0	0	2	0	0	1
chr9	41886082	41886163	82	9	0	82	57	25	12	1	7	4	7	0	0	3	4	3	2	2	1	1	3	5	4	0	0	1	1	1	0	1	3	0	0	3	2	2	0	7
chr9	41886164	41886194	31	10	0	31	22	9	4	0	0	5	1	0	1	2	3	0	0	1	1	0	1	2	1	0	0	0	0	0	0	0	2	0	1	1	1	0	1	1
chr9	41886195	41886269	75	9	0	75	55	20	5	2	1	8	4	3	1	2	0	0	1	2	7	5	3	9	7	1	0	2	1	1	0	1	2	0	0	2	1	1	0	1
chr9	41886270	41886323	54	9	0	54	40	14	5	4	4	3	2	0	0	2	0	0	0	2	9	2	2	5	2	0	0	3	1	0	0	1	1	2	0	1	0	0	0	1
chr9	41886324	41886373	50	10	0	50	35	15	4	3	3	2	1	2	1	1	2	2	0	0	4	2	3	3	4	1	0	4	1	0	0	1	0	0	0	0	0	1	0	3
chr9	41886374	41886857	484	9	0	484	316	168	49	17	31	19	17	10	19	18	28	7	9	13	22	11	11	34	20	9	1	16	13	5	1	13	17	5	0	10	14	13	0	30
chr9	41886858	41886924	67	10	0	67	45	22	8	2	4	2	4	4	1	2	1	1	2	5	3	1	1	2	5	1	0	2	2	0	0	1	1	0	0	1	3	2	0	4
chr9	41886925	41887257	333	9	0	333	224	109	42	11	10	23	12	8	11	11	14	3	10	13	18	7	8	21	13	6	0	10	12	7	1	4	8	2	0	6	10	9	1	20
chr9	41887258	41887293	36	10	0	36	26	10	2	2	1	4	1	0	0	4	1	1	2	1	4	1	0	1	3	0	0	1	0	0	0	0	0	0	0	0	1	0	2	2
chr9	41887294	41887551	258	9	0	258	166	92	29	4	6	20	11	9	8	10	7	6	6	9	11	7	7	15	13	6	2	5	10	3	1	8	5	6	0	4	10	7	1	10
chr9	41887552	41887679	128	10	0	128	54	74	5	3	1	4	3	6	6	2	3	1	6	2	2	3	4	1	4	4	2	4	8	8	5	5	3	10	5	4	2	4	2	4
chr9	41887680	41887891	212	9	0	212	111	101	15	9	5	6	9	7	8	8	6	3	8	10	6	3	3	4	6	8	3	5	12	6	5	8	8	8	0	4	6	10	4	7
chr9	41887892	41887967	76	10	0	76	39	37	2	1	2	4	3	2	2	2	1	4	1	0	2	2	6	4	1	2	2	4	4	4	1	4	2	5	1	0	2	2	0	2
chr9	41887968	41887986	19	9	0	19	12	7	0	0	0	2	0	0	0	1	0	0	0	0	2	1	3	1	0	1	0	0	0	1	0	2	1	1	0	0	0	0	0	1
chr9	41887987	41888065	79	9	0	79	44	35	1	3	0	3	2	4	2	8	3	0	5	1	1	2	2	5	3	4	0	3	6	3	0	1	3	2	0	1	4	1	0	4
chr9	41888066	41888081	16	9	0	16	10	6	2	0	0	1	2	0	0	0	0	1	0	1	0	0	0	2	1	0	0	0	1	2	0	0	0	0	0	0	0	1	0	0
chr9	41888082	41888102	21	10	0	21	17	4	6	0	0	3	0	0	1	0	1	1	0	1	1	0	1	0	1	0	0	0	0	0	0	0	0	0	0	0	1	0	0	2
chr9	41888103	41888162	60	9	0	60	36	24	7	0	5	2	1	2	1	1	5	0	2	2	1	2	0	5	2	0	0	1	2	6	0	0	0	1	0	1	1	2	0	6
chr9	41888163	41888215	53	10	0	53	34	19	4	0	1	3	0	2	2	3	1	0	1	2	3	2	2	7	1	0	0	3	0	1	0	1	5	2	1	0	1	0	1	2
chr9	41888216	41888307	92	9	0	92	40	52	1	1	2	0	0	3	7	3	0	1	5	8	3	2	2	1	2	3	1	1	6	1	0	5	2	6	5	5	4	3	2	5
chr9	41888308	41888429	122	10	0	122	70	52	25	3	1	4	4	4	5	3	3	1	5	0	2	3	4	1	4	3	1	3	6	3	1	6	4	6	1	5	3	4	1	1
chr9	41888430	41888506	77	9	0	77	27	50	0	0	2	0	2	3	7	0	0	3	8	2	0	0	0	0	1	0	1	4	4	0	2	4	5	4	5	6	2	5	2	3
chr9	41888507	41888596	90	10	0	90	80	10	29	1	1	13	0	1	0	2	2	1	2	1	12	0	3	10	1	1	0	1	0	0	0	1	0	0	0	0	2	0	0	4
chr9	41888597	41888894	298	9	0	298	171	127	20	7	15	15	14	7	12	6	13	5	16	7	9	8	9	6	9	7	1	10	5	3	3	14	13	6	3	12	12	9	3	17
chr9	41888895	41888925	31	10	0	31	16	15	0	1	2	0	2	1	3	0	0	1	1	1	1	2	0	1	2	0	0	2	1	1	0	0	1	0	0	3	2	1	0	0
chr9	41888926	41888937	12	9	0	12	9	3	0	1	1	0	0	0	0	2	0	0	0	1	1	0	0	1	2	0	0	0	0	0	0	0	0	0	0	0	0	0	0	1
chr9	41888938	41889056	119	9	0	119	70	49	9	6	1	5	4	2	6	8	5	3	4	1	3	4	1	6	7	5	1	2	3	3	1	7	4	1	0	1	6	5	0	3
chr9	41889057	41889097	41	10	0	41	28	13	6	0	3	2	0	0	1	1	2	0	1	1	4	2	2	2	0	0	0	2	2	0	0	1	0	2	0	1	0	1	0	3
chr9	41889098	41889127	30	9	0	30	23	7	2	1	1	1	0	3	0	2	0	0	0	0	2	3	0	7	5	0	0	1	0	0	0	0	0	0	0	0	0	0	0	0
chr9	41889128	41889555	428	9	0	428	283	145	34	13	17	29	19	10	11	23	14	7	10	12	26	12	14	30	21	8	2	11	8	5	0	13	15	5	1	13	19	8	1	15
chr9	41889556	41889573	18	10	0	18	13	5	2	1	2	0	1	0	0	1	1	0	0	2	1	0	0	1	1	0	0	1	0	0	0	0	0	0	0	0	1	0	0	1
chr9	41889581	41889638	58	9	0	58	42	16	8	2	0	5	2	3	1	5	2	0	2	0	4	0	0	6	4	2	0	0	1	0	0	1	3	0	0	1	3	0	0	1
chr9	41889639	41889714	76	9	0	76	56	20	10	3	0	8	5	1	0	4	0	1	0	2	6	1	4	10	3	2	0	1	0	0	1	3	4	2	0	0	3	0	0	0
chr9	41889722	41889796	75	9	0	75	48	27	3	0	2	6	0	2	3	3	4	1	1	3	4	6	3	5	2	1	1	5	2	1	1	1	2	0	0	2	2	3	2	2
chr9	41889797	41891349	1553	9	0	1553	1019	534	135	56	66	93	58	35	46	83	63	21	40	52	95	52	42	80	75	24	4	61	51	21	2	34	33	24	3	26	63	39	1	73
chr9	41891350	41891458	109	9	0	109	71	38	6	4	4	5	2	3	3	5	3	4	1	3	8	8	5	7	5	1	4	8	0	2	2	1	1	1	0	0	6	1	0	4
chr9	41891459	41891656	198	9	0	198	140	58	21	2	10	20	6	7	5	7	14	3	5	4	13	3	5	13	5	5	0	5	5	0	0	3	2	1	0	5	13	2	0	12
chr9	41891657	41891727	71	9	0	71	51	20	9	3	5	4	5	1	0	2	1	0	0	1	6	3	3	7	2	1	0	4	1	2	0	1	4	0	0	2	0	1	0	1
chr9	41891728	41892709	982	9	0	982	678	304	101	27	35	85	44	16	31	47	33	16	20	36	70	28	17	70	35	17	5	30	28	9	2	11	35	7	4	16	40	17	1	47
chr9	41892710	41892772	63	9	0	63	42	21	3	5	2	3	2	1	4	4	1	1	1	4	8	1	0	1	4	0	0	4	2	0	0	0	1	1	0	1	4	1	0	2
chr9	41892773	41892982	210	9	0	210	154	56	28	7	10	17	7	3	5	10	13	1	2	10	14	5	9	12	8	0	0	8	1	0	0	4	3	1	0	4	13	4	0	9
chr9	41892983	41893492	510	9	0	510	349	161	48	21	20	41	25	13	15	20	22	7	6	16	36	18	13	27	32	9	2	16	16	3	0	12	6	7	0	7	19	12	0	19
chr9	41893493	41893807	315	9	0	315	194	121	40	13	10	15	13	8	13	11	12	7	10	10	13	5	5	8	16	5	1	11	11	10	2	10	5	6	0	5	13	12	1	12
chr9	41893808	41893819	12	10	0	12	5	7	0	0	0	0	0	0	2	0	0	0	1	0	0	0	0	0	0	0	0	0	0	0	0	1	2	1	0	1	1	0	0	1
chr9	41893820	41893849	30	9	0	30	12	18	0	0	1	0	0	3	5	0	1	1	0	0	0	0	0	0	1	2	0	1	1	0	0	2	4	1	0	2	2	0	0	1
chr9	41893850	41893919	70	9	0	70	32	38	0	1	1	1	2	6	7	2	1	3	1	3	0	0	1	1	6	1	1	2	4	2	0	2	5	3	0	4	3	2	1	2
chr9	41893920	41894281	362	10	0	362	209	153	39	8	14	7	9	15	15	12	11	8	21	11	8	4	14	12	9	4	5	17	11	5	1	7	14	7	5	16	16	8	3	24
chr9	41894290	41894328	39	10	0	39	26	13	4	1	2	3	3	1	0	1	1	0	1	1	2	2	2	1	3	1	0	0	1	2	0	0	1	0	0	1	0	0	0	3
chr9	41894329	41895014	686	10	0	686	410	276	57	21	21	35	26	17	27	29	16	17	26	19	35	21	13	29	28	18	5	25	25	11	6	22	16	18	8	15	31	17	5	25
chr9	41895015	41895059	45	9	0	45	21	24	6	1	1	1	1	1	1	1	0	1	1	0	2	1	3	0	1	0	1	2	1	1	3	0	2	3	4	2	0	0	0	2
chr9	41895060	41895146	87	10	0	87	37	50	2	2	1	1	1	3	3	3	1	3	5	6	2	1	3	0	2	4	2	1	3	2	4	6	1	4	1	3	4	6	3	2
chr9	41895155	41895197	43	10	0	43	20	23	3	1	1	1	1	0	1	0	1	1	0	1	1	2	1	4	0	1	2	2	0	2	3	1	1	3	4	0	1	0	2	0
chr9	41895199	41895744	546	10	0	546	351	195	51	3	25	43	16	10	23	26	25	11	12	16	30	16	12	30	19	11	0	11	17	9	2	16	16	11	0	19	23	13	2	26
chr9	41895745	41895754	10	9	0	10	6	4	1	1	0	0	1	2	0	0	0	0	0	0	0	0	0	0	3	0	0	0	0	0	0	0	0	0	0	0	0	0	0	0
chr9	41895758	41895801	44	10	0	44	26	18	3	2	2	1	0	2	0	1	4	0	2	1	1	0	2	5	0	1	1	2	3	2	1	0	0	0	0	0	0	3	0	3
chr9	41895802	41896287	486	10	0	486	282	204	33	12	26	28	21	14	17	13	25	11	15	9	20	12	10	16	19	6	8	16	16	12	4	18	13	11	5	14	17	21	3	19
chr9	41896288	41896438	151	10	0	151	89	62	15	7	5	8	10	3	4	8	8	3	2	3	2	4	5	1	6	5	3	3	5	3	1	4	7	2	1	6	7	3	1	4
chr9	41896439	41896484	46	9	0	46	34	12	8	0	1	7	4	0	0	2	0	0	0	5	4	0	2	0	0	0	0	0	1	0	0	2	1	1	0	0	4	2	0	0
chr9	41896485	41896525	41	10	0	41	26	15	3	0	2	2	2	1	0	2	1	1	0	1	2	2	1	5	1	2	0	1	1	2	1	1	2	0	0	0	1	0	1	1
chr9	41896526	41896674	149	10	0	149	104	45	19	7	4	11	4	4	7	6	8	4	2	5	10	3	3	6	8	2	0	8	3	1	0	3	0	0	0	0	10	4	0	5
chr9	41896675	41896685	11	9	0	11	9	2	3	1	0	2	1	0	0	0	1	0	0	0	0	0	0	0	1	0	0	0	0	0	0	0	0	0	0	0	0	0	0	0
chr9	41896686	41896780	95	10	0	95	64	31	6	5	4	7	6	2	3	3	5	2	4	1	5	3	3	5	7	0	0	5	1	0	0	1	3	0	0	1	3	2	0	6
chr9	41896781	41896831	51	9	0	51	21	30	1	0	2	1	2	2	1	4	0	0	2	1	1	1	2	0	1	1	0	1	4	2	2	3	3	6	0	3	1	2	0	0
chr9	41896832	41897044	213	10	0	213	94	119	9	2	4	5	4	11	9	5	3	5	13	6	4	4	6	4	2	8	5	6	13	7	5	8	8	11	7	10	6	8	5	8
chr9	41897045	41897091	47	9	0	47	36	11	5	3	1	7	5	1	0	1	2	1	2	1	5	0	0	1	3	0	0	1	0	0	0	0	0	0	0	0	4	0	0	2
chr9	41897092	41897180	89	10	0	89	67	22	21	2	4	8	3	2	1	3	4	0	1	0	7	0	3	7	1	2	0	1	2	0	0	1	4	1	0	5	2	0	0	2
chr9	41897181	41897219	39	9	0	39	29	10	5	2	4	3	2	2	0	0	3	0	0	0	5	0	0	1	1	1	0	2	1	0	0	0	1	0	0	1	2	0	0	1
chr9	41897220	41897672	453	10	0	453	247	206	33	14	15	21	14	17	18	10	12	8	15	10	24	12	11	11	23	7	5	16	12	12	11	17	12	19	12	15	12	14	8	11
chr9	41897673	41898277	605	10	0	605	334	271	34	20	18	30	21	23	33	17	25	9	24	13	21	13	12	20	22	14	7	22	19	14	8	24	20	21	5	24	33	16	4	17
chr9	41898278	41898306	29	9	0	29	22	7	8	2	1	1	3	0	0	0	2	1	1	0	0	0	1	1	2	0	0	0	0	0	0	0	0	0	0	0	1	0	0	3
chr9	41898307	41898367	61	10	0	61	34	27	8	3	0	2	4	4	1	2	0	1	3	0	0	1	1	2	2	7	0	1	4	2	1	2	2	0	1	1	3	0	0	1
chr9	41898368	41898406	39	9	0	39	28	11	1	0	2	5	2	1	0	3	2	0	0	1	3	2	1	4	2	0	0	1	1	1	0	0	1	0	0	1	1	1	0	1
chr9	41898407	41898517	111	10	0	111	58	53	1	2	5	4	3	1	6	6	2	5	6	5	6	2	1	3	4	4	0	1	2	3	1	6	4	3	1	4	6	3	2	7
chr9	41898518	41898576	59	9	0	59	36	23	3	3	3	3	2	0	3	2	4	2	0	2	3	1	2	1	3	2	1	1	2	1	0	3	0	0	0	2	2	3	1	2
chr9	41898577	41898820	244	10	0	244	131	113	32	5	10	12	8	10	6	5	11	5	9	3	8	2	1	3	11	3	3	5	4	12	8	7	5	8	13	5	9	8	2	9
chr9	41898821	41898832	12	9	0	12	0	12	0	0	0	0	0	0	0	0	0	0	0	0	0	0	0	0	0	0	0	0	0	3	2	0	0	2	3	0	0	0	0	0
chr9	41898833	41898906	74	10	0	74	15	59	0	0	1	0	0	3	3	1	1	2	1	0	0	0	1	1	0	2	3	0	4	9	8	3	2	11	9	3	2	2	0	0
chr9	41898907	41898925	19	9	0	19	5	14	0	0	0	0	0	0	2	0	1	0	1	0	0	0	0	0	0	0	0	0	0	2	1	0	2	1	2	3	0	1	1	0
chr9	41898926	41899070	145	10	0	145	43	102	0	2	3	0	1	7	8	2	3	5	5	2	1	0	3	0	7	3	0	4	3	11	12	7	6	13	16	4	2	6	2	5
chr9	41899071	41899118	48	9	0	48	19	29	0	1	2	0	1	1	2	0	2	3	5	1	0	0	0	0	1	2	1	1	1	2	1	5	1	0	1	1	1	5	3	2
chr9	41899119	41900765	1647	10	0	1647	1021	626	164	48	74	91	59	37	61	57	72	26	61	58	81	29	38	64	50	34	4	52	57	44	4	51	38	27	6	41	69	50	8	90
chr9	41900766	41900777	12	9	0	12	12	0	10	0	0	0	0	0	0	0	0	0	0	0	0	0	0	0	0	0	0	0	0	0	0	0	0	0	0	0	0	0	0	0
chr9	41900778	41901579	802	10	0	802	442	360	49	22	30	35	30	27	40	21	29	18	34	20	28	22	18	18	29	24	3	33	36	23	8	29	23	24	4	23	31	25	7	37
chr9	41901580	41901630	51	10	0	51	29	22	5	2	2	2	3	2	2	4	2	1	0	1	1	0	0	1	3	1	0	1	2	2	0	2	3	2	0	1	3	1	0	0
chr9	41901631	41901827	197	10	0	197	124	73	21	5	10	11	13	4	4	5	9	7	3	6	4	3	7	10	7	3	3	7	9	5	0	4	4	5	0	1	7	5	1	12
chr9	41901828	41901857	30	10	0	30	18	12	0	0	2	1	1	3	2	0	1	2	0	0	0	1	1	2	3	0	0	3	1	0	0	0	2	0	0	0	0	1	0	2
chr9	41901858	41901906	49	10	0	49	25	24	1	0	0	3	2	3	2	3	1	2	1	2	0	1	3	0	3	2	0	1	3	0	0	2	1	4	0	1	4	0	0	2
chr9	41901907	41901949	43	9	0	43	16	27	1	0	1	1	1	2	2	2	0	0	3	1	1	1	0	0	1	1	0	1	3	2	2	3	2	4	0	2	1	2	1	0
chr9	41901950	41902150	201	10	0	201	104	97	24	3	3	7	3	6	9	8	3	4	10	5	7	2	5	4	1	8	2	4	8	8	7	8	8	9	2	9	9	6	0	7
chr9	41902151	41902319	169	10	0	169	113	56	32	4	3	10	4	5	5	5	4	3	10	5	9	4	5	4	4	0	1	12	4	3	0	2	1	3	1	3	10	3	2	6
chr9	41902320	41902579	260	10	0	260	162	98	14	8	15	14	12	7	9	9	12	10	5	11	13	4	9	10	10	5	2	11	9	3	0	6	6	2	0	4	12	7	2	17
chr9	41902580	41902645	66	10	0	66	45	21	16	3	3	2	3	2	0	0	3	1	1	2	2	0	2	4	2	3	0	1	2	4	0	2	0	0	0	0	1	1	0	4
chr9	41902646	41902672	27	10	0	27	16	11	1	1	1	2	2	2	0	1	1	0	1	1	1	0	0	1	1	1	0	0	2	0	0	1	1	1	0	0	1	1	0	1
chr9	41902673	41902783	111	10	0	111	59	52	3	2	9	3	9	4	5	4	3	2	6	1	2	1	1	2	3	1	0	5	4	1	0	3	9	5	0	8	7	1	0	5
chr9	41902784	41902818	35	10	0	35	18	17	1	0	2	1	1	0	1	2	1	3	1	1	1	0	0	1	1	2	0	0	1	3	0	4	0	0	0	0	2	3	0	1
chr9	41902819	41902878	60	10	0	60	33	27	3	3	3	2	4	3	2	0	2	1	2	2	2	1	1	0	3	1	0	4	2	2	1	1	3	0	0	3	1	3	1	2
chr9	41902879	41902921	43	10	0	43	18	25	1	1	1	0	1	4	4	3	1	0	0	1	0	0	0	0	3	2	0	1	2	1	1	2	6	3	0	1	1	0	0	1
chr9	41902922	41902932	11	10	0	11	4	7	0	0	0	0	0	1	1	0	0	0	0	0	0	0	0	0	0	0	0	1	1	2	0	0	1	1	0	0	1	0	0	0
chr9	41902933	41902989	57	10	0	57	28	29	3	2	4	2	4	1	3	2	3	0	2	0	1	0	0	0	1	0	1	1	1	2	0	4	5	4	0	4	3	1	1	0
chr9	41902997	41903142	146	10	0	146	90	56	14	7	4	6	5	2	7	5	3	5	4	4	9	5	5	3	10	5	1	3	5	3	0	5	2	0	0	6	4	5	1	6
chr9	41903143	41903164	22	10	0	22	19	3	2	0	1	2	0	0	0	1	1	0	0	0	2	2	1	5	1	0	0	1	0	0	0	0	0	0	0	0	0	0	0	1
chr9	41903165	41903178	14	10	0	14	10	4	2	1	0	2	1	0	0	1	1	0	0	1	0	0	0	0	0	1	0	0	0	0	0	0	0	0	0	0	2	0	0	0
chr9	41903179	41903209	31	9	0	31	23	8	3	2	1	1	0	1	1	4	0	2	0	0	3	1	0	2	5	0	0	1	0	0	0	0	0	0	0	0	1	0	0	1
chr9	41903210	41903452	243	10	0	243	159	84	31	6	12	13	10	2	9	7	11	2	8	1	10	10	9	17	8	5	0	8	6	2	0	10	8	5	0	9	6	6	0	10
chr9	41903453	41903504	52	10	0	52	35	17	7	1	2	3	1	1	0	1	0	0	0	2	5	1	1	9	2	0	0	1	0	3	2	1	0	3	2	0	1	0	0	1
chr9	41903505	41903558	54	10	0	54	22	32	1	0	1	1	1	6	3	0	0	1	3	3	1	1	0	0	2	3	0	2	4	3	1	2	1	2	1	2	3	3	0	1
chr9	41903559	41903646	88	10	0	88	46	42	6	1	1	5	2	2	4	3	3	4	3	1	2	4	3	1	3	5	2	1	5	2	1	4	0	4	1	3	4	1	2	3
chr9	41903656	41903731	76	9	0	76	31	45	0	2	1	2	2	3	6	0	3	0	7	2	0	1	1	0	1	2	1	2	2	2	2	6	4	3	1	5	4	5	2	2
chr9	41903732	41903821	90	10	0	90	49	41	7	2	2	1	3	9	5	5	0	1	4	2	2	4	0	2	11	0	0	5	3	1	0	1	5	3	1	2	3	1	1	2
chr9	41903822	41904331	510	10	0	510	356	154	61	10	18	44	16	12	10	23	17	2	14	19	37	14	19	38	11	14	1	12	12	5	1	12	13	6	0	15	25	5	0	22
chr9	41904332	41904342	11	9	0	11	11	0	9	0	0	0	0	0	0	0	0	0	0	0	0	0	0	0	0	0	0	0	0	0	0	0	0	0	0	0	0	0	0	0
chr9	41904343	41904411	69	10	0	69	28	41	0	0	1	0	1	2	7	1	0	3	9	3	0	0	0	0	2	0	0	3	2	0	1	4	5	2	2	5	2	5	1	6
chr9	41904412	41904511	100	10	0	100	46	54	9	1	0	4	1	3	4	1	2	2	5	0	2	4	5	1	3	2	2	3	3	4	5	5	2	8	4	4	2	3	1	3
chr9	41904512	41904565	54	10	0	54	22	32	1	2	0	0	0	3	3	1	1	2	2	5	1	0	1	0	1	4	2	0	3	1	2	3	0	2	1	1	3	4	1	2
chr9	41904566	41904666	101	10	0	101	50	51	8	0	4	6	3	4	4	2	2	0	3	4	5	3	0	2	2	2	2	1	6	4	2	5	1	7	4	4	4	3	1	1
chr9	41904667	41904719	53	10	0	53	35	18	4	4	3	2	3	2	0	0	2	1	2	0	4	2	1	4	2	3	1	3	2	1	1	0	0	0	0	0	1	0	0	3
chr9	41904720	41904979	260	10	0	260	188	72	32	9	11	22	13	5	3	6	8	2	5	6	22	9	11	22	9	4	0	12	8	0	0	6	4	4	0	4	6	6	0	9
chr9	41904980	41905009	30	10	0	30	19	11	0	0	2	2	2	0	1	0	2	0	2	2	0	2	0	4	0	0	0	2	0	0	0	0	1	0	0	1	2	0	1	2
chr9	41905010	41905061	52	10	0	52	37	15	5	1	2	5	3	0	1	3	3	0	0	1	3	4	1	3	2	1	1	1	0	0	1	1	2	1	0	1	3	0	0	1
chr9	41905062	41905103	42	10	0	42	27	15	2	2	2	4	2	2	0	5	4	0	0	1	2	0	0	0	3	2	0	0	2	0	0	2	0	0	0	0	3	2	0	0
chr9	41905104	41905942	839	10	0	839	549	290	73	31	45	47	38	19	24	36	37	13	26	27	48	27	13	44	40	12	6	32	12	9	4	26	18	8	3	15	46	22	1	35
chr9	41905943	41905958	16	10	0	16	8	8	0	2	0	0	0	0	1	0	0	0	1	0	2	0	1	0	0	2	0	0	1	0	0	1	0	0	1	1	0	0	0	1
chr9	41905959	41905990	32	10	0	32	19	13	1	2	1	0	2	1	0	4	1	1	1	2	1	0	1	0	3	0	0	0	1	1	0	0	1	0	0	1	2	1	0	2
chr9	41905991	41906067	77	10	0	77	55	22	11	0	9	5	2	1	0	3	5	0	1	4	6	4	0	2	1	1	0	3	1	0	0	4	1	0	0	1	4	4	0	2
chr9	41906068	41906160	93	10	0	93	59	34	6	0	7	8	4	2	1	4	5	0	1	3	6	2	5	5	1	2	0	0	3	2	0	3	2	2	0	8	5	2	0	2
chr9	41906161	41906178	18	10	0	18	8	10	0	0	0	0	0	1	0	1	0	0	0	2	0	2	1	1	1	1	1	0	1	1	0	1	0	0	0	0	0	1	1	0
chr9	41906179	41906533	355	10	0	355	235	120	30	13	18	24	12	10	12	14	20	4	6	7	23	11	7	23	15	5	3	16	15	2	2	4	9	4	0	7	9	12	1	15
chr9	41906534	41906634	101	10	0	101	78	23	14	3	3	10	4	1	0	2	2	1	2	3	10	4	5	13	2	1	1	5	0	2	0	2	0	0	0	0	5	1	0	3
chr9	41906635	41907435	801	10	0	801	549	252	81	24	33	67	34	15	21	37	28	10	20	28	61	14	25	50	22	13	1	27	20	7	1	15	30	10	0	20	35	13	0	37
chr9	41907436	41907488	53	10	0	53	36	17	6	0	3	4	2	0	2	2	2	2	1	2	4	0	1	3	1	0	0	1	3	0	0	1	1	2	0	1	1	2	0	4
chr9	41907489	41907560	72	10	0	72	44	28	3	2	2	1	2	1	2	3	2	2	4	3	1	5	4	6	6	2	0	2	1	1	0	4	0	0	0	0	1	4	0	6
chr9	41907561	41907639	79	10	0	79	59	20	21	1	3	5	0	0	2	1	1	0	3	5	7	4	2	3	2	1	0	1	0	1	1	2	0	0	0	2	1	2	1	5
chr9	41907640	41907661	22	10	0	22	9	13	0	0	0	0	0	1	1	0	0	2	4	0	0	0	0	0	1	1	0	1	1	0	0	1	0	0	1	1	1	1	1	2
chr9	41907662	41908886	1225	10	0	1225	733	492	96	45	41	57	43	35	40	53	43	20	52	35	57	30	30	55	51	28	12	39	41	21	13	33	28	25	11	38	51	33	14	53
chr9	41908887	41909274	388	10	0	388	289	99	56	11	14	36	14	6	6	18	13	4	7	13	33	12	11	33	12	4	0	17	9	3	0	5	8	3	0	1	15	7	0	15
chr9	41909275	41909326	52	10	0	52	25	27	3	1	2	1	1	2	0	1	2	0	5	0	2	1	1	2	1	2	0	1	1	6	1	5	1	0	0	1	0	5	1	1
chr9	41909327	41909477	151	10	0	151	86	65	7	5	4	7	3	5	8	3	9	3	8	4	4	2	7	6	4	3	2	6	5	4	0	6	4	4	0	2	6	3	2	13
chr9	41909478	41909518	41	10	0	41	24	17	2	1	2	1	2	2	0	4	2	1	0	2	0	2	1	1	4	2	1	0	2	0	0	1	0	0	1	1	2	1	0	1
chr9	41909519	41909689	171	10	0	171	122	49	20	5	3	17	7	5	1	12	7	2	0	6	11	5	5	15	7	1	2	6	7	1	1	0	5	1	1	1	6	6	0	3
chr9	41909690	41909710	21	10	0	21	18	3	6	0	1	3	0	0	0	0	2	0	0	0	2	0	1	1	0	0	0	0	0	0	0	1	0	0	0	0	0	1	0	1
chr9	41909711	41909811	101	10	0	101	72	29	14	3	2	9	5	1	1	4	2	0	3	2	6	4	4	10	3	3	0	2	5	0	0	3	1	1	0	4	2	4	0	1
chr9	41909821	41909999	179	10	0	179	122	57	15	4	4	17	9	7	4	11	6	3	4	6	10	4	4	12	11	3	0	4	5	1	0	4	3	3	0	4	12	3	0	4
chr9	41910008	41910108	101	10	0	101	78	23	22	6	5	8	5	0	2	0	3	2	3	0	11	2	2	6	4	3	0	3	1	0	0	2	0	0	0	2	2	0	0	5
chr9	41910109	41910373	265	10	0	265	114	151	10	5	1	6	4	17	18	4	4	3	18	7	4	5	6	1	9	8	5	9	16	10	4	13	10	17	6	11	8	8	6	10
chr9	41910374	41910420	47	10	0	47	35	12	5	1	3	5	2	0	1	1	2	0	1	1	5	2	2	3	1	0	0	2	0	0	0	0	1	0	0	2	2	0	0	3
chr9	41910421	41911184	764	10	0	764	530	234	79	22	26	69	35	11	24	38	37	11	15	21	45	25	20	52	36	11	0	22	23	8	0	8	18	7	1	14	30	12	1	41
chr9	41911185	41911208	24	10	0	24	19	5	4	3	1	2	2	0	0	0	1	0	0	0	3	0	1	0	0	1	0	2	1	0	0	0	0	0	0	0	1	0	0	0
chr9	41911209	41911321	113	10	0	113	88	25	32	3	5	7	3	0	0	4	6	1	2	6	5	1	5	7	2	0	0	2	2	1	0	2	0	0	0	0	3	4	0	8
chr9	41911322	41911401	80	10	0	80	48	32	2	2	2	5	3	1	4	3	5	2	4	1	1	4	6	3	3	1	0	5	1	0	0	3	2	3	0	1	4	0	0	7
chr9	41911402	41911423	22	10	0	22	17	5	5	0	2	1	1	0	0	0	2	0	0	2	1	0	1	0	0	0	0	0	0	0	0	1	0	0	0	0	1	1	0	2
chr9	41911424	41911540	117	10	0	117	91	26	19	5	2	14	3	0	3	4	5	3	2	1	13	2	5	8	2	1	1	6	1	0	0	1	0	0	0	2	7	1	1	3
chr9	41911541	41911585	45	10	0	45	29	16	5	1	2	2	2	0	2	3	1	1	1	4	1	1	1	1	1	0	0	2	1	0	0	1	2	0	0	1	3	2	0	2
chr9	41911586	41912138	553	10	0	553	393	160	56	18	23	43	22	7	17	15	26	9	6	19	36	17	20	59	21	9	0	21	15	4	0	13	4	5	0	7	21	14	0	24
chr9	41912139	41912519	381	10	0	381	273	108	56	18	16	31	18	4	10	12	16	8	7	8	30	10	7	21	15	10	2	12	11	1	0	9	5	2	0	1	13	8	0	18
chr9	41912563	41913633	1071	10	0	1071	769	302	130	39	43	96	49	24	17	40	57	9	17	30	72	26	31	88	50	17	1	30	21	13	1	22	18	5	1	10	41	22	3	46
chr9	41913651	41913788	138	10	0	138	86	52	4	3	5	9	8	0	5	5	3	3	6	6	6	4	5	12	4	2	0	4	4	5	0	3	4	3	0	5	6	2	0	10
chr9	41913832	41915351	1520	10	0	1520	1064	456	171	66	66	119	89	29	27	54	71	21	27	50	90	39	48	95	70	21	5	59	38	15	2	22	24	12	0	18	67	29	5	69
chr9	41915352	41915390	39	10	0	39	31	8	8	1	2	5	0	0	2	0	2	0	1	0	5	0	0	3	1	0	0	0	0	0	0	0	1	0	0	3	1	0	0	2
chr9	41915391	41915440	50	10	0	50	32	18	2	1	3	1	0	0	2	1	2	0	5	3	3	2	2	5	1	1	0	1	0	0	0	1	0	1	0	1	2	0	0	8
chr9	41915441	41915465	25	10	0	25	18	7	4	0	1	3	2	0	0	1	2	0	0	1	0	0	1	1	0	0	0	0	1	0	0	1	1	1	0	0	1	1	0	1
chr9	41915466	41915547	82	10	0	82	53	29	5	2	7	3	2	1	3	3	5	1	1	1	5	4	3	5	1	2	0	6	4	1	0	1	2	1	0	3	2	2	0	4
chr9	41915548	41915597	50	10	0	50	33	17	4	2	4	2	1	2	0	3	4	0	1	1	3	2	1	2	3	1	1	1	1	0	1	0	0	0	0	2	3	1	0	2
chr9	41915598	41915720	123	10	0	123	88	35	23	10	3	5	6	1	2	6	7	0	3	2	5	1	3	9	4	2	1	5	2	1	0	4	2	1	1	0	7	3	0	2
chr9	41915721	41915745	25	10	0	25	18	7	0	1	1	3	2	0	1	2	0	0	0	2	3	0	0	1	2	0	0	0	0	0	0	0	1	0	0	1	2	0	0	1
chr9	41915754	41915840	87	10	0	87	56	31	5	3	1	8	4	2	3	3	4	1	3	5	4	2	3	4	4	1	0	3	2	3	0	4	0	0	0	0	6	4	0	3
chr9	41915841	41915874	34	10	0	34	24	10	4	1	2	1	1	0	0	1	1	0	0	0	2	2	1	7	0	2	0	1	1	0	0	2	0	2	0	0	1	0	0	0
chr9	41915875	41916010	136	10	0	136	99	37	11	4	9	10	5	3	2	3	6	1	3	5	12	3	7	14	5	1	0	5	0	0	0	1	4	0	0	6	4	0	0	10
chr9	41916011	41916049	39	10	0	39	28	11	6	2	1	3	2	0	0	3	1	0	0	0	3	1	1	4	0	2	0	1	3	1	0	0	2	0	0	0	0	1	0	0
chr9	41916050	41916094	45	10	0	45	37	8	13	2	2	3	1	0	1	0	3	0	2	1	4	0	0	4	1	0	0	0	0	0	0	0	0	0	0	0	1	0	0	5
chr9	41916104	41916194	91	10	0	91	64	27	9	4	4	5	3	1	1	4	4	3	5	0	6	2	4	7	4	3	0	4	3	0	0	1	0	0	0	0	2	1	0	9
chr9	41916195	41916222	28	10	0	28	17	11	1	0	2	2	1	0	3	0	2	0	0	0	1	2	0	2	1	0	0	1	0	0	0	2	1	1	0	2	1	1	0	0
chr9	41916223	41916485	263	10	0	263	188	75	28	8	9	20	9	7	8	7	10	3	3	4	18	9	8	37	16	4	1	6	3	4	0	7	6	2	0	4	6	3	0	11
chr9	41916486	41916604	119	10	0	119	87	32	14	3	4	10	3	1	3	3	5	0	2	2	10	5	8	13	3	1	0	5	0	1	0	4	4	1	0	3	2	2	0	5
chr9	41916605	41916804	200	10	0	200	140	60	16	11	4	15	9	4	5	10	8	1	3	9	13	7	7	16	11	5	0	7	5	3	0	5	1	0	0	1	11	5	0	6
chr9	41916805	41916907	103	10	0	103	64	39	7	4	7	4	4	3	3	6	8	2	3	3	3	1	1	3	5	3	0	3	5	1	0	2	1	2	0	1	6	2	0	8
chr9	41916908	41917049	142	10	0	142	96	46	18	4	11	5	6	3	6	3	7	3	2	6	7	3	1	10	7	0	1	5	3	0	0	3	1	2	1	4	7	4	0	7
chr9	41917050	41917089	40	10	0	40	30	10	4	0	2	6	1	0	1	1	1	0	0	3	6	1	1	2	1	0	0	0	1	2	0	0	0	0	0	0	1	1	0	3
chr9	41917090	41917146	57	10	0	57	40	17	12	2	1	4	2	0	2	1	4	0	4	2	1	0	0	3	1	2	0	0	2	0	0	2	0	0	0	0	3	2	0	5
chr9	41917147	41917208	62	10	0	62	43	19	3	3	1	4	2	2	3	3	2	1	1	4	3	2	1	6	4	1	2	1	1	0	0	0	1	0	0	1	4	0	0	4
chr9	41917209	41917258	50	10	0	50	39	11	6	0	1	6	0	0	2	2	4	0	2	2	3	2	1	6	2	0	0	0	0	0	0	1	0	0	0	0	2	1	0	5
chr9	41917259	41917283	25	10	0	25	15	10	1	1	3	0	3	0	2	0	1	0	0	3	0	0	0	0	0	0	0	1	0	0	0	0	2	0	0	2	3	0	0	1
chr9	41917284	41917345	62	10	0	62	42	20	7	4	5	1	1	0	2	1	3	0	5	1	7	1	1	1	1	0	0	4	1	1	0	1	0	1	0	1	2	1	0	7
chr9	41917346	41917395	50	10	0	50	33	17	1	1	4	4	2	1	1	2	2	0	1	1	5	2	2	3	0	1	0	3	2	0	0	0	2	1	0	3	1	0	0	3
chr9	41917404	41917484	81	10	0	81	43	38	4	3	3	3	4	2	3	2	4	0	5	1	0	3	3	2	3	3	0	2	5	4	0	4	0	3	0	3	3	3	0	4
chr9	41917485	41917514	30	10	0	30	15	15	1	0	1	1	0	3	3	1	1	0	2	0	0	0	0	0	2	0	0	1	1	0	0	1	2	1	0	3	2	1	0	1
chr9	41917515	41917829	315	10	0	315	159	156	13	9	17	7	12	12	21	5	14	6	15	4	7	11	4	2	15	10	1	12	15	12	0	19	12	8	1	11	7	16	0	15
chr9	41917830	41917858	29	10	0	29	15	14	1	1	1	0	0	0	1	0	1	1	2	0	0	2	3	0	0	3	0	1	1	1	0	4	0	0	0	0	0	2	0	2
chr9	41917859	41917924	66	10	0	66	32	34	0	0	3	0	1	2	1	3	2	1	4	2	0	1	4	7	0	1	1	2	5	3	1	2	1	2	0	6	2	5	0	2
chr9	41917925	41917989	65	10	0	65	41	24	4	3	2	5	2	1	2	2	1	1	5	1	7	1	0	2	2	1	0	3	1	2	0	3	1	2	0	1	3	1	0	4
chr9	41917996	41918016	21	10	0	21	14	7	1	0	1	2	0	0	0	2	1	1	0	1	1	1	1	1	2	0	0	0	0	0	0	2	0	0	0	0	0	2	0	0
chr9	41918017	41918481	465	10	0	465	306	159	55	17	23	25	15	11	14	14	23	4	17	9	28	17	12	20	22	11	1	15	12	7	0	16	4	8	0	10	16	9	3	25
chr9	41918482	41918519	38	10	0	38	27	11	6	1	1	2	1	2	1	2	1	0	0	4	2	1	0	2	2	1	0	0	1	1	0	0	0	0	0	0	3	0	0	2
chr9	41918520	41918808	289	10	0	289	192	97	24	7	12	23	9	7	6	14	12	3	7	11	21	7	8	20	6	5	2	11	16	4	0	5	6	3	0	5	9	13	0	11
chr9	41918809	41918865	57	10	0	57	32	25	2	0	1	2	2	3	4	1	1	1	5	3	0	1	2	2	3	1	0	1	1	0	0	1	3	0	0	5	3	1	0	6
chr9	41918866	41918885	20	9	0	20	15	5	2	0	2	0	1	0	0	2	1	1	0	0	1	0	0	3	1	0	0	0	0	0	0	0	2	0	0	0	0	0	0	2
chr9	41918886	41918948	63	10	0	63	46	17	9	0	4	7	3	2	1	2	6	2	1	2	3	0	2	1	2	0	0	2	0	0	0	1	0	0	0	0	6	1	0	4
chr9	41918949	41919014	66	10	0	66	44	22	8	2	3	2	1	3	4	0	0	1	1	1	8	2	3	3	4	0	0	4	1	1	0	1	2	2	0	4	1	0	0	2
chr9	41919015	41919041	27	10	0	27	18	9	2	0	0	3	1	2	1	2	0	0	1	1	2	1	1	0	3	0	0	0	0	0	0	0	0	0	0	2	2	0	0	1
chr9	41919042	41919075	34	10	0	34	27	7	3	1	2	3	2	0	0	1	2	0	1	0	3	2	0	5	1	1	0	1	0	0	0	1	0	0	0	0	2	0	0	1
chr9	41919076	41919147	72	10	0	72	56	16	17	0	5	5	0	0	3	0	2	2	1	1	6	5	1	6	1	0	0	6	0	1	0	2	0	0	0	0	2	2	0	2
chr9	41919148	41919277	130	10	0	130	51	79	0	2	2	2	4	6	8	1	2	4	13	3	0	1	1	0	1	3	1	8	4	8	4	7	9	5	2	4	5	7	5	6
chr9	41919278	41919356	79	10	0	79	46	33	8	2	2	5	3	2	3	3	3	2	2	3	3	2	2	1	2	4	1	1	4	0	0	4	0	3	0	2	5	2	1	2
chr9	41919413	41919502	90	10	0	90	52	38	7	2	5	1	3	4	4	4	4	1	5	3	1	3	2	2	5	2	0	3	1	2	0	3	4	0	0	4	6	1	0	6
chr9	41919503	41919542	40	10	0	40	28	12	2	2	1	3	2	2	2	1	0	2	1	2	4	0	0	2	3	0	0	3	0	0	0	1	0	0	0	0	4	1	0	0
chr9	41919543	41919571	29	10	0	29	19	10	2	1	2	1	0	0	0	1	3	0	0	0	1	1	3	3	0	0	0	2	0	2	0	1	1	0	0	0	0	1	0	2
chr9	41919572	41919626	55	10	0	55	40	15	9	1	6	2	2	2	0	1	3	2	0	1	5	0	1	4	2	0	0	2	0	0	0	2	0	2	0	0	3	0	0	3
chr9	41919627	41920438	812	10	0	812	470	342	52	25	28	46	33	24	35	28	36	21	30	19	30	14	18	29	35	19	9	21	29	18	7	32	27	20	3	16	30	29	5	42
chr9	41920439	41920669	231	10	0	231	169	62	30	12	12	17	9	5	4	12	13	3	2	2	19	6	5	17	14	3	0	9	3	0	0	5	4	1	0	2	9	4	0	7
chr9	41920670	41920774	105	10	0	105	84	21	12	3	3	14	3	2	0	8	7	0	0	2	11	1	1	15	3	2	0	1	3	0	0	1	2	0	0	0	5	2	0	2
chr9	41920775	41920858	84	10	0	84	50	34	8	1	8	3	3	4	0	2	5	2	2	2	4	1	1	2	2	2	0	4	5	4	0	4	1	0	0	1	2	7	0	2
chr9	41920859	41921061	203	10	0	203	121	82	12	8	3	12	8	6	8	14	9	4	10	2	7	8	6	2	13	7	0	6	5	3	0	9	9	1	1	3	9	6	1	9
chr9	41921062	41921100	39	10	0	39	20	19	3	1	0	3	1	1	2	0	2	0	3	1	1	0	1	0	0	1	0	1	2	1	1	2	2	1	0	1	0	3	1	2
chr9	41921101	41921165	65	10	0	65	31	34	2	1	3	3	3	4	4	0	3	0	0	4	1	0	2	1	1	2	0	2	4	6	0	2	0	5	0	3	5	0	0	2
chr9	41921166	41921207	42	10	0	42	26	16	2	0	1	5	1	2	1	3	4	0	0	2	1	0	2	1	0	2	0	0	1	0	1	1	2	0	1	1	4	1	0	1
chr9	41921208	41921430	223	10	0	223	130	93	14	8	12	8	8	9	3	10	10	4	6	6	10	6	10	6	9	8	2	7	9	5	1	11	3	3	1	6	9	10	0	7
chr9	41921440	41921496	57	9	0	57	31	26	2	2	1	3	2	1	2	1	1	0	1	1	3	6	4	1	3	3	1	2	2	4	0	4	1	0	0	1	0	2	0	1
chr9	41921497	41921544	48	10	0	48	35	13	4	1	1	7	2	1	1	1	1	1	0	4	6	0	2	2	1	0	0	2	1	0	0	1	2	0	0	0	2	2	0	1
chr9	41921545	41921599	55	10	0	55	35	20	4	2	5	2	1	3	1	1	2	0	3	1	6	2	2	0	4	0	0	2	0	0	0	1	0	0	0	5	2	1	0	3
chr9	41921600	41922044	445	10	0	445	248	197	31	15	17	16	14	14	21	8	17	7	20	13	17	4	10	23	13	9	0	17	16	14	8	14	14	8	7	19	15	21	3	18
chr9	41922045	41922059	15	10	0	15	10	5	0	1	0	1	1	1	0	2	2	0	0	0	0	0	0	0	1	1	0	0	1	0	0	0	0	0	0	0	2	0	0	0
chr9	41922060	41922086	27	9	0	27	11	16	1	1	0	0	1	0	1	0	0	1	0	3	0	0	1	1	0	1	0	0	2	4	1	1	0	1	0	1	0	2	1	1
chr9	41922111	41922475	365	10	0	365	179	186	18	8	4	10	10	17	28	7	4	7	19	15	9	9	6	6	15	14	2	10	18	8	4	19	11	19	8	12	18	8	4	16
chr9	41922476	41922510	35	9	0	35	27	8	11	4	1	1	4	1	0	1	1	1	0	0	1	0	0	0	5	0	0	0	0	0	0	0	0	0	0	0	1	0	0	1
chr9	41922511	41922583	73	10	0	73	42	31	1	4	4	2	5	2	5	0	2	0	1	1	3	4	3	4	3	4	0	3	3	0	0	3	4	0	0	6	1	2	0	1
chr9	41922584	41922617	34	10	0	34	20	14	0	3	1	0	2	1	3	1	1	0	2	1	1	2	0	1	3	0	0	3	0	0	0	0	2	0	0	1	2	0	0	2
chr9	41922618	41922977	360	10	0	360	194	166	17	8	14	16	12	21	19	11	18	10	17	7	9	1	4	8	14	9	7	10	13	10	1	12	15	7	1	15	22	10	3	17
chr9	41923021	41923405	385	10	0	385	251	134	36	15	6	27	16	5	16	14	12	8	12	7	20	17	15	24	19	10	1	15	14	9	1	7	2	3	0	13	16	8	0	15
chr9	41923406	41923442	37	10	0	37	24	13	2	0	2	4	0	1	0	4	2	1	0	1	4	1	0	1	1	0	2	0	1	0	0	1	2	1	0	1	2	1	0	0
chr9	41923443	41923536	94	10	0	94	51	43	8	3	3	5	2	5	6	2	4	0	2	2	5	2	0	1	4	3	0	3	5	4	1	3	4	4	0	3	3	2	1	2
chr9	41923537	41923633	97	10	0	97	48	49	8	3	2	3	6	4	4	4	1	2	3	2	1	2	2	1	2	7	0	2	9	3	0	4	3	5	1	3	4	2	0	2
chr9	41923634	41923710	77	10	0	77	34	43	0	2	1	2	3	1	7	0	2	2	7	0	0	1	3	2	0	2	0	4	2	2	0	7	5	4	0	5	5	4	0	2
chr9	41923711	41923754	44	10	0	44	24	20	2	0	1	2	1	4	3	3	0	1	2	2	1	0	0	1	2	0	0	3	2	0	0	0	5	1	0	2	2	1	0	1
chr9	41923755	41923891	137	10	0	137	100	37	21	5	5	12	6	2	0	5	5	0	7	2	11	5	6	7	4	3	0	5	2	2	0	2	1	0	0	3	6	1	0	7
chr9	41923892	41923919	28	10	0	28	10	18	0	0	1	0	1	2	3	0	0	2	1	0	0	0	0	0	2	0	0	2	3	1	0	1	0	3	0	1	1	1	0	1
chr9	41923920	41923945	26	10	0	26	12	14	0	0	1	1	1	0	2	1	1	0	1	2	0	1	0	0	0	1	0	0	0	2	1	1	1	0	1	2	3	1	0	0
chr9	41923946	41924486	541	10	0	541	313	228	38	19	25	19	18	16	28	20	30	17	18	13	15	14	7	14	24	16	6	20	16	15	2	16	9	2	5	18	33	16	5	25
chr9	41924487	41924544	58	10	0	58	31	27	3	2	3	3	1	0	4	2	5	1	2	0	2	0	1	1	2	1	0	1	1	3	0	2	3	0	0	5	1	3	2	2
chr9	41924545	41924599	55	10	0	55	34	21	2	1	2	3	4	1	0	2	2	0	3	4	1	1	3	3	0	1	0	2	3	0	0	3	1	1	0	0	3	4	0	3
chr9	41924648	41924791	144	10	0	144	83	61	4	4	9	5	6	24	4	6	8	3	0	3	3	1	0	2	29	1	0	2	3	2	0	3	3	1	0	2	4	4	0	6
chr9	41924792	41924849	58	10	0	58	35	23	4	0	5	1	0	4	3	0	2	2	3	1	3	2	1	2	4	1	0	4	1	0	0	3	0	2	0	0	2	1	0	5
chr9	41924850	41924889	40	10	0	40	29	11	9	1	3	1	4	1	1	0	1	2	0	0	0	3	0	1	2	1	0	4	1	0	0	0	0	0	0	0	3	0	0	0
chr9	41924890	41925022	133	10	0	133	74	59	7	4	2	7	8	5	11	8	5	4	4	4	0	2	0	2	11	1	0	3	3	1	0	4	9	2	1	6	8	4	1	4
chr9	41925023	41925052	30	9	0	30	16	14	1	3	1	0	1	1	2	1	1	1	0	1	1	0	1	0	1	1	0	2	2	1	0	1	0	1	0	1	2	1	0	0
chr9	41925053	41925112	60	10	0	60	40	20	8	3	4	3	3	1	1	3	3	1	2	0	3	1	0	2	3	0	0	3	3	0	0	1	2	2	0	0	1	2	0	3
chr9	41925113	41925290	178	10	0	178	120	58	20	6	5	16	9	4	6	10	8	3	2	5	11	4	2	7	9	4	0	4	8	1	0	4	2	4	0	4	10	4	0	4
chr9	41925291	41925319	29	9	0	29	16	13	3	1	1	1	0	0	0	0	2	0	1	0	1	0	4	1	0	0	2	0	0	0	1	1	0	2	0	3	0	0	1	2
chr9	41925320	41925339	20	10	0	20	8	12	0	0	0	0	0	2	2	0	0	0	1	0	1	1	0	0	1	0	1	1	1	0	0	1	1	2	1	1	1	0	0	0
chr9	41925340	41925358	19	10	0	19	7	12	1	1	0	0	1	0	2	0	0	0	1	0	0	0	0	0	0	0	0	1	2	2	0	1	1	1	0	1	0	2	0	0
chr9	41925359	41925390	32	9	0	32	13	19	0	0	1	0	1	0	1	2	0	2	2	4	0	0	0	0	0	1	1	0	0	0	2	3	0	1	1	0	3	4	0	1
chr9	41925391	41925606	216	10	0	216	98	118	13	7	1	4	6	9	12	5	3	6	13	4	3	3	7	1	6	7	4	7	10	7	7	9	10	10	4	10	6	9	3	8
chr9	41925615	41925799	185	10	0	185	128	57	22	4	12	14	10	5	3	6	7	3	5	4	12	4	4	12	7	2	2	5	4	1	0	2	3	2	0	9	9	2	0	8
chr9	41925800	41925841	42	10	0	42	27	15	5	1	2	1	2	0	1	3	1	1	1	3	3	0	0	1	2	0	0	0	1	2	0	2	0	1	0	1	3	2	0	1
chr9	41925842	41926210	369	10	0	369	217	152	21	8	9	15	3	19	16	16	18	7	23	7	11	11	14	17	23	8	3	11	11	6	1	12	7	5	1	9	13	11	1	30
chr9	41926211	41926221	11	9	0	11	5	6	0	0	0	0	0	1	0	0	0	0	2	0	0	0	0	0	0	0	0	1	0	0	0	1	1	0	0	1	1	1	0	0
chr9	41926222	41926258	37	8	0	37	23	14	5	1	0	2	1	2	1	2	2	0	1	0	1	1	0	2	2	1	0	1	2	2	0	1	1	0	0	1	1	2	0	0
chr9	41926259	41926375	117	10	0	117	65	52	7	4	8	3	3	2	6	3	7	3	1	5	5	0	4	3	3	3	0	3	4	9	0	5	3	1	0	4	4	5	0	7
chr9	41926376	41926427	52	9	0	52	33	19	6	2	7	0	1	0	1	0	6	0	3	0	2	2	1	1	2	0	1	1	0	0	0	3	0	0	0	2	0	3	1	5
chr9	41926428	41927318	891	10	0	891	532	359	59	16	38	50	30	23	44	34	46	22	37	29	27	18	20	37	35	16	0	29	31	19	2	33	19	21	0	20	46	29	2	57
chr9	41927319	41927397	79	10	0	79	55	24	13	4	4	1	4	4	3	2	4	1	1	0	2	5	2	3	8	0	0	6	0	0	0	0	3	0	0	1	2	0	0	4
chr9	41927398	41927489	92	10	0	92	53	39	12	0	14	0	0	1	1	0	15	1	8	0	0	0	0	0	1	0	0	1	1	5	0	7	0	0	0	0	0	8	0	15
chr9	41927490	41927730	241	10	0	241	150	91	29	4	15	13	2	3	5	8	19	1	17	5	12	2	2	12	4	1	0	5	7	9	0	16	0	2	0	4	7	21	0	14
chr9	41927731	41927765	35	10	0	35	21	14	4	2	1	1	3	1	2	0	0	1	2	1	1	1	0	0	3	2	0	0	1	1	0	1	0	0	0	0	2	0	0	3
chr9	41927766	41927938	173	10	0	173	110	63	15	5	8	13	8	1	6	9	11	4	3	6	6	2	4	8	9	0	0	3	6	5	1	4	3	2	0	5	5	9	1	9
chr9	41927951	41928290	340	10	0	340	229	111	38	12	15	28	15	7	14	14	20	4	6	8	20	2	6	20	13	5	1	6	6	4	1	3	15	2	1	14	15	4	1	18
chr9	41928291	41928361	71	10	0	71	37	34	2	2	0	4	4	7	3	2	1	0	1	3	1	2	2	1	7	3	0	1	6	3	0	3	2	3	0	1	1	3	0	1
chr9	41928362	41928433	72	10	0	72	28	44	0	0	4	0	3	0	3	3	1	5	5	3	0	0	0	0	2	2	0	1	1	7	4	4	3	2	0	3	4	6	0	4
chr9	41928434	41928606	173	10	0	173	87	86	2	6	5	3	7	10	7	5	5	1	11	6	2	8	6	2	13	4	1	7	8	5	1	6	4	7	0	6	5	4	4	10
chr9	41928607	41928625	19	10	0	19	7	12	0	0	1	0	0	0	1	0	1	0	2	0	0	1	1	0	0	0	0	1	0	3	0	1	0	1	0	1	1	0	0	2
chr9	41928626	41928643	18	10	0	18	10	8	0	0	0	1	1	2	0	1	1	0	1	0	0	1	1	0	2	1	0	0	1	0	0	1	0	0	0	0	1	0	0	1
chr9	41928644	41929316	673	10	0	673	421	252	54	17	30	38	19	20	24	26	34	11	14	16	32	27	25	34	26	14	3	31	21	17	3	18	16	12	1	13	25	16	3	31
chr9	41929317	41929405	89	10	0	89	41	48	0	1	1	3	2	6	8	2	2	3	3	4	1	1	0	3	6	1	0	4	5	3	3	1	3	5	2	2	4	2	1	5
chr9	41929406	41929643	238	10	0	238	155	83	20	11	7	17	11	5	6	10	8	5	8	8	16	5	8	9	13	5	1	7	5	4	2	6	4	2	0	4	10	6	1	12
chr9	41929644	41929695	52	10	0	52	25	27	0	2	3	0	1	3	5	2	1	0	2	0	3	1	1	0	2	1	0	3	2	0	0	1	6	3	0	5	1	0	0	2
chr9	41929696	41930423	728	10	0	728	463	265	75	19	28	51	27	27	28	24	30	12	12	17	40	19	19	34	33	16	2	26	24	19	4	17	22	16	0	14	27	13	2	29
chr9	41930424	41930501	78	9	0	78	32	46	0	0	1	0	2	4	4	4	0	0	7	2	0	3	3	0	4	2	0	1	5	5	0	7	2	4	0	6	3	6	0	1
chr9	41930502	41930598	97	10	0	97	52	45	17	4	2	1	7	6	5	0	0	3	5	0	0	1	0	1	6	4	0	4	4	4	0	3	3	2	2	3	4	1	1	2
chr9	41930599	41930905	307	10	0	307	192	115	23	3	6	24	11	9	15	10	6	12	8	2	15	10	8	28	19	5	2	8	12	8	0	11	9	8	0	5	5	10	0	13
chr9	41930906	41931065	160	10	0	160	118	42	12	6	3	9	4	2	6	8	2	3	3	2	12	9	4	31	8	2	1	9	3	0	1	0	7	0	0	1	2	2	0	6
chr9	41931066	41931152	87	10	0	87	60	27	10	3	4	8	9	3	1	4	3	0	1	4	3	1	0	4	4	1	0	2	2	1	0	1	6	2	0	0	5	0	0	3
chr9	41931153	41931196	44	9	0	44	36	8	10	0	2	7	1	0	2	0	4	0	0	0	5	1	0	2	1	0	0	0	0	0	0	1	0	1	0	1	2	0	0	2
chr9	41931197	41931485	289	10	0	289	196	93	22	9	9	23	14	5	7	11	11	3	6	12	16	13	12	21	11	4	0	15	9	7	0	3	6	3	0	3	12	5	2	13
chr9	41931486	41931510	25	10	0	25	22	3	8	1	0	2	0	0	0	0	1	0	0	0	3	0	1	4	0	0	0	1	1	0	0	0	0	0	0	0	0	1	0	0
chr9	41931511	41931649	139	10	0	139	102	37	16	5	8	14	2	1	5	3	9	1	0	2	16	3	5	10	4	3	0	3	2	2	0	3	3	1	0	4	3	1	0	8
chr9	41931650	41931689	40	9	0	40	24	16	2	0	2	2	0	2	1	2	1	1	1	3	3	0	2	1	0	1	0	1	2	0	0	1	1	1	0	2	3	1	0	2
chr9	41931690	41931783	94	10	0	94	62	32	10	0	1	10	1	1	2	6	4	3	2	1	6	4	7	3	3	5	0	0	4	0	0	4	1	1	0	4	3	2	0	4
chr9	41931813	41932097	285	10	0	285	192	93	34	9	9	24	12	7	10	11	15	4	6	7	15	6	7	14	11	3	1	11	10	3	1	4	8	3	0	5	11	9	0	13
chr9	41932098	41932125	28	10	0	28	21	7	3	0	0	4	2	0	1	0	1	0	1	2	0	2	1	2	1	0	0	1	0	0	0	1	0	0	0	0	2	1	0	1
chr9	41932126	41932444	319	10	0	319	227	92	43	6	21	25	8	4	5	4	19	4	6	3	25	12	18	23	4	3	1	18	5	3	1	10	5	2	0	7	7	11	0	14
chr9	41932445	41932516	72	10	0	72	48	24	15	5	6	1	5	0	0	2	2	1	3	0	4	0	1	1	1	1	0	4	2	2	0	2	2	1	0	3	2	2	0	2
chr9	41932526	41932595	70	10	0	70	36	34	8	0	1	1	2	5	4	1	1	3	7	2	0	0	0	0	3	1	0	3	3	1	0	1	3	2	1	2	3	1	3	6
chr9	41932596	41932610	15	10	0	15	5	10	0	1	0	0	1	1	0	0	0	0	1	0	0	0	0	0	0	2	0	0	1	2	0	1	2	0	0	0	0	1	0	0
chr9	41932611	41932676	66	10	0	66	29	37	0	0	1	3	1	2	5	2	2	0	4	3	1	3	2	0	1	0	1	2	3	1	0	4	3	3	4	4	2	4	1	2
chr9	41932677	41932759	83	10	0	83	48	35	7	3	2	3	2	1	4	4	4	4	2	2	2	2	3	3	2	4	1	3	3	2	1	1	0	1	0	4	6	0	2	3
chr9	41932760	41932795	36	9	0	36	14	22	1	1	2	0	2	1	2	0	0	0	1	1	1	0	0	1	1	0	0	1	2	2	1	2	3	4	2	1	0	1	1	0
chr9	41932796	41932940	145	10	0	145	87	58	11	5	2	12	4	5	6	4	4	1	3	7	11	1	5	5	4	3	0	4	8	6	1	2	2	6	3	3	6	2	0	7
chr9	41932941	41932979	39	10	0	39	25	14	0	2	0	4	2	0	3	2	1	1	0	0	3	4	1	2	3	1	0	2	0	0	0	1	3	0	0	1	1	0	0	0
chr9	41932980	41933104	125	10	0	125	88	37	16	5	8	8	5	3	4	4	7	1	0	5	11	1	3	5	4	2	0	4	3	0	0	3	4	0	0	4	5	4	0	4
chr9	41933105	41933152	48	10	0	48	35	13	9	1	1	7	4	1	1	1	1	1	1	0	4	1	1	0	3	0	0	2	2	0	0	0	1	1	0	0	1	1	0	1
chr9	41933153	41933223	71	10	0	71	47	24	12	3	2	4	4	0	3	1	1	1	3	2	4	2	1	3	3	1	1	2	1	2	0	1	1	1	1	3	3	0	0	3
chr9	41933224	41933259	36	10	0	36	13	23	0	0	0	0	0	2	3	3	0	1	1	1	0	1	1	0	3	0	0	1	1	6	0	2	3	1	0	2	0	2	0	0
chr9	41933260	41933473	214	10	0	214	133	81	12	4	8	16	9	7	8	6	7	10	7	7	11	4	6	9	10	3	1	11	5	5	1	4	4	2	0	4	11	5	4	11
chr9	41933474	41933945	472	10	0	472	351	121	60	14	16	49	18	6	12	21	24	5	5	12	38	19	9	42	20	4	2	17	10	0	1	6	9	2	0	3	18	11	1	16
chr9	41933986	41934113	128	10	0	128	96	32	11	6	4	14	7	3	2	5	4	1	1	0	13	3	0	21	7	2	0	3	3	2	0	2	4	1	0	1	3	2	0	1
chr9	41934114	41934123	10	9	0	10	10	0	0	0	0	0	0	0	0	0	0	0	0	0	0	0	0	8	0	0	0	0	0	0	0	0	0	0	0	0	0	0	0	0
chr9	41934124	41934218	95	8	0	95	67	28	0	0	0	0	0	21	0	6	0	0	0	0	0	6	0	34	26	0	0	0	0	0	0	0	0	0	0	0	0	0	0	0
chr9	41934220	41934313	94	10	0	94	50	44	15	0	4	0	3	5	7	0	1	5	5	2	1	1	0	0	4	2	0	5	5	1	1	2	2	3	2	3	4	3	1	5
chr9	41934314	41934374	61	10	0	61	23	38	0	1	0	1	0	2	4	3	2	1	4	0	0	2	2	0	1	2	0	2	5	3	1	4	2	5	2	3	2	3	1	1
chr9	41934375	41934417	43	9	0	43	28	15	8	1	0	3	1	0	1	0	0	1	1	0	2	2	3	3	1	1	1	1	1	2	1	1	1	2	0	1	0	0	0	2
chr9	41934418	41934509	92	10	0	92	38	54	1	1	3	1	2	6	6	1	1	2	4	6	2	1	1	0	4	3	1	1	5	3	2	6	2	7	2	3	3	3	3	4
chr9	41934510	41934658	149	10	0	149	96	53	10	5	7	5	5	6	5	5	4	2	4	9	8	3	6	11	9	0	0	7	1	2	0	2	3	3	2	4	8	1	0	10
chr9	41934659	41934827	169	10	0	169	126	43	27	6	10	11	7	2	3	2	7	0	3	7	13	5	5	17	4	3	0	6	3	0	1	0	2	0	0	6	5	1	2	9
chr9	41934828	41934887	60	10	0	60	48	12	9	1	2	6	1	1	0	5	0	0	0	2	7	3	2	7	2	1	0	2	1	0	0	0	3	0	0	1	1	0	0	1
chr9	41934888	41934916	29	10	0	29	21	8	4	1	3	1	1	1	0	0	0	1	1	0	4	1	1	0	1	1	0	2	1	0	0	0	0	0	0	0	0	0	0	3
chr9	41934917	41935257	341	10	0	341	256	85	34	11	11	29	12	8	9	16	8	7	2	8	30	8	10	51	19	1	0	14	4	0	0	4	10	3	0	5	12	4	0	9
chr9	41935258	41935288	31	10	0	31	18	13	0	2	1	1	2	0	2	0	0	2	1	1	2	1	0	1	2	0	1	2	0	1	0	1	1	0	0	1	1	1	1	1
chr9	41935289	41935660	372	10	0	372	262	110	48	9	15	37	10	9	7	14	16	5	4	6	35	13	9	25	14	7	1	14	12	11	1	5	4	4	1	3	10	7	1	13
chr9	41935661	41935704	44	9	0	44	26	18	1	1	2	2	2	1	3	1	2	2	0	2	2	1	2	1	2	2	0	1	2	0	0	2	1	0	0	1	1	2	0	3
chr9	41935705	41935814	110	10	0	110	69	41	13	3	6	7	3	1	4	3	4	1	6	0	9	3	2	2	2	2	0	4	2	3	0	6	5	0	0	5	2	6	0	4
chr9	41935815	41935840	26	9	0	26	17	9	7	0	1	3	1	0	1	1	3	0	0	0	0	0	0	0	0	0	0	0	2	1	0	0	0	1	0	1	1	1	0	0
chr9	41935841	41936159	319	10	0	319	168	151	14	11	10	8	9	16	19	7	9	9	12	4	11	12	8	9	12	13	5	18	14	9	2	15	10	10	0	8	15	9	1	8
chr9	41936160	41936192	33	9	0	33	13	20	0	1	0	1	0	0	3	0	1	0	4	1	1	1	0	0	0	0	0	2	1	1	1	3	1	2	0	1	1	2	2	1
chr9	41936193	41936635	443	10	0	443	240	203	26	15	14	16	16	11	23	19	15	12	22	10	14	6	8	12	24	11	2	7	18	12	4	17	11	13	5	19	16	15	5	23
chr9	41936636	41936693	58	9	0	58	34	24	6	3	2	3	2	1	4	1	2	2	0	0	4	4	0	0	1	4	1	4	3	0	1	1	1	2	0	0	3	0	0	1
chr9	41936694	41936979	286	10	0	286	203	83	34	8	13	19	12	6	8	13	12	2	7	14	16	11	7	20	10	0	0	17	5	1	0	2	9	1	0	2	15	6	0	14
chr9	41936980	41937044	65	9	0	65	43	22	6	2	2	7	4	1	2	2	1	1	1	1	5	2	3	2	1	1	0	4	3	0	0	2	3	2	0	1	2	2	0	0
chr9	41937045	41937086	42	9	0	42	29	13	3	0	0	5	2	1	2	1	0	2	0	1	3	1	2	4	2	1	0	1	2	0	0	1	0	0	0	2	2	2	0	0
chr9	41937087	41937114	28	8	0	28	24	4	5	0	0	5	0	0	0	3	0	1	0	0	5	1	0	2	1	1	0	0	1	0	0	0	0	0	0	0	1	0	0	0
chr9	41937115	41937125	11	9	0	11	11	0	0	0	0	3	0	0	0	0	0	0	0	0	3	0	0	3	0	0	0	0	0	0	0	0	0	0	0	0	0	0	0	0
chr9	41937126	41937165	40	10	0	40	29	11	2	0	1	6	2	1	1	0	0	1	3	0	5	0	0	5	1	1	0	1	1	0	0	1	1	0	0	1	1	1	0	2
chr9	41937198	41937406	209	10	0	209	96	113	7	4	4	7	7	13	17	1	4	5	10	3	4	5	4	1	10	11	1	5	12	6	1	15	7	11	1	9	9	6	1	6
chr9	41937407	41937457	51	9	0	51	29	22	8	1	2	0	0	4	2	1	0	0	2	0	3	3	2	0	2	0	2	3	2	0	0	2	2	4	0	2	1	0	0	1
chr9	41937458	41937543	86	10	0	86	63	23	16	6	3	4	6	0	1	6	2	2	0	2	6	2	2	4	6	2	0	2	1	1	0	1	2	0	0	2	4	0	0	1
chr9	41937544	41937738	195	9	0	195	131	64	24	9	11	15	15	2	5	7	16	1	4	1	4	4	5	7	7	4	0	5	3	0	2	2	10	1	0	7	8	2	0	12
chr9	41937739	41937774	36	9	0	36	23	13	2	1	1	4	3	2	1	1	3	0	1	1	1	0	1	0	2	0	0	1	1	1	0	0	1	0	0	1	2	1	0	2
chr9	41937775	41938348	574	9	0	574	388	186	54	19	22	52	22	14	23	24	26	7	12	18	44	14	10	26	23	7	3	21	14	6	0	10	21	4	1	12	25	13	2	23
chr9	41938349	41938378	30	8	0	30	17	13	1	3	2	1	2	3	0	1	4	0	0	0	0	0	0	0	3	2	0	1	2	0	0	0	0	0	0	0	1	1	0	1
chr9	41938379	41938484	106	9	0	106	57	49	4	1	6	0	2	5	4	4	3	3	5	5	2	3	2	7	4	4	0	5	5	8	0	4	0	0	0	2	5	5	0	6
chr9	41938485	41938494	10	8	0	10	7	3	1	0	1	0	0	1	0	1	0	0	0	0	0	1	0	1	1	0	0	1	0	0	0	0	0	0	0	0	0	0	0	0
chr9	41938495	41938709	215	9	0	215	150	65	27	8	7	17	6	5	4	7	14	1	7	5	12	5	9	14	6	3	4	6	4	3	0	4	3	3	0	2	10	2	0	15
chr9	41938710	41938719	10	10	0	10	6	4	0	0	0	1	0	0	1	0	0	0	0	0	1	1	0	1	0	1	0	0	1	0	0	1	0	0	0	0	0	0	0	0
chr9	41938720	41938857	138	9	0	138	103	35	16	3	5	14	7	3	1	7	5	1	2	7	10	5	4	12	7	1	0	3	2	1	0	1	3	0	0	1	6	2	0	7
chr9	41938864	41938982	119	9	0	119	77	42	11	3	4	8	6	0	4	5	2	4	7	3	7	4	3	4	4	3	0	4	3	0	0	6	2	1	0	1	6	5	0	7
chr9	41938983	41939032	50	9	0	50	27	23	3	2	2	2	2	1	3	2	3	2	2	0	0	1	1	0	2	1	0	2	1	2	0	1	2	1	1	2	3	0	1	3
chr9	41939033	41939477	445	9	0	445	267	178	24	15	15	24	15	16	20	20	14	9	13	22	25	6	13	16	14	13	0	19	16	8	0	16	15	8	2	9	26	11	2	17
chr9	41939478	41939517	40	8	0	40	24	16	10	3	0	0	3	1	2	0	0	0	1	1	0	0	0	1	2	1	1	0	1	2	0	2	2	2	0	0	1	0	1	1
chr9	41939526	41939923	398	9	0	398	272	126	47	8	21	28	10	10	10	11	17	7	7	15	31	18	13	18	18	6	2	17	10	7	3	4	5	1	1	5	7	10	4	25
chr9	41939924	41939960	37	8	0	37	18	19	1	1	3	0	0	0	2	0	3	2	1	0	1	1	2	0	0	1	0	2	2	2	0	3	0	0	0	2	0	4	0	2
chr9	41939961	41940095	135	9	0	135	85	50	16	7	5	5	5	4	6	2	6	5	5	2	6	1	3	6	6	4	3	4	4	2	0	4	0	2	0	2	7	2	0	9
chr9	41940096	41940253	158	9	0	158	99	59	16	5	8	5	4	6	7	4	9	2	5	6	5	5	3	9	8	3	0	7	5	3	1	3	1	2	0	3	7	4	1	9
chr9	41940254	41940464	211	9	0	211	141	70	30	8	7	14	10	2	9	7	12	1	3	10	8	5	4	9	8	5	0	3	7	3	0	7	3	4	0	3	10	5	2	10
chr9	41940465	41940514	50	9	0	50	37	13	2	2	2	5	3	0	1	0	4	1	1	2	2	0	2	9	1	0	0	2	1	0	0	1	0	0	0	0	2	2	0	3
chr9	41940519	41940785	267	9	0	267	115	152	15	3	2	7	2	13	12	2	5	5	17	8	5	6	8	3	5	8	7	7	10	9	14	13	8	17	8	11	8	12	7	8
chr9	41940790	41940925	136	9	0	136	89	47	25	8	5	6	8	2	2	3	5	4	5	1	7	0	5	2	9	2	0	3	3	2	0	4	1	2	2	3	2	4	2	7
chr9	41940934	41941642	709	9	0	709	500	209	91	22	34	50	25	13	17	33	34	14	14	21	46	15	13	56	27	10	2	25	17	6	0	13	14	4	1	7	30	16	3	34
chr9	41941643	41941693	51	10	0	51	31	20	3	2	2	1	2	1	3	2	0	2	2	0	4	2	2	1	4	0	0	3	0	1	0	2	3	1	0	2	1	1	0	2
chr9	41941694	41941756	63	9	0	63	34	29	5	1	3	1	1	4	4	3	1	1	1	2	4	1	1	0	1	3	1	2	5	0	1	0	4	2	0	4	2	1	0	2
chr9	41941757	41941914	158	10	0	158	93	65	10	5	8	5	7	3	5	3	6	3	9	7	5	4	6	5	5	2	1	7	4	6	0	7	1	2	1	4	8	7	0	10
chr9	41941915	41942056	142	9	0	142	82	60	12	7	5	7	3	1	3	6	8	1	6	1	8	2	8	4	6	2	0	2	4	9	0	7	1	1	3	7	2	8	0	6
chr9	41942057	41942223	167	10	0	167	77	90	4	2	13	2	1	4	11	1	11	5	6	3	5	5	4	0	4	7	1	4	6	9	3	12	2	6	4	6	5	7	0	12
chr9	41942224	41942272	49	9	0	49	18	31	1	0	1	0	1	1	3	2	0	1	4	4	0	0	0	0	0	1	0	1	2	2	2	4	2	4	1	1	3	2	2	2
chr9	41942273	41942407	135	9	0	135	65	70	10	2	1	5	4	4	5	5	1	3	7	7	3	3	3	1	3	7	1	1	8	7	3	7	1	6	2	5	6	6	2	4
chr9	41942408	41942502	95	10	0	95	47	48	9	2	0	3	0	3	3	3	2	2	0	2	3	4	7	2	2	4	2	3	6	5	4	2	0	6	4	4	1	2	0	3
chr9	41942503	41942555	53	8	0	53	17	36	0	1	1	1	1	1	2	1	2	2	5	0	0	0	0	0	0	1	2	1	1	5	4	2	2	3	2	3	2	4	0	2
chr9	41942572	41942645	74	10	0	74	50	24	19	1	0	5	1	1	4	1	0	1	6	0	6	1	1	2	2	0	0	2	2	1	0	1	2	2	1	3	1	1	1	4
chr9	41942646	41942691	46	9	0	46	24	22	0	0	2	1	1	1	1	2	1	0	4	4	1	1	1	3	0	1	0	1	0	2	1	3	2	0	1	1	3	3	0	3
chr9	41942692	41942814	123	10	0	123	84	39	17	4	5	8	2	0	6	2	5	4	5	2	9	5	3	5	5	3	1	4	1	2	1	4	0	0	0	2	4	3	0	9
chr9	41942839	41942873	35	8	0	35	22	13	2	3	1	2	2	0	2	1	1	0	1	0	2	1	2	1	1	0	0	2	0	0	0	1	3	1	0	2	1	0	0	1
chr9	41942879	41942993	115	10	0	115	73	42	10	6	8	5	8	0	4	5	4	2	1	1	7	5	1	5	8	3	0	2	3	0	0	6	4	4	0	4	2	2	0	3
chr9	41943003	41943022	20	8	0	20	12	8	1	1	1	1	2	0	1	2	1	0	0	1	0	0	0	0	1	0	0	1	0	0	0	0	3	0	0	1	1	0	0	0
chr9	41943023	41943078	56	9	0	56	43	13	4	0	1	8	3	0	2	2	3	1	0	4	4	0	1	8	1	0	0	0	1	0	0	1	1	0	0	1	4	2	0	2
chr9	41943079	41943113	35	9	0	35	19	16	3	2	2	0	3	1	0	3	1	0	1	0	0	0	1	1	2	0	0	1	1	2	0	0	3	2	0	1	1	0	0	2
chr9	41943114	41943182	69	9	0	69	51	18	9	1	3	4	2	0	2	1	3	0	3	5	4	4	2	6	2	1	0	2	0	0	0	2	0	0	0	0	3	1	0	7
chr9	41943183	41943265	83	10	0	83	47	36	4	1	6	2	4	3	4	3	5	3	4	4	0	1	1	1	2	0	0	6	3	2	0	2	1	2	0	1	7	3	0	6
chr9	41943266	41943290	25	9	0	25	18	7	5	1	0	4	1	0	0	2	2	1	0	0	2	0	0	0	0	0	1	0	1	0	0	0	0	0	0	0	2	1	0	0
chr9	41943291	41943363	73	10	0	73	59	14	25	3	2	6	4	0	1	3	4	1	1	1	2	0	0	4	4	0	0	1	2	0	0	0	0	0	0	0	2	2	0	3
chr9	41943371	41943541	171	9	0	171	74	97	7	1	1	5	3	7	12	2	2	3	16	2	2	4	5	1	3	3	2	7	9	4	3	8	8	10	6	10	4	7	3	9
chr9	41943542	41943649	108	10	0	108	41	67	2	2	3	1	3	6	5	1	2	2	4	6	1	2	1	0	2	4	2	4	7	6	5	5	2	7	5	2	4	7	1	2
chr9	41943666	41943817	152	10	0	152	99	53	9	8	4	11	4	2	6	8	13	3	5	2	8	4	3	7	6	7	1	3	4	1	2	4	1	0	0	1	9	3	1	10
chr9	41943818	41943845	28	9	0	28	20	8	7	1	1	1	2	1	1	0	0	0	0	0	2	1	0	1	1	2	0	0	1	0	0	1	1	0	0	1	1	0	0	0
chr9	41943846	41943865	20	9	0	20	10	10	0	0	0	0	0	2	0	2	0	0	1	1	0	0	2	1	1	1	0	0	1	0	0	2	1	1	0	0	1	0	0	1
chr9	41943866	41944469	604	10	0	604	434	170	71	15	33	56	18	13	12	19	34	6	13	12	52	19	20	39	23	12	0	18	12	2	0	14	12	3	0	9	15	11	2	37
chr9	41944470	41944495	26	9	0	26	20	6	2	1	1	2	2	1	0	0	1	0	0	1	1	2	2	2	2	0	0	2	0	0	0	0	0	0	0	0	1	0	0	1
chr9	41944502	41944529	28	9	0	28	19	9	3	1	1	2	2	1	0	0	0	0	1	0	1	2	2	1	1	1	0	2	1	0	0	1	0	1	0	1	1	0	0	0
chr9	41944530	41944790	261	10	0	261	187	74	33	7	12	29	17	3	2	9	10	2	7	7	21	5	5	17	10	2	0	6	8	4	0	5	5	4	0	3	8	7	0	11
chr9	41944791	41944873	83	9	0	83	49	34	8	3	2	4	4	2	5	3	5	0	2	3	0	2	4	2	2	3	0	2	3	2	0	2	6	1	0	1	2	1	0	7
chr9	41944874	41945056	183	10	0	183	118	65	22	6	8	9	9	5	7	11	9	3	4	8	5	3	2	6	11	1	0	5	5	2	0	2	5	5	1	3	11	1	1	11
chr9	41945057	41945092	36	9	0	36	21	15	0	1	0	2	1	3	1	3	1	1	2	2	1	1	1	1	2	2	0	1	2	0	0	0	0	0	0	0	3	0	0	3
chr9	41945093	41945135	43	10	0	43	25	18	4	2	1	1	1	1	3	2	1	1	2	3	2	0	0	0	3	1	0	1	0	0	0	4	2	0	0	0	2	3	0	1
chr9	41945203	41945507	305	10	0	305	183	122	16	8	8	14	11	6	10	29	12	7	4	11	7	9	9	20	13	8	0	9	20	6	0	6	11	6	1	8	13	12	1	8
chr9	41945508	41945541	34	9	0	34	20	14	5	3	1	0	3	1	1	2	1	1	0	0	0	0	0	0	3	1	0	1	1	0	0	1	3	0	1	0	0	1	1	1
chr9	41945542	41945826	285	10	0	285	165	120	9	13	4	14	9	16	7	22	8	5	9	7	14	6	7	15	24	10	0	6	9	14	2	10	8	2	0	4	12	10	0	7
chr9	41945869	41945882	14	10	0	14	9	5	1	0	1	1	1	0	0	0	1	0	0	1	0	1	1	0	0	1	0	0	0	0	0	0	0	0	0	0	1	0	0	2
chr9	41945883	41945972	90	9	0	90	58	32	9	3	5	4	4	1	3	2	2	2	3	2	6	3	5	4	3	3	0	3	4	0	0	1	3	1	0	3	0	0	0	9
chr9	41945973	41945982	10	10	0	10	9	1	2	0	0	2	0	0	0	0	0	0	0	1	1	0	0	1	0	0	0	0	0	0	0	0	0	0	0	0	1	0	0	0
chr9	41945983	41945997	15	9	0	15	8	7	3	0	1	0	0	0	0	1	1	0	1	1	0	0	0	0	0	0	0	0	0	1	0	1	0	1	0	0	1	0	0	1
chr9	41945998	41946527	530	10	0	530	362	168	39	18	20	47	19	14	18	17	30	8	13	14	36	11	18	39	24	9	1	17	11	7	0	10	12	3	1	8	21	9	0	34
chr9	41946528	41946554	27	8	0	27	21	6	7	2	2	2	1	0	0	0	1	0	1	0	3	0	1	0	1	0	0	1	0	0	0	0	0	0	0	1	0	0	0	2
chr9	41946555	41946624	70	9	0	70	43	27	2	4	3	4	3	2	4	2	4	0	1	3	4	3	1	2	2	3	0	4	4	2	0	1	0	1	0	1	4	1	0	3
chr9	41946625	41946791	167	10	0	167	106	61	17	7	6	11	9	2	6	8	8	1	4	4	7	5	3	7	5	5	0	5	9	4	0	3	7	2	0	3	5	5	0	7
chr9	41946828	41946883	56	10	0	56	39	17	9	3	2	3	2	3	0	1	0	0	1	2	6	1	2	3	2	2	0	2	3	1	0	1	1	1	0	0	0	1	0	2
chr9	41946923	41947229	307	10	0	307	214	93	32	9	13	23	13	2	14	11	16	4	6	11	16	11	8	25	14	1	0	11	7	0	0	3	8	2	0	8	11	8	0	18
chr9	41947230	41947282	53	9	0	53	31	22	6	3	1	2	4	0	2	3	1	2	2	1	1	1	0	2	3	2	0	0	3	2	0	2	0	1	0	1	2	2	0	2
chr9	41947283	41947322	40	9	0	40	32	8	6	1	2	3	1	2	0	0	2	0	1	1	3	1	2	5	2	0	0	2	0	0	0	0	0	0	0	0	1	0	0	3
chr9	41947323	41947735	413	10	0	413	297	116	59	15	21	34	15	5	6	16	31	1	9	8	24	13	19	20	16	4	2	11	4	2	0	9	5	3	0	10	17	6	0	26
chr9	41947736	41947791	56	9	0	56	41	15	10	3	3	2	1	0	3	0	4	2	0	2	3	1	4	2	2	0	0	4	0	0	0	0	0	0	0	0	2	0	0	6
chr9	41947792	41947971	180	10	0	180	128	52	19	5	5	18	12	5	3	7	8	4	4	7	8	7	6	9	11	2	1	7	4	0	0	1	1	0	0	1	10	3	1	9
chr9	41947972	41947998	27	9	0	27	22	5	2	0	1	6	1	0	0	0	1	0	0	0	5	3	1	1	1	1	0	1	0	0	0	1	0	0	0	0	0	0	0	0
chr9	41947999	41948042	44	10	0	44	39	5	11	0	1	9	1	0	1	1	4	0	0	0	6	1	0	2	0	0	0	1	0	0	0	0	0	0	0	0	3	0	0	1
chr9	41948043	41948132	90	9	0	90	61	29	18	7	2	5	8	0	2	2	4	0	4	3	2	0	0	2	4	3	1	0	6	1	0	0	0	2	0	0	2	1	1	8
chr9	41948133	41948327	195	10	0	195	92	103	7	6	3	5	8	13	12	2	4	3	12	4	3	2	4	3	6	9	1	8	13	5	1	12	8	9	1	6	8	7	3	5
chr9	41948328	41948354	27	9	0	27	12	15	1	0	0	0	1	1	2	1	0	0	2	3	0	0	0	0	0	0	0	0	2	1	0	2	1	2	0	1	2	2	0	1
chr9	41948355	41948369	15	8	0	15	6	9	0	0	0	0	0	2	2	0	0	0	0	2	0	0	0	0	1	0	0	0	1	1	0	0	1	0	0	1	1	1	0	0
chr9	41948608	41948650	43	8	0	43	34	9	7	1	0	6	1	1	0	4	1	0	0	0	5	2	1	4	4	0	0	0	1	0	0	0	1	1	0	0	0	0	0	1
chr9	41949116	41949150	35	8	0	35	25	10	6	2	2	2	2	2	1	1	0	0	0	0	4	2	0	0	4	0	0	1	0	0	0	0	2	0	0	2	0	0	0	0
chr9	41949930	41950005	76	8	0	76	49	27	7	2	2	5	5	2	1	2	4	0	1	4	0	1	5	7	3	0	0	2	2	1	0	2	3	2	1	2	2	2	1	3
chr9	41950370	41950410	41	8	0	41	26	15	4	1	1	5	2	0	1	2	3	0	1	0	2	0	1	1	0	0	0	1	2	3	0	1	2	2	0	0	1	1	0	2
chr9	41950651	41950675	25	8	0	25	19	6	2	1	2	2	1	0	0	3	3	0	0	0	2	1	0	1	2	0	0	0	0	0	0	0	0	0	0	0	2	0	0	1
chr9	41950731	41950765	35	8	0	35	28	7	16	0	1	3	1	0	0	0	2	0	1	0	0	0	1	1	0	0	0	0	0	0	0	2	1	0	0	1	0	2	0	1
chr9	41950774	41950816	43	8	0	43	16	27	0	1	1	0	1	1	3	0	1	3	4	0	0	0	0	0	1	0	2	2	2	1	2	1	3	2	1	2	0	3	1	3
chr9	41950897	41950957	61	8	0	61	31	30	8	1	1	1	1	4	1	1	1	1	1	1	1	3	3	1	2	4	1	2	3	3	2	2	1	3	1	1	1	0	1	2
chr9	41951509	41951636	128	8	0	128	81	47	11	3	7	6	3	2	5	6	6	4	4	5	7	3	4	4	4	2	0	6	4	3	0	4	1	2	0	1	7	4	0	8
chr9	41951937	41952012	76	8	0	76	29	47	0	0	1	4	1	2	5	0	4	0	6	2	0	1	1	2	1	1	1	0	1	4	4	6	2	5	3	5	4	5	1	2
chr9	41952122	41952154	33	8	0	33	16	17	0	1	1	1	1	0	1	2	1	1	0	0	1	1	3	1	0	2	0	2	1	2	0	3	3	1	0	0	0	2	0	0
chr9	41952227	41952273	47	8	0	47	33	14	4	0	3	5	0	2	0	2	1	1	1	0	7	2	1	3	1	1	0	2	1	0	1	0	1	1	0	2	1	0	1	1
chr9	41952384	41952428	45	8	0	45	32	13	9	1	1	3	2	0	0	1	1	0	0	1	2	1	4	5	0	1	0	2	1	1	0	2	1	1	0	1	1	1	0	0
chr9	41952502	41952572	71	8	0	71	32	39	2	2	5	1	1	2	3	0	4	4	3	1	3	0	1	0	1	2	0	4	2	7	2	5	2	0	0	0	1	8	0	3
chr9	41952778	41952853	76	8	0	76	42	34	2	4	7	1	2	1	1	2	7	2	4	1	3	3	2	0	0	5	0	4	3	1	2	3	0	0	0	0	3	4	0	7
chr9	41952994	41953040	47	8	0	47	20	27	1	1	4	1	4	0	1	1	2	2	3	0	0	0	0	0	0	3	0	0	3	0	2	2	1	1	3	3	2	2	0	3
chr9	41953114	41953184	71	8	0	71	19	52	0	0	1	0	0	2	4	1	0	0	5	1	1	2	1	0	1	1	1	1	2	6	4	5	3	10	6	5	1	1	3	1
chr9	41953185	41953235	51	8	0	51	11	40	0	0	0	0	0	1	5	0	0	2	3	0	0	0	0	0	1	0	1	1	1	2	5	0	3	4	9	6	1	2	1	1
chr9	41953236	41953261	26	8	0	26	6	20	0	1	0	0	0	1	2	0	1	0	1	0	0	0	0	0	0	2	0	0	1	0	3	1	0	2	5	2	1	1	0	0
chr9	41953320	41953422	103	8	0	103	31	72	2	1	1	0	1	8	5	1	1	4	6	1	0	0	0	0	0	6	5	2	5	8	8	4	7	6	5	2	3	4	2	3
chr9	41953430	41953455	26	8	0	26	10	16	1	0	2	0	2	0	3	0	0	1	1	0	0	0	0	0	0	0	0	0	1	0	0	1	4	2	1	3	0	0	0	2
chr9	41954169	41954231	63	8	0	63	46	17	11	3	1	7	0	0	1	4	6	1	1	0	4	2	1	3	3	0	1	1	2	0	1	0	0	0	0	0	0	3	2	3
chr9	41954299	41954399	101	8	0	101	57	44	7	1	6	6	3	5	5	4	2	1	1	2	8	4	2	0	7	0	1	2	5	2	0	3	2	6	1	7	3	1	0	2
chr9	41954487	41954499	13	8	0	13	8	5	1	0	1	0	1	2	0	0	0	0	0	1	0	0	0	1	1	1	0	0	0	0	0	1	0	0	0	0	1	0	0	0
chr9	41954524	41954548	25	8	0	25	21	4	8	1	0	4	1	0	1	0	0	0	0	1	3	0	0	1	0	0	0	0	0	0	0	0	2	0	0	0	0	0	0	1
chr9	41954830	41954865	36	8	0	36	22	14	7	0	0	3	2	5	1	0	0	0	0	0	1	1	1	1	3	3	0	0	3	0	0	1	0	1	0	1	0	0	0	0
chr9	41955113	41955152	40	8	0	40	23	17	4	2	0	2	2	2	0	7	2	0	1	1	0	0	0	0	3	1	0	0	4	0	0	0	1	3	0	0	3	0	0	0
chr9	41955181	41955283	103	8	0	103	56	47	2	4	2	3	2	4	7	6	4	1	3	4	3	5	3	3	4	3	0	7	4	4	0	3	4	3	0	1	6	2	0	4
chr9	41955408	41955452	45	8	0	45	24	21	2	1	2	3	3	2	1	1	2	3	1	0	1	0	1	0	3	3	0	0	3	2	0	2	1	0	0	1	1	2	0	2
chr9	41955685	41955720	36	8	0	36	16	20	0	1	0	0	0	4	4	0	2	1	3	0	0	0	0	0	3	1	0	2	2	0	0	2	0	2	0	1	3	1	0	2
chr9	41955721	41955763	43	8	0	43	22	21	0	3	1	0	1	2	2	0	1	1	2	2	2	2	2	0	3	1	2	2	1	2	0	2	0	1	0	1	2	1	0	2
chr9	41955764	41955823	60	8	0	60	41	19	6	4	2	6	4	1	2	0	2	0	2	1	6	0	1	3	2	0	0	3	2	0	0	2	1	0	0	3	2	3	0	0
chr9	41955824	41956088	265	8	0	265	183	82	27	12	5	21	9	6	10	17	7	2	6	10	23	8	7	12	13	3	0	12	5	2	0	5	7	4	0	5	16	3	0	6
chr9	41956098	41956404	307	8	0	307	145	162	13	5	3	12	7	13	15	5	3	5	17	9	11	9	8	8	9	11	5	7	16	10	10	16	9	21	4	10	7	10	7	10
chr9	41956405	41957752	1348	8	0	1348	820	528	116	42	66	59	47	31	58	49	67	19	42	36	51	43	32	60	48	36	5	46	51	34	3	43	42	24	2	30	44	37	4	79
chr9	41957753	41957853	101	8	0	101	54	47	14	5	1	1	6	3	6	2	1	2	8	3	0	0	0	0	5	2	0	3	4	1	1	3	3	3	2	6	6	3	1	4
chr9	41957854	41957931	78	8	0	78	34	44	2	0	2	4	0	2	3	3	4	1	3	1	1	3	4	0	1	1	1	3	3	4	4	3	2	6	2	4	2	4	1	2
chr9	41957932	41957975	44	8	0	44	26	18	5	3	0	1	1	2	3	0	1	1	1	0	2	2	3	1	4	1	0	2	1	1	0	2	0	1	0	1	1	0	0	2
chr9	41957976	41958288	313	8	0	313	157	156	23	11	11	2	16	14	18	8	5	10	18	8	3	4	4	1	18	8	3	10	15	7	2	13	11	11	3	13	11	11	4	15
chr9	41958289	41958328	40	8	0	40	27	13	5	8	0	1	9	1	1	1	0	0	0	0	0	0	0	0	9	0	0	0	0	0	0	0	1	0	0	1	1	0	0	0
chr9	41958330	41958729	400	8	0	400	214	186	28	13	16	7	10	13	26	8	12	10	17	8	15	13	9	7	21	16	0	12	16	16	0	28	6	12	0	12	14	16	0	17
chr9	41958740	41958888	149	8	0	149	84	65	10	5	13	4	5	6	5	3	14	2	6	1	3	3	2	2	5	7	1	3	4	3	1	8	2	1	0	5	7	6	0	10
chr9	41958889	41958980	92	8	0	92	50	42	4	2	4	2	2	6	5	2	4	5	4	4	2	0	2	0	7	2	0	4	4	3	0	3	0	0	0	2	5	5	0	7
chr9	41958981	41959770	790	8	0	790	492	298	71	29	40	45	43	17	28	21	33	16	20	23	36	17	24	27	27	21	4	27	25	13	3	24	24	14	2	22	33	17	3	39
chr9	41960017	41960057	41	8	0	41	17	24	0	0	1	1	2	1	4	2	0	2	3	1	0	0	0	0	1	0	0	2	3	0	0	1	5	2	1	2	0	1	1	3
chr9	41960058	41960089	32	8	0	32	14	18	0	1	1	1	3	1	2	0	0	0	3	1	0	0	0	0	0	1	0	1	1	0	0	2	5	2	0	1	1	1	0	2
chr9	41960157	41960292	136	8	0	136	64	72	8	2	2	4	4	6	5	4	1	1	8	9	3	3	3	1	2	4	4	2	10	5	1	4	3	9	3	4	4	2	5	8
chr9	41960438	41960460	23	8	0	23	17	6	8	2	0	0	0	1	1	0	1	0	1	0	2	0	0	0	2	1	0	0	0	0	0	1	0	0	0	0	0	0	0	1
chr9	41960461	41960650	190	7	0	190	124	66	15	5	6	15	11	3	5	11	7	1	7	8	8	7	4	10	11	3	0	1	3	1	1	6	8	4	0	4	8	3	1	11
chr9	41961123	41961155	33	7	0	33	23	10	1	3	0	3	2	0	1	2	2	0	0	2	2	0	1	3	3	0	0	0	1	0	0	0	1	0	0	1	1	1	0	1
chr9	41961371	41961425	55	7	0	55	33	22	4	2	3	4	2	2	2	2	6	0	2	1	0	0	1	1	1	1	1	1	1	0	0	1	3	0	1	2	3	1	1	4
chr9	41961488	41961522	35	7	0	35	24	11	2	1	1	3	0	1	2	1	1	0	0	0	5	2	1	2	2	1	0	1	0	1	0	2	1	0	0	1	1	1	0	0
chr9	41961642	41961705	64	7	0	64	49	15	12	2	4	7	1	0	1	1	3	1	1	2	9	0	1	4	0	0	1	1	0	0	0	0	0	0	0	4	3	1	1	2
chr9	41961706	41961817	112	8	0	112	78	34	13	2	5	10	7	1	3	2	6	3	3	2	5	3	4	8	4	0	0	4	0	2	0	3	3	0	0	3	6	3	0	5
chr9	41961818	41961836	19	7	0	19	14	5	3	0	1	2	2	1	0	1	1	0	0	0	0	0	0	1	1	0	0	1	0	0	0	0	2	0	0	0	1	0	0	0
chr9	41962050	41962162	113	7	0	113	91	22	8	2	3	17	6	2	1	6	2	0	0	2	14	8	1	19	9	0	0	2	1	0	0	0	1	1	0	2	4	0	0	0
chr9	41962297	41962327	31	7	0	31	18	13	2	0	1	3	3	0	0	0	1	1	0	0	0	1	3	2	0	1	1	0	1	0	1	1	1	2	0	2	1	0	0	1
chr9	41962455	41962503	49	7	0	49	32	17	4	0	0	6	2	3	3	3	0	1	1	2	3	0	0	3	2	1	0	1	2	0	0	0	4	1	0	1	2	0	0	2
chr9	41962588	41962627	40	7	0	40	21	19	0	1	2	1	2	1	2	2	1	3	1	1	1	0	1	2	1	3	0	1	1	1	0	2	2	0	0	0	3	1	0	2
chr9	41962783	41962812	30	8	0	30	22	8	7	0	0	3	1	0	0	0	0	1	1	0	2	2	3	1	1	0	0	1	1	0	0	0	0	1	0	1	0	0	0	2
chr9	41962813	41962878	66	7	0	66	21	45	0	1	0	1	0	3	4	1	2	1	4	0	0	3	1	0	1	3	2	2	4	3	2	5	1	7	5	1	2	3	1	1
chr9	41962879	41962950	72	8	0	72	28	44	0	1	2	0	2	2	7	2	1	3	6	2	0	0	0	0	2	0	0	4	3	2	2	3	3	4	2	5	4	4	1	3
chr9	41962951	41962998	48	7	0	48	37	11	18	4	1	1	5	2	0	1	1	1	1	0	0	0	0	0	7	0	0	0	0	0	0	0	0	0	0	0	2	0	0	2
chr9	41963645	41963683	39	7	0	39	20	19	2	2	3	0	3	0	2	0	0	1	2	0	2	2	0	0	1	3	0	2	1	1	0	3	2	2	0	0	1	0	0	2
chr9	41964200	41964234	35	7	0	35	22	13	0	3	2	1	3	0	1	2	1	1	1	0	3	1	0	1	2	1	0	2	3	0	0	0	0	0	0	2	1	2	0	0
chr9	41964340	41964415	76	7	0	76	49	27	6	2	3	6	3	5	2	0	2	1	2	1	6	5	2	3	4	3	2	3	2	1	0	2	2	0	0	0	2	1	0	3
chr9	41964940	41964969	30	8	0	30	20	10	3	1	0	1	0	1	0	5	1	0	1	0	1	0	1	4	1	0	0	1	1	0	0	0	2	1	0	1	2	0	0	0
chr9	41965204	41965279	76	8	0	76	56	20	12	1	2	12	6	2	1	2	4	0	1	3	5	1	1	3	3	0	0	0	1	0	0	2	3	1	0	0	3	2	0	3
chr9	41965690	41965735	46	8	0	46	20	26	0	1	3	0	0	2	2	2	2	1	3	0	1	1	0	0	1	2	0	2	3	6	0	2	1	2	0	1	1	1	0	4
chr9	41966510	41966544	35	8	0	35	13	22	0	0	0	0	0	3	5	0	0	2	2	0	0	0	0	0	2	3	0	0	2	0	0	4	1	2	0	3	3	1	0	0
chr9	41966646	41966720	75	8	0	75	39	36	2	2	3	2	0	5	5	1	1	1	2	4	6	2	1	1	3	4	1	1	5	2	0	4	0	3	1	2	3	2	0	4
chr9	41967204	41967291	88	8	0	88	47	41	1	3	1	5	1	3	6	7	6	1	4	3	2	2	1	1	4	2	0	3	3	4	0	4	4	1	0	1	5	4	0	4
chr9	41967972	41967997	26	8	0	26	17	9	5	0	2	1	0	1	0	1	0	0	1	2	3	0	1	0	1	0	0	0	1	1	0	1	0	0	0	0	0	1	0	2
chr9	41968817	41968861	45	8	0	45	19	26	0	1	1	0	1	3	5	0	1	2	4	0	0	0	0	0	1	0	0	5	4	1	0	0	4	3	0	1	0	1	0	5
chr9	41969322	41969352	31	7	0	31	16	15	0	0	2	0	0	2	1	3	2	1	1	2	0	1	0	1	3	0	0	1	0	0	1	1	2	0	0	0	1	2	0	2
chr9	41969465	41969563	99	7	0	99	62	37	5	4	4	4	4	4	2	4	1	0	3	5	7	2	2	9	3	4	0	3	3	2	1	2	3	0	1	6	5	2	2	0
chr9	41969718	41969794	77	7	0	77	34	43	8	0	0	3	0	2	7	1	1	1	3	0	1	2	3	0	1	1	1	2	6	3	0	6	3	8	3	4	1	3	0	1
chr9	41970552	41970576	25	7	0	25	17	8	2	0	0	2	0	0	0	5	0	0	0	0	2	2	2	1	1	0	0	1	0	0	0	0	4	0	0	1	0	0	0	0
chr9	41970628	41970657	30	7	0	30	20	10	4	0	1	3	1	1	1	1	1	0	0	1	2	0	1	3	1	0	0	0	1	1	0	1	1	0	0	1	1	1	0	0
chr9	41971245	41971305	61	7	0	61	44	17	5	4	4	3	2	0	0	2	3	0	2	1	6	2	2	6	1	1	0	4	1	0	0	3	0	0	0	0	3	3	0	1
chr9	41971561	41971606	46	7	0	46	17	29	2	1	2	0	2	1	2	2	0	0	1	2	1	1	0	0	1	1	0	1	3	3	2	3	1	5	3	1	1	2	0	0
chr9	42004630	42005187	558	10	0	558	369	189	54	11	30	42	17	13	12	19	39	4	18	23	27	10	18	31	14	7	1	16	14	7	1	21	12	8	0	4	21	21	4	37
chr9	42005244	42005293	50	10	0	50	22	28	0	0	3	0	3	3	4	2	0	1	2	4	0	0	0	0	0	1	0	3	3	1	0	2	3	3	0	3	5	1	0	1
chr9	42005342	42005442	101	10	0	101	57	44	10	2	3	5	7	2	6	3	0	2	3	4	3	3	2	2	5	1	0	3	6	2	0	4	5	6	0	1	1	3	0	5
chr9	42005443	42005474	32	9	0	32	14	18	0	0	0	1	0	2	3	2	0	1	1	1	1	1	0	0	2	1	0	1	2	1	0	2	1	2	0	1	2	2	0	0
chr9	42005503	42006048	546	9	0	546	352	194	51	13	34	33	26	13	20	17	28	15	12	10	27	15	14	22	23	7	1	25	15	8	0	12	15	10	0	13	24	10	1	30
chr9	42006181	42006427	247	9	0	247	163	84	27	10	8	19	11	2	11	6	15	5	6	13	11	3	6	10	11	1	2	6	9	4	1	4	1	2	0	3	9	11	1	17
chr9	42006432	42006688	257	9	0	257	159	98	17	4	13	12	7	3	13	7	13	7	19	9	9	6	8	10	12	1	0	7	3	2	0	8	8	1	1	6	7	9	1	32
chr9	42006787	42007019	233	9	0	233	160	73	31	7	13	18	9	2	8	6	17	2	2	7	12	5	6	13	7	3	1	5	4	1	2	6	4	6	0	6	12	3	1	12
chr9	42007043	42007174	132	9	0	132	90	42	15	2	7	10	5	1	5	5	8	3	4	1	6	4	5	8	4	1	0	5	2	1	0	1	4	1	0	6	6	1	0	9
chr9	42007226	42007295	70	9	0	70	48	22	5	2	0	2	1	6	0	10	1	1	0	0	1	5	2	10	12	1	0	1	2	1	0	0	1	0	0	1	2	1	0	0
chr9	42007381	42007563	183	9	0	183	131	52	23	10	6	14	8	4	5	5	8	3	6	1	14	5	4	14	11	2	0	9	5	1	0	2	1	0	0	3	5	5	0	7
chr9	42007593	42007681	89	9	0	89	66	23	15	4	8	4	2	1	0	5	7	2	1	0	8	2	1	5	3	1	0	5	2	0	0	1	0	0	0	0	3	3	0	4
chr9	42007739	42008019	281	9	0	281	177	104	24	6	11	19	10	4	11	14	11	4	7	6	15	11	9	15	11	3	0	10	7	6	0	12	10	7	0	8	11	9	0	8
chr9	42008033	42008324	292	9	0	292	186	106	31	13	11	19	16	9	9	7	15	5	6	4	12	7	9	12	13	9	1	12	10	2	2	10	9	3	1	3	9	11	0	10
chr9	42008341	42008498	158	9	0	158	105	53	8	6	6	11	7	2	8	6	8	2	1	6	8	6	7	13	5	3	0	7	5	0	0	1	4	1	0	9	9	2	0	5
chr9	42008499	42008663	165	9	0	165	124	41	21	5	8	17	2	3	4	9	13	4	1	3	15	3	3	11	7	1	1	6	1	1	0	1	2	0	0	0	8	1	1	11
chr9	42008763	42008822	60	9	0	60	41	19	6	4	6	3	4	0	0	2	5	1	1	0	3	1	1	3	0	4	0	2	3	0	0	1	0	0	0	2	3	0	0	3
chr9	42008842	42009461	620	9	0	620	385	235	43	20	29	32	27	14	24	25	26	10	21	24	29	12	16	31	24	6	0	26	19	6	5	16	20	13	2	17	28	21	1	31
chr9	42009545	42009609	65	9	0	65	43	22	2	1	4	3	2	0	2	1	1	0	3	3	5	3	2	9	1	2	0	2	3	0	0	3	1	2	0	1	0	2	0	5
chr9	42009613	42009790	178	9	0	178	115	63	10	2	6	16	4	5	10	11	12	2	2	6	8	7	7	6	7	4	0	5	2	1	0	5	7	2	0	7	14	1	0	7
chr9	42009843	42009906	64	9	0	64	42	22	3	1	4	1	0	2	1	4	4	2	1	0	3	1	4	9	1	0	0	5	1	1	0	3	1	1	0	2	4	3	0	0
chr9	42010055	42010292	238	9	0	238	132	106	9	9	7	11	10	7	17	7	8	9	8	3	9	6	4	7	13	6	3	10	9	3	1	10	9	5	0	8	10	10	0	8
chr9	42010320	42010597	278	9	0	278	151	127	12	5	14	12	10	6	10	7	12	9	14	7	9	5	12	6	10	4	2	9	10	11	1	15	7	9	1	5	7	12	2	21
chr9	42010616	42010951	336	9	0	336	200	136	27	16	8	16	15	8	16	9	15	5	16	14	10	5	10	9	12	10	1	11	13	1	1	15	6	5	1	8	17	14	4	16
chr9	42010954	42011016	63	9	0	63	40	23	6	2	3	2	1	4	3	3	3	0	1	2	3	2	1	3	3	0	0	5	4	0	0	0	1	1	0	2	3	3	0	0
chr9	42011074	42011249	176	9	0	176	92	84	7	5	9	4	6	4	9	7	9	1	8	2	4	3	7	5	4	4	0	5	8	5	1	9	11	8	0	9	3	6	1	10
chr9	42011254	42011645	392	9	0	392	218	174	22	8	12	16	9	16	22	12	10	6	17	16	18	8	13	11	14	7	1	16	12	11	3	17	14	11	1	18	19	14	3	13
chr9	42011675	42012015	341	9	0	341	219	122	28	17	15	17	14	8	14	14	12	8	0	5	23	12	13	18	20	7	3	15	9	5	2	6	14	4	1	10	7	6	0	12
chr9	42012044	42012223	180	9	0	180	101	79	7	8	12	4	9	2	7	9	10	1	10	7	5	6	1	2	4	5	0	8	9	2	0	7	3	4	1	6	11	8	1	9
chr9	42012230	42012420	191	9	0	191	119	72	17	12	6	7	6	3	10	8	9	3	4	5	9	5	6	8	14	4	1	4	5	4	1	7	3	2	0	5	5	6	0	10
chr9	42012470	42012603	134	9	0	134	78	56	6	3	3	9	3	6	6	7	6	4	3	3	6	2	4	6	8	1	2	4	2	3	4	2	4	4	0	5	8	3	0	5
chr9	42012640	42012873	234	9	0	234	156	78	28	8	9	15	10	8	4	9	10	3	6	6	12	7	3	16	14	3	1	8	7	2	4	4	1	7	0	2	10	5	1	9
chr9	42012924	42013001	78	9	0	78	40	38	6	3	2	2	3	5	4	0	3	1	5	2	1	2	1	0	4	2	2	1	2	4	0	2	5	1	1	1	1	1	1	8
chr9	42013042	42013197	156	9	0	156	102	54	13	10	6	7	7	2	8	5	7	3	1	5	8	6	7	5	6	4	1	11	4	1	0	3	5	1	0	2	7	2	1	6
chr9	42013232	42013718	487	9	0	487	267	220	34	16	20	14	18	15	26	23	20	13	12	13	12	7	9	13	24	11	4	12	17	12	3	21	24	11	5	18	17	19	6	16
chr9	42013725	42013885	161	9	0	161	103	58	16	4	6	9	5	7	2	12	5	1	3	8	10	3	6	5	7	3	0	5	6	3	0	5	5	4	0	3	8	4	0	4
chr9	42013903	42014035	133	9	0	133	76	57	7	2	6	8	3	4	7	3	8	4	4	5	5	1	6	2	4	2	0	5	5	4	0	7	5	1	0	1	3	9	0	10
chr9	42014083	42014162	80	9	0	80	43	37	1	2	1	5	2	6	6	7	5	0	1	4	1	0	0	1	5	1	0	2	5	0	0	3	3	4	0	3	7	3	0	0
chr9	42014211	42014283	73	9	0	73	41	32	5	2	6	1	6	3	2	2	4	0	3	4	0	0	1	1	2	0	0	3	2	3	0	2	4	1	0	3	4	3	0	4
chr9	42014311	42014414	104	9	0	104	65	39	6	4	5	4	2	6	2	7	4	1	2	2	7	0	5	6	5	2	0	4	2	3	0	3	6	2	0	2	4	1	0	5
chr9	42014486	42014542	57	9	0	57	26	31	1	1	2	2	1	1	4	1	1	0	1	1	3	4	2	0	2	1	2	1	4	2	0	3	0	5	4	3	1	1	0	1
chr9	42014562	42014698	137	9	0	137	65	72	9	2	0	3	1	5	9	3	1	4	7	7	3	4	6	1	5	5	2	3	5	6	3	8	2	7	0	5	6	5	3	5
chr9	42014866	42014963	98	9	0	98	61	37	9	3	1	8	4	6	1	7	3	2	0	1	5	1	4	6	5	5	0	2	7	3	0	3	2	1	0	1	3	3	0	0
chr9	42015108	42015171	64	9	0	64	29	35	1	1	1	4	2	0	7	1	2	0	4	1	2	1	1	0	0	1	0	1	4	2	0	5	5	5	0	4	1	3	0	3
chr9	42015255	42015377	123	9	0	123	65	58	5	2	4	7	5	3	5	8	2	2	4	4	6	4	3	1	4	3	0	4	9	6	0	5	3	7	0	4	5	3	0	3
chr9	42015408	42015483	76	9	0	76	43	33	4	3	2	2	3	3	7	0	2	3	2	0	2	1	1	6	4	4	0	2	2	1	0	5	4	2	0	2	3	1	0	3
chr9	42015554	42016016	463	9	0	463	297	166	47	20	13	29	24	11	21	15	17	5	10	19	21	14	10	19	19	17	1	13	20	5	0	14	8	7	1	10	24	10	0	17
chr9	42016036	42016442	407	9	0	407	306	101	40	14	15	42	12	7	9	20	18	5	4	11	41	8	11	47	18	6	0	11	6	3	0	5	7	3	0	4	17	2	0	19
chr9	42016452	42016505	54	9	0	54	33	21	2	2	3	2	3	0	2	3	3	1	4	0	1	1	0	4	1	0	2	2	0	0	0	0	4	0	0	4	3	0	2	3
chr9	42016584	42016647	64	9	0	64	38	26	3	2	5	3	2	0	4	1	6	0	1	1	2	0	3	5	1	1	0	0	1	0	0	4	4	2	0	4	1	1	0	5
chr9	42016723	42016913	191	9	0	191	136	55	20	2	11	18	6	1	5	8	9	3	2	8	15	5	6	16	5	2	0	4	4	1	0	4	6	3	0	3	5	4	0	13
chr9	42016918	42017068	151	9	0	151	103	48	13	3	8	9	4	8	4	7	5	3	4	7	10	4	3	9	10	1	0	7	3	1	0	1	1	1	0	4	10	2	0	7
chr9	42017215	42017603	389	9	0	389	260	129	42	14	9	27	15	13	15	19	11	13	8	15	25	6	12	15	20	7	2	16	10	3	0	5	10	3	0	5	22	5	2	18
chr9	42017666	42017908	243	9	0	243	154	89	12	7	11	17	7	7	11	7	8	4	7	6	18	9	7	14	13	2	2	10	6	7	1	3	7	3	0	10	6	5	1	13
chr9	42017946	42018024	79	9	0	79	56	23	3	4	6	6	3	2	3	2	2	1	1	2	12	1	0	6	6	0	0	2	0	1	0	2	2	1	0	3	2	1	0	3
chr9	42018034	42018320	287	9	0	287	225	62	30	4	10	31	7	4	3	19	9	3	1	9	30	14	8	41	13	3	0	9	3	2	0	2	5	0	0	3	12	2	0	8
chr9	42018465	42018537	73	9	0	73	32	41	4	3	2	0	1	2	8	2	1	1	4	0	2	0	0	0	3	2	0	1	3	6	0	4	6	3	0	7	2	2	0	2
chr9	42018561	42018625	65	9	0	65	24	41	0	0	4	0	2	3	4	2	2	3	3	0	0	0	0	0	2	2	0	2	6	7	0	5	2	4	0	2	1	5	0	2
chr9	42018721	42018800	80	9	0	80	40	40	0	3	2	0	2	2	7	4	3	4	3	2	0	1	0	5	4	3	0	3	5	2	0	3	1	3	1	3	5	2	1	4
chr9	42018834	42018892	59	9	0	59	31	28	1	1	1	1	1	3	2	2	2	2	6	4	1	1	1	1	2	0	2	3	1	2	2	1	0	0	0	0	5	3	0	6
chr9	42019002	42019219	218	9	0	218	136	82	14	7	11	10	7	3	10	11	9	5	3	13	12	4	8	8	9	2	0	9	1	3	2	9	9	3	0	4	12	7	2	9
chr9	42019264	42019451	188	9	0	188	122	66	15	6	8	14	4	7	6	11	11	2	4	2	14	4	7	5	8	5	0	6	7	1	0	4	3	3	0	10	11	3	0	5
chr9	42019490	42019578	89	9	0	89	42	47	3	1	1	4	3	4	8	1	2	3	5	3	1	1	0	2	1	7	0	1	5	1	0	8	2	4	0	3	8	3	0	2
chr9	42019711	42019776	66	9	0	66	40	26	14	0	1	1	3	5	3	0	0	2	5	2	0	0	1	1	1	2	0	4	3	0	0	1	4	1	0	1	3	1	0	5
chr9	42019783	42019911	129	9	0	129	90	39	14	4	7	10	5	1	2	6	8	2	3	2	8	2	7	8	2	2	0	5	3	1	0	2	3	2	0	3	5	1	0	9
chr9	42019927	42020125	199	9	0	199	157	42	34	4	7	22	9	4	1	14	4	2	2	5	20	6	2	19	10	1	0	6	1	0	0	1	9	0	0	1	8	1	0	4
chr9	42020130	42020276	147	9	0	147	102	45	13	5	6	13	6	3	5	5	7	0	6	7	12	3	4	5	5	0	1	6	2	0	0	1	3	1	0	6	9	2	1	8
chr9	42020357	42020739	383	9	0	383	234	149	27	15	15	23	17	10	20	13	15	8	9	14	22	4	6	14	17	11	1	8	13	8	0	13	18	5	0	9	13	10	3	20
chr9	42020763	42021186	424	9	0	424	270	154	31	11	14	29	14	15	21	15	16	9	12	18	24	8	12	20	16	9	0	19	14	6	0	10	13	2	0	9	22	13	0	20
chr9	42021223	42021346	124	9	0	124	87	37	8	6	2	8	6	3	1	10	5	2	1	7	5	2	8	13	6	1	0	6	2	0	0	1	4	0	0	2	8	2	0	3
chr9	42021473	42021632	160	9	0	160	99	61	3	3	2	13	8	6	7	7	7	3	6	8	3	4	6	11	10	2	0	4	3	0	0	8	5	4	0	1	11	5	0	8
chr9	42021645	42021696	52	9	0	52	34	18	2	0	2	4	1	2	1	1	1	1	2	1	4	1	3	6	0	2	0	2	1	0	0	3	2	2	0	0	2	0	0	4
chr9	42021707	42021795	89	9	0	89	53	36	6	4	2	5	4	3	4	6	5	2	1	1	2	1	4	2	8	0	0	2	1	0	2	2	5	2	0	4	3	3	0	3
chr9	42021822	42021854	33	9	0	33	23	10	4	2	1	4	3	2	1	0	3	0	0	0	1	0	1	0	2	0	0	2	0	0	0	0	2	0	0	0	2	0	0	1
chr9	42021857	42021919	63	9	0	63	37	26	4	3	1	5	4	2	2	2	1	2	1	2	4	0	3	1	3	2	0	2	2	4	0	1	3	1	0	0	2	1	0	3
chr9	42021967	42022085	119	9	0	119	69	50	7	4	3	6	3	2	2	3	3	2	7	2	8	0	11	5	1	3	1	3	4	3	1	5	2	5	0	7	3	3	0	8
chr9	42022119	42022354	236	9	0	236	127	109	8	7	6	10	9	7	11	13	7	3	8	11	6	6	6	8	6	9	2	6	12	9	3	6	11	4	1	10	10	8	2	9
chr9	42022406	42022460	55	9	0	55	33	22	0	2	3	2	2	2	1	4	3	2	3	2	2	0	2	2	3	1	0	3	1	0	0	1	0	1	0	1	5	0	2	3
chr9	42022466	42022524	59	9	0	59	44	15	13	6	2	3	5	0	1	2	0	0	2	0	5	2	0	1	5	2	0	2	1	0	0	1	1	0	0	1	1	0	0	1
chr9	42040358	42040640	283	9	0	283	180	103	18	11	17	17	21	7	6	12	15	4	11	9	9	7	3	11	17	5	0	7	9	2	0	9	5	1	0	8	15	12	0	13
chr9	42040697	42040921	225	9	0	225	134	91	16	10	12	6	12	2	11	7	11	4	6	4	5	12	8	7	9	8	1	10	12	2	0	5	2	5	1	10	9	4	0	12
chr9	42040933	42041627	695	9	0	695	434	261	70	24	30	35	30	15	22	38	27	14	11	29	31	13	22	22	29	18	3	16	32	14	0	19	19	14	3	12	24	19	0	38
chr9	42041682	42041767	86	9	0	86	52	34	3	1	1	6	2	0	4	5	3	2	2	5	3	4	2	7	0	5	0	2	6	4	0	3	1	0	0	1	4	4	0	4
chr9	42041810	42041968	159	9	0	159	96	63	10	4	5	10	8	3	4	19	8	5	1	5	3	3	2	6	9	4	0	2	12	2	0	2	5	2	0	4	7	8	0	4
chr9	42042029	42042194	166	9	0	166	86	80	2	7	1	4	4	12	6	13	3	2	6	5	5	5	2	8	16	6	1	3	9	9	0	8	6	3	0	2	5	8	1	2
chr9	42042275	42042697	423	9	0	423	276	147	30	15	14	23	14	7	13	22	14	4	11	17	25	17	15	33	18	6	3	16	13	8	0	9	13	5	2	8	12	11	3	20
chr9	42042708	42042986	279	9	0	279	175	104	30	5	6	23	12	10	9	9	15	4	8	8	9	6	9	10	9	5	0	11	11	11	1	7	5	4	1	4	15	10	0	10
chr9	42042987	42043087	101	9	0	101	63	38	5	1	6	2	3	2	2	13	3	2	3	9	3	2	1	4	3	1	0	3	2	2	0	2	2	1	0	5	13	2	0	2
chr9	42043201	42043290	90	9	0	90	38	52	1	3	3	1	4	4	6	0	2	0	9	3	1	0	1	0	0	4	0	3	5	3	1	7	6	4	1	3	3	5	0	5
chr9	42043325	42043811	487	9	0	487	338	149	67	11	20	40	15	8	17	8	16	4	8	15	39	15	21	33	15	7	0	16	14	4	0	14	9	14	1	11	10	7	1	25
chr9	42043884	42043934	51	9	0	51	37	14	7	1	1	7	0	2	3	0	4	0	0	1	5	0	1	4	1	1	0	0	1	0	0	1	1	1	0	2	3	0	0	2
chr9	42043986	42044054	69	9	0	69	33	36	1	0	2	1	1	2	4	6	1	4	1	3	1	0	1	4	3	1	2	0	3	4	0	4	5	1	0	3	3	5	0	1
chr9	42044067	42044369	303	9	0	303	182	121	19	13	11	11	15	17	13	10	9	4	6	9	11	9	8	16	17	8	1	17	10	7	1	6	14	5	0	7	14	4	0	9
chr9	42044375	42044546	172	9	0	172	112	60	19	8	7	10	6	5	4	9	6	2	4	6	13	3	3	7	7	4	0	6	6	3	0	6	1	5	0	2	10	4	0	4
chr9	42044598	42044658	61	9	0	61	30	31	2	1	1	2	1	2	3	0	4	5	3	2	1	1	0	0	2	3	2	2	0	2	4	2	0	0	0	0	4	3	4	3
chr9	42044696	42044805	110	9	0	110	60	50	8	4	10	1	2	5	5	2	8	1	2	3	5	1	1	1	3	5	0	3	6	3	0	7	2	5	0	1	3	4	0	7
chr9	42044915	42045286	372	9	0	372	256	116	40	7	18	28	16	8	9	15	14	6	8	7	23	13	10	32	17	3	1	14	7	2	0	9	12	3	2	11	13	10	1	11
chr9	42045330	42045452	123	9	0	123	77	46	14	7	6	5	7	4	4	3	6	0	1	4	5	2	5	4	6	2	0	5	2	2	0	4	6	2	1	3	2	2	3	4
chr9	42045501	42045595	95	9	0	95	66	29	10	2	5	6	3	1	1	4	4	0	1	6	6	3	2	11	2	2	0	2	2	6	1	0	1	0	0	1	4	1	1	5
chr9	42045634	42045738	105	9	0	105	71	34	11	4	2	8	5	4	2	6	2	3	2	4	8	1	1	6	5	3	0	4	8	1	0	0	0	1	0	1	4	4	0	3
chr9	42045740	42046149	410	9	0	410	207	203	13	13	15	13	15	16	32	10	21	16	16	7	5	3	6	4	23	7	2	16	18	15	5	15	15	10	0	17	17	21	1	21
chr9	42046174	42046274	101	9	0	101	53	48	6	4	4	2	1	5	7	2	5	2	3	2	4	1	1	2	4	4	0	4	5	7	0	6	3	2	0	1	3	5	0	4
chr9	42046275	42046360	86	9	0	86	53	33	4	2	5	6	4	2	2	4	6	2	2	6	3	2	1	2	3	2	0	3	3	4	0	2	0	0	0	0	6	3	0	5
chr9	42046373	42046583	211	9	0	211	137	74	20	6	14	12	12	6	3	7	12	2	5	10	8	6	5	9	8	6	0	6	5	3	0	9	4	0	0	3	11	8	0	9
chr9	42046633	42046712	80	9	0	80	60	20	16	3	5	7	3	1	3	2	4	0	0	1	9	2	1	2	4	0	0	2	0	1	0	1	2	0	0	4	2	1	0	2
chr9	42046744	42046820	77	9	0	77	53	24	12	0	2	11	2	1	1	3	6	0	0	1	5	1	3	5	0	2	0	0	4	5	0	2	2	0	0	0	1	3	0	3
chr9	42046886	42047048	163	9	0	163	90	73	7	6	7	7	7	5	11	3	10	7	6	1	3	5	3	1	5	4	3	10	4	4	1	5	6	1	0	5	11	5	0	8
chr9	42047050	42047187	138	9	0	138	88	50	10	5	0	11	2	5	5	9	3	2	4	2	11	6	2	9	8	2	2	6	2	5	2	2	6	3	1	0	6	1	1	3
chr9	42047370	42047431	62	9	0	62	41	21	13	1	4	4	5	0	2	0	3	0	1	2	2	0	2	0	0	1	0	1	2	1	0	2	3	0	0	5	2	3	0	1
chr9	42047450	42047607	158	9	0	158	93	65	15	2	7	12	1	2	5	5	11	4	9	1	9	0	4	5	2	2	0	4	3	9	0	11	3	2	0	3	5	11	2	7
chr9	42047612	42047639	28	10	0	28	11	17	0	0	1	0	0	2	0	0	1	0	4	0	0	1	1	0	0	1	0	2	2	3	0	3	0	0	0	0	1	3	0	1
chr9	42047784	42048263	480	9	0	480	242	238	25	17	11	18	12	16	30	14	24	10	24	14	10	0	10	6	14	10	4	14	25	26	1	27	16	15	2	11	17	28	3	24
chr9	42048349	42048462	114	9	0	114	55	59	10	1	10	0	1	5	2	3	10	1	7	0	1	1	1	1	2	1	0	5	3	15	0	10	4	0	0	0	2	11	0	5
chr9	42048477	42048887	411	9	0	411	237	174	27	8	18	21	12	13	19	11	18	8	20	10	17	12	9	12	15	13	0	13	13	19	0	20	7	7	0	10	20	13	0	24
chr9	42048986	42049448	463	9	0	463	265	198	26	9	19	22	21	13	15	24	17	9	23	19	12	9	12	15	16	10	0	14	22	13	1	17	9	11	0	16	25	19	1	22
chr9	42049498	42049682	185	9	0	185	94	91	4	6	5	7	5	3	11	9	8	6	5	4	4	4	6	6	5	9	1	4	9	13	1	9	6	1	1	8	7	9	1	6
chr9	42049691	42049989	299	9	0	299	168	131	24	10	12	9	14	16	12	6	11	7	10	8	6	9	10	3	22	5	0	15	11	6	1	12	8	6	0	8	7	14	5	10
chr9	42049993	42050123	131	9	0	131	69	62	9	3	2	4	7	4	10	1	0	4	6	3	2	6	4	2	8	5	0	5	4	5	0	9	5	5	0	2	5	3	0	6
chr9	42050138	42050193	56	9	0	56	36	20	0	1	5	1	2	2	2	3	5	0	2	5	1	1	1	3	2	0	0	2	0	0	0	1	0	0	0	2	7	1	0	5
chr9	42050274	42050425	152	9	0	152	71	81	6	6	4	0	3	5	13	5	7	5	7	5	0	1	3	0	7	2	2	6	10	8	0	6	5	5	0	6	5	9	0	9
chr9	42050460	42050572	113	9	0	113	65	48	8	1	6	4	2	1	4	6	6	4	10	2	3	3	3	1	3	0	0	6	1	3	1	4	4	0	0	4	5	6	1	9
chr9	42050809	42050873	65	9	0	65	35	30	2	1	4	2	3	1	5	3	3	4	1	1	1	2	1	0	2	2	2	1	1	0	0	3	5	0	0	3	4	2	0	4
chr9	42050913	42051150	238	9	0	238	127	111	13	6	10	8	6	11	11	4	9	4	13	7	9	4	6	5	7	8	2	8	16	9	0	11	4	3	0	9	5	16	0	12
chr9	42051151	42051381	231	9	0	231	122	109	9	6	14	4	6	3	16	7	13	2	13	8	4	8	5	3	6	9	0	4	8	5	0	14	9	6	0	11	9	8	0	19
chr9	42051425	42051651	227	9	0	227	157	70	23	7	12	19	9	3	5	9	10	4	7	7	19	5	11	7	10	2	0	6	1	2	0	4	4	1	0	10	11	2	0	15
chr9	42051694	42051911	218	9	0	218	152	66	35	9	10	19	9	3	6	3	11	1	3	2	18	7	5	10	7	3	2	8	7	1	2	5	4	4	0	5	4	7	0	6
chr9	42051925	42052043	119	9	0	119	80	39	14	3	9	8	5	1	2	7	8	3	5	2	7	2	0	3	5	1	1	2	3	1	0	1	1	2	1	2	7	1	0	10
chr9	42052081	42052367	287	9	0	287	184	103	32	8	14	19	10	9	11	10	19	8	4	9	11	1	8	10	12	4	3	6	6	1	1	9	10	3	2	5	12	9	2	17
chr9	42052570	42052636	67	9	0	67	51	16	8	0	2	7	1	1	0	4	4	0	2	4	6	1	2	7	1	0	0	1	2	0	0	2	0	0	0	0	3	4	0	3
chr9	42052672	42052806	135	9	0	135	76	59	12	3	12	5	8	2	6	4	8	3	4	0	4	2	1	1	3	2	0	5	7	4	0	4	8	3	0	7	3	5	0	7
chr9	42052838	42052927	90	9	0	90	46	44	3	4	4	4	3	4	3	3	6	1	3	1	2	0	2	2	3	3	0	3	5	8	0	5	2	2	0	1	3	5	0	3
chr9	42052954	42053215	262	9	0	262	146	116	10	6	12	10	9	6	13	9	6	9	10	6	14	7	6	11	9	12	1	7	11	2	2	15	5	7	4	10	12	9	1	9
chr9	42053272	42053472	201	9	0	201	136	65	15	3	4	22	8	2	7	13	11	3	3	5	10	5	8	16	8	0	0	5	6	3	0	4	5	7	0	4	11	3	0	8
chr9	42053588	42053780	193	9	0	193	109	84	15	7	8	4	10	5	8	9	6	8	8	4	4	4	7	1	4	8	2	10	6	3	1	5	9	2	0	7	13	3	1	9
chr9	42053853	42053978	126	9	0	126	64	62	8	3	5	4	6	5	6	6	5	2	4	4	1	2	0	1	5	5	0	3	8	8	0	4	6	2	3	3	4	5	1	5
chr9	42054087	42054180	94	9	0	94	54	40	2	2	6	5	6	8	4	2	5	1	0	2	2	4	3	1	11	1	1	3	2	2	0	1	5	0	1	4	2	2	0	4
chr9	42054204	42054244	41	9	0	41	28	13	5	1	0	4	0	2	0	5	2	0	2	0	3	1	1	1	2	1	0	1	1	0	0	1	1	0	0	0	3	1	0	1
chr9	42054245	42054267	23	8	0	23	15	8	0	3	2	0	1	0	0	0	2	0	0	1	2	0	3	1	1	0	0	2	0	0	0	1	0	0	0	0	0	1	0	1
chr9	42054315	42054635	321	8	0	321	183	138	19	10	12	11	12	18	17	9	9	7	6	12	12	7	9	12	13	13	4	12	10	5	0	14	13	5	1	13	20	5	3	6
chr9	42054830	42054928	99	8	0	99	54	45	7	1	4	4	2	1	5	3	4	3	4	2	4	1	4	3	3	2	0	1	4	3	0	7	2	2	1	7	3	7	1	2
chr9	42054961	42055047	87	8	0	87	48	39	3	2	5	0	2	6	5	3	3	1	3	5	2	2	0	6	4	2	0	5	3	3	0	3	1	2	0	2	8	1	0	3
chr9	42055309	42055379	71	8	0	71	53	18	8	0	4	9	4	1	0	2	6	0	1	3	3	1	1	9	1	1	0	0	2	2	0	1	0	0	0	0	3	2	0	5
chr9	42055395	42055506	112	8	0	112	77	35	7	3	3	8	1	1	4	10	5	1	4	0	7	8	2	11	4	4	0	5	4	0	0	2	3	1	0	2	5	1	0	4
chr9	42055511	42055642	132	8	0	132	85	47	7	4	5	7	3	4	3	10	5	1	5	3	8	5	5	10	4	1	2	6	1	1	0	2	10	0	0	4	5	3	0	6
chr9	42055657	42056047	391	8	0	391	251	140	36	13	18	23	18	15	12	14	19	2	8	13	17	7	12	22	14	9	0	14	13	7	0	9	14	7	1	10	18	6	1	17
chr9	42056191	42056247	57	8	0	57	38	19	4	5	2	3	3	1	2	2	2	1	1	0	5	2	3	0	5	0	0	4	0	0	0	2	1	1	0	2	2	1	0	1
chr9	42056252	42056327	76	8	0	76	55	21	7	4	3	7	3	1	2	3	3	0	3	1	7	3	1	5	2	2	0	4	0	0	0	2	3	0	0	1	5	0	0	2
chr9	42056328	42056389	62	8	0	62	50	12	1	0	1	13	2	0	1	0	0	3	3	0	12	0	0	13	1	0	1	1	0	0	1	0	1	0	0	1	1	1	0	3
chr9	42056669	42056725	57	8	0	57	41	16	8	0	4	6	3	1	0	4	4	0	1	2	2	1	1	2	2	0	0	1	1	0	0	1	2	0	0	2	3	2	0	2
chr9	42056860	42056930	71	8	0	71	41	30	4	2	2	2	3	2	0	6	1	1	3	1	2	2	1	7	4	3	0	0	4	3	1	1	5	1	1	1	0	2	0	4
chr9	42057052	42057180	129	8	0	129	98	31	19	1	3	15	3	3	3	5	5	0	0	3	12	5	5	14	2	1	0	6	4	2	0	0	4	1	0	3	4	2	0	2
chr9	42057326	42057408	83	8	0	83	45	38	5	1	1	5	1	6	5	0	3	1	2	0	3	5	4	1	4	5	3	2	6	2	0	2	1	1	1	5	1	2	0	3
chr9	42057435	42057484	50	8	0	50	23	27	1	1	1	2	2	2	5	0	1	0	4	2	1	1	0	0	1	1	0	2	2	1	0	4	2	3	0	2	4	1	0	2
chr9	42057498	42057559	62	8	0	62	40	22	7	2	3	5	4	0	1	0	3	1	2	0	3	2	4	1	1	2	0	2	3	0	0	3	1	2	0	1	1	2	0	4
chr9	42057626	42057798	173	8	0	173	123	50	17	7	5	14	10	6	2	12	6	1	4	3	10	9	5	11	12	3	0	8	2	0	0	1	6	0	0	3	10	0	0	4
chr9	42057822	42058282	461	8	0	461	296	165	34	13	12	33	22	12	14	24	20	8	8	18	17	16	14	29	27	9	0	13	23	6	1	11	6	5	1	8	16	21	2	16
chr9	42058290	42058475	186	8	0	186	120	66	12	6	9	10	11	6	3	9	7	2	4	12	7	6	2	13	11	4	1	5	6	3	1	3	4	1	0	1	8	5	4	8
chr9	42058502	42058818	317	8	0	317	211	106	43	11	11	21	18	3	9	13	12	5	7	11	13	4	8	21	13	7	0	4	8	7	1	9	11	3	0	7	11	8	1	15
chr9	42058870	42058926	57	8	0	57	39	18	6	2	1	5	3	3	1	3	2	1	1	2	2	0	2	4	4	1	0	1	1	1	0	1	2	0	0	0	3	0	0	3
chr9	42058944	42059064	121	8	0	121	78	43	9	5	4	9	6	3	5	3	7	2	3	2	6	4	4	4	7	3	0	4	5	2	0	2	2	2	0	2	4	2	0	8
chr9	42059113	42059449	337	8	0	337	228	109	28	7	13	27	13	10	8	15	16	5	6	15	18	14	12	20	18	8	1	8	8	2	0	9	4	0	1	7	16	9	2	15
chr9	42059505	42059758	254	8	0	254	143	111	12	8	5	10	7	12	16	8	7	5	11	7	10	5	6	13	11	6	0	13	11	5	1	10	7	9	1	7	14	7	0	8
chr9	42059801	42060007	207	8	0	207	130	77	18	4	12	13	11	3	7	9	8	5	5	8	10	2	5	9	5	2	0	7	8	3	0	7	7	7	0	4	10	5	0	11
chr9	42060079	42060133	55	8	0	55	31	24	5	3	4	0	4	2	1	1	3	1	3	3	0	0	0	0	2	1	0	3	2	1	0	2	1	1	0	0	3	3	0	4
chr9	42060323	42060473	151	8	0	151	105	46	13	4	2	15	9	2	2	12	5	1	4	10	7	1	5	13	3	2	0	2	4	1	0	2	6	1	0	3	11	3	0	6
chr9	42060524	42060579	56	8	0	56	39	17	10	2	3	4	2	0	1	3	4	0	2	0	3	1	0	3	0	1	0	2	3	1	0	1	1	0	0	1	2	2	0	2
chr9	42060621	42060700	80	8	0	80	53	27	9	0	3	9	2	1	4	1	3	1	1	2	7	3	4	2	0	1	0	3	1	1	0	3	2	3	0	5	5	0	0	2
chr9	42060725	42060888	164	8	0	164	112	52	16	8	5	11	11	1	6	5	7	3	3	4	7	7	4	12	9	5	0	5	6	0	0	5	2	2	0	0	6	4	0	8
chr9	42060889	42060954	66	8	0	66	59	7	16	2	3	5	2	0	0	1	1	1	0	1	6	0	1	19	3	0	0	0	0	0	0	0	0	0	0	0	0	0	0	3
chr9	42060983	42061117	135	8	0	135	96	39	16	10	8	8	9	1	3	1	8	1	2	4	9	2	5	8	8	2	0	4	2	2	0	2	1	0	0	3	3	2	0	9
chr9	42061157	42061310	154	8	0	154	103	51	21	5	6	13	9	2	4	11	9	5	1	2	5	2	2	4	10	3	0	1	6	4	0	2	4	1	0	3	6	4	0	7
chr9	42061381	42061442	62	8	0	62	26	36	0	0	2	3	4	1	3	0	1	0	7	1	0	2	2	0	0	2	0	1	2	4	0	5	3	3	0	6	3	3	0	2
chr9	42061481	42061546	66	8	0	66	41	25	6	2	1	3	2	0	2	5	3	2	3	6	1	1	1	1	3	2	0	0	3	2	0	1	0	0	0	0	3	2	2	7
chr9	42061623	42061734	112	8	0	112	78	34	8	4	5	10	4	2	4	3	6	2	1	5	8	4	3	7	4	2	1	5	3	0	0	3	0	2	0	0	6	2	1	5
chr9	42061765	42061933	169	8	0	169	109	60	16	5	5	10	5	1	10	6	8	8	2	4	8	2	8	10	7	4	0	5	5	1	0	6	5	0	0	5	5	7	0	9
chr9	42061936	42062010	75	8	0	75	48	27	3	1	2	5	3	3	3	3	3	0	1	4	3	2	1	10	4	1	0	1	2	3	0	3	3	1	0	0	3	2	0	3
chr9	42062050	42062156	107	8	0	107	52	55	8	2	3	2	6	7	7	0	2	3	9	2	0	0	0	0	1	4	1	5	6	2	1	4	7	3	0	4	6	4	0	6
chr9	42062248	42062371	124	8	0	124	56	68	3	2	4	2	4	6	8	4	1	5	6	3	3	3	1	1	4	6	0	5	7	6	1	7	3	6	2	5	8	3	1	2
chr9	42062516	42062628	113	8	0	113	74	39	7	3	3	10	3	5	6	3	2	3	1	2	12	4	3	5	8	4	0	3	4	2	0	3	2	1	0	3	3	2	0	4
chr9	42062687	42062738	52	8	0	52	34	18	7	3	6	1	2	0	0	1	8	0	1	0	1	0	3	0	2	0	0	1	0	0	0	3	0	0	0	2	1	4	0	4
chr9	42062800	42062862	63	8	0	63	41	22	6	2	2	1	2	1	4	1	1	1	1	2	3	4	2	6	4	3	0	1	2	0	0	3	1	1	0	2	1	1	0	3
chr9	42062949	42063148	200	8	0	200	151	49	35	12	14	11	9	5	3	3	3	2	1	1	25	12	5	8	9	4	0	18	3	1	0	1	3	0	0	3	6	0	0	1
chr9	42063188	42063360	173	8	0	173	110	63	21	7	16	3	9	8	6	3	13	5	6	0	4	4	2	2	15	1	0	8	1	0	0	4	5	0	0	5	5	4	0	14
chr9	42063382	42063619	238	8	0	238	151	87	20	3	15	16	13	4	10	9	12	8	3	8	9	6	4	11	12	4	0	4	5	5	0	8	8	2	0	6	11	6	0	14
chr9	42063669	42063725	57	8	0	57	30	27	4	2	5	0	2	0	2	0	5	0	7	0	0	1	1	0	2	0	0	1	0	2	0	5	2	0	0	2	0	5	0	7
chr9	42063792	42063874	83	8	0	83	36	47	2	2	2	1	4	2	3	2	0	2	9	0	1	1	1	3	1	3	0	3	4	3	1	5	2	4	3	6	5	3	2	1
chr9	42063915	42064120	206	8	0	206	140	66	23	6	15	15	10	2	7	8	17	4	6	2	8	4	3	9	8	0	0	8	3	1	0	4	6	1	0	5	10	6	0	13
chr9	42064155	42064222	68	8	0	68	58	10	14	0	2	13	3	0	0	3	4	1	1	1	8	2	1	3	1	0	0	2	0	0	0	0	0	0	0	0	5	0	0	2
chr9	42064322	42064447	126	8	0	126	72	54	9	5	5	3	4	3	4	7	4	4	8	1	5	2	2	5	6	4	0	4	3	5	0	7	3	2	0	1	6	5	0	7
chr9	42064617	42064683	67	8	0	67	41	26	1	3	2	2	4	1	1	4	1	2	2	3	2	2	5	5	3	0	0	4	4	0	0	1	1	2	0	1	2	3	0	4
chr9	42064820	42065175	356	8	0	356	231	125	31	11	14	21	17	13	10	17	17	4	6	12	12	13	11	20	16	11	0	14	19	4	0	4	8	3	0	7	14	9	0	16
chr9	42065252	42065462	211	8	0	211	143	68	29	12	13	11	17	2	4	6	9	2	4	2	10	5	5	11	11	2	2	6	2	3	0	5	11	2	0	6	5	3	0	9
chr9	42065495	42065781	287	8	0	287	183	104	19	10	16	16	13	5	7	13	14	6	3	9	14	6	12	18	10	8	1	8	10	4	1	10	8	4	0	8	11	9	0	12
chr9	42065818	42065953	136	8	0	136	91	45	19	7	7	8	9	1	6	1	5	1	2	2	7	7	3	5	5	6	0	5	6	1	0	3	2	2	0	4	4	1	0	5
chr9	42066009	42066148	140	8	0	140	95	45	10	3	6	15	6	2	4	9	9	2	2	6	10	4	2	4	6	2	1	2	3	1	0	3	5	2	0	1	7	2	1	8
chr9	42066232	42066406	175	8	0	175	124	51	26	3	9	14	4	1	6	5	8	0	3	3	16	9	3	12	5	3	0	5	4	4	0	6	4	3	0	3	3	4	0	7
chr9	42066474	42066574	101	8	0	101	43	58	0	2	2	2	2	4	6	2	3	1	9	4	1	2	2	0	2	3	0	4	3	3	4	5	3	6	2	5	6	4	2	5
chr9	42066585	42066648	64	8	0	64	37	27	9	2	0	3	2	0	4	3	1	1	2	1	2	2	3	1	2	2	0	1	5	2	0	1	1	4	0	3	1	0	0	4
chr9	42066738	42066939	202	8	0	202	141	61	27	5	11	18	8	2	2	3	12	2	6	5	14	4	8	14	4	3	0	5	2	3	0	12	2	4	0	0	7	7	0	10
chr9	42067386	42067578	193	8	0	193	133	60	21	6	14	11	7	4	5	5	7	1	8	5	17	1	4	16	5	1	0	6	3	1	0	2	7	1	2	10	6	3	0	12
chr9	42067680	42067743	64	8	0	64	46	18	14	2	1	6	2	1	3	2	2	0	0	2	4	3	1	2	3	0	0	3	2	0	0	1	1	2	0	1	2	2	0	0
chr9	42067852	42068031	180	8	0	180	126	54	17	8	7	10	5	7	4	4	10	0	5	7	10	4	11	15	7	2	0	12	2	2	0	3	1	1	0	2	10	2	0	10
chr9	42068044	42069088	1045	8	0	1045	651	394	79	40	47	57	37	34	49	28	43	19	30	33	64	23	25	42	47	24	2	43	33	27	1	28	18	17	1	27	50	21	0	54
chr9	42069155	42069704	550	8	0	550	353	197	40	17	20	42	29	22	15	23	19	6	13	17	29	14	17	28	27	14	0	18	22	8	0	13	15	10	0	15	25	11	0	19
chr9	42069726	42069830	105	8	0	105	78	27	8	0	2	4	2	5	2	8	1	0	1	7	4	6	2	24	11	0	0	0	1	0	0	2	3	0	0	1	2	3	0	4
chr9	42069919	42070370	452	8	0	452	259	193	31	17	31	14	19	16	19	15	26	5	13	6	17	12	12	5	29	6	2	13	16	7	0	19	14	14	1	20	10	15	3	23
chr9	42070387	42070514	128	8	0	128	52	76	2	2	1	0	1	9	16	0	2	8	4	2	0	0	2	2	7	7	2	3	7	4	1	7	8	4	2	8	5	4	1	5
chr9	42070578	42070726	149	8	0	149	72	77	2	4	1	1	1	8	19	5	3	7	9	2	2	3	2	1	12	3	0	8	5	1	1	4	10	4	0	8	6	3	1	11
chr9	42070768	42070897	130	8	0	130	72	58	9	4	2	6	5	6	5	6	3	4	3	3	5	2	4	3	8	0	2	6	7	5	2	3	4	5	0	3	3	7	0	3
chr9	42070930	42071097	168	8	0	168	118	50	23	7	8	13	10	3	5	4	11	3	4	4	7	2	4	9	7	2	0	6	3	0	1	1	4	0	0	2	8	3	0	12
chr9	42071151	42071229	79	8	0	79	32	47	3	2	3	0	1	6	5	1	3	2	3	0	1	0	0	1	6	3	0	2	6	8	1	5	1	3	1	3	0	6	0	1
chr9	42071258	42071320	63	8	0	63	41	22	2	2	3	5	1	1	1	1	5	0	1	3	5	1	5	3	1	3	0	0	1	3	0	3	2	0	0	0	1	1	0	7
chr9	42071386	42071864	479	8	0	479	293	186	28	13	24	26	25	14	19	23	19	13	11	15	20	7	9	26	21	9	3	14	22	4	1	8	17	10	1	18	21	12	1	23
chr9	42071961	42072018	58	8	0	58	31	27	4	2	2	2	2	2	2	2	4	3	3	1	0	0	1	1	1	1	0	3	2	2	1	2	1	0	0	1	4	4	1	2
chr9	42072107	42072308	202	8	0	202	134	68	15	5	7	18	3	3	8	11	14	4	5	8	13	1	7	11	6	4	0	3	8	2	0	4	3	3	0	3	9	5	0	17
chr9	42072384	42072572	189	8	0	189	127	62	18	8	10	10	7	5	8	7	10	4	7	5	12	5	1	8	13	3	0	6	1	2	0	6	1	0	0	3	12	4	0	11
chr9	42072657	42072973	317	8	0	317	217	100	16	6	11	25	14	10	8	17	12	6	5	15	17	12	12	29	16	6	1	11	6	2	0	4	5	2	1	8	22	2	0	14
chr9	42072994	42073579	586	8	0	586	391	195	58	14	23	48	14	6	24	24	15	10	14	19	56	14	15	37	19	13	2	10	15	11	0	21	21	7	0	16	12	16	2	28
chr9	42073634	42073846	213	8	0	213	144	69	14	6	8	15	7	3	4	12	11	4	6	5	12	8	12	16	9	2	0	9	4	3	0	5	3	1	0	6	10	6	0	10
chr9	42073915	42074002	88	8	0	88	62	26	7	1	3	10	6	3	0	1	2	3	0	2	6	3	6	7	5	2	0	3	1	1	0	3	2	1	0	1	4	1	0	2
chr9	42074011	42074159	149	8	0	149	98	51	8	2	4	9	5	7	4	12	1	1	1	10	9	7	2	15	10	1	0	5	5	3	0	3	8	1	0	1	5	6	0	2
chr9	42074184	42074331	148	8	0	148	97	51	17	5	5	9	7	2	7	5	6	2	8	4	4	4	2	8	7	1	0	5	4	2	0	2	3	2	0	5	7	3	0	10
chr9	42074458	42074733	276	8	0	276	167	109	22	12	10	11	10	8	9	15	13	5	10	7	10	4	9	11	10	9	1	9	10	6	1	8	7	3	0	8	14	7	2	13
chr9	42074789	42074977	189	8	0	189	106	83	13	10	5	5	5	5	9	8	9	3	6	6	6	3	10	1	9	2	2	8	7	2	0	13	4	7	0	5	9	11	0	4
chr9	42075030	42075313	284	8	0	284	152	132	6	7	9	11	9	11	14	13	7	10	11	8	11	7	7	9	19	11	0	6	11	9	2	20	8	4	0	6	9	18	0	9
chr9	42075341	42075577	237	8	0	237	131	106	13	7	15	6	7	11	10	7	10	3	10	7	11	7	5	1	9	5	3	11	4	4	2	11	8	5	4	9	13	7	1	9
chr9	42075655	42076139	485	8	0	485	312	173	41	12	14	35	16	10	24	13	13	9	23	16	32	13	9	32	20	5	1	17	8	7	4	12	18	9	1	8	17	9	2	33
chr9	42076180	42076235	56	8	0	56	24	32	2	1	1	1	2	2	3	3	1	2	4	2	0	0	0	0	0	4	0	1	6	1	0	4	0	4	0	1	3	2	2	2
chr9	42076428	42076630	203	8	0	203	147	56	38	5	8	17	9	7	9	4	12	4	3	6	8	5	3	7	13	1	0	7	2	0	0	2	2	1	0	3	12	2	0	11
chr9	42076670	42076732	63	8	0	63	53	10	11	1	1	8	1	2	0	2	2	0	0	1	8	2	1	11	2	1	0	2	2	0	0	0	0	0	0	0	1	1	0	1
chr9	42076738	42077045	308	8	0	308	184	124	22	7	13	20	14	8	13	10	16	6	10	6	10	8	8	12	8	12	0	9	14	5	1	9	10	3	2	11	13	8	3	15
chr9	42077112	42077255	144	8	0	144	105	39	13	5	1	15	2	3	3	8	7	2	0	6	11	3	11	13	8	2	0	3	1	3	0	2	0	0	0	4	7	1	2	6
chr9	42077278	42077388	111	8	0	111	64	47	9	6	4	5	8	4	5	4	4	2	1	1	3	0	5	2	5	1	0	6	4	2	0	4	9	5	0	2	3	2	0	3
chr9	42077449	42077563	115	8	0	115	73	42	7	3	7	6	5	6	1	6	3	2	6	2	7	3	2	6	6	1	0	6	3	1	0	3	5	1	0	2	4	4	0	5
chr9	42077584	42077744	161	8	0	161	84	77	9	5	5	3	5	6	10	3	3	2	12	2	4	8	2	4	3	8	1	9	9	5	0	8	9	2	0	3	3	7	1	8
chr9	42077902	42077992	91	8	0	91	62	29	10	2	3	7	1	3	1	1	5	3	4	1	7	0	8	5	3	1	0	3	1	2	0	1	1	0	0	3	1	1	2	9
chr9	42078005	42078061	57	8	0	57	30	27	2	1	3	2	0	3	5	0	3	1	3	0	3	1	0	2	1	2	0	3	2	1	0	4	2	2	0	2	3	2	0	2
chr9	42078069	42078274	206	8	0	206	150	56	15	7	10	16	4	5	3	9	8	6	3	2	20	8	9	23	10	1	1	14	2	2	0	4	0	0	0	2	9	5	1	5
chr9	42078278	42078486	209	8	0	209	153	56	18	5	9	15	6	6	5	5	10	3	2	7	13	8	8	31	10	3	1	8	2	1	0	5	2	1	0	1	8	3	1	10
chr9	42078622	42078686	65	8	0	65	40	25	4	3	3	3	2	2	4	1	3	2	2	1	4	0	3	1	5	1	0	1	2	0	0	2	1	0	0	5	1	3	0	4
chr9	42078739	42079046	308	8	0	308	190	118	19	10	15	20	9	8	11	11	16	3	14	6	20	10	7	9	11	4	2	14	8	6	0	14	9	6	0	5	11	12	2	14
chr9	42079248	42079437	190	8	0	190	94	96	8	8	7	4	9	4	10	2	5	4	10	4	5	4	8	1	2	11	0	7	12	9	1	12	7	6	0	5	3	8	1	11
chr9	42079533	42079668	136	8	0	136	63	73	3	4	2	3	7	6	10	1	2	2	12	4	1	4	1	0	3	5	0	7	8	3	2	6	7	5	1	5	6	6	1	7
chr9	42079859	42079975	117	8	0	117	70	47	6	6	4	6	5	1	5	6	7	0	4	5	3	3	3	5	6	2	0	2	5	4	0	3	1	2	0	5	5	5	0	6
chr9	42079990	42080142	153	8	0	153	87	66	10	6	8	5	4	8	4	7	10	1	8	1	4	4	3	3	8	6	1	4	5	4	1	8	3	1	0	4	7	6	0	7
chr9	42080179	42080383	205	8	0	205	128	77	14	8	8	12	8	5	8	14	10	2	4	7	10	8	5	5	9	4	0	10	6	2	1	5	7	4	0	4	13	4	1	5
chr9	42080416	42080590	175	8	0	175	97	78	11	5	8	6	4	13	11	3	5	2	3	3	11	3	4	4	10	6	2	5	8	3	0	6	9	4	2	9	4	4	0	5
chr9	42080728	42081269	542	8	0	542	346	196	43	23	25	30	21	16	18	23	24	15	16	9	33	11	12	26	34	7	2	22	10	16	0	17	9	3	0	10	25	16	2	22
chr9	42081352	42081438	87	8	0	87	61	26	16	5	7	5	4	2	1	1	5	0	1	1	8	1	0	3	2	1	1	5	3	1	1	2	1	1	0	0	2	4	0	1
chr9	42081456	42081623	168	8	0	168	122	46	22	2	6	15	3	3	5	8	8	2	2	8	12	4	3	17	5	3	1	2	3	1	0	1	4	0	0	6	8	1	3	8
chr9	42081642	42081694	53	8	0	53	38	15	4	1	2	4	3	2	0	4	2	2	0	2	2	2	1	5	3	1	0	3	2	0	0	0	0	0	0	0	5	1	0	0
chr9	42081911	42081978	68	8	0	68	45	23	4	1	1	5	2	1	3	7	1	1	1	5	4	5	0	3	5	1	0	2	0	2	0	2	2	0	0	0	6	1	0	1
chr9	42082030	42082087	58	8	0	58	37	21	6	2	3	3	4	2	1	1	1	0	1	0	4	2	2	4	3	0	0	3	2	2	0	2	1	3	0	2	2	0	0	0
chr9	42082136	42082191	56	8	0	56	39	17	5	2	2	4	3	3	1	1	2	1	1	4	3	0	1	5	4	0	0	2	2	1	0	0	0	0	0	0	2	2	0	3
chr9	42082196	42082251	56	8	0	56	43	13	9	1	1	9	2	1	1	3	4	0	1	1	5	1	1	1	2	1	0	0	0	0	0	2	2	0	0	0	3	1	0	2
chr9	42082284	42082429	146	8	0	146	86	60	10	2	6	6	1	7	7	4	4	3	8	2	9	4	5	8	7	1	0	7	4	3	0	7	1	3	0	8	7	7	0	3
chr9	42082451	42082525	75	8	0	75	54	21	11	2	1	7	0	1	3	2	3	0	1	4	6	4	5	3	3	2	0	1	0	1	0	3	0	1	0	1	3	0	0	5
chr9	42082559	42082844	286	8	0	286	202	84	36	10	10	22	10	4	11	11	15	3	6	6	17	10	10	19	17	3	0	7	2	3	0	6	8	1	0	7	9	4	0	17
chr9	42082870	42083012	143	8	0	143	97	46	15	5	6	8	7	5	1	8	3	1	3	5	9	2	6	13	8	1	0	4	4	0	0	4	4	4	0	3	4	3	0	5
chr9	42083054	42083103	50	8	0	50	41	9	11	0	3	7	1	1	1	0	2	0	0	1	5	2	1	4	0	1	0	2	0	0	0	1	2	0	0	0	1	0	0	2
chr9	42083194	42083793	600	8	0	600	403	197	50	24	30	43	27	10	16	25	40	6	11	20	30	16	20	34	19	9	2	26	14	8	1	12	11	4	0	13	34	14	3	26
chr9	42083856	42084004	149	8	0	149	79	70	8	7	6	3	4	8	10	2	8	2	5	3	4	2	3	3	4	6	0	8	8	7	0	6	6	2	0	4	6	6	0	6
chr9	42084222	42084330	109	8	0	109	69	40	6	1	6	6	7	6	2	5	3	1	4	7	4	1	2	6	3	2	0	4	3	1	0	2	5	3	0	2	9	0	0	6
chr9	42084384	42084594	211	8	0	211	133	78	14	5	6	17	10	13	5	9	10	4	7	9	8	3	4	9	13	1	4	7	4	4	0	4	5	1	1	2	15	6	1	8
chr9	42084605	42084685	81	8	0	81	64	17	14	3	2	8	1	0	1	4	2	0	1	2	9	3	4	8	3	1	0	3	1	0	0	2	1	0	0	1	1	2	0	2
chr9	42084732	42084812	81	8	0	81	58	23	8	4	2	7	4	1	1	5	1	2	2	2	8	1	3	6	6	0	0	2	0	0	0	3	3	0	0	1	2	3	0	2
chr9	42084873	42084974	102	8	0	102	68	34	17	3	2	9	5	4	3	4	6	3	0	2	3	0	3	3	4	3	0	2	5	1	0	3	3	1	0	0	4	4	0	3
chr9	42085189	42085282	94	8	0	94	62	32	6	4	3	4	3	3	3	4	4	0	2	4	4	9	3	4	7	4	1	5	3	0	0	2	0	0	0	0	3	1	1	5
chr9	42085291	42085343	53	8	0	53	29	24	2	3	2	1	3	3	0	1	2	2	1	1	2	2	1	1	3	3	3	1	2	4	1	1	0	0	0	0	2	1	0	3
chr9	42085360	42085472	113	8	0	113	70	43	5	4	2	8	5	1	3	3	5	2	5	3	4	5	7	6	6	5	0	2	3	2	0	8	1	0	0	1	3	6	0	6
chr9	42085509	42085706	198	8	0	198	118	80	9	6	12	8	7	5	10	10	12	4	7	4	7	6	1	10	9	4	0	8	5	1	2	8	6	3	0	5	11	7	0	9
chr9	42085707	42085766	60	8	0	60	42	18	13	2	4	2	2	2	2	1	6	1	0	2	1	0	1	1	3	0	0	2	1	0	0	3	0	0	0	0	3	4	0	2
chr9	42085785	42085848	64	8	0	64	38	26	2	1	3	6	1	1	0	4	3	1	4	2	6	2	2	0	1	1	1	2	2	1	1	2	2	1	1	0	1	3	1	4
chr9	42085885	42086135	251	8	0	251	157	94	20	7	7	17	7	8	11	17	12	5	5	7	12	6	5	11	11	4	0	9	13	1	0	5	5	7	1	7	14	7	1	7
chr9	42086136	42086151	16	7	0	16	8	8	1	1	1	0	2	1	1	0	0	0	0	0	0	0	0	0	1	0	0	0	1	0	0	0	2	1	0	1	0	0	0	1
chr9	42086178	42086240	63	7	0	63	35	28	2	3	2	2	3	1	2	2	2	1	3	3	2	2	1	3	2	2	1	2	2	6	0	2	0	0	0	0	4	1	1	4
chr9	42086242	42086379	138	7	0	138	76	62	1	5	1	7	5	5	4	9	4	2	6	7	3	2	6	7	6	4	0	4	7	9	1	3	1	2	1	4	9	5	0	6
chr9	42086380	42086560	181	7	0	181	119	62	33	4	3	11	8	2	7	6	3	1	8	3	7	6	0	15	7	3	0	3	4	2	1	7	8	5	3	4	4	4	2	5
chr9	42086690	42086744	55	7	0	55	20	35	1	1	0	1	1	5	4	1	0	0	4	0	1	1	0	0	3	2	0	2	4	2	1	3	2	6	2	2	2	0	1	1
chr9	42086802	42087112	311	7	0	311	218	93	30	8	14	28	12	10	5	12	15	5	4	7	24	10	12	20	15	6	1	11	10	1	0	6	6	2	0	4	8	8	1	14
chr9	42087175	42087239	65	7	0	65	47	18	6	1	4	5	1	2	0	1	4	1	1	4	5	0	6	4	1	1	0	2	2	0	0	1	0	0	0	0	1	2	0	8
chr9	42087261	42087342	82	7	0	82	47	35	6	2	5	0	4	2	3	4	0	4	3	0	4	3	4	1	6	1	0	4	3	1	0	3	4	2	0	4	0	3	0	4
chr9	42087470	42087702	233	7	0	233	143	90	9	8	4	15	10	7	8	13	7	2	11	4	10	5	7	22	12	2	2	6	5	6	0	7	11	8	0	7	10	2	0	11
chr9	42087771	42088213	443	7	0	443	285	158	42	16	19	25	22	13	12	20	20	4	8	15	19	15	12	22	25	7	1	15	17	9	0	10	7	5	2	12	17	15	1	14
chr9	42088253	42088381	129	7	0	129	96	33	20	2	4	16	6	3	3	5	2	2	2	2	14	3	0	10	4	3	0	3	5	1	0	1	4	3	0	1	4	0	0	4
chr9	42088385	42088450	66	7	0	66	47	19	4	4	2	5	4	1	0	5	4	1	1	2	4	0	2	6	5	0	0	1	1	0	0	2	1	1	0	0	3	2	0	3
chr9	42088567	42088677	111	7	0	111	73	38	8	5	1	8	8	2	4	8	4	2	1	4	2	3	5	8	10	0	0	2	1	0	0	2	3	2	0	5	8	0	1	2
chr9	42088718	42088888	171	7	0	171	115	56	16	6	7	11	7	5	5	5	7	2	1	3	12	5	10	11	11	3	0	4	2	1	0	8	6	4	0	4	3	3	0	7
chr9	42088906	42089538	633	7	0	633	385	248	59	12	26	47	21	17	18	19	31	4	16	21	33	16	14	31	19	17	1	12	25	35	2	27	13	11	3	9	18	26	2	26
chr9	42089565	42089737	173	7	0	173	116	57	14	1	7	16	5	6	6	7	10	2	4	7	9	3	5	13	6	1	0	5	4	2	0	5	3	3	0	4	11	5	0	7
chr9	42089827	42090696	870	7	0	870	594	276	77	23	37	61	37	13	22	41	41	17	16	16	43	29	26	94	27	8	10	38	19	9	2	13	25	10	4	21	42	16	2	29
chr9	42090784	42090840	57	7	0	57	39	18	0	1	0	2	1	5	3	1	2	1	1	0	0	3	0	17	5	1	1	3	0	0	1	1	2	0	0	0	3	1	0	0
chr9	42090841	42090974	134	7	0	134	91	43	9	2	4	8	3	15	4	4	5	2	3	1	6	4	2	17	17	1	0	6	3	0	0	1	1	1	0	2	5	2	0	4
chr9	42091071	42091279	209	7	0	209	153	56	22	7	9	19	9	4	2	14	14	1	7	6	12	6	3	16	11	1	0	6	4	0	0	2	4	0	0	0	10	5	0	13
chr9	42091364	42091603	240	7	0	240	123	117	13	5	12	7	7	7	14	6	13	8	9	5	4	4	4	4	13	5	2	4	9	10	2	16	6	9	0	5	6	13	1	15
chr9	42091660	42091717	58	7	0	58	45	13	11	3	1	7	4	0	1	0	1	0	0	2	7	1	4	1	1	0	0	3	1	0	0	1	2	1	0	1	1	1	0	1
chr9	42091785	42091843	59	7	0	59	40	19	5	1	3	6	1	1	1	4	5	0	0	0	4	1	3	4	1	0	0	2	2	1	0	1	2	1	0	3	2	2	0	1
chr9	42091884	42092192	309	7	0	309	222	87	47	8	11	21	6	5	9	16	8	5	3	7	26	16	9	23	16	8	0	10	9	6	0	3	3	1	0	8	9	3	0	11
chr9	42092193	42092316	124	7	0	124	83	41	12	4	1	8	6	1	4	10	4	3	2	12	3	2	3	6	5	2	1	2	3	2	1	2	0	0	0	2	13	4	0	4
chr9	42092317	42092424	108	7	0	108	78	30	12	3	1	7	3	7	0	7	3	0	0	3	5	5	3	17	11	2	2	0	3	1	0	3	1	1	0	0	2	3	0	1
chr9	42092436	42092488	53	7	0	53	36	17	4	1	2	4	2	2	2	1	4	1	3	0	2	1	1	4	1	1	0	3	1	0	0	1	0	0	0	2	5	1	0	2
chr9	42092524	42092631	108	7	0	108	78	30	18	1	4	10	3	1	3	5	3	1	1	2	9	4	2	11	1	3	0	3	4	0	0	3	4	2	0	2	2	2	0	2
chr9	42092632	42092739	108	7	0	108	72	36	9	3	3	11	4	3	4	6	5	3	5	1	9	0	1	4	5	1	0	3	2	0	0	2	5	3	0	0	4	0	2	8
chr9	42092774	42093083	310	7	0	310	187	123	17	14	10	19	10	8	12	16	10	6	7	4	23	10	9	10	16	7	2	13	11	7	5	5	8	8	3	11	12	6	0	9
chr9	42093302	42093354	53	7	0	53	24	29	4	1	0	0	2	4	4	1	0	2	4	1	0	0	0	0	1	3	0	2	4	2	0	3	2	2	0	2	4	2	0	1
chr9	42093381	42093475	95	7	0	95	69	26	10	0	2	10	2	2	4	3	1	0	1	5	9	6	6	7	2	1	0	5	2	0	0	0	3	0	0	5	4	1	0	2
chr9	42093481	42093538	58	7	0	58	42	16	6	3	2	5	1	1	2	4	4	0	0	0	5	5	1	3	3	1	0	4	1	0	0	0	1	0	0	1	3	0	0	0
chr9	42093673	42093863	191	7	0	191	117	74	14	8	9	9	10	4	4	6	10	4	5	1	6	9	11	6	10	3	4	9	5	2	2	6	3	4	0	5	5	6	0	9
chr9	42093890	42094113	224	7	0	224	149	75	16	9	10	15	6	6	5	7	6	2	5	10	22	8	10	12	9	4	0	10	4	5	0	10	1	1	0	6	10	9	0	4
chr9	42094188	42094283	96	7	0	96	59	37	11	0	4	5	1	1	5	4	1	2	2	4	7	1	7	3	1	1	0	2	3	1	0	3	6	4	0	6	2	1	0	6
chr9	42094418	42094657	240	7	0	240	118	122	8	7	6	5	9	11	16	7	4	6	13	7	5	5	3	5	13	8	1	7	13	8	2	10	5	8	1	15	13	9	2	6
chr9	42094763	42094884	122	7	0	122	80	42	19	4	7	4	3	1	5	7	7	4	4	2	6	4	1	1	8	3	0	2	5	1	0	1	2	0	0	2	1	4	0	12
chr9	42094926	42095043	118	7	0	118	76	42	8	2	1	8	3	5	4	9	3	1	3	8	5	4	3	8	6	3	0	3	1	0	1	3	5	1	1	3	9	1	2	2
chr9	42095084	42095180	97	7	0	97	58	39	5	4	2	5	4	3	3	3	5	1	1	3	2	4	6	6	5	4	0	3	3	5	0	4	3	0	0	1	2	4	0	4
chr9	42095223	42095369	147	7	0	147	88	59	7	6	4	5	2	9	7	9	4	5	6	3	10	2	1	7	11	4	1	6	5	2	1	4	4	1	0	1	7	5	0	6
chr9	42095416	42095680	265	7	0	265	170	95	27	8	11	17	10	4	11	14	14	5	9	8	11	6	6	7	9	4	1	9	6	3	1	6	8	3	0	9	17	6	0	13
chr9	42095712	42096102	391	7	0	391	173	218	10	10	18	5	13	12	28	5	11	17	19	5	9	6	2	3	11	17	4	12	21	23	5	26	14	14	3	14	12	21	4	15
chr9	42096202	42096455	254	7	0	254	134	120	15	3	15	7	6	9	15	5	12	6	14	6	7	2	7	4	1	7	1	11	7	7	2	11	14	6	1	13	13	7	2	16
chr9	42096502	42096660	159	7	0	159	92	67	11	3	7	9	5	6	7	6	7	7	6	3	6	2	2	4	8	2	2	6	4	3	1	6	3	4	1	4	9	5	2	6
chr9	42096707	42096908	202	7	0	202	125	77	20	6	10	11	8	3	7	8	12	4	5	6	7	7	8	2	6	2	2	10	6	3	1	7	2	4	1	5	12	8	0	7
chr9	42096920	42097040	121	7	0	121	61	60	14	5	2	2	6	4	7	1	1	2	6	4	3	1	1	1	3	5	1	2	8	5	1	7	2	6	2	4	5	5	0	3
chr9	42097129	42097200	72	7	0	72	51	21	6	3	1	9	2	2	1	4	6	0	0	2	5	0	2	7	2	2	0	1	4	2	0	0	0	0	0	0	3	3	0	3
chr9	42097221	42097317	97	7	0	97	54	43	7	4	1	5	3	3	4	10	6	2	2	3	1	0	1	2	4	0	1	4	6	3	0	2	6	2	1	1	4	6	0	1
chr9	42097353	42097405	53	7	0	53	32	21	6	1	4	2	0	1	2	1	1	0	1	1	5	1	0	4	0	2	1	0	2	4	0	1	3	1	1	3	0	0	0	3
chr9	42097444	42097517	74	7	0	74	53	21	9	3	2	6	5	2	2	2	3	1	2	3	3	3	2	4	4	2	0	3	1	0	0	1	0	0	0	0	5	0	0	4
chr9	42097595	42098030	436	7	0	436	286	150	32	10	21	36	18	10	11	23	22	8	12	13	27	8	13	20	13	4	2	17	13	8	0	8	12	5	0	13	24	12	0	19
chr9	42098069	42098253	185	7	0	185	125	60	16	6	10	9	7	7	6	9	8	4	6	3	9	8	3	12	13	2	0	10	4	0	0	2	4	0	0	4	8	4	0	9
chr9	42098649	42098774	126	7	0	126	83	43	13	7	2	8	5	4	7	7	8	1	1	2	4	5	1	6	7	5	0	6	6	1	0	2	3	1	0	0	7	2	0	3
chr9	42098811	42098953	143	7	0	143	72	71	4	1	8	3	2	9	11	3	6	0	4	4	4	3	3	6	9	2	0	2	7	4	0	7	8	7	0	10	2	5	0	7
chr9	42099033	42099116	84	7	0	84	57	27	14	2	6	4	2	1	4	1	6	0	4	2	4	3	1	2	2	1	0	3	1	0	0	3	1	1	0	2	4	2	0	6
chr9	42099209	42099378	170	7	0	170	103	67	12	6	5	9	8	4	6	14	8	4	3	6	4	2	4	7	8	3	0	5	7	3	0	6	8	5	0	1	9	5	0	6
chr9	42099383	42099691	309	7	0	309	195	114	23	12	19	16	12	8	10	14	19	5	7	9	17	7	5	11	15	5	1	10	7	6	2	7	7	4	1	8	15	7	2	16
chr9	42099724	42099802	79	7	0	79	49	30	7	4	4	4	5	3	2	3	2	3	2	0	5	0	2	1	6	2	1	2	2	0	0	2	4	1	0	3	2	1	1	3
chr9	42099874	42100074	201	7	0	201	128	73	11	3	8	9	3	7	8	11	7	8	5	9	10	3	8	17	10	5	0	6	6	4	0	4	2	1	0	5	11	4	0	14
chr9	42100173	42100240	68	7	0	68	42	26	4	2	5	5	1	2	1	1	4	0	5	1	7	0	0	3	1	2	0	1	2	2	0	5	1	1	0	0	2	4	0	4
chr9	42100368	42100465	98	7	0	98	54	44	1	4	4	3	6	4	2	8	2	2	4	2	3	2	2	3	6	3	0	4	5	4	0	2	4	2	0	4	5	2	0	3
chr9	42100466	42100616	151	7	0	151	101	50	17	8	10	9	5	2	5	4	11	1	3	2	10	1	6	5	3	2	0	7	5	1	0	4	6	3	0	1	2	4	0	12
chr9	42100691	42100844	154	7	0	154	107	47	21	3	8	17	7	1	4	3	11	2	6	2	9	3	2	6	2	4	0	3	2	2	0	8	1	1	0	2	10	5	0	7
chr9	42100874	42101131	258	7	0	258	173	85	24	12	8	19	10	5	12	13	12	5	3	5	18	4	5	17	14	3	1	7	6	2	1	5	10	4	0	6	10	5	0	10
chr9	42101160	42101399	240	7	0	240	167	73	21	7	10	21	11	6	6	11	7	6	3	5	20	6	6	19	16	4	0	5	5	0	0	8	5	4	0	5	9	5	0	7
chr9	42101514	42101797	284	7	0	284	193	91	30	9	17	22	11	7	9	11	16	6	4	4	21	7	6	12	15	6	0	8	4	2	1	8	6	5	0	5	13	1	1	15
chr9	42101888	42101938	51	7	0	51	27	24	6	0	0	3	1	4	3	0	0	0	1	0	2	2	3	1	2	3	0	2	3	1	1	2	3	3	1	1	0	0	0	1
chr9	42101989	42102056	68	7	0	68	28	40	0	1	2	1	4	5	5	1	0	1	6	2	0	0	0	0	2	1	0	4	4	0	1	1	8	3	0	5	1	3	2	3
chr9	42102057	42102535	479	7	0	479	324	155	42	17	25	37	20	9	6	24	18	7	10	9	41	12	13	32	14	9	1	21	17	11	1	11	11	7	0	8	17	13	0	14
chr9	42102575	42102769	195	7	0	195	122	73	14	8	7	12	4	5	12	6	8	5	6	6	14	2	5	6	10	2	0	8	5	5	0	6	4	4	0	4	8	5	0	12
chr9	42102798	42102850	53	7	0	53	32	21	3	1	1	5	4	1	1	1	2	0	3	2	1	2	1	2	0	1	0	3	4	1	0	2	0	1	0	1	4	4	0	0
chr9	42102916	42103007	92	7	0	92	68	24	13	5	5	6	3	1	1	5	3	0	0	4	10	1	4	5	2	0	1	4	0	0	0	1	3	1	0	4	5	0	1	2
chr9	42103050	42103222	173	7	0	173	105	68	10	3	9	8	7	4	7	8	5	3	6	9	8	6	5	7	6	2	0	7	4	4	0	5	5	4	0	7	11	3	0	8
chr9	42103298	42103418	121	7	0	121	78	43	9	7	1	9	8	3	4	11	5	1	2	0	4	2	2	8	9	2	0	2	5	1	0	2	9	3	0	2	3	2	0	3
chr9	42103423	42103488	66	7	0	66	36	30	13	1	2	1	0	2	3	0	1	0	2	2	2	1	2	3	1	1	1	1	1	1	1	6	0	5	4	2	3	2	0	0
chr9	42103498	42103552	55	7	0	55	25	30	1	2	1	0	1	3	2	2	1	1	3	4	1	0	1	0	1	5	1	0	5	2	1	4	0	1	0	1	3	4	0	2
chr9	42104141	42104191	51	7	0	51	41	10	7	4	3	4	1	0	0	2	1	0	1	1	8	1	2	5	2	0	0	3	1	0	0	0	0	0	0	0	0	0	0	3
chr9	42104201	42104303	103	7	0	103	72	31	16	2	4	9	7	1	3	2	4	1	1	4	6	4	1	5	5	1	0	2	5	2	0	2	2	2	0	0	1	4	0	5
chr9	42104332	42104399	68	7	0	68	43	25	4	2	3	3	5	3	3	0	1	3	2	2	2	3	0	7	4	2	0	4	0	2	0	2	2	0	0	0	5	0	0	2
chr9	42104447	42104565	119	7	0	119	85	34	8	3	8	14	7	2	3	3	10	1	1	3	8	3	0	9	4	0	0	5	1	0	1	2	3	1	0	2	7	3	1	4
chr9	42104576	42104727	152	7	0	152	70	82	7	1	8	4	6	4	9	3	5	4	9	4	2	1	2	1	2	4	1	3	7	5	3	10	6	9	0	9	7	6	2	6
chr9	42104746	42104860	115	7	0	115	79	36	11	2	2	10	4	3	2	5	4	1	3	5	5	2	3	16	2	2	1	3	4	1	1	2	3	1	0	2	5	5	0	3
chr9	42104975	42105129	155	7	0	155	92	63	9	6	7	8	7	4	3	10	5	4	4	4	9	4	5	2	8	7	0	4	7	5	0	7	3	2	0	2	6	5	0	6
chr9	42105157	42105435	279	7	0	279	134	145	12	8	8	7	9	12	18	7	12	3	14	4	3	6	7	2	9	9	1	10	12	13	2	18	15	11	3	9	11	12	0	10
chr9	42108718	42109452	735	7	0	735	465	270	60	22	31	46	26	15	23	41	37	10	20	21	37	15	24	36	30	14	2	16	20	19	1	22	27	9	1	21	28	20	0	39
chr9	42109464	42109525	62	7	0	62	35	27	7	0	2	3	2	0	3	3	2	2	2	2	1	2	0	3	3	0	1	0	3	3	1	3	2	1	0	1	0	5	0	3
chr9	42109588	42109883	296	7	0	296	170	126	12	5	17	14	7	9	15	10	11	8	9	14	18	8	2	10	12	10	1	7	11	9	3	12	5	7	0	6	13	9	2	18
chr9	42109902	42109955	54	7	0	54	27	27	4	0	3	1	2	7	0	1	2	0	5	0	0	0	0	0	4	3	0	1	2	2	0	4	2	2	0	0	3	1	0	3
chr9	42110011	42110108	98	7	0	98	55	43	6	1	5	4	3	2	4	3	4	5	2	4	3	2	4	3	2	1	1	6	5	3	1	2	2	2	1	1	3	5	0	6
chr9	42110262	42110317	56	7	0	56	23	33	0	0	4	0	1	3	3	3	2	0	3	1	1	0	1	0	1	0	1	1	4	3	0	2	3	5	0	6	1	1	1	3
chr9	42110363	42110436	74	7	0	74	31	43	0	3	4	1	0	2	1	2	4	1	3	1	4	0	2	2	0	4	1	1	3	6	3	7	2	4	1	1	1	6	1	1
chr9	42110532	42110818	287	7	0	287	166	121	26	7	12	14	3	8	14	10	18	7	10	9	12	4	3	7	10	7	4	5	9	8	3	13	4	7	2	5	12	11	5	16
chr9	42110854	42110909	56	7	0	56	35	21	3	0	2	5	2	1	2	3	5	0	1	4	1	0	3	2	1	0	0	0	0	1	1	1	4	0	0	2	3	2	1	4
chr9	42110964	42111097	134	7	0	134	70	64	7	2	5	2	1	5	7	7	6	5	4	5	3	3	2	4	6	5	0	4	8	10	0	5	1	3	0	2	6	5	2	7
chr9	42111123	42111408	286	7	0	286	164	122	15	13	11	13	9	5	17	12	22	6	5	4	6	5	5	15	12	6	1	10	13	10	1	11	6	6	1	7	11	13	3	10
chr9	42111537	42111645	109	7	0	109	66	43	9	3	9	7	7	1	7	1	9	2	1	4	3	0	1	2	2	1	0	3	2	1	0	5	5	4	0	3	7	2	0	6
chr9	42111688	42111856	169	7	0	169	99	70	6	3	7	8	6	5	6	10	2	3	5	8	10	8	4	8	10	3	1	5	6	5	0	8	2	5	0	5	8	6	1	3
chr9	42111897	42112035	139	7	0	139	77	62	8	5	2	9	7	6	9	4	7	3	4	5	2	0	1	4	4	4	2	4	7	2	1	5	7	2	0	5	8	7	1	2
chr9	42112195	42112369	175	7	0	175	94	81	5	3	10	5	3	8	11	6	10	5	14	2	5	4	0	3	7	3	0	9	4	4	0	7	4	4	1	5	13	4	1	13
chr9	42112438	42112543	106	7	0	106	50	56	1	1	3	3	2	2	9	6	5	7	6	3	0	0	1	0	4	3	0	3	4	4	2	5	3	3	0	4	8	5	0	7
chr9	42112572	42112638	67	7	0	67	44	23	5	2	2	6	0	1	2	1	5	1	1	1	5	2	5	4	4	2	0	0	1	3	0	4	0	0	0	0	0	2	0	6
chr9	42112669	42112734	66	7	0	66	44	22	7	4	2	4	5	1	1	3	4	2	1	0	2	1	3	2	4	3	0	1	1	0	0	4	1	0	0	1	4	2	0	1
chr9	42112775	42112865	91	7	0	91	60	31	8	4	5	4	5	2	1	3	4	4	2	0	4	4	4	4	7	4	0	3	3	0	0	4	0	0	0	0	2	3	0	5
chr9	42113088	42113251	164	7	0	164	105	59	8	6	4	9	6	3	5	11	4	2	9	13	9	3	3	9	10	1	0	3	7	3	0	1	3	0	0	3	5	7	0	15
chr9	42113271	42113427	157	7	0	157	113	44	18	4	8	11	4	1	4	3	8	0	3	8	10	4	9	16	4	1	0	4	2	1	0	5	1	1	0	6	5	5	0	9
chr9	42113440	42113583	144	7	0	144	97	47	22	5	6	8	5	6	5	4	6	5	3	2	8	3	3	6	10	3	2	4	2	0	0	3	5	0	0	1	3	1	2	9
chr9	42113658	42113711	54	7	0	54	39	15	12	0	2	5	2	1	0	2	2	0	0	2	3	2	1	3	1	1	1	0	1	2	1	1	1	1	0	0	2	1	0	2
chr9	42113721	42113815	95	7	0	95	70	25	7	4	4	11	8	3	0	1	0	2	3	2	11	5	2	6	6	1	0	7	1	0	0	1	2	0	0	0	3	1	0	2
chr9	42113830	42113904	75	7	0	75	46	29	6	1	2	3	3	2	1	9	2	0	3	5	1	3	1	3	4	0	0	2	2	2	0	2	5	1	0	0	5	3	0	2
chr9	42113948	42114004	57	7	0	57	43	14	9	1	1	7	1	1	2	1	3	1	3	0	6	0	2	4	1	1	0	1	0	0	0	1	2	0	0	0	2	0	0	5
chr9	42114025	42114115	91	7	0	91	55	36	2	4	10	0	2	1	2	6	6	3	2	3	6	2	0	5	6	1	0	2	3	3	0	4	0	1	0	1	2	5	0	7
chr9	42114146	42114805	660	7	0	660	424	236	55	26	34	39	34	14	19	27	30	13	20	19	35	16	16	27	33	10	2	24	19	11	2	13	14	9	0	15	28	16	2	36
chr9	42114831	42114880	50	7	0	50	24	26	2	3	1	0	3	2	2	2	1	2	3	2	0	0	0	0	2	2	1	2	3	0	0	3	0	3	0	1	4	2	1	1
chr9	42114888	42114978	91	7	0	91	46	45	6	2	1	5	3	1	5	2	3	0	4	2	2	4	4	1	1	2	0	4	4	5	2	3	4	3	1	6	2	5	1	1
chr9	42114986	42115051	66	7	0	66	30	36	0	1	2	1	4	4	4	1	0	2	6	1	0	0	2	1	2	2	0	3	4	0	0	3	5	3	0	4	2	3	0	4
chr9	42115068	42115117	50	7	0	50	36	14	6	1	5	4	3	0	0	2	2	0	1	0	4	2	0	4	2	0	0	2	0	0	0	3	2	1	0	1	1	2	0	0
chr9	42115201	42115308	108	7	0	108	57	51	5	1	7	2	3	1	7	4	5	5	4	3	2	1	4	3	4	2	0	2	4	1	2	3	3	1	0	10	2	6	2	7
chr9	42115315	42115436	122	7	0	122	61	61	5	2	5	4	2	4	10	3	7	6	6	3	2	1	1	0	2	5	0	6	6	5	1	5	3	1	0	3	7	6	1	8
chr9	42115458	42115526	69	7	0	69	27	42	0	0	3	0	0	2	7	1	3	3	4	0	0	2	1	1	2	2	1	2	3	5	1	4	2	3	1	4	3	3	1	3
chr9	42115589	42115823	235	7	0	235	125	110	22	11	9	3	10	6	16	4	9	9	10	4	4	4	3	1	10	13	2	4	14	7	0	12	6	1	0	7	6	11	0	15
chr9	42115830	42116030	201	7	0	201	114	87	14	11	12	6	7	0	4	6	13	6	9	6	9	2	7	2	4	6	5	4	4	1	4	7	2	2	3	9	7	7	8	12
chr9	42116256	42116377	122	7	0	122	61	61	3	4	6	3	4	2	6	2	6	2	8	3	4	2	2	2	4	2	0	4	5	7	3	3	2	7	1	4	3	2	2	12
chr9	42116410	42116559	150	7	0	150	83	67	8	5	10	4	5	4	10	4	8	2	5	3	6	4	2	2	6	4	0	4	8	0	0	8	4	5	0	9	5	7	0	6
chr9	42116636	42116740	105	7	0	105	74	31	8	3	2	12	5	4	2	5	1	2	2	5	12	1	2	6	8	1	0	1	3	0	0	4	1	2	0	1	4	4	0	2
chr9	42116780	42116942	163	7	0	163	98	65	21	5	10	4	9	4	5	4	4	5	6	4	6	2	3	5	8	4	2	2	5	3	0	8	5	4	0	4	4	5	0	10
chr9	42117118	42117211	94	7	0	94	55	39	5	3	3	4	4	2	6	1	4	3	4	4	3	1	3	3	3	3	0	3	4	2	0	3	3	0	0	3	3	4	0	8
chr9	42117231	42117434	204	7	0	204	120	84	13	12	5	7	9	9	10	5	8	5	10	3	7	7	5	3	10	5	2	16	7	1	1	4	7	1	0	4	10	6	3	7
chr9	42117478	42117530	53	7	0	53	31	22	3	3	1	2	2	5	3	2	2	1	2	1	2	1	0	1	8	1	0	1	2	1	0	0	1	0	0	1	0	1	0	4
chr9	42117565	42117748	184	7	0	184	119	65	24	7	12	10	10	4	7	3	12	2	5	7	6	0	6	2	7	4	0	2	3	2	0	5	6	1	0	9	8	3	0	15
chr9	42118077	42118216	140	7	0	140	78	62	7	4	5	7	5	0	8	5	9	1	6	5	2	6	3	3	3	5	0	3	8	2	0	10	2	5	0	3	6	8	0	7
chr9	42118221	42118293	73	7	0	73	51	22	12	2	2	7	7	0	1	3	2	1	2	4	2	1	1	4	1	1	0	1	2	0	0	2	3	1	0	0	4	2	0	3
chr9	42118338	42118388	51	7	0	51	26	25	3	2	2	2	3	0	3	1	3	1	0	1	1	1	0	2	1	1	2	0	2	3	0	2	1	3	1	3	3	1	1	0
chr9	42118417	42118762	346	7	0	346	209	137	28	10	13	21	22	6	12	16	15	10	12	11	7	2	9	14	14	6	1	8	9	6	0	17	12	9	1	6	21	11	0	15
chr9	42119005	42119114	110	10	0	110	85	25	18	0	7	10	18	0	0	0	0	0	0	17	0	7	0	7	7	0	0	0	0	0	0	0	0	0	0	0	11	0	0	6
chr9	42119115	42119128	14	8	0	14	11	3	2	0	1	1	2	0	0	0	0	0	0	1	0	1	0	1	1	0	0	0	0	0	0	0	0	0	0	0	1	0	0	1
chr9	42119129	42119284	156	7	0	156	100	56	11	4	8	12	14	6	2	6	6	1	5	8	4	4	2	6	10	2	0	3	4	2	0	5	4	1	0	3	10	6	0	5
chr9	42119346	42119455	110	7	0	110	66	44	4	1	5	8	4	0	2	13	6	1	1	5	2	5	3	4	1	3	0	3	8	4	0	2	3	4	0	3	7	3	0	3
chr9	42119548	42119612	65	7	0	65	36	29	3	3	2	0	3	2	4	3	1	1	1	1	1	5	4	2	4	2	0	5	3	0	0	3	2	2	0	2	3	1	0	0
chr9	42119671	42120020	350	7	0	350	224	126	38	12	19	20	16	4	9	14	14	8	3	11	21	7	17	11	12	9	0	9	14	8	0	12	7	6	0	11	9	11	0	16
chr9	42120053	42120130	78	7	0	78	52	26	8	3	2	7	7	0	2	2	3	1	2	3	2	3	3	2	4	1	0	2	1	1	0	3	2	1	0	1	4	2	0	4
chr9	42120219	42120284	66	7	0	66	41	25	9	1	0	5	5	4	1	5	1	0	3	5	0	1	0	1	1	3	0	1	4	0	0	0	4	1	0	1	6	0	0	2
chr9	42120540	42120680	141	7	0	141	88	53	8	3	4	9	8	4	2	14	5	5	1	4	3	3	5	9	8	3	0	5	9	2	0	2	4	2	0	2	7	5	0	3
chr9	42120956	42121018	63	7	0	63	52	11	10	4	3	7	0	1	1	0	3	0	2	0	11	1	0	7	1	0	0	5	0	0	0	0	0	0	0	0	1	0	2	2
chr9	42121142	42121196	55	7	0	55	28	27	2	1	0	3	0	3	5	3	3	1	3	1	1	0	0	1	5	0	0	0	0	3	0	2	4	1	0	3	2	2	0	4
chr9	42121230	42121369	140	7	0	140	73	67	11	2	7	4	4	7	6	4	7	2	8	2	2	1	3	2	4	4	1	3	6	7	0	5	3	4	1	9	8	3	0	8
chr9	42121394	42121450	57	7	0	57	38	19	6	0	1	6	1	2	2	3	4	1	0	0	3	2	2	3	1	0	0	4	4	1	0	0	3	1	0	0	0	3	0	2
chr9	42121548	42121601	54	7	0	54	28	26	3	0	2	2	2	2	3	2	3	1	3	2	0	0	0	2	2	1	0	0	3	2	0	2	1	2	0	3	3	3	0	3
chr9	42121699	42121820	122	7	0	122	86	36	5	2	6	8	5	4	2	9	4	2	2	3	7	3	4	18	7	2	0	3	1	0	0	1	6	0	0	4	6	0	0	6
chr9	42123792	42123818	27	7	0	27	21	6	2	1	0	2	1	0	0	1	1	0	1	0	1	0	0	11	0	0	0	1	0	0	1	0	0	0	0	0	1	1	0	0
chr9	42127241	42127296	56	9	0	56	31	25	5	2	1	3	2	1	3	1	3	1	3	1	1	1	0	2	3	0	0	1	2	4	0	4	1	1	0	0	1	5	0	2
chr9	42127578	42127660	83	9	0	83	54	29	10	6	5	6	5	2	1	1	2	1	0	1	10	2	0	2	4	1	3	2	3	2	1	1	1	3	0	2	1	2	0	1
chr9	42127717	42127902	186	9	0	186	94	92	8	8	7	3	7	15	9	9	9	1	5	4	3	2	3	0	13	4	2	7	4	6	3	7	11	6	1	8	11	4	2	2
chr9	42128023	42128154	132	9	0	132	85	47	16	1	8	9	3	2	2	5	8	3	9	6	7	1	2	2	1	1	1	4	3	1	1	4	1	2	0	1	7	5	1	13
chr9	42137706	42137736	31	9	0	31	13	18	0	0	1	0	0	0	2	0	1	1	0	0	0	3	3	0	1	2	0	2	2	1	0	4	0	2	2	0	0	2	0	0
chr9	42138217	42138246	30	7	0	30	27	3	9	2	1	3	0	0	0	0	1	0	0	0	6	0	1	3	0	0	0	2	0	0	0	0	0	0	0	0	0	0	0	0
chr9	42138595	42138626	32	9	0	32	24	8	5	1	0	4	0	1	1	1	2	0	1	0	3	0	2	1	1	0	0	1	0	0	0	1	1	1	0	0	1	0	0	2
chr9	42138781	42138852	72	9	0	72	54	18	10	3	3	7	0	1	2	4	4	1	0	0	8	4	1	5	3	2	0	3	3	0	0	1	0	0	0	0	1	2	0	2
chr9	42138966	42138996	31	9	0	31	27	4	6	0	1	3	1	1	0	1	2	0	0	0	3	1	0	6	1	0	0	1	0	0	0	0	0	0	0	0	2	0	0	0
chr9	42139447	42139485	39	9	0	39	31	8	5	0	2	4	1	0	0	2	2	1	1	1	4	1	2	3	0	0	0	2	0	0	0	0	0	0	0	0	3	0	0	3
chr9	42139620	42139685	66	9	0	66	34	32	5	4	1	1	5	4	2	1	2	1	5	2	0	0	0	0	4	2	0	3	3	2	2	1	2	1	0	1	3	2	2	3
chr9	42139895	42139957	63	9	0	63	37	26	6	1	0	1	1	2	4	0	0	1	1	3	1	3	4	8	2	1	1	3	2	2	0	3	0	4	1	1	4	0	0	1
chr9	42140286	42140398	113	9	0	113	61	52	8	1	6	4	4	5	6	6	5	1	3	3	2	3	2	1	4	2	0	4	9	1	0	3	5	5	0	6	3	5	0	4
chr9	42140581	42140693	113	9	0	113	64	49	3	1	2	6	4	4	5	2	4	2	7	4	2	2	6	8	3	2	3	1	1	3	0	6	7	1	0	4	4	4	1	9
chr9	42141335	42141427	93	9	0	93	64	29	13	2	4	8	2	2	3	2	7	3	2	0	5	3	4	4	2	2	0	6	3	0	1	1	0	0	0	0	4	3	0	5
chr9	42141869	42141950	82	9	0	82	46	36	4	1	7	4	4	3	3	0	3	2	4	0	4	3	1	2	4	2	0	3	2	4	0	2	3	1	1	4	1	1	1	6
chr9	42142930	42143008	79	9	0	79	47	32	8	2	1	3	1	2	5	0	2	1	3	2	3	3	6	4	1	3	0	3	2	2	0	4	3	2	0	3	2	1	0	5
chr9	42143414	42143541	128	9	0	128	92	36	17	4	6	11	7	1	4	6	3	2	2	3	10	4	3	7	5	0	0	6	2	0	0	1	6	1	0	5	5	2	0	3
chr9	42143719	42143756	38	9	0	38	28	10	10	1	2	3	3	0	0	0	3	0	1	0	1	0	2	1	0	0	0	1	1	0	0	1	1	0	0	1	0	2	0	2
chr9	42144428	42144512	85	9	0	85	62	23	6	2	4	2	5	2	0	8	1	0	1	2	2	5	2	18	5	1	0	3	1	0	0	0	5	0	0	3	4	0	0	1
chr9	42144738	42144817	80	9	0	80	56	24	7	3	3	7	6	0	1	3	1	1	2	3	6	2	3	7	4	1	1	1	1	0	1	1	3	1	0	2	2	1	0	4
chr9	42145589	42145664	76	9	0	76	50	26	5	2	3	7	1	1	3	2	5	1	4	2	6	2	0	5	2	1	0	3	2	3	1	1	0	0	0	0	3	3	0	6
chr9	42146024	42146151	128	9	0	128	86	42	12	4	8	7	3	4	3	6	10	3	2	5	7	2	5	4	4	0	2	6	2	0	0	3	1	1	0	2	9	4	0	7
chr9	42146600	42146695	96	9	0	96	74	22	12	6	6	6	2	2	0	3	4	1	1	2	12	1	3	11	3	3	0	4	3	0	0	1	0	0	0	0	2	1	0	5
chr9	42146850	42146897	48	9	0	48	38	10	6	2	2	8	1	1	1	0	4	0	1	0	6	1	1	2	2	0	0	2	1	0	0	0	0	0	0	0	0	1	0	4
chr9	42147196	42147226	31	9	0	31	22	9	3	2	0	4	4	0	0	3	0	1	0	2	2	0	0	0	3	0	0	0	2	0	0	0	0	0	0	0	1	2	0	0
chr9	42147690	42147734	45	9	0	45	33	12	6	3	1	2	2	0	1	2	1	0	2	0	2	3	1	6	2	2	0	2	1	0	0	1	0	0	0	0	1	0	0	2
chr9	42148006	42148068	63	9	0	63	40	23	2	5	4	3	3	0	2	2	6	1	2	2	2	0	1	3	4	1	0	1	2	0	0	2	0	1	0	1	2	2	2	5
chr9	42148747	42148821	75	9	0	75	54	21	8	2	2	7	4	1	1	5	3	1	1	1	4	3	3	6	5	2	0	1	3	0	0	0	1	0	0	3	2	1	0	3
chr9	42149136	42149166	31	8	0	31	20	11	4	0	1	3	0	0	2	1	1	1	0	1	2	0	1	1	1	0	0	0	2	1	0	0	1	2	0	1	0	0	0	3
chr9	42149296	42149371	76	8	0	76	25	51	0	1	0	1	0	4	6	1	2	1	5	0	0	2	2	0	1	3	2	2	5	3	2	7	2	7	4	3	2	5	0	1
chr9	42149850	42149909	60	8	0	60	42	18	6	1	7	3	4	1	0	1	4	0	1	2	3	3	0	4	3	0	0	2	1	1	0	2	1	1	0	0	1	2	0	4
chr9	42150421	42150483	63	8	0	63	39	24	6	3	0	4	2	1	2	2	3	0	2	4	2	3	3	2	2	2	1	2	1	1	2	2	0	0	0	0	3	3	0	3
chr9	42150712	42150738	27	8	0	27	13	14	2	0	3	0	1	1	0	2	1	0	0	0	1	0	0	1	0	0	1	0	0	0	1	0	4	2	2	2	0	0	0	1
chr9	42151822	42151907	86	8	0	86	60	26	3	2	2	5	4	2	1	9	3	1	0	6	2	6	0	14	5	2	1	2	3	0	0	1	0	0	0	0	7	2	1	0
chr9	42152324	42152350	27	8	0	27	22	5	4	1	1	3	1	0	0	1	1	0	0	2	3	1	1	2	1	0	0	1	0	0	0	0	0	0	0	0	1	0	0	1
chr9	42152465	42152533	69	8	0	69	48	21	7	4	6	4	3	0	0	1	4	0	1	2	7	2	2	5	0	3	0	3	2	1	1	2	0	0	0	0	1	2	1	3
chr9	42152732	42153058	327	8	0	327	158	169	23	5	5	7	8	13	14	6	4	8	17	9	5	6	9	18	8	8	7	9	13	9	12	12	10	19	10	13	11	11	5	11
chr9	42153211	42153255	45	8	0	45	31	14	7	1	5	3	4	0	1	0	3	1	0	1	2	0	0	2	1	1	0	0	1	0	0	0	1	0	1	2	2	0	0	4
chr9	42153411	42153459	49	8	0	49	17	32	0	2	2	0	2	3	1	0	2	0	3	2	0	0	0	0	0	1	2	1	1	2	5	1	3	4	1	2	2	2	2	1
chr9	42154167	42154239	73	8	0	73	48	25	9	5	3	4	4	0	1	2	4	0	1	1	4	4	1	5	2	4	1	2	2	2	0	3	1	0	1	0	2	1	1	1
chr9	42154501	42154544	44	8	0	44	34	10	10	1	3	3	1	0	1	2	2	0	0	2	3	2	0	3	1	0	0	2	0	0	0	1	1	0	0	0	2	1	0	1
chr9	42154656	42155407	752	8	0	752	508	244	66	25	37	53	31	20	23	28	39	15	20	20	45	19	22	43	42	9	2	26	13	7	1	12	11	4	2	21	37	13	1	43
chr9	42155467	42155535	69	8	0	69	43	26	5	2	3	1	3	9	0	6	2	1	0	0	1	3	2	3	13	1	0	1	1	0	0	1	5	0	0	1	0	1	0	2
chr9	42155838	42155978	141	8	0	141	84	57	13	5	7	6	4	5	6	5	7	2	5	2	7	2	3	4	6	3	2	3	6	2	0	2	5	2	2	7	3	3	1	9
chr9	42156268	42156304	37	8	0	37	25	12	6	0	3	3	2	0	0	0	3	0	1	2	0	0	1	3	0	0	0	0	0	0	0	3	0	1	1	0	2	2	0	2
chr9	42156756	42162478	5723	8	0	5723	3393	2330	468	163	208	289	186	193	240	212	227	113	194	157	248	128	159	206	248	134	28	187	211	138	28	211	142	140	30	142	230	176	24	261
chr9	42162479	42162603	125	10	0	125	69	56	3	3	2	3	5	9	2	7	1	0	3	3	2	4	2	19	9	2	3	2	6	4	3	3	6	7	1	2	2	2	1	2
chr9	42162604	42162836	233	8	0	233	143	90	19	9	5	9	5	13	11	12	6	1	7	2	12	8	3	21	18	5	0	8	6	11	0	4	11	1	0	8	5	5	0	6
chr9	42162837	42163016	180	10	0	180	114	66	15	5	6	10	5	5	4	10	7	2	7	5	8	8	6	9	9	2	1	8	3	3	1	8	4	3	1	2	8	7	1	5
chr9	42163018	42163900	883	10	0	883	507	376	73	22	30	39	33	31	41	26	29	16	30	22	28	21	22	43	34	18	12	26	33	16	10	25	33	25	9	37	31	25	7	34
chr9	42163901	42163950	50	8	0	50	34	16	1	0	1	4	1	1	1	2	1	0	3	2	4	3	2	6	0	1	0	3	1	0	0	1	2	0	1	1	2	1	1	2
chr9	42163951	42164113	163	10	0	163	98	65	11	9	2	7	7	4	7	3	6	3	4	4	6	5	11	8	6	6	1	8	7	5	0	6	3	3	1	1	5	3	0	9
chr9	42164186	42164240	55	8	0	55	30	25	2	2	3	2	2	4	0	3	4	0	0	2	1	2	0	3	2	2	3	1	5	1	0	1	1	1	0	0	1	3	1	1
chr9	42164248	42164343	96	10	0	96	71	25	15	2	3	10	4	3	0	8	3	1	2	3	7	1	1	7	5	1	0	1	1	1	0	2	2	0	0	2	7	1	0	1
chr9	42164367	42164656	290	10	0	290	175	115	31	7	14	13	11	9	10	7	10	3	8	12	13	7	4	16	11	7	1	7	9	6	4	11	8	10	4	4	9	7	1	14
chr9	42164657	42164717	61	9	0	61	35	26	8	1	0	3	1	2	2	1	1	3	2	1	2	3	4	1	2	4	1	2	3	1	1	2	0	1	0	1	1	2	0	3
chr9	42164718	42164801	84	10	0	84	30	54	0	1	1	1	1	2	3	5	2	1	8	0	0	2	2	0	2	2	0	2	5	5	4	6	2	6	4	4	2	7	0	2
chr9	42164810	42164876	67	6	0	67	31	36	8	1	1	0	2	3	4	1	1	2	6	1	0	0	0	0	1	1	0	4	4	1	2	1	3	4	3	2	2	2	1	4
chr9	42164892	42164944	53	10	0	53	43	10	13	2	2	3	1	0	0	1	2	0	1	2	5	0	2	7	1	0	1	0	0	0	1	0	0	0	0	2	1	1	0	3
chr9	42164957	42165237	281	10	0	281	173	108	19	13	13	14	11	11	14	6	14	6	6	8	15	7	4	12	14	7	1	15	10	5	2	6	7	0	0	5	10	12	1	11
chr9	42165258	42165341	84	10	0	84	40	44	4	5	4	1	4	4	6	0	5	1	2	0	1	0	2	1	2	7	0	1	5	3	0	5	5	0	1	5	2	3	1	2
chr9	42165342	42165395	54	8	0	54	24	30	3	2	3	0	1	2	2	1	2	2	0	1	2	0	0	2	2	1	3	0	3	4	1	2	1	3	2	2	0	3	0	2
chr9	42165396	42165652	257	10	0	257	146	111	16	4	7	16	11	10	13	4	10	6	9	8	6	5	9	10	8	6	0	11	12	5	1	13	8	8	1	5	10	12	2	9
chr9	42165667	42165721	55	10	0	55	40	15	14	1	4	2	4	0	0	1	3	2	0	1	0	1	3	2	2	2	0	0	1	1	0	1	1	0	0	1	1	0	0	5
chr9	42165723	42165799	77	10	0	77	46	31	6	1	6	3	0	3	1	4	5	0	2	3	5	0	5	2	1	0	0	3	3	4	0	2	3	1	0	2	0	4	0	6
chr9	42165800	42165847	48	8	0	48	25	23	2	1	1	1	0	0	3	4	0	1	3	1	1	1	2	2	1	0	0	2	1	2	0	4	4	3	0	1	1	2	0	2
chr9	42165848	42166029	182	10	0	182	106	76	17	3	6	10	7	5	9	9	5	2	7	6	7	2	3	6	3	4	0	5	8	6	0	7	10	7	0	5	9	4	0	8
chr9	42166030	42166057	28	8	0	28	16	12	3	1	1	0	0	0	2	2	1	2	0	0	1	0	1	0	3	1	0	0	1	1	0	2	0	0	0	0	0	2	0	2
chr9	42166058	42166460	403	10	0	403	266	137	46	12	21	27	18	8	11	15	19	9	10	13	23	7	11	14	16	3	4	13	7	6	0	11	10	8	2	6	19	7	2	23
chr9	42166461	42166492	32	8	0	32	18	14	3	0	1	3	0	3	1	1	2	1	1	0	2	0	0	0	1	1	0	1	1	0	0	1	1	1	2	0	2	0	0	1
chr9	42166493	42166832	340	10	0	340	242	98	50	14	11	27	12	2	8	15	13	5	8	7	28	7	14	19	12	6	0	10	5	3	0	12	8	2	0	6	12	9	0	13
chr9	42166833	42166876	44	8	0	44	34	10	4	2	2	6	1	1	1	2	1	0	1	1	8	1	1	1	0	0	0	4	0	0	0	0	1	0	0	1	3	0	0	0
chr9	42166877	42167098	222	10	0	222	162	60	22	7	6	25	10	5	5	9	8	5	7	3	21	3	6	18	12	1	0	7	4	1	0	2	4	2	0	4	9	3	0	11
chr9	42167099	42167130	32	8	0	32	18	14	0	2	0	1	1	0	3	2	1	1	0	3	1	0	1	2	1	0	1	1	1	0	1	0	0	2	0	0	4	0	0	1
chr9	42167131	42167152	22	10	0	22	17	5	0	1	0	4	0	0	0	1	0	0	0	1	4	1	2	1	0	0	1	1	0	0	0	0	1	0	1	0	0	0	0	1
chr9	42167157	42167275	119	10	0	119	67	52	9	4	7	4	7	4	3	5	4	0	4	2	3	4	2	3	3	4	0	5	8	3	1	3	4	4	1	5	4	4	0	3
chr9	42167282	42167365	84	10	0	84	47	37	6	1	1	4	2	3	5	0	3	3	4	4	2	2	4	2	3	1	2	3	1	1	2	3	1	3	1	1	5	2	1	6
chr9	42167366	42167435	70	8	0	70	32	38	1	1	0	4	0	4	4	4	2	0	4	0	1	2	3	0	2	2	1	2	5	2	1	3	4	4	1	5	1	3	1	1
chr9	42167436	42167498	63	10	0	63	24	39	0	1	1	0	2	4	6	0	1	1	4	2	0	0	0	0	0	2	1	3	5	2	1	3	5	4	1	4	2	3	1	2
chr9	42167499	42167530	32	8	0	32	21	11	4	0	0	3	1	2	1	1	0	0	3	1	2	0	0	2	1	0	0	1	1	0	0	1	0	1	0	1	2	1	0	1
chr9	42167531	42167644	114	10	0	114	79	35	15	3	5	9	4	2	3	6	6	1	3	4	6	1	2	7	3	3	0	1	5	0	0	1	3	2	0	3	5	1	0	8
chr9	42167650	42167739	90	10	0	90	67	23	8	0	2	11	4	1	1	4	1	3	2	3	8	2	4	11	0	3	0	3	4	0	0	0	1	1	0	2	5	0	0	4
chr9	42167740	42167775	36	8	0	36	27	9	9	2	1	3	1	2	0	2	2	0	0	0	2	0	1	1	2	1	0	1	0	0	0	0	2	0	0	0	1	0	0	1
chr9	42167794	42167970	177	10	0	177	83	94	7	2	3	5	6	8	8	6	1	5	9	8	3	5	5	1	6	7	3	5	11	7	3	6	6	6	3	7	5	7	5	6
chr9	42167971	42167997	27	8	0	27	11	16	0	1	1	1	1	0	2	0	2	0	2	1	0	0	0	0	0	1	0	0	0	1	0	2	1	1	1	2	2	1	1	1
chr9	42167998	42168066	69	9	0	69	29	40	0	2	3	0	4	5	5	0	1	1	5	2	0	0	0	0	1	2	1	4	4	1	0	4	7	4	0	3	2	2	1	3
chr9	42168067	42168087	21	8	0	21	19	2	13	0	0	0	1	0	0	0	0	0	1	1	0	0	0	1	0	0	0	0	0	0	0	0	0	0	0	0	1	0	0	1
chr9	42168139	42168376	238	10	0	238	170	68	23	12	10	23	9	5	3	9	11	2	4	5	26	7	8	11	12	4	2	8	6	4	0	4	2	1	0	3	7	5	0	10
chr9	42168377	42168452	76	8	0	76	50	26	19	4	1	5	3	3	3	4	7	0	0	1	0	0	0	0	1	2	1	2	4	1	0	1	3	1	0	0	5	2	0	1
chr9	42168453	42168609	157	10	0	157	113	44	21	7	7	11	7	1	3	3	6	3	3	3	13	5	5	13	5	5	1	5	1	1	1	6	2	1	0	1	6	2	0	7
chr9	42168619	42169059	441	10	0	441	306	135	49	10	17	39	18	11	10	15	17	8	6	14	32	12	12	34	19	6	3	14	12	6	0	8	8	2	2	10	15	12	5	13
chr9	42169076	42169413	338	10	0	338	234	104	43	8	17	28	11	7	6	18	20	2	5	12	22	7	7	20	12	4	0	9	10	3	3	6	8	5	0	5	12	10	1	15
chr9	42169428	42169479	52	10	0	52	22	30	0	0	1	1	1	2	5	3	1	2	0	2	0	1	1	0	3	0	2	0	2	1	0	3	5	4	1	4	2	1	1	1
chr9	42169480	42169514	35	8	0	35	20	15	1	1	2	1	1	2	0	3	2	1	1	2	1	0	1	0	1	2	1	1	2	0	0	0	2	0	0	0	1	0	1	3
chr9	42169515	42169621	107	10	0	107	74	33	12	1	8	11	5	4	2	6	7	1	2	1	6	2	0	4	3	2	0	3	0	0	0	4	10	0	0	0	4	2	0	5
chr9	42169630	42169746	117	10	0	117	80	37	15	5	4	9	9	0	3	6	4	3	3	7	5	2	1	4	6	1	0	2	2	1	0	4	2	0	0	0	8	4	0	5
chr9	42169764	42169900	137	10	0	137	96	41	21	1	10	15	7	1	3	4	7	2	1	3	12	2	0	6	3	1	0	2	4	1	0	5	4	4	0	3	4	4	0	5
chr9	42169901	42169945	45	8	0	45	33	12	10	1	3	4	2	0	0	1	3	0	1	1	3	0	1	2	0	0	0	1	0	1	0	2	1	0	0	1	2	2	0	1
chr9	42169946	42170025	80	10	0	80	48	32	2	3	2	5	2	6	1	3	5	0	3	2	3	4	3	4	3	5	1	3	5	1	1	1	0	0	0	0	3	2	0	5
chr9	42170026	42170162	137	8	0	137	81	56	14	8	6	2	5	3	6	5	5	1	6	2	6	3	4	5	8	3	0	4	3	4	1	5	4	3	0	5	3	2	1	8
chr9	42170163	42170307	145	10	0	145	109	36	19	5	2	16	8	3	3	6	6	1	3	8	10	3	3	12	7	3	0	1	3	0	0	1	1	0	0	1	9	1	0	8
chr9	42170309	42170368	60	10	0	60	47	13	13	1	2	4	0	0	2	4	4	1	1	2	4	2	1	4	2	0	0	2	0	0	0	1	0	0	0	0	4	1	0	3
chr9	42170369	42170413	45	8	0	45	34	11	2	1	2	7	3	0	0	3	1	2	0	3	6	1	0	3	3	0	0	0	1	0	0	0	0	0	0	0	2	1	0	2
chr9	42170414	42170596	183	10	0	183	138	45	37	3	6	19	7	3	2	1	9	3	4	4	13	3	8	14	4	4	0	4	2	0	0	7	1	0	0	3	6	5	2	7
chr9	42170597	42170632	36	8	0	36	21	15	3	1	1	2	1	2	2	2	3	1	0	0	0	2	0	0	5	0	0	1	0	0	0	0	1	1	2	0	1	0	0	3
chr9	42170633	42170828	196	10	0	196	90	106	9	3	3	4	4	8	12	9	5	1	8	6	1	4	8	5	4	9	0	3	15	10	0	13	7	12	1	10	7	8	1	4
chr9	42170829	42170867	39	8	0	39	17	22	0	1	1	1	2	1	1	2	0	0	5	1	1	1	0	0	1	1	0	0	1	2	0	3	1	2	0	3	3	2	0	1
chr9	42170969	42171037	69	10	0	69	34	35	3	1	5	0	2	3	4	0	2	4	5	0	1	0	3	0	1	4	0	3	3	2	0	4	1	0	0	5	4	3	0	4
chr9	42171038	42171072	35	8	0	35	21	14	1	3	2	1	0	1	1	0	3	0	0	1	3	2	3	0	0	2	0	3	0	1	0	2	0	0	0	0	2	1	0	1
chr9	42171073	42171324	252	10	0	252	172	80	24	9	11	13	14	10	6	10	6	4	4	10	12	7	6	25	13	6	0	11	5	0	0	7	8	2	0	3	14	4	0	6
chr9	42171345	42171419	75	10	0	75	53	22	4	0	4	6	4	1	2	3	2	2	2	3	4	5	4	5	3	0	0	6	0	0	0	0	2	0	0	2	5	0	0	4
chr9	42171420	42171469	50	9	0	50	35	15	4	3	4	2	2	0	4	1	4	1	0	1	3	2	0	3	2	0	0	4	0	0	0	0	2	0	0	0	3	0	0	3
chr9	42171470	42171636	167	10	0	167	108	59	21	6	6	7	3	2	6	10	5	1	4	5	11	6	4	9	3	3	0	9	7	5	0	5	7	3	0	2	4	6	0	5
chr9	42171708	42171809	102	10	0	102	65	37	6	4	1	6	2	11	4	6	2	2	0	2	7	6	1	4	18	2	0	2	4	0	0	2	0	1	0	1	2	3	0	1
chr9	42171810	42171874	65	8	0	65	44	21	4	0	3	1	1	2	4	1	1	1	1	5	2	4	1	13	3	1	0	3	3	1	0	0	0	0	0	0	2	1	0	5
chr9	42171915	42172058	144	10	0	144	93	51	12	9	4	7	9	1	5	7	3	1	3	5	8	7	4	7	10	3	0	5	5	2	0	5	2	2	0	4	4	5	0	3
chr9	42172059	42172089	31	8	0	31	19	12	2	0	0	2	1	2	1	2	1	0	2	2	0	0	0	2	1	1	0	0	0	0	0	2	2	0	0	0	4	1	0	1
chr9	42172090	42172407	318	10	0	318	190	128	22	7	13	16	13	8	10	16	11	6	6	13	12	9	8	19	16	5	2	7	11	12	2	10	10	6	1	9	11	12	3	10
chr9	42172408	42172463	56	8	0	56	27	29	1	2	2	1	0	2	2	4	1	1	4	0	4	1	0	1	1	1	1	3	5	3	0	3	0	3	0	1	2	4	0	1
chr9	42172464	42172900	437	10	0	437	257	180	38	19	15	17	22	9	24	15	18	8	14	12	12	9	11	12	17	10	0	18	19	11	1	13	16	8	0	14	18	15	1	19
chr9	42172901	42172952	52	8	0	52	31	21	4	1	5	2	3	3	2	2	2	1	0	1	3	0	1	0	2	1	0	1	1	1	0	0	5	0	0	5	2	0	0	2
chr9	42172953	42173001	49	10	0	49	34	15	12	3	2	2	3	0	3	1	2	0	0	0	3	0	0	1	1	0	0	2	2	0	0	1	3	1	0	2	1	2	0	0
chr9	42173002	42173050	49	8	0	49	31	18	7	0	3	4	2	1	1	1	5	0	2	2	0	0	1	1	1	0	0	0	2	0	0	1	0	2	0	2	3	1	1	4
chr9	42173051	42173350	300	10	0	300	147	153	18	7	12	9	16	8	18	14	8	8	5	6	4	4	7	3	11	11	0	5	20	17	0	17	16	14	0	13	8	12	0	7
chr9	42173368	42173674	307	10	0	307	151	156	12	5	11	10	9	11	19	11	15	7	11	6	1	7	10	4	12	10	0	8	17	18	2	16	13	10	0	11	8	15	0	16
chr9	42173675	42173781	107	8	0	107	48	59	2	1	6	0	4	7	5	8	2	5	5	0	1	0	0	1	5	3	0	4	7	5	0	6	7	5	0	4	5	5	0	2
chr9	42173782	42173906	125	10	0	125	67	58	11	3	4	6	9	1	7	3	2	2	3	2	3	6	1	2	7	4	0	1	9	6	0	8	2	7	0	5	2	6	0	1
chr9	42173907	42173951	45	8	0	45	31	14	4	3	4	2	1	0	2	2	3	0	0	0	5	1	2	2	0	0	0	4	1	0	0	0	1	0	0	3	2	1	0	0
chr9	42173952	42174007	56	10	0	56	33	23	3	1	6	1	4	1	2	0	1	5	2	1	3	0	0	2	2	0	0	5	2	1	0	2	1	1	0	0	2	3	0	3
chr9	42174008	42174042	35	8	0	35	20	15	1	3	2	1	1	0	2	2	1	1	1	1	4	0	0	0	2	0	0	2	1	3	0	1	0	0	0	0	2	1	0	1
chr9	42174128	42174227	100	10	0	100	54	46	1	4	2	8	5	3	3	6	7	2	4	2	1	2	1	2	6	2	0	3	7	8	0	3	1	1	0	0	3	7	0	4
chr9	42174228	42174272	45	8	0	45	30	15	2	1	2	2	1	1	1	2	0	1	2	3	4	2	1	3	1	1	1	2	1	0	0	0	1	0	0	1	3	0	1	3
chr9	42174273	42174327	55	10	0	55	29	26	4	1	5	0	3	0	3	4	2	3	0	1	1	1	0	0	4	1	0	0	2	2	0	2	2	2	0	4	2	2	0	2
chr9	42174328	42174360	33	8	0	33	17	16	1	0	2	1	1	4	1	0	2	0	1	1	0	0	1	0	2	2	0	1	1	0	0	4	0	2	0	0	3	1	0	0
chr9	42174361	42174448	88	10	0	88	43	45	7	2	1	2	1	6	7	2	2	2	5	2	2	1	1	0	2	3	2	4	9	2	0	2	2	2	0	4	2	5	0	4
chr9	42174449	42174517	69	8	0	69	30	39	0	0	3	2	3	3	4	1	2	0	7	3	0	1	1	0	0	1	1	2	4	1	0	4	4	3	1	4	3	4	1	4
chr9	42174518	42174607	90	10	0	90	50	40	8	1	0	5	1	6	5	3	1	2	2	4	4	2	4	2	5	5	0	1	7	2	0	4	1	3	0	2	2	3	0	3
chr9	42174629	42174716	88	10	0	88	41	47	7	1	3	3	2	4	5	0	1	2	4	1	4	2	0	2	2	3	2	2	6	3	2	5	2	8	1	2	1	2	1	3
chr9	42174717	42174750	34	8	0	34	23	11	3	1	1	0	0	0	1	5	1	2	0	3	1	1	0	2	2	1	0	1	0	0	0	1	0	0	0	0	4	0	0	2
chr9	42174751	42174884	134	10	0	134	94	40	11	5	7	12	9	0	3	3	6	2	3	6	8	4	3	11	6	2	0	3	4	1	0	4	1	0	0	1	3	6	0	8
chr9	42174885	42174923	39	8	0	39	26	13	5	1	2	2	2	0	1	1	1	1	1	1	2	1	2	1	1	0	0	2	1	1	0	0	1	0	0	3	2	1	0	1
chr9	42174968	42175031	64	10	0	64	45	19	3	0	4	5	3	0	1	0	1	1	3	3	4	4	1	10	1	2	0	2	2	0	1	1	0	0	0	2	1	2	1	4
chr9	42175046	42175235	190	10	0	190	127	63	18	4	7	15	10	5	4	12	8	4	5	9	8	6	4	8	9	3	0	6	8	2	0	1	4	1	0	1	9	5	0	12
chr9	42175278	42175303	26	8	0	26	19	7	2	0	0	2	1	0	1	1	0	0	0	1	1	3	3	3	0	0	0	3	0	0	0	0	1	0	0	1	1	0	0	0
chr9	42175304	42175460	157	10	0	157	109	48	30	6	7	12	9	2	4	8	9	2	1	3	7	1	2	4	4	3	0	4	5	2	0	3	6	1	0	5	8	4	0	3
chr9	42175488	42175542	55	10	0	55	39	16	4	2	3	3	1	1	2	2	4	0	1	3	2	2	2	6	2	0	0	3	0	1	0	1	0	0	0	0	4	1	0	3
chr9	42175543	42175636	94	8	0	94	69	25	12	3	4	9	4	1	2	2	4	2	1	3	8	6	2	6	4	1	2	3	1	0	0	0	1	0	0	1	3	0	2	5
chr9	42175637	42175700	64	10	0	64	26	38	0	0	2	0	2	6	6	0	0	2	6	2	0	0	0	0	2	1	0	5	4	1	0	1	4	3	1	4	3	2	1	4
chr9	42175701	42175791	91	8	0	91	41	50	8	2	0	4	2	3	4	0	2	1	6	1	2	2	3	1	2	3	2	1	3	4	4	5	2	4	5	3	2	4	0	4
chr9	42175792	42175959	168	10	0	168	94	74	14	7	5	5	7	6	7	1	2	3	7	8	7	4	3	6	7	4	3	6	7	6	3	4	3	7	1	3	5	3	3	9
chr9	42175961	42176190	230	10	0	230	156	74	28	7	13	18	9	3	6	7	12	6	6	5	16	3	7	8	9	3	0	7	6	5	0	5	4	2	0	4	7	6	0	16
chr9	42176196	42176361	166	10	0	166	119	47	17	6	8	13	4	3	5	6	8	3	2	3	16	6	6	12	4	1	1	12	2	1	0	3	4	0	0	2	8	3	1	4
chr9	42176431	42176731	301	10	0	301	201	100	19	8	9	18	12	9	7	17	7	3	4	7	17	17	14	32	17	8	0	12	8	4	0	8	9	4	0	8	11	4	0	6
chr9	42176732	42176767	36	7	0	36	27	9	2	0	1	4	3	1	0	2	0	0	0	2	2	2	1	6	3	0	0	0	1	0	0	0	1	0	0	1	1	1	0	0
chr9	42176768	42176865	98	10	0	98	64	34	8	5	3	3	4	3	1	7	0	1	0	4	7	3	1	12	8	3	1	0	5	2	1	3	1	5	0	0	2	1	0	2
chr9	42176882	42176940	59	10	0	59	40	19	6	3	2	3	3	2	1	4	1	1	1	2	4	2	1	3	6	0	0	1	1	0	0	2	0	1	0	1	3	2	0	1
chr9	42176993	42177072	80	10	0	80	56	24	11	2	4	6	5	2	3	2	4	0	2	3	3	3	1	5	3	1	0	3	1	0	0	0	4	0	0	1	3	0	0	6
chr9	42177073	42177130	58	7	0	58	40	18	6	1	2	5	2	2	2	1	2	1	0	4	4	1	3	4	2	0	0	3	1	0	0	2	1	1	0	0	3	1	0	2
chr9	42177131	42177240	110	10	0	110	69	41	12	3	5	4	3	5	4	3	6	4	2	1	4	1	3	8	7	2	0	3	3	1	1	4	1	3	1	1	4	3	0	6
chr9	42177241	42177276	36	7	0	36	27	9	4	2	3	2	3	0	0	0	2	0	1	0	2	2	2	2	3	0	0	1	0	0	0	0	0	0	0	2	0	0	0	3
chr9	42177277	42177442	166	10	0	166	116	50	10	6	10	14	12	2	2	4	8	4	5	4	10	5	3	16	9	2	0	6	2	3	0	4	1	0	0	1	8	4	0	9
chr9	42177443	42177504	62	7	0	62	38	24	1	2	2	4	4	3	1	2	2	1	1	5	2	2	1	5	3	0	0	4	3	3	0	1	0	0	0	0	4	4	0	0
chr9	42177505	42177570	66	10	0	66	44	22	2	2	2	3	3	1	3	3	2	3	0	5	2	2	3	7	4	1	0	3	2	0	0	1	0	0	0	0	4	2	0	4
chr9	42177571	42177655	85	7	0	85	51	34	5	1	3	5	4	5	3	4	4	2	2	0	1	5	1	5	10	1	0	2	2	3	0	3	2	0	0	2	2	3	0	3
chr9	42177656	42178127	472	10	0	472	335	137	77	21	30	29	25	9	9	15	33	4	6	16	22	5	13	20	19	5	1	14	8	3	0	7	7	3	0	10	24	6	1	28
chr9	42178182	42178306	125	10	0	125	58	67	6	2	2	3	3	2	8	3	1	3	5	3	3	4	6	3	3	3	1	3	5	8	2	6	4	6	5	7	4	4	0	5
chr9	42178307	42178343	37	7	0	37	15	22	0	1	1	0	1	2	3	2	1	0	3	0	0	0	0	0	0	1	0	1	2	1	0	2	5	2	0	3	2	1	0	1
chr9	42178344	42178594	251	10	0	251	176	75	38	7	8	22	12	4	7	2	7	6	9	3	18	4	11	17	9	4	0	8	6	1	0	5	4	5	2	5	6	2	0	17
chr9	42178618	42178773	156	10	0	156	108	48	20	3	10	12	7	3	3	5	10	4	4	4	7	3	6	5	4	3	0	6	5	0	0	2	1	0	0	5	8	4	0	10
chr9	42178774	42178858	85	7	0	85	54	31	11	5	5	2	5	1	3	3	4	2	4	1	3	2	0	2	6	2	0	2	2	2	0	3	1	0	0	1	3	3	0	5
chr9	42178859	42179034	176	10	0	176	116	60	13	4	9	10	13	10	3	9	4	1	0	7	6	10	2	14	16	5	0	4	4	0	0	5	11	0	0	3	4	4	0	3
chr9	42179063	42179112	50	7	0	50	26	24	3	1	3	1	3	2	3	2	1	1	0	1	1	1	1	1	0	2	0	3	4	1	0	1	5	3	0	1	1	0	0	2
chr9	42179113	42179284	172	10	0	172	118	54	14	6	3	15	13	5	4	10	2	2	3	9	10	6	2	12	14	2	1	2	3	2	1	1	6	2	0	4	9	1	0	6
chr9	42179285	42179317	33	7	0	33	21	12	0	1	0	1	0	1	2	4	2	1	0	2	0	1	0	5	3	1	0	0	2	0	0	0	0	0	0	0	2	1	0	2
chr9	42179318	42179785	468	10	0	468	282	186	36	18	28	21	18	17	14	14	27	5	23	11	23	5	9	11	17	11	0	17	15	8	0	24	7	13	0	8	24	15	2	25
chr9	42179786	42179822	37	7	0	37	23	14	2	3	1	2	2	0	1	2	2	0	2	1	2	0	2	0	0	2	0	0	1	0	0	1	1	0	0	3	3	0	0	2
chr9	42179823	42180297	475	10	0	475	289	186	38	10	34	17	18	9	22	20	20	11	11	15	23	11	14	16	19	8	1	13	11	6	0	16	18	10	0	26	21	9	1	25
chr9	42180298	42180335	38	7	0	38	25	13	4	2	2	2	2	0	2	1	2	1	1	1	2	1	1	0	3	0	0	1	1	0	0	0	0	0	0	2	1	1	0	3
chr9	42180336	42180576	241	10	0	241	148	93	13	7	10	16	7	3	8	15	15	1	6	9	11	8	10	7	7	7	0	6	8	5	0	11	7	5	0	6	11	7	2	11
chr9	42180589	42180669	81	10	0	81	52	29	5	3	8	5	6	1	1	3	7	2	2	3	3	1	0	0	0	1	0	6	3	1	0	2	2	0	0	0	6	4	0	4
chr9	42180670	42180721	52	7	0	52	34	18	3	1	4	2	1	3	1	2	3	0	2	4	3	0	2	1	2	1	0	1	2	0	0	0	1	0	0	1	2	1	0	7
chr9	42180722	42181134	413	10	0	413	244	169	30	15	19	19	24	14	19	17	17	7	15	13	12	7	9	6	18	9	1	15	16	2	1	10	18	8	0	18	22	10	2	18
chr9	42181150	42181731	582	10	0	582	341	241	39	14	21	32	20	21	24	24	18	11	14	9	28	19	16	29	18	18	3	26	29	21	1	18	24	17	1	12	18	13	3	19
chr9	42181739	42181767	29	10	0	29	16	13	2	0	1	5	2	0	0	0	0	0	1	0	3	0	0	1	0	0	0	0	2	6	0	1	0	2	0	0	0	1	0	0
chr9	42181768	42181795	28	8	0	28	16	12	1	2	0	0	1	0	2	1	1	0	3	0	0	2	2	0	1	1	0	2	1	0	0	0	0	0	0	2	1	0	0	3
chr9	42181796	42182301	506	10	0	506	230	276	15	12	17	9	19	25	37	10	14	11	25	9	5	9	8	4	18	20	0	19	35	36	0	22	22	15	2	27	15	22	2	20
chr9	42182323	42182413	91	10	0	91	36	55	2	2	4	1	1	4	5	1	4	4	1	0	2	1	3	0	1	7	0	3	5	9	4	4	4	3	2	3	1	4	0	4
chr9	42182414	42182443	30	7	0	30	12	18	1	1	0	0	1	2	2	0	0	1	1	0	0	0	2	0	0	2	0	2	3	2	0	1	3	1	0	1	0	1	0	1
chr9	42182459	42182500	42	7	0	42	23	19	0	0	0	2	1	3	5	1	0	0	1	1	1	3	0	4	4	1	0	2	2	0	0	1	3	2	0	1	0	0	0	2
chr9	42182501	42182788	288	10	0	288	175	113	16	8	10	15	13	10	8	21	11	4	4	10	9	9	5	21	16	6	2	7	17	6	1	5	11	3	1	8	8	14	0	7
chr9	42182821	42182855	35	7	0	35	14	21	0	2	0	0	1	3	2	0	1	1	3	0	0	0	0	0	4	1	0	1	1	2	0	3	1	2	0	1	0	1	2	1
chr9	42182856	42182992	137	10	0	137	78	59	8	3	2	5	3	5	5	13	2	1	2	5	5	6	6	7	5	8	0	2	5	3	0	6	12	1	0	5	4	4	0	2
chr9	42182993	42183045	53	7	0	53	45	8	12	2	4	4	0	0	0	2	1	1	0	0	9	3	0	6	2	0	0	3	0	0	0	0	0	0	0	0	1	0	0	1
chr9	42183046	42183204	159	10	0	159	118	41	31	4	7	15	10	4	1	3	5	2	2	5	10	6	5	7	8	1	0	7	3	3	0	2	2	0	0	0	5	3	0	6
chr9	42183205	42183255	51	7	0	51	29	22	3	3	1	3	1	0	3	2	5	0	4	3	0	0	0	0	0	1	1	1	2	1	0	2	0	0	0	2	4	3	1	3
chr9	42183256	42183450	195	10	0	195	113	82	14	5	9	9	6	5	7	2	11	2	5	9	5	2	9	12	2	7	1	4	11	8	1	10	0	4	0	6	6	11	0	10
chr9	42183451	42183474	24	7	0	24	6	18	0	0	0	0	0	2	1	0	0	0	2	0	0	0	0	0	1	1	0	0	2	7	0	1	1	1	0	2	0	1	0	0
chr9	42183475	42183507	33	8	0	33	8	25	0	0	0	0	0	0	2	0	0	1	5	0	0	0	0	0	0	0	0	1	0	10	0	4	1	1	0	0	0	4	0	2
chr9	42183508	42183542	35	7	0	35	9	26	0	0	0	0	0	1	3	0	0	0	5	0	0	0	0	0	0	1	0	0	0	7	0	5	4	1	0	1	0	4	0	1
chr9	42183543	42183636	94	10	0	94	32	62	2	1	3	0	4	4	5	1	0	4	5	1	0	0	2	0	4	1	1	3	5	15	0	10	2	8	1	1	3	5	0	1
chr9	42183637	42183677	41	8	0	41	18	23	1	2	2	0	3	1	2	1	1	0	2	1	0	0	0	0	0	0	3	1	2	3	1	0	3	1	0	4	2	2	0	1
chr9	42183678	42183746	69	10	0	69	38	31	5	1	4	4	0	2	1	3	4	0	2	2	5	1	3	1	1	0	1	2	2	4	0	4	1	3	2	1	2	3	1	2
chr9	42183747	42183780	34	7	0	34	16	18	0	1	1	0	1	4	0	2	1	0	2	2	0	0	0	2	2	3	0	0	4	1	0	1	0	0	0	0	1	3	0	1
chr9	42183837	42184472	636	10	0	636	279	357	15	8	18	9	10	38	47	13	22	17	33	21	4	8	7	7	30	25	1	16	40	46	5	41	13	28	2	17	25	33	4	31
chr9	42184473	42184482	10	8	0	10	5	5	0	0	0	0	0	4	0	0	0	0	0	0	0	0	0	0	4	0	0	0	0	0	0	0	0	0	0	0	0	0	0	0
chr9	42184483	42184649	167	7	0	167	111	56	25	4	3	13	5	6	6	2	4	3	9	3	11	0	2	14	5	2	1	5	2	1	1	4	6	1	3	5	6	4	3	6
chr9	42184650	42184870	221	10	0	221	108	113	15	5	7	6	7	9	11	5	5	4	7	6	6	3	6	5	3	10	3	4	16	11	1	12	5	13	4	8	9	6	0	7
chr9	42184871	42184996	126	7	0	126	53	73	1	3	3	0	1	4	10	6	3	3	15	0	2	0	2	0	4	1	0	4	4	4	2	5	9	3	2	12	4	7	1	9
chr9	42184997	42185151	155	10	0	155	69	86	4	1	5	1	4	4	8	7	2	9	12	4	1	4	3	0	8	2	4	4	6	5	4	8	3	7	4	2	6	8	0	13
chr9	42185152	42185177	26	8	0	26	15	11	1	1	0	2	1	0	1	1	0	1	1	3	2	0	0	0	1	0	0	1	0	1	2	0	0	0	0	0	2	1	0	2
chr9	42185178	42185506	329	10	0	329	129	200	3	7	11	5	5	15	23	7	16	11	15	4	2	1	3	0	11	11	2	10	18	37	6	22	8	14	4	10	13	22	0	11
chr9	42185527	42185709	183	10	0	183	79	104	4	3	3	4	2	7	11	7	3	8	10	4	5	1	5	1	6	7	2	4	13	15	1	12	4	8	0	6	5	12	1	7
chr9	42185739	42185801	63	10	0	63	26	37	1	1	4	0	1	3	5	1	4	1	2	1	0	1	1	0	1	2	0	2	2	5	0	7	5	2	0	1	2	5	0	1
chr9	42185810	42186759	950	10	0	950	392	558	27	13	27	11	22	47	61	25	22	25	62	27	7	5	7	3	26	38	5	21	66	63	17	62	28	49	7	40	35	58	7	35
chr9	42186760	42186792	33	7	0	33	21	12	5	0	3	3	1	1	1	1	2	1	0	0	2	0	0	0	0	1	0	1	2	2	0	0	1	0	0	1	1	0	0	2
chr9	42186793	42186893	101	10	0	101	50	51	6	5	2	4	4	2	6	4	6	2	5	2	1	0	1	0	4	4	0	1	6	4	2	3	3	2	0	5	3	6	2	4
chr9	42186914	42187123	210	10	0	210	104	106	12	4	9	8	7	3	15	4	9	9	7	0	5	4	3	4	9	3	1	7	12	14	0	11	5	9	2	7	4	11	1	9
chr9	42187124	42187245	122	7	0	122	57	65	5	1	5	4	2	4	7	4	6	2	4	5	2	0	2	3	2	3	0	2	8	7	2	9	2	8	1	3	5	7	1	4
chr9	42187246	42187744	499	10	0	499	241	258	21	16	20	8	19	18	32	8	20	17	21	15	5	4	12	3	15	15	5	20	27	23	3	30	19	13	1	13	16	32	3	23
chr9	42187745	42187792	48	8	0	48	22	26	2	1	4	0	0	2	2	2	5	2	2	0	0	0	0	0	0	2	1	2	2	4	1	2	0	0	0	2	3	3	0	2
chr9	42187793	42188494	702	10	0	702	317	385	22	16	33	9	22	32	41	23	28	15	32	18	8	6	6	6	24	21	9	14	39	36	6	43	25	34	5	34	30	34	8	21
chr9	42188495	42189174	680	9	0	680	326	354	25	19	38	10	34	19	36	26	27	15	38	11	6	7	12	3	26	13	2	19	39	26	2	36	27	32	4	35	23	32	2	34
chr9	42189199	42189344	146	9	0	146	82	64	22	3	4	2	5	6	14	5	4	5	4	3	1	3	0	0	7	2	1	6	6	1	1	1	8	3	0	11	9	3	0	4
chr9	42189345	42189370	26	8	0	26	15	11	3	0	2	1	1	1	0	3	1	1	0	0	0	0	0	0	1	0	0	1	1	0	0	0	3	1	2	0	1	0	0	1
chr9	42189371	42189838	468	9	0	468	242	226	30	12	20	14	23	17	28	13	20	13	16	10	3	7	8	7	21	12	0	16	22	22	4	15	20	17	2	15	18	11	4	26
chr9	42189839	42189940	102	7	0	102	66	36	8	3	4	7	4	5	2	6	4	0	1	2	5	0	1	12	4	4	0	0	8	2	0	1	4	3	0	3	1	2	0	4
chr9	42189941	42190241	301	9	0	301	165	136	17	13	14	4	8	11	13	16	16	8	11	7	7	9	5	5	17	10	3	11	9	6	3	15	8	4	1	6	15	13	3	11
chr9	42190242	42190286	45	7	0	45	22	23	4	2	1	1	1	3	2	0	2	0	3	0	0	0	1	1	0	1	0	4	4	4	0	1	1	2	0	1	1	2	0	1
chr9	42190287	42190391	105	9	0	105	46	59	1	1	6	1	2	2	6	2	5	4	5	4	1	1	1	3	1	3	2	2	8	11	0	6	1	4	0	2	2	7	0	9
chr9	42190415	42190991	577	9	0	577	260	317	11	7	17	10	6	32	35	19	20	16	34	12	7	8	18	7	24	18	3	18	27	43	4	33	18	26	3	17	23	20	3	36
chr9	42190992	42191021	30	8	0	30	22	8	0	1	2	3	2	1	0	1	1	0	0	1	3	0	1	4	1	0	0	1	0	0	0	0	2	0	0	2	1	0	0	1
chr9	42191022	42191033	12	9	0	12	12	0	10	0	0	0	0	0	0	0	0	0	0	0	0	0	0	0	0	0	0	0	0	0	0	0	0	0	0	0	0	0	0	0
chr9	42191034	42191103	70	7	0	70	38	32	4	3	2	1	5	3	5	0	2	1	5	1	0	3	1	0	3	0	0	7	3	1	0	1	3	3	0	2	4	1	0	4
chr9	42191104	42191205	102	9	0	102	51	51	6	1	3	4	2	4	4	3	3	1	4	3	3	1	4	4	0	4	0	3	6	6	1	4	3	7	1	3	4	1	2	5
chr9	42191210	42191262	53	9	0	53	24	29	2	3	1	0	3	1	3	1	1	0	3	2	0	1	2	1	1	1	0	1	3	0	0	5	2	6	0	2	2	1	2	1
chr9	42191263	42191352	90	7	0	90	47	43	6	2	3	4	4	2	3	5	1	1	4	2	4	2	3	1	4	1	0	1	4	2	0	7	2	8	0	4	4	3	0	1
chr9	42191357	42191451	95	9	0	95	44	51	4	1	5	1	1	3	5	2	4	5	3	0	2	2	3	3	1	4	2	4	5	7	0	6	3	2	0	3	2	5	2	3
chr9	42191452	42191525	74	7	0	74	32	42	1	0	4	1	3	2	7	1	1	3	2	2	1	1	2	0	3	1	0	2	3	5	0	4	4	3	0	8	4	3	0	1
chr9	42191526	42191964	439	9	0	439	176	263	9	3	11	7	9	17	37	16	12	14	23	6	0	3	4	5	17	9	2	9	29	31	7	32	24	32	1	13	8	26	0	21
chr9	42191971	42192166	196	9	0	196	70	126	1	3	3	0	2	6	22	3	3	6	15	4	1	0	0	1	3	8	1	3	15	10	4	14	8	10	2	18	7	16	0	5
chr9	42192167	42192250	84	7	0	84	35	49	0	1	2	1	2	2	7	4	2	3	8	1	0	0	0	0	2	2	0	2	9	2	0	3	2	4	2	6	3	6	0	6
chr9	42192326	42192383	58	9	0	58	26	32	0	1	0	0	0	4	3	0	1	2	9	2	0	2	0	2	3	3	2	1	2	2	1	3	0	0	0	0	2	3	1	7
chr9	42192384	42192411	28	7	0	28	13	15	0	1	0	0	0	3	3	0	1	1	2	0	0	0	0	0	2	1	0	2	2	1	0	1	1	1	0	0	1	1	0	2
chr9	42192412	42192561	150	9	0	150	62	88	0	1	1	1	0	12	12	2	3	7	18	1	0	0	2	0	7	5	2	6	9	9	1	5	4	4	1	5	6	6	0	18
chr9	42192569	42192686	118	9	0	118	60	58	4	2	3	1	2	6	8	8	3	8	11	2	1	0	0	1	8	5	0	3	3	4	0	5	4	0	0	0	8	3	0	13
chr9	42192687	42192727	41	7	0	41	18	23	1	1	0	1	1	2	4	2	2	0	2	0	0	0	0	0	1	1	0	1	4	2	0	2	3	4	0	1	1	1	0	2
chr9	42192728	42193221	494	9	0	494	227	267	8	5	12	9	9	35	28	12	16	19	46	5	1	6	7	8	34	16	3	12	19	21	2	37	12	18	1	5	20	25	2	39
chr9	42193238	42193311	74	9	0	74	28	46	0	1	0	0	0	6	7	2	1	1	10	0	0	0	0	0	3	2	0	3	4	1	0	5	3	4	2	5	5	3	0	4
chr9	42193312	42193338	27	7	0	27	13	14	0	0	1	0	0	2	0	2	0	0	2	2	0	0	1	1	0	2	0	0	1	2	0	3	1	1	0	0	2	1	0	1
chr9	42193339	42193404	66	9	0	66	33	33	1	0	2	1	0	2	5	3	2	1	6	5	1	1	1	1	3	1	0	1	4	1	0	4	0	3	0	1	3	3	0	8
chr9	42193431	42193499	69	9	0	69	34	35	2	3	1	0	1	5	6	0	1	0	3	2	2	1	1	4	3	1	0	5	3	3	2	1	5	1	0	4	2	4	0	1
chr9	42193500	42193528	29	8	0	29	12	17	0	1	0	0	0	1	4	0	1	2	0	1	0	1	0	1	2	2	0	1	2	3	0	1	0	0	0	0	1	2	0	1
chr9	42193529	42193587	59	9	0	59	36	23	16	1	3	1	2	3	2	2	2	1	1	1	0	0	0	0	2	1	0	2	1	2	1	2	3	1	1	1	2	2	0	1
chr9	42193595	42193739	145	9	0	145	91	54	18	1	5	16	5	3	8	4	11	4	4	2	6	0	2	2	4	3	0	1	6	1	0	5	5	2	1	4	5	6	0	9
chr9	42193740	42193786	47	7	0	47	21	26	0	1	1	1	2	2	4	0	0	1	3	2	1	0	0	1	0	2	0	3	5	2	0	2	2	2	0	2	1	3	0	2
chr9	42193788	42194294	507	9	0	507	294	213	42	17	14	24	21	15	24	17	19	10	22	13	15	8	11	22	17	14	0	18	22	13	3	18	13	13	1	15	25	15	4	20
chr9	42194295	42194321	27	7	0	27	20	7	6	1	0	3	1	0	1	1	1	0	1	0	2	0	1	1	0	0	0	1	0	0	0	1	2	0	0	0	1	0	0	1
chr9	42194322	42194429	108	9	0	108	83	25	11	0	6	15	6	2	0	2	5	1	1	4	9	2	4	13	2	1	0	2	1	0	0	2	3	0	0	3	4	2	0	5
chr9	42194447	42194754	308	9	0	308	210	98	30	10	11	22	11	5	6	19	10	6	5	9	22	9	12	22	19	1	3	7	5	5	0	9	6	4	1	7	11	9	0	10
chr9	42194795	42195043	249	9	0	249	155	94	22	7	15	12	12	5	7	8	7	6	7	8	14	4	10	10	9	4	1	8	4	5	1	8	9	4	2	10	10	5	0	13
chr9	42195044	42195081	38	7	0	38	26	12	3	0	3	4	0	2	1	2	2	2	0	0	4	0	0	2	1	0	0	3	1	0	0	1	2	0	0	0	1	2	0	0
chr9	42195082	42195136	55	9	0	55	42	13	2	0	1	4	0	0	1	5	2	1	0	4	3	3	0	15	3	0	0	0	2	0	0	0	0	0	0	0	1	2	2	2
chr9	42195137	42195213	77	7	0	77	48	29	20	4	1	0	5	3	5	0	0	3	4	0	0	0	1	0	5	2	0	4	3	1	0	1	3	1	0	2	2	1	0	4
chr9	42195308	42195496	189	9	0	189	103	86	23	6	5	5	6	7	6	4	2	3	7	6	8	3	7	4	5	5	2	7	10	6	4	6	3	9	5	5	5	6	1	6
chr9	42195524	42196995	1472	9	0	1472	890	582	110	47	45	94	64	51	57	53	54	25	41	52	67	25	33	71	67	28	18	35	47	29	13	43	49	41	7	33	62	34	10	65
chr9	42196996	42197036	41	7	0	41	25	16	8	0	0	3	1	2	1	2	0	1	0	0	2	1	2	1	2	1	0	1	2	3	0	1	2	1	0	1	0	1	0	0
chr9	42197037	42197100	64	9	0	64	22	42	0	0	0	1	0	2	5	1	1	3	6	0	0	1	1	0	1	2	2	1	3	4	2	6	1	3	1	5	3	5	1	1
chr9	42197118	42197179	62	8	0	62	28	34	7	0	0	0	1	2	6	0	0	4	7	0	0	0	0	0	2	0	0	4	3	1	0	1	3	2	4	2	1	2	2	6
chr9	42197180	42197198	19	7	0	19	14	5	5	1	3	0	0	0	0	0	4	0	0	0	0	0	0	0	0	0	0	0	0	0	0	0	0	0	0	0	0	0	0	4
chr9	42197199	42197347	149	9	0	149	77	72	9	6	4	4	2	9	9	5	10	1	6	6	2	1	2	1	4	4	2	6	5	6	1	5	6	4	1	3	10	4	2	7
chr9	42197426	42197774	349	9	0	349	230	119	35	12	14	22	18	10	11	8	10	5	10	10	21	14	11	18	16	7	3	15	11	3	1	7	6	7	0	7	13	5	0	17
chr9	42197805	42198117	313	9	0	313	150	163	23	7	4	9	13	15	21	6	3	4	16	10	5	3	4	5	6	10	3	10	19	14	5	15	16	21	2	9	14	8	0	11
chr9	42198118	42198227	110	9	0	110	77	33	13	4	7	8	5	1	5	2	5	2	3	1	9	4	1	6	8	1	0	2	0	0	0	3	3	1	0	4	2	1	0	7
chr9	42198239	42198316	78	9	0	78	54	24	13	4	8	1	2	0	1	2	3	0	1	3	9	2	3	0	1	2	0	3	0	0	0	5	2	1	0	3	2	2	0	3
chr9	42198317	42198974	658	9	0	658	381	277	53	21	28	32	27	17	32	23	36	14	23	14	18	8	18	16	22	15	0	23	30	17	2	23	14	17	1	25	33	23	1	30
chr9	42198993	42199232	240	9	0	240	110	130	6	10	7	2	9	7	18	3	7	6	16	5	3	5	6	0	8	8	5	6	15	11	0	13	7	9	0	12	7	11	1	15
chr9	42199249	42199314	66	9	0	66	29	37	1	0	3	0	0	2	4	1	3	4	9	1	0	0	0	0	2	0	4	0	4	2	0	2	0	1	0	5	2	5	0	9
chr9	42199375	42199401	27	7	0	27	13	14	1	0	2	0	0	1	1	0	2	1	4	0	0	0	0	0	0	0	2	0	2	0	0	0	0	0	0	2	1	2	0	4
chr9	42199443	42199519	77	7	0	77	35	42	1	1	4	0	2	1	7	2	3	5	8	0	0	0	0	0	4	0	2	1	3	1	0	2	4	3	0	5	2	3	0	11
chr9	42199560	42199831	272	9	0	272	174	98	28	11	10	16	14	12	7	10	9	8	5	7	14	2	10	9	13	7	0	13	9	4	0	9	9	1	0	4	13	10	0	6
chr9	42199844	42199872	29	7	0	29	21	8	7	1	1	3	1	1	1	0	4	0	0	0	0	1	0	1	1	0	1	0	0	0	0	0	0	0	0	0	2	0	0	2
chr9	42199873	42200348	476	9	0	476	265	211	34	9	25	19	12	17	22	15	19	14	8	8	21	14	13	14	22	11	5	16	19	20	6	18	13	15	1	15	11	17	2	19
chr9	42200349	42200591	243	9	0	243	134	109	4	8	3	11	5	16	7	16	6	3	8	4	11	7	8	16	17	8	1	8	9	19	0	9	11	1	0	4	6	9	1	5
chr9	42200616	42200759	144	9	0	144	95	49	18	3	3	9	3	4	3	15	8	2	4	5	4	4	3	7	7	1	0	5	7	1	0	2	3	2	0	1	8	6	0	4
chr9	42200866	42201307	442	9	0	442	234	208	21	9	18	18	19	19	17	15	10	14	16	7	16	13	11	10	20	22	1	11	26	16	3	24	5	19	2	10	19	12	0	17
chr9	42201308	42201334	27	7	0	27	13	14	0	1	2	2	2	0	0	0	3	0	1	0	0	0	0	0	0	1	0	1	1	3	2	0	1	0	0	1	1	2	0	1
chr9	42201400	42201451	52	7	0	52	37	15	20	0	4	0	1	2	1	0	1	2	1	0	2	0	2	0	0	1	0	4	0	0	0	3	1	1	0	0	3	0	0	1
chr9	42201452	42201691	240	9	0	240	138	102	12	8	11	12	8	6	12	11	13	3	9	8	11	4	4	5	8	4	0	8	7	6	1	10	10	6	2	6	12	8	1	12
chr9	42201692	42201761	70	9	0	70	53	17	10	3	3	6	2	0	4	2	2	1	0	2	8	2	0	6	3	0	0	3	2	0	0	0	1	1	0	2	2	1	0	2
chr9	42201769	42201826	58	9	0	58	43	15	5	1	4	4	3	1	1	3	6	1	1	0	0	0	0	12	0	1	0	2	0	0	0	1	1	0	0	1	6	0	0	2
chr9	42201831	42202116	286	9	0	286	196	90	38	8	19	15	20	11	4	9	11	8	6	7	12	5	6	15	14	5	0	14	5	0	1	3	10	1	0	5	15	3	1	13
chr9	42202118	42202351	234	9	0	234	169	65	40	7	10	14	9	6	4	8	11	3	6	8	12	6	4	20	7	0	2	13	4	0	1	3	3	1	0	2	13	8	1	6
chr9	42202364	42202526	163	9	0	163	103	60	12	4	7	10	5	3	9	7	13	3	7	4	3	5	3	7	9	2	0	4	1	3	0	4	5	0	0	5	10	3	0	13
chr9	42202534	42202957	424	9	0	424	265	159	37	16	20	19	17	11	12	20	21	10	12	11	17	8	9	24	18	10	1	15	18	8	2	10	6	6	1	9	19	14	2	19
chr9	42202974	42203253	280	9	0	280	193	87	26	5	10	22	9	5	4	21	16	2	2	11	12	10	6	30	9	5	1	7	13	3	1	5	5	3	0	4	12	11	2	6
chr9	42203284	42203613	330	9	0	330	233	97	41	9	11	26	16	8	6	15	10	6	8	8	21	11	9	27	19	4	2	9	8	2	0	6	6	4	0	4	12	5	0	15
chr9	42203614	42203761	148	7	0	148	106	42	19	4	6	14	6	1	0	9	11	0	9	2	7	4	3	10	6	0	1	2	3	0	0	3	1	2	0	1	6	4	1	11
chr9	42203762	42203868	107	9	0	107	69	38	11	4	4	3	5	4	4	5	4	3	3	4	1	3	2	8	11	1	0	2	3	1	0	2	2	0	0	2	2	4	0	7
chr9	42203896	42204769	874	9	0	874	526	348	51	20	38	52	32	22	32	40	47	14	37	24	31	14	31	40	36	10	0	25	24	17	1	38	27	20	0	27	39	33	3	47
chr9	42204786	42205041	256	9	0	256	153	103	17	10	16	12	12	9	7	8	8	8	5	8	17	5	4	6	11	9	2	10	10	5	3	8	5	5	2	3	10	7	1	11
chr9	42205042	42205173	132	6	0	132	69	63	8	2	3	7	6	3	7	5	3	3	5	3	3	3	3	3	3	5	0	3	10	3	0	9	3	9	0	4	6	5	0	3
chr9	42205256	42205320	65	6	0	65	35	30	8	0	2	2	5	2	2	1	0	2	6	2	0	0	1	1	2	0	0	2	4	1	0	1	3	3	1	3	1	2	1	5
chr9	42205321	42205430	110	9	0	110	83	27	24	3	4	9	5	1	1	6	7	1	1	5	4	2	4	4	3	1	0	3	3	1	0	0	1	0	0	1	6	2	0	6
chr9	42205467	42205652	186	9	0	186	132	54	20	4	8	12	9	4	2	9	8	1	2	5	7	9	9	21	9	2	0	7	3	2	0	3	4	2	0	6	8	2	0	6
chr9	42205697	42205896	200	9	0	200	138	62	28	8	7	15	10	5	6	8	13	2	2	6	7	3	3	13	8	4	0	6	8	4	0	3	3	2	0	1	10	5	0	8
chr9	42205897	42205963	67	6	0	67	49	18	4	2	0	9	7	3	1	3	1	1	0	0	3	6	1	6	10	1	0	1	2	0	0	0	1	1	0	0	1	0	0	1
chr9	42205964	42206019	56	9	0	56	44	12	6	1	3	5	2	1	1	0	0	3	1	2	7	0	1	9	1	1	0	3	1	0	0	0	0	0	0	0	2	0	0	4
chr9	42206020	42206136	117	6	0	117	84	33	17	0	2	6	3	4	1	5	1	4	10	1	4	4	0	22	8	0	1	3	1	0	1	0	0	0	1	1	3	2	1	9
chr9	42206161	42206266	106	9	0	106	46	60	3	2	1	3	2	4	9	2	2	1	7	3	1	2	3	0	2	2	2	3	6	4	0	6	3	6	4	9	6	4	0	2
chr9	42206267	42206337	71	6	0	71	39	32	4	2	1	1	1	2	3	4	1	2	3	6	2	2	3	1	2	4	1	1	4	2	0	3	0	1	0	1	5	2	1	4
chr9	42206338	42206412	75	9	0	75	32	43	1	0	4	2	2	7	5	0	3	0	3	1	1	2	0	1	5	2	0	2	3	3	3	4	2	4	1	5	3	3	0	1
chr9	42206413	42206474	62	6	0	62	44	18	5	3	2	6	3	1	1	3	2	1	1	2	6	0	2	5	3	0	0	1	2	0	0	1	2	0	0	2	1	3	0	2
chr9	42206475	42206648	174	9	0	174	118	56	21	1	14	13	9	6	4	6	12	2	5	8	7	3	1	5	6	1	1	4	2	0	0	3	5	2	0	3	12	1	1	14
chr9	42206733	42206985	253	9	0	253	144	109	14	7	11	10	7	11	12	7	14	6	6	9	7	4	7	10	14	6	0	8	9	11	0	12	4	5	1	4	12	10	1	12
chr9	42206986	42207039	54	6	0	54	41	13	10	1	1	8	2	2	1	1	2	0	1	1	5	3	0	2	2	2	0	1	2	0	0	1	0	0	0	0	2	1	0	1
chr9	42207040	42207113	74	9	0	74	51	23	10	1	3	5	2	3	1	6	1	2	1	0	5	2	0	7	6	1	0	1	3	1	0	1	3	0	0	3	1	3	0	0
chr9	42207208	42207323	116	9	0	116	80	36	16	3	3	13	4	2	1	6	5	0	1	2	9	3	3	7	5	2	0	2	3	4	3	1	2	3	1	2	3	2	0	3
chr9	42207324	42207354	31	9	0	31	14	17	1	0	1	1	1	3	2	0	0	0	1	1	1	1	0	0	2	1	0	1	2	2	0	1	1	1	0	2	1	2	0	0
chr9	42207360	42207540	181	9	0	181	83	98	8	3	3	5	3	9	10	5	4	4	9	3	4	4	7	1	4	7	3	6	11	7	2	10	6	10	3	8	6	6	2	6
chr9	42207541	42207609	69	6	0	69	42	27	6	0	1	3	2	5	3	1	0	3	5	3	3	1	1	3	3	2	0	4	4	1	0	0	1	0	0	1	4	2	0	5
chr9	42207610	42207700	91	9	0	91	56	35	14	4	6	3	5	2	3	2	4	2	2	1	4	0	3	0	1	2	0	4	3	0	0	5	6	3	0	1	2	3	0	4
chr9	42207765	42208031	267	9	0	267	166	101	21	9	5	15	3	9	16	15	6	3	10	9	20	9	4	11	14	6	0	10	12	3	0	7	6	4	0	10	10	9	0	9
chr9	42208060	42208208	149	9	0	149	75	74	5	3	7	4	5	4	9	3	9	5	8	3	0	1	5	4	4	4	0	5	11	6	0	6	2	5	0	5	4	8	0	12
chr9	42208250	42208625	376	9	0	376	254	122	37	8	15	28	16	7	12	14	19	10	13	10	16	10	12	26	19	4	0	12	10	3	0	7	3	3	0	8	17	9	0	26
chr9	42208696	42208754	59	9	0	59	45	14	11	2	1	6	3	0	0	4	0	2	1	3	6	1	2	3	1	1	0	1	1	0	0	0	1	0	0	1	4	0	0	2
chr9	42208807	42208865	59	9	0	59	37	22	5	1	6	1	3	2	0	4	1	2	0	1	4	2	2	2	3	0	0	3	2	1	0	0	3	1	0	4	2	1	0	1
chr9	42208866	42208936	71	6	0	71	59	12	12	1	2	8	0	0	2	3	3	0	0	2	8	3	1	13	1	0	0	3	1	0	0	0	2	0	0	0	1	1	0	2
chr9	42208937	42209003	67	9	0	67	53	14	18	4	6	5	5	0	1	0	3	1	0	0	7	0	0	1	2	0	0	3	1	0	0	0	1	1	0	2	2	0	0	2
chr9	42209005	42209129	125	9	0	125	68	57	7	2	5	5	4	3	7	4	4	1	4	7	4	5	1	4	6	1	0	4	5	3	1	6	4	6	2	2	4	5	2	5
chr9	42209145	42209350	206	9	0	206	111	95	8	6	6	9	10	4	11	7	4	6	9	5	8	4	5	7	7	6	0	7	11	4	3	8	7	8	1	8	7	8	2	8
chr9	42209358	42209674	317	9	0	317	213	104	24	8	13	19	11	5	6	11	7	8	10	3	21	11	18	36	8	7	0	17	6	5	0	11	6	5	1	10	13	5	1	9
chr9	42209675	42209793	119	6	0	119	72	47	7	5	2	7	0	5	8	2	6	1	3	2	8	4	5	7	5	1	3	6	2	2	0	6	3	3	0	2	4	4	0	4
chr9	42209794	42209953	160	9	0	160	89	71	6	6	6	7	7	5	6	9	8	7	1	5	4	2	3	7	7	5	3	5	9	5	3	3	2	4	0	2	7	6	2	6
chr9	42209954	42209995	42	6	0	42	23	19	1	1	3	1	0	2	4	1	5	1	0	1	1	0	0	1	1	2	0	1	2	0	0	2	1	2	0	1	3	0	0	3
chr9	42209996	42210083	88	9	0	88	45	43	3	0	5	2	3	6	2	4	2	2	4	3	2	0	4	2	3	2	0	3	4	4	0	3	5	2	0	5	3	4	0	4
chr9	42210120	42210303	184	9	0	184	116	68	18	7	6	13	12	6	2	11	7	1	2	7	7	4	6	7	11	4	0	3	7	8	0	5	4	4	0	4	9	4	0	3
chr9	42210343	42211272	930	9	0	930	565	365	78	27	50	43	33	25	34	28	43	12	44	23	44	17	21	42	24	18	8	31	33	11	1	36	26	22	2	29	37	30	3	53
chr9	42211287	42211365	79	9	0	79	46	33	6	2	2	6	2	0	5	2	6	0	4	2	2	2	1	2	3	1	0	1	3	4	0	5	0	4	0	0	3	3	0	6
chr9	42211390	42211443	54	9	0	54	31	23	4	2	2	2	4	3	2	1	0	2	0	1	2	1	0	3	3	1	1	3	4	2	0	0	3	3	0	0	1	0	1	1
chr9	42211489	42211780	292	9	0	292	166	126	17	6	9	15	15	11	16	16	5	5	10	8	10	7	2	13	12	9	0	9	12	5	1	11	18	10	1	9	16	4	0	8
chr9	42211781	42211816	36	8	0	36	24	12	6	1	0	3	1	0	1	0	1	1	1	0	2	2	3	1	1	1	0	2	1	1	0	0	0	1	0	1	0	0	0	3
chr9	42211817	42211914	98	9	0	98	39	59	2	2	1	2	2	4	5	3	2	0	7	5	1	2	1	0	2	5	0	1	3	7	3	7	5	4	2	5	4	5	3	1
chr9	42211915	42211938	24	6	0	24	9	15	0	0	0	1	1	1	3	1	0	0	1	0	0	0	0	0	0	1	0	1	3	1	0	1	3	2	0	1	0	1	0	0
chr9	42211939	42211962	24	8	0	24	15	9	2	1	1	0	3	0	0	1	0	0	3	1	0	1	0	0	1	0	0	1	1	0	0	0	1	0	0	1	1	1	0	2
chr9	42211963	42212473	511	9	0	511	357	154	76	20	26	35	24	6	15	14	31	9	10	13	26	12	18	20	24	9	0	14	11	1	2	10	7	4	0	9	17	10	0	36
chr9	42212474	42212548	75	6	0	75	52	23	6	1	5	10	4	0	1	1	8	0	1	1	4	3	2	4	0	2	0	2	3	1	0	2	1	0	0	1	2	4	0	4
chr9	42212549	42212695	147	9	0	147	91	56	10	3	7	13	7	6	7	3	11	3	3	2	4	3	1	6	6	4	0	5	6	5	0	4	3	2	0	1	8	4	0	8
chr9	42212696	42212775	80	8	0	80	58	22	12	2	5	6	3	3	0	4	5	0	0	1	5	2	2	7	3	2	0	2	2	0	0	2	2	0	0	2	2	2	0	2
chr9	42212776	42213221	446	9	0	446	292	154	47	14	14	31	19	16	17	19	17	5	8	13	22	11	12	25	22	8	0	16	15	7	0	10	17	9	0	6	17	8	0	19
chr9	42213222	42213276	55	6	0	55	35	20	2	1	5	4	1	1	1	3	1	1	2	1	8	2	0	2	1	0	1	3	1	0	0	2	2	2	0	2	2	0	1	1
chr9	42213277	42213326	50	9	0	50	37	13	14	1	3	3	1	1	1	0	2	1	0	0	4	0	1	3	0	3	0	0	2	0	0	3	1	0	0	1	0	2	0	1
chr9	42213370	42213466	97	9	0	97	67	30	14	3	5	8	8	1	2	2	5	0	1	2	3	4	3	6	4	1	0	3	2	2	0	2	3	1	0	2	3	2	0	3
chr9	42213543	42213869	327	9	0	327	212	115	27	8	16	19	13	6	7	13	18	7	7	6	12	12	16	23	9	8	2	14	9	6	1	8	6	3	1	10	15	7	2	14
chr9	42213870	42213895	26	6	0	26	14	12	0	0	1	1	0	1	1	1	3	0	1	2	0	0	2	0	0	0	0	0	1	1	0	1	1	0	0	1	1	2	0	3
chr9	42213916	42214605	690	9	0	690	423	267	45	18	26	41	31	22	35	32	27	20	15	26	26	16	11	31	37	11	4	24	21	10	2	14	25	9	2	19	37	17	4	30
chr9	42214646	42214697	52	9	0	52	21	31	0	2	2	0	2	1	3	0	2	0	4	1	0	0	1	1	0	2	0	1	3	2	1	3	2	3	3	4	2	2	0	3
chr9	42214698	42214751	54	9	0	54	21	33	0	1	1	1	1	2	5	0	1	0	2	1	1	2	2	0	2	1	1	1	3	1	0	4	1	4	5	5	2	2	0	0
chr9	42214787	42214991	205	9	0	205	100	105	4	7	7	8	12	5	10	2	4	2	10	7	6	2	6	6	7	2	0	7	12	8	3	9	5	13	4	12	6	9	3	5
chr9	42214992	42215031	40	6	0	40	27	13	9	2	5	1	2	0	0	0	4	0	1	1	2	0	0	0	0	0	0	1	0	1	0	1	2	0	0	0	0	2	0	4
chr9	42215080	42215183	104	9	0	104	43	61	3	1	2	2	3	10	4	1	1	2	5	4	1	2	0	1	3	2	4	6	6	7	3	2	4	6	4	2	6	3	1	1
chr9	42215184	42215230	47	6	0	47	23	24	1	2	1	0	1	2	0	1	1	2	3	3	1	1	2	0	1	3	2	1	2	2	2	0	0	1	0	1	1	0	2	6
chr9	42215231	42215396	166	9	0	166	73	93	13	2	3	4	5	6	10	5	2	3	9	1	1	3	3	1	4	2	1	7	11	6	5	6	8	13	7	8	3	7	1	4
chr9	42215397	42215485	89	6	0	89	63	26	21	4	6	3	5	2	3	2	5	1	1	1	2	5	1	0	6	2	0	4	2	0	0	1	2	0	0	0	2	1	0	5
chr9	42215486	42215610	125	9	0	125	92	33	12	3	6	14	10	1	0	7	6	2	2	1	7	4	1	16	5	2	0	2	2	0	1	0	4	1	1	2	7	0	0	4
chr9	42215618	42215733	116	9	0	116	90	26	20	6	4	15	8	1	2	2	6	0	0	2	12	0	2	8	4	1	0	2	2	0	0	3	4	1	0	1	3	3	0	2
chr9	42215769	42215925	157	9	0	157	121	36	8	4	1	16	4	3	2	9	3	0	2	1	14	10	2	40	10	3	2	2	4	2	0	3	1	1	0	2	3	3	0	0
chr9	42215948	42216008	61	9	0	61	34	27	9	1	2	0	3	5	5	1	1	2	3	1	0	0	0	0	4	1	0	3	2	0	0	1	5	1	0	2	2	1	0	4
chr9	42216009	42216051	43	6	0	43	17	26	0	2	2	0	3	1	3	0	1	0	3	2	0	0	0	0	0	2	0	1	2	1	1	3	3	2	1	2	2	2	1	1
chr9	42216052	42216405	354	9	0	354	198	156	28	11	12	13	12	16	19	4	13	4	16	8	11	10	8	11	15	8	4	14	12	10	2	18	8	14	1	9	16	10	1	14
chr9	42216408	42216598	191	9	0	191	136	55	29	7	10	12	7	5	2	3	5	5	4	3	17	2	10	13	4	5	0	11	3	3	0	6	3	1	0	2	7	3	0	7
chr9	42216599	42216668	70	6	0	70	48	22	7	5	2	3	2	2	2	4	2	2	0	2	6	3	3	2	5	3	0	3	3	0	0	1	0	0	0	0	2	1	0	3
chr9	42216669	42216794	126	9	0	126	86	40	9	1	5	11	9	2	2	3	5	4	3	6	3	5	6	12	6	3	0	2	3	2	0	2	1	0	0	1	5	2	0	11
chr9	42216795	42216842	48	6	0	48	31	17	2	2	5	1	2	1	2	1	1	1	2	1	4	4	0	0	3	0	0	5	0	1	0	1	0	1	0	1	3	0	0	2
chr9	42216843	42217312	470	9	0	470	332	138	46	15	24	33	21	7	13	19	21	6	4	25	30	16	18	33	18	3	2	21	8	1	0	4	12	3	0	9	22	6	4	24
chr9	42217328	42217407	80	9	0	80	55	25	8	3	6	2	3	3	1	5	6	1	1	2	2	1	2	7	5	0	0	3	1	0	0	2	2	2	0	0	4	1	0	5
chr9	42217421	42217459	39	6	0	39	19	20	5	0	0	0	1	1	4	0	0	3	4	0	0	0	0	0	2	1	0	1	2	1	0	1	0	1	1	2	2	0	1	4
chr9	42217460	42217509	50	9	0	50	21	29	0	0	1	1	1	3	4	0	1	0	5	3	0	0	0	0	0	0	0	3	2	1	1	1	5	3	0	4	2	1	3	3
chr9	42217510	42217570	61	6	0	61	21	40	0	0	0	0	0	3	5	0	0	2	5	0	0	2	2	0	1	1	1	4	4	2	1	5	3	6	3	2	1	3	1	2
chr9	42217571	42217951	381	9	0	381	231	150	41	13	20	13	11	10	10	7	14	6	15	16	20	7	13	14	12	5	3	16	10	8	3	13	6	7	6	9	10	15	6	20
chr9	42217973	42218015	43	6	0	43	19	24	4	1	0	0	1	1	4	0	0	2	5	0	0	0	0	0	2	0	0	2	2	3	0	3	1	2	0	1	2	2	0	3
chr9	42218016	42218106	91	9	0	91	42	49	0	2	4	1	3	4	6	0	4	1	6	4	0	1	2	3	2	4	0	3	3	2	2	4	3	1	2	7	5	4	2	4
chr9	42218146	42218203	58	6	0	58	34	24	5	3	0	2	1	2	2	1	2	1	3	2	2	2	5	1	2	2	0	3	2	0	0	3	0	1	0	1	2	2	2	2
chr9	42218216	42218380	165	9	0	165	101	64	13	3	7	11	7	4	6	11	5	2	2	8	9	3	2	8	5	4	0	2	9	4	0	5	6	6	0	4	8	3	0	6
chr9	42218381	42218419	39	6	0	39	21	18	1	2	2	1	3	1	2	1	2	1	1	2	0	0	2	0	1	0	0	3	1	0	0	1	2	1	0	1	2	1	1	2
chr9	42218420	42218539	120	9	0	120	86	34	16	6	7	8	8	5	1	3	4	1	1	2	9	3	1	11	8	2	0	5	3	1	0	3	0	1	0	1	4	3	0	1
chr9	42218548	42218706	159	9	0	159	89	70	2	6	9	3	6	5	7	10	6	3	5	2	6	5	6	7	10	4	0	5	4	5	0	5	8	1	0	11	7	3	0	6
chr9	42218754	42219157	404	9	0	404	232	172	29	14	17	11	12	17	22	14	15	8	18	10	15	7	11	11	18	8	3	17	11	5	0	15	16	6	2	19	21	12	1	17
chr9	42219209	42219307	99	9	0	99	51	48	7	2	1	4	2	4	7	1	3	3	4	2	2	2	3	3	2	5	2	3	7	1	0	3	2	5	1	4	3	1	3	5
chr9	42219353	42219481	129	6	0	129	67	62	13	5	1	5	7	7	7	1	2	2	8	2	2	0	1	3	6	3	0	5	6	6	2	3	5	5	2	4	5	3	1	5
chr9	42219485	42219543	59	9	0	59	33	26	6	2	3	0	3	4	3	1	1	3	1	0	1	1	0	2	6	2	0	2	2	1	0	4	0	3	0	1	4	1	0	0
chr9	42219544	42219570	27	6	0	27	16	11	0	0	1	0	0	2	0	2	1	1	2	2	1	0	1	2	0	2	0	1	0	0	0	2	0	0	0	0	4	0	0	1
chr9	42219607	42219743	137	9	0	137	71	66	2	2	8	4	5	3	9	4	7	6	7	5	2	2	1	3	5	4	0	4	6	4	0	8	1	5	0	3	9	5	0	11
chr9	42219768	42219900	133	9	0	133	71	62	5	1	5	5	3	4	8	7	4	5	6	3	5	4	4	1	7	4	0	3	7	4	0	6	4	2	0	6	3	7	0	8
chr9	42219902	42220018	117	9	0	117	80	37	7	3	4	9	2	3	5	7	12	2	5	3	3	3	3	7	7	0	0	4	1	0	0	2	0	0	0	0	9	3	0	11
chr9	42220019	42220080	62	6	0	62	31	31	2	1	4	0	0	3	5	2	4	2	3	1	1	1	0	0	3	0	0	4	3	1	0	4	2	3	0	1	2	4	0	4
chr9	42220081	42220223	143	9	0	143	70	73	5	4	7	1	3	5	9	5	6	3	8	0	3	2	3	6	4	2	1	6	5	8	0	8	8	5	0	7	5	5	1	6
chr9	42220244	42220521	278	9	0	278	163	115	12	8	13	11	11	13	8	17	11	8	11	8	10	4	5	12	15	7	0	11	11	8	0	7	9	2	0	7	14	9	2	12
chr9	42220554	42220637	84	9	0	84	51	33	4	3	8	2	2	4	3	2	4	0	1	5	7	0	2	3	3	3	0	1	1	1	0	5	3	1	0	4	4	2	0	4
chr9	42220642	42221296	655	9	0	655	400	255	48	24	30	36	19	15	23	25	35	13	19	17	36	9	21	30	20	18	3	19	31	14	1	16	7	10	7	24	24	20	5	34
chr9	42221297	42221375	79	6	0	79	46	33	16	0	0	2	1	5	7	1	1	3	5	2	1	0	0	1	2	2	0	4	3	1	0	1	5	1	0	2	4	1	1	5
chr9	42221441	42221557	117	9	0	117	61	56	7	3	2	5	4	4	6	4	3	2	4	4	3	4	4	1	3	7	0	3	9	2	0	7	2	6	2	2	4	3	0	5
chr9	42221597	42221652	56	9	0	56	43	13	10	2	1	7	2	0	1	1	0	1	2	0	8	0	0	8	1	0	0	1	2	0	0	1	0	2	0	1	1	1	0	1
chr9	42221653	42221715	63	6	0	63	26	37	1	0	1	0	0	5	6	0	1	2	6	2	0	0	0	0	2	1	0	4	4	1	1	1	2	4	1	5	4	1	2	4
chr9	42221716	42221896	181	9	0	181	77	104	6	2	5	5	4	5	9	3	4	6	8	5	4	5	4	1	4	6	5	4	9	8	8	9	3	13	6	5	5	7	3	8
chr9	42221897	42221956	60	6	0	60	31	29	3	1	2	2	1	5	3	1	2	1	0	1	2	1	1	4	3	4	0	1	5	2	1	2	1	3	1	1	1	1	0	2
chr9	42221979	42222276	298	9	0	298	191	107	24	8	17	18	9	5	14	10	8	10	8	10	25	6	9	8	14	3	0	12	5	4	0	9	7	5	2	10	12	6	0	18
chr9	42222277	42222360	84	6	0	84	64	20	21	9	4	3	6	0	0	1	4	0	2	1	5	2	2	3	7	1	0	3	0	1	0	1	0	0	0	0	0	0	2	4
chr9	42222478	42222636	159	6	0	159	77	82	12	1	3	6	3	6	8	3	0	5	7	7	6	2	2	4	2	6	4	2	11	5	4	7	4	10	3	5	4	6	3	6
chr9	42222637	42222687	51	9	0	51	33	18	19	0	0	0	1	1	3	0	0	4	3	0	0	0	0	0	3	0	0	2	1	1	0	0	0	1	2	1	1	0	2	4
chr9	42222740	42222803	64	6	0	64	24	40	0	0	1	2	1	2	4	1	1	1	4	1	1	2	1	0	1	1	3	1	4	6	2	3	2	5	1	4	2	3	0	2
chr9	42222804	42222884	81	9	0	81	46	35	8	2	1	4	2	3	3	2	3	2	3	5	2	2	3	1	3	4	0	2	4	2	1	3	0	1	0	1	3	4	1	4
chr9	42222920	42223002	83	9	0	83	38	45	1	2	6	1	2	2	6	0	7	2	4	1	1	0	1	0	3	0	0	3	2	4	3	3	1	5	2	4	4	3	1	7
chr9	42223003	42223021	19	6	0	19	16	3	2	0	1	3	2	0	0	0	2	0	0	0	2	1	0	1	1	0	0	0	0	0	0	0	0	0	0	0	1	0	0	1
chr9	42223022	42223088	67	8	0	67	21	46	1	0	1	1	1	4	5	0	0	0	3	3	1	1	0	0	1	1	2	1	5	4	2	5	2	7	5	3	2	3	1	0
chr9	42223089	42223163	75	6	0	75	42	33	8	2	1	3	2	2	2	1	1	2	3	3	3	1	3	3	2	4	2	0	2	3	4	2	0	2	0	2	3	2	0	5
chr9	42223164	42223220	57	9	0	57	19	38	0	1	0	1	0	1	3	1	2	1	5	0	0	2	2	0	1	1	1	2	2	6	3	3	0	4	2	3	2	2	2	2
chr9	42223221	42223266	46	6	0	46	14	32	0	0	0	1	1	2	4	0	0	0	5	1	0	0	0	0	0	0	0	2	1	0	3	2	5	4	4	4	1	2	1	1
chr9	42223267	42223389	123	9	0	123	85	38	24	7	1	10	10	4	3	0	5	3	4	3	4	0	5	1	9	1	0	4	1	0	0	1	1	1	2	2	6	1	2	6
chr9	42223392	42223451	60	6	0	60	36	24	2	0	3	4	3	1	2	1	2	2	0	2	2	4	3	5	1	0	1	5	2	2	0	1	1	1	0	2	3	3	0	0
chr9	42223476	42223559	84	9	0	84	38	46	0	3	2	2	4	1	5	3	2	2	7	3	1	0	1	0	1	2	0	3	5	1	2	4	5	5	0	4	2	4	2	6
chr9	42223560	42223637	78	6	0	78	39	39	4	0	0	5	2	2	4	4	0	0	5	1	3	4	3	0	3	2	0	2	3	2	2	5	4	6	0	4	3	2	0	1
chr9	42223683	42223881	199	9	0	199	123	76	16	3	6	18	6	12	5	8	8	2	6	4	12	5	3	8	8	6	0	8	9	5	1	6	3	6	0	3	11	5	1	3
chr9	42223882	42223921	40	6	0	40	35	5	4	2	3	6	0	0	0	1	2	0	0	0	8	0	1	7	0	0	0	2	0	0	0	0	0	0	0	0	1	0	0	1
chr9	42224016	42224131	116	9	0	116	77	39	9	2	3	6	5	4	4	5	3	3	6	6	3	2	3	11	7	1	0	3	3	0	0	1	3	2	0	1	6	1	0	11
chr9	42224132	42224167	36	6	0	36	22	14	2	2	0	3	3	0	3	1	1	0	1	1	2	1	0	1	3	0	0	0	0	0	0	2	2	2	0	1	2	0	0	1
chr9	42224168	42224257	90	9	0	90	66	24	9	3	4	9	5	0	1	4	4	1	3	1	6	2	2	10	3	1	0	2	3	0	0	0	2	1	0	3	3	1	0	5
chr9	42224258	42224289	32	6	0	32	19	13	0	2	1	1	2	1	2	1	0	1	0	1	3	1	1	1	3	0	0	2	0	0	0	1	2	0	1	1	1	1	0	0
chr9	42224290	42224452	163	9	0	163	119	44	28	7	8	9	4	1	5	4	9	3	5	2	10	7	7	8	7	1	0	10	3	0	0	2	0	0	0	2	4	4	0	11
chr9	42224486	42224524	39	6	0	39	29	10	5	2	0	4	2	1	1	1	1	1	0	1	3	2	1	4	2	1	0	1	0	0	0	1	0	0	0	0	3	0	0	0
chr9	42224568	42224639	72	9	0	72	26	46	0	3	2	1	5	3	5	0	1	0	4	0	0	0	0	0	1	4	0	1	6	1	3	4	4	7	5	4	2	2	0	2
chr9	42224651	42224903	253	9	0	253	130	123	15	6	5	9	10	10	14	8	6	7	11	9	4	5	8	1	12	6	3	7	13	7	2	8	6	9	4	13	11	8	3	11
chr9	42224904	42224969	66	6	0	66	43	23	6	3	4	2	4	1	1	4	0	3	2	0	5	4	2	0	7	1	0	3	0	1	0	3	1	0	0	1	2	2	0	2
chr9	42224970	42225091	122	9	0	122	73	49	9	4	6	6	6	2	3	5	6	2	5	4	4	2	4	4	5	3	0	2	3	3	2	4	4	3	0	2	4	3	0	10
chr9	42225092	42225132	41	6	0	41	15	26	1	0	1	1	1	3	2	0	0	0	2	1	1	1	0	0	1	1	2	1	3	2	2	2	1	4	1	2	1	2	0	0
chr9	42225138	42225386	249	9	0	249	120	129	28	4	3	6	8	8	12	5	4	7	13	7	2	4	6	2	5	9	6	3	13	7	5	11	8	13	7	10	7	8	6	10
chr9	42225387	42225441	55	9	0	55	32	23	1	1	3	3	1	1	3	2	6	0	2	3	0	1	1	4	0	1	0	2	2	1	0	2	2	1	0	1	3	2	0	4
chr9	42225442	42225481	40	6	0	40	18	22	3	1	2	0	1	0	2	2	2	2	2	0	0	0	0	0	1	2	0	0	4	1	0	4	1	3	0	0	0	3	0	2
chr9	42225496	42225585	90	9	0	90	52	38	12	2	3	4	4	2	6	2	2	2	5	2	3	1	0	2	4	1	0	2	3	5	0	2	3	1	0	4	4	3	0	4
chr9	42225586	42225631	46	9	0	46	25	21	5	0	1	2	1	1	1	1	1	3	3	1	1	1	2	0	1	2	0	2	3	2	0	2	0	0	0	0	1	4	0	3
chr9	42225652	42225776	125	9	0	125	68	57	5	2	6	6	8	6	5	4	5	2	8	7	1	0	0	3	4	2	0	4	5	2	0	6	5	4	0	3	9	5	0	6
chr9	42225816	42226290	475	9	0	475	297	178	33	21	13	24	20	15	23	21	19	9	17	14	20	16	9	21	26	12	1	22	15	5	1	9	10	6	1	11	28	7	3	21
chr9	42226297	42226406	110	9	0	110	80	30	14	4	3	8	2	1	2	6	2	2	5	1	9	5	5	9	5	2	0	5	1	1	0	2	1	1	0	2	4	0	0	6
chr9	42226438	42226515	78	9	0	78	51	27	7	2	4	4	2	4	0	1	4	0	5	2	4	1	2	7	4	1	1	1	1	1	0	3	2	0	1	1	1	3	0	7
chr9	42226538	42226612	75	9	0	75	59	16	6	0	0	7	2	5	1	6	3	1	0	0	3	5	1	17	11	0	0	1	0	0	0	0	0	0	0	0	3	0	0	1
chr9	42226613	42226643	31	8	0	31	16	15	0	0	1	1	0	2	1	3	0	0	1	0	2	1	0	2	1	1	0	1	4	1	0	0	1	3	0	2	1	0	0	0
chr9	42226644	42226757	114	9	0	114	63	51	9	3	7	3	7	2	4	3	2	2	4	3	4	4	3	3	3	4	0	4	7	3	0	5	2	6	1	3	4	1	1	5
chr9	42226758	42226818	61	6	0	61	28	33	0	0	0	3	1	2	7	1	1	1	4	1	1	2	2	1	2	2	0	2	4	1	0	4	3	4	0	3	2	2	0	3
chr9	42226820	42227111	292	9	0	292	188	104	33	11	11	19	14	10	13	8	12	4	12	5	15	4	4	11	10	7	0	12	11	3	0	4	14	2	0	8	11	6	0	16
chr9	42227119	42227460	342	9	0	342	183	159	11	10	15	11	11	11	15	19	13	8	8	9	11	10	12	7	16	12	2	10	11	16	2	18	12	8	2	12	17	11	0	10
chr9	42227525	42227622	98	9	0	98	57	41	2	0	14	3	2	1	1	1	12	1	11	0	3	1	0	4	1	1	0	1	1	2	0	7	0	0	0	2	3	7	0	15
chr9	42227629	42227681	53	9	0	53	30	23	2	3	1	0	0	2	6	1	3	3	2	1	0	0	3	1	4	0	0	4	0	0	0	2	3	1	0	0	2	1	0	6
chr9	42227682	42228660	979	9	0	979	616	363	86	41	37	56	55	15	34	32	46	13	24	32	33	25	28	58	38	26	2	28	37	19	5	32	18	22	1	19	44	25	2	44
chr9	42228661	42228715	55	8	0	55	36	19	2	2	3	2	2	0	2	4	3	2	1	4	1	1	2	4	2	0	0	3	0	1	0	1	2	0	0	0	4	1	0	4
chr9	42228716	42228967	252	9	0	252	157	95	24	11	14	12	19	5	6	3	10	3	8	5	9	7	9	10	10	8	0	8	7	6	1	9	7	2	0	11	9	7	1	9
chr9	42228969	42229056	88	9	0	88	50	38	5	3	3	5	5	5	3	5	5	0	2	2	1	0	1	4	6	1	0	1	6	1	0	3	3	6	0	1	2	2	0	5
chr9	42229057	42229083	27	8	0	27	13	14	1	0	1	1	1	1	1	0	0	0	2	1	1	1	2	0	0	0	0	1	1	1	0	2	1	1	0	2	1	2	0	0
chr9	42229165	42229185	21	9	0	21	9	12	0	1	0	0	1	2	1	2	0	0	0	0	0	0	1	0	2	1	0	0	2	1	0	0	2	1	0	2	0	0	0	0
chr9	42229186	42229216	31	8	0	31	12	19	0	0	0	0	0	0	3	0	1	1	2	0	0	2	2	0	1	0	0	2	1	2	1	2	0	2	0	3	1	2	1	0
chr9	42229217	42229436	220	9	0	220	126	94	16	6	5	12	11	6	12	7	7	5	14	6	6	2	3	7	7	2	0	10	9	2	1	5	11	8	3	3	9	5	2	16
chr9	42229437	42229474	38	6	0	38	27	11	3	1	2	3	1	1	0	2	2	0	2	0	3	0	0	5	1	1	0	1	2	0	0	0	1	0	0	1	1	1	0	2
chr9	42229475	42229566	92	9	0	92	52	40	7	3	5	2	7	1	3	1	0	1	2	2	3	5	5	3	4	2	1	3	3	2	1	3	3	4	1	8	2	1	1	1
chr9	42229567	42229763	197	9	0	197	127	70	12	8	5	15	13	6	6	6	7	3	1	4	7	10	9	13	14	8	0	5	10	4	0	4	3	2	0	5	4	4	0	7
chr9	42229764	42229803	40	6	0	40	28	12	1	1	4	4	2	1	1	1	5	0	0	1	1	2	0	2	2	1	0	1	1	0	0	1	0	0	0	0	2	1	0	3
chr9	42229823	42230141	319	9	0	319	210	109	33	17	15	19	21	4	12	11	12	10	1	9	18	6	11	11	18	9	0	10	8	5	0	8	13	2	0	3	8	5	0	18
chr9	42230142	42230168	27	6	0	27	18	9	5	1	2	0	0	0	1	2	2	1	0	1	0	1	0	1	2	0	0	1	0	0	0	1	0	0	0	0	1	2	0	1
chr9	42230204	42230345	142	9	0	142	98	44	18	5	1	10	3	8	4	6	3	1	5	7	9	2	4	11	5	6	0	5	5	1	0	1	2	0	0	2	9	1	0	6
chr9	42230346	42230374	29	6	0	29	20	9	4	1	0	1	1	1	2	2	1	0	0	0	1	2	1	1	4	0	0	0	0	0	0	0	2	0	0	2	0	0	0	1
chr9	42230375	42230510	136	9	0	136	102	34	24	10	6	12	4	1	6	4	10	0	0	2	14	3	0	4	7	4	0	3	1	1	0	4	1	0	0	1	6	1	0	5
chr9	42230535	42230588	54	6	0	54	36	18	1	1	1	5	1	0	2	2	1	0	2	2	5	5	3	3	2	1	0	4	1	1	0	2	0	1	0	1	2	1	0	2
chr9	42230589	42230728	140	9	0	140	85	55	24	2	5	3	4	8	3	5	4	2	7	3	3	2	3	5	8	5	0	1	5	5	0	7	3	1	0	4	4	6	0	6
chr9	42230734	42230910	177	9	0	177	109	68	11	5	6	13	8	6	8	9	10	4	3	5	5	5	3	7	10	4	0	6	9	5	0	3	3	2	0	3	8	6	0	8
chr9	42230935	42231081	147	9	0	147	94	53	11	4	5	6	4	4	5	13	6	3	0	5	5	4	6	12	8	2	0	5	5	2	0	3	8	1	0	4	5	5	0	4
chr9	42231192	42231319	128	6	0	128	69	59	6	6	2	5	4	5	3	6	5	2	8	4	4	3	2	3	10	4	2	0	4	6	1	8	1	2	0	1	4	7	2	6
chr9	42231320	42231408	89	9	0	89	46	43	4	2	7	1	1	4	3	2	6	1	2	2	3	3	1	3	2	3	1	4	4	7	0	6	1	0	1	2	2	7	0	2
chr9	42231409	42231424	16	8	0	16	5	11	0	0	0	0	0	0	1	0	0	0	2	0	0	1	1	0	0	1	0	0	1	2	0	2	0	1	0	0	0	1	0	1
chr9	42231425	42231454	30	6	0	30	9	21	0	0	0	0	0	3	1	0	0	1	1	0	0	0	2	0	1	2	0	0	4	5	0	2	0	2	0	2	0	2	0	0
chr9	42231455	42231525	71	9	0	71	34	37	4	0	4	2	1	2	4	4	4	3	0	0	1	2	3	0	2	4	0	1	3	1	1	6	5	4	0	2	1	2	1	2
chr9	42231526	42231578	53	6	0	53	26	27	3	1	2	0	1	1	1	5	0	2	1	1	2	0	2	2	2	2	0	0	4	4	0	3	3	4	0	1	1	1	0	2
chr9	42231579	42231713	135	9	0	135	61	74	1	2	7	0	3	5	13	7	5	6	4	6	1	0	0	1	9	2	0	2	7	0	1	5	7	7	2	10	4	4	5	7
chr9	42231714	42231737	24	8	0	24	6	18	0	0	0	0	0	2	3	0	0	0	1	0	0	0	0	0	0	0	0	2	3	1	0	1	2	3	2	1	0	1	0	0
chr9	42231738	42231819	82	6	0	82	33	49	1	1	2	2	1	1	5	1	2	1	7	1	1	4	1	0	1	1	1	4	2	4	5	4	4	4	3	5	2	6	1	2
chr9	42231820	42232036	217	9	0	217	107	110	16	4	8	7	5	11	11	6	3	4	7	7	11	3	2	2	5	8	4	5	14	8	2	11	7	11	6	6	7	6	2	6
chr9	42232037	42232063	27	8	0	27	16	11	1	3	1	0	1	0	1	0	1	0	1	0	2	1	3	0	1	1	0	2	0	0	0	2	1	0	0	1	0	1	0	1
chr9	42232064	42232164	101	9	0	101	60	41	4	7	7	4	10	2	1	4	3	1	1	1	5	0	6	3	7	2	0	1	3	2	0	2	7	2	0	7	0	2	0	5
chr9	42232246	42232366	121	9	0	121	72	49	4	6	5	7	9	4	2	6	2	1	2	3	7	1	6	6	8	3	0	2	2	4	0	7	9	2	0	3	1	4	0	3
chr9	42232400	42232479	80	9	0	80	45	35	1	0	2	7	4	2	4	6	2	1	3	1	3	2	3	4	2	1	0	2	5	0	0	2	6	4	0	4	2	2	0	3
chr9	42232486	42232563	78	9	0	78	52	26	7	5	5	5	6	2	0	4	2	1	1	0	7	1	3	3	4	1	0	3	1	0	1	0	5	0	1	4	1	1	0	2
chr9	42232569	42232590	22	6	0	22	16	6	2	1	1	2	3	0	0	1	0	0	0	1	1	0	1	2	1	0	0	0	0	0	0	0	1	0	0	1	2	0	0	0
chr9	42232591	42232616	26	8	0	26	13	13	1	0	2	0	0	0	0	2	0	1	1	1	2	0	1	1	1	0	1	0	0	2	0	2	1	2	0	1	0	0	1	1
chr9	42232617	42232701	85	9	0	85	53	32	7	4	7	3	6	4	0	3	1	1	0	3	7	1	3	1	2	5	0	3	3	1	0	4	6	0	0	2	2	2	0	2
chr9	42232728	42232794	67	9	0	67	43	24	6	3	3	5	7	2	0	3	2	0	0	3	2	0	4	2	4	1	0	0	0	2	0	3	4	1	0	3	3	1	0	1
chr9	42232798	42232939	142	9	0	142	86	56	17	8	8	2	7	10	4	2	4	0	1	1	7	2	8	3	10	1	1	8	4	1	0	3	9	6	1	6	1	0	0	5
chr9	42232958	42233043	86	9	0	86	59	27	7	4	5	9	6	0	1	1	5	0	2	0	8	1	5	4	3	0	0	2	0	1	0	5	3	3	0	2	1	2	0	4
chr9	42233044	42233091	48	6	0	48	33	15	10	2	3	2	3	2	0	1	1	0	1	1	3	2	0	0	2	2	1	1	2	0	0	1	0	1	0	1	2	0	1	1
chr9	42233092	42233157	66	9	0	66	34	32	1	2	5	1	2	3	4	0	4	1	3	1	2	2	2	0	1	4	0	3	4	1	0	3	2	0	0	4	2	3	0	4
chr9	42233245	42233315	71	9	0	71	42	29	5	3	5	2	4	2	1	3	2	0	3	0	4	2	4	1	4	0	1	2	0	1	0	3	5	1	1	5	1	2	0	2
chr9	42233328	42233665	338	9	0	338	224	114	41	24	21	16	32	4	5	16	10	3	6	9	18	5	4	9	22	6	1	7	6	2	0	10	22	3	0	6	7	7	1	13
chr9	42233666	42233752	87	8	0	87	49	38	9	4	2	0	3	3	5	3	1	2	5	2	3	1	3	1	3	3	0	5	4	1	0	2	3	2	1	4	4	1	1	4
chr9	42233753	42234223	471	9	0	471	277	194	34	18	20	22	28	9	15	17	9	13	14	12	23	12	14	17	18	17	1	16	16	15	4	18	14	10	0	15	21	12	1	14
chr9	42234224	42234261	38	8	0	38	23	15	0	1	2	3	1	1	2	0	1	0	3	2	4	1	0	1	2	0	0	1	0	0	0	3	0	1	0	1	2	2	0	2
chr9	42234262	42234324	63	6	0	63	31	32	4	1	3	0	0	0	6	0	1	4	6	1	2	0	1	1	0	2	2	0	2	0	0	3	2	2	0	6	2	1	2	7
chr9	42234325	42234364	40	8	0	40	18	22	0	0	0	0	0	4	2	3	0	0	7	1	0	0	0	0	3	1	0	0	1	1	0	0	2	0	0	4	3	1	0	5
chr9	42234365	42234464	100	9	0	100	52	48	1	3	5	4	4	3	7	5	7	2	4	4	1	0	1	0	3	2	0	3	6	2	0	4	2	5	0	3	8	3	0	6
chr9	42234465	42234505	41	8	0	41	29	12	7	1	0	4	0	0	2	1	1	0	1	1	3	3	0	4	1	3	0	0	1	1	0	2	0	0	0	0	1	1	0	1
chr9	42234506	42234820	315	9	0	315	207	108	40	20	22	14	24	7	5	10	11	4	5	1	21	4	10	9	19	6	0	10	4	2	0	13	15	7	0	10	7	4	0	9
chr9	42234821	42234892	72	8	0	72	33	39	0	2	2	0	3	5	7	2	1	3	5	2	0	0	0	0	3	2	0	5	2	2	0	2	6	1	0	5	6	1	0	3
chr9	42234893	42235026	134	9	0	134	74	60	6	4	5	4	7	7	7	5	1	5	5	2	5	4	4	3	10	4	0	6	6	3	0	4	6	2	0	4	4	4	0	5
chr9	42235027	42235084	58	8	0	58	31	27	2	1	1	4	2	2	2	5	2	2	4	1	2	0	0	0	3	0	0	2	4	1	0	2	1	4	0	1	4	2	0	2
chr9	42235085	42235154	70	9	0	70	34	36	4	1	6	0	4	2	3	3	2	1	5	1	1	1	0	0	3	0	0	2	1	2	0	4	7	3	0	4	1	3	0	4
chr9	42235155	42235246	92	8	0	92	59	33	7	2	3	7	2	2	1	9	6	2	2	3	5	1	1	5	1	4	0	2	5	5	0	1	1	0	0	1	7	2	0	3
chr9	42235247	42235259	13	9	0	13	4	9	0	0	0	0	0	0	0	1	0	1	1	0	0	0	0	0	0	1	0	0	1	3	0	1	0	0	0	0	0	2	0	0
chr9	42235309	42235817	509	9	0	509	308	201	38	21	22	25	30	14	13	22	12	3	16	17	26	11	24	13	25	10	0	14	19	8	1	16	18	16	0	26	17	10	1	19
chr9	42235840	42236149	310	9	0	310	193	117	27	19	13	14	20	8	10	14	6	1	4	5	19	4	12	15	14	10	0	8	12	3	0	10	19	11	0	14	8	1	0	7
chr9	42236150	42236809	660	9	0	660	420	240	30	32	37	39	43	18	14	26	14	14	14	10	51	17	31	29	46	8	1	27	5	8	0	28	29	10	0	25	21	14	1	16
chr9	42236810	42236869	60	8	0	60	26	34	2	3	2	1	3	5	4	0	1	0	1	1	1	1	0	0	4	0	2	2	3	2	2	1	3	5	2	4	2	1	0	0
chr9	42236870	42236926	57	9	0	57	23	34	1	1	2	0	2	2	3	0	1	3	4	2	0	0	0	0	0	4	0	2	4	0	3	5	0	5	0	1	5	3	1	1
chr9	42236927	42237001	75	8	0	75	42	33	5	2	1	4	2	5	3	3	1	0	1	3	4	3	3	0	4	5	0	2	6	4	0	1	2	1	0	3	2	1	0	2
chr9	42237002	42237201	200	9	0	200	104	96	11	6	9	9	9	5	8	7	7	2	9	4	8	3	3	4	4	6	1	5	10	7	3	10	8	10	1	7	7	7	1	7
chr9	42237202	42237234	33	8	0	33	19	14	1	1	3	0	1	2	1	0	0	1	1	0	3	1	2	0	1	0	0	4	0	0	0	1	3	1	1	1	0	0	1	1
chr9	42237235	42237406	172	9	0	172	102	70	8	9	8	8	12	6	8	7	2	2	4	5	11	4	3	4	12	4	0	5	5	2	0	6	10	4	0	8	5	3	0	5
chr9	42237407	42237460	54	8	0	54	34	20	5	3	4	3	4	0	0	3	2	0	0	0	5	1	2	0	1	1	1	1	1	0	1	3	4	3	0	1	1	1	0	1
chr9	42237461	42237594	134	9	0	134	81	53	9	7	10	4	9	3	4	4	1	2	0	4	11	4	7	2	10	0	0	6	2	3	0	6	6	6	0	6	2	2	0	2
chr9	42237595	42237666	72	8	0	72	47	25	2	4	3	7	5	1	1	3	3	0	1	4	6	0	2	4	3	0	1	1	0	1	1	2	5	0	0	3	2	3	0	2
chr9	42237667	42237695	29	6	0	29	26	3	14	0	3	1	0	0	0	0	3	0	0	0	2	0	0	1	0	0	0	0	0	0	0	0	0	0	0	0	0	0	0	3
chr9	42237696	42237774	79	9	0	79	42	37	11	2	0	1	2	4	5	3	1	0	6	4	1	0	1	0	2	2	0	2	5	2	0	3	4	3	0	3	3	3	0	4
chr9	42237775	42237849	75	8	0	75	29	46	0	1	1	2	1	3	4	2	2	0	5	2	1	3	2	0	1	2	1	3	2	4	3	5	4	5	2	3	3	4	1	1
chr9	42237850	42238594	745	9	0	745	442	303	35	33	33	37	43	20	21	37	22	13	16	17	39	21	33	21	40	18	3	26	22	16	2	31	30	21	0	25	28	16	3	21
chr9	42238595	42238631	37	8	0	37	24	13	4	1	2	3	2	0	0	2	0	0	2	0	4	1	0	3	0	1	0	0	2	0	0	1	1	2	0	3	1	0	0	0
chr9	42238632	42238849	218	9	0	218	126	92	9	12	14	9	18	5	4	6	2	4	4	3	15	4	9	8	9	8	0	7	9	8	0	9	12	7	0	8	3	3	0	7
chr9	42238850	42238899	50	8	0	50	36	14	6	0	3	5	0	0	0	5	2	3	0	1	6	1	2	1	2	1	0	1	0	0	0	2	0	0	0	0	3	1	1	2
chr9	42238900	42238966	67	9	0	67	43	24	2	4	3	4	3	1	1	4	3	0	2	2	5	5	2	2	3	3	0	3	2	2	0	1	1	0	0	1	3	0	0	3
chr9	42238967	42239053	87	8	0	87	53	34	3	2	4	6	7	2	2	5	2	2	3	1	3	3	4	4	7	0	0	2	2	0	0	1	4	1	0	7	2	3	0	3
chr9	42239054	42239251	198	9	0	198	129	69	17	9	10	15	14	4	3	9	3	2	2	2	17	5	8	8	10	5	0	6	6	3	0	7	10	5	0	7	4	2	0	3
chr9	42239252	42239287	36	8	0	36	22	14	4	3	1	0	2	1	1	2	0	0	0	1	2	1	2	1	2	1	0	1	2	0	0	1	1	2	0	1	1	0	0	1
chr9	42239288	42239522	235	9	0	235	144	91	9	10	7	22	22	3	3	18	4	5	2	3	13	6	10	7	15	6	0	3	12	3	0	8	16	6	0	6	3	6	0	5
chr9	42239523	42239564	42	8	0	42	27	15	1	4	0	2	3	1	0	4	0	2	2	0	2	0	2	2	5	2	0	1	1	1	0	1	0	0	0	0	2	0	0	2
chr9	42239565	42239618	54	9	0	54	35	19	10	1	4	2	2	0	0	3	1	1	0	1	6	0	2	0	1	1	0	0	2	2	0	4	1	4	0	1	1	1	0	1
chr9	42239619	42239643	25	8	0	25	16	9	3	0	1	2	1	0	0	3	1	1	0	0	1	2	0	1	1	2	0	0	1	0	0	1	0	0	0	0	1	0	1	0
chr9	42239644	42239694	51	9	0	51	30	21	2	5	3	2	7	1	0	1	0	2	0	0	3	0	2	1	4	4	0	0	2	2	0	2	1	0	0	3	2	0	0	0
chr9	42239695	42239759	65	8	0	65	42	23	1	2	4	3	5	2	1	3	2	2	1	3	3	1	4	3	4	1	0	2	0	0	0	2	3	0	0	3	4	1	0	3
chr9	42239760	42239946	187	9	0	187	120	67	10	10	8	13	12	3	4	9	2	3	2	3	18	2	9	11	11	3	0	4	6	5	0	5	8	6	0	8	2	2	0	6
chr9	42239947	42239992	46	8	0	46	30	16	5	2	2	2	3	3	0	2	0	1	1	1	3	0	1	3	3	1	0	2	1	0	0	1	2	2	0	0	2	0	0	1
chr9	42239993	42240748	756	9	0	756	466	290	62	25	30	34	31	24	23	33	26	16	26	24	32	14	25	39	31	20	2	26	24	17	0	30	19	11	0	18	37	23	2	30
chr9	42240749	42240788	40	8	0	40	24	16	3	1	2	2	3	2	0	1	0	0	1	1	2	3	1	0	1	2	2	1	2	0	0	2	2	1	0	1	1	1	0	0
chr9	42240789	42240962	174	9	0	174	99	75	8	0	7	6	3	10	8	8	4	6	9	5	6	6	5	7	12	4	0	7	7	3	0	6	3	4	0	5	7	5	0	11
chr9	42240963	42242522	1560	8	0	1560	956	604	179	39	51	104	58	43	54	40	55	25	49	41	81	38	35	63	44	45	10	46	58	33	20	46	31	42	25	34	62	37	7	63
chr9	42242528	42243335	808	8	0	808	501	307	80	11	25	62	23	18	29	23	36	12	24	23	38	20	22	54	16	10	8	27	22	18	12	24	18	27	10	19	36	21	8	30
chr9	42243336	42243383	48	6	0	48	26	22	1	0	0	1	0	2	3	4	0	2	2	2	1	3	1	3	4	0	0	3	2	2	0	1	2	0	0	1	1	3	0	2
chr9	42243384	42243982	599	8	0	599	384	215	52	19	26	34	31	15	11	35	26	12	20	19	22	14	16	32	34	11	1	13	15	11	1	14	12	8	2	14	31	12	2	32
chr9	42243983	42244028	46	6	0	46	22	24	0	2	2	0	0	0	3	2	2	0	6	0	2	1	1	0	2	0	0	1	2	3	0	1	1	2	0	3	0	1	0	7
chr9	42244029	42244147	119	8	0	119	84	35	8	3	2	9	4	8	4	7	3	3	0	0	8	5	5	14	15	0	0	4	1	0	0	0	4	1	0	3	3	0	0	3
chr9	42244148	42244774	627	8	0	627	378	249	42	25	32	29	29	20	25	22	35	10	22	18	22	17	14	15	32	12	4	24	21	11	1	16	19	11	0	12	24	15	5	41
chr9	42244775	42245587	813	9	0	813	558	255	73	23	31	73	34	21	22	31	39	5	18	27	54	29	19	57	33	14	6	25	22	7	2	13	22	5	1	16	32	18	3	36
chr9	42245597	42245644	48	8	0	48	35	13	12	1	3	2	2	2	0	1	2	1	1	1	3	0	0	2	3	0	0	1	2	1	0	1	0	0	0	0	0	3	0	2
chr9	42245645	42245834	190	9	0	190	129	61	24	7	5	12	8	5	7	8	9	3	6	9	7	5	4	8	9	4	0	7	3	1	0	6	2	0	0	2	14	5	0	8
chr9	42245835	42245872	38	8	0	38	27	11	8	2	1	4	2	1	1	0	2	0	0	1	2	1	0	1	1	0	2	1	2	1	0	0	0	0	0	0	0	2	0	1
chr9	42245873	42246117	245	9	0	245	156	89	18	6	13	14	14	4	9	10	8	7	5	11	12	5	5	13	10	5	0	7	11	4	0	5	9	2	0	5	7	9	0	15
chr9	42246118	42246145	28	8	0	28	21	7	1	2	1	1	0	0	1	3	0	1	0	1	3	0	1	4	3	0	0	0	0	0	0	0	1	0	0	1	0	0	0	2
chr9	42246146	42247026	881	9	0	881	624	257	106	27	38	76	43	17	20	26	43	10	19	31	55	26	31	55	39	8	0	33	16	5	0	19	14	7	0	13	37	20	2	43
chr9	42247027	42247083	57	8	0	57	35	22	3	3	0	5	3	2	2	4	2	0	1	4	3	0	0	1	3	1	0	2	2	3	0	2	2	0	0	0	4	3	0	0
chr9	42247084	42247169	86	9	0	86	59	27	6	3	1	10	7	1	2	3	0	1	1	6	7	1	2	6	4	2	0	0	2	1	0	4	5	0	0	1	3	4	0	1
chr9	42247170	42247197	28	6	0	28	17	11	5	1	1	0	1	1	1	0	1	2	0	0	0	2	2	0	3	1	0	2	0	0	0	1	0	0	0	0	0	0	1	1
chr9	42247198	42247255	58	9	0	58	38	20	6	1	1	6	2	2	2	3	4	2	2	0	3	0	0	3	3	0	1	1	2	0	0	1	1	2	0	1	3	1	1	2
chr9	42247256	42247280	25	8	0	25	16	9	7	0	2	1	2	0	0	0	1	0	1	1	0	0	0	0	0	0	0	0	1	1	0	2	0	0	0	0	1	2	0	1
chr9	42247281	42248254	974	9	0	974	676	298	106	33	37	81	37	16	27	47	51	15	18	29	63	30	32	53	48	18	0	27	16	7	1	25	18	10	0	14	45	14	5	49
chr9	42248255	42248320	66	8	0	66	48	18	10	1	6	3	3	1	1	1	4	1	0	0	4	2	2	8	3	1	0	1	1	1	0	1	2	0	0	2	0	1	0	4
chr9	42248321	42248621	301	9	0	301	207	94	37	13	10	25	13	1	6	16	14	6	6	10	22	6	7	13	9	9	0	8	10	5	0	11	1	4	0	1	17	8	2	9
chr9	42248622	42248649	28	8	0	28	14	14	1	0	2	0	1	3	0	0	1	0	1	0	0	1	1	2	1	1	0	2	2	0	0	2	0	1	1	0	1	2	0	0
chr9	42248650	42248803	154	9	0	154	98	56	17	4	7	8	4	1	9	6	5	6	5	3	10	4	2	6	7	5	1	2	4	1	0	4	3	3	0	6	6	1	1	11
chr9	42248804	42248828	25	8	0	25	21	4	14	0	3	0	0	0	0	0	2	0	1	0	0	0	0	0	0	0	0	0	0	0	0	0	0	0	0	0	0	0	0	3
chr9	42248829	42248839	11	6	0	11	11	0	9	0	0	0	0	0	0	0	0	0	0	0	0	0	0	0	0	0	0	0	0	0	0	0	0	0	0	0	0	0	0	0
chr9	42248847	42249070	224	9	0	224	110	114	12	7	5	6	12	9	13	5	4	6	13	6	2	3	2	3	6	9	3	7	15	5	2	12	7	12	1	6	11	8	0	10
chr9	42249071	42249129	59	8	0	59	27	32	1	1	2	1	2	2	3	2	1	0	2	1	1	0	4	3	0	0	2	1	3	1	0	5	4	6	0	5	2	2	0	0
chr9	42249130	42249354	225	9	0	225	143	82	27	5	13	12	6	2	10	4	12	4	7	7	12	5	5	10	6	7	0	3	7	3	2	10	5	4	0	5	5	8	0	17
chr9	42249355	42249494	140	8	0	140	79	61	9	3	10	9	5	4	4	3	6	3	1	4	11	0	2	4	2	4	0	4	6	14	0	7	4	3	0	2	4	6	0	4
chr9	42249495	42249545	51	9	0	51	30	21	0	2	2	4	4	3	0	4	2	1	2	2	2	0	0	2	2	2	0	2	3	1	0	1	1	0	0	0	5	2	0	0
chr9	42249546	42249635	90	8	0	90	47	43	3	3	4	2	4	7	4	2	4	4	3	1	0	1	2	1	7	4	0	4	4	4	0	4	2	2	0	0	5	2	0	5
chr9	42249636	42249786	151	9	0	151	78	73	6	3	7	5	3	5	12	7	8	3	4	3	3	1	4	2	5	2	0	5	11	3	0	5	7	7	0	10	4	7	0	7
chr9	42249787	42249896	110	8	0	110	54	56	9	1	7	3	6	4	7	0	4	4	2	1	1	1	1	1	3	2	0	5	9	5	1	4	3	8	0	5	3	4	1	3
chr9	42249897	42249994	98	9	0	98	55	43	4	1	7	2	4	4	5	2	3	3	4	1	3	2	1	7	4	1	0	5	3	2	0	6	3	3	0	4	5	5	0	2
chr9	42249995	42250047	53	8	0	53	30	23	2	1	1	3	0	2	1	1	1	2	2	1	3	1	5	3	2	3	0	1	1	4	0	5	0	0	0	0	0	3	0	3
chr9	42250048	42250100	53	9	0	53	31	22	0	1	2	1	0	1	3	5	1	3	1	1	3	5	1	3	5	3	0	2	2	0	0	2	0	0	0	0	2	1	0	3
chr9	42250101	42250175	75	8	0	75	41	34	4	2	3	3	3	2	3	4	3	2	2	2	2	1	4	1	4	2	0	0	3	1	0	5	1	3	0	4	4	3	0	2
chr9	42250176	42250372	197	9	0	197	139	58	17	5	11	17	12	5	3	3	7	3	3	4	15	8	7	18	8	5	0	8	5	1	0	3	2	2	0	6	8	2	0	7
chr9	42250373	42250413	41	8	0	41	24	17	3	0	3	1	2	0	2	2	1	1	3	0	1	2	0	3	0	0	0	3	0	2	0	1	3	0	0	1	1	1	0	3
chr9	42250414	42250676	263	9	0	263	153	110	12	8	8	13	13	7	11	17	8	4	11	8	9	7	2	14	15	5	1	5	13	8	0	6	8	6	1	10	12	8	0	11
chr9	42250677	42250743	67	8	0	67	28	39	1	0	5	3	2	1	2	1	6	1	1	0	0	1	3	0	0	2	0	1	2	10	0	7	2	4	0	2	2	4	0	2
chr9	42250744	42250852	109	9	0	109	55	54	5	1	3	5	4	4	8	2	2	3	3	3	3	3	2	4	5	3	0	3	7	2	0	8	5	5	0	4	1	8	0	1
chr9	42250853	42250891	39	8	0	39	15	24	0	0	1	0	1	1	3	2	0	1	2	0	0	1	2	0	1	0	1	1	2	1	0	1	4	2	2	6	0	1	1	0
chr9	42250892	42250959	68	9	0	68	29	39	1	1	3	1	5	2	5	1	0	1	4	2	0	2	0	0	1	2	0	2	3	5	0	4	6	4	0	4	4	1	0	2
chr9	42250960	42251003	44	8	0	44	19	25	2	2	2	0	1	3	3	0	2	0	2	0	1	1	0	0	1	1	0	3	5	2	0	1	0	3	0	3	0	2	2	0
chr9	42251004	42251324	321	9	0	321	149	172	6	5	10	5	7	5	28	8	10	12	19	9	3	8	10	3	9	7	1	13	10	16	3	20	16	13	0	13	12	13	4	21
chr9	42251325	42251371	47	8	0	47	30	17	3	3	3	2	3	0	1	1	2	0	2	1	3	1	1	3	1	1	0	2	2	1	0	2	0	0	0	2	1	3	0	1
chr9	42251372	42251467	96	6	0	96	62	34	10	3	7	3	4	0	3	6	7	2	3	4	3	0	3	2	1	3	0	1	3	0	0	2	1	1	0	6	8	1	0	7
chr9	42251468	42253413	1946	8	0	1946	1204	742	156	70	96	104	95	50	76	76	99	39	62	59	77	34	44	65	90	39	3	62	63	37	2	51	59	24	1	52	85	53	8	113
chr9	42253414	42253424	11	6	0	11	7	4	2	0	0	1	1	0	0	0	0	1	0	0	0	0	1	1	0	1	0	0	0	0	0	0	0	0	0	0	0	0	0	1
chr9	42253425	42256323	2899	8	0	2899	1761	1138	223	90	105	166	142	80	98	141	122	51	75	101	98	66	82	120	133	74	5	75	135	66	2	93	79	60	4	62	114	96	9	130
chr9	42256324	42256354	31	6	0	31	26	5	5	1	1	5	2	0	0	1	2	0	0	0	3	1	0	4	2	0	0	0	0	0	0	0	0	0	0	0	0	0	0	2
chr9	42256355	42257643	1289	8	0	1289	841	448	131	35	47	93	56	28	46	54	61	15	38	36	57	41	39	63	57	18	4	40	31	15	3	31	31	19	5	43	65	28	2	55
chr9	42257647	42257727	81	8	0	81	66	15	13	1	5	10	1	0	0	3	5	0	1	3	11	2	2	7	0	1	0	2	1	0	0	2	0	0	0	0	3	2	0	4
chr9	42257728	42257752	25	6	0	25	18	7	1	2	0	1	2	0	1	0	0	0	1	0	1	2	1	4	3	0	0	1	0	0	0	0	1	0	0	1	0	0	0	1
chr9	42257753	42258821	1069	8	0	1069	677	392	75	23	37	75	31	32	30	53	46	26	37	26	58	36	26	66	51	25	9	32	25	15	9	32	22	15	8	13	48	27	6	53
chr9	42258822	42258832	11	6	0	11	2	9	0	0	0	0	0	1	0	0	0	0	1	0	0	0	0	0	0	1	0	0	1	2	1	1	0	0	0	0	0	1	0	0
chr9	42258833	42259202	370	8	0	370	171	199	22	19	4	4	21	14	19	3	3	10	24	9	4	6	6	2	25	8	5	11	14	9	12	13	10	20	12	13	8	11	11	16
chr9	42259215	42259562	348	9	0	348	265	83	45	9	12	35	12	7	3	14	12	1	5	8	32	12	11	45	11	6	0	12	6	2	1	5	6	2	0	6	13	4	1	8
chr9	42259563	42259601	39	8	0	39	20	19	4	0	3	1	0	1	1	1	3	1	1	0	1	0	1	2	0	1	0	1	0	6	0	1	0	0	0	3	3	1	0	1
chr9	42259607	42259621	15	8	0	15	10	5	1	2	1	0	0	0	0	0	1	0	0	0	1	0	1	2	0	1	0	1	0	1	0	1	0	0	0	0	0	0	0	0
chr9	42259622	42259675	54	9	0	54	30	24	3	1	2	1	2	1	4	1	2	1	2	2	0	3	1	2	4	1	0	1	4	0	0	1	0	3	0	3	2	1	0	4
chr9	42259676	42259719	44	8	0	44	29	15	5	1	2	2	1	3	2	0	1	1	1	3	4	0	1	1	1	0	0	3	1	1	0	0	2	0	0	0	2	1	0	3
chr9	42259720	42259896	177	9	0	177	118	59	13	6	7	12	6	1	6	10	10	3	5	2	8	9	7	12	9	2	0	8	3	3	0	4	3	2	0	4	8	3	0	9
chr9	42259897	42259993	97	8	0	97	63	34	3	2	2	9	4	1	6	7	4	4	2	4	5	2	1	6	4	2	0	3	2	0	0	2	3	1	0	2	10	1	0	3
chr9	42259994	42260207	214	9	0	214	140	74	16	3	9	12	7	6	7	12	3	2	4	14	14	5	10	15	9	4	0	3	4	2	0	6	9	4	0	9	10	2	0	11
chr9	42260208	42260257	50	8	0	50	35	15	7	2	1	5	2	0	1	4	4	2	1	2	2	1	0	1	1	1	1	1	0	0	0	1	0	0	0	0	6	0	1	1
chr9	42260258	42260335	78	9	0	78	54	24	7	2	2	7	4	0	2	3	3	2	1	1	4	5	5	5	3	1	0	5	2	0	0	2	2	0	0	1	2	3	0	2
chr9	42260336	42260388	53	8	0	53	31	22	5	3	1	3	3	1	1	1	1	1	1	2	3	1	4	0	1	2	1	2	3	2	1	1	0	2	0	0	1	1	0	3
chr9	42260389	42260587	199	9	0	199	113	86	11	4	7	9	6	6	6	13	8	7	10	5	5	3	5	7	8	6	0	6	13	5	0	7	2	4	1	3	8	10	1	11
chr9	42260588	42260691	104	9	0	104	62	42	4	5	5	3	3	7	4	3	3	3	0	3	7	3	4	4	5	4	2	7	7	1	0	2	1	2	0	1	4	2	0	3
chr9	42260692	42260737	46	8	0	46	25	21	2	1	2	0	2	0	2	3	1	0	1	2	0	3	1	3	2	0	0	2	2	2	0	2	1	3	1	1	2	1	1	1
chr9	42260738	42260795	58	9	0	58	31	27	2	1	1	2	2	3	3	3	1	0	2	3	1	2	3	2	2	0	0	2	2	0	0	3	4	4	0	2	3	1	0	2
chr9	42260796	42260882	87	8	0	87	51	36	3	1	2	8	6	0	6	4	3	3	3	3	2	4	2	0	3	1	0	4	2	2	0	3	4	2	0	2	7	2	0	3
chr9	42260883	42261090	208	9	0	208	123	85	10	5	10	12	7	10	9	8	14	5	9	1	6	6	4	6	12	5	0	8	8	4	0	6	4	2	0	6	10	7	0	12
chr9	42261091	42261130	40	8	0	40	21	19	2	3	1	1	3	1	2	1	2	0	0	0	0	3	1	0	4	2	0	1	1	1	1	2	1	1	0	2	1	1	0	0
chr9	42261131	42261471	341	9	0	341	209	132	23	7	24	14	8	6	9	15	21	8	14	12	15	8	12	11	8	4	3	14	8	8	0	14	3	6	1	8	20	12	0	23
chr9	42261472	42263203	1732	8	0	1732	1161	571	166	62	78	120	86	35	41	87	92	25	36	57	81	45	47	101	87	27	2	51	45	22	0	47	34	15	0	31	83	50	4	73
chr9	42263204	42263231	28	6	0	28	21	7	6	0	1	4	1	0	0	0	3	0	1	1	1	0	0	1	0	0	0	0	1	0	0	1	0	0	0	0	1	2	0	2
chr9	42263232	42263633	402	8	0	402	267	135	45	12	13	25	17	7	13	14	14	7	12	17	20	13	17	20	15	9	1	14	10	2	0	15	6	3	0	9	19	13	1	17
chr9	42263634	42263668	35	6	0	35	21	14	4	2	0	1	1	2	1	0	1	1	1	0	2	1	2	1	3	1	1	1	0	2	1	0	0	0	0	1	1	0	0	2
chr9	42263669	42265088	1420	8	0	1420	850	570	149	46	58	67	65	45	65	39	49	34	37	35	56	22	33	49	61	41	10	35	59	27	5	44	48	27	7	50	46	39	6	64
chr9	42265089	42265150	62	6	0	62	31	31	3	1	2	1	0	4	4	2	1	2	3	1	4	0	0	2	0	2	2	3	6	1	0	3	1	3	0	2	2	4	0	1
chr9	42265151	42265380	230	8	0	230	114	116	18	7	4	7	10	10	9	6	5	3	12	4	4	3	8	3	7	6	1	9	13	9	5	8	11	12	3	8	4	8	3	8
chr9	42265381	42265782	402	8	0	402	283	119	59	13	16	26	15	6	6	21	16	5	8	16	25	11	11	27	17	8	1	9	12	5	0	8	5	4	0	5	14	8	3	20
chr9	42265783	42265799	17	6	0	17	10	7	1	1	1	0	1	1	0	2	1	0	1	0	0	0	0	0	2	0	0	1	0	0	0	0	1	0	0	0	1	0	0	1
chr9	42265800	42266789	990	8	0	990	571	419	61	21	44	51	38	31	41	40	46	16	28	30	32	30	23	37	40	29	1	28	44	35	2	38	33	23	5	21	34	32	4	50
chr9	42266790	42266876	87	9	0	87	43	44	7	4	0	1	2	4	8	0	2	2	4	0	1	2	4	1	4	2	0	5	5	3	0	4	3	5	0	4	3	2	0	3
chr9	42266895	42267066	172	9	0	172	78	94	5	4	4	1	5	5	15	5	4	4	14	6	0	1	2	2	3	5	0	6	8	4	1	10	12	6	2	8	7	9	1	11
chr9	42267067	42267131	65	8	0	65	37	28	2	2	4	3	1	2	4	0	5	0	2	1	2	2	4	2	2	2	0	2	3	1	0	1	2	0	1	5	0	2	1	5
chr9	42267132	42267304	173	9	0	173	120	53	16	7	7	17	6	2	3	5	7	2	6	3	18	3	8	9	3	2	0	9	3	3	0	6	3	2	0	3	7	4	0	7
chr9	42267305	42267369	65	8	0	65	44	21	5	3	3	6	2	2	3	1	4	1	0	1	5	3	2	2	2	2	1	4	0	0	1	2	2	0	0	0	3	1	0	2
chr9	42267370	42267432	63	9	0	63	39	24	5	3	4	2	2	1	2	4	5	0	0	3	2	1	2	3	3	0	0	2	3	1	0	3	1	1	0	0	2	4	0	2
chr9	42267433	42267470	38	8	0	38	29	9	6	1	3	4	3	0	0	0	2	0	1	0	3	1	1	2	1	0	0	1	0	0	0	0	2	0	0	2	1	0	0	2
chr9	42267471	42267789	319	9	0	319	237	82	37	12	14	30	14	8	10	9	14	4	1	10	28	8	5	31	17	3	2	10	4	1	0	4	5	1	0	6	15	4	0	10
chr9	42267790	42267832	43	8	0	43	24	19	2	2	2	1	2	4	2	1	1	0	0	0	2	2	2	0	4	2	1	2	2	0	0	0	3	0	0	3	0	0	0	1
chr9	42267833	42268209	377	9	0	377	233	144	26	11	12	31	18	16	14	17	16	8	7	10	19	5	7	14	18	10	1	11	18	9	1	9	12	9	0	5	17	9	0	15
chr9	42268210	42268242	33	8	0	33	29	4	21	0	4	0	0	0	0	0	3	0	0	0	0	0	0	0	0	0	0	0	0	0	0	0	0	0	0	0	0	0	0	3
chr9	42268245	42268319	75	8	0	75	34	41	0	1	4	1	5	5	4	1	1	2	5	2	0	2	0	0	2	3	0	5	6	2	0	3	5	2	0	3	2	4	0	3
chr9	42268320	42268381	62	9	0	62	26	36	0	1	3	1	2	1	5	0	3	1	3	1	0	2	2	0	1	2	0	2	3	1	0	4	2	4	3	5	3	2	1	2
chr9	42268382	42268396	15	8	0	15	8	7	3	0	0	1	0	0	0	0	0	0	0	0	0	0	1	1	0	0	0	0	0	1	2	0	1	2	0	1	0	0	0	0
chr9	42268405	42268492	88	8	0	88	48	40	13	2	4	1	5	3	4	1	2	2	2	2	1	0	2	2	1	3	0	3	6	1	1	5	2	6	1	3	4	3	0	1
chr9	42268493	42268746	254	9	0	254	159	95	15	6	6	20	7	5	9	14	9	4	6	6	16	6	6	24	6	6	2	7	11	5	3	5	7	8	1	7	11	6	0	8
chr9	42268747	42268811	65	8	0	65	43	22	11	0	2	3	2	5	2	2	1	1	1	0	3	2	2	5	4	0	1	3	0	0	1	1	6	1	0	1	1	1	0	1
chr9	42268812	42268864	53	9	0	53	31	22	7	2	3	1	2	1	3	0	1	0	4	1	3	1	1	0	2	1	0	1	3	1	0	1	0	1	0	5	1	2	0	3
chr9	42268865	42268892	28	8	0	28	15	13	0	3	1	1	0	0	1	1	4	1	1	0	1	0	1	0	2	0	1	1	0	0	0	1	0	0	1	0	0	1	2	2
chr9	42268893	42268948	56	9	0	56	30	26	0	0	1	3	2	2	4	2	1	2	1	3	2	3	1	2	2	2	0	2	4	2	0	2	1	3	0	0	3	1	0	3
chr9	42268949	42268986	38	8	0	38	26	12	4	2	0	4	1	0	2	4	1	1	0	1	4	0	0	0	3	0	0	0	1	1	0	0	1	1	0	2	3	0	0	0
chr9	42268987	42269098	112	9	0	112	61	51	9	6	4	2	7	5	9	1	2	1	3	5	2	3	1	0	6	4	0	4	7	1	0	3	5	4	0	5	4	2	0	5
chr9	42269138	42269173	36	6	0	36	15	21	0	0	1	2	3	1	2	1	0	0	3	1	0	0	0	0	0	0	0	1	1	0	1	0	5	2	2	4	2	0	1	1
chr9	42269181	42269351	171	9	0	171	83	88	7	2	3	8	4	7	8	7	5	4	8	5	4	3	6	1	6	4	3	3	6	6	5	8	6	9	2	7	8	7	0	7
chr9	42269352	42269454	103	8	0	103	52	51	6	3	4	3	4	3	6	3	5	3	5	0	1	0	2	2	3	2	3	2	3	2	0	5	9	4	3	2	1	2	2	8
chr9	42269455	42269714	260	9	0	260	160	100	14	6	12	12	8	8	11	13	12	5	7	11	10	9	3	18	12	4	1	11	7	6	2	7	8	1	0	5	14	11	1	9
chr9	42269733	42270035	303	9	0	303	187	116	29	8	16	7	9	8	12	13	12	5	14	9	11	8	6	19	10	6	1	12	8	4	1	11	10	6	0	6	13	8	0	19
chr9	42270036	42270072	37	8	0	37	23	14	3	1	3	0	0	1	1	1	2	0	0	2	2	1	1	4	1	1	0	1	1	2	1	0	1	0	0	1	0	1	0	3
chr9	42270073	42270113	41	6	0	41	27	14	1	2	1	2	1	0	1	4	1	1	1	2	3	2	0	4	4	1	0	0	0	1	0	3	0	0	0	0	2	2	0	0
chr9	42270114	42270165	52	9	0	52	43	9	7	3	0	7	2	1	0	2	0	0	0	0	8	1	1	9	2	2	0	1	1	0	0	1	2	0	0	0	0	0	0	0
chr9	42270166	42270217	52	8	0	52	34	18	5	6	1	2	4	1	2	3	4	0	0	0	1	1	2	0	4	1	0	3	1	1	0	1	1	0	0	1	4	1	0	0
chr9	42270218	42270412	195	9	0	195	106	89	8	7	8	3	9	7	8	14	7	9	8	3	3	4	5	2	13	6	1	7	7	3	1	5	8	3	1	6	10	4	2	11
chr9	42270413	42270495	83	8	0	83	51	32	7	3	4	5	5	1	3	3	4	0	5	3	4	0	1	1	2	0	0	2	1	2	0	3	6	2	0	2	3	2	0	7
chr9	42270496	42270726	231	9	0	231	153	78	20	10	8	19	11	7	6	13	14	1	2	7	12	3	4	15	6	9	0	6	11	4	0	5	8	4	0	0	13	3	0	8
chr9	42270727	42270847	121	8	0	121	67	54	7	1	3	6	3	5	4	3	0	1	4	6	7	3	4	8	2	2	0	6	7	3	3	4	4	7	2	3	3	5	1	2
chr9	42270848	42270958	111	9	0	111	53	58	8	2	1	3	2	4	5	1	1	5	3	3	3	4	6	1	4	4	3	4	6	5	4	3	0	5	3	4	2	3	2	5
chr9	42270959	42271057	99	8	0	99	40	59	0	3	0	1	2	6	8	1	2	1	8	2	0	1	4	0	2	3	1	5	5	1	2	6	6	7	2	5	4	4	1	4
chr9	42271063	42271171	109	8	0	109	59	50	15	0	4	3	3	6	6	1	1	2	3	5	3	3	1	1	1	4	3	3	6	1	1	6	3	6	1	4	6	3	1	1
chr9	42271172	42271235	64	9	0	64	38	26	12	2	0	1	1	1	1	1	1	2	3	4	2	2	2	2	1	3	2	1	2	2	2	1	0	0	2	0	1	2	2	4
chr9	42271237	42271279	43	8	0	43	16	27	0	0	0	0	0	3	2	0	0	2	1	0	1	2	3	0	1	2	2	2	4	3	2	0	0	3	2	3	1	1	0	1
chr9	42271280	42271342	63	9	0	63	23	40	0	1	1	2	2	1	3	1	2	0	7	1	0	0	2	0	0	1	0	1	1	2	3	5	4	5	2	4	2	4	1	3
chr9	42271343	42271521	179	8	0	179	97	82	12	3	9	3	5	9	6	12	7	6	7	5	3	5	4	0	5	5	3	10	9	2	1	6	8	3	0	4	10	8	0	7
chr9	42271522	42271703	182	9	0	182	123	59	31	2	11	12	13	3	3	8	7	4	4	9	4	3	4	3	7	4	0	2	5	1	0	4	5	0	0	7	10	5	0	9
chr9	42271704	42271730	27	8	0	27	11	16	0	0	1	0	1	0	3	1	0	2	2	1	0	0	0	0	0	0	0	2	1	1	0	0	3	1	1	1	1	0	1	2
chr9	42271731	42271853	123	9	0	123	45	78	0	1	2	2	2	5	10	2	2	1	8	3	1	2	3	0	1	2	1	5	8	4	4	7	6	11	5	9	4	6	2	2
chr9	42271854	42271932	79	8	0	79	46	33	12	2	0	2	2	2	2	3	1	3	4	4	2	2	3	1	2	4	2	1	2	2	2	3	0	1	0	1	5	3	0	4
chr9	42271933	42272080	148	9	0	148	74	74	9	3	4	6	6	4	7	6	6	2	3	3	2	3	6	3	3	4	1	4	9	3	3	7	6	9	3	7	5	6	1	2
chr9	42272081	42272105	25	8	0	25	15	10	0	1	1	2	2	0	0	2	1	0	1	0	1	2	1	0	1	0	0	1	0	1	0	1	1	1	0	0	2	0	0	1
chr9	42272106	42272661	556	9	0	556	313	243	35	13	27	20	19	20	25	23	22	15	22	12	18	10	13	17	21	15	1	21	24	20	0	22	19	13	1	15	24	18	0	29
chr9	42272662	42272692	31	8	0	31	13	18	1	1	2	0	1	1	1	0	2	0	0	1	0	0	1	1	0	2	1	0	1	2	1	3	1	1	1	1	1	2	0	0
chr9	42272693	42272841	149	9	0	149	85	64	11	6	8	3	5	4	9	4	7	3	7	2	6	4	2	2	4	4	0	9	9	3	0	4	6	2	0	4	3	7	0	9
chr9	42272842	42272868	27	8	0	27	16	11	1	0	2	2	2	0	0	1	1	1	0	1	1	1	0	2	0	2	0	0	0	3	0	2	0	0	0	0	3	0	0	0
chr9	42272869	42272930	62	9	0	62	39	23	9	4	3	1	2	2	1	3	3	1	1	0	4	3	1	0	3	3	2	1	2	1	0	3	1	0	0	1	2	2	0	1
chr9	42272931	42273016	86	8	0	86	52	34	12	2	5	4	5	3	4	0	4	2	1	1	3	3	1	1	1	5	0	4	5	1	0	3	2	1	0	3	4	2	1	1
chr9	42273017	42273069	53	9	0	53	29	24	3	0	3	3	0	1	4	2	3	1	2	1	3	0	0	2	0	1	1	0	1	0	0	2	2	2	2	5	4	0	1	2
chr9	42273070	42273362	293	8	0	293	139	154	17	9	3	6	11	13	20	8	3	8	17	7	4	5	6	1	13	9	3	10	17	9	3	14	12	14	2	12	10	11	4	10
chr9	42273363	42273434	72	8	0	72	40	32	3	2	3	2	2	1	3	5	5	1	2	1	1	3	2	2	3	2	0	2	3	5	0	2	2	1	0	3	3	2	0	4
chr9	42273435	42273859	425	9	0	425	224	201	13	9	18	16	16	15	26	20	19	10	16	12	8	7	13	6	18	11	1	11	20	11	0	17	20	10	0	23	19	15	1	22
chr9	42273860	42273943	84	8	0	84	42	42	5	0	6	2	2	3	4	2	6	1	3	2	0	2	1	2	1	3	0	2	4	2	1	5	3	4	2	2	3	3	1	5
chr9	42273944	42274027	84	9	0	84	53	31	6	4	3	6	4	0	3	4	4	3	2	1	5	1	3	3	4	3	0	1	3	2	0	4	1	0	0	1	3	4	0	4
chr9	42274028	42274073	46	8	0	46	32	14	4	1	2	6	1	0	2	3	4	1	1	0	3	1	1	1	1	1	0	1	1	0	0	1	1	0	0	1	2	1	0	3
chr9	42274074	42274201	128	9	0	128	95	33	17	1	6	18	2	0	2	9	10	2	2	1	12	3	3	6	2	1	0	3	2	1	1	1	2	2	0	2	7	1	1	6
chr9	42274202	42274268	67	8	0	67	47	20	9	2	3	7	7	1	1	2	4	0	0	3	2	1	1	2	3	0	0	1	3	0	0	0	1	2	0	3	4	1	0	2
chr9	42274269	42274332	64	9	0	64	48	16	13	2	6	4	5	1	1	0	6	1	0	0	2	2	0	4	3	0	0	3	0	0	0	0	1	0	0	1	3	1	0	3
chr9	42274333	42274433	101	8	0	101	57	44	5	2	5	2	3	3	6	2	2	4	2	2	4	6	6	2	5	2	1	8	3	1	0	3	3	1	1	5	3	3	1	3
chr9	42274434	42274896	463	9	0	463	281	182	36	15	21	20	11	18	19	19	25	7	15	15	20	9	15	16	21	12	3	12	20	5	1	9	9	5	1	20	17	13	3	29
chr9	42274897	42274952	56	8	0	56	29	27	2	1	3	0	1	2	4	0	2	0	1	3	1	3	1	5	1	3	0	2	2	2	0	3	2	1	0	3	2	3	0	1
chr9	42274953	42275123	171	9	0	171	94	77	7	5	3	11	9	6	5	8	4	3	3	6	6	4	5	9	11	5	0	2	9	6	2	9	4	8	3	1	4	7	1	3
chr9	42275124	42275233	110	8	0	110	65	45	2	1	8	6	4	3	5	3	5	3	8	5	6	0	2	4	0	3	0	4	0	1	0	6	4	1	0	3	10	1	0	10
chr9	42275234	42275259	26	6	0	26	13	13	1	1	0	0	0	0	3	1	1	0	4	1	0	0	0	0	0	0	0	1	0	0	0	0	2	0	0	2	2	0	1	4
chr9	42275261	42275310	50	9	0	50	18	32	0	0	2	1	1	1	2	0	2	1	6	1	0	0	0	0	0	1	1	0	2	4	1	5	0	4	2	2	2	3	0	4
chr9	42275311	42275347	37	8	0	37	16	21	0	1	1	0	0	1	4	1	1	0	1	1	0	2	2	0	0	1	1	2	2	0	0	1	3	1	2	4	1	1	0	1
chr9	42275348	42275414	67	9	0	67	36	31	3	2	4	3	4	1	5	0	4	1	2	2	1	1	0	2	3	2	0	0	2	3	0	4	2	1	0	4	3	3	0	3
chr9	42275415	42275520	106	8	0	106	53	53	1	2	2	4	4	3	3	7	2	4	7	6	2	1	0	5	4	2	2	1	5	4	2	4	4	3	0	1	4	6	3	6
chr9	42275521	42275640	120	9	0	120	81	39	15	3	2	13	4	5	6	6	6	1	3	2	8	0	2	4	4	3	0	2	3	0	0	2	7	2	0	3	6	0	0	6
chr9	42275641	42275660	20	6	0	20	16	4	3	1	0	2	1	0	0	2	1	0	0	0	1	1	0	2	2	0	0	0	0	0	0	0	0	0	0	0	2	0	0	0
chr9	42275666	42275889	224	9	0	224	132	92	15	9	8	11	8	8	16	5	14	5	6	5	6	4	3	7	12	2	2	10	6	4	1	7	8	4	0	6	11	8	1	10
chr9	42275890	42275992	103	8	0	103	64	39	7	0	4	8	5	2	2	7	3	4	5	5	4	3	1	4	4	3	0	2	4	0	0	4	4	0	0	0	4	4	2	6
chr9	42275993	42276050	58	9	0	58	31	27	4	2	2	0	1	4	4	1	4	1	6	1	0	0	0	0	2	1	0	4	4	1	0	0	1	0	0	1	3	3	0	6
chr9	42276051	42276090	40	8	0	40	23	17	0	1	0	3	3	2	1	3	1	0	1	2	0	4	0	2	4	1	0	2	3	0	0	0	1	0	0	0	1	3	0	0
chr9	42276091	42276286	196	9	0	196	106	90	13	8	11	1	7	5	8	8	10	4	10	2	4	0	7	7	5	7	0	5	5	7	1	9	11	3	0	10	7	6	1	12
chr9	42276287	42276337	51	8	0	51	29	22	2	1	2	3	2	1	0	4	3	1	4	1	1	1	0	2	2	1	0	1	1	1	0	3	1	1	1	1	4	2	1	1
chr9	42276338	42276540	203	9	0	203	106	97	11	2	10	6	9	7	7	12	6	4	7	4	3	5	6	6	4	8	0	6	13	5	1	10	12	8	0	8	6	8	1	6
chr9	42276541	42276616	76	8	0	76	39	37	5	3	2	2	3	2	6	2	3	2	3	1	1	1	1	1	2	3	0	3	6	2	0	3	1	5	0	2	5	1	0	3
chr9	42276617	42276673	57	9	0	57	20	37	0	0	0	1	0	3	3	2	0	0	3	4	1	1	1	1	1	1	1	1	4	2	1	4	2	6	4	2	1	3	2	0
chr9	42276674	42276757	84	8	0	84	46	38	8	2	1	4	2	2	2	3	2	3	4	2	3	2	4	1	2	4	1	1	3	3	3	3	0	3	0	3	4	2	0	5
chr9	42276758	42276821	64	9	0	64	26	38	0	1	0	1	0	3	5	2	2	2	4	1	0	2	2	0	3	3	0	2	3	2	3	4	2	3	0	3	3	3	1	2
chr9	42276822	42276927	106	8	0	106	57	49	17	3	2	2	6	3	6	0	0	4	8	2	1	0	0	1	4	1	2	3	3	2	2	2	6	4	2	4	2	2	2	8
chr9	42276928	42277029	102	9	0	102	46	56	2	2	1	4	2	6	7	2	3	0	7	2	2	2	2	2	2	5	1	2	6	3	0	7	5	4	1	7	4	4	2	1
chr9	42277030	42277134	105	8	0	105	53	52	7	5	3	0	6	7	7	2	2	2	5	0	0	1	3	2	4	3	0	8	4	1	0	3	10	2	2	5	5	2	0	2
chr9	42277135	42277514	380	9	0	380	200	180	12	9	18	13	16	14	19	16	13	9	25	6	11	9	3	7	17	12	0	12	15	10	0	20	14	11	1	14	19	11	3	19
chr9	42277515	42277540	26	8	0	26	12	14	2	1	0	0	1	2	1	2	0	0	0	1	0	0	0	0	0	3	0	0	3	2	0	1	2	1	0	1	1	0	0	0
chr9	42277541	42277747	207	9	0	207	113	94	14	6	8	8	4	5	13	7	11	8	7	3	7	3	4	4	8	3	5	6	7	3	1	11	7	7	2	4	7	8	2	12
chr9	42277748	42277807	60	8	0	60	28	32	1	1	1	0	1	4	5	1	1	5	4	0	0	0	3	1	4	1	0	4	0	1	0	5	2	2	0	1	5	2	0	3
chr9	42277808	42277931	124	9	0	124	85	39	17	6	6	8	7	2	4	5	5	2	2	3	7	1	1	7	6	1	0	4	3	2	0	1	5	1	0	4	4	2	2	4
chr9	42277949	42278011	63	8	0	63	24	39	0	2	1	1	2	5	6	1	2	0	4	0	0	0	0	0	3	0	0	4	4	2	2	2	6	5	1	2	1	3	1	1
chr9	42278012	42278312	301	9	0	301	154	147	15	5	5	12	10	12	14	8	4	4	12	12	8	8	12	12	9	9	2	8	13	15	5	13	9	13	4	14	13	9	1	9
chr9	42278313	42278356	44	8	0	44	27	17	3	3	0	3	4	1	0	2	1	0	2	0	1	2	3	1	1	1	1	2	0	0	1	1	3	1	0	2	3	0	0	0
chr9	42278357	42278489	133	9	0	133	100	33	18	5	6	11	8	3	1	5	5	1	2	4	8	1	3	18	6	1	0	3	3	0	0	1	3	1	0	2	5	2	0	5
chr9	42278490	42278591	102	8	0	102	63	39	4	5	3	9	5	3	4	6	4	0	2	5	7	2	1	2	3	1	2	3	3	1	0	2	6	2	1	3	6	2	1	2
chr9	42278596	42278662	67	10	0	67	46	21	9	4	5	2	2	3	1	0	5	0	2	3	4	0	2	2	1	3	0	3	2	0	0	2	0	0	0	0	3	1	0	6
chr9	42278663	42278710	48	8	0	48	34	14	6	2	3	2	0	1	0	1	3	1	1	0	4	1	6	3	1	0	0	4	0	0	0	1	0	0	0	2	1	1	0	2
chr9	42278711	42278919	209	10	0	209	144	65	16	5	6	20	7	5	6	10	8	4	6	3	16	11	7	13	14	4	1	6	4	1	0	5	4	1	0	3	6	4	1	10
chr9	42278920	42279028	109	8	0	109	79	30	12	5	2	7	3	2	1	5	3	0	3	3	8	6	6	11	6	2	1	4	0	0	2	1	1	0	1	2	4	1	0	5
chr9	42279029	42279366	338	10	0	338	209	129	22	9	9	21	8	10	14	15	17	7	11	10	14	8	18	14	19	5	3	8	3	5	3	11	12	4	2	8	13	8	0	25
chr9	42279376	42279789	414	10	0	414	239	175	34	19	13	17	16	16	15	15	10	6	23	9	23	7	4	11	19	9	6	14	11	9	6	13	14	11	2	13	18	10	4	15
chr9	42279790	42279841	52	8	0	52	34	18	15	2	0	1	1	2	2	0	1	1	0	0	2	3	2	1	3	2	2	1	1	2	2	0	0	1	0	1	1	0	0	1
chr9	42279842	42280038	197	8	0	197	84	113	3	2	8	2	7	13	11	0	4	4	13	8	2	2	4	0	5	9	2	5	11	8	5	10	7	9	3	9	7	8	2	12
chr9	42280039	42280126	88	10	0	88	44	44	4	1	4	2	5	5	6	2	0	4	4	2	2	2	0	0	5	2	0	5	5	4	0	1	2	2	0	7	6	2	0	2
chr9	42280127	42280205	79	8	0	79	43	36	5	5	3	1	0	3	4	2	2	1	1	0	7	5	3	1	3	4	1	6	3	4	1	1	2	1	0	4	1	1	2	0
chr9	42280206	42280579	374	10	0	374	198	176	13	12	10	12	15	11	22	10	10	10	23	12	9	6	9	14	10	10	2	17	17	12	2	16	13	7	1	13	18	18	1	17
chr9	42280580	42280732	153	8	0	153	72	81	8	2	2	6	5	6	7	1	2	5	7	3	3	5	5	4	2	6	5	5	7	8	5	7	5	9	1	3	5	4	3	5
chr9	42280733	42280899	167	10	0	167	95	72	8	6	6	6	8	5	8	5	5	5	5	4	6	3	6	7	10	2	2	5	6	4	0	5	4	4	3	7	6	5	1	8
chr9	42280900	42280927	28	8	0	28	13	15	2	0	1	0	0	3	2	1	1	1	1	1	0	0	0	0	2	0	0	1	3	1	0	0	1	1	0	0	0	1	0	3
chr9	42280928	42281002	75	10	0	75	36	39	1	1	5	0	3	2	3	6	1	1	1	4	2	2	2	2	1	2	1	2	4	1	0	5	7	5	1	1	2	3	0	2
chr9	42281003	42281053	51	8	0	51	28	23	2	1	2	2	2	2	4	3	3	1	0	2	0	3	0	1	4	1	0	2	2	2	0	2	2	0	0	0	3	3	0	0
chr9	42281054	42281409	356	10	0	356	205	151	19	5	17	22	9	10	19	15	25	5	15	14	10	6	5	9	11	6	0	9	11	10	2	11	10	7	2	11	19	11	4	25
chr9	42281410	42281453	44	8	0	44	28	16	2	1	1	2	1	1	1	5	2	1	3	4	2	0	0	0	3	0	0	0	2	0	0	1	0	0	0	0	3	3	0	4
chr9	42281454	42281508	55	10	0	55	31	24	1	2	2	1	0	0	1	7	3	2	3	2	1	2	1	2	2	1	1	2	2	3	0	2	0	0	0	0	3	3	1	3
chr9	42281509	42281542	34	6	0	34	20	14	0	1	1	1	2	1	2	3	1	0	1	1	1	2	0	1	4	0	0	1	0	0	0	0	4	0	0	2	0	0	2	1
chr9	42281543	42281693	151	10	0	151	90	61	14	2	9	6	6	5	6	9	3	5	1	5	7	2	3	6	3	4	0	7	5	4	0	6	12	5	0	1	6	2	0	5
chr9	42281694	42281719	26	8	0	26	15	11	2	1	4	0	2	0	1	0	2	1	1	0	0	0	0	0	1	1	0	0	0	0	0	1	1	0	0	3	1	0	0	2
chr9	42281720	42281809	90	10	0	90	50	40	25	1	3	0	1	3	5	1	1	2	4	1	1	0	1	0	2	1	0	2	3	4	1	6	2	5	1	4	3	4	0	1
chr9	42281810	42281906	97	8	0	97	36	61	0	1	2	1	2	6	4	3	2	2	11	2	0	0	0	0	1	2	1	4	6	3	4	2	4	5	5	6	4	5	2	5
chr9	42281907	42282020	114	10	0	114	54	60	9	2	0	3	1	4	4	1	1	4	5	3	3	5	7	1	2	4	4	5	6	6	4	3	0	5	3	4	2	3	3	5
chr9	42282021	42282132	112	8	0	112	45	67	2	0	4	2	2	6	4	4	2	2	6	4	1	1	4	0	2	3	1	3	4	5	5	9	4	10	3	3	5	5	1	3
chr9	42282133	42282661	529	10	0	529	324	205	40	13	18	32	15	19	19	23	23	16	15	17	25	6	14	28	23	9	6	16	15	18	3	13	12	8	1	9	26	14	3	28
chr9	42282662	42282793	132	8	0	132	85	47	14	4	9	6	3	3	5	3	6	3	2	4	10	1	1	10	5	3	0	3	5	3	1	3	1	2	1	4	3	4	2	6
chr9	42282794	42283016	223	10	0	223	138	85	29	7	12	14	10	3	5	11	12	3	6	2	11	3	4	5	4	7	0	5	7	6	2	10	9	4	1	6	9	8	0	6
chr9	42283017	42283048	32	8	0	32	21	11	1	2	2	1	0	0	0	1	1	0	0	2	4	0	0	6	0	1	0	1	0	3	0	2	0	0	0	0	1	2	0	0
chr9	42283049	42283275	227	10	0	227	125	102	7	6	11	10	12	8	6	10	8	7	7	7	7	9	6	3	8	10	1	10	14	10	0	7	6	2	2	2	8	9	1	11
chr9	42283276	42283349	74	8	0	74	40	34	2	1	2	6	5	4	3	3	3	1	3	3	1	2	1	0	3	4	0	1	3	2	0	5	3	1	0	0	5	2	0	3
chr9	42283350	42283403	54	10	0	54	29	25	1	1	1	0	1	5	2	3	2	1	1	3	0	2	2	2	5	2	1	1	2	1	1	1	3	0	0	1	1	2	0	4
chr9	42283404	42283438	35	8	0	35	25	10	5	4	2	0	5	0	0	1	1	2	0	1	0	0	1	2	3	0	0	3	0	0	0	0	0	0	0	0	3	0	0	0
chr9	42283439	42283568	130	10	0	130	96	34	13	5	5	11	5	1	3	5	4	1	1	7	12	6	5	11	4	3	0	5	1	0	0	3	1	1	0	2	8	0	0	5
chr9	42283569	42283606	38	8	0	38	30	8	6	2	3	4	2	0	1	0	1	0	0	0	6	1	0	3	0	1	0	2	1	0	0	0	1	0	0	1	1	0	0	0
chr9	42283607	42283943	337	10	0	337	234	103	39	13	20	24	16	5	5	10	13	4	8	10	28	6	10	22	11	5	0	12	8	3	0	11	8	5	0	5	10	9	0	15
chr9	42283948	42283994	47	6	0	47	32	15	4	1	5	2	3	0	0	2	4	1	1	2	1	1	2	2	1	1	0	1	0	0	0	1	1	0	0	1	4	0	0	4
chr9	42283995	42284021	27	8	0	27	19	8	0	1	2	4	0	1	0	0	3	0	0	1	4	0	1	1	1	0	1	0	0	0	0	1	0	0	0	0	1	1	0	2
chr9	42284022	42284330	309	10	0	309	210	99	31	13	13	24	19	4	9	11	11	6	8	7	20	10	9	14	11	5	0	17	3	2	3	5	12	1	1	6	16	5	0	11
chr9	42284331	42284372	42	8	0	42	31	11	7	1	3	3	2	0	0	2	3	0	0	3	2	0	1	2	1	0	0	0	1	0	0	1	0	1	0	1	2	1	0	3
chr9	42284373	42284859	487	10	0	487	334	153	50	17	17	45	27	20	8	18	20	8	11	11	32	10	8	32	34	7	0	13	13	8	0	11	6	6	0	4	20	11	2	16
chr9	42284860	42284926	67	8	0	67	42	25	5	1	1	4	2	1	2	2	1	1	2	1	4	3	3	7	2	2	0	2	4	3	0	3	1	3	0	0	0	2	0	3
chr9	42284927	42284979	53	10	0	53	33	20	4	2	0	0	2	4	4	0	1	0	1	2	0	4	2	6	5	1	0	4	1	1	0	1	1	0	0	1	2	1	0	1
chr9	42284980	42285016	37	8	0	37	24	13	2	0	1	4	1	0	2	2	1	1	2	3	3	1	0	0	1	1	0	0	0	0	0	2	2	0	0	0	2	1	0	3
chr9	42285017	42285349	333	10	0	333	193	140	22	7	13	17	15	8	22	10	16	9	12	17	6	4	6	8	16	2	0	10	13	5	0	13	9	4	0	13	18	20	0	16
chr9	42285350	42285411	62	8	0	62	39	23	11	1	4	2	3	2	2	2	3	1	3	3	0	0	0	0	2	2	0	0	2	1	0	0	2	0	1	3	3	0	1	6
chr9	42285417	42285531	115	8	0	115	60	55	14	4	1	3	6	4	6	3	3	1	10	2	0	1	1	0	2	3	1	4	4	2	1	6	8	4	1	3	5	4	1	5
chr9	42285532	42286303	772	10	0	772	451	321	45	17	23	52	32	26	33	24	27	13	24	21	33	22	24	33	28	23	2	25	38	20	3	27	20	23	5	22	30	22	2	31
chr9	42286304	42286408	105	8	0	105	56	49	5	4	3	1	0	7	5	4	3	3	4	5	5	1	2	4	8	2	1	4	3	4	0	6	0	3	0	1	5	5	2	3
chr9	42286409	42286536	128	10	0	128	75	53	8	6	3	4	3	1	2	11	4	2	4	3	6	4	6	6	5	6	1	1	2	7	0	8	6	1	0	3	5	3	1	4
chr9	42286537	42286863	327	8	0	327	198	129	35	8	17	13	14	11	16	13	8	8	6	2	16	12	2	16	18	6	5	10	14	6	0	7	19	7	1	11	4	7	0	13
chr9	42286864	42286935	72	10	0	72	41	31	7	4	4	3	3	0	5	0	6	1	3	0	2	1	1	0	2	2	0	2	3	2	0	4	2	2	0	2	1	3	0	5
chr9	42286936	42286982	47	8	0	47	28	19	5	3	3	2	4	1	1	1	4	1	1	1	0	0	0	0	2	0	0	2	3	2	0	0	0	1	0	1	3	2	0	2
chr9	42286983	42287147	165	10	0	165	93	72	13	8	8	3	10	4	8	5	4	3	8	5	3	0	4	5	5	2	0	8	7	5	0	5	7	6	0	7	8	4	0	8
chr9	42287148	42287188	41	8	0	41	28	13	4	1	2	3	0	0	2	1	3	1	3	3	2	0	1	1	1	1	0	0	0	0	0	1	0	0	0	0	2	0	0	7
chr9	42287208	42287393	186	10	0	186	140	46	38	6	11	14	5	4	6	3	7	4	1	5	17	4	1	12	9	3	2	4	1	1	0	3	3	0	0	3	5	1	2	9
chr9	42287404	42287528	125	10	0	125	74	51	18	4	4	6	3	1	9	2	4	1	3	1	6	3	3	4	3	2	0	4	5	4	1	5	5	9	1	3	2	0	0	7
chr9	42287529	42287614	86	8	0	86	46	40	10	3	1	3	1	3	4	3	4	5	3	0	2	1	1	0	3	3	4	2	3	5	1	3	0	1	3	0	5	3	0	4
chr9	42287615	42287645	31	6	0	31	18	13	3	2	2	1	2	0	1	1	2	0	1	0	1	1	0	0	0	0	2	1	1	0	0	1	1	2	0	1	2	0	0	1
chr9	42287646	42287694	49	8	0	49	30	19	10	0	3	3	3	2	0	1	1	1	2	0	1	0	1	0	2	1	0	1	1	4	0	2	3	0	0	1	0	2	0	2
chr9	42287695	42287707	13	10	0	13	13	0	11	0	0	0	0	0	0	0	0	0	0	0	0	0	0	0	0	0	0	0	0	0	0	0	0	0	0	0	0	0	0	0
chr9	42287708	42287779	72	10	0	72	32	40	2	1	2	2	0	2	4	3	2	3	2	2	3	2	0	1	2	2	2	2	3	8	2	2	3	3	1	1	2	2	1	3
chr9	42287780	42287854	75	8	0	75	30	45	0	2	4	0	1	2	6	1	3	4	2	1	2	0	0	0	3	2	1	2	4	6	2	6	1	4	1	2	3	6	0	2
chr9	42287855	42287875	21	6	0	21	6	15	0	0	1	0	0	0	2	0	0	0	2	0	0	0	0	0	0	0	0	0	0	6	0	2	1	1	0	2	0	1	0	1
chr9	42287876	42288440	565	10	0	565	196	369	5	9	9	6	6	36	36	6	12	19	22	10	6	8	4	2	19	23	14	15	37	65	19	28	20	36	13	15	8	26	16	13
chr9	42288441	42288544	104	8	0	104	26	78	1	0	2	0	2	3	9	3	0	2	2	1	0	0	0	0	1	3	1	0	8	13	5	8	8	16	6	4	0	2	0	2
chr9	42288545	42289019	475	10	0	475	163	312	11	4	16	4	10	18	29	2	12	18	20	7	2	2	7	1	10	17	7	8	20	65	21	25	18	30	14	18	11	21	4	21
chr9	42289031	42289844	814	10	0	814	324	490	24	15	24	16	20	29	47	11	23	22	42	11	12	8	14	6	22	29	3	19	45	83	27	44	19	48	13	38	21	39	12	26
chr9	42289845	42289984	140	8	0	140	65	75	7	3	2	5	4	4	7	4	3	3	8	2	3	4	4	1	3	7	1	3	10	6	2	7	2	7	3	8	4	5	2	4
chr9	42289985	42290082	98	10	0	98	53	45	13	7	2	0	10	3	3	1	0	2	6	3	0	2	0	0	8	2	1	3	5	3	2	2	1	4	0	2	3	3	1	4
chr9	42290088	42290555	468	10	0	468	341	127	60	11	25	50	14	3	13	15	30	7	7	13	42	11	17	22	13	2	0	18	6	0	2	5	8	3	1	12	18	8	3	27
chr9	42290556	42290998	443	8	0	443	230	213	49	14	8	12	16	13	17	12	7	11	22	12	11	5	10	10	17	10	4	13	20	12	12	13	10	18	15	16	11	17	9	15
chr9	42290999	42291283	285	10	0	285	182	103	32	9	21	10	13	3	10	7	15	6	4	8	12	10	7	15	11	8	0	9	5	8	0	14	3	5	0	5	13	6	0	14
chr9	42291284	42291319	36	8	0	36	23	13	4	0	1	3	2	2	0	4	2	1	0	3	0	0	0	0	3	0	0	0	2	0	0	1	0	0	0	0	2	3	0	1
chr9	42291320	42291552	233	10	0	233	122	111	14	5	15	7	6	4	13	6	16	7	13	0	5	2	6	3	7	5	0	6	7	13	0	15	6	5	0	9	8	11	0	17
chr9	42291553	42291627	75	8	0	75	38	37	2	1	6	3	4	0	4	0	5	2	3	2	1	1	2	1	0	2	0	2	1	1	1	7	2	4	1	3	5	3	1	3
chr9	42291628	42291726	99	10	0	99	57	42	2	6	2	4	5	3	4	7	5	1	2	4	2	1	0	7	6	2	0	3	6	2	1	2	4	3	0	1	3	4	1	4
chr9	42291727	42291787	61	8	0	61	45	16	9	3	2	5	3	0	1	2	3	0	1	1	4	4	3	3	3	1	0	2	2	0	0	0	0	1	0	1	1	0	0	4
chr9	42291788	42291834	47	10	0	47	36	11	6	1	2	4	3	0	0	0	0	1	1	1	5	1	5	5	1	0	0	2	0	0	0	0	1	0	0	3	1	0	0	2
chr9	42291885	42292050	166	10	0	166	116	50	12	6	5	15	8	6	5	6	5	3	4	5	13	5	4	14	13	0	0	6	1	1	0	4	2	3	0	1	8	2	0	7
chr9	42292091	42292152	62	10	0	62	44	18	6	2	2	6	2	3	0	5	3	0	2	1	5	5	1	0	7	1	0	2	0	0	1	0	0	0	0	0	2	0	1	3
chr9	42292153	42292202	50	8	0	50	39	11	13	1	2	4	3	1	0	3	2	1	0	2	2	1	2	1	3	0	0	1	0	0	0	0	0	0	0	0	3	0	0	3
chr9	42292203	42292399	197	10	0	197	149	48	25	6	5	22	8	2	2	13	9	3	2	3	15	6	5	22	10	2	1	4	3	1	1	2	2	2	0	2	10	1	0	6
chr9	42292400	42292447	48	6	0	48	32	16	8	0	5	3	1	0	2	1	5	1	0	0	2	2	0	2	1	1	0	1	0	1	0	3	1	0	0	0	2	2	0	2
chr9	42292448	42292561	114	8	0	114	73	41	10	3	3	5	3	3	7	9	5	3	3	5	3	4	0	5	9	1	0	3	2	1	0	1	3	1	0	4	9	1	0	6
chr9	42292562	42292780	219	10	0	219	143	76	26	5	13	13	12	9	6	10	12	5	4	2	7	8	4	5	16	4	0	8	5	1	0	5	4	4	0	6	13	2	0	8
chr9	42292782	42292833	52	8	0	52	25	27	0	0	0	0	0	8	2	0	0	2	13	0	0	0	0	0	9	0	0	0	0	0	0	1	0	0	0	0	1	0	0	14
chr9	42292834	42292910	77	10	0	77	46	31	6	2	3	3	4	1	4	2	1	3	4	1	3	3	4	2	2	2	0	5	0	2	0	2	4	0	0	4	4	0	0	4
chr9	42292911	42293175	265	10	0	265	190	75	34	14	10	15	12	1	3	15	7	5	5	10	19	9	8	22	13	4	4	8	6	2	0	6	1	0	0	3	11	7	0	9
chr9	42293176	42293428	253	10	0	253	172	81	31	8	11	14	6	8	7	12	14	2	5	8	13	9	6	18	10	6	0	10	8	3	0	6	1	3	0	4	14	5	0	9
chr9	42293429	42293963	535	10	0	535	336	199	43	16	23	34	18	14	18	22	22	7	15	15	33	12	16	27	22	8	3	16	13	10	2	21	22	4	2	16	15	24	1	19
chr9	42293964	42294001	38	6	0	38	21	17	1	2	1	1	1	1	0	7	3	0	0	2	0	0	0	2	2	1	0	0	3	1	0	1	1	1	0	0	2	3	0	0
chr9	42294002	42294373	372	10	0	372	236	136	29	13	12	22	22	12	7	17	12	5	11	15	13	11	10	24	20	7	2	12	15	5	3	5	9	5	1	7	13	11	4	16
chr9	42294383	42294402	20	6	0	20	12	8	0	0	0	2	1	1	0	2	0	1	1	1	1	0	1	0	1	0	0	1	0	0	0	0	1	0	0	1	2	0	1	0
chr9	42294403	42294428	26	8	0	26	17	9	3	1	0	0	1	2	0	2	1	0	1	0	0	1	1	2	3	0	0	1	1	0	0	0	0	1	0	1	2	0	0	0
chr9	42294429	42294467	39	10	0	39	27	12	3	0	2	3	2	0	1	1	2	1	1	2	1	4	1	2	3	0	0	2	1	0	0	0	0	0	0	0	1	1	0	3
chr9	42294500	42294564	65	10	0	65	47	18	3	5	2	4	4	1	1	1	2	0	0	2	6	1	3	10	3	2	0	2	1	1	0	3	2	0	0	0	1	2	0	1
chr9	42294565	42294607	43	6	0	43	30	13	6	3	1	3	2	0	1	0	2	0	1	1	3	1	2	4	1	1	0	0	0	0	0	3	1	1	0	0	1	1	0	2
chr9	42294608	42294875	268	10	0	268	181	87	35	10	11	17	12	3	8	11	12	2	12	11	14	5	2	15	10	5	0	5	5	4	0	9	5	2	0	5	15	7	0	14
chr9	42294880	42294951	72	10	0	72	51	21	4	3	5	4	3	2	0	3	3	0	1	1	6	5	3	6	6	2	0	2	1	0	0	2	0	0	0	2	2	1	0	3
chr9	42294952	42294983	32	6	0	32	23	9	1	1	1	2	2	1	0	2	2	0	1	2	0	2	2	2	4	0	0	0	0	0	0	0	0	0	0	0	1	0	0	4
chr9	42294984	42295038	55	10	0	55	30	25	6	1	4	1	1	1	2	0	5	1	2	2	0	1	2	1	1	2	0	1	0	4	0	5	1	1	0	0	2	2	0	4
chr9	42295039	42295095	57	6	0	57	32	25	2	4	1	1	3	2	2	3	3	1	1	2	0	2	2	2	1	5	0	3	3	2	0	2	1	0	0	1	5	0	0	1
chr9	42295105	42295156	52	10	0	52	30	22	5	1	1	2	4	1	1	2	0	0	1	2	1	4	2	1	4	2	0	0	1	3	1	2	3	0	1	2	0	2	0	1
chr9	42295171	42295317	147	10	0	147	110	37	18	5	8	8	7	2	1	5	2	2	4	3	11	5	7	20	11	0	0	3	0	1	0	1	2	1	0	7	2	0	0	9
chr9	42295370	42295407	38	6	0	38	25	13	4	2	1	3	2	0	1	3	2	1	1	0	2	1	1	0	2	1	0	1	1	0	0	1	0	0	0	2	3	1	0	0
chr9	42295420	42295482	63	10	0	63	43	20	3	2	3	4	5	1	0	2	1	0	0	6	3	2	3	6	4	1	0	0	1	1	0	4	0	1	0	1	3	3	0	1
chr9	42295483	42295508	26	6	0	26	17	9	1	1	2	1	2	0	0	0	1	0	3	1	1	2	1	0	1	0	0	2	0	0	0	0	0	0	0	0	1	0	0	4
chr9	42295516	42295567	52	10	0	52	38	14	9	2	1	5	2	0	1	3	2	0	2	0	5	2	1	2	2	1	0	1	0	0	0	1	2	0	0	2	2	1	0	1
chr9	42295572	42295711	140	10	0	140	77	63	15	5	4	5	8	5	5	5	4	3	8	4	2	1	1	2	4	4	1	4	6	3	0	6	6	3	1	4	7	5	3	4
chr9	42295712	42295738	27	6	0	27	12	15	0	0	3	0	1	2	1	1	1	1	0	0	0	0	0	0	0	2	1	0	1	1	1	1	2	1	0	3	2	0	0	0
chr9	42295739	42295978	240	10	0	240	142	98	13	7	7	17	19	4	10	9	4	6	8	11	7	3	7	9	11	4	0	5	8	5	0	11	10	9	0	5	12	6	0	11
chr9	42296020	42296292	273	10	0	273	168	105	17	10	12	19	15	4	9	9	17	3	10	7	9	8	10	9	11	5	0	7	7	7	0	11	7	6	0	5	12	7	0	18
chr9	42296293	42296350	58	6	0	58	39	19	5	0	4	5	3	2	0	1	2	1	1	3	4	0	3	3	0	2	0	1	0	1	0	3	1	1	0	2	6	0	0	2
chr9	42296351	42296407	57	10	0	57	39	18	4	0	6	3	2	0	1	1	3	3	0	0	5	2	4	3	3	1	0	1	0	0	0	3	0	2	0	2	1	0	0	5
chr9	42296426	42296659	234	10	0	234	138	96	16	10	14	4	12	7	8	11	13	4	12	7	3	4	5	8	9	3	0	12	6	2	0	10	5	5	0	6	18	8	0	10
chr9	42296660	42296693	34	6	0	34	24	10	4	1	1	4	0	0	3	1	3	0	1	1	4	0	0	0	1	0	0	0	1	0	0	0	0	1	0	1	2	0	0	3
chr9	42296732	42296888	157	10	0	157	113	44	30	6	6	11	4	4	2	6	7	1	7	5	11	2	3	6	6	3	0	4	3	2	0	4	1	1	0	0	6	3	0	11
chr9	42296889	42296931	43	8	0	43	17	26	0	1	0	0	1	3	4	1	0	1	5	1	0	0	0	0	1	0	0	4	4	1	0	1	3	3	0	1	1	2	0	3
chr9	42296932	42297075	144	6	0	144	68	76	9	2	2	4	3	6	10	3	3	2	8	2	2	4	5	1	4	5	2	4	8	4	1	9	6	9	2	7	5	4	1	5
chr9	42297132	42297181	50	6	0	50	24	26	0	0	2	2	0	3	3	2	1	1	1	2	2	1	0	2	1	2	1	1	2	2	3	1	3	3	0	2	2	1	0	2
chr9	42297182	42297241	60	10	0	60	32	28	3	0	3	1	1	4	2	7	2	3	1	0	2	0	0	2	6	1	0	0	4	1	0	1	4	2	0	2	0	3	0	3
chr9	42297292	42297381	90	10	0	90	51	39	6	3	5	4	6	3	4	2	2	4	2	2	4	0	1	1	6	3	0	1	4	3	0	5	2	3	0	1	3	3	0	5
chr9	42297411	42297639	229	6	0	229	141	88	17	10	4	13	11	5	13	8	5	7	8	7	11	5	7	9	11	5	0	11	8	4	0	6	7	4	0	5	11	5	0	10
chr9	42297640	42297920	281	10	0	281	165	116	14	4	15	17	13	9	9	10	15	6	10	7	8	7	11	10	7	7	0	12	9	6	0	14	9	5	0	8	15	11	0	11
chr9	42297925	42298030	106	10	0	106	66	40	11	5	4	4	1	7	3	2	8	0	5	2	4	3	5	2	8	0	1	5	2	1	1	3	1	0	0	1	1	6	0	8
chr9	42298031	42298086	56	6	0	56	37	19	3	1	0	8	3	1	3	0	4	2	1	1	2	0	3	3	2	2	0	0	1	1	0	3	0	0	0	2	4	2	0	2
chr9	42298087	42298346	260	10	0	260	162	98	15	11	15	10	10	3	11	8	14	5	10	8	12	8	11	10	8	5	0	14	7	3	0	8	6	2	0	8	11	8	0	17
chr9	42298356	42299273	918	10	0	918	507	411	71	26	41	33	29	31	42	31	43	18	39	24	29	8	16	24	28	35	2	18	42	42	0	50	31	21	1	17	32	36	3	53
chr9	42299326	42299724	399	10	0	399	234	165	29	12	12	22	20	11	10	22	12	11	13	9	15	10	10	15	20	13	1	10	19	14	2	15	8	9	1	8	16	14	2	12
chr9	42299762	42299811	50	6	0	50	31	19	1	4	3	1	5	2	0	2	2	0	2	3	1	2	0	2	3	1	2	2	0	1	0	1	2	0	0	0	4	0	0	2
chr9	42299812	42300119	308	10	0	308	200	108	41	10	16	14	15	10	11	8	13	4	6	7	11	7	10	15	17	6	0	8	6	5	0	10	9	7	0	10	12	3	0	15
chr9	42300120	42300205	86	10	0	86	47	39	7	2	3	7	6	1	3	5	1	1	1	1	5	1	1	1	4	0	0	1	8	5	0	2	3	7	0	4	1	2	0	1
chr9	42300221	42300316	96	10	0	96	46	50	4	2	5	1	1	4	6	1	4	3	5	2	2	2	2	0	3	6	0	2	2	7	0	10	2	3	0	1	5	3	0	6
chr9	42300322	42300589	268	10	0	268	164	104	13	7	8	17	8	7	13	12	14	3	14	6	10	6	9	15	11	2	0	11	5	7	0	8	12	5	0	5	12	6	0	20
chr9	42300590	42300635	46	6	0	46	28	18	5	1	5	1	2	0	0	1	2	2	2	0	3	0	1	2	0	1	0	2	1	1	0	4	0	1	0	1	2	2	0	2
chr9	42300636	42301127	492	10	0	492	274	218	31	11	18	22	10	11	24	17	18	12	26	17	23	10	9	14	16	14	3	11	20	20	3	23	11	12	1	10	16	20	5	32
chr9	42301128	42301395	268	6	0	268	129	139	29	5	2	7	7	15	16	3	2	6	17	3	5	5	5	1	8	11	4	8	16	6	4	14	10	13	5	12	8	10	3	6
chr9	42301396	42301559	164	10	0	164	82	82	10	2	5	8	8	5	8	5	4	2	7	4	3	4	4	3	5	5	0	3	10	3	2	11	6	12	0	6	5	7	2	3
chr9	42301560	42301571	12	10	0	12	5	7	0	1	0	0	1	1	1	0	0	0	1	0	0	0	0	0	0	0	0	1	0	0	0	0	2	0	0	1	1	0	0	0
chr9	42301572	42301611	40	10	0	40	16	24	0	0	1	0	1	4	4	0	0	1	2	2	0	0	0	0	1	1	1	2	3	1	0	1	3	2	1	2	2	1	0	2
chr9	42301612	42301709	98	10	0	98	70	28	23	9	0	6	12	0	2	2	1	3	1	1	3	1	1	3	10	1	1	1	1	2	1	1	2	1	0	1	3	1	0	2
chr9	42301710	42301924	215	10	0	215	123	92	12	5	15	11	10	6	7	7	15	4	6	5	5	4	4	5	7	6	2	4	10	7	0	11	5	2	0	7	8	13	0	10
chr9	42301925	42301968	44	6	0	44	21	23	0	2	0	1	1	0	2	4	2	0	2	2	0	0	0	4	2	0	0	0	3	6	0	2	1	1	0	1	1	4	0	1
chr9	42301969	42301983	15	10	0	15	10	5	0	1	1	1	0	0	1	0	1	1	1	0	1	0	0	1	1	0	0	1	0	0	0	0	0	0	0	0	0	0	0	2
chr9	42301984	42302525	542	10	0	542	327	215	42	20	25	27	25	17	19	27	20	9	20	12	27	8	6	21	27	12	0	15	19	14	2	17	14	17	1	16	28	9	1	23
chr9	42302527	42303070	544	10	0	544	351	193	62	18	15	40	29	27	12	26	26	8	10	10	18	11	12	26	36	10	3	15	15	15	3	7	15	6	2	11	28	8	2	16
chr9	42303083	42303219	137	10	0	137	93	44	12	4	3	15	5	5	3	7	4	3	3	4	12	1	1	10	7	4	0	1	6	4	0	3	1	1	0	2	6	4	0	4
chr9	42303243	42303477	235	10	0	235	155	80	20	8	12	16	19	2	4	12	5	7	4	7	13	4	8	13	13	3	0	5	6	2	0	3	7	3	2	12	11	3	2	7
chr9	42303478	42303601	124	6	0	124	55	69	3	2	1	6	4	3	10	2	3	1	8	2	2	3	2	1	2	3	1	3	6	3	2	7	9	8	4	7	3	4	3	4
chr9	42303602	42303671	70	10	0	70	34	36	3	3	1	0	2	4	3	2	2	2	3	2	1	1	4	0	1	6	0	3	5	2	0	5	0	3	0	1	5	2	0	2
chr9	42303673	42303722	50	6	0	50	22	28	1	0	1	1	1	3	3	2	0	0	3	1	1	0	1	2	1	2	0	1	4	3	0	3	3	3	0	4	2	2	0	0
chr9	42303723	42304099	377	10	0	377	205	172	18	7	19	16	9	14	20	14	17	7	15	14	16	2	6	10	15	4	1	10	18	14	0	17	11	14	2	12	14	17	1	21
chr9	42304128	42304153	26	6	0	26	15	11	2	0	0	2	0	2	1	2	0	2	1	0	1	0	1	0	1	2	0	1	1	1	0	1	0	0	0	0	2	0	0	1
chr9	42304154	42304331	178	10	0	178	108	70	9	6	5	11	10	3	11	2	6	4	10	6	7	8	4	5	13	2	0	6	4	3	0	6	4	2	0	4	5	6	0	14
chr9	42304344	42304496	153	10	0	153	89	64	7	2	8	8	6	5	5	4	8	5	9	7	5	2	4	3	6	3	0	5	3	6	1	6	0	1	0	3	11	6	1	11
chr9	42304498	42304886	389	10	0	389	246	143	28	11	19	20	13	9	17	15	23	6	7	12	14	14	17	21	16	5	0	17	11	3	1	8	9	6	0	17	18	9	3	18
chr9	42304910	42305473	564	10	0	564	391	173	52	18	25	45	27	11	17	35	18	13	8	17	42	23	14	25	34	10	0	21	10	1	0	7	18	6	0	10	28	1	0	26
chr9	42305510	42305646	137	10	0	137	105	32	21	4	5	18	8	4	2	3	6	2	2	4	13	2	2	7	4	1	0	7	1	0	0	1	3	0	0	1	10	1	0	3
chr9	42305647	42305683	37	9	0	37	31	6	5	1	1	6	3	0	0	0	0	0	2	1	5	0	0	5	0	0	0	1	0	0	0	0	1	0	0	1	2	0	0	1
chr9	42305688	42305936	249	10	0	249	161	88	24	16	11	14	11	4	14	6	11	5	5	6	19	6	4	4	15	8	0	7	5	3	0	8	6	0	1	7	9	5	1	12
chr9	42305937	42305983	47	8	0	47	28	19	2	1	2	3	2	1	1	3	4	1	2	1	0	1	2	1	4	0	0	0	2	0	0	1	1	0	0	2	1	3	0	4
chr9	42305984	42306028	45	6	0	45	25	20	1	0	2	4	2	0	2	3	2	1	0	2	2	2	1	1	2	0	0	1	1	1	1	1	1	3	0	2	3	1	0	1
chr9	42306029	42306112	84	10	0	84	54	30	12	3	2	5	2	4	3	1	1	2	1	2	7	0	4	3	4	1	1	3	3	1	0	3	2	4	0	2	2	1	1	2
chr9	42306113	42306128	16	6	0	16	10	6	2	0	2	0	2	0	0	0	1	1	0	0	0	0	0	0	0	1	0	0	1	0	0	1	0	0	0	0	1	1	0	1
chr9	42306129	42306142	14	8	0	14	7	7	0	0	1	1	1	0	2	0	0	0	0	1	0	0	0	0	0	0	0	0	0	0	0	1	2	1	0	1	0	0	0	1
chr9	42306144	42306182	39	10	0	39	18	21	1	3	0	0	2	1	3	2	1	1	2	0	0	0	0	0	1	3	0	1	4	2	0	2	1	2	0	1	2	1	0	1
chr9	42306196	42306445	250	10	0	250	151	99	23	15	11	9	15	5	12	8	5	4	8	7	14	4	3	6	14	5	0	9	9	5	0	9	7	8	2	7	10	5	0	9
chr9	42306450	42306757	308	10	0	308	207	101	29	12	8	25	14	7	5	17	8	4	8	10	22	4	8	24	18	5	0	5	9	9	0	11	6	4	0	4	10	11	0	9
chr9	42306795	42306923	129	10	0	129	65	64	6	5	9	0	5	6	1	5	7	0	6	2	2	2	7	1	7	1	0	4	4	9	1	6	4	4	1	7	3	6	0	6
chr9	42306958	42307042	85	10	0	85	56	29	16	2	2	5	1	0	4	5	3	1	4	1	4	2	1	3	2	1	0	2	3	1	0	3	3	3	0	2	3	2	0	4
chr9	42307044	42307459	416	10	0	416	252	164	33	13	14	21	13	11	19	21	17	11	15	7	17	8	12	19	19	9	4	11	12	8	0	15	16	8	0	12	17	10	0	22
chr9	42307460	42307498	39	6	0	39	19	20	1	0	3	1	1	0	1	1	1	0	5	0	2	2	0	0	0	2	0	1	2	1	0	5	0	0	0	2	1	4	0	1
chr9	42307499	42307754	256	10	0	256	145	111	15	5	13	11	9	6	16	12	11	3	5	10	10	4	7	7	8	2	0	7	10	3	0	9	16	11	2	13	9	6	2	12
chr9	42307757	42308163	407	10	0	407	261	146	31	15	16	24	12	9	16	9	20	10	11	10	25	5	23	23	13	8	1	17	9	6	0	17	10	4	1	9	14	14	0	23
chr9	42308164	42309798	1635	6	0	1635	935	700	117	46	55	67	52	57	63	83	59	30	64	57	57	34	36	57	61	46	8	52	77	42	10	59	45	45	9	35	71	55	11	73
chr9	42309799	42310089	291	10	0	291	183	108	16	8	9	16	9	16	8	12	10	7	12	7	14	7	10	21	14	5	1	17	13	0	0	8	6	5	0	1	12	11	1	13
chr9	42310090	42310149	60	6	0	60	45	15	10	2	2	6	2	0	1	3	3	0	1	2	5	0	0	7	1	0	0	1	2	0	0	1	2	0	0	2	1	3	0	1
chr9	42310164	42310287	124	10	0	124	85	39	13	3	2	8	2	3	2	8	4	1	1	4	8	6	10	8	7	4	0	2	2	1	0	6	3	2	0	1	3	2	0	6
chr9	42310288	42310317	30	9	0	30	23	7	10	2	2	0	2	1	1	0	0	1	0	2	0	0	0	0	2	0	0	2	0	0	0	0	0	0	0	0	2	0	0	1
chr9	42310318	42310413	96	6	0	96	41	55	8	1	3	0	3	4	4	1	1	2	8	3	0	0	2	0	1	1	2	4	4	3	3	2	4	5	6	5	3	3	3	5
chr9	42310441	42311154	714	10	0	714	424	290	58	18	21	39	28	20	32	23	18	23	21	19	32	19	22	31	32	17	3	27	25	13	8	23	14	20	7	18	32	19	2	28
chr9	42311194	42311609	416	10	0	416	282	134	53	13	15	34	14	7	10	20	16	4	11	9	32	5	16	23	13	6	0	9	12	5	0	13	14	9	0	11	11	10	0	19
chr9	42311627	42311700	74	10	0	74	54	20	3	1	1	6	3	1	1	5	0	3	2	1	6	4	2	14	5	2	0	2	1	0	0	2	1	1	0	0	3	0	0	2
chr9	42311706	42311809	104	10	0	104	74	30	5	3	0	2	3	7	0	15	2	3	0	3	1	4	4	20	13	1	0	3	1	0	0	0	4	0	0	0	7	0	0	1
chr9	42311919	42311993	75	10	0	75	55	20	15	3	4	5	5	1	0	1	4	0	1	3	3	2	2	5	4	0	0	2	0	1	0	3	0	0	0	1	3	3	0	2
chr9	42311994	42312072	79	6	0	79	48	31	25	0	2	2	4	4	1	0	0	2	4	1	0	0	2	0	2	1	0	3	2	1	1	3	4	3	2	1	1	2	2	2
chr9	42312073	42312156	84	10	0	84	30	54	0	1	1	1	1	3	5	3	2	1	8	0	0	2	2	0	1	1	0	4	4	4	3	5	4	6	3	6	3	5	2	1
chr9	42312157	42312230	74	8	0	74	44	30	11	4	1	2	2	2	3	1	2	2	1	3	3	2	4	0	2	4	3	1	4	1	1	2	0	2	0	2	2	1	0	4
chr9	42312231	42312359	129	6	0	129	66	63	8	3	5	2	2	5	6	4	3	4	6	4	5	3	1	3	6	1	3	6	6	3	2	5	2	7	3	2	3	5	4	5
chr9	42312360	42312532	173	10	0	173	123	50	26	6	5	14	6	3	5	12	7	1	2	6	12	2	4	10	6	1	0	5	4	0	0	4	7	3	0	4	9	4	0	3
chr9	42312551	42312712	162	10	0	162	104	58	16	11	4	8	7	5	5	4	8	3	4	4	8	1	6	9	3	6	1	9	7	3	1	4	2	1	0	1	9	5	0	5
chr9	42312713	42312768	56	6	0	56	29	27	2	1	1	0	1	4	3	6	0	1	1	2	1	1	1	3	3	1	0	2	2	1	0	3	5	4	0	1	4	0	0	0
chr9	42312769	42312822	54	9	0	54	27	27	1	1	2	2	1	1	4	3	3	3	1	0	2	0	1	1	2	2	0	1	4	3	0	1	2	1	0	3	1	3	0	3
chr9	42312854	42312941	88	10	0	88	40	48	6	0	2	4	3	4	4	4	1	1	2	4	2	2	0	0	2	1	2	2	6	3	3	3	2	7	4	3	4	4	1	0
chr9	42312942	42313077	136	6	0	136	67	69	8	2	1	7	2	3	7	4	4	3	8	3	4	3	5	2	3	5	2	1	8	3	2	8	1	8	3	6	5	5	2	6
chr9	42313078	42313162	85	10	0	85	34	51	2	1	2	0	2	3	5	1	2	2	11	1	0	0	0	0	0	1	1	4	5	2	3	3	4	5	3	4	3	5	1	7
chr9	42313163	42313201	39	6	0	39	33	6	23	5	0	0	5	0	0	0	0	0	0	0	0	0	0	0	4	0	0	0	0	0	0	0	0	0	0	0	0	0	0	0
chr9	42313202	42313425	224	10	0	224	146	78	19	13	8	17	9	5	7	10	11	4	8	3	18	4	6	4	12	4	2	8	2	2	1	6	6	1	1	5	11	3	2	10
chr9	42313426	42313463	38	9	0	38	29	9	1	2	0	4	1	0	1	0	0	0	2	1	5	2	2	7	0	0	0	3	0	0	0	0	2	0	0	0	1	0	0	2
chr9	42313484	42313568	85	10	0	85	54	31	9	3	3	6	4	1	3	2	5	2	2	0	4	2	3	3	3	1	2	2	1	2	0	5	3	1	0	2	3	4	0	2
chr9	42313570	42313681	112	10	0	112	66	46	14	5	6	2	5	2	7	1	4	3	1	4	4	0	3	5	2	3	2	3	6	4	0	2	2	3	0	5	4	1	0	7
chr9	42313682	42313732	51	6	0	51	16	35	1	0	1	1	1	3	2	0	0	0	3	1	1	1	0	0	1	1	1	1	3	3	3	3	2	6	4	2	1	2	1	0
chr9	42313733	42313978	246	10	0	246	119	127	30	3	4	4	5	7	10	8	3	4	15	9	4	5	6	1	4	6	2	7	12	9	9	9	8	16	5	9	6	8	6	10
chr9	42313997	42314267	271	10	0	271	146	125	11	11	7	8	11	7	7	16	7	4	12	8	8	5	6	16	9	9	2	7	13	10	6	13	6	11	1	6	13	12	1	6
chr9	42314312	42314515	204	10	0	204	112	92	14	1	5	11	8	9	12	1	1	3	13	3	9	6	6	9	6	3	1	9	8	4	1	9	10	9	1	10	6	5	1	8
chr9	42314516	42315521	1006	10	0	1006	597	409	74	31	37	57	46	37	51	24	30	17	36	25	49	26	17	38	46	36	2	28	35	19	4	39	37	18	2	35	40	24	4	40
chr9	42315547	42315715	169	10	0	169	113	56	12	4	8	14	11	4	3	7	3	7	3	6	12	4	6	8	9	3	0	7	5	2	0	3	3	3	0	2	8	2	0	8
chr9	42315716	42315749	34	7	0	34	26	8	1	1	1	3	0	1	0	3	2	0	0	3	2	0	2	5	1	0	0	1	0	0	0	1	0	0	0	0	3	1	0	1
chr9	42315785	42315837	53	10	0	53	30	23	3	0	3	3	3	0	3	3	2	4	0	1	1	1	1	1	1	0	0	4	3	1	0	1	3	1	0	2	2	3	0	1
chr9	42315838	42315882	45	7	0	45	29	16	2	2	1	2	1	2	0	4	1	1	1	1	3	1	1	5	3	1	2	0	3	0	0	0	1	0	0	1	1	1	0	2
chr9	42315883	42315912	30	9	0	30	20	10	3	0	3	1	0	2	0	1	0	0	1	0	5	0	1	2	0	0	0	2	2	0	0	0	1	2	0	1	0	0	0	1
chr9	42315913	42315969	57	10	0	57	24	33	2	1	1	2	0	2	4	2	3	0	6	0	0	0	0	0	1	2	0	0	2	4	2	4	3	2	0	3	2	4	0	3
chr9	42315970	42316058	89	10	0	89	49	40	8	0	1	5	2	4	5	0	0	3	8	2	5	0	0	5	2	1	0	4	2	1	3	1	5	4	2	1	2	1	3	7
chr9	42316080	42316182	103	10	0	103	77	26	22	1	8	8	3	1	2	3	4	2	0	1	8	3	3	6	2	1	0	4	0	1	0	3	5	0	0	3	2	2	0	3
chr9	42316183	42316242	60	7	0	60	27	33	2	1	1	0	1	6	6	3	1	2	0	2	0	0	0	0	5	2	0	2	3	0	1	1	7	2	3	2	2	1	0	2
chr9	42316256	42316311	56	10	0	56	38	18	5	1	3	3	2	1	1	1	0	2	4	1	5	1	1	5	2	0	0	3	1	0	0	1	2	1	0	1	2	1	0	4
chr9	42316367	42316423	57	10	0	57	23	34	0	0	2	1	1	3	4	0	1	1	3	1	0	2	2	0	2	3	0	1	4	3	0	5	2	3	1	4	1	3	1	1
chr9	42316561	42316610	50	7	0	50	30	20	4	1	4	3	3	1	0	3	2	1	1	1	3	2	0	1	1	1	1	1	2	0	0	2	2	2	1	1	2	1	0	1
chr9	42316611	42316707	97	10	0	97	63	34	5	5	7	6	5	4	2	4	6	0	0	3	7	3	3	1	5	2	1	4	2	0	0	2	5	1	0	2	3	1	1	5
chr9	42316731	42316967	237	10	0	237	143	94	9	4	13	14	6	4	13	6	12	7	11	8	13	4	6	12	7	1	0	11	3	6	2	6	7	3	1	8	12	7	1	18
chr9	42316968	42317045	78	7	0	78	54	24	4	2	2	4	1	11	1	4	1	1	2	1	6	1	0	13	15	0	0	0	0	0	0	1	1	0	0	1	1	0	0	3
chr9	42317046	42317130	85	10	0	85	57	28	6	1	4	6	4	1	3	3	2	2	4	4	6	3	0	7	2	0	0	4	1	2	0	2	2	1	0	1	6	2	0	4
chr9	42317160	42317286	127	10	0	127	95	32	24	4	4	13	6	2	4	5	5	1	5	4	9	0	0	7	1	1	0	5	0	0	0	2	5	1	0	2	11	0	0	4
chr9	42317287	42317300	14	10	0	14	6	8	0	0	1	0	0	0	1	0	1	0	1	0	0	1	1	0	0	0	0	1	0	0	0	1	1	1	0	1	0	0	0	1
chr9	42317309	42317387	79	10	0	79	64	15	12	4	2	10	2	0	1	1	2	0	0	3	11	3	6	6	3	0	0	4	1	0	0	0	0	1	0	1	0	0	0	4
chr9	42317389	42317636	248	10	0	248	165	83	25	10	5	19	7	10	13	9	13	3	7	8	14	6	4	10	18	4	0	7	5	5	0	5	4	1	0	3	12	5	0	14
chr9	42317637	42317821	185	10	0	185	115	70	12	6	2	13	4	10	10	4	6	4	7	5	10	1	5	14	9	4	0	8	7	6	0	4	2	4	0	4	11	3	0	8
chr9	42317836	42317866	31	7	0	31	16	15	0	1	1	1	1	1	1	0	2	0	2	1	0	0	1	2	1	1	0	0	2	1	0	3	0	2	0	0	1	2	0	2
chr9	42317867	42317884	18	10	0	18	7	11	1	1	0	0	0	0	2	0	0	1	1	0	0	0	0	0	1	1	0	0	0	2	1	1	0	0	0	2	1	1	0	0
chr9	42317885	42317944	60	10	0	60	30	30	4	1	2	1	2	2	4	1	2	3	3	0	0	3	1	0	3	1	0	4	3	3	0	3	1	1	0	2	3	4	0	1
chr9	42317950	42318087	138	10	0	138	80	58	7	3	10	8	10	0	6	4	7	4	6	1	4	4	2	3	2	3	1	5	6	1	0	4	4	4	0	10	8	3	1	5
chr9	42318136	42318294	159	10	0	159	123	36	24	7	5	19	8	4	2	6	3	1	0	2	20	3	5	13	10	1	0	4	2	1	0	1	2	2	0	6	5	0	0	1
chr9	42318313	42318625	313	10	0	313	185	128	20	11	12	14	11	6	15	15	7	6	10	7	19	8	13	9	10	14	0	7	12	5	0	14	13	6	0	17	12	6	0	12
chr9	42318648	42318714	67	10	0	67	33	34	2	3	1	0	1	3	5	5	1	3	3	1	1	2	1	0	2	2	2	4	5	1	0	1	4	2	0	2	3	2	0	3
chr9	42318756	42318804	49	7	0	49	29	20	6	4	1	3	5	0	0	2	1	0	1	1	2	0	0	2	1	2	0	0	4	1	2	0	2	4	0	0	1	0	0	2
chr9	42318842	42318896	55	10	0	55	22	33	1	1	1	1	3	2	2	0	0	3	4	2	0	0	0	1	1	4	0	1	3	2	3	4	0	4	1	1	3	2	2	1
chr9	42318898	42318959	62	9	0	62	32	30	7	1	0	3	1	4	4	0	1	1	2	0	2	2	3	1	2	4	1	1	3	1	0	4	2	4	1	1	2	0	0	2
chr9	42318960	42319092	133	10	0	133	64	69	11	2	4	1	5	5	11	1	3	1	10	4	0	0	3	1	1	1	0	6	5	5	0	9	9	7	0	8	7	6	0	5
chr9	42319095	42319138	44	10	0	44	21	23	4	0	3	1	2	0	3	1	2	0	1	1	0	0	1	1	0	0	0	0	2	3	0	1	3	2	2	5	1	1	0	2
chr9	42319186	42319356	171	10	0	171	95	76	5	8	8	4	9	17	6	5	7	3	5	6	5	2	0	3	22	5	0	4	6	7	0	5	4	1	1	0	5	5	1	10
chr9	42319357	42319383	27	10	0	27	17	10	1	0	1	0	0	1	1	1	1	1	2	1	0	1	3	2	3	0	0	0	0	0	0	0	0	0	0	0	0	0	0	6
chr9	42319384	42319489	106	10	0	106	73	33	9	8	3	4	6	2	1	3	4	2	5	0	5	4	7	9	9	3	0	4	1	0	0	2	1	0	0	1	1	1	0	9
chr9	42319518	42319797	280	10	0	280	193	87	33	7	7	22	11	6	7	15	5	3	2	10	20	9	13	22	11	2	0	12	13	1	1	2	6	9	1	8	8	5	0	7
chr9	42319798	42319831	34	7	0	34	13	21	0	0	1	0	1	1	0	2	0	0	5	2	0	0	0	0	1	0	0	0	0	4	1	3	0	1	0	3	3	3	0	1
chr9	42319832	42319887	56	10	0	56	37	19	12	4	0	4	5	0	2	2	2	1	1	0	1	2	1	0	4	2	0	1	3	0	0	1	1	1	0	0	1	2	0	1
chr9	42319961	42320042	82	10	0	82	41	41	6	2	1	1	4	7	3	1	0	2	7	3	0	1	1	0	4	4	0	4	2	0	2	5	2	4	1	1	7	1	1	3
chr9	42320043	42320093	51	7	0	51	33	18	2	2	2	2	0	3	0	5	2	1	0	0	5	0	1	6	2	0	2	2	2	2	0	1	3	1	0	0	1	2	0	0
chr9	42320094	42320166	73	10	0	73	46	27	7	0	3	6	4	0	1	5	4	0	4	5	1	2	1	2	1	0	0	1	2	1	0	4	4	0	0	0	3	6	0	4
chr9	42320167	42320193	27	7	0	27	21	6	11	0	4	0	1	0	0	1	3	0	0	1	0	0	0	0	0	0	0	0	0	0	0	0	0	0	0	0	0	0	0	4
chr9	42320195	42320269	75	10	0	75	38	37	13	2	0	0	2	4	6	0	1	3	4	2	0	0	0	0	1	2	1	5	3	4	2	0	4	2	1	1	3	1	2	4
chr9	42320270	42320284	15	9	0	15	5	10	0	1	0	0	0	0	0	0	0	0	2	0	1	0	0	0	0	1	0	0	0	0	2	2	0	1	1	0	0	2	0	0
chr9	42320285	42320754	470	10	0	470	226	244	14	9	14	15	12	24	29	7	17	10	25	10	9	8	19	4	15	15	2	19	25	17	5	24	12	22	1	23	20	19	2	21
chr9	42320755	42320815	61	7	0	61	37	24	2	4	1	2	4	3	4	3	2	3	2	2	1	1	1	1	8	0	0	3	1	0	0	0	1	0	0	1	5	1	0	3
chr9	42320816	42321195	380	10	0	380	257	123	47	8	24	20	10	6	7	26	13	9	3	13	29	14	12	15	18	5	0	14	9	5	1	10	8	5	0	9	15	10	1	12
chr9	42321220	42321278	59	10	0	59	36	23	4	2	1	3	1	1	3	1	2	0	3	5	2	1	2	3	1	2	0	1	2	2	0	3	0	1	0	1	3	2	0	5
chr9	42321279	42321318	40	7	0	40	25	15	5	2	1	1	3	2	1	1	0	1	2	2	0	0	0	2	2	1	0	2	2	0	0	1	2	0	0	0	1	2	0	2
chr9	42321319	42321661	343	10	0	343	178	165	18	10	13	10	15	13	23	11	11	3	14	5	7	8	9	8	13	11	0	10	12	10	1	18	23	16	1	15	14	4	0	15
chr9	42321662	42321725	64	7	0	64	34	30	4	2	2	2	4	2	4	0	2	3	3	0	0	1	3	0	5	1	0	3	3	1	0	2	1	2	1	2	1	2	1	5
chr9	42321726	42322251	526	10	0	526	359	167	58	18	17	44	24	11	18	26	27	9	10	9	28	20	9	29	29	11	2	17	14	6	1	8	15	1	0	8	22	11	1	21
chr9	42322263	42322403	141	7	0	141	99	42	10	3	3	12	5	3	5	9	1	1	3	11	12	6	2	12	5	1	2	5	2	2	0	0	5	1	0	2	9	0	0	7
chr9	42322569	42322780	212	10	0	212	118	94	10	5	14	7	7	6	8	4	14	7	6	8	5	3	9	5	9	5	3	3	7	5	0	14	3	5	0	4	6	11	1	16
chr9	42322820	42322893	74	10	0	74	42	32	5	3	0	5	2	3	5	4	3	0	2	0	3	2	0	3	3	2	0	3	6	3	0	1	3	3	0	2	3	2	0	1
chr9	42322894	42322930	37	7	0	37	17	20	1	0	1	1	1	1	3	0	0	0	2	1	1	1	2	0	1	0	0	1	1	1	0	4	3	3	0	2	1	2	0	1
chr9	42322931	42323021	91	10	0	91	49	42	8	3	2	2	5	2	4	5	0	3	4	3	2	3	3	0	3	6	0	2	5	2	0	5	2	3	0	3	5	1	0	3
chr9	42323063	42323115	53	10	0	53	26	27	0	3	2	1	3	2	4	0	3	0	3	2	0	0	1	1	0	1	0	4	3	2	0	1	3	2	0	3	4	1	0	2
chr9	42323181	42323216	36	10	0	36	26	10	4	1	0	5	2	0	1	4	3	0	2	1	1	0	0	1	1	0	0	0	0	0	0	0	2	0	0	0	3	0	0	3
chr9	42323217	42323287	71	10	0	71	27	44	0	3	0	0	1	5	8	0	1	0	3	2	1	0	2	0	4	2	1	0	3	3	1	7	5	8	0	3	2	1	0	3
chr9	42323311	42323435	125	10	0	125	78	47	8	5	9	7	4	3	2	7	8	2	2	0	9	6	4	1	5	6	0	5	3	3	0	8	1	1	0	2	6	4	0	2
chr9	42323436	42323464	29	7	0	29	16	13	2	2	1	1	2	1	2	1	1	2	0	0	0	0	0	0	2	1	0	1	2	0	0	1	2	0	0	0	0	2	0	1
chr9	42323565	42323679	115	7	0	115	44	71	0	0	4	1	1	4	12	2	4	5	7	2	0	1	0	1	3	2	2	2	3	3	4	8	8	6	1	9	5	8	1	4
chr9	42323681	42324387	707	10	0	707	476	231	66	27	38	49	31	15	25	28	35	7	7	24	48	21	20	35	29	9	0	32	12	9	0	20	22	9	0	14	36	14	0	23
chr9	42324388	42324430	43	9	0	43	25	18	2	2	1	1	0	2	4	1	1	1	1	1	3	2	0	3	3	1	1	2	1	1	0	1	1	0	1	0	1	1	0	2
chr9	42324431	42324510	80	10	0	80	59	21	5	3	5	5	4	0	1	5	4	1	1	1	6	4	1	11	2	2	0	4	1	0	0	1	3	0	0	1	4	0	0	3
chr9	42324511	42324555	45	9	0	45	26	19	1	1	2	1	1	4	0	2	2	1	1	1	1	3	2	2	5	2	0	2	1	2	0	1	0	0	0	0	1	1	0	3
chr9	42324556	42325366	811	10	0	811	494	317	70	23	26	43	27	24	39	36	39	21	27	32	25	16	16	29	41	11	5	27	21	17	1	28	20	13	2	11	43	26	8	42
chr9	42325381	42326078	698	10	0	698	455	243	60	22	30	49	26	33	17	30	34	16	12	17	41	11	20	36	45	13	3	20	18	14	2	16	14	4	1	13	30	19	0	30
chr9	42326079	42326370	292	10	0	292	198	94	28	10	9	21	10	6	7	13	14	2	12	9	17	8	8	23	9	5	2	10	8	4	1	5	3	2	1	6	16	7	0	14
chr9	42326371	42326413	43	9	0	43	25	18	3	1	2	2	1	1	1	1	3	0	2	0	1	2	2	3	1	2	0	1	0	3	0	4	0	0	0	0	3	1	0	1
chr9	42326414	42326646	233	10	0	233	150	83	23	10	7	15	6	7	7	11	13	1	7	10	12	5	9	6	11	3	1	8	6	3	1	7	1	4	1	6	13	7	1	9
chr9	42326647	42326796	150	9	0	150	82	68	5	5	6	8	6	1	5	7	5	2	4	3	8	7	5	4	5	6	1	3	7	10	0	9	4	4	1	3	3	6	0	5
chr9	42326797	42326840	44	8	0	44	36	8	11	1	1	4	1	0	0	3	1	0	0	2	5	2	2	1	3	0	0	0	0	0	0	0	0	0	0	2	2	0	0	1
chr9	42326841	42326858	18	8	0	18	11	7	0	2	0	0	0	0	1	1	1	0	1	0	1	0	0	3	1	0	0	1	1	0	0	0	0	0	0	0	0	2	0	1
chr9	42326859	42327271	413	9	0	413	263	150	38	12	17	28	24	7	18	16	10	8	9	10	23	13	4	26	15	10	2	12	14	10	0	8	21	7	0	12	15	5	2	15
chr9	42327272	42327299	28	8	0	28	16	12	0	1	0	0	0	1	1	4	1	1	0	2	0	0	1	3	2	0	0	1	1	0	0	0	1	0	2	0	2	1	0	1
chr9	42327300	42327392	93	9	0	93	69	24	18	1	1	7	1	0	1	4	4	2	4	3	3	0	5	14	0	1	1	0	0	1	0	3	2	0	0	2	4	2	1	6
chr9	42327394	42327849	456	9	0	456	277	179	38	9	21	27	17	10	22	18	20	11	19	12	19	10	6	17	20	6	1	13	13	8	1	12	16	7	0	19	18	14	6	24
chr9	42327850	42327896	47	8	0	47	31	16	6	4	2	1	5	0	1	2	0	0	1	2	2	2	0	2	4	1	0	1	2	0	0	2	0	2	0	0	1	1	0	1
chr9	42327897	42327981	85	9	0	85	55	30	8	3	5	6	6	0	2	4	3	1	1	3	4	1	2	5	4	0	0	1	1	3	0	4	3	4	0	1	4	1	0	3
chr9	42327982	42328117	136	8	0	136	82	54	4	4	6	9	5	3	4	3	3	0	3	3	11	5	8	10	4	3	1	4	4	4	1	3	4	3	2	11	3	2	1	3
chr9	42328118	42328214	97	9	0	97	63	34	19	1	4	5	1	1	4	4	3	3	7	1	6	0	0	2	2	0	0	3	1	1	0	5	2	4	1	1	5	2	1	6
chr9	42328216	42328271	56	8	0	56	37	19	2	1	2	7	7	2	0	2	1	1	2	2	2	3	0	3	4	0	1	2	1	0	0	0	3	0	0	1	2	1	1	1
chr9	42328272	42328406	135	9	0	135	84	51	15	5	2	7	5	2	5	12	5	2	6	3	5	4	1	4	6	2	1	4	5	2	1	2	4	1	0	7	9	5	0	1
chr9	42328407	42328474	68	8	0	68	36	32	5	0	1	6	2	2	4	2	4	1	4	1	1	0	2	1	0	0	0	3	3	2	0	4	2	4	1	1	5	3	1	1
chr9	42328475	42328548	74	9	0	74	59	15	11	1	3	10	2	1	1	2	6	2	2	0	6	1	3	6	2	0	0	3	0	0	0	0	0	0	0	0	4	0	0	6
chr9	42328549	42328575	27	8	0	27	15	12	7	1	2	0	1	0	0	0	1	0	0	0	1	0	0	0	0	0	0	1	1	1	2	0	1	3	2	0	0	0	0	1
chr9	42328576	42328626	51	9	0	51	18	33	1	0	2	1	1	3	1	0	0	0	3	3	2	0	0	0	0	0	1	1	3	3	3	3	1	6	3	2	2	3	1	0
chr9	42328627	42328875	249	8	0	249	117	132	25	7	3	5	6	8	13	3	4	7	16	3	5	5	5	1	6	8	5	8	9	10	8	11	8	11	8	9	7	9	5	9
chr9	42328876	42328999	124	9	0	124	93	31	17	6	4	10	4	3	0	5	4	1	2	5	13	2	5	10	8	2	0	2	3	2	0	2	0	0	0	0	2	3	0	7
chr9	42329000	42329076	77	8	0	77	54	23	5	1	4	8	4	1	1	4	3	2	3	2	6	2	3	3	2	1	0	3	1	0	0	1	2	1	0	1	5	0	0	6
chr9	42329077	42329222	146	9	0	146	93	53	19	7	5	7	5	4	3	5	3	0	3	3	10	10	5	3	5	6	2	8	6	2	2	4	1	5	1	1	5	1	1	2
chr9	42329223	42329250	28	8	0	28	15	13	1	1	0	1	1	2	1	1	0	1	3	2	0	0	0	0	0	1	0	2	1	0	0	2	0	0	0	0	4	2	0	0
chr9	42329251	42329278	28	8	0	28	13	15	1	1	0	0	1	1	2	2	1	2	1	0	0	0	0	0	1	3	0	0	3	0	0	1	0	1	0	1	2	1	0	1
chr9	42329279	42329291	13	7	0	13	7	6	0	0	0	0	0	0	0	1	0	0	1	1	0	1	1	0	0	1	0	1	1	1	0	0	0	0	0	0	0	0	0	2
chr9	42329292	42329416	125	8	0	125	64	61	18	2	3	4	2	3	7	2	3	0	6	4	3	3	2	0	2	3	1	2	4	3	4	7	6	8	2	6	2	4	3	4
chr9	42329417	42329664	248	9	0	248	140	108	16	13	8	8	15	7	15	8	6	3	11	5	7	3	4	9	12	5	0	9	8	7	0	8	17	6	2	9	8	5	0	12
chr9	42329665	42329686	22	10	0	22	14	8	0	1	2	0	0	0	1	0	1	0	1	1	2	1	1	2	0	0	0	2	0	1	0	1	0	0	0	0	1	1	0	1
chr9	42329687	42329769	83	9	0	83	44	39	7	2	3	2	3	1	5	4	3	2	6	2	1	1	0	2	1	2	0	3	4	4	0	4	1	1	0	4	6	4	0	3
chr9	42329770	42329787	18	10	0	18	9	9	0	1	1	0	1	0	0	1	0	1	1	1	1	0	1	0	0	1	0	1	0	0	0	0	0	1	0	1	2	0	0	1
chr9	42329788	42329833	46	7	0	46	34	12	24	0	1	0	1	0	1	0	0	2	3	0	0	1	0	0	0	0	1	2	0	0	1	0	0	0	1	1	1	1	1	2
chr9	42329834	42330109	276	8	0	276	106	170	9	3	5	6	5	10	13	4	4	7	14	7	5	5	7	1	5	9	3	8	11	13	18	13	9	21	15	12	8	12	6	6
chr9	42330110	42330644	535	9	0	535	294	241	41	18	32	12	20	18	25	17	24	14	18	7	18	11	9	10	25	13	6	17	19	15	3	24	16	12	5	21	20	19	2	22
chr9	42330653	42330866	214	9	0	214	120	94	8	8	7	11	10	7	15	5	8	4	7	7	8	4	3	7	15	5	0	4	8	9	1	5	6	6	1	7	7	3	0	16
chr9	42330867	42330894	28	8	0	28	16	12	2	0	0	3	2	0	1	1	0	1	3	0	1	0	1	0	0	0	0	1	2	0	0	1	1	0	0	1	1	3	0	1
chr9	42330895	42331177	283	9	0	283	144	139	10	7	8	6	10	12	20	7	4	8	12	17	7	3	4	8	8	7	1	14	13	12	2	9	11	7	1	13	17	10	4	9
chr9	42331178	42331650	473	9	0	473	269	204	28	16	28	16	18	7	16	16	21	12	20	9	21	10	17	12	15	10	3	17	15	13	2	27	13	11	1	15	14	23	2	23
chr9	42331651	42331725	75	8	0	75	50	25	8	4	2	5	2	1	3	5	1	1	1	1	8	1	2	5	3	1	1	2	2	1	0	0	5	0	1	3	1	1	0	2
chr9	42331726	42332058	333	9	0	333	187	146	22	8	9	16	13	10	12	14	8	6	13	13	11	10	14	7	14	10	2	8	15	10	3	14	7	12	1	10	13	10	0	16
chr9	42332059	42332100	42	8	0	42	20	22	0	0	2	2	2	3	4	0	2	0	2	2	0	0	0	0	0	1	0	1	2	0	0	2	3	3	0	2	4	0	0	3
chr9	42332101	42332151	51	9	0	51	26	25	8	0	2	0	2	4	3	0	0	2	2	0	1	1	0	0	3	2	0	2	3	1	1	1	2	2	1	2	1	1	0	2
chr9	42332155	42332270	116	8	0	116	88	28	20	4	8	11	4	1	3	2	7	1	3	2	12	3	0	7	6	0	0	3	1	0	0	1	1	2	0	1	2	0	0	9
chr9	42332271	42332314	44	9	0	44	20	24	5	0	0	0	1	1	4	0	0	3	5	0	0	0	0	0	2	0	0	2	2	3	0	1	1	1	1	2	1	2	1	4
chr9	42332315	42332330	16	10	0	16	5	11	0	0	0	0	0	1	0	1	0	0	1	1	0	0	0	0	0	0	0	1	2	0	1	0	0	2	2	0	0	0	1	1
chr9	42332331	42332442	112	9	0	112	54	58	8	2	1	4	1	6	5	3	4	2	7	0	3	3	3	1	5	2	2	4	4	4	4	5	1	6	2	5	5	5	2	1
chr9	42332443	42332575	133	8	0	133	63	70	8	2	3	5	3	5	7	3	1	3	5	5	5	3	0	3	2	6	4	1	7	5	5	6	3	9	4	4	6	3	1	4
chr9	42332576	42332587	12	9	0	12	12	0	10	0	0	0	0	0	0	0	0	0	0	0	0	0	0	0	0	0	0	0	0	0	0	0	0	0	0	0	0	0	0	0
chr9	42332588	42332631	44	9	0	44	27	17	3	4	2	2	2	0	3	1	3	0	0	0	3	1	1	1	2	2	0	1	2	1	0	1	2	0	0	1	0	1	0	3
chr9	42332632	42332676	45	8	0	45	26	19	7	2	3	1	1	2	3	0	2	0	1	0	3	0	0	1	1	1	0	2	3	0	0	1	2	3	0	1	0	0	1	2
chr9	42332677	42332788	112	9	0	112	53	59	8	2	2	2	3	5	5	1	2	3	5	6	2	3	2	1	4	5	2	2	4	5	4	6	2	5	2	1	3	4	4	5
chr9	42332816	42332830	15	9	0	15	7	8	0	0	0	0	0	0	1	0	0	1	0	0	0	2	2	0	0	0	0	2	1	1	0	0	0	0	0	2	0	1	0	0
chr9	42332831	42332865	35	8	0	35	13	22	0	1	0	1	0	1	2	1	2	0	4	0	0	0	0	0	0	1	1	0	1	1	1	4	1	3	1	1	3	2	0	1
chr9	42332866	42332939	74	9	0	74	27	47	0	1	2	0	3	4	6	0	0	2	7	2	0	0	0	0	2	0	1	4	3	2	2	2	6	5	2	5	2	4	1	4
chr9	42332940	42332967	28	8	0	28	23	5	11	5	0	0	5	0	0	0	0	0	0	0	0	0	0	0	5	0	0	0	0	0	0	0	0	0	0	0	0	0	0	0
chr9	42332969	42333004	36	9	0	36	24	12	11	3	0	0	1	4	1	0	0	0	0	0	1	1	0	0	4	2	2	1	2	1	0	0	0	0	0	0	0	0	0	0
chr9	42333005	42333022	18	10	0	18	9	9	0	0	1	1	0	0	1	1	1	0	1	1	1	0	0	1	0	0	0	0	0	0	1	0	0	0	1	2	1	1	0	1
chr9	42333053	42333113	61	9	0	61	37	24	6	1	2	2	1	0	3	2	3	1	3	2	1	2	2	4	1	3	0	1	1	1	0	4	0	1	1	2	4	1	1	3
chr9	42333114	42333197	84	8	0	84	51	33	8	4	2	4	2	3	4	4	5	0	3	1	3	2	1	4	5	3	0	1	3	2	0	1	3	1	2	2	2	1	0	6
chr9	42333198	42334043	846	9	0	846	580	266	94	25	30	65	29	19	25	38	32	11	15	37	58	26	27	47	31	11	3	36	19	10	0	19	24	5	1	12	37	22	6	30
chr9	42334047	42334257	211	9	0	211	111	100	20	4	4	6	9	13	13	6	3	4	9	5	3	3	5	3	7	4	3	10	12	4	1	6	13	10	0	9	9	5	0	6
chr9	42334346	42334427	82	9	0	82	52	30	8	1	2	4	2	1	1	7	2	1	1	3	4	4	6	4	2	1	1	2	3	1	0	2	3	2	1	4	3	2	0	2
chr9	42334428	42334466	39	7	0	39	26	13	1	0	2	3	3	1	1	1	0	1	1	3	2	1	0	5	1	2	0	0	1	1	0	1	0	0	0	0	3	0	0	3
chr9	42334467	42334729	263	9	0	263	195	68	39	10	4	29	12	5	5	11	13	4	4	8	19	5	8	18	13	5	2	4	3	1	0	6	1	1	0	2	16	4	0	9
chr9	42334730	42334811	82	8	0	82	55	27	7	2	2	8	2	1	5	2	5	1	1	4	4	2	2	6	3	2	0	1	2	2	0	2	2	1	0	0	3	1	0	7
chr9	42334812	42335196	385	9	0	385	217	168	23	8	10	18	15	15	14	20	10	6	18	13	12	9	8	17	12	13	1	12	15	10	5	14	13	14	0	11	24	7	4	12
chr9	42335197	42335208	12	8	0	12	12	0	2	0	0	2	0	0	0	0	0	0	0	0	3	0	0	3	0	0	0	0	0	0	0	0	0	0	0	0	0	0	0	0
chr9	42335209	42335357	149	8	0	149	114	35	18	4	5	15	4	3	4	3	7	0	2	1	11	10	6	19	9	3	0	5	2	0	0	2	1	0	0	3	2	1	0	7
chr9	42335358	42335521	164	9	0	164	103	61	12	5	7	8	4	5	5	8	6	1	6	4	10	4	4	12	5	3	0	7	3	7	0	6	4	2	0	6	11	4	0	3
chr9	42335522	42335554	33	8	0	33	25	8	5	0	1	3	2	0	0	3	0	0	0	3	3	0	1	2	0	0	0	0	1	0	0	0	2	1	0	1	2	0	0	1
chr9	42335555	42335668	114	9	0	114	85	29	16	4	5	7	2	0	3	8	3	4	1	2	11	5	4	9	5	1	0	7	0	1	0	1	0	0	0	3	8	0	0	2
chr9	42335669	42335716	48	8	0	48	34	14	6	2	1	3	2	1	2	1	2	0	3	1	3	3	0	2	1	1	0	4	0	1	0	1	0	0	0	0	5	0	0	1
chr9	42335717	42335770	54	9	0	54	33	21	4	3	4	4	3	0	1	2	5	0	0	0	3	1	2	0	3	0	0	1	0	1	0	4	2	2	0	2	2	3	0	0
chr9	42335771	42335819	49	8	0	49	33	16	8	2	2	3	3	0	2	1	1	1	0	0	3	4	1	2	4	1	0	1	0	2	0	1	1	0	0	3	1	0	0	0
chr9	42335820	42336445	626	9	0	626	414	212	46	21	20	55	29	13	19	33	23	12	15	24	44	10	15	34	25	8	3	20	25	5	1	12	13	11	0	14	31	18	2	23
chr9	42336446	42336508	63	8	0	63	43	20	6	2	2	3	2	1	3	3	1	1	2	2	3	5	2	4	4	1	0	4	1	0	0	0	1	0	0	3	3	0	0	2
chr9	42336509	42336562	54	9	0	54	26	28	1	2	1	0	1	3	2	4	2	2	4	0	0	2	2	0	4	2	1	2	2	2	1	2	0	0	0	2	3	2	0	3
chr9	42336563	42336733	171	8	0	171	79	92	5	9	5	3	10	6	10	2	4	3	12	3	2	1	1	2	7	3	1	8	6	4	3	7	10	6	6	8	5	8	4	5
chr9	42336734	42336755	22	7	0	22	9	13	0	0	0	0	0	0	2	0	0	1	1	0	0	2	2	0	1	0	0	2	1	1	0	1	1	1	0	2	0	1	1	0
chr9	42336759	42336858	100	9	0	100	46	54	9	2	1	3	3	4	2	2	1	4	3	4	2	2	3	1	4	5	2	1	3	6	7	3	1	5	2	1	3	4	1	4
chr9	42336859	42336932	74	8	0	74	29	45	3	0	3	2	4	4	4	0	1	1	3	1	0	0	1	1	1	1	1	2	5	3	1	4	5	7	5	3	2	2	1	1
chr9	42336933	42337277	345	9	0	345	227	118	30	12	15	18	11	9	9	16	12	7	11	12	22	9	15	18	18	7	1	11	4	1	0	11	10	0	1	11	14	9	2	17
chr9	42337278	42337385	108	8	0	108	66	42	5	3	1	9	4	6	2	5	2	1	4	1	7	4	3	8	6	5	0	3	6	5	0	2	3	0	1	2	2	3	0	3
chr9	42337386	42337969	584	9	0	584	354	230	44	15	17	37	20	21	25	28	24	9	16	23	24	15	13	22	26	12	2	20	25	12	4	14	16	14	1	11	27	16	3	26
chr9	42337970	42338003	34	8	0	34	15	19	0	0	1	1	0	0	2	3	0	0	0	1	1	2	2	1	0	1	0	1	4	2	0	0	1	2	2	4	0	1	0	0
chr9	42338004	42338132	129	9	0	129	68	61	23	2	3	1	5	6	6	2	2	2	9	4	0	0	1	1	1	4	0	5	4	4	3	4	7	4	1	6	7	4	2	4
chr9	42338133	42338259	127	9	0	127	80	47	9	2	6	8	5	5	3	3	6	2	6	1	5	5	6	6	4	2	2	6	3	1	0	3	3	4	0	3	7	0	0	9
chr9	42338260	42338306	47	8	0	47	28	19	6	2	4	1	1	1	1	0	4	0	0	1	2	1	1	1	0	2	2	0	2	3	0	3	0	0	0	2	1	3	0	1
chr9	42338308	42338321	14	8	0	14	12	2	1	1	0	1	0	0	0	1	0	0	0	0	2	0	0	4	1	0	0	0	0	0	0	0	0	0	0	0	1	0	0	0
chr9	42338322	42338384	63	9	0	63	57	6	5	1	1	10	0	0	0	4	0	0	0	1	13	2	1	17	2	0	0	1	0	0	0	0	1	0	0	1	1	0	0	0
chr9	42338385	42338419	35	8	0	35	23	12	5	1	1	3	3	1	0	2	1	2	0	0	1	1	1	1	2	0	1	1	1	0	0	0	1	0	0	1	2	1	0	0
chr9	42338420	42338523	104	9	0	104	71	33	8	5	5	5	4	1	3	9	4	2	2	4	6	2	2	8	3	0	0	6	2	0	0	1	5	2	0	1	7	1	0	4
chr9	42338524	42338551	28	8	0	28	16	12	0	2	1	0	2	0	2	0	2	1	0	1	0	1	1	1	2	1	0	1	1	0	0	1	1	0	1	0	0	1	1	2
chr9	42338552	42338750	199	9	0	199	123	76	9	4	9	15	9	7	6	7	8	4	3	6	12	5	5	12	11	4	1	4	8	4	1	6	4	2	2	8	7	9	0	5
chr9	42338773	42338868	96	9	0	96	71	25	12	2	5	7	5	4	2	1	3	3	0	3	7	0	2	13	4	1	0	4	3	1	0	0	0	0	0	2	5	2	0	3
chr9	42338869	42339090	222	8	0	222	155	67	22	4	12	17	5	7	6	8	10	3	6	8	17	7	4	17	7	4	0	10	6	3	0	4	2	1	0	3	11	5	0	11
chr9	42339091	42339154	64	9	0	64	51	13	6	2	1	12	5	0	0	3	3	0	0	3	5	2	1	6	1	2	0	1	2	0	0	1	0	0	0	0	5	1	0	0
chr9	42339167	42339210	44	8	0	44	25	19	3	0	1	2	2	2	4	0	0	4	4	0	1	0	0	1	2	0	0	4	2	0	0	0	1	0	0	1	2	2	0	4
chr9	42339211	42339317	107	7	0	107	47	60	2	2	1	2	2	9	7	0	2	0	7	4	1	2	4	0	2	7	1	3	7	4	0	7	4	4	2	6	5	3	1	4
chr9	42339318	42339408	91	8	0	91	50	41	7	3	1	3	3	2	4	2	2	2	5	3	2	3	5	2	3	4	0	3	5	1	1	4	0	4	1	3	3	2	0	6
chr9	42339409	42339638	230	9	0	230	135	95	18	7	8	14	10	3	10	15	8	4	6	3	11	5	4	8	8	6	0	5	15	4	0	7	6	11	0	11	10	6	0	5
chr9	42339672	42339747	76	9	0	76	47	29	6	1	3	4	2	2	5	3	5	2	2	2	1	2	2	3	4	0	0	3	2	1	0	1	4	0	0	2	3	3	0	6
chr9	42339748	42339760	13	7	0	13	8	5	1	0	1	1	0	0	0	1	1	1	0	0	1	0	0	0	0	0	0	1	1	1	0	0	0	0	0	0	0	1	0	0
chr9	42339761	42339797	37	8	0	37	23	14	3	0	2	3	0	1	1	0	2	0	3	1	2	1	1	2	0	1	0	1	0	0	1	2	0	0	0	2	1	2	1	2
chr9	42339798	42339870	73	9	0	73	43	30	5	3	4	3	1	4	0	4	2	1	2	2	6	1	2	1	3	2	0	4	4	6	0	2	0	2	0	0	3	2	0	2
chr9	42339871	42339935	65	8	0	65	42	23	8	1	3	5	2	1	2	3	6	0	1	4	1	1	2	2	0	1	0	0	1	0	1	1	1	1	1	3	6	1	0	4
chr9	42339936	42340108	173	9	0	173	104	69	12	3	8	12	7	4	9	8	10	2	7	4	6	8	0	2	10	4	0	4	6	1	0	9	5	3	0	4	8	8	0	7
chr9	42340109	42340143	35	8	0	35	25	10	3	0	3	4	3	0	0	1	1	1	0	0	3	2	0	3	2	1	0	1	0	0	0	1	2	0	0	0	0	1	0	1
chr9	42340144	42340311	168	9	0	168	98	70	11	6	5	11	8	3	8	10	9	4	6	5	3	3	2	2	8	4	0	4	9	8	0	3	3	3	0	4	9	5	0	10
chr9	42340312	42340407	96	8	0	96	64	32	7	4	3	9	4	1	3	8	6	1	3	3	6	1	1	4	2	0	0	4	1	1	0	2	4	1	0	2	9	2	0	2
chr9	42340408	42341025	618	9	0	618	400	218	48	29	35	41	34	9	22	25	35	8	10	13	37	10	18	25	23	10	0	23	13	9	3	14	28	10	1	17	26	10	0	30
chr9	42341026	42341110	85	8	0	85	41	44	6	0	2	5	2	3	5	0	2	0	1	2	3	5	3	1	2	3	1	2	4	5	2	5	3	6	1	4	2	3	0	0
chr9	42341111	42341257	147	9	0	147	78	69	10	4	4	7	8	5	7	1	0	3	5	5	7	1	3	7	3	5	1	3	7	3	3	8	5	10	2	5	7	3	0	3
chr9	42341258	42341306	49	8	0	49	32	17	7	1	0	6	1	0	2	1	0	0	1	0	5	1	1	5	0	1	0	1	4	2	0	3	0	4	0	0	0	1	0	0
chr9	42341307	42341570	264	9	0	264	124	140	22	5	9	6	12	12	15	5	4	4	14	5	4	3	3	0	5	12	1	6	16	12	2	18	11	17	3	9	13	6	0	8
chr9	42341578	42341593	16	9	0	16	13	3	8	1	1	0	2	0	0	0	0	0	0	0	0	0	0	0	2	0	0	0	0	0	0	0	0	0	0	0	0	0	0	0
chr9	42341594	42341676	83	8	0	83	63	20	20	1	4	8	3	1	2	2	3	1	2	1	6	0	1	7	2	0	0	1	1	0	0	2	4	2	0	0	0	1	0	6
chr9	42341677	42342006	330	9	0	330	143	187	12	6	11	3	8	6	27	10	11	9	16	6	2	7	6	1	8	13	0	7	23	15	4	24	10	21	3	16	10	17	3	13
chr9	42342007	42342080	74	8	0	74	27	47	0	0	2	0	0	3	5	0	2	2	8	0	1	1	2	0	1	3	1	1	3	7	1	7	3	3	0	4	1	6	0	5
chr9	42342081	42343808	1728	9	0	1728	879	849	103	35	64	52	57	80	95	56	43	37	73	43	50	25	28	37	60	49	6	62	79	78	14	91	75	74	8	57	74	61	10	50
chr9	42343809	42344563	755	9	0	755	454	301	47	24	40	32	21	22	24	24	41	14	32	19	34	19	14	47	27	17	11	24	20	15	6	29	11	11	4	18	33	29	5	39
chr9	42344564	42344631	68	8	0	68	36	32	5	1	5	1	3	3	5	1	3	0	3	2	1	1	0	0	3	0	0	2	4	2	0	1	4	1	0	7	1	4	0	3
chr9	42344632	42344941	310	9	0	310	161	149	30	6	15	9	16	9	18	9	8	8	11	6	5	1	6	2	7	10	1	7	18	13	0	10	16	10	3	21	11	8	2	12
chr9	42344942	42345033	92	8	0	92	46	46	8	0	2	5	2	2	6	0	2	2	5	2	3	3	3	1	3	2	0	1	4	4	1	5	2	4	2	6	1	4	1	4
chr9	42345034	42345947	914	9	0	914	453	461	60	28	29	27	36	34	52	14	24	20	37	20	24	16	17	15	28	34	10	26	46	29	17	42	31	41	17	37	31	30	10	30
chr9	42345948	42345983	36	8	0	36	17	19	0	2	1	0	0	1	3	0	2	1	2	1	1	1	1	1	2	1	0	1	0	3	0	2	0	0	0	2	2	2	0	2
chr9	42345984	42347944	1961	9	0	1961	1158	803	167	60	74	115	84	51	82	63	79	30	66	49	86	39	44	69	66	37	12	65	74	48	14	71	58	60	15	57	82	61	8	73
chr9	42347945	42348009	65	8	0	65	27	38	0	1	2	2	2	1	6	0	2	0	5	2	1	2	1	0	1	2	0	1	3	3	0	7	2	3	1	4	2	5	1	1
chr9	42348010	42349238	1229	9	0	1229	744	485	91	40	58	65	59	31	40	61	55	23	48	35	49	28	22	39	56	22	7	37	44	20	2	42	32	25	1	34	59	42	6	54
chr9	42349245	42349538	294	9	0	294	165	129	27	9	12	11	12	8	13	11	16	2	13	12	3	1	8	6	8	4	0	8	12	10	0	15	8	9	0	11	16	15	0	12
chr9	42349539	42349566	28	8	0	28	18	10	1	1	1	1	1	0	2	3	0	1	0	0	2	2	0	2	2	1	0	1	1	0	0	0	1	0	0	1	1	0	0	1
chr9	42349567	42350104	538	9	0	538	331	207	56	9	16	39	22	18	15	14	12	12	17	17	30	11	11	32	19	14	5	12	21	15	6	16	9	17	6	7	20	12	3	23
chr9	42350105	42350132	28	8	0	28	12	16	2	1	0	1	2	2	1	0	0	0	2	1	0	0	0	0	0	1	1	1	1	0	0	1	2	2	1	1	2	1	0	0
chr9	42350133	42353165	3033	9	0	3033	1895	1138	290	86	124	177	137	78	97	110	91	61	86	76	159	81	99	143	132	59	8	107	109	59	12	85	73	75	11	92	108	72	13	121
chr9	42353166	42353203	38	8	0	38	15	23	0	1	1	0	2	2	3	0	0	1	2	0	0	0	1	0	1	1	0	2	2	2	0	2	5	2	2	1	0	1	0	2
chr9	42353204	42353595	392	9	0	392	212	180	36	8	17	14	12	15	22	7	12	8	14	8	15	9	7	7	12	13	2	13	14	14	3	21	12	13	4	15	18	11	3	11
chr9	42353596	42353669	74	8	0	74	41	33	14	2	0	3	4	2	4	2	1	3	5	1	0	0	0	0	3	2	0	1	3	1	1	1	4	2	1	2	2	1	2	5
chr9	42353670	42353812	143	9	0	143	114	29	37	6	4	14	5	3	1	4	4	1	1	3	14	2	4	9	6	3	0	3	2	1	0	3	1	1	0	0	4	1	0	4
chr9	42353813	42355154	1342	9	0	1342	831	511	98	49	58	82	72	32	48	55	58	30	26	39	59	32	38	53	65	24	5	49	44	29	5	39	37	22	4	35	61	42	2	48
chr9	42355163	42355190	28	9	0	28	16	12	1	0	1	0	0	0	2	1	1	1	3	1	0	0	2	2	0	0	0	1	0	0	0	1	0	0	0	2	3	1	0	3
chr9	42355191	42355246	56	8	0	56	37	19	4	1	1	5	2	0	0	2	1	0	4	3	4	0	2	6	0	1	0	0	1	0	0	3	3	1	1	1	2	2	1	3
chr9	42355247	42357798	2552	9	0	2552	1259	1293	118	67	101	54	67	85	149	85	79	66	98	60	75	38	58	57	79	75	15	87	112	132	32	138	112	99	16	93	83	108	23	89
chr9	42357799	42357850	52	8	0	52	18	34	3	1	2	0	1	0	1	0	2	0	5	0	0	0	2	0	0	1	0	0	1	8	3	3	1	2	2	5	1	4	0	2
chr9	42357851	42358198	348	9	0	348	119	229	1	6	9	6	7	12	22	5	11	9	18	4	3	0	2	3	5	13	4	5	10	29	17	27	19	21	21	15	12	21	4	5
chr9	42358199	42358222	24	8	0	24	11	13	1	1	1	0	0	1	1	2	2	0	2	0	0	0	0	0	0	1	0	1	1	1	0	2	1	0	0	1	2	1	0	0
chr9	42358223	42358624	402	9	0	402	228	174	31	10	19	23	19	8	15	8	13	7	11	8	20	13	8	15	13	12	3	10	16	18	7	13	12	14	4	12	9	10	2	17
chr9	42358625	42358660	36	8	0	36	24	12	6	2	3	1	1	0	0	3	0	0	0	1	4	0	1	1	1	0	0	1	1	0	0	1	2	1	1	2	0	1	0	0
chr9	42358661	42358735	75	9	0	75	42	33	5	5	3	1	2	3	5	2	4	1	1	1	2	1	1	4	2	4	0	4	1	5	0	3	5	0	0	1	4	1	0	2
chr9	42358736	42358845	110	8	0	110	56	54	9	3	2	3	0	3	8	4	3	3	6	2	4	0	3	1	2	5	1	1	8	2	0	7	4	3	0	7	1	7	1	5
chr9	42358846	42358871	26	9	0	26	16	10	1	0	1	1	1	2	1	1	2	2	0	0	0	0	2	0	2	0	0	3	0	0	0	1	0	0	0	0	3	1	0	0
chr9	42358872	42359374	503	9	0	503	289	214	33	16	24	19	19	26	23	27	20	9	14	11	20	2	9	15	26	13	1	14	18	9	1	18	27	15	0	18	25	9	0	20
chr9	42359375	42359502	128	8	0	128	84	44	13	2	9	7	3	1	3	6	11	4	7	3	4	2	3	4	4	3	0	3	3	2	0	4	0	0	0	0	6	4	0	15
chr9	42359503	42359687	185	9	0	185	123	62	16	2	11	15	9	1	4	9	8	5	7	3	11	6	3	12	5	3	1	5	6	0	0	5	6	1	0	7	6	7	1	8
chr9	42359688	42359717	30	8	0	30	25	5	1	0	0	4	0	0	0	2	2	0	1	0	3	2	2	6	0	0	0	2	0	0	0	0	0	0	0	0	2	0	0	1
chr9	42359718	42360103	386	9	0	386	262	124	33	10	13	32	9	8	9	20	11	8	10	10	36	9	11	32	15	11	1	8	14	7	0	11	8	2	0	7	9	12	1	17
chr9	42360104	42360133	30	8	0	30	18	12	2	0	1	3	0	0	1	1	2	2	0	0	2	1	3	0	1	2	0	0	0	0	0	2	0	0	0	1	1	0	1	2
chr9	42360134	42360167	34	9	0	34	22	12	1	0	0	2	1	1	0	3	1	0	3	0	0	1	2	7	2	0	0	0	0	0	0	1	1	0	0	2	2	1	0	1
chr9	42360168	42360195	28	8	0	28	21	7	7	2	2	2	1	0	0	1	4	0	0	0	1	0	0	1	1	0	1	0	0	0	0	0	0	0	0	0	0	0	1	2
chr9	42360196	42360431	236	9	0	236	152	84	25	9	11	19	16	5	7	11	16	5	4	4	7	2	2	7	11	6	1	3	11	2	0	5	6	3	0	7	12	7	1	9
chr9	42360432	42360460	29	8	0	29	20	9	2	1	2	1	0	0	0	3	2	0	2	1	1	2	0	1	2	0	0	1	1	0	0	0	0	0	0	0	0	1	0	4
chr9	42360461	42360542	82	9	0	82	51	31	9	1	2	4	4	2	4	3	2	1	2	5	2	4	4	0	2	2	0	4	4	0	0	1	4	1	0	3	4	2	0	4
chr9	42360543	42360575	33	9	0	33	24	9	4	2	1	3	3	1	0	1	1	0	1	1	2	1	0	1	3	0	0	1	0	1	0	1	0	0	0	0	2	1	0	0
chr9	42360576	42361785	1210	9	0	1210	807	403	121	47	59	85	48	29	29	42	59	15	36	25	84	29	38	60	53	20	0	46	25	26	1	38	22	11	0	25	48	33	1	53
chr9	42361786	42361967	182	8	0	182	115	67	13	4	4	15	6	7	9	6	10	3	4	3	8	8	6	8	8	5	1	8	8	3	0	2	3	1	0	8	9	4	1	5
chr9	42361968	42362197	230	9	0	230	149	81	27	5	8	14	8	6	6	14	5	4	8	13	13	3	7	7	6	3	2	7	10	3	0	3	9	2	0	5	9	8	0	13
chr9	42362198	42362231	34	8	0	34	16	18	0	0	1	1	0	2	3	1	2	0	3	2	0	0	0	0	1	0	0	2	2	1	0	1	1	2	0	1	2	1	0	3
chr9	42362232	42362466	235	9	0	235	107	128	10	7	5	4	8	10	15	4	5	4	13	5	3	5	5	3	6	11	3	7	14	7	6	11	9	13	3	11	8	7	2	9
chr9	42362467	42362572	106	9	0	106	51	55	9	2	1	3	3	5	5	1	2	2	5	5	1	2	4	1	2	4	2	2	5	2	2	7	2	5	3	4	5	5	1	2
chr9	42362573	42363047	475	9	0	475	266	209	38	15	16	26	23	16	24	10	19	7	16	11	15	10	8	11	18	16	5	10	18	9	5	22	15	16	6	15	22	12	2	17
chr9	42363048	42363174	127	9	0	127	76	51	13	2	6	6	4	2	5	5	2	1	5	5	8	5	2	3	4	2	1	3	6	5	0	4	3	3	1	5	3	5	0	6
chr9	42363175	42363552	378	9	0	378	239	139	38	12	11	30	10	11	8	13	11	3	10	13	32	9	10	17	11	14	2	8	15	11	5	13	4	8	2	8	12	10	5	10
chr9	42363553	42363648	96	9	0	96	35	61	0	2	1	1	1	4	6	1	3	0	8	2	0	2	2	0	1	1	1	5	3	3	5	5	6	7	5	6	3	5	3	2
chr9	42363649	42363832	184	9	0	184	116	68	23	8	7	7	4	3	9	8	8	4	5	9	10	1	5	4	7	3	1	5	7	4	0	5	2	2	0	4	8	6	1	12
chr9	42363833	42363888	56	9	0	56	37	19	4	3	1	5	4	1	1	3	3	0	1	1	2	4	1	3	4	1	0	2	3	1	0	0	0	1	0	1	2	1	0	1
chr9	42363889	42365201	1313	9	0	1313	738	575	86	37	59	53	58	39	70	47	45	23	43	43	47	33	19	35	50	31	6	44	55	33	5	52	50	38	7	49	59	43	6	46
chr9	42365202	42365232	31	9	0	31	24	7	2	1	1	1	1	1	0	2	1	0	0	0	1	3	0	9	4	0	0	0	0	0	0	1	0	0	0	0	0	1	0	0
chr9	42365233	42365433	201	9	0	201	133	68	7	9	9	14	8	8	5	4	4	2	6	5	22	5	10	13	10	3	1	10	2	1	1	5	5	4	1	8	8	1	1	7
chr9	42365434	42365526	93	9	0	93	51	42	4	3	2	2	2	4	2	3	2	2	2	3	3	4	7	6	4	2	3	3	2	2	1	4	3	2	2	3	2	3	1	3
chr9	42365527	42365809	283	9	0	283	188	95	25	10	12	14	5	10	10	13	15	8	6	10	17	7	9	15	11	6	1	17	9	4	0	4	2	0	1	1	17	7	0	15
chr9	42365810	42365866	57	9	0	57	28	29	0	1	2	0	2	2	6	0	0	2	3	2	1	2	2	2	3	1	0	3	3	2	0	1	1	1	0	6	2	2	0	3
chr9	42365867	42365957	91	9	0	91	51	40	2	1	4	4	4	5	7	3	4	2	4	5	1	2	1	2	4	3	0	3	2	0	0	1	5	0	0	5	8	0	1	6
chr9	42365958	42365978	21	9	0	21	15	6	2	0	1	3	1	0	0	1	0	0	0	0	2	0	0	4	0	0	0	0	2	0	0	1	0	2	0	0	0	0	0	0
chr9	42365979	42366061	83	9	0	83	58	25	5	3	3	7	4	0	2	4	3	3	3	0	6	4	3	7	4	0	0	6	1	1	0	1	1	1	0	0	4	1	0	4
chr9	42366062	42366072	11	9	0	11	7	4	0	1	1	0	0	0	0	0	0	0	1	0	1	1	0	0	0	0	0	2	0	0	0	1	0	0	0	0	0	1	0	0
chr9	42366073	42366119	47	9	0	47	32	15	5	0	0	4	0	1	3	3	2	0	0	1	3	2	1	6	1	1	0	1	3	0	0	1	2	1	0	1	1	2	0	0
chr9	42366120	42366184	65	9	0	65	26	39	1	0	2	1	0	4	5	2	2	0	3	2	1	1	0	0	2	1	0	2	4	2	2	5	4	8	0	2	2	2	2	1
chr9	42366185	42366267	83	9	0	83	47	36	8	1	0	5	2	1	3	4	1	2	4	4	3	2	4	3	1	4	0	1	4	2	2	4	0	3	0	3	5	2	0	3
chr9	42366268	42366339	72	9	0	72	27	45	1	1	0	2	1	4	5	1	2	1	4	0	0	1	2	1	2	3	1	1	7	4	0	6	1	6	3	3	2	4	0	1
chr9	42366340	42366420	81	9	0	81	41	40	11	0	3	0	3	3	5	2	0	2	5	2	1	2	1	0	2	1	0	4	7	1	0	1	3	5	1	5	1	3	1	4
chr9	42366421	42366480	60	9	0	60	47	13	10	3	2	5	3	0	0	3	2	0	1	3	4	2	0	7	1	2	2	0	2	0	0	0	0	0	0	0	3	0	0	3
chr9	42366481	42366709	229	9	0	229	138	91	16	8	12	11	13	4	10	9	11	3	5	10	7	4	7	8	12	1	0	5	7	3	0	6	8	6	1	11	9	6	3	11
chr9	42366710	42366751	42	9	0	42	29	13	5	1	1	6	3	2	0	2	3	0	1	0	1	1	0	2	2	0	0	1	2	1	0	0	1	1	0	0	2	1	0	1
chr9	42366756	42366798	43	9	0	43	24	19	2	0	2	2	1	0	3	0	2	1	4	1	1	2	2	1	2	1	0	0	0	1	0	2	0	0	0	4	2	1	0	4
chr9	42366799	42366897	99	9	0	99	68	31	20	3	2	6	5	2	2	9	5	1	2	4	1	1	1	3	6	1	0	0	4	1	0	0	2	3	0	1	7	0	0	5
chr9	42366898	42366960	63	9	0	63	46	17	4	2	1	8	3	0	1	3	4	0	0	3	4	1	4	6	1	0	0	2	1	1	0	1	2	1	0	1	4	1	0	2
chr9	42366961	42367019	59	9	0	59	47	12	19	2	1	6	2	1	1	1	3	0	0	0	4	0	2	4	1	1	0	1	2	1	0	0	0	1	0	1	1	0	0	2
chr9	42367020	42367037	18	9	0	18	9	9	0	1	0	1	2	1	1	0	0	0	1	1	0	0	0	0	2	0	0	0	1	0	0	1	1	0	0	1	1	1	0	0
chr9	42367038	42367203	166	9	0	166	99	67	8	9	8	1	6	5	9	5	6	5	1	4	6	8	8	8	12	7	1	7	7	2	0	5	2	3	0	5	4	2	1	9
chr9	42367204	42367258	55	9	0	55	34	21	7	2	2	5	3	1	1	2	3	1	0	1	3	0	1	2	2	2	0	0	2	3	0	3	2	0	0	1	1	3	0	0
chr9	42367259	42367437	179	9	0	179	116	63	21	6	6	10	7	2	4	11	7	4	2	4	8	4	6	12	5	7	1	3	9	4	1	4	5	4	0	3	6	3	0	8
chr9	42367438	42367479	42	9	0	42	30	12	7	2	1	5	5	0	0	1	0	1	0	2	3	0	2	0	2	0	0	1	1	1	0	0	2	0	0	1	1	1	0	1
chr9	42367480	42367701	222	9	0	222	144	78	24	5	11	14	10	4	10	6	12	6	6	8	7	5	7	7	12	3	0	5	6	4	0	4	5	1	0	6	7	6	0	19
chr9	42367702	42367750	49	9	0	49	34	15	4	1	2	4	3	1	1	4	2	1	1	4	2	1	0	1	3	1	0	0	1	0	0	1	0	0	0	0	5	1	0	3
chr9	42367751	42368076	326	9	0	326	196	130	33	9	18	12	14	3	15	8	14	5	7	6	12	14	12	12	13	4	0	14	9	10	1	13	7	10	2	15	11	9	1	11
chr9	42368077	42368133	57	9	0	57	32	25	5	3	2	3	5	1	2	1	3	2	0	1	1	0	1	0	1	2	0	3	7	3	0	1	0	2	0	0	1	4	0	1
chr9	42368134	42368299	166	9	0	166	110	56	7	9	8	12	11	7	5	7	9	5	2	3	8	4	2	10	9	3	2	10	4	0	0	2	5	1	0	0	12	2	0	5
chr9	42368300	42368358	59	9	0	59	37	22	6	3	5	0	4	2	0	0	0	1	2	1	4	3	3	1	3	2	0	4	0	1	0	4	2	0	0	2	2	2	0	0
chr9	42368359	42368647	289	9	0	289	181	108	18	17	11	11	9	9	13	18	18	9	6	6	12	3	7	13	19	3	0	15	10	4	0	7	6	3	0	1	14	11	0	14
chr9	42368648	42368686	39	9	0	39	24	15	1	1	3	1	1	1	2	2	2	1	1	3	1	1	0	2	3	0	0	1	1	0	0	1	0	1	0	1	2	1	0	3
chr9	42368687	42369054	368	9	0	368	241	127	40	8	20	20	13	6	10	14	12	8	16	10	23	11	10	20	13	2	1	16	6	1	0	12	7	8	4	9	17	8	2	19
chr9	42369055	42369139	85	9	0	85	32	53	0	0	1	1	1	4	6	1	1	1	8	1	0	3	3	0	1	2	1	4	2	3	4	6	5	7	1	5	4	3	1	3
chr9	42369140	42369767	628	9	0	628	424	204	75	10	20	57	25	11	18	11	23	9	24	25	39	14	21	41	17	9	2	16	16	9	3	14	11	7	4	14	21	16	5	39
chr9	42369768	42369792	25	9	0	25	20	5	5	0	1	3	0	1	1	0	1	0	0	1	3	1	0	2	1	0	0	1	0	0	0	0	0	0	0	0	1	0	0	1
chr9	42369793	42369878	86	9	0	86	66	20	11	3	3	11	3	1	1	3	4	1	1	2	10	5	3	2	4	2	1	3	2	0	0	0	0	0	0	0	2	0	1	5
chr9	42369879	42369938	60	9	0	60	48	12	14	3	1	6	2	1	1	1	1	2	0	0	7	0	3	5	2	1	0	2	1	0	0	0	0	0	0	2	2	0	0	1
chr9	42369939	42370247	309	9	0	309	202	107	31	10	16	14	14	9	8	6	12	3	11	10	15	9	12	20	13	3	0	15	8	5	0	9	6	5	0	7	10	9	0	17
chr9	42370248	42370311	64	9	0	64	37	27	6	3	1	2	2	4	4	0	2	0	4	2	2	1	2	1	3	3	0	2	2	1	0	2	2	0	0	3	3	1	0	4
chr9	42370312	42371559	1248	9	0	1248	696	552	96	31	51	50	47	34	75	38	47	34	48	25	38	23	31	27	40	32	8	41	55	27	1	51	49	45	1	47	50	30	8	66
chr9	42371560	42371588	29	9	0	29	14	15	1	0	2	0	2	1	2	2	0	2	0	2	0	0	0	0	0	1	0	2	2	1	0	1	2	0	0	0	2	2	0	0
chr9	42371589	42371666	78	9	0	78	40	38	0	2	5	0	5	5	5	1	2	4	5	1	0	0	1	2	9	0	0	2	1	0	0	5	2	5	0	1	4	1	0	8
chr9	42371667	42371766	100	9	0	100	58	42	5	4	5	6	11	1	3	1	3	1	6	2	1	4	1	2	3	4	0	3	6	2	0	2	2	2	0	6	5	2	0	5
chr9	42371767	42372038	272	9	0	272	173	99	42	10	14	9	12	8	14	8	13	6	9	8	8	2	3	5	13	4	0	9	9	1	0	7	10	2	0	8	10	10	0	16
chr9	42372039	42372220	182	9	0	182	99	83	10	7	5	10	13	5	9	7	6	4	6	3	3	2	2	6	6	5	0	7	11	7	0	7	10	8	0	2	7	6	0	6
chr9	42372221	42372269	49	9	0	49	32	17	10	0	3	2	0	0	1	2	4	0	3	2	1	0	0	3	0	0	0	0	2	1	0	4	0	0	0	0	0	6	0	3
chr9	42372270	42373684	1415	9	0	1415	860	555	118	48	64	89	65	27	54	40	70	25	45	37	66	36	36	40	50	35	6	44	43	36	11	55	31	29	4	32	62	45	3	67
chr9	42373685	42373750	66	9	0	66	32	34	2	1	1	1	0	1	6	4	1	1	4	2	1	3	1	1	1	2	0	3	2	2	0	6	5	3	0	2	4	3	0	1
chr9	42373751	42373767	17	9	0	17	17	0	15	0	0	0	0	0	0	0	0	0	0	0	0	0	0	0	0	0	0	0	0	0	0	0	0	0	0	0	0	0	0	0
chr9	42373768	42374197	430	9	0	430	235	195	24	11	14	20	17	17	19	12	9	5	18	8	19	13	16	12	11	16	1	18	22	18	0	20	18	15	1	14	14	11	0	15
chr9	42374198	42374247	50	9	0	50	23	27	1	3	1	0	1	1	4	2	2	1	2	0	1	1	2	0	1	3	0	2	4	1	0	4	1	3	0	2	2	1	0	2
chr9	42374248	42374266	19	8	0	19	19	0	17	0	0	0	0	0	0	0	0	0	0	0	0	0	0	0	0	0	0	0	0	0	0	0	0	0	0	0	0	0	0	0
chr9	42374267	42374325	59	9	0	59	31	28	3	0	2	4	2	4	2	2	2	0	1	1	2	3	2	1	3	2	1	1	5	2	0	1	2	1	0	5	0	2	1	0
chr9	42374326	42374373	48	9	0	48	23	25	2	2	0	1	1	2	3	2	2	0	2	3	1	0	1	0	0	3	0	1	1	3	2	3	4	0	0	0	3	3	0	1
chr9	42374374	42374415	42	9	0	42	18	24	0	1	1	0	2	3	3	0	0	0	3	2	1	1	0	0	2	2	0	1	2	2	2	1	3	1	0	2	1	1	0	3
chr9	42374416	42374433	18	8	0	18	11	7	3	0	0	0	0	1	2	0	1	1	2	0	0	0	0	0	1	0	0	1	0	0	0	0	0	0	0	0	1	0	0	3
chr9	42374434	42374470	37	9	0	37	20	17	1	1	0	2	0	1	3	1	1	1	4	0	2	0	0	1	1	1	0	1	0	1	0	3	3	0	0	1	1	2	0	3
chr9	42374472	42374491	20	8	0	20	13	7	0	0	0	0	0	0	1	1	0	2	1	1	0	0	0	5	1	0	1	0	1	0	0	0	0	0	0	0	0	1	1	2
chr9	42374492	42374682	191	8	0	191	122	69	17	9	8	8	9	2	5	6	10	5	6	4	7	5	8	12	5	6	1	8	7	2	0	8	2	0	1	3	8	9	0	8
chr9	42374683	42374747	65	8	0	65	38	27	4	2	4	0	3	0	3	4	2	2	1	2	1	3	2	4	1	1	1	4	2	1	0	1	3	1	1	3	4	1	0	2
chr9	42374748	42374922	175	8	0	175	105	70	17	6	8	7	11	8	9	5	9	3	1	5	1	6	6	3	9	7	0	7	7	1	0	5	8	1	0	5	8	4	0	6
chr9	42374923	42374966	44	8	0	44	24	20	2	2	2	1	4	0	1	1	1	2	2	1	0	1	0	3	2	1	1	1	1	1	1	2	1	1	0	0	2	2	1	2
chr9	42374967	42375035	69	8	0	69	37	32	3	0	6	1	3	2	1	1	1	3	3	2	4	2	2	2	1	1	0	5	2	7	0	3	0	2	0	2	4	2	0	2
chr9	42375036	42375072	37	8	0	37	25	12	4	1	1	3	3	2	1	1	1	0	1	4	1	0	1	0	1	0	0	2	0	0	0	0	2	0	0	0	4	0	0	2
chr9	42375073	42375235	163	8	0	163	102	61	14	3	9	7	5	3	8	5	8	2	8	6	6	3	4	10	4	2	1	4	3	1	0	5	6	2	0	8	8	3	1	12
chr9	42375236	42375269	34	8	0	34	24	10	3	1	3	3	1	1	0	0	1	0	1	1	5	1	0	2	1	1	0	1	0	1	0	1	1	0	0	0	1	0	0	2
chr9	42375270	42375282	13	8	0	13	7	6	0	0	0	1	1	0	0	0	0	0	1	0	0	1	2	1	0	1	0	0	1	0	0	1	0	0	0	0	0	0	0	1
chr9	42375283	42375343	61	8	0	61	35	26	4	2	1	4	3	2	1	2	4	1	4	3	0	0	3	1	2	1	0	2	0	0	0	3	2	1	1	0	3	1	5	3
chr9	42375344	42375426	83	8	0	83	53	30	8	2	3	7	5	0	4	2	3	2	3	2	4	2	2	3	2	0	0	3	3	0	0	1	3	2	1	4	3	2	1	4
chr9	42375427	42375481	55	8	0	55	33	22	5	2	3	3	3	1	2	0	3	1	2	0	2	1	0	3	3	0	0	2	2	4	0	1	0	3	0	1	1	0	0	5
chr9	42375482	42375515	34	8	0	34	18	16	1	1	2	0	1	1	1	0	1	0	2	0	1	2	3	0	0	1	0	3	1	0	0	3	1	2	0	1	1	1	0	2
chr9	42375516	42375567	52	8	0	52	32	20	3	0	1	6	3	2	1	3	1	2	0	0	3	1	3	3	3	1	0	1	1	2	0	2	3	2	0	0	2	0	0	1
chr9	42375574	42375812	239	8	0	239	143	96	21	9	15	8	14	6	7	14	7	5	4	5	9	5	5	7	12	6	0	7	10	6	0	8	9	6	0	11	10	6	0	5
chr9	42375813	42375832	20	8	0	20	11	9	0	2	1	0	3	0	2	0	0	0	0	2	0	0	0	0	0	1	0	1	1	0	0	0	0	0	0	2	3	0	0	0
chr9	42375833	42375946	114	8	0	114	64	50	4	4	6	3	1	2	5	5	6	1	10	2	7	2	1	4	0	2	0	7	3	5	0	5	4	2	1	1	6	4	1	8
chr9	42375947	42375985	39	8	0	39	20	19	1	1	0	1	1	1	3	1	1	1	5	2	0	2	0	0	1	1	0	3	1	1	0	1	0	0	0	0	4	1	0	4
chr9	42375986	42376148	163	8	0	163	116	47	11	4	4	17	7	3	3	7	7	1	7	8	11	5	6	14	4	3	0	6	3	1	0	2	0	0	0	4	14	2	0	7
chr9	42376149	42376177	29	8	0	29	19	10	1	2	1	0	0	0	1	3	1	1	0	0	2	2	2	2	2	1	0	1	1	0	0	0	0	0	0	2	1	0	0	1
chr9	42376178	42376372	195	8	0	195	127	68	26	7	11	10	5	1	4	10	14	0	5	3	9	7	9	5	3	4	0	7	6	6	0	5	5	4	0	5	6	3	0	13
chr9	42376373	42376409	37	8	0	37	27	10	7	4	3	1	1	0	0	2	0	0	0	0	6	0	1	1	1	0	0	2	1	0	0	1	1	2	0	1	0	0	0	0
chr9	42376410	42376463	54	8	0	54	35	19	10	6	1	1	8	0	1	1	1	1	2	2	0	0	0	0	4	3	0	0	4	0	0	0	1	0	0	1	1	1	0	3
chr9	42376464	42376490	27	8	0	27	8	19	0	0	0	0	0	3	3	0	0	0	1	0	0	0	0	0	0	1	0	2	4	1	0	1	2	3	2	1	0	1	0	0
chr9	42376491	42376566	76	8	0	76	32	44	0	2	1	1	1	2	6	1	3	1	7	0	0	3	3	0	2	1	1	4	3	2	1	6	1	4	2	5	5	5	0	1
chr9	42376567	42376614	48	8	0	48	27	21	21	0	1	0	0	2	1	0	0	0	0	0	1	0	1	0	0	1	1	0	2	1	2	2	1	6	3	0	0	0	0	0
chr9	42376615	42376648	34	8	0	34	18	16	1	2	0	0	0	2	2	2	1	0	1	2	1	0	2	0	3	1	0	1	2	2	0	1	0	1	0	1	1	1	0	2
chr9	42376649	42376685	37	8	0	37	15	22	0	0	0	0	0	1	3	1	0	1	4	3	0	0	0	0	0	1	1	1	1	0	1	4	1	2	1	0	3	3	1	2
chr9	42376686	42376726	41	8	0	41	16	25	1	0	2	1	2	3	1	0	0	0	3	1	1	1	0	0	1	1	1	1	3	3	1	0	1	2	1	4	1	2	1	0
chr9	42376727	42376770	44	8	0	44	29	15	4	2	5	2	2	0	1	0	3	1	1	1	3	1	1	1	2	0	0	2	0	0	0	2	0	2	0	0	1	1	0	4
chr9	42376771	42376808	38	8	0	38	24	14	2	0	1	3	0	1	2	1	1	0	0	3	3	0	2	5	0	0	0	1	2	1	0	2	0	2	0	0	2	1	0	1
chr9	42376817	42376868	52	8	0	52	28	24	4	2	2	3	2	1	3	1	5	2	2	0	0	0	0	0	0	1	1	3	5	0	1	1	0	0	0	2	1	6	0	2
chr9	42376869	42376907	39	8	0	39	16	23	0	0	1	2	1	1	3	0	1	1	1	1	1	1	1	1	0	2	0	1	2	4	1	3	1	3	0	0	2	1	0	1
chr9	42376908	42376951	44	8	0	44	29	15	1	0	0	4	2	4	3	0	2	1	3	1	2	3	0	1	4	0	0	4	0	0	0	0	0	0	0	0	5	0	0	2
chr9	42376952	42376984	33	8	0	33	23	10	7	2	1	1	1	1	2	1	2	0	0	1	1	1	0	1	1	2	0	1	2	0	0	0	0	0	0	0	1	0	0	2
chr9	42376985	42377035	51	8	0	51	34	17	1	3	1	5	2	1	2	3	2	2	2	1	4	0	1	3	2	1	0	2	2	0	0	0	1	1	0	0	3	0	0	4
chr9	42377036	42377056	21	8	0	21	16	5	0	2	1	2	1	0	0	1	0	0	0	0	4	2	0	2	1	1	0	1	1	0	0	0	0	0	0	0	0	0	0	0
chr9	42377057	42377215	159	8	0	159	103	56	12	5	7	10	7	3	4	6	9	0	6	6	6	5	8	7	7	1	1	4	4	0	0	4	4	5	0	5	6	2	1	12
chr9	42377216	42377249	34	8	0	34	16	18	0	1	1	0	1	1	2	1	1	2	1	0	0	0	1	3	2	2	0	0	4	2	0	1	0	2	0	0	0	0	0	4
chr9	42377250	42377277	28	8	0	28	19	9	3	0	1	4	0	0	2	0	4	0	0	0	1	1	2	0	1	0	0	0	1	0	0	0	1	0	0	1	0	1	0	3
chr9	42377278	42377386	109	8	0	109	62	47	13	6	3	3	5	2	5	1	3	5	1	1	4	1	6	3	3	6	0	5	4	5	1	5	1	3	0	2	4	2	1	3
chr9	42377387	42377442	56	8	0	56	34	22	6	2	2	3	2	2	0	3	2	1	3	2	3	0	1	2	1	3	0	1	3	0	0	2	1	1	0	0	2	3	0	3
chr9	42377443	42377504	62	8	0	62	30	32	3	0	1	3	1	1	3	3	1	0	4	2	2	1	1	2	0	1	0	2	2	5	2	3	3	3	0	4	3	3	0	1
chr9	42377505	42377589	85	8	0	85	39	46	4	1	6	0	2	5	6	1	5	2	3	1	0	1	1	0	6	2	0	2	2	6	2	4	1	5	0	4	4	1	0	6
chr9	42377590	42377761	172	8	0	172	86	86	5	9	6	5	5	7	14	2	10	2	9	1	5	3	0	2	10	5	1	5	5	5	3	6	9	3	3	7	4	6	2	11
chr9	42377762	42377818	57	8	0	57	24	33	4	1	4	0	4	1	3	0	0	2	3	0	1	1	0	0	2	2	0	1	2	8	0	3	1	2	0	5	2	2	0	1
chr9	42377819	42377844	26	8	0	26	15	11	0	1	1	1	2	0	1	1	1	1	1	1	0	1	1	1	1	0	0	2	1	0	0	0	1	0	0	1	1	2	0	1
chr9	42377845	42377891	47	8	0	47	20	27	0	0	1	1	1	2	1	2	2	0	1	2	0	1	2	3	0	3	0	0	5	3	0	2	0	3	4	1	1	2	0	2
chr9	42377892	42377917	26	8	0	26	10	16	0	0	0	2	2	0	3	2	0	1	0	0	0	0	0	0	0	0	0	1	3	1	0	0	4	2	0	2	0	1	0	0
chr9	42377921	42378084	164	8	0	164	63	101	1	2	5	2	4	10	19	1	5	2	6	3	1	1	0	0	5	3	1	6	11	5	5	5	11	15	4	14	7	3	0	5
chr9	42378085	42378229	145	8	0	145	67	78	6	7	3	2	6	8	7	6	4	2	5	3	2	4	1	1	8	5	3	4	7	6	2	7	8	5	4	3	4	6	2	2
chr9	42378230	42378429	200	8	0	200	105	95	4	8	10	4	7	8	14	6	9	6	8	3	6	5	4	3	10	8	0	9	11	2	2	3	6	5	2	9	8	3	2	13
chr9	42378430	42378471	42	8	0	42	18	24	1	0	3	1	2	2	3	2	2	0	1	1	0	0	0	0	1	0	0	1	4	3	0	1	2	1	0	5	1	3	0	0
chr9	42378472	42378558	87	8	0	87	43	44	6	1	3	5	2	1	6	2	5	2	2	1	2	0	0	4	3	1	0	0	6	7	0	6	1	6	0	3	2	6	0	2
chr9	42378559	42378613	55	8	0	55	32	23	4	0	1	5	3	2	4	1	1	0	1	3	2	2	2	0	1	1	0	2	2	1	0	0	5	2	0	3	2	0	0	3
chr9	42378614	42378768	155	8	0	155	86	69	9	5	8	4	10	8	8	2	4	7	5	3	3	3	1	5	9	6	0	8	7	5	0	6	5	0	0	3	7	7	0	5
chr9	42378769	42378794	26	8	0	26	14	12	0	0	0	2	1	2	0	1	0	1	2	1	1	0	0	2	0	1	0	1	2	0	1	0	1	1	0	0	1	1	1	1
chr9	42378795	42378848	54	8	0	54	28	26	1	1	2	3	2	3	2	1	3	1	2	2	1	1	2	0	1	3	1	1	3	3	0	1	1	1	0	2	3	0	1	4
chr9	42378849	42378893	45	8	0	45	27	18	2	0	0	5	1	0	1	3	3	1	2	1	2	1	0	3	0	1	1	0	1	4	1	1	0	1	0	1	4	1	0	2
chr9	42378894	42378965	72	8	0	72	41	31	1	1	2	5	3	3	5	2	5	3	1	4	0	0	2	3	2	3	0	2	5	0	0	1	0	2	0	2	6	2	0	5
chr9	42378966	42378992	27	8	0	27	15	12	1	0	0	2	3	1	1	2	0	1	0	2	0	0	0	0	1	1	0	1	3	1	0	0	1	1	0	0	2	1	0	0
chr9	42378993	42379655	663	8	0	663	415	248	54	22	36	29	26	17	20	29	30	9	17	19	31	17	21	37	24	16	2	23	20	19	1	17	22	5	1	22	27	17	0	31
chr9	42379656	42379690	35	8	0	35	24	11	3	0	3	1	1	3	0	1	0	0	0	1	3	3	0	3	3	1	0	2	0	1	0	1	2	0	0	0	1	0	0	0
chr9	42379691	42379865	175	8	0	175	124	51	22	3	11	13	9	2	2	6	9	6	7	6	11	3	3	9	4	2	1	7	1	2	0	4	2	0	0	0	12	3	1	12
chr9	42379866	42379939	74	8	0	74	35	39	2	5	3	1	4	1	8	0	4	0	3	1	1	1	0	0	1	2	0	4	4	4	0	3	5	3	0	4	4	2	0	2
chr9	42379940	42380530	591	8	0	591	335	256	28	17	26	24	27	15	31	16	17	18	23	12	24	17	23	16	22	16	0	29	22	11	0	25	23	12	3	22	22	18	3	27
chr9	42380531	42380597	67	8	0	67	44	23	8	3	2	5	3	1	2	4	2	1	1	2	4	0	1	3	2	2	0	2	5	2	0	0	2	1	0	1	1	2	0	3
chr9	42380598	42381157	560	8	0	560	350	210	34	12	30	29	19	17	19	30	28	11	20	14	24	19	6	37	22	11	0	26	26	12	0	11	14	7	0	7	23	18	0	32
chr9	42381158	42381186	29	8	0	29	15	14	1	1	2	1	1	0	1	1	3	0	1	0	1	0	1	0	0	1	0	0	1	2	0	3	0	1	0	1	1	2	0	1
chr9	42381187	42381456	270	8	0	270	169	101	19	8	17	19	14	6	6	9	14	5	6	5	16	8	7	9	6	9	1	11	9	7	1	10	8	4	0	4	12	7	0	11
chr9	42381457	42381482	26	8	0	26	18	8	4	1	0	2	2	1	0	2	0	0	0	2	1	3	0	0	3	0	1	0	0	0	0	0	0	0	0	0	2	0	0	0
chr9	42381483	42381631	149	8	0	149	91	58	6	5	6	10	4	3	3	6	10	2	6	5	7	3	9	5	2	5	0	6	9	4	0	4	2	1	0	1	4	7	0	12
chr9	42381632	42381675	44	8	0	44	30	14	6	0	2	6	2	0	0	3	2	1	0	0	4	1	1	1	1	1	0	0	2	2	0	1	1	1	0	1	1	1	0	1
chr9	42381676	42381972	297	8	0	297	184	113	21	3	18	22	10	11	14	7	13	5	5	3	20	11	3	16	17	6	0	7	6	8	1	14	9	7	1	11	10	8	0	8
chr9	42381978	42382038	61	8	0	61	43	18	14	2	1	4	1	2	2	3	2	0	1	3	3	0	2	1	2	0	0	2	2	1	0	1	1	1	0	2	3	2	0	1
chr9	42382039	42382061	23	8	0	23	16	7	2	0	2	1	1	2	0	1	1	0	1	1	1	0	0	1	1	0	0	1	0	0	0	0	2	0	0	0	1	0	0	2
chr9	42382062	42382339	278	8	0	278	179	99	25	10	14	17	10	5	7	13	13	3	10	7	18	10	7	9	8	9	0	11	8	5	0	11	8	3	0	3	11	7	0	14
chr9	42382340	42382373	34	8	0	34	26	8	5	0	1	4	2	0	0	1	0	0	2	1	2	0	1	5	0	0	0	0	1	0	0	0	2	1	0	1	0	0	0	3
chr9	42382374	42382646	273	8	0	273	152	121	10	8	14	8	9	17	16	8	14	6	8	8	8	4	4	8	13	6	0	16	14	7	0	7	8	7	0	7	16	8	0	12
chr9	42382647	42382674	28	8	0	28	12	16	0	1	0	0	0	4	1	0	1	1	2	0	0	0	0	0	1	2	1	2	2	2	0	0	1	0	0	1	3	0	1	0
chr9	42382675	42382891	217	8	0	217	120	97	8	4	9	13	6	2	10	15	13	1	6	7	7	5	7	7	2	4	0	5	7	7	0	12	12	10	3	7	12	5	1	8
chr9	42382892	42382947	56	8	0	56	34	22	4	3	1	2	3	3	1	3	2	2	2	1	1	1	2	2	3	1	0	4	3	0	0	1	1	1	0	0	3	2	0	2
chr9	42382948	42383087	140	8	0	140	83	57	4	2	6	9	1	1	4	9	9	2	8	7	6	4	3	7	1	3	2	3	6	3	1	5	1	0	0	5	7	9	3	7
chr9	42383088	42383160	73	8	0	73	47	26	8	0	5	5	2	0	2	3	6	1	3	4	2	2	0	4	0	0	1	2	0	1	0	2	2	0	0	2	5	3	2	4
chr9	42383161	42383428	268	8	0	268	172	96	20	8	8	18	8	12	10	17	12	12	4	2	14	7	5	13	25	4	2	8	4	6	0	7	5	1	1	3	14	6	1	9
chr9	42383429	42383455	27	8	0	27	19	8	5	2	0	1	2	0	0	0	2	0	2	0	0	1	0	3	1	1	0	0	0	0	1	0	0	0	0	0	1	0	1	2
chr9	42383464	42383614	151	8	0	151	82	69	8	2	3	5	3	5	8	4	5	5	12	5	2	6	4	4	6	3	1	8	2	7	1	6	2	1	1	4	10	5	1	10
chr9	42383615	42384108	494	8	0	494	304	190	32	17	16	30	17	16	17	15	21	3	14	17	26	16	16	30	14	21	4	13	26	9	3	12	5	13	2	12	20	8	1	26
chr9	42384109	42384132	24	8	0	24	19	5	3	0	0	1	0	0	0	1	0	1	1	0	1	2	2	5	2	0	0	1	0	0	0	0	0	0	0	0	0	0	0	2
chr9	42384133	42384305	173	8	0	173	85	88	20	2	1	3	2	7	14	1	3	2	11	6	2	5	1	4	5	3	1	6	8	5	3	6	6	8	6	8	5	6	4	7
chr9	42384311	42384413	103	8	0	103	69	34	6	2	0	6	3	2	3	6	3	2	4	5	2	3	1	20	6	1	0	1	5	4	0	0	0	1	0	1	3	3	2	6
chr9	42384414	42384443	30	8	0	30	9	21	0	0	1	0	1	2	1	0	0	3	1	0	0	0	0	0	0	4	0	0	4	5	0	3	0	0	0	0	0	3	0	0
chr9	42384444	42384848	405	8	0	405	173	232	20	9	13	5	7	16	27	9	16	8	20	11	4	5	2	1	12	9	5	12	12	13	12	20	21	19	26	14	14	18	7	16
chr9	42384849	42384920	72	8	0	72	33	39	2	1	6	0	3	3	4	3	4	3	1	3	0	0	0	0	2	1	0	3	3	3	1	3	3	3	1	3	5	4	0	2
chr9	42384921	42385132	212	8	0	212	97	115	8	4	8	3	11	10	10	8	3	9	7	5	1	4	5	0	10	9	1	7	14	13	1	13	8	9	1	4	7	10	1	6
chr9	42385133	42385197	65	8	0	65	33	32	1	4	1	1	3	2	3	2	1	2	3	2	1	0	2	3	3	0	3	2	3	2	0	2	2	2	2	2	2	3	1	3
chr9	42385198	42385339	142	8	0	142	60	82	2	3	7	2	6	4	4	5	4	4	6	4	1	0	4	3	1	7	2	1	6	8	5	7	5	4	8	9	7	7	1	3
chr9	42385340	42385373	34	8	0	34	16	18	0	1	1	0	0	0	2	1	1	0	3	4	1	0	0	1	0	1	0	0	1	3	0	3	1	1	0	0	2	2	0	3
chr9	42385374	42385668	295	8	0	295	164	131	16	6	21	12	15	11	13	7	21	1	11	6	3	9	3	9	13	3	1	10	14	6	2	10	8	10	0	14	10	13	1	14
chr9	42385669	42385712	44	8	0	44	21	23	3	1	2	1	1	2	2	1	3	0	2	0	0	0	2	0	2	0	0	1	1	2	0	4	2	3	0	1	1	3	0	2
chr9	42385713	42385914	202	8	0	202	85	117	3	7	8	2	6	4	16	6	10	6	8	0	1	3	4	0	7	6	1	6	11	10	4	13	6	17	2	9	8	5	3	8
chr9	42385915	42385978	64	8	0	64	22	42	1	1	2	0	2	3	8	0	0	1	0	2	0	0	0	0	5	0	0	0	4	3	4	2	3	7	2	8	1	3	0	0
chr9	42385979	42386493	515	8	0	515	301	214	52	22	20	23	23	18	19	13	22	7	27	3	19	7	11	13	26	10	1	17	17	13	2	25	11	17	3	13	19	17	0	23
chr9	42386494	42386539	46	8	0	46	23	23	1	0	1	2	1	5	1	0	1	2	3	0	1	0	3	0	2	2	0	3	2	2	0	3	1	0	0	1	2	3	0	2
chr9	42386540	42386633	94	8	0	94	52	42	10	3	4	3	4	5	3	1	2	1	5	2	3	1	2	2	3	1	0	6	4	6	0	4	3	3	0	2	3	4	0	2
chr9	42386634	42387023	390	8	0	390	226	164	25	15	13	16	19	15	17	15	11	8	10	5	14	11	10	21	17	15	3	14	18	11	2	9	17	5	2	16	13	9	1	11
chr9	42387024	42387066	43	8	0	43	28	15	18	1	0	0	1	0	1	0	0	3	4	0	0	0	0	0	1	0	1	1	0	0	1	0	0	0	1	1	1	1	2	3
chr9	42387067	42388150	1084	8	0	1084	566	518	61	22	43	35	33	53	50	28	32	21	47	27	35	24	25	30	46	29	12	33	41	28	21	39	37	36	16	51	40	34	11	42
chr9	42388151	42388183	33	8	0	33	22	11	5	0	2	4	2	0	0	1	3	0	2	0	1	0	0	1	0	0	0	0	1	0	0	2	1	1	0	0	2	1	0	2
chr9	42388184	42388194	11	8	0	11	11	0	9	0	0	0	0	0	0	0	0	0	0	0	0	0	0	0	0	0	0	0	0	0	0	0	0	0	0	0	0	0	0	0
chr9	42388195	42388716	522	8	0	522	279	243	21	14	19	15	13	23	26	26	16	9	20	10	20	13	12	21	22	16	4	17	24	23	3	17	18	16	2	25	24	12	1	18
chr9	42388717	42388726	10	8	0	10	3	7	0	0	0	0	1	0	0	0	0	0	1	0	0	0	0	0	0	0	0	0	1	1	0	1	0	1	1	0	0	0	1	0
chr9	42388727	42389610	884	8	0	884	562	322	65	26	52	46	22	11	30	34	51	18	27	27	51	15	21	65	29	19	5	17	26	14	6	31	13	13	2	24	29	31	3	59
chr9	42389611	42389666	56	8	0	56	30	26	11	0	1	0	2	2	3	1	0	1	4	2	0	0	1	1	0	0	0	3	4	1	0	1	3	3	1	2	1	2	1	3
chr9	42389667	42389817	151	8	0	151	68	83	9	4	1	3	2	5	7	6	3	2	10	3	3	3	6	0	4	4	0	6	7	7	5	6	5	9	4	7	5	5	3	5
chr9	42389818	42389896	79	8	0	79	33	46	1	0	2	1	2	3	6	1	0	2	5	6	1	1	2	0	1	2	1	2	4	2	0	7	3	6	0	3	3	4	3	3
chr9	42389897	42389969	73	8	0	73	42	31	3	0	4	6	2	1	1	3	3	1	4	0	5	3	3	3	3	1	0	1	1	3	0	4	0	2	2	4	3	2	0	3
chr9	42389970	42390154	185	8	0	185	120	65	12	3	10	13	4	5	6	8	5	4	6	5	17	6	5	10	7	4	0	7	5	1	1	6	5	2	0	5	6	5	1	9
chr9	42390155	42390267	113	8	0	113	86	27	25	8	4	10	3	2	3	2	4	0	3	0	13	4	1	2	6	1	1	6	1	1	0	2	1	0	1	0	2	2	0	3
chr9	42390268	42390388	121	8	0	121	90	31	17	1	5	13	2	3	3	5	5	1	1	5	12	4	4	8	1	3	0	4	1	0	0	3	5	0	0	1	6	1	0	5
chr9	42390389	42390471	83	8	0	83	49	34	7	3	3	4	1	1	6	1	8	3	2	2	1	1	3	3	4	2	0	1	2	1	1	3	2	0	0	2	1	4	1	8
chr9	42390472	42391008	537	8	0	537	283	254	27	8	17	24	19	18	31	4	10	13	27	15	20	12	20	17	13	14	5	19	22	14	6	25	20	25	3	22	17	15	4	29
chr9	42391009	42391061	53	8	0	53	32	21	1	0	1	3	0	4	1	4	0	1	1	2	3	3	2	4	3	2	0	3	3	2	0	2	2	0	0	0	1	3	0	0
chr9	42391062	42391169	108	8	0	108	69	39	12	3	4	9	6	4	5	3	5	3	0	3	5	1	0	4	6	3	0	2	8	3	0	0	1	4	0	1	4	1	0	6
chr9	42391170	42391312	143	8	0	143	103	40	11	4	5	10	3	2	3	6	6	3	0	6	10	5	10	17	5	1	1	7	2	0	1	3	2	2	0	0	5	3	0	8
chr9	42391313	42391691	379	8	0	379	284	95	48	10	18	35	18	3	3	18	12	7	2	13	34	9	12	40	16	4	0	9	8	3	0	7	4	3	0	7	14	8	0	12
chr9	42391692	42391748	57	8	0	57	41	16	7	3	1	4	4	0	2	3	2	0	1	5	2	1	1	3	2	1	0	1	2	0	0	0	1	0	0	1	4	1	0	3
chr9	42391749	42391884	136	8	0	136	95	41	13	3	7	9	4	2	5	8	7	2	4	5	8	4	2	12	4	1	0	6	2	1	0	1	3	0	0	3	8	2	0	8
chr9	42391885	42391927	43	8	0	43	25	18	5	2	3	1	3	3	1	0	3	1	0	1	0	0	2	0	4	1	0	1	1	2	0	2	0	0	0	0	2	2	0	1
chr9	42391928	42392325	398	8	0	398	271	127	44	14	16	32	17	8	11	13	21	4	8	9	24	9	12	27	18	6	1	10	10	6	0	12	6	4	0	12	16	12	1	13
chr9	42392326	42392376	51	8	0	51	34	17	4	0	3	2	2	0	2	2	1	0	1	4	2	3	2	5	2	1	0	0	1	0	0	1	1	0	0	4	2	1	0	3
chr9	42392377	42392513	137	8	0	137	90	47	8	4	5	11	9	2	2	10	6	3	5	6	4	3	4	7	8	0	0	4	6	0	0	1	4	1	0	3	5	6	0	8
chr9	42392514	42392568	55	8	0	55	33	22	4	0	0	3	2	1	2	2	0	1	4	2	1	4	4	3	2	1	2	0	1	0	0	1	4	0	0	2	0	1	0	6
chr9	42392569	42392620	52	8	0	52	26	26	3	3	1	3	4	0	1	1	1	1	2	0	2	2	1	0	1	2	2	1	3	8	0	2	1	1	0	0	1	2	0	1
chr9	42392621	42392670	50	8	0	50	32	18	2	1	2	4	2	0	2	2	2	2	2	2	3	2	1	2	1	0	0	3	2	0	0	1	2	0	0	0	1	3	0	4
chr9	42392671	42393626	956	8	0	956	577	379	67	27	49	43	35	30	32	41	45	26	33	26	39	23	24	36	41	23	4	38	31	24	5	26	16	12	3	25	50	28	2	50
chr9	42393627	42393666	40	8	0	40	25	15	5	2	3	1	2	0	1	2	3	0	0	0	0	2	1	1	1	1	0	2	1	1	0	2	2	1	0	1	1	1	0	1
chr9	42393667	42393800	134	8	0	134	76	58	6	2	7	6	6	3	4	6	5	4	1	4	4	5	5	6	8	4	1	1	4	6	1	6	4	3	0	5	3	4	2	6
chr9	42393801	42393831	31	8	0	31	17	14	0	1	1	1	1	1	1	3	1	1	1	1	1	1	1	1	2	0	0	2	1	0	0	0	3	0	0	0	0	1	1	2
chr9	42393832	42394186	355	8	0	355	204	151	20	9	18	11	13	9	14	19	12	12	14	8	13	4	13	14	10	7	1	16	19	7	1	7	12	6	0	18	15	13	0	18
chr9	42394187	42394223	37	8	0	37	25	12	3	0	2	3	2	1	1	1	0	2	2	0	3	1	0	2	1	1	0	2	1	0	0	0	0	0	0	2	3	0	0	2
chr9	42394224	42394578	355	8	0	355	225	130	30	15	14	20	20	11	12	12	13	7	18	14	16	4	8	10	12	5	1	19	12	1	0	7	10	5	0	5	21	9	1	21
chr9	42394579	42394614	36	8	0	36	18	18	2	2	2	0	4	2	1	0	0	2	1	0	0	1	1	0	4	0	0	2	1	3	0	1	1	0	0	1	1	1	0	1
chr9	42394615	42394791	177	8	0	177	116	61	23	8	10	10	11	6	6	1	11	3	7	3	6	2	2	6	13	0	0	6	4	1	0	3	4	1	1	4	3	6	1	13
chr9	42394792	42394839	48	8	0	48	27	21	0	0	2	3	0	1	2	1	2	1	0	3	3	0	4	5	0	0	0	1	1	2	0	4	3	1	0	2	0	4	0	1
chr9	42394840	42394915	76	8	0	76	47	29	7	1	6	4	5	1	1	1	5	1	3	2	1	1	3	3	0	1	0	3	3	0	0	3	1	2	1	4	4	3	1	3
chr9	42394916	42394975	60	8	0	60	39	21	6	3	5	0	0	2	2	1	1	1	2	0	7	3	1	3	3	3	0	3	0	1	0	4	1	1	0	0	2	0	0	3
chr9	42394976	42395043	68	8	0	68	36	32	3	1	2	2	3	6	5	2	1	3	0	2	1	4	1	0	7	5	0	2	3	2	0	1	2	0	0	2	3	0	0	3
chr9	42395044	42395108	65	8	0	65	42	23	9	1	2	6	2	3	3	2	4	0	0	4	3	1	0	2	2	2	0	1	1	1	1	1	1	2	0	1	5	0	1	2
chr9	42395109	42396185	1077	8	0	1077	631	446	78	24	47	68	45	29	37	49	42	19	38	23	52	15	23	40	40	19	2	26	44	37	1	52	31	40	0	31	45	38	3	37
chr9	42396186	42396216	31	8	0	31	14	17	1	0	1	1	1	1	3	2	1	0	1	1	0	0	0	0	0	1	1	0	1	0	0	1	5	1	1	3	1	0	0	1
chr9	42396217	42396329	113	8	0	113	54	59	4	2	0	2	1	11	5	4	1	2	9	1	2	3	6	1	6	4	0	8	9	6	0	3	1	4	0	3	4	4	0	5
chr9	42396330	42396386	57	8	0	57	28	29	1	1	1	2	0	3	3	1	4	1	5	0	0	0	4	1	2	2	0	1	3	2	0	4	1	1	0	2	1	4	0	5
chr9	42396387	42396436	50	8	0	50	24	26	1	2	3	0	2	3	3	2	3	0	3	0	0	1	1	0	2	0	0	4	1	0	0	2	5	1	1	2	2	1	1	2
chr9	42396437	42396516	80	8	0	80	34	46	0	0	4	0	3	5	6	2	1	2	3	0	0	1	3	4	1	2	0	4	5	3	0	5	5	6	0	7	5	1	0	0
chr9	42396517	42396581	65	8	0	65	26	39	1	0	2	2	2	2	6	2	1	0	4	2	1	1	0	0	1	1	0	1	4	2	1	4	5	6	1	4	1	3	0	3
chr9	42396582	42396772	191	8	0	191	96	95	8	4	8	9	9	7	9	6	8	4	7	5	4	0	4	4	6	4	0	4	9	13	1	10	6	10	0	6	10	5	1	8
chr9	42396773	42397451	679	8	0	679	411	268	53	22	37	33	24	16	25	26	38	6	26	14	30	21	16	23	24	15	4	22	25	12	3	22	15	19	0	22	27	16	3	38
chr9	42397452	42397491	40	8	0	40	27	13	1	1	1	3	0	2	3	1	1	0	1	0	5	3	0	4	4	1	0	1	1	0	0	1	0	1	0	1	1	0	0	1
chr9	42397492	42397554	63	8	0	63	30	33	3	0	2	4	3	3	4	3	1	1	2	1	1	1	0	0	2	1	0	2	5	3	0	3	4	5	0	2	2	2	0	1
chr9	42397555	42397799	245	8	0	245	129	116	18	9	9	8	13	9	11	3	7	5	14	4	6	5	6	1	10	7	1	10	10	5	2	12	6	9	5	8	10	8	2	10
chr9	42397806	42397876	71	8	0	71	39	32	5	1	2	3	3	3	5	1	3	3	4	3	0	0	2	0	3	2	0	2	2	0	0	5	1	2	0	1	5	3	0	5
chr9	42397877	42397985	109	8	0	109	53	56	7	0	8	1	2	3	5	4	5	3	6	2	2	1	2	1	2	4	1	0	3	3	0	10	5	5	2	4	4	4	1	7
chr9	42397986	42398533	548	8	0	548	324	224	36	14	29	23	17	17	17	33	25	13	22	13	24	11	12	17	26	10	1	18	23	8	3	19	9	17	2	14	27	17	0	29
chr9	42398534	42398566	33	8	0	33	23	10	6	1	3	0	1	1	1	1	2	2	1	0	1	1	0	0	2	0	0	3	0	0	0	0	0	0	0	0	3	0	0	2
chr9	42398567	42398936	370	8	0	370	219	151	37	9	27	10	11	8	18	11	21	10	8	7	15	9	10	6	13	8	1	14	15	7	1	12	11	10	0	13	10	10	2	24
chr9	42398937	42398969	33	8	0	33	16	17	0	1	0	2	2	0	0	3	1	0	1	3	0	0	2	0	0	1	0	0	2	2	0	2	2	1	0	1	1	2	1	1
chr9	42398970	42399042	73	8	0	73	36	37	3	2	3	1	4	4	2	2	1	1	4	0	1	3	3	1	3	2	0	4	5	4	0	3	1	4	0	3	3	2	0	2
chr9	42399043	42399181	139	8	0	139	81	58	5	2	10	6	5	3	6	3	7	3	5	3	7	6	3	6	6	3	1	4	6	3	0	5	2	4	0	5	3	4	1	10
chr9	42399182	42399402	221	8	0	221	121	100	12	12	6	4	12	8	14	8	10	4	10	6	1	7	4	2	12	4	4	11	8	2	1	4	10	2	2	9	12	7	1	10
chr9	42399403	42399441	39	8	0	39	30	9	2	2	1	3	0	0	1	2	1	1	1	2	5	1	2	5	3	0	0	0	0	0	0	0	0	0	0	0	0	0	0	5
chr9	42399442	42399587	146	8	0	146	102	44	16	5	5	13	5	3	4	8	6	0	3	6	12	4	3	9	7	0	0	5	5	2	0	0	3	1	0	5	5	4	0	5
chr9	42399588	42399613	26	8	0	26	13	13	2	0	3	0	0	1	0	1	3	0	1	1	0	0	0	0	0	0	0	1	0	4	0	2	0	0	0	0	2	2	0	1
chr9	42399614	42399751	138	8	0	138	107	31	26	6	6	13	7	0	2	3	6	1	1	5	12	1	3	14	5	1	0	2	2	2	0	3	0	1	0	1	5	2	0	6
chr9	42399752	42399814	63	8	0	63	41	22	7	2	6	1	1	0	0	6	4	0	1	1	4	2	4	2	1	2	0	1	1	0	0	3	1	0	0	5	3	1	0	2
chr9	42399815	42399870	56	8	0	56	43	13	9	2	2	4	1	0	0	5	3	0	0	1	5	0	0	9	1	1	0	0	1	3	0	1	2	0	0	0	2	1	0	1
chr9	42399871	42399901	31	8	0	31	23	8	2	0	1	4	1	1	1	1	3	0	0	1	1	0	0	5	1	0	0	0	0	1	0	1	0	0	0	0	3	1	0	1
chr9	42399902	42399966	65	8	0	65	44	21	9	1	4	4	3	2	1	4	4	2	0	4	1	1	2	0	3	1	0	2	1	1	0	1	2	0	0	0	4	1	0	5
chr9	42399967	42400003	37	8	0	37	23	14	4	1	2	2	3	1	1	1	1	1	0	1	0	2	2	0	2	1	1	1	0	0	0	1	2	0	1	1	1	0	0	2
chr9	42400004	42400548	545	8	0	545	351	194	51	15	21	33	24	14	19	22	20	18	18	14	26	8	19	27	24	7	1	23	14	7	0	14	16	6	0	12	26	15	1	28
chr9	42400549	42400587	39	8	0	39	23	16	0	5	1	0	4	2	1	2	1	1	0	2	1	1	1	0	5	2	0	1	2	0	0	1	0	0	0	0	2	1	0	1
chr9	42400588	42400854	267	8	0	267	167	100	22	7	15	16	7	8	11	7	13	3	9	8	18	7	5	10	8	7	1	9	11	8	0	6	5	4	1	6	8	6	0	19
chr9	42400855	42400877	23	8	0	23	15	8	0	0	2	0	0	0	1	1	1	0	1	3	1	1	1	2	0	0	0	1	1	0	0	0	0	0	0	0	1	0	0	4
chr9	42400878	42400928	51	8	0	51	17	34	1	0	2	1	2	4	2	0	0	0	2	1	1	1	0	0	1	1	2	1	4	3	3	3	2	6	1	2	1	2	0	0
chr9	42400929	42401178	250	8	0	250	120	130	26	4	2	5	5	12	12	6	4	7	15	7	3	4	7	0	4	10	5	8	13	9	6	9	7	9	7	9	11	10	2	10
chr9	42401182	42401311	130	8	0	130	61	69	3	3	6	1	4	7	8	3	3	2	6	3	3	1	4	2	5	4	0	4	4	7	1	9	4	8	1	7	9	2	0	4
chr9	42401312	42401391	80	8	0	80	49	31	7	2	8	3	3	0	1	0	4	0	2	5	6	3	1	4	2	2	0	1	0	2	1	5	2	2	1	1	0	3	2	5
chr9	42401392	42401764	373	8	0	373	227	146	36	7	23	17	11	8	8	15	23	4	15	11	14	8	11	15	10	7	2	8	15	9	0	18	6	8	0	9	11	18	2	22
chr9	42401765	42401798	34	8	0	34	23	11	2	1	1	2	1	2	0	1	1	2	0	0	3	1	1	3	3	0	1	2	0	1	0	1	0	0	0	0	1	1	1	0
chr9	42401799	42402273	475	8	0	475	296	179	36	19	27	28	17	11	15	15	29	7	20	13	28	9	13	7	14	9	3	20	10	8	2	18	7	7	1	11	27	14	2	26
chr9	42402274	42402291	18	8	0	18	12	6	7	0	2	0	1	0	0	0	1	0	0	0	0	0	0	0	0	1	0	0	1	1	0	1	0	0	0	0	0	1	0	0
chr9	42402292	42402301	10	8	0	10	10	0	8	0	0	0	0	0	0	0	0	0	0	0	0	0	0	0	0	0	0	0	0	0	0	0	0	0	0	0	0	0	0	0
chr9	42402302	42402461	160	8	0	160	73	87	24	1	3	2	2	3	10	1	3	6	10	1	2	3	1	0	2	2	2	7	4	5	9	6	7	9	7	6	3	8	4	5
chr9	42402462	42402571	110	8	0	110	51	59	11	2	1	3	2	3	2	3	1	3	5	5	3	2	4	1	2	6	1	1	4	5	6	5	0	6	5	2	4	3	3	4
chr9	42402573	42402628	56	8	0	56	20	36	4	0	2	1	2	3	2	0	0	0	2	1	1	1	0	0	1	2	1	1	4	5	3	3	1	5	4	2	1	2	0	0
chr9	42402629	42402724	96	8	0	96	70	26	14	6	6	6	6	0	1	1	5	0	3	2	6	0	4	8	1	2	0	3	2	0	0	2	3	2	0	1	2	0	0	8
chr9	42402725	42402950	226	8	0	226	163	63	29	8	8	18	10	4	4	10	8	6	1	5	18	4	13	15	16	1	0	5	1	2	0	6	5	2	0	5	6	4	0	10
chr9	42402951	42403019	69	8	0	69	49	20	9	2	2	6	3	1	1	3	2	0	1	2	5	0	3	8	2	0	1	0	0	1	0	0	5	0	1	4	1	1	0	3
chr9	42403020	42403141	122	8	0	122	74	48	3	2	5	11	8	2	6	6	5	5	3	4	5	2	2	3	3	2	0	6	6	0	0	2	6	2	0	4	9	4	0	4
chr9	42403142	42403172	31	8	0	31	18	13	3	1	0	2	0	0	2	2	1	0	1	1	2	1	0	1	0	2	0	0	2	1	0	0	1	1	0	2	2	0	0	1
chr9	42403173	42403293	121	8	0	121	71	50	13	3	6	6	2	5	8	3	8	3	1	2	5	0	0	5	3	3	0	6	6	5	0	4	4	2	0	2	5	6	0	3
chr9	42403294	42403341	48	8	0	48	32	16	4	1	0	5	1	0	2	3	3	1	1	2	3	2	3	0	2	1	0	0	2	0	0	1	1	0	0	1	1	2	0	4
chr9	42403342	42403848	507	8	0	507	318	189	32	15	29	31	21	17	20	19	25	10	11	17	30	7	10	23	27	4	2	16	14	5	2	17	14	11	0	13	22	17	0	24
chr9	42403849	42403946	98	8	0	98	53	45	4	2	5	5	4	2	2	9	6	3	5	1	2	0	0	2	2	2	1	2	2	3	1	6	4	2	1	3	8	5	1	1
chr9	42403947	42405199	1253	8	0	1253	719	534	79	43	58	53	49	36	59	37	51	27	51	32	54	28	26	36	51	27	6	50	47	22	8	50	32	31	9	38	50	47	9	55
chr9	42405200	42405285	86	8	0	86	65	21	4	1	0	10	1	2	3	4	3	2	0	3	7	3	4	16	4	3	0	1	2	0	0	1	2	0	0	0	2	0	0	6
chr9	42405286	42405477	192	8	0	192	145	47	27	7	11	17	9	2	3	7	6	1	2	9	20	6	3	13	8	1	0	7	1	1	0	3	4	2	0	2	8	1	0	9
chr9	42405487	42405692	206	8	0	206	88	118	9	3	3	5	4	9	8	4	3	4	12	6	4	5	6	1	4	8	6	4	12	10	8	11	4	14	5	7	6	9	3	7
chr9	42405693	42405753	61	8	0	61	24	37	1	0	3	0	2	3	4	0	1	2	5	1	0	0	1	1	0	0	0	5	3	2	2	0	4	3	3	6	2	2	1	2
chr9	42405754	42405786	33	8	0	33	29	4	24	0	0	1	1	0	0	0	0	1	1	0	0	0	0	0	0	0	1	0	0	0	0	0	0	0	0	0	1	0	0	1
chr9	42405787	42405865	79	8	0	79	56	23	6	3	3	8	5	2	1	4	2	1	1	3	6	2	0	7	2	3	0	3	5	0	0	1	1	1	0	0	4	2	0	1
chr9	42405866	42406025	160	8	0	160	89	71	11	6	8	2	5	2	8	11	8	3	7	4	3	4	3	3	2	6	1	6	8	4	0	5	9	2	0	5	7	5	1	9
chr9	42406026	42406057	32	8	0	32	21	11	2	0	6	0	1	0	0	0	2	0	1	2	3	0	0	3	0	0	0	0	1	2	0	0	0	0	0	2	0	1	0	4
chr9	42406058	42406319	262	8	0	262	161	101	13	7	10	17	12	9	9	14	10	4	8	7	13	9	9	8	12	5	0	12	10	3	0	6	8	6	2	8	14	5	0	10
chr9	42406320	42406347	28	8	0	28	24	4	4	1	0	5	2	0	0	2	1	0	0	0	3	1	0	3	3	0	0	0	0	0	0	0	0	0	0	0	1	0	0	0
chr9	42406348	42406518	171	8	0	171	124	47	32	2	2	17	3	2	4	7	4	0	3	12	14	6	8	8	3	5	0	2	5	3	0	4	1	1	0	3	7	3	0	8
chr9	42406519	42406566	48	8	0	48	23	25	1	1	1	2	2	4	3	2	1	0	2	2	1	1	0	0	2	3	0	1	4	1	0	2	2	2	0	2	2	1	0	1
chr9	42406567	42406619	53	8	0	53	20	33	1	2	0	0	2	2	3	2	0	2	3	2	0	0	0	0	1	4	0	1	3	2	3	4	0	5	1	0	5	2	0	1
chr9	42406620	42406750	131	8	0	131	65	66	4	3	1	7	3	5	8	3	3	3	6	2	4	6	4	2	4	8	0	4	4	8	3	8	4	2	1	5	7	5	0	2
chr9	42406751	42406885	135	8	0	135	91	44	24	3	5	9	5	2	4	4	2	2	7	3	10	0	2	8	1	1	0	6	5	1	0	3	4	4	1	3	4	3	1	6
chr9	42406886	42407907	1022	8	0	1022	679	343	80	29	34	75	32	24	37	51	34	18	21	39	73	27	25	79	45	21	0	32	32	18	1	28	21	14	0	19	46	26	1	38
chr9	42407908	42407933	26	8	0	26	17	9	2	1	1	2	1	1	1	1	0	0	0	1	3	0	0	2	0	0	1	1	1	0	0	0	1	1	1	1	1	0	0	0
chr9	42407934	42408737	804	8	0	804	519	285	68	16	35	56	23	19	29	38	40	16	23	26	42	18	24	44	29	11	0	29	27	12	0	26	17	8	0	21	36	34	0	35
chr9	42408743	42409727	985	8	0	985	616	369	75	38	29	56	35	28	41	49	45	14	20	23	43	33	26	60	56	27	1	29	37	23	1	34	22	13	1	22	38	32	1	31
chr9	42409728	42409769	42	8	0	42	28	14	3	1	1	3	4	1	1	3	0	0	1	4	1	1	0	2	1	2	0	0	2	0	0	0	3	0	0	1	3	0	0	2
chr9	42409770	42412538	2769	8	0	2769	1634	1135	196	104	109	125	140	72	125	130	114	64	67	80	84	58	73	91	134	75	8	81	133	56	5	72	80	62	2	102	120	73	11	121
chr9	42412539	42412604	66	8	0	66	33	33	1	1	3	1	3	1	3	3	1	1	3	8	1	1	2	0	0	0	1	3	3	5	0	2	2	1	1	0	4	3	0	6
chr9	42412605	42413282	678	8	0	678	385	293	51	15	23	28	22	21	39	15	23	10	32	16	20	21	22	25	22	18	2	25	22	13	3	33	22	27	1	24	32	13	2	34
chr9	42413283	42413299	17	8	0	17	8	9	1	0	1	0	0	0	0	3	0	1	0	1	0	0	0	0	1	0	0	0	1	1	1	0	1	0	1	0	0	1	0	1
chr9	42413300	42413320	21	8	0	21	17	4	7	4	0	0	4	0	0	0	0	0	0	0	0	0	0	0	4	0	0	0	0	0	0	0	0	0	0	0	0	0	0	0
chr9	42413321	42413407	87	8	0	87	44	43	7	3	0	1	1	3	5	1	1	3	5	5	2	2	3	1	4	4	1	2	2	2	2	5	1	3	1	1	3	2	4	5
chr9	42413408	42413432	25	8	0	25	11	14	1	0	1	1	1	1	2	0	0	0	1	1	1	1	0	0	1	0	0	1	2	2	0	1	1	1	0	1	0	2	0	0
chr9	42413433	42413810	378	8	0	378	223	155	28	11	15	17	20	10	14	19	10	4	9	15	13	11	13	13	17	8	0	10	14	9	2	11	14	12	2	16	18	7	0	14
chr9	42413811	42413864	54	8	0	54	32	22	5	1	3	3	2	2	3	1	0	0	1	2	5	2	0	1	2	1	0	2	2	1	0	3	3	2	0	2	1	2	0	0
chr9	42413865	42414627	763	8	0	763	515	248	104	31	38	51	42	11	23	16	52	11	14	25	26	12	24	34	30	17	1	18	21	10	2	14	13	7	1	11	28	14	4	56
chr9	42414628	42414671	44	8	0	44	28	16	2	2	3	1	0	2	2	0	2	0	1	0	4	1	4	3	3	0	0	3	0	0	0	1	1	0	0	4	0	1	0	2
chr9	42414672	42415397	726	8	0	726	338	388	28	11	27	18	20	27	50	21	28	12	35	16	8	10	17	9	27	17	0	16	44	42	3	46	27	33	0	40	20	44	1	27
chr9	42415398	42415451	54	8	0	54	32	22	4	1	1	3	2	0	3	3	2	1	5	1	1	2	0	1	1	1	2	1	2	1	0	0	1	1	0	2	4	0	0	6
chr9	42415452	42415960	509	8	0	509	302	207	35	15	27	22	28	14	27	14	24	18	16	15	12	7	10	17	21	9	1	22	25	7	0	8	14	10	0	16	23	14	1	35
chr9	42415961	42416021	61	8	0	61	39	22	8	2	7	2	2	0	2	1	7	0	1	3	2	0	0	2	1	0	0	1	1	2	0	2	0	1	0	2	3	2	0	5
chr9	42416022	42417022	1001	8	0	1001	638	363	106	24	37	67	41	22	30	37	27	20	31	22	60	30	31	51	32	27	2	35	31	14	8	32	33	19	5	25	35	25	3	37
chr9	42417023	42417047	25	8	0	25	15	10	2	0	1	2	0	2	2	1	3	0	0	0	0	0	0	1	2	0	0	0	0	0	0	2	0	1	0	1	2	1	0	0
chr9	42417048	42417281	234	8	0	234	156	78	22	7	10	13	13	8	6	12	9	6	4	5	9	5	6	20	15	5	0	6	6	3	0	3	9	1	0	6	9	3	0	11
chr9	42417282	42417308	27	8	0	27	19	8	0	0	1	3	1	0	0	0	0	0	3	1	2	2	1	3	1	0	0	1	0	0	0	2	0	0	0	0	0	2	0	2
chr9	42417309	42417856	548	8	0	548	390	158	68	28	24	41	29	15	12	10	33	8	8	13	32	9	23	36	27	9	0	24	11	3	0	10	7	1	0	4	21	11	0	29
chr9	42417857	42417986	130	8	0	130	110	20	32	3	5	17	3	0	1	3	9	1	2	2	14	2	5	9	3	0	0	3	0	0	0	0	0	0	0	0	4	0	0	10
chr9	42417987	42418320	334	8	0	334	230	104	36	10	13	28	11	5	8	10	20	5	13	11	20	14	13	11	9	4	3	18	6	3	1	5	2	1	1	2	18	7	1	23
chr9	42418321	42418354	34	8	0	34	23	11	2	1	1	3	0	0	1	2	0	0	2	0	4	3	0	3	0	1	0	2	1	0	0	2	0	2	0	0	2	0	0	0
chr9	42418355	42418790	436	8	0	436	291	145	37	10	21	34	24	11	10	24	16	8	4	10	25	14	15	28	19	9	0	15	10	6	0	9	19	5	0	13	20	5	0	13
chr9	42418791	42418838	48	8	0	48	34	14	9	0	3	5	4	0	1	1	3	1	2	0	2	1	1	0	1	0	0	1	0	0	0	1	2	0	0	2	2	1	0	3
chr9	42418839	42418937	99	8	0	99	63	36	6	2	3	5	1	16	3	3	4	0	1	5	5	3	1	5	19	1	0	0	0	0	0	2	2	0	0	0	2	2	0	6
chr9	42418938	42419306	369	8	0	369	254	115	42	14	14	31	17	4	13	11	20	6	6	10	23	13	8	20	15	6	2	14	8	8	1	7	9	1	0	2	13	9	1	19
chr9	42419307	42419378	72	8	0	72	51	21	12	1	3	6	4	0	2	2	5	2	2	3	2	1	2	3	1	0	0	3	3	0	0	1	0	0	0	0	3	4	0	5
chr9	42419379	42420012	634	8	0	634	359	275	40	15	21	29	24	25	27	20	17	14	22	13	24	20	16	30	28	23	3	20	27	22	4	24	17	17	7	17	24	15	2	25
chr9	42420013	42420071	59	8	0	59	54	5	13	2	0	11	0	0	1	0	1	0	0	0	12	2	1	11	1	0	0	2	0	0	0	0	0	0	0	0	0	0	0	0
chr9	42420072	42420179	108	8	0	108	72	36	16	1	6	7	7	1	1	6	4	2	2	3	3	2	3	8	4	1	0	1	4	2	0	3	3	2	0	3	3	4	0	4
chr9	42420180	42420281	102	8	0	102	68	34	10	5	7	5	3	2	4	3	11	0	2	4	3	4	1	4	5	1	2	3	1	0	0	2	1	1	0	0	5	2	0	9
chr9	42420282	42420358	77	8	0	77	53	24	7	9	0	3	9	0	0	3	2	1	3	3	2	1	4	5	8	1	0	2	1	1	0	2	0	0	0	0	3	2	0	3
chr9	42420359	42420392	34	7	0	34	25	9	6	2	1	3	3	0	0	0	1	1	0	0	2	1	2	3	1	1	0	1	0	1	0	1	0	0	0	0	1	0	0	1
chr9	42420393	42420427	35	8	0	35	23	12	2	2	2	1	2	0	0	4	1	1	0	2	2	0	0	3	2	0	0	0	2	0	0	1	0	2	0	0	2	1	0	1
chr9	42420428	42420508	81	8	0	81	55	26	7	2	1	6	4	4	1	5	2	1	4	5	3	0	4	4	4	2	0	1	1	0	0	1	2	0	0	2	7	0	0	6
chr9	42420509	42420523	15	7	0	15	10	5	3	0	1	0	1	1	0	0	0	0	0	1	0	0	1	1	0	0	0	1	1	0	0	0	0	0	0	0	1	1	0	0
chr9	42420524	42420656	133	8	0	133	84	49	18	9	4	5	6	5	7	2	8	0	2	1	4	3	3	6	8	4	2	4	6	2	0	3	4	3	0	1	2	2	0	7
chr9	42420657	42420701	45	7	0	45	28	17	1	1	1	1	2	1	2	1	1	1	0	2	0	2	2	8	0	2	0	3	4	2	0	0	1	0	0	1	1	2	0	1
chr9	42420702	42420806	105	8	0	105	73	32	11	2	5	9	7	3	2	2	3	1	3	5	5	3	3	7	4	0	0	5	3	0	0	2	4	1	0	1	3	4	0	5
chr9	42420810	42420931	122	8	0	122	81	41	6	2	6	8	2	3	3	9	7	1	1	2	7	5	3	14	5	2	2	2	3	0	2	2	4	3	0	5	5	2	0	4
chr9	42420932	42420973	42	8	0	42	27	15	4	1	1	3	0	1	2	3	3	0	0	1	1	2	0	3	2	0	2	0	0	1	0	2	3	0	0	1	1	2	0	1
chr9	42420974	42421138	165	8	0	165	98	67	13	9	7	6	8	3	7	5	9	1	5	2	4	9	5	3	10	2	1	9	4	8	1	5	5	3	0	2	4	5	0	8
chr9	42421145	42421184	40	8	0	40	33	7	11	3	1	5	3	0	0	2	1	0	0	0	5	0	0	1	2	1	0	1	1	0	0	0	0	0	0	0	1	0	0	0
chr9	42421185	42421195	11	7	0	11	8	3	1	0	0	0	1	1	0	0	0	0	1	0	1	1	0	0	1	0	0	1	0	0	0	0	0	0	0	0	1	0	0	0
chr9	42421196	42421298	103	8	0	103	65	38	7	6	4	4	3	2	4	8	5	3	4	1	5	2	0	5	7	2	0	4	4	1	0	3	1	1	0	2	6	4	0	3
chr9	42421299	42421391	93	7	0	93	53	40	2	1	6	4	4	2	3	5	5	3	3	1	2	2	6	4	5	0	0	3	2	1	0	4	4	1	0	6	3	5	0	4
chr9	42421392	42421450	59	8	0	59	36	23	14	0	6	0	1	1	3	1	3	2	1	1	2	0	0	0	1	1	0	1	3	2	0	2	1	2	0	1	1	2	0	5
chr9	42421451	42421518	68	8	0	68	31	37	0	1	2	2	4	5	4	0	2	1	3	0	0	3	3	0	4	3	0	2	3	3	0	5	4	2	0	4	2	3	0	1
chr9	42421519	42421697	179	7	0	179	93	86	16	3	3	8	6	6	9	4	3	3	7	7	5	3	2	6	4	4	3	4	10	5	4	8	3	13	4	4	9	5	1	5
chr9	42421698	42421789	92	8	0	92	60	32	9	3	0	8	5	5	1	5	2	2	2	2	4	3	2	7	5	3	1	3	3	3	1	0	4	0	0	0	4	1	0	2
chr9	42421790	42421819	30	8	0	30	19	11	1	0	3	1	1	0	0	1	2	0	1	0	1	4	2	1	0	1	2	1	0	0	0	1	0	0	0	2	2	0	0	1
chr9	42421820	42421861	42	7	0	42	22	20	2	1	3	1	1	1	2	0	3	1	3	0	1	0	1	1	2	1	0	0	1	2	0	2	0	1	1	2	1	1	1	4
chr9	42421862	42422135	274	8	0	274	154	120	15	7	15	10	12	10	11	6	15	3	11	11	5	7	9	7	5	4	1	16	10	6	1	11	10	8	0	6	14	11	2	13
chr9	42422136	42422156	21	7	0	21	12	9	1	0	2	1	0	0	0	1	1	0	1	0	1	3	0	0	0	1	1	1	1	0	0	2	0	0	0	0	0	2	0	0
chr9	42422157	42422230	74	8	0	74	47	27	8	2	2	7	2	1	1	6	7	0	1	0	3	1	3	1	1	3	0	0	3	1	1	2	2	3	1	2	5	0	0	3
chr9	42422231	42422268	38	7	0	38	18	20	2	1	3	0	0	0	2	0	2	1	0	0	1	1	4	0	0	1	0	2	2	2	0	3	0	2	1	3	0	2	0	1
chr9	42422269	42422341	73	8	0	73	41	32	5	1	6	1	1	5	3	0	4	2	4	1	3	2	1	2	2	1	1	5	1	2	0	3	2	1	0	1	3	2	1	5
chr9	42422342	42422355	14	7	0	14	8	6	0	0	0	0	0	0	1	0	0	0	0	0	0	3	1	2	1	0	0	1	0	1	0	1	0	0	0	0	0	1	0	0
chr9	42422356	42422507	152	8	0	152	93	59	6	3	9	9	5	9	4	5	12	2	3	0	4	6	7	7	7	0	0	13	5	5	0	2	5	2	0	3	7	5	0	5
chr9	42422508	42422541	34	7	0	34	19	15	3	2	1	1	1	1	2	0	1	1	1	0	1	2	0	1	2	2	0	1	2	1	0	3	0	0	0	0	0	3	0	0
chr9	42422542	42422594	53	8	0	53	27	26	10	0	0	0	1	3	5	0	0	3	4	0	0	0	0	0	3	0	0	3	2	1	0	1	2	2	2	2	1	1	2	3
chr9	42422597	42422711	115	8	0	115	44	71	5	1	3	3	4	3	4	1	2	1	6	2	1	1	4	2	1	2	2	2	5	6	7	5	3	10	8	8	3	5	1	2
chr9	42422712	42422798	87	8	0	87	41	46	5	1	1	2	1	5	2	1	1	3	6	6	2	1	2	0	0	5	4	1	6	4	1	5	0	3	0	1	3	4	5	4
chr9	42422799	42422863	65	8	0	65	33	32	4	0	0	5	1	3	6	1	3	1	1	0	1	2	2	2	4	1	0	1	2	1	1	4	2	5	3	2	2	1	0	2
chr9	42422864	42423085	222	8	0	222	126	96	8	9	5	9	8	10	11	14	8	7	7	5	8	4	4	8	17	3	1	8	6	5	1	9	9	4	1	4	11	9	1	6
chr9	42423086	42423248	163	8	0	163	76	87	5	5	5	2	1	7	12	3	7	2	8	4	4	5	2	3	4	7	3	5	10	6	1	11	4	10	1	3	5	5	2	9
chr9	42423249	42423313	65	7	0	65	35	30	4	2	0	5	2	1	5	4	1	2	1	0	3	0	2	1	2	3	0	0	5	1	0	3	4	5	0	3	1	0	0	3
chr9	42423314	42423509	196	8	0	196	95	101	7	3	7	6	9	16	12	4	6	3	11	3	2	3	1	0	12	6	0	7	9	7	2	9	13	7	0	6	7	7	0	9
chr9	42423510	42423564	55	7	0	55	28	27	4	1	3	2	2	1	4	1	2	2	1	0	2	0	1	1	2	1	0	1	1	3	0	4	5	2	0	2	1	2	0	2
chr9	42423565	42423642	78	8	0	78	38	40	2	3	1	3	2	2	4	3	5	1	7	1	0	1	2	1	0	2	2	3	3	2	0	4	3	2	1	2	4	4	1	5
chr9	42423643	42423697	55	7	0	55	34	21	2	1	4	2	1	0	1	2	5	1	0	1	1	3	3	5	2	2	0	1	0	2	2	1	1	0	2	1	1	1	0	5
chr9	42423698	42423767	70	8	0	70	43	27	3	2	3	4	3	3	3	2	1	2	2	2	5	1	1	5	2	3	0	3	4	2	0	1	2	0	0	2	3	1	0	3
chr9	42423768	42423777	10	7	0	10	4	6	0	0	0	0	0	1	1	0	0	0	1	0	0	0	0	0	0	0	0	1	1	0	0	0	0	1	0	1	1	0	0	0
chr9	42423778	42423900	123	8	0	123	65	58	2	3	3	4	2	0	5	5	4	0	10	4	4	6	7	5	2	5	0	2	5	5	0	10	2	3	0	5	3	7	0	8
chr9	42423901	42423933	33	7	0	33	19	14	2	1	1	1	0	2	1	0	2	0	1	1	1	1	2	2	2	1	0	1	0	1	0	2	1	1	0	0	1	1	0	2
chr9	42423934	42424316	383	8	0	383	240	143	32	16	17	16	12	14	14	17	23	4	12	6	13	13	9	21	17	10	1	18	13	5	1	12	12	5	0	3	15	11	0	19
chr9	42424317	42424331	15	7	0	15	9	6	1	0	2	0	1	0	0	0	1	1	0	0	0	1	1	0	1	0	0	1	0	0	0	1	0	0	0	0	0	1	0	1
chr9	42424332	42424479	148	8	0	148	94	54	4	2	5	11	4	8	5	8	7	2	5	4	7	7	3	10	8	2	0	9	6	2	0	3	3	2	0	1	8	5	0	5
chr9	42424480	42424489	10	8	0	10	7	3	1	0	0	2	0	0	0	0	2	0	0	0	0	0	0	2	0	0	0	0	0	0	0	0	0	0	0	0	0	0	1	0
chr9	42424490	42424522	33	8	0	33	15	18	1	0	1	1	1	1	2	2	1	1	1	1	0	0	2	0	2	0	0	0	3	1	0	1	1	1	0	4	0	2	0	1
chr9	42424523	42424542	20	7	0	20	10	10	0	0	0	1	1	1	1	1	0	1	0	2	0	0	0	0	1	0	0	1	2	0	0	1	0	1	0	1	1	2	0	0
chr9	42424543	42424857	315	8	0	315	199	116	26	8	17	16	13	13	7	16	15	8	13	8	13	8	5	12	17	6	0	14	8	6	0	7	5	3	0	6	20	6	2	15
chr9	42424858	42424888	31	8	0	31	14	17	0	1	0	1	0	1	3	1	2	1	2	0	0	0	1	0	0	1	0	2	2	1	0	3	2	0	0	0	1	3	0	1
chr9	42424889	42424952	64	7	0	64	28	36	1	3	4	0	4	1	2	1	3	0	7	1	0	0	0	0	1	1	0	2	5	4	0	4	2	3	0	2	1	5	0	5
chr9	42424953	42425292	340	8	0	340	184	156	13	7	17	10	8	16	10	12	16	8	24	7	10	7	10	7	12	15	1	10	19	8	0	20	6	4	0	6	9	20	1	25
chr9	42425293	42425589	297	8	0	297	185	112	23	9	9	17	7	6	14	17	15	5	14	5	12	3	4	23	13	2	1	7	8	5	1	8	14	5	1	8	9	10	1	19
chr9	42425590	42425627	38	8	0	38	25	13	2	1	1	3	0	0	3	1	3	2	0	3	2	1	1	1	2	0	0	1	0	0	0	1	0	0	0	0	2	1	2	3
chr9	42425628	42425666	39	7	0	39	29	10	0	2	1	3	0	2	0	2	1	0	0	0	6	3	4	3	3	1	0	3	1	0	0	0	0	0	0	0	0	0	0	2
chr9	42425667	42425696	30	8	0	30	22	8	0	0	2	3	1	1	0	2	2	0	0	0	3	2	1	3	1	1	0	1	1	0	0	0	1	0	0	1	1	0	0	1
chr9	42425697	42425708	12	8	0	12	8	4	0	0	1	0	0	1	0	1	1	0	0	0	0	0	1	1	0	0	0	1	0	0	0	0	1	0	0	1	1	0	0	0
chr9	42425709	42425838	130	8	0	130	79	51	6	4	6	7	6	6	5	5	6	3	4	2	5	3	1	9	8	4	1	3	3	1	1	5	5	3	0	2	6	2	0	6
chr9	42425839	42425853	15	7	0	15	9	6	1	0	1	1	0	0	0	1	1	0	1	0	1	1	0	0	0	0	0	0	0	0	0	1	2	0	0	0	0	1	0	1
chr9	42425854	42425952	99	8	0	99	66	33	13	1	4	5	3	1	3	6	1	3	2	1	7	2	3	10	2	3	0	2	3	2	0	3	5	3	0	2	2	0	0	5
chr9	42425953	42425979	27	7	0	27	22	5	9	0	0	5	3	0	0	1	1	0	0	1	1	0	0	1	0	0	0	0	0	0	0	0	1	0	0	0	2	0	0	0
chr9	42425980	42426064	85	8	0	85	65	20	10	2	3	10	4	0	1	3	4	0	1	3	7	4	2	10	1	1	0	3	2	1	0	1	1	0	0	1	4	2	0	2
chr9	42426071	42426149	79	8	0	79	50	29	10	5	1	6	3	3	3	4	7	1	1	1	2	1	0	1	6	0	2	2	4	1	0	0	2	1	0	0	2	3	2	3
chr9	42426150	42426186	37	8	0	37	25	12	5	0	4	2	1	0	1	0	4	1	1	2	0	0	2	0	0	0	0	1	1	0	0	0	0	0	0	2	2	1	0	5
chr9	42426187	42426196	10	8	0	10	8	2	1	0	0	0	0	0	0	1	0	0	1	1	1	0	0	1	0	0	0	0	0	0	0	0	0	0	0	0	1	0	0	1
chr9	42426197	42426439	243	8	0	243	164	79	31	8	7	21	14	4	9	9	6	2	7	6	16	10	6	8	12	1	0	11	8	1	0	4	6	6	0	7	10	4	0	7
chr9	42426440	42426495	56	7	0	56	41	15	5	3	0	5	2	1	3	1	3	0	0	1	3	1	1	11	3	1	0	1	2	0	0	1	2	0	0	0	1	2	0	1
chr9	42426496	42426529	34	8	0	34	24	10	1	2	2	2	1	0	1	1	0	0	0	2	5	2	2	3	2	0	0	1	1	0	0	0	0	0	0	2	0	0	0	2
chr9	42426530	42426587	58	8	0	58	45	13	11	1	3	5	1	0	1	2	3	0	1	1	4	3	3	4	3	0	0	2	1	0	0	0	0	1	0	1	0	0	0	5
chr9	42426595	42426606	12	8	0	12	12	0	10	0	0	0	0	0	0	0	0	0	0	0	0	0	0	0	0	0	0	0	0	0	0	0	0	0	0	0	0	0	0	0
chr9	42426608	42426859	252	8	0	252	105	147	10	4	3	5	5	11	15	2	4	6	17	6	3	4	8	1	3	8	5	9	11	9	10	13	10	15	7	12	9	12	4	9
chr9	42426860	42426996	137	8	0	137	84	53	11	5	4	9	7	4	5	3	5	0	2	8	7	3	4	6	5	2	1	4	4	2	2	4	3	4	3	4	7	4	0	3
chr9	42426997	42427045	49	8	0	49	34	15	4	2	2	3	1	0	1	2	3	1	0	2	3	1	3	5	2	1	0	0	0	1	0	2	1	0	0	1	2	1	0	3
chr9	42427046	42427208	163	8	0	163	101	62	13	8	4	7	7	4	12	5	7	5	4	6	5	3	6	4	8	1	0	10	5	0	0	2	5	1	0	6	10	5	0	8
chr9	42427209	42427287	79	7	0	79	52	27	4	1	3	5	1	1	2	3	2	4	2	3	6	1	5	8	1	1	0	4	3	0	0	4	0	1	0	1	3	5	0	3
chr9	42427288	42427519	232	8	0	232	149	83	27	3	13	18	10	4	9	7	16	5	8	5	8	5	1	10	6	3	1	7	5	4	1	6	6	4	0	4	12	6	2	14
chr9	42427520	42427553	34	8	0	34	20	14	0	2	1	1	1	0	1	5	2	1	1	0	1	1	0	2	2	2	0	1	1	1	0	1	1	0	0	0	3	0	0	1
chr9	42427554	42427620	67	8	0	67	38	29	3	5	1	1	3	1	3	6	3	1	3	1	2	2	0	2	4	2	1	2	3	2	1	0	2	1	0	2	4	1	0	3
chr9	42427621	42427664	44	7	0	44	25	19	4	0	3	3	1	0	3	1	1	0	0	1	3	2	0	1	0	1	0	1	1	4	0	2	3	2	0	3	1	0	0	1
chr9	42427665	42427716	52	8	0	52	31	21	0	0	1	5	0	1	3	2	3	1	2	0	3	3	3	3	2	1	0	2	0	2	0	4	0	2	0	0	3	1	0	3
chr9	42427725	42427942	218	8	0	218	161	57	35	10	12	17	13	0	3	8	9	3	4	8	17	6	5	10	9	0	0	10	2	1	0	5	2	1	0	3	11	6	0	6
chr9	42427943	42428056	114	8	0	114	84	30	14	3	6	9	2	0	4	4	7	0	1	1	10	4	4	14	1	1	0	5	3	1	0	1	3	3	0	2	3	0	0	6
chr9	42428057	42428107	51	8	0	51	37	14	5	1	1	7	1	1	2	1	2	1	0	3	6	0	3	3	2	0	0	1	0	1	0	1	1	0	0	0	2	1	0	3
chr9	42428108	42428132	25	8	0	25	19	6	2	0	1	1	0	0	2	1	2	2	0	0	1	0	0	5	1	0	0	1	0	0	0	0	0	0	0	0	2	0	0	2
chr9	42428133	42428212	80	8	0	80	54	26	6	3	3	4	4	1	3	3	1	4	4	2	5	3	1	7	4	0	0	6	1	1	0	0	1	0	0	1	5	1	0	4
chr9	42428213	42428255	43	8	0	43	31	12	5	1	1	5	3	1	1	1	0	0	0	1	4	3	3	1	2	0	0	3	1	0	0	0	2	0	0	2	1	0	0	0
chr9	42428256	42428313	58	8	0	58	42	16	19	1	1	4	2	1	2	0	1	0	2	1	1	1	1	3	0	1	1	1	0	0	0	3	2	1	1	2	3	1	0	0
chr9	42428315	42428374	60	8	0	60	21	39	0	0	1	0	0	3	4	0	0	3	7	2	0	0	0	0	1	0	1	4	3	1	2	1	2	4	5	3	1	2	4	4
chr9	42428375	42428454	80	8	0	80	25	55	0	1	1	1	1	3	4	1	2	0	7	0	0	3	1	0	1	2	2	2	4	5	5	5	1	7	5	5	2	5	1	1
chr9	42428455	42428599	145	8	0	145	71	74	11	2	2	4	2	6	6	4	2	4	6	7	4	3	5	2	3	7	3	2	8	4	4	7	1	7	3	5	5	5	4	5
chr9	42428600	42428615	16	8	0	16	9	7	1	1	0	0	0	1	1	0	0	0	1	0	1	0	0	1	0	1	0	1	1	0	0	1	0	1	0	1	1	0	0	0
chr9	42428616	42428801	186	8	0	186	95	91	11	3	8	4	5	5	12	9	7	3	12	6	3	4	0	1	6	4	1	5	9	5	0	9	8	9	1	6	8	5	2	13
chr9	42428802	42428961	160	8	0	160	81	79	8	7	3	5	7	10	5	7	5	2	7	4	2	1	3	4	7	7	1	5	11	11	0	8	2	4	1	3	8	8	0	2
chr9	42428962	42429038	77	8	0	77	57	20	8	1	4	9	6	0	1	4	5	2	1	4	3	2	1	5	3	1	0	1	2	0	0	0	0	0	0	0	5	1	0	6
chr9	42429042	42429205	164	8	0	164	124	40	13	3	5	16	7	2	2	10	2	3	4	2	14	12	6	22	10	1	0	9	1	0	0	1	5	1	0	0	4	0	0	7
chr9	42429206	42429274	69	8	0	69	45	24	10	2	1	4	3	2	2	4	1	2	2	0	3	2	1	6	2	3	1	2	4	1	0	0	3	0	1	0	2	0	0	3
chr9	42429275	42429405	131	8	0	131	60	71	7	1	4	2	4	6	11	3	1	3	6	3	1	4	3	0	5	3	0	6	8	6	0	8	6	7	0	8	5	6	0	2
chr9	42429406	42429441	36	8	0	36	18	18	1	1	1	1	2	0	3	3	1	2	0	0	0	1	1	0	2	1	0	1	2	2	0	1	2	1	0	1	1	1	0	2
chr9	42429442	42429715	274	8	0	274	154	120	18	9	13	13	20	7	9	9	10	1	15	9	5	2	5	7	9	4	2	4	12	5	0	12	13	10	0	13	11	10	2	13
chr9	42429716	42429733	18	7	0	18	13	5	0	0	0	1	0	0	0	1	0	0	2	1	2	0	1	3	0	0	0	0	0	0	0	1	0	0	0	0	1	1	0	2
chr9	42429734	42429896	163	8	0	163	100	63	9	5	5	10	9	2	4	8	3	4	7	6	9	4	7	6	4	5	1	5	6	1	0	8	5	3	0	4	8	6	1	6
chr9	42429897	42429951	55	8	0	55	35	20	6	2	3	2	1	3	2	2	2	1	1	0	4	4	2	0	5	1	0	4	2	0	0	1	0	2	0	0	1	0	0	2
chr9	42429952	42429985	34	8	0	34	18	16	2	0	1	1	1	1	0	4	1	0	1	1	0	1	1	2	0	1	0	1	3	2	0	0	2	1	1	0	1	1	0	2
chr9	42429986	42430083	98	8	0	98	62	36	12	2	7	4	2	3	3	4	7	1	2	1	4	2	5	3	3	2	0	3	3	0	0	3	3	1	0	5	2	3	0	6
chr9	42430084	42430185	102	8	0	102	67	35	12	5	3	5	6	2	0	7	4	0	2	1	3	3	5	9	4	3	0	3	3	0	1	2	3	1	2	4	4	2	0	1
chr9	42430186	42430342	157	8	0	157	113	44	18	3	8	13	6	3	3	6	4	6	2	3	14	3	4	15	6	2	0	7	4	0	0	4	2	2	0	2	7	4	0	4
chr9	42430343	42430380	38	8	0	38	26	12	6	1	3	2	1	0	1	1	5	0	1	0	0	1	2	1	0	0	0	2	0	0	0	1	0	0	0	2	3	1	0	2
chr9	42430381	42430555	175	8	0	175	133	42	25	4	4	21	11	2	3	8	11	1	1	5	7	6	4	18	8	2	0	3	5	0	0	0	2	0	0	4	10	3	0	5
chr9	42430556	42430755	200	8	0	200	144	56	26	4	7	23	11	4	3	6	9	3	3	6	15	3	5	15	7	2	1	4	2	1	2	4	5	1	0	5	10	5	1	5
chr9	42430756	42430778	23	7	0	23	16	7	1	2	1	1	0	0	1	1	0	0	1	1	4	1	0	1	0	1	0	2	1	0	0	0	0	0	0	0	1	0	0	1
chr9	42430779	42431102	324	8	0	324	203	121	24	13	16	15	12	8	9	17	17	5	7	10	17	6	15	10	19	4	1	8	6	3	0	17	7	8	1	8	14	11	0	14
chr9	42431103	42431144	42	8	0	42	23	19	3	2	2	1	0	0	4	1	2	0	3	0	3	1	0	0	1	1	0	2	0	1	0	3	4	1	0	0	0	1	0	4
chr9	42431145	42431233	89	8	0	89	48	41	2	2	4	6	4	4	5	4	7	1	3	1	1	1	2	0	2	3	0	3	3	0	0	7	5	3	0	2	7	4	0	1
chr9	42431234	42431281	48	8	0	48	30	18	3	4	2	3	3	2	1	2	4	1	1	0	2	0	1	1	3	2	0	2	1	0	0	3	0	0	0	0	3	2	0	0
chr9	42431282	42431512	231	8	0	231	126	105	13	7	8	8	6	4	14	11	8	5	10	8	9	7	4	3	11	8	1	3	8	6	0	17	9	6	1	3	7	11	0	13
chr9	42431513	42431529	17	7	0	17	10	7	2	1	0	1	1	0	0	2	1	0	1	0	0	0	0	0	1	0	0	0	1	0	0	0	0	0	1	1	1	1	0	0
chr9	42431530	42431746	217	8	0	217	138	79	17	7	12	11	7	6	10	7	13	6	7	8	10	5	5	6	6	6	0	12	8	2	0	4	0	2	0	4	16	4	0	14
chr9	42431747	42431773	27	8	0	27	19	8	1	2	1	3	1	0	1	2	3	0	0	0	1	1	0	1	2	1	0	0	0	1	0	1	0	0	0	0	2	0	0	1
chr9	42431774	42431785	12	8	0	12	8	4	1	1	1	0	0	0	0	0	1	0	0	0	1	0	1	0	1	0	0	0	0	0	0	0	1	0	0	1	0	0	0	1
chr9	42431786	42431862	77	8	0	77	49	28	11	4	3	3	2	3	0	4	1	0	1	0	6	2	3	5	1	4	1	2	4	4	0	1	4	0	1	3	0	1	0	1
chr9	42431863	42431923	61	8	0	61	27	34	0	0	3	1	2	2	3	3	2	2	3	1	1	0	2	1	2	0	0	2	3	6	0	4	3	5	0	0	2	1	0	5
chr9	42431924	42432431	508	8	0	508	325	183	52	14	24	32	22	10	19	26	25	8	16	15	23	9	11	19	21	9	0	11	11	9	0	14	22	4	0	16	22	13	0	29
chr9	42432432	42432476	45	7	0	45	39	6	3	0	3	8	0	0	0	0	0	0	0	1	11	3	2	7	0	1	0	2	0	0	0	1	0	0	0	0	0	0	0	1
chr9	42432477	42432656	180	8	0	180	116	64	15	6	6	12	11	3	6	5	8	2	8	8	5	7	6	7	6	5	0	6	6	2	0	4	2	2	0	4	11	3	0	12
chr9	42432665	42432716	52	8	0	52	29	23	2	3	4	2	2	1	3	2	3	1	0	0	4	0	2	0	1	1	0	3	2	1	0	2	3	3	0	1	2	0	0	2
chr9	42432717	42432750	34	8	0	34	18	16	1	0	1	1	1	2	1	3	0	0	1	1	1	1	2	0	1	1	0	1	2	0	0	2	2	2	0	2	2	1	0	0
chr9	42432751	42432837	87	8	0	87	47	40	10	2	2	1	1	3	3	3	1	4	4	4	4	1	3	0	2	5	1	2	5	2	1	5	0	3	1	0	3	3	1	5
chr9	42432838	42432851	14	8	0	14	12	2	6	1	0	0	2	0	0	0	0	0	0	0	0	1	0	0	2	0	0	0	0	0	0	0	0	0	0	0	0	0	0	0
chr9	42432852	42432866	15	7	0	15	9	6	2	0	0	2	0	0	1	0	0	0	0	0	1	0	1	0	0	0	0	0	1	1	0	0	0	1	0	3	0	0	0	0
chr9	42432867	42433004	138	8	0	138	49	89	0	2	2	1	2	7	10	1	2	3	12	2	1	1	2	0	4	4	0	5	9	7	5	8	6	9	6	7	2	9	1	6
chr9	42433005	42433095	91	8	0	91	75	16	26	4	3	6	5	0	1	2	1	0	0	1	7	4	2	11	2	2	0	4	2	0	0	0	3	0	0	1	1	0	0	1
chr9	42433096	42433184	89	8	0	89	62	27	5	5	6	5	4	1	1	6	3	3	1	1	9	3	2	6	3	1	0	8	1	0	0	2	3	1	0	0	5	1	0	1
chr9	42433185	42433225	41	8	0	41	28	13	2	2	1	2	0	2	0	6	1	1	0	0	4	3	1	2	7	0	0	0	0	0	0	1	1	1	0	0	1	0	0	1
chr9	42433226	42433250	25	8	0	25	14	11	1	0	0	1	2	1	1	1	0	0	2	2	0	0	0	2	0	0	0	1	1	1	0	0	1	1	0	1	3	0	0	1
chr9	42433251	42433355	105	8	0	105	55	50	2	2	3	2	3	6	6	2	0	4	7	2	4	4	2	4	9	1	0	6	5	5	0	5	0	4	0	2	3	5	0	5
chr9	42433356	42433378	23	7	0	23	10	13	0	0	0	0	0	9	0	0	0	0	1	0	0	0	0	0	6	0	1	1	0	0	0	0	1	0	1	0	1	0	0	0
chr9	42433379	42433448	70	8	0	70	39	31	0	0	0	1	0	16	0	9	0	0	0	0	1	2	0	9	14	0	4	0	0	0	0	0	10	0	2	0	0	0	0	0
chr9	42433449	42433617	169	8	0	169	94	75	4	3	8	9	9	5	8	8	6	8	10	2	4	2	3	3	9	2	0	7	10	2	0	3	2	4	0	10	9	7	0	10
chr9	42433618	42433654	37	8	0	37	19	18	3	2	2	1	1	0	3	0	3	0	1	0	1	0	0	1	0	1	0	1	1	0	1	2	3	2	1	2	0	1	0	2
chr9	42433655	42433664	10	8	0	10	6	4	0	0	1	1	1	0	1	0	1	0	0	1	0	0	0	0	0	0	0	0	0	0	0	0	0	0	0	0	1	0	0	1
chr9	42433665	42433738	74	8	0	74	45	29	5	2	6	3	2	3	3	2	3	2	2	3	5	1	2	0	4	1	0	3	2	1	0	3	1	2	0	1	3	1	0	6
chr9	42433743	42433873	131	8	0	131	78	53	7	5	3	7	6	5	5	11	4	3	2	7	4	4	3	1	6	5	0	6	5	5	0	1	7	1	0	0	9	1	0	6
chr9	42433874	42433965	92	8	0	92	55	37	5	4	3	5	3	2	4	3	2	0	5	3	7	4	0	5	2	2	0	4	2	3	0	6	2	3	0	1	6	3	0	1
chr9	42433966	42434133	168	8	0	168	109	59	15	7	3	9	4	3	6	8	5	1	8	4	10	8	5	13	8	3	0	7	4	4	0	7	2	1	0	3	7	7	0	4
chr9	42434134	42434245	112	8	0	112	80	32	11	5	7	9	5	2	4	2	9	1	1	2	7	2	2	11	4	0	0	5	1	2	0	1	1	0	0	3	7	2	0	4
chr9	42434246	42434305	60	8	0	60	42	18	20	3	3	2	7	1	0	1	2	0	1	1	0	0	0	0	1	2	0	1	3	1	0	1	2	1	0	1	2	1	0	1
chr9	42434306	42434318	13	7	0	13	13	0	11	0	0	0	0	0	0	0	0	0	0	0	0	0	0	0	0	0	0	0	0	0	0	0	0	0	0	0	0	0	0	0
chr9	42434319	42434432	114	8	0	114	85	29	21	2	3	14	6	1	1	4	4	0	1	3	9	3	3	9	5	0	0	1	2	4	0	2	3	2	0	1	2	2	0	4
chr9	42434433	42434467	35	8	0	35	23	12	2	3	0	3	1	0	2	1	1	0	1	3	4	0	1	1	0	0	0	2	0	0	1	0	2	0	0	0	1	1	1	2
chr9	42434468	42434528	61	8	0	61	43	18	10	2	3	2	0	1	2	1	4	2	1	2	3	1	2	5	3	2	1	0	0	0	0	3	0	0	0	0	1	1	1	6
chr9	42434529	42434562	34	7	0	34	24	10	4	1	2	3	1	0	0	3	1	0	0	1	4	1	0	3	1	0	1	0	0	0	0	2	2	0	0	0	1	1	0	0
chr9	42434563	42434773	211	8	0	211	132	79	15	4	9	9	5	7	7	12	6	5	5	12	11	4	5	15	7	5	0	8	10	2	2	4	2	3	1	6	11	8	1	8
chr9	42434783	42434870	88	8	0	88	45	43	3	5	4	3	7	2	3	2	3	3	3	2	1	1	1	1	4	2	2	3	5	4	0	5	2	3	0	1	3	6	0	2
chr9	42434871	42434881	11	8	0	11	5	6	0	0	1	0	0	0	0	0	1	0	3	0	0	0	0	0	0	0	0	0	0	0	0	0	0	0	0	0	0	0	1	3
chr9	42434882	42434992	111	8	0	111	45	66	1	0	6	1	4	5	6	5	3	2	8	1	0	1	0	1	3	3	0	2	9	8	0	7	5	7	0	7	4	6	0	4
chr9	42434993	42435173	181	8	0	181	68	113	0	0	2	1	3	5	20	4	0	5	17	5	0	0	1	3	4	3	0	3	11	10	1	14	11	14	3	12	7	9	0	11
chr9	42435174	42435186	13	7	0	13	6	7	0	0	1	0	1	0	0	1	0	0	1	0	0	0	0	0	0	0	0	0	0	1	0	1	2	1	0	1	0	0	0	1
chr9	42435187	42435275	89	8	0	89	40	49	2	0	6	0	3	5	6	2	2	2	3	1	1	2	2	3	4	2	0	2	5	2	0	5	5	6	1	7	2	2	1	3
chr9	42435276	42435381	106	8	0	106	44	62	1	4	3	1	1	3	10	0	4	2	4	0	3	2	4	1	2	2	0	7	6	8	1	5	4	7	3	6	2	3	1	4
chr9	42435382	42435444	63	8	0	63	23	40	3	0	2	0	1	2	7	0	0	0	3	0	1	2	1	0	0	1	0	3	1	7	1	5	7	5	1	4	2	1	0	1
chr9	42435445	42435546	102	8	0	102	49	53	3	1	2	2	1	2	8	5	3	3	4	2	1	3	4	4	3	0	2	4	5	3	0	5	7	4	1	6	1	6	2	3
chr9	42435547	42435557	11	7	0	11	3	8	0	0	0	0	0	1	1	0	0	0	0	0	0	0	0	0	1	0	0	0	0	1	0	1	2	2	0	0	0	0	0	0
chr9	42435558	42435624	67	8	0	67	24	43	0	1	1	0	1	5	8	1	1	3	1	1	0	0	0	0	1	3	0	5	5	6	1	3	5	3	1	2	4	3	0	0
chr9	42435625	42435694	70	8	0	70	35	35	3	1	1	2	2	0	6	1	1	3	4	4	1	1	1	3	1	2	1	0	4	3	0	3	4	1	0	3	1	4	1	6
chr9	42435695	42436009	315	8	0	315	135	180	8	9	7	4	9	9	31	9	11	5	11	8	0	7	4	3	9	13	1	6	20	25	2	15	20	14	1	17	9	10	2	14
chr9	42436010	42436036	27	8	0	27	13	14	0	0	1	1	0	3	2	0	0	0	2	0	2	1	0	1	1	1	0	1	1	0	0	2	2	1	0	1	1	1	0	0
chr9	42436037	42436093	57	8	0	57	27	30	3	1	4	0	2	2	5	0	3	2	3	0	0	0	0	0	3	2	0	2	3	2	0	4	2	3	0	1	1	2	0	5
chr9	42436094	42436148	55	8	0	55	20	35	0	1	2	0	3	6	2	1	0	0	2	1	0	1	1	0	3	4	0	1	4	7	0	4	2	4	0	2	2	0	0	0
chr9	42436149	42436804	656	8	0	656	380	276	47	29	21	26	32	14	27	30	24	5	25	23	20	14	18	23	24	14	4	20	26	17	3	24	21	19	2	24	32	20	3	23
chr9	42436805	42436842	38	7	0	38	23	15	4	1	3	2	2	1	1	0	2	1	1	1	2	1	0	1	1	2	0	0	1	0	0	3	1	0	0	0	1	2	0	2
chr9	42436843	42437263	421	8	0	421	214	207	18	11	12	13	17	12	33	6	14	17	17	13	5	3	8	14	18	14	0	11	20	17	3	22	17	7	1	15	13	24	2	22
chr9	42437264	42437308	45	8	0	45	20	25	0	0	2	1	2	1	3	1	1	0	5	2	0	0	0	0	1	0	0	0	3	1	0	0	2	1	2	7	2	2	0	4
chr9	42437315	42438867	1553	8	0	1553	812	741	86	52	56	44	51	64	86	63	62	22	50	28	39	29	35	43	59	49	9	50	84	81	5	59	68	43	2	69	53	56	4	50
chr9	42438868	42438891	24	7	0	24	13	11	1	2	2	1	4	0	0	1	1	1	0	0	0	0	0	0	0	2	0	1	3	1	0	0	0	0	0	0	0	1	0	1
chr9	42438892	42438925	34	8	0	34	21	13	1	1	0	3	2	3	0	1	1	0	0	0	1	1	2	4	3	0	2	1	0	0	1	0	2	1	1	0	1	0	0	0
chr9	42438926	42439620	695	8	0	695	442	253	63	12	28	47	25	24	25	26	29	12	19	24	33	17	23	35	27	13	0	23	26	8	0	22	13	12	0	23	34	23	0	27
chr9	42439621	42439686	66	8	0	66	36	30	5	3	3	1	2	6	2	0	4	0	2	1	1	0	2	3	4	4	0	1	3	3	0	5	0	1	0	1	3	2	0	2
chr9	42439687	42440245	559	8	0	559	358	201	48	16	24	36	23	15	21	25	34	14	16	13	20	13	15	24	26	12	3	17	12	7	0	16	12	5	0	13	34	12	1	30
chr9	42440246	42440287	42	8	0	42	34	8	3	3	0	5	1	0	0	3	1	0	0	2	7	0	3	4	1	1	0	1	1	0	0	0	0	0	0	0	2	0	0	2
chr9	42440288	42440353	66	8	0	66	48	18	11	3	5	3	3	0	1	2	4	0	0	2	4	2	1	5	1	2	0	2	3	0	0	1	1	0	0	1	2	2	0	3
chr9	42440359	42440531	173	8	0	173	108	65	11	3	5	17	11	5	7	8	9	3	4	7	5	4	3	6	6	3	0	6	7	0	1	2	8	3	1	4	10	5	0	7
chr9	42440532	42440548	17	7	0	17	12	5	2	1	0	2	1	0	1	1	1	0	0	1	1	1	0	0	1	0	0	0	0	0	0	0	0	0	0	0	1	0	0	1
chr9	42440549	42441147	599	8	0	599	409	190	53	13	27	44	19	11	19	35	23	5	12	18	42	22	17	49	24	10	0	17	12	4	0	13	25	9	0	16	21	6	2	29
chr9	42441154	42441626	473	8	0	473	307	166	29	13	19	36	19	14	16	26	21	10	10	16	29	11	10	26	21	11	0	16	15	11	0	9	13	5	0	8	26	8	0	23
chr9	42441627	42441650	24	7	0	24	18	6	1	0	1	3	2	0	0	0	1	0	0	1	1	2	1	4	0	0	0	2	0	0	0	0	1	0	0	0	1	0	0	1
chr9	42441651	42441878	228	8	0	228	165	63	23	3	7	25	8	3	7	6	9	3	4	6	18	9	11	22	9	1	0	8	2	3	0	5	5	1	0	6	7	5	0	10
chr9	42441879	42441902	24	7	0	24	18	6	3	0	0	4	3	1	0	0	1	1	0	1	0	0	0	2	2	0	0	0	1	0	0	0	0	0	0	0	2	1	0	0
chr9	42441903	42442058	156	8	0	156	109	47	21	3	7	14	8	3	4	5	6	1	3	6	10	4	4	9	5	1	0	5	1	3	0	5	5	3	0	2	8	2	0	6
chr9	42442059	42442191	133	8	0	133	94	39	9	4	6	9	6	1	5	7	5	3	1	10	10	3	3	10	5	2	0	4	3	1	0	1	3	1	0	0	8	1	0	10
chr9	42442192	42443090	899	7	0	899	612	287	94	25	33	57	26	24	28	29	33	12	24	28	56	25	34	83	34	17	1	34	25	11	1	21	19	10	0	16	29	20	0	48
chr9	42443092	42443220	129	7	0	129	76	53	8	3	6	3	4	2	5	2	5	3	7	7	3	4	5	8	5	3	0	4	2	3	1	6	1	0	0	5	5	7	1	9
chr9	42443221	42443341	121	8	0	121	72	49	2	3	3	7	5	0	3	5	3	1	8	6	6	2	8	8	1	3	0	2	6	0	0	7	3	2	0	7	4	8	0	6
chr9	42443342	42443419	78	7	0	78	43	35	6	3	4	6	4	0	2	2	5	0	1	1	4	1	2	1	0	2	0	2	5	8	0	4	0	4	0	2	3	3	0	1
chr9	42443420	42443429	10	7	0	10	7	3	0	1	0	1	1	0	0	0	0	0	0	1	1	1	0	0	1	0	0	0	0	0	0	0	0	0	0	0	1	0	0	0
chr9	42443430	42443496	67	7	0	67	43	24	7	3	3	5	3	0	3	4	6	0	2	1	2	1	1	2	1	1	0	1	2	2	0	0	1	0	0	5	5	1	0	3
chr9	42443497	42443643	147	8	0	147	67	80	2	4	8	1	2	6	6	6	8	2	9	1	2	4	2	2	4	6	1	5	6	11	3	11	3	6	0	3	7	8	0	6
chr9	42443644	42443738	95	7	0	95	60	35	13	6	6	0	5	1	5	2	4	3	1	1	4	0	5	3	5	2	0	3	2	0	0	3	4	1	0	5	2	2	0	5
chr9	42443739	42443819	81	7	0	81	48	33	3	8	4	3	9	1	3	2	2	1	2	1	3	0	2	2	7	2	0	1	2	1	0	4	4	2	0	4	2	2	0	2
chr9	42443820	42443900	81	8	0	81	57	24	8	3	2	8	1	1	3	4	4	0	4	1	8	3	2	5	4	0	0	2	1	0	0	2	1	1	0	2	3	2	0	4
chr9	42443901	42443973	73	7	0	73	42	31	2	4	1	6	3	1	4	2	3	1	1	0	5	3	2	2	3	4	0	2	5	4	0	4	0	3	0	1	2	2	0	1
chr9	42443974	42444013	40	8	0	40	18	22	0	1	3	0	1	1	4	1	3	2	0	1	0	0	0	0	0	1	0	3	2	2	0	3	3	1	0	0	2	2	0	2
chr9	42444014	42444094	81	7	0	81	47	34	0	0	2	6	3	5	4	0	3	3	1	4	2	2	4	6	5	1	0	4	3	3	0	3	1	3	0	0	5	2	0	4
chr9	42444095	42444120	26	8	0	26	13	13	0	0	0	2	0	2	2	0	1	1	1	0	1	0	2	0	1	1	0	1	2	1	0	1	1	0	0	1	0	1	0	2
chr9	42444121	42444313	193	7	0	193	140	53	31	4	5	18	9	7	2	8	5	4	6	3	13	6	2	17	8	5	0	7	5	2	1	1	3	0	1	0	10	2	0	6
chr9	42444314	42444364	51	8	0	51	38	13	5	2	0	5	1	0	1	5	3	1	0	2	3	1	2	6	2	0	0	3	1	0	0	0	0	0	0	0	4	2	0	0
chr9	42444365	42444418	54	7	0	54	47	7	10	2	0	8	0	0	1	2	2	0	0	0	8	2	2	8	3	1	0	0	0	0	0	1	0	0	0	0	0	0	0	2
chr9	42444419	42444505	87	8	0	87	63	24	12	2	5	7	2	0	2	5	7	1	2	2	5	0	2	7	3	1	0	0	2	0	0	2	1	0	0	3	3	3	0	6
chr9	42444506	42444588	83	7	0	83	48	35	1	1	3	5	2	4	4	4	3	0	3	7	4	1	1	4	3	1	0	1	5	1	0	2	1	2	0	5	6	4	0	3
chr9	42444589	42444608	20	7	0	20	9	11	0	0	1	0	1	0	1	0	0	0	2	1	0	1	1	0	0	0	1	0	0	1	0	1	0	1	0	3	2	0	0	1
chr9	42444609	42444793	185	7	0	185	120	65	9	3	7	11	6	4	3	17	8	3	6	9	6	5	9	12	11	1	0	3	3	0	0	7	7	4	0	3	9	5	0	12
chr9	42444794	42444837	44	8	0	44	34	10	3	0	0	6	3	0	1	2	1	1	0	0	2	4	1	8	5	0	0	0	0	0	0	1	0	1	0	1	2	0	0	0
chr9	42444838	42444960	123	7	0	123	81	42	13	4	7	5	7	4	2	7	5	3	1	5	5	3	3	5	6	5	0	3	5	0	1	1	3	2	0	1	6	0	1	8
chr9	42444961	42444994	34	8	0	34	18	16	0	0	1	0	0	3	1	4	1	0	1	3	0	0	1	3	0	1	0	1	2	0	0	1	2	1	0	1	3	1	0	1
chr9	42444995	42445053	59	7	0	59	35	24	3	1	2	3	1	0	4	0	1	1	3	5	4	1	3	2	2	0	0	1	2	2	0	2	0	1	0	3	2	3	0	5
chr9	42445054	42445271	218	8	0	218	148	70	13	10	10	8	7	6	4	17	11	5	6	5	10	7	3	26	17	5	0	6	5	1	0	3	0	0	1	3	12	4	1	10
chr9	42445272	42445534	263	7	0	263	194	69	25	3	6	39	14	4	5	12	11	5	2	8	23	7	7	21	8	5	0	6	8	3	0	3	5	1	0	4	14	5	0	7
chr9	42445535	42445581	47	8	0	47	35	12	7	2	2	4	5	0	1	1	2	0	0	3	1	2	1	4	2	0	0	2	1	0	0	0	0	0	0	0	2	1	0	2
chr9	42445582	42445646	65	7	0	65	47	18	11	6	2	4	5	0	2	0	3	0	0	2	4	2	0	4	5	2	0	1	3	2	0	0	0	0	0	0	1	1	0	3
chr9	42445647	42445695	49	7	0	49	30	19	5	2	2	3	1	2	2	2	2	1	1	0	3	0	1	1	1	2	0	2	3	1	0	2	1	2	0	1	2	1	0	1
chr9	42445696	42445823	128	7	0	128	85	43	14	6	4	9	6	1	6	4	6	1	6	3	8	3	1	6	6	0	0	4	5	1	0	2	2	3	0	3	4	4	0	8
chr9	42445824	42445870	47	8	0	47	30	17	6	1	0	4	3	0	1	1	0	1	0	1	2	3	5	2	0	2	0	3	2	2	0	1	1	0	0	2	1	1	0	0
chr9	42445871	42445970	100	7	0	100	68	32	12	2	4	8	6	3	1	5	5	2	1	2	3	2	3	7	4	4	0	2	4	1	0	3	3	1	0	0	4	2	0	4
chr9	42445971	42445980	10	7	0	10	4	6	0	1	0	0	1	0	0	1	0	0	0	1	0	0	0	0	0	0	0	0	1	1	0	0	0	1	0	0	1	0	0	0
chr9	42445981	42446128	148	8	0	148	90	58	14	4	6	6	5	4	9	8	6	3	1	4	5	6	1	8	9	2	2	4	6	0	1	3	9	2	0	5	2	6	0	5
chr9	42446129	42446175	47	7	0	47	30	17	3	1	2	2	0	3	2	1	2	0	2	0	3	0	2	7	1	0	0	3	2	1	0	0	2	0	0	2	1	2	0	1
chr9	42446176	42446418	243	7	0	243	150	93	22	7	9	16	9	5	6	8	11	3	3	3	11	12	11	12	9	11	0	7	7	12	3	10	6	3	1	4	6	6	0	8
chr9	42446419	42446463	45	8	0	45	30	15	6	0	3	3	3	0	1	0	1	0	3	3	2	0	0	4	1	0	0	0	0	0	0	3	1	1	0	1	2	2	0	3
chr9	42446464	42446514	51	7	0	51	34	17	5	3	2	3	4	2	1	1	2	0	1	0	2	2	2	4	2	1	0	3	1	0	0	0	3	0	0	2	2	0	0	1
chr9	42446515	42446578	64	8	0	64	45	19	11	0	3	7	6	4	0	0	2	1	1	2	2	1	0	5	2	0	0	2	1	2	0	0	3	0	0	1	4	1	0	1
chr9	42446579	42446619	41	7	0	41	29	12	4	0	1	6	1	0	3	1	3	0	1	1	3	0	1	2	0	0	0	0	0	0	0	1	4	0	0	2	1	1	0	3
chr9	42446620	42446641	22	6	0	22	13	9	1	0	2	1	1	2	0	0	1	0	1	0	1	0	1	1	0	0	0	2	1	0	0	1	1	1	0	0	0	1	0	1
chr9	42446645	42446703	59	6	0	59	40	19	6	4	1	4	3	1	2	1	4	0	1	1	1	2	3	4	1	1	0	5	3	1	0	0	0	0	0	2	3	2	0	1
chr9	42446704	42446752	49	8	0	49	37	12	4	3	2	6	4	0	1	3	2	1	0	0	5	4	1	0	5	0	0	3	0	0	0	0	0	0	0	0	2	0	0	1
chr9	42446753	42447168	416	6	0	416	254	162	33	17	11	21	18	14	14	20	15	5	18	10	17	10	8	21	22	8	1	15	15	9	1	14	11	8	1	8	18	14	3	14
chr9	42447169	42447249	81	8	0	81	53	28	4	2	4	4	2	3	2	6	5	2	3	0	3	2	3	8	4	2	0	3	1	0	0	2	2	1	0	1	5	0	0	5
chr9	42447250	42447300	51	6	0	51	39	12	5	0	2	9	4	1	0	3	3	1	1	0	4	0	0	4	2	0	0	0	0	0	0	1	3	0	0	1	3	1	0	1
chr9	42447301	42447447	147	8	0	147	87	60	8	2	5	9	5	6	4	7	7	1	5	6	5	3	8	4	6	5	0	2	5	5	0	6	5	2	0	5	6	4	0	9
chr9	42447448	42447500	53	6	0	53	31	22	2	1	4	2	0	2	2	3	4	0	2	1	2	2	0	2	1	1	0	3	3	3	0	1	1	1	0	0	2	2	0	4
chr9	42447501	42447591	91	8	0	91	67	24	14	2	3	10	6	1	1	2	6	1	1	6	3	2	6	1	5	0	0	1	1	0	0	2	0	0	0	0	4	3	0	8
chr9	42447592	42447879	288	6	0	288	192	96	28	11	12	20	15	5	9	10	10	5	6	9	18	6	7	19	11	2	0	14	9	8	0	4	7	6	0	5	12	5	0	13
chr9	42447880	42447907	28	8	0	28	19	9	1	1	0	1	0	0	1	4	1	0	1	1	2	0	0	4	2	0	0	0	2	0	0	0	1	1	0	0	0	1	0	2
chr9	42447908	42447964	57	6	0	57	34	23	5	1	2	3	1	0	5	3	2	1	2	3	3	2	0	1	0	2	0	2	3	1	0	1	1	1	0	2	4	1	0	3
chr9	42447973	42448277	305	6	0	305	207	98	34	10	9	28	16	8	9	12	13	1	7	6	18	13	9	14	16	5	0	11	8	4	0	7	7	5	0	6	12	5	0	10
chr9	42448278	42448455	178	7	0	178	132	46	29	9	7	12	10	0	2	12	4	4	1	4	14	7	5	10	8	5	0	7	6	0	0	1	2	2	0	2	8	0	0	5
chr9	42448456	42448536	81	8	0	81	60	21	7	4	3	8	2	1	2	3	2	1	1	2	9	2	4	7	4	1	0	3	1	0	0	2	2	1	0	1	1	1	0	4
chr9	42448537	42448964	428	7	0	428	265	163	37	22	18	23	18	11	16	20	21	3	13	7	24	8	11	12	19	9	1	14	14	7	0	16	13	10	1	14	19	11	0	14
chr9	42448965	42449011	47	8	0	47	28	19	3	2	2	2	1	1	5	1	3	0	1	2	2	0	1	1	2	0	0	1	1	0	0	0	1	1	0	6	3	0	0	3
chr9	42449012	42449050	39	6	0	39	22	17	2	0	3	1	1	2	2	0	3	1	3	0	1	0	0	1	0	1	0	2	3	0	0	1	1	0	0	1	1	3	0	4
chr9	42449051	42449249	199	7	0	199	100	99	5	3	6	3	2	11	11	9	7	5	11	7	3	3	11	3	7	5	0	10	9	8	0	8	9	3	0	8	8	10	0	12
chr9	42449253	42449469	217	7	0	217	147	70	24	7	9	14	5	4	4	9	15	3	7	5	9	4	13	14	7	3	0	7	5	3	0	6	1	1	0	6	9	7	0	14
chr9	42449470	42449509	40	8	0	40	28	12	3	0	2	4	2	0	1	0	2	1	2	2	3	2	1	2	2	0	0	1	0	0	0	2	0	0	0	0	1	2	0	3
chr9	42449510	42449594	85	7	0	85	59	26	7	4	6	7	5	0	1	3	5	1	2	2	8	0	2	4	4	0	0	1	1	1	0	3	1	1	0	4	3	3	0	4
chr9	42449595	42449643	49	8	0	49	33	16	1	1	2	2	0	1	0	3	3	0	2	2	2	4	3	7	1	0	0	4	1	0	0	1	0	0	0	0	2	3	0	2
chr9	42449644	42449776	133	7	0	133	88	45	12	1	6	14	10	3	2	6	3	5	4	5	7	2	2	5	4	2	0	5	4	3	0	3	3	1	0	2	10	4	0	3
chr9	42449777	42449813	37	8	0	37	20	17	0	0	0	2	1	1	3	5	0	2	1	1	0	0	0	2	3	0	0	0	2	0	0	0	5	1	0	2	1	1	0	2
chr9	42449814	42449921	108	7	0	108	52	56	4	1	4	2	0	1	8	4	6	5	5	0	1	2	3	6	2	5	1	1	3	6	1	8	6	2	0	4	2	6	0	7
chr9	42449922	42449969	48	8	0	48	28	20	3	1	5	0	1	0	4	0	2	1	0	0	3	5	2	0	3	0	0	4	1	0	0	1	1	1	0	5	1	1	0	1
chr9	42449970	42450162	193	7	0	193	131	62	28	3	10	10	7	4	6	9	9	4	6	4	8	4	5	13	6	1	0	7	5	1	0	2	7	2	0	7	8	4	0	11
chr9	42450163	42450260	98	7	0	98	51	47	6	1	6	3	3	3	4	3	1	2	6	2	5	2	1	2	2	0	0	6	4	9	0	4	4	4	0	2	3	4	0	4
chr9	42451241	42451281	41	8	0	41	28	13	7	0	5	2	2	1	0	1	4	2	0	0	0	0	0	2	2	0	0	1	1	0	0	3	0	0	0	0	1	4	0	1
chr9	42451736	42451772	37	8	0	37	25	12	3	1	1	3	2	0	2	2	0	0	0	2	3	3	1	1	3	0	0	1	0	0	0	1	3	0	0	1	1	0	0	1
chr9	42451854	42451910	57	8	0	57	32	25	6	2	1	2	3	1	3	3	2	0	2	3	0	1	2	0	1	0	2	1	1	1	0	1	4	2	2	2	3	0	0	4
chr9	42452024	42452144	121	8	0	121	87	34	15	4	3	12	4	2	4	5	3	2	2	1	12	4	4	10	4	1	0	6	3	1	0	1	4	2	0	2	3	1	0	4
chr9	42452205	42452360	156	8	0	156	112	44	14	7	6	14	9	2	4	4	5	1	2	5	13	6	3	16	8	4	0	4	2	1	0	4	3	2	1	1	6	0	1	6
chr9	42452447	42452491	45	8	0	45	31	14	4	2	3	4	2	0	2	2	2	2	0	1	4	1	0	1	3	0	0	2	0	0	0	1	0	0	0	2	3	1	1	0
chr9	42452549	42452602	54	8	0	54	37	17	9	1	1	4	2	1	0	4	2	1	3	2	3	0	1	2	1	1	0	1	1	1	0	1	1	0	0	1	4	2	0	2
chr9	42452841	42452866	26	8	0	26	13	13	1	1	0	0	0	1	4	0	1	1	2	1	0	0	0	0	1	0	0	2	1	0	0	1	0	1	0	1	3	0	0	2
chr9	42452945	42453391	447	8	0	447	215	232	41	11	9	11	12	15	16	8	9	8	23	14	10	7	16	5	10	10	7	14	18	15	19	17	7	28	14	17	16	17	6	15
chr9	42453497	42453627	131	8	0	131	80	51	15	3	4	9	7	4	3	5	5	2	4	4	4	2	2	6	5	0	3	3	4	1	3	2	6	3	0	5	4	7	0	4
chr9	42453628	42453657	30	10	0	30	20	10	4	1	2	2	2	0	0	1	2	0	2	1	1	1	0	0	1	0	0	1	1	0	0	1	0	0	0	0	2	1	0	2
chr9	42453724	42453789	66	8	0	66	46	20	8	1	2	5	2	1	2	3	2	2	2	1	4	4	0	6	3	1	1	3	1	0	1	0	1	0	0	1	3	1	1	2
chr9	42453868	42453909	42	8	0	42	25	17	5	1	2	3	2	0	2	1	2	0	1	2	2	0	0	2	0	0	0	1	1	1	0	1	2	2	1	1	1	0	2	2
chr9	42454102	42454127	26	8	0	26	10	16	0	0	2	0	0	1	2	0	2	0	3	0	0	0	0	0	0	0	1	0	1	0	0	1	0	2	0	4	2	1	0	2
chr9	42454476	42454541	66	6	0	66	45	21	6	3	1	5	3	0	2	3	3	1	2	4	3	2	1	4	1	0	2	3	2	1	0	2	0	0	0	0	5	4	0	1
chr9	42454730	42455051	322	8	0	322	139	183	31	3	6	7	5	10	12	2	7	8	19	9	4	6	8	2	4	7	7	9	11	15	21	11	6	23	14	11	8	13	8	13
chr9	42455136	42455151	16	10	0	16	14	2	1	0	0	3	0	1	0	0	1	0	0	0	3	0	1	2	0	0	0	1	0	0	0	0	0	0	0	0	1	0	0	0
chr9	42455152	42455246	95	8	0	95	60	35	14	0	4	4	2	2	4	2	3	4	6	2	3	2	1	6	2	2	0	4	4	3	0	0	2	0	1	1	2	2	1	10
chr9	42455247	42455302	56	6	0	56	27	29	0	2	3	2	4	0	3	3	3	0	3	3	0	0	0	0	0	1	0	1	3	2	0	2	4	3	1	2	3	1	1	4
chr9	42455303	42455351	49	8	0	49	17	32	0	0	1	0	1	2	4	3	0	1	1	1	0	1	1	0	1	1	1	1	5	3	0	2	4	3	3	4	1	2	0	0
chr9	42455761	42455789	29	8	0	29	16	13	2	1	2	0	0	0	0	3	0	1	2	0	3	0	0	1	0	1	0	1	2	1	0	2	1	1	0	0	0	2	0	1
chr9	42455790	42455807	18	10	0	18	15	3	4	0	1	1	1	0	0	0	1	1	0	0	1	0	0	3	1	0	0	0	0	0	0	0	0	0	0	0	1	0	0	1
chr9	42456066	42456118	53	8	0	53	23	30	0	2	0	0	0	4	6	0	1	0	2	0	1	1	3	1	2	3	0	3	4	2	0	3	2	4	0	4	2	0	0	1
chr9	42456171	42456203	33	8	0	33	25	8	4	2	1	3	1	1	1	1	1	0	0	0	4	1	1	4	2	0	0	2	0	0	0	1	0	0	0	0	1	0	0	0
chr9	42456262	42456332	71	6	0	71	47	24	5	2	4	3	4	2	2	2	3	1	2	2	2	5	2	4	7	1	1	1	0	0	0	2	1	1	0	2	2	0	1	5
chr9	42456570	42456622	53	8	0	53	27	26	3	1	4	0	0	2	1	2	2	0	2	0	2	2	4	0	0	1	0	4	0	3	2	2	5	3	0	2	1	0	0	3
chr9	42456623	42456714	92	10	0	92	41	51	4	1	1	3	2	6	3	2	1	2	5	2	2	2	3	1	5	2	1	3	3	9	1	2	3	2	5	4	3	1	3	3
chr9	42457039	42457086	48	8	0	48	29	19	2	0	3	3	2	2	1	2	3	2	2	1	1	0	1	4	2	1	0	1	1	0	0	2	1	0	0	1	3	2	0	3
chr9	42457156	42457393	238	8	0	238	126	112	24	4	1	9	5	12	15	3	6	5	18	8	4	3	3	4	6	9	2	7	13	6	2	8	8	4	1	9	9	10	5	13
chr9	42457547	42457625	79	8	0	79	40	39	4	1	1	3	0	2	3	5	3	0	5	1	2	3	2	3	2	3	0	1	6	3	0	7	2	4	0	2	2	6	0	1
chr9	42457626	42457650	25	6	0	25	9	16	0	0	2	0	1	2	0	0	0	1	2	0	0	0	0	0	0	3	0	0	2	1	1	1	1	1	1	1	0	1	0	2
chr9	42457732	42458856	1125	8	0	1125	726	399	107	37	36	82	39	28	39	34	48	17	31	27	69	32	38	61	38	20	14	42	29	17	7	28	27	17	8	28	46	26	5	46
chr9	42458857	42459189	333	8	0	333	176	157	22	6	10	17	6	9	14	8	9	6	16	5	19	6	6	15	10	9	3	5	14	11	9	14	5	15	11	15	8	13	3	12
chr9	42459190	42459215	26	6	0	26	16	10	2	1	1	2	1	1	1	1	2	0	0	1	1	0	1	0	1	1	0	0	0	1	0	1	1	0	0	1	2	0	0	1
chr9	42459313	42459340	28	6	0	28	18	10	2	1	1	2	2	0	2	2	0	1	0	1	2	0	0	0	0	0	0	2	1	0	0	0	3	1	0	0	2	0	0	1
chr9	42459481	42459519	39	6	0	39	19	20	0	0	1	2	1	0	3	0	1	0	3	2	1	1	1	1	0	0	0	1	2	2	0	3	1	2	0	3	2	3	0	1
chr9	42459717	42459796	80	8	0	80	38	42	3	1	1	3	3	4	5	2	0	1	5	2	2	3	1	1	4	2	1	2	2	1	2	5	4	5	1	4	4	3	0	1
chr9	42459940	42460010	71	8	0	71	42	29	3	1	3	4	2	3	3	4	3	1	3	3	3	2	2	1	3	2	0	3	4	0	0	0	3	1	0	2	2	2	0	6
chr9	42460011	42460029	19	6	0	19	8	11	0	0	1	1	0	0	1	1	2	0	0	2	0	0	0	0	0	0	0	0	2	1	1	1	0	0	0	0	0	2	1	1
chr9	42460324	42460383	60	8	0	60	36	24	4	1	2	2	2	3	2	1	1	0	0	5	2	0	4	6	1	1	0	2	3	1	0	2	3	2	0	1	1	3	0	3
chr9	42460458	42460492	35	8	0	35	23	12	1	2	1	1	4	0	0	2	0	1	2	3	2	0	0	2	1	0	0	2	1	0	0	0	2	0	0	0	2	1	2	1
chr9	42460668	42460690	23	8	0	23	20	3	14	0	0	1	1	0	0	0	0	0	0	0	1	0	1	0	0	0	0	0	1	0	0	0	0	1	0	1	0	0	0	0
chr9	42460691	42460782	92	8	0	92	52	40	5	1	6	5	2	3	5	4	5	2	2	3	5	0	3	0	2	1	0	3	2	2	0	4	5	2	1	4	5	2	1	5
chr9	42460847	42460949	103	6	0	103	70	33	7	3	4	10	2	2	5	8	10	1	2	1	5	2	2	5	5	0	0	4	0	1	0	1	4	0	0	4	8	1	0	4
chr9	42461118	42461241	124	8	0	124	90	34	19	4	3	10	5	2	3	8	4	5	0	4	8	1	1	12	9	2	0	1	4	1	0	1	1	1	0	0	5	3	0	5
chr9	42461887	42461914	28	6	0	28	22	6	6	1	2	3	1	0	0	0	2	0	0	0	4	0	1	1	1	0	0	0	0	0	0	2	0	0	0	0	0	1	0	1
chr9	42461915	42461951	37	8	0	37	31	6	3	0	2	5	1	0	0	3	1	1	0	1	5	1	0	7	2	0	0	0	0	0	0	0	0	0	0	0	1	0	0	2
chr9	42462473	42462560	88	8	0	88	43	45	4	3	5	0	1	2	2	1	6	3	4	0	1	3	4	2	3	2	3	3	4	3	2	4	0	2	3	3	0	6	2	5
chr9	42462920	42463083	164	8	0	164	102	62	12	9	7	8	8	2	5	6	11	4	5	7	5	2	4	5	7	1	2	7	4	2	0	8	1	2	1	0	10	9	1	7
chr9	42463156	42463251	96	8	0	96	33	63	0	1	1	1	2	5	7	1	2	1	7	0	0	2	2	0	1	3	2	3	6	4	3	7	5	8	4	6	3	5	1	1
chr9	42463464	42463496	33	8	0	33	24	9	5	0	1	4	1	1	1	2	3	1	0	0	1	0	0	3	2	0	0	0	2	0	0	0	0	0	0	0	1	2	0	1
chr9	42464116	42464158	43	8	0	43	23	20	0	2	3	2	3	1	2	1	3	1	1	0	1	0	0	3	1	1	0	2	2	0	0	2	2	0	1	2	2	3	0	0
chr9	42464611	42464687	77	6	0	77	42	35	1	0	5	2	4	2	3	3	2	3	5	1	1	3	1	4	2	3	0	3	4	1	0	4	2	1	0	3	4	4	0	4
chr9	42464932	42464998	67	6	0	67	40	27	2	1	1	4	2	3	2	5	2	1	1	3	2	3	3	4	5	3	0	1	5	2	0	1	1	0	0	1	1	2	0	4
chr9	42465307	42465346	40	10	0	40	29	11	4	3	1	4	3	0	1	1	3	1	0	0	1	0	1	4	3	0	0	1	0	0	1	0	0	0	0	2	2	1	1	0
chr9	42466027	42466075	49	6	0	49	28	21	1	2	2	3	2	2	2	0	3	0	3	1	2	2	0	2	1	3	0	2	3	0	0	3	0	1	0	1	3	2	0	1
chr9	42466589	42466626	38	8	0	38	24	14	1	1	3	2	2	0	1	2	4	0	4	1	0	0	0	1	1	1	0	0	1	0	0	0	0	0	0	2	3	0	0	6
chr9	42466627	42466671	45	6	0	45	24	21	5	0	3	2	3	1	0	2	1	2	1	1	0	1	0	1	1	0	0	3	4	7	0	0	0	0	0	0	1	4	0	0
chr9	42467296	42467344	49	8	0	49	26	23	2	0	0	3	2	1	3	1	1	2	2	4	1	1	2	0	2	0	0	2	4	2	0	2	0	1	0	1	1	5	0	2
chr9	42467583	42467609	27	10	0	27	16	11	0	1	2	0	1	0	0	3	2	0	1	0	1	1	2	0	1	1	0	0	1	0	0	1	1	0	0	3	1	1	0	1
chr9	42467610	42467651	42	8	0	42	18	24	0	0	1	0	0	1	4	3	1	1	4	3	0	0	0	0	1	0	0	1	2	0	0	3	2	3	0	2	3	2	0	3
chr9	42467726	42467758	33	8	0	33	16	17	1	1	1	0	0	2	2	2	1	0	3	2	0	0	0	0	1	1	0	1	2	1	0	1	1	2	0	1	2	0	0	3
chr9	42468064	42468103	40	6	0	40	28	12	7	3	2	2	2	2	1	1	2	0	1	0	3	1	0	0	3	0	0	3	0	0	0	1	2	0	0	0	1	1	0	0
chr9	42468897	42468943	47	6	0	47	28	19	2	0	4	2	2	1	2	0	1	1	0	4	3	3	0	2	1	2	0	2	3	1	0	2	1	0	0	0	1	3	0	2
chr9	42469351	42469408	58	8	0	58	31	27	2	2	4	1	3	1	3	1	1	2	2	0	3	1	2	2	3	0	0	4	1	2	0	3	1	3	2	2	2	1	0	2
chr9	42469409	42469435	27	10	0	27	13	14	1	0	2	0	2	0	2	1	1	1	1	1	0	0	0	0	0	0	0	1	2	0	0	1	3	1	0	1	0	2	0	2
chr9	42469613	42469674	62	8	0	62	35	27	0	1	4	2	1	3	3	3	2	1	2	1	4	4	2	2	3	2	1	3	2	0	0	2	2	1	0	3	3	1	0	2
chr9	42470278	42470322	45	6	0	45	17	28	0	2	0	0	2	2	4	3	0	0	1	0	0	1	0	1	2	1	0	2	6	2	0	3	3	7	0	0	1	0	0	0
chr9	42470513	42470554	42	6	0	42	25	17	3	2	1	2	1	2	3	3	2	1	0	0	2	1	0	1	4	1	0	2	2	0	0	0	2	0	0	2	1	2	0	0
chr9	42470611	42470675	65	8	0	65	39	26	4	2	2	3	1	2	2	4	5	1	0	2	1	4	4	1	1	4	0	3	4	0	1	1	0	0	0	2	4	2	1	2
chr9	42470738	42470772	35	8	0	35	20	15	2	0	1	1	0	0	3	2	0	1	2	3	2	1	0	1	1	0	0	1	0	0	0	2	2	0	0	2	2	3	0	1
chr9	42470854	42470897	44	8	0	44	27	17	3	2	1	3	3	1	0	1	1	1	1	1	1	1	5	1	1	2	0	2	0	0	0	3	2	1	0	1	2	1	0	1
chr9	42470954	42470978	25	10	0	25	14	11	2	1	2	0	2	2	1	0	0	1	1	0	0	0	0	0	3	0	0	1	1	0	0	1	1	1	0	0	0	1	0	2
chr9	42471344	42471399	56	8	0	56	30	26	1	0	3	1	0	4	1	3	3	2	1	0	1	2	5	2	1	5	0	1	4	0	0	2	1	0	0	5	3	1	0	2
chr9	42471731	42471787	57	8	0	57	34	23	1	2	4	1	3	2	0	4	0	1	3	3	4	1	1	2	2	1	0	3	3	0	0	2	3	1	0	0	1	3	0	4
chr9	42471788	42471811	24	6	0	24	16	8	1	1	0	3	1	2	0	3	2	0	0	1	1	0	0	1	2	0	0	0	1	0	0	0	0	0	0	0	3	0	0	0
chr9	42471812	42471879	68	8	0	68	40	28	4	2	0	4	1	2	3	6	1	3	1	4	3	0	1	4	3	1	3	0	3	2	0	1	1	2	0	2	5	1	1	2
chr9	42472218	42472259	42	8	0	42	27	15	1	1	3	4	1	0	2	1	2	1	2	0	4	1	2	1	1	0	0	2	1	0	0	1	0	1	0	3	2	1	0	2
chr9	42472260	42472288	29	6	0	29	16	13	1	0	2	0	0	0	0	0	1	1	4	0	1	1	2	2	0	0	0	2	0	1	0	1	0	0	1	1	0	1	1	4
chr9	42472518	42472580	63	6	0	63	51	12	23	3	4	3	2	0	1	1	3	0	0	0	4	2	0	4	4	0	0	1	0	0	0	1	0	1	0	1	0	1	0	2
chr9	42472762	42472821	60	8	0	60	25	35	1	4	1	0	2	3	3	0	3	2	4	2	0	0	0	0	0	5	2	1	4	2	1	4	0	2	1	1	4	2	2	2
chr9	42472933	42472960	28	8	0	28	12	16	0	0	1	0	0	0	2	2	2	1	2	0	0	0	0	0	0	1	0	0	2	1	0	3	1	2	0	1	1	2	0	2
chr9	42473402	42473442	41	8	0	41	19	22	1	0	1	2	1	2	2	1	1	1	1	0	1	1	2	1	0	1	0	3	1	5	0	2	4	2	0	0	1	1	0	1
chr9	42473501	42473569	69	8	0	69	34	35	1	1	3	0	1	3	7	2	0	5	2	0	3	2	1	2	4	3	0	4	4	1	0	4	1	2	0	3	4	2	0	2
chr9	42473657	42473689	33	8	0	33	17	16	0	0	1	0	1	1	1	1	0	0	2	5	1	1	2	0	0	2	0	0	1	1	0	2	0	1	0	1	3	1	0	3
chr9	42473766	42473778	13	10	0	13	6	7	0	0	1	0	0	0	1	0	1	0	1	0	0	0	1	0	0	0	0	0	0	0	0	0	1	1	0	2	0	0	0	2
chr9	42473779	42473818	40	8	0	40	22	18	4	2	0	1	1	0	5	1	3	2	0	0	0	0	1	0	1	2	0	1	1	1	0	1	3	0	2	1	2	0	0	3
chr9	42473976	42474068	93	8	0	93	63	30	13	3	4	4	8	2	2	1	2	4	5	1	2	1	5	4	7	0	0	3	0	0	0	0	4	0	0	4	3	0	0	9
chr9	42474161	42474231	71	8	0	71	37	34	7	1	0	4	0	6	3	0	2	1	0	1	3	2	4	1	3	4	2	2	3	5	2	3	2	3	0	1	1	1	0	2
chr9	42474400	42474469	70	8	0	70	41	29	3	1	4	3	1	1	4	3	4	2	1	2	3	2	3	4	1	2	0	2	1	3	0	3	3	2	0	1	3	0	0	6
chr9	42474769	42474834	66	8	0	66	43	23	5	2	5	3	2	4	2	2	2	2	1	1	6	3	0	2	7	2	0	2	1	1	0	2	1	0	0	1	1	1	0	3
chr9	42475239	42475303	65	8	0	65	50	15	3	7	2	3	2	0	3	3	1	0	0	1	9	4	2	8	6	0	0	5	0	0	0	0	1	0	0	1	1	0	0	1
chr9	42475528	42475668	141	8	0	141	84	57	11	3	5	8	3	8	5	5	8	4	4	4	5	3	3	5	7	1	3	6	2	0	2	4	4	3	0	3	8	4	4	4
chr9	42475749	42475774	26	6	0	26	16	10	2	3	0	1	1	1	0	0	0	0	1	0	3	1	1	1	2	1	0	1	1	0	1	0	0	1	0	1	0	0	1	0
chr9	42475942	42475980	39	8	0	39	27	12	5	2	3	2	2	0	2	0	5	0	2	1	0	1	1	0	2	0	0	1	0	0	0	0	0	0	0	0	2	0	0	6
chr9	42476101	42476131	31	8	0	31	23	8	4	1	3	1	1	1	0	1	1	1	0	0	3	0	2	3	1	0	0	2	0	0	0	0	0	0	0	2	1	0	0	1
chr9	42477111	42477154	44	6	0	44	16	28	0	0	0	0	0	1	2	1	0	2	4	5	0	0	0	0	0	2	1	0	1	1	2	4	0	2	2	0	2	3	5	2
chr9	42477155	42477342	188	8	0	188	83	105	10	5	0	4	2	10	10	4	4	4	12	3	3	4	6	1	5	7	4	8	8	8	7	7	8	9	5	6	5	6	4	7
chr9	42477428	42477456	29	8	0	29	18	11	4	3	0	1	3	0	0	2	1	0	0	0	0	2	1	1	3	1	0	0	1	1	0	1	1	1	0	0	0	0	0	0
chr9	42477914	42477994	81	10	0	81	73	8	2	0	1	13	0	0	0	0	0	2	2	0	14	0	1	37	0	0	1	1	0	0	1	0	0	0	0	0	0	1	0	3
chr9	42478411	42478444	34	8	0	34	22	12	2	0	0	3	2	3	1	0	1	0	2	2	0	1	2	1	2	0	0	2	1	0	0	0	2	0	0	0	1	1	0	3
chr9	42478673	42478761	89	8	0	89	56	33	4	3	2	5	3	1	5	5	4	3	3	3	3	2	4	5	4	0	0	5	2	0	0	2	4	1	0	1	5	2	0	6
chr9	42478814	42478843	30	6	0	30	13	17	1	1	1	0	0	0	5	2	2	0	1	0	0	0	0	0	1	0	0	0	2	0	0	0	4	0	0	5	0	1	0	2
chr9	42478844	42478892	49	8	0	49	19	30	0	1	0	1	0	2	5	3	2	1	1	1	0	1	0	1	2	1	1	1	4	4	1	0	2	4	1	2	2	0	0	3
chr9	42479146	42479173	28	8	0	28	19	9	2	1	2	1	1	0	1	1	1	0	0	1	2	1	1	3	1	0	0	1	0	0	0	2	0	1	0	1	2	0	0	0
chr9	42479266	42479470	205	8	0	205	102	103	9	8	7	3	7	6	11	8	6	3	12	2	5	5	3	5	6	11	3	3	13	5	1	10	6	9	1	12	7	4	3	9
chr9	42479691	42479711	21	10	0	21	14	7	4	0	1	2	1	1	1	0	2	0	0	1	0	0	0	0	1	0	0	0	0	0	0	1	0	1	0	0	2	0	0	1
chr9	42479712	42479826	115	8	0	115	89	26	11	2	3	14	3	1	2	7	3	1	0	2	13	10	4	11	8	1	0	5	2	0	0	2	1	1	0	0	2	2	0	2
chr9	42479914	42480016	103	8	0	103	75	28	7	3	2	10	1	2	2	5	4	0	4	6	10	0	6	12	1	0	0	4	2	0	0	1	1	2	0	2	6	1	0	7
chr9	42480142	42480234	93	8	0	93	47	46	2	2	1	8	5	3	4	2	3	2	2	2	3	1	4	2	2	3	1	1	5	3	2	5	4	5	0	5	4	4	1	0
chr9	42480235	42480309	75	10	0	75	43	32	2	2	0	7	3	0	3	3	3	3	2	2	3	2	3	4	3	1	1	2	2	2	2	2	2	1	0	3	3	4	2	1
chr9	42480448	42480517	70	6	0	70	46	24	10	2	2	4	2	1	3	1	1	0	0	5	4	0	4	6	1	1	0	1	2	1	0	4	1	4	0	2	3	1	0	2
chr9	42480518	42480529	12	8	0	12	8	4	1	0	1	0	0	0	0	1	0	0	0	0	1	1	0	1	1	0	0	0	0	0	0	1	1	1	0	0	0	0	0	0
chr9	42480530	42480598	69	10	0	69	42	27	4	0	2	5	3	1	2	7	0	2	3	2	3	1	0	6	1	1	0	2	2	3	0	2	5	1	0	2	4	2	0	1
chr9	42480771	42480795	25	10	0	25	18	7	4	1	0	3	1	1	1	1	2	0	1	0	1	0	0	1	1	1	0	0	1	0	0	0	0	0	0	0	1	0	0	2
chr9	42480964	42481022	59	8	0	59	39	20	9	1	2	4	4	2	1	2	4	0	1	2	0	1	1	4	2	2	0	0	3	2	0	1	0	1	0	1	4	0	0	3
chr9	42481362	42481403	42	8	0	42	27	15	3	0	1	2	0	3	0	6	1	0	0	4	1	1	2	2	1	0	0	2	2	0	0	0	3	1	0	0	3	1	0	1
chr9	42481836	42481873	38	8	0	38	30	8	8	0	3	4	2	0	0	2	4	1	0	0	2	0	0	2	1	0	0	0	1	0	0	0	0	0	0	0	2	1	0	3
chr9	42481996	42482045	50	10	0	50	27	23	0	0	1	2	1	4	1	4	2	0	1	4	1	0	5	0	1	0	0	3	2	0	0	2	3	2	0	2	4	2	0	1
chr9	42482121	42482160	40	8	0	40	24	16	4	4	1	1	0	0	1	1	2	0	3	0	3	0	3	0	0	4	0	0	2	0	0	2	0	1	0	1	0	0	0	5
chr9	42482333	42482357	25	6	0	25	14	11	1	0	2	0	1	1	1	0	0	1	0	0	1	3	2	0	3	1	0	1	1	0	0	1	0	1	0	1	0	0	0	1
chr9	42482366	42482412	47	10	0	47	29	18	3	1	3	1	2	2	1	2	2	0	1	2	1	3	1	2	3	1	0	2	1	0	0	4	0	2	0	0	3	2	0	0
chr9	42482465	42482497	33	10	0	33	17	16	2	1	2	1	0	0	1	0	3	0	2	0	2	0	1	1	0	0	1	0	1	2	0	4	0	1	0	1	0	4	0	1
chr9	42482549	42482607	59	8	0	59	34	25	3	3	2	2	2	1	1	5	3	0	2	1	2	2	2	2	2	4	0	0	3	2	0	3	1	1	0	2	2	1	0	3
chr9	42482721	42482775	55	8	0	55	35	20	0	1	1	5	2	0	2	5	1	2	1	3	5	0	1	4	2	0	0	1	5	1	0	0	0	2	0	2	2	3	0	2
chr9	42482826	42482870	45	8	0	45	32	13	3	2	1	5	2	0	1	2	3	0	3	0	3	2	1	3	3	0	0	1	1	0	0	1	0	0	0	0	0	2	0	4
chr9	42482871	42482939	69	6	0	69	43	26	3	1	3	4	4	2	2	3	2	1	1	5	2	0	2	8	2	2	0	0	1	2	0	2	3	1	0	2	5	1	0	3
chr9	42483673	42483741	69	6	0	69	28	41	1	2	1	1	1	5	5	1	2	1	2	2	1	1	2	0	2	3	1	2	5	4	1	4	2	5	1	2	2	2	1	2
chr9	42483851	42483915	65	10	0	65	27	38	0	2	1	2	3	1	6	1	2	0	7	1	0	0	0	0	0	2	0	1	2	2	0	6	6	4	0	4	4	3	0	3
chr9	42484200	42484231	32	8	0	32	25	7	9	0	2	2	0	0	0	1	1	0	1	0	4	1	2	1	0	0	0	1	0	0	0	1	0	1	0	1	0	0	0	2
chr9	42484341	42484370	30	10	0	30	17	13	0	1	1	2	0	1	1	2	2	0	1	2	2	0	0	2	0	1	0	1	1	2	0	1	2	0	0	0	1	1	0	1
chr9	42484486	42484495	10	6	0	10	9	1	5	1	0	0	1	0	0	0	0	0	0	0	0	0	0	0	1	0	0	0	0	0	0	0	0	0	0	0	0	0	0	0
chr9	42484496	42484558	63	8	0	63	52	11	16	2	3	8	0	0	1	2	5	0	1	0	8	1	1	4	0	0	1	2	0	0	0	0	0	0	0	0	3	0	0	3
chr9	42485399	42485507	109	8	0	109	79	30	26	2	8	7	4	3	3	2	5	3	3	1	8	2	0	2	5	2	0	3	2	0	0	2	1	1	0	0	3	1	0	8
chr9	42485508	42485541	34	6	0	34	19	15	0	0	2	1	1	0	3	1	0	5	1	0	2	2	0	0	3	1	0	3	1	0	0	0	0	0	0	0	0	0	2	4
chr9	42485773	42485819	47	6	0	47	29	18	0	1	0	3	1	2	1	6	1	1	2	2	2	3	2	1	5	1	0	1	2	0	0	0	0	1	0	1	3	0	0	3
chr9	42486341	42486407	67	10	0	67	37	30	3	1	1	3	3	1	4	0	1	4	7	1	1	3	1	2	2	3	0	3	4	1	0	3	0	0	0	0	2	4	0	7
chr9	42486408	42486442	35	8	0	35	23	12	5	1	1	3	3	3	1	0	3	0	1	1	0	0	0	0	3	0	0	1	0	0	0	0	1	0	0	1	3	1	0	1
chr9	42486559	42486582	24	10	0	24	16	8	4	0	1	2	2	0	1	1	0	1	0	1	1	0	0	1	1	0	0	0	1	0	0	1	0	1	0	1	1	1	0	0
chr9	42486583	42486634	52	8	0	52	24	28	1	0	2	1	1	4	4	0	2	0	2	1	1	0	1	2	1	0	1	3	4	2	0	2	2	4	1	3	2	2	0	1
chr9	42486816	42486908	93	6	0	93	52	41	16	0	1	4	2	3	5	2	2	3	4	3	2	0	3	1	1	1	0	4	4	3	0	3	3	3	4	2	4	3	1	4
chr9	42486910	42486940	31	10	0	31	19	12	3	1	0	2	1	2	0	1	1	1	1	0	1	0	2	1	0	2	0	2	2	0	0	1	1	0	0	1	1	1	0	1
chr9	42487049	42487074	26	8	0	26	11	15	0	0	1	0	0	1	2	1	1	0	4	1	0	0	0	0	0	0	0	1	2	0	0	1	1	0	0	2	1	2	0	3
chr9	42487148	42487219	72	6	0	72	22	50	0	3	0	1	2	1	3	1	1	2	5	0	1	0	1	0	1	4	0	1	4	18	1	7	2	3	0	0	1	5	1	1
chr9	42487221	42487277	57	10	0	57	36	21	6	2	2	4	0	0	3	0	4	1	1	1	4	1	4	3	0	2	0	2	2	2	0	4	0	0	0	0	1	3	0	3
chr9	42487716	42487745	30	8	0	30	19	11	6	3	2	0	2	0	1	0	3	0	2	0	0	0	0	0	2	0	0	1	0	1	0	1	0	0	0	0	1	1	0	2
chr9	42487746	42487769	24	6	0	24	11	13	0	0	0	2	2	0	2	2	0	1	0	1	0	0	0	0	0	1	0	0	3	1	0	1	2	1	0	1	0	2	0	0
chr9	42487951	42487991	41	8	0	41	17	24	1	0	1	1	1	3	2	0	1	1	3	0	0	1	0	1	2	2	0	2	2	3	1	2	1	1	0	2	1	3	1	0
chr9	42488125	42488181	57	6	0	57	38	19	2	2	2	5	3	1	1	3	3	0	3	0	3	2	1	5	1	1	0	3	3	1	0	0	2	1	0	1	2	1	0	3
chr9	42488182	42488219	38	8	0	38	26	12	6	0	3	5	3	0	0	3	3	1	0	0	2	0	0	0	1	0	0	0	0	0	0	1	3	1	0	1	2	0	0	1
chr9	42488220	42488249	30	6	0	30	23	7	0	2	1	3	1	0	1	2	1	0	0	1	3	1	0	6	2	0	0	1	0	0	0	0	1	0	0	1	1	0	0	0
chr9	42488933	42488976	44	6	0	44	28	16	3	3	0	4	4	2	2	0	1	0	0	1	2	0	1	5	3	1	0	1	2	1	0	0	2	1	0	1	0	0	1	1
chr9	42489071	42489105	35	10	0	35	27	8	5	2	3	2	0	0	0	0	4	0	1	0	3	1	3	2	0	0	0	2	0	0	0	0	0	0	0	0	0	0	0	5
chr9	42489237	42489305	69	8	0	69	32	37	2	1	2	1	1	3	4	0	1	3	8	1	2	0	1	1	0	2	2	3	3	2	2	2	2	4	0	2	3	1	0	8
chr9	42489449	42489478	30	8	0	30	21	9	2	0	0	4	2	0	1	1	0	0	2	1	2	2	0	4	0	0	0	2	1	0	0	0	2	0	0	0	1	1	0	0
chr9	42489479	42489549	71	10	0	71	33	38	1	1	1	2	3	4	7	2	1	4	1	1	0	1	1	2	4	4	0	2	5	3	0	3	4	2	0	4	3	2	0	1
chr9	42489550	42489572	23	8	0	23	13	10	2	0	2	1	1	0	0	0	1	0	1	1	1	0	1	0	0	0	0	0	1	1	0	2	0	2	0	0	0	1	0	3
chr9	42489573	42489600	28	6	0	28	14	14	2	1	1	0	3	0	2	1	0	0	2	1	0	0	0	0	0	0	0	1	2	0	0	1	3	3	0	0	1	0	0	2
chr9	42489835	42489853	19	6	0	19	5	14	0	0	0	0	0	0	1	0	0	0	4	0	0	0	0	0	0	0	0	0	0	2	0	4	0	2	0	0	1	2	0	1
chr9	42489854	42489884	31	8	0	31	11	20	0	1	0	0	0	0	2	1	0	0	2	1	1	0	1	0	1	0	0	0	2	2	1	3	1	4	1	2	1	2	0	0
chr9	42490030	42490057	28	8	0	28	15	13	1	0	0	4	2	0	2	0	1	1	0	1	1	0	0	1	0	1	0	0	2	1	1	0	2	1	1	0	0	1	0	2
chr9	42490261	42490284	24	10	0	24	11	13	0	0	1	0	0	0	3	1	1	0	4	1	0	0	0	0	0	0	0	0	0	0	0	1	0	0	0	4	4	0	0	2
chr9	42490285	42490435	151	8	0	151	78	73	7	2	6	5	3	5	8	11	8	5	6	6	2	0	1	1	6	4	0	3	8	5	1	9	5	4	1	2	8	10	0	7
chr9	42490436	42490506	71	10	0	71	37	34	0	3	3	0	2	2	5	6	4	2	5	1	1	0	1	0	2	1	1	3	2	0	0	1	7	0	1	4	4	2	0	6
chr9	42490507	42490578	72	8	0	72	38	34	5	2	5	2	1	1	2	0	5	0	2	3	3	2	2	1	1	2	1	1	3	2	1	5	1	4	2	1	1	3	2	4
chr9	42490579	42490593	15	6	0	15	7	8	0	0	0	0	0	2	1	0	0	0	0	1	0	0	1	1	0	1	0	2	2	1	0	0	0	0	0	0	0	1	0	0
chr9	42490695	42490756	62	6	0	62	34	28	3	2	1	4	0	2	2	5	3	2	2	0	4	0	2	1	1	4	0	1	4	4	0	2	2	0	1	1	1	2	1	3
chr9	42490757	42490785	29	8	0	29	18	11	3	2	2	1	0	0	1	0	1	1	0	0	3	1	1	1	0	1	0	2	0	1	1	1	1	0	1	0	0	1	0	1
chr9	42490786	42490869	84	6	0	84	47	37	7	4	4	2	2	3	2	1	3	1	6	1	5	2	3	0	2	3	0	4	2	4	0	6	2	1	0	1	2	4	0	5
chr9	42490870	42490901	32	8	0	32	22	10	7	1	1	2	1	0	1	1	2	0	0	1	1	0	1	2	0	2	0	0	2	0	0	1	1	0	0	0	0	1	0	2
chr9	42490902	42490979	78	6	0	78	51	27	6	0	3	9	3	1	3	4	6	0	2	4	3	0	3	3	1	0	0	0	2	0	0	2	1	3	0	6	7	1	0	3
chr9	42490980	42491062	83	8	0	83	46	37	2	4	1	0	2	19	2	1	2	1	1	1	1	4	3	2	20	3	0	3	2	0	0	2	0	0	0	0	2	1	0	2
chr9	42491063	42491121	59	8	0	59	33	26	2	2	3	4	7	1	3	0	0	2	1	2	2	1	3	0	2	0	0	4	2	0	0	1	6	0	0	4	0	3	1	1
chr9	42491122	42491679	558	6	0	558	298	260	35	9	33	17	20	20	30	11	29	11	26	11	10	10	15	11	16	19	2	13	25	14	1	25	19	11	3	33	21	21	3	32
chr9	42491680	42491744	65	8	0	65	38	27	3	1	1	4	2	4	2	3	2	2	0	0	2	5	3	3	4	4	0	4	4	2	0	2	1	1	0	0	2	1	1	0
chr9	42491745	42491948	204	6	0	204	148	56	15	4	7	17	4	4	5	12	4	3	2	10	19	7	9	25	6	2	2	8	2	1	0	3	6	1	0	5	11	2	0	6
chr9	42491949	42491998	50	8	0	50	28	22	3	0	4	2	1	2	2	3	4	0	3	0	1	1	1	1	1	1	0	1	3	0	0	1	2	0	0	4	2	2	0	3
chr9	42491999	42493062	1064	6	0	1064	585	479	67	35	40	36	41	27	42	50	41	21	41	35	30	22	21	35	34	34	9	28	47	33	11	43	33	30	14	25	46	37	6	48
chr9	42493063	42493118	56	8	0	56	19	37	0	0	0	2	0	2	3	0	0	1	3	0	1	2	3	0	1	1	1	2	3	5	5	2	0	7	1	4	1	2	1	1
chr9	42493119	42493229	111	6	0	111	49	62	15	1	1	1	2	5	6	2	2	2	8	3	0	0	0	0	2	2	0	4	6	5	4	3	4	6	6	4	2	5	4	4
chr9	42493231	42493256	26	8	0	26	15	11	1	0	2	1	1	1	0	2	2	0	0	1	0	4	0	0	4	1	0	0	0	0	1	1	0	0	0	0	0	0	1	1
chr9	42493257	42493518	262	6	0	262	161	101	31	10	12	12	13	6	13	5	13	5	10	2	9	6	6	7	8	7	0	12	12	0	0	8	8	5	1	10	9	8	1	11
chr9	42493519	42493580	62	8	0	62	29	33	1	1	2	1	1	2	3	3	2	2	3	1	1	1	2	1	2	1	2	1	1	4	2	3	3	3	0	2	3	2	0	4
chr9	42493581	42493811	231	6	0	231	126	105	14	10	9	9	11	9	13	7	11	3	10	3	7	2	6	1	7	4	2	11	11	3	0	9	9	9	2	10	12	7	0	8
chr9	42493812	42493854	43	8	0	43	24	19	4	0	3	1	2	0	1	1	2	0	4	2	0	2	0	2	1	0	0	1	2	2	0	2	0	1	0	1	1	3	0	3
chr9	42493855	42494739	885	6	0	885	608	277	94	25	32	65	31	16	31	52	42	15	13	24	49	33	21	63	48	13	3	25	17	5	1	21	20	10	0	20	45	16	2	31
chr9	42494740	42494791	52	8	0	52	43	9	4	0	3	6	0	0	1	3	1	0	1	4	7	3	0	8	1	0	0	2	0	0	0	0	0	0	0	0	3	0	0	3
chr9	42494792	42495189	398	6	0	398	297	101	56	11	19	40	16	7	7	11	17	3	4	12	39	14	12	27	16	5	0	14	11	6	0	1	4	1	0	7	10	6	0	20
chr9	42495190	42495241	52	8	0	52	31	21	14	0	0	0	1	3	3	0	0	3	4	0	0	1	0	0	2	2	0	3	2	1	1	1	0	1	0	1	3	1	1	2
chr9	42495242	42501461	6220	6	0	6220	3802	2418	550	224	281	309	265	171	223	276	261	101	157	150	288	172	137	237	275	155	37	201	243	115	24	177	196	127	24	173	219	162	41	247
chr9	42501462	42501732	271	8	0	271	179	92	19	12	10	21	12	6	6	18	14	3	6	8	17	3	7	17	12	5	0	6	8	3	0	7	11	4	0	3	11	7	0	13
chr9	42501733	42501862	130	6	0	130	66	64	6	6	3	1	4	7	8	5	7	3	5	4	0	1	5	0	10	3	1	3	3	7	0	7	5	3	0	2	5	4	1	9
chr9	42501863	42501926	64	8	0	64	32	32	2	2	3	1	2	2	7	2	1	1	0	3	3	0	1	2	2	0	0	3	3	2	0	1	4	3	0	7	3	2	0	0
chr9	42501927	42502067	141	6	0	141	69	72	4	5	3	2	4	2	12	5	4	5	7	2	3	3	4	2	1	4	1	9	11	4	1	5	5	7	0	6	6	6	0	6
chr9	42502068	42502119	52	8	0	52	38	14	4	3	1	8	3	0	1	3	3	0	0	0	6	3	2	1	3	0	0	2	1	0	0	1	1	1	0	0	2	1	0	0
chr9	42502120	42502134	15	6	0	15	10	5	1	0	1	0	0	0	0	1	1	0	1	0	1	1	1	1	0	0	0	1	0	0	0	0	1	0	0	1	0	0	0	1
chr9	42502135	42502215	81	8	0	81	52	29	7	0	3	6	4	0	4	4	3	1	2	3	2	4	1	7	2	1	0	2	1	1	0	2	7	2	0	1	3	0	1	5
chr9	42502216	42505526	3311	6	0	3311	1878	1433	237	99	118	160	115	94	153	104	123	49	112	83	139	59	73	159	112	84	14	91	137	126	24	136	104	99	24	113	113	114	25	116
chr9	42505595	42505647	53	6	0	53	34	19	3	2	0	3	2	4	3	4	1	1	0	3	2	1	2	2	7	0	0	1	1	0	0	0	3	0	0	1	1	1	0	3
chr9	42505705	42505760	56	6	0	56	34	22	1	2	1	6	2	1	2	5	3	1	1	0	4	1	2	1	3	1	0	1	3	0	0	1	3	2	0	2	2	1	0	2
chr9	42505997	42506061	65	6	0	65	40	25	7	3	3	4	2	2	2	2	5	1	2	1	3	1	1	1	3	4	0	0	2	1	0	3	0	1	0	1	3	0	1	4
chr9	42506154	42506431	278	6	0	278	184	94	21	12	11	25	21	2	7	8	6	7	7	9	21	3	2	22	11	5	2	6	13	6	0	6	3	5	1	5	9	9	1	10
chr9	42506498	42506542	45	6	0	45	31	14	3	1	2	2	2	1	2	2	2	1	0	4	1	1	1	4	2	1	0	1	1	0	0	0	2	0	0	0	3	0	0	4
chr9	42506723	42506932	210	6	0	210	131	79	26	6	13	8	7	6	6	5	8	0	6	10	11	6	2	9	8	3	0	7	7	4	4	4	4	7	3	4	5	5	1	13
chr9	42507125	42507169	45	6	0	45	29	16	7	1	2	0	1	0	2	1	2	2	6	1	1	1	0	0	2	0	0	2	1	0	0	0	0	0	0	0	2	1	0	8
chr9	42507313	42507363	51	6	0	51	27	24	0	1	3	0	1	3	3	1	2	1	1	4	2	1	0	3	1	2	1	2	3	2	0	1	1	0	0	2	3	2	1	2
chr9	42507543	42507726	184	6	0	184	116	68	13	5	7	9	8	6	9	7	7	5	4	2	6	6	3	18	12	4	1	5	5	1	1	4	7	3	0	6	6	4	0	8
chr9	42507918	42508042	125	6	0	125	80	45	15	3	4	8	4	4	7	4	9	3	6	2	2	2	1	5	8	1	0	3	3	2	0	3	3	0	0	1	4	5	0	11
chr9	42508160	42508196	37	6	0	37	22	15	1	1	2	2	1	1	2	0	1	0	0	1	3	2	2	1	1	2	0	1	1	1	0	2	1	1	0	2	2	0	0	1
chr9	42508252	42508332	81	6	0	81	43	38	3	3	4	3	5	2	4	0	3	1	4	3	2	2	2	2	3	2	0	3	2	2	0	5	3	2	0	3	3	5	0	3
chr9	42508417	42508453	37	6	0	37	17	20	3	2	0	0	1	1	4	0	1	0	2	0	0	0	2	0	2	1	0	1	0	1	0	4	4	2	0	2	0	1	0	1
chr9	42508751	42508831	81	6	0	81	46	35	4	4	2	4	2	4	3	1	3	3	2	4	5	0	4	1	2	3	1	4	4	0	1	2	1	1	0	2	3	4	2	3
chr9	42508952	42509046	95	6	0	95	57	38	12	3	0	6	5	3	5	5	1	2	3	4	3	1	1	3	6	1	0	2	3	1	1	3	4	2	1	2	4	4	0	2
chr9	42509167	42509329	163	6	0	163	72	91	9	5	4	3	8	9	9	3	4	3	7	2	0	2	4	0	4	5	3	7	7	3	4	8	12	9	5	6	6	5	2	3
chr9	42509390	42509479	90	6	0	90	39	51	2	2	3	1	5	5	2	4	0	2	5	5	1	1	0	0	4	3	1	2	4	4	4	4	2	7	2	1	6	2	1	3
chr9	42509606	42509654	49	6	0	49	34	15	4	3	2	3	1	1	2	0	2	0	1	3	5	2	1	4	2	1	1	1	0	0	0	2	0	0	0	0	2	0	1	3
chr9	42509734	42509789	56	6	0	56	34	22	5	2	3	1	1	0	2	5	4	2	4	1	1	1	1	1	3	0	0	2	1	0	0	2	0	0	0	1	4	3	0	4
chr9	42510140	42510169	30	6	0	30	17	13	0	0	2	1	1	1	1	3	0	2	0	1	1	1	1	1	1	2	0	1	0	0	0	2	3	0	0	0	2	0	0	1
chr9	42510367	42510411	45	6	0	45	26	19	7	2	2	1	2	3	3	0	0	0	1	1	3	1	0	0	3	1	0	2	1	1	0	1	3	2	0	1	1	0	0	1
chr9	42510489	42510546	58	6	0	58	43	15	7	1	3	5	3	0	0	4	0	1	1	3	6	3	1	4	2	0	1	3	1	0	0	0	1	0	0	1	3	1	1	0
chr9	42510784	42510813	30	6	0	30	19	11	4	2	0	0	2	2	1	1	0	1	2	0	0	1	2	1	3	0	0	3	0	0	0	0	0	0	0	0	1	0	0	2
chr9	42511506	42511577	72	6	0	72	49	23	10	2	3	6	1	1	4	1	6	1	1	0	5	2	2	3	3	2	0	1	1	2	0	2	2	0	0	2	1	1	0	5
chr9	42511628	42511662	35	6	0	35	25	10	1	1	2	2	3	0	0	3	0	0	1	3	2	0	1	5	1	0	0	0	0	0	0	0	2	0	0	2	3	0	0	1
chr9	42511719	42511948	230	6	0	230	162	68	25	9	12	13	13	4	7	11	4	5	2	5	18	4	4	24	13	3	0	6	5	1	0	2	11	3	0	8	6	1	0	9
chr9	42512165	42512190	26	6	0	26	19	7	4	0	1	3	1	0	0	3	2	0	0	2	1	0	0	1	0	0	0	0	1	0	0	0	0	1	0	1	3	0	0	0
chr9	42512443	42512479	37	6	0	37	21	16	2	1	1	2	2	2	0	1	0	1	1	3	2	0	0	2	3	1	1	0	2	1	0	0	0	1	1	0	0	1	2	2
chr9	42512571	42512611	41	6	0	41	18	23	0	0	1	0	0	1	4	1	1	2	2	5	0	0	0	0	0	1	1	1	2	0	0	3	1	2	0	1	2	2	3	3
chr9	42512733	42512861	129	6	0	129	69	60	2	0	0	9	3	5	8	8	1	7	6	3	5	3	4	4	5	1	1	8	3	1	2	2	9	5	2	2	7	2	3	6
chr9	42512993	42513123	131	6	0	131	73	58	7	4	5	6	3	5	9	1	8	2	4	4	4	3	5	1	7	2	1	4	2	4	1	5	4	2	1	7	5	4	1	8
chr9	42513240	42513420	181	6	0	181	116	65	17	8	6	9	6	6	6	9	6	6	4	2	11	4	8	6	11	6	0	7	6	3	0	4	3	1	0	6	8	3	0	7
chr9	42513928	42513976	49	6	0	49	18	31	0	2	0	0	1	5	5	0	2	0	1	0	0	0	0	0	2	2	0	3	7	3	0	3	2	6	0	0	1	2	0	0
chr9	42514169	42514247	79	6	0	79	52	27	4	4	0	4	4	6	5	4	1	1	0	5	3	2	0	7	10	1	0	4	3	0	0	0	1	1	0	0	5	1	0	1
chr9	42514539	42514656	118	6	0	118	83	35	4	4	3	14	5	1	1	5	2	1	3	5	14	4	4	12	5	3	1	1	2	2	0	4	2	1	0	3	4	2	1	3
chr9	42514771	42514837	67	6	0	67	34	33	3	3	2	3	3	3	4	2	4	0	2	2	0	0	1	1	4	1	0	1	2	4	0	6	4	1	0	1	2	5	0	1
chr9	42514895	42514958	64	6	0	64	40	24	12	1	5	1	0	1	1	4	4	1	1	3	3	0	2	0	1	1	0	1	2	1	1	1	1	2	1	2	2	1	2	4
chr9	42515102	42515238	137	6	0	137	84	53	11	5	7	5	7	6	5	4	4	3	2	3	6	5	2	8	8	5	0	6	8	3	0	3	2	3	0	2	4	3	0	5
chr9	42515305	42515330	26	6	0	26	15	11	0	3	1	0	2	0	0	1	0	1	1	0	2	1	2	1	1	1	0	2	1	1	0	1	0	0	0	0	1	1	0	0
chr9	42515501	42515811	311	9	0	311	199	112	23	9	16	24	18	7	9	14	17	7	9	4	15	3	6	16	12	3	0	11	8	4	1	8	13	7	0	8	16	7	1	13
chr9	42515813	42516010	198	9	0	198	124	74	17	9	10	11	9	1	8	5	11	6	7	3	10	3	6	7	10	6	0	3	5	5	0	10	2	1	0	3	5	8	0	15
chr9	42516019	42516126	108	9	0	108	92	16	12	3	5	15	3	1	0	5	6	0	2	1	14	1	0	22	3	0	0	2	0	0	0	0	2	0	0	0	4	0	0	5
chr9	42516127	42516152	26	6	0	26	21	5	2	1	0	2	1	0	0	2	0	0	1	0	2	1	0	8	2	0	0	0	0	0	0	0	0	0	0	1	1	0	0	0
chr9	42516153	42516397	245	9	0	245	157	88	16	4	11	19	6	10	6	15	17	3	6	9	12	5	4	13	11	3	4	3	5	0	2	6	9	3	1	5	12	7	3	13
chr9	42516398	42516426	29	6	0	29	17	12	3	0	1	2	1	0	0	0	0	1	3	0	2	2	0	0	1	1	0	2	0	1	1	1	0	0	0	0	0	1	3	1
chr9	42516427	42516582	156	9	0	156	83	73	11	5	8	4	3	3	8	11	9	2	7	3	6	0	0	2	4	1	0	5	6	9	0	8	6	6	0	6	9	7	1	4
chr9	42516583	42516673	91	6	0	91	47	44	0	4	2	4	2	5	3	5	5	2	5	1	3	2	1	2	4	3	1	5	5	5	1	2	2	0	0	2	5	5	1	2
chr9	42516674	42516874	201	9	0	201	134	67	26	5	10	11	7	4	7	8	8	4	3	10	11	0	2	17	5	5	0	3	10	6	0	2	3	2	0	5	9	5	0	11
chr9	42516875	42516956	82	6	0	82	55	27	9	4	3	6	5	2	2	4	3	3	2	1	5	0	3	2	5	1	0	3	1	1	0	2	2	0	0	2	5	1	0	3
chr9	42516957	42517013	57	9	0	57	28	29	3	0	2	2	4	3	4	1	0	4	2	1	0	0	0	0	1	2	0	4	5	0	0	1	2	3	0	3	4	1	2	1
chr9	42517014	42517149	136	6	0	136	72	64	5	4	4	5	6	5	12	5	5	5	0	3	3	4	4	1	8	6	0	4	4	4	0	8	9	2	0	5	6	4	0	3
chr9	42517150	42517224	75	9	0	75	42	33	10	3	2	2	2	3	4	2	3	1	3	1	2	0	1	1	2	3	0	2	3	2	0	5	3	3	0	2	4	2	0	2
chr9	42517234	42517470	237	9	0	237	157	80	28	7	17	13	11	7	2	12	16	2	6	3	10	7	5	10	12	5	0	6	5	4	0	8	5	1	0	6	10	7	0	10
chr9	42517471	42517511	41	6	0	41	22	19	0	1	3	1	1	0	3	2	1	2	1	1	2	0	0	2	0	2	0	2	3	1	0	2	1	2	0	1	2	1	0	2
chr9	42517512	42517685	174	9	0	174	122	52	19	7	6	14	8	3	7	8	8	2	4	7	10	5	4	9	10	0	1	6	1	0	0	1	9	1	0	2	6	1	1	12
chr9	42517686	42517748	63	6	0	63	43	20	4	2	1	4	2	4	0	3	4	0	0	0	1	4	3	10	4	2	1	3	3	0	1	0	2	0	0	0	0	2	0	1
chr9	42517749	42517813	65	9	0	65	37	28	3	3	3	1	1	1	3	6	3	1	2	4	3	0	2	1	4	0	0	1	2	0	0	4	1	2	0	3	4	4	0	1
chr9	42517814	42517910	97	6	0	97	53	44	5	6	2	1	2	4	2	6	5	1	4	3	2	4	2	4	7	2	2	4	3	5	1	2	1	2	1	0	3	3	2	4
chr9	42517911	42517999	89	9	0	89	52	37	6	2	2	5	2	3	2	1	2	0	6	2	5	5	3	4	1	5	0	4	3	5	0	7	0	1	0	1	4	4	0	2
chr9	42518000	42518047	48	6	0	48	28	20	3	5	0	0	3	1	1	1	0	1	0	0	2	3	2	5	4	3	2	0	0	2	0	3	2	0	2	0	1	0	0	0
chr9	42518048	42518107	60	9	0	60	48	12	9	3	2	4	2	1	0	3	0	0	0	0	7	1	1	15	1	1	0	3	2	1	0	0	1	1	0	0	0	0	0	0
chr9	42518128	42518199	72	9	0	72	52	20	5	1	0	7	2	1	0	10	3	0	0	4	4	3	2	9	3	1	1	0	0	1	1	0	6	0	0	0	4	0	0	2
chr9	42518200	42518250	51	6	0	51	20	31	2	1	1	0	1	3	4	0	1	0	3	4	0	0	0	0	0	2	1	1	3	3	1	4	2	3	0	1	2	2	2	2
chr9	42518251	42518303	53	9	0	53	32	21	4	2	0	1	0	2	3	1	1	1	1	4	2	2	2	4	4	2	0	1	2	1	0	2	0	1	0	1	1	1	2	3
chr9	42518304	42518334	31	6	0	31	15	16	6	0	0	1	1	2	1	2	0	0	0	0	0	0	1	1	0	2	0	0	4	1	0	1	1	3	1	1	0	0	0	0
chr9	42518335	42518392	58	8	0	58	25	33	0	2	2	0	2	0	5	0	2	1	5	0	0	3	3	0	1	2	0	3	2	2	0	6	1	2	0	4	3	4	0	1
chr9	42518393	42518460	68	6	0	68	27	41	0	1	0	0	1	5	6	1	0	2	8	3	0	0	0	0	1	2	0	5	4	1	0	2	4	2	3	3	4	3	1	4
chr9	42518461	42518521	61	9	0	61	46	15	28	3	1	2	3	0	2	1	1	2	0	1	0	0	0	0	3	1	1	0	2	1	0	1	1	1	0	0	0	1	1	2
chr9	42518522	42518600	79	6	0	79	53	26	9	2	5	2	3	1	2	1	2	3	0	1	4	3	5	10	1	4	0	3	2	0	0	4	1	1	0	2	2	1	0	3
chr9	42518601	42518661	61	9	0	61	42	19	5	2	2	2	0	0	1	6	1	1	4	2	5	1	2	6	3	0	0	1	1	0	0	1	0	1	0	3	4	1	0	4
chr9	42518662	42518702	41	6	0	41	30	11	3	3	0	3	1	0	1	4	2	0	1	1	3	2	0	5	3	2	0	0	0	0	0	1	0	0	0	0	3	0	0	1
chr9	42518703	42518763	61	9	0	61	37	24	4	3	2	0	2	1	3	2	2	0	1	1	3	4	4	3	3	3	1	1	2	0	0	2	3	0	1	4	0	1	0	3
chr9	42518789	42518847	59	9	0	59	44	15	7	4	1	6	2	0	2	0	2	0	1	0	8	2	4	4	2	1	0	3	2	1	0	0	0	0	0	2	0	1	0	2
chr9	42518848	42519072	225	6	0	225	131	94	14	8	9	14	11	10	8	11	11	6	6	5	9	2	2	4	17	1	1	7	6	10	1	6	9	2	1	4	8	10	2	8
chr9	42519073	42519161	89	9	0	89	57	32	15	4	4	3	5	1	3	2	6	1	8	3	0	0	2	0	4	1	0	1	1	0	0	2	0	0	0	3	6	1	0	11
chr9	42519162	42519209	48	6	0	48	31	17	5	3	4	2	4	0	1	2	2	2	1	1	3	0	0	1	3	1	0	0	1	1	0	1	0	0	0	2	2	1	0	3
chr9	42519210	42519267	58	9	0	58	38	20	6	2	6	0	3	2	1	4	5	2	0	1	1	0	0	3	1	1	1	3	1	0	0	0	3	0	0	1	5	0	1	3
chr9	42519268	42519341	74	6	0	74	56	18	9	4	2	10	3	0	2	1	5	0	1	1	8	1	2	5	1	4	0	1	3	1	0	1	0	0	0	0	2	0	0	5
chr9	42519342	42519727	386	9	0	386	203	183	20	13	16	14	25	19	19	12	10	12	15	10	8	4	4	2	18	16	0	14	23	13	1	14	15	11	0	10	18	11	1	16
chr9	42519730	42519823	94	9	0	94	64	30	10	5	5	5	5	2	1	5	4	1	1	2	7	4	2	3	4	3	0	5	6	0	0	2	0	1	0	1	3	4	0	1
chr9	42519824	42519859	36	6	0	36	20	16	2	1	1	1	2	3	0	3	1	1	1	0	0	1	1	2	2	3	0	1	2	0	0	1	0	1	0	1	3	0	0	0
chr9	42519860	42519933	74	9	0	74	46	28	5	2	5	6	5	5	0	2	5	2	2	1	3	1	1	1	4	2	0	3	2	3	0	2	0	0	0	0	6	2	0	2
chr9	42519934	42520176	243	6	0	243	150	93	28	10	10	11	13	8	6	10	10	9	5	9	7	2	7	4	14	7	1	7	8	5	3	5	3	4	0	2	12	5	2	14
chr9	42520177	42520256	80	9	0	80	33	47	1	0	2	1	2	4	8	0	0	3	5	3	1	1	0	0	1	4	0	3	7	2	0	8	2	6	0	2	5	5	0	2
chr9	42520257	42520322	66	6	0	66	37	29	7	1	0	5	2	4	1	5	1	1	1	3	3	0	2	1	3	3	0	0	4	2	2	1	4	2	0	1	1	2	0	2
chr9	42520323	42520418	96	9	0	96	45	51	3	3	2	2	3	6	7	1	3	0	6	4	1	1	1	0	1	5	0	4	6	2	1	5	4	3	1	6	6	4	2	1
chr9	42520419	42520536	118	6	0	118	84	34	11	3	4	14	3	1	2	7	5	1	3	0	13	6	4	7	5	3	0	3	3	0	0	3	2	3	0	1	3	1	0	5
chr9	42520537	42520785	249	9	0	249	149	100	10	9	11	13	8	11	12	4	16	4	10	6	9	6	9	9	10	6	1	13	10	5	1	5	7	2	0	3	8	8	0	21
chr9	42520786	42521179	394	6	0	394	202	192	12	7	13	12	10	19	19	18	15	9	19	8	6	11	17	6	20	14	1	11	20	12	2	16	13	8	2	21	13	16	2	20
chr9	42521180	42521241	62	9	0	62	31	31	2	0	4	1	2	2	4	2	4	1	0	0	0	2	5	1	2	2	0	1	3	1	0	4	4	3	0	5	1	1	0	3
chr9	42521242	42521517	276	6	0	276	134	142	4	9	9	4	9	10	20	7	5	8	10	6	8	7	12	5	15	11	1	7	15	9	2	12	8	11	2	19	8	7	0	14
chr9	42521518	42521648	131	9	0	131	62	69	0	5	3	2	4	4	13	2	4	5	5	3	3	2	5	0	3	5	1	7	6	4	1	7	6	5	0	7	8	4	0	5
chr9	42521649	42522078	430	6	0	430	285	145	36	11	26	31	19	6	16	13	27	11	8	22	22	6	9	21	12	6	2	14	9	6	1	12	5	4	0	5	27	12	1	28
chr9	42522079	42522418	340	9	0	340	227	113	38	7	23	24	18	3	12	10	23	4	8	18	13	4	3	18	10	3	0	5	9	5	0	9	6	6	0	6	18	9	0	26
chr9	42522419	42522527	109	6	0	109	64	45	7	5	7	3	5	3	7	1	8	2	3	2	3	0	1	6	1	3	0	6	5	2	0	2	6	3	0	1	4	2	0	9
chr9	42522528	42522578	51	9	0	51	33	18	9	1	4	3	4	0	1	0	1	1	2	0	4	1	0	1	1	0	0	2	3	1	0	1	1	3	0	1	0	1	0	3
chr9	42522579	42522871	293	6	0	293	146	147	25	5	8	8	10	15	16	4	7	5	16	9	4	6	4	2	8	9	3	11	16	12	3	12	13	12	2	9	8	10	6	13
chr9	42522872	42522965	94	9	0	94	61	33	10	2	5	7	3	0	3	2	5	2	3	2	7	2	3	3	4	0	0	2	3	4	0	4	1	1	0	2	0	6	0	6
chr9	42522966	42523035	70	6	0	70	48	22	11	5	4	3	3	0	3	3	4	0	1	1	5	3	1	1	5	1	0	2	1	0	0	1	1	1	0	2	2	1	0	3
chr9	42523036	42523149	114	9	0	114	81	33	9	4	5	8	3	3	2	6	2	0	3	6	12	7	2	8	5	2	1	6	2	1	0	2	1	0	0	1	6	2	1	2
chr9	42523150	42523299	150	6	0	150	109	41	19	3	7	18	10	3	2	4	3	0	3	3	15	7	3	9	9	0	0	3	0	4	0	2	3	0	0	9	6	2	0	1
chr9	42523300	42523467	168	9	0	168	112	56	20	7	10	11	10	2	6	5	8	3	5	2	10	8	2	2	9	4	0	6	4	1	0	3	4	1	0	5	6	2	0	10
chr9	42523468	42523501	34	6	0	34	28	6	14	0	0	3	0	0	2	0	1	1	0	0	3	0	1	1	1	0	0	0	0	0	0	1	0	0	0	2	1	1	0	0
chr9	42523502	42523558	57	9	0	57	32	25	0	1	1	0	1	3	3	3	1	3	4	0	0	3	4	3	4	1	0	5	1	0	0	2	2	1	0	1	3	1	0	4
chr9	42523559	42523888	330	6	0	330	226	104	32	6	13	27	19	5	4	16	8	9	9	12	19	12	6	27	14	10	3	7	9	7	0	8	6	1	0	1	15	6	1	16
chr9	42523889	42524010	122	9	0	122	82	40	22	1	6	11	9	4	2	2	3	3	4	4	5	1	1	3	5	2	1	1	3	2	0	3	4	1	0	3	4	3	1	6
chr9	42524011	42524114	104	6	0	104	70	34	12	3	3	8	2	2	4	7	5	1	1	3	7	2	3	6	3	0	0	5	3	1	0	3	3	3	0	2	6	2	0	2
chr9	42524115	42524175	61	9	0	61	38	23	4	2	2	4	7	3	0	5	2	1	0	4	0	1	0	1	4	3	0	0	3	1	0	1	3	1	0	0	5	0	0	2
chr9	42524190	42524252	63	9	0	63	40	23	4	1	2	5	2	3	1	3	5	0	1	5	1	0	3	3	3	0	0	1	2	2	0	1	0	0	0	2	4	4	0	3
chr9	42524253	42524356	104	6	0	104	74	30	17	6	1	5	3	3	3	4	4	0	1	5	5	4	4	7	7	2	0	4	4	3	0	0	0	0	0	0	3	2	0	5
chr9	42524357	42524409	53	9	0	53	29	24	3	1	1	4	5	1	2	3	0	1	0	2	1	0	0	3	3	1	0	0	4	4	0	1	3	3	0	2	2	1	0	0
chr9	42524410	42524531	122	6	0	122	78	44	23	2	11	4	6	4	4	2	5	1	3	1	5	1	2	2	4	2	0	2	2	2	0	4	7	3	0	8	3	1	0	6
chr9	42524532	42524586	55	9	0	55	39	16	9	2	1	4	4	0	1	1	1	1	0	1	2	1	2	8	2	1	0	1	1	2	0	1	2	0	0	2	1	2	0	0
chr9	42524587	42525374	788	6	0	788	386	402	67	19	17	18	18	33	34	18	14	16	37	19	22	17	23	13	21	27	11	26	35	25	26	30	22	40	26	26	25	24	9	28
chr9	42525634	42525682	49	6	0	49	31	18	4	0	1	3	2	1	1	5	1	2	0	3	1	0	1	4	2	0	0	1	4	2	0	0	1	1	0	0	2	3	0	2
chr9	42525849	42525926	78	6	0	78	55	23	14	0	4	7	2	3	2	0	5	2	2	3	3	2	2	2	3	1	2	1	1	0	0	1	1	0	0	1	2	1	2	7
chr9	42526427	42526516	90	6	0	90	68	22	9	5	6	7	2	0	0	6	2	1	1	2	13	4	2	7	5	1	2	2	0	0	1	0	1	0	1	2	2	0	0	4
chr9	42526582	42526620	39	6	0	39	30	9	2	2	1	5	3	1	0	1	2	0	1	0	3	0	1	8	2	0	0	1	0	0	0	0	2	0	0	0	1	0	0	1
chr9	42527272	42527306	35	6	0	35	27	8	8	1	2	3	1	1	1	1	2	0	1	1	2	1	0	1	2	0	0	1	0	0	0	0	0	0	0	0	1	0	0	3
chr9	42528134	42528190	57	6	0	57	40	17	4	1	3	3	3	1	1	6	3	2	1	2	1	2	0	5	5	0	0	1	1	0	0	0	1	0	0	1	4	1	0	3
chr9	42528266	42528370	105	6	0	105	66	39	2	1	7	5	2	0	3	4	6	2	11	5	5	3	2	8	1	1	0	3	1	1	0	4	0	0	0	2	7	4	0	13
chr9	42528426	42528569	144	6	0	144	91	53	10	4	6	9	4	3	7	3	9	3	5	6	4	3	5	8	7	0	0	6	2	5	1	3	3	1	0	2	5	5	1	12
chr9	42528722	42528761	40	6	0	40	28	12	8	1	0	3	1	1	2	0	0	1	0	0	2	3	3	1	3	2	0	1	1	1	0	1	0	0	0	2	0	0	0	1
chr9	42528855	42528929	75	6	0	75	42	33	4	2	3	4	1	4	6	1	4	2	3	0	4	3	0	1	4	3	0	4	3	2	0	3	0	1	0	2	4	2	0	3
chr9	42529140	42529192	53	6	0	53	29	24	2	4	0	2	4	3	0	5	1	0	1	0	1	0	1	4	3	4	0	0	5	2	0	1	2	3	0	1	2	0	0	0
chr9	42529272	42529413	142	6	0	142	87	55	10	4	10	5	10	2	4	4	5	5	2	2	5	8	4	5	8	3	0	9	6	2	0	7	2	3	0	1	4	7	0	3
chr9	42529497	42529681	185	6	0	185	99	86	14	1	11	8	9	7	7	9	6	2	6	4	6	3	2	3	7	2	1	3	8	5	3	8	10	10	0	10	6	7	0	5
chr9	42529736	42529906	171	6	0	171	77	94	4	4	4	2	5	11	8	4	3	4	8	5	2	3	9	0	6	6	1	9	10	14	0	11	9	7	0	0	3	8	1	8
chr9	42530002	42530046	45	6	0	45	20	25	2	0	3	0	1	2	2	1	1	1	1	1	1	0	3	0	0	1	1	1	1	2	1	3	2	3	0	4	3	1	0	1
chr9	42530160	42530203	44	6	0	44	23	21	2	1	2	3	1	0	0	2	3	0	3	0	2	0	1	1	1	0	0	0	2	3	1	2	1	3	0	2	0	2	1	3
chr9	42530318	42530347	30	6	0	30	19	11	3	1	1	1	1	0	2	2	0	2	0	0	3	1	0	0	1	1	0	2	1	1	0	1	2	0	0	0	1	1	0	0
chr9	42530492	42530530	39	6	0	39	23	16	2	1	3	1	3	0	1	3	0	1	2	1	1	0	2	1	1	0	0	1	1	0	0	0	4	1	0	3	1	0	0	3
chr9	42530694	42530761	68	6	0	68	38	30	6	4	2	1	3	2	4	1	3	1	1	1	1	4	2	1	3	5	0	3	2	1	2	3	2	1	0	1	3	1	0	2
chr9	42530834	42530860	27	6	0	27	21	6	7	2	1	3	1	0	0	0	0	0	1	0	5	0	0	1	0	1	0	0	0	1	0	1	0	0	0	0	0	0	0	1
chr9	42530912	42530965	54	6	0	54	32	22	1	1	6	2	3	3	0	4	4	0	1	1	2	1	0	3	2	1	0	2	2	0	0	2	3	1	0	2	3	1	0	1
chr9	42531031	42531189	159	6	0	159	84	75	3	5	5	8	9	6	6	3	6	4	5	7	3	3	2	8	7	5	2	4	9	17	0	5	0	1	0	1	7	8	0	8
chr9	42531398	42531472	75	6	0	75	47	28	5	5	6	3	3	3	1	2	5	3	1	2	6	0	1	1	2	3	1	4	3	1	1	0	0	0	0	0	4	1	1	5
chr9	42531544	42531607	64	6	0	64	46	18	5	0	4	8	5	2	1	3	2	1	1	3	4	1	1	4	3	0	0	1	0	0	0	0	3	0	0	3	4	0	0	3
chr9	42531854	42532025	172	6	0	172	111	61	20	7	10	10	10	3	6	5	10	4	2	3	7	4	5	4	8	6	0	4	4	1	0	8	6	0	0	4	6	6	0	7
chr9	42532090	42532166	77	6	0	77	44	33	5	2	4	2	3	2	3	1	2	0	3	5	3	1	2	6	1	1	0	3	5	2	0	4	2	1	0	3	1	6	0	2
chr9	42532291	42532330	40	6	0	40	29	11	6	2	2	2	1	2	1	2	1	1	1	0	4	1	0	2	2	1	0	3	1	0	0	0	0	0	0	0	2	0	0	1
chr9	42532468	42532513	46	6	0	46	32	14	7	3	3	1	2	0	0	2	2	1	0	2	3	0	2	3	1	0	0	3	1	0	0	1	1	0	0	1	2	1	2	0
chr9	42532605	42532687	83	6	0	83	61	22	5	1	4	5	3	1	1	6	3	1	0	1	4	6	0	20	5	1	0	3	2	1	0	0	1	1	1	1	3	0	0	1
chr9	42532752	42532797	46	6	0	46	30	16	3	2	2	4	2	0	0	5	4	0	1	0	2	2	2	0	2	1	1	0	1	0	0	1	2	0	1	1	2	0	0	3
chr9	42532871	42532956	86	6	0	86	57	29	17	3	4	2	2	0	3	3	2	3	3	1	5	3	2	2	3	1	0	5	0	3	0	5	2	0	0	0	3	4	0	3
chr9	42533017	42533069	53	6	0	53	31	22	3	1	2	2	2	0	0	7	2	0	0	6	1	0	2	3	0	1	0	0	5	1	0	3	2	0	0	0	2	6	0	0
chr9	42533146	42533191	46	6	0	46	33	13	2	0	2	5	0	1	1	0	1	0	4	2	7	2	2	3	1	0	0	2	1	1	0	0	0	0	0	0	0	1	0	6
chr9	42533282	42533428	147	6	0	147	102	45	13	3	11	9	4	5	2	7	7	2	3	3	12	7	5	8	7	3	0	7	5	0	0	1	0	1	0	5	5	2	0	8
chr9	42533479	42533577	99	6	0	99	76	23	13	5	3	10	4	1	2	7	5	0	2	2	9	1	1	9	5	0	0	2	0	0	0	1	5	1	0	0	4	0	0	5
chr9	42534129	42534159	31	6	0	31	18	13	2	2	0	2	1	1	2	2	3	0	1	2	0	0	0	0	2	0	0	1	1	0	0	0	1	0	0	1	2	0	2	1
chr9	42534295	42534387	93	6	0	93	66	27	10	2	2	11	3	4	1	6	4	0	4	2	7	1	1	7	2	1	0	3	3	0	0	1	2	2	0	2	7	1	0	2
chr9	42534497	42534567	71	6	0	71	42	29	3	4	4	1	4	1	2	3	2	1	4	0	3	4	3	2	5	1	0	4	1	2	0	1	4	0	0	3	1	1	0	5
chr9	42534847	42534894	48	6	0	48	11	37	1	1	1	0	1	2	2	0	1	1	1	0	0	0	0	0	0	2	2	0	3	14	3	0	1	3	3	1	0	0	0	3
chr9	42535133	42535167	35	6	0	35	14	21	0	0	1	0	0	4	2	2	1	0	1	1	0	0	0	0	0	2	0	2	3	1	0	2	3	3	1	1	2	0	1	0
chr9	42535500	42535593	94	6	0	94	52	42	3	2	5	3	3	5	5	5	6	2	2	3	1	2	2	3	5	1	1	4	4	2	0	2	2	2	0	4	7	3	1	2
chr9	42535657	42535686	30	6	0	30	18	12	3	0	0	3	1	0	1	2	2	0	3	1	0	0	0	2	0	0	0	0	1	0	0	0	2	0	0	2	1	2	0	2
chr9	42535828	42535857	30	6	0	30	25	5	5	0	1	4	0	1	0	1	0	1	0	0	6	0	1	3	2	0	0	0	0	0	0	0	1	0	0	1	0	0	0	1
chr9	42535924	42536004	81	6	0	81	63	18	13	0	3	10	3	0	1	3	4	1	0	5	6	2	4	8	1	1	0	1	1	0	0	0	0	0	0	3	5	0	0	4
chr9	42536371	42536436	66	6	0	66	32	34	0	0	1	0	1	17	1	1	0	1	3	0	0	3	1	1	19	0	1	1	0	0	1	4	1	2	0	1	0	3	0	1
chr9	42536509	42536562	54	6	0	54	36	18	6	3	0	7	3	0	2	1	5	0	1	0	2	1	1	4	1	1	0	2	0	1	1	1	3	0	1	0	2	1	1	1
chr9	42537009	42537055	47	6	0	47	31	16	4	1	2	2	1	0	2	3	2	0	2	1	2	5	0	3	2	0	0	3	2	1	0	0	0	1	0	1	2	1	0	2
chr9	42537449	42537806	358	6	0	358	212	146	20	8	14	16	12	17	11	14	18	9	16	12	8	4	11	21	21	4	2	11	7	3	3	13	9	6	2	9	16	13	7	19
chr9	42537861	42537979	119	6	0	119	69	50	9	3	4	9	5	5	8	7	9	1	1	2	2	2	0	2	6	3	0	2	6	2	0	4	7	3	0	2	5	3	0	5
chr9	42538001	42538183	183	9	0	183	136	47	17	4	5	20	7	4	4	10	8	2	2	3	14	10	2	23	10	2	0	8	4	3	0	1	2	1	0	1	9	2	0	3
chr9	42538184	42538212	29	6	0	29	22	7	1	0	0	3	2	0	0	3	0	1	0	1	1	3	0	5	3	1	0	0	1	0	0	0	0	0	0	0	2	0	0	0
chr9	42538213	42538275	63	9	0	63	41	22	7	3	2	3	3	2	0	6	2	1	1	2	4	2	1	1	4	4	0	0	2	1	0	2	1	0	0	1	4	1	0	1
chr9	42538276	42538309	34	6	0	34	20	14	6	1	1	0	1	0	2	0	1	1	3	1	0	0	1	1	1	0	0	0	1	1	0	1	0	0	0	2	1	2	0	4
chr9	42538310	42538385	76	9	0	76	47	29	1	8	1	2	4	5	4	1	2	0	0	0	5	5	5	3	9	3	0	7	3	1	0	1	1	0	0	1	0	1	0	1
chr9	42538386	42538414	29	6	0	29	17	12	1	0	1	2	2	2	2	1	1	2	1	0	0	1	0	1	3	1	0	1	1	0	0	0	0	0	0	0	2	0	0	2
chr9	42538415	42538558	144	9	0	144	93	51	6	5	3	11	5	14	3	7	5	1	2	3	9	1	4	12	16	3	0	3	5	3	0	2	3	2	0	3	5	2	0	4
chr9	42538577	42538707	131	9	0	131	89	42	10	9	7	7	6	0	4	4	5	1	4	0	12	4	4	10	3	2	0	9	3	2	0	3	6	3	0	1	3	1	0	6
chr9	42538712	42538835	124	9	0	124	86	38	3	3	0	15	6	6	6	3	5	2	5	3	7	8	2	11	12	1	0	6	1	0	0	2	0	0	0	0	8	2	0	5
chr9	42538844	42538983	140	9	0	140	95	45	25	3	11	6	7	2	3	3	8	3	5	2	5	3	5	3	4	2	0	5	2	1	0	2	5	0	0	5	4	2	0	12
chr9	42538984	42539080	97	6	0	97	67	30	8	4	2	8	3	2	1	6	4	1	1	1	7	3	5	9	5	2	0	3	2	1	1	3	1	3	0	2	4	1	1	1
chr9	42539081	42539173	93	9	0	93	67	26	8	3	5	6	3	3	1	7	2	1	0	4	9	3	1	9	6	1	0	4	2	0	0	2	3	0	0	1	4	3	0	0
chr9	42539178	42539343	166	9	0	166	99	67	14	5	5	8	4	2	6	7	7	1	8	8	6	2	3	11	3	4	0	3	8	11	0	6	3	2	0	3	5	8	0	11
chr9	42539362	42539499	138	9	0	138	93	45	9	5	2	13	7	7	3	9	10	1	3	5	3	3	3	9	10	0	1	5	2	1	0	1	2	1	0	3	13	2	1	2
chr9	42539500	42539525	26	6	0	26	18	8	1	1	1	1	0	0	0	2	0	1	0	0	3	1	2	4	0	1	1	1	1	0	0	0	0	0	0	2	1	0	0	0
chr9	42539526	42539698	173	9	0	173	119	54	17	6	6	12	10	1	4	12	6	4	1	4	10	5	5	14	8	7	0	1	7	1	0	3	7	2	0	3	5	1	0	9
chr9	42539699	42540288	590	6	0	590	339	251	63	16	19	28	20	18	27	21	22	16	23	12	21	8	10	13	18	16	4	21	27	15	6	19	15	17	4	16	26	19	4	24
chr9	42540289	42540344	56	9	0	56	41	15	2	1	2	6	2	0	1	3	3	3	2	2	4	0	4	4	1	0	0	4	0	0	0	0	0	0	0	0	5	0	0	5
chr9	42540345	42540396	52	6	0	52	36	16	6	2	5	2	3	0	1	1	4	2	0	1	3	2	3	0	3	0	0	2	0	0	0	1	0	0	0	2	2	1	0	4
chr9	42540397	42540487	91	9	0	91	61	30	3	0	3	6	2	2	3	8	0	0	5	4	7	7	1	9	5	1	0	3	1	0	0	2	4	2	0	2	4	0	0	5
chr9	42540488	42540572	85	6	0	85	45	40	8	0	1	4	3	0	8	6	1	1	3	2	1	3	1	1	2	3	0	0	5	2	0	3	7	4	0	7	3	1	0	3
chr9	42540573	42540622	50	9	0	50	20	30	0	1	2	0	1	2	3	3	2	0	3	0	0	1	0	1	0	3	0	2	5	7	0	1	2	1	0	3	2	2	0	1
chr9	42540623	42540683	61	6	0	61	20	41	0	1	0	0	0	2	7	0	1	1	4	0	0	2	2	0	1	2	1	1	3	3	2	5	5	5	1	5	0	3	0	2
chr9	42540684	42540821	138	9	0	138	49	89	1	3	4	0	4	5	16	2	3	2	5	4	0	0	0	0	3	5	0	2	12	11	3	7	12	5	0	13	0	10	1	3
chr9	42540833	42540950	118	9	0	118	38	80	0	2	4	0	4	5	11	1	2	3	5	1	0	0	0	0	1	6	1	2	8	12	2	8	9	10	3	6	3	3	0	4
chr9	42540951	42541117	167	6	0	167	67	100	2	3	7	2	4	3	13	3	4	5	12	3	3	1	0	0	3	5	0	4	13	16	1	10	4	11	1	8	4	8	2	10
chr9	42541118	42541374	257	9	0	257	104	153	3	1	4	5	5	1	25	7	4	13	23	5	1	4	2	1	4	8	2	5	18	15	1	18	9	14	1	11	7	16	2	20
chr9	42541389	42541530	142	9	0	142	67	75	5	4	7	2	1	5	10	0	7	3	12	1	5	1	3	1	4	4	1	4	4	4	2	9	4	5	2	7	3	6	3	11
chr9	42541544	42541875	332	9	0	332	187	145	18	6	13	15	14	14	15	18	8	8	12	11	12	9	3	10	16	8	3	10	16	5	0	12	13	10	0	11	16	11	3	10
chr9	42541883	42541955	73	9	0	73	48	25	6	2	4	4	3	3	1	3	5	1	3	1	1	1	4	4	2	1	0	4	1	0	0	2	2	0	0	2	5	2	0	4
chr9	42541956	42542049	94	6	0	94	65	29	8	2	3	5	1	3	2	4	4	0	1	3	5	3	7	13	2	0	0	6	3	0	0	2	3	3	0	2	2	2	0	3
chr9	42542050	42542200	151	9	0	151	111	40	20	9	6	10	7	2	3	2	6	0	5	3	11	1	6	18	4	3	0	5	2	0	0	4	4	1	0	3	4	2	0	8
chr9	42542201	42542244	44	6	0	44	31	13	2	1	1	5	2	2	1	2	2	0	1	1	3	3	0	4	4	0	0	1	1	0	0	0	2	0	0	0	1	1	0	2
chr9	42542245	42542529	285	9	0	285	208	77	34	14	14	29	16	3	5	12	11	4	1	7	30	6	9	12	13	4	0	10	5	3	0	3	8	2	0	6	10	2	0	10
chr9	42542534	42542637	104	9	0	104	67	37	8	2	3	10	4	3	3	4	4	0	2	4	7	4	2	6	2	3	0	4	5	3	2	1	2	1	0	3	5	3	0	2
chr9	42542638	42542737	100	6	0	100	41	59	1	2	1	1	2	6	8	2	0	3	5	3	2	1	3	0	2	6	2	3	6	3	1	8	3	6	3	4	6	3	0	2
chr9	42542738	42542853	116	9	0	116	58	58	11	2	2	5	2	1	7	3	3	1	5	3	3	4	4	1	3	3	0	2	3	6	4	6	4	6	2	6	3	4	2	3
chr9	42542854	42542912	59	9	0	59	46	13	14	2	3	6	5	0	0	1	1	0	0	1	4	2	2	4	2	0	0	2	1	0	0	1	3	0	0	1	0	1	0	1
chr9	42542913	42542946	34	6	0	34	23	11	3	2	2	2	1	1	1	0	2	0	1	0	3	2	0	1	2	2	0	1	1	0	0	2	0	0	0	0	1	1	0	1
chr9	42542947	42543183	237	9	0	237	177	60	33	11	5	18	8	6	6	12	9	1	2	8	16	10	6	24	16	3	0	10	5	2	0	2	1	0	0	1	10	4	0	6
chr9	42543184	42543321	138	6	0	138	95	43	11	9	5	7	7	4	2	2	4	0	2	5	10	6	9	11	8	3	0	8	3	3	0	4	1	1	0	0	3	2	0	6
chr9	42543322	42543407	86	9	0	86	47	39	9	3	1	2	1	5	2	4	3	0	4	0	3	3	4	2	4	3	0	4	5	6	0	4	1	2	0	2	2	4	0	1
chr9	42543408	42543492	85	6	0	85	54	31	4	2	3	6	6	1	2	6	3	3	3	2	3	3	2	4	6	1	0	2	3	0	0	2	2	1	0	3	4	3	0	3
chr9	42543493	42543554	62	9	0	62	45	17	4	0	3	8	1	2	2	3	7	0	0	0	2	2	0	9	3	1	0	0	3	0	0	1	0	1	0	1	2	2	0	3
chr9	42543568	42543714	147	9	0	147	91	56	5	4	4	7	7	4	5	8	5	0	3	10	3	4	6	15	3	3	0	6	10	2	0	1	5	3	0	4	7	5	0	6
chr9	42543715	42543815	101	6	0	101	61	40	7	3	0	6	2	5	6	4	4	2	3	2	3	6	4	3	7	2	1	5	6	0	0	1	2	0	0	4	2	5	1	3
chr9	42543816	42544013	198	9	0	198	134	64	25	2	8	15	11	5	4	13	9	3	5	14	5	1	2	10	8	1	0	2	5	3	0	4	5	3	0	2	15	5	0	11
chr9	42544014	42544051	38	6	0	38	27	11	4	5	0	3	6	0	1	1	1	0	0	2	1	0	0	1	5	1	0	0	1	0	0	1	0	0	0	0	2	1	0	0
chr9	42544052	42544467	416	9	0	416	269	147	49	16	15	24	22	10	15	14	16	6	15	15	17	12	6	15	17	11	2	14	11	5	1	12	12	1	0	9	21	12	3	16
chr9	42544491	42544743	253	9	0	253	171	82	37	8	11	11	12	7	9	12	12	3	2	8	6	5	6	21	16	2	0	5	5	1	0	5	6	6	0	10	13	3	0	9
chr9	42544744	42544935	192	6	0	192	141	51	28	7	8	18	9	4	2	8	8	4	4	4	16	4	5	11	9	3	0	6	4	1	0	3	2	1	0	1	8	3	0	9
chr9	42544936	42545094	159	9	0	159	104	55	16	8	5	10	10	4	6	4	7	0	0	4	5	5	8	10	8	3	1	5	5	1	0	4	5	3	1	7	6	3	0	3
chr9	42545112	42545176	65	9	0	65	44	21	6	1	3	5	5	1	1	4	2	3	1	3	3	0	1	4	3	0	0	2	1	0	0	2	3	0	0	0	4	3	0	2
chr9	42545177	42545254	78	6	0	78	52	26	13	1	5	4	2	5	1	1	4	2	2	2	4	1	2	3	3	2	1	2	2	0	0	2	0	0	0	2	4	1	1	4
chr9	42545255	42545414	160	9	0	160	107	53	14	7	13	4	6	4	2	3	11	2	2	8	8	4	7	11	7	2	1	6	2	3	0	6	0	1	0	1	6	5	1	11
chr9	42545415	42545550	136	6	0	136	97	39	17	9	6	9	8	4	1	3	5	1	5	4	10	3	4	6	10	4	0	3	0	1	0	6	0	0	0	0	6	2	0	7
chr9	42545551	42545838	288	9	0	288	189	99	44	8	11	14	16	7	7	14	9	2	5	14	10	7	5	14	14	8	0	2	9	8	0	10	9	4	0	5	12	7	0	11
chr9	42545839	42545876	38	6	0	38	29	9	5	1	2	4	2	0	0	1	1	0	1	1	5	0	2	2	0	0	0	1	1	0	0	0	1	1	0	2	1	0	0	2
chr9	42545877	42546064	188	9	0	188	134	54	14	8	8	15	9	1	4	9	12	4	0	6	12	6	8	16	9	6	0	4	5	0	0	6	0	1	0	1	9	4	0	9
chr9	42546065	42546120	56	6	0	56	41	15	5	4	1	4	2	0	3	4	2	1	0	3	5	2	0	5	4	1	0	1	1	0	0	0	0	0	0	0	3	0	0	3
chr9	42546121	42546277	157	9	0	157	119	38	30	5	6	14	10	1	1	4	7	3	4	8	7	2	7	8	5	2	0	4	1	0	0	3	0	0	0	0	10	2	0	11
chr9	42546278	42546305	28	6	0	28	18	10	3	0	2	3	1	0	1	0	3	0	0	0	1	2	0	1	1	0	0	1	1	1	0	1	0	1	0	0	0	1	0	2
chr9	42546306	42546489	184	9	0	184	136	48	27	6	8	14	7	2	2	7	9	1	2	3	13	7	9	17	5	4	2	5	1	2	0	4	6	1	0	3	6	0	0	9
chr9	42546490	42546664	175	6	0	175	120	55	26	10	5	14	13	4	3	6	6	2	3	5	11	3	3	5	9	3	2	5	7	1	0	3	4	3	0	1	6	4	1	5
chr9	42546665	42546716	52	9	0	52	32	20	0	0	2	2	0	2	1	7	4	1	3	0	0	1	1	7	2	1	0	0	2	0	0	0	3	0	0	3	3	1	0	4
chr9	42546729	42546782	54	9	0	54	39	15	7	3	1	3	2	1	1	2	2	1	2	0	5	2	4	1	3	1	0	3	0	0	0	1	1	0	0	1	2	0	0	3
chr9	42546783	42546826	44	6	0	44	27	17	4	2	2	2	3	0	2	2	3	1	1	4	0	0	0	0	2	0	0	0	2	0	0	1	1	0	0	1	3	3	0	3
chr9	42546827	42546892	66	9	0	66	39	27	3	1	3	3	2	2	3	1	3	3	3	2	2	1	4	2	2	1	0	3	0	2	0	3	3	0	0	1	3	2	0	6
chr9	42546893	42546957	65	6	0	65	41	24	1	2	2	5	5	2	2	2	2	0	2	1	2	3	0	9	2	4	0	1	3	2	0	1	3	0	0	2	3	0	0	2
chr9	42546958	42547042	85	9	0	85	64	21	11	3	3	5	2	1	1	2	2	2	2	4	8	2	5	9	3	1	0	4	0	0	0	3	0	0	0	0	3	2	0	5
chr9	42547043	42547069	27	6	0	27	16	11	5	0	3	1	2	0	1	1	2	0	0	0	0	0	0	0	0	0	0	0	1	0	0	1	4	0	0	2	0	1	0	1
chr9	42547070	42547245	176	9	0	176	113	63	14	4	8	11	4	5	5	9	5	4	4	3	14	8	5	9	8	5	3	5	5	2	1	5	5	3	0	4	6	3	0	7
chr9	42547246	42547303	58	6	0	58	37	21	10	2	7	0	3	0	0	0	4	1	2	0	1	1	4	0	2	1	0	1	1	0	0	3	1	1	0	4	0	2	0	5
chr9	42547304	42547376	73	9	0	73	46	27	8	2	4	1	3	2	2	4	3	0	2	2	2	5	2	3	6	1	0	2	4	0	0	2	0	2	0	2	1	2	0	4
chr9	42547377	42547416	40	6	0	40	24	16	5	1	3	0	1	1	1	3	0	1	0	0	3	3	1	1	3	1	1	1	1	1	0	1	1	1	0	2	0	0	1	0
chr9	42547417	42547500	84	9	0	84	59	25	8	6	4	5	3	2	3	3	3	0	2	2	10	1	1	4	5	1	0	4	1	1	0	2	2	0	0	2	3	2	0	2
chr9	42547832	42547903	72	6	0	72	34	38	3	3	5	0	1	2	3	2	3	2	1	2	3	0	1	2	0	3	1	3	5	8	1	3	2	3	0	1	1	3	0	3
chr9	42548143	42548358	216	6	0	216	109	107	9	6	5	6	5	6	12	9	9	6	11	2	3	6	10	3	9	2	3	9	10	10	1	9	7	6	1	10	6	12	1	10
chr9	42548655	42548749	95	6	0	95	68	27	8	4	1	8	3	0	3	5	5	0	2	7	5	1	6	8	2	1	0	3	4	0	0	0	1	0	0	1	4	3	0	8
chr9	42548897	42548954	58	6	0	58	36	22	2	1	3	3	1	1	3	1	4	1	3	3	2	1	2	5	0	0	1	3	1	0	0	1	2	1	0	1	3	1	0	6
chr9	42549124	42549226	103	6	0	103	70	33	4	4	2	9	5	1	4	7	2	4	1	4	9	4	3	6	8	4	0	1	3	0	0	2	3	0	0	0	3	1	0	7
chr9	42549308	42549356	49	6	0	49	34	15	10	3	4	2	0	0	1	2	3	0	1	0	6	2	0	0	2	0	1	1	0	1	1	1	1	0	0	1	0	2	0	2
chr9	42549942	42550011	70	6	0	70	30	40	0	2	2	2	2	2	6	0	3	0	5	2	1	2	1	0	1	2	0	3	2	3	2	5	3	3	1	3	3	4	1	2
chr9	42550212	42550384	173	6	0	173	119	54	20	8	5	12	4	1	5	10	8	1	2	3	14	12	4	8	9	6	3	4	6	1	2	3	0	3	1	2	5	2	0	7
chr9	42550714	42550800	87	6	0	87	49	38	10	4	5	3	4	1	2	4	5	1	1	1	3	2	1	2	2	3	0	3	2	2	2	2	3	1	6	3	4	2	0	1
chr9	42550903	42551112	210	6	0	210	82	128	2	3	6	2	5	7	13	6	4	9	14	4	2	1	1	2	4	9	3	4	15	9	6	8	10	7	8	13	3	12	7	9
chr9	42551168	42551234	67	6	0	67	28	39	1	1	5	1	2	1	4	2	3	1	4	1	2	0	0	0	1	1	1	0	4	2	1	2	4	1	2	9	0	5	3	1
chr9	42551434	42551529	96	6	0	96	34	62	2	0	1	0	0	2	9	1	1	7	6	1	0	2	2	0	1	4	4	1	4	4	4	8	4	5	2	5	3	7	0	4
chr9	42551582	42551632	51	6	0	51	20	31	0	1	0	1	0	3	5	0	1	4	3	1	0	0	0	0	3	2	3	0	2	3	1	3	1	1	1	1	2	3	0	4
chr9	42551899	42551959	61	6	0	61	26	35	0	2	1	1	1	5	4	2	4	1	3	1	0	0	0	0	4	3	0	1	3	2	4	2	1	4	0	1	4	2	0	3
chr9	42552311	42552448	138	6	0	138	75	63	4	3	6	6	6	2	5	7	4	4	5	4	6	6	3	3	7	5	0	3	7	8	1	6	1	4	0	3	5	5	0	7
chr9	42553022	42553092	71	6	0	71	50	21	10	0	3	7	5	0	3	3	1	1	0	1	4	4	1	5	4	1	0	0	1	0	0	2	4	2	0	4	2	0	0	1
chr9	42553194	42553228	35	6	0	35	24	11	2	1	1	5	4	1	0	1	3	0	0	0	1	0	1	2	1	1	0	1	2	1	0	0	1	0	0	1	2	1	0	0
chr9	42553848	42553906	59	6	0	59	23	36	1	0	4	0	0	2	5	0	4	0	3	0	1	0	1	0	2	0	0	0	5	6	0	4	1	6	0	5	0	3	0	4
chr9	42554178	42565092	10915	6	0	10915	6108	4807	678	311	430	437	384	371	563	421	428	208	373	276	366	220	225	416	436	286	45	343	510	330	44	429	386	320	32	360	406	377	43	459
chr9	42565093	42565200	108	8	0	108	64	44	8	3	3	7	4	4	4	9	6	3	3	3	2	1	2	1	4	4	0	3	7	1	0	3	2	2	0	2	7	4	0	4
chr9	42565201	42565371	171	6	0	171	102	69	5	5	2	10	8	4	5	14	2	2	6	8	8	10	4	8	7	7	1	6	8	5	1	5	5	3	0	2	10	4	0	4
chr9	42565372	42565544	173	8	0	173	113	60	10	5	6	8	4	2	8	4	5	2	4	9	11	7	5	21	4	5	0	7	7	6	0	6	3	0	0	1	4	8	0	9
chr9	42565545	42565591	47	6	0	47	28	19	0	1	0	1	0	3	2	5	1	1	0	0	1	6	1	6	7	1	0	2	2	0	1	0	0	1	0	1	1	1	0	0
chr9	42565592	42565789	198	8	0	198	120	78	11	5	7	12	6	3	11	9	13	6	5	6	5	5	6	9	9	5	1	4	5	3	1	9	3	3	0	4	12	7	0	11
chr9	42565790	42565823	34	6	0	34	24	10	0	2	2	4	0	3	0	3	1	0	0	1	6	0	0	0	2	1	0	2	0	0	0	1	2	0	0	0	2	0	0	0
chr9	42565824	42566273	450	8	0	450	292	158	41	14	17	37	26	11	10	21	22	8	17	4	20	10	9	24	22	10	1	10	12	6	1	14	17	5	0	8	17	13	0	21
chr9	42566282	42566358	77	8	0	77	48	29	1	1	2	10	5	0	3	4	6	1	1	3	1	1	3	5	1	0	0	2	5	1	0	1	4	2	0	2	2	4	0	4
chr9	42566359	42566435	77	6	0	77	42	35	10	1	1	2	5	4	4	1	0	2	7	2	0	0	1	1	0	2	0	5	3	2	0	1	7	1	0	2	4	2	0	5
chr9	42566436	42566493	58	8	0	58	25	33	0	2	1	1	2	0	3	0	2	2	5	1	0	2	4	0	1	2	0	3	3	3	1	4	0	2	1	1	1	4	0	5
chr9	42566494	42566986	493	6	0	493	265	228	40	13	17	15	14	20	21	26	14	11	18	12	17	8	10	9	18	15	3	14	28	14	6	15	17	22	2	17	18	12	5	20
chr9	42566987	42567129	143	8	0	143	91	52	6	4	4	11	7	2	10	5	2	5	1	9	10	6	1	7	11	4	0	2	4	3	0	4	3	1	0	2	6	3	0	8
chr9	42567130	42567209	80	6	0	80	37	43	4	3	3	0	1	6	3	0	3	2	2	0	2	2	6	0	2	6	1	3	5	3	0	8	1	2	1	2	2	4	0	1
chr9	42567210	42567472	263	8	0	263	167	96	15	6	15	14	12	11	9	10	16	5	5	4	8	8	11	16	14	7	0	9	6	2	0	6	8	4	0	10	14	1	0	15
chr9	42567473	42567524	52	6	0	52	25	27	2	1	1	2	2	3	1	1	1	0	3	0	1	3	3	1	2	3	1	1	2	4	1	3	2	2	0	0	1	1	0	2
chr9	42567525	42567857	333	8	0	333	207	126	31	11	13	16	12	7	11	12	11	6	10	8	17	9	11	20	13	10	1	9	13	7	2	12	4	9	0	11	12	8	1	14
chr9	42567858	42567953	96	6	0	96	64	32	8	2	5	8	5	6	2	1	2	2	2	4	8	2	1	5	7	0	0	4	1	1	0	3	2	2	0	0	4	2	2	3
chr9	42567954	42568014	61	8	0	61	31	30	0	0	1	3	1	2	2	3	1	2	5	4	1	0	3	2	1	2	0	1	5	0	0	4	2	2	0	0	0	6	0	6
chr9	42568015	42568090	76	6	0	76	40	36	5	2	3	3	2	1	2	5	4	4	2	1	2	1	2	1	3	3	2	0	3	2	1	3	1	1	3	1	3	3	0	5
chr9	42568091	42568222	132	8	0	132	65	67	6	3	5	3	3	2	9	6	6	7	8	2	2	1	0	1	1	2	2	7	6	7	0	4	6	3	1	4	7	5	3	8
chr9	42568223	42568269	47	6	0	47	34	13	5	2	2	5	1	1	1	0	2	1	0	0	6	1	3	2	1	0	0	4	1	3	0	0	0	0	0	0	1	1	0	2
chr9	42568270	42568384	115	8	0	115	61	54	4	4	0	5	2	1	6	5	3	1	6	6	4	5	5	4	3	2	1	5	4	6	0	4	2	5	3	2	5	2	2	6
chr9	42568385	42568487	103	6	0	103	37	66	0	0	2	1	1	6	6	1	1	3	8	3	1	1	1	0	3	4	1	2	7	13	2	7	2	7	1	2	2	5	2	6
chr9	42568488	42568774	287	8	0	287	127	160	5	7	6	5	6	8	16	10	5	9	19	6	7	4	8	5	9	8	2	10	10	14	11	14	8	16	6	12	13	10	3	13
chr9	42568775	42568860	86	6	0	86	33	53	2	0	1	2	0	1	8	3	3	2	7	2	0	1	0	1	1	1	1	1	4	2	4	6	5	6	3	3	2	6	0	6
chr9	42568861	42568977	117	8	0	117	51	66	7	1	2	3	3	2	6	2	4	5	6	7	0	0	2	0	1	2	1	4	9	6	4	3	3	3	4	3	0	11	5	6
chr9	42568978	42569017	40	6	0	40	10	30	0	0	2	0	1	3	1	0	1	0	2	0	0	0	0	0	0	2	1	0	3	1	4	4	2	5	3	0	0	2	0	1
chr9	42569018	42569088	71	8	0	71	25	46	1	0	2	0	0	6	5	2	1	3	1	1	1	1	0	0	1	4	2	3	6	0	2	1	5	3	10	2	1	2	2	1
chr9	42569089	42569142	54	6	0	54	13	41	0	1	0	0	1	1	4	0	0	3	2	0	0	0	0	0	1	2	1	1	2	5	6	1	2	5	6	3	1	2	1	1
chr9	42569143	42569299	157	8	0	157	64	93	1	4	6	0	3	3	12	2	5	7	6	3	2	5	2	1	4	6	4	6	5	12	4	9	5	8	5	4	6	4	3	8
chr9	42569300	42569519	220	8	0	220	128	92	9	5	10	13	8	6	12	6	7	6	8	8	12	6	3	7	6	6	1	11	9	7	1	6	8	2	0	6	9	8	2	10
chr9	42569529	42569593	65	8	0	65	43	22	9	4	5	1	6	2	1	2	0	2	0	2	4	0	1	3	5	1	0	2	0	1	0	2	5	1	0	0	1	0	0	3
chr9	42569594	42569712	119	6	0	119	72	47	5	6	4	6	4	3	6	6	4	4	3	5	8	1	2	5	8	2	2	2	3	0	1	4	1	3	1	2	7	3	0	6
chr9	42569713	42569955	243	8	0	243	135	108	12	4	10	14	7	5	13	9	9	7	11	3	11	5	6	8	6	7	1	7	10	3	2	11	6	11	2	11	12	5	3	10
chr9	42569956	42570122	167	6	0	167	100	67	6	4	6	11	4	6	6	5	8	3	10	6	9	2	3	10	9	2	0	4	4	4	0	8	2	5	0	1	6	5	4	12
chr9	42570123	42570251	129	8	0	129	89	40	8	5	3	11	10	3	3	8	1	3	1	9	8	2	1	12	8	2	0	2	5	2	0	0	1	2	0	3	10	1	0	3
chr9	42570252	42570593	342	6	0	342	214	128	24	8	18	16	21	17	12	15	8	4	3	9	13	19	7	19	28	11	1	8	9	1	1	10	20	4	0	10	8	5	0	11
chr9	42570594	42570619	26	8	0	26	16	10	5	2	1	1	1	1	0	1	2	0	1	0	0	0	0	0	2	0	0	1	1	1	0	1	0	0	0	0	0	3	0	0
chr9	42570620	42570667	48	8	0	48	34	14	4	2	6	4	3	2	0	1	6	0	0	0	2	1	0	1	2	1	0	2	2	0	0	0	0	0	0	0	2	1	0	4
chr9	42570668	42570712	45	7	0	45	28	17	3	1	3	3	3	1	1	0	2	1	1	2	1	1	3	1	0	2	0	2	4	0	0	0	0	0	0	2	0	2	0	4
chr9	42570713	42570868	156	8	0	156	115	41	22	8	5	11	6	2	4	6	9	4	4	2	9	3	7	11	9	0	0	8	1	0	0	2	0	0	0	2	8	3	0	8
chr9	42570869	42570968	100	8	0	100	76	24	16	1	5	10	4	0	0	1	4	1	2	3	8	4	7	8	2	2	0	3	2	0	0	3	0	1	0	1	1	2	0	7
chr9	42570969	42571044	76	7	0	76	58	18	15	2	3	8	5	0	1	2	5	1	1	4	2	0	3	4	1	2	0	0	1	0	0	1	0	0	0	2	6	0	0	5
chr9	42571045	42571149	105	8	0	105	79	26	24	2	6	9	5	0	1	2	7	1	2	5	4	0	4	6	1	1	0	0	1	1	0	2	1	1	0	2	5	1	0	9
chr9	42571150	42571189	40	7	0	40	28	12	2	1	3	2	0	1	1	0	2	0	2	1	4	1	2	4	1	0	0	2	0	1	0	1	1	0	0	1	0	1	0	4
chr9	42571190	42571268	79	8	0	79	56	23	15	3	6	3	4	1	0	4	3	2	2	1	5	1	2	4	2	0	1	4	0	0	0	0	2	1	0	3	4	0	1	3
chr9	42571269	42571295	27	7	0	27	19	8	3	2	1	1	2	0	1	1	1	0	0	2	1	1	1	1	1	1	0	1	1	0	0	0	0	0	0	0	1	0	0	2
chr9	42571296	42571395	100	8	0	100	67	33	15	5	4	5	5	5	3	3	6	2	2	1	3	2	2	3	6	1	0	7	3	0	0	2	1	1	0	0	5	3	0	3
chr9	42571396	42571466	71	7	0	71	47	24	4	2	2	6	5	1	1	2	3	2	4	2	2	0	3	7	2	1	0	1	2	0	0	2	1	2	0	1	4	1	0	6
chr9	42571467	42571559	93	8	0	93	59	34	6	2	2	4	3	3	3	7	5	3	2	2	0	6	3	7	9	1	0	3	3	0	0	1	2	0	0	2	3	3	2	4
chr9	42571560	42571598	39	7	0	39	26	13	2	1	1	4	0	0	4	2	2	2	0	3	3	0	0	1	2	0	1	0	0	0	0	0	0	0	0	2	4	0	0	3
chr9	42571599	42571737	139	8	0	139	93	46	5	5	5	13	10	3	3	3	5	2	4	3	7	3	3	17	7	1	0	6	6	4	0	2	4	0	0	2	2	7	0	5
chr9	42571738	42571816	79	7	0	79	56	23	7	2	6	4	6	0	1	3	3	4	2	3	4	2	1	6	4	1	0	3	0	1	0	2	0	0	0	0	6	1	0	5
chr9	42571817	42571938	122	8	0	122	80	42	12	5	8	3	7	5	1	2	5	4	6	0	3	2	6	9	9	3	0	4	2	1	0	3	1	1	0	2	3	1	0	12
chr9	42571939	42571964	26	7	0	26	15	11	0	0	0	1	0	2	2	1	1	0	1	1	0	1	1	2	2	0	0	2	2	0	0	0	0	1	0	1	1	1	0	1
chr9	42571965	42572025	61	8	0	61	43	18	8	2	2	5	4	2	1	1	1	1	0	2	4	2	4	4	2	1	0	4	2	0	0	1	1	1	0	0	3	1	0	0
chr9	42572026	42572075	50	7	0	50	36	14	10	1	3	3	3	1	1	2	3	0	2	2	2	1	0	1	2	0	0	1	0	0	0	0	3	0	0	1	2	0	0	4
chr9	42572076	42572138	63	8	0	63	47	16	10	0	4	6	3	2	2	0	3	0	0	1	5	4	1	4	3	1	0	2	1	0	0	1	2	1	0	1	1	0	0	3
chr9	42572139	42572249	111	7	0	111	71	40	9	4	3	5	6	7	1	11	1	1	2	5	5	5	1	5	15	1	1	0	3	0	0	2	2	3	0	2	4	1	1	3
chr9	42572250	42572412	163	8	0	163	107	56	7	5	3	9	7	3	6	11	3	1	0	5	8	13	6	19	13	4	1	4	5	2	1	4	4	4	0	4	4	2	0	3
chr9	42572413	42572548	136	7	0	136	93	43	5	3	2	12	5	6	3	10	4	1	1	4	8	5	7	16	9	4	0	3	3	1	0	2	6	1	0	3	5	0	0	5
chr9	42572549	42572599	51	8	0	51	40	11	2	5	3	3	3	0	0	2	1	1	0	2	7	0	2	7	1	1	0	4	1	0	0	0	0	0	0	0	3	0	0	1
chr9	42572600	42572628	29	7	0	29	16	13	5	1	1	0	0	2	0	0	0	0	2	0	1	2	1	0	1	1	0	2	1	3	0	2	0	0	0	0	0	2	0	0
chr9	42572629	42572697	69	8	0	69	57	12	15	2	2	6	4	0	1	2	2	1	1	1	4	4	1	9	5	0	0	2	0	0	0	0	0	0	0	0	2	0	0	3
chr9	42572698	42572776	79	7	0	79	59	20	10	2	5	6	2	1	3	2	1	2	1	2	10	5	1	6	2	1	0	6	0	0	0	1	2	0	0	0	4	0	0	2
chr9	42572777	42572905	129	8	0	129	84	45	9	5	5	5	2	3	4	5	4	4	3	4	10	3	8	8	2	3	0	10	3	4	0	4	3	0	0	1	6	4	0	5
chr9	42572906	42573430	525	7	0	525	312	213	58	15	20	28	17	17	25	14	23	6	18	15	23	10	12	11	22	12	1	12	19	13	4	16	14	15	4	17	18	12	3	29
chr9	42573431	42573495	65	8	0	65	33	32	2	1	1	2	1	4	4	2	2	2	5	2	1	1	2	0	4	1	0	3	3	0	0	2	2	2	1	2	3	2	1	5
chr9	42573496	42573527	32	7	0	32	26	6	5	1	1	5	1	0	0	1	1	0	0	1	4	0	2	2	0	0	0	1	0	0	0	1	1	0	0	1	1	1	0	0
chr9	42573528	42573591	64	8	0	64	50	14	12	2	3	5	2	1	2	1	5	0	0	2	3	2	2	6	1	1	0	3	1	0	0	0	0	0	0	0	4	0	0	4
chr9	42573599	42573800	202	8	0	202	137	65	26	6	6	15	10	7	7	7	8	2	3	8	9	4	7	10	9	3	0	7	5	4	0	2	8	1	0	5	9	3	0	9
chr9	42573801	42573869	69	7	0	69	42	27	8	2	2	2	1	1	3	3	3	1	2	0	2	5	3	3	4	1	1	2	2	1	1	2	2	3	0	1	0	1	0	5
chr9	42573870	42573967	98	8	0	98	66	32	9	3	5	9	7	3	1	5	3	1	1	5	6	2	1	3	4	2	0	3	5	1	0	1	3	2	0	1	4	2	0	4
chr9	42573968	42574115	148	7	0	148	95	53	13	4	6	8	8	2	4	5	5	5	6	4	5	3	5	11	6	5	0	4	2	2	0	7	3	0	0	3	8	5	0	7
chr9	42574116	42574193	78	8	0	78	56	22	13	2	2	7	8	1	1	1	1	4	0	2	3	2	4	3	4	2	0	3	3	1	0	0	1	0	0	1	3	1	0	3
chr9	42574194	42574381	188	8	0	188	124	64	13	4	8	13	8	1	9	8	8	6	4	8	9	4	4	15	8	4	0	4	4	2	0	6	5	0	0	5	9	6	0	11
chr9	42574382	42574622	241	7	0	241	135	106	17	7	13	8	9	6	10	10	10	5	8	8	9	4	2	8	7	7	2	6	9	10	1	13	7	8	0	5	12	8	1	9
chr9	42574623	42574719	97	8	0	97	53	44	3	2	1	8	6	3	3	6	4	1	3	5	1	2	2	3	6	1	0	1	7	6	0	3	1	3	0	2	4	5	0	3
chr9	42574720	42574775	56	7	0	56	31	25	3	2	4	3	4	1	1	4	3	2	0	1	1	1	0	0	4	0	1	1	3	4	0	1	1	1	1	1	2	2	0	2
chr9	42574776	42574980	205	8	0	205	118	87	17	6	11	8	14	1	8	6	5	6	9	3	6	7	2	7	6	4	0	10	12	8	0	8	3	7	0	6	8	9	0	6
chr9	42574981	42575039	59	7	0	59	33	26	4	0	3	2	3	2	2	3	0	4	4	1	2	1	1	0	1	0	0	6	3	1	0	1	3	1	0	0	4	3	0	2
chr9	42575040	42575089	50	8	0	50	19	31	0	0	3	0	2	4	2	2	0	1	2	1	1	0	0	1	1	2	1	1	4	3	1	3	3	4	0	2	1	2	0	1
chr9	42575099	42575158	60	8	0	60	27	33	2	1	2	1	3	2	4	4	1	2	2	1	0	0	0	2	3	1	0	0	4	4	0	3	4	2	0	4	2	3	0	1
chr9	42575159	42575411	253	7	0	253	116	137	8	6	5	5	6	12	15	10	10	6	9	4	0	7	10	3	13	11	1	5	14	16	3	15	11	8	1	8	5	12	1	11
chr9	42575412	42575482	71	8	0	71	33	38	2	4	4	0	5	5	4	2	3	2	2	0	0	0	0	0	4	3	0	4	4	3	0	1	4	3	2	1	4	0	0	3
chr9	42575483	42575644	162	7	0	162	72	90	11	1	6	2	3	7	12	6	3	2	5	4	3	3	4	0	6	2	1	4	13	9	0	11	5	15	1	7	4	7	0	3
chr9	42575645	42575824	180	8	0	180	105	75	19	5	7	11	13	2	9	8	8	7	4	4	2	0	1	5	8	3	1	2	9	5	0	4	9	3	0	6	5	8	1	9
chr9	42575825	42575941	117	7	0	117	72	45	12	2	8	8	4	3	5	3	8	1	2	2	7	1	3	1	1	3	2	1	3	2	0	4	6	1	0	9	6	3	0	4
chr9	42575942	42576112	171	9	0	171	98	73	11	6	6	9	12	0	7	7	4	6	8	4	5	3	6	4	5	3	1	6	5	4	1	7	7	4	0	7	8	6	0	7
chr9	42576113	42576308	196	7	0	196	113	83	17	10	6	6	7	4	11	8	10	2	8	2	5	8	3	4	9	6	1	8	11	3	1	5	6	4	1	5	5	7	1	10
chr9	42576309	42576422	114	9	0	114	62	52	7	2	6	3	1	6	6	5	2	2	5	1	8	2	1	5	6	2	0	3	5	3	0	7	4	6	0	4	3	4	0	3
chr9	42576423	42576551	129	7	0	129	74	55	13	5	6	4	5	3	4	4	6	2	4	4	4	4	2	4	5	2	0	7	5	5	2	4	1	2	1	4	5	7	2	1
chr9	42576552	42576609	58	9	0	58	33	25	1	2	0	5	3	3	1	5	2	1	2	1	2	1	1	2	6	1	0	0	4	5	0	0	0	0	0	2	2	3	0	1
chr9	42576613	42576677	65	9	0	65	45	20	3	0	3	3	2	0	2	3	2	3	1	3	2	4	3	9	3	2	1	1	0	0	0	2	1	0	0	1	3	0	1	5
chr9	42576678	42576927	250	7	0	250	159	91	22	11	6	15	13	6	7	14	7	1	5	14	12	7	7	11	11	3	2	9	10	5	1	6	7	3	1	5	11	11	0	5
chr9	42576928	42577016	89	9	0	89	61	28	5	2	5	2	4	3	2	5	2	0	2	5	3	7	1	12	7	1	0	4	2	0	0	0	2	1	0	1	3	1	0	5
chr9	42577017	42577154	138	7	0	138	88	50	10	3	2	9	3	13	4	11	4	3	1	4	7	6	1	6	21	1	0	2	6	0	0	3	1	2	0	1	4	6	0	2
chr9	42577155	42577555	401	9	0	401	265	136	34	13	17	21	15	18	12	17	13	4	10	13	22	17	6	31	21	11	2	18	12	5	0	9	9	3	0	6	21	7	0	12
chr9	42577556	42577606	51	7	0	51	39	12	9	3	2	4	4	1	1	0	1	0	0	1	5	1	1	5	2	1	0	2	1	0	0	1	1	1	0	0	1	0	0	1
chr9	42577607	42577667	61	9	0	61	42	19	5	2	3	3	4	0	1	2	2	3	2	2	2	0	2	7	3	0	0	2	1	0	0	2	1	1	0	0	3	2	0	4
chr9	42577668	42577715	48	7	0	48	27	21	3	2	3	0	3	3	2	1	2	0	1	1	1	1	2	0	4	1	0	2	2	0	0	2	3	1	0	2	0	2	0	2
chr9	42577716	42577987	272	9	0	272	131	141	13	12	9	2	12	12	15	3	6	6	17	6	5	3	8	1	8	10	2	13	12	11	2	17	10	13	0	7	12	9	2	12
chr9	42577988	42578202	215	7	0	215	105	110	15	4	6	5	6	11	12	5	7	2	9	6	2	8	2	4	8	11	4	3	12	8	2	11	7	8	3	8	7	7	3	7
chr9	42578203	42578256	54	9	0	54	28	26	0	2	2	0	2	2	2	1	2	1	3	2	0	1	2	5	0	2	1	3	3	1	1	3	2	0	0	0	2	4	0	3
chr9	42578257	42578332	76	7	0	76	49	27	2	2	4	5	2	2	2	5	8	0	4	2	2	1	1	6	1	0	0	4	1	1	0	1	1	0	0	3	8	3	0	3
chr9	42578333	42578446	114	9	0	114	71	43	6	4	7	7	7	2	1	8	5	2	2	2	7	5	1	3	8	1	0	4	5	3	1	3	1	3	0	2	4	5	1	2
chr9	42578464	42578550	87	9	0	87	54	33	5	2	5	5	4	3	3	3	6	1	2	3	2	1	4	5	4	1	0	2	1	0	0	4	4	2	0	2	3	2	0	6
chr9	42578551	42578881	331	7	0	331	248	83	57	10	9	35	13	6	4	14	14	5	7	9	26	9	9	20	16	7	0	7	6	0	0	8	1	0	0	3	14	7	2	11
chr9	42578882	42578948	67	9	0	67	40	27	4	1	2	4	4	2	2	3	0	1	5	2	3	2	2	3	2	2	0	2	2	0	0	3	2	2	0	2	3	1	0	4
chr9	42578949	42579132	184	7	0	184	116	68	15	10	8	7	6	8	4	7	10	3	6	2	9	8	5	8	11	8	1	8	6	2	2	3	2	0	0	2	6	4	1	10
chr9	42579183	42579451	269	7	0	269	190	79	38	8	14	25	18	2	7	11	11	5	4	10	18	3	1	14	12	1	0	5	5	1	0	8	8	3	0	5	13	9	0	8
chr9	42579485	42579620	136	9	0	136	81	55	9	3	8	7	5	6	3	10	8	4	3	4	5	1	3	1	5	3	2	4	1	1	1	4	12	0	1	1	7	3	2	7
chr9	42579621	42579753	133	7	0	133	81	52	12	5	8	6	7	4	5	3	8	1	3	3	4	1	5	4	5	3	0	4	4	1	0	6	4	5	0	5	6	2	0	7
chr9	42579754	42579888	135	9	0	135	103	32	21	1	5	16	3	1	3	7	8	0	1	4	11	4	4	13	3	0	0	3	2	1	0	1	4	1	0	3	4	2	0	7
chr9	42579889	42580092	204	7	0	204	132	72	24	5	7	18	10	8	5	13	12	2	1	9	8	3	1	6	11	5	0	2	9	1	1	4	6	4	1	2	10	6	2	6
chr9	42580093	42580145	53	9	0	53	38	15	4	2	2	4	2	1	1	3	2	1	1	3	5	0	1	4	2	1	0	1	1	0	0	1	1	0	0	1	4	1	0	2
chr9	42580146	42580322	177	7	0	177	115	62	12	5	4	11	9	5	5	7	5	4	4	6	8	9	5	14	13	2	0	8	7	4	0	5	0	1	0	3	6	9	2	2
chr9	42580323	42580463	141	9	0	141	106	35	19	1	10	16	3	2	1	1	6	1	1	1	18	3	6	16	1	1	0	5	3	4	0	3	3	1	0	4	0	3	0	6
chr9	42580464	42580782	319	7	0	319	151	168	36	3	9	5	6	14	15	2	7	8	20	5	4	6	8	2	5	8	7	11	15	9	11	13	7	18	10	13	11	13	2	14
chr9	42580783	42580908	126	9	0	126	96	30	16	4	4	10	3	1	2	3	4	1	3	4	12	4	5	19	2	2	1	5	0	1	0	2	1	0	0	3	6	1	1	4
chr9	42580930	42580985	56	9	0	56	34	22	12	3	3	0	1	1	4	0	5	2	1	0	0	0	0	0	2	3	0	2	4	0	0	3	0	0	0	0	1	4	0	3
chr9	42580998	42581245	248	9	0	248	172	76	21	15	7	21	9	5	6	14	10	2	3	8	23	6	8	13	14	4	2	8	6	5	0	5	4	1	0	3	10	5	0	8
chr9	42581246	42581323	78	7	0	78	62	16	22	3	4	6	1	2	0	3	4	0	2	0	9	1	1	3	4	0	0	2	1	0	0	2	0	0	0	0	1	2	0	3
chr9	42581324	42581391	68	9	0	68	56	12	11	0	3	9	2	1	0	0	2	1	1	3	8	1	5	7	0	0	0	3	0	0	0	0	0	0	0	2	3	0	0	4
chr9	42581413	42581471	59	9	0	59	41	18	7	4	2	4	2	1	2	3	3	0	2	1	3	1	2	2	5	0	0	1	0	0	0	2	1	1	0	2	2	1	0	3
chr9	42581478	42581589	112	9	0	112	76	36	11	2	7	7	10	3	0	5	3	2	2	7	4	2	2	7	4	1	0	4	2	2	0	3	3	2	0	1	9	2	0	3
chr9	42581590	42581674	85	7	0	85	53	32	3	5	3	4	4	4	2	2	5	0	1	5	3	1	3	7	6	0	0	4	3	1	0	2	1	3	0	0	3	2	3	3
chr9	42581675	42581722	48	9	0	48	35	13	6	1	2	7	1	0	2	2	3	1	0	1	6	0	0	2	0	0	0	2	1	1	0	1	0	1	0	1	4	1	0	0
chr9	42581723	42581938	216	10	0	216	168	48	27	13	7	24	8	2	3	11	7	0	2	7	30	3	8	14	7	1	0	10	1	1	0	2	4	1	0	5	12	1	0	3
chr9	42581939	42582020	82	7	0	82	55	27	12	2	2	6	2	1	3	3	2	3	3	2	6	0	3	5	4	0	0	2	2	2	0	3	1	1	0	0	1	4	0	5
chr9	42582021	42582199	179	10	0	179	127	52	23	6	8	14	6	1	5	10	9	2	2	4	13	4	5	14	6	4	0	3	3	0	0	7	5	1	0	4	8	4	0	6
chr9	42582220	42582344	125	10	0	125	91	34	18	3	5	13	6	4	1	3	3	1	4	3	12	2	4	8	5	1	0	4	1	2	0	3	3	2	0	1	4	1	0	6
chr9	42582345	42582388	44	7	0	44	22	22	2	0	2	0	1	1	3	1	0	2	3	3	1	2	0	0	3	1	0	1	1	3	0	3	0	2	0	0	2	1	0	4
chr9	42582389	42582556	168	10	0	168	109	59	20	5	10	9	6	2	5	7	9	4	5	4	9	3	6	4	6	2	1	6	4	1	0	5	4	4	1	2	6	3	0	13
chr9	42582557	42582696	140	7	0	140	91	49	14	5	7	8	2	3	5	8	12	3	1	5	6	3	4	5	6	2	0	6	2	2	0	4	2	1	1	1	8	3	3	6
chr9	42582697	42582747	51	10	0	51	35	16	7	0	3	3	1	0	2	5	0	1	1	2	5	0	0	3	0	0	0	2	1	1	0	0	4	1	0	3	3	0	0	1
chr9	42582748	42583067	320	7	0	320	183	137	34	3	11	15	7	10	14	13	13	9	8	8	8	3	13	12	7	8	4	6	12	12	1	16	15	10	1	6	10	11	0	18
chr9	42583068	42583130	63	10	0	63	43	20	6	3	0	7	5	2	0	2	3	0	0	1	2	1	4	6	3	2	0	1	4	2	0	0	0	2	0	1	2	0	0	2
chr9	42583131	42583323	193	7	0	193	99	94	9	3	5	10	5	6	14	2	8	5	9	4	5	8	3	2	5	9	2	6	13	6	0	8	4	4	3	7	6	8	3	9
chr9	42583324	42583385	62	10	0	62	36	26	6	2	1	2	3	4	5	0	0	0	3	2	3	3	0	0	7	2	0	0	2	0	0	0	2	0	2	6	2	0	0	3
chr9	42583386	42583542	157	7	0	157	75	82	10	3	4	6	5	8	8	1	5	2	3	7	3	1	4	4	2	6	4	3	6	16	1	8	8	4	2	4	6	6	1	4
chr9	42583543	42583599	57	10	0	57	33	24	3	3	6	1	4	2	1	0	3	0	3	0	2	1	2	1	2	1	0	2	2	1	0	1	2	0	0	6	1	2	0	3
chr9	42583600	42583702	103	7	0	103	50	53	3	4	8	2	4	6	2	2	8	3	3	2	2	0	0	0	2	6	2	3	4	2	4	3	2	3	2	3	6	2	3	5
chr9	42583703	42583806	104	10	0	104	72	32	10	2	3	8	3	4	5	3	3	2	3	3	7	3	2	10	9	0	0	3	1	0	0	1	1	0	0	5	4	3	0	4
chr9	42583807	42583908	102	7	0	102	63	39	10	4	6	6	4	3	2	2	4	3	1	2	8	2	2	4	2	5	0	5	6	5	0	2	1	0	0	1	2	5	0	3
chr9	42583909	42583980	72	10	0	72	54	18	13	2	4	4	1	1	1	3	3	0	3	3	6	1	1	6	2	1	0	1	2	0	0	1	1	0	0	1	1	2	0	6
chr9	42583981	42584126	146	7	0	146	98	48	18	8	8	6	9	2	2	6	5	2	3	4	8	4	4	8	7	2	1	5	2	1	2	2	7	2	1	0	3	2	0	10
chr9	42584127	42584190	64	10	0	64	47	17	6	2	2	5	1	2	1	0	2	0	3	1	7	1	2	10	1	2	0	2	1	0	0	3	0	0	0	2	2	2	0	2
chr9	42584191	42584238	48	7	0	48	30	18	4	2	3	1	1	2	0	4	2	0	1	0	3	0	3	3	1	1	0	2	1	1	0	1	3	1	0	4	2	0	0	0
chr9	42584239	42584391	153	10	0	153	102	51	16	3	8	13	8	4	2	9	11	2	0	4	6	4	3	7	6	3	1	3	6	2	1	4	4	2	0	2	7	6	0	4
chr9	42584392	42584561	170	7	0	170	97	73	11	7	2	8	6	3	10	9	6	2	3	6	5	6	8	5	10	5	0	3	4	5	2	7	6	4	1	7	8	4	0	5
chr9	42584562	42584662	101	10	0	101	65	36	1	2	1	8	3	3	3	4	4	0	5	4	5	4	6	10	1	3	0	5	3	1	0	2	4	0	1	3	5	2	1	5
chr9	42584663	42584776	114	7	0	114	67	47	5	4	1	6	6	5	7	9	5	1	5	4	1	2	2	3	7	1	0	4	3	0	0	2	10	1	0	3	7	3	0	5
chr9	42584777	42585046	270	10	0	270	177	93	23	11	9	19	14	7	9	9	11	5	6	7	14	10	5	17	14	7	3	9	10	3	1	4	8	1	1	2	8	7	1	13
chr9	42585047	42585193	147	7	0	147	94	53	13	1	11	6	3	4	5	11	9	4	0	2	6	4	4	10	6	2	0	5	7	0	0	3	4	5	0	5	6	3	0	6
chr9	42585194	42585261	68	10	0	68	38	30	7	3	1	2	0	2	4	2	3	0	6	3	2	0	1	1	1	2	0	2	3	2	0	5	1	0	0	1	2	6	0	4
chr9	42585267	42585541	275	10	0	275	171	104	16	8	9	14	10	15	8	15	7	3	5	5	14	12	5	24	20	5	2	11	8	12	0	5	11	3	0	6	9	6	0	5
chr9	42585542	42585568	27	7	0	27	18	9	1	1	0	0	1	2	0	5	0	0	0	0	0	3	0	5	6	0	0	0	0	0	0	0	1	0	0	0	0	0	0	0
chr9	42585569	42585619	51	10	0	51	40	11	7	2	3	2	2	1	1	2	2	1	0	3	4	1	1	6	2	0	0	3	0	0	0	0	0	0	0	0	4	0	0	2
chr9	42585642	42585718	77	10	0	77	45	32	0	3	5	4	3	4	2	3	3	2	3	2	5	2	2	1	4	2	0	5	3	1	0	4	1	0	0	1	3	5	0	2
chr9	42585726	42585849	124	10	0	124	85	39	8	2	8	7	1	3	3	7	9	1	2	3	7	4	3	15	6	1	0	3	2	2	0	4	2	1	0	3	4	4	0	7
chr9	42585850	42585928	79	7	0	79	64	15	9	2	4	11	4	1	0	4	1	1	1	2	12	3	0	7	4	0	0	3	1	0	0	0	2	0	0	0	2	1	0	2
chr9	42585929	42585986	58	10	0	58	44	14	6	1	2	8	2	0	1	3	2	1	1	3	7	2	1	2	0	1	0	3	3	0	0	0	0	0	0	0	3	2	0	2
chr9	42585998	42586230	233	10	0	233	150	83	17	8	8	16	13	5	3	11	9	3	7	4	11	12	11	10	14	6	0	8	5	4	1	8	6	3	1	4	7	5	2	9
chr9	42586231	42586265	35	7	0	35	27	8	5	2	0	4	2	0	1	1	3	0	0	1	2	1	3	0	2	0	0	2	0	0	0	0	0	0	0	0	2	0	0	2
chr9	42586266	42586382	117	10	0	117	89	28	15	1	5	14	5	1	0	6	4	2	2	4	12	2	2	12	3	2	0	1	1	1	0	5	0	2	0	0	8	2	0	3
chr9	42586383	42586628	246	7	0	246	156	90	23	6	16	8	8	11	5	5	7	6	6	10	16	7	7	13	10	7	3	10	7	4	1	9	2	2	0	6	10	8	2	9
chr9	42586629	42586812	184	10	0	184	114	70	8	4	5	11	6	6	9	11	8	2	2	10	6	6	4	16	10	4	0	4	10	4	0	3	5	2	0	5	7	7	0	7
chr9	42586817	42586901	85	10	0	85	60	25	14	0	5	7	4	2	1	2	2	2	2	4	6	0	3	5	3	0	0	1	2	0	0	3	2	2	0	0	2	3	0	6
chr9	42586902	42586995	94	7	0	94	58	36	1	3	5	1	3	6	0	7	0	0	2	2	6	11	5	6	10	2	1	7	1	0	0	2	4	2	0	1	1	0	1	2
chr9	42586996	42587149	154	10	0	154	74	80	3	4	3	3	1	5	9	10	8	3	8	2	1	4	4	5	6	5	0	5	7	10	2	7	9	1	0	6	3	11	0	7
chr9	42587150	42587181	32	7	0	32	12	20	0	0	2	0	1	2	4	0	0	0	1	0	1	1	0	0	2	0	0	1	2	0	1	0	2	3	0	6	1	0	0	0
chr9	42587182	42587267	86	10	0	86	41	45	9	2	4	0	0	3	6	2	6	2	4	0	0	1	1	0	3	2	1	2	2	6	1	5	3	5	0	2	3	2	0	7
chr9	42587268	42587310	43	7	0	43	21	22	2	1	2	0	0	4	0	2	2	1	5	0	1	0	1	0	2	0	1	2	0	1	1	1	1	1	0	2	3	2	0	3
chr9	42587311	42587366	56	10	0	56	26	30	1	3	1	0	1	3	5	0	2	2	3	1	1	0	2	1	2	3	0	3	1	2	0	4	3	0	0	2	3	3	0	2
chr9	42587367	42587424	58	7	0	58	33	25	7	2	1	3	3	1	0	3	1	2	3	0	2	2	1	1	2	3	2	0	0	1	1	3	3	0	1	2	2	2	2	0
chr9	42587425	42587537	113	10	0	113	77	36	9	4	3	9	5	2	6	1	2	0	0	4	9	5	3	14	6	2	1	2	3	1	0	4	2	4	1	3	2	1	0	3
chr9	42587538	42587823	286	7	0	286	144	142	12	6	4	13	12	13	16	10	6	7	18	7	5	4	4	5	12	6	2	10	13	7	3	15	15	12	1	8	11	13	4	10
chr9	42587824	42587857	34	10	0	34	24	10	5	2	0	2	1	0	1	2	1	0	2	1	2	0	0	3	1	0	0	1	2	0	0	0	1	0	0	1	0	2	0	2
chr9	42587858	42587874	17	10	0	17	13	4	1	1	0	1	0	1	0	1	1	0	0	0	1	1	1	2	3	0	0	0	0	0	0	0	0	0	0	0	0	0	0	1
chr9	42587875	42587912	38	8	0	38	27	11	3	1	2	3	3	2	0	1	1	0	0	4	2	0	2	2	2	0	0	1	0	0	0	0	2	0	0	0	3	0	0	2
chr9	42587913	42587928	16	7	0	16	13	3	2	0	2	1	0	0	0	0	1	0	0	0	2	2	1	0	0	0	0	2	0	0	0	0	0	0	0	0	0	0	0	1
chr9	42587929	42588025	97	10	0	97	64	33	10	3	6	5	5	2	3	1	4	0	5	6	5	1	3	4	2	1	0	3	3	0	0	1	0	1	0	7	6	2	0	6
chr9	42588026	42588052	27	7	0	27	11	16	0	0	2	0	1	1	3	0	1	0	2	0	0	0	0	0	1	0	0	0	1	0	0	1	1	2	0	6	3	0	0	0
chr9	42588053	42588112	60	8	0	60	31	29	1	0	2	3	2	5	3	5	2	2	3	1	1	0	0	1	5	0	0	2	2	1	0	2	4	1	0	2	3	3	0	2
chr9	42588113	42588142	30	7	0	30	23	7	4	1	0	4	2	0	0	1	1	0	2	1	3	1	0	2	1	0	0	0	1	0	0	0	0	0	0	0	1	1	0	2
chr9	42588143	42588255	113	8	0	113	72	41	6	5	5	7	6	4	4	5	3	1	1	3	7	6	4	3	6	1	2	7	5	0	0	0	4	4	0	4	5	0	0	3
chr9	42588256	42588328	73	7	0	73	43	30	12	1	1	3	3	1	3	5	1	0	5	4	1	2	1	0	0	1	0	3	6	2	0	0	2	2	0	2	4	3	0	3
chr9	42588329	42588387	59	8	0	59	31	28	1	1	2	4	3	3	4	0	3	2	2	3	1	0	0	1	3	1	1	1	4	0	0	2	3	1	0	2	1	4	1	3
chr9	42588388	42588436	49	7	0	49	26	23	3	2	1	1	1	3	5	1	2	1	3	0	2	0	0	0	1	1	0	4	3	1	0	0	3	0	0	3	2	2	0	2
chr9	42588437	42588471	35	10	0	35	17	18	1	2	2	1	1	3	1	1	3	0	1	0	0	0	0	0	2	1	1	1	2	2	1	1	0	1	0	1	2	2	0	0
chr9	42588472	42588508	37	10	0	37	20	17	0	0	3	1	0	0	2	2	3	1	3	0	1	2	1	0	2	1	0	0	2	0	0	2	0	0	0	2	0	3	0	4
chr9	42588509	42588537	29	8	0	29	14	15	0	0	1	2	2	2	1	2	0	2	0	0	1	0	1	0	1	2	0	0	1	1	0	2	2	1	0	1	2	0	0	0
chr9	42588546	42588605	60	10	0	60	36	24	3	2	5	2	1	0	3	2	6	0	4	3	2	1	0	1	1	0	0	2	2	1	0	2	0	1	0	1	2	3	0	8
chr9	42588609	42588651	43	7	0	43	26	17	11	1	2	0	1	0	2	0	2	2	4	0	0	0	0	0	1	0	1	1	0	0	1	0	1	0	1	2	1	1	1	5
chr9	42588652	42588680	29	8	0	29	20	9	3	0	2	2	1	1	1	2	1	0	0	4	2	0	0	0	0	1	0	1	0	0	0	1	0	0	0	0	4	0	0	1
chr9	42588681	42588732	52	10	0	52	27	25	1	3	1	0	2	4	2	1	1	3	4	1	0	1	1	0	5	2	1	3	2	1	1	1	0	0	0	0	3	2	0	4
chr9	42588733	42588801	69	8	0	69	45	24	7	2	2	5	1	3	2	1	3	0	1	1	6	4	5	1	1	2	0	5	2	1	0	3	3	0	0	1	1	3	0	1
chr9	42588802	42588901	100	10	0	100	46	54	4	4	4	0	4	5	9	2	5	2	5	0	0	0	0	0	2	2	1	6	3	5	1	4	8	4	0	6	7	2	0	3
chr9	42588902	42588919	18	8	0	18	8	10	1	0	1	0	1	1	1	0	0	0	2	0	0	0	0	0	0	0	0	1	0	1	0	1	3	1	0	0	1	0	0	1
chr9	42588920	42589050	131	7	0	131	61	70	5	6	2	2	3	7	11	5	7	1	4	3	0	0	0	4	8	3	0	3	6	5	4	4	7	7	1	7	6	4	1	3
chr9	42589051	42589103	53	10	0	53	31	22	3	2	3	0	0	1	0	6	4	0	2	0	1	2	3	4	2	0	0	2	2	1	0	1	1	1	1	3	1	2	1	2
chr9	42589104	42589122	19	7	0	19	8	11	1	1	0	0	1	1	2	0	1	0	0	0	0	0	0	0	1	1	0	0	3	0	0	0	0	2	0	2	0	1	0	0
chr9	42589123	42589181	59	8	0	59	36	23	5	1	3	3	1	0	4	2	6	1	2	0	0	1	2	5	0	1	0	2	1	0	1	1	1	0	0	5	4	2	1	2
chr9	42589182	42589294	113	7	0	113	50	63	2	3	2	2	1	6	5	6	3	3	3	3	3	1	3	2	4	8	0	1	8	11	2	7	4	4	2	0	2	5	0	5
chr9	42589295	42589309	15	8	0	15	8	7	1	0	1	0	1	0	0	1	0	1	1	1	0	0	0	0	1	0	0	0	1	1	0	0	0	0	0	0	0	1	0	2
chr9	42589310	42589383	74	10	0	74	47	27	5	0	2	4	4	2	1	3	0	1	2	6	3	3	3	7	4	0	1	1	2	2	0	3	1	1	0	2	3	3	1	2
chr9	42589390	42589486	97	10	0	97	61	36	7	2	9	3	4	0	2	3	3	2	2	4	7	2	3	6	1	2	0	3	4	1	0	6	2	4	0	2	2	4	0	5
chr9	42589487	42589540	54	10	0	54	35	19	2	1	3	5	3	0	1	6	2	1	0	3	4	0	0	4	1	0	0	1	3	0	0	1	3	1	0	1	2	3	0	1
chr9	42589541	42589573	33	10	0	33	20	13	5	2	0	1	0	1	3	1	1	1	0	1	1	0	0	1	2	2	0	1	2	1	0	2	0	0	0	0	1	2	0	0
chr9	42589574	42589655	82	10	0	82	49	33	7	2	1	5	6	0	1	9	1	3	3	1	1	3	3	1	5	2	0	1	5	2	0	2	3	3	0	2	3	2	0	3
chr9	42589656	42589690	35	7	0	35	19	16	2	0	2	1	2	1	2	2	1	1	2	0	1	0	0	1	0	1	0	1	2	0	0	1	3	1	0	2	1	1	0	2
chr9	42589691	42589701	11	8	0	11	4	7	0	0	1	0	1	1	0	0	0	0	1	0	0	0	0	0	0	1	0	0	0	0	0	1	1	0	0	1	0	0	1	0
chr9	42589702	42589783	82	10	0	82	43	39	5	4	6	2	6	0	3	2	5	0	5	0	1	0	3	0	2	0	0	2	2	3	0	6	4	3	0	5	3	4	0	4
chr9	42589784	42589803	20	8	0	20	10	10	1	1	1	0	1	0	1	0	1	1	3	0	0	0	0	0	0	1	0	1	0	0	0	2	0	0	0	0	2	0	0	2
chr9	42589804	42589838	35	9	0	35	22	13	2	0	2	3	2	1	1	1	2	1	0	2	1	2	1	0	3	0	0	1	1	1	0	1	0	0	0	0	1	1	0	3
chr9	42589848	42589938	91	9	0	91	53	38	7	4	4	6	4	1	4	1	4	0	2	2	5	2	3	2	2	4	0	1	2	5	1	5	4	3	0	3	2	1	1	4
chr9	42589943	42589992	50	8	0	50	26	24	5	0	3	1	2	1	3	2	1	2	2	1	2	0	0	0	0	1	0	2	1	3	0	2	3	2	0	3	4	1	0	1
chr9	42589993	42590139	147	7	0	147	79	68	11	3	8	6	6	4	4	6	6	5	7	1	5	3	3	1	5	4	0	6	5	4	3	6	5	4	2	4	5	6	1	6
chr9	42590140	42590221	82	8	0	82	52	30	9	4	4	4	5	2	1	3	5	2	3	1	3	0	1	4	5	2	0	1	4	1	0	2	0	0	0	3	2	4	2	3
chr9	42590222	42590305	84	9	0	84	36	48	2	3	2	1	4	4	5	2	2	1	7	2	0	0	0	0	3	2	0	2	5	9	0	4	2	5	0	3	5	2	0	5
chr9	42590306	42590322	17	8	0	17	14	3	2	1	0	1	1	0	0	0	0	0	0	0	2	1	1	3	0	1	0	1	1	0	0	0	0	0	0	0	0	0	0	0
chr9	42590323	42590423	101	9	0	101	57	44	4	2	5	3	2	5	5	6	5	1	3	5	2	4	2	2	5	2	0	5	4	4	0	3	2	1	0	3	7	4	0	3
chr9	42590424	42590559	136	8	0	136	59	77	0	1	5	3	4	5	13	2	4	3	9	3	1	3	1	0	4	3	0	5	9	7	0	6	6	7	1	10	6	5	1	7
chr9	42590566	42590620	55	8	0	55	46	9	16	1	2	7	1	1	0	0	1	0	0	0	8	2	3	3	1	0	0	3	0	0	0	0	1	0	0	2	0	0	0	1
chr9	42590621	42590663	43	7	0	43	33	10	11	2	4	1	3	1	0	1	1	0	0	0	4	3	0	0	2	1	0	3	1	0	0	0	2	0	0	0	0	0	0	1
chr9	42590664	42590715	52	8	0	52	43	9	13	2	0	9	5	0	0	1	2	0	1	1	5	1	1	1	2	0	0	1	1	0	0	0	0	0	0	0	2	1	0	1
chr9	42590716	42590725	10	7	0	10	8	2	2	1	0	2	0	0	0	0	1	0	0	0	2	0	0	0	0	0	0	0	0	0	0	0	0	0	0	0	0	0	0	0
chr9	42590726	42590777	52	8	0	52	32	20	3	2	2	2	1	3	3	2	0	1	0	3	4	1	2	1	4	0	0	3	3	0	0	0	2	2	0	2	0	1	0	3
chr9	42590778	42590796	19	7	0	19	18	1	4	0	0	4	0	0	0	1	1	0	0	0	2	0	0	4	0	0	0	0	0	0	0	0	0	0	0	0	1	0	0	0
chr9	42590797	42590850	54	8	0	54	41	13	6	1	1	8	0	1	0	2	2	1	1	0	8	0	1	7	1	0	1	1	1	2	0	1	0	1	0	1	2	1	1	0
chr9	42590851	42590890	40	7	0	40	25	15	3	0	3	3	1	1	1	0	4	1	2	0	0	1	2	1	0	1	0	3	2	1	0	1	0	0	0	0	1	2	0	4
chr9	42590891	42590958	68	8	0	68	43	25	5	2	4	5	0	1	2	4	6	0	4	2	4	0	0	2	0	2	0	1	2	2	0	4	1	1	0	0	4	3	0	5
chr9	42590959	42591005	47	7	0	47	28	19	3	2	2	4	1	0	1	2	2	1	2	0	5	2	1	0	1	2	0	2	1	2	0	2	0	1	1	0	2	1	0	2
chr9	42591006	42591143	138	8	0	138	83	55	7	4	12	4	3	2	6	2	11	2	6	5	6	4	3	5	4	4	0	4	1	3	0	10	0	2	0	2	8	5	0	11
chr9	42591145	42591226	82	8	0	82	43	39	2	2	2	3	6	2	5	6	0	3	3	6	1	0	1	0	4	1	0	2	1	2	0	4	7	4	0	1	7	1	0	4
chr9	42591227	42591250	24	7	0	24	15	9	2	2	1	0	0	1	2	1	1	1	0	0	2	0	0	0	2	2	0	1	1	0	0	1	0	0	0	0	1	0	0	1
chr9	42591251	42591303	53	9	0	53	31	22	2	2	3	2	3	2	1	3	3	0	3	1	0	2	0	2	5	0	0	1	1	1	0	3	3	1	0	0	1	3	0	3
chr9	42591304	42591332	29	8	0	29	16	13	1	1	2	2	3	1	1	0	1	1	1	0	1	0	1	0	2	0	0	1	3	0	0	0	0	2	0	0	0	1	0	2
chr9	42591333	42591346	14	7	0	14	7	7	0	0	0	0	0	0	1	0	0	1	1	1	0	0	1	1	1	0	0	0	0	0	0	0	0	0	0	2	1	1	0	1
chr9	42591347	42591372	26	8	0	26	10	16	0	0	0	0	0	1	0	2	0	1	1	1	0	1	1	1	0	0	3	0	2	3	0	1	1	2	0	1	0	1	1	0
chr9	42591373	42591453	81	9	0	81	45	36	7	3	3	5	5	2	4	1	4	2	1	0	2	1	3	2	3	2	0	3	4	5	0	4	3	2	0	1	2	2	0	3
chr9	42591454	42591477	24	8	0	24	12	12	1	0	1	1	0	0	1	1	1	1	2	0	1	0	1	0	0	1	0	0	1	2	0	2	0	0	0	0	1	2	0	2
chr9	42591478	42591581	104	7	0	104	48	56	6	4	3	1	3	6	5	1	1	1	6	5	4	0	1	1	2	4	2	2	6	2	2	7	4	7	1	2	3	3	3	4
chr9	42591582	42591641	60	8	0	60	36	24	9	3	1	3	2	1	2	3	3	1	2	0	2	1	3	0	3	2	0	1	4	2	0	1	0	2	0	2	1	0	0	4
chr9	42591642	42591793	152	7	0	152	78	74	14	3	3	4	5	7	11	2	3	3	11	6	2	1	1	2	6	3	2	3	5	2	2	6	7	4	2	7	7	5	1	10
chr9	42591794	42591866	73	8	0	73	43	30	7	3	5	2	2	0	2	3	4	2	3	1	4	1	1	2	3	1	0	2	2	4	0	3	1	2	0	1	1	3	0	6
chr9	42591867	42591921	55	9	0	55	31	24	1	0	4	1	3	0	3	0	1	3	2	5	1	1	1	3	3	1	0	1	2	1	0	5	0	0	0	0	1	6	0	4
chr9	42591928	42592064	137	9	0	137	80	57	13	6	6	5	9	5	3	7	4	2	4	4	4	1	5	2	7	3	0	3	5	2	0	6	7	3	0	6	5	5	0	3
chr9	42592065	42592113	49	8	0	49	35	14	2	2	3	2	2	1	0	2	2	1	1	1	3	2	3	6	2	0	0	4	0	0	0	1	0	1	0	1	3	0	0	2
chr9	42592114	42592173	60	9	0	60	42	18	5	0	2	7	0	2	3	1	3	2	0	5	7	0	2	1	1	0	1	2	1	0	0	1	0	0	1	1	5	2	0	3
chr9	42592174	42592264	91	8	0	91	55	36	8	3	4	4	4	2	5	3	2	2	4	4	5	2	1	0	6	2	0	1	3	0	0	4	3	2	0	3	2	3	0	7
chr9	42592265	42592301	37	7	0	37	22	15	3	1	1	1	2	0	1	1	1	0	3	3	0	2	1	1	1	1	0	2	1	0	0	2	0	0	0	0	2	3	0	2
chr9	42592307	42592439	133	9	0	133	78	55	11	4	9	5	5	5	5	3	9	1	6	3	4	2	2	2	3	2	1	6	6	3	1	3	3	4	0	3	6	4	0	10
chr9	42592441	42596500	4060	7	0	4060	2506	1554	331	149	161	217	171	118	161	170	154	83	106	108	202	101	100	173	211	74	38	129	117	69	15	117	124	73	14	121	168	103	19	161
chr9	42596501	42596590	90	8	0	90	55	35	3	1	5	3	1	3	3	4	3	1	4	1	6	4	5	6	4	1	0	4	2	3	0	2	3	1	0	6	2	2	0	5
chr9	42596591	42596608	18	7	0	18	16	2	1	0	1	3	0	0	0	0	0	0	0	0	4	1	1	3	0	0	0	1	0	0	0	0	0	0	0	0	0	0	0	1
chr9	42596609	42596809	201	8	0	201	134	67	20	8	11	9	6	5	6	12	17	3	4	5	5	4	8	10	11	1	0	8	2	0	1	4	5	2	0	3	10	4	1	14
chr9	42596810	42596859	50	7	0	50	39	11	8	0	2	5	0	0	1	3	1	0	0	4	6	1	2	5	0	1	0	0	0	0	0	2	0	1	0	1	4	0	0	1
chr9	42596860	42596952	93	8	0	93	61	32	8	4	3	6	6	2	3	1	3	1	4	1	5	5	4	4	2	1	0	9	3	0	0	1	2	1	2	1	4	2	0	3
chr9	42596953	42597038	86	7	0	86	43	43	3	3	3	0	1	5	4	5	3	1	6	1	2	3	1	0	3	4	0	5	5	2	0	6	0	3	0	3	8	4	0	0
chr9	42597039	42597128	90	8	0	90	57	33	9	4	4	4	6	1	4	1	2	2	4	2	4	3	2	3	3	1	0	6	1	1	0	5	3	2	0	1	5	3	0	2
chr9	42597129	42597343	215	7	0	215	121	94	22	9	13	3	9	8	11	6	8	3	3	4	8	5	4	3	8	9	0	8	7	5	0	11	12	5	2	9	9	4	2	3
chr9	42597344	42597420	77	8	0	77	29	48	2	2	0	0	2	3	8	1	0	2	5	0	0	1	2	1	1	3	0	4	3	7	1	3	6	4	0	7	4	1	1	1
chr9	42597421	42597760	340	7	0	340	184	156	22	9	12	12	15	16	17	14	7	9	7	5	11	12	10	5	18	16	1	11	19	14	0	12	13	9	1	13	12	6	0	10
chr9	42597761	42597847	87	8	0	87	41	46	2	2	4	3	6	3	5	2	2	2	4	3	1	0	1	0	3	1	0	3	6	5	0	4	3	4	0	5	5	4	0	2
chr9	42597848	42597873	26	7	0	26	18	8	4	0	5	0	0	0	0	0	2	0	1	0	4	0	0	0	0	0	0	0	0	0	0	2	0	1	0	1	0	1	0	3
chr9	42597874	42597980	107	8	0	107	49	58	4	2	4	1	3	7	4	6	4	3	6	2	0	1	0	1	5	5	1	2	10	7	1	2	2	5	0	3	4	3	0	7
chr9	42597981	42597998	18	7	0	18	9	9	2	1	0	0	0	1	3	0	0	0	0	0	1	0	0	0	0	1	0	1	2	0	0	0	1	1	0	2	0	0	0	0
chr9	42597999	42598102	104	8	0	104	53	51	2	4	4	1	3	4	4	8	3	1	2	4	2	3	4	3	6	0	0	6	7	2	1	5	2	8	1	2	4	5	0	1
chr9	42598103	42598180	78	7	0	78	49	29	4	3	4	3	2	5	1	4	4	2	3	1	4	2	2	4	5	1	1	5	0	1	0	1	2	0	0	2	5	0	3	2
chr9	42598181	42598244	64	8	0	64	33	31	6	0	2	4	6	2	2	1	0	1	1	3	0	3	1	0	4	2	0	0	4	5	0	4	3	1	0	2	1	4	0	0
chr9	42598245	42598408	164	7	0	164	85	79	3	5	6	3	3	7	9	5	7	6	7	6	4	2	7	4	8	8	0	4	6	5	0	11	3	1	1	5	7	8	3	8
chr9	42598409	42598522	114	10	0	114	68	46	6	4	6	7	5	5	4	4	4	0	4	3	7	1	2	4	4	0	2	4	5	1	0	3	4	7	0	5	6	1	0	4
chr9	42598534	42598911	378	10	0	378	223	155	26	9	16	18	18	7	18	10	11	12	10	9	15	11	17	15	15	9	0	15	12	12	1	14	10	7	1	16	16	11	0	15
chr9	42598912	42598951	40	8	0	40	25	15	4	0	1	3	0	2	2	1	2	0	1	1	3	1	1	1	3	0	0	0	1	1	0	2	1	2	0	1	1	1	0	2
chr9	42598952	42599006	55	10	0	55	36	19	6	1	3	5	3	2	2	2	5	1	2	3	0	0	0	0	1	1	0	2	2	0	0	1	0	0	0	0	5	2	0	4
chr9	42599007	42599116	110	8	0	110	66	44	5	2	4	6	5	3	5	6	3	4	3	5	4	4	2	3	7	2	0	5	7	2	0	2	1	2	0	1	4	5	0	6
chr9	42599117	42599424	308	10	0	308	178	130	24	10	16	12	15	8	7	11	13	4	11	9	10	4	8	14	11	6	0	9	15	11	1	16	8	8	0	8	8	18	1	10
chr9	42599425	42599484	60	8	0	60	36	24	5	1	1	6	2	4	4	0	4	0	0	0	2	1	1	4	3	2	0	1	5	0	0	3	1	2	0	1	1	4	0	0
chr9	42599485	42599596	112	10	0	112	64	48	4	5	7	1	4	2	7	5	5	1	3	5	4	3	2	5	4	2	0	5	7	1	0	2	2	5	0	5	6	2	0	6
chr9	42599597	42599723	127	8	0	127	73	54	4	6	4	5	7	3	4	4	6	1	5	7	3	5	6	2	3	3	2	7	3	4	1	5	3	2	0	1	8	4	1	6
chr9	42599724	42600060	337	10	0	337	203	134	25	15	13	17	18	12	14	7	11	6	14	9	16	7	8	11	16	7	1	16	10	9	0	13	7	6	1	6	18	8	0	14
chr9	42600061	42600454	394	8	0	394	193	201	49	5	10	10	11	13	19	2	11	8	27	8	4	5	7	2	4	10	5	12	12	12	15	13	16	18	11	19	14	12	9	19
chr9	42600455	42600578	124	10	0	124	73	51	12	3	11	1	3	0	5	5	8	3	3	6	3	3	4	2	3	1	1	4	4	0	2	4	3	2	1	6	3	7	0	9
chr9	42600579	42600681	103	8	0	103	59	44	5	2	6	5	5	2	4	1	6	5	4	3	1	4	4	1	5	1	2	5	2	4	1	3	1	0	0	1	4	5	1	8
chr9	42600682	42600754	73	10	0	73	39	34	0	1	1	1	1	2	4	5	1	2	3	4	1	3	3	5	5	0	0	3	2	3	0	5	1	2	0	3	4	5	0	1
chr9	42600755	42600800	46	8	0	46	23	23	2	1	3	0	0	1	0	2	2	1	3	2	2	1	1	2	0	2	1	0	0	2	2	4	1	0	0	1	2	4	0	2
chr9	42600801	42600884	84	10	0	84	48	36	3	1	3	8	4	1	1	3	3	3	3	0	5	2	4	2	1	3	0	3	4	4	3	1	2	3	0	3	2	2	1	4
chr9	42600885	42600929	45	8	0	45	29	16	3	1	3	4	1	0	0	1	1	1	2	0	6	1	2	3	1	0	1	1	0	2	0	3	1	0	0	1	0	2	1	1
chr9	42600930	42601087	158	10	0	158	101	57	16	5	8	8	4	4	4	5	5	3	3	3	12	4	6	9	6	4	2	4	7	4	0	6	1	7	0	2	3	2	0	9
chr9	42601112	42601245	134	10	0	134	83	51	11	3	6	9	7	3	5	6	6	4	2	2	5	5	2	6	8	3	1	2	4	3	0	5	5	2	1	2	4	4	0	6
chr9	42601246	42601281	36	8	0	36	19	17	3	1	1	2	2	1	2	0	2	1	0	2	0	0	0	2	0	1	0	2	2	2	2	0	0	1	0	0	3	1	0	1
chr9	42601282	42601337	56	10	0	56	36	20	8	1	2	4	2	0	2	4	1	0	0	2	2	4	2	0	1	3	0	1	5	1	0	0	1	2	0	3	1	0	0	2
chr9	42601345	42601552	208	10	0	208	118	90	12	6	5	10	9	4	7	12	6	4	8	1	7	7	9	9	9	5	0	7	14	6	0	7	5	7	1	9	4	9	1	6
chr9	42601553	42601913	361	8	0	361	218	143	25	15	13	16	18	8	13	18	13	7	11	13	12	7	11	16	19	5	2	11	12	5	3	12	8	10	0	12	18	12	1	13
chr9	42601914	42602003	90	10	0	90	61	29	12	5	2	7	7	3	2	1	3	2	1	3	5	2	4	1	7	3	0	2	2	1	0	2	0	1	0	1	4	1	0	4
chr9	42602004	42602093	90	8	0	90	54	36	8	5	1	4	4	6	4	5	4	0	3	2	2	4	1	1	9	3	1	2	4	1	0	1	2	1	0	1	3	1	0	5
chr9	42602094	42602230	137	10	0	137	88	49	6	3	6	8	6	7	3	6	7	1	2	8	4	5	6	9	7	2	0	6	5	2	0	2	4	0	0	2	6	5	0	7
chr9	42602231	42602543	313	8	0	313	150	163	12	6	5	12	9	9	18	11	8	3	17	11	5	10	5	8	7	11	3	7	19	12	7	16	9	17	3	13	12	14	3	9
chr9	42602544	42602820	277	10	0	277	150	127	10	10	11	7	13	12	11	12	7	3	16	4	8	10	4	10	17	5	1	12	15	7	0	10	10	7	2	11	6	13	1	10
chr9	42602821	42603032	212	10	0	212	151	61	26	5	9	19	9	4	4	5	6	2	6	4	17	10	5	18	7	6	0	8	7	4	0	3	0	1	0	7	8	3	0	7
chr9	42603058	42603155	98	10	0	98	60	38	6	2	8	5	4	4	2	7	9	1	2	2	2	2	2	2	2	3	0	4	3	2	0	2	4	0	0	2	8	1	0	5
chr9	42603156	42603208	53	8	0	53	20	33	0	1	1	0	1	4	4	1	1	1	3	0	0	0	1	1	1	0	4	0	3	2	0	2	4	4	1	5	2	1	1	2
chr9	42603209	42603290	82	10	0	82	50	32	17	1	7	2	2	0	1	2	2	3	3	0	5	0	3	0	0	1	0	3	5	3	0	4	0	4	0	4	0	4	0	4
chr9	42603291	42603319	29	8	0	29	19	10	4	1	3	1	1	0	1	0	0	1	0	0	4	1	0	1	1	2	0	1	0	2	0	2	0	0	0	0	1	0	0	0
chr9	42603320	42603517	198	10	0	198	111	87	8	10	7	7	7	8	10	10	5	4	8	3	12	7	1	2	15	7	0	8	8	10	0	7	5	2	0	5	7	6	0	7
chr9	42603526	42603790	265	10	0	265	162	103	16	9	7	13	9	5	12	22	9	5	5	7	10	10	7	14	15	6	2	6	12	1	0	5	14	4	2	10	7	7	2	10
chr9	42603791	42603838	48	8	0	48	28	20	1	1	0	2	0	0	5	0	1	0	2	1	3	5	1	5	0	2	0	4	3	3	0	1	1	0	0	1	1	2	0	1
chr9	42603839	42603973	135	10	0	135	87	48	16	3	6	8	5	6	4	6	6	2	4	3	8	1	4	3	5	4	0	3	6	1	0	2	6	0	0	6	4	4	0	7
chr9	42603974	42604060	87	8	0	87	57	30	4	2	2	5	3	3	3	6	3	3	2	4	2	2	5	7	3	2	0	5	2	0	0	1	2	1	0	1	7	0	0	5
chr9	42604061	42604689	629	10	0	629	393	236	57	31	32	30	45	14	17	27	26	12	9	17	23	12	14	25	36	14	3	16	24	12	1	16	25	7	2	16	18	20	2	24
chr9	42604690	42606030	1341	9	0	1341	845	496	130	50	50	79	75	30	44	58	60	18	34	45	44	29	43	56	59	33	1	33	47	20	1	44	33	26	0	41	68	33	2	53
chr9	42606046	42606333	288	9	0	288	144	144	19	6	8	7	14	14	17	5	4	6	16	5	4	9	6	3	11	9	3	12	16	7	2	12	11	14	3	12	12	8	0	11
chr9	42606334	42606366	33	8	0	33	21	12	6	1	0	3	2	1	0	0	0	1	1	0	2	1	2	1	1	0	0	2	1	1	0	1	0	2	0	0	1	1	0	0
chr9	42606367	42606515	149	9	0	149	108	41	28	4	8	15	10	2	2	2	10	2	3	5	7	0	3	6	6	2	0	0	5	0	0	3	0	2	0	2	5	4	0	11
chr9	42606516	42606572	57	8	0	57	37	20	4	3	3	5	5	0	1	0	2	0	0	2	4	2	3	3	2	1	0	1	1	2	0	0	2	0	1	4	1	0	1	2
chr9	42606573	42607358	786	9	0	786	520	266	73	32	40	49	40	25	20	30	36	13	24	25	44	21	17	30	46	14	2	28	21	7	2	13	17	8	1	8	31	14	1	52
chr9	42607359	42607398	40	8	0	40	20	20	2	0	1	0	0	2	4	0	1	2	4	1	0	0	1	1	1	1	0	2	3	0	0	1	0	1	0	1	2	2	0	5
chr9	42607399	42608011	613	9	0	613	340	273	31	19	24	27	35	22	21	21	20	14	28	15	15	16	16	15	24	18	5	24	26	13	0	25	24	15	7	14	25	18	8	26
chr9	42608032	42608971	940	9	0	940	527	413	86	23	37	36	28	21	43	23	39	23	47	20	29	21	25	25	22	13	10	43	27	37	8	41	21	25	10	26	44	38	4	43
chr9	42609012	42609094	83	9	0	83	44	39	7	2	3	3	3	5	5	0	3	0	3	4	2	2	1	1	1	2	0	6	5	4	0	3	2	2	0	2	5	5	0	0
chr9	42609113	42609194	82	9	0	82	55	27	7	3	3	7	4	1	2	3	4	0	1	3	5	3	5	3	4	1	0	2	1	0	0	3	3	1	0	4	2	2	0	3
chr9	42609231	42609285	55	9	0	55	33	22	1	1	5	2	2	2	2	3	3	1	1	3	3	1	1	1	2	0	1	2	0	0	0	1	3	1	0	3	4	0	1	3
chr9	42609299	42609351	53	9	0	53	39	14	7	0	1	8	2	1	2	2	4	0	1	3	3	0	0	3	0	0	0	1	1	1	0	0	1	0	0	1	6	1	0	2
chr9	42609361	42609477	117	9	0	117	91	26	9	4	7	13	3	2	1	8	4	1	0	1	16	9	1	10	7	0	0	9	1	0	0	1	2	0	0	0	4	2	0	0
chr9	42609483	42610174	692	9	0	692	418	274	61	22	19	39	28	22	24	27	17	14	26	18	35	15	19	31	33	14	4	22	24	9	6	24	19	21	6	16	25	18	6	26
chr9	42610175	42610228	54	10	0	54	39	15	7	3	1	4	0	0	2	5	3	0	2	0	5	1	1	3	1	1	0	2	1	0	0	1	4	0	0	0	1	1	0	3
chr9	42610229	42610247	19	9	0	19	14	5	0	0	0	2	0	0	1	1	0	0	0	0	1	5	1	1	3	0	0	2	0	0	0	0	0	0	0	0	0	0	0	0
chr9	42610248	42610390	143	10	0	143	91	52	8	3	8	12	8	5	3	4	9	2	7	1	7	3	5	5	4	4	0	5	4	0	0	5	5	2	0	3	6	3	0	10
chr9	42610391	42610436	46	9	0	46	31	15	4	1	0	5	0	3	2	3	2	0	1	0	4	1	1	4	2	1	0	2	1	0	0	1	3	0	0	0	1	1	0	1
chr9	42610437	42610488	52	10	0	52	33	19	1	0	2	3	2	0	2	4	3	2	1	1	2	2	2	4	1	1	0	2	3	1	0	0	2	0	0	2	2	2	0	3
chr9	42610490	42610580	91	10	0	91	54	37	5	3	6	4	2	3	3	4	7	0	3	2	5	1	2	2	3	2	0	2	3	1	0	6	2	4	0	2	5	3	0	4
chr9	42610581	42610873	293	9	0	293	158	135	12	6	9	12	11	10	10	21	11	6	11	16	6	5	4	7	11	7	0	9	13	22	1	9	7	4	1	6	20	12	2	10
chr9	42610874	42610981	108	10	0	108	65	43	6	4	7	4	5	1	4	5	2	5	4	2	7	3	3	1	3	2	0	8	4	2	0	3	2	1	0	5	6	4	0	3
chr9	42610982	42611014	33	9	0	33	16	17	0	0	0	2	2	2	1	2	0	0	1	1	0	1	2	1	3	0	0	0	1	0	0	4	3	3	0	0	0	1	0	1
chr9	42611015	42611086	72	10	0	72	40	32	7	1	2	5	5	1	2	3	3	1	1	0	1	3	2	2	3	1	0	1	5	5	0	3	2	5	0	1	1	2	0	2
chr9	42611087	42611112	26	9	0	26	17	9	1	2	1	2	1	0	1	1	0	1	0	0	3	0	1	1	1	1	0	1	0	1	0	2	1	1	0	0	1	0	0	0
chr9	42611113	42611174	62	10	0	62	36	26	4	2	3	2	3	3	3	3	4	2	2	3	0	0	0	0	3	2	0	2	3	0	0	3	2	0	0	0	4	4	0	3
chr9	42611179	42611229	51	10	0	51	18	33	1	1	1	0	2	2	3	4	0	0	2	0	0	2	0	0	2	3	0	0	6	5	0	2	3	4	0	4	0	2	0	0
chr9	42611231	42611288	58	10	0	58	24	34	3	0	2	1	1	3	5	3	2	1	2	0	0	0	0	0	3	0	0	1	5	4	0	3	3	5	0	4	2	2	0	1
chr9	42611289	42611351	63	9	0	63	30	33	1	2	2	0	1	2	4	3	2	3	4	0	1	2	1	0	2	4	1	3	4	3	1	2	1	0	0	3	3	3	0	3
chr9	42611352	42611658	307	10	0	307	143	164	8	8	15	6	12	12	20	9	15	4	13	3	2	7	5	2	11	12	0	8	21	17	0	19	11	13	0	16	11	15	0	10
chr9	42611659	42611849	191	9	0	191	93	98	9	4	6	9	7	3	10	11	10	7	8	1	2	0	3	3	8	5	0	1	11	13	0	13	7	8	0	4	5	12	0	9
chr9	42611850	42611972	123	10	0	123	74	49	16	4	10	5	6	1	6	2	10	1	3	1	3	0	3	2	2	1	0	3	3	2	0	3	7	3	1	8	3	2	1	9
chr9	42611973	42612154	182	9	0	182	95	87	9	6	9	3	7	6	7	7	8	5	11	7	3	1	3	3	4	5	1	8	8	7	3	5	5	3	0	5	9	8	2	12
chr9	42612155	42612226	72	10	0	72	41	31	4	1	8	2	5	1	1	3	6	3	1	1	0	1	3	0	2	1	0	3	5	2	0	1	1	1	0	2	2	4	0	6
chr9	42612227	42612336	110	9	0	110	61	49	11	4	8	2	6	4	3	3	8	2	5	1	0	1	2	0	5	1	0	5	7	4	0	2	3	1	1	3	1	6	1	8
chr9	42612337	42612408	72	10	0	72	32	40	0	2	2	2	4	2	5	3	2	0	7	1	0	1	1	0	1	2	0	2	4	2	0	5	4	3	0	5	3	4	0	3
chr9	42612409	42612441	33	9	0	33	14	19	0	0	0	1	0	2	2	3	0	0	0	2	1	1	2	0	1	1	1	0	2	1	0	1	4	2	0	2	0	1	1	0
chr9	42612442	42612731	290	10	0	290	158	132	16	12	8	7	8	9	18	10	10	9	10	5	10	8	6	10	12	14	0	12	18	9	1	14	5	8	0	5	10	11	1	12
chr9	42612732	42612989	258	9	0	258	143	115	14	9	12	8	9	10	9	15	12	6	10	8	8	2	3	7	9	7	2	10	10	9	2	9	5	9	2	4	18	5	2	11
chr9	42612990	42613141	152	10	0	152	108	44	13	2	5	19	4	4	3	10	8	1	1	7	14	6	2	8	10	0	0	3	3	4	0	4	2	0	0	0	6	6	0	5
chr9	42613142	42614317	1176	9	0	1176	704	472	111	39	32	58	39	31	53	55	42	23	38	24	49	31	26	51	52	23	10	39	38	18	12	39	39	32	6	37	49	34	10	34
chr9	42614318	42614584	267	9	0	267	172	95	28	9	6	15	5	4	10	13	8	4	11	6	18	7	9	18	9	5	0	9	6	6	0	10	4	6	2	8	13	5	2	9
chr9	42614585	42619325	4741	9	0	4741	2740	2001	335	136	170	231	159	182	207	161	193	96	164	137	184	99	124	161	215	119	35	144	184	128	20	188	120	117	27	114	190	156	24	219
chr9	42619326	42622571	3246	9	0	3246	2105	1141	326	111	110	208	137	82	101	135	115	49	74	93	176	83	90	213	136	63	18	108	95	65	16	77	94	48	15	75	130	77	9	115
chr9	42622572	42632130	9559	9	0	9559	6335	3224	914	307	399	691	394	220	304	377	417	137	219	261	587	273	283	551	416	162	34	325	253	119	14	256	237	149	9	215	389	211	25	409
chr9	42632134	42632199	66	9	0	66	42	24	1	1	0	0	0	0	1	0	1	0	21	0	0	0	1	14	1	0	0	0	0	0	0	0	0	0	0	0	0	0	0	23
chr9	42632201	42632217	17	9	0	17	7	10	0	1	0	0	1	0	0	0	0	0	1	0	0	0	2	0	0	1	0	1	1	2	0	2	0	2	0	0	1	0	0	0
chr9	42632219	42633000	782	9	0	782	479	303	58	28	27	41	34	19	27	40	35	21	18	15	27	20	31	38	47	14	3	24	24	15	4	22	25	12	3	19	24	23	4	38
chr9	42633001	42633053	53	9	0	53	35	18	6	2	1	4	2	2	2	1	3	1	3	1	2	2	0	2	1	0	2	4	0	0	0	0	1	0	1	0	5	0	1	2
chr9	42633054	42633126	73	9	0	73	47	26	9	2	2	4	3	2	3	4	5	1	2	4	1	1	0	2	2	1	0	3	4	0	0	1	2	0	0	0	4	4	2	3
chr9	42633127	42633292	166	9	0	166	102	64	21	7	7	9	10	3	5	6	7	4	3	4	6	2	4	2	7	5	2	3	4	5	1	7	5	2	0	5	8	5	1	4
chr9	42633293	42633418	126	9	0	126	76	50	9	9	5	6	9	2	7	2	8	1	4	5	3	0	4	1	7	2	0	3	4	3	0	3	3	1	0	4	6	4	0	9
chr9	42633419	42633454	36	9	0	36	27	9	8	5	1	1	6	1	0	1	0	0	0	0	1	1	0	2	7	0	0	0	0	0	0	0	0	0	0	0	0	0	0	0
chr9	42633455	42633514	60	9	0	60	46	14	9	3	3	6	4	0	0	2	2	1	0	2	6	0	2	4	0	3	0	1	3	0	0	0	1	0	0	1	2	0	0	3
chr9	42633515	42633725	211	9	0	211	136	75	18	9	9	14	8	5	6	3	13	2	5	5	12	5	9	12	6	9	0	6	7	6	0	10	2	1	0	3	7	7	0	10
chr9	42633726	42633813	88	9	0	88	54	34	10	2	4	7	6	1	6	1	4	4	1	2	3	2	1	0	4	3	0	1	3	0	1	0	4	1	0	4	3	0	1	7
chr9	42633814	42633923	110	9	0	110	68	42	6	1	10	7	4	3	3	5	15	2	2	3	0	1	2	3	4	2	0	1	3	2	0	4	0	1	0	2	8	4	0	10
chr9	42633924	42634089	166	9	0	166	110	56	17	9	6	6	10	3	5	9	5	3	0	12	6	4	4	10	8	7	0	4	8	2	0	4	1	1	0	0	10	4	0	6
chr9	42634090	42634141	52	9	0	52	37	15	4	2	0	5	3	2	1	4	1	0	0	3	3	2	0	5	4	2	0	0	2	0	0	1	2	0	0	0	3	1	0	0
chr9	42634159	42634276	118	9	0	118	78	40	12	1	6	8	6	2	3	7	1	2	3	5	8	3	3	8	6	1	1	0	0	1	0	3	7	1	0	7	5	1	1	4
chr9	42634277	42634499	223	9	0	223	126	97	14	7	12	6	10	5	10	6	13	8	10	7	2	5	6	5	8	4	2	11	7	4	1	9	3	3	0	6	12	10	3	12
chr9	42634500	42634581	82	9	0	82	50	32	7	3	5	3	3	0	3	0	6	1	3	3	3	2	5	2	1	1	1	3	1	1	1	4	1	1	0	3	3	4	0	6
chr9	42634582	42634624	43	9	0	43	23	20	0	1	2	0	3	1	4	1	1	1	1	1	0	2	2	2	4	1	0	0	1	0	0	1	2	1	0	5	1	0	0	3
chr9	42634625	42634670	46	9	0	46	27	19	2	2	2	2	4	1	2	1	2	0	2	2	1	1	1	1	2	1	0	1	0	2	0	1	3	0	0	2	3	0	0	3
chr9	42634671	42634825	155	9	0	155	93	62	18	6	6	7	10	3	4	6	6	1	3	4	3	4	6	5	7	3	1	3	5	2	2	5	5	3	2	8	5	6	1	3
chr9	42634826	42634981	156	9	0	156	89	67	18	5	6	5	7	6	6	3	9	3	8	5	0	2	2	2	7	3	1	5	5	3	1	5	4	2	2	4	6	6	4	9
chr9	42634982	42635282	301	9	0	301	189	112	25	13	8	23	18	5	8	19	14	2	4	7	12	12	9	9	14	12	1	5	19	5	1	5	8	6	0	7	9	7	0	12
chr9	42635283	42635311	29	9	0	29	19	10	2	2	0	3	1	0	1	0	2	0	2	0	2	0	0	2	0	2	0	0	2	2	0	0	0	0	0	0	0	0	0	4
chr9	42635312	42635515	204	9	0	204	130	74	17	8	10	10	8	6	4	9	10	2	5	10	11	6	6	7	12	3	0	7	7	5	0	6	0	3	1	2	8	7	3	9
chr9	42635516	42635550	35	9	0	35	21	14	1	2	1	1	1	1	1	2	1	1	0	1	2	1	2	2	2	1	0	1	2	1	0	1	1	1	0	0	0	1	0	2
chr9	42635551	42635637	87	9	0	87	58	29	11	2	7	7	6	0	1	4	2	2	1	2	7	0	2	3	1	1	0	2	3	1	0	1	5	2	0	5	2	2	0	3
chr9	42635638	42635802	165	9	0	165	73	92	2	11	1	1	4	4	12	2	1	8	3	4	8	2	7	1	5	17	0	3	6	23	0	16	3	1	0	2	9	4	0	3
chr9	42635803	42635885	83	9	0	83	43	40	2	9	1	1	2	1	1	0	0	2	5	1	9	0	7	0	0	7	2	4	3	10	0	6	0	0	0	0	2	2	0	4
chr9	42635886	42636022	137	9	0	137	79	58	3	13	4	5	6	1	3	3	2	4	0	3	14	3	10	5	5	8	3	5	2	10	0	9	2	1	1	1	4	2	2	1
chr9	42636023	42636120	98	9	0	98	56	42	3	1	2	8	5	3	3	6	0	1	3	3	6	3	1	7	5	2	0	1	1	5	1	3	8	2	2	4	3	2	1	1
chr9	42636121	42636219	99	9	0	99	42	57	2	1	4	4	4	5	4	5	4	3	3	1	1	0	1	0	5	3	0	1	4	3	4	4	7	7	4	2	2	3	2	4
chr9	42636220	42636334	115	9	0	115	58	57	8	5	3	5	2	4	9	0	8	2	2	3	3	0	1	2	2	6	1	2	4	7	3	7	3	3	0	2	6	5	1	4
chr9	42636335	42657925	21591	9	0	21591	11547	10044	1404	591	804	849	762	779	1035	654	764	411	860	469	718	398	496	552	801	643	120	615	960	883	212	935	758	713	181	718	712	752	113	927
chr9	42657926	42658040	115	9	0	115	58	57	8	5	3	5	2	4	9	0	8	2	2	3	3	0	1	2	2	6	1	2	4	7	3	7	3	3	0	2	6	5	1	4
chr9	42658041	42658139	99	9	0	99	43	56	3	1	2	3	3	5	6	5	3	3	4	2	1	0	1	0	5	2	1	1	5	3	2	4	7	6	4	3	2	3	2	5
chr9	42658140	42658237	98	9	0	98	56	42	3	1	2	8	5	3	3	6	0	1	3	3	6	3	1	7	5	2	0	1	1	5	1	3	8	2	2	4	3	2	1	1
chr9	42658238	42658375	138	9	0	138	80	58	2	12	3	6	7	1	3	4	1	4	1	4	13	3	9	5	5	9	3	4	3	11	0	9	3	0	0	1	4	3	1	2
chr9	42658376	42658458	83	9	0	83	43	40	2	9	1	1	2	1	1	0	0	2	5	1	9	0	7	0	0	7	2	4	3	10	0	6	0	0	0	0	2	2	0	4
chr9	42658459	42658605	147	9	0	147	61	86	1	8	3	0	3	4	9	2	1	8	6	1	7	1	5	1	3	14	0	4	5	23	0	15	4	1	0	1	7	5	0	3
chr9	42658606	42658692	87	9	0	87	58	29	11	2	7	7	6	0	1	4	2	2	1	2	7	0	2	3	1	1	0	2	3	1	0	1	5	2	0	5	2	2	0	3
chr9	42658693	42658727	35	9	0	35	21	14	1	2	1	1	1	1	1	3	1	1	0	1	2	0	2	2	2	1	0	1	2	1	0	1	1	1	0	0	0	1	0	2
chr9	42658728	42658931	204	9	0	204	130	74	17	8	10	10	8	6	4	9	10	2	5	10	11	6	6	7	12	3	0	7	7	5	0	6	0	3	1	2	8	7	3	9
chr9	42658932	42658960	29	9	0	29	17	12	2	2	0	3	1	0	1	0	2	0	2	0	2	1	0	1	0	2	0	0	2	2	0	0	0	0	0	0	0	0	1	3
chr9	42658961	42659261	301	9	0	301	188	113	24	13	8	23	18	5	8	19	14	2	4	7	12	12	9	9	14	12	1	5	19	5	1	6	8	7	0	6	9	7	0	12
chr9	42659262	42659422	161	9	0	161	90	71	22	6	6	4	7	6	5	4	9	4	8	5	0	1	2	1	8	4	0	4	4	3	3	5	4	4	2	2	6	5	5	10
chr9	42659423	42659561	139	9	0	139	81	58	12	3	6	7	6	3	4	6	6	1	3	4	3	4	6	5	4	3	1	3	5	2	2	5	5	3	2	8	5	6	1	3
chr9	42659570	42659631	62	9	0	62	39	23	6	6	2	2	8	1	2	1	2	0	2	2	1	1	1	1	6	1	0	1	0	2	0	1	3	0	0	2	3	0	0	3
chr9	42659632	42659674	43	9	0	43	26	17	2	1	1	2	2	1	3	0	1	1	1	2	1	2	3	2	3	1	0	1	2	0	0	0	0	0	0	4	2	1	0	2
chr9	42659675	42659756	82	9	0	82	50	32	7	3	5	3	3	0	3	0	6	1	3	3	3	2	5	2	1	1	1	3	1	1	1	4	1	1	0	3	3	4	0	6
chr9	42659757	42659979	223	9	0	223	122	101	13	4	12	7	8	6	11	6	12	9	10	5	2	4	5	6	5	6	2	10	9	6	0	11	6	3	0	7	11	11	4	10
chr9	42659980	42660097	118	9	0	118	78	40	12	1	6	8	6	2	3	7	1	2	3	5	8	3	3	8	6	1	1	0	0	1	0	3	7	1	0	7	5	1	1	4
chr9	42660116	42660167	52	9	0	52	37	15	4	2	0	5	3	2	1	4	1	0	0	3	3	2	0	5	4	2	0	0	2	0	0	1	2	0	0	0	3	1	0	0
chr9	42660168	42660333	166	9	0	166	111	55	18	6	6	8	9	3	4	8	5	4	0	11	7	6	4	11	5	7	2	4	8	2	0	4	1	1	0	0	10	4	0	6
chr9	42660334	42660443	110	9	0	110	68	42	6	1	10	7	4	3	3	5	15	2	2	3	0	1	2	3	4	2	0	1	3	2	0	4	0	1	0	2	8	4	0	10
chr9	42660444	42660532	89	9	0	89	57	32	10	1	2	9	4	2	7	1	4	4	1	2	4	3	1	0	4	4	1	1	4	0	0	0	2	0	0	4	5	0	1	6
chr9	42660533	42660740	208	9	0	208	134	74	18	9	8	14	8	5	6	3	12	2	5	5	12	5	9	12	6	9	0	6	7	6	0	10	2	1	0	3	7	7	0	9
chr9	42660746	42660808	63	9	0	63	48	15	9	3	4	6	4	0	0	2	3	1	0	2	6	0	2	4	0	3	0	1	3	0	0	0	1	0	0	1	2	0	0	4
chr9	42660809	42660845	37	9	0	37	30	7	6	5	0	3	5	0	0	1	0	0	0	0	3	2	0	4	6	0	0	0	0	0	0	0	0	0	0	0	0	0	0	0
chr9	42660846	42660971	126	9	0	126	76	50	9	9	5	6	9	2	7	2	8	1	4	5	3	0	4	1	7	2	0	3	4	3	0	3	3	1	0	4	6	4	0	9
chr9	42660972	42661137	166	9	0	166	100	66	20	6	5	7	6	7	5	5	7	3	3	5	6	2	5	7	5	6	4	3	5	2	1	6	5	1	2	7	8	5	3	2
chr9	42661138	42661210	73	9	0	73	47	26	9	2	2	4	3	2	3	4	5	1	2	4	1	1	0	2	2	1	0	3	4	0	0	1	2	0	0	0	4	4	2	3
chr9	42661211	42661263	53	9	0	53	34	19	6	2	1	4	1	2	3	1	4	1	2	1	2	1	1	2	0	0	2	4	1	0	0	0	1	0	1	0	4	0	1	3
chr9	42661264	42662045	782	9	0	782	479	303	59	29	27	40	33	19	27	39	36	21	18	15	27	20	31	38	47	14	4	24	23	15	5	22	24	12	3	18	24	23	4	39
chr9	42662064	42662108	45	9	0	45	25	20	3	1	2	0	0	0	2	0	3	2	12	0	0	0	0	0	2	0	0	0	0	0	0	0	0	0	0	0	0	0	0	16
chr9	42662183	42663696	1514	9	0	1514	927	587	97	49	65	77	57	38	61	64	73	24	52	54	61	42	41	71	65	35	6	47	55	24	1	58	28	25	2	37	71	54	1	77
chr9	42663697	42671699	8003	8	0	8003	5366	2637	806	258	333	604	337	182	243	314	343	113	167	208	514	231	242	469	352	127	28	277	198	95	13	198	209	124	7	178	317	158	24	332
chr9	42671704	42674970	3267	8	0	3267	2124	1143	315	110	109	218	137	82	101	135	114	49	75	93	186	83	91	224	136	62	18	108	95	65	16	78	94	50	15	75	130	77	9	115
chr9	42674972	42679734	4763	8	0	4763	2761	2002	356	135	171	230	160	182	207	160	193	96	164	137	184	99	124	161	214	119	35	144	184	128	20	188	121	117	27	115	191	156	24	219
chr9	42679737	42679992	256	8	0	256	161	95	17	9	6	15	5	4	10	13	8	4	11	6	18	7	9	18	9	5	0	9	6	6	0	10	4	6	2	8	13	5	2	9
chr9	42679994	42684839	4846	8	0	4846	2766	2080	349	145	180	224	180	143	210	224	199	99	176	105	170	106	105	149	200	117	19	157	208	142	27	185	153	135	18	140	196	168	26	189
chr9	42684840	42684958	119	8	0	119	93	26	9	4	7	13	3	2	1	8	4	1	0	1	16	9	2	11	7	0	0	9	1	0	0	1	2	0	0	0	4	2	0	0
chr9	42684968	42685020	53	8	0	53	39	14	7	0	1	8	2	1	2	2	4	0	1	3	3	0	0	3	0	0	0	1	1	1	0	0	1	0	0	1	6	1	0	2
chr9	42685034	42685088	55	8	0	55	33	22	1	1	5	2	2	2	2	3	3	1	1	3	3	1	1	1	2	0	1	2	0	0	0	1	3	1	0	3	4	0	1	3
chr9	42685090	42685120	31	8	0	31	22	9	5	0	2	3	1	2	1	0	4	0	0	0	1	0	0	1	0	0	0	2	0	0	0	1	0	1	0	1	4	0	0	0
chr9	42685123	42685202	80	8	0	80	54	26	7	3	3	7	4	1	2	3	4	0	1	3	5	3	5	3	4	1	0	2	1	0	0	3	2	1	0	3	2	2	0	3
chr9	42685221	42685303	83	8	0	83	44	39	7	2	3	3	3	5	5	0	3	0	3	4	2	2	1	1	1	2	0	6	5	4	0	3	2	2	0	2	5	5	0	0
chr9	42685305	42685342	38	8	0	38	21	17	3	1	4	1	2	2	1	0	3	1	0	0	1	0	0	1	1	2	0	1	3	1	0	0	1	1	0	2	1	1	0	2
chr9	42685344	42686283	940	8	0	940	528	412	86	23	38	36	29	21	42	23	39	23	47	20	29	21	25	25	22	13	10	43	27	36	8	41	21	25	10	26	44	38	4	43
chr9	42686285	42686302	18	8	0	18	12	6	2	0	0	2	1	1	0	2	0	1	0	2	0	0	0	0	1	1	0	0	1	0	0	0	0	0	0	0	2	0	0	0
chr9	42686304	42686916	613	8	0	613	341	272	31	19	24	28	35	22	21	21	20	14	28	15	16	15	15	16	24	18	5	23	26	13	0	25	24	15	7	14	25	18	8	26
chr9	42686917	42686955	39	9	0	39	21	18	3	0	0	0	0	2	4	0	1	2	4	1	0	0	1	1	1	1	0	3	2	0	0	1	0	1	0	1	3	1	0	4
chr9	42686956	42687741	786	8	0	786	519	267	73	31	40	49	40	26	20	31	35	13	24	26	44	20	16	30	46	14	1	28	22	7	2	14	18	8	0	8	31	16	1	50
chr9	42687742	42687798	57	9	0	57	36	21	4	2	3	5	4	1	1	0	2	0	0	2	4	1	4	3	2	1	0	1	2	2	0	1	1	1	1	3	1	0	1	2
chr9	42687799	42687947	149	8	0	149	108	41	28	4	8	15	10	2	2	2	10	2	3	5	7	0	3	6	6	2	0	0	5	0	0	3	0	2	0	2	5	4	0	11
chr9	42687948	42687980	33	9	0	33	23	10	6	1	0	3	2	1	0	0	1	0	1	0	2	1	2	1	1	0	0	2	1	0	0	2	0	2	0	0	1	1	0	0
chr9	42687981	42688268	288	8	0	288	145	143	19	6	9	7	14	14	17	5	5	6	15	5	4	9	6	3	11	9	3	12	16	7	2	11	11	13	3	13	12	8	0	11
chr9	42688279	42690248	1970	8	0	1970	1239	731	187	81	82	109	120	44	61	85	86	30	44	61	67	41	57	83	95	47	4	50	70	31	2	61	58	33	2	57	87	53	4	76
chr9	42690249	42690336	88	10	0	88	55	33	4	1	2	4	3	3	3	6	3	4	2	5	1	2	4	7	3	3	1	4	2	0	1	1	2	1	0	1	8	0	0	5
chr9	42690337	42690471	135	8	0	135	88	47	16	3	6	8	5	5	4	6	6	2	4	3	8	1	4	5	4	4	0	3	6	1	0	2	6	0	0	6	4	4	0	7
chr9	42690472	42690519	48	10	0	48	28	20	1	1	0	2	0	0	4	0	1	0	3	1	3	5	1	5	0	2	0	4	3	3	0	2	0	0	0	0	1	3	0	1
chr9	42690520	42690784	265	8	0	265	162	103	16	9	7	13	9	5	11	23	9	5	5	7	10	9	7	15	14	6	2	6	13	1	0	5	14	5	2	9	7	7	2	10
chr9	42690793	42690990	198	8	0	198	110	88	8	10	7	7	7	8	9	10	5	4	8	3	12	7	1	2	15	7	1	7	8	10	1	7	4	3	0	5	7	6	0	7
chr9	42690991	42691020	30	10	0	30	20	10	6	1	3	1	0	0	1	0	0	1	0	0	5	0	0	1	0	1	0	1	0	2	0	2	0	1	0	0	1	0	0	1
chr9	42691021	42691102	82	8	0	82	50	32	17	1	7	2	2	0	1	2	2	3	3	0	5	0	3	0	0	1	0	3	5	3	0	4	0	4	0	4	0	4	0	4
chr9	42691103	42691155	53	10	0	53	19	34	0	1	1	0	1	4	4	1	1	0	4	0	0	0	1	1	1	0	4	0	3	2	1	2	4	4	1	5	2	1	0	2
chr9	42691156	42691253	98	8	0	98	60	38	6	2	8	5	4	4	2	7	9	1	2	2	2	2	2	2	2	3	0	4	3	2	0	2	4	0	0	2	8	1	0	5
chr9	42691254	42691279	26	10	0	26	18	8	5	1	1	1	2	0	0	1	0	1	1	0	1	1	2	0	1	0	0	2	0	0	0	0	0	0	0	2	2	0	0	0
chr9	42691280	42691483	204	8	0	204	142	62	20	6	9	17	10	4	4	5	6	2	6	3	16	10	5	17	8	6	0	8	7	4	0	3	0	1	0	7	8	3	0	7
chr9	42691485	42691769	285	8	0	285	157	128	16	9	11	7	12	12	12	12	7	3	16	4	9	10	4	11	16	5	1	12	15	7	0	10	11	7	2	12	6	13	1	10
chr9	42691770	42692082	313	10	0	313	154	159	12	6	5	13	9	9	20	6	9	3	20	9	5	8	7	12	6	12	2	6	15	10	4	20	10	16	3	13	12	11	5	13
chr9	42692083	42692219	137	8	0	137	88	49	6	3	6	8	6	7	3	6	7	1	2	8	4	5	6	9	7	2	0	6	5	2	0	2	4	0	0	2	6	5	0	7
chr9	42692220	42692305	86	10	0	86	54	32	5	5	2	4	4	4	3	7	5	0	2	3	1	4	1	2	9	2	0	2	4	1	0	0	2	1	0	1	4	1	0	5
chr9	42692306	42692395	90	8	0	90	61	29	12	5	2	7	7	3	2	1	3	2	1	3	5	2	4	1	7	3	0	2	2	1	0	2	0	1	0	1	4	1	0	4
chr9	42692396	42692761	366	10	0	366	214	152	26	13	13	16	18	9	11	17	12	7	13	13	12	7	13	14	18	5	2	10	12	7	4	11	7	10	4	15	17	12	2	14
chr9	42692762	42692969	208	8	0	208	118	90	12	6	5	10	9	4	7	12	6	4	8	1	7	7	9	9	9	5	0	7	14	6	0	7	5	7	1	9	4	9	1	6
chr9	42692977	42693032	56	8	0	56	36	20	8	1	2	4	2	0	2	4	1	0	0	2	2	4	2	0	1	3	0	1	5	1	0	0	1	2	0	3	1	0	0	2
chr9	42693033	42693069	37	10	0	37	22	15	3	1	1	2	2	1	3	0	2	1	0	2	0	0	0	2	0	1	0	2	3	1	0	0	1	1	0	0	3	1	0	2
chr9	42693070	42693203	134	8	0	134	83	51	11	3	6	9	7	3	5	6	6	4	2	2	5	5	2	6	8	3	1	2	4	3	0	5	5	2	1	2	4	4	0	6
chr9	42693228	42693385	158	8	0	158	100	58	16	4	8	8	4	4	4	5	5	3	3	3	11	4	7	9	6	3	2	4	7	4	0	6	1	8	0	3	3	2	0	9
chr9	42693386	42693432	47	10	0	47	32	15	3	1	3	4	1	0	0	1	1	1	2	1	6	1	2	3	1	0	1	1	0	2	0	2	1	0	0	1	0	2	1	3
chr9	42693433	42693516	84	8	0	84	48	36	3	1	3	8	4	1	1	3	3	3	3	0	5	2	4	2	1	3	0	3	4	4	3	1	2	3	0	3	2	2	1	4
chr9	42693517	42693564	48	10	0	48	25	23	2	1	3	0	0	1	1	2	2	1	3	2	2	1	1	2	1	2	1	0	1	2	1	4	1	0	0	1	2	4	0	2
chr9	42693565	42693637	73	8	0	73	39	34	0	1	1	1	1	2	4	5	1	2	3	4	1	3	3	5	5	0	0	3	2	3	0	5	1	2	0	3	4	5	0	1
chr9	42693638	42693740	103	10	0	103	54	49	3	2	3	5	4	2	4	3	6	5	5	3	0	4	4	0	5	1	3	4	2	6	1	4	2	0	1	1	4	6	1	7
chr9	42693741	42693864	124	8	0	124	73	51	12	3	11	1	3	0	5	5	8	3	3	6	3	3	4	2	3	1	1	4	4	0	2	4	3	2	1	6	3	7	0	9
chr9	42693865	42694273	409	10	0	409	210	199	64	6	11	10	13	14	17	3	9	8	28	7	5	5	8	2	5	12	3	13	13	11	14	12	16	16	13	17	13	11	7	21
chr9	42694274	42694610	337	8	0	337	204	133	26	15	13	17	17	11	14	7	11	6	13	10	17	7	8	12	16	7	1	15	10	9	0	13	7	6	1	6	16	8	2	14
chr9	42694611	42694737	127	10	0	127	77	50	4	6	5	6	7	2	3	5	7	1	6	6	3	6	6	2	4	2	1	8	1	4	1	5	3	1	0	0	9	4	0	7
chr9	42694738	42694849	112	8	0	112	64	48	4	5	7	1	4	2	7	5	5	1	3	5	4	3	2	5	4	2	0	5	7	1	0	2	2	5	0	5	6	2	0	6
chr9	42694850	42694909	60	10	0	60	35	25	4	1	1	6	3	3	3	1	4	1	0	1	2	1	1	2	3	1	1	1	5	0	0	2	1	3	1	1	1	3	0	1
chr9	42694910	42695217	308	8	0	308	179	129	24	10	17	12	15	8	7	11	14	4	10	9	10	4	8	14	11	6	0	9	15	10	1	16	8	8	0	8	8	18	1	10
chr9	42695218	42695327	110	10	0	110	65	45	7	1	5	7	5	3	5	5	3	5	3	3	4	6	1	1	6	3	0	6	8	2	0	2	1	2	0	0	3	5	0	6
chr9	42695328	42695382	55	8	0	55	36	19	6	1	3	5	3	2	2	2	5	1	2	3	0	0	0	0	1	1	0	2	2	0	0	1	0	0	0	0	5	2	0	4
chr9	42695383	42695422	40	10	0	40	23	17	4	0	1	3	0	2	2	1	2	0	1	1	2	1	2	1	3	0	0	0	1	1	0	2	0	3	0	1	1	1	0	2
chr9	42695423	42695714	292	8	0	292	173	119	18	5	14	18	14	3	12	5	9	7	8	7	15	8	15	14	7	7	0	9	9	10	1	14	7	7	1	15	11	9	0	11
chr9	42695715	42695800	86	7	0	86	50	36	7	3	2	2	5	4	5	5	2	5	2	2	0	3	2	1	8	3	0	4	3	1	0	1	3	0	0	1	5	1	0	4
chr9	42695812	42695925	114	7	0	114	68	46	6	4	6	7	5	5	4	4	4	0	4	3	7	1	2	4	4	0	2	4	5	1	0	3	4	7	0	5	6	1	0	4
chr9	42695926	42696090	165	10	0	165	85	80	2	6	7	2	4	9	8	6	7	5	8	4	4	2	7	3	10	8	0	4	7	5	0	11	3	2	0	5	6	8	0	10
chr9	42696155	42696232	78	10	0	78	47	31	4	3	4	4	3	3	1	3	4	2	3	0	4	3	2	3	2	1	3	5	0	1	0	1	4	0	1	3	4	0	3	2
chr9	42696462	42696487	26	10	0	26	17	9	4	2	4	0	0	0	1	0	2	0	0	0	4	0	0	0	1	0	0	0	0	0	0	2	0	0	0	2	0	1	0	1
chr9	42696575	42696914	340	10	0	340	179	161	22	10	13	10	14	12	18	12	8	9	10	6	11	11	7	4	14	14	3	11	17	11	3	11	14	10	6	14	11	7	2	13
chr9	42696992	42697207	216	10	0	216	122	94	19	11	13	4	11	8	11	9	9	2	1	5	8	4	3	3	11	7	0	7	8	7	0	10	10	7	1	8	9	4	1	3
chr9	42697298	42697383	86	10	0	86	41	45	3	3	2	0	1	4	4	6	3	1	7	1	1	3	1	1	3	4	0	4	5	2	0	7	1	3	0	2	6	4	1	1
chr9	42697477	42697526	50	10	0	50	39	11	8	1	3	4	1	0	0	4	1	0	0	4	7	0	1	4	0	0	0	0	0	0	0	1	1	1	0	2	4	0	0	1
chr9	42697836	42701915	4080	10	0	4080	2507	1573	322	141	158	215	157	127	167	169	155	83	108	119	202	94	101	187	205	72	38	131	121	68	19	116	121	82	18	117	174	102	19	170
chr9	42702054	42702090	37	10	0	37	21	16	3	1	1	1	2	0	2	1	1	0	3	3	0	1	0	1	1	1	0	0	1	0	0	2	1	0	0	2	2	2	0	3
chr9	42702242	42702290	49	10	0	49	33	16	2	2	3	2	2	1	0	2	2	1	1	1	3	2	4	5	2	0	1	3	0	0	0	1	0	1	0	1	3	0	0	2
chr9	42702562	42702712	151	10	0	151	77	74	17	3	4	3	4	5	11	4	6	4	10	3	0	1	1	0	6	3	0	4	3	3	4	4	9	3	3	8	7	5	1	10
chr9	42702773	42702876	104	10	0	104	51	53	5	3	5	1	4	7	4	1	1	3	5	5	4	0	1	1	2	6	3	2	8	2	0	6	3	3	0	2	3	4	3	5
chr9	42702982	42703021	40	10	0	40	18	22	0	0	0	0	0	1	2	5	0	1	2	3	0	0	2	2	1	0	1	0	2	3	0	1	1	2	0	3	3	1	0	2
chr9	42703104	42703210	107	10	0	107	59	48	4	4	3	4	6	3	7	4	1	3	2	8	4	2	2	2	5	4	0	3	2	2	1	5	6	3	1	1	7	1	0	5
chr9	42703349	42703395	47	10	0	47	30	17	3	2	2	4	1	0	1	2	2	1	2	0	5	2	1	0	1	1	0	3	1	2	0	2	1	1	0	0	2	1	0	2
chr9	42703464	42703503	40	10	0	40	22	18	2	1	4	1	1	1	1	1	5	1	2	0	0	0	2	0	0	1	0	2	2	1	0	1	0	0	0	1	1	2	0	5
chr9	42703625	42703731	107	10	0	107	83	24	25	6	3	12	6	1	3	2	4	0	1	1	10	5	2	1	5	2	0	5	2	0	0	1	2	0	0	0	3	1	0	2
chr9	42704213	42704359	147	10	0	147	81	66	11	3	9	5	6	5	5	5	7	4	7	1	4	3	3	1	6	3	1	6	6	4	1	6	4	4	1	5	5	6	1	7
chr9	42704569	42704650	82	7	0	82	43	39	5	4	6	2	6	0	3	2	5	0	5	0	1	0	3	0	2	0	0	2	2	3	0	6	4	3	0	5	3	4	0	4
chr9	42704651	42704697	47	10	0	47	23	24	2	0	3	1	3	2	2	1	0	2	3	1	1	0	0	1	0	2	1	1	2	0	1	1	5	1	0	4	2	1	0	2
chr9	42704698	42704866	169	7	0	169	103	66	14	5	5	10	9	1	5	16	4	6	3	6	6	3	3	6	8	4	0	3	10	3	0	5	6	4	0	3	7	7	0	5
chr9	42704872	42704968	97	7	0	97	61	36	7	2	9	3	4	0	2	3	3	2	2	4	7	2	3	6	1	2	0	3	4	1	0	6	2	4	0	2	2	4	0	5
chr9	42704976	42705049	74	7	0	74	47	27	5	0	2	4	4	2	1	3	0	1	2	6	3	3	3	7	4	0	1	1	2	2	0	3	1	1	0	2	3	3	1	2
chr9	42705050	42705252	203	10	0	203	103	100	9	5	6	5	4	7	11	10	9	5	5	6	3	3	5	9	7	9	0	3	15	13	1	8	3	6	1	8	7	9	0	9
chr9	42705253	42705305	53	7	0	53	31	22	3	2	3	0	0	1	0	6	4	0	2	0	1	2	3	4	2	0	0	2	2	1	0	1	1	1	1	3	1	2	1	2
chr9	42705306	42705454	149	10	0	149	71	78	5	4	3	3	5	9	11	4	5	3	6	4	1	1	0	5	9	3	0	5	5	7	4	5	7	7	2	6	8	4	2	4
chr9	42705455	42705554	100	7	0	100	46	54	4	4	4	0	4	5	9	2	5	2	5	0	0	0	0	0	2	2	1	6	3	5	1	4	8	4	0	6	7	2	0	3
chr9	42705555	42705623	69	10	0	69	45	24	7	1	1	6	0	2	2	4	4	0	1	0	4	4	5	3	0	2	0	5	3	2	0	2	3	0	0	1	2	3	0	0
chr9	42705624	42705675	52	7	0	52	27	25	1	3	1	0	2	4	2	1	1	3	4	1	0	1	1	0	5	2	1	3	2	1	1	1	0	0	0	0	3	2	0	4
chr9	42705676	42705743	68	10	0	68	45	23	17	1	2	2	1	1	3	2	3	2	4	4	2	0	0	0	0	1	1	2	0	0	1	1	1	0	1	2	6	1	1	4
chr9	42705744	42705806	63	7	0	63	38	25	3	2	5	2	1	0	3	2	6	0	4	3	2	3	0	1	2	0	0	2	2	1	0	2	0	1	0	1	2	3	0	8
chr9	42705807	42705843	37	10	0	37	21	16	1	0	2	3	2	1	1	3	2	2	0	0	1	1	1	0	1	2	0	1	1	1	0	2	2	1	0	1	3	0	0	0
chr9	42705844	42705915	72	7	0	72	37	35	1	2	5	2	1	3	3	3	7	1	4	0	1	2	1	0	4	2	1	1	4	2	1	3	0	1	0	3	2	5	0	5
chr9	42705916	42706324	409	10	0	409	238	171	25	10	16	23	20	17	21	16	16	5	16	13	13	11	6	8	19	5	3	17	19	3	1	6	18	10	0	20	19	11	4	16
chr9	42706325	42706421	97	7	0	97	64	33	10	3	6	5	5	2	3	1	4	0	5	6	5	1	3	4	2	1	0	3	3	0	0	1	0	1	0	7	6	2	0	6
chr9	42706422	42706475	54	10	0	54	40	14	6	1	3	3	3	2	0	2	2	0	0	5	3	1	4	4	2	0	0	2	0	0	0	0	2	0	0	0	3	0	0	4
chr9	42706476	42706526	51	7	0	51	37	14	6	3	0	3	1	1	1	4	2	0	2	1	3	1	1	6	4	0	0	1	2	0	0	0	1	0	0	1	0	2	0	3
chr9	42706527	42706810	284	10	0	284	140	144	13	7	4	10	11	10	18	8	6	7	19	9	4	3	4	7	8	6	2	10	14	5	3	15	13	11	4	10	12	16	3	10
chr9	42706811	42706923	113	7	0	113	76	37	8	4	3	9	6	2	6	1	3	0	0	4	7	5	3	14	6	2	1	2	3	1	0	4	2	4	1	3	3	1	0	3
chr9	42706924	42706981	58	10	0	58	34	24	7	2	1	3	3	1	2	2	1	2	3	0	2	2	1	1	3	2	2	0	0	1	0	3	3	0	1	2	3	1	1	1
chr9	42706982	42707037	56	7	0	56	26	30	1	3	1	0	1	3	5	0	2	2	3	1	1	0	2	1	2	3	0	3	1	2	0	4	3	0	0	2	3	3	0	2
chr9	42707038	42707080	43	10	0	43	25	18	3	1	2	0	0	2	0	5	2	1	5	0	1	0	1	0	2	0	0	2	0	0	0	2	1	1	0	2	4	1	0	3
chr9	42707081	42707166	86	7	0	86	41	45	9	2	4	0	0	3	6	2	6	2	4	0	0	1	1	0	3	2	1	2	2	6	1	5	3	5	0	2	3	2	0	7
chr9	42707167	42707198	32	10	0	32	14	18	0	0	2	0	1	2	4	0	0	0	1	0	1	1	0	0	2	0	0	2	2	0	0	1	2	3	0	5	1	0	0	0
chr9	42707199	42707352	154	7	0	154	74	80	3	4	3	3	1	5	9	10	8	3	8	2	1	4	4	5	6	5	0	5	7	10	2	7	9	1	0	6	3	11	0	7
chr9	42707353	42707445	93	10	0	93	57	36	1	2	4	0	2	6	1	7	0	0	2	2	4	13	6	5	10	1	1	10	2	0	0	2	3	3	0	0	1	0	1	2
chr9	42707446	42707530	85	7	0	85	60	25	14	0	5	7	4	2	1	2	2	2	2	4	6	0	3	5	3	0	0	1	2	0	0	3	2	2	0	0	2	3	0	6
chr9	42707535	42707718	184	7	0	184	115	69	10	4	4	12	6	6	9	11	8	2	2	9	6	6	4	16	10	4	0	4	10	4	0	3	5	2	0	5	7	7	0	6
chr9	42707719	42707951	233	10	0	233	148	85	22	5	17	11	9	7	5	5	10	6	5	8	14	6	6	12	8	7	2	7	7	4	0	9	3	0	1	6	7	9	3	10
chr9	42707952	42708068	117	7	0	117	89	28	15	1	5	14	5	1	0	6	4	2	2	4	12	2	2	12	3	2	0	1	1	1	0	5	0	2	0	0	8	2	0	3
chr9	42708069	42708103	35	10	0	35	24	11	4	2	1	3	1	1	2	0	3	0	0	1	2	1	3	0	1	0	0	3	0	0	0	0	1	0	0	0	2	0	0	2
chr9	42708104	42708336	233	7	0	233	151	82	17	8	8	16	13	5	3	11	9	4	7	4	11	12	11	10	14	7	0	8	5	4	1	7	6	1	1	4	7	5	2	10
chr9	42708348	42708405	58	7	0	58	44	14	6	1	2	8	2	0	1	3	2	1	1	3	7	2	1	2	0	1	0	3	3	0	0	0	0	0	0	0	3	2	0	2
chr9	42708406	42708482	77	10	0	77	61	16	8	2	3	11	3	1	1	5	1	1	1	2	12	3	1	6	4	0	0	3	0	0	0	0	2	0	0	0	3	0	0	2
chr9	42708483	42708606	124	7	0	124	85	39	8	2	8	7	1	3	3	7	9	1	2	3	7	4	3	15	6	1	0	3	2	2	0	4	2	1	0	3	4	4	0	7
chr9	42708614	42708690	77	7	0	77	45	32	0	3	5	4	3	4	2	3	3	2	3	2	5	2	2	1	4	2	0	5	3	1	0	4	1	0	0	1	3	5	0	2
chr9	42708712	42708762	51	7	0	51	40	11	7	2	3	2	2	1	1	2	2	1	0	3	4	1	1	6	2	0	0	3	0	0	0	0	0	0	0	0	4	0	0	2
chr9	42708763	42708789	27	10	0	27	20	7	1	1	0	0	1	2	0	4	0	0	0	0	0	3	0	6	6	0	0	0	0	0	0	0	0	0	0	0	1	0	0	0
chr9	42708790	42709064	275	7	0	275	171	104	16	8	9	14	10	15	8	15	7	3	5	5	14	12	5	24	20	5	2	11	8	12	0	5	11	3	0	6	9	6	0	5
chr9	42709070	42709137	68	7	0	68	38	30	7	3	1	2	0	2	4	2	3	0	6	3	2	0	1	1	1	2	0	2	3	2	0	5	1	0	0	1	2	6	0	4
chr9	42709138	42709284	147	10	0	147	94	53	14	2	10	6	4	3	5	9	9	4	1	2	5	4	6	9	6	2	0	4	5	0	0	4	4	4	0	6	6	3	0	8
chr9	42709285	42709554	270	7	0	270	179	91	23	12	9	19	15	7	9	9	11	5	6	7	14	10	5	17	15	7	3	9	11	2	0	4	7	1	0	2	8	7	1	13
chr9	42709555	42709668	114	10	0	114	66	48	5	3	1	7	6	4	7	8	5	1	4	4	1	4	2	3	6	2	1	3	3	1	0	3	9	1	1	3	7	3	0	4
chr9	42709669	42709769	101	7	0	101	65	36	1	2	1	8	3	3	3	4	4	0	5	4	5	4	6	10	1	3	0	5	3	1	0	2	4	0	1	3	5	2	1	5
chr9	42709770	42709938	169	10	0	169	99	70	10	7	3	7	5	4	8	8	6	2	2	5	7	6	9	8	10	4	1	4	7	5	0	8	3	5	1	7	6	6	0	3
chr9	42709939	42710091	153	7	0	153	102	51	16	3	8	13	8	4	2	9	11	2	0	4	6	4	3	7	6	3	1	3	6	2	1	4	4	2	0	2	7	6	0	4
chr9	42710092	42710142	51	10	0	51	32	19	4	2	4	1	2	3	0	3	2	0	2	0	4	1	1	2	2	2	0	2	1	1	0	1	3	0	0	3	2	0	0	1
chr9	42710143	42710206	64	7	0	64	47	17	6	2	2	5	1	2	1	0	2	0	3	1	7	1	2	10	1	2	0	2	1	0	0	3	0	0	0	2	2	2	0	2
chr9	42710207	42710352	146	10	0	146	100	46	19	8	7	7	9	3	3	7	6	0	3	5	8	4	3	7	9	1	0	5	4	2	0	2	6	2	0	0	3	2	0	9
chr9	42710353	42710424	72	7	0	72	54	18	13	2	4	4	1	1	1	3	3	0	3	3	6	1	1	6	2	1	0	1	2	0	0	1	1	0	0	1	1	2	0	6
chr9	42710425	42710526	102	10	0	102	66	36	10	5	7	4	4	3	2	3	4	3	0	3	8	2	2	4	4	2	0	7	5	4	0	2	1	0	0	1	3	5	0	2
chr9	42710527	42710630	104	7	0	104	72	32	10	2	3	8	3	4	5	3	3	2	3	3	7	3	2	10	9	0	0	3	1	0	0	1	1	0	0	5	4	3	0	4
chr9	42710631	42710733	103	10	0	103	46	57	1	2	8	2	2	5	2	2	7	4	4	2	3	1	0	0	1	6	2	3	5	2	5	3	1	5	3	3	5	3	4	5
chr9	42710734	42710790	57	7	0	57	33	24	3	3	6	1	4	2	1	0	3	0	3	0	2	1	2	1	2	1	0	2	2	1	0	1	2	0	0	6	1	2	0	3
chr9	42710791	42710945	155	10	0	155	73	82	10	2	4	6	4	7	9	0	5	3	5	5	3	1	5	3	1	7	2	3	7	14	1	8	9	3	3	5	4	6	2	6
chr9	42710946	42711007	62	7	0	62	36	26	6	2	1	2	3	4	5	0	0	0	3	2	3	3	0	0	7	2	0	0	2	0	0	0	2	0	2	6	2	0	0	3
chr9	42711008	42711202	195	10	0	195	105	90	8	4	9	8	8	7	10	3	8	7	8	4	6	7	4	3	5	10	1	9	10	6	2	7	7	1	1	3	5	8	2	12
chr9	42711203	42711265	63	7	0	63	43	20	6	3	0	7	5	2	0	2	3	0	0	1	2	1	4	6	3	2	0	1	4	2	0	0	0	2	0	1	2	0	0	2
chr9	42711266	42711588	323	10	0	323	182	141	32	3	10	16	8	9	14	14	13	9	11	7	8	3	12	13	8	9	2	5	15	16	0	16	13	9	0	6	8	12	0	20
chr9	42711589	42711639	51	7	0	51	35	16	7	0	3	3	1	0	2	5	0	1	1	2	5	0	0	3	0	0	0	2	1	1	0	0	4	1	0	3	3	0	0	1
chr9	42711640	42711785	146	10	0	146	101	45	14	6	6	12	5	3	3	7	10	1	2	6	8	3	6	7	7	0	1	6	2	1	0	5	1	3	0	0	8	4	1	6
chr9	42711786	42711953	168	7	0	168	109	59	20	5	10	9	6	2	5	7	9	4	5	4	9	3	6	4	6	2	1	6	4	1	0	5	4	4	1	2	6	3	0	13
chr9	42711954	42711997	44	10	0	44	20	24	2	0	2	0	1	3	2	1	0	1	5	1	1	1	0	0	2	1	1	1	1	2	0	3	0	2	1	1	2	1	0	4
chr9	42711998	42712122	125	7	0	125	92	33	18	3	5	14	6	4	1	3	3	1	4	3	13	1	3	9	5	1	0	3	1	2	0	3	3	2	0	1	4	1	0	6
chr9	42712143	42712321	179	7	0	179	127	52	23	6	8	14	6	1	5	10	9	2	2	4	13	4	5	14	6	4	0	3	3	0	0	7	5	1	0	4	8	4	0	6
chr9	42712322	42712403	82	10	0	82	59	23	15	2	1	8	2	1	3	2	3	2	3	2	6	1	2	5	3	0	0	3	2	1	0	2	1	1	0	0	2	3	0	4
chr9	42712404	42712667	264	7	0	264	202	62	33	14	9	31	10	2	5	13	9	2	2	7	36	3	8	17	8	1	0	12	2	2	0	4	4	2	0	6	15	3	0	2
chr9	42712668	42712753	86	9	0	86	52	34	4	3	3	3	4	5	2	3	4	1	1	6	1	1	4	6	4	0	1	5	4	1	0	2	1	3	0	0	6	3	0	3
chr9	42712754	42712865	112	7	0	112	76	36	11	2	7	7	10	3	0	5	3	2	2	7	4	2	2	7	4	1	0	4	2	2	0	3	3	2	0	1	9	2	0	3
chr9	42712875	42712933	59	7	0	59	41	18	7	4	2	4	2	1	2	3	3	0	2	1	3	1	2	2	5	0	0	1	0	0	0	2	1	1	0	2	2	1	0	3
chr9	42712955	42713022	68	7	0	68	56	12	11	0	3	9	2	1	0	0	2	1	1	3	8	1	5	7	0	0	0	3	0	0	0	0	0	0	0	2	3	0	0	4
chr9	42713023	42713100	78	9	0	78	60	18	20	3	5	6	3	2	0	3	5	0	2	0	6	0	1	3	4	0	0	2	0	0	0	2	2	0	0	0	2	2	0	3
chr9	42713101	42713348	248	7	0	248	173	75	21	14	7	23	10	5	5	14	10	2	3	8	23	6	8	13	14	4	2	7	6	5	0	5	4	1	0	3	10	5	0	8
chr9	42713361	42713416	56	7	0	56	34	22	12	3	3	0	1	1	4	0	5	2	1	0	0	0	0	0	2	3	0	2	4	0	0	3	0	0	0	0	1	4	0	3
chr9	42713440	42713565	126	7	0	126	97	29	16	3	4	12	4	1	1	3	4	1	3	4	12	4	5	19	2	2	1	4	0	1	0	2	1	0	0	3	6	1	1	4
chr9	42713566	42713877	312	9	0	312	148	164	31	5	8	5	6	17	14	4	8	9	17	5	4	5	7	2	7	14	5	10	14	11	9	16	9	12	8	9	12	13	3	11
chr9	42713878	42714018	141	7	0	141	106	35	19	1	10	16	3	2	1	1	6	1	1	1	18	3	6	16	1	1	0	5	3	4	0	3	3	1	0	4	0	3	0	6
chr9	42714019	42714198	180	9	0	180	117	63	14	5	4	13	7	4	4	8	5	3	4	6	10	7	6	17	9	4	1	5	8	4	1	5	1	1	0	4	5	9	2	2
chr9	42714199	42714251	53	7	0	53	38	15	4	2	2	4	2	1	1	3	2	1	1	3	5	0	1	4	2	1	0	1	1	0	0	1	1	0	0	1	4	1	0	2
chr9	42714252	42714455	204	9	0	204	134	70	24	6	10	14	10	8	4	11	12	5	1	7	8	3	3	6	12	3	1	7	6	1	1	4	3	3	2	2	12	5	2	6
chr9	42714456	42714590	135	7	0	135	103	32	21	1	5	16	3	1	3	7	8	0	1	4	11	4	4	13	3	0	0	3	2	1	0	1	4	1	0	3	4	2	0	7
chr9	42714591	42714723	133	9	0	133	79	54	12	4	8	6	6	4	8	2	8	3	1	3	4	3	3	3	6	2	2	4	4	1	0	5	4	5	0	5	6	2	1	6
chr9	42714724	42714859	136	7	0	136	81	55	9	3	8	7	5	6	3	10	8	4	3	4	5	1	3	1	5	3	2	4	1	1	1	4	12	0	1	1	7	3	2	7
chr9	42714860	42714892	33	8	0	33	28	5	6	1	1	6	2	0	0	1	1	0	0	0	5	1	0	3	1	0	0	0	0	0	0	0	2	0	0	0	0	0	0	1
chr9	42714893	42715161	269	9	0	269	187	82	37	8	14	24	18	1	8	11	11	4	3	11	18	3	3	12	11	1	1	3	5	1	0	8	10	5	0	7	11	7	1	10
chr9	42715162	42715211	50	8	0	50	35	15	10	1	3	4	3	0	0	1	2	0	1	1	3	0	2	2	0	0	0	1	0	1	0	4	1	3	0	0	3	1	0	1
chr9	42715212	42715391	180	9	0	180	113	67	16	10	9	7	7	7	3	7	10	2	5	2	9	6	5	8	9	8	2	6	4	6	2	3	3	0	0	3	7	1	2	9
chr9	42715392	42715458	67	7	0	67	40	27	4	1	2	4	4	2	2	3	0	1	5	2	3	2	2	3	2	2	0	2	2	0	0	3	2	2	0	2	3	1	0	4
chr9	42715459	42715808	350	9	0	350	258	92	62	11	11	33	16	8	4	12	15	5	6	12	24	8	9	21	17	7	1	7	7	0	2	7	1	0	0	3	14	9	3	13
chr9	42715809	42715895	87	7	0	87	54	33	5	2	5	5	4	3	3	3	6	1	2	3	2	1	4	5	4	1	0	2	1	0	0	4	4	2	0	2	3	2	0	6
chr9	42715913	42716026	114	7	0	114	72	42	7	4	7	7	7	2	1	8	5	2	2	2	7	5	1	3	8	1	0	4	5	3	1	2	1	3	0	2	4	4	1	3
chr9	42716027	42716102	76	9	0	76	49	27	3	4	3	4	1	2	2	5	7	0	4	3	3	1	0	6	1	0	1	4	0	0	0	2	1	0	1	2	8	2	2	2
chr9	42716103	42716156	54	7	0	54	28	26	0	2	2	0	2	2	2	1	2	1	3	2	0	1	2	5	0	2	1	3	3	1	1	3	2	0	0	0	2	4	0	3
chr9	42716157	42716371	215	9	0	215	110	105	15	4	6	6	7	10	14	7	7	2	9	6	2	7	2	5	9	10	1	3	13	7	0	12	7	8	1	9	9	7	0	8
chr9	42716372	42716643	272	7	0	272	131	141	13	12	9	2	12	12	15	3	6	6	17	6	5	3	8	1	8	10	2	13	12	11	2	17	10	13	0	7	12	9	2	12
chr9	42716644	42716691	48	9	0	48	28	20	3	3	3	0	2	1	2	2	2	0	1	1	2	1	4	1	3	0	0	2	1	0	0	1	3	1	0	3	0	1	0	3
chr9	42716692	42716752	61	7	0	61	42	19	5	2	3	3	4	0	1	2	2	3	2	2	2	0	2	7	3	0	0	2	1	0	0	2	1	1	0	0	3	2	0	4
chr9	42716753	42716803	51	9	0	51	39	12	8	4	2	4	4	0	1	0	1	0	0	1	5	2	1	5	2	1	0	2	1	0	0	1	1	1	0	0	1	0	0	1
chr9	42716804	42717204	401	7	0	401	264	137	33	13	18	20	15	19	12	18	13	4	10	13	22	18	5	29	23	12	0	19	12	5	0	10	9	3	0	4	21	7	0	12
chr9	42717205	42717364	160	9	0	160	99	61	10	3	3	9	3	21	4	12	4	3	1	5	8	5	2	5	29	1	0	2	5	0	1	3	2	2	0	2	4	6	0	3
chr9	42717365	42717453	89	7	0	89	61	28	5	2	5	2	4	3	2	5	2	0	2	5	3	7	1	12	7	1	0	4	2	0	0	0	2	1	0	1	3	1	0	5
chr9	42717454	42717703	250	9	0	250	160	90	20	10	5	17	13	4	8	14	8	1	6	14	11	8	7	13	11	4	0	8	10	5	0	7	6	3	2	5	12	10	0	6
chr9	42717704	42717768	65	7	0	65	45	20	3	0	3	3	2	0	2	3	2	3	1	3	2	4	3	9	3	2	1	1	0	0	0	2	1	0	0	1	3	0	1	5
chr9	42717771	42717828	58	7	0	58	33	25	1	2	0	5	3	3	1	5	2	1	2	1	2	1	1	2	6	1	0	0	4	5	0	0	0	0	0	2	2	3	0	1
chr9	42717829	42717957	129	9	0	129	72	57	9	3	6	5	5	5	3	3	5	2	5	6	3	3	4	4	5	2	0	6	5	8	1	5	1	2	0	3	5	8	1	4
chr9	42717958	42718071	114	7	0	114	63	51	7	2	6	3	1	6	6	5	2	3	5	1	8	2	1	5	6	3	0	3	5	3	0	6	4	4	0	4	3	4	0	4
chr9	42718072	42718267	196	9	0	196	111	85	19	9	4	8	11	4	12	7	7	2	6	3	3	7	4	4	8	7	0	7	10	5	1	5	12	3	0	8	4	6	1	7
chr9	42718268	42718438	171	7	0	171	99	72	11	6	6	9	12	0	7	8	4	5	8	5	5	3	6	4	5	3	0	6	6	4	0	7	7	4	0	7	8	6	0	7
chr9	42718439	42718555	117	9	0	117	70	47	12	2	9	7	6	2	4	3	8	2	4	2	4	1	3	0	1	3	0	3	2	2	1	4	5	1	1	7	7	3	0	6
chr9	42718736	42718896	161	9	0	161	72	89	10	1	9	2	4	6	12	4	5	3	2	4	4	2	2	0	4	4	1	3	13	11	1	11	5	12	0	9	4	9	0	2
chr9	42718968	42719217	250	9	0	250	113	137	8	5	6	7	6	10	15	10	12	6	10	4	0	3	7	2	8	11	1	4	17	20	3	14	11	8	0	7	5	15	0	13
chr9	42719337	42719395	59	9	0	59	35	24	6	1	4	2	4	1	3	3	1	4	2	1	2	0	0	0	1	0	0	5	4	0	0	0	2	1	0	1	3	3	0	3
chr9	42719601	42719656	56	9	0	56	33	23	3	2	3	3	4	2	1	4	3	2	0	1	1	1	1	0	5	1	0	1	2	4	0	1	1	0	0	1	3	2	0	2
chr9	42719754	42719994	241	9	0	241	135	106	16	7	13	8	8	8	8	11	10	6	8	9	9	5	2	6	9	7	4	6	9	11	1	12	5	6	0	3	12	9	1	10
chr9	42720266	42720413	148	9	0	148	92	56	12	4	6	6	6	4	4	7	6	4	6	4	4	4	5	9	8	4	0	4	3	2	0	7	3	1	0	3	7	5	0	8
chr9	42720512	42720580	69	9	0	69	43	26	9	1	2	3	1	1	3	3	4	1	2	0	1	5	3	3	4	1	1	2	2	0	1	2	2	3	0	1	0	1	0	5
chr9	42720855	42720886	32	9	0	32	24	8	5	1	1	4	1	0	0	2	1	0	0	1	4	1	2	1	0	0	0	1	0	0	0	1	1	0	0	1	1	1	0	0
chr9	42720952	42721465	514	9	0	514	309	205	58	17	16	29	16	14	22	14	21	5	18	15	26	11	12	13	20	13	3	11	18	12	8	17	10	17	4	13	18	13	1	27
chr9	42721595	42721679	85	9	0	85	63	22	10	2	5	6	2	1	3	2	1	1	1	3	9	6	3	6	2	1	0	7	0	0	0	2	2	0	0	2	4	1	0	1
chr9	42721749	42721775	27	9	0	27	16	11	4	1	2	0	1	2	0	0	0	0	1	0	1	2	1	0	1	2	0	2	1	1	0	2	0	0	0	0	0	1	0	0
chr9	42721827	42721972	146	9	0	146	97	49	5	1	2	15	4	7	2	11	3	1	3	3	11	6	5	17	6	4	3	2	4	1	0	3	9	2	1	3	5	1	0	4
chr9	42722136	42722245	110	9	0	110	76	34	9	2	4	6	4	4	1	10	1	2	1	6	7	5	2	10	10	2	1	1	3	0	0	1	2	1	1	2	5	1	0	4
chr9	42722309	42722358	50	9	0	50	35	15	9	2	3	3	4	1	1	2	2	0	2	2	2	1	0	1	2	0	0	1	0	0	0	0	3	0	0	1	2	0	0	4
chr9	42722420	42722445	26	9	0	26	14	12	0	0	0	1	0	2	2	1	1	0	1	1	1	1	1	1	1	0	0	2	3	0	0	0	0	1	0	1	1	1	0	1
chr9	42722568	42722643	76	9	0	76	51	25	6	2	7	3	6	0	1	4	3	4	2	3	3	2	1	4	4	1	0	3	0	1	0	2	0	0	0	0	6	1	0	5
chr9	42722783	42722821	39	9	0	39	25	14	1	1	1	2	1	1	3	1	1	2	1	5	2	0	0	2	2	0	0	2	0	0	0	1	0	0	0	0	4	1	0	3
chr9	42722915	42722985	71	9	0	71	49	22	6	2	5	5	4	1	2	1	4	2	1	2	5	0	2	5	3	1	0	1	2	0	0	2	1	2	0	1	2	1	0	6
chr9	42723086	42723112	27	9	0	27	20	7	4	2	1	3	2	1	0	0	2	0	0	1	2	0	0	2	1	1	0	0	1	0	0	0	0	0	0	0	1	0	0	1
chr9	42723192	42723231	40	9	0	40	26	14	2	2	3	1	0	1	2	1	2	1	0	1	4	1	2	3	2	0	0	2	0	1	0	1	1	0	0	1	0	1	0	3
chr9	42723337	42723412	76	9	0	76	54	22	16	3	5	5	4	0	3	1	6	1	1	4	2	0	0	2	2	1	1	0	1	0	0	1	0	1	0	3	5	0	1	5
chr9	42723674	42723718	45	9	0	45	29	16	2	1	2	3	2	1	1	1	2	1	1	2	2	1	3	2	1	2	0	1	4	0	0	0	0	0	0	2	0	2	0	4
chr9	42723793	42724135	343	9	0	343	213	130	26	11	17	15	25	13	11	15	9	4	3	11	10	19	5	17	28	11	1	7	8	2	2	12	18	4	2	8	10	7	1	9
chr9	42724265	42724437	173	9	0	173	103	70	6	4	5	10	3	7	4	6	8	4	12	6	8	4	5	9	10	4	0	5	4	5	0	10	0	2	0	0	7	8	4	11
chr9	42724681	42724806	126	9	0	126	78	48	6	6	4	6	4	4	6	6	3	4	2	5	11	1	1	7	8	4	2	1	4	0	2	5	2	4	0	2	6	3	0	5
chr9	42725258	42725310	53	9	0	53	17	36	1	2	0	1	1	1	4	0	2	1	2	1	0	0	0	0	0	1	2	1	2	3	3	2	2	5	6	3	2	1	1	1
chr9	42725382	42725422	41	9	0	41	9	32	0	0	2	0	1	1	1	0	1	0	2	0	0	0	0	0	0	2	0	0	2	3	4	4	1	6	6	0	0	2	0	1
chr9	42725540	42725625	86	9	0	86	36	50	2	0	1	2	0	2	7	3	3	1	9	2	0	1	0	1	0	1	2	2	4	2	3	6	5	6	1	2	3	6	0	7
chr9	42725913	42726015	103	9	0	103	37	66	0	0	2	1	1	4	6	2	1	3	9	4	1	2	0	1	2	3	1	2	7	12	2	7	2	7	1	2	2	6	2	6
chr9	42726131	42726176	46	9	0	46	33	13	5	3	2	5	2	1	0	0	2	1	0	0	6	0	3	3	1	0	0	3	1	2	0	1	0	0	0	0	1	1	0	1
chr9	42726309	42726384	76	9	0	76	41	35	3	2	3	3	2	1	2	5	4	4	3	1	2	1	2	1	3	3	2	0	3	2	1	3	3	1	1	1	3	3	0	6
chr9	42726446	42726541	96	9	0	96	64	32	8	3	4	9	5	4	4	1	3	2	1	3	8	1	1	6	6	1	0	3	1	3	0	3	3	2	0	0	4	1	0	4
chr9	42726875	42726926	52	9	0	52	28	24	2	1	1	2	1	3	1	1	2	0	1	1	2	3	4	1	2	3	1	1	1	4	1	3	2	1	0	1	1	1	0	2
chr9	42727190	42727269	80	9	0	80	36	44	4	2	4	0	1	5	2	0	3	2	3	0	2	2	6	0	2	6	0	3	3	4	3	6	1	1	1	4	2	5	0	1
chr9	42727413	42727895	483	9	0	483	261	222	33	12	15	18	16	20	22	23	14	10	17	13	16	8	13	9	18	16	3	13	27	16	2	17	16	19	4	17	20	11	3	20
chr9	42727954	42728030	77	9	0	77	40	37	7	2	1	2	3	4	6	1	1	1	6	2	1	1	0	0	1	2	0	5	4	0	0	3	7	3	1	1	2	2	1	5
chr9	42728566	42728599	34	9	0	34	24	10	0	2	1	4	0	3	0	3	1	0	1	1	6	0	1	0	2	0	0	3	0	0	0	0	2	0	0	0	2	0	0	0
chr9	42728798	42728843	46	9	0	46	30	16	0	2	0	2	1	1	1	5	2	0	0	0	1	6	0	7	6	1	2	0	3	0	0	0	0	1	0	1	1	1	0	0
chr9	42729017	42729187	171	9	0	171	102	69	6	2	3	12	8	3	5	15	1	3	6	9	8	9	3	8	5	5	1	6	9	6	0	3	8	3	0	3	10	4	1	4
chr9	42729296	42740549	11254	9	0	11254	6380	4874	684	306	430	451	390	380	549	445	430	207	373	284	367	260	233	590	481	289	45	338	508	338	61	425	366	326	39	363	409	379	47	459
chr9	42740550	42740820	271	8	0	271	135	136	10	6	13	9	11	12	15	6	11	9	13	2	5	4	6	1	11	7	1	12	18	10	1	9	9	6	0	17	7	15	4	9
chr9	42740821	42740879	59	9	0	59	23	36	1	1	5	0	1	2	4	0	4	0	3	0	1	0	1	0	2	1	0	0	4	6	1	3	1	4	0	5	0	3	0	4
chr9	42740880	42741498	619	8	0	619	327	292	35	7	36	23	18	12	16	21	37	12	43	17	11	9	17	13	11	9	1	19	18	46	3	38	10	9	2	15	28	40	2	39
chr9	42741499	42741533	35	9	0	35	21	14	2	0	1	5	2	1	2	1	3	0	0	0	1	0	1	2	1	0	0	0	2	1	0	0	1	1	0	3	2	1	0	0
chr9	42741534	42741634	101	8	0	101	64	37	7	4	3	6	3	1	7	2	6	2	3	1	4	5	2	7	6	3	1	1	2	1	0	3	3	0	0	3	2	2	1	8
chr9	42741635	42741705	71	9	0	71	48	23	9	1	4	5	5	0	2	4	1	1	0	2	4	3	2	5	4	1	0	0	1	0	0	2	4	2	0	4	2	0	0	1
chr9	42741706	42742278	573	8	0	573	313	260	21	9	26	22	14	20	31	22	23	19	22	18	20	18	12	14	26	14	4	22	27	19	1	25	13	12	2	13	23	27	1	31
chr9	42742279	42742415	137	9	0	137	72	65	4	3	7	5	5	1	5	6	4	4	5	4	6	6	3	3	5	4	2	3	7	11	0	5	1	4	0	5	5	5	0	7
chr9	42742416	42742766	351	8	0	351	166	185	6	7	12	12	9	13	27	10	15	5	14	12	7	5	12	0	11	6	1	12	20	13	1	20	15	17	0	21	13	17	4	12
chr9	42742767	42742826	60	9	0	60	23	37	0	1	0	0	0	9	3	1	1	1	6	1	0	0	0	0	5	3	0	2	3	1	4	2	1	4	0	1	4	2	0	3
chr9	42742827	42743015	189	8	0	189	85	104	4	4	6	3	4	5	17	6	8	5	6	5	1	1	5	4	5	5	0	5	12	5	3	13	9	14	1	8	6	9	0	8
chr9	42743016	42743037	22	9	0	22	9	13	1	1	0	1	1	0	2	1	1	0	0	0	0	0	0	0	0	1	0	0	2	2	0	1	1	2	0	1	1	1	0	0
chr9	42743038	42743092	55	8	0	55	31	24	4	2	4	1	2	1	1	2	3	0	2	0	3	2	0	3	2	2	0	1	4	3	0	4	0	2	0	0	0	3	0	2
chr9	42743093	42743123	31	9	0	31	15	16	0	0	0	1	0	2	4	0	1	3	2	1	0	0	0	0	4	0	0	0	1	0	0	1	1	0	0	1	1	2	0	4
chr9	42743124	42743175	52	8	0	52	18	34	1	1	3	0	2	2	2	0	2	2	3	0	0	0	0	0	1	3	0	1	3	6	3	4	1	1	1	1	1	4	0	2
chr9	42743176	42743272	97	9	0	97	33	64	2	1	1	0	0	1	7	0	1	7	7	0	0	2	2	0	1	7	2	2	3	3	8	9	2	5	4	3	2	8	2	3
chr9	42743273	42743471	199	8	0	199	83	116	5	7	6	2	9	9	8	7	5	6	8	3	1	3	2	2	8	12	2	3	13	18	3	11	7	8	3	4	5	7	4	6
chr9	42743472	42743549	78	9	0	78	31	47	0	1	4	1	2	1	5	2	2	1	8	1	2	0	0	0	1	1	1	0	4	3	1	4	6	3	1	10	0	5	3	3
chr9	42743550	42743604	55	8	0	55	22	33	0	3	0	1	1	2	3	1	2	2	1	2	1	0	3	0	3	2	1	1	1	2	3	3	3	1	2	2	0	5	2	0
chr9	42743605	42743821	217	9	0	217	86	131	3	4	6	2	4	8	11	7	6	9	15	3	2	1	0	4	5	6	7	4	12	8	12	5	8	9	8	13	5	14	4	10
chr9	42743822	42743923	102	8	0	102	35	67	3	1	3	1	0	2	7	0	3	3	5	0	1	2	2	1	1	1	3	3	5	7	7	4	2	12	5	5	1	4	1	5
chr9	42743924	42744010	87	9	0	87	52	35	11	4	5	3	4	2	2	4	4	1	1	1	3	2	1	2	2	3	0	4	2	1	1	2	4	1	5	2	4	1	2	1
chr9	42744011	42744339	329	8	0	329	192	137	27	12	14	13	16	8	11	11	8	10	10	11	15	6	7	11	19	6	6	6	7	6	4	10	9	9	5	11	11	6	7	15
chr9	42744340	42744512	173	9	0	173	120	53	21	7	7	12	4	2	5	11	9	2	0	4	13	9	3	11	9	6	1	3	6	1	2	2	0	3	1	2	7	1	0	7
chr9	42744513	42744644	132	8	0	132	95	37	20	0	5	13	4	2	0	12	9	3	2	3	4	3	6	7	2	1	0	5	2	0	0	2	5	1	1	1	9	2	1	5
chr9	42744646	42744713	68	8	0	68	30	38	1	0	2	1	2	5	5	2	1	2	5	3	0	0	0	0	1	2	1	3	5	3	0	1	4	3	1	2	4	1	0	6
chr9	42744714	42745298	585	8	0	585	388	197	55	17	27	44	32	15	12	18	23	6	10	11	33	19	23	43	19	13	3	22	17	6	3	13	22	11	1	15	19	9	1	21
chr9	42745299	42745347	49	9	0	49	36	13	10	0	4	4	1	0	1	3	4	1	0	0	4	2	0	0	2	0	0	1	1	1	0	1	1	0	0	1	1	2	0	2
chr9	42745348	42745428	81	8	0	81	55	26	17	2	4	5	3	2	1	3	6	0	2	0	3	0	1	4	1	2	0	1	4	0	0	4	3	2	0	1	1	4	0	3
chr9	42745429	42745530	102	9	0	102	69	33	4	3	3	10	5	4	3	5	1	5	1	4	9	3	3	5	9	4	0	1	3	0	0	2	2	0	0	0	3	1	0	7
chr9	42745531	42745699	169	8	0	169	119	50	22	9	8	9	8	2	4	5	7	3	3	5	11	3	5	13	8	2	0	7	3	4	0	2	2	0	0	4	8	3	0	7
chr9	42745700	42745757	58	9	0	58	37	21	2	1	4	3	1	1	2	1	4	1	2	3	2	1	2	5	1	0	0	3	1	0	1	1	2	1	0	1	2	2	1	5
chr9	42745758	42745825	68	8	0	68	50	18	6	3	3	7	2	6	1	1	3	0	2	1	7	0	1	5	6	1	0	2	0	0	0	1	2	0	0	0	2	0	0	4
chr9	42745835	42745905	71	8	0	71	50	21	8	5	2	4	4	2	2	2	3	0	1	4	3	1	3	4	4	1	0	3	0	1	0	2	2	0	0	0	4	1	0	3
chr9	42745906	42746000	95	9	0	95	63	32	5	3	2	7	3	1	4	5	6	0	2	7	3	3	5	7	3	1	0	3	5	0	0	0	1	0	0	2	4	3	0	8
chr9	42746001	42746124	124	8	0	124	75	49	8	2	6	6	2	7	3	10	6	1	3	1	6	4	3	7	7	3	0	4	7	2	0	2	3	5	0	3	5	1	0	5
chr9	42746125	42746138	14	9	0	14	7	7	0	0	0	0	0	0	1	1	0	0	2	0	0	1	0	1	0	1	0	0	0	0	0	1	1	0	0	1	0	0	0	2
chr9	42746139	42746218	80	8	0	80	54	26	6	3	1	7	4	1	4	1	5	0	1	3	2	3	3	9	2	2	0	3	4	1	0	1	1	1	0	2	3	2	0	3
chr9	42746223	42746296	74	8	0	74	56	18	10	4	4	7	4	0	1	3	6	1	1	1	6	1	2	3	4	1	0	1	0	1	0	1	0	0	0	0	4	0	0	6
chr9	42746297	42746512	216	9	0	216	113	103	12	5	6	5	4	3	14	9	9	8	12	3	3	5	10	4	10	1	2	8	8	8	1	10	5	5	0	12	7	12	1	12
chr9	42746513	42746751	239	8	0	239	103	136	4	4	6	6	9	5	15	11	6	7	12	6	1	4	2	3	3	12	0	5	23	18	0	18	7	15	0	4	8	14	0	9
chr9	42746752	42746821	70	9	0	70	34	36	4	2	5	1	1	1	4	2	3	2	1	1	3	0	1	2	0	2	0	3	5	8	0	4	2	3	0	1	1	3	0	3
chr9	42746822	42746981	160	8	0	160	77	83	5	3	9	2	5	8	12	3	7	4	3	3	3	5	2	2	7	4	0	9	11	6	0	11	6	10	0	2	4	8	0	4
chr9	42746982	42747001	20	9	0	20	14	6	2	0	1	2	1	0	0	3	1	0	0	0	1	0	0	1	0	0	0	0	1	0	0	0	3	1	0	0	0	0	0	1
chr9	42747002	42747055	54	8	0	54	24	30	2	1	2	1	3	1	4	1	0	1	7	0	0	0	0	0	1	0	0	2	2	1	0	5	4	3	0	3	2	4	0	2
chr9	42747056	42747069	14	9	0	14	12	2	3	0	0	2	0	0	0	0	0	0	0	0	2	0	1	2	0	1	0	0	0	0	0	1	0	0	0	0	0	0	0	0
chr9	42747070	42747152	83	8	0	83	69	14	13	3	3	7	3	2	0	5	1	1	0	3	11	2	0	13	6	1	0	1	0	0	0	1	0	0	0	0	4	0	0	1
chr9	42747153	42747236	84	6	0	84	59	25	8	6	4	5	3	2	3	3	3	0	2	2	10	1	1	4	5	1	0	4	1	1	0	2	2	0	0	2	3	2	0	2
chr9	42747237	42747281	45	9	0	45	29	16	5	2	2	0	2	2	1	3	0	1	0	0	3	3	1	3	5	1	0	1	1	1	0	1	1	1	0	2	1	0	0	0
chr9	42747282	42747354	73	6	0	73	46	27	8	2	4	1	3	2	2	4	3	0	2	2	2	5	2	3	6	1	0	2	4	0	0	2	0	2	0	2	1	2	0	4
chr9	42747355	42747412	58	9	0	58	33	25	5	2	7	0	4	0	0	0	5	1	4	0	0	1	3	0	1	1	0	2	1	1	0	3	2	1	0	3	0	2	0	7
chr9	42747413	42747588	176	6	0	176	114	62	14	4	8	11	4	5	4	9	5	4	4	3	14	7	6	11	7	5	3	5	5	2	1	5	5	3	0	4	6	3	0	7
chr9	42747589	42747615	27	9	0	27	15	12	5	0	3	1	2	0	1	1	2	0	0	0	0	0	0	0	0	0	0	0	1	0	0	0	3	0	1	3	0	1	0	1
chr9	42747616	42747700	85	6	0	85	64	21	11	3	3	5	2	1	1	2	2	2	2	4	8	2	5	9	3	1	0	4	0	0	0	3	0	0	0	0	3	2	0	5
chr9	42747701	42747768	68	9	0	68	41	27	1	2	2	5	5	3	2	1	2	0	3	2	2	4	0	6	3	4	0	1	3	2	0	2	2	0	0	2	3	1	0	3
chr9	42747769	42747834	66	6	0	66	39	27	3	1	3	3	2	2	3	1	3	3	3	2	2	1	4	2	2	1	0	3	0	2	0	3	3	0	0	1	3	2	0	6
chr9	42747835	42747878	44	9	0	44	26	18	4	2	2	2	3	0	2	2	3	0	2	4	0	0	0	0	2	0	0	0	2	0	0	1	1	0	0	1	2	3	1	3
chr9	42747879	42747932	54	6	0	54	39	15	7	3	1	3	2	1	1	2	2	1	2	0	5	2	4	1	3	1	0	3	0	0	0	1	1	0	0	1	2	0	0	3
chr9	42747945	42747996	52	6	0	52	32	20	0	0	2	2	0	2	1	7	4	1	3	0	0	1	1	7	2	1	0	0	2	0	0	0	3	0	0	3	3	1	0	4
chr9	42747997	42748171	175	9	0	175	123	52	25	9	6	16	14	5	1	8	7	2	2	6	10	2	3	5	11	3	0	4	7	1	0	3	3	3	0	0	8	4	0	5
chr9	42748172	42748355	184	6	0	184	137	47	27	6	7	15	7	2	2	7	9	1	2	2	13	7	9	19	5	4	2	5	1	2	0	4	6	1	0	3	6	0	0	8
chr9	42748356	42748383	28	9	0	28	18	10	3	0	2	3	1	0	1	0	3	0	0	0	1	2	0	1	1	2	0	0	1	1	0	1	0	0	0	0	0	1	0	2
chr9	42748384	42748540	157	6	0	157	118	39	30	5	6	14	11	1	1	4	7	3	4	8	6	2	6	8	5	3	0	3	2	0	0	3	0	0	0	0	10	2	0	11
chr9	42748541	42748596	56	9	0	56	42	14	5	3	1	5	3	0	3	3	2	1	0	3	4	3	0	4	5	1	0	1	1	0	0	0	0	0	0	0	3	0	0	3
chr9	42748597	42748784	188	6	0	188	133	55	14	8	8	14	9	2	4	9	12	4	0	7	11	5	8	16	9	6	0	4	5	0	0	6	0	1	0	1	10	4	0	9
chr9	42748785	42748822	38	9	0	38	27	11	4	1	3	4	2	0	1	1	1	0	1	1	5	0	1	2	0	0	0	1	1	0	0	0	1	1	0	2	1	0	0	2
chr9	42748823	42749110	288	6	0	288	189	99	43	9	10	14	16	7	7	14	10	2	5	14	9	7	6	14	15	8	0	2	9	8	0	10	8	4	0	4	12	7	0	12
chr9	42749111	42749247	137	9	0	137	100	37	20	8	6	10	8	3	1	3	5	1	5	4	11	4	3	7	9	4	0	3	0	1	0	5	0	0	0	0	6	1	0	7
chr9	42749248	42749407	160	6	0	160	107	53	14	7	13	4	6	4	2	3	11	2	2	8	8	4	7	11	7	2	1	6	2	3	0	6	0	1	0	1	6	5	1	11
chr9	42749408	42749485	78	9	0	78	54	24	13	1	5	4	2	3	1	2	4	3	2	2	4	0	3	3	2	2	1	2	2	0	0	1	0	0	0	2	4	1	1	6
chr9	42749486	42749550	65	6	0	65	44	21	6	1	3	5	5	1	1	4	2	3	1	3	3	0	1	4	3	0	0	2	1	0	0	2	3	0	0	0	4	3	0	2
chr9	42749566	42749724	159	6	0	159	104	55	16	8	5	10	10	4	6	4	7	0	0	4	5	5	8	10	8	3	1	5	5	1	0	4	5	3	1	7	6	3	0	3
chr9	42749725	42749915	191	9	0	191	141	50	26	8	7	17	10	2	3	8	7	4	4	6	15	8	5	10	10	4	0	7	3	1	0	3	0	0	0	0	10	2	0	9
chr9	42749916	42750168	253	6	0	253	170	83	37	9	11	10	12	7	9	11	12	3	2	8	6	5	6	21	16	2	1	5	5	1	0	5	6	6	0	10	12	3	1	9
chr9	42750192	42750607	416	6	0	416	268	148	49	15	15	24	22	11	16	14	16	6	15	15	16	11	6	15	17	11	0	15	11	5	1	12	14	1	0	9	21	12	3	16
chr9	42750608	42750638	31	9	0	31	19	12	4	2	1	2	4	0	1	0	1	0	1	1	0	1	0	1	2	0	0	1	0	2	0	1	0	1	0	0	2	0	0	1
chr9	42750639	42750836	198	6	0	198	133	65	25	3	8	14	11	6	4	13	9	3	5	14	5	0	2	9	9	1	0	2	5	3	0	4	5	3	0	2	15	5	0	11
chr9	42750837	42750937	101	9	0	101	61	40	7	2	1	6	2	5	6	3	5	1	2	2	3	8	4	3	6	2	1	6	5	0	0	1	2	1	1	4	3	3	2	2
chr9	42750938	42751084	147	6	0	147	91	56	5	4	3	7	7	4	5	8	4	0	3	10	3	5	7	15	4	3	0	6	10	2	0	1	5	3	0	4	6	5	0	6
chr9	42751098	42751159	62	6	0	62	45	17	4	0	3	8	1	2	2	3	7	0	0	0	2	2	0	9	3	1	0	0	3	0	0	1	0	1	0	1	2	2	0	3
chr9	42751160	42751244	85	9	0	85	56	29	4	2	3	7	4	1	3	8	3	3	1	4	4	1	2	5	6	0	0	1	3	0	0	1	3	1	0	2	4	3	0	4
chr9	42751245	42751330	86	6	0	86	47	39	9	3	1	2	1	5	2	4	3	0	4	0	3	3	4	2	4	3	0	4	5	6	0	4	1	2	0	2	2	4	0	1
chr9	42751331	42751467	137	9	0	137	92	45	9	10	4	7	8	4	2	1	4	0	2	5	9	5	9	11	8	3	2	6	3	3	0	3	2	1	0	1	2	2	2	7
chr9	42751468	42751704	237	6	0	237	176	61	33	12	5	17	8	6	7	12	9	1	2	8	16	10	5	23	17	3	0	10	5	2	0	2	1	0	0	1	10	4	0	6
chr9	42751705	42751737	33	9	0	33	21	12	5	2	1	2	1	1	1	0	1	0	1	0	3	3	0	0	1	2	1	1	1	0	0	2	0	0	0	0	1	1	0	0
chr9	42751738	42751786	49	6	0	49	36	13	6	2	2	6	5	0	0	1	1	0	0	1	4	2	2	4	2	0	0	2	1	0	0	1	3	0	0	1	0	1	0	0
chr9	42751789	42751914	126	6	0	126	68	58	19	2	2	5	2	1	7	3	4	1	5	3	3	4	4	1	3	3	0	2	3	6	4	6	4	6	2	6	3	4	2	4
chr9	42751915	42752013	99	9	0	99	45	54	1	1	3	3	2	6	8	2	3	3	2	5	2	2	1	0	2	4	1	4	5	3	2	5	4	5	2	3	7	3	1	2
chr9	42752014	42752117	104	6	0	104	66	38	8	2	3	10	4	3	4	4	4	0	2	4	7	5	1	4	3	3	0	4	5	3	2	1	2	1	0	3	5	3	0	2
chr9	42752122	42752406	285	6	0	285	207	78	34	14	14	29	16	4	5	12	11	4	1	7	30	4	9	12	12	4	0	10	5	3	0	3	10	2	0	6	10	2	0	10
chr9	42752407	42752450	44	9	0	44	30	14	2	0	1	6	2	2	1	2	2	0	0	1	3	2	1	4	3	0	0	1	1	2	0	1	2	0	0	0	1	1	0	1
chr9	42752451	42752601	151	6	0	151	111	40	20	9	6	10	7	2	3	2	6	0	5	3	11	1	6	18	4	3	0	5	2	0	0	4	4	1	0	3	4	2	0	8
chr9	42752602	42752695	94	9	0	94	67	27	9	2	2	10	1	3	2	5	3	0	1	2	9	3	5	9	3	0	0	4	3	0	0	2	3	2	0	3	2	3	0	1
chr9	42752696	42752768	73	6	0	73	48	25	6	2	4	4	3	3	1	3	5	1	3	1	1	1	4	4	2	1	0	4	1	0	0	2	2	0	0	2	5	2	0	4
chr9	42752776	42753107	332	6	0	332	190	142	20	7	13	15	15	12	15	20	8	7	12	11	12	9	3	10	16	8	1	10	16	5	0	12	13	10	0	11	17	11	1	10
chr9	42753125	42753266	142	6	0	142	67	75	5	4	7	2	1	5	10	0	7	3	12	1	5	1	3	1	4	3	2	4	3	3	2	9	5	5	3	7	3	6	3	11
chr9	42753281	42753537	257	6	0	257	104	153	3	1	4	5	5	2	25	6	4	14	23	4	1	4	2	1	4	9	3	5	19	15	0	18	9	13	0	11	6	16	3	20
chr9	42753538	42753704	167	9	0	167	65	102	2	2	8	2	5	3	13	3	4	4	11	3	3	1	0	0	2	5	0	3	12	17	2	10	7	12	1	8	4	7	0	11
chr9	42753705	42753822	118	6	0	118	38	80	0	2	4	0	4	5	11	1	2	3	5	1	0	0	0	0	1	6	1	2	8	12	2	8	9	10	3	6	3	3	0	4
chr9	42753834	42753971	138	6	0	138	50	88	1	3	4	0	4	4	16	2	3	2	5	4	0	2	0	0	4	5	0	2	12	11	3	7	10	5	0	13	0	10	1	3
chr9	42753972	42754034	63	9	0	63	25	38	0	1	0	0	0	2	8	2	1	1	5	0	0	1	2	1	2	2	0	1	5	2	0	4	4	5	0	5	1	2	0	4
chr9	42754035	42754084	50	6	0	50	20	30	0	1	2	0	1	2	3	3	2	0	3	0	0	1	0	1	0	3	0	2	5	7	0	1	2	1	0	3	2	2	0	1
chr9	42754085	42754169	85	9	0	85	41	44	8	1	1	3	3	0	8	7	1	2	3	2	1	1	0	0	2	1	0	0	5	2	0	3	8	6	1	6	3	1	1	3
chr9	42754170	42754260	91	6	0	91	61	30	3	0	3	6	2	2	3	8	0	0	5	4	7	7	1	9	5	1	0	3	1	0	0	2	4	2	0	2	4	0	0	5
chr9	42754261	42754312	52	9	0	52	36	16	4	1	6	3	3	0	1	1	3	2	0	1	4	3	3	0	3	0	0	3	0	0	0	1	0	0	0	2	2	1	0	3
chr9	42754313	42754368	56	6	0	56	41	15	2	1	2	6	2	0	1	3	3	3	2	2	4	0	4	4	1	0	0	4	0	0	0	0	0	0	0	0	5	0	0	5
chr9	42754369	42754953	585	9	0	585	334	251	61	15	19	27	20	20	28	19	21	18	24	10	20	10	10	10	18	21	4	20	30	13	1	24	14	16	4	12	26	18	5	25
chr9	42754954	42755126	173	6	0	173	120	53	17	6	6	12	10	1	4	12	6	4	1	5	10	4	5	15	8	6	0	1	7	1	0	2	7	2	0	3	5	1	0	10
chr9	42755127	42755152	26	9	0	26	18	8	1	1	1	1	0	1	0	1	0	1	0	0	3	1	2	4	1	1	0	1	1	0	0	0	0	0	0	2	1	0	0	0
chr9	42755153	42755290	138	6	0	138	94	44	9	4	2	15	8	7	2	9	10	1	3	5	3	3	3	9	10	0	1	4	2	1	0	1	2	1	0	3	13	2	1	2
chr9	42755310	42755475	166	6	0	166	100	66	14	5	5	8	4	2	6	7	7	1	9	8	6	2	3	11	3	4	0	3	7	9	0	7	3	2	0	3	6	8	0	11
chr9	42755480	42755572	93	6	0	93	67	26	8	3	5	6	3	3	1	7	2	1	0	4	9	3	1	9	6	1	0	4	2	0	0	2	3	0	0	1	4	3	0	0
chr9	42755573	42755669	97	9	0	97	66	31	7	5	2	7	4	3	2	5	5	1	2	1	5	3	5	9	5	0	0	5	2	0	0	2	1	3	0	2	6	1	0	2
chr9	42755670	42755809	140	6	0	140	95	45	25	3	11	6	7	2	3	3	8	3	5	2	5	3	5	3	4	2	0	5	2	1	0	2	5	0	0	5	4	2	0	12
chr9	42755818	42755941	124	6	0	124	86	38	3	3	0	15	6	6	6	3	5	2	5	3	7	8	2	11	12	1	0	6	1	0	0	2	0	0	0	0	8	2	0	5
chr9	42755946	42756076	131	6	0	131	89	42	10	9	7	7	6	0	4	4	5	1	4	0	12	4	4	10	3	2	0	9	3	2	0	3	6	3	0	1	3	1	0	6
chr9	42756086	42756229	144	6	0	144	94	50	6	4	3	13	6	14	2	7	5	1	2	3	9	1	4	12	16	3	0	2	5	3	0	2	3	2	0	3	5	2	0	4
chr9	42756230	42756258	29	9	0	29	18	11	1	0	1	2	2	2	1	1	2	2	0	0	0	1	0	1	3	1	0	1	2	0	0	0	0	0	0	0	2	1	0	1
chr9	42756259	42756334	76	6	0	76	47	29	1	8	1	2	4	5	4	1	2	0	0	0	5	5	5	3	9	3	0	7	3	1	0	1	1	0	0	1	0	1	0	1
chr9	42756335	42756368	34	9	0	34	20	14	6	0	1	1	1	0	2	0	1	1	3	1	0	0	1	1	1	0	0	0	1	2	0	1	0	0	0	2	1	1	0	4
chr9	42756369	42756431	63	6	0	63	41	22	7	3	2	3	3	2	0	6	2	1	1	2	4	2	1	1	4	4	0	0	2	1	0	2	1	0	0	1	4	1	0	1
chr9	42756432	42756460	29	9	0	29	20	9	1	0	0	3	2	0	0	4	0	0	0	4	1	2	0	3	2	0	0	0	0	0	0	0	2	0	0	0	2	0	1	0
chr9	42756461	42756643	183	6	0	183	136	47	17	4	5	20	7	4	4	10	8	2	2	3	14	10	2	23	10	2	0	8	4	3	0	1	2	1	0	1	9	2	0	3
chr9	42756644	42756664	21	8	0	21	11	10	1	1	1	0	1	0	1	1	0	1	1	0	1	0	0	1	0	0	0	1	1	0	0	2	0	2	0	0	2	1	0	0
chr9	42756665	42756784	120	9	0	120	69	51	10	3	5	8	6	5	8	6	9	1	0	2	1	1	0	2	5	3	0	2	4	3	0	5	10	3	0	3	6	3	0	4
chr9	42756785	42756838	54	8	0	54	25	29	2	0	4	0	1	3	2	0	2	2	4	4	0	0	0	0	1	0	1	3	3	2	2	1	0	1	0	2	2	5	1	4
chr9	42756839	42757196	358	9	0	358	211	147	19	9	16	16	13	15	11	14	20	9	14	10	7	5	12	20	19	5	1	12	9	4	3	12	10	6	3	9	15	13	5	20
chr9	42757197	42757273	77	8	0	77	50	27	5	4	3	4	6	0	4	4	3	2	0	4	3	1	2	4	3	0	0	3	1	0	0	2	5	0	0	3	5	3	0	1
chr9	42757276	42757394	119	8	0	119	81	38	13	4	3	10	4	2	6	2	7	2	2	2	6	2	6	8	5	1	0	4	3	0	0	4	3	2	0	3	3	4	0	6
chr9	42757395	42757417	23	9	0	23	16	7	2	2	1	0	2	0	1	1	0	1	0	1	1	0	0	2	2	0	0	1	0	0	0	0	2	0	0	0	0	0	0	2
chr9	42757418	42757462	45	8	0	45	22	23	0	0	3	0	1	1	2	2	1	1	2	0	2	3	1	2	1	0	1	3	1	4	0	1	2	2	1	3	2	0	0	1
chr9	42757466	42757594	129	8	0	129	86	43	5	5	6	9	7	0	6	5	7	3	2	7	6	3	4	11	5	1	0	4	2	0	0	1	4	0	1	5	7	2	1	8
chr9	42757595	42757641	47	9	0	47	32	15	4	0	2	3	1	0	2	3	2	0	2	1	3	5	0	2	2	0	0	3	2	1	0	0	0	1	0	1	2	1	0	2
chr9	42757642	42757939	298	8	0	298	186	112	28	7	12	16	13	8	12	11	8	6	7	14	14	8	9	11	11	6	0	12	12	9	0	7	8	6	0	6	13	7	0	15
chr9	42757941	42758005	65	8	0	65	46	19	7	2	1	8	3	3	2	2	4	0	0	4	3	1	0	4	2	2	0	2	4	1	0	0	0	0	0	0	4	2	0	2
chr9	42758006	42758018	13	9	0	13	10	3	1	0	1	1	0	0	1	0	0	0	0	0	2	2	0	0	1	0	0	2	0	0	0	0	0	0	0	0	0	0	0	0
chr9	42758019	42758088	70	8	0	70	49	21	6	3	2	5	2	2	2	2	2	2	1	1	7	2	3	6	3	2	0	3	2	0	0	2	2	0	0	0	1	2	0	3
chr9	42758089	42758142	54	9	0	54	39	15	6	2	0	9	5	0	1	1	4	0	2	0	2	1	1	4	1	1	0	1	0	1	0	2	2	0	0	0	3	1	0	2
chr9	42758143	42758214	72	8	0	72	45	27	3	3	1	8	6	2	3	1	1	1	0	2	6	1	4	1	3	1	0	3	2	1	0	3	6	4	0	0	2	0	0	2
chr9	42758215	42758263	49	9	0	49	20	29	0	0	1	0	1	12	1	0	0	0	3	0	0	1	1	0	11	0	1	1	0	0	1	4	2	3	0	1	0	3	0	0
chr9	42758264	42758356	93	8	0	93	56	37	8	4	3	5	3	7	1	3	5	2	2	2	4	2	2	2	8	5	1	1	5	2	0	4	0	0	0	0	2	4	1	3
chr9	42758357	42758380	24	9	0	24	11	13	0	0	1	0	0	1	3	0	2	0	0	1	0	0	1	1	0	0	0	1	2	0	0	2	1	1	0	2	1	2	0	0
chr9	42758381	42758629	249	8	0	249	163	86	27	4	15	15	8	6	8	4	9	3	10	10	17	5	7	15	6	3	0	9	4	6	0	8	5	1	1	9	10	7	1	14
chr9	42758630	42758710	81	9	0	81	64	17	14	0	3	11	2	1	1	2	3	1	0	3	8	2	4	8	1	2	0	1	1	0	0	2	0	0	0	2	4	0	0	3
chr9	42758711	42758776	66	8	0	66	52	14	8	4	3	5	1	0	2	2	4	0	1	1	7	2	1	9	3	0	0	3	0	1	0	1	0	0	0	0	2	1	0	3
chr9	42758777	42758804	28	9	0	28	21	7	4	0	1	4	0	1	0	2	0	1	0	0	5	0	1	2	1	0	1	0	0	0	0	0	1	0	0	1	1	0	0	0
chr9	42758805	42758945	141	8	0	141	103	38	17	5	9	10	5	2	2	5	4	3	2	4	15	5	3	11	5	3	0	7	2	1	0	3	3	0	0	1	4	2	0	6
chr9	42758946	42758975	30	9	0	30	20	10	3	0	0	3	1	0	1	2	2	0	2	1	0	0	1	2	0	0	0	0	1	0	0	0	2	0	0	2	1	1	0	3
chr9	42758976	42759038	63	8	0	63	39	24	5	4	4	4	3	0	2	1	4	0	0	1	6	3	1	0	2	3	0	2	2	5	0	2	1	0	0	1	1	2	0	2
chr9	42759039	42759132	94	9	0	94	54	40	5	1	3	4	3	4	5	5	5	2	2	3	2	2	2	4	3	1	2	3	4	2	0	1	3	3	1	5	7	1	1	3
chr9	42759133	42759464	332	8	0	332	201	131	24	8	18	19	14	15	7	14	21	7	15	9	9	4	7	8	15	10	0	9	10	4	0	13	10	2	1	5	16	11	5	20
chr9	42759465	42759498	34	9	0	34	15	19	0	0	1	0	1	4	2	1	1	2	1	1	0	0	0	0	0	3	0	2	2	0	1	1	3	1	0	0	3	0	1	1
chr9	42759499	42759641	143	8	0	143	68	75	4	4	7	2	4	5	13	4	8	4	7	0	1	1	0	2	5	1	0	8	6	5	1	4	6	7	3	10	10	3	0	6
chr9	42759647	42759736	90	8	0	90	57	33	5	3	2	4	3	2	4	8	2	3	5	3	3	2	0	7	4	3	0	3	3	1	0	1	2	0	0	2	8	1	0	4
chr9	42759737	42759765	29	9	0	29	12	17	0	0	2	0	2	2	0	0	1	2	2	0	0	0	0	0	1	2	1	0	2	3	1	0	1	0	0	1	0	1	0	3
chr9	42759766	42760044	279	8	0	279	120	159	7	5	3	6	7	14	22	7	4	6	16	8	3	6	4	1	7	12	2	9	15	9	8	15	14	16	5	11	14	10	1	10
chr9	42760045	42760115	71	9	0	71	41	30	3	4	4	2	5	1	2	3	2	0	3	1	3	2	3	2	5	0	0	3	1	2	0	2	4	1	1	4	1	2	0	3
chr9	42760116	42760224	109	8	0	109	67	42	6	4	6	5	6	4	3	6	4	1	4	3	5	2	1	6	8	1	0	2	5	0	0	3	4	2	0	4	3	5	0	4
chr9	42760225	42760317	93	9	0	93	64	29	10	3	2	9	3	3	2	7	4	0	4	3	7	1	1	5	3	1	0	3	2	0	0	1	2	1	1	2	7	1	1	2
chr9	42760318	42760452	135	8	0	135	98	37	20	5	6	13	6	0	3	9	9	1	2	2	8	3	0	9	2	1	0	6	3	1	0	2	4	3	1	0	9	1	1	3
chr9	42760453	42760483	31	9	0	31	20	11	3	2	0	2	2	1	2	3	2	0	1	1	0	0	0	0	2	0	0	1	0	0	0	0	1	0	0	1	4	0	0	1
chr9	42760484	42760704	221	8	0	221	158	63	19	4	16	18	9	3	2	8	13	3	6	3	16	8	7	23	3	3	0	12	2	1	0	5	6	2	0	2	10	3	0	12
chr9	42760709	42761034	326	8	0	326	193	133	29	11	11	14	15	12	13	15	14	5	12	6	7	9	7	11	17	6	1	13	16	6	0	10	9	11	0	6	14	9	1	14
chr9	42761035	42761133	99	9	0	99	74	25	14	5	3	10	5	2	2	5	5	0	2	2	7	1	1	9	5	0	1	2	0	0	0	1	5	1	0	0	3	0	1	5
chr9	42761134	42761183	50	8	0	50	42	8	3	1	1	9	4	0	0	1	1	0	0	3	5	2	0	11	1	0	1	1	0	0	0	0	0	0	0	0	3	0	1	0
chr9	42761184	42761330	147	9	0	147	100	47	15	3	11	10	6	6	2	4	7	2	3	3	12	6	3	5	7	2	2	6	6	0	0	1	1	2	0	5	5	3	0	7
chr9	42761331	42761420	90	8	0	90	50	40	4	4	3	3	4	2	2	9	3	1	2	3	3	4	0	3	3	4	0	3	7	5	0	3	3	0	0	1	3	6	0	0
chr9	42761421	42761466	46	9	0	46	33	13	2	0	2	5	1	1	1	0	1	0	4	2	6	2	0	4	1	0	0	2	2	1	0	0	0	0	0	0	0	2	0	5
chr9	42761467	42761542	76	8	0	76	61	15	15	5	1	7	4	2	1	2	1	0	0	2	8	3	1	7	7	0	1	2	0	0	0	0	2	0	0	0	1	0	1	1
chr9	42761543	42761595	53	9	0	53	32	21	2	1	1	1	0	0	1	7	3	1	0	5	1	1	3	3	1	2	0	1	5	0	0	3	0	0	0	0	2	6	0	1
chr9	42761596	42761655	60	8	0	60	37	23	2	1	3	4	1	1	6	0	4	1	3	2	4	2	0	2	1	0	0	4	2	0	0	1	1	0	0	3	4	3	0	3
chr9	42761656	42761744	89	9	0	89	58	31	21	3	5	1	2	0	3	2	2	3	3	1	5	3	2	2	2	1	0	6	0	4	0	5	2	0	0	0	3	4	0	2
chr9	42761745	42761817	73	8	0	73	49	24	9	2	4	3	2	0	5	1	3	2	0	5	4	2	4	1	2	0	0	4	0	0	0	2	1	1	0	4	6	1	0	3
chr9	42761818	42761863	46	9	0	46	34	12	6	1	2	5	2	0	0	5	4	0	1	0	3	2	1	0	2	1	0	0	0	0	0	1	2	0	0	0	3	0	0	3
chr9	42761864	42761927	64	8	0	64	49	15	7	1	2	8	2	0	1	6	1	3	0	2	8	1	2	4	2	0	0	3	1	0	0	0	1	0	0	1	5	0	0	1
chr9	42761928	42762010	83	9	0	83	63	20	5	1	4	5	3	1	1	6	2	1	0	1	5	6	0	20	5	1	0	3	2	1	0	0	2	1	0	1	3	0	0	1
chr9	42762011	42762101	91	8	0	91	66	25	13	6	6	6	10	0	0	3	2	0	1	4	7	1	3	3	5	1	0	1	2	0	0	0	3	0	0	5	2	1	0	4
chr9	42762102	42762147	46	9	0	46	32	14	7	3	3	1	2	0	0	2	2	1	0	2	3	0	2	3	1	0	0	3	0	0	0	1	1	0	0	1	2	1	3	0
chr9	42762148	42762284	137	8	0	137	98	39	17	6	2	14	10	2	3	3	8	1	1	5	4	3	6	12	4	5	0	3	3	0	1	3	2	0	0	2	9	2	1	3
chr9	42762285	42762324	40	9	0	40	30	10	7	1	1	5	2	2	1	1	1	1	1	0	3	1	0	2	2	1	0	2	1	0	0	0	0	0	0	0	2	0	0	1
chr9	42762325	42762448	124	8	0	124	93	31	16	3	6	11	4	0	2	6	6	0	3	4	10	5	5	11	4	1	0	3	1	0	0	2	3	2	0	1	4	0	0	9
chr9	42762449	42762525	77	9	0	77	44	33	3	1	4	1	1	2	3	2	2	0	3	5	3	1	3	8	0	1	0	3	3	2	1	4	3	1	0	4	2	6	1	2
chr9	42762526	42762589	64	8	0	64	49	15	6	2	4	6	3	0	0	1	3	0	2	3	7	1	2	8	0	1	0	2	2	0	0	1	0	0	0	0	1	2	0	5
chr9	42762590	42762757	168	9	0	168	107	61	20	9	10	7	10	4	5	5	8	3	3	2	8	4	4	4	9	6	0	5	4	2	0	9	5	0	0	3	6	6	0	5
chr9	42762758	42763003	246	8	0	246	162	84	25	6	18	12	9	9	6	16	15	6	4	7	12	7	3	6	13	4	1	10	3	3	0	5	7	0	0	5	17	4	1	10
chr9	42763004	42763067	64	9	0	64	43	21	4	2	5	3	4	4	2	0	2	1	1	2	4	1	1	5	4	1	0	3	0	0	0	1	3	0	0	3	4	0	0	2
chr9	42763068	42763138	71	8	0	71	51	20	7	1	4	7	2	2	2	3	6	1	0	2	4	2	2	4	5	0	0	1	0	0	0	1	1	1	0	2	4	0	0	5
chr9	42763139	42763213	75	9	0	75	51	24	6	5	5	4	3	1	2	4	5	3	1	2	6	0	1	1	2	2	0	5	3	1	0	0	0	0	0	0	5	1	0	5
chr9	42763214	42763339	126	8	0	126	97	29	11	1	5	21	3	0	3	7	12	3	0	0	12	2	4	12	3	0	0	2	1	0	0	1	3	1	0	2	7	1	0	7
chr9	42763347	42763421	75	8	0	75	40	35	1	3	4	1	4	4	5	1	2	0	2	4	2	2	2	2	2	1	0	5	5	0	0	1	7	1	0	4	1	4	0	3
chr9	42763422	42763580	159	9	0	159	81	78	3	7	5	7	10	5	7	4	6	3	5	9	3	2	1	4	8	4	2	3	11	15	0	5	2	2	0	2	5	9	0	8
chr9	42763581	42763645	65	8	0	65	34	31	3	3	3	0	2	5	2	0	2	0	6	2	2	1	3	0	3	2	0	3	2	3	0	2	2	0	0	2	2	1	0	7
chr9	42763646	42763699	54	9	0	54	35	19	4	2	6	1	3	3	0	4	3	0	1	0	2	1	0	3	3	0	0	3	1	0	0	1	3	1	0	2	3	1	0	1
chr9	42763700	42763750	51	8	0	51	20	31	0	1	0	0	0	1	5	3	1	1	5	0	0	1	0	1	1	0	1	2	3	2	0	4	3	4	1	2	3	3	0	1
chr9	42763751	42763777	27	9	0	27	23	4	7	0	2	4	0	0	0	0	0	0	1	0	6	0	0	1	0	0	0	0	0	0	0	1	0	1	0	1	0	0	0	1
chr9	42763778	42763849	72	8	0	72	44	28	4	2	2	5	3	1	4	1	3	2	2	0	3	3	4	4	2	2	0	4	3	2	0	1	4	0	0	2	1	1	0	5
chr9	42763850	42763917	68	9	0	68	38	30	6	4	3	1	3	2	4	1	4	1	1	1	1	2	1	2	2	4	0	3	2	1	2	3	3	1	0	1	3	2	0	2
chr9	42763918	42764080	163	8	0	163	92	71	5	6	11	2	6	4	8	4	10	6	5	9	3	2	4	5	4	3	1	10	6	3	1	7	3	1	0	2	10	10	0	10
chr9	42764081	42764119	39	9	0	39	24	15	2	0	3	1	3	1	1	2	0	1	1	2	1	1	2	2	1	0	0	2	1	0	0	0	3	1	0	2	1	0	0	3
chr9	42764120	42764263	144	8	0	144	85	59	12	4	9	6	7	2	5	4	8	1	5	3	5	1	7	5	2	5	0	1	5	4	0	6	8	2	0	8	3	3	0	11
chr9	42764264	42764292	29	9	0	29	18	11	2	1	1	2	1	0	2	1	0	2	0	0	3	1	0	0	1	1	0	2	1	1	0	1	2	0	0	0	1	1	0	0
chr9	42764293	42764406	114	8	0	114	66	48	12	3	8	4	3	1	6	5	8	0	4	1	4	3	1	2	1	2	0	4	4	3	1	2	8	4	0	4	2	2	1	9
chr9	42764407	42764450	44	9	0	44	22	22	2	1	2	3	2	0	1	2	2	1	2	0	2	0	1	1	2	0	0	0	1	3	1	2	1	3	0	2	0	2	1	2
chr9	42764451	42764563	113	8	0	113	51	62	6	3	2	2	4	4	8	4	3	3	4	2	0	0	2	2	4	3	1	2	7	7	0	8	6	8	1	3	4	4	0	4
chr9	42764564	42764607	44	9	0	44	20	24	2	0	2	1	1	0	4	4	1	1	1	1	1	0	1	0	0	0	0	1	2	3	0	2	5	1	0	4	2	1	0	1
chr9	42764608	42764702	95	8	0	95	45	50	0	1	9	2	8	6	5	2	3	2	1	1	1	2	0	1	7	3	0	1	5	4	0	5	6	5	0	5	2	2	0	4
chr9	42764703	42764873	171	9	0	171	73	98	4	3	2	1	2	9	9	7	3	4	10	6	2	2	8	0	4	5	1	7	10	16	0	13	9	6	1	2	4	12	0	7
chr9	42764874	42764927	54	8	0	54	26	28	0	0	1	1	0	1	5	2	2	2	3	4	0	1	2	1	2	1	0	1	4	2	0	2	1	2	0	1	2	3	0	6
chr9	42764928	42765112	185	9	0	185	95	90	11	3	10	6	7	10	10	6	7	2	4	3	5	3	2	5	8	3	1	5	9	6	2	9	11	10	0	9	5	7	1	3
chr9	42765113	42765195	83	8	0	83	46	37	7	1	1	6	4	1	3	6	3	2	3	2	1	1	3	0	3	0	0	2	6	5	0	2	2	3	0	3	3	5	0	3
chr9	42765196	42765337	142	9	0	142	86	56	11	4	10	6	10	3	3	4	4	5	3	3	6	7	2	5	6	3	2	8	8	1	0	6	2	2	0	1	4	9	0	2
chr9	42765338	42765416	79	8	0	79	45	34	7	1	6	2	5	2	1	5	3	4	3	1	2	0	2	0	4	0	0	3	3	2	0	4	3	2	0	1	3	5	0	3
chr9	42765417	42765469	53	9	0	53	31	22	3	4	0	2	4	3	0	5	1	0	1	1	1	0	1	4	3	3	0	0	6	0	0	0	2	3	0	1	2	0	0	1
chr9	42765470	42765522	53	8	0	53	24	29	0	1	1	2	1	1	4	2	1	1	2	4	1	0	1	0	1	2	0	0	4	6	0	2	2	0	0	4	2	4	0	2
chr9	42765523	42765546	24	9	0	24	16	8	0	1	0	1	0	1	0	3	0	0	3	2	2	0	0	2	0	0	0	2	0	0	0	0	0	0	0	0	5	0	0	0
chr9	42765547	42765679	133	8	0	133	74	59	7	3	10	2	2	5	4	7	8	2	6	2	5	3	4	2	5	4	0	4	3	5	0	8	5	2	0	5	6	5	0	7
chr9	42765680	42765754	75	9	0	75	44	31	5	2	4	4	2	2	5	1	4	2	3	0	4	3	0	1	3	2	0	4	3	2	0	3	1	2	0	1	4	2	0	4
chr9	42765755	42765847	93	8	0	93	42	51	1	1	3	1	4	5	4	7	0	2	6	4	1	2	1	0	2	5	0	3	9	3	0	5	2	5	0	3	5	4	0	3
chr9	42765848	42765888	41	9	0	41	28	13	8	1	0	3	1	2	2	0	1	1	1	0	2	2	3	1	3	1	0	2	0	0	0	1	0	0	0	2	1	0	0	1
chr9	42765889	42766040	152	8	0	152	76	76	13	3	2	3	4	5	13	4	4	2	12	1	1	3	4	0	4	2	0	7	8	2	0	8	10	9	0	7	5	5	0	9
chr9	42766041	42766182	142	9	0	142	88	54	7	2	6	9	5	3	7	4	8	4	4	6	5	3	5	9	6	1	0	5	4	4	0	5	3	1	0	2	5	7	0	10
chr9	42766183	42766237	55	8	0	55	38	17	5	1	4	5	1	3	1	1	2	0	1	1	6	2	0	3	3	2	0	1	2	0	0	3	0	1	0	1	1	2	0	1
chr9	42766238	42766344	107	9	0	107	68	39	2	3	7	4	2	0	4	3	7	3	10	3	7	2	1	8	2	1	1	4	0	1	1	4	0	0	0	2	7	4	0	12
chr9	42766345	42766419	75	8	0	75	48	27	7	4	3	5	4	2	1	3	4	1	1	3	3	1	3	1	4	2	0	2	3	0	0	5	1	1	0	0	2	5	0	2
chr9	42766420	42766476	57	9	0	57	37	20	2	1	4	3	3	2	1	5	4	2	1	1	1	2	0	5	5	1	0	1	1	0	0	1	1	0	0	1	4	1	0	2
chr9	42766477	42766850	374	8	0	374	256	118	35	10	19	33	24	7	4	19	19	1	7	11	19	16	8	23	19	3	0	12	15	4	0	7	8	4	0	6	12	14	0	13
chr9	42766851	42767297	447	8	0	447	308	139	67	16	21	40	25	3	11	16	29	1	9	9	22	8	8	21	16	4	1	7	11	8	2	10	13	8	0	11	15	11	1	21
chr9	42767298	42767333	36	9	0	36	30	6	9	2	2	3	0	0	1	1	1	0	1	1	5	1	0	1	2	0	0	1	0	0	0	0	0	0	0	0	0	0	0	3
chr9	42767334	42767494	161	8	0	161	100	61	19	2	12	7	6	5	3	8	8	3	4	3	7	4	7	0	6	2	1	7	3	3	0	5	5	2	1	8	8	4	0	6
chr9	42767495	42767507	13	9	0	13	9	4	3	1	1	0	1	0	0	0	1	0	0	0	0	1	0	0	0	1	0	1	1	0	0	0	0	0	0	0	0	0	0	0
chr9	42767508	42767571	64	8	0	64	45	19	7	2	2	5	3	1	1	3	2	1	2	1	5	1	2	5	2	0	0	3	2	1	0	1	2	1	0	1	2	2	0	2
chr9	42767572	42767588	17	9	0	17	12	5	0	1	0	1	1	0	0	1	0	0	0	0	1	1	2	2	0	0	0	2	1	0	0	0	1	1	0	0	0	0	0	0
chr9	42767589	42767926	338	8	0	338	245	93	40	11	13	21	4	6	8	18	15	7	4	6	26	14	12	39	20	5	0	13	10	2	0	8	1	0	0	1	5	13	0	14
chr9	42767935	42767984	50	8	0	50	29	21	0	1	1	2	1	3	1	4	2	0	3	2	1	3	0	3	2	3	2	0	4	0	0	1	1	1	0	0	2	1	0	4
chr9	42767985	42768023	39	9	0	39	32	7	3	2	1	5	3	1	0	1	2	0	0	0	3	0	1	8	2	0	0	1	0	0	0	0	2	0	0	0	1	0	0	1
chr9	42768024	42768088	65	8	0	65	53	12	6	2	1	8	1	1	0	4	3	1	0	0	7	1	1	16	2	2	0	0	2	0	0	1	0	0	0	0	2	1	0	1
chr9	42768089	42768180	92	9	0	92	68	24	8	6	4	7	2	0	2	6	4	1	2	1	11	4	2	7	6	2	0	3	0	1	0	2	1	0	0	1	3	0	0	4
chr9	42768181	42768680	500	8	0	500	298	202	46	11	21	26	13	18	17	21	17	12	15	10	28	10	14	18	25	12	4	10	17	13	6	18	17	9	1	15	10	20	1	23
chr9	42768681	42768758	78	9	0	78	51	27	12	0	4	7	3	3	3	1	7	2	2	3	1	1	1	1	3	0	2	1	1	0	0	1	2	1	0	1	3	1	2	7
chr9	42768759	42768924	166	8	0	166	110	56	12	4	6	12	9	5	3	10	5	2	5	3	8	7	4	13	10	3	0	5	6	4	0	1	8	0	0	4	3	4	0	8
chr9	42768925	42768973	49	9	0	49	28	21	4	0	1	3	2	2	1	4	1	2	0	2	1	1	1	3	2	1	0	1	5	3	0	0	1	1	0	0	1	2	0	2
chr9	42768974	42769232	259	8	0	259	136	123	8	10	5	10	7	13	10	18	13	3	11	5	5	5	5	7	19	4	1	8	10	20	1	11	7	5	0	4	12	12	0	8
chr9	42769233	42770038	806	9	0	806	391	415	69	20	19	12	22	39	38	18	13	17	37	25	16	15	21	8	26	27	13	25	35	29	23	31	29	37	21	27	27	25	7	33
chr9	42770039	42770093	55	6	0	55	39	16	9	2	1	4	4	0	1	1	1	1	0	1	2	1	2	8	2	1	0	1	1	2	0	1	2	0	0	2	1	2	0	0
chr9	42770094	42770186	93	9	0	93	59	34	16	3	8	3	4	3	3	2	6	1	2	2	4	0	1	1	3	1	0	2	2	2	0	2	3	2	0	5	4	1	0	5
chr9	42770187	42770239	53	6	0	53	29	24	3	1	1	4	5	1	2	3	0	1	0	2	1	0	0	3	3	1	0	0	4	4	0	1	3	3	0	2	2	1	0	0
chr9	42770240	42770341	102	9	0	102	73	29	19	5	1	7	3	3	3	3	4	0	0	5	6	4	3	7	5	3	0	3	4	3	0	0	0	0	0	0	3	2	0	4
chr9	42770342	42770404	63	6	0	63	40	23	4	1	2	5	2	3	1	3	5	0	1	5	1	0	3	3	3	0	0	1	2	2	0	1	0	0	0	2	4	4	0	3
chr9	42770419	42770479	61	6	0	61	38	23	4	2	2	4	7	3	0	5	2	1	0	4	0	1	0	1	4	3	0	0	3	1	0	1	3	1	0	0	5	0	0	2
chr9	42770480	42770583	104	9	0	104	70	34	11	3	3	8	2	2	4	7	5	2	1	3	7	2	3	6	4	1	0	4	1	1	0	2	2	2	1	3	8	1	1	2
chr9	42770584	42770705	122	6	0	122	82	40	22	1	6	11	9	4	2	2	3	3	4	4	5	1	1	3	5	2	1	1	3	2	0	3	4	1	0	3	4	3	1	6
chr9	42770706	42771035	330	9	0	330	219	111	31	9	11	25	18	6	8	16	8	10	9	6	19	11	5	27	15	12	2	7	9	5	1	10	9	1	1	4	15	6	0	12
chr9	42771036	42771092	57	6	0	57	32	25	0	1	1	0	1	3	3	3	1	3	4	0	0	3	4	3	4	1	0	5	1	0	0	2	2	1	0	1	3	1	0	4
chr9	42771093	42771123	31	9	0	31	22	9	7	0	2	3	0	0	3	0	2	1	0	0	3	0	0	1	1	0	0	0	0	0	0	1	0	0	0	2	1	1	0	1
chr9	42771124	42771291	168	6	0	168	112	56	20	7	10	11	10	2	6	5	8	3	5	2	10	8	2	2	9	4	0	6	4	1	0	3	4	1	0	5	6	2	0	10
chr9	42771292	42771442	151	9	0	151	112	39	19	5	5	17	7	1	4	5	2	0	5	4	17	6	2	11	8	0	0	4	0	4	0	2	3	0	0	7	6	2	0	3
chr9	42771443	42771556	114	6	0	114	81	33	9	4	5	8	3	3	2	6	2	0	3	6	12	7	2	8	5	2	1	6	2	1	0	2	1	0	0	1	6	2	1	2
chr9	42771557	42771627	71	9	0	71	52	19	15	3	4	4	2	0	2	4	4	0	1	1	6	2	1	1	2	0	0	3	2	0	0	0	3	0	0	3	1	2	0	3
chr9	42771628	42771721	94	6	0	94	61	33	10	2	5	7	3	0	3	2	5	2	3	2	7	2	3	3	4	0	0	2	3	4	0	4	1	1	0	2	0	6	0	6
chr9	42771722	42771988	267	9	0	267	129	138	18	5	7	8	11	13	12	3	6	3	15	9	3	5	8	2	5	10	4	7	14	11	3	13	11	12	4	9	9	9	3	13
chr9	42771989	42772039	51	6	0	51	33	18	9	1	4	3	4	0	1	0	1	1	2	0	4	1	0	1	1	0	0	2	3	1	0	1	1	3	0	1	0	1	0	3
chr9	42772040	42772147	108	9	0	108	62	46	9	5	7	3	7	2	6	2	6	2	4	2	1	1	1	3	2	3	0	5	5	3	0	3	4	4	0	2	6	1	0	7
chr9	42772148	42772487	340	6	0	340	227	113	39	7	22	25	18	3	11	10	23	3	8	19	13	4	3	18	10	3	0	4	9	5	1	9	6	6	0	6	17	10	1	25
chr9	42772488	42772915	428	9	0	428	279	149	38	11	25	29	20	6	14	14	26	12	8	21	19	5	10	20	13	7	1	12	10	6	1	13	7	3	0	8	25	14	4	24
chr9	42772916	42773046	131	6	0	131	63	68	0	5	3	2	4	4	13	2	4	6	5	3	3	2	5	0	3	5	1	8	6	3	1	7	6	4	0	6	8	5	0	5
chr9	42773047	42773327	281	9	0	281	133	148	5	7	9	3	10	13	23	6	3	9	11	7	6	4	12	4	15	9	1	8	16	12	0	10	13	12	0	21	9	5	0	16
chr9	42773328	42773389	62	6	0	62	31	31	2	0	4	1	2	2	4	2	4	1	0	0	0	2	5	1	2	2	0	1	3	1	0	4	4	3	0	5	1	1	0	3
chr9	42773390	42773784	395	9	0	395	205	190	13	9	12	11	9	20	21	14	17	10	19	7	6	10	16	10	19	13	3	14	20	12	3	13	13	7	0	20	13	16	2	21
chr9	42773785	42774033	249	6	0	249	150	99	10	9	11	13	8	10	12	6	16	4	10	6	9	6	9	9	10	6	0	13	11	5	0	5	7	2	0	3	8	8	0	21
chr9	42774034	42774151	118	9	0	118	81	37	13	5	1	10	3	3	2	7	3	2	5	1	10	4	4	6	6	3	1	4	3	0	0	3	2	2	0	2	5	1	1	4
chr9	42774152	42774247	96	6	0	96	45	51	3	3	2	2	3	6	7	1	3	0	6	4	1	1	1	0	1	5	0	4	6	2	1	5	4	3	1	6	6	4	2	1
chr9	42774248	42774313	66	9	0	66	37	29	6	1	0	4	1	5	4	0	2	1	1	1	2	2	2	3	3	3	3	1	4	2	1	1	1	2	0	3	2	1	0	2
chr9	42774314	42774393	80	6	0	80	33	47	1	0	2	1	2	4	8	0	0	3	5	3	1	1	0	0	1	4	0	3	7	2	0	8	2	6	0	2	5	5	0	2
chr9	42774394	42774621	228	9	0	228	142	86	25	6	10	11	10	7	10	9	10	8	4	9	7	5	5	5	13	6	0	8	10	4	0	6	3	4	0	1	10	6	0	14
chr9	42774622	42774695	74	6	0	74	46	28	5	2	5	6	5	5	0	2	5	2	2	1	3	1	1	1	4	2	0	3	2	3	0	2	0	0	0	0	6	2	0	2
chr9	42774696	42774731	36	9	0	36	21	15	2	1	1	1	1	3	0	3	2	1	1	0	0	1	1	2	2	2	0	2	2	0	0	1	0	1	0	1	3	0	0	0
chr9	42774732	42774825	94	6	0	94	64	30	10	5	5	5	5	2	1	5	4	1	1	2	7	4	2	3	4	3	0	5	6	0	0	2	0	1	0	1	3	4	0	1
chr9	42774829	42775214	386	6	0	386	202	184	20	13	16	14	25	19	19	12	10	12	15	9	8	5	4	1	18	17	0	14	23	13	1	15	15	11	0	10	18	11	1	15
chr9	42775215	42775288	74	9	0	74	55	19	11	4	1	10	3	0	2	2	4	0	1	1	8	1	2	5	1	3	0	1	3	1	0	1	0	1	0	0	3	0	0	3
chr9	42775289	42775346	58	6	0	58	38	20	6	2	6	0	3	2	1	4	5	2	0	1	1	0	0	3	1	1	1	3	1	0	0	0	3	0	0	1	5	0	1	3
chr9	42775347	42775398	52	9	0	52	38	14	6	3	5	4	3	0	0	3	3	1	0	2	5	0	0	1	3	2	0	0	2	0	0	1	0	0	0	0	1	1	0	4
chr9	42775399	42775487	89	6	0	89	57	32	15	4	4	3	5	1	3	2	6	1	8	3	0	0	2	0	4	1	0	1	1	0	0	2	0	0	0	3	6	1	0	11
chr9	42775488	42775710	223	9	0	223	132	91	15	9	9	14	11	8	8	13	11	7	7	3	9	4	1	2	19	1	1	6	7	8	1	5	6	2	0	6	8	10	2	8
chr9	42775711	42775769	59	6	0	59	44	15	7	4	1	6	2	0	2	0	2	0	1	0	8	2	4	4	2	1	0	3	2	1	0	0	0	0	0	2	0	1	0	2
chr9	42775795	42775855	61	6	0	61	37	24	4	3	2	0	2	1	3	2	2	0	1	1	3	4	4	3	3	3	1	1	2	0	0	2	3	0	1	4	0	1	0	3
chr9	42775856	42775912	57	9	0	57	44	13	8	5	0	5	1	0	1	4	1	0	1	1	8	3	1	4	4	2	0	1	2	0	0	0	0	0	0	0	1	0	0	2
chr9	42775913	42775973	61	6	0	61	42	19	5	2	2	2	0	0	1	6	1	1	4	2	5	1	2	6	3	0	0	1	1	0	0	1	0	1	0	3	4	1	0	4
chr9	42775974	42777418	1445	9	0	1445	907	538	143	52	68	77	78	24	41	57	63	23	31	41	57	39	46	65	58	34	7	39	51	29	2	56	35	32	3	34	56	43	2	57
chr9	42777419	42777479	61	6	0	61	46	15	28	3	1	2	3	0	2	1	1	2	0	1	0	0	0	0	3	1	1	0	2	1	0	1	1	1	0	0	0	1	1	2
chr9	42777480	42777549	70	9	0	70	31	39	0	1	0	0	2	6	6	1	0	2	8	3	0	0	0	0	1	2	1	5	4	1	0	2	4	2	1	3	6	2	0	5
chr9	42777608	42777641	34	9	0	34	20	14	10	0	0	1	0	2	1	2	0	0	0	0	0	0	1	1	0	2	0	0	4	1	0	1	2	3	0	1	0	0	0	0
chr9	42777642	42777694	53	6	0	53	32	21	4	2	0	1	0	2	3	1	1	1	1	4	2	2	2	4	4	2	0	1	2	1	0	2	0	1	0	1	1	1	2	3
chr9	42777695	42777742	48	9	0	48	18	30	1	1	0	0	0	2	3	0	1	1	3	4	0	0	1	0	1	1	1	1	2	3	2	4	1	4	1	0	1	3	2	2
chr9	42777743	42777814	72	6	0	72	52	20	5	1	0	7	2	1	0	10	3	0	0	4	4	3	2	9	3	1	1	0	0	1	1	0	6	0	0	0	4	0	0	2
chr9	42777835	42777894	60	6	0	60	48	12	9	3	2	4	2	1	0	3	0	0	0	0	7	1	1	15	1	1	0	3	2	1	0	0	1	1	0	0	0	0	0	0
chr9	42777895	42777942	48	9	0	48	27	21	3	5	0	0	3	1	1	1	0	1	0	0	2	2	3	5	4	3	2	0	0	2	0	3	1	1	2	0	1	0	0	0
chr9	42777943	42778031	89	6	0	89	52	37	6	2	2	5	2	3	2	1	2	0	6	2	5	5	3	4	1	5	0	4	3	5	0	7	0	1	0	1	4	4	0	2
chr9	42778032	42778128	97	9	0	97	55	42	6	4	2	2	2	7	2	6	4	1	4	4	1	3	2	4	9	2	1	3	4	5	0	2	0	1	1	0	4	3	1	5
chr9	42778129	42778193	65	6	0	65	37	28	3	3	3	1	1	1	3	6	3	1	2	4	3	0	2	1	4	0	0	1	2	0	0	4	1	2	0	3	4	4	0	1
chr9	42778194	42778256	63	9	0	63	41	22	4	3	1	3	2	5	0	4	3	0	0	0	2	4	2	7	5	3	1	2	4	0	1	0	2	0	0	0	0	2	0	1
chr9	42778257	42778430	174	6	0	174	122	52	19	7	6	14	8	3	7	8	8	2	4	7	10	5	4	9	10	0	1	6	1	0	0	1	9	1	0	2	6	1	1	12
chr9	42778431	42778471	41	9	0	41	22	19	0	1	3	0	1	0	2	4	1	2	1	1	2	0	0	3	0	1	0	2	3	1	0	1	1	2	0	2	3	1	0	1
chr9	42778472	42778708	237	6	0	237	157	80	28	7	17	13	11	7	2	12	16	2	6	3	10	7	5	10	12	5	0	6	5	4	0	8	5	1	0	6	10	7	0	10
chr9	42778718	42778792	75	6	0	75	42	33	10	3	2	2	2	3	4	2	3	1	3	1	2	0	1	1	2	3	0	2	3	2	0	5	3	3	0	2	4	2	0	2
chr9	42778793	42778928	136	9	0	136	73	63	6	4	6	6	5	4	9	4	8	4	2	3	3	4	4	1	7	6	0	3	4	4	1	8	6	1	0	5	5	6	1	4
chr9	42778929	42778985	57	6	0	57	28	29	3	0	2	2	4	3	4	1	0	4	2	1	0	0	0	0	1	2	0	4	5	0	0	1	2	3	0	3	4	1	2	1
chr9	42778986	42779063	78	9	0	78	53	25	12	4	4	4	5	2	2	3	3	3	1	1	4	0	2	2	6	1	0	2	0	1	0	2	2	0	0	2	4	1	0	3
chr9	42779064	42779264	201	6	0	201	134	67	26	5	10	11	7	4	7	8	8	4	3	10	11	0	2	17	5	5	0	3	10	6	0	2	3	2	0	5	9	5	0	11
chr9	42779265	42779355	91	9	0	91	45	46	0	4	2	4	2	5	3	6	5	1	5	1	3	2	0	1	3	5	0	4	6	6	1	2	2	1	1	2	6	4	0	2
chr9	42779356	42779511	156	6	0	156	84	72	11	5	9	4	3	3	8	11	10	2	6	3	6	0	0	2	4	1	0	5	6	9	0	7	6	6	0	6	9	6	1	5
chr9	42779512	42779540	29	9	0	29	15	14	3	0	1	2	1	0	0	0	0	1	3	0	2	2	0	0	1	1	0	1	0	1	2	2	0	0	0	0	0	1	2	1
chr9	42779541	42779785	245	6	0	245	156	89	16	4	11	18	6	11	7	13	16	3	6	10	12	5	4	13	11	3	4	4	5	0	2	6	9	3	1	5	12	7	3	13
chr9	42779786	42779811	26	9	0	26	21	5	2	1	0	2	1	0	0	3	0	0	1	0	2	1	0	7	2	0	0	1	0	0	0	0	0	0	0	0	1	0	0	0
chr9	42779812	42779919	108	6	0	108	92	16	12	3	5	15	3	1	0	5	6	0	2	1	14	1	0	22	3	0	0	2	0	0	0	0	2	0	0	0	4	0	0	5
chr9	42779934	42780131	198	6	0	198	125	73	17	9	10	11	9	1	8	6	11	6	7	3	10	3	5	8	11	5	0	3	5	5	0	9	2	1	0	3	5	8	0	15
chr9	42780134	42780444	311	6	0	311	200	111	23	9	16	24	18	7	10	14	17	7	9	4	15	3	6	16	12	3	0	11	8	4	0	8	13	6	0	9	17	7	0	13
chr9	42780445	42780560	116	8	0	116	85	31	6	3	2	13	2	1	4	9	3	2	3	2	13	6	1	14	6	2	2	3	1	0	0	2	4	0	0	0	5	0	0	5
chr9	42780561	42780610	50	8	0	50	27	23	0	2	2	2	3	2	1	2	1	1	4	0	3	1	0	2	2	2	0	1	1	1	1	2	3	1	0	2	2	1	1	2
chr9	42780611	42780636	26	9	0	26	17	9	0	2	1	1	2	0	0	1	0	1	1	0	3	1	1	1	1	1	0	2	1	1	0	1	0	0	0	0	1	1	0	0
chr9	42780637	42780702	66	8	0	66	48	18	7	2	4	8	4	3	0	2	3	0	1	4	7	1	0	2	5	0	0	1	1	0	0	0	1	0	0	1	2	2	0	3
chr9	42780703	42780839	137	9	0	137	81	56	10	6	7	3	7	6	5	6	4	3	3	2	5	5	2	6	8	4	0	8	9	3	0	3	2	4	0	2	4	4	0	4
chr9	42780840	42780982	143	8	0	143	98	45	10	7	6	9	6	6	2	7	5	0	4	3	11	6	4	11	8	3	0	9	4	1	0	3	2	1	0	1	7	3	0	2
chr9	42780983	42781047	65	9	0	65	42	23	13	1	6	2	0	1	1	3	5	2	0	3	3	0	1	0	1	1	0	1	2	1	1	1	0	1	1	2	2	2	2	4
chr9	42781048	42781104	57	8	0	57	36	21	3	2	4	1	0	1	2	4	4	2	0	1	3	3	1	4	4	0	1	2	0	0	1	1	1	2	0	1	2	0	2	3
chr9	42781105	42781171	67	9	0	67	33	34	3	2	2	2	4	3	3	2	2	0	4	3	0	0	1	1	3	1	0	1	2	3	1	4	4	1	1	2	2	5	0	3
chr9	42781172	42781285	114	8	0	114	75	39	11	6	1	7	3	5	4	10	5	2	0	2	5	6	2	5	12	4	0	3	5	2	0	2	1	1	0	0	4	2	0	2
chr9	42781286	42781403	118	9	0	118	83	35	4	5	3	14	5	0	1	5	2	1	3	4	14	3	4	13	3	2	2	2	2	2	0	4	3	2	0	3	3	2	2	3
chr9	42781404	42781694	291	8	0	291	196	95	30	5	10	20	10	6	10	17	8	6	5	8	18	9	8	25	12	5	0	9	11	2	0	6	10	5	0	7	10	7	0	10
chr9	42781695	42781773	79	9	0	79	48	31	4	4	0	2	2	6	5	5	1	1	0	6	3	2	0	7	9	0	0	4	3	1	1	0	2	1	0	0	4	2	1	1
chr9	42781774	42781861	88	8	0	88	60	28	6	2	5	5	1	1	1	5	4	1	3	2	7	3	6	6	5	0	0	2	1	0	0	2	1	0	0	7	3	3	0	4
chr9	42781862	42781882	21	9	0	21	14	7	5	0	1	1	0	0	0	2	2	0	2	1	0	0	0	0	0	0	0	0	0	0	0	1	0	0	0	0	1	1	0	2
chr9	42781883	42781965	83	8	0	83	42	41	1	2	1	3	2	4	2	3	1	2	6	2	3	3	6	0	5	1	1	4	2	0	2	5	2	6	0	2	3	2	1	4
chr9	42781966	42782014	49	9	0	49	19	30	0	1	0	1	0	4	5	1	2	1	1	1	0	0	0	0	1	2	0	3	6	2	1	2	2	4	1	1	1	3	0	1
chr9	42782015	42782521	507	8	0	507	249	258	16	13	21	13	15	14	38	8	21	13	29	8	12	8	9	9	17	12	2	17	14	23	3	37	19	19	1	23	25	23	2	21
chr9	42782522	42782697	176	9	0	176	113	63	17	5	6	11	7	6	4	8	7	5	4	4	7	4	10	7	8	6	0	6	6	3	0	3	3	1	0	6	8	2	1	9
chr9	42782698	42782813	116	8	0	116	80	36	18	7	5	9	7	2	1	4	8	0	3	3	5	1	2	4	8	1	0	1	2	3	0	3	2	1	0	1	2	3	2	6
chr9	42782814	42782943	130	9	0	130	74	56	8	4	5	7	3	3	8	4	7	2	4	5	6	2	4	2	6	1	1	3	4	5	0	5	3	3	1	4	4	5	0	9
chr9	42782944	42783074	131	8	0	131	82	49	5	4	8	7	6	1	6	5	5	6	7	3	9	2	2	5	5	2	0	6	3	1	0	3	2	1	0	5	8	3	0	9
chr9	42783075	42783203	129	9	0	129	73	56	3	2	1	9	4	5	9	7	1	4	6	3	7	3	3	5	5	0	1	8	4	0	1	3	11	5	0	3	5	3	0	6
chr9	42783204	42783324	121	8	0	121	56	65	7	3	3	5	4	6	7	0	3	1	4	2	3	3	3	1	3	5	3	2	8	7	2	6	3	6	2	7	3	4	1	2
chr9	42783325	42783365	41	9	0	41	17	24	0	0	1	0	0	1	3	1	1	2	2	5	0	0	0	0	0	1	1	1	2	1	0	3	1	3	0	0	2	2	3	3
chr9	42783366	42783456	91	8	0	91	43	48	3	2	2	4	3	5	2	2	1	1	4	3	4	2	1	3	3	3	2	2	3	3	5	3	2	6	4	1	4	2	1	3
chr9	42783457	42783493	37	9	0	37	21	16	2	1	1	2	2	2	0	1	0	1	1	3	2	0	0	2	2	1	1	0	2	1	0	0	1	1	1	0	0	0	2	3
chr9	42783494	42783610	117	8	0	117	74	43	7	4	5	6	5	2	3	8	7	3	5	3	3	3	3	7	7	0	1	4	3	0	1	0	3	2	1	2	5	2	1	9
chr9	42783611	42783623	13	9	0	13	9	4	1	0	0	1	0	2	0	1	0	0	0	1	1	0	0	1	2	0	0	0	0	0	0	0	0	0	0	0	1	0	0	0
chr9	42783624	42783745	122	8	0	122	91	31	14	2	7	16	7	0	3	3	5	4	1	3	13	3	3	5	1	2	0	6	1	0	0	2	2	0	0	4	10	1	0	2
chr9	42783746	42783771	26	9	0	26	19	7	5	0	1	3	1	1	0	2	1	0	0	2	1	0	0	1	0	0	0	0	1	0	0	0	0	1	0	1	3	0	0	0
chr9	42783772	42783987	216	8	0	216	148	68	24	7	15	15	11	2	5	5	13	3	3	6	13	7	7	11	8	1	0	10	4	3	0	5	4	4	0	4	7	4	2	11
chr9	42783988	42784217	230	9	0	230	155	75	21	8	11	14	12	5	8	13	5	6	2	6	16	2	5	21	11	2	2	6	5	1	0	3	13	4	0	7	9	2	0	8
chr9	42784218	42784273	56	8	0	56	44	12	4	2	0	5	1	0	1	1	3	0	0	1	4	2	6	12	2	1	0	1	0	0	0	2	0	0	0	2	1	1	0	2
chr9	42784274	42784308	35	9	0	35	25	10	1	2	1	2	3	0	0	3	0	0	1	3	2	0	1	5	1	0	0	0	0	0	0	0	2	0	0	2	3	0	0	1
chr9	42784309	42784358	50	8	0	50	40	10	11	2	3	4	1	0	1	2	6	0	2	0	2	0	0	4	0	0	0	2	0	0	0	0	0	0	0	0	4	0	0	4
chr9	42784359	42784430	72	9	0	72	46	26	9	2	2	6	1	1	3	1	4	1	3	0	4	3	2	3	2	2	1	1	1	4	1	1	2	0	0	2	1	1	0	6
chr9	42784431	42785122	692	8	0	692	473	219	52	20	32	56	29	12	12	37	34	8	14	18	44	24	22	57	30	9	5	20	14	9	1	19	19	12	0	7	27	13	0	34
chr9	42785123	42785152	30	9	0	30	20	10	4	3	0	0	2	1	1	0	0	1	2	1	0	1	2	1	3	0	0	3	0	0	0	0	0	0	0	0	1	0	0	2
chr9	42785153	42785389	237	8	0	237	154	83	23	7	8	19	13	5	4	11	7	4	7	7	14	5	8	11	10	6	0	5	9	3	0	10	5	4	0	5	9	9	0	7
chr9	42785390	42785448	59	9	0	59	44	15	8	3	2	5	3	0	0	4	1	1	0	3	6	3	1	4	2	0	1	2	1	0	0	0	1	0	0	1	3	1	1	0
chr9	42785449	42785525	77	8	0	77	45	32	2	2	5	2	3	0	5	1	4	3	3	4	2	2	3	3	4	1	0	2	1	1	0	4	1	0	0	3	4	3	0	7
chr9	42785526	42785568	43	9	0	43	26	17	5	2	2	1	2	3	3	0	1	0	0	1	3	1	0	0	3	0	0	3	1	1	0	1	3	2	0	1	1	0	0	1
chr9	42785569	42785765	197	8	0	197	124	73	9	4	12	13	8	4	8	9	6	6	9	4	15	4	5	8	6	3	0	9	2	1	0	7	7	3	0	8	12	3	0	10
chr9	42785766	42785795	30	9	0	30	17	13	0	0	2	0	1	1	1	4	0	2	0	1	1	1	1	1	2	2	0	1	0	0	0	2	2	0	0	0	2	0	0	1
chr9	42785796	42786145	350	8	0	350	244	106	33	14	7	41	19	7	12	16	17	2	9	11	26	10	8	12	20	3	0	10	6	2	0	5	9	4	1	5	18	4	1	16
chr9	42786146	42786201	56	9	0	56	36	20	5	2	4	1	1	0	2	4	5	2	3	1	2	1	0	1	3	0	0	2	1	0	0	3	0	0	0	0	3	4	0	4
chr9	42786202	42786280	79	8	0	79	54	25	5	2	5	6	3	0	1	1	5	2	6	4	5	0	4	3	2	0	0	2	0	0	0	2	0	1	0	1	3	1	2	11
chr9	42786281	42786329	49	9	0	49	37	12	4	3	2	4	2	1	2	0	2	0	1	2	5	1	1	5	3	1	0	1	0	0	0	1	0	0	0	0	2	0	0	4
chr9	42786330	42786455	126	8	0	126	95	31	19	3	6	11	5	0	2	4	7	2	0	3	8	6	5	12	5	2	0	4	4	0	0	2	0	0	0	2	3	4	0	5
chr9	42786456	42786545	90	9	0	90	38	52	3	1	3	1	3	4	4	4	0	2	5	5	1	1	0	0	2	3	1	2	4	3	3	5	5	7	2	2	4	2	3	3
chr9	42786546	42786605	60	8	0	60	36	24	7	2	1	3	2	1	2	3	2	1	1	1	2	2	3	1	2	3	0	1	5	2	0	1	0	2	0	2	1	1	0	4
chr9	42786606	42786768	163	9	0	163	77	86	11	5	3	2	6	10	10	2	4	3	9	2	0	3	5	0	6	6	2	7	6	4	3	8	11	7	2	6	7	4	1	6
chr9	42786769	42786888	120	8	0	120	81	39	15	2	7	8	5	3	4	4	5	2	2	2	7	6	3	4	6	3	0	6	4	2	0	1	1	0	0	5	5	2	0	4
chr9	42786889	42786983	95	9	0	95	63	32	12	3	2	6	4	1	3	6	1	2	2	6	6	1	2	4	6	0	0	2	4	0	1	2	1	2	1	2	3	5	0	3
chr9	42786984	42787103	120	8	0	120	76	44	13	8	7	5	12	3	6	1	8	2	2	3	1	0	1	2	7	2	0	4	4	0	0	2	3	1	0	6	8	3	0	4
chr9	42787104	42787184	81	9	0	81	47	34	3	4	2	4	2	3	3	2	3	2	3	4	5	0	4	1	2	3	1	3	4	0	1	2	2	0	0	4	3	4	2	3
chr9	42787185	42787388	204	8	0	204	108	96	14	6	6	6	5	8	11	12	9	3	10	4	4	5	1	4	10	5	1	6	13	7	1	4	7	4	2	9	6	10	0	9
chr9	42787393	42787485	93	8	0	93	49	44	9	2	5	1	4	4	4	3	2	2	4	4	2	1	1	0	1	3	0	5	5	3	0	5	6	4	0	0	3	3	0	5
chr9	42787486	42787522	37	9	0	37	18	19	3	2	0	0	1	3	3	0	1	0	1	0	0	1	3	0	2	2	0	2	1	0	0	3	3	1	0	1	0	1	0	1
chr9	42787523	42787606	84	8	0	84	44	40	6	5	2	4	6	3	4	1	5	0	5	3	0	0	0	0	6	1	1	0	3	5	1	3	2	3	0	1	2	3	0	7
chr9	42787607	42787687	81	9	0	81	43	38	3	3	3	3	4	1	4	0	3	2	4	3	2	2	2	2	2	3	1	2	2	4	1	5	2	1	0	3	4	4	0	4
chr9	42787688	42787742	55	8	0	55	32	23	6	2	4	0	2	1	2	3	3	2	2	1	1	2	1	0	4	1	0	2	2	1	0	2	1	1	0	0	1	2	0	4
chr9	42787743	42787779	37	9	0	37	19	18	1	0	2	2	1	1	2	0	0	1	0	1	3	2	2	1	1	3	0	0	1	1	0	4	1	1	0	2	1	0	1	0
chr9	42787780	42787896	117	8	0	117	83	34	12	2	7	7	5	2	1	2	7	1	6	3	6	5	5	10	3	2	0	5	0	2	0	3	1	0	0	1	6	1	0	10
chr9	42787897	42788020	124	9	0	124	81	43	16	2	6	6	3	4	4	4	8	1	8	2	2	5	1	8	7	1	0	4	3	2	0	4	1	0	0	1	4	6	0	9
chr9	42788021	42788098	78	8	0	78	43	35	4	2	1	5	4	3	4	3	5	1	2	1	0	4	1	1	4	3	1	2	5	4	0	1	2	2	0	2	3	1	1	4
chr9	42788099	42788118	20	9	0	20	16	4	3	0	0	4	1	1	0	0	0	0	0	0	3	1	1	1	1	1	0	0	0	0	0	1	0	0	0	0	0	0	0	0
chr9	42788119	42788211	93	8	0	93	49	44	6	2	6	1	2	2	5	1	3	2	3	3	4	0	7	1	3	0	0	3	3	2	0	7	3	7	0	4	1	3	0	7
chr9	42788212	42788394	183	9	0	183	112	71	13	5	8	8	8	4	6	8	8	6	5	2	5	5	4	16	8	3	3	6	5	2	2	4	6	4	1	5	6	4	2	9
chr9	42788395	42788573	179	8	0	179	78	101	2	4	4	1	5	12	13	12	3	5	8	3	1	4	1	0	13	8	0	4	7	8	0	10	14	5	4	7	7	5	2	5
chr9	42788574	42788624	51	9	0	51	29	22	1	1	3	0	0	3	3	1	2	1	1	4	2	1	2	3	1	1	1	4	2	1	0	1	1	0	0	1	3	2	1	2
chr9	42788625	42788767	143	8	0	143	101	42	16	5	5	10	6	2	4	8	3	5	5	5	10	5	5	5	7	1	1	8	1	0	0	0	4	0	0	2	8	0	1	9
chr9	42788768	42788814	47	9	0	47	29	18	8	2	2	1	3	0	2	1	2	0	6	2	0	0	0	0	2	0	0	0	1	0	0	0	2	0	0	1	1	1	0	8
chr9	42788815	42789006	192	8	0	192	84	108	6	6	1	3	5	9	15	5	3	3	12	3	2	4	5	1	5	9	1	7	12	11	2	11	8	10	0	10	9	5	1	6
chr9	42789007	42789214	208	9	0	208	128	80	23	6	12	9	7	4	7	6	8	2	7	9	12	6	2	8	9	1	2	5	5	5	3	6	3	7	2	4	7	6	0	13
chr9	42789215	42789266	52	8	0	52	39	13	7	1	1	7	3	2	1	1	2	2	0	0	4	0	2	4	3	1	0	1	1	0	0	1	2	0	0	0	1	1	0	2
chr9	42789267	42789281	15	9	0	15	8	7	1	0	1	0	0	0	0	0	1	0	1	1	1	0	0	1	0	0	0	0	0	0	1	1	0	2	0	0	0	0	1	1
chr9	42789282	42789334	53	8	0	53	40	13	10	3	3	3	5	1	0	1	2	0	0	1	2	2	0	5	4	1	0	1	1	2	0	0	0	0	0	0	2	0	0	2
chr9	42789335	42789393	59	8	0	59	43	16	13	2	3	4	1	0	1	1	3	2	1	0	6	1	2	1	1	2	0	2	1	1	0	3	0	0	0	0	2	2	0	2
chr9	42789394	42789438	45	9	0	45	31	14	3	1	2	4	3	1	1	2	2	1	0	4	1	0	1	4	1	1	0	1	1	0	0	0	1	0	1	0	4	0	0	3
chr9	42789439	42789504	66	8	0	66	47	19	9	1	3	5	1	1	2	3	6	0	1	1	3	3	1	5	3	0	0	2	0	1	2	0	0	0	0	2	4	2	0	3
chr9	42789505	42789782	278	9	0	278	184	94	22	10	12	24	21	4	5	7	5	10	7	9	20	5	2	20	13	6	3	7	15	4	0	5	2	2	1	5	7	12	2	9
chr9	42789783	42789874	92	8	0	92	62	30	10	2	6	7	4	2	3	1	4	2	3	3	8	1	2	3	0	3	0	3	3	0	0	2	1	1	0	4	6	1	0	5
chr9	42789875	42789939	65	9	0	65	45	20	12	2	5	4	1	2	2	1	4	1	0	1	5	1	0	2	2	4	0	0	2	1	0	3	0	1	0	1	3	0	0	3
chr9	42789940	42790083	144	8	0	144	89	55	15	6	6	7	5	1	6	7	7	3	2	3	7	2	4	6	4	4	0	4	10	5	0	3	2	2	0	6	3	7	0	5
chr9	42790090	42790175	86	8	0	86	58	28	15	5	2	6	2	0	3	4	5	0	2	0	6	2	4	0	4	1	0	2	3	2	0	2	0	2	0	4	2	2	0	4
chr9	42790176	42790234	59	9	0	59	37	22	1	2	1	6	2	1	2	7	3	0	1	2	4	1	2	1	3	1	0	1	3	0	0	1	2	2	0	2	3	1	0	2
chr9	42790235	42790291	57	8	0	57	35	22	2	2	1	4	5	3	2	2	1	4	1	1	1	1	3	1	7	0	0	2	1	0	0	0	2	0	0	2	3	1	0	3
chr9	42790292	42790344	53	9	0	53	35	18	3	2	0	4	2	3	3	5	2	1	0	2	2	2	2	1	7	0	0	1	0	0	0	0	3	0	0	1	2	0	0	3
chr9	42790345	42790412	68	8	0	68	47	21	7	1	0	5	0	0	4	3	2	1	3	2	5	1	4	8	0	1	0	2	1	1	0	1	2	0	0	4	3	1	0	4
chr9	42790413	42793783	3371	9	0	3371	1906	1465	230	104	121	153	114	105	149	107	130	47	112	89	135	71	79	159	136	73	22	96	134	116	30	137	91	108	33	110	114	119	27	118
chr9	42793932	42794071	140	9	0	140	63	77	3	4	4	2	5	4	14	2	2	4	7	2	3	3	2	2	2	4	0	8	13	5	0	6	5	9	0	8	5	6	0	4
chr9	42794136	42794323	188	9	0	188	98	90	11	10	4	4	7	8	9	6	7	1	9	7	4	1	8	1	9	4	1	6	5	9	1	10	11	5	0	4	5	7	2	10
chr9	42794595	42820689	26095	9	0	26095	15191	10904	1707	746	1120	1257	971	792	1095	1058	1144	530	822	752	1008	555	672	961	1091	612	138	782	992	740	119	981	770	608	99	723	1064	873	88	1223
chr9	42820690	42820769	80	9	0	80	27	53	0	0	1	0	0	5	8	3	0	2	3	0	1	1	1	1	3	4	1	0	5	4	1	7	8	9	1	4	0	1	1	3
chr9	42820770	42820893	124	9	0	124	57	67	3	4	5	1	3	6	10	6	6	4	2	2	1	2	0	1	7	4	1	5	8	6	1	6	2	10	0	2	8	2	0	4
chr9	42820894	42820924	31	9	0	31	9	22	0	0	0	0	0	0	5	0	0	1	1	0	0	2	0	0	1	1	1	0	1	3	0	3	1	4	0	3	2	0	0	0
chr9	42820925	42821078	154	9	0	154	74	80	6	3	11	2	4	4	9	3	10	4	8	2	2	0	3	3	1	5	1	4	8	6	0	12	3	9	0	5	8	6	1	9
chr9	42821079	42821108	30	9	0	30	19	11	1	1	1	1	0	0	3	0	0	1	0	3	2	2	2	0	1	0	0	4	1	0	0	1	0	0	0	0	1	2	0	1
chr9	42821109	42822174	1066	9	0	1066	657	409	126	27	42	58	35	35	48	37	50	26	32	31	42	17	25	26	35	24	4	42	37	22	2	35	23	15	1	29	60	36	1	41
chr9	42822175	42822247	73	9	0	73	37	36	1	2	2	4	5	2	3	0	4	1	7	1	0	1	2	1	0	3	0	3	3	2	1	4	3	1	0	2	3	4	1	5
chr9	42822248	42822786	539	9	0	539	314	225	33	20	16	24	20	23	18	24	21	2	25	21	18	16	13	19	24	12	3	22	19	10	3	20	15	13	4	10	27	17	5	20
chr9	42822787	42822812	26	9	0	26	12	14	0	1	0	0	0	0	3	2	1	2	1	2	0	0	0	0	3	0	0	0	0	0	0	4	0	0	0	0	2	3	0	0
chr9	42822813	42825065	2253	9	0	2253	1326	927	150	79	97	102	70	61	97	82	117	41	85	57	90	55	62	79	87	59	5	85	81	64	9	90	49	37	7	53	93	84	11	113
chr9	42825066	42825246	181	9	0	181	114	67	17	9	10	6	9	3	5	8	8	2	4	6	8	3	5	10	5	5	0	7	8	2	0	7	4	4	0	4	8	6	0	6
chr9	42825255	42825424	170	9	0	170	118	52	11	7	10	9	5	4	4	10	6	3	1	2	15	7	5	17	8	4	0	9	4	0	0	4	5	2	0	3	7	2	0	4
chr9	42825425	42825444	20	9	0	20	12	8	2	1	0	2	2	1	1	0	0	1	0	0	0	0	0	0	1	1	0	1	1	1	0	0	2	0	0	0	1	0	0	0
chr9	42825445	42825542	98	9	0	98	51	47	9	1	3	2	5	5	7	3	0	2	4	3	2	2	2	0	4	3	0	3	5	0	1	1	9	4	1	6	2	0	2	5
chr9	42825543	42825567	25	9	0	25	12	13	0	0	0	0	1	3	2	1	0	2	1	1	0	0	0	0	2	3	0	0	3	0	0	0	0	0	0	0	2	0	0	2
chr9	42825568	42825623	56	9	0	56	18	38	0	0	1	0	0	1	7	2	0	0	5	0	1	1	0	0	0	1	1	0	4	0	1	4	6	5	3	6	0	3	1	1
chr9	42825624	42825656	33	9	0	33	15	18	0	0	3	0	0	1	1	0	3	2	3	0	0	0	0	0	1	1	1	0	2	0	0	3	0	1	0	1	0	3	1	4
chr9	42825657	42825709	53	9	0	53	18	35	0	1	1	0	1	2	2	0	1	1	5	0	0	1	3	0	1	2	1	0	1	2	3	4	2	2	2	6	1	5	0	1
chr9	42825710	42825764	55	9	0	55	15	40	0	1	0	0	1	1	7	0	0	0	5	0	0	0	0	0	1	1	0	0	6	3	0	6	1	7	2	6	0	5	0	0
chr9	42825765	42825816	52	9	0	52	27	25	2	3	1	1	0	1	3	1	3	1	1	0	2	2	6	0	0	5	0	2	2	2	0	3	1	0	0	3	1	1	0	3
chr9	42825817	42825865	49	9	0	49	24	25	3	0	2	1	1	5	2	2	2	4	1	0	0	0	0	0	4	3	1	1	2	1	1	1	2	0	1	1	2	1	1	2
chr9	42825866	42826056	191	9	0	191	114	77	8	7	7	6	5	1	7	14	8	4	7	9	8	5	6	11	4	4	2	7	4	0	4	6	8	3	2	4	11	7	0	10
chr9	42826057	42826071	15	9	0	15	7	8	1	2	0	0	0	0	0	0	0	0	1	0	1	1	0	0	0	1	2	0	0	0	2	0	0	1	0	1	0	0	0	0
chr9	42826072	42826235	164	9	0	164	76	88	15	4	3	2	5	8	9	2	2	3	10	2	3	2	3	2	4	7	2	4	8	2	5	7	8	8	5	10	4	5	4	4
chr9	42826236	42826251	16	9	0	16	3	13	0	0	0	0	0	0	1	0	0	0	1	0	0	0	0	0	0	0	0	0	1	2	1	1	0	1	3	2	0	1	0	0
chr9	42826252	42826345	94	9	0	94	53	41	11	3	5	2	4	1	0	0	4	0	6	3	2	1	5	5	0	3	0	2	4	5	0	8	1	2	1	1	0	7	1	5
chr9	42826346	42826358	13	9	0	13	10	3	3	0	1	1	2	0	0	0	0	0	0	1	0	0	0	0	0	0	0	0	0	0	0	0	2	0	0	0	0	0	0	1
chr9	42826359	42826416	58	9	0	58	30	28	9	1	3	0	1	2	1	3	3	1	1	3	0	1	1	0	1	4	0	0	6	5	0	3	0	0	0	0	0	4	0	3
chr9	42826417	42826464	48	9	0	48	22	26	3	1	2	0	2	3	1	0	2	1	3	1	0	0	1	1	1	2	1	1	2	2	2	3	2	0	1	1	1	4	0	2
chr9	42826465	42826640	176	9	0	176	89	87	13	3	9	3	5	8	3	4	9	1	15	4	1	2	4	3	2	6	0	6	11	16	0	7	4	2	1	3	3	10	1	15
chr9	42826643	42826707	65	9	0	65	35	30	9	3	4	0	2	2	2	1	4	1	1	1	1	1	2	0	2	3	0	2	3	2	1	3	2	1	2	1	0	2	1	4
chr9	42826708	42826808	101	9	0	101	51	50	9	1	8	0	2	3	1	2	6	1	8	2	1	3	2	0	2	6	0	1	4	6	0	10	1	1	1	1	1	7	1	8
chr9	42826809	42826957	149	9	0	149	74	75	18	1	8	3	5	3	3	3	7	3	6	5	0	1	4	3	1	2	2	3	7	21	1	6	6	3	0	1	1	9	1	10
chr9	42826958	42826987	30	9	0	30	11	19	0	0	2	0	0	2	1	0	2	0	4	0	0	0	0	0	0	1	0	1	1	2	0	3	1	1	0	2	1	3	0	1
chr9	42826988	42827124	137	9	0	137	73	64	16	3	7	2	4	4	3	4	7	1	10	3	1	3	3	1	3	5	0	4	7	9	0	9	3	1	0	2	2	10	0	8
chr9	42827125	42827175	51	9	0	51	28	23	10	1	4	1	2	0	0	2	3	1	0	1	1	0	1	0	1	0	1	0	1	7	1	1	1	1	0	2	1	3	0	2
chr9	42827176	42827334	159	9	0	159	76	83	18	3	7	3	3	5	3	5	10	2	8	2	0	2	2	2	2	5	4	1	7	15	3	9	3	4	3	4	4	10	1	7
chr9	42827335	42827490	156	9	0	156	71	85	14	4	6	3	2	8	0	5	10	1	8	4	1	1	2	2	0	10	2	2	10	20	5	5	1	2	3	0	3	8	3	9
chr9	42827491	42827582	92	9	0	92	68	24	15	3	4	7	5	2	1	2	2	0	3	4	7	3	3	7	3	1	0	4	0	0	0	2	3	1	0	0	4	0	0	4
chr9	42827583	42827631	49	9	0	49	31	18	3	1	4	2	2	0	2	2	5	2	1	1	1	1	0	2	1	1	0	2	1	1	1	0	2	0	0	0	2	1	1	5
chr9	42827632	42827807	176	9	0	176	120	56	23	7	12	11	9	1	4	8	10	3	2	4	10	4	5	5	8	4	0	3	3	0	0	7	6	0	0	6	6	6	0	7
chr9	42827808	42827847	40	9	0	40	27	13	5	0	1	3	2	0	1	2	0	0	1	1	2	4	1	3	1	2	0	1	2	0	0	2	0	2	0	0	1	0	0	1
chr9	42827848	42828061	214	9	0	214	129	85	15	8	9	13	10	6	4	8	13	7	7	4	7	6	4	7	16	4	4	3	3	10	3	4	0	3	3	0	9	3	2	17
chr9	42828062	42828071	10	9	0	10	6	4	0	0	0	0	0	0	0	2	0	0	0	0	0	2	1	0	0	1	0	1	1	0	0	0	0	0	0	0	0	0	0	0
chr9	42828072	42828159	88	9	0	88	60	28	12	1	3	5	3	2	3	2	3	0	1	4	3	6	4	7	3	2	0	4	3	0	0	3	1	1	0	2	4	3	0	1
chr9	42828160	42828226	67	9	0	67	47	20	10	1	4	6	2	1	2	4	7	1	1	2	2	1	1	2	2	1	0	1	2	0	0	1	0	0	0	0	4	2	0	5
chr9	42828227	42828439	213	9	0	213	147	66	21	6	11	13	9	5	2	15	11	2	2	14	9	5	8	12	11	2	0	5	6	3	0	2	6	1	0	1	9	5	0	15
chr9	42828440	42828494	55	9	0	55	40	15	7	0	4	5	3	1	0	1	5	1	0	2	2	1	3	4	0	2	0	1	2	0	0	0	0	0	0	2	3	0	0	4
chr9	42828495	42828887	393	9	0	393	260	133	36	15	18	21	18	9	8	19	18	7	11	10	18	10	15	26	19	6	0	16	12	3	0	12	6	4	0	8	16	14	0	16
chr9	42828888	42829043	156	9	0	156	107	49	17	4	3	14	8	3	5	12	8	1	1	12	5	1	1	11	5	1	1	2	4	1	0	2	5	1	2	2	14	4	0	4
chr9	42829044	42829186	143	9	0	143	87	56	15	7	4	6	10	4	8	5	6	4	3	3	1	4	1	4	11	6	0	2	4	2	0	7	5	1	0	2	7	4	0	5
chr9	42829187	42829251	65	9	0	65	45	20	9	0	5	5	1	0	0	3	5	1	2	0	4	2	1	6	1	0	1	1	1	2	0	1	0	1	0	3	2	1	2	3
chr9	42829252	42829464	213	9	0	213	151	62	33	8	6	20	9	4	7	10	12	4	2	6	12	4	4	8	10	4	1	5	6	1	0	3	5	1	0	2	9	4	1	10
chr9	42829465	42829577	113	9	0	113	81	32	19	6	8	6	4	0	2	4	6	2	1	3	10	3	3	3	2	2	2	5	2	1	0	1	2	1	0	1	4	0	2	6
chr9	42829578	42829690	113	9	0	113	83	30	25	4	4	11	6	1	2	3	8	1	1	2	4	2	4	4	5	2	0	1	2	2	0	0	2	0	1	3	3	0	1	7
chr9	42829691	42829718	28	9	0	28	16	12	3	1	0	1	0	1	2	1	1	0	2	0	1	3	0	0	2	2	0	1	1	0	0	1	0	0	0	0	1	1	0	1
chr9	42829719	42829813	95	9	0	95	56	39	7	0	5	4	3	3	4	3	4	1	2	5	2	2	5	5	2	1	0	2	2	1	0	6	6	3	0	3	3	4	0	5
chr9	42829817	42829869	53	9	0	53	41	12	5	3	3	6	4	1	0	1	4	0	0	0	5	1	1	5	5	0	0	1	0	1	0	1	0	0	0	0	1	1	0	2
chr9	42829870	42829904	35	9	0	35	23	12	5	2	2	2	2	0	0	3	3	0	1	0	1	0	0	1	0	2	0	0	2	1	0	0	1	0	0	1	2	0	0	2
chr9	42829905	42829955	51	9	0	51	39	12	8	3	1	4	1	1	2	2	2	0	0	1	5	4	1	3	5	0	0	2	1	0	0	0	0	0	0	0	0	1	0	2
chr9	42829956	42830175	220	9	0	220	121	99	20	5	4	11	7	7	7	5	7	6	10	8	7	4	5	6	6	7	4	5	9	3	7	9	2	8	3	5	10	10	4	7
chr9	42830176	42830236	61	9	0	61	23	38	0	0	1	0	1	4	5	0	0	1	7	1	0	0	1	1	1	0	0	4	3	1	2	2	5	4	1	4	1	4	1	4
chr9	42830237	42830298	62	9	0	62	38	24	15	3	2	0	4	4	2	0	0	3	3	0	1	0	1	0	5	1	0	4	2	0	0	2	1	2	0	0	2	1	0	2
chr9	42830299	42830482	184	9	0	184	104	80	6	9	1	7	6	10	11	8	5	3	5	9	6	8	5	4	15	4	2	9	5	2	2	4	7	2	2	3	8	4	4	6
chr9	42830483	42830599	117	9	0	117	76	41	6	6	5	6	7	3	4	5	1	2	2	3	9	2	3	10	6	2	1	4	2	0	1	3	9	2	0	3	2	2	0	4
chr9	42830600	42830682	83	9	0	83	64	19	19	2	5	4	2	0	1	0	2	0	2	2	8	2	4	10	1	0	0	3	0	0	0	2	1	1	0	4	1	2	0	3
chr9	42830683	42830693	11	9	0	11	7	4	1	0	0	1	1	0	0	1	0	0	0	0	0	1	0	1	1	0	0	0	1	1	0	0	0	0	0	0	0	0	0	0
chr9	42830694	42830791	98	9	0	98	61	37	4	2	6	4	4	2	4	4	3	5	2	4	5	2	2	7	6	2	0	3	2	2	0	5	1	1	0	0	5	4	0	5
chr9	42830792	42830879	88	9	0	88	68	20	15	2	3	9	4	1	2	3	1	1	1	3	9	4	3	5	4	0	0	4	1	0	0	0	2	1	0	1	3	0	0	4
chr9	42830880	42831011	132	9	0	132	88	44	22	2	16	5	4	2	3	0	14	1	5	2	5	4	2	1	4	1	0	4	1	1	0	7	1	1	0	0	2	6	0	14
chr9	42831012	42831203	192	9	0	192	110	82	16	9	7	7	8	4	8	5	4	3	12	3	11	4	4	5	6	6	0	8	6	4	1	9	4	5	1	8	9	5	3	5
chr9	42831204	42831279	76	9	0	76	46	30	8	0	0	6	2	5	4	3	0	3	5	0	4	0	1	5	3	2	0	3	4	1	0	1	4	1	0	1	3	1	0	4
chr9	42831288	42831362	75	9	0	75	54	21	6	0	3	9	2	1	1	3	4	0	3	5	6	3	0	7	1	2	0	1	1	1	0	2	0	0	0	0	6	2	0	4
chr9	42831363	42831633	271	9	0	271	190	81	34	10	9	21	8	10	6	9	12	1	5	6	20	12	6	20	21	4	4	4	3	4	1	4	4	1	2	5	6	3	1	13
chr9	42831634	42831705	72	9	0	72	37	35	5	1	5	1	3	0	3	0	3	0	6	4	1	1	1	1	1	0	0	1	2	3	0	6	1	2	2	3	2	6	0	6
chr9	42831706	42831779	74	9	0	74	39	35	4	5	2	0	5	5	3	3	1	2	0	2	1	1	2	2	6	1	2	3	3	5	0	1	4	3	0	1	3	0	0	2
chr9	42831780	42831850	71	9	0	71	50	21	7	3	2	5	1	2	2	2	3	1	0	4	6	3	4	3	4	1	1	3	1	0	0	1	0	0	1	1	4	1	0	3
chr9	42831851	42831877	27	9	0	27	18	9	1	1	0	1	2	0	0	1	0	1	1	1	1	1	3	3	1	1	0	1	0	0	0	1	1	0	0	1	1	0	0	1
chr9	42831878	42831943	66	9	0	66	45	21	5	2	2	5	3	4	1	2	0	0	2	4	6	4	3	1	7	1	0	2	1	0	0	1	0	1	0	1	3	0	0	3
chr9	42831944	42831994	51	9	0	51	32	19	3	1	2	3	2	1	3	2	3	1	1	1	1	3	2	2	5	0	0	1	0	0	0	1	1	0	0	4	2	1	0	3
chr9	42831995	42832506	512	9	0	512	343	169	49	18	20	39	21	11	15	22	15	5	12	17	41	21	12	24	24	10	2	18	18	5	0	14	8	7	0	13	20	15	0	14
chr9	42832507	42832561	55	9	0	55	39	16	4	1	2	5	1	1	2	2	2	1	1	2	4	2	3	5	3	0	0	2	1	0	0	0	1	0	0	2	1	1	0	4
chr9	42832562	42832988	427	9	0	427	286	141	48	11	16	35	10	7	15	17	23	6	12	13	28	11	15	17	11	6	4	14	10	3	1	12	7	7	1	11	21	10	2	21
chr9	42832989	42833018	30	9	0	30	18	12	3	0	2	1	1	0	0	3	1	0	1	2	1	0	3	0	0	0	0	0	1	0	0	1	1	1	0	2	1	1	0	2
chr9	42833019	42833409	391	9	0	391	229	162	27	14	20	17	14	9	19	17	17	5	8	10	20	10	12	10	14	11	1	12	13	7	4	14	14	11	0	19	17	9	1	13
chr9	42833410	42833476	67	9	0	67	37	30	1	2	3	0	2	2	3	1	1	4	5	2	2	3	2	3	3	2	1	5	2	2	0	2	0	0	0	0	4	1	1	6
chr9	42833477	42833575	99	9	0	99	62	37	7	3	1	8	3	2	3	4	1	2	5	2	8	2	4	6	4	3	0	2	2	4	0	6	0	2	0	2	5	3	0	3
chr9	42833576	42833649	74	9	0	74	49	25	5	7	3	4	6	1	2	2	2	1	1	3	6	0	2	3	6	0	0	3	1	1	0	2	1	2	0	1	3	2	0	2
chr9	42833650	42833746	97	9	0	97	55	42	10	3	3	3	2	5	5	2	4	1	5	4	3	2	0	3	6	1	0	4	2	5	0	6	1	1	0	0	4	7	0	3
chr9	42833747	42834148	402	9	0	402	255	147	27	18	17	29	18	6	14	17	23	7	8	11	22	9	16	11	14	11	2	13	17	5	2	9	8	6	0	10	16	11	0	23
chr9	42834149	42834169	21	9	0	21	14	7	3	2	2	0	0	0	0	0	1	0	1	0	3	0	0	0	0	0	1	1	1	0	0	0	0	0	1	1	0	1	0	1
chr9	42834170	42834265	96	9	0	96	58	38	7	4	8	3	5	4	5	4	9	3	3	1	1	1	0	0	5	0	0	7	2	1	0	1	3	0	0	1	8	3	0	5
chr9	42834266	42834349	84	9	0	84	52	32	7	8	3	3	4	2	2	5	4	2	0	2	6	2	0	2	7	3	2	2	2	1	1	2	2	0	1	0	2	2	2	1
chr9	42834350	42834425	76	9	0	76	46	30	4	1	1	4	1	4	1	5	2	1	1	1	4	4	2	8	8	1	0	1	0	6	2	1	2	1	1	2	1	1	1	2
chr9	42834426	42834523	98	9	0	98	71	27	16	2	3	9	3	0	4	4	5	1	4	2	6	3	0	9	2	3	0	1	3	0	0	2	1	0	0	1	5	2	0	5
chr9	42834524	42834661	138	9	0	138	86	52	13	7	6	5	6	3	2	5	5	1	6	2	6	4	6	8	5	1	1	8	3	6	0	4	4	2	1	2	4	4	0	6
chr9	42834662	42834695	34	9	0	34	21	13	3	3	3	1	2	0	1	1	2	0	0	1	2	0	0	0	1	2	0	0	1	2	0	2	1	0	0	1	1	1	0	1
chr9	42834696	42834745	50	9	0	50	30	20	2	1	0	4	2	0	4	2	0	2	1	0	3	4	1	2	2	2	0	3	3	0	0	1	2	1	0	3	2	1	0	0
chr9	42834746	42834758	13	9	0	13	8	5	0	0	0	1	0	0	1	0	0	0	1	1	1	0	1	2	0	0	0	0	0	0	0	0	0	0	0	1	1	0	0	1
chr9	42834759	42834986	228	9	0	228	150	78	12	8	15	12	7	6	5	8	8	3	4	6	20	9	7	18	9	11	1	6	7	2	1	8	2	2	0	8	9	3	0	9
chr9	42834987	42835010	24	9	0	24	14	10	0	1	1	1	1	0	1	1	0	1	0	0	2	2	2	0	1	2	0	2	0	0	0	2	1	0	0	0	1	0	0	0
chr9	42835011	42835072	62	9	0	62	41	21	9	3	4	2	4	1	2	3	4	2	0	1	2	1	1	0	4	1	0	2	2	1	0	1	0	1	0	1	4	1	0	3
chr9	42835073	42835238	166	9	0	166	117	49	17	1	8	17	7	2	4	7	7	2	3	7	12	6	3	12	5	1	0	5	2	4	0	5	5	1	0	2	8	5	0	6
chr9	42835239	42835426	188	9	0	188	120	68	15	3	5	19	6	5	8	7	8	6	4	5	12	5	4	7	6	4	4	5	6	1	0	6	3	4	1	4	11	5	1	6
chr9	42835427	42839524	4098	9	0	4098	2688	1410	439	139	203	232	153	100	122	135	195	69	104	109	226	123	151	186	168	82	18	163	111	38	13	102	82	50	13	93	150	94	10	223
chr9	42839525	42839597	73	9	0	73	52	21	7	1	7	6	2	0	1	3	6	2	0	3	6	1	3	2	1	2	0	1	1	0	0	3	0	1	0	1	4	1	0	6
chr9	42839604	42839672	69	9	0	69	47	22	5	2	3	4	2	2	1	6	5	1	2	1	2	3	2	5	3	0	0	5	2	0	0	0	2	0	0	0	4	2	0	3
chr9	42839673	42839683	11	9	0	11	6	5	2	1	1	0	1	0	0	0	1	0	0	0	0	0	0	0	0	1	0	0	0	1	0	1	0	0	0	0	0	0	0	0
chr9	42839684	42839830	147	9	0	147	85	62	13	4	2	7	6	4	8	7	3	1	7	1	4	8	5	3	6	6	0	5	7	3	0	5	9	3	0	4	3	3	0	8
chr9	42839831	42839908	78	9	0	78	37	41	2	3	3	2	6	2	5	0	2	2	4	3	0	1	0	1	3	4	0	1	5	2	0	6	2	6	0	0	3	1	2	5
chr9	42839909	42840312	404	9	0	404	258	146	37	14	24	18	16	11	15	16	25	6	4	11	15	17	7	21	23	3	1	21	11	11	0	12	7	6	1	2	17	14	2	14
chr9	42840313	42840445	133	10	0	133	98	35	13	4	7	13	6	1	3	6	6	3	1	1	11	7	4	10	4	3	0	8	1	0	0	2	5	0	0	1	6	0	0	5
chr9	42840446	42840523	78	9	0	78	50	28	3	3	4	3	4	1	0	2	2	1	5	1	5	4	5	6	2	1	0	5	2	1	0	3	0	3	0	1	3	1	0	5
chr9	42840524	42840636	113	10	0	113	80	33	11	3	5	12	7	1	2	4	7	1	1	4	6	3	3	8	7	1	0	1	0	1	2	2	2	2	0	2	5	1	0	7
chr9	42840637	42840671	35	9	0	35	23	12	7	1	0	3	4	0	0	2	0	1	0	3	0	0	0	0	1	1	0	0	4	2	0	0	0	0	0	0	1	3	0	0
chr9	42840672	42840734	63	10	0	63	37	26	4	4	3	2	5	0	4	0	2	2	4	3	2	1	0	1	3	1	0	2	1	1	0	2	1	0	0	3	4	2	0	4
chr9	42840736	42840842	107	10	0	107	66	41	9	4	4	5	1	3	7	4	5	1	3	4	5	3	1	5	6	3	0	2	2	3	0	6	3	2	0	1	4	3	0	6
chr9	42840843	42840902	60	9	0	60	28	32	2	0	3	2	1	0	4	2	1	2	3	1	3	0	2	1	0	0	0	2	4	5	0	3	1	3	0	6	2	4	0	1
chr9	42840903	42840988	86	10	0	86	41	45	5	1	6	0	2	3	7	1	3	4	4	1	2	2	0	0	1	4	0	4	4	0	1	6	4	2	0	5	4	5	1	2
chr9	42840989	42841020	32	9	0	32	20	12	3	3	0	2	1	1	1	2	1	0	0	0	2	1	0	1	2	3	0	0	2	3	0	1	0	0	0	0	1	0	0	0
chr9	42841021	42841101	81	10	0	81	56	25	9	4	5	6	3	0	2	3	4	2	2	2	8	2	1	3	2	1	0	4	3	1	0	1	0	2	0	0	3	1	0	5
chr9	42841102	42841119	18	9	0	18	13	5	4	0	1	0	0	0	0	1	1	0	2	1	0	0	0	2	0	0	0	0	0	0	0	0	0	0	0	0	2	0	0	2
chr9	42841120	42841447	328	10	0	328	223	105	42	10	14	24	15	10	8	11	16	4	11	10	17	10	8	11	11	7	1	15	9	2	1	6	7	2	0	3	17	7	0	17
chr9	42841448	42841508	61	9	0	61	44	17	6	3	4	4	5	0	2	1	2	1	2	2	3	3	0	4	3	1	0	3	1	0	0	0	0	0	0	2	4	0	0	3
chr9	42841509	42841828	320	10	0	320	202	118	27	9	15	14	8	7	16	10	11	5	7	14	19	11	10	18	16	3	0	12	6	7	1	11	10	6	0	8	9	9	1	18
chr9	42841829	42841863	35	9	0	35	24	11	6	1	1	3	1	1	1	1	0	1	0	1	4	1	1	0	2	1	0	1	1	0	0	2	0	1	0	0	1	1	0	0
chr9	42841864	42841989	126	10	0	126	85	41	13	5	7	8	4	3	3	7	6	0	2	3	10	5	1	6	4	1	0	8	5	3	0	2	3	0	0	3	5	6	0	1
chr9	42841990	42842031	42	9	0	42	27	15	2	1	3	4	3	2	1	1	1	0	2	0	4	1	0	1	2	0	0	2	0	0	0	0	3	0	0	4	2	0	0	1
chr9	42842032	42842086	55	10	0	55	31	24	0	0	3	2	2	6	3	4	1	2	1	1	1	2	0	1	7	1	0	2	1	0	0	0	4	0	0	4	4	0	0	1
chr9	42842087	42842097	11	9	0	11	7	4	0	0	1	1	0	0	0	0	1	0	0	2	0	0	0	0	0	0	0	0	0	0	1	0	0	0	0	0	0	1	1	1
chr9	42842098	42842292	195	10	0	195	146	49	19	6	7	19	5	0	3	9	6	4	2	4	20	8	11	21	9	2	0	7	5	3	0	1	0	1	0	5	3	3	0	10
chr9	42842295	42842344	50	10	0	50	25	25	5	1	0	0	0	3	3	3	2	1	5	1	0	0	0	0	0	1	1	3	3	1	0	1	2	1	0	2	4	2	1	2
chr9	42842345	42842435	91	9	0	91	39	52	0	2	2	2	2	5	6	1	2	0	8	3	2	3	1	0	2	5	0	3	3	4	1	7	4	4	0	4	5	4	1	3
chr9	42842436	42842485	50	10	0	50	28	22	4	1	1	2	1	3	2	1	2	0	1	2	1	2	2	3	1	2	1	1	3	0	0	2	0	3	1	1	3	0	0	2
chr9	42842486	42842555	70	9	0	70	30	40	1	4	0	1	2	2	6	1	2	1	6	2	0	0	0	0	1	3	0	3	5	3	0	6	1	4	0	3	4	4	2	1
chr9	42842556	42842676	121	10	0	121	78	43	15	6	4	5	5	7	3	4	1	2	2	3	8	1	3	8	7	5	1	3	3	1	0	4	5	3	0	2	4	0	1	3
chr9	42842677	42842689	13	9	0	13	9	4	3	0	1	0	0	0	0	0	1	0	0	0	1	0	1	0	0	0	0	0	0	0	0	1	0	0	0	2	0	1	0	0
chr9	42842690	42842792	103	10	0	103	65	38	10	3	6	6	4	0	6	3	6	2	2	1	4	6	3	1	4	4	0	3	3	1	0	4	3	2	0	3	3	1	0	7
chr9	42842793	42842845	53	9	0	53	29	24	5	0	2	0	1	3	3	1	1	4	3	0	1	0	3	0	2	1	1	3	1	0	1	1	3	1	0	2	2	1	0	5
chr9	42842846	42842898	53	10	0	53	24	29	0	2	1	1	2	2	4	0	2	1	5	3	0	0	0	0	0	2	0	3	1	1	1	4	3	2	0	1	4	2	1	3
chr9	42842899	42842931	33	9	0	33	16	17	0	0	1	1	0	2	2	0	0	0	1	1	2	1	3	2	1	0	0	1	1	1	0	3	1	2	0	3	0	2	0	0
chr9	42842932	42843023	92	10	0	92	51	41	10	2	1	3	5	3	4	4	1	3	3	5	0	2	2	2	3	8	0	0	9	1	0	4	0	2	0	2	4	3	0	4
chr9	42843024	42843066	43	9	0	43	18	25	0	1	0	1	1	3	2	3	0	0	2	2	1	1	0	0	3	3	0	0	4	3	1	2	1	2	0	1	0	2	1	1
chr9	42843067	42843159	93	10	0	93	52	41	5	2	3	6	4	5	2	4	5	0	4	4	2	0	1	4	0	2	2	3	8	2	0	2	3	3	1	1	4	5	0	4
chr9	42843160	42843179	20	9	0	20	15	5	1	1	1	0	0	0	0	0	1	0	0	1	1	1	4	2	0	0	0	3	0	0	0	0	0	0	0	0	0	0	0	2
chr9	42843180	42843262	83	10	0	83	55	28	14	4	2	4	6	0	2	3	4	0	4	5	1	2	1	2	1	2	0	3	3	1	0	0	3	1	0	0	4	1	2	6
chr9	42843263	42843276	14	9	0	14	6	8	1	0	0	2	2	0	1	0	0	0	0	0	0	0	0	0	0	0	0	0	1	0	1	0	1	2	0	1	0	0	0	0
chr9	42843277	42843838	562	10	0	562	332	230	33	13	19	29	21	15	25	27	23	12	22	20	16	20	12	24	22	16	1	20	28	12	3	14	11	12	1	12	27	17	1	32
chr9	42843839	42844187	349	10	0	349	223	126	38	15	8	23	14	11	18	9	11	2	6	4	21	13	6	24	16	12	3	9	14	6	1	9	14	4	0	13	8	8	0	7
chr9	42844188	42886619	42432	9	0	42432	25701	16731	3396	1280	1652	2283	1695	1209	1672	1540	1586	733	1404	1152	1934	1073	1108	1983	1696	976	159	1464	1455	919	237	1393	1229	947	211	1169	1736	1162	167	1810
chr9	42886620	42913900	27281	10	0	27281	17813	9468	2669	878	1158	1763	1058	677	918	1119	1217	422	697	769	1525	700	755	1486	1135	508	102	932	768	401	47	706	684	409	38	633	1185	604	59	1257
chr9	42913901	42916788	2888	10	0	2888	1773	1115	282	105	105	152	124	94	110	119	103	42	85	73	134	69	73	102	128	65	14	103	116	47	11	82	94	65	8	79	109	79	5	109
chr9	42916789	42919056	2268	10	0	2268	1431	837	198	77	94	118	74	79	74	108	74	38	59	57	140	73	68	99	119	54	6	88	75	40	4	67	62	43	5	46	79	49	5	94
chr9	42919057	42926324	7268	10	0	7268	3747	3521	315	176	257	225	257	306	405	311	249	187	297	180	152	122	160	148	300	238	24	229	393	271	22	341	260	261	20	247	326	257	28	302
chr9	42926325	42926417	93	10	0	93	41	52	4	3	2	1	1	5	10	0	5	1	3	0	0	2	3	1	3	3	0	4	5	6	0	6	8	3	0	3	0	4	0	5
chr9	42926418	42956096	29679	10	0	29679	15314	14365	1505	692	1206	937	1014	1081	1663	1122	1149	698	1165	707	671	526	577	600	1096	947	96	858	1545	1334	120	1496	1051	1021	75	1007	1188	1193	87	1250
chr9	42956098	42968238	12141	10	0	12141	7376	4765	922	362	499	616	473	396	455	553	491	225	426	311	514	289	315	528	575	245	33	419	405	281	20	385	369	228	22	329	527	337	27	562
chr9	42968239	42973108	4870	10	0	4870	2803	2067	347	142	176	246	177	159	197	179	178	99	164	117	209	121	108	184	210	115	38	158	182	140	57	165	128	147	41	126	192	142	28	196
chr9	42973109	42973232	124	10	0	124	55	69	1	1	7	3	2	1	9	2	6	3	6	6	2	0	0	4	1	0	1	3	6	7	4	8	3	8	2	5	4	10	1	6
chr9	42973234	42973262	29	10	0	29	10	19	0	0	1	0	1	0	1	0	0	2	2	0	0	1	1	0	1	0	2	0	2	1	1	3	0	2	1	1	0	3	0	1
chr9	42973264	42973877	614	10	0	614	339	275	48	11	21	30	16	33	18	24	22	11	11	14	24	22	12	22	44	12	5	16	28	18	14	16	5	24	18	15	14	21	9	14
chr9	42973879	42974000	122	10	0	122	68	54	24	3	3	3	6	4	5	0	2	3	8	1	2	0	2	0	2	3	1	4	4	3	3	4	7	5	1	3	2	3	1	8
chr9	42974001	42974015	15	10	0	15	14	1	11	0	1	0	0	0	0	0	0	0	0	0	0	0	0	0	0	0	0	1	0	0	0	0	0	0	0	0	0	0	0	0
chr9	42974016	42974549	534	10	0	534	320	214	54	18	16	32	21	20	25	10	19	8	19	11	25	13	11	17	25	12	3	19	21	15	1	19	10	16	2	14	20	13	4	19
chr9	42974550	43076349	101800	10	0	101800	65944	35856	9882	3171	4196	6517	3941	2583	3224	4060	4481	1672	2706	2810	5463	2713	2889	5635	4366	1960	382	3431	2899	1707	314	2778	2453	1472	293	2132	4090	2559	345	4674
chr9	43160566	43160614	49	10	0	49	34	15	8	2	3	2	4	1	1	1	4	0	2	1	0	2	2	0	3	0	0	2	0	0	0	0	1	0	0	1	3	0	0	4
chr9	43160708	43160948	241	10	0	241	152	89	23	10	13	10	15	8	10	8	14	2	9	10	4	6	1	8	11	4	0	10	5	1	0	8	9	3	0	2	16	6	0	13
chr9	43160989	43161100	112	10	0	112	80	32	13	5	7	4	5	2	2	5	6	3	2	4	5	2	5	9	6	0	0	6	1	0	0	1	2	0	0	0	5	1	0	9
chr9	43161102	43161334	233	10	0	233	146	87	28	5	17	10	13	10	6	9	16	3	7	9	2	3	3	4	11	2	0	7	7	0	0	6	8	2	2	6	12	9	0	14
chr9	43161377	43161430	54	10	0	54	36	18	6	2	4	2	3	3	1	3	4	0	3	3	0	0	0	0	2	0	0	4	0	0	0	0	2	0	0	0	6	0	0	4
chr9	60738445	60738545	101	6	0	101	58	43	4	3	5	2	2	5	3	4	3	2	5	4	5	2	4	4	3	0	1	7	6	2	0	1	2	0	0	6	3	7	1	3
chr9	60738633	60738703	71	6	0	71	37	34	0	3	3	0	2	2	5	6	4	2	5	1	1	0	1	0	2	1	1	3	2	0	0	1	7	0	1	4	4	2	0	6
chr9	60738855	60738983	129	6	0	129	71	58	6	5	5	0	2	4	11	7	7	3	9	5	1	3	0	2	7	2	2	4	3	1	0	3	3	2	0	5	11	2	0	12
chr9	60739006	60739081	76	6	0	76	41	35	1	1	5	2	3	4	4	6	4	2	0	4	1	0	0	2	1	3	0	3	6	0	0	2	4	3	0	3	6	2	0	2
chr9	60739110	60739254	145	6	0	145	69	76	2	1	5	2	5	9	11	7	1	4	7	6	2	2	0	4	3	7	0	6	11	4	0	6	9	7	0	4	8	3	0	7
chr9	60739305	60739538	234	6	0	234	124	110	11	4	9	9	9	7	11	13	10	4	10	9	3	2	6	5	4	7	1	5	13	6	1	11	12	8	0	8	11	10	0	13
chr9	60739590	60739660	71	6	0	71	33	38	1	1	1	2	3	4	7	2	1	4	1	1	0	1	1	2	4	4	0	2	5	3	0	3	4	2	0	4	3	2	0	1
chr9	60739691	60739744	54	6	0	54	43	11	11	4	2	4	3	0	1	1	0	0	1	1	7	1	0	6	3	1	0	1	0	0	0	1	0	0	0	2	2	0	0	0
chr9	60739745	60739832	88	6	0	88	55	33	11	4	2	4	4	3	2	7	2	1	1	2	4	3	0	3	8	3	0	0	5	2	1	2	2	2	1	1	1	3	0	2
chr9	60739902	60740056	155	6	0	155	92	63	11	5	7	5	4	5	5	5	10	3	6	3	3	4	10	5	5	2	1	9	2	5	0	6	5	1	1	3	6	5	0	11
chr9	60740068	60740161	94	6	0	94	68	26	6	2	6	10	2	2	1	5	7	3	3	2	9	0	2	7	1	2	0	4	2	0	0	1	0	0	0	0	6	1	0	8
chr9	60740206	60740320	115	6	0	115	87	28	14	2	4	11	4	1	1	4	5	1	2	3	8	6	3	16	4	2	2	2	2	0	0	3	0	1	0	1	5	2	0	4
chr9	60740326	60740666	341	6	0	341	244	97	48	8	22	31	14	2	7	17	14	5	5	10	33	6	7	14	10	4	0	7	6	2	0	7	9	4	0	13	15	4	0	15
chr9	60740681	60740888	208	6	0	208	149	59	33	5	8	18	10	4	5	8	7	3	1	7	14	3	7	15	7	5	0	3	6	2	0	3	7	1	0	6	7	3	0	8
chr9	60741014	60741146	133	6	0	133	78	55	9	4	6	3	2	5	5	5	7	1	5	2	4	7	8	4	6	3	1	7	7	4	0	1	2	2	0	6	2	2	1	10
chr9	60741190	60741368	179	6	0	179	85	94	6	5	2	7	5	6	13	4	7	1	11	6	2	4	3	3	3	7	1	4	8	6	2	12	8	9	0	7	9	6	5	5
chr9	60741429	60741512	84	6	0	84	67	17	21	3	5	8	3	1	0	2	5	0	4	1	6	0	1	5	3	0	0	1	1	0	0	0	1	0	0	1	1	1	0	8
chr9	60741523	60741598	76	6	0	76	49	27	8	4	2	5	4	2	2	1	5	1	4	2	3	0	3	2	3	0	0	4	3	0	0	2	0	0	0	2	3	6	0	3
chr9	60741611	60741689	79	6	0	79	38	41	3	2	4	1	1	3	4	0	3	2	7	1	3	0	3	0	3	2	0	2	1	6	0	7	0	1	0	5	4	5	0	4
chr9	60741704	60741928	225	6	0	225	148	77	19	11	14	14	9	1	7	7	19	3	4	1	12	7	9	10	8	4	2	8	4	2	1	8	4	2	0	6	8	6	1	12
chr9	60742002	60742067	66	6	0	66	32	34	3	2	4	0	1	1	5	1	4	1	6	1	1	0	1	0	0	1	0	3	3	2	0	4	1	2	0	5	4	4	0	4
chr9	60742124	60742262	139	6	0	139	85	54	10	5	5	7	4	6	3	4	3	3	4	3	10	4	10	2	4	3	0	11	5	5	0	4	3	2	0	3	5	4	0	5
chr9	60742358	60742538	181	6	0	181	86	95	5	5	3	6	6	8	5	4	5	4	10	6	3	4	8	3	3	7	4	7	6	7	6	9	6	9	1	4	8	6	5	6
chr9	60742591	60742730	140	6	0	140	89	51	17	1	7	10	5	1	7	4	6	4	3	6	7	1	4	6	4	2	0	1	4	3	0	6	1	2	0	7	6	6	0	7
chr9	60742766	60742905	140	6	0	140	81	59	11	4	3	6	5	4	5	5	5	7	8	1	4	4	3	4	8	4	2	5	7	3	2	5	0	2	0	0	4	8	0	9
chr9	60742922	60742985	64	6	0	64	33	31	1	3	2	2	2	2	5	2	1	0	2	2	4	1	1	2	3	0	0	3	3	2	0	3	4	1	2	3	1	4	0	1
chr9	60743010	60743066	57	6	0	57	29	28	0	2	3	2	2	2	2	1	1	1	3	1	3	2	1	2	2	2	1	2	3	4	1	2	0	1	0	3	2	3	0	1
chr9	60743080	60743170	91	6	0	91	54	37	9	1	6	3	1	4	2	5	5	1	4	4	3	1	0	4	1	3	0	3	5	1	1	4	1	1	1	1	4	6	0	4
chr9	60743171	60743350	180	6	0	180	98	82	15	3	12	2	7	3	10	4	6	5	6	5	4	6	4	4	6	3	2	6	8	6	2	4	4	4	0	14	6	7	2	8
chr9	60743398	60743628	231	6	0	231	154	77	19	10	7	17	10	3	10	10	11	4	7	8	13	6	6	13	13	3	0	7	6	2	0	6	4	4	0	0	8	5	0	17
chr9	60743772	60743849	78	6	0	78	54	24	3	1	1	9	5	0	1	5	4	1	2	3	1	5	3	9	3	2	0	1	3	0	0	2	0	1	0	1	5	2	0	3
chr9	60743874	60744326	453	6	0	453	298	155	40	17	22	23	15	19	12	23	25	10	12	7	23	9	10	29	27	5	2	21	10	6	1	5	11	3	1	9	21	8	4	21
chr9	60744337	60744611	275	6	0	275	193	82	35	15	13	16	13	4	4	13	17	3	2	5	15	7	7	22	14	5	1	9	8	2	1	7	3	2	1	2	9	9	1	8
chr9	60744684	60744813	130	6	0	130	77	53	8	2	3	9	3	3	7	7	5	5	3	3	6	4	3	5	5	4	0	5	8	5	0	3	4	1	0	1	4	5	0	7
chr9	60744829	60744937	109	6	0	109	67	42	5	3	5	2	2	1	4	6	3	4	5	2	5	7	5	7	6	2	0	7	3	3	0	2	0	1	0	3	4	3	0	7
chr9	60744970	60745122	153	6	0	153	113	40	21	7	8	11	9	3	1	7	8	0	0	1	9	7	5	14	9	3	0	5	3	0	0	1	5	1	1	3	3	0	1	5
chr9	60745128	60745203	76	6	0	76	58	18	3	3	2	10	4	1	1	3	2	2	0	5	9	1	3	8	4	2	0	1	2	0	0	0	0	0	0	0	3	0	0	5
chr9	60745206	60745429	224	6	0	224	111	113	15	4	1	9	8	9	14	6	4	5	16	5	3	4	5	2	6	8	2	6	13	5	1	12	9	10	2	9	9	8	3	9
chr9	60745499	60745595	97	6	0	97	70	27	14	2	5	8	7	3	2	3	3	1	0	2	5	3	2	8	4	0	0	5	1	0	0	2	4	2	0	2	6	1	0	0
chr9	60745613	60746231	619	6	0	619	429	190	73	19	25	47	22	16	18	22	25	6	16	13	44	21	14	46	28	10	0	24	12	9	0	15	16	6	1	9	22	11	1	26
chr9	60746344	60746393	50	6	0	50	33	17	3	5	1	2	4	3	0	0	1	1	1	0	4	1	5	0	6	2	0	2	1	1	0	1	0	0	0	0	0	0	0	4
chr9	60746450	60746562	113	6	0	113	68	45	8	1	4	6	2	6	6	9	6	3	2	3	3	4	1	4	7	1	0	6	6	1	0	0	4	1	0	3	6	4	2	2
chr9	60746622	60746804	183	6	0	183	104	79	11	8	7	5	3	6	9	11	10	3	7	2	7	5	3	6	12	3	1	6	5	5	0	11	5	4	1	3	7	9	0	6
chr9	60746838	60747009	172	6	0	172	85	87	8	4	12	4	6	7	12	4	9	5	4	1	5	0	2	1	5	7	0	5	11	7	0	9	7	8	0	8	6	5	0	8
chr9	60747050	60747116	67	6	0	67	39	28	3	1	6	3	4	1	2	0	4	3	3	1	2	0	1	4	1	1	0	3	2	4	0	3	0	1	0	1	4	2	0	5
chr9	60747123	60747296	174	6	0	174	105	69	8	3	6	8	7	8	5	11	5	5	2	7	5	6	11	8	8	6	0	8	10	0	0	4	6	2	0	4	7	6	0	6
chr9	60747335	60747431	97	6	0	97	78	19	15	2	2	12	6	0	0	4	3	0	2	1	7	2	1	20	1	2	0	1	1	1	0	0	4	0	0	2	4	0	0	2
chr9	60747458	60747648	191	6	0	191	140	51	18	8	8	16	3	3	3	14	10	4	3	3	19	4	5	18	6	5	0	8	5	1	0	2	3	0	0	1	9	2	0	8
chr9	60747662	60747768	107	6	0	107	63	44	4	3	6	4	3	1	2	7	4	4	5	2	6	2	7	3	2	2	0	5	3	1	0	3	5	3	0	4	3	1	2	8
chr9	60747811	60747953	143	6	0	143	81	62	15	6	6	8	8	2	8	4	8	0	5	2	5	2	1	0	3	4	0	3	6	4	0	9	6	7	0	5	7	4	0	3
chr9	60747964	60748148	185	6	0	185	104	81	11	2	7	9	5	8	14	3	11	3	5	5	2	4	5	9	7	4	1	5	5	4	0	6	12	5	0	7	7	3	1	13
chr9	60748209	60748376	168	6	0	168	96	72	11	5	9	3	7	4	6	5	6	1	5	2	5	8	5	12	5	7	0	6	7	3	0	12	7	5	1	5	3	7	1	3
chr9	60748402	60748473	72	6	0	72	36	36	4	6	3	0	4	1	6	1	4	1	2	2	1	0	0	1	2	3	0	3	6	2	0	3	1	3	0	2	2	4	0	3
chr9	60748489	60748642	154	6	0	154	89	65	6	4	8	4	4	3	4	11	6	2	15	2	6	3	2	9	6	2	0	4	4	4	0	6	5	3	0	4	6	4	0	15
chr9	60748724	60748861	138	6	0	138	82	56	4	3	6	12	4	4	6	6	5	6	0	2	12	4	6	2	4	7	0	6	6	3	1	5	2	1	1	5	8	3	0	2
chr9	60748886	60748936	51	6	0	51	32	19	2	2	0	5	2	0	1	2	2	2	1	2	3	2	2	3	3	1	1	1	1	1	1	2	0	0	0	0	2	3	1	1
chr9	60749030	60749154	125	6	0	125	73	52	6	5	11	3	4	1	6	0	9	3	5	2	6	5	3	3	4	3	1	6	4	4	0	5	0	1	0	4	3	5	1	10
chr9	60749264	60749350	87	6	0	87	53	34	4	3	5	3	4	2	6	2	4	2	2	2	4	2	2	4	5	2	0	2	1	2	0	2	3	1	0	6	5	0	0	5
chr9	60749465	60749705	241	6	0	241	138	103	22	5	12	8	8	3	14	7	14	7	9	9	3	3	6	8	7	6	1	4	6	8	1	12	5	7	0	5	13	6	0	20
chr9	60749914	60750005	92	6	0	92	64	28	9	4	4	6	4	1	3	6	3	0	0	2	7	4	1	8	6	1	0	2	2	2	0	2	4	3	0	1	2	0	0	3
chr9	60750034	60750286	253	6	0	253	115	138	6	3	10	4	8	11	14	10	6	11	12	2	3	4	7	4	11	11	1	6	9	15	2	17	15	8	2	9	8	10	1	11
chr9	60750366	60750417	52	6	0	52	32	20	3	0	7	1	0	0	4	2	3	0	0	2	5	4	0	1	0	2	0	2	2	0	0	1	3	0	0	3	0	1	0	4
chr9	60750503	60750730	228	6	0	228	164	64	21	7	11	19	8	7	3	12	5	4	3	6	25	9	6	16	16	1	0	10	6	4	0	1	4	2	0	2	4	4	0	10
chr9	60750766	60750975	210	6	0	210	127	83	22	1	6	18	6	7	11	5	6	3	4	10	13	2	4	7	4	7	1	1	9	6	1	7	8	5	2	9	9	5	0	9
chr9	60750992	60751181	190	6	0	190	80	110	10	3	1	4	2	9	12	5	4	4	8	2	3	4	6	1	5	6	4	5	13	9	6	8	5	14	8	9	5	7	0	6
chr9	60751188	60751251	64	6	0	64	60	4	2	0	1	11	0	0	0	0	0	1	0	0	12	0	0	31	0	0	1	0	0	0	1	0	0	0	0	0	0	1	0	1
chr9	60751317	60751465	149	6	0	149	103	46	14	1	5	16	5	3	3	3	7	2	8	2	10	6	4	13	5	2	1	4	2	3	1	4	1	0	0	3	5	5	0	9
chr9	60751482	60751544	63	6	0	63	46	17	4	2	3	6	1	2	0	5	5	0	1	1	6	0	3	5	2	0	0	2	1	0	0	1	2	1	0	1	3	1	0	3
chr9	60751554	60751773	220	6	0	220	147	73	23	5	7	23	12	5	7	12	11	3	4	7	12	5	1	10	9	2	1	5	7	3	0	4	9	3	0	4	11	6	1	6
chr9	60751803	60751887	85	6	0	85	64	21	25	2	3	4	2	2	2	3	2	4	1	0	5	0	4	3	5	0	0	3	0	0	0	2	2	1	0	1	2	1	0	4
chr9	60752127	60753016	890	6	0	890	523	367	66	21	40	37	25	28	35	26	37	16	30	29	35	24	33	40	28	19	5	37	31	24	9	29	20	18	6	28	35	31	2	44
chr9	60753021	60753105	85	6	0	85	60	25	10	1	5	6	1	0	3	5	4	2	1	5	8	3	1	4	3	0	0	2	1	1	0	3	1	0	0	1	4	4	0	4
chr9	60753137	60753256	120	6	0	120	79	41	10	3	5	10	7	4	2	4	4	0	5	3	7	6	4	5	5	2	1	5	4	0	1	1	3	1	0	4	4	3	0	5
chr9	60753296	60753360	65	6	0	65	40	25	5	1	4	5	3	0	2	4	4	1	4	0	3	2	0	1	2	0	0	2	1	1	0	3	5	1	0	0	2	3	0	4
chr9	60753372	60753462	91	6	0	91	63	28	7	4	3	5	3	3	2	5	2	3	4	2	7	1	2	8	5	1	1	4	0	0	0	2	1	0	1	2	7	1	0	3
chr9	60753484	60753563	80	6	0	80	57	23	11	1	6	4	2	1	1	3	5	2	2	3	3	2	4	5	4	0	0	2	0	0	0	1	0	0	0	4	3	1	2	6
chr9	60753705	60753928	224	6	0	224	144	80	10	14	8	21	18	2	4	12	4	3	2	9	20	2	4	10	9	5	1	6	9	7	0	6	8	5	1	4	9	5	2	2
chr9	60753993	60754062	70	6	0	70	50	20	7	0	2	6	1	1	1	7	3	1	2	4	4	3	2	5	5	0	0	0	2	0	0	0	1	0	0	0	2	2	0	7
chr9	60754081	60754396	316	6	0	316	194	122	20	9	14	15	10	11	15	8	11	6	12	7	17	16	10	12	14	9	3	16	6	2	1	10	7	3	2	12	17	4	2	13
chr9	60754463	60754761	299	6	0	299	195	104	26	7	16	17	12	6	6	9	12	2	13	10	16	11	9	22	5	6	2	13	7	5	2	9	4	5	0	7	17	6	0	15
chr9	60754832	60754999	168	6	0	168	99	69	19	5	10	6	6	6	5	3	3	4	8	3	12	3	1	4	3	7	1	6	8	4	0	10	3	4	1	2	6	7	0	6
chr9	60755070	60755161	92	6	0	92	39	53	0	2	2	0	3	5	7	2	1	1	9	2	0	1	3	0	0	2	0	8	5	2	0	7	7	5	0	3	5	5	0	3
chr9	60755255	60755411	157	6	0	157	90	67	10	7	3	9	7	6	7	6	6	3	6	4	6	2	3	5	6	6	0	6	11	2	0	6	1	4	1	4	7	7	1	3
chr9	60755452	60755540	89	6	0	89	54	35	2	2	5	6	6	1	2	1	4	1	7	0	4	2	4	5	1	2	0	3	0	3	0	4	5	1	0	4	4	1	0	7
chr9	60755574	60755660	87	6	0	87	42	45	2	3	1	3	5	2	6	3	1	3	6	1	1	1	3	1	3	1	2	3	5	1	0	4	3	5	0	5	4	3	0	4
chr9	60755730	60755787	58	6	0	58	30	28	0	2	3	1	3	3	2	1	2	0	4	0	1	2	3	2	3	1	0	3	1	2	0	3	2	2	0	4	2	1	0	3
chr9	60755829	60756018	190	6	0	190	118	72	13	7	7	10	5	9	10	13	10	4	6	6	9	1	3	5	11	2	0	7	5	1	0	1	9	2	0	7	12	2	0	11
chr9	60756019	60756148	130	6	0	130	85	45	6	6	6	11	8	1	3	5	9	0	2	4	6	3	7	6	3	0	0	7	4	2	0	2	4	3	0	5	7	3	0	5
chr9	60756159	60756267	109	6	0	109	58	51	11	2	8	2	5	3	3	1	6	2	9	2	1	0	2	1	3	2	0	2	2	7	0	7	4	1	0	2	2	6	0	11
chr9	60756313	60756423	111	6	0	111	54	57	4	1	7	6	3	6	6	0	3	0	4	1	7	1	1	3	2	2	0	4	7	6	2	5	4	9	0	7	2	4	0	2
chr9	60756483	60756663	181	6	0	181	92	89	11	4	4	7	9	7	7	6	3	0	12	5	4	5	5	2	6	4	0	6	10	5	4	7	7	9	2	8	6	7	0	7
chr9	60756714	60756942	229	6	0	229	154	75	18	8	8	15	7	5	8	8	14	3	9	8	11	6	6	19	10	6	0	5	7	2	0	6	1	1	0	2	10	6	0	18
chr9	60757014	60757271	258	6	0	258	140	118	16	10	12	8	10	3	21	4	16	11	14	2	4	2	3	3	2	5	1	18	15	3	0	9	5	10	0	6	16	9	1	17
chr9	60757282	60757351	70	6	0	70	43	27	5	1	3	5	2	1	2	3	3	1	5	2	4	3	3	0	2	0	0	4	1	1	0	1	0	0	1	4	5	2	1	3
chr9	60757501	60757695	195	6	0	195	128	67	13	5	10	11	7	4	4	11	7	3	3	9	11	6	4	19	8	4	0	5	4	5	0	8	6	2	0	2	8	6	2	6
chr9	60757701	60757823	123	6	0	123	87	36	12	3	5	12	7	4	4	5	6	1	1	3	9	3	0	10	10	1	0	0	1	2	0	3	5	0	0	3	4	3	0	4
chr9	60757859	60758223	365	6	0	365	205	160	9	12	21	19	15	11	16	9	18	9	7	9	19	7	8	15	10	13	2	14	22	12	0	19	8	9	0	7	11	19	2	11
chr9	60758249	60758304	56	6	0	56	33	23	3	2	4	2	3	0	3	2	4	1	0	3	1	1	3	1	2	0	0	2	1	0	0	2	2	2	0	2	3	2	0	3
chr9	60758349	60758429	81	6	0	81	45	36	6	1	4	4	2	5	4	2	6	2	4	2	0	0	0	2	2	2	0	3	4	2	0	4	2	1	0	1	5	5	0	4
chr9	60758465	60758526	62	6	0	62	30	32	3	1	2	1	1	2	8	1	1	2	2	0	1	3	0	0	2	1	0	5	4	2	0	2	3	4	0	3	3	1	0	2
chr9	60758592	60758647	56	6	0	56	32	24	2	3	2	3	2	1	5	3	5	1	0	2	2	0	0	0	2	1	0	2	2	2	0	1	4	0	0	2	3	2	0	2
chr9	60758690	60758879	190	6	0	190	105	85	5	4	8	9	7	5	10	11	8	3	2	7	6	8	5	7	7	7	0	5	13	7	0	6	6	6	0	6	6	6	0	8
chr9	60758925	60759527	603	6	0	603	322	281	28	11	26	17	19	28	28	29	23	20	23	19	12	9	12	17	23	20	0	25	40	22	0	21	16	11	2	15	26	29	2	28
chr9	60759590	60759793	204	6	0	204	105	99	4	7	8	2	8	6	11	10	6	2	12	7	4	4	8	4	5	5	1	8	10	3	0	8	12	7	1	12	8	6	2	11
chr9	60759852	60759953	102	6	0	102	47	55	0	0	5	1	4	4	10	2	2	1	2	6	0	2	4	2	2	1	1	3	6	1	1	3	10	6	0	10	2	3	0	6
chr9	60759958	60760061	104	6	0	104	58	46	8	2	2	3	4	4	5	4	2	3	6	3	2	3	3	2	2	3	1	6	5	3	0	3	4	1	1	2	6	4	0	5
chr9	60760072	60760258	187	6	0	187	110	77	11	6	7	7	7	6	6	9	5	5	8	6	9	8	5	4	10	6	1	7	7	4	0	7	4	4	0	2	7	4	3	10
chr9	60760306	60760863	558	6	0	558	343	215	30	18	22	38	25	12	24	28	27	8	11	19	27	15	17	21	26	11	0	16	19	9	2	16	22	9	2	17	21	17	2	25
chr9	60760880	60761098	219	6	0	219	116	103	11	6	6	7	3	8	14	5	6	11	6	5	10	6	7	5	6	10	1	14	11	13	1	11	3	2	0	1	10	11	0	7
chr9	60761138	60761442	305	6	0	305	160	145	7	11	8	11	12	9	14	11	12	4	14	9	6	8	7	15	5	13	0	14	23	19	0	13	4	8	0	6	15	15	0	10
chr9	60761478	60761551	74	6	0	74	37	37	4	1	6	0	2	5	2	4	3	1	6	0	1	0	1	0	3	2	0	2	4	0	0	3	4	2	0	6	2	4	0	4
chr9	60761594	60761858	265	6	0	265	160	105	10	9	15	12	10	9	9	10	13	4	11	5	13	10	9	10	9	11	0	12	10	4	0	7	9	2	0	7	10	5	0	18
chr9	60761908	60761966	59	6	0	59	31	28	2	1	3	2	3	3	5	1	2	3	3	1	1	1	0	0	3	1	0	3	3	0	0	1	3	1	0	2	3	1	0	5
chr9	60761971	60762081	111	6	0	111	70	41	8	3	4	9	5	3	3	4	8	0	5	5	3	3	4	2	5	2	0	2	3	2	0	3	2	2	0	2	5	2	0	10
chr9	60762102	60762532	431	6	0	431	250	181	32	12	16	17	16	28	20	18	12	4	7	15	17	18	6	11	27	18	1	16	21	16	0	9	18	5	0	11	16	8	1	13
chr9	60762615	60762672	58	6	0	58	37	21	4	3	0	5	3	1	3	2	2	1	2	1	4	0	2	2	2	2	0	2	2	1	0	2	1	1	0	2	4	1	0	1
chr9	60762690	60762827	138	6	0	138	94	44	12	3	5	12	4	5	5	5	6	1	1	1	10	9	5	10	7	5	0	6	3	1	0	3	2	1	0	6	7	0	0	1
chr9	60762843	60763132	290	6	0	290	180	110	14	13	16	9	11	7	9	12	6	5	6	6	21	12	16	15	11	10	0	16	9	4	0	11	10	6	0	10	9	4	0	10
chr9	60763182	60764209	1028	6	0	1028	619	409	70	26	42	60	30	31	43	37	58	14	32	33	41	29	38	34	36	20	5	39	39	28	2	32	18	18	3	31	47	35	2	53
chr9	60764276	60764519	244	6	0	244	140	104	12	7	11	13	12	4	14	6	13	9	7	5	7	6	5	8	7	6	0	12	13	5	0	12	4	6	0	4	12	13	0	9
chr9	60764597	60764901	305	6	0	305	212	93	41	10	15	26	16	6	7	13	15	6	3	7	20	8	4	14	19	3	0	8	9	4	0	5	3	2	0	8	11	9	2	9
chr9	60764912	60765048	137	6	0	137	88	49	15	5	3	9	3	5	6	8	6	2	4	4	8	2	2	5	8	2	0	3	4	3	0	4	3	3	0	2	7	3	0	6
chr9	60765092	60765414	323	6	0	323	233	90	32	10	8	31	13	6	8	21	17	7	8	9	18	9	8	27	20	3	0	9	4	0	0	6	3	2	0	1	20	5	0	16
chr9	60765443	60765713	271	6	0	271	178	93	24	7	9	23	12	13	8	13	11	8	5	4	17	5	6	12	20	5	0	8	11	3	0	5	2	4	0	6	13	7	0	8
chr9	60765747	60765958	212	6	0	212	114	98	24	3	3	10	4	10	7	6	7	7	9	6	5	4	7	2	5	10	4	5	9	7	6	7	3	5	1	5	10	8	3	8
chr9	60766055	60766122	68	6	0	68	36	32	13	0	1	0	2	5	4	0	0	4	4	2	0	0	0	0	1	3	1	4	3	1	2	1	3	1	0	2	4	2	1	2
chr9	60766474	60766832	359	6	0	359	202	157	23	8	23	14	17	11	13	8	19	10	12	9	10	6	7	11	13	7	3	12	13	16	3	12	14	4	1	9	9	17	1	22
chr9	60766921	60767441	521	6	0	521	339	182	40	14	31	35	29	10	13	15	21	10	7	21	29	11	21	31	22	5	3	15	12	8	0	17	17	9	0	14	16	15	3	25
chr9	60767508	60767756	249	6	0	249	159	90	18	9	9	17	10	5	6	13	12	4	7	4	12	6	12	14	12	5	1	6	8	3	1	8	6	5	0	7	8	7	0	12
chr9	60767779	60767859	81	6	0	81	55	26	10	2	2	6	4	4	2	4	5	1	0	1	3	2	6	1	3	0	0	6	2	0	0	0	4	0	0	4	5	2	0	0
chr9	60767880	60768009	130	6	0	130	78	52	6	5	8	6	8	4	3	7	4	2	3	6	6	4	3	1	6	2	2	5	2	3	0	5	8	1	0	3	6	4	0	5
chr9	60768011	60768153	143	6	0	143	93	50	10	8	10	6	7	5	4	5	4	3	2	3	13	4	2	6	7	4	1	7	3	1	1	1	7	1	1	3	4	0	1	7
chr9	60768279	60768446	168	6	0	168	124	44	21	8	8	16	8	0	3	7	8	1	3	3	16	6	3	12	6	4	0	5	4	2	0	3	3	0	0	1	4	3	0	8
chr9	60768550	60768610	61	6	0	61	39	22	4	2	0	4	2	1	2	3	3	0	1	1	3	3	6	2	2	1	0	3	2	1	0	2	4	1	0	1	0	2	0	3
chr9	60768737	60768793	57	6	0	57	43	14	8	3	5	5	2	0	2	0	6	1	0	0	6	1	2	1	3	0	0	2	0	0	0	1	0	0	0	0	0	1	0	6
chr9	60768800	60768911	112	6	0	112	76	36	13	2	6	8	6	1	2	4	6	4	1	4	5	1	5	6	4	1	0	3	2	2	0	5	2	2	0	0	5	4	0	6
chr9	60768951	60769020	70	6	0	70	49	21	5	3	2	5	4	2	1	6	5	2	2	1	2	2	0	6	3	1	0	4	2	0	0	0	0	0	0	0	8	1	0	1
chr9	60769081	60769374	294	6	0	294	199	95	39	3	12	22	9	10	7	15	12	4	7	7	15	5	6	24	12	5	1	4	8	3	0	8	9	5	0	10	12	6	1	11
chr9	60769465	60769607	143	6	0	143	87	56	18	3	8	4	3	4	8	4	7	4	3	2	5	3	2	8	5	2	0	7	4	3	0	2	7	3	2	3	3	1	4	9
chr9	60769713	60769909	197	6	0	197	98	99	8	3	4	8	6	9	6	8	5	4	11	6	5	3	2	8	3	8	2	6	15	6	4	7	2	10	5	5	9	8	3	6
chr9	60769949	60770035	87	6	0	87	35	52	0	2	2	0	3	5	6	1	1	2	9	2	0	0	1	1	2	3	0	4	7	2	1	4	3	5	2	4	3	4	1	5
chr9	60770050	60770102	53	6	0	53	42	11	8	3	1	5	4	1	1	1	1	0	1	2	4	3	1	4	5	0	0	2	0	0	0	0	0	0	0	0	2	0	0	2
chr9	60770132	60770228	97	6	0	97	63	34	14	4	3	4	6	4	2	2	2	2	4	1	3	5	5	1	6	4	0	5	3	1	0	2	1	1	0	0	4	0	0	6
chr9	60770355	60770435	81	6	0	81	30	51	0	3	1	1	2	1	5	5	2	1	6	2	0	0	0	0	1	1	2	1	5	5	3	1	5	6	4	5	2	3	1	5
chr9	60770541	60770605	65	6	0	65	51	14	20	2	2	4	3	1	0	0	1	1	0	3	2	0	3	7	2	1	0	1	1	2	0	2	0	0	0	0	1	2	0	2
chr9	60770607	60770682	76	6	0	76	46	30	7	2	3	4	2	1	6	2	4	2	2	2	3	2	0	2	2	1	1	3	2	1	0	2	3	1	1	3	4	2	0	4
chr9	60770932	60771000	69	6	0	69	27	42	0	0	1	2	0	8	4	1	1	0	3	3	1	1	0	0	3	4	1	1	4	2	3	5	4	5	1	2	3	3	1	0
chr9	60771049	60771372	324	6	0	324	250	74	35	10	6	38	11	0	4	18	14	1	4	9	30	15	12	41	12	3	1	10	8	2	0	2	2	1	0	5	12	6	1	9
chr9	60771377	60771464	88	6	0	88	40	48	4	1	1	3	2	6	3	2	0	2	5	2	2	2	3	1	5	2	1	3	3	9	1	2	2	2	4	4	3	1	2	3
chr9	60771518	60771754	237	6	0	237	141	96	18	9	7	12	11	8	11	9	9	5	10	8	8	3	6	7	13	7	1	4	10	3	0	6	7	3	0	8	9	7	1	15
chr9	60771826	60771883	58	6	0	58	39	19	6	3	0	6	2	2	1	1	2	1	4	0	5	2	2	1	2	1	0	4	2	1	0	1	0	0	0	0	3	2	0	2
chr9	60771911	60771962	52	6	0	52	33	19	5	2	2	2	0	3	4	0	4	0	2	2	2	2	0	2	5	2	0	0	0	0	0	2	1	0	0	1	2	0	0	5
chr9	60772016	60772291	276	6	0	276	160	116	16	6	9	13	5	10	15	10	10	6	6	12	14	4	8	14	11	4	2	9	13	10	1	10	4	10	0	8	12	10	1	11
chr9	60772324	60772486	163	6	0	163	99	64	22	4	7	6	6	6	6	7	8	3	6	3	2	4	2	6	7	2	0	7	3	4	0	6	8	2	3	1	7	5	1	7
chr9	60772506	60772732	227	6	0	227	134	93	18	6	9	11	7	5	10	6	10	4	7	6	10	6	11	7	8	4	3	6	9	5	1	6	5	7	0	11	6	5	2	14
chr9	60772936	60773035	100	6	0	100	71	29	5	1	4	9	4	3	1	2	4	1	4	8	7	1	5	11	1	1	0	4	1	1	0	3	0	0	0	0	8	3	0	6
chr9	60773036	60773223	188	6	0	188	118	70	16	2	6	13	6	3	3	10	9	3	8	10	6	4	7	11	4	4	0	4	6	6	0	10	1	1	0	4	11	11	0	7
chr9	60773290	60773495	206	6	0	206	132	74	20	9	8	13	12	4	6	8	8	3	4	7	10	3	8	8	7	5	2	5	10	4	0	2	8	2	0	6	5	5	0	12
chr9	60773830	60773971	142	6	0	142	81	61	11	5	1	6	6	4	5	10	2	2	5	8	3	1	4	6	5	3	0	4	8	4	1	3	6	3	2	5	7	6	1	3
chr9	60773998	60774189	192	6	0	192	111	81	9	1	6	10	2	7	9	9	7	5	11	4	8	6	8	7	6	5	0	9	10	2	0	8	2	6	0	6	9	7	0	11
chr9	60774232	60774309	78	6	0	78	50	28	8	2	4	6	3	1	4	2	5	0	2	1	4	1	4	3	1	2	0	1	2	0	0	2	3	2	0	5	2	0	0	6
chr9	60774375	60774470	96	6	0	96	68	28	17	3	5	7	7	0	1	4	4	2	3	2	5	2	0	5	4	1	0	2	4	1	0	2	1	1	0	0	3	3	0	5
chr9	60774602	60774706	105	6	0	105	76	29	11	2	4	10	5	2	1	5	6	1	2	4	6	3	4	9	4	2	0	1	1	1	0	2	2	0	0	2	6	1	0	6
chr9	60774836	60774913	78	6	0	78	47	31	6	3	5	3	6	1	2	1	3	1	5	4	2	1	1	2	2	2	0	2	2	0	1	2	3	1	0	2	3	2	1	7
chr9	60774943	60775089	147	6	0	147	96	51	7	1	6	13	7	3	2	11	8	2	5	7	5	4	4	9	4	3	0	3	5	2	0	4	1	5	0	0	13	1	0	10
chr9	60775091	60775178	88	6	0	88	68	20	16	4	5	6	4	2	1	3	5	0	0	1	7	2	2	8	3	1	0	4	1	0	0	1	2	1	0	1	4	0	0	2
chr9	60775233	60775289	57	6	0	57	44	13	8	0	1	10	2	0	0	4	4	1	0	1	5	0	1	5	0	1	0	0	0	2	0	2	2	0	0	0	4	1	0	1
chr9	60775335	60775420	86	6	0	86	66	20	9	3	2	10	3	1	2	4	2	1	1	1	10	3	0	13	7	0	0	1	3	1	0	0	0	1	0	1	0	2	0	3
chr9	60775575	60775634	60	6	0	60	39	21	4	2	2	5	0	4	2	5	2	1	0	0	6	0	3	1	1	1	0	5	3	0	0	0	6	1	0	1	1	1	0	1
chr9	60775758	60775870	113	6	0	113	73	40	11	3	5	9	6	4	3	6	5	1	2	6	5	1	0	4	5	3	0	1	3	4	0	2	3	0	2	3	8	2	0	4
chr9	60775928	60776008	81	6	0	81	53	28	3	2	2	7	4	2	3	6	2	1	3	4	5	5	1	1	5	2	0	3	4	0	0	0	2	1	0	1	4	1	0	5
chr9	60776047	60776284	238	6	0	238	144	94	15	6	11	13	7	10	8	7	7	1	7	10	17	5	12	6	7	4	3	9	3	3	2	8	14	4	2	10	8	5	1	11
chr9	60776289	60776367	79	6	0	79	39	40	2	1	5	3	2	1	6	2	3	2	3	3	4	2	0	0	3	2	0	0	0	5	1	5	3	2	0	7	5	2	1	2
chr9	60776378	60776500	123	6	0	123	63	60	5	6	4	4	5	7	7	3	6	2	5	2	4	0	1	1	4	6	1	3	6	2	1	7	5	6	1	2	7	2	1	5
chr9	60776542	60777274	733	6	0	733	420	313	58	17	44	25	29	20	33	21	26	17	26	19	30	18	19	17	29	19	0	24	20	23	5	32	24	19	0	29	30	18	3	37
chr9	60777289	60777619	331	6	0	331	193	138	22	8	21	13	13	8	9	8	10	4	18	9	19	13	8	10	10	5	2	16	11	11	1	15	8	8	0	8	9	15	1	16
chr9	60777621	60777813	193	6	0	193	131	62	28	3	10	10	7	4	6	9	9	4	6	4	8	4	5	13	6	1	0	7	5	1	0	2	7	2	0	7	8	4	0	11
chr9	60777862	60777969	108	6	0	108	52	56	4	1	4	2	0	1	8	4	6	5	5	0	1	2	3	6	2	5	1	1	3	6	1	8	6	2	0	4	2	6	0	7
chr9	60778007	60778139	133	6	0	133	88	45	12	1	6	14	10	3	2	6	3	5	4	5	7	2	2	5	4	2	0	5	4	3	0	3	3	1	0	2	10	4	0	3
chr9	60778189	60778273	85	6	0	85	59	26	7	4	6	7	5	0	1	3	5	1	2	2	8	0	2	4	4	0	0	1	1	1	0	3	1	1	0	4	3	3	0	4
chr9	60778314	60778530	217	6	0	217	147	70	24	7	9	14	5	4	4	9	15	3	7	5	9	4	13	14	7	3	0	7	5	3	0	6	1	1	0	6	9	7	0	14
chr9	60778532	60778730	199	6	0	199	100	99	5	3	6	3	2	11	11	9	7	5	11	7	3	3	11	3	7	5	0	10	9	8	0	8	9	3	0	8	8	10	0	12
chr9	60778817	60779244	428	6	0	428	265	163	37	22	18	23	18	11	16	20	21	3	13	7	24	8	11	12	19	9	1	14	14	7	0	16	13	10	1	14	19	11	0	14
chr9	60779325	60779502	178	6	0	178	131	47	29	9	7	12	10	0	2	12	4	4	1	5	14	7	4	9	8	5	0	7	6	0	0	1	2	2	0	2	8	0	2	4
chr9	60829522	60839754	10233	10	0	10233	6095	4138	805	315	385	545	373	299	416	372	370	181	330	266	502	254	249	433	424	232	60	333	346	278	67	356	288	255	74	277	401	282	49	414
chr9	60839755	60840026	272	8	0	272	147	125	12	8	11	10	15	8	11	13	8	6	11	7	6	7	5	8	11	4	3	10	8	10	2	10	17	5	2	10	11	11	1	9
chr9	60840027	60840045	19	10	0	19	8	11	0	0	1	1	2	0	2	1	0	0	0	0	0	0	0	0	0	0	0	0	0	0	0	2	4	2	0	2	0	0	0	0
chr9	60840046	60841104	1059	8	0	1059	708	351	94	39	53	70	41	20	32	32	44	15	23	26	78	26	36	78	51	18	3	28	21	22	2	25	20	8	3	41	33	21	4	50
chr9	60841105	60841124	20	10	0	20	12	8	0	0	0	2	2	1	0	3	0	2	1	1	0	0	0	0	3	0	0	0	0	0	0	0	0	0	0	0	2	0	0	1
chr9	60841125	60841593	469	8	0	469	302	167	38	20	23	26	27	9	13	15	24	10	10	17	19	7	15	27	21	9	1	15	17	6	3	12	4	7	0	11	22	16	0	23
chr9	60841594	60841603	10	10	0	10	8	2	2	0	0	1	0	0	0	1	1	0	0	1	0	0	0	0	0	0	0	0	0	0	0	0	0	0	0	0	1	0	0	1
chr9	60841604	60841722	119	8	0	119	87	32	14	6	4	9	6	0	2	5	6	2	2	1	7	4	4	13	5	0	0	7	3	1	0	3	1	1	0	0	4	5	0	2
chr9	60841723	60841749	27	10	0	27	22	5	2	1	0	2	1	0	0	1	1	0	1	0	1	0	0	11	0	0	0	1	1	0	0	0	0	0	0	0	1	1	0	0
chr9	60841750	60841828	79	8	0	79	59	20	8	5	5	3	1	0	1	5	1	0	2	0	11	2	2	12	2	1	0	4	0	0	0	3	3	1	0	2	2	0	0	1
chr9	60841829	60841847	19	10	0	19	10	9	1	0	0	3	3	0	1	1	0	0	1	0	0	0	0	0	0	0	0	0	0	1	0	1	3	0	0	1	1	0	0	0
chr9	60841848	60842070	223	8	0	223	156	67	15	5	10	25	11	4	6	8	6	2	3	5	23	12	7	12	10	5	0	8	6	1	0	5	7	4	0	5	6	2	0	8
chr9	60842071	60842106	36	10	0	36	28	8	9	3	1	3	2	0	0	1	1	0	1	1	4	0	1	1	1	1	0	1	0	0	0	1	0	0	0	0	1	0	0	1
chr9	60842107	60842264	158	8	0	158	114	44	19	5	4	15	4	3	3	9	5	1	3	4	15	6	3	14	5	2	1	7	4	3	0	0	3	1	0	4	7	2	1	3
chr9	60842265	60842295	31	10	0	31	22	9	7	2	0	1	0	0	1	0	1	1	0	1	2	2	4	0	1	0	0	3	0	0	0	0	0	0	0	0	0	0	1	2
chr9	60842296	60842349	54	8	0	54	37	17	3	1	4	3	2	2	1	2	2	1	0	1	4	4	2	4	4	0	0	3	0	0	0	1	1	1	0	2	3	0	0	1
chr9	60842359	60842428	70	8	0	70	50	20	8	2	5	4	6	0	1	5	2	3	0	2	3	0	0	7	5	0	0	1	1	0	0	1	2	0	0	2	4	2	0	2
chr9	60842430	60842652	223	8	0	223	127	96	16	7	14	7	11	5	10	7	9	10	5	3	7	6	4	5	10	6	5	7	4	4	4	5	9	3	2	10	10	4	1	11
chr9	60842653	60842722	70	10	0	70	39	31	4	2	2	5	4	1	3	2	3	3	0	3	1	1	2	2	3	0	2	2	4	4	0	2	2	2	0	0	1	4	1	3
chr9	60842723	60842775	53	8	0	53	37	16	5	0	1	5	2	0	2	4	2	2	1	3	3	1	2	2	4	0	0	0	1	0	0	1	0	1	0	1	3	1	0	4
chr9	60842776	60842796	21	10	0	21	15	6	1	2	0	2	0	0	1	1	2	0	1	0	2	0	0	2	1	0	0	1	0	0	0	0	0	0	0	0	1	0	1	1
chr9	60842797	60843117	321	8	0	321	227	94	38	16	11	24	14	3	6	21	15	2	4	13	21	11	8	18	16	7	0	9	10	4	0	6	4	1	0	3	15	8	0	11
chr9	60843118	60843219	102	10	0	102	66	36	4	2	5	10	6	1	2	7	4	3	2	2	7	1	3	5	4	1	0	2	3	0	0	4	5	3	0	2	4	3	0	5
chr9	60843220	60843370	151	8	0	151	66	85	2	3	4	1	4	10	11	2	4	6	9	1	1	2	3	2	5	9	1	5	10	7	1	10	7	3	0	6	5	9	0	6
chr9	60843371	60843455	85	8	0	85	47	38	3	2	7	3	3	0	4	4	9	2	4	1	1	1	1	0	1	2	0	2	3	3	0	5	2	1	0	3	5	5	0	6
chr9	60843456	60843629	174	10	0	174	116	58	29	7	5	12	12	3	3	9	7	3	4	3	5	6	3	4	7	4	1	7	8	3	1	1	3	3	0	2	9	3	0	5
chr9	60843630	60843758	129	8	0	129	61	68	9	2	0	3	1	11	10	3	3	3	7	2	1	1	2	2	4	5	3	5	6	4	2	6	7	6	0	3	8	3	1	4
chr9	60843759	60843843	85	10	0	85	35	50	3	2	2	1	3	8	4	0	1	1	5	3	1	1	0	0	2	7	0	3	7	5	1	4	1	2	3	3	5	4	0	1
chr9	60843844	60844024	181	8	0	181	121	60	19	4	5	13	2	6	7	8	6	4	10	6	13	7	5	5	9	3	0	9	4	0	0	4	2	2	0	0	8	4	0	14
chr9	60844025	60844064	40	10	0	40	21	19	0	2	1	0	0	4	0	0	0	0	1	0	3	2	5	2	3	2	0	3	1	2	1	2	0	1	0	1	0	1	0	1
chr9	60844065	60844199	135	8	0	135	88	47	18	6	6	12	5	2	4	4	5	0	1	1	13	2	4	3	3	2	0	5	5	5	0	5	3	6	1	4	4	2	1	1
chr9	60844200	60844215	16	10	0	16	10	6	2	0	0	1	1	0	1	1	0	0	1	0	1	1	0	0	0	1	0	0	1	0	0	0	1	0	0	1	1	0	0	0
chr9	60844216	60844421	206	8	0	206	118	88	14	5	11	9	8	6	14	6	13	3	6	7	4	3	3	4	6	1	0	10	5	7	0	8	12	4	0	6	11	8	0	10
chr9	60844422	60844473	52	8	0	52	32	20	3	2	0	4	2	1	2	4	1	2	0	2	3	1	0	4	4	1	0	1	2	3	1	0	2	0	0	0	2	1	1	1
chr9	60844474	60844557	84	10	0	84	52	32	21	4	2	2	7	2	2	2	0	1	6	0	1	0	1	0	5	0	1	2	3	1	1	1	3	3	0	4	1	2	0	4
chr9	60844558	60844630	73	8	0	73	30	43	0	2	1	1	2	2	4	2	2	0	8	4	0	0	0	1	0	3	0	1	4	3	2	5	3	3	1	3	3	5	3	3
chr9	60844639	60844869	231	8	0	231	105	126	9	3	5	6	5	12	11	10	6	4	10	6	4	4	5	3	6	10	3	4	18	8	5	10	6	18	3	9	8	5	5	8
chr9	60844870	60844920	51	10	0	51	27	24	2	3	1	1	1	4	2	2	3	1	3	0	1	0	1	1	2	2	3	1	2	0	0	0	2	0	0	4	3	0	2	2
chr9	60844921	60846070	1150	8	0	1150	704	446	101	43	57	63	52	32	38	32	55	18	35	32	56	27	26	37	37	24	12	47	35	21	9	35	28	21	9	26	53	34	6	47
chr9	60846071	60846120	50	8	0	50	32	18	8	1	1	3	4	2	1	2	0	0	4	2	1	1	1	1	3	0	0	1	2	0	0	0	2	1	0	1	1	1	0	4
chr9	60846121	60846171	51	10	0	51	37	14	8	2	0	3	1	2	0	6	0	0	1	2	4	2	0	5	5	1	0	0	1	1	0	0	1	0	0	1	2	0	1	0
chr9	60846172	60846431	260	8	0	260	168	92	22	9	11	20	6	3	8	11	15	4	4	7	19	6	13	10	8	5	1	7	6	7	0	12	3	5	0	6	11	7	1	11
chr9	60846432	60846453	22	10	0	22	15	7	2	2	0	3	0	0	1	0	1	0	0	0	4	0	1	1	0	1	0	1	0	0	0	1	1	0	0	0	0	0	1	0
chr9	60846454	60846672	219	8	0	219	136	83	15	7	9	14	6	0	13	11	5	5	3	6	19	7	9	7	10	1	0	8	3	2	1	9	12	5	2	9	4	6	1	8
chr9	60846675	60846826	152	8	0	152	100	52	19	5	7	11	9	2	2	6	9	4	3	4	5	5	2	6	6	3	3	4	4	4	1	2	4	0	0	0	5	4	4	7
chr9	60846827	60846840	14	10	0	14	12	2	5	0	1	1	0	0	0	0	0	0	0	0	2	1	0	0	0	1	0	0	0	0	0	1	0	0	0	0	0	0	0	0
chr9	60846841	60846893	53	8	0	53	33	20	1	2	2	5	2	1	2	4	5	0	1	1	2	1	0	3	2	1	0	1	2	0	1	1	3	0	0	1	2	3	1	1
chr9	60846901	60846962	62	8	0	62	42	20	16	4	3	1	3	0	3	1	1	1	0	0	3	2	2	0	3	1	0	3	2	0	0	1	2	1	2	3	0	1	0	1
chr9	60846963	60846982	20	10	0	20	10	10	1	0	0	1	1	1	1	0	1	0	1	1	0	0	0	0	1	0	0	0	2	1	0	1	1	0	0	1	0	3	0	0
chr9	60846983	60847274	292	8	0	292	88	204	0	0	7	0	3	8	22	2	4	14	24	0	0	0	4	0	2	4	8	8	9	21	16	13	15	22	20	22	9	13	6	14
chr9	60847275	60847313	39	10	0	39	8	31	1	0	1	0	0	0	2	0	1	0	2	0	0	0	0	0	0	1	0	0	1	2	5	0	1	4	9	4	0	1	1	1
chr9	60847314	60847446	133	8	0	133	36	97	0	3	2	0	2	2	6	0	2	4	9	0	1	1	2	2	1	2	5	2	3	9	11	9	4	12	16	6	2	9	2	2
chr9	60847447	60847510	64	10	0	64	15	49	0	0	1	0	0	4	1	0	1	2	6	0	0	0	0	0	0	2	3	1	2	6	8	2	3	5	3	3	0	6	1	2
chr9	60847511	60847564	54	8	0	54	20	34	1	1	2	0	0	2	4	0	1	2	2	1	1	0	0	1	0	2	2	1	2	0	3	4	2	5	5	2	2	2	0	2
chr9	60847565	60847604	40	10	0	40	15	25	2	2	0	1	1	2	4	0	2	0	0	1	0	0	0	0	1	2	1	0	2	4	1	2	3	1	2	2	1	1	0	0
chr9	60847605	60848049	445	8	0	445	241	204	36	16	15	19	17	12	22	8	15	10	16	7	18	7	15	8	13	8	6	18	12	13	6	18	20	11	12	17	14	17	3	14
chr9	60848050	60848089	40	10	0	40	10	30	0	0	0	0	0	2	3	0	0	0	3	0	0	0	2	0	2	0	0	0	0	6	1	5	3	4	2	2	0	2	0	1
chr9	60848090	60848211	122	8	0	122	71	51	18	2	9	4	5	5	2	1	9	2	7	2	1	2	1	0	3	4	0	4	3	7	1	2	2	1	2	1	5	2	1	12
chr9	60848216	60848315	100	8	0	100	73	27	15	1	8	9	4	1	0	4	7	1	1	3	7	3	4	4	3	1	0	3	2	1	0	2	0	1	0	1	4	2	0	6
chr9	60848323	60848458	136	8	0	136	101	35	16	3	8	15	6	3	2	6	9	2	1	2	12	7	3	4	7	1	2	5	1	1	0	0	3	0	0	1	6	0	0	8
chr9	60848468	60848643	176	8	0	176	115	61	17	5	6	13	10	3	6	6	6	6	5	9	9	2	5	6	7	3	0	6	5	1	2	3	3	4	0	0	10	3	0	13
chr9	60848644	60848681	38	10	0	38	16	22	1	0	1	1	1	2	2	2	0	0	3	1	1	1	0	0	1	1	0	1	2	1	0	2	2	4	0	2	2	1	0	1
chr9	60848682	60848822	141	8	0	141	64	77	7	3	1	5	3	5	8	2	2	3	10	2	4	3	3	2	4	6	2	2	8	5	4	11	3	10	1	4	3	7	1	5
chr9	60848823	60848866	44	10	0	44	18	26	0	3	2	1	5	0	2	1	1	0	3	0	0	0	0	0	1	2	0	0	1	2	2	2	5	2	1	2	1	1	0	2
chr9	60848867	60848911	45	8	0	45	17	28	0	0	2	0	2	1	4	0	0	4	4	0	0	0	0	0	1	0	1	2	3	1	1	1	2	2	1	3	1	2	1	4
chr9	60848912	60849330	419	8	0	419	287	132	50	17	22	29	21	11	4	16	16	6	5	3	30	15	14	26	20	8	4	17	11	7	1	10	9	5	1	9	12	9	0	9
chr9	60849331	60849372	42	10	0	42	29	13	4	0	1	3	1	3	0	5	1	2	0	0	3	0	1	4	5	0	0	0	1	0	0	0	2	1	0	1	1	0	0	1
chr9	60849373	60850102	730	8	0	730	488	242	57	24	34	52	31	19	20	34	35	8	10	25	45	23	19	51	35	14	1	24	21	7	2	16	19	10	0	15	29	15	5	28
chr9	60850109	60850798	690	8	0	690	412	278	59	17	30	31	32	24	23	17	22	11	29	16	25	18	25	32	25	14	3	28	17	9	6	23	29	20	5	20	25	11	6	36
chr9	60850799	60850839	41	10	0	41	20	21	3	1	3	0	0	3	3	0	2	2	0	0	1	1	0	0	2	3	1	1	2	2	0	3	0	1	0	1	2	1	0	1
chr9	60850840	60850989	150	8	0	150	70	80	6	4	8	0	6	4	12	1	6	3	4	2	2	4	5	1	6	4	1	4	6	5	3	8	10	8	2	8	1	5	0	9
chr9	60850990	60851121	132	8	0	132	71	61	10	7	6	1	4	3	10	1	9	4	8	0	2	2	2	0	5	4	0	7	6	5	0	5	1	1	0	6	7	6	0	8
chr9	60851122	60851183	62	10	0	62	21	41	0	0	3	0	0	6	4	0	3	3	2	0	0	0	0	0	3	3	0	3	2	7	2	5	2	3	0	1	3	3	2	0
chr9	60851184	60851256	73	8	0	73	39	34	4	2	2	3	2	5	3	2	3	2	3	1	1	2	3	0	4	4	0	2	5	1	0	4	1	2	0	1	2	3	0	4
chr9	60851257	60851413	157	10	0	157	115	42	27	6	9	14	7	1	1	8	9	0	2	6	12	4	4	4	3	2	1	4	3	0	1	0	3	1	0	6	8	1	2	6
chr9	60851414	60852107	694	8	0	694	463	231	82	20	27	64	29	17	17	23	42	4	20	17	40	12	16	32	23	10	3	17	18	11	3	21	10	15	1	15	35	17	3	28
chr9	60852108	60852142	35	10	0	35	17	18	1	0	1	1	1	1	1	1	1	2	1	4	0	0	0	0	1	3	0	0	2	1	1	2	0	0	0	0	1	2	3	2
chr9	60852143	60852351	209	8	0	209	112	97	27	3	5	4	6	9	8	3	4	3	14	5	3	5	7	4	5	4	1	10	7	5	6	7	5	8	3	10	9	8	2	7
chr9	60852352	60852379	28	10	0	28	18	10	4	1	3	1	2	0	0	1	4	0	1	0	0	0	0	0	1	0	0	0	1	1	0	0	1	0	0	1	0	1	0	3
chr9	60852380	60852869	490	8	0	490	314	176	42	15	25	29	15	9	11	18	22	7	15	17	32	10	19	27	10	6	5	20	11	17	2	12	10	7	2	13	22	12	1	25
chr9	60852870	60852909	40	10	0	40	28	12	3	1	1	3	0	0	1	1	2	0	1	2	3	2	3	4	1	0	0	1	0	0	0	2	0	0	0	2	1	2	0	2
chr9	60852910	60853400	491	8	0	491	293	198	30	12	26	22	18	15	23	15	26	5	15	14	16	20	21	15	19	8	4	21	11	3	2	14	25	11	1	17	16	9	3	32
chr9	60853402	60853940	539	8	0	539	367	172	65	20	25	38	21	8	17	21	30	12	15	13	31	5	10	34	19	8	1	17	11	8	2	10	14	3	0	9	23	12	3	32
chr9	60853941	60853961	21	10	0	21	14	7	3	0	2	0	1	0	0	0	1	1	1	0	1	0	2	0	1	0	0	0	0	0	0	1	0	1	0	1	0	0	0	3
chr9	60853962	60854149	188	8	0	188	127	61	19	11	9	11	7	4	6	11	13	2	1	0	12	2	4	14	11	1	0	7	7	1	0	5	6	4	0	2	4	7	0	5
chr9	60854150	60854174	25	10	0	25	20	5	3	1	0	5	2	0	0	2	2	0	0	0	2	1	0	1	2	0	0	0	0	0	0	0	0	0	0	0	2	0	0	0
chr9	60854175	60854274	100	8	0	100	73	27	10	6	2	8	3	3	2	7	6	0	2	2	7	2	4	7	7	1	0	3	1	0	0	1	2	1	0	1	5	0	0	5
chr9	60854276	60854473	198	8	0	198	82	116	11	1	5	2	5	21	10	3	3	2	11	1	1	2	3	0	16	3	2	5	9	8	7	8	8	16	6	10	5	5	1	6
chr9	60854481	60854554	74	8	0	74	29	45	0	0	0	0	0	21	2	0	0	1	2	0	0	1	1	0	20	1	1	2	2	2	3	1	0	5	4	1	1	0	0	1
chr9	60854558	60855738	1181	8	0	1181	628	553	99	25	30	53	44	48	47	37	29	22	50	30	37	25	30	20	34	34	13	39	54	36	23	39	40	48	21	41	48	34	11	38
chr9	60855748	60855926	179	8	0	179	77	102	16	2	6	1	2	11	9	2	7	3	11	2	0	2	2	0	3	6	2	7	8	8	6	6	9	9	7	7	4	6	5	8
chr9	60855927	60855967	41	10	0	41	28	13	4	2	1	1	1	3	1	1	2	0	0	0	1	3	1	5	4	2	2	1	2	0	0	0	0	0	0	0	0	0	0	2
chr9	60855968	60856889	922	8	0	922	597	325	97	38	38	50	31	26	26	47	37	10	17	19	59	36	25	40	47	17	5	41	28	20	3	25	26	17	1	12	29	22	3	28
chr9	60856890	60856938	49	10	0	49	41	8	9	1	2	7	1	0	1	1	3	1	0	0	7	1	0	6	2	0	0	1	1	0	0	0	0	0	0	0	0	1	0	2
chr9	60856939	60857695	757	8	0	757	549	208	102	27	36	56	32	15	12	30	30	8	14	16	56	25	22	66	33	10	1	31	15	6	0	12	12	9	0	11	29	8	1	30
chr9	60857700	60858375	676	8	0	676	395	281	67	27	17	30	30	22	29	24	23	14	22	13	22	19	18	17	33	23	3	22	30	18	5	20	14	19	5	16	28	13	3	28
chr9	60858376	60858388	13	10	0	13	8	5	1	1	1	0	1	0	1	0	1	0	0	0	0	0	0	0	0	0	0	1	1	0	0	0	1	0	0	1	0	1	0	0
chr9	60858389	60858902	514	8	0	514	299	215	35	12	21	23	13	12	32	22	28	15	17	16	15	5	15	17	24	10	1	9	18	10	0	19	15	11	0	22	22	16	1	36
chr9	60858904	60859010	107	8	0	107	65	42	13	2	6	7	4	1	3	6	7	3	4	0	3	1	3	1	4	0	0	3	2	4	0	4	5	3	0	2	3	4	0	7
chr9	60859017	60859179	163	8	0	163	109	54	14	9	11	10	14	1	5	5	8	5	2	1	8	3	3	8	14	1	0	4	3	2	0	2	4	3	0	5	5	1	0	10
chr9	60859185	60859445	261	8	0	261	191	70	55	8	17	16	10	4	7	5	16	6	5	3	16	2	6	14	9	3	0	8	5	0	0	4	4	1	0	5	8	5	0	17
chr9	60859446	60859479	34	10	0	34	23	11	1	0	3	2	0	1	0	1	2	2	2	0	3	1	2	2	0	1	0	3	0	0	0	1	0	0	0	0	2	0	0	3
chr9	60859480	60859530	51	8	0	51	33	18	1	2	2	5	2	0	3	2	5	1	3	0	2	2	1	1	2	0	0	3	2	0	0	0	0	0	0	0	2	2	0	6
chr9	60859534	60860516	983	8	0	983	595	388	74	32	40	49	43	20	36	41	37	22	44	32	40	20	24	40	37	18	4	35	33	20	1	34	32	14	4	20	38	37	5	55
chr9	60860517	60860654	138	10	0	138	69	69	6	5	3	5	5	4	9	3	5	2	4	4	3	3	4	2	3	8	1	2	9	6	2	7	2	7	1	6	7	3	0	5
chr9	60860655	60861489	835	8	0	835	493	342	78	29	37	31	31	30	32	30	44	12	33	13	23	23	24	22	39	12	2	41	25	22	4	33	23	16	0	22	36	34	2	30
chr9	60861490	60861529	40	10	0	40	27	13	8	2	2	2	3	0	1	1	3	1	0	1	0	0	1	1	0	1	1	1	1	0	1	0	2	0	0	0	1	1	0	3
chr9	60861530	60861787	258	8	0	258	170	88	21	6	14	16	12	3	8	16	8	7	6	11	15	6	6	13	15	0	0	7	7	4	0	3	8	4	0	8	10	6	0	16
chr9	60861788	60861817	30	10	0	30	22	8	4	1	2	1	2	0	0	2	2	0	1	4	0	0	0	2	0	0	0	1	0	0	0	0	0	0	0	0	4	0	0	2
chr9	60861818	60861889	72	8	0	72	54	18	14	3	3	7	3	0	2	0	6	0	2	1	3	2	3	4	1	0	0	3	1	0	0	1	1	0	0	1	2	2	0	5
chr9	60861890	60861926	37	10	0	37	30	7	5	3	1	2	2	0	0	0	0	0	1	0	3	2	1	8	2	0	0	3	0	0	0	1	0	0	0	0	0	1	0	0
chr9	60861927	60862122	196	8	0	196	132	64	29	5	9	15	9	4	7	6	15	4	5	4	5	4	4	7	8	4	0	5	5	0	0	6	2	1	0	3	11	7	0	10
chr9	60862124	60862277	154	8	0	154	101	53	23	3	13	7	5	3	4	3	10	1	7	1	7	4	3	5	2	6	0	3	4	1	0	6	6	2	0	4	3	2	0	14
chr9	60862278	60862325	48	10	0	48	36	12	5	2	5	4	2	0	1	0	4	1	1	1	4	1	1	2	1	0	0	3	0	0	0	1	0	0	0	0	2	1	0	4
chr9	60862326	60863180	855	8	0	855	586	269	87	28	43	56	36	16	16	35	30	19	21	20	60	28	27	63	40	17	2	32	14	9	3	21	18	4	4	14	31	16	3	40
chr9	60863181	60863229	49	10	0	49	29	20	3	2	2	3	1	0	2	1	5	0	2	1	1	1	3	1	1	1	0	0	0	1	0	4	3	0	0	1	1	3	0	4
chr9	60863230	60863592	363	8	0	363	203	160	19	9	13	12	12	14	19	18	8	9	11	12	15	11	8	12	19	10	1	13	11	18	0	13	16	4	1	13	16	10	2	12
chr9	60863593	60863660	68	10	0	68	41	27	7	4	2	2	4	2	6	2	2	2	0	0	2	2	2	0	4	1	0	5	2	0	0	1	6	1	0	3	2	1	0	1
chr9	60863661	60864359	699	8	0	699	471	228	61	17	34	55	22	17	18	36	35	14	16	17	49	20	29	30	34	6	1	28	12	8	1	13	16	5	2	19	30	15	0	37
chr9	60864360	60864391	32	10	0	32	20	12	4	0	2	1	0	1	0	3	2	0	1	1	1	1	1	1	1	0	1	0	0	0	0	0	0	0	1	3	2	0	2	1
chr9	60864392	60864531	140	8	0	140	93	47	11	4	8	12	6	4	1	7	6	3	2	2	11	4	8	3	7	3	0	5	2	2	0	5	6	0	0	4	3	4	0	5
chr9	60864532	60864567	36	10	0	36	30	6	9	1	2	4	1	0	0	0	2	0	1	1	3	0	0	5	0	0	0	0	0	0	0	1	0	0	0	0	1	1	0	2
chr9	60864568	60864786	219	8	0	219	172	47	36	7	10	22	10	1	3	5	11	2	5	10	20	4	5	19	7	3	0	4	4	0	0	1	0	0	0	0	8	2	0	18
chr9	60864787	60864808	22	10	0	22	12	10	2	0	1	1	0	1	1	2	1	1	0	0	1	0	0	1	1	0	0	1	0	0	1	0	3	0	0	1	0	0	1	0
chr9	60864809	60864990	182	8	0	182	128	54	17	5	7	18	8	3	7	0	11	2	6	6	12	5	6	13	6	3	0	6	5	2	0	3	0	1	0	3	7	4	0	14
chr9	60864991	60865004	14	10	0	14	11	3	6	1	0	1	1	0	0	0	1	0	0	0	0	0	0	0	0	0	0	0	1	0	0	0	0	0	0	0	0	1	0	0
chr9	60865005	60865255	251	8	0	251	175	76	26	8	15	19	13	5	3	13	14	3	2	9	15	6	8	15	11	5	0	6	6	1	0	6	5	1	0	6	12	6	0	10
chr9	60865257	60865458	202	8	0	202	128	74	20	10	9	9	9	3	5	11	10	3	4	10	8	3	7	6	10	4	1	4	5	2	1	8	6	2	0	3	7	8	2	10
chr9	60865459	60865512	54	8	0	54	31	23	2	2	1	2	2	1	2	3	0	1	4	1	3	2	3	2	1	2	0	2	0	1	0	3	3	0	0	3	4	1	0	1
chr9	60865513	60865563	51	10	0	51	35	16	7	3	4	2	1	3	1	1	4	1	1	1	4	0	0	2	4	0	0	2	1	0	0	0	0	0	0	0	1	2	0	4
chr9	60865564	60865780	217	8	0	217	149	68	23	9	5	20	13	3	4	15	7	2	2	5	15	8	5	12	12	5	0	5	9	5	0	2	6	3	0	4	8	3	0	5
chr9	60865781	60865810	30	10	0	30	22	8	3	1	0	3	1	0	1	1	1	0	0	0	2	3	0	5	0	2	2	0	1	0	0	1	0	0	0	0	1	0	0	0
chr9	60865811	60866720	910	8	0	910	631	279	103	34	32	67	32	15	23	43	45	11	18	32	57	30	29	58	38	12	5	35	26	12	1	14	12	7	0	11	37	22	4	43
chr9	60866721	60866760	40	10	0	40	30	10	3	1	0	6	2	0	1	4	1	1	0	0	4	0	0	6	2	0	0	0	0	0	0	1	4	0	0	0	0	1	0	1
chr9	60866761	60866971	211	8	0	211	150	61	21	3	10	18	9	1	5	7	10	4	5	8	13	8	8	19	9	1	0	6	6	2	0	2	1	1	0	5	6	6	0	15
chr9	60866972	60867010	39	10	0	39	24	15	2	0	1	4	0	1	3	0	4	2	1	0	1	1	4	0	1	0	0	3	0	0	0	1	0	0	0	2	3	0	0	3
chr9	60867011	60867229	219	8	0	219	157	62	17	6	12	15	7	5	3	9	11	3	3	11	15	2	10	27	5	2	0	9	5	0	0	3	5	1	0	3	9	5	0	14
chr9	60867230	60867275	46	10	0	46	24	22	3	0	1	3	0	3	2	1	1	1	2	1	3	0	1	1	1	1	1	1	4	1	1	0	0	3	1	2	1	1	0	3
chr9	60867276	60867400	125	8	0	125	63	62	9	2	2	4	2	7	4	3	2	3	5	6	4	2	7	1	2	7	2	2	9	5	1	6	2	3	1	4	3	5	2	6
chr9	60867401	60867487	87	10	0	87	33	54	0	1	3	1	2	3	5	1	3	1	7	2	0	2	2	0	1	2	1	3	4	4	3	6	2	6	2	6	4	5	1	2
chr9	60867488	60867533	46	8	0	46	18	28	0	1	1	0	2	3	5	0	0	2	4	0	0	0	0	0	2	1	0	3	3	1	0	1	5	2	0	2	0	1	1	4
chr9	60867535	60868780	1246	8	0	1246	813	433	136	46	55	70	66	20	37	54	48	23	25	43	56	33	28	71	60	31	7	24	47	13	2	30	30	21	4	25	41	27	5	66
chr9	60868781	60868862	82	10	0	82	58	24	26	8	1	0	7	1	2	2	0	2	3	1	1	1	0	1	8	1	1	2	1	0	1	0	1	0	1	2	2	1	1	2
chr9	60868863	60870065	1203	8	0	1203	739	464	114	33	52	67	41	30	34	37	45	17	37	39	67	35	43	47	42	25	9	39	27	23	17	34	29	29	17	34	44	24	11	59
chr9	60870066	60870168	103	10	0	103	74	29	4	2	5	12	4	2	0	7	8	2	1	5	6	1	5	8	4	1	1	1	2	0	0	0	1	1	0	2	6	0	1	9
chr9	60870169	60870964	796	8	0	796	565	231	88	36	31	60	29	15	21	37	25	6	11	22	73	32	12	65	35	19	2	33	23	10	2	13	14	4	0	12	30	15	2	17
chr9	60870965	60870998	34	10	0	34	23	11	3	1	4	2	0	1	1	1	3	0	1	1	4	0	0	0	1	0	0	1	0	0	0	2	0	0	0	0	1	2	0	3
chr9	60870999	60871444	446	8	0	446	312	134	55	16	24	31	20	5	12	15	21	6	8	13	30	13	10	33	16	11	1	12	9	3	0	11	11	1	0	9	16	9	1	22
chr9	60871449	60871566	118	8	0	118	55	63	13	2	2	3	5	3	5	2	3	2	10	3	0	0	0	0	2	2	1	2	4	2	5	5	5	8	4	5	4	4	4	6
chr9	60871567	60871614	48	10	0	48	22	26	1	1	0	2	0	2	3	1	1	1	1	1	1	2	3	0	1	1	2	3	5	1	1	0	0	1	3	4	0	4	0	0
chr9	60871615	60871817	203	8	0	203	110	93	13	3	6	9	7	3	6	10	5	3	8	8	7	7	5	9	4	4	3	5	10	4	3	10	3	12	7	3	9	7	1	7
chr9	60871819	60872005	187	8	0	187	130	57	25	7	7	11	6	2	5	8	9	3	8	9	12	2	2	12	6	2	1	5	4	1	0	5	3	0	1	0	8	7	2	12
chr9	60872006	60872029	24	10	0	24	18	6	6	0	2	1	0	0	0	0	2	0	1	1	1	1	0	2	1	0	0	0	0	0	0	1	0	0	0	0	0	1	0	2
chr9	60872030	60872794	765	8	0	765	526	239	79	21	38	62	34	20	18	29	36	10	10	21	50	23	21	52	35	12	0	27	19	10	0	20	20	8	1	9	27	19	1	31
chr9	60872795	60872829	35	10	0	35	15	20	0	0	2	0	1	7	0	1	1	1	0	0	0	1	0	1	5	2	1	1	1	3	0	1	2	0	0	0	1	1	0	0
chr9	60872830	60872919	90	8	0	90	64	26	16	3	2	8	8	8	0	3	1	1	0	2	4	4	1	3	13	1	2	0	0	0	0	1	3	0	0	1	2	0	0	1
chr9	60872920	60872951	32	10	0	32	24	8	3	1	0	2	2	1	0	2	0	0	1	0	1	3	1	5	3	0	0	2	1	0	0	0	0	0	0	0	1	1	0	0
chr9	60872952	60873702	751	8	0	751	534	217	107	21	38	63	38	10	9	29	37	9	18	21	47	16	20	49	27	10	1	18	16	5	2	15	15	6	2	15	29	17	1	38
chr9	60873703	60873750	48	10	0	48	33	15	6	3	3	2	3	0	1	2	2	0	1	1	3	0	2	3	2	0	0	1	0	0	0	1	3	0	0	3	1	1	0	2
chr9	60873751	60874190	440	8	0	440	288	152	33	20	19	33	24	11	10	21	31	11	4	8	17	10	14	21	26	15	6	5	13	2	1	10	10	1	2	7	17	8	3	25
chr9	60874191	60874498	308	8	0	308	142	166	27	4	5	7	6	15	22	2	5	8	16	8	6	4	5	1	11	10	2	8	15	11	8	15	9	17	9	13	10	11	5	11
chr9	60874499	60874656	158	10	0	158	113	45	21	4	7	14	7	2	4	5	11	3	2	2	7	3	2	17	7	0	2	3	2	1	1	3	3	1	0	4	7	5	1	5
chr9	60874657	60874715	59	8	0	59	22	37	0	0	2	0	0	3	4	3	2	2	2	3	0	0	0	0	3	1	1	0	1	3	3	4	2	5	2	3	5	2	0	1
chr9	60874716	60874766	51	10	0	51	25	26	2	1	2	3	3	3	1	0	2	1	3	1	1	0	1	0	2	1	1	1	2	1	1	3	1	1	1	3	2	4	1	0
chr9	60874767	60874823	57	8	0	57	35	22	6	3	3	1	4	2	1	2	1	1	2	1	3	1	2	0	2	0	2	3	0	0	0	2	4	0	0	4	3	2	0	0
chr9	60874824	60875065	242	10	0	242	167	75	29	6	9	18	13	2	10	12	10	4	4	8	10	12	4	16	11	3	0	9	4	2	0	4	9	1	0	4	13	4	0	9
chr9	60875066	60875131	66	8	0	66	47	19	9	4	1	4	1	3	1	5	2	1	2	1	6	2	1	3	5	1	0	4	1	1	0	1	0	0	0	0	4	1	0	0
chr9	60875132	60875436	305	10	0	305	220	85	40	3	10	34	9	5	9	9	14	4	10	11	24	8	7	22	8	4	0	8	4	4	0	8	4	2	0	4	16	6	0	16
chr9	60875437	60875533	97	8	0	97	63	34	2	4	2	9	3	1	3	7	3	1	5	5	9	1	1	7	3	0	0	4	2	1	1	1	3	1	1	1	5	3	1	5
chr9	60875538	60875630	93	8	0	93	56	37	8	5	4	6	6	3	4	3	4	0	2	2	5	1	1	1	6	1	0	2	4	2	0	1	2	3	1	5	4	1	1	3
chr9	60875631	60875902	272	10	0	272	192	80	28	10	12	27	11	3	7	14	16	1	3	9	22	5	4	19	7	6	3	3	8	1	0	6	6	3	0	7	13	5	1	10
chr9	60875911	60875935	25	10	0	25	19	6	10	4	0	0	4	0	0	0	0	0	0	0	0	0	0	0	4	0	0	0	0	0	0	0	1	0	0	0	0	0	0	0
chr9	60875936	60876013	78	8	0	78	56	22	11	1	1	8	3	0	3	5	6	1	1	3	2	2	2	6	2	0	0	2	2	1	0	1	2	0	0	0	5	3	0	3
chr9	60876014	60876086	73	10	0	73	52	21	2	1	3	11	1	4	0	5	2	0	0	4	12	4	0	2	8	0	0	1	1	3	0	1	0	0	0	0	1	3	0	2
chr9	60876087	60876144	58	8	0	58	31	27	2	1	1	3	2	4	2	3	2	3	1	2	1	0	0	2	4	4	0	0	5	4	0	2	0	0	0	0	3	3	0	2
chr9	60876145	60876182	38	10	0	38	21	17	0	2	1	0	1	3	2	0	2	0	3	4	0	0	1	1	2	0	1	2	0	0	0	0	0	1	0	1	4	0	1	4
chr9	60876183	60876347	165	8	0	165	94	71	11	6	11	6	5	5	7	7	10	2	6	2	8	2	1	5	4	4	0	7	6	6	0	8	4	7	0	3	10	3	0	7
chr9	60876348	60876851	504	10	0	504	270	234	31	16	16	16	16	18	29	21	20	11	21	12	12	9	10	11	20	15	1	18	29	14	1	23	18	15	1	14	17	22	3	22
chr9	60876852	60876921	70	8	0	70	40	30	4	1	8	2	5	1	0	3	6	3	1	1	0	1	3	0	2	1	0	4	5	2	0	1	1	1	0	1	1	4	0	6
chr9	60876922	60876974	53	10	0	53	28	25	2	0	1	1	0	2	3	5	2	3	3	3	0	0	1	1	1	2	0	2	4	0	0	2	0	1	0	1	5	3	0	3
chr9	60876975	60877821	847	8	0	847	425	422	42	24	42	22	37	27	50	24	42	18	38	13	9	12	15	8	29	24	3	25	47	40	1	42	34	28	2	36	28	38	2	43
chr9	60877822	60877839	18	10	0	18	8	10	1	0	1	0	0	0	2	2	1	0	0	0	0	0	0	0	0	1	0	0	2	1	0	0	1	1	0	2	1	0	0	0
chr9	60877840	60879077	1238	8	0	1238	726	512	78	37	45	71	55	33	48	68	47	22	44	30	51	33	23	41	55	30	0	40	54	45	0	43	41	29	3	27	54	37	2	50
chr9	60879078	60879144	67	10	0	67	31	36	0	3	2	0	3	1	7	2	2	1	4	4	0	0	0	0	0	2	0	4	3	2	0	4	5	2	0	3	6	3	0	2
chr9	60879145	60880205	1061	8	0	1061	537	524	54	29	46	30	47	53	53	33	28	19	35	20	29	24	20	15	52	35	3	35	59	56	4	48	38	45	4	43	37	31	5	29
chr9	60880206	60880234	29	10	0	29	13	16	3	1	0	0	0	0	4	2	0	0	0	2	0	0	0	0	0	1	0	0	0	1	0	3	4	2	1	1	2	0	0	0
chr9	60880235	60880305	71	8	0	71	55	16	18	4	1	4	3	1	2	5	2	2	0	1	4	2	2	2	5	0	0	4	0	0	0	0	2	0	0	0	4	0	0	1
chr9	60880306	60880463	158	10	0	158	86	72	8	7	6	4	7	4	8	6	5	3	9	3	5	5	2	3	6	5	0	8	5	2	1	10	4	4	1	5	10	6	2	2
chr9	60880464	60880509	46	8	0	46	27	19	2	2	0	3	2	1	3	0	2	0	2	2	1	1	3	1	2	0	0	3	1	0	0	3	2	2	0	0	2	2	0	2
chr9	60880510	60881033	524	10	0	524	337	187	45	17	29	26	16	13	17	26	26	9	15	13	29	14	16	25	21	6	2	24	13	7	1	12	14	7	0	16	24	13	1	25
chr9	60881034	60881088	55	8	0	55	31	24	3	2	2	3	3	1	3	3	2	0	1	3	1	1	1	1	1	1	0	2	3	1	0	2	3	3	0	2	3	1	0	1
chr9	60881089	60881253	165	10	0	165	106	59	13	7	4	9	3	3	8	8	9	3	6	4	8	4	7	9	10	4	0	3	2	1	0	7	2	3	0	4	9	2	0	11
chr9	60881254	60881437	184	8	0	184	131	53	21	8	8	16	8	4	4	8	8	3	2	3	16	7	2	13	10	4	3	5	6	1	0	2	1	2	0	1	6	2	1	7
chr9	60881438	60882140	703	10	0	703	416	287	62	21	31	26	25	23	29	27	27	17	23	15	28	11	21	28	36	9	11	16	10	9	7	25	26	16	5	35	32	17	5	28
chr9	60882141	60882188	48	8	0	48	32	16	3	1	1	4	0	4	3	3	2	0	0	1	4	4	0	2	6	1	0	2	0	0	0	1	1	0	0	0	2	0	0	1
chr9	60882189	60882198	10	10	0	10	7	3	0	0	1	1	0	0	0	0	1	0	0	1	1	0	1	0	0	0	0	0	0	0	0	0	0	0	0	0	0	0	0	2
chr9	60882199	60882421	223	8	0	223	163	60	31	11	7	22	10	3	5	11	9	4	1	4	20	4	4	15	12	2	1	7	5	3	0	4	4	2	1	1	8	5	0	5
chr9	60882422	60882506	85	10	0	85	58	27	4	1	1	9	2	2	3	5	3	0	2	4	6	4	3	7	3	1	0	3	3	2	0	1	3	0	0	1	3	3	0	4
chr9	60882507	60882731	225	8	0	225	155	70	24	11	9	11	9	3	5	10	9	4	7	10	12	8	8	13	13	4	0	9	4	2	1	5	1	0	0	1	9	6	1	14
chr9	60882732	60882795	64	10	0	64	36	28	13	2	0	0	2	2	5	0	0	3	5	0	0	2	0	0	5	1	0	3	3	1	0	1	1	2	1	2	2	1	1	4
chr9	60882796	60883272	477	8	0	477	271	206	43	13	18	21	19	14	19	14	10	9	16	15	23	12	14	9	12	13	6	17	19	8	8	17	15	21	3	17	21	10	3	16
chr9	60883273	60883458	186	10	0	186	108	78	13	8	8	7	4	5	9	7	7	2	6	1	13	3	9	5	8	2	0	8	4	6	0	10	10	8	0	6	3	4	0	8
chr9	60883459	60883633	175	8	0	175	108	67	10	9	6	11	9	6	7	9	5	1	3	5	11	5	3	7	9	2	3	7	6	4	0	3	10	2	0	6	6	5	1	2
chr9	60883634	60883981	348	10	0	348	203	145	21	13	13	15	15	13	14	9	13	9	15	11	13	5	11	13	22	9	2	7	13	8	2	12	5	5	1	9	11	12	1	24
chr9	60883982	60884094	113	8	0	113	70	43	8	2	4	7	5	5	5	3	4	3	2	6	3	0	4	7	5	0	0	5	1	5	0	4	4	1	0	3	8	4	0	3
chr9	60884095	60884642	548	10	0	548	328	220	35	25	23	27	27	19	25	23	25	12	10	13	23	9	6	25	34	6	10	15	13	7	4	12	24	10	6	18	23	13	5	19
chr9	60884643	60884912	270	8	0	270	130	140	11	5	9	6	8	15	18	5	7	4	14	11	4	6	4	2	8	7	2	13	16	7	3	11	10	13	3	10	12	10	4	10
chr9	60884913	60884927	15	10	0	15	8	7	0	0	0	0	0	0	0	1	0	1	3	1	0	0	0	0	0	0	0	1	1	0	0	0	0	0	0	0	2	1	0	2
chr9	60884928	60884954	27	8	0	27	25	2	17	0	1	1	0	0	0	0	0	0	0	0	1	2	1	0	0	0	0	2	0	0	0	0	0	0	0	0	0	0	0	0
chr9	60884955	60885078	124	10	0	124	90	34	17	7	3	9	4	4	3	8	5	2	1	3	11	2	2	7	9	2	0	4	4	0	0	2	0	2	0	0	6	2	0	3
chr9	60885079	60885172	94	8	0	94	52	42	3	2	7	1	3	4	6	2	2	2	3	3	5	3	2	2	6	1	0	4	2	2	0	4	6	3	0	3	1	2	0	8
chr9	60885173	60885197	25	10	0	25	13	12	0	1	1	1	1	0	2	0	1	0	2	1	0	0	0	2	0	1	0	0	1	0	0	1	1	1	1	1	1	0	0	3
chr9	60885198	60885270	73	8	0	73	45	28	5	1	2	5	1	2	1	4	4	0	2	2	3	4	3	5	2	1	2	1	2	5	0	2	1	0	0	3	3	3	0	2
chr9	60885271	60885456	186	10	0	186	112	74	15	9	11	8	10	6	6	4	9	2	6	6	8	3	3	4	8	4	1	7	7	4	2	4	4	4	0	6	7	5	1	10
chr9	60885457	60885528	72	8	0	72	45	27	8	2	4	5	4	1	2	0	5	2	6	2	2	0	1	1	2	1	0	1	2	0	0	3	0	1	0	1	3	3	0	8
chr9	60885529	60885873	345	10	0	345	211	134	24	12	16	15	16	9	14	13	10	9	9	17	17	6	11	12	17	6	2	11	10	3	0	14	11	4	2	9	14	14	0	16
chr9	60885874	60885964	91	8	0	91	61	30	14	5	5	2	1	1	4	1	4	3	4	1	6	1	3	4	6	2	0	2	0	1	0	5	0	0	0	2	1	3	0	8
chr9	60885970	60886117	148	8	0	148	73	75	8	2	5	2	5	11	5	2	5	3	9	4	0	3	7	0	6	3	1	9	8	5	2	4	4	5	1	6	6	6	2	7
chr9	60886118	60886154	37	10	0	37	23	14	6	1	0	3	2	0	0	0	0	1	1	0	2	2	3	1	1	0	1	2	1	3	1	0	1	1	0	0	0	0	0	2
chr9	60886155	60886303	149	8	0	149	75	74	7	3	8	4	7	5	5	6	4	3	9	5	5	0	2	1	1	6	1	3	11	5	0	9	3	8	1	4	8	5	0	8
chr9	60886304	60886410	107	10	0	107	55	52	7	3	3	5	5	3	4	3	4	3	2	1	2	3	4	3	3	3	3	3	6	8	0	5	4	4	0	2	2	3	1	3
chr9	60886411	60886453	43	8	0	43	21	22	1	1	2	2	3	1	2	0	1	1	2	1	1	1	1	1	2	0	0	1	3	1	0	2	0	3	0	3	1	2	1	1
chr9	60886454	60886722	269	10	0	269	154	115	12	10	12	9	12	6	15	11	11	6	11	13	7	6	4	7	15	6	0	7	3	6	1	16	12	5	1	2	15	9	0	17
chr9	60886723	60887043	321	8	0	321	217	104	29	5	17	31	6	8	8	11	19	2	10	10	28	3	10	19	5	4	1	8	8	6	0	10	5	8	0	7	14	6	1	20
chr9	60887044	60887095	52	10	0	52	43	9	13	2	0	9	5	0	0	1	2	0	1	1	5	1	1	1	2	0	0	1	1	0	0	0	0	0	0	0	2	1	0	1
chr9	60887096	60887313	218	8	0	218	122	96	22	5	9	9	6	8	13	5	5	2	7	4	12	8	4	2	8	5	1	9	11	7	0	8	10	9	1	8	3	5	2	8
chr9	60887314	60887534	221	10	0	221	115	106	7	6	11	4	9	9	11	9	9	4	11	9	3	6	3	4	8	5	0	10	10	13	0	7	4	6	0	8	16	6	0	11
chr9	60887535	60887957	423	8	0	423	246	177	46	14	26	16	18	8	14	12	21	7	14	9	17	7	9	7	13	9	1	14	12	15	3	20	14	11	4	9	13	16	2	20
chr9	60887958	60887970	13	10	0	13	7	6	0	0	0	2	1	0	0	0	1	1	1	0	0	0	0	0	1	0	0	0	0	0	0	1	0	0	0	0	0	2	0	1
chr9	60887971	60887987	17	8	0	17	8	9	1	0	1	0	1	0	2	0	0	1	2	0	0	0	0	0	0	1	0	0	0	0	0	1	0	0	0	2	1	0	0	2
chr9	60887988	60889121	1134	10	0	1134	618	516	75	34	46	34	44	35	51	55	41	23	40	30	29	19	27	33	43	29	6	34	50	38	10	43	47	34	2	45	45	40	8	42
chr9	60889122	60889190	69	8	0	69	42	27	4	2	5	3	1	0	4	3	8	0	4	3	2	1	0	1	1	0	0	2	2	1	0	2	1	1	0	1	4	3	0	8
chr9	60889191	60889399	209	10	0	209	106	103	5	5	9	9	7	11	12	6	12	6	9	4	4	2	3	1	9	7	2	5	12	4	2	8	9	3	0	10	7	12	2	10
chr9	60889400	60889473	74	8	0	74	43	31	7	1	1	4	4	1	2	5	1	0	5	5	2	3	1	0	0	2	0	3	6	0	1	1	1	3	0	2	5	3	0	3
chr9	60889474	60889670	197	10	0	197	123	74	11	5	7	15	11	9	7	10	6	3	6	5	10	6	5	6	12	0	2	9	6	1	0	2	10	4	0	7	9	4	0	7
chr9	60889671	60889764	94	8	0	94	54	40	6	3	7	2	5	4	4	0	4	0	5	5	3	1	1	3	2	1	1	4	2	0	1	2	1	2	1	8	8	2	0	4
chr9	60889765	60889801	37	10	0	37	25	12	4	1	2	4	1	0	2	0	1	0	1	1	5	1	1	1	0	0	0	2	1	0	0	0	0	1	0	3	1	1	0	1
chr9	60889802	60889814	13	8	0	13	10	3	3	0	0	1	0	0	1	0	1	0	0	1	0	0	0	2	0	0	0	0	0	0	0	0	0	0	0	0	0	0	0	2
chr9	60889815	60889880	66	10	0	66	46	20	4	2	2	4	3	3	0	4	2	0	2	4	3	2	3	6	5	0	0	2	1	0	0	0	3	0	0	1	3	1	0	4
chr9	60889881	60889961	81	8	0	81	51	30	7	2	2	6	4	2	2	4	2	4	1	0	4	0	1	9	5	1	1	1	3	5	0	1	2	2	1	1	2	1	0	3
chr9	60889962	60890034	73	10	0	73	28	45	0	1	2	1	3	4	6	0	1	1	5	3	0	0	0	0	1	1	2	3	5	1	1	3	5	5	3	4	2	3	2	3
chr9	60890035	60890242	208	8	0	208	107	101	12	4	1	8	5	5	15	9	3	3	14	7	6	5	5	4	7	6	0	4	9	3	0	16	8	11	1	8	9	8	3	7
chr9	60890243	60890413	171	10	0	171	106	65	12	7	4	9	7	4	7	5	4	4	6	4	8	5	5	14	9	5	2	4	1	3	1	7	7	0	1	6	6	5	2	5
chr9	60890414	60890456	43	8	0	43	23	20	2	1	2	0	0	3	0	3	2	1	5	0	1	0	1	0	2	0	1	2	0	0	1	2	1	1	0	2	3	2	0	3
chr9	60890457	60890542	86	10	0	86	42	44	9	2	4	0	0	3	6	2	6	3	4	0	0	1	1	0	3	2	1	3	2	6	1	4	2	4	0	2	4	2	0	7
chr9	60890543	60890590	48	8	0	48	21	27	0	1	2	0	1	2	7	0	1	0	2	2	1	1	0	0	3	0	0	2	4	0	0	2	2	3	0	5	1	2	0	2
chr9	60890591	60890909	319	10	0	319	185	134	18	5	14	11	8	14	9	18	9	5	11	8	13	13	12	16	15	7	2	13	11	11	2	11	16	5	0	7	7	12	0	14
chr9	60890910	60890979	70	8	0	70	44	26	5	0	0	5	3	1	1	8	2	0	2	6	0	2	1	7	1	2	0	0	6	1	0	0	3	0	0	1	3	5	0	3
chr9	60890980	60891094	115	10	0	115	73	42	3	3	5	6	4	6	7	4	5	3	0	3	5	4	4	11	11	2	0	3	2	1	0	2	3	1	0	4	5	1	0	5
chr9	60891095	60891388	294	8	0	294	191	103	29	6	18	16	11	10	5	7	10	7	8	9	20	8	8	18	10	9	1	11	9	5	0	11	3	2	1	6	10	9	4	11
chr9	60891390	60891495	106	8	0	106	52	54	19	0	2	2	3	7	4	0	2	0	8	4	0	0	0	0	2	1	0	4	4	4	5	3	4	6	2	4	4	6	1	3
chr9	60891496	60891548	53	10	0	53	20	33	1	0	1	0	0	0	4	1	2	1	4	0	0	2	2	0	1	0	0	2	3	3	2	3	0	5	3	4	1	3	1	2
chr9	60891549	60891978	430	8	0	430	271	159	46	11	10	27	15	13	14	14	9	9	13	13	24	14	18	20	19	11	3	13	13	7	2	15	9	7	2	12	15	12	3	15
chr9	60891979	60891998	20	10	0	20	11	9	0	0	0	0	0	1	2	2	0	1	0	2	0	1	1	0	1	1	0	2	1	0	0	0	0	0	0	0	2	0	0	1
chr9	60891999	60892079	81	8	0	81	62	19	7	2	2	13	2	0	0	6	4	0	1	4	10	3	4	3	2	1	0	2	2	0	0	0	1	1	0	0	3	1	0	5
chr9	60892080	60892100	21	10	0	21	16	5	3	1	1	1	3	0	0	0	0	1	1	1	1	0	0	1	0	0	0	2	0	0	0	0	0	0	0	0	3	0	0	0
chr9	60892101	60892159	59	8	0	59	45	14	5	1	2	4	3	2	0	5	0	1	1	2	5	2	0	11	5	0	0	1	1	0	0	0	2	0	0	0	1	1	0	2
chr9	60892160	60892442	283	8	0	283	189	94	20	11	17	17	11	11	5	14	16	3	5	5	18	5	7	22	15	3	0	12	6	4	0	7	9	3	2	4	11	7	0	11
chr9	60892443	60892459	17	10	0	17	11	6	6	0	0	0	0	0	1	0	1	1	1	0	0	0	0	0	0	0	1	0	0	0	1	0	0	0	0	0	1	0	0	2
chr9	60892460	60892626	167	8	0	167	75	92	10	2	2	4	2	7	10	3	2	2	11	2	4	4	5	3	2	4	2	7	9	7	5	8	8	10	4	8	3	8	1	6
chr9	60892627	60892689	63	10	0	63	27	36	1	2	0	0	0	3	3	3	1	2	4	5	1	0	1	0	1	5	1	0	4	3	1	4	1	2	0	1	4	2	3	3
chr9	60892690	60892802	113	8	0	113	64	49	3	3	2	3	5	8	2	7	1	0	2	3	2	4	2	16	9	1	3	2	5	3	2	2	6	6	1	2	2	2	0	2
chr9	60892803	60893131	329	8	0	329	198	131	18	10	9	16	8	14	11	21	11	2	13	7	16	13	9	18	22	4	1	13	7	13	1	10	12	5	1	8	13	9	1	11
chr9	60893134	60893306	173	8	0	173	121	52	32	3	10	6	4	4	4	4	6	5	3	2	9	5	6	16	7	2	3	5	3	0	1	3	2	3	1	6	4	2	1	9
chr9	60893312	60893598	287	8	0	287	126	161	16	3	6	4	6	16	17	4	3	6	16	7	4	6	8	3	6	9	7	9	16	11	6	15	13	17	5	15	8	11	4	8
chr9	60893599	60893613	15	10	0	15	5	10	0	1	0	0	1	1	0	1	0	0	0	0	0	0	0	0	1	1	0	0	1	1	2	0	1	2	0	0	0	0	0	0
chr9	60893614	60893938	325	8	0	325	209	116	24	12	15	20	19	10	13	12	15	5	9	11	13	7	5	19	18	6	1	9	11	1	0	6	10	1	0	11	15	10	1	14
chr9	60893939	60894132	194	9	0	194	120	74	9	6	1	13	5	5	9	9	8	1	7	8	6	8	10	14	3	5	1	11	6	2	1	2	11	1	2	4	8	4	2	10
chr9	60894133	60894172	40	10	0	40	26	14	4	3	0	3	2	1	0	2	2	0	2	0	1	2	2	1	3	2	0	0	1	1	0	2	0	0	0	0	1	1	0	2
chr9	60894173	60894330	158	9	0	158	85	73	7	5	4	4	4	6	11	6	6	5	1	4	3	7	8	4	9	4	2	8	6	5	0	6	4	5	0	6	8	4	0	4
chr9	60894331	60894395	65	10	0	65	43	22	10	3	3	4	5	3	0	1	4	1	0	1	1	2	0	4	3	2	2	1	3	0	1	1	1	1	0	0	2	2	1	1
chr9	60894396	60894679	284	9	0	284	196	88	35	11	12	21	13	6	6	12	13	2	6	8	18	7	6	19	13	6	0	7	5	3	1	8	8	2	1	5	12	6	0	10
chr9	60894680	60894709	30	10	0	30	19	11	3	0	2	0	0	0	0	3	1	0	0	2	2	1	0	3	1	0	0	0	3	2	0	0	0	2	0	0	0	1	0	2
chr9	60894710	60894904	195	9	0	195	83	112	9	1	3	5	4	8	10	2	2	5	11	6	3	6	6	1	5	8	2	5	10	7	7	11	4	13	8	7	6	8	3	7
chr9	60894905	60895009	105	10	0	105	51	54	9	2	2	3	3	3	5	4	2	2	10	2	2	0	0	1	2	1	0	4	6	2	2	2	5	4	4	5	2	6	2	6
chr9	60895010	60895287	278	9	0	278	188	90	33	15	10	16	12	6	10	6	13	3	6	9	17	6	6	19	14	3	1	12	7	5	3	4	5	0	0	5	8	11	0	11
chr9	60895288	60895335	48	10	0	48	22	26	1	1	3	1	1	3	3	1	3	3	1	0	0	0	0	0	1	4	1	1	3	2	0	2	2	0	0	2	2	2	1	2
chr9	60895336	60895759	424	9	0	424	224	200	28	14	17	16	15	20	23	6	20	6	13	10	12	6	10	8	13	17	2	14	23	13	3	20	15	12	4	13	13	18	3	15
chr9	60895760	60895780	21	10	0	21	14	7	0	0	1	1	1	0	0	2	0	3	0	0	1	0	2	3	1	0	0	1	0	0	0	0	0	0	0	0	1	0	0	2
chr9	60895781	60895905	125	9	0	125	83	42	19	2	10	6	4	3	0	5	9	2	1	2	5	3	6	4	3	3	0	4	5	5	0	2	2	1	0	3	2	3	0	9
chr9	60895906	60895931	26	10	0	26	19	7	4	0	0	2	0	0	1	1	1	0	0	2	2	0	3	1	0	0	0	0	0	0	0	1	2	0	0	0	0	1	0	3
chr9	60895932	60898488	2557	9	0	2557	1542	1015	240	61	78	166	92	69	92	94	81	55	96	70	132	42	69	103	81	51	14	81	81	51	32	76	79	74	27	66	106	64	19	113
chr9	60898489	60898534	46	10	0	46	18	28	0	0	1	0	1	3	4	1	0	2	4	1	0	0	0	0	2	0	0	3	4	1	0	1	4	3	1	2	0	2	1	3
chr9	60898535	60898882	348	9	0	348	250	98	57	17	15	29	13	8	7	15	19	2	4	7	28	8	7	13	16	6	2	10	9	5	0	5	5	2	0	5	13	6	0	13
chr9	60898883	60899043	161	9	0	161	119	42	28	6	8	11	7	1	3	3	6	3	2	3	13	4	5	14	5	4	0	5	2	1	0	7	2	1	0	1	5	4	0	5
chr9	60899044	60899065	22	10	0	22	14	8	1	1	0	1	0	0	0	0	1	0	2	0	0	1	2	3	0	1	1	0	0	0	1	0	0	0	0	2	1	0	0	2
chr9	60899066	60900391	1326	9	0	1326	900	426	154	29	66	113	59	31	32	58	63	20	20	43	87	28	25	70	51	17	5	36	34	14	3	34	40	18	3	25	55	36	7	48
chr9	60900392	60900471	80	10	0	80	48	32	2	3	2	5	2	6	1	3	5	0	3	2	3	4	3	4	3	5	1	3	5	1	1	1	0	0	0	0	3	2	0	5
chr9	60900472	60900535	64	9	0	64	44	20	11	5	2	3	2	1	1	3	4	0	1	0	4	1	1	4	3	2	0	2	0	3	1	0	1	0	0	1	3	0	1	2
chr9	60900536	60900597	62	10	0	62	32	30	3	2	5	0	3	2	3	0	2	2	4	0	2	1	3	0	3	2	1	1	2	0	0	3	3	1	0	4	0	1	1	6
chr9	60900598	60900689	92	9	0	92	69	23	7	3	2	11	5	3	2	5	2	1	2	5	9	1	0	10	5	2	0	1	2	0	0	0	1	0	0	1	6	0	0	4
chr9	60900690	60900738	49	10	0	49	38	11	11	2	1	5	3	0	1	0	3	0	0	4	2	1	2	3	1	0	0	0	1	0	0	0	0	0	0	0	2	1	0	4
chr9	60900739	60900813	75	9	0	75	56	19	14	2	3	5	1	1	2	4	5	1	1	2	4	4	1	5	3	1	0	3	0	0	0	2	0	0	0	0	5	1	0	3
chr9	60900814	60900883	70	10	0	70	54	16	11	2	3	8	4	1	1	3	1	2	0	2	9	2	0	3	4	2	0	1	1	0	0	2	0	0	0	0	4	1	0	1
chr9	60900884	60900926	43	9	0	43	34	9	9	1	0	5	1	2	0	0	1	0	1	1	4	1	2	4	2	1	0	2	0	0	0	1	0	0	0	0	1	0	2	0
chr9	60900927	60900989	63	10	0	63	47	16	12	1	2	8	4	0	1	1	4	1	1	1	2	0	3	4	0	1	0	1	1	0	0	2	1	0	0	3	4	2	0	1
chr9	60900990	60901153	164	9	0	164	92	72	10	1	6	7	2	5	8	8	8	2	6	5	3	5	6	8	8	3	0	2	8	3	0	9	4	8	2	4	4	6	0	11
chr9	60901154	60901220	67	10	0	67	27	40	1	2	1	0	1	3	6	1	2	1	4	3	0	0	0	0	0	5	0	1	5	5	0	6	2	2	0	4	4	4	0	2
chr9	60901221	60901273	53	9	0	53	30	23	8	1	0	3	2	3	1	3	2	0	0	0	0	1	3	2	3	2	0	1	4	1	0	1	2	3	1	2	0	1	1	0
chr9	60901274	60901319	46	10	0	46	19	27	0	1	1	1	2	1	1	2	0	0	6	1	1	1	0	0	1	2	0	0	1	3	2	4	1	2	0	3	3	3	0	1
chr9	60901320	60901477	158	9	0	158	81	77	13	4	7	3	8	6	10	1	3	6	11	1	3	1	3	1	5	6	0	6	8	5	0	6	6	4	0	8	6	5	0	10
chr9	60901478	60901512	35	10	0	35	21	14	1	3	2	1	0	1	1	0	3	0	0	1	3	2	3	0	0	2	0	3	0	1	0	2	0	0	0	0	2	1	0	1
chr9	60901513	60901671	159	9	0	159	109	50	19	7	8	8	10	3	4	5	4	4	3	4	9	4	5	11	8	1	0	9	3	0	0	4	6	2	0	1	5	4	0	6
chr9	60901672	60902019	348	10	0	348	229	119	27	9	16	17	14	15	9	17	13	4	9	13	15	15	10	24	18	6	0	19	8	5	0	6	9	3	0	6	21	5	0	13
chr9	60902020	60902149	130	9	0	130	87	43	15	4	3	8	2	4	4	9	3	1	3	4	11	5	1	9	8	2	1	3	6	0	0	4	3	3	0	2	2	5	1	2
chr9	60902150	60902379	230	9	0	230	153	77	18	7	4	12	6	13	9	12	5	3	6	9	12	12	3	21	24	3	0	8	9	2	0	3	1	1	0	2	6	8	0	9
chr9	60902380	60902435	56	10	0	56	35	21	2	3	2	4	4	1	1	3	2	0	0	2	3	3	2	1	3	2	0	2	3	2	0	1	1	1	0	2	2	1	0	1
chr9	60902436	60902723	288	9	0	288	174	114	17	8	7	16	12	5	8	19	8	4	9	15	11	7	8	20	12	6	1	4	10	9	0	10	10	3	3	8	12	11	3	10
chr9	60902724	60902880	157	10	0	157	89	68	14	3	10	5	5	6	6	4	5	1	3	4	8	5	2	7	8	2	0	4	6	6	1	9	4	8	0	6	3	6	1	3
chr9	60902881	60902991	111	9	0	111	70	41	10	3	4	5	3	3	7	7	3	2	2	3	6	6	1	5	5	4	0	5	5	0	0	2	5	1	0	2	4	2	0	4
chr9	60902992	60903049	58	10	0	58	32	26	4	4	2	1	2	3	3	1	3	0	0	1	3	2	0	1	2	3	0	4	5	3	1	0	2	0	0	2	0	3	1	0
chr9	60903050	60903234	185	9	0	185	108	77	16	10	5	8	12	2	9	6	9	6	8	4	2	0	6	4	7	3	0	8	7	5	0	8	2	3	0	5	12	9	0	7
chr9	60903235	60903285	51	10	0	51	29	22	6	1	2	2	3	0	3	2	0	1	2	1	1	0	2	1	1	0	0	1	1	1	0	2	6	2	0	4	0	1	0	3
chr9	60903286	60904118	833	9	0	833	433	400	58	19	35	30	34	28	49	31	37	18	24	16	13	13	19	9	30	26	1	21	43	36	4	39	41	28	0	34	28	33	1	33
chr9	60904119	60904195	77	10	0	77	32	45	1	0	4	0	3	5	4	5	0	2	3	1	1	0	0	2	3	3	0	1	7	5	0	5	5	5	0	4	1	4	0	1
chr9	60904196	60904574	379	9	0	379	218	161	27	13	19	17	21	4	15	15	13	13	13	7	15	8	6	11	16	5	0	17	18	14	1	15	6	11	0	11	16	19	1	10
chr9	60904575	60904667	93	10	0	93	50	43	1	4	2	7	5	3	3	6	7	2	2	1	1	2	1	2	6	2	0	3	7	8	0	2	1	1	0	0	3	6	0	3
chr9	60904668	60905525	858	9	0	858	504	354	70	15	34	41	36	26	38	27	22	22	32	32	32	24	16	36	34	24	7	22	41	14	4	29	17	21	5	27	36	28	2	42
chr9	60905526	60905588	63	10	0	63	38	25	4	4	2	2	1	3	3	4	5	0	1	3	2	0	0	3	2	2	0	2	4	2	0	1	2	0	0	0	3	3	0	3
chr9	60905589	60908858	3270	9	0	3270	2123	1147	352	103	133	195	145	82	90	113	121	61	81	95	166	91	95	198	155	53	16	113	86	55	28	69	64	62	24	64	125	68	12	153
chr9	60908859	60911423	2565	9	0	2565	1581	984	216	80	126	139	116	63	90	107	110	39	78	75	118	60	67	95	108	56	5	73	78	39	8	88	81	55	13	77	109	63	8	123
chr9	60911424	60911436	13	10	0	13	8	5	1	0	0	1	0	2	0	0	1	0	0	0	0	0	0	1	1	1	0	0	2	0	0	0	0	0	0	0	0	1	0	0
chr9	60911437	60912903	1467	9	0	1467	822	645	88	43	55	70	66	54	70	52	50	29	52	31	52	33	36	41	54	42	3	60	69	54	4	46	61	38	3	47	58	39	6	59
chr9	60912904	60912942	39	10	0	39	20	19	1	1	1	0	0	1	4	0	1	0	3	0	1	4	1	0	1	1	1	3	2	0	0	1	1	1	1	3	1	1	0	2
chr9	60912943	60914220	1278	9	0	1278	727	551	92	32	42	61	43	46	52	52	49	19	31	38	43	33	33	61	50	39	4	37	69	58	9	40	42	24	4	36	32	55	5	45
chr9	60914221	60914255	35	10	0	35	10	25	0	0	0	0	0	0	2	0	0	1	6	0	0	0	0	0	0	0	0	1	0	9	0	5	1	1	0	0	1	4	0	2
chr9	60914256	60915187	932	9	0	932	407	525	25	18	34	14	21	37	59	20	33	20	50	26	12	12	14	12	22	32	6	27	56	80	5	65	25	41	10	26	34	53	3	38
chr9	60915194	60915253	60	9	0	60	41	19	8	1	0	4	1	17	0	0	0	0	0	0	3	1	0	4	19	0	0	0	0	0	0	0	0	0	0	0	0	0	0	0
chr9	60915260	60915905	646	9	0	646	321	325	40	11	19	18	17	24	35	17	14	17	42	14	17	8	13	14	18	18	8	16	28	22	10	29	24	25	12	27	23	24	4	36
chr9	60915906	60915931	26	10	0	26	15	11	1	1	0	2	1	0	1	1	0	1	1	3	2	0	0	0	1	1	0	0	0	1	1	0	0	0	0	0	2	1	1	2
chr9	60915932	60916279	348	9	0	348	141	207	7	7	13	6	6	16	23	8	18	11	15	4	2	1	3	0	12	11	2	10	18	38	6	23	8	15	4	11	15	22	0	11
chr9	60916280	60916342	63	10	0	63	28	35	1	1	2	1	2	3	2	5	0	4	1	1	2	0	1	1	4	3	2	0	5	5	1	2	2	2	0	2	1	3	1	1
chr9	60916343	60916610	268	9	0	268	103	165	4	4	6	3	1	9	24	4	9	9	17	3	3	2	5	0	4	11	2	7	17	23	3	26	9	14	0	9	8	19	1	10
chr9	60916611	60916657	47	10	0	47	20	27	2	1	0	1	0	0	3	1	1	1	4	1	1	2	1	0	1	2	0	1	2	6	0	4	1	1	1	1	0	3	1	2
chr9	60916658	60917384	727	9	0	727	287	440	14	8	21	5	14	44	44	18	15	18	53	19	5	0	5	2	15	33	4	18	51	48	16	50	26	40	5	29	29	44	5	27
chr9	60917385	60917436	52	10	0	52	26	26	3	1	1	1	1	0	6	3	2	1	2	2	0	1	1	0	2	1	0	0	4	0	0	1	1	3	0	6	3	1	0	3
chr9	60917437	60918510	1074	9	0	1074	530	544	55	28	43	32	40	30	64	28	48	32	42	31	15	10	20	11	36	27	5	32	60	57	11	55	31	39	4	32	35	60	9	50
chr9	60918511	60918558	48	10	0	48	24	24	2	2	4	0	0	2	2	1	5	1	2	0	0	0	0	1	0	2	1	2	2	4	1	2	0	0	0	2	3	3	0	2
chr9	60918559	60919940	1382	9	0	1382	649	733	48	37	69	20	55	52	77	51	56	30	70	30	15	13	17	9	54	36	10	32	77	61	8	79	50	63	7	68	54	67	11	54
chr9	60919941	60919964	24	10	0	24	15	9	4	1	2	0	3	0	0	1	1	0	1	1	0	0	0	0	1	0	0	0	1	0	0	1	1	0	0	1	1	1	0	1
chr9	60919965	60920034	70	9	0	70	43	27	17	1	3	1	3	3	6	0	3	1	2	1	0	0	0	0	1	1	0	4	4	0	0	0	3	2	0	5	4	1	0	2
chr9	60920035	60920048	14	10	0	14	10	4	4	1	0	0	0	1	1	0	0	0	0	2	0	0	0	0	1	0	0	0	0	0	0	0	0	0	0	0	1	0	0	1
chr9	60920049	60921756	1708	9	0	1708	850	858	77	40	66	38	51	76	94	65	69	48	76	32	24	29	34	31	76	50	12	54	81	89	15	71	61	59	9	55	68	58	8	90
chr9	60921757	60921786	30	10	0	30	21	9	0	1	2	3	2	1	0	1	1	0	0	2	3	0	1	4	1	0	0	0	0	0	0	0	2	0	0	2	1	0	0	1
chr9	60921787	60924121	2335	9	0	2335	1019	1316	61	35	50	32	47	118	166	67	58	75	182	34	13	20	30	29	100	70	17	61	125	118	27	148	86	116	16	82	87	114	12	137
chr9	60924122	60924169	48	10	0	48	23	25	1	0	2	1	0	2	3	3	2	1	3	2	1	0	1	0	2	1	0	0	4	1	0	3	0	3	0	1	2	2	0	5
chr9	60924170	60924195	26	10	0	26	11	15	0	1	0	0	1	2	3	0	0	1	1	0	0	0	0	0	3	1	0	0	1	0	0	2	2	2	0	2	2	0	0	0
chr9	60924196	60924336	141	9	0	141	66	75	4	4	3	1	3	9	13	2	4	3	4	5	1	2	1	6	6	4	0	7	6	8	3	5	9	2	1	6	6	8	0	3
chr9	60924337	60925915	1579	9	0	1579	1014	565	159	42	58	109	63	35	53	65	60	30	43	43	86	32	43	91	61	24	8	46	47	27	5	45	46	30	7	43	62	43	8	63
chr9	60925916	60925933	18	9	0	18	17	1	15	1	0	0	0	0	0	0	0	0	0	0	0	0	0	0	0	0	0	0	0	0	0	0	0	0	0	0	0	0	0	0
chr9	60925934	60926071	138	10	0	138	56	82	0	3	3	1	4	7	14	0	3	4	10	2	0	1	2	1	4	4	2	5	8	3	1	8	7	8	3	10	7	5	0	6
chr9	60926072	60926093	22	10	0	22	16	6	5	0	0	2	1	0	1	1	0	1	0	0	1	1	1	0	1	0	0	1	1	0	0	0	0	1	0	1	1	0	0	0
chr9	60926094	60926376	283	9	0	283	177	106	38	12	9	12	10	8	10	5	8	5	9	9	15	5	8	12	8	5	2	15	9	6	4	6	3	8	5	4	13	6	1	11
chr9	60926377	60926411	35	10	0	35	22	13	5	1	0	3	1	1	2	0	2	0	2	1	0	0	2	0	1	0	0	1	2	0	0	0	1	2	0	1	1	0	0	4
chr9	60926412	60927932	1521	9	0	1521	865	656	96	41	40	89	61	55	63	53	48	30	53	49	61	26	35	63	66	32	23	32	54	39	19	49	54	50	15	43	58	40	15	67
chr9	60927936	60930188	2253	10	0	2253	1277	976	190	72	93	90	81	69	117	56	104	45	101	53	69	39	47	49	79	49	25	72	92	59	15	79	55	66	5	76	97	71	5	131
chr9	60930189	60930265	77	10	0	77	34	43	1	1	4	0	2	1	6	2	3	5	8	0	0	0	0	0	4	0	2	1	2	1	2	2	4	3	0	5	2	4	0	10
chr9	60930266	60931054	789	10	0	789	461	328	64	23	34	36	28	31	34	26	27	22	18	17	37	17	23	23	39	17	5	32	29	24	6	27	24	17	0	23	26	28	3	27
chr9	60931055	60931075	21	10	0	21	16	5	6	0	4	0	1	0	0	0	4	0	0	0	0	0	0	0	0	0	0	0	0	0	0	0	0	0	0	0	0	0	0	4
chr9	60931076	60931545	470	10	0	470	275	195	29	14	11	22	14	21	13	33	18	8	17	10	16	12	11	25	27	13	1	14	20	20	1	16	16	6	1	7	18	18	1	15
chr9	60931547	60932133	587	10	0	587	305	282	23	12	26	25	29	25	23	20	18	19	22	9	17	14	11	10	28	26	1	15	32	20	6	30	13	24	4	15	24	18	3	23
chr9	60932135	60932494	360	10	0	360	227	133	42	11	19	18	11	7	18	13	16	7	10	10	20	7	5	11	11	5	0	16	9	6	1	12	12	8	2	8	17	9	1	16
chr9	60932495	60932505	11	10	0	11	8	3	0	1	0	0	0	0	0	2	0	0	0	1	0	0	0	2	1	0	0	0	1	0	0	0	0	0	0	0	0	1	0	0
chr9	60932506	60933105	600	10	0	600	430	170	77	16	33	35	33	17	8	24	28	12	13	14	22	11	11	74	21	6	0	29	12	1	1	7	15	3	0	8	34	11	1	21
chr9	60933106	60933501	396	10	0	396	259	137	40	14	18	21	17	11	15	20	22	8	11	9	13	9	6	24	22	5	1	14	8	3	1	7	11	4	1	9	22	7	1	20
chr9	60933502	60933533	32	10	0	32	20	12	1	0	2	2	1	0	0	0	3	0	3	2	0	1	1	2	0	0	0	1	0	2	0	1	0	0	0	0	1	1	0	6
chr9	60933534	60935895	2362	10	0	2362	1480	882	186	65	100	141	96	58	67	113	109	45	77	69	101	54	62	135	106	40	9	67	81	40	9	78	49	45	6	52	98	83	10	109
chr9	60935896	60935924	29	10	0	29	14	15	4	0	0	2	0	2	2	0	0	0	0	0	1	0	1	0	0	1	1	0	3	0	0	2	2	4	1	1	0	0	0	0
chr9	60935925	60936050	126	10	0	126	60	66	1	2	6	5	8	3	8	2	3	2	10	4	2	2	1	1	3	2	0	4	7	3	0	7	7	6	1	6	4	5	1	8
chr9	60936051	60936316	266	10	0	266	193	73	42	5	11	22	12	4	4	15	13	2	3	7	12	12	7	20	11	4	0	8	8	3	0	2	5	2	0	5	11	4	0	10
chr9	60936317	60936364	48	10	0	48	35	13	4	2	3	2	4	1	0	1	2	0	0	3	1	3	2	6	2	0	0	4	0	0	0	0	0	0	0	0	4	1	0	1
chr9	60936365	60936626	262	10	0	262	182	80	33	9	10	18	11	6	6	10	16	2	3	6	10	8	9	23	10	5	0	10	8	4	0	6	4	2	0	4	11	7	0	9
chr9	60936627	60936676	50	10	0	50	33	17	3	1	0	6	4	3	1	2	1	1	0	1	2	4	1	3	6	2	0	1	2	0	0	0	1	1	0	0	1	0	0	1
chr9	60936677	60936788	112	10	0	112	90	22	9	2	3	10	3	5	1	4	0	3	2	2	12	4	1	28	9	1	0	3	1	0	0	0	0	0	0	0	3	0	0	4
chr9	60936789	60936838	50	10	0	50	34	16	13	0	1	2	1	1	0	2	1	1	8	0	0	2	0	0	2	0	0	2	1	0	0	0	0	0	0	0	1	1	2	7
chr9	60936839	60936886	48	10	0	48	17	31	1	0	0	0	1	2	4	0	0	3	5	0	0	0	0	0	1	0	1	3	3	1	1	1	2	3	4	2	1	2	2	3
chr9	60936887	60937109	223	10	0	223	105	118	10	5	4	5	5	10	15	6	4	3	12	10	5	5	5	1	6	8	3	6	13	8	0	12	5	10	5	12	12	8	2	6
chr9	60937110	60937139	30	10	0	30	14	16	0	0	2	1	1	3	1	0	2	0	1	0	0	1	0	1	3	0	0	1	0	1	2	1	0	2	0	1	2	1	0	1
chr9	60937140	60937424	285	10	0	285	196	89	31	6	18	20	14	8	7	14	15	3	7	13	16	4	3	15	11	1	1	8	4	0	0	4	13	4	0	5	15	3	1	19
chr9	60937425	60937458	34	10	0	34	20	14	0	1	0	0	0	1	0	3	1	1	0	1	0	3	5	4	1	1	0	2	1	1	0	1	1	0	0	1	1	1	0	1
chr9	60937459	60938046	588	10	0	588	379	209	57	12	22	46	17	20	16	29	30	9	12	18	33	13	13	31	31	10	0	13	18	16	4	16	10	8	1	12	24	20	3	22
chr9	60938047	60938085	39	10	0	39	14	25	1	0	1	1	1	3	2	0	0	0	2	1	1	1	0	0	2	1	0	1	2	5	1	2	1	3	0	2	1	2	0	0
chr9	60938086	60938136	51	10	0	51	23	28	0	1	1	1	1	2	2	4	1	2	2	3	1	0	1	0	2	1	1	1	3	1	1	3	1	3	1	1	3	2	1	2
chr9	60938146	60938330	185	10	0	185	92	93	17	1	3	4	4	12	11	1	2	6	12	2	3	5	7	1	5	7	2	9	11	5	2	7	6	7	1	8	6	6	1	9
chr9	60938333	60938948	616	10	0	616	362	254	47	20	21	27	19	20	28	30	24	11	24	17	25	12	17	18	27	15	0	21	29	9	3	20	20	12	1	21	21	25	2	28
chr9	60938955	60942691	3737	10	0	3737	2282	1455	299	100	149	209	145	108	145	137	137	69	128	102	176	86	96	196	140	75	18	129	133	72	15	122	106	92	10	106	156	103	15	161
chr9	60942692	60944033	1342	10	0	1342	899	443	146	45	65	98	57	33	45	44	76	20	25	31	74	34	36	68	59	30	0	43	39	13	3	34	32	16	0	22	49	30	1	72
chr9	60944036	60952227	8192	10	0	8192	4883	3309	663	242	331	381	314	267	332	270	312	155	291	228	327	186	212	371	331	171	47	301	274	173	46	257	233	185	63	241	345	220	54	367
chr9	60952228	60952408	181	9	0	181	96	85	11	5	5	8	5	7	11	3	2	5	7	3	10	3	1	8	5	8	1	6	14	4	2	8	2	11	1	6	5	5	2	5
chr9	60952409	60952431	23	9	0	23	10	13	0	0	0	0	0	4	1	0	0	0	2	2	0	0	0	0	1	1	0	2	1	0	1	0	2	0	0	0	1	0	1	2
chr9	60952432	60953362	931	9	0	931	495	436	64	24	33	38	33	30	39	23	22	22	39	28	40	19	22	19	35	23	9	28	36	27	21	32	21	41	21	29	33	26	9	43
chr9	60953363	60954176	814	9	0	814	399	415	67	18	18	32	27	27	44	7	25	17	38	24	17	14	16	7	28	12	11	25	32	35	21	32	16	46	26	26	29	28	14	33
chr9	60954177	60954188	12	9	0	12	12	0	10	0	0	0	0	0	0	0	0	0	0	0	0	0	0	0	0	0	0	0	0	0	0	0	0	0	0	0	0	0	0	0
chr9	60954189	60955251	1063	9	0	1063	692	371	107	36	32	72	39	28	41	34	41	17	39	24	62	26	28	64	45	18	4	40	31	11	4	29	21	23	3	21	45	23	3	50
chr9	60955253	60956062	810	9	0	810	403	407	54	21	24	24	35	30	37	22	19	19	38	21	16	15	20	7	28	25	14	18	40	23	14	35	26	36	17	33	30	27	7	33
chr9	60956063	60956098	36	9	0	36	24	12	12	0	0	0	1	0	2	1	0	3	3	1	0	0	0	0	2	0	0	1	1	0	0	0	0	0	0	0	1	1	1	4
chr9	60956099	60958745	2647	9	0	2647	1600	1047	193	76	109	133	96	85	105	97	119	50	109	66	103	66	59	132	118	62	7	90	85	64	7	94	68	46	6	56	112	78	12	142
chr9	60958747	60961480	2734	9	0	2734	1704	1030	244	110	106	148	150	63	96	101	108	38	74	81	107	74	71	132	131	74	5	75	97	52	10	84	72	55	8	65	109	62	7	123
chr9	60961481	60961493	13	9	0	13	7	6	1	1	0	0	0	0	2	1	0	0	0	1	0	0	0	0	1	0	0	0	1	0	0	0	1	0	0	1	0	0	0	1
chr9	60961494	60964019	2526	9	0	2526	1414	1112	156	87	115	103	115	89	87	105	85	40	64	57	105	49	79	77	115	60	19	71	106	63	18	101	117	82	24	89	58	83	20	85
chr9	60964020	60964394	375	10	0	375	236	139	32	26	25	15	32	5	8	16	11	3	7	9	22	6	8	10	21	7	3	8	6	3	0	14	27	4	2	13	7	9	1	13
chr9	60964398	60966291	1894	10	0	1894	1097	797	147	69	82	76	94	54	73	74	49	43	78	44	83	33	46	50	80	51	8	60	70	53	3	72	67	45	4	70	79	49	9	77
chr9	60966301	60966768	468	10	0	468	294	174	30	25	22	26	29	14	15	16	11	3	11	10	33	10	19	18	28	8	0	16	11	4	0	16	23	12	0	21	14	7	0	14
chr9	60966769	60966825	57	10	0	57	34	23	5	3	2	1	2	1	3	3	2	0	0	2	2	1	3	4	3	0	0	2	3	1	0	1	1	3	0	3	2	1	0	1
chr9	60966826	60969046	2221	10	0	2221	1337	884	120	113	118	112	133	66	62	76	52	35	49	44	157	50	83	66	132	39	15	77	43	43	10	98	96	63	7	80	66	49	8	57
chr9	60969047	60969071	25	9	0	25	20	5	10	0	4	0	0	0	0	0	5	0	0	0	0	0	0	0	0	0	0	0	0	0	0	0	0	0	0	0	0	0	0	4
chr9	60969072	60969631	560	10	0	560	303	257	35	21	22	18	24	20	23	26	19	5	20	16	19	10	15	8	21	16	3	16	27	15	3	26	24	25	2	19	22	15	4	19
chr9	60969632	60969662	31	9	0	31	20	11	1	0	1	3	2	1	0	1	0	0	0	0	3	1	4	2	1	0	0	1	1	0	0	1	2	2	0	2	0	0	0	0
chr9	60969663	60973270	3608	10	0	3608	2230	1378	278	132	150	215	191	100	92	162	92	69	96	77	214	81	127	152	172	99	5	106	126	74	6	128	122	83	14	109	127	78	7	122
chr9	60973275	60975558	2284	10	0	2284	1415	869	222	49	79	147	77	66	78	85	90	42	70	61	107	59	55	127	94	39	17	66	73	47	25	54	52	59	24	55	87	54	16	106
chr9	60975559	60976176	618	10	0	618	380	238	45	22	33	30	30	16	24	22	32	11	20	17	24	16	13	23	28	13	2	23	22	11	1	16	19	11	0	12	23	15	3	39
chr9	60976183	60978170	1988	10	0	1988	1172	816	167	58	92	101	86	52	81	51	77	48	78	53	88	36	53	49	75	46	11	62	59	52	17	68	56	39	8	67	80	59	10	107
chr9	60978171	60978245	75	9	0	75	37	38	3	2	1	0	0	3	3	3	1	3	4	5	2	3	3	0	3	4	2	2	4	2	2	3	0	1	0	1	3	4	1	5
chr9	60978246	60986873	8628	10	0	8628	5412	3216	721	254	385	535	370	205	316	325	390	165	242	255	414	204	223	407	355	181	31	261	282	160	24	271	222	151	8	217	358	244	33	417
chr9	60986879	60986984	106	10	0	106	66	40	7	9	1	4	6	0	7	5	6	2	4	2	3	4	4	1	4	2	0	9	2	1	0	3	2	0	0	2	9	3	0	2
chr9	60986985	60987035	51	9	0	51	34	17	5	4	3	1	3	1	2	2	4	0	1	2	1	1	0	3	4	1	0	1	1	0	0	0	1	1	0	0	2	0	0	5
chr9	60987036	60990210	3175	10	0	3175	1949	1226	263	106	117	181	156	90	105	147	138	54	78	109	111	71	97	125	150	82	8	81	141	67	4	93	86	60	5	69	121	95	9	154
chr9	60990211	60990241	31	9	0	31	27	4	5	1	1	5	1	0	0	1	2	0	0	0	4	1	0	4	2	0	0	0	0	0	0	0	0	0	0	0	0	0	0	2
chr9	60990242	60993733	3492	10	0	3492	2276	1216	326	94	130	243	149	96	107	162	152	58	102	103	166	106	78	204	163	72	16	103	101	38	13	83	88	44	9	69	161	81	12	161
chr9	60993734	60993774	41	9	0	41	28	13	5	0	2	4	3	0	1	1	1	2	0	0	2	3	0	3	3	1	0	1	2	1	0	1	0	0	0	0	0	1	0	2
chr9	60993775	60996264	2490	10	0	2490	1393	1097	169	58	112	106	80	84	118	70	103	42	113	58	93	47	66	74	81	56	7	87	113	82	8	100	73	75	4	94	85	91	11	128
chr9	60996267	60997616	1350	10	0	1350	750	600	84	43	57	47	52	37	65	38	50	30	76	25	45	28	37	36	44	38	1	54	68	49	2	49	30	29	1	52	50	52	0	79
chr9	60997618	60998326	709	10	0	709	476	233	85	23	34	44	29	19	19	28	30	7	21	19	41	19	16	40	24	17	1	26	21	9	0	16	25	7	0	10	25	13	1	38
chr9	60998331	61003887	5557	10	0	5557	3426	2131	437	185	216	310	220	166	205	245	242	100	168	142	249	143	142	255	249	114	32	199	183	126	14	172	154	94	12	130	250	161	10	230
chr9	61054072	61054679	608	9	0	608	414	194	52	14	24	51	22	8	19	30	28	12	16	18	40	20	17	41	24	10	0	20	20	8	0	8	11	7	1	11	25	11	1	37
chr9	61054710	61054920	211	9	0	211	159	52	36	12	5	23	17	1	4	7	10	0	0	5	12	8	7	11	13	3	0	4	5	1	0	0	6	0	0	4	5	2	0	8
chr9	61054922	61055004	83	9	0	83	66	17	25	2	3	5	2	0	0	4	4	1	2	4	3	0	3	6	2	0	0	1	1	0	0	2	0	0	0	0	3	3	0	5
chr9	61055006	61055267	262	9	0	262	185	77	33	8	8	23	9	1	9	11	14	6	6	8	16	7	13	12	6	2	1	13	3	0	0	6	4	3	0	3	16	4	1	14
chr9	61055270	61057317	2048	9	0	2048	1461	587	245	77	84	172	90	36	47	68	99	27	31	57	144	54	61	169	91	38	2	63	47	20	1	46	28	12	1	23	75	44	4	90
chr9	61057335	61059404	2070	9	0	2070	1438	632	224	88	96	152	111	34	41	77	99	26	44	65	125	53	65	136	88	29	6	78	50	22	3	34	35	20	0	33	90	38	5	101
chr9	61059428	61059731	304	9	0	304	216	88	33	10	13	22	12	5	5	11	13	2	7	10	21	8	13	29	9	5	0	11	6	4	0	7	6	2	0	6	12	6	0	14
chr9	61059777	61060145	369	9	0	369	265	104	40	11	15	27	13	8	11	10	13	6	8	5	26	13	12	45	20	6	0	12	6	3	0	7	8	4	0	6	8	3	0	21
chr9	61060168	61061671	1504	9	0	1504	937	567	114	51	71	76	54	35	62	49	69	17	57	46	76	45	36	77	61	31	5	51	51	29	1	51	30	23	2	43	58	49	0	82
chr9	61061678	61062153	476	9	0	476	315	161	57	17	24	26	15	11	14	16	24	6	17	10	28	17	13	20	24	11	1	14	11	2	0	18	5	7	0	10	16	11	3	26
chr9	61062164	61062723	560	9	0	560	374	186	53	10	23	43	18	19	18	24	20	9	16	22	38	12	16	31	23	8	0	19	19	6	0	9	13	5	0	16	24	15	0	29
chr9	61062758	61063224	467	9	0	467	252	215	36	8	17	17	15	17	25	11	12	11	24	13	15	12	6	11	13	10	3	22	15	16	5	21	17	16	4	13	23	15	6	16
chr9	61063254	61063894	641	9	0	641	385	256	45	18	30	37	27	15	26	20	28	17	22	15	31	12	15	26	24	14	5	19	18	15	3	26	20	13	2	14	26	20	2	34
chr9	61063916	61064743	828	9	0	828	540	288	78	32	28	59	33	26	20	46	42	14	20	14	45	19	17	45	45	18	4	24	24	10	4	27	24	10	1	7	32	27	3	28
chr9	61064783	61065112	330	9	0	330	188	142	18	10	16	16	13	14	8	14	17	4	6	12	12	6	14	8	10	11	2	10	14	11	2	13	7	8	2	11	18	11	0	10
chr9	61065179	61065306	128	9	0	128	89	39	11	5	7	11	5	4	2	2	5	1	3	5	13	2	6	5	5	0	2	5	1	0	0	2	3	0	1	6	5	3	1	5
chr9	61065307	61065703	397	9	0	397	213	184	23	13	15	12	10	14	21	8	14	7	20	13	16	4	7	15	13	9	0	16	15	11	8	13	12	8	7	17	14	20	3	17
chr9	61065746	61066134	389	9	0	389	191	198	18	9	5	11	10	18	28	8	5	7	22	15	11	10	7	6	14	16	3	11	20	8	5	19	11	19	8	14	19	9	4	17
chr9	61066168	61067062	895	9	0	895	527	368	57	32	28	46	36	30	45	27	35	19	34	19	35	24	22	37	39	24	11	31	31	19	4	25	25	12	3	36	43	23	4	37
chr9	61067093	61067360	268	9	0	268	134	134	16	8	6	10	10	11	17	6	7	4	12	4	7	5	6	4	6	11	1	10	15	9	2	14	12	13	2	11	12	8	1	6
chr9	61067405	61067541	137	9	0	137	100	37	21	5	5	12	6	2	0	5	5	0	7	2	11	5	6	7	4	3	0	5	2	2	0	2	1	0	0	3	6	1	0	7
chr9	61067570	61068341	772	9	0	772	438	334	43	23	36	27	24	40	38	25	43	21	26	21	19	15	14	21	49	17	6	27	20	19	5	24	18	4	6	28	41	28	7	35
chr9	61068348	61068505	158	9	0	158	96	62	8	4	14	6	6	7	6	6	10	5	3	4	7	4	1	4	12	2	0	5	4	2	0	6	3	3	0	2	6	5	0	11
chr9	61068546	61068678	133	8	0	133	74	59	7	4	2	7	8	5	11	8	5	4	4	4	0	2	0	2	11	1	0	3	3	1	0	4	9	2	1	6	8	4	1	4
chr9	61068709	61068946	238	8	0	238	159	79	30	9	9	19	12	5	7	14	11	4	4	5	14	5	1	8	12	5	0	6	12	1	0	5	4	6	0	4	11	6	0	7
chr9	61068976	61069866	891	8	0	891	504	387	67	21	25	37	24	37	37	34	29	20	45	22	30	19	25	31	41	19	12	25	31	18	10	29	24	23	7	31	36	28	5	47
chr9	61069915	61070031	117	8	0	117	65	52	7	4	8	3	3	2	6	3	7	3	1	5	5	0	4	3	3	3	0	3	4	9	0	5	3	1	0	4	4	5	0	7
chr9	61070079	61071143	1065	8	0	1065	640	425	81	20	58	51	32	28	49	36	66	24	46	29	30	24	24	40	44	16	0	36	31	24	2	42	22	22	0	20	48	37	2	79
chr9	61071164	61071401	238	8	0	238	148	90	29	4	14	13	2	3	5	8	18	1	17	5	12	2	2	12	4	1	0	4	7	10	0	16	0	2	0	4	7	20	0	14
chr9	61071403	61071610	208	8	0	208	131	77	19	7	9	14	11	2	8	9	12	5	5	7	7	3	4	8	12	2	0	3	7	6	1	5	3	2	0	5	7	9	1	13
chr9	61071623	61072278	656	8	0	656	377	279	42	20	25	35	30	23	26	23	26	12	24	18	24	12	14	22	33	14	4	16	20	19	9	17	24	14	4	24	25	18	5	32
chr9	61072298	61074095	1798	8	0	1798	1113	685	146	52	67	110	63	61	70	68	76	31	41	46	90	55	55	82	80	40	8	71	60	43	12	43	52	37	4	39	70	37	8	79
chr9	61074171	61074821	651	8	0	651	419	232	62	18	15	41	31	19	28	23	12	18	17	8	30	21	11	64	37	13	3	23	22	14	1	15	25	12	2	9	16	13	2	24
chr9	61074866	61075135	270	8	0	270	182	88	19	8	8	22	12	5	7	11	10	3	6	11	16	12	10	20	11	3	0	14	9	7	0	2	6	3	0	3	10	5	2	13
chr9	61075157	61075320	164	8	0	164	124	40	24	6	8	17	2	1	5	4	10	1	0	2	19	3	6	14	4	3	0	4	3	2	0	3	3	1	0	4	3	2	0	8
chr9	61075361	61076187	827	8	0	827	567	260	108	20	39	64	29	14	19	25	43	12	19	17	50	26	38	42	21	12	2	37	22	8	2	21	17	7	0	20	28	26	0	37
chr9	61076188	61076257	70	8	0	70	36	34	8	0	1	1	2	5	4	1	1	3	7	2	0	0	0	0	3	1	0	3	3	1	0	1	3	2	1	2	3	1	3	6
chr9	61076273	61076421	149	8	0	149	77	72	7	3	3	6	3	3	9	6	6	4	6	5	3	5	5	3	3	4	3	5	6	3	1	5	3	4	5	8	8	4	3	5
chr9	61076458	61076975	518	8	0	518	331	187	53	20	14	40	20	13	24	15	16	7	10	16	38	10	15	19	22	9	1	17	15	15	1	13	16	9	4	15	19	11	0	19
chr9	61076986	61077228	243	8	0	243	162	81	26	5	9	21	11	6	8	8	9	8	5	5	14	10	5	10	11	3	1	14	8	4	1	2	6	2	0	2	8	6	4	9
chr9	61077235	61077771	537	8	0	537	400	137	59	17	19	55	23	6	12	23	24	6	6	14	44	16	9	66	22	4	2	17	11	2	1	8	10	4	0	6	21	12	1	15
chr9	61077867	61077936	70	8	0	70	40	30	16	0	2	0	3	4	5	0	0	4	3	2	0	0	0	0	3	2	0	3	4	1	0	1	2	2	1	1	2	1	1	5
chr9	61077953	61078022	70	8	0	70	26	44	0	1	1	1	0	2	5	3	3	1	4	0	0	2	2	0	1	3	0	2	6	3	1	6	2	6	2	3	2	4	1	1
chr9	61078066	61078802	737	8	0	737	507	230	72	20	31	47	26	24	19	24	17	11	13	28	55	21	22	76	36	10	5	25	14	5	4	11	17	11	4	18	25	8	5	31
chr9	61078805	61079075	271	8	0	271	184	87	30	12	12	16	6	3	10	11	10	5	3	6	24	6	5	25	7	2	2	13	8	4	1	6	7	6	1	4	8	7	2	7
chr9	61079084	61079268	185	8	0	185	141	44	27	2	6	26	4	3	3	6	9	3	2	4	21	6	5	14	5	4	0	5	3	4	0	2	1	0	0	0	7	2	0	9
chr9	61079277	61079318	42	8	0	42	25	17	3	2	1	2	4	3	0	1	0	0	1	1	1	3	1	1	6	1	0	1	2	4	0	0	0	0	0	0	0	0	0	2
chr9	61079363	61079472	110	8	0	110	69	41	13	3	6	7	3	1	4	3	4	1	6	0	9	3	2	2	2	2	0	4	2	3	0	6	5	0	0	5	2	6	0	4
chr9	61079499	61079584	86	8	0	86	38	48	0	1	4	0	1	7	7	2	3	5	2	1	1	1	1	1	3	6	1	4	3	2	1	6	5	2	0	3	6	3	0	2
chr9	61079590	61079818	229	8	0	229	129	100	14	10	6	8	8	9	12	4	6	4	9	2	10	11	7	8	9	7	4	14	10	6	1	9	5	8	0	5	9	5	1	6
chr9	61079852	61080703	852	8	0	852	519	333	73	29	30	45	35	19	38	36	30	17	30	25	39	23	16	34	36	17	3	32	32	13	5	23	24	19	5	20	36	24	5	37
chr9	61080772	61081384	613	8	0	613	357	256	58	20	22	32	30	22	29	16	22	10	21	8	22	14	13	17	26	18	4	18	22	9	4	21	25	20	5	22	23	9	5	24
chr9	61081421	61082355	935	8	0	935	620	315	87	30	38	71	32	28	30	41	47	11	24	27	59	23	22	48	40	16	2	34	25	18	2	19	24	7	1	18	42	23	1	43
chr9	61082366	61082503	138	8	0	138	103	35	16	3	5	14	7	3	1	7	5	1	2	7	10	5	4	12	7	1	0	3	2	1	0	1	3	0	0	1	6	2	0	7
chr9	61082511	61082629	119	8	0	119	77	42	11	3	4	8	6	0	4	5	2	4	7	3	7	4	3	4	4	3	0	4	3	0	0	6	2	1	0	1	6	5	0	7
chr9	61082680	61083124	445	8	0	445	267	178	24	14	16	24	15	16	20	20	14	9	13	22	25	6	13	16	14	12	0	19	16	8	0	15	15	8	2	11	26	11	2	17
chr9	61083166	61083571	406	8	0	406	280	126	51	9	22	28	10	8	10	11	17	6	7	15	32	19	13	20	17	6	2	17	10	7	3	5	6	2	1	5	6	10	4	25
chr9	61083743	61083901	159	8	0	159	100	59	16	5	8	5	4	6	7	4	9	2	5	6	5	5	3	9	8	3	0	8	5	3	1	3	1	2	0	3	7	4	1	9
chr9	61083908	61084117	210	8	0	210	140	70	30	8	7	14	10	2	9	7	12	1	3	10	8	5	4	9	8	5	0	3	7	3	0	7	3	4	0	3	10	4	2	10
chr9	61084168	61084438	271	8	0	271	119	152	17	3	2	8	2	12	12	3	5	6	17	8	5	6	8	3	5	8	7	7	10	9	14	14	7	17	8	10	8	13	7	8
chr9	61084443	61084578	136	8	0	136	89	47	25	8	5	6	8	2	2	3	5	4	5	1	7	0	5	2	9	2	0	3	3	2	0	4	1	2	2	3	2	4	2	7
chr9	61084592	61085572	981	8	0	981	658	323	112	32	47	58	36	20	28	41	41	21	27	29	60	22	22	60	38	14	6	37	26	13	1	22	20	9	2	17	41	26	3	48
chr9	61085715	61085881	167	8	0	167	77	90	4	2	13	2	1	4	11	1	11	5	6	3	5	5	4	0	4	7	1	4	6	9	3	12	2	6	4	6	5	7	0	12
chr9	61085931	61086160	230	8	0	230	111	119	19	4	1	8	4	7	9	8	3	4	7	9	6	7	10	3	5	10	3	4	15	12	8	9	1	14	6	9	7	8	1	7
chr9	61086214	61086496	283	8	0	283	177	106	40	5	8	16	4	5	13	6	8	5	18	8	17	7	6	10	8	4	1	8	6	5	2	10	4	6	4	8	10	8	1	20
chr9	61086537	61086736	200	8	0	200	133	67	15	7	11	14	13	1	7	10	8	4	2	7	12	5	2	13	11	3	1	2	4	0	0	7	8	4	0	6	8	4	1	8
chr9	61086772	61086840	69	8	0	69	51	18	9	1	3	4	2	0	2	1	3	0	3	5	4	4	2	6	2	1	0	2	0	0	0	2	0	0	0	0	3	1	0	7
chr9	61086851	61086923	73	8	0	73	41	32	4	1	6	1	3	2	4	2	5	3	3	4	0	0	0	1	1	0	0	5	3	2	0	2	1	2	0	1	7	3	0	5
chr9	61086949	61087022	74	8	0	74	60	14	26	3	2	6	4	0	1	3	4	1	1	1	2	0	0	4	4	0	0	1	2	0	0	0	0	0	0	0	2	2	0	3
chr9	61087194	61087301	108	8	0	108	41	67	2	2	3	1	3	6	5	1	2	2	4	6	1	2	1	0	2	4	2	4	7	6	5	5	2	7	5	2	4	7	1	2
chr9	61087318	61087469	152	8	0	152	99	53	9	8	4	11	4	2	6	8	13	3	5	2	8	4	3	7	6	7	1	3	4	1	2	4	1	0	0	1	9	3	1	10
chr9	61087518	61087580	63	8	0	63	54	9	19	0	4	10	4	0	0	0	3	1	0	2	8	0	0	2	0	0	0	1	0	0	0	0	2	0	0	0	2	0	0	3
chr9	61087595	61088147	553	8	0	553	391	162	52	15	30	47	16	14	11	19	31	5	11	11	45	21	22	39	25	11	0	19	11	2	0	14	10	3	0	9	14	11	0	33
chr9	61088154	61089519	1366	8	0	1366	860	506	111	51	40	82	62	42	39	82	52	24	33	43	59	33	38	68	78	31	1	40	53	29	2	34	40	18	4	23	54	40	5	53
chr9	61089535	61089624	90	8	0	90	58	32	9	3	5	4	4	1	3	2	2	2	3	2	6	3	5	4	3	3	0	3	4	0	0	1	3	1	0	3	0	0	0	9
chr9	61089635	61090179	545	8	0	545	369	176	42	17	21	47	19	15	18	19	31	9	14	15	35	10	18	39	24	9	1	17	11	8	0	11	13	4	1	8	23	9	0	35
chr9	61090207	61090934	728	8	0	728	490	238	75	29	27	56	40	9	27	27	31	8	14	25	41	21	16	44	29	14	0	23	29	10	0	11	18	7	0	17	26	19	0	33
chr9	61090975	61091209	235	8	0	235	176	59	40	7	9	21	7	4	4	12	17	1	3	5	14	8	8	14	10	3	0	7	3	1	0	3	2	0	0	4	12	3	0	11
chr9	61091218	61091381	164	8	0	164	114	50	18	6	11	13	7	0	2	4	13	0	6	3	10	4	9	6	6	1	0	3	1	1	0	6	2	3	0	5	5	3	0	14
chr9	61091388	61091443	56	8	0	56	41	15	10	3	3	2	1	0	3	0	4	2	0	2	3	1	4	2	2	0	0	4	0	0	0	0	0	0	0	0	2	0	0	6
chr9	61091470	61091696	227	8	0	227	173	54	26	4	6	34	11	5	4	7	12	3	3	6	21	10	6	13	10	3	1	8	4	0	0	2	1	0	0	1	12	3	1	8
chr9	61091788	61092024	237	8	0	237	110	127	8	6	5	5	9	16	16	3	4	3	14	9	3	2	4	3	7	9	1	10	16	7	1	14	10	11	1	8	11	10	3	6
chr9	61092030	61092543	514	8	0	514	353	161	61	15	17	47	25	4	16	23	26	12	8	10	28	12	12	36	26	7	0	10	13	6	2	14	10	8	1	7	18	14	1	23
chr9	61092560	61093741	1182	8	0	1182	818	364	138	49	48	95	66	18	26	46	58	14	26	34	68	25	38	67	54	13	4	35	27	11	0	23	29	8	1	26	47	29	3	54
chr9	61093744	61094311	568	8	0	568	377	191	49	21	10	42	27	21	17	31	20	5	13	16	27	18	15	43	34	13	1	17	19	9	1	7	18	6	0	12	25	8	2	19
chr9	61094312	61094426	115	8	0	115	85	30	25	6	3	8	3	1	0	6	7	0	4	0	7	2	5	6	3	2	1	3	3	1	0	2	2	0	0	2	2	3	1	5
chr9	61094427	61094527	101	8	0	101	37	64	0	2	2	2	3	4	5	3	3	3	9	1	0	0	0	0	1	2	3	3	6	3	5	3	6	6	4	5	2	6	2	5
chr9	61094550	61095589	1040	8	0	1040	578	462	78	30	42	46	38	36	38	24	41	18	33	33	39	29	29	23	38	26	8	41	38	40	23	36	20	36	9	21	40	34	6	45
chr9	61095666	61096036	371	8	0	371	194	177	22	7	14	16	14	17	26	8	9	8	11	12	14	5	3	8	11	10	2	14	21	9	2	14	20	15	2	15	13	14	2	11
chr9	61096082	61096646	565	8	0	565	334	231	37	22	31	24	16	12	21	16	31	15	18	9	30	8	17	25	12	14	5	26	15	17	6	25	14	8	5	11	24	24	0	25
chr9	61096694	61096837	144	8	0	144	51	93	4	1	7	0	2	3	6	1	4	2	13	1	2	2	2	0	1	3	2	2	4	11	6	12	3	14	7	8	4	5	3	7
chr9	61096889	61096960	72	8	0	72	17	55	0	1	1	0	0	2	6	0	2	1	2	0	0	2	0	0	2	2	2	0	1	4	7	2	3	6	13	6	1	2	2	0
chr9	61096973	61097082	110	8	0	110	33	77	2	1	1	0	1	8	6	1	1	4	6	1	0	0	0	0	0	6	5	2	5	8	9	4	8	8	6	2	3	4	2	4
chr9	61097113	61098156	1044	8	0	1044	647	397	93	35	45	52	36	28	40	51	41	23	31	30	55	26	19	41	49	20	11	32	33	14	3	29	25	20	7	28	48	25	7	45
chr9	61098182	61098487	306	8	0	306	187	119	32	5	7	25	9	10	16	4	7	3	18	5	20	5	7	12	6	4	1	12	10	4	0	11	14	9	3	12	10	8	2	13
chr9	61098525	61098771	247	8	0	247	128	119	13	11	6	7	10	14	10	7	9	2	10	7	5	5	7	5	8	13	2	8	15	8	2	13	4	11	2	3	13	6	0	9
chr9	61098812	61099379	568	8	0	568	341	227	33	16	21	31	17	19	25	18	23	11	22	14	29	16	14	31	21	15	1	25	22	15	2	20	15	10	0	10	21	19	3	27
chr9	61099423	61099482	60	8	0	60	41	19	6	4	2	6	4	1	2	0	2	0	2	1	6	0	1	3	2	0	0	3	2	0	0	2	1	0	0	3	2	3	0	0
chr9	61099484	61099748	265	8	0	265	180	85	26	12	5	21	10	6	9	17	7	2	6	10	22	9	7	10	14	3	0	12	4	3	2	5	7	4	0	5	16	4	0	5
chr9	61099759	61100065	307	8	0	307	143	164	12	5	4	11	7	14	15	5	3	5	17	9	11	9	7	7	9	12	5	7	17	10	10	16	9	21	4	10	7	10	7	10
chr9	61100090	61101437	1348	8	0	1348	819	529	116	42	65	60	48	31	57	51	67	19	43	36	50	42	31	59	48	37	5	44	52	34	3	43	42	24	2	30	45	37	4	79
chr9	61101535	61101612	78	8	0	78	34	44	2	0	2	4	0	2	3	3	4	1	3	1	1	3	4	0	1	1	1	3	3	4	4	3	2	6	2	4	2	4	1	2
chr9	61101657	61101970	314	8	0	314	158	156	23	11	11	2	16	14	18	8	5	10	18	8	3	4	4	1	19	8	3	10	15	7	2	13	11	11	3	13	11	11	4	15
chr9	61101986	61102024	39	8	0	39	26	13	5	8	0	1	9	1	1	1	0	0	0	0	0	0	0	0	9	0	0	0	0	0	0	0	1	0	0	1	0	0	0	0
chr9	61102029	61102428	400	8	0	400	214	186	28	13	16	7	10	13	26	8	12	10	17	8	15	13	9	7	21	16	0	12	16	16	0	28	6	12	0	12	14	16	0	17
chr9	61102429	61102577	149	8	0	149	84	65	10	5	13	4	5	6	5	3	14	2	6	1	3	3	2	2	5	7	1	3	4	3	1	8	2	1	0	5	7	6	0	10
chr9	61102670	61103459	790	8	0	790	493	297	71	30	41	44	44	17	27	21	33	16	20	23	36	16	24	28	27	21	4	27	25	13	3	23	24	13	2	23	33	17	3	39
chr9	61103469	61103702	234	8	0	234	160	74	42	10	11	15	14	5	7	6	12	4	4	4	9	2	6	7	10	4	1	6	6	1	0	5	7	1	1	7	9	6	0	10
chr9	61103703	61103743	41	8	0	41	17	24	0	0	1	1	2	1	4	2	0	2	3	1	0	0	0	0	1	0	0	2	3	0	0	1	5	2	1	2	0	1	1	3
chr9	61103776	61103829	54	8	0	54	23	31	0	1	2	1	2	1	5	0	2	1	3	1	0	2	2	0	1	2	0	2	3	3	0	5	1	2	0	3	2	4	0	1
chr9	61103843	61104708	866	8	0	866	535	331	66	25	26	49	33	25	28	47	28	12	25	36	39	23	26	46	42	18	7	18	29	14	5	18	32	19	4	22	30	15	10	47
chr9	61104732	61105111	380	8	0	380	256	124	45	12	20	26	19	11	8	16	23	6	8	10	14	10	12	14	22	5	2	10	5	1	1	7	13	2	2	7	14	6	3	24
chr9	61105128	61105391	264	8	0	264	187	77	31	8	15	24	3	1	7	11	13	1	7	4	31	6	5	19	4	5	1	5	3	4	1	8	7	2	1	10	8	5	1	11
chr9	61105504	61106468	965	8	0	965	629	336	57	20	26	84	47	33	28	41	24	19	23	29	59	29	27	82	47	20	0	34	33	11	4	25	30	21	1	14	39	22	3	31
chr9	61106499	61106564	66	8	0	66	21	45	0	1	0	1	0	3	4	1	2	1	4	0	0	3	1	0	1	3	2	2	4	3	2	5	1	7	5	1	2	3	1	1
chr9	61106637	61107535	899	8	0	899	518	381	72	36	44	30	35	23	44	27	41	18	41	22	34	15	15	19	37	19	4	32	30	22	3	39	24	23	4	21	38	30	3	52
chr9	61107536	61108010	475	8	0	475	313	162	43	13	25	35	22	7	14	23	16	7	10	19	34	16	11	17	15	11	0	16	15	9	0	11	15	5	0	12	21	10	0	21
chr9	61108022	61108253	232	8	0	232	140	92	15	6	6	14	9	9	10	10	8	4	8	7	9	8	4	13	13	5	4	4	3	3	1	8	12	5	1	4	10	3	2	12
chr9	61108261	61108403	143	8	0	143	80	63	15	6	6	2	5	7	8	3	5	3	3	3	5	3	2	2	9	4	1	5	5	7	0	5	4	2	1	5	5	4	2	4
chr9	61108429	61108636	208	8	0	208	132	76	15	7	7	14	11	6	8	10	6	7	2	6	11	3	6	12	11	5	3	4	7	4	0	2	7	2	1	8	10	2	0	9
chr9	61108667	61108900	234	8	0	234	150	84	21	8	15	14	10	5	9	6	13	8	4	5	14	3	4	11	11	7	0	5	3	6	1	8	6	0	0	6	10	5	1	13
chr9	61108977	61109386	410	8	0	410	187	223	7	9	12	9	10	17	30	10	15	13	20	6	5	7	9	7	15	18	1	12	20	18	5	29	13	19	4	14	19	18	0	17
chr9	61109433	61110206	774	8	0	774	412	362	41	22	32	30	24	20	37	29	34	11	35	19	26	13	15	24	28	17	1	20	34	49	2	38	20	26	2	24	28	32	3	36
chr9	61110242	61110342	101	8	0	101	45	56	3	4	2	0	2	3	9	2	2	1	6	0	2	3	1	4	4	2	1	4	6	5	0	8	5	5	1	5	1	7	0	1
chr9	61110418	61110570	153	8	0	153	68	85	10	3	2	3	2	7	6	1	2	4	7	5	4	4	5	1	4	7	4	4	8	6	6	8	1	9	5	5	4	6	5	3
chr9	61110577	61110900	324	8	0	324	188	136	32	12	9	9	15	11	10	12	3	8	13	12	11	6	10	13	15	7	2	13	14	9	2	8	9	8	4	9	11	9	4	12
chr9	61110989	61111250	262	8	0	262	159	103	17	10	12	11	9	9	10	10	11	5	9	8	13	3	5	15	12	5	4	6	8	7	0	8	8	5	1	6	10	6	1	16
chr9	61111259	61111676	418	8	0	418	281	137	52	15	22	28	19	8	13	15	17	4	7	10	28	16	11	15	22	4	2	15	6	7	0	14	8	7	0	13	19	8	0	11
chr9	61111703	61112521	819	8	0	819	515	304	69	36	29	46	35	23	35	34	30	12	29	17	45	23	17	33	41	14	2	38	25	18	0	20	20	13	1	24	41	18	1	28
chr9	61112572	61112756	185	8	0	185	80	105	8	4	1	5	2	6	8	8	5	3	10	6	3	3	6	0	2	6	4	4	8	6	8	9	7	12	8	7	7	7	4	6
chr9	61112821	61113335	515	8	0	515	346	169	55	14	15	43	18	13	17	24	22	4	9	15	31	16	15	34	19	12	1	15	16	8	2	9	17	6	1	12	19	9	2	20
chr9	61113368	61113504	137	8	0	137	55	82	8	1	1	3	1	6	12	3	2	1	8	2	1	2	3	0	1	3	1	5	10	6	2	8	8	10	6	8	3	6	1	3
chr9	61113505	61113687	183	8	0	183	99	84	8	7	4	7	4	6	6	8	7	2	8	10	7	4	6	5	6	4	3	5	6	4	5	6	1	8	3	4	11	5	3	8
chr9	61113720	61114397	678	8	0	678	406	272	57	15	28	41	21	15	28	27	31	10	15	20	32	13	21	30	21	16	1	16	20	23	5	27	19	16	6	25	31	20	2	24
chr9	61114453	61114709	257	8	0	257	183	74	31	12	8	17	9	5	6	8	8	5	2	5	19	13	12	22	16	5	2	11	5	3	0	5	4	0	1	1	3	5	1	11
chr9	61114710	61114783	74	7	0	74	55	19	8	2	2	10	3	2	1	1	4	1	0	1	7	3	5	3	2	1	1	4	1	0	0	1	0	0	0	2	4	1	1	1
chr9	61114784	61115010	227	8	0	227	140	87	11	8	19	5	10	10	5	7	9	5	6	2	13	10	5	14	9	4	2	18	7	4	0	7	5	2	0	5	10	8	0	5
chr9	61115057	61115313	257	8	0	257	147	110	24	10	12	8	11	7	12	7	5	8	6	4	15	5	3	9	13	8	2	7	8	7	3	10	8	9	7	4	8	4	0	11
chr9	61115378	61115438	61	9	0	61	33	28	3	2	4	1	4	0	4	1	1	3	1	0	2	3	1	2	3	1	0	3	1	1	1	2	5	1	1	3	1	2	0	2
chr9	61115469	61115582	114	9	0	114	56	58	3	2	5	3	4	7	4	6	4	2	5	3	2	1	2	2	6	1	1	4	6	7	0	6	5	3	1	3	4	7	0	3
chr9	61115596	61115658	63	9	0	63	40	23	3	2	5	3	6	1	2	1	2	0	1	3	3	1	1	5	2	0	0	2	1	1	0	1	4	2	0	3	3	0	0	3
chr9	61115689	61115949	261	9	0	261	189	72	34	13	13	20	12	5	4	7	10	3	3	5	23	6	12	17	14	5	0	8	5	2	0	5	2	1	0	9	7	4	0	10
chr9	61116013	61116098	86	9	0	86	65	21	9	3	2	8	5	0	1	4	4	0	0	2	5	2	3	16	2	2	0	1	2	2	0	1	2	0	0	2	3	1	0	2
chr9	61116145	61116661	517	9	0	517	322	195	38	15	23	29	15	10	20	14	20	11	16	15	33	13	18	30	22	9	3	15	11	17	2	16	11	6	3	18	15	14	4	29
chr9	61116682	61116743	62	9	0	62	42	20	5	2	4	4	1	4	1	3	5	0	1	0	4	1	0	5	4	1	0	2	3	1	0	1	0	1	0	1	2	2	0	2
chr9	61116774	61117150	377	9	0	377	242	135	28	17	19	21	25	4	10	10	17	9	9	16	15	5	14	22	14	8	1	12	13	4	3	10	3	5	0	10	19	12	0	20
chr9	61117235	61117385	151	9	0	151	116	35	14	8	7	8	3	0	2	7	5	0	3	0	14	5	4	35	4	1	0	8	2	0	0	5	3	1	0	2	3	4	0	1
chr9	61117405	61117495	91	9	0	91	66	25	8	3	3	9	4	3	2	4	3	0	3	3	8	3	1	7	5	1	0	3	2	0	0	1	2	1	0	1	4	1	0	4
chr9	61117664	61117821	158	9	0	158	114	44	19	5	4	15	4	3	3	9	5	1	3	4	15	6	3	14	5	2	1	7	4	3	0	0	3	1	0	4	7	2	1	3
chr9	61117853	61117914	62	9	0	62	41	21	3	2	4	3	3	4	1	2	2	1	0	1	4	4	2	4	6	1	0	3	1	0	0	1	1	1	0	2	3	0	0	1
chr9	61117973	61118036	64	9	0	64	41	23	6	0	3	2	2	4	3	3	3	4	1	0	1	1	1	5	6	0	0	3	1	0	0	1	3	0	0	1	3	2	0	3
chr9	61118046	61118242	197	9	0	197	108	89	9	8	13	5	10	2	9	4	8	9	4	4	7	5	5	5	6	6	5	6	4	4	4	6	7	4	2	9	8	4	3	10
chr9	61118260	61118326	67	9	0	67	43	24	4	1	1	8	4	1	3	3	3	2	1	4	3	1	2	1	4	0	0	1	3	1	0	1	1	2	0	1	3	2	0	4
chr9	61118356	61118742	387	9	0	387	273	114	43	17	14	31	18	4	7	26	18	3	4	14	27	12	10	23	18	8	0	11	12	4	0	8	8	2	0	4	17	10	0	12
chr9	61118777	61118861	85	9	0	85	39	46	0	2	2	0	4	6	5	0	1	5	7	0	0	0	3	2	3	6	0	4	5	3	0	6	3	0	0	3	4	5	0	4
chr9	61118910	61118994	85	9	0	85	41	44	3	2	4	3	3	1	5	4	5	3	2	1	1	1	2	0	1	3	0	3	5	6	0	5	2	3	0	3	5	5	0	2
chr9	61119194	61119291	98	9	0	98	47	51	8	0	0	3	0	8	8	3	2	1	6	2	1	1	2	2	1	3	1	4	5	2	0	6	7	6	0	3	6	2	1	2
chr9	61119402	61119756	355	9	0	355	230	125	38	12	12	25	7	12	11	12	12	5	12	7	29	11	14	10	15	7	1	17	10	7	1	11	5	8	1	5	12	7	1	16
chr9	61119757	61119864	108	9	0	108	61	47	8	2	3	8	6	2	9	3	5	0	3	6	2	3	0	1	4	1	0	2	5	4	0	3	6	3	0	3	4	4	0	6
chr9	61120189	61120339	151	9	0	151	71	80	8	2	2	6	3	8	9	3	3	4	6	4	4	4	3	1	4	9	1	3	12	5	3	7	3	8	1	6	4	5	3	5
chr9	61120363	61120426	64	9	0	64	30	34	1	1	3	1	2	2	2	7	4	0	3	2	0	0	0	0	1	1	1	0	6	2	0	2	2	6	0	4	4	1	1	3
chr9	61120478	61120730	253	9	0	253	167	86	21	7	13	17	7	6	7	6	12	7	7	7	18	12	8	12	6	6	4	16	5	2	1	5	2	0	2	2	12	6	3	12
chr9	61120787	61120919	133	9	0	133	84	49	11	5	7	9	8	4	4	2	6	0	3	5	7	3	4	6	5	2	0	5	6	1	0	5	4	2	0	4	3	6	0	4
chr9	61120946	61121010	65	9	0	65	40	25	6	1	5	2	2	2	2	0	4	3	3	0	2	1	3	2	1	2	0	4	1	1	0	4	0	1	0	1	4	2	0	4
chr9	61121017	61121082	66	9	0	66	45	21	4	3	2	5	6	0	1	3	1	1	2	1	4	3	3	4	2	1	0	4	2	0	0	1	3	2	0	1	3	0	0	2
chr9	61121166	61121221	56	9	0	56	34	22	5	2	3	2	3	2	4	1	2	1	1	3	2	2	0	0	3	2	1	1	1	0	1	0	2	0	0	2	4	0	0	4
chr9	61121408	61121467	60	9	0	60	36	24	4	3	2	4	3	1	3	2	2	0	0	2	3	1	2	2	1	2	0	2	4	1	0	2	3	2	0	3	1	2	0	1
chr9	61121472	61121527	56	9	0	56	32	24	5	1	2	3	2	0	3	0	3	1	4	1	2	1	1	2	1	1	0	1	2	1	0	3	0	2	0	3	2	2	2	3
chr9	61121655	61121727	73	9	0	73	54	19	15	3	0	5	3	4	0	8	0	0	1	2	4	3	0	5	9	1	0	0	1	1	0	0	3	0	0	1	2	0	0	0
chr9	61121828	61121884	57	9	0	57	41	16	6	0	1	8	2	0	1	4	2	0	2	4	5	1	1	3	1	0	0	0	2	0	0	1	2	1	0	1	2	2	0	3
chr9	61121934	61122019	86	9	0	86	47	39	3	6	3	4	1	2	4	0	5	1	1	0	7	2	5	2	4	2	1	4	0	6	0	7	1	4	1	1	3	1	2	1
chr9	61122039	61122253	215	9	0	215	139	76	20	9	10	14	6	0	12	9	7	4	3	6	20	6	7	5	9	2	1	7	3	1	1	7	11	4	0	9	5	5	1	9
chr9	61122295	61122457	163	9	0	163	108	55	21	5	7	11	9	2	2	8	8	3	3	3	7	5	2	10	6	4	1	4	5	4	2	3	7	0	0	1	3	6	3	6
chr9	61122467	61122518	52	9	0	52	32	20	7	3	3	1	3	0	3	1	1	1	0	0	3	2	2	0	3	1	0	3	2	0	0	1	2	1	2	3	0	1	0	1
chr9	61122539	61122648	110	9	0	110	35	75	0	0	5	0	2	5	8	2	3	4	6	0	0	0	0	0	0	2	3	4	6	8	5	5	5	12	3	7	6	3	1	3
chr9	61122695	61122824	130	9	0	130	37	93	0	0	2	0	1	2	9	0	1	7	11	0	0	0	4	0	2	2	3	2	3	10	9	6	6	9	11	10	1	6	3	8
chr9	61122853	61123046	194	9	0	194	45	149	0	3	3	0	2	3	7	0	3	5	13	0	1	1	2	2	1	3	6	2	4	17	22	11	5	22	25	8	2	13	2	4
chr9	61123067	61123120	54	9	0	54	20	34	1	1	2	0	0	2	4	0	1	2	2	1	1	0	0	1	0	2	2	1	2	0	3	4	2	5	5	2	2	2	0	2
chr9	61123161	61123323	163	9	0	163	74	89	7	6	4	5	6	4	10	1	7	3	8	2	1	3	4	2	5	4	2	5	5	8	6	7	6	8	7	5	5	6	1	8
chr9	61123329	61123381	53	9	0	53	40	13	13	2	3	3	2	1	0	2	0	1	0	1	5	0	1	4	1	1	0	2	1	1	0	1	2	1	0	1	1	0	0	1
chr9	61123384	61123499	116	9	0	116	68	48	6	5	4	8	4	3	4	3	5	3	2	2	8	2	7	1	2	2	2	7	3	2	0	6	3	2	3	2	6	5	1	1
chr9	61123515	61123606	92	9	0	92	45	47	5	2	4	1	4	3	8	1	2	2	5	1	2	1	2	1	3	1	0	4	3	2	0	4	8	0	2	9	2	6	0	2
chr9	61123646	61123902	257	9	0	257	163	94	37	4	17	15	9	6	3	8	16	3	9	6	11	8	6	5	8	5	0	8	5	12	2	6	3	4	3	2	9	5	1	19
chr9	61123935	61124038	104	9	0	104	76	28	12	3	7	11	5	3	2	1	5	2	1	1	11	4	2	5	4	1	2	5	1	1	0	0	3	0	0	1	3	0	0	6
chr9	61124048	61124207	160	9	0	160	105	55	16	5	6	12	10	2	6	6	6	6	5	8	6	2	4	4	7	2	0	6	5	0	0	3	2	4	0	0	10	3	0	12
chr9	61124334	61124393	60	9	0	60	20	40	0	0	0	1	0	3	5	0	1	1	4	1	0	2	2	0	1	2	1	2	3	3	3	5	3	5	1	3	1	3	1	1
chr9	61124436	61124494	59	9	0	59	30	29	11	0	2	0	3	1	4	0	0	4	4	0	0	0	0	0	2	0	1	2	3	1	1	1	2	3	1	3	1	2	1	4
chr9	61124495	61124534	40	9	0	40	24	16	2	3	3	1	2	3	0	1	3	0	1	0	3	0	1	0	2	1	0	2	2	1	0	1	0	1	0	1	2	1	0	1
chr9	61124653	61124745	93	9	0	93	70	23	10	3	1	10	5	3	0	5	4	1	1	0	6	6	3	11	8	1	0	3	2	1	0	1	0	0	0	0	3	2	0	1
chr9	61124787	61124847	61	9	0	61	39	22	8	2	5	4	4	0	2	1	3	2	1	1	4	1	1	0	3	0	0	1	0	2	0	3	1	1	0	2	2	2	0	3
chr9	61124887	61124980	94	9	0	94	65	29	6	1	4	8	3	3	2	7	2	4	0	1	8	0	4	10	6	1	0	2	2	0	0	1	5	1	0	4	3	1	0	3
chr9	61124987	61125154	168	9	0	168	97	71	6	4	6	8	5	10	4	10	7	3	5	7	6	6	9	1	9	1	1	11	4	0	2	3	7	6	0	3	9	3	3	7
chr9	61125166	61125263	98	9	0	98	70	28	12	4	7	7	4	2	1	5	7	0	0	2	7	2	1	8	4	0	0	3	1	1	0	2	4	0	0	2	3	3	2	2
chr9	61125268	61125331	64	9	0	64	51	13	7	3	1	9	3	0	1	3	1	0	0	3	9	1	0	9	2	2	0	0	3	0	0	1	0	0	0	0	1	2	0	1
chr9	61125376	61125630	255	9	0	255	174	81	22	10	9	21	13	7	7	11	11	4	4	6	16	8	5	18	16	6	0	7	7	4	0	6	2	3	0	5	13	4	0	8
chr9	61125680	61125782	103	9	0	103	52	51	8	2	2	2	4	5	7	0	3	4	8	2	0	1	3	0	3	3	0	6	3	1	0	4	6	2	3	3	4	2	3	7
chr9	61125832	61125931	100	9	0	100	49	51	9	4	5	1	6	2	3	2	3	2	3	2	1	2	2	1	3	5	0	3	6	4	3	5	1	5	1	4	3	4	2	1
chr9	61126112	61126292	181	9	0	181	132	49	20	4	7	18	7	3	3	6	11	1	3	5	11	3	14	15	4	0	0	7	1	0	0	2	7	2	0	5	6	1	0	13
chr9	61126353	61126408	56	9	0	56	31	25	5	2	4	0	0	3	4	0	3	2	0	1	3	1	1	1	2	3	0	2	2	2	0	4	0	1	0	1	3	2	0	2
chr9	61126469	61126538	70	9	0	70	25	45	1	3	2	0	2	1	7	0	3	1	3	2	0	0	0	0	2	2	1	0	3	5	3	5	5	5	0	4	0	5	0	3
chr9	61126565	61126704	140	9	0	140	72	68	9	7	5	1	4	5	11	1	8	5	9	0	2	2	2	0	6	5	0	8	6	6	0	6	1	1	0	6	8	6	1	7
chr9	61126755	61126812	58	9	0	58	28	30	1	2	1	1	1	4	3	2	3	1	3	1	0	1	3	0	3	3	0	1	4	1	0	4	1	2	0	1	2	3	0	4
chr9	61126828	61126882	55	9	0	55	45	10	15	3	2	5	2	1	0	5	3	0	0	1	4	0	0	2	3	0	0	1	0	0	0	0	2	0	0	0	3	0	0	1
chr9	61126918	61127230	313	9	0	313	208	105	33	10	15	23	12	7	8	9	20	3	10	12	17	6	8	13	10	6	2	8	7	2	2	9	3	5	0	6	16	7	4	18
chr9	61127331	61127393	63	9	0	63	43	20	10	3	2	5	2	1	2	1	3	0	0	2	5	2	5	0	2	1	0	3	1	0	0	3	0	1	0	3	2	2	0	0
chr9	61127403	61127571	169	9	0	169	118	51	17	4	7	20	9	1	5	4	12	1	5	5	12	1	4	9	2	0	0	5	4	3	0	4	4	3	0	3	9	5	0	9
chr9	61127604	61127663	60	9	0	60	31	29	3	2	3	2	2	2	3	4	4	0	1	1	1	1	0	1	2	2	0	1	5	2	1	1	2	3	1	2	2	1	0	3
chr9	61127853	61127920	68	9	0	68	40	28	17	0	2	0	2	4	4	0	1	2	4	2	0	0	0	0	1	1	1	3	3	1	0	1	3	2	1	2	3	1	0	5
chr9	61127927	61127994	68	9	0	68	49	19	12	2	5	4	2	1	0	1	4	1	2	2	4	0	1	7	1	1	1	1	1	2	0	1	1	0	0	1	1	1	1	5
chr9	61128020	61128087	68	9	0	68	40	28	4	3	1	5	3	2	3	2	4	2	0	3	2	1	5	0	3	1	0	3	1	4	0	2	1	1	0	2	5	1	0	2
chr9	61128094	61128482	389	9	0	389	248	141	32	9	21	24	11	5	10	15	17	4	15	14	26	9	13	21	6	3	2	16	9	12	2	11	9	6	2	13	18	13	0	19
chr9	61128523	61128633	111	9	0	111	66	45	7	5	4	6	5	3	8	4	8	2	3	3	2	1	2	3	6	0	1	4	3	0	0	2	4	4	0	4	7	1	1	6
chr9	61128680	61128750	71	9	0	71	45	26	1	1	10	2	1	4	1	0	5	1	2	1	6	2	2	4	2	2	0	4	1	0	0	4	2	1	0	1	1	2	0	6
chr9	61128763	61128982	220	9	0	220	140	80	21	4	9	9	7	7	9	7	8	2	5	7	8	14	15	7	9	4	1	13	4	0	0	4	13	3	1	5	4	2	0	16
chr9	61128985	61129161	177	9	0	177	111	66	18	8	11	5	8	2	8	4	11	2	6	6	6	3	2	9	7	4	0	4	2	4	2	6	8	1	0	3	6	5	0	14
chr9	61129199	61129296	98	9	0	98	60	38	9	4	4	4	3	1	3	4	6	3	6	3	3	0	2	3	3	2	1	3	4	2	0	2	1	0	0	1	3	4	3	9
chr9	61129365	61129495	131	9	0	131	101	30	19	5	5	15	6	1	2	7	7	3	1	2	11	2	2	11	4	2	0	5	2	1	0	1	1	0	0	1	9	1	0	3
chr9	61129538	61129706	169	9	0	169	112	57	15	10	6	11	7	4	6	10	11	2	1	0	9	2	4	12	10	1	0	7	7	1	0	5	6	4	0	2	4	7	0	3
chr9	61129749	61129847	99	9	0	99	72	27	10	6	2	8	3	3	2	7	6	0	2	2	6	2	4	7	7	1	0	3	1	0	0	1	2	1	0	1	5	0	0	5
chr9	61130432	61130671	240	9	0	240	165	75	41	5	12	20	12	4	4	5	6	1	5	6	19	7	7	11	6	2	1	8	5	4	2	5	5	8	1	8	9	2	0	7
chr9	61130728	61130807	80	9	0	80	42	38	8	4	1	3	3	3	3	2	3	2	4	0	2	1	2	1	3	4	1	2	6	2	0	4	0	4	1	1	1	2	2	3
chr9	61130852	61131012	161	9	0	161	86	75	12	6	5	5	7	9	10	4	6	4	7	3	3	2	3	0	6	5	0	10	7	4	1	3	9	3	1	5	8	3	2	6
chr9	61131047	61131309	263	9	0	263	133	130	8	5	3	13	6	13	9	15	8	5	8	8	6	7	11	6	9	12	4	6	14	10	7	9	9	10	4	7	11	8	1	9
chr9	61131380	61131478	99	9	0	99	36	63	1	2	2	0	2	6	6	0	2	2	9	2	0	0	0	0	1	3	1	5	3	6	5	4	7	5	4	4	4	4	2	5
chr9	61131605	61132143	539	9	0	539	322	217	38	26	22	22	23	21	16	24	16	4	14	10	31	22	12	20	31	15	3	24	18	19	3	20	19	13	1	7	16	13	1	13
chr9	61132180	61132257	78	9	0	78	67	11	14	1	4	10	1	0	0	2	3	0	0	3	10	4	4	9	1	0	0	4	0	0	0	0	0	0	0	0	2	0	0	4
chr9	61132291	61132376	86	9	0	86	64	22	15	3	4	8	2	1	2	5	5	2	1	1	7	1	2	4	4	1	0	2	2	0	0	1	0	1	0	1	4	1	0	4
chr9	61132529	61132634	106	9	0	106	70	36	6	4	3	6	3	3	2	10	3	1	3	1	7	4	3	9	6	1	0	5	3	0	0	3	5	3	0	2	4	2	0	2
chr9	61132666	61133011	346	9	0	346	249	97	50	13	20	26	16	5	6	10	13	1	7	10	30	8	9	24	11	5	0	11	8	4	0	6	6	6	0	8	11	3	0	17
chr9	61133033	61133115	83	9	0	83	59	24	10	2	2	6	3	4	2	1	4	1	2	2	3	4	4	9	3	1	0	7	2	0	0	1	0	0	0	0	5	1	0	2
chr9	61133202	61133288	87	9	0	87	69	18	14	2	4	9	3	1	1	6	5	0	0	2	6	4	1	9	6	0	0	1	1	0	0	0	1	0	0	1	3	1	0	4
chr9	61133360	61133568	209	9	0	209	96	113	9	5	4	6	8	10	12	2	4	2	12	6	3	6	5	2	4	13	1	5	13	9	4	12	5	9	3	9	10	6	2	6
chr9	61133675	61133743	69	9	0	69	49	20	9	1	1	7	4	2	2	4	2	3	0	1	2	4	2	4	5	3	0	2	2	0	0	1	0	0	0	0	4	0	0	2
chr9	61133745	61133854	110	9	0	110	73	37	16	3	2	7	1	2	5	6	5	3	1	2	5	3	5	5	6	1	0	4	3	5	0	1	3	2	0	1	3	1	0	7
chr9	61133902	61133957	56	9	0	56	36	20	8	7	1	0	3	1	2	4	4	0	1	1	1	1	1	1	6	1	0	1	2	0	0	1	0	0	0	2	2	2	0	1
chr9	61134071	61134252	182	9	0	182	104	78	8	11	4	5	6	1	13	8	10	7	9	5	5	1	6	4	10	5	1	4	7	3	0	6	1	1	0	8	9	7	1	14
chr9	61134366	61134492	127	9	0	127	81	46	17	0	9	6	1	5	8	3	7	4	1	4	6	2	1	5	8	2	0	1	3	1	0	5	1	5	0	4	5	1	0	10
chr9	61134512	61134622	111	9	0	111	73	38	12	4	3	10	7	2	3	4	6	2	4	0	6	1	3	4	7	0	0	2	3	3	0	3	4	2	0	2	2	4	0	6
chr9	61134635	61134886	252	9	0	252	175	77	32	11	19	14	16	2	6	7	17	7	4	4	11	3	6	14	15	2	0	6	4	2	0	4	4	3	0	5	8	3	0	21
chr9	61134903	61134980	78	9	0	78	51	27	11	2	6	4	3	2	5	1	5	2	1	0	5	1	1	1	3	0	0	3	1	0	0	1	4	1	0	5	3	1	0	4
chr9	61135120	61135560	441	9	0	441	271	170	28	10	16	28	14	9	15	21	20	10	21	15	20	7	15	22	14	6	2	14	12	6	0	17	15	6	2	9	18	18	2	27
chr9	61135643	61136372	730	9	0	730	424	306	65	31	27	28	41	17	31	26	23	13	31	22	22	15	13	18	32	20	2	22	32	17	4	25	23	16	2	21	29	26	0	34
chr9	61136374	61136622	249	9	0	249	152	97	24	13	9	13	9	7	12	11	18	2	11	1	6	7	4	3	9	6	0	14	10	3	0	9	6	2	0	6	14	11	0	7
chr9	61136702	61136859	158	9	0	158	93	65	14	5	9	6	5	6	4	7	12	1	5	3	3	4	3	6	9	0	0	6	7	6	0	7	2	4	0	2	4	10	0	6
chr9	61136896	61137082	187	9	0	187	111	76	14	4	10	5	5	8	6	5	8	4	6	3	7	8	10	7	8	1	1	14	1	7	1	7	4	4	0	6	11	5	0	5
chr9	61137233	61137380	148	9	0	148	95	53	14	3	8	7	7	1	4	10	5	5	4	7	6	3	3	6	10	0	0	2	5	4	0	1	3	3	0	4	5	3	0	13
chr9	61137484	61137723	240	9	0	240	168	72	39	8	10	17	12	4	7	6	16	4	6	4	8	6	5	15	10	4	0	7	6	1	0	7	2	1	0	3	11	8	0	11
chr9	61137726	61138069	344	9	0	344	230	114	36	11	27	21	12	4	9	10	23	6	11	4	24	13	8	11	9	11	1	12	6	1	1	12	9	3	0	4	11	5	0	27
chr9	61138070	61138120	51	9	0	51	42	9	9	3	2	5	5	0	0	1	2	1	0	2	5	0	1	4	3	0	0	1	0	0	0	0	0	0	0	0	3	0	0	2
chr9	61138208	61138283	76	9	0	76	53	23	3	1	5	7	2	4	1	1	8	1	0	1	4	2	3	9	4	2	0	2	1	0	0	4	0	0	0	0	3	3	0	3
chr9	61138313	61138432	120	9	0	120	87	33	20	5	5	8	3	2	0	4	4	1	5	1	11	2	6	9	3	0	0	7	0	1	0	3	4	0	1	2	3	3	1	4
chr9	61138513	61138943	431	9	0	431	270	161	36	10	17	26	14	13	13	19	14	12	13	13	25	9	16	18	20	13	0	12	12	14	1	14	10	2	0	10	17	12	1	23
chr9	61138959	61139119	161	9	0	161	76	85	3	3	3	3	2	6	13	9	3	3	6	8	4	3	1	4	8	6	0	2	6	14	0	9	7	4	1	8	9	5	1	5
chr9	61139133	61139285	153	9	0	153	94	59	15	8	9	5	12	2	7	3	4	3	5	1	7	4	4	3	6	1	1	9	4	1	0	2	11	2	0	9	4	3	1	5
chr9	61139362	61139541	180	9	0	180	124	56	17	7	8	11	5	4	4	6	6	3	4	5	14	7	13	8	10	1	0	10	0	1	0	6	5	2	0	3	4	3	0	11
chr9	61139567	61139711	145	9	0	145	93	52	8	3	7	11	6	6	3	14	7	3	1	3	8	3	4	5	11	1	0	3	5	2	0	1	6	2	0	6	6	3	0	5
chr9	61139840	61139968	129	9	0	129	91	38	21	3	6	10	3	1	1	6	6	2	2	2	9	4	5	8	2	4	0	4	3	4	1	2	1	0	1	4	6	2	0	4
chr9	61140037	61140195	159	9	0	159	116	43	25	4	9	15	9	1	1	3	9	3	3	5	11	2	7	7	5	2	0	3	1	2	0	6	2	0	0	2	6	5	0	9
chr9	61140196	61140284	89	9	0	89	70	19	14	0	4	11	4	0	2	0	4	0	4	6	8	3	1	7	1	1	0	1	2	0	0	0	0	0	0	0	3	1	0	10
chr9	61140381	61140534	154	9	0	154	104	50	13	3	7	12	7	3	6	2	8	2	5	6	7	4	5	12	5	2	0	6	3	2	0	3	3	1	0	4	7	3	0	11
chr9	61140596	61140681	86	9	0	86	58	28	8	2	5	5	3	1	1	6	6	2	1	0	4	4	3	5	4	4	0	1	3	1	0	2	2	0	0	2	2	1	0	6
chr9	61140682	61140879	198	9	0	198	139	59	24	6	11	14	11	6	4	9	10	1	1	13	11	2	5	10	8	2	0	5	4	0	0	4	5	1	0	4	12	5	0	8
chr9	61140924	61141054	131	9	0	131	80	51	8	5	8	6	4	1	4	6	9	2	3	3	5	3	7	5	5	3	0	3	2	2	0	9	4	2	0	4	4	6	0	6
chr9	61141370	61141688	319	9	0	319	216	103	33	14	10	25	16	7	7	19	10	4	6	7	22	11	8	15	17	7	2	10	10	6	0	5	9	3	0	6	13	5	0	10
chr9	61141734	61141786	53	9	0	53	42	11	8	0	2	6	1	1	0	2	3	0	1	3	4	1	2	7	1	0	0	1	1	0	0	0	0	0	0	0	2	1	0	4
chr9	61141799	61142004	206	9	0	206	147	59	22	7	9	17	11	2	4	10	12	3	4	12	10	4	4	14	7	2	0	7	8	2	0	0	1	0	0	1	12	6	0	13
chr9	61142080	61142147	68	9	0	68	45	23	6	1	0	7	2	2	4	5	4	1	1	2	2	3	2	2	4	0	0	3	3	0	0	0	1	1	0	2	4	2	0	2
chr9	61142184	61142642	459	9	0	459	324	135	59	15	17	34	13	10	9	25	17	5	7	14	36	15	15	32	20	7	3	15	9	5	1	8	13	3	0	8	15	8	2	17
chr9	61142666	61142745	80	9	0	80	60	20	10	0	5	6	1	0	2	2	3	2	3	3	8	3	2	9	2	0	0	3	1	0	0	1	0	0	0	1	2	2	0	7
chr9	61142821	61142888	68	9	0	68	44	24	3	2	3	6	4	1	2	0	6	1	2	2	1	2	5	4	2	1	0	3	2	2	0	1	0	0	0	0	2	2	0	7
chr9	61142889	61143134	246	8	0	246	176	70	19	6	12	19	7	5	6	9	13	5	3	11	17	3	13	27	6	2	0	11	5	0	0	3	5	1	0	4	11	5	0	16
chr9	61143219	61143294	76	8	0	76	44	32	8	2	1	3	1	1	1	3	2	3	3	3	3	1	7	1	2	4	1	1	2	2	1	3	0	1	0	3	2	2	2	5
chr9	61143371	61143452	82	8	0	82	43	39	12	1	4	0	4	4	5	0	2	2	6	2	0	0	0	0	2	1	0	4	4	1	0	1	5	3	1	5	2	1	3	5
chr9	61143457	61143852	396	8	0	396	274	122	38	14	12	35	25	7	10	17	16	5	7	15	20	10	6	35	21	10	3	2	15	2	0	7	9	3	0	6	14	9	1	20
chr9	61143906	61144416	511	8	0	511	314	197	52	20	26	18	22	8	20	23	18	12	8	12	25	15	15	19	20	17	3	15	25	6	1	15	15	12	2	15	13	11	2	24
chr9	61144513	61144686	174	8	0	174	110	64	17	8	8	7	12	3	3	11	6	4	7	7	5	2	2	7	11	3	0	3	5	3	0	3	4	3	1	4	10	2	1	10
chr9	61145077	61145208	132	8	0	132	74	58	6	3	7	5	6	6	4	3	2	4	6	3	7	4	3	4	7	4	2	4	2	2	1	8	4	4	1	3	6	3	2	4
chr9	61145273	61145492	220	8	0	220	153	67	23	6	7	20	8	4	5	5	10	1	4	9	15	8	14	13	5	5	2	7	4	0	0	5	6	0	0	8	7	4	4	9
chr9	61145494	61145559	66	8	0	66	40	26	4	3	2	2	2	3	4	3	3	1	2	0	2	5	1	1	6	1	0	5	2	1	0	1	3	0	0	1	2	2	0	2
chr9	61145577	61145699	123	8	0	123	91	32	24	6	8	10	6	1	2	2	9	0	1	3	8	3	4	3	3	2	0	5	3	1	0	1	1	0	0	3	4	2	0	6
chr9	61145751	61145869	119	8	0	119	90	29	20	7	6	11	8	0	0	2	4	1	2	3	11	2	5	6	5	3	0	2	3	1	0	1	1	0	0	3	2	1	0	7
chr9	61146007	61146152	146	8	0	146	112	34	17	3	7	19	5	2	1	5	7	0	1	4	18	5	5	12	4	2	0	4	4	2	0	0	1	2	0	3	4	0	0	7
chr9	61146239	61146291	53	8	0	53	34	19	3	1	1	4	2	2	3	4	2	0	0	1	2	1	0	7	3	2	0	0	1	1	0	1	5	0	0	2	2	0	0	1
chr9	61146321	61146654	334	8	0	334	229	105	34	13	11	28	12	8	11	14	9	3	7	9	32	11	5	20	14	7	1	13	11	5	1	7	6	3	0	9	14	9	0	5
chr9	61146682	61146795	114	8	0	114	85	29	19	7	6	5	2	3	3	4	3	1	2	2	13	6	3	5	6	2	0	9	1	0	0	2	0	0	0	0	4	1	0	3
chr9	61146865	61147062	198	8	0	198	133	65	20	7	13	11	7	3	5	8	11	3	2	9	14	4	4	10	8	3	1	5	7	4	0	4	4	1	0	3	5	7	1	12
chr9	61147063	61147214	152	8	0	152	110	42	21	7	5	11	7	2	4	4	5	1	5	3	12	5	4	12	6	4	0	5	1	0	0	6	3	0	0	3	7	3	0	4
chr9	61147260	61147349	90	8	0	90	66	24	8	2	5	8	2	1	3	2	5	2	1	2	7	4	2	10	3	3	0	3	2	0	0	3	0	0	0	0	3	2	0	5
chr9	61147358	61147413	56	8	0	56	33	23	17	0	0	1	2	1	3	0	0	2	5	1	0	0	0	0	2	0	0	1	2	0	0	1	1	2	3	2	1	1	2	4
chr9	61147463	61147739	277	8	0	277	147	130	23	4	7	11	7	5	11	11	7	4	12	9	8	9	8	9	5	5	4	8	15	5	5	13	4	15	10	9	10	13	1	8
chr9	61147748	61147816	69	8	0	69	46	23	6	1	4	4	0	0	1	3	4	1	7	3	4	0	2	4	1	0	0	1	1	0	0	4	0	0	0	0	2	5	0	9
chr9	61147822	61148173	352	8	0	352	232	120	30	8	14	22	12	11	13	12	17	7	7	13	16	9	12	27	18	4	1	12	6	4	0	12	7	5	1	5	17	9	2	17
chr9	61148248	61148300	53	8	0	53	39	14	11	2	1	5	2	2	1	4	2	0	0	1	4	1	0	1	4	0	0	1	0	0	0	0	5	0	1	0	1	0	1	1
chr9	61148315	61148508	194	8	0	194	138	56	24	5	14	17	7	5	3	4	12	1	1	3	16	4	6	14	5	3	0	7	6	2	0	4	4	4	0	4	4	3	0	10
chr9	61148553	61148663	111	8	0	111	74	37	5	5	5	10	9	1	2	5	3	1	2	6	8	5	1	5	7	1	0	4	3	2	0	3	3	1	0	0	4	5	0	3
chr9	61148669	61148727	59	8	0	59	35	24	4	0	3	5	2	8	0	2	2	1	1	0	3	2	0	1	7	2	0	2	3	3	0	2	0	0	0	0	1	3	0	0
chr9	61148800	61149028	229	8	0	229	174	55	31	3	5	31	13	5	0	12	7	2	4	6	19	11	6	18	10	3	0	8	6	2	0	1	3	0	0	2	11	4	0	4
chr9	61149052	61149102	51	8	0	51	35	16	6	0	4	4	4	0	0	1	1	1	1	1	3	3	0	6	2	2	0	0	1	0	0	4	0	1	0	1	2	1	0	0
chr9	61149248	61149536	289	8	0	289	213	76	50	10	14	23	14	4	4	11	13	5	6	8	20	5	10	15	13	2	0	9	4	0	0	5	4	2	0	4	11	5	0	16
chr9	61149574	61150024	451	8	0	451	307	144	40	22	22	33	27	9	10	20	31	7	6	11	19	11	13	24	26	12	3	8	10	1	1	8	12	0	0	8	18	7	2	28
chr9	61168587	61168711	125	8	0	125	69	56	3	3	2	3	5	9	2	7	1	0	3	3	2	4	2	19	9	2	3	2	6	4	3	3	6	7	1	2	2	2	1	2
chr9	61168929	61169067	139	8	0	139	87	52	14	3	4	9	4	3	4	6	6	2	6	3	5	6	5	6	6	1	1	6	3	2	0	7	2	3	1	2	6	7	0	4
chr9	61169068	61169950	883	8	0	883	510	373	73	22	30	39	33	33	41	26	29	16	31	22	28	21	22	43	34	19	12	27	34	14	9	25	33	24	7	36	32	25	6	35
chr9	61170001	61170163	163	8	0	163	98	65	11	9	2	7	7	4	7	3	6	3	4	4	6	5	11	8	6	6	1	8	7	5	0	6	3	3	1	1	5	3	0	9
chr9	61170299	61170394	96	8	0	96	71	25	15	2	3	10	4	3	0	8	3	1	2	3	7	1	1	7	5	1	0	1	1	1	0	2	2	0	0	2	7	1	0	1
chr9	61170418	61170707	290	8	0	290	175	115	30	7	13	14	11	9	10	8	10	3	8	12	13	7	4	16	12	7	1	6	9	6	4	11	8	10	4	4	9	7	1	14
chr9	61170769	61170850	82	8	0	82	29	53	0	1	1	1	1	2	3	5	2	1	7	0	0	2	2	0	2	2	0	2	5	5	4	6	2	6	4	4	2	6	0	2
chr9	61170851	61170925	75	8	0	75	35	40	8	1	2	0	3	4	5	1	1	2	6	1	0	0	0	0	1	1	0	5	4	1	2	1	5	4	3	2	3	2	1	4
chr9	61170942	61170994	53	8	0	53	43	10	13	2	2	3	1	0	0	1	2	0	1	2	5	0	2	7	1	0	1	0	0	0	1	0	0	0	0	2	1	1	0	3
chr9	61171015	61171287	273	8	0	273	168	105	19	12	12	13	11	11	14	6	14	6	6	7	13	7	4	12	14	7	1	14	10	5	2	6	7	0	0	5	10	11	1	11
chr9	61171447	61171703	257	8	0	257	146	111	16	4	7	16	11	10	13	4	10	6	9	8	6	5	9	10	8	6	0	11	12	5	1	13	8	8	1	5	10	12	2	9
chr9	61171719	61171773	55	8	0	55	40	15	14	1	4	2	4	0	0	1	3	2	0	1	0	1	3	2	2	2	0	0	1	1	0	1	1	0	0	1	1	0	0	5
chr9	61171774	61171850	77	8	0	77	46	31	6	1	6	3	0	3	1	4	5	0	2	3	5	0	5	2	1	0	0	3	3	4	0	2	3	1	0	2	0	4	0	6
chr9	61171899	61172080	182	8	0	182	107	75	17	3	6	10	7	5	9	9	5	3	7	6	7	2	3	6	4	4	0	5	8	6	0	6	9	6	0	5	9	4	0	9
chr9	61172109	61172511	403	8	0	403	267	136	46	12	21	27	18	7	12	15	19	10	10	13	23	7	11	14	16	3	3	14	7	6	0	11	10	8	1	5	19	7	2	24
chr9	61172544	61172883	340	8	0	340	243	97	50	14	11	27	12	2	8	14	13	5	8	7	28	6	14	22	11	6	0	10	5	3	0	12	8	2	0	6	12	9	0	13
chr9	61172929	61173152	224	8	0	224	163	61	22	7	6	25	10	5	5	9	8	5	7	4	21	3	6	18	12	1	0	7	4	1	0	2	4	2	0	4	9	3	0	12
chr9	61173489	61173540	52	8	0	52	34	18	0	3	0	5	1	0	2	3	2	1	0	4	5	1	3	3	1	0	2	2	1	0	1	0	1	2	1	0	3	0	0	3
chr9	61173545	61173663	119	8	0	119	66	53	8	4	7	4	7	4	3	5	4	0	4	2	3	4	2	3	3	4	0	5	8	3	1	4	4	4	1	5	4	5	0	2
chr9	61173670	61173753	84	8	0	84	47	37	6	1	1	4	2	3	5	0	3	3	4	4	2	2	4	2	3	1	2	3	1	1	2	3	1	3	1	1	5	2	1	6
chr9	61173824	61173886	63	8	0	63	24	39	0	1	1	0	2	4	6	0	1	1	4	2	0	0	0	0	0	2	1	3	5	2	1	3	5	4	1	4	2	3	1	2
chr9	61173931	61174139	209	8	0	209	150	59	25	3	7	21	9	3	4	11	7	4	5	8	14	3	6	18	3	6	0	4	9	0	0	1	4	3	0	5	11	1	0	12
chr9	61174194	61174397	204	8	0	204	94	110	7	3	4	6	7	8	10	6	3	5	11	9	3	5	5	1	6	8	3	5	11	8	3	9	7	8	4	9	7	8	6	7
chr9	61174473	61174761	289	8	0	289	212	77	46	12	15	26	9	6	3	10	15	2	5	5	28	7	8	13	13	4	2	8	6	4	0	5	2	1	0	5	8	6	0	13
chr9	61174839	61175445	607	8	0	607	426	181	70	17	24	52	25	12	13	18	23	11	10	17	45	18	18	51	24	11	4	20	13	7	1	14	9	3	2	12	22	14	5	20
chr9	61175462	61175799	338	8	0	338	233	105	43	8	17	28	11	8	6	18	20	2	5	12	22	7	7	18	13	4	0	9	10	3	3	6	8	5	0	5	12	10	1	15
chr9	61175814	61175865	52	8	0	52	22	30	0	0	1	1	1	2	5	3	1	2	0	2	0	1	1	0	3	0	2	0	2	1	0	3	5	4	1	4	2	1	1	1
chr9	61175901	61176007	107	8	0	107	74	33	12	1	8	11	5	4	2	6	7	1	2	1	6	2	0	4	3	2	0	3	0	0	0	4	10	0	0	0	4	2	0	5
chr9	61176008	61176131	124	8	0	124	86	38	15	6	6	9	9	0	3	6	4	3	3	7	7	2	1	4	6	1	0	4	2	1	0	4	2	0	0	0	8	4	0	5
chr9	61176149	61176285	137	8	0	137	96	41	21	1	10	15	7	1	3	4	7	2	1	3	12	2	0	6	3	1	0	2	4	1	0	5	4	4	0	3	4	4	0	5
chr9	61176331	61176410	80	8	0	80	48	32	2	3	2	5	2	6	1	3	5	0	3	2	3	4	3	4	3	5	1	3	5	1	1	1	0	0	0	0	3	2	0	5
chr9	61176547	61176691	145	8	0	145	109	36	19	5	2	16	8	3	3	6	6	1	3	8	10	3	3	12	7	3	0	1	3	0	0	1	1	0	0	1	9	1	0	8
chr9	61176692	61176751	60	8	0	60	47	13	13	1	2	4	0	0	2	4	4	1	1	2	4	2	1	4	2	0	0	2	0	0	0	1	0	0	0	0	4	1	0	3
chr9	61176797	61176979	183	8	0	183	138	45	37	3	6	19	7	3	2	1	9	3	4	4	13	3	8	14	4	4	0	4	2	0	0	7	1	0	0	3	6	5	2	7
chr9	61177017	61177251	235	8	0	235	108	127	9	4	4	5	6	9	13	12	5	1	13	7	2	5	7	6	5	10	1	3	17	11	1	15	8	14	1	13	10	10	1	5
chr9	61177347	61177703	357	8	0	357	227	130	29	13	18	14	16	14	11	11	11	8	9	11	16	10	12	22	15	13	0	17	8	3	1	14	9	2	1	8	20	8	0	11
chr9	61177728	61177802	75	8	0	75	53	22	4	0	4	6	4	1	2	3	2	2	2	3	4	5	4	5	3	0	0	6	0	0	0	0	2	0	0	2	5	0	0	4
chr9	61177853	61178019	167	8	0	167	108	59	21	6	6	7	3	2	6	10	5	1	4	5	11	6	4	9	3	3	0	9	7	5	0	5	7	3	0	2	4	6	0	5
chr9	61178089	61178190	102	8	0	102	65	37	6	4	1	6	2	11	4	6	2	2	0	2	7	6	1	4	18	2	0	2	4	0	0	2	0	1	0	1	2	3	0	1
chr9	61178256	61178788	533	8	0	533	328	205	41	17	17	30	24	12	17	28	17	7	13	23	23	16	12	31	28	10	2	12	20	15	2	17	13	8	3	14	20	21	3	15
chr9	61178845	61179281	437	8	0	437	255	182	37	18	16	17	22	9	24	15	18	8	13	12	12	9	11	12	16	10	0	18	19	13	1	13	17	8	0	15	18	15	1	18
chr9	61179334	61179731	398	8	0	398	214	184	38	12	16	15	21	9	23	16	15	9	7	8	7	4	8	5	13	12	1	8	24	16	0	19	19	15	0	16	12	16	1	11
chr9	61179754	61180060	307	8	0	307	153	154	12	5	12	10	10	11	18	11	15	8	11	6	1	7	10	4	12	11	0	8	17	17	2	15	13	8	0	11	8	15	0	17
chr9	61180161	61180285	125	8	0	125	68	57	11	3	4	6	9	1	7	3	2	2	4	2	3	6	1	2	7	4	0	1	9	4	0	8	2	7	0	5	2	6	0	2
chr9	61180331	61180386	56	8	0	56	33	23	3	1	6	1	4	1	2	0	1	5	2	1	3	0	0	2	2	0	0	5	2	1	0	2	1	1	0	0	2	3	0	3
chr9	61180507	61180606	100	8	0	100	54	46	1	4	2	8	5	3	3	6	7	2	4	2	1	2	1	2	6	2	0	3	7	8	0	3	1	1	0	0	3	7	0	4
chr9	61180652	61180706	55	8	0	55	29	26	4	1	5	0	3	0	3	4	2	3	0	1	1	1	0	0	4	1	0	0	2	2	0	2	2	2	0	4	2	2	0	2
chr9	61180740	61180827	88	8	0	88	43	45	7	2	1	2	1	6	7	2	2	2	5	2	2	1	1	0	2	3	2	4	9	2	0	2	2	2	0	4	2	5	0	4
chr9	61180897	61180986	90	8	0	90	50	40	8	1	0	5	1	6	5	3	1	2	2	4	4	2	4	2	5	5	0	1	7	2	0	4	1	3	0	2	2	3	0	3
chr9	61181008	61181095	88	8	0	88	41	47	7	1	3	3	2	4	5	0	1	2	4	1	4	2	0	2	2	3	2	2	6	3	2	5	2	8	1	2	1	2	1	3
chr9	61181151	61181263	113	8	0	113	78	35	9	4	5	9	5	2	3	3	5	2	3	4	8	3	3	10	5	2	0	3	3	1	0	3	1	0	0	1	3	4	0	7
chr9	61181347	61181416	70	8	0	70	47	23	3	0	4	5	4	0	1	0	1	2	3	3	4	4	1	10	1	3	0	2	3	0	1	2	0	0	0	2	1	3	1	4
chr9	61181425	61181614	190	8	0	190	127	63	18	4	7	15	10	5	4	12	8	4	5	9	8	6	4	8	9	3	0	6	8	2	0	1	4	1	0	1	9	5	0	12
chr9	61181683	61181847	165	8	0	165	111	54	30	7	7	12	10	2	4	9	9	2	1	3	7	1	2	4	4	4	0	4	6	4	0	3	7	1	0	5	8	4	0	3
chr9	61181867	61181921	55	8	0	55	39	16	4	2	3	3	1	1	2	2	4	0	1	3	2	2	2	6	2	0	0	3	0	1	0	1	0	0	0	0	4	1	0	3
chr9	61182016	61182079	64	8	0	64	26	38	0	0	2	0	2	6	6	0	0	2	6	2	0	0	0	0	2	1	0	5	4	1	0	1	4	3	1	4	3	2	1	4
chr9	61182171	61182268	98	8	0	98	42	56	1	1	4	1	4	6	5	1	0	3	5	6	2	1	1	0	4	3	1	3	6	5	2	3	3	7	1	3	4	2	2	6
chr9	61182269	61182338	70	7	0	70	52	18	13	6	1	4	3	0	2	0	2	0	2	2	5	3	2	6	3	1	2	3	1	1	0	1	0	0	0	0	1	1	0	3
chr9	61182339	61182568	230	7	0	230	155	75	28	7	13	18	9	3	6	8	12	6	6	5	16	2	7	7	9	2	0	7	6	5	0	5	5	3	0	4	7	6	0	16
chr9	61182574	61182760	187	7	0	187	135	52	22	7	11	13	4	3	5	6	8	4	2	3	19	7	6	14	5	2	1	13	2	1	0	4	4	0	0	2	8	3	1	5
chr9	61182810	61183110	301	7	0	301	201	100	18	9	9	18	11	9	7	17	8	3	4	7	18	17	13	32	17	8	1	12	8	4	0	8	8	4	0	7	11	4	1	6
chr9	61183147	61183244	98	7	0	98	64	34	8	5	3	3	4	3	1	7	0	1	0	4	7	3	1	12	8	3	1	0	5	2	1	3	1	5	0	0	2	1	0	2
chr9	61183261	61183319	59	7	0	59	40	19	6	3	2	3	3	2	1	4	1	1	1	2	4	2	1	3	6	0	0	1	1	0	0	2	0	1	0	1	3	2	0	1
chr9	61183370	61183449	80	7	0	80	56	24	11	2	4	6	5	2	3	2	4	0	2	3	3	3	1	5	3	1	0	3	1	0	0	0	4	0	0	1	3	0	0	6
chr9	61183508	61183617	110	7	0	110	69	41	12	3	5	4	3	5	4	3	6	4	2	1	4	1	3	8	7	2	0	3	3	1	1	4	1	3	1	1	4	3	0	6
chr9	61183652	61183817	166	7	0	166	116	50	10	6	10	14	12	2	2	4	8	4	5	4	10	5	3	16	9	2	0	6	2	3	0	4	1	0	0	1	8	4	0	9
chr9	61183880	61183945	66	7	0	66	44	22	2	2	2	3	3	1	3	3	2	3	0	5	2	2	3	7	4	1	0	3	2	0	0	1	0	0	0	0	4	2	0	4
chr9	61184031	61184546	516	7	0	516	350	166	79	20	31	30	27	11	11	17	31	4	9	17	23	6	13	20	20	6	0	15	11	6	2	9	10	8	4	13	25	8	0	28
chr9	61184557	61184681	125	7	0	125	58	67	6	2	2	3	3	2	8	3	1	3	5	3	3	4	6	3	3	3	1	3	5	7	3	6	4	7	4	7	4	4	0	5
chr9	61184719	61184969	251	7	0	251	175	76	38	8	8	21	12	4	8	2	7	5	10	3	18	4	10	16	10	3	0	8	5	1	0	5	5	5	2	6	6	2	0	17
chr9	61184993	61185148	156	7	0	156	108	48	20	3	10	12	7	3	3	5	10	4	4	4	7	3	6	5	4	3	0	6	5	0	0	2	1	0	0	5	8	4	0	10
chr9	61185233	61185408	176	7	0	176	115	61	13	4	9	10	13	10	3	8	4	1	0	7	6	11	2	13	16	5	1	4	4	0	0	5	10	0	1	3	4	4	0	3
chr9	61185487	61185658	172	7	0	172	118	54	14	6	3	15	13	6	3	11	2	2	3	8	10	6	2	12	15	2	1	2	3	2	1	1	6	2	0	4	9	1	0	5
chr9	61185692	61186159	468	7	0	468	281	187	36	18	27	21	18	16	14	15	26	5	23	12	23	5	9	11	17	11	0	16	15	8	0	24	8	13	1	8	23	15	3	25
chr9	61186198	61186321	124	7	0	124	73	51	8	2	15	0	6	4	5	4	6	2	2	5	5	2	4	3	4	1	0	5	3	0	0	2	9	1	0	10	3	3	0	8
chr9	61186330	61186672	343	7	0	343	210	133	27	7	19	17	12	5	16	16	14	9	9	10	17	8	10	13	15	6	1	7	8	6	0	13	9	9	0	16	18	6	1	17
chr9	61186711	61186951	241	7	0	241	147	94	13	7	10	16	8	3	8	15	15	1	6	9	10	7	10	7	7	6	0	6	8	5	0	11	8	6	0	6	11	7	2	11
chr9	61186964	61187044	81	7	0	81	52	29	5	3	8	5	6	1	1	3	7	2	2	3	3	1	0	0	0	1	0	6	3	1	0	2	2	0	0	0	6	4	0	4
chr9	61187097	61187509	413	7	0	413	244	169	30	14	19	20	24	14	20	18	17	8	15	12	12	7	8	5	19	9	0	15	16	2	1	10	18	8	0	18	23	10	1	18
chr9	61187525	61188106	582	7	0	582	341	241	39	14	20	32	19	22	25	24	18	11	14	9	28	20	15	29	19	18	3	27	28	21	1	19	24	17	1	10	19	13	3	18
chr9	61188114	61188676	563	7	0	563	262	301	18	14	18	14	22	24	37	10	15	11	31	10	8	13	11	4	20	20	1	21	37	39	2	22	21	18	4	29	15	23	3	26
chr9	61188698	61188788	91	7	0	91	36	55	2	2	4	1	1	4	5	1	4	4	1	0	2	1	3	0	1	7	0	3	5	9	4	4	4	3	2	3	1	4	0	4
chr9	61188819	61189195	377	7	0	377	219	158	16	10	10	20	15	14	16	26	15	5	7	11	10	12	5	27	22	7	2	10	23	11	2	7	17	7	1	9	9	17	1	11
chr9	61189231	61189367	137	7	0	137	78	59	8	3	2	5	3	5	5	13	2	1	2	5	5	6	6	7	5	8	0	2	5	3	0	6	12	1	0	5	4	4	0	2
chr9	61189423	61189581	159	7	0	159	118	41	31	4	7	15	10	4	1	3	5	2	2	5	10	6	5	7	8	1	0	7	3	3	0	2	2	0	0	0	5	3	0	6
chr9	61189633	61189827	195	7	0	195	113	82	14	5	9	9	6	5	7	2	11	2	5	9	5	2	9	12	2	7	1	4	11	8	1	10	0	4	0	6	6	11	0	10
chr9	61189920	61190013	94	7	0	94	32	62	2	1	3	0	4	4	5	1	0	4	5	1	0	0	2	0	4	1	1	3	5	15	0	10	2	8	1	1	3	5	0	1
chr9	61190055	61190123	69	7	0	69	38	31	5	1	4	4	0	2	1	3	4	0	2	2	5	1	3	1	1	0	1	2	2	4	0	4	1	3	2	1	2	3	1	2
chr9	61190158	61190849	692	7	0	692	311	381	16	12	23	10	13	40	49	13	26	16	35	20	7	11	9	9	31	28	2	19	43	48	4	45	15	28	2	19	26	36	2	33
chr9	61191034	61191254	221	7	0	221	109	112	15	5	7	6	7	9	11	5	5	4	6	6	6	4	7	5	4	10	3	4	15	11	1	12	5	12	4	9	9	6	0	6
chr9	61191443	61191890	448	7	0	448	183	265	7	9	13	7	6	19	32	9	18	15	25	8	5	3	6	0	16	13	2	15	23	41	9	29	11	21	6	12	17	28	1	20
chr9	61191911	61192185	275	7	0	275	115	160	5	5	8	4	3	10	18	8	9	11	16	3	5	2	6	1	7	11	2	7	16	21	3	23	10	12	0	8	7	19	3	10
chr9	61192194	61193143	950	7	0	950	395	555	28	13	26	12	22	48	62	26	22	25	61	27	7	5	7	3	26	40	5	20	66	64	16	61	29	48	5	40	37	55	6	36
chr9	61193177	61193277	101	7	0	101	50	51	6	5	2	4	4	2	6	4	6	2	5	2	1	0	1	0	4	4	0	1	6	4	2	3	3	2	0	5	3	6	2	4
chr9	61193298	61193507	210	7	0	210	104	106	12	4	9	8	7	3	15	4	9	9	7	0	5	4	3	4	9	3	1	7	12	14	0	11	5	9	2	7	4	11	1	9
chr9	61193642	61194140	499	7	0	499	241	258	20	15	20	8	19	17	31	11	19	17	22	16	5	4	12	3	15	15	3	20	27	24	4	29	19	13	1	13	17	32	2	24
chr9	61194189	61195570	1382	7	0	1382	649	733	48	37	69	20	55	52	77	51	56	30	70	30	15	13	17	9	54	36	10	32	77	61	8	79	50	63	7	68	54	67	11	54
chr9	61195595	61195740	146	7	0	146	81	65	22	3	4	2	5	7	14	3	4	5	4	3	1	3	0	0	6	2	3	6	6	1	1	1	8	3	0	11	9	3	0	4
chr9	61195767	61196234	468	7	0	468	242	226	30	12	20	14	23	18	28	11	20	14	16	10	3	7	8	7	22	12	1	16	21	22	5	14	19	16	2	15	18	11	4	27
chr9	61196337	61196637	301	7	0	301	164	137	17	13	14	4	8	11	13	16	16	8	11	6	7	10	5	4	17	11	3	11	9	6	4	15	8	4	1	6	15	13	2	11
chr9	61196683	61196787	105	7	0	105	46	59	1	1	6	1	2	2	6	2	5	4	5	4	1	1	1	3	1	3	2	2	8	11	0	6	1	4	0	2	2	7	0	9
chr9	61196811	61197429	619	7	0	619	292	327	22	8	20	13	9	33	36	21	21	17	33	13	9	8	18	9	26	19	3	18	28	43	4	32	21	26	3	20	24	19	4	37
chr9	61197498	61197599	102	7	0	102	51	51	6	1	3	4	2	4	4	3	3	1	4	3	3	1	4	4	0	4	0	3	6	6	1	4	3	7	1	3	4	1	2	5
chr9	61197604	61197656	53	7	0	53	24	29	2	3	1	0	3	1	3	1	1	0	3	2	0	1	2	1	1	1	0	1	3	0	0	5	2	6	0	2	2	1	2	1
chr9	61197747	61197845	99	7	0	99	46	53	4	1	5	1	1	4	5	2	4	5	3	0	2	2	3	3	1	5	2	4	6	7	0	7	3	2	0	3	2	5	2	3
chr9	61197920	61198358	439	7	0	439	178	261	9	3	11	7	9	17	38	17	12	13	23	7	0	3	4	5	17	9	1	9	31	30	4	33	24	32	1	13	8	26	0	21
chr9	61198365	61198560	196	7	0	196	69	127	1	3	3	0	2	6	21	3	3	6	15	4	1	0	0	1	3	8	1	3	14	11	6	13	8	10	2	18	7	16	0	5
chr9	61198806	61198955	150	7	0	150	62	88	0	1	1	1	0	12	12	2	3	7	18	1	0	0	2	0	7	5	2	6	9	9	1	5	4	4	1	5	6	6	0	18
chr9	61198963	61199080	118	7	0	118	60	58	4	2	3	1	2	6	8	8	3	8	11	2	1	0	0	1	8	5	0	3	3	4	0	5	4	0	0	0	8	3	0	13
chr9	61199122	61199615	494	7	0	494	227	267	8	5	12	9	9	35	28	12	16	19	46	5	1	6	7	8	34	16	3	12	19	21	2	37	12	18	1	5	20	25	2	39
chr9	61199624	61199697	74	7	0	74	28	46	0	1	0	0	0	6	7	2	1	1	10	0	0	0	0	0	3	2	0	3	4	1	0	5	3	4	2	5	5	3	0	4
chr9	61199725	61199790	66	7	0	66	33	33	1	0	2	1	0	2	5	3	2	1	6	5	1	1	1	1	3	1	0	1	4	1	0	4	0	3	0	1	3	3	0	8
chr9	61199817	61199973	157	7	0	157	82	75	18	4	4	1	3	9	13	2	4	3	4	5	1	2	1	6	6	4	0	8	6	8	3	5	9	2	1	6	6	8	0	3
chr9	61199982	61200126	145	7	0	145	92	53	19	1	5	16	5	3	8	4	11	4	4	2	6	0	2	2	4	3	0	1	6	1	0	4	5	2	1	4	5	5	0	10
chr9	61200175	61200681	507	7	0	507	294	213	42	17	15	24	21	15	24	18	20	10	21	13	15	9	11	19	18	14	0	18	22	13	3	17	13	13	1	15	25	14	4	21
chr9	61200709	61200816	108	7	0	108	83	25	11	0	6	15	6	2	0	2	5	1	1	4	9	2	4	13	2	1	0	2	1	0	0	2	3	0	0	3	4	2	0	5
chr9	61200834	61201141	308	7	0	308	209	99	30	10	11	22	11	5	6	20	10	6	5	9	22	10	12	19	20	1	3	7	5	5	0	9	6	4	1	7	11	9	0	10
chr9	61201182	61201430	249	7	0	249	157	92	22	7	15	12	12	5	7	8	7	6	7	8	14	4	10	12	9	4	1	8	4	5	1	8	9	4	0	10	10	5	0	13
chr9	61201469	61201523	55	7	0	55	42	13	2	0	1	4	0	0	1	5	2	1	0	4	3	3	0	15	3	0	0	0	2	0	0	0	0	0	0	0	1	2	2	2
chr9	61201556	61201600	45	8	0	45	19	26	0	0	1	0	2	3	5	0	0	3	4	0	0	0	0	0	2	1	0	3	3	1	0	1	3	2	0	2	2	1	0	4
chr9	61201602	61201695	94	7	0	94	39	55	0	3	2	1	3	3	9	0	3	1	6	2	0	1	2	1	2	3	1	2	5	2	1	7	4	6	2	8	6	4	0	2
chr9	61201697	61201884	188	7	0	188	102	86	23	6	5	5	6	7	6	3	2	3	7	6	8	3	7	4	5	5	2	7	10	6	4	6	3	9	5	5	5	6	1	6
chr9	61201913	61203384	1472	7	0	1472	886	586	110	46	44	95	64	51	56	53	53	25	42	50	67	26	33	70	65	29	21	33	47	30	13	42	50	41	10	35	62	32	10	65
chr9	61203426	61203489	64	7	0	64	22	42	0	0	0	1	0	2	5	1	1	3	6	0	0	1	1	0	1	2	2	1	3	4	2	6	1	3	1	5	3	5	1	1
chr9	61203595	61203743	149	7	0	149	77	72	9	6	4	4	2	9	9	5	10	1	6	6	2	1	2	1	4	4	2	6	5	6	1	5	6	4	1	3	10	4	2	7
chr9	61203793	61204170	378	7	0	378	247	131	36	14	15	25	19	14	12	8	15	6	10	10	21	13	11	17	17	8	5	17	13	3	1	7	6	7	0	5	16	6	0	19
chr9	61204201	61204513	313	7	0	313	150	163	23	7	4	9	13	14	21	6	3	4	17	10	5	3	4	5	6	9	3	10	17	12	6	16	16	22	3	9	15	8	0	11
chr9	61204515	61204624	110	7	0	110	77	33	13	4	7	8	5	1	5	2	5	2	3	1	9	4	1	6	8	1	0	2	0	0	0	3	3	1	0	4	2	1	0	7
chr9	61204636	61204713	78	7	0	78	54	24	13	4	8	1	2	0	1	2	3	0	1	3	9	2	3	0	1	2	0	3	0	0	0	5	2	1	0	3	2	2	0	3
chr9	61204715	61205372	658	7	0	658	381	277	53	21	28	32	27	17	32	23	36	14	23	14	18	8	18	16	22	15	0	23	30	17	2	23	14	17	1	25	33	23	1	30
chr9	61205391	61205630	240	7	0	240	109	131	6	9	7	2	8	7	19	3	7	6	16	5	3	5	6	0	8	7	5	6	15	11	0	13	7	10	0	13	7	11	1	15
chr9	61205647	61205712	66	7	0	66	29	37	1	0	3	0	0	2	4	1	3	4	9	1	0	0	0	0	2	0	4	0	4	2	0	2	0	1	0	5	2	5	0	9
chr9	61205772	61206201	430	7	0	430	248	182	30	15	17	16	17	15	21	15	16	17	22	8	15	3	10	9	23	7	3	18	13	6	4	13	14	5	0	13	18	18	1	26
chr9	61206223	61206698	476	7	0	476	264	212	34	9	25	18	12	17	23	14	18	14	9	8	21	14	13	14	22	10	5	17	19	20	6	17	13	15	1	17	11	17	2	19
chr9	61206703	61206945	243	7	0	243	135	108	4	8	3	11	5	14	7	17	6	3	8	4	11	8	8	17	16	8	1	8	9	19	0	9	11	1	0	4	6	9	1	5
chr9	61207221	61207662	442	7	0	442	234	208	21	9	18	18	19	19	17	15	10	14	16	7	16	13	11	10	20	22	1	11	26	16	3	24	5	19	2	10	19	12	0	17
chr9	61207805	61208044	240	7	0	240	138	102	12	8	11	12	8	6	12	11	13	3	9	8	11	4	4	5	8	4	0	8	7	6	1	10	10	6	2	6	12	8	1	12
chr9	61208046	61208115	70	7	0	70	53	17	10	3	3	6	2	0	4	2	2	1	0	2	8	2	0	6	3	0	0	3	2	0	0	0	1	1	0	2	2	1	0	2
chr9	61208153	61208210	58	7	0	58	43	15	5	1	4	4	3	1	1	3	6	1	1	0	0	0	0	12	0	1	0	2	0	0	0	1	1	0	0	1	6	0	0	2
chr9	61208215	61208500	286	7	0	286	196	90	38	8	19	15	20	11	4	9	11	8	6	7	12	5	6	15	14	5	0	14	5	0	1	3	10	1	0	5	15	3	1	13
chr9	61208501	61208734	234	7	0	234	171	63	40	7	10	15	10	5	4	10	11	3	6	7	12	6	4	20	8	0	0	13	5	0	0	3	3	1	0	2	13	8	0	6
chr9	61208750	61208912	163	7	0	163	103	60	12	4	7	10	5	3	9	7	13	3	7	4	3	5	3	7	9	2	0	4	1	3	0	4	5	0	0	5	10	3	0	13
chr9	61208920	61209343	424	7	0	424	265	159	37	16	20	19	17	11	12	20	21	10	12	11	17	8	9	24	18	10	1	15	18	8	2	10	6	6	1	9	19	14	2	19
chr9	61209360	61209639	280	7	0	280	192	88	26	5	10	21	8	6	5	20	16	2	2	11	12	10	6	30	9	5	1	8	13	3	1	5	5	3	0	4	12	11	2	6
chr9	61209670	61209999	330	7	0	330	234	96	41	9	11	26	16	7	6	15	10	6	8	8	21	11	9	29	18	4	2	9	8	2	0	6	6	4	0	4	12	5	0	15
chr9	61210124	61210230	107	7	0	107	68	39	11	4	4	3	5	4	4	5	5	3	3	4	0	2	2	8	10	1	0	2	4	1	0	2	2	0	0	2	2	5	0	7
chr9	61210258	61211123	866	7	0	866	518	348	51	20	37	51	32	20	34	40	47	14	38	24	29	14	28	39	36	9	0	23	24	16	1	38	26	21	2	27	40	33	3	47
chr9	61211148	61211251	104	7	0	104	65	39	5	7	7	4	6	5	1	4	3	1	2	2	9	1	4	2	5	5	0	4	5	1	0	3	3	2	0	3	3	1	0	4
chr9	61211252	61211403	152	6	0	152	88	64	12	2	9	8	6	4	6	4	5	7	3	6	8	4	0	4	6	3	2	6	5	4	3	5	2	3	2	0	7	6	1	7
chr9	61211540	61211621	82	6	0	82	38	44	0	2	3	3	4	3	7	0	3	0	5	2	1	2	1	0	1	4	0	2	4	2	0	7	6	5	0	3	4	2	0	4
chr9	61211678	61212009	332	6	0	332	241	91	48	7	15	25	16	5	4	16	17	2	3	11	13	16	13	28	13	4	0	13	8	3	0	3	5	2	0	7	15	5	0	13
chr9	61212054	61212253	200	6	0	200	137	63	28	8	7	15	10	6	6	7	13	2	2	5	7	3	3	13	8	5	0	6	8	4	0	4	3	2	0	1	10	5	0	7
chr9	61212254	61212303	50	7	0	50	33	17	3	1	0	6	4	3	1	2	1	1	0	1	2	4	1	3	6	2	0	1	2	0	0	0	1	1	0	0	1	0	0	1
chr9	61212321	61212376	56	6	0	56	44	12	6	1	3	5	2	1	1	0	0	3	1	2	7	0	1	9	1	1	0	3	1	0	0	0	0	0	0	0	2	0	0	4
chr9	61212466	61212513	48	7	0	48	17	31	1	0	0	0	1	2	4	0	0	3	5	0	0	0	0	0	1	0	1	3	3	1	1	1	2	3	4	2	1	2	2	3
chr9	61212514	61212619	106	6	0	106	46	60	3	2	1	3	2	4	9	2	2	1	7	3	1	2	3	0	2	2	2	3	6	4	0	6	3	6	4	9	6	4	0	2
chr9	61212691	61212765	75	6	0	75	32	43	1	0	4	2	2	7	5	0	3	0	3	1	1	2	0	1	5	2	0	2	3	3	3	4	2	4	1	5	3	3	0	1
chr9	61212828	61213001	174	6	0	174	119	55	20	1	14	13	8	6	4	6	12	2	5	7	8	3	1	8	6	1	1	4	2	0	0	3	5	2	0	3	11	1	1	14
chr9	61213086	61213338	253	6	0	253	144	109	14	7	11	10	7	11	12	7	14	6	6	9	7	4	7	10	14	6	0	8	9	11	0	12	4	5	1	4	12	10	1	12
chr9	61213393	61213466	74	6	0	74	51	23	10	1	3	5	2	3	1	6	1	2	1	0	5	2	0	7	6	1	0	1	3	1	0	1	3	0	0	3	1	3	0	0
chr9	61213486	61213893	408	6	0	408	229	179	31	6	12	27	12	15	14	15	13	5	14	10	20	10	13	11	14	9	3	10	19	17	5	14	10	16	4	15	13	13	2	14
chr9	61213962	61214089	128	6	0	128	77	51	15	6	8	4	8	5	3	4	6	2	4	2	4	0	3	2	4	3	0	6	4	0	2	5	8	3	0	1	3	5	0	6
chr9	61214117	61214383	267	6	0	267	168	99	21	9	5	16	3	9	15	15	7	3	10	8	20	10	5	11	14	7	0	10	11	3	0	7	5	3	0	10	11	8	0	9
chr9	61214412	61214560	149	6	0	149	75	74	5	3	7	4	5	4	9	3	9	5	8	3	0	1	5	4	4	4	0	5	11	6	0	6	2	5	0	5	4	8	0	12
chr9	61214602	61215008	407	6	0	407	273	134	38	9	16	31	19	6	13	13	20	11	16	9	17	12	13	29	19	4	2	13	10	4	0	9	3	3	0	10	19	11	0	26
chr9	61215048	61215106	59	6	0	59	45	14	11	2	1	6	3	0	0	4	0	2	1	3	6	1	2	3	1	1	0	1	1	0	0	0	1	0	0	1	4	0	0	2
chr9	61215159	61215217	59	6	0	59	37	22	5	1	6	1	3	2	0	4	1	2	0	1	4	2	2	2	3	0	0	3	2	1	0	0	3	1	0	4	2	1	0	1
chr9	61215289	61215355	67	6	0	67	53	14	18	4	6	5	5	0	1	0	3	1	0	0	7	0	0	1	2	0	0	3	1	0	0	0	1	1	0	2	2	0	0	2
chr9	61215369	61215701	333	6	0	333	175	158	13	7	9	14	11	7	20	11	8	9	16	10	12	9	6	11	11	10	0	11	16	7	5	17	11	14	3	10	12	14	4	13
chr9	61215711	61216027	317	6	0	317	212	105	24	8	13	18	11	5	7	11	7	8	10	4	20	11	17	36	8	7	0	17	6	5	0	11	6	5	1	10	14	5	1	9
chr9	61216148	61216307	160	6	0	160	89	71	6	6	6	7	7	5	6	9	8	7	1	5	4	2	3	7	7	5	3	5	9	5	3	3	2	4	0	2	7	6	2	6
chr9	61216350	61216437	88	6	0	88	45	43	3	0	5	2	3	6	2	4	2	2	4	3	2	0	4	2	3	2	0	3	4	4	0	3	5	2	0	5	3	4	0	4
chr9	61216474	61216657	184	6	0	184	116	68	16	7	6	13	11	6	2	12	7	1	2	7	8	4	6	8	11	4	0	3	7	8	0	5	4	4	0	4	9	4	0	3
chr9	61216697	61217626	930	6	0	930	565	365	79	28	50	43	33	25	34	28	43	11	44	22	45	17	21	41	24	19	8	30	33	12	2	36	26	22	0	31	37	30	2	52
chr9	61217641	61217719	79	6	0	79	46	33	6	2	2	6	2	0	5	2	6	0	4	2	2	2	1	2	3	1	0	1	3	4	0	5	0	4	0	0	3	3	0	6
chr9	61217744	61217797	54	6	0	54	31	23	4	2	2	2	4	3	2	1	0	2	0	1	2	1	0	3	3	1	1	3	4	2	0	0	3	3	0	0	1	0	1	1
chr9	61217845	61218089	245	6	0	245	145	100	17	3	8	15	13	11	11	14	3	2	9	6	10	7	2	13	11	5	0	8	9	4	0	7	18	8	0	9	11	3	0	6
chr9	61218137	61218270	134	6	0	134	63	71	8	3	1	5	3	4	6	3	3	1	8	5	3	4	4	1	3	6	0	3	4	8	5	7	5	5	2	6	4	5	3	4
chr9	61218317	61218820	504	6	0	504	348	156	72	21	25	34	24	6	17	14	32	9	10	13	23	11	16	19	25	9	0	13	11	1	2	11	7	4	0	9	18	11	0	35
chr9	61218870	61219315	446	6	0	446	292	154	47	14	14	31	19	16	17	19	17	5	8	13	22	11	12	25	22	8	0	16	15	7	0	10	17	9	0	6	17	8	0	19
chr9	61219462	61219558	97	6	0	97	67	30	14	3	5	8	8	1	2	2	5	0	1	2	3	4	3	6	4	1	0	3	2	2	0	2	3	1	0	2	3	2	0	3
chr9	61219602	61219961	360	6	0	360	234	126	30	8	20	21	17	7	7	13	19	8	7	8	14	13	16	24	10	8	2	16	10	7	1	8	7	3	1	11	17	8	2	15
chr9	61219988	61220697	710	6	0	710	432	278	46	20	26	41	32	22	37	34	28	20	15	26	26	15	12	31	37	10	5	25	22	10	3	14	30	11	2	19	36	17	4	32
chr9	61220737	61220788	52	6	0	52	21	31	0	2	2	0	2	1	3	0	2	0	4	1	0	0	1	1	0	2	0	1	3	2	1	3	2	3	3	4	2	2	0	3
chr9	61220792	61220845	54	6	0	54	21	33	0	1	1	1	1	2	5	0	1	0	2	1	1	2	2	0	2	1	1	1	3	1	0	4	1	4	5	5	2	2	0	0
chr9	61220881	61221085	205	6	0	205	100	105	4	7	7	8	12	5	10	2	4	2	10	7	6	2	6	6	7	2	0	7	12	8	3	9	5	13	4	12	6	9	3	5
chr9	61221197	61221277	81	6	0	81	32	49	2	0	2	2	2	6	3	1	1	1	2	4	1	2	0	1	2	2	2	3	6	7	3	2	2	6	4	2	4	3	1	0
chr9	61221326	61221491	166	6	0	166	73	93	13	2	3	4	5	6	10	5	2	3	9	1	1	3	3	1	4	2	1	7	11	6	5	6	8	13	7	8	3	7	1	4
chr9	61221581	61221705	125	6	0	125	92	33	12	3	6	14	10	1	0	7	6	2	2	1	7	4	1	16	5	2	0	2	2	0	1	0	4	1	1	2	7	0	0	4
chr9	61221713	61221828	116	6	0	116	90	26	20	6	4	15	8	1	2	2	6	0	0	2	12	0	2	8	4	1	0	2	2	0	0	3	4	1	0	1	3	3	0	2
chr9	61221869	61222025	157	6	0	157	121	36	8	4	1	16	4	3	2	9	3	0	2	1	14	10	2	40	10	3	2	2	4	2	0	3	1	1	0	2	3	3	0	0
chr9	61222049	61222109	61	6	0	61	34	27	9	1	2	0	3	5	5	1	1	2	3	1	0	0	0	0	4	1	0	3	2	0	0	1	5	1	0	2	2	1	0	4
chr9	61222153	61222506	354	6	0	354	198	156	28	11	12	13	12	16	19	4	13	4	16	8	11	10	8	11	15	8	4	14	12	10	2	18	8	14	1	9	16	10	1	14
chr9	61222507	61222697	191	6	0	191	136	55	30	7	10	11	7	5	2	3	5	5	4	3	16	2	10	14	4	5	0	11	3	3	0	6	3	1	0	2	7	3	0	7
chr9	61222769	61222894	126	6	0	126	86	40	9	1	5	11	9	2	2	3	5	4	3	6	3	5	6	12	6	3	0	2	3	2	0	2	1	0	0	1	5	2	0	11
chr9	61222941	61223410	470	6	0	470	333	137	48	15	24	33	20	7	13	19	21	6	4	25	31	15	18	33	17	3	2	21	8	1	0	4	12	3	0	9	22	6	4	24
chr9	61223430	61223498	69	6	0	69	48	21	7	3	3	2	3	3	1	5	3	1	1	2	2	1	2	7	5	0	0	3	1	0	0	1	2	2	0	0	4	0	0	3
chr9	61223553	61223602	50	6	0	50	21	29	0	0	1	1	1	3	4	0	1	0	5	3	0	0	0	0	0	0	0	3	2	1	1	1	5	3	0	4	2	1	3	3
chr9	61223664	61224044	381	6	0	381	230	151	41	13	20	13	11	10	10	7	14	6	14	16	20	7	13	14	12	5	3	16	10	10	3	13	6	8	6	8	10	14	6	20
chr9	61224109	61224199	91	6	0	91	42	49	0	2	4	1	3	4	6	0	4	1	6	4	0	1	2	3	2	4	0	3	3	2	2	4	3	1	2	7	5	4	2	4
chr9	61224307	61224353	47	8	0	47	20	27	1	0	2	1	2	2	3	2	0	0	2	1	1	1	0	0	1	0	0	2	4	2	0	4	3	5	0	2	1	3	0	0
chr9	61224354	61224472	119	6	0	119	83	36	12	3	5	10	5	1	3	9	5	2	0	7	8	2	2	8	4	3	0	1	4	2	0	1	3	1	0	2	7	1	0	6
chr9	61224512	61224631	120	6	0	120	85	35	16	7	7	7	9	5	1	3	4	1	1	2	8	3	1	10	9	2	0	5	3	1	0	3	0	1	0	1	4	3	0	1
chr9	61224640	61224701	62	6	0	62	34	28	2	1	6	1	2	2	3	2	4	0	1	0	2	2	3	1	3	1	0	1	1	2	0	2	4	1	0	7	2	1	0	3
chr9	61224708	61224798	91	6	0	91	51	40	0	5	3	2	4	3	4	6	2	2	4	2	4	2	3	4	5	3	0	4	3	3	0	3	4	0	0	4	5	2	0	3
chr9	61224858	61225249	392	6	0	392	228	164	30	14	16	13	11	17	21	14	17	6	15	10	15	7	11	11	17	8	3	16	11	5	0	13	15	6	2	18	20	11	1	16
chr9	61225301	61225390	90	6	0	90	48	42	7	2	1	4	2	2	7	1	3	3	4	2	2	2	3	3	2	3	1	3	5	1	0	3	2	4	0	4	3	1	3	5
chr9	61225400	61225445	46	8	0	46	19	27	0	0	2	0	0	2	3	1	1	1	5	0	0	1	1	0	1	1	0	2	1	3	1	3	3	1	0	4	1	3	1	2
chr9	61225576	61225634	59	6	0	59	33	26	6	2	3	0	3	4	3	1	1	3	1	0	1	1	0	2	6	2	0	2	2	1	0	4	0	3	0	1	4	1	0	0
chr9	61225699	61225835	137	6	0	137	71	66	2	2	8	4	5	3	9	4	7	6	7	5	2	2	1	3	5	4	0	4	6	4	0	8	1	5	0	3	9	5	0	11
chr9	61225860	61225992	133	6	0	133	71	62	5	1	5	5	3	4	8	7	4	5	6	3	5	4	4	1	7	4	0	3	7	4	0	6	4	2	0	6	3	7	0	8
chr9	61225997	61226113	117	6	0	117	80	37	7	3	4	9	2	3	5	7	12	2	5	3	3	3	3	7	7	0	0	4	1	0	0	2	0	0	0	0	9	3	0	11
chr9	61226176	61226616	441	6	0	441	243	198	19	13	20	13	15	19	18	21	18	11	20	8	13	6	9	20	19	10	2	18	17	17	0	17	17	9	0	14	20	14	4	18
chr9	61226658	61226732	75	6	0	75	47	28	4	3	7	2	2	4	2	2	3	0	1	5	7	0	2	3	3	2	0	1	1	0	0	4	2	1	0	3	3	2	0	4
chr9	61226737	61226857	121	6	0	121	87	34	10	6	6	10	2	2	0	4	6	1	2	3	14	1	5	14	2	1	1	5	3	1	1	3	0	2	1	1	3	4	1	4
chr9	61226865	61227391	527	6	0	527	311	216	39	18	25	25	17	13	23	19	29	12	17	12	22	8	16	16	17	17	2	15	27	13	0	12	7	6	6	23	21	16	2	30
chr9	61227535	61227651	117	6	0	117	61	56	7	3	2	5	4	4	6	4	3	2	4	4	3	4	4	1	3	7	0	3	9	2	0	7	2	6	2	2	4	3	0	5
chr9	61227691	61227746	56	6	0	56	43	13	10	2	1	7	2	0	1	1	0	1	2	0	8	0	0	8	1	0	0	1	2	0	0	1	0	2	0	1	1	1	0	1
chr9	61227810	61227990	181	6	0	181	77	104	6	2	5	5	4	5	9	3	4	6	8	5	4	5	4	1	4	6	5	4	9	8	8	9	3	13	6	5	5	7	3	8
chr9	61228073	61228125	53	6	0	53	38	15	8	3	2	5	2	0	3	1	1	1	2	2	5	1	0	0	2	1	0	2	0	1	0	1	1	0	0	1	3	0	0	3
chr9	61228148	61228370	223	6	0	223	143	80	14	5	12	13	6	5	11	9	6	7	5	9	18	5	8	9	11	1	0	10	4	1	0	7	6	5	0	7	9	5	0	13
chr9	61228455	61228571	117	6	0	117	48	69	0	3	2	2	4	4	8	3	3	1	10	3	0	2	2	0	2	2	0	6	5	4	5	6	7	6	1	6	5	7	2	4
chr9	61228726	61228776	51	6	0	51	33	18	19	0	0	0	1	1	3	0	0	4	3	0	0	0	0	0	3	0	0	2	1	1	0	0	0	1	2	1	1	0	2	4
chr9	61228893	61228973	81	6	0	81	46	35	8	2	1	4	2	3	3	2	3	2	3	5	2	2	3	1	3	4	0	2	4	2	1	3	0	1	0	1	3	4	1	4
chr9	61229009	61229091	83	6	0	83	38	45	1	2	6	1	2	2	6	0	7	2	4	1	1	0	1	0	3	0	0	3	2	4	3	3	1	5	2	4	4	3	1	7
chr9	61229252	61229308	57	6	0	57	19	38	0	1	0	1	0	1	3	1	2	1	5	0	0	2	2	0	1	1	1	2	2	6	3	3	0	4	2	3	2	2	2	2
chr9	61229355	61229477	123	6	0	123	85	38	24	7	1	10	10	4	3	0	5	3	4	3	4	0	5	1	9	1	0	4	1	0	0	1	1	1	2	2	6	1	2	6
chr9	61229572	61229655	84	6	0	84	38	46	0	3	2	2	4	1	5	3	2	2	7	3	1	0	1	0	1	2	0	3	5	1	2	4	5	5	0	4	2	4	2	6
chr9	61229779	61229977	199	6	0	199	122	77	15	3	7	17	6	12	5	8	8	2	6	4	12	6	3	7	8	6	0	9	9	5	1	6	3	6	0	3	11	5	1	3
chr9	61230115	61230230	116	6	0	116	77	39	9	2	3	6	5	4	4	5	3	3	6	6	3	2	3	11	7	1	0	3	3	0	0	1	3	2	0	1	6	1	0	11
chr9	61230267	61230356	90	6	0	90	66	24	9	3	4	9	5	0	1	4	4	1	3	1	6	2	2	10	3	1	0	2	3	0	0	0	2	1	0	3	3	1	0	5
chr9	61230377	61230539	163	6	0	163	119	44	28	7	8	9	4	1	5	4	9	3	5	2	10	6	8	8	7	0	0	10	2	0	0	2	1	0	0	3	4	4	0	11
chr9	61230655	61230726	72	6	0	72	26	46	0	3	2	1	5	3	5	0	1	0	4	0	0	0	0	0	1	4	0	1	6	1	3	4	4	7	5	4	2	2	0	2
chr9	61230738	61230990	253	6	0	253	130	123	15	6	5	9	10	10	14	8	6	7	11	9	4	5	8	1	12	6	3	7	13	7	2	8	6	9	4	13	11	8	3	11
chr9	61231057	61231178	122	6	0	122	73	49	9	4	6	6	6	2	3	5	6	2	5	4	4	2	4	4	5	3	0	2	3	3	2	4	4	3	0	2	4	3	0	10
chr9	61231220	61231473	254	6	0	254	122	132	28	4	3	6	8	9	12	5	4	7	13	7	2	4	6	2	5	10	6	3	13	8	6	12	9	13	6	10	7	8	6	10
chr9	61231478	61231532	55	6	0	55	32	23	1	1	3	3	1	1	3	2	6	0	2	3	0	1	1	4	0	1	0	2	2	1	0	2	2	1	0	1	3	2	0	4
chr9	61231587	61231680	94	6	0	94	53	41	12	2	3	4	4	2	6	2	2	3	5	2	3	1	0	2	4	1	0	2	3	6	0	3	3	1	0	4	4	4	0	4
chr9	61231698	61231739	42	6	0	42	24	18	5	0	1	2	1	1	1	1	1	2	3	1	1	1	2	0	1	1	0	2	3	2	0	1	0	0	0	0	1	3	0	3
chr9	61231760	61231884	125	6	0	125	67	58	4	2	6	6	7	6	5	4	6	2	8	7	1	0	0	3	4	2	0	4	5	2	0	6	5	4	0	3	8	5	2	6
chr9	61282380	61282428	49	8	0	49	21	28	0	1	3	1	1	3	3	1	4	3	1	0	0	0	0	0	1	4	1	1	3	2	1	2	2	0	0	2	2	2	1	2
chr9	61282707	61282811	105	8	0	105	52	53	9	3	3	3	4	3	5	3	3	2	8	1	2	0	1	1	2	2	0	4	7	2	1	3	5	4	4	5	2	5	1	5
chr9	61283321	61283384	64	8	0	64	43	21	8	3	3	4	4	3	0	3	4	1	0	1	2	1	0	5	4	1	2	1	2	0	1	1	1	1	0	0	2	2	1	1
chr9	61285046	61285108	63	7	0	63	27	36	1	2	0	0	0	3	3	3	1	2	4	5	1	0	1	0	1	5	1	0	3	3	2	4	1	2	0	1	5	2	2	3
chr9	61286192	61286244	53	7	0	53	19	34	0	0	1	1	0	1	4	0	2	1	4	0	0	2	2	0	1	0	0	2	3	3	2	3	0	5	3	4	1	3	1	2
chr9	61287705	61287777	73	7	0	73	31	42	0	1	2	1	3	4	6	0	1	2	5	3	0	0	1	0	2	1	1	4	4	1	1	3	4	4	2	4	3	3	2	3
chr9	61288808	61289002	195	7	0	195	94	101	8	6	7	3	7	12	17	4	10	5	8	1	0	0	0	4	9	5	0	9	7	7	2	8	13	6	1	10	11	6	1	6
chr9	61289274	61289355	82	7	0	82	50	32	5	0	3	4	4	3	2	4	0	1	2	7	3	2	2	7	4	0	1	2	3	3	0	2	2	2	0	2	3	3	1	3
chr9	61289512	61289565	54	7	0	54	30	24	7	2	0	1	2	1	3	4	1	4	2	1	0	1	1	0	4	2	0	2	3	1	0	2	2	0	0	0	1	3	0	2
chr9	61293894	61293958	65	7	0	65	44	21	7	2	2	0	3	3	2	2	2	3	2	5	0	0	3	7	6	0	1	1	0	0	0	0	0	0	0	0	3	0	1	8
chr9	61294951	61295013	63	7	0	63	35	28	16	1	0	0	1	2	5	0	0	3	5	0	0	2	0	0	3	1	0	3	3	1	0	1	0	2	2	2	2	1	1	4
chr9	61298600	61298666	67	7	0	67	31	36	0	3	2	2	4	1	7	2	3	1	4	2	0	0	0	0	0	2	0	3	2	1	0	4	6	2	1	3	5	1	1	3
chr9	61301071	61301168	98	7	0	98	53	45	6	2	0	4	1	3	5	9	1	1	3	6	4	2	3	3	3	3	0	2	6	3	0	3	4	5	0	3	5	3	0	3
chr9	61302967	61303013	47	7	0	47	21	26	2	1	1	3	3	2	2	0	2	2	2	1	0	0	0	0	2	1	2	0	1	1	1	3	2	1	2	2	2	3	1	0
chr9	61303986	61304033	48	7	0	48	32	16	6	2	4	2	3	0	1	2	2	0	1	1	3	0	2	3	1	0	0	1	1	0	0	1	3	0	0	3	1	1	0	2
chr9	61306121	61306168	48	7	0	48	20	28	0	1	0	2	0	2	3	1	2	1	1	1	1	2	3	0	1	1	1	3	5	1	2	0	0	1	3	4	0	4	0	0
chr9	61307564	61307660	97	7	0	97	70	27	4	2	4	12	4	2	0	6	7	2	1	4	7	1	5	8	4	1	1	1	2	0	0	0	1	1	0	2	5	0	1	7
chr9	61308864	61308956	93	7	0	93	65	28	31	9	1	0	9	1	2	2	0	4	3	1	1	0	0	1	10	1	1	2	1	0	1	0	1	0	1	2	2	1	1	2
chr9	61310249	61310335	87	7	0	87	35	52	0	1	3	2	2	2	5	1	3	2	7	1	0	2	2	0	1	1	1	4	5	4	2	5	1	6	3	6	4	5	2	2
chr9	61310461	61310506	46	7	0	46	26	20	4	0	1	3	0	2	2	2	1	1	2	2	2	0	1	1	1	0	1	1	3	1	0	1	0	3	1	2	2	1	0	3
chr9	61312173	61312223	51	7	0	51	37	14	7	3	4	2	1	2	1	2	4	1	1	1	4	0	0	2	4	0	0	2	1	0	0	0	0	0	0	0	1	1	0	5
chr9	61312278	61312595	318	7	0	318	136	182	34	2	4	7	5	9	13	3	4	8	20	9	4	6	7	1	5	5	6	9	10	15	21	11	8	22	14	13	7	15	9	10
chr9	61314393	61314460	68	7	0	68	39	29	6	5	2	2	5	2	5	2	2	1	0	1	2	1	2	1	4	1	0	3	2	1	0	1	6	2	0	4	2	0	0	1
chr9	61314824	61314872	49	7	0	49	29	20	3	1	2	4	1	0	2	1	5	0	2	1	1	1	3	1	1	1	0	0	0	1	0	4	3	0	0	1	0	4	0	4
chr9	61315728	61315775	48	7	0	48	34	14	4	3	5	3	3	0	1	0	4	1	1	1	4	1	1	2	1	0	0	3	0	0	0	1	0	0	0	0	2	1	0	4
chr9	61317397	61317534	138	7	0	138	68	70	6	5	2	5	5	4	10	3	4	2	6	4	3	3	4	2	3	8	1	2	9	5	1	8	3	7	0	6	7	3	0	5
chr9	61321100	61321148	49	7	0	49	41	8	9	2	2	7	1	0	1	1	2	0	1	0	7	1	0	6	2	0	0	1	1	0	0	0	0	0	0	0	0	1	0	2
chr9	61326627	61326782	156	7	0	156	114	42	27	5	9	14	8	2	1	6	8	1	2	4	12	4	4	5	4	3	1	4	3	0	1	1	3	1	0	6	7	1	2	5
chr9	61326856	61326917	62	7	0	62	24	38	0	0	3	0	0	6	4	0	3	3	3	0	0	0	0	0	3	3	0	3	2	5	1	5	2	2	0	2	3	3	3	1
chr9	61328662	61328703	42	7	0	42	29	13	4	1	1	3	1	3	0	5	1	1	0	0	2	1	1	4	5	0	0	0	1	0	0	0	2	1	0	1	1	0	0	1
chr9	61329169	61329212	44	7	0	44	19	25	0	3	2	1	5	0	2	1	1	0	2	0	0	0	0	0	1	2	0	0	1	2	2	2	7	2	0	3	1	1	0	1
chr9	61330506	61330569	64	7	0	64	15	49	0	0	1	0	0	3	1	0	1	2	5	0	0	0	0	0	0	2	2	1	2	6	8	2	4	5	7	2	0	5	1	2
chr9	61331835	61331885	51	7	0	51	37	14	8	2	0	3	2	2	0	6	0	0	1	2	3	2	0	5	5	1	0	0	1	1	0	0	1	0	0	1	2	0	0	1
chr9	61333090	61333140	51	7	0	51	28	23	2	3	2	1	1	4	3	2	3	1	2	0	1	0	0	1	3	2	2	1	3	0	0	0	2	0	0	4	3	1	0	2
chr9	61333453	61333530	78	7	0	78	47	31	16	4	2	2	5	2	3	2	1	1	6	0	1	0	1	0	5	0	0	2	3	1	0	2	3	3	0	3	1	2	0	5
chr9	61334163	61334247	85	7	0	85	34	51	2	3	1	1	2	6	5	0	2	1	5	3	1	1	0	0	2	6	0	3	6	4	2	6	1	3	3	3	4	4	3	0
chr9	61334377	61334540	164	7	0	164	109	55	26	6	6	10	11	2	3	8	7	3	4	5	4	6	3	5	5	3	1	8	7	1	1	1	2	3	1	2	10	3	0	5
chr9	61334778	61334877	100	7	0	100	60	40	5	3	4	8	5	1	2	6	3	2	3	2	7	2	3	4	3	1	1	3	3	1	1	4	6	3	0	2	2	5	0	3
chr9	61335273	61335342	70	7	0	70	39	31	3	2	3	4	3	1	3	2	5	2	0	4	1	1	2	2	3	0	0	3	3	4	1	2	2	2	0	0	2	4	1	3
chr9	61338362	61338457	96	7	0	96	60	36	7	2	4	6	4	3	4	4	7	3	4	4	1	1	3	2	6	0	0	3	2	1	0	2	1	2	0	1	6	2	0	9
chr9	61338512	61338609	98	7	0	98	56	42	7	4	5	4	7	1	2	5	5	3	2	4	1	1	3	1	5	2	2	0	2	2	0	8	2	3	0	1	5	5	0	4
chr9	61338919	61339037	119	7	0	119	53	66	1	3	3	4	3	2	9	4	5	4	7	2	2	0	2	2	2	2	0	4	6	6	0	8	6	6	3	3	4	6	2	6
chr9	61339101	61339376	276	7	0	276	150	126	9	14	3	8	9	16	7	23	9	5	6	4	7	9	9	10	24	11	3	6	11	16	2	9	12	1	1	6	8	10	2	4
chr9	61339518	61339772	255	7	0	255	149	106	14	9	5	13	9	11	10	12	8	6	4	7	10	9	9	12	15	9	2	10	14	6	2	7	7	3	1	4	6	11	1	7
chr9	61339839	61339926	88	7	0	88	55	33	14	4	5	1	6	3	2	6	3	2	1	4	0	0	0	2	6	1	0	2	5	2	0	1	3	2	0	1	3	3	0	4
chr9	61340387	61340449	63	7	0	63	37	26	3	5	0	2	2	0	6	1	4	0	3	1	1	3	1	4	5	2	0	1	2	1	1	1	1	2	0	1	1	0	0	7
chr9	61340515	61340606	92	7	0	92	60	32	14	5	6	6	8	1	2	2	6	1	1	1	3	1	2	0	2	1	0	4	5	0	0	2	3	3	0	2	3	3	0	3
chr9	61340717	61340777	61	7	0	61	37	24	6	4	4	1	5	1	1	0	3	0	4	1	1	2	1	2	3	1	1	2	1	0	0	4	1	0	0	1	2	3	1	3
chr9	61340948	61341020	73	7	0	73	45	28	7	3	3	3	4	0	3	1	2	1	3	5	3	0	2	3	0	2	1	1	2	3	0	2	2	1	0	3	4	1	1	5
chr9	61341446	61341489	44	7	0	44	26	18	3	1	3	1	3	2	1	4	1	0	0	4	1	0	0	1	2	1	0	1	2	0	0	0	3	0	0	3	3	1	1	0
chr9	61341707	61342037	331	7	0	331	216	115	29	7	14	23	14	6	8	9	17	8	9	16	13	8	15	18	10	11	1	7	13	4	1	8	2	1	2	5	14	10	0	26
chr9	61342309	61342351	43	7	0	43	28	15	5	3	3	2	2	0	2	2	5	0	1	1	1	0	0	1	1	1	0	0	1	0	0	1	1	1	0	0	3	0	0	4
chr9	61342669	61342843	175	7	0	175	105	70	6	7	9	7	9	7	7	2	3	8	5	5	11	6	3	10	12	4	4	8	5	4	0	4	3	0	1	2	5	6	0	10
chr9	61343151	61343226	76	7	0	76	47	29	8	4	3	4	6	0	2	4	2	1	1	2	3	1	4	2	2	1	0	3	2	0	0	2	5	2	1	3	3	1	0	2
chr9	61343531	61343945	415	7	0	415	247	168	33	15	23	20	22	11	15	14	31	8	13	13	5	8	6	9	16	7	4	15	16	7	0	13	8	7	1	8	22	15	7	21
chr9	61344388	61344449	62	7	0	62	34	28	2	2	0	5	3	1	7	3	2	1	1	2	1	1	0	2	3	1	0	1	2	0	1	1	6	2	1	3	2	1	0	3
chr9	61344776	61344857	82	7	0	82	59	23	10	4	6	6	6	0	1	3	3	1	2	2	6	2	1	5	3	0	0	3	1	1	0	0	3	1	0	2	3	0	0	5
chr9	61346029	61346071	43	7	0	43	29	14	4	1	1	2	1	2	0	2	0	0	0	2	3	3	2	6	3	2	0	1	2	1	0	1	0	0	0	0	0	0	2	0
chr9	61346313	61346386	74	7	0	74	48	26	1	1	2	6	1	4	3	4	2	1	1	5	6	2	1	7	5	0	1	2	2	1	0	0	1	0	0	4	4	2	1	2
chr9	61346883	61347102	220	7	0	220	123	97	31	5	5	8	7	6	8	7	1	3	8	9	10	5	5	3	6	5	4	4	8	7	4	10	6	11	3	8	8	6	3	4
chr9	61347531	61347598	68	7	0	68	24	44	0	2	0	0	0	6	4	2	2	0	6	2	0	0	0	0	4	1	2	1	4	6	1	3	2	4	1	3	2	5	0	3
chr9	61347774	61347932	159	7	0	159	76	83	5	3	4	5	4	9	8	8	6	4	9	5	2	2	2	0	9	4	1	4	4	6	3	8	9	3	2	5	7	8	2	6
chr9	61348281	61348322	42	7	0	42	29	13	7	1	1	3	2	1	2	1	2	1	0	3	1	0	2	1	0	2	0	1	1	0	0	1	0	0	0	0	4	0	0	3
chr9	61348432	61348559	128	7	0	128	73	55	5	6	6	3	4	1	8	5	7	3	3	1	4	4	6	6	6	2	2	3	4	1	1	3	4	5	1	8	4	1	0	9
chr9	61349005	61349058	54	7	0	54	37	17	5	1	2	4	1	3	2	4	1	1	1	1	4	4	1	1	4	1	0	4	1	0	0	0	1	0	0	1	3	0	0	1
chr9	61349437	61349532	96	7	0	96	64	32	8	7	4	3	3	3	4	2	6	0	2	4	5	3	4	5	8	2	0	3	1	0	0	3	0	1	0	1	3	0	2	7
chr9	61349607	61349651	45	7	0	45	22	23	1	2	2	0	1	5	3	0	1	0	3	0	1	0	1	0	3	1	0	3	2	0	0	2	3	1	0	4	2	2	0	0
chr9	61349708	61349862	155	7	0	155	98	57	9	5	3	14	6	5	4	8	10	1	5	5	6	3	2	11	8	1	1	4	6	4	0	6	2	3	0	1	7	8	1	4
chr9	61349961	61350015	55	7	0	55	24	31	1	2	3	1	1	1	1	2	5	1	2	1	0	0	2	0	2	1	1	0	3	4	2	3	1	3	0	2	0	4	1	3
chr9	61350384	61350445	62	7	0	62	31	31	2	1	1	2	2	1	2	5	1	2	5	2	1	1	1	1	3	1	0	1	2	2	1	4	2	1	0	3	4	5	0	1
chr9	61351253	61351317	65	7	0	65	31	34	2	2	3	1	3	2	3	0	2	2	2	2	1	0	5	0	1	2	1	2	2	2	1	3	3	3	1	4	2	1	1	4
chr9	61351779	61351892	114	7	0	114	86	28	19	1	1	15	4	1	5	5	4	1	4	2	10	7	1	4	7	0	0	3	1	0	0	0	4	0	0	2	4	1	0	6
chr9	61352178	61352222	45	7	0	45	42	3	6	2	0	12	2	0	0	1	1	0	0	0	10	0	0	6	2	0	0	0	0	0	0	0	0	0	0	0	1	0	0	0
chr9	61352342	61352388	47	7	0	47	23	24	2	2	3	0	3	2	2	1	2	1	0	2	0	2	0	0	3	3	1	0	2	2	0	3	2	1	0	1	1	2	1	1
chr9	61352645	61353318	674	7	0	674	364	310	44	11	25	28	18	23	32	24	21	16	30	23	25	16	11	16	25	21	3	17	29	22	11	29	18	19	5	20	25	29	4	32
chr9	61353570	61353644	75	7	0	75	52	23	12	6	4	2	3	1	4	3	3	1	2	2	5	0	0	3	6	0	0	2	1	1	0	0	2	1	0	1	2	0	0	6
chr9	61353818	61353859	42	7	0	42	28	14	3	3	1	2	0	0	1	3	3	0	1	2	3	1	2	2	2	0	0	2	0	1	0	2	0	0	0	0	2	3	0	1
chr9	61353952	61354016	65	7	0	65	47	18	13	4	3	6	6	0	0	1	3	1	3	0	4	1	0	1	3	1	0	2	1	1	0	1	1	0	0	1	3	1	0	2
chr9	61354883	61354932	50	7	0	50	19	31	0	0	1	1	1	2	4	0	1	0	5	1	0	1	1	0	0	2	0	2	2	3	1	5	1	3	0	4	4	2	1	0
chr9	61354984	61355073	90	7	0	90	31	59	2	1	1	1	1	4	4	3	2	3	7	2	0	0	0	0	0	6	2	0	6	4	4	6	2	8	4	2	4	2	3	4
chr9	61355358	61355471	114	7	0	114	85	29	16	5	2	13	2	2	3	7	8	1	1	3	10	2	3	7	4	1	1	4	1	0	0	1	1	1	0	0	7	0	2	4
chr9	61356181	61356254	74	7	0	74	41	33	1	2	6	0	4	1	4	1	1	4	2	4	3	1	4	1	4	1	0	3	2	3	0	2	0	2	0	4	4	1	0	7
chr9	61356505	61356633	129	7	0	129	75	54	9	4	6	3	3	5	6	4	3	5	7	2	7	2	5	3	7	3	0	6	4	4	0	3	4	0	0	6	3	4	0	9
chr9	61356702	61356799	98	7	0	98	61	37	5	2	1	9	4	2	2	8	2	2	4	4	6	2	3	5	3	2	1	2	5	1	0	3	2	2	1	1	4	4	0	4
chr9	61357001	61357072	72	7	0	72	48	24	6	2	3	5	5	1	1	4	1	0	0	5	4	2	2	6	3	1	0	1	1	2	0	1	6	0	0	2	2	1	1	2
chr9	61357667	61357758	92	7	0	92	64	28	13	3	3	8	5	3	3	2	5	2	4	3	4	1	2	3	4	1	0	4	0	0	0	2	0	0	0	2	9	0	0	4
chr9	61357843	61357921	79	7	0	79	35	44	3	2	2	3	2	6	4	0	5	0	1	3	0	0	4	0	3	3	1	1	3	4	2	4	6	3	1	4	0	3	2	2
chr9	61358227	61358630	404	7	0	404	212	192	53	10	7	7	9	17	23	7	6	8	20	11	9	7	11	7	10	13	6	12	25	11	2	18	10	18	7	13	11	14	3	17
chr9	61359290	61359366	77	7	0	77	55	22	13	1	5	6	1	0	2	2	5	1	0	1	6	5	4	3	2	0	0	4	1	0	1	1	1	0	0	3	1	3	1	2
chr9	61359756	61359843	88	7	0	88	46	42	4	2	4	2	3	5	4	4	4	1	1	5	1	2	1	2	5	4	0	1	4	2	3	3	3	2	1	2	4	3	0	4
chr9	61360188	61360233	46	7	0	46	28	18	7	1	1	2	1	0	0	4	1	0	3	4	2	0	0	2	0	1	0	0	2	3	0	2	0	0	0	2	3	3	0	0
chr9	61360393	61360438	46	7	0	46	25	21	2	1	2	1	2	1	3	1	3	1	3	2	0	1	1	0	2	1	0	1	1	2	0	2	2	0	0	0	2	1	0	6
chr9	61360693	61360791	99	7	0	99	40	59	1	1	2	1	2	7	8	2	2	5	4	1	0	1	1	0	6	0	4	4	4	1	2	6	8	5	3	4	2	7	1	2
chr9	61361479	61361524	46	7	0	46	23	23	1	0	4	0	3	3	0	1	0	0	1	1	1	5	2	0	3	1	1	3	3	3	0	1	0	1	1	2	1	1	0	1
chr9	61361672	61361713	42	7	0	42	20	22	0	1	0	0	0	1	1	2	0	0	7	0	1	3	4	0	0	3	0	2	3	0	0	2	1	1	0	2	0	1	0	5
chr9	61362132	61362236	105	7	0	105	57	48	16	0	13	0	1	0	0	0	12	0	13	0	0	0	0	0	0	0	0	0	0	6	0	15	1	0	0	1	0	15	0	10
chr9	61362477	61362612	136	7	0	136	79	57	23	5	4	5	4	2	5	5	2	1	3	2	8	5	1	2	5	4	3	1	7	8	2	3	2	6	3	5	2	2	0	4
chr9	61362709	61362782	74	7	0	74	46	28	4	2	7	3	4	3	1	2	5	0	0	0	3	5	3	3	3	2	1	5	1	0	1	3	4	1	0	1	1	2	0	2
chr9	61363224	61363357	134	7	0	134	77	57	6	8	3	7	8	4	3	6	7	1	5	3	3	2	7	4	4	6	1	3	8	4	0	3	3	2	1	4	5	3	0	8
chr9	61363589	61363797	209	7	0	209	98	111	9	6	4	6	6	6	14	5	5	3	12	7	5	5	3	1	4	7	1	8	10	4	3	14	5	13	7	7	12	8	3	4
chr9	61365098	61365164	67	7	0	67	43	24	2	0	5	5	1	3	2	2	4	0	2	3	3	4	1	4	3	4	0	0	2	0	0	4	1	0	0	1	2	2	0	5
chr9	61365223	61365273	51	7	0	51	38	13	2	0	1	7	2	2	2	2	3	1	1	0	3	2	0	9	4	0	0	2	0	0	0	1	0	0	0	0	3	1	0	1
chr9	61365514	61365597	84	7	0	84	54	30	7	0	6	6	3	2	3	4	4	2	2	3	5	3	1	3	3	0	0	4	2	0	0	1	3	0	1	4	4	3	1	2
chr9	61365807	61365901	95	7	0	95	65	30	2	1	0	2	1	17	2	5	0	0	0	1	2	10	3	18	25	0	0	3	0	0	0	0	0	0	0	0	0	0	0	1
chr9	61366105	61366217	113	7	0	113	77	36	0	1	1	0	0	13	4	12	0	3	0	0	2	10	1	29	21	1	0	5	1	0	0	0	3	0	0	1	3	0	0	0
chr9	61367088	61367176	89	7	0	89	52	37	8	4	2	3	3	4	4	2	3	1	4	3	3	2	3	2	6	1	0	3	3	1	0	4	4	0	0	2	0	6	2	4
chr9	61368347	61368462	116	7	0	116	87	29	12	4	7	11	3	0	2	5	5	0	1	3	14	7	5	7	3	1	1	5	0	0	0	1	4	0	1	3	3	0	0	6
chr9	61369140	61369207	68	7	0	68	44	24	3	3	2	8	6	2	2	4	2	2	0	2	5	1	0	2	4	3	0	1	4	0	0	1	2	0	0	1	3	2	0	1
chr9	61369441	61369568	128	7	0	128	76	52	12	6	8	2	4	4	4	5	5	1	5	1	7	4	3	4	4	6	0	6	4	4	0	5	5	1	0	4	4	3	0	5
chr9	61369737	61369798	62	7	0	62	44	18	7	5	3	2	3	0	2	1	1	0	0	2	6	5	2	5	4	1	1	4	0	0	0	2	1	0	0	0	1	1	0	1
chr9	61370110	61370166	57	7	0	57	38	19	5	2	2	4	2	2	1	3	3	1	2	0	3	0	2	5	2	1	0	3	3	0	0	0	1	0	0	2	2	2	0	2
chr9	61370222	61370350	129	7	0	129	62	67	8	3	0	6	3	6	6	3	3	4	5	2	3	3	4	2	3	6	4	3	11	4	2	4	2	5	2	7	2	6	4	1
chr9	61371725	61371938	214	8	0	214	146	68	22	11	7	20	11	3	7	8	10	5	3	4	17	3	5	9	7	4	2	9	7	0	2	4	4	3	0	3	10	6	0	6
chr9	61372041	61372100	60	8	0	60	35	25	7	0	1	5	2	3	2	2	2	1	1	1	2	2	2	0	4	1	1	0	1	3	1	1	3	2	1	2	1	0	1	3
chr9	61372182	61372227	46	8	0	46	30	16	4	1	2	3	2	0	0	6	2	1	2	0	2	2	0	2	3	0	1	0	0	0	0	1	4	1	0	1	1	0	1	2
chr9	61372531	61372583	53	8	0	53	20	33	0	0	0	1	0	1	4	3	1	2	5	0	0	0	0	2	0	1	0	2	2	5	1	5	2	4	0	2	4	3	0	1
chr9	61372693	61372912	220	8	0	220	134	86	17	10	4	12	8	8	6	14	8	1	9	7	10	4	6	8	7	7	1	8	12	3	1	6	7	7	0	2	11	5	0	9
chr9	61373062	61373123	62	8	0	62	35	27	3	1	2	1	0	3	2	2	1	0	6	5	3	1	2	2	2	2	0	0	0	1	0	5	1	1	0	2	4	2	0	6
chr9	61373724	61373813	90	8	0	90	63	27	7	5	4	6	2	1	1	10	5	1	1	4	8	2	2	4	6	0	1	1	0	0	0	2	2	0	0	2	6	2	0	3
chr9	61374769	61374816	48	8	0	48	27	21	1	3	4	0	4	3	2	0	1	2	0	0	2	2	0	2	5	2	0	3	2	2	0	1	1	0	0	1	1	1	0	1
chr9	61374875	61374925	51	8	0	51	38	13	2	1	3	5	1	1	0	4	1	0	0	5	6	1	1	6	0	2	0	1	1	0	0	2	0	0	0	0	4	1	0	1
chr9	61374994	61375210	217	8	0	217	137	80	12	8	7	11	5	5	13	8	8	7	3	6	13	7	9	15	13	2	0	12	4	7	0	4	5	4	0	5	9	2	0	11
chr9	61375555	61375640	86	8	0	86	53	33	4	4	2	3	4	4	4	4	2	1	1	4	4	2	3	5	7	2	0	2	2	1	0	2	2	0	2	4	5	2	0	2
chr9	61376183	61376320	138	8	0	138	80	58	13	6	4	5	7	5	5	3	1	6	7	2	7	2	3	4	7	1	1	9	6	8	0	2	1	2	0	3	6	5	0	5
chr9	61377039	61377227	189	8	0	189	92	97	15	4	3	6	5	9	8	5	2	3	10	4	6	3	6	3	4	7	2	5	15	9	2	8	4	13	1	6	4	5	3	7
chr9	61377364	61377460	97	8	0	97	69	28	22	8	2	3	6	2	2	2	3	1	0	1	4	4	4	4	9	2	0	4	1	3	0	3	0	0	0	0	1	2	0	2
chr9	61377651	61377849	199	8	0	199	114	85	12	5	5	10	7	7	7	10	3	2	5	8	10	4	6	11	7	6	4	1	10	9	0	6	8	6	1	9	6	4	1	7
chr9	61378158	61378209	52	8	0	52	24	28	1	2	0	1	2	1	2	5	1	1	2	3	0	0	2	0	1	2	0	1	3	3	1	3	4	2	0	0	1	3	1	2
chr9	61378275	61378403	129	8	0	129	89	40	16	6	3	11	11	3	3	5	5	3	2	5	4	3	4	3	8	2	0	5	5	0	0	1	3	0	0	1	6	4	0	5
chr9	61378613	61378663	51	8	0	51	46	5	6	1	1	10	1	0	0	1	2	0	1	0	9	1	0	12	1	0	0	1	0	0	0	0	0	0	0	0	1	0	0	1
chr9	61379037	61379191	155	8	0	155	89	66	16	4	6	6	10	5	7	8	5	5	5	5	1	1	1	3	9	3	1	2	4	1	2	4	9	2	2	5	7	5	1	8
chr9	61379488	61379547	60	8	0	60	38	22	4	1	4	3	1	1	3	1	2	2	1	1	5	4	4	1	2	0	1	5	1	0	0	1	2	0	0	2	1	2	0	3
chr9	61379825	61379891	67	8	0	67	43	24	9	2	3	3	1	1	3	1	3	1	3	0	4	2	1	4	1	2	0	3	4	0	0	3	0	1	0	3	1	4	0	2
chr9	61380515	61380721	207	8	0	207	117	90	32	4	6	6	6	10	13	0	4	4	8	2	6	4	8	2	8	4	2	8	8	4	0	8	9	9	3	9	4	3	1	10
chr9	61381303	61381379	77	8	0	77	44	33	4	4	3	3	5	0	4	4	2	2	2	2	3	2	1	2	2	3	1	2	2	1	1	3	4	2	0	3	5	1	0	2
chr9	61381928	61381979	52	8	0	52	17	35	0	1	0	0	0	1	3	2	1	1	4	2	0	0	2	0	2	1	0	0	1	3	4	4	3	5	0	2	0	5	0	3
chr9	61382169	61382223	55	8	0	55	32	23	6	1	2	1	2	0	3	2	2	3	2	2	1	0	3	0	1	1	0	2	3	0	0	3	2	1	0	1	1	4	0	4
chr9	61382500	61382625	126	8	0	126	74	52	10	7	5	6	9	2	3	6	6	1	5	4	3	3	0	4	5	3	2	2	7	1	0	5	4	3	1	2	4	6	1	4
chr9	61383043	61383111	69	8	0	69	29	40	0	2	1	1	0	2	3	4	2	0	2	4	2	1	1	2	0	2	2	2	6	11	0	3	1	3	1	1	2	4	1	1
chr9	61383325	61383378	54	8	0	54	37	17	7	0	2	3	1	1	3	2	2	2	1	3	3	0	1	4	1	0	0	2	1	1	0	1	0	1	0	1	5	1	0	3
chr9	61384302	61384385	84	8	0	84	52	32	5	3	4	5	2	0	4	3	6	0	4	4	4	5	1	2	4	0	1	3	2	1	1	2	0	1	0	2	3	4	0	6
chr9	61384575	61384650	76	8	0	76	56	20	3	0	2	3	0	5	0	4	1	0	0	1	4	5	4	22	7	0	0	3	2	0	0	2	0	3	0	1	1	1	0	0
chr9	61384853	61384940	88	8	0	88	63	25	7	2	3	10	2	1	3	3	8	1	0	4	4	0	3	11	2	1	0	1	3	1	0	3	0	0	0	0	4	5	0	4
chr9	61384999	61385095	97	8	0	97	55	42	6	3	3	4	3	3	4	3	2	1	3	4	5	2	2	7	1	4	0	3	7	5	0	4	2	2	0	2	3	5	0	2
chr9	61385575	61385638	64	8	0	64	41	23	4	0	1	5	2	0	2	1	5	0	2	2	0	3	7	6	1	0	0	2	0	2	0	2	1	0	0	5	3	2	1	3
chr9	61385809	61385861	53	8	0	53	35	18	7	3	1	3	2	0	2	3	4	2	1	0	1	1	1	3	5	0	0	0	2	2	0	1	0	0	0	0	0	3	0	4
chr9	61386382	61386444	63	8	0	63	24	39	2	0	2	0	1	4	4	0	1	1	3	0	0	3	3	0	2	3	1	2	5	4	1	4	0	4	0	6	2	2	1	0
chr9	61387041	61387100	60	8	0	60	45	15	2	1	2	2	1	2	0	4	2	2	3	0	2	1	1	18	3	1	0	2	1	0	0	1	0	0	0	0	3	1	0	3
chr9	61387774	61387838	65	8	0	65	47	18	14	4	1	5	3	1	1	2	3	0	0	1	4	3	3	2	3	2	0	2	3	1	0	1	0	0	0	0	1	2	0	1
chr9	61389076	61389183	108	8	0	108	76	32	20	2	4	10	4	2	3	2	6	0	4	3	5	2	3	4	3	1	1	1	0	0	1	4	3	1	0	4	5	3	0	5
chr9	61389248	61389346	99	8	0	99	58	41	7	6	6	2	4	4	5	2	3	1	3	2	6	1	1	4	4	1	1	6	3	4	0	2	3	3	1	3	5	1	0	3
chr9	61389540	61389998	459	8	0	459	326	133	48	13	14	33	17	6	8	21	19	11	17	9	24	13	19	53	19	4	3	17	2	2	1	12	7	5	0	4	24	7	0	25
chr9	61390201	61390290	90	8	0	90	43	47	3	2	3	2	3	6	3	4	2	1	3	5	2	1	2	1	3	4	1	2	3	2	2	7	4	5	1	1	6	3	0	1
chr9	61390466	61390538	73	8	0	73	48	25	25	3	2	1	4	2	3	0	2	1	4	1	0	0	0	0	3	0	1	2	1	1	1	1	1	3	0	1	4	0	0	4
chr9	61390714	61390797	84	8	0	84	60	24	6	2	3	5	0	0	2	6	2	1	4	4	8	5	1	9	2	2	1	3	1	0	0	2	1	0	1	0	4	1	0	6
chr9	61390938	61390991	54	8	0	54	35	19	5	3	3	3	3	3	2	1	3	1	1	1	1	1	1	1	2	3	0	3	3	0	0	0	0	0	0	2	4	0	0	2
chr9	61391694	61391769	76	8	0	76	52	24	9	4	2	4	2	4	2	7	3	0	1	3	5	0	0	5	5	1	0	2	4	0	0	0	2	2	0	0	4	1	0	2
chr9	61392126	61392304	179	8	0	179	120	59	9	4	4	8	6	7	5	14	5	2	1	3	5	9	2	35	12	2	1	6	8	1	0	3	8	3	1	2	4	6	0	1
chr9	61392372	61392541	170	8	0	170	101	69	15	10	2	6	5	4	6	5	6	1	5	5	7	9	8	6	7	9	1	7	5	8	0	10	2	0	1	1	6	7	0	4
chr9	61392668	61392769	102	8	0	102	62	40	10	3	7	3	3	3	7	2	6	1	1	5	4	3	1	1	5	2	0	3	4	1	0	4	3	3	0	2	3	3	0	7
chr9	61393203	61393276	74	8	0	74	46	28	5	1	3	3	3	1	2	3	1	0	4	4	3	1	5	6	1	0	0	2	2	1	0	2	4	2	0	4	2	2	0	5
chr9	61393334	61393379	46	8	0	46	26	20	7	0	4	1	0	0	5	0	4	2	0	0	1	0	0	0	1	0	0	1	0	0	0	6	3	3	0	0	1	3	0	2
chr9	61394051	61394133	83	8	0	83	54	29	11	6	4	4	6	6	1	3	2	0	0	2	5	2	0	1	6	4	0	4	3	3	0	0	3	0	0	1	4	0	0	0
chr9	61394197	61394257	61	8	0	61	41	20	5	0	5	6	3	2	0	2	3	1	0	1	4	2	3	3	2	0	0	2	1	0	0	3	3	2	0	1	1	2	0	2
chr9	61394310	61394367	58	8	0	58	36	22	4	2	2	4	2	0	3	2	4	3	1	0	1	1	4	2	2	0	0	4	1	1	0	1	0	2	0	2	4	1	0	3
chr9	61394481	61394624	144	8	0	144	91	53	15	2	12	3	5	6	6	3	5	3	3	4	7	5	2	8	6	2	0	9	6	1	0	3	5	1	0	4	3	6	0	7
chr9	61394749	61394839	91	8	0	91	48	43	8	2	0	4	2	6	4	3	1	1	3	2	3	4	4	1	5	4	0	3	6	4	1	3	2	3	0	3	2	2	1	2
chr9	61394947	61395003	57	8	0	57	40	17	13	4	4	1	0	1	1	1	3	0	1	2	5	1	0	2	2	1	1	1	1	2	1	1	0	0	0	0	0	2	0	4
chr9	61395390	61395464	75	8	0	75	30	45	4	0	2	3	3	6	4	0	1	0	2	3	1	1	0	0	1	2	3	1	8	4	1	3	2	7	2	3	2	3	0	1
chr9	61395631	61395695	65	8	0	65	39	26	18	0	1	0	1	3	6	1	1	3	3	0	0	0	0	0	2	1	0	3	2	0	0	1	5	2	1	2	2	0	1	4
chr9	61396492	61396541	50	8	0	50	33	17	7	1	2	2	3	1	2	0	1	1	1	1	1	4	2	3	3	1	0	3	1	1	0	2	0	0	0	0	2	1	0	2
chr9	61396693	61396881	189	8	0	189	126	63	17	8	6	11	11	4	4	10	4	7	7	6	10	1	5	14	16	4	0	0	2	2	0	5	2	0	0	7	9	3	2	10
chr9	61396937	61397008	72	8	0	72	46	26	9	3	6	2	3	3	3	0	7	1	2	1	1	2	2	1	3	1	0	4	2	0	0	1	1	0	0	1	3	2	0	6
chr9	61397216	61397257	42	8	0	42	27	15	7	3	1	2	4	0	0	3	1	1	0	0	1	1	1	1	4	1	0	0	2	3	0	0	1	1	0	0	0	0	0	2
chr9	61397512	61397560	49	8	0	49	37	12	4	1	4	6	3	1	0	1	2	0	0	2	6	1	0	5	0	2	0	1	2	0	0	1	0	0	0	0	2	1	0	2
chr9	61397898	61397944	47	8	0	47	30	17	5	1	0	1	0	1	3	5	1	3	0	0	1	3	2	4	5	2	0	1	2	0	0	0	1	0	0	1	1	0	0	2
chr9	61398140	61398190	51	8	0	51	36	15	5	5	3	1	0	1	1	2	2	1	2	0	7	1	2	2	1	1	0	5	1	1	0	0	0	0	0	0	2	0	0	3
chr9	61399384	61399449	66	8	0	66	52	14	12	0	2	8	1	1	1	5	2	1	0	1	7	3	0	6	3	0	1	1	0	0	0	1	3	0	0	1	2	1	1	0
chr9	61399684	61399828	145	8	0	145	82	63	14	3	4	4	6	7	8	1	3	4	13	3	2	2	3	3	4	3	0	9	3	1	0	6	7	3	2	2	9	3	0	11
chr9	61399958	61400078	121	8	0	121	81	40	12	3	5	10	4	2	4	1	6	1	1	5	8	5	9	4	3	3	0	6	2	2	0	6	2	1	0	1	3	4	0	6
chr9	61400150	61400282	133	8	0	133	103	30	18	2	6	14	3	1	2	7	5	2	1	5	15	4	1	16	3	1	0	4	3	2	0	1	1	0	0	1	6	3	0	4
chr9	61400340	61400618	279	8	0	279	131	148	11	4	4	10	5	15	13	7	5	3	16	8	9	5	7	7	5	12	4	7	15	9	9	13	11	14	4	13	9	11	5	7
chr9	61400826	61400969	144	8	0	144	105	39	15	5	7	13	4	0	3	10	3	2	3	4	18	4	3	11	2	1	1	6	1	0	0	2	8	1	0	3	6	1	0	5
chr9	61401706	61401971	266	8	0	266	193	73	38	4	7	28	7	4	3	16	16	1	3	8	16	6	6	28	6	2	3	4	9	6	0	3	5	2	1	4	10	8	2	8
chr9	61402190	61402383	194	8	0	194	140	54	22	10	7	19	8	5	1	9	9	1	3	5	18	5	6	11	10	2	2	7	5	1	1	3	0	2	0	2	8	4	1	5
chr9	61402705	61402753	49	8	0	49	22	27	3	3	1	0	2	2	5	0	1	0	2	0	1	1	0	0	2	1	0	2	2	4	0	3	4	2	0	2	1	2	0	1
chr9	61402920	61403026	107	9	0	107	72	35	8	4	8	5	8	2	1	3	3	1	4	5	6	5	4	5	4	1	0	7	1	0	0	2	2	1	0	3	7	1	0	4
chr9	61403153	61403223	71	9	0	71	33	38	3	2	5	0	2	1	4	2	3	2	2	1	2	1	2	1	2	1	0	2	4	2	2	1	3	4	1	6	0	3	1	4
chr9	61403417	61403531	115	9	0	115	67	48	6	1	4	8	2	1	6	8	7	4	6	2	4	4	2	2	3	3	1	3	7	0	0	2	2	3	0	4	5	3	1	9
chr9	61403733	61403788	56	9	0	56	33	23	2	1	3	2	2	0	2	4	3	1	1	2	1	0	1	6	0	1	0	1	2	4	0	2	3	1	0	2	3	2	0	2
chr9	61404051	61404095	45	9	0	45	24	21	2	3	1	1	2	0	2	5	1	2	0	0	2	1	0	1	2	0	2	2	4	0	0	0	2	3	2	0	1	1	0	1
chr9	61404449	61404653	205	9	0	205	134	71	13	6	8	15	3	2	7	11	8	4	9	5	17	3	1	21	4	4	4	3	5	1	3	6	6	3	1	4	8	6	0	12
chr9	61405326	61405367	42	9	0	42	28	14	1	1	2	5	2	0	2	1	4	1	0	2	2	2	1	1	1	1	0	2	0	1	0	1	0	0	0	0	4	0	1	2
chr9	61405595	61405637	43	9	0	43	27	16	6	1	1	4	1	3	3	1	4	1	0	0	1	0	0	1	3	1	0	1	0	0	0	1	3	0	0	1	2	1	0	1
chr9	61406221	61406461	241	9	0	241	164	77	14	13	5	17	12	5	10	8	11	1	3	14	13	8	10	19	9	5	2	10	5	2	0	4	4	1	0	5	17	3	0	9
chr9	61406764	61406842	79	9	0	79	56	23	12	3	2	6	0	0	4	4	5	0	2	1	6	0	2	8	2	0	0	1	1	1	0	3	1	1	0	4	3	3	0	2
chr9	61407548	61407604	57	9	0	57	31	26	0	1	2	2	1	0	5	4	3	3	1	1	1	1	3	1	1	2	0	2	0	0	0	3	6	1	0	3	3	0	0	5
chr9	61408068	61408165	98	9	0	98	62	36	8	5	6	4	4	7	1	4	6	0	5	4	5	1	0	2	7	1	1	4	0	0	1	2	3	0	0	0	5	2	2	6
chr9	61408705	61408789	85	9	0	85	40	45	3	1	1	2	3	1	2	5	1	5	5	6	0	2	1	1	4	1	2	1	2	4	5	4	1	2	0	1	5	8	1	3
chr9	61409270	61409356	87	9	0	87	39	48	3	1	4	0	0	6	5	2	6	0	8	2	0	0	0	0	1	5	0	1	2	6	0	9	6	1	0	1	5	5	0	6
chr9	61409599	61409780	182	9	0	182	119	63	19	3	13	13	7	5	8	6	10	5	2	4	12	4	1	7	7	3	0	7	2	1	0	5	7	3	1	5	10	1	2	7
chr9	61410094	61410158	65	9	0	65	39	26	6	3	5	0	2	1	1	2	5	1	4	1	1	3	3	1	4	0	0	4	1	0	0	3	1	0	0	0	0	3	2	6
chr9	61410347	61410395	49	9	0	49	24	25	2	3	0	0	1	4	3	2	2	0	0	0	0	2	2	2	6	3	0	0	4	1	0	2	0	4	0	2	1	0	0	1
chr9	61411480	61411527	48	9	0	48	28	20	4	1	0	5	2	2	2	5	2	0	0	1	2	1	0	1	2	1	0	0	4	1	0	0	5	1	0	2	0	2	0	0
chr9	61411651	61411696	46	9	0	46	33	13	3	3	3	2	1	0	1	3	2	0	0	3	5	4	1	2	3	1	0	2	0	0	0	0	0	0	0	0	2	0	0	3
chr9	61412069	61412177	109	9	0	109	67	42	11	1	5	6	7	1	4	4	2	1	7	1	3	7	1	5	7	1	0	2	3	1	0	4	3	1	0	8	4	5	0	2
chr9	61412386	61412434	49	9	0	49	17	32	1	1	1	0	1	1	4	0	1	2	2	0	0	0	2	0	1	0	0	2	3	4	0	4	2	3	4	3	0	4	0	1
chr9	61412996	61413046	51	9	0	51	34	17	5	3	1	3	1	2	1	3	2	0	2	2	4	1	1	2	1	0	1	3	0	0	0	1	2	0	1	1	5	1	0	0
chr9	61413098	61413169	72	9	0	72	42	30	5	2	3	3	2	0	4	2	4	2	2	2	2	4	1	3	2	1	1	4	1	3	0	1	3	0	1	2	3	2	2	3
chr9	61413781	61413896	116	9	0	116	84	32	25	3	4	9	6	3	3	2	6	3	2	3	3	0	1	10	3	3	0	3	3	2	0	1	2	0	0	0	6	1	1	6
chr9	61414719	61414797	79	9	0	79	57	22	12	4	3	1	2	1	1	4	1	0	0	3	5	6	3	10	4	2	2	3	2	1	0	1	2	0	0	0	0	1	0	3
chr9	61414964	61415023	60	9	0	60	31	29	3	5	1	0	3	4	1	3	3	1	2	1	0	0	2	2	3	4	0	2	4	1	0	2	2	1	1	0	2	2	1	2
chr9	61415183	61415224	42	9	0	42	26	16	2	1	1	2	1	5	0	2	1	2	0	0	2	0	2	4	5	0	2	1	0	0	0	0	3	0	1	0	0	0	1	2
chr9	61415311	61415364	54	9	0	54	28	26	1	4	1	1	3	5	3	1	2	2	0	0	1	1	2	0	6	2	0	5	5	1	0	0	0	1	1	0	1	2	0	1
chr9	61416296	61416351	56	9	0	56	31	25	3	0	1	5	2	1	1	5	2	0	0	3	2	2	1	3	0	1	1	1	5	3	0	1	2	4	0	0	2	2	0	1
chr9	61416635	61416686	52	9	0	52	32	20	4	1	0	5	3	0	2	5	1	2	1	2	2	1	1	2	3	1	0	0	2	3	0	0	1	1	0	1	3	0	0	3
chr9	61416806	61416856	51	9	0	51	27	24	5	1	2	2	1	1	1	0	2	0	1	1	2	1	5	0	0	1	0	2	2	5	0	5	0	2	0	2	1	4	0	0
chr9	61417245	61417291	47	9	0	47	26	21	0	1	6	3	5	0	1	1	3	1	1	1	2	0	0	0	0	1	0	1	0	2	0	4	2	2	0	2	4	1	0	1
chr9	61417357	61417416	60	9	0	60	33	27	5	3	2	4	3	2	3	0	5	1	2	0	1	0	1	0	2	3	0	1	2	0	1	1	1	1	2	4	4	1	1	2
chr9	61417736	61417868	133	9	0	133	100	33	26	4	4	12	6	2	1	5	4	0	1	3	10	6	6	10	5	2	2	3	2	0	0	2	3	1	0	3	4	0	0	4
chr9	61418859	61418938	80	9	0	80	56	24	4	4	3	4	3	3	2	2	2	1	1	4	6	0	3	13	2	0	2	4	0	0	0	1	3	1	1	1	5	0	0	3
chr9	61419499	61419631	133	9	0	133	68	65	16	3	1	4	4	6	7	3	3	1	8	2	1	2	6	1	2	6	0	4	7	3	1	10	5	6	0	5	6	5	0	3
chr9	61420205	61420314	110	9	0	110	75	35	3	3	4	10	2	3	2	4	3	1	4	3	12	5	6	9	4	1	1	6	0	0	1	3	3	0	0	4	4	3	0	4
chr9	61420487	61420581	95	9	0	95	47	48	4	3	3	0	3	3	10	1	2	4	5	2	1	1	1	2	4	0	1	6	4	0	1	5	4	4	0	6	5	6	0	2
chr9	61420743	61420886	144	9	0	144	90	54	8	3	7	8	4	3	3	13	7	5	3	6	7	3	4	5	3	6	0	5	4	1	1	6	4	2	0	0	11	3	1	6
chr9	61421542	61421603	62	9	0	62	40	22	6	4	4	3	1	1	5	0	5	1	0	1	4	0	2	2	3	0	0	3	1	1	0	1	1	1	0	3	2	1	0	4
chr9	61421993	61422138	146	9	0	146	96	50	14	4	4	12	3	5	3	11	8	2	4	2	9	4	4	7	7	1	0	7	5	0	1	3	2	1	2	3	8	6	0	2
chr9	61422481	61422555	75	9	0	75	48	27	7	2	3	3	1	2	3	2	3	2	4	0	4	4	3	5	4	1	2	3	1	1	0	1	1	0	0	3	2	1	0	5
chr9	61422620	61422698	79	9	0	79	46	33	8	3	4	3	2	4	2	3	5	3	1	0	3	1	2	2	5	3	1	1	3	0	1	3	2	1	1	2	1	3	1	3
chr9	61423651	61423722	72	9	0	72	33	39	2	2	2	0	2	3	7	2	2	0	5	2	0	1	1	2	1	3	0	2	5	2	0	2	6	1	0	7	1	3	0	4
chr9	61423952	61424034	83	9	0	83	44	39	9	4	1	3	3	3	3	4	3	1	1	0	2	2	3	1	3	4	1	2	7	2	1	2	3	6	0	3	0	0	2	2
chr9	61424099	61424260	162	9	0	162	105	57	37	3	5	8	5	6	6	2	7	6	4	4	4	1	4	2	4	4	2	6	5	1	2	3	4	3	1	0	6	3	3	9
chr9	61424359	61424526	168	9	0	168	92	76	23	4	6	3	6	7	8	4	3	2	9	5	4	5	1	2	7	5	1	4	8	3	2	6	6	7	1	6	4	4	2	8
chr9	61424740	61424810	71	9	0	71	44	27	3	5	3	5	3	0	4	4	6	0	0	0	3	1	3	3	3	1	0	2	3	0	0	3	3	3	0	2	2	2	0	2
chr9	61425016	61425063	48	9	0	48	21	27	1	0	2	0	2	4	3	0	1	1	3	1	0	0	1	1	2	1	0	2	3	3	0	3	3	1	0	2	1	3	0	2
chr9	61425144	61425190	47	9	0	47	24	23	1	0	1	1	1	2	3	2	0	1	1	3	1	2	3	2	3	1	0	1	2	1	0	2	1	2	0	3	1	2	0	2
chr9	61426304	61426353	50	9	0	50	26	24	1	2	4	0	2	5	2	0	3	2	0	2	1	0	1	0	4	2	0	3	2	1	0	1	1	0	1	2	3	1	1	1
chr9	61426758	61426806	49	9	0	49	38	11	4	1	1	6	0	0	2	2	1	0	1	2	7	2	1	6	1	0	0	3	1	0	0	0	1	0	0	1	1	1	0	2
chr9	61428150	61428206	57	9	0	57	30	27	2	1	2	2	2	1	3	1	1	1	5	3	2	0	2	2	1	2	0	0	3	1	0	2	2	0	0	4	1	3	0	6
chr9	61429167	61429314	148	9	0	148	79	69	12	3	8	4	4	1	5	6	6	3	9	3	5	4	4	1	3	1	1	6	2	5	3	8	4	6	2	6	7	6	2	6
chr9	61429379	61429430	52	9	0	52	33	19	4	1	2	2	0	1	2	1	2	1	2	2	3	2	4	3	3	0	0	1	0	0	0	4	0	2	0	0	1	2	0	5
chr9	61429674	61429756	83	9	0	83	64	19	10	3	2	8	2	0	2	3	3	0	1	3	8	5	4	9	3	0	0	4	2	0	0	0	1	0	0	1	1	2	0	4
chr9	61430457	61430555	99	9	0	99	53	46	12	0	5	7	3	6	2	1	3	2	3	1	6	1	0	1	1	5	0	3	10	9	0	2	1	2	0	2	0	6	0	3
chr9	61431483	61431539	57	9	0	57	34	23	1	0	2	2	0	0	6	3	3	1	1	3	1	4	3	4	2	0	0	3	2	0	0	0	3	1	0	2	2	0	0	6
chr9	61431841	61431925	85	9	0	85	58	27	7	6	5	2	4	1	0	1	1	0	2	2	8	7	8	3	3	1	0	10	1	0	0	3	0	0	0	2	2	4	0	0
chr9	61431996	61432045	50	9	0	50	41	9	9	0	1	10	4	2	1	0	2	0	0	2	3	1	0	4	1	0	0	2	0	0	0	0	2	0	0	0	4	0	0	0
chr9	61432434	61432531	98	9	0	98	70	28	11	1	5	12	6	3	2	1	8	1	1	3	5	2	3	4	2	1	0	4	2	1	0	1	3	0	0	1	5	2	0	6
chr9	61433040	61433171	132	9	0	132	74	58	2	4	3	6	3	4	8	4	3	3	5	6	8	2	6	6	5	1	1	6	4	4	0	5	4	5	1	4	6	3	1	7
chr9	61433878	61433925	48	10	0	48	20	28	0	0	0	1	0	7	4	0	0	1	3	1	0	1	1	0	4	2	0	2	3	2	0	3	1	2	0	3	3	2	0	0
chr9	61433976	61434031	56	10	0	56	31	25	13	0	0	2	2	3	4	0	0	3	4	0	0	0	0	0	2	1	1	2	2	1	0	2	2	2	1	1	2	1	0	3
chr9	61518809	61553368	34560	9	0	34560	18077	16483	1879	896	1196	1095	1072	1601	1765	1234	1162	783	1324	797	952	648	710	962	1648	980	276	1024	1570	1368	297	1540	1252	1160	246	1056	1202	1267	221	1375
chr9	61553369	61553396	28	8	0	28	20	8	3	0	5	1	1	0	0	0	4	1	1	0	1	0	0	3	0	0	0	0	0	0	0	0	0	0	0	0	1	0	0	5
chr9	61553397	61554109	713	9	0	713	370	343	46	15	24	25	30	22	31	25	17	21	33	14	17	17	14	18	26	26	4	20	40	31	8	30	18	29	6	19	24	24	4	33
chr9	61554110	61554185	76	8	0	76	31	45	0	1	3	0	1	1	6	3	3	1	7	3	0	1	1	0	3	1	0	0	2	1	2	6	1	4	2	7	4	6	0	4
chr9	61554186	61557330	3145	9	0	3145	1529	1616	97	62	77	94	79	118	152	170	90	57	135	150	64	45	69	68	80	105	26	71	220	162	24	166	100	122	27	81	119	183	15	115
chr9	61557331	61557424	94	8	0	94	46	48	0	1	0	3	1	5	1	13	3	0	0	12	0	0	3	3	0	6	0	0	15	9	0	0	1	0	0	1	4	9	0	2
chr9	61557425	61586661	29237	9	0	29237	16076	13161	2151	768	1041	1182	1158	1077	1397	892	943	556	1205	775	889	561	617	863	1049	845	151	917	1368	932	190	1233	988	947	159	902	1119	998	154	1208
chr9	61586662	61670661	84000	10	0	84000	44870	39130	4799	2156	3258	3080	2890	2998	3999	2718	3080	1810	3662	2136	2524	1493	1809	2458	3183	2308	455	2511	3757	3362	658	3871	2546	2652	554	2584	3118	3326	481	3762
chr9	61670662	61700455	29794	9	0	29794	17355	12439	2607	949	997	1282	1189	1152	1215	1050	1210	533	1049	896	829	511	754	1132	1451	675	166	853	1053	766	204	1056	818	727	179	802	1284	910	189	1304
chr9	61797572	61797613	42	10	0	42	26	16	4	3	1	1	2	1	2	2	2	1	1	1	1	1	2	0	4	1	1	0	0	0	0	1	1	0	0	1	2	0	0	4
chr9	61801767	61801812	46	10	0	46	33	13	5	4	0	3	3	0	3	1	3	1	0	1	2	1	2	3	5	0	0	1	0	0	0	1	0	0	0	0	2	0	0	3
chr9	61804097	61804140	44	7	0	44	36	8	9	1	1	4	1	2	0	1	2	0	2	0	2	1	1	7	3	0	0	1	0	0	0	0	0	0	0	0	1	0	0	3
chr9	61805229	61805261	33	9	0	33	12	21	2	0	0	1	0	2	1	1	0	0	1	0	1	1	0	0	1	1	1	0	2	1	3	1	0	5	4	1	1	0	0	0
chr9	61807218	61807257	40	7	0	40	31	9	10	0	0	5	1	0	0	0	1	0	3	1	4	0	0	4	0	0	0	0	0	1	0	1	0	0	1	1	1	1	1	2
chr9	61810246	61810290	45	9	0	45	21	24	0	1	2	1	1	2	3	2	2	1	2	1	1	0	0	1	1	1	0	2	2	2	0	5	2	2	0	0	3	3	0	0
chr9	61817455	61817471	17	9	0	17	17	0	15	0	0	0	0	0	0	0	0	0	0	0	0	0	0	0	0	0	0	0	0	0	0	0	0	0	0	0	0	0	0	0
chr9	61817472	61817510	39	9	0	39	19	20	0	0	1	0	1	9	1	1	0	2	3	1	0	0	0	0	8	0	0	1	1	0	0	0	1	0	0	1	2	1	0	3
chr9	61820447	61820493	47	9	0	47	30	17	6	3	1	2	1	0	3	1	1	0	1	2	3	2	0	3	2	0	1	2	1	0	0	2	0	4	0	0	2	0	1	1
chr9	61820667	61820691	25	9	0	25	13	12	2	1	1	0	2	0	2	0	0	2	3	0	0	0	0	0	1	0	0	1	0	0	0	0	2	0	0	1	1	0	0	4
chr9	61821047	61821096	50	9	0	50	36	14	3	0	2	6	1	1	2	0	1	1	2	1	6	0	1	7	2	1	0	1	1	0	0	2	0	1	0	1	1	1	0	3
chr9	61821847	61821890	44	9	0	44	31	13	4	1	1	6	3	0	1	1	3	0	2	1	3	1	1	1	0	1	0	1	0	1	0	2	2	0	0	0	3	1	0	2
chr9	61822142	61822161	20	8	0	20	16	4	2	0	1	3	1	0	0	0	3	0	0	1	0	0	1	3	0	0	0	0	0	0	0	0	0	0	0	0	1	0	0	2
chr9	61822162	61822201	40	8	0	40	32	8	5	1	1	5	2	0	1	2	1	1	0	0	4	2	1	5	3	0	0	2	0	0	0	0	0	0	0	0	1	0	0	1
chr9	61822202	61824347	2146	8	0	2146	1441	705	223	84	95	146	93	55	64	71	101	27	60	52	131	67	63	109	109	37	5	82	43	25	4	50	43	22	3	40	88	37	6	109
chr9	61824348	61826783	2436	7	0	2436	1583	853	204	75	80	162	113	72	91	105	73	40	52	72	131	71	56	185	121	44	9	84	69	50	1	52	95	32	3	55	96	46	7	88
chr9	61826784	61826820	37	7	0	37	16	21	1	0	1	1	1	1	2	1	1	1	5	0	0	0	0	0	1	0	0	1	3	3	0	1	1	1	0	2	1	2	0	4
chr9	61826821	61826850	30	8	0	30	18	12	1	0	3	1	1	0	0	1	1	1	1	2	2	0	2	2	0	0	0	1	0	0	0	0	2	0	0	2	0	0	2	3
chr9	61826851	61827399	549	7	0	549	331	218	49	16	32	30	24	9	23	17	25	11	16	11	29	13	14	12	20	11	0	18	18	16	1	19	18	14	2	16	17	14	1	31
chr9	61827400	61827476	77	7	0	77	37	40	1	3	4	1	4	2	5	0	2	2	5	0	2	3	2	1	4	2	0	4	5	6	0	1	1	2	0	5	1	2	0	5
chr9	61827477	61829132	1656	7	0	1656	1006	650	121	60	77	77	78	33	66	75	73	41	51	52	62	40	36	62	69	39	6	60	62	34	4	49	43	30	3	34	79	46	5	87
chr9	61829133	61829168	36	6	0	36	16	20	1	1	1	0	2	3	3	0	1	0	1	0	0	0	2	0	2	2	0	0	2	1	0	2	2	1	0	5	2	0	0	0
chr9	61829169	61832447	3279	7	0	3279	2110	1169	318	110	142	198	127	79	109	130	122	62	75	78	201	84	104	170	150	63	8	114	98	70	4	94	84	62	9	75	113	71	7	146
chr9	61832448	61832565	118	6	0	118	76	42	15	6	6	5	10	2	3	6	6	4	2	3	1	1	1	3	9	1	0	3	4	3	0	1	3	2	0	1	6	2	0	7
chr9	61832566	61836581	4016	7	0	4016	2476	1540	288	134	154	221	150	105	146	183	161	83	119	108	198	94	112	218	189	86	11	130	151	71	13	138	96	77	12	95	148	139	16	168
chr9	61836582	61836618	37	7	0	37	29	8	4	1	0	4	0	0	0	4	2	0	1	0	4	1	1	6	2	0	0	0	1	1	0	0	0	0	0	0	0	1	0	2
chr9	61836619	61836956	338	7	0	338	225	113	35	15	11	26	15	5	12	8	11	5	10	11	26	4	13	17	10	4	2	13	12	3	0	7	10	4	0	10	7	11	2	17
chr9	61836957	61837037	81	6	0	81	60	21	10	2	3	9	3	1	1	4	5	0	3	3	6	2	2	6	2	0	0	3	0	0	0	2	1	0	0	1	6	2	0	2
chr9	61837038	61837110	73	7	0	73	43	30	12	0	2	7	4	3	0	1	3	0	3	0	2	2	2	2	1	2	0	1	1	1	3	3	1	5	3	1	4	0	0	2
chr9	61837111	61837145	35	6	0	35	14	21	1	0	1	1	1	1	2	0	0	0	2	1	1	1	0	0	1	1	0	1	2	2	1	3	1	3	1	1	0	2	2	0
chr9	61837146	61837320	175	7	0	175	76	99	7	2	2	4	3	7	9	3	3	4	12	7	2	5	5	0	3	6	3	5	10	7	3	9	3	8	7	8	7	8	5	6
chr9	61837321	61837358	38	8	0	38	14	24	0	0	0	0	0	1	5	0	0	3	4	0	0	0	0	0	2	0	0	2	2	1	0	1	2	2	2	2	0	1	2	4
chr9	61837359	61837627	269	7	0	269	201	68	33	9	12	28	15	5	3	11	7	3	7	3	27	11	3	23	13	2	2	11	3	0	0	2	9	0	0	5	8	3	2	7
chr9	61837628	61837796	169	6	0	169	78	91	11	4	2	7	5	6	6	7	3	2	7	5	4	3	2	3	4	7	1	3	10	7	8	8	4	13	5	3	6	6	2	3
chr9	61837797	61841054	3258	7	0	3258	1867	1391	211	58	139	174	120	90	155	105	122	69	118	87	129	72	83	134	118	76	9	87	123	93	9	158	102	96	11	112	127	118	13	138
chr9	61841055	61841093	39	6	0	39	23	16	0	1	1	3	3	3	0	3	1	1	2	0	1	1	0	2	1	3	0	2	3	0	0	0	2	0	0	0	3	0	0	1
chr9	61841094	61842754	1661	7	0	1661	915	746	102	40	74	71	61	57	75	54	65	41	61	39	59	35	38	42	59	50	6	58	75	75	4	79	40	46	1	46	73	62	5	66
chr9	61842755	61842787	33	7	0	33	20	13	0	2	1	1	1	0	0	4	1	1	1	0	2	2	1	1	3	2	0	0	1	0	0	2	2	0	0	0	1	1	0	1
chr9	61842788	61842988	201	7	0	201	110	91	11	4	11	8	6	8	8	4	13	4	7	5	4	1	8	7	5	6	1	6	9	4	3	9	4	6	0	8	8	9	2	10
chr9	61842989	61843032	44	6	0	44	22	22	3	0	2	2	4	0	2	4	0	0	1	4	0	0	0	0	0	0	0	0	2	2	0	3	3	4	0	1	3	1	0	1
chr9	61843033	61843419	387	7	0	387	211	176	16	6	20	16	14	14	13	15	14	5	18	9	14	7	10	19	5	10	2	15	18	8	1	22	15	16	5	12	17	15	2	12
chr9	61843420	61843595	176	6	0	176	88	88	6	3	4	6	4	7	10	5	7	4	12	6	2	5	0	7	7	4	2	6	8	5	6	7	1	6	0	5	10	12	0	7
chr9	61843596	61843686	91	7	0	91	58	33	11	3	3	4	3	4	1	3	4	0	7	2	3	1	5	3	3	1	0	4	1	1	0	4	1	2	0	1	6	2	0	6
chr9	61843687	61843748	62	6	0	62	30	32	0	3	0	1	1	2	5	5	1	1	2	4	2	0	2	0	2	1	1	2	3	1	1	2	5	3	0	2	3	2	0	3
chr9	61843749	61843999	251	7	0	251	135	116	16	7	9	8	8	12	13	8	7	8	9	3	9	6	4	7	14	8	3	8	9	11	2	11	8	7	1	6	10	7	0	10
chr9	61844000	61844081	82	6	0	82	36	46	3	1	3	1	3	4	3	0	2	2	4	1	0	3	3	2	2	3	0	5	3	9	2	4	2	3	2	1	3	3	0	3
chr9	61844082	61844155	74	7	0	74	43	31	4	3	5	4	2	2	5	3	6	1	2	1	3	1	0	0	3	1	0	3	3	0	0	4	1	3	0	2	5	3	0	2
chr9	61844156	61844195	40	6	0	40	21	19	0	0	3	1	1	3	3	1	3	0	0	2	0	2	0	2	2	1	0	1	2	0	0	2	1	2	0	1	3	1	0	1
chr9	61844196	61844350	155	7	0	155	73	82	3	2	3	2	4	5	13	10	2	8	4	4	2	2	4	4	4	6	1	5	13	5	0	5	7	9	0	8	8	3	1	6
chr9	61844351	61844509	159	6	0	159	83	76	6	2	4	6	7	4	7	11	2	3	3	9	3	2	5	8	3	2	1	5	13	2	1	6	7	12	2	3	6	6	1	5
chr9	61844510	61845813	1304	7	0	1304	722	582	61	34	52	47	49	45	52	65	40	37	42	35	44	29	48	41	53	39	3	51	60	45	3	59	48	32	0	34	49	51	4	50
chr9	61845814	61845861	48	6	0	48	25	23	0	1	2	0	1	1	1	4	2	0	5	3	0	1	2	1	1	0	0	2	0	1	1	1	3	1	0	2	4	1	1	4
chr9	61845862	61845918	57	7	0	57	34	23	5	2	1	2	2	0	2	3	1	0	3	1	2	4	3	2	2	1	0	3	1	2	0	4	1	2	0	1	2	2	0	1
chr9	61845919	61846612	694	7	0	694	381	313	47	16	18	28	26	24	35	29	16	19	30	18	20	15	20	19	23	21	4	26	36	23	2	24	30	18	2	20	25	22	2	34
chr9	61846613	61846653	41	6	0	41	19	22	0	1	1	1	1	1	2	0	1	1	3	2	1	1	1	1	0	3	0	1	2	1	0	5	0	2	0	0	3	3	0	1
chr9	61846654	61847709	1056	7	0	1056	575	481	37	33	41	33	46	34	60	35	30	29	42	23	29	38	34	29	57	31	1	45	44	27	3	47	37	30	1	34	37	33	3	51
chr9	61847711	61847755	45	7	0	45	30	15	3	0	0	5	2	1	2	3	1	2	0	2	2	1	1	4	3	1	0	0	2	0	0	0	1	1	0	0	2	1	0	3
chr9	61847757	61847963	207	7	0	207	154	53	33	14	5	16	17	3	4	7	7	2	1	11	12	2	3	15	12	4	1	4	5	0	0	0	3	0	2	1	11	1	1	8
chr9	61847964	61848005	42	6	0	42	32	10	10	3	2	3	4	1	0	1	1	0	0	0	3	1	0	2	3	1	0	1	1	0	0	0	1	0	0	1	0	0	0	1
chr9	61848006	61848698	693	7	0	693	453	240	80	20	35	48	30	18	16	25	37	11	14	17	36	22	20	24	37	14	3	16	17	14	3	19	11	10	3	12	24	16	1	38
chr9	61848699	61848732	34	7	0	34	25	9	2	1	3	2	1	0	0	1	1	0	1	4	4	1	0	3	0	0	0	2	0	0	0	0	0	0	0	0	2	1	0	3
chr9	61848733	61849546	814	7	0	814	540	274	76	25	45	52	39	15	13	42	37	11	20	31	46	21	22	45	37	8	3	24	15	18	1	21	23	9	2	13	34	20	2	42
chr9	61849547	61849584	38	6	0	38	30	8	6	0	2	3	1	0	0	1	3	0	1	0	2	1	2	6	0	1	0	0	1	0	0	0	0	0	0	2	1	0	0	3
chr9	61849585	61850100	516	7	0	516	345	171	30	12	15	40	16	15	14	29	19	10	10	16	31	13	17	57	25	13	0	11	24	4	0	10	11	1	1	15	14	20	1	20
chr9	61850101	61850158	58	6	0	58	42	16	8	4	2	4	1	3	1	2	3	0	1	0	6	2	0	4	2	3	0	3	3	0	0	0	0	0	0	0	3	0	0	1
chr9	61850159	61851372	1214	7	0	1214	878	336	154	43	54	93	53	21	23	47	54	11	17	31	84	47	40	105	56	17	3	46	23	3	1	23	19	5	0	26	45	25	4	39
chr9	61851373	61851423	51	6	0	51	30	21	1	4	2	1	2	0	3	1	1	0	3	1	4	2	3	0	4	0	0	2	1	0	0	3	1	3	0	2	0	1	0	4
chr9	61851424	61851889	466	7	0	466	260	206	20	14	23	23	21	15	21	20	18	14	13	8	21	6	12	11	20	15	0	14	20	20	0	18	22	7	0	15	14	17	0	22
chr9	61851890	61851934	45	6	0	45	28	17	2	0	2	4	2	3	1	0	1	0	4	0	4	2	0	2	2	1	0	2	1	0	0	2	2	2	0	0	1	0	0	3
chr9	61851935	61852241	307	7	0	307	210	97	24	14	10	28	24	12	7	7	8	6	6	11	21	4	7	20	21	6	0	8	10	2	0	4	8	1	0	5	11	7	0	13
chr9	61852242	61852260	19	6	0	19	10	9	0	0	0	0	0	8	0	0	0	0	0	0	0	0	0	0	8	0	0	0	0	0	0	0	0	0	0	0	1	0	0	0
chr9	61852261	61852301	41	6	0	41	33	8	1	0	0	3	1	2	1	2	0	2	0	1	2	1	0	16	5	0	0	0	0	0	0	0	0	0	0	0	1	0	0	1
chr9	61852302	61853220	919	7	0	919	666	253	138	30	26	78	40	18	23	44	41	15	17	33	53	17	27	65	44	9	3	24	17	2	1	9	16	3	0	17	48	15	2	42
chr9	61853221	61853279	59	6	0	59	43	16	14	2	2	3	0	2	4	3	4	2	0	1	3	0	0	3	5	0	0	1	1	0	0	0	0	0	0	0	2	1	0	4
chr9	61853280	61853830	551	7	0	551	341	210	47	16	14	40	24	19	20	18	16	10	15	17	30	19	12	23	26	16	3	19	19	13	4	18	15	10	0	9	22	15	5	15
chr9	61853831	61853870	40	6	0	40	17	23	0	1	2	0	1	2	2	1	2	0	4	1	0	0	0	0	2	1	0	0	2	1	0	3	2	1	0	3	1	4	0	2
chr9	61853871	61853972	102	7	0	102	34	68	2	2	3	0	4	3	4	0	1	7	6	0	0	0	2	0	4	3	1	2	5	11	4	10	0	7	4	1	2	9	1	2
chr9	61853973	61854062	90	6	0	90	25	65	2	1	1	1	0	2	4	1	1	2	2	2	2	1	0	1	0	4	2	0	5	4	11	4	3	10	12	3	0	6	1	0
chr9	61854063	61854114	52	7	0	52	15	37	0	0	0	1	1	0	3	3	0	1	5	0	0	0	0	0	0	0	0	2	2	0	2	2	4	4	10	4	1	2	3	0
chr9	61854115	61854145	31	7	0	31	12	19	1	2	0	0	0	2	1	0	2	1	2	0	0	0	0	0	1	2	1	1	2	2	2	0	0	0	1	1	1	3	0	1
chr9	61854146	61854320	175	6	0	175	64	111	4	4	5	0	5	6	8	2	3	8	11	4	1	0	1	0	3	7	5	3	10	13	9	10	6	11	1	6	3	11	7	6
chr9	61854321	61854426	106	8	0	106	36	70	2	2	2	0	3	5	5	1	1	5	5	5	0	0	0	0	2	4	4	2	5	10	7	5	4	6	1	3	3	7	3	2
chr9	61854427	61854472	46	6	0	46	13	33	0	1	0	0	0	2	3	0	1	1	5	0	0	0	0	0	0	2	2	0	1	5	1	3	3	4	1	2	1	0	3	3
chr9	61854473	61854531	59	7	0	59	24	35	1	3	0	1	2	5	4	1	2	0	3	0	0	0	0	0	3	4	1	0	2	4	1	4	4	3	1	2	3	0	1	2
chr9	61854532	61854580	49	6	0	49	24	25	0	0	0	0	0	14	3	1	0	2	1	0	0	1	0	1	17	0	1	0	0	0	0	0	0	0	1	2	1	0	0	2
chr9	61854581	61857000	2420	6	0	2420	972	1448	67	40	69	25	55	120	131	57	69	78	138	60	10	16	20	16	95	68	56	36	118	154	77	127	80	139	67	86	70	115	50	109
chr9	61857001	61857051	51	7	0	51	27	24	2	1	2	1	0	2	3	1	4	2	9	0	0	0	0	0	4	0	0	1	1	1	0	0	0	0	0	0	1	2	0	12
chr9	61857052	61858456	1405	6	0	1405	561	844	42	24	35	22	35	69	78	27	40	45	80	30	6	11	10	7	47	48	27	27	72	92	46	82	49	79	32	46	40	74	33	48
chr9	61858457	61858674	218	7	0	218	93	125	14	6	5	1	9	17	11	7	3	4	12	4	0	0	0	0	16	5	6	0	10	5	7	9	12	16	6	8	6	4	3	10
chr9	61858675	61858749	75	6	0	75	38	37	4	2	2	2	3	2	3	3	3	2	5	3	0	0	2	0	2	0	2	2	1	2	1	3	4	2	1	3	4	3	2	5
chr9	61858750	61858875	126	7	0	126	62	64	4	0	7	2	3	6	7	2	7	5	10	3	0	2	1	1	5	2	4	2	4	2	2	4	3	2	1	8	6	6	1	12
chr9	61858876	61858911	36	6	0	36	17	19	0	1	0	2	2	0	1	2	1	1	2	2	0	0	1	0	2	1	0	0	1	3	2	2	1	1	0	0	1	3	0	2
chr9	61858912	61858988	77	7	0	77	29	48	2	2	4	0	3	5	3	1	2	1	1	0	1	1	0	2	2	5	2	0	7	7	2	5	3	6	2	3	0	3	0	0
chr9	61858989	61859027	39	6	0	39	12	27	0	0	1	0	1	0	4	0	0	2	4	0	0	0	0	0	1	0	1	0	1	1	3	4	2	4	0	2	0	3	0	3
chr9	61859028	61859088	61	7	0	61	25	36	2	2	1	1	2	0	5	2	2	0	5	1	0	0	2	0	1	0	0	0	3	4	0	6	3	7	0	2	2	2	0	4
chr9	61859089	61859137	49	6	0	49	24	25	2	0	3	1	0	1	2	2	3	3	2	3	0	0	0	0	2	0	2	1	2	2	2	1	0	1	0	1	1	4	2	4
chr9	61859138	61859205	68	7	0	68	34	34	3	4	2	2	5	1	3	2	3	2	5	2	0	0	0	0	2	3	1	1	3	3	2	1	1	1	0	2	4	2	0	6
chr9	61859206	61859240	35	6	0	35	16	19	0	0	5	0	0	1	2	0	3	1	1	0	1	0	1	0	1	1	0	0	0	1	0	5	1	1	0	3	1	3	0	1
chr9	61859241	61859518	278	7	0	278	120	158	5	7	11	5	10	9	18	8	13	11	11	5	0	0	6	0	7	10	4	6	17	17	1	20	9	13	4	8	12	15	3	11
chr9	61859519	61859722	204	6	0	204	88	116	16	7	5	5	7	11	4	5	10	4	4	2	0	3	3	2	7	12	6	0	11	20	8	10	6	7	4	3	3	10	4	3
chr9	61859723	61860018	296	7	0	296	126	170	10	5	9	4	6	13	18	8	7	6	17	4	5	4	5	4	11	6	5	6	10	19	7	19	18	17	4	12	6	13	4	12
chr9	61860019	61860076	58	6	0	58	26	32	2	1	1	0	2	2	2	2	0	5	4	2	0	1	1	0	1	3	2	3	2	4	1	2	1	1	0	0	5	2	1	3
chr9	61860077	61860229	153	7	0	153	56	97	3	3	5	1	3	2	8	4	4	8	7	3	1	1	2	0	2	4	6	2	6	12	10	8	4	11	2	7	5	10	2	5
chr9	61860230	61860299	70	6	0	70	30	40	2	3	5	0	3	2	2	0	4	2	3	0	1	2	1	0	1	4	1	3	4	2	3	3	1	4	1	2	1	2	3	3
chr9	61860300	61860371	72	7	0	72	24	48	0	1	1	1	1	3	3	3	2	2	6	0	0	0	0	0	2	1	0	3	4	2	4	1	3	4	8	5	2	4	3	1
chr9	61860372	61860479	108	6	0	108	38	70	3	1	1	1	1	2	10	1	0	3	4	3	2	1	4	1	1	2	1	3	5	7	6	5	5	9	6	8	2	5	1	2
chr9	61860480	61860576	97	7	0	97	31	66	1	1	3	0	2	5	4	0	2	5	8	0	0	0	0	0	2	4	2	2	5	10	4	8	1	7	2	2	3	7	2	3
chr9	61860577	61860618	42	6	0	42	15	27	0	1	1	0	0	1	3	0	2	2	4	0	0	0	0	0	2	0	2	0	0	4	1	4	1	1	1	3	2	4	0	1
chr9	61860619	61860761	143	7	0	143	67	76	4	1	3	6	4	7	10	4	5	2	6	7	1	0	4	3	3	3	0	4	6	6	0	10	8	9	1	4	8	5	3	4
chr9	61860762	61860846	85	6	0	85	32	53	5	1	5	0	1	2	5	0	4	0	5	1	1	0	1	0	0	2	0	1	3	8	4	7	3	7	2	5	2	5	0	3
chr9	61860847	61861023	177	7	0	177	74	103	4	6	2	3	3	14	7	8	5	6	4	2	3	2	2	3	12	9	4	2	10	8	7	9	7	9	5	2	3	8	4	2
chr9	61861024	61861115	92	6	0	92	40	52	5	3	3	2	3	5	3	2	5	4	0	2	0	0	2	0	2	6	2	1	5	10	2	6	2	3	0	1	4	4	2	1
chr9	61861116	61861199	84	7	0	84	35	49	4	3	2	2	4	2	4	1	2	1	4	0	0	2	2	0	0	6	1	1	5	8	1	6	5	4	3	2	1	2	1	3
chr9	61861200	61861298	99	6	0	99	37	62	2	2	4	1	2	1	11	1	4	2	1	2	1	1	0	0	2	1	1	3	9	13	0	4	1	9	2	8	3	3	1	2
chr9	61861299	61861700	402	7	0	402	178	224	9	6	15	10	11	11	22	17	20	18	26	7	0	1	5	0	13	9	8	6	17	13	5	29	14	17	9	11	17	24	8	22
chr9	61861701	61861738	38	6	0	38	18	20	0	1	1	0	0	2	2	1	1	1	0	2	1	0	0	5	0	2	1	1	2	3	1	2	1	1	0	0	2	3	0	0
chr9	61861739	61861831	93	7	0	93	39	54	2	2	4	2	3	2	6	3	5	4	4	1	0	0	0	0	3	3	0	2	9	6	2	4	2	5	0	3	1	8	0	5
chr9	61861832	61861914	83	6	0	83	41	42	3	0	5	2	2	5	3	2	5	3	5	2	0	2	0	2	3	3	3	0	4	1	3	0	1	2	1	4	4	2	0	9
chr9	61861915	61861984	70	7	0	70	32	38	3	1	3	0	2	4	3	1	2	3	5	3	0	0	2	0	5	0	2	1	1	3	1	3	2	1	1	3	2	4	2	5
chr9	61861985	61862022	38	6	0	38	17	21	1	0	0	3	2	0	1	1	1	1	2	2	0	0	0	2	0	2	0	0	1	3	3	1	1	0	1	2	2	4	0	0
chr9	61862023	61862347	325	7	0	325	152	173	12	6	11	5	9	34	15	8	12	12	20	2	1	1	1	3	38	6	6	3	9	7	7	12	10	16	7	5	8	6	4	27
chr9	61862348	61862784	437	6	0	437	166	271	10	10	16	2	12	22	19	6	14	21	27	4	1	0	1	0	12	18	12	11	19	32	19	22	16	22	10	12	12	20	15	18
chr9	61862785	61862820	36	6	0	36	13	23	1	1	1	0	0	0	4	0	1	2	2	0	0	0	0	0	0	0	1	1	1	4	0	4	2	2	1	1	1	3	0	1
chr9	61862821	61863050	230	6	0	230	116	114	9	8	11	4	3	6	12	7	12	7	10	5	7	2	10	1	5	10	1	7	8	9	2	18	5	4	3	8	10	14	0	10
chr9	61863051	61863119	69	6	0	69	41	28	5	2	7	2	3	0	0	1	3	0	2	3	5	1	3	2	0	1	0	2	2	3	0	6	2	2	0	2	1	5	0	2
chr9	61863120	61863715	596	6	0	596	319	277	48	20	16	28	20	17	32	14	17	14	22	17	27	4	10	13	16	20	5	14	31	27	8	26	19	21	2	16	17	26	3	24
chr9	61863716	61863792	77	6	0	77	31	46	1	1	2	0	2	2	5	2	0	3	3	2	1	1	4	0	0	3	1	3	7	4	2	2	4	4	1	7	2	4	0	2
chr9	61863793	61864120	328	6	0	328	153	175	5	10	5	8	7	18	23	11	10	8	13	5	6	3	16	4	12	12	2	13	21	10	1	23	18	15	1	10	8	17	0	11
chr9	61864121	61864174	54	6	0	54	30	24	2	3	1	0	0	16	2	0	1	0	0	0	3	1	0	0	17	1	0	1	1	0	0	1	0	0	0	0	0	1	0	1
chr9	61864175	61864642	468	6	0	468	219	249	17	10	16	13	11	24	27	6	16	10	24	7	11	12	9	4	19	15	3	20	30	31	2	30	6	20	4	12	13	27	3	14
chr9	61864643	61864657	15	6	0	15	8	7	2	1	2	0	1	0	0	0	2	0	0	0	0	0	0	0	0	0	0	0	1	0	0	0	0	0	1	1	0	1	1	0
chr9	61864658	61864675	18	6	0	18	6	12	0	0	0	0	0	2	0	0	0	0	2	0	0	1	0	0	1	1	1	0	1	2	0	1	0	0	1	1	0	1	1	0
chr9	61864676	61864735	60	6	0	60	33	27	6	1	3	2	1	1	3	0	1	2	4	1	4	0	3	1	1	2	0	1	1	3	0	5	1	2	0	1	2	1	0	5
chr9	61864736	61865080	345	6	0	345	166	179	14	11	13	3	8	19	16	5	10	9	23	4	9	8	9	4	15	15	2	15	15	16	3	21	7	7	3	13	11	18	4	13
chr9	61865081	61865121	41	6	0	41	23	18	2	3	0	0	0	1	3	0	2	0	1	1	0	2	5	1	2	2	0	2	2	1	0	2	0	0	0	2	0	2	0	3
chr9	61865122	61865187	66	6	0	66	36	30	1	1	1	2	0	2	5	2	2	2	3	2	2	1	3	6	5	0	0	1	1	4	0	2	2	3	0	1	1	1	0	8
chr9	61865188	61865252	65	6	0	65	39	26	1	2	2	2	1	3	1	2	0	2	1	4	5	4	3	6	5	1	3	2	1	2	1	2	0	2	0	0	1	1	0	3
chr9	61865253	61866264	1012	6	0	1012	567	445	45	25	26	38	22	19	44	29	29	23	53	21	38	24	36	94	33	14	10	33	30	34	19	38	30	36	8	32	21	37	13	56
chr9	61866265	61866305	41	6	0	41	6	35	0	0	0	0	0	0	1	1	0	0	2	1	0	0	0	0	0	0	0	0	1	6	7	1	2	8	5	1	0	1	1	1
chr9	61866306	61867600	1295	6	0	1295	698	597	106	37	54	56	38	43	57	29	60	21	51	30	49	12	20	35	50	28	11	24	49	60	20	60	31	45	15	40	37	56	12	57
chr9	61867601	61867635	35	6	0	35	13	22	0	0	1	0	0	0	3	0	1	2	6	0	0	0	0	0	2	0	0	0	0	3	0	3	1	2	0	1	0	2	0	6
chr9	61867647	61867725	79	6	0	79	41	38	1	2	0	1	1	18	3	4	1	0	2	0	1	1	1	5	17	1	1	2	0	1	0	2	6	1	1	2	2	0	0	0
chr9	61867726	61867772	47	6	0	47	17	30	0	0	1	1	1	2	4	1	1	0	1	2	0	1	1	0	1	1	0	0	1	4	1	5	6	4	0	2	0	2	1	1
chr9	61867773	61868048	276	6	0	276	136	140	22	8	13	5	11	11	13	6	11	5	15	3	3	4	1	4	13	8	4	3	11	15	1	11	12	8	8	11	5	7	5	17
chr9	61868049	61868096	48	6	0	48	28	20	0	0	2	3	0	2	0	3	0	1	3	0	5	3	2	2	2	0	0	4	1	1	0	2	2	1	2	1	1	2	0	1
chr9	61868097	61868528	432	6	0	432	193	239	14	11	14	11	13	16	18	12	14	13	17	8	9	5	7	9	10	16	5	15	25	36	12	20	13	19	6	10	12	22	7	11
chr9	61868529	61868581	53	6	0	53	32	21	9	2	2	1	1	1	2	0	3	1	3	1	2	1	1	0	1	1	1	2	1	2	1	2	0	0	0	2	2	3	0	3
chr9	61868582	61869153	572	6	0	572	282	290	33	9	26	22	15	11	21	12	29	10	31	15	13	8	14	11	14	13	4	7	26	34	13	32	10	25	6	21	10	33	9	33
chr9	61869154	61869289	136	6	0	136	22	114	1	1	1	0	0	1	6	0	1	2	6	0	1	0	1	0	3	0	0	1	2	25	20	9	0	24	15	5	2	7	0	0
chr9	61869290	61869476	187	6	0	187	101	86	17	6	17	4	8	5	8	2	13	5	3	2	5	2	1	2	4	5	3	6	6	1	4	5	5	6	8	9	8	3	3	9
chr9	61869477	61869564	88	6	0	88	40	48	7	2	2	3	3	1	4	2	3	1	6	0	2	1	1	0	2	3	0	0	4	11	1	5	3	4	2	3	1	3	1	5
chr9	61869565	61870502	938	6	0	938	514	424	82	20	46	25	34	30	34	22	31	18	62	25	25	20	27	12	27	30	3	27	40	31	3	48	24	26	3	25	29	35	3	69
chr9	61870503	61870567	65	6	0	65	40	25	9	2	2	5	2	4	2	1	4	0	1	2	3	0	0	2	3	0	0	2	4	5	0	1	2	0	0	0	0	5	0	2
chr9	61870568	61870749	182	6	0	182	90	92	4	2	8	6	4	4	7	7	5	2	10	6	7	3	10	3	3	5	1	2	11	12	0	9	7	8	1	10	1	7	0	15
chr9	61870750	61870794	45	6	0	45	25	20	2	0	3	1	0	2	0	2	2	1	5	1	2	1	1	2	1	2	0	1	2	1	0	3	0	0	0	0	1	3	0	4
chr9	61870795	61871358	564	6	0	564	274	290	32	13	10	19	21	23	26	18	8	10	30	12	12	13	15	10	21	24	3	11	31	28	10	28	21	26	5	22	15	19	6	20
chr9	61871359	61871400	42	6	0	42	20	22	0	1	0	0	0	4	2	5	0	0	1	0	1	2	1	2	3	2	0	2	3	1	0	0	5	1	2	2	0	0	0	0
chr9	61871401	61872492	1092	6	0	1092	630	462	60	26	31	56	40	31	40	51	42	19	41	40	31	23	41	57	39	27	1	31	47	46	3	40	33	21	3	27	43	42	3	55
chr9	61872493	61872542	50	6	0	50	19	31	1	2	0	0	1	3	4	0	1	0	5	0	0	1	1	0	3	1	0	2	2	4	1	3	2	2	1	2	1	3	0	2
chr9	61872543	61874258	1716	6	0	1716	964	752	72	57	65	70	55	64	83	67	57	34	71	41	80	53	39	56	79	48	8	71	55	55	7	76	46	42	7	53	89	48	8	58
chr9	61874259	61874296	38	6	0	38	23	15	4	2	1	3	2	1	1	1	3	1	1	1	1	0	0	1	1	1	0	1	3	1	0	1	0	0	0	0	1	3	0	1
chr9	61874297	61874412	116	6	0	116	48	68	2	2	4	1	2	2	8	2	4	2	6	4	2	3	2	1	1	6	1	1	7	13	2	8	3	5	1	3	2	6	0	8
chr9	61874413	61874460	48	6	0	48	19	29	0	0	1	0	0	0	6	0	1	3	3	0	0	2	2	0	1	1	0	4	3	2	0	4	1	2	1	2	0	4	1	2
chr9	61874461	61874953	493	6	0	493	248	245	21	14	20	12	13	18	26	9	18	7	34	9	15	9	8	14	19	7	6	15	20	18	7	18	14	21	9	22	14	17	4	33
chr9	61874954	61875076	123	6	0	123	42	81	0	0	0	3	0	2	10	4	1	8	4	5	2	1	0	0	1	5	3	2	6	7	7	4	5	7	13	3	4	5	3	6
chr9	61875077	61878708	3632	6	0	3632	1771	1861	144	82	151	88	108	118	209	127	151	85	200	84	62	60	57	45	115	108	18	104	194	189	20	206	123	124	17	121	130	188	17	185
chr9	61878709	61878735	27	7	0	27	10	17	0	0	2	0	1	1	1	0	1	1	2	0	0	0	0	0	0	1	0	1	2	2	0	2	2	1	0	1	0	3	0	1
chr9	61878736	61879906	1171	6	0	1171	645	526	50	29	54	48	48	39	45	40	46	23	60	36	37	27	31	30	40	29	3	46	52	45	3	52	31	35	1	23	49	43	5	69
chr9	61879907	61879997	91	6	0	91	39	52	2	2	4	1	4	5	4	1	2	3	3	4	1	1	0	0	1	6	1	3	10	6	1	4	1	5	0	2	4	4	2	2
chr9	61879998	61880140	143	6	0	143	79	64	11	3	8	5	8	8	6	3	5	5	4	4	3	0	3	2	7	2	0	7	6	5	0	6	6	5	0	1	7	4	0	7
chr9	61880141	61880165	25	7	0	25	11	14	1	0	0	0	1	1	3	1	0	1	0	1	0	0	0	0	0	1	0	1	3	0	0	1	4	1	0	1	0	2	0	0
chr9	61880166	61880357	192	6	0	192	98	94	12	4	13	4	9	5	9	2	12	3	14	5	0	1	2	1	6	5	0	2	11	8	0	11	4	6	0	6	5	11	0	19
chr9	61880358	61880399	42	6	0	42	14	28	0	1	1	0	1	2	6	0	1	2	0	0	0	0	0	0	3	0	1	0	2	3	1	3	2	5	0	3	1	1	0	1
chr9	61880400	61887077	6678	6	0	6678	3601	3077	389	164	297	237	203	242	323	189	243	154	263	165	252	113	182	185	219	201	25	227	315	281	27	324	177	208	22	224	246	257	32	290
chr9	61887078	61887095	18	6	0	18	18	0	16	0	0	0	0	0	0	0	0	0	0	0	0	0	0	0	0	0	0	0	0	0	0	0	0	0	0	0	0	0	0	0
chr9	61887096	61887112	17	6	0	17	17	0	15	0	0	0	0	0	0	0	0	0	0	0	0	0	0	0	0	0	0	0	0	0	0	0	0	0	0	0	0	0	0	0
chr9	61887113	61887410	298	6	0	298	116	182	11	3	5	7	6	9	15	4	4	10	17	7	5	5	6	2	5	8	4	9	13	14	18	12	8	22	18	12	8	13	6	10
chr9	61887411	61891002	3592	6	0	3592	1971	1621	240	89	162	104	135	128	170	113	127	75	155	116	94	57	92	113	129	80	8	132	159	112	11	172	118	106	10	110	140	156	13	164
chr9	61891003	61891035	33	6	0	33	19	14	0	0	1	0	0	0	3	0	1	1	4	0	0	3	0	5	1	1	0	2	1	0	0	1	0	0	0	2	1	1	0	3
chr9	61891036	61893375	2340	6	0	2340	1022	1318	69	52	92	40	63	98	120	65	77	54	98	54	45	30	36	27	82	70	29	53	115	153	60	111	89	103	76	94	60	113	21	89
chr9	61893376	61893429	54	6	0	54	22	32	0	1	2	0	0	2	4	1	2	1	3	2	1	0	2	1	2	0	0	2	1	7	0	4	1	3	0	2	2	2	2	2
chr9	61893430	61894257	828	6	0	828	426	402	45	21	22	33	36	34	43	25	20	17	42	22	20	14	18	14	30	20	5	31	47	30	4	32	31	35	7	27	30	27	9	35
chr9	61894258	61894296	39	6	0	39	17	22	1	3	1	0	2	0	4	2	2	1	1	0	0	0	0	0	1	1	0	1	3	2	0	2	2	2	0	2	2	1	0	1
chr9	61894297	61894519	223	6	0	223	115	108	10	4	3	11	9	8	11	9	6	4	15	9	3	6	4	3	8	6	3	5	11	6	2	11	4	9	1	6	14	10	0	10
chr9	61894520	61894564	45	7	0	45	20	25	1	0	2	0	0	4	1	0	2	0	3	1	0	2	1	1	1	1	0	4	3	6	0	2	1	1	0	0	1	3	0	2
chr9	61894567	61895937	1371	6	0	1371	686	685	77	30	40	43	41	58	73	46	40	28	74	36	32	20	19	29	46	47	7	36	77	67	13	64	42	47	11	48	52	61	7	58
chr9	61895938	61895958	21	6	0	21	6	15	1	0	2	0	1	0	1	0	1	0	0	0	0	0	0	0	0	0	0	0	2	3	1	1	0	3	1	1	0	1	0	0
chr9	61895960	61896016	57	6	0	57	25	32	2	0	1	3	1	3	3	2	0	2	1	1	3	1	2	0	1	4	1	0	5	3	0	3	1	3	1	4	2	2	0	0
chr9	61896017	61899954	3938	6	0	3938	1976	1962	170	91	163	103	117	138	247	115	148	93	189	102	92	59	78	70	145	107	8	121	196	204	11	217	131	147	11	131	145	170	10	207
chr9	61899955	61899983	29	8	0	29	16	13	2	1	1	0	0	2	1	2	1	1	0	1	1	0	2	1	1	0	0	1	1	0	0	1	2	2	0	0	1	0	0	2
chr9	61899984	61900297	314	6	0	314	144	170	12	8	8	6	10	14	22	5	10	7	21	5	2	2	6	6	14	8	1	8	15	20	4	17	10	16	0	12	11	12	1	19
chr9	61900298	61900325	28	7	0	28	13	15	3	2	0	0	1	0	0	2	0	1	0	1	1	0	0	1	1	1	1	0	2	4	1	0	1	1	0	0	0	2	0	0
chr9	61900326	61900784	459	6	0	459	227	232	14	3	22	12	18	18	27	9	12	14	28	16	7	4	7	15	15	6	2	16	15	26	3	26	22	12	0	18	19	26	1	24
chr9	61900785	61900834	50	6	0	50	27	23	3	2	0	3	2	1	3	5	2	0	1	0	1	1	0	2	3	1	0	0	2	3	0	1	4	2	0	3	3	0	0	0
chr9	61900835	61900930	96	6	0	96	53	43	5	4	2	5	2	3	7	6	7	1	2	2	1	2	2	1	2	5	0	3	4	1	0	7	5	1	0	2	7	4	0	1
chr9	61900931	61901051	121	6	0	121	53	68	3	0	1	3	3	10	8	5	1	2	8	3	0	2	3	1	6	2	2	4	8	3	1	6	3	8	1	8	7	5	0	2
chr9	61901052	61901718	667	6	0	667	296	371	46	10	22	8	15	27	35	12	17	15	36	18	8	11	13	2	18	14	10	20	32	34	19	27	19	39	21	31	20	25	12	29
chr9	61901719	61901765	47	6	0	47	26	21	0	1	3	1	3	0	2	3	0	0	1	2	2	5	0	1	2	3	0	1	3	1	0	2	2	2	0	2	2	0	0	1
chr9	61901766	61901918	153	6	0	153	86	67	8	4	6	5	2	6	8	10	6	1	4	4	7	5	5	5	4	4	0	7	8	2	0	7	6	8	0	4	7	3	0	5
chr9	61901919	61901969	51	6	0	51	22	29	0	2	2	0	2	1	4	1	1	2	2	0	1	1	1	1	1	3	0	2	4	5	0	2	2	1	0	3	1	2	0	2
chr9	61901970	61903200	1231	6	0	1231	651	580	78	37	48	39	54	46	56	44	35	23	54	36	36	17	22	25	48	34	5	36	56	38	13	59	42	47	10	43	54	47	6	41
chr9	61903201	61903226	26	7	0	26	18	8	4	6	0	0	6	0	1	0	0	0	0	0	0	0	0	0	6	0	0	0	0	0	0	0	0	0	0	0	0	0	0	1
chr9	61903227	61904564	1338	6	0	1338	786	552	75	42	62	57	53	39	50	66	72	32	44	37	35	28	35	58	56	28	1	56	56	35	5	45	29	23	2	30	67	54	4	60
chr9	61904565	61904607	43	6	0	43	25	18	4	1	3	0	2	1	0	0	0	0	2	4	2	1	3	2	1	2	0	0	0	2	0	3	0	0	0	2	1	2	0	3
chr9	61904608	61906504	1897	6	0	1897	1030	867	114	48	76	71	69	60	97	58	77	46	76	47	49	38	41	62	83	47	8	54	76	87	10	93	46	60	2	54	79	72	6	89
chr9	61906505	61906595	91	6	0	91	48	43	6	3	3	3	4	2	6	4	4	3	5	3	1	1	0	0	5	3	0	1	3	2	0	4	3	3	0	2	5	3	0	7
chr9	61906596	61906839	244	6	0	244	120	124	11	2	12	8	7	12	14	6	10	10	13	2	5	2	3	2	13	7	1	4	13	12	0	14	7	5	0	12	7	15	1	12
chr9	61906840	61906872	33	6	0	33	14	19	1	0	0	2	1	0	2	2	0	1	0	2	0	1	1	0	0	2	0	0	3	5	0	3	1	1	0	0	1	2	0	0
chr9	61906873	61907629	757	6	0	757	404	353	37	17	40	27	27	19	32	39	46	16	27	21	11	18	15	10	26	16	5	23	39	34	2	32	19	21	5	21	34	36	2	38
chr9	61907630	61907675	46	6	0	46	25	21	2	2	4	1	3	1	2	2	2	0	1	3	2	0	0	0	0	0	0	2	2	1	0	1	3	2	0	2	3	1	0	2
chr9	61907676	61911401	3726	6	0	3726	2037	1689	243	114	157	163	134	94	149	90	157	72	176	86	144	69	101	86	111	96	14	128	154	206	25	180	76	91	16	101	126	172	19	174
chr9	61911402	61911451	50	7	0	50	18	32	0	0	0	0	0	3	6	2	0	2	2	2	0	0	0	0	2	2	1	0	2	1	0	3	6	3	1	4	2	1	2	1
chr9	61911452	61911741	290	6	0	290	122	168	8	5	8	4	8	22	15	11	8	6	11	10	1	1	1	3	13	10	6	5	18	13	6	14	13	15	9	10	12	13	3	6
chr9	61911742	61911896	155	7	0	155	69	86	8	5	8	3	7	7	8	4	9	3	6	0	0	0	0	0	5	5	1	4	8	10	3	11	8	10	0	2	5	8	0	5
chr9	61911898	61911945	48	7	0	48	17	31	0	1	2	0	1	1	3	1	2	0	1	1	0	1	1	0	0	3	0	1	2	5	2	4	4	3	1	2	1	2	1	0
chr9	61911947	61912342	396	7	0	396	191	205	13	8	17	8	12	12	22	14	19	17	16	16	3	2	7	4	15	12	5	7	22	16	4	21	7	11	6	10	16	23	5	24
chr9	61912343	61912357	15	6	0	15	10	5	1	0	0	1	0	0	2	0	1	0	0	1	1	0	0	1	0	0	0	0	1	0	0	0	0	1	0	1	1	0	0	1
chr9	61912358	61912943	586	7	0	586	261	325	20	15	19	11	25	27	29	16	18	22	34	13	2	4	4	2	34	16	11	7	25	25	17	29	23	26	7	16	14	29	11	33
chr9	61912944	61912957	14	6	0	14	8	6	0	0	0	0	1	3	0	2	0	0	0	0	0	0	0	0	4	0	0	0	0	0	0	0	2	0	0	0	0	0	0	0
chr9	61912958	61913085	128	7	0	128	65	63	3	3	2	1	1	21	7	2	5	4	12	0	0	1	1	0	25	3	0	2	4	3	0	3	1	1	0	0	1	3	0	17
chr9	61913087	61913919	833	7	0	833	486	347	55	19	40	44	33	35	30	26	39	16	25	18	31	20	25	30	46	22	0	22	25	24	3	45	21	22	1	16	32	28	2	36
chr9	61913929	61914133	205	7	0	205	146	59	23	6	5	23	3	2	2	15	9	1	4	3	22	8	6	13	8	5	2	2	5	5	0	8	3	2	0	1	6	6	0	5
chr9	61914140	61916375	2236	7	0	2236	1236	1000	144	68	88	85	97	66	107	94	92	49	91	56	53	44	46	55	93	58	7	69	106	75	6	91	74	60	3	69	91	86	8	103
chr9	61916376	61916941	566	7	0	566	355	211	45	16	26	36	23	19	16	25	25	7	19	18	30	12	12	25	26	11	1	16	17	12	3	15	18	10	0	12	22	15	2	30
chr9	61916942	61916983	42	8	0	42	24	18	6	0	1	2	3	1	2	1	1	1	2	1	0	1	1	0	1	0	0	2	3	1	0	1	0	2	0	2	2	2	0	1
chr9	61916984	61916999	16	8	0	16	8	8	0	0	0	0	0	2	0	1	0	0	1	3	0	0	0	0	1	1	0	0	1	0	0	0	0	0	0	0	2	0	1	1
chr9	61917000	61917442	443	7	0	443	232	211	21	12	11	20	16	16	25	13	13	9	18	15	14	7	13	8	14	19	1	10	23	15	1	25	18	13	0	16	15	17	6	17
chr9	61917443	61917530	88	8	0	88	47	41	7	5	3	1	5	1	5	0	1	4	5	2	3	1	1	3	4	4	1	2	3	0	1	6	0	3	1	2	3	3	2	4
chr9	61917531	61917699	169	7	0	169	82	87	2	4	8	2	5	5	11	8	3	1	8	6	6	7	3	2	5	4	0	8	10	7	0	11	8	10	0	4	6	6	0	7
chr9	61917700	61918499	800	7	0	800	449	351	45	18	36	34	26	26	39	37	28	23	24	21	34	16	18	24	32	23	2	25	44	19	1	34	19	24	2	29	33	32	1	29
chr9	61918500	61918545	46	8	0	46	26	20	2	2	0	2	1	1	3	2	0	1	2	1	3	3	1	1	2	2	0	3	2	2	0	1	2	0	0	1	2	1	0	1
chr9	61918546	61918794	249	7	0	249	156	93	23	3	10	16	12	3	12	16	11	7	4	10	6	8	4	10	9	4	0	8	9	2	0	7	8	6	0	6	17	6	1	9
chr9	61918796	61918835	40	7	0	40	24	16	1	1	3	1	0	2	1	2	3	0	0	3	1	0	3	2	0	1	0	2	2	0	0	2	1	1	0	0	2	2	0	2
chr9	61918837	61919048	212	7	0	212	132	80	24	5	10	12	7	8	8	7	12	4	8	5	7	3	6	4	5	7	1	8	5	3	0	8	7	1	0	6	13	5	1	10
chr9	61919050	61919078	29	7	0	29	14	15	3	2	1	0	3	0	1	1	0	0	2	1	0	0	0	0	1	0	0	1	2	1	0	1	2	2	0	1	0	1	0	1
chr9	61919079	61919129	51	7	0	51	20	31	0	2	0	2	3	3	1	1	0	0	5	1	0	0	0	0	1	3	0	1	4	1	2	3	3	3	3	1	1	3	1	1
chr9	61919130	61919191	62	6	0	62	30	32	0	0	0	4	2	2	5	4	1	0	4	2	1	1	2	2	1	0	0	2	2	0	0	5	6	5	0	3	3	2	0	1
chr9	61919193	61919227	35	7	0	35	25	10	7	1	1	3	2	0	0	0	0	1	1	0	2	2	3	1	2	0	0	2	0	0	0	1	0	1	0	1	0	1	0	1
chr9	61919228	61919380	153	6	0	153	83	70	9	6	3	10	7	4	7	8	4	1	4	6	7	1	2	2	2	7	0	4	12	5	3	4	9	5	1	3	3	7	0	5
chr9	61919382	61919423	42	7	0	42	19	23	1	0	1	1	0	0	2	1	1	2	3	2	1	2	1	0	1	0	1	2	1	3	1	2	0	2	0	2	1	2	2	2
chr9	61919425	61919979	555	6	0	555	418	137	28	12	19	61	18	9	8	19	17	5	6	12	57	10	9	128	17	5	3	10	14	9	0	9	8	6	2	12	15	12	2	11
chr9	61919980	61920039	60	7	0	60	45	15	5	3	4	4	4	1	0	2	4	0	1	0	3	1	1	11	2	1	0	2	1	0	0	1	1	0	0	1	2	1	0	2
chr9	61920040	61920186	147	6	0	147	94	53	11	7	5	10	8	4	4	4	9	1	4	5	5	4	5	7	6	4	0	6	7	2	0	4	2	1	0	1	5	6	1	7
chr9	61920188	61920251	64	7	0	64	39	25	5	1	3	3	3	2	3	5	3	2	1	1	0	2	3	1	2	1	0	4	1	0	0	1	5	0	0	3	4	1	0	2
chr9	61920254	61920555	302	6	0	302	184	118	23	10	11	14	15	8	12	14	4	8	10	11	16	8	7	13	9	7	2	15	13	4	0	6	11	7	0	9	16	5	2	10
chr9	61920557	61920592	36	7	0	36	17	19	1	1	1	2	4	2	1	1	0	0	3	1	0	0	0	0	0	1	0	1	2	0	0	1	5	2	0	1	1	1	0	2
chr9	61920594	61920823	230	6	0	230	112	118	12	7	3	7	6	12	15	9	7	4	8	2	4	5	4	5	10	13	1	4	13	5	3	14	11	11	4	8	8	6	2	5
chr9	61920824	61920859	36	6	0	36	21	15	5	0	2	2	3	4	0	0	1	2	0	1	0	0	0	0	2	0	2	2	0	0	0	0	3	0	1	0	2	0	2	0
chr9	61920860	61921507	648	6	0	648	325	323	26	15	30	19	24	29	39	19	30	12	30	12	10	9	9	12	23	20	3	19	30	17	5	34	33	26	3	24	25	24	5	30
chr9	61921509	61921524	16	7	0	16	8	8	0	0	1	0	0	1	0	0	1	0	1	0	0	0	2	0	1	0	0	0	0	1	0	1	1	1	0	0	0	0	0	3
chr9	61921526	61921548	23	7	0	23	6	17	0	0	0	0	0	1	3	0	0	1	1	0	0	0	0	0	0	1	0	1	2	2	0	2	1	2	1	1	1	1	0	0
chr9	61921549	61921628	80	6	0	80	38	42	5	1	4	3	5	4	4	5	2	2	2	0	0	0	0	0	3	2	0	2	6	3	0	5	7	5	0	2	2	3	0	1
chr9	61921629	61921662	34	7	0	34	18	16	1	0	2	2	1	2	2	1	3	0	1	2	0	0	0	0	1	1	0	0	2	2	0	1	1	0	0	1	2	1	0	3
chr9	61921663	61922285	623	6	0	623	376	247	41	16	33	31	25	18	21	21	27	8	16	21	29	15	19	33	19	15	3	20	24	17	0	25	14	13	0	25	28	21	3	20
chr9	61922286	61922337	52	6	0	52	21	31	0	2	0	1	1	3	3	1	2	1	3	2	0	1	1	0	5	2	0	0	2	6	1	4	1	0	0	1	0	5	0	2
chr9	61922338	61922347	10	6	0	10	3	7	0	0	0	0	0	0	0	0	1	0	1	0	0	0	0	0	0	0	0	0	0	2	1	1	0	0	0	0	0	2	0	0
chr9	61922348	61922496	149	7	0	149	106	43	16	1	2	13	8	4	1	13	2	1	2	10	5	8	3	16	11	2	0	1	1	1	0	5	4	2	0	0	10	3	0	2
chr9	61922497	61922593	97	6	0	97	66	31	5	5	2	7	5	5	1	5	5	0	3	4	4	2	5	7	7	1	0	4	1	1	0	2	1	0	0	1	7	2	0	3
chr9	61922594	61922903	310	7	0	310	191	119	37	6	23	15	11	6	10	12	21	9	5	8	11	5	5	5	10	6	0	10	14	9	0	11	6	5	1	4	10	14	1	18
chr9	61922904	61922942	39	8	0	39	30	9	2	0	0	6	1	0	1	5	2	0	0	3	3	1	1	4	1	0	0	0	0	0	0	0	0	0	0	2	5	0	0	0
chr9	61922945	61922986	42	7	0	42	30	12	1	0	1	9	5	0	0	0	1	1	4	0	3	0	0	3	1	0	0	0	0	0	0	1	1	0	0	3	4	1	0	1
chr9	61922988	61923706	719	7	0	719	420	299	51	19	21	37	30	24	35	32	20	8	27	20	26	19	16	33	32	19	3	16	32	16	0	27	28	22	1	27	29	18	0	29
chr9	61923707	61923744	38	6	0	38	18	20	0	1	0	1	0	5	3	2	1	0	0	0	0	0	1	3	2	2	0	2	3	1	0	2	4	2	0	0	0	1	0	0
chr9	61923745	61925895	2151	7	0	2151	1396	755	178	58	82	145	88	57	75	89	77	34	61	67	120	68	57	139	88	43	5	81	68	37	2	53	62	26	1	49	91	54	2	92
chr9	61925896	61925925	30	8	0	30	11	19	0	0	2	0	1	3	2	0	0	0	0	0	1	0	1	0	1	2	0	0	3	2	0	2	1	3	0	4	0	0	0	0
chr9	61925926	61928087	2162	7	0	2162	1306	856	148	59	79	123	82	68	85	89	81	35	86	67	99	47	55	101	89	47	6	68	75	47	1	92	61	45	0	56	99	76	5	89
chr9	61928088	61928157	70	6	0	70	47	23	25	1	1	3	4	1	3	1	2	2	3	0	0	0	0	0	2	0	0	1	2	1	0	1	3	2	1	2	2	1	1	3
chr9	61928159	61928207	49	6	0	49	26	23	3	1	2	2	1	3	1	2	2	0	1	3	2	0	1	1	1	1	1	1	3	2	1	2	0	2	0	1	3	3	0	1
chr9	61928208	61928373	166	7	0	166	97	69	10	1	7	11	6	8	5	6	5	4	4	4	8	4	5	9	8	5	1	3	7	7	0	7	3	7	0	2	6	1	1	9
chr9	61928374	61928481	108	6	0	108	68	40	5	8	3	6	4	1	7	5	4	3	0	4	9	4	0	5	8	4	0	4	4	4	0	1	1	0	0	1	4	2	1	4
chr9	61928482	61928794	313	7	0	313	201	112	31	13	5	19	15	16	10	11	8	4	7	6	14	12	4	26	22	10	0	12	11	7	2	4	8	3	3	4	11	4	3	6
chr9	61928795	61928867	73	6	0	73	35	38	2	1	0	4	2	3	6	2	1	1	3	1	2	4	1	1	5	2	0	2	4	3	1	5	2	4	1	1	1	4	0	2
chr9	61928868	61930082	1215	7	0	1215	671	544	94	29	30	48	41	52	64	39	22	18	56	42	44	28	28	35	40	37	5	44	69	22	3	57	43	51	6	28	44	41	4	49
chr9	61930083	61930096	14	8	0	14	11	3	0	1	0	1	0	0	1	0	0	0	0	1	2	1	1	1	1	0	0	1	0	0	0	0	0	0	0	0	0	0	0	1
chr9	61930097	61930193	97	7	0	97	53	44	2	1	6	1	0	6	4	1	5	2	3	6	2	1	5	6	3	3	0	4	2	4	1	6	2	1	0	1	4	5	1	7
chr9	61930195	61930318	124	7	0	124	92	32	19	3	6	13	4	1	0	9	8	1	3	4	9	2	1	8	3	2	0	1	3	0	0	4	2	0	0	0	6	5	0	5
chr9	61930319	61930354	36	8	0	36	19	17	1	1	2	1	1	0	3	1	3	2	3	0	0	0	0	0	0	1	0	1	1	0	0	2	0	0	0	2	4	2	0	3
chr9	61930355	61930427	73	7	0	73	33	40	3	0	2	2	2	3	6	4	1	0	4	4	1	1	0	0	1	2	1	0	5	1	0	4	4	5	1	6	4	2	0	2
chr9	61930428	61930461	34	8	0	34	14	20	0	1	1	0	1	0	3	2	0	2	1	0	1	0	1	0	1	2	0	0	5	0	0	2	0	3	0	3	1	1	0	1
chr9	61930462	61931647	1186	7	0	1186	770	416	90	32	40	75	47	43	32	51	43	16	40	32	57	34	38	98	60	24	2	40	38	14	1	32	28	17	2	27	47	30	3	51
chr9	61931648	61931680	33	6	0	33	12	21	0	1	0	1	2	0	0	3	0	0	3	2	0	0	0	0	0	1	0	0	2	1	2	1	2	4	0	1	1	1	2	1
chr9	61931681	61935499	3819	7	0	3819	2220	1599	318	103	123	183	148	138	165	116	118	77	150	106	143	74	90	167	137	112	17	126	160	101	26	137	112	102	13	104	159	109	22	161
chr9	61935500	61935540	41	7	0	41	17	24	0	1	0	0	1	2	3	3	0	1	3	2	0	0	0	0	1	1	0	2	2	1	0	3	3	3	0	1	3	1	2	0
chr9	61935541	61940783	5243	7	0	5243	2978	2265	389	134	191	244	193	200	232	167	179	111	206	139	197	110	101	184	218	154	22	161	231	164	26	208	143	135	36	130	199	176	30	231
chr9	61940785	61940822	38	7	0	38	22	16	3	0	1	2	1	2	1	1	1	1	2	0	1	1	1	3	4	0	0	1	1	0	0	2	0	1	2	0	0	2	0	2
chr9	61940832	61940860	29	7	0	29	23	6	3	2	1	3	2	0	0	0	2	0	1	1	2	0	0	4	1	0	0	1	0	0	0	0	0	0	0	0	3	0	0	1
chr9	61940861	61942867	2007	7	0	2007	1148	859	176	68	72	100	82	63	86	66	82	35	62	46	76	37	46	50	73	52	15	63	80	55	18	73	74	57	21	52	70	63	14	78
chr9	61942868	61942914	47	6	0	47	20	27	2	0	1	2	0	4	2	2	1	0	2	0	2	1	1	0	1	1	1	2	4	0	1	2	1	5	2	2	1	1	1	0
chr9	61942915	61944549	1635	7	0	1635	849	786	125	40	65	52	55	63	77	39	53	27	71	34	49	34	30	35	45	56	13	50	78	54	22	80	61	65	24	52	50	58	15	61
chr9	61944550	61944603	54	8	0	54	26	28	0	3	2	1	3	3	1	2	3	0	4	3	0	0	0	0	0	3	1	2	3	0	1	2	3	1	0	1	4	2	2	2
chr9	61944604	61944705	102	7	0	102	72	30	22	0	17	2	1	2	1	1	18	0	3	2	0	0	1	1	0	1	0	1	1	1	0	1	0	0	0	0	4	1	0	19
chr9	61944708	61944743	36	7	0	36	19	17	0	0	8	0	0	0	0	0	9	0	0	0	0	0	0	0	0	0	0	0	0	0	0	8	0	0	0	0	0	8	0	1
chr9	61944745	61946020	1276	7	0	1276	727	549	106	37	60	47	51	37	58	40	59	22	49	23	34	31	35	38	51	30	5	41	51	37	2	55	37	35	3	48	47	43	4	58
chr9	61946021	61946047	27	8	0	27	11	16	0	1	0	0	0	0	2	1	1	1	2	3	0	0	0	0	0	1	0	1	1	0	0	3	0	1	1	0	2	3	1	0
chr9	61946048	61946156	109	7	0	109	61	48	7	1	2	5	2	4	6	5	0	6	5	1	5	3	5	3	5	5	0	4	9	3	0	1	1	2	0	5	2	3	0	7
chr9	61946157	61946209	53	6	0	53	22	31	0	2	1	2	3	2	3	0	2	0	5	2	0	0	0	0	0	3	0	1	2	1	1	4	4	1	1	2	2	3	2	2
chr9	61946210	61946967	758	7	0	758	415	343	70	20	21	23	39	28	39	24	10	14	32	21	16	19	21	16	28	25	2	27	41	19	0	36	30	28	1	29	31	24	1	21
chr9	61946968	61947018	51	6	0	51	30	21	3	2	1	1	1	3	3	2	1	2	1	1	2	3	1	2	4	3	0	3	2	0	0	2	2	0	0	0	2	1	0	1
chr9	61947019	61947584	566	7	0	566	330	236	58	16	23	19	22	21	25	13	20	12	19	11	16	9	22	23	22	17	1	18	23	15	1	23	16	18	0	19	20	12	0	30
chr9	61947585	61947622	38	8	0	38	17	21	1	0	1	1	1	2	1	1	1	1	3	3	0	0	0	0	0	1	1	1	3	0	0	2	0	3	0	1	2	1	4	1
chr9	61947623	61947816	194	7	0	194	104	90	10	5	6	5	7	7	12	9	3	3	8	4	6	8	8	2	10	3	3	7	10	1	0	6	9	8	0	13	6	4	1	8
chr9	61947817	61947867	51	6	0	51	25	26	1	1	1	2	2	3	4	0	1	2	2	1	1	0	3	0	3	1	2	0	1	3	0	1	3	1	0	4	2	0	0	4
chr9	61947868	61948010	143	7	0	143	87	56	9	4	3	8	4	6	5	10	4	2	3	9	7	1	4	6	6	1	1	5	7	2	1	4	4	5	0	1	8	6	0	5
chr9	61948011	61948043	33	8	0	33	16	17	1	1	2	1	1	2	1	2	3	1	0	1	0	0	0	0	1	1	1	1	1	2	1	1	2	0	0	0	2	1	0	1
chr9	61948044	61948094	51	6	0	51	30	21	1	2	2	1	0	0	3	5	1	2	1	3	4	0	2	2	2	0	0	2	2	0	0	3	1	2	0	1	3	3	0	1
chr9	61948095	61948305	211	7	0	211	148	63	31	3	14	15	4	0	6	8	9	3	4	8	19	6	3	14	4	4	0	4	5	2	1	7	3	2	0	7	6	7	1	9
chr9	61948306	61948344	39	6	0	39	16	23	0	1	1	0	2	4	3	0	0	0	3	2	0	0	0	0	2	1	0	2	3	1	0	1	3	2	0	2	1	1	0	2
chr9	61948345	61948537	193	7	0	193	92	101	9	6	2	5	6	7	10	6	3	3	15	5	5	3	4	2	3	8	2	6	11	8	1	13	6	8	2	6	9	10	1	6
chr9	61948538	61948579	42	8	0	42	20	22	0	0	1	1	1	3	3	3	1	1	1	1	1	1	0	0	3	2	0	0	4	1	0	2	2	2	0	2	1	2	0	1
chr9	61948580	61949205	626	7	0	626	317	309	46	14	16	14	29	28	44	11	8	14	32	13	9	14	9	14	23	24	1	22	37	12	5	34	23	39	1	21	29	13	1	24
chr9	61949206	61949344	139	8	0	139	73	66	6	2	3	8	5	5	8	3	5	2	8	4	3	3	5	1	4	3	0	6	6	5	1	5	6	3	1	6	5	6	2	7
chr9	61949345	61949394	50	7	0	50	30	20	10	2	2	1	3	0	3	1	3	0	2	1	0	0	0	0	1	0	0	1	2	1	0	1	3	2	1	2	1	1	1	3
chr9	61949395	61949490	96	8	0	96	51	45	5	1	2	6	2	2	6	2	5	1	3	1	2	5	6	1	4	2	0	3	2	2	1	6	3	4	3	4	3	3	0	4
chr9	61949491	61949575	85	7	0	85	47	38	9	0	3	2	2	5	5	2	2	2	5	4	2	1	1	0	2	2	0	4	5	1	0	1	4	2	1	3	4	2	1	6
chr9	61949576	61949824	249	8	0	249	169	80	31	3	11	24	13	5	7	8	10	5	4	5	15	6	5	16	9	1	0	9	10	5	0	4	5	7	0	6	9	6	0	8
chr9	61949825	61949897	73	7	0	73	36	37	2	1	5	1	5	0	3	2	3	2	3	3	0	0	1	3	1	0	0	2	4	4	0	5	2	4	1	3	3	5	1	2
chr9	61949898	61949959	62	8	0	62	57	5	21	0	0	10	1	0	1	0	0	1	1	0	10	0	0	10	0	0	0	1	0	0	0	0	2	0	0	0	0	0	0	2
chr9	61949960	61949994	35	7	0	35	34	1	10	1	0	7	0	0	0	0	0	0	0	0	7	0	0	7	1	0	0	0	0	0	0	0	0	0	0	0	0	0	0	0
chr9	61949995	61950033	39	8	0	39	38	1	14	0	0	8	0	0	0	1	0	0	0	0	7	0	0	7	0	0	0	0	0	0	0	0	0	0	0	0	0	0	0	0
chr9	61950034	61950369	336	7	0	336	229	107	37	12	12	28	14	9	8	8	15	4	9	8	22	5	10	26	14	10	0	6	10	7	0	12	5	2	0	5	10	10	0	16
chr9	61950370	61950519	150	8	0	150	103	47	13	4	6	12	9	3	3	6	7	1	4	6	7	4	7	10	4	1	0	7	2	1	0	3	6	1	0	3	8	3	0	7
chr9	61950520	61950624	105	7	0	105	61	44	8	1	6	3	0	5	3	1	4	1	3	4	6	2	8	4	1	3	0	5	1	3	2	7	4	4	0	2	3	3	0	6
chr9	61950625	61950656	32	8	0	32	13	19	1	0	1	1	1	1	3	0	0	0	2	1	1	1	0	0	1	0	0	1	2	3	0	2	1	1	0	3	1	2	0	0
chr9	61950657	61950713	57	6	0	57	28	29	2	4	2	1	5	0	3	2	2	2	3	1	0	0	0	0	2	2	0	2	5	2	0	1	2	2	0	2	2	3	0	3
chr9	61950714	61950869	156	7	0	156	74	82	6	0	5	5	6	4	11	6	1	1	6	6	3	3	3	7	2	2	0	4	10	6	0	13	12	12	0	6	4	8	0	2
chr9	61950878	61950905	28	8	0	28	11	17	0	1	0	0	0	1	3	0	1	1	2	2	0	0	0	0	0	1	1	1	1	0	0	2	0	2	0	1	3	1	1	1
chr9	61950906	61950952	47	6	0	47	30	17	7	1	0	4	3	1	1	1	1	1	1	0	1	2	2	3	2	2	0	1	4	1	0	1	0	2	0	0	1	0	0	2
chr9	61950953	61951110	158	7	0	158	75	83	11	3	3	4	6	10	12	0	4	3	10	3	1	0	2	1	3	6	0	7	7	5	3	9	9	8	1	4	9	5	0	7
chr9	61951111	61951133	23	8	0	23	17	6	7	0	5	0	0	0	0	0	5	0	0	0	0	0	0	0	0	0	0	0	0	0	0	0	0	0	0	0	0	0	0	4
chr9	61951135	61951160	26	8	0	26	21	5	9	0	2	1	0	1	1	0	2	0	0	2	0	0	0	1	0	0	0	1	0	0	0	0	0	0	0	0	2	0	0	2
chr9	61951162	61951249	88	8	0	88	45	43	1	3	3	1	2	3	6	3	3	2	7	4	2	1	2	1	2	2	0	4	3	2	0	5	2	3	0	3	7	3	0	6
chr9	61951250	61951473	224	7	0	224	135	89	18	2	6	13	4	10	11	7	6	2	15	6	10	7	7	10	6	5	0	10	7	1	1	7	7	6	0	9	12	4	1	12
chr9	61951474	61951516	43	6	0	43	22	21	1	2	0	2	4	1	0	3	1	1	3	3	0	0	0	0	1	2	0	1	3	3	0	2	0	0	0	0	4	3	1	0
chr9	61951517	61951547	31	8	0	31	19	12	5	3	1	1	2	1	1	1	2	0	1	0	0	0	0	0	2	1	0	1	2	1	0	1	0	0	0	0	1	1	0	1
chr9	61951548	61951611	64	6	0	64	35	29	4	2	3	2	4	4	3	1	3	1	3	1	0	1	1	2	4	3	0	1	4	1	0	2	1	2	0	1	3	0	0	5
chr9	61951612	61951716	105	7	0	105	57	48	1	2	3	5	4	5	8	2	6	3	1	6	0	2	4	4	4	4	0	3	5	3	0	2	5	0	0	5	5	3	2	6
chr9	61951717	61951773	57	8	0	57	25	32	3	1	2	1	3	2	4	0	1	3	3	1	0	0	0	0	2	1	0	3	2	7	0	2	1	2	0	3	4	1	1	2
chr9	61951774	61952104	331	7	0	331	179	152	16	10	10	17	12	9	11	13	13	3	16	14	12	6	8	8	11	9	3	5	16	17	1	19	5	9	1	9	12	18	3	13
chr9	61952105	61952150	46	8	0	46	19	27	0	1	1	1	1	2	2	1	0	1	4	2	2	0	0	0	0	1	0	3	3	7	0	4	0	0	0	0	3	5	0	0
chr9	61952151	61952315	165	7	0	165	79	86	7	2	8	3	6	4	11	5	3	5	3	8	4	2	4	4	4	4	0	4	10	10	1	9	6	10	0	8	6	6	1	5
chr9	61952316	61952404	89	8	0	89	51	38	11	3	3	3	4	1	3	2	3	4	4	1	2	1	3	2	2	4	0	4	5	2	2	2	0	3	0	1	3	1	2	6
chr9	61952405	61952456	52	7	0	52	24	28	0	0	2	2	2	2	3	4	2	1	2	0	0	2	2	0	2	1	0	2	4	1	0	3	3	4	0	1	1	1	0	3
chr9	61952457	61952540	84	8	0	84	38	46	1	4	2	1	4	5	9	0	2	1	6	1	1	1	0	0	2	4	0	5	4	2	0	4	10	2	0	2	2	2	0	5
chr9	61952541	61953296	756	7	0	756	429	327	65	21	38	36	40	19	26	24	34	16	20	22	20	10	16	20	26	18	3	19	34	37	5	29	18	21	2	23	32	29	2	29
chr9	61953297	61953332	36	8	0	36	18	18	1	0	2	0	2	1	2	2	1	2	2	0	0	0	1	0	2	0	0	1	3	0	0	1	1	2	0	3	1	2	0	2
chr9	61953333	61956153	2821	7	0	2821	1449	1372	164	63	88	98	93	131	141	70	79	65	128	68	76	54	58	72	119	79	23	92	113	92	53	113	100	101	46	101	103	99	28	109
chr9	61956154	61956201	48	8	0	48	19	29	1	1	1	1	2	6	1	0	0	0	3	1	1	1	0	0	3	3	1	1	4	4	0	3	0	3	0	1	2	2	0	0
chr9	61956202	61957347	1146	7	0	1146	672	474	114	43	40	51	57	43	51	27	36	16	32	38	41	24	25	34	52	31	7	36	45	25	7	43	31	34	7	33	50	30	5	36
chr9	61957348	61957399	52	8	0	52	36	16	5	0	1	7	2	0	1	5	1	0	2	2	5	1	0	4	0	1	0	0	2	1	0	1	2	1	0	1	3	0	0	2
chr9	61957400	61957426	27	7	0	27	16	11	4	0	0	3	2	1	1	0	0	0	0	0	1	1	1	1	2	0	0	0	1	0	0	2	2	3	0	0	0	0	0	0
chr9	61957427	61957455	29	7	0	29	17	12	0	0	2	2	1	2	1	1	1	0	0	0	2	2	0	2	1	1	0	1	3	0	0	0	1	1	0	2	0	1	0	0
chr9	61957456	61957516	61	8	0	61	27	34	1	2	1	0	3	1	5	0	1	1	3	4	0	1	3	0	0	1	0	3	4	1	1	4	2	7	0	1	3	1	1	4
chr9	61957517	61957545	29	8	0	29	19	10	5	1	0	1	1	1	0	1	1	1	2	0	0	1	1	1	1	1	1	1	1	0	1	0	0	0	0	0	1	1	0	2
chr9	61957546	61957810	265	8	0	265	140	125	20	7	6	14	14	15	12	3	7	3	15	4	6	4	5	5	7	10	1	10	13	9	3	11	13	7	1	9	10	10	1	8
chr9	61957811	61957841	31	8	0	31	15	16	3	0	1	1	2	1	2	2	0	0	2	0	0	0	0	0	1	0	0	0	2	0	0	2	2	4	0	2	1	0	0	1
chr9	61957843	61957874	32	8	0	32	14	18	1	0	2	2	2	1	2	0	1	0	1	0	1	1	0	0	1	0	0	1	3	1	0	3	1	3	0	1	0	2	0	0
chr9	61957875	61958745	871	8	0	871	477	394	70	25	29	36	42	36	34	25	22	16	35	21	26	16	20	24	29	31	10	23	45	30	2	38	30	33	5	22	33	23	3	35
chr9	61958746	61958790	45	7	0	45	17	28	0	0	0	2	0	4	3	0	1	0	3	0	1	2	1	0	1	3	0	1	3	1	1	5	2	4	0	1	1	2	1	0
chr9	61958791	61959829	1039	8	0	1039	571	468	72	33	24	49	62	36	51	28	27	13	49	27	17	33	24	26	47	30	5	32	47	26	4	48	40	40	2	29	43	29	5	39
chr9	61959830	61959866	37	7	0	37	16	21	0	0	1	0	0	2	4	1	0	2	2	1	1	1	0	0	1	1	0	3	3	0	0	1	3	2	0	1	1	2	0	2
chr9	61959867	61959929	63	8	0	63	27	36	0	1	0	2	1	2	6	0	2	0	7	4	0	0	0	0	0	2	0	1	1	0	1	8	4	4	0	2	5	4	1	3
chr9	61959930	61959977	48	8	0	48	26	22	7	0	1	2	1	2	1	2	0	0	1	2	1	1	2	2	0	1	1	1	3	1	1	1	2	3	2	3	1	1	0	0
chr9	61959978	61960349	372	8	0	372	219	153	26	15	11	14	17	8	14	16	11	4	16	15	12	12	9	17	18	8	2	11	17	8	2	11	9	14	1	6	11	8	5	22
chr9	61960350	61960386	37	8	0	37	29	8	7	2	3	3	2	1	0	1	0	1	0	0	5	1	0	2	3	0	0	1	0	0	0	0	1	0	0	1	0	0	0	1
chr9	61960387	61960759	373	8	0	373	199	174	30	10	12	16	21	15	23	3	9	8	16	7	9	5	10	4	13	17	0	8	19	5	1	22	17	15	1	15	13	10	2	15
chr9	61960760	61960793	34	8	0	34	27	7	6	1	1	3	1	0	0	0	0	1	1	2	4	0	1	5	0	1	0	1	0	0	0	1	0	0	0	0	1	0	0	2
chr9	61960794	61961824	1031	8	0	1031	587	444	59	31	21	50	42	44	38	54	23	16	31	27	38	36	35	41	45	41	3	38	61	30	6	30	32	27	2	31	40	28	3	26
chr9	61961828	61961846	19	8	0	19	9	10	0	0	1	0	1	0	2	0	0	2	3	0	0	0	0	0	1	0	0	1	0	0	0	0	1	0	0	1	0	0	0	4
chr9	61961847	61961863	17	8	0	17	17	0	15	0	0	0	0	0	0	0	0	0	0	0	0	0	0	0	0	0	0	0	0	0	0	0	0	0	0	0	0	0	0	0
chr9	61961864	61962068	205	8	0	205	111	94	11	3	15	4	4	11	8	6	11	2	6	6	6	4	2	10	5	6	2	7	9	7	3	8	5	10	0	7	11	4	1	9
chr9	61962069	61962138	70	8	0	70	31	39	1	2	1	0	1	3	3	1	1	3	3	5	1	1	3	0	1	4	3	1	2	2	3	5	1	3	1	1	4	3	1	4
chr9	61962139	61962808	670	8	0	670	399	271	59	27	21	29	29	24	35	16	22	12	25	15	25	10	16	32	32	12	1	28	26	16	3	19	24	13	1	22	22	23	1	28
chr9	61962809	61962842	34	8	0	34	19	15	2	1	3	1	2	0	2	0	2	0	2	0	1	2	0	1	1	1	0	1	1	2	0	1	0	0	0	2	1	1	0	2
chr9	61962844	61962980	137	8	0	137	70	67	7	4	7	4	8	5	4	7	3	7	5	2	3	1	1	1	4	10	0	3	11	8	0	7	3	0	0	3	6	8	0	3
chr9	61962981	61963079	99	8	0	99	49	50	3	4	3	3	3	3	3	3	3	2	6	1	4	1	4	3	2	3	0	4	7	4	2	6	2	4	0	2	1	7	0	4
chr9	61963080	61963604	525	8	0	525	284	241	24	15	11	20	21	33	25	16	12	9	21	9	13	14	16	25	26	19	2	24	24	16	1	22	21	13	4	16	23	15	3	10
chr9	61963605	61963681	77	8	0	77	34	43	2	3	2	0	4	4	4	3	2	3	5	1	0	0	0	0	1	6	0	3	8	1	0	4	2	4	0	2	4	3	2	2
chr9	61963682	61963907	226	8	0	226	132	94	14	6	5	10	12	11	11	7	5	3	9	6	3	7	2	19	12	8	1	6	12	3	1	8	8	4	0	8	9	9	0	5
chr9	61963908	61963974	67	8	0	67	49	18	9	2	1	6	2	2	2	4	3	0	1	0	3	4	1	8	6	0	1	1	0	0	0	1	1	0	1	2	2	1	0	1
chr9	61963975	61964277	303	8	0	303	210	93	32	7	21	15	8	5	6	9	11	1	5	11	23	10	10	35	5	5	2	11	6	3	1	9	10	4	1	7	7	6	0	15
chr9	61964278	61964340	63	8	0	63	37	26	1	1	1	6	6	1	3	3	2	3	0	4	0	0	3	3	4	1	0	0	3	1	0	1	2	1	0	3	4	2	0	2
chr9	61964341	61964564	224	8	0	224	149	75	32	6	17	10	7	7	3	11	15	2	3	7	10	5	8	4	11	4	0	5	4	2	1	5	7	2	1	6	6	4	2	15
chr9	61964565	61964629	65	8	0	65	35	30	2	2	12	0	11	0	1	0	3	1	1	0	0	0	0	0	1	2	0	0	2	0	0	1	9	0	0	9	0	1	0	5
chr9	61964630	61964972	343	8	0	343	199	144	34	8	18	14	13	11	12	9	20	5	14	12	8	8	5	7	9	7	2	14	17	11	1	10	4	8	4	5	15	13	3	20
chr9	61964973	61965038	66	8	0	66	41	25	1	0	1	6	4	2	3	5	1	0	3	2	2	2	0	8	2	1	0	1	3	0	0	1	5	2	0	3	4	1	0	1
chr9	61965039	61967252	2214	8	0	2214	1078	1136	91	49	76	67	72	93	132	68	77	55	111	46	42	28	23	47	81	64	19	61	111	99	25	118	92	89	18	69	81	100	14	94
chr9	61967253	61967361	109	8	0	109	46	63	1	2	4	0	2	5	7	2	4	2	9	1	0	1	4	1	0	5	0	5	3	5	2	8	8	3	0	7	5	6	0	5
chr9	61967362	61968753	1392	8	0	1392	694	698	71	37	54	41	49	41	68	49	46	37	72	32	37	12	17	30	39	47	3	38	71	93	11	72	39	49	8	39	58	58	10	62
chr9	61968754	61968799	46	8	0	46	25	21	2	1	2	1	3	1	2	3	0	2	1	2	1	1	0	2	0	2	0	2	4	0	0	1	3	1	0	2	2	2	0	1
chr9	61968800	61969582	783	8	0	783	385	398	19	16	20	20	18	34	40	54	27	18	32	46	11	7	9	13	31	27	3	14	70	43	3	27	19	17	1	19	26	55	1	41
chr9	61969583	61969676	94	8	0	94	46	48	0	1	0	3	1	5	1	12	3	0	0	13	0	0	3	3	0	6	0	0	14	9	0	0	1	0	0	1	4	9	0	3
chr9	61969680	61969724	45	8	0	45	22	23	0	0	0	2	1	2	0	7	1	0	0	5	0	2	2	0	0	4	0	0	7	2	0	1	2	0	0	0	0	4	0	1
chr9	61969725	61971844	2120	8	0	2120	1032	1088	61	37	45	64	47	83	92	134	58	28	88	126	41	35	50	42	58	71	11	43	164	119	14	108	52	79	13	54	82	137	12	70
chr9	61971845	61971892	48	8	0	48	15	33	0	0	0	0	0	2	6	1	0	1	3	0	0	1	0	1	0	2	1	1	1	2	3	3	7	4	0	3	1	1	1	1
chr9	61971894	61972255	362	8	0	362	179	183	13	12	13	10	10	9	23	16	17	9	15	9	8	3	6	5	11	8	4	9	12	14	4	24	15	17	4	10	21	15	0	14
chr9	61972256	61972288	33	8	0	33	13	20	1	0	0	2	1	1	2	0	1	2	1	0	0	1	1	0	1	1	1	1	1	0	2	1	2	2	1	1	0	2	1	1
chr9	61972289	61972754	466	8	0	466	226	240	20	12	20	12	16	18	25	10	16	9	26	10	12	5	5	10	11	13	8	12	23	21	4	27	21	19	6	12	13	21	2	25
chr9	61972755	61972795	41	8	0	41	18	23	1	2	0	0	1	5	4	0	0	1	1	1	1	0	0	1	5	1	0	1	2	2	0	3	2	1	0	1	0	3	0	0
chr9	61972796	61972853	58	8	0	58	20	38	2	0	2	0	3	2	3	0	0	1	6	0	0	0	0	0	0	2	1	0	4	6	1	5	1	6	0	4	3	2	0	2
chr9	61972859	61973319	461	8	0	461	232	229	24	9	21	10	16	15	23	11	13	14	22	11	11	13	8	10	18	17	2	14	23	23	4	22	12	17	5	12	12	15	5	27
chr9	61973320	61973354	35	8	0	35	22	13	6	0	0	3	1	1	0	0	0	1	0	0	2	3	3	1	1	1	1	2	0	2	2	0	0	1	0	1	1	0	0	0
chr9	61973355	61973509	155	8	0	155	84	71	9	3	1	10	10	5	7	9	2	5	5	4	2	2	2	6	7	5	0	3	13	3	1	6	2	9	1	4	9	6	0	2
chr9	61973510	61973554	45	8	0	45	23	22	2	0	4	1	2	2	2	2	1	0	3	1	1	1	0	0	1	0	0	2	1	0	0	3	3	3	0	3	3	1	0	1
chr9	61973555	61973930	376	8	0	376	262	114	52	13	16	32	18	6	4	16	20	5	8	11	23	6	13	18	13	8	1	8	15	5	0	5	6	3	0	5	10	10	1	23
chr9	61973931	61973981	51	8	0	51	37	14	4	2	2	4	4	0	0	2	3	0	0	1	2	1	3	7	2	0	0	1	2	0	0	1	2	1	0	1	0	2	0	2
chr9	61973982	61974378	397	8	0	397	229	168	26	15	20	13	17	12	23	14	20	8	11	14	11	5	9	11	21	5	0	13	13	9	1	12	13	11	0	16	19	10	1	22
chr9	61974379	61974428	50	8	0	50	26	24	3	2	2	0	2	6	3	0	2	3	3	0	0	0	0	0	8	1	0	2	1	1	0	2	0	0	0	0	2	1	0	4
chr9	61974429	61974631	203	8	0	203	93	110	4	5	13	2	7	7	11	4	10	8	7	6	3	3	2	0	8	7	2	5	6	13	3	16	6	6	2	4	10	12	1	8
chr9	61974632	61974681	50	8	0	50	20	30	1	1	3	0	1	1	4	1	3	1	3	1	0	0	0	0	0	1	0	2	3	4	0	4	3	1	0	2	1	5	0	2
chr9	61974682	61975743	1062	8	0	1062	518	544	57	25	37	29	36	37	67	30	33	25	38	23	22	18	20	20	46	27	11	20	45	41	19	51	48	54	15	47	32	34	9	44
chr9	61975744	61975788	45	8	0	45	28	17	1	1	2	3	1	0	1	4	4	0	2	1	1	0	2	3	1	1	0	0	2	0	0	2	2	0	0	2	1	3	0	3
chr9	61975789	61976575	787	8	0	787	378	409	42	16	20	20	24	37	37	26	22	27	38	17	11	13	13	13	36	24	9	24	33	44	18	39	22	32	9	15	33	34	6	31
chr9	61976576	61976655	80	8	0	80	27	53	0	1	0	1	1	6	2	2	1	3	2	1	0	2	4	0	1	7	3	1	6	7	5	3	3	5	1	3	2	3	1	1
chr9	61976656	61976734	79	8	0	79	24	55	1	2	0	0	1	7	5	0	1	1	5	0	0	0	0	0	1	5	1	3	7	10	3	4	5	6	0	3	1	3	2	0
chr9	61976735	61976777	43	8	0	43	13	30	0	0	0	0	0	0	2	2	0	0	3	2	0	1	3	0	1	0	0	0	2	3	3	4	0	6	1	3	1	3	0	1
chr9	61976778	61977115	338	8	0	338	143	195	11	7	11	8	6	15	24	9	16	7	12	5	4	1	1	6	7	9	4	10	20	30	4	15	19	17	5	13	8	15	7	10
chr9	61977116	61977155	40	8	0	40	16	24	0	0	1	2	2	0	3	1	0	2	1	1	1	1	0	0	1	2	0	0	3	3	0	4	3	3	0	0	0	3	0	1
chr9	61977157	61977173	17	8	0	17	8	9	0	0	0	0	0	0	2	1	0	1	0	1	0	1	0	1	1	1	0	0	1	0	0	1	1	1	0	0	0	1	0	1
chr9	61977175	61977531	357	8	0	357	156	201	3	5	7	9	9	15	19	16	8	7	24	9	4	5	9	6	10	12	1	8	19	23	6	23	18	16	0	16	13	20	3	12
chr9	61977532	61977610	79	8	0	79	29	50	1	1	1	1	1	3	8	2	2	1	4	1	0	1	1	0	4	2	0	0	4	8	0	7	3	8	0	5	4	2	0	2
chr9	61977611	61978505	895	8	0	895	430	465	53	14	22	28	22	37	68	20	22	17	42	20	20	11	15	18	21	30	4	24	50	44	5	52	39	45	7	42	37	32	2	30
chr9	61978507	61978550	44	8	0	44	11	33	0	0	1	0	0	2	2	0	2	1	2	0	0	0	0	0	0	2	1	0	2	9	2	5	0	5	1	0	2	2	1	0
chr9	61978551	61978647	97	8	0	97	35	62	1	3	1	0	2	4	9	4	2	1	4	2	0	1	1	0	3	2	0	4	9	9	2	4	5	9	0	5	2	4	0	2
chr9	61978648	61978739	92	8	0	92	40	52	2	1	6	0	2	4	6	4	4	2	3	3	1	1	0	0	5	2	0	1	7	7	0	5	3	3	1	5	1	7	1	3
chr9	61978740	61979028	289	8	0	289	136	153	18	3	11	11	5	13	15	10	15	3	12	4	5	4	2	5	7	9	3	3	20	20	2	21	8	19	0	5	7	15	1	11
chr9	61979029	61979100	72	8	0	72	29	43	1	0	3	3	3	4	3	1	3	3	2	2	0	0	0	0	1	3	0	3	7	8	2	3	1	3	0	1	2	6	0	2
chr9	61979101	61979300	200	8	0	200	74	126	2	4	5	1	5	10	19	1	5	4	14	2	0	1	1	0	7	6	0	6	13	16	4	13	12	13	1	8	3	11	1	10
chr9	61979301	61979342	42	8	0	42	16	26	1	1	1	0	0	2	3	2	2	1	3	0	0	0	0	0	0	4	0	0	2	4	1	3	2	1	0	1	3	1	0	2
chr9	61979343	61980050	708	8	0	708	334	374	32	19	21	14	18	25	42	31	23	15	38	23	13	4	9	6	25	17	3	18	38	48	3	44	24	36	2	16	29	32	6	32
chr9	61980051	61980225	175	8	0	175	82	93	8	5	4	5	7	8	10	5	4	3	12	2	3	2	3	0	5	5	1	7	12	5	2	8	7	10	1	8	6	7	2	6
chr9	61980226	61980305	80	8	0	80	38	42	5	0	6	1	3	5	2	2	1	1	3	1	3	2	0	2	3	4	0	1	6	3	2	6	2	6	0	2	1	3	0	2
chr9	61980306	61980739	434	8	0	434	230	204	32	11	13	20	20	15	19	8	11	7	18	11	13	10	8	13	12	16	1	14	19	22	4	19	13	17	9	11	18	9	4	15
chr9	61980740	61983745	3006	8	0	3006	1508	1498	174	70	123	74	96	104	183	95	108	75	139	61	63	41	53	48	106	84	26	74	138	94	32	150	133	117	25	135	101	120	23	139
chr9	61983746	61983805	60	8	0	60	20	40	0	0	0	0	0	2	6	4	0	4	4	0	0	0	0	0	2	2	2	0	4	5	0	3	4	4	2	2	2	2	0	4
chr9	61983806	61985347	1542	8	0	1542	657	885	23	28	41	17	39	59	124	66	29	63	93	18	18	15	12	11	65	56	18	26	86	79	9	98	83	76	17	68	54	61	10	78
chr9	61985348	61990371	5024	9	0	5024	2307	2717	159	95	143	112	138	239	299	201	123	143	202	131	89	80	79	74	170	193	44	149	328	300	69	234	211	212	43	163	168	226	28	177
chr9	61990372	61990449	78	8	0	78	32	46	0	0	2	2	4	9	5	3	0	6	0	0	0	0	0	0	7	2	2	3	4	2	3	0	7	4	2	3	3	1	1	1
chr9	61990450	61993288	2839	9	0	2839	1477	1362	145	82	65	54	87	339	101	109	65	46	64	35	49	87	50	98	358	73	40	83	113	111	21	86	94	78	38	56	71	69	15	55
chr9	61993289	61993344	56	8	0	56	35	21	4	3	1	0	2	9	1	2	0	0	0	0	2	4	1	5	10	1	1	3	1	0	0	0	3	0	1	0	0	0	0	0
chr9	61993345	61993917	573	9	0	573	372	201	42	30	7	6	19	106	4	26	4	0	1	4	20	35	18	49	133	9	2	26	9	2	0	0	8	0	1	1	5	0	1	3
chr9	61993918	61993988	71	8	0	71	45	26	5	4	0	1	3	16	0	1	0	0	1	1	2	3	3	4	18	1	0	3	1	0	0	0	0	0	0	0	1	0	0	1
chr9	61993989	61997957	3969	9	0	3969	2135	1834	222	134	126	128	131	199	191	136	142	88	118	88	113	81	84	152	239	108	32	123	178	137	42	163	113	121	35	107	127	154	29	126
chr9	61997958	61998291	334	8	0	334	211	123	30	11	15	21	17	14	8	13	13	5	7	6	18	8	8	16	14	10	4	10	12	0	2	8	16	5	2	8	10	7	2	12
chr9	61998292	62011347	13056	9	0	13056	8072	4984	1137	437	551	722	590	341	500	492	586	235	343	390	534	320	332	562	593	279	50	410	473	252	39	389	345	257	38	303	512	365	53	624
chr9	62011348	62014464	3117	10	0	3117	1840	1277	292	87	108	164	106	97	129	96	128	58	109	79	126	78	66	115	124	74	27	95	120	67	34	92	74	83	36	77	110	89	27	148
chr9	62014470	62014939	470	9	0	470	249	221	38	11	10	20	13	13	22	9	11	12	18	11	18	9	13	20	14	10	7	13	20	15	10	17	9	21	13	19	14	16	8	14
chr9	62014940	62041098	26159	10	0	26159	15660	10499	2212	785	1015	1316	1037	803	1015	971	1054	486	858	729	1025	622	663	1068	1089	640	115	853	987	593	143	920	697	589	103	643	1053	821	117	1135
chr9	62041099	62041153	55	9	0	55	22	33	0	0	2	0	1	3	5	0	0	3	5	2	0	0	0	0	2	0	1	3	4	0	0	1	3	4	2	3	0	1	3	5
chr9	62041154	62042217	1064	10	0	1064	622	442	91	34	39	46	31	25	43	47	45	19	36	25	42	29	25	44	44	26	9	27	36	33	9	42	31	26	6	27	35	35	8	47
chr9	62042218	62042290	73	9	0	73	29	44	5	0	0	3	0	2	4	1	1	1	4	0	1	2	3	0	1	2	1	2	3	4	5	4	2	7	3	4	1	3	1	1
chr9	62042291	62047467	5177	10	0	5177	3429	1748	546	171	179	350	189	131	160	191	212	64	132	136	299	147	141	381	237	91	23	161	139	81	21	128	105	91	22	104	190	106	28	219
chr9	62047468	62047538	71	9	0	71	28	43	1	0	2	1	2	5	4	0	0	1	4	3	1	3	0	0	2	3	2	2	3	2	3	6	2	5	1	2	3	4	2	0
chr9	62047539	62054076	6538	10	0	6538	4037	2501	553	197	248	382	259	190	226	228	268	106	207	189	300	169	182	333	275	136	38	213	237	142	31	195	164	128	30	141	227	199	29	314
chr9	62054077	62054120	44	9	0	44	32	12	16	0	1	1	1	1	1	1	1	2	2	2	0	0	2	0	1	1	0	1	0	0	0	1	0	0	0	0	4	0	0	3
chr9	62054121	62054192	72	10	0	72	49	23	17	5	2	0	6	2	1	1	1	2	3	1	1	1	2	2	6	2	0	2	1	0	0	3	0	1	0	1	3	1	0	3
chr9	62054193	62054230	38	9	0	38	15	23	0	0	0	0	0	2	4	2	0	0	2	2	0	1	1	0	1	0	1	2	4	1	0	1	3	3	0	2	0	1	1	2
chr9	62054231	62054298	68	10	0	68	26	42	0	1	1	1	1	4	5	1	2	1	6	0	0	1	1	0	1	3	0	3	3	4	3	3	4	2	0	6	3	4	1	1
chr9	62054299	62054354	56	9	0	56	35	21	18	1	1	2	2	2	1	1	0	0	0	0	2	1	1	1	3	2	0	0	2	2	3	1	1	4	1	2	0	0	0	0
chr9	62054355	62056316	1962	10	0	1962	1250	712	177	75	81	113	73	47	88	65	84	30	44	55	112	55	48	103	94	37	6	69	65	41	5	50	44	29	3	54	69	54	2	88
chr9	62056317	62056367	51	9	0	51	25	26	1	2	2	1	3	1	1	2	1	0	2	3	0	2	2	0	2	0	1	2	3	1	0	1	1	4	4	1	1	0	1	4
chr9	62056368	62056724	357	10	0	357	201	156	21	12	9	19	10	13	18	9	15	2	13	10	15	11	8	16	10	13	2	13	17	9	3	14	6	14	3	11	17	8	4	10
chr9	62056725	62056770	46	9	0	46	29	17	10	2	1	1	0	1	4	1	3	0	0	0	1	1	2	0	3	1	0	0	1	0	0	2	2	2	0	2	1	0	0	3
chr9	62056771	62082740	25970	10	0	25970	14921	11049	1957	715	988	1269	979	838	1149	898	972	504	894	666	1021	536	596	937	1012	592	183	806	998	689	209	932	849	750	196	797	1005	797	142	1092
chr9	62082741	62082789	49	10	0	49	39	10	7	1	2	6	2	0	1	2	2	1	0	0	5	3	1	4	2	0	0	3	0	0	0	0	2	0	0	0	2	0	0	1
chr9	62082790	62085334	2545	10	0	2545	1548	997	233	77	110	118	96	68	109	99	112	43	93	62	97	64	64	103	100	52	7	93	91	41	6	85	67	60	4	79	113	70	8	119
chr9	62085335	62085463	129	10	0	129	65	64	9	3	0	4	1	5	9	4	3	4	6	1	3	4	6	1	4	5	3	4	8	2	0	8	3	6	1	6	5	5	0	4
chr9	62085464	62086191	728	10	0	728	460	268	65	27	34	43	36	19	30	26	45	13	31	24	24	8	5	29	28	11	0	28	29	7	1	14	13	10	2	11	41	24	1	47
chr9	62086192	62086227	36	10	0	36	24	12	5	1	2	1	3	0	1	1	0	0	0	1	1	3	3	1	2	0	0	2	0	0	0	1	2	1	0	1	0	0	0	2
chr9	62086228	62088130	1903	10	0	1903	1211	692	163	63	77	116	75	64	57	76	82	36	50	59	99	41	53	99	103	38	8	55	53	21	9	54	38	26	13	45	78	53	14	83
chr9	62088131	62088221	91	10	0	91	44	47	8	0	0	4	1	3	6	1	1	3	5	0	2	4	5	1	2	2	2	3	4	2	1	6	2	6	2	4	3	3	0	3
chr9	62088222	62094347	6126	10	0	6126	3841	2285	584	196	232	359	242	164	214	246	263	93	187	165	283	150	145	316	261	129	28	185	206	114	35	171	161	132	23	132	239	151	28	290
chr9	62094479	62095042	564	10	0	564	332	232	53	18	19	23	19	22	24	19	17	9	21	17	24	10	13	23	24	15	1	19	26	19	0	22	14	10	1	17	20	23	0	20
chr9	62095043	62095081	39	10	0	39	29	10	10	2	2	2	4	0	1	0	3	0	1	0	0	0	0	2	1	0	0	1	0	0	0	0	2	0	0	2	3	0	0	1
chr9	62095082	62097583	2502	10	0	2502	1564	938	197	81	99	134	97	61	110	108	100	51	61	77	117	74	62	135	120	55	9	83	84	48	5	71	70	43	3	56	102	61	4	122
chr9	62097592	62097808	217	10	0	217	154	63	37	9	10	19	12	4	2	5	12	1	4	4	14	3	5	12	7	3	0	7	3	4	2	4	5	2	1	2	8	5	1	8
chr9	62097818	62098508	691	10	0	691	467	224	75	33	30	38	27	11	24	24	19	14	14	15	56	24	20	41	34	17	1	30	17	8	2	17	11	10	2	13	24	9	1	28
chr9	62098509	62098804	296	10	0	296	145	151	20	5	6	13	9	10	21	3	5	8	14	6	11	6	3	4	7	8	5	8	18	14	2	13	9	17	5	11	9	8	4	12
chr9	62098812	62104547	5736	10	0	5736	3095	2641	309	165	204	210	203	238	308	216	189	112	209	160	187	91	132	162	215	155	36	200	272	174	30	215	260	180	27	205	216	182	39	233
chr9	62104548	62105347	800	10	0	800	507	293	65	20	50	44	31	15	28	33	57	16	18	34	26	11	24	35	26	15	1	20	29	13	0	19	13	8	1	22	39	25	2	58
chr9	62105348	62108538	3191	10	0	3191	1980	1211	243	115	129	171	146	94	115	142	140	55	79	104	129	86	85	146	156	86	10	98	124	58	8	86	75	50	7	74	142	81	5	150
chr9	62108539	62108587	49	10	0	49	32	17	7	2	1	3	1	2	1	0	2	1	1	0	3	3	3	1	3	2	1	1	0	1	1	1	0	0	0	2	1	0	0	3
chr9	62108588	62108751	164	10	0	164	75	89	18	1	2	1	3	7	8	2	2	5	13	2	0	4	3	3	2	5	2	8	6	7	6	6	6	7	4	7	6	7	4	5
chr9	62108753	62110678	1926	10	0	1926	1263	663	165	44	80	155	73	49	59	73	94	33	52	46	112	52	64	112	71	26	8	73	47	24	5	49	54	25	9	46	82	51	4	87
chr9	62110684	62111912	1229	10	0	1229	691	538	72	37	38	45	45	47	56	49	37	28	46	43	39	26	32	49	59	36	5	38	53	34	5	54	32	31	4	33	54	45	8	47
chr9	62111913	62111952	40	10	0	40	23	17	0	1	0	0	0	1	2	3	0	1	2	4	1	3	2	2	3	1	0	1	2	1	0	1	0	0	0	0	1	2	0	4
chr9	62111953	62111989	37	10	0	37	18	19	0	0	1	3	1	1	1	3	2	0	4	0	0	0	0	0	0	1	0	0	3	1	0	3	1	1	0	2	2	4	0	1
chr9	62111990	62112101	112	10	0	112	68	44	7	4	2	7	8	3	3	6	1	2	1	6	4	7	4	3	5	5	2	3	5	3	0	3	4	1	0	1	6	2	0	2
chr9	62112102	62114051	1950	10	0	1950	1216	734	152	65	75	124	90	45	71	85	86	35	49	54	88	44	70	82	87	37	6	59	60	37	3	61	65	38	3	54	79	49	4	91
chr9	62114052	62114369	318	10	0	318	198	120	12	4	10	25	14	19	4	14	11	4	9	2	14	21	14	19	27	10	3	9	13	1	2	8	4	6	3	7	7	7	0	13
chr9	62114370	62114637	268	10	0	268	164	104	30	8	11	12	12	18	12	8	10	6	5	6	9	9	2	6	28	6	0	7	10	5	0	8	3	5	0	4	8	7	0	11
chr9	62114642	62115249	608	10	0	608	342	266	37	11	23	32	21	19	32	27	22	23	19	15	23	8	13	16	30	11	1	19	22	16	3	26	16	19	2	21	30	21	6	22
chr9	62115257	62115653	397	10	0	397	228	169	30	12	6	14	9	18	9	32	12	6	10	13	12	12	11	21	22	13	1	12	14	22	4	12	16	3	4	5	16	14	3	7
chr9	62115654	62116979	1326	10	0	1326	744	582	78	45	44	46	42	36	67	52	49	29	67	43	44	27	36	39	43	39	10	45	56	28	9	45	37	32	6	43	61	38	7	81
chr9	62116980	62117018	39	10	0	39	24	15	0	1	1	2	0	1	4	0	2	0	2	3	2	3	0	3	1	0	0	3	0	0	0	0	2	0	0	0	2	0	1	4
chr9	62117019	62119294	2276	10	0	2276	1396	880	187	74	98	116	71	58	82	102	90	50	67	69	127	50	61	93	86	55	9	82	85	51	11	79	50	43	4	49	92	77	8	98
chr9	62119295	62119337	43	10	0	43	14	29	1	0	1	0	1	2	2	0	0	1	3	2	0	0	0	0	0	1	1	1	2	2	3	3	1	4	2	1	2	2	2	1
chr9	62119338	62119577	240	10	0	240	132	108	39	4	4	4	6	14	12	3	4	7	11	4	3	4	10	1	6	11	3	9	14	7	0	10	6	7	1	8	9	6	0	11
chr9	62119584	62120126	543	10	0	543	306	237	44	20	26	15	19	18	32	19	29	6	17	11	13	15	11	11	28	14	1	16	18	16	0	22	24	14	2	17	18	13	1	31
chr9	62120127	62120171	45	10	0	45	24	21	2	2	1	1	1	1	1	5	0	0	0	2	3	1	4	0	2	2	0	0	1	1	0	4	4	2	0	1	1	0	0	1
chr9	62120172	62121304	1133	10	0	1133	635	498	68	43	48	37	39	36	44	51	54	21	49	21	35	20	26	41	46	33	4	37	46	38	8	43	37	18	5	38	41	46	9	49
chr9	62121356	62122130	775	10	0	775	397	378	52	21	36	16	26	22	40	12	32	29	32	16	14	7	27	14	24	28	3	24	38	32	8	37	16	20	8	30	22	35	9	43
chr9	62122186	62123804	1619	10	0	1619	834	785	76	44	68	42	56	69	83	48	51	41	74	45	47	29	39	21	64	56	9	54	95	56	9	63	43	44	13	68	55	67	9	79
chr9	62123842	62130626	6785	10	0	6785	3643	3142	386	196	216	283	213	261	341	234	259	138	264	160	223	130	168	171	304	168	55	197	260	272	59	306	238	191	53	216	247	265	39	270
chr9	62130650	62131298	649	10	0	649	349	300	54	10	17	34	14	26	34	10	18	14	27	18	30	8	12	22	15	17	10	16	28	17	11	26	19	28	12	23	22	19	11	25
chr9	62131299	62131679	381	10	0	381	253	128	42	15	12	25	10	4	12	27	13	1	7	7	28	18	8	22	17	10	0	11	14	9	0	13	9	10	0	7	13	7	0	8
chr9	62131680	62131690	11	10	0	11	6	5	0	0	0	0	1	0	1	0	0	1	1	0	0	0	0	0	1	0	0	0	1	0	0	0	0	0	0	0	0	1	0	2
chr9	62131691	62136489	4799	9	0	4799	2803	1996	345	141	184	247	184	153	218	172	182	103	156	119	206	108	120	164	195	117	21	171	192	114	18	175	142	116	26	148	199	152	25	184
chr9	62136596	62137979	1384	9	0	1384	713	671	77	31	46	52	50	48	61	48	44	36	60	39	36	23	32	29	48	42	15	33	67	54	18	64	42	53	9	46	49	54	20	56
chr9	62137981	62138111	131	9	0	131	64	67	10	1	2	5	5	5	7	5	2	2	6	1	1	5	5	1	5	4	0	4	8	4	2	6	5	8	2	7	5	4	0	2
chr9	62138121	62138790	670	10	0	670	379	291	50	23	26	31	29	21	29	19	26	20	16	17	25	8	22	17	26	17	4	24	32	22	3	30	12	25	1	14	28	24	2	25
chr9	62138794	62138820	27	9	0	27	12	15	1	1	1	1	2	0	2	1	1	0	0	2	0	0	0	0	0	1	0	0	2	3	0	2	1	0	0	1	1	2	0	0
chr9	62138822	62139781	960	10	0	960	589	371	88	39	38	42	42	24	36	42	38	17	23	30	38	15	27	48	41	25	3	26	35	26	0	33	33	13	0	28	36	30	5	37
chr9	62139788	62139851	64	10	0	64	39	25	2	1	3	4	2	2	3	1	5	1	1	4	1	2	4	3	2	1	0	3	2	1	0	1	1	0	0	2	3	2	0	5
chr9	62139852	62145208	5357	9	0	5357	3090	2267	341	168	200	258	185	158	230	199	207	111	189	159	234	124	146	180	221	126	41	173	197	140	37	205	143	136	30	151	210	177	42	237
chr9	62145214	62145564	351	9	0	351	259	92	51	7	9	34	17	6	6	19	12	6	6	9	20	14	9	32	20	5	1	7	8	0	0	4	7	3	0	4	13	4	1	15
chr9	62145566	62145594	29	9	0	29	22	7	8	4	0	1	4	0	0	0	1	0	1	0	1	0	0	1	2	1	0	1	1	0	0	0	0	0	0	0	1	0	0	0
chr9	62145596	62147377	1782	9	0	1782	1066	716	134	66	48	96	61	65	77	82	73	28	61	52	75	40	39	68	74	45	15	65	62	45	10	55	53	30	4	43	96	51	5	62
chr9	62147379	62149601	2223	9	0	2223	1287	936	188	62	67	102	68	72	99	82	72	39	87	50	91	55	59	93	79	61	11	77	94	61	20	73	74	56	11	71	74	70	12	91
chr9	62149603	62149627	25	9	0	25	23	2	3	0	0	5	2	0	0	0	1	0	0	0	3	0	0	7	1	0	0	0	0	0	0	0	0	0	0	0	1	0	0	0
chr9	62149629	62149738	110	9	0	110	82	28	7	2	2	12	3	0	1	4	5	1	3	2	8	7	7	16	4	2	0	4	1	0	0	4	1	1	0	0	3	2	0	6
chr9	62249739	62249750	12	10	0	12	9	3	1	0	1	2	1	0	0	0	3	0	0	0	0	0	0	0	0	0	0	0	0	0	0	0	0	0	0	0	1	0	0	1
chr9	62249751	62249797	47	8	0	47	35	12	6	4	3	1	1	1	0	1	2	1	0	0	6	1	3	4	1	1	0	4	1	0	0	1	0	0	0	0	1	1	0	1
chr9	62249803	62250188	386	8	0	386	294	92	45	13	11	48	18	5	7	17	16	3	4	12	39	12	12	31	20	2	0	11	6	0	0	5	6	1	0	5	14	8	0	13
chr9	62250189	62250236	48	10	0	48	33	15	5	2	3	2	1	0	2	2	2	1	1	1	4	2	1	3	1	0	0	3	1	0	0	0	2	0	0	2	1	1	0	3
chr9	62250237	62250312	76	8	0	76	49	27	7	2	2	6	2	0	1	6	2	0	0	4	7	3	4	2	1	1	0	3	4	4	0	1	3	2	0	1	1	3	0	2
chr9	62250313	62250371	59	10	0	59	38	21	6	2	2	5	2	0	2	3	2	0	1	0	5	3	1	3	2	1	0	2	2	3	0	3	1	2	0	1	1	2	0	0
chr9	62250372	62250502	131	8	0	131	85	46	15	4	5	7	5	2	5	5	7	4	7	4	4	1	1	8	5	3	0	3	3	0	0	4	2	1	0	3	7	3	2	9
chr9	62250503	62250696	194	10	0	194	108	86	9	6	9	8	9	8	7	11	5	4	5	3	9	3	4	6	11	3	1	7	5	5	4	6	8	8	1	9	11	4	0	3
chr9	62250697	62250728	32	8	0	32	23	9	4	1	2	3	1	1	0	1	3	0	0	0	3	1	0	2	0	2	0	1	2	0	0	1	0	0	0	0	1	1	0	0
chr9	62250741	62250814	74	10	0	74	49	25	9	2	4	5	4	2	2	2	7	1	3	1	1	1	2	2	1	1	0	4	1	0	0	2	2	0	0	1	6	2	0	4
chr9	62250815	62250842	28	8	0	28	19	9	4	1	1	2	3	2	0	1	0	0	1	1	0	2	0	0	2	0	0	2	0	0	0	0	2	0	0	0	2	0	0	0
chr9	62250843	62250983	141	10	0	141	98	43	21	6	6	11	9	3	1	6	5	5	2	2	9	2	5	4	11	1	2	2	2	2	0	4	3	1	0	0	2	4	0	8
chr9	62250984	62251003	20	8	0	20	15	5	4	0	2	1	2	0	0	0	1	0	0	0	1	1	1	1	0	0	0	1	0	0	0	0	0	0	0	2	1	0	0	0
chr9	62251010	62251044	35	8	0	35	27	8	3	1	1	6	2	0	0	0	1	0	0	1	5	0	2	5	0	1	0	0	1	0	0	1	1	0	0	0	0	1	0	1
chr9	62251045	62251096	52	10	0	52	42	10	5	1	3	6	3	0	0	2	3	2	0	1	4	0	1	9	2	1	0	0	1	0	0	0	0	0	0	0	2	0	0	4
chr9	62251097	62251128	32	8	0	32	26	6	5	1	0	5	2	0	1	0	1	0	1	1	3	0	0	5	0	0	0	0	0	0	0	0	1	0	0	1	2	0	0	1
chr9	62251129	62251251	123	10	0	123	96	27	14	3	2	13	1	0	3	6	5	0	1	6	13	6	4	17	3	2	2	2	3	0	0	1	1	0	0	1	4	2	0	6
chr9	62251252	62251291	40	8	0	40	25	15	0	1	2	2	1	0	1	3	2	1	1	1	2	1	4	2	0	1	0	2	2	0	0	0	0	0	0	4	3	1	0	1
chr9	62251292	62251356	65	10	0	65	49	16	1	2	1	8	6	0	0	2	1	0	1	5	3	2	2	13	3	0	0	1	3	0	0	0	0	1	0	1	3	2	0	2
chr9	62251357	62251425	69	8	0	69	57	12	13	1	4	9	3	0	1	1	2	0	0	2	8	3	1	8	2	1	0	1	1	0	0	0	0	0	0	2	2	0	0	2
chr9	62251426	62251862	437	10	0	437	300	137	45	13	20	35	18	7	12	25	28	8	8	5	23	12	12	27	20	8	1	12	8	3	1	9	11	4	0	11	23	6	0	20
chr9	62251863	62251933	71	8	0	71	46	25	4	3	6	2	2	2	3	1	3	1	1	5	6	1	1	4	2	2	0	3	2	0	0	2	1	1	0	2	4	1	0	4
chr9	62251934	62251987	54	10	0	54	40	14	4	2	1	8	4	0	0	2	4	1	1	1	2	1	2	5	2	0	0	2	2	1	0	0	0	0	0	0	2	2	0	3
chr9	62251988	62252096	109	8	0	109	71	38	15	8	5	5	10	4	5	2	3	0	1	2	5	3	1	1	11	0	0	5	4	0	0	1	3	2	0	5	2	3	0	1
chr9	62252097	62252291	195	10	0	195	144	51	24	8	9	15	8	1	2	10	10	3	0	5	13	7	10	18	10	2	0	7	5	0	0	4	0	1	0	3	5	6	0	7
chr9	62252292	62252337	46	8	0	46	31	15	2	1	3	3	2	2	0	2	0	0	0	1	5	4	3	2	2	1	0	4	1	0	0	0	2	0	0	3	1	0	0	0
chr9	62252339	62252450	112	8	0	112	70	42	9	2	5	10	6	3	5	2	4	3	3	1	8	1	2	5	5	2	0	2	4	2	0	5	5	2	0	3	2	5	0	4
chr9	62252451	62252546	96	10	0	96	76	20	20	2	4	10	3	3	0	4	5	2	1	1	8	2	3	6	5	1	0	3	2	0	0	0	0	0	0	0	3	1	0	5
chr9	62252547	62252634	88	8	0	88	66	22	12	5	4	10	4	1	0	3	6	0	0	3	9	0	3	6	3	1	1	0	0	0	1	1	0	0	2	2	5	1	0	3
chr9	62252635	62253897	1263	10	0	1263	899	364	139	43	48	98	44	28	31	55	60	5	21	44	85	42	41	114	47	22	1	48	28	8	0	25	27	8	0	19	56	22	3	49
chr9	62253898	62253976	79	8	0	79	60	19	10	4	5	5	4	3	0	2	2	0	0	3	8	3	4	5	5	0	0	5	1	0	0	0	0	0	0	2	3	1	0	2
chr9	62253977	62254943	967	10	0	967	628	339	116	21	27	76	27	22	29	30	28	14	25	22	68	32	31	58	36	14	4	35	21	16	15	21	19	25	19	25	32	18	8	31
chr9	62254944	62254979	36	8	0	36	26	10	1	0	0	4	0	0	1	3	0	1	1	2	3	1	1	7	2	0	0	0	0	0	1	0	1	0	0	1	1	1	0	2
chr9	62254980	62255297	318	10	0	318	217	101	30	7	11	26	17	6	10	17	11	7	5	10	15	8	8	27	14	4	0	10	7	2	0	5	15	2	0	9	15	6	2	10
chr9	62255304	62255352	49	10	0	49	32	17	0	1	1	4	2	3	0	4	1	2	0	1	3	2	0	7	3	3	1	1	3	1	0	0	0	0	0	0	4	0	0	0
chr9	62255353	62255384	32	8	0	32	24	8	5	0	1	3	0	0	0	2	2	0	1	0	3	0	3	2	0	0	0	0	0	0	0	1	1	1	0	2	1	0	0	2
chr9	62255385	62255535	151	10	0	151	110	41	20	4	9	11	7	2	1	3	6	3	1	6	11	5	7	13	5	3	0	5	2	3	0	2	1	0	0	3	5	1	2	8
chr9	62255536	62255560	25	8	0	25	15	10	3	3	0	1	2	0	1	1	2	0	1	0	0	0	0	0	1	0	0	1	1	0	0	1	2	0	0	0	1	2	0	0
chr9	62255561	62255707	147	10	0	147	106	41	19	3	5	11	7	2	3	8	5	6	0	5	7	7	5	12	7	4	0	6	4	1	0	2	0	0	0	0	9	2	0	5
chr9	62255708	62255733	26	8	0	26	19	7	7	0	3	1	2	0	0	0	1	1	0	1	2	0	0	0	0	0	0	0	0	0	0	1	1	1	0	0	1	0	0	2
chr9	62255734	62256181	448	10	0	448	286	162	39	11	19	27	17	14	18	18	16	10	11	14	23	14	10	23	24	9	2	14	13	12	0	10	5	6	0	15	25	8	0	19
chr9	62256182	62256228	47	8	0	47	35	12	3	1	2	5	2	0	0	1	1	1	1	1	5	0	3	8	1	0	0	1	1	0	0	1	0	1	0	3	1	1	0	1
chr9	62256229	62256323	95	10	0	95	52	43	6	3	4	1	4	5	6	4	3	3	3	1	1	3	2	2	7	2	1	4	4	0	0	2	4	3	1	4	5	1	0	4
chr9	62256324	62256352	29	8	0	29	15	14	0	0	1	2	0	1	3	0	1	0	0	0	2	0	0	4	2	0	0	0	1	2	0	3	1	3	0	0	0	0	0	1
chr9	62256353	62256621	269	10	0	269	177	92	28	9	17	17	16	1	8	9	14	5	6	7	13	2	8	15	7	1	1	8	8	1	0	8	9	9	1	7	10	6	0	16
chr9	62256622	62256752	131	8	0	131	85	46	11	7	6	7	10	1	6	3	4	2	3	6	6	2	2	8	8	1	1	1	1	2	0	3	5	0	0	7	6	3	1	6
chr9	62256753	62257221	469	10	0	469	299	170	41	20	20	25	27	6	14	20	24	7	12	10	15	19	17	21	23	12	0	17	16	3	0	18	10	6	1	11	18	16	1	17
chr9	62257222	62257389	168	8	0	168	102	66	16	5	8	9	9	4	6	6	8	2	0	10	5	5	3	5	8	4	0	4	10	7	0	5	1	2	0	4	6	9	0	5
chr9	62257390	62257440	51	10	0	51	34	17	6	4	3	0	1	1	1	1	1	1	0	0	6	0	5	3	2	3	0	1	0	0	0	4	2	1	0	1	0	0	0	2
chr9	62257441	62257487	47	8	0	47	29	18	3	2	1	1	2	0	1	7	2	3	0	0	0	2	2	1	4	1	0	2	2	0	0	2	1	1	0	0	3	2	0	0
chr9	62257488	62257739	252	10	0	252	165	87	30	9	10	19	19	4	8	9	11	3	4	12	9	3	6	8	11	3	0	5	8	5	0	4	11	4	0	5	9	5	2	14
chr9	62257740	62257769	30	8	0	30	18	12	5	1	1	1	1	1	0	4	1	1	0	0	1	0	0	1	3	0	0	0	1	0	1	0	1	2	1	0	0	0	0	1
chr9	62257770	62258319	550	10	0	550	340	210	43	22	15	28	22	25	17	35	26	9	12	22	17	8	18	19	29	13	4	18	23	6	2	10	19	3	1	13	28	19	1	21
chr9	62258320	62258404	85	8	0	85	38	47	1	2	2	3	1	6	4	4	3	2	1	2	2	0	2	1	8	1	0	1	4	14	0	5	1	3	0	2	2	5	0	1
chr9	62258405	62258462	58	10	0	58	32	26	4	2	1	2	2	2	1	6	2	0	1	2	1	1	2	2	1	5	0	0	4	2	0	2	4	1	0	1	2	1	0	2
chr9	62258463	62258498	36	8	0	36	24	12	1	2	0	1	1	2	1	3	1	0	0	0	1	3	2	4	5	2	0	0	0	0	0	2	2	0	0	0	0	0	0	1
chr9	62258502	62258533	32	8	0	32	27	5	8	1	3	3	0	0	0	0	1	0	1	0	6	1	0	3	0	0	0	2	0	0	0	0	0	0	0	0	0	0	0	1
chr9	62258534	62258610	77	10	0	77	62	15	13	3	4	8	2	2	1	4	4	1	0	0	9	2	0	8	4	0	0	3	0	0	0	0	1	0	0	1	4	0	0	1
chr9	62258611	62258729	119	8	0	119	91	28	14	5	6	11	9	1	1	4	4	1	0	5	10	1	3	14	6	2	0	1	1	0	0	2	2	1	0	3	6	0	0	4
chr9	62258730	62258845	116	10	0	116	83	33	20	3	9	7	7	0	3	3	8	1	1	3	5	3	2	6	2	1	0	4	2	2	0	1	3	0	0	5	6	2	0	5
chr9	62258846	62258885	40	8	0	40	33	7	7	2	0	3	1	0	1	1	2	0	0	1	3	2	2	7	3	0	0	1	0	0	0	0	0	0	0	0	0	0	0	2
chr9	62258886	62259426	541	10	0	541	372	169	59	16	24	36	27	13	12	20	23	11	11	25	26	13	25	29	23	9	1	20	7	4	1	10	14	0	0	10	29	9	0	32
chr9	62259427	62259453	27	8	0	27	18	9	3	2	1	0	0	0	0	2	1	0	0	0	2	3	0	3	1	0	4	0	1	1	0	0	0	0	0	0	0	1	0	0
chr9	62259454	62259527	74	10	0	74	57	17	8	2	3	9	4	0	1	4	3	2	1	1	7	0	3	8	4	0	0	1	0	0	0	0	2	0	0	2	3	0	0	4
chr9	62259528	62259577	50	8	0	50	38	12	7	4	3	4	5	0	0	1	1	0	1	1	5	2	0	3	4	1	0	1	1	0	0	1	0	0	0	0	1	1	0	1
chr9	62259578	62259679	102	10	0	102	66	36	11	4	1	6	4	2	4	7	2	0	0	2	6	5	2	9	5	5	0	1	4	3	0	3	7	2	0	1	1	1	0	2
chr9	62259680	62259733	54	8	0	54	31	23	2	1	1	1	0	0	3	5	0	1	3	5	3	0	3	2	0	1	0	1	0	1	0	3	5	0	0	3	3	2	0	3
chr9	62259734	62259989	256	10	0	256	142	114	11	15	5	4	8	14	7	17	11	2	8	11	4	5	9	10	19	6	2	9	12	14	0	9	3	5	1	1	12	9	1	10
chr9	62259990	62260028	39	8	0	39	24	15	1	2	2	1	2	0	0	2	1	1	0	0	2	2	3	5	1	2	0	2	2	1	0	0	1	0	0	2	0	1	0	1
chr9	62260029	62260148	120	10	0	120	77	43	4	1	3	8	3	4	3	11	5	3	1	5	4	4	4	12	6	3	0	3	5	3	0	2	5	0	0	1	6	4	0	5
chr9	62260149	62260191	43	8	0	43	26	17	2	1	1	4	1	3	1	2	4	2	1	1	1	0	1	0	3	1	0	2	3	0	0	0	0	0	0	0	1	2	2	2
chr9	62260192	62260216	25	10	0	25	15	10	1	1	1	2	2	2	1	0	1	0	0	1	0	1	0	1	1	2	0	1	2	0	0	1	0	0	0	0	2	0	0	0
chr9	62260217	62260324	108	8	0	108	73	35	18	4	7	7	7	0	0	4	7	1	2	1	5	2	3	4	4	2	0	1	3	3	0	3	2	2	0	4	2	2	2	4
chr9	62260325	62260388	64	10	0	64	46	18	13	1	2	4	3	0	1	5	4	3	2	2	1	0	1	2	2	1	0	1	1	1	0	1	0	0	0	0	6	1	0	4
chr9	62260389	62260440	52	8	0	52	36	16	5	3	3	3	1	1	2	3	3	1	1	2	3	1	0	2	3	1	1	1	0	0	0	1	1	0	0	1	3	0	1	3
chr9	62260441	62261256	816	10	0	816	540	276	98	32	35	63	54	20	19	28	33	12	22	17	42	21	17	26	37	17	1	30	26	9	4	15	22	11	2	17	35	17	1	31
chr9	62261257	62261310	54	8	0	54	26	28	2	3	2	0	1	2	3	2	3	1	2	0	1	1	2	0	1	3	0	3	5	1	0	2	0	3	0	2	2	1	2	2
chr9	62261311	62261381	71	10	0	71	37	34	3	0	3	5	3	3	3	3	2	1	2	1	3	1	1	1	1	1	0	3	6	3	0	4	3	5	0	2	2	4	0	0
chr9	62261382	62261842	461	8	0	461	292	169	25	20	17	19	10	9	19	17	15	9	13	16	31	18	21	32	23	11	1	21	6	12	3	18	9	4	0	6	17	12	0	25
chr9	62261843	62261872	30	10	0	30	16	14	1	0	0	3	1	1	1	1	2	0	1	1	0	1	2	1	1	0	0	1	2	1	0	2	1	1	0	0	0	2	0	1
chr9	62261873	62262244	372	8	0	372	224	148	29	10	14	20	14	14	11	15	10	6	17	10	18	7	8	19	13	11	2	11	21	6	0	15	8	9	0	9	12	16	0	15
chr9	62262245	62262267	23	10	0	23	10	13	2	0	0	1	0	2	2	1	1	1	0	0	0	0	0	0	1	1	1	0	2	1	0	0	1	1	0	1	1	0	0	1
chr9	62262268	62262437	170	8	0	170	97	73	8	5	11	6	8	4	8	2	10	3	7	5	4	4	6	4	9	3	0	4	5	6	0	8	0	5	0	7	8	5	0	13
chr9	62262438	62262562	125	8	0	125	79	46	22	5	2	1	7	1	4	4	3	2	11	3	0	3	5	4	4	2	0	5	5	0	0	3	0	2	0	6	7	4	0	8
chr9	62262563	62263672	1110	8	0	1110	701	409	72	37	40	79	46	37	34	48	48	16	30	36	61	27	27	61	54	22	9	32	41	23	3	28	23	14	2	27	47	36	4	44
chr9	62263673	62263725	53	8	0	53	26	27	5	3	3	0	3	2	4	0	3	0	2	0	0	0	0	0	3	1	0	1	4	2	0	2	2	2	0	3	0	3	0	3
chr9	62263727	62263899	173	8	0	173	115	58	21	9	11	9	8	2	7	4	7	2	0	5	14	9	3	4	8	5	0	9	6	7	0	2	2	1	0	3	5	1	0	7
chr9	62263900	62264347	448	8	0	448	335	113	57	10	14	47	18	7	9	21	21	3	11	17	34	13	10	41	18	6	0	9	5	1	0	8	10	0	0	4	22	7	0	23
chr9	62264348	62264438	91	10	0	91	60	31	10	2	2	10	5	2	4	3	4	1	2	1	5	7	2	0	6	2	0	4	5	0	0	1	2	2	0	0	1	2	0	4
chr9	62264439	62264489	51	8	0	51	40	11	6	0	1	8	2	0	0	4	1	0	0	2	6	0	0	8	0	0	0	0	3	0	0	1	1	3	0	0	2	1	0	0
chr9	62264490	62264842	353	10	0	353	221	132	30	14	13	16	13	4	10	18	16	11	22	7	14	9	10	13	15	10	2	11	10	2	0	13	5	2	1	4	15	11	3	27
chr9	62264843	62264934	92	8	0	92	61	31	17	5	9	3	9	1	0	2	6	2	1	0	2	1	2	1	3	3	1	2	4	0	0	1	2	1	0	3	3	1	0	5
chr9	62264935	62271198	6264	10	0	6264	4004	2260	609	209	276	390	229	152	211	234	261	115	155	152	384	133	172	320	263	119	24	203	152	137	48	173	165	112	26	155	246	142	12	283
chr9	62271199	62302198	31000	9	0	31000	19983	11017	2779	946	1280	2057	1261	726	1003	1255	1299	511	872	857	1723	812	866	1734	1294	556	109	1036	937	563	63	888	772	505	58	697	1242	827	70	1400
chr9	62302199	62308900	6702	8	0	6702	4250	2452	609	209	285	412	274	185	254	220	286	124	171	161	346	154	227	331	283	128	19	242	193	136	6	205	199	107	9	183	258	169	8	307
chr9	62308901	62308967	67	8	0	67	53	14	1	6	2	12	5	0	0	1	5	0	0	3	9	0	6	1	5	0	0	1	0	0	0	0	0	0	0	0	1	0	0	7
chr9	62308968	62332284	23317	8	0	23317	15095	8222	2233	757	1028	1520	980	491	727	912	977	384	625	616	1348	595	644	1257	922	468	79	758	694	418	59	678	569	375	44	556	925	588	56	1032
chr9	62332285	62332334	50	8	0	50	31	19	2	0	1	5	3	1	3	1	2	2	2	3	1	1	1	3	1	0	0	1	1	1	0	0	3	0	0	1	3	1	0	5
chr9	62332335	62344198	11864	8	0	11864	8288	3576	1305	376	497	962	486	242	263	487	518	160	241	337	832	346	358	876	534	204	26	361	271	141	12	261	223	100	3	184	450	240	13	553
chr9	62344199	62367730	23532	7	0	23532	15522	8010	2330	767	884	1664	954	554	674	1042	963	346	570	669	1399	618	658	1429	1044	429	64	748	657	397	71	618	562	346	62	464	961	571	59	956
chr9	62367731	62367806	76	8	0	76	62	14	13	3	0	12	4	0	0	1	2	1	0	0	9	0	5	11	3	0	0	1	0	1	0	2	1	2	0	0	1	0	0	2
chr9	62367807	62381419	13613	7	0	13613	8473	5140	1127	424	547	788	563	369	467	549	554	264	410	401	642	331	355	680	588	287	59	454	438	245	73	389	350	274	68	286	572	339	68	650
chr9	62381420	62381482	63	8	0	63	38	25	4	4	2	2	1	3	3	4	5	0	1	3	2	0	0	3	2	2	0	2	4	2	0	1	2	0	0	0	3	3	0	3
chr9	62381483	62394098	12616	7	0	12616	7914	4702	1157	382	515	754	532	364	398	518	491	218	337	356	628	313	318	632	555	267	57	398	422	274	44	400	340	224	35	283	495	374	46	487
chr9	62394099	62394211	113	7	0	113	70	43	3	3	5	7	4	6	7	4	6	2	0	2	5	4	3	8	10	2	0	3	2	2	0	3	4	2	0	4	5	1	0	4
chr9	62394212	62394283	72	7	0	72	44	28	5	1	0	4	2	0	2	7	2	0	2	8	0	2	1	7	0	2	0	1	8	2	0	0	1	0	0	1	2	6	1	3
chr9	62394284	62394426	143	7	0	143	95	48	15	2	8	8	7	6	1	6	2	2	2	6	9	7	6	8	9	2	1	5	3	1	0	5	5	3	0	0	2	3	1	6
chr9	62394427	62394444	18	7	0	18	12	6	0	0	0	0	0	1	0	1	0	0	1	0	0	3	1	3	2	0	1	2	0	0	0	0	0	0	0	0	0	0	1	0
chr9	62394445	62394603	159	7	0	159	77	82	3	3	5	3	1	7	8	9	7	3	8	1	3	4	6	4	4	5	2	6	7	10	2	7	11	2	0	7	3	9	0	7
chr9	62394604	62394651	48	7	0	48	20	28	0	1	2	0	1	2	6	0	1	0	2	2	1	1	0	0	4	0	0	1	2	1	2	1	2	3	0	6	1	2	0	2
chr9	62394652	62394737	86	7	0	86	41	45	9	2	4	0	0	3	6	2	6	2	4	0	0	1	1	0	3	2	1	2	2	6	1	5	3	5	0	2	3	2	0	7
chr9	62394738	62394780	43	7	0	43	21	22	2	1	2	0	0	4	0	2	2	1	5	0	1	0	1	0	2	0	1	2	0	1	1	1	1	1	0	2	3	2	0	3
chr9	62394781	62394872	92	7	0	92	46	46	5	4	2	2	4	3	5	3	3	3	5	1	1	0	3	2	3	4	0	3	1	3	1	6	7	0	0	4	4	5	1	2
chr9	62394873	62394894	22	7	0	22	13	9	3	1	0	1	0	1	0	1	0	1	1	0	2	2	0	0	1	2	1	0	0	0	0	1	0	0	0	0	1	0	1	0
chr9	62394895	62394951	57	7	0	57	46	11	4	2	2	6	3	0	2	0	1	0	0	3	5	3	2	11	4	0	0	1	0	0	0	0	0	0	0	2	1	0	0	3
chr9	62394952	62395877	926	7	0	926	538	388	63	25	29	50	41	37	41	34	27	11	42	31	36	22	18	29	40	13	6	36	41	11	6	24	33	28	4	35	39	30	6	36
chr9	62395878	62395905	28	7	0	28	13	15	1	0	0	1	0	2	3	1	1	1	2	0	0	0	0	0	1	0	0	2	1	1	0	0	3	0	0	3	1	1	0	1
chr9	62395906	62396545	640	7	0	640	339	301	42	22	27	15	17	28	36	22	34	11	30	13	13	13	10	6	26	15	8	25	22	18	8	22	25	16	3	23	30	21	4	33
chr9	62396546	62396605	60	7	0	60	37	23	3	3	2	1	2	1	2	3	3	0	0	0	1	3	4	8	3	1	0	3	4	1	0	1	0	2	0	4	0	2	0	1
chr9	62396606	62398720	2115	7	0	2115	1237	878	172	56	103	107	82	49	83	80	87	42	79	56	97	41	40	62	69	51	6	62	81	69	9	84	57	54	12	59	87	69	9	99
chr9	62398721	62398773	53	7	0	53	31	22	2	2	3	2	3	2	1	3	3	0	3	1	0	2	0	2	5	0	0	1	1	1	0	3	3	1	0	0	1	3	0	3
chr9	62398774	62403334	4561	7	0	4561	2740	1821	372	161	184	223	195	142	185	168	170	94	138	133	203	98	114	159	220	84	48	143	145	87	20	144	143	95	22	134	182	130	24	199
chr9	62403335	62403388	54	7	0	54	23	31	4	1	1	1	1	2	3	0	2	2	4	0	0	0	1	1	2	1	1	0	1	2	2	4	1	4	0	3	2	3	1	2
chr9	62403389	62415198	11810	7	0	11810	7021	4789	919	386	479	561	528	352	453	455	445	220	390	322	452	311	323	424	528	290	51	400	457	262	47	388	319	264	51	354	483	338	53	503
chr9	62415199	62589198	174000	8	0	174000	104215	69785	13774	5330	6857	9148	6834	5147	6829	6628	6926	3192	5523	4574	7574	4074	4406	7398	7303	4016	881	5543	6287	4384	884	5886	5060	3880	750	4695	6788	5161	775	7491
chr9	62589199	62648722	59524	7	0	59524	35943	23581	4694	1771	2434	3175	2235	1689	2330	2323	2436	1087	1918	1599	2709	1436	1526	2581	2348	1351	295	1988	2154	1308	287	1892	1692	1279	278	1667	2383	1702	294	2661
chr9	62648723	62648770	48	7	0	48	29	19	3	1	5	0	1	0	4	0	2	1	0	0	3	5	2	0	3	0	0	4	0	0	0	2	1	1	0	4	1	1	0	2
chr9	62648771	62649048	278	7	0	278	158	120	16	2	10	17	11	6	11	16	9	11	12	6	8	4	5	13	8	8	1	6	10	10	2	11	13	4	1	8	13	11	0	13
chr9	62649049	62649097	49	7	0	49	34	15	2	1	1	3	0	1	1	3	3	0	2	1	2	2	2	8	0	1	0	3	1	0	0	2	2	0	0	0	2	2	0	2
chr9	62649098	62649678	581	7	0	581	357	224	40	15	27	30	15	17	20	21	32	12	25	15	26	9	27	24	21	9	0	23	18	12	0	21	12	5	0	19	22	25	0	37
chr9	62649679	62649725	47	7	0	47	28	19	3	2	2	2	1	1	5	0	3	0	1	2	2	0	1	2	2	0	0	1	1	0	0	0	1	2	0	5	3	0	0	3
chr9	62649726	62650153	428	7	0	428	267	161	37	22	18	23	18	11	15	20	21	4	13	7	24	8	13	12	19	10	1	14	13	6	0	16	13	8	1	14	19	11	0	15
chr9	62650154	62650233	80	7	0	80	58	22	7	3	3	7	2	1	2	4	2	2	1	2	9	2	4	7	4	0	0	4	1	0	0	1	2	1	0	1	1	1	0	4
chr9	62650234	62651097	864	7	0	864	586	278	97	31	33	63	41	13	26	42	30	13	19	23	56	28	21	48	35	14	0	36	30	13	0	13	21	16	0	15	36	13	0	36
chr9	62651098	62651187	90	7	0	90	66	24	12	2	5	9	5	1	1	2	6	1	0	6	5	3	5	3	5	0	0	1	1	0	0	2	0	0	0	0	2	3	0	8
chr9	62651188	62651240	53	7	0	53	31	22	2	1	4	2	0	2	2	3	4	0	2	1	2	2	0	2	1	1	0	3	3	3	0	1	1	1	0	0	2	2	0	4
chr9	62651241	62651387	147	7	0	147	82	65	6	3	6	9	6	7	4	7	7	0	5	6	5	2	5	4	5	3	2	1	7	5	0	5	7	5	0	5	5	4	0	9
chr9	62651388	62651438	51	7	0	51	39	12	5	0	2	9	4	1	0	3	3	1	1	0	4	0	0	4	2	0	0	0	0	0	0	1	3	0	0	1	3	1	0	1
chr9	62651439	62651519	81	7	0	81	53	28	4	3	3	4	3	3	2	4	4	3	2	0	3	3	3	8	5	2	1	3	1	0	0	2	2	1	0	1	4	0	1	4
chr9	62651520	62651935	416	7	0	416	255	161	33	17	11	21	17	14	15	20	16	5	18	10	17	10	8	21	21	8	2	15	15	8	0	14	11	7	1	9	19	14	3	14
chr9	62651936	62651984	49	7	0	49	37	12	5	3	2	6	3	1	1	2	2	1	0	0	5	4	1	0	5	0	0	3	0	0	0	0	0	0	0	0	2	0	0	1
chr9	62651985	62652107	123	7	0	123	82	41	11	4	4	11	5	3	5	2	8	0	4	2	5	2	5	9	1	1	0	7	5	1	0	2	5	1	0	4	4	5	0	5
chr9	62652108	62652170	63	7	0	63	46	17	10	0	3	7	6	3	0	1	2	1	1	2	2	0	0	6	2	0	0	2	1	2	0	0	3	0	0	1	4	1	0	1
chr9	62652171	62652198	28	7	0	28	19	9	5	3	0	1	3	1	0	1	1	0	0	0	0	1	1	2	2	1	0	1	1	0	0	0	1	0	0	0	1	0	0	0
chr9	62652199	62652221	23	6	0	23	15	8	0	0	2	2	1	1	1	0	1	0	1	0	2	1	0	2	0	0	0	1	0	0	0	0	2	0	0	2	1	0	0	1
chr9	62652222	62652266	45	6	0	45	31	14	6	0	4	3	3	0	1	0	2	0	2	3	2	0	0	4	0	0	0	1	0	0	0	2	2	1	0	0	2	1	0	4
chr9	62652267	62652509	243	6	0	243	150	93	22	7	9	16	9	5	6	8	11	3	3	3	11	12	11	12	9	11	0	7	7	12	3	10	6	3	1	4	6	6	0	8
chr9	62652510	62652714	205	6	0	205	127	78	19	7	8	9	7	8	10	11	9	3	2	3	8	4	3	15	11	3	1	7	10	4	1	2	11	1	0	8	4	9	0	5
chr9	62652715	62652989	275	6	0	275	184	91	32	9	8	21	14	4	8	10	11	4	7	6	14	8	11	15	10	6	0	10	11	4	0	6	6	4	0	6	9	7	0	12
chr9	62652990	62653139	150	6	0	150	98	52	16	4	8	9	7	4	3	10	6	3	6	5	7	1	0	8	6	2	1	3	5	1	0	2	5	4	0	3	8	1	1	9
chr9	62653140	62653204	65	6	0	65	47	18	11	6	2	4	5	0	2	0	3	0	0	2	4	2	0	4	5	2	0	1	3	2	0	0	0	0	0	0	1	1	0	3
chr9	62653205	62653251	47	6	0	47	36	11	8	2	2	4	4	0	1	0	2	0	0	4	1	1	1	4	1	0	0	2	2	0	0	0	0	0	0	0	2	2	0	2
chr9	62653252	62653514	263	6	0	263	194	69	25	3	6	39	14	4	5	11	11	4	2	8	23	6	7	24	7	4	0	6	8	4	0	3	5	3	0	4	14	4	0	7
chr9	62653515	62653732	218	6	0	218	149	69	12	10	9	8	7	7	5	16	11	5	6	5	10	7	2	27	16	4	2	7	5	1	0	3	1	0	0	3	13	4	0	10
chr9	62653733	62653948	216	6	0	216	137	79	17	5	10	10	9	6	7	11	7	4	5	13	9	4	7	12	8	6	0	5	9	2	1	3	5	4	0	5	11	3	1	15
chr9	62653949	62653992	44	6	0	44	31	13	3	0	1	6	4	0	1	1	2	1	0	0	1	3	1	7	2	0	1	1	0	0	0	1	2	1	0	1	2	0	0	0
chr9	62653993	62654280	288	6	0	288	177	111	10	4	11	16	9	8	9	21	11	3	12	17	10	7	11	16	15	2	0	5	8	2	0	10	8	7	0	11	17	9	0	17
chr9	62654281	62654353	73	6	0	73	53	20	12	1	5	6	2	0	2	1	5	1	1	2	6	0	3	5	0	1	0	1	1	0	0	2	2	0	0	3	2	2	0	5
chr9	62654354	62654407	54	6	0	54	47	7	10	2	0	8	0	0	1	2	2	0	0	0	8	2	2	8	3	1	0	0	0	0	0	1	0	0	0	0	0	0	0	2
chr9	62654408	62654458	51	6	0	51	37	14	5	2	0	5	1	0	1	5	3	1	2	1	3	1	1	5	1	0	0	3	2	0	0	0	0	0	0	0	5	1	0	1
chr9	62654459	62654871	413	6	0	413	263	150	35	8	11	36	17	16	15	11	15	11	9	8	23	11	10	26	16	14	0	15	18	11	1	13	8	7	1	2	17	11	0	15
chr9	62654872	62654998	127	6	0	127	80	47	7	4	6	8	5	3	4	7	6	1	3	2	9	5	5	3	8	1	0	4	3	2	0	5	4	2	0	6	4	5	0	3
chr9	62654999	62655026	28	6	0	28	17	11	2	4	1	1	4	0	1	0	0	0	1	0	1	0	0	1	3	1	0	0	0	0	0	3	1	1	0	0	1	0	0	0
chr9	62655027	62655051	25	6	0	25	16	9	0	8	0	0	8	0	0	0	0	0	0	0	0	0	0	0	7	0	0	0	0	0	0	0	0	0	0	0	0	0	0	0
chr9	62655052	62655146	95	6	0	95	60	35	13	6	6	0	5	1	5	2	4	3	1	1	4	0	5	3	5	2	0	3	2	0	0	3	4	1	0	5	2	2	0	5
chr9	62655147	62655293	147	6	0	147	68	79	2	4	7	1	2	4	7	8	8	2	9	1	2	6	2	2	5	6	1	5	8	10	1	11	3	6	0	3	5	8	0	6
chr9	62655294	62655448	155	6	0	155	92	63	13	6	7	13	8	1	5	6	11	0	4	4	7	2	2	3	1	4	0	3	8	10	0	5	1	4	0	7	10	5	0	3
chr9	62655449	62655569	121	6	0	121	68	53	2	1	3	7	3	1	5	6	3	1	7	6	5	3	6	8	2	3	0	1	6	0	1	8	3	4	0	7	4	8	0	5
chr9	62655570	62659869	4300	6	0	4300	2856	1444	388	115	176	303	162	110	142	176	186	69	106	143	246	117	131	286	176	81	8	145	114	52	5	105	106	48	3	95	194	96	4	210
chr9	62659870	62659923	54	7	0	54	34	20	2	4	2	4	6	2	0	1	2	1	0	0	2	1	1	5	3	2	0	2	3	1	1	0	2	1	1	0	1	1	0	1
chr9	62659924	62662642	2719	6	0	2719	1451	1268	157	90	94	86	101	92	152	100	102	46	100	68	67	50	64	80	104	81	12	81	134	119	11	111	107	71	5	115	100	104	10	103
chr9	62662643	62662697	55	7	0	55	20	35	0	1	3	0	3	6	2	0	0	1	2	0	0	0	0	0	3	4	0	1	5	7	0	4	2	4	0	2	2	1	0	0
chr9	62662698	62663096	399	6	0	399	176	223	11	10	12	5	11	13	38	9	14	8	16	8	2	9	5	4	14	17	1	9	23	27	2	23	23	17	1	19	11	14	2	19
chr9	62663097	62663166	70	7	0	70	35	35	4	0	1	2	2	0	4	2	1	1	6	5	1	1	1	3	0	2	0	0	4	4	1	2	2	2	1	3	2	4	0	7
chr9	62663167	62663233	67	6	0	67	24	43	0	1	1	0	1	5	8	1	1	3	1	1	0	0	0	0	1	3	0	5	5	6	1	3	5	3	1	2	4	3	0	0
chr9	62663234	62663346	113	7	0	113	49	64	2	1	2	2	1	5	11	4	3	3	4	2	1	1	4	2	4	0	1	5	4	5	0	8	11	6	1	6	3	7	0	2
chr9	62663347	62663409	63	6	0	63	23	40	3	0	2	0	1	2	7	0	0	0	3	0	1	2	1	0	0	1	0	3	1	7	1	5	7	5	1	4	2	1	0	1
chr9	62663410	62663515	106	7	0	106	42	64	0	5	2	0	1	5	11	0	3	3	4	0	3	1	4	0	4	2	0	8	6	9	0	5	4	7	2	5	3	4	0	3
chr9	62663516	62663798	283	6	0	283	113	170	2	0	9	1	7	11	28	6	2	7	21	6	1	2	3	6	8	5	1	5	16	13	0	21	19	22	4	19	9	10	1	16
chr9	62663799	62663927	129	7	0	129	55	74	2	0	8	1	2	7	6	5	7	1	12	1	0	1	0	1	3	2	0	4	10	9	0	6	4	7	1	6	3	6	1	11
chr9	62663928	62664537	610	6	0	610	403	207	75	19	25	37	29	13	15	26	21	10	13	26	31	11	13	39	24	11	3	15	21	9	2	16	14	9	0	11	23	20	3	24
chr9	62664538	62664649	112	7	0	112	83	29	14	5	6	8	5	1	3	3	8	1	1	2	8	3	4	9	5	0	0	5	0	2	0	1	1	0	0	3	6	1	0	5
chr9	62664650	62664817	168	6	0	168	108	60	15	8	3	8	4	4	6	8	5	1	8	4	10	7	5	12	9	3	0	7	4	4	0	7	2	1	0	3	7	7	0	4
chr9	62664818	62664909	92	7	0	92	58	34	8	5	3	3	2	1	3	4	2	0	5	2	7	4	2	5	2	4	0	4	1	3	0	7	1	2	0	1	6	2	0	1
chr9	62664910	62665330	421	6	0	421	242	179	19	12	20	21	20	14	19	21	16	13	17	13	16	7	8	5	20	9	0	17	18	8	1	10	13	10	1	12	23	11	0	25
chr9	62665331	62665425	95	7	0	95	49	46	0	0	1	0	0	23	0	10	0	0	1	0	1	3	0	10	21	0	3	1	0	0	0	0	11	0	7	0	1	0	0	0
chr9	62665426	62665780	355	6	0	355	237	118	37	14	14	17	14	10	9	17	5	8	10	6	25	13	9	27	19	5	2	19	9	6	0	9	9	7	0	4	13	6	0	10
chr9	62665781	62665927	147	7	0	147	51	96	2	1	1	1	2	7	9	3	2	4	14	2	0	1	1	0	3	4	1	5	7	9	8	6	7	10	5	8	4	8	4	6
chr9	62665928	62666312	385	6	0	385	230	155	35	11	14	20	16	11	14	12	12	7	13	13	17	11	13	11	11	13	2	13	18	7	1	13	7	12	2	9	17	8	1	19
chr9	62666313	62666357	45	7	0	45	38	7	3	0	3	8	0	0	0	1	0	0	0	1	11	3	2	6	0	1	0	2	0	0	0	1	0	0	0	0	0	0	0	1
chr9	62666358	62666865	508	6	0	508	326	182	52	13	24	33	22	10	19	25	25	7	16	16	23	10	11	20	22	8	0	10	11	9	0	14	21	5	0	16	21	13	0	30
chr9	62666866	62666926	61	7	0	61	28	33	1	0	4	1	3	2	2	3	1	3	2	1	1	0	2	1	2	1	0	2	3	5	0	4	3	5	0	0	2	1	0	4
chr9	62666927	62667506	580	6	0	580	346	234	45	24	25	25	18	14	25	25	28	10	21	16	28	15	13	14	21	20	4	17	21	13	0	24	14	8	3	12	26	17	1	31
chr9	62667507	62667554	48	7	0	48	31	17	3	4	2	3	4	1	1	2	3	1	1	0	2	1	1	1	3	2	0	2	1	0	0	3	0	0	0	0	3	2	0	0
chr9	62667555	62668009	455	6	0	455	276	179	30	18	22	23	16	13	18	22	26	6	12	10	22	9	17	10	25	7	1	13	9	3	0	27	15	13	1	11	20	16	0	18
chr9	62668010	62668228	219	7	0	219	160	59	28	6	8	24	10	4	5	6	9	3	3	8	19	5	4	16	8	3	2	6	3	2	0	4	3	1	0	4	12	3	2	6
chr9	62668229	62668598	370	6	0	370	272	98	49	6	15	39	18	5	8	14	20	7	4	8	22	11	10	34	12	4	2	11	9	0	0	5	4	2	0	10	20	8	0	11
chr9	62668599	62668700	102	7	0	102	69	33	12	5	3	5	4	3	1	6	4	0	2	2	5	3	4	9	4	3	0	4	4	1	0	2	2	1	0	3	4	3	0	1
chr9	62668701	62669512	812	6	0	812	456	356	55	20	34	35	39	23	33	32	26	14	34	21	24	20	26	20	29	20	3	25	38	18	1	36	30	27	0	32	29	28	4	34
chr9	62669513	62669580	68	7	0	68	45	23	6	2	2	4	1	2	2	4	2	2	2	0	6	2	0	6	1	3	2	2	3	1	0	0	3	0	1	0	2	0	1	4
chr9	62669581	62669821	241	6	0	241	181	60	21	4	9	25	13	2	3	14	8	5	5	6	17	14	7	27	13	2	0	10	3	0	0	1	5	1	0	0	10	1	0	13
chr9	62669822	62670082	261	7	0	261	123	138	16	6	5	8	10	12	6	8	5	5	11	11	4	4	6	5	9	10	4	4	12	12	10	12	5	14	7	6	10	11	5	6
chr9	62670083	62670245	163	6	0	163	66	97	15	0	2	2	3	5	10	1	2	6	14	1	0	2	2	0	3	3	0	7	6	6	9	5	7	10	9	8	3	8	4	8
chr9	62670246	62670295	50	7	0	50	25	25	0	2	1	2	2	3	2	1	1	1	3	0	2	2	1	1	3	3	0	2	4	2	0	2	0	1	0	3	1	2	0	1
chr9	62670296	62670723	428	6	0	428	197	231	24	8	12	10	10	15	22	10	12	6	25	14	8	10	8	2	9	15	7	9	22	15	12	22	10	26	10	16	15	15	7	20
chr9	62670724	62670783	60	7	0	60	18	42	0	0	0	0	0	3	5	0	0	2	6	2	0	0	0	0	1	1	0	3	3	5	1	2	2	4	5	3	1	2	4	3
chr9	62670784	62670846	63	6	0	63	47	16	24	1	1	4	2	1	2	0	1	0	2	1	1	1	1	3	0	1	1	1	0	0	0	3	2	1	1	2	3	1	0	0
chr9	62670847	62670889	43	7	0	43	31	12	5	1	1	5	3	1	1	1	0	1	0	1	4	2	3	1	3	0	0	3	0	0	0	0	2	0	0	2	1	0	0	0
chr9	62670890	62671045	156	6	0	156	108	48	13	4	5	12	5	2	7	5	5	7	4	5	11	5	4	14	7	0	3	8	1	2	0	1	2	0	1	1	9	2	0	9
chr9	62671046	62671159	114	7	0	114	84	30	15	2	7	9	2	0	3	5	6	0	3	1	10	3	1	16	1	1	0	3	3	1	0	2	3	3	0	2	3	1	0	6
chr9	62671160	62671437	278	6	0	278	198	80	36	9	13	23	13	2	6	11	12	4	6	8	20	11	7	16	13	2	0	11	3	3	0	9	2	3	0	3	14	7	0	9
chr9	62671438	62671481	44	7	0	44	23	21	3	0	3	2	1	0	3	1	1	1	1	0	3	2	0	1	0	1	0	2	1	4	0	2	3	2	0	3	1	0	0	1
chr9	62671482	62671814	333	6	0	333	206	127	30	10	16	19	14	6	13	18	21	8	12	6	11	7	1	13	13	6	2	10	10	7	2	7	9	7	0	6	19	7	2	19
chr9	62671815	62671893	79	7	0	79	50	29	4	1	3	5	2	2	2	2	2	3	2	3	5	1	5	7	2	1	0	3	3	0	0	5	0	3	0	1	3	4	0	3
chr9	62671894	62672242	349	6	0	349	219	130	28	16	10	19	15	8	18	11	15	5	7	17	15	7	13	15	15	4	1	15	9	3	2	8	9	5	3	11	19	10	0	14
chr9	62672243	62672442	200	7	0	200	80	120	9	3	1	4	1	10	9	2	3	4	13	5	4	3	6	3	3	7	5	5	8	9	11	11	5	14	7	8	6	9	5	5
chr9	62672443	62672494	52	6	0	52	22	30	1	1	2	0	1	3	4	0	1	2	4	2	0	0	0	0	1	2	0	3	3	1	1	1	4	1	1	2	0	3	2	4
chr9	62672502	62672559	58	6	0	58	45	13	11	1	3	5	1	0	1	2	3	0	1	1	4	3	3	4	3	0	0	2	1	0	0	0	0	1	0	1	0	0	0	5
chr9	62672560	62672596	37	7	0	37	27	10	1	2	2	3	2	0	1	1	0	0	0	2	5	1	2	4	2	0	0	1	0	0	0	0	1	0	0	2	1	0	0	2
chr9	62672597	62672612	16	6	0	16	15	1	0	0	0	2	0	0	0	0	0	0	0	0	2	1	0	9	0	0	0	0	0	0	0	0	0	0	0	0	0	0	0	0
chr9	62672613	62672649	37	7	0	37	26	11	5	3	0	3	2	2	2	0	3	0	0	1	2	0	0	2	3	0	0	1	2	0	0	0	0	0	0	0	1	2	0	1
chr9	62672650	62673394	745	6	0	745	494	251	83	22	28	55	34	20	23	33	31	12	17	18	40	21	15	42	36	9	4	25	21	6	3	16	21	14	1	15	32	17	2	27
chr9	62673395	62673458	64	7	0	64	48	16	2	2	3	7	2	1	2	3	4	0	0	4	6	4	2	4	4	1	0	2	1	0	0	0	0	0	0	0	3	0	0	5
chr9	62673459	62674101	643	6	0	643	374	269	36	17	27	29	16	22	21	29	33	14	38	12	22	10	16	30	25	18	3	17	25	14	3	27	20	8	1	11	18	29	3	47
chr9	62674102	62674195	94	7	0	94	42	52	1	4	4	1	4	2	5	3	5	1	10	2	0	0	0	0	1	2	0	4	7	4	0	7	3	3	0	2	2	9	0	6
chr9	62674196	62674510	315	6	0	315	198	117	27	7	16	17	13	13	7	16	15	8	13	9	12	7	5	12	16	6	1	12	8	6	0	7	6	3	0	7	20	6	3	15
chr9	62674511	62674562	52	7	0	52	26	26	1	0	2	2	2	2	3	3	1	2	1	3	0	0	2	0	3	0	0	1	5	0	0	2	1	2	0	5	1	5	0	1
chr9	62674563	62675355	793	6	0	793	479	314	45	25	31	40	25	28	26	32	41	9	32	16	30	29	24	45	31	23	4	33	31	14	4	29	21	13	0	12	28	28	3	39
chr9	62675356	62675596	241	7	0	241	130	111	10	5	12	9	7	10	12	11	15	5	10	2	4	6	6	6	13	4	0	9	5	7	3	10	13	5	3	5	7	9	0	16
chr9	62675597	62675606	10	6	0	10	0	10	0	0	0	0	0	0	0	0	0	0	0	0	0	0	0	0	0	0	0	0	0	8	0	0	0	0	0	0	0	0	0	0
chr9	62675607	62675977	371	7	0	371	168	203	10	9	7	12	10	19	26	9	11	5	20	7	7	6	5	4	10	16	6	7	25	15	2	22	18	23	3	12	12	11	3	17
chr9	62675978	62676351	374	6	0	374	201	173	18	10	6	16	11	17	20	15	11	11	14	13	10	10	7	11	22	9	5	11	14	10	3	17	11	11	4	6	16	14	6	13
chr9	62676352	62676467	116	7	0	116	46	70	6	1	1	3	2	2	5	3	2	1	9	2	1	1	4	2	1	2	0	3	3	4	7	6	4	10	8	7	4	4	3	3
chr9	62676468	62677201	734	6	0	734	422	312	52	16	38	30	23	29	30	19	43	12	26	12	18	23	26	25	22	13	2	43	28	19	1	28	20	19	5	17	31	26	4	32
chr9	62677202	62677273	72	7	0	72	41	31	4	2	5	2	2	1	2	1	5	1	4	0	2	4	4	1	2	3	0	2	1	2	0	4	0	1	1	4	3	1	1	5
chr9	62677274	62677365	92	6	0	92	60	32	9	3	0	8	5	5	1	5	2	2	2	2	4	3	2	7	5	3	1	3	3	3	1	0	4	0	0	0	4	1	0	2
chr9	62677375	62677569	195	6	0	195	93	102	14	2	3	6	5	9	11	4	2	2	8	8	5	4	3	6	4	4	3	6	12	7	4	9	5	16	7	4	8	5	2	5
chr9	62677570	62677612	43	7	0	43	21	22	0	1	2	2	3	0	2	1	2	0	3	0	0	2	2	0	0	2	0	1	1	2	0	4	3	1	0	2	2	2	0	1
chr9	62677613	62677671	59	6	0	59	36	23	14	0	6	0	1	1	3	1	3	2	1	1	2	0	0	0	1	1	0	1	3	2	0	2	1	2	0	1	1	2	0	5
chr9	62677672	62677764	93	7	0	93	53	40	2	0	7	4	3	3	3	4	6	3	2	1	3	2	6	3	5	1	0	2	3	1	0	5	3	1	0	6	2	5	0	5
chr9	62677765	62677867	103	6	0	103	65	38	7	6	4	4	3	2	4	8	5	3	4	1	5	2	0	5	7	2	0	4	4	1	0	3	1	1	0	2	6	4	0	3
chr9	62677868	62677924	57	7	0	57	45	12	12	3	2	5	3	2	0	3	2	0	1	0	6	3	0	1	5	1	0	2	1	0	0	0	0	0	0	0	2	0	0	1
chr9	62677925	62678358	434	6	0	434	281	153	34	13	19	29	18	10	14	21	24	3	9	10	18	18	11	28	22	4	2	16	11	8	2	10	16	6	0	10	14	13	2	17
chr9	62678359	62678403	45	7	0	45	27	18	1	0	1	1	2	1	2	1	1	2	0	2	0	2	2	8	0	2	0	3	4	2	0	0	1	0	0	1	1	2	0	1
chr9	62678404	62678632	229	6	0	229	150	79	30	12	6	11	12	10	7	7	11	3	6	7	6	3	8	11	13	7	2	6	8	1	0	4	5	2	0	3	10	3	0	13
chr9	62678633	62678697	65	7	0	65	46	19	5	3	3	6	4	0	0	5	2	2	0	2	4	1	2	5	4	1	0	1	2	1	0	2	0	2	0	0	3	1	0	2
chr9	62678698	62678771	74	6	0	74	51	23	7	8	0	3	8	0	0	3	2	1	3	3	2	1	4	5	7	1	0	2	1	1	0	2	0	0	0	0	3	2	0	3
chr9	62678772	62678873	102	7	0	102	67	35	10	4	6	6	5	1	3	6	9	0	2	4	2	1	3	4	1	2	0	3	2	0	0	3	7	1	0	0	4	2	0	9
chr9	62678874	62678981	108	6	0	108	72	36	16	1	6	7	7	1	1	6	4	2	2	3	3	2	3	8	4	1	0	1	4	2	0	3	3	2	0	3	3	4	0	4
chr9	62678982	62679040	59	7	0	59	55	4	12	3	0	10	0	0	1	1	0	0	0	0	12	1	1	12	2	0	0	2	0	0	0	0	0	0	0	0	0	0	0	0
chr9	62679041	62679198	158	6	0	158	87	71	9	6	4	7	9	3	11	5	1	6	8	4	7	2	2	2	7	6	0	3	6	2	0	9	7	5	0	6	8	4	0	7
chr9	62679199	62684716	5518	7	0	5518	3480	2038	525	155	241	341	237	159	195	171	246	100	157	137	254	141	166	255	239	108	15	192	174	112	18	152	144	91	14	137	205	144	13	278
chr9	62684717	62684764	48	8	0	48	32	16	5	1	1	3	4	1	2	0	0	1	2	4	1	1	1	3	2	0	0	2	1	1	0	1	2	0	0	0	2	2	0	3
chr9	62684765	62696684	11920	7	0	11920	7317	4603	947	386	470	668	489	310	488	498	491	218	337	358	545	289	312	510	510	277	32	384	447	224	36	371	319	238	26	335	509	339	38	517
chr9	62696685	62696735	51	8	0	51	35	16	7	1	3	1	0	1	2	1	3	0	2	1	2	4	2	4	3	2	0	1	0	0	0	2	0	0	0	1	1	0	0	5
chr9	62696736	62709490	12755	7	0	12755	7529	5226	1014	323	569	631	467	368	485	478	508	253	462	342	547	265	339	477	477	265	57	410	476	304	80	448	341	347	72	383	504	392	55	614
chr9	62709491	62709537	47	8	0	47	34	13	24	0	0	0	1	0	1	0	0	3	4	0	0	0	0	0	1	0	1	1	0	0	1	0	0	0	1	1	1	1	1	3
chr9	62709539	62711871	2333	7	0	2333	1141	1192	121	64	99	61	86	83	116	65	99	51	103	48	38	30	39	36	87	56	18	67	105	97	36	119	74	101	51	80	84	103	23	91
chr9	62711872	62711898	27	8	0	27	27	0	0	0	0	0	0	0	0	0	0	0	0	0	0	0	0	25	0	0	0	0	0	0	0	0	0	0	0	0	0	0	0	0
chr9	62711899	62717434	5536	7	0	5536	3358	2178	400	149	247	300	205	171	212	216	249	105	180	145	242	152	140	244	202	146	16	213	201	135	15	175	151	95	20	130	250	150	17	261
chr9	62717435	62717468	34	8	0	34	23	11	4	1	2	2	4	1	0	1	0	2	1	0	0	0	1	3	1	1	0	2	0	0	0	1	2	0	0	0	2	0	0	1
chr9	62717469	62729226	11758	7	0	11758	6966	4792	992	357	501	577	503	307	514	355	474	234	405	295	458	277	310	407	442	265	52	415	439	275	54	406	330	303	54	347	468	330	48	562
chr9	62729227	62729284	58	8	0	58	47	11	25	2	1	4	2	1	0	1	2	0	0	0	2	0	3	3	1	1	0	1	2	1	0	0	0	1	0	1	1	0	0	1
chr9	62729285	62737414	8130	7	0	8130	4960	3170	684	242	320	458	310	237	314	325	318	137	258	226	393	186	199	351	321	181	40	260	287	156	40	256	225	182	40	243	353	220	34	332
chr9	62737415	62737441	27	8	0	27	16	11	2	1	1	1	0	1	1	1	1	2	1	0	2	0	2	0	2	1	0	0	1	0	0	1	0	0	0	0	0	1	0	3
chr9	62737442	62738198	757	7	0	757	388	369	47	21	32	30	27	19	35	22	28	13	21	14	28	17	11	22	22	26	6	17	32	40	18	31	29	29	15	27	19	26	7	24
chr9	62738199	62744320	6122	8	0	6122	3318	2804	426	167	238	239	230	176	289	197	201	146	224	140	214	109	147	174	213	153	27	205	232	224	77	273	220	203	60	205	226	226	44	215
chr9	62744321	62744349	29	8	0	29	19	10	4	0	2	2	3	1	0	0	1	0	3	0	0	1	0	0	0	0	0	2	1	0	0	0	1	0	0	1	2	1	0	2
chr9	62744350	62747175	2826	8	0	2826	1765	1061	269	76	103	173	115	77	92	103	79	52	78	83	158	71	88	147	117	63	10	86	105	67	13	79	69	69	14	76	96	65	11	120
chr9	62747176	62747202	27	8	0	27	16	11	3	0	2	1	1	1	0	1	1	0	1	2	0	0	0	2	0	1	0	0	2	0	1	0	0	0	0	2	1	1	1	1
chr9	62747203	62747410	208	8	0	208	127	81	26	6	15	8	8	7	7	6	10	2	8	4	11	0	5	4	4	1	0	10	5	5	0	8	8	7	0	7	10	5	0	9
chr9	62747411	62747441	31	8	0	31	24	7	3	2	2	2	2	0	0	1	2	0	0	2	2	0	2	2	2	0	0	1	0	0	0	0	0	0	0	0	1	0	0	3
chr9	62747442	62748051	610	8	0	610	397	213	42	26	18	47	33	17	16	39	26	11	13	20	32	12	12	32	32	9	4	21	18	5	2	13	15	12	0	11	39	12	4	15
chr9	62748052	62748086	35	8	0	35	16	19	0	0	1	1	1	0	3	1	1	1	2	0	0	3	0	1	2	1	0	0	3	1	0	3	0	2	0	2	0	3	0	1
chr9	62748087	62748832	746	8	0	746	380	366	48	16	36	20	29	22	36	22	32	13	43	20	11	16	9	6	23	20	5	19	38	21	5	41	21	27	9	29	27	37	7	36
chr9	62798833	62820675	21843	7	0	21843	12610	9233	1565	638	899	995	851	687	873	730	878	465	766	524	804	506	599	829	949	513	140	694	789	651	191	723	612	538	165	635	791	652	104	1085
chr9	62820676	62910675	90000	6	0	90000	54468	35532	7171	2845	3474	4863	3608	2527	3501	3476	3474	1678	2624	2435	4100	2116	2306	4270	3914	2010	447	2794	3112	2074	544	2868	2586	2050	530	2390	3500	2463	395	3853
chr9	62910676	62934675	24000	7	0	24000	14548	9452	1930	699	956	1314	926	678	911	917	989	436	772	645	1054	597	580	1142	989	533	113	776	844	590	129	772	662	494	101	607	937	718	123	1064
chr9	62934676	62958371	23696	8	0	23696	14527	9169	1956	726	1003	1324	965	675	858	948	987	448	726	627	1101	559	587	1037	1031	511	108	758	789	509	112	732	677	468	82	603	949	655	102	1081
chr9	63008372	63028527	20156	7	0	20156	12562	7594	1962	602	752	1146	766	610	764	684	796	342	582	527	938	497	552	1041	904	413	93	641	648	379	89	646	523	412	86	513	750	558	88	850
chr9	63028528	63040527	12000	6	0	12000	8231	3769	1226	302	404	964	385	239	236	899	621	148	363	518	663	296	268	697	434	184	43	324	252	117	19	232	221	113	15	165	853	206	41	550
chr9	63040528	63095169	54642	7	0	54642	31880	22762	4601	1679	2307	2343	2321	1857	2280	2234	2789	871	1898	1665	1219	886	1223	1706	2291	1002	228	1771	1930	1199	300	1824	1845	1531	385	1231	2626	1521	195	2882
chr9	63095170	63095262	93	8	0	93	58	35	8	3	6	2	2	4	3	6	7	3	2	2	2	0	1	5	5	3	0	2	5	0	0	2	2	0	0	2	4	4	0	6
chr9	63095263	63095311	49	7	0	49	35	14	8	2	3	2	3	1	1	1	4	0	2	1	1	1	2	2	2	0	0	2	0	0	0	0	1	0	0	1	3	0	0	4
chr9	63095312	63095434	123	8	0	123	77	46	7	5	8	4	4	9	2	7	9	2	4	2	4	1	3	4	9	2	0	6	4	0	0	2	3	1	0	2	6	3	0	8
chr9	63095435	63095470	36	7	0	36	24	12	6	3	1	1	3	1	3	0	1	0	0	1	0	2	0	0	4	0	0	2	0	0	0	0	3	0	0	1	1	0	0	1
chr9	63095471	63095593	123	8	0	123	78	45	11	5	8	5	6	6	3	8	9	2	2	2	2	1	2	5	8	3	0	3	4	0	0	2	6	1	0	3	5	2	0	7
chr9	63095594	63095750	157	8	0	157	99	58	22	5	6	9	7	7	6	5	11	1	4	5	1	3	3	3	9	1	1	5	3	3	1	3	7	2	0	1	6	5	0	10
chr9	63095751	63100527	4777	7	0	4777	2990	1787	468	162	266	215	247	207	156	176	318	56	158	153	78	79	101	150	258	54	12	180	121	24	9	105	159	49	28	102	248	131	11	294
chr9	63100528	63132527	32000	8	0	32000	17878	14122	2162	835	1227	1357	1139	1077	1472	1171	1223	605	1257	817	1057	675	737	1067	1203	803	145	1041	1386	1090	189	1307	995	941	141	977	1275	1137	122	1368
chr9	63132528	63161527	29000	9	0	29000	16253	12747	1902	825	1069	1262	1130	946	1327	1070	1061	559	1105	799	966	554	648	1028	1160	748	119	857	1216	1006	186	1177	942	837	112	863	1155	994	123	1252
chr9	63161528	63202862	41335	10	0	41335	27012	14323	4035	1291	1732	2687	1590	1061	1245	1651	1811	688	1026	1086	2310	1113	1251	2434	1824	777	156	1396	1139	619	134	1087	1003	571	127	879	1581	1012	125	1892
chr9	63252863	63277527	24665	8	0	24665	15946	8719	2468	746	1007	1555	962	644	784	1022	1027	439	638	656	1319	665	707	1307	1091	491	81	830	697	434	64	692	649	351	59	519	975	611	78	1095
chr9	63277528	63307527	30000	7	0	30000	19169	10831	2733	977	1276	1861	1235	756	981	1201	1350	520	758	823	1530	728	843	1595	1320	596	112	954	938	540	102	830	740	467	100	681	1175	807	76	1393
chr9	63307528	63363527	56000	6	0	56000	31160	24840	3749	1491	2120	2315	2020	1969	2605	2013	2129	1026	2245	1459	1777	1143	1255	1842	2172	1408	250	1799	2361	1906	361	2298	1828	1667	233	1698	2246	1945	238	2430
chr9	63363528	63393527	30000	7	0	30000	15984	14016	2031	865	1097	1056	1109	991	1597	942	1067	632	961	702	841	570	675	846	1190	760	164	944	1347	1142	316	1345	1058	1276	276	836	1044	972	140	1206
chr9	63393528	63411324	17797	8	0	17797	11899	5898	1713	375	517	1407	497	308	411	1586	979	229	598	881	823	353	334	888	564	266	45	390	412	244	25	419	322	278	17	228	1504	312	47	823
chr9	63542265	63555351	13087	10	0	13087	8645	4442	1303	392	528	913	535	311	411	509	552	210	308	351	746	340	399	837	568	197	44	444	360	203	16	340	341	197	20	290	497	322	29	572
chr9	63555352	63555519	168	8	0	168	109	59	11	6	7	7	5	3	7	8	5	3	5	7	11	4	6	12	6	3	0	7	4	4	0	3	5	0	0	7	8	4	0	8
chr9	63555520	63555529	10	10	0	10	8	2	0	0	1	1	0	0	0	0	0	0	0	0	2	1	0	1	0	1	0	0	0	0	0	1	0	0	0	0	0	0	0	0
chr9	63555530	63555606	77	8	0	77	52	25	5	1	2	11	3	2	1	2	2	0	0	2	8	1	2	9	2	0	0	2	2	3	2	1	4	4	0	0	0	2	0	2
chr9	63555607	63555632	26	10	0	26	13	13	0	1	0	1	0	0	1	2	1	0	0	1	1	1	2	2	1	0	0	1	1	3	0	0	1	1	0	1	0	1	0	1
chr9	63555633	63555708	76	8	0	76	49	27	4	4	4	3	3	2	2	1	2	0	2	3	7	2	2	7	2	1	1	4	3	2	0	2	1	2	0	1	2	2	1	2
chr9	63555709	63555882	174	10	0	174	112	62	13	10	7	10	10	4	7	7	9	6	6	4	8	2	3	5	9	3	0	9	5	1	0	3	3	1	0	2	11	4	0	10
chr9	63555883	63555944	62	8	0	62	54	8	9	1	4	14	1	0	0	1	5	0	0	0	12	0	1	5	0	0	0	1	0	0	0	0	0	0	0	2	2	0	0	2
chr9	63555949	63555994	46	8	0	46	21	25	0	2	0	0	1	3	5	0	1	3	5	0	0	0	0	0	2	1	0	4	2	1	0	1	2	2	0	0	4	0	0	5
chr9	63555995	63556085	91	10	0	91	40	51	1	0	5	2	2	3	5	4	4	3	6	4	0	0	0	0	0	2	2	2	3	6	0	8	4	3	0	3	7	6	1	3
chr9	63556086	63556242	157	8	0	157	68	89	2	6	4	3	6	12	10	1	6	1	13	0	1	3	0	0	4	5	1	11	10	8	0	8	8	6	2	4	7	8	1	4
chr9	63556243	63556275	33	10	0	33	14	19	0	0	1	0	1	1	3	2	0	0	4	1	0	0	0	0	0	1	0	0	0	0	0	3	6	1	0	2	1	1	0	3
chr9	63556276	63556334	59	8	0	59	24	35	2	2	2	0	3	2	3	2	1	0	5	0	0	0	0	0	3	1	0	1	6	5	0	3	2	4	0	4	0	4	0	2
chr9	63556335	63556415	81	10	0	81	33	48	1	1	2	2	0	4	8	1	2	0	2	1	3	1	2	2	2	2	0	2	4	11	0	5	5	5	0	6	2	2	0	1
chr9	63556416	63556502	87	8	0	87	47	40	7	2	4	0	3	4	7	3	3	1	5	2	1	1	1	1	5	0	0	3	3	0	0	3	4	2	0	8	5	4	0	3
chr9	63556503	63556978	476	8	0	476	234	242	29	13	21	12	20	11	30	12	21	10	26	8	5	6	5	4	11	12	7	10	24	25	2	24	20	14	0	26	18	25	1	22
chr9	63556979	63557005	27	10	0	27	14	13	0	0	0	1	0	1	1	1	0	0	1	1	1	1	2	2	1	0	0	1	1	1	0	1	1	1	2	2	0	1	0	1
chr9	63557006	63557318	313	8	0	313	207	106	41	6	5	35	12	7	13	11	10	6	7	5	25	4	4	15	12	6	0	5	10	9	1	12	5	11	1	5	15	6	0	7
chr9	63557319	63557439	121	10	0	121	88	33	15	4	7	8	3	0	2	4	9	0	3	7	7	1	7	11	3	0	0	2	2	0	0	2	1	0	0	3	3	4	0	11
chr9	63557440	63557516	77	8	0	77	58	19	10	1	3	7	4	1	1	1	1	1	1	2	7	4	3	10	2	2	0	3	2	0	0	2	0	2	0	0	3	0	0	2
chr9	63557517	63557548	32	10	0	32	28	4	6	1	2	6	0	0	0	0	0	0	0	0	9	1	1	1	0	0	0	1	0	0	0	0	0	0	0	2	0	0	0	0
chr9	63557549	63557610	62	8	0	62	51	11	12	0	2	12	4	1	0	2	3	1	0	2	8	0	0	2	2	0	0	0	2	0	0	0	0	0	0	0	3	2	0	2
chr9	63557611	63557636	26	10	0	26	19	7	0	0	1	3	0	1	1	2	0	1	0	2	4	0	0	3	2	0	0	0	0	0	0	1	0	0	0	0	2	1	0	0
chr9	63557637	63557694	58	8	0	58	42	16	7	1	2	6	2	0	1	1	1	2	0	2	6	2	4	4	1	0	0	4	1	2	0	2	0	0	0	0	1	3	0	1
chr9	63557695	63557743	49	10	0	49	38	11	6	1	3	3	1	2	0	1	2	0	1	1	3	3	2	7	3	1	0	2	1	0	0	0	0	0	0	0	0	0	0	4
chr9	63557744	63557795	52	8	0	52	33	19	4	3	4	1	2	1	1	1	3	0	2	3	3	1	2	1	2	0	0	3	1	2	0	2	0	0	0	0	2	3	0	3
chr9	63557796	63557860	65	10	0	65	45	20	10	1	5	3	1	0	0	3	2	2	1	2	6	2	5	1	2	0	0	3	1	0	0	1	0	1	1	3	1	1	1	4
chr9	63557861	63557925	65	8	0	65	52	13	12	1	1	9	2	0	2	2	3	0	0	2	5	2	0	9	2	1	0	0	0	1	0	2	1	1	0	0	3	0	0	2
chr9	63557926	63557968	43	10	0	43	33	10	1	1	2	7	4	1	0	0	2	0	0	2	5	3	2	1	1	0	0	4	1	0	0	0	0	0	0	0	3	1	0	0
chr9	63557969	63558059	91	8	0	91	53	38	9	5	4	1	4	0	5	4	3	1	3	1	3	4	2	3	4	4	0	2	2	4	0	5	3	2	0	3	3	1	0	4
chr9	63558060	63558086	27	10	0	27	17	10	2	1	2	1	2	0	0	1	0	0	1	2	1	1	0	2	1	1	0	0	2	1	0	1	0	0	0	0	0	1	0	2
chr9	63558087	63558172	86	8	0	86	61	25	9	4	2	5	4	2	1	5	3	1	0	2	4	6	4	8	8	1	0	3	3	0	0	1	1	1	0	0	1	2	0	3
chr9	63558173	63558223	51	10	0	51	36	15	5	1	2	6	5	1	1	1	1	1	1	0	4	4	1	1	4	0	0	3	0	0	0	0	3	0	1	0	1	0	0	2
chr9	63558224	63558359	136	8	0	136	94	42	6	3	0	15	8	1	4	5	3	2	7	5	7	3	6	18	4	0	0	5	3	1	0	2	6	2	0	2	5	3	0	8
chr9	63558360	63558481	122	10	0	122	85	37	11	1	6	10	7	2	2	8	2	2	4	7	9	4	1	7	5	2	0	2	4	0	0	1	3	1	0	4	7	2	0	6
chr9	63558482	63559066	585	8	0	585	387	198	39	19	26	44	15	16	17	25	25	11	13	12	49	18	23	33	22	13	5	24	14	8	1	15	11	10	1	12	26	7	1	28
chr9	63559067	63559132	66	10	0	66	45	21	7	4	1	5	4	2	2	2	4	0	1	0	3	5	3	1	4	3	0	4	2	0	0	2	0	0	0	0	4	1	0	0
chr9	63559133	63559304	172	8	0	172	119	53	16	4	7	14	7	4	6	5	3	3	5	3	15	5	5	16	7	3	0	6	5	1	0	2	4	4	0	6	6	0	0	8
chr9	63559313	63559396	84	8	0	84	57	27	13	7	2	5	5	2	3	2	3	1	2	3	5	0	1	2	4	3	0	3	4	1	0	0	1	0	0	1	2	1	2	4
chr9	63559397	63559446	50	10	0	50	30	20	4	2	4	0	1	0	3	3	4	1	0	3	2	1	1	0	2	0	0	2	1	1	0	1	1	1	0	2	3	1	2	2
chr9	63559447	63559705	259	8	0	259	170	89	27	10	12	18	12	9	10	16	19	2	4	5	9	3	5	9	16	2	0	6	6	2	0	2	12	4	0	8	12	2	0	15
chr9	63559707	63559736	30	8	0	30	22	8	1	0	1	4	1	0	0	3	2	1	0	3	2	0	0	4	0	1	0	0	0	0	0	0	0	0	0	0	4	0	0	1
chr9	63559738	63559866	129	8	0	129	87	42	7	4	8	9	5	2	3	6	8	0	2	4	9	4	7	7	5	1	0	4	2	1	0	3	4	1	0	7	5	3	0	6
chr9	63559867	63559890	24	10	0	24	17	7	6	1	0	1	2	1	1	0	1	0	1	1	0	0	0	0	0	0	0	2	0	0	0	0	1	0	0	1	3	0	0	0
chr9	63559891	63560018	128	8	0	128	82	46	7	4	4	12	3	3	5	6	6	3	3	1	11	2	4	7	5	2	3	1	3	1	0	4	4	2	1	5	5	3	0	6
chr9	63560020	63560099	80	8	0	80	65	15	15	2	4	7	3	1	0	4	2	1	0	3	8	3	2	8	2	1	0	4	0	0	0	1	0	0	0	0	6	0	0	1
chr9	63560101	63560151	51	8	0	51	40	11	11	4	1	4	2	0	2	2	0	1	0	1	6	1	0	3	4	0	0	2	1	0	0	0	1	1	0	0	1	0	0	1
chr9	63560153	63560168	16	8	0	16	12	4	2	1	1	0	0	0	0	2	1	1	0	0	1	0	0	2	1	0	0	1	0	0	0	0	0	0	0	0	1	0	0	0
chr9	63560175	63560200	26	8	0	26	20	6	3	0	0	1	0	0	1	1	0	0	1	2	2	1	1	6	0	0	0	1	0	0	0	0	2	0	0	0	0	0	0	2
chr9	63560202	63560416	215	8	0	215	153	62	20	14	5	17	10	3	7	16	11	2	3	5	16	5	5	12	15	2	0	7	2	1	0	3	9	1	0	0	10	2	0	10
chr9	63560421	63560744	324	8	0	324	208	116	31	8	16	20	15	10	13	7	17	10	9	11	11	8	7	14	15	5	0	16	12	5	1	6	3	2	0	3	15	11	1	20
chr9	63560746	63560788	43	8	0	43	30	13	8	1	5	3	5	0	0	0	2	1	0	0	2	1	0	1	2	0	0	1	1	0	0	0	2	1	0	3	0	0	0	2
chr9	63560790	63561580	791	8	0	791	478	313	56	25	37	40	36	22	26	36	28	9	19	25	39	19	19	41	39	10	8	18	29	19	3	27	26	26	0	26	26	24	1	30
chr9	63561582	63561685	104	8	0	104	59	45	8	2	2	2	2	5	5	6	1	1	7	9	3	2	2	1	4	1	1	4	5	1	0	1	5	2	0	3	5	3	1	8
chr9	63561689	63562338	650	8	0	650	380	270	52	24	30	33	31	16	31	24	38	9	16	15	18	12	12	18	20	15	3	23	34	10	5	17	26	16	1	21	23	25	3	27
chr9	63562344	63562394	51	8	0	51	29	22	4	0	2	3	2	0	1	6	1	3	1	1	2	0	0	2	3	1	0	0	3	2	0	2	3	1	0	0	0	4	0	2
chr9	63562404	63563103	700	8	0	700	322	378	20	13	29	10	22	34	41	28	27	15	31	13	3	8	22	5	28	21	4	17	41	40	1	39	35	31	2	32	21	28	1	36
chr9	63563105	63563225	121	8	0	121	69	52	7	5	4	9	7	1	3	4	4	1	1	3	7	7	4	2	3	5	2	4	5	9	1	5	4	1	1	1	2	5	0	2
chr9	63563227	63563337	111	8	0	111	67	44	12	6	4	2	7	1	5	8	3	6	3	2	3	0	1	2	5	1	0	7	5	4	0	1	4	1	0	1	7	4	0	4
chr9	63563341	63563420	80	8	0	80	43	37	4	1	1	4	4	1	2	5	2	1	6	4	1	1	1	3	2	1	0	1	7	6	0	1	0	2	0	4	3	5	0	5
chr9	63563422	63563775	354	8	0	354	209	145	26	9	13	13	13	14	13	20	9	13	15	11	13	6	6	14	21	8	0	13	16	12	0	9	8	4	0	6	15	13	0	19
chr9	63563778	63563903	126	8	0	126	93	33	18	8	6	11	8	0	3	3	6	1	1	3	10	3	4	7	8	1	1	2	0	0	0	1	1	1	1	5	5	0	0	6
chr9	63563905	63563935	31	8	0	31	21	10	1	1	2	0	0	0	0	4	0	2	1	0	3	1	0	4	2	0	0	2	1	0	0	1	0	0	0	0	1	2	0	1
chr9	63563937	63564285	349	8	0	349	227	122	19	5	13	29	10	1	13	16	14	7	12	23	23	10	13	18	7	7	0	9	9	6	1	12	5	6	0	3	19	9	1	27
chr9	63564286	63564861	576	8	0	576	357	219	39	18	24	37	28	13	19	29	23	8	17	19	28	16	12	26	25	12	1	16	24	10	0	19	18	11	0	15	22	20	3	22
chr9	63564862	63564873	12	10	0	12	9	3	4	0	0	1	0	0	0	0	1	0	1	0	0	1	0	1	0	0	0	0	0	0	0	0	0	0	0	0	0	0	0	1
chr9	63564874	63565185	312	8	0	312	199	113	32	13	11	19	12	12	9	14	20	6	4	7	11	6	7	16	16	8	3	10	11	9	1	9	2	4	0	2	18	9	0	9
chr9	63565200	63565243	44	8	0	44	33	11	10	0	10	0	0	0	0	0	10	0	1	0	0	0	0	0	0	0	0	0	0	0	0	0	0	0	0	0	0	0	0	11
chr9	63565244	63565274	31	8	0	31	24	7	9	0	6	0	0	0	0	0	7	0	0	0	0	0	0	0	0	0	0	0	0	0	0	0	0	0	0	0	0	0	0	7
chr9	63565275	63565330	56	10	0	56	42	14	14	0	12	0	0	0	0	0	13	0	1	0	0	0	0	0	0	0	0	0	0	0	0	0	0	0	0	0	0	0	0	14
chr9	63565331	63565356	26	8	0	26	16	10	3	0	2	0	0	0	0	0	3	0	6	0	0	0	0	0	0	0	0	0	0	0	0	1	0	0	0	0	0	1	0	8
chr9	63565357	63565443	87	8	0	87	52	35	19	1	5	1	3	5	4	0	5	2	4	1	0	0	0	0	3	2	0	3	3	1	1	2	3	3	0	2	4	1	1	6
chr9	63565445	63565535	91	8	0	91	43	48	0	2	5	3	5	4	5	2	3	0	3	1	3	2	3	0	2	5	0	1	5	2	0	8	7	5	0	6	3	3	0	1
chr9	63565537	63565824	288	8	0	288	174	114	14	10	13	15	13	10	9	8	8	9	8	7	17	6	9	16	12	6	3	14	9	5	1	12	5	5	3	7	14	11	1	6
chr9	63565827	63565860	34	8	0	34	22	12	3	3	2	2	3	0	1	1	2	1	0	1	2	0	0	0	1	1	0	1	1	0	0	1	1	0	0	1	2	1	0	1
chr9	63565862	63567626	1765	8	0	1765	1107	658	136	58	64	111	81	50	62	76	59	34	41	44	93	48	58	91	90	41	5	54	51	31	5	62	54	34	3	49	74	43	1	60
chr9	63567628	63567647	20	8	0	20	11	9	1	0	0	2	1	1	0	0	0	2	1	0	1	0	1	0	0	2	0	1	2	0	0	1	0	0	0	0	0	1	0	1
chr9	63567649	63568388	740	8	0	740	462	278	49	20	37	48	23	17	29	21	39	16	23	14	43	21	32	29	22	17	3	32	21	13	0	29	17	11	1	19	29	22	0	41
chr9	63568390	63568434	45	8	0	45	29	16	2	3	2	2	2	0	1	1	1	1	1	3	4	2	2	0	2	0	0	4	1	0	0	3	0	0	0	0	1	4	0	1
chr9	63568436	63568653	218	8	0	218	144	74	20	3	8	20	5	4	7	10	11	3	6	7	14	5	9	10	4	6	0	5	9	2	0	7	4	3	0	7	9	7	0	11
chr9	63568654	63568727	74	8	0	74	54	20	9	2	5	6	3	0	2	3	4	0	0	2	6	3	2	5	2	0	0	3	1	0	0	2	3	1	0	2	2	2	0	2
chr9	63568731	63569501	771	8	0	771	483	288	49	21	36	52	33	13	25	38	37	10	28	19	38	35	19	28	31	19	3	26	25	14	0	26	20	9	2	19	33	23	1	37
chr9	63569502	63569604	103	10	0	103	66	37	6	4	3	7	1	0	7	5	5	2	2	3	8	1	1	9	2	1	0	4	5	2	0	3	1	5	0	2	5	2	0	5
chr9	63569605	63570652	1048	8	0	1048	694	354	88	32	43	78	39	21	31	36	47	14	35	33	67	27	29	73	39	14	4	37	25	15	4	32	18	13	1	22	45	34	3	47
chr9	63570653	63570686	34	10	0	34	17	17	1	0	0	2	2	0	2	2	0	2	1	1	0	1	2	1	0	1	0	2	1	1	0	1	3	0	0	2	2	2	0	0
chr9	63570687	63571052	366	8	0	366	226	140	37	5	13	27	18	7	14	12	18	9	11	11	9	12	9	12	12	10	1	11	15	12	1	11	6	6	0	6	19	11	0	19
chr9	63571053	63571111	59	10	0	59	32	27	1	1	4	2	2	2	1	5	3	3	2	1	2	1	0	1	2	4	0	1	4	4	0	2	0	0	0	0	3	2	0	4
chr9	63571112	63571279	168	8	0	168	109	59	15	7	8	9	7	4	5	5	7	0	3	6	10	9	7	6	7	4	2	7	6	2	0	4	3	2	0	5	5	4	0	7
chr9	63571280	63571329	50	10	0	50	33	17	5	2	1	3	2	0	1	4	2	2	1	0	3	0	3	2	2	1	0	1	1	0	1	0	3	0	1	2	1	1	0	3
chr9	63571330	63571566	237	8	0	237	145	92	21	8	8	15	7	7	7	8	15	3	8	5	10	5	9	8	7	10	0	6	10	8	1	9	5	2	1	2	7	8	0	15
chr9	63571567	63571658	92	10	0	92	75	17	10	2	4	11	3	1	0	4	5	1	0	2	10	0	3	17	3	0	0	1	0	0	0	1	3	0	0	1	3	1	0	4
chr9	63571659	63571828	170	8	0	170	122	48	16	7	4	20	7	2	5	6	9	3	3	5	16	2	7	9	8	3	0	3	2	0	0	6	3	0	0	3	7	5	0	7
chr9	63571829	63571858	30	10	0	30	21	9	3	2	4	1	1	1	1	0	4	1	0	0	2	0	0	0	1	0	0	3	0	0	0	0	0	0	0	0	2	0	0	2
chr9	63571859	63571918	60	8	0	60	47	13	6	1	1	8	1	0	1	4	0	1	2	5	9	3	1	3	1	0	0	3	0	0	0	0	0	0	0	0	5	0	0	3
chr9	63571919	63571994	76	10	0	76	55	21	7	2	3	9	5	2	1	2	4	0	1	4	5	2	0	7	4	1	0	1	2	0	0	2	0	1	0	0	5	2	0	2
chr9	63571995	63572078	84	8	0	84	59	25	11	2	4	6	3	3	2	7	2	3	0	2	6	1	0	5	6	1	0	2	2	0	0	1	3	1	0	2	5	1	0	1
chr9	63572079	63572211	133	10	0	133	85	48	15	6	3	9	8	5	4	5	4	3	2	2	5	3	6	4	7	2	1	7	5	2	0	1	7	1	0	3	3	3	1	4
chr9	63572212	63572411	200	8	0	200	124	76	18	7	15	10	12	6	3	10	10	2	5	6	11	2	1	4	11	4	0	2	6	3	1	8	5	7	1	5	10	4	0	9
chr9	63572412	63572443	32	10	0	32	28	4	4	1	0	5	1	0	0	0	0	0	0	3	5	0	2	6	1	0	0	0	0	0	0	0	0	0	0	0	0	0	0	2
chr9	63572444	63573082	639	8	0	639	397	242	47	18	25	36	28	16	20	29	24	12	21	18	26	24	19	33	29	15	2	24	22	12	1	19	17	9	2	14	25	19	3	28
chr9	63573083	63573133	51	10	0	51	31	20	7	0	2	4	1	1	2	3	3	0	1	2	2	1	0	1	1	0	0	1	2	4	0	0	2	1	1	0	2	1	1	3
chr9	63573134	63573289	156	8	0	156	109	47	11	4	7	12	5	2	4	3	5	2	10	5	13	6	4	14	3	3	0	8	2	1	0	4	2	0	0	2	7	3	0	12
chr9	63573290	63573329	40	10	0	40	21	19	2	0	2	0	0	0	1	0	2	1	13	0	0	0	0	0	1	0	0	0	0	0	0	0	0	0	0	0	0	1	0	15
chr9	63573330	63573430	101	8	0	101	58	43	8	2	3	5	2	2	4	4	6	1	11	2	2	1	2	3	2	1	0	3	4	4	0	3	1	2	0	1	4	4	0	12
chr9	63573431	63573488	58	10	0	58	36	22	4	2	3	2	2	2	1	5	2	0	2	3	3	2	1	2	2	1	0	3	2	0	0	1	3	1	0	0	2	2	0	3
chr9	63573489	63573541	53	8	0	53	34	19	4	0	0	6	2	2	0	4	2	1	2	2	1	0	1	6	1	0	0	1	5	2	0	0	1	1	0	0	1	4	0	2
chr9	63573542	63573593	52	10	0	52	35	17	5	1	1	5	3	3	1	4	2	0	0	3	2	1	1	2	3	1	0	1	2	0	0	1	2	0	0	0	4	2	0	0
chr9	63573594	63573780	187	8	0	187	107	80	10	6	6	7	4	4	11	7	12	5	9	6	3	2	7	6	10	2	0	5	6	5	0	8	2	4	0	6	10	8	0	14
chr9	63573781	63573810	30	10	0	30	18	12	1	2	0	2	1	0	2	1	1	1	1	1	2	0	1	1	2	0	0	1	0	2	0	2	0	0	0	0	1	2	0	1
chr9	63573811	63573943	133	8	0	133	63	70	6	2	4	2	2	3	9	2	4	0	7	3	2	6	5	5	5	2	0	4	7	9	0	12	3	5	0	8	1	12	0	1
chr9	63573950	63574052	103	8	0	103	69	34	13	4	3	11	6	1	3	1	3	1	2	2	9	4	3	2	4	4	0	2	3	3	0	5	1	2	0	1	4	2	0	2
chr9	63574053	63574062	10	10	0	10	7	3	1	0	0	1	1	1	0	0	1	0	0	1	0	0	0	0	0	0	0	0	0	0	0	0	0	0	0	0	2	0	0	0
chr9	63574063	63574126	64	8	0	64	42	22	6	1	3	3	1	0	3	2	5	1	2	3	2	3	3	2	0	1	0	4	2	0	0	2	0	1	0	1	5	2	0	4
chr9	63574127	63574137	11	10	0	11	6	5	1	0	0	2	1	0	0	0	1	0	1	0	0	0	0	0	0	0	0	0	0	0	0	0	1	0	0	0	0	1	0	1
chr9	63574138	63574240	103	8	0	103	65	38	8	4	6	4	5	0	3	5	3	2	3	4	6	2	2	6	1	3	0	4	6	1	0	3	3	1	0	4	4	5	0	3
chr9	63574250	63574676	427	8	0	427	265	162	37	10	22	20	13	17	13	13	13	11	14	9	26	16	8	22	22	9	4	19	12	14	0	16	4	7	1	6	18	12	1	16
chr9	63574677	63574706	30	10	0	30	15	15	2	0	4	0	0	0	1	0	4	1	1	0	0	0	0	0	1	0	0	0	1	2	0	3	0	1	0	1	0	3	0	3
chr9	63574707	63574769	63	8	0	63	44	19	9	1	2	4	1	2	1	4	2	0	1	4	5	1	2	4	2	2	0	0	1	1	0	2	3	0	0	1	2	1	0	3
chr9	63574770	63574784	15	10	0	15	11	4	2	1	0	0	0	0	0	3	1	0	0	1	0	0	1	1	1	0	0	0	0	0	0	0	0	0	0	0	1	0	0	1
chr9	63574785	63575073	289	8	0	289	185	104	22	8	13	15	12	7	8	14	10	6	9	5	14	8	13	20	13	5	0	11	4	4	0	10	11	6	0	9	13	4	0	13
chr9	63575074	63575083	10	10	0	10	6	4	0	1	0	0	0	0	0	0	1	0	0	0	0	2	1	0	0	0	1	1	0	0	0	0	0	0	0	0	0	0	1	0
chr9	63575084	63575270	187	8	0	187	135	52	12	6	8	16	5	3	3	9	4	1	6	6	20	6	11	17	7	2	0	7	3	1	0	0	2	1	0	11	8	0	0	10
chr9	63575271	63575293	23	10	0	23	16	7	3	0	2	1	1	0	0	0	1	0	1	0	1	1	0	4	0	1	0	0	0	0	0	2	1	1	0	0	0	0	0	1
chr9	63575294	63575531	238	8	0	238	151	87	22	12	10	9	7	5	8	11	14	3	7	9	10	6	6	10	8	7	0	11	9	8	0	7	2	1	0	1	12	8	0	13
chr9	63575532	63575547	16	10	0	16	11	5	0	1	1	1	1	0	0	0	0	1	0	0	2	1	0	1	2	1	0	0	1	0	0	0	0	0	0	0	0	0	0	1
chr9	63575548	63575723	176	8	0	176	121	55	14	8	11	13	13	4	1	10	11	4	1	3	8	4	5	10	8	3	0	9	5	2	0	0	4	1	1	2	11	1	1	6
chr9	63575724	63576265	542	8	0	542	354	188	46	14	23	30	19	15	14	22	18	7	16	13	30	21	18	47	18	8	4	27	16	8	0	16	12	9	2	13	24	15	0	15
chr9	63576266	63576303	38	10	0	38	16	22	1	0	1	1	1	1	3	0	0	1	2	1	1	2	0	0	2	1	0	1	2	2	1	4	0	2	1	1	1	3	0	0
chr9	63576304	63576419	116	8	0	116	55	61	8	2	1	2	1	4	4	4	1	3	5	6	3	3	5	2	3	4	2	3	6	3	5	4	0	6	5	4	4	5	2	4
chr9	63576421	63576545	125	8	0	125	62	63	14	1	2	3	3	7	6	2	4	3	10	3	0	0	2	0	3	3	1	4	3	4	5	3	6	4	1	5	6	4	3	8
chr9	63576547	63576574	28	8	0	28	18	10	1	1	1	1	2	2	1	2	0	0	0	1	0	1	0	3	3	0	0	1	0	0	0	1	3	1	0	0	1	0	0	0
chr9	63576583	63576727	145	8	0	145	111	34	28	7	5	16	10	0	0	4	6	1	2	3	11	2	6	9	4	1	0	5	3	1	0	3	0	3	0	1	6	2	0	4
chr9	63576729	63576825	97	8	0	97	68	29	10	2	5	7	5	2	0	4	6	0	3	3	4	3	5	8	3	0	0	4	1	1	0	3	2	2	0	0	5	1	0	6
chr9	63576827	63576901	75	8	0	75	52	23	7	2	5	5	2	2	2	3	4	0	1	3	6	3	1	5	2	0	0	5	2	2	0	1	1	1	0	0	3	2	0	3
chr9	63576903	63576997	95	8	0	95	69	26	16	2	4	8	3	2	1	4	5	4	1	1	6	2	4	4	4	2	0	4	3	0	0	2	0	0	0	0	4	3	0	4
chr9	63576999	63577020	22	8	0	22	16	6	2	1	0	0	0	0	0	2	0	0	1	0	1	1	3	4	1	0	0	1	0	0	0	0	1	0	0	1	0	0	0	1
chr9	63577022	63577082	61	8	0	61	47	14	10	4	1	8	4	1	3	0	3	0	1	2	6	0	0	4	3	0	0	2	0	0	0	1	0	0	0	0	3	1	0	2
chr9	63577084	63577197	114	8	0	114	86	28	14	1	4	11	2	0	3	4	4	0	3	4	9	6	4	15	4	1	0	2	1	1	0	3	3	1	0	0	1	2	0	9
chr9	63577199	63577310	112	8	0	112	84	28	10	6	2	13	8	4	1	8	3	0	0	5	9	3	0	10	11	3	0	0	2	1	0	1	1	0	0	1	7	0	0	1
chr9	63577311	63577320	10	10	0	10	8	2	3	0	0	2	1	0	0	0	0	0	0	0	1	0	0	0	0	0	0	0	1	0	0	0	0	0	0	0	0	0	0	0
chr9	63577321	63577427	107	8	0	107	72	35	12	4	3	6	3	1	4	3	0	4	4	1	9	2	5	10	5	2	1	3	2	0	0	1	2	1	2	7	2	0	1	5
chr9	63577429	63577462	34	8	0	34	17	17	1	1	1	1	0	0	1	3	2	0	3	0	1	1	2	0	0	0	1	1	1	1	1	0	1	1	0	3	2	1	0	2
chr9	63577464	63577588	125	8	0	125	100	25	14	4	6	14	3	1	1	5	1	2	2	2	19	3	2	19	4	2	0	4	2	0	0	2	2	0	0	2	2	2	0	3
chr9	63577589	63577605	17	10	0	17	11	6	0	1	0	0	0	0	0	3	0	0	0	2	1	0	0	3	0	0	0	1	0	0	0	0	2	0	0	0	1	0	1	0
chr9	63577606	63577657	52	8	0	52	41	11	3	2	3	4	1	0	2	1	1	0	0	3	8	1	1	10	1	0	0	2	0	0	0	1	1	0	0	1	1	1	0	2
chr9	63577659	63577704	46	8	0	46	30	16	3	2	3	2	3	0	1	1	2	0	0	3	1	1	4	2	1	2	0	0	2	0	0	1	1	0	0	3	1	1	0	4
chr9	63577706	63577978	273	8	0	273	205	68	27	14	11	30	10	3	5	14	13	2	0	6	30	7	9	22	12	2	2	10	3	1	0	3	8	0	1	5	9	4	1	7
chr9	63577979	63578002	24	10	0	24	16	8	5	1	1	1	1	0	1	1	0	0	0	0	1	1	0	2	1	1	0	0	1	2	0	0	1	0	0	1	0	0	0	0
chr9	63578003	63578057	55	8	0	55	40	15	5	0	3	7	1	1	1	2	3	2	0	0	6	2	3	3	2	1	0	2	0	0	0	2	1	0	0	1	2	1	0	2
chr9	63578058	63578090	33	10	0	33	24	9	9	0	3	2	0	1	0	2	3	0	0	0	2	1	1	0	2	0	0	0	0	0	0	1	0	0	0	1	0	1	0	2
chr9	63578091	63578145	55	8	0	55	35	20	5	0	4	2	1	2	2	1	2	1	0	3	2	1	3	4	2	0	0	2	2	0	0	3	0	4	0	0	2	1	0	4
chr9	63578146	63578250	105	10	0	105	76	29	8	5	3	7	6	3	3	2	3	1	1	7	6	3	3	13	6	0	2	4	0	0	0	1	3	0	0	1	5	1	2	4
chr9	63578251	63578363	113	8	0	113	78	35	7	6	5	7	4	4	3	7	4	1	2	3	10	3	2	9	8	3	0	3	1	1	0	2	4	0	0	2	5	0	0	5
chr9	63578364	63578377	14	10	0	14	7	7	0	0	0	0	1	2	1	0	0	1	1	0	0	0	0	0	3	0	0	0	1	0	0	0	0	0	0	0	0	0	0	2
chr9	63578378	63578456	79	8	0	79	55	24	7	2	4	5	2	2	1	2	1	3	3	2	8	2	5	5	5	2	0	2	1	0	0	2	2	0	0	0	0	1	0	8
chr9	63578466	63578585	120	8	0	120	83	37	27	4	10	3	5	2	1	3	5	1	2	3	8	2	1	5	5	1	0	3	2	3	1	4	1	0	1	4	3	5	0	3
chr9	63578586	63578617	32	10	0	32	25	7	5	1	2	2	0	0	0	1	2	0	0	2	3	2	3	1	0	0	0	3	0	0	0	0	0	0	0	0	1	0	0	2
chr9	63578618	63578722	105	8	0	105	66	39	8	1	6	6	2	4	3	4	8	2	2	2	3	4	3	6	4	1	3	3	1	2	3	0	2	0	0	6	6	3	0	5
chr9	63578723	63578747	25	10	0	25	14	11	0	2	0	0	0	0	3	0	1	1	1	0	1	0	2	2	1	2	0	0	0	0	0	2	0	0	0	2	1	0	0	2
chr9	63578748	63579075	328	8	0	328	217	111	41	12	19	16	13	7	8	9	16	3	9	8	20	5	16	13	9	3	1	14	7	2	1	8	12	8	0	10	9	5	2	20
chr9	63579076	63579170	95	10	0	95	66	29	11	2	3	10	4	2	1	4	3	1	3	2	8	3	3	6	4	2	0	2	1	2	0	3	2	0	1	1	4	1	0	4
chr9	63579171	63579269	99	8	0	99	68	31	7	4	5	4	5	1	3	2	4	2	3	4	4	2	3	14	1	2	0	5	1	0	0	4	2	0	0	2	7	3	0	3
chr9	63579276	63579365	90	8	0	90	50	40	5	0	11	1	2	2	5	1	7	2	3	4	4	0	1	0	1	0	0	3	1	4	0	5	5	2	0	3	3	4	0	9
chr9	63579366	63579419	54	10	0	54	32	22	6	2	1	3	1	2	3	2	4	1	2	1	1	0	1	0	3	0	0	2	2	1	0	2	0	3	0	1	4	1	0	3
chr9	63579420	63579660	241	8	0	241	139	102	15	6	8	8	11	7	13	12	9	9	10	6	3	3	4	14	9	5	0	11	13	2	1	5	7	7	0	8	14	7	1	11
chr9	63579661	63579912	252	10	0	252	184	68	36	11	10	23	13	6	4	12	9	1	4	7	22	1	4	20	11	4	0	4	4	3	0	3	7	1	0	9	13	2	0	6
chr9	63579913	63580209	297	8	0	297	210	87	23	7	12	30	9	9	10	16	13	2	1	6	29	15	10	16	17	4	2	10	4	1	0	3	10	3	0	11	13	0	0	9
chr9	63580210	63580280	71	10	0	71	50	21	7	3	2	9	5	1	2	2	3	1	2	1	6	2	0	4	2	2	0	3	3	1	0	1	0	0	0	0	4	1	0	2
chr9	63580281	63580348	68	8	0	68	47	21	8	2	5	2	1	0	2	6	2	2	0	0	6	5	1	4	5	1	0	3	0	0	0	3	2	1	0	1	1	1	0	2
chr9	63580349	63580430	82	10	0	82	56	26	9	2	6	4	3	4	3	1	6	2	1	1	5	4	3	0	5	2	0	5	0	0	0	2	1	0	0	1	5	0	0	5
chr9	63580431	63580546	116	8	0	116	73	43	16	3	4	5	6	2	5	4	2	3	5	3	4	3	4	3	6	3	0	2	2	0	0	6	5	0	0	5	4	4	0	5
chr9	63580547	63580589	43	10	0	43	32	11	7	0	1	5	0	0	0	1	2	0	1	0	4	2	1	7	0	1	0	1	1	2	1	1	0	0	0	0	0	1	1	1
chr9	63580590	63580656	67	8	0	67	60	7	12	2	2	7	0	0	0	1	2	0	0	1	10	2	4	15	1	0	0	3	0	0	0	0	0	0	0	0	0	0	0	3
chr9	63580657	63580727	71	10	0	71	58	13	8	4	1	11	1	1	0	4	2	0	0	1	12	2	2	8	3	1	0	2	2	0	0	1	0	0	0	0	1	2	0	0
chr9	63580728	63580952	225	8	0	225	168	57	34	7	6	25	8	7	7	5	11	2	4	6	19	5	4	16	12	3	0	6	4	1	0	2	3	1	0	2	10	2	0	11
chr9	63580953	63592631	11679	10	0	11679	7535	4144	1091	424	477	722	524	284	360	494	509	202	289	336	590	289	335	608	527	244	55	372	366	206	20	309	285	153	14	256	484	298	29	525
chr9	63592632	63592662	31	8	0	31	23	8	4	1	2	2	4	1	0	0	0	1	0	1	2	1	0	3	1	1	0	2	1	0	0	0	0	0	0	0	2	0	0	0
chr9	63592663	63592685	23	10	0	23	16	7	3	1	2	1	1	0	2	0	1	1	0	1	1	0	0	0	2	0	0	0	0	0	0	0	0	0	0	2	1	0	0	2
chr9	63592686	63592700	15	8	0	15	11	4	4	1	1	0	0	0	0	0	0	0	0	0	1	2	1	0	0	1	0	1	0	0	0	1	0	0	0	0	0	0	0	0
chr9	63592701	63622147	29447	10	0	29447	20045	9402	3131	961	1207	2245	1267	622	762	1167	1277	429	654	814	1869	785	881	1973	1271	456	106	964	705	379	63	656	653	333	38	603	1189	635	69	1281
chr9	63622148	63622174	27	8	0	27	15	12	2	2	1	0	2	1	1	1	0	1	0	1	1	1	0	0	2	2	0	0	0	1	0	2	2	0	0	0	1	0	0	1
chr9	63622175	63634006	11832	10	0	11832	7822	4010	1109	365	476	823	480	277	314	494	501	182	313	348	682	296	379	781	480	212	47	381	331	173	32	286	285	165	28	246	470	272	33	569
chr9	63634007	63634054	48	8	0	48	36	12	5	2	3	4	1	0	1	1	1	0	0	0	7	3	1	5	2	2	0	2	1	1	0	2	0	0	0	0	0	1	0	1
chr9	63634055	63634283	229	10	0	229	173	56	16	1	6	28	7	3	6	16	11	2	4	17	17	9	4	24	9	1	0	5	1	0	0	2	3	1	0	0	20	1	0	13
chr9	63634284	63634325	42	8	0	42	29	13	4	2	4	3	1	1	0	1	1	0	1	1	7	0	2	1	0	0	0	3	0	0	0	2	1	1	0	1	1	1	0	1
chr9	63634326	63635302	977	10	0	977	642	335	82	22	53	60	37	26	28	39	51	18	28	33	47	24	32	61	44	13	4	28	21	14	0	22	27	7	2	22	38	23	0	69
chr9	63635303	63635341	39	8	0	39	31	8	0	0	0	0	0	4	0	3	0	0	0	1	0	1	0	20	6	0	0	0	1	0	0	0	0	0	0	0	0	1	0	0
chr9	63635342	63635442	101	10	0	101	78	23	0	0	0	0	0	15	0	8	0	0	0	0	0	7	0	47	22	0	0	0	0	0	0	0	0	0	0	0	0	0	0	0
chr9	63635443	63635502	60	8	0	60	46	14	11	0	2	4	2	1	1	4	5	1	1	2	0	1	0	9	2	0	0	1	1	1	0	0	0	0	0	0	5	1	0	3
chr9	63635503	63635560	58	10	0	58	47	11	2	1	1	11	1	0	0	2	5	0	1	0	7	1	2	11	0	1	0	1	2	0	0	1	0	0	0	0	2	2	0	2
chr9	63635561	63635623	63	8	0	63	23	40	2	0	3	1	1	3	2	2	1	0	2	1	1	0	1	2	0	1	1	1	5	4	3	2	2	8	5	3	1	1	0	2
chr9	63635624	63635700	77	10	0	77	39	38	4	3	1	2	0	2	3	2	3	3	3	2	3	1	4	2	1	5	1	2	3	4	2	4	0	2	1	1	3	1	2	5
chr9	63635701	63635881	181	8	0	181	86	95	18	2	3	2	1	10	14	3	6	3	12	5	1	1	4	0	3	5	1	7	8	4	2	9	10	8	3	9	7	6	4	8
chr9	63635882	63636323	442	10	0	442	312	130	33	11	23	34	15	9	6	23	15	4	6	18	37	23	13	41	25	9	1	12	12	4	0	9	5	4	1	4	11	8	2	22
chr9	63636324	63636369	46	8	0	46	32	14	2	2	0	5	2	0	0	2	4	0	2	3	1	2	5	2	1	0	0	2	0	0	0	0	0	0	0	0	2	0	2	5
chr9	63636370	63636498	129	10	0	129	87	42	14	4	6	6	5	4	3	7	1	2	2	4	10	5	5	8	6	2	0	6	3	0	0	3	5	3	0	4	5	1	0	3
chr9	63636499	63636574	76	8	0	76	46	30	3	1	3	4	3	4	2	5	2	1	1	3	3	5	2	4	5	1	0	4	4	1	0	1	2	4	0	0	3	0	0	3
chr9	63636575	63637119	545	10	0	545	366	179	34	20	17	51	17	9	13	32	26	8	12	11	45	10	22	38	18	14	3	12	15	3	1	18	13	7	1	17	25	13	1	17
chr9	63637120	63637192	73	8	0	73	56	17	7	2	2	9	2	2	3	1	3	1	1	3	6	2	1	9	4	0	1	2	0	0	0	0	1	0	0	1	3	0	1	4
chr9	63637193	63637630	438	10	0	438	310	128	45	23	19	35	20	10	9	17	18	3	4	10	39	12	13	32	22	9	0	17	8	5	1	7	12	1	1	10	14	6	2	12
chr9	63637631	63637694	64	8	0	64	41	23	8	1	5	3	3	2	0	2	2	2	1	1	4	0	1	5	2	2	1	0	2	2	0	2	2	2	0	1	1	0	1	4
chr9	63637695	63638806	1112	10	0	1112	703	409	81	40	48	63	51	37	44	48	47	21	26	26	53	29	33	55	52	22	3	50	29	6	2	30	42	18	3	31	57	21	2	40
chr9	63638807	63638854	48	8	0	48	32	16	5	2	3	4	0	1	2	0	5	0	1	2	4	1	1	0	0	1	0	2	0	0	0	4	0	0	0	0	3	3	0	2
chr9	63638855	63639618	764	10	0	764	481	283	63	14	30	45	23	26	24	38	34	15	29	21	33	21	16	48	32	19	2	23	22	8	5	26	26	9	1	10	31	25	4	39
chr9	63639619	63639656	38	9	0	38	22	16	3	0	2	1	2	1	1	0	0	2	2	2	1	2	0	3	1	1	1	1	1	1	0	2	0	0	0	0	2	2	0	2
chr9	63639657	63640169	513	10	0	513	324	189	33	12	19	34	18	14	24	24	16	9	19	18	31	17	8	28	25	9	1	17	16	5	2	10	17	6	1	16	22	14	0	26
chr9	63640170	63640201	32	9	0	32	17	15	0	2	1	1	2	1	0	3	0	1	1	0	1	1	0	2	2	2	0	1	3	0	2	0	1	1	0	0	0	2	0	0
chr9	63640209	63640291	83	9	0	83	42	41	3	3	5	1	2	5	2	3	4	4	2	4	3	1	0	0	2	5	3	2	6	3	1	1	0	0	1	1	3	3	3	5
chr9	63640292	63640866	575	10	0	575	336	239	45	14	21	31	25	21	23	17	22	7	20	12	19	13	19	25	18	15	4	18	25	14	1	21	24	9	2	27	20	23	1	17
chr9	63640867	63640934	68	9	0	68	47	21	10	1	4	6	2	2	0	5	5	1	0	2	3	1	0	3	1	2	1	1	4	1	0	1	1	1	0	0	3	2	1	2
chr9	63640935	63641004	70	10	0	70	46	24	10	3	4	3	2	2	2	2	6	0	3	1	2	2	2	0	3	0	3	1	1	0	0	0	1	0	1	4	3	1	0	6
chr9	63641005	63641069	65	9	0	65	39	26	5	1	2	6	5	3	2	4	4	1	1	1	0	0	3	1	2	1	0	1	1	0	0	2	8	2	0	0	3	0	0	4
chr9	63641070	63737765	96696	10	0	96696	58492	38204	7822	2851	3610	5294	3530	2778	3748	3626	3639	1821	2795	2524	4586	2316	2458	5094	4017	2364	445	2940	3364	2630	541	3415	2615	2272	570	2251	3686	2684	404	4004
chr9	63737766	63742398	4633	9	0	4633	2616	2017	309	118	207	210	190	137	223	170	174	96	186	109	172	84	103	127	165	104	10	156	186	149	11	190	186	130	8	156	183	154	11	217
chr9	63742399	63742444	46	10	0	46	36	10	8	3	2	6	2	1	0	0	3	0	0	1	6	0	3	1	2	1	0	1	0	0	0	1	0	0	0	0	1	0	0	2
chr9	63742445	63743408	964	9	0	964	629	335	73	34	33	60	30	36	26	52	48	11	19	17	49	32	30	79	53	18	3	38	25	18	3	24	32	7	3	14	34	28	1	32
chr9	63743409	63743449	41	10	0	41	28	13	8	1	2	2	1	0	1	1	3	2	2	0	1	0	1	2	0	1	0	2	1	0	0	1	0	0	0	0	2	1	1	3
chr9	63743450	63750706	7257	9	0	7257	4857	2400	666	233	344	509	306	163	185	309	359	100	175	219	422	190	223	453	308	132	17	229	176	74	8	209	171	67	7	149	308	194	10	340
chr9	63750707	63750753	47	10	0	47	37	10	5	0	2	8	2	1	0	1	1	1	0	0	6	2	3	3	1	1	0	3	1	0	0	0	1	0	0	1	1	0	0	1
chr9	63750754	63753278	2525	9	0	2525	1580	945	236	63	94	161	98	58	88	89	87	46	70	64	133	66	69	156	98	50	13	74	72	49	24	70	69	61	20	78	94	55	19	99
chr9	63753279	63753306	28	10	0	28	17	11	0	1	2	2	0	0	0	3	4	0	1	0	0	0	2	0	0	1	0	0	1	0	0	2	1	1	0	0	1	1	0	3
chr9	63753307	63758704	5398	9	0	5398	3302	2096	380	162	226	285	203	163	198	227	222	102	160	155	248	147	148	275	221	147	16	191	189	117	19	184	150	90	14	118	231	155	15	238
chr9	63758705	63758740	36	10	0	36	29	7	10	1	1	4	0	0	1	0	2	0	1	0	5	0	1	2	0	0	0	1	0	0	0	1	0	1	0	1	1	0	0	1
chr9	63758741	63790765	32025	9	0	32025	19374	12651	2663	1046	1224	1671	1254	892	1231	1228	1215	597	932	878	1473	735	827	1507	1378	726	148	1018	1068	790	208	1015	914	697	238	829	1245	868	156	1352
chr9	63790766	63850192	59427	8	0	59427	35885	23542	4838	1803	2367	3101	2301	1881	2214	2239	2410	1172	1789	1618	2560	1411	1646	2534	2766	1289	354	1858	1984	1390	372	1831	1617	1166	325	1600	2268	1732	263	2726
chr9	63850193	63850241	49	8	0	49	36	13	3	1	1	4	1	0	1	2	2	1	2	1	4	1	2	9	1	0	0	2	2	0	0	1	0	0	0	0	0	3	0	3
chr9	63850242	63869765	19524	8	0	19524	12154	7370	1711	580	789	1196	741	534	659	789	835	333	557	547	989	478	508	907	788	414	99	624	653	399	108	571	485	376	106	475	797	542	89	843
chr9	63869766	63886814	17049	9	0	17049	10794	6255	1541	553	734	995	737	423	536	676	720	299	453	536	825	402	490	873	741	327	65	544	551	353	42	512	408	301	41	360	672	477	64	796
chr9	63886815	63886863	49	9	0	49	22	27	0	1	2	0	2	1	3	1	1	0	4	2	0	1	2	1	0	0	0	2	1	1	0	4	2	2	1	5	4	3	1	0
chr9	63886864	63910765	23902	9	0	23902	14255	9647	1864	702	1038	1223	957	721	968	948	1053	453	749	654	953	488	586	897	1015	528	114	707	848	584	86	842	744	497	60	711	987	752	90	1081
chr9	63910766	63918447	7682	10	0	7682	4384	3298	452	290	281	334	295	237	404	263	400	192	270	217	210	123	184	231	393	169	53	227	255	195	38	287	231	115	32	224	320	296	61	401
chr9	63968448	63968739	292	7	0	292	164	128	19	10	15	8	11	7	12	8	18	5	13	10	4	8	12	4	12	10	0	8	9	12	1	13	2	3	0	11	14	10	1	20
chr9	63968768	63969070	303	7	0	303	155	148	13	11	5	6	7	16	20	8	8	4	15	6	7	13	10	6	15	15	1	13	20	11	1	11	9	6	1	10	7	11	1	14
chr9	63969130	63969277	148	7	0	148	102	46	13	5	6	11	10	5	4	6	3	6	1	2	9	6	2	11	11	4	0	7	5	0	0	3	3	0	0	1	6	4	0	2
chr9	63969278	63969811	534	7	0	534	348	186	41	22	13	26	21	15	19	26	13	9	10	13	26	32	22	38	40	16	3	19	13	7	0	17	10	4	0	12	18	10	1	16
chr9	63969868	63970058	191	7	0	191	146	45	26	4	7	18	2	3	4	11	3	5	1	3	25	5	7	20	5	2	1	9	1	0	0	3	9	0	1	2	5	2	0	5
chr9	63970108	63970370	263	7	0	263	165	98	27	7	9	19	14	6	8	10	6	4	12	5	14	9	6	7	10	3	1	12	11	6	0	4	7	6	0	11	10	6	3	8
chr9	63970392	63970547	156	7	0	156	88	68	18	4	7	6	8	6	6	5	2	2	1	4	8	2	4	3	5	8	0	1	11	6	0	6	6	6	2	8	3	3	0	3
chr9	63970643	63971063	421	7	0	421	280	141	52	21	14	25	13	9	12	15	25	5	9	11	22	8	15	23	16	12	2	13	14	10	0	14	4	2	0	3	15	14	0	21
chr9	63971134	63971379	246	7	0	246	158	88	18	11	11	11	9	7	8	8	11	1	5	8	13	7	7	23	11	5	0	9	9	7	0	6	6	6	0	2	6	5	0	14
chr9	63971397	63971767	371	7	0	371	218	153	18	11	16	12	9	9	18	11	15	13	14	15	15	10	21	10	14	12	0	17	13	6	1	14	5	4	1	8	15	12	0	30
chr9	63971796	63972139	344	7	0	344	202	142	33	9	16	11	17	11	11	8	10	8	8	11	9	11	8	20	13	11	2	12	12	10	4	16	7	10	1	6	15	11	1	10
chr9	63972211	63972300	90	7	0	90	42	48	0	1	4	2	3	7	5	2	4	2	7	2	0	0	2	0	1	3	0	6	4	1	0	6	5	4	0	3	7	3	0	4
chr9	63972343	63972393	51	7	0	51	39	12	11	4	0	6	5	2	0	2	1	0	0	0	2	3	1	0	7	1	0	1	1	1	0	0	0	0	0	0	1	0	0	0
chr9	63972445	63972780	336	7	0	336	203	133	24	9	16	15	7	5	15	17	18	8	15	11	14	2	8	17	7	10	0	7	6	7	1	19	11	5	1	7	20	11	0	21
chr9	63972797	63972933	137	7	0	137	91	46	11	8	5	6	4	2	5	7	7	3	5	2	8	4	7	7	9	3	0	5	2	0	0	4	0	2	0	2	6	1	0	10
chr9	63973003	63973251	249	7	0	249	162	87	19	2	6	18	6	6	8	10	7	3	5	6	12	13	15	24	12	2	2	8	4	5	0	11	9	7	0	6	6	6	0	9
chr9	63973258	63973318	61	7	0	61	40	21	8	2	1	5	3	1	2	2	2	0	2	2	2	1	2	3	2	1	0	1	2	1	0	3	1	1	0	2	3	3	0	1
chr9	63973350	63973448	99	7	0	99	76	23	12	3	5	9	3	1	1	4	4	1	0	3	10	5	1	14	5	1	0	3	3	2	0	0	0	0	0	0	1	2	0	4
chr9	63973528	63973760	233	7	0	233	147	86	18	8	10	15	11	6	7	12	10	2	6	5	11	7	6	12	8	4	1	10	9	3	0	5	9	5	1	7	9	5	2	7
chr9	63973792	63973849	58	7	0	58	36	22	2	3	3	1	2	2	2	4	4	1	1	2	1	2	1	4	3	1	2	1	1	1	0	0	1	0	0	3	5	0	0	3
chr9	63973871	63974201	331	7	0	331	212	119	32	10	17	19	16	12	5	9	14	1	15	9	17	7	10	17	12	7	0	11	8	8	0	14	8	4	0	8	14	11	0	14
chr9	63974228	63974516	289	7	0	289	194	95	26	10	14	21	8	2	10	9	12	3	4	8	26	8	14	18	7	7	0	9	5	5	0	13	9	3	0	9	8	8	0	11
chr9	63974532	63974731	200	7	0	200	148	52	29	9	6	18	7	2	3	7	9	4	2	7	18	1	13	12	8	3	0	5	3	0	0	6	1	1	0	2	7	5	0	10
chr9	63974740	63975014	275	7	0	275	194	81	40	12	12	22	10	7	11	5	17	3	3	9	20	5	7	10	10	3	2	12	5	0	0	5	6	2	1	3	12	5	1	13
chr9	63975016	63975481	466	7	0	466	326	140	48	20	21	31	16	7	11	23	25	7	6	7	31	11	13	47	21	7	1	17	10	7	1	11	12	2	0	6	14	13	0	18
chr9	63975522	63975597	76	7	0	76	46	30	5	4	5	4	4	0	1	1	5	1	4	0	4	2	4	1	2	0	0	5	2	5	0	3	1	0	0	1	1	4	0	5
chr9	63975608	63975697	90	7	0	90	54	36	9	3	4	5	4	3	5	3	4	2	3	2	5	0	1	0	5	1	0	2	2	1	0	3	5	0	0	5	3	5	0	3
chr9	63975732	63975809	78	7	0	78	54	24	6	2	6	4	1	3	1	4	4	1	2	1	7	4	4	3	4	0	0	6	0	0	0	0	2	0	0	4	3	0	0	4
chr9	63975895	63975973	79	7	0	79	58	21	23	5	2	4	1	0	1	4	4	1	2	1	5	0	2	1	2	0	1	3	1	2	0	1	1	1	0	0	2	1	3	3
chr9	63975974	63976176	203	7	0	203	146	57	30	7	5	14	7	7	4	11	5	2	3	10	15	5	6	13	13	1	1	6	1	1	1	3	8	0	1	1	7	4	1	8
chr9	63976498	63976608	111	7	0	111	82	29	8	5	3	12	5	0	2	6	6	1	1	4	8	3	5	12	5	1	0	3	3	1	0	1	1	0	0	1	3	3	0	6
chr9	63976659	63976762	104	7	0	104	77	27	11	1	4	10	4	3	1	3	6	0	1	3	6	4	4	14	3	1	0	4	1	1	0	3	3	0	0	1	4	3	0	3
chr9	63976779	63977189	411	7	0	411	240	171	31	11	13	21	17	11	21	9	8	10	24	8	21	7	11	15	10	6	3	20	17	7	0	14	11	14	1	18	20	11	2	17
chr9	63977222	63977419	198	7	0	198	102	96	10	3	9	5	4	6	9	9	3	3	8	7	10	4	7	5	3	5	1	7	12	7	1	10	6	11	1	9	7	6	1	7
chr9	63977438	63977503	66	7	0	66	34	32	12	0	1	1	2	3	4	0	1	3	2	0	0	0	3	1	1	3	0	2	4	5	0	3	4	2	0	1	0	2	0	4
chr9	63977537	63977632	96	7	0	96	62	34	9	5	1	6	3	4	6	3	2	1	0	6	7	4	2	3	9	0	0	3	2	3	0	2	2	1	0	1	3	3	0	3
chr9	63977646	63977862	217	7	0	217	126	91	15	8	13	6	6	3	8	7	12	4	6	10	9	3	13	3	3	6	0	9	9	6	0	9	2	6	0	8	10	5	2	14
chr9	63977863	63978253	391	7	0	391	274	117	52	12	19	28	13	4	11	18	21	3	5	7	24	16	11	29	14	7	0	14	8	3	0	12	5	4	1	12	18	9	1	8
chr9	63978327	63978486	160	7	0	160	91	69	7	8	8	4	6	5	14	1	11	4	8	1	3	3	1	6	8	2	0	10	5	2	0	5	3	3	0	6	10	5	0	9
chr9	63978513	63978639	127	7	0	127	90	37	22	5	2	10	7	3	2	6	4	2	1	1	7	8	4	5	9	4	0	4	2	2	0	5	2	0	0	0	5	3	0	0
chr9	63978746	63978846	101	7	0	101	49	52	2	2	4	1	5	3	4	7	0	2	6	3	2	2	3	1	4	2	0	3	5	5	0	6	5	5	0	6	5	4	0	2
chr9	63978856	63979015	160	7	0	160	77	83	11	2	4	2	4	8	12	8	2	4	10	4	2	1	1	0	6	3	0	6	10	6	0	8	7	9	0	8	9	6	0	5
chr9	63979019	63979171	153	7	0	153	102	51	15	1	6	13	6	3	1	9	7	4	4	2	6	4	5	14	6	4	0	2	8	5	0	3	1	2	0	3	4	5	0	8
chr9	63979207	63979492	286	7	0	286	183	103	25	8	12	17	9	8	8	21	15	7	2	6	14	6	8	16	14	7	0	8	13	7	0	7	7	4	0	5	11	9	0	10
chr9	63979527	63979664	138	7	0	138	92	46	13	6	6	5	4	3	4	6	4	0	5	7	8	8	6	6	8	1	2	5	1	1	0	3	5	1	0	2	3	2	0	11
chr9	63979710	63979801	92	7	0	92	48	44	3	2	4	5	1	2	3	2	6	0	8	3	4	0	2	2	2	1	0	2	4	2	3	5	1	4	0	3	1	7	1	7
chr9	63980204	63980355	152	7	0	152	62	90	5	3	7	1	6	7	13	1	2	2	7	0	3	3	2	0	8	5	0	2	10	8	1	11	8	12	1	12	1	5	0	4
chr9	63980414	63980475	62	7	0	62	22	40	0	1	1	0	1	1	7	0	1	4	4	2	0	0	0	0	0	3	1	2	2	8	1	4	2	2	0	2	4	3	0	4
chr9	63980498	63980674	177	7	0	177	91	86	13	9	5	0	5	7	12	5	4	6	3	6	5	4	5	1	11	10	1	3	7	7	3	10	5	5	0	4	6	5	0	8
chr9	63980731	63980792	62	7	0	62	26	36	3	2	2	0	2	2	2	0	2	0	10	0	0	0	0	0	0	1	2	1	3	0	0	8	3	1	2	2	1	8	0	3
chr9	63980842	63980926	85	7	0	85	54	31	13	3	7	5	7	0	1	1	5	2	2	2	1	2	1	0	1	1	2	3	2	1	1	3	1	2	0	3	5	3	1	2
chr9	63980940	63981155	216	7	0	216	129	87	18	7	17	8	7	2	7	8	20	0	9	7	5	3	4	5	3	3	2	5	6	2	1	7	5	4	2	11	10	7	5	14
chr9	63981255	63981348	94	7	0	94	50	44	2	3	4	5	5	1	5	2	7	0	7	3	0	2	2	2	3	0	0	3	3	2	0	5	4	4	0	2	2	4	2	8
chr9	63981405	63981537	133	7	0	133	72	61	8	4	9	5	5	1	7	2	9	2	7	3	4	2	2	2	3	3	0	3	6	7	1	3	3	6	0	4	3	1	1	15
chr9	63981575	63981924	350	7	0	350	212	138	29	11	15	19	14	8	15	17	11	10	9	11	19	7	7	9	15	9	2	10	13	3	2	9	13	4	2	15	13	11	4	12
chr9	63981925	63982129	205	7	0	205	128	77	22	7	11	9	14	4	4	6	6	4	6	9	7	3	7	8	9	4	2	3	6	4	0	9	6	4	0	4	6	7	0	12
chr9	63982203	63982256	54	7	0	54	34	20	1	2	1	4	3	3	2	2	0	3	1	2	5	0	1	2	6	1	0	2	2	3	0	0	0	0	0	0	2	1	0	3
chr9	63982266	63983715	1450	7	0	1450	903	547	127	49	52	89	80	35	52	44	68	28	43	54	41	31	45	63	56	42	9	36	53	22	6	40	36	15	2	37	66	42	5	80
chr9	63983758	63983892	135	7	0	135	75	60	6	4	6	9	7	3	6	2	8	3	6	1	3	1	4	4	5	2	0	4	4	5	0	11	5	5	0	0	4	8	0	7
chr9	63983989	63984208	220	7	0	220	137	83	14	9	13	12	16	6	2	11	14	2	10	5	4	8	3	6	15	5	0	5	8	3	0	8	3	1	0	4	10	10	0	11
chr9	63984242	63984399	158	7	0	158	92	66	15	4	11	8	11	2	2	8	7	2	2	6	5	4	3	2	2	3	1	5	10	4	1	3	4	5	3	6	7	5	1	4
chr9	63984421	63984473	53	7	0	53	30	23	4	2	1	0	3	1	4	2	0	1	1	1	0	6	2	1	4	4	0	2	4	0	0	1	1	1	0	2	1	0	0	2
chr9	63984511	63984571	61	7	0	61	35	26	6	3	3	0	4	1	3	1	2	1	1	4	0	1	2	3	3	1	0	2	1	2	1	1	2	1	1	1	3	1	0	4
chr9	63984799	63984979	181	7	0	181	117	64	23	8	5	12	11	2	8	5	8	2	4	7	6	5	7	2	9	3	0	5	5	3	0	4	5	3	1	5	7	3	1	10
chr9	63985148	63985326	179	7	0	179	102	77	10	8	3	7	5	7	9	6	8	4	4	6	5	5	7	6	9	5	0	10	11	5	1	6	1	3	2	2	6	10	1	5
chr9	63985364	63985470	107	7	0	107	67	40	5	4	3	8	8	5	1	7	3	3	0	2	4	2	2	8	8	2	2	2	6	1	1	0	6	2	1	1	2	3	0	3
chr9	63985523	63985740	218	7	0	218	120	98	10	10	2	10	7	11	4	14	9	4	9	8	6	1	7	8	11	6	1	8	11	16	1	5	4	0	2	2	9	11	2	7
chr9	63985851	63985903	53	7	0	53	42	11	15	1	3	4	2	3	0	0	2	0	3	0	4	0	0	4	2	0	0	2	0	0	0	0	0	0	0	0	3	0	0	3
chr9	63985926	63986004	79	7	0	79	54	25	6	3	2	4	1	3	0	6	4	1	3	1	5	3	6	4	5	1	1	3	1	0	0	1	2	1	0	1	2	0	1	6
chr9	63986145	63986203	59	7	0	59	41	18	7	3	1	5	4	1	1	4	2	0	0	1	4	2	1	3	4	1	0	1	1	2	0	2	4	0	0	0	1	2	0	0
chr9	63986214	63986366	153	7	0	153	104	49	16	6	7	9	6	2	4	5	8	2	8	7	7	4	5	6	5	1	2	6	3	0	0	3	2	1	0	1	7	4	0	14
chr9	63986367	63986665	299	7	0	299	223	76	49	8	13	34	17	3	7	9	18	1	3	9	18	9	7	16	10	5	0	6	5	1	0	4	4	1	0	9	17	3	0	11
chr9	63986666	63987008	343	7	0	343	243	100	33	9	7	40	12	6	6	17	15	4	8	12	31	6	8	27	9	9	2	5	8	9	1	8	4	2	0	4	20	6	1	12
chr9	63987230	63987307	78	7	0	78	33	45	2	1	2	1	3	7	5	0	1	1	8	1	0	0	0	0	1	2	0	6	4	0	2	4	7	4	1	2	3	4	1	3
chr9	63987308	63987443	136	7	0	136	101	35	28	3	7	14	6	2	4	4	8	2	2	3	8	1	2	5	6	1	0	1	2	0	0	2	2	1	0	5	6	2	0	7
chr9	63987483	63988047	565	7	0	565	341	224	53	17	23	28	27	22	16	14	17	11	15	13	25	16	16	27	27	12	5	22	22	21	3	14	14	16	2	10	16	11	4	24
chr9	63988048	63988273	226	7	0	226	134	92	24	7	9	11	8	8	8	4	11	4	13	8	9	0	2	7	5	7	0	7	7	6	2	7	4	2	3	5	12	8	3	13
chr9	63988274	63988345	72	7	0	72	50	22	9	6	2	6	6	3	2	2	5	0	0	1	3	1	1	3	7	0	0	2	2	0	0	0	1	1	0	2	3	1	0	1
chr9	63988350	63988664	315	7	0	315	211	104	39	3	17	24	12	6	7	12	20	5	10	8	13	12	7	14	9	5	1	11	13	2	0	8	4	3	0	5	12	13	1	17
chr9	63988746	63988918	173	7	0	173	116	57	26	4	18	8	5	0	3	4	14	3	6	0	11	4	6	2	4	2	0	5	2	2	0	8	1	2	0	7	5	6	0	13
chr9	63988951	63989188	238	7	0	238	134	104	13	5	6	12	13	8	15	3	7	4	8	9	3	8	9	10	5	5	0	15	14	7	0	3	11	3	0	12	10	10	0	8
chr9	63989223	63989297	75	7	0	75	39	36	4	2	2	3	2	2	3	0	4	1	4	1	1	3	3	3	2	5	0	1	3	1	2	7	2	0	0	2	0	7	2	1
chr9	63989335	63989786	452	7	0	452	295	157	44	13	26	27	18	5	13	13	25	9	13	11	23	12	14	27	13	10	0	16	10	10	1	19	9	5	0	6	17	15	1	25
chr9	63989819	63990161	343	7	0	343	228	115	34	10	20	18	10	10	10	12	14	9	6	5	25	15	19	9	15	7	1	21	7	0	0	8	9	2	0	11	12	6	1	15
chr9	63990356	63990953	598	7	0	598	359	239	38	15	23	38	23	18	24	21	29	11	19	21	25	14	21	18	20	10	2	26	24	11	2	17	11	13	7	15	31	20	1	28
chr9	63990992	63991179	188	7	0	188	125	63	15	4	10	13	5	5	6	8	7	5	8	3	14	5	3	12	11	2	0	6	3	0	1	5	3	1	1	7	7	6	0	10
chr9	63991201	63991356	156	7	0	156	81	75	2	3	4	7	3	5	12	9	5	1	6	1	7	6	4	5	7	4	0	4	6	4	1	6	13	5	0	11	3	4	1	5
chr9	63991374	63991543	170	7	0	170	82	88	4	2	6	3	4	5	17	1	5	4	15	2	2	3	7	2	4	3	0	7	6	0	0	9	8	9	0	15	8	3	0	14
chr9	63991547	63991922	376	7	0	376	271	105	68	14	20	29	10	9	12	9	23	4	9	5	29	9	6	13	18	4	0	14	5	2	0	9	4	3	0	5	13	7	2	19
chr9	63991969	63992429	461	7	0	461	351	110	74	18	23	43	23	4	6	18	17	4	3	16	44	10	9	39	19	3	0	14	10	1	0	6	9	1	0	6	12	12	0	15
chr9	63992452	63992516	65	7	0	65	47	18	10	2	4	4	1	2	1	2	3	2	0	2	6	1	2	4	1	1	1	4	1	0	0	0	0	0	1	1	4	1	0	2
chr9	63992537	63992710	174	7	0	174	109	65	18	5	6	8	4	7	5	5	6	3	3	2	9	8	8	11	8	6	1	8	5	4	1	8	3	4	0	3	5	4	0	4
chr9	63992820	63992937	118	7	0	118	77	41	4	2	7	10	9	3	1	6	6	1	2	8	4	5	5	4	5	3	0	3	2	2	0	3	2	1	0	1	9	1	0	7
chr9	63992951	63993123	173	7	0	173	113	60	17	2	8	11	6	5	5	6	8	5	8	5	8	4	4	10	6	2	0	7	4	3	0	5	1	3	0	2	11	4	0	11
chr9	63993171	63993358	188	7	0	188	128	60	13	5	10	16	11	5	4	5	6	5	2	6	14	3	10	13	8	2	2	6	4	0	0	3	5	2	0	7	8	2	0	9
chr9	63993359	63993873	515	7	0	515	345	170	53	11	34	33	19	12	9	25	22	9	12	14	37	17	14	24	24	9	1	14	11	5	0	16	11	6	1	14	19	12	0	25
chr9	63993984	63994187	204	7	0	204	136	68	20	8	9	14	10	2	7	8	9	7	5	2	11	5	6	12	11	3	0	8	4	3	1	4	3	1	0	6	9	5	1	8
chr9	63994204	63994253	50	7	0	50	28	22	1	0	3	1	3	0	3	2	1	3	0	4	0	0	2	4	2	0	0	0	2	0	0	3	1	2	0	3	3	3	0	2
chr9	63994275	63994406	132	7	0	132	79	53	10	5	8	4	4	2	5	4	9	6	6	1	5	0	4	5	4	2	0	7	2	6	0	6	1	1	0	1	8	5	0	9
chr9	63994473	63994689	217	7	0	217	138	79	10	6	10	14	5	5	8	11	12	7	4	7	13	3	6	16	7	4	0	10	7	4	0	7	6	1	1	2	9	9	1	10
chr9	63994879	63995017	139	7	0	139	105	34	23	6	5	13	7	1	2	9	3	0	2	4	14	3	2	10	8	1	0	1	1	0	0	2	8	2	0	2	2	0	0	6
chr9	63995038	63995292	255	7	0	255	181	74	26	6	12	22	13	6	4	10	12	1	6	9	16	11	9	16	8	2	0	14	3	1	1	3	8	0	1	5	14	5	0	9
chr9	63995293	63995387	95	7	0	95	73	22	14	4	5	9	2	1	3	0	5	0	1	0	10	7	4	7	3	2	0	7	1	0	0	2	0	0	0	0	2	0	0	4
chr9	63995390	63995477	88	7	0	88	46	42	6	1	3	0	0	2	5	2	1	1	6	2	4	4	5	2	2	2	0	4	3	3	0	8	2	3	0	5	2	6	0	2
chr9	63995501	63996015	515	7	0	515	343	172	47	14	22	36	18	8	21	12	24	7	13	18	30	13	15	44	14	7	1	20	14	5	2	12	10	8	2	14	22	13	3	24
chr9	63996177	63996246	70	7	0	70	40	30	4	1	1	5	2	4	6	0	2	2	5	1	3	0	0	3	2	2	0	3	1	1	0	3	4	2	0	2	5	0	0	4
chr9	63996261	63996386	126	7	0	126	94	32	14	5	4	12	5	2	3	3	8	0	3	2	8	2	1	20	6	0	0	3	1	2	1	2	2	0	0	2	4	4	1	4
chr9	63996473	63996725	253	7	0	253	188	65	41	10	13	20	13	2	3	9	10	3	3	7	19	7	11	15	10	3	0	9	3	0	0	5	4	3	0	5	10	2	0	11
chr9	63996732	63997088	357	7	0	357	243	114	49	17	21	19	9	7	10	10	26	3	3	6	21	10	12	19	14	9	0	14	6	12	0	12	3	1	0	4	13	9	0	16
chr9	63997118	63997806	689	7	0	689	440	249	69	24	23	41	24	19	21	22	23	8	23	20	41	17	27	37	24	14	4	27	19	21	0	25	8	15	0	17	35	15	0	24
chr9	63997842	63998073	232	7	0	232	156	76	26	10	7	17	12	2	8	11	12	2	5	7	11	5	7	13	9	6	0	4	6	4	0	6	5	2	0	7	13	4	0	9
chr9	63998099	63998231	133	7	0	133	87	46	11	4	6	11	11	2	5	6	7	3	2	5	4	2	0	6	4	1	0	6	5	1	0	2	5	4	0	1	10	2	0	5
chr9	63998235	63998460	226	7	0	226	144	82	13	9	8	16	13	4	7	13	7	2	7	6	13	6	6	13	15	3	0	4	6	3	0	8	9	6	0	5	6	5	0	11
chr9	63998472	63998529	58	7	0	58	42	16	10	1	2	5	1	0	3	1	5	0	1	2	2	2	2	4	0	0	0	3	0	0	0	2	0	1	0	0	5	1	0	3
chr9	63998530	63999159	630	7	0	630	440	190	71	17	23	53	24	8	15	39	25	12	12	10	43	18	16	52	26	9	2	18	15	8	0	13	19	9	0	12	26	10	0	23
chr9	63999195	63999576	382	7	0	382	267	115	41	12	19	28	24	7	4	15	8	5	8	15	28	11	10	30	18	7	0	10	10	7	0	7	9	2	0	9	13	8	0	15
chr9	63999593	64000698	1106	7	0	1106	702	404	95	40	51	72	50	27	51	36	56	28	22	21	57	24	24	47	52	27	2	38	32	18	6	25	28	17	0	31	52	19	2	54
chr9	64000714	64000828	115	7	0	115	84	31	14	4	2	8	2	0	3	9	4	1	2	3	8	3	5	14	3	1	0	5	3	1	0	1	3	1	0	2	5	2	0	4
chr9	64000840	64001120	281	7	0	281	207	74	43	7	7	32	14	2	6	14	13	3	4	8	19	7	6	20	10	3	1	5	6	3	0	4	7	2	1	4	13	5	0	10
chr9	64001147	64001489	343	7	0	343	183	160	21	8	12	13	15	11	15	11	8	7	15	10	11	8	8	8	11	11	2	10	16	11	3	18	9	15	2	12	16	11	3	10
chr9	64001568	64001924	357	7	0	357	239	118	45	16	18	19	10	8	10	17	15	5	5	12	27	9	10	12	14	8	3	13	10	7	1	8	8	4	0	4	13	7	0	17
chr9	64001980	64003140	1161	7	0	1161	821	340	140	42	49	101	52	27	22	45	49	7	23	35	91	29	31	77	42	24	2	38	30	10	1	24	25	9	0	20	49	21	1	43
chr9	64003141	64003486	346	7	0	346	238	108	44	9	23	27	8	4	5	12	18	2	10	7	34	5	6	22	5	5	0	10	7	8	1	13	5	8	2	7	12	8	3	14
chr9	64003525	64003670	146	7	0	146	99	47	25	7	8	6	4	7	2	5	8	2	2	4	9	1	5	3	5	4	0	8	5	2	0	2	2	0	0	2	6	3	2	5
chr9	64003720	64003853	134	7	0	134	64	70	10	4	5	2	4	6	8	3	2	3	4	4	4	2	1	1	4	6	1	4	9	5	2	8	2	10	2	3	6	3	1	3
chr9	64003863	64003987	125	7	0	125	62	63	7	2	2	5	3	4	7	1	3	0	8	5	3	6	4	1	1	5	2	4	5	3	2	8	5	5	1	5	4	5	3	4
chr9	64004044	64004123	80	7	0	80	62	18	25	4	5	3	2	1	1	1	3	0	1	3	6	2	1	3	2	2	0	3	1	1	0	2	0	0	0	0	2	1	0	3
chr9	64004200	64004622	423	7	0	423	306	117	50	14	16	37	14	10	5	20	19	3	8	18	35	5	13	37	16	7	0	9	10	4	1	8	6	3	0	5	18	9	1	20
chr9	64004698	64004908	211	7	0	211	138	73	30	7	9	13	9	4	11	3	9	6	0	3	12	6	6	8	8	6	1	8	6	4	0	8	5	4	1	4	8	4	0	6
chr9	64004950	64005001	52	7	0	52	24	28	1	0	3	0	2	3	3	2	0	4	2	2	1	0	1	0	3	2	0	1	3	3	0	1	2	0	0	4	2	2	0	3
chr9	64005023	64005073	51	7	0	51	29	22	1	1	3	1	3	2	3	2	0	1	1	2	2	2	1	3	3	0	0	2	1	1	0	1	3	2	0	3	3	0	0	2
chr9	64005074	64005115	42	8	0	42	29	13	9	2	0	3	2	0	1	1	2	0	0	2	1	1	2	2	0	2	0	0	2	1	0	2	0	0	0	0	2	2	0	1
chr9	64005146	64006655	1510	8	0	1510	979	531	166	52	60	103	74	30	39	57	66	21	49	32	76	43	40	69	65	26	2	53	46	42	3	44	29	27	0	26	60	40	3	65
chr9	64006669	64006782	114	8	0	114	80	34	11	9	8	7	8	0	1	5	8	0	2	2	7	2	1	8	5	3	0	3	3	2	0	2	0	0	0	3	6	2	0	4
chr9	64006786	64006844	59	8	0	59	40	19	5	2	5	2	1	1	2	2	4	0	1	1	3	1	4	4	1	0	0	3	0	0	0	1	4	1	0	3	1	0	0	5
chr9	64007009	64007223	215	8	0	215	153	62	30	5	14	17	9	2	4	9	13	4	1	6	14	8	6	10	8	4	1	6	3	1	0	6	4	2	0	2	10	2	1	11
chr9	64007267	64007324	58	8	0	58	46	12	18	1	2	5	1	0	2	1	4	0	2	1	4	1	1	1	0	0	0	2	0	0	0	1	1	1	0	0	3	0	0	4
chr9	64007449	64007862	414	8	0	414	275	139	40	14	20	31	24	6	12	15	22	9	11	9	19	12	11	19	18	5	0	18	10	5	1	9	11	3	0	8	18	12	1	19
chr9	64007901	64008161	261	8	0	261	165	96	19	11	18	13	13	9	6	6	13	2	7	6	16	4	12	9	10	2	1	13	6	0	0	10	5	8	1	12	13	6	0	8
chr9	64008170	64008459	290	8	0	290	176	114	14	12	21	8	11	5	9	12	17	1	10	10	12	7	17	8	10	6	0	9	7	3	0	10	8	4	0	18	12	7	0	20
chr9	64008484	64008709	226	8	0	226	118	108	15	4	4	12	8	8	13	5	3	4	14	4	9	3	3	7	5	7	0	7	16	7	1	10	6	12	2	10	7	8	3	7
chr9	64008831	64009344	514	8	0	514	322	192	36	11	27	30	19	9	19	24	19	9	13	23	29	8	22	23	16	7	1	13	15	4	0	18	15	15	1	23	25	11	0	27
chr9	64009360	64009756	397	8	0	397	248	149	25	15	21	22	16	8	14	20	27	11	15	16	15	4	7	12	12	4	4	18	10	7	1	10	6	1	0	5	28	16	1	24
chr9	64009799	64009946	148	8	0	148	88	60	8	5	6	8	9	3	5	6	4	3	3	5	7	4	5	5	2	7	0	6	6	6	0	4	7	2	1	4	8	1	1	5
chr9	64009996	64010071	76	8	0	76	58	18	9	2	1	6	1	2	2	3	1	2	0	0	8	6	5	9	8	1	0	3	0	0	0	1	0	0	0	1	0	0	0	3
chr9	64010073	64010135	63	8	0	63	42	21	22	0	1	1	0	1	3	4	1	2	2	1	2	0	0	0	1	1	0	1	3	2	0	1	3	1	0	2	2	2	0	2
chr9	64010182	64010552	371	8	0	371	209	162	19	9	13	16	15	16	20	11	11	5	9	11	12	13	11	18	19	8	1	15	14	13	3	11	12	11	2	15	16	8	0	12
chr9	64010650	64010787	138	8	0	138	67	71	7	4	3	5	4	3	7	5	5	1	6	3	2	2	7	1	2	4	1	4	9	4	1	7	2	8	5	9	6	5	1	3
chr9	64010902	64011211	310	8	0	310	235	75	55	13	19	23	15	2	5	8	16	1	4	8	23	9	9	23	13	2	1	10	3	1	0	2	4	2	0	8	10	1	1	17
chr9	64011245	64011322	78	8	0	78	47	31	4	2	3	2	2	0	3	5	2	4	0	4	3	2	4	7	1	3	0	4	3	1	0	4	1	2	0	0	5	3	0	2
chr9	64011374	64011837	464	8	0	464	313	151	39	16	22	30	19	8	15	16	14	8	8	17	35	22	14	29	19	12	0	23	13	11	0	7	8	2	1	7	18	6	1	22
chr9	64011865	64011916	52	8	0	52	35	17	4	2	2	4	2	0	1	2	2	1	2	2	4	2	1	3	2	2	0	1	1	1	0	3	0	0	0	0	2	2	0	2
chr9	64198501	64200392	1892	9	0	1892	1203	689	224	72	87	82	73	70	73	73	123	18	68	61	45	24	42	66	88	22	3	71	50	23	2	44	50	21	2	43	101	53	3	113
chr9	64315968	64317428	1461	9	0	1461	977	484	162	47	52	105	65	31	48	65	54	23	39	39	85	38	30	93	66	28	4	41	39	19	1	39	42	20	0	30	62	31	1	60
chr9	64317429	64317456	28	8	0	28	17	11	2	0	2	1	1	1	0	0	0	0	0	2	2	0	3	3	0	0	0	0	0	1	0	2	1	2	0	1	0	0	0	2
chr9	64317457	64327081	9625	9	0	9625	6479	3146	975	318	359	700	397	212	233	432	398	136	218	286	583	299	304	628	462	169	35	298	240	135	32	224	196	121	28	167	376	206	31	425
chr9	64327082	64342115	15034	10	0	15034	10154	4880	1532	447	651	1142	633	305	386	630	662	226	349	418	944	411	437	980	602	271	49	467	391	201	20	361	360	182	21	299	600	319	40	696
chr9	64342116	64342213	98	10	0	98	60	38	6	4	3	5	4	0	5	6	3	1	2	6	5	1	3	5	1	2	0	4	5	1	0	4	3	4	0	1	6	3	0	3
chr9	64342214	64342250	37	10	0	37	22	15	3	2	2	1	2	3	0	2	2	0	0	1	1	1	0	2	2	3	0	0	3	0	0	1	1	0	0	1	1	1	0	0
chr9	64342251	64342302	52	10	0	52	35	17	9	2	6	0	3	0	0	0	4	1	2	0	1	1	3	1	2	0	0	3	0	1	0	2	0	0	0	2	1	2	0	4
chr9	64342305	64342474	170	10	0	170	118	52	11	7	10	9	5	4	4	10	6	3	1	2	15	7	5	17	8	4	0	9	4	0	0	4	5	2	0	3	7	2	0	4
chr9	64342475	64342491	17	10	0	17	10	7	2	1	0	0	1	2	1	1	0	0	0	1	0	0	0	0	3	0	0	1	0	0	0	0	2	0	0	0	0	0	0	0
chr9	64342492	64342615	124	10	0	124	65	59	10	1	3	4	6	7	9	4	0	4	5	4	2	2	2	0	6	5	0	3	7	0	1	1	9	4	1	8	5	0	2	7
chr9	64342620	64342723	104	10	0	104	36	68	0	0	5	0	0	2	9	2	4	2	10	0	1	1	0	0	1	2	2	0	5	1	4	7	7	7	4	10	0	8	2	6
chr9	64342724	64342910	187	10	0	187	78	109	6	6	3	2	4	8	12	2	4	5	10	0	3	4	9	0	6	11	2	3	10	8	4	12	6	6	6	14	4	9	1	5
chr9	64342911	64343000	90	10	0	90	55	35	6	3	3	3	2	0	4	3	3	2	4	5	3	4	4	5	2	1	1	5	3	0	1	4	0	2	0	1	4	5	0	5
chr9	64343001	64347011	4011	10	0	4011	2444	1567	453	118	180	197	159	97	96	149	208	60	134	112	128	92	106	154	140	105	28	94	128	145	30	133	95	48	30	75	138	138	26	213
chr9	64347012	64347284	273	10	0	273	136	137	28	5	4	7	6	13	10	4	5	7	19	8	5	3	5	5	6	9	4	9	10	6	14	10	6	12	3	9	11	13	5	10
chr9	64347285	64347503	219	10	0	219	125	94	10	12	2	7	9	12	13	8	5	7	6	9	7	7	6	4	21	4	2	11	6	2	2	4	6	3	2	3	9	5	4	9
chr9	64347505	64347575	71	10	0	71	47	24	4	1	3	6	3	1	3	1	0	2	2	1	6	1	3	8	3	1	0	2	0	1	0	4	5	1	0	2	0	2	0	3
chr9	64347577	64347613	37	10	0	37	22	15	1	4	2	0	2	2	1	2	0	0	0	0	3	1	0	2	2	1	1	3	1	0	1	0	4	1	0	1	0	0	0	0
chr9	64347615	64347842	228	10	0	228	158	70	27	5	12	15	7	3	6	7	8	6	6	6	18	6	6	18	10	2	1	7	4	2	1	7	2	3	0	5	8	7	0	11
chr9	64347844	64347898	55	10	0	55	42	13	13	2	1	4	3	0	2	2	0	0	0	3	4	4	1	3	3	0	0	3	1	0	0	0	1	1	0	0	1	0	0	1
chr9	64347899	64348094	196	10	0	196	133	63	33	9	15	7	7	3	5	4	15	2	7	3	10	4	4	4	10	4	0	4	4	1	0	8	1	2	0	1	4	6	0	17
chr9	64348095	64348206	112	10	0	112	56	56	6	5	6	2	5	2	6	0	3	2	9	1	5	2	1	0	0	5	0	6	3	2	3	7	2	4	1	7	7	4	2	2
chr9	64348207	64348224	18	10	0	18	6	12	0	0	0	0	0	3	1	0	0	0	2	0	0	0	0	0	0	1	0	2	1	0	0	0	3	0	1	0	0	1	0	1
chr9	64348225	64348460	236	10	0	236	162	74	22	2	8	22	7	9	3	11	7	3	8	7	18	11	5	18	13	5	3	4	5	4	0	6	2	1	1	4	10	5	0	10
chr9	64348461	64348871	411	10	0	411	262	149	48	17	16	21	18	12	14	10	15	4	8	14	21	11	13	19	23	6	5	11	8	9	2	11	10	8	4	10	13	7	3	18
chr9	64348881	64349452	572	10	0	572	380	192	51	18	24	41	27	18	15	24	14	6	15	19	42	25	15	24	36	9	2	21	17	5	0	14	9	9	0	16	23	13	0	18
chr9	64349454	64349533	80	10	0	80	55	25	4	4	2	7	2	0	4	2	4	0	1	4	8	3	4	5	2	2	0	3	3	1	0	2	1	0	0	1	2	3	0	4
chr9	64349534	64350056	523	10	0	523	354	169	63	12	22	42	14	9	16	21	26	7	14	16	36	15	18	21	17	7	5	14	11	3	1	14	9	8	2	15	23	11	2	27
chr9	64350058	64350099	42	10	0	42	28	14	5	1	3	1	0	1	1	2	1	1	1	0	5	2	2	1	0	1	0	4	0	0	0	1	1	1	0	2	3	0	0	0
chr9	64350104	64350575	472	10	0	472	271	201	24	16	17	22	14	12	23	17	18	10	14	13	24	12	17	16	17	16	2	15	18	13	5	20	11	13	0	16	20	14	1	20
chr9	64350577	64350595	19	10	0	19	11	8	3	1	0	1	2	1	0	0	0	0	2	0	0	0	0	0	1	0	0	0	0	1	0	1	1	1	0	0	1	0	0	1
chr9	64350597	64351064	468	10	0	468	291	177	29	22	16	30	24	9	20	14	24	7	12	15	21	13	17	17	21	10	3	17	18	10	1	12	8	7	0	11	20	14	0	24
chr9	64351066	64351143	78	10	0	78	54	24	9	3	5	6	2	0	1	5	4	2	3	2	8	0	1	1	2	1	0	2	1	1	0	4	1	1	0	0	4	3	0	4
chr9	64351145	64351306	162	10	0	162	99	63	15	10	12	5	7	5	5	6	14	3	5	2	6	2	0	0	8	2	2	8	2	1	3	5	4	0	1	3	9	8	0	7
chr9	64351308	64351336	29	10	0	29	18	11	1	2	0	2	2	0	1	3	1	0	0	1	1	2	1	0	2	0	0	2	1	1	0	0	1	0	0	0	2	1	0	0
chr9	64351338	64351470	133	10	0	133	87	46	13	5	4	6	4	5	1	10	5	1	1	2	7	6	3	12	13	3	0	2	0	6	3	2	3	1	1	3	4	1	2	2
chr9	64351471	64351480	10	10	0	10	5	5	1	1	0	0	0	0	1	0	1	0	1	0	0	0	0	0	0	0	0	0	1	0	0	0	0	0	0	0	0	0	0	2
chr9	64351481	64351747	267	10	0	267	170	97	25	11	13	15	13	3	8	9	11	4	8	3	15	8	7	15	8	6	1	11	9	8	0	8	8	3	1	8	9	8	0	9
chr9	64351749	64351795	47	10	0	47	29	18	0	0	2	4	2	1	3	1	2	1	2	3	2	1	1	4	0	1	0	1	2	0	0	0	1	1	0	2	4	0	0	4
chr9	64351797	64351855	59	10	0	59	40	19	4	2	4	3	2	3	1	1	3	2	1	1	4	0	2	6	1	3	0	2	1	0	0	2	0	0	0	2	5	0	0	2
chr9	64351860	64352074	215	10	0	215	142	73	17	10	14	9	9	4	5	9	7	4	1	6	18	10	8	10	13	8	0	6	6	3	0	8	2	2	0	6	6	4	0	8
chr9	64352076	64352119	44	10	0	44	32	12	7	0	4	3	1	0	0	3	2	1	2	1	3	1	0	2	0	1	0	1	0	0	0	2	2	0	0	0	2	1	0	3
chr9	64352121	64352447	327	10	0	327	211	116	24	6	11	32	15	7	11	14	15	8	5	12	19	9	6	16	12	7	5	7	10	6	1	9	6	5	1	6	19	9	1	11
chr9	64352449	64352512	64	10	0	64	36	28	7	0	0	4	1	1	4	2	0	1	2	1	3	4	4	1	2	1	0	2	4	1	0	3	2	4	0	4	0	2	0	2
chr9	64352514	64353360	847	10	0	847	556	291	94	29	43	42	31	14	24	25	31	20	27	13	53	35	38	36	34	18	3	43	19	9	2	25	18	10	0	18	23	19	3	46
chr9	64353362	64353433	72	10	0	72	38	34	4	2	4	3	3	6	3	1	3	1	2	0	2	1	1	0	4	5	0	1	6	2	0	2	2	2	0	4	2	1	0	3
chr9	64353435	64355426	1992	10	0	1992	1314	678	206	69	96	114	71	45	66	64	98	33	49	56	109	60	73	104	83	34	11	79	47	15	5	51	44	23	8	41	71	46	6	113
chr9	64355427	64355441	15	10	0	15	9	6	0	0	1	0	0	0	0	1	0	0	0	3	0	0	1	1	0	0	0	0	1	0	0	0	0	0	0	2	0	1	2	0
chr9	64355442	64356270	829	10	0	829	560	269	105	32	49	50	35	22	17	24	39	13	18	20	57	18	23	36	30	18	4	33	22	8	3	20	14	9	3	14	33	18	0	40
chr9	64356271	64356284	14	10	0	14	9	5	3	0	1	0	0	0	0	1	1	0	2	1	0	0	0	0	0	0	0	0	0	0	0	0	0	0	0	0	1	0	0	2
chr9	64356285	64356352	68	10	0	68	36	32	5	2	1	1	1	0	4	8	2	1	1	3	1	3	2	0	3	1	0	2	3	2	1	2	3	4	1	2	3	1	0	3
chr9	64356354	64356383	30	10	0	30	17	13	0	2	0	1	2	0	3	0	0	0	1	1	1	2	1	2	2	1	0	1	1	0	0	1	2	0	0	2	0	1	0	1
chr9	64356385	64356859	475	10	0	475	292	183	36	15	19	24	16	14	17	25	26	6	13	12	16	15	18	19	19	13	2	17	17	5	3	13	16	6	1	13	20	13	0	24
chr9	64356860	64359279	2420	10	0	2420	1567	853	235	84	119	141	97	53	90	86	108	41	55	65	138	82	56	116	109	38	8	105	65	44	6	66	54	35	3	50	98	63	9	99
chr9	64359280	64359413	134	10	0	134	53	81	1	3	1	2	2	6	10	1	3	2	13	5	1	2	1	0	1	4	2	6	5	6	3	9	5	6	4	5	8	7	3	5
chr9	64359414	64359423	10	10	0	10	2	8	0	0	0	0	0	2	0	0	0	0	0	0	0	0	0	0	0	1	1	0	2	0	0	0	0	1	1	0	0	0	0	0
chr9	64359424	64359794	371	10	0	371	225	146	49	14	14	13	12	9	18	11	14	5	11	8	15	9	10	12	13	13	1	10	14	5	1	17	9	12	1	10	14	6	3	16
chr9	64359796	64359859	64	10	0	64	28	36	0	1	2	0	2	5	5	0	1	2	5	2	0	0	2	0	1	2	1	4	2	0	1	2	6	3	0	3	3	0	2	5
chr9	64359861	64360055	195	10	0	195	97	98	10	4	3	6	7	8	11	7	3	4	8	9	3	4	5	4	7	11	0	2	16	7	1	12	3	7	0	6	7	10	1	7
chr9	64360057	64360086	30	10	0	30	13	17	1	0	2	1	2	1	0	1	1	0	3	0	0	0	0	0	0	1	0	0	3	1	0	2	2	2	0	1	0	2	0	2
chr9	64360088	64360160	73	10	0	73	48	25	4	2	1	6	2	3	1	3	4	0	1	5	3	1	4	6	0	1	2	3	5	1	0	0	1	1	0	0	4	3	0	4
chr9	64360161	64360178	18	10	0	18	11	7	0	1	1	2	0	0	0	1	2	0	0	1	1	0	1	0	0	0	0	1	0	2	0	1	0	0	0	0	1	1	0	0
chr9	64360179	64360401	223	10	0	223	132	91	25	8	7	9	12	6	11	8	9	1	9	10	3	6	4	3	6	4	0	11	11	4	0	4	10	5	0	5	10	7	2	11
chr9	64360407	64360629	223	10	0	223	139	84	11	8	7	12	9	4	6	11	10	6	10	10	8	8	8	9	7	8	2	9	7	2	3	4	2	0	1	3	14	6	0	16
chr9	64360630	64361402	773	9	0	773	463	310	65	24	23	43	30	22	42	25	24	10	19	15	37	27	11	45	36	24	1	21	38	20	3	26	21	25	2	24	24	18	2	24
chr9	64361403	64361461	59	9	0	59	24	35	0	0	1	3	0	4	4	0	1	0	3	1	2	1	3	0	1	3	0	1	4	3	2	3	2	4	1	5	1	2	1	1
chr9	64361463	64361569	107	9	0	107	59	48	17	3	0	4	5	7	5	1	3	1	6	4	0	0	1	1	3	5	0	3	5	2	2	4	5	3	1	1	5	3	1	4
chr9	64361570	64362074	505	9	0	505	239	266	25	13	17	10	19	29	27	13	15	8	32	9	6	6	6	4	15	21	3	17	27	24	3	26	26	18	5	15	19	18	3	24
chr9	64362075	64362112	38	9	0	38	26	12	1	1	1	2	0	1	1	1	1	0	1	3	3	2	3	4	0	0	0	4	1	0	0	0	0	0	0	0	2	2	0	2
chr9	64362114	64362228	115	9	0	115	70	45	11	5	3	7	3	3	5	2	9	1	4	6	3	0	4	3	1	1	1	6	4	3	2	2	1	2	0	1	6	5	1	8
chr9	64362234	64362695	462	9	0	462	259	203	24	17	13	17	17	20	21	18	17	12	20	17	13	13	14	6	21	14	2	25	22	11	2	16	13	3	1	5	20	22	3	21
chr9	64362697	64362739	43	9	0	43	20	23	0	0	0	2	3	2	2	2	0	2	4	0	0	1	1	0	1	1	0	3	3	2	0	2	3	1	0	0	2	3	0	1
chr9	64362741	64362851	111	9	0	111	61	50	9	8	2	3	6	1	7	6	5	4	2	1	2	2	2	0	6	6	0	3	5	5	2	1	4	0	0	4	5	2	2	4
chr9	64362856	64362890	35	9	0	35	24	11	11	0	0	0	0	0	3	0	1	2	2	1	0	1	0	1	1	1	0	1	0	1	0	1	0	0	0	0	2	0	0	4
chr9	64362892	64363551	660	9	0	660	345	315	49	12	16	18	16	29	36	21	14	10	37	19	18	12	22	14	19	18	4	22	29	23	6	26	23	27	5	33	31	16	3	30
chr9	64363555	64363705	151	9	0	151	73	78	3	6	7	4	7	5	7	5	7	3	7	2	3	1	2	3	7	6	1	1	5	6	2	10	8	4	3	5	4	6	2	7
chr9	64363707	64364074	368	9	0	368	207	161	20	10	21	13	15	14	15	12	15	11	10	12	13	3	11	11	11	13	2	12	18	8	1	14	8	13	0	12	19	7	3	19
chr9	64364076	64364097	22	9	0	22	17	5	7	1	2	0	1	1	0	0	3	0	0	0	0	0	0	0	2	0	0	0	0	0	0	0	0	0	0	0	1	0	0	2
chr9	64364101	64364561	461	9	0	461	237	224	25	13	17	16	22	15	25	13	13	9	21	12	11	7	9	9	17	14	1	11	22	22	5	17	19	16	1	22	17	13	3	22
chr9	64364563	64365523	961	9	0	961	500	461	46	18	46	31	34	31	47	27	35	21	44	21	26	19	30	23	32	24	5	28	40	40	2	55	33	37	4	38	34	37	5	46
chr9	64365530	64365745	216	9	0	216	118	98	11	7	8	8	10	9	9	7	8	4	10	10	6	3	4	3	6	10	2	5	14	6	1	6	5	5	0	6	10	6	1	14
chr9	64365747	64365847	101	9	0	101	55	46	4	1	6	2	0	5	6	5	2	3	0	4	6	2	3	5	3	1	1	5	4	2	1	3	6	5	1	4	3	2	1	3
chr9	64365848	64366052	205	9	0	205	114	91	10	6	3	10	9	5	10	7	4	6	11	7	7	3	4	10	7	7	0	6	13	8	0	8	7	6	0	1	5	8	2	13
chr9	64366054	64366085	32	9	0	32	16	16	1	1	3	0	3	0	0	1	1	0	2	0	0	1	2	1	1	0	0	0	1	1	0	2	2	2	0	2	0	1	0	2
chr9	64366087	64366563	477	9	0	477	263	214	47	7	14	21	13	21	27	13	15	10	24	11	12	10	7	9	17	13	2	16	22	11	4	17	17	18	0	17	18	12	8	22
chr9	64366564	64367522	959	9	0	959	578	381	77	30	36	51	36	29	40	36	41	17	29	26	40	23	23	43	36	24	4	35	42	21	4	28	23	24	1	26	40	26	7	39
chr9	64367524	64367561	38	9	0	38	32	6	4	0	0	8	2	0	0	2	2	1	0	1	4	1	0	5	1	0	0	1	0	0	0	0	0	0	0	0	4	0	0	0
chr9	64367563	64368040	478	9	0	478	263	215	38	14	14	18	17	15	21	19	18	8	14	9	11	10	12	24	20	9	4	14	17	15	8	17	19	21	7	14	16	12	5	16
chr9	64368042	64368070	29	9	0	29	8	21	0	1	0	0	1	3	0	0	0	1	1	0	0	0	0	0	0	3	2	0	3	2	2	0	1	2	2	1	1	1	0	0
chr9	64368072	64368547	476	9	0	476	169	307	8	16	11	0	13	19	37	6	11	12	15	5	3	6	6	1	7	21	7	18	28	33	22	20	29	34	26	17	10	15	4	14
chr9	64368556	64369269	714	9	0	714	236	478	6	6	16	2	14	29	60	9	10	16	34	22	0	5	6	1	13	17	9	17	40	40	34	42	38	67	41	36	20	33	8	21
chr9	64369271	64369300	30	9	0	30	6	24	0	0	0	0	0	1	4	0	0	0	1	0	0	0	0	0	0	1	0	0	2	2	0	1	3	3	6	4	0	0	0	0
chr9	64369302	64369830	529	9	0	529	188	341	8	10	13	8	15	16	26	2	14	17	24	13	2	3	8	9	7	21	9	9	23	40	37	18	18	31	31	27	11	26	15	16
chr9	64369832	64369894	63	9	0	63	19	44	0	1	1	0	1	1	6	0	1	2	3	0	0	1	1	0	2	1	1	1	3	4	2	3	3	4	7	6	1	4	0	1
chr9	64369896	64370254	359	9	0	359	192	167	23	15	8	13	9	9	12	6	9	3	18	4	18	8	4	32	8	6	9	12	10	24	12	11	7	15	7	11	11	13	2	8
chr9	64370258	64370320	63	9	0	63	52	11	20	1	2	5	0	0	1	4	6	0	0	1	2	1	1	6	1	0	0	1	0	1	0	1	0	0	0	0	4	1	0	2
chr9	64370321	64370479	159	9	0	159	73	86	6	2	5	7	10	4	11	3	3	3	7	2	1	3	3	2	3	5	0	4	9	4	3	9	13	11	1	9	3	5	2	4
chr9	64370480	64373926	3447	9	0	3447	2292	1155	342	106	144	228	138	74	100	142	126	42	84	87	213	122	90	253	141	61	14	127	94	37	10	93	92	56	14	76	127	80	10	122
chr9	64373927	64373937	11	10	0	11	10	1	0	0	1	2	0	0	0	0	1	0	0	0	4	0	0	0	0	0	0	0	0	0	0	0	0	0	0	0	0	0	0	1
chr9	64373938	64374177	240	9	0	240	151	89	26	9	13	13	10	3	9	8	12	2	7	7	13	3	4	10	10	1	0	6	4	8	2	9	9	4	0	7	8	10	0	11
chr9	64374178	64374193	16	10	0	16	14	2	9	1	1	0	1	0	0	0	0	0	0	0	1	0	0	0	1	0	0	0	0	0	0	0	0	0	0	0	0	0	0	0
chr9	64374194	64374919	726	9	0	726	443	283	58	26	33	40	35	26	28	16	29	16	29	17	35	10	24	19	33	14	3	28	24	11	0	25	16	15	0	23	32	20	1	38
chr9	64374922	64375362	441	9	0	441	283	158	35	12	22	29	22	12	13	18	26	8	14	14	15	9	11	23	18	9	1	13	12	8	0	11	8	6	1	7	27	7	0	28
chr9	64375363	64375396	34	9	0	34	27	7	10	3	1	2	2	0	0	0	1	0	0	1	2	0	3	1	0	0	0	3	0	0	0	1	0	0	0	0	1	1	0	0
chr9	64375398	64376377	980	9	0	980	674	306	92	38	43	65	38	16	28	34	42	13	21	20	67	29	32	94	38	17	1	40	24	11	0	27	25	13	1	13	29	21	2	44
chr9	64376379	64376426	48	9	0	48	34	14	4	2	2	3	1	0	1	3	3	0	1	3	3	1	1	5	1	0	0	2	2	0	0	0	0	1	0	1	3	1	0	2
chr9	64376428	64377320	893	9	0	893	588	305	88	21	43	68	36	20	26	28	31	15	26	26	65	28	23	44	29	18	0	37	32	17	3	18	19	12	1	20	30	24	0	43
chr9	64377322	64377361	40	9	0	40	18	22	2	2	2	0	4	1	2	0	0	1	3	0	0	0	0	0	3	1	0	0	0	2	0	3	5	1	0	2	0	2	0	2
chr9	64377363	64377419	57	9	0	57	34	23	5	0	5	2	0	2	3	2	6	1	3	1	1	1	0	0	1	0	0	3	0	1	0	3	2	0	0	2	4	3	0	4
chr9	64377421	64377448	28	9	0	28	19	9	1	2	2	1	3	0	0	2	2	0	0	1	0	1	0	2	2	0	0	1	0	0	0	1	1	0	0	1	2	1	0	0
chr9	64377450	64377505	56	9	0	56	44	12	9	2	1	9	2	1	2	1	5	0	2	1	4	1	0	3	2	0	0	2	0	0	0	0	0	0	0	0	4	0	0	3
chr9	64377507	64377760	254	9	0	254	176	78	30	6	10	22	9	6	7	8	12	5	5	4	17	6	7	22	5	7	2	8	6	2	2	4	7	3	0	4	12	2	0	12
chr9	64377766	64378216	451	9	0	451	267	184	38	9	14	22	16	14	21	14	9	7	20	17	18	14	11	21	13	12	2	17	22	8	1	14	15	11	2	14	15	14	3	21
chr9	64378218	64378264	47	9	0	47	34	13	4	1	2	4	1	2	0	3	0	3	0	0	4	1	4	3	2	0	0	5	1	0	0	0	1	0	0	1	2	1	0	0
chr9	64378266	64379141	876	9	0	876	564	312	86	31	51	37	41	14	21	33	29	22	21	30	49	19	38	40	33	14	2	37	19	16	2	23	23	11	4	26	34	19	4	45
chr9	64379142	64380380	1239	9	0	1239	720	519	74	36	58	59	61	29	51	44	49	27	42	34	43	24	40	49	47	24	3	40	44	28	5	54	36	37	1	46	58	42	1	51
chr9	64380382	64380402	21	9	0	21	17	4	1	0	0	5	3	1	0	0	1	0	0	1	1	0	0	3	1	0	0	0	0	0	0	0	0	0	0	0	2	0	0	0
chr9	64380404	64382066	1663	9	0	1663	1137	526	157	63	75	127	78	32	46	65	73	24	40	40	113	57	44	102	83	31	0	62	40	16	1	38	26	10	1	40	72	38	2	65
chr9	64382068	64382088	21	9	0	21	15	6	0	0	0	2	0	0	2	1	0	0	0	0	2	1	0	5	1	0	0	1	0	0	0	0	3	0	0	1	0	0	0	0
chr9	64382093	64383669	1577	9	0	1577	980	597	119	47	62	91	69	54	65	57	67	29	46	45	64	39	46	79	77	29	5	58	38	18	7	53	55	27	2	40	75	42	2	68
chr9	64383671	64383694	24	9	0	24	16	8	1	0	2	2	3	0	0	0	1	1	1	2	0	0	0	2	0	0	0	1	1	0	0	0	0	0	0	0	2	1	0	2
chr9	64383696	64386212	2517	9	0	2517	1586	931	207	84	89	156	97	67	98	106	88	43	80	69	144	68	59	131	112	56	8	86	79	41	8	81	70	52	2	54	105	60	10	105
chr9	64386214	64386713	500	9	0	500	285	215	31	13	24	13	17	20	20	19	25	10	17	13	8	16	17	21	24	18	0	17	14	14	3	25	15	5	0	14	22	19	1	23
chr9	64386714	64387749	1036	9	0	1036	630	406	73	37	43	52	46	36	41	41	38	15	27	24	49	35	29	43	53	31	4	35	37	24	1	29	37	12	4	35	37	24	1	41
chr9	64387750	64387774	25	10	0	25	17	8	5	6	0	0	6	0	0	0	0	0	0	0	0	0	0	0	5	0	0	0	1	0	0	0	0	0	0	0	0	0	0	0
chr9	64387775	64388091	317	9	0	317	209	108	32	9	15	18	10	6	11	15	12	3	8	14	20	9	10	15	12	4	0	11	7	4	0	11	13	3	0	6	10	11	0	16
chr9	64388096	64390584	2489	9	0	2489	1557	932	196	69	112	145	96	45	96	84	104	62	72	84	126	55	96	113	93	44	5	89	77	51	5	88	50	45	2	61	101	81	2	138
chr9	64390585	64390622	38	9	0	38	25	13	2	1	1	2	1	0	1	1	2	1	0	2	1	0	3	6	0	2	0	0	1	1	0	2	1	0	0	1	1	1	0	2
chr9	64390624	64391354	731	9	0	731	495	236	93	23	28	51	35	20	19	27	29	9	16	21	40	25	18	39	27	13	5	32	23	6	1	12	19	5	2	16	32	18	4	21
chr9	64391355	64391686	332	9	0	332	218	114	30	12	11	26	17	10	11	11	14	4	9	7	18	10	7	20	16	8	1	11	12	4	0	8	11	4	0	5	10	8	1	14
chr9	64391688	64391734	47	9	0	47	36	11	7	1	1	6	2	1	1	2	1	1	0	0	5	2	1	4	2	1	0	2	1	0	0	1	0	0	0	0	3	0	0	0
chr9	64391736	64391882	147	9	0	147	80	67	21	10	1	1	9	5	8	0	2	4	7	5	2	2	2	0	6	9	2	3	8	2	2	8	1	5	0	2	7	4	2	5
chr9	64391888	64393818	1931	9	0	1931	1180	751	125	64	55	110	70	64	67	102	62	36	57	53	98	54	55	107	95	53	10	60	80	41	6	56	51	35	7	48	77	54	7	70
chr9	64393823	64395003	1181	9	0	1181	665	516	79	30	49	51	53	38	49	44	35	20	50	39	42	25	22	38	40	30	4	39	48	37	8	45	38	39	8	35	57	32	4	51
chr9	64395004	64395015	12	10	0	12	6	6	0	1	0	0	2	1	0	0	0	0	0	0	0	0	0	0	2	0	0	0	1	1	0	0	1	1	0	0	0	0	0	0
chr9	64395016	64395114	99	9	0	99	39	60	0	1	2	2	2	4	7	2	3	1	8	1	0	3	2	1	1	4	0	4	5	3	4	6	5	4	2	7	4	7	0	2
chr9	64395121	64395197	77	9	0	77	50	27	16	3	2	3	4	0	2	4	4	4	5	1	0	0	0	2	4	0	1	2	1	0	1	0	0	0	1	2	5	2	1	5
chr9	64395198	64395226	29	10	0	29	21	8	4	0	3	1	0	1	0	0	2	1	0	0	3	0	3	1	1	0	0	1	0	0	0	1	0	0	0	2	0	1	0	2
chr9	64395227	64396866	1640	9	0	1640	1020	620	121	41	76	101	57	46	60	67	87	25	67	41	73	40	38	79	61	33	1	57	49	27	4	59	40	23	1	44	79	56	4	81
chr9	64396867	64396878	12	10	0	12	7	5	2	0	0	0	0	0	0	1	0	1	0	0	1	0	0	1	0	1	0	0	1	0	1	0	0	0	0	0	0	1	0	0
chr9	64396879	64397061	183	9	0	183	106	77	9	3	6	7	7	9	4	13	6	1	9	10	3	6	9	4	8	2	0	8	4	4	0	7	5	3	0	8	16	5	0	5
chr9	64397063	64397109	47	9	0	47	26	21	1	2	1	1	2	3	4	1	3	3	1	1	0	1	0	1	4	1	0	3	1	1	0	2	0	0	0	0	5	2	0	1
chr9	64397111	64397962	852	9	0	852	556	296	77	24	29	66	32	15	26	52	42	10	21	22	44	28	18	48	38	13	6	20	20	10	2	32	26	15	0	19	41	26	4	24
chr9	64397964	64398016	53	9	0	53	37	16	8	1	2	4	1	0	3	2	4	1	0	1	2	2	1	5	1	1	0	2	0	1	0	2	1	0	0	1	4	1	0	0
chr9	64398018	64398035	18	9	0	18	12	6	2	0	0	2	1	1	0	0	1	1	2	0	0	0	0	0	0	0	0	2	0	0	0	0	0	0	0	0	2	0	0	2
chr9	64398037	64399083	1047	9	0	1047	706	341	108	38	48	62	41	35	31	50	48	17	23	31	58	26	25	63	53	20	0	43	26	8	1	19	22	10	0	20	56	16	1	46
chr9	64399085	64399256	172	9	0	172	114	58	20	9	10	9	9	7	4	2	7	6	3	2	12	3	2	9	15	4	2	4	1	2	4	3	0	0	0	3	5	4	0	9
chr9	64399257	64400191	935	9	0	935	602	333	76	27	34	62	36	24	37	34	33	15	31	28	54	33	27	50	40	22	1	36	21	14	2	27	26	15	0	21	45	13	5	44
chr9	64400196	64400411	216	9	0	216	141	75	19	8	14	11	7	5	5	7	13	3	7	5	13	6	9	8	8	3	1	10	5	2	0	5	3	2	1	6	7	5	2	14
chr9	64400414	64400432	19	9	0	19	12	7	2	0	1	1	2	1	0	1	0	1	0	0	0	2	0	0	2	1	0	1	1	0	0	0	0	0	0	0	1	0	0	0
chr9	64400433	64400836	404	9	0	404	270	134	40	15	14	37	24	6	8	18	16	3	7	4	26	16	11	25	20	10	2	7	12	7	1	13	15	7	1	7	8	9	0	13
chr9	64400837	64400848	12	10	0	12	4	8	0	0	0	0	0	1	0	0	0	1	2	0	0	0	0	0	1	1	0	0	0	1	0	1	0	0	0	0	0	1	0	1
chr9	64400849	64401577	729	9	0	729	428	301	46	22	21	39	23	24	34	33	24	11	25	22	35	17	20	30	27	19	3	25	27	19	4	21	27	16	5	26	34	17	2	29
chr9	64401578	64402807	1230	9	0	1230	731	499	88	41	49	61	51	29	63	46	42	18	48	33	58	31	19	52	50	25	3	41	44	29	2	48	48	34	2	32	47	35	1	58
chr9	64402809	64402825	17	9	0	17	11	6	1	0	2	0	2	0	0	0	0	1	0	0	1	2	1	0	1	0	0	2	0	0	0	1	0	0	0	0	1	0	0	0
chr9	64402827	64402913	87	9	0	87	50	37	8	0	6	3	2	7	5	2	6	3	3	1	0	0	2	0	8	1	0	2	2	0	0	3	2	1	0	5	4	3	0	6
chr9	64402915	64402947	33	9	0	33	21	12	3	3	3	0	3	0	1	0	2	1	2	0	1	1	0	0	3	0	0	2	1	0	0	0	0	0	0	0	0	1	0	4
chr9	64402951	64403138	188	9	0	188	95	93	6	5	7	3	8	8	9	4	3	5	11	6	4	4	5	5	5	10	0	8	11	6	0	11	5	5	0	6	8	7	4	7
chr9	64403143	64403374	232	9	0	232	153	79	26	7	9	19	10	6	7	8	8	2	3	5	18	7	7	10	10	2	0	10	7	9	0	4	8	5	1	4	6	4	1	7
chr9	64403375	64403504	130	9	0	130	89	41	16	9	2	9	11	5	4	4	5	2	2	3	4	3	1	7	11	4	0	4	4	2	0	2	0	1	0	1	9	1	0	2
chr9	64403506	64403534	29	9	0	29	17	12	1	2	1	1	3	1	0	1	1	1	1	0	1	0	1	0	2	1	0	1	2	2	0	0	0	0	0	0	1	1	0	2
chr9	64403536	64403751	216	9	0	216	158	58	22	11	12	17	10	1	5	6	15	2	5	4	17	4	8	17	7	2	0	9	4	0	0	2	1	2	0	5	10	2	0	14
chr9	64403753	64403800	48	9	0	48	32	16	6	1	5	2	1	2	1	3	5	0	0	0	0	1	0	3	1	2	0	1	1	0	0	2	2	1	0	1	3	0	0	2
chr9	64403802	64403895	94	9	0	94	65	29	14	5	6	4	6	0	1	4	3	4	0	1	5	2	4	5	4	3	0	4	2	1	0	2	2	0	0	2	3	2	0	3
chr9	64403897	64403931	35	9	0	35	31	4	8	1	0	5	0	0	0	2	0	0	1	0	6	0	1	5	1	0	0	0	0	0	0	0	0	0	0	2	1	0	0	0
chr9	64403933	64404210	278	9	0	278	193	85	11	14	13	23	10	3	6	11	12	4	8	6	29	9	12	20	9	6	0	15	7	2	0	6	3	4	0	3	12	3	0	15
chr9	64404212	64404318	107	9	0	107	63	44	8	6	2	5	5	6	7	3	4	4	2	3	4	1	0	1	8	4	1	4	3	1	1	2	4	1	0	1	7	1	2	4
chr9	64404320	64405043	724	9	0	724	500	224	78	25	30	58	28	18	19	24	26	8	10	21	59	23	27	45	30	12	2	30	20	9	0	15	17	10	0	13	23	14	0	28
chr9	64405045	64406026	982	9	0	982	632	350	92	32	38	62	36	20	42	48	50	17	21	30	46	24	24	48	41	19	2	31	35	16	0	22	25	15	3	23	45	23	1	49
chr9	64406028	64406825	798	9	0	798	529	269	70	34	35	52	38	15	20	43	38	14	20	21	45	20	23	40	39	12	6	26	24	8	0	11	18	10	1	21	35	13	3	41
chr9	64406826	64407341	516	9	0	516	343	173	57	19	20	34	23	12	15	23	26	4	14	16	25	14	14	25	17	13	2	17	19	6	0	9	14	6	0	10	23	9	0	28
chr9	64407342	64407484	143	9	0	143	86	57	13	2	10	3	1	2	8	4	8	3	5	4	6	8	4	4	7	2	0	6	3	3	0	8	1	4	0	3	4	5	0	10
chr9	64407485	64407499	15	10	0	15	7	8	0	1	0	0	0	1	1	1	0	1	0	0	1	0	0	1	2	0	0	0	0	0	0	1	1	1	0	0	0	1	0	0
chr9	64407500	64407608	109	9	0	109	72	37	19	1	4	7	3	2	5	3	5	0	4	3	4	1	2	7	2	1	0	1	6	2	0	1	4	3	0	5	1	3	0	8
chr9	64407617	64407674	58	9	0	58	41	17	9	1	1	6	3	0	2	2	4	1	2	3	2	0	1	3	2	0	0	0	0	1	0	1	1	0	0	1	4	1	2	3
chr9	64407675	64407689	15	10	0	15	12	3	0	0	2	1	0	0	0	1	0	0	0	1	2	1	0	3	0	0	0	1	0	0	0	0	0	0	0	0	0	0	0	1
chr9	64407690	64408032	343	9	0	343	247	96	47	10	21	27	13	6	11	8	17	1	2	12	27	10	5	28	10	5	2	10	5	4	0	8	8	2	0	10	15	6	0	11
chr9	64408033	64408081	49	9	0	49	37	12	20	7	0	0	8	0	0	0	0	0	1	0	0	0	0	0	5	2	0	0	2	1	0	0	0	0	0	0	1	0	0	0
chr9	64408082	64408098	17	8	0	17	10	7	1	1	1	0	1	0	0	1	1	0	3	0	0	0	0	0	0	0	0	1	1	0	0	0	0	0	0	0	0	1	0	3
chr9	64408100	64408170	71	8	0	71	33	38	0	3	2	2	4	3	5	1	3	0	5	3	0	0	0	0	1	3	0	2	4	2	0	3	4	2	1	5	5	2	1	3
chr9	64408172	64408297	126	8	0	126	70	56	11	2	2	6	2	3	5	6	3	4	5	2	5	4	7	2	4	2	1	6	5	3	2	4	3	5	0	6	5	4	3	2
chr9	64408299	64408343	45	8	0	45	18	27	2	2	1	0	1	3	3	0	1	0	3	0	1	1	0	0	2	2	0	1	3	3	1	3	2	3	0	1	0	2	1	1
chr9	64408345	64408487	143	8	0	143	88	55	10	3	2	13	5	4	6	2	3	2	2	2	10	4	6	13	4	4	1	4	5	3	2	7	4	7	1	4	4	3	0	1
chr9	64408488	64408498	11	9	0	11	9	2	3	0	0	1	0	0	1	0	1	0	0	1	0	0	0	0	0	0	0	0	0	0	0	0	0	0	0	0	1	0	0	1
chr9	64408499	64408707	209	8	0	209	144	65	22	7	8	18	9	6	6	7	7	2	4	4	17	7	5	15	10	2	0	10	4	3	0	6	5	3	0	3	9	4	0	4
chr9	64408709	64408738	30	8	0	30	19	11	3	2	0	1	0	2	2	1	2	0	0	1	1	0	2	1	3	1	0	1	1	0	0	1	0	0	0	0	1	1	0	1
chr9	64408740	64408899	160	8	0	160	125	35	9	6	7	18	2	7	1	9	8	1	0	1	20	4	2	28	12	2	0	4	1	2	0	2	2	0	0	0	4	1	0	5
chr9	64408904	64409189	286	8	0	286	202	84	32	8	9	23	9	8	10	10	9	6	7	13	22	8	9	17	12	5	0	13	3	1	0	7	5	1	0	2	17	4	0	14
chr9	64409191	64409215	25	8	0	25	19	6	2	1	0	1	1	1	0	0	0	1	1	0	2	1	3	3	1	0	0	3	0	0	0	0	0	0	0	0	1	0	0	1
chr9	64409217	64409338	122	8	0	122	88	34	14	3	8	11	4	1	4	5	12	0	2	3	5	3	3	9	2	0	0	5	1	0	0	2	5	0	0	1	6	3	0	8
chr9	64409344	64410369	1026	8	0	1026	745	281	119	40	43	86	41	16	27	32	47	12	18	36	81	28	30	88	41	13	2	40	17	6	0	17	18	3	2	9	40	18	2	52
chr9	64410371	64410455	85	8	0	85	59	26	9	3	4	5	4	5	1	2	2	0	0	4	6	4	3	7	5	3	0	3	2	2	0	1	2	0	0	0	3	0	0	3
chr9	64410457	64410547	91	8	0	91	65	26	13	3	5	12	6	0	3	2	6	0	2	1	8	1	0	3	3	0	0	1	2	1	0	2	2	1	0	3	3	2	0	4
chr9	64410549	64411702	1154	8	0	1154	762	392	119	43	73	57	44	28	38	45	75	16	34	32	54	29	27	48	51	11	8	45	20	1	5	22	26	11	1	32	58	25	2	72
chr9	64411704	64411750	47	8	0	47	35	12	5	1	5	2	2	0	0	0	4	0	0	2	2	3	3	4	0	0	0	4	0	0	0	1	0	0	0	0	2	1	0	4
chr9	64411752	64412033	282	8	0	282	184	98	25	10	11	17	9	5	10	18	10	2	4	11	17	13	10	10	14	3	0	13	12	6	0	3	8	4	0	8	8	8	0	11
chr9	64412040	64412528	489	8	0	489	353	136	56	14	19	44	14	12	10	22	21	8	7	10	41	18	19	36	29	7	2	15	5	2	1	9	6	4	0	10	18	4	3	21
chr9	64412530	64412565	36	8	0	36	24	12	6	1	1	1	0	2	0	2	0	1	0	0	4	2	1	1	1	2	2	1	1	0	0	2	1	1	0	0	1	0	0	0
chr9	64412567	64413044	478	8	0	478	308	170	36	16	14	37	22	9	17	15	19	5	18	13	27	17	15	27	19	7	1	19	13	7	0	20	6	10	0	12	25	16	1	13
chr9	64413045	64413236	192	8	0	192	140	52	16	6	6	22	5	7	6	9	10	0	3	6	19	6	2	15	11	3	0	5	3	1	0	4	4	2	0	0	9	2	0	8
chr9	64413239	64413545	307	8	0	307	211	96	28	12	11	25	13	9	8	11	13	8	5	7	22	9	7	21	15	3	8	12	8	0	0	5	1	4	1	6	17	6	1	9
chr9	64413547	64413571	25	8	0	25	21	4	6	0	1	3	1	1	0	1	1	1	0	0	1	0	0	3	1	0	0	1	0	0	0	0	0	0	0	0	2	0	0	0
chr9	64413573	64413700	128	8	0	128	93	35	20	4	6	11	6	0	2	7	7	1	3	1	7	8	1	7	5	4	0	4	3	1	0	4	2	0	0	0	5	3	0	4
chr9	64413702	64413721	20	8	0	20	11	9	0	0	0	1	1	0	1	1	0	0	2	1	0	1	0	1	1	0	0	0	0	0	0	1	2	1	0	1	2	0	0	1
chr9	64413723	64413932	210	8	0	210	144	66	22	9	8	18	7	6	7	10	16	3	2	5	12	4	7	7	15	2	0	5	5	0	0	5	3	4	0	0	7	4	0	15
chr9	64413937	64413979	43	8	0	43	37	6	9	1	0	5	0	0	2	0	1	0	0	1	5	3	2	6	2	0	0	2	0	0	0	0	0	0	0	0	0	0	0	2
chr9	64413981	64414932	952	8	0	952	615	337	82	31	32	60	29	23	34	61	48	21	17	20	46	21	31	58	45	17	5	29	26	12	1	26	31	15	0	24	45	21	4	35
chr9	64414934	64414971	38	8	0	38	27	11	1	1	2	2	2	1	1	0	1	2	1	0	3	1	1	6	2	2	0	1	0	0	0	2	0	0	0	0	2	0	0	2
chr9	64414973	64415511	539	8	0	539	309	230	26	17	13	25	18	17	37	20	18	15	21	10	21	13	17	19	24	7	7	24	15	9	1	15	27	10	2	25	26	14	0	24
chr9	64415513	64415726	214	8	0	214	136	78	21	7	6	11	9	5	8	7	4	5	10	2	12	4	9	14	10	3	0	8	7	3	0	6	6	4	0	10	6	6	0	9
chr9	64415728	64415876	149	8	0	149	73	76	7	2	3	3	5	8	10	5	1	2	7	2	3	4	7	2	4	5	1	6	8	3	0	8	10	6	0	12	6	5	1	1
chr9	64415878	64415900	23	8	0	23	15	8	2	0	0	1	0	0	1	1	0	2	3	0	2	0	0	2	1	0	0	1	0	0	0	0	0	0	0	0	1	1	0	3
chr9	64415902	64416559	658	8	0	658	381	277	42	22	32	28	25	14	24	31	33	10	23	23	24	13	19	18	23	16	1	19	27	21	2	26	13	18	3	17	30	21	2	36
chr9	64416568	64416952	385	8	0	385	250	135	40	7	20	18	17	9	10	11	15	12	14	12	13	15	15	21	17	8	1	17	11	4	0	11	4	1	0	6	15	13	1	25
chr9	64416953	64416971	19	9	0	19	6	13	1	0	0	1	0	1	0	0	1	0	0	0	0	0	1	1	0	0	1	0	0	1	3	0	0	3	2	1	0	0	0	0
chr9	64416972	64417278	307	8	0	307	155	152	23	10	7	7	14	14	15	8	6	7	15	9	4	6	8	2	11	13	2	10	18	9	4	14	10	11	2	9	12	12	2	11
chr9	64417280	64417318	39	8	0	39	22	17	2	2	2	1	1	0	3	1	3	0	1	0	1	0	2	1	1	1	0	0	0	1	0	3	3	1	0	2	1	1	0	3
chr9	64417322	64417830	509	8	0	509	347	162	73	18	24	31	13	6	17	18	24	12	16	12	35	12	14	21	18	8	2	20	11	9	1	10	6	2	0	10	19	13	1	31
chr9	64417832	64418062	231	8	0	231	167	64	32	9	7	21	9	6	6	8	7	3	3	6	20	7	5	16	8	5	3	9	3	2	0	5	6	2	1	1	12	1	0	6
chr9	64418070	64418479	410	8	0	410	299	111	78	12	14	40	12	9	9	19	23	4	6	7	30	6	10	18	13	5	2	11	8	7	0	4	7	5	0	8	21	2	2	16
chr9	64418480	64418736	257	8	0	257	121	136	16	4	6	10	11	8	13	9	5	8	13	2	4	5	4	3	7	9	2	7	15	7	6	12	11	18	4	9	8	7	4	8
chr9	64418738	64418786	49	8	0	49	31	18	5	1	3	4	3	2	0	3	2	2	0	1	3	0	0	1	2	1	1	1	3	0	0	1	0	2	1	0	3	1	0	1
chr9	64418791	64418846	56	8	0	56	40	16	9	1	2	5	1	2	3	1	4	1	1	2	2	0	0	4	1	1	0	2	2	0	0	0	2	0	0	0	3	1	0	4
chr9	64418847	64418875	29	8	0	29	18	11	6	0	2	1	0	1	2	1	2	2	0	0	0	0	0	0	2	1	0	0	1	0	0	1	0	0	0	1	1	1	0	2
chr9	64418877	64419348	472	8	0	472	343	129	64	18	22	30	20	5	13	27	22	8	8	15	28	18	9	34	32	4	2	11	4	1	0	4	7	1	0	10	22	3	0	28
chr9	64419356	64419612	257	8	0	257	172	85	40	6	15	6	7	8	8	10	9	4	9	11	12	11	4	11	15	4	0	9	5	4	0	6	3	3	0	2	10	4	0	19
chr9	64419614	64419646	33	8	0	33	23	10	2	2	1	1	1	0	0	3	0	0	0	1	3	2	1	4	1	1	2	1	2	0	0	0	1	0	0	1	0	1	0	0
chr9	64419648	64420013	366	8	0	366	198	168	29	11	9	12	19	23	18	9	5	8	15	7	8	11	5	8	19	17	1	16	24	8	1	14	9	15	0	8	17	8	0	10
chr9	64420014	64420031	18	9	0	18	15	3	2	0	0	3	0	0	0	1	1	0	0	0	2	0	1	4	0	0	0	0	1	0	0	0	0	0	0	0	0	1	0	0
chr9	64420032	64420676	645	8	0	645	429	216	56	28	25	37	23	12	24	31	27	8	14	28	42	10	18	44	28	7	4	19	12	10	1	16	21	6	0	15	29	16	1	31
chr9	64420677	64420716	40	8	0	40	26	14	3	0	0	3	0	0	0	8	2	0	2	2	1	1	1	3	0	0	0	1	3	0	0	0	0	1	0	1	3	2	0	1
chr9	64420718	64420986	269	8	0	269	189	80	30	7	5	24	11	4	7	16	11	3	2	11	13	11	5	27	11	6	3	5	12	4	1	1	6	2	0	2	10	6	0	11
chr9	64420988	64421065	78	8	0	78	41	37	0	3	4	4	1	0	3	2	4	0	5	4	5	1	4	0	0	0	2	2	3	6	0	4	1	3	0	2	2	3	0	8
chr9	64421067	64421117	51	8	0	51	31	20	8	0	1	4	4	0	3	3	2	1	1	1	0	0	0	2	1	0	0	0	3	1	0	1	3	3	0	2	3	0	0	2
chr9	64421127	64421544	418	8	0	418	261	157	40	9	22	26	15	11	18	9	21	6	8	20	21	8	12	15	9	13	0	12	14	14	0	14	7	7	0	10	23	8	0	24
chr9	64421545	64421759	215	8	0	215	141	74	18	10	5	17	7	8	5	11	11	1	6	5	13	5	8	9	9	8	0	7	4	7	0	8	4	1	0	3	14	3	0	6
chr9	64421760	64421816	57	8	0	57	34	23	4	0	3	2	2	2	3	1	2	2	1	1	1	1	3	4	1	1	0	3	2	0	0	2	2	3	0	3	3	0	0	3
chr9	64421818	64421853	36	8	0	36	23	13	3	0	1	3	0	2	2	4	2	0	0	1	2	0	1	1	1	0	0	1	1	0	0	0	4	0	0	2	1	1	0	1
chr9	64421855	64422031	177	8	0	177	96	81	12	5	8	8	6	6	11	4	9	4	10	2	6	1	1	2	6	7	1	2	3	5	0	12	10	1	1	8	9	7	0	8
chr9	64422037	64422441	405	8	0	405	208	197	15	9	19	12	13	17	21	13	16	10	13	11	11	8	4	14	15	14	3	12	22	15	6	20	15	12	2	11	13	22	1	14
chr9	64422443	64422473	31	8	0	31	23	8	2	1	0	3	0	0	2	4	0	0	0	0	4	2	0	3	3	0	0	0	0	0	0	0	2	0	0	2	1	0	0	0
chr9	64422475	64423682	1208	8	0	1208	809	399	126	33	70	74	50	30	35	51	57	17	21	39	72	30	24	78	43	20	4	43	37	10	0	28	38	16	1	25	48	29	3	54
chr9	64423684	64423710	27	8	0	27	15	12	0	2	0	0	1	0	1	3	1	0	1	3	0	1	1	0	2	0	0	1	0	0	0	1	1	0	1	0	2	1	1	1
chr9	64423711	64424614	904	8	0	904	591	313	76	30	51	60	42	13	31	28	45	15	35	28	54	22	24	36	33	15	0	32	18	10	1	27	26	3	0	23	37	27	1	59
chr9	64424616	64424658	43	8	0	43	32	11	10	3	2	2	2	1	0	3	3	0	0	0	3	0	0	1	3	1	0	0	1	0	0	1	0	1	0	1	2	0	0	1
chr9	64424660	64425080	421	8	0	421	242	179	26	9	16	20	17	8	22	19	17	8	15	15	11	5	9	23	14	6	0	10	20	15	0	15	10	13	0	21	23	16	0	16
chr9	64425084	64425280	197	8	0	197	136	61	17	9	4	17	6	7	4	10	11	0	3	6	13	7	8	13	10	5	0	7	5	1	1	3	3	2	0	3	9	2	3	6
chr9	64425281	64426996	1716	8	0	1716	1048	668	145	47	60	96	76	50	70	71	65	35	48	50	62	39	54	78	73	34	4	60	65	37	4	51	54	39	2	47	75	47	2	74
chr9	64426998	64427016	19	8	0	19	7	12	0	0	0	0	0	1	0	4	0	0	1	0	0	0	0	0	0	1	0	0	2	0	0	1	2	3	0	1	1	0	0	0
chr9	64427018	64427253	236	8	0	236	155	81	28	4	6	19	10	5	8	9	6	4	10	6	12	4	8	14	7	2	0	8	8	3	0	5	4	10	0	8	13	1	0	12
chr9	64427255	64427623	369	8	0	369	258	111	36	10	19	31	15	8	7	20	16	3	6	15	29	9	10	24	10	5	0	14	7	4	0	6	14	3	0	7	19	5	0	15
chr9	64427629	64427807	179	8	0	179	125	54	23	7	14	9	11	3	2	6	12	3	3	6	8	3	4	9	11	1	0	4	2	1	0	5	1	1	0	4	8	5	0	11
chr9	64427809	64427852	44	8	0	44	31	13	4	1	2	3	2	0	0	1	2	0	1	1	3	2	4	3	1	0	0	2	1	0	0	1	1	1	0	2	1	1	0	2
chr9	64427854	64428318	465	8	0	465	345	120	59	11	14	53	18	8	12	22	20	4	7	19	40	14	10	32	20	5	0	12	10	0	0	5	9	4	0	5	22	6	0	22
chr9	64428320	64428339	20	8	0	20	16	4	2	2	0	3	1	0	1	0	1	0	0	0	2	0	1	1	0	0	0	2	0	0	0	0	0	0	0	0	2	0	0	0
chr9	64428341	64428690	350	8	0	350	244	106	38	15	22	28	18	8	8	12	21	2	7	4	27	4	7	22	17	3	0	9	3	0	1	10	10	4	0	14	16	7	1	10
chr9	64428692	64428706	15	8	0	15	11	4	1	1	2	0	1	0	0	0	0	1	0	0	3	1	0	0	1	0	0	2	0	0	0	0	0	0	0	0	0	0	0	0
chr9	64428708	64429134	427	8	0	427	305	122	57	14	20	36	13	7	8	16	19	6	13	11	37	13	17	17	15	6	0	19	5	4	0	8	5	1	0	10	19	6	2	21
chr9	64429136	64429180	45	8	0	45	30	15	4	0	1	4	3	3	0	1	0	0	1	5	2	1	3	2	2	0	0	2	0	1	0	0	1	1	0	0	4	0	0	2
chr9	64429182	64429452	271	8	0	271	176	95	19	8	14	19	16	13	5	11	11	4	1	6	15	8	7	18	17	6	2	7	9	5	0	6	12	2	0	6	7	7	0	8
chr9	64429454	64429479	26	8	0	26	18	8	1	0	1	3	0	0	1	2	1	1	0	2	2	0	1	1	1	0	0	1	1	0	0	1	0	0	0	0	1	2	0	1
chr9	64429481	64429686	206	8	0	206	115	91	9	10	3	7	8	10	5	19	10	4	6	4	2	4	4	10	18	5	0	5	10	8	2	6	5	1	1	4	9	11	1	3
chr9	64429689	64430331	643	8	0	643	390	253	52	31	26	33	29	27	19	26	27	4	12	14	34	16	19	21	37	18	3	20	20	26	0	25	22	12	0	12	22	14	1	19
chr9	64430333	64430381	49	8	0	49	29	20	3	1	2	1	2	0	2	2	2	1	1	2	0	1	2	5	3	0	0	1	2	1	0	1	0	2	1	3	1	1	1	3
chr9	64430383	64430543	161	8	0	161	105	56	18	8	8	7	6	9	8	3	6	0	4	4	11	4	3	6	10	4	0	7	2	1	0	4	6	1	0	5	7	1	0	6
chr9	64430545	64430647	103	8	0	103	71	32	11	1	6	8	2	3	2	5	5	1	2	5	7	2	5	4	3	0	1	3	0	0	0	2	3	0	1	6	6	2	0	5
chr9	64430649	64431205	557	8	0	557	366	191	49	23	22	38	18	12	18	23	27	10	17	10	38	11	19	30	21	10	1	24	14	13	1	10	13	5	1	13	23	11	1	29
chr9	64431215	64432209	995	8	0	995	532	463	69	30	25	40	43	46	52	34	24	15	45	24	27	18	19	20	41	31	4	33	54	22	6	45	34	47	3	34	46	28	5	29
chr9	64432211	64432254	44	8	0	44	23	21	0	2	1	0	2	3	3	1	1	1	2	2	0	1	1	2	1	3	0	3	2	0	0	1	4	0	0	0	2	1	0	3
chr9	64432255	64432264	10	9	0	10	5	5	0	0	0	0	0	1	0	1	0	0	0	0	0	0	1	1	1	0	0	0	0	0	0	1	0	1	0	1	0	0	0	0
chr9	64432265	64432280	16	8	0	16	8	8	0	0	0	0	0	0	1	1	0	2	3	0	0	0	0	0	1	0	0	1	1	0	0	0	0	0	0	0	0	1	0	3
chr9	64432287	64432502	216	8	0	216	148	68	32	4	15	13	10	3	5	7	10	4	7	5	11	6	6	9	6	2	0	8	3	0	0	6	8	1	0	7	8	6	0	12
chr9	64432504	64432585	82	8	0	82	53	29	5	3	1	6	2	2	4	3	5	1	1	4	3	2	3	7	5	1	1	1	4	0	0	1	1	0	1	2	1	5	0	5
chr9	64432587	64432638	52	8	0	52	38	14	10	3	1	5	4	1	0	2	0	0	1	3	5	0	1	2	3	1	0	0	2	1	0	0	1	0	0	1	1	0	0	2
chr9	64432648	64433477	830	8	0	830	511	319	69	35	32	41	43	31	27	40	35	11	13	22	31	25	23	31	52	20	2	28	39	17	2	20	29	9	0	20	22	32	0	27
chr9	64433483	64433541	59	8	0	59	50	9	16	2	3	6	1	0	0	0	3	0	1	0	5	3	4	4	1	0	0	4	0	0	0	0	0	0	0	0	0	0	0	4
chr9	64433542	64433670	129	8	0	129	103	26	32	2	7	16	7	0	1	5	4	1	1	4	13	2	1	5	2	0	0	3	1	1	0	1	5	1	0	2	5	1	0	4
chr9	64433674	64433797	124	8	0	124	57	67	0	1	5	3	7	7	9	0	2	3	9	2	1	3	3	1	3	5	0	6	7	1	0	9	8	5	0	7	5	6	0	4
chr9	64433799	64433845	47	8	0	47	29	18	6	0	0	4	1	3	2	2	0	1	1	0	3	1	2	2	3	2	0	0	3	1	0	0	3	1	0	2	0	0	0	2
chr9	64433847	64434425	579	8	0	579	397	182	62	23	21	41	20	14	15	27	13	11	10	14	52	22	21	30	33	11	0	25	16	5	0	15	12	11	0	5	15	9	2	22
chr9	64434434	64434761	328	8	0	328	202	126	30	12	17	13	13	10	17	18	16	8	7	10	13	6	4	6	16	7	0	13	11	4	0	8	11	7	0	8	20	5	0	16
chr9	64434763	64434806	44	8	0	44	27	17	3	2	2	1	2	1	3	2	3	1	1	1	1	2	0	0	4	0	0	2	2	0	0	1	0	1	0	1	2	2	0	2
chr9	64434808	64435284	477	8	0	477	264	213	26	12	21	11	17	21	15	23	19	11	17	11	9	13	17	19	21	18	4	14	21	9	2	24	14	12	3	13	20	17	1	20
chr9	64435286	64435300	15	8	0	15	13	2	2	1	0	2	1	1	0	0	0	0	0	0	2	0	0	2	2	0	0	0	0	0	0	0	0	0	0	0	0	0	0	0
chr9	64435302	64436092	791	8	0	791	540	251	75	35	36	56	31	16	18	37	25	8	19	21	70	35	21	36	41	11	4	38	21	10	2	13	12	11	0	15	28	14	2	28
chr9	64436094	64436127	34	8	0	34	22	12	3	0	3	2	1	0	2	1	3	0	1	2	1	2	0	1	1	0	0	0	1	0	0	0	1	0	0	1	1	0	0	5
chr9	64436129	64436401	273	8	0	273	155	118	20	7	15	12	8	9	13	8	16	5	13	4	10	4	6	4	9	4	3	9	13	6	0	7	6	6	1	15	10	10	2	16
chr9	64436403	64436446	44	8	0	44	19	25	0	3	0	0	2	1	3	3	1	1	1	1	0	1	0	0	2	3	0	1	3	2	2	1	2	1	2	1	2	2	0	1
chr9	64436448	64436950	503	8	0	503	216	287	15	3	13	6	13	20	40	20	7	22	30	8	2	5	8	3	26	12	1	11	30	32	1	36	17	32	1	20	19	23	1	24
chr9	64436952	64436998	47	8	0	47	22	25	1	2	0	0	1	2	3	0	0	3	2	0	2	1	3	0	0	4	0	4	4	1	0	5	0	2	0	0	2	3	0	0
chr9	64437000	64437118	119	8	0	119	56	63	4	4	3	2	2	4	7	7	5	6	3	2	2	0	3	1	2	8	0	5	9	6	2	7	0	5	0	2	9	5	0	2
chr9	64437123	64437193	71	8	0	71	27	44	0	0	2	0	1	4	4	1	0	2	3	0	1	2	4	3	1	1	1	5	4	7	0	6	2	8	0	2	3	1	1	0
chr9	64437195	64437210	16	8	0	16	5	11	0	0	0	0	0	0	2	0	0	1	1	0	0	0	0	0	0	1	0	0	1	3	0	1	0	1	0	1	1	0	0	1
chr9	64437212	64437683	472	8	0	472	210	262	9	10	12	8	11	28	37	12	12	25	17	6	7	4	9	2	16	31	0	21	38	23	1	31	9	19	2	10	25	21	1	13
chr9	64437685	64437704	20	8	0	20	6	14	0	0	0	0	0	1	3	0	0	0	2	0	0	0	0	0	1	0	0	0	1	1	0	1	2	2	0	2	0	0	0	2
chr9	64437706	64437896	191	8	0	191	81	110	1	1	5	2	2	20	9	9	5	2	13	3	1	1	4	2	13	9	0	1	13	11	1	10	11	9	0	8	4	6	1	12
chr9	64437897	64437960	64	8	0	64	31	33	1	2	1	0	1	6	4	5	2	3	2	2	0	0	1	1	7	0	0	4	2	3	0	2	3	1	0	0	4	3	0	2
chr9	64437962	64438472	511	8	0	511	231	280	7	14	7	8	15	32	39	17	10	20	26	16	4	4	9	3	28	23	3	15	26	29	4	22	20	14	3	19	29	15	4	24
chr9	64438474	64438501	28	8	0	28	12	16	0	0	2	0	0	0	3	4	2	0	0	0	0	0	0	0	1	0	0	0	2	1	0	1	4	2	0	2	0	1	0	1
chr9	64438503	64439008	506	8	0	506	206	300	7	8	21	6	19	19	38	16	11	15	22	6	5	7	4	2	17	22	0	10	38	39	3	37	20	31	0	27	16	26	1	11
chr9	64439010	64439035	26	8	0	26	11	15	0	0	0	0	0	3	3	1	0	2	1	1	0	0	0	0	1	3	0	1	2	0	0	1	0	0	0	2	3	0	0	0
chr9	64439037	64439107	71	8	0	71	31	40	3	1	1	2	0	2	6	1	2	0	3	2	2	2	1	1	0	2	0	3	4	6	1	6	3	6	0	1	2	3	1	2
chr9	64439109	64439149	41	8	0	41	15	26	0	1	1	0	2	3	4	0	0	1	2	0	0	0	0	0	0	4	0	1	6	0	0	3	3	2	0	3	1	2	0	0
chr9	64439151	64439225	75	8	0	75	33	42	1	4	5	0	8	3	4	2	1	0	4	0	0	0	0	0	2	3	0	2	5	1	0	5	7	7	0	4	3	0	0	2
chr9	64439226	64439296	71	8	0	71	31	40	4	1	1	2	3	2	6	3	1	0	5	0	0	0	1	1	2	1	0	0	3	2	0	5	8	3	2	7	2	3	0	1
chr9	64439297	64439403	107	8	0	107	48	59	1	1	6	2	5	5	6	4	4	1	6	3	0	1	2	1	4	2	0	2	6	5	0	8	7	6	0	3	3	5	0	6
chr9	64439405	64439426	22	8	0	22	11	11	0	1	0	1	1	2	1	1	1	0	0	2	0	0	0	0	1	2	0	0	4	0	0	0	0	0	0	0	1	1	0	1
chr9	64439428	64439616	189	8	0	189	81	108	2	1	8	1	2	15	15	5	7	3	14	6	1	0	1	0	7	5	0	7	13	6	0	11	8	11	0	8	9	9	0	12
chr9	64439624	64439957	334	8	0	334	162	172	4	10	19	4	15	14	24	16	14	11	10	10	4	2	2	2	16	11	0	11	20	5	2	15	12	14	2	18	21	11	2	11
chr9	64439959	64440007	49	8	0	49	24	25	0	1	2	0	1	1	4	4	2	1	2	3	0	0	1	1	3	0	0	0	1	1	0	3	4	3	0	1	2	1	0	5
chr9	64440009	64440539	531	8	0	531	334	197	35	16	19	35	24	21	23	23	31	8	8	17	15	13	19	27	26	8	1	23	21	3	1	10	17	5	0	16	26	19	0	19
chr9	64440541	64440579	39	8	0	39	22	17	1	0	0	4	2	2	1	3	2	1	1	3	0	0	0	2	2	1	0	0	2	2	0	0	2	0	0	0	2	1	2	1
chr9	64440581	64441221	641	8	0	641	377	264	47	13	33	33	26	19	26	28	35	10	23	21	18	12	11	20	21	17	5	11	28	7	0	29	18	18	1	19	32	22	2	34
chr9	64441222	64441242	21	9	0	21	15	6	4	0	2	1	1	0	1	0	1	0	1	0	1	0	0	1	0	0	0	1	0	0	0	0	1	0	0	1	1	0	0	2
chr9	64441243	64441827	585	8	0	585	342	243	37	16	27	27	21	14	17	29	25	14	31	17	23	10	14	19	21	16	3	14	17	9	4	31	14	12	2	12	29	24	3	31
chr9	64441828	64442066	239	8	0	239	139	100	18	5	13	11	11	4	7	9	10	3	9	7	8	5	10	9	7	5	0	5	7	12	0	11	8	4	0	10	8	8	0	13
chr9	64442068	64442099	32	8	0	32	12	20	3	0	1	0	0	4	1	1	1	0	0	1	0	0	0	0	1	3	0	0	4	5	0	2	1	0	0	0	0	2	0	0
chr9	64442101	64442857	757	8	0	757	373	384	28	17	34	13	18	32	44	28	31	11	33	13	14	16	23	16	18	28	6	24	41	36	1	40	37	29	2	34	26	25	1	36
chr9	64442859	64442892	34	8	0	34	19	15	5	0	4	0	0	3	1	0	3	1	0	0	1	1	0	0	1	1	0	2	2	2	0	1	0	0	0	0	1	1	0	2
chr9	64442894	64444254	1361	8	0	1361	744	617	76	29	56	63	57	39	70	59	57	35	40	41	34	28	29	31	57	34	5	35	64	53	6	57	46	40	2	43	57	53	3	60
chr9	64444255	64444272	18	9	0	18	6	12	0	1	0	0	1	1	0	0	0	0	2	0	0	0	0	0	0	1	0	1	2	5	0	0	0	0	0	0	0	1	0	1
chr9	64444273	64444880	608	8	0	608	343	265	49	15	24	30	22	29	18	28	26	7	20	21	21	12	9	11	26	19	1	17	33	38	0	22	11	13	1	9	27	24	0	23
chr9	64444885	64444944	60	8	0	60	21	39	0	0	1	0	0	3	4	0	1	1	3	0	0	4	4	0	1	5	0	2	3	6	1	6	3	2	0	3	0	3	1	1
chr9	64444946	64445016	71	8	0	71	29	42	4	1	2	0	1	3	5	4	1	0	3	0	1	1	2	0	1	3	0	1	5	4	0	5	6	7	0	5	1	1	0	2
chr9	64445018	64445048	31	8	0	31	17	14	0	0	0	1	1	1	2	1	0	1	2	1	1	1	1	3	1	1	0	1	2	1	0	0	0	1	0	3	2	0	0	1
chr9	64445050	64445403	354	8	0	354	174	180	12	12	15	5	11	15	23	9	17	6	17	10	4	6	8	4	13	13	2	11	15	11	3	20	16	11	3	10	13	14	2	21
chr9	64445405	64445438	34	8	0	34	17	17	0	0	3	1	1	0	2	1	3	1	2	1	0	0	0	1	0	0	0	1	2	2	0	2	0	1	0	1	2	3	0	2
chr9	64445440	64445553	114	8	0	114	68	46	8	0	8	5	3	4	4	8	8	2	2	2	3	3	1	5	3	3	0	3	6	3	0	2	3	3	0	6	7	2	0	5
chr9	64445555	64445589	35	8	0	35	17	18	2	1	2	1	2	1	2	0	1	2	0	1	1	0	1	0	2	0	0	2	2	2	1	0	1	1	0	2	0	1	1	1
chr9	64445591	64445891	301	8	0	301	164	137	21	14	17	8	16	9	11	5	16	5	13	6	8	5	3	5	12	9	0	12	15	17	3	11	6	4	1	7	8	16	2	14
chr9	64445893	64445912	20	8	0	20	10	10	0	0	2	1	0	0	2	1	2	1	0	0	0	0	0	0	1	0	0	0	0	0	0	2	1	1	0	1	1	1	0	1
chr9	64445913	64445922	10	9	0	10	4	6	0	0	1	0	0	0	1	0	1	0	0	0	0	0	0	0	0	1	0	0	0	1	0	2	0	0	0	0	0	1	0	0
chr9	64445923	64446178	256	8	0	256	137	119	13	11	13	4	11	11	15	9	11	6	6	9	6	4	4	4	13	7	3	8	7	6	1	14	11	8	1	6	14	7	1	10
chr9	64446180	64446247	68	8	0	68	42	26	6	4	4	3	5	0	4	2	2	0	2	1	4	0	0	4	1	0	0	3	4	0	0	1	3	3	0	4	3	2	0	1
chr9	64446249	64446382	134	8	0	134	78	56	15	1	6	10	7	2	5	6	8	3	5	2	2	0	2	2	3	1	0	2	7	5	0	4	6	5	0	5	6	5	0	7
chr9	64446384	64446398	15	8	0	15	6	9	0	0	1	0	1	0	2	0	0	1	0	0	0	0	0	0	1	0	0	0	0	1	0	1	1	1	0	2	1	0	0	0
chr9	64446400	64447777	1378	8	0	1378	714	664	80	34	64	43	50	54	75	48	51	27	47	30	39	25	21	25	50	42	7	41	81	64	3	62	52	54	1	51	44	51	7	53
chr9	64447778	64447863	86	8	0	86	46	40	7	4	3	4	8	1	2	3	2	2	3	2	1	1	1	1	3	2	1	2	4	3	0	5	4	5	1	0	3	3	0	3
chr9	64447865	64448804	940	8	0	940	482	458	42	25	33	20	25	35	43	45	33	12	47	24	20	20	28	29	30	33	4	25	40	46	2	55	36	31	5	34	42	34	3	37
chr9	64448806	64448855	50	8	0	50	37	13	6	2	3	3	1	1	2	1	3	1	2	0	3	2	0	5	3	1	0	2	0	0	0	1	0	0	0	0	2	0	0	4
chr9	64448857	64449135	279	8	0	279	160	119	31	7	15	12	14	9	11	8	11	5	7	6	7	3	6	6	12	8	1	3	13	6	2	13	9	14	1	8	8	6	0	15
chr9	64449137	64449166	30	8	0	30	16	14	2	1	0	0	0	0	2	0	1	1	2	0	0	1	5	0	1	1	0	2	0	0	0	3	1	0	0	1	0	2	0	2
chr9	64449168	64450450	1283	8	0	1283	716	567	91	36	72	43	52	42	68	46	63	25	46	29	36	17	17	32	45	36	7	33	62	21	5	53	47	43	1	50	54	41	1	67
chr9	64450451	64450465	15	9	0	15	7	8	0	0	1	0	0	0	2	0	1	0	1	0	0	1	0	0	0	0	0	1	0	1	0	1	1	0	0	1	1	0	0	1
chr9	64450466	64450816	351	8	0	351	177	174	14	10	14	7	12	15	20	14	16	6	11	6	3	6	14	7	15	11	2	10	17	11	1	18	17	14	1	18	13	11	2	13
chr9	64450818	64450862	45	8	0	45	14	31	0	0	3	0	3	2	3	0	0	0	3	0	0	0	0	0	1	0	1	0	3	5	0	4	1	6	1	4	1	1	0	1
chr9	64450872	64451317	446	8	0	446	249	197	29	15	17	22	22	7	21	20	18	14	15	8	14	13	5	8	19	13	4	13	22	19	2	17	12	11	0	9	17	17	2	19
chr9	64451319	64451344	26	8	0	26	16	10	1	0	1	2	0	1	0	2	2	0	3	1	1	0	0	1	0	1	0	1	1	0	0	1	0	0	0	0	2	1	0	2
chr9	64451346	64451413	68	8	0	68	32	36	4	1	2	3	2	5	0	0	1	0	3	1	3	3	2	2	3	6	0	0	4	11	0	5	0	0	0	0	0	3	0	2
chr9	64451415	64451469	55	8	0	55	29	26	3	2	2	2	1	2	2	2	1	0	1	3	4	0	2	1	3	0	0	1	0	4	1	4	3	3	1	0	1	2	0	2
chr9	64451471	64451506	36	8	0	36	22	14	1	1	1	1	2	2	2	1	1	0	2	3	0	0	1	3	1	0	0	2	0	0	0	0	2	0	0	2	4	0	0	2
chr9	64451508	64452186	679	8	0	679	357	322	42	14	20	28	21	25	32	24	25	19	31	13	16	18	15	13	21	28	3	24	37	31	6	31	15	13	5	19	29	33	2	24
chr9	64452190	64452233	44	8	0	44	20	24	3	0	2	1	1	2	1	1	2	0	1	0	0	1	1	2	0	2	1	0	5	4	0	1	1	3	1	3	0	1	0	2
chr9	64452234	64452263	30	9	0	30	20	10	2	1	1	1	0	1	0	1	2	0	1	0	2	1	3	2	0	1	0	3	2	0	0	1	0	0	0	0	0	2	0	1
chr9	64452264	64452309	46	8	0	46	19	27	1	2	1	0	1	1	6	1	2	0	3	1	0	0	0	0	1	0	0	2	3	2	0	3	5	2	0	1	0	3	0	3
chr9	64452322	64452342	21	8	0	21	12	9	1	1	1	1	1	1	0	1	1	0	0	0	1	0	1	0	1	1	0	0	1	0	0	2	1	1	0	0	1	1	0	0
chr9	64452343	64452365	23	9	0	23	11	12	0	0	1	0	0	2	0	4	1	1	0	2	0	0	0	0	0	1	2	0	3	0	0	0	0	0	0	0	3	0	0	1
chr9	64452366	64452455	90	8	0	90	51	39	5	2	2	1	2	2	3	8	2	1	8	3	1	1	2	6	2	2	0	2	2	1	0	5	5	2	0	3	7	3	0	5
chr9	64452456	64452465	10	9	0	10	8	2	1	0	0	1	0	0	0	1	0	0	1	1	0	0	0	1	0	0	0	0	0	0	0	0	0	0	0	0	1	0	0	1
chr9	64452466	64452786	321	8	0	321	188	133	21	5	20	19	14	5	15	14	21	7	10	11	9	5	6	6	10	5	0	7	8	9	0	17	11	8	0	7	19	11	0	19
chr9	64452787	64452798	12	9	0	12	6	6	0	0	0	0	0	0	1	0	0	0	0	1	0	1	1	0	0	1	0	0	0	1	0	1	1	0	0	1	0	0	0	1
chr9	64452799	64453125	327	8	0	327	188	139	18	10	20	12	17	9	16	8	17	8	14	11	8	6	6	6	13	6	0	14	10	8	0	14	9	6	0	9	19	12	0	19
chr9	64453127	64453159	33	8	0	33	17	16	3	1	1	0	1	3	3	0	1	1	1	0	0	0	0	0	4	0	0	1	0	1	0	3	1	2	0	1	2	1	0	0
chr9	64453161	64453490	330	8	0	330	173	157	22	6	20	12	12	8	20	9	18	10	12	3	8	1	5	6	8	6	2	9	11	11	2	18	16	16	0	14	15	10	2	16
chr9	64453491	64453504	14	9	0	14	6	8	0	0	0	0	0	0	2	1	0	0	0	1	0	0	0	0	0	0	0	1	0	1	0	1	4	0	0	0	0	1	0	0
chr9	64453505	64453594	90	8	0	90	45	45	3	3	6	1	5	3	5	5	4	2	2	2	0	1	1	0	2	3	0	4	6	3	0	4	7	2	0	3	3	5	0	3
chr9	64453596	64453614	19	8	0	19	10	9	0	1	1	0	0	2	1	1	0	0	0	0	2	0	1	1	2	0	0	1	1	0	0	0	0	1	0	2	0	0	0	0
chr9	64453616	64454247	632	8	0	632	328	304	29	12	22	22	24	24	36	31	20	16	21	17	12	15	13	14	30	15	2	20	38	29	1	24	25	24	0	20	22	23	1	28
chr9	64454249	64454293	45	8	0	45	22	23	0	2	3	1	2	2	1	2	2	1	2	1	2	0	0	0	0	3	0	2	4	3	0	2	0	1	0	0	3	2	0	2
chr9	64454295	64454480	186	8	0	186	104	82	8	4	7	10	6	8	5	8	6	3	8	10	8	2	4	6	4	6	0	6	9	16	0	5	4	0	0	4	10	8	0	9
chr9	64454482	64454540	59	8	0	59	36	23	6	1	2	5	2	2	1	4	3	1	0	1	3	0	1	4	3	1	0	0	4	3	0	3	0	2	0	0	0	4	0	1
chr9	64454542	64455165	624	8	0	624	318	306	34	15	23	23	22	26	31	25	23	10	23	11	16	13	12	11	25	25	0	14	37	37	1	34	20	21	1	23	22	26	0	18
chr9	64455166	64455181	16	9	0	16	9	7	1	0	1	1	0	0	0	1	2	0	0	0	0	0	0	2	0	0	0	0	2	1	0	1	0	0	0	0	0	2	0	0
chr9	64455182	64455596	415	8	0	415	221	194	12	6	22	13	13	14	16	16	18	8	23	14	10	9	14	13	10	12	0	15	16	16	1	25	12	13	0	9	20	16	1	26
chr9	64455598	64455622	25	8	0	25	15	10	2	0	2	1	0	2	1	1	2	0	2	0	0	0	0	0	0	0	0	2	0	0	0	0	1	0	0	3	3	0	0	1
chr9	64455624	64456745	1122	8	0	1122	591	531	63	27	58	32	39	31	64	42	57	28	45	22	20	17	25	20	36	27	3	37	47	44	5	57	43	38	0	41	50	45	0	57
chr9	64456746	64457008	263	8	0	263	126	137	22	7	9	4	11	13	15	9	6	5	8	5	1	3	2	4	13	8	0	7	17	19	1	16	7	16	0	9	11	10	1	2
chr9	64457009	64457280	272	8	0	272	164	108	19	2	17	18	14	3	8	15	11	6	8	5	12	9	5	12	11	2	0	7	9	8	0	12	9	9	0	9	11	10	0	9
chr9	64457282	64457307	26	8	0	26	13	13	2	1	0	0	1	2	1	2	0	1	1	0	0	1	1	0	3	1	0	1	2	1	0	1	0	0	0	0	1	1	0	0
chr9	64457309	64457971	663	8	0	663	386	277	54	15	24	47	30	21	23	27	27	14	16	21	29	16	5	16	26	24	2	14	33	38	4	27	12	12	0	6	30	27	0	21
chr9	64457973	64458015	43	8	0	43	21	22	1	2	2	0	1	2	0	0	2	0	2	0	1	3	3	0	1	4	0	2	2	4	0	5	0	0	0	0	1	3	0	0
chr9	64458017	64458795	779	8	0	779	404	375	44	15	32	19	18	31	46	25	33	10	37	15	15	24	20	19	28	25	5	22	40	27	1	40	29	29	1	31	23	28	3	42
chr9	64458797	64458834	38	8	0	38	18	20	0	3	3	0	1	0	4	0	4	1	0	0	1	1	0	0	0	3	1	1	1	1	0	1	2	0	0	3	2	0	1	2
chr9	64458836	64461908	3073	8	0	3073	1580	1493	150	61	136	94	113	117	169	108	115	81	114	72	63	54	69	64	102	104	8	99	159	146	9	148	107	106	8	113	138	106	11	127
chr9	64461913	64462605	693	8	0	693	291	402	11	10	13	9	14	37	63	19	13	38	16	19	6	5	14	3	21	40	1	28	54	47	6	44	18	36	4	16	40	27	1	18
chr9	64462606	64462619	14	9	0	14	7	7	0	0	0	0	0	0	0	1	0	1	2	1	0	1	1	0	0	1	0	0	1	0	0	0	0	0	0	0	0	0	0	3
chr9	64462620	64464103	1484	8	0	1484	594	890	34	17	31	18	31	66	131	43	26	59	66	31	9	7	16	8	44	65	5	36	114	113	11	107	68	79	8	57	45	88	6	43
chr9	64464105	64464185	81	8	0	81	33	48	0	0	2	1	1	5	6	3	1	3	5	0	1	3	0	0	3	6	0	2	4	5	2	6	6	2	0	2	2	4	0	4
chr9	64464187	64465364	1178	8	0	1178	519	659	35	25	35	15	28	45	84	38	35	33	57	24	12	16	29	7	40	53	7	19	81	76	6	78	40	54	2	52	34	58	3	55
chr9	64465367	64465880	514	8	0	514	250	264	9	11	21	10	14	29	32	17	19	8	24	19	9	5	8	14	13	17	6	17	24	16	4	27	31	15	3	19	23	23	3	22
chr9	64465881	64465895	15	8	0	15	9	6	0	0	0	0	0	0	1	1	0	2	0	0	0	0	0	4	1	0	0	1	0	1	0	0	0	0	0	0	1	1	0	0
chr9	64465897	64466213	317	8	0	317	147	170	6	6	11	2	8	12	22	13	9	14	20	9	3	4	3	4	15	10	1	10	20	13	0	24	8	9	0	7	12	24	1	15
chr9	64466215	64466250	36	8	0	36	17	19	1	0	2	1	0	1	1	2	3	1	1	1	0	1	1	0	1	1	0	1	2	2	0	3	1	1	0	0	1	4	0	1
chr9	64466252	64466498	247	8	0	247	107	140	0	3	8	6	8	13	20	9	8	8	12	3	1	3	2	2	7	10	2	8	19	11	1	12	15	13	0	10	9	9	1	12
chr9	64466499	64466515	17	9	0	17	8	9	0	0	0	1	0	0	1	1	0	0	2	0	1	0	0	0	0	0	0	0	1	2	0	1	0	1	0	1	1	1	0	1
chr9	64466516	64467066	551	8	0	551	300	251	29	11	20	18	13	34	27	23	21	14	22	11	15	17	14	10	42	13	4	18	23	16	0	21	16	12	1	16	16	19	5	28
chr9	64467067	64467076	10	9	0	10	5	5	0	0	0	0	0	4	0	0	0	0	0	0	0	0	0	0	4	0	0	0	0	0	0	0	0	0	0	0	0	0	0	0
chr9	64467077	64467718	642	8	0	642	329	313	32	18	22	19	20	18	47	20	27	20	24	21	12	11	7	10	24	18	1	24	29	29	1	36	20	16	5	17	33	33	3	23
chr9	64467720	64467745	26	8	0	26	10	16	0	0	1	0	1	1	0	2	0	0	4	0	0	0	0	0	0	1	0	0	2	1	0	3	1	1	0	2	0	3	0	1
chr9	64467747	64467979	233	8	0	233	134	99	17	7	10	12	5	8	9	13	9	4	9	4	15	6	2	3	8	7	1	9	8	8	1	11	6	8	2	4	13	5	0	7
chr9	64467980	64467995	16	9	0	16	11	5	1	2	1	0	1	0	0	1	1	0	0	0	1	0	0	3	1	1	0	0	0	0	0	0	0	0	0	0	1	0	0	0
chr9	64467996	64469843	1848	8	0	1848	967	881	114	60	66	50	63	66	105	63	66	43	73	34	45	37	41	39	78	57	11	60	81	58	18	88	73	64	13	64	65	66	12	73
chr9	64469846	64470738	893	8	0	893	505	388	55	19	42	31	34	32	45	41	32	19	23	23	27	24	28	29	38	20	1	35	36	22	1	35	33	27	2	40	44	25	0	28
chr9	64470739	64470752	14	9	0	14	9	5	0	0	0	0	0	2	0	2	0	0	0	0	0	2	0	2	4	0	0	0	0	0	0	0	0	0	0	0	0	0	0	0
chr9	64470753	64470794	42	8	0	42	21	21	1	1	0	0	1	15	0	0	0	0	3	0	0	0	0	0	13	0	1	2	0	0	0	0	0	0	0	0	2	0	0	1
chr9	64470795	64470922	128	8	0	128	69	59	6	3	5	2	4	4	10	2	3	2	9	5	3	5	1	3	4	2	0	8	3	2	0	6	7	2	2	3	6	5	0	9
chr9	64470924	64470958	35	8	0	35	22	13	2	0	2	2	2	3	1	1	1	1	0	3	2	0	0	0	3	0	0	1	1	0	0	1	1	1	0	0	3	1	0	1
chr9	64470960	64471084	125	8	0	125	87	38	10	4	2	8	3	1	4	8	2	2	3	2	9	3	3	22	3	1	0	6	2	4	0	3	6	2	0	1	5	2	0	2
chr9	64471085	64471097	13	9	0	13	6	7	0	0	0	0	0	6	0	0	0	0	0	0	0	0	0	0	5	0	0	0	0	0	0	0	0	0	0	0	0	0	0	0
chr9	64471098	64471223	126	8	0	126	69	57	7	4	5	1	5	11	8	4	3	2	6	3	2	2	2	2	14	0	0	6	4	1	0	2	4	4	0	8	7	2	0	5
chr9	64471226	64471252	27	8	0	27	10	17	0	0	1	0	1	1	1	3	0	1	1	1	0	0	0	0	0	0	0	1	2	3	0	1	2	2	0	1	2	1	0	0
chr9	64471254	64471984	731	8	0	731	418	313	60	33	24	33	37	17	33	25	30	14	28	16	23	11	18	16	31	15	5	24	33	21	3	29	23	20	2	17	25	29	2	32
chr9	64471986	64472058	73	8	0	73	39	34	11	0	0	1	1	4	7	3	1	2	6	2	0	0	0	0	1	1	0	4	4	1	0	1	5	2	0	3	5	2	0	4
chr9	64472059	64472095	37	8	0	37	34	3	7	0	0	6	1	0	0	2	0	0	0	0	7	1	0	8	1	0	0	0	0	0	0	0	2	0	0	0	0	0	0	0
chr9	64472096	64473316	1221	8	0	1221	769	452	94	35	64	66	34	41	37	69	72	22	41	25	59	31	25	52	60	21	6	42	32	19	2	38	24	14	1	33	65	37	3	55
chr9	64473318	64474742	1425	8	0	1425	898	527	106	43	59	76	51	43	44	79	60	30	51	33	67	43	40	72	72	25	3	59	46	28	0	35	33	18	2	31	67	38	1	68
chr9	64474744	64474811	68	8	0	68	36	32	1	2	5	1	4	1	3	1	2	0	6	1	2	4	1	1	3	0	0	4	3	0	0	2	2	2	1	5	2	2	1	4
chr9	64474813	64475170	358	8	0	358	207	151	21	15	18	10	13	9	19	16	16	9	10	9	14	6	8	13	13	10	1	15	14	7	1	13	15	8	1	8	15	10	1	18
chr9	64475172	64475211	40	8	0	40	17	23	0	1	0	0	1	4	3	2	0	1	3	0	0	2	0	0	3	1	0	3	3	2	0	1	3	1	0	0	0	2	0	2
chr9	64475213	64475262	50	8	0	50	18	32	1	2	0	0	0	6	2	0	2	0	3	0	0	0	2	0	1	3	2	1	1	5	1	4	3	1	1	2	3	2	0	0
chr9	64475264	64475339	76	8	0	76	39	37	1	4	2	1	3	0	8	0	2	3	4	1	3	1	2	2	5	0	0	3	3	3	0	4	2	3	0	3	1	4	0	6
chr9	64475341	64475973	633	8	0	633	434	199	56	25	23	46	31	7	20	29	29	10	16	23	35	18	19	46	28	9	0	23	14	4	0	14	11	9	0	8	34	11	0	33
chr9	64475975	64475993	19	8	0	19	10	9	1	0	1	1	1	0	0	3	0	0	0	1	1	0	0	1	0	0	0	0	3	1	0	0	1	1	0	0	0	1	0	0
chr9	64475995	64476099	105	8	0	105	69	36	9	4	1	6	2	0	4	10	3	3	2	4	5	5	1	8	5	5	0	2	4	3	0	3	2	0	0	0	5	2	2	3
chr9	64476101	64476130	30	8	0	30	16	14	2	0	0	1	2	2	0	3	0	1	2	2	0	0	0	0	3	0	0	0	2	2	0	1	0	0	0	0	1	3	0	1
chr9	64476132	64476228	97	8	0	97	51	46	2	2	2	5	4	4	2	7	2	1	3	5	3	1	2	5	3	3	0	1	8	7	0	4	2	3	0	3	4	6	0	1
chr9	64476229	64476317	89	8	0	89	59	30	12	0	4	7	3	3	3	3	5	1	2	1	4	1	3	5	4	0	0	1	4	1	0	1	1	2	0	7	3	3	0	3
chr9	64476322	64476341	20	8	0	20	19	1	6	0	0	3	0	0	0	1	0	0	0	0	4	0	0	4	0	0	0	0	0	0	0	0	0	0	0	0	0	0	0	0
chr9	64476342	64476390	49	8	0	49	26	23	1	1	0	0	1	18	0	1	0	0	2	0	0	1	0	1	19	0	0	1	0	0	0	0	0	0	0	0	0	0	0	1
chr9	64476396	64476469	74	8	0	74	42	32	6	4	3	4	6	3	5	2	3	2	0	0	2	0	0	0	6	2	0	1	4	3	0	1	2	3	0	5	4	0	0	1
chr9	64476471	64476724	254	8	0	254	136	118	9	8	14	6	10	10	14	6	10	6	15	7	9	2	4	5	10	7	0	9	8	10	1	9	10	6	0	10	12	5	1	19
chr9	64476725	64477469	745	8	0	745	506	239	72	22	30	52	30	23	20	36	31	10	12	18	43	30	23	52	46	13	2	24	14	12	0	17	20	2	0	18	29	16	0	26
chr9	64477471	64477539	69	8	0	69	47	22	10	2	1	5	1	1	2	4	2	1	2	3	5	1	3	3	2	0	0	3	2	1	0	2	1	2	0	1	3	2	0	2
chr9	64477540	64477573	34	8	0	34	16	18	0	1	1	1	2	2	2	0	0	0	2	1	1	1	0	0	2	3	0	1	3	2	0	2	1	0	0	1	0	2	0	1
chr9	64477574	64478100	527	8	0	527	293	234	40	14	21	21	21	21	27	16	21	12	20	14	15	8	16	5	24	12	2	17	20	14	1	24	19	15	0	18	22	19	1	25
chr9	64478102	64478559	458	8	0	458	308	150	36	13	14	43	25	13	10	22	20	7	8	13	25	13	16	28	21	8	2	15	14	3	2	7	16	5	0	9	19	10	2	17
chr9	64478560	64478573	14	8	0	14	10	4	1	1	2	0	0	0	0	1	2	0	0	0	1	1	0	0	0	0	0	1	0	0	0	0	0	0	0	0	1	0	0	1
chr9	64478574	64478615	42	8	0	42	28	14	2	1	2	4	1	1	0	1	4	0	3	0	2	2	4	0	1	0	0	3	0	0	0	0	0	0	0	2	2	0	1	4
chr9	64478617	64479279	663	8	0	663	377	286	33	15	40	20	25	20	30	19	24	18	26	20	26	18	22	19	33	16	1	21	19	21	1	30	24	13	0	19	18	21	0	49
chr9	64479280	64479313	34	8	0	34	17	17	2	1	0	2	1	1	1	1	1	1	1	1	1	1	0	2	1	2	0	0	2	2	1	1	1	1	0	0	0	2	1	1
chr9	64479315	64480442	1128	8	0	1128	666	462	80	38	38	50	39	42	44	60	35	18	39	32	53	28	27	42	62	31	2	31	40	34	5	39	41	26	2	25	42	27	1	53
chr9	64480444	64480533	90	8	0	90	56	34	8	3	4	4	3	1	2	8	6	1	4	5	2	0	0	3	1	1	1	3	5	1	1	1	1	1	0	2	7	5	0	4
chr9	64480535	64480566	32	8	0	32	15	17	0	1	1	0	0	0	4	1	1	1	1	0	1	1	1	1	1	0	0	2	1	0	0	2	3	2	0	2	1	1	0	1
chr9	64480574	64481139	566	8	0	566	370	196	54	18	28	34	27	11	14	21	22	9	20	23	31	9	14	34	19	11	1	15	12	13	1	18	14	4	0	12	28	16	0	31
chr9	64481141	64481178	38	8	0	38	20	18	2	0	3	1	0	3	2	0	0	0	2	0	3	2	0	1	1	2	0	1	4	1	0	0	0	2	0	4	0	0	0	2
chr9	64481180	64481301	122	8	0	122	69	53	20	2	1	3	2	5	8	1	2	3	6	5	3	3	3	1	5	4	1	3	4	3	0	8	2	3	0	3	5	4	3	4
chr9	64481302	64481470	169	8	0	169	82	87	13	4	4	1	7	8	11	4	2	2	11	3	2	3	5	0	6	5	0	6	11	3	0	10	7	9	2	10	6	7	0	5
chr9	64481472	64481669	198	8	0	198	123	75	16	5	12	11	10	2	5	9	11	4	6	5	7	6	4	9	7	3	0	7	9	8	0	4	4	1	0	5	6	8	0	12
chr9	64481670	64481757	88	8	0	88	63	25	9	1	5	10	7	1	1	4	3	1	1	2	6	6	1	4	4	0	0	4	2	1	0	0	4	0	0	2	3	2	0	2
chr9	64481759	64481806	48	8	0	48	26	22	4	1	1	2	1	3	2	1	2	0	6	1	1	0	1	0	1	2	0	1	2	1	0	2	1	0	0	1	1	2	0	6
chr9	64481809	64482014	206	8	0	206	133	73	23	2	7	17	11	6	5	13	13	4	7	8	3	4	5	4	7	6	0	3	8	2	0	4	4	3	0	3	15	3	0	14
chr9	64482016	64482076	61	8	0	61	39	22	4	2	6	1	2	4	1	2	5	1	1	1	2	2	2	2	4	2	0	3	1	0	0	1	1	0	0	1	3	0	0	5
chr9	64482078	64482370	293	8	0	293	183	110	31	8	14	19	17	7	13	7	13	6	7	6	12	7	5	10	11	8	0	9	10	4	0	11	9	6	0	9	14	8	0	10
chr9	64482372	64482401	30	8	0	30	22	8	1	1	1	6	2	2	0	1	3	0	0	0	2	0	1	1	1	1	0	1	1	0	0	0	0	0	0	0	2	0	0	1
chr9	64482403	64483212	810	8	0	810	563	247	85	30	30	63	29	19	25	40	31	11	9	28	63	28	21	50	45	13	3	27	17	8	2	10	17	6	3	16	34	10	4	31
chr9	64483216	64483246	31	8	0	31	23	8	4	1	1	4	1	1	1	0	2	0	0	0	3	1	0	2	2	0	1	0	0	0	0	1	1	1	0	0	0	0	1	1
chr9	64483248	64483357	110	8	0	110	74	36	7	4	8	6	4	4	3	3	4	1	1	3	9	4	1	10	6	3	0	4	3	1	0	4	2	0	0	4	4	4	0	1
chr9	64483359	64483393	35	8	0	35	22	13	2	3	2	2	2	1	1	0	3	0	3	0	2	0	0	0	2	0	0	1	0	0	0	1	0	1	0	1	2	0	0	4
chr9	64483395	64483594	200	8	0	200	121	79	9	4	6	10	7	20	6	4	3	4	8	9	10	3	10	7	18	2	0	12	6	1	0	5	4	2	0	4	8	7	0	9
chr9	64483595	64483639	45	8	0	45	20	25	0	0	0	1	1	9	1	1	0	0	1	1	0	2	1	1	7	3	1	1	4	3	0	1	0	1	1	0	1	1	0	0
chr9	64483640	64483676	37	8	0	37	19	18	1	2	0	0	1	5	2	2	0	1	0	0	1	2	0	1	7	2	0	1	2	2	0	0	1	1	0	0	0	0	0	1
chr9	64483678	64483817	140	8	0	140	90	50	12	6	7	11	7	2	3	10	5	3	1	1	12	5	3	2	7	2	0	7	8	2	0	3	3	4	0	2	4	4	0	2
chr9	64483818	64483830	13	9	0	13	8	5	1	0	2	0	0	0	0	0	2	0	0	0	0	1	1	0	0	0	0	1	0	0	0	1	0	0	0	0	0	1	0	1
chr9	64483831	64484076	246	8	0	246	182	64	33	7	8	25	10	2	5	14	15	4	3	8	14	4	9	19	8	3	0	6	5	0	0	3	1	3	0	4	17	2	0	12
chr9	64484077	64484116	40	8	0	40	28	12	6	1	3	3	2	1	0	2	4	0	2	1	1	1	0	0	2	0	0	1	0	0	0	0	0	0	0	2	3	0	0	3
chr9	64484118	64484354	237	8	0	237	158	79	18	10	6	17	13	4	7	16	10	5	8	10	10	8	3	11	16	5	1	6	6	0	1	4	2	1	0	3	16	5	2	11
chr9	64484355	64484569	215	8	0	215	130	85	12	4	9	12	8	6	8	10	10	4	11	3	7	6	6	13	8	2	0	10	8	2	0	7	10	3	0	6	7	10	0	11
chr9	64484571	64484619	49	8	0	49	34	15	5	1	2	4	1	2	2	2	3	0	1	2	3	2	2	1	3	1	0	1	0	0	0	1	1	0	0	1	3	0	0	3
chr9	64484621	64484898	278	8	0	278	177	101	10	11	10	17	10	7	8	8	6	4	12	10	22	8	10	23	14	4	2	10	6	3	1	9	3	5	4	8	10	7	1	13
chr9	64484900	64484957	58	8	0	58	48	10	9	0	6	7	1	0	0	2	3	2	0	0	9	0	0	7	0	0	0	2	1	0	0	0	1	1	0	0	1	0	0	4
chr9	64484958	64485145	188	8	0	188	81	107	7	3	5	3	3	5	12	2	3	5	12	2	4	5	4	5	4	7	2	5	9	10	5	14	5	12	6	5	4	8	1	9
chr9	64485147	64485172	26	8	0	26	8	18	0	0	0	0	0	1	2	0	0	2	2	0	0	0	0	0	1	1	1	0	2	1	1	0	0	2	3	1	1	0	1	2
chr9	64485174	64485480	307	8	0	307	148	159	28	9	5	6	9	13	17	5	6	6	18	6	5	7	7	1	12	8	4	11	15	13	4	16	6	15	7	10	11	10	5	10
chr9	64485486	64485578	93	8	0	93	44	49	1	3	2	3	2	2	5	2	3	3	5	2	3	2	4	1	1	4	1	5	4	6	3	5	2	3	0	1	4	5	0	4
chr9	64485580	64485597	18	8	0	18	8	10	0	0	0	0	0	0	2	0	0	2	2	0	0	0	0	0	1	2	0	0	0	1	0	2	0	0	0	0	2	0	0	2
chr9	64485599	64485740	142	8	0	142	63	79	10	0	1	6	0	4	8	3	5	4	12	3	1	0	3	2	1	3	1	3	8	13	2	9	2	6	1	5	4	11	2	7
chr9	64485741	64486583	843	8	0	843	360	483	36	23	25	8	26	31	51	25	24	22	30	19	6	16	10	8	28	33	10	20	50	56	26	43	32	50	12	26	23	36	10	26
chr9	64486585	64486612	28	8	0	28	11	17	0	0	1	0	0	3	2	2	1	1	0	0	0	0	0	0	1	2	1	1	4	0	0	1	0	3	0	1	1	0	1	0
chr9	64486614	64487320	707	8	0	707	349	358	37	19	27	18	24	30	27	22	25	17	25	16	15	15	14	18	37	12	11	20	31	28	20	29	19	31	15	21	16	37	6	23
chr9	64487321	64487449	129	8	0	129	93	36	11	2	8	13	5	3	2	5	9	3	0	2	8	4	2	14	4	2	1	6	3	1	0	1	1	1	1	1	7	1	2	4
chr9	64487456	64487594	139	8	0	139	66	73	10	1	4	6	4	4	8	3	4	3	5	4	3	3	3	1	3	3	2	3	8	5	2	6	1	11	4	7	7	3	2	4
chr9	64487596	64487638	43	8	0	43	16	27	0	0	2	1	1	1	3	0	1	0	1	1	1	2	1	0	1	1	0	1	4	3	1	2	0	4	3	3	1	2	0	0
chr9	64487640	64487758	119	8	0	119	63	56	18	3	4	3	6	4	4	0	3	3	8	1	2	0	2	0	2	3	1	4	4	3	4	4	6	5	2	3	2	4	1	8
chr9	64487759	64487768	10	9	0	10	9	1	5	0	1	0	0	0	0	0	1	0	0	0	0	0	0	0	0	0	0	0	0	0	0	0	0	0	0	0	0	0	0	1
chr9	64487769	64487798	30	8	0	30	23	7	8	1	5	1	0	0	0	0	5	0	0	0	2	0	0	0	0	0	0	1	0	0	0	1	0	0	0	0	0	1	0	3
chr9	64487800	64488074	275	8	0	275	162	113	25	7	6	15	8	11	14	7	7	3	8	6	14	13	7	10	13	8	1	12	15	9	0	9	3	11	2	6	9	5	1	8
chr9	64488076	64488103	28	8	0	28	13	15	0	0	1	1	1	0	2	1	2	1	3	0	0	0	0	0	1	0	0	0	0	0	0	3	1	2	0	1	2	2	0	2
chr9	64488105	64488467	363	8	0	363	235	128	34	17	12	22	12	11	18	9	17	4	11	9	22	6	6	24	18	3	2	15	11	5	0	9	6	6	1	9	15	10	3	14
chr9	64488469	64488499	31	8	0	31	20	11	7	0	1	1	0	1	3	0	2	1	0	1	1	0	1	0	1	0	0	1	0	0	0	0	2	0	0	2	1	1	0	2
chr9	64488501	64488703	203	8	0	203	72	131	6	3	5	2	0	6	11	3	8	5	13	1	2	2	2	2	4	4	6	2	11	9	12	10	4	15	15	11	2	14	3	8
chr9	64488705	64488859	155	8	0	155	57	98	4	2	3	2	2	8	10	3	5	3	4	3	0	3	2	2	6	5	2	2	7	6	9	5	7	10	15	8	3	6	2	4
chr9	64488861	64488992	132	8	0	132	82	50	10	4	9	6	6	1	6	6	9	5	1	6	3	1	4	4	3	3	0	4	3	2	0	5	1	1	0	6	12	4	0	5
chr9	64488994	64489014	21	8	0	21	18	3	2	0	0	4	1	0	0	0	0	0	0	0	3	2	1	4	2	0	0	0	0	0	0	0	0	0	0	0	0	0	0	0
chr9	64489016	64489202	187	8	0	187	120	67	19	6	10	11	7	6	8	4	9	4	7	3	11	3	3	8	5	4	1	9	7	0	1	4	6	2	0	4	6	6	0	11
chr9	64489204	64489250	47	8	0	47	26	21	1	1	1	3	2	1	1	3	2	2	0	1	0	1	2	3	3	1	0	1	3	2	0	2	0	2	1	1	1	2	1	1
chr9	64489252	64489480	229	8	0	229	149	80	17	9	12	8	10	2	6	16	9	6	6	9	10	7	4	17	14	0	0	10	8	1	0	5	2	4	1	5	11	9	1	8
chr9	64489482	64489508	27	8	0	27	14	13	0	0	1	1	1	2	1	1	1	3	0	2	0	0	0	0	2	0	1	1	2	0	0	0	0	0	0	0	2	2	1	1
chr9	64489510	64489615	106	8	0	106	64	42	7	5	7	3	3	2	5	5	7	1	2	3	4	1	2	5	4	3	1	1	4	1	1	2	5	1	0	6	3	3	0	7
chr9	64489617	64489652	36	8	0	36	25	11	3	1	3	3	2	1	1	1	3	1	1	1	2	0	0	0	2	0	0	1	0	0	0	0	1	0	0	1	3	0	0	3
chr9	64489654	64489912	259	8	0	259	176	83	31	7	12	20	11	5	5	13	15	2	2	11	13	7	8	12	10	5	1	5	5	1	2	8	8	2	1	5	11	8	2	9
chr9	64489914	64490167	254	8	0	254	163	91	23	10	10	16	12	8	10	11	13	1	12	5	11	10	3	8	11	6	0	12	7	1	0	6	5	4	0	6	18	2	0	11
chr9	64490169	64490213	45	8	0	45	30	15	4	1	1	3	0	4	1	2	0	1	4	0	5	0	1	2	3	1	0	2	0	0	0	1	1	0	0	1	3	0	0	2
chr9	64490214	64491783	1570	8	0	1570	1022	548	138	56	66	89	47	35	59	75	73	20	41	51	91	43	49	89	65	20	6	62	44	29	1	26	46	18	3	41	61	33	5	86
chr9	64491785	64491823	39	8	0	39	19	20	1	1	2	0	0	2	3	1	3	1	0	1	0	0	2	2	1	1	0	2	2	1	0	2	3	0	0	1	0	3	0	2
chr9	64491825	64491929	105	8	0	105	57	48	9	2	7	3	3	2	2	6	6	2	10	0	3	0	0	1	2	1	0	3	4	5	0	7	0	2	0	4	6	8	0	5
chr9	64491930	64491947	18	8	0	18	10	8	1	1	0	0	0	1	2	0	1	0	1	0	0	2	0	0	1	1	0	2	1	0	0	0	0	0	0	0	2	0	0	0
chr9	64491949	64492818	870	8	0	870	501	369	46	29	37	33	29	31	42	35	42	19	36	23	29	16	22	31	47	20	1	27	30	23	2	30	17	18	4	29	43	23	3	51
chr9	64492819	64492829	11	9	0	11	6	5	0	0	1	0	0	0	1	0	1	0	1	0	0	0	0	0	0	0	0	1	0	0	0	0	1	0	0	1	0	0	0	2
chr9	64492830	64493217	388	8	0	388	234	154	20	7	25	17	11	8	14	18	24	6	16	8	14	14	10	21	15	7	1	12	9	11	0	16	13	7	0	8	14	10	1	29
chr9	64493218	64493250	33	9	0	33	21	12	2	2	1	1	0	0	4	0	3	0	0	1	1	1	1	2	1	0	0	2	1	0	0	1	1	0	0	1	1	2	0	2
chr9	64493251	64494111	861	8	0	861	529	332	66	25	33	48	35	25	35	47	35	18	23	24	37	25	19	33	46	20	4	23	34	13	3	20	27	14	0	27	35	23	3	39
chr9	64494120	64494238	119	8	0	119	84	35	21	10	4	5	9	1	4	3	6	1	4	3	3	2	3	3	8	1	0	5	2	0	0	1	2	0	0	2	5	2	0	7
chr9	64494240	64494274	35	8	0	35	23	12	5	0	2	2	1	0	1	1	1	1	0	3	1	0	1	2	1	0	0	0	0	2	0	2	1	1	0	0	2	1	0	2
chr9	64494276	64494584	309	8	0	309	207	102	34	16	9	16	10	7	7	19	17	3	6	8	13	6	12	23	22	2	2	6	4	7	0	8	9	1	1	5	8	10	1	15
chr9	64494586	64494611	26	8	0	26	18	8	1	1	1	2	2	0	1	1	2	0	1	1	1	1	0	2	1	0	0	1	1	0	0	0	0	0	0	0	2	1	0	1
chr9	64494613	64494812	200	8	0	200	142	58	26	8	8	18	12	5	4	4	10	0	2	5	14	6	5	13	6	5	1	7	6	2	1	3	6	1	0	3	7	4	0	6
chr9	64494814	64494904	91	8	0	91	51	40	3	3	7	3	5	1	4	3	6	2	5	4	2	0	0	2	3	2	1	0	4	0	0	4	1	1	0	6	4	5	1	7
chr9	64494905	64495619	715	8	0	715	421	294	52	21	28	33	31	24	36	25	31	18	28	16	19	13	20	24	32	13	3	28	26	12	0	21	25	16	0	25	33	18	3	39
chr9	64495620	64496142	523	8	0	523	301	222	24	18	20	16	23	27	21	19	14	15	22	12	17	15	15	21	27	18	4	26	15	10	1	19	20	5	3	10	28	12	0	24
chr9	64496144	64496187	44	8	0	44	22	22	1	2	3	1	2	2	3	1	4	2	0	0	0	0	0	0	3	2	0	0	2	2	0	3	1	1	0	0	2	2	0	3
chr9	64496192	64496854	663	8	0	663	443	220	60	26	28	55	29	9	18	24	32	8	13	24	48	16	17	35	22	17	2	18	21	13	2	17	13	5	1	11	24	18	5	30
chr9	64496856	64496912	57	8	0	57	36	21	11	2	1	1	1	2	1	3	1	0	1	2	3	0	3	2	2	0	0	2	1	3	1	1	2	2	1	1	2	1	0	2
chr9	64496915	64496929	15	8	0	15	10	5	3	1	2	0	1	0	0	0	1	0	1	0	0	0	0	0	1	0	0	0	0	0	0	1	0	0	0	0	0	0	0	2
chr9	64496931	64497156	226	8	0	226	164	62	22	5	13	21	8	4	3	10	11	3	2	5	21	7	8	20	9	2	0	7	4	3	0	3	4	2	0	6	8	3	0	10
chr9	64497158	64497198	41	8	0	41	33	8	5	3	0	6	2	0	1	3	1	0	0	0	6	2	0	3	3	0	0	1	0	0	0	0	2	0	0	0	1	0	0	0
chr9	64497199	64497313	115	8	0	115	75	40	10	2	3	13	5	3	1	3	3	1	3	2	11	3	6	4	4	3	0	3	5	6	0	4	1	2	0	3	2	4	0	3
chr9	64497315	64497395	81	8	0	81	56	25	9	0	4	7	3	3	1	4	6	0	1	0	2	4	3	7	4	1	1	1	0	1	0	2	5	1	0	2	2	0	1	4
chr9	64497397	64497618	222	8	0	222	135	87	11	9	8	9	7	8	11	11	7	5	7	4	13	10	3	10	15	6	0	11	7	5	0	8	7	3	0	2	8	6	0	9
chr9	64497619	64497706	88	9	0	88	53	35	6	2	2	6	3	5	3	7	6	1	3	1	1	2	1	2	7	3	0	0	1	2	0	5	4	1	0	1	6	2	0	3
chr9	64497707	64498075	369	8	0	369	205	164	30	12	16	11	12	15	14	14	17	6	17	12	9	7	1	11	11	9	7	13	13	8	5	15	14	11	1	4	16	13	7	16
chr9	64498076	64498092	17	9	0	17	10	7	4	0	0	0	0	0	2	0	1	1	0	0	0	0	0	0	0	0	0	1	1	0	0	1	1	0	0	1	0	2	0	0
chr9	64498093	64498593	501	8	0	501	299	202	28	18	11	26	13	19	20	21	17	6	20	15	25	15	20	24	26	10	4	18	18	11	1	19	13	7	0	16	16	21	3	18
chr9	64498595	64498705	111	8	0	111	33	78	0	0	2	0	0	3	7	3	2	1	5	2	0	4	1	3	1	2	2	3	8	13	6	5	1	15	5	5	2	3	3	2
chr9	64498707	64499133	427	8	0	427	192	235	25	12	13	1	5	18	31	6	17	7	24	11	4	9	5	4	13	20	4	9	19	25	9	28	12	15	4	17	16	22	1	19
chr9	64499135	64499171	37	8	0	37	29	8	11	2	2	2	2	0	1	0	2	0	0	0	3	1	0	2	1	0	0	2	0	0	0	1	1	0	0	0	1	1	0	0
chr9	64499173	64499251	79	8	0	79	30	49	5	0	1	1	0	4	3	1	3	2	6	0	0	0	2	0	3	1	0	2	4	13	2	5	1	3	1	3	1	7	1	2
chr9	64499253	64499279	27	8	0	27	15	12	2	0	0	1	0	0	2	1	0	0	3	2	1	0	1	2	0	0	0	0	0	0	0	2	1	1	0	2	2	1	0	1
chr9	64499281	64499334	54	8	0	54	21	33	1	1	0	1	1	0	5	0	1	4	2	1	0	1	3	0	1	4	1	0	3	4	0	5	0	2	1	2	2	3	0	3
chr9	64499339	64499365	27	8	0	27	14	13	1	1	1	0	1	0	1	1	1	0	2	0	0	2	0	1	1	1	0	1	1	1	0	3	0	2	0	0	2	1	0	0
chr9	64499367	64499418	52	8	0	52	25	27	2	2	1	2	2	0	3	2	1	2	3	2	2	0	0	0	1	2	0	1	3	4	0	3	1	1	0	2	3	4	0	1
chr9	64499420	64499463	44	8	0	44	26	18	11	4	0	0	3	1	1	0	0	0	2	0	0	1	1	0	3	2	1	1	1	2	1	3	0	2	0	0	1	1	0	0
chr9	64499465	64499581	117	8	0	117	49	68	0	1	2	2	3	4	9	1	2	1	12	3	1	4	3	0	2	2	0	6	3	2	3	7	5	8	4	7	6	3	3	6
chr9	64499583	64499612	30	8	0	30	9	21	0	0	0	0	0	3	2	0	0	1	0	0	0	1	1	0	1	2	1	1	3	1	0	3	1	4	3	0	0	0	0	0
chr9	64499613	64499729	117	8	0	117	62	55	12	5	2	4	5	3	4	5	4	3	4	4	1	2	2	1	6	2	2	3	7	4	2	5	0	5	2	1	4	7	1	3
chr9	64499730	64499747	18	9	0	18	4	14	0	0	0	0	0	1	1	0	0	0	1	0	0	0	0	0	0	1	0	0	2	1	1	0	0	2	3	2	1	0	0	0
chr9	64499748	64500496	749	8	0	749	448	301	42	19	28	47	24	19	24	23	26	13	29	13	44	20	27	49	26	15	4	26	22	18	9	29	22	21	9	18	20	23	2	36
chr9	64500498	64500535	38	8	0	38	18	20	0	1	1	0	1	0	2	2	1	2	6	2	0	0	0	0	0	0	0	2	0	1	0	3	1	0	0	1	4	3	0	3
chr9	64500537	64500631	95	8	0	95	62	33	8	4	2	7	5	2	2	5	6	1	3	5	2	1	2	7	2	4	0	2	3	0	1	2	1	1	0	0	8	2	1	4
chr9	64500632	64500646	15	9	0	15	10	5	1	0	0	2	1	1	0	0	0	1	1	0	1	0	0	1	1	0	0	1	0	0	0	0	0	0	0	0	1	1	0	0
chr9	64500647	64500894	248	8	0	248	169	79	28	12	10	16	12	5	6	18	17	4	9	5	9	5	4	8	17	2	1	6	4	0	0	2	3	1	0	8	17	3	1	13
chr9	64500896	64500919	24	8	0	24	18	6	3	1	1	1	0	0	1	1	0	1	0	1	2	2	1	1	2	0	0	2	0	0	0	0	0	0	0	0	1	0	0	1
chr9	64500921	64500990	70	8	0	70	56	14	10	1	1	9	2	0	2	2	3	2	0	1	7	2	3	10	2	0	0	3	1	0	0	0	0	1	0	1	3	0	0	2
chr9	64500992	64501012	21	8	0	21	14	7	0	0	0	3	1	0	0	1	2	1	1	1	0	1	1	0	1	0	1	0	0	0	0	0	0	0	0	0	2	0	1	2
chr9	64501014	64501247	234	8	0	234	149	85	18	9	10	18	11	6	6	14	10	5	2	1	17	8	5	7	13	6	0	9	11	4	1	7	5	8	1	2	8	5	0	5
chr9	64501248	64501267	20	9	0	20	12	8	0	0	0	1	1	6	0	1	0	0	0	0	0	1	0	1	7	0	0	0	0	0	0	0	0	0	0	0	0	0	0	0
chr9	64501268	64501799	532	8	0	532	333	199	43	18	19	29	18	38	22	11	16	7	14	12	32	18	14	22	43	11	3	24	15	6	0	14	15	3	1	13	14	15	2	18
chr9	64501801	64501824	24	8	0	24	12	12	1	1	2	1	1	1	0	0	3	0	0	0	0	1	0	1	0	2	0	1	2	2	1	0	0	0	0	0	0	1	1	0
chr9	64501825	64502124	300	8	0	300	208	92	40	12	14	18	14	4	9	13	13	6	6	8	18	12	6	13	21	5	0	8	5	3	0	9	2	2	0	4	12	7	0	14
chr9	64502125	64502137	13	9	0	13	11	2	2	1	0	0	0	1	0	0	0	0	0	0	1	0	0	5	1	0	0	0	0	0	0	0	0	0	0	0	0	0	0	0
chr9	64502138	64502191	54	8	0	54	38	16	2	3	0	4	2	2	3	2	0	0	1	2	5	4	2	5	4	1	0	4	1	0	0	0	2	0	0	0	1	0	0	2
chr9	64502193	64502254	62	8	0	62	41	21	8	2	3	2	3	5	1	2	2	1	0	2	2	4	1	1	6	2	1	3	1	0	1	0	1	0	0	1	4	0	0	1
chr9	64502256	64502958	703	8	0	703	503	200	67	23	29	55	29	14	13	38	22	10	11	25	55	25	19	66	44	10	0	18	14	8	0	12	11	6	0	9	25	10	0	33
chr9	64502964	64502996	33	8	0	33	16	17	0	0	1	1	0	1	0	1	1	1	5	0	1	2	1	0	1	0	1	2	0	1	0	3	0	1	0	1	2	2	1	1
chr9	64502998	64503071	74	8	0	74	36	38	3	3	6	0	0	1	6	0	7	1	4	0	2	1	1	0	2	4	0	0	2	2	0	9	1	3	0	2	3	3	0	6
chr9	64503072	64503081	10	9	0	10	6	4	1	1	0	0	0	1	0	0	0	0	0	0	1	0	0	1	1	1	0	0	0	0	1	0	0	0	0	0	0	0	0	0
chr9	64503082	64503196	115	8	0	115	66	49	7	4	8	1	2	3	5	4	8	4	6	2	3	4	2	1	8	4	1	2	5	1	0	5	0	1	0	1	2	5	1	13
chr9	64503198	64503569	372	8	0	372	235	137	31	19	13	19	13	6	19	16	23	5	7	9	16	10	8	20	16	6	0	17	14	7	0	10	8	5	3	6	16	13	1	14
chr9	64503571	64503602	32	8	0	32	18	14	1	1	0	2	3	2	1	1	0	1	1	2	0	0	2	0	2	0	0	2	1	0	0	1	2	1	0	1	2	1	0	0
chr9	64503604	64503958	355	8	0	355	244	111	44	13	15	25	15	5	9	14	16	3	12	9	22	13	8	19	14	8	3	10	6	4	0	10	6	1	1	8	17	7	0	16
chr9	64503960	64503999	40	8	0	40	24	16	4	1	1	3	3	2	2	1	2	0	0	1	1	0	0	1	1	1	0	1	3	0	0	1	3	3	0	0	2	0	0	1
chr9	64504001	64504924	924	8	0	924	667	257	91	27	30	91	39	17	26	41	38	14	20	31	71	28	22	81	49	9	0	28	11	8	0	15	15	3	0	15	48	14	0	40
chr9	64504925	64504940	16	9	0	16	10	6	1	1	0	1	1	0	0	1	0	0	0	0	1	0	1	1	0	1	0	0	1	2	0	0	1	0	0	1	0	0	0	0
chr9	64504941	64505729	789	8	0	789	526	263	58	21	36	50	26	17	20	46	28	11	15	24	53	25	31	63	27	15	1	31	24	10	0	15	34	7	0	21	25	17	1	35
chr9	64505730	64505769	40	9	0	40	25	15	0	0	0	0	0	13	0	0	0	0	0	0	0	2	0	10	13	0	0	0	0	0	0	0	0	0	0	0	0	0	0	0
chr9	64505770	64506077	308	8	0	308	237	71	49	16	7	33	15	4	7	8	9	0	6	7	32	10	9	23	14	3	1	12	3	0	1	2	8	0	0	4	9	3	0	11
chr9	64506087	64506459	373	8	0	373	254	119	40	9	24	26	12	10	14	9	23	4	7	9	23	17	6	20	20	9	0	11	10	5	0	6	5	3	0	6	10	5	0	28
chr9	64506460	64506522	63	8	0	63	31	32	8	1	0	1	2	5	4	0	0	1	5	1	1	1	0	0	1	3	0	4	4	3	1	2	4	1	0	1	1	3	1	2
chr9	64506524	64508819	2296	8	0	2296	1436	860	193	69	85	137	81	58	69	91	85	48	69	61	125	60	78	127	90	52	13	80	67	46	17	75	56	45	10	44	86	62	14	101
chr9	64508821	64508864	44	8	0	44	33	11	10	1	3	2	1	1	0	2	4	1	0	2	2	0	0	2	0	1	1	1	1	0	0	0	0	0	0	0	4	0	1	2
chr9	64508865	64509152	288	8	0	288	208	80	45	9	13	27	17	4	5	11	16	1	2	2	17	18	6	13	18	5	0	9	8	3	1	3	4	5	0	3	7	2	1	11
chr9	64509154	64509186	33	8	0	33	24	9	5	1	1	4	1	1	2	0	3	0	0	1	2	1	1	0	1	0	0	2	1	0	0	0	0	0	0	0	2	1	0	1
chr9	64509188	64509340	153	8	0	153	112	41	23	3	6	12	5	3	3	7	10	0	1	3	6	3	4	21	4	3	0	3	4	4	0	1	4	0	0	4	6	2	0	6
chr9	64509342	64509366	25	8	0	25	21	4	2	1	1	3	0	0	1	0	2	0	0	0	4	1	0	5	0	0	0	1	0	0	0	0	0	0	0	0	1	0	0	1
chr9	64509368	64509727	360	8	0	360	264	96	45	12	13	36	18	6	6	19	15	3	9	12	27	11	5	25	17	3	0	12	7	2	0	4	6	3	0	3	20	5	0	14
chr9	64509728	64509741	14	9	0	14	9	5	1	1	1	0	0	1	0	0	1	0	0	0	1	1	2	0	1	0	0	2	0	0	0	0	0	0	0	0	0	0	0	0
chr9	64509742	64510464	723	8	0	723	487	236	56	15	38	57	29	12	19	35	36	8	13	24	45	26	17	56	24	16	0	21	23	10	0	19	20	10	0	12	29	16	0	35
chr9	64510466	64510506	41	8	0	41	22	19	1	2	1	1	0	2	1	5	3	0	2	0	1	0	1	2	1	2	0	1	2	3	0	1	1	0	0	1	3	1	0	1
chr9	64510508	64510649	142	8	0	142	84	58	2	1	5	8	7	5	4	7	4	3	4	6	3	9	6	8	9	5	0	4	7	4	0	5	2	1	0	3	5	6	0	7
chr9	64510650	64510660	11	9	0	11	7	4	1	0	1	0	0	0	1	0	0	1	1	0	0	0	0	0	1	0	0	0	0	0	0	0	0	0	0	0	0	0	0	3
chr9	64510661	64513191	2531	8	0	2531	1675	856	238	63	120	171	87	55	70	117	104	41	65	77	162	75	66	163	101	48	10	74	78	37	0	72	54	34	3	57	96	68	5	118
chr9	64513193	64513221	29	8	0	29	16	13	1	1	0	2	0	2	0	2	2	1	1	0	1	1	2	0	2	1	0	1	0	1	0	2	0	0	0	0	2	1	1	0
chr9	64513223	64513305	83	8	0	83	54	29	5	3	5	4	2	2	2	4	3	3	3	1	6	3	2	5	1	1	2	7	4	1	0	0	0	0	0	2	4	3	0	3
chr9	64513307	64513337	31	8	0	31	21	10	4	0	2	0	0	0	1	1	0	0	0	1	2	5	2	2	1	1	1	2	0	0	0	1	0	0	1	1	0	0	0	1
chr9	64513339	64513570	232	8	0	232	152	80	11	9	2	12	11	5	6	15	2	4	3	8	10	13	16	23	19	2	4	6	0	0	1	8	9	6	1	6	9	1	0	8
chr9	64513575	64513600	26	8	0	26	21	5	2	0	0	4	0	1	0	3	0	1	0	1	3	1	0	4	2	0	0	0	0	0	0	0	0	0	0	0	2	0	0	0
chr9	64513602	64513663	62	8	0	62	46	16	2	2	1	8	2	1	2	1	5	0	2	1	4	2	3	8	1	1	0	3	1	0	0	0	0	0	0	2	4	0	0	4
chr9	64513664	64513673	10	9	0	10	6	4	0	1	0	0	1	0	0	0	1	0	0	0	0	0	2	0	0	0	0	1	0	0	0	1	0	0	0	0	0	1	0	0
chr9	64513674	64514527	854	8	0	854	554	300	83	19	37	64	39	16	28	27	42	14	27	23	38	22	28	46	25	9	2	35	29	15	1	20	22	12	0	24	34	29	1	41
chr9	64514534	64514698	165	8	0	165	126	39	17	1	8	17	5	4	1	4	8	1	1	5	13	3	11	25	4	0	0	5	2	1	0	1	3	1	0	6	5	2	0	9
chr9	64514700	64514829	130	8	0	130	85	45	4	3	5	9	6	4	4	7	6	4	2	6	5	6	2	10	7	4	1	5	5	1	0	2	1	0	0	1	9	3	1	5
chr9	64514831	64515732	902	8	0	902	541	361	50	33	37	51	33	35	39	31	49	13	33	35	39	11	19	33	41	20	1	30	29	25	3	26	17	14	2	21	50	25	4	51
chr9	64515734	64516038	305	8	0	305	174	131	20	7	14	12	12	12	13	10	12	7	12	3	9	12	12	7	16	7	1	14	7	6	1	13	9	6	0	15	15	10	0	9
chr9	64516040	64516079	40	8	0	40	19	21	0	0	3	0	3	3	3	1	0	0	2	3	0	0	0	0	0	1	0	3	3	0	0	0	5	1	0	2	2	1	0	2
chr9	64516081	64516392	312	8	0	312	148	164	7	6	13	6	11	11	20	11	9	9	14	9	5	3	9	4	9	5	4	11	14	17	3	11	20	9	2	17	10	14	1	16
chr9	64516394	64516423	30	8	0	30	18	12	2	3	2	0	1	0	2	0	2	0	0	0	3	1	0	0	1	1	0	2	1	2	0	2	0	0	0	0	1	2	0	0
chr9	64516425	64516720	296	8	0	296	143	153	14	10	11	4	11	9	19	10	12	3	15	4	2	3	9	6	8	7	2	7	16	17	0	11	16	12	1	21	9	8	1	16
chr9	64516722	64516842	121	8	0	121	82	39	13	1	9	7	5	2	3	6	8	2	1	7	6	2	2	6	3	1	0	3	3	2	0	3	2	2	0	2	8	3	0	7
chr9	64516844	64517518	675	8	0	675	422	253	67	19	35	36	29	16	25	29	33	11	15	22	29	16	14	25	28	17	0	17	27	11	0	24	16	15	1	16	28	19	1	32
chr9	64517520	64517549	30	8	0	30	22	8	4	2	1	4	2	0	0	0	1	1	0	1	4	0	1	1	1	1	0	0	0	0	0	1	0	0	0	0	1	1	0	1
chr9	64517551	64517851	301	8	0	301	201	100	18	10	14	19	12	9	8	13	16	9	6	9	14	12	13	17	21	6	1	12	7	2	0	5	3	0	1	2	12	6	0	22
chr9	64517852	64517880	29	9	0	29	22	7	10	1	1	2	1	1	1	0	2	0	0	0	2	0	0	0	1	1	0	0	0	0	0	0	1	0	0	1	1	0	0	1
chr9	64517881	64518074	194	8	0	194	120	74	18	6	2	11	9	7	4	17	6	7	6	3	4	5	4	11	13	4	2	6	7	2	1	4	8	2	1	1	9	6	2	4
chr9	64518075	64518264	190	8	0	190	96	94	1	7	1	6	3	11	8	17	3	2	5	3	7	6	6	8	15	5	2	4	6	15	0	10	14	5	1	4	4	6	1	2
chr9	64518269	64518295	27	8	0	27	26	1	8	0	1	3	0	0	0	0	0	0	0	0	6	1	0	5	0	0	0	1	0	0	0	0	0	0	0	0	0	0	0	0
chr9	64518296	64518305	10	8	0	10	9	1	7	0	0	0	1	0	0	0	0	0	0	0	0	0	0	0	0	0	0	0	0	0	0	0	0	0	0	0	0	0	0	0
chr9	64518307	64518649	343	8	0	343	231	112	44	14	15	22	21	7	12	8	15	4	9	11	15	9	10	14	16	7	0	11	7	4	0	7	9	0	0	11	15	7	0	17
chr9	64518651	64518666	16	8	0	16	8	8	0	1	1	0	0	0	0	1	1	1	1	0	0	0	0	0	1	0	1	0	0	0	0	1	0	1	1	0	0	0	2	1
chr9	64518667	64518706	40	8	0	40	30	10	11	2	2	2	3	0	0	1	1	0	1	4	1	0	0	1	1	0	0	1	2	0	0	0	0	0	0	0	1	2	0	2
chr9	64518708	64518828	121	8	0	121	87	34	21	1	6	6	4	2	3	3	6	2	2	7	5	3	4	10	3	2	0	3	4	1	0	2	0	0	0	2	5	4	0	8
chr9	64518838	64518870	33	8	0	33	23	10	4	3	1	0	1	2	0	1	0	0	1	0	3	3	2	1	4	1	0	2	0	0	0	1	0	0	0	0	0	0	0	1
chr9	64518872	64519008	137	8	0	137	91	46	17	2	5	12	7	2	5	5	9	2	1	6	4	4	3	5	5	3	0	2	6	1	0	5	1	1	0	4	7	7	0	4
chr9	64519010	64519174	165	8	0	165	98	67	7	1	5	11	6	1	5	9	11	3	7	9	0	4	10	7	2	3	0	4	7	3	1	5	3	2	0	7	10	8	1	11
chr9	64519176	64519237	62	8	0	62	48	14	23	3	1	4	1	0	4	0	3	0	1	0	4	0	0	4	1	1	0	1	1	0	0	1	2	1	0	1	1	0	0	2
chr9	64519239	64519262	24	8	0	24	16	8	0	1	1	1	2	0	0	2	1	0	0	3	0	0	1	3	1	0	0	0	1	0	0	1	0	0	0	0	2	1	0	1
chr9	64519264	64520981	1718	8	0	1718	1110	608	163	73	66	102	85	49	49	87	78	24	20	56	78	33	58	89	81	35	10	53	67	23	2	31	61	23	5	37	60	42	5	71
chr9	64520985	64522560	1576	8	0	1576	1046	530	188	62	70	94	68	46	42	43	72	17	44	35	85	45	38	96	67	30	7	66	45	24	4	43	29	20	1	26	58	42	8	59
chr9	64522568	64523783	1216	8	0	1216	822	394	121	35	60	99	48	24	30	46	69	18	21	25	77	39	42	68	39	20	4	53	28	11	3	31	26	19	4	22	55	23	7	47
chr9	64523784	64523801	18	9	0	18	13	5	6	0	3	0	0	0	0	0	2	0	0	0	0	0	0	0	0	0	0	0	0	0	0	2	0	0	0	0	0	2	0	1
chr9	64523802	64524024	223	8	0	223	167	56	34	6	11	22	10	2	3	10	10	7	3	3	18	5	7	14	12	4	0	4	2	1	0	4	3	0	0	3	8	2	0	13
chr9	64524029	64525035	1007	8	0	1007	624	383	92	29	37	62	39	28	43	26	36	18	28	30	53	22	25	56	38	23	4	32	34	13	6	30	31	23	8	28	33	25	10	43
chr9	64525037	64525056	20	8	0	20	12	8	0	2	0	1	1	0	2	0	0	0	0	0	1	1	1	1	1	1	0	1	1	0	0	1	0	1	0	1	1	0	0	0
chr9	64525058	64526312	1255	8	0	1255	752	503	109	40	47	63	60	47	48	43	46	21	33	42	44	30	40	38	62	29	7	41	45	19	4	41	43	26	11	32	48	35	6	53
chr9	64526315	64526554	240	8	0	240	150	90	17	4	9	17	7	7	4	16	13	3	9	6	11	5	6	14	7	3	1	8	8	9	0	9	6	2	0	6	13	12	1	5
chr9	64526556	64526573	18	8	0	18	10	8	1	0	0	1	1	1	1	0	0	0	0	0	0	1	2	1	1	1	0	1	0	1	0	1	2	0	0	0	0	0	0	0
chr9	64526575	64526944	370	8	0	370	255	115	43	13	7	31	15	8	9	18	15	3	10	12	20	11	10	29	14	11	0	9	11	8	1	6	7	0	0	7	18	7	1	14
chr9	64526954	64527229	276	8	0	276	192	84	29	12	6	25	11	2	5	14	10	3	4	6	21	8	12	23	11	7	0	7	6	7	1	9	6	1	0	5	9	7	1	6
chr9	64527231	64527294	64	8	0	64	49	15	7	2	0	9	2	0	3	3	5	0	0	3	5	3	3	3	3	0	0	2	0	0	0	1	0	0	0	0	4	1	0	3
chr9	64527296	64527311	16	8	0	16	11	5	0	1	0	1	1	0	0	0	0	0	1	1	1	1	1	2	1	1	0	0	0	0	0	1	0	0	0	0	0	0	0	1
chr9	64527312	64527351	40	8	0	40	33	7	12	1	4	4	2	0	0	0	6	0	0	0	1	0	1	0	0	0	0	1	0	0	0	0	0	0	0	0	2	0	0	4
chr9	64527353	64527736	384	8	0	384	272	112	52	10	20	30	20	9	6	15	16	6	10	10	22	12	9	23	14	7	0	16	5	1	0	11	8	4	0	4	23	5	0	14
chr9	64527739	64528434	696	8	0	696	495	201	102	30	27	48	22	10	19	24	31	12	21	9	51	23	17	47	39	8	2	26	10	6	3	14	6	3	1	10	20	16	2	35
chr9	64528435	64528651	217	8	0	217	152	65	28	7	10	18	10	3	5	11	10	2	1	8	14	7	4	13	8	6	0	5	9	3	0	3	4	2	0	4	8	4	0	8
chr9	64528653	64528680	28	8	0	28	20	8	7	0	2	2	1	0	0	0	0	0	0	1	2	0	3	1	0	0	0	0	0	1	0	1	0	1	0	3	1	0	0	0
chr9	64528682	64529841	1160	8	0	1160	732	428	116	21	39	86	39	32	30	50	45	24	32	33	61	33	27	63	43	23	9	34	35	27	16	20	21	22	15	28	52	26	10	46
chr9	64529842	64530496	655	8	0	655	499	156	102	12	30	66	23	6	7	26	32	9	8	22	53	15	23	64	18	4	0	20	8	3	1	12	7	4	0	7	28	13	1	29
chr9	64530498	64530522	25	8	0	25	14	11	1	1	2	1	2	0	1	1	2	1	1	0	0	0	0	0	0	0	0	2	2	0	0	0	0	1	0	1	2	1	0	1
chr9	64530524	64530698	175	8	0	175	115	60	20	4	9	7	5	4	4	8	7	6	7	3	7	3	8	12	5	1	1	10	4	1	0	4	4	2	0	4	8	4	1	10
chr9	64530699	64530719	21	9	0	21	21	0	8	0	0	4	0	0	0	0	0	0	0	0	3	0	0	4	0	0	0	0	0	0	0	0	0	0	0	0	0	0	0	0
chr9	64530720	64530908	189	8	0	189	93	96	9	6	3	5	9	10	10	2	3	2	16	4	2	5	4	1	4	8	3	8	8	7	2	7	9	6	1	8	10	3	2	10
chr9	64530910	64530978	69	8	0	69	27	42	1	1	1	1	1	2	7	0	1	3	4	3	1	0	0	0	0	3	0	2	5	3	1	6	1	4	2	3	4	5	1	1
chr9	64530980	64531449	470	8	0	470	314	156	37	16	18	40	19	12	11	19	21	7	11	11	34	4	14	38	14	12	2	12	17	6	1	12	8	12	0	10	22	6	1	21
chr9	64531450	64531600	151	8	0	151	107	44	24	5	7	9	5	0	2	5	8	1	8	2	8	5	4	12	4	2	0	5	2	1	1	4	3	2	0	1	4	3	1	11
chr9	64531605	64531648	44	8	0	44	35	9	8	1	1	9	4	0	1	1	4	0	0	0	3	0	0	2	1	0	0	0	0	0	0	0	3	0	0	1	2	0	0	1
chr9	64531650	64533913	2264	8	0	2264	1517	747	219	73	108	166	89	44	62	80	91	41	48	56	167	55	76	140	103	36	7	67	53	37	6	62	48	32	1	59	71	53	6	106
chr9	64533914	64533930	17	9	0	17	11	6	1	2	1	0	2	0	1	0	0	0	0	0	1	1	0	0	1	1	0	2	1	0	0	0	0	0	0	0	1	0	0	0
chr9	64533931	64534629	699	8	0	699	514	185	93	23	33	71	30	13	13	26	33	4	12	20	65	17	15	45	25	15	0	17	11	3	0	16	15	3	0	10	30	9	0	30
chr9	64534630	64534646	17	9	0	17	13	4	5	0	0	2	1	0	0	0	0	0	0	0	1	0	1	2	0	0	0	0	1	0	0	0	0	1	0	0	0	0	0	1
chr9	64534647	64537120	2474	8	0	2474	1566	908	204	72	105	153	104	66	91	88	99	45	75	84	126	66	68	118	110	50	9	80	66	43	5	84	59	35	2	62	114	70	6	113
chr9	64537121	64537136	16	9	0	16	8	8	1	1	1	0	1	0	1	0	1	0	0	0	0	0	0	0	1	0	0	0	1	0	0	2	0	1	0	1	0	2	0	0
chr9	64537137	64537535	399	8	0	399	243	156	41	11	23	21	15	14	12	19	25	6	4	13	16	3	10	9	14	8	3	9	17	12	1	8	14	9	0	13	15	9	4	19
chr9	64537536	64537561	26	9	0	26	19	7	7	0	0	2	1	1	0	2	0	0	0	2	1	0	0	1	1	1	0	0	2	1	0	0	0	0	0	0	1	1	0	0
chr9	64537562	64537821	260	8	0	260	157	103	18	6	15	14	9	8	10	5	15	7	7	5	13	7	10	6	6	6	1	15	12	7	0	8	2	5	1	6	12	9	0	13
chr9	64537826	64538372	547	8	0	547	396	151	67	17	19	53	23	4	19	16	33	10	7	17	34	15	13	48	24	8	1	13	10	7	1	6	4	2	0	7	24	7	4	32
chr9	64538375	64538468	94	8	0	94	65	29	14	4	3	8	3	2	3	3	5	0	2	3	6	2	2	4	4	1	0	2	4	2	0	1	1	1	0	2	2	3	0	5
chr9	64538470	64538516	47	8	0	47	27	20	2	2	1	2	1	1	1	4	2	1	2	1	2	2	0	2	1	2	0	2	1	0	2	1	1	1	1	1	4	1	1	0
chr9	64538517	64538538	22	8	0	22	10	12	0	1	1	0	1	0	2	0	1	1	1	0	0	2	0	0	1	1	0	1	0	2	0	2	0	0	0	0	2	1	0	0
chr9	64538540	64540286	1747	8	0	1747	1164	583	184	56	72	121	80	44	56	59	80	35	47	46	89	38	61	94	84	25	4	60	35	17	1	47	41	18	0	43	79	40	3	86
chr9	64540288	64540323	36	8	0	36	23	13	3	0	3	1	0	0	1	1	1	0	3	3	3	0	0	3	0	0	0	0	0	0	0	2	1	1	0	2	2	1	0	3
chr9	64540325	64540572	248	8	0	248	142	106	11	10	11	11	15	8	9	7	13	6	10	5	4	6	5	11	9	8	3	10	11	6	2	5	8	2	0	7	11	8	1	13
chr9	64540574	64541369	796	8	0	796	511	285	58	33	29	55	41	18	30	32	39	19	18	23	36	12	24	42	35	19	2	26	21	9	1	27	22	12	0	12	44	18	1	36
chr9	64541371	64541408	38	8	0	38	34	4	8	1	0	8	0	0	0	0	1	0	0	1	7	0	2	5	0	0	0	1	0	0	0	1	0	0	0	0	0	1	0	0
chr9	64541410	64542087	678	8	0	678	485	193	94	28	34	46	29	12	16	28	35	7	9	13	43	19	11	59	31	11	3	21	13	6	1	12	13	6	1	10	28	9	1	27
chr9	64542097	64542147	51	8	0	51	34	17	2	1	3	2	2	2	1	2	2	2	2	1	2	3	2	3	2	2	0	4	1	0	0	1	0	0	0	0	4	0	0	3
chr9	64542152	64543135	984	8	0	984	693	291	111	36	44	79	43	17	18	47	46	5	15	26	70	24	28	82	40	18	1	23	18	15	0	24	26	7	2	25	41	17	1	33
chr9	64543136	64543151	16	9	0	16	10	6	0	0	1	1	1	0	0	1	0	0	0	0	1	1	0	2	0	1	0	0	1	1	0	1	0	0	0	0	1	1	0	0
chr9	64543152	64543741	590	8	0	590	393	197	59	23	21	40	22	14	19	30	36	7	16	18	26	10	20	30	23	11	0	20	11	3	0	19	19	4	0	9	33	15	2	28
chr9	64543743	64543773	31	8	0	31	19	12	1	1	2	1	1	1	1	3	1	1	0	1	2	1	0	1	3	1	0	1	0	0	0	2	1	1	0	0	2	0	0	0
chr9	64543775	64544150	376	8	0	376	227	149	19	11	11	23	10	14	17	19	18	5	11	13	17	14	9	15	17	9	2	16	16	9	0	11	8	5	2	7	19	13	0	14
chr9	64544159	64545457	1299	8	0	1299	822	477	117	39	45	79	52	35	43	42	41	23	38	43	71	39	34	80	57	29	6	44	40	19	10	45	30	26	5	21	45	40	9	50
chr9	64545459	64545498	40	8	0	40	30	10	3	2	4	1	0	1	1	0	0	0	0	1	6	0	0	10	0	1	0	2	0	1	0	2	2	0	0	0	0	1	0	0
chr9	64545499	64546086	588	8	0	588	380	208	59	19	29	34	23	10	21	25	34	8	13	22	24	14	21	23	18	9	0	24	15	6	1	19	16	12	0	10	30	13	3	31
chr9	64546088	64546112	25	8	0	25	21	4	4	1	0	3	1	0	0	0	1	0	0	0	3	0	2	5	0	0	0	1	0	0	0	1	0	0	0	0	1	0	0	0
chr9	64546113	64546167	55	8	0	55	42	13	11	1	2	7	3	2	1	1	1	1	0	1	5	3	1	1	3	1	0	2	0	0	0	1	2	0	0	0	2	0	0	1
chr9	64546169	64547925	1757	8	0	1757	1211	546	174	47	58	151	63	46	43	80	85	18	42	54	108	61	52	129	78	25	14	55	46	22	0	33	36	14	0	22	71	40	4	84
chr9	64547928	64548493	566	8	0	566	395	171	54	18	31	46	22	14	8	18	30	11	14	12	43	14	19	40	30	8	1	18	11	5	1	13	6	4	0	6	15	14	2	36
chr9	64548500	64548792	293	8	0	293	188	105	22	8	13	21	10	5	9	26	14	4	8	9	18	7	1	12	8	3	2	11	15	2	0	3	13	8	0	4	14	7	0	14
chr9	64548794	64548826	33	8	0	33	22	11	1	2	0	2	2	1	1	1	0	0	0	1	2	4	0	4	4	1	1	0	0	0	1	1	0	0	0	0	1	1	0	0
chr9	64548828	64549108	281	8	0	281	172	109	28	8	14	13	12	13	6	10	11	0	9	12	12	5	4	13	10	7	2	7	9	10	1	9	11	6	2	3	11	6	1	14
chr9	64549110	64549136	27	8	0	27	21	6	5	1	2	1	0	1	0	1	0	1	0	0	5	2	1	0	2	0	0	3	0	0	0	0	0	0	0	0	0	0	0	0
chr9	64549137	64549964	828	8	0	828	497	331	71	29	22	44	23	24	35	19	34	8	36	26	37	16	29	42	22	22	5	28	26	25	6	33	24	17	0	19	29	26	7	42
chr9	64549971	64550029	59	8	0	59	44	15	6	1	3	4	0	3	1	3	4	0	0	2	4	1	3	7	2	1	0	3	0	0	0	1	1	0	0	1	4	0	0	2
chr9	64550031	64550054	24	8	0	24	20	4	2	0	1	5	0	0	1	0	2	0	0	0	3	1	1	3	0	0	0	1	0	0	0	0	0	0	0	0	0	0	0	2
chr9	64550056	64550627	572	8	0	572	404	168	61	13	19	49	23	9	15	17	20	7	16	24	38	24	22	46	28	8	0	17	10	6	0	11	10	1	0	9	17	13	2	35
chr9	64550628	64550645	18	9	0	18	10	8	3	1	0	0	0	0	0	1	1	0	1	0	0	0	1	1	0	0	0	1	1	3	0	0	0	0	0	0	0	1	0	1
chr9	64550646	64551578	933	8	0	933	604	329	105	30	36	55	33	27	25	44	53	18	24	32	34	21	26	39	42	23	2	29	30	17	5	25	8	9	2	9	49	28	3	48
chr9	64551585	64551715	131	8	0	131	57	74	13	2	2	0	2	6	8	0	3	4	12	2	0	1	1	0	1	3	4	5	4	3	4	6	5	6	5	6	5	5	5	6
chr9	64551717	64551843	127	8	0	127	57	70	10	2	1	4	4	3	3	1	1	5	5	3	3	3	6	2	3	4	3	3	3	5	9	6	2	10	6	2	3	4	2	4
chr9	64551845	64551875	31	8	0	31	11	20	0	0	0	1	0	3	2	0	0	0	1	1	1	1	0	0	1	1	2	0	2	1	1	1	2	3	1	2	1	1	0	0
chr9	64551877	64552518	642	8	0	642	383	259	74	20	30	24	19	14	22	20	33	11	25	12	23	20	15	20	20	14	8	23	20	17	6	25	10	15	6	13	25	23	2	31
chr9	64552520	64552686	167	8	0	167	71	96	17	1	4	1	4	4	9	1	3	4	10	1	1	3	5	1	0	2	3	7	9	7	7	5	5	12	10	11	4	7	2	5
chr9	64552687	64554395	1709	8	0	1709	1098	611	195	50	69	115	68	38	67	51	82	31	47	48	85	37	42	72	54	36	6	60	60	26	2	57	35	36	4	27	75	47	4	81
chr9	64554397	64554589	193	8	0	193	137	56	25	2	8	18	7	6	3	7	8	1	3	7	12	4	4	20	6	1	0	6	7	3	0	4	3	5	0	2	8	5	0	6
chr9	64554591	64554633	43	8	0	43	30	13	4	3	2	3	1	0	0	3	3	0	0	0	4	0	2	4	2	0	0	1	1	3	0	0	0	0	0	2	1	1	0	1
chr9	64554635	64554710	76	8	0	76	59	17	11	3	4	8	2	1	0	2	4	0	0	2	9	1	4	6	0	2	0	3	1	0	0	2	1	0	0	1	4	1	0	2
chr9	64554711	64554726	16	9	0	16	11	5	0	0	1	1	1	1	0	0	0	1	0	0	1	1	2	1	1	0	0	2	0	0	0	0	0	0	0	0	1	0	0	0
chr9	64554727	64554960	234	8	0	234	143	91	22	10	9	13	9	6	8	12	13	2	8	3	11	6	5	4	14	3	1	6	8	8	0	8	4	5	0	7	9	8	1	9
chr9	64554961	64555457	497	8	0	497	335	162	57	17	22	35	21	9	15	27	16	6	9	21	37	15	13	15	20	14	1	12	4	2	0	23	18	4	0	10	28	9	1	14
chr9	64555459	64555507	49	8	0	49	31	18	8	3	2	2	2	2	1	2	3	0	1	1	2	0	1	1	4	1	0	0	1	1	0	2	1	1	0	0	1	2	0	2
chr9	64555509	64555975	467	8	0	467	305	162	52	19	19	32	22	15	14	24	21	6	7	6	27	12	12	15	27	11	1	13	11	9	1	11	19	5	0	14	19	7	0	14
chr9	64555976	64556555	580	8	0	580	413	167	93	15	25	47	21	14	13	21	31	9	11	13	35	13	13	37	22	9	2	18	11	8	2	9	9	4	1	8	27	9	1	27
chr9	64556556	64556784	229	8	0	229	169	60	27	9	10	20	9	3	4	7	10	3	6	1	21	11	8	18	9	3	2	12	3	1	0	2	3	0	0	5	9	2	0	9
chr9	64556786	64556848	63	8	0	63	39	24	4	3	3	2	4	0	1	3	1	1	3	2	3	1	2	5	1	0	0	4	1	1	0	4	4	2	0	0	2	3	0	1
chr9	64556852	64557365	514	8	0	514	338	176	45	19	19	38	14	4	18	27	24	6	14	11	38	20	13	27	19	12	1	17	16	13	1	13	13	4	1	10	15	15	1	24
chr9	64557367	64557382	16	8	0	16	9	7	0	0	0	2	1	1	0	0	1	0	0	0	0	0	0	4	1	0	0	0	1	0	0	0	0	1	2	0	0	0	0	0
chr9	64557384	64557834	451	8	0	451	299	152	47	9	28	33	18	6	11	17	21	12	12	9	31	7	14	23	18	6	1	9	8	6	0	18	13	5	0	14	13	15	1	24
chr9	64557835	64557851	17	9	0	17	14	3	4	0	2	2	0	0	0	1	1	0	0	1	2	0	0	0	0	0	0	0	0	0	0	0	0	0	0	0	1	0	0	1
chr9	64557852	64558168	317	8	0	317	198	119	21	6	15	20	9	11	12	10	14	4	7	20	19	7	8	14	13	4	2	9	6	8	2	12	6	5	2	4	17	11	0	17
chr9	64558170	64558191	22	8	0	22	13	9	0	0	1	0	1	1	1	1	1	0	0	1	0	1	0	3	2	0	0	0	2	0	0	1	0	2	0	0	0	1	0	1
chr9	64558193	64558442	250	8	0	250	177	73	32	3	9	24	12	6	5	10	11	5	4	8	13	7	8	18	12	3	0	6	3	5	0	6	6	1	0	3	12	5	0	11
chr9	64558447	64558910	464	8	0	464	330	134	67	17	19	30	15	16	15	19	18	7	3	19	34	12	7	30	26	12	0	14	14	5	0	6	5	1	0	4	20	7	0	20
chr9	64558911	64559053	143	8	0	143	98	45	18	6	5	12	11	2	3	8	7	4	8	2	4	4	0	2	9	1	0	6	1	1	0	2	3	0	0	1	11	2	0	8
chr9	64559054	64559065	12	9	0	12	7	5	1	0	1	1	0	0	0	1	1	1	0	0	0	0	0	0	1	0	0	0	0	1	0	1	0	0	0	0	0	1	0	0
chr9	64559066	64559195	130	8	0	130	98	32	31	2	6	12	5	4	2	4	6	2	2	2	10	3	1	4	6	1	0	5	2	2	0	2	0	2	0	0	7	1	0	4
chr9	64559196	64559590	395	8	0	395	248	147	24	15	16	21	13	10	12	23	18	5	13	12	21	12	11	22	19	10	0	13	11	13	0	11	10	0	0	10	17	13	0	18
chr9	64559592	64559632	41	8	0	41	20	21	0	0	1	1	1	2	3	5	1	1	3	1	0	0	0	0	2	1	0	0	1	0	0	2	5	2	0	1	3	0	0	3
chr9	64559635	64560102	468	8	0	468	268	200	32	21	18	14	23	10	24	16	16	14	20	12	14	10	9	13	21	11	1	22	26	13	1	13	12	10	0	8	15	19	0	28
chr9	64560104	64560170	67	8	0	67	39	28	8	0	5	2	2	3	1	4	3	3	1	0	2	1	3	0	3	2	0	2	2	0	2	1	3	2	0	3	2	1	0	4
chr9	64560172	64560493	322	8	0	322	179	143	32	6	12	13	12	11	19	8	12	9	16	7	7	4	7	4	11	6	0	13	10	11	2	11	13	6	0	14	16	10	2	16
chr9	64560503	64561759	1257	8	0	1257	648	609	70	32	50	39	45	46	69	57	47	35	46	22	29	22	20	18	52	40	8	35	61	61	4	60	51	43	2	42	53	42	6	48
chr9	64561761	64561775	15	8	0	15	11	4	2	0	0	2	2	0	0	0	0	0	0	0	1	1	1	0	1	0	0	0	0	0	0	1	1	1	0	0	0	0	0	0
chr9	64561777	64561962	186	8	0	186	124	62	16	8	8	9	7	5	5	7	7	1	1	8	12	8	8	12	12	7	1	2	5	3	0	6	2	1	1	4	5	3	0	10
chr9	64561964	64562040	77	8	0	77	58	19	10	4	7	3	2	0	2	2	2	0	1	0	10	7	2	5	2	0	0	9	0	0	0	0	2	0	0	2	2	0	0	1
chr9	64562042	64563061	1020	8	0	1020	699	321	103	36	33	70	35	26	26	41	41	11	22	33	62	33	37	88	41	19	2	44	26	10	4	24	20	11	1	12	41	24	3	39
chr9	64563063	64563269	207	8	0	207	128	79	19	12	8	6	9	6	8	7	3	2	4	4	13	6	12	7	11	5	2	8	6	4	0	5	10	2	0	12	3	4	0	7
chr9	64563271	64563343	73	8	0	73	35	38	2	3	5	0	5	2	2	2	2	2	4	2	1	0	3	0	3	3	0	1	2	0	1	6	4	3	1	2	2	3	0	5
chr9	64563345	64563690	346	8	0	346	215	131	34	11	23	12	13	7	7	11	15	10	10	9	19	3	10	20	11	8	2	10	7	7	2	20	9	5	1	4	11	16	1	16
chr9	64563691	64563729	39	9	0	39	27	12	7	2	1	3	3	1	0	1	1	0	4	1	1	0	0	1	1	0	1	1	0	0	0	0	1	0	0	1	2	0	1	3
chr9	64563730	64563968	239	8	0	239	157	82	19	5	17	17	9	7	7	6	16	3	10	4	13	7	7	9	8	1	0	13	2	3	0	6	4	3	0	9	15	4	0	13
chr9	64563973	64564108	136	8	0	136	101	35	16	3	6	9	3	3	1	5	3	2	2	3	11	6	4	23	5	2	1	5	1	1	2	1	2	0	1	3	4	2	0	4
chr9	64564109	64564156	48	9	0	48	32	16	3	1	3	3	1	1	0	4	2	1	2	2	4	2	1	1	1	1	0	3	1	0	0	0	0	0	0	2	5	1	0	1
chr9	64564157	64565746	1590	8	0	1590	1063	527	167	49	78	103	50	34	57	51	79	16	36	40	102	56	50	94	63	27	3	62	37	27	3	39	38	19	1	36	53	33	1	84
chr9	64565747	64565797	51	9	0	51	43	8	4	0	3	5	0	0	0	2	3	0	1	1	6	3	2	11	0	0	0	3	0	0	0	0	0	0	0	0	2	0	0	3
chr9	64565798	64566007	210	8	0	210	117	93	21	5	6	7	8	7	6	3	5	5	10	7	6	4	7	9	4	7	3	6	6	4	5	8	5	7	4	6	9	5	4	9
chr9	64566009	64566458	450	8	0	450	280	170	40	12	14	28	17	17	12	21	14	3	17	6	24	15	10	29	15	10	1	21	17	9	6	8	17	11	2	12	17	10	1	12
chr9	64566459	64569096	2638	8	0	2638	1704	934	226	88	93	171	101	81	71	120	110	38	63	66	142	78	89	165	124	61	12	88	83	46	8	70	74	34	5	51	92	66	13	107
chr9	64569098	64569145	48	8	0	48	36	12	18	1	1	1	1	0	2	0	3	1	2	0	0	0	3	1	0	0	0	2	1	0	0	0	0	1	0	1	2	0	0	5
chr9	64569152	64569475	324	8	0	324	231	93	36	8	12	29	9	8	9	14	16	3	6	15	24	9	9	22	11	6	0	11	4	4	0	9	7	1	0	0	18	6	0	16
chr9	64569476	64569524	49	9	0	49	41	8	17	1	3	3	0	1	0	2	1	1	0	1	5	2	0	2	2	0	2	1	0	0	0	0	0	0	0	0	1	0	0	2
chr9	64569525	64569639	115	8	0	115	69	46	5	0	4	7	3	4	6	3	2	3	5	6	6	2	5	7	2	3	0	4	2	1	0	6	3	3	0	5	9	2	0	5
chr9	64569640	64569672	33	9	0	33	14	19	1	0	0	1	0	2	2	1	0	2	1	0	1	1	1	0	2	1	2	0	3	2	0	1	0	1	1	2	0	2	0	1
chr9	64569673	64573052	3380	8	0	3380	2202	1178	353	94	152	204	127	72	116	146	147	64	80	88	176	101	100	181	148	53	14	116	84	41	7	91	95	58	8	83	134	70	17	158
chr9	64573053	64573091	39	9	0	39	30	9	4	2	2	5	0	1	1	1	3	0	0	1	5	1	1	1	2	0	0	2	0	0	0	1	0	0	0	0	2	1	0	1
chr9	64573092	64575058	1967	8	0	1967	1261	706	194	57	78	132	83	47	73	61	78	37	65	40	108	56	59	91	79	39	5	74	62	24	6	53	56	31	3	54	67	51	8	94
chr9	64575059	64575457	399	8	0	399	277	122	44	16	12	29	15	7	11	23	18	3	11	16	24	9	9	30	13	6	0	15	11	2	0	8	10	2	0	6	22	11	0	14
chr9	64575458	64575469	12	9	0	12	8	4	0	0	0	0	0	0	0	1	0	1	1	0	0	1	2	0	1	0	0	1	0	0	0	0	0	0	0	0	0	0	0	2
chr9	64575470	64575543	74	8	0	74	47	27	4	4	2	4	7	6	2	0	2	0	2	2	3	2	1	4	10	0	0	2	1	1	0	3	3	1	0	0	1	3	0	2
chr9	64575544	64575731	188	8	0	188	91	97	8	5	3	4	5	10	10	4	3	3	9	4	4	6	6	6	8	7	2	7	12	3	2	12	3	11	5	5	7	7	1	4
chr9	64575732	64575788	57	9	0	57	28	29	0	2	2	2	3	1	2	5	3	0	5	2	0	0	0	0	1	1	0	0	1	1	1	3	5	3	0	2	4	1	1	4
chr9	64575789	64577378	1590	8	0	1590	1033	557	160	47	65	103	70	42	51	39	70	33	57	49	75	37	57	77	68	32	1	59	44	28	1	41	34	11	2	26	56	43	6	104
chr9	64577385	64578288	904	8	0	904	588	316	99	37	40	46	51	15	27	44	35	20	11	28	37	19	25	53	45	21	1	24	31	16	0	23	25	14	1	20	36	19	3	36
chr9	64578298	64578828	531	8	0	531	317	214	27	22	11	24	14	24	14	38	16	6	14	18	26	14	12	36	36	15	3	11	23	19	2	18	15	7	3	7	16	21	2	15
chr9	64578830	64580083	1254	8	0	1254	825	429	101	40	53	82	47	34	33	59	58	24	26	40	70	33	45	79	59	22	3	47	38	21	0	33	21	10	1	25	55	39	2	52
chr9	64580084	64580162	79	9	0	79	63	16	15	2	1	10	3	2	0	2	1	0	1	0	9	2	4	10	4	0	0	2	0	0	0	3	1	2	0	1	2	0	0	0
chr9	64580163	64580261	99	8	0	99	67	32	5	2	3	9	2	2	4	7	4	4	1	0	8	6	4	6	8	0	0	5	2	0	0	2	0	2	0	2	4	2	0	3
chr9	64580262	64580278	17	9	0	17	14	3	2	0	0	3	1	0	0	0	1	0	0	0	1	0	2	3	1	0	0	0	0	0	0	0	0	0	0	0	0	0	0	1
chr9	64580279	64580409	131	8	0	131	79	52	14	4	7	5	5	4	5	7	6	5	5	1	4	2	3	1	8	1	0	6	4	2	0	5	3	4	0	1	6	3	0	8
chr9	64580419	64581636	1218	8	0	1218	832	386	160	35	51	88	59	25	30	51	51	18	29	38	63	40	34	59	52	26	0	40	29	11	0	37	25	11	0	18	58	29	0	49
chr9	64581637	64581838	202	8	0	202	149	53	14	4	7	27	10	4	3	12	15	3	1	6	13	4	6	19	10	1	0	4	3	1	0	1	7	0	0	1	10	3	0	11
chr9	64581839	64581859	21	9	0	21	15	6	3	0	1	1	0	0	0	2	2	0	0	1	1	0	0	2	0	0	0	0	1	2	0	0	0	0	0	0	1	1	0	1
chr9	64581860	64583572	1713	8	0	1713	1117	596	175	48	89	96	62	50	38	67	81	33	49	39	90	45	59	94	70	29	8	69	48	29	0	53	36	19	1	32	63	53	5	81
chr9	64583573	64583852	280	8	0	280	115	165	11	3	3	9	6	10	17	4	4	5	18	7	5	6	5	2	6	7	5	6	16	9	10	14	8	22	15	12	7	11	4	11
chr9	64583853	64583876	24	9	0	24	21	3	17	1	0	0	0	0	0	0	0	0	0	0	2	0	0	0	0	1	0	0	0	0	1	0	0	0	0	0	0	0	0	0
chr9	64583877	64584419	543	8	0	543	371	172	62	20	21	37	17	10	22	18	26	9	9	12	37	18	10	41	24	9	3	21	14	7	1	13	7	6	2	9	22	13	2	19
chr9	64584420	64584505	86	9	0	86	57	29	6	1	2	2	1	1	1	1	2	1	4	11	2	0	12	10	1	1	0	0	0	0	0	4	1	1	0	1	2	2	0	14
chr9	64584506	64584753	248	8	0	248	180	68	24	10	12	20	7	8	7	11	9	3	2	8	26	9	4	18	14	3	1	12	7	0	0	1	2	2	0	4	10	3	1	8
chr9	64584755	64585117	363	8	0	363	253	110	31	10	13	33	14	14	9	18	20	4	5	14	23	9	11	23	21	4	0	12	8	2	0	4	7	2	1	6	19	6	1	17
chr9	64585118	64585154	37	9	0	37	26	11	3	3	1	2	3	2	1	1	1	1	0	2	2	1	1	0	4	0	0	3	0	0	0	0	0	0	0	0	4	0	0	0
chr9	64585155	64585631	477	8	0	477	333	144	39	15	23	42	17	6	9	24	24	5	7	12	39	11	13	46	15	8	0	14	14	8	1	9	13	6	1	6	14	11	0	23
chr9	64585632	64585806	175	8	0	175	121	54	22	8	10	9	2	1	5	7	10	1	7	3	14	9	4	7	5	4	1	9	2	1	3	2	1	1	0	4	8	2	0	11
chr9	64585807	64586089	283	8	0	283	194	89	29	5	17	20	10	1	7	15	14	7	7	9	18	7	10	17	6	4	0	10	6	2	0	7	8	2	0	6	12	7	0	18
chr9	64586090	64586134	45	9	0	45	33	12	9	1	1	2	1	0	1	4	0	0	1	2	3	2	0	4	2	1	0	0	0	0	0	2	3	1	0	0	1	0	0	2
chr9	64586135	64586296	162	8	0	162	114	48	20	6	2	13	5	2	5	5	6	2	6	4	8	5	7	16	4	5	0	6	4	3	0	4	3	1	0	0	6	2	0	10
chr9	64586300	64586447	148	8	0	148	106	42	17	3	5	11	5	8	2	9	5	3	0	5	9	8	7	7	13	3	0	6	3	0	0	0	2	0	0	2	6	0	0	7
chr9	64586448	64586488	41	9	0	41	29	12	5	2	3	2	2	0	0	1	1	1	1	1	3	1	0	4	2	1	0	1	2	1	0	1	0	0	0	0	0	2	0	2
chr9	64586489	64586959	471	8	0	471	327	144	68	17	24	39	23	3	18	16	36	6	10	12	20	13	6	15	19	7	0	13	7	3	1	11	9	5	0	4	24	7	3	30
chr9	64586960	64586995	36	9	0	36	22	14	7	2	1	1	3	1	2	0	1	2	0	1	0	0	0	0	5	0	0	0	1	2	0	1	0	0	0	0	1	1	0	2
chr9	64586996	64587192	197	8	0	197	134	63	38	6	8	9	10	2	3	5	9	6	5	3	4	3	10	11	6	3	2	6	5	2	0	6	3	4	0	3	6	4	2	11
chr9	64587193	64587212	20	9	0	20	16	4	4	0	0	1	0	0	1	1	2	1	0	0	0	0	1	3	0	0	0	1	0	0	0	0	0	0	0	0	2	0	0	1
chr9	64587213	64587296	84	8	0	84	57	27	10	1	4	8	2	1	1	2	5	2	3	1	6	2	4	3	1	2	0	3	3	2	0	4	0	0	0	0	2	5	0	5
chr9	64587297	64587339	43	9	0	43	33	10	9	1	2	4	2	0	1	1	2	0	1	1	3	1	0	4	0	0	0	2	1	0	0	0	0	1	0	1	4	0	0	0
chr9	64587340	64587537	198	8	0	198	135	63	23	7	8	17	11	8	2	13	9	1	4	7	11	1	3	9	13	2	0	1	8	0	0	1	6	4	1	5	7	3	1	10
chr9	64587538	64587549	12	9	0	12	5	7	0	0	1	0	1	1	1	0	0	1	0	0	0	0	0	0	0	1	0	0	1	0	0	0	1	0	0	1	1	0	0	0
chr9	64587550	64587781	232	8	0	232	134	98	20	7	7	11	9	13	6	6	7	1	9	5	9	5	7	11	8	9	2	6	11	10	0	11	7	5	0	6	8	8	0	6
chr9	64587782	64587831	50	9	0	50	26	24	4	1	3	0	1	3	1	2	2	1	2	2	1	1	2	0	0	3	0	2	4	0	0	4	0	2	0	0	3	3	0	1
chr9	64587832	64588066	235	8	0	235	133	102	11	8	11	8	6	15	8	4	9	4	4	6	12	7	11	8	14	7	3	10	7	7	4	9	6	8	1	1	6	5	0	13
chr9	64588067	64588083	17	9	0	17	14	3	1	1	1	2	0	0	0	2	0	0	0	0	4	1	0	1	1	0	0	1	0	0	0	0	0	0	0	0	0	0	0	0
chr9	64588084	64588181	98	8	0	98	65	33	9	6	7	2	1	4	3	5	6	1	0	1	8	3	6	2	4	3	0	7	2	0	0	2	5	0	0	1	2	1	0	5
chr9	64588182	64588205	24	9	0	24	17	7	3	0	2	0	1	0	0	3	0	1	0	3	1	1	0	0	2	0	0	0	0	0	0	0	0	0	0	0	3	0	0	2
chr9	64588206	64589518	1313	8	0	1313	896	417	127	41	56	97	56	23	44	53	62	19	26	38	76	42	42	94	58	20	3	44	24	9	2	28	39	8	2	33	54	26	3	62
chr9	64589519	64589553	35	9	0	35	21	14	6	0	4	0	2	1	0	0	2	2	3	0	0	0	0	0	3	0	0	0	0	0	0	3	0	0	0	0	0	3	0	4
chr9	64589554	64589840	287	8	0	287	188	99	33	11	21	12	14	2	6	6	16	2	18	10	14	7	5	10	10	3	0	9	3	1	0	15	6	1	0	5	9	14	0	22
chr9	64589843	64590097	255	8	0	255	177	78	24	4	12	22	10	5	6	13	12	8	6	7	15	9	9	13	15	4	0	7	5	0	0	6	2	2	0	4	12	5	0	16
chr9	64590098	64590142	45	9	0	45	32	13	2	0	2	6	2	0	3	0	3	0	0	1	3	3	1	5	3	0	0	1	0	0	0	0	1	1	0	2	1	0	0	3
chr9	64590143	64590200	58	8	0	58	31	27	1	0	1	2	2	13	1	2	1	0	5	1	0	1	0	1	13	0	0	1	1	0	0	1	1	1	0	0	2	1	0	4
chr9	64590207	64592785	2579	8	0	2579	1696	883	235	100	109	164	102	58	88	107	111	53	62	73	160	63	75	136	127	58	7	81	79	24	3	65	50	23	6	59	98	66	6	129
chr9	64592786	64592801	16	9	0	16	12	4	1	0	0	3	1	0	0	1	0	0	0	2	2	0	0	2	0	0	0	0	0	0	0	0	0	0	0	0	1	1	0	0
chr9	64592802	64594808	2007	8	0	2007	1372	635	214	70	96	142	81	43	48	82	88	34	37	39	139	58	70	131	89	34	3	79	47	29	0	48	38	22	1	45	80	39	2	77
chr9	64594809	64594843	35	9	0	35	26	9	0	0	0	7	0	1	0	2	2	0	0	2	5	1	1	5	0	1	0	0	1	1	0	0	0	0	0	0	2	0	1	1
chr9	64594844	64595552	709	8	0	709	488	221	91	19	37	58	32	15	12	27	42	8	12	14	40	20	23	37	23	13	4	22	18	11	0	15	18	4	0	16	27	16	2	31
chr9	64595553	64595590	38	9	0	38	26	12	4	2	1	4	0	1	0	2	1	0	1	2	4	1	1	0	2	1	1	0	1	1	0	2	0	0	0	0	0	2	1	1
chr9	64595591	64597138	1548	8	0	1548	1034	514	146	48	65	121	64	39	43	65	71	21	32	55	99	30	44	91	76	21	6	34	40	20	2	42	36	14	1	41	59	49	5	66
chr9	64597139	64597168	30	8	0	30	14	16	1	1	0	1	1	1	2	1	0	0	1	1	1	0	2	1	1	0	0	1	0	1	0	2	4	2	0	2	0	1	0	0
chr9	64597169	64597245	77	9	0	77	56	21	4	2	4	4	4	0	0	4	4	1	1	2	2	3	2	17	2	1	1	2	2	1	0	0	1	0	0	3	3	1	1	3
chr9	64597246	64597431	186	8	0	186	132	54	18	6	6	15	8	2	4	10	10	4	1	7	10	6	12	12	9	0	0	9	4	0	0	2	3	1	0	3	8	5	0	9
chr9	64597432	64597591	160	9	0	160	113	47	34	5	7	9	6	2	3	2	4	1	2	3	11	3	7	13	5	2	0	3	4	3	0	7	1	6	0	5	3	3	0	4
chr9	64597592	64597654	63	8	0	63	37	26	3	3	4	3	6	2	3	1	2	1	2	2	1	1	2	0	6	1	0	0	1	0	0	2	1	2	0	5	3	0	0	4
chr9	64597655	64597693	39	9	0	39	22	17	3	3	4	0	0	1	2	0	5	2	0	0	2	0	0	0	0	0	2	3	1	0	1	1	0	0	0	0	2	3	0	2
chr9	64597694	64598596	903	8	0	903	590	313	69	32	40	59	31	26	28	43	45	17	13	19	55	21	27	63	47	18	1	31	28	20	1	23	22	14	1	13	32	20	1	41
chr9	64598597	64598647	51	8	0	51	43	8	3	0	0	3	1	4	0	2	0	0	0	2	2	2	1	21	6	0	0	0	0	0	0	0	0	0	0	0	1	0	0	1
chr9	64598654	64598814	161	8	0	161	113	48	8	2	6	8	5	9	1	11	5	3	1	1	6	13	4	29	20	0	2	5	3	2	0	2	1	2	0	0	2	3	0	5
chr9	64598815	64599753	939	8	0	939	635	304	85	32	39	76	35	25	24	38	45	11	20	20	66	24	24	70	34	18	5	34	20	15	3	26	28	11	1	12	40	20	1	35
chr9	64599755	64600129	375	8	0	375	267	108	41	10	13	32	13	6	8	17	16	3	11	6	25	15	7	43	14	7	2	11	7	3	1	10	8	2	0	6	15	9	1	11
chr9	64600130	64600172	43	9	0	43	31	12	8	1	1	3	1	0	1	3	0	1	1	0	4	1	1	4	2	2	0	0	2	0	0	1	1	0	0	1	0	1	0	1
chr9	64600173	64600465	293	8	0	293	196	97	32	7	8	24	10	13	9	11	13	3	5	10	17	10	10	13	16	6	3	8	9	2	1	2	6	2	2	8	12	4	2	13
chr9	64600466	64601143	678	8	0	678	387	291	47	19	24	31	19	23	26	21	23	8	28	12	32	17	18	38	25	13	6	23	25	20	10	18	23	22	11	23	16	18	5	32
chr9	64601144	64601238	95	9	0	95	25	70	0	0	1	0	0	6	10	0	0	2	3	0	1	0	1	0	2	3	1	2	5	10	4	5	7	11	8	6	3	0	0	2
chr9	64601239	64601320	82	8	0	82	29	53	0	1	1	2	1	2	6	2	3	0	6	1	0	1	2	1	1	0	0	3	2	2	4	4	4	9	7	6	3	1	3	2
chr9	64601321	64601528	208	9	0	208	52	156	2	2	4	0	4	7	14	3	2	5	5	1	0	0	2	0	1	5	3	5	16	30	13	9	10	24	16	10	2	9	1	1
chr9	64601529	64602061	533	8	0	533	253	280	21	16	20	10	22	32	37	5	15	15	22	12	9	4	6	7	23	23	7	14	27	17	8	22	26	13	5	30	20	22	2	19
chr9	64602062	64602073	12	9	0	12	7	5	0	1	0	0	0	0	1	1	2	0	0	1	0	0	0	0	1	0	0	0	0	0	0	0	0	0	0	0	1	0	1	1
chr9	64602074	64602314	241	8	0	241	150	91	15	13	11	12	8	10	8	11	12	6	2	4	16	7	6	7	14	8	3	11	10	5	2	3	5	2	0	3	8	5	1	11
chr9	64602315	64602336	22	9	0	22	18	4	5	1	2	2	1	0	0	0	1	0	0	0	3	1	0	2	1	0	0	0	0	0	0	0	0	0	0	0	0	0	0	1
chr9	64602337	64602939	603	8	0	603	399	204	68	20	29	43	26	6	21	20	42	10	18	11	24	15	16	29	26	10	1	14	13	7	4	14	16	4	2	12	18	17	1	44
chr9	64602940	64602955	16	9	0	16	9	7	0	0	2	0	1	1	0	1	1	1	0	1	0	0	0	0	1	0	0	1	0	0	0	1	0	0	0	0	2	1	0	0
chr9	64602956	64603152	197	8	0	197	142	55	43	8	7	16	9	2	2	7	11	3	2	3	12	2	8	6	5	5	2	3	7	2	1	2	2	3	1	2	5	2	0	12
chr9	64603153	64603200	48	9	0	48	37	11	7	0	1	5	1	1	0	2	3	0	0	2	3	2	4	5	1	0	0	2	1	0	0	0	0	0	0	1	2	1	0	2
chr9	64603201	64603908	708	8	0	708	460	248	52	27	29	42	36	10	26	33	22	17	26	29	40	12	14	44	32	8	1	24	17	5	1	19	20	11	1	14	37	18	1	38
chr9	64603909	64603934	26	9	0	26	13	13	0	1	1	1	1	0	3	0	1	1	1	1	0	0	0	0	1	1	0	0	1	2	0	1	1	0	0	1	1	1	0	3
chr9	64603935	64606158	2224	8	0	2224	1186	1038	124	72	95	76	87	78	129	64	103	45	85	71	52	23	36	45	79	66	4	69	105	93	10	99	78	56	8	66	96	91	6	111
chr9	64606159	64606250	92	8	0	92	53	39	4	4	4	6	6	1	5	4	6	2	2	4	2	1	0	1	4	2	0	2	5	4	0	3	1	2	0	1	6	3	0	5
chr9	64606251	64606297	47	9	0	47	29	18	7	0	3	3	2	0	1	2	2	1	2	1	2	1	0	1	0	1	0	1	2	1	0	2	1	2	0	1	2	2	0	2
chr9	64606298	64606401	104	8	0	104	62	42	12	3	5	5	2	2	6	2	7	4	2	1	3	0	3	4	2	2	0	4	5	5	0	3	1	2	0	3	4	4	0	6
chr9	64606402	64606429	28	9	0	28	20	8	3	1	2	0	0	1	0	2	0	0	0	0	3	3	1	2	3	1	0	2	0	1	0	1	0	0	0	0	0	0	0	0
chr9	64606430	64606493	64	8	0	64	35	29	0	4	0	1	1	4	3	7	1	0	1	0	3	3	2	4	6	3	0	3	3	1	0	1	5	1	2	2	1	0	0	0
chr9	64606494	64606510	17	9	0	17	10	7	0	0	0	1	0	0	0	2	0	1	0	1	1	0	3	0	0	0	0	0	0	0	0	1	1	0	0	1	1	1	0	1
chr9	64606511	64606633	123	8	0	123	60	63	0	2	1	6	4	8	3	6	5	2	7	5	0	0	2	8	7	2	0	3	6	17	0	5	2	0	0	1	6	9	0	4
chr9	64606634	64606645	12	9	0	12	7	5	2	2	0	0	1	1	0	0	0	0	0	0	0	0	0	0	1	2	0	0	1	0	0	0	0	0	0	0	0	0	0	0
chr9	64606646	64606749	104	8	0	104	67	37	9	3	2	6	4	0	2	13	6	2	2	5	2	3	3	4	4	0	0	4	4	1	0	2	3	1	1	1	7	5	1	2
chr9	64606750	64606849	100	9	0	100	62	38	5	5	2	7	8	4	2	5	4	3	0	2	2	1	2	9	7	2	1	2	6	1	1	0	4	2	1	1	2	3	1	3
chr9	64606850	64607238	389	8	0	389	227	162	32	13	10	16	14	20	15	23	15	9	10	13	9	7	8	12	21	11	1	15	23	8	1	8	11	7	2	6	17	14	2	14
chr9	64607239	64607747	509	8	0	509	326	183	60	17	18	33	38	7	18	24	15	7	12	24	16	8	9	19	22	8	0	8	19	6	0	11	21	12	1	16	25	10	1	22
chr9	64607748	64607765	18	9	0	18	12	6	3	1	1	0	0	0	0	2	1	0	1	0	1	0	1	0	0	0	0	2	0	0	0	0	1	0	0	1	1	0	0	0
chr9	64607766	64607816	51	8	0	51	38	13	4	0	1	7	3	0	0	2	1	0	1	3	4	2	2	6	1	1	0	0	1	1	0	1	0	0	0	2	3	1	0	2
chr9	64607817	64607845	29	9	0	29	17	12	1	1	0	1	2	2	1	1	0	1	0	1	0	1	1	3	2	1	0	1	2	1	0	0	0	1	0	1	2	0	0	0
chr9	64607846	64607976	131	8	0	131	70	61	10	5	6	6	6	3	6	4	8	1	5	1	2	0	3	3	3	1	0	5	7	6	0	9	6	7	0	1	3	7	0	5
chr9	64607977	64608012	36	9	0	36	20	16	2	0	2	2	2	0	2	1	0	1	2	2	2	0	0	1	1	0	0	0	2	2	0	1	0	1	0	3	2	1	0	2
chr9	64608013	64608080	68	8	0	68	45	23	6	1	4	4	7	2	2	2	2	1	1	3	1	4	0	3	5	1	0	2	1	0	0	1	3	0	0	3	4	1	0	2
chr9	64608081	64608206	126	9	0	126	78	48	7	7	7	7	10	3	1	4	8	1	7	4	3	2	4	3	7	2	0	4	2	2	0	5	1	1	0	2	7	5	0	8
chr9	64608207	64608279	73	8	0	73	47	26	6	2	4	5	4	0	1	6	6	0	3	2	1	2	1	2	3	1	0	1	3	1	0	2	2	0	0	2	3	4	0	4
chr9	64608280	64608317	38	9	0	38	23	15	3	0	1	4	2	2	1	2	1	0	0	0	2	3	0	1	2	1	0	1	3	1	0	1	1	3	0	0	1	0	0	0
chr9	64608318	64608413	96	8	0	96	60	36	11	3	6	5	5	1	1	7	7	1	1	2	2	2	2	2	1	2	0	4	6	3	1	0	2	2	1	3	5	3	0	3
chr9	64608414	64608459	46	9	0	46	25	21	3	1	4	1	4	1	1	1	1	1	1	2	1	0	1	0	2	0	0	1	3	0	0	2	2	3	0	3	2	2	0	1
chr9	64608460	64608568	109	8	0	109	67	42	6	6	2	2	4	0	8	3	5	1	2	3	2	8	6	8	5	5	0	5	5	1	0	3	1	2	0	3	4	1	0	6
chr9	64608569	64608718	150	9	0	150	90	60	12	5	7	5	5	4	6	5	7	1	1	7	5	4	6	9	7	3	0	3	7	5	0	6	3	3	0	6	4	7	0	5
chr9	64608719	64608937	219	8	0	219	140	79	21	8	14	13	8	0	6	13	14	7	4	4	12	2	8	4	5	5	2	5	7	2	0	8	5	5	0	6	10	5	0	14
chr9	64608938	64608960	23	9	0	23	12	11	0	1	1	2	2	1	0	1	2	0	1	1	0	0	0	0	1	1	0	0	1	1	0	1	0	0	0	1	2	1	0	0
chr9	64608961	64609459	499	8	0	499	315	184	41	17	26	31	25	16	17	20	20	11	9	11	28	12	8	22	27	15	1	13	17	7	2	16	18	6	0	10	16	14	1	20
chr9	64609460	64609497	38	9	0	38	24	14	2	2	2	1	1	0	1	1	3	2	1	1	2	0	3	1	1	1	0	1	1	1	0	1	0	0	0	0	1	1	0	5
chr9	64609498	64609986	489	8	0	489	319	170	36	18	18	32	23	12	19	17	17	14	19	16	28	15	16	19	29	5	0	25	12	6	0	7	8	2	0	8	22	11	2	31
chr9	64609987	64610034	48	9	0	48	33	15	3	1	1	3	2	2	0	3	2	1	2	2	1	1	2	6	2	0	0	3	1	0	0	0	1	0	0	1	3	1	0	2
chr9	64610035	64611119	1085	8	0	1085	697	388	98	48	44	68	60	14	32	45	53	12	32	38	47	21	29	55	44	22	1	28	38	17	2	36	21	18	2	22	48	36	1	51
chr9	64611120	64611154	35	9	0	35	25	10	3	3	3	3	3	0	0	1	3	0	1	0	2	0	1	0	2	1	0	0	1	0	0	0	1	0	0	1	0	0	0	4
chr9	64611155	64611263	109	8	0	109	67	42	11	2	3	6	7	0	4	5	4	4	5	6	2	0	3	3	4	2	0	0	3	4	0	4	3	1	0	2	6	4	0	9
chr9	64611264	64611293	30	9	0	30	20	10	2	0	1	3	2	3	0	1	2	0	0	3	0	0	1	0	3	0	0	0	0	0	0	2	0	0	0	0	3	2	0	0
chr9	64611294	64613390	2097	8	0	2097	1371	726	195	72	74	148	99	46	59	98	86	37	39	55	108	56	83	115	100	44	6	61	68	32	1	54	55	32	0	55	78	47	7	85
chr9	64613394	64613651	258	8	0	258	185	73	35	9	13	22	6	6	6	10	10	2	9	6	29	10	3	8	11	4	2	10	3	3	0	6	1	0	0	5	13	5	0	9
chr9	64613652	64613688	37	9	0	37	20	17	0	2	1	1	1	2	1	2	1	0	1	2	2	0	2	0	0	1	1	2	2	0	0	1	3	1	0	2	1	1	1	1
chr9	64613689	64614401	713	8	0	713	507	206	75	24	33	63	32	13	19	26	39	11	12	19	49	15	18	58	30	7	1	24	12	5	0	13	16	8	1	7	32	10	0	39
chr9	64614402	64614429	28	9	0	28	12	16	1	1	2	0	1	1	1	0	1	0	1	0	1	0	0	1	0	1	0	1	2	3	1	1	1	1	0	2	0	1	1	0
chr9	64614430	64614672	243	8	0	243	128	115	22	8	3	9	10	7	14	8	5	4	13	6	6	4	7	1	8	7	1	7	11	7	3	12	9	10	0	11	11	9	1	7
chr9	64614673	64614684	12	9	0	12	7	5	2	0	1	0	1	1	1	0	0	0	0	0	0	0	0	0	0	0	0	1	0	0	0	0	2	0	0	0	0	0	0	1
chr9	64614685	64617009	2325	8	0	2325	1564	761	235	76	81	166	78	50	77	107	93	32	48	78	153	77	71	141	102	44	7	82	52	31	5	66	60	23	3	34	97	56	3	95
chr9	64617010	64617046	37	9	0	37	36	1	8	1	1	8	0	0	0	0	0	0	0	0	10	0	0	6	0	0	0	1	0	0	0	0	0	0	0	0	0	0	0	0
chr9	64617047	64617363	317	8	0	317	206	111	29	10	16	21	22	16	2	17	12	4	7	6	12	5	11	14	19	5	3	9	5	2	0	7	14	6	1	11	19	1	0	9
chr9	64617364	64617447	84	9	0	84	52	32	8	4	1	6	5	1	3	2	5	1	1	4	1	3	4	2	0	2	3	3	4	1	0	1	2	2	0	2	5	1	1	4
chr9	64617448	64617552	105	8	0	105	67	38	8	1	3	8	4	2	2	5	2	4	4	3	6	2	6	5	4	2	0	3	3	2	0	3	2	1	0	5	4	3	2	4
chr9	64617553	64617597	45	9	0	45	31	14	3	2	5	1	2	0	0	3	2	1	0	3	3	0	1	3	0	0	0	3	3	0	0	0	1	0	0	1	1	3	0	2
chr9	64617598	64618243	646	8	0	646	404	242	48	23	23	32	26	21	21	37	20	8	21	17	33	18	17	38	31	16	5	18	18	8	0	19	31	8	2	19	24	13	3	26
chr9	64618244	64618263	20	9	0	20	7	13	0	0	0	0	0	1	5	0	0	1	0	0	0	0	0	0	1	0	0	1	2	0	0	0	2	1	0	3	0	0	0	1
chr9	64618264	64618643	380	8	0	380	280	100	46	11	18	33	16	10	9	9	17	4	7	14	29	5	10	40	14	5	0	13	5	1	0	6	8	2	0	4	17	4	0	21
chr9	64618644	64618673	30	9	0	30	27	3	0	0	0	0	0	1	0	0	0	0	0	0	0	2	0	24	1	0	0	0	0	0	0	0	0	0	0	0	0	0	0	0
chr9	64618674	64618841	168	8	0	168	120	48	13	6	4	12	8	4	3	7	6	1	3	5	9	6	6	25	12	1	0	4	4	3	0	3	2	1	0	3	4	5	0	6
chr9	64618842	64618905	64	9	0	64	50	14	9	2	3	3	3	1	1	3	2	0	0	1	3	3	2	12	5	0	0	1	0	0	0	0	1	0	0	3	2	0	0	2
chr9	64618906	64619114	209	8	0	209	112	97	28	3	4	5	7	11	13	1	3	4	12	3	2	6	3	5	8	6	1	9	7	6	4	10	9	8	1	6	8	7	0	7
chr9	64619124	64619941	818	8	0	818	439	379	36	23	28	31	36	43	33	32	22	17	30	23	24	21	17	22	47	30	4	22	44	25	6	27	27	20	8	25	26	27	6	34
chr9	64619942	64619990	49	9	0	49	22	27	1	0	1	2	2	3	1	2	1	1	4	2	0	1	1	0	2	0	0	3	2	5	1	2	1	1	0	0	2	4	0	2
chr9	64619991	64620318	328	8	0	328	143	185	8	4	10	8	9	16	16	15	10	6	18	8	3	7	3	1	10	13	1	9	23	19	8	15	12	15	3	14	12	19	2	9
chr9	64620320	64622252	1933	8	0	1933	891	1042	67	37	78	46	52	76	117	56	77	33	83	48	32	32	25	31	58	69	7	44	108	159	15	122	69	90	6	53	66	85	6	84
chr9	64622254	64622677	424	8	0	424	172	252	0	6	8	3	7	20	31	19	10	17	21	16	0	7	3	4	18	18	5	9	28	26	10	26	13	15	3	15	17	31	4	12
chr9	64622678	64622693	16	9	0	16	9	7	3	0	0	1	2	0	1	1	0	0	0	0	0	0	0	0	0	0	0	0	2	0	0	0	2	2	0	0	0	0	0	0
chr9	64622694	64623686	993	8	0	993	425	568	28	25	27	12	23	48	63	25	30	27	48	10	12	10	21	15	38	33	12	27	52	55	29	56	37	63	10	40	32	41	7	35
chr9	64623688	64623734	47	8	0	47	18	29	0	2	0	0	1	1	3	0	1	0	8	0	0	0	2	0	0	2	0	1	1	4	0	4	0	1	0	5	4	2	0	3
chr9	64623736	64625210	1475	8	0	1475	655	820	34	37	46	26	47	57	96	53	47	26	91	33	15	14	19	14	47	37	11	39	76	85	13	97	69	75	11	61	60	74	8	55
chr9	64625212	64625222	11	8	0	11	4	7	0	0	0	0	1	1	1	0	0	0	0	0	0	0	0	0	0	0	1	0	1	0	0	0	1	1	1	1	0	0	0	0
chr9	64625224	64626661	1438	8	0	1438	769	669	106	30	50	55	53	48	70	36	40	28	73	42	44	29	28	35	47	46	5	37	63	47	17	74	40	55	8	47	57	53	10	63
chr9	64626663	64627896	1234	8	0	1234	580	654	63	26	28	28	39	50	85	37	28	25	63	29	16	17	19	26	43	34	6	35	69	70	16	60	50	63	6	57	49	48	4	43
chr9	64627898	64630653	2756	8	0	2756	1369	1387	112	66	126	66	104	114	150	70	82	59	148	69	71	40	52	39	106	78	13	82	123	112	20	151	108	113	13	109	101	103	20	134
chr9	64630654	64631092	439	8	0	439	214	225	33	10	12	12	14	16	25	14	13	8	24	8	8	6	4	6	10	17	1	12	24	28	4	23	15	19	2	16	20	16	3	14
chr9	64631093	64632342	1250	8	0	1250	590	660	40	26	41	24	38	51	75	50	40	35	64	25	14	24	23	19	44	37	7	47	74	59	16	53	49	53	9	47	47	53	8	56
chr9	64632344	64632372	29	8	0	29	14	15	1	0	1	1	2	1	1	0	0	0	1	1	1	0	1	2	0	0	0	1	3	2	0	2	1	2	0	1	0	2	0	0
chr9	64632374	64632626	253	8	0	253	131	122	26	6	4	5	8	9	13	9	5	4	16	9	3	4	6	3	6	8	0	8	14	5	2	12	10	12	3	7	9	8	5	12
chr9	64632630	64633114	485	8	0	485	227	258	21	4	19	8	11	19	30	15	13	9	29	10	8	11	12	7	13	10	4	16	20	21	5	30	24	29	4	21	18	16	3	23
chr9	64633115	64635148	2034	8	0	2034	967	1067	75	39	76	46	57	78	129	70	70	40	114	46	33	30	44	18	67	54	10	56	118	88	9	117	79	92	14	93	70	98	5	97
chr9	64635151	64636432	1282	8	0	1282	641	641	57	44	43	33	54	48	63	49	40	31	63	29	26	13	32	15	38	46	4	48	80	55	8	59	38	53	5	44	59	48	5	50
chr9	64636433	64636821	389	8	0	389	202	187	15	6	17	14	16	15	20	13	14	6	24	7	8	12	4	10	16	7	2	14	16	15	1	19	16	12	2	16	16	17	1	16
chr9	64636823	64636864	42	8	0	42	16	26	2	0	1	0	1	3	2	0	0	1	4	2	0	0	0	0	0	4	0	0	3	2	1	5	0	2	0	0	3	3	1	0
chr9	64636866	64636923	58	8	0	58	36	22	11	3	1	2	2	0	2	3	4	0	0	0	1	2	2	1	3	1	0	1	3	2	0	1	0	3	2	1	1	0	2	2
chr9	64636933	64637112	180	8	0	180	95	85	9	8	6	7	10	5	11	4	7	0	7	7	4	4	4	0	7	4	0	6	9	5	2	7	9	6	1	8	5	8	1	7
chr9	64637113	64637123	11	9	0	11	8	3	4	0	2	0	0	0	0	0	2	0	0	0	0	0	0	0	0	0	0	0	0	0	0	0	0	0	0	0	0	0	0	1
chr9	64637124	64638053	930	8	0	930	390	540	27	15	33	5	24	52	64	22	19	22	59	10	9	9	11	7	39	31	3	25	56	71	2	65	39	46	7	46	29	46	4	31
chr9	64638060	64638788	729	8	0	729	311	418	14	13	22	9	13	27	58	18	23	21	43	15	8	12	8	6	26	23	4	21	37	54	12	43	25	32	5	34	28	37	3	33
chr9	64638789	64638804	16	9	0	16	6	10	0	0	0	0	0	1	2	0	0	2	1	0	0	0	0	0	2	0	0	1	0	1	0	1	0	0	0	0	1	1	0	1
chr9	64638805	64638987	183	8	0	183	69	114	3	2	5	2	5	5	19	1	2	4	12	3	2	1	1	2	2	4	0	5	14	15	1	12	8	12	3	15	6	11	0	4
chr9	64638989	64639019	31	8	0	31	11	20	0	0	0	0	0	2	4	0	0	2	2	0	0	0	0	0	0	0	1	2	3	1	0	1	3	2	0	1	0	2	1	2
chr9	64639021	64640094	1074	8	0	1074	428	646	37	19	33	11	18	40	86	13	37	32	61	10	7	5	12	6	27	33	5	31	66	98	14	80	37	66	11	38	27	61	8	43
chr9	64640095	64640594	500	8	0	500	257	243	29	9	17	19	15	22	29	6	12	10	22	14	17	12	16	7	13	16	2	22	18	19	7	28	22	19	1	18	19	18	4	16
chr9	64640595	64640632	38	9	0	38	30	8	8	2	2	4	2	1	1	0	0	0	0	2	6	1	0	0	2	1	0	1	1	0	0	0	0	0	0	0	0	0	0	2
chr9	64640633	64641332	700	8	0	700	402	298	42	19	32	23	28	19	31	26	24	11	26	25	24	21	23	26	26	18	4	22	23	12	3	32	27	17	1	27	28	23	4	31
chr9	64641333	64641379	47	9	0	47	23	24	0	0	0	0	0	4	3	4	0	4	0	3	0	1	3	0	4	2	1	2	2	0	0	1	1	1	0	2	4	1	1	1
chr9	64641380	64644899	3520	8	0	3520	2102	1418	284	104	154	177	143	115	127	139	142	64	116	112	150	66	92	116	132	96	14	107	132	85	17	121	106	70	7	95	154	103	12	166
chr9	64644901	64646326	1426	8	0	1426	709	717	51	31	50	36	41	52	86	50	48	35	65	36	28	29	32	37	51	43	7	46	72	64	12	76	51	58	5	48	56	59	6	63
chr9	64646328	64646349	22	8	0	22	10	12	0	0	1	1	1	1	1	2	0	0	1	0	1	0	0	1	0	0	0	1	1	0	1	0	3	2	0	1	0	0	1	0
chr9	64646351	64646705	355	8	0	355	201	154	22	12	18	15	14	12	20	6	15	4	9	5	16	11	13	8	12	11	0	16	18	8	1	12	11	12	0	19	11	8	1	13
chr9	64646707	64646740	34	8	0	34	16	18	1	0	1	2	1	0	2	1	1	0	3	1	1	1	0	0	0	0	0	1	2	2	0	3	0	2	0	2	2	3	0	0
chr9	64646742	64648117	1376	8	0	1376	749	627	77	29	43	60	36	50	79	52	57	31	63	36	40	22	30	42	52	27	6	48	64	42	6	59	41	42	8	45	60	60	4	63
chr9	64648119	64648136	18	8	0	18	11	7	0	0	0	3	2	1	0	1	0	1	0	0	2	0	0	0	0	1	0	0	2	0	0	0	1	1	0	0	1	0	0	0
chr9	64648138	64649365	1228	8	0	1228	793	435	113	37	63	72	53	35	31	44	54	21	26	24	65	39	42	72	60	21	8	44	30	24	4	29	31	18	5	36	42	24	5	54
chr9	64649366	64655750	6385	8	0	6385	3504	2881	430	187	237	232	218	227	294	228	242	125	251	149	198	147	140	197	230	175	40	241	301	237	55	247	188	191	32	177	248	237	25	257
chr9	64655751	64656665	915	8	0	915	561	354	67	32	39	57	58	15	33	45	44	12	28	35	26	16	11	43	40	15	1	19	32	22	0	31	30	16	1	27	49	33	2	34
chr9	64656666	64656688	23	9	0	23	14	9	0	0	1	2	2	0	0	0	2	0	1	2	0	1	1	0	0	1	0	0	1	1	0	1	0	0	0	0	2	1	0	2
chr9	64656689	64656918	230	8	0	230	138	92	20	9	12	8	14	6	6	12	9	3	2	4	6	13	7	6	10	8	1	11	14	3	0	6	4	8	1	7	11	4	0	3
chr9	64656919	64656934	16	9	0	16	10	6	2	1	0	0	1	0	1	0	0	0	0	1	0	2	0	0	1	2	0	0	2	0	0	0	0	0	0	0	0	0	0	1
chr9	64656935	64657911	977	8	0	977	605	372	89	42	33	49	51	25	32	50	41	22	16	33	31	18	36	35	49	24	3	31	46	19	0	26	24	19	2	17	39	29	1	43
chr9	64657912	64669480	11569	9	0	11569	7362	4207	1095	332	537	677	500	404	356	482	630	149	360	350	414	259	264	551	550	178	38	378	318	150	36	294	337	152	46	241	537	318	30	604
chr9	64669481	64669516	36	10	0	36	23	13	6	3	0	1	3	1	3	0	1	0	1	1	0	2	0	0	4	0	0	2	0	0	0	0	3	0	0	1	1	0	0	1
chr9	64669517	64698081	28565	9	0	28565	17982	10583	2939	1045	1491	1284	1462	1125	865	1063	1859	335	1044	903	499	420	691	956	1391	355	114	1064	746	157	58	588	934	302	166	566	1444	735	88	1874
chr9	64698082	64804081	106000	8	0	106000	63134	42866	8708	2962	4053	5588	3923	2916	4162	4306	4278	1950	3255	2985	4402	2351	2584	4709	4237	2270	491	3181	3627	2886	815	3690	2996	2830	738	2636	4448	3032	442	4547
chr9	64804082	64998124	194043	9	0	194043	121457	72586	18282	6556	8486	10283	8345	6138	6750	7200	9565	3046	6274	5301	7414	4205	4943	8668	8851	3461	896	6737	5668	2882	709	5306	5527	3112	790	4460	8387	5110	739	9950
chr9	65163133	65163637	505	7	0	505	321	184	53	14	9	33	14	22	8	38	15	7	14	11	26	12	13	30	28	10	1	16	17	21	1	13	19	4	2	5	18	17	2	10
chr9	65163640	65165651	2012	7	0	2012	1410	602	208	54	76	177	89	51	46	82	86	23	40	63	132	67	43	172	102	36	5	53	43	24	6	40	33	17	2	28	89	36	3	84
chr9	65165669	65166787	1119	7	0	1119	696	423	107	28	42	67	40	29	44	46	54	14	35	27	44	28	29	60	39	19	3	38	36	21	5	32	39	23	7	31	45	31	5	49
chr9	65166788	65166942	155	7	0	155	102	53	17	2	12	12	5	2	1	9	13	3	4	0	8	2	5	7	3	2	0	4	4	3	0	6	4	2	0	4	6	5	0	8
chr9	65166943	65167487	545	8	0	545	307	238	44	13	26	22	19	22	21	18	26	8	25	18	17	10	7	10	14	15	6	18	28	12	4	16	14	16	2	16	24	17	6	29
chr9	65167488	65167517	30	8	0	30	30	0	0	0	0	10	0	0	0	0	0	0	0	0	9	0	0	9	0	0	0	0	0	0	0	0	0	0	0	0	0	0	0	0
chr9	65167518	65167556	39	8	0	39	23	16	0	1	2	1	1	6	1	0	1	1	0	0	3	1	3	1	5	1	0	3	1	0	0	0	1	0	0	2	1	0	0	1
chr9	65167557	65167575	19	7	0	19	10	9	0	0	0	0	0	0	2	1	0	1	0	3	0	0	0	2	1	1	0	0	1	0	0	2	0	0	0	0	1	2	0	0
chr9	65167576	65167607	32	8	0	32	16	16	0	1	1	2	1	1	2	0	3	0	1	2	0	0	0	0	0	0	0	2	4	2	0	0	0	0	0	2	1	4	0	1
chr9	65167608	65171532	3925	8	0	3925	2441	1484	339	108	185	205	165	138	131	159	215	54	146	132	119	88	103	152	185	54	12	137	106	47	12	116	115	57	12	84	187	123	8	229
chr9	65171533	65171702	170	9	0	170	106	64	16	5	11	8	8	7	4	6	11	1	7	7	5	3	1	5	5	3	2	6	5	0	1	3	6	1	0	5	9	6	1	10
chr9	65171703	65173026	1324	8	0	1324	830	494	128	44	71	63	71	63	44	53	85	16	42	44	21	19	24	40	78	17	1	47	32	8	1	29	47	11	7	29	74	34	3	76
chr9	65173027	65175216	2190	8	0	2190	1375	815	220	81	127	97	120	89	69	91	154	28	67	64	31	30	42	64	116	28	6	78	58	9	4	47	80	24	10	42	115	57	2	138
chr9	65175217	65175256	40	9	0	40	20	20	1	1	1	1	3	3	0	3	0	1	1	1	0	2	1	1	2	2	1	2	3	0	0	1	2	1	1	0	1	2	0	0
chr9	65175257	65175601	345	8	0	345	226	119	41	10	24	14	18	12	8	14	23	6	9	13	7	5	8	13	17	2	0	13	8	0	0	7	10	2	2	6	17	11	0	23
chr9	65175602	65175643	42	9	0	42	30	12	2	2	2	2	2	1	1	3	3	0	1	1	1	2	1	4	3	0	0	2	0	0	0	0	2	0	0	0	2	0	0	3
chr9	65175644	65184468	8825	8	0	8825	5494	3331	883	313	425	425	444	319	257	388	513	127	283	261	205	143	226	280	427	143	30	303	269	94	27	214	276	117	47	200	436	250	24	474
chr9	65184469	65187547	3079	8	0	3079	1618	1461	178	85	104	106	95	150	175	104	114	55	104	66	86	52	62	82	144	76	12	109	151	143	20	120	120	106	11	109	109	109	13	107
chr9	65187548	65188769	1222	8	0	1222	780	442	125	50	43	70	57	33	41	52	41	16	35	44	66	28	32	46	57	20	5	45	34	17	6	33	36	24	2	26	56	29	4	47
chr9	65188770	65193588	4819	9	0	4819	2971	1848	460	156	205	244	204	134	180	170	195	90	137	139	205	123	103	225	211	110	21	161	180	112	16	147	119	83	17	109	178	149	26	208
chr9	65193590	65195544	1955	9	0	1955	1020	935	103	60	53	62	64	82	108	68	67	41	102	55	43	37	39	35	84	53	10	73	94	51	23	83	69	59	16	54	75	88	11	91
chr9	65195545	65196007	463	9	0	463	210	253	11	12	11	5	9	20	29	14	11	11	27	15	9	5	14	6	21	10	2	15	13	8	12	28	16	23	24	16	22	20	0	22
chr9	65196008	65196059	52	9	0	52	4	48	0	0	0	0	0	0	0	0	0	0	3	0	0	0	0	0	0	0	0	0	0	2	13	0	0	11	16	1	0	2	0	2
chr9	65196060	65196117	58	9	0	58	3	55	0	0	0	0	0	0	0	0	0	0	3	0	0	0	0	0	0	0	0	0	0	3	12	3	0	16	16	0	0	0	3	0
chr9	65196118	65196128	11	9	0	11	1	10	0	0	0	0	0	0	0	0	0	0	0	0	0	0	0	0	0	0	0	0	0	0	2	0	0	2	4	0	0	1	0	0
chr9	65196129	65196244	116	9	0	116	10	106	0	0	0	0	0	0	0	0	0	2	8	0	0	0	0	0	0	2	0	0	0	4	25	6	0	26	31	0	0	4	4	2
chr9	65196245	65196302	58	9	0	58	7	51	0	0	0	0	0	0	0	0	0	3	4	0	0	0	0	0	0	3	0	0	0	0	13	2	0	10	15	0	0	2	2	2
chr9	65196303	65196885	583	9	0	583	207	376	12	15	11	5	21	30	38	9	6	10	19	8	4	3	7	8	18	20	7	13	34	57	28	17	40	43	24	31	6	16	7	14
chr9	65196887	65196913	27	9	0	27	8	19	0	0	0	1	0	1	0	3	0	0	1	0	1	0	0	0	0	1	0	0	2	5	2	1	2	2	2	0	0	1	0	0
chr9	65196915	65201997	5083	9	0	5083	2220	2863	179	101	148	110	157	150	415	138	116	139	125	76	86	85	107	88	151	180	24	120	321	332	54	365	251	407	37	163	136	154	19	147
chr9	65202004	65202032	29	9	0	29	14	15	1	0	2	1	2	2	2	0	1	1	0	1	0	0	0	0	2	1	0	1	1	1	0	2	2	1	0	0	1	1	0	1
chr9	65202034	65203882	1849	9	0	1849	803	1046	53	29	55	44	53	27	156	54	30	61	35	26	45	38	57	40	48	59	7	40	129	123	16	156	80	182	4	48	32	60	1	59
chr9	65203883	65203894	12	9	0	12	7	5	0	0	0	0	0	0	1	2	0	1	0	1	0	0	0	0	2	0	0	0	0	0	0	1	0	0	0	0	1	1	0	0
chr9	65203895	65206058	2164	9	0	2164	968	1196	75	35	70	53	65	33	178	72	47	59	55	26	46	40	44	69	59	61	8	39	139	137	5	196	100	208	7	49	50	70	4	63
chr9	65206059	65206074	16	9	0	16	16	0	3	0	0	4	0	0	0	0	0	0	0	0	3	0	0	4	0	0	0	0	0	0	0	0	0	0	0	0	0	0	0	0
chr9	65206075	65206302	228	9	0	228	108	120	7	6	5	9	11	11	15	6	4	3	10	4	5	1	3	7	3	13	0	5	18	10	0	11	16	9	2	11	7	8	0	6
chr9	65206310	65206386	77	9	0	77	54	23	11	2	4	5	1	1	4	1	3	1	0	0	8	2	2	8	3	1	0	2	2	0	0	4	2	3	0	1	0	2	0	2
chr9	65206390	65206759	370	9	0	370	265	105	43	4	6	37	7	3	1	50	26	4	18	28	14	4	4	15	5	1	3	6	4	1	0	4	3	1	0	0	48	6	3	19
chr9	65206760	65206796	37	9	0	37	29	8	4	0	0	4	0	0	0	5	1	0	3	4	2	0	0	4	0	0	0	0	0	0	0	0	0	0	0	0	5	0	0	3
chr9	65206797	65206863	67	9	0	67	47	20	9	1	0	5	0	0	0	13	6	0	4	8	0	0	0	0	0	0	1	0	0	0	0	0	0	0	0	0	13	0	1	4
chr9	65206864	65206892	29	9	0	29	22	7	3	0	0	4	0	0	0	5	4	0	1	2	1	0	0	1	0	0	0	0	0	0	0	0	0	0	0	0	5	0	0	1
chr9	65206893	65207411	519	9	0	519	378	141	52	2	3	65	4	1	1	95	50	1	28	40	16	3	0	15	4	1	0	2	6	0	0	2	3	1	0	2	88	6	0	26
chr9	65207412	65207435	24	9	0	24	15	9	1	0	0	1	0	1	0	5	1	0	2	4	0	0	0	0	1	0	0	0	0	0	0	0	0	0	0	0	4	0	0	2
chr9	65207436	65207500	65	9	0	65	46	19	5	0	0	6	0	0	0	14	4	1	4	6	2	1	0	1	2	0	0	0	1	0	0	0	0	0	0	0	11	1	0	4
chr9	65207501	65207567	67	9	0	67	48	19	4	0	0	5	0	0	0	13	5	0	4	10	1	0	1	4	0	0	0	0	0	0	0	0	0	0	0	0	13	0	0	5
chr9	65207568	65207665	98	9	0	98	71	27	12	0	0	12	1	2	0	15	10	0	5	8	1	0	1	2	0	1	0	1	1	0	0	0	0	0	0	0	17	0	2	5
chr9	65207666	65207747	82	9	0	82	57	25	7	0	0	6	0	1	0	17	5	0	6	12	1	0	0	1	1	0	0	0	0	0	0	0	0	0	0	0	18	0	0	5
chr9	65207748	65207798	51	9	0	51	37	14	4	0	1	6	1	0	0	7	4	1	3	3	2	1	0	3	1	0	1	0	0	0	0	0	0	0	0	0	7	0	1	3
chr9	65207799	65208032	234	10	0	234	174	60	29	1	3	29	1	1	0	41	24	1	9	17	8	1	1	6	2	2	0	0	1	1	0	2	0	0	0	0	40	1	0	11
chr9	65208033	65208050	18	9	0	18	12	6	1	0	1	1	0	0	0	3	2	0	1	2	0	0	0	0	0	0	0	0	0	0	0	0	0	0	0	0	3	0	0	2
chr9	65208051	65208165	115	10	0	115	83	32	10	0	0	13	0	0	0	23	10	1	6	11	3	0	0	5	1	0	0	0	2	0	0	0	0	0	0	0	20	2	0	6
chr9	65208169	65208215	47	10	0	47	30	17	3	1	0	4	2	0	1	8	3	0	4	4	0	0	0	0	0	0	0	1	0	0	0	0	2	0	0	1	9	0	0	2
chr9	65208216	65208303	88	10	0	88	61	27	6	0	0	7	0	1	0	19	5	2	6	9	2	1	0	1	4	0	0	0	1	0	0	0	0	0	0	0	15	1	0	6
chr9	65208304	65209141	838	9	0	838	596	242	77	2	5	85	5	5	1	158	69	6	50	87	18	3	3	22	10	3	1	2	6	1	0	2	2	0	0	2	150	5	3	53
chr9	65209142	65209219	78	10	0	78	57	21	6	0	0	7	0	0	0	16	5	0	4	11	1	0	1	4	0	0	0	0	0	0	0	0	0	0	0	0	16	0	0	5
chr9	65209220	65209289	70	9	0	70	49	21	7	0	0	8	1	2	0	11	7	0	4	6	0	0	1	1	0	1	0	1	1	0	0	0	0	0	0	0	13	0	0	4
chr9	65209290	65209535	246	10	0	246	173	73	22	1	4	19	2	1	0	44	17	1	18	32	4	1	0	5	2	0	1	1	0	0	0	0	0	0	0	0	45	0	3	21
chr9	65209539	65209625	87	10	0	87	64	23	9	0	0	12	0	1	0	16	10	1	3	5	3	1	1	1	2	1	0	0	0	0	0	1	0	0	0	0	15	0	0	3
chr9	65209630	65209758	129	10	0	129	96	33	17	0	1	16	0	0	0	22	12	0	7	10	5	1	0	4	0	1	0	0	1	0	0	1	0	0	0	0	22	1	0	6
chr9	65209759	65209823	65	10	0	65	48	17	6	1	0	9	0	0	0	12	8	1	1	2	2	0	0	4	1	0	1	0	1	0	1	0	0	0	0	0	10	2	0	1
chr9	65209827	65209940	114	10	0	114	77	37	9	1	0	9	2	1	1	24	7	2	7	12	1	0	0	1	3	0	0	1	0	0	0	0	2	0	0	1	22	0	0	6
chr9	65209949	65210139	191	10	0	191	136	55	17	0	0	19	1	2	0	35	16	0	11	24	2	0	2	6	0	1	0	1	2	0	0	0	0	0	0	0	37	1	0	12
chr9	65210140	65210310	171	10	0	171	118	53	14	1	1	14	1	1	0	31	12	1	13	21	3	1	0	4	1	1	2	0	0	0	0	1	0	0	0	0	31	0	2	13
chr9	65210311	65210487	177	10	0	177	129	48	22	1	3	19	2	2	0	29	18	1	9	13	4	1	1	2	2	2	0	1	0	0	0	2	0	0	0	0	31	0	0	10
chr9	65210488	65210624	137	10	0	137	103	34	15	0	2	20	4	1	0	22	16	0	4	12	2	0	0	4	0	0	0	1	0	0	0	0	0	0	0	0	27	0	0	5
chr9	65210625	65210690	66	10	0	66	45	21	6	1	1	6	1	1	1	12	7	1	3	4	0	0	0	0	3	0	0	0	0	0	0	0	0	0	0	2	12	0	0	3
chr9	65210696	65210759	64	10	0	64	46	18	8	0	0	5	0	0	0	12	3	0	5	10	2	0	0	0	0	0	0	0	0	0	0	0	0	0	0	0	12	0	0	5
chr9	65210766	65210921	156	10	0	156	111	45	17	2	2	19	3	2	0	18	14	0	12	10	5	0	1	4	1	2	1	0	0	0	0	5	0	0	0	0	22	3	1	10
chr9	65210922	65211608	687	10	0	687	508	179	88	18	14	65	13	12	10	75	45	7	17	37	39	13	2	51	30	5	4	11	8	3	1	3	6	0	0	2	67	7	5	27
chr9	65211612	65211880	269	10	0	269	196	73	29	9	7	22	11	3	5	9	4	5	4	9	24	9	11	34	11	7	1	6	2	1	1	11	5	4	0	1	10	3	0	9
chr9	65211887	65219872	7986	10	0	7986	5383	2603	823	243	338	576	323	180	202	344	325	121	169	199	509	256	231	542	344	153	28	275	216	103	16	193	193	103	15	149	296	169	27	323
chr9	65219873	65221936	2064	10	0	2064	1331	733	201	83	81	123	80	64	70	88	104	29	44	47	102	57	61	96	113	44	6	69	64	35	3	56	44	26	3	45	81	53	4	86
chr9	65221937	65222434	498	10	0	498	283	215	42	16	10	25	25	15	26	14	12	6	18	13	14	10	7	29	18	14	2	13	22	12	4	19	24	21	3	14	16	10	7	15
chr9	65222436	65222447	12	10	0	12	10	2	0	0	0	0	0	0	0	2	0	0	0	0	0	1	0	6	1	0	0	0	0	0	0	0	0	0	0	0	0	0	0	0
chr9	65222453	65222483	31	10	0	31	28	3	0	0	0	1	0	0	0	3	0	0	0	0	1	3	0	18	3	0	0	0	0	0	0	0	0	0	0	0	0	0	0	0
chr9	65222499	65222551	53	10	0	53	51	2	8	1	0	4	0	0	0	2	0	0	0	1	5	0	0	28	1	0	0	0	0	0	0	0	0	0	0	0	1	0	0	0
chr9	65222552	65223893	1342	10	0	1342	733	609	72	27	56	49	42	67	68	41	57	22	64	39	32	19	44	33	72	17	2	44	39	30	4	70	52	45	4	47	55	51	6	70
chr9	65223894	65223905	12	9	0	12	6	6	0	0	3	0	0	0	0	0	3	0	0	0	0	0	0	0	0	0	0	0	0	0	0	2	0	0	0	0	0	2	0	0
chr9	65223906	65224959	1054	10	0	1054	693	361	100	38	48	71	43	29	31	35	44	19	22	32	69	31	30	50	41	29	4	42	40	12	1	30	15	11	1	17	42	31	2	42
chr9	65224965	65225118	154	10	0	154	92	62	11	7	4	5	5	7	7	3	5	1	7	3	5	7	5	9	9	4	1	7	3	4	1	6	4	2	0	4	6	4	0	6
chr9	65225128	65226714	1587	10	0	1587	929	658	135	43	69	69	49	51	75	44	74	29	56	29	59	45	44	56	76	36	3	54	58	36	7	76	41	38	1	44	44	67	7	70
chr9	65226715	65229078	2364	10	0	2364	1439	925	260	55	72	132	70	91	85	70	71	43	77	58	119	60	63	112	100	57	18	74	82	49	24	70	52	56	24	69	82	63	20	84
chr9	65229079	65229442	364	10	0	364	253	111	52	17	12	25	23	10	5	12	15	8	3	10	16	7	14	23	19	7	3	12	10	4	1	4	8	2	0	4	14	6	2	14
chr9	65229443	65230718	1276	10	0	1276	706	570	101	27	36	64	37	42	68	36	50	33	41	40	40	17	25	48	47	29	13	30	56	51	16	41	31	39	14	38	50	46	7	61
chr9	65230719	65232511	1793	10	0	1793	1081	712	146	48	63	102	72	56	74	69	66	28	55	52	75	48	42	85	76	38	9	57	79	35	8	50	49	55	10	44	67	44	7	82
chr9	65232513	65232527	15	10	0	15	8	7	0	0	0	0	0	0	0	2	0	1	3	1	0	0	0	0	0	0	0	1	1	0	0	0	0	0	0	0	1	1	0	2
chr9	65232528	65232850	323	10	0	323	211	112	51	11	16	17	23	3	8	6	10	6	11	9	9	4	9	16	13	3	1	7	6	5	1	12	9	6	1	12	12	10	1	13
chr9	65232851	65232872	22	9	0	22	16	6	5	0	5	0	0	0	0	0	5	0	0	0	0	0	0	0	0	0	0	0	0	0	0	0	0	0	0	0	0	0	0	5
chr9	65232873	65232957	85	10	0	85	41	44	12	0	0	3	0	2	4	4	2	1	4	1	1	2	3	0	1	1	1	2	4	5	2	4	2	6	4	4	3	3	1	1
chr9	65232959	65233113	155	10	0	155	80	75	22	2	5	4	5	7	4	0	2	4	6	6	3	3	4	2	5	6	2	2	6	4	7	6	1	9	5	3	4	4	2	8
chr9	65233115	65237027	3913	10	0	3913	2502	1411	339	132	155	233	152	104	162	134	161	66	101	111	208	98	114	230	182	67	15	137	103	65	5	120	116	54	5	103	151	107	9	172
chr9	65237028	65237198	171	10	0	171	126	45	22	8	6	16	5	6	1	8	6	1	3	4	20	3	3	12	8	4	1	5	3	3	0	3	3	0	0	1	7	2	1	4
chr9	65237199	65237590	392	10	0	392	283	109	63	10	13	34	15	6	9	19	14	5	8	4	29	18	7	27	18	9	2	10	8	4	0	7	11	5	1	3	12	1	1	17
chr9	65237591	65242002	4412	10	0	4412	2850	1562	450	144	172	272	190	105	139	170	183	65	122	127	216	118	139	237	191	85	14	141	134	59	13	129	107	73	9	109	172	118	14	193
chr9	65242003	65242347	345	10	0	345	238	107	41	9	15	33	15	7	12	7	13	6	6	13	28	8	11	13	10	6	1	13	7	5	0	5	6	3	1	11	18	3	2	15
chr9	65242348	65244184	1837	10	0	1837	1164	673	162	55	86	111	63	36	64	74	81	40	49	46	107	40	52	97	71	36	6	58	49	37	7	67	39	37	4	46	78	50	7	80
chr9	65244185	65245439	1255	10	0	1255	683	572	69	24	43	48	39	54	57	49	38	27	59	36	38	19	32	51	50	33	2	39	53	51	2	61	45	37	4	34	50	46	6	57
chr9	65245440	65250847	5408	10	0	5408	2981	2427	226	145	210	211	197	192	274	227	201	136	193	160	168	130	120	190	210	152	25	216	240	158	33	216	188	128	13	157	252	209	21	208
chr9	65250849	65250877	29	10	0	29	22	7	0	1	1	4	2	0	1	2	1	0	0	2	3	0	0	3	1	0	0	0	0	0	0	0	2	0	0	0	2	0	0	2
chr9	65250879	65254232	3354	10	0	3354	1865	1489	172	69	113	169	109	104	169	132	131	73	139	103	111	71	88	112	139	68	19	91	122	121	12	148	114	90	17	101	139	124	14	168
chr9	65254234	65254255	22	10	0	22	12	10	0	0	0	1	0	0	0	0	0	0	1	2	1	2	2	1	1	1	0	0	0	1	0	4	0	0	0	0	0	3	0	0
chr9	65254256	65255794	1539	10	0	1539	869	670	74	52	61	48	50	64	69	76	65	41	68	44	46	33	39	38	94	35	7	54	53	46	6	46	40	22	4	44	72	47	5	94
chr9	65255795	65257032	1238	10	0	1238	712	526	78	34	59	53	51	34	56	36	47	39	48	37	48	24	24	44	56	37	11	27	38	32	8	60	25	26	0	33	58	42	5	66
chr9	65257033	65271893	14861	9	0	14861	9232	5629	1440	440	740	843	614	363	420	538	700	250	443	386	710	300	355	689	558	271	80	444	402	358	146	434	385	294	118	359	589	417	52	721
chr9	65271894	65311563	39670	8	0	39670	24487	15183	3536	1267	1619	2177	1557	1012	1397	1477	1641	697	1123	1071	1864	997	1084	1967	1626	895	229	1223	1262	900	218	1279	1049	705	238	1026	1506	1158	173	1695
chr9	65311564	65311606	43	8	0	43	22	21	1	3	1	1	2	3	2	1	2	2	0	0	1	1	2	0	3	1	0	5	3	1	1	0	0	1	0	0	2	2	0	0
chr9	65311607	65311893	287	8	0	287	177	110	17	7	7	17	11	7	6	25	10	8	2	11	10	7	11	20	13	7	2	7	16	6	1	7	10	4	1	5	10	13	0	7
chr9	65311894	65323951	12058	9	0	12058	7832	4226	1258	368	543	788	474	283	375	396	536	190	342	304	689	315	354	616	445	227	47	437	325	199	42	345	269	183	43	291	489	302	40	541
chr9	65323952	65324146	195	10	0	195	145	50	26	4	7	18	5	3	2	9	7	2	3	8	16	4	6	23	6	1	1	5	3	3	0	5	0	2	0	4	10	5	1	4
chr9	65324148	65325123	976	10	0	976	657	319	95	35	34	81	52	17	28	54	44	10	19	29	53	24	23	58	46	15	1	24	24	11	0	26	32	21	1	16	49	14	0	38
chr9	65382878	65382907	30	9	0	30	11	19	0	0	2	0	0	2	1	0	2	1	3	0	0	0	0	0	0	2	0	1	2	1	1	2	0	0	0	2	1	3	2	0
chr9	65386825	65386915	91	9	0	91	22	69	1	1	0	0	1	2	6	3	0	2	3	3	0	0	0	0	1	2	2	0	8	7	6	5	3	12	10	3	0	5	2	1
chr9	65391820	65391886	67	9	0	67	24	43	0	1	3	1	1	0	5	3	3	3	3	0	0	0	0	0	0	0	2	2	3	4	1	4	4	5	4	4	2	3	3	1
chr9	65547308	65547363	56	9	0	56	42	14	6	1	1	9	3	1	0	0	2	0	2	2	6	2	1	5	2	1	0	1	1	0	1	1	0	0	0	0	1	2	1	2
chr9	65547682	65547725	44	9	0	44	26	18	6	1	3	2	2	3	0	1	2	1	1	1	1	1	0	0	4	1	0	0	2	4	0	1	0	0	0	0	0	2	0	3
chr9	65547908	65547946	39	9	0	39	22	17	2	1	3	1	1	1	1	0	2	1	1	1	2	2	2	0	1	1	0	2	0	1	0	4	1	1	0	0	2	2	0	1
chr9	65548406	65548467	62	9	0	62	29	33	1	1	4	2	3	0	3	1	4	0	3	3	0	0	2	2	1	0	0	0	3	7	0	3	1	3	0	4	2	2	0	5
chr9	65548893	65548934	42	9	0	42	28	14	3	1	3	4	0	1	1	2	2	0	2	0	5	0	1	2	0	0	0	1	0	1	0	1	3	0	0	3	1	1	0	2
chr9	65562516	65562562	47	9	0	47	21	26	2	0	3	0	1	2	2	2	2	0	2	1	0	3	0	1	1	2	0	2	5	3	0	2	0	0	2	2	0	5	0	0
chr9	65562827	65562868	42	9	0	42	17	25	1	1	2	0	1	1	3	4	2	0	2	0	0	0	0	0	1	0	0	1	3	0	0	3	3	4	2	2	2	2	0	0
chr9	65562871	65562887	17	9	0	17	7	10	0	1	0	0	0	1	2	0	1	0	0	0	0	2	0	0	1	3	0	0	2	1	0	0	0	0	0	0	0	0	0	1
chr9	65563663	65563703	41	9	0	41	15	26	0	0	0	0	0	3	5	0	0	4	3	0	0	0	0	0	2	1	0	4	2	2	0	1	3	1	2	0	0	1	2	3
chr9	65563770	65563807	38	9	0	38	17	21	0	1	0	1	0	1	4	2	0	0	1	1	2	3	1	0	1	0	0	4	2	2	1	1	3	2	0	1	0	2	0	0
chr9	65571242	65571299	58	8	0	58	33	25	4	2	4	1	1	4	4	1	4	3	2	0	1	0	1	0	4	0	0	5	1	0	0	2	2	1	0	1	3	2	0	3
chr9	65571618	65571683	66	8	0	66	31	35	1	0	4	2	3	5	2	0	2	0	1	5	1	2	2	1	3	2	0	2	5	6	0	3	1	2	0	1	1	5	0	2
chr9	65571935	65571965	31	8	0	31	16	15	4	1	2	0	1	1	1	0	3	0	0	0	0	1	1	0	0	0	0	3	2	3	0	1	0	2	0	0	1	2	0	0
chr9	65572898	65572932	35	8	0	35	28	7	5	1	1	3	1	0	0	1	0	0	0	0	4	3	1	8	1	0	1	2	1	0	0	0	0	0	0	0	0	0	0	0
chr9	65573347	65573429	83	8	0	83	43	40	2	3	4	3	4	7	3	1	5	2	2	3	1	1	1	1	6	3	0	4	3	4	1	3	3	1	0	0	3	3	1	3
chr9	65583209	65583268	60	9	0	60	26	34	2	1	1	0	2	7	2	2	0	1	6	0	0	0	0	0	2	4	1	3	5	2	0	3	2	2	1	1	4	2	0	2
chr9	65659539	65660305	767	6	0	767	467	300	46	17	41	39	26	24	30	28	40	13	27	25	32	17	27	34	31	6	1	33	18	17	0	27	24	14	0	24	35	25	3	41
chr9	65660307	65660854	548	6	0	548	380	168	48	20	17	41	24	15	9	19	18	2	11	16	36	20	20	62	25	10	2	20	17	10	1	12	7	7	0	10	18	13	1	15
chr9	65660855	65683034	22180	6	0	22180	13935	8245	2050	729	921	1268	849	556	766	817	874	379	614	540	1194	592	614	1170	907	490	114	745	692	449	101	720	548	432	79	561	841	591	86	889
chr9	65683035	65687794	4760	8	0	4760	2948	1812	377	150	219	252	195	126	169	187	190	79	138	150	236	123	150	207	187	85	22	183	153	85	15	134	121	101	17	151	216	116	16	208
chr9	65687796	65696408	8613	8	0	8613	5742	2871	970	295	370	617	365	186	247	323	362	133	205	219	557	203	213	475	326	174	24	293	247	147	19	222	192	128	12	168	356	186	25	352
chr9	65696409	65707545	11137	6	0	11137	7281	3856	1154	341	513	729	444	241	351	379	501	175	306	288	637	297	338	586	418	195	28	413	288	170	30	322	246	173	33	270	463	272	31	503
chr9	65707546	65737545	30000	7	0	30000	18584	11416	2779	1000	1252	1644	1228	757	1030	1118	1272	517	847	829	1396	736	813	1365	1206	699	158	947	995	638	147	965	760	521	159	755	1173	887	130	1275
chr9	65737546	65762545	25000	8	0	25000	15692	9308	2243	746	1101	1480	967	624	794	944	1107	434	725	651	1252	595	658	1369	1027	477	149	746	692	549	152	756	664	419	151	608	946	704	100	1168
chr9	65762546	65786545	24000	9	0	24000	13909	10091	1756	658	954	1154	893	717	989	905	920	497	807	652	952	531	594	929	976	557	109	761	818	736	216	861	734	590	188	668	976	747	99	1054
chr9	65786546	65811516	24971	10	0	24971	15985	8986	2438	717	931	1566	928	710	823	1015	1012	403	677	698	1274	655	670	1467	1100	485	111	789	751	420	104	716	605	460	96	559	1020	626	105	1038
chr9	65811517	65811682	166	10	0	166	119	47	18	0	4	18	2	2	0	25	17	0	12	14	3	0	0	3	0	0	0	2	0	0	0	0	0	0	0	0	29	0	1	14
chr9	65811683	65811692	10	10	0	10	7	3	1	0	0	0	0	0	0	1	1	0	1	1	0	0	0	0	0	0	0	0	0	0	0	0	0	0	0	0	2	0	0	1
chr9	65811693	65812047	355	10	0	355	251	104	31	1	3	37	3	2	1	60	27	0	26	36	12	2	0	8	2	2	1	0	1	0	0	5	3	0	0	1	60	4	1	24
chr9	65812048	65813242	1195	10	0	1195	852	343	117	5	9	119	8	9	1	217	101	7	73	124	24	4	4	28	12	5	4	4	4	0	1	4	2	0	0	2	217	4	7	77
chr9	65813243	65813309	67	10	0	67	47	20	6	0	0	8	1	2	0	10	7	0	3	6	0	0	1	2	0	1	0	1	2	0	0	0	0	0	0	0	11	1	0	3
chr9	65813310	65813651	342	10	0	342	241	101	27	1	0	32	2	1	1	69	24	3	22	38	7	1	1	11	5	0	0	1	3	0	0	0	2	0	0	2	63	3	0	21
chr9	65813652	65813680	29	10	0	29	20	9	2	0	1	2	0	0	0	4	3	0	3	3	0	0	0	0	0	0	0	0	0	0	0	0	0	0	0	0	5	0	0	4
chr9	65813681	65814165	485	10	0	485	352	133	53	1	4	54	3	4	0	85	44	2	26	46	12	2	2	12	4	3	1	1	2	1	0	2	0	0	0	0	86	1	3	29
chr9	65814166	65814223	58	10	0	58	41	17	3	0	0	4	0	0	0	12	3	0	4	9	1	0	1	3	0	0	0	0	0	0	0	0	0	0	0	0	11	0	0	5
chr9	65814224	65814288	65	10	0	65	46	19	5	0	0	6	0	0	0	14	4	1	4	6	2	1	0	1	2	0	0	0	1	0	0	0	0	0	0	0	11	1	0	4
chr9	65814289	65814328	40	10	0	40	26	14	2	0	0	2	0	1	0	8	2	1	3	6	0	0	0	0	1	0	0	0	0	0	0	0	0	0	0	0	9	0	0	3
chr9	65814329	65814933	605	10	0	605	442	163	65	3	3	74	4	1	1	111	58	1	32	50	18	3	0	17	4	1	1	2	6	0	0	1	3	1	0	2	104	5	1	31
chr9	65814934	65814975	42	10	0	42	32	10	3	0	0	4	0	0	0	7	1	0	3	5	3	0	0	4	0	0	0	0	0	0	0	0	0	0	0	0	7	0	0	3
chr9	65814976	65825399	10424	10	0	10424	4655	5769	382	193	302	266	316	262	809	334	235	279	264	169	210	172	225	237	291	337	51	227	648	667	107	758	499	857	76	302	282	319	34	312
chr9	65825400	65825425	26	10	0	26	3	23	0	0	0	0	0	0	0	0	0	1	2	0	0	0	0	0	0	1	0	0	0	0	6	0	0	4	7	0	0	1	1	1
chr9	65825426	65846000	20575	10	0	20575	12085	8490	1756	673	838	911	872	737	790	794	937	347	701	578	613	389	475	673	945	416	80	705	742	434	162	636	634	472	187	512	872	652	89	951
chr9	65874974	65875020	47	7	0	47	23	24	0	0	0	0	0	4	4	3	0	4	0	3	0	1	3	0	4	1	1	3	2	0	0	1	1	1	0	2	4	1	1	1
chr9	65875721	65875758	38	7	0	38	31	7	10	2	2	4	1	1	1	0	0	0	0	2	5	1	0	0	2	1	0	1	1	0	0	0	0	0	0	0	0	0	0	2
chr9	65896358	65896406	49	6	0	49	24	25	1	0	1	3	2	3	1	1	1	1	4	2	0	1	1	0	2	0	0	3	3	5	0	2	1	1	0	0	2	4	0	2
chr9	65897451	65897516	66	6	0	66	50	16	9	2	4	2	3	1	1	3	3	0	0	1	2	4	2	12	5	0	0	2	0	0	0	0	1	0	0	3	2	0	0	2
chr9	65898739	65898783	45	6	0	45	31	14	3	1	5	3	2	1	0	3	3	1	0	2	3	0	1	2	0	0	0	3	2	0	0	0	1	0	0	1	2	2	0	2
chr9	65898889	65898972	84	6	0	84	51	33	8	5	1	5	5	0	3	3	5	1	1	3	1	3	4	2	0	4	3	2	5	1	0	1	2	2	0	2	4	1	1	4
chr9	65899290	65899321	32	6	0	32	31	1	7	1	0	8	0	0	0	0	0	0	0	0	8	0	0	6	0	0	0	0	0	0	0	0	0	0	0	0	0	0	0	0
chr9	65901903	65901930	28	6	0	28	12	16	1	1	2	0	1	1	1	0	1	0	1	0	1	1	0	0	0	1	0	1	2	3	1	0	1	1	0	2	0	1	1	1
chr9	65902644	65902680	37	6	0	37	19	18	1	2	1	0	1	2	1	2	1	0	1	2	2	0	2	0	0	2	1	1	2	0	0	1	3	1	0	2	1	1	1	1
chr9	65905036	65905064	29	6	0	29	18	11	2	0	1	3	2	3	1	1	2	0	0	2	0	0	0	0	3	0	0	0	0	0	0	2	0	0	0	0	3	2	0	0
chr9	65905174	65905208	35	6	0	35	24	11	3	2	3	3	3	0	1	1	3	0	1	0	2	1	0	0	2	1	0	0	1	0	0	0	1	0	0	1	0	0	0	4
chr9	65906294	65906340	47	6	0	47	33	14	3	1	1	3	2	2	1	2	1	1	1	3	1	1	2	6	3	0	0	2	1	0	0	0	1	0	0	1	3	1	0	2
chr9	65906830	65906867	38	6	0	38	23	15	2	2	1	1	1	0	1	1	3	1	2	1	1	0	4	1	1	1	0	1	1	1	0	2	0	0	0	0	1	2	0	4
chr9	65907609	65907758	150	6	0	150	90	60	12	5	7	5	7	3	6	5	6	2	0	7	5	4	6	9	8	3	0	3	7	5	0	6	2	3	1	6	4	7	0	4
chr9	65907868	65907913	46	6	0	46	23	23	3	1	4	1	4	1	1	1	1	1	1	2	1	0	1	0	1	0	1	1	3	0	0	2	1	3	1	3	2	2	0	1
chr9	65908010	65908047	38	6	0	38	21	17	3	0	1	3	1	1	2	2	1	0	1	0	2	3	0	1	1	1	1	1	3	1	0	1	1	3	0	0	1	0	1	0
chr9	65908121	65908246	126	6	0	126	77	49	7	6	8	5	8	3	2	4	8	3	8	3	2	3	3	2	7	2	0	6	2	2	0	6	1	0	0	1	7	6	0	9
chr9	65908315	65908420	106	6	0	106	66	40	8	2	4	8	7	0	4	4	4	5	4	4	3	1	3	4	5	1	1	1	2	3	0	3	2	1	0	3	5	3	1	8
chr9	65908552	65908580	29	6	0	29	17	12	1	1	0	1	2	1	2	2	0	1	0	1	0	1	0	3	2	1	0	1	2	1	0	0	0	1	0	1	2	0	0	0
chr9	65909549	65909648	100	6	0	100	64	36	5	4	2	8	8	3	2	7	4	3	1	2	2	2	2	8	7	1	0	3	5	0	1	0	4	2	1	1	4	3	0	3
chr9	65909969	65909995	27	6	0	27	18	9	3	1	2	0	0	1	0	2	0	0	0	0	3	3	1	1	2	1	0	2	0	1	0	1	1	0	0	0	0	0	0	0
chr9	65910100	65910146	47	6	0	47	29	18	4	1	3	3	3	1	1	1	2	2	2	1	2	1	0	1	2	1	0	1	2	0	0	2	0	1	0	1	3	2	0	2
chr9	65912464	65912489	26	6	0	26	11	15	0	1	1	0	1	0	3	1	1	1	1	1	0	0	0	0	1	1	0	0	1	3	0	1	1	0	0	1	1	0	0	3
chr9	65913198	65913245	48	6	0	48	37	11	6	0	2	5	1	1	0	2	3	0	0	2	3	2	4	5	1	0	0	3	1	0	0	0	0	0	0	0	2	1	0	2
chr9	65914865	65915071	207	6	0	207	51	156	1	2	4	0	3	7	15	3	3	5	5	1	0	0	2	0	0	5	4	5	15	30	12	9	11	24	14	11	2	9	2	1
chr9	65915154	65915250	97	6	0	97	24	73	0	0	1	0	0	7	10	0	0	1	3	0	1	0	1	0	2	3	1	2	5	10	5	6	7	13	7	6	3	0	0	1
chr9	65916223	65916265	43	6	0	43	30	13	7	1	1	3	2	0	1	3	1	1	0	1	3	1	1	3	2	1	0	0	2	0	0	1	1	1	0	1	1	1	0	1
chr9	65918699	65918737	39	6	0	39	24	15	4	2	4	0	0	1	2	0	5	2	0	0	2	0	0	0	1	0	1	3	1	0	1	1	0	0	0	0	2	3	0	2
chr9	65918801	65918959	159	6	0	159	111	48	34	3	7	11	6	2	3	2	5	1	2	2	11	3	7	11	4	2	0	3	5	4	0	7	1	6	0	5	3	3	0	4
chr9	65919146	65919222	77	6	0	77	54	23	4	2	4	4	4	0	0	4	4	1	1	2	2	3	3	16	2	1	0	2	2	1	0	1	1	1	0	2	3	2	0	3
chr9	65920803	65920840	38	6	0	38	24	14	3	1	1	4	0	2	0	2	2	0	1	2	4	1	1	0	2	1	1	0	1	1	0	2	0	0	0	0	0	2	1	1
chr9	65921550	65921584	35	6	0	35	29	6	0	0	0	7	0	0	0	2	2	0	0	2	5	1	2	6	0	1	0	0	0	0	0	1	0	0	0	0	3	0	0	1
chr9	65926245	65926289	45	6	0	45	32	13	2	0	2	6	2	0	3	0	3	0	0	1	3	3	1	5	3	0	0	0	0	0	0	1	1	0	0	3	1	0	0	3
chr9	65926832	65926866	35	6	0	35	21	14	6	1	4	0	2	1	0	0	2	1	3	0	0	0	0	0	3	0	0	0	0	0	0	4	0	0	0	0	0	3	0	3
chr9	65928554	65928603	50	6	0	50	28	22	4	1	3	0	2	2	1	2	2	1	1	3	1	1	2	0	0	3	0	2	4	0	0	4	0	2	0	0	3	3	0	1
chr9	65929047	65929089	43	6	0	43	33	10	9	1	2	4	3	0	0	1	2	0	1	1	3	1	0	4	0	0	0	2	1	0	0	0	0	1	0	1	3	0	1	0
chr9	65929387	65929422	36	6	0	36	23	13	7	2	1	1	3	0	2	0	1	1	0	2	0	1	0	1	4	1	0	0	0	1	1	1	0	0	0	0	1	1	0	2
chr9	65929894	65929934	41	6	0	41	28	13	4	2	3	2	2	0	0	1	1	1	1	1	4	1	0	4	1	1	1	1	2	1	0	1	0	0	0	0	0	2	0	2
chr9	65930246	65930289	44	6	0	44	31	13	9	1	1	2	1	0	1	4	0	0	1	2	2	2	0	4	2	1	0	0	0	0	0	2	3	1	0	0	1	1	0	1
chr9	65931227	65931263	37	6	0	37	24	13	3	4	1	1	3	2	1	1	1	1	0	2	2	1	1	0	4	0	0	3	0	0	0	0	0	0	0	0	3	0	1	0
chr9	65931875	65931962	88	6	0	88	60	28	6	1	2	1	1	0	1	3	2	2	3	12	1	0	12	11	2	2	0	0	0	0	0	5	0	0	0	0	3	3	0	13
chr9	65932506	65932536	31	6	0	31	24	7	12	4	1	0	3	0	0	0	0	0	1	0	2	0	0	0	3	1	0	0	1	0	0	0	0	0	0	0	0	0	0	1
chr9	65936229	65936307	79	6	0	79	62	17	14	2	2	9	3	2	1	2	1	0	1	0	9	3	3	9	4	0	0	4	0	0	0	2	1	2	0	1	2	0	0	0
chr9	65940596	65940653	58	6	0	58	26	32	0	2	2	2	3	2	3	1	3	0	5	3	0	0	0	0	1	1	1	0	0	1	2	3	4	3	1	2	4	1	2	4
chr9	65943296	65943334	39	6	0	39	28	11	4	2	2	4	0	1	1	1	3	0	0	2	5	1	1	1	1	1	0	2	0	0	0	1	0	0	0	0	2	1	0	1
chr9	65946715	65946747	33	6	0	33	14	19	1	0	0	1	0	3	2	1	0	2	1	0	1	0	1	0	2	1	2	0	3	2	0	1	0	1	0	3	0	2	0	1
chr9	65946863	65946911	49	6	0	49	41	8	17	1	3	3	0	1	0	2	1	1	0	1	5	2	0	2	2	0	2	1	0	0	0	0	0	0	0	0	1	0	0	2
chr9	65950582	65950632	51	7	0	51	42	9	4	0	3	5	0	0	0	2	4	0	1	0	5	4	2	11	0	0	0	3	0	0	0	0	0	0	0	0	2	0	0	3
chr9	65952223	65952270	48	7	0	48	32	16	3	1	3	3	1	1	0	4	2	1	2	2	4	2	1	1	1	0	0	4	0	0	1	0	0	0	0	2	5	1	0	1
chr9	65952651	65952687	37	7	0	37	26	11	7	1	1	3	3	1	0	0	1	0	4	1	1	0	0	2	0	0	1	1	0	0	0	0	1	0	0	1	2	0	1	3
chr9	65998496	65998524	29	8	0	29	23	6	10	1	1	2	1	1	1	0	1	0	0	1	2	0	0	0	1	0	0	1	0	0	0	0	1	0	0	1	1	0	0	1
chr9	66010619	66010666	48	8	0	48	31	17	0	0	0	0	0	16	0	1	0	0	0	0	0	1	0	11	17	0	0	0	0	0	0	0	0	0	0	0	0	0	0	0
chr9	66023057	66023089	33	8	0	33	17	16	2	2	0	1	0	0	5	1	2	0	1	1	1	0	0	1	1	0	0	1	2	0	0	2	2	1	0	1	0	2	0	2
chr9	66064074	66064102	29	8	0	29	14	15	1	1	1	0	1	1	1	0	2	0	1	0	0	1	3	0	0	1	0	2	1	2	0	2	2	1	0	0	0	1	0	2
chr9	66064147	66070355	6209	8	0	6209	3192	3017	335	155	264	199	228	221	319	232	257	130	233	131	133	111	120	124	221	192	30	174	327	315	38	287	229	206	26	219	223	253	19	256
chr9	66175550	66179587	4038	9	0	4038	2460	1578	462	123	185	194	159	103	92	151	209	59	130	112	134	89	100	157	140	106	32	95	136	146	29	134	98	49	30	71	131	144	29	207
chr9	66179678	66179864	187	9	0	187	78	109	5	5	3	2	3	9	12	3	5	6	9	0	2	3	9	0	6	12	2	3	12	7	4	13	6	7	5	12	4	10	1	5
chr9	66180339	66180375	37	9	0	37	24	13	3	2	2	1	2	3	0	2	2	0	0	0	1	0	0	4	2	3	0	0	3	0	0	1	1	0	0	1	1	1	0	0
chr9	66180474	66181138	665	9	0	665	418	247	52	27	30	35	27	18	24	23	35	10	20	23	30	15	14	35	26	15	3	26	15	18	3	24	12	5	0	11	38	22	0	27
chr9	66181139	66181390	252	9	0	252	138	114	5	10	5	7	5	9	12	11	9	4	10	6	8	9	15	11	14	12	1	5	12	5	0	16	8	5	0	7	3	11	1	14
chr9	66181391	66181408	18	9	0	18	9	9	0	1	2	0	1	1	1	0	1	1	0	0	0	0	0	0	1	1	0	1	0	1	0	2	0	0	0	0	1	1	0	0
chr9	66181409	66181711	303	9	0	303	168	135	25	10	17	7	9	8	17	6	19	8	16	5	6	3	7	4	11	3	0	14	10	7	1	14	9	6	3	8	10	16	0	22
chr9	66181712	66181798	87	9	0	87	46	41	3	2	7	2	2	2	5	3	7	2	3	3	2	0	2	0	2	2	0	2	4	3	0	3	2	1	0	5	4	5	0	7
chr9	66181799	66181961	163	9	0	163	102	61	12	4	10	7	4	3	4	4	11	4	8	3	6	5	9	6	3	2	2	9	2	2	1	4	4	2	0	4	7	3	1	15
chr9	66181962	66182140	179	9	0	179	123	56	22	9	3	17	5	3	6	8	11	0	2	5	13	3	6	8	4	5	1	5	7	3	0	5	1	3	0	4	10	4	1	3
chr9	66182142	66182261	120	9	0	120	77	43	9	4	5	7	1	5	4	7	3	0	1	3	12	4	3	9	4	2	0	6	6	3	0	3	4	3	0	3	3	3	0	1
chr9	66182262	66182282	21	9	0	21	15	6	0	0	1	2	0	0	0	2	1	0	2	0	2	2	0	2	0	0	0	3	0	0	0	0	0	0	0	0	2	0	0	0
chr9	66182283	66182458	176	9	0	176	93	83	9	6	4	10	8	6	7	7	9	4	9	4	3	3	1	1	8	5	0	6	10	6	1	9	2	6	2	2	8	9	3	6
chr9	66182459	66182498	40	9	0	40	15	25	1	1	0	0	0	1	5	0	1	4	0	0	0	0	0	0	3	2	0	1	3	7	0	2	1	1	0	0	1	2	0	2
chr9	66182499	66182640	142	9	0	142	74	68	8	4	8	6	6	1	6	3	8	3	8	2	3	2	2	3	3	5	0	2	6	9	1	5	3	3	2	8	4	4	3	9
chr9	66182645	66182723	79	9	0	79	40	39	2	1	1	3	0	4	5	3	3	2	2	4	2	2	2	2	3	4	0	2	5	2	2	3	3	2	0	1	2	4	2	4
chr9	66182724	66182749	26	9	0	26	13	13	0	1	1	0	0	0	3	2	1	2	0	2	0	0	0	0	3	0	0	0	0	0	0	4	0	0	0	0	2	3	0	0
chr9	66182750	66182874	125	9	0	125	65	60	3	7	5	2	5	10	5	3	5	0	6	3	3	2	1	4	6	7	0	5	9	4	0	4	6	4	0	0	2	2	2	8
chr9	66182875	66182889	15	9	0	15	9	6	1	1	0	1	0	1	0	1	1	0	2	0	0	0	0	0	1	0	0	0	0	0	0	1	0	0	0	0	1	1	0	1
chr9	66182890	66183072	183	9	0	183	103	80	7	7	7	8	9	7	5	9	7	0	6	9	6	6	4	4	9	4	1	6	5	4	2	11	4	6	2	2	12	8	1	3
chr9	66183078	66183229	152	9	0	152	100	52	11	5	4	9	5	4	5	7	6	0	6	6	8	7	7	8	6	0	0	10	1	1	1	3	5	1	0	6	9	4	1	4
chr9	66183230	66183362	133	9	0	133	71	62	13	2	2	7	7	3	6	3	4	3	11	2	1	2	2	1	2	4	0	4	7	3	1	5	6	3	3	4	4	6	2	8
chr9	66183363	66183457	95	9	0	95	45	50	2	4	4	2	6	2	7	2	3	2	4	2	1	1	2	0	3	3	0	3	3	4	0	7	4	5	0	5	7	3	0	2
chr9	66183458	66183477	20	9	0	20	9	11	0	0	0	0	0	4	1	0	0	0	0	0	0	0	1	1	1	3	0	1	3	0	0	1	1	1	0	0	0	0	0	0
chr9	66183478	66183552	75	9	0	75	50	25	17	0	7	1	1	0	2	2	6	2	4	0	3	0	2	1	1	1	0	0	1	1	0	3	0	2	0	4	3	1	0	8
chr9	66183553	66183625	73	9	0	73	40	33	1	1	2	5	3	3	7	1	5	2	4	4	0	1	1	0	2	0	1	3	1	1	0	0	3	0	1	4	7	1	0	7
chr9	66183626	66183690	65	9	0	65	51	14	18	1	3	7	2	1	1	0	3	0	2	0	6	1	1	4	1	0	0	2	2	0	0	1	0	0	0	2	0	3	0	2
chr9	66183691	66183970	280	9	0	280	169	111	30	7	9	13	11	8	13	15	11	11	7	8	9	5	4	6	14	7	1	9	10	5	1	11	5	4	1	6	18	11	1	7
chr9	66183980	66184108	129	9	0	129	79	50	14	3	5	6	3	6	3	6	4	1	6	5	7	3	3	3	6	4	0	3	5	3	0	6	3	1	0	2	5	6	0	5
chr9	66184109	66184122	14	9	0	14	8	6	0	0	1	1	2	0	0	0	0	2	0	0	0	0	0	0	0	1	0	1	1	0	0	1	0	0	0	0	1	1	0	0
chr9	66184123	66184421	299	9	0	299	192	107	35	9	11	18	6	11	14	11	17	6	3	11	15	4	11	10	7	4	1	18	11	8	1	3	5	2	0	9	18	9	0	9
chr9	66184422	66184451	30	9	0	30	17	13	0	1	1	1	0	0	3	0	1	1	0	3	2	2	2	0	1	0	0	3	1	0	0	1	0	0	0	1	1	2	0	1
chr9	66184452	66184605	154	9	0	154	73	81	6	3	10	2	4	4	9	3	9	4	9	2	2	0	3	3	1	5	1	4	8	6	0	13	3	9	0	5	8	7	1	8
chr9	66184606	66184891	286	9	0	286	117	169	5	5	8	1	4	11	28	10	7	10	8	3	3	8	3	2	13	13	2	6	15	14	7	18	14	24	3	11	12	3	2	11
chr9	66184892	66185405	514	9	0	514	299	215	19	15	26	22	19	14	19	23	15	17	16	17	29	12	17	18	25	13	3	17	17	14	1	21	12	9	4	13	21	17	0	27
chr9	66185411	66185527	117	9	0	117	76	41	13	3	3	8	3	1	9	4	2	3	0	2	8	4	4	8	4	2	0	4	4	2	0	1	8	1	0	7	1	2	0	4
chr9	66185528	66185562	35	9	0	35	30	5	8	2	3	3	0	0	0	0	3	0	0	0	5	0	1	4	0	0	0	2	0	0	0	0	0	0	0	0	0	0	0	2
chr9	66185563	66185741	179	9	0	179	117	62	29	8	9	6	9	2	7	7	8	2	5	2	5	7	7	3	10	3	0	6	1	1	0	7	7	1	0	8	6	4	0	7
chr9	66185742	66185771	30	9	0	30	21	9	3	0	2	3	1	0	1	0	0	1	0	1	3	2	1	2	1	1	0	1	0	0	0	1	1	0	1	0	0	0	0	2
chr9	66185772	66185918	147	9	0	147	92	55	8	3	5	13	5	2	3	7	8	0	3	0	7	11	8	8	7	4	2	3	4	1	3	4	4	6	0	6	2	1	1	6
chr9	66185919	66185965	47	9	0	47	29	18	4	2	1	4	1	1	2	1	5	0	1	2	1	0	2	1	1	0	0	2	2	1	1	1	0	0	0	0	2	4	0	3
chr9	66185966	66186516	551	9	0	551	334	217	28	16	21	36	24	15	17	35	25	11	19	25	24	14	10	14	28	14	3	11	17	11	3	19	14	9	0	7	31	16	2	30
chr9	66186517	66186560	44	9	0	44	36	8	6	1	1	5	1	1	0	3	1	0	0	3	4	1	0	7	3	0	0	0	0	0	0	1	0	0	0	0	3	1	0	0
chr9	66186561	66187183	623	9	0	623	352	271	39	17	31	27	25	12	30	22	31	10	22	20	18	9	17	20	18	9	2	19	29	23	0	26	16	23	1	22	26	23	1	33
chr9	66187186	66187368	183	9	0	183	97	86	23	6	3	7	12	8	10	3	4	4	9	1	1	2	2	1	9	6	0	5	8	6	3	6	9	6	0	9	6	5	3	4
chr9	66187369	66187403	35	9	0	35	23	12	3	1	0	2	1	0	1	3	0	1	2	1	3	0	1	2	1	1	0	1	3	0	0	0	0	2	0	0	1	0	0	3
chr9	66187404	66193828	6425	9	0	6425	3831	2594	411	179	274	325	243	191	272	252	249	124	201	197	286	157	185	284	271	157	18	206	240	161	9	248	183	142	12	175	264	198	7	302
chr9	66193835	66195105	1271	9	0	1271	712	559	69	26	59	54	43	45	55	52	53	31	48	41	41	23	33	37	42	36	7	40	63	43	2	47	34	32	3	37	56	44	2	71
chr9	66195106	66195920	815	9	0	815	531	284	52	29	33	54	30	31	25	35	36	10	25	27	50	26	22	46	41	18	7	29	20	6	1	20	16	12	0	14	44	11	2	41
chr9	66195922	66195968	47	9	0	47	34	13	4	1	3	6	3	0	1	1	1	0	0	1	6	1	1	4	0	0	0	1	0	0	0	1	5	1	0	2	1	0	0	1
chr9	66195970	66198064	2095	9	0	2095	1204	891	131	71	97	87	79	54	109	81	96	43	66	51	80	42	49	67	82	54	11	63	80	48	5	79	77	49	9	76	84	61	9	103
chr9	66198065	66198074	10	9	0	10	5	5	0	0	0	0	0	0	0	1	0	0	0	0	0	1	0	1	0	1	0	0	1	0	0	1	1	1	0	0	0	0	0	0
chr9	66198075	66198789	715	9	0	715	350	365	44	12	24	19	12	21	39	24	32	16	28	19	12	11	17	18	17	13	12	19	28	32	13	38	22	27	19	30	29	39	6	21
chr9	66198791	66199391	601	9	0	601	321	280	60	18	19	20	17	22	28	29	25	14	14	16	16	7	6	9	21	23	4	13	31	26	12	24	19	22	2	13	24	22	6	17
chr9	66199398	66200486	1089	9	0	1089	573	516	55	29	39	44	39	35	50	34	41	30	40	29	33	19	25	29	51	19	16	28	43	39	21	41	32	37	15	34	32	49	8	51
chr9	66200495	66202704	2210	9	0	2210	1265	945	154	60	90	109	69	85	87	85	107	39	70	61	83	44	50	71	97	51	21	59	76	77	17	83	66	50	14	55	87	75	16	100
chr9	66202707	66203536	830	9	0	830	513	317	63	23	40	53	35	19	25	41	44	14	21	26	37	15	20	36	36	12	3	19	31	25	0	27	20	19	1	18	34	27	2	42
chr9	66203538	66203598	61	9	0	61	39	22	8	1	3	4	4	3	2	3	2	1	1	3	1	0	0	1	4	0	0	1	2	1	0	1	4	1	0	1	2	2	0	3
chr9	66203600	66204921	1322	9	0	1322	854	468	117	41	82	78	54	30	36	47	80	23	29	32	67	28	30	79	60	14	9	39	34	26	0	47	28	18	1	27	46	48	6	64
chr9	66204922	66205258	337	10	0	337	171	166	12	17	14	2	12	10	18	18	17	7	11	5	5	5	10	6	14	12	2	11	19	14	2	14	13	11	0	14	12	12	2	14
chr9	66205260	66205277	18	10	0	18	8	10	0	0	0	0	0	1	0	3	0	0	1	1	0	0	0	2	0	0	0	0	2	1	0	1	1	1	0	0	1	1	0	0
chr9	66205279	66206822	1544	10	0	1544	881	663	111	57	63	68	69	54	59	53	69	25	55	39	50	29	41	38	71	41	6	47	58	68	7	58	47	30	4	37	59	52	1	76
chr9	66206823	66206855	33	10	0	33	13	20	0	0	0	0	0	2	1	1	0	2	3	1	0	0	2	0	1	1	0	2	2	2	2	1	1	1	0	0	1	2	0	3
chr9	66206856	66208835	1980	10	0	1980	1248	732	143	64	83	117	80	42	73	86	101	32	62	63	85	51	60	104	83	38	7	61	54	27	1	75	56	28	2	42	88	64	6	100
chr9	66215230	66215280	51	10	0	51	43	8	5	1	0	5	0	1	0	3	1	0	0	1	5	1	2	17	2	0	0	1	2	0	0	0	0	0	0	0	0	1	0	1
chr9	66215531	66215569	39	10	0	39	23	16	8	1	0	3	2	2	0	0	0	0	0	0	3	1	1	1	2	1	0	1	2	2	2	0	0	3	2	0	0	0	0	0
chr9	66219502	66219532	31	10	0	31	13	18	2	0	2	0	0	0	0	0	3	0	5	0	0	0	0	0	0	0	0	0	0	4	0	6	0	0	0	0	0	6	0	1
chr9	66221007	66221038	32	10	0	32	17	15	2	2	1	0	2	1	0	1	1	0	2	1	0	2	2	0	1	3	0	0	2	0	0	2	0	0	0	1	1	1	0	2
chr9	66221396	66221443	48	10	0	48	32	16	8	3	3	2	4	1	2	1	4	0	1	1	0	0	0	0	4	0	0	1	0	0	0	1	1	0	0	3	3	1	0	2
chr9	66224978	66225008	31	10	0	31	24	7	0	0	0	1	0	1	0	5	0	0	0	0	1	4	0	11	4	0	0	0	0	0	0	0	2	0	0	0	0	0	0	0
chr9	66225775	66225827	53	10	0	53	35	18	3	2	1	6	3	1	3	2	1	1	0	2	5	1	2	2	3	0	0	1	1	0	0	0	2	0	0	5	3	1	0	0
chr9	66227244	66227294	51	10	0	51	30	21	4	1	2	4	4	1	3	1	2	3	1	0	1	2	0	1	4	1	0	1	0	1	0	4	2	0	0	0	2	3	0	1
chr9	66227378	66227440	63	10	0	63	40	23	5	2	2	4	5	2	2	3	1	1	3	2	2	3	0	3	6	1	0	0	2	0	0	1	1	1	0	2	3	0	0	4
chr9	66227738	66227776	39	10	0	39	20	19	3	1	4	0	3	1	0	1	1	1	0	3	1	0	1	0	1	1	0	1	2	0	0	1	1	2	1	2	1	1	2	1
chr9	66228158	66228192	35	10	0	35	23	12	6	2	2	1	4	1	0	2	0	1	0	0	1	0	1	0	3	1	0	0	2	0	0	0	2	1	0	1	0	0	0	2
chr9	66228534	66228582	49	10	0	49	27	22	4	3	1	0	1	2	3	1	1	1	3	3	2	0	0	0	3	1	1	1	2	0	0	3	1	0	0	1	2	4	1	2
chr9	66230506	66230536	31	10	0	31	19	12	3	1	2	0	0	0	0	3	1	0	1	1	2	1	2	1	1	0	0	1	1	2	0	1	0	1	0	1	1	1	0	1
chr9	66230772	66230833	62	10	0	62	35	27	2	2	4	3	4	0	2	2	6	0	2	1	0	1	2	2	0	1	0	2	4	3	0	2	3	1	0	2	1	4	0	4
chr9	66231402	66231431	30	10	0	30	19	11	2	2	1	1	1	1	0	2	2	0	0	2	1	0	2	1	0	1	0	1	2	0	0	0	1	0	0	1	2	1	0	1
chr9	66242078	66242211	134	9	0	134	77	57	14	1	8	9	8	3	6	4	8	4	2	1	2	2	1	3	7	0	0	3	5	7	0	5	3	7	0	4	6	4	0	5
chr9	66244229	66244263	35	9	0	35	13	22	0	0	2	0	1	0	1	1	1	1	4	1	0	0	0	0	1	0	0	0	1	3	0	5	0	2	0	2	1	3	2	1
chr9	66249443	66249489	47	8	0	47	40	7	0	0	0	3	0	0	0	7	0	0	0	0	3	5	0	20	5	0	0	0	0	0	0	0	2	0	0	0	0	0	0	0
chr9	66249576	66249780	205	8	0	205	161	44	0	7	0	0	0	9	0	23	0	0	0	0	8	16	0	96	26	0	6	0	0	0	0	0	6	0	6	0	0	0	0	0
chr9	66250199	66250243	45	8	0	45	38	7	3	3	2	5	2	0	0	2	1	0	0	1	7	2	1	7	2	0	0	3	0	0	0	0	0	0	0	0	2	0	0	0
chr9	66251452	66251484	33	8	0	33	22	11	4	2	1	2	2	0	0	2	3	0	0	0	0	1	1	2	2	0	1	1	0	1	0	1	1	0	0	1	1	1	1	0
chr9	66252114	66252150	37	8	0	37	27	10	6	1	1	3	2	2	1	0	0	0	1	3	4	0	0	2	1	0	0	1	1	0	0	0	1	0	0	1	2	1	0	1
chr9	66252382	66252472	91	8	0	91	48	43	5	5	3	3	5	0	3	3	4	4	3	0	2	3	3	2	2	2	3	4	5	3	1	4	2	3	0	1	2	5	1	3
chr9	66256786	66256812	27	8	0	27	11	16	0	0	1	0	0	1	3	0	1	2	1	1	0	0	0	0	1	1	0	0	1	1	0	4	0	2	0	0	2	2	0	1
chr9	66259131	66259163	33	8	0	33	17	16	2	1	1	1	0	1	3	0	2	0	1	1	2	0	0	0	1	0	0	1	2	2	0	2	1	2	0	1	0	2	0	2
chr9	66259443	66259489	47	8	0	47	21	26	0	1	1	0	1	2	2	2	1	0	1	3	0	1	2	3	0	1	0	2	6	3	0	3	0	4	0	0	1	4	0	1
chr9	66260555	66260582	28	8	0	28	17	11	2	0	3	1	1	0	0	3	1	0	1	2	1	1	0	0	1	0	0	0	1	0	0	1	0	1	0	2	2	1	0	1
chr9	66261360	66261388	29	8	0	29	11	18	0	1	0	0	1	2	2	1	0	2	1	0	0	0	0	0	2	2	1	0	1	1	1	2	1	1	1	1	1	1	1	0
chr9	66265875	66265908	34	8	0	34	21	13	12	3	0	0	2	0	1	0	1	0	2	0	0	0	0	0	1	1	0	0	0	0	1	1	1	0	2	1	0	1	1	1
chr9	66270567	66270594	28	8	0	28	14	14	0	0	0	0	0	0	0	0	0	0	13	0	0	0	0	0	0	0	0	0	0	0	0	0	0	0	0	0	0	0	0	13
chr9	66280391	66280472	82	8	0	82	61	21	8	3	1	4	2	0	1	4	2	2	3	3	4	2	6	15	1	1	0	5	0	0	0	2	1	1	0	0	5	0	0	4
chr9	66280838	66280916	79	8	0	79	55	24	10	1	1	6	3	1	2	5	3	2	0	2	2	5	2	9	3	1	2	3	0	1	0	2	3	0	1	0	5	1	1	0
chr9	66284174	66284228	55	8	0	55	44	11	11	2	3	4	1	0	0	2	2	0	2	2	6	1	0	6	0	1	0	2	1	0	0	1	0	0	0	0	2	1	0	3
chr9	66284414	66284476	63	8	0	63	47	16	5	4	2	9	3	0	0	2	3	0	5	0	9	1	1	3	4	1	0	0	0	0	0	1	0	0	0	1	1	0	0	6
chr9	66285171	66285195	25	8	0	25	18	7	4	0	1	2	1	1	0	1	1	0	0	2	1	1	1	1	1	1	0	0	0	0	0	1	0	0	0	0	1	0	0	2
chr9	66288217	66288255	39	8	0	39	15	24	2	1	0	0	1	2	4	2	0	1	0	0	0	0	0	0	2	2	0	1	4	5	0	1	4	2	0	2	0	1	0	0
chr9	66289401	66289448	48	8	0	48	35	13	14	1	0	3	1	1	1	0	0	1	1	1	3	2	3	2	2	1	0	1	1	1	0	1	0	1	0	1	1	0	0	2
chr9	66290174	66290241	68	8	0	68	53	15	11	1	2	6	1	1	2	3	1	1	0	2	9	2	2	7	3	0	0	2	1	0	0	1	2	1	0	1	1	1	0	2
chr9	66290616	66290647	32	8	0	32	19	13	4	1	0	1	0	1	0	2	1	1	1	0	1	2	2	1	1	2	1	1	1	2	1	0	0	0	0	0	1	0	0	2
chr9	66290769	66290901	133	8	0	133	75	58	15	3	5	6	7	6	6	2	4	4	3	1	2	2	3	5	7	2	2	4	5	2	1	2	5	4	5	6	3	2	2	5
chr9	66291090	66291129	40	8	0	40	31	9	6	0	0	6	3	2	0	1	0	0	1	2	1	1	1	5	3	0	0	0	1	0	0	0	0	1	0	1	2	0	0	1
chr9	66291474	66291500	27	8	0	27	24	3	5	0	1	3	1	0	0	0	0	0	0	1	3	1	1	7	0	0	0	1	0	0	0	0	0	0	0	0	1	0	0	0
chr9	66291945	66291977	33	8	0	33	25	8	5	1	3	1	0	0	0	0	2	0	0	2	3	1	1	5	0	1	0	1	0	1	0	0	0	0	0	0	0	0	0	4
chr9	66292692	66292722	31	8	0	31	21	10	1	1	1	1	1	0	0	4	1	0	0	1	2	1	2	3	1	0	0	1	0	0	0	2	3	1	0	0	1	1	0	0
chr9	66297726	66297769	44	8	0	44	27	17	1	3	1	2	3	0	3	1	0	3	1	1	3	2	2	0	4	1	1	2	0	0	0	1	0	0	0	2	3	0	0	2
chr9	66299592	66299645	54	8	0	54	21	33	0	1	1	0	0	3	3	1	1	1	4	1	1	1	2	0	4	1	0	1	1	8	0	6	0	2	0	2	2	4	0	1
chr9	66299959	66299995	37	8	0	37	21	16	2	0	1	2	2	0	2	1	0	2	0	1	1	2	0	4	0	3	0	1	3	3	0	1	1	0	0	1	1	1	0	0
chr9	66300071	66300120	50	8	0	50	31	19	3	2	1	3	2	2	2	2	2	0	3	1	1	2	1	2	4	0	0	2	2	0	0	1	2	0	0	2	0	3	0	3
chr9	66300457	66300501	45	8	0	45	29	16	6	3	1	2	3	0	1	2	1	1	0	1	2	2	1	3	3	1	1	1	2	0	0	1	0	2	0	0	0	1	1	1
chr9	66300931	66300981	51	8	0	51	31	20	4	0	3	3	2	2	1	1	3	0	2	1	1	3	3	1	3	0	0	2	1	1	0	2	0	1	0	3	2	2	0	2
chr9	66301900	66301951	52	8	0	52	38	14	17	7	0	0	7	1	2	0	1	1	1	0	0	0	0	0	8	0	0	1	0	0	0	1	0	0	0	0	1	1	0	1
chr9	66302624	66302648	25	8	0	25	23	2	8	1	0	4	1	1	0	0	0	0	0	0	4	0	0	2	2	0	0	0	0	0	0	0	0	0	0	0	0	0	0	0
chr9	66303131	66303208	78	8	0	78	52	26	15	3	4	3	5	2	2	0	4	3	5	2	0	0	1	1	3	1	0	4	1	0	0	3	0	0	0	0	6	3	0	5
chr9	66304509	66304540	32	8	0	32	25	7	13	0	2	1	0	1	0	0	2	0	0	0	1	2	0	3	1	1	0	0	0	0	0	1	0	0	0	0	0	1	0	1
chr9	66304782	66304821	40	8	0	40	22	18	0	2	2	0	3	0	2	1	1	1	0	3	1	1	2	2	2	2	0	0	1	1	0	3	2	1	0	1	1	1	0	2
chr9	66305927	66305952	26	8	0	26	15	11	1	0	1	1	2	0	1	0	0	1	1	1	0	2	2	0	1	1	0	1	0	0	0	1	3	0	0	1	0	0	0	3
chr9	66306406	66306442	37	8	0	37	18	19	0	1	1	1	1	3	4	0	1	1	1	1	2	0	0	0	3	0	0	1	1	0	0	1	4	2	1	1	0	0	1	3
chr9	66306800	66306837	38	8	0	38	25	13	3	2	0	2	0	0	1	3	2	0	0	2	2	2	1	5	2	1	0	1	2	1	0	1	0	0	0	0	0	3	0	0
chr9	66307293	66307325	33	8	0	33	20	13	1	2	2	2	3	0	2	2	1	0	0	1	2	0	0	1	2	0	0	0	0	0	0	0	4	0	1	3	1	0	0	1
chr9	66307395	66308023	629	8	0	629	402	227	39	17	28	39	19	21	26	27	25	10	17	29	40	9	21	34	26	9	0	22	19	6	0	14	18	8	0	24	30	16	2	32
chr9	66308073	66308495	423	8	0	423	289	134	46	13	11	31	16	9	11	23	15	3	9	16	23	12	10	39	18	7	3	9	15	7	1	5	11	2	1	12	15	12	1	15
chr9	66308496	66308534	39	8	0	39	27	12	8	1	2	2	3	0	0	3	1	2	0	0	2	1	0	1	3	0	0	0	3	0	0	0	0	2	0	0	0	1	0	2
chr9	66308535	66309111	577	8	0	577	355	222	51	18	33	28	32	12	23	19	29	14	12	11	18	11	14	28	23	11	2	19	20	8	2	18	22	11	1	18	21	18	1	27
chr9	66309112	66309136	25	8	0	25	14	11	0	1	1	1	2	0	2	0	2	1	2	1	0	0	0	0	0	1	0	1	1	0	0	0	1	0	0	1	2	0	0	3
chr9	66309137	66309968	832	8	0	832	579	253	95	30	46	62	34	11	22	25	39	8	20	22	64	22	23	55	32	9	4	26	16	5	0	23	19	9	2	18	25	21	0	43
chr9	66310004	66310676	673	8	0	673	442	231	48	25	29	37	30	12	20	29	24	17	29	20	36	20	20	44	35	12	2	25	16	6	0	15	14	5	0	11	26	14	2	48
chr9	66310677	66312175	1499	8	0	1499	990	509	126	58	74	92	70	22	39	69	73	22	32	41	81	39	51	100	54	20	6	61	49	19	2	27	39	25	2	36	58	33	6	71
chr9	66312187	66312538	352	8	0	352	204	148	28	10	10	20	14	9	10	10	12	6	11	15	15	11	11	11	13	11	4	8	13	11	7	9	4	8	6	9	13	10	5	16
chr9	66312539	66312684	146	8	0	146	47	99	0	1	1	2	3	6	8	2	2	3	12	2	0	2	2	0	2	1	4	5	6	8	9	6	6	14	11	7	5	6	3	5
chr9	66312686	66312830	145	8	0	145	96	49	33	5	6	8	8	2	7	3	5	3	3	3	5	1	0	2	4	4	0	3	9	1	0	2	6	3	0	3	1	4	0	9
chr9	66312861	66313160	300	8	0	300	212	88	35	12	10	22	13	5	7	14	14	2	5	12	17	5	8	30	5	4	5	11	7	0	1	3	10	4	0	4	17	3	2	11
chr9	66314019	66314080	62	8	0	62	46	16	8	2	3	6	1	0	2	4	4	3	0	1	6	0	0	4	2	1	1	1	0	0	0	1	2	0	0	0	3	0	1	4
chr9	66317193	66317240	48	8	0	48	31	17	2	3	0	3	3	3	0	4	1	0	0	1	3	2	1	4	4	2	0	1	4	1	0	0	1	1	0	0	1	1	0	0
chr9	66317308	66317631	324	8	0	324	145	179	37	3	6	7	8	9	14	4	4	9	16	7	4	5	8	3	5	8	4	9	13	14	17	12	8	21	18	13	9	13	5	9
chr9	66318379	66318409	31	8	0	31	23	8	5	0	1	2	1	2	0	3	1	1	0	1	2	0	0	2	2	0	0	1	1	0	0	0	0	0	0	0	3	1	0	0
chr9	66319238	66319279	42	8	0	42	31	11	0	1	1	6	2	0	2	1	1	1	0	2	5	1	2	5	1	0	0	1	0	0	0	0	3	0	0	1	1	0	0	3
chr9	66319982	66320037	56	8	0	56	41	15	10	2	1	4	1	0	1	1	2	0	4	3	4	1	2	3	0	1	0	2	3	0	0	0	0	0	0	0	1	2	0	6
chr9	66322620	66322647	28	8	0	28	17	11	0	1	0	2	2	0	1	1	1	1	1	0	0	1	3	2	1	1	0	1	1	0	0	0	1	0	0	2	1	0	0	2
chr9	66324806	66324847	42	8	0	42	31	11	8	1	0	5	2	1	2	4	3	1	0	0	1	2	0	1	5	0	0	0	0	0	0	0	0	0	0	0	2	0	0	2
chr9	66327444	66327530	87	8	0	87	64	23	9	4	2	9	4	2	1	4	2	1	1	3	8	4	3	5	6	1	0	4	1	0	1	1	1	0	1	0	3	2	0	2
chr9	66329501	66329543	43	7	0	43	32	11	7	0	2	4	1	1	0	3	1	0	2	1	4	2	0	2	3	0	0	1	1	0	0	1	0	0	0	0	1	2	0	2
chr9	66329708	66329764	57	7	0	57	46	11	6	1	2	7	3	1	0	4	1	2	0	1	6	1	1	10	4	0	0	1	0	0	0	0	0	0	0	0	3	0	0	1
chr9	66329839	66329974	136	7	0	136	86	50	5	0	5	13	2	1	3	10	3	1	3	8	13	3	6	9	1	2	0	2	5	6	0	5	6	6	0	1	4	2	0	9
chr9	66330079	66330105	27	7	0	27	18	9	3	2	1	1	1	0	1	1	2	1	0	1	1	0	0	1	1	0	0	2	1	0	0	1	0	0	0	0	1	2	0	1
chr9	66330320	66330376	57	7	0	57	40	17	7	1	4	5	1	1	0	1	2	0	1	2	8	2	2	2	0	2	0	1	0	0	1	3	1	2	0	1	2	0	1	2
chr9	66330774	66330868	95	7	0	95	70	25	9	2	5	8	2	1	1	6	2	1	3	3	11	5	1	9	6	0	0	3	1	0	1	0	1	1	0	2	2	1	1	5
chr9	66331015	66331046	32	7	0	32	19	13	0	1	1	1	1	1	0	1	0	1	2	1	2	2	1	3	1	1	1	3	0	1	0	1	0	0	0	0	2	0	2	0
chr9	66331378	66331429	52	7	0	52	39	13	10	0	0	8	2	1	1	0	4	1	2	1	3	1	3	1	1	1	0	1	1	0	0	1	0	0	0	0	2	1	0	4
chr9	66331556	66331572	17	7	0	17	9	8	0	0	2	0	0	0	1	0	0	0	1	1	2	1	0	1	0	0	0	0	0	0	0	0	0	0	1	3	1	0	0	1
chr9	66331573	66331677	105	8	0	105	74	31	11	3	6	6	2	2	1	4	4	0	0	3	9	5	7	9	4	3	0	4	3	1	0	2	1	2	0	3	1	0	2	5
chr9	66331841	66331898	58	7	0	58	33	25	3	1	4	2	2	1	5	2	3	4	2	0	2	0	0	2	3	1	0	2	3	0	0	0	3	1	0	1	1	1	0	7
chr9	66332223	66332288	66	7	0	66	39	27	6	0	2	6	5	3	2	4	4	0	1	1	0	0	3	1	2	0	0	1	1	0	0	3	8	4	0	1	3	0	0	3
chr9	66332359	66332426	68	7	0	68	46	22	10	1	5	4	3	1	0	6	4	1	0	3	3	1	0	3	1	2	0	1	3	2	0	1	2	1	0	1	4	1	0	2
chr9	66332672	66332761	90	7	0	90	53	37	11	2	3	4	6	2	4	2	1	2	4	2	3	3	2	0	4	4	0	1	3	0	0	2	5	0	4	5	2	1	0	6
chr9	66332984	66333105	122	7	0	122	63	59	3	5	6	3	6	6	4	4	4	5	2	3	4	2	1	3	4	8	3	3	9	2	4	2	5	3	0	2	3	4	1	6
chr9	66333407	66333452	46	7	0	46	26	20	0	2	2	1	2	2	1	3	2	0	3	2	1	0	1	4	4	0	0	0	0	2	0	1	2	0	0	4	2	1	0	2
chr9	66333616	66333653	38	7	0	38	26	12	5	0	2	2	2	1	1	0	0	1	1	3	1	1	0	4	1	1	0	1	1	1	0	2	0	0	0	0	2	2	0	1
chr9	66333774	66333800	27	7	0	27	18	9	4	0	0	3	1	1	0	2	0	0	0	1	2	2	0	2	2	0	0	0	2	0	0	0	0	2	0	0	0	0	1	0
chr9	66334418	66334466	49	7	0	49	32	17	5	2	3	4	0	1	2	0	5	0	1	2	4	1	1	0	0	1	0	3	0	1	0	3	0	0	0	0	3	3	0	2
chr9	66335262	66335312	51	7	0	51	28	23	2	2	0	1	0	3	4	4	1	3	1	1	2	2	0	2	5	2	1	0	0	0	0	3	2	1	1	0	4	0	0	2
chr9	66335605	66335635	31	7	0	31	22	9	6	1	2	2	2	1	0	0	1	1	0	0	2	0	1	2	2	0	1	0	0	0	0	1	1	1	0	0	0	0	1	1
chr9	66336081	66336153	73	7	0	73	54	19	6	2	2	8	2	2	3	3	4	1	1	2	6	2	1	9	4	0	1	2	0	0	0	0	1	0	0	1	3	0	1	4
chr9	66336316	66336376	61	7	0	61	38	23	1	1	0	4	0	2	1	7	3	0	3	2	3	1	4	4	2	1	0	1	2	1	0	2	2	1	0	3	4	2	0	2
chr9	66336434	66336482	49	7	0	49	35	14	4	1	1	5	1	0	1	1	1	0	1	1	5	1	3	9	0	1	0	1	1	1	0	2	2	0	0	2	0	2	0	0
chr9	66336733	66336775	43	7	0	43	22	21	1	0	0	2	2	3	1	3	0	1	2	3	0	2	0	2	2	1	2	1	3	0	0	0	2	2	0	0	2	0	2	2
chr9	66336855	66336997	143	7	0	143	97	46	7	4	4	9	4	2	3	5	8	1	5	10	5	4	13	11	4	2	0	5	2	0	0	3	1	2	0	3	7	1	2	14
chr9	66337070	66337102	33	7	0	33	23	10	6	0	0	4	2	0	0	2	0	0	2	0	2	1	2	1	1	0	0	0	1	0	0	1	1	1	0	2	1	0	0	1
chr9	66337351	66337567	217	7	0	217	113	104	22	1	5	5	2	9	15	4	6	3	12	9	2	3	4	9	2	4	2	8	11	3	1	11	8	11	6	7	9	8	3	10
chr9	66337645	66338076	432	7	0	432	307	125	18	3	7	17	5	36	5	24	14	2	6	3	8	19	5	134	50	2	3	5	8	5	3	4	3	7	5	3	9	6	0	11
chr9	66341636	66341677	42	7	0	42	22	20	3	0	1	1	0	4	2	1	1	1	3	1	1	1	1	1	3	0	0	2	2	1	0	2	1	0	0	1	0	4	0	2
chr9	66347547	66347573	27	7	0	27	22	5	6	1	0	4	0	0	0	0	2	0	0	1	3	1	2	0	0	0	0	2	0	0	0	0	0	0	0	0	0	0	2	1
chr9	66355215	66355251	37	7	0	37	27	10	8	1	2	2	1	0	1	1	3	2	1	0	1	0	1	2	0	0	0	2	1	0	0	0	0	0	0	0	2	1	0	3
chr9	66356044	66356072	29	7	0	29	23	6	2	2	1	1	0	0	0	3	0	0	0	4	4	0	1	4	1	0	0	1	0	0	0	0	0	0	0	0	2	0	0	1
chr9	66356235	66356411	177	7	0	177	90	87	15	5	3	6	7	7	11	3	3	1	13	3	5	5	2	0	5	5	0	7	7	4	2	8	9	8	3	8	7	4	3	6
chr9	66356772	66356817	46	7	0	46	28	18	2	4	2	1	4	1	3	0	1	2	1	0	2	2	2	0	6	1	0	2	0	1	0	1	1	0	0	1	1	0	0	3
chr9	66356967	66357049	83	7	0	83	49	34	5	5	0	3	3	2	7	1	2	3	0	0	4	2	4	6	4	3	2	3	2	2	0	4	3	2	0	3	4	1	0	1
chr9	66359074	66359117	44	7	0	44	36	8	11	0	1	7	1	0	0	0	3	0	0	1	4	0	2	6	0	0	0	0	0	0	0	0	1	0	0	1	0	1	1	2
chr9	66359320	66359351	32	7	0	32	20	12	1	1	0	2	1	0	3	1	2	0	0	4	0	1	0	3	2	0	0	1	1	0	0	0	0	0	1	1	2	1	1	1
chr9	66359872	66359972	101	7	0	101	64	37	7	1	7	4	3	5	4	2	7	3	2	3	2	5	5	3	5	1	0	8	2	0	0	2	4	0	0	0	3	3	0	8
chr9	66368483	66368522	40	7	0	40	15	25	0	0	1	0	1	3	3	0	0	0	5	2	0	0	0	0	0	1	0	2	2	1	1	1	2	1	1	4	2	2	1	2
chr9	66386752	66386789	38	6	0	38	21	17	1	0	3	3	3	2	2	0	2	1	1	1	1	1	0	0	1	0	0	3	3	1	0	0	1	0	0	1	2	3	0	0
chr9	66630955	66636395	5441	7	0	5441	3165	2276	380	164	206	280	193	145	233	224	205	88	162	146	253	115	122	248	201	137	21	153	219	177	38	201	182	150	33	163	193	171	30	206
chr9	66636396	66636639	244	8	0	244	147	97	10	5	11	16	13	9	10	15	11	6	7	9	9	5	2	8	12	2	0	11	11	2	0	6	10	7	0	3	14	8	0	10
chr9	66636640	66636801	162	7	0	162	82	80	5	3	9	6	4	5	4	9	6	4	7	3	7	3	2	4	5	4	3	2	7	6	2	8	6	9	3	4	4	4	4	8
chr9	66636802	66636902	101	8	0	101	58	43	4	2	5	5	5	5	4	4	5	1	5	1	2	6	2	2	8	2	0	4	4	2	0	2	2	0	0	6	3	4	0	4
chr9	66636903	66636961	59	7	0	59	31	28	1	4	1	2	4	1	4	1	3	3	2	1	0	0	1	2	2	3	2	0	4	1	0	2	3	0	0	1	1	3	0	5
chr9	66636962	66637068	107	8	0	107	54	53	4	2	4	4	2	5	7	4	5	1	0	2	3	5	2	4	4	6	0	3	6	1	3	6	4	5	2	3	3	3	1	1
chr9	66637073	66637128	56	8	0	56	30	26	2	3	3	3	3	3	2	1	3	0	0	1	3	0	1	0	3	0	2	1	2	3	0	2	1	3	1	3	3	1	1	0
chr9	66637129	66637144	16	7	0	16	9	7	1	2	1	0	1	1	0	0	1	0	0	0	1	1	0	0	2	0	0	1	0	0	1	0	0	0	0	0	0	1	0	0
chr9	66637145	66637260	116	8	0	116	68	48	12	5	6	2	8	6	4	2	1	5	1	3	4	3	4	1	6	4	2	7	4	0	2	2	5	1	0	3	5	3	0	3
chr9	66637261	66637452	192	7	0	192	128	64	35	13	5	10	13	7	8	4	9	1	0	5	6	3	4	5	9	8	0	7	10	3	0	1	5	1	0	4	7	2	0	5
chr9	66637453	66637749	297	8	0	297	193	104	29	17	19	10	21	7	3	13	10	3	4	3	15	13	6	20	15	14	0	10	17	4	0	6	3	5	0	8	8	4	0	8
chr9	66637750	66637831	82	7	0	82	55	27	18	2	6	3	2	0	2	2	4	2	2	2	5	1	3	1	1	1	0	2	3	0	1	1	0	1	0	5	2	3	1	4
chr9	66637832	66638119	288	8	0	288	186	102	39	10	15	16	15	10	8	13	10	6	6	4	16	4	7	7	14	4	1	11	8	0	0	7	16	8	1	5	8	3	2	12
chr9	66638120	66638166	47	7	0	47	29	18	3	3	2	1	2	1	1	3	4	0	3	1	1	0	0	3	3	0	0	1	1	1	0	1	1	0	1	0	2	2	0	4
chr9	66638167	66638244	78	8	0	78	48	30	5	4	2	4	3	2	3	3	3	0	1	3	4	6	0	4	8	1	3	1	1	2	1	3	0	0	1	1	2	4	0	1
chr9	66638245	66638260	16	7	0	16	12	4	2	2	1	1	0	0	0	1	1	0	0	0	3	1	0	0	1	0	0	1	0	0	0	0	0	0	0	0	0	0	0	0
chr9	66638261	66638333	73	8	0	73	45	28	8	3	3	4	6	2	4	2	5	1	1	2	0	1	0	1	3	0	0	4	4	1	0	1	3	2	0	1	4	3	0	2
chr9	66638334	66638393	60	7	0	60	33	27	0	1	2	1	1	1	2	6	3	0	3	3	1	2	2	3	0	3	0	1	4	2	0	2	3	1	0	2	3	2	0	4
chr9	66638394	66638606	213	8	0	213	142	71	27	10	12	9	8	2	6	10	6	1	2	10	16	7	8	7	11	2	0	7	4	7	0	5	6	4	0	6	5	3	0	10
chr9	66638611	66638684	74	8	0	74	47	27	10	3	3	2	2	1	3	3	6	1	6	1	1	2	1	0	4	0	0	3	2	0	0	2	1	0	0	1	3	4	0	7
chr9	66638685	66638774	90	7	0	90	48	42	3	5	5	4	7	0	4	5	6	0	2	1	1	4	0	0	3	3	0	3	2	1	1	4	7	3	2	3	4	1	3	1
chr9	66638775	66638927	153	8	0	153	94	59	10	3	8	8	6	4	4	4	6	3	3	5	7	10	8	5	7	3	3	7	3	1	2	2	6	2	0	5	2	2	3	9
chr9	66638928	66638950	23	7	0	23	12	11	2	1	0	0	0	1	1	1	0	0	1	0	2	1	0	1	1	1	1	0	2	0	1	1	0	1	0	1	0	1	0	0
chr9	66638951	66639027	77	8	0	77	49	28	8	5	2	3	3	1	5	4	6	1	0	0	2	3	2	3	6	1	0	3	3	1	0	2	2	1	0	1	1	3	0	3
chr9	66639028	66639071	44	7	0	44	37	7	9	0	1	8	0	0	1	1	3	1	0	0	5	1	3	3	0	0	0	2	0	0	0	0	0	0	0	0	2	0	0	2
chr9	66639072	66639379	308	8	0	308	196	112	32	8	16	17	14	7	12	13	14	2	9	6	13	13	6	14	11	6	3	10	7	3	1	6	15	2	1	14	12	6	1	12
chr9	66639380	66639534	155	8	0	155	77	78	16	5	3	1	4	4	9	3	2	6	8	4	3	2	3	2	4	6	2	5	9	4	3	7	1	9	2	6	6	4	5	5
chr9	66639535	66639656	122	8	0	122	59	63	4	4	3	4	5	9	6	2	3	1	7	0	2	3	5	0	6	6	0	5	6	1	1	8	6	6	0	6	3	3	3	2
chr9	66639657	66639706	50	7	0	50	28	22	11	0	0	1	1	4	3	0	0	3	4	0	0	0	0	0	2	2	0	3	2	1	1	1	0	1	0	1	3	1	1	2
chr9	66639707	66639897	191	8	0	191	140	51	31	5	8	17	7	4	2	7	7	2	3	5	18	3	6	13	4	4	0	6	8	4	0	0	4	1	0	3	4	3	0	10
chr9	66639898	66639957	60	7	0	60	47	13	13	1	2	7	2	0	2	1	2	0	1	3	7	3	1	1	3	0	0	1	0	0	0	2	0	0	0	0	2	1	0	3
chr9	66639958	66640104	147	8	0	147	110	37	13	5	8	14	7	3	3	3	7	1	0	5	14	8	5	12	9	1	0	7	3	2	0	0	0	0	0	2	4	2	0	7
chr9	66640105	66640153	49	7	0	49	40	9	1	0	3	5	0	0	1	4	2	0	0	4	6	3	0	9	2	0	0	1	0	0	0	0	0	0	0	0	3	0	0	3
chr9	66640154	66641038	885	8	0	885	608	277	94	24	33	65	31	15	31	51	42	16	12	24	49	34	21	64	45	13	6	25	18	5	0	21	20	10	0	20	45	16	2	31
chr9	66641039	66641081	43	7	0	43	26	17	5	0	3	1	2	0	1	1	2	0	3	2	0	2	0	2	1	0	0	1	2	2	0	2	0	1	0	1	1	3	0	3
chr9	66641082	66641312	231	8	0	231	126	105	14	10	9	9	11	9	13	7	11	3	10	3	7	2	6	1	7	4	2	11	11	3	0	9	9	9	2	10	12	7	0	8
chr9	66641313	66641372	60	7	0	60	26	34	1	1	2	1	2	2	3	3	2	2	2	1	0	1	2	1	2	1	2	1	2	4	2	3	3	3	0	2	2	2	0	3
chr9	66641373	66641634	262	8	0	262	161	101	29	9	12	13	13	6	13	5	13	6	10	3	9	6	6	7	8	7	0	12	12	0	0	8	7	5	1	9	10	8	1	12
chr9	66641635	66641660	26	7	0	26	16	10	1	0	2	1	1	0	1	2	2	0	0	1	0	4	0	0	2	1	0	2	1	1	0	0	0	0	0	0	1	0	0	1
chr9	66641661	66641771	111	8	0	111	49	62	15	1	1	1	2	5	6	2	2	2	8	3	0	0	0	0	2	2	0	4	6	5	4	3	4	6	6	4	2	5	4	4
chr9	66641772	66641825	54	7	0	54	16	38	0	0	0	0	0	2	3	0	0	1	3	0	1	2	3	0	1	1	1	2	3	6	4	3	0	6	2	4	1	2	1	0
chr9	66641826	66642551	726	8	0	726	401	325	52	21	30	24	30	17	25	27	28	12	31	26	18	19	16	23	22	20	5	23	30	26	9	27	18	17	12	19	29	29	6	33
chr9	66642552	66642578	27	7	0	27	17	10	1	1	1	3	2	1	0	1	1	1	1	2	2	0	0	0	0	0	0	2	1	0	0	0	0	0	0	0	3	1	1	0
chr9	66642579	66642721	143	8	0	143	82	61	5	6	3	5	1	5	8	11	5	3	4	4	7	2	4	7	9	4	1	2	5	3	0	7	6	5	0	3	5	3	1	7
chr9	66642722	66642738	17	7	0	17	5	12	0	0	0	0	0	0	2	0	0	2	0	0	0	0	0	0	0	2	0	0	1	2	1	2	0	0	0	0	1	2	0	0
chr9	66642739	66642889	151	8	0	151	79	72	9	4	6	5	6	4	7	10	7	4	5	5	2	1	1	2	4	6	2	1	8	3	2	5	8	6	2	4	8	3	0	9
chr9	66642890	66642939	50	7	0	50	30	20	3	0	3	3	1	2	2	3	4	0	3	0	1	1	1	1	1	1	0	1	2	0	0	1	2	0	0	4	3	2	0	3
chr9	66642940	66643143	204	8	0	204	148	56	15	4	6	17	4	4	5	12	3	3	2	10	19	8	10	25	7	2	2	8	2	1	0	3	6	1	0	5	10	2	0	6
chr9	66643144	66643208	65	7	0	65	39	26	4	1	1	4	2	3	3	4	1	2	0	0	3	4	2	4	3	4	0	3	4	2	0	2	2	1	0	1	2	1	0	0
chr9	66643209	66643766	558	8	0	558	300	258	36	9	33	16	21	21	30	11	27	11	26	13	10	9	15	12	17	19	1	13	25	15	1	24	19	10	2	33	22	21	1	33
chr9	66643767	66643918	152	7	0	152	83	69	5	5	4	4	8	27	7	1	2	2	2	4	3	2	3	2	28	2	0	6	5	1	0	3	7	2	0	5	4	4	0	2
chr9	66643919	66643996	78	8	0	78	51	27	6	0	3	9	3	1	3	4	6	0	2	4	3	0	3	3	1	0	0	0	2	0	0	2	1	3	0	6	7	1	0	3
chr9	66643997	66644028	32	7	0	32	23	9	7	1	1	2	1	0	1	1	2	0	0	1	1	0	1	2	1	1	0	0	2	0	0	1	0	0	0	0	0	2	0	2
chr9	66644029	66644112	84	8	0	84	47	37	7	4	4	2	2	3	2	1	3	1	6	1	5	2	3	0	2	3	0	4	2	4	0	6	2	1	0	1	2	4	0	5
chr9	66644113	66644141	29	7	0	29	18	11	4	1	1	1	0	0	1	0	1	1	1	0	3	1	1	1	0	1	0	2	0	1	1	1	1	0	1	0	0	1	0	1
chr9	66644142	66644319	178	8	0	178	99	79	7	5	6	6	2	9	6	9	6	4	7	5	9	3	7	6	5	6	1	10	13	7	0	3	4	0	1	7	4	10	2	6
chr9	66644320	66644637	318	7	0	318	160	158	12	9	14	7	8	8	17	20	17	8	18	10	5	2	4	1	9	8	3	7	12	7	3	16	13	10	4	11	19	13	2	19
chr9	66644638	66644763	126	8	0	126	70	56	6	5	5	0	2	5	10	6	7	4	7	5	1	3	0	3	7	4	2	4	4	2	0	3	4	1	0	1	8	2	0	13
chr9	66644764	66644784	21	7	0	21	15	6	0	0	0	2	1	0	0	1	1	0	0	2	0	0	1	5	0	0	0	0	0	0	1	0	1	0	1	0	1	1	0	1
chr9	66644785	66644840	56	8	0	56	28	28	1	1	5	0	2	4	3	3	3	1	0	3	1	0	0	0	0	3	0	3	5	0	0	2	2	3	0	3	5	1	0	0
chr9	66644841	66644868	28	7	0	28	15	13	1	0	0	4	1	0	2	0	1	1	0	1	2	0	0	1	0	1	0	0	1	1	2	0	2	1	1	0	0	1	0	2
chr9	66644869	66645013	145	8	0	145	69	76	2	1	5	2	5	9	11	7	1	4	7	6	2	2	0	4	3	7	0	6	11	4	0	6	9	7	0	4	8	3	0	7
chr9	66645014	66645044	31	7	0	31	8	23	0	1	0	0	0	0	2	0	0	1	2	0	1	0	1	0	1	0	1	0	1	2	2	3	0	4	2	2	0	2	1	0
chr9	66645045	66645325	281	8	0	281	145	136	13	5	12	10	14	7	14	14	10	4	15	11	3	2	6	5	4	8	0	6	16	8	0	15	16	13	0	8	13	10	0	17
chr9	66645326	66645449	124	7	0	124	66	58	5	1	2	7	5	5	7	4	2	3	2	6	3	2	3	7	4	3	1	4	7	5	2	3	6	5	1	4	4	4	2	3
chr9	66645450	66645503	54	8	0	54	43	11	11	4	2	4	3	0	1	1	0	0	1	1	7	1	0	6	3	1	0	1	0	0	0	1	0	0	0	2	2	0	0	0
chr9	66645504	66645567	64	8	0	64	41	23	9	3	2	2	2	3	2	6	2	1	0	2	2	2	0	2	8	1	0	0	3	1	0	1	1	1	0	1	1	2	0	2
chr9	66645568	66645660	93	7	0	93	49	44	4	2	3	4	3	3	5	1	2	3	7	1	4	1	2	2	1	3	1	4	5	2	1	4	3	5	0	2	3	2	0	8
chr9	66645661	66645791	131	8	0	131	74	57	8	4	5	4	4	5	5	5	7	3	5	2	2	3	8	3	5	2	1	7	2	5	0	6	5	1	1	3	6	5	0	7
chr9	66645792	66645826	35	7	0	35	26	9	5	2	3	2	1	0	1	0	4	0	1	0	2	1	2	1	1	0	0	2	0	0	0	0	0	0	0	0	0	0	0	5
chr9	66645827	66645918	92	8	0	92	67	25	6	1	6	10	2	2	1	5	7	3	3	2	9	0	2	7	1	2	0	3	2	0	0	1	0	0	0	0	6	1	0	8
chr9	66645919	66645964	46	7	0	46	31	15	4	3	0	4	3	2	2	0	2	0	0	1	2	0	1	5	3	1	0	1	2	1	0	0	2	1	0	1	0	0	2	1
chr9	66645965	66646079	115	8	0	115	87	28	14	2	4	11	4	1	1	4	5	1	2	3	8	6	3	16	4	2	2	2	2	0	0	3	0	1	0	1	5	2	0	4
chr9	66646080	66646163	84	7	0	84	55	29	9	3	4	4	2	0	5	3	1	1	1	3	8	2	3	4	3	2	0	2	2	0	0	4	3	2	0	5	2	2	0	2
chr9	66646164	66646425	262	8	0	262	196	66	41	6	18	28	13	2	1	14	14	4	4	7	24	3	4	11	8	2	0	5	4	1	0	3	5	2	0	7	13	3	0	13
chr9	66646426	66646439	14	7	0	14	12	2	4	0	1	2	1	0	0	0	1	0	0	0	1	0	0	1	0	0	0	0	0	0	0	0	0	0	0	0	1	0	0	0
chr9	66646440	66646677	238	8	0	238	172	66	33	7	9	21	11	4	6	10	8	3	1	8	17	4	7	21	9	5	0	4	6	2	0	4	8	1	0	7	8	4	0	8
chr9	66646678	66646715	38	7	0	38	28	10	6	0	3	5	3	0	0	3	2	1	0	0	3	0	0	0	1	0	0	0	0	0	0	1	2	1	0	1	3	0	0	1
chr9	66646716	66646905	190	8	0	190	115	75	12	6	8	8	6	6	6	8	9	2	8	3	7	8	9	8	8	4	1	9	10	5	0	1	4	3	0	7	4	3	1	14
chr9	66646906	66646946	41	7	0	41	19	22	1	0	1	1	1	3	2	0	1	1	3	0	0	0	1	3	1	1	0	2	3	2	0	2	1	2	0	2	2	2	0	1
chr9	66646947	66647151	205	8	0	205	95	110	6	5	2	9	7	7	15	4	7	2	11	8	2	4	3	3	3	9	2	4	11	8	2	13	9	10	1	8	9	8	5	6
chr9	66647152	66647189	38	7	0	38	26	12	9	3	3	0	3	0	1	0	4	0	2	0	0	0	0	0	2	0	0	1	0	1	0	1	0	0	0	0	1	1	0	4
chr9	66647190	66647365	176	8	0	176	125	51	30	8	8	13	7	3	4	3	11	1	11	3	10	1	4	7	7	0	0	6	4	0	0	3	1	0	0	3	5	7	0	14
chr9	66647370	66647632	263	8	0	263	157	106	18	11	19	10	10	4	8	6	19	4	12	1	11	7	9	7	10	5	2	9	3	6	2	12	4	4	0	12	11	8	2	15
chr9	66647633	66647690	58	7	0	58	39	19	6	2	1	5	0	0	3	0	4	1	2	1	4	1	4	3	0	2	0	2	1	1	0	4	0	0	0	0	2	3	0	4
chr9	66647691	66647835	145	8	0	145	55	90	3	4	5	1	3	3	8	4	6	3	12	1	1	0	1	0	1	5	0	4	6	20	2	11	4	6	1	6	7	9	1	5
chr9	66647836	66647884	49	7	0	49	24	25	0	1	1	0	0	4	4	1	2	0	8	1	0	0	0	0	2	0	0	3	3	0	0	0	1	0	0	3	3	3	0	7
chr9	66647885	66647992	108	8	0	108	66	42	7	4	5	5	3	4	3	3	2	2	3	3	8	4	7	1	4	1	0	9	3	5	0	3	2	2	0	2	4	3	0	4
chr9	66647993	66648024	32	7	0	32	18	14	3	1	0	2	1	2	0	1	1	1	2	0	1	0	2	1	0	2	0	2	2	0	0	1	1	0	0	1	1	2	0	0
chr9	66648025	66648074	50	8	0	50	36	14	15	0	0	4	1	0	1	2	1	1	0	3	2	0	3	1	1	0	0	0	1	3	0	2	1	1	0	0	1	2	0	2
chr9	66648081	66648301	221	8	0	221	100	121	5	5	3	6	6	11	9	4	5	6	14	7	3	4	8	3	3	8	4	11	9	7	6	10	8	11	5	6	10	7	7	8
chr9	66648302	66648377	76	7	0	76	36	40	5	0	3	3	3	3	5	1	1	2	2	2	2	1	1	2	2	1	1	1	5	4	0	4	2	5	1	5	3	3	0	1
chr9	66648378	66648493	116	8	0	116	73	43	13	1	6	8	3	1	6	3	6	3	3	4	6	1	4	5	3	2	0	1	3	3	0	5	1	1	0	6	5	5	0	6
chr9	66648494	66648595	102	7	0	102	61	41	8	3	1	7	6	3	4	0	4	4	8	2	1	4	1	4	5	3	2	4	4	0	2	2	0	0	0	0	4	5	1	8
chr9	66648596	66648685	90	8	0	90	57	33	11	4	2	5	3	3	2	6	5	4	1	0	4	1	2	3	8	1	1	2	3	2	1	2	0	2	0	0	3	4	0	3
chr9	66648689	66648937	249	8	0	249	135	114	15	8	12	7	6	9	12	8	9	3	12	7	12	4	2	8	7	7	1	9	11	8	2	14	6	4	3	9	10	16	0	6
chr9	66648938	66649209	272	8	0	272	162	110	21	8	13	8	11	5	12	12	10	7	9	8	8	9	8	11	16	4	2	7	10	6	2	4	4	5	0	15	10	7	2	16
chr9	66649210	66649424	215	8	0	215	135	80	11	7	8	14	8	3	12	9	7	8	6	7	14	8	4	8	12	4	0	10	7	2	0	6	6	4	0	0	7	5	2	14
chr9	66649425	66649532	108	7	0	108	81	27	25	2	8	8	3	4	2	2	5	3	1	1	10	2	1	2	6	2	0	3	2	0	0	2	1	1	0	0	2	1	0	7
chr9	66649533	66649972	440	8	0	440	301	139	40	14	16	32	16	7	10	26	25	8	11	9	21	14	14	37	18	5	1	18	10	5	1	5	9	4	1	8	23	7	3	20
chr9	66649973	66649987	15	7	0	15	9	6	0	0	0	0	0	4	0	1	1	0	1	0	0	0	0	0	4	0	0	0	0	0	0	0	0	0	0	0	1	0	0	1
chr9	66649988	66650091	104	8	0	104	63	41	4	6	8	2	5	6	4	4	6	3	2	2	5	1	0	4	8	2	1	6	3	1	0	2	2	0	0	2	5	3	1	4
chr9	66650092	66650115	24	7	0	24	18	6	5	1	1	2	1	0	0	2	2	0	0	0	1	0	0	1	1	0	0	0	1	0	0	0	1	1	0	0	1	0	0	1
chr9	66650116	66650328	213	8	0	213	152	61	27	12	11	14	9	2	2	11	15	2	2	4	12	5	6	17	10	3	1	7	4	1	1	4	2	1	1	2	8	6	1	8
chr9	66650329	66650435	107	7	0	107	81	26	20	5	5	8	3	1	2	3	7	1	1	1	9	3	2	8	3	2	0	5	3	1	0	2	0	0	0	0	4	3	0	3
chr9	66650436	66650560	125	8	0	125	79	46	14	3	2	9	5	2	6	5	5	5	2	1	6	4	3	5	6	4	0	4	7	5	0	3	2	1	0	1	3	5	0	5
chr9	66650561	66650590	30	7	0	30	18	12	1	1	1	2	0	1	1	3	1	0	1	1	2	0	0	2	0	1	0	1	1	2	0	1	2	0	0	0	1	1	0	1
chr9	66650591	66650699	109	8	0	109	67	42	5	3	5	2	2	1	4	6	3	4	5	2	5	7	5	7	6	2	0	7	3	3	0	2	0	1	0	3	4	3	0	7
chr9	66650700	66650731	32	7	0	32	26	6	8	0	2	3	0	0	0	0	1	0	1	0	4	1	2	2	0	0	0	1	0	0	0	1	0	1	0	1	0	0	0	2
chr9	66650732	66650870	139	8	0	139	103	36	20	7	7	11	8	3	1	7	8	0	0	1	9	5	4	11	9	3	0	3	3	0	0	1	4	1	0	3	3	0	0	5
chr9	66650871	66650889	19	7	0	19	15	4	1	0	1	1	2	0	0	0	0	0	0	0	0	2	1	5	2	0	0	2	0	0	0	0	0	0	0	0	0	0	0	0
chr9	66650890	66650964	75	8	0	75	57	18	3	3	2	10	4	1	1	3	2	2	0	5	9	1	2	8	4	2	0	1	2	0	0	0	0	0	0	0	3	0	0	5
chr9	66650965	66651015	51	8	0	51	29	22	8	0	0	2	3	2	2	2	0	1	5	1	0	0	1	1	0	0	0	3	4	0	0	1	3	2	0	1	2	2	0	3
chr9	66651016	66651095	80	7	0	80	35	45	0	2	1	3	4	2	8	1	2	0	8	2	0	1	1	0	0	3	0	2	3	2	0	7	5	3	0	6	5	4	0	3
chr9	66651096	66651991	896	8	0	896	588	308	96	26	31	62	32	30	31	30	32	14	21	20	55	28	21	58	41	19	4	34	24	15	1	26	21	16	4	15	36	16	5	30
chr9	66651992	66652103	112	7	0	112	72	40	6	3	4	9	7	2	3	4	5	2	4	4	3	4	2	9	5	2	2	1	3	2	0	3	3	1	0	2	5	3	0	7
chr9	66652104	66652153	50	8	0	50	33	17	3	5	1	2	4	3	0	0	1	1	1	0	4	1	5	0	6	2	0	2	1	1	0	1	0	0	0	0	0	0	0	4
chr9	66652154	66652209	56	7	0	56	34	22	0	2	2	4	2	1	1	5	1	2	1	3	5	0	1	4	2	1	0	0	4	1	0	1	0	2	0	2	3	2	0	2
chr9	66652210	66652260	51	8	0	51	34	17	7	1	0	4	1	1	4	2	3	1	1	2	1	2	1	2	3	0	0	3	1	0	0	0	1	0	0	1	3	1	2	1
chr9	66652261	66652381	121	7	0	121	71	50	5	4	5	5	3	5	3	10	7	2	2	2	4	3	2	9	5	5	0	3	8	4	0	2	3	2	0	3	5	4	0	4
chr9	66652382	66652432	51	8	0	51	26	25	3	3	1	1	0	1	7	0	4	1	3	0	1	0	0	1	0	1	1	3	0	0	0	3	4	1	1	1	3	1	0	4
chr9	66652433	66652465	33	7	0	33	17	16	1	1	3	1	0	0	1	0	3	0	2	0	2	0	1	1	1	0	0	0	1	2	0	4	0	1	0	1	0	4	0	1
chr9	66652466	66652517	52	8	0	52	31	21	2	2	1	1	1	3	0	7	1	2	1	0	3	2	1	2	7	1	0	1	3	3	0	0	1	0	0	1	1	2	0	1
chr9	66652518	66652572	55	7	0	55	31	24	3	1	4	1	2	3	1	1	3	0	1	2	1	4	1	2	3	1	1	2	1	0	0	5	1	3	0	0	3	2	1	0
chr9	66652573	66652769	197	8	0	197	99	98	9	4	14	4	7	8	14	4	9	6	4	1	6	3	4	1	8	8	0	6	12	7	0	10	7	9	0	10	6	5	0	9
chr9	66652770	66652809	40	7	0	40	23	17	4	3	1	1	0	0	1	1	2	1	3	0	3	0	3	0	0	3	1	0	2	0	0	2	0	1	0	1	0	0	0	5
chr9	66652810	66652884	75	8	0	75	44	31	3	1	7	3	4	1	2	0	4	4	3	1	3	0	1	6	1	1	0	4	2	4	0	4	0	1	0	1	4	3	0	5
chr9	66652885	66652934	50	7	0	50	27	23	0	0	1	2	1	4	1	4	2	0	1	4	0	0	6	0	1	0	0	3	2	0	0	2	2	2	0	2	5	2	0	1
chr9	66652935	66653056	122	8	0	122	77	45	8	3	5	6	6	3	3	7	3	4	1	3	5	6	5	8	7	6	0	3	8	0	0	3	2	1	0	3	3	4	0	4
chr9	66653057	66653094	38	7	0	38	28	10	7	0	3	4	2	0	0	3	3	1	0	1	2	0	0	2	1	0	0	0	2	0	0	0	0	0	0	0	1	1	0	3
chr9	66653095	66653191	97	8	0	97	78	19	15	2	2	12	6	0	0	4	3	0	2	1	7	2	1	20	1	2	0	1	1	1	0	0	4	0	0	2	4	0	0	2
chr9	66653192	66653217	26	7	0	26	17	9	3	0	1	1	0	0	1	2	1	1	1	1	1	1	1	1	0	1	0	1	1	0	0	0	0	0	0	1	2	0	0	2
chr9	66653218	66653528	311	8	0	311	212	99	23	12	14	21	7	5	5	22	15	8	8	6	25	6	12	23	9	7	1	13	8	2	0	5	8	3	0	5	14	3	3	16
chr9	66653529	66653570	42	7	0	42	27	15	2	0	1	2	0	3	0	6	2	0	0	4	1	0	2	3	1	0	0	2	2	0	0	0	3	1	0	0	3	1	0	1
chr9	66653571	66653909	339	8	0	339	192	147	26	8	13	19	11	12	23	7	20	3	10	8	9	6	7	10	11	8	1	9	11	8	0	15	17	12	1	12	14	7	2	17
chr9	66653910	66653969	60	7	0	60	38	22	7	2	2	3	4	3	1	2	3	1	2	1	0	0	2	4	3	2	0	1	2	2	0	1	0	1	0	1	5	0	0	3
chr9	66653970	66654137	168	8	0	168	96	72	11	5	9	3	7	4	6	5	6	1	5	2	5	8	5	12	5	7	0	6	7	3	0	12	7	5	1	5	3	7	1	3
chr9	66654138	66654162	25	7	0	25	18	7	5	1	0	3	0	2	1	0	2	0	1	0	1	0	0	1	1	1	0	0	1	0	0	0	0	0	0	0	1	0	0	2
chr9	66654163	66654334	172	8	0	172	92	80	6	10	10	0	6	4	8	5	10	2	14	3	4	3	3	4	8	5	0	5	9	3	0	7	1	6	0	5	5	6	0	18
chr9	66654335	66654414	80	7	0	80	48	32	5	0	3	4	3	1	2	9	0	2	3	3	3	1	0	8	1	1	0	2	3	3	0	3	6	2	0	2	4	3	0	1
chr9	66654415	66654622	208	8	0	208	128	80	14	5	8	16	6	5	9	7	6	6	0	7	16	4	10	8	5	8	0	7	8	5	1	9	3	6	1	7	11	4	0	4
chr9	66654623	66654790	168	7	0	168	89	79	4	3	0	15	8	2	8	6	5	5	4	4	5	4	10	5	5	4	1	4	7	5	3	7	6	7	1	10	7	7	3	1
chr9	66654791	66654915	125	8	0	125	73	52	6	5	11	3	4	1	6	0	9	3	5	2	6	5	3	3	4	3	1	6	4	4	0	5	0	1	0	4	3	5	1	10
chr9	66654916	66655024	109	7	0	109	78	31	6	4	5	8	1	2	2	3	5	0	5	5	11	1	6	12	1	2	0	5	2	1	0	2	0	0	0	2	5	2	0	9
chr9	66655025	66655093	69	8	0	69	44	25	4	1	5	2	4	1	4	2	4	2	2	2	1	2	2	4	4	1	0	1	0	0	0	1	2	0	0	6	5	0	0	5
chr9	66655094	66655111	18	9	0	18	9	9	0	1	0	1	0	1	2	0	0	0	0	0	2	0	0	0	1	1	0	1	1	2	0	1	1	1	0	0	0	0	0	0
chr9	66655112	66655246	135	8	0	135	100	35	15	3	5	13	3	3	3	8	5	1	0	3	13	9	4	12	8	1	0	6	2	0	0	3	2	2	0	0	4	2	0	3
chr9	66655247	66655466	220	9	0	220	124	96	18	5	11	6	7	2	13	7	12	6	10	8	3	3	6	6	6	6	0	4	6	9	0	12	5	6	0	5	11	6	0	19
chr9	66655467	66655697	231	8	0	231	124	107	8	9	8	4	7	6	11	14	7	3	12	5	7	7	5	9	9	12	0	4	14	3	0	10	6	8	1	13	10	4	3	10
chr9	66655698	66655766	69	9	0	69	48	21	8	4	3	5	2	0	3	5	3	0	0	1	5	1	1	5	4	0	0	1	1	1	0	2	4	3	0	1	1	0	0	3
chr9	66655767	66655794	28	8	0	28	19	9	2	1	2	1	1	0	1	2	1	0	0	1	2	1	1	2	1	0	0	2	0	0	0	1	0	1	0	1	2	0	0	0
chr9	66655795	66655859	65	9	0	65	35	30	4	2	3	2	2	2	4	4	2	0	1	0	3	2	1	2	2	2	0	2	2	3	0	2	7	1	0	4	1	2	0	1
chr9	66655860	66655878	19	8	0	19	6	13	0	0	0	0	0	0	1	1	0	0	2	1	0	0	0	0	0	0	0	0	0	1	1	2	2	2	1	1	1	1	0	0
chr9	66655879	66656047	169	9	0	169	75	94	2	1	7	2	6	9	9	5	4	11	8	1	0	2	6	2	9	9	1	4	7	10	0	13	6	5	1	4	7	7	0	9
chr9	66656048	66656096	49	8	0	49	23	26	0	1	0	1	0	4	5	3	2	1	1	1	0	1	0	1	4	2	0	2	4	3	0	0	3	2	0	1	2	0	0	3
chr9	66656097	66656178	82	9	0	82	45	37	4	1	8	1	0	0	9	4	5	0	1	2	5	4	0	1	1	2	0	2	4	0	0	2	7	1	0	8	0	2	0	6
chr9	66656179	66656263	85	8	0	85	55	30	4	2	2	7	4	1	3	6	4	2	3	3	3	3	4	2	3	0	0	5	2	0	0	1	4	1	0	1	5	2	0	6
chr9	66656264	66656387	124	9	0	124	95	29	12	2	5	14	4	3	1	5	2	2	1	4	16	6	5	11	9	0	0	4	2	1	0	1	0	1	0	1	2	2	0	6
chr9	66656388	66656440	53	8	0	53	34	19	3	3	1	4	3	1	2	4	2	0	1	0	3	2	0	4	4	1	0	1	2	3	0	0	3	0	0	1	1	1	0	1
chr9	66656441	66656491	51	9	0	51	34	17	5	2	4	1	2	2	1	2	1	1	1	2	4	1	1	2	2	0	0	4	2	0	0	0	3	1	0	0	1	1	0	3
chr9	66656492	66656526	35	8	0	35	21	14	2	0	1	2	2	3	1	2	1	1	1	1	0	1	2	1	3	0	0	2	1	0	0	0	2	0	0	0	1	1	0	2
chr9	66656527	66656736	210	9	0	210	127	83	22	1	6	18	6	7	11	5	6	3	4	10	13	2	4	7	4	7	1	1	9	6	1	7	8	5	2	9	9	5	0	9
chr9	66656737	66656752	16	8	0	16	7	9	0	0	1	0	1	0	0	0	0	1	2	2	0	0	0	0	0	1	0	0	0	0	0	1	0	0	0	0	1	0	2	2
chr9	66656753	66656942	190	9	0	190	80	110	10	3	1	4	2	9	12	5	4	4	8	2	3	4	6	1	5	6	4	5	13	9	6	8	5	14	8	9	5	7	0	6
chr9	66656943	66657059	117	8	0	117	108	9	4	0	1	21	2	0	0	0	0	2	1	0	21	2	2	51	2	0	1	1	0	0	1	0	0	0	0	0	0	1	0	2
chr9	66657060	66657112	53	9	0	53	42	11	6	0	2	7	1	0	1	0	2	0	1	1	6	2	1	10	1	1	0	0	0	1	0	3	0	0	0	0	1	2	0	2
chr9	66657113	66657157	45	8	0	45	31	14	4	1	1	5	2	2	0	2	3	0	1	1	2	3	1	2	3	1	1	1	1	0	1	0	0	0	0	0	1	1	0	3
chr9	66657158	66657208	51	9	0	51	30	21	4	0	2	4	3	1	2	1	2	2	5	0	1	1	1	1	1	0	0	3	1	2	0	0	1	0	0	3	3	1	0	4
chr9	66657209	66657224	16	8	0	16	9	7	2	1	0	0	0	0	1	0	0	1	0	1	1	0	0	1	0	0	2	0	0	0	0	0	1	0	0	1	0	1	0	1
chr9	66657225	66657287	63	9	0	63	46	17	4	2	3	6	1	2	0	5	5	0	1	1	6	0	3	5	2	0	0	2	1	0	0	1	2	1	0	1	3	1	0	3
chr9	66657297	66657516	220	9	0	220	147	73	23	5	7	23	12	5	7	12	11	3	4	7	12	5	1	10	9	2	1	5	7	3	0	4	9	3	0	4	11	6	1	6
chr9	66657517	66657545	29	8	0	29	20	9	4	2	0	2	3	0	0	2	0	0	0	0	1	2	1	1	3	1	0	0	1	1	0	1	1	1	0	0	0	0	0	0
chr9	66657546	66657629	84	9	0	84	63	21	24	2	3	4	2	2	2	3	2	4	1	0	5	0	4	3	5	0	0	3	0	0	0	2	2	1	0	1	2	1	0	4
chr9	66657630	66657859	230	8	0	230	105	125	14	6	1	4	5	8	14	4	4	7	15	7	3	4	6	1	5	6	6	8	11	6	5	11	8	12	6	8	8	9	7	9
chr9	66657860	66658759	900	9	0	900	523	377	64	21	40	37	26	28	36	26	37	16	30	29	34	25	33	40	29	19	5	37	32	25	11	30	20	21	7	28	35	32	1	44
chr9	66658764	66658848	85	9	0	85	60	25	10	1	5	6	1	0	3	5	4	2	1	5	8	3	1	4	3	0	0	2	1	1	0	3	1	0	0	1	4	4	0	4
chr9	66658849	66658879	31	8	0	31	22	9	4	1	3	1	0	1	0	1	2	1	0	0	3	1	2	2	1	0	0	2	0	0	0	0	0	0	0	2	1	0	0	1
chr9	66658880	66658999	120	9	0	120	79	41	10	3	5	10	7	4	2	4	4	0	5	3	7	6	4	5	5	2	1	5	4	0	1	1	3	1	0	4	4	3	0	5
chr9	66659000	66659038	39	8	0	39	27	12	5	3	3	1	3	0	1	0	5	0	2	1	0	1	1	0	2	0	0	1	0	0	0	0	0	0	0	0	2	0	0	6
chr9	66659039	66659088	50	9	0	50	29	21	4	0	4	3	1	0	2	2	4	1	4	0	2	1	0	1	0	0	0	2	1	1	0	3	3	1	0	0	1	3	0	4
chr9	66659089	66659114	26	8	0	26	17	9	2	1	1	2	1	1	1	2	1	0	0	0	3	1	0	0	2	0	0	1	0	1	0	1	2	0	0	0	0	1	0	0
chr9	66659115	66659311	197	9	0	197	135	62	20	8	9	10	6	5	3	8	8	5	7	5	13	4	8	14	10	2	2	8	1	0	1	3	1	1	1	7	10	2	4	9
chr9	66659312	66659452	141	8	0	141	83	58	9	3	6	6	5	6	7	6	7	4	5	5	4	2	3	3	8	0	1	6	3	0	1	4	5	3	0	6	9	5	2	5
chr9	66659453	66659676	224	9	0	224	145	79	10	13	8	22	17	2	4	12	4	3	2	9	21	2	4	11	8	5	1	6	9	7	0	6	8	5	1	4	9	5	2	2
chr9	66659677	66659740	64	8	0	64	48	16	4	7	3	2	1	0	2	3	1	0	0	2	10	3	2	7	4	0	1	5	0	0	0	0	1	0	0	1	1	0	1	1
chr9	66659741	66659810	70	9	0	70	50	20	7	0	2	6	1	1	1	7	3	1	2	4	4	3	2	5	5	0	0	0	2	0	0	0	1	0	0	0	2	2	0	7
chr9	66659811	66659828	18	8	0	18	13	5	0	2	1	1	2	0	0	0	1	0	0	1	1	1	0	2	1	0	0	1	0	0	0	0	0	0	0	0	2	0	0	0
chr9	66659829	66660144	316	9	0	316	194	122	20	9	14	15	10	11	15	8	11	6	12	7	17	16	10	12	14	9	3	16	6	2	1	10	7	3	2	12	17	4	2	13
chr9	66660145	66660210	66	8	0	66	43	23	5	2	4	4	2	5	2	4	2	1	1	1	6	3	0	1	7	2	0	2	1	1	0	1	1	0	0	1	2	0	0	3
chr9	66660211	66660457	247	9	0	247	155	92	17	7	13	11	10	5	6	3	7	2	13	10	14	9	9	18	3	6	2	12	6	5	2	9	2	5	0	7	13	5	0	14
chr9	66660458	66660579	122	8	0	122	81	41	12	1	6	10	3	2	4	7	10	1	1	1	5	5	3	8	3	1	2	3	2	3	0	4	5	4	0	1	6	1	0	6
chr9	66660580	66660747	168	9	0	168	99	69	19	5	10	6	6	6	5	3	3	4	8	3	12	3	1	4	3	7	1	6	8	4	0	10	3	4	1	2	6	7	0	6
chr9	66660748	66660817	70	8	0	70	33	37	5	0	0	3	0	5	4	1	0	3	0	1	3	2	4	1	4	3	2	1	5	5	1	3	2	3	1	2	0	2	0	2
chr9	66660818	66660909	92	9	0	92	39	53	0	2	2	0	3	5	7	2	1	1	9	2	0	1	3	0	0	2	0	8	5	2	0	7	7	5	0	3	5	5	0	3
chr9	66660910	66661002	93	8	0	93	63	30	14	4	5	4	8	3	2	2	1	2	4	2	4	1	3	4	7	0	0	3	1	0	0	0	4	0	0	4	2	1	0	6
chr9	66661003	66661159	157	9	0	157	90	67	10	7	3	9	7	6	7	6	6	3	6	4	6	2	3	5	6	6	0	6	11	2	0	6	1	4	1	4	7	7	1	3
chr9	66661160	66661212	53	8	0	53	25	28	3	0	2	1	1	0	6	0	2	2	3	1	0	1	3	0	1	1	0	1	0	1	0	2	4	2	2	4	2	0	0	6
chr9	66661213	66661288	76	9	0	76	48	28	2	2	4	6	6	1	0	1	3	1	6	0	4	2	3	5	1	2	0	3	0	3	0	3	4	0	0	2	4	1	0	5
chr9	66661289	66661321	33	8	0	33	18	15	0	0	1	0	0	0	2	2	0	0	2	6	1	1	2	0	0	1	0	0	1	0	0	2	0	1	0	1	3	1	0	4
chr9	66661322	66661408	87	9	0	87	42	45	2	3	1	3	5	2	6	3	1	3	6	1	1	1	3	1	3	1	2	3	5	1	0	4	3	5	0	5	4	3	0	4
chr9	66661409	66661477	69	8	0	69	33	36	1	1	3	0	1	2	7	2	0	5	2	0	3	2	1	2	4	2	0	4	3	1	0	5	1	3	1	3	4	2	1	1
chr9	66661478	66661535	58	9	0	58	30	28	0	2	3	1	3	3	2	1	2	0	4	0	1	2	3	2	3	1	0	3	1	2	0	3	2	2	0	4	2	1	0	3
chr9	66661536	66661576	41	8	0	41	18	23	1	0	1	2	1	2	2	2	1	1	1	0	1	1	2	0	0	1	0	3	1	4	1	2	4	2	0	0	1	1	0	1
chr9	66661577	66661898	322	9	0	322	203	119	19	13	13	21	13	9	14	18	19	4	9	10	15	4	10	11	14	2	0	14	8	3	1	3	14	5	1	12	19	5	0	17
chr9	66661899	66661908	10	8	0	10	6	4	1	1	1	0	0	0	0	0	0	0	1	0	2	0	0	0	0	0	0	1	0	0	0	0	0	0	0	0	0	1	0	0
chr9	66661909	66661970	62	9	0	62	35	27	9	2	3	2	5	3	1	0	1	1	3	1	1	0	2	1	2	2	0	2	2	3	0	2	3	1	0	2	1	2	0	3
chr9	66661971	66662062	92	8	0	92	41	51	2	0	7	0	0	0	3	4	7	1	11	4	0	0	2	0	1	0	0	0	1	6	1	9	4	1	1	2	1	11	0	11
chr9	66662063	66662173	111	9	0	111	54	57	4	1	7	6	3	6	6	0	3	0	4	1	7	1	1	3	2	2	0	4	7	6	2	5	4	9	0	7	2	4	0	2
chr9	66662174	66662282	109	8	0	109	55	54	6	3	1	4	2	4	4	5	2	3	6	4	3	3	3	1	3	6	2	2	7	3	2	4	2	4	1	3	3	3	3	5
chr9	66662283	66662413	131	9	0	131	60	71	6	4	3	3	7	6	6	1	3	0	11	3	1	2	2	1	2	4	0	5	7	4	4	7	5	7	2	6	6	7	0	4
chr9	66662414	66662430	17	8	0	17	13	4	6	3	0	0	3	0	0	0	0	0	0	0	0	0	0	0	3	0	0	0	0	0	0	0	0	0	0	0	0	0	0	0
chr9	66662431	66662726	296	9	0	296	200	96	27	9	14	18	7	5	10	9	17	4	13	8	16	9	8	25	13	6	0	8	7	3	0	8	1	2	1	4	10	7	1	24
chr9	66662727	66662782	56	8	0	56	31	25	0	2	4	4	3	0	3	1	3	1	2	0	4	2	1	1	1	0	0	3	2	0	0	1	2	2	2	4	2	1	1	2
chr9	66662783	66663026	244	9	0	244	134	110	16	9	11	8	8	3	19	4	16	11	14	2	4	2	3	3	2	5	1	17	13	3	0	9	3	9	0	4	16	9	1	17
chr9	66663027	66663036	10	8	0	10	5	5	0	0	1	0	0	0	0	0	0	0	1	0	1	1	0	0	0	0	0	1	0	0	0	1	0	0	0	0	0	2	0	0
chr9	66663037	66663106	70	9	0	70	43	27	5	1	3	5	2	1	2	3	3	1	5	2	4	3	3	0	2	0	0	4	1	1	0	1	0	0	1	4	5	2	1	3
chr9	66663107	66663255	149	8	0	149	91	58	6	4	5	8	5	5	3	14	4	5	4	7	8	2	3	7	9	3	0	5	7	2	0	3	3	2	1	2	8	6	1	5
chr9	66663256	66663450	195	9	0	195	128	67	13	5	10	11	7	4	4	11	7	3	3	9	11	6	4	19	8	4	0	5	4	5	0	8	6	2	0	2	8	6	2	6
chr9	66663451	66663518	68	8	0	68	45	23	5	1	4	6	3	4	2	2	2	1	0	1	6	0	0	6	6	0	1	0	0	2	0	2	5	0	1	2	0	2	0	2
chr9	66663519	66663578	60	9	0	60	44	16	7	2	2	6	4	0	2	3	4	0	1	3	3	2	0	3	4	0	0	0	0	0	0	2	1	0	0	1	4	2	0	2
chr9	66663579	66663613	35	8	0	35	20	15	1	0	0	1	0	1	2	3	0	2	0	0	1	2	3	4	1	3	0	0	3	0	0	0	0	0	0	4	2	0	0	0
chr9	66663614	66663978	365	9	0	365	205	160	9	12	21	19	15	11	16	9	18	9	7	9	19	7	8	15	10	13	2	14	22	12	0	19	8	9	0	7	11	19	2	11
chr9	66663979	66664003	25	8	0	25	15	10	1	1	2	1	3	1	0	1	0	1	1	0	1	0	0	0	3	1	0	0	1	0	0	1	1	1	0	0	0	0	0	2
chr9	66664004	66664059	56	9	0	56	33	23	3	2	4	2	3	0	3	2	4	1	0	3	1	1	3	1	2	0	0	2	1	0	0	2	2	2	0	2	3	2	0	3
chr9	66664060	66664219	160	8	0	160	91	69	11	3	6	7	5	6	7	6	8	4	7	6	4	2	5	3	3	4	1	7	4	2	1	8	8	2	0	4	9	7	2	6
chr9	66664220	66664281	62	9	0	62	30	32	3	1	2	1	1	2	8	1	1	2	2	0	1	3	0	0	2	1	0	5	4	2	0	2	3	4	0	3	3	1	0	2
chr9	66664282	66664444	163	8	0	163	95	68	8	8	6	7	3	3	10	12	13	3	0	5	5	5	4	2	6	5	1	7	9	2	0	4	6	0	0	6	7	7	3	4
chr9	66664445	66664634	190	9	0	190	105	85	5	4	8	9	7	5	10	11	8	3	2	7	6	8	5	7	7	7	0	5	13	7	0	6	6	6	0	6	6	6	0	8
chr9	66664635	66664655	21	8	0	21	9	12	0	1	1	0	2	0	1	1	0	1	0	0	0	1	0	1	0	1	1	1	1	0	1	0	3	0	0	1	0	1	0	0
chr9	66664656	66665282	627	9	0	627	331	296	28	12	27	17	20	31	30	30	23	20	22	19	13	9	12	16	25	21	0	26	45	22	0	22	16	17	2	15	26	29	2	28
chr9	66665283	66665344	62	8	0	62	36	26	0	1	3	2	1	3	3	3	1	1	3	1	5	4	1	2	4	2	0	3	2	0	0	3	2	2	0	2	3	1	0	2
chr9	66665345	66665521	177	9	0	177	92	85	3	7	6	2	6	6	9	9	5	1	11	6	4	4	8	4	5	5	1	7	8	3	0	7	9	6	0	11	8	4	1	9
chr9	66665522	66665606	85	8	0	85	45	40	3	2	5	2	5	3	4	1	1	3	4	1	3	1	2	4	5	1	0	4	3	2	0	5	3	4	0	3	2	4	0	3
chr9	66665607	66665765	159	9	0	159	78	81	4	1	8	2	5	6	14	3	5	3	5	7	1	3	7	3	2	3	1	7	9	3	1	4	12	6	0	12	5	4	0	11
chr9	66665766	66665826	61	8	0	61	34	27	4	1	2	2	3	3	2	3	1	2	4	2	1	2	0	1	3	1	1	2	2	0	0	3	2	1	1	0	4	3	0	3
chr9	66665827	66666001	175	9	0	175	103	72	11	6	7	7	7	5	5	8	5	5	8	5	8	7	5	4	9	6	1	6	6	4	0	7	3	3	0	2	6	4	3	10
chr9	66666002	66666014	13	8	0	13	7	6	0	1	0	0	0	1	1	1	0	0	0	1	1	1	0	0	1	0	0	1	1	0	0	0	0	0	0	0	1	0	0	0
chr9	66666015	66666458	444	9	0	444	273	171	27	12	16	32	22	10	21	22	17	7	8	19	21	14	10	15	21	9	0	13	15	6	1	13	20	7	1	12	18	14	2	17
chr9	66666459	66666482	24	8	0	24	15	9	2	0	2	1	1	0	1	0	1	0	1	0	1	2	1	0	0	0	0	3	1	0	0	1	1	1	0	0	0	1	0	1
chr9	66666483	66666618	136	9	0	136	82	54	3	6	8	7	4	3	4	6	10	1	2	3	8	2	6	8	5	4	0	3	6	4	1	4	2	2	1	5	3	5	0	8
chr9	66666619	66666664	46	8	0	46	22	24	2	0	0	1	1	4	4	1	0	3	2	3	0	0	0	0	3	1	0	3	5	2	0	1	0	0	0	0	2	4	0	2
chr9	66666665	66666883	219	9	0	219	124	95	12	9	8	9	4	7	12	4	8	7	5	5	13	7	7	5	6	9	1	14	9	12	1	12	3	2	0	1	9	11	0	5
chr9	66666884	66666893	10	8	0	10	7	3	3	0	0	1	1	0	1	0	0	0	0	0	0	0	0	0	0	0	0	0	0	0	0	0	2	0	0	0	0	0	0	0
chr9	66666894	66667198	305	9	0	305	161	144	7	11	8	12	12	9	14	11	12	4	14	9	7	7	6	16	5	13	0	13	23	19	0	13	4	8	0	6	15	15	0	10
chr9	66667199	66667233	35	8	0	35	18	17	1	1	1	0	0	2	3	2	1	0	2	2	2	0	0	0	1	1	0	1	2	1	0	1	1	2	0	1	2	0	0	3
chr9	66667234	66667307	74	9	0	74	37	37	4	1	6	0	2	5	2	4	3	1	6	0	1	0	1	0	3	2	0	2	4	0	0	3	4	2	0	6	2	4	0	4
chr9	66667308	66667426	119	8	0	119	73	46	6	4	6	6	2	1	5	6	6	2	4	3	8	2	5	5	3	3	0	5	4	3	0	5	2	2	0	4	5	4	0	6
chr9	66667427	66667614	188	9	0	188	108	80	5	6	9	7	7	9	8	7	8	3	9	5	6	8	5	5	8	9	0	9	8	3	0	5	7	2	0	3	8	3	0	14
chr9	66667615	66667663	49	8	0	49	26	23	2	0	1	4	3	0	2	2	0	1	2	4	1	1	2	0	1	0	0	1	5	2	0	2	1	2	0	1	0	5	0	2
chr9	66667664	66667722	59	9	0	59	31	28	2	1	3	2	3	3	5	1	2	3	3	1	1	1	0	0	3	1	0	3	3	0	0	1	3	1	0	2	3	1	0	5
chr9	66667727	66667837	111	9	0	111	70	41	8	3	4	9	5	3	3	4	8	0	5	5	3	3	4	2	5	2	0	2	3	2	0	3	2	2	0	2	5	2	0	10
chr9	66667838	66667857	20	8	0	20	10	10	1	0	2	0	1	0	0	0	0	0	1	2	1	0	1	0	0	0	0	0	0	1	0	2	0	1	0	1	1	1	1	1
chr9	66667858	66667972	115	9	0	115	69	46	10	3	7	5	5	6	3	6	7	1	1	6	3	2	3	0	5	4	0	3	5	3	0	4	5	0	0	1	5	4	0	6
chr9	66667973	66667988	16	8	0	16	11	5	0	0	0	0	0	0	2	0	0	0	0	2	1	1	1	2	1	0	0	0	0	0	0	0	1	0	0	1	0	0	0	2
chr9	66667989	66668333	345	9	0	345	195	150	27	8	12	14	14	23	15	13	6	4	7	8	13	16	2	11	22	13	1	16	20	21	0	6	12	5	0	9	11	8	1	5
chr9	66668334	66668371	38	8	0	38	22	16	1	1	3	2	2	0	1	3	4	0	4	1	0	0	0	0	0	1	0	0	1	0	0	0	1	0	0	2	3	0	0	6
chr9	66668372	66668429	58	9	0	58	37	21	4	3	0	5	3	1	3	2	2	1	2	1	4	0	2	2	2	2	0	2	2	1	0	2	1	1	0	2	4	1	0	1
chr9	66668430	66668446	17	8	0	17	8	9	2	0	1	0	0	0	1	0	2	0	1	0	0	0	0	0	0	0	0	0	0	0	1	1	0	1	1	1	1	1	0	1
chr9	66668447	66668549	103	9	0	103	70	33	7	2	4	9	2	3	5	5	6	1	0	0	7	9	3	6	5	4	0	6	3	1	0	1	1	0	0	4	6	0	0	1
chr9	66668550	66668599	50	8	0	50	35	15	6	2	2	3	3	2	0	0	1	0	1	1	3	1	4	6	2	1	0	1	0	0	0	2	1	1	0	2	2	0	0	1
chr9	66668600	66669618	1019	9	0	1019	594	425	54	30	45	47	29	30	42	40	46	16	39	27	47	28	38	34	36	26	2	40	38	31	1	43	21	23	2	34	46	33	1	48
chr9	66669619	66669658	40	8	0	40	27	13	3	3	2	3	3	0	1	1	4	1	0	0	1	0	1	4	3	0	0	1	0	0	1	0	0	0	0	2	2	1	1	0
chr9	66669659	66669966	308	9	0	308	205	103	29	8	12	22	11	11	11	7	17	3	3	12	15	14	15	13	10	7	3	16	13	1	0	4	6	3	1	4	11	7	0	17
chr9	66669967	66669987	21	8	0	21	10	11	0	1	1	0	0	1	1	1	1	0	0	1	0	0	2	0	0	1	0	1	2	2	0	0	1	0	0	1	0	0	0	2
chr9	66669988	66670349	362	9	0	362	208	154	15	8	16	19	17	8	17	13	16	13	12	9	10	12	7	15	14	11	1	15	19	6	0	17	6	7	0	7	16	19	1	14
chr9	66670354	66670658	305	9	0	305	212	93	41	10	15	26	16	6	7	13	15	6	3	7	20	8	4	14	19	3	0	8	9	4	0	5	3	2	0	8	11	9	2	9
chr9	66670659	66670668	10	8	0	10	7	3	2	0	0	0	0	0	1	0	1	1	0	0	0	0	0	0	1	0	0	0	0	0	0	0	0	0	0	0	1	0	0	1
chr9	66670669	66670805	137	9	0	137	88	49	15	5	3	9	3	5	6	8	6	2	4	4	8	2	2	5	8	2	0	3	4	3	0	4	3	3	0	2	7	3	0	6
chr9	66670806	66670848	43	8	0	43	25	18	0	2	3	2	3	1	2	1	3	1	1	0	1	0	0	3	2	1	0	2	2	0	0	2	2	0	0	2	2	3	0	0
chr9	66670849	66671169	321	9	0	321	231	90	31	10	7	31	13	6	8	21	17	7	8	9	18	9	8	27	20	3	0	9	4	0	0	6	3	2	0	1	20	5	0	16
chr9	66671173	66671350	178	9	0	178	113	65	15	8	6	12	8	9	6	8	8	4	3	2	11	2	4	5	12	4	0	7	9	3	0	3	2	4	0	4	8	4	0	5
chr9	66671357	66671470	114	9	0	114	80	34	11	2	4	12	4	4	2	6	4	4	2	1	10	3	4	7	8	1	0	3	2	0	0	3	1	1	0	2	5	3	0	3
chr9	66671471	66671503	33	8	0	33	24	9	5	0	2	3	2	1	0	2	3	1	0	0	1	0	0	3	2	0	0	0	2	0	0	0	0	0	0	0	1	2	0	1
chr9	66671504	66671711	208	9	0	208	113	95	24	4	3	8	4	10	8	6	8	7	8	6	4	4	6	2	5	11	4	5	9	7	4	8	3	4	1	4	11	7	3	8
chr9	66671712	66671839	128	8	0	128	53	75	7	1	1	3	1	10	8	1	2	1	8	2	1	2	3	0	2	4	3	5	7	3	5	7	7	9	3	7	4	6	1	2
chr9	66671840	66671891	52	9	0	52	31	21	16	0	1	0	2	1	2	0	0	4	3	0	0	0	0	0	0	2	1	2	1	1	2	1	1	1	0	2	3	1	1	2
chr9	66671892	66672242	351	8	0	351	180	171	35	10	11	12	11	6	14	6	16	10	16	7	6	4	9	7	7	3	6	13	9	9	13	12	8	16	15	9	13	15	5	16
chr9	66672243	66672601	359	9	0	359	202	157	23	8	23	14	17	11	13	8	19	10	12	9	10	6	7	11	13	7	3	12	13	16	3	12	14	4	1	9	9	17	1	22
chr9	66672602	66672689	88	8	0	88	43	45	4	4	5	0	2	2	3	1	6	2	4	0	1	4	4	1	3	2	3	3	5	2	0	5	0	2	3	3	0	6	1	5
chr9	66672690	66673210	521	9	0	521	338	183	40	15	31	34	29	10	13	16	21	10	7	21	29	11	21	29	23	5	3	15	12	8	0	17	17	9	0	14	16	15	3	25
chr9	66673211	66673248	38	8	0	38	31	7	3	0	2	5	2	0	0	3	1	1	0	1	4	1	0	7	2	0	0	0	0	0	0	0	0	0	0	0	2	0	0	2
chr9	66673249	66673316	68	9	0	68	50	18	11	4	2	7	4	1	0	2	6	0	0	1	4	1	3	2	5	0	0	1	2	1	0	2	0	0	0	0	1	4	0	2
chr9	66673319	66673527	209	9	0	209	131	78	13	6	9	12	7	4	6	10	9	4	7	3	12	5	10	13	8	5	1	5	6	2	1	8	6	5	0	7	7	5	0	11
chr9	66673528	66673549	22	8	0	22	15	7	0	0	1	2	1	1	1	1	0	0	0	2	2	1	0	1	2	0	0	0	0	0	0	0	1	0	0	1	1	0	0	2
chr9	66673550	66673630	81	9	0	81	55	26	10	2	2	6	4	4	2	4	5	1	0	1	3	2	6	1	3	0	0	6	2	0	0	0	4	0	0	4	5	2	0	0
chr9	66673631	66673667	37	8	0	37	21	16	4	3	1	1	0	1	1	1	2	0	0	1	3	1	1	1	2	1	1	0	0	1	2	1	1	1	0	1	0	1	1	1
chr9	66673668	66673729	62	9	0	62	40	22	2	2	4	5	5	1	1	5	2	1	1	5	4	1	0	1	3	0	0	1	1	0	0	1	4	0	0	1	4	2	0	3
chr9	66673730	66673781	52	8	0	52	30	22	3	2	4	1	4	2	1	1	2	1	2	0	1	2	2	1	2	2	0	3	1	1	0	3	2	0	0	2	2	2	0	1
chr9	66673782	66673924	143	9	0	143	93	50	10	8	10	6	7	5	4	5	4	3	2	3	13	4	2	6	7	4	1	7	3	1	1	1	7	1	1	3	4	0	1	7
chr9	66673925	66674049	125	8	0	125	89	36	21	4	3	9	5	3	3	8	4	4	0	3	7	2	1	12	9	3	0	1	5	0	0	1	2	2	0	0	3	1	2	5
chr9	66674050	66674157	108	9	0	108	83	25	16	5	6	11	4	0	1	4	7	0	3	1	11	2	1	10	2	2	0	3	2	1	0	1	2	0	0	0	3	1	0	7
chr9	66674158	66674230	73	8	0	73	49	24	6	5	2	5	4	1	3	2	2	1	0	3	6	4	2	2	6	1	1	3	1	1	0	2	1	0	0	1	3	2	0	1
chr9	66674231	66674319	89	9	0	89	62	27	7	2	4	9	2	1	4	6	8	1	2	0	5	2	2	5	3	0	0	3	0	1	0	1	4	0	0	4	6	1	0	4
chr9	66674320	66674526	207	8	0	207	144	63	53	4	6	11	5	5	6	7	8	3	5	5	9	3	10	2	5	3	0	7	5	1	0	7	6	3	0	5	7	6	0	8
chr9	66674527	66674583	57	9	0	57	43	14	8	3	5	5	2	0	2	0	6	1	0	0	6	1	2	1	3	0	0	2	0	0	0	1	0	0	0	0	0	1	0	6
chr9	66674584	66674615	32	8	0	32	24	8	1	1	2	2	1	0	0	1	0	1	0	3	4	2	2	4	1	0	0	1	0	0	0	0	0	0	0	0	1	0	0	3
chr9	66674616	66674701	86	9	0	86	55	31	12	1	4	6	4	1	2	3	6	3	1	2	2	1	4	1	3	1	0	2	2	2	0	5	2	2	0	0	4	4	0	4
chr9	66674702	66674736	35	8	0	35	21	14	1	2	1	1	3	0	1	2	0	1	2	3	1	0	1	2	1	0	0	2	1	0	0	0	2	0	0	0	2	1	2	1
chr9	66674737	66674810	74	9	0	74	50	24	5	3	2	5	4	2	1	6	5	2	2	1	2	2	0	6	3	1	1	4	3	0	0	0	0	1	1	0	8	1	0	1
chr9	66674811	66674870	60	8	0	60	35	25	4	1	2	2	2	3	1	1	1	0	0	5	2	0	4	6	0	2	0	2	3	2	1	2	3	2	0	1	1	1	1	3
chr9	66674871	66675183	313	9	0	313	207	106	39	3	13	23	9	10	8	16	15	4	7	9	15	5	6	24	12	5	1	4	10	4	1	9	9	5	0	10	12	9	2	12
chr9	66675184	66675254	71	8	0	71	38	33	3	1	2	4	2	2	4	4	2	1	2	3	3	2	2	1	2	2	0	2	4	1	0	2	6	2	1	1	0	2	1	5
chr9	66675255	66675338	84	9	0	84	62	22	13	3	7	4	2	1	2	3	6	1	0	1	5	3	2	8	3	1	0	4	1	0	0	1	2	0	0	1	2	1	0	5
chr9	66675339	66675502	164	8	0	164	74	90	8	2	3	4	4	10	13	3	3	4	10	4	2	2	1	1	6	4	1	7	5	6	4	8	10	8	2	6	8	5	3	5
chr9	66675503	66675824	322	9	0	322	151	171	8	5	7	10	10	13	16	11	7	6	22	10	6	5	4	9	6	11	1	11	24	10	5	14	7	17	7	13	13	15	5	12
chr9	66675825	66675834	10	8	0	10	8	2	4	1	0	0	2	0	0	0	0	0	0	0	0	0	0	0	1	0	0	0	0	0	0	0	0	0	0	0	0	0	0	0
chr9	66675835	66676039	205	9	0	205	139	66	26	9	6	15	14	7	6	6	6	3	5	6	10	8	7	5	12	5	0	10	4	2	0	3	5	2	0	1	10	0	0	10
chr9	66676040	66676139	100	8	0	100	59	41	7	3	5	7	4	2	1	5	4	0	1	1	7	2	4	5	3	0	1	2	5	6	1	3	3	4	0	5	1	5	0	1
chr9	66676140	66676245	106	9	0	106	38	68	0	3	2	1	3	3	5	5	2	2	9	2	0	0	0	0	1	4	2	1	7	6	5	2	6	7	5	6	2	4	2	7
chr9	66676246	66676330	85	8	0	85	44	41	5	1	2	3	0	1	4	5	4	0	5	1	2	5	2	3	1	4	1	1	5	4	0	7	2	3	0	1	2	5	1	3
chr9	66676331	66676388	58	9	0	58	45	13	17	2	1	3	3	1	0	0	1	1	0	2	2	0	3	7	2	1	0	1	1	2	0	2	0	0	0	0	1	2	0	1
chr9	66676390	66676465	76	9	0	76	46	30	7	2	3	4	2	1	6	2	4	2	2	2	3	2	0	2	2	1	1	3	2	1	0	2	3	1	1	3	4	2	0	4
chr9	66676466	66676715	250	8	0	250	129	121	27	6	2	6	6	11	14	3	4	4	18	8	4	6	6	3	5	10	3	9	14	6	2	10	9	7	3	9	6	9	6	12
chr9	66676716	66676781	66	9	0	66	26	40	0	0	1	2	0	7	4	1	1	0	3	3	1	1	0	0	3	4	1	1	4	2	3	5	2	5	1	2	3	3	1	0
chr9	66676782	66676832	51	8	0	51	33	18	2	1	3	3	3	2	1	2	3	2	2	1	1	0	1	4	4	1	0	1	0	0	0	2	1	0	0	1	3	1	0	4
chr9	66676833	66677156	324	9	0	324	250	74	35	10	6	38	11	0	4	18	14	1	4	9	30	15	12	41	12	3	1	10	8	2	0	2	2	1	0	5	12	6	1	9
chr9	66677157	66677301	145	8	0	145	67	78	7	2	4	3	3	8	7	5	4	2	7	3	2	3	6	1	5	2	1	7	4	10	1	4	7	6	6	7	6	2	2	6
chr9	66677302	66677530	229	9	0	229	138	91	18	10	6	11	11	8	11	8	8	4	10	8	9	3	5	7	13	7	1	4	10	3	0	6	6	3	0	7	9	6	1	14
chr9	66677540	66677667	128	9	0	128	84	44	11	5	4	9	7	4	3	3	5	2	6	1	6	7	4	5	9	3	1	5	3	1	0	3	1	1	0	2	5	2	1	7
chr9	66677668	66677694	27	8	0	27	22	5	4	1	1	3	1	0	1	0	1	0	1	0	3	1	0	3	1	0	0	1	0	0	0	0	0	0	0	0	1	0	0	2
chr9	66677695	66677746	52	9	0	52	33	19	5	2	2	2	0	3	4	0	4	0	2	2	2	2	0	2	5	2	0	0	0	0	0	2	1	0	0	1	2	0	0	5
chr9	66677747	66677799	53	8	0	53	21	32	0	1	0	1	0	4	4	0	1	0	2	0	1	2	4	1	1	2	0	3	4	2	1	3	2	6	0	3	1	0	1	1
chr9	66677800	66678057	258	9	0	258	145	113	12	6	8	12	4	9	15	10	9	5	6	12	13	4	8	11	10	4	2	8	13	10	1	10	4	10	0	8	11	10	1	10
chr9	66678058	66678111	54	8	0	54	35	19	11	2	2	1	1	0	1	3	3	2	2	0	2	0	0	4	0	1	2	1	1	1	1	2	1	1	0	0	3	2	0	2
chr9	66678112	66678274	163	9	0	163	99	64	22	4	7	6	6	6	6	7	8	3	6	3	2	4	2	6	7	2	0	7	3	4	0	6	8	2	3	1	7	5	1	7
chr9	66678275	66678293	19	8	0	19	12	7	1	1	0	3	1	0	1	0	2	0	0	0	1	0	0	1	2	0	0	0	0	0	0	0	0	0	1	1	0	0	2	0
chr9	66678294	66678397	104	9	0	104	67	37	10	4	6	5	2	2	1	5	7	0	1	4	7	2	5	4	4	1	2	1	4	3	1	1	2	3	0	3	0	2	1	9
chr9	66678398	66678452	55	8	0	55	26	29	1	0	2	2	2	2	6	1	1	2	3	1	1	1	0	0	2	1	0	2	3	1	0	2	3	2	0	5	3	2	0	2
chr9	66678453	66678520	68	9	0	68	41	27	7	2	1	4	2	1	2	1	3	2	2	0	2	3	6	3	2	2	1	3	2	1	0	2	0	2	0	3	2	1	1	3
chr9	66678521	66678569	49	8	0	49	17	32	0	0	1	0	1	2	4	3	0	1	1	1	0	1	1	0	1	1	1	2	4	3	1	1	4	3	3	4	1	2	0	0
chr9	66678570	66678625	56	9	0	56	27	29	0	2	3	2	4	0	3	3	3	0	3	3	0	0	0	0	0	1	0	1	3	2	0	2	4	3	1	2	3	1	1	4
chr9	66678626	66678739	114	8	0	114	79	35	20	2	4	7	5	3	2	2	3	3	6	3	6	2	2	8	2	2	0	5	4	2	0	0	2	0	1	1	4	2	1	8
chr9	66678740	66678823	84	9	0	84	57	27	3	1	4	5	4	2	1	2	3	1	4	8	4	1	4	9	1	1	0	3	1	1	0	3	0	0	0	0	7	3	0	6
chr9	66678824	66679011	188	9	0	188	118	70	16	2	6	13	6	3	3	10	9	3	8	10	6	4	7	11	4	4	0	4	6	6	0	10	1	1	0	4	11	11	0	7
chr9	66679012	66679030	19	8	0	19	16	3	5	0	1	3	0	0	0	0	1	0	0	0	1	0	0	3	0	0	0	0	0	1	0	1	0	0	0	0	0	1	0	0
chr9	66679031	66679163	133	9	0	133	85	48	11	5	4	8	6	1	6	8	4	3	5	7	6	3	3	3	4	1	2	5	4	0	0	3	7	0	0	3	6	6	0	7
chr9	66679169	66679282	114	9	0	114	72	42	10	6	4	9	8	3	2	3	6	1	1	3	4	1	5	4	3	4	2	2	8	4	0	0	2	2	0	4	3	2	0	6
chr9	66679283	66679424	142	9	0	142	81	61	11	5	1	6	6	4	5	10	2	2	5	8	3	1	4	6	5	3	0	4	8	4	1	3	6	3	2	5	7	6	1	3
chr9	66679425	66679450	26	8	0	26	11	15	0	0	2	0	0	1	2	0	2	0	3	0	0	0	0	0	1	0	0	0	1	0	0	1	0	1	1	4	2	1	0	2
chr9	66679451	66679642	192	9	0	192	111	81	9	1	6	10	2	7	9	9	7	5	11	4	8	6	8	7	6	5	0	9	10	2	0	8	2	6	0	6	9	7	0	11
chr9	66679643	66679684	42	8	0	42	27	15	5	1	2	3	1	0	2	1	2	0	1	2	3	0	0	2	0	0	0	1	1	2	0	2	2	2	0	0	1	1	0	3
chr9	66679685	66679762	78	9	0	78	50	28	8	2	4	6	3	1	4	2	5	0	2	1	4	1	4	3	1	2	0	1	2	0	0	2	3	2	0	5	2	0	0	6
chr9	66679763	66679827	65	8	0	65	45	20	7	1	2	5	2	2	2	2	3	2	2	1	3	3	0	6	3	1	1	3	1	0	0	1	1	0	0	1	4	1	1	2
chr9	66679828	66679893	66	9	0	66	48	18	13	2	3	5	5	0	1	2	2	2	1	1	4	1	0	4	3	1	0	1	3	1	0	1	1	1	0	0	1	2	0	3
chr9	66679894	66680054	161	8	0	161	101	60	19	3	6	12	7	4	5	8	9	1	6	4	5	3	2	6	5	2	1	3	6	4	0	4	7	1	0	6	6	7	0	7
chr9	66680055	66680159	105	9	0	105	76	29	11	2	4	10	5	2	1	5	6	1	2	4	6	3	4	9	4	2	0	1	1	1	0	2	2	0	0	2	6	1	0	6
chr9	66680160	66680292	133	8	0	133	83	50	8	7	5	6	5	4	4	8	6	1	1	6	8	1	5	6	5	4	0	4	9	1	0	3	1	4	0	5	6	4	0	4
chr9	66680293	66680370	78	9	0	78	47	31	6	3	5	3	6	1	2	1	3	1	5	4	2	1	1	2	2	2	0	2	2	0	1	2	3	1	0	2	3	2	1	7
chr9	66680371	66680396	26	8	0	26	13	13	1	1	0	0	0	1	4	0	1	2	2	0	0	0	0	0	1	0	0	2	1	0	0	0	0	1	0	1	3	0	0	3
chr9	66680397	66680546	150	9	0	150	98	52	7	1	6	13	8	3	2	11	8	3	5	7	5	4	4	9	5	3	0	3	5	2	0	4	1	5	0	0	13	1	0	10
chr9	66680548	66680635	88	9	0	88	68	20	16	4	5	6	4	2	1	3	5	0	0	1	7	2	2	8	3	1	0	4	1	0	0	1	2	1	0	1	4	0	0	2
chr9	66680636	66680689	54	8	0	54	34	20	8	4	3	1	4	1	0	3	1	1	3	0	3	0	1	0	1	1	0	3	1	1	0	1	2	1	0	3	4	0	0	1
chr9	66680690	66680746	57	9	0	57	44	13	8	0	1	10	2	0	0	4	4	1	0	1	5	0	1	5	0	1	0	0	0	2	0	2	2	0	0	0	4	1	0	1
chr9	66680747	66680791	45	8	0	45	31	14	5	2	1	5	2	0	2	2	2	1	1	1	4	0	0	2	2	0	0	1	0	1	0	1	1	1	0	2	4	0	0	0
chr9	66680792	66680877	86	9	0	86	66	20	9	3	2	10	3	1	2	4	2	1	1	1	10	3	0	13	7	0	0	1	3	1	0	0	0	1	0	1	0	2	0	3
chr9	66680878	66681031	154	8	0	154	113	41	12	6	6	16	9	2	3	4	4	1	2	5	15	5	5	17	8	3	0	4	1	1	0	4	3	2	0	2	6	0	0	6
chr9	66681032	66681091	60	9	0	60	39	21	4	2	2	5	0	4	2	5	2	1	0	0	6	0	3	1	1	1	0	5	3	0	0	0	6	1	0	1	1	1	0	1
chr9	66681092	66681214	123	8	0	123	90	33	14	4	3	13	6	0	4	6	3	2	1	2	11	5	4	11	5	1	0	5	3	1	0	1	4	2	0	2	3	1	0	4
chr9	66681215	66681327	113	9	0	113	73	40	11	3	5	9	6	4	3	6	5	1	2	6	5	1	0	4	5	3	0	1	3	4	0	2	3	0	2	3	8	2	0	4
chr9	66681328	66681384	57	8	0	57	34	23	6	1	1	3	3	1	3	4	2	0	3	3	0	1	2	0	1	0	1	1	1	0	0	0	5	1	1	3	3	0	0	5
chr9	66681385	66681465	81	9	0	81	53	28	3	2	2	7	4	2	3	6	2	1	3	4	5	5	1	1	5	2	0	3	4	0	0	0	2	1	0	1	4	1	0	5
chr9	66681466	66681503	38	8	0	38	25	13	3	1	1	3	2	0	2	2	0	0	0	2	3	3	1	1	3	0	0	1	0	0	0	1	2	0	1	1	1	1	0	1
chr9	66681504	66681741	238	9	0	238	144	94	15	6	11	13	7	10	8	7	7	1	7	10	17	5	12	6	7	4	3	9	3	3	2	8	14	4	2	10	8	5	1	11
chr9	66681746	66681824	79	9	0	79	39	40	2	1	5	3	2	1	6	2	3	2	3	3	4	2	0	0	3	2	0	0	0	5	1	5	3	2	0	7	5	2	1	2
chr9	66681825	66681834	10	8	0	10	5	5	1	0	1	0	0	1	0	0	0	0	0	0	1	1	0	0	0	0	1	0	0	0	0	0	1	0	0	1	0	0	0	0
chr9	66681835	66681957	123	9	0	123	63	60	5	6	4	4	5	7	7	3	6	2	5	2	4	0	1	1	4	6	1	3	6	2	1	7	5	6	1	2	7	2	1	5
chr9	66681958	66682001	44	8	0	44	26	18	6	0	5	2	2	1	0	1	5	2	0	0	0	1	0	1	2	0	0	1	1	2	0	3	0	0	0	0	1	5	0	1
chr9	66682002	66682731	730	9	0	730	420	310	58	17	44	25	29	20	33	21	26	17	26	19	30	18	19	17	29	19	0	24	19	21	5	32	24	19	0	29	30	18	3	37
chr9	66682732	66682745	14	8	0	14	10	4	1	0	0	3	0	0	0	3	1	0	0	0	2	0	0	0	0	0	0	0	1	0	0	0	0	0	0	0	1	0	0	0
chr9	66682746	66683174	429	9	0	429	267	162	42	11	26	20	16	9	13	10	16	7	19	10	25	16	9	18	13	6	2	22	13	11	1	16	8	8	0	8	14	17	1	20
chr9	66683175	66683265	91	9	0	91	54	37	8	1	5	3	4	3	2	7	3	1	5	1	2	1	3	4	3	0	0	2	3	1	0	1	7	2	0	7	3	2	0	5
chr9	66683266	66683313	48	8	0	48	29	19	3	1	5	0	1	0	4	0	2	1	0	0	3	5	2	0	3	0	0	4	0	0	0	2	1	1	0	4	1	1	0	2
chr9	66683314	66683421	108	9	0	108	52	56	4	1	4	2	0	1	8	4	6	5	5	0	1	2	3	6	2	5	1	1	3	6	1	8	6	2	0	4	2	6	0	7
chr9	66683422	66683458	37	8	0	37	18	19	0	0	0	1	1	2	1	6	0	1	3	1	0	0	0	2	2	1	0	0	3	0	0	0	3	1	1	1	1	1	0	3
chr9	66683459	66683591	133	9	0	133	87	46	12	1	6	14	10	3	2	6	3	4	4	5	7	2	2	5	4	2	0	4	4	3	0	4	3	2	0	3	10	4	0	2
chr9	66683592	66683640	49	8	0	49	34	15	2	1	1	3	0	1	1	3	3	0	2	1	2	2	2	8	0	1	0	3	1	0	0	2	2	0	0	0	2	2	0	2
chr9	66683641	66683725	85	9	0	85	59	26	7	4	6	7	5	0	1	3	5	1	2	2	8	0	2	4	4	0	0	1	1	1	0	3	1	1	0	4	3	3	0	4
chr9	66683726	66683765	40	8	0	40	28	12	2	0	3	5	2	0	1	0	2	1	2	1	3	2	1	2	2	0	0	1	0	0	0	2	0	0	0	0	1	2	0	3
chr9	66683766	66683975	210	9	0	210	142	68	23	6	9	13	5	4	4	8	14	3	7	5	8	4	13	14	7	3	0	7	5	3	0	6	1	1	0	6	8	7	0	14
chr9	66683976	66683988	13	8	0	13	7	6	1	1	0	0	0	0	1	1	1	1	0	0	0	0	0	0	1	1	0	0	0	0	0	1	0	0	0	0	1	1	0	0
chr9	66683989	66684221	233	9	0	233	121	112	7	3	9	4	3	13	12	9	10	6	14	7	4	3	11	4	7	5	0	13	11	8	0	9	10	3	0	9	9	12	0	16
chr9	66684222	66684320	99	8	0	99	62	37	5	5	4	6	3	1	6	4	6	0	3	3	6	2	3	5	4	1	0	3	2	0	0	2	3	2	0	7	5	2	0	4
chr9	66684321	66684696	376	9	0	376	232	144	36	19	17	19	16	11	14	16	19	3	9	6	20	6	9	11	17	8	1	12	13	7	0	14	11	10	1	12	16	9	0	12
chr9	66684697	66684776	80	8	0	80	58	22	7	3	3	7	2	1	2	4	2	2	1	2	9	2	4	7	4	0	0	4	1	0	0	1	2	1	0	1	1	1	0	4
chr9	66684777	66685259	483	9	0	483	339	144	62	18	17	40	25	7	11	25	18	6	8	10	32	20	14	25	23	10	0	18	14	4	0	8	9	7	0	8	21	5	0	16
chr9	66685268	66685324	57	9	0	57	34	23	5	1	2	3	1	0	5	3	2	1	2	3	3	2	0	1	0	2	0	2	3	1	0	1	1	1	0	2	4	1	0	3
chr9	66685325	66685352	28	8	0	28	16	12	0	1	1	0	0	0	1	4	0	0	2	1	2	1	0	3	1	0	0	1	2	0	0	0	2	1	0	0	0	1	0	2
chr9	66685353	66685640	288	9	0	288	191	97	28	11	12	20	15	6	9	10	10	5	6	9	18	5	6	19	11	2	0	14	10	8	0	4	8	6	0	4	11	6	0	13
chr9	66685641	66685730	90	8	0	90	66	24	12	2	5	9	5	1	1	2	6	1	0	6	5	3	5	3	5	0	0	1	1	0	0	2	0	0	0	0	2	3	0	8
chr9	66685731	66685783	53	9	0	53	31	22	2	1	4	2	0	2	2	3	4	0	2	1	2	2	0	2	1	1	0	3	3	3	0	1	1	1	0	0	2	2	0	4
chr9	66685784	66685930	147	8	0	147	82	65	6	3	6	9	6	7	4	7	7	0	5	6	5	2	5	4	5	3	2	1	7	5	0	5	7	5	0	5	5	4	0	9
chr9	66685931	66685981	51	9	0	51	39	12	5	0	2	9	4	1	0	3	3	1	1	0	4	0	0	4	2	0	0	0	0	0	0	1	3	0	0	1	3	1	0	1
chr9	66685982	66686062	81	8	0	81	53	28	4	3	3	4	3	3	2	4	4	3	2	0	3	3	3	8	5	2	1	3	1	0	0	2	2	1	0	1	4	0	1	4
chr9	66686063	66686478	416	9	0	416	256	160	33	17	11	21	17	14	15	20	16	5	19	10	17	10	8	21	21	8	2	15	14	7	0	14	11	7	1	9	20	13	3	15
chr9	66686479	66686587	109	8	0	109	78	31	11	7	2	12	6	2	3	3	6	1	2	1	9	5	4	4	6	1	0	7	3	1	0	0	0	0	0	2	5	2	0	2
chr9	66686588	66686650	63	9	0	63	42	21	5	0	3	7	2	2	3	1	4	0	2	1	4	0	2	5	0	0	0	2	1	0	0	2	5	1	0	2	1	2	0	4
chr9	66686651	66686713	63	8	0	63	46	17	10	0	3	7	6	3	0	1	2	1	1	2	2	0	0	6	2	0	0	2	1	2	0	0	3	0	0	1	4	1	0	1
chr9	66686714	66686764	51	9	0	51	34	17	5	3	2	3	4	2	1	1	2	0	1	0	2	2	2	4	2	1	0	3	1	0	0	0	3	0	0	2	2	0	0	1
chr9	66686765	66686809	45	8	0	45	31	14	6	0	4	3	3	0	1	0	2	0	2	3	2	0	0	4	0	0	0	1	0	0	0	2	2	1	0	0	2	1	0	4
chr9	66686810	66687099	290	9	0	290	180	110	25	8	11	18	9	8	8	9	13	3	5	4	14	12	13	19	10	11	0	10	9	13	3	10	8	3	1	6	7	8	0	10
chr9	66687100	66687247	148	8	0	148	92	56	16	5	6	7	5	4	8	9	7	3	0	2	5	4	1	8	9	3	1	3	7	2	1	2	9	1	0	6	2	6	0	4
chr9	66687248	66687357	110	9	0	110	72	38	12	3	4	8	7	4	1	6	5	2	1	3	3	2	3	7	4	4	0	2	5	2	0	3	4	2	0	0	5	2	0	4
chr9	66687358	66687404	47	8	0	47	31	16	6	1	0	4	2	0	1	1	0	1	0	1	3	3	5	2	0	2	0	3	2	2	0	1	1	0	0	2	1	1	0	0
chr9	66687405	66687532	128	9	0	128	85	43	14	6	4	9	6	1	6	4	6	1	6	3	8	3	1	6	6	0	0	4	5	1	0	2	2	3	0	3	4	4	0	8
chr9	66687533	66687649	117	8	0	117	76	41	11	2	6	7	6	3	2	9	5	3	5	5	4	1	0	7	5	1	1	2	4	0	0	0	4	3	0	3	7	0	1	8
chr9	66687650	66687747	98	9	0	98	69	29	17	8	4	6	7	1	2	1	4	0	1	2	7	2	0	5	6	3	0	2	4	3	0	2	1	1	0	0	2	2	0	3
chr9	66687748	66687794	47	8	0	47	36	11	8	2	2	4	4	0	1	0	2	0	0	4	1	1	1	4	1	0	0	2	2	0	0	0	0	0	0	0	2	2	0	2
chr9	66687795	66688057	263	9	0	263	194	69	25	3	6	39	14	4	5	11	11	4	2	8	23	6	7	24	7	4	0	6	8	4	0	3	5	3	0	4	14	4	0	7
chr9	66688058	66688275	218	8	0	218	149	69	12	10	9	8	7	7	5	16	11	5	6	5	10	7	2	27	16	4	2	7	5	1	0	3	1	0	0	3	13	4	0	10
chr9	66688276	66688334	59	9	0	59	35	24	3	1	2	3	1	0	4	0	1	1	3	5	4	1	3	2	2	0	0	1	2	2	0	2	0	1	0	3	2	3	0	5
chr9	66688335	66688368	34	8	0	34	21	13	1	0	1	0	0	2	1	4	1	0	1	3	0	0	1	4	0	1	0	1	2	0	0	0	2	1	0	1	3	0	0	2
chr9	66688369	66688491	123	9	0	123	81	42	13	4	7	5	7	4	2	7	5	3	1	5	5	3	3	5	6	5	0	3	5	0	1	1	3	2	0	1	6	0	1	8
chr9	66688492	66688535	44	8	0	44	31	13	3	0	1	6	4	0	1	1	2	1	0	0	1	3	1	7	2	0	1	1	0	0	0	1	2	1	0	1	2	0	0	0
chr9	66688536	66688720	185	9	0	185	120	65	9	3	7	11	6	4	3	17	8	3	6	9	6	5	9	12	11	1	0	3	3	0	0	7	7	4	0	3	9	5	0	12
chr9	66688721	66688740	20	8	0	20	9	11	0	0	1	0	1	0	1	0	0	0	3	0	0	1	1	0	1	0	0	0	0	1	0	1	0	1	0	3	2	0	0	1
chr9	66688741	66688823	83	9	0	83	48	35	1	1	3	5	2	4	4	4	3	0	3	7	4	1	1	4	3	1	0	1	5	1	0	2	1	2	0	5	6	4	0	3
chr9	66688824	66688896	73	8	0	73	53	20	12	1	5	6	2	0	2	1	5	1	1	2	6	0	3	5	0	1	0	1	1	0	0	2	2	0	0	3	2	2	0	5
chr9	66688897	66688950	54	9	0	54	47	7	10	2	0	8	0	0	1	2	2	0	0	0	8	2	2	8	3	1	0	0	0	0	0	1	0	0	0	0	0	0	0	2
chr9	66688951	66689001	51	8	0	51	37	14	5	2	0	5	1	0	1	5	3	1	2	1	3	1	1	5	1	0	0	3	2	0	0	0	0	0	0	0	5	1	0	1
chr9	66689002	66689194	193	9	0	193	142	51	32	3	5	19	8	7	1	8	4	4	6	3	15	6	3	18	7	5	0	7	5	2	1	1	3	0	1	0	9	2	0	6
chr9	66689195	66689220	26	8	0	26	12	14	0	0	0	2	0	2	3	0	2	1	1	0	0	0	0	0	1	3	0	0	3	0	0	1	1	0	0	1	0	1	0	2
chr9	66689221	66689301	81	9	0	81	47	34	0	0	2	6	3	5	4	0	3	3	1	4	2	2	4	6	5	1	0	4	3	3	0	3	1	3	0	0	5	2	0	4
chr9	66689302	66689341	40	8	0	40	20	20	1	0	3	2	2	1	2	1	2	2	0	1	1	0	1	0	0	1	0	2	2	2	0	2	3	1	0	0	1	3	0	2
chr9	66689342	66689414	73	9	0	73	42	31	2	4	1	6	3	1	4	2	3	1	1	0	5	3	2	2	3	4	0	2	5	4	0	4	0	3	0	1	2	2	0	1
chr9	66689415	66689582	168	8	0	168	106	62	9	12	7	10	14	3	5	7	6	1	4	3	10	5	5	4	15	2	0	4	3	2	0	7	5	3	0	6	5	5	0	4
chr9	66689583	66689677	95	9	0	95	60	35	13	6	6	0	5	1	5	2	4	3	1	1	4	0	5	3	5	2	0	3	2	0	0	3	4	1	0	5	2	2	0	5
chr9	66689678	66689824	147	8	0	147	68	79	2	4	7	1	2	4	7	8	8	2	9	1	2	6	2	2	5	6	1	5	8	10	1	11	3	6	0	3	5	8	0	6
chr9	66689825	66689891	67	9	0	67	43	24	7	3	3	5	3	0	3	4	6	0	2	1	2	1	1	2	1	1	0	1	2	2	0	0	1	0	0	5	5	1	0	3
chr9	66689892	66689901	10	8	0	10	7	3	0	0	0	2	1	0	0	0	0	0	0	1	1	1	0	0	0	1	0	0	0	0	0	0	0	0	0	0	1	0	0	0
chr9	66689902	66689979	78	9	0	78	43	35	6	3	4	6	4	0	2	2	5	0	1	1	4	1	2	1	0	2	0	2	5	8	0	4	0	4	0	2	3	3	0	1
chr9	66689980	66690100	121	8	0	121	69	52	2	2	3	7	4	1	4	6	3	1	7	6	5	3	6	8	2	4	0	1	6	0	1	8	3	3	0	6	4	8	0	5
chr9	66690101	66690230	130	9	0	130	76	54	8	3	6	3	4	2	6	2	5	3	7	7	3	4	5	8	5	3	0	4	2	3	1	6	1	0	0	5	5	7	1	9
chr9	66690231	66690261	31	8	0	31	18	13	2	1	2	2	1	0	2	0	2	1	2	0	1	0	1	0	1	1	0	0	0	1	0	2	0	0	0	2	1	1	0	3
chr9	66690262	66691211	950	9	0	950	658	292	102	28	35	64	29	24	27	34	35	12	22	35	63	24	32	91	35	18	1	34	28	10	1	19	19	10	0	13	32	20	0	51
chr9	66691212	66691263	52	8	0	52	34	18	0	2	3	3	2	0	3	3	1	2	0	2	5	3	2	2	3	1	0	4	0	0	0	2	2	0	0	0	3	0	0	2
chr9	66691264	66691404	141	9	0	141	99	42	18	3	8	13	7	3	3	4	5	1	1	6	11	4	4	7	6	1	0	4	1	3	0	5	4	3	0	1	6	2	0	5
chr9	66691405	66691448	44	8	0	44	30	14	5	2	1	4	3	1	1	1	2	1	2	1	2	0	0	4	1	0	0	2	1	0	0	0	0	0	1	1	4	1	0	1
chr9	66691449	66691676	228	9	0	228	166	62	23	3	7	26	8	3	6	7	9	3	4	6	19	8	11	22	9	1	0	7	2	3	0	5	5	1	0	6	7	5	0	10
chr9	66691677	66691700	24	8	0	24	18	6	1	0	1	3	2	0	0	0	1	0	0	1	1	2	1	4	1	0	0	2	0	0	0	0	0	0	0	0	1	1	0	0
chr9	66691701	66692173	473	9	0	473	308	165	29	14	19	36	19	14	16	25	21	9	10	16	30	11	10	27	21	11	0	16	15	11	0	9	13	5	0	8	25	8	0	23
chr9	66692179	66692967	789	9	0	789	530	259	67	17	32	62	31	17	27	43	32	8	17	27	48	26	20	56	31	13	0	24	20	4	1	14	33	11	1	21	33	12	2	37
chr9	66692973	66693038	66	9	0	66	48	18	11	3	5	3	3	0	1	2	4	0	0	2	4	2	1	5	1	2	0	2	3	0	0	1	1	0	0	1	2	2	0	3
chr9	66693039	66693080	42	8	0	42	34	8	3	3	0	6	1	0	0	2	1	0	0	1	7	0	4	5	1	1	0	2	1	0	0	0	0	0	0	0	1	0	0	1
chr9	66693081	66693639	559	9	0	559	357	202	48	16	24	36	23	16	21	25	34	14	16	13	20	13	15	22	27	12	3	17	12	7	0	16	12	5	0	13	34	12	1	30
chr9	66693640	66693705	66	8	0	66	36	30	5	3	3	1	2	6	2	0	4	0	2	1	1	1	2	2	4	4	0	1	3	2	0	5	0	1	0	1	3	3	0	2
chr9	66693706	66694030	325	9	0	325	202	123	24	6	14	22	14	12	14	6	16	7	12	13	12	7	14	9	12	8	0	11	11	1	0	9	4	4	0	14	19	8	0	20
chr9	66694039	66694400	362	9	0	362	235	127	38	6	15	23	11	12	12	19	13	6	5	10	21	11	8	24	16	5	0	13	14	6	0	12	9	8	0	9	15	13	0	6
chr9	66694401	66694430	30	8	0	30	20	10	1	1	0	3	2	2	0	1	1	0	0	0	2	1	1	4	2	0	0	1	0	0	1	0	2	1	1	0	1	0	0	0
chr9	66694431	66695984	1554	9	0	1554	811	743	86	51	56	44	53	64	83	64	60	23	50	29	38	32	35	43	61	53	7	49	87	84	6	58	64	42	2	66	51	56	5	50
chr9	66695985	66696058	74	8	0	74	35	39	2	2	3	1	2	1	7	1	3	1	7	2	2	0	0	0	1	0	2	1	3	1	0	1	4	2	2	8	3	3	0	7
chr9	66696059	66696479	421	9	0	421	214	207	20	11	12	13	17	12	33	6	14	17	17	13	5	3	8	12	18	14	0	11	20	17	3	22	17	7	1	15	13	24	2	22
chr9	66696480	66696490	11	8	0	11	7	4	1	0	0	1	1	1	0	0	0	1	0	0	0	0	0	0	1	0	0	1	1	0	0	0	0	0	0	0	0	1	0	0
chr9	66696491	66696630	140	9	0	140	81	59	8	4	6	6	7	2	5	6	8	1	6	5	2	6	5	3	4	2	0	7	6	4	0	6	4	2	0	3	6	8	0	6
chr9	66696631	66696686	56	8	0	56	34	22	2	2	2	3	3	2	1	2	1	1	3	1	3	3	0	4	3	1	1	2	2	0	1	1	0	2	0	2	4	1	0	1
chr9	66696687	66696718	32	8	0	32	21	11	7	5	0	0	2	1	0	0	1	0	1	0	2	0	2	0	2	1	1	1	0	1	0	1	0	0	0	0	1	0	1	0
chr9	66696719	66697093	375	8	0	375	225	150	30	16	12	17	17	6	17	20	15	3	10	15	13	4	11	17	14	6	1	8	11	8	0	17	15	13	1	13	20	9	2	12
chr9	66697094	66697173	80	9	0	80	37	43	3	2	2	2	3	3	4	2	1	0	7	2	2	1	2	0	0	4	0	2	6	4	2	2	3	3	0	6	2	3	0	5
chr9	66697174	66697228	55	9	0	55	21	34	0	1	4	0	3	6	2	0	1	1	1	0	0	0	0	0	3	4	0	1	5	7	0	3	2	3	0	3	2	1	0	0
chr9	66697229	66697285	57	9	0	57	27	30	3	1	4	0	2	2	5	0	3	2	3	0	0	0	0	0	3	2	0	2	3	2	0	4	2	3	0	1	1	2	0	5
chr9	66697286	66697312	27	9	0	27	14	13	0	0	1	1	0	2	2	1	0	0	2	0	2	1	0	1	1	1	0	1	1	0	0	2	2	1	0	1	1	1	0	0
chr9	66697313	66697531	219	9	0	219	93	126	4	6	4	4	6	9	20	6	8	4	6	6	0	4	4	2	6	11	1	4	15	20	1	10	12	9	1	10	8	6	1	9
chr9	66697532	66697554	23	9	0	23	10	13	0	1	0	0	0	0	2	0	1	1	2	0	0	1	1	0	1	1	0	1	1	1	0	2	0	0	0	0	0	3	0	2
chr9	66697555	66697614	60	9	0	60	28	32	4	2	2	0	2	0	8	2	2	1	1	2	0	2	0	0	2	2	0	1	3	2	0	2	5	1	0	6	1	3	0	2
chr9	66697615	66697697	83	9	0	83	39	44	4	0	2	2	3	0	5	1	1	2	7	4	1	1	1	3	0	2	1	0	4	6	1	4	4	3	1	4	2	4	1	7
chr9	66697698	66697775	78	9	0	78	27	51	0	1	1	0	1	6	9	1	1	3	2	1	0	0	0	0	2	3	0	5	5	7	1	5	7	5	1	2	4	3	0	0
chr9	66697776	66698046	271	9	0	271	112	159	5	6	6	2	3	11	28	5	6	6	11	3	5	4	9	2	7	3	1	15	11	20	1	17	21	15	4	16	8	12	0	6
chr9	66698047	66698135	89	9	0	89	40	49	2	0	6	0	3	5	6	2	2	2	3	1	1	2	2	3	4	2	0	2	5	2	0	5	5	6	1	7	2	2	1	3
chr9	66698136	66698148	13	9	0	13	4	9	0	0	1	0	1	1	0	0	0	0	1	0	0	0	0	0	0	0	0	0	0	1	0	1	2	2	0	0	0	0	0	1
chr9	66698149	66698329	181	9	0	181	69	112	0	0	2	1	3	5	21	4	0	5	17	5	0	0	1	3	4	3	0	3	11	10	0	14	12	14	2	12	7	8	0	12
chr9	66698330	66698470	141	9	0	141	61	80	3	2	8	1	5	7	7	5	6	1	12	1	0	1	0	1	5	3	0	4	11	10	0	6	5	8	1	6	3	5	1	11
chr9	66698471	66698546	76	9	0	76	39	37	1	3	3	3	5	2	3	2	3	3	3	2	1	1	1	1	3	1	2	3	5	3	0	5	1	3	0	0	3	6	0	2
chr9	66698556	66698861	306	9	0	306	201	105	29	7	14	14	6	8	10	17	11	7	7	15	18	6	7	24	12	7	1	8	10	2	1	9	5	3	0	6	13	10	2	15
chr9	66698862	66698896	35	9	0	35	24	11	2	2	0	4	2	0	1	1	1	0	1	3	3	0	1	1	0	0	0	2	1	0	1	0	2	0	0	0	1	2	1	1
chr9	66698897	66699010	114	9	0	114	86	28	21	2	3	14	6	1	1	4	4	0	2	3	9	3	3	9	5	0	0	1	2	2	0	2	3	2	0	1	2	2	0	5
chr9	66699012	66699070	59	9	0	59	41	18	19	3	3	2	7	1	0	1	2	0	1	1	0	0	0	0	1	2	0	1	3	1	0	1	2	1	0	1	2	1	0	1
chr9	66699071	66699182	112	9	0	112	83	29	14	5	6	8	5	1	3	3	8	1	1	2	8	3	4	9	5	0	0	5	0	2	0	1	1	0	0	3	6	1	0	5
chr9	66699183	66699350	168	9	0	168	108	60	15	8	3	8	4	4	6	8	5	1	8	4	10	7	5	12	9	3	0	7	4	4	0	7	2	1	0	3	7	7	0	4
chr9	66699351	66699442	92	9	0	92	59	33	8	5	4	3	2	1	3	4	3	0	4	2	7	4	2	5	2	4	0	4	1	3	0	6	1	1	0	2	6	2	0	1
chr9	66699443	66699573	131	9	0	131	78	53	7	5	3	7	6	5	5	11	4	3	2	7	4	4	3	1	6	5	0	6	5	5	0	1	7	1	0	0	9	1	0	6
chr9	66699574	66699647	74	9	0	74	45	29	5	2	6	3	2	3	3	2	3	2	2	3	5	1	2	0	4	1	0	3	2	1	0	3	1	2	0	1	3	1	0	6
chr9	66699648	66699694	47	9	0	47	27	20	3	2	3	2	4	2	2	0	3	0	2	1	1	0	0	1	1	2	0	1	2	0	0	3	3	1	0	0	1	2	0	3
chr9	66699695	66699863	169	9	0	169	94	75	4	3	8	9	9	5	8	8	6	8	10	2	4	2	3	3	9	2	0	7	10	2	0	3	2	4	0	10	9	7	0	10
chr9	66699864	66699937	74	9	0	74	41	33	0	0	1	0	0	13	0	10	0	0	0	0	1	3	0	12	14	0	2	0	0	0	0	0	10	0	6	0	0	0	0	0
chr9	66699938	66700065	128	9	0	128	65	63	2	2	3	2	3	15	6	3	0	4	8	2	4	4	2	4	16	1	1	7	5	5	0	5	1	4	1	2	4	5	0	5
chr9	66700066	66700131	66	9	0	66	43	23	3	3	1	3	2	3	1	7	1	1	2	2	4	2	1	5	6	0	2	2	1	1	0	1	2	2	0	0	4	0	0	2
chr9	66700132	66700220	89	9	0	89	62	27	5	5	6	5	4	1	1	6	3	3	1	1	9	3	2	6	3	1	0	8	1	0	0	2	3	1	0	0	5	1	0	1
chr9	66700225	66700315	91	9	0	91	75	16	26	4	3	6	5	0	1	2	1	0	0	1	7	4	2	11	2	2	0	4	2	0	0	0	3	0	0	1	1	0	0	1
chr9	66700316	66700605	290	9	0	290	128	162	18	3	5	7	6	13	13	8	3	8	18	7	7	4	5	2	7	10	2	8	18	12	10	12	8	18	11	9	7	12	5	12
chr9	66700606	66700950	345	9	0	345	233	112	26	10	16	28	13	4	11	13	13	4	9	14	28	11	13	19	7	9	0	13	9	4	0	8	9	5	0	7	16	3	0	21
chr9	66700951	66700994	44	9	0	44	24	20	3	0	0	3	0	3	3	1	1	0	1	1	1	2	1	2	1	2	0	2	4	2	0	2	2	1	0	1	0	3	0	0
chr9	66700995	66701398	404	9	0	404	259	145	43	12	22	24	22	6	14	18	22	7	14	10	14	8	8	14	20	5	0	8	6	6	0	12	17	4	0	13	18	10	0	25
chr9	66701399	66701459	61	9	0	61	28	33	1	0	4	1	3	2	2	3	1	3	2	1	1	0	2	1	2	1	0	2	3	5	0	4	3	5	0	0	2	1	0	4
chr9	66701460	66701536	77	9	0	77	49	28	11	4	3	3	2	3	0	4	1	0	1	0	6	2	3	5	1	4	1	2	4	4	0	1	4	0	1	3	0	1	0	1
chr9	66701537	66701574	38	9	0	38	24	14	2	3	2	3	2	1	1	2	4	0	0	0	2	0	1	1	3	1	0	0	0	1	0	1	0	0	1	1	2	0	0	2
chr9	66701575	66701791	217	9	0	217	137	80	17	7	12	11	7	6	11	6	13	6	8	8	10	5	4	5	6	6	0	12	8	2	0	4	0	2	0	4	16	4	0	15
chr9	66701792	66701808	17	9	0	17	10	7	2	2	0	0	1	0	0	2	1	0	1	0	0	0	0	0	1	0	0	0	1	0	0	0	1	0	0	1	1	1	0	0
chr9	66701809	66701873	65	9	0	65	30	35	2	0	0	2	1	1	6	0	1	4	3	1	1	3	2	1	2	4	1	1	4	3	0	7	1	2	1	0	1	5	0	3
chr9	66701874	66701897	24	9	0	24	14	10	2	1	1	1	1	0	1	1	1	0	0	1	1	0	1	1	0	1	0	0	1	0	0	3	1	1	0	0	0	2	0	0
chr9	66701898	66702039	142	9	0	142	83	59	10	6	6	5	3	3	7	9	7	1	7	5	7	4	2	1	8	3	0	2	2	3	0	8	6	2	0	3	6	5	0	9
chr9	66702040	66702087	48	9	0	48	31	17	3	4	2	3	4	1	1	2	3	1	1	0	2	1	1	1	3	2	0	2	1	0	0	3	0	0	0	0	3	2	0	0
chr9	66702088	66702176	89	9	0	89	48	41	2	2	4	6	4	4	5	4	7	1	3	1	1	1	2	0	2	3	0	3	3	0	0	7	5	3	0	2	7	4	0	1
chr9	66702177	66702218	42	9	0	42	23	19	3	2	2	1	0	0	4	1	2	0	3	0	3	1	0	0	2	1	0	1	0	1	0	3	3	1	0	1	0	1	0	4
chr9	66702219	66702394	176	9	0	176	101	75	10	6	8	7	5	5	8	9	11	4	5	3	6	1	7	4	9	2	0	5	5	2	0	13	4	7	0	5	9	9	0	5
chr9	66702395	66702472	78	9	0	78	56	22	9	4	6	3	5	0	1	3	4	2	1	4	5	1	4	2	5	0	0	3	0	0	0	1	0	0	0	2	4	1	0	6
chr9	66702473	66702565	93	9	0	93	65	28	6	5	3	7	2	3	1	7	3	0	1	3	10	5	4	5	6	2	1	3	2	0	0	1	2	0	1	1	2	1	0	4
chr9	66702566	66702761	196	9	0	196	144	52	27	4	7	23	10	4	4	5	9	3	2	7	15	4	4	15	8	1	2	4	1	2	0	4	3	1	0	4	11	3	2	5
chr9	66702762	66702883	122	9	0	122	92	30	19	2	3	15	9	2	2	6	5	1	1	4	7	5	0	9	6	2	0	2	5	0	0	0	2	0	0	2	6	3	0	2
chr9	66702884	66702974	91	9	0	91	69	22	13	1	4	10	2	0	2	3	10	0	1	1	3	2	6	10	1	0	0	2	0	0	0	1	0	0	0	5	6	1	0	5
chr9	66702975	66703131	157	9	0	157	112	45	18	3	8	13	6	3	3	5	4	6	2	3	14	4	4	14	5	2	2	7	4	0	0	4	2	2	0	2	7	4	0	4
chr9	66703132	66703233	102	9	0	102	70	32	12	5	4	5	5	3	0	6	4	0	2	2	5	3	4	9	4	2	0	5	4	1	0	1	2	1	0	3	4	3	0	1
chr9	66703234	66703331	98	9	0	98	62	36	12	2	7	4	2	3	3	4	7	1	2	1	4	2	5	3	3	2	0	3	3	0	0	3	3	1	0	5	2	3	0	6
chr9	66703332	66703365	34	9	0	34	17	17	2	0	1	1	1	1	0	2	1	1	1	1	0	1	1	2	0	1	1	1	3	2	1	1	1	1	0	0	1	2	0	1
chr9	66703366	66703420	55	9	0	55	35	20	6	2	3	2	1	3	2	2	2	1	1	0	4	4	2	0	5	1	0	4	2	0	0	1	0	2	0	0	1	0	0	2
chr9	66703423	66703568	146	9	0	146	89	57	9	5	5	9	9	2	4	7	3	4	7	3	8	3	5	4	4	5	0	5	6	1	0	7	5	3	0	4	7	5	0	5
chr9	66703569	66703593	25	9	0	25	16	9	1	0	1	1	0	0	0	1	0	1	0	2	2	2	2	2	1	1	0	0	0	1	0	2	0	0	0	0	1	1	0	1
chr9	66703594	66703877	284	9	0	284	162	122	17	8	13	16	20	7	9	10	10	1	16	10	7	2	5	10	9	5	0	4	13	5	0	12	13	10	0	13	11	10	2	14
chr9	66703878	66703914	37	9	0	37	17	20	1	1	1	1	2	0	3	3	1	1	0	0	0	1	1	0	2	1	0	0	3	2	0	2	2	2	0	2	1	1	0	1
chr9	66703915	66704045	131	9	0	131	60	71	7	1	4	2	4	6	11	3	1	3	6	3	1	4	3	0	5	3	0	6	8	6	0	8	6	7	0	8	5	6	0	2
chr9	66704046	66704113	68	9	0	68	45	23	6	2	2	4	1	2	2	4	2	2	2	0	6	2	0	6	1	3	2	2	3	1	0	0	3	0	1	0	2	0	1	4
chr9	66704114	66704277	164	9	0	164	124	40	13	3	5	16	7	2	2	10	2	3	4	2	14	12	6	22	10	1	0	9	1	0	0	1	5	1	0	0	4	0	0	7
chr9	66704278	66704354	77	9	0	77	57	20	8	1	4	9	6	0	1	4	5	2	1	4	3	2	1	5	3	1	0	1	2	0	0	0	0	0	0	0	5	1	0	6
chr9	66704355	66704829	475	9	0	475	215	260	33	8	9	12	15	20	18	10	8	12	28	12	6	8	9	6	15	16	4	13	22	20	21	19	12	25	16	17	14	21	9	15
chr9	66704830	66705015	186	9	0	186	94	92	11	3	8	4	5	5	13	7	7	3	12	6	3	4	0	1	5	5	1	5	9	5	0	10	8	9	1	6	8	5	2	13
chr9	66705016	66705320	305	9	0	305	125	180	14	4	4	5	5	15	16	3	4	6	19	9	5	6	8	1	5	11	6	9	17	14	12	15	7	21	11	13	10	12	7	9
chr9	66705321	66705380	60	9	0	60	44	16	21	1	1	4	2	1	2	0	1	0	2	1	1	1	1	3	0	1	1	1	0	0	0	3	2	1	1	2	3	1	0	0
chr9	66705381	66705423	43	9	0	43	31	12	5	1	1	5	3	1	1	1	0	1	0	1	4	2	3	1	3	0	0	3	0	0	0	0	2	0	0	2	1	0	0	0
chr9	66705424	66705503	80	9	0	80	54	26	6	3	3	4	4	1	3	3	1	4	4	2	5	3	1	7	4	0	0	6	1	1	0	0	1	0	0	1	5	1	0	4
chr9	66705504	66705528	25	9	0	25	17	8	2	0	1	1	0	0	2	1	2	2	0	0	0	2	0	4	1	0	0	1	0	0	0	0	0	0	0	0	2	0	0	2
chr9	66705529	66705579	51	9	0	51	37	14	5	1	1	7	1	1	2	1	2	1	0	3	6	0	3	3	2	0	0	1	0	1	0	1	1	0	0	0	2	1	0	3
chr9	66705580	66705693	114	9	0	114	84	30	15	2	7	9	2	0	3	5	6	0	3	1	10	3	1	16	1	1	0	3	3	1	0	2	3	3	0	2	3	1	0	6
chr9	66705694	66705911	218	9	0	218	162	56	36	9	12	18	13	0	3	8	9	3	4	8	17	6	4	11	9	0	0	9	2	1	0	5	2	1	0	3	11	6	0	6
chr9	66705919	66706007	89	9	0	89	52	37	3	0	4	7	1	1	5	3	5	1	2	0	6	5	3	4	3	2	0	3	1	6	0	6	2	4	0	2	4	1	0	3
chr9	66706016	66706082	67	9	0	67	38	29	3	5	1	1	3	1	3	6	3	1	3	1	2	2	0	2	4	2	1	2	3	2	1	0	2	1	0	2	4	1	0	3
chr9	66706083	66706116	34	9	0	34	20	14	0	2	1	1	1	0	1	5	2	1	1	0	1	1	0	2	3	1	0	1	1	1	0	1	0	1	0	0	3	0	0	1
chr9	66706117	66706422	306	9	0	306	194	112	30	3	17	21	11	6	11	9	18	9	10	8	13	5	6	16	7	4	2	10	8	4	2	11	6	7	0	5	15	10	2	18
chr9	66706423	66706466	44	9	0	44	26	18	4	4	0	1	2	1	4	3	2	1	0	2	1	0	1	0	5	0	0	1	0	0	0	1	2	1	0	1	2	1	0	2
chr9	66706467	66706590	124	9	0	124	78	46	10	4	4	7	6	3	7	3	5	4	4	4	4	3	5	4	4	1	0	9	5	0	0	1	2	1	0	5	8	4	0	5
chr9	66706591	66706639	49	9	0	49	34	15	4	2	2	3	1	0	1	2	3	0	1	2	3	1	3	5	2	1	0	0	0	1	0	2	1	0	0	1	2	1	0	3
chr9	66706640	66706776	137	9	0	137	84	53	11	5	4	9	7	4	5	3	5	0	2	8	7	3	4	6	5	2	1	4	4	2	2	4	3	4	3	4	7	4	0	3
chr9	66706777	66707028	252	9	0	252	102	150	10	4	3	4	3	13	13	2	4	6	17	7	4	3	6	3	4	9	5	8	12	10	12	12	9	15	8	10	6	12	7	9
chr9	66707029	66707093	65	9	0	65	51	14	15	1	4	5	1	0	1	2	4	0	1	1	4	3	3	4	3	0	0	2	1	0	0	0	0	1	0	1	0	0	0	6
chr9	66707094	66707127	34	9	0	34	26	8	1	2	2	2	1	0	1	1	0	0	0	2	5	1	2	4	2	0	0	1	0	0	0	0	0	0	0	2	1	0	0	2
chr9	66707128	66707426	299	9	0	299	206	93	36	11	8	26	16	6	11	10	9	2	7	7	20	11	6	19	15	1	2	12	10	1	0	4	8	6	0	8	11	6	0	8
chr9	66707427	66707473	47	9	0	47	30	17	6	1	4	1	1	1	1	1	4	1	2	3	1	0	2	1	0	0	1	1	0	0	1	0	0	0	0	2	3	1	0	6
chr9	66707474	66707552	79	9	0	79	50	29	10	5	1	6	3	3	3	4	7	1	1	1	2	1	0	1	6	0	2	2	4	1	0	0	2	1	0	0	2	3	2	3
chr9	66707559	66707643	85	9	0	85	65	20	10	2	3	10	4	0	1	3	4	0	1	3	7	4	2	10	1	1	0	3	2	1	0	1	1	0	0	1	4	2	0	2
chr9	66707650	66707770	121	9	0	121	85	36	19	2	4	10	5	1	3	7	2	3	2	2	8	2	3	11	3	3	0	2	3	2	0	3	5	3	0	2	4	0	0	5
chr9	66707771	66707783	13	9	0	13	7	6	1	0	1	0	0	0	0	1	0	0	1	0	0	1	0	1	0	0	0	1	0	0	0	1	1	0	1	0	0	1	0	0
chr9	66707784	66707913	130	9	0	130	78	52	5	4	6	7	6	6	5	5	6	3	4	2	5	3	1	9	8	4	1	3	3	1	1	6	5	3	0	2	6	3	0	5
chr9	66707914	66707992	79	9	0	79	56	23	2	2	4	7	2	3	2	5	5	1	0	4	6	4	3	5	5	1	0	3	1	0	0	0	1	0	0	1	5	0	0	5
chr9	66707993	66708132	140	9	0	140	96	44	5	5	2	10	3	3	6	8	4	4	8	3	9	3	3	19	8	2	0	5	2	0	0	2	4	1	0	1	6	1	0	11
chr9	66708139	66708274	136	9	0	136	80	56	18	4	6	7	4	3	6	9	10	1	4	1	3	0	0	3	5	0	1	2	5	5	0	5	9	2	1	4	3	7	0	6
chr9	66708275	66708295	21	9	0	21	12	9	0	0	2	1	0	0	0	1	3	0	1	1	0	0	1	1	0	0	0	0	1	0	0	1	0	1	0	1	1	1	0	2
chr9	66708296	66708635	340	9	0	340	184	156	13	7	16	11	8	16	10	11	16	9	24	7	10	7	10	7	12	15	2	10	18	8	1	20	6	4	0	4	9	20	1	26
chr9	66708636	66708698	63	9	0	63	28	35	1	3	4	0	4	1	2	1	3	0	7	1	0	0	0	0	1	1	0	2	5	4	0	4	1	3	0	2	1	5	0	5
chr9	66708699	66708729	31	9	0	31	14	17	0	1	0	1	0	1	3	1	2	1	3	0	0	0	0	0	0	1	0	2	2	0	0	3	2	0	0	0	1	4	0	1
chr9	66708730	66709064	335	9	0	335	209	126	27	7	16	18	14	14	9	17	15	9	12	11	12	9	5	12	18	6	1	14	10	6	0	8	5	4	0	7	22	8	3	14
chr9	66709065	66709107	43	9	0	43	24	19	2	0	1	3	1	1	2	2	3	1	1	1	0	0	2	2	2	0	0	0	3	0	0	1	1	1	0	4	0	3	2	2
chr9	66709108	66709653	546	9	0	546	340	206	37	17	23	29	18	22	18	24	30	7	18	9	20	22	13	31	25	13	3	27	21	7	2	16	16	8	0	4	20	18	1	25
chr9	66709654	66709666	13	9	0	13	7	6	2	1	1	0	0	0	0	0	1	0	0	0	1	0	1	0	0	0	1	0	0	0	0	1	0	0	0	1	0	1	0	0
chr9	66709667	66709776	110	9	0	110	57	53	0	3	3	3	2	3	5	4	3	0	6	4	4	4	6	6	3	5	0	2	5	5	0	7	3	4	0	5	3	4	0	6
chr9	66709777	66709828	52	9	0	52	26	26	2	0	1	2	1	1	2	1	4	0	5	1	0	2	2	0	0	2	0	1	2	2	2	3	1	1	0	2	2	4	0	4
chr9	66709829	66709944	116	9	0	116	74	42	5	3	7	6	4	3	2	5	6	3	2	4	6	4	4	9	4	5	0	4	3	2	2	2	1	0	2	1	5	2	0	8
chr9	66709945	66710025	81	9	0	81	43	38	2	2	1	4	2	1	3	6	5	1	8	1	0	1	3	1	1	0	0	4	4	2	0	4	4	2	0	2	3	6	0	6
chr9	66710026	66710080	55	9	0	55	28	27	4	1	3	2	2	1	4	1	2	2	1	0	2	0	1	1	2	1	0	1	1	3	0	4	5	2	0	2	1	2	0	2
chr9	66710081	66710278	198	9	0	198	88	110	3	3	8	6	8	16	12	3	7	2	11	3	2	3	1	0	9	5	2	7	11	14	0	9	13	8	1	6	6	7	1	9
chr9	66710279	66710343	65	9	0	65	35	30	4	2	0	5	2	1	5	4	1	2	1	0	3	0	2	1	2	3	0	0	5	1	0	3	4	5	0	3	1	0	0	3
chr9	66710344	66710506	163	9	0	163	72	91	5	5	3	2	1	8	12	3	6	2	8	4	3	4	2	3	4	8	4	3	10	8	2	11	4	11	2	3	7	4	1	8
chr9	66710507	66710578	72	9	0	72	40	32	1	4	2	1	1	3	3	6	4	2	4	2	2	2	1	1	7	1	0	2	1	0	1	3	2	1	1	0	4	3	0	5
chr9	66710579	66710589	11	9	0	11	6	5	0	0	0	1	0	0	0	2	1	1	0	1	0	0	0	0	1	0	0	0	0	0	0	0	0	0	0	0	1	0	1	0
chr9	66710590	66710728	139	9	0	139	78	61	7	5	3	6	7	7	8	4	3	4	3	3	5	2	3	6	9	2	1	6	5	5	0	6	7	3	0	4	5	6	1	1
chr9	66710729	66710793	65	9	0	65	34	31	4	0	0	5	1	2	7	1	3	2	1	0	1	3	1	2	4	1	0	2	2	1	1	3	2	4	3	1	2	1	0	3
chr9	66710794	66710845	52	9	0	52	21	31	1	0	1	1	1	3	2	0	0	1	4	4	1	0	0	0	0	3	1	0	4	4	1	5	0	3	0	1	2	4	2	1
chr9	66710846	66710998	153	9	0	153	66	87	10	2	1	4	2	4	5	4	3	3	11	3	2	3	6	3	1	4	3	4	5	4	7	6	4	10	10	7	5	5	4	6
chr9	66710999	66711056	58	9	0	58	32	26	15	0	0	0	1	3	5	0	0	3	4	0	0	0	0	0	3	0	0	3	2	1	0	1	2	2	2	2	1	1	2	3
chr9	66711057	66711087	31	9	0	31	16	15	0	2	1	1	1	0	1	1	1	1	1	0	1	2	0	1	2	2	0	1	1	2	2	2	0	0	0	0	0	3	0	0
chr9	66711088	66711239	152	9	0	152	94	58	7	4	8	9	5	9	4	5	12	2	3	0	4	6	7	7	8	0	0	13	5	5	0	2	4	2	0	2	7	5	0	5
chr9	66711240	66711253	14	9	0	14	10	4	0	0	0	0	0	0	0	0	0	0	0	0	0	1	2	5	0	1	0	1	0	1	0	1	0	0	0	0	0	0	0	0
chr9	66711254	66711438	185	9	0	185	106	79	16	4	11	8	4	6	6	6	13	3	5	1	7	4	8	3	3	5	1	7	6	5	1	8	5	6	3	6	8	4	1	9
chr9	66711439	66711474	36	9	0	36	20	16	2	0	3	1	0	2	1	1	3	0	2	0	1	3	0	0	1	1	0	3	2	1	0	2	0	0	0	0	1	3	0	1
chr9	66711475	66711775	301	9	0	301	170	131	16	8	16	11	12	9	14	6	17	4	14	11	6	7	11	8	7	5	1	15	11	7	0	13	8	8	1	7	15	11	2	18
chr9	66711776	66711805	30	9	0	30	19	11	2	0	2	1	1	0	0	1	2	0	1	0	1	4	3	0	0	2	0	1	0	0	0	2	0	0	0	2	2	0	0	1
chr9	66711806	66711982	177	9	0	177	101	76	17	4	4	10	7	10	5	7	4	2	5	4	7	4	2	9	7	4	2	7	8	6	3	3	6	8	3	3	8	3	0	3
chr9	66711991	66712076	86	9	0	86	48	38	8	2	0	4	3	2	5	1	1	2	4	5	2	2	2	4	1	3	2	2	4	2	1	4	1	4	0	1	5	2	1	4
chr9	66712077	66712144	68	9	0	68	30	38	0	2	2	2	4	2	4	1	2	1	3	0	0	3	3	0	2	2	1	3	3	3	0	5	4	3	3	2	2	3	0	1
chr9	66712145	66712203	59	9	0	59	36	23	14	0	6	0	1	1	3	1	3	2	1	1	2	0	0	0	1	1	0	1	3	2	0	2	1	2	0	1	1	2	0	5
chr9	66712204	66712296	93	9	0	93	53	40	2	0	7	4	3	3	3	4	6	3	2	1	3	2	6	3	5	1	0	2	3	1	0	5	3	1	0	6	2	5	0	5
chr9	66712297	66712410	114	9	0	114	73	41	10	6	4	4	4	3	4	8	5	3	5	1	6	3	0	5	8	2	0	5	4	1	0	3	1	1	0	2	7	4	0	3
chr9	66712411	66712456	46	9	0	46	37	9	11	3	1	5	2	1	0	3	2	0	0	0	5	2	0	1	4	1	0	1	1	0	0	0	0	0	0	0	1	0	0	0
chr9	66712457	66712621	165	9	0	165	99	66	13	9	7	7	9	3	7	4	9	1	5	2	4	9	5	3	10	2	1	9	4	7	1	5	5	3	0	2	4	5	0	8
chr9	66712622	66712663	42	9	0	42	26	16	3	0	1	4	0	1	2	4	4	0	0	1	1	2	0	3	3	0	0	0	0	1	0	2	3	0	0	1	1	2	1	0
chr9	66712664	66712785	122	9	0	122	82	40	6	2	6	8	2	3	3	10	7	1	1	2	7	4	3	15	5	2	1	2	4	0	1	2	4	3	0	5	5	2	0	4
chr9	66712786	66712994	209	9	0	209	139	70	25	6	7	13	11	6	6	5	7	3	4	7	8	7	7	16	7	4	2	9	10	2	0	4	5	2	0	3	5	8	0	8
chr9	66712995	66713011	17	9	0	17	9	8	0	1	0	0	2	3	1	0	0	0	0	0	0	0	0	0	3	1	0	1	1	0	0	0	2	0	0	0	0	0	0	0
chr9	66713012	66713068	57	9	0	57	38	19	7	4	3	2	3	0	3	0	5	0	1	1	1	1	1	5	3	1	0	2	1	1	0	1	1	1	0	0	1	1	0	5
chr9	66713069	66713083	15	9	0	15	10	5	4	0	0	0	1	1	0	0	0	0	0	1	0	0	1	1	0	0	0	1	2	0	0	0	0	0	0	0	0	1	0	0
chr9	66713084	66713164	81	9	0	81	55	26	7	2	1	6	4	4	1	5	2	1	4	5	3	0	4	4	4	2	0	1	1	0	0	1	2	0	0	2	7	0	0	6
chr9	66713165	66713229	65	9	0	65	46	19	5	3	3	6	4	0	0	5	2	2	0	2	4	1	2	5	4	1	0	1	2	1	0	2	0	2	0	0	3	1	0	2
chr9	66713230	66713306	77	9	0	77	53	24	7	9	0	3	9	0	0	3	2	1	3	3	2	1	4	5	8	1	0	2	1	1	0	2	0	0	0	0	3	2	0	3
chr9	66713307	66713408	102	9	0	102	67	35	10	4	6	6	5	1	3	6	9	0	2	4	2	1	3	4	1	2	0	3	2	0	0	3	7	1	0	0	4	2	0	9
chr9	66713409	66713516	108	9	0	108	72	36	16	1	6	7	7	1	1	6	4	2	2	3	3	2	3	8	4	1	0	1	4	2	0	3	3	2	0	3	3	4	0	4
chr9	66713517	66713575	59	9	0	59	55	4	12	3	0	10	0	0	1	1	0	0	0	0	12	1	1	12	2	0	0	2	0	0	0	0	0	0	0	0	0	0	0	0
chr9	66713576	66713816	241	9	0	241	123	118	16	7	4	10	10	10	13	6	2	7	11	4	8	6	5	2	11	13	1	5	11	12	3	12	9	7	4	6	8	6	0	10
chr9	66713817	66713827	11	9	0	11	4	7	0	1	0	0	1	1	1	0	0	0	0	0	0	0	0	0	1	0	0	1	0	0	0	0	2	0	1	0	0	0	0	0
chr9	66713828	66713927	100	9	0	100	48	52	4	1	3	5	2	7	5	1	3	1	5	4	3	1	2	0	1	3	2	4	6	3	1	6	2	4	2	4	6	5	1	1
chr9	66713928	66713945	18	9	0	18	12	6	1	0	0	0	0	0	1	0	1	0	0	0	0	3	1	4	1	1	0	0	0	0	0	2	0	0	0	0	0	1	0	0
chr9	66713946	66714066	121	9	0	121	79	42	9	3	7	7	5	3	2	7	5	3	1	4	7	4	3	8	5	3	0	4	4	4	0	2	3	2	0	1	6	1	0	6
chr9	66714067	66714115	49	9	0	49	27	22	2	1	0	3	1	1	2	3	2	1	5	0	1	0	1	4	1	1	0	1	4	2	0	0	0	3	0	1	1	0	0	6
chr9	66714116	66714188	73	9	0	73	51	22	8	2	4	4	3	3	3	2	3	1	1	1	4	4	2	5	6	0	0	4	1	0	0	0	1	0	0	3	3	1	0	2
chr9	66714189	66714344	156	9	0	156	100	56	24	3	4	12	9	1	6	4	7	5	6	5	3	3	3	5	4	1	2	5	6	4	1	2	4	0	0	2	6	7	0	10
chr9	66714345	66714647	303	9	0	303	212	91	33	14	14	24	14	4	10	9	16	5	4	7	22	10	7	18	14	4	1	14	6	4	0	6	7	1	0	2	10	7	1	13
chr9	66714648	66714657	10	9	0	10	5	5	0	0	0	0	0	2	1	0	0	0	1	0	0	0	0	0	2	0	0	0	0	0	0	0	0	0	0	0	0	0	0	2
chr9	66714658	66714751	94	9	0	94	61	33	6	2	3	5	1	13	3	3	4	0	1	5	5	3	1	5	17	1	0	0	0	0	0	2	2	0	0	0	2	2	0	6
chr9	66714752	66714871	120	9	0	120	73	47	11	4	7	7	9	1	4	4	7	2	2	1	2	4	6	2	5	0	0	5	3	1	0	5	6	5	0	3	4	2	0	6
chr9	66714872	66715166	295	9	0	295	204	91	28	6	12	25	13	6	6	17	10	4	3	8	20	11	9	26	10	7	0	10	6	5	0	6	9	2	0	9	17	4	0	4
chr9	66715167	66715181	15	9	0	15	11	4	3	1	0	2	2	0	0	1	0	0	0	1	0	0	0	0	0	0	0	0	0	0	0	0	2	0	0	0	1	0	0	0
chr9	66715182	66715234	53	9	0	53	35	18	5	0	4	4	3	4	0	1	1	2	0	1	3	1	3	1	4	2	0	1	2	0	0	1	2	0	0	2	0	1	0	3
chr9	66715235	66715263	29	9	0	29	19	10	2	0	1	2	0	0	1	1	0	0	1	0	4	3	0	3	0	2	0	1	1	0	0	2	0	2	0	0	1	0	0	0
chr9	66715264	66715323	60	9	0	60	43	17	11	2	4	3	1	1	2	1	7	0	3	1	1	1	2	1	0	0	0	4	0	0	0	0	1	0	0	1	5	0	0	6
chr9	66715324	66715458	135	9	0	135	92	43	14	5	4	13	6	3	3	4	7	2	4	6	10	2	5	3	4	2	1	5	3	3	1	2	0	1	0	1	9	3	0	7
chr9	66715459	66715530	72	9	0	72	51	21	3	2	4	6	3	0	1	2	5	0	1	1	4	6	5	7	2	2	0	4	3	0	0	1	0	0	0	0	1	2	0	5
chr9	66715531	66715540	10	9	0	10	4	6	0	0	0	0	0	0	1	0	0	1	2	0	0	0	0	0	0	0	0	1	0	0	0	0	0	0	0	0	0	0	1	2
chr9	66715541	66715597	57	9	0	57	40	17	8	1	2	5	1	1	2	3	2	2	2	2	5	2	0	0	3	0	1	2	0	0	0	1	1	0	1	0	3	1	0	4
chr9	66715598	66715733	136	9	0	136	113	23	34	3	6	17	3	0	1	3	9	1	2	2	14	4	6	8	3	0	0	4	0	0	0	0	0	0	0	0	4	0	0	10
chr9	66715734	66715912	179	9	0	179	123	56	26	8	9	12	11	4	3	2	8	2	2	7	10	5	8	5	9	3	0	7	5	2	0	5	3	1	0	2	4	6	0	8
chr9	66715913	66716073	161	9	0	161	114	47	18	8	7	12	7	3	5	4	12	2	3	5	8	2	9	9	4	1	0	10	3	0	0	1	2	0	0	2	10	2	0	10
chr9	66716074	66716202	129	9	0	129	92	37	14	7	3	8	6	6	3	4	5	3	2	1	8	1	4	15	13	2	0	2	2	1	0	3	2	0	0	0	2	3	0	7
chr9	66716203	66716307	105	9	0	105	77	28	12	2	6	11	5	1	2	0	6	2	3	3	8	4	3	8	2	1	0	5	1	0	0	4	0	0	0	0	5	4	0	5
chr9	66716308	66716428	121	9	0	121	81	40	9	4	5	8	7	5	4	5	6	2	2	3	5	3	3	8	7	2	0	5	3	1	0	1	5	0	0	3	6	2	0	5
chr9	66716438	66716541	104	9	0	104	70	34	13	3	4	5	6	2	2	5	3	3	2	1	4	2	3	11	6	3	0	1	3	2	0	2	4	1	0	3	2	1	0	5
chr9	66716542	66716566	25	9	0	25	16	9	2	0	1	2	0	1	2	1	3	0	0	0	0	1	0	1	2	0	0	0	0	0	0	2	0	1	0	1	2	1	0	0
chr9	66716567	66716618	52	9	0	52	35	17	5	1	4	3	4	1	0	2	2	0	1	4	1	1	3	1	2	0	0	1	1	0	0	0	3	0	0	3	2	1	0	4
chr9	66716619	66716681	63	9	0	63	39	24	6	1	3	5	2	3	1	1	2	2	2	2	6	1	0	0	1	1	0	5	2	0	3	0	1	1	2	0	3	3	1	1
chr9	66716682	66716802	121	9	0	121	80	41	15	5	6	8	11	2	2	3	4	3	4	2	5	3	3	3	8	0	0	5	1	3	0	4	4	1	0	1	4	4	0	5
chr9	66716803	66716857	55	9	0	55	38	17	6	0	5	3	3	0	0	2	4	2	1	0	2	1	2	5	1	1	0	1	1	0	0	2	2	0	0	2	1	2	0	4
chr9	66716858	66717131	274	9	0	274	212	62	43	6	7	32	10	3	3	13	3	3	3	7	31	12	7	28	10	7	0	7	7	2	0	4	5	0	0	3	7	4	0	5
chr9	66717132	66717421	290	9	0	290	141	149	18	5	3	8	5	13	20	8	5	7	17	6	6	5	7	6	6	11	2	11	15	8	3	16	14	13	4	11	12	10	3	10
chr9	66717422	66717533	112	9	0	112	72	40	11	3	8	3	5	0	3	3	5	2	2	2	4	6	6	8	2	4	0	5	3	0	0	4	3	3	0	4	4	1	0	6
chr9	66717534	66717628	95	9	0	95	59	36	6	4	9	4	3	1	3	2	8	0	1	4	6	2	4	2	0	3	0	3	2	2	0	4	2	1	0	4	5	2	0	6
chr9	66717629	66717898	270	9	0	270	167	103	16	8	18	13	15	3	14	8	16	11	7	9	8	3	5	12	11	4	0	10	7	4	0	6	7	2	0	9	15	7	0	20
chr9	66717899	66717935	37	9	0	37	24	13	7	2	2	2	1	0	2	1	5	0	0	1	0	0	0	0	0	0	0	1	2	1	0	0	0	1	0	1	3	1	0	2
chr9	66717936	66718096	161	9	0	161	89	72	9	6	6	5	10	8	9	3	2	6	5	5	4	2	5	3	10	3	1	8	13	1	0	1	5	7	0	4	2	4	1	11
chr9	66718097	66718231	135	9	0	135	73	62	6	1	5	6	6	5	8	5	5	3	12	2	1	4	0	3	6	3	0	4	5	3	0	4	5	2	0	7	8	4	0	10
chr9	66718232	66718379	148	9	0	148	69	79	0	3	5	2	1	6	9	8	7	4	6	5	1	3	5	3	6	4	0	6	8	9	0	13	5	4	0	1	5	12	0	5
chr9	66718380	66718465	86	9	0	86	39	47	4	1	4	1	4	3	4	5	2	1	5	2	0	0	2	0	4	1	0	1	4	4	2	4	5	5	0	6	3	3	0	4
chr9	66718466	66718772	307	9	0	307	118	189	4	2	11	2	7	14	29	4	8	4	15	6	0	4	6	0	8	9	0	7	25	25	0	22	14	23	0	23	7	15	0	11
chr9	66718773	66718832	60	9	0	60	36	24	4	3	2	4	4	1	2	2	3	0	3	0	1	2	1	2	4	0	0	2	3	2	0	1	1	0	0	5	1	4	0	1
chr9	66718833	66718899	67	9	0	67	50	17	13	1	3	9	2	2	1	1	6	1	0	0	5	0	1	4	3	1	0	0	0	1	0	2	0	0	0	2	3	2	0	2
chr9	66718900	66718959	60	9	0	60	39	21	4	3	3	2	1	2	3	0	3	0	2	1	4	2	4	3	3	1	0	3	2	0	0	1	1	0	0	3	0	2	0	5
chr9	66718960	66719148	189	9	0	189	131	58	26	8	12	14	12	2	3	4	14	2	3	5	8	2	9	5	7	4	0	4	3	2	0	4	5	1	0	4	7	2	0	15
chr9	66719149	66719206	58	9	0	58	44	14	9	3	5	3	3	1	0	0	3	0	1	2	4	0	3	5	2	1	0	1	1	0	0	0	0	0	0	2	1	0	0	6
chr9	66719207	66719537	331	9	0	331	223	108	45	11	16	23	16	5	14	8	23	7	6	9	11	8	5	14	16	7	0	8	14	5	0	4	3	2	0	3	11	9	0	26
chr9	66719538	66719597	60	9	0	60	42	18	8	2	3	3	2	0	0	1	4	0	2	3	2	2	3	5	0	2	0	2	0	1	0	4	0	0	0	0	3	2	2	2
chr9	66719598	66719686	89	9	0	89	53	36	9	4	3	3	4	2	6	1	5	2	1	3	1	2	2	5	4	3	1	2	4	0	0	3	2	4	0	1	3	0	1	6
chr9	66719687	66719822	136	9	0	136	86	50	12	5	4	11	9	4	6	4	5	0	2	6	6	4	3	5	5	2	0	5	5	1	0	4	6	3	0	5	7	4	0	1
chr9	66719823	66719939	117	9	0	117	77	40	15	5	6	4	6	0	2	8	3	0	2	8	6	2	4	4	3	2	0	3	2	3	0	4	4	2	0	4	7	2	0	4
chr9	66719940	66720001	62	9	0	62	35	27	3	2	1	1	3	2	4	3	0	1	2	1	1	4	2	3	5	3	0	3	4	1	0	1	1	2	0	3	2	0	0	2
chr9	66720002	66720154	153	9	0	153	82	71	8	3	7	7	7	5	6	5	6	3	5	2	4	4	8	2	7	2	0	5	5	4	2	5	7	6	2	8	4	4	0	8
chr9	66720155	66720309	155	9	0	155	83	72	16	9	2	2	9	4	7	4	1	4	6	7	3	3	3	1	13	4	1	3	5	5	3	7	3	5	2	2	3	6	4	6
chr9	66720310	66720404	95	9	0	95	54	41	9	2	4	3	3	4	7	0	4	3	9	2	1	0	0	1	3	1	0	6	2	2	0	3	3	2	0	1	6	2	0	10
chr9	66720405	66720548	144	9	0	144	71	73	8	2	1	6	2	8	9	2	4	0	8	4	3	5	6	2	2	8	1	4	6	5	2	8	5	6	1	8	8	3	0	5
chr9	66720549	66720886	338	9	0	338	203	135	29	7	14	15	11	6	16	10	12	6	11	9	13	12	11	20	11	7	1	12	9	6	1	17	8	15	0	9	16	6	2	14
chr9	66720887	66720903	17	9	0	17	10	7	0	0	0	0	0	1	2	1	0	0	0	1	0	1	0	2	3	0	0	0	0	0	0	1	1	1	0	0	0	0	0	1
chr9	66720904	66720977	74	9	0	74	43	31	5	3	3	4	5	2	4	2	3	0	3	1	2	0	3	1	3	1	0	2	3	0	0	2	5	2	0	5	2	2	0	4
chr9	66720978	66721091	114	9	0	114	59	55	1	3	6	2	6	1	3	6	2	3	5	10	3	2	3	2	2	1	1	5	5	6	3	1	5	2	2	1	4	6	0	10
chr9	66721092	66721150	59	9	0	59	35	24	6	1	4	0	0	4	0	3	3	1	2	1	2	1	2	4	2	2	0	3	1	3	0	3	2	0	0	0	2	3	0	2
chr9	66721160	66721219	60	9	0	60	28	32	2	0	3	1	1	0	4	4	2	1	4	2	1	0	2	1	1	0	0	0	4	3	0	2	2	5	0	4	2	1	0	6
chr9	66721220	66721286	67	9	0	67	39	28	6	2	5	2	4	3	2	3	4	2	4	0	1	0	0	1	1	3	0	3	2	0	0	3	2	0	0	2	6	1	0	3
chr9	66721287	66721470	184	9	0	184	112	72	10	9	6	11	14	7	6	6	6	3	5	4	6	6	5	7	16	7	1	1	9	1	0	4	1	2	0	11	6	4	1	7
chr9	66721471	66721509	39	9	0	39	26	13	1	1	3	3	1	0	0	1	3	1	2	0	5	0	3	0	1	0	0	1	0	0	0	3	0	0	0	2	1	3	0	2
chr9	66721510	66721568	59	9	0	59	28	31	0	3	1	2	4	3	2	5	1	2	3	1	0	0	0	0	4	3	0	1	6	2	0	2	1	2	0	3	3	3	0	0
chr9	66721569	66721690	122	9	0	122	65	57	5	4	4	9	6	2	6	8	8	3	2	2	3	1	1	1	0	6	1	3	10	3	0	6	6	4	0	1	6	6	0	3
chr9	66721691	66722138	448	9	0	448	251	197	16	18	12	19	24	15	25	24	12	11	11	18	13	12	9	10	27	14	3	12	29	7	1	8	13	15	0	16	20	9	2	21
chr9	66722139	66722148	10	9	0	10	4	6	0	1	0	0	0	0	1	0	0	0	1	0	0	0	0	0	0	0	0	1	1	1	0	0	0	0	0	1	0	1	0	0
chr9	66722149	66722257	109	9	0	109	57	52	4	2	4	4	5	4	8	7	4	4	4	2	1	1	1	1	6	3	0	3	8	1	0	1	5	3	0	7	5	3	0	6
chr9	66722258	66722270	13	9	0	13	8	5	1	0	0	1	0	1	0	1	1	0	0	1	0	0	1	1	0	0	1	0	0	0	0	0	0	0	0	0	1	0	0	1
chr9	66722271	66722326	56	9	0	56	32	24	2	3	3	2	3	1	3	1	4	1	0	3	0	2	1	1	4	2	1	0	3	1	1	2	1	1	0	0	0	3	0	5
chr9	66722327	66722376	50	9	0	50	23	27	1	1	0	1	1	2	6	1	0	5	1	2	1	0	0	0	5	2	1	0	2	2	1	1	2	1	0	1	1	0	2	5
chr9	66722377	66722711	335	9	0	335	178	157	10	12	17	5	16	13	20	14	13	7	11	11	5	8	6	9	14	10	1	15	18	10	1	7	10	11	0	17	21	5	2	14
chr9	66722712	66722891	180	9	0	180	121	59	21	7	9	10	6	4	5	9	11	1	4	6	9	9	5	5	10	3	1	7	3	1	0	5	0	1	1	3	11	3	0	8
chr9	66722892	66722912	21	9	0	21	8	13	0	2	0	0	1	1	3	0	1	0	0	0	0	0	0	0	0	1	0	2	3	0	0	0	2	1	0	1	0	1	0	0
chr9	66722913	66723549	637	9	0	637	415	222	78	21	25	42	33	9	23	23	31	11	4	17	24	12	28	32	23	12	1	17	24	12	1	13	20	10	0	26	21	16	2	24
chr9	66723550	66723595	46	9	0	46	25	21	3	1	1	2	1	1	2	3	0	3	2	1	2	0	2	0	2	1	0	2	2	2	0	1	1	0	0	3	2	2	1	1
chr9	66723596	66723691	96	9	0	96	64	32	8	5	3	4	4	0	4	4	3	3	2	2	4	3	5	8	5	3	0	3	1	0	0	5	4	0	0	0	2	3	0	6
chr9	66723692	66723728	37	9	0	37	25	12	8	4	1	2	5	0	0	0	1	0	1	1	1	0	0	1	3	1	0	0	0	2	0	0	0	0	0	1	2	0	0	1
chr9	66723729	66723818	90	9	0	90	58	32	12	3	5	3	6	1	1	8	3	3	1	2	2	2	0	4	7	0	0	2	5	1	0	2	2	4	0	0	3	3	0	3
chr9	66723819	66723862	44	9	0	44	29	15	3	1	1	3	4	1	1	2	0	0	1	4	1	2	2	3	1	1	0	1	1	0	0	0	3	0	0	1	3	0	0	2
chr9	66723863	66724228	366	9	0	366	229	137	26	13	12	24	15	13	13	18	17	4	4	6	17	16	11	20	21	13	1	11	15	10	1	7	10	4	1	10	13	6	1	11
chr9	66724234	66724340	107	9	0	107	71	36	10	6	4	7	4	0	3	8	7	1	1	2	5	2	2	7	5	2	0	2	5	1	0	4	2	2	0	2	3	5	0	3
chr9	66724341	66724354	14	9	0	14	7	7	0	0	2	0	1	2	0	0	0	0	0	0	1	1	0	0	1	0	0	2	1	1	0	0	0	0	0	0	0	0	0	0
chr9	66724355	66724847	493	9	0	493	304	189	38	19	11	25	14	13	25	24	21	9	12	15	20	14	12	30	29	12	0	14	16	13	0	22	10	6	0	10	21	20	0	16
chr9	66724853	66724902	50	9	0	50	23	27	0	0	2	2	3	2	3	2	0	3	2	1	0	0	0	1	4	0	0	1	2	3	0	5	3	2	0	1	1	5	0	0
chr9	66724903	66724950	48	9	0	48	35	13	6	1	1	5	1	2	0	2	1	0	1	0	6	2	3	3	1	0	0	4	1	0	0	0	3	0	0	1	0	2	0	0
chr9	66724951	66725356	406	9	0	406	261	145	35	5	22	24	8	10	15	19	26	10	10	16	18	11	12	19	15	6	0	14	13	7	0	13	3	1	0	10	21	19	0	22
chr9	66725357	66725369	13	9	0	13	10	3	1	1	0	1	0	0	1	0	0	0	0	0	2	1	1	1	1	0	0	1	0	0	0	0	0	0	0	0	0	0	0	0
chr9	66725370	66726117	748	9	0	748	461	287	51	19	24	47	25	14	35	37	28	16	19	24	39	14	21	46	25	16	1	21	33	12	1	27	23	20	1	20	30	25	1	31
chr9	66726118	66726140	23	9	0	23	13	10	1	0	1	1	1	0	0	1	0	2	2	0	0	1	1	0	1	1	0	1	1	1	0	1	0	0	0	0	0	1	0	3
chr9	66726141	66726704	564	9	0	564	414	150	56	20	20	54	19	13	15	28	19	5	7	22	56	17	10	52	27	8	0	20	10	6	0	6	10	1	0	9	28	7	0	17
chr9	66726705	66726839	135	9	0	135	91	44	24	3	4	10	5	3	4	3	2	2	7	2	9	1	3	7	1	4	0	5	6	1	0	4	4	3	0	3	4	3	0	6
chr9	66726840	66727023	184	9	0	184	84	100	6	5	1	7	5	7	11	5	4	4	9	4	4	6	4	2	5	11	0	5	7	11	6	12	5	8	2	5	11	7	0	3
chr9	66727024	66727071	48	9	0	48	21	27	1	2	1	1	2	3	2	2	1	0	1	1	1	1	0	0	1	2	1	2	6	2	0	2	2	4	1	1	1	2	0	0
chr9	66727072	66727241	170	9	0	170	122	48	30	2	2	17	3	2	4	7	4	0	3	12	14	6	8	8	3	6	0	1	5	3	0	5	1	1	0	3	7	3	0	8
chr9	66727242	66727268	27	9	0	27	22	5	4	1	0	5	2	0	0	3	1	0	0	0	3	1	0	2	2	0	0	0	0	0	0	0	0	0	0	0	1	0	0	0
chr9	66727269	66727530	262	9	0	262	161	101	13	7	10	17	12	9	9	14	10	4	8	7	13	9	9	8	12	5	0	12	10	3	0	6	8	6	2	8	14	5	0	10
chr9	66727531	66727562	32	9	0	32	21	11	3	0	5	0	1	0	0	0	2	0	1	2	3	0	1	2	0	0	0	0	1	2	0	0	0	0	0	2	0	1	0	4
chr9	66727563	66727613	51	9	0	51	29	22	3	1	4	0	2	0	2	0	2	1	5	0	1	2	3	2	0	2	0	3	1	0	0	3	2	0	0	2	1	2	0	5
chr9	66727614	66727647	34	9	0	34	19	15	0	0	2	1	1	3	1	4	2	2	1	0	0	0	0	0	4	0	0	1	0	0	0	1	2	1	0	1	4	0	0	1
chr9	66727648	66727734	87	9	0	87	51	36	8	5	2	2	2	1	5	9	4	0	2	4	2	2	0	1	2	4	0	2	6	2	0	2	5	1	0	2	4	3	0	3
chr9	66727735	66727802	68	9	0	68	48	20	7	2	2	7	4	2	0	4	1	1	1	2	5	2	0	7	2	2	0	3	5	1	0	0	0	1	0	0	3	2	0	0
chr9	66727803	66727994	192	9	0	192	145	47	27	7	11	17	9	2	3	7	6	1	2	9	20	6	3	13	8	1	0	7	1	1	0	3	4	2	0	2	8	1	0	9
chr9	66727995	66728080	86	9	0	86	63	23	5	2	0	9	1	2	2	4	3	1	1	3	7	4	5	14	3	3	0	2	2	0	0	1	2	0	0	0	2	1	0	5
chr9	66728081	66728220	140	9	0	140	82	58	17	7	2	5	10	5	4	6	3	3	7	3	1	2	3	4	9	1	0	7	7	2	2	0	4	3	1	4	4	5	2	5
chr9	66728221	66728252	32	9	0	32	14	18	0	1	2	1	1	0	3	0	3	0	1	1	0	0	0	0	0	1	0	0	2	1	0	2	2	1	1	2	1	1	1	2
chr9	66728253	66728634	382	9	0	382	221	161	30	10	15	19	10	12	17	16	12	6	14	9	21	13	8	8	17	9	2	13	14	6	4	18	9	14	3	10	15	12	1	13
chr9	66728635	66728760	126	8	0	126	85	41	6	4	7	10	3	2	2	4	9	0	3	3	9	5	5	11	5	3	1	3	0	3	0	8	1	0	0	1	5	5	1	5
chr9	66728761	66728774	14	9	0	14	8	6	0	0	0	1	1	0	1	0	0	2	1	0	0	1	0	1	0	0	0	1	0	0	0	0	0	0	0	0	2	0	0	1
chr9	66728775	66728976	202	8	0	202	99	103	10	5	14	2	12	6	14	0	7	8	8	4	2	3	2	1	5	6	1	10	13	5	1	9	5	7	2	12	9	10	0	7
chr9	66728977	66729017	41	9	0	41	20	21	2	1	2	0	0	1	3	2	4	0	2	2	0	0	0	0	1	0	0	0	1	1	0	3	3	1	0	2	1	3	2	2
chr9	66729018	66729366	349	8	0	349	205	144	13	16	17	17	16	10	20	9	15	9	15	10	19	4	5	10	16	8	0	15	13	4	0	12	11	6	1	7	15	11	1	22
chr9	66729367	66729464	98	9	0	98	54	44	4	2	4	5	3	3	2	11	5	3	6	1	3	0	0	0	3	2	1	2	2	3	0	6	5	2	1	2	9	4	0	2
chr9	66729465	66729971	507	8	0	507	317	190	32	15	28	30	21	18	21	18	24	10	12	17	29	8	10	23	27	5	2	17	14	4	2	17	14	11	0	13	23	16	0	24
chr9	66729972	66730019	48	9	0	48	32	16	4	1	0	5	1	0	2	3	2	0	2	3	3	2	3	0	2	1	0	0	2	0	0	1	1	0	0	1	1	2	0	4
chr9	66730020	66730140	121	8	0	121	71	50	13	3	6	6	2	5	8	3	8	3	1	2	5	0	0	5	3	3	0	6	6	5	0	4	4	2	0	2	5	6	0	3
chr9	66730141	66730172	32	9	0	32	19	13	3	1	0	2	0	1	2	2	1	0	1	1	2	1	0	1	1	1	0	0	1	1	0	1	1	1	0	2	2	0	0	1
chr9	66730173	66730224	52	8	0	52	30	22	0	0	1	5	1	1	3	4	2	3	1	2	3	1	1	1	0	2	0	2	4	0	0	1	1	1	0	2	5	2	0	1
chr9	66730226	66730295	70	8	0	70	44	26	3	2	3	6	7	1	3	2	3	2	2	2	2	1	1	2	3	0	0	3	2	0	0	1	5	1	0	2	4	2	0	3
chr9	66730296	66730364	69	9	0	69	48	21	9	3	2	4	3	1	1	3	1	0	2	2	5	1	3	7	2	0	1	1	1	0	0	0	5	0	1	4	1	1	0	3
chr9	66730365	66730590	226	8	0	226	163	63	29	8	8	18	10	4	4	10	8	6	1	5	18	5	12	15	16	2	0	5	2	2	0	6	4	2	0	4	6	4	0	10
chr9	66730591	66730701	111	9	0	111	78	33	19	5	8	6	7	0	1	1	6	0	3	1	6	2	4	8	0	3	0	3	3	1	0	3	4	2	0	2	2	1	0	8
chr9	66730702	66730799	98	8	0	98	52	46	3	4	4	3	3	3	6	4	5	2	6	3	3	1	1	0	4	1	0	5	2	5	0	5	2	2	0	4	8	4	0	3
chr9	66730800	66730886	87	9	0	87	54	33	6	3	6	4	3	4	2	4	5	1	4	3	5	0	1	2	2	1	2	3	2	0	0	2	3	1	0	3	6	2	0	5
chr9	66730887	66731176	290	8	0	290	189	101	27	12	16	20	11	4	7	7	18	4	11	7	19	8	11	5	8	7	1	12	7	3	2	11	2	4	0	4	12	9	1	18
chr9	66731177	66731224	48	9	0	48	32	16	5	2	2	2	1	2	0	2	1	2	0	0	4	2	2	4	5	0	1	2	0	2	0	0	0	0	0	2	1	1	1	0
chr9	66731225	66731583	359	8	0	359	218	141	34	6	23	17	11	8	7	14	23	4	15	11	13	7	10	14	8	7	2	7	15	9	0	17	6	8	0	8	11	17	2	23
chr9	66731584	66731734	151	9	0	151	76	75	7	4	12	2	4	3	5	3	7	0	5	7	7	4	1	4	4	4	1	2	3	10	2	12	4	7	2	5	5	6	3	4
chr9	66731735	66731793	59	8	0	59	32	27	1	1	3	0	1	4	4	0	1	2	3	3	2	0	4	2	2	1	0	4	1	0	0	3	1	2	0	3	5	0	0	4
chr9	66731794	66732133	340	9	0	340	171	169	39	4	8	6	6	15	18	10	6	7	20	12	6	4	6	4	6	11	4	9	21	10	5	14	8	17	6	11	13	12	3	17
chr9	66732134	66732400	267	8	0	267	168	99	24	7	15	16	7	8	11	7	12	3	9	8	19	7	4	10	8	7	1	9	11	8	0	6	5	4	1	6	8	6	0	18
chr9	66732401	66732439	39	9	0	39	23	16	0	4	1	1	4	2	2	2	1	1	0	2	1	1	0	0	5	2	0	1	2	0	0	1	0	0	0	0	2	1	0	1
chr9	66732440	66732682	243	8	0	243	149	94	18	6	9	17	14	4	9	10	8	10	8	5	10	5	7	8	11	4	1	9	9	6	0	6	9	3	0	4	9	8	1	13
chr9	66732689	66732988	300	8	0	300	199	101	35	8	12	15	10	10	9	12	10	9	11	7	16	4	12	18	13	4	0	14	5	2	0	8	7	3	0	8	16	6	0	14
chr9	66732989	66733025	37	9	0	37	24	13	3	1	1	2	2	0	1	4	2	1	0	1	0	2	2	1	2	1	0	1	0	0	0	1	3	0	0	1	2	0	0	1
chr9	66733026	66733090	65	8	0	65	45	20	9	1	4	4	2	2	1	4	4	2	0	4	2	0	2	2	2	1	0	2	1	1	0	1	2	0	0	0	4	1	0	5
chr9	66733091	66733121	31	9	0	31	21	10	2	0	2	3	1	2	1	1	3	0	1	1	1	0	0	3	1	0	0	1	1	0	0	0	0	0	0	0	3	0	0	2
chr9	66733122	66733177	56	8	0	56	43	13	9	2	2	4	1	0	0	5	3	0	0	1	5	0	0	9	1	1	0	0	1	3	0	1	2	0	0	0	2	1	0	1
chr9	66733178	66733240	63	9	0	63	42	21	7	1	6	1	1	0	0	5	3	1	1	1	4	2	4	3	1	2	0	1	2	0	0	2	1	0	0	5	2	2	0	3
chr9	66733241	66733378	138	8	0	138	107	31	26	6	6	13	7	0	2	3	6	1	1	5	12	1	3	14	5	1	0	2	2	2	0	3	0	1	0	1	5	2	0	6
chr9	66733379	66733404	26	9	0	26	15	11	2	0	2	2	0	0	0	1	3	0	2	1	1	0	0	0	0	0	0	0	0	1	0	3	0	0	0	0	1	3	1	1
chr9	66733405	66733550	146	8	0	146	102	44	16	5	5	13	5	3	4	8	6	0	3	6	12	4	3	9	7	0	0	5	5	2	0	0	3	1	0	5	5	4	0	5
chr9	66733551	66733589	39	9	0	39	29	10	2	2	1	3	1	0	1	3	1	0	1	3	4	2	2	2	4	0	0	0	0	0	0	0	0	0	0	0	0	0	0	5
chr9	66733590	66733666	77	8	0	77	47	30	8	3	2	4	7	1	4	3	3	1	2	3	0	3	1	0	5	1	0	2	2	0	0	1	5	1	1	3	4	1	1	3
chr9	66733667	66733757	91	9	0	91	49	42	3	4	3	2	5	5	5	2	4	3	3	1	0	3	3	2	5	2	2	6	7	1	0	1	3	1	0	2	2	4	0	5
chr9	66733758	66733810	53	8	0	53	27	26	1	3	1	0	0	2	4	4	3	0	5	2	1	1	0	0	2	1	0	3	1	1	0	2	1	0	0	3	6	2	0	2
chr9	66733811	66733967	157	9	0	157	88	69	6	3	11	6	8	5	7	3	6	3	6	3	6	5	3	6	6	5	0	5	7	4	0	7	7	4	0	5	3	4	0	11
chr9	66733968	66734040	73	8	0	73	36	37	3	2	3	1	4	4	2	2	1	1	4	0	1	3	3	1	3	2	0	4	5	4	0	3	1	4	0	3	3	2	0	2
chr9	66734041	66734073	33	9	0	33	16	17	0	1	0	1	1	0	0	4	1	0	2	3	0	0	2	0	0	1	0	0	2	1	0	2	2	0	0	2	2	4	0	0
chr9	66734074	66734313	240	8	0	240	133	107	20	7	16	3	6	7	11	5	12	5	9	5	8	5	10	3	8	5	1	10	11	5	1	9	7	9	0	10	4	7	2	17
chr9	66734321	66734443	123	8	0	123	82	41	18	1	8	8	5	1	7	4	7	4	0	3	7	4	0	3	5	2	0	3	4	2	0	3	4	2	0	2	4	3	0	7
chr9	66734444	66734476	33	9	0	33	21	12	6	1	3	0	1	2	1	0	2	2	1	0	1	1	0	0	2	0	1	2	0	0	0	0	0	0	0	0	2	0	0	3
chr9	66734477	66735024	548	8	0	548	324	224	35	14	29	23	16	18	18	33	26	13	21	13	24	11	12	17	28	10	0	18	23	8	2	19	9	16	2	15	26	17	2	28
chr9	66735025	66735133	109	9	0	109	51	58	4	1	7	1	2	4	6	3	5	2	7	3	2	1	2	1	3	4	1	0	2	3	2	8	6	4	1	5	4	4	1	8
chr9	66735134	66735204	71	8	0	71	39	32	5	1	2	3	3	3	5	1	3	3	4	3	0	0	2	0	3	2	0	2	2	0	0	5	1	2	0	1	5	3	0	5
chr9	66735205	66735464	260	9	0	260	144	116	26	9	10	8	11	10	10	6	9	5	15	4	6	5	7	2	9	9	1	10	10	5	1	13	6	7	3	8	12	8	2	11
chr9	66735465	66735527	63	8	0	63	30	33	3	0	2	4	3	3	4	3	1	1	2	1	1	1	0	0	2	1	0	2	5	3	0	3	4	5	0	2	2	2	0	1
chr9	66735528	66735566	39	9	0	39	26	13	1	1	0	3	0	2	3	1	1	0	1	0	4	3	1	4	4	1	0	1	1	0	0	1	0	1	0	1	1	0	0	1
chr9	66735567	66735923	357	8	0	357	210	147	22	13	17	15	10	9	19	10	21	5	12	6	15	12	8	15	13	13	2	11	17	7	1	14	4	9	0	11	13	10	1	20
chr9	66735924	66735934	11	9	0	11	5	6	0	0	0	0	0	0	0	3	0	0	0	1	0	0	0	0	0	0	0	0	1	0	0	1	0	2	0	0	1	0	0	0
chr9	66735935	66736029	95	8	0	95	57	38	3	5	6	3	5	2	3	3	5	0	3	3	4	5	4	3	3	1	0	7	3	1	0	4	1	3	0	2	5	3	0	3
chr9	66736030	66736079	50	9	0	50	30	20	3	1	5	4	3	1	1	1	5	0	2	1	1	0	1	0	1	0	1	0	0	0	1	1	4	1	0	3	1	1	0	5
chr9	66736080	66736246	167	8	0	167	111	56	24	3	9	11	5	3	3	11	7	1	7	3	10	4	3	5	6	2	0	3	5	3	0	3	6	4	0	6	6	2	0	10
chr9	66736247	66736582	336	9	0	336	157	179	7	4	14	11	12	12	25	11	12	6	13	8	5	3	6	6	11	6	0	8	17	16	2	20	17	23	3	17	15	10	1	13
chr9	66736583	66736632	50	8	0	50	24	26	1	2	3	0	2	3	3	2	3	0	3	0	0	1	1	0	2	0	0	4	1	0	0	2	5	1	1	2	2	1	1	2
chr9	66736633	66736689	57	9	0	57	28	29	1	1	1	1	0	2	3	2	3	1	6	0	1	1	3	1	1	3	0	1	2	2	0	5	1	1	0	2	2	3	0	5
chr9	66736690	66736802	113	8	0	113	54	59	4	2	0	2	1	11	5	4	1	2	9	1	2	3	6	1	6	4	0	8	9	6	0	3	1	4	0	3	4	4	0	5
chr9	66736803	66736833	31	9	0	31	14	17	1	0	1	1	1	1	3	3	1	0	2	0	0	0	0	0	0	0	0	1	1	0	0	1	5	2	0	2	1	0	0	2
chr9	66736834	66737103	270	8	0	270	143	127	18	9	13	10	15	9	10	9	7	4	7	7	10	4	4	6	11	10	0	5	18	18	0	13	6	12	0	8	7	9	0	9
chr9	66737105	66737528	424	8	0	424	271	153	26	10	16	38	17	7	13	24	24	8	17	9	25	7	7	21	14	5	0	13	15	5	0	17	9	9	0	8	23	18	2	15
chr9	66737529	66737543	15	9	0	15	11	4	2	0	0	3	1	0	1	0	1	0	0	0	1	0	0	1	0	1	0	0	1	0	0	0	0	0	0	0	0	0	0	1
chr9	66737544	66737813	270	8	0	270	157	113	21	3	12	15	6	10	8	13	10	5	10	7	14	2	9	11	9	3	1	7	8	11	0	16	6	10	0	8	13	11	1	8
chr9	66737814	66737833	20	9	0	20	12	8	5	0	3	0	1	0	1	0	0	0	0	0	2	0	0	0	0	0	0	0	0	1	0	1	1	1	0	2	0	0	0	0
chr9	66737834	66737911	78	8	0	78	36	42	2	0	5	2	3	3	6	4	3	1	3	0	1	0	1	0	3	1	0	0	2	2	0	6	9	7	0	4	2	0	0	6
chr9	66737912	66737976	65	9	0	65	42	23	8	0	3	6	2	3	3	1	4	0	0	4	3	1	0	3	2	1	1	0	1	1	1	1	1	2	0	3	5	0	1	2
chr9	66737977	66738044	68	8	0	68	36	32	3	1	2	2	3	6	5	2	1	3	0	2	1	4	1	0	7	5	0	2	3	2	0	1	2	0	0	2	3	0	0	3
chr9	66738045	66738099	55	9	0	55	33	22	2	2	4	0	0	1	2	1	1	2	3	0	5	3	3	3	1	2	1	5	0	1	0	3	1	1	0	0	2	0	0	4
chr9	66738100	66738175	76	8	0	76	46	30	7	0	6	4	4	2	1	1	5	1	3	2	1	1	3	3	0	2	0	2	3	0	0	4	1	2	1	4	4	3	1	3
chr9	66738176	66738223	48	9	0	48	31	17	0	1	2	4	0	0	1	4	2	1	0	2	4	0	3	5	1	0	0	1	1	2	0	3	2	1	0	1	1	3	0	1
chr9	66738224	66738400	177	8	0	177	116	61	23	8	10	10	11	6	7	1	11	3	6	3	6	2	2	6	13	0	0	6	5	1	0	3	4	2	0	4	3	6	0	13
chr9	66738401	66738436	36	9	0	36	20	16	2	1	2	1	4	2	1	0	0	2	1	0	0	1	1	0	4	0	0	2	1	2	0	1	1	0	0	1	1	2	0	1
chr9	66738437	66738521	85	8	0	85	53	32	2	1	0	8	4	5	4	3	1	2	6	5	4	2	2	4	3	1	1	5	1	0	0	0	4	0	0	2	8	0	1	4
chr9	66738522	66738606	85	9	0	85	51	34	10	3	4	3	4	2	3	6	4	3	4	1	2	0	0	2	3	0	0	5	6	0	0	1	2	3	0	1	4	4	0	3
chr9	66738607	66738791	185	8	0	185	117	68	19	11	8	7	11	4	5	5	7	2	10	7	8	3	5	3	6	5	0	9	7	1	0	6	4	2	0	2	8	6	0	12
chr9	66738792	66738828	37	9	0	37	23	14	3	0	2	3	2	1	1	1	0	1	2	0	3	1	0	2	1	1	0	1	2	0	0	1	1	1	0	2	2	0	0	1
chr9	66738829	66739135	307	8	0	307	174	133	14	9	14	11	11	8	13	16	10	9	13	6	13	3	11	11	9	7	1	12	17	7	1	6	10	6	0	18	13	11	0	15
chr9	66739136	66739214	79	9	0	79	50	29	6	1	5	2	4	2	1	6	3	5	2	2	1	1	3	4	3	1	0	5	3	0	0	1	4	0	0	0	4	3	0	5
chr9	66739215	66739348	134	8	0	134	76	58	6	2	7	6	6	3	4	6	5	4	1	4	4	5	5	6	8	4	1	1	4	6	1	6	4	3	0	5	3	4	2	6
chr9	66739349	66739388	40	9	0	40	22	18	5	3	2	0	2	0	2	2	3	0	1	0	0	2	0	0	2	1	0	2	1	2	0	1	2	1	0	1	1	1	0	1
chr9	66739389	66739836	448	8	0	448	281	167	47	12	26	20	13	14	16	19	23	13	11	12	22	8	10	14	17	10	1	19	13	10	1	14	9	4	0	9	23	15	0	21
chr9	66739837	66740150	314	9	0	314	134	180	29	4	4	6	6	10	12	3	4	7	19	8	4	7	8	1	6	6	7	9	13	14	18	11	4	23	18	13	8	13	7	10
chr9	66740151	66740314	164	8	0	164	85	79	8	5	10	3	7	5	5	6	6	8	11	2	4	1	2	1	7	2	2	7	4	6	3	6	1	5	2	6	11	6	1	9
chr9	66740315	66740648	334	8	0	334	205	129	14	8	13	19	14	12	10	15	14	4	10	11	12	15	14	19	17	10	0	12	14	9	0	7	7	3	0	10	13	8	0	18
chr9	66740649	66740698	50	9	0	50	32	18	2	1	2	4	2	0	2	2	2	2	2	2	3	1	1	3	1	1	0	2	2	0	0	1	2	0	0	0	1	3	0	4
chr9	66740699	66740750	52	8	0	52	26	26	3	3	1	3	4	0	1	1	1	1	2	0	2	2	1	0	1	2	2	1	3	8	0	2	1	1	0	0	1	2	0	1
chr9	66740751	66740805	55	9	0	55	35	20	4	0	0	3	2	0	2	3	1	1	3	2	1	4	4	3	3	1	1	0	1	0	0	1	3	0	1	2	0	1	0	6
chr9	66740806	66740942	137	8	0	137	91	46	9	4	5	11	9	2	2	10	6	3	5	6	4	3	4	7	8	0	0	4	6	0	0	0	4	1	0	3	5	5	0	9
chr9	66740943	66740993	51	9	0	51	35	16	4	0	3	2	2	0	1	2	1	0	2	3	2	2	3	7	2	1	0	0	1	0	0	1	0	0	0	4	2	1	0	3
chr9	66740994	66741190	197	8	0	197	143	54	28	6	10	19	9	4	3	5	13	0	3	5	12	5	7	12	8	2	0	5	1	3	0	6	3	0	0	5	9	5	0	7
chr9	66741191	66741390	200	8	0	200	128	72	17	8	5	13	8	4	8	8	8	4	5	4	10	4	5	15	10	4	1	5	8	3	0	6	3	4	0	7	8	6	1	6
chr9	66741391	66741477	87	9	0	87	50	37	10	3	3	3	4	5	4	1	5	1	2	2	1	1	2	2	6	1	0	3	2	3	1	3	2	1	1	3	4	4	0	2
chr9	66741478	66741569	92	8	0	92	69	23	8	2	6	7	3	0	1	6	5	2	2	4	7	3	2	10	2	1	0	4	1	0	0	1	0	0	0	0	6	1	0	6
chr9	66741570	66741625	56	9	0	56	37	19	7	3	1	2	3	0	2	4	3	0	2	3	1	1	1	3	2	1	0	1	2	1	0	0	2	0	0	2	3	1	0	3
chr9	66741626	66742004	379	8	0	379	282	97	48	12	18	34	19	3	4	18	12	7	2	12	34	9	10	38	17	4	0	10	9	3	0	7	4	3	0	7	14	9	0	10
chr9	66742005	66742153	149	9	0	149	106	43	13	3	5	11	2	2	4	6	7	3	1	6	11	5	9	17	5	1	1	6	3	0	1	4	2	2	0	0	4	4	0	9
chr9	66742154	66742214	61	8	0	61	34	27	6	1	2	3	4	4	3	0	0	2	0	1	3	1	0	2	3	3	0	2	7	3	0	0	1	4	0	1	1	0	0	2
chr9	66742215	66742314	100	9	0	100	65	35	8	4	3	7	4	4	3	5	6	2	1	3	5	2	2	5	6	2	1	3	4	2	0	2	2	0	0	0	3	4	1	4
chr9	66742315	66742374	60	8	0	60	28	32	2	1	4	2	3	2	2	0	2	2	2	1	2	0	1	1	0	1	1	3	3	2	3	1	2	6	0	2	2	1	0	4
chr9	66742375	66742426	52	9	0	52	21	31	1	0	2	1	2	3	4	0	0	0	3	3	1	1	0	0	1	1	1	1	3	3	0	4	2	4	1	2	2	2	0	2
chr9	66742427	66742501	75	8	0	75	41	34	8	2	0	3	1	2	2	2	1	1	3	3	3	2	5	2	2	3	2	1	3	3	3	2	0	3	1	2	1	2	0	5
chr9	66742502	66742518	17	9	0	17	5	12	0	1	0	0	0	1	2	0	0	0	0	0	0	0	0	0	1	1	0	0	1	0	0	2	1	3	2	0	0	0	0	0
chr9	66742519	66742639	121	8	0	121	52	69	2	1	3	1	3	6	12	2	3	4	11	1	0	1	1	0	3	3	0	5	7	3	0	6	7	5	1	9	6	5	1	7
chr9	66742649	66742857	209	8	0	209	130	79	12	4	9	16	11	2	9	0	4	5	8	7	13	5	10	13	5	4	0	7	6	3	0	10	7	6	0	7	4	6	2	12
chr9	66742858	66742940	83	9	0	83	47	36	5	4	1	3	1	0	7	4	6	4	2	1	1	1	3	3	5	2	1	1	3	3	1	2	2	0	0	2	1	4	0	8
chr9	66742941	66743061	121	8	0	121	90	31	17	1	5	13	2	3	3	5	5	1	1	5	12	4	4	8	1	3	0	4	1	0	0	3	5	0	0	1	6	1	0	5
chr9	66743062	66743174	113	9	0	113	86	27	25	7	4	9	3	2	3	2	4	0	3	0	13	4	1	5	5	1	1	6	1	1	0	2	1	0	1	0	2	2	0	3
chr9	66743175	66743244	70	8	0	70	43	27	7	1	4	3	1	3	3	2	1	1	2	1	6	3	3	2	4	1	0	3	1	0	0	3	2	2	0	4	2	1	0	2
chr9	66743245	66743276	32	9	0	32	20	12	0	0	2	2	0	0	0	1	1	1	2	1	3	2	0	4	0	1	0	1	0	1	1	2	0	0	0	0	1	2	1	1
chr9	66743277	66743359	83	8	0	83	57	26	5	2	4	8	3	2	3	3	3	2	2	3	8	1	2	4	2	2	0	3	3	0	0	1	3	0	0	1	3	2	0	6
chr9	66743360	66743432	73	9	0	73	45	28	3	0	4	7	2	1	1	2	2	1	4	0	7	3	3	3	3	1	0	1	1	3	0	4	1	2	0	5	2	2	0	3
chr9	66743433	66743511	79	8	0	79	33	46	1	0	2	1	2	3	6	1	0	2	5	6	1	1	2	0	1	2	1	2	4	2	0	7	3	6	0	3	3	4	3	3
chr9	66743512	66743662	151	9	0	151	67	84	9	4	2	3	2	7	5	5	3	3	8	2	3	3	6	0	5	5	2	5	5	8	9	5	5	9	3	7	5	5	2	4
chr9	66743663	66743718	56	8	0	56	29	27	11	0	1	0	2	2	3	0	0	2	4	1	0	0	1	1	0	0	1	3	3	1	1	1	3	3	1	2	1	2	1	3
chr9	66743719	66744061	343	9	0	343	156	187	33	4	9	7	6	9	15	8	7	9	17	8	7	5	7	3	5	9	3	10	14	15	17	13	9	22	16	13	10	13	6	12
chr9	66744062	66744155	94	8	0	94	52	42	10	3	4	3	4	5	3	1	2	1	5	2	3	1	2	2	3	1	0	6	4	6	0	4	3	3	0	2	3	4	0	2
chr9	66744156	66744201	46	9	0	46	21	25	1	0	1	2	1	5	1	0	1	2	3	0	1	0	3	0	2	2	0	3	2	3	0	3	1	0	0	1	2	3	0	1
chr9	66744202	66744554	353	8	0	353	229	124	49	18	13	22	17	13	9	8	16	3	12	1	19	7	9	11	20	8	0	13	9	11	0	14	5	6	0	5	13	9	0	11
chr9	66744555	66744606	52	9	0	52	21	31	0	1	2	0	2	2	3	1	1	2	4	0	0	0	1	1	2	1	1	1	2	1	2	1	2	2	3	5	1	2	0	4
chr9	66744607	66744715	109	8	0	109	51	58	3	3	5	1	5	3	6	4	4	2	10	2	0	0	1	1	4	1	0	3	5	1	1	8	3	8	1	4	5	5	0	8
chr9	66744716	66744779	64	9	0	64	20	44	1	0	2	0	2	2	9	0	0	2	0	2	0	0	0	0	3	1	0	0	6	4	2	3	3	7	2	8	1	2	0	0
chr9	66744780	66744888	109	8	0	109	42	67	1	4	5	1	4	2	7	3	6	3	4	0	0	1	1	0	1	4	1	3	6	9	4	6	4	8	2	4	4	4	1	4
chr9	66744889	66744912	24	9	0	24	13	11	0	2	0	1	2	0	1	1	1	0	0	0	1	1	2	0	2	0	0	1	1	2	0	1	1	1	0	0	0	0	0	1
chr9	66744913	66744981	69	8	0	69	31	38	2	1	2	1	1	2	7	3	3	2	4	0	0	1	1	0	3	2	0	2	4	0	0	5	2	7	0	3	4	0	2	3
chr9	66744982	66745027	46	9	0	46	23	23	3	1	3	1	1	2	2	1	4	1	1	0	0	0	2	0	2	0	0	2	1	1	0	4	2	3	0	1	1	2	1	2
chr9	66745028	66745322	295	8	0	295	164	131	16	6	21	12	15	11	13	9	21	1	11	6	3	9	3	7	14	3	0	10	15	6	1	10	8	10	0	14	10	13	1	14
chr9	66745323	66745356	34	9	0	34	15	19	0	1	1	0	0	0	3	1	1	0	2	4	1	0	0	1	0	1	0	0	1	3	0	3	1	1	0	0	1	2	1	3
chr9	66745357	66745498	142	8	0	142	59	83	2	3	7	2	6	3	4	5	4	4	6	4	1	0	4	3	1	7	1	1	6	8	5	7	5	4	10	9	6	7	2	3
chr9	66745499	66745601	103	9	0	103	51	52	2	5	5	2	4	3	4	2	5	3	3	5	3	0	2	3	4	2	4	1	4	5	1	6	2	2	2	2	3	6	1	5
chr9	66745602	66745813	212	8	0	212	96	116	8	4	8	3	11	9	10	8	3	9	7	5	1	4	5	0	9	9	2	6	14	13	1	13	8	9	2	5	7	10	1	6
chr9	66745814	66745885	72	9	0	72	31	41	1	1	6	0	3	2	4	2	4	3	2	2	0	0	0	0	1	1	2	2	3	3	1	4	2	3	3	4	5	4	0	2
chr9	66745886	66746019	134	8	0	134	43	91	4	0	2	2	1	4	8	5	3	2	7	3	0	1	1	0	1	2	1	3	4	6	7	6	11	12	18	3	2	3	4	6
chr9	66746020	66746035	16	9	0	16	5	11	0	0	0	0	0	1	1	0	0	1	0	0	0	1	1	0	1	0	1	1	0	0	2	1	0	2	0	0	0	1	0	0
chr9	66746036	66746134	99	8	0	99	42	57	3	4	1	2	2	4	9	0	3	3	6	0	3	1	0	0	4	3	2	3	4	3	2	6	2	3	6	6	5	6	0	1
chr9	66746135	66746175	41	9	0	41	21	20	1	0	6	0	2	1	0	2	4	0	1	1	0	1	0	1	1	0	0	1	2	0	1	2	2	2	1	1	1	2	0	3
chr9	66746176	66746290	115	8	0	115	60	55	12	5	3	0	1	5	9	4	6	1	5	6	1	1	0	0	5	3	0	4	3	3	1	5	5	2	1	4	6	5	2	5
chr9	66746291	66746320	30	9	0	30	9	21	0	0	0	0	0	2	1	0	0	2	2	1	0	0	0	0	0	4	0	0	3	5	1	3	0	0	0	0	0	3	1	0
chr9	66746321	66746431	111	8	0	111	77	34	6	2	0	6	3	2	3	6	3	2	4	5	2	3	1	28	6	1	0	1	5	4	0	0	0	1	0	1	3	3	2	6
chr9	66746432	66746548	117	8	0	117	57	60	13	3	2	1	3	4	9	0	3	2	9	3	1	2	1	0	3	3	0	5	3	3	2	5	5	4	4	5	5	4	2	6
chr9	66746549	66746621	73	9	0	73	36	37	3	0	0	2	0	4	4	3	0	1	2	1	2	4	2	8	4	3	1	1	6	3	0	1	1	4	3	4	0	1	1	2
chr9	66746622	66746674	53	8	0	53	24	29	1	4	1	0	2	2	3	2	2	1	2	2	1	0	1	0	1	5	0	1	4	1	0	4	0	3	0	1	4	2	0	1
chr9	66746684	66746863	180	8	0	180	128	52	21	5	7	17	6	4	5	4	6	2	2	3	16	8	4	16	7	6	0	6	8	3	0	3	0	4	0	2	5	1	0	7
chr9	66746864	66746873	10	9	0	10	7	3	0	0	0	1	1	0	0	0	0	0	0	0	0	0	0	3	0	0	0	0	0	0	0	1	1	1	0	0	0	0	0	0
chr9	66746874	66747101	228	8	0	228	133	95	10	8	9	11	8	9	6	9	12	0	10	9	8	7	9	7	7	9	2	6	11	6	1	7	4	4	1	5	10	6	0	15
chr9	66747102	66747289	188	9	0	188	113	75	12	4	5	9	7	6	8	3	8	5	12	4	3	8	7	12	8	7	0	7	4	5	1	6	1	1	1	3	11	3	0	15
chr9	66747290	66747557	268	8	0	268	173	95	20	8	8	18	8	13	10	16	12	12	4	3	14	7	5	13	25	4	2	9	3	6	0	7	5	1	0	2	15	5	2	9
chr9	66747558	66747658	101	9	0	101	64	37	10	1	4	7	2	0	4	6	7	1	5	5	3	3	0	6	0	1	0	4	0	2	1	4	3	0	1	2	9	5	0	3
chr9	66747659	66747770	112	8	0	112	68	44	4	1	6	8	1	1	3	6	8	2	5	5	5	2	3	6	1	2	2	1	6	2	0	4	1	0	0	5	3	8	2	7
chr9	66747771	66747826	56	9	0	56	33	23	4	3	1	1	2	3	2	3	2	2	2	1	1	1	3	1	3	1	0	5	3	0	0	1	1	1	0	0	3	2	0	2
chr9	66747827	66748043	217	8	0	217	119	98	8	5	9	12	6	2	10	14	13	1	6	7	7	5	7	7	2	4	1	5	7	7	0	12	12	10	3	7	11	5	2	8
chr9	66748044	66748070	27	9	0	27	12	15	0	1	0	0	0	4	1	1	1	1	2	0	0	0	0	0	1	2	1	2	1	1	0	0	1	0	0	1	3	0	1	0
chr9	66748071	66748340	270	8	0	270	149	121	10	8	13	8	10	16	16	8	13	6	9	8	6	4	4	8	12	6	0	16	14	7	0	7	8	7	0	7	17	8	0	12
chr9	66748341	66748376	36	9	0	36	27	9	7	0	1	3	3	0	0	1	0	0	2	1	2	0	1	5	0	0	0	0	1	0	0	0	2	1	0	1	0	0	0	3
chr9	66748377	66748654	278	8	0	278	176	102	24	12	15	14	10	5	7	12	13	4	10	7	18	8	7	9	8	8	1	12	8	6	0	11	7	3	1	3	11	8	0	14
chr9	66748655	66748743	89	9	0	89	64	25	18	1	3	8	2	4	1	4	3	0	2	4	7	1	3	2	2	0	0	3	2	1	0	1	3	1	0	2	4	2	0	3
chr9	66748744	66748867	124	8	0	124	89	35	14	2	7	15	6	2	2	4	6	1	3	2	11	3	1	9	4	2	0	2	1	2	0	3	3	1	0	4	6	2	0	4
chr9	66748868	66748889	22	9	0	22	13	9	1	0	2	0	0	1	2	0	0	1	0	0	1	3	0	0	2	1	0	2	0	0	0	1	1	0	0	1	1	0	0	0
chr9	66748890	66749040	151	8	0	151	85	66	9	1	9	7	4	8	9	3	6	3	1	1	8	5	2	7	11	3	0	3	5	5	0	10	6	6	0	6	2	6	0	3
chr9	66749041	66749085	45	9	0	45	30	15	6	1	2	5	1	0	1	3	2	1	0	0	4	1	1	0	1	2	0	1	3	2	0	1	1	0	0	1	0	2	0	1
chr9	66749086	66749234	149	8	0	149	92	57	6	5	6	11	5	3	3	5	10	2	6	5	7	3	9	5	3	4	0	6	8	4	0	4	2	1	0	1	4	7	0	12
chr9	66749235	66749260	26	9	0	26	20	6	4	1	0	2	2	1	0	2	0	0	0	2	1	2	0	1	4	0	0	0	0	0	0	0	0	0	0	0	2	0	0	0
chr9	66749261	66749359	99	8	0	99	63	36	5	4	6	6	5	2	1	4	5	2	1	0	6	4	6	6	4	4	0	4	3	4	0	3	2	1	0	1	2	1	0	5
chr9	66749360	66749414	55	9	0	55	35	20	4	1	2	5	0	0	2	2	3	0	2	1	5	4	1	2	2	3	0	0	3	1	0	3	0	0	0	1	0	3	0	3
chr9	66749415	66749530	116	8	0	116	72	44	10	3	8	8	9	4	3	4	7	3	2	4	3	0	1	2	1	2	0	7	3	1	0	3	6	2	0	2	10	3	0	3
chr9	66749531	66749566	36	9	0	36	19	17	2	1	3	1	0	0	1	2	4	0	1	0	1	0	1	0	0	1	0	0	1	2	0	4	1	2	0	1	2	2	0	1
chr9	66749567	66750119	553	8	0	553	345	208	33	12	30	29	19	18	20	27	28	10	19	14	24	20	6	36	22	11	0	27	25	12	0	10	14	7	0	7	22	18	0	31
chr9	66750120	66750227	108	9	0	108	59	49	8	4	2	5	4	2	7	4	2	4	2	2	5	1	3	3	3	3	0	5	6	6	0	3	6	3	2	1	3	3	0	4
chr9	66750228	66750496	269	8	0	269	144	125	9	7	10	7	9	10	20	7	9	10	10	8	7	9	6	4	11	10	0	15	13	4	0	11	10	4	1	9	12	10	3	12
chr9	66750497	66750563	67	9	0	67	39	28	4	2	3	2	3	2	2	3	3	4	2	0	2	2	3	1	4	3	0	3	2	1	0	4	0	0	0	1	4	3	0	2
chr9	66750564	66750778	215	8	0	215	134	81	14	8	11	10	10	3	8	4	5	3	10	4	14	6	12	10	7	3	0	10	6	2	0	7	7	6	0	11	5	4	0	13
chr9	66750779	66750852	74	9	0	74	35	39	1	5	3	1	5	1	7	0	4	0	3	1	1	1	0	0	1	3	0	3	3	4	0	5	5	3	0	4	4	2	0	2
chr9	66750853	66750948	96	8	0	96	69	27	8	3	7	9	6	1	0	3	7	3	4	0	6	1	3	6	2	1	0	5	0	1	0	2	2	0	0	0	6	1	0	7
chr9	66750955	66751027	73	8	0	73	52	21	13	0	3	4	2	1	2	4	1	3	3	5	5	1	0	3	2	1	0	2	1	1	0	2	0	0	0	0	6	2	0	4
chr9	66751028	66751062	35	9	0	35	22	13	3	0	3	1	1	4	0	1	0	0	0	1	3	2	0	3	2	1	1	2	0	1	0	1	2	0	0	0	1	0	0	0
chr9	66751063	66751280	218	8	0	218	140	78	17	5	11	10	7	9	9	8	9	4	5	9	10	3	6	17	13	3	0	5	4	5	0	4	7	1	0	8	10	4	0	13
chr9	66751281	66751300	20	9	0	20	13	7	1	2	1	0	1	0	1	2	2	0	1	0	0	0	0	2	1	0	0	1	0	0	0	0	0	0	0	0	2	0	0	1
chr9	66751301	66751724	424	8	0	424	259	165	35	14	25	18	20	9	10	18	19	5	11	11	18	14	15	15	11	13	1	17	16	14	0	13	15	4	1	14	17	12	0	17
chr9	66751725	66751751	27	9	0	27	14	13	0	0	1	3	3	0	1	2	0	1	0	1	1	1	0	0	0	1	0	1	3	1	0	0	2	1	0	0	1	1	0	0
chr9	66751752	66751823	72	8	0	72	41	31	1	1	2	5	3	3	5	2	5	3	1	4	0	0	2	3	2	3	0	2	5	0	0	1	0	2	0	2	6	2	0	5
chr9	66751824	66751872	49	9	0	49	30	19	2	0	1	5	1	0	1	4	2	1	4	1	3	0	0	4	0	1	0	0	2	4	0	1	0	1	0	1	4	1	0	3
chr9	66751873	66751926	54	8	0	54	28	26	1	1	2	3	2	3	2	1	3	1	2	2	1	1	2	0	1	3	1	1	3	3	0	1	1	1	0	2	3	0	1	4
chr9	66751927	66752051	125	9	0	125	64	61	4	5	5	3	10	7	4	2	3	7	6	1	0	0	1	5	5	5	0	9	9	5	1	4	3	3	0	0	6	6	1	3
chr9	66752052	66752107	56	8	0	56	33	23	3	0	3	3	3	3	3	1	0	1	2	2	3	3	0	2	4	2	0	1	2	0	0	2	4	0	0	2	1	1	0	3
chr9	66752108	66752138	31	9	0	31	18	13	2	0	1	3	2	0	2	0	1	1	0	1	1	1	2	0	0	0	0	1	1	0	0	1	2	2	0	2	1	0	0	2
chr9	66752139	66752225	87	8	0	87	44	43	6	1	3	5	2	1	5	2	5	1	2	2	2	0	1	5	2	1	0	0	6	7	0	6	1	6	0	3	2	6	0	2
chr9	66752226	66752267	42	9	0	42	18	24	2	1	3	0	1	2	3	2	3	0	1	0	0	0	0	0	1	1	0	1	3	2	0	2	4	1	0	4	0	3	0	0
chr9	66752268	66752358	91	8	0	91	50	41	4	3	6	2	3	5	6	1	3	3	3	1	5	1	2	2	6	3	0	3	3	1	0	2	3	2	1	6	3	0	1	5
chr9	66752359	66752402	44	9	0	44	21	23	0	3	1	0	2	1	2	2	3	2	2	0	0	1	1	0	0	4	0	3	4	1	0	1	0	0	1	1	3	2	1	1
chr9	66752403	66752467	65	8	0	65	33	32	0	1	2	2	2	2	6	3	2	2	3	2	1	3	1	1	4	1	0	3	4	1	0	0	3	3	0	2	2	1	0	6
chr9	66752468	66752526	59	9	0	59	30	29	2	2	2	0	3	3	2	6	1	2	0	3	0	2	1	1	3	3	1	2	3	0	0	2	5	1	1	1	3	2	0	0
chr9	66752527	66752577	51	10	0	51	18	33	3	1	2	1	2	3	3	1	2	0	0	0	0	0	0	0	2	1	0	0	4	6	1	2	3	4	3	3	0	2	0	0
chr9	66752578	66752611	34	9	0	34	18	16	0	2	0	2	0	2	2	0	2	0	4	0	2	2	0	0	3	1	0	2	0	1	0	2	0	0	0	0	1	2	0	2
chr9	66752612	66752775	164	8	0	164	63	101	1	2	5	2	4	10	19	1	5	2	6	3	1	1	0	0	5	3	1	6	11	5	5	5	11	15	4	14	7	3	0	5
chr9	66752776	66752877	102	9	0	102	48	54	0	1	3	4	5	2	7	5	3	2	2	3	0	2	3	5	1	3	0	3	10	4	0	2	5	5	4	6	2	4	0	4
chr9	66752878	66752934	57	8	0	57	24	33	4	1	4	0	4	1	3	0	0	2	3	0	1	1	0	0	2	2	0	1	2	8	0	3	1	2	0	5	2	2	0	1
chr9	66752935	66753106	172	8	0	172	86	86	5	8	7	5	6	8	13	2	9	2	9	1	5	3	0	2	11	5	0	5	7	7	2	7	8	4	2	6	4	6	0	11
chr9	66753107	66753191	85	8	0	85	39	46	4	1	6	0	2	5	6	1	5	2	3	1	0	1	1	0	6	2	0	2	2	6	2	4	1	5	0	4	4	1	0	6
chr9	66753192	66753253	62	8	0	62	28	34	3	0	1	3	1	1	3	3	1	0	3	2	2	1	1	2	0	0	0	2	2	8	2	2	3	4	0	3	3	3	0	1
chr9	66753254	66753309	56	8	0	56	33	23	6	2	3	2	2	2	0	3	2	1	3	1	3	0	1	2	1	3	0	1	3	0	0	2	2	1	0	1	1	3	0	3
chr9	66753310	66753418	109	8	0	109	62	47	13	6	3	3	5	2	5	1	3	5	1	1	4	1	6	3	3	6	0	5	4	5	1	5	1	3	0	2	4	2	1	3
chr9	66753419	66753446	28	8	0	28	20	8	3	0	1	4	0	0	2	0	4	0	0	0	2	1	1	0	1	0	0	0	1	0	0	0	1	0	0	1	0	1	0	3
chr9	66753447	66753480	34	8	0	34	17	17	0	1	1	0	1	1	2	1	1	2	1	0	0	0	1	3	2	3	0	0	3	1	0	2	0	2	0	0	0	0	0	4
chr9	66753481	66753621	141	8	0	141	90	51	10	4	6	8	6	3	4	6	7	0	5	5	6	5	6	7	6	1	1	4	4	0	0	4	4	5	0	5	6	2	1	8
chr9	66753622	66753639	18	9	0	18	13	5	2	0	1	2	1	0	0	0	2	0	1	1	0	0	2	0	0	0	0	0	0	0	0	0	0	0	0	0	0	0	0	4
chr9	66753640	66753740	101	8	0	101	68	33	4	3	3	11	5	2	3	3	4	2	3	2	8	4	1	9	3	3	1	3	4	1	0	2	1	2	0	1	5	1	1	4
chr9	66753741	66753773	33	8	0	33	24	9	7	2	1	1	1	1	1	1	2	0	0	1	1	1	1	1	1	2	0	1	2	0	0	0	0	0	0	0	1	0	0	2
chr9	66753774	66753817	44	8	0	44	29	15	1	0	0	4	2	4	3	0	2	1	3	1	2	3	0	1	4	0	0	4	0	0	0	0	0	0	0	0	5	0	0	2
chr9	66753818	66753856	39	9	0	39	17	22	0	0	1	2	1	1	3	0	1	2	0	1	1	1	1	1	0	2	0	1	3	4	0	3	1	3	0	0	2	1	0	1
chr9	66753857	66753954	98	8	0	98	55	43	6	3	3	6	3	2	6	2	6	3	2	3	3	0	2	5	0	3	1	4	8	3	1	3	0	2	0	2	4	7	0	3
chr9	66753955	66753999	45	9	0	45	28	17	3	2	5	2	2	0	1	0	4	1	1	1	3	1	1	1	2	0	0	2	0	0	1	2	0	2	0	0	1	1	0	4
chr9	66754000	66754039	40	8	0	40	16	24	1	0	2	1	2	3	1	0	0	0	3	1	1	1	0	0	1	1	1	1	3	2	1	0	1	2	1	4	1	2	1	0
chr9	66754040	66754076	37	8	0	37	14	23	0	0	0	0	0	1	3	1	0	1	4	3	0	0	0	0	0	1	1	0	1	0	1	4	1	2	1	1	3	3	1	2
chr9	66754077	66754138	62	8	0	62	44	18	25	2	0	0	0	2	2	2	1	0	1	2	2	1	3	0	2	1	0	2	3	2	0	1	0	1	0	1	1	1	0	2
chr9	66754139	66754152	14	9	0	14	3	11	0	0	0	0	0	1	1	0	0	0	0	0	0	0	0	0	0	0	1	0	2	0	0	1	1	4	1	0	0	0	0	0
chr9	66754162	66754259	98	9	0	98	39	59	0	2	1	1	1	4	8	2	3	1	8	1	0	3	3	0	2	1	1	6	6	2	1	6	3	7	4	6	5	6	0	2
chr9	66754260	66754318	59	8	0	59	36	23	10	6	1	1	8	0	1	1	1	1	2	2	0	0	0	0	4	3	0	0	5	1	0	0	1	1	1	1	1	1	1	3
chr9	66754319	66754343	25	8	0	25	18	7	4	3	2	1	1	0	0	1	0	0	0	0	5	0	1	0	1	0	0	2	0	0	0	1	0	1	0	0	0	0	0	0
chr9	66754362	66754748	387	8	0	387	262	125	38	12	16	29	13	4	8	20	22	2	13	11	22	14	18	20	9	8	0	14	10	7	0	7	5	4	0	11	21	5	0	22
chr9	66754749	66754791	43	8	0	43	24	19	1	1	0	1	1	1	3	1	1	1	5	2	1	2	1	0	1	1	0	3	0	2	0	2	0	0	0	0	5	1	0	4
chr9	66754792	66754905	114	8	0	114	64	50	4	4	6	3	1	2	5	5	6	1	10	2	7	2	1	4	0	2	0	7	3	5	0	5	4	2	1	1	6	4	1	8
chr9	66754906	66754925	20	9	0	20	10	10	0	2	1	0	2	0	2	0	1	0	0	2	0	0	0	0	0	1	0	1	2	0	0	0	0	0	0	2	2	0	0	0
chr9	66754926	66755093	168	8	0	168	93	75	8	5	12	4	9	5	7	8	4	4	3	3	7	3	5	5	8	4	0	5	6	6	0	7	9	6	0	9	6	3	0	5
chr9	66755094	66755164	71	9	0	71	50	21	13	4	3	4	5	0	0	7	3	1	1	2	2	2	1	1	4	1	0	2	3	0	0	0	0	0	0	3	5	2	0	0
chr9	66755171	66755222	52	9	0	52	32	20	3	0	1	6	3	2	1	3	1	2	0	0	3	1	3	3	3	1	0	1	1	2	0	2	3	2	0	0	2	0	0	1
chr9	66755223	66755240	18	10	0	18	8	10	0	1	0	0	0	2	0	0	0	0	1	0	1	1	2	0	0	1	0	2	1	0	0	1	1	1	0	0	0	1	0	0
chr9	66755241	66755311	71	9	0	71	41	30	5	2	5	3	3	1	3	0	5	1	3	0	2	2	1	3	3	0	0	3	2	4	0	3	0	4	0	2	2	1	0	6
chr9	66755312	66755394	83	10	0	83	52	31	8	1	3	8	5	1	3	2	3	2	3	2	4	1	2	3	2	0	0	3	3	0	1	1	3	3	1	3	2	2	2	4
chr9	66755395	66755455	61	9	0	61	35	26	4	2	1	4	3	2	1	2	4	1	4	3	0	0	3	1	2	1	0	2	0	0	0	3	2	1	1	0	3	1	5	3
chr9	66755456	66755468	13	10	0	13	7	6	0	0	0	1	1	0	0	0	0	0	1	0	0	1	2	1	0	1	0	0	1	0	0	1	0	0	0	0	0	0	0	1
chr9	66755469	66755502	34	9	0	34	25	9	3	1	3	3	1	1	0	1	1	0	1	1	5	0	0	3	1	1	0	1	0	1	0	1	0	0	0	0	1	0	0	2
chr9	66755503	66755665	163	9	0	163	102	61	14	3	9	7	5	3	8	5	8	2	8	6	6	3	4	10	4	2	1	4	3	1	0	5	6	2	0	8	8	3	1	12
chr9	66755666	66755701	36	9	0	36	24	12	4	1	1	3	3	2	0	1	2	0	0	4	1	0	1	0	1	1	0	1	0	0	1	0	2	0	0	0	3	0	1	1
chr9	66755702	66755770	69	9	0	69	37	32	3	0	6	1	3	2	1	1	1	3	3	2	4	2	2	2	1	1	0	5	2	7	0	3	0	2	0	2	4	2	0	2
chr9	66755771	66755814	44	9	0	44	23	21	2	2	2	1	4	0	1	1	1	2	2	1	0	1	0	3	2	1	1	1	1	1	1	2	2	1	0	0	1	2	1	2
chr9	66755815	66755989	175	9	0	175	105	70	17	6	9	7	11	9	9	5	10	2	1	5	1	6	4	3	9	7	0	7	7	1	0	5	8	1	0	5	9	4	0	5
chr9	66755990	66756054	65	9	0	65	38	27	4	3	4	1	4	0	2	2	2	3	1	0	2	2	2	5	1	2	2	3	2	1	0	1	2	2	1	3	3	0	1	2
chr9	66756055	66756079	25	10	0	25	15	10	4	1	3	0	2	0	1	0	3	0	0	0	0	0	0	0	0	1	0	0	1	0	0	2	1	0	0	1	1	1	0	1
chr9	66756080	66756229	150	9	0	150	96	54	12	7	4	6	5	2	5	5	5	4	5	4	6	6	8	10	4	5	1	9	6	2	0	5	1	0	1	2	6	6	0	6
chr9	66756230	66756245	16	10	0	16	10	6	1	1	1	1	1	0	0	1	1	1	1	0	0	0	0	0	1	0	0	0	0	0	0	1	0	0	0	0	1	1	0	1
chr9	66756246	66756303	58	9	0	58	32	26	1	1	0	2	1	1	4	2	1	3	5	1	1	1	1	7	2	1	1	1	1	1	0	3	3	0	0	1	1	3	1	5
chr9	66756304	66756322	19	10	0	19	12	7	3	0	0	0	0	1	2	0	1	1	2	0	0	0	0	0	2	0	0	1	0	0	0	0	0	0	0	0	1	0	0	3
chr9	66756323	66756462	140	9	0	140	65	75	4	3	3	4	4	9	8	4	1	0	7	6	4	3	3	0	5	7	0	3	8	7	4	5	9	4	0	9	4	6	0	4
chr9	66756463	66756492	30	10	0	30	24	6	15	0	1	1	0	0	0	0	1	0	0	0	1	2	2	1	0	0	1	1	0	0	0	0	0	0	0	1	0	0	0	1
chr9	66756493	66756536	44	9	0	44	20	24	1	3	1	0	1	2	4	0	2	1	1	1	1	0	0	1	2	3	1	1	2	1	1	3	1	2	0	1	2	2	0	1
chr9	66756537	66756986	450	9	0	450	257	193	43	12	14	20	18	16	19	12	9	4	18	8	20	14	16	12	12	16	1	18	22	17	0	20	18	15	1	14	13	11	0	15
chr9	66756987	66757048	62	9	0	62	28	34	0	1	0	1	0	0	6	5	1	1	4	3	1	3	1	1	1	1	0	3	1	2	0	6	5	3	0	1	4	3	1	1
chr9	66757049	66757114	66	9	0	66	30	36	0	3	2	2	4	4	6	1	3	1	2	1	0	0	0	0	2	3	0	3	2	1	2	2	7	2	1	2	4	1	1	2
chr9	66757115	66757125	11	9	0	11	6	5	0	0	1	0	0	0	1	0	0	1	1	0	1	1	0	0	0	0	0	1	0	0	0	0	0	0	0	0	0	0	0	2
chr9	66757126	66758117	992	9	0	992	621	371	92	29	48	67	42	18	34	27	48	19	29	28	54	25	28	31	35	27	4	25	30	22	3	44	15	18	3	20	41	32	2	50
chr9	66758119	66758463	345	9	0	345	204	141	27	14	13	21	21	5	14	10	17	4	13	9	10	8	10	8	11	5	1	13	11	12	2	9	12	9	0	11	16	9	1	17
chr9	66758464	66758512	49	9	0	49	32	17	11	1	3	2	0	0	1	1	4	0	3	1	1	1	0	2	0	1	0	0	2	1	0	4	0	0	0	0	0	5	0	3
chr9	66758513	66758694	182	9	0	182	99	83	10	7	5	10	13	5	9	7	6	4	6	3	3	2	2	6	6	5	0	7	11	7	0	7	10	8	0	2	7	6	0	6
chr9	66758702	66758719	18	9	0	18	18	0	16	0	0	0	0	0	0	0	0	0	0	0	0	0	0	0	0	0	0	0	0	0	0	0	0	0	0	0	0	0	0	0
chr9	66758720	66758971	252	9	0	252	153	99	22	10	14	8	11	7	14	9	14	6	9	8	8	2	3	7	13	4	0	8	9	1	0	7	9	2	0	9	10	10	0	16
chr9	66758972	66759071	100	9	0	100	57	43	5	5	5	5	11	1	3	1	3	1	4	3	1	4	2	3	3	4	0	3	6	3	0	1	2	2	0	6	5	2	0	4
chr9	66759072	66759149	78	9	0	78	40	38	0	2	5	0	5	5	5	1	2	4	5	1	0	0	1	2	9	0	0	2	1	0	0	5	2	5	0	1	4	1	0	8
chr9	66759150	66759178	29	9	0	29	15	14	1	0	2	0	2	2	1	1	0	2	0	2	0	0	0	1	1	1	0	2	2	1	0	1	1	0	0	0	2	2	0	0
chr9	66759179	66759454	276	9	0	276	140	136	14	7	5	8	6	11	20	10	9	6	16	4	5	7	8	4	12	12	0	6	14	5	0	18	9	12	0	11	12	8	2	13
chr9	66759455	66759470	16	9	0	16	8	8	0	0	0	1	1	1	1	1	0	0	1	0	0	0	0	0	0	0	0	1	1	1	0	0	2	1	0	1	1	0	0	0
chr9	66759471	66759526	56	9	0	56	28	28	5	0	1	2	2	2	6	0	1	3	2	2	0	0	0	0	1	0	1	3	2	2	0	1	5	2	1	2	2	1	2	3
chr9	66759527	66759537	11	9	0	11	11	0	4	0	0	2	0	0	0	0	0	0	0	0	3	0	0	0	0	0	0	0	0	0	0	0	0	0	0	0	0	0	0	0
chr9	66759547	66760127	581	9	0	581	336	245	45	18	28	26	28	10	27	15	25	10	22	7	20	15	23	16	16	12	3	22	22	13	1	21	24	20	2	24	17	12	2	33
chr9	66760129	66760422	294	9	0	294	168	126	23	5	15	13	11	7	16	13	10	16	8	9	10	3	2	5	11	6	4	10	13	4	1	12	5	10	1	6	18	10	2	13
chr9	66760423	66760519	97	9	0	97	63	34	15	3	2	5	2	4	5	0	4	0	6	3	4	2	2	4	3	3	0	3	3	1	0	2	2	0	0	4	3	2	0	8
chr9	66760520	66760632	113	9	0	113	65	48	1	1	6	5	6	5	5	4	3	4	1	10	3	2	6	1	7	1	0	4	4	3	0	3	2	2	0	4	7	4	0	7
chr9	66760634	66760796	163	9	0	163	113	50	23	8	9	7	8	4	2	2	6	0	7	0	9	5	6	15	6	1	0	10	3	2	0	5	4	3	0	3	3	4	0	6
chr9	66760797	66760853	57	9	0	57	45	12	13	2	2	5	1	1	2	1	2	2	0	0	6	0	3	4	2	0	0	3	0	0	0	0	0	0	0	2	3	0	0	1
chr9	66760854	66760939	86	9	0	86	66	20	11	3	3	11	3	1	1	4	4	1	1	1	10	5	3	2	4	3	0	3	3	0	0	0	0	0	0	0	2	0	0	5
chr9	66760940	66760966	27	9	0	27	20	7	5	0	1	3	0	1	2	0	1	0	0	1	3	1	0	2	1	0	0	1	1	0	0	0	0	0	0	0	0	0	0	2
chr9	66760967	66761124	158	9	0	158	122	36	23	2	7	20	6	0	1	2	6	2	3	6	17	4	8	14	2	0	1	5	0	2	1	2	2	0	0	4	5	3	0	8
chr9	66761125	66761157	33	9	0	33	21	12	1	1	0	4	2	1	0	1	1	0	2	3	1	0	1	2	1	0	1	0	2	1	0	0	0	0	0	0	1	2	0	3
chr9	66761158	66761267	110	9	0	110	83	27	14	2	5	8	2	0	4	3	7	1	2	5	7	4	4	13	3	2	0	2	2	0	0	1	1	0	0	1	3	1	0	11
chr9	66761268	66761291	24	9	0	24	14	10	2	1	0	1	2	0	1	0	1	0	2	0	0	1	0	1	1	0	0	1	1	1	0	1	2	0	0	0	0	2	0	1
chr9	66761292	66761594	303	9	0	303	182	121	34	4	7	23	12	10	11	5	8	5	14	10	14	6	7	11	9	6	3	7	12	4	3	9	6	9	5	10	11	8	5	13
chr9	66761595	66761740	146	9	0	146	64	82	4	0	1	4	2	6	8	5	2	3	13	3	1	3	5	2	2	4	0	6	6	3	4	8	7	9	5	7	7	5	3	6
chr9	66761741	66761947	207	9	0	207	146	61	24	7	12	13	10	2	3	8	7	6	7	7	14	5	5	14	8	1	2	9	1	0	1	4	4	2	0	2	10	3	1	13
chr9	66761948	66761977	30	9	0	30	21	9	6	2	2	1	1	1	0	0	2	0	1	0	3	0	0	1	0	0	2	1	0	0	0	1	0	0	0	1	2	1	0	0
chr9	66761978	66762055	78	9	0	78	49	29	3	0	6	5	1	1	3	3	3	0	1	2	7	5	3	5	4	0	0	1	1	1	0	5	1	4	0	5	2	2	0	2
chr9	66762056	66762094	39	9	0	39	24	15	1	1	2	2	1	1	2	2	2	1	2	2	1	1	0	2	3	0	0	1	1	0	0	1	0	1	0	1	2	1	0	3
chr9	66762095	66762285	191	9	0	191	115	76	11	10	7	8	5	7	12	8	13	6	6	4	7	1	3	6	12	2	0	9	5	4	0	6	5	2	0	1	10	7	0	12
chr9	66762286	66762296	11	9	0	11	8	3	1	0	0	1	0	1	0	1	0	1	0	0	0	0	0	2	1	0	0	0	0	0	0	0	0	0	0	0	1	0	0	0
chr9	66762297	66762383	87	9	0	87	57	30	7	7	4	2	4	2	1	6	4	3	0	1	5	2	4	5	5	1	1	6	4	0	0	1	1	1	0	0	2	3	1	2
chr9	66762384	66762460	77	9	0	77	47	30	6	3	5	3	5	3	1	0	2	1	3	1	4	5	3	2	4	2	1	5	0	1	1	4	2	0	0	2	3	3	0	0
chr9	66762461	66762608	148	9	0	148	98	50	7	9	7	9	10	5	4	7	7	5	2	3	7	3	3	9	8	3	2	8	3	0	0	2	5	1	0	0	10	1	0	6
chr9	66762609	66762692	84	9	0	84	49	35	9	3	4	4	7	1	3	1	4	2	1	1	1	2	3	2	3	2	0	3	7	2	0	3	0	3	0	3	2	4	0	2
chr9	66762693	66762991	299	9	0	299	181	118	28	9	17	11	12	3	14	8	13	5	8	5	12	11	11	12	10	4	0	14	9	10	0	12	8	8	0	12	10	9	0	12
chr9	66762992	66763041	50	9	0	50	35	15	5	1	2	3	3	1	1	4	2	1	1	5	2	1	0	1	3	1	0	0	1	0	0	1	0	0	0	0	5	1	0	3
chr9	66763042	66763117	76	9	0	76	48	28	7	1	4	6	3	3	2	2	5	2	3	2	2	1	2	1	3	2	0	2	3	2	0	2	1	1	0	0	3	2	0	7
chr9	66763118	66763161	44	9	0	44	33	11	9	4	1	3	3	0	1	1	1	0	0	1	4	2	1	1	5	0	0	1	0	1	0	1	0	0	0	0	0	1	0	1
chr9	66763162	66763225	64	9	0	64	41	23	6	0	2	5	4	0	2	2	2	3	1	4	1	1	3	3	3	1	0	0	3	1	0	1	2	0	0	2	1	3	0	6
chr9	66763226	66763310	85	9	0	85	56	29	11	4	4	5	6	1	4	2	3	2	2	3	4	2	2	0	5	0	0	3	1	1	0	0	4	0	0	4	4	1	0	5
chr9	66763311	66763324	14	9	0	14	9	5	2	0	1	1	2	0	0	1	0	0	0	0	0	0	0	0	0	0	0	0	1	0	0	0	2	1	0	1	0	0	0	0
chr9	66763326	66763489	164	9	0	164	108	56	18	5	4	10	5	2	4	11	7	4	2	4	8	3	6	13	5	6	0	3	9	4	0	4	3	3	0	2	6	4	0	7
chr9	66763490	66763544	55	9	0	55	35	20	7	2	2	5	4	1	1	2	2	1	0	1	3	0	1	2	3	2	0	0	2	3	0	3	1	0	0	1	1	3	0	0
chr9	66763545	66763710	166	9	0	166	99	67	8	9	8	1	6	5	9	5	6	5	1	4	6	8	8	8	11	7	1	8	8	2	0	4	2	3	0	5	4	2	1	9
chr9	66763714	66763738	25	9	0	25	13	12	1	1	0	2	3	1	1	0	0	0	0	1	0	0	1	1	2	0	0	0	2	1	0	1	0	2	0	1	1	1	0	0
chr9	66763740	66763857	118	9	0	118	95	23	27	5	1	13	4	2	2	4	7	1	0	3	9	1	5	9	5	1	0	3	2	1	0	0	0	0	0	0	5	1	0	5
chr9	66763858	66763955	98	9	0	98	67	31	20	3	2	6	5	1	1	11	5	1	2	4	1	1	1	3	5	1	0	0	4	1	0	0	2	3	0	1	7	1	0	4
chr9	66763956	66764044	89	9	0	89	55	34	6	1	3	8	4	2	3	2	7	1	4	1	2	3	4	3	4	2	0	1	2	2	0	4	1	1	0	4	4	3	0	5
chr9	66764045	66764273	229	9	0	229	137	92	16	8	11	11	13	4	10	9	10	4	5	10	7	4	7	8	12	1	2	4	7	3	0	6	8	6	1	11	9	6	3	11
chr9	66764274	66764347	74	9	0	74	58	16	21	3	2	5	3	1	1	2	2	0	1	2	4	3	0	7	1	3	2	1	3	0	0	0	0	0	0	0	2	0	0	3
chr9	66764348	66764487	140	9	0	140	53	87	0	1	4	1	2	4	10	6	3	3	10	1	1	4	3	0	3	3	0	6	12	5	2	8	4	12	6	8	2	7	2	5
chr9	66764488	66764570	83	9	0	83	45	38	8	1	0	5	2	2	3	1	1	2	4	4	3	3	4	2	1	4	2	1	3	2	3	4	0	3	0	3	4	2	1	3
chr9	66764571	66764693	123	9	0	123	66	57	10	1	2	6	1	6	6	3	3	0	3	3	5	4	3	10	2	2	2	5	7	2	2	6	4	9	2	3	3	4	2	0
chr9	66764694	66764776	83	9	0	83	58	25	5	3	3	7	4	0	2	4	3	3	3	0	6	4	3	7	4	0	0	6	1	1	0	1	1	1	0	0	4	1	0	4
chr9	66764777	66764945	169	9	0	169	95	74	4	3	6	8	9	7	12	6	4	4	6	7	4	4	3	7	7	4	0	7	7	3	0	3	7	3	0	10	12	3	0	7
chr9	66764946	66765136	191	9	0	191	123	68	16	7	10	4	3	6	7	8	8	6	6	9	10	6	7	9	7	2	1	15	2	4	0	3	2	0	1	1	14	4	0	11
chr9	66765138	66765190	53	9	0	53	31	22	4	4	1	1	1	4	4	3	3	2	0	1	2	0	0	0	3	4	0	3	5	0	0	0	0	0	0	0	3	1	0	2
chr9	66765191	66765324	134	9	0	134	91	43	11	4	3	10	3	3	1	7	5	2	2	3	8	3	9	16	5	2	1	4	3	2	1	4	3	2	1	2	3	4	0	5
chr9	66765325	66765376	52	9	0	52	32	20	0	2	2	1	2	2	3	0	1	2	2	3	3	2	3	2	2	1	0	5	0	0	0	2	0	1	0	1	6	0	0	2
chr9	66765381	66765525	145	9	0	145	100	45	7	7	7	13	6	5	1	4	3	0	3	2	19	3	7	11	8	2	1	4	3	1	1	3	4	4	0	6	2	1	0	5
chr9	66765526	66765556	31	9	0	31	24	7	2	1	1	1	1	1	0	3	1	0	0	0	1	2	0	9	4	0	0	0	0	0	0	1	0	0	0	0	0	1	0	0
chr9	66765557	66765932	376	9	0	376	196	180	9	13	17	11	19	10	27	12	13	11	12	14	9	8	4	7	16	10	1	14	20	10	0	17	15	9	3	13	17	17	0	16
chr9	66765933	66766071	139	9	0	139	75	64	3	2	3	8	5	4	7	7	4	3	6	10	3	0	2	7	2	4	2	1	4	5	1	7	6	3	0	5	10	5	3	5
chr9	66766072	66766604	533	9	0	533	336	197	58	18	30	29	25	11	22	25	22	7	8	10	30	16	8	16	26	6	2	18	16	5	0	18	20	17	2	19	21	10	2	14
chr9	66766605	66766616	12	9	0	12	6	6	0	0	0	1	0	0	1	0	0	0	0	1	1	1	0	0	0	0	0	0	1	1	0	0	0	0	0	2	0	1	0	0
chr9	66766617	66766690	74	9	0	74	32	42	3	3	2	0	4	4	4	3	1	2	3	3	0	0	0	0	1	4	2	2	7	3	0	4	2	5	0	1	5	3	0	1
chr9	66766691	66766794	104	9	0	104	48	56	6	1	1	5	2	5	4	0	2	1	6	2	3	4	4	1	4	5	0	2	3	4	7	5	2	5	2	5	2	5	1	3
chr9	66766795	66766869	75	9	0	75	39	36	7	1	5	0	5	5	3	0	2	1	7	2	0	0	0	0	1	1	0	5	2	1	1	1	5	2	0	5	5	1	1	4
chr9	66766870	66766936	67	9	0	67	48	19	12	3	2	5	5	1	1	3	2	0	1	1	2	4	1	3	5	1	0	3	3	1	0	0	0	1	0	1	2	1	0	1
chr9	66766937	66767025	89	9	0	89	61	28	9	6	4	2	2	1	2	8	4	1	0	5	6	0	4	5	5	1	0	2	2	1	0	2	1	1	0	2	5	2	0	4
chr9	66767033	66767086	54	9	0	54	35	19	11	2	1	3	0	1	4	0	2	1	1	3	3	0	1	0	1	1	0	2	2	2	0	2	1	0	0	1	2	3	0	2
chr9	66767087	66767216	130	9	0	130	51	79	3	2	3	1	3	5	9	2	3	2	11	3	0	2	2	0	2	2	1	6	7	4	4	6	5	8	6	7	5	7	2	5
chr9	66767217	66767453	237	9	0	237	132	105	24	9	5	10	4	10	8	9	6	3	8	8	14	4	6	3	8	11	1	6	12	10	5	8	3	7	1	7	8	6	5	6
chr9	66767454	66767480	27	9	0	27	22	5	2	0	1	5	0	0	0	1	1	0	0	0	5	1	0	4	0	0	1	0	1	0	0	0	0	0	1	1	0	1	0	0
chr9	66767481	66767594	114	9	0	114	87	27	12	3	5	15	6	1	0	1	4	0	2	5	13	2	4	12	1	3	0	2	2	1	0	5	1	1	0	0	4	3	0	4
chr9	66767595	66767640	46	9	0	46	29	17	5	1	2	1	1	2	1	1	1	1	2	4	2	1	1	2	3	0	0	1	1	2	0	1	0	0	0	0	2	2	0	4
chr9	66767642	66767672	31	9	0	31	20	11	6	1	3	1	1	0	0	0	1	0	2	0	2	1	0	1	0	1	0	1	0	1	0	2	0	1	0	1	1	1	0	1
chr9	66767674	66767774	101	9	0	101	45	56	2	2	2	3	4	3	8	1	2	4	3	3	1	3	2	0	2	7	1	2	7	3	2	6	2	5	2	5	6	3	1	2
chr9	66767776	66767824	49	9	0	49	27	22	5	1	0	3	1	3	1	0	1	1	1	0	2	2	3	3	1	3	2	1	2	2	1	1	0	2	1	1	1	0	0	2
chr9	66767826	66767918	93	9	0	93	39	54	0	2	1	5	6	3	9	1	2	0	6	2	0	1	1	0	2	2	0	2	2	3	2	7	8	6	2	6	5	3	0	2
chr9	66767919	66767955	37	9	0	37	18	19	2	1	1	3	2	0	2	1	3	0	2	0	0	0	0	0	1	0	0	0	2	1	0	1	2	2	1	3	1	2	1	1
chr9	66767962	66768001	40	9	0	40	32	8	5	1	0	8	2	1	1	1	1	0	1	2	5	2	0	1	2	0	0	2	0	0	0	0	0	0	0	0	3	0	0	0
chr9	66768003	66768074	72	9	0	72	48	24	13	4	6	2	3	0	3	0	6	0	2	0	3	2	1	2	4	0	0	2	0	1	0	2	1	1	0	4	1	2	0	5
chr9	66768075	66768093	19	9	0	19	14	5	2	2	0	1	1	1	0	1	0	0	0	1	2	1	0	0	2	0	2	0	0	0	0	0	0	0	0	0	1	0	0	0
chr9	66768094	66768195	102	9	0	102	60	42	5	1	5	5	3	5	3	6	3	3	1	4	4	2	3	5	5	6	0	1	5	1	0	7	3	2	0	1	4	4	0	3
chr9	66768196	66768358	163	9	0	163	83	80	10	4	3	3	5	10	10	1	4	2	9	8	1	1	5	5	4	8	1	5	8	4	1	10	4	5	1	6	10	6	1	6
chr9	66768359	66768386	28	9	0	28	13	15	0	2	2	0	3	0	2	0	1	1	1	0	0	0	0	0	1	1	0	1	3	0	0	1	0	2	0	2	1	1	0	1
chr9	66768387	66768517	131	8	0	131	58	73	8	3	1	4	3	5	8	1	2	2	8	0	3	4	4	1	2	4	3	5	6	5	4	8	6	9	3	5	4	5	0	3
chr9	66768518	66768558	41	9	0	41	19	22	0	0	2	1	0	2	4	1	2	1	2	2	1	1	0	0	1	0	0	3	2	1	0	1	3	2	0	1	1	1	1	3
chr9	66768559	66768575	17	8	0	17	17	0	15	0	0	0	0	0	0	0	0	0	0	0	0	0	0	0	0	0	0	0	0	0	0	0	0	0	0	0	0	0	0	0
chr9	66768576	66768790	215	8	0	215	135	80	12	5	8	14	8	5	6	17	5	4	8	12	13	3	7	7	7	3	0	7	9	3	0	3	11	2	0	5	9	7	0	13
chr9	66768791	66768958	168	9	0	168	101	67	8	1	5	14	6	8	8	6	9	3	5	4	5	7	4	8	7	6	1	5	7	3	0	3	3	1	0	8	10	4	1	6
chr9	66768962	66768971	10	9	0	10	9	1	5	1	0	0	0	0	0	0	0	0	0	0	2	0	0	0	0	0	0	0	0	0	0	0	0	0	0	0	0	0	0	0
chr9	66768972	66769234	263	8	0	263	175	88	27	10	12	18	11	7	5	11	13	3	12	6	16	6	6	11	13	5	0	8	8	4	0	7	2	1	0	5	11	8	0	15
chr9	66769235	66769266	32	9	0	32	23	9	2	1	1	3	1	0	1	2	0	0	2	1	4	0	1	3	1	0	0	0	0	0	0	0	2	0	0	2	1	0	0	2
chr9	66769267	66769373	107	8	0	107	81	26	21	4	3	10	6	3	0	4	4	0	0	5	7	1	6	6	4	1	0	3	4	0	0	0	1	0	0	3	4	3	0	2
chr9	66769374	66769417	44	9	0	44	29	15	4	1	4	3	1	1	1	0	4	0	2	1	2	1	1	2	0	0	0	2	1	0	0	2	1	1	0	0	1	2	0	4
chr9	66769418	66769445	28	8	0	28	12	16	0	1	0	1	1	1	1	0	1	1	1	0	0	1	0	1	0	2	0	2	1	5	1	1	0	0	0	0	2	1	1	0
chr9	66769446	66769481	36	8	0	36	22	14	2	0	1	3	1	1	2	2	1	1	2	2	2	1	0	1	0	0	0	3	0	0	0	1	2	0	0	0	4	2	0	0
chr9	66769482	66769525	44	9	0	44	29	15	4	0	6	2	1	0	0	2	2	2	0	0	4	2	2	0	1	1	0	3	0	2	0	2	1	0	0	1	1	1	0	2
chr9	66769526	66769774	249	8	0	249	163	86	28	12	18	15	12	5	8	5	20	2	5	3	13	6	4	7	10	3	0	12	5	4	0	8	4	4	1	3	11	7	1	11
chr9	66769775	66769786	12	8	0	12	7	5	0	0	1	0	0	0	0	0	1	0	0	0	1	1	2	0	0	1	0	0	0	1	0	1	0	0	0	0	0	0	0	1
chr9	66769787	66769803	17	10	0	17	8	9	2	1	0	0	0	2	1	0	1	0	0	0	0	0	0	0	2	1	1	0	1	2	0	0	0	0	0	0	0	0	0	1
chr9	66769805	66769895	91	8	0	91	56	35	5	4	4	6	4	0	4	2	3	1	1	1	8	3	4	5	2	2	0	3	3	4	0	4	3	2	0	5	2	3	0	1
chr9	66769896	66769931	36	9	0	36	20	16	3	3	0	0	1	3	1	0	1	1	1	1	1	0	2	1	4	2	1	0	1	1	0	2	0	0	0	0	1	1	0	2
chr9	66769932	66769942	11	10	0	11	6	5	1	0	1	0	0	0	0	0	0	0	2	0	1	1	0	0	0	0	1	0	0	0	0	0	0	0	0	0	0	0	0	2
chr9	66769943	66770100	158	8	0	158	114	44	13	3	8	14	4	1	4	4	5	2	8	4	16	5	5	16	4	1	0	6	1	1	0	4	1	2	0	5	7	2	0	10
chr9	66770101	66770173	73	8	0	73	54	19	7	6	0	5	3	2	0	6	1	0	1	1	8	1	3	8	7	0	0	2	1	1	0	1	2	1	0	1	2	1	0	0
chr9	66770174	66770207	34	8	0	34	23	11	4	2	1	3	3	1	1	1	1	0	1	1	2	1	0	1	3	0	0	1	0	1	0	1	0	0	0	0	2	1	0	0
chr9	66770208	66770289	82	8	0	82	51	31	9	1	2	4	4	2	4	3	2	1	2	5	2	4	4	0	2	2	0	4	4	0	0	1	4	1	0	3	4	2	0	4
chr9	66770290	66770322	33	9	0	33	22	11	2	1	2	1	0	0	0	3	2	0	2	2	2	2	0	2	2	0	0	1	1	0	0	0	0	0	0	0	0	2	0	4
chr9	66770323	66770440	118	8	0	118	69	49	8	5	4	9	7	3	7	7	9	2	0	2	2	1	0	1	7	3	1	0	7	2	0	2	5	3	0	6	6	3	1	3
chr9	66770441	66770503	63	9	0	63	46	17	14	1	4	4	2	0	0	2	3	2	3	1	4	1	0	3	0	2	1	1	2	0	0	2	0	0	0	0	2	2	1	4
chr9	66770509	66770558	50	8	0	50	34	16	6	2	2	4	4	2	0	2	3	0	1	1	1	1	1	3	3	1	0	1	2	0	0	0	1	1	0	2	3	0	0	1
chr9	66770559	66770650	92	9	0	92	66	26	12	2	3	7	3	2	1	6	5	2	3	0	3	2	4	9	6	1	0	1	0	0	0	2	3	0	0	3	4	1	0	5
chr9	66770651	66770718	68	8	0	68	37	31	1	1	2	2	1	3	4	9	2	2	1	4	2	1	1	0	5	2	0	0	4	1	0	0	5	0	0	4	3	2	0	4
chr9	66770719	66770815	97	9	0	97	65	32	11	3	3	5	2	2	2	4	1	2	6	1	9	2	1	10	5	1	0	3	1	3	0	5	2	2	0	0	2	3	0	4
chr9	66770816	66771040	225	8	0	225	165	60	22	5	7	26	6	3	2	11	9	5	3	4	24	6	8	22	6	7	0	6	8	2	2	4	1	0	0	3	7	7	0	7
chr9	66771041	66771116	76	9	0	76	52	24	5	0	5	6	3	0	1	5	4	1	4	2	4	4	1	7	2	0	0	3	2	0	0	1	0	0	0	3	4	3	0	4
chr9	66771117	66771189	73	8	0	73	52	21	8	2	1	7	1	1	3	3	2	3	1	0	6	1	3	8	1	3	0	3	3	0	0	2	1	0	0	1	3	2	0	2
chr9	66771190	66771199	10	8	0	10	5	5	0	0	0	0	0	0	0	3	0	0	1	0	0	0	0	0	0	0	0	0	0	0	0	0	3	0	0	1	0	0	0	0
chr9	66771200	66771255	56	8	0	56	38	18	5	0	5	5	4	0	1	1	4	1	2	1	2	2	0	4	2	0	0	1	1	0	0	2	1	1	0	2	2	2	0	3
chr9	66771256	66771422	167	9	0	167	110	57	19	4	12	9	7	1	5	5	11	4	8	4	7	2	2	9	3	4	0	4	4	2	0	5	4	2	0	1	7	3	0	17
chr9	66771423	66771800	378	8	0	378	210	168	21	13	16	11	12	23	20	23	19	7	11	9	9	2	7	6	23	11	0	10	14	8	0	11	20	9	2	13	21	5	0	20
chr9	66771812	66771886	75	8	0	75	43	32	5	1	5	4	3	1	3	2	0	1	1	1	7	0	2	5	1	1	0	2	3	4	0	4	5	4	0	5	1	2	0	0
chr9	66771887	66771940	54	10	0	54	33	21	4	1	2	3	1	3	2	2	3	4	1	0	2	0	4	0	4	1	0	3	1	0	0	2	0	0	0	1	3	2	0	3
chr9	66771941	66772024	84	9	0	84	40	44	6	1	2	2	2	1	8	3	2	2	5	2	1	1	1	1	1	2	1	1	7	2	0	3	3	4	0	7	1	4	1	5
chr9	66772025	66772099	75	8	0	75	43	32	5	5	3	1	2	2	5	2	4	1	1	1	2	3	1	4	3	4	0	4	1	5	0	3	3	0	0	1	4	1	0	2
chr9	66772100	66772135	36	9	0	36	24	12	5	2	3	1	1	0	0	3	1	0	0	1	4	0	1	1	1	0	0	1	1	0	0	1	3	1	0	2	0	1	0	0
chr9	66772136	66772500	365	8	0	365	207	158	28	9	19	21	19	6	13	6	12	5	9	7	18	12	8	14	11	11	3	8	14	16	7	14	12	14	3	11	7	10	1	15
chr9	66772501	66772545	45	9	0	45	22	23	3	2	1	1	0	3	1	2	3	1	2	1	0	0	0	0	4	1	0	1	1	2	3	0	1	1	1	1	1	2	2	2
chr9	66772546	66772556	11	10	0	11	6	5	2	0	0	0	0	0	1	0	1	0	1	0	0	0	0	0	0	0	0	0	0	0	0	1	0	0	0	1	1	1	0	0
chr9	66772563	66772618	56	8	0	56	24	32	0	0	1	3	1	1	3	3	1	3	3	0	2	0	0	2	1	0	1	2	1	4	0	5	3	3	3	1	3	4	0	0
chr9	66772620	66772638	19	8	0	19	8	11	0	1	2	0	1	1	0	0	2	1	0	0	0	0	0	0	1	2	0	0	1	1	0	1	0	0	0	0	0	2	0	1
chr9	66772640	66772840	201	8	0	201	63	138	1	4	5	2	3	6	12	2	7	3	11	4	1	0	1	0	1	8	2	2	4	17	13	17	12	14	15	7	7	13	2	3
chr9	66772841	66772962	122	9	0	122	41	81	3	1	3	1	2	4	10	0	3	2	7	0	0	1	1	1	3	3	1	1	6	16	3	8	5	7	5	11	3	7	1	1
chr9	66772963	66773040	78	8	0	78	35	43	2	4	3	1	2	2	3	1	2	3	1	0	4	2	2	2	2	6	1	2	1	6	4	4	3	3	3	1	2	1	0	3
chr9	66773041	66773059	19	9	0	19	11	8	0	0	0	1	0	1	1	1	1	0	2	1	0	1	0	1	0	0	0	2	0	0	0	1	0	0	0	0	2	1	0	1
chr9	66773062	66773095	34	9	0	34	14	20	2	2	0	0	1	2	2	0	1	1	2	0	0	0	0	0	3	2	0	0	1	2	1	4	0	2	0	0	1	2	1	0
chr9	66773097	66773119	23	9	0	23	8	15	0	1	0	0	0	0	2	0	1	0	2	0	0	0	2	0	0	1	0	0	1	2	0	3	1	3	0	0	0	0	0	2
chr9	66773120	66773172	53	8	0	53	19	34	0	1	0	0	0	4	4	1	1	1	3	2	0	0	1	1	2	3	0	1	5	4	1	1	2	2	1	3	0	4	0	3
chr9	66773173	66773194	22	9	0	22	11	11	0	1	1	0	0	0	2	0	1	0	1	1	1	0	1	1	0	0	0	1	2	1	0	1	0	0	0	2	0	2	0	1
chr9	66773196	66773232	37	9	0	37	18	19	1	3	0	0	2	2	2	2	1	2	2	0	0	0	0	0	2	3	1	1	2	0	1	1	1	0	0	1	3	1	0	1
chr9	66773234	66773333	100	8	0	100	47	53	1	3	5	3	2	2	5	2	4	2	7	1	5	2	1	2	3	2	2	2	4	1	3	6	1	6	1	6	3	7	0	4
chr9	66773334	66773362	29	9	0	29	12	17	0	1	0	0	1	2	1	2	0	1	0	0	0	2	0	2	4	1	0	0	1	2	2	0	1	2	0	1	0	0	1	0
chr9	66773363	66773666	304	8	0	304	150	154	13	5	17	5	9	10	15	8	9	12	12	9	10	2	6	6	9	9	1	10	16	20	1	20	12	6	1	7	6	22	1	13
chr9	66773667	66773686	20	9	0	20	14	6	2	0	2	2	0	0	0	2	3	0	0	0	1	0	0	1	0	0	0	0	1	0	0	1	0	0	0	0	1	1	0	1
chr9	66773687	66774288	602	8	0	602	319	283	25	10	25	19	16	14	35	29	21	19	18	20	18	11	19	18	15	16	3	20	20	16	5	33	32	19	4	21	27	23	6	23
chr9	66774289	66774329	41	9	0	41	21	20	5	1	2	0	1	1	4	0	3	2	1	0	0	0	0	0	1	0	0	3	3	0	1	0	2	2	0	1	0	2	1	3
chr9	66774330	66774416	87	8	0	87	28	59	0	0	2	0	2	5	8	3	0	0	3	3	0	0	2	0	0	2	0	2	7	10	0	7	11	9	0	4	0	3	0	2
chr9	66774417	66774448	32	9	0	32	11	21	0	0	0	0	0	0	3	2	0	1	3	0	0	1	1	0	0	0	0	2	1	4	0	2	3	1	0	2	1	1	1	1
chr9	66774449	66774501	53	8	0	53	25	28	0	1	3	0	4	7	2	1	0	0	3	3	0	0	0	0	3	0	0	4	3	0	0	1	5	3	0	2	4	1	0	1
chr9	66774502	66774597	96	9	0	96	37	59	1	3	5	0	3	3	6	4	5	1	4	2	0	0	0	0	1	2	0	4	5	8	3	5	5	7	1	4	5	5	0	2
chr9	66774598	66774674	77	8	0	77	36	41	4	3	3	0	1	2	5	3	2	2	4	1	3	1	2	0	4	0	0	3	4	6	0	2	2	3	0	6	1	3	2	3
chr9	66774675	66774693	19	9	0	19	8	11	1	1	0	0	1	0	3	0	0	2	0	0	0	0	0	0	1	0	1	0	0	0	0	1	1	1	0	2	2	0	0	0
chr9	66774694	66774867	174	8	0	174	70	104	0	7	3	2	4	8	15	7	3	2	8	1	5	1	2	2	9	3	0	6	11	16	0	12	11	16	0	5	3	5	0	5
chr9	66774868	66774902	35	9	0	35	18	17	4	0	3	1	2	1	1	1	2	1	0	0	0	2	0	0	1	2	0	0	1	2	0	3	1	1	0	1	2	1	0	0
chr9	66774903	66775141	239	8	0	239	121	118	16	6	10	3	5	7	11	9	9	7	12	3	5	5	4	8	5	11	2	7	11	13	3	10	6	5	3	10	10	9	2	10
chr9	66775142	66775157	16	9	0	16	12	4	1	0	3	0	0	1	0	0	1	0	0	0	2	1	0	1	0	0	0	3	0	0	0	0	0	0	0	0	1	0	0	0
chr9	66775158	66775224	67	8	0	67	34	33	2	2	2	1	1	3	4	3	3	2	4	4	1	0	0	1	2	2	0	2	4	2	1	2	2	0	0	2	3	5	1	4
chr9	66775225	66775247	23	9	0	23	14	9	2	0	4	0	2	0	0	0	0	1	0	0	1	1	2	0	1	0	0	1	1	0	0	0	0	0	0	4	0	0	0	1
chr9	66775248	66775378	131	8	0	131	68	63	9	3	5	4	5	3	7	4	2	3	2	4	5	2	7	2	2	1	0	8	5	8	0	7	7	9	0	4	5	3	0	3
chr9	66775384	66775514	131	8	0	131	96	35	28	7	4	10	6	2	2	4	1	1	3	0	13	2	3	8	6	4	0	3	3	3	0	3	4	1	0	3	1	1	0	3
chr9	66775515	66775548	34	9	0	34	25	9	4	0	0	4	0	0	0	2	1	0	2	1	3	0	2	5	0	0	0	0	0	0	0	1	2	0	0	1	1	1	0	2
chr9	66775550	66775596	47	9	0	47	27	20	1	1	2	1	2	0	2	2	1	1	3	4	1	0	2	3	0	1	0	1	1	0	0	3	1	1	0	2	3	2	0	4
chr9	66775598	66775694	97	8	0	97	63	34	9	7	3	4	4	2	2	8	3	1	2	2	7	4	1	4	5	5	1	3	2	2	1	2	3	0	0	1	5	0	0	2
chr9	66775696	66775711	16	9	0	16	11	5	0	1	0	1	1	0	1	0	1	0	1	1	1	0	0	1	0	0	0	1	1	0	0	0	0	0	0	0	1	1	0	1
chr9	66775712	66775731	20	8	0	20	6	14	0	0	1	0	0	0	1	1	0	0	0	1	1	0	1	0	0	0	0	0	2	4	0	1	0	2	0	2	0	1	0	0
chr9	66775733	66775939	207	8	0	207	106	101	7	5	9	6	10	5	8	14	6	7	10	3	4	0	3	9	8	4	1	4	10	9	0	9	8	7	1	12	11	8	2	5
chr9	66775940	66775982	43	9	0	43	19	24	1	1	2	0	2	2	1	1	1	2	2	0	0	2	1	1	3	3	0	1	2	5	0	3	0	0	0	0	1	3	0	1
chr9	66775983	66776080	98	8	0	98	64	34	9	5	7	5	8	1	2	3	6	1	0	3	3	4	4	1	4	1	0	6	5	2	0	0	2	1	0	3	3	3	0	4
chr9	66776081	66776118	38	9	0	38	16	22	0	0	1	1	1	0	3	0	1	2	1	1	0	1	3	0	1	1	0	2	2	3	2	1	1	1	0	2	0	3	0	2
chr9	66776119	66776806	688	8	0	688	447	241	46	25	27	55	38	21	27	24	34	14	6	23	34	18	21	32	37	10	5	26	19	2	0	19	22	9	4	11	32	19	1	25
chr9	66776807	66776909	103	9	0	103	74	29	15	2	7	10	6	0	2	2	6	4	2	1	8	3	2	3	2	1	0	6	1	1	0	2	1	0	0	1	6	3	0	4
chr9	66776910	66777037	128	8	0	128	99	29	27	5	5	11	5	2	1	3	2	2	3	3	14	1	4	9	5	1	0	4	1	1	0	3	2	1	0	1	3	2	0	5
chr9	66777038	66777085	48	9	0	48	37	11	12	2	1	4	0	1	1	3	2	1	1	0	4	1	1	1	2	1	0	2	1	0	0	1	0	0	0	0	2	1	0	1
chr9	66777089	66777155	67	9	0	67	39	28	14	0	0	3	3	2	4	2	1	3	5	1	0	0	0	0	2	2	0	1	3	1	0	1	4	1	1	2	2	1	1	5
chr9	66777156	66777206	51	8	0	51	22	29	0	1	1	2	2	1	5	1	2	1	5	1	0	0	0	0	1	1	0	1	1	1	0	4	4	2	0	3	3	3	0	3
chr9	66777207	66777218	12	9	0	12	5	7	0	1	0	0	0	0	0	0	0	0	1	0	0	1	1	0	0	1	0	1	0	1	1	0	0	0	0	1	0	0	1	0
chr9	66777219	66777296	78	8	0	78	43	35	7	2	0	4	1	3	3	3	1	2	1	2	4	3	4	1	5	2	1	2	3	3	1	2	1	4	3	2	3	0	1	2
chr9	66777297	66777316	20	9	0	20	8	12	0	1	1	0	1	0	2	0	1	1	0	0	0	0	0	0	0	2	0	0	1	2	0	1	0	1	0	1	2	0	0	1
chr9	66777317	66777404	88	8	0	88	41	47	5	2	5	1	5	7	4	0	1	1	3	3	2	1	1	0	4	3	0	4	6	3	1	5	2	5	1	4	4	3	0	0
chr9	66777405	66777416	12	8	0	12	12	0	10	0	0	0	0	0	0	0	0	0	0	0	0	0	0	0	0	0	0	0	0	0	0	0	0	0	0	0	0	0	0	0
chr9	66777417	66777506	90	8	0	90	49	41	7	2	7	1	2	2	6	1	5	2	3	2	2	3	1	2	1	3	0	5	1	4	0	6	4	1	0	3	5	4	0	3
chr9	66777507	66777590	84	9	0	84	48	36	9	1	3	5	4	3	3	3	2	2	3	0	3	1	2	4	3	2	0	2	3	2	0	3	5	2	3	2	2	2	0	3
chr9	66777591	66777696	106	8	0	106	54	52	2	2	3	3	4	1	7	5	1	2	6	3	2	6	5	1	4	3	0	4	5	2	0	7	2	5	0	7	6	4	0	2
chr9	66777704	66777767	64	8	0	64	32	32	0	2	4	0	4	2	2	1	1	3	5	2	1	0	4	1	2	2	0	3	1	1	0	4	1	2	0	3	4	2	0	5
chr9	66777768	66777825	58	9	0	58	30	28	4	3	3	2	4	2	1	0	2	0	2	1	2	1	2	1	3	1	0	2	2	1	1	4	0	4	1	2	2	2	1	0
chr9	66777826	66777982	157	8	0	157	95	62	11	8	7	6	13	6	6	4	2	3	3	3	6	4	3	9	11	2	0	8	8	0	0	5	4	9	0	3	6	2	0	3
chr9	66777992	66778050	59	8	0	59	30	29	4	2	2	1	0	3	5	2	4	2	1	0	1	2	0	1	3	3	1	2	4	0	1	2	0	0	2	2	2	3	0	2
chr9	66778051	66778144	94	9	0	94	55	39	13	4	3	5	4	1	5	0	3	1	5	1	6	1	1	0	3	0	0	4	2	2	2	4	4	4	0	4	2	4	2	2
chr9	66778145	66778155	11	9	0	11	8	3	1	0	0	1	1	0	0	0	1	0	1	0	0	1	0	1	1	0	0	0	0	0	0	0	0	0	0	0	0	0	0	1
chr9	66778156	66778213	58	8	0	58	41	17	5	1	2	7	5	1	0	3	3	1	1	3	3	1	2	1	2	0	0	2	1	0	0	0	2	0	1	1	4	1	1	2
chr9	66778214	66778304	91	9	0	91	71	20	25	3	6	6	4	0	0	2	5	0	1	0	7	4	3	4	2	2	0	3	0	1	0	2	2	0	0	2	2	0	0	3
chr9	66778305	66778327	23	9	0	23	15	8	2	0	1	2	1	1	0	1	0	2	1	0	2	1	0	1	2	0	0	1	0	0	0	0	0	0	0	0	1	1	0	1
chr9	66778329	66778390	62	9	0	62	39	23	2	1	2	6	3	2	2	3	2	2	2	3	3	1	0	4	3	1	1	1	4	1	0	0	0	1	0	1	3	2	0	4
chr9	66778391	66778640	250	8	0	250	162	88	20	2	11	18	14	5	6	10	9	7	7	7	8	10	12	14	12	1	0	11	9	4	0	4	6	3	0	7	8	9	0	14
chr9	66778645	66778709	65	8	0	65	42	23	6	4	2	6	6	1	2	3	5	1	0	1	1	0	1	2	2	2	0	2	4	0	0	1	1	2	0	1	4	1	0	2
chr9	66778710	66778738	29	9	0	29	16	13	2	2	0	0	1	1	1	3	1	1	0	1	1	0	1	0	2	0	1	1	2	1	0	0	1	0	0	1	1	2	0	0
chr9	66778739	66778790	52	8	0	52	37	15	10	2	3	2	2	0	2	1	3	1	1	0	2	2	0	4	1	2	0	3	1	1	0	2	0	0	0	0	3	1	0	1
chr9	66778791	66778845	55	8	0	55	42	13	7	1	2	5	0	0	0	1	1	0	3	1	7	1	4	8	0	0	0	2	0	2	0	1	1	0	0	1	0	0	0	5
chr9	66778847	66779069	223	8	0	223	159	64	36	2	13	15	11	7	2	6	7	7	4	5	11	5	6	20	11	3	0	8	4	3	2	2	2	1	0	5	9	4	0	10
chr9	66779070	66779296	227	9	0	227	107	120	9	5	4	9	8	7	14	5	4	3	11	8	6	6	6	2	8	8	2	3	10	9	3	15	9	15	4	7	7	5	3	10
chr9	66779297	66779406	110	8	0	110	68	42	11	2	4	6	5	3	6	3	6	2	2	4	1	2	2	7	4	1	1	3	5	0	0	1	4	4	2	2	4	1	1	9
chr9	66779407	66779519	113	9	0	113	81	32	15	3	5	9	4	3	3	3	3	2	2	3	10	3	2	9	4	2	0	5	5	1	0	1	1	2	0	1	3	2	0	5
chr9	66779520	66779925	406	8	0	406	258	148	47	10	8	23	14	10	12	19	5	6	11	11	22	15	24	19	20	9	0	12	15	7	0	12	8	11	0	21	13	7	2	11
chr9	66779933	66780570	638	8	0	638	404	234	48	24	35	38	23	16	17	27	20	11	14	19	53	15	18	24	24	12	2	28	22	19	1	16	16	10	3	17	21	17	2	24
chr9	66780575	66780623	49	8	0	49	28	21	8	0	2	0	2	1	2	1	0	3	4	0	1	0	2	1	1	0	1	2	0	0	1	1	4	0	0	3	1	2	0	4
chr9	66780624	66780650	27	9	0	27	12	15	2	1	0	1	2	2	1	0	0	0	2	1	0	0	0	0	0	1	1	1	1	0	0	1	2	2	1	1	2	0	0	0
chr9	66780659	66780810	152	8	0	152	70	82	7	3	3	5	6	7	7	1	4	4	7	3	1	4	4	3	2	9	3	4	10	7	4	6	3	9	1	5	7	3	2	6
chr9	66780811	66780898	88	9	0	88	42	46	6	2	1	5	3	4	3	1	1	0	3	3	4	1	4	1	2	3	0	2	6	3	2	4	2	6	4	3	1	3	1	2
chr9	66780899	66781186	288	8	0	288	214	74	42	4	11	29	13	8	3	11	6	7	6	11	25	6	3	27	15	3	2	5	6	5	0	3	3	1	0	0	11	5	0	15
chr9	66781187	66781277	91	9	0	91	50	41	5	3	2	5	4	0	4	4	3	2	2	5	3	2	1	4	2	2	1	2	4	8	0	3	1	2	1	2	5	4	0	3
chr9	66781278	66781337	60	8	0	60	29	31	1	3	2	1	2	2	4	3	4	0	3	1	0	1	1	0	3	2	0	1	3	2	0	5	2	1	0	3	2	5	0	1
chr9	66781338	66781364	27	9	0	27	17	10	2	0	2	1	2	1	0	1	2	0	1	2	0	0	0	2	0	1	0	0	2	0	0	0	0	0	0	2	2	1	0	1
chr9	66781365	66781477	113	8	0	113	63	50	10	3	7	2	5	4	6	3	7	1	6	4	1	0	2	1	4	1	0	3	3	2	0	6	4	4	0	4	7	4	0	7
chr9	66781478	66781493	16	9	0	16	10	6	1	0	0	2	0	1	1	0	0	0	0	0	2	0	2	0	0	0	0	2	1	0	0	0	0	1	0	1	0	0	0	0
chr9	66781494	66781506	13	10	0	13	6	7	0	0	0	0	0	0	0	2	0	1	0	0	0	0	2	0	0	0	0	2	1	2	0	0	0	0	0	0	1	0	0	0
chr9	66781507	66781525	19	9	0	19	17	2	11	1	1	0	0	0	0	0	1	0	0	0	2	0	0	0	0	0	0	1	0	0	0	0	0	0	0	0	0	0	0	0
chr9	66781526	66781686	161	8	0	161	107	54	10	7	10	10	8	3	2	9	7	2	4	6	12	4	5	7	7	0	1	8	0	2	0	6	5	3	0	2	10	3	1	5
chr9	66781687	66781717	31	9	0	31	14	17	0	1	1	0	1	3	2	2	1	1	2	0	0	0	0	0	3	0	0	2	2	2	0	0	1	0	0	1	1	2	0	1
chr9	66781718	66782023	306	8	0	306	206	100	25	9	7	30	16	10	8	25	14	5	2	13	17	2	4	17	16	7	0	3	9	1	1	7	10	6	0	6	24	4	1	5
chr9	66782024	66782062	39	9	0	39	30	9	6	3	1	2	2	0	1	1	1	1	0	1	4	1	1	4	2	1	0	2	1	0	0	0	0	0	0	0	1	0	0	1
chr9	66782063	66782333	271	8	0	271	153	118	11	12	11	12	15	4	15	9	13	4	10	5	8	9	5	8	11	4	2	12	13	2	1	9	9	10	1	12	11	9	4	8
chr9	66782334	66782350	17	9	0	17	10	7	1	1	0	0	0	0	1	1	1	1	1	0	0	0	0	2	1	0	0	0	1	0	0	1	0	0	0	0	0	2	0	1
chr9	66782351	66782455	105	8	0	105	61	44	6	4	5	2	6	2	3	6	3	3	3	3	3	6	4	1	6	3	2	3	5	1	0	3	1	1	0	6	5	4	0	3
chr9	66782456	66782597	142	9	0	142	69	73	4	1	14	0	0	3	3	0	13	1	20	2	2	2	1	1	2	2	0	3	3	8	0	17	0	1	0	1	1	17	0	18
chr9	66782598	66782686	89	8	0	89	57	32	14	3	5	2	3	2	3	6	4	1	2	3	3	2	2	1	3	3	0	2	4	0	0	1	3	0	0	5	4	2	0	4
chr9	66782688	66782764	77	8	0	77	37	40	9	1	2	1	5	3	4	2	0	2	4	3	0	0	0	0	2	1	0	3	6	3	0	1	4	5	3	2	2	2	1	4
chr9	66782765	66782830	66	9	0	66	28	38	0	1	2	2	2	1	5	0	2	0	5	2	1	2	2	0	1	2	0	1	3	3	0	8	2	3	1	4	2	5	1	1
chr9	66782831	66783192	362	8	0	362	193	169	21	9	11	20	13	15	16	17	15	6	14	6	12	9	2	7	15	12	3	9	18	9	5	17	12	14	4	8	16	13	4	8
chr9	66783193	66783254	62	9	0	62	39	23	7	1	3	6	3	1	3	1	5	2	0	0	2	0	0	4	2	0	1	1	2	2	1	1	2	2	0	2	2	2	0	2
chr9	66783255	66783617	363	8	0	363	243	120	45	13	19	25	24	8	8	10	13	5	7	12	20	5	10	17	14	3	2	12	8	4	1	7	13	7	1	11	15	6	2	14
chr9	66783618	66783636	19	9	0	19	12	7	1	1	2	0	0	1	0	0	2	0	1	0	1	1	0	2	0	0	1	2	0	0	0	0	0	0	0	0	1	0	0	1
chr9	66783637	66783741	105	8	0	105	72	33	8	5	5	9	6	1	3	6	6	2	4	2	7	1	2	3	3	1	0	5	2	0	0	0	4	0	0	4	8	1	0	5
chr9	66783742	66783813	72	9	0	72	47	25	6	2	2	7	1	0	4	1	2	2	1	1	8	2	2	5	2	0	1	3	2	2	0	2	1	3	1	1	1	1	1	3
chr9	66783814	66783919	106	8	0	106	76	30	7	4	4	9	3	0	5	2	7	1	3	3	7	3	4	12	1	0	0	7	0	0	0	3	2	1	0	1	8	2	0	5
chr9	66783920	66784032	113	9	0	113	81	32	29	5	3	7	5	0	1	5	3	1	2	3	6	2	5	3	1	2	0	5	6	1	0	2	1	4	0	1	3	2	0	3
chr9	66784034	66784077	44	9	0	44	18	26	0	1	1	0	2	3	4	1	0	1	4	1	0	0	0	0	1	1	0	3	4	1	0	1	4	2	0	2	0	2	0	3
chr9	66784078	66784179	102	8	0	102	36	66	0	1	1	1	1	5	9	1	2	1	7	1	0	2	3	1	2	3	1	3	8	4	2	7	3	9	5	6	3	5	0	3
chr9	66784180	66784252	73	9	0	73	42	31	7	2	1	3	1	3	4	1	2	3	4	3	2	1	2	1	4	3	1	1	2	0	1	3	1	1	0	2	3	2	2	5
chr9	66784253	66784373	121	8	0	121	60	61	9	1	3	5	5	6	4	4	1	0	5	6	3	3	1	3	3	3	1	3	8	6	3	5	3	8	1	4	5	5	1	1
chr9	66784374	66784383	10	9	0	10	5	5	0	0	0	0	0	1	2	0	0	0	0	0	0	1	0	0	2	0	0	0	0	0	0	0	0	0	0	2	0	0	0	0
chr9	66784384	66784556	173	8	0	173	96	77	13	4	6	10	8	4	6	2	6	4	8	4	6	4	6	4	7	4	1	4	4	10	2	10	4	5	1	2	5	7	0	10
chr9	66784557	66784700	144	8	0	144	80	64	8	4	11	6	8	5	5	4	9	0	2	2	5	1	4	4	3	4	0	3	6	6	0	8	8	3	0	9	5	7	0	2
chr9	66784701	66784732	32	9	0	32	21	11	3	1	3	1	1	0	0	1	2	0	0	1	2	0	3	3	0	0	0	1	1	0	0	1	0	2	0	1	1	0	0	2
chr9	66784733	66784750	18	8	0	18	14	4	2	2	0	1	0	0	0	3	0	1	0	0	2	0	0	2	3	0	0	0	0	0	0	0	0	0	0	0	0	0	0	0
chr9	66784751	66784790	40	8	0	40	20	20	4	3	0	0	1	0	3	0	2	1	3	0	0	1	1	0	1	2	0	2	1	2	1	2	1	0	0	1	2	1	1	2
chr9	66784791	66784802	12	8	0	12	3	9	0	0	0	0	0	0	1	0	0	0	0	2	0	0	0	0	0	0	0	0	1	0	1	0	0	1	2	1	0	1	0	0
chr9	66784803	66784861	59	9	0	59	27	32	1	4	2	0	2	1	3	0	3	2	3	1	1	1	1	1	3	1	1	3	1	5	2	3	0	1	0	2	2	4	1	2
chr9	66784862	66785059	198	8	0	198	119	79	20	7	6	11	11	5	6	4	6	4	6	5	8	4	6	8	5	8	3	4	7	5	3	8	5	5	0	4	9	5	0	8
chr9	66785060	66785166	107	8	0	107	51	56	8	4	5	3	3	3	7	0	3	1	2	1	6	4	0	0	5	2	1	4	4	6	3	7	3	8	3	2	2	3	1	1
chr9	66785175	66785268	94	8	0	94	45	49	9	2	1	3	3	4	2	2	1	4	3	2	2	2	3	1	4	5	2	1	3	6	6	3	1	4	1	1	3	3	1	4
chr9	66785269	66785451	183	9	0	183	86	97	10	4	5	4	5	6	13	2	4	3	13	4	4	3	2	2	3	4	1	9	7	6	3	8	10	6	6	10	6	8	4	6
chr9	66785452	66785505	54	8	0	54	26	28	1	2	1	0	1	3	2	4	2	2	4	0	0	2	2	0	4	2	1	2	2	2	1	2	0	0	0	2	3	2	0	3
chr9	66785506	66785568	63	9	0	63	43	20	5	1	3	5	3	1	2	3	2	1	0	2	3	5	2	4	4	1	0	3	1	0	1	0	1	1	0	2	2	0	1	2
chr9	66785569	66785636	68	8	0	68	44	24	5	1	3	4	2	2	2	3	3	1	0	3	3	3	2	6	3	1	1	2	2	0	0	3	1	2	0	1	3	1	1	2
chr9	66785637	66785703	67	9	0	67	45	22	10	4	0	6	7	1	2	5	1	2	1	0	2	1	0	3	4	2	1	1	1	0	1	0	5	0	0	1	3	0	0	1
chr9	66785704	66785770	67	8	0	67	44	23	3	2	2	9	5	1	2	4	2	3	0	1	6	0	0	4	4	1	0	1	2	1	0	1	3	2	0	1	3	1	0	1
chr9	66785771	66785806	36	9	0	36	19	17	0	1	0	2	1	2	2	3	1	1	1	3	1	1	0	0	2	0	0	2	3	0	0	0	1	1	0	0	2	3	0	1
chr9	66785807	66786085	279	8	0	279	183	96	21	10	7	21	10	7	10	12	10	4	12	14	19	5	7	13	13	2	1	9	9	3	0	6	1	2	0	9	16	11	1	12
chr9	66786086	66786192	107	8	0	107	75	32	7	3	6	12	4	0	0	5	6	1	1	4	11	1	4	9	0	1	0	4	5	1	2	1	0	4	0	2	4	3	0	4
chr9	66786193	66786342	150	9	0	150	98	52	16	7	8	11	9	1	6	4	9	0	3	1	8	9	2	3	8	2	0	6	0	5	0	7	3	2	0	5	9	3	0	1
chr9	66786343	66786406	64	8	0	64	49	15	12	1	4	5	2	0	1	3	1	3	0	1	7	2	1	5	2	1	0	3	0	1	0	1	0	0	0	1	4	0	0	1
chr9	66786407	66786488	82	9	0	82	58	24	9	4	2	3	2	0	2	7	1	1	1	6	6	3	4	6	2	0	1	4	1	0	0	0	2	1	0	3	6	0	1	2
chr9	66786489	66786652	164	8	0	164	101	63	12	5	7	7	4	7	6	6	6	1	6	4	9	4	4	11	6	3	0	8	3	7	0	6	4	2	0	6	11	4	0	3
chr9	66786653	66786796	144	9	0	144	107	37	17	5	2	16	5	3	3	4	8	0	4	0	10	6	6	18	9	2	0	3	2	1	0	2	2	0	0	4	2	2	0	6
chr9	66786797	66787094	298	8	0	298	160	138	18	7	6	14	14	13	14	10	5	4	16	9	9	6	6	7	8	13	0	9	15	6	3	14	13	12	0	11	15	7	3	9
chr9	66787095	66787129	35	9	0	35	22	13	3	0	2	2	1	0	0	2	0	2	0	1	3	1	1	3	2	0	0	1	0	3	0	1	0	1	0	1	1	1	0	1
chr9	66787130	66787181	52	8	0	52	37	15	3	1	2	2	1	2	0	6	4	0	2	3	0	2	1	7	3	0	0	2	0	0	0	0	0	0	0	0	7	0	0	2
chr9	66787182	66787264	83	9	0	83	54	29	7	1	2	8	2	1	5	2	5	2	0	4	4	2	2	6	3	2	0	1	3	3	0	2	2	1	0	1	2	2	0	6
chr9	66787265	66787527	263	8	0	263	195	68	39	10	4	29	12	5	5	11	13	4	4	8	19	5	8	18	13	5	2	4	3	1	0	6	1	1	0	2	16	4	0	9
chr9	66787528	66787566	39	9	0	39	27	12	2	0	2	3	2	1	1	1	0	1	1	3	2	1	0	5	1	2	0	1	1	1	0	1	0	0	0	0	3	0	0	2
chr9	66787567	66787647	81	8	0	81	52	29	8	0	2	4	2	1	1	7	2	1	1	3	4	4	6	4	2	1	1	2	3	1	0	2	3	2	1	4	3	2	0	2
chr9	66787649	66787667	19	9	0	19	8	11	4	0	1	0	1	1	0	0	0	0	1	0	0	0	0	0	0	1	0	0	0	1	2	1	1	2	0	0	1	0	0	0
chr9	66787668	66787711	44	8	0	44	18	26	1	1	2	1	3	1	2	0	0	0	2	1	1	0	1	2	0	1	0	1	4	3	0	2	1	4	1	4	1	2	0	0
chr9	66787712	66787737	26	9	0	26	12	14	0	1	2	0	1	2	1	0	2	1	2	0	0	0	0	0	0	2	0	2	1	0	0	1	1	1	0	0	2	0	0	2
chr9	66787738	66787949	212	8	0	212	113	99	21	5	4	6	10	12	13	6	3	4	9	5	3	3	5	3	7	3	3	11	12	4	1	5	13	10	0	9	9	5	0	6
chr9	66787950	66788000	51	9	0	51	39	12	9	3	0	5	1	1	1	2	0	0	2	3	7	1	1	2	2	1	0	2	1	0	0	0	0	0	0	0	2	1	0	2
chr9	66788001	66788191	191	8	0	191	131	60	33	8	9	11	9	3	6	5	9	2	3	7	9	5	5	5	7	4	0	8	5	2	0	5	6	0	0	2	5	6	2	8
chr9	66788192	66788207	16	9	0	16	7	9	0	2	0	0	0	3	0	0	2	0	0	0	0	0	0	0	1	1	1	0	1	0	1	0	0	0	0	0	1	1	0	0
chr9	66788208	66788278	71	8	0	71	50	21	11	0	1	7	4	1	2	5	2	2	1	5	3	1	1	3	3	0	0	1	1	0	0	3	1	1	0	0	7	3	0	0
chr9	66788279	66788322	44	9	0	44	32	12	2	3	1	3	1	0	1	4	2	0	0	1	4	2	2	4	3	1	0	2	1	0	0	1	0	0	0	0	2	1	0	1
chr9	66788323	66788690	368	8	0	368	261	107	30	6	18	32	12	8	5	18	14	3	3	15	31	15	17	33	10	3	0	18	8	6	0	4	10	3	0	9	15	6	2	12
chr9	66788692	66788794	103	8	0	103	59	44	8	3	0	4	2	4	8	6	4	2	6	6	2	1	0	1	4	2	0	4	3	1	0	4	7	0	0	1	6	5	2	5
chr9	66788795	66788878	84	9	0	84	49	35	6	5	2	4	3	4	2	3	5	0	3	1	3	2	1	4	6	3	0	1	2	1	2	2	2	1	3	2	2	2	1	4
chr9	66788879	66788955	77	8	0	77	43	34	6	2	2	2	2	1	3	2	3	1	4	2	1	3	4	4	1	4	0	3	2	3	0	4	0	2	1	3	5	1	1	3
chr9	66788956	66788969	14	9	0	14	7	7	0	1	0	1	0	0	0	1	1	0	0	0	1	0	1	0	0	1	0	0	0	0	1	0	1	0	1	0	0	1	0	1
chr9	66788970	66789023	54	8	0	54	33	21	11	3	1	1	1	4	2	1	1	1	1	1	2	1	0	1	4	2	2	1	2	1	1	0	0	0	1	2	2	1	0	1
chr9	66789031	66789147	117	9	0	117	40	77	0	2	2	1	3	7	9	1	2	1	10	2	0	0	0	0	1	3	2	4	7	8	3	6	8	9	3	6	4	5	1	5
chr9	66789148	66789301	154	8	0	154	66	88	8	2	3	2	3	8	7	1	2	4	5	6	2	5	6	1	5	7	3	4	7	8	7	7	3	9	4	6	3	5	4	5
chr9	66789302	66789348	47	9	0	47	27	20	5	2	3	1	1	2	3	0	3	0	1	0	3	0	0	1	2	1	0	1	2	1	1	0	2	2	0	4	1	0	1	2
chr9	66789349	66789404	56	8	0	56	39	17	13	4	3	2	2	0	3	1	3	0	0	0	3	1	1	1	2	2	0	1	2	1	0	1	2	0	0	2	0	1	0	3
chr9	66789405	66789631	227	9	0	227	108	119	15	4	2	9	4	9	12	8	5	5	11	6	7	4	2	3	6	7	5	4	11	9	8	10	5	14	5	8	12	8	2	5
chr9	66789632	66789712	81	8	0	81	34	47	5	1	1	0	1	3	6	1	1	3	8	1	1	1	0	0	3	1	0	4	4	3	2	2	2	4	4	4	2	4	2	5
chr9	66789713	66789824	112	9	0	112	85	27	19	4	7	11	4	1	3	3	6	1	3	1	12	3	0	7	6	1	0	2	1	0	0	1	1	1	0	2	2	0	0	8
chr9	66789825	66789875	51	8	0	51	26	25	8	0	2	0	2	4	3	0	0	2	2	0	1	1	0	0	3	2	0	2	3	1	1	1	2	2	1	2	1	1	0	2
chr9	66789876	66789936	61	9	0	61	28	33	0	0	2	3	2	2	6	0	3	1	5	3	0	0	0	0	1	1	0	1	2	0	0	3	3	3	2	4	4	1	2	5
chr9	66789939	66790024	86	8	0	86	45	41	5	2	1	3	2	5	3	4	1	2	1	1	2	5	7	0	5	4	1	4	6	3	1	3	2	3	0	3	1	2	0	2
chr9	66790025	66790109	85	9	0	85	40	45	2	2	3	2	3	2	5	3	1	0	4	6	3	1	1	1	1	2	1	1	5	3	0	8	3	6	1	2	4	5	0	2
chr9	66790110	66790187	78	8	0	78	55	23	11	2	4	7	5	0	2	2	5	0	1	2	3	3	4	3	4	0	0	1	0	1	0	1	1	1	0	5	4	0	0	4
chr9	66790188	66790322	135	9	0	135	88	47	11	6	2	9	5	2	3	10	2	3	4	5	9	1	6	8	7	3	1	2	3	4	0	3	5	1	1	3	5	2	0	7
chr9	66790323	66790478	156	8	0	156	85	71	9	4	10	3	7	5	5	5	6	2	8	4	4	4	5	3	7	3	0	5	7	4	1	7	6	5	0	5	2	7	1	10
chr9	66790479	66790489	11	9	0	11	9	2	2	0	2	0	0	0	0	0	0	0	0	1	2	0	0	1	0	0	0	0	0	0	0	0	0	0	0	0	0	0	0	1
chr9	66790490	66790795	306	8	0	306	175	131	16	11	18	12	11	2	11	11	15	10	12	5	15	5	12	8	7	6	3	12	8	8	1	19	8	5	1	10	12	16	1	13
chr9	66790796	66790832	37	9	0	37	26	11	3	3	1	3	2	1	0	1	1	1	0	1	3	0	4	1	2	1	0	2	1	0	0	1	0	0	0	0	1	0	0	2
chr9	66790833	66791115	283	8	0	283	144	139	10	7	8	6	10	11	21	7	4	8	12	17	7	3	4	8	7	7	2	13	13	12	1	9	11	7	1	15	18	9	4	9
chr9	66791116	66791143	28	9	0	28	16	12	2	0	0	3	2	0	1	1	1	1	2	0	1	0	1	0	0	0	0	1	2	1	0	1	1	0	0	1	1	2	0	1
chr9	66791144	66791350	207	8	0	207	114	93	6	8	6	10	8	7	15	4	8	4	7	7	8	4	5	7	14	5	0	4	7	9	1	5	5	6	1	8	7	3	0	16
chr9	66791358	66791603	246	8	0	246	150	96	28	13	16	7	12	6	8	5	11	5	5	4	13	5	4	8	12	7	2	8	7	12	1	8	3	3	1	5	8	5	0	12
chr9	66791612	66791823	212	8	0	212	102	110	6	6	9	3	7	10	15	11	8	9	9	2	3	0	0	2	11	3	4	7	11	3	1	8	11	8	3	12	11	9	2	6
chr9	66791824	66791891	68	9	0	68	42	26	6	0	6	3	2	2	1	0	3	0	4	2	3	5	3	1	2	3	0	2	0	0	0	7	1	0	0	1	1	4	0	4
chr9	66791892	66791989	98	8	0	98	51	47	7	3	4	2	4	1	5	3	3	3	7	3	2	1	1	2	1	3	0	4	4	6	0	4	0	2	0	5	8	4	0	4
chr9	66791990	66792010	21	9	0	21	12	9	0	0	1	1	0	1	1	0	1	0	1	1	1	1	1	1	0	0	0	1	0	1	0	1	1	0	0	1	1	1	0	1
chr9	66792011	66792262	252	8	0	252	143	109	16	13	8	8	15	7	15	8	6	2	11	5	9	3	4	11	12	5	0	8	8	7	0	9	17	7	2	10	8	5	0	11
chr9	66792263	66792388	126	9	0	126	63	63	19	2	2	4	2	4	7	2	3	0	7	4	2	2	2	0	2	3	1	2	4	3	4	7	6	7	3	6	3	5	3	3
chr9	66792389	66792450	62	9	0	62	34	28	1	3	2	1	3	4	1	4	3	1	4	3	0	1	0	1	2	4	0	3	4	2	0	2	0	0	0	0	6	2	0	3
chr9	66792451	66792596	146	8	0	146	94	52	19	7	5	8	5	4	3	4	3	0	3	2	11	10	5	4	5	6	2	8	6	2	2	4	1	5	1	1	4	1	1	2
chr9	66792597	66792731	135	9	0	135	95	40	15	3	6	12	5	3	3	6	4	3	4	5	12	3	4	7	7	1	0	4	3	0	0	3	2	1	0	1	5	2	0	9
chr9	66792732	66792795	64	8	0	64	47	17	6	5	1	5	3	1	0	3	2	1	0	1	7	1	4	5	4	2	0	2	2	2	0	1	0	0	0	0	1	1	0	2
chr9	66792796	66793120	325	9	0	325	149	176	34	6	7	7	6	13	15	3	7	7	18	7	6	5	6	1	7	7	6	11	11	10	15	12	10	18	17	13	9	13	6	10
chr9	66793121	66793183	63	8	0	63	51	12	10	0	2	10	0	1	1	2	5	2	1	0	6	1	3	6	1	0	0	2	0	0	0	0	0	0	0	0	3	0	0	5
chr9	66793184	66793321	138	9	0	138	72	66	9	2	4	8	8	3	8	4	5	4	10	3	1	1	1	1	3	0	1	6	6	4	1	5	3	4	1	8	11	7	1	3
chr9	66793322	66793370	49	8	0	49	35	14	8	2	2	3	3	1	0	6	1	0	1	0	3	2	0	1	4	1	0	2	1	0	0	0	3	0	0	1	2	0	0	0
chr9	66793371	66793397	27	9	0	27	20	7	3	0	0	2	0	1	0	3	2	0	0	1	2	1	1	2	1	1	0	0	2	0	0	0	0	0	0	0	1	1	0	1
chr9	66793398	66793455	58	10	0	58	39	19	0	1	2	7	6	2	1	2	2	1	2	2	3	3	0	3	4	0	1	2	1	0	0	0	3	0	0	1	3	1	1	2
chr9	66793456	66793467	12	9	0	12	12	0	10	0	0	0	0	0	0	0	0	0	0	0	0	0	0	0	0	0	0	0	0	0	0	0	0	0	0	0	0	0	0	0
chr9	66793469	66793553	85	9	0	85	51	34	9	1	3	5	1	1	4	4	3	3	7	1	6	0	0	2	2	0	0	3	1	1	0	4	2	4	1	1	5	2	1	6
chr9	66793554	66793689	136	10	0	136	80	56	4	5	4	8	6	3	4	3	2	2	4	2	9	5	9	9	6	4	1	3	3	4	1	5	3	2	2	11	5	3	0	2
chr9	66793690	66793774	85	9	0	85	55	30	8	3	5	6	6	0	2	4	3	1	1	3	4	1	2	5	4	0	0	1	1	3	0	4	3	4	0	1	4	1	0	3
chr9	66793775	66793821	47	10	0	47	31	16	6	4	2	1	4	1	1	1	0	0	1	2	3	2	0	2	4	1	0	1	2	0	0	2	0	2	0	0	1	1	0	1
chr9	66793822	66793834	13	9	0	13	4	9	0	0	0	0	0	0	0	0	0	2	1	0	0	0	0	0	0	1	0	1	0	1	1	1	0	0	0	0	0	2	1	0
chr9	66793838	66793980	143	9	0	143	88	55	15	3	8	6	7	2	7	3	4	6	7	4	6	2	2	5	6	2	0	5	4	1	0	4	3	3	0	6	6	3	2	9
chr9	66793981	66794002	22	10	0	22	14	8	0	0	1	2	1	0	1	1	0	0	2	1	2	1	0	0	1	0	0	0	1	0	0	0	0	0	0	2	1	1	0	2
chr9	66794003	66794277	275	9	0	275	169	106	21	6	12	18	8	8	14	14	16	3	8	8	11	8	3	10	14	3	1	7	7	6	0	6	13	3	0	10	9	7	5	14
chr9	66794278	66794370	93	9	0	93	69	24	18	1	1	7	1	0	1	4	4	2	4	3	3	0	5	14	0	1	1	0	0	1	0	3	2	0	0	2	4	2	1	6
chr9	66794371	66794398	28	10	0	28	16	12	0	1	0	0	1	1	1	4	1	1	0	2	0	1	1	0	3	0	1	1	1	0	0	0	1	0	1	0	2	1	0	1
chr9	66794399	66794526	128	9	0	128	89	39	16	5	2	10	7	1	5	6	3	4	2	4	7	2	1	14	5	1	0	5	5	1	0	1	1	2	0	3	8	3	1	1
chr9	66794527	66794574	48	10	0	48	36	12	9	1	2	5	3	0	1	1	2	0	0	1	4	3	0	3	2	1	0	1	1	1	0	1	1	1	0	0	1	0	0	1
chr9	66794575	66794811	237	9	0	237	137	100	15	6	13	10	12	5	12	10	6	4	7	5	11	9	3	9	7	8	2	6	9	8	0	6	16	5	0	9	7	2	0	13
chr9	66794812	66794914	103	10	0	103	71	32	13	4	4	6	2	0	1	5	4	0	2	4	8	7	4	5	3	4	1	3	3	3	0	3	0	0	0	2	2	2	1	5
chr9	66794915	66795257	343	9	0	343	211	132	27	15	10	22	12	8	11	17	16	3	11	12	18	7	12	9	17	5	1	10	11	10	1	14	4	7	1	8	16	13	1	12
chr9	66795258	66795300	43	10	0	43	27	16	4	1	1	2	1	1	1	1	3	0	2	0	1	2	2	3	1	3	0	1	0	2	0	4	0	0	0	0	3	1	0	1
chr9	66795301	66795592	292	9	0	292	198	94	28	10	9	21	10	6	7	13	14	2	12	9	17	8	8	23	9	5	2	10	8	4	1	5	3	2	1	6	16	7	0	14
chr9	66795593	66795613	21	9	0	21	10	11	0	0	0	0	0	10	0	0	0	0	0	0	0	0	0	0	9	0	0	0	0	0	0	0	0	0	0	0	0	0	0	0
chr9	66795614	66795748	135	9	0	135	90	45	8	4	7	12	7	3	2	6	7	3	2	4	9	2	5	8	9	1	0	2	3	4	0	3	2	1	0	3	4	3	0	9
chr9	66795749	66795763	15	10	0	15	6	9	1	1	1	0	0	0	1	0	2	0	0	0	0	0	0	0	1	0	0	0	0	2	0	0	0	1	0	1	0	1	0	1
chr9	66795764	66796041	278	9	0	278	174	104	22	11	14	16	14	11	11	8	12	10	7	5	15	3	5	8	14	9	2	10	7	4	1	7	6	2	1	7	17	4	0	13
chr9	66796042	66796054	13	10	0	13	10	3	1	0	0	2	0	0	0	1	0	0	0	1	2	0	0	1	0	0	0	0	1	1	0	0	0	0	0	0	0	1	0	0
chr9	66796055	66796244	190	9	0	190	140	50	25	4	6	17	6	3	3	11	10	2	0	7	13	4	8	19	7	1	0	5	3	3	0	4	6	1	0	1	7	5	0	7
chr9	66796245	66796297	53	10	0	53	30	23	2	0	1	4	1	2	1	3	3	1	3	2	1	2	2	1	2	0	2	2	3	1	0	3	0	0	0	0	2	5	0	2
chr9	66796298	66796829	532	9	0	532	324	208	43	9	18	31	15	14	21	30	22	16	18	23	20	10	11	21	22	6	5	16	15	15	1	21	14	9	0	5	29	22	2	26
chr9	66796830	66796919	90	10	0	90	52	38	6	6	4	3	4	3	3	1	7	2	3	1	2	0	4	1	3	3	1	4	3	3	1	1	1	2	1	2	5	0	1	7
chr9	66796920	66796995	76	9	0	76	47	29	11	4	0	3	4	1	7	0	3	2	3	3	0	2	2	2	6	0	0	3	1	0	0	3	2	0	0	2	3	4	0	3
chr9	66796996	66797129	134	10	0	134	84	50	10	4	2	6	2	16	8	5	8	0	2	4	2	3	2	9	20	0	0	4	1	1	0	1	4	2	0	2	5	0	2	7
chr9	66797134	66797169	36	10	0	36	21	15	0	1	2	1	1	1	0	2	2	1	1	1	1	2	2	1	2	2	0	1	1	1	0	3	0	0	0	0	1	2	0	2
chr9	66797170	66797249	80	9	0	80	59	21	5	3	5	5	4	0	1	5	4	1	1	1	6	4	1	11	2	2	0	4	1	0	0	1	3	0	0	1	4	0	0	3
chr9	66797250	66797292	43	10	0	43	25	18	2	2	1	1	0	2	2	1	2	1	1	1	3	2	0	3	3	1	1	2	1	1	1	1	0	0	2	0	1	2	0	1
chr9	66797293	66797631	339	9	0	339	222	117	29	12	18	18	13	8	12	14	15	5	4	14	20	10	13	16	12	6	0	17	7	4	0	11	9	3	0	9	19	9	0	10
chr9	66797632	66797642	11	10	0	11	8	3	0	0	1	0	0	0	1	0	0	0	0	0	1	2	0	1	1	0	0	2	0	0	0	0	0	0	0	0	0	0	0	0
chr9	66797643	66797999	357	9	0	357	246	111	36	15	19	31	18	7	13	13	20	2	3	11	27	8	6	17	17	3	0	12	5	5	0	9	12	5	0	5	17	6	0	13
chr9	66798001	66798055	55	10	0	55	20	35	0	0	3	0	0	1	5	2	3	0	4	1	0	0	0	0	1	0	0	0	2	3	2	5	5	2	0	6	0	7	0	1
chr9	66798056	66798115	60	10	0	60	26	34	1	2	1	0	1	3	6	2	2	3	2	2	0	0	0	0	3	1	1	3	1	0	2	3	3	3	1	3	5	2	1	1
chr9	66798116	66798169	54	9	0	54	25	29	3	1	2	0	1	3	2	1	0	0	5	3	2	1	1	0	3	1	0	1	1	5	0	4	0	2	1	1	3	1	1	3
chr9	66798170	66798215	46	9	0	46	29	17	4	1	3	3	1	0	2	1	2	2	1	1	4	0	0	3	2	0	0	1	1	3	0	3	0	0	0	0	1	4	0	1
chr9	66798216	66798244	29	10	0	29	15	14	1	1	1	1	2	1	2	1	1	1	1	1	0	0	0	0	2	0	0	1	2	0	0	1	2	1	0	1	0	2	0	1
chr9	66798245	66798369	125	9	0	125	78	47	8	5	9	7	4	3	2	7	8	2	2	0	9	6	4	1	5	6	0	5	3	3	0	8	1	1	0	2	6	4	0	2
chr9	66798370	66798392	23	10	0	23	8	15	0	0	0	0	0	3	2	0	0	2	1	0	0	0	0	0	2	2	0	1	1	1	1	0	1	0	1	0	1	0	0	2
chr9	66798393	66798499	107	9	0	107	53	54	4	4	0	5	3	5	9	4	4	0	5	3	2	0	2	1	5	3	1	0	4	3	1	7	7	8	0	3	5	1	0	6
chr9	66798501	66798527	27	9	0	27	25	2	10	1	0	3	1	0	0	0	0	0	0	0	4	0	1	3	0	0	0	1	0	0	0	0	0	0	0	0	1	0	0	0
chr9	66798528	66798564	37	10	0	37	16	21	0	0	0	0	0	3	5	0	0	4	4	0	0	0	0	0	2	1	0	4	2	1	0	0	2	0	0	0	2	1	0	4
chr9	66798565	66798617	53	9	0	53	26	27	0	3	2	1	3	2	4	0	3	0	3	2	0	0	1	1	0	1	0	4	3	2	0	1	3	2	0	3	4	1	0	2
chr9	66798618	66798652	35	9	0	35	14	21	0	0	0	1	0	0	5	0	0	0	3	1	1	2	1	0	1	0	0	1	1	1	0	4	1	3	0	3	2	2	0	0
chr9	66798659	66798712	54	9	0	54	32	22	7	2	1	2	2	1	1	5	0	0	1	1	2	3	3	0	2	3	0	1	4	2	0	1	2	2	0	2	0	0	0	2
chr9	66798713	66798786	74	10	0	74	33	41	2	1	2	1	3	2	6	0	0	3	5	3	1	1	2	0	3	2	0	2	1	1	1	9	2	4	1	3	6	4	0	1
chr9	66798787	66798860	74	9	0	74	42	32	5	3	0	5	2	3	5	4	3	0	2	0	3	2	0	3	3	2	0	3	6	3	0	1	3	3	0	2	3	2	0	1
chr9	66798861	66798899	39	9	0	39	24	15	4	3	1	1	2	0	0	3	0	1	2	0	4	1	1	0	2	2	0	1	1	2	0	2	1	0	0	0	1	1	0	1
chr9	66798900	66799111	212	9	0	212	118	94	10	5	14	7	7	6	8	4	14	7	6	8	5	3	9	5	9	5	3	3	7	5	0	14	3	5	0	4	6	11	1	16
chr9	66799113	66799199	87	10	0	87	54	33	7	3	3	3	5	5	2	4	0	4	2	2	4	1	3	4	7	2	0	4	3	2	0	1	2	2	0	2	4	0	0	4
chr9	66799200	66799389	190	10	0	190	125	65	11	5	5	12	6	5	9	11	4	2	5	8	14	7	4	15	10	1	0	8	2	1	0	6	10	5	1	2	9	2	1	7
chr9	66799390	66799428	39	10	0	39	23	16	3	1	1	2	2	0	2	0	1	0	1	4	1	2	1	2	1	1	0	1	1	2	1	0	0	1	0	1	2	0	0	3
chr9	66799429	66799954	526	9	0	526	359	167	55	18	17	45	24	11	18	26	27	9	10	9	29	20	9	30	29	11	2	17	14	6	1	8	15	1	0	8	22	11	1	21
chr9	66799955	66800015	61	10	0	61	33	28	4	2	2	2	4	2	3	0	2	3	4	0	0	1	3	0	4	1	0	3	2	1	0	2	2	2	0	1	1	1	0	7
chr9	66800016	66800054	39	10	0	39	17	22	1	0	2	0	2	3	1	0	0	0	5	2	0	0	0	0	1	1	0	2	1	1	0	4	0	3	0	1	4	2	0	1
chr9	66800055	66800361	307	9	0	307	163	144	17	9	11	11	13	10	21	10	11	3	9	3	7	8	9	10	12	10	0	8	11	9	1	15	22	15	1	13	10	2	0	14
chr9	66800362	66800401	40	10	0	40	23	17	5	2	0	1	3	2	2	1	0	1	2	2	0	0	0	2	2	2	0	1	2	0	0	1	2	0	0	0	1	2	0	2
chr9	66800402	66800460	59	9	0	59	36	23	4	2	1	3	1	1	3	1	2	0	3	5	2	1	2	3	1	2	0	1	2	2	0	3	0	1	0	1	3	2	0	5
chr9	66800461	66800484	24	10	0	24	10	14	0	0	3	0	0	1	0	0	3	0	2	0	0	0	0	0	0	0	0	1	1	2	0	4	0	0	0	0	0	5	0	0
chr9	66800485	66800864	380	9	0	380	255	125	48	7	25	19	10	6	7	25	13	10	3	13	28	15	12	13	17	5	1	15	9	5	1	10	8	5	0	9	15	10	2	12
chr9	66800865	66800925	61	10	0	61	38	23	2	4	1	2	5	3	3	3	2	3	1	2	1	1	1	3	8	0	0	3	1	0	0	0	0	0	1	1	5	1	0	2
chr9	66800926	66801240	315	9	0	315	146	169	8	6	10	7	6	18	17	5	10	7	19	7	7	4	12	3	10	8	2	15	15	13	6	16	9	15	2	13	12	15	2	14
chr9	66801241	66801271	31	10	0	31	15	16	0	0	1	2	1	2	2	0	2	2	1	2	0	0	0	0	0	3	0	0	1	0	0	3	0	0	0	0	4	2	0	1
chr9	66801272	66801402	131	9	0	131	64	67	6	3	3	6	5	4	8	2	5	1	6	1	2	4	7	1	5	4	0	3	8	5	2	6	3	7	0	9	3	4	0	6
chr9	66801412	66801487	76	9	0	76	38	38	13	2	1	0	2	4	6	0	1	3	4	2	0	0	0	0	1	2	1	5	3	4	2	0	4	2	1	1	3	1	2	4
chr9	66801488	66801510	23	10	0	23	20	3	11	0	3	1	0	0	0	0	2	0	0	1	0	0	0	0	0	0	0	0	0	0	0	0	0	0	0	0	0	0	0	3
chr9	66801511	66801583	73	9	0	73	46	27	7	0	3	6	4	0	1	5	4	0	4	5	1	2	1	2	1	0	0	1	2	1	0	4	4	0	0	0	3	6	0	4
chr9	66801584	66801634	51	10	0	51	32	19	2	2	2	2	0	3	0	4	2	1	0	0	4	3	1	6	3	0	2	2	2	2	0	1	1	1	0	0	1	2	0	0
chr9	66801635	66801674	40	10	0	40	24	16	6	2	1	1	4	2	0	1	0	1	4	1	0	0	0	0	2	2	0	1	0	0	0	2	1	1	0	0	4	0	0	2
chr9	66801675	66801716	42	9	0	42	18	24	0	0	1	0	0	5	3	0	0	1	2	2	0	1	1	0	2	2	0	3	2	0	1	3	1	3	1	1	3	1	0	1
chr9	66801718	66801763	46	10	0	46	20	26	0	1	0	0	0	3	3	1	1	0	3	3	1	1	2	0	0	4	0	1	3	3	0	5	0	1	0	1	3	3	0	1
chr9	66801764	66801789	26	9	0	26	9	17	0	0	0	0	1	4	2	0	0	1	0	0	0	0	0	0	2	1	1	1	3	1	0	1	2	2	1	0	0	1	0	0
chr9	66801790	66801845	56	9	0	56	37	19	12	4	0	4	5	0	2	2	2	1	1	0	1	2	1	0	4	2	0	1	3	0	0	1	1	1	0	0	1	2	0	1
chr9	66801846	66801879	34	10	0	34	13	21	0	0	2	0	2	1	0	0	0	0	5	2	0	0	0	0	0	0	0	1	1	4	1	2	0	1	0	3	3	3	0	1
chr9	66801880	66802293	414	9	0	414	286	128	42	17	11	29	19	9	9	19	11	5	8	10	27	15	20	33	22	6	0	18	16	1	1	4	7	9	1	9	11	6	0	17
chr9	66802296	66802322	27	9	0	27	17	10	1	0	1	0	0	1	1	1	1	1	2	1	0	1	3	2	3	0	0	0	0	0	0	0	0	0	0	0	0	0	0	6
chr9	66802323	66802349	27	9	0	27	14	13	0	0	0	0	0	12	0	0	0	0	0	0	0	0	0	0	13	0	0	0	0	0	0	0	0	0	0	0	0	0	0	0
chr9	66802350	66802464	115	9	0	115	66	49	4	7	7	2	8	2	3	5	4	3	4	6	5	2	0	3	7	5	0	2	6	6	0	4	2	0	0	0	3	5	0	8
chr9	66802465	66802491	27	9	0	27	14	13	1	1	0	2	1	2	2	0	3	0	1	0	0	0	0	0	1	0	0	2	0	1	0	1	2	1	1	0	2	0	1	0
chr9	66802492	66802538	47	10	0	47	35	12	6	2	6	3	0	1	0	1	4	0	0	0	7	3	0	2	0	1	0	3	1	0	0	1	0	0	0	0	1	1	0	2
chr9	66802539	66802577	39	10	0	39	16	23	1	0	2	1	2	0	3	1	1	0	1	1	0	0	1	1	0	0	0	0	2	3	0	1	3	3	2	4	1	1	0	2
chr9	66802584	66802718	135	9	0	135	66	69	13	2	4	1	5	5	11	1	3	1	10	4	0	0	3	1	1	1	0	6	5	5	0	9	9	7	0	8	7	6	0	5
chr9	66802719	66802781	63	10	0	63	34	29	7	1	0	3	1	4	4	0	1	1	1	0	2	3	3	1	3	4	1	1	4	1	0	4	2	4	1	1	1	0	0	2
chr9	66802782	66802836	55	9	0	55	22	33	1	1	1	1	3	2	2	0	0	3	4	2	0	0	0	1	1	4	0	1	3	2	3	4	0	4	1	1	3	2	2	1
chr9	66802837	66802873	37	9	0	37	15	22	1	0	1	1	0	5	2	0	1	0	1	1	1	1	0	0	2	2	1	1	3	1	0	1	1	2	1	2	1	1	1	0
chr9	66802874	66802963	90	10	0	90	49	41	8	3	3	5	5	1	0	4	2	1	2	3	4	0	2	6	1	4	0	0	5	7	3	4	2	5	0	0	2	3	0	3
chr9	66802964	66803030	67	9	0	67	33	34	2	3	1	0	1	3	5	5	1	3	3	1	1	2	1	0	2	2	2	4	5	1	0	1	4	2	0	2	3	2	0	3
chr9	66803031	66803052	22	10	0	22	11	11	0	1	0	0	0	2	1	1	0	1	3	1	0	0	0	0	0	2	0	2	1	0	0	0	0	0	0	0	3	0	0	2
chr9	66803053	66803365	313	9	0	313	185	128	20	11	12	14	11	6	15	15	7	6	10	7	19	8	13	9	10	14	0	7	12	5	0	14	13	6	0	17	12	6	0	12
chr9	66803366	66803383	18	10	0	18	8	10	1	1	0	1	2	0	0	1	0	0	0	2	0	0	0	0	0	1	0	0	2	1	1	0	0	2	0	0	1	0	0	0
chr9	66803384	66803542	159	9	0	159	122	37	23	7	6	18	8	4	2	6	3	1	0	2	20	4	5	12	10	1	0	5	2	1	0	1	2	2	0	6	5	0	0	1
chr9	66803543	66803590	48	10	0	48	32	16	6	3	2	4	4	0	1	1	2	2	0	1	2	1	1	0	3	1	1	2	2	2	0	0	0	0	0	0	1	1	1	2
chr9	66803591	66803719	129	9	0	129	73	56	6	2	10	7	10	0	6	3	6	4	6	1	3	4	2	3	2	3	0	5	6	1	0	4	4	4	0	10	7	3	0	5
chr9	66803720	66803733	14	10	0	14	11	3	1	0	2	2	0	0	0	1	2	0	0	0	2	0	0	0	0	0	0	0	0	0	0	0	0	0	0	0	1	0	0	1
chr9	66803734	66803793	60	9	0	60	30	30	4	1	2	1	2	2	4	1	2	3	3	0	0	3	1	0	3	1	0	4	3	3	0	3	1	1	0	2	3	4	0	1
chr9	66803794	66803811	18	10	0	18	8	10	1	1	0	0	0	0	2	0	0	1	1	0	0	0	0	0	1	1	0	0	1	2	0	1	0	0	0	2	1	1	0	0
chr9	66803812	66803856	45	10	0	45	21	24	0	1	1	1	1	1	1	3	2	1	3	2	0	1	1	2	0	2	1	0	4	1	0	4	0	2	0	0	2	4	0	2
chr9	66803857	66804040	184	9	0	184	115	69	12	6	2	12	4	10	10	4	6	5	7	5	10	1	5	14	9	4	0	9	6	6	0	4	2	3	0	3	12	3	0	8
chr9	66804041	66804289	249	9	0	249	168	81	26	10	5	19	7	10	12	8	12	3	7	8	15	7	5	12	18	4	0	8	5	5	0	5	3	1	0	2	11	5	0	14
chr9	66804290	66804368	79	9	0	79	64	15	12	4	2	10	2	0	1	1	2	0	0	3	11	3	6	6	3	0	0	4	1	0	0	0	0	1	0	1	0	0	0	4
chr9	66804377	66804391	15	9	0	15	7	8	0	0	1	0	0	0	1	0	1	0	1	0	0	1	1	0	0	0	0	1	0	0	0	1	1	1	0	1	0	0	0	2
chr9	66804392	66804518	127	9	0	127	95	32	24	4	4	13	6	2	4	5	5	1	5	4	9	0	0	7	1	1	0	5	0	0	0	2	5	1	0	2	11	0	0	4
chr9	66804519	66804547	29	10	0	29	22	7	3	2	0	1	0	0	1	1	0	0	1	2	3	2	3	1	2	0	0	2	0	0	0	0	0	0	0	0	0	0	0	3
chr9	66804548	66804632	85	9	0	85	57	28	6	1	4	6	4	1	3	3	2	2	4	4	6	3	0	7	2	0	0	4	1	2	0	2	2	1	0	1	6	2	0	4
chr9	66804633	66804708	76	10	0	76	56	20	4	3	2	4	1	10	1	4	2	1	1	0	6	1	0	14	15	0	0	0	0	0	0	0	0	0	0	0	1	0	0	4
chr9	66804709	66804868	160	9	0	160	96	64	7	3	10	9	4	1	10	3	10	5	8	3	9	3	3	7	5	0	0	7	1	3	2	4	6	1	1	7	6	6	1	13
chr9	66804869	66804895	27	9	0	27	14	13	0	1	2	0	0	1	2	0	1	0	2	1	2	0	0	0	1	1	0	1	0	2	0	2	0	1	0	1	2	0	0	2
chr9	66804896	66804945	50	9	0	50	33	17	2	0	1	4	2	2	1	2	1	2	1	3	2	1	3	5	2	0	0	3	2	1	0	0	1	1	0	0	2	1	0	3
chr9	66804946	66804968	23	10	0	23	16	7	1	0	0	3	0	0	0	2	1	0	0	2	2	2	0	2	0	1	1	0	0	0	1	0	0	0	0	0	2	0	1	0
chr9	66804969	66805065	97	9	0	97	63	34	5	5	7	6	5	4	2	4	6	0	0	3	7	3	3	1	5	2	1	4	2	0	0	2	5	1	0	2	3	1	1	5
chr9	66805066	66805252	187	10	0	187	95	92	11	5	8	6	5	9	7	3	6	5	4	3	8	4	7	3	3	10	5	5	9	7	3	9	4	9	2	7	8	3	2	5
chr9	66805253	66805305	53	9	0	53	21	32	0	0	1	1	1	3	4	0	1	1	3	1	0	2	2	0	2	3	0	1	4	3	0	5	2	3	0	3	1	3	0	1
chr9	66805311	66805364	54	10	0	54	21	33	0	2	1	0	1	4	4	0	0	0	4	2	1	1	0	0	1	3	0	3	3	2	2	2	4	3	1	2	1	2	1	2
chr9	66805365	66805433	69	9	0	69	46	23	7	2	3	4	3	1	2	2	1	2	4	1	5	1	1	5	2	0	0	4	1	0	0	2	4	1	0	1	2	2	0	4
chr9	66805434	66805490	57	10	0	57	25	32	2	1	1	0	1	6	7	2	1	2	0	2	0	0	0	0	5	1	0	2	1	0	1	1	8	1	2	3	2	1	0	2
chr9	66805491	66805591	101	9	0	101	75	26	22	1	8	7	3	1	2	3	4	2	0	1	8	3	3	5	2	1	0	4	0	1	0	3	5	0	0	3	2	2	0	3
chr9	66805595	66805640	46	9	0	46	35	11	8	0	0	5	1	0	2	0	0	3	5	0	5	0	0	5	2	0	0	1	0	0	0	0	0	0	0	0	1	0	0	6
chr9	66805642	66805683	42	9	0	42	15	27	0	0	2	0	2	4	3	0	0	0	2	2	0	0	0	0	0	1	0	3	3	1	2	1	5	3	1	1	1	1	1	1
chr9	66805684	66805770	87	9	0	87	44	43	7	1	4	3	0	4	4	3	3	0	7	0	5	0	1	2	1	2	0	2	4	4	2	4	4	4	0	4	2	4	0	4
chr9	66805771	66805815	45	10	0	45	29	16	2	1	2	2	1	1	0	4	1	1	1	1	3	1	1	5	1	0	2	1	1	0	0	0	2	0	2	2	2	1	0	2
chr9	66805816	66805868	53	9	0	53	30	23	3	0	3	3	3	0	3	3	2	4	0	1	1	1	1	1	1	0	0	4	3	1	0	1	3	1	0	2	2	3	0	1
chr9	66805869	66805937	69	10	0	69	48	21	6	1	3	7	3	1	0	5	5	1	1	3	3	1	3	5	1	0	0	2	1	1	0	2	1	0	0	1	5	3	0	2
chr9	66805938	66806107	170	9	0	170	112	58	12	4	8	13	10	4	4	7	3	8	3	5	12	4	6	8	9	3	0	8	5	2	0	3	3	3	0	2	8	2	1	8
chr9	66806108	66806131	24	10	0	24	16	8	1	0	2	1	0	0	0	1	2	0	0	2	1	0	3	2	0	0	0	0	0	0	0	2	0	0	0	0	1	2	0	2
chr9	66806132	66806500	369	9	0	369	246	123	32	11	16	34	19	9	11	11	14	4	8	10	28	11	6	21	13	12	1	10	9	6	0	15	13	1	0	6	15	10	1	10
chr9	66806502	66806763	262	9	0	262	143	119	16	7	5	11	10	12	20	1	6	6	16	6	8	4	5	8	9	9	1	10	9	6	1	12	12	4	0	12	13	9	0	12
chr9	66806764	66807136	373	9	0	373	205	168	25	11	16	13	16	16	20	12	10	7	12	9	14	9	5	10	21	14	0	7	17	8	3	13	14	13	2	16	12	6	3	17
chr9	66807144	66807174	31	9	0	31	31	0	8	0	0	7	0	0	0	0	0	0	0	0	7	0	0	7	0	0	0	0	0	0	0	0	0	0	0	0	0	0	0	0
chr9	66807179	66807348	170	9	0	170	77	93	6	1	5	3	7	10	12	0	1	3	13	2	1	6	6	1	6	4	1	9	9	4	1	9	10	9	1	10	4	5	1	8
chr9	66807349	66807392	44	10	0	44	21	23	1	2	2	0	1	2	1	2	2	1	3	0	1	0	1	0	1	3	0	1	3	2	0	2	1	1	0	2	2	1	2	2
chr9	66807393	66807670	278	9	0	278	153	125	11	11	7	8	11	7	7	16	7	4	12	8	8	5	6	23	9	9	2	7	13	10	6	13	6	11	1	6	13	12	1	6
chr9	66807677	66807762	86	9	0	86	47	39	21	0	1	0	3	4	4	1	0	1	7	3	0	0	0	0	0	0	1	4	4	2	1	2	6	5	1	2	2	2	3	4
chr9	66807766	66807920	155	9	0	155	71	84	8	3	2	4	2	3	7	7	3	3	7	6	4	5	6	1	4	6	1	3	9	7	5	7	2	10	4	6	4	5	3	6
chr9	66807921	66807972	52	10	0	52	17	35	1	0	1	2	1	3	2	0	1	0	3	0	1	1	0	0	1	1	1	1	3	3	3	3	1	6	4	3	1	2	1	0
chr9	66807973	66808084	112	9	0	112	67	45	14	5	6	2	4	2	7	1	4	3	1	4	5	0	4	5	2	3	2	3	5	3	0	3	2	3	0	5	4	1	0	7
chr9	66808085	66808169	85	9	0	85	54	31	9	3	3	6	4	1	3	2	5	2	2	0	4	2	3	3	3	1	2	2	1	2	0	5	3	1	0	2	3	4	0	2
chr9	66808170	66808187	18	10	0	18	11	7	1	1	0	1	0	0	1	1	2	1	0	0	0	0	2	0	0	0	0	1	0	0	0	0	1	0	0	1	2	0	0	1
chr9	66808188	66808449	262	9	0	262	175	87	21	15	9	20	10	5	9	9	11	4	10	4	23	6	8	11	12	4	2	11	2	2	1	6	7	1	1	7	12	3	2	12
chr9	66808455	66808466	12	10	0	12	10	2	6	2	0	0	1	0	0	0	0	0	0	0	0	0	0	0	1	0	0	0	0	0	0	0	0	0	0	0	0	0	0	0
chr9	66808479	66808559	81	9	0	81	30	51	0	1	2	0	1	3	5	1	2	2	11	1	0	0	0	0	0	1	1	4	5	2	3	3	4	5	3	4	2	5	1	7
chr9	66808560	66808594	35	10	0	35	16	19	0	0	1	2	1	0	3	1	2	0	3	0	0	0	1	1	1	0	0	0	1	0	0	3	1	3	1	3	2	1	0	2
chr9	66808595	66808692	98	10	0	98	52	46	8	2	1	5	2	3	5	3	1	3	3	3	4	3	4	1	3	5	2	1	6	2	1	5	1	5	1	3	3	3	0	4
chr9	66808693	66808780	88	9	0	88	40	48	6	0	2	4	3	4	4	4	1	1	2	4	2	2	0	0	2	1	2	2	6	3	3	3	2	7	4	3	4	4	1	0
chr9	66808781	66808811	31	10	0	31	19	12	1	0	2	5	3	1	1	1	3	0	1	0	0	0	0	0	1	0	0	0	1	0	0	1	2	1	0	1	1	1	0	2
chr9	66808821	66808921	101	10	0	101	54	47	3	2	3	4	2	6	7	6	5	3	3	1	3	0	2	3	5	2	0	3	3	3	0	4	7	3	0	4	6	2	0	4
chr9	66808922	66809083	162	9	0	162	104	58	16	11	4	8	7	5	5	4	8	3	4	4	8	1	6	9	3	6	1	9	7	3	1	4	2	1	0	1	9	5	0	5
chr9	66809091	66809102	12	10	0	12	8	4	1	0	1	0	1	0	0	1	1	0	0	0	0	0	0	1	0	0	0	0	1	0	0	0	0	1	0	1	1	0	0	0
chr9	66809103	66809275	173	9	0	173	123	50	26	6	5	14	6	3	5	12	7	1	2	6	12	2	4	10	6	1	0	5	4	0	0	4	7	3	0	4	9	4	0	3
chr9	66809276	66809478	203	10	0	203	109	94	18	7	6	4	5	8	10	7	6	5	7	7	6	3	5	4	8	5	4	6	10	4	3	9	3	10	1	4	8	7	2	9
chr9	66809479	66809562	84	9	0	84	30	54	0	1	1	1	1	3	5	3	2	1	8	0	0	2	2	0	1	1	0	4	4	4	3	5	4	6	3	6	3	5	2	1
chr9	66809563	66809614	52	10	0	52	22	30	1	0	2	1	3	2	1	1	0	2	4	2	0	0	2	0	1	0	0	3	2	1	1	2	4	3	4	1	1	2	1	3
chr9	66809617	66809627	11	10	0	11	11	0	9	0	0	0	0	0	0	0	0	0	0	0	0	0	0	0	0	0	0	0	0	0	0	0	0	0	0	0	0	0	0	0
chr9	66809629	66809681	53	9	0	53	38	15	11	2	4	3	4	1	0	1	4	0	1	1	1	2	0	3	3	0	0	2	0	1	0	1	0	0	0	0	2	2	0	2
chr9	66809683	66809702	20	9	0	20	15	5	4	1	0	2	1	0	0	0	0	0	0	1	2	0	2	1	1	0	0	0	0	0	0	1	0	0	0	1	0	1	0	0
chr9	66809703	66809761	59	10	0	59	39	20	4	2	2	6	1	0	0	3	0	1	1	1	9	2	3	4	1	2	0	1	3	4	0	2	0	0	0	2	0	2	0	1
chr9	66809762	66809811	50	10	0	50	38	12	8	1	1	3	0	2	0	6	4	0	0	0	1	2	2	7	4	0	0	1	0	0	0	1	0	0	0	0	3	1	0	1
chr9	66809812	66809915	104	9	0	104	74	30	5	3	0	2	3	7	0	15	2	3	0	3	1	4	4	20	13	1	0	3	1	0	0	0	4	0	0	0	7	0	0	1
chr9	66809921	66809994	74	9	0	74	54	20	3	1	1	6	3	1	1	5	0	3	2	1	6	4	2	14	5	2	0	2	1	0	0	2	1	1	0	0	3	0	0	2
chr9	66809995	66810011	17	10	0	17	14	3	1	0	0	3	0	0	0	1	0	1	0	1	3	0	1	2	0	0	0	0	0	0	0	0	0	0	0	0	1	0	0	1
chr9	66810012	66810067	56	9	0	56	41	15	7	1	1	6	1	0	1	3	3	1	2	1	4	2	2	6	2	0	0	1	0	0	0	1	1	0	0	1	2	2	0	3
chr9	66810068	66810083	16	10	0	16	12	4	4	0	1	1	0	0	0	0	1	1	0	0	1	0	1	1	0	1	0	0	0	0	0	0	0	0	0	0	0	0	0	2
chr9	66810084	66810427	344	9	0	344	230	114	42	12	13	27	12	7	8	16	12	2	9	8	28	2	13	19	10	6	0	7	11	5	0	12	11	9	0	10	9	8	0	14
chr9	66810428	66810466	39	10	0	39	20	19	1	0	3	1	0	2	3	2	4	0	3	0	0	0	0	0	1	0	0	1	1	0	0	0	2	2	0	4	3	0	0	4
chr9	66810467	66810608	142	9	0	142	82	60	4	4	5	9	11	5	6	5	3	5	5	4	4	6	2	4	12	1	0	6	7	4	0	3	3	2	0	3	5	7	0	5
chr9	66810609	66810630	22	10	0	22	13	9	1	0	2	1	2	0	0	1	1	2	1	0	0	0	0	0	2	0	0	0	0	0	0	1	1	0	0	1	1	1	0	2
chr9	66810631	66811180	550	9	0	550	334	216	53	15	14	29	15	15	26	17	15	17	13	16	28	13	21	26	19	16	3	22	17	7	7	18	10	15	7	13	27	11	1	22
chr9	66811181	66811205	25	10	0	25	9	16	0	0	0	0	0	1	2	0	1	0	4	0	0	0	0	0	0	0	0	1	0	1	1	3	1	2	0	1	1	2	1	1
chr9	66811206	66811259	54	10	0	54	18	36	0	1	2	0	2	5	2	0	1	0	3	2	0	0	0	0	0	2	1	2	3	2	3	1	4	3	4	3	2	2	1	1
chr9	66811261	66811292	32	10	0	32	12	20	0	0	0	0	0	0	2	1	0	2	4	1	0	0	2	0	1	0	0	1	2	1	0	1	0	2	2	2	0	1	2	3
chr9	66811293	66811335	43	10	0	43	35	8	20	2	2	0	2	1	1	0	1	1	0	2	0	0	1	0	2	0	0	2	0	0	0	0	0	0	0	0	2	0	0	2
chr9	66811336	66811473	138	9	0	138	94	44	14	3	2	10	3	3	3	9	5	2	1	4	8	7	10	9	9	4	0	2	2	1	0	6	3	2	0	2	4	2	0	6
chr9	66811474	66811541	68	10	0	68	50	18	10	2	1	7	2	0	1	5	3	1	1	3	5	1	1	7	3	0	0	1	2	0	0	1	2	0	0	0	1	4	0	2
chr9	66811542	66811590	49	10	0	49	35	14	6	0	2	8	3	2	1	2	3	1	0	1	4	1	0	1	3	0	0	0	1	0	0	1	2	0	0	0	2	1	0	2
chr9	66811591	66811824	234	9	0	234	142	92	10	8	7	8	6	14	7	8	7	5	12	6	10	7	9	18	10	5	1	17	12	0	0	7	4	4	0	0	9	10	1	10
chr9	66811825	66811862	38	10	0	38	17	21	1	0	1	2	1	2	1	0	0	2	2	0	1	0	1	2	2	1	0	1	2	3	1	2	0	3	0	1	0	2	1	1
chr9	66811863	66812269	407	9	0	407	261	146	32	16	16	24	13	8	15	9	20	9	11	10	25	5	23	23	13	8	1	16	9	6	0	17	9	4	3	10	14	14	0	22
chr9	66812270	66812525	256	9	0	256	145	111	15	5	13	11	9	7	15	12	11	2	6	10	10	4	7	7	8	2	0	7	10	3	0	9	16	11	2	13	9	6	2	12
chr9	66812526	66812564	39	10	0	39	19	20	1	0	3	1	1	0	1	1	1	0	5	0	2	2	0	0	0	1	0	1	2	1	0	4	0	1	0	2	1	4	0	2
chr9	66812565	66812980	416	9	0	416	252	164	33	13	14	21	13	11	19	20	17	11	15	8	17	7	13	19	18	9	4	11	12	8	0	15	16	8	0	12	17	10	0	23
chr9	66812981	66813065	85	9	0	85	56	29	16	2	2	5	1	0	4	5	3	1	4	1	4	2	1	3	2	1	0	2	3	1	0	3	3	3	0	2	3	2	0	4
chr9	66813066	66813099	34	10	0	34	18	16	1	0	1	2	0	1	4	2	3	0	2	1	0	0	0	0	0	1	0	0	1	0	0	0	3	0	0	4	3	0	0	3
chr9	66813100	66813253	154	9	0	154	76	78	6	5	9	1	5	7	2	7	8	0	11	3	2	2	7	1	7	1	0	5	5	11	1	6	4	4	1	9	5	8	0	9
chr9	66813254	66813265	12	8	0	12	3	9	0	1	0	0	1	0	0	0	0	0	1	0	0	0	0	0	0	0	0	0	0	3	0	1	1	1	0	0	0	1	0	0
chr9	66813266	66813573	308	9	0	308	206	102	29	12	8	25	14	7	5	16	8	4	8	10	22	5	8	23	18	5	1	5	8	9	1	11	6	4	0	4	10	11	0	9
chr9	66813578	66813836	259	9	0	259	155	104	23	14	12	9	16	5	12	8	5	4	9	7	14	5	4	6	15	4	0	9	9	5	0	9	7	9	2	10	10	5	0	10
chr9	66813837	66813879	43	8	0	43	19	24	1	3	1	0	2	2	3	2	1	1	2	0	0	0	0	0	1	3	0	1	4	2	0	2	2	2	0	2	2	1	0	1
chr9	66813881	66813910	30	10	0	30	15	15	1	0	4	1	3	0	2	0	1	1	0	1	0	0	0	0	0	1	0	0	1	0	0	3	3	2	0	1	1	1	0	1
chr9	66813911	66813994	84	9	0	84	54	30	12	3	2	5	2	4	3	1	1	2	1	2	7	0	4	3	4	1	1	3	3	1	0	3	2	4	0	2	2	1	1	2
chr9	66813995	66814086	92	10	0	92	54	38	3	1	4	7	4	1	4	6	6	2	2	3	2	3	3	2	5	0	1	1	3	1	0	3	3	3	0	4	4	3	0	6
chr9	66814087	66814335	249	9	0	249	160	89	24	16	11	14	11	4	13	6	11	5	5	6	19	6	4	4	15	8	0	7	4	3	2	8	6	0	1	7	9	6	1	11
chr9	66814336	66814360	25	10	0	25	23	2	4	1	1	4	0	0	0	0	0	0	1	0	6	0	0	4	0	0	0	1	0	0	0	0	0	0	0	0	0	0	0	1
chr9	66814362	66814376	15	10	0	15	11	4	2	0	0	2	2	0	0	0	0	0	1	1	1	0	0	1	0	0	0	0	0	0	0	0	1	0	0	1	1	0	0	0
chr9	66814377	66814549	173	9	0	173	130	43	25	6	5	22	10	5	4	5	8	2	2	5	15	3	4	8	6	1	0	9	1	0	0	1	5	0	0	2	12	1	0	4
chr9	66814558	66815112	555	9	0	555	384	171	46	18	24	45	27	11	16	36	17	12	8	17	42	22	14	28	34	8	0	21	10	2	0	6	18	7	0	11	28	1	0	24
chr9	66815113	66815136	24	10	0	24	18	6	4	0	0	4	0	1	1	0	2	0	1	0	2	0	0	2	0	0	0	0	0	0	0	0	1	0	0	1	2	0	0	1
chr9	66815137	66815525	389	9	0	389	247	142	28	11	19	20	13	9	16	15	23	7	6	12	14	13	18	23	15	6	0	17	11	3	1	9	9	6	0	15	18	9	3	18
chr9	66815526	66815678	153	9	0	153	89	64	7	2	8	8	6	5	5	4	8	5	9	7	5	2	4	3	6	3	0	5	3	6	1	6	0	1	0	3	11	6	1	11
chr9	66815679	66815690	12	10	0	12	7	5	1	1	1	0	3	0	0	0	0	0	0	0	0	0	0	0	0	0	0	1	1	0	0	0	2	0	0	0	0	0	0	0
chr9	66815691	66815868	178	9	0	178	108	70	9	6	5	11	10	3	11	2	6	4	10	6	7	8	4	5	13	2	0	6	4	3	0	6	4	2	0	4	5	6	0	14
chr9	66815869	66815894	26	10	0	26	15	11	2	0	0	2	0	2	1	1	0	2	1	1	1	0	1	0	1	2	0	1	1	1	0	1	0	0	0	0	2	0	0	1
chr9	66815895	66816299	405	9	0	405	217	188	18	9	19	17	10	13	23	16	19	7	17	13	16	3	7	10	15	6	1	10	18	15	0	22	13	15	2	13	15	19	1	21
chr9	66816309	66816349	41	10	0	41	18	23	1	0	1	1	1	1	2	2	0	0	3	1	1	0	1	2	0	0	0	1	3	2	0	3	2	4	0	3	2	2	0	0
chr9	66816351	66816420	70	9	0	70	34	36	3	3	1	0	2	4	3	2	2	2	3	2	1	1	4	0	1	6	0	3	5	2	0	5	0	3	0	1	5	2	0	2
chr9	66816421	66816473	53	10	0	53	31	22	4	1	0	3	1	1	2	5	1	1	1	2	2	3	3	0	4	0	0	2	1	1	1	1	2	2	0	2	3	1	1	0
chr9	66816474	66816529	56	10	0	56	22	34	0	2	1	1	2	1	5	0	2	1	6	1	0	0	0	0	1	2	0	1	1	1	1	5	3	3	1	3	3	3	1	3
chr9	66816530	66816545	16	10	0	16	5	11	0	0	0	0	0	1	2	0	0	1	0	0	0	0	0	0	0	0	0	2	1	0	0	0	2	1	3	0	0	0	0	1
chr9	66816546	66816780	235	9	0	235	156	79	21	9	11	16	19	2	4	12	5	7	4	7	13	4	8	13	13	3	0	6	6	2	0	3	7	3	2	10	11	3	2	7
chr9	66816781	66816803	23	10	0	23	11	12	0	0	1	0	0	4	1	0	0	0	2	0	1	1	0	0	3	0	0	2	2	0	0	1	0	0	0	0	0	2	0	1
chr9	66816804	66816940	137	9	0	137	92	45	11	4	4	14	5	6	3	6	4	3	3	4	12	1	1	10	7	4	0	2	6	4	0	3	1	1	0	2	6	4	0	4
chr9	66816941	66816951	11	10	0	11	4	7	0	0	0	0	0	0	1	0	0	1	1	0	0	0	0	0	1	0	0	0	1	1	0	1	0	0	0	0	0	2	0	0
chr9	66816952	66817193	242	9	0	242	168	74	26	6	4	30	12	10	4	9	16	1	2	4	12	8	7	17	13	4	1	6	7	10	0	2	4	0	0	2	11	4	1	7
chr9	66817194	66817207	14	10	0	14	6	8	1	0	1	0	1	2	1	0	0	0	0	0	0	0	0	0	1	1	0	0	1	0	0	1	1	0	0	1	0	0	0	0
chr9	66817208	66817495	288	9	0	288	176	112	32	12	10	10	17	16	8	16	10	7	6	7	6	3	5	9	22	5	3	8	9	5	2	4	10	6	0	8	16	4	1	9
chr9	66817502	66818043	542	9	0	542	328	214	43	20	25	28	25	18	19	25	20	9	20	12	28	7	5	22	27	11	2	14	18	14	2	17	14	17	1	16	28	9	1	23
chr9	66818044	66818078	35	10	0	35	21	14	0	2	2	2	1	0	2	1	3	1	1	0	1	0	0	3	2	0	0	1	2	2	0	1	0	0	0	0	0	3	0	3
chr9	66818079	66818102	24	10	0	24	10	14	0	1	0	0	0	0	1	3	1	1	1	0	0	0	0	1	1	0	0	0	2	4	0	1	0	1	0	1	1	2	0	0
chr9	66818103	66818415	313	9	0	313	191	122	35	14	15	16	23	6	9	9	16	7	8	7	6	5	5	8	17	7	3	5	11	9	1	12	7	3	0	8	12	14	0	13
chr9	66818416	66818455	40	10	0	40	18	22	0	0	1	1	0	3	4	1	1	1	2	2	1	0	0	0	1	1	1	1	3	1	0	1	2	2	1	1	2	1	0	3
chr9	66818456	66818467	12	9	0	12	5	7	0	1	0	0	1	1	1	0	0	0	1	0	0	0	0	0	0	0	0	1	0	0	0	0	2	0	0	1	1	0	0	0
chr9	66818468	66818631	164	8	0	164	83	81	10	2	5	8	8	4	8	5	4	2	7	4	3	6	4	3	5	6	0	3	10	3	2	11	5	11	0	6	5	7	2	3
chr9	66818632	66818695	64	10	0	64	29	35	7	1	1	1	1	4	4	2	0	1	3	1	1	1	0	0	3	2	0	2	3	3	2	4	3	5	0	2	1	2	2	0
chr9	66818696	66818706	11	10	0	11	11	0	9	0	0	0	0	0	0	0	0	0	0	0	0	0	0	0	0	0	0	0	0	0	0	0	0	0	0	0	0	0	0	0
chr9	66818709	66818841	133	10	0	133	54	79	0	2	0	3	2	7	10	1	2	3	14	2	1	2	5	0	3	4	1	6	6	3	2	7	6	5	4	10	5	6	3	6
chr9	66818842	66818894	53	10	0	53	28	25	10	1	0	3	1	2	1	0	0	1	1	0	3	2	2	1	1	4	1	0	2	4	3	2	0	2	1	1	0	1	0	1
chr9	66818895	66819386	492	8	0	492	275	217	31	11	19	22	10	11	24	17	19	12	25	17	23	10	9	14	16	13	3	12	20	20	3	22	11	12	1	10	16	20	5	32
chr9	66819387	66819432	46	10	0	46	28	18	5	1	4	1	2	0	0	1	1	2	4	0	3	0	1	2	0	1	0	2	2	1	0	1	0	0	0	3	2	2	0	3
chr9	66819433	66819849	417	8	0	417	241	176	22	10	16	22	13	13	21	14	19	6	20	9	16	10	11	17	16	8	0	16	13	15	0	19	15	12	0	7	17	12	0	26
chr9	66819851	66819899	49	8	0	49	30	19	5	2	2	4	3	0	2	4	1	1	0	0	4	1	1	0	4	0	0	0	2	2	0	1	1	2	0	3	1	0	0	1
chr9	66819905	66820212	308	8	0	308	200	108	41	10	16	14	15	10	11	8	13	4	6	7	11	7	10	15	17	6	0	8	6	5	0	10	9	7	0	10	12	3	0	15
chr9	66820213	66820261	49	10	0	49	30	19	2	3	3	0	3	2	0	2	1	0	2	4	1	2	1	2	2	1	2	3	0	1	0	1	2	0	0	0	3	0	2	2
chr9	66820262	66820299	38	10	0	38	21	17	2	0	4	0	2	3	1	1	0	2	1	0	1	1	1	1	2	1	0	3	2	0	0	1	2	1	0	1	1	1	0	1
chr9	66820300	66820698	399	8	0	399	235	164	29	12	12	22	20	11	10	22	12	12	13	9	15	10	10	15	20	14	1	10	18	14	2	15	8	7	1	8	17	14	2	12
chr9	66820700	66820726	27	10	0	27	19	8	4	1	0	3	0	0	0	1	3	0	0	0	1	1	2	2	0	2	0	0	0	1	0	1	0	0	0	0	2	0	0	1
chr9	66820727	66820751	25	10	0	25	16	9	1	1	2	3	4	0	0	0	1	0	1	1	1	0	0	0	0	0	0	1	1	0	0	0	2	1	0	1	1	0	0	1
chr9	66820752	66821669	918	8	0	918	507	411	71	26	41	34	29	31	43	30	45	18	40	24	28	7	14	24	26	36	2	18	43	41	0	50	31	19	1	17	33	38	3	53
chr9	66821679	66821938	260	8	0	260	162	98	15	11	15	10	10	3	11	8	14	5	10	8	12	8	11	10	8	5	0	14	7	3	0	8	6	2	0	8	11	8	0	17
chr9	66821939	66821994	56	10	0	56	34	22	3	3	1	5	3	1	3	0	4	2	1	0	2	0	3	3	2	3	0	0	1	2	0	3	0	0	0	2	4	1	0	2
chr9	66821995	66822100	106	8	0	106	66	40	11	5	4	4	1	7	3	2	8	0	5	2	4	3	5	2	8	0	1	5	2	1	1	3	1	0	0	1	1	6	0	8
chr9	66822105	66822385	281	8	0	281	166	115	15	6	15	17	13	8	9	10	16	5	9	5	9	8	11	10	7	8	0	12	9	7	0	14	9	5	0	8	14	10	0	10
chr9	66822386	66822580	195	10	0	195	114	81	11	7	3	11	9	5	11	6	3	6	10	5	9	4	5	8	6	4	0	11	8	5	1	3	9	4	0	5	9	4	1	10
chr9	66822581	66822643	63	10	0	63	40	23	5	5	2	3	2	0	3	1	3	1	1	3	5	0	4	1	5	0	0	2	0	1	1	3	0	0	0	2	0	4	1	3
chr9	66822644	66822733	90	8	0	90	51	39	6	3	5	4	6	3	4	2	2	4	2	2	4	0	1	1	6	3	0	1	4	3	0	5	2	3	0	1	3	3	0	5
chr9	66822734	66822783	50	10	0	50	28	22	0	1	2	4	4	2	1	3	0	2	2	1	2	0	2	0	4	0	0	1	2	2	0	1	2	0	0	4	2	3	0	1
chr9	66822784	66822843	60	8	0	60	32	28	3	0	3	1	1	4	2	7	2	3	1	0	2	0	0	2	6	1	0	0	4	1	0	1	4	2	0	2	0	3	0	3
chr9	66822844	66822892	49	10	0	49	24	25	0	0	1	3	0	3	4	2	1	1	1	2	2	1	0	1	1	2	1	1	3	1	1	2	3	3	0	2	2	1	0	2
chr9	66822893	66822951	59	10	0	59	26	33	0	1	1	1	2	2	3	1	1	2	5	4	1	0	1	0	0	2	2	1	3	1	1	4	1	3	0	2	4	3	2	3
chr9	66822952	66823052	101	10	0	101	49	52	9	1	1	4	1	4	6	1	3	2	4	0	2	4	5	1	3	4	1	3	6	4	2	5	2	6	2	4	2	2	1	4
chr9	66823053	66823093	41	10	0	41	16	25	0	1	2	0	2	2	3	0	1	0	3	2	0	0	0	0	0	1	1	1	2	1	0	2	3	2	1	3	2	1	1	2
chr9	66823094	66823141	48	10	0	48	22	26	3	1	0	0	2	3	4	1	0	1	5	1	0	0	0	0	1	0	0	4	4	1	0	1	3	3	0	1	2	2	0	3
chr9	66823142	66823298	157	8	0	157	114	43	30	6	6	11	3	4	2	6	7	1	7	5	12	3	3	6	6	4	0	4	3	2	0	4	0	0	0	0	6	3	0	11
chr9	66823299	66823370	72	10	0	72	53	19	6	2	4	9	2	0	2	3	5	0	1	2	8	2	0	6	3	0	2	0	1	1	0	1	0	1	0	1	3	1	0	4
chr9	66823371	66823604	234	8	0	234	138	96	16	10	14	4	12	7	8	11	13	4	12	7	3	4	5	8	9	3	0	12	6	2	0	10	5	5	0	6	18	8	0	10
chr9	66823605	66823622	18	10	0	18	11	7	1	0	1	1	1	0	0	0	1	1	1	1	1	1	0	0	0	0	0	1	0	0	1	0	0	0	0	0	1	1	1	1
chr9	66823623	66823679	57	8	0	57	39	18	4	0	6	3	2	0	1	1	3	3	0	0	5	2	4	3	3	1	0	1	0	0	0	3	0	2	0	2	1	0	0	5
chr9	66823680	66823737	58	10	0	58	38	20	5	0	4	5	3	2	0	1	2	2	1	3	4	0	3	3	0	2	0	2	1	0	0	3	0	0	1	1	5	1	0	2
chr9	66823738	66823802	65	8	0	65	43	22	7	2	5	4	2	0	1	1	5	1	2	1	4	1	3	4	0	1	0	1	0	2	0	3	2	1	0	1	2	1	0	6
chr9	66823803	66823851	49	9	0	49	32	17	1	0	3	6	2	0	2	3	5	0	2	2	2	2	1	1	1	0	0	1	0	0	0	1	2	0	0	2	4	1	0	3
chr9	66823852	66824010	159	8	0	159	92	67	9	8	4	9	10	4	6	4	7	3	6	3	3	5	6	4	10	3	1	5	6	5	1	6	3	5	0	2	5	5	0	9
chr9	66824011	66824051	41	10	0	41	30	11	4	2	1	3	3	1	0	0	0	1	0	0	4	2	3	5	3	2	0	1	0	0	0	3	0	0	0	0	1	0	0	0
chr9	66824052	66824291	240	8	0	240	143	97	13	7	8	17	19	4	9	9	4	6	8	10	8	3	7	10	11	4	0	5	8	5	0	11	10	9	0	5	11	6	0	11
chr9	66824292	66824318	27	10	0	27	9	18	0	0	2	0	1	3	1	0	1	1	0	0	0	0	0	0	0	2	1	0	1	1	2	1	2	2	0	2	1	0	1	0
chr9	66824319	66824455	137	8	0	137	74	63	13	4	4	5	8	5	5	5	4	3	7	4	2	1	1	2	4	5	1	3	6	4	0	7	6	3	1	4	7	5	3	3
chr9	66824458	66824509	52	8	0	52	38	14	9	2	1	5	2	0	1	3	2	0	2	0	5	2	1	2	2	1	0	1	0	0	0	1	2	0	0	2	2	1	0	1
chr9	66824510	66824542	33	10	0	33	21	12	1	1	2	1	2	0	0	1	1	0	3	1	1	4	2	1	1	0	0	3	1	0	0	0	0	0	0	0	1	0	0	4
chr9	66824543	66824612	70	8	0	70	48	22	3	2	3	5	7	1	0	2	1	0	0	6	3	3	3	7	6	1	0	0	1	1	0	4	0	1	0	1	3	3	0	1
chr9	66824618	66824655	38	10	0	38	24	14	4	2	1	3	2	0	1	3	2	0	2	0	2	1	1	0	1	1	0	1	1	0	0	1	1	0	0	2	3	1	0	0
chr9	66824665	66824854	190	8	0	190	136	54	22	8	9	9	7	4	2	7	3	3	6	3	15	7	9	21	16	2	1	3	0	1	1	4	2	1	0	7	2	2	0	11
chr9	66824855	66824870	16	10	0	16	11	5	2	0	1	1	1	0	0	0	1	0	0	1	0	0	1	1	0	0	0	0	1	0	0	0	1	1	0	0	0	0	0	2
chr9	66824871	66824922	52	8	0	52	30	22	5	1	1	2	4	1	1	2	0	0	1	2	1	4	2	1	4	2	0	0	1	3	1	2	3	0	1	2	0	2	0	1
chr9	66824923	66824988	66	10	0	66	39	27	3	4	0	3	4	2	2	5	3	0	1	3	0	2	2	4	1	4	0	3	3	3	0	1	3	0	0	1	6	1	0	0
chr9	66824989	66825043	55	8	0	55	30	25	6	1	4	1	1	1	2	0	5	1	2	2	0	1	2	1	1	2	0	1	0	4	0	5	1	1	0	0	2	2	0	4
chr9	66825044	66825075	32	10	0	32	22	10	3	1	0	3	2	1	1	3	2	0	1	1	0	2	1	1	4	0	0	0	0	0	0	0	0	0	0	0	1	0	0	3
chr9	66825076	66825419	344	8	0	344	236	108	40	13	16	21	15	5	8	15	15	3	13	12	20	10	6	22	16	7	0	8	6	4	0	10	5	2	0	7	18	7	0	18
chr9	66825420	66825462	43	10	0	43	33	10	6	1	1	5	2	0	0	0	2	0	1	1	3	0	3	6	0	1	0	0	0	0	0	3	1	1	0	0	1	1	0	2
chr9	66825463	66825527	65	8	0	65	47	18	3	5	2	4	4	1	1	1	2	0	0	2	6	1	3	10	3	2	0	2	1	1	0	3	2	0	0	0	1	2	0	1
chr9	66825533	66825598	66	8	0	66	46	20	10	1	3	5	3	1	2	1	3	1	1	3	3	5	1	3	4	2	0	2	2	1	0	1	0	0	0	0	1	1	0	4
chr9	66825599	66825643	45	10	0	45	28	17	3	1	0	3	2	3	0	4	1	1	2	1	1	1	2	2	4	0	0	2	1	0	0	0	1	1	0	2	4	0	1	0
chr9	66825644	66826024	381	8	0	381	240	141	29	14	13	20	21	12	8	18	13	5	12	16	13	11	10	24	20	6	2	14	16	5	2	5	10	6	1	7	13	11	5	17
chr9	66826025	66826062	38	10	0	38	23	15	1	2	1	2	1	1	0	6	3	0	0	2	0	0	0	2	2	1	0	0	3	0	0	2	1	1	0	0	2	3	0	0
chr9	66826063	66826588	526	8	0	526	333	193	43	16	22	34	17	14	18	20	22	7	15	15	32	12	17	27	22	8	2	17	13	10	1	21	19	4	2	15	16	23	1	19
chr9	66826600	66826901	302	10	0	302	127	175	30	3	3	5	5	10	12	2	3	8	19	8	4	6	7	1	4	7	7	9	11	15	19	10	6	21	15	12	8	13	7	10
chr9	66826911	66827030	120	8	0	120	83	37	19	6	5	6	5	2	3	4	7	2	1	6	5	2	5	4	2	2	0	7	3	2	0	2	0	1	0	1	9	2	0	5
chr9	66827031	66827112	82	10	0	82	60	22	8	1	6	3	1	2	1	6	3	0	1	2	6	5	1	12	4	2	0	3	1	0	0	2	1	0	0	3	4	1	0	1
chr9	66827113	66827224	112	8	0	112	76	36	11	5	3	9	1	2	4	5	7	0	2	3	9	2	4	7	4	3	0	2	5	2	0	4	0	2	0	2	3	4	0	5
chr9	66827225	66827245	21	10	0	21	13	8	1	2	2	0	2	1	0	0	1	1	0	0	0	0	2	0	1	1	0	2	1	0	0	0	0	0	0	0	0	0	0	2
chr9	66827246	66827505	260	8	0	260	180	80	34	10	11	13	12	2	5	13	6	7	7	9	16	9	7	18	10	4	4	10	4	3	0	6	5	0	0	5	13	6	0	9
chr9	66827506	66827541	36	10	0	36	18	18	0	0	0	0	0	0	1	0	0	1	15	0	0	0	0	0	1	0	0	0	0	0	0	0	0	0	0	0	0	0	0	16
chr9	66827545	66827566	22	10	0	22	11	11	0	0	0	0	0	10	0	0	0	0	0	0	0	0	0	0	10	0	0	0	0	0	0	0	0	0	0	0	0	0	0	0
chr9	66827567	66827623	57	8	0	57	37	20	6	2	2	3	3	8	0	1	3	0	0	1	1	2	3	1	8	2	0	2	2	0	0	1	0	0	0	0	1	1	0	2
chr9	66827624	66827661	38	10	0	38	27	11	5	0	2	3	1	0	2	1	2	0	2	1	2	2	0	2	0	0	0	2	1	0	0	0	0	1	0	1	3	0	0	3
chr9	66827662	66827786	125	8	0	125	81	44	15	3	8	8	8	2	4	8	7	5	2	0	4	3	1	2	8	1	0	4	2	1	0	2	4	2	0	5	9	1	0	4
chr9	66827787	66827900	114	10	0	114	74	40	11	2	4	6	4	3	5	9	5	3	2	5	3	4	1	6	8	2	0	2	2	1	0	1	3	1	0	4	9	1	0	5
chr9	66827901	66827948	48	10	0	48	34	14	8	0	5	3	2	0	1	1	5	1	0	0	2	2	0	2	2	1	0	1	0	1	0	3	0	0	0	0	2	2	0	2
chr9	66827949	66828145	197	8	0	197	149	48	25	6	5	22	8	2	2	13	9	3	2	3	15	6	5	22	10	2	1	4	3	1	1	2	2	2	0	2	10	1	0	6
chr9	66828146	66828195	50	10	0	50	38	12	13	1	3	4	3	1	0	2	2	1	0	1	2	1	2	1	3	0	0	1	1	0	0	0	0	0	0	2	2	0	0	2
chr9	66828196	66828344	149	8	0	149	104	45	13	5	3	14	7	5	3	8	6	1	5	5	10	9	5	3	14	1	0	5	1	0	1	2	2	1	0	1	6	2	1	8
chr9	66828345	66828368	24	10	0	24	18	6	1	0	1	1	1	1	0	1	0	1	1	2	1	0	1	4	1	0	0	1	0	0	0	0	0	0	0	0	2	0	0	2
chr9	66828369	66828562	194	8	0	194	145	49	20	7	9	17	8	3	3	5	4	3	4	5	22	6	7	21	9	1	1	8	1	1	0	3	2	2	0	4	7	1	1	7
chr9	66828563	66828623	61	10	0	61	44	17	7	3	3	4	3	0	1	2	3	0	1	2	4	4	3	3	3	1	0	2	2	0	0	0	0	1	0	1	1	0	0	5
chr9	66828624	66828722	99	8	0	99	57	42	2	6	2	4	5	3	4	7	5	1	2	4	2	1	0	7	6	2	0	3	6	2	1	2	4	3	0	1	3	4	1	4
chr9	66828723	66828797	75	10	0	75	37	38	2	1	6	2	3	0	6	0	5	3	3	1	1	1	1	1	0	2	0	3	2	1	0	7	2	4	1	3	5	3	1	3
chr9	66828798	66828863	66	8	0	66	32	34	3	1	3	3	2	0	4	1	5	1	6	0	1	1	0	0	1	1	0	1	2	6	0	6	1	1	0	2	3	5	0	4
chr9	66828864	66828873	10	10	0	10	6	4	0	0	0	1	0	1	1	0	1	1	0	0	0	0	0	0	1	0	0	0	0	0	0	0	0	0	0	0	1	0	0	1
chr9	66828874	66829030	157	8	0	157	84	73	10	2	12	4	4	4	7	5	10	6	6	0	4	1	6	3	5	5	0	3	6	7	0	9	4	4	0	6	4	6	0	12
chr9	66829031	66829066	36	10	0	36	22	14	4	0	1	3	2	2	0	3	2	1	0	4	0	0	0	0	3	0	0	0	2	0	0	1	0	0	0	0	2	4	0	0
chr9	66829067	66829139	73	8	0	73	45	28	8	1	5	3	2	0	2	4	7	2	0	2	1	1	3	3	1	3	0	0	2	3	0	4	0	1	0	2	5	2	0	4
chr9	66829140	66829151	12	10	0	12	5	7	0	0	1	0	0	0	1	0	1	1	1	0	0	0	0	0	0	0	0	0	0	0	0	0	0	1	0	1	1	0	0	2
chr9	66829152	66829351	200	8	0	200	130	70	23	8	14	7	11	3	7	3	7	4	3	5	11	9	4	10	10	5	0	9	3	5	0	10	3	4	0	1	7	4	0	8
chr9	66829352	66829454	103	10	0	103	73	30	16	3	4	7	4	0	2	5	4	3	2	4	6	0	4	8	1	1	0	5	4	0	0	0	3	0	0	2	3	3	2	5
chr9	66829455	66829639	185	8	0	185	138	47	27	6	8	21	5	0	6	8	12	0	1	7	19	6	5	6	6	1	0	5	1	0	2	0	4	1	0	7	8	1	2	8
chr9	66829640	66829662	23	10	0	23	15	8	1	0	0	2	0	1	2	0	1	1	0	0	0	1	2	2	0	0	0	3	1	0	0	0	2	0	0	0	0	1	0	1
chr9	66829663	66829942	280	8	0	280	207	73	42	7	18	28	13	2	4	5	17	6	5	5	23	4	11	16	9	1	0	10	4	0	0	5	2	2	1	5	8	6	1	18
chr9	66829943	66830024	82	8	0	82	40	42	6	4	2	0	7	3	3	1	0	2	6	3	0	2	0	0	5	2	1	3	5	3	2	2	1	4	0	2	3	3	1	4
chr9	66830025	66830267	243	10	0	243	106	137	10	6	3	7	3	7	13	5	6	5	14	6	6	4	8	2	3	9	2	7	12	10	10	16	4	16	6	10	9	13	4	5
chr9	66830268	66831223	956	8	0	956	371	585	27	17	33	17	25	36	50	11	32	28	46	9	10	7	18	5	26	37	5	19	50	121	32	51	22	51	10	44	24	45	13	33
chr9	66831224	66831315	92	10	0	92	25	67	0	1	1	1	2	2	4	0	1	4	7	1	0	0	0	0	1	2	3	1	4	10	9	5	3	8	4	3	0	7	2	4
chr9	66831316	66831462	147	8	0	147	49	98	4	0	3	1	2	4	14	1	1	6	6	3	1	1	1	1	1	6	1	2	7	17	4	8	9	9	9	7	4	5	0	7
chr9	66831463	66831566	104	10	0	104	26	78	1	1	1	0	2	4	8	3	0	1	3	1	0	0	0	0	1	4	1	0	8	16	5	7	8	14	5	3	0	2	1	2
chr9	66831567	66831880	314	8	0	314	110	204	2	5	5	5	3	23	21	2	9	11	8	8	3	2	2	1	15	9	8	8	19	32	11	16	11	21	10	6	4	17	9	6
chr9	66831881	66831940	60	10	0	60	22	38	0	2	0	0	2	1	4	1	1	1	4	0	0	4	0	0	0	5	2	1	5	7	2	4	1	4	0	1	2	2	0	2
chr9	66831941	66832093	153	8	0	153	54	99	3	4	4	0	2	7	9	3	3	5	8	2	3	0	0	1	1	8	3	4	11	21	5	6	7	7	1	5	2	6	5	5
chr9	66832094	66832227	134	10	0	134	48	86	0	1	4	1	1	5	10	1	3	5	8	2	3	2	1	0	6	2	1	4	6	16	5	7	2	8	3	7	3	7	3	5
chr9	66832228	66832312	85	8	0	85	45	40	13	1	3	2	0	2	4	3	2	3	2	2	3	2	0	1	2	2	2	2	3	8	2	2	3	3	1	1	2	2	1	4
chr9	66832313	66832497	185	10	0	185	115	70	34	5	8	10	6	7	5	4	10	5	4	1	7	3	3	1	5	4	6	5	6	8	0	6	4	3	1	2	7	5	1	7
chr9	66832498	66832561	64	8	0	64	35	29	8	1	3	2	1	0	4	1	2	0	3	1	2	2	2	2	0	1	0	2	4	3	0	3	1	6	0	2	1	0	0	5
chr9	66832562	66832591	30	10	0	30	15	15	1	1	0	2	1	1	4	0	1	0	0	0	1	1	0	0	2	1	0	1	1	1	0	2	3	2	0	1	1	0	0	0
chr9	66832592	66832810	219	8	0	219	160	59	42	8	12	15	7	3	9	4	10	4	1	6	19	5	1	13	10	4	3	3	2	1	0	4	5	0	1	4	6	2	2	11
chr9	66832811	66832880	70	10	0	70	50	20	13	2	5	4	1	1	4	1	7	1	2	4	2	0	1	1	2	0	0	2	1	0	0	0	0	0	0	0	4	1	0	9
chr9	66832881	66833027	147	8	0	147	81	66	11	6	6	2	8	3	8	5	2	3	8	5	3	0	4	5	4	2	0	6	6	5	0	5	7	6	0	7	7	3	0	8
chr9	66833028	66833073	46	10	0	46	27	19	4	3	4	1	4	0	1	2	4	2	1	0	0	0	0	0	1	0	0	3	3	2	0	0	0	1	0	1	3	2	0	2
chr9	66833074	66833145	72	8	0	72	41	31	7	4	4	3	3	0	5	0	6	1	3	0	2	1	1	0	2	2	0	2	3	2	0	4	2	2	0	2	1	3	0	5
chr9	66833146	66833476	331	10	0	331	198	133	33	8	16	15	13	9	16	15	9	5	7	4	17	11	2	18	16	6	3	8	12	9	1	8	20	9	2	12	5	6	1	13
chr9	66833477	66833584	108	8	0	108	68	40	7	5	2	4	2	1	2	11	3	2	3	3	6	4	6	6	5	5	1	1	0	1	0	6	6	1	0	3	5	0	1	4
chr9	66833585	66833710	126	10	0	126	64	62	6	5	4	1	1	8	4	6	4	3	5	6	5	1	1	3	8	3	3	3	5	9	1	6	1	2	0	2	6	7	2	3
chr9	66833711	66834015	305	8	0	305	185	120	14	3	11	23	12	8	8	19	12	7	10	10	13	9	6	18	11	8	0	8	15	11	1	5	7	3	2	10	16	10	1	12
chr9	66834024	66834335	312	8	0	312	192	120	20	12	8	22	12	11	16	5	12	5	8	6	18	8	15	13	15	7	1	13	10	2	0	13	10	9	0	8	10	7	1	13
chr9	66834344	66834353	10	10	0	10	2	8	0	0	0	0	0	0	0	0	0	0	1	0	0	0	0	0	0	0	0	0	0	0	1	1	1	3	0	0	0	0	1	0
chr9	66834354	66834482	129	9	0	129	61	68	8	2	3	3	4	6	8	0	2	2	5	5	2	5	3	2	2	8	1	4	10	5	1	8	1	7	2	4	5	5	0	4
chr9	66834483	66834604	122	10	0	122	69	53	21	4	3	3	7	4	7	1	3	1	9	2	0	1	1	0	2	3	1	4	4	2	0	6	8	4	0	4	5	3	1	6
chr9	66834605	66834671	67	10	0	67	41	26	12	1	6	1	3	3	2	2	5	0	3	3	0	0	0	0	2	2	0	0	3	1	0	0	2	1	0	3	3	0	0	7
chr9	66834672	66835004	333	9	0	333	194	139	20	8	13	17	15	8	22	10	16	8	13	17	7	5	6	8	16	2	0	11	13	5	0	11	9	4	0	13	18	18	0	18
chr9	66835005	66835041	37	10	0	37	23	14	2	0	2	4	1	1	1	1	1	1	1	3	3	1	0	0	1	1	0	0	0	0	1	2	1	1	0	0	2	1	1	2
chr9	66835042	66835094	53	9	0	53	33	20	4	2	0	0	2	4	4	0	1	0	1	2	0	4	2	6	5	1	0	4	1	1	0	1	1	0	0	1	2	1	0	1
chr9	66835095	66835161	67	10	0	67	40	27	5	1	2	3	1	1	3	3	1	1	2	2	4	3	2	5	2	2	0	2	3	4	0	3	2	2	0	0	0	2	0	4
chr9	66835162	66835215	54	9	0	54	44	10	10	3	1	7	3	0	0	0	2	0	2	1	5	1	2	6	1	0	0	2	0	0	0	1	0	0	0	0	2	1	0	2
chr9	66835216	66835431	216	9	0	216	148	68	18	5	9	24	14	3	3	10	6	4	5	5	18	5	2	17	9	2	0	6	5	6	0	6	4	6	0	2	12	4	0	4
chr9	66835432	66835447	16	10	0	16	8	8	0	1	0	0	1	0	2	0	0	1	2	0	0	0	0	0	1	0	0	2	1	0	0	0	0	0	0	0	1	1	0	1
chr9	66835448	66835646	199	9	0	199	132	67	20	9	8	13	9	17	3	8	11	2	2	5	9	3	4	8	23	5	0	3	7	2	0	3	2	0	0	2	5	5	0	9
chr9	66835647	66835688	42	10	0	42	29	13	7	1	3	3	3	1	1	1	3	0	0	2	1	1	0	2	2	0	0	0	1	0	0	1	0	1	0	1	2	1	0	2
chr9	66835689	66835997	309	9	0	309	210	99	31	13	13	24	19	5	9	10	11	5	8	8	20	10	9	14	11	5	0	17	3	2	3	5	12	1	1	6	16	5	0	11
chr9	66835998	66836382	385	10	0	385	186	199	41	7	7	10	8	14	17	6	8	6	18	15	9	6	10	3	11	7	5	10	13	16	14	15	9	25	14	12	12	11	9	15
chr9	66836383	66836723	341	9	0	341	236	105	38	13	22	24	16	6	5	9	14	4	9	9	29	5	10	22	10	5	0	13	8	3	0	11	8	5	0	5	10	9	0	17
chr9	66836724	66837050	327	10	0	327	146	181	34	5	6	7	8	10	12	2	4	7	19	8	8	6	7	1	4	6	7	11	12	15	19	11	7	23	15	13	9	13	7	9
chr9	66837053	66837078	26	10	0	26	20	6	4	1	1	4	2	0	0	0	0	0	0	0	4	1	1	2	0	1	0	1	1	0	0	0	1	0	0	0	0	0	0	0
chr9	66837079	66837208	130	9	0	130	96	34	13	5	5	11	5	1	3	5	4	1	1	7	12	6	5	11	4	3	0	5	1	0	0	3	1	1	0	2	8	0	0	5
chr9	66837209	66837239	31	10	0	31	23	8	5	5	2	0	4	0	0	1	1	1	0	0	0	0	1	1	3	0	0	3	0	0	0	0	0	0	0	0	2	0	0	0
chr9	66837240	66837293	54	9	0	54	29	25	1	1	1	0	1	5	2	3	2	1	1	3	0	2	2	2	5	2	1	1	2	1	1	1	3	0	0	1	1	2	0	4
chr9	66837294	66837367	74	10	0	74	40	34	2	0	1	6	3	4	3	3	3	2	3	3	1	3	1	0	2	4	3	0	2	2	0	5	3	1	0	0	6	2	1	3
chr9	66837368	66837594	227	9	0	227	127	100	9	5	12	10	12	8	4	10	8	7	7	7	7	9	8	3	7	10	1	10	13	10	0	7	6	2	2	2	8	8	1	12
chr9	66837595	66837626	32	10	0	32	21	11	1	2	2	1	0	0	0	1	1	0	0	2	4	0	0	6	0	1	1	0	0	3	0	2	0	0	0	0	1	1	0	1
chr9	66837627	66837849	223	9	0	223	137	86	29	6	12	14	10	3	6	11	12	4	6	2	10	3	3	5	4	7	0	5	7	6	2	10	9	4	1	6	10	8	0	6
chr9	66837850	66837981	132	10	0	132	85	47	17	5	7	6	5	2	5	2	5	3	2	4	10	2	2	6	3	5	1	3	6	3	0	4	2	1	2	3	3	4	1	6
chr9	66837982	66838423	442	9	0	442	279	163	36	10	12	32	12	16	16	21	19	12	10	15	23	7	12	24	19	7	5	14	12	13	3	8	10	7	1	8	24	9	3	20
chr9	66838424	66838506	83	9	0	83	42	41	5	1	6	1	2	2	4	1	4	4	5	1	2	1	0	3	3	3	1	1	4	5	0	5	1	1	0	1	1	5	0	8
chr9	66838507	66838618	112	10	0	112	41	71	2	0	4	1	2	6	3	3	2	2	6	6	1	1	2	0	2	3	1	3	6	7	6	7	1	10	6	3	5	6	1	2
chr9	66838619	66838732	114	9	0	114	54	60	9	2	0	3	1	4	4	1	1	4	5	3	3	5	7	1	2	4	4	5	6	6	4	3	0	5	3	4	2	3	3	5
chr9	66838733	66838827	95	10	0	95	36	59	0	1	2	1	1	6	6	3	3	2	9	2	0	0	0	0	1	3	1	4	6	2	4	3	5	5	3	5	3	5	2	5
chr9	66838839	66838928	90	9	0	90	50	40	25	1	3	0	1	3	5	1	1	2	4	1	1	0	1	0	2	1	0	2	3	4	1	6	2	5	1	4	3	4	0	1
chr9	66838929	66838954	26	10	0	26	15	11	3	1	3	0	2	0	1	0	1	1	2	0	0	0	0	0	1	1	0	0	0	0	0	1	1	0	0	3	1	0	0	2
chr9	66838955	66839105	151	9	0	151	90	61	14	2	9	6	6	5	6	9	3	5	1	5	7	2	3	6	3	4	0	7	5	4	0	6	12	5	0	1	6	2	0	5
chr9	66839106	66839139	34	10	0	34	18	16	0	1	1	1	1	1	3	3	1	0	1	1	1	2	0	1	3	0	0	1	0	0	0	0	5	0	0	2	0	0	2	1
chr9	66839140	66839194	55	9	0	55	31	24	1	2	2	1	0	0	1	7	3	2	3	2	1	2	1	2	2	1	1	2	2	3	0	2	0	0	0	0	3	3	1	3
chr9	66839195	66839238	44	10	0	44	27	17	2	2	1	2	1	1	0	5	2	1	3	3	2	0	2	0	3	0	0	0	2	0	0	1	0	0	0	0	2	3	0	4
chr9	66839239	66839594	356	9	0	356	206	150	20	5	18	22	10	9	18	15	25	5	15	14	10	6	5	9	10	6	0	9	11	10	2	11	10	7	2	11	19	11	4	25
chr9	66839595	66839651	57	10	0	57	33	24	2	1	2	4	2	2	3	3	3	1	0	2	2	4	0	1	4	1	0	2	2	3	0	3	2	0	0	0	2	4	0	0
chr9	66839652	66839726	75	9	0	75	36	39	1	1	5	0	3	2	3	6	1	1	1	4	2	2	2	2	1	2	1	2	4	1	0	5	7	5	1	1	2	3	0	2
chr9	66839727	66839754	28	10	0	28	14	14	0	0	1	0	0	2	2	2	1	1	2	1	0	0	0	0	2	0	0	1	2	1	0	0	1	1	0	0	1	1	0	4
chr9	66839755	66839921	167	9	0	167	96	71	8	6	6	6	8	5	8	5	5	6	5	4	6	3	6	7	10	2	3	5	6	3	0	5	4	3	2	7	6	6	1	8
chr9	66839922	66840078	157	10	0	157	69	88	8	3	1	6	4	8	6	1	2	4	7	3	4	4	4	4	2	5	6	5	7	11	7	7	5	11	2	2	4	5	3	4
chr9	66840079	66840205	127	9	0	127	58	69	0	3	3	4	4	6	11	0	5	3	8	4	1	2	3	0	4	4	1	5	5	3	1	7	6	4	2	6	6	5	2	7
chr9	66840206	66840217	12	10	0	12	9	3	3	2	0	0	3	0	0	0	0	0	0	0	0	0	0	0	2	0	0	0	0	0	0	0	0	0	0	0	0	0	0	0
chr9	66840218	66840464	247	9	0	247	139	108	12	9	7	8	10	5	11	10	6	7	14	8	8	4	6	14	6	6	1	12	12	9	1	9	6	3	0	7	11	13	0	10
chr9	66840465	66840543	79	10	0	79	46	33	5	5	3	1	0	3	4	3	2	1	1	0	7	4	3	2	3	3	0	8	4	4	0	1	2	1	0	3	1	1	2	0
chr9	66840544	66840631	88	9	0	88	44	44	4	1	4	2	5	5	6	2	0	4	4	2	2	2	0	0	5	2	0	5	5	4	0	1	2	2	0	7	6	2	0	2
chr9	66840632	66840888	257	10	0	257	126	131	21	5	7	5	8	14	12	1	5	5	15	9	5	5	6	1	10	10	3	6	11	12	6	11	6	10	3	9	8	8	4	14
chr9	66840889	66841056	168	9	0	168	88	80	13	8	4	5	8	5	6	5	2	4	10	6	7	3	0	2	7	5	2	5	6	4	6	6	3	7	2	4	8	6	2	5
chr9	66841057	66841074	18	10	0	18	14	4	1	1	2	2	1	0	0	1	1	0	0	1	2	0	0	0	1	0	0	0	0	0	0	0	0	0	0	0	1	0	0	2
chr9	66841075	66841302	228	9	0	228	139	89	20	8	7	11	7	11	9	11	7	2	13	3	12	5	5	7	11	3	2	10	5	4	0	6	11	3	0	8	11	5	0	9
chr9	66841303	66841321	19	10	0	19	14	5	3	1	0	2	0	1	0	0	1	0	1	0	2	1	1	0	2	0	0	0	0	0	0	0	0	0	0	0	0	0	0	2
chr9	66841322	66841648	327	9	0	327	203	124	21	8	9	21	8	8	15	15	17	7	11	10	13	8	17	14	17	4	3	8	3	5	2	10	13	3	1	9	13	8	0	24
chr9	66841649	66841758	110	10	0	110	80	30	15	6	2	7	3	3	1	5	3	0	3	2	9	3	6	12	5	2	0	5	0	0	2	2	2	0	0	2	4	1	0	3
chr9	66841759	66841967	209	9	0	209	145	64	16	5	7	20	8	5	6	10	8	4	5	3	16	11	7	13	15	4	0	6	4	1	0	5	4	1	0	3	6	4	0	10
chr9	66841968	66842015	48	10	0	48	35	13	6	4	2	2	1	1	0	1	2	0	1	0	4	1	6	3	1	0	0	4	0	0	0	0	1	0	0	3	1	0	0	2
chr9	66842016	66842086	71	9	0	71	50	21	9	4	6	3	2	3	1	0	5	0	2	3	5	0	2	3	1	3	0	3	2	0	0	2	0	0	0	0	3	1	0	6
chr9	66842087	66842188	102	10	0	102	66	36	4	3	3	11	4	1	2	9	4	0	3	4	9	2	3	4	2	1	0	3	3	1	0	2	6	2	1	3	5	2	1	2
chr9	66842189	66842321	133	9	0	133	100	33	18	5	6	11	8	3	1	5	5	1	2	4	8	1	3	18	6	1	0	3	3	0	0	1	3	1	0	2	5	2	0	5
chr9	66842322	66842365	44	10	0	44	30	14	4	2	1	3	4	1	1	2	1	1	2	0	1	2	2	1	2	0	0	4	0	0	0	0	3	0	0	1	3	0	0	1
chr9	66842366	66842666	301	9	0	301	155	146	14	5	5	13	10	12	15	8	4	4	13	11	9	8	11	12	9	9	2	8	14	15	3	13	9	12	4	15	13	9	1	9
chr9	66842667	66842730	64	10	0	64	26	38	0	2	2	1	4	5	5	1	1	0	3	1	0	0	0	0	3	0	0	4	5	2	1	2	6	5	1	3	1	3	0	1
chr9	66842731	66842870	140	9	0	140	95	45	17	6	6	9	8	2	5	5	5	4	6	3	8	1	1	8	7	1	0	5	2	0	0	2	5	1	0	4	6	2	2	7
chr9	66842871	66842990	120	10	0	120	61	59	5	3	3	3	3	4	5	7	5	4	6	1	1	1	5	3	5	2	1	5	1	3	2	10	7	6	1	0	7	5	0	4
chr9	66842991	66843137	147	9	0	147	84	63	10	3	5	8	3	4	10	3	5	7	6	3	7	2	3	4	6	2	3	5	5	1	1	6	4	4	1	3	5	5	1	10
chr9	66843138	66843163	26	10	0	26	10	16	2	1	0	0	1	3	1	0	0	1	0	0	0	0	0	0	0	3	1	0	2	2	1	1	3	1	0	0	1	0	0	0
chr9	66843164	66843543	380	9	0	380	201	179	12	9	18	13	16	15	19	16	13	9	25	6	11	9	3	7	17	12	0	13	15	10	0	20	14	11	0	13	20	11	2	19
chr9	66843544	66843648	105	10	0	105	51	54	7	5	3	0	6	7	5	1	2	2	6	0	0	2	3	1	4	4	1	8	4	1	3	2	7	2	2	5	4	3	1	2
chr9	66843649	66843750	102	9	0	102	46	56	2	2	1	4	2	6	7	2	3	0	7	2	2	2	2	2	2	5	1	2	6	3	0	7	5	4	1	7	4	4	2	1
chr9	66843751	66843852	102	10	0	102	53	49	13	4	2	1	6	3	6	2	0	4	8	2	1	0	0	1	4	2	1	3	3	2	2	2	7	3	0	4	3	3	1	7
chr9	66843853	66843916	64	9	0	64	26	38	0	1	0	1	0	3	5	2	2	2	4	1	0	2	2	0	3	3	0	2	3	2	3	4	2	3	0	3	3	3	1	2
chr9	66843917	66844000	84	10	0	84	47	37	11	2	0	4	2	1	2	3	1	3	4	2	3	2	4	1	2	4	2	1	3	3	3	3	1	3	0	2	3	2	1	4
chr9	66844001	66844057	57	9	0	57	20	37	0	0	0	1	0	3	3	2	0	0	3	4	1	1	1	1	1	1	1	1	4	2	1	4	2	6	4	2	1	3	2	0
chr9	66844058	66844133	76	10	0	76	40	36	5	3	2	2	4	3	5	2	3	2	3	1	1	1	1	1	3	3	0	3	5	0	1	3	1	5	0	2	5	1	0	3
chr9	66844134	66844188	55	9	0	55	23	32	1	0	1	2	2	4	3	2	0	0	3	2	1	1	0	0	1	2	0	1	4	2	1	3	5	5	0	2	2	1	1	1
chr9	66844189	66844205	17	10	0	17	5	12	0	0	0	0	0	1	1	1	0	0	0	0	0	0	1	1	0	0	0	1	2	2	0	1	1	2	1	0	0	0	0	0
chr9	66844206	66844336	131	9	0	131	76	55	10	2	9	4	7	2	3	7	6	4	3	2	2	4	5	5	3	6	0	4	7	2	0	6	5	1	0	5	4	6	0	5
chr9	66844337	66844387	51	10	0	51	29	22	2	1	2	3	2	1	0	4	3	0	4	1	1	2	0	2	2	1	0	1	1	1	0	3	0	1	2	1	4	2	1	1
chr9	66844388	66844514	127	9	0	127	69	58	9	6	8	1	4	3	4	4	8	3	8	0	2	0	5	3	4	4	0	4	2	6	1	5	6	1	0	5	3	4	1	11
chr9	66844515	66844527	13	10	0	13	6	7	0	0	1	0	1	1	1	0	0	1	0	0	0	0	0	0	1	1	0	0	1	0	0	0	1	0	0	1	0	0	0	1
chr9	66844528	66844583	56	9	0	56	32	24	2	2	2	0	1	1	3	5	2	0	1	2	2	0	2	5	0	2	0	1	2	1	0	3	4	2	0	4	4	1	0	0
chr9	66844584	66844623	40	10	0	40	24	16	0	1	0	3	3	2	1	3	1	0	1	2	0	4	0	2	5	0	1	2	3	0	0	0	0	0	0	0	1	3	0	0
chr9	66844624	66844681	58	9	0	58	31	27	4	2	2	0	1	4	4	1	4	1	6	1	0	0	0	0	2	1	0	4	4	1	0	0	1	0	0	1	3	3	0	6
chr9	66844682	66844779	98	10	0	98	60	38	6	1	5	7	5	3	1	5	4	3	5	4	3	2	1	4	3	2	2	2	3	0	0	4	4	1	0	0	4	4	2	6
chr9	66844780	66845003	224	9	0	224	131	93	14	9	8	11	7	8	16	5	15	5	6	5	6	4	3	7	12	2	2	10	6	4	1	7	8	4	0	6	10	8	3	10
chr9	66845004	66845028	25	10	0	25	17	8	4	1	1	1	1	1	0	3	2	0	0	1	0	1	0	1	2	0	0	1	0	0	0	0	0	0	0	0	2	0	1	0
chr9	66845029	66845148	120	9	0	120	80	40	15	3	2	13	4	5	6	6	6	1	2	2	8	0	2	4	4	3	0	2	4	2	0	1	7	2	0	3	5	0	0	6
chr9	66845149	66845254	106	10	0	106	57	49	1	2	3	4	5	1	2	10	2	4	7	6	2	1	0	5	4	2	1	1	6	4	1	3	4	2	0	2	5	6	2	6
chr9	66845255	66845321	67	9	0	67	36	31	3	2	4	3	4	1	5	0	4	1	2	2	1	1	0	2	3	2	0	0	2	3	0	4	2	1	0	4	3	3	0	3
chr9	66845322	66845358	37	10	0	37	17	20	0	0	1	0	0	1	4	2	1	1	1	1	0	1	2	1	0	1	0	2	2	0	0	1	5	1	0	4	1	1	0	1
chr9	66845359	66845408	50	9	0	50	18	32	0	0	2	1	1	1	2	0	2	1	6	1	0	0	0	0	0	1	1	0	2	4	1	5	0	4	2	2	2	3	0	4
chr9	66845409	66845545	137	10	0	137	78	59	3	3	7	5	4	4	7	4	5	3	12	7	6	0	2	4	0	3	0	8	0	1	1	5	9	1	1	3	11	2	2	12
chr9	66845546	66845716	171	9	0	171	93	78	7	5	3	11	9	5	5	8	4	3	3	6	6	4	5	9	10	6	0	1	9	7	2	10	4	8	3	1	4	7	1	3
chr9	66845717	66845829	113	10	0	113	61	52	5	3	3	1	1	5	7	5	4	2	3	6	2	4	2	6	5	7	0	2	7	2	0	6	3	1	1	3	5	5	1	4
chr9	66845830	66846087	258	9	0	258	163	95	19	6	10	15	8	9	8	13	13	2	10	10	11	6	11	10	11	6	1	5	10	2	1	3	6	2	0	12	11	6	0	19
chr9	66846093	66846235	143	9	0	143	86	57	10	7	10	5	3	5	8	2	9	2	3	3	9	1	2	6	6	2	1	5	5	2	0	4	3	3	1	7	4	4	2	7
chr9	66846236	66846337	102	10	0	102	60	42	5	1	4	3	2	3	5	3	2	5	2	2	4	5	11	2	4	2	0	8	2	1	0	3	3	1	0	6	4	2	0	5
chr9	66846338	66846401	64	9	0	64	48	16	13	2	6	4	5	1	1	0	6	1	0	0	2	2	0	4	3	0	0	3	0	0	0	0	1	0	0	1	3	1	0	3
chr9	66846402	66846468	67	10	0	67	46	21	9	2	3	7	6	0	2	2	4	0	0	3	2	1	1	4	2	1	0	0	3	0	0	0	1	2	0	3	4	1	0	2
chr9	66846469	66846530	62	9	0	62	45	17	10	0	3	8	2	0	2	4	5	2	2	0	4	0	0	2	0	0	0	2	1	0	0	0	1	1	0	2	6	0	0	3
chr9	66846540	66846599	60	9	0	60	45	15	3	1	3	10	0	0	0	5	4	0	0	1	8	3	1	4	2	1	0	1	1	1	1	1	1	1	0	0	1	1	1	2
chr9	66846600	66846642	43	10	0	43	32	11	4	2	1	7	2	0	0	2	3	0	1	1	4	1	1	2	0	1	2	0	1	0	0	0	1	0	0	1	2	0	0	2
chr9	66846643	66846726	84	9	0	84	53	31	6	4	3	6	4	0	3	4	4	3	2	1	5	1	3	3	4	3	0	1	3	2	0	4	1	0	0	1	3	4	0	4
chr9	66846727	66846810	84	10	0	84	44	40	5	0	6	3	3	3	3	2	6	1	3	2	0	1	2	3	1	3	0	2	3	2	1	5	3	4	2	1	3	2	1	6
chr9	66846811	66847235	425	9	0	425	225	200	13	9	18	16	16	14	26	20	19	11	17	12	8	7	13	6	18	10	1	12	19	11	0	17	19	9	0	23	20	16	1	22
chr9	66847236	66847602	367	10	0	367	177	190	22	12	7	10	15	16	19	9	8	8	17	8	6	8	9	3	17	11	5	11	18	14	6	16	14	16	6	13	10	13	7	11
chr9	66847603	66847655	53	9	0	53	29	24	3	0	3	3	0	1	4	2	3	1	2	1	3	0	0	2	0	1	1	0	1	0	0	2	2	2	2	5	4	0	1	2
chr9	66847656	66847741	86	10	0	86	51	35	12	2	6	4	5	3	4	0	4	2	1	1	2	2	1	1	1	5	0	3	4	1	1	3	3	1	0	4	4	2	1	1
chr9	66847742	66847803	62	9	0	62	39	23	9	4	3	1	2	2	1	3	3	1	1	0	4	3	1	0	3	3	2	1	2	1	0	3	1	0	0	1	2	2	0	1
chr9	66847804	66847830	27	10	0	27	16	11	1	0	2	2	2	0	0	1	1	0	0	2	1	1	0	2	0	1	0	0	0	3	0	2	0	1	0	0	3	0	0	0
chr9	66847831	66847979	149	9	0	149	85	64	11	6	8	3	5	4	9	4	7	3	7	2	6	4	2	2	4	4	0	9	9	3	0	4	6	2	0	4	3	7	0	9
chr9	66847980	66848010	31	10	0	31	14	17	1	1	2	0	1	0	1	2	2	0	0	1	0	0	1	1	0	1	0	0	2	2	0	3	2	2	0	1	1	2	0	0
chr9	66848011	66848481	471	9	0	471	261	210	22	8	27	17	14	15	22	20	21	13	19	11	17	9	11	13	15	11	1	18	20	19	0	18	17	11	1	15	20	16	0	28
chr9	66848482	66848493	12	10	0	12	5	7	0	0	0	0	0	2	1	0	0	0	0	0	0	0	0	0	2	1	0	0	1	0	0	1	1	1	0	0	0	0	0	0
chr9	66848494	66848565	72	9	0	72	48	24	12	4	2	3	4	2	1	2	1	2	2	1	2	1	3	4	3	3	0	3	3	1	0	3	0	1	0	1	3	2	0	1
chr9	66848566	66848590	25	10	0	25	15	10	0	1	1	2	2	0	0	2	1	0	1	0	1	1	1	1	1	0	0	1	0	1	0	1	2	1	0	0	1	0	0	1
chr9	66848591	66848653	63	9	0	63	40	23	5	2	0	5	2	0	3	5	5	1	0	2	1	2	3	2	2	3	0	1	5	0	0	2	1	0	0	1	2	4	0	2
chr9	66848654	66848673	20	10	0	20	14	6	3	1	1	0	0	1	1	1	1	0	0	0	1	1	0	1	1	1	0	1	1	0	0	0	0	0	0	0	1	0	0	1
chr9	66848674	66848738	65	9	0	65	22	43	1	0	3	1	4	2	2	0	0	0	3	1	0	1	3	0	0	0	1	2	3	3	3	5	4	9	3	5	1	2	1	0
chr9	66848739	66848815	77	10	0	77	47	30	9	2	0	4	2	2	3	2	1	3	4	3	3	2	3	2	3	4	1	1	2	1	1	4	0	1	0	1	4	2	0	5
chr9	66848816	66848894	79	9	0	79	31	48	0	1	1	2	1	2	7	2	2	1	3	1	1	2	3	0	1	2	1	2	6	3	1	6	2	7	4	5	3	4	0	1
chr9	66848895	66848966	72	10	0	72	27	45	0	0	2	0	2	3	5	1	0	2	7	3	0	0	0	0	0	0	0	5	3	2	3	0	6	4	3	7	3	2	4	3
chr9	66848967	66849148	182	9	0	182	124	58	31	2	11	12	13	3	3	8	7	3	4	11	4	3	4	3	7	3	0	2	5	0	0	4	5	0	0	7	10	6	0	9
chr9	66849149	66849333	185	10	0	185	101	84	18	3	9	3	5	7	6	13	7	6	7	4	3	4	5	0	5	7	0	9	10	2	0	8	8	3	2	5	8	9	2	5
chr9	66849334	66849396	63	9	0	63	23	40	0	1	1	2	2	1	3	1	2	0	7	1	0	0	2	0	0	1	0	1	1	2	3	5	4	5	2	4	2	4	1	3
chr9	66849397	66849444	48	10	0	48	22	26	3	0	0	2	0	3	2	0	0	2	1	0	1	3	4	0	1	2	2	3	4	2	0	2	0	3	2	1	0	1	1	1
chr9	66849445	66849454	10	9	0	10	10	0	8	0	0	0	0	0	0	0	0	0	0	0	0	0	0	0	0	0	0	0	0	0	0	0	0	0	0	0	0	0	0	0
chr9	66849456	66849509	54	9	0	54	28	26	4	2	0	1	0	1	1	1	1	2	3	4	2	2	2	2	0	3	2	1	2	2	2	1	0	0	2	0	1	2	2	4
chr9	66849510	66849725	216	10	0	216	103	113	20	1	4	5	3	8	14	6	3	4	12	9	4	4	4	2	2	6	2	7	13	2	4	12	8	14	7	7	8	9	3	7
chr9	66849726	66849836	111	9	0	111	53	58	8	2	1	3	2	4	5	1	1	5	3	3	3	4	6	1	4	4	3	4	6	5	4	3	0	5	3	4	2	3	2	5
chr9	66849837	66849957	121	10	0	121	65	56	5	1	4	5	3	6	5	2	0	1	4	7	7	3	4	8	2	1	1	6	7	4	2	3	3	6	2	5	4	5	0	3
chr9	66849958	66850108	151	9	0	151	102	49	14	6	5	12	7	3	3	10	9	1	1	7	7	1	3	11	3	6	0	2	6	3	0	3	6	2	0	0	9	1	0	8
chr9	66850109	66850121	13	10	0	13	8	5	2	0	0	1	0	1	0	1	0	0	0	0	1	1	0	0	1	0	0	0	1	0	0	0	0	1	0	1	0	0	0	0
chr9	66850122	66850188	67	9	0	67	42	25	4	4	3	6	4	3	2	2	5	0	1	0	4	2	0	2	2	3	0	3	4	1	0	2	1	1	0	0	4	2	0	0
chr9	66850189	66850271	83	10	0	83	50	33	7	2	3	6	3	1	4	3	4	0	5	3	4	0	2	2	2	0	0	1	1	2	0	4	6	2	0	2	3	3	0	6
chr9	66850272	66850344	73	9	0	73	43	30	6	4	2	3	4	2	1	6	3	1	2	2	2	1	2	1	2	3	1	2	4	1	0	1	3	0	1	2	4	2	1	2
chr9	66850345	66850358	14	10	0	14	11	3	0	2	1	1	1	0	0	1	1	0	0	0	2	0	0	0	2	0	0	0	0	0	0	0	0	0	0	0	0	0	0	1
chr9	66850359	66850466	108	9	0	108	54	54	2	1	5	0	4	5	7	7	3	8	5	0	0	3	2	1	9	3	0	5	3	2	1	3	5	3	0	4	6	1	1	7
chr9	66850467	66850518	52	10	0	52	32	20	3	6	1	2	6	1	2	2	3	1	0	0	1	1	2	0	5	1	0	3	2	1	0	1	1	0	0	1	3	1	0	0
chr9	66850519	66850570	52	9	0	52	43	9	7	3	0	7	2	1	0	2	0	0	0	0	8	1	1	9	2	2	0	1	1	0	0	1	2	0	0	0	0	0	0	0
chr9	66850571	66850648	78	10	0	78	51	27	4	4	4	2	2	1	2	5	3	0	1	4	5	3	1	9	5	2	0	1	2	3	0	3	1	0	0	1	2	3	0	3
chr9	66850649	66850848	200	9	0	200	105	95	7	6	12	1	6	6	12	8	10	5	12	7	3	3	4	2	7	6	0	7	7	4	0	11	8	5	0	5	10	7	0	17
chr9	66850849	66850861	13	10	0	13	7	6	1	0	1	1	2	0	0	1	0	0	0	0	0	0	0	0	0	0	0	0	1	0	0	0	2	1	0	1	0	0	0	0
chr9	66850862	66850938	77	9	0	77	62	15	10	2	2	5	2	1	0	4	2	0	2	2	5	4	2	17	3	0	0	5	1	0	0	0	0	0	0	0	3	1	0	2
chr9	66850939	66851225	287	9	0	287	180	107	24	6	14	12	8	12	11	13	14	6	7	11	9	8	3	20	12	5	1	14	8	6	2	7	8	1	0	5	17	11	1	9
chr9	66851226	66851335	110	10	0	110	49	61	4	3	3	2	3	5	6	4	4	3	6	1	1	0	2	1	5	2	3	2	3	4	2	5	9	5	4	2	1	4	1	8
chr9	66851336	66851494	159	9	0	159	77	82	7	2	3	8	4	4	8	6	5	4	7	4	4	3	6	1	4	3	3	3	5	6	5	8	5	9	3	7	7	6	1	6
chr9	66851495	66851537	43	10	0	43	18	25	0	0	1	1	2	2	3	1	0	0	4	2	0	0	0	0	0	0	1	1	1	0	1	2	3	3	1	5	4	1	1	1
chr9	66851538	66851688	151	9	0	151	77	74	11	8	4	2	9	5	13	1	3	3	7	5	2	3	1	0	8	5	0	5	10	2	0	4	5	6	2	7	5	3	2	8
chr9	66851689	66851726	38	10	0	38	25	13	4	2	0	3	1	0	3	5	3	1	0	0	2	0	0	0	3	0	0	0	0	0	0	1	1	1	0	2	4	0	0	0
chr9	66851727	66851782	56	9	0	56	30	26	0	0	1	3	2	2	4	2	1	2	1	3	2	3	1	2	2	2	0	2	4	2	0	2	1	3	0	0	3	1	0	3
chr9	66851783	66851804	22	10	0	22	13	9	0	3	0	1	0	0	1	1	2	1	0	0	1	0	1	0	1	0	3	1	0	0	0	1	0	0	0	0	1	1	1	0
chr9	66851805	66851857	53	9	0	53	31	22	7	2	3	1	2	1	3	0	1	0	4	1	3	1	1	0	2	1	0	1	3	1	0	1	0	1	0	5	1	2	0	3
chr9	66851858	66851922	65	10	0	65	45	20	8	1	4	3	3	4	2	1	2	0	1	1	4	3	2	5	5	0	0	3	0	0	0	1	4	1	0	1	1	0	0	3
chr9	66851923	66852176	254	9	0	254	160	94	15	6	5	20	6	6	9	16	9	4	6	6	16	6	6	24	6	6	2	8	12	5	2	5	8	8	0	5	11	6	0	8
chr9	66852177	66852435	259	10	0	259	130	129	30	4	10	4	12	9	15	2	6	5	10	6	1	6	5	4	5	8	1	10	16	6	3	12	8	14	6	12	8	9	4	6
chr9	66852437	66852462	26	10	0	26	19	7	4	0	6	1	0	0	0	0	7	0	0	0	0	0	0	0	0	0	0	0	0	0	0	0	0	0	0	0	0	0	0	6
chr9	66852463	66852624	162	9	0	162	102	60	14	3	7	13	7	7	4	6	6	6	3	2	9	2	2	9	7	4	1	6	8	3	1	5	2	4	0	2	7	6	0	4
chr9	66852625	66852634	10	10	0	10	2	8	0	0	0	0	0	1	0	0	0	0	1	0	0	0	0	0	0	0	1	0	1	2	0	1	0	0	0	0	0	1	0	0
chr9	66852635	66852735	101	9	0	101	60	41	5	4	2	8	6	3	5	8	6	1	1	4	2	0	2	2	6	2	0	1	5	2	0	2	6	2	0	2	5	2	0	5
chr9	66852736	66852746	11	10	0	11	4	7	0	0	0	0	0	0	1	1	0	0	0	1	0	0	0	0	0	0	0	0	1	1	0	0	1	1	0	1	0	0	0	1
chr9	66852747	66852839	93	9	0	93	64	29	7	3	3	10	5	4	3	2	3	2	2	3	8	2	2	3	5	3	0	3	2	1	0	1	3	0	0	1	5	0	0	5
chr9	66852840	66852882	43	10	0	43	25	18	2	2	2	1	2	4	2	1	1	0	0	0	2	2	2	0	5	1	0	2	2	0	0	0	3	0	0	3	0	1	0	1
chr9	66852883	66853201	319	9	0	319	235	84	34	13	15	28	14	8	10	9	15	4	1	10	27	8	6	31	17	3	2	11	4	1	0	4	5	1	0	6	15	4	0	11
chr9	66853202	66853239	38	10	0	38	28	10	6	1	4	4	2	0	0	1	2	0	0	0	5	1	1	1	1	0	0	1	0	0	0	0	1	0	1	2	0	0	0	2
chr9	66853240	66853302	63	9	0	63	39	24	5	3	4	2	2	1	2	4	5	0	0	3	2	1	2	3	3	0	0	2	3	1	0	3	1	1	0	0	2	4	0	2
chr9	66853303	66853367	65	10	0	65	45	20	6	1	3	8	2	2	2	1	4	2	0	1	5	3	2	2	2	2	1	3	0	0	1	2	2	0	0	0	3	1	0	2
chr9	66853368	66853540	173	9	0	173	119	54	16	7	7	17	6	2	4	5	7	2	6	3	18	4	7	7	4	2	0	9	3	3	0	6	3	2	0	3	7	4	0	7
chr9	66853541	66853605	65	10	0	65	37	28	2	2	4	2	1	2	3	0	6	0	2	2	2	1	5	2	1	2	0	2	3	1	0	1	2	0	1	5	0	2	1	6
chr9	66853606	66853626	21	9	0	21	10	11	0	0	1	0	1	1	0	2	0	0	1	1	0	0	1	1	0	1	0	0	1	0	0	1	3	1	0	0	0	1	0	2
chr9	66853627	66853655	29	10	0	29	12	17	0	1	0	0	0	1	4	1	0	1	2	1	0	0	0	0	1	1	0	1	2	2	0	1	1	0	0	3	1	2	0	1
chr9	66853656	66853839	184	9	0	184	81	103	5	4	3	2	4	7	20	3	4	4	13	6	1	2	2	1	5	5	0	6	9	4	1	12	12	7	2	11	7	10	1	9
chr9	66853840	66853854	15	10	0	15	7	8	3	1	0	0	1	0	1	0	0	0	1	0	0	0	0	0	0	0	1	0	1	0	0	0	1	0	0	2	0	0	1	0
chr9	66853855	66853911	57	9	0	57	28	29	4	3	0	1	1	2	5	0	2	2	3	0	1	1	2	0	2	2	0	3	4	3	0	3	0	3	0	1	2	2	0	3
chr9	66853912	66854809	898	10	0	898	511	387	60	18	38	48	36	27	38	32	39	15	31	25	29	29	19	27	36	23	6	24	39	33	3	36	27	24	3	22	30	31	4	44
chr9	66854810	66855547	738	10	0	738	462	276	76	23	23	39	28	21	19	33	26	12	23	25	31	14	23	45	28	19	2	21	29	15	5	19	20	14	4	14	24	20	7	34
chr9	66855548	66855608	61	10	0	61	30	31	2	1	3	1	0	4	4	1	1	3	2	1	4	0	0	2	0	2	3	3	6	1	0	2	1	3	0	2	2	3	1	1
chr9	66855609	66858000	2392	10	0	2392	1528	864	221	79	111	146	114	59	78	92	112	45	57	75	109	51	63	115	110	46	11	67	71	34	3	69	62	29	9	63	100	68	11	110
chr9	66858001	66858341	341	8	0	341	212	129	25	8	24	14	8	6	9	16	21	8	13	12	16	7	11	12	9	4	1	15	8	8	0	14	3	6	1	6	20	12	0	22
chr9	66858342	66858381	40	10	0	40	21	19	2	3	1	1	3	1	2	1	2	0	0	0	0	3	1	0	4	2	0	1	2	1	0	2	1	2	0	1	1	1	0	0
chr9	66858382	66858492	111	8	0	111	64	47	3	3	6	7	4	6	4	4	8	2	2	0	4	5	3	2	6	3	0	6	5	3	0	5	3	1	0	2	4	6	0	2
chr9	66858493	66858515	23	10	0	23	13	10	0	0	0	1	0	1	1	2	0	1	2	2	1	1	0	0	0	2	0	1	2	0	0	0	0	0	0	0	2	0	0	2
chr9	66858516	66858589	74	8	0	74	45	29	6	2	4	2	2	3	4	3	5	2	5	0	1	0	1	4	6	0	0	1	1	1	0	1	1	1	0	4	3	1	0	8
chr9	66858590	66858676	87	10	0	87	51	36	2	2	2	8	7	0	6	3	2	2	3	3	4	4	2	0	3	1	0	4	2	2	0	3	5	2	0	3	6	2	0	2
chr9	66858677	66858734	58	8	0	58	31	27	2	1	1	2	2	3	3	3	1	0	2	3	1	2	3	2	2	0	0	2	2	0	0	3	4	4	0	2	3	1	0	2
chr9	66858735	66858780	46	10	0	46	25	21	2	1	3	1	2	0	2	4	2	0	0	2	1	2	0	3	2	0	0	1	3	2	0	1	1	2	1	2	1	1	1	1
chr9	66858781	66858882	102	8	0	102	61	41	7	5	4	3	3	7	4	2	2	3	0	3	7	3	4	4	5	4	2	7	7	1	0	2	1	2	0	1	3	2	0	2
chr9	66858891	66859091	201	8	0	201	115	86	11	4	7	9	6	6	6	13	8	7	10	6	5	3	5	7	8	6	0	6	13	5	0	7	2	4	1	3	8	10	1	12
chr9	66859092	66859143	52	10	0	52	32	20	4	2	1	4	2	1	1	1	1	1	1	2	3	2	3	1	1	2	1	2	3	2	1	1	0	2	0	0	1	1	0	3
chr9	66859144	66859221	78	8	0	78	54	24	7	2	2	7	4	0	2	3	3	2	1	1	4	5	5	5	3	1	0	5	2	0	0	2	2	0	0	1	2	3	0	2
chr9	66859222	66859271	50	10	0	50	37	13	7	2	2	5	2	0	1	4	4	1	0	3	2	1	0	1	1	1	1	1	0	0	0	1	0	0	0	0	6	0	1	1
chr9	66859272	66859364	93	8	0	93	58	35	7	1	4	6	2	0	4	4	2	1	4	6	7	2	6	1	2	0	0	2	2	1	0	3	4	3	0	5	2	2	0	8
chr9	66859365	66859483	119	8	0	119	80	39	7	2	4	6	5	6	3	8	1	1	0	8	7	3	4	14	7	4	0	1	2	1	0	3	5	1	0	4	8	0	0	2
chr9	66859484	66859580	97	10	0	97	62	35	3	2	1	10	5	2	5	7	4	4	1	5	4	2	1	5	6	1	1	2	3	0	0	1	2	2	1	1	8	1	1	4
chr9	66859581	66859757	177	8	0	177	118	59	13	6	7	12	6	1	6	10	10	3	5	2	8	9	7	12	9	2	0	8	3	3	0	4	3	2	0	4	8	3	0	9
chr9	66859758	66859801	44	10	0	44	29	15	4	1	3	2	1	2	2	1	1	1	1	3	4	0	1	1	1	0	0	3	1	1	0	0	2	0	0	0	2	1	0	3
chr9	66859802	66859855	54	8	0	54	30	24	3	1	2	1	2	1	4	1	2	1	2	2	0	3	1	2	4	1	0	1	4	0	0	1	0	3	0	3	2	1	0	4
chr9	66859856	66859915	60	10	0	60	39	21	11	1	4	4	2	1	1	1	3	1	1	0	4	0	1	3	0	2	0	2	1	6	0	2	0	0	0	2	3	1	0	1
chr9	66859916	66860263	348	8	0	348	264	84	45	8	12	35	12	8	3	14	12	1	5	9	31	12	11	44	11	6	0	12	6	2	1	5	6	2	0	6	14	4	1	8
chr9	66860264	66884585	24322	10	0	24322	15154	9168	2186	753	1014	1355	946	696	833	911	977	448	709	693	1198	622	649	1163	1066	509	126	818	780	467	123	737	591	443	113	567	949	688	108	1082
chr9	66884586	66884658	73	10	0	73	52	21	11	2	2	7	4	0	1	5	4	0	2	5	4	1	0	3	2	1	0	0	2	1	0	2	1	0	0	1	5	3	0	2
chr9	66884659	66886459	1801	10	0	1801	982	819	117	44	71	61	68	54	91	58	56	36	74	54	52	40	53	53	70	48	7	49	84	50	6	92	61	66	4	61	56	67	9	87
chr9	66886460	66886506	47	10	0	47	19	28	1	2	0	0	0	1	1	4	1	2	3	2	1	0	1	0	2	3	0	0	4	1	1	3	0	2	2	1	0	3	3	1
chr9	66886507	66919709	33203	10	0	33203	20291	12912	2887	1034	1316	1766	1225	966	1315	1243	1427	609	1034	933	1464	814	886	1372	1441	698	149	1134	1086	710	176	1053	852	674	130	804	1369	943	131	1560
chr9	66919710	66920007	298	10	0	298	175	123	23	8	7	16	3	16	10	19	22	3	12	4	5	9	6	10	21	3	4	8	8	13	2	9	4	5	1	4	15	11	1	14
chr9	66920008	66920054	47	10	0	47	27	20	2	2	1	3	1	3	1	3	4	0	1	1	1	1	1	1	3	2	0	1	0	3	0	2	2	0	0	0	3	1	0	2
chr9	66920055	66920102	48	10	0	48	27	21	4	2	2	1	1	5	2	2	3	0	2	1	0	0	0	0	5	1	0	1	2	2	0	1	2	0	0	0	1	2	0	4
chr9	66920103	66920341	239	10	0	239	135	104	11	8	6	12	2	11	11	16	19	4	11	5	4	3	4	7	13	4	2	7	5	14	0	8	5	2	1	4	17	7	1	13
chr9	66920342	66921664	1323	9	0	1323	839	484	129	51	44	84	39	45	38	65	77	17	36	27	63	29	35	58	61	32	14	35	38	36	4	41	28	12	1	25	60	39	5	53
chr9	66921665	66921871	207	8	0	207	95	112	1	3	5	4	4	5	15	5	6	8	15	6	1	7	6	2	5	6	2	10	11	10	1	12	6	7	0	7	7	11	5	12
chr9	66921872	66921886	15	9	0	15	7	8	1	0	1	0	1	0	1	0	0	2	0	0	0	0	0	0	2	0	0	0	0	0	1	0	0	0	0	2	0	1	1	0
chr9	66921887	66921985	99	8	0	99	47	52	4	2	4	1	2	1	11	2	3	3	4	2	2	1	4	1	3	1	0	3	0	3	0	8	10	6	0	4	2	2	0	8
chr9	66921986	66922029	44	9	0	44	20	24	2	2	2	0	1	2	2	0	2	0	3	0	1	0	0	1	1	2	0	1	5	2	0	2	0	3	0	3	0	2	2	1
chr9	66922030	66922097	68	8	0	68	29	39	1	1	3	1	5	2	5	1	0	1	4	2	0	2	0	0	1	2	0	2	3	5	0	4	6	4	0	4	4	1	0	2
chr9	66922098	66922136	39	9	0	39	14	25	0	0	1	0	1	3	3	2	0	0	2	0	0	0	2	0	1	0	1	1	1	1	1	1	5	2	1	6	0	1	1	0
chr9	66922137	66922245	109	8	0	109	55	54	5	1	3	5	4	4	8	2	2	3	3	3	3	3	2	4	5	3	0	3	7	2	0	8	5	5	0	4	1	8	0	1
chr9	66922246	66922316	71	9	0	71	28	43	1	0	4	3	2	1	3	1	5	1	1	0	0	1	3	0	1	2	0	0	2	9	2	8	3	6	0	3	2	4	0	1
chr9	66922317	66922512	196	8	0	196	99	97	9	3	7	7	6	6	11	11	7	3	11	6	4	4	2	2	4	5	2	5	13	8	0	6	7	6	2	10	9	8	0	10
chr9	66922521	66922579	59	8	0	59	45	14	2	4	1	4	6	1	0	5	1	1	0	1	3	3	0	12	8	0	0	1	0	0	0	0	2	0	0	0	2	0	0	0
chr9	66922580	66922620	41	9	0	41	25	16	4	0	2	1	0	0	2	2	1	1	3	0	1	2	1	3	0	1	0	2	0	2	0	2	3	0	0	1	1	1	0	3
chr9	66922621	66922689	69	8	0	69	50	19	3	2	5	5	4	3	0	2	4	0	0	2	5	3	3	7	3	2	0	3	1	0	0	1	0	0	0	2	5	0	0	2
chr9	66922690	66922703	14	9	0	14	10	4	0	0	0	1	0	0	0	1	0	0	0	0	1	2	1	4	0	1	0	1	0	0	0	0	0	0	0	0	0	0	0	0
chr9	66922704	66922817	114	8	0	114	78	36	14	3	6	12	8	2	3	1	3	3	2	1	10	2	2	6	5	3	0	2	4	1	0	2	2	2	0	4	3	1	0	5
chr9	66922818	66922892	75	9	0	75	42	33	4	2	3	3	3	1	3	5	3	3	2	0	2	1	3	2	4	3	0	0	4	1	0	5	1	3	0	4	3	3	0	2
chr9	66922893	66922945	53	8	0	53	31	22	0	1	2	1	0	1	3	5	1	3	1	1	3	5	1	3	5	3	0	2	2	0	0	2	0	0	0	0	2	1	0	3
chr9	66922946	66922998	53	9	0	53	30	23	1	1	1	4	0	3	1	0	2	2	1	1	3	1	5	3	2	3	0	2	2	4	0	4	0	0	0	0	0	3	0	2
chr9	66922999	66923096	98	8	0	98	55	43	4	1	7	2	4	4	5	2	3	3	4	1	3	2	1	7	4	1	0	5	3	2	0	6	3	3	0	4	5	5	0	2
chr9	66923097	66923206	110	9	0	110	53	57	9	3	7	2	7	4	7	0	4	3	2	1	1	1	1	1	3	2	0	5	9	5	1	4	3	8	0	5	3	4	0	3
chr9	66923207	66923258	52	8	0	52	29	23	2	2	4	1	3	0	2	4	4	1	2	0	0	1	0	1	2	0	0	2	4	1	0	1	2	1	0	3	1	4	0	2
chr9	66923260	66923358	99	8	0	99	49	50	3	1	3	3	0	5	10	3	4	2	2	3	3	0	4	1	3	2	0	3	7	2	0	4	5	6	0	7	3	3	0	5
chr9	66923359	66923448	90	9	0	90	47	43	2	3	3	2	4	4	5	3	4	5	3	4	0	1	2	1	6	2	1	4	4	2	0	4	2	2	0	0	4	4	1	6
chr9	66923449	66923499	51	8	0	51	30	21	0	2	2	4	4	3	0	4	2	1	2	2	2	0	0	2	2	2	0	2	3	1	0	1	1	0	0	0	5	2	0	0
chr9	66923500	66923639	140	9	0	140	78	62	9	3	10	10	7	4	4	2	6	1	1	4	10	0	2	4	2	4	0	3	6	14	0	8	4	5	0	3	4	5	0	3
chr9	66923640	66923864	225	8	0	225	142	83	27	5	13	12	6	2	11	4	12	4	7	7	12	6	4	8	7	7	0	3	7	3	2	10	5	4	0	5	5	8	0	17
chr9	66923865	66923923	59	9	0	59	29	30	1	1	2	1	1	2	3	2	1	0	2	1	3	0	5	2	0	1	2	1	2	1	0	5	4	4	0	6	2	2	0	0
chr9	66923924	66924147	224	8	0	224	110	114	12	7	5	6	12	9	13	5	4	6	13	6	2	3	2	3	6	9	3	7	15	5	2	12	7	12	1	6	11	8	0	10
chr9	66924148	66924172	25	9	0	25	18	7	4	0	4	0	1	0	0	1	4	0	1	1	0	0	0	0	0	0	0	0	0	0	0	0	0	0	0	0	2	0	0	5
chr9	66924173	66924326	154	8	0	154	98	56	17	4	7	8	4	1	9	6	5	6	5	3	10	4	2	6	7	5	1	2	4	1	0	4	3	3	0	6	6	1	1	11
chr9	66924327	66924354	28	9	0	28	14	14	1	1	1	0	1	3	0	0	1	0	1	0	0	1	1	2	1	0	2	2	2	1	0	1	1	1	0	0	1	1	0	0
chr9	66924355	66924655	301	8	0	301	207	94	34	13	12	25	13	1	6	16	16	6	5	10	22	6	7	13	9	9	0	8	10	5	0	10	1	4	0	1	17	7	2	11
chr9	66924656	66924721	66	9	0	66	48	18	9	1	5	4	2	1	1	1	4	1	0	1	4	2	2	8	3	1	0	1	0	1	1	1	2	0	0	2	0	1	1	4
chr9	66924722	66924850	129	8	0	129	87	42	17	5	3	9	1	1	7	8	6	1	1	6	9	3	5	3	5	4	0	1	3	0	0	5	3	3	0	4	6	1	0	7
chr9	66924851	66925056	206	8	0	206	146	60	17	7	7	17	9	4	3	12	11	2	4	7	11	7	6	20	13	2	0	5	4	2	0	4	1	4	0	1	11	2	0	11
chr9	66925063	66925343	281	8	0	281	203	78	27	6	11	31	11	5	3	15	15	5	6	4	22	10	12	18	14	4	0	8	1	4	0	7	5	1	0	4	14	3	0	13
chr9	66925344	66925355	12	9	0	12	10	2	2	2	0	1	0	0	0	1	0	0	0	0	3	0	0	0	1	0	0	0	0	0	0	0	0	0	0	0	0	0	0	0
chr9	66925356	66925477	122	8	0	122	82	40	16	5	7	5	6	4	6	4	8	3	2	5	3	3	1	3	9	1	0	5	2	0	0	1	3	0	0	1	6	2	0	9
chr9	66925478	66925490	13	9	0	13	9	4	0	1	1	1	0	0	0	0	1	0	0	0	1	0	2	1	0	1	0	0	0	0	0	1	0	0	0	0	0	0	0	1
chr9	66925491	66925570	80	8	0	80	54	26	9	4	2	6	3	1	2	5	5	0	1	2	3	2	4	3	4	2	0	2	2	0	0	4	3	1	0	0	2	3	0	3
chr9	66925571	66925584	14	9	0	14	9	5	0	0	1	1	0	0	0	0	1	0	1	2	1	0	0	1	0	0	0	0	0	0	0	1	0	0	0	0	1	1	0	1
chr9	66925585	66925693	109	8	0	109	73	36	15	3	5	9	5	0	5	2	3	3	3	3	8	3	1	4	1	3	0	4	3	1	1	2	3	1	0	4	5	2	1	4
chr9	66925694	66925718	25	9	0	25	15	10	5	1	1	1	2	0	1	0	1	0	1	1	0	0	0	0	1	0	0	0	1	1	0	2	0	0	0	0	1	2	0	1
chr9	66925719	66925776	58	8	0	58	38	20	6	1	1	6	2	2	2	3	4	2	2	0	3	0	0	3	3	0	1	1	2	0	0	1	1	2	0	1	3	1	1	2
chr9	66925777	66925805	29	9	0	29	19	10	5	1	1	0	1	1	1	0	1	2	0	0	0	2	2	0	3	1	0	2	0	0	0	1	0	0	0	0	0	0	0	3
chr9	66925806	66925891	86	8	0	86	59	27	6	3	1	10	7	1	2	3	0	1	1	6	7	1	2	6	4	2	0	0	2	1	0	4	5	0	0	1	3	4	0	1
chr9	66925892	66925954	63	9	0	63	38	25	3	3	1	5	4	1	2	4	2	1	1	4	3	0	0	3	1	2	0	2	4	3	0	2	2	0	0	0	5	3	0	0
chr9	66925955	66926136	182	8	0	182	128	54	22	8	4	14	8	6	4	6	6	1	7	10	12	2	6	12	9	2	0	6	4	1	0	3	0	2	0	2	11	3	0	9
chr9	66926138	66926395	258	8	0	258	182	76	33	9	14	16	9	4	9	8	16	4	3	9	15	10	8	13	11	2	0	14	3	2	0	6	2	1	0	3	14	6	0	12
chr9	66926396	66926832	437	8	0	437	311	126	52	9	20	45	26	7	7	12	20	5	9	12	28	14	17	26	18	4	0	13	9	2	0	10	12	4	0	8	13	11	0	22
chr9	66926833	66926860	28	9	0	28	20	8	1	2	1	0	0	0	1	3	0	1	0	1	3	1	1	4	3	0	0	0	0	0	0	0	1	0	0	1	0	0	0	2
chr9	66926861	66927105	245	8	0	245	155	90	17	5	13	14	14	5	9	10	8	7	5	11	11	6	5	13	11	5	0	7	11	4	0	5	9	2	0	5	7	9	0	15
chr9	66927106	66927143	38	9	0	38	26	12	8	1	1	4	1	1	1	0	3	1	0	1	2	1	0	1	1	0	2	1	2	1	0	0	0	0	0	0	0	2	0	1
chr9	66927144	66927333	190	8	0	190	129	61	24	7	5	12	8	5	7	8	9	3	6	9	7	5	4	8	9	4	0	7	3	1	0	6	2	0	0	2	14	5	0	8
chr9	66927334	66927386	53	9	0	53	33	20	8	2	4	2	2	2	0	1	3	1	1	2	3	0	0	1	3	1	0	1	2	3	0	3	0	0	0	0	0	4	0	2
chr9	66927387	66927437	51	8	0	51	32	19	6	1	1	3	2	3	0	4	2	0	0	1	1	4	1	2	5	1	1	1	3	2	0	0	2	0	0	0	0	2	1	0
chr9	66927447	66927932	486	8	0	486	328	158	33	12	20	48	24	11	12	22	26	4	9	17	30	12	11	35	18	7	3	12	16	6	2	7	15	3	0	12	20	15	1	21
chr9	66927933	66927956	24	9	0	24	16	8	0	2	0	1	0	1	1	0	0	0	0	0	3	1	2	4	1	1	0	2	0	0	0	1	1	1	0	0	0	0	0	0
chr9	66927957	66928199	243	8	0	243	174	69	32	7	11	19	8	5	9	4	10	1	8	9	19	10	5	15	7	6	1	9	3	0	0	5	4	1	1	4	12	1	0	15
chr9	66928200	66934500	6301	9	0	6301	3856	2445	580	174	247	382	255	172	228	202	253	120	213	167	295	144	163	260	244	135	38	193	202	138	52	186	156	139	40	169	255	166	28	303
chr9	66934501	66934674	174	8	0	174	100	74	8	0	7	6	3	10	7	9	3	6	9	5	7	6	5	8	12	4	0	7	7	3	0	6	3	4	0	5	7	5	0	10
chr9	66934675	66934714	40	9	0	40	23	17	4	1	2	2	3	3	0	1	0	0	1	1	1	2	1	0	1	2	2	1	2	0	0	2	2	1	0	1	1	1	0	0
chr9	66934715	66934771	57	8	0	57	45	12	15	2	3	2	3	0	1	0	3	0	3	1	2	2	0	6	2	1	0	1	0	0	0	1	0	0	0	0	2	0	0	5
chr9	66934772	66934784	13	9	0	13	7	6	2	0	0	1	0	1	1	0	1	0	0	1	0	0	0	0	0	0	0	0	1	0	0	0	0	1	0	0	1	0	0	1
chr9	66934785	66934842	58	8	0	58	40	18	5	1	1	3	2	3	0	1	1	1	2	3	2	1	3	9	2	1	0	3	2	0	0	2	0	0	0	0	2	3	2	1
chr9	66934843	66934855	13	9	0	13	8	5	0	0	1	1	1	0	0	1	1	0	1	0	0	0	0	2	0	0	0	0	0	0	0	0	1	0	0	1	1	0	0	0
chr9	66934856	66934999	144	8	0	144	92	52	6	6	7	8	5	4	3	13	7	4	3	6	8	1	4	5	8	2	0	5	4	2	0	3	7	0	0	1	7	5	0	8
chr9	66935000	66935021	22	9	0	22	14	8	4	2	0	1	1	1	0	1	1	0	0	0	1	0	1	0	3	0	0	0	0	2	0	1	0	0	0	0	0	1	0	0
chr9	66935022	66935405	384	8	0	384	217	167	24	8	14	13	12	16	16	14	9	10	18	11	14	8	15	14	13	14	0	15	16	11	0	19	7	8	0	15	21	13	0	14
chr9	66935412	66935470	59	8	0	59	37	22	7	3	4	5	6	1	0	2	1	0	0	1	4	1	1	0	3	1	0	1	2	2	0	3	4	3	0	0	0	1	0	1
chr9	66935471	66935514	44	9	0	44	28	16	4	2	2	2	4	3	0	2	0	1	0	1	2	0	1	3	3	2	0	1	1	0	0	2	2	1	0	1	2	0	0	0
chr9	66935515	66935701	187	8	0	187	120	67	10	10	8	13	12	3	4	9	2	3	2	3	18	2	9	11	11	3	0	4	6	5	0	5	8	6	0	8	2	2	0	6
chr9	66935702	66935766	65	9	0	65	41	24	1	2	4	4	4	2	1	4	1	2	2	2	5	1	4	2	4	1	0	2	0	0	0	2	3	0	0	3	3	1	0	3
chr9	66935767	66935817	51	8	0	51	30	21	2	5	3	2	7	1	0	1	0	2	0	0	3	0	2	1	4	4	0	0	2	2	0	2	1	0	0	3	2	0	0	0
chr9	66935818	66935842	25	9	0	25	17	8	3	0	1	3	1	0	0	2	1	1	0	0	1	2	0	1	1	2	0	0	1	0	0	1	0	0	0	0	1	1	0	0
chr9	66935843	66935896	54	8	0	54	35	19	10	1	4	2	2	0	0	3	1	1	0	1	6	0	2	0	1	1	0	0	2	2	0	4	1	4	0	1	1	1	0	1
chr9	66935897	66935938	42	9	0	42	25	17	0	4	0	2	4	1	0	4	0	2	2	0	2	0	2	2	5	1	0	1	1	1	0	1	0	1	0	0	2	0	0	2
chr9	66935939	66936173	235	8	0	235	142	93	9	10	7	21	21	3	4	17	4	5	2	3	13	6	10	7	15	5	1	3	11	3	1	8	16	7	0	7	3	6	0	5
chr9	66936174	66936209	36	9	0	36	22	14	4	2	1	1	2	1	1	2	0	0	0	1	2	1	2	1	2	1	0	1	2	0	0	1	2	2	0	1	0	0	0	1
chr9	66936210	66936407	198	8	0	198	129	69	17	9	10	15	14	4	3	9	3	2	2	2	17	5	8	8	10	5	0	6	6	3	0	7	10	5	0	7	4	2	0	3
chr9	66936408	66936493	86	9	0	86	53	33	4	3	2	6	5	2	3	5	2	0	3	1	4	3	4	4	6	0	0	2	2	1	0	2	5	2	0	7	2	2	0	2
chr9	66936494	66936560	67	8	0	67	43	24	2	4	3	4	3	1	1	4	3	0	2	2	5	5	2	2	3	3	0	3	2	2	0	1	1	0	0	1	3	0	0	3
chr9	66936561	66936610	50	9	0	50	36	14	6	0	3	5	0	0	0	5	2	3	0	1	6	1	2	1	2	1	0	1	0	0	0	2	1	0	0	0	3	1	0	2
chr9	66936611	66936828	218	8	0	218	126	92	9	12	14	9	18	5	4	6	2	4	4	3	15	4	9	8	9	8	0	7	9	8	0	9	12	7	0	8	3	3	0	7
chr9	66936829	66936865	37	9	0	37	24	13	4	0	2	3	1	1	1	2	0	0	1	0	4	1	0	3	0	1	0	1	2	0	0	1	1	2	0	3	1	0	0	0
chr9	66936866	66937346	481	8	0	481	299	182	21	23	23	27	28	11	12	22	17	10	8	10	29	15	25	17	28	10	1	20	9	9	0	18	20	8	0	14	16	9	3	16
chr9	66937347	66937370	24	9	0	24	9	15	0	1	1	0	0	2	0	2	1	0	0	0	1	0	1	0	1	0	2	0	2	1	0	2	1	3	0	0	0	1	0	0
chr9	66937371	66937610	240	8	0	240	132	108	14	11	8	9	15	7	8	14	3	3	6	7	10	6	8	2	13	6	2	6	11	7	2	9	9	12	0	11	10	4	0	5
chr9	66937611	66937685	75	9	0	75	30	45	0	1	1	2	1	4	4	2	2	0	5	2	1	2	1	0	1	3	1	2	3	4	3	5	5	4	1	4	3	4	1	1
chr9	66937686	66937764	79	8	0	79	42	37	11	2	0	1	2	4	5	3	1	0	6	4	1	0	1	0	2	2	0	2	5	2	0	3	4	3	0	3	3	3	0	4
chr9	66937765	66937863	99	9	0	99	67	32	15	6	8	5	5	1	1	3	7	0	1	4	6	0	2	2	4	1	2	0	0	1	1	2	4	0	1	3	2	3	0	7
chr9	66937864	66937997	134	8	0	134	80	54	9	7	10	4	10	3	4	4	1	2	0	4	10	4	6	2	10	1	0	5	3	3	0	6	6	6	0	6	2	2	0	2
chr9	66937998	66938711	714	9	0	714	450	264	42	42	44	40	42	14	13	28	20	13	9	9	64	20	31	19	45	10	8	26	6	17	3	30	29	17	0	20	17	11	3	20
chr9	66938712	66938883	172	8	0	172	102	70	8	9	8	8	12	6	8	7	2	2	4	5	11	4	3	4	12	4	0	5	5	2	0	6	10	4	0	8	5	3	0	5
chr9	66938884	66938916	33	9	0	33	17	16	1	1	3	0	2	2	2	0	0	1	1	0	2	1	1	0	1	0	0	4	0	0	0	1	3	1	1	1	0	0	1	1
chr9	66938917	66938993	77	8	0	77	45	32	4	2	3	6	4	3	1	3	2	1	0	2	5	2	3	3	1	4	1	2	4	4	1	2	3	2	0	2	3	1	0	1
chr9	66938994	66939114	121	8	0	121	56	65	5	4	6	2	5	3	7	2	5	1	9	2	3	1	0	0	3	2	1	3	6	3	2	8	4	8	2	5	4	6	1	6
chr9	66939115	66939189	75	9	0	75	39	36	5	2	0	4	2	5	3	3	1	0	1	3	3	4	3	0	4	4	1	2	5	4	1	1	2	2	1	2	2	1	0	2
chr9	66939190	66939246	57	8	0	57	23	34	1	1	2	0	2	2	3	0	1	3	4	2	0	0	0	0	0	4	0	2	4	0	3	5	0	5	0	1	5	3	1	1
chr9	66939247	66939306	60	9	0	60	27	33	2	2	1	2	3	4	4	2	1	0	2	1	1	1	0	0	4	0	1	2	3	2	2	1	4	5	1	4	2	1	0	0
chr9	66939307	66939858	552	8	0	552	348	204	26	27	29	31	35	15	12	23	11	12	13	10	40	13	29	20	38	6	1	23	3	8	0	23	25	9	0	22	19	11	1	15
chr9	66939859	66939879	21	9	0	21	17	4	2	0	1	1	0	0	0	0	0	0	0	1	2	0	1	8	0	0	0	0	0	0	0	2	0	0	0	0	0	1	0	0
chr9	66939880	66940009	130	8	0	130	85	45	11	5	8	10	9	4	2	3	3	1	2	0	11	3	3	9	6	3	0	4	4	1	0	6	6	4	0	4	2	3	0	1
chr9	66940010	66940055	46	8	0	46	26	20	1	3	3	2	5	1	0	2	1	0	0	0	2	1	3	2	2	2	0	0	3	1	0	1	3	2	0	3	0	0	0	1
chr9	66940056	66940297	242	8	0	242	151	91	19	14	10	10	13	7	9	12	5	1	5	5	16	3	8	13	12	5	0	8	8	2	0	7	15	8	0	9	7	2	0	7
chr9	66940298	66940319	22	9	0	22	15	7	0	1	1	3	2	0	0	2	0	1	0	0	3	0	0	1	3	0	0	0	0	0	0	1	1	0	0	0	0	1	0	0
chr9	66940320	66940829	510	8	0	510	308	202	39	21	22	25	30	14	13	21	12	3	16	17	26	12	24	12	25	10	1	14	19	8	1	15	18	16	0	26	16	10	2	20
chr9	66940830	66940877	48	8	0	48	27	21	1	1	1	4	3	2	0	4	1	0	2	3	1	1	1	1	2	0	2	0	4	2	0	0	2	0	0	2	1	3	0	2
chr9	66940878	66940890	13	8	0	13	4	9	0	0	0	0	0	0	0	1	0	1	1	0	0	0	0	0	0	1	0	0	1	3	0	1	0	0	0	0	0	2	0	0
chr9	66940891	66940982	92	9	0	92	60	32	6	3	5	8	4	2	0	7	6	2	2	2	5	1	1	5	2	4	0	2	4	5	0	2	0	0	0	0	7	2	0	3
chr9	66940983	66941052	70	8	0	70	34	36	4	1	6	0	4	2	3	3	2	1	5	1	1	1	0	0	3	0	0	2	1	2	0	4	7	3	0	4	1	3	0	4
chr9	66941053	66941110	58	9	0	58	30	28	2	0	1	4	2	2	2	5	0	3	4	1	3	0	0	0	3	0	0	2	4	2	0	2	0	4	1	1	4	2	0	2
chr9	66941111	66941244	134	8	0	134	74	60	6	4	5	4	7	7	7	5	1	5	5	2	5	4	4	3	10	4	0	6	6	3	0	4	6	2	0	4	4	4	0	5
chr9	66941245	66941321	77	9	0	77	36	41	2	2	2	0	4	6	8	0	1	3	5	2	0	0	0	0	3	2	1	5	2	2	0	2	5	1	1	5	7	1	0	3
chr9	66941322	66941636	315	8	0	315	206	109	40	19	22	14	24	7	5	10	10	5	5	1	21	4	10	9	19	6	0	10	4	3	0	13	15	7	0	10	7	4	0	9
chr9	66941637	66941677	41	9	0	41	29	12	6	1	0	4	0	0	2	1	2	0	1	1	3	3	0	4	1	2	0	1	1	1	0	2	0	0	0	0	1	1	0	1
chr9	66941678	66941777	100	8	0	100	52	48	1	3	5	4	4	3	7	5	7	2	4	4	1	0	1	0	3	2	0	3	6	2	0	4	2	5	0	3	8	3	0	6
chr9	66941778	66941817	40	9	0	40	19	21	0	0	0	0	0	4	2	3	0	0	7	1	0	0	0	0	3	1	0	0	2	0	0	0	2	0	0	4	3	1	0	5
chr9	66941818	66941880	63	9	0	63	34	29	5	3	3	0	1	0	6	0	3	1	6	1	2	0	1	1	1	2	0	1	2	0	0	3	2	2	0	4	2	1	0	8
chr9	66941881	66941922	42	9	0	42	25	17	0	1	2	3	1	2	2	0	1	1	3	2	5	0	0	1	3	0	0	1	0	0	0	3	0	1	0	1	2	2	1	2
chr9	66941923	66942318	396	8	0	396	239	157	28	18	18	20	26	5	12	16	8	10	9	12	21	9	10	16	16	14	0	12	13	15	2	15	12	9	0	9	18	8	0	13
chr9	66942319	66942328	10	9	0	10	8	2	4	0	1	0	0	0	0	0	0	1	0	0	0	0	0	0	0	0	0	1	0	0	0	0	0	0	0	0	1	0	0	0
chr9	66942329	66942393	65	8	0	65	30	35	2	0	1	2	2	3	3	1	1	2	5	0	0	3	4	1	1	4	1	2	3	1	0	4	2	1	0	6	3	3	1	1
chr9	66942394	66942478	85	9	0	85	46	39	9	5	2	0	3	3	5	3	1	2	4	2	2	0	3	1	3	2	0	5	4	2	0	3	3	3	1	3	4	1	1	3
chr9	66942479	66942553	75	8	0	75	55	20	25	2	5	4	6	0	0	2	3	1	1	2	1	1	0	0	1	2	0	1	2	0	0	3	3	0	0	1	3	3	0	1
chr9	66942554	66942567	14	9	0	14	5	9	0	0	0	1	1	0	1	1	0	0	1	0	0	0	0	0	0	0	0	0	0	1	0	0	3	0	0	2	0	1	0	0
chr9	66942568	66942816	249	8	0	249	162	87	16	20	17	11	24	5	3	13	7	2	4	7	17	4	2	9	20	4	1	6	4	2	0	6	17	3	0	3	4	3	1	12
chr9	66942817	66942828	12	9	0	12	9	3	3	0	1	1	0	0	0	0	0	0	0	0	2	1	0	1	0	0	0	0	0	0	0	1	0	0	0	0	0	0	0	0
chr9	66942829	66942899	71	8	0	71	42	29	5	3	5	2	4	2	1	3	2	0	3	0	4	2	4	1	4	0	1	2	0	1	0	3	5	1	1	5	1	2	0	2
chr9	66942902	66942985	84	8	0	84	48	36	8	2	6	3	2	2	4	5	8	1	2	4	0	0	0	0	1	1	1	2	5	0	0	3	4	2	1	1	3	5	0	6
chr9	66942986	66943052	67	8	0	67	35	32	1	2	5	1	2	3	4	0	4	1	3	1	2	2	2	0	1	4	0	3	4	1	0	3	2	0	0	4	2	3	0	5
chr9	66943053	66943100	48	9	0	48	31	17	8	2	3	2	3	2	0	1	2	0	1	1	2	2	0	2	2	2	1	1	3	0	0	1	0	1	0	1	1	0	1	1
chr9	66943101	66943186	86	8	0	86	59	27	7	4	5	9	6	0	1	1	5	0	2	0	8	1	5	4	3	0	0	2	0	1	0	5	3	3	0	2	1	2	0	4
chr9	66943187	66943204	18	9	0	18	10	8	1	1	1	1	3	0	1	1	0	1	0	0	0	0	0	0	1	0	0	1	1	0	0	0	1	1	0	0	1	0	0	0
chr9	66943205	66943346	142	8	0	142	86	56	17	8	8	2	7	10	4	2	4	0	1	1	7	2	8	3	10	1	1	8	4	1	0	3	9	6	1	6	1	0	0	5
chr9	66943347	66943524	178	8	0	178	110	68	16	9	11	8	14	7	2	6	4	1	0	6	10	2	9	3	7	6	1	5	4	3	0	8	13	3	0	6	5	3	1	3
chr9	66943525	66943577	53	9	0	53	31	22	4	2	3	2	4	0	0	3	0	1	1	2	3	0	2	3	2	0	0	1	1	3	0	2	2	2	1	2	2	1	1	1
chr9	66943578	66943721	144	8	0	144	87	57	7	5	7	11	10	5	3	6	4	3	4	0	9	3	5	5	6	4	1	5	5	0	2	2	9	2	1	7	3	3	0	5
chr9	66943722	66943742	21	9	0	21	13	8	1	0	0	1	0	0	1	3	0	0	0	1	1	0	1	3	0	0	0	0	1	0	0	0	2	1	0	2	1	0	0	0
chr9	66943743	66943895	153	8	0	153	89	64	4	8	6	7	11	6	4	7	2	2	2	3	8	3	7	7	11	4	0	5	5	4	0	8	11	4	0	3	1	5	0	3
chr9	66943904	66943973	70	8	0	70	41	29	8	2	2	5	8	2	1	1	2	1	0	1	1	3	1	1	3	4	0	1	4	1	1	3	3	3	2	0	2	1	1	0
chr9	66943974	66944077	104	8	0	104	63	41	5	8	7	4	10	2	1	4	4	1	1	1	5	0	6	3	7	2	0	2	3	2	0	2	7	2	0	5	0	2	0	6
chr9	66944078	66944104	27	9	0	27	17	10	1	3	2	0	1	0	1	0	2	0	0	0	3	1	2	0	1	2	0	1	0	0	0	1	1	0	0	1	0	0	0	2
chr9	66944105	66944321	217	8	0	217	108	109	16	4	8	7	5	11	11	6	3	5	7	7	11	3	2	2	5	8	5	5	14	7	2	11	7	10	5	6	7	7	2	6
chr9	66944322	66944403	82	9	0	82	30	52	0	1	2	1	2	1	5	1	2	2	7	2	0	3	1	0	1	1	1	4	2	4	5	4	3	4	4	5	3	6	1	2
chr9	66944404	66944427	24	9	0	24	7	17	0	0	0	0	0	2	3	0	0	0	1	0	0	0	0	0	0	0	0	2	3	1	0	1	2	2	2	1	0	2	0	0
chr9	66944428	66944562	135	8	0	135	61	74	1	2	7	0	3	5	13	7	5	6	4	6	1	0	0	1	9	2	0	2	7	0	1	5	7	7	2	10	4	4	5	7
chr9	66944563	66944615	53	9	0	53	23	30	3	1	2	0	1	1	2	3	0	2	1	1	2	0	2	2	0	2	2	0	3	5	0	4	3	4	0	1	1	1	0	2
chr9	66944616	66944686	71	8	0	71	34	37	4	0	4	2	1	2	4	4	4	3	0	0	1	2	3	0	2	4	0	1	3	1	1	6	5	4	0	2	1	2	1	2
chr9	66944687	66944732	46	9	0	46	15	31	0	0	0	0	1	3	1	0	0	2	3	0	0	1	3	0	0	3	3	0	5	6	0	4	0	2	0	2	0	4	0	1
chr9	66944733	66944821	89	8	0	89	46	43	4	2	7	1	1	4	3	2	6	1	2	2	3	3	1	3	2	3	1	4	4	7	0	6	1	0	1	2	2	7	0	2
chr9	66944822	66944949	128	9	0	128	72	56	7	6	2	6	4	4	3	7	5	2	7	4	5	3	3	3	11	3	1	0	4	4	2	8	1	2	0	1	3	9	0	6
chr9	66944950	66944991	42	8	0	42	24	18	1	2	1	0	0	2	0	4	1	0	4	1	2	0	2	3	1	0	1	2	1	1	0	0	2	0	0	3	2	1	1	2
chr9	66944993	66945058	66	8	0	66	41	25	5	4	1	5	3	0	3	3	2	0	2	1	5	2	2	3	3	1	0	1	4	0	0	3	1	2	0	3	0	4	0	1
chr9	66945059	66945206	148	8	0	148	94	54	11	4	5	6	4	4	5	13	6	3	0	5	5	4	6	12	8	2	0	5	5	2	0	3	8	1	1	4	5	5	0	4
chr9	66945207	66945230	24	9	0	24	17	7	1	0	1	1	0	3	0	1	0	0	0	0	3	1	0	4	4	0	0	0	1	0	0	0	0	1	0	1	0	0	0	0
chr9	66945231	66945396	166	8	0	166	105	61	12	5	6	13	8	5	5	8	9	4	3	4	6	5	4	7	10	3	0	6	8	5	0	3	2	2	0	2	6	6	0	7
chr9	66945397	66945407	11	9	0	11	5	6	0	1	0	0	1	0	1	1	0	0	0	1	0	0	0	0	1	0	0	0	1	0	0	0	0	1	0	0	0	0	0	1
chr9	66945408	66945539	132	8	0	132	77	55	16	2	5	3	4	8	3	5	4	2	7	3	3	2	3	5	8	5	0	1	5	5	0	7	3	1	0	4	4	6	0	6
chr9	66945540	66945593	54	9	0	54	35	19	1	1	2	5	2	0	1	2	1	0	2	2	5	5	3	3	2	1	0	3	1	1	0	2	0	1	0	1	2	1	0	2
chr9	66945594	66945616	23	8	0	23	11	12	1	1	0	0	0	1	2	2	0	1	0	0	1	1	0	0	3	2	0	0	1	2	0	2	0	0	0	0	1	0	0	0
chr9	66945617	66945666	50	8	0	50	37	13	10	5	3	1	1	1	1	2	2	0	0	0	7	2	0	1	3	2	0	2	0	1	0	2	0	0	0	0	2	0	0	0
chr9	66945667	66945752	86	8	0	86	64	22	14	5	3	10	3	0	5	2	8	0	0	2	6	2	0	2	4	2	0	1	1	0	0	2	1	0	0	1	4	1	0	5
chr9	66945753	66945781	29	9	0	29	19	10	3	2	1	1	0	0	3	2	2	0	0	0	1	1	1	1	3	0	0	0	0	0	0	0	2	0	0	2	0	0	0	2
chr9	66945782	66945924	143	8	0	143	100	43	19	5	1	10	2	8	4	6	3	1	5	7	10	3	4	11	6	6	0	5	5	1	0	1	0	0	0	2	9	1	0	6
chr9	66945925	66945958	34	8	0	34	20	14	1	1	2	1	2	0	0	5	1	1	0	1	0	1	0	3	3	0	0	0	1	0	1	1	1	2	1	0	1	1	0	1
chr9	66945959	66945975	17	9	0	17	11	6	2	1	1	0	0	1	1	0	2	0	0	1	0	1	0	1	1	0	0	1	0	0	0	0	0	0	0	0	1	0	0	1
chr9	66945986	66946304	319	8	0	319	210	109	33	17	15	19	21	4	12	11	12	10	1	9	18	6	11	11	18	9	0	10	8	5	0	8	13	2	0	3	8	5	0	18
chr9	66946305	66946323	19	8	0	19	14	5	4	0	1	2	1	0	0	1	0	0	1	1	1	0	1	0	0	0	0	0	0	0	0	0	0	0	0	2	1	0	0	1
chr9	66946324	66946363	40	9	0	40	27	13	1	1	4	3	2	2	1	1	5	0	0	1	1	1	0	3	2	1	0	1	1	0	0	1	0	0	0	0	2	1	0	3
chr9	66946364	66946560	197	8	0	197	126	71	12	8	4	15	12	6	7	6	7	3	1	4	7	10	9	13	14	8	0	5	10	4	0	5	3	3	0	4	4	4	0	7
chr9	66946562	66946653	92	8	0	92	52	40	7	3	5	2	7	1	3	1	0	1	2	2	3	5	5	3	4	2	1	3	3	2	1	3	3	4	1	8	2	1	1	1
chr9	66946654	66946690	37	9	0	37	24	13	3	2	2	2	1	1	0	3	2	0	2	0	3	0	0	3	1	1	1	0	2	0	0	0	1	0	0	1	1	1	0	2
chr9	66946691	66946910	220	8	0	220	126	94	16	6	5	12	11	6	12	7	7	5	14	6	6	2	3	7	7	2	0	10	9	2	1	5	11	8	3	3	9	5	2	16
chr9	66946911	66946941	31	9	0	31	12	19	0	0	0	0	0	0	3	0	0	1	3	0	0	2	2	0	1	1	0	2	1	2	1	2	0	1	0	3	1	2	1	0
chr9	66946942	66946962	21	8	0	21	9	12	0	1	0	0	1	2	1	2	0	0	0	0	0	0	1	0	2	1	0	0	2	1	0	0	2	1	0	2	0	0	0	0
chr9	66946963	66947042	80	8	0	80	44	36	7	3	1	2	4	1	2	5	1	3	4	4	1	2	2	1	2	4	1	1	5	3	1	2	1	3	0	0	5	1	0	6
chr9	66947044	66947070	27	9	0	27	14	13	1	0	1	1	1	1	1	0	0	0	2	1	1	0	2	1	0	0	0	1	1	1	0	2	1	1	0	2	1	2	0	0
chr9	66947071	66947411	341	8	0	341	208	133	29	14	16	19	24	10	9	10	15	3	10	8	10	6	10	13	16	8	0	9	13	7	1	11	12	8	0	12	12	9	1	14
chr9	66947412	66947466	55	9	0	55	37	18	3	1	3	3	2	0	2	4	2	2	1	5	2	1	1	4	2	0	0	2	0	1	0	1	2	0	0	0	4	1	0	4
chr9	66947467	66948445	979	8	0	979	612	367	85	40	39	54	56	15	35	32	46	13	24	32	31	25	26	58	37	26	2	28	38	19	5	32	20	23	1	20	44	25	2	44
chr9	66948446	66948472	27	9	0	27	21	6	4	2	1	3	3	0	0	1	3	0	0	1	0	0	0	2	2	0	0	0	0	0	0	0	0	0	0	0	2	0	0	1
chr9	66948473	66948622	150	8	0	150	87	63	5	3	15	3	2	3	7	2	15	4	12	1	4	1	4	5	5	1	0	5	1	2	0	8	3	1	0	4	5	7	0	20
chr9	66948630	66948674	45	8	0	45	21	24	1	0	4	0	0	0	0	2	4	0	6	2	0	0	0	0	0	0	0	0	0	4	0	7	0	0	0	0	2	7	0	4
chr9	66948675	66949039	365	8	0	365	192	173	11	10	19	11	12	10	16	19	19	8	9	9	9	10	12	7	15	12	2	10	10	17	2	23	14	8	2	12	18	16	0	11
chr9	66949047	66949230	184	8	0	184	125	59	19	10	9	13	10	5	6	8	10	2	4	3	11	3	3	7	8	4	0	8	6	1	0	1	8	0	0	4	7	3	0	9
chr9	66949233	66949334	102	8	0	102	58	44	12	1	1	5	4	5	7	0	1	2	8	2	3	1	1	3	2	3	0	4	5	2	0	3	6	2	0	4	4	3	0	6
chr9	66949336	66949396	61	9	0	61	26	35	0	0	0	3	1	2	6	0	1	1	4	1	2	3	1	0	1	2	1	2	3	2	1	4	4	4	0	3	1	2	2	2
chr9	66949397	66949510	114	8	0	114	63	51	9	3	7	3	7	2	4	3	2	2	4	3	4	4	3	3	3	4	0	4	7	3	0	5	2	6	1	3	4	1	1	5
chr9	66949511	66949541	31	9	0	31	15	16	0	0	1	1	0	1	1	5	0	0	1	1	2	1	0	1	0	1	0	1	4	1	0	0	1	3	0	2	1	0	0	0
chr9	66949542	66949616	75	8	0	75	59	16	6	0	0	7	2	5	1	6	3	1	0	0	3	5	1	17	11	0	0	1	0	0	0	0	0	0	0	0	3	0	0	1
chr9	66949617	66949640	24	9	0	24	15	9	0	0	0	0	0	4	1	0	0	0	2	0	0	2	0	6	5	0	0	0	0	0	0	0	0	0	0	0	0	0	0	2
chr9	66949641	66949858	218	8	0	218	155	63	25	6	8	16	4	5	3	8	7	2	11	4	18	7	9	20	9	3	1	7	2	2	0	5	3	1	1	5	6	3	0	15
chr9	66949859	66950364	506	8	0	506	310	196	35	22	13	25	21	19	25	21	20	9	17	15	20	15	9	22	29	12	2	22	16	8	2	10	12	8	3	11	29	8	3	21
chr9	66950365	66950671	307	9	0	307	177	130	25	4	12	17	14	10	13	9	9	8	16	11	10	4	3	11	12	5	0	9	12	11	0	12	9	6	1	7	13	13	3	16
chr9	66950672	66950710	39	9	0	39	20	19	1	2	2	0	2	0	1	3	1	1	3	1	0	0	0	2	1	2	0	0	3	0	0	3	1	3	0	0	1	1	0	3
chr9	66950712	66950724	13	9	0	13	7	6	2	0	1	0	0	0	0	0	1	1	0	0	0	0	0	0	0	1	0	0	0	1	0	2	0	0	0	0	0	1	0	1
chr9	66950725	66951032	308	9	0	308	156	152	26	7	9	9	11	10	14	7	12	6	15	10	2	5	7	6	5	11	6	6	15	9	5	13	12	13	4	9	10	10	5	17
chr9	66951033	66951074	42	9	0	42	16	26	1	0	2	1	2	3	2	0	0	0	2	1	1	1	0	0	1	0	1	1	4	2	0	3	1	5	1	2	1	2	0	0
chr9	66951078	66951200	123	9	0	123	74	49	9	5	6	6	6	2	3	5	6	2	5	4	5	1	4	4	5	3	0	2	3	3	2	4	4	3	0	2	4	3	0	10
chr9	66951201	66951266	66	9	0	66	39	27	6	4	4	1	4	2	1	1	0	4	2	0	5	3	2	0	5	1	4	3	0	1	0	3	1	1	0	1	2	1	0	2
chr9	66951267	66951602	336	9	0	336	162	174	15	8	8	12	15	13	21	9	9	7	16	9	4	5	8	1	13	10	2	8	19	8	5	13	12	16	8	18	14	11	3	14
chr9	66951603	66951645	43	8	0	43	29	14	16	0	1	2	1	1	1	0	2	2	2	0	0	0	0	0	0	0	3	1	0	1	1	1	0	0	0	0	3	1	0	2
chr9	66951646	66951684	39	9	0	39	32	7	5	1	0	6	1	1	1	1	1	1	0	0	5	1	1	5	2	1	0	1	0	0	0	1	0	0	0	0	2	0	0	0
chr9	66951685	66951717	33	8	0	33	27	6	9	2	2	3	1	0	1	0	3	0	0	1	3	0	0	1	1	0	0	0	0	0	0	0	0	0	0	0	1	0	0	3
chr9	66951718	66952142	425	9	0	425	292	133	50	15	14	27	17	8	16	15	17	8	15	11	21	12	13	31	22	3	1	17	9	0	0	8	9	5	1	7	16	9	0	26
chr9	66952143	66952168	26	8	0	26	17	9	2	2	2	1	1	1	1	0	2	0	1	0	2	0	0	1	1	0	0	2	0	0	0	0	1	0	0	1	1	1	0	1
chr9	66952170	66952208	39	8	0	39	29	10	5	1	2	3	2	1	1	0	2	0	2	2	1	2	1	2	2	0	0	2	0	0	0	0	0	0	0	0	2	0	0	4
chr9	66952210	66952236	27	8	0	27	19	8	1	2	0	1	0	1	1	1	1	0	0	1	2	0	2	5	2	0	0	1	1	0	0	1	0	0	0	0	0	1	0	1
chr9	66952237	66952279	43	9	0	43	38	5	5	3	2	6	0	0	0	1	2	0	0	0	10	0	1	7	0	0	0	2	0	0	0	0	0	0	0	0	1	0	0	1
chr9	66952280	66952478	199	9	0	199	122	77	15	3	7	17	6	12	5	8	8	2	6	4	12	6	3	7	8	6	0	9	9	5	1	6	3	6	0	3	11	5	1	3
chr9	66952479	66952523	45	8	0	45	21	24	2	3	0	0	2	1	3	2	1	3	3	0	0	0	0	0	1	5	0	1	3	1	0	3	0	1	0	1	5	1	0	1
chr9	66952524	66952601	78	9	0	78	37	41	4	0	0	5	2	3	4	2	0	1	5	1	3	4	3	0	3	1	2	2	3	2	2	4	2	6	1	4	3	2	0	2
chr9	66952602	66952685	84	9	0	84	38	46	0	3	2	2	4	1	5	3	2	2	7	3	1	0	1	0	1	2	0	3	5	1	2	4	5	5	0	4	2	4	2	6
chr9	66952693	66952709	17	8	0	17	17	0	15	0	0	0	0	0	0	0	0	0	0	0	0	0	0	0	0	0	0	0	0	0	0	0	0	0	0	0	0	0	0	0
chr9	66952710	66952770	61	9	0	61	40	21	6	1	4	4	3	1	2	1	2	2	0	2	3	2	2	3	1	0	0	6	2	2	0	2	1	1	0	0	3	3	0	0
chr9	66952778	66953003	226	9	0	226	118	108	24	8	2	12	11	7	12	1	8	4	12	4	4	2	5	1	10	2	1	8	6	9	5	5	6	10	8	9	9	4	6	9
chr9	66953012	66953076	65	9	0	65	36	29	7	2	1	3	2	2	3	1	2	1	2	3	1	2	2	1	3	2	2	0	2	2	2	3	0	3	0	1	2	2	0	4
chr9	66953077	66953246	170	9	0	170	74	96	3	2	9	5	4	6	12	0	9	3	7	4	4	2	1	1	5	2	2	5	7	8	5	9	3	13	7	7	7	6	2	8
chr9	66953247	66953281	35	8	0	35	13	22	2	0	0	2	1	0	2	1	0	0	2	1	1	1	0	0	1	0	0	0	2	2	1	3	1	4	2	1	0	2	1	0
chr9	66953282	66953362	81	9	0	81	46	35	8	2	1	4	2	3	3	2	3	2	3	5	2	2	3	1	3	4	0	2	4	2	1	3	0	1	0	1	3	4	1	4
chr9	66953363	66953378	16	9	0	16	2	14	0	0	0	0	0	1	0	0	0	0	0	0	0	0	0	0	0	0	1	0	1	4	2	0	0	3	1	1	0	0	0	0
chr9	66953380	66953426	47	9	0	47	20	27	0	0	1	2	1	0	3	1	1	0	3	1	1	2	3	0	1	0	1	1	2	1	0	5	1	4	2	3	1	3	0	1
chr9	66953434	66953478	45	8	0	45	15	30	0	1	0	0	1	3	3	0	0	0	5	2	0	0	0	0	0	2	0	2	2	2	1	4	3	4	0	1	2	3	1	1
chr9	66953479	66953531	53	9	0	53	35	18	21	0	0	0	1	1	3	0	0	4	3	0	0	0	0	0	3	0	0	2	1	1	0	0	0	1	2	1	1	0	2	4
chr9	66953532	66953705	174	9	0	174	77	97	9	2	3	5	3	7	8	3	1	4	8	6	6	4	4	4	3	7	4	3	12	5	4	8	2	13	8	7	4	6	4	5
chr9	66953707	66953886	180	9	0	180	102	78	21	11	6	4	11	5	6	4	6	1	11	4	4	3	3	2	9	3	0	8	4	4	3	6	7	6	1	4	5	4	4	8
chr9	66953887	66954184	298	9	0	298	189	109	24	8	16	17	9	6	15	9	8	10	9	10	23	6	9	8	14	3	0	13	5	4	0	9	7	5	2	10	13	6	0	18
chr9	66954185	66954266	82	9	0	82	44	38	3	1	2	5	2	8	3	2	3	1	1	3	3	1	2	4	5	4	1	1	6	2	1	2	3	4	0	1	1	1	0	4
chr9	66954267	66954448	182	9	0	182	78	104	6	2	5	5	4	5	10	3	4	6	8	5	4	5	4	1	4	6	5	4	10	8	6	9	3	13	7	5	5	6	3	9
chr9	66954449	66954510	62	9	0	62	24	38	1	0	1	0	0	5	6	0	1	2	6	2	0	0	0	0	2	1	0	4	4	1	1	1	2	4	1	5	3	2	2	3
chr9	66954511	66954574	64	9	0	64	52	12	12	2	1	9	2	0	1	1	0	0	2	1	10	0	0	10	1	0	0	1	2	0	0	1	0	2	0	1	1	1	0	1
chr9	66954575	66954613	39	8	0	39	16	23	1	0	2	1	1	4	2	0	0	0	0	1	2	2	0	0	2	3	0	1	4	2	1	1	1	3	0	2	0	1	0	0
chr9	66954614	66954730	117	9	0	117	61	56	7	3	2	5	4	4	6	4	3	2	4	4	3	4	4	1	3	7	0	3	9	2	0	7	2	6	2	2	4	3	0	5
chr9	66954731	66954755	25	8	0	25	10	15	0	0	0	0	0	0	4	0	0	1	3	0	0	1	1	0	1	0	0	1	1	0	0	2	0	1	0	3	2	1	0	1
chr9	66954757	66954795	39	8	0	39	16	23	0	1	1	1	2	1	3	0	1	1	3	1	0	0	0	0	0	1	0	2	2	1	0	3	3	2	1	1	1	2	1	2
chr9	66954796	66954847	52	9	0	52	22	30	0	0	0	1	1	5	4	1	0	2	5	2	0	0	0	0	1	2	1	3	3	1	1	1	5	2	0	1	3	1	0	4
chr9	66954849	66954874	26	9	0	26	23	3	15	0	0	2	0	0	1	0	0	0	1	1	1	0	0	1	0	0	0	0	0	0	0	0	0	0	0	0	1	0	0	1
chr9	66954875	66955608	734	9	0	734	451	283	52	28	38	37	22	20	24	28	38	13	20	23	43	10	23	32	25	20	4	22	31	14	2	20	10	11	5	24	27	22	5	39
chr9	66955609	66955649	41	8	0	41	19	22	0	0	2	1	0	2	2	2	3	1	2	1	0	2	0	0	1	2	2	0	2	2	0	3	1	1	0	0	2	2	0	3
chr9	66955650	66956090	441	9	0	441	242	199	19	12	20	13	15	19	18	21	17	11	21	8	13	6	9	20	18	10	2	18	17	17	0	17	18	9	0	15	20	14	4	18
chr9	66956091	66956152	62	9	0	62	28	34	2	2	3	0	1	4	4	1	3	2	3	1	1	1	0	0	4	1	0	3	2	1	2	4	2	3	0	1	2	5	0	2
chr9	66956153	66956567	415	9	0	415	239	176	16	9	18	19	11	10	23	19	25	14	24	9	11	9	9	11	19	8	0	15	14	7	0	17	8	7	0	9	22	16	0	34
chr9	66956569	66956603	35	8	0	35	15	20	1	0	2	0	1	1	2	0	1	1	4	0	0	0	0	0	0	1	0	1	1	4	0	3	1	1	0	2	2	2	0	2
chr9	66956604	66956630	27	9	0	27	16	11	0	0	1	1	0	2	0	2	0	1	3	1	1	0	1	2	0	2	0	1	0	0	0	2	0	0	0	0	4	0	0	1
chr9	66956631	66956689	59	9	0	59	33	26	6	2	3	0	3	4	3	1	1	3	1	0	1	1	0	2	6	2	0	2	2	1	0	4	0	3	0	1	4	1	0	0
chr9	66956693	66956740	48	9	0	48	38	10	13	6	0	3	6	1	0	0	1	0	1	0	2	0	1	3	6	0	0	0	0	0	0	0	0	0	0	0	1	0	0	2
chr9	66956742	66956780	39	9	0	39	15	24	0	0	0	0	0	4	4	0	0	2	4	0	0	0	0	0	1	1	0	4	3	1	0	1	3	2	0	1	2	2	0	2
chr9	66956782	66956820	39	9	0	39	14	25	0	1	1	1	1	1	3	0	2	0	2	1	0	0	0	0	0	1	0	1	1	3	2	2	3	3	1	3	2	1	1	0
chr9	66956821	66956865	45	8	0	45	18	27	0	0	1	1	0	3	3	0	1	0	5	1	0	1	1	0	1	1	0	1	1	3	1	3	3	1	0	4	1	3	1	2
chr9	66956866	66956964	99	9	0	99	52	47	7	2	2	4	3	4	7	1	3	3	3	2	2	2	3	3	3	5	1	3	7	1	0	3	2	5	1	4	3	1	2	5
chr9	66956971	66957014	44	8	0	44	17	27	1	0	1	1	1	5	2	0	0	0	3	1	1	1	0	0	2	2	1	1	3	2	0	2	1	4	1	2	2	1	0	1
chr9	66957016	66957407	392	9	0	392	226	166	30	14	16	12	11	17	21	14	16	6	15	10	15	8	11	10	17	9	3	16	12	5	0	14	15	6	2	18	19	12	1	15
chr9	66957408	66957419	12	8	0	12	7	5	0	0	1	0	2	0	0	0	0	1	1	0	0	0	0	0	1	0	0	0	0	0	0	0	1	0	0	1	1	0	0	1
chr9	66957420	66957466	47	8	0	47	32	15	2	2	3	3	3	1	0	6	2	2	0	0	3	2	0	1	5	1	0	2	1	0	0	0	2	0	0	0	3	0	0	1
chr9	66957467	66957911	445	9	0	445	285	160	32	19	23	21	23	12	14	22	18	6	8	14	22	12	11	27	26	9	0	15	11	8	2	10	13	4	0	15	21	9	0	16
chr9	66957912	66957957	46	8	0	46	18	28	1	0	2	1	2	2	3	2	0	0	2	1	1	1	0	0	1	1	0	1	4	2	0	4	3	5	0	2	1	2	0	0
chr9	66957958	66957969	12	8	0	12	5	7	0	0	0	0	0	1	1	0	0	0	1	2	0	0	0	0	0	0	1	0	0	0	0	1	0	0	0	0	1	0	1	1
chr9	66957970	66958034	65	9	0	65	42	23	10	2	0	2	1	2	2	2	2	1	3	3	3	2	4	1	3	2	0	2	2	0	0	3	0	1	0	1	2	2	2	3
chr9	66958052	66958073	22	8	0	22	8	14	0	0	0	0	0	0	0	2	0	0	0	1	1	0	2	1	0	0	0	0	0	1	2	0	1	2	4	2	1	0	0	0
chr9	66958074	66958164	91	9	0	91	43	48	0	2	4	1	3	5	6	0	4	1	6	4	0	1	2	3	2	4	0	4	3	2	2	4	3	1	1	6	6	4	1	4
chr9	66958165	66958220	56	9	0	56	30	26	8	4	0	0	4	2	4	0	0	2	4	0	0	0	0	0	6	0	0	3	2	3	0	2	1	2	0	1	2	2	0	2
chr9	66958221	66958613	393	9	0	393	239	154	43	14	21	13	14	10	11	7	14	7	16	16	19	7	12	14	15	5	2	16	10	10	3	13	6	7	3	10	11	15	6	21
chr9	66958614	66958674	61	9	0	61	20	41	0	0	0	1	0	3	4	1	1	2	4	0	0	2	2	0	1	2	1	3	4	4	2	3	2	5	3	2	1	3	1	2
chr9	66958675	66959338	664	9	0	664	446	218	69	19	31	39	25	14	24	25	32	10	15	30	32	17	22	40	25	4	2	29	12	3	1	9	21	9	1	15	31	9	8	39
chr9	66959339	66959384	46	9	0	46	29	17	1	1	5	1	2	2	3	0	1	2	2	1	4	4	0	0	3	0	0	6	0	0	0	0	0	0	0	0	3	0	0	3
chr9	66959385	66959510	126	9	0	126	86	40	9	1	5	11	9	2	2	3	5	4	3	6	3	5	6	12	6	3	0	2	3	2	0	2	1	0	0	1	5	2	0	11
chr9	66959511	66959581	71	9	0	71	48	23	8	4	3	3	2	2	2	4	2	2	0	2	6	4	3	1	5	3	0	3	3	0	0	1	0	0	0	0	2	1	0	3
chr9	66959582	66960126	545	9	0	545	334	211	58	18	22	24	19	21	21	7	18	9	20	11	28	12	18	26	19	13	4	25	15	13	2	24	11	15	1	11	23	13	1	21
chr9	66960127	66960169	43	9	0	43	19	24	0	2	2	0	4	1	2	0	1	0	3	2	0	0	0	0	0	2	0	1	2	1	1	3	3	2	1	2	3	2	0	1
chr9	66960170	66960414	245	9	0	245	174	71	19	5	4	18	7	8	9	11	5	2	5	3	15	13	3	46	15	4	2	7	7	2	0	4	6	2	0	6	6	5	0	4
chr9	66960415	66960449	35	8	0	35	25	10	1	2	0	3	1	1	0	3	1	0	2	1	3	1	2	3	3	1	0	0	1	0	0	0	0	0	0	0	1	0	0	3
chr9	66960450	66960697	248	9	0	248	186	62	34	9	10	30	18	2	2	9	12	2	2	3	20	4	4	24	9	4	0	4	4	2	1	4	8	2	1	3	10	3	0	6
chr9	66960698	66960740	43	9	0	43	25	18	3	4	0	1	3	3	2	1	1	1	0	0	1	3	1	0	6	2	1	2	2	0	0	1	1	0	1	0	0	1	0	0
chr9	66960742	66960769	28	9	0	28	20	8	6	0	4	1	1	1	0	0	4	0	0	1	0	2	0	0	1	0	0	1	0	0	0	0	0	0	0	0	1	0	0	3
chr9	66960772	66960788	17	9	0	17	15	2	10	0	0	0	0	0	1	0	2	0	0	0	0	0	0	0	0	0	0	0	0	0	0	0	0	0	0	0	1	0	0	1
chr9	66960789	66960954	166	9	0	166	75	91	13	2	3	4	5	6	10	5	2	5	9	1	1	3	3	1	4	2	2	8	10	6	5	5	8	11	5	8	4	7	2	4
chr9	66960955	66960994	40	9	0	40	19	21	1	2	1	0	1	3	0	0	1	2	1	0	1	1	3	0	1	4	2	1	2	2	2	1	0	1	0	1	1	0	0	3
chr9	66961003	66961083	81	9	0	81	34	47	2	1	2	2	2	6	4	1	2	1	1	4	1	2	0	1	2	3	2	3	7	6	1	3	2	5	4	1	4	3	1	0
chr9	66961084	66961107	24	8	0	24	12	12	1	1	0	0	1	3	1	0	0	1	3	0	0	0	0	0	1	0	1	3	0	0	0	0	2	0	0	0	2	0	0	2
chr9	66961108	66961154	47	8	0	47	27	20	6	1	2	1	2	0	1	4	2	1	1	2	0	1	0	1	1	0	0	2	3	3	0	1	0	2	1	1	3	2	1	0
chr9	66961155	66961173	19	9	0	19	13	6	5	0	3	0	0	0	0	0	4	0	0	0	0	0	0	0	0	0	0	0	0	1	0	1	0	0	0	0	0	1	0	2
chr9	66961174	66961194	21	9	0	21	16	5	5	1	1	1	2	0	0	0	0	0	1	1	2	0	0	0	0	0	0	1	0	0	0	0	2	0	0	0	0	0	0	2
chr9	66961195	66961399	205	9	0	205	101	104	4	6	9	8	13	6	9	2	4	2	9	7	6	2	6	6	7	2	0	7	13	8	2	9	5	13	4	12	6	9	2	5
chr9	66961400	66961434	35	8	0	35	22	13	7	1	0	2	1	0	1	0	1	1	1	0	1	1	1	3	0	1	1	1	0	2	2	0	1	1	0	0	1	0	0	2
chr9	66961435	66961543	109	9	0	109	43	66	0	3	3	1	3	3	9	0	3	0	7	2	1	2	3	1	2	3	1	2	6	3	1	8	4	7	8	9	4	5	0	3
chr9	66961544	66961583	40	8	0	40	17	23	0	0	0	0	0	3	4	1	0	2	5	0	0	0	0	0	2	0	0	3	3	1	0	1	2	3	0	1	2	1	0	4
chr9	66961584	66962647	1064	9	0	1064	658	406	73	27	44	60	44	29	46	48	48	27	23	38	38	30	30	52	46	19	8	40	30	18	4	23	36	13	3	30	55	25	5	50
chr9	66962648	66962683	36	9	0	36	26	10	3	2	4	3	4	1	0	0	2	0	0	1	2	1	0	1	2	0	0	2	1	0	0	0	1	0	0	1	1	1	0	1
chr9	66962684	66962721	38	8	0	38	27	11	1	1	1	5	1	0	0	2	0	1	1	1	5	1	4	2	1	1	0	1	0	0	0	1	2	0	0	1	0	0	0	3
chr9	66962723	66962819	97	9	0	97	67	30	14	3	5	8	8	1	2	2	5	0	1	2	3	4	3	6	4	1	0	3	2	2	0	2	3	1	0	2	3	2	0	3
chr9	66962820	66962859	40	8	0	40	28	12	8	2	2	1	2	0	0	2	1	0	1	0	2	3	0	3	1	4	0	1	1	0	0	2	0	0	0	0	2	0	0	0
chr9	66962860	66962910	51	8	0	51	38	13	15	1	3	3	1	1	1	0	2	1	0	0	4	0	1	3	0	3	0	0	2	0	0	3	1	0	0	1	0	2	0	1
chr9	66962911	66962965	55	9	0	55	37	18	2	1	6	4	1	2	1	3	1	0	1	1	8	2	0	2	1	1	0	3	1	0	0	2	2	2	0	2	3	0	0	1
chr9	66962966	66963491	526	9	0	526	349	177	58	16	18	37	22	18	18	22	22	6	9	14	26	13	14	35	25	10	0	18	17	7	0	12	19	9	0	8	19	11	0	21
chr9	66963492	66963638	147	8	0	147	91	56	10	3	7	13	7	6	7	3	11	3	3	2	4	3	1	6	6	4	0	5	6	5	0	4	3	2	0	1	8	4	0	8
chr9	66963639	66963713	75	9	0	75	52	23	6	1	5	10	3	0	1	2	8	0	1	1	5	3	3	3	0	2	0	2	2	0	1	2	1	0	0	1	2	3	0	5
chr9	66963721	66964397	677	9	0	677	427	250	72	25	29	39	32	12	26	20	32	11	21	19	28	17	22	20	31	15	0	19	21	11	4	18	16	11	2	19	22	17	2	42
chr9	66964398	66964443	46	8	0	46	21	25	0	3	1	0	2	1	5	2	2	2	1	2	0	0	0	0	1	4	0	1	2	1	0	3	1	2	0	1	5	0	0	2
chr9	66964444	66964688	245	9	0	245	145	100	17	3	8	15	13	11	11	14	3	2	9	6	10	7	2	13	11	5	0	8	9	4	0	7	18	8	0	9	11	3	0	6
chr9	66964691	66964734	44	8	0	44	31	13	1	2	1	2	2	2	2	2	0	0	0	6	4	3	1	2	4	0	0	2	0	0	0	0	0	0	0	0	4	0	0	2
chr9	66964736	66965836	1101	9	0	1101	661	440	89	32	53	54	41	30	42	33	49	14	50	28	49	22	24	49	34	21	8	35	42	19	3	42	30	30	2	32	41	36	5	60
chr9	66965837	66965874	38	8	0	38	27	11	11	0	2	1	0	2	1	2	2	0	0	0	2	1	1	0	2	1	0	0	1	0	0	1	2	0	0	2	0	1	0	1
chr9	66965875	66966059	185	9	0	185	117	68	17	7	6	13	12	7	2	11	7	1	2	7	7	4	6	7	13	3	0	3	6	8	0	5	4	4	0	4	10	4	0	3
chr9	66966060	66966095	36	8	0	36	18	18	0	0	1	2	1	1	2	3	2	1	2	3	0	0	0	0	0	0	0	2	1	2	0	1	1	2	0	1	5	0	0	1
chr9	66966096	66966385	290	9	0	290	155	135	10	7	13	10	11	14	12	14	13	10	5	10	6	2	8	10	12	9	3	9	16	9	3	8	9	9	0	8	13	10	2	13
chr9	66966386	66966505	120	9	0	120	73	47	7	5	3	7	0	5	8	1	6	1	3	1	9	3	5	7	6	1	0	7	2	5	0	6	3	3	0	2	4	4	0	4
chr9	66966506	66967242	737	9	0	737	457	280	63	22	29	39	29	14	29	22	20	18	26	14	39	19	23	49	22	17	1	33	23	11	4	29	18	20	3	21	31	19	4	24
chr9	66967243	66967313	71	9	0	71	57	14	13	2	2	7	1	1	2	3	3	1	0	1	6	2	1	11	3	0	0	3	1	0	0	0	2	0	0	0	1	1	0	2
chr9	66967314	66967372	59	9	0	59	37	22	5	1	5	1	2	2	1	4	1	2	0	1	4	3	2	2	4	1	0	2	2	1	0	1	1	1	0	4	2	1	0	1
chr9	66967376	66967424	49	8	0	49	35	14	3	1	0	5	0	3	1	4	2	0	0	4	4	0	2	5	3	0	0	1	2	0	0	0	1	0	0	0	2	2	0	2
chr9	66967425	66967483	59	9	0	59	45	14	11	2	1	6	3	0	0	4	0	2	1	3	6	1	2	3	1	1	0	1	1	0	0	0	1	0	0	1	4	0	0	2
chr9	66967484	66967522	39	8	0	39	28	11	2	0	4	3	1	1	1	0	0	3	1	0	5	1	1	3	1	0	0	4	1	0	0	0	0	0	0	0	1	1	0	3
chr9	66967523	66967553	31	9	0	31	19	12	1	2	1	2	3	0	1	0	1	0	2	0	1	1	1	2	2	0	0	1	0	1	0	2	0	0	0	2	1	2	0	0
chr9	66967554	66967929	376	9	0	376	256	120	39	8	14	29	16	6	12	12	19	9	13	10	16	11	12	29	16	4	2	12	10	3	0	7	3	3	0	8	17	9	0	25
chr9	66967930	66967970	41	8	0	41	20	21	0	0	1	0	0	2	2	5	1	3	1	3	0	1	1	0	3	1	1	1	1	0	0	1	2	0	1	1	3	1	1	2
chr9	66967971	66968120	150	9	0	150	75	75	5	4	6	4	5	5	9	3	9	4	8	3	0	1	5	4	5	4	0	5	11	6	0	6	2	5	0	5	4	8	1	11
chr9	66968121	66968147	27	8	0	27	20	7	6	2	0	3	3	1	0	3	1	0	0	0	0	0	0	0	3	0	0	0	0	0	0	0	2	0	0	0	1	0	0	0
chr9	66968148	66968414	267	9	0	267	166	101	21	9	5	15	3	9	16	15	6	3	10	9	20	9	4	11	14	6	0	10	12	3	0	7	6	4	0	10	10	9	0	9
chr9	66968417	66968441	25	8	0	25	13	12	0	0	1	0	0	1	0	2	1	0	1	1	0	1	4	1	1	0	0	0	1	0	0	1	0	0	0	4	1	2	0	0
chr9	66968442	66968477	36	9	0	36	21	15	1	2	2	1	3	3	0	2	2	0	2	1	0	0	0	2	3	0	0	2	1	0	0	0	2	0	0	0	1	2	0	2
chr9	66968478	66968569	92	9	0	92	56	36	14	4	6	3	5	2	3	2	4	2	2	1	4	0	3	0	1	3	0	4	3	0	0	5	6	3	0	1	2	3	0	4
chr9	66968580	66968640	61	9	0	61	32	29	7	0	1	0	2	5	3	0	0	4	5	2	0	1	1	0	3	2	1	4	3	1	1	0	1	0	0	1	3	2	1	5
chr9	66968641	66968974	334	9	0	334	179	155	26	6	8	19	9	15	13	11	9	4	12	6	14	8	10	8	11	10	3	9	18	13	5	13	9	16	4	12	10	10	2	9
chr9	66968975	66969006	32	9	0	32	20	12	1	0	2	2	1	1	1	1	2	1	1	1	1	1	2	2	2	0	0	1	1	0	0	0	0	0	0	2	1	1	0	2
chr9	66969008	66969067	60	9	0	60	44	16	6	1	1	7	1	1	0	6	3	0	1	5	6	1	1	2	3	0	0	0	2	1	0	1	0	0	0	0	4	3	0	2
chr9	66969068	66969141	74	9	0	74	51	23	10	1	3	5	2	3	1	6	1	2	1	0	5	2	0	7	6	1	0	1	3	1	0	1	3	0	0	3	1	3	0	0
chr9	66969142	66969195	54	9	0	54	39	15	8	0	1	8	1	2	1	1	3	0	2	1	5	2	0	3	1	2	0	1	1	0	1	1	1	0	0	1	2	1	1	1
chr9	66969196	66969448	253	9	0	253	143	110	14	7	11	10	8	11	12	7	14	6	6	9	6	4	6	10	14	6	0	8	10	11	0	12	4	5	1	4	12	11	1	11
chr9	66969450	66969481	32	8	0	32	20	12	0	1	0	0	0	0	0	3	1	1	0	1	0	2	5	4	1	1	0	2	1	1	0	1	1	0	0	1	1	1	0	1
chr9	66969483	66969532	50	8	0	50	33	17	5	3	2	1	2	1	2	5	1	0	1	2	3	1	0	2	2	0	0	3	0	0	0	1	5	1	0	0	3	0	0	2
chr9	66969533	66969706	174	9	0	174	119	55	20	1	14	13	8	6	4	6	12	2	5	7	8	3	1	8	6	1	1	4	2	0	0	3	5	2	0	3	11	1	1	14
chr9	66969707	66969764	58	9	0	58	41	17	5	2	2	6	4	1	1	3	2	1	1	2	3	0	2	5	3	0	0	1	2	0	0	0	2	0	0	2	1	2	0	3
chr9	66969768	66969797	30	9	0	30	15	15	0	0	2	1	0	2	1	1	2	0	1	0	1	1	0	2	2	0	0	2	1	1	2	1	0	2	0	0	1	1	0	1
chr9	66969798	66969843	46	9	0	46	19	27	1	0	2	1	1	4	4	0	1	0	2	1	1	1	0	0	2	2	0	1	3	2	0	3	2	2	0	4	2	2	0	0
chr9	66969844	66969914	71	9	0	71	39	32	4	2	1	1	2	2	2	4	1	2	3	6	2	2	3	1	2	4	1	1	4	2	0	3	0	1	0	1	4	2	2	4
chr9	66969915	66970020	106	9	0	106	46	60	3	2	1	3	2	4	9	2	2	1	7	3	1	2	3	0	2	2	2	3	6	4	0	6	3	6	4	9	6	4	0	2
chr9	66970022	66970065	44	9	0	44	15	29	0	1	0	0	1	2	4	0	0	2	5	0	0	0	0	0	1	0	1	3	3	1	1	1	3	3	2	2	0	2	1	3
chr9	66970066	66970101	36	8	0	36	27	9	13	0	1	2	1	1	0	2	1	1	2	0	0	2	0	0	2	0	0	2	1	0	0	0	0	0	0	0	1	1	0	1
chr9	66970104	66970114	11	8	0	11	5	6	0	0	0	0	0	0	0	0	0	0	5	0	0	0	0	0	0	0	0	0	0	0	0	0	0	0	0	0	0	0	0	4
chr9	66970115	66970150	36	9	0	36	31	5	3	0	0	4	0	3	0	2	0	0	0	0	4	1	0	13	4	0	0	0	0	0	0	0	0	0	0	0	0	0	0	0
chr9	66970159	66970214	56	9	0	56	44	12	6	1	3	5	2	1	1	0	0	3	1	2	7	0	1	9	1	1	0	3	1	0	0	0	0	0	0	0	2	0	0	4
chr9	66970215	66970231	17	9	0	17	12	5	0	1	0	1	1	1	0	2	0	0	0	0	1	2	0	3	3	0	0	0	0	0	0	0	0	0	0	0	0	0	0	0
chr9	66970233	66970247	15	9	0	15	12	3	2	0	0	3	1	0	0	0	1	1	0	0	1	0	1	0	1	0	0	0	0	0	0	0	0	0	0	0	1	0	0	1
chr9	66970248	66970260	13	9	0	13	8	5	0	0	0	0	0	1	0	2	0	0	0	1	0	3	0	1	3	0	0	0	0	0	0	0	0	0	0	0	0	0	0	0
chr9	66970261	66970280	20	9	0	20	12	8	0	1	0	2	2	2	0	0	0	0	0	0	1	1	0	2	1	1	0	1	2	0	0	0	1	1	0	0	0	0	0	0
chr9	66970282	66970481	200	9	0	200	137	63	28	8	7	15	10	6	6	7	13	2	2	5	7	3	3	13	8	5	0	6	8	4	0	4	3	2	0	1	10	5	0	7
chr9	66970482	66970525	44	8	0	44	32	12	3	1	2	2	1	0	0	3	1	0	1	1	3	3	4	6	2	0	0	3	0	0	0	1	1	0	0	1	1	1	0	1
chr9	66970526	66970543	18	9	0	18	12	6	2	0	1	1	0	0	0	0	2	0	0	0	0	1	2	1	0	0	0	1	0	0	0	1	0	0	0	2	0	1	0	1
chr9	66970544	66970591	48	9	0	48	35	13	4	2	3	2	4	1	0	1	2	0	0	3	1	3	2	6	2	0	0	4	1	0	0	0	0	0	0	0	3	0	0	2
chr9	66970592	66970856	265	9	0	265	193	72	41	5	11	22	11	4	4	15	13	2	3	7	13	12	8	20	11	3	0	9	7	3	0	2	5	2	0	5	11	4	0	10
chr9	66970857	66970982	126	9	0	126	60	66	1	2	6	5	8	3	8	2	3	2	10	4	2	2	1	1	3	2	0	4	7	3	0	7	7	6	1	6	4	5	1	8
chr9	66970983	66971011	29	9	0	29	12	17	3	0	0	2	1	2	2	0	0	0	0	0	1	0	1	0	0	1	1	0	3	0	0	2	1	4	2	1	0	0	0	0
chr9	66971012	66971023	12	9	0	12	10	2	3	0	0	1	0	0	0	0	0	0	0	0	1	1	2	1	0	0	0	1	0	0	0	0	0	0	0	0	0	0	0	0
chr9	66971024	66971126	103	9	0	103	46	57	2	2	4	2	4	3	6	5	3	3	4	3	1	1	0	2	2	5	0	2	8	3	1	8	2	8	1	3	6	5	0	2
chr9	66971127	66972272	1146	9	0	1146	688	458	69	30	55	64	45	29	40	48	56	22	43	33	48	20	37	49	47	18	2	34	34	21	4	47	32	26	4	33	49	41	4	60
chr9	66972273	66972299	27	8	0	27	18	9	1	1	2	2	1	0	0	0	2	0	1	2	2	0	1	1	0	0	0	1	1	1	0	1	0	0	0	0	0	2	0	3
chr9	66972300	66972406	107	9	0	107	68	39	11	4	4	3	5	4	4	5	5	3	3	4	0	2	2	8	10	1	0	2	4	1	0	2	2	0	0	2	2	5	0	7
chr9	66972407	66972530	124	9	0	124	87	37	14	3	5	10	5	1	0	7	7	0	7	3	7	5	2	10	5	0	1	2	2	2	0	3	1	2	0	1	5	3	1	8
chr9	66972531	66972860	330	9	0	330	233	97	41	10	11	25	16	7	6	14	10	6	8	8	21	11	9	29	17	4	4	9	8	2	0	6	6	4	0	4	12	5	0	15
chr9	66972861	66972890	30	8	0	30	21	9	2	2	2	1	3	1	0	0	1	1	1	1	1	0	0	3	3	0	0	1	1	0	0	0	0	0	0	0	1	1	0	2
chr9	66972891	66973373	483	9	0	483	314	169	43	13	17	30	16	11	11	33	24	8	7	18	21	13	10	37	19	11	1	14	25	11	1	10	6	6	0	8	21	19	4	13
chr9	66973374	66973405	32	9	0	32	19	13	1	0	2	2	1	0	0	0	3	0	3	2	0	1	1	2	0	0	0	1	0	2	0	1	0	0	0	0	1	2	0	5
chr9	66973406	66974722	1317	9	0	1317	887	430	139	42	65	72	59	36	42	55	64	26	33	34	56	27	22	115	57	14	2	57	28	9	3	24	36	13	3	25	71	28	2	56
chr9	66974723	66974749	27	9	0	27	14	13	0	0	3	0	1	1	2	0	1	3	0	0	1	0	1	0	0	1	0	3	0	0	0	2	1	1	0	0	3	0	0	1
chr9	66974753	66974775	23	9	0	23	22	1	18	0	0	0	0	0	0	0	0	0	0	0	1	0	1	0	0	0	0	0	0	0	0	0	0	0	0	0	0	0	0	1
chr9	66974776	66974840	65	8	0	65	30	35	1	2	3	2	4	4	5	0	3	2	4	0	0	0	0	0	2	2	0	4	2	0	1	2	6	2	1	3	2	1	2	3
chr9	66974841	66974867	27	9	0	27	11	16	0	1	2	2	2	0	0	0	3	0	1	0	0	0	0	0	0	1	0	0	0	3	3	0	1	0	0	2	1	2	0	1
chr9	66974868	66975309	442	9	0	442	234	208	21	9	18	18	19	19	17	15	10	14	16	7	16	13	11	10	20	22	1	11	26	16	3	24	5	19	2	10	19	12	0	17
chr9	66975310	66975358	49	8	0	49	25	24	0	0	3	2	3	3	1	3	2	2	1	1	1	1	0	0	4	1	0	1	3	1	0	4	1	3	0	0	2	3	0	1
chr9	66975359	66975401	43	8	0	43	22	21	1	0	2	2	2	1	2	1	2	1	5	2	0	0	0	0	1	1	0	0	1	0	0	3	1	2	0	1	3	2	0	5
chr9	66975402	66975415	14	8	0	14	6	8	0	0	2	0	1	0	1	0	1	1	0	0	0	0	0	0	0	0	0	1	2	0	0	0	0	0	0	1	0	2	0	0
chr9	66975416	66975582	167	8	0	167	109	58	23	6	4	9	6	5	3	15	9	2	4	5	4	4	3	7	9	3	0	5	8	1	0	2	4	2	1	1	8	6	1	5
chr9	66975583	66976619	1037	9	0	1037	607	430	77	32	40	47	33	47	36	42	38	24	21	20	48	24	33	43	58	26	5	39	39	44	5	37	31	19	1	23	31	36	5	31
chr9	66976620	66976659	40	9	0	40	20	20	0	2	2	0	1	1	3	1	2	1	4	1	1	1	0	0	2	0	1	2	1	0	0	1	1	1	0	1	1	1	1	5
chr9	66976660	66976758	99	9	0	99	46	53	2	2	5	0	2	1	8	4	5	7	9	0	0	0	0	0	6	0	3	1	3	1	2	2	4	2	1	7	3	5	0	12
chr9	66976759	66976804	46	9	0	46	21	25	2	1	2	0	0	1	3	0	3	3	5	0	0	0	0	0	1	0	2	2	1	1	3	0	0	0	0	2	2	4	0	6
chr9	66976805	66976836	32	8	0	32	14	18	0	1	1	0	0	1	2	0	2	2	5	0	0	0	0	0	1	0	2	1	1	0	0	1	0	1	0	1	1	2	0	5
chr9	66976837	66976864	28	8	0	28	13	15	0	1	1	0	1	0	2	0	0	1	5	0	0	0	0	0	2	0	0	0	1	1	0	1	0	1	0	3	1	1	0	4
chr9	66976865	66977341	477	9	0	477	231	246	19	16	17	8	13	10	35	9	18	16	30	8	10	5	14	1	15	12	9	11	25	17	3	22	12	15	1	32	16	23	1	32
chr9	66977342	66978373	1032	8	0	1032	591	441	92	31	44	45	47	32	48	29	39	16	42	27	34	17	19	27	35	24	4	33	44	25	6	43	31	38	3	30	46	31	1	47
chr9	66978374	66978403	30	8	0	30	24	6	11	0	2	3	1	0	0	0	3	0	0	0	1	2	0	1	0	0	1	0	0	0	0	0	0	0	0	0	1	0	0	2
chr9	66978404	66978781	378	8	0	378	246	132	35	15	15	24	19	14	12	8	15	6	10	10	21	13	12	16	17	8	5	18	13	3	1	7	6	7	0	5	16	6	0	19
chr9	66978782	66978821	40	8	0	40	20	20	0	3	0	3	2	2	1	2	3	0	1	1	1	1	0	0	2	3	0	0	3	5	0	1	0	0	0	0	2	1	0	1
chr9	66978822	66980666	1845	8	0	1845	1077	768	147	51	60	105	71	66	77	61	72	34	61	59	72	31	38	71	76	36	23	47	60	45	23	53	63	54	13	48	76	46	16	88
chr9	66980667	66980693	27	8	0	27	20	7	2	1	0	3	2	0	1	0	1	1	1	1	2	0	2	2	1	0	0	1	0	0	0	0	0	0	0	0	2	0	0	2
chr9	66980694	66980860	167	8	0	167	87	80	17	5	5	3	5	7	5	3	2	2	7	7	7	2	6	3	4	5	2	5	9	6	4	6	3	8	5	4	4	6	1	7
chr9	66980861	66980975	115	8	0	115	54	61	5	3	2	3	4	3	10	2	3	2	6	2	1	2	3	1	3	3	1	3	6	2	1	7	4	7	2	9	7	4	0	2
chr9	66980976	66981396	421	8	0	421	274	147	50	13	20	19	17	10	14	15	12	10	10	13	23	7	11	29	18	5	2	15	10	7	1	10	15	7	0	11	14	9	3	19
chr9	66981397	66981436	40	8	0	40	31	9	3	0	0	7	0	1	0	3	2	0	1	0	5	1	1	6	0	0	0	1	1	0	0	1	0	2	0	0	3	0	0	0
chr9	66981437	66982404	968	8	0	968	616	352	91	29	33	65	40	22	31	42	36	17	28	26	51	21	28	55	39	16	5	29	28	19	5	28	28	19	2	26	40	26	4	37
chr9	66982405	66982451	47	8	0	47	19	28	0	1	1	1	2	2	4	0	0	1	3	2	1	0	0	1	0	1	0	3	5	2	0	2	2	3	0	2	1	4	0	1
chr9	66982452	66982759	308	8	0	308	178	130	36	5	9	18	9	12	21	6	15	7	8	7	8	3	4	9	11	7	0	9	12	9	3	9	14	4	3	11	11	13	0	13
chr9	66982760	66982785	26	8	0	26	9	17	0	1	0	0	1	2	3	0	0	1	1	0	0	0	0	0	2	1	1	0	1	0	0	2	1	3	0	2	2	0	0	0
chr9	66982786	66982832	47	8	0	47	22	25	1	0	2	1	0	2	3	3	2	1	3	2	1	0	1	0	2	1	0	0	4	1	0	3	0	3	0	1	2	2	0	4
chr9	66982833	66983806	974	8	0	974	435	539	15	12	17	12	13	69	63	27	26	38	99	11	2	8	11	11	56	34	8	29	41	43	8	61	27	33	6	18	47	43	2	82
chr9	66983807	66983864	58	8	0	58	26	32	0	1	0	0	0	4	3	0	1	2	9	2	0	2	0	2	3	3	2	1	2	2	1	3	0	0	0	0	2	3	1	7
chr9	66983865	66983878	14	8	0	14	5	9	0	0	0	1	1	0	1	1	0	0	1	0	0	0	0	0	0	0	0	0	1	0	0	1	1	2	0	1	0	0	1	0
chr9	66983879	66983939	61	8	0	61	29	32	0	3	4	0	2	1	5	4	3	2	2	0	1	0	1	0	4	1	0	1	1	4	0	3	5	1	0	4	2	2	0	3
chr9	66983940	66984023	84	8	0	84	30	54	0	2	1	0	1	3	7	3	2	2	8	1	0	0	0	0	2	1	3	1	9	2	0	4	1	6	3	7	2	6	1	4
chr9	66984024	66984664	641	8	0	641	247	394	10	6	15	7	11	23	58	20	16	19	37	11	1	3	4	6	20	17	2	12	45	45	14	44	32	43	3	32	15	42	0	26
chr9	66984665	66984738	74	8	0	74	31	43	1	0	4	1	4	2	7	1	0	3	3	2	1	1	0	0	5	1	0	1	3	6	0	4	3	3	0	8	3	3	1	1
chr9	66984739	66984833	95	8	0	95	44	51	4	1	5	1	1	3	5	2	4	5	3	0	2	2	3	3	1	4	2	4	5	7	0	6	3	2	0	3	2	5	2	3
chr9	66984834	66984927	94	8	0	94	49	45	6	1	2	5	4	1	3	5	1	1	4	2	3	2	5	2	4	2	0	0	5	1	0	9	1	9	2	4	4	3	0	1
chr9	66984928	66985086	159	8	0	159	76	83	8	4	4	4	5	5	7	4	4	2	8	5	3	2	6	5	1	5	1	5	9	6	2	9	5	13	1	5	6	3	4	6
chr9	66985087	66985154	68	8	0	68	33	35	4	3	2	1	4	3	5	0	2	1	5	1	0	1	1	0	2	0	0	6	3	2	0	2	5	3	0	2	2	3	0	3
chr9	66985155	66985901	747	8	0	747	354	393	25	10	27	15	13	32	43	26	26	21	41	17	12	10	20	14	27	21	5	20	36	54	4	39	24	31	2	25	27	27	3	48
chr9	66985902	66985946	45	8	0	45	22	23	4	2	1	1	2	3	2	0	1	0	3	0	0	0	1	1	0	1	0	4	4	4	0	1	1	2	0	1	1	2	0	1
chr9	66985947	66986247	301	8	0	301	165	136	17	14	14	4	9	11	12	16	16	8	11	6	7	10	5	4	17	11	3	12	9	6	4	15	8	4	1	4	15	13	2	11
chr9	66986248	66986349	102	8	0	102	65	37	9	3	4	6	4	5	2	8	5	0	1	1	5	0	0	11	4	4	0	0	8	2	0	1	4	3	0	3	2	2	0	3
chr9	66986350	66988395	2046	8	0	2046	999	1047	108	53	97	38	87	78	119	69	82	49	92	43	19	23	25	16	83	50	14	56	106	86	14	95	81	85	14	96	83	81	16	86
chr9	66988396	66988443	48	9	0	48	24	24	2	2	4	0	0	2	2	1	5	1	2	0	0	0	0	1	0	2	1	2	2	4	1	2	0	0	0	2	3	3	0	2
chr9	66988444	66988942	499	8	0	499	241	258	20	15	20	8	19	17	32	10	19	18	22	15	5	4	12	3	15	15	4	20	27	23	3	30	19	13	1	13	17	32	2	24
chr9	66988943	66989076	134	9	0	134	60	74	5	1	5	5	3	5	6	4	7	1	5	6	1	0	2	3	2	3	0	2	9	10	4	8	2	11	0	3	5	7	2	5
chr9	66989077	66990296	1220	8	0	1220	543	677	47	21	41	24	33	53	78	32	39	34	70	29	14	7	12	7	38	43	5	29	79	70	18	69	37	57	8	52	44	66	11	51
chr9	66990297	66990343	47	8	0	47	21	26	2	1	0	1	0	0	3	1	1	0	4	1	1	3	1	0	1	2	0	1	2	6	0	4	1	1	1	1	0	3	1	2
chr9	66990344	66991141	798	8	0	798	325	473	16	14	23	12	10	32	58	19	29	29	42	12	10	5	12	1	25	28	6	21	45	72	13	60	22	38	6	24	28	51	3	30
chr9	66991142	66991203	62	8	0	62	30	32	1	0	4	1	4	0	0	4	1	6	4	3	0	2	0	0	4	0	4	0	1	2	2	1	0	0	2	0	3	3	1	7
chr9	66991204	66991329	126	9	0	126	53	73	2	2	5	0	2	4	9	4	3	2	13	0	3	0	2	0	4	2	0	2	4	6	4	5	9	5	2	12	2	6	0	10
chr9	66991330	66991550	221	8	0	221	108	113	15	5	7	6	7	10	11	5	5	4	6	6	6	3	6	5	4	10	3	4	16	11	1	12	5	13	4	8	9	6	0	6
chr9	66991551	66991708	158	9	0	158	106	52	25	3	3	12	4	5	7	2	4	2	9	4	11	0	1	12	2	3	0	5	3	0	1	4	7	1	2	4	6	4	3	7
chr9	66991709	66991734	26	8	0	26	22	4	6	1	0	3	1	3	0	0	0	0	0	0	3	0	0	3	4	0	0	0	0	0	0	0	0	0	0	0	0	0	0	0
chr9	66991739	66992372	634	8	0	634	279	355	15	9	17	9	11	38	48	13	21	16	35	19	4	8	7	7	29	26	1	16	41	43	3	43	14	27	2	19	26	34	2	29
chr9	66992373	66992462	90	9	0	90	48	42	2	3	7	1	3	5	1	2	6	0	2	3	3	3	2	4	3	4	0	4	6	6	1	4	1	1	0	0	1	6	0	4
chr9	66992463	66992666	204	8	0	204	86	118	8	4	9	4	7	7	8	5	5	4	9	4	5	1	5	1	5	1	4	6	9	24	1	14	6	12	6	6	7	10	1	4
chr9	66992667	66992758	92	9	0	92	25	67	0	0	1	0	0	2	6	0	1	1	12	0	0	1	1	0	1	2	0	1	0	23	0	12	6	2	1	3	1	9	0	4
chr9	66992759	66992953	195	8	0	195	113	82	14	5	9	9	6	5	7	2	11	2	5	9	5	2	9	12	2	7	1	4	11	8	1	10	0	4	0	6	6	11	0	10
chr9	66992954	66993004	51	9	0	51	31	20	5	2	1	3	1	0	3	1	3	0	4	3	1	1	0	1	0	1	1	1	2	1	0	2	0	0	0	2	3	3	1	3
chr9	66993005	66993163	159	8	0	159	118	41	31	4	7	15	10	4	1	3	5	2	2	5	10	6	5	7	8	1	0	7	3	3	0	2	2	0	0	0	5	3	0	6
chr9	66993164	66993218	55	9	0	55	47	8	13	1	3	6	1	0	0	2	1	1	0	0	9	3	0	6	3	0	0	2	0	0	0	0	0	0	0	0	0	0	1	1
chr9	66993219	66993355	137	8	0	137	78	59	8	3	2	5	3	5	5	13	2	1	2	5	5	6	6	7	5	8	0	2	5	3	0	6	12	1	0	5	4	4	0	2
chr9	66993356	66993422	67	9	0	67	29	38	1	4	0	1	2	4	3	3	3	2	4	0	0	0	0	2	7	2	0	1	3	5	0	5	1	3	0	0	1	4	3	1
chr9	66993423	66993710	288	8	0	288	175	113	16	8	10	15	13	10	8	21	11	4	4	10	9	9	5	21	16	6	2	7	17	6	1	5	11	3	1	8	8	14	0	7
chr9	66993711	66993797	87	9	0	87	40	47	1	1	0	4	2	5	9	1	2	1	2	1	1	3	2	4	3	4	0	4	7	5	0	2	7	3	2	3	0	2	0	4
chr9	66993798	66994017	220	8	0	220	94	126	2	4	11	3	5	11	13	6	9	6	7	5	4	2	6	0	3	10	0	10	19	19	3	6	8	7	1	11	5	12	0	10
chr9	66994018	66994056	39	8	0	39	18	21	1	1	0	0	0	1	4	0	1	0	4	0	0	5	1	0	1	1	1	3	2	0	0	1	1	1	1	3	1	1	0	2
chr9	66994057	66995489	1433	8	0	1433	795	638	85	40	52	67	64	54	72	52	46	29	51	29	49	34	31	40	55	42	3	57	70	54	4	46	61	39	3	47	56	39	6	54
chr9	66995490	66995541	52	9	0	52	31	21	3	1	4	2	1	3	1	2	4	1	2	2	3	0	1	0	1	1	2	1	3	0	0	0	2	1	0	0	1	1	0	7
chr9	66995542	66997099	1558	8	0	1558	969	589	116	52	88	82	70	36	53	72	77	22	47	54	75	31	38	54	64	31	1	45	45	22	0	55	44	31	1	50	78	38	6	78
chr9	66997100	66997149	50	9	0	50	26	24	3	2	3	0	3	2	3	2	1	1	0	1	1	1	1	1	0	3	0	3	4	1	0	1	5	2	0	1	1	0	0	2
chr9	66997150	66997177	28	8	0	28	18	10	4	1	1	2	2	0	1	1	1	0	0	1	1	1	0	2	1	1	0	0	0	0	1	1	2	0	0	0	1	1	0	0
chr9	66997178	66997353	176	8	0	176	116	60	13	4	9	10	12	10	3	8	4	1	0	7	7	12	2	13	17	5	1	4	4	0	0	5	8	0	1	3	4	4	0	3
chr9	66997354	66997437	84	9	0	84	53	31	11	4	4	3	5	1	3	3	4	1	4	1	3	2	0	3	5	1	0	2	2	2	0	4	1	2	0	1	3	3	0	4
chr9	66997438	66998029	592	8	0	592	371	221	67	15	21	39	23	10	22	15	23	13	21	11	28	12	25	25	19	11	1	18	18	11	4	16	13	14	7	20	20	13	0	35
chr9	66998030	66998083	54	9	0	54	20	34	1	0	1	1	1	3	3	2	0	0	3	3	1	1	0	0	1	1	1	1	3	3	2	2	3	4	3	2	2	2	1	1
chr9	66998084	66998555	472	8	0	472	335	137	78	20	30	29	26	9	9	15	31	4	7	16	22	5	13	20	19	5	0	14	8	3	0	7	8	3	0	11	24	6	0	28
chr9	66998556	66998640	85	9	0	85	51	34	5	1	3	5	4	3	3	5	4	2	2	0	1	6	1	6	9	1	0	2	2	2	0	2	2	2	0	2	2	3	0	3
chr9	66998641	66998706	66	8	0	66	44	22	2	2	2	3	3	1	3	3	2	3	0	5	2	2	3	7	4	1	0	3	2	0	0	1	0	0	0	0	4	2	0	4
chr9	66998707	66998768	62	9	0	62	39	23	1	3	2	5	5	2	2	2	2	1	1	4	2	1	0	5	3	0	0	4	4	3	0	0	0	0	0	0	4	4	0	0
chr9	66998769	66999078	310	8	0	310	209	101	26	11	18	20	18	7	6	7	16	9	8	5	15	8	9	26	19	4	0	10	5	4	1	8	2	3	1	4	12	7	0	19
chr9	66999079	66999136	58	9	0	58	41	17	7	1	2	5	2	2	2	1	1	2	0	2	4	1	3	4	2	1	0	3	2	0	0	1	1	1	0	0	2	1	0	3
chr9	66999137	66999216	80	8	0	80	56	24	11	2	4	6	5	2	3	2	4	0	2	3	3	3	1	5	3	1	0	3	1	0	0	0	4	0	0	1	3	0	0	6
chr9	66999217	66999254	38	8	0	38	30	8	8	1	3	4	1	1	1	0	3	1	0	0	4	1	0	1	3	0	0	0	0	0	0	0	0	0	0	0	0	0	0	4
chr9	66999257	66999268	12	8	0	12	9	3	3	0	0	2	0	1	0	0	0	0	0	0	1	1	0	0	0	1	0	0	1	0	0	0	0	0	0	0	0	0	0	0
chr9	66999269	66999778	510	8	0	510	342	168	34	17	15	30	21	16	9	36	9	5	7	16	32	25	15	54	37	11	2	13	15	6	1	13	11	10	0	10	19	8	1	10
chr9	66999780	66999826	47	8	0	47	42	5	11	2	1	6	3	0	0	0	1	0	0	0	5	2	1	8	3	0	0	1	0	0	0	0	0	0	0	0	0	0	0	1
chr9	66999828	66999846	19	9	0	19	15	4	6	1	2	0	0	0	0	0	0	1	0	0	4	0	0	0	0	1	0	0	0	0	0	1	0	0	0	0	0	0	0	1
chr9	66999847	67000417	571	8	0	571	373	198	59	20	27	36	20	13	18	15	22	13	15	16	41	13	17	27	20	7	4	27	15	12	3	11	12	10	1	9	20	12	4	30
chr9	67000418	67000508	91	9	0	91	45	46	8	2	0	4	2	4	5	0	2	1	6	1	2	2	3	1	3	4	1	2	5	4	2	5	2	4	1	3	2	4	0	4
chr9	67000509	67000573	65	8	0	65	27	38	0	1	2	0	3	6	6	0	0	1	6	2	0	0	0	0	2	1	0	5	4	1	1	1	5	3	0	4	3	2	0	4
chr9	67000574	67000666	93	9	0	93	71	22	13	2	4	10	5	1	2	2	4	1	1	2	8	5	3	6	5	1	0	3	1	0	0	1	1	0	0	1	3	1	0	5
chr9	67000667	67000905	239	8	0	239	163	76	35	9	11	15	11	3	6	11	13	2	2	9	10	3	6	15	6	4	0	7	6	5	0	4	7	1	3	7	12	5	1	8
chr9	67000906	67000931	26	9	0	26	19	7	2	0	0	2	1	0	0	1	0	0	0	1	1	4	4	2	0	0	0	3	0	0	0	0	1	0	0	1	1	0	0	0
chr9	67000932	67000973	42	9	0	42	25	17	3	2	1	1	1	0	2	3	2	1	1	1	1	1	2	2	4	0	0	0	1	1	0	2	1	2	0	0	0	1	0	4
chr9	67000974	67001241	268	8	0	268	179	89	22	5	12	20	16	5	5	12	9	6	9	12	12	10	5	18	11	7	0	8	11	2	1	4	4	1	0	3	11	8	1	16
chr9	67001242	67001285	44	9	0	44	33	11	9	1	2	3	5	0	1	0	1	1	0	2	0	2	1	3	2	1	0	1	1	0	0	0	1	0	0	1	2	0	0	2
chr9	67001286	67001324	39	9	0	39	24	15	5	1	2	2	2	0	1	1	1	1	1	1	2	1	3	0	1	0	0	2	1	1	0	0	0	0	1	3	2	1	0	1
chr9	67001325	67001692	368	8	0	368	217	151	28	7	11	21	14	11	19	14	9	10	10	15	16	10	6	16	18	13	1	6	19	6	2	15	7	11	0	7	13	12	1	18
chr9	67001693	67001760	68	9	0	68	31	37	0	1	4	2	4	2	3	2	3	1	6	2	0	0	0	0	0	2	1	1	4	1	0	4	4	3	1	4	4	3	0	4
chr9	67001761	67001936	176	8	0	176	88	88	12	3	8	3	4	9	11	8	6	5	7	4	4	2	1	1	7	5	2	5	12	5	0	8	5	7	0	8	7	9	0	6
chr9	67001937	67001981	45	9	0	45	29	16	2	1	2	2	1	0	1	4	0	1	2	3	4	2	1	3	0	1	1	2	2	0	0	0	1	0	0	1	3	0	0	3
chr9	67001982	67002081	100	8	0	100	54	46	1	4	2	8	5	3	3	6	7	2	4	2	1	2	1	2	6	2	0	3	7	8	0	3	1	1	0	0	3	7	0	4
chr9	67002082	67002098	17	8	0	17	7	10	0	0	0	0	0	1	1	0	0	1	1	0	0	1	1	0	2	0	0	1	0	1	0	1	0	0	0	2	0	2	0	0
chr9	67002099	67002138	40	8	0	40	22	18	2	0	0	4	1	0	2	4	3	0	2	2	0	0	0	2	0	0	0	0	2	3	0	1	1	1	0	2	3	2	0	1
chr9	67002139	67002166	28	9	0	28	20	8	4	1	1	3	2	1	0	2	2	0	0	0	1	0	0	1	2	0	0	0	0	0	0	1	1	1	0	0	2	0	0	1
chr9	67002167	67002201	35	9	0	35	22	13	1	3	1	2	3	0	1	1	1	1	1	1	3	0	1	0	2	0	0	2	1	2	0	1	0	0	0	0	2	2	0	1
chr9	67002202	67002257	56	8	0	56	33	23	3	1	6	1	4	1	2	0	1	5	2	1	3	0	0	2	2	0	0	5	2	1	0	2	1	1	0	0	2	3	0	3
chr9	67002258	67002302	45	8	0	45	31	14	4	4	4	0	2	0	0	2	2	0	2	0	5	1	2	2	0	0	0	5	1	0	0	0	1	0	0	3	2	1	0	0
chr9	67002303	67002427	125	8	0	125	68	57	11	3	4	6	9	1	7	3	2	2	4	2	3	6	1	2	7	4	0	1	9	4	0	8	2	7	0	5	2	6	0	2
chr9	67002428	67002527	100	9	0	100	44	56	2	1	5	0	4	7	4	6	2	3	6	1	1	0	0	1	4	3	0	3	8	5	0	6	5	5	0	4	4	6	0	2
chr9	67002528	67003254	727	8	0	727	376	351	51	17	30	25	33	23	43	25	31	17	18	13	8	12	18	10	28	24	0	17	41	34	2	37	34	25	2	27	21	31	0	28
chr9	67003255	67003306	52	9	0	52	29	23	4	2	5	0	3	3	2	1	1	1	2	0	3	0	1	0	1	2	0	2	1	1	0	1	5	0	0	5	2	0	0	2
chr9	67003307	67003743	437	8	0	437	255	182	37	18	16	17	22	9	24	15	18	8	13	12	12	9	11	12	16	10	0	18	19	13	1	13	17	8	0	15	18	15	1	18
chr9	67003744	67003799	56	9	0	56	25	31	1	1	2	1	0	2	2	4	0	1	5	0	4	1	0	1	1	2	0	2	5	3	0	4	0	3	0	3	2	4	0	0
chr9	67003800	67004292	493	8	0	493	299	194	34	16	17	25	22	12	16	27	16	7	11	21	20	17	12	25	29	10	2	11	17	14	2	17	12	8	3	13	19	18	3	15
chr9	67004293	67004397	105	9	0	105	74	31	11	1	3	6	3	2	3	4	2	0	5	7	5	4	1	16	2	1	0	4	5	2	0	0	1	0	0	1	3	4	0	7
chr9	67004398	67005243	846	8	0	846	550	296	74	30	35	42	32	37	28	37	27	15	18	24	47	32	22	49	55	19	0	39	25	10	0	23	18	8	0	14	36	21	0	27
chr9	67005244	67005260	17	8	0	17	13	4	6	2	0	1	3	0	0	0	0	0	0	0	0	0	0	0	2	0	0	0	0	0	0	0	1	0	0	0	0	0	0	0
chr9	67005261	67005284	24	8	0	24	14	10	1	0	1	1	1	1	1	1	1	2	2	0	0	0	0	0	1	1	0	1	1	1	0	0	0	0	0	0	2	0	0	3
chr9	67005286	67005323	38	7	0	38	15	23	2	0	0	1	1	2	5	0	0	0	3	1	0	0	0	0	0	0	0	2	4	2	0	1	3	3	0	2	0	1	0	3
chr9	67005339	67005794	456	8	0	456	268	188	50	8	13	26	15	15	18	15	17	5	17	11	15	9	14	20	14	13	1	9	19	11	1	22	12	15	3	16	17	15	3	15
chr9	67005795	67005838	44	9	0	44	33	11	2	2	2	6	3	0	0	3	1	0	1	2	6	1	0	3	3	1	0	0	1	0	0	1	0	0	0	0	2	1	0	1
chr9	67005839	67005912	74	8	0	74	56	18	14	1	3	5	1	1	2	4	5	1	1	2	4	4	1	5	3	1	0	3	0	0	0	2	0	0	0	0	5	1	0	3
chr9	67005913	67005961	49	8	0	49	38	11	11	2	1	5	3	0	1	0	3	0	0	4	2	0	3	3	1	0	0	0	1	0	0	0	0	0	0	0	2	1	0	4
chr9	67005962	67006043	82	8	0	82	62	20	7	3	0	11	4	2	2	5	2	1	2	4	8	1	0	9	4	2	0	0	2	0	0	0	1	0	0	1	6	0	0	3
chr9	67006044	67006060	17	9	0	17	10	7	0	0	2	0	0	1	0	0	0	0	1	1	1	0	2	1	0	0	0	1	0	0	0	0	1	0	0	2	0	0	0	2
chr9	67006061	67006090	30	8	0	30	15	15	2	1	2	0	2	1	1	0	2	0	3	0	0	0	0	0	0	2	0	0	2	0	0	2	2	1	0	1	0	1	0	3
chr9	67006091	67006179	89	9	0	89	59	30	12	6	5	3	4	2	2	3	4	2	0	0	6	2	2	4	6	2	1	3	1	5	0	1	2	0	0	2	3	0	1	3
chr9	67006180	67006259	80	8	0	80	48	32	2	3	2	5	2	6	1	3	5	0	3	2	3	4	3	4	3	5	1	3	5	1	1	1	0	0	0	0	3	2	0	5
chr9	67006260	67006304	45	9	0	45	33	12	10	1	3	4	3	0	0	1	2	0	1	1	3	0	1	2	0	1	0	1	0	1	0	2	1	0	0	1	2	1	0	1
chr9	67006305	67007751	1447	8	0	1447	987	460	165	36	70	121	63	32	35	60	67	24	23	45	97	33	30	84	57	21	7	40	35	13	4	36	40	18	3	27	58	36	8	57
chr9	67007752	67007828	77	9	0	77	52	25	19	5	2	3	4	2	3	4	6	0	0	2	0	0	0	0	2	2	0	3	4	1	0	1	3	1	0	0	5	2	0	1
chr9	67007829	67008066	238	8	0	238	170	68	23	12	10	23	9	5	3	9	11	2	4	5	26	7	8	11	12	4	2	8	6	4	0	4	2	1	0	3	7	5	0	10
chr9	67008067	67008097	31	9	0	31	22	9	5	0	4	2	0	1	0	1	4	0	1	0	2	0	0	1	1	0	0	0	0	0	0	1	0	0	0	2	1	1	0	2
chr9	67008099	67008117	19	9	0	19	19	0	17	0	0	0	0	0	0	0	0	0	0	0	0	0	0	0	0	0	0	0	0	0	0	0	0	0	0	0	0	0	0	0
chr9	67008124	67008163	40	7	0	40	15	25	0	1	1	0	2	3	4	0	0	1	3	0	0	0	0	0	1	0	1	3	3	1	0	1	5	3	0	2	0	1	0	2
chr9	67008164	67008192	29	7	0	29	13	16	0	1	2	0	2	2	1	0	1	0	2	1	0	0	0	0	0	2	0	1	1	1	0	2	2	1	0	1	2	1	0	1
chr9	67008193	67008396	204	8	0	204	94	110	7	3	4	6	7	8	10	6	3	5	11	9	3	5	5	1	6	8	3	5	11	8	3	9	7	8	4	9	7	8	6	7
chr9	67008398	67008437	40	8	0	40	30	10	10	2	0	4	0	1	1	3	4	0	1	0	2	0	1	1	2	0	0	1	0	0	0	0	0	0	0	0	2	1	0	2
chr9	67008438	67008450	13	9	0	13	8	5	1	1	1	0	1	2	0	0	1	0	0	0	0	0	0	0	1	0	0	2	0	0	0	0	0	0	0	0	1	0	0	0
chr9	67008451	67008766	316	8	0	316	208	108	35	6	8	26	12	9	11	11	9	7	11	10	19	3	6	23	6	8	2	9	14	2	2	4	8	7	1	8	15	5	1	16
chr9	67008767	67008836	70	9	0	70	30	40	0	0	0	3	1	6	4	5	1	0	4	0	1	2	3	0	3	3	0	2	5	2	1	3	5	4	0	5	1	2	1	1
chr9	67008837	67009126	290	8	0	290	160	130	15	8	10	15	13	8	10	8	10	5	10	11	11	7	10	8	7	6	4	11	12	7	7	8	7	12	3	9	13	9	2	12
chr9	67009127	67009289	163	9	0	163	71	92	9	2	2	5	3	6	6	3	2	5	7	5	4	4	6	1	5	7	2	3	6	8	8	8	1	10	9	5	6	5	3	5
chr9	67009295	67009406	112	7	0	112	38	74	0	1	2	2	2	3	8	1	3	5	10	1	0	0	0	0	1	1	2	5	3	3	8	4	7	8	7	6	3	6	3	5
chr9	67009407	67009419	13	8	0	13	13	0	11	0	0	0	0	0	0	0	0	0	0	0	0	0	0	0	0	0	0	0	0	0	0	0	0	0	0	0	0	0	0	0
chr9	67009420	67009434	15	9	0	15	14	1	12	0	1	0	0	0	0	0	0	0	0	0	0	0	0	0	0	0	0	0	0	0	0	0	0	0	0	0	0	0	0	0
chr9	67009435	67009656	222	8	0	222	162	60	22	7	6	25	10	5	5	9	8	5	7	3	21	3	6	18	12	1	0	7	4	1	0	2	4	2	0	4	9	3	0	11
chr9	67009657	67009701	45	9	0	45	37	8	5	2	2	6	1	0	1	1	0	0	1	1	9	2	1	3	0	0	0	4	0	0	0	0	1	0	0	1	2	0	0	0
chr9	67009702	67010686	985	8	0	985	652	333	122	31	40	67	37	18	32	42	40	19	27	25	62	16	28	44	35	16	3	30	22	16	0	33	30	18	1	17	42	21	2	47
chr9	67010687	67010733	47	9	0	47	24	23	2	0	0	2	0	0	3	4	1	2	2	1	1	0	2	3	1	0	0	1	1	2	0	4	4	3	0	1	1	2	0	2
chr9	67010735	67010759	25	8	0	25	17	8	3	0	1	2	0	0	1	1	1	0	0	2	2	0	3	1	0	0	0	0	0	0	0	1	2	0	0	0	0	1	0	2
chr9	67010760	67011136	377	8	0	377	224	153	34	6	18	21	15	13	13	8	19	8	10	10	11	8	15	13	11	9	0	15	16	10	1	16	10	9	1	8	12	15	2	18
chr9	67011137	67011190	54	9	0	54	27	27	4	2	3	1	1	2	2	2	3	1	0	1	2	0	0	2	2	2	1	0	4	5	0	1	1	2	1	2	0	2	0	3
chr9	67011191	67011274	84	8	0	84	40	44	4	5	4	1	4	4	6	0	5	1	2	0	1	0	2	1	2	7	0	1	5	3	0	5	5	0	1	5	2	3	1	2
chr9	67011275	67011641	367	8	0	367	232	135	36	18	16	17	14	13	14	8	18	6	9	10	20	7	6	19	17	8	3	16	12	6	6	6	8	1	0	8	12	15	1	15
chr9	67011642	67011718	77	9	0	77	40	37	9	1	1	4	2	2	5	1	2	2	4	1	2	0	0	2	1	2	0	3	5	2	1	2	3	3	4	2	1	3	1	4
chr9	67011719	67011814	96	8	0	96	35	61	0	1	2	1	2	3	4	5	2	2	8	0	0	2	2	0	3	2	0	3	4	5	5	6	3	7	4	6	4	6	0	2
chr9	67011815	67011875	61	7	0	61	36	25	8	1	0	3	1	2	1	1	1	3	3	1	2	3	4	1	2	4	1	2	2	1	1	2	0	0	1	1	1	1	1	4
chr9	67011876	67012282	407	8	0	407	259	148	44	11	17	25	17	13	11	16	14	4	11	15	21	9	6	24	19	9	1	8	10	8	4	13	11	10	4	7	17	8	1	17
chr9	67012283	67012292	10	7	0	10	7	3	1	1	1	0	1	0	0	0	2	0	0	0	0	0	0	0	0	0	0	1	0	0	0	0	0	0	0	0	1	0	0	0
chr9	67012293	67012324	32	8	0	32	18	14	2	2	1	1	1	3	0	0	2	0	0	1	1	1	0	2	1	1	3	0	2	0	1	0	1	1	0	0	1	1	0	1
chr9	67012325	67012347	23	9	0	23	13	10	0	0	1	1	0	2	0	3	2	0	0	1	0	1	0	1	2	0	0	1	2	1	0	0	0	0	0	0	1	2	0	0
chr9	67012348	67012377	30	9	0	30	18	12	4	1	1	1	1	0	2	1	1	1	0	0	1	1	2	0	2	0	0	1	2	0	0	1	0	1	0	1	0	2	0	1
chr9	67012379	67012418	40	7	0	40	23	17	0	0	0	1	0	0	3	5	0	0	1	3	1	3	1	3	2	1	0	0	1	1	0	1	1	1	0	4	4	0	0	1
chr9	67012420	67012582	163	8	0	163	98	65	11	9	2	7	7	4	7	3	6	3	4	4	6	5	11	8	6	6	1	8	7	5	0	6	3	3	1	1	5	3	0	9
chr9	67012583	67012632	50	9	0	50	31	19	1	0	1	3	0	2	1	2	1	0	3	3	3	2	3	6	0	1	0	3	0	0	1	1	2	0	1	1	2	1	2	2
chr9	67012633	67013653	1021	8	0	1021	597	424	86	25	34	48	37	38	45	32	36	17	37	25	33	27	27	49	42	20	12	33	38	16	9	32	34	28	6	38	38	32	5	40
chr9	67013654	67013694	41	8	0	41	27	14	1	2	2	1	1	2	0	4	1	0	1	2	3	2	1	3	3	1	0	2	0	0	0	1	2	0	0	0	2	0	1	1
chr9	67013695	67013853	159	9	0	159	94	65	11	6	3	7	4	8	6	11	4	0	6	2	8	5	3	8	12	2	1	5	4	10	0	2	8	2	1	5	5	2	0	6
chr9	67013857	67013972	116	8	0	116	67	49	2	3	2	3	5	8	2	7	0	0	2	3	3	5	2	19	9	1	3	3	5	3	2	2	6	6	1	2	2	2	0	1
chr9	67013982	67014035	54	8	0	54	25	29	1	2	0	0	0	2	3	3	1	2	3	5	1	0	1	0	1	4	1	0	3	2	1	3	0	1	0	1	4	2	2	3
chr9	67014036	67014049	14	9	0	14	11	3	4	0	0	0	0	0	0	0	0	0	1	0	1	1	2	0	0	0	0	1	0	0	0	0	0	0	0	0	0	0	0	2
chr9	67014050	67014135	86	8	0	86	40	46	4	1	0	3	0	4	5	3	2	1	4	0	2	2	3	4	1	4	1	2	7	4	1	5	3	6	1	4	2	3	1	1
chr9	67014136	67015107	972	9	0	972	628	344	88	30	35	60	36	30	25	42	31	16	29	29	59	27	31	59	45	16	5	37	25	13	5	26	26	15	7	18	37	26	3	39
chr9	67015108	67015140	33	8	0	33	12	21	0	0	0	2	0	1	2	0	0	1	1	0	1	1	2	0	1	0	2	0	2	1	1	2	0	3	3	3	0	2	0	0
chr9	67015141	67015273	133	9	0	133	61	72	14	0	3	3	3	7	8	1	4	0	11	4	0	1	1	0	2	1	0	5	7	5	5	5	5	8	1	8	5	7	2	5
chr9	67015280	67016628	1349	9	0	1349	784	565	88	31	49	56	39	50	58	56	45	23	53	40	51	40	36	67	61	35	7	41	47	32	4	59	46	27	3	42	49	48	10	54
chr9	67016629	67016711	83	8	0	83	32	51	0	1	2	1	3	4	7	0	1	2	6	3	0	1	0	0	1	1	2	4	5	1	1	3	6	5	5	4	2	3	3	4
chr9	67016712	67016792	81	9	0	81	52	29	6	2	1	7	5	2	1	5	2	2	2	0	4	0	1	10	5	1	0	0	4	6	0	1	2	2	0	2	2	2	0	2
chr9	67016793	67016847	55	8	0	55	40	15	4	2	2	4	3	3	0	2	2	0	0	4	3	2	3	4	5	0	0	2	0	0	0	0	2	0	0	0	3	0	0	3
chr9	67016848	67016991	144	9	0	144	92	52	14	4	10	7	6	4	6	0	6	0	6	7	9	2	5	6	2	1	1	6	3	0	0	2	1	2	1	12	9	2	1	7
chr9	67016992	67017080	89	8	0	89	53	36	5	1	2	7	3	5	4	6	3	2	5	2	4	0	0	3	6	0	0	2	3	1	0	2	5	1	0	3	4	4	0	4
chr9	67017081	67017105	25	7	0	25	13	12	0	0	1	0	1	2	1	2	0	0	1	1	0	2	1	1	1	0	0	2	1	0	0	0	2	1	0	1	1	0	0	1
chr9	67017106	67017194	89	8	0	89	59	30	6	6	4	7	7	2	3	2	3	1	0	1	7	4	3	2	5	1	0	6	4	0	0	0	2	3	0	3	4	0	0	1
chr9	67017195	67017262	68	9	0	68	40	28	7	1	1	3	3	1	2	5	1	0	5	5	2	2	0	0	0	1	0	3	4	1	2	0	2	2	0	2	5	3	0	3
chr9	67017263	67017321	59	8	0	59	31	28	1	1	2	4	3	3	4	0	3	2	2	3	1	0	0	1	3	1	1	1	4	0	0	2	3	1	0	2	1	4	1	3
chr9	67017322	67017368	47	9	0	47	23	24	3	2	1	1	1	3	3	1	2	1	3	0	1	0	1	0	1	2	0	3	3	1	1	0	3	0	0	2	1	2	1	2
chr9	67017369	67017402	34	8	0	34	16	18	1	1	1	2	1	3	1	2	3	0	1	0	0	0	0	0	2	1	0	1	3	2	0	0	0	1	1	2	2	1	0	0
chr9	67017403	67017691	289	8	0	289	166	123	14	8	15	12	6	12	15	10	18	6	12	10	11	8	7	2	12	8	2	12	9	4	1	11	7	3	0	6	15	11	1	19
chr9	67017692	67017761	70	7	0	70	30	40	2	3	2	0	3	3	7	2	2	2	4	0	0	0	0	0	2	1	0	4	2	5	0	4	7	2	0	3	4	2	0	2
chr9	67017762	67017805	44	8	0	44	23	21	3	1	3	0	2	3	3	0	3	0	3	0	0	0	0	0	0	0	0	4	1	1	0	1	4	2	0	2	4	0	0	2
chr9	67017806	67017841	36	9	0	36	21	15	2	1	0	1	0	3	3	1	3	1	0	0	0	0	0	4	3	0	0	2	2	2	0	0	0	1	0	1	2	1	0	1
chr9	67017851	67017929	79	9	0	79	31	48	1	1	1	1	1	5	8	3	2	2	4	2	0	0	0	0	4	3	0	1	3	1	3	4	6	4	2	6	4	2	1	2
chr9	67017930	67018008	79	8	0	79	41	38	4	3	4	0	0	3	3	6	6	0	2	0	1	2	3	4	3	2	1	2	6	3	0	1	1	3	0	6	2	3	1	2
chr9	67018009	67018067	59	7	0	59	36	23	5	1	3	3	1	0	4	2	6	1	2	0	0	1	2	5	0	1	0	2	1	0	1	1	1	0	0	5	4	2	1	2
chr9	67018068	67018082	15	8	0	15	8	7	0	0	0	1	0	0	0	2	1	0	0	0	0	1	1	1	0	0	0	0	0	0	1	0	2	1	1	0	0	0	0	1
chr9	67018083	67018145	63	8	0	63	25	38	0	2	1	0	1	4	4	3	0	3	1	1	2	0	2	0	3	6	0	0	7	6	0	4	1	4	0	1	1	1	0	3
chr9	67018147	67018176	30	9	0	30	12	18	1	0	1	1	0	1	0	1	1	0	2	2	1	0	0	0	0	1	0	0	1	5	0	3	1	0	1	0	0	4	1	0
chr9	67018178	67018272	95	7	0	95	60	35	7	0	4	5	5	2	1	5	1	2	3	7	3	3	4	7	5	0	1	1	3	3	0	2	2	2	0	2	3	3	1	6
chr9	67018273	67018326	54	8	0	54	34	20	4	1	6	2	2	0	2	1	1	0	0	2	5	2	2	3	1	0	0	2	1	0	0	4	2	4	0	2	1	1	0	1
chr9	67018327	67018367	41	7	0	41	25	16	3	0	3	1	2	0	0	2	2	2	2	2	1	0	1	2	0	2	0	0	3	1	0	2	0	0	0	0	1	3	0	4
chr9	67018368	67018822	455	8	0	455	260	195	32	14	23	23	29	5	18	21	16	11	18	10	13	7	10	8	18	10	0	9	18	12	1	20	21	13	0	18	16	16	1	22
chr9	67018823	67019119	297	9	0	297	174	123	35	10	19	9	13	7	10	10	14	7	11	4	11	3	5	5	10	5	1	12	11	9	0	14	9	7	2	6	10	13	1	12
chr9	67019120	67019321	202	8	0	202	104	98	7	6	8	4	8	9	10	9	7	3	10	9	3	4	3	4	8	5	0	8	10	13	0	7	4	6	0	6	14	6	0	9
chr9	67019322	67019558	237	9	0	237	132	105	22	5	12	9	7	9	15	5	7	3	8	4	12	8	4	2	8	5	1	11	11	7	0	8	10	9	1	10	5	5	2	10
chr9	67019559	67019610	52	8	0	52	43	9	13	2	0	9	5	0	0	1	2	0	1	1	5	1	1	1	2	0	0	1	1	0	0	0	0	0	0	0	2	1	0	1
chr9	67019611	67020041	431	9	0	431	285	146	34	8	23	36	8	9	14	12	27	4	16	15	32	7	13	26	8	8	1	11	9	9	0	17	5	8	0	7	21	10	1	30
chr9	67020042	67020200	159	8	0	159	86	73	6	6	6	5	10	5	8	9	4	4	6	7	3	2	1	2	11	3	0	3	2	3	2	8	11	5	2	2	9	4	0	8
chr9	67020201	67020243	43	9	0	43	22	21	1	1	2	2	3	1	2	0	1	1	2	1	1	1	1	1	2	0	0	1	3	1	0	2	0	3	0	3	2	2	0	1
chr9	67020244	67020350	107	8	0	107	55	52	7	3	3	5	5	3	4	3	4	3	2	1	2	3	4	3	3	3	3	3	6	8	0	5	4	4	0	2	2	3	1	3
chr9	67020351	67020499	149	9	0	149	75	74	7	3	9	4	7	5	4	6	5	3	8	5	5	0	2	1	1	6	1	3	11	4	1	9	3	8	1	4	7	6	1	7
chr9	67020500	67020529	30	8	0	30	20	10	6	0	0	3	1	0	0	0	0	1	1	0	2	2	3	1	1	0	1	1	0	2	1	0	0	0	0	0	0	0	0	2
chr9	67020530	67020542	13	8	0	13	4	9	0	0	0	0	1	2	0	0	0	0	0	0	0	0	0	0	0	1	1	0	3	1	0	0	0	1	1	0	0	0	0	0
chr9	67020543	67020687	145	9	0	145	73	72	11	2	5	2	5	9	5	2	5	3	9	4	0	3	7	0	6	2	1	8	5	5	3	4	3	4	2	7	6	6	2	7
chr9	67020688	67020698	11	8	0	11	8	3	5	1	0	0	1	1	0	0	0	0	0	0	0	0	0	0	1	0	0	0	0	0	0	0	0	0	0	0	0	0	0	0
chr9	67020699	67020783	85	9	0	85	55	30	9	4	5	2	1	1	4	1	4	3	4	1	6	1	3	4	6	2	0	2	0	1	0	5	0	0	0	2	1	3	0	8
chr9	67020784	67021090	307	8	0	307	189	118	20	9	15	14	15	9	11	10	9	9	9	15	15	4	11	12	15	4	1	11	9	3	0	13	7	4	1	8	14	14	0	14
chr9	67021091	67021223	133	9	0	133	79	54	11	5	6	5	7	3	7	4	6	2	7	5	3	4	1	2	9	3	0	2	4	0	0	5	4	2	0	4	4	4	2	10
chr9	67021224	67021357	134	8	0	134	78	56	11	4	9	5	5	5	5	3	9	1	6	4	4	2	2	2	3	2	1	6	6	3	1	3	3	4	0	3	6	4	0	10
chr9	67021358	67021484	127	8	0	127	81	46	8	6	4	9	6	2	3	5	5	0	4	3	7	4	4	9	7	3	1	1	3	5	0	4	2	1	1	6	4	3	0	5
chr9	67021485	67021683	199	9	0	199	127	72	18	7	9	9	6	7	10	8	4	5	4	6	16	6	3	7	15	3	0	7	6	2	0	5	6	5	0	3	4	3	2	11
chr9	67021684	67021710	27	8	0	27	19	8	3	1	0	3	0	1	0	2	3	0	0	0	1	2	2	1	1	0	0	2	0	0	0	0	0	0	0	0	2	1	0	0
chr9	67021711	67022538	828	9	0	828	468	360	56	30	31	33	36	33	39	30	32	16	28	24	27	14	10	27	39	13	12	29	31	14	7	23	31	24	10	27	37	24	9	30
chr9	67022539	67022628	90	8	0	90	46	44	4	1	3	2	2	7	8	2	3	4	2	2	1	0	3	2	7	1	0	4	0	3	0	4	6	1	1	4	5	2	1	3
chr9	67022629	67022804	176	9	0	176	116	60	15	3	4	15	8	7	4	4	4	5	6	7	12	2	6	12	9	5	0	3	7	4	0	6	1	0	0	3	6	8	0	8
chr9	67022805	67022861	57	8	0	57	35	22	2	2	1	0	1	4	3	2	2	3	2	5	0	1	2	5	7	0	1	1	0	0	0	0	0	0	0	0	3	0	1	7
chr9	67022862	67023618	757	9	0	757	458	299	64	31	32	40	35	18	29	30	27	10	22	18	41	17	24	20	29	10	6	31	23	18	3	24	30	20	2	24	29	19	1	28
chr9	67023619	67023754	136	8	0	136	70	66	8	4	2	6	5	4	7	4	1	3	5	6	6	2	4	2	5	4	3	1	7	3	2	7	5	8	0	5	4	3	3	5
chr9	67023755	67023896	142	9	0	142	58	84	1	1	3	1	1	10	12	1	3	4	11	2	1	4	3	0	5	7	2	5	9	2	1	8	4	7	4	9	6	5	1	7
chr9	67023898	67024190	293	9	0	293	209	84	44	12	9	19	10	4	6	12	10	4	7	12	19	9	11	19	14	5	0	10	6	4	1	6	2	0	0	2	10	8	1	15
chr9	67024191	67024230	40	8	0	40	27	13	2	0	2	3	1	1	2	1	2	0	1	2	2	3	1	2	2	0	0	2	0	0	0	1	2	0	0	0	1	1	0	4
chr9	67024231	67024457	227	9	0	227	169	58	31	9	8	25	11	2	5	11	10	5	1	4	21	5	4	15	12	2	0	7	5	3	0	3	4	1	0	1	8	5	0	7
chr9	67024458	67024520	63	8	0	63	40	23	3	1	3	4	0	3	3	5	3	2	0	1	5	5	0	2	6	1	1	2	0	0	0	1	1	1	1	1	4	0	0	2
chr9	67024521	67024826	306	9	0	306	205	101	43	13	17	13	15	10	7	11	12	4	7	12	16	3	10	11	15	3	2	9	3	2	1	6	9	2	0	13	16	5	1	13
chr9	67024827	67024861	35	8	0	35	21	14	1	1	2	1	1	2	1	4	3	1	0	0	0	1	0	1	4	1	1	0	0	0	0	1	1	0	1	0	3	0	0	2
chr9	67024862	67025807	946	9	0	946	560	386	66	32	36	43	30	24	44	37	37	20	32	17	45	24	26	45	45	18	13	25	27	17	6	35	26	26	4	38	37	24	5	40
chr9	67025808	67025850	43	8	0	43	29	14	4	1	4	3	1	0	2	0	2	1	0	2	4	1	2	1	0	0	0	3	0	0	0	2	3	1	0	0	0	1	0	3
chr9	67025851	67026341	491	9	0	491	313	178	45	18	20	24	18	12	18	24	25	7	17	15	21	13	13	21	19	7	0	24	11	2	2	17	11	9	1	11	31	14	3	16
chr9	67026342	67026407	66	8	0	66	49	17	12	4	2	4	3	1	2	5	2	2	0	1	4	3	1	2	5	0	0	4	0	0	0	0	2	0	0	0	4	0	0	1
chr9	67026409	67026434	26	7	0	26	12	14	0	1	1	0	1	0	2	2	0	0	0	2	0	1	1	0	0	2	0	0	0	0	0	3	3	1	1	1	2	0	0	0
chr9	67026435	67026445	11	8	0	11	5	6	1	1	1	0	1	0	0	0	0	0	0	0	0	0	0	0	0	1	0	0	1	2	0	0	0	0	0	1	0	0	0	0
chr9	67026446	67027495	1050	9	0	1050	535	515	53	28	44	31	45	51	53	35	28	20	35	21	30	25	20	15	53	33	3	35	58	50	4	46	36	44	5	43	37	32	6	29
chr9	67027496	67027572	77	8	0	77	35	42	0	3	2	1	3	4	8	2	3	1	4	3	0	0	0	0	2	2	0	5	3	1	0	3	5	3	3	3	6	1	1	3
chr9	67027573	67027606	34	9	0	34	15	19	0	1	1	0	2	0	3	0	0	3	4	0	0	0	0	0	2	1	0	1	2	0	0	1	1	1	1	1	1	1	1	4
chr9	67027607	67027737	131	9	0	131	90	41	17	6	2	8	7	2	5	8	1	2	4	4	8	5	1	8	10	2	0	3	2	2	0	3	4	2	0	2	6	1	0	4
chr9	67027738	67027952	215	8	0	215	141	74	14	6	9	15	6	5	8	10	13	2	9	2	13	10	8	9	8	5	0	10	5	0	0	6	9	2	0	3	7	4	0	15
chr9	67027953	67027998	46	9	0	46	32	14	4	1	0	5	0	3	2	2	2	0	1	1	4	1	1	4	3	1	0	2	1	0	0	1	2	0	0	0	1	1	0	1
chr9	67027999	67028141	143	8	0	143	87	56	6	3	8	9	4	3	5	8	10	2	4	3	7	3	4	6	4	3	0	4	6	2	0	6	4	4	0	4	7	5	0	7
chr9	67028142	67028436	295	9	0	295	160	135	13	9	8	14	13	9	11	21	12	4	10	14	6	4	2	9	11	8	0	7	15	24	0	9	8	6	1	5	20	10	1	9
chr9	67028437	67028845	409	8	0	409	216	193	23	9	18	17	20	11	19	21	11	10	12	7	13	11	7	5	17	10	0	14	26	20	0	18	15	18	0	15	14	16	0	10
chr9	67028846	67028908	63	9	0	63	29	34	1	1	2	0	1	4	5	2	2	4	3	2	0	1	1	0	3	3	0	3	4	3	0	2	1	0	0	2	4	3	0	4
chr9	67028909	67029215	307	8	0	307	143	164	8	8	13	7	12	12	20	10	14	4	14	3	2	7	5	2	11	12	0	8	22	16	0	19	11	13	0	16	11	16	0	9
chr9	67029216	67029406	191	9	0	191	96	95	9	4	7	8	8	3	10	9	9	7	9	1	2	2	4	2	7	6	0	3	11	11	0	12	7	8	0	3	5	9	0	13
chr9	67029407	67029529	123	8	0	123	73	50	16	4	10	5	7	1	6	2	10	1	3	1	2	0	2	2	2	1	0	3	4	2	0	3	7	3	1	8	3	3	1	8
chr9	67029530	67029711	182	9	0	182	97	85	8	6	9	3	8	6	8	7	7	4	11	7	3	1	4	3	4	4	1	8	9	6	0	7	7	3	0	6	9	9	1	11
chr9	67029712	67029783	72	8	0	72	41	31	4	1	8	2	5	1	1	3	6	3	1	1	0	1	3	0	2	1	0	3	5	2	0	1	1	1	0	2	2	4	0	6
chr9	67029784	67029833	50	9	0	50	27	23	1	1	5	1	1	3	1	1	6	2	2	0	0	0	2	0	3	0	0	3	3	1	0	2	0	0	0	0	0	5	0	5
chr9	67029834	67029891	58	9	0	58	33	25	12	2	1	1	3	2	3	2	2	0	3	1	0	0	0	0	1	1	0	2	4	1	0	1	3	2	1	2	1	2	1	2
chr9	67029892	67030286	395	8	0	395	207	188	16	14	10	12	12	14	25	17	12	9	16	9	12	10	8	10	16	16	1	14	23	12	1	20	13	13	0	12	15	15	2	14
chr9	67030287	67030547	261	9	0	261	146	115	13	8	14	9	9	12	12	10	13	6	9	9	9	2	2	8	11	8	1	8	11	10	1	11	4	8	0	4	17	6	0	14
chr9	67030548	67030699	152	8	0	152	108	44	13	2	5	19	4	4	3	10	8	1	1	7	14	6	2	8	10	0	0	3	3	4	0	4	2	0	0	0	6	6	0	5
chr9	67030700	67030712	13	9	0	13	12	1	10	0	0	0	1	0	0	0	0	0	0	0	0	0	0	0	0	0	0	0	0	0	0	0	0	0	0	0	0	0	0	0
chr9	67030713	67030952	240	9	0	240	175	65	34	8	11	25	10	3	4	13	14	1	3	8	19	2	3	16	6	5	1	2	7	0	0	4	5	3	0	6	12	3	1	9
chr9	67030953	67036223	5271	8	0	5271	3466	1805	576	162	220	369	222	122	151	202	225	77	130	152	305	141	117	293	228	94	27	153	136	67	28	142	123	77	38	108	211	135	23	215
chr9	67036224	67036252	29	8	0	29	19	10	4	2	2	0	1	1	1	1	2	0	1	0	1	0	0	1	0	2	0	1	2	0	0	0	2	0	0	0	0	0	0	3
chr9	67036253	67036537	285	8	0	285	208	77	23	8	10	28	11	5	5	17	12	1	1	11	23	11	6	36	11	6	1	7	8	3	0	2	6	2	0	5	13	2	1	8
chr9	67036538	67036674	137	8	0	137	100	37	15	4	10	11	4	0	1	6	9	4	2	2	12	5	6	9	5	2	0	5	0	2	0	4	0	0	0	0	6	2	0	9
chr9	67036675	67036797	123	8	0	123	92	31	21	7	7	10	7	1	1	1	5	1	2	3	11	2	5	6	5	3	0	3	3	1	0	1	1	0	0	3	2	1	0	8
chr9	67036798	67036844	47	8	0	47	32	15	4	1	1	3	1	0	2	5	1	1	3	4	3	0	0	2	0	1	0	1	1	0	0	0	1	0	0	1	6	0	0	3
chr9	67036845	67037282	438	8	0	438	299	139	52	15	19	32	18	9	11	13	23	3	7	15	25	17	22	18	15	9	2	17	10	2	0	9	11	2	0	13	15	8	4	20
chr9	67037283	67037335	53	8	0	53	36	17	2	1	3	2	1	0	3	4	1	2	2	3	4	2	0	4	5	0	0	1	0	0	0	1	1	0	0	1	2	1	0	5
chr9	67037336	67038021	686	8	0	686	357	329	56	22	23	17	30	24	22	26	12	15	30	20	20	11	12	17	33	14	8	17	20	21	19	23	22	31	20	23	27	17	9	23
chr9	67038022	67038054	33	8	0	33	22	11	3	0	1	2	2	0	1	0	2	1	0	2	0	1	3	2	2	0	0	0	0	0	0	1	0	1	1	0	1	0	1	4
chr9	67038055	67039306	1252	8	0	1252	777	475	126	41	47	67	56	25	44	49	45	24	31	38	54	32	32	64	51	36	8	28	55	17	7	37	31	28	8	31	38	35	7	58
chr9	67039307	67039359	53	8	0	53	22	31	1	0	1	1	1	5	3	0	0	0	4	3	1	1	0	0	1	3	0	2	6	3	0	3	2	2	0	2	1	4	0	1
chr9	67039360	67040342	983	8	0	983	693	290	104	27	42	77	30	15	23	45	43	15	17	32	73	28	39	82	38	10	3	34	23	8	1	15	20	9	2	19	33	20	1	53
chr9	67040343	67040377	35	8	0	35	17	18	3	1	1	1	1	0	1	0	1	1	2	0	1	1	2	0	0	1	0	2	1	5	0	4	0	0	0	0	1	3	0	0
chr9	67040378	67042173	1796	8	0	1796	1251	545	204	66	79	143	81	25	40	74	94	23	38	62	113	46	53	109	72	32	7	49	47	15	2	35	29	10	0	29	71	42	7	97
chr9	67042174	67042223	50	8	0	50	34	16	5	1	1	6	3	2	1	4	2	1	0	0	3	1	2	2	2	1	0	1	1	0	0	0	4	0	0	2	2	0	0	1
chr9	67042231	67042241	11	8	0	11	6	5	0	0	1	0	0	0	0	1	0	0	0	1	1	1	0	0	1	0	0	0	0	0	0	0	0	0	1	1	0	0	0	1
chr9	67042242	67042641	400	8	0	400	268	132	41	8	19	32	13	10	7	27	23	8	6	9	22	10	16	16	18	5	1	12	9	6	1	7	8	3	2	13	22	8	0	16
chr9	67042642	67042668	27	8	0	27	19	8	0	0	1	4	1	1	2	1	1	2	0	0	3	0	0	1	1	0	0	2	0	0	0	0	1	0	0	1	3	0	0	0
chr9	67042669	67043897	1229	8	0	1229	775	454	107	38	52	67	42	31	43	49	38	27	39	32	76	34	44	54	56	24	2	48	26	31	3	34	42	11	6	35	42	28	5	61
chr9	67043898	67043926	29	8	0	29	22	7	3	1	1	2	2	1	0	0	0	0	0	1	2	3	1	4	2	0	0	2	1	0	0	0	0	0	0	0	0	1	0	0
chr9	67043927	67044726	800	8	0	800	552	248	95	25	50	52	37	14	17	27	49	12	20	13	42	27	19	52	32	17	3	25	14	2	1	23	18	4	2	12	31	17	0	46
chr9	67044727	67044761	35	8	0	35	26	9	4	2	1	2	1	0	2	0	3	0	1	1	1	2	1	3	1	0	0	3	0	0	0	0	0	0	0	0	2	0	0	3
chr9	67044762	67044800	39	8	0	39	30	9	10	1	2	4	2	0	0	0	3	0	1	0	2	0	2	1	0	0	0	1	1	0	0	1	1	0	0	1	0	2	0	2
chr9	67044801	67044829	29	8	0	29	22	7	5	1	2	1	2	0	0	2	1	0	1	3	0	0	0	2	0	0	0	1	0	0	0	0	0	0	0	0	4	0	0	2
chr9	67044830	67045313	484	8	0	484	309	175	43	11	26	25	19	11	16	22	20	12	12	15	23	13	18	22	23	1	0	23	9	12	0	11	14	8	0	14	23	12	0	24
chr9	67045314	67045349	36	8	0	36	20	16	1	0	2	1	0	0	1	3	1	2	2	2	2	0	1	1	1	0	0	1	1	1	0	2	0	1	0	1	2	2	1	2
chr9	67045350	67047184	1835	8	0	1835	1097	738	156	65	73	87	76	46	72	68	86	32	80	45	63	41	46	60	71	38	5	70	68	39	6	68	51	33	5	41	72	71	6	93
chr9	67047185	67047222	38	8	0	38	27	11	6	0	3	2	1	1	0	0	1	2	1	1	4	1	2	1	0	1	0	3	1	0	0	1	0	0	0	0	1	1	0	2
chr9	67047223	67048292	1070	8	0	1070	667	403	103	38	52	55	45	20	48	43	62	27	30	21	39	13	29	41	57	14	4	23	31	16	3	29	28	19	0	39	40	30	1	68
chr9	67048293	67048334	42	8	0	42	32	10	8	3	1	4	2	0	1	2	1	1	0	0	5	1	2	0	3	1	0	2	1	0	0	0	0	0	0	0	1	0	0	1
chr9	67048335	67048519	185	8	0	185	126	59	26	4	3	14	5	4	7	12	8	6	1	3	9	7	7	9	11	4	0	6	6	5	0	2	3	2	0	1	7	2	0	9
chr9	67048520	67048562	43	8	0	43	30	13	6	0	4	3	4	1	1	0	2	2	1	1	2	2	0	0	2	1	0	2	1	0	0	0	0	0	0	0	2	0	0	4
chr9	67048563	67048988	426	8	0	426	236	190	34	14	10	17	20	16	18	12	12	4	18	11	10	12	10	16	16	16	2	12	21	13	3	17	10	16	6	12	19	9	3	15
chr9	67048989	67049035	47	8	0	47	36	11	9	4	1	2	3	0	1	1	1	2	1	0	4	0	1	5	3	1	0	1	0	0	0	1	0	0	0	0	2	0	0	2
chr9	67049036	67049341	306	8	0	306	221	85	46	12	12	24	12	6	5	9	13	3	6	8	23	11	11	19	11	4	2	15	7	3	0	4	3	2	0	3	11	4	2	13
chr9	67049342	67049661	320	9	0	320	226	94	37	10	18	20	12	8	4	15	12	1	7	6	24	11	9	31	12	4	0	13	7	2	0	7	8	7	0	7	12	3	0	11
chr9	67049669	67049741	73	9	0	73	54	19	11	3	2	6	0	1	2	6	3	2	1	0	8	2	1	5	4	1	0	3	3	0	0	0	1	0	0	1	1	2	0	2
chr9	67049742	67049809	68	9	0	68	47	21	11	1	2	4	2	1	3	3	4	1	0	2	2	2	3	5	2	0	0	3	2	0	0	2	3	1	0	0	2	2	0	3
chr9	67049810	67050587	778	9	0	778	508	270	83	33	34	46	28	24	20	35	32	6	15	14	53	30	20	35	38	17	4	34	20	19	3	22	21	14	1	8	28	14	1	24
chr9	67050588	67050707	120	9	0	120	76	44	20	3	4	3	3	5	3	10	4	1	2	3	2	4	1	6	8	3	1	1	7	1	1	2	5	2	0	3	1	5	0	4
chr9	67050708	67050839	132	9	0	132	47	85	2	2	3	0	1	6	9	0	4	3	11	2	0	3	1	0	2	4	1	7	4	8	6	7	5	8	6	5	5	6	4	5
chr9	67050840	67050878	39	9	0	39	25	14	7	0	0	5	2	2	0	0	1	0	0	0	3	1	1	1	1	2	1	0	2	1	2	0	0	2	1	1	1	0	0	0
chr9	67050879	67051141	263	9	0	263	132	131	8	6	2	13	6	12	9	15	8	5	8	8	6	7	11	6	9	12	4	6	13	10	8	10	9	11	5	5	11	8	1	9
chr9	67051142	67051175	34	9	0	34	21	13	5	1	1	2	3	2	2	0	1	1	1	1	0	0	0	0	1	1	0	2	2	0	0	0	1	0	0	1	3	0	0	1
chr9	67051176	67051336	161	9	0	161	86	75	12	6	5	5	7	9	10	4	6	4	7	3	3	2	3	0	6	5	0	10	7	4	1	3	9	3	1	5	8	3	2	6
chr9	67051337	67051380	44	9	0	44	17	27	0	0	1	1	1	3	2	2	0	0	2	1	1	1	2	0	1	1	0	0	3	3	0	4	4	3	0	3	0	3	0	0
chr9	67051381	67051474	94	9	0	94	48	46	8	4	2	3	4	4	3	2	3	2	4	2	2	1	2	1	3	4	1	3	6	3	1	5	0	5	2	1	3	3	2	3
chr9	67051475	67051516	42	9	0	42	19	23	2	0	2	2	2	1	2	4	1	0	1	0	1	1	0	0	1	1	0	0	4	1	0	2	3	4	0	3	1	1	0	0
chr9	67051517	67051755	239	9	0	239	163	76	40	6	12	19	12	4	4	4	6	1	5	6	19	7	7	11	6	2	2	8	4	4	3	5	5	8	1	8	9	2	0	7
chr9	67051756	67051774	19	9	0	19	5	14	0	0	0	0	0	3	0	0	0	0	2	0	0	0	0	0	1	1	1	0	1	2	0	1	0	1	1	1	1	1	0	0
chr9	67051776	67051808	33	9	0	33	15	18	1	1	1	1	2	2	0	0	0	0	2	1	1	0	0	2	1	1	0	1	3	3	1	2	0	2	0	0	0	2	1	0
chr9	67051810	67051945	136	9	0	136	59	77	8	1	0	4	2	4	6	3	2	4	8	5	1	4	5	2	2	5	3	3	6	5	6	6	2	7	6	5	4	7	3	5
chr9	67051946	67051957	12	9	0	12	4	8	0	1	0	0	0	1	0	0	1	0	0	0	0	0	0	0	0	1	2	0	0	1	2	0	0	0	0	0	1	0	0	0
chr9	67051958	67052043	86	9	0	86	41	45	11	0	1	0	2	3	6	0	0	3	10	2	0	2	0	0	2	1	1	4	3	1	2	2	2	3	3	6	4	3	2	5
chr9	67052044	67052085	42	9	0	42	22	20	0	0	0	0	0	19	0	0	0	0	0	0	0	1	0	0	20	0	0	0	0	0	0	0	0	0	0	0	0	0	0	0
chr9	67052086	67052213	128	9	0	128	61	67	14	0	1	1	1	27	3	0	0	2	3	0	1	2	4	1	25	2	2	2	5	3	4	2	0	7	4	5	1	2	0	2
chr9	67052214	67052368	155	9	0	155	61	94	10	2	4	2	5	4	11	3	4	1	9	1	0	2	2	0	2	2	1	4	9	6	5	9	8	15	7	10	4	7	1	3
chr9	67052369	67052467	99	9	0	99	72	27	10	6	2	8	3	3	2	7	6	0	2	2	6	2	4	7	7	1	0	3	1	0	0	1	2	1	0	1	5	0	0	5
chr9	67052468	67052507	40	9	0	40	32	8	7	2	3	5	1	1	0	2	4	0	0	0	4	1	0	1	2	0	0	1	0	0	0	0	0	0	0	0	2	0	0	2
chr9	67052508	67052677	170	9	0	170	113	57	15	10	6	11	8	4	6	9	11	2	1	0	9	2	4	13	10	1	0	7	7	1	0	5	6	4	0	2	4	7	0	3
chr9	67052678	67052718	41	9	0	41	29	12	4	0	3	3	1	0	0	1	1	2	2	0	4	0	3	3	1	0	0	1	1	0	0	1	0	1	0	1	0	1	0	5
chr9	67052719	67052849	131	9	0	131	101	30	19	5	5	15	6	1	2	7	7	3	1	2	11	2	2	11	4	2	0	5	2	1	0	1	1	0	0	1	9	1	0	3
chr9	67052850	67052917	68	9	0	68	50	18	8	1	3	8	3	2	1	2	4	1	2	1	6	0	2	4	2	0	0	2	1	1	0	0	1	0	0	3	4	1	0	3
chr9	67052918	67053015	98	9	0	98	60	38	9	4	4	4	3	1	3	4	6	3	6	3	3	0	2	3	3	2	1	3	4	2	0	2	1	0	0	1	3	4	3	9
chr9	67053016	67053052	37	9	0	37	26	11	4	1	1	4	2	0	2	1	1	1	0	0	2	1	1	3	2	0	0	1	1	0	0	1	2	1	0	1	0	1	0	1
chr9	67053053	67053532	480	9	0	480	304	176	40	13	30	18	16	12	19	14	25	5	14	16	20	20	20	20	18	9	1	22	8	4	2	14	23	5	1	9	12	10	0	38
chr9	67053533	67053578	46	9	0	46	21	25	0	1	2	0	0	0	5	5	3	0	2	1	0	0	0	0	1	0	0	0	1	2	0	2	5	2	0	5	4	1	0	2
chr9	67053579	67053689	111	9	0	111	66	45	7	5	4	6	5	3	8	4	8	2	3	3	2	1	2	3	6	0	1	4	3	0	0	2	4	4	0	4	7	1	1	6
chr9	67053690	67053730	41	9	0	41	28	13	7	1	0	4	3	1	0	1	1	0	2	1	1	1	1	2	2	1	0	0	2	1	0	1	1	0	0	1	0	2	0	2
chr9	67053731	67054361	631	9	0	631	404	227	64	18	35	34	19	13	19	19	33	9	21	21	35	11	21	30	15	8	3	25	15	18	2	17	12	9	2	17	28	17	1	38
chr9	67054362	67054385	24	9	0	24	9	15	0	0	1	0	1	2	1	0	0	0	3	0	0	0	0	0	0	1	0	1	2	0	0	1	2	1	0	3	1	2	0	0
chr9	67054387	67054551	165	9	0	165	80	85	9	3	2	5	2	7	6	3	4	4	10	6	3	4	7	4	3	8	2	5	7	5	4	10	2	7	1	6	6	7	7	4
chr9	67054552	67054611	60	9	0	60	31	29	3	2	3	2	2	2	3	4	4	0	1	1	1	1	0	1	2	2	0	1	5	2	1	1	2	3	1	2	2	1	0	3
chr9	67054612	67054643	32	9	0	32	19	13	1	0	0	2	0	2	0	3	1	1	0	0	1	2	2	3	3	2	0	0	1	1	0	1	0	0	1	1	2	0	0	0
chr9	67054644	67054889	246	9	0	246	172	74	28	9	10	26	12	2	7	6	16	2	5	7	18	5	8	9	5	3	0	10	6	2	0	8	4	3	0	3	13	8	0	9
chr9	67054890	67054961	72	9	0	72	57	15	16	2	2	9	4	1	0	2	3	0	2	0	7	1	0	6	3	0	0	1	1	2	0	1	0	0	0	2	3	2	0	0
chr9	67054962	67055274	313	9	0	313	207	106	32	11	14	23	12	7	9	9	20	4	10	10	17	6	8	13	10	7	3	8	7	2	1	10	3	4	0	7	17	7	4	16
chr9	67055275	67055309	35	9	0	35	25	10	5	0	4	3	1	0	0	1	2	0	0	1	2	1	2	1	0	0	0	1	2	0	0	0	0	1	0	3	0	1	0	2
chr9	67055310	67055437	128	9	0	128	84	44	18	5	4	8	4	6	3	7	6	2	3	3	7	1	3	3	7	4	0	3	4	1	0	4	3	2	0	1	6	3	0	5
chr9	67055438	67055476	39	9	0	39	14	25	0	0	2	0	0	4	3	0	2	2	1	0	0	0	0	0	2	1	0	2	2	4	1	2	1	2	0	1	2	2	1	0
chr9	67055477	67055701	225	9	0	225	111	114	16	11	8	3	7	4	20	2	13	6	11	2	2	2	3	1	8	6	1	8	10	9	2	13	7	6	1	10	8	12	0	11
chr9	67055702	67055761	60	9	0	60	28	32	3	1	5	0	4	3	3	0	1	1	1	0	1	2	3	0	3	3	0	1	3	0	0	3	4	3	3	4	0	0	0	3
chr9	67055762	67055818	57	9	0	57	31	26	5	2	4	0	0	3	4	0	3	2	1	1	3	1	1	1	2	3	0	2	2	2	0	4	0	1	0	1	3	2	0	2
chr9	67055819	67055876	58	9	0	58	37	21	8	0	3	4	2	1	3	4	2	1	0	2	3	1	2	0	0	0	0	3	1	1	0	1	5	2	0	1	3	0	0	3
chr9	67055877	67056058	182	9	0	182	133	49	20	4	7	18	7	3	3	6	11	1	3	5	12	3	14	15	4	0	0	7	1	0	0	2	7	2	0	5	6	1	0	13
chr9	67056059	67056155	97	9	0	97	66	31	10	3	5	5	5	3	1	3	1	0	4	3	7	7	1	7	5	3	1	4	0	0	1	3	5	0	0	1	2	1	0	4
chr9	67056160	67056197	38	9	0	38	21	17	1	2	1	0	2	1	1	2	0	0	1	0	1	3	0	6	4	1	0	0	1	0	2	2	0	3	0	1	1	0	0	0
chr9	67056199	67056236	38	9	0	38	19	19	1	0	2	1	2	2	1	1	0	1	3	2	1	1	0	0	2	0	1	1	2	1	0	1	0	2	1	1	3	1	0	2
chr9	67056237	67056336	100	9	0	100	50	50	9	4	5	1	6	2	4	2	3	2	3	2	1	2	2	1	3	5	0	3	6	3	2	6	2	5	0	4	3	4	2	1
chr9	67056337	67056375	39	9	0	39	17	22	0	1	3	0	2	3	3	0	2	1	2	0	0	0	0	0	2	1	0	2	3	1	0	1	1	2	0	2	2	1	0	2
chr9	67056386	67056498	113	9	0	113	60	53	14	2	4	2	5	5	7	0	3	4	8	2	0	1	3	0	3	3	0	6	3	1	0	4	7	2	2	4	4	2	2	8
chr9	67056499	67056538	40	9	0	40	26	14	2	1	4	0	2	0	0	2	2	0	1	2	1	3	0	4	3	0	0	1	1	0	0	2	0	1	0	1	0	2	0	3
chr9	67056539	67056793	255	9	0	255	175	80	22	10	9	21	13	7	6	11	11	3	4	7	16	8	6	19	15	6	0	7	7	4	0	6	2	3	0	5	13	4	0	8
chr9	67056794	67056837	44	9	0	44	32	12	5	1	3	3	2	0	1	2	3	0	0	3	3	2	1	2	1	1	0	1	1	0	0	1	0	0	0	0	2	1	0	3
chr9	67056838	67057287	450	9	0	450	302	148	35	12	21	34	16	16	9	26	19	10	5	13	32	9	16	29	24	5	1	17	9	1	2	9	16	6	0	10	17	9	5	15
chr9	67057288	67057324	37	9	0	37	26	11	3	4	2	2	2	0	0	0	1	0	0	0	5	1	3	2	1	2	0	2	1	1	0	2	0	0	0	0	0	0	0	1
chr9	67057325	67057386	62	9	0	62	40	22	8	2	5	4	4	0	2	1	3	2	1	1	4	1	1	0	3	0	0	2	0	2	0	3	1	1	0	2	2	2	0	3
chr9	67057387	67057426	40	9	0	40	29	11	2	1	2	2	1	1	1	2	0	0	0	1	4	1	1	9	1	1	0	1	2	0	0	0	1	1	0	2	1	0	0	0
chr9	67057427	67057520	94	9	0	94	69	25	9	4	2	8	5	3	0	5	4	1	1	0	6	6	3	11	8	1	1	4	2	1	0	1	0	0	0	0	3	2	0	1
chr9	67057521	67057592	72	9	0	72	46	26	7	2	1	6	2	3	1	5	3	0	2	1	4	3	3	2	3	1	1	3	2	1	0	2	2	1	1	2	4	2	0	0
chr9	67057593	67057636	44	9	0	44	29	15	7	1	2	3	3	1	0	1	2	2	0	0	2	2	2	0	2	2	1	1	1	0	1	0	2	0	0	0	0	1	0	3
chr9	67057637	67057738	102	9	0	102	57	45	15	3	6	1	5	4	3	1	3	4	5	0	3	0	3	0	4	1	1	5	4	2	1	2	2	4	2	4	3	2	1	6
chr9	67057739	67057779	41	9	0	41	17	24	0	3	2	1	5	0	2	1	1	0	2	0	0	0	0	0	1	2	0	0	1	2	2	2	4	2	0	3	1	1	0	1
chr9	67057780	67057839	60	9	0	60	20	40	0	0	0	1	0	3	5	0	1	1	4	1	0	2	2	0	1	2	1	2	3	3	3	5	3	5	1	3	1	3	1	1
chr9	67057840	67057921	82	9	0	82	43	39	7	2	1	4	3	1	2	4	1	2	6	2	3	1	2	2	2	3	1	0	6	3	1	5	0	5	0	1	2	4	0	4
chr9	67057923	67057964	42	9	0	42	17	25	1	0	1	1	1	2	3	2	0	0	3	1	1	1	0	0	1	1	0	1	1	1	1	2	4	3	1	3	2	1	0	1
chr9	67057965	67058508	544	9	0	544	361	183	68	13	30	41	25	12	11	16	30	11	15	15	29	15	14	16	20	8	2	21	11	13	4	9	8	8	3	3	25	8	1	37
chr9	67058509	67058545	37	9	0	37	12	25	0	0	0	0	0	2	3	0	0	0	5	0	0	0	2	0	2	0	0	0	0	3	1	4	3	2	1	2	0	1	0	4
chr9	67058546	67058991	446	9	0	446	240	206	34	16	16	19	17	12	22	8	16	10	16	6	18	6	15	9	13	8	4	19	12	13	6	19	20	11	14	17	14	17	3	14
chr9	67058992	67059028	37	9	0	37	15	22	2	2	0	1	1	2	4	0	2	0	0	0	0	0	0	0	1	2	1	0	2	4	0	2	3	1	1	2	1	1	0	0
chr9	67059029	67059456	428	9	0	428	117	311	3	4	8	0	4	10	23	0	6	16	31	1	2	1	4	3	3	8	13	7	12	27	38	21	17	39	49	23	5	24	8	16
chr9	67059457	67059514	58	9	0	58	17	41	0	1	0	0	0	2	3	0	1	2	8	0	0	0	0	0	0	0	3	2	0	4	3	2	3	1	6	4	2	5	1	3
chr9	67059515	67059860	346	9	0	346	186	160	29	9	16	14	15	6	14	11	14	8	11	4	10	8	5	11	9	7	6	9	14	12	7	12	15	13	5	12	8	13	4	13
chr9	67059861	67059901	41	9	0	41	28	13	4	1	3	4	2	1	0	2	4	0	1	2	2	0	0	2	1	0	0	1	1	0	0	0	0	1	0	0	3	0	2	2
chr9	67059902	67060221	320	9	0	320	194	126	23	15	13	18	7	3	18	9	12	6	5	6	27	9	13	9	14	4	3	12	3	8	1	15	13	8	4	11	8	7	3	11
chr9	67060222	67060268	47	9	0	47	29	18	5	3	3	1	2	1	2	1	2	2	1	0	3	1	2	0	1	2	0	3	2	0	0	1	0	1	0	1	2	0	0	3
chr9	67060269	67060325	57	9	0	57	41	16	6	0	1	8	2	0	1	4	2	0	2	4	5	1	1	3	1	0	0	0	2	0	0	1	2	1	0	1	2	2	0	3
chr9	67060326	67060402	77	9	0	77	51	26	11	3	3	6	1	1	1	2	6	0	0	1	5	1	6	3	2	3	0	0	2	3	0	4	0	1	0	3	1	3	0	3
chr9	67060403	67060563	161	9	0	161	119	42	14	3	10	14	4	1	1	8	7	2	2	7	16	8	7	15	3	4	0	7	3	0	0	5	0	0	0	0	6	4	0	8
chr9	67060564	67060614	51	9	0	51	28	23	2	3	1	1	1	4	3	2	3	1	2	0	1	0	1	1	3	2	2	1	3	0	0	0	2	0	0	4	3	1	0	2
chr9	67060615	67060852	238	9	0	238	109	129	9	3	5	7	5	12	12	12	7	4	11	6	4	4	5	1	7	10	2	4	19	8	5	10	6	18	1	11	9	6	4	9
chr9	67060853	67061172	320	9	0	320	177	143	29	11	11	11	15	9	14	11	12	6	18	6	7	3	4	8	8	6	3	13	10	11	3	11	16	6	2	12	15	12	4	11
chr9	67061173	67061636	464	9	0	464	295	169	46	14	16	34	13	14	19	15	19	4	14	13	32	14	16	12	19	8	0	19	14	11	0	15	11	10	1	9	16	11	1	22
chr9	67061637	67061746	110	9	0	110	44	66	3	4	2	1	3	9	5	0	3	2	6	3	1	1	0	0	4	7	2	3	6	6	5	5	2	5	2	4	6	4	3	1
chr9	67061747	67061844	98	9	0	98	47	51	8	0	0	3	0	8	8	3	2	1	6	2	1	1	2	2	1	3	1	4	5	2	0	6	7	6	0	3	6	2	1	2
chr9	67061845	67061871	27	9	0	27	17	10	7	0	0	0	1	1	1	0	0	2	4	0	0	0	0	0	1	0	0	2	0	0	0	0	0	0	0	0	2	1	0	3
chr9	67061872	67061885	14	9	0	14	10	4	6	2	0	0	1	0	0	0	0	0	0	0	0	0	0	0	1	1	0	0	0	1	0	0	0	0	0	0	0	0	0	0
chr9	67061886	67061942	57	9	0	57	40	17	9	3	1	3	3	2	1	4	3	0	1	0	1	3	2	3	4	1	0	3	1	0	0	1	1	1	0	0	3	0	0	1
chr9	67061944	67061973	30	9	0	30	17	13	1	0	1	2	0	0	1	3	2	0	1	1	1	1	1	1	0	0	0	1	2	1	0	0	1	1	0	2	1	2	0	1
chr9	67061975	67062044	70	9	0	70	48	22	9	1	6	7	5	0	0	4	7	1	1	3	1	1	0	0	1	1	0	1	3	0	0	2	1	1	0	0	4	3	0	5
chr9	67062045	67062130	86	9	0	86	40	46	3	2	4	3	3	1	4	4	5	3	3	1	1	1	2	0	1	3	0	3	5	6	1	5	2	4	0	2	4	5	1	2
chr9	67062131	67062178	48	9	0	48	25	23	2	1	2	1	0	1	5	3	3	0	1	1	1	2	0	0	1	2	0	1	3	1	0	2	4	1	0	3	1	2	0	2
chr9	67062179	67062263	85	9	0	85	40	45	0	2	3	0	4	6	5	0	2	5	6	0	0	0	3	2	3	5	0	5	5	3	0	5	3	0	0	3	4	5	0	4
chr9	67062264	67062295	32	9	0	32	17	15	1	0	1	2	1	0	2	1	2	1	2	1	1	0	1	0	1	0	0	0	1	0	0	2	1	2	0	1	1	2	0	3
chr9	67062296	67062681	386	9	0	386	271	115	41	17	14	30	18	4	7	25	18	4	4	13	26	13	11	24	19	8	0	12	12	5	0	8	6	2	0	4	17	10	0	12
chr9	67062682	67062711	30	9	0	30	24	6	2	2	0	4	1	0	1	2	2	0	1	0	3	0	0	4	2	0	0	1	0	0	0	0	0	0	0	0	2	0	0	1
chr9	67062712	67063065	354	9	0	354	209	145	22	9	19	17	19	7	16	13	16	15	6	9	11	9	8	11	18	6	5	11	9	6	4	8	13	6	2	11	15	9	3	19
chr9	67063066	67063123	58	9	0	58	42	16	6	2	2	6	5	0	1	4	3	1	0	2	2	1	0	5	4	0	0	0	1	0	0	1	2	0	0	2	3	2	0	1
chr9	67063124	67063185	62	9	0	62	41	21	3	2	4	3	3	4	1	2	2	1	0	1	4	4	2	4	6	1	0	3	1	0	0	1	1	1	0	2	3	0	0	1
chr9	67063186	67063216	31	8	0	31	22	9	7	2	0	1	0	0	1	0	1	1	0	1	2	2	4	0	1	0	0	3	0	0	0	0	0	0	0	0	0	1	0	2
chr9	67063217	67063374	158	9	0	158	114	44	21	5	4	15	4	3	3	9	5	1	3	4	15	6	3	12	5	2	1	7	4	3	0	0	3	1	0	4	7	2	1	3
chr9	67063385	67063450	66	9	0	66	50	16	7	3	3	6	1	0	1	1	0	0	1	2	11	5	4	4	2	2	0	4	0	0	0	3	1	0	0	1	0	1	0	1
chr9	67063452	67063542	91	9	0	91	59	32	6	1	4	12	6	2	3	1	3	2	0	0	8	4	3	3	2	3	2	2	4	1	0	2	4	3	0	3	1	0	0	4
chr9	67063543	67063803	261	9	0	261	192	69	24	11	11	20	10	3	4	11	8	0	7	3	23	9	5	41	9	2	1	11	3	1	1	7	8	4	0	4	8	5	0	5
chr9	67063804	67063854	51	9	0	51	36	15	8	2	2	5	3	1	0	2	2	2	0	1	4	1	1	2	2	0	1	3	1	1	1	0	0	0	0	0	2	2	0	0
chr9	67063856	67063870	15	9	0	15	9	6	1	0	0	1	1	0	1	1	1	0	1	0	0	0	0	0	1	0	0	0	0	0	0	1	1	1	0	0	1	0	0	1
chr9	67063872	67063885	14	9	0	14	9	5	2	1	0	1	0	0	0	1	1	0	1	0	1	0	1	0	0	0	0	1	0	0	0	1	0	0	0	0	0	1	0	0
chr9	67063886	67064262	377	9	0	377	241	136	28	16	19	21	25	4	12	10	17	9	8	17	14	4	13	23	13	8	0	12	13	6	2	10	5	5	0	10	20	11	0	20
chr9	67064263	67064292	30	9	0	30	18	12	5	1	0	1	0	2	2	1	2	1	0	0	0	0	1	1	2	0	0	1	1	1	0	1	1	1	0	0	1	1	0	1
chr9	67064293	67064896	604	9	0	604	379	225	43	20	27	36	18	16	22	20	25	13	18	15	39	14	18	33	34	12	1	16	14	18	2	19	9	7	3	19	19	16	4	32
chr9	67064897	67064906	10	9	0	10	5	5	1	0	0	1	1	1	0	1	0	0	0	0	0	0	0	0	1	0	0	0	0	0	0	0	2	0	0	0	0	0	0	0
chr9	67064908	67064942	35	9	0	35	30	5	2	0	3	6	1	0	0	1	2	0	0	1	6	1	0	5	1	0	0	0	0	0	0	0	0	0	0	0	1	0	0	3
chr9	67064943	67065028	86	9	0	86	65	21	9	3	2	8	5	0	1	4	4	0	0	2	5	2	3	16	2	2	0	1	2	2	0	1	2	0	0	2	3	1	0	2
chr9	67065029	67065059	31	9	0	31	18	13	1	2	0	2	2	1	3	0	1	0	0	0	1	2	1	0	3	1	0	1	1	0	0	1	2	0	0	2	1	1	0	0
chr9	67065061	67065090	30	9	0	30	18	12	3	1	3	0	0	2	2	0	1	1	1	0	2	0	0	0	3	0	0	1	1	0	0	0	0	0	0	4	0	1	0	2
chr9	67065091	67065352	262	9	0	262	190	72	34	13	13	20	12	5	4	7	10	3	3	5	23	6	12	18	14	5	0	8	5	2	0	5	2	1	0	9	7	4	0	10
chr9	67065353	67065382	30	9	0	30	23	7	3	1	3	2	0	1	0	2	2	0	0	0	4	1	0	3	2	0	0	0	0	0	0	0	0	0	0	2	1	0	0	1
chr9	67065383	67065572	190	9	0	190	99	91	6	4	10	7	10	8	7	9	6	2	6	6	5	2	3	8	8	1	1	6	8	10	1	7	12	7	1	7	6	7	1	6
chr9	67065573	67065601	29	9	0	29	20	9	2	0	0	3	2	0	1	4	0	0	1	2	0	0	0	3	0	0	0	0	0	0	0	0	4	0	0	2	3	0	0	0
chr9	67065602	67065663	62	9	0	62	35	27	3	2	5	1	5	0	4	1	2	3	0	0	2	3	1	2	3	1	0	3	1	1	1	1	5	1	1	3	1	1	0	3
chr9	67065664	67065706	43	9	0	43	25	18	3	3	2	1	4	0	2	3	1	1	1	0	1	1	2	0	2	0	0	3	1	0	0	1	3	1	0	2	2	0	0	1
chr9	67065708	67065751	44	9	0	44	25	19	2	1	2	1	1	4	2	0	2	1	3	1	1	2	0	0	4	1	1	2	0	0	1	1	2	0	0	0	2	1	0	4
chr9	67065753	67065899	147	9	0	147	102	45	7	3	6	11	5	3	2	11	7	3	4	5	8	1	6	19	6	2	0	2	2	1	0	1	5	1	0	5	9	0	0	10
chr9	67065901	67065948	48	9	0	48	31	17	5	1	3	2	2	1	2	2	4	2	1	2	0	1	1	0	3	0	0	2	1	0	0	2	0	0	0	0	3	3	0	3
chr9	67065952	67066481	530	9	0	530	281	249	34	9	19	23	15	19	28	19	28	11	24	10	10	5	13	12	21	9	2	12	21	24	5	24	19	16	1	22	20	25	2	26
chr9	67066482	67066493	12	9	0	12	7	5	0	1	0	1	1	0	0	1	1	0	0	0	0	0	0	0	1	1	0	0	1	1	0	0	0	0	0	0	1	0	0	0
chr9	67066494	67066674	181	9	0	181	110	71	12	10	5	8	7	8	8	10	5	2	5	1	11	6	0	11	12	5	2	7	5	3	0	4	14	4	1	1	2	0	3	7
chr9	67066685	67066920	236	9	0	236	124	112	12	11	4	5	7	9	6	19	10	6	8	6	3	3	7	7	15	6	2	6	8	17	3	10	6	1	2	5	11	14	1	4
chr9	67066922	67067014	93	9	0	93	59	34	3	2	3	8	7	4	1	6	4	3	0	3	2	2	3	7	5	3	0	3	7	1	0	0	2	1	0	1	4	3	0	3
chr9	67067018	67067137	120	9	0	120	73	47	6	2	2	7	3	3	4	8	3	2	1	5	5	5	5	11	4	4	2	2	6	5	0	3	5	1	0	3	3	4	0	4
chr9	67067139	67067603	465	9	0	465	287	178	49	22	15	23	28	17	16	19	19	8	14	17	13	9	13	5	27	10	2	17	19	6	0	10	12	6	0	9	21	13	2	22
chr9	67067611	67067664	54	9	0	54	32	22	4	1	2	2	2	2	2	5	2	4	0	0	1	1	1	1	4	2	0	2	3	1	0	2	1	1	0	0	3	2	0	1
chr9	67067665	67067904	240	10	0	240	153	87	25	8	12	14	6	3	7	8	11	3	3	9	17	4	12	11	6	7	0	5	9	7	0	11	3	5	0	7	6	8	0	11
chr9	67067906	67067940	35	10	0	35	22	13	2	4	0	0	2	0	3	0	2	0	1	1	0	2	1	3	3	2	0	1	2	0	0	0	0	0	0	0	0	0	0	4
chr9	67067942	67068208	267	10	0	267	161	106	20	8	16	12	14	3	6	19	15	3	3	7	6	11	9	8	7	6	0	12	16	5	1	6	6	8	1	9	13	8	0	7
chr9	67068212	67068268	57	10	0	57	36	21	6	3	4	1	5	1	1	0	3	0	4	1	1	2	1	2	3	1	0	2	1	0	0	3	1	0	0	1	2	3	0	3
chr9	67068270	67068425	156	10	0	156	100	56	11	4	8	12	14	6	2	6	6	1	5	8	4	4	2	6	10	2	0	3	4	2	0	5	4	0	0	4	10	7	0	4
chr9	67068426	67069209	784	10	0	784	506	278	81	20	36	51	67	11	23	26	24	13	17	52	16	18	12	38	33	10	5	14	21	12	0	22	20	16	1	17	52	17	2	35
chr9	67069211	67069268	58	10	0	58	30	28	3	1	1	1	2	1	3	4	0	1	3	3	2	1	1	2	2	1	0	1	2	1	2	3	2	4	0	2	4	1	0	2
chr9	67069270	67069450	181	10	0	181	108	73	10	6	7	14	10	1	10	2	12	3	6	5	4	7	4	5	4	8	0	5	11	2	0	9	1	3	0	4	7	9	0	10
chr9	67069452	67069535	84	10	0	84	52	32	7	3	3	4	3	2	1	3	6	1	3	3	2	2	6	2	3	2	1	2	3	1	0	4	1	0	1	0	1	5	0	7
chr9	67069537	67069869	333	10	0	333	220	113	41	10	20	19	18	8	9	5	21	5	8	16	10	3	13	12	12	8	0	6	8	5	1	7	6	1	0	9	14	7	1	28
chr9	67069872	67069903	32	10	0	32	18	14	3	0	0	3	0	2	0	1	1	0	2	0	2	0	2	2	0	0	0	1	1	2	0	1	2	1	0	1	0	2	0	1
chr9	67069905	67070313	409	10	0	409	250	159	27	21	13	19	18	14	21	12	21	9	17	9	14	9	9	16	22	10	2	19	14	4	1	8	12	2	0	8	17	11	3	25
chr9	67070315	67070487	173	10	0	173	105	68	6	7	9	8	9	7	6	4	4	6	3	6	11	5	4	10	12	4	1	6	5	5	0	6	4	1	1	2	5	6	0	8
chr9	67070489	67071628	1140	10	0	1140	675	465	95	42	65	49	50	23	43	38	62	23	41	33	44	17	22	27	40	25	11	29	39	14	8	39	28	26	7	39	47	34	14	64
chr9	67071638	67071907	270	10	0	270	146	124	22	12	8	6	13	6	23	6	9	10	7	6	4	5	3	4	13	14	2	4	15	7	0	11	13	3	0	10	7	9	0	16
chr9	67071909	67071973	65	10	0	65	24	41	0	0	2	0	0	2	7	0	2	3	4	0	0	3	1	0	2	2	2	2	3	5	1	3	1	3	2	4	3	2	1	3
chr9	67071975	67072230	256	10	0	256	130	126	10	5	12	6	5	5	18	7	13	13	11	6	5	3	7	3	7	7	3	9	11	7	3	9	7	3	2	14	10	13	4	16
chr9	67072232	67072294	63	10	0	63	47	16	11	2	4	4	5	0	0	2	2	1	2	2	4	2	1	3	2	0	1	2	0	0	0	0	2	0	1	1	3	0	0	4
chr9	67072296	67072444	149	10	0	149	88	61	16	4	9	5	7	5	5	3	5	2	8	2	6	2	2	6	5	2	0	6	5	1	1	6	7	5	0	6	4	5	1	6
chr9	67072447	67072462	16	10	0	16	5	11	0	1	0	0	0	0	1	0	1	0	1	0	0	0	0	0	0	1	0	1	1	2	2	1	0	0	0	0	0	2	0	0
chr9	67072464	67072618	155	10	0	155	77	78	8	4	3	5	7	4	7	6	3	3	9	5	2	4	5	1	3	5	1	6	10	5	2	6	5	6	1	7	6	7	2	5
chr9	67072626	67073519	894	10	0	894	574	320	71	33	45	52	39	20	27	38	41	19	29	21	50	20	22	46	43	18	2	29	25	15	2	25	19	13	0	18	37	21	2	50
chr9	67073527	67073818	292	10	0	292	199	93	26	8	12	24	15	9	4	15	8	2	5	14	20	11	6	19	16	2	2	10	6	5	1	5	9	2	2	3	12	8	1	8
chr9	67073825	67074439	615	10	0	615	400	215	54	19	24	39	22	15	19	24	22	11	19	30	37	13	17	33	30	9	5	14	17	8	2	14	13	6	2	13	21	18	5	38
chr9	67074441	67074510	70	10	0	70	42	28	10	2	0	1	1	2	2	3	1	1	2	6	2	3	3	2	3	3	1	1	3	2	1	2	0	1	0	1	2	2	2	3
chr9	67074513	67074993	481	10	0	481	284	197	41	18	16	19	17	9	22	18	20	20	16	6	17	12	16	15	30	14	3	12	12	12	3	23	6	8	2	10	18	16	2	26
chr9	67074996	67075041	46	10	0	46	17	29	0	2	0	0	0	2	2	2	2	0	5	2	0	0	0	0	1	1	0	1	1	3	2	3	2	2	2	0	2	4	0	3
chr9	67075043	67075237	195	10	0	195	101	94	5	3	10	5	3	10	14	6	10	5	15	2	5	4	0	3	10	3	0	9	6	5	0	8	5	6	1	8	13	5	1	13
chr9	67075239	67075275	37	10	0	37	14	23	0	0	1	1	2	1	1	2	0	2	2	1	0	0	0	0	1	2	0	0	0	3	2	2	2	1	1	3	3	1	1	0
chr9	67075277	67075382	106	10	0	106	55	51	3	1	3	5	2	6	5	6	6	1	6	3	2	2	2	0	5	2	0	4	4	3	1	4	7	1	2	2	3	6	1	6
chr9	67075387	67075468	82	10	0	82	42	40	3	1	1	8	3	3	6	3	7	2	1	3	0	0	0	0	2	3	0	1	5	3	0	6	3	1	0	2	5	8	0	0
chr9	67075470	67075516	47	10	0	47	29	18	4	4	1	1	4	3	2	1	0	1	1	1	2	0	1	3	3	0	0	3	1	0	0	0	3	1	0	2	3	0	0	0
chr9	67075518	67075683	166	10	0	166	99	67	7	4	6	6	4	9	7	12	3	4	3	8	9	6	3	8	14	4	0	4	6	2	0	7	2	3	0	5	9	6	0	3
chr9	67075685	67075792	108	10	0	108	65	43	9	1	6	7	6	3	5	1	4	2	2	4	5	3	2	4	3	3	0	3	3	5	0	5	1	3	0	4	7	2	0	3
chr9	67075794	67076179	386	10	0	386	236	150	26	14	18	21	15	6	21	12	23	5	8	9	14	8	12	22	15	6	2	10	9	7	1	15	13	12	1	14	17	7	0	21
chr9	67076181	67076205	25	10	0	25	12	13	1	1	3	0	2	0	0	0	2	1	1	0	0	0	0	0	0	0	0	2	2	1	1	0	0	1	0	1	1	1	1	1
chr9	67076207	67076309	103	10	0	103	51	52	2	5	3	4	0	1	10	6	11	4	0	1	1	1	1	1	3	3	1	3	7	3	0	6	2	2	1	3	4	8	2	2
chr9	67076311	67076333	23	10	0	23	9	14	0	1	0	1	1	0	3	1	1	0	1	0	0	0	0	0	0	0	0	1	1	0	0	3	1	4	0	0	2	0	0	0
chr9	67076335	67076530	196	10	0	196	112	84	17	3	8	5	2	8	9	11	8	6	5	7	6	8	3	5	10	6	0	9	9	10	0	5	2	3	0	3	10	6	2	8
chr9	67076532	67076578	47	10	0	47	30	17	0	0	1	5	2	1	2	3	3	0	1	4	1	0	3	2	1	0	0	0	0	1	0	1	4	0	0	2	3	1	0	4
chr9	67076580	67076885	306	10	0	306	177	129	19	8	15	16	4	8	15	12	19	7	10	10	14	6	4	8	11	9	3	6	10	8	2	14	5	6	2	7	13	11	5	17
chr9	67076886	67076895	10	9	0	10	8	2	4	0	1	0	0	0	0	0	2	0	0	0	0	0	0	0	0	0	0	0	0	0	0	0	0	0	0	0	0	0	0	1
chr9	67076896	67076998	103	10	0	103	71	32	13	7	4	4	3	3	5	2	6	0	2	4	7	3	2	4	9	2	0	2	1	0	0	2	0	1	0	3	3	0	2	7
chr9	67077000	67077058	59	10	0	59	26	33	0	1	3	3	1	2	0	2	3	1	3	1	3	0	1	2	0	2	1	0	2	6	2	5	2	3	0	1	1	4	1	1
chr9	67077060	67077160	101	10	0	101	43	58	1	1	5	0	2	7	6	3	2	1	6	1	3	0	3	0	4	1	0	4	4	2	3	4	8	6	2	10	3	4	1	2
chr9	67077162	67077213	52	10	0	52	31	21	2	1	4	3	2	1	2	1	5	0	2	3	2	1	0	1	2	0	0	1	0	1	0	3	1	1	1	1	3	2	1	3
chr9	67077215	67077277	63	10	0	63	42	21	6	1	0	6	2	1	2	3	3	0	2	1	3	2	1	8	1	0	1	2	3	1	0	2	3	1	0	0	1	4	0	1
chr9	67077280	67077326	47	10	0	47	26	21	3	2	1	2	1	3	1	4	3	1	1	0	1	0	1	2	3	1	0	1	3	1	0	2	0	3	0	0	3	1	0	1
chr9	67077328	67077423	96	10	0	96	55	41	6	1	5	4	3	2	4	3	4	5	2	4	3	1	4	3	2	1	0	6	5	3	1	2	2	2	1	1	3	5	0	6
chr9	67077425	67077443	19	10	0	19	8	11	0	0	1	0	0	0	0	1	1	1	1	0	0	0	2	0	1	0	0	0	0	3	0	2	0	1	0	1	0	1	0	1
chr9	67077445	67077895	451	10	0	451	244	207	19	8	24	18	11	21	19	17	20	9	20	17	19	9	2	10	21	15	3	8	18	16	6	21	9	13	0	10	20	17	3	26
chr9	67077897	67077933	37	10	0	37	18	19	4	1	2	0	2	0	1	1	1	1	1	2	0	0	0	0	1	0	0	1	2	3	0	3	0	2	1	1	1	3	1	0
chr9	67077935	67077982	48	10	0	48	28	20	2	0	0	3	1	0	3	5	1	2	1	3	1	2	0	3	3	0	1	0	2	0	1	1	4	0	0	0	0	4	0	3
chr9	67077984	67078264	281	10	0	281	187	94	31	12	11	16	8	3	11	11	17	1	7	10	15	6	10	17	11	3	1	6	7	5	0	7	9	1	1	7	6	10	0	19
chr9	67078266	67078295	30	10	0	30	18	12	2	0	2	1	1	0	0	4	0	1	2	0	2	0	0	2	1	0	0	0	1	2	0	0	2	1	0	1	0	0	0	3
chr9	67078297	67078348	52	10	0	52	37	15	3	1	3	5	2	3	0	3	1	0	1	0	6	2	1	4	3	2	0	2	1	0	0	1	3	0	0	1	1	0	0	1
chr9	67078357	67078631	275	10	0	275	175	100	22	7	12	20	12	6	9	18	15	5	3	8	12	7	7	12	14	5	1	5	7	5	1	8	9	4	0	8	15	6	0	10
chr9	67078633	67078739	107	10	0	107	51	56	2	3	4	2	4	2	4	2	1	4	7	3	3	0	7	1	2	4	0	3	4	6	1	7	3	5	1	5	3	3	2	7
chr9	67078741	67079456	716	10	0	716	452	264	67	26	34	37	25	22	25	23	39	6	20	19	32	15	20	41	25	23	2	19	24	17	1	22	19	9	1	17	27	16	0	41
chr9	67079457	67079486	30	10	0	30	14	16	1	0	2	0	0	1	2	0	1	3	2	0	0	0	0	0	1	1	1	1	1	1	1	1	0	1	0	1	1	1	0	4
chr9	67079488	67079684	197	10	0	197	91	106	8	3	4	5	4	9	11	5	5	4	10	7	3	5	5	3	3	9	4	5	13	9	2	10	7	7	1	9	6	10	3	6
chr9	67079686	67079727	42	10	0	42	19	23	1	1	2	1	3	4	1	0	0	1	2	1	1	1	0	0	3	3	0	1	4	2	0	2	0	1	0	1	1	2	0	1
chr9	67079729	67081048	1320	10	0	1320	812	508	97	33	64	80	45	32	52	58	67	21	37	41	65	27	41	51	59	12	9	34	37	23	2	39	48	27	7	44	43	39	7	77
chr9	67081049	67081669	621	10	0	621	416	205	48	19	25	42	25	18	23	34	30	15	15	18	30	17	13	42	36	10	1	22	10	5	0	12	19	3	0	8	35	9	1	34
chr9	67081677	67081965	289	10	0	289	144	145	8	7	13	7	10	7	15	9	8	11	13	5	9	8	7	6	7	16	2	8	14	18	2	16	7	5	2	10	13	10	0	14
chr9	67081967	67082012	46	10	0	46	21	25	1	1	2	0	3	1	2	4	1	3	1	0	0	0	0	0	2	3	0	0	3	3	0	3	4	1	0	1	2	2	0	1
chr9	67082014	67082456	443	10	0	443	233	210	20	13	13	17	14	20	22	18	18	7	18	8	12	14	13	5	22	17	1	14	18	18	2	25	16	12	3	10	18	16	0	17
chr9	67082457	67082469	13	9	0	13	9	4	1	0	0	2	1	0	0	2	1	0	0	0	0	0	0	0	1	0	0	0	0	0	0	0	2	0	0	0	1	0	0	0
chr9	67082470	67083124	655	10	0	655	409	246	54	12	30	48	33	16	28	20	27	13	19	19	30	16	7	37	25	11	2	19	17	10	5	21	22	15	0	19	32	18	3	25
chr9	67083125	67083852	728	10	0	728	469	259	78	18	28	51	28	25	24	23	28	11	26	13	42	18	17	37	36	12	2	23	23	8	3	20	20	14	4	16	21	20	1	36
chr9	67083856	67084128	273	10	0	273	161	112	42	9	4	10	8	10	11	12	6	3	8	6	10	3	6	11	10	10	2	3	12	6	2	14	10	9	4	7	9	9	0	5
chr9	67084129	67084146	18	9	0	18	14	4	4	2	1	2	1	0	0	0	1	0	0	0	2	0	0	0	1	0	0	1	0	0	0	0	0	0	0	0	0	0	1	0
chr9	67084147	67085451	1305	10	0	1305	836	469	111	47	60	81	50	29	40	58	52	19	38	42	87	25	35	61	46	16	5	53	40	26	3	32	35	24	3	34	55	35	7	54
chr9	67085453	67085506	54	10	0	54	21	33	0	1	1	1	1	3	5	0	2	0	4	1	0	1	1	0	0	2	0	3	1	2	1	4	4	3	0	4	4	2	1	0
chr9	67085508	67087191	1684	10	0	1684	1097	587	156	57	75	119	67	46	55	68	80	38	40	31	104	33	45	82	84	38	2	50	43	23	7	48	37	28	2	35	72	31	3	83
chr9	67087194	67088225	1032	10	0	1032	655	377	72	33	45	62	40	27	30	63	46	22	27	33	54	19	26	54	49	21	2	29	31	17	2	28	35	14	1	20	46	26	5	51
chr9	67088226	67088235	10	9	0	10	7	3	2	0	0	1	0	0	0	0	1	0	1	0	0	0	1	1	0	0	0	0	0	0	0	0	0	0	0	0	0	0	0	1
chr9	67088236	67088785	550	10	0	550	333	217	50	16	21	31	20	25	30	13	30	3	17	15	18	11	12	19	26	12	1	18	18	9	1	17	20	11	0	19	24	13	2	26
chr9	67088787	67088819	33	10	0	33	22	11	2	1	2	2	2	0	1	0	0	1	0	1	3	1	2	3	1	0	0	2	1	1	0	1	0	2	0	0	0	0	0	2
chr9	67088821	67088897	77	10	0	77	45	32	21	2	0	0	3	3	6	0	0	3	5	0	0	0	0	0	3	2	0	3	4	1	0	1	4	2	1	3	2	1	1	4
chr9	67088899	67089018	120	10	0	120	56	64	14	1	2	3	2	7	7	1	2	1	7	2	1	2	3	0	1	5	2	3	8	5	2	6	5	6	2	7	3	5	0	3
chr9	67089025	67089040	16	10	0	16	12	4	3	0	0	1	0	0	0	0	0	0	1	0	1	2	2	1	0	0	0	1	0	0	0	0	0	0	0	0	0	0	0	2
chr9	67089042	67089260	219	10	0	219	115	104	10	6	7	4	3	12	11	7	8	5	10	7	6	6	8	4	12	6	2	9	11	5	1	9	3	7	2	6	8	9	1	12
chr9	67089262	67089303	42	10	0	42	31	11	7	2	2	3	4	0	0	1	1	1	1	1	3	0	0	3	0	1	0	2	2	0	0	0	1	0	0	1	2	1	0	1
chr9	67089305	67089855	551	10	0	551	368	183	46	13	25	43	22	14	12	30	28	7	16	19	32	14	15	30	19	5	3	21	14	9	0	10	13	5	0	14	32	14	1	23
chr9	67089864	67090302	439	10	0	439	278	161	49	20	12	27	19	11	15	18	22	7	6	10	19	9	13	19	16	10	5	17	18	9	4	7	13	5	4	8	16	14	1	14
chr9	67090304	67090400	97	10	0	97	53	44	6	3	4	4	3	7	3	4	5	1	1	5	2	0	1	3	5	3	1	1	4	2	3	2	4	3	1	2	4	3	1	4
chr9	67090403	67091197	795	10	0	795	452	343	71	20	36	32	28	21	35	27	34	20	31	23	26	13	20	13	22	18	6	28	28	23	5	33	22	20	5	25	40	28	4	36
chr9	67091199	67091233	35	10	0	35	16	19	0	0	3	0	0	2	3	0	3	1	2	2	0	0	0	0	0	0	0	3	1	2	0	1	0	1	0	2	4	1	0	2
chr9	67091235	67091287	53	10	0	53	24	29	1	1	3	0	2	4	3	0	2	1	5	0	0	1	1	0	2	0	1	3	3	0	0	2	3	2	1	2	1	3	0	4
chr9	67091289	67091337	49	10	0	49	21	28	0	0	0	2	1	3	5	4	1	2	1	2	0	0	0	0	3	0	0	2	1	1	1	3	5	2	1	1	3	3	0	0
chr9	67091339	67091454	116	10	0	116	46	70	2	2	4	0	3	4	10	2	2	4	8	1	1	2	0	1	3	8	0	1	7	4	2	12	5	7	0	4	4	6	0	5
chr9	67091460	67092676	1217	10	0	1217	725	492	87	40	47	56	41	35	53	51	49	33	46	30	53	35	27	41	59	29	8	47	39	32	6	35	30	14	6	28	51	37	6	64
chr9	67092681	67093028	348	10	0	348	174	174	24	7	20	5	10	11	17	7	17	6	24	7	5	5	3	5	13	8	1	7	14	18	2	24	6	8	1	16	12	24	2	17
chr9	67093030	67093076	47	10	0	47	20	27	2	1	0	2	2	1	3	2	0	0	1	1	1	2	0	1	2	2	0	0	5	6	0	2	0	4	0	2	1	2	0	0
chr9	67093078	67093151	74	10	0	74	53	21	17	4	3	3	3	0	1	3	2	0	2	0	6	2	2	4	3	1	1	1	2	1	0	1	2	1	1	2	0	0	0	4
chr9	67093153	67093207	55	10	0	55	34	21	5	0	1	4	1	0	3	1	0	2	0	4	4	1	6	1	0	2	0	1	2	0	0	3	1	3	0	2	1	0	0	5
chr9	67093209	67093259	51	10	0	51	32	19	6	0	3	2	0	1	2	4	1	1	2	1	4	0	1	3	1	0	0	1	1	1	0	1	3	1	0	4	2	1	0	2
chr9	67093261	67093300	40	10	0	40	24	16	3	1	3	0	1	3	1	2	1	0	0	0	2	3	2	1	4	1	0	1	0	0	0	2	3	1	0	2	0	0	0	1
chr9	67093302	67094066	765	10	0	765	493	272	53	29	30	50	28	22	21	32	34	6	17	23	47	32	36	33	35	18	4	32	22	12	2	23	14	7	0	21	32	22	0	26
chr9	67094068	67094092	25	10	0	25	22	3	12	2	0	2	3	0	0	0	0	0	0	0	2	0	0	0	2	0	0	0	0	0	0	0	0	0	0	0	0	0	0	0
chr9	67094094	67096468	2375	10	0	2375	1515	860	208	67	77	157	79	75	79	111	91	36	60	61	132	81	58	141	126	48	14	72	76	38	13	67	47	46	13	52	95	62	8	83
chr9	67096472	67096579	108	10	0	108	78	30	9	2	4	8	3	3	4	3	5	2	3	1	6	4	2	17	4	1	0	6	3	0	0	1	1	1	0	2	5	2	0	4
chr9	67096580	67096656	77	10	0	77	49	28	0	1	0	2	1	14	3	1	2	1	1	0	0	4	0	18	14	1	1	3	0	0	1	1	2	0	0	0	3	1	0	0
chr9	67096657	67096682	26	9	0	26	20	6	0	0	0	0	0	5	0	1	0	0	0	0	0	1	0	11	6	0	0	0	0	0	0	0	0	0	0	0	0	0	0	0
chr9	67096683	67096723	41	10	0	41	24	17	1	1	0	0	0	6	2	4	0	2	0	0	1	3	0	4	7	1	0	2	1	0	0	0	2	0	0	0	2	0	0	0
chr9	67096726	67097493	768	10	0	768	542	226	70	16	34	50	31	13	18	37	31	18	9	14	38	33	29	100	34	5	3	38	13	4	0	12	18	7	3	16	33	13	2	24
chr9	67097495	67097540	46	10	0	46	26	20	1	4	1	3	1	0	2	2	3	0	3	1	4	0	0	0	0	0	2	1	1	1	1	0	0	2	1	3	4	0	0	3
chr9	67097542	67097993	452	10	0	452	298	154	39	12	15	38	17	14	10	22	25	4	12	13	23	8	9	35	14	7	5	12	16	10	1	11	11	5	0	8	23	16	0	15
chr9	67097995	67098030	36	10	0	36	26	10	3	3	2	1	1	0	0	2	0	0	0	2	3	2	2	3	1	1	0	3	1	0	0	0	1	0	1	0	0	0	1	1
chr9	67098033	67098274	242	10	0	242	167	75	25	3	6	28	8	4	4	8	13	0	9	10	15	6	9	18	9	0	0	4	2	11	0	8	7	0	0	1	6	11	0	15
chr9	67098275	67098305	31	10	0	31	17	14	5	0	5	0	0	1	0	0	4	0	1	0	0	0	0	0	0	1	0	0	0	4	0	3	0	0	0	0	1	2	0	2
chr9	67098306	67098321	16	9	0	16	8	8	3	0	2	0	0	0	0	0	2	0	0	0	0	0	0	0	0	0	0	0	0	3	0	2	0	0	0	0	0	2	0	0
chr9	67098322	67098368	47	10	0	47	23	24	2	1	4	1	2	0	3	0	3	1	0	1	1	2	0	0	2	1	0	1	2	6	0	4	0	0	0	2	1	5	0	0
chr9	67098370	67098531	162	10	0	162	75	87	7	3	5	5	5	10	10	3	4	1	5	5	4	5	0	3	5	11	0	2	16	8	2	8	2	10	1	5	5	5	1	4
chr9	67098533	67098574	42	10	0	42	29	13	7	0	1	5	2	0	1	3	3	1	1	1	1	0	0	3	0	1	0	0	1	0	0	2	2	0	0	0	3	1	0	1
chr9	67098576	67098881	306	10	0	306	205	101	31	10	10	23	14	6	9	15	12	5	3	6	17	9	16	18	19	3	0	8	5	1	0	12	10	7	0	9	11	6	0	9
chr9	67098883	67098942	60	10	0	60	45	15	8	3	2	6	2	1	0	2	4	0	0	3	5	1	3	5	3	1	0	0	0	0	1	0	1	0	0	1	1	0	1	4
chr9	67098943	67099889	947	10	0	947	628	319	82	38	35	66	44	23	28	47	36	10	19	29	60	31	23	56	51	17	3	31	34	11	0	18	20	15	4	20	37	20	1	36
chr9	67099891	67099929	39	10	0	39	18	21	2	0	1	1	2	1	3	0	0	1	2	1	0	1	0	2	3	0	0	0	1	4	0	4	1	3	0	0	1	1	0	2
chr9	67099931	67100402	472	10	0	472	308	164	34	14	25	29	21	12	12	20	17	7	13	11	29	18	19	26	23	9	2	17	11	5	0	12	16	4	0	16	14	10	0	24
chr9	67100403	67101022	620	10	0	620	359	261	47	18	17	35	24	26	21	20	18	12	24	9	28	18	20	20	28	21	4	21	32	9	4	23	16	17	6	17	15	21	6	21
chr9	67101023	67101052	30	10	0	30	25	5	10	0	0	4	1	0	0	4	0	0	0	0	2	2	0	0	3	0	0	0	0	0	0	0	2	0	0	0	0	0	0	0
chr9	67101054	67101265	212	10	0	212	129	83	9	7	2	12	8	6	6	10	8	3	9	9	4	4	7	23	8	5	1	6	8	12	1	4	1	2	1	4	13	6	1	10
chr9	67101267	67101299	33	10	0	33	18	15	4	1	3	0	2	0	0	0	0	1	0	1	2	0	0	3	0	2	0	0	0	6	0	2	1	0	0	1	1	1	0	0
chr9	67101301	67103077	1777	10	0	1777	1145	632	153	61	62	124	67	54	56	86	83	35	45	44	97	48	45	84	89	32	16	61	52	21	4	52	43	24	4	25	79	53	6	70
chr9	67103079	67103117	39	10	0	39	14	25	0	0	0	1	0	1	4	1	1	1	4	0	0	0	0	0	0	1	0	1	2	3	0	4	1	3	0	2	3	3	0	1
chr9	67103119	67104542	1424	10	0	1424	929	495	124	53	63	89	55	39	43	61	70	10	38	49	79	28	42	85	48	25	3	54	40	22	1	38	40	23	1	32	69	31	5	62
chr9	67104544	67104610	67	10	0	67	45	22	4	1	4	5	2	2	1	5	1	1	2	3	7	2	2	3	1	2	0	3	2	0	0	1	3	1	0	0	3	0	0	4
chr9	67104612	67106758	2147	10	0	2147	1410	737	205	74	85	133	72	60	80	85	86	38	48	63	135	58	56	131	115	33	7	75	40	51	1	61	44	21	2	51	98	49	6	82
chr9	67106759	67106794	36	10	0	36	24	12	9	2	4	0	2	0	0	1	1	0	1	0	3	0	0	1	1	0	0	1	1	2	0	1	1	0	0	1	0	1	0	1
chr9	67106796	67106868	73	10	0	73	38	35	3	2	0	3	5	5	3	1	0	3	7	0	1	1	2	0	5	2	0	5	5	3	0	1	0	2	0	2	4	2	0	4
chr9	67106870	67107044	175	10	0	175	96	79	11	5	8	5	4	13	11	3	5	3	3	2	10	3	5	4	10	6	2	6	8	3	0	6	9	4	2	9	4	4	0	5
chr9	67107046	67107075	30	10	0	30	16	14	0	1	0	2	2	0	2	3	0	0	1	3	1	1	0	0	1	1	0	0	2	1	0	0	3	0	0	0	1	1	0	2
chr9	67107077	67107162	86	10	0	86	60	26	8	1	3	10	3	0	4	6	5	0	0	3	5	4	2	5	2	1	0	2	3	0	0	1	3	2	0	3	5	1	0	2
chr9	67107164	67107191	28	10	0	28	20	8	3	0	2	1	1	0	0	2	2	0	0	1	1	4	1	0	0	1	0	3	0	0	0	1	0	0	0	0	3	0	0	0
chr9	67107193	67107923	731	10	0	731	388	343	38	29	21	22	27	33	33	31	28	9	37	18	18	14	17	11	30	27	4	24	41	23	5	30	20	22	1	23	33	27	2	31
chr9	67107924	67109819	1896	10	0	1896	1181	715	153	65	74	102	73	49	72	67	73	36	58	47	93	48	65	104	82	43	4	69	60	41	2	66	56	29	4	45	63	56	6	89
chr9	67109821	67109850	30	10	0	30	14	16	0	1	0	1	1	2	1	0	1	0	3	1	0	0	0	2	1	2	0	1	3	2	0	2	0	0	0	0	0	3	0	1
chr9	67109852	67110010	159	10	0	159	102	57	13	5	9	7	7	8	2	7	5	2	9	4	9	5	3	6	8	2	0	9	4	1	0	4	5	1	0	2	7	5	0	8
chr9	67110012	67110035	24	10	0	24	17	7	3	1	2	1	1	1	1	0	0	1	0	1	3	0	0	1	1	0	0	1	0	0	0	0	1	0	0	1	1	0	0	1
chr9	67110037	67111013	977	10	0	977	640	337	93	25	37	77	37	27	37	31	49	17	20	22	53	26	35	54	38	22	0	35	30	13	1	24	26	12	2	24	37	21	5	45
chr9	67111018	67111077	60	10	0	60	40	20	17	2	0	0	0	2	4	0	1	2	3	1	2	0	3	1	2	1	0	4	1	1	0	0	2	0	1	1	1	0	1	5
chr9	67111079	67111120	42	10	0	42	18	24	0	1	1	1	3	3	4	0	1	0	2	1	0	0	0	0	1	2	0	1	3	1	0	2	4	3	0	2	2	0	0	2
chr9	67111122	67111186	65	10	0	65	32	33	0	0	3	2	2	4	4	3	2	1	1	1	2	2	4	0	3	1	0	3	4	1	0	3	4	4	0	4	1	2	0	2
chr9	67111187	67111587	401	10	0	401	220	181	39	9	8	14	13	13	24	9	11	10	23	14	8	8	7	9	14	11	0	15	15	10	5	15	12	14	5	7	18	10	4	25
chr9	67111588	67111602	15	9	0	15	15	0	0	0	0	5	0	0	0	0	0	0	0	0	4	0	0	4	0	0	0	0	0	0	0	0	0	0	0	0	0	0	0	0
chr9	67111603	67111898	296	10	0	296	206	90	26	10	11	27	11	2	10	11	7	6	9	5	29	11	5	25	12	5	4	8	5	2	1	7	9	3	0	6	7	5	1	14
chr9	67111900	67111939	40	10	0	40	24	16	4	1	2	3	3	0	2	1	1	0	1	0	2	2	2	0	0	1	0	2	1	0	0	2	2	2	0	2	1	0	0	1
chr9	67111941	67113341	1401	10	0	1401	807	594	101	49	57	49	52	49	60	58	54	30	55	43	49	29	35	36	72	31	7	47	47	29	6	66	39	26	3	38	61	63	2	56
chr9	67113342	67114502	1161	10	0	1161	768	393	101	26	43	90	35	21	37	51	33	19	23	42	91	32	37	85	42	19	3	34	33	32	0	35	34	16	2	26	36	33	3	45
chr9	67114504	67114527	24	10	0	24	17	7	0	0	1	3	0	1	1	1	2	0	1	0	3	1	0	2	1	0	0	1	0	0	0	0	1	0	0	1	1	0	0	1
chr9	67114529	67115884	1356	10	0	1356	864	492	80	40	49	84	46	39	52	64	63	27	37	51	64	35	36	95	63	31	4	43	51	20	1	35	19	16	2	29	68	40	3	67
chr9	67115886	67115924	39	10	0	39	30	9	6	0	2	7	2	1	1	1	2	0	0	0	4	1	0	1	2	0	0	0	1	0	0	0	2	1	0	1	0	0	0	2
chr9	67115926	67116000	75	10	0	75	56	19	10	2	5	5	2	1	1	5	4	2	0	1	6	1	2	7	1	2	0	3	1	0	0	1	3	0	0	1	4	0	0	3
chr9	67116002	67116045	44	10	0	44	27	17	3	0	2	3	2	2	2	0	2	1	1	1	1	1	1	4	2	1	1	0	1	0	1	0	2	1	0	3	1	0	0	3
chr9	67116046	67117259	1214	10	0	1214	662	552	70	35	41	42	34	50	77	34	54	35	39	28	30	24	36	32	68	24	13	38	47	33	8	42	40	32	5	45	41	41	6	68
chr9	67117261	67119431	2171	10	0	2171	1387	784	182	74	98	125	85	81	78	74	90	29	57	60	122	54	59	117	114	45	3	77	68	39	1	57	49	33	3	59	87	48	1	100
chr9	67119433	67119470	38	10	0	38	20	18	3	1	0	0	0	2	3	1	1	1	1	2	0	1	2	1	3	1	0	1	1	3	0	1	1	0	0	1	2	1	0	2
chr9	67119472	67121001	1530	10	0	1530	1011	519	165	47	61	97	57	38	43	48	64	14	56	46	84	30	48	111	52	20	3	54	37	19	4	48	29	31	6	36	69	38	3	70
chr9	67121003	67121031	29	10	0	29	15	14	1	2	1	0	1	1	2	0	1	1	3	0	1	1	0	0	2	1	0	2	1	1	0	1	0	0	0	0	1	0	0	3
chr9	67121033	67122894	1862	10	0	1862	1221	641	191	69	85	112	88	44	55	82	86	23	32	54	92	59	49	98	85	42	5	63	67	27	4	41	49	24	1	38	68	46	2	79
chr9	67122896	67122912	17	10	0	17	13	4	1	3	0	0	0	0	1	0	0	0	0	0	3	1	2	0	1	0	0	3	0	0	0	0	0	0	0	0	0	0	0	0
chr9	67122914	67123723	810	10	0	810	504	306	73	25	34	49	33	17	29	37	39	15	33	18	36	16	18	32	30	18	0	25	23	15	3	28	23	14	1	20	40	22	2	40
chr9	67123725	67123749	25	10	0	25	20	5	5	1	2	1	1	0	0	0	1	0	1	1	2	1	0	2	1	0	0	1	0	0	0	0	0	0	0	0	0	0	0	3
chr9	67123751	67124592	842	10	0	842	548	294	97	31	63	37	39	26	28	20	45	16	18	14	46	26	13	27	50	12	1	36	12	12	2	28	22	7	1	18	29	23	0	41
chr9	67124593	67124843	251	10	0	251	161	90	28	10	16	9	11	3	10	7	16	5	2	5	7	8	12	11	11	4	1	10	6	0	1	10	6	5	0	7	8	8	0	12
chr9	67124844	67125414	571	10	0	571	313	258	36	11	23	21	18	25	31	15	12	14	23	13	25	16	12	17	21	19	2	24	28	18	2	21	19	15	4	22	21	17	2	22
chr9	67125417	67126125	709	10	0	709	411	298	48	18	22	37	23	22	40	22	27	15	21	27	26	14	18	30	29	18	4	18	30	21	1	26	22	16	2	20	26	23	5	36
chr9	67126126	67126137	12	10	0	12	6	6	0	0	0	0	0	0	1	0	0	2	2	0	0	0	0	0	1	0	0	1	0	0	0	0	0	0	0	0	1	0	0	2
chr9	67126138	67127435	1298	10	0	1298	898	400	167	51	54	90	69	17	35	51	57	24	25	38	68	27	34	89	58	25	2	34	35	13	0	28	23	14	0	23	56	24	2	63
chr9	67127436	67127451	16	10	0	16	11	5	1	0	1	2	2	0	0	0	1	1	0	0	1	0	1	0	1	0	0	0	0	0	0	0	1	0	0	0	0	0	0	2
chr9	67127452	67129179	1728	10	0	1728	1118	610	162	54	66	109	80	45	54	75	67	30	39	63	81	45	45	101	82	38	4	51	57	30	3	44	43	27	2	30	72	39	9	79
chr9	67129187	67130929	1743	10	0	1743	1111	632	156	42	56	125	68	52	55	69	66	24	50	54	90	57	51	94	69	42	8	56	64	24	8	45	42	26	13	41	70	49	5	70
chr9	67130931	67130997	67	10	0	67	34	33	7	0	0	3	1	3	4	0	0	1	2	0	2	4	5	1	3	2	0	3	4	2	1	3	0	4	3	3	1	2	0	1
chr9	67130999	67131114	116	10	0	116	54	62	1	1	4	6	5	5	7	1	3	3	9	1	3	0	0	4	2	2	1	4	5	3	3	4	7	4	3	7	4	6	1	5
chr9	67131116	67132151	1036	10	0	1036	707	329	85	36	41	81	37	26	29	58	46	7	25	22	75	31	29	77	37	18	2	43	22	10	0	19	45	9	1	23	46	14	1	39
chr9	67132152	67132169	18	10	0	18	17	1	0	0	0	0	0	0	0	1	0	0	0	0	0	0	0	15	0	0	0	0	0	0	0	0	0	0	0	0	0	0	0	0
chr9	67132170	67132353	184	10	0	184	138	46	28	4	3	14	3	1	2	14	10	1	2	5	9	6	5	29	6	2	1	3	6	4	0	2	1	1	0	2	7	5	1	5
chr9	67132354	67132681	328	10	0	328	195	133	24	9	18	12	10	9	16	12	15	5	9	12	14	9	7	12	13	5	0	14	11	7	1	11	6	7	3	14	17	11	2	11
chr9	67132683	67132724	42	10	0	42	27	15	2	3	1	2	1	1	0	3	0	1	0	2	5	2	2	1	3	1	0	2	1	1	1	1	0	0	0	0	1	2	1	0
chr9	67132726	67133293	568	10	0	568	350	218	46	21	18	30	17	27	23	23	22	10	12	15	31	10	21	22	24	16	4	24	15	10	0	20	20	8	1	17	31	11	3	14
chr9	67133296	67136051	2756	10	0	2756	1714	1042	220	76	136	173	108	57	95	114	134	59	79	68	143	58	66	127	99	53	22	77	85	48	14	78	75	46	20	84	115	78	10	137
chr9	67136053	67136093	41	10	0	41	27	14	6	1	1	4	1	3	3	1	3	1	0	0	1	0	0	1	3	0	0	1	0	0	0	1	3	0	0	1	2	1	0	1
chr9	67136095	67137351	1257	10	0	1257	712	545	67	33	53	48	35	33	71	41	64	24	54	47	35	29	40	38	43	28	7	41	44	29	3	53	35	18	2	51	58	54	4	73
chr9	67137353	67137374	22	10	0	22	13	9	0	1	0	1	1	1	1	1	0	0	0	1	1	2	0	1	2	1	0	1	1	1	0	1	0	0	0	0	1	1	0	0
chr9	67137376	67139768	2393	10	0	2393	1302	1091	144	60	91	93	80	81	108	81	104	50	116	76	60	45	59	52	91	61	7	77	92	104	11	120	69	52	5	56	100	110	15	121
chr9	67139769	67139832	64	10	0	64	22	42	0	0	9	0	0	0	1	0	9	0	3	0	0	0	0	0	0	0	0	0	0	15	0	12	1	1	0	0	0	10	0	1
chr9	67139833	67139860	28	10	0	28	10	18	0	0	1	0	0	2	0	0	1	0	5	0	0	0	0	0	0	0	0	2	2	4	0	3	0	0	0	0	0	4	0	2
chr9	67139861	67140098	238	10	0	238	147	91	30	4	13	19	6	2	7	6	15	4	10	4	15	0	6	5	2	3	0	6	6	11	0	13	6	2	0	8	7	15	2	9
chr9	67140105	67141387	1283	10	0	1283	790	493	116	45	57	72	50	42	51	45	68	22	33	29	57	34	27	40	56	30	7	50	36	35	6	41	37	16	3	24	59	37	2	54
chr9	67141389	67141430	42	10	0	42	18	24	2	1	2	1	1	1	1	1	3	2	2	0	0	0	0	0	2	1	1	0	2	5	2	1	0	0	0	2	1	4	1	1
chr9	67141432	67143178	1747	10	0	1747	1059	688	138	57	69	89	67	50	74	67	73	33	50	49	75	42	40	85	75	34	7	66	63	39	9	53	53	32	5	46	66	59	11	69
chr9	67143179	67144459	1281	10	0	1281	811	470	127	32	50	79	46	41	48	38	46	18	33	41	70	29	36	75	43	27	8	42	39	24	4	37	39	27	6	36	52	26	8	52
chr9	67144461	67145229	769	10	0	769	500	269	71	23	21	49	28	19	23	38	29	8	19	34	35	25	26	50	29	13	5	28	26	18	1	17	20	9	2	11	33	22	2	33
chr9	67145230	67145240	11	10	0	11	10	1	1	0	1	0	0	0	0	0	0	0	0	0	0	1	0	5	0	0	0	1	0	0	0	0	0	0	0	0	0	0	0	0
chr9	67145241	67146068	828	10	0	828	476	352	43	30	19	34	34	39	30	61	30	19	19	29	18	20	18	32	53	27	6	22	47	22	0	22	29	12	2	13	35	30	2	29
chr9	67146069	67150178	4110	10	0	4110	2525	1585	337	145	188	226	213	83	153	153	194	80	120	141	152	86	102	150	168	98	18	110	157	71	12	124	107	70	11	104	170	125	15	225
chr9	67150179	67151661	1483	10	0	1483	799	684	99	47	49	47	54	41	83	50	51	37	65	31	39	31	36	38	53	43	13	47	58	43	10	65	62	42	11	53	55	48	12	68
chr9	67151662	67151675	14	10	0	14	6	8	0	0	0	0	0	0	3	0	0	0	1	0	0	0	0	0	0	1	0	0	0	0	0	1	1	0	0	3	2	0	0	0
chr9	67151676	67151923	248	10	0	248	154	94	18	8	5	15	6	12	11	12	9	2	8	6	13	6	6	17	13	5	0	10	5	4	1	9	8	4	1	7	14	7	0	4
chr9	67151924	67153237	1314	10	0	1314	747	567	71	41	60	55	43	44	51	36	61	23	64	43	52	29	33	40	38	40	9	50	55	44	7	54	25	19	1	33	56	57	7	71
chr9	67153238	67154375	1138	10	0	1138	774	364	115	31	39	74	46	24	33	50	41	17	20	45	57	46	44	91	49	22	9	38	26	6	4	18	24	16	2	26	54	10	5	54
chr9	67154377	67154422	46	10	0	46	27	19	2	1	0	4	1	2	3	4	4	1	2	0	0	1	0	1	4	0	0	1	3	0	0	1	1	0	0	1	1	4	0	2
chr9	67154424	67156433	2010	10	0	2010	1199	811	150	46	85	110	53	61	85	73	90	42	76	54	98	48	40	87	80	38	25	54	65	38	15	68	48	48	14	56	79	62	12	108
chr9	67156435	67156459	25	10	0	25	16	9	4	1	0	0	2	0	0	1	0	1	1	1	0	0	4	0	1	0	0	0	0	0	0	0	2	0	0	2	0	0	0	3
chr9	67156461	67156619	159	10	0	159	89	70	6	1	10	6	6	5	4	4	7	5	15	5	3	3	5	3	5	5	0	4	3	5	0	8	3	3	0	2	8	3	0	20
chr9	67156620	67156638	19	10	0	19	9	10	0	0	0	0	0	2	0	1	0	0	5	0	0	0	0	0	2	0	0	0	0	0	0	0	1	0	1	0	0	0	1	4
chr9	67156639	67157264	626	10	0	626	312	314	39	10	32	12	12	29	34	13	25	12	41	15	17	7	8	6	19	20	2	17	30	35	4	27	20	20	4	22	19	21	4	48
chr9	67157266	67157871	606	10	0	606	277	329	29	11	11	14	17	31	41	12	11	16	34	13	9	9	13	5	23	21	4	19	34	20	11	30	21	33	13	25	22	21	6	25
chr9	67157872	67159529	1658	10	0	1658	1116	542	194	57	57	138	79	26	53	76	74	31	37	43	98	30	27	95	68	33	3	40	46	27	3	42	43	19	2	30	77	38	8	62
chr9	67159530	67160595	1066	10	0	1066	681	385	85	30	45	82	45	32	37	44	48	18	26	32	65	28	19	44	50	21	6	31	31	25	2	24	24	11	5	30	53	25	4	42
chr9	67160597	67160639	43	10	0	43	31	12	4	1	1	6	4	1	0	1	0	0	2	0	4	3	1	2	3	0	0	2	1	0	0	1	1	0	0	1	1	1	0	0
chr9	67160641	67160807	167	10	0	167	99	68	13	6	7	9	3	2	10	6	12	3	4	2	7	1	5	9	3	5	1	3	6	3	1	8	6	6	0	3	5	4	0	12
chr9	67160808	67162641	1834	10	0	1834	1038	796	139	49	70	89	71	53	88	52	81	27	76	59	58	21	41	62	49	29	14	58	66	50	20	71	76	56	9	55	73	72	7	91
chr9	67162643	67162678	36	10	0	36	21	15	2	2	2	1	2	0	1	2	2	1	2	0	1	0	0	1	1	1	0	1	1	1	0	2	1	0	0	1	3	2	0	1
chr9	67162680	67162733	54	10	0	54	40	14	13	2	4	1	0	0	1	4	4	1	1	2	3	0	0	3	3	0	0	0	0	0	0	1	0	0	0	2	2	1	0	4
chr9	67162734	67165558	2825	10	0	2825	1658	1167	193	93	116	135	117	70	123	102	116	56	81	77	112	67	99	100	110	79	9	88	92	69	15	116	97	63	8	90	113	81	12	124
chr9	67165559	67165836	278	10	0	278	163	115	14	9	7	15	10	8	13	10	12	7	10	6	9	6	14	13	12	7	1	10	5	1	3	13	9	8	1	9	15	6	1	12
chr9	67165838	67165868	31	10	0	31	19	12	0	1	0	4	4	0	1	3	1	0	0	3	0	0	0	2	1	0	0	0	2	0	0	0	2	1	0	1	2	1	0	0
chr9	67165870	67166774	905	10	0	905	597	308	71	28	28	66	35	30	34	37	33	17	20	35	54	19	31	58	41	20	0	32	24	12	0	22	29	4	0	17	42	22	0	42
chr9	67166776	67166811	36	10	0	36	19	17	1	2	0	1	3	0	1	3	1	1	1	1	0	0	1	1	2	0	1	0	1	1	0	2	3	2	0	1	1	1	1	1
chr9	67166813	67167601	789	10	0	789	559	230	89	25	35	64	32	17	19	37	31	10	18	28	61	18	20	55	32	8	1	27	12	4	0	11	25	5	0	16	36	10	3	38
chr9	67167602	67167766	165	10	0	165	81	84	14	2	2	2	5	10	9	4	2	3	13	3	1	3	5	1	3	7	1	7	8	4	1	10	9	6	1	6	8	6	1	6
chr9	67167768	67167891	124	10	0	124	71	53	21	1	2	4	4	4	8	2	3	3	7	4	1	2	1	2	1	7	1	2	5	1	0	9	2	4	1	3	10	3	0	4
chr9	67167893	67167910	18	10	0	18	4	14	0	0	0	0	0	2	1	0	0	0	0	0	0	0	0	0	0	1	1	0	2	1	1	1	1	4	0	1	0	0	0	0
chr9	67167912	67170164	2253	10	0	2253	1428	825	150	65	89	143	67	61	95	108	84	48	60	70	146	57	60	125	101	32	8	88	54	40	7	61	64	37	3	66	112	53	8	89
chr9	67170165	67170182	18	10	0	18	12	6	4	0	1	1	1	0	0	0	0	0	0	1	1	1	2	0	0	0	0	1	0	0	0	0	0	0	1	1	1	0	0	0
chr9	67170183	67170856	674	10	0	674	452	222	63	17	33	47	20	20	22	31	35	12	13	18	42	17	17	44	35	8	2	21	17	3	0	17	14	8	1	17	27	19	1	31
chr9	67170857	67170873	17	10	0	17	9	8	0	0	0	0	0	2	0	2	0	1	1	0	0	0	1	1	1	1	0	1	1	0	0	0	1	0	0	1	1	0	0	0
chr9	67170874	67171853	980	10	0	980	670	310	95	37	34	79	42	18	35	41	41	13	19	31	67	25	21	71	40	24	4	26	26	8	1	19	23	10	3	21	47	12	2	43
chr9	67171856	67172335	480	10	0	480	253	227	26	15	11	20	19	15	30	16	11	9	19	9	16	10	13	13	16	18	1	14	28	15	1	21	21	21	2	20	15	11	4	18
chr9	67172338	67172573	236	10	0	236	152	84	31	9	7	15	9	7	7	12	11	5	3	5	10	4	6	10	10	8	2	5	11	3	0	7	5	5	0	4	9	5	2	7
chr9	67172576	67172855	280	10	0	280	136	144	27	4	4	5	6	13	16	4	4	7	15	10	4	8	7	1	9	9	4	10	13	11	8	13	8	13	0	9	9	11	6	10
chr9	67172857	67172899	43	10	0	43	20	23	1	1	2	1	1	1	2	1	1	0	1	0	2	3	2	0	1	1	1	1	3	1	0	2	0	4	3	3	1	0	0	1
chr9	67172901	67174462	1562	10	0	1562	899	663	109	53	59	63	55	59	74	73	68	31	40	50	52	24	44	44	76	30	11	50	55	38	4	55	68	32	7	47	62	53	8	66
chr9	67174464	67174510	47	10	0	47	25	22	1	2	4	0	2	4	2	0	3	1	0	2	1	0	1	0	3	2	0	3	2	1	0	1	1	0	1	2	3	1	1	1
chr9	67174512	67175738	1227	10	0	1227	759	468	93	48	52	65	44	31	48	57	55	22	26	32	65	34	29	56	63	21	9	42	39	21	14	30	32	27	3	32	46	35	2	52
chr9	67175740	67175781	42	10	0	42	35	7	10	0	2	4	1	0	0	1	0	0	1	2	6	1	0	5	1	0	0	0	0	0	0	1	1	1	0	0	1	0	0	2
chr9	67175783	67177341	1559	10	0	1559	868	691	82	49	57	63	55	48	81	51	61	33	68	47	52	31	50	39	60	34	8	58	64	32	7	68	51	40	3	56	60	65	10	74
chr9	67177342	67181305	3964	9	0	3964	2584	1380	355	120	175	267	149	83	143	149	202	65	106	110	211	111	121	216	162	54	9	154	103	47	16	101	92	56	10	92	167	110	9	197
chr9	67181307	67181335	29	9	0	29	19	10	0	1	1	0	1	0	1	0	0	0	1	3	1	2	2	5	1	0	0	2	1	0	0	1	0	0	0	0	1	1	0	2
chr9	67181337	67182594	1258	9	0	1258	781	477	119	22	66	75	51	33	50	39	58	25	41	37	54	33	28	49	45	17	2	48	38	19	3	45	37	33	2	26	54	36	5	66
chr9	67182596	67182642	47	9	0	47	37	10	2	1	1	8	1	0	0	2	3	0	0	3	6	1	2	7	1	0	0	1	1	1	0	0	0	0	0	0	1	1	0	2
chr9	67182644	67183972	1329	9	0	1329	820	509	97	50	34	83	64	51	52	45	48	20	43	34	55	29	40	74	62	37	7	44	48	24	2	42	39	22	0	35	62	33	3	48
chr9	67183974	67184204	231	9	0	231	141	90	28	5	12	8	8	7	9	13	13	3	6	6	5	10	6	1	14	3	0	8	5	6	0	9	7	5	0	4	11	5	0	12
chr9	67184206	67184230	25	9	0	25	11	14	0	0	1	1	0	1	1	1	0	0	0	1	2	1	0	1	1	1	0	0	2	3	0	1	1	2	0	1	0	1	0	0
chr9	67184232	67184534	303	9	0	303	167	136	20	4	14	12	10	11	14	11	10	3	13	7	10	8	9	10	5	6	2	13	13	9	1	13	13	12	1	14	14	9	0	10
chr9	67184536	67184596	61	9	0	61	38	23	6	1	5	2	3	0	2	2	1	3	3	0	4	2	2	2	1	0	1	4	0	0	0	2	2	1	1	2	3	1	0	3
chr9	67184598	67184914	317	9	0	317	202	115	21	7	20	18	8	9	15	16	24	8	3	9	13	8	4	17	18	3	1	10	7	2	0	12	10	3	0	5	14	13	1	16
chr9	67184915	67184928	14	9	0	14	7	7	0	0	1	0	0	0	1	1	0	1	0	1	1	0	1	0	1	0	0	0	0	0	0	1	0	0	0	1	0	1	0	1
chr9	67184929	67185964	1036	9	0	1036	678	358	84	28	39	76	31	35	36	31	48	14	30	30	64	30	33	67	42	16	6	43	28	14	2	29	18	12	0	26	45	31	6	40
chr9	67185966	67187815	1850	9	0	1850	1204	646	186	53	95	116	83	41	56	84	79	33	53	44	103	41	38	98	75	23	1	69	48	34	3	37	57	26	5	58	84	40	7	78
chr9	67187820	67189633	1814	9	0	1814	1220	594	176	57	80	117	64	62	57	82	73	24	47	47	116	64	44	108	104	34	3	66	46	12	1	37	46	19	0	35	70	31	0	90
chr9	67189635	67189656	22	9	0	22	11	11	0	0	3	1	1	0	1	1	1	0	0	0	1	0	1	0	0	0	0	0	0	0	0	2	3	2	0	3	0	0	0	0
chr9	67189658	67189735	78	9	0	78	31	47	0	0	0	2	1	3	7	3	1	3	6	2	0	0	1	1	1	3	1	2	4	3	1	6	5	3	0	6	4	5	2	0
chr9	67189737	67189755	19	9	0	19	9	10	0	1	1	0	1	2	1	0	1	1	0	0	0	0	0	0	1	1	1	1	0	0	0	1	1	0	1	0	2	0	0	0
chr9	67189757	67189998	242	9	0	242	168	74	17	10	7	18	6	3	6	9	7	5	4	7	22	7	13	26	6	6	0	12	5	2	2	7	5	2	0	3	9	6	0	8
chr9	67190000	67190037	38	9	0	38	24	14	5	2	4	0	1	2	2	0	3	1	0	0	2	1	1	0	2	1	0	3	1	0	0	1	0	0	0	0	2	1	0	1
chr9	67190038	67190067	30	9	0	30	19	11	3	0	1	3	2	1	1	1	2	0	0	1	0	2	0	1	1	2	0	0	2	0	0	1	2	0	0	0	0	1	0	1
chr9	67190068	67191050	983	9	0	983	662	321	96	37	43	71	44	27	29	44	38	15	9	31	69	21	22	66	46	17	6	31	33	12	1	18	30	15	0	18	35	20	1	36
chr9	67191051	67191067	17	9	0	17	6	11	0	0	1	0	0	1	0	0	1	1	0	2	0	0	0	0	1	1	0	0	0	1	2	0	0	0	0	0	0	1	2	1
chr9	67191068	67191628	561	9	0	561	317	244	46	11	19	34	13	14	25	21	20	8	22	11	32	14	12	14	17	12	4	14	24	13	8	22	15	25	8	20	17	17	5	22
chr9	67191637	67192757	1121	9	0	1121	630	491	107	38	29	39	41	39	55	47	31	24	44	23	35	23	19	35	47	32	7	38	53	29	8	44	37	37	6	30	45	36	7	34
chr9	67192758	67193923	1166	9	0	1166	746	420	115	46	52	65	49	27	42	49	61	22	28	26	53	29	26	54	60	22	6	36	39	17	2	33	19	17	5	27	49	35	1	52
chr9	67193924	67193933	10	9	0	10	6	4	2	1	0	0	0	0	1	0	1	0	0	0	0	0	0	0	1	0	0	0	1	0	0	0	0	0	0	0	0	1	0	0
chr9	67193934	67196446	2513	9	0	2513	1547	966	188	78	100	139	90	66	109	87	120	50	78	73	108	63	72	125	118	45	13	81	79	38	13	83	55	43	5	71	99	87	11	124
chr9	67196448	67196474	27	9	0	27	9	18	0	0	0	0	0	5	1	1	0	0	1	1	0	0	0	0	4	1	0	0	2	3	0	2	0	2	0	0	1	1	0	0
chr9	67196476	67196709	234	9	0	234	125	109	11	9	3	13	12	5	12	13	4	4	7	11	8	2	9	1	9	2	0	9	12	14	1	7	11	9	0	8	9	9	1	7
chr9	67196711	67197178	468	9	0	468	283	185	50	12	21	20	10	21	20	9	26	10	15	16	16	11	7	17	21	11	11	11	11	12	2	17	8	7	1	6	20	12	6	29
chr9	67197188	67199121	1934	9	0	1934	1192	742	164	69	90	98	97	54	69	75	73	29	48	63	88	57	49	68	98	34	8	69	63	31	9	59	62	47	7	42	72	50	4	86
chr9	67199122	67200901	1780	9	0	1780	1221	559	199	57	73	140	56	42	63	68	71	24	26	47	142	61	46	105	78	33	3	70	42	19	3	41	39	27	4	32	70	26	6	65
chr9	67200903	67200939	37	9	0	37	31	6	7	1	1	6	0	1	0	1	1	0	0	1	7	0	1	2	0	2	0	0	1	0	0	1	0	0	0	0	1	0	0	1
chr9	67200941	67201109	169	9	0	169	106	63	13	6	3	10	5	7	11	6	7	3	8	7	7	5	1	5	10	2	1	9	5	1	0	2	3	2	0	3	12	3	1	9
chr9	67201111	67201151	41	9	0	41	20	21	0	0	2	1	1	4	1	3	2	0	2	0	0	0	0	2	1	2	0	1	6	0	0	1	1	2	0	1	1	3	0	2
chr9	67201153	67202497	1345	9	0	1345	881	464	113	47	56	83	49	32	49	63	54	22	33	39	84	36	31	89	59	20	2	56	44	23	0	28	30	20	2	32	60	32	2	53
chr9	67202498	67204056	1559	8	0	1559	944	615	131	44	66	81	56	39	75	42	54	27	45	47	81	51	35	69	63	34	6	57	56	21	8	58	36	45	10	47	57	43	14	59
chr9	67204058	67204103	46	8	0	46	32	14	5	1	2	5	1	0	1	1	5	1	1	1	2	0	3	3	0	1	0	1	1	0	0	1	1	0	0	1	1	1	0	4
chr9	67204105	67204186	82	8	0	82	61	21	12	1	3	7	2	1	1	5	5	2	1	1	2	3	2	11	4	0	2	1	1	1	0	1	1	0	0	1	3	2	0	4
chr9	67204188	67204226	39	8	0	39	27	12	4	4	1	1	0	0	2	2	2	0	1	0	2	2	1	3	2	3	0	1	0	0	0	3	0	0	0	0	2	0	0	1
chr9	67204228	67205304	1077	8	0	1077	658	419	90	33	41	54	43	34	31	55	43	23	23	21	43	37	34	52	54	34	8	30	44	27	3	32	32	13	2	29	33	32	7	38
chr9	67205305	67205465	161	8	0	161	81	80	15	3	3	4	4	7	11	2	2	5	9	2	5	2	4	1	5	4	3	5	6	5	1	11	5	9	1	7	8	5	1	4
chr9	67205466	67205480	15	9	0	15	15	0	0	0	0	4	0	0	0	0	0	0	0	0	5	0	0	4	0	0	0	0	0	0	0	0	0	0	0	0	0	0	0	0
chr9	67205481	67205531	51	8	0	51	40	11	1	2	0	8	2	0	0	0	0	2	3	0	9	1	1	9	2	1	2	0	0	0	0	1	0	0	0	0	0	0	2	3
chr9	67205533	67207430	1898	8	0	1898	1125	773	118	64	70	98	91	42	71	89	78	31	70	60	64	49	54	75	83	45	7	51	74	43	3	67	60	44	6	50	76	56	10	97
chr9	67207431	67207505	75	8	0	75	59	16	25	2	2	2	1	2	2	1	3	0	2	1	1	2	0	11	3	2	0	1	0	1	0	3	0	0	0	0	3	1	0	2
chr9	67207510	67207712	203	8	0	203	99	104	13	2	3	7	5	9	13	4	2	1	7	10	5	6	5	6	8	6	2	2	10	7	5	13	5	15	2	8	8	6	1	5
chr9	67207714	67207733	20	8	0	20	17	3	8	0	1	1	1	1	0	0	1	0	0	1	1	0	0	0	0	0	0	1	0	0	0	0	0	0	0	0	2	0	0	0
chr9	67207734	67207768	35	9	0	35	35	0	10	0	0	3	0	0	0	0	0	0	0	0	3	0	0	17	0	0	0	0	0	0	0	0	0	0	0	0	0	0	0	0
chr9	67207769	67209441	1673	8	0	1673	1010	663	115	49	58	82	66	54	70	85	58	37	43	56	65	41	28	102	76	45	4	56	63	43	6	55	51	31	6	32	84	48	6	56
chr9	67209443	67209560	118	8	0	118	67	51	16	1	3	7	3	5	7	2	4	1	3	2	5	2	2	3	5	0	1	3	6	2	1	6	4	8	1	3	2	5	1	2
chr9	67209562	67209631	70	8	0	70	36	34	4	2	1	1	1	3	2	1	1	3	3	5	2	2	3	1	2	4	2	1	3	2	2	3	0	1	0	1	3	3	2	4
chr9	67209632	67209795	164	8	0	164	72	92	11	1	2	3	0	7	15	5	3	5	11	0	2	2	2	2	3	4	2	6	11	6	1	8	7	10	5	10	6	6	0	6
chr9	67209796	67210492	697	8	0	697	502	195	104	19	22	59	29	13	14	32	28	8	11	18	42	17	22	63	28	10	0	19	10	9	1	15	19	5	0	14	31	11	1	21
chr9	67210493	67210503	11	9	0	11	8	3	2	1	0	1	2	0	0	0	0	0	0	0	0	0	0	0	1	0	0	0	0	0	0	0	1	0	0	1	0	0	0	0
chr9	67210504	67212330	1827	8	0	1827	1114	713	164	60	77	93	67	54	74	72	86	33	48	49	78	38	46	74	68	43	11	63	71	28	10	57	48	38	6	53	80	57	7	72
chr9	67212332	67212375	44	8	0	44	19	25	0	3	1	0	1	5	1	3	2	0	0	1	1	0	1	0	2	3	3	0	3	1	1	0	4	0	2	1	1	1	0	1
chr9	67212377	67213068	692	8	0	692	343	349	29	12	35	17	18	18	40	17	37	22	39	19	9	5	15	11	10	16	10	21	26	28	5	44	24	21	2	25	33	38	5	39
chr9	67213071	67213679	609	8	0	609	344	265	55	15	22	26	22	18	32	19	25	13	26	17	16	10	16	10	14	25	1	16	34	11	3	20	22	19	4	15	21	13	2	45
chr9	67213683	67214325	643	8	0	643	397	246	68	19	24	37	28	19	28	27	29	14	12	17	24	11	12	27	25	16	3	19	19	8	5	21	29	14	2	13	29	15	4	23
chr9	67214327	67214342	16	8	0	16	9	7	1	0	0	2	0	0	1	2	0	0	0	0	1	0	1	0	0	0	0	0	0	1	0	1	2	1	0	1	0	0	0	0
chr9	67214344	67214464	121	8	0	121	48	73	0	1	1	1	1	12	13	1	2	3	7	2	0	1	1	0	5	6	1	5	8	4	1	5	11	4	1	8	5	4	1	4
chr9	67214465	67214479	15	9	0	15	6	9	0	0	0	0	0	0	1	0	0	2	3	0	0	0	0	0	0	1	0	1	0	0	0	1	0	0	0	0	1	0	1	2
chr9	67214480	67214614	135	8	0	135	101	34	21	5	5	14	2	4	4	4	8	1	1	4	12	1	3	10	5	3	0	3	3	0	0	4	1	0	0	1	5	4	0	5
chr9	67214620	67215829	1210	8	0	1210	820	390	135	28	56	100	39	26	28	43	51	15	36	27	94	32	28	82	36	22	4	38	28	15	7	31	25	21	5	27	47	23	8	51
chr9	67215830	67216086	257	9	0	257	146	111	24	10	11	8	11	7	12	7	5	8	6	4	14	6	3	9	13	8	4	6	8	7	3	10	8	9	7	4	8	4	0	11
chr9	67216087	67216132	46	8	0	46	35	11	5	2	3	4	2	3	0	0	1	0	1	1	5	3	2	1	5	0	0	3	0	0	0	0	0	0	0	0	0	0	0	3
chr9	67216133	67216359	227	9	0	227	140	87	11	8	19	5	10	10	5	7	9	5	6	2	13	10	5	14	9	4	2	18	7	4	0	7	5	2	0	5	10	8	0	5
chr9	67216360	67216437	78	8	0	78	59	19	9	1	1	14	3	2	1	1	4	1	0	2	9	2	4	5	2	1	1	2	2	0	0	1	0	0	0	2	3	1	1	1
chr9	67216438	67216694	257	9	0	257	182	75	31	12	8	17	9	5	7	5	8	6	2	5	19	11	13	23	15	5	2	11	5	3	0	6	4	0	1	1	2	6	1	12
chr9	67216695	67216749	55	8	0	55	39	16	7	2	0	3	1	1	1	2	0	0	0	2	4	4	5	7	3	2	0	1	1	1	0	1	1	0	0	2	0	0	0	2
chr9	67216750	67217003	254	9	0	254	180	74	35	4	10	28	7	7	5	10	17	0	3	6	19	3	8	16	6	4	0	5	5	5	1	6	7	2	1	6	11	6	0	9
chr9	67217429	67217458	30	8	0	30	18	12	6	1	2	1	0	0	1	1	3	0	1	0	0	0	0	0	0	0	1	0	1	0	1	1	1	1	0	2	0	2	0	2
chr9	67217781	67217810	30	8	0	30	16	14	4	1	0	0	2	0	1	0	0	3	4	0	0	0	0	0	2	0	1	1	0	0	1	0	0	0	1	1	1	1	1	3
chr9	67218328	67218389	62	8	0	62	25	37	3	0	2	2	1	3	4	0	0	0	2	3	2	1	0	1	1	1	1	1	5	3	1	2	1	6	5	4	1	2	1	1
chr9	67224649	67224678	30	7	0	30	22	8	7	0	0	3	1	0	0	0	0	0	1	1	2	2	3	1	1	0	0	1	0	0	1	0	0	1	0	1	0	0	0	2
chr9	67225644	67225755	112	7	0	112	76	36	13	2	5	10	7	1	2	3	5	3	4	2	5	3	4	6	5	0	0	4	0	2	1	3	3	1	0	2	5	3	1	5
chr9	67227372	67227403	32	8	0	32	14	18	0	1	1	1	3	1	2	0	0	0	3	1	0	0	0	0	0	1	0	1	1	0	0	2	4	2	1	1	1	0	0	3
chr9	67228478	67228569	92	8	0	92	45	47	1	3	5	0	2	6	5	2	4	6	5	2	2	0	2	0	7	4	0	4	4	4	0	3	0	0	0	2	4	4	1	8
chr9	67229491	67229534	44	8	0	44	28	16	6	2	0	1	1	2	3	0	1	1	1	0	2	2	3	1	4	1	0	2	1	1	0	1	0	1	0	1	1	0	0	3
chr9	67229613	67229709	97	8	0	97	48	49	13	4	1	1	5	4	5	0	1	2	8	3	0	0	0	0	3	2	1	4	3	6	1	2	3	2	2	5	5	3	2	4
chr9	67231725	67231767	43	8	0	43	21	22	0	3	1	0	1	2	3	0	1	1	2	1	2	2	0	1	2	2	3	1	2	2	0	2	0	1	0	1	2	1	0	2
chr9	67232966	67232990	25	8	0	25	14	11	1	0	1	1	2	2	1	1	0	0	1	0	0	2	0	0	3	0	0	1	2	0	0	0	0	1	0	1	1	1	0	1
chr9	67234259	67234309	51	8	0	51	13	38	0	0	0	0	0	1	5	0	0	2	3	0	0	0	0	0	2	0	0	1	1	3	5	1	3	5	7	5	1	2	0	2
chr9	67234454	67234500	47	8	0	47	21	26	1	1	4	1	4	0	1	1	2	2	3	0	0	0	0	0	0	3	0	0	4	0	0	2	1	1	4	3	2	2	0	3
chr9	67235073	67235110	38	8	0	38	29	9	8	1	0	3	2	0	0	0	0	0	0	1	2	1	4	5	0	1	0	2	1	1	0	1	1	0	0	1	0	1	0	0
chr9	67236598	67236677	80	8	0	80	32	48	0	1	2	1	3	3	3	2	2	1	7	1	0	1	2	1	0	2	1	3	5	3	3	4	3	6	3	4	3	4	1	3
chr9	67238578	67238603	26	8	0	26	14	12	0	2	0	0	1	2	0	0	1	0	2	0	0	0	4	0	0	2	0	3	1	0	0	2	0	0	0	0	2	1	0	1
chr9	67239678	67239703	26	8	0	26	19	7	6	1	1	0	2	0	0	1	0	2	1	1	0	0	1	2	2	0	0	1	0	0	0	0	0	0	0	0	1	0	0	2
chr9	67240173	67240212	40	8	0	40	30	10	6	1	2	3	1	2	1	0	2	0	1	1	3	2	1	4	2	0	0	2	0	0	0	0	0	0	0	0	1	0	0	3
chr9	67243954	67244124	171	8	0	171	72	99	7	1	1	5	3	7	12	2	2	3	15	2	2	4	5	1	3	3	2	7	10	5	3	9	8	11	6	9	3	7	3	8
chr9	67244199	67244223	25	8	0	25	20	5	6	0	0	4	1	0	0	2	2	1	0	0	2	0	0	0	1	0	0	0	1	0	0	0	0	0	0	0	2	1	0	0
chr9	67244376	67244410	35	8	0	35	19	16	3	2	2	0	3	1	0	3	1	0	1	0	0	0	1	1	2	0	0	1	1	1	0	2	3	2	0	1	1	0	0	1
chr9	67244948	67244985	38	8	0	38	12	26	0	1	0	0	0	1	1	1	1	0	4	1	0	0	0	0	0	1	1	0	1	3	3	4	0	3	2	1	2	4	0	1
chr9	67245217	67245265	49	8	0	49	20	29	1	0	1	0	1	1	3	2	0	1	4	4	0	0	0	0	0	1	0	1	1	2	2	4	2	4	1	1	5	2	1	2
chr9	67245428	67245574	147	8	0	147	85	62	10	7	5	7	2	1	4	6	8	1	6	2	9	2	8	5	6	2	0	3	4	9	1	7	3	1	2	6	1	9	1	7
chr9	67246980	67247029	50	8	0	50	37	13	4	2	2	5	3	0	1	0	3	1	1	1	2	1	2	7	1	1	0	2	1	1	0	1	0	0	0	0	2	1	0	3
chr9	67247405	67247575	171	8	0	171	102	69	16	8	8	5	5	3	8	3	9	5	7	4	7	2	5	6	6	4	2	6	5	5	0	7	0	4	0	4	8	5	0	12
chr9	67247982	67248022	41	8	0	41	24	17	10	4	0	0	4	1	2	1	0	0	1	1	0	0	0	0	3	1	0	0	1	2	0	2	2	2	0	0	1	0	0	1
chr9	67248468	67248517	50	8	0	50	27	23	4	2	2	1	3	1	3	2	2	1	3	1	0	1	1	0	2	1	0	2	1	2	0	1	3	1	0	2	3	0	0	3
chr9	67249727	67249762	36	8	0	36	23	13	2	1	2	4	3	2	0	1	3	0	1	1	0	1	1	0	2	0	0	1	1	1	0	0	1	0	0	1	2	1	0	2
chr9	67251296	67251328	33	8	0	33	15	18	0	1	0	1	0	0	3	0	1	0	4	1	1	1	0	0	0	0	0	2	0	1	1	3	1	2	0	1	3	2	1	1
chr9	67253082	67253124	43	9	0	43	26	17	7	1	0	3	2	0	1	0	0	1	1	0	2	2	3	3	1	1	1	1	1	2	1	1	0	3	0	1	0	0	0	2
chr9	67253282	67253375	94	9	0	94	68	26	1	0	1	0	0	20	0	5	0	0	0	0	0	5	0	35	24	0	0	1	0	0	0	0	0	0	0	0	0	0	0	0
chr9	67254690	67254725	36	9	0	36	14	22	1	1	2	0	3	1	1	0	0	0	1	1	1	0	0	1	1	0	0	1	2	2	1	2	2	4	3	1	0	1	1	0
chr9	67256282	67256325	44	9	0	44	35	9	10	1	2	6	0	0	2	1	4	0	0	0	5	1	0	2	1	0	0	0	0	0	0	1	0	1	0	1	2	0	0	2
chr9	67256977	67257051	75	9	0	75	31	44	0	0	1	0	1	5	4	4	0	0	7	1	0	4	3	1	4	3	0	1	4	3	0	7	2	4	0	6	3	4	0	1
chr9	67261069	67261115	47	9	0	47	30	17	6	2	6	0	1	0	1	0	6	0	2	1	1	2	1	0	2	0	1	1	0	0	0	2	0	0	0	2	0	2	1	5
chr9	67261260	67261290	31	9	0	31	18	13	1	0	1	1	0	1	2	0	0	1	3	0	2	4	1	1	2	0	0	3	0	0	0	2	0	0	0	0	1	2	0	1
chr9	67262851	67262897	47	10	0	47	25	22	2	1	4	1	1	1	4	1	4	2	2	0	1	0	0	0	2	0	0	2	2	0	0	2	2	1	0	2	1	3	0	4
chr9	67263578	67263605	28	9	0	28	12	16	0	0	1	0	1	2	3	0	0	2	1	0	0	0	0	0	2	0	0	2	3	0	0	1	0	2	0	2	1	2	0	1
chr9	67263743	67263786	44	9	0	44	23	21	2	0	0	2	1	4	3	4	0	1	3	1	1	0	0	1	2	0	0	3	2	0	0	0	5	1	0	2	2	1	0	1
chr9	67264055	67264095	41	9	0	41	27	14	3	0	1	4	0	0	0	4	1	1	1	1	4	3	2	1	1	0	1	2	1	0	0	2	1	1	0	0	1	2	0	1
chr9	67265418	67265443	26	9	0	26	15	11	1	3	1	1	3	1	0	1	2	0	0	0	0	0	0	0	1	2	0	1	2	3	0	0	0	0	0	0	2	0	0	0
chr9	67265988	67266034	47	9	0	47	28	19	1	3	1	1	1	1	1	4	2	0	1	1	2	5	2	1	4	3	0	2	2	2	0	2	0	0	0	0	1	1	0	1
chr9	67266365	67266403	39	9	0	39	21	18	3	1	0	3	1	0	2	1	2	0	3	1	1	0	1	0	0	1	0	1	2	1	1	2	2	1	0	1	0	3	1	2
chr9	67267894	67267922	29	9	0	29	19	10	2	1	2	1	0	0	0	1	3	0	0	0	1	2	3	2	1	0	0	2	0	2	0	1	0	0	0	0	0	1	0	2
chr9	67268390	67268423	34	9	0	34	26	8	3	1	2	3	2	0	0	1	1	0	1	1	3	3	0	4	1	1	0	1	0	0	0	1	0	0	0	0	2	0	0	1
chr9	67271371	67271415	45	9	0	45	37	8	13	2	2	3	1	0	1	0	3	0	2	1	4	0	0	4	1	0	0	0	0	0	0	0	0	0	0	0	1	0	0	5
chr9	67277355	67277430	76	9	0	76	58	18	20	6	2	6	5	0	2	0	3	2	3	0	5	0	1	2	4	2	0	2	1	0	0	1	0	0	0	0	2	0	0	5
chr9	67277464	67277642	179	9	0	179	122	57	15	4	4	17	9	7	4	11	6	3	4	6	10	4	4	12	11	3	0	4	5	1	0	4	3	3	0	4	12	3	0	4
chr9	67277652	67277944	293	9	0	293	212	81	40	8	6	29	12	6	2	17	11	2	3	8	19	9	10	28	11	4	2	8	12	1	1	4	6	2	1	5	8	11	0	5
chr9	67277986	67278136	151	9	0	151	86	65	7	5	4	7	3	5	8	3	9	3	8	4	4	2	7	6	4	3	2	6	5	4	0	6	4	4	0	2	6	3	2	13
chr9	67278189	67278299	111	9	0	111	77	34	10	1	1	11	5	2	2	10	1	2	1	4	6	5	4	11	6	1	0	3	4	1	0	1	7	3	0	0	2	1	0	4
chr9	67278343	67279777	1435	9	0	1435	904	531	131	54	53	75	50	37	40	59	52	22	57	42	79	37	37	77	56	31	12	51	42	21	13	36	27	23	8	38	61	37	13	62
chr9	67279824	67279902	79	9	0	79	59	20	21	1	3	5	0	0	2	1	1	0	3	5	7	4	2	3	2	1	0	1	0	1	1	2	0	0	0	2	1	2	1	5
chr9	67279920	67280033	114	9	0	114	77	37	13	2	6	5	4	0	3	5	4	4	2	4	6	4	4	10	5	2	0	2	4	1	0	4	1	2	0	1	2	4	0	8
chr9	67280125	67281284	1160	9	0	1160	791	369	117	36	51	91	46	25	30	47	47	16	26	35	86	25	36	75	34	19	5	45	34	11	4	19	35	12	0	27	45	26	1	52
chr9	67281303	67282400	1098	9	0	1098	717	381	93	38	64	65	49	25	26	52	53	14	30	37	65	33	20	52	49	19	6	36	20	12	4	36	23	10	5	26	60	31	1	42
chr9	67282414	67282743	330	9	0	330	236	94	36	11	14	28	17	5	6	7	12	2	7	9	25	15	12	28	11	5	2	15	8	0	1	6	6	4	0	6	11	6	1	12
chr9	67282763	67283118	356	9	0	356	168	188	19	5	7	12	7	13	19	5	7	8	20	12	10	8	9	7	9	9	6	9	15	11	11	18	8	19	11	14	12	16	4	14
chr9	67283128	67283640	513	9	0	513	359	154	64	10	18	44	16	12	10	23	17	2	14	19	37	14	19	38	11	14	1	12	12	5	1	12	13	6	0	15	25	5	0	22
chr9	67283641	67283789	149	9	0	149	72	77	7	4	2	3	5	12	9	5	2	1	10	4	2	4	0	2	12	2	1	6	4	2	2	6	9	6	4	4	6	4	3	4
chr9	67283816	67284040	225	9	0	225	122	103	20	2	6	10	6	10	8	6	4	5	7	7	8	7	4	11	8	8	3	5	10	8	5	8	4	10	5	5	8	5	3	7
chr9	67284085	67284296	212	9	0	212	145	67	21	6	9	15	7	2	6	9	11	3	6	2	12	9	8	18	9	5	0	5	4	1	0	8	2	3	0	7	9	4	0	9
chr9	67284322	67284540	219	9	0	219	122	97	17	9	8	8	9	6	11	8	6	5	6	4	10	5	5	4	11	5	4	5	7	7	2	9	8	7	0	9	8	6	2	6
chr9	67284584	67284677	94	9	0	94	50	44	4	3	5	3	5	3	3	2	3	4	3	3	3	1	2	2	4	3	0	4	3	5	1	4	3	0	0	3	3	6	1	3
chr9	67284704	67284789	86	9	0	86	42	44	3	1	7	0	5	4	5	3	2	2	6	1	1	1	0	0	2	1	0	5	4	1	0	3	7	4	0	5	5	1	0	5
chr9	67284817	67285241	425	9	0	425	278	147	45	14	20	26	18	12	10	13	18	12	10	15	24	6	16	18	15	8	2	19	12	11	0	9	7	3	0	6	19	10	2	23
chr9	67285244	67285311	68	9	0	68	40	28	15	1	0	0	1	3	4	1	1	2	6	3	0	2	0	0	2	0	1	5	3	0	0	1	0	2	1	1	4	2	2	3
chr9	67285512	67286684	1173	9	0	1173	654	519	77	29	45	53	50	43	52	38	42	30	41	30	35	29	29	31	47	31	7	46	55	32	10	40	35	40	4	28	46	34	9	53
chr9	67286705	67287573	869	9	0	869	508	361	79	24	40	37	34	26	30	28	39	18	37	30	27	18	20	19	28	26	3	29	41	33	2	27	14	13	3	18	35	31	4	54
chr9	67287599	67289088	1490	9	0	1490	820	670	113	35	60	77	41	33	61	46	56	30	51	42	75	18	27	54	48	24	9	35	34	55	36	55	45	52	50	47	54	49	15	61
chr9	67289096	67289525	430	9	0	430	212	218	27	15	8	11	18	23	25	7	12	4	25	9	5	5	7	9	14	17	5	12	19	13	6	22	18	21	5	16	22	9	4	15
chr9	67289526	67289790	265	9	0	265	178	87	23	10	11	22	11	4	9	12	15	7	3	4	16	9	7	14	13	4	2	11	4	3	3	4	4	0	1	9	15	7	0	6
chr9	67289791	67289942	152	9	0	152	69	83	9	6	4	2	7	4	10	1	5	4	9	1	1	3	2	0	7	1	2	7	3	3	5	5	7	7	7	9	5	6	4	4
chr9	67289943	67289953	11	9	0	11	2	9	0	0	0	0	0	2	0	0	0	0	0	0	0	0	0	0	0	1	1	0	2	0	0	0	0	1	2	0	0	0	0	0
chr9	67289954	67290243	290	9	0	290	176	114	24	8	11	19	7	11	8	9	7	4	6	9	23	9	9	11	16	5	2	9	7	7	5	12	5	10	3	6	7	8	4	7
chr9	67290244	67290282	39	9	0	39	29	10	5	2	4	3	2	2	0	0	3	0	0	0	5	0	0	1	1	1	0	2	1	0	0	0	1	0	0	1	2	0	0	1
chr9	67290283	67290371	89	9	0	89	67	22	21	2	4	8	3	2	1	3	4	0	1	0	7	0	3	7	1	2	0	1	2	0	0	1	4	1	0	5	2	0	0	2
chr9	67290372	67290418	47	9	0	47	36	11	5	3	1	7	5	1	0	1	2	1	2	1	5	0	0	1	3	0	0	1	0	0	0	0	0	0	0	0	4	0	0	2
chr9	67290419	67290611	193	9	0	193	84	109	9	2	4	5	4	10	8	3	3	4	12	4	4	3	5	4	2	6	5	6	12	7	5	5	8	11	7	10	3	7	5	8
chr9	67290612	67290682	71	9	0	71	31	40	1	0	2	1	2	3	1	6	0	1	3	3	1	2	3	0	1	4	0	1	5	2	2	6	3	6	0	3	4	3	0	0
chr9	67290683	67290777	95	9	0	95	64	31	6	5	4	7	6	2	3	3	5	2	4	1	5	3	3	5	7	0	0	5	1	0	0	1	3	0	0	1	3	2	0	6
chr9	67290778	67290788	11	9	0	11	9	2	3	1	0	2	1	0	0	0	1	0	0	0	0	0	0	0	1	0	0	0	0	0	0	0	0	0	0	0	0	0	0	0
chr9	67290789	67290937	149	9	0	149	104	45	19	7	4	11	4	4	7	6	8	4	2	5	10	3	3	6	8	2	0	8	3	1	0	3	0	0	0	0	10	4	0	5
chr9	67290938	67290978	41	9	0	41	26	15	3	0	2	2	2	1	0	2	1	1	0	1	2	2	1	5	1	2	0	1	1	2	1	1	2	0	0	0	1	0	1	1
chr9	67290979	67291175	197	9	0	197	123	74	23	7	6	15	14	3	4	10	8	3	2	8	6	4	7	1	6	5	3	3	6	3	1	7	8	3	1	6	11	6	1	4
chr9	67291176	67291200	25	9	0	25	17	8	1	0	1	4	3	0	1	0	1	0	0	0	1	1	0	4	1	0	0	0	2	0	0	0	1	0	0	1	0	1	0	0
chr9	67291201	67291310	110	9	0	110	62	48	6	4	6	4	3	2	4	2	7	3	5	4	4	2	2	2	2	1	4	4	2	2	2	4	2	2	1	3	6	5	1	7
chr9	67291311	67291344	34	9	0	34	14	20	2	0	4	0	2	1	1	0	3	0	0	0	0	0	0	0	0	0	0	0	3	4	0	3	1	3	0	2	0	3	0	0
chr9	67291345	67291696	352	9	0	352	211	141	27	9	17	19	13	11	10	12	18	8	11	6	16	9	8	15	15	5	5	12	11	8	3	11	9	6	5	8	11	14	3	15
chr9	67291697	67291718	22	9	0	22	12	10	1	1	0	0	1	3	0	0	0	0	1	0	0	2	2	0	3	0	2	2	1	0	0	0	0	0	0	0	0	1	0	0
chr9	67291719	67292231	513	9	0	513	325	188	48	3	25	38	13	10	23	25	25	11	12	14	28	14	11	23	18	10	0	11	16	8	2	15	16	11	0	19	22	12	2	26
chr9	67292232	67292308	77	9	0	77	46	31	6	1	1	5	3	0	1	2	1	1	0	3	3	4	2	11	1	2	2	2	1	3	3	2	2	3	5	0	2	1	2	0
chr9	67292309	67292434	126	9	0	126	59	67	8	3	2	2	2	4	3	4	1	4	7	6	4	2	6	0	2	4	4	3	4	4	5	6	3	6	2	5	5	6	3	4
chr9	67292435	67292448	14	9	0	14	2	12	0	0	0	0	0	1	1	0	0	0	0	0	0	0	0	0	1	0	0	0	1	1	0	0	0	2	4	1	0	0	0	0
chr9	67292449	67293173	725	9	0	725	436	289	61	22	23	38	29	18	27	31	17	17	27	20	37	23	15	31	31	19	5	25	26	13	6	22	17	18	8	16	31	17	5	28
chr9	67293181	67293494	314	9	0	314	183	131	34	6	12	7	8	13	12	9	8	6	18	10	8	4	14	12	8	3	4	14	9	5	1	7	11	7	4	16	14	7	1	20
chr9	67293495	67293532	38	9	0	38	21	17	5	2	1	0	1	1	2	3	2	1	1	1	0	0	0	0	1	1	1	2	2	0	0	0	3	0	1	0	1	1	1	2
chr9	67293533	67293642	110	9	0	110	49	61	0	1	3	1	2	9	14	2	3	5	2	4	0	0	1	1	7	3	1	4	5	2	0	4	9	4	0	7	6	2	1	5
chr9	67293643	67293682	40	9	0	40	15	25	1	0	1	0	0	0	4	0	1	1	6	0	0	0	0	0	0	1	0	0	1	3	0	5	2	2	0	2	1	3	0	4
chr9	67293683	67293969	287	9	0	287	184	103	39	13	9	15	13	8	12	11	11	6	5	10	13	5	5	8	16	4	1	11	10	7	1	6	5	5	0	4	13	9	0	10
chr9	67293970	67294479	510	9	0	510	349	161	48	21	20	41	25	13	15	20	22	7	6	16	36	18	13	27	32	9	2	16	16	3	0	12	6	7	0	7	19	12	0	19
chr9	67294480	67294571	92	9	0	92	69	23	12	4	4	7	4	0	2	6	6	1	1	4	4	3	3	6	5	0	0	3	0	0	0	1	1	0	0	1	6	1	0	5
chr9	67294573	67295059	487	9	0	487	316	171	32	19	19	36	19	10	17	29	20	7	6	18	34	11	12	25	17	11	1	18	23	6	0	11	13	7	1	11	22	16	0	14
chr9	67295060	67295087	28	9	0	28	21	7	1	2	0	3	1	0	2	0	1	0	0	1	2	1	0	5	1	0	1	1	0	0	0	0	0	0	1	1	2	0	0	0
chr9	67295088	67295139	52	9	0	52	39	13	6	1	2	6	1	1	0	5	6	0	1	1	2	2	0	4	3	0	0	0	1	0	0	0	0	0	0	0	4	1	0	3
chr9	67295142	67297739	2598	9	0	2598	1755	843	254	79	112	181	99	56	76	120	98	40	61	89	175	89	69	156	111	38	12	103	66	29	7	44	67	29	5	43	107	50	4	127
chr9	67297741	67297888	148	9	0	148	111	37	26	6	0	14	7	4	1	9	2	2	2	2	12	1	5	16	7	4	1	1	1	0	1	4	7	2	0	1	6	0	0	2
chr9	67297889	67297906	18	9	0	18	13	5	2	1	2	0	1	0	0	1	1	0	0	2	1	0	0	1	1	0	0	1	0	0	0	0	0	0	0	0	1	0	0	1
chr9	67297907	67298334	428	9	0	428	283	145	34	13	17	29	19	10	11	23	14	7	10	12	26	12	14	30	21	8	2	11	8	5	0	13	15	5	1	13	19	8	1	15
chr9	67298342	67298405	64	9	0	64	47	17	10	1	4	3	0	1	1	2	2	0	1	1	6	4	2	8	3	0	0	3	2	0	0	1	0	2	0	1	0	1	0	3
chr9	67298406	67298509	104	9	0	104	63	41	8	6	0	5	4	2	4	8	4	2	4	0	3	4	1	6	6	5	1	2	3	2	1	5	4	1	0	1	5	3	0	2
chr9	67298510	67298567	58	9	0	58	32	26	2	2	4	0	2	1	5	2	2	3	1	2	2	2	0	2	5	0	0	2	1	2	0	2	1	0	0	3	3	2	0	3
chr9	67298568	67298865	298	9	0	298	171	127	20	7	15	15	14	7	12	6	13	5	16	7	9	8	9	6	9	7	1	10	5	3	3	14	13	6	3	12	12	9	3	17
chr9	67298866	67298905	40	9	0	40	30	10	8	1	1	3	0	1	0	2	2	1	2	1	2	0	3	1	1	1	0	1	0	0	0	1	0	0	0	0	2	0	0	4
chr9	67298921	67298955	35	9	0	35	35	0	14	0	0	6	0	0	0	0	0	0	0	0	7	0	0	6	0	0	0	0	0	0	0	0	0	0	0	0	0	0	0	0
chr9	67298956	67299028	73	9	0	73	26	47	0	0	2	0	2	3	6	0	0	3	8	2	0	0	0	0	1	0	1	4	3	0	2	3	5	4	5	6	2	4	2	3
chr9	67299029	67299086	58	9	0	58	25	33	1	1	0	1	1	1	5	3	2	1	4	0	0	2	2	0	2	1	0	2	2	2	1	5	3	4	0	3	2	3	1	1
chr9	67299155	67299232	78	9	0	78	35	43	1	1	1	0	0	2	6	3	0	1	5	8	2	1	2	1	2	3	0	0	5	1	0	5	1	4	3	4	4	3	2	5
chr9	67299233	67299247	15	9	0	15	5	10	0	0	1	0	0	1	1	0	0	0	0	0	1	0	0	0	0	0	0	1	1	0	1	0	1	2	2	1	0	0	0	0
chr9	67299248	67299366	119	9	0	119	77	42	16	0	6	5	2	4	3	5	6	0	3	4	4	4	2	12	4	0	0	4	3	6	0	1	5	3	1	1	2	2	1	8
chr9	67299367	67299380	14	9	0	14	10	4	1	0	0	2	0	0	1	0	1	1	0	0	1	0	1	0	1	0	0	0	0	0	0	0	0	0	0	0	1	0	0	2
chr9	67299381	67299484	104	9	0	104	59	45	3	3	0	6	4	5	2	8	3	1	5	2	3	2	3	8	4	4	0	3	7	6	0	2	3	3	0	1	5	2	0	4
chr9	67299485	67299570	86	9	0	86	46	40	2	1	2	5	3	2	2	2	1	5	1	0	3	3	8	4	1	3	2	5	4	4	1	5	2	5	1	0	2	2	0	3
chr9	67299571	67299683	113	9	0	113	70	43	13	7	3	5	7	3	3	4	5	0	2	5	4	2	2	4	4	2	1	4	6	1	3	1	3	4	0	1	4	4	0	4
chr9	67299684	67299910	227	9	0	227	95	132	7	5	3	5	5	10	11	7	4	4	12	7	4	4	5	1	6	10	3	5	15	13	6	12	8	14	5	7	4	10	6	7
chr9	67299911	67300597	687	9	0	687	455	232	80	19	20	48	28	21	20	28	23	11	21	27	37	16	16	39	34	13	2	18	24	10	2	13	14	8	0	11	25	18	4	35
chr9	67300605	67301277	673	9	0	673	451	222	63	26	39	33	26	15	23	24	30	9	11	17	42	21	19	52	35	11	1	25	16	6	1	16	22	7	0	14	15	15	0	37
chr9	67301278	67301298	21	9	0	21	17	4	4	0	0	4	0	0	0	1	3	0	0	1	1	0	1	2	0	0	0	0	0	0	0	0	0	0	0	0	1	0	0	1
chr9	67301299	67302280	982	9	0	982	679	303	105	45	40	76	53	20	21	40	46	18	18	17	61	24	29	64	51	17	5	34	25	12	0	16	22	3	1	18	36	21	2	40
chr9	67302281	67302317	37	9	0	37	22	15	3	2	0	2	3	2	0	3	0	3	0	0	1	1	1	1	4	2	0	1	3	0	0	0	0	0	0	0	1	1	1	0
chr9	67302318	67302557	240	9	0	240	186	54	26	0	6	22	8	5	3	18	9	2	1	9	11	13	2	49	16	2	0	2	4	2	0	2	2	0	0	2	12	4	0	6
chr9	67302558	67302606	49	9	0	49	36	13	7	0	1	6	4	2	1	3	2	1	0	1	1	4	0	2	5	1	0	1	1	0	0	0	0	0	0	0	3	0	0	1
chr9	67302608	67302632	25	9	0	25	20	5	1	1	1	2	0	0	0	2	2	0	0	0	2	0	2	6	1	0	0	0	0	0	0	0	0	0	0	0	0	0	0	3
chr9	67302633	67302697	65	9	0	65	53	12	8	7	0	3	2	2	1	5	1	0	0	0	7	2	1	12	10	0	0	1	0	0	0	0	0	0	0	0	0	0	0	1
chr9	67302698	67302745	48	9	0	48	34	14	1	2	0	4	2	1	2	1	3	0	1	1	1	3	2	10	3	0	1	2	0	0	0	1	0	0	0	0	3	0	0	2
chr9	67302746	67303123	378	9	0	378	232	146	23	8	13	24	17	10	16	19	17	7	13	13	10	11	13	16	19	3	2	12	10	4	0	12	13	6	0	15	21	13	0	16
chr9	67303124	67303614	491	9	0	491	293	198	40	14	26	17	14	11	22	18	28	14	19	9	14	9	19	18	15	10	1	22	15	10	0	18	16	4	1	15	18	19	2	31
chr9	67303615	67303686	72	10	0	72	48	24	7	0	2	6	2	4	2	1	2	0	2	5	4	2	2	6	1	2	0	3	3	2	0	1	1	1	0	0	4	0	0	5
chr9	67303691	67304194	504	10	0	504	354	150	60	20	20	38	24	9	8	30	23	10	8	18	32	9	15	28	23	8	1	16	13	4	1	5	12	2	0	6	24	9	2	24
chr9	67304195	67304205	11	10	0	11	7	4	0	1	0	0	1	0	1	1	0	0	0	1	0	0	0	0	2	0	0	0	0	0	0	0	0	0	0	0	1	0	0	1
chr9	67304206	67304630	425	10	0	425	271	154	37	14	22	22	15	14	10	20	20	7	7	9	23	13	15	23	17	6	1	24	21	7	1	6	11	5	2	8	9	17	2	15
chr9	67304639	67304788	150	10	0	150	72	78	9	3	5	3	3	7	4	4	3	4	5	7	5	1	2	6	5	6	2	1	9	3	6	8	1	10	3	4	4	7	5	3
chr9	67304789	67304824	36	10	0	36	30	6	17	0	0	1	1	0	1	0	0	1	1	0	1	2	2	1	2	0	0	2	0	0	0	0	0	0	0	0	0	0	0	2
chr9	67304838	67304896	59	9	0	59	19	40	0	0	0	1	0	2	4	1	1	1	5	0	0	2	2	0	1	1	1	2	4	3	2	4	1	6	2	4	1	4	1	1
chr9	67304897	67304927	31	10	0	31	10	21	0	1	1	0	1	2	1	0	1	0	3	0	0	0	0	0	0	1	0	1	0	2	3	1	2	1	1	3	2	2	0	0
chr9	67304935	67304979	45	10	0	45	14	31	0	0	0	0	0	1	5	0	0	4	4	0	0	0	0	0	1	0	1	3	3	1	1	1	2	3	4	2	0	2	2	3
chr9	67304981	67305175	195	10	0	195	116	79	32	6	7	7	9	10	5	3	5	3	3	5	5	4	4	7	10	5	1	6	6	4	5	5	5	8	4	3	6	3	2	5
chr9	67305176	67305237	62	10	0	62	33	29	4	2	0	1	0	1	2	3	1	3	3	3	2	2	4	1	1	4	1	1	3	2	1	3	0	1	0	1	2	2	2	4
chr9	67305242	67305334	93	10	0	93	39	54	10	1	0	3	0	2	5	2	2	1	5	1	1	2	3	0	1	2	1	2	4	7	4	6	1	8	4	4	3	4	1	1
chr9	67305335	67305440	106	10	0	106	54	52	13	0	9	0	2	4	6	0	7	3	7	2	0	0	0	0	1	0	2	4	4	1	1	2	4	4	3	5	3	4	2	11
chr9	67305441	67305466	26	10	0	26	18	8	4	0	4	0	1	0	0	1	2	1	0	2	0	0	1	1	1	0	0	0	0	0	0	0	1	0	0	1	0	0	0	4
chr9	67305467	67306557	1091	10	0	1091	734	357	115	38	39	86	57	21	31	41	44	11	24	34	63	27	35	67	50	13	2	32	34	12	2	19	28	13	4	35	38	29	2	43
chr9	67306567	67306631	65	10	0	65	29	36	1	0	1	2	2	5	5	1	1	2	5	2	0	0	0	0	1	1	1	4	5	1	0	1	4	3	2	3	4	2	1	3
chr9	67306632	67306915	284	10	0	284	141	143	10	10	9	8	13	8	14	5	6	2	16	7	8	6	8	10	8	6	2	10	19	10	3	13	5	17	4	14	9	12	1	9
chr9	67306916	67306932	17	10	0	17	8	9	0	0	1	0	0	1	2	0	1	1	1	0	0	0	0	0	2	0	0	1	0	0	0	1	1	0	0	1	0	1	0	1
chr9	67306933	67307025	93	10	0	93	54	39	9	3	8	0	2	2	2	2	4	3	5	0	6	2	2	2	3	2	2	3	2	3	1	4	1	1	1	3	2	4	0	7
chr9	67307028	67307119	92	10	0	92	52	40	3	0	7	3	1	2	4	1	3	2	8	3	6	2	3	3	2	2	0	2	1	1	0	7	2	2	0	4	4	4	0	8
chr9	67307120	67307152	33	10	0	33	17	16	2	1	3	1	1	0	1	0	3	0	1	1	1	0	1	0	0	0	1	0	2	1	0	2	0	2	0	2	1	1	1	2
chr9	67307153	67307294	142	10	0	142	79	63	7	4	3	4	4	8	8	11	6	5	4	8	1	2	1	1	10	3	2	5	2	1	3	2	7	0	1	4	12	4	2	5
chr9	67307295	67307322	28	10	0	28	13	15	0	1	1	1	0	2	2	0	3	0	1	0	0	1	0	1	2	1	0	1	1	1	0	3	1	0	0	0	0	3	0	0
chr9	67307323	67307438	116	10	0	116	62	54	7	5	7	3	5	3	7	1	5	2	1	3	5	2	4	1	3	2	1	5	8	1	0	4	3	7	3	5	2	3	0	6
chr9	67307452	67307539	88	10	0	88	71	17	24	4	2	6	2	3	0	4	3	0	2	2	8	0	2	8	4	0	0	3	2	0	0	0	0	0	0	0	2	2	0	3
chr9	67307540	67307567	28	10	0	28	17	11	0	0	4	1	0	0	0	1	0	1	0	0	5	1	2	0	0	0	0	2	0	2	0	2	0	1	0	1	1	1	0	1
chr9	67307568	67308276	709	10	0	709	501	208	60	22	27	70	22	11	18	37	35	14	14	18	61	24	20	47	34	8	3	26	13	6	0	17	8	6	0	6	33	16	1	30
chr9	67308277	67308287	11	10	0	11	8	3	0	1	0	2	2	0	0	0	1	0	0	1	0	0	0	0	0	0	0	0	0	0	0	0	0	0	0	0	2	0	0	0
chr9	67308288	67308618	331	10	0	331	245	86	40	5	17	33	11	6	4	13	12	11	3	4	32	8	8	36	16	3	2	9	8	3	0	5	3	2	2	3	7	8	0	15
chr9	67308619	67308639	21	10	0	21	15	6	0	1	2	2	0	0	1	0	2	1	0	0	3	0	1	0	0	0	0	2	0	0	0	0	0	0	0	0	1	0	0	3
chr9	67308640	67308877	238	10	0	238	122	116	24	4	4	8	5	7	14	9	6	5	11	6	4	4	7	3	5	4	3	8	13	8	4	10	9	12	1	10	8	10	2	8
chr9	67308878	67308956	79	10	0	79	30	49	1	1	1	1	2	5	3	1	0	1	6	6	1	1	0	0	1	2	4	1	5	3	2	6	1	6	1	2	4	4	4	1
chr9	67308957	67309387	431	10	0	431	294	137	36	10	17	39	14	8	12	15	16	7	7	14	36	10	17	35	11	9	1	14	14	6	0	10	11	5	0	11	13	10	3	18
chr9	67309388	67309419	32	10	0	32	24	8	2	1	0	4	0	0	0	5	0	1	1	0	5	0	0	3	3	0	0	0	1	0	0	0	2	0	0	0	0	1	0	1
chr9	67309420	67309719	300	10	0	300	206	94	24	7	12	29	15	5	6	11	14	5	4	12	20	5	11	24	9	4	0	9	8	6	1	7	8	2	0	4	12	10	1	13
chr9	67309720	67309737	18	10	0	18	8	10	0	0	0	1	1	1	0	2	0	0	0	0	0	1	0	1	1	1	0	0	3	0	0	0	1	3	0	0	0	0	0	0
chr9	67309738	67310593	856	10	0	856	457	399	42	21	27	37	33	28	46	30	25	20	33	28	27	16	16	27	26	23	4	32	47	30	8	28	24	32	10	28	41	29	2	34
chr9	67310594	67310614	21	10	0	21	7	14	0	0	0	0	0	0	3	0	1	1	1	0	0	0	0	0	1	0	0	0	2	1	0	2	0	2	1	1	0	1	1	1
chr9	67310615	67311055	441	10	0	441	322	119	45	16	19	44	16	9	8	18	18	5	9	9	45	6	10	45	16	3	1	16	8	4	2	3	12	3	0	9	15	7	1	17
chr9	67311056	67311308	253	10	0	253	182	71	36	7	7	30	12	2	7	16	14	5	3	5	20	5	4	7	10	1	0	8	8	3	0	2	4	5	0	3	15	4	0	8
chr9	67311309	67311377	69	10	0	69	53	16	10	3	3	5	5	2	0	1	2	0	0	2	4	3	3	8	3	0	0	5	0	0	0	0	3	0	0	1	3	0	0	1
chr9	67311378	67311810	433	10	0	433	280	153	26	8	23	36	20	3	12	15	17	10	15	8	30	11	20	25	12	8	0	12	11	7	0	15	12	8	0	16	15	9	0	27
chr9	67311811	67311842	32	10	0	32	18	14	5	0	1	3	2	0	1	1	2	1	2	0	0	0	0	0	0	1	0	0	0	2	0	2	0	1	0	1	4	0	0	1
chr9	67311843	67312245	403	10	0	403	240	163	20	11	15	20	19	7	20	14	15	8	10	18	12	13	18	19	14	11	2	12	12	6	0	16	13	6	3	16	20	11	1	19
chr9	67312246	67312258	13	10	0	13	1	12	0	0	0	0	0	0	0	0	0	0	0	0	0	0	0	0	0	1	0	0	0	1	3	0	0	3	3	0	0	0	0	0
chr9	67312259	67312532	274	10	0	274	117	157	15	3	3	5	3	15	17	5	3	5	15	9	5	6	6	1	8	10	4	7	14	9	11	13	8	18	9	13	11	11	2	8
chr9	67312533	67312562	30	10	0	30	23	7	12	1	2	0	1	0	0	1	2	1	1	0	0	0	1	1	1	0	0	1	0	0	0	0	0	0	0	0	1	0	0	2
chr9	67312563	67312668	106	10	0	106	67	39	12	3	5	4	3	3	4	5	5	1	3	4	3	1	5	5	4	2	0	2	4	0	0	3	3	3	0	4	3	2	0	8
chr9	67312669	67312715	47	9	0	47	16	31	0	0	2	1	2	1	3	1	1	1	2	1	0	0	0	0	1	1	0	0	4	4	0	5	0	6	2	2	2	2	1	0
chr9	67312716	67312776	61	10	0	61	26	35	0	0	4	0	1	5	2	1	2	0	4	4	1	0	0	1	2	0	2	1	4	4	0	3	1	4	1	2	2	3	1	4
chr9	67312785	67313199	415	10	0	415	258	157	33	13	12	27	17	8	13	18	16	9	17	13	20	9	15	16	14	7	3	15	11	7	1	16	7	9	2	10	24	12	2	17
chr9	67313200	67313344	145	9	0	145	87	58	11	7	8	5	3	2	9	6	11	3	0	4	6	2	5	5	5	3	0	4	2	2	1	7	8	3	1	2	5	4	0	9
chr9	67313346	67313721	376	9	0	376	215	161	25	14	12	14	15	13	18	17	16	12	14	10	8	6	9	11	22	6	2	14	15	14	0	13	12	4	0	6	14	18	0	20
chr9	67313722	67313749	28	10	0	28	21	7	4	1	0	5	3	0	0	1	1	0	0	0	3	0	0	1	0	0	1	0	1	0	0	0	2	1	1	0	1	0	0	0
chr9	67313750	67313875	126	9	0	126	68	58	10	7	3	2	7	3	7	2	4	2	6	5	2	0	3	3	5	3	1	3	4	6	1	7	4	2	0	4	6	7	0	5
chr9	67313882	67314709	828	9	0	828	583	245	81	33	37	60	31	25	21	26	34	12	15	28	65	23	17	74	43	11	3	36	13	6	1	23	10	4	1	5	37	22	3	26
chr9	67314710	67314727	18	10	0	18	12	6	0	0	0	1	0	0	0	0	0	0	0	1	1	1	2	4	0	2	0	0	1	0	0	2	0	0	0	0	0	1	0	0
chr9	67314728	67314862	135	9	0	135	94	41	28	4	14	6	2	0	3	2	16	3	4	0	4	1	5	0	4	1	0	3	2	2	0	4	1	0	0	1	0	5	0	18
chr9	67314865	67315169	305	9	0	305	196	109	21	16	10	17	14	8	10	11	9	4	8	11	21	8	10	17	20	5	1	10	8	10	0	4	5	4	1	8	10	4	2	16
chr9	67315170	67316154	985	9	0	985	614	371	76	42	33	48	38	29	40	55	45	19	16	23	40	31	29	48	55	25	9	32	31	16	3	23	35	13	3	23	41	19	3	40
chr9	67316155	67316174	20	10	0	20	13	7	2	2	1	0	0	0	2	0	2	0	1	0	1	0	1	0	1	0	0	1	0	0	0	0	0	0	0	0	1	0	0	3
chr9	67316175	67316364	190	9	0	190	130	60	27	9	7	12	9	0	3	11	7	5	1	5	13	5	8	6	8	7	0	4	6	4	0	8	1	3	0	0	8	4	0	7
chr9	67316365	67316444	80	10	0	80	48	32	4	2	2	7	4	2	3	2	5	2	2	2	2	1	2	5	2	1	0	3	5	3	0	2	2	1	0	1	2	5	0	4
chr9	67316445	67317071	627	9	0	627	400	227	60	22	26	39	38	13	19	23	32	5	10	24	18	19	23	28	30	11	4	14	21	11	2	16	16	12	0	18	26	15	0	30
chr9	67317072	67317142	71	10	0	71	47	24	8	1	3	3	3	1	2	3	4	2	2	4	1	1	4	4	2	1	0	2	0	0	0	3	3	0	0	0	4	2	0	6
chr9	67317160	67317711	552	9	0	552	344	208	49	27	23	26	34	14	24	22	27	10	13	19	16	7	14	17	31	9	2	16	15	5	1	15	15	12	1	16	33	10	0	27
chr9	67317712	67317756	45	10	0	45	26	19	2	0	2	3	1	0	4	2	3	1	0	1	1	5	0	0	2	2	0	1	2	0	0	2	2	1	0	1	1	1	0	3
chr9	67317757	67318068	312	9	0	312	195	117	34	9	9	23	15	7	17	9	17	8	7	10	9	4	7	10	12	7	0	9	12	6	0	10	8	5	0	5	16	9	0	16
chr9	67318069	67318099	31	10	0	31	24	7	2	1	2	4	2	0	0	0	1	0	0	2	4	1	1	4	0	0	0	1	0	0	0	0	0	0	0	1	2	0	0	1
chr9	67318100	67318142	43	9	0	43	29	14	3	3	1	3	5	1	1	3	1	0	0	4	1	1	0	2	3	1	0	1	1	0	0	0	2	0	0	0	3	0	0	1
chr9	67318144	67318330	187	9	0	187	122	65	20	7	9	12	4	5	5	7	11	1	4	5	13	4	11	4	4	5	0	8	5	3	0	4	4	3	0	7	8	2	0	10
chr9	67318331	67318404	74	10	0	74	29	45	2	1	2	1	3	3	4	0	0	1	4	5	1	1	0	0	1	3	1	1	3	3	3	6	3	6	3	2	3	3	1	2
chr9	67318405	67318507	103	9	0	103	48	55	8	1	0	5	2	6	5	3	2	2	3	2	2	2	2	2	5	6	0	0	7	4	4	5	2	6	2	4	2	4	2	1
chr9	67318508	67318610	103	10	0	103	55	48	12	1	3	3	2	4	5	4	2	2	8	2	3	1	1	0	0	2	1	5	6	1	1	2	5	3	3	5	4	4	1	5
chr9	67318611	67318860	250	9	0	250	175	75	33	13	10	20	16	5	6	10	12	5	5	7	15	5	1	11	12	7	2	7	9	1	0	2	3	0	0	1	12	4	2	12
chr9	67318866	67319535	670	9	0	670	434	236	56	28	32	35	39	18	18	30	20	17	14	23	35	11	16	40	32	17	2	23	18	7	2	15	23	10	2	11	32	8	2	32
chr9	67319536	67319624	89	10	0	89	53	36	4	4	7	1	3	5	3	3	2	2	1	3	6	4	2	1	7	5	0	3	4	2	0	3	2	0	0	2	1	2	0	5
chr9	67319633	67319809	177	8	0	177	111	66	16	3	13	10	6	0	9	4	11	2	2	7	9	2	6	11	4	1	0	2	4	4	0	9	4	5	0	9	7	5	0	10
chr9	67319840	67319894	55	8	0	55	40	15	7	2	3	5	3	0	1	0	3	2	1	1	4	0	3	4	1	2	0	1	1	0	0	2	0	0	0	0	2	1	0	4
chr9	67319915	67320134	220	8	0	220	136	84	19	8	12	12	14	3	4	12	12	3	11	6	5	3	2	8	10	2	0	5	8	7	1	3	7	2	0	7	9	8	1	14
chr9	67320147	67320349	203	8	0	203	131	72	13	7	9	17	10	3	10	7	16	3	7	11	7	2	4	5	5	4	1	5	4	1	0	3	4	0	1	5	16	3	2	16
chr9	67320391	67320665	275	8	0	275	159	116	19	11	13	13	11	6	17	11	19	7	6	6	7	4	1	6	11	6	0	11	14	12	0	7	4	5	0	7	17	10	0	12
chr9	67320683	67320946	264	8	0	264	133	131	11	9	10	7	10	12	15	8	7	4	11	2	8	7	6	5	11	12	0	9	20	9	0	15	10	11	0	9	4	11	0	9
chr9	67321026	67321311	286	8	0	286	168	118	11	10	18	7	12	7	11	9	12	8	8	5	11	9	16	13	11	7	1	15	7	7	0	8	9	4	1	14	12	5	0	16
chr9	67321389	67321453	65	8	0	65	37	28	3	1	1	4	3	3	3	3	3	1	2	2	1	2	1	2	1	3	0	3	6	2	0	1	3	0	0	1	2	4	0	2
chr9	67321516	67321613	98	8	0	98	67	31	8	4	2	7	6	1	3	6	2	0	1	6	4	4	3	9	6	1	0	2	5	1	0	0	2	2	0	2	2	2	0	5
chr9	67321645	67321736	92	8	0	92	63	29	11	0	7	7	3	3	1	3	4	2	1	1	7	4	4	5	5	2	0	2	2	0	0	4	2	1	0	1	1	2	0	5
chr9	67321770	67321888	119	8	0	119	74	45	9	4	3	10	4	1	7	5	7	1	3	3	7	5	2	2	3	2	0	6	4	7	0	2	3	2	0	1	6	2	0	6
chr9	67326224	67326277	54	8	0	54	25	29	0	1	4	3	3	2	1	1	4	3	2	0	0	0	0	0	0	4	0	2	3	2	2	1	0	1	3	1	4	1	1	3
chr9	67326445	67326545	101	8	0	101	67	34	7	5	3	9	6	1	3	1	4	3	2	3	6	0	7	5	3	1	2	3	2	0	0	4	3	1	0	2	3	4	0	6
chr9	67326670	67326727	58	8	0	58	44	14	12	2	5	5	3	0	0	0	3	0	0	2	6	1	0	5	0	1	0	2	2	2	0	1	0	0	0	0	0	2	0	2
chr9	67327360	67327412	53	8	0	53	32	21	4	2	3	0	1	1	3	0	1	3	2	1	3	2	2	3	2	0	0	6	0	2	0	3	0	0	0	0	3	2	0	2
chr9	67327482	67327590	109	8	0	109	78	31	10	7	1	10	10	2	2	5	1	2	3	3	5	4	3	8	10	0	0	5	2	1	0	0	3	0	0	1	4	2	0	3
chr9	67327614	67327678	65	8	0	65	44	21	6	2	1	6	3	0	1	1	0	3	2	1	6	2	4	6	3	2	0	2	1	2	0	3	0	0	0	0	1	3	0	2
chr9	67327694	67327939	246	8	0	246	175	71	32	4	10	21	9	4	7	10	6	7	5	6	20	6	5	21	12	3	0	6	5	2	1	4	7	3	1	3	6	4	0	14
chr9	67328053	67328107	55	8	0	55	38	17	3	2	2	4	0	1	4	2	1	2	2	1	7	1	0	4	2	1	0	4	2	0	0	0	1	1	0	0	2	0	0	4
chr9	67328118	67328208	91	8	0	91	68	23	19	2	5	8	2	0	2	3	5	0	1	0	8	3	2	7	3	0	0	2	1	0	0	2	4	2	0	2	0	2	0	4
chr9	67328277	67329295	1019	8	0	1019	557	462	43	27	48	33	37	41	53	41	41	21	42	29	31	21	15	33	48	20	7	35	48	25	4	33	29	30	7	42	47	34	4	48
chr9	67329374	67329497	124	8	0	124	82	42	13	3	8	7	5	3	3	6	5	6	3	3	8	0	3	4	6	1	0	5	4	0	0	3	2	0	0	4	6	6	0	5
chr9	67329519	67329579	61	8	0	61	42	19	5	2	3	5	2	0	2	3	3	1	1	1	5	2	1	5	2	0	0	3	1	3	0	1	1	0	0	1	3	2	0	1
chr9	67329590	67329697	108	8	0	108	74	34	11	0	5	8	3	1	2	8	1	2	2	7	8	3	5	6	4	1	0	1	3	0	0	3	4	3	0	3	3	2	0	7
chr9	67329749	67329937	189	8	0	189	120	69	24	6	5	13	9	4	7	10	6	5	5	4	9	5	5	3	6	5	0	9	7	6	0	3	7	3	0	2	10	2	0	7
chr9	67329950	67330006	57	8	0	57	34	23	2	0	5	4	3	3	0	1	4	1	2	2	2	1	2	1	1	0	0	5	3	1	0	1	0	2	0	0	3	3	0	3
chr9	67330186	67330388	203	8	0	203	140	63	35	6	13	13	9	3	6	5	12	5	7	3	11	3	1	7	6	2	0	9	6	2	0	3	4	3	0	1	7	4	0	15
chr9	67330448	67330800	353	8	0	353	245	108	38	15	12	28	20	7	5	19	12	5	8	9	23	4	10	29	19	5	0	7	9	3	0	8	9	4	0	9	14	7	2	11
chr9	67330816	67331145	330	8	0	330	190	140	25	6	21	14	14	16	11	16	17	9	11	6	9	3	4	6	10	9	2	13	10	4	2	12	16	5	1	12	21	10	3	10
chr9	67331169	67331559	391	8	0	391	180	211	15	9	14	8	14	17	24	5	11	6	21	8	6	6	11	5	7	10	3	17	18	15	6	20	20	22	7	19	15	12	4	14
chr9	67331614	67332015	402	8	0	402	243	159	41	10	15	20	15	11	18	16	12	9	10	9	19	11	12	13	20	9	2	10	18	6	1	15	11	12	0	15	11	13	1	15
chr9	67332016	67332308	293	8	0	293	210	83	21	10	11	24	14	4	5	18	11	4	7	11	21	9	6	32	14	2	0	11	6	1	0	6	6	2	0	2	15	8	0	10
chr9	67332331	67332387	57	8	0	57	33	24	3	2	2	1	2	4	3	3	3	2	3	0	0	3	1	0	4	1	0	6	2	0	0	1	0	0	0	0	5	2	0	2
chr9	67332406	67332703	298	8	0	298	203	95	33	10	11	25	14	8	6	7	8	3	6	8	24	9	11	20	14	4	1	11	7	3	2	6	3	6	3	8	10	6	0	9
chr9	67332858	67332908	51	8	0	51	19	32	1	2	0	0	1	5	2	0	1	0	4	2	0	0	0	0	0	1	1	4	1	2	4	1	4	3	2	1	3	2	1	1
chr9	67332998	67333128	131	8	0	131	67	64	2	3	9	4	2	7	6	4	8	1	8	4	6	1	1	0	5	3	2	2	4	3	0	11	4	5	0	3	6	7	0	8
chr9	67333207	67333537	331	8	0	331	215	116	29	10	7	29	14	10	6	11	10	3	11	14	21	9	10	20	13	11	1	7	18	10	0	7	2	3	0	5	8	12	3	15
chr9	67333538	67333589	52	8	0	52	29	23	4	0	4	2	1	3	2	1	3	0	2	1	2	2	0	2	3	2	0	0	3	1	0	4	1	0	0	1	0	4	0	2
chr9	67333609	67333714	106	8	0	106	68	38	7	3	2	8	5	3	5	5	3	5	0	2	5	2	2	11	7	2	0	4	3	3	0	1	3	2	0	1	5	2	0	3
chr9	67333715	67333808	94	8	0	94	65	29	5	6	2	7	5	4	1	6	3	0	0	4	7	4	3	7	6	2	1	4	2	1	0	1	3	0	1	0	5	1	0	1
chr9	67333910	67334213	304	8	0	304	187	117	21	8	6	18	6	10	9	9	6	5	9	13	19	12	11	24	10	9	5	10	9	6	5	11	3	7	3	5	12	9	3	9
chr9	67334215	67334299	85	8	0	85	38	47	5	2	0	3	0	4	5	5	2	0	4	0	2	2	2	0	1	6	0	1	6	7	1	6	5	4	0	3	2	3	1	1
chr9	67334388	67334453	66	8	0	66	44	22	3	3	4	3	2	0	4	2	3	1	1	1	5	6	1	4	4	3	0	4	1	0	0	2	1	0	0	1	2	0	0	3
chr9	67334474	67334754	281	8	0	281	220	61	44	9	9	30	12	4	2	12	10	3	4	8	27	6	9	30	14	2	0	6	1	2	0	4	4	0	0	2	11	3	0	11
chr9	67334757	67335519	763	8	0	763	503	260	53	26	26	52	30	20	20	36	27	11	16	28	48	31	20	57	30	23	12	23	23	10	1	22	16	4	2	12	37	19	1	25
chr9	67335520	67335638	119	8	0	119	81	38	12	6	7	9	7	1	2	6	7	2	2	4	6	1	2	5	3	1	2	4	1	1	0	3	4	0	0	4	8	3	2	2
chr9	67335746	67335891	146	8	0	146	71	75	8	2	0	5	3	6	10	3	2	6	7	2	2	3	6	5	5	9	0	3	8	9	1	8	1	5	1	7	8	4	0	5
chr9	67335935	67336218	284	8	0	284	201	83	40	5	7	28	10	6	8	12	14	4	7	10	17	7	6	18	10	3	1	9	6	4	2	3	3	4	0	3	17	4	1	13
chr9	67336297	67336766	470	8	0	470	277	193	39	11	14	26	17	18	20	26	23	7	8	15	11	6	12	23	22	7	4	9	13	9	4	15	26	12	4	14	20	13	4	16
chr9	67336806	67337154	349	8	0	349	185	164	20	11	15	9	9	16	22	15	19	10	8	11	7	4	4	5	17	5	5	13	21	13	0	12	9	11	1	7	15	17	0	16
chr9	67337506	67337661	156	8	0	156	95	61	12	4	8	7	7	1	5	11	6	3	3	10	5	1	6	4	5	2	0	2	7	1	0	7	6	3	0	5	6	9	0	8
chr9	67337697	67337780	84	8	0	84	56	28	6	1	5	7	5	3	1	2	7	0	2	2	2	4	7	1	3	0	0	5	0	0	0	2	2	1	0	3	5	1	0	5
chr9	67338021	67338074	54	8	0	54	30	24	4	1	2	3	2	0	2	0	1	0	3	3	3	1	2	2	0	1	0	1	2	6	0	3	0	0	0	2	1	4	0	3
chr9	67338124	67338203	80	8	0	80	37	43	4	0	2	3	2	4	5	1	3	2	5	4	0	0	0	0	1	2	2	2	4	2	2	2	4	3	2	3	4	3	2	5
chr9	67338235	67338303	69	8	0	69	40	29	7	4	1	3	3	0	2	2	3	3	3	0	2	2	2	1	2	4	1	2	3	3	1	2	0	1	0	1	2	1	2	4
chr9	67338472	67338543	72	8	0	72	52	20	5	2	3	7	2	1	2	3	3	0	1	3	7	1	3	9	1	1	0	2	1	0	0	0	3	0	0	3	3	1	0	3
chr9	67338601	67338724	124	8	0	124	63	61	4	2	3	5	0	3	12	5	6	0	6	6	3	2	1	4	3	0	0	4	8	5	0	5	5	8	0	5	4	5	0	8
chr9	67338728	67339043	316	8	0	316	171	145	18	11	11	10	17	8	17	13	9	10	12	10	6	5	5	8	18	8	0	8	12	12	1	16	10	10	1	7	15	11	2	13
chr9	67339115	67339244	130	8	0	130	70	60	13	4	3	2	5	7	2	8	3	3	11	2	1	3	2	0	7	4	2	3	3	2	0	8	4	4	0	2	8	3	4	5
chr9	67339252	67339315	64	8	0	64	39	25	3	0	2	5	2	1	3	1	1	1	5	2	4	5	1	2	1	1	1	3	1	0	1	1	2	1	0	3	3	1	0	5
chr9	67339459	67339616	158	8	0	158	85	73	8	3	7	7	8	3	6	7	4	2	8	7	5	2	0	7	6	5	0	0	9	4	1	11	4	8	1	3	5	8	0	7
chr9	67339660	67339730	71	8	0	71	40	31	2	1	5	5	5	1	1	6	3	1	2	2	3	1	1	1	3	0	0	1	3	3	0	1	4	3	0	3	3	2	0	3
chr9	67339776	67339953	178	8	0	178	104	74	12	6	12	11	15	2	6	7	10	3	5	2	3	2	3	4	7	2	0	4	5	5	0	8	9	4	0	9	9	6	0	5
chr9	67340005	67340057	53	8	0	53	31	22	0	0	0	6	1	0	2	2	2	0	1	1	3	3	4	5	1	2	0	0	1	1	1	3	3	3	0	2	0	1	1	2
chr9	67340102	67340171	70	8	0	70	49	21	5	0	3	7	1	3	1	4	4	0	0	3	5	1	2	10	2	1	0	1	2	0	0	2	3	0	0	1	2	3	0	2
chr9	67340240	67340334	95	8	0	95	63	32	9	4	3	4	3	1	2	3	2	3	5	0	6	6	9	1	4	0	0	11	0	1	0	2	1	1	0	2	5	1	0	4
chr9	67340547	67340617	71	8	0	71	43	28	3	0	4	5	1	0	4	3	4	2	4	0	4	2	2	4	1	0	0	3	3	0	0	2	2	3	0	3	2	1	0	7
chr9	67340990	67341156	167	8	0	167	104	63	16	8	10	8	8	2	10	0	5	5	4	3	12	2	5	5	5	4	0	8	5	3	0	4	4	1	0	11	6	5	0	6
chr9	67341157	67341207	51	8	0	51	35	16	17	3	1	1	2	0	4	0	2	0	1	0	1	0	0	1	1	0	0	2	1	1	0	2	4	0	0	2	0	3	0	0
chr9	67341209	67341281	73	8	0	73	43	30	4	4	3	2	4	4	3	1	2	2	4	2	3	0	2	1	7	1	0	3	0	1	1	2	2	0	0	2	3	2	1	5
chr9	67341314	67341438	125	8	0	125	86	39	9	7	2	12	9	2	3	7	6	3	0	3	7	3	3	8	10	3	1	1	3	1	1	3	3	0	0	1	5	4	0	3
chr9	67341459	67341655	197	8	0	197	143	54	35	12	6	13	7	1	3	7	9	4	5	2	15	3	12	8	7	2	0	11	4	0	0	4	0	3	0	3	7	3	0	9
chr9	67341747	67341948	202	8	0	202	100	102	7	5	4	5	7	8	8	10	5	5	13	7	2	4	6	2	3	10	2	7	12	4	1	9	6	6	4	8	13	6	3	8
chr9	67341993	67342497	505	8	0	505	339	166	60	13	20	40	24	13	10	24	16	7	12	20	31	11	14	22	20	10	2	12	17	4	0	16	15	8	0	7	19	15	0	21
chr9	67342534	67343184	651	8	0	651	326	325	21	14	18	25	25	26	45	27	21	10	31	19	12	16	11	3	21	24	0	21	40	20	1	34	32	28	1	21	30	23	0	29
chr9	67343185	67343320	136	8	0	136	102	34	13	1	3	17	4	3	3	3	5	1	7	2	13	6	4	15	1	3	0	7	2	1	0	1	2	0	0	2	8	0	0	7
chr9	67343328	67343490	163	8	0	163	133	30	26	0	4	18	7	1	1	5	5	1	3	4	9	4	3	40	3	1	0	2	3	1	0	1	3	1	0	2	5	2	0	6
chr9	67343512	67344385	874	8	0	874	516	358	91	18	22	57	24	25	36	29	31	11	32	24	43	20	23	28	19	22	6	27	35	21	9	30	29	28	12	21	31	24	9	35
chr9	67344544	67344638	95	8	0	95	38	57	1	0	2	0	2	5	8	0	0	6	8	2	0	2	2	0	4	0	1	8	4	3	0	5	3	5	3	4	4	4	4	3
chr9	67344639	67345070	432	8	0	432	197	235	29	8	7	9	6	20	20	9	10	8	30	14	7	8	9	2	10	12	7	15	15	21	15	22	13	18	12	12	17	22	6	17
chr9	67345140	67345965	826	8	0	826	464	362	58	21	14	43	26	29	38	36	17	14	37	23	35	15	22	34	33	23	4	19	36	24	5	33	29	34	7	24	31	17	8	35
chr9	67345967	67346447	481	8	0	481	325	156	50	10	22	45	24	8	11	24	24	7	10	14	29	10	6	29	14	8	3	10	13	6	1	9	16	6	0	14	25	9	6	16
chr9	67346498	67346616	119	8	0	119	90	29	22	2	6	12	5	0	4	4	7	0	2	6	6	5	3	4	3	1	0	3	1	0	0	0	2	0	0	4	7	0	0	8
chr9	67346634	67346812	179	8	0	179	116	63	15	11	11	9	12	3	3	5	4	3	1	7	15	3	5	7	7	7	1	6	5	5	1	4	4	2	1	5	8	1	1	5
chr9	67346826	67347381	556	8	0	556	339	217	36	17	15	33	15	23	22	29	18	10	12	22	31	9	14	32	33	12	0	14	18	23	2	17	16	6	1	13	22	19	1	19
chr9	67347428	67348204	777	8	0	777	396	381	44	14	32	25	22	29	39	27	31	19	36	13	18	15	14	17	31	21	4	22	34	51	7	35	22	23	0	31	30	31	5	33
chr9	67348231	67348485	255	8	0	255	131	124	13	9	8	7	10	9	13	13	10	3	11	3	4	8	3	7	7	8	0	13	9	14	2	11	16	6	2	8	13	8	2	3
chr9	67348486	67348576	91	8	0	91	65	26	10	5	4	4	4	2	2	5	3	0	2	6	6	1	1	8	6	1	0	1	2	0	0	1	2	1	0	1	4	1	0	6
chr9	67348645	67349020	376	8	0	376	242	134	37	10	12	32	25	13	12	22	16	6	4	9	13	10	4	15	17	12	1	9	16	3	0	9	17	4	0	11	22	9	1	3
chr9	67349035	67349270	236	8	0	236	154	82	22	6	6	19	8	5	9	9	7	5	3	8	15	8	9	14	10	6	0	8	7	5	0	10	6	3	0	3	8	9	0	6
chr9	67349347	67350278	932	8	0	932	507	425	48	22	37	37	33	29	51	44	40	24	32	28	23	15	23	21	35	20	1	34	44	26	4	37	31	35	3	30	47	30	4	42
chr9	67350280	67350926	647	8	0	647	353	294	49	20	17	22	29	39	32	21	14	11	21	15	15	18	11	18	44	23	2	19	31	20	3	24	20	21	4	21	25	14	5	17
chr9	67350944	67351131	188	8	0	188	118	70	13	7	5	8	3	2	12	6	7	3	2	8	10	11	7	14	10	4	1	7	6	6	1	5	3	1	0	4	4	7	0	9
chr9	67351132	67351422	291	8	0	291	194	97	26	7	8	19	9	9	9	15	15	7	8	13	11	7	7	23	13	3	1	13	9	1	0	6	6	1	1	0	14	11	4	13
chr9	67351497	67351721	225	8	0	225	147	78	21	9	7	13	7	10	7	10	11	2	3	10	11	9	6	10	13	9	0	8	9	6	0	4	0	0	1	1	12	4	1	9
chr9	67351728	67351901	174	8	0	174	127	47	23	7	5	14	13	0	2	5	4	3	2	5	9	5	3	25	7	2	0	6	6	5	0	3	1	3	0	0	6	4	0	4
chr9	67351921	67352179	259	8	0	259	177	82	38	11	12	21	20	6	2	9	10	4	4	6	13	4	4	11	13	5	1	6	10	6	0	5	7	2	0	3	7	8	1	8
chr9	67352200	67352446	247	8	0	247	172	75	22	10	9	21	10	2	9	10	11	2	6	7	18	8	7	18	10	7	0	5	7	1	0	5	6	1	0	7	8	4	0	14
chr9	67352484	67352568	85	8	0	85	41	44	8	4	1	1	6	3	4	2	1	0	8	1	0	0	0	0	2	3	0	2	5	1	0	5	5	4	3	4	3	3	1	3
chr9	67352693	67352757	65	8	0	65	25	40	1	1	1	1	1	3	4	0	1	3	5	1	1	1	0	0	1	5	0	2	4	4	2	5	2	3	0	1	2	3	4	1
chr9	67352808	67352997	190	8	0	190	140	50	20	3	6	20	7	5	4	10	12	2	1	7	10	7	4	20	8	4	0	5	5	1	0	3	1	1	0	0	12	3	0	7
chr9	67353033	67353957	925	8	0	925	609	316	97	33	60	55	41	21	32	32	65	18	20	27	42	15	14	36	43	16	0	28	25	8	1	24	13	12	0	15	45	23	3	59
chr9	67354047	67354159	113	8	0	113	45	68	0	1	3	0	4	5	8	5	0	5	4	1	0	1	4	3	2	5	0	5	12	9	0	6	5	10	0	3	3	3	0	4
chr9	67354225	67354317	93	8	0	93	40	53	0	1	5	1	3	1	5	2	3	3	5	2	1	1	3	3	0	2	0	4	5	5	2	9	1	9	0	2	5	4	0	4
chr9	67354335	67355594	1260	8	0	1260	668	592	56	25	37	54	40	45	74	60	46	29	41	36	29	23	28	44	41	52	3	26	80	39	1	65	40	53	1	38	58	42	1	51
chr9	67355595	67355952	358	8	0	358	246	112	40	13	16	29	13	6	12	15	16	6	4	10	29	12	13	12	15	8	3	11	9	1	0	5	9	2	2	9	13	4	1	18
chr9	67356114	67356415	302	8	0	302	162	140	16	5	4	16	9	6	24	10	4	6	14	7	13	5	9	13	8	6	2	5	14	4	1	14	18	14	2	20	9	9	1	12
chr9	67356464	67356821	358	8	0	358	160	198	18	12	5	7	14	16	18	3	5	9	24	9	5	6	6	3	12	13	8	10	17	10	11	20	11	18	7	12	11	17	9	10
chr9	67356899	67356987	89	8	0	89	42	47	0	1	3	1	2	5	5	5	3	4	6	2	0	2	2	0	4	5	0	3	5	0	0	5	3	3	1	3	5	2	1	6
chr9	67357015	67357183	169	8	0	169	108	61	17	5	10	11	7	0	7	7	9	5	3	4	10	4	5	3	4	2	1	7	3	3	0	7	3	5	1	3	11	3	0	7
chr9	67357226	67357741	516	8	0	516	359	157	65	15	20	40	20	9	11	27	20	5	10	12	34	15	20	35	20	8	0	16	9	5	0	15	14	9	0	13	23	7	0	17
chr9	67357771	67357978	208	8	0	208	153	55	30	8	8	17	11	2	2	10	12	3	3	4	10	6	7	19	11	2	0	6	2	1	0	6	3	1	0	0	10	5	0	7
chr9	67358016	67358351	336	8	0	336	234	102	30	10	11	32	16	9	7	16	13	5	4	7	25	13	11	23	17	5	1	14	11	0	1	6	5	7	0	6	15	6	0	8
chr9	67358480	67358601	122	8	0	122	48	74	0	1	1	1	1	5	13	5	2	2	9	2	0	2	2	0	2	3	0	5	8	2	1	9	10	10	1	7	5	5	2	4
chr9	67358624	67358746	123	8	0	123	91	32	23	1	3	13	4	3	4	2	8	1	2	1	5	7	4	8	5	2	1	4	1	0	1	2	2	2	0	0	5	0	0	7
chr9	67358862	67359117	256	8	0	256	177	79	24	10	8	16	9	6	4	17	4	3	3	8	22	12	7	23	16	7	2	6	9	3	0	6	6	3	0	3	5	5	0	7
chr9	67359130	67359586	457	8	0	457	280	177	38	13	21	28	22	14	14	12	22	9	18	6	17	11	14	20	21	15	1	10	16	12	0	18	4	7	1	16	21	12	0	22
chr9	67359630	67360360	731	8	0	731	412	319	38	16	24	37	27	31	34	27	28	17	35	27	21	8	16	25	29	15	2	26	34	23	1	27	18	14	1	21	38	32	2	35
chr9	67360371	67360889	519	8	0	519	294	225	22	12	24	22	16	14	27	24	21	13	29	13	21	13	11	11	20	11	2	19	22	10	0	17	12	16	1	17	27	11	1	38
chr9	67360920	67361541	622	8	0	622	384	238	45	24	19	33	17	17	21	29	21	11	24	13	38	20	17	33	33	15	0	24	21	14	5	21	8	13	1	14	24	19	4	22
chr9	67361575	67361719	145	8	0	145	70	75	9	2	0	5	2	4	10	1	3	6	8	3	2	4	7	3	4	5	3	4	8	4	1	8	2	8	2	6	4	4	4	7
chr9	67361730	67361793	64	8	0	64	25	39	0	1	0	1	2	5	6	0	0	1	7	1	0	0	0	0	1	3	0	3	4	2	0	3	6	2	1	3	2	3	1	4
chr9	67361819	67362295	477	8	0	477	348	129	64	12	22	43	20	9	9	17	14	5	9	16	43	13	11	40	13	8	0	18	10	3	0	10	10	4	0	8	21	8	0	15
chr9	67362310	67362446	137	8	0	137	93	44	30	3	7	7	6	5	4	2	5	4	3	1	6	3	3	2	8	2	0	5	2	1	2	3	3	1	0	4	4	4	0	5
chr9	67362536	67362633	98	8	0	98	57	41	4	3	2	8	3	4	4	6	4	3	2	2	6	2	2	2	7	3	0	2	4	5	2	1	1	1	0	2	4	2	0	5
chr9	67362650	67362801	152	8	0	152	77	75	8	3	1	6	2	6	5	4	3	3	8	6	5	4	7	4	5	5	2	4	7	8	4	6	1	7	2	4	6	5	2	7
chr9	67362916	67363354	439	8	0	439	310	129	58	14	20	32	8	11	5	28	25	6	6	10	32	13	18	22	17	7	1	19	7	6	3	6	10	2	1	3	18	7	1	21
chr9	67363374	67363533	160	8	0	160	117	43	19	4	7	16	8	1	4	6	9	3	1	3	11	6	5	12	5	1	1	7	3	1	0	1	4	0	1	3	7	3	0	6
chr9	67363564	67363749	186	8	0	186	101	85	12	6	3	10	7	8	9	3	4	3	7	5	8	5	4	6	8	7	2	4	8	6	3	7	6	7	2	5	5	4	3	7
chr9	67363761	67363917	157	8	0	157	61	96	4	3	2	2	3	5	10	3	3	5	12	3	1	3	2	0	2	4	3	6	8	8	5	7	6	9	7	6	5	7	4	7
chr9	67363935	67364052	118	8	0	118	80	38	11	9	6	6	7	3	2	6	7	1	2	1	6	2	3	7	8	2	1	3	3	1	0	0	4	0	1	3	3	1	0	7
chr9	67364071	67364226	156	8	0	156	91	65	13	4	6	7	6	6	6	3	5	1	8	4	6	3	7	4	5	4	0	5	4	4	1	6	6	2	1	9	6	5	0	7
chr9	67364256	67364463	208	8	0	208	121	87	15	3	7	14	6	8	11	5	9	4	6	8	9	5	5	5	7	6	2	5	5	7	2	9	7	1	0	7	11	9	0	8
chr9	67364517	67364651	135	8	0	135	60	75	2	1	2	3	1	7	7	4	4	7	8	3	1	1	3	5	5	5	4	2	7	9	1	9	3	4	2	1	4	9	1	8
chr9	67364677	67364945	269	8	0	269	179	90	21	9	10	21	11	4	12	9	14	5	4	10	16	10	8	14	15	5	1	7	5	3	1	5	6	3	0	5	10	4	2	17
chr9	67364954	67365413	460	8	0	460	238	222	24	6	16	16	8	12	31	20	20	16	21	10	10	7	8	11	16	11	1	13	19	20	4	23	17	14	2	15	19	21	1	26
chr9	67365459	67365831	373	8	0	373	203	170	22	7	26	15	12	12	17	13	28	12	6	8	8	5	6	5	11	14	4	7	17	13	4	17	8	10	1	9	18	13	1	22
chr9	67365919	67365972	54	8	0	54	34	20	4	1	2	3	3	1	2	2	1	1	2	0	3	2	0	5	2	0	0	3	3	3	0	0	1	1	0	2	2	2	0	1
chr9	67365986	67366348	363	8	0	363	218	145	32	14	22	14	15	6	13	14	20	9	8	8	16	7	9	10	15	7	5	9	14	14	0	10	4	7	0	15	15	10	1	18
chr9	67366373	67366636	264	8	0	264	154	110	27	6	14	9	6	4	17	8	18	3	9	6	6	4	11	5	5	3	1	8	3	5	1	11	14	6	0	16	13	7	0	16
chr9	67366638	67366823	186	8	0	186	115	71	9	4	5	15	8	3	7	10	10	3	4	8	5	6	10	7	9	3	0	4	7	2	0	6	5	3	0	6	7	7	2	9
chr9	67366852	67367980	1129	8	0	1129	657	472	73	28	45	53	42	36	41	48	39	24	40	31	45	34	37	40	46	28	7	41	48	27	5	40	33	28	3	31	40	37	5	52
chr9	67368126	67368440	315	8	0	315	202	113	22	11	9	20	19	6	9	21	14	8	11	13	6	7	6	18	19	3	0	10	10	5	0	4	9	2	1	4	17	9	3	17
chr9	67368473	67369357	885	8	0	885	592	293	85	34	43	49	50	25	21	37	38	22	11	39	38	19	30	51	49	16	2	31	26	8	1	14	15	6	1	12	43	19	0	48
chr9	67369414	67369504	91	8	0	91	47	44	2	3	4	3	4	4	5	4	4	4	3	1	2	0	2	2	7	2	0	2	5	3	0	5	0	2	0	4	3	6	0	3
chr9	67369527	67369703	177	8	0	177	77	100	3	5	9	3	9	4	10	2	8	5	13	5	0	0	0	0	6	5	1	2	5	14	2	16	8	6	0	4	6	12	1	11
chr9	67369725	67369976	252	8	0	252	120	132	4	8	9	3	9	8	19	5	7	15	10	1	4	3	10	3	12	10	0	12	9	12	0	18	11	9	1	5	9	8	1	15
chr9	67369998	67370951	954	8	0	954	383	571	10	16	19	8	20	83	77	36	18	18	27	17	5	8	16	5	46	36	8	35	61	65	12	44	80	54	7	41	29	26	7	18
chr9	67370988	67371296	309	8	0	309	189	120	23	8	15	19	11	7	15	14	17	6	12	13	13	3	2	10	10	9	0	5	13	5	0	11	2	7	0	9	22	8	0	18
chr9	67371317	67371373	57	8	0	57	35	22	4	0	2	3	1	1	3	1	1	1	2	3	3	2	3	4	3	0	1	0	0	0	1	2	1	1	0	5	2	2	0	3
chr9	67371398	67372054	657	8	0	657	410	247	54	16	43	36	25	8	24	25	46	15	28	23	23	9	16	18	19	15	1	13	19	7	2	18	13	6	1	20	31	17	4	60
chr9	67372056	67372548	493	8	0	493	318	175	51	12	29	29	21	13	14	23	16	10	8	10	33	15	8	24	23	11	4	13	21	6	0	13	14	10	0	16	14	13	0	17
chr9	67372585	67373900	1316	8	0	1316	848	468	119	51	47	88	63	34	49	40	65	24	42	39	58	26	43	59	58	30	2	45	48	15	0	33	21	15	0	30	59	35	2	74
chr9	67373966	67374103	138	8	0	138	102	36	25	7	7	9	6	1	1	3	3	4	3	6	14	1	5	6	5	2	1	5	2	1	0	3	0	0	0	0	4	3	1	8
chr9	67374134	67374566	433	8	0	433	287	146	48	14	18	29	26	8	14	24	13	9	7	17	22	8	10	20	22	8	0	9	13	5	0	5	20	6	0	10	17	5	0	24
chr9	67374567	67374698	132	8	0	132	80	52	12	8	2	9	7	7	3	5	8	0	2	3	4	2	4	3	5	5	1	6	8	7	0	0	3	0	1	2	6	4	0	3
chr9	67374710	67374783	74	8	0	74	50	24	2	1	2	6	4	3	1	8	4	2	1	3	1	0	1	10	6	0	0	0	0	0	0	0	6	0	1	1	4	0	1	4
chr9	67374803	67375597	795	8	0	795	518	277	98	32	28	41	35	17	17	42	28	11	22	26	37	28	24	31	43	19	3	23	25	12	3	25	14	7	2	13	29	26	2	30
chr9	67375628	67377339	1712	8	0	1712	975	737	117	38	56	83	61	61	88	60	45	46	60	49	72	45	33	60	78	38	14	59	70	44	7	62	57	47	12	48	65	54	13	68
chr9	67377348	67377689	342	8	0	342	217	125	23	17	10	17	11	14	9	21	10	7	4	8	23	5	12	24	22	4	3	14	13	10	2	4	9	7	0	8	11	8	1	9
chr9	67377729	67377810	82	8	0	82	50	32	7	2	4	3	4	2	4	1	2	2	7	3	2	0	1	5	2	1	0	3	0	0	0	3	2	1	1	4	6	1	1	6
chr9	67377811	67380269	2459	8	0	2459	1599	860	211	79	107	157	99	61	70	112	95	35	69	70	148	65	61	158	111	46	7	76	58	40	5	84	66	38	2	58	107	63	10	89
chr9	67380270	67382046	1777	8	0	1777	1047	730	141	60	71	77	61	54	71	71	76	43	74	36	70	35	45	60	70	44	14	64	64	38	10	61	46	35	6	49	77	56	8	88
chr9	67382087	67382317	231	8	0	231	118	113	19	5	8	6	11	10	11	3	5	8	12	1	4	3	7	4	8	12	1	5	11	5	4	12	6	9	2	11	10	6	1	9
chr9	67382330	67383021	692	8	0	692	378	314	52	20	22	22	24	27	33	22	20	17	29	21	20	12	15	21	31	14	4	27	29	15	9	22	20	26	12	18	27	20	7	32
chr9	67383023	67383900	878	8	0	878	522	356	74	27	34	38	36	35	30	29	29	15	22	32	33	27	23	37	42	25	7	30	34	20	7	28	22	18	7	17	32	27	5	34
chr9	67383948	67384080	133	8	0	133	46	87	0	1	2	2	2	3	11	1	3	5	11	1	0	2	2	0	2	1	1	7	4	5	8	6	8	9	7	8	3	7	4	5
chr9	67384081	67384600	520	8	0	520	304	216	57	14	18	25	12	15	17	18	16	8	16	13	28	14	18	14	12	18	3	18	21	13	8	25	9	20	4	11	20	15	3	15
chr9	67384650	67384861	212	8	0	212	153	59	31	13	8	14	8	3	2	9	5	4	6	3	22	5	4	15	8	6	3	8	6	1	1	1	2	0	1	3	6	3	1	8
chr9	67384904	67386070	1167	8	0	1167	746	421	111	40	58	73	50	21	45	37	66	21	32	31	54	21	26	59	46	15	3	39	41	21	3	27	24	21	4	27	42	35	4	68
chr9	67386072	67386253	182	8	0	182	88	94	26	1	2	3	3	8	10	1	2	4	13	2	2	5	4	0	4	5	3	6	8	5	5	9	5	9	6	8	5	8	2	6
chr9	67386269	67386585	317	8	0	317	171	146	17	12	18	6	9	10	15	4	17	8	17	9	9	5	5	9	10	10	3	12	13	7	2	17	3	9	2	6	12	14	5	20
chr9	67386614	67387545	932	8	0	932	526	406	53	15	39	50	41	35	31	32	35	19	35	41	28	21	22	29	30	29	5	26	39	33	9	32	21	24	8	19	49	26	4	50
chr9	67387546	67388799	1254	8	0	1254	762	492	106	46	59	61	49	26	48	55	56	25	47	31	60	25	34	33	52	20	6	44	41	29	2	39	39	23	3	35	46	39	3	70
chr9	67388801	67391115	2315	8	0	2315	1338	977	162	72	99	100	87	77	96	86	108	55	102	65	77	41	39	71	74	62	19	89	95	51	14	76	56	48	10	52	121	75	15	119
chr9	67391116	67391198	83	10	0	83	50	33	1	0	1	9	4	3	3	2	0	3	2	1	6	5	2	7	5	2	1	3	3	2	1	2	2	3	2	1	2	1	0	2
chr9	67391199	67393882	2684	8	0	2684	1547	1137	198	69	99	124	70	91	111	93	109	43	114	72	113	56	78	107	88	71	16	84	98	63	19	118	75	74	18	73	104	88	19	127
chr9	67393892	67397137	3246	8	0	3246	1909	1337	247	87	157	145	111	105	146	125	134	71	99	89	143	61	83	105	122	71	16	115	104	77	16	113	126	66	14	104	135	96	8	153
chr9	67397138	67397246	109	8	0	109	69	40	6	2	4	7	4	2	3	4	3	4	2	4	7	2	3	10	3	7	0	0	5	4	0	6	1	0	0	1	4	4	0	5
chr9	67397247	67398550	1304	8	0	1304	823	481	104	50	55	76	45	30	47	47	52	26	30	43	84	31	35	68	57	26	9	43	34	32	3	46	32	18	7	21	46	39	9	57
chr9	67398572	67398677	106	8	0	106	51	55	1	6	6	2	6	5	3	5	7	0	2	1	1	0	4	0	5	2	1	3	5	7	1	6	6	5	0	3	3	5	0	3
chr9	67398717	67398917	201	8	0	201	115	86	15	5	6	10	8	5	9	13	8	5	5	5	5	6	3	6	10	5	0	6	8	9	1	6	9	5	0	4	9	5	1	7
chr9	67398918	67401396	2479	8	0	2479	1472	1007	187	86	111	118	96	66	100	75	115	46	79	68	104	47	60	113	83	58	17	88	88	54	17	99	67	65	14	48	99	82	12	115
chr9	67401399	67401619	221	8	0	221	147	74	25	5	12	19	7	6	4	9	12	2	6	8	17	3	6	6	7	5	0	4	2	6	0	10	4	2	1	3	12	5	1	10
chr9	67401641	67401843	203	8	0	203	126	77	13	10	9	9	6	2	5	7	5	2	7	7	15	7	13	7	3	8	0	10	7	6	0	10	6	3	0	3	4	6	0	11
chr9	67401847	67402135	289	8	0	289	169	120	15	7	19	7	11	7	8	13	10	7	12	7	11	10	11	12	9	10	1	11	9	9	0	11	8	6	0	10	13	4	1	18
chr9	67402160	67406756	4597	8	0	4597	2771	1826	372	138	196	255	174	115	169	178	184	95	148	118	231	78	124	195	171	116	13	126	170	124	23	174	115	122	7	118	179	129	19	219
chr9	67406807	67407365	559	8	0	559	299	260	32	12	14	24	22	25	29	18	9	10	26	19	19	19	7	13	23	14	8	22	29	13	5	18	15	21	8	20	27	17	3	16
chr9	67407367	67408895	1529	8	0	1529	882	647	133	39	55	68	47	58	73	45	52	31	64	33	64	30	40	48	63	33	10	53	43	34	8	71	47	45	9	51	70	44	9	57
chr9	67408896	67412035	3140	8	0	3140	1857	1283	207	94	147	139	120	100	112	140	148	68	118	75	111	72	75	130	150	70	22	92	90	81	12	116	88	57	10	85	144	91	15	159
chr9	67412036	67413919	1884	8	0	1884	1143	741	178	61	82	87	64	53	70	72	81	29	65	52	86	39	48	75	79	43	8	51	63	34	14	59	40	44	14	64	77	49	10	91
chr9	67413935	67414001	67	9	0	67	21	46	0	1	0	0	0	9	4	1	0	1	1	1	1	1	0	0	6	4	0	2	5	15	2	0	3	2	1	2	1	0	1	1
chr9	67414002	67415457	1456	8	0	1456	787	669	112	42	65	45	49	45	66	39	58	28	53	32	46	33	35	38	54	31	23	40	48	47	20	65	54	48	17	50	43	54	10	64
chr9	67415498	67415585	88	8	0	88	55	33	8	7	3	4	5	5	5	1	4	2	0	1	5	1	2	2	9	1	0	5	3	0	0	2	1	2	0	1	2	3	0	2
chr9	67415586	67415621	36	8	0	36	22	14	6	0	3	0	1	1	0	1	2	2	4	1	0	0	0	0	0	0	1	2	0	0	1	0	0	0	0	0	3	1	0	5
chr9	67415622	67416244	623	8	0	623	336	287	47	16	18	23	14	21	24	23	17	14	21	21	26	13	16	21	23	15	8	18	26	20	15	18	12	27	12	19	22	17	11	23
chr9	67416245	67416282	38	9	0	38	32	6	4	1	2	5	0	2	0	1	1	0	0	0	7	1	0	6	1	0	0	3	0	0	0	0	0	0	0	0	2	0	0	0
chr9	67416283	67416821	539	8	0	539	300	239	28	18	21	23	16	21	27	21	29	10	19	10	17	14	10	15	27	16	3	17	20	21	1	24	14	12	3	13	24	17	3	23
chr9	67416822	67416854	33	8	0	33	13	20	0	0	0	0	0	1	4	0	0	2	1	0	0	2	2	0	2	1	0	2	2	1	0	1	2	2	0	3	0	0	2	1
chr9	67416855	67417958	1104	8	0	1104	570	534	57	30	30	42	36	39	55	34	35	19	52	19	31	28	29	33	33	38	10	35	55	50	12	47	40	47	7	34	36	29	11	49
chr9	67418001	67419021	1021	8	0	1021	577	444	74	29	49	46	46	23	49	28	35	18	41	20	42	24	24	28	27	26	3	38	46	23	4	47	35	36	4	40	38	35	3	38
chr9	67419077	67419366	290	8	0	290	191	99	36	9	17	14	15	4	8	6	14	5	10	6	10	7	10	18	9	9	1	6	7	4	0	8	6	3	1	10	11	3	0	21
chr9	67419398	67419841	444	8	0	444	227	217	21	10	13	10	11	25	22	18	10	8	22	12	12	14	10	8	22	15	2	18	23	15	5	16	13	13	6	16	18	15	1	18
chr9	67419938	67421042	1105	8	0	1105	672	433	75	32	31	72	53	25	34	58	41	15	40	32	42	40	24	56	46	30	5	31	42	18	12	30	38	23	6	23	44	31	9	45
chr9	67421043	67423306	2264	8	0	2264	1419	845	213	62	74	139	84	73	70	99	78	40	68	53	113	67	62	122	106	44	20	73	70	48	10	61	62	44	13	55	88	53	13	85
chr9	67423307	67427635	4329	8	0	4329	2376	1953	237	119	158	180	142	153	216	178	172	95	168	116	143	82	94	122	168	112	25	144	190	149	28	171	143	118	18	135	187	159	19	186
chr9	67427686	67431182	3497	9	0	3497	1931	1566	248	90	133	143	122	127	145	130	138	67	138	90	105	68	94	91	137	89	25	102	155	96	21	154	110	102	32	110	122	139	28	144
chr9	67431269	67431973	705	9	0	705	438	267	74	19	28	48	36	19	24	31	28	17	20	13	32	12	10	26	33	13	3	18	24	10	6	16	26	16	4	19	27	17	5	29
chr9	67431978	67432555	578	9	0	578	314	264	49	19	15	27	25	21	21	13	11	11	25	14	24	10	12	16	22	16	5	18	24	14	13	19	17	22	13	20	17	18	9	16
chr9	67432557	67435273	2717	9	0	2717	1622	1095	211	76	113	135	103	86	97	104	112	52	86	91	107	66	75	106	110	62	16	92	102	62	17	95	64	62	11	61	114	90	14	123
chr9	67435275	67438648	3374	9	0	3374	2029	1345	237	126	144	158	118	121	130	152	156	67	102	88	153	70	79	126	172	68	24	120	114	87	15	88	103	51	13	77	133	98	12	170
chr9	67439979	67440012	34	8	0	34	23	11	11	0	1	1	1	0	3	2	0	1	0	1	0	0	0	0	1	0	0	0	0	0	0	1	3	1	0	2	2	0	0	1
chr9	67449548	67449576	29	10	0	29	13	16	1	1	1	1	2	0	2	1	1	0	0	2	0	0	0	0	1	1	0	0	2	3	0	2	1	1	0	1	1	2	0	0
chr9	67450258	67451773	1516	8	0	1516	776	740	87	32	49	57	56	52	67	55	46	38	67	38	37	27	36	30	53	47	14	35	75	58	21	72	49	62	11	54	54	59	18	58
chr9	67451774	67451878	105	8	0	105	47	58	0	2	3	2	4	5	6	3	2	0	6	5	2	2	4	0	4	3	0	2	5	2	2	6	6	5	1	8	3	5	2	3
chr9	67451879	67454000	2122	8	0	2122	1244	878	134	57	92	114	81	67	84	72	84	49	73	45	99	52	54	85	88	53	6	78	82	60	11	77	51	48	10	63	84	69	13	85
chr9	67454001	67464551	10551	7	0	10551	5835	4716	695	306	334	484	342	377	525	373	387	207	387	260	395	210	254	299	443	262	76	319	416	356	75	445	359	300	89	333	399	375	64	403
chr9	67464552	67464587	36	8	0	36	14	22	0	1	1	0	1	1	4	1	1	1	0	0	0	1	0	1	2	0	1	1	1	2	0	0	4	2	3	3	1	0	0	1
chr9	67464588	67467024	2437	7	0	2437	1249	1188	127	65	106	58	85	96	128	61	83	71	109	62	61	36	66	35	90	85	12	81	137	89	16	100	64	65	20	103	79	103	18	124
chr9	67467025	67467075	51	8	0	51	28	23	2	1	2	3	1	1	1	1	3	0	1	2	2	1	4	2	1	2	0	0	1	2	1	4	0	2	0	3	2	2	1	1
chr9	67467076	67476000	8925	7	0	8925	5257	3668	660	277	342	413	312	278	366	381	354	186	306	237	366	211	245	321	394	226	38	295	330	222	47	313	257	183	35	245	356	281	40	406
chr9	67476001	67476398	398	6	0	398	245	153	32	12	14	24	24	12	10	21	15	7	4	17	11	14	17	10	21	12	2	10	14	6	0	14	14	10	0	6	18	7	2	16
chr9	67476399	67476474	76	8	0	76	40	36	0	1	1	3	2	2	3	6	2	2	6	3	1	2	2	3	4	2	0	1	5	2	0	4	1	1	0	2	3	5	0	5
chr9	67476475	67479798	3324	6	0	3324	2032	1292	255	83	123	200	122	104	124	123	133	66	111	91	152	82	98	164	131	67	17	120	107	66	16	108	92	62	16	88	143	103	15	140
chr9	67479799	67479847	49	8	0	49	31	18	7	2	1	3	1	2	1	0	2	1	1	0	3	2	4	1	3	2	1	1	0	1	1	1	0	1	0	1	1	0	0	3
chr9	67479848	67513000	33153	6	0	33153	19987	13166	2755	1030	1288	1720	1303	994	1355	1271	1321	595	1039	933	1413	762	819	1388	1365	756	179	1081	1228	676	165	1029	995	764	150	889	1335	901	150	1502
chr9	67513001	67547000	34000	5	0	34000	20196	13804	2780	986	1253	1788	1250	1056	1403	1163	1323	596	1119	895	1454	784	821	1523	1424	735	203	1060	1234	846	256	1125	939	877	232	940	1276	1003	183	1471
chr9	67547001	67549861	2861	6	0	2861	1637	1224	207	72	136	116	94	74	128	107	132	55	120	81	97	76	59	82	111	70	10	86	114	79	14	122	74	69	9	78	104	111	15	157
chr9	67607920	67607947	28	8	0	28	14	14	0	1	1	0	1	2	2	0	1	0	2	4	0	0	0	0	0	1	0	2	1	0	0	2	0	0	0	0	3	2	0	1
chr9	67608017	67608054	38	8	0	38	15	23	0	0	0	2	0	2	1	0	1	0	1	0	1	2	3	0	1	2	0	1	3	5	1	1	0	2	2	2	0	1	1	1
chr9	67608308	67608387	80	8	0	80	38	42	5	0	6	1	3	6	2	2	1	1	3	1	3	1	0	2	4	4	0	1	5	3	2	6	2	6	0	2	1	3	0	2
chr9	67608475	67608485	11	8	0	11	3	8	0	0	0	0	0	2	0	0	0	0	0	0	0	0	0	0	1	1	0	0	2	0	1	0	0	1	1	0	0	0	0	0
chr9	67608486	67608562	77	8	0	77	33	44	1	1	3	2	3	3	6	1	2	0	7	1	1	1	0	0	2	1	1	2	4	3	0	5	4	4	1	6	3	4	0	3
chr9	67608563	67608684	122	9	0	122	68	54	15	1	4	5	3	2	6	5	4	4	6	5	2	0	1	3	1	0	1	5	6	4	2	2	4	6	1	3	5	4	2	8
chr9	67608702	67609049	348	9	0	348	171	177	12	9	12	8	11	18	15	19	10	5	21	14	8	3	4	1	21	5	2	7	16	17	0	23	11	17	0	8	15	17	2	15
chr9	67609069	67609270	202	9	0	202	79	123	3	7	6	1	3	2	17	7	8	6	8	3	3	0	4	1	1	8	0	6	14	23	1	17	8	13	1	4	6	10	2	7
chr9	67609271	67609312	42	7	0	42	18	24	1	1	0	1	0	2	3	2	2	1	3	0	0	0	0	0	0	4	0	0	3	4	0	3	2	1	0	1	3	1	0	2
chr9	67609313	67609438	126	9	0	126	49	77	1	4	5	0	5	5	12	1	4	3	7	1	0	0	0	0	6	3	0	4	10	10	1	7	5	10	1	4	2	5	0	8
chr9	67609439	67609449	11	8	0	11	4	7	0	0	0	0	0	0	2	0	0	0	1	0	0	0	0	0	0	0	0	0	1	0	0	0	1	0	0	3	0	1	0	0
chr9	67609450	67609486	37	8	0	37	13	24	1	0	0	1	0	2	4	0	1	0	3	1	0	0	0	0	0	1	0	1	2	5	0	3	3	2	0	1	1	2	0	1
chr9	67609488	67609512	25	8	0	25	8	17	0	0	0	0	0	3	2	0	0	0	3	0	0	0	0	0	1	2	0	0	1	1	0	3	3	1	0	0	0	2	0	1
chr9	67609516	67609584	69	8	0	69	29	40	1	0	1	3	2	4	3	2	2	3	4	3	0	0	0	0	2	3	0	2	7	4	2	2	0	2	1	1	2	7	1	3
chr9	67609585	67609650	66	9	0	66	29	37	2	1	3	1	0	0	4	5	5	0	5	2	0	0	0	0	0	0	0	0	4	4	0	6	3	6	0	1	2	4	0	6
chr9	67609657	67609873	217	9	0	217	105	112	13	2	8	11	6	13	10	5	10	3	6	2	5	5	2	4	8	9	3	3	15	13	2	14	5	13	0	4	5	10	1	5
chr9	67609874	67609930	57	7	0	57	21	36	0	1	3	0	1	3	3	2	3	2	3	0	0	0	0	0	2	2	1	0	5	5	0	4	2	3	0	3	0	4	1	2
chr9	67609931	67609966	36	8	0	36	16	20	1	0	3	1	1	2	1	0	2	2	0	0	1	1	0	0	2	1	1	1	2	3	0	1	0	0	2	2	0	3	1	0
chr9	67609967	67610063	97	9	0	97	35	62	1	3	1	0	2	4	9	4	2	1	4	2	0	1	1	0	3	2	0	4	9	9	2	4	5	9	0	5	2	4	0	2
chr9	67610064	67610108	45	8	0	45	11	34	0	0	2	0	0	2	2	0	2	1	2	0	0	0	0	0	0	2	1	0	2	9	2	5	0	5	1	0	2	2	1	0
chr9	67610109	67610214	106	9	0	106	35	71	0	0	2	1	1	7	11	1	2	6	4	0	0	0	0	0	2	7	0	3	10	15	0	7	4	5	0	4	4	5	0	3
chr9	67610225	67610414	190	9	0	190	97	93	13	2	2	7	1	7	16	4	6	4	9	4	4	3	8	7	7	3	2	4	6	3	1	12	5	11	3	11	10	5	0	8
chr9	67610459	67610544	86	9	0	86	54	32	9	1	1	7	3	5	3	1	1	1	6	2	6	0	0	6	1	3	0	3	5	2	0	2	2	1	0	3	5	3	0	2
chr9	67610556	67610622	67	9	0	67	26	41	0	0	1	3	1	2	5	0	2	0	4	3	1	2	1	0	1	1	0	2	3	5	3	5	2	5	1	3	3	5	0	1
chr9	67610623	67610634	12	8	0	12	4	8	0	0	0	0	0	1	1	0	0	1	0	0	0	0	0	0	0	0	2	0	2	0	0	0	0	0	0	2	0	1	0	0
chr9	67610636	67610650	15	8	0	15	15	0	8	0	0	2	0	0	0	0	0	0	0	0	2	0	0	1	0	0	0	0	0	0	0	0	0	0	0	0	0	0	0	0
chr9	67610651	67610898	248	9	0	248	116	132	16	5	7	3	8	9	18	11	5	3	12	8	3	3	4	0	6	9	0	5	15	10	0	16	15	15	1	11	10	8	1	9
chr9	67610905	67611020	116	9	0	116	52	64	4	4	4	2	6	5	10	2	3	2	3	3	1	0	0	1	3	4	0	4	8	6	0	7	7	7	1	5	5	4	1	2
chr9	67611021	67611067	47	8	0	47	18	29	1	1	0	1	1	2	5	0	1	0	2	1	0	1	1	0	2	1	1	0	2	3	0	6	1	6	0	1	3	1	0	1
chr9	67611068	67611099	32	7	0	32	12	20	0	0	1	0	0	1	3	2	1	0	2	0	0	0	0	0	1	0	0	0	2	4	0	1	2	1	0	5	1	2	0	1
chr9	67611100	67611348	249	9	0	249	105	144	3	5	5	6	7	12	11	10	5	2	16	5	4	6	5	3	5	11	3	5	15	24	4	12	12	11	2	10	8	9	1	10
chr9	67611349	67611398	50	8	0	50	23	27	0	0	1	1	1	2	3	1	1	2	3	2	0	0	4	2	2	1	0	1	1	0	1	5	1	3	0	2	2	3	1	2
chr9	67611399	67611456	58	9	0	58	25	33	0	0	1	2	1	2	5	2	1	3	4	2	0	0	0	0	3	0	0	2	3	2	1	4	3	1	0	4	2	7	1	0
chr9	67611516	67611853	338	9	0	338	143	195	11	7	11	8	6	15	24	9	16	7	12	5	4	1	1	6	7	9	4	10	20	30	4	15	19	17	5	13	8	15	7	10
chr9	67611854	67611869	16	7	0	16	6	10	0	0	0	0	0	0	1	2	0	0	0	2	0	0	0	0	0	0	0	0	3	0	0	1	0	3	0	0	1	1	0	0
chr9	67611870	67611896	27	8	0	27	9	18	0	0	0	0	0	0	1	0	0	0	3	0	0	1	3	0	1	0	0	0	1	3	0	3	0	3	0	3	0	2	0	1
chr9	67611897	67611975	79	8	0	79	24	55	1	2	0	0	1	7	5	0	1	1	5	0	0	0	0	0	1	5	1	3	7	10	3	4	5	6	0	3	1	3	2	0
chr9	67611976	67612057	82	8	0	82	27	55	0	1	0	1	1	6	2	2	1	3	2	1	0	2	4	0	1	7	3	1	6	7	6	3	3	5	1	3	1	3	3	1
chr9	67612058	67612077	20	8	0	20	14	6	1	1	0	2	3	1	0	0	0	1	0	0	1	1	0	2	2	1	0	0	1	0	0	0	0	0	0	0	1	0	0	0
chr9	67612079	67612104	26	8	0	26	14	12	1	1	0	2	2	0	2	1	0	0	0	0	1	1	0	1	1	0	0	2	2	3	0	0	2	2	0	0	0	0	0	0
chr9	67612106	67612163	58	8	0	58	28	30	0	1	3	1	1	1	1	3	3	6	2	0	1	1	4	0	2	3	1	3	2	3	2	2	0	0	0	0	2	3	0	5
chr9	67612164	67612374	211	9	0	211	84	127	2	3	2	4	5	13	11	12	4	7	12	4	0	2	2	0	8	9	3	5	14	22	3	9	7	8	3	8	12	9	1	5
chr9	67612375	67612410	36	8	0	36	14	22	0	0	2	0	1	3	2	0	1	2	3	0	0	0	0	0	1	0	1	3	1	1	1	2	0	3	1	0	4	1	0	1
chr9	67612411	67612420	10	8	0	10	4	6	0	0	0	1	0	0	1	0	1	0	0	1	0	0	0	0	0	0	0	0	0	0	0	1	1	0	0	0	0	2	0	0
chr9	67612421	67612508	88	9	0	88	34	54	0	0	2	1	1	5	7	1	2	4	7	2	0	0	0	0	4	2	0	3	3	3	4	6	4	6	1	3	4	5	1	5
chr9	67612509	67612556	48	8	0	48	15	33	0	0	0	0	0	6	3	1	0	1	3	1	0	0	0	0	2	4	0	1	4	4	1	4	2	2	1	1	1	4	0	0
chr9	67612558	67612571	14	8	0	14	5	9	0	0	0	0	0	0	1	0	0	0	2	0	0	0	0	0	0	1	0	0	1	1	0	2	1	1	0	0	0	1	0	1
chr9	67612572	67612687	116	9	0	116	64	52	11	3	3	5	4	4	5	1	3	4	4	2	3	3	2	6	7	3	0	4	1	6	3	6	2	5	1	0	4	3	2	4
chr9	67612702	67612845	144	9	0	144	94	50	25	7	7	4	7	3	3	6	6	0	4	6	4	5	1	4	7	2	3	3	5	1	0	3	3	3	1	3	4	3	2	7
chr9	67612846	67612890	45	8	0	45	26	19	1	1	2	3	1	1	1	3	4	0	2	1	1	0	2	3	1	0	0	0	2	0	0	2	2	1	0	2	1	3	0	3
chr9	67612891	67612967	77	9	0	77	55	22	8	4	3	6	3	5	2	4	4	1	0	2	6	0	2	4	9	0	0	1	0	0	0	0	2	0	0	2	3	0	0	4
chr9	67612968	67613169	202	8	0	202	102	100	6	7	7	5	9	7	14	4	4	3	7	7	6	9	5	2	11	5	2	7	12	5	1	10	5	11	1	7	5	7	0	9
chr9	67613171	67613322	152	8	0	152	75	77	18	2	5	1	4	4	12	1	2	3	7	3	1	3	5	3	4	1	0	7	5	6	1	10	7	8	2	11	5	7	1	1
chr9	67613325	67613470	146	8	0	146	79	67	12	1	4	7	4	4	9	6	3	3	8	3	4	4	0	6	5	3	3	1	3	3	2	5	10	5	2	7	5	2	3	7
chr9	67613494	67613722	229	8	0	229	115	114	8	7	8	6	5	11	8	15	11	6	10	6	5	0	6	3	7	11	3	2	10	3	4	11	12	7	4	5	10	7	3	13
chr9	67613723	67613747	25	8	0	25	5	20	0	0	0	0	0	1	2	0	0	0	0	0	0	0	0	0	0	0	2	0	1	3	2	2	3	5	2	0	0	0	0	0
chr9	67613748	67613957	210	8	0	210	81	129	5	4	8	4	7	5	20	0	9	7	4	2	0	2	2	2	9	6	1	1	13	21	6	12	6	16	1	13	4	10	0	8
chr9	67613958	67614007	50	7	0	50	22	28	1	1	3	0	1	1	4	1	3	1	3	1	0	0	0	0	0	1	0	2	3	4	0	3	3	1	0	2	1	4	0	4
chr9	67614008	67614210	203	8	0	203	94	109	4	5	14	2	7	7	11	4	11	8	6	6	3	3	2	0	8	7	2	5	6	13	3	15	6	5	2	5	10	12	1	8
chr9	67614211	67614260	50	7	0	50	28	22	3	3	2	0	2	6	3	0	2	2	3	0	0	0	0	0	8	1	0	2	1	1	0	1	0	0	0	0	2	1	0	5
chr9	67614261	67614657	397	8	0	397	229	168	26	15	20	13	17	12	23	14	20	8	11	14	11	5	9	11	21	5	0	13	13	9	1	12	13	11	0	16	19	10	1	22
chr9	67614658	67614708	51	7	0	51	36	15	3	2	2	5	4	0	0	3	3	0	0	1	2	1	3	6	2	0	0	1	2	0	0	1	2	1	0	1	0	2	0	2
chr9	67614709	67615084	376	8	0	376	261	115	51	13	16	31	17	6	5	16	20	5	8	12	23	6	13	18	13	8	1	8	15	5	0	5	6	3	0	5	10	10	1	24
chr9	67615085	67615129	45	7	0	45	23	22	1	0	4	1	2	2	2	2	2	0	3	1	1	1	0	0	1	1	0	2	1	0	0	3	3	2	0	3	3	1	0	1
chr9	67615130	67615284	155	8	0	155	84	71	9	3	1	10	10	5	8	8	2	5	4	5	2	2	2	6	7	5	0	3	13	3	1	6	2	9	1	4	9	6	0	2
chr9	67615320	67615780	461	8	0	461	232	229	27	9	21	9	16	13	24	11	13	15	22	11	10	13	8	9	17	17	2	14	23	23	4	22	12	17	5	12	12	15	5	28
chr9	67615844	67615884	41	7	0	41	20	21	1	2	0	0	1	4	3	1	0	1	1	1	1	0	1	1	5	1	0	1	2	2	0	3	2	1	0	1	0	3	0	0
chr9	67615885	67616349	465	8	0	465	224	241	20	11	19	12	15	18	25	10	15	10	27	10	12	5	5	10	10	13	9	12	22	22	4	27	21	19	6	12	13	21	3	25
chr9	67616384	67616745	362	8	0	362	181	181	14	11	12	12	9	9	23	16	17	9	15	9	9	4	6	5	11	9	4	8	12	14	4	24	14	16	4	10	21	15	0	14
chr9	67616795	67617145	351	8	0	351	146	205	12	7	9	7	9	12	29	11	9	9	17	5	4	1	2	1	10	10	3	6	20	20	6	27	15	30	3	14	16	13	2	10
chr9	67617159	67618258	1100	8	0	1100	517	583	37	31	33	18	27	44	59	36	31	19	63	31	24	16	27	19	41	32	7	30	50	66	13	68	37	48	10	37	38	51	8	47
chr9	67618267	67618491	225	8	0	225	124	101	2	0	0	13	4	6	2	31	6	1	4	33	3	4	7	6	2	7	0	3	32	7	0	4	0	0	0	2	9	29	2	4
chr9	67618516	67618757	242	8	0	242	130	112	0	0	1	16	5	10	0	32	7	0	3	31	5	6	7	6	1	13	0	2	34	15	0	5	0	0	0	0	11	26	0	4
chr9	67618785	67618918	134	8	0	134	72	62	0	0	1	8	2	5	0	19	5	0	1	18	2	3	4	3	0	6	0	2	18	10	0	0	0	0	0	0	8	13	0	4
chr9	67619016	67619129	114	8	0	114	56	58	0	0	1	4	1	7	0	15	2	0	2	16	2	1	1	2	0	5	0	3	20	10	0	0	0	0	0	0	4	15	0	1
chr9	67619130	67619798	669	8	0	669	328	341	19	16	19	16	17	26	40	39	25	18	29	30	9	6	8	11	31	21	3	11	50	36	3	26	19	17	1	19	22	39	1	40
chr9	67619845	67620402	558	8	0	558	290	268	35	16	21	18	20	18	21	20	19	15	31	12	16	5	9	14	15	21	2	16	27	32	6	25	13	16	4	12	23	21	4	29
chr9	67620414	67620548	135	8	0	135	84	51	12	6	9	7	7	2	6	1	8	2	4	5	7	1	2	4	3	4	0	3	5	2	0	6	3	3	0	2	5	4	0	10
chr9	67620568	67620807	240	8	0	240	124	116	12	7	6	9	6	4	12	14	7	5	12	10	9	2	1	6	6	5	0	7	15	16	1	10	6	8	1	7	10	13	4	7
chr9	67620808	67621241	434	8	0	434	183	251	10	7	17	6	14	16	29	11	12	14	24	4	4	4	5	5	13	16	1	11	23	43	2	30	17	20	1	18	17	20	2	16
chr9	67621351	67621828	478	8	0	478	190	288	3	8	15	7	13	19	35	10	14	12	34	10	3	1	3	3	13	13	5	9	27	32	6	36	27	23	8	18	10	32	3	24
chr9	67621843	67621927	85	8	0	85	38	47	2	1	4	2	3	4	4	3	4	6	3	0	0	0	0	0	3	4	2	2	9	4	0	4	0	3	2	1	3	6	0	4
chr9	67621946	67622175	230	8	0	230	97	133	5	3	5	1	2	16	17	2	7	7	18	7	0	1	1	4	5	11	4	7	15	11	4	9	9	6	3	8	8	12	3	17
chr9	67622195	67622671	477	8	0	477	233	244	16	13	22	10	21	16	31	14	18	14	22	6	6	6	8	10	20	9	4	16	21	19	6	23	20	21	0	23	21	19	0	20
chr9	67622684	67623169	486	8	0	486	257	229	33	7	14	18	12	21	23	19	16	8	24	11	12	14	10	14	17	15	3	15	19	20	4	27	20	16	2	11	19	19	3	18
chr9	67623192	67623563	372	8	0	372	231	141	30	14	13	27	16	7	12	22	16	4	9	12	21	7	3	17	17	4	1	10	12	11	3	14	8	14	1	5	20	11	1	8
chr9	67623564	67623628	65	7	0	65	39	26	3	0	1	5	4	3	2	4	2	0	2	2	1	2	0	7	2	2	0	0	3	0	1	1	4	2	1	3	4	1	0	1
chr9	67623629	67623971	343	8	0	343	198	145	34	8	17	14	12	11	13	9	20	5	14	12	8	8	5	7	9	7	2	14	17	12	1	10	4	8	4	5	15	13	3	20
chr9	67623972	67624011	40	7	0	40	20	20	1	1	7	0	6	0	1	0	2	1	1	0	0	0	0	0	1	1	0	0	0	0	0	1	6	0	0	6	0	1	0	2
chr9	67624012	67624235	224	8	0	224	149	75	32	6	17	10	7	7	3	11	15	2	3	7	10	5	8	4	11	4	0	5	4	2	1	5	7	2	1	6	6	4	2	15
chr9	67624236	67624278	43	7	0	43	27	16	1	2	0	5	4	1	3	2	2	2	0	1	0	0	1	1	4	1	0	0	1	1	0	0	2	0	0	2	3	0	0	2
chr9	67624279	67624581	303	8	0	303	210	93	32	7	21	15	8	5	6	9	11	1	5	11	23	10	10	35	5	5	2	11	6	3	1	9	10	4	1	7	7	6	0	15
chr9	67624582	67624644	63	7	0	63	48	15	7	2	1	5	2	1	2	4	3	0	1	0	3	3	1	11	5	0	0	1	0	0	0	1	2	0	0	2	2	1	0	1
chr9	67624645	67624870	226	8	0	226	131	95	14	6	5	9	12	12	11	6	4	3	10	6	3	7	2	19	12	8	1	7	12	3	1	8	8	4	0	8	9	9	0	5
chr9	67624871	67624947	77	7	0	77	36	41	4	3	3	0	4	4	5	3	2	3	3	1	0	0	0	0	1	6	0	3	8	1	0	4	2	3	0	3	5	3	0	1
chr9	67624948	67625322	375	8	0	375	188	187	16	11	5	11	14	25	21	12	6	6	19	7	7	10	7	10	21	15	3	13	21	14	2	15	15	11	3	15	16	12	2	8
chr9	67625332	67625472	141	8	0	141	89	52	7	4	6	8	6	8	3	5	6	2	2	2	6	5	7	11	5	3	0	11	3	2	0	5	6	2	1	1	7	3	1	1
chr9	67625473	67625575	103	7	0	103	55	48	3	4	3	4	3	2	5	2	3	2	6	2	5	1	5	3	1	3	0	5	8	2	0	7	2	4	0	2	1	8	0	5
chr9	67625576	67625712	137	8	0	137	70	67	6	4	7	4	9	5	4	7	2	8	5	2	3	1	1	1	5	10	0	3	11	7	0	7	3	0	0	3	6	8	0	3
chr9	67625748	67626215	468	8	0	468	294	174	32	18	17	25	17	14	20	15	19	8	16	14	24	9	12	32	20	9	1	20	16	10	1	12	14	3	0	11	16	17	2	22
chr9	67626220	67626405	186	8	0	186	92	94	22	4	3	4	7	9	15	2	3	4	10	1	1	1	3	1	7	4	0	7	10	6	3	7	10	10	1	11	6	6	0	6
chr9	67626406	67626475	70	7	0	70	32	38	1	2	2	0	1	3	3	2	1	2	3	6	1	1	2	0	1	4	2	1	3	2	2	5	1	3	1	1	4	3	1	4
chr9	67626476	67626679	204	8	0	204	111	93	11	3	15	4	4	11	8	6	11	3	6	6	6	4	2	10	6	6	2	7	8	7	3	7	4	9	0	7	11	4	1	10
chr9	67626720	67626868	149	8	0	149	72	77	6	2	1	6	4	7	12	6	2	0	9	3	3	4	6	1	2	5	0	6	8	4	0	7	11	6	0	12	8	3	0	3
chr9	67626887	67627750	864	8	0	864	508	356	52	28	19	42	36	38	28	47	19	17	22	23	35	31	30	40	44	35	1	34	52	23	3	24	21	18	0	19	32	25	2	22
chr9	67627785	67628158	374	8	0	374	199	175	31	10	12	16	21	14	23	3	9	8	16	7	9	5	10	4	13	16	0	8	18	5	2	22	17	16	2	15	13	10	2	15
chr9	67628159	67628192	34	6	0	34	27	7	6	2	3	1	2	1	0	1	1	0	0	0	5	1	0	2	3	0	0	1	0	0	0	0	1	0	0	1	0	0	0	1
chr9	67628193	67628564	372	8	0	372	220	152	26	15	11	14	17	7	14	18	11	4	16	15	12	12	9	17	18	8	1	11	17	8	2	11	9	14	1	6	12	8	4	22
chr9	67628565	67628613	49	6	0	49	29	20	7	0	2	2	1	2	1	4	1	0	0	2	1	1	2	2	0	2	0	1	4	1	0	1	3	2	0	3	1	1	0	0
chr9	67628614	67628676	63	8	0	63	27	36	0	1	0	2	1	2	6	0	2	0	7	4	0	0	0	0	0	2	0	1	1	0	1	8	4	4	0	2	5	4	1	3
chr9	67628714	67629013	300	8	0	300	143	157	14	6	6	10	13	15	21	1	5	4	18	12	4	4	7	3	6	11	2	9	18	7	2	18	12	17	2	13	14	10	2	12
chr9	67629016	67629230	215	8	0	215	113	102	22	6	5	7	10	6	9	7	3	0	15	5	5	5	5	1	4	6	1	6	13	8	0	11	11	11	1	7	4	7	2	10
chr9	67629231	67629783	553	8	0	553	326	227	36	19	12	34	36	19	23	20	20	9	17	11	9	26	14	21	36	16	3	18	19	11	2	22	18	14	1	9	24	13	2	17
chr9	67629797	67630427	631	8	0	631	359	272	55	17	26	30	33	25	19	19	18	11	19	17	22	13	13	22	24	18	10	14	30	25	1	22	19	22	4	17	23	14	3	24
chr9	67630430	67630670	241	8	0	241	122	119	17	8	2	6	9	10	15	8	4	6	16	4	4	4	6	2	6	12	1	9	13	5	1	15	11	10	0	5	12	8	0	10
chr9	67630735	67630840	106	8	0	106	70	36	16	5	3	9	8	4	0	4	4	0	2	1	4	1	2	5	4	4	0	2	5	4	0	4	3	3	0	0	4	2	0	1
chr9	67630852	67630997	146	8	0	146	67	79	3	2	3	5	6	10	12	0	2	3	10	3	2	3	3	0	3	6	1	8	8	4	1	6	10	3	1	8	6	5	1	6
chr9	67631027	67631116	90	8	0	90	44	46	1	2	4	2	4	3	6	1	2	1	3	4	2	3	3	2	1	2	0	5	7	1	1	4	3	8	0	3	3	2	1	4
chr9	67631144	67631201	58	8	0	58	40	18	5	0	2	7	2	0	1	5	2	0	2	3	5	1	0	4	0	1	0	0	3	1	0	1	2	1	0	1	3	1	0	3
chr9	67631202	67631599	398	8	0	398	213	185	35	8	14	15	19	20	20	10	12	3	14	18	5	8	6	5	11	14	4	10	21	7	1	19	17	16	3	14	20	12	4	11
chr9	67631602	67632340	739	8	0	739	453	286	77	35	23	36	36	24	32	17	23	13	19	19	35	16	19	28	42	18	2	26	24	18	4	24	14	16	3	20	29	18	3	24
chr9	67632389	67632620	232	8	0	232	110	122	7	5	2	5	6	14	13	8	3	4	18	4	3	6	5	6	9	12	0	8	14	4	3	13	11	8	1	10	7	10	4	7
chr9	67632623	67632973	351	8	0	351	176	175	28	6	7	14	11	14	17	9	5	9	19	8	10	5	6	7	9	9	5	11	13	9	11	15	15	20	6	11	14	10	4	12
chr9	67632974	67633616	643	8	0	643	397	246	55	16	26	37	26	22	29	20	27	12	21	20	26	20	17	21	24	14	4	28	17	8	4	13	18	8	5	23	38	12	1	29
chr9	67633622	67634419	798	8	0	798	377	421	32	13	21	26	23	41	40	15	19	22	36	22	18	14	15	19	36	21	9	24	34	30	27	27	25	33	23	32	24	34	11	30
chr9	67634429	67635212	784	8	0	784	384	400	40	22	31	17	28	41	41	19	24	17	33	14	17	9	14	16	43	24	2	20	35	39	8	44	31	32	9	24	20	32	5	31
chr9	67635249	67635995	747	8	0	747	421	326	57	19	38	37	41	18	26	25	32	17	21	22	20	10	16	20	26	18	1	19	35	35	5	29	19	22	2	23	31	29	2	30
chr9	67636076	67636085	10	6	0	10	5	5	1	1	0	0	1	0	0	0	1	0	0	0	0	0	0	0	0	1	0	0	0	1	1	0	0	0	0	0	1	0	0	0
chr9	67636086	67636137	52	7	0	52	24	28	0	0	2	2	2	2	3	4	2	1	2	0	0	2	2	0	2	1	0	2	4	1	0	3	3	4	0	1	1	1	0	3
chr9	67636138	67636226	89	6	0	89	50	39	11	3	3	3	4	1	3	1	3	5	4	0	2	1	3	2	2	4	1	3	4	2	2	3	0	3	0	1	3	1	3	6
chr9	67636227	67636286	60	8	0	60	24	36	1	1	1	1	2	3	5	2	0	0	3	3	1	1	0	0	2	1	0	2	4	4	1	3	5	5	0	2	1	2	1	1
chr9	67636295	67636390	96	8	0	96	49	47	4	1	4	2	2	1	6	3	3	4	1	5	3	1	4	4	2	3	0	1	4	6	1	6	1	4	0	5	5	4	1	3
chr9	67636391	67636436	46	6	0	46	19	27	0	1	1	1	1	2	2	1	0	1	4	2	2	0	0	0	0	1	0	3	4	7	0	3	0	0	0	0	2	5	0	1
chr9	67636437	67636767	331	8	0	331	177	154	16	10	11	16	12	9	11	13	13	4	16	11	12	6	8	8	11	10	3	5	16	18	1	19	5	9	1	11	12	17	3	12
chr9	67636778	67636824	47	6	0	47	19	28	3	1	1	1	2	1	4	0	1	1	2	1	0	0	0	0	1	1	0	1	2	8	0	2	1	3	0	3	3	0	0	2
chr9	67636825	67636922	98	8	0	98	50	48	0	1	2	4	3	6	8	2	4	3	1	6	0	2	4	4	3	5	0	3	6	3	0	2	5	0	0	5	5	2	2	5
chr9	67636933	67636996	64	8	0	64	35	29	4	2	3	2	4	4	3	1	3	1	3	1	0	1	1	2	4	3	0	1	4	1	0	2	1	2	0	1	3	0	0	5
chr9	67636997	67637027	31	6	0	31	19	12	5	3	0	1	2	1	1	1	2	0	2	0	0	0	0	0	2	1	0	1	2	0	0	1	0	0	0	0	1	2	0	1
chr9	67637028	67637164	137	8	0	137	80	57	12	2	0	9	6	4	5	6	2	2	13	4	4	4	1	5	2	5	0	5	7	4	0	4	2	1	1	4	9	5	1	6
chr9	67637180	67637294	115	8	0	115	70	45	7	2	5	6	2	7	6	3	4	1	4	3	6	2	5	5	4	2	0	6	3	0	0	4	5	4	0	5	6	1	0	5
chr9	67637416	67637621	206	8	0	206	105	101	19	4	2	8	8	11	13	1	5	5	12	3	2	2	4	4	5	9	0	8	10	6	4	10	9	10	1	4	10	5	1	9
chr9	67637622	67637649	28	6	0	28	13	15	0	1	0	0	1	1	3	0	0	1	2	2	0	0	0	0	0	3	0	1	2	0	0	2	1	0	0	1	3	1	0	1
chr9	67637650	67637870	221	8	0	221	105	116	8	4	7	6	11	6	14	8	3	3	9	9	3	3	3	7	5	5	0	6	15	8	2	15	14	14	0	8	6	13	0	4
chr9	67637871	67637902	32	6	0	32	13	19	1	0	1	1	1	1	2	0	0	0	2	1	1	1	0	0	1	0	0	1	1	2	2	3	1	2	0	1	1	3	0	0
chr9	67637903	67638007	105	8	0	105	61	44	8	1	6	3	0	5	3	1	4	1	3	4	6	2	8	4	1	3	0	5	1	3	2	7	4	4	0	2	3	3	0	6
chr9	67638008	67638154	147	6	0	147	102	45	13	3	5	14	8	2	3	6	5	2	5	6	9	3	6	12	4	1	0	5	2	1	0	3	6	1	0	3	7	3	0	7
chr9	67638155	67638213	59	8	0	59	49	10	7	3	2	10	4	0	0	1	3	0	0	1	8	0	1	8	2	1	0	0	1	0	0	0	1	0	0	1	1	0	0	2
chr9	67638219	67638272	54	8	0	54	40	14	10	1	4	4	3	0	0	0	4	0	2	3	2	1	2	3	0	0	0	2	1	0	0	1	0	0	0	0	2	2	0	5
chr9	67638295	67638375	81	8	0	81	53	28	3	3	1	8	2	3	1	2	5	1	2	1	5	1	5	9	4	3	0	1	3	3	0	4	0	0	0	0	2	4	0	3
chr9	67638376	67638488	113	8	0	113	67	46	10	3	3	4	4	5	6	4	1	3	4	2	5	3	2	6	7	5	0	2	5	4	0	3	4	2	0	4	3	1	0	6
chr9	67638489	67638614	126	6	0	126	121	5	43	0	0	23	1	0	1	1	0	0	1	1	22	0	0	27	0	0	0	0	0	0	0	0	2	0	0	0	0	0	0	2
chr9	67638615	67638687	73	8	0	73	36	37	2	1	5	1	5	0	3	2	3	2	3	3	0	0	1	3	1	0	0	2	4	4	0	5	2	4	1	3	3	5	1	2
chr9	67638688	67638932	245	6	0	245	163	82	29	4	10	23	13	7	7	5	9	6	5	4	15	4	5	16	9	1	2	8	7	6	0	6	6	6	0	6	10	6	0	8
chr9	67638935	67639020	86	8	0	86	48	38	10	0	3	2	2	5	5	2	2	2	5	4	2	1	1	0	2	2	0	4	5	1	0	1	4	2	1	3	4	2	1	6
chr9	67639021	67639118	98	6	0	98	51	47	5	1	3	6	2	3	6	2	5	0	4	1	2	4	5	1	4	2	0	2	3	2	1	8	4	6	1	3	2	3	0	5
chr9	67639119	67639168	50	8	0	50	29	21	10	2	2	0	3	0	3	1	2	0	3	1	0	0	0	0	1	0	0	2	2	1	0	1	3	2	1	2	1	1	1	3
chr9	67639169	67639308	140	6	0	140	75	65	6	3	4	7	5	5	9	3	5	3	9	1	4	2	5	3	2	4	0	8	5	4	0	6	8	3	0	6	7	4	0	7
chr9	67639309	67639764	456	8	0	456	221	235	24	11	12	9	20	19	34	9	6	10	24	8	7	9	6	12	16	18	0	15	30	9	3	29	18	34	0	14	18	11	1	18
chr9	67639766	67639936	171	8	0	171	96	75	23	3	4	5	8	10	9	2	2	3	8	5	2	5	3	2	8	7	0	6	5	4	4	5	5	5	0	8	11	2	0	5
chr9	67639983	67640476	494	8	0	494	287	207	41	12	21	21	14	11	21	19	13	8	23	18	28	9	9	18	11	13	2	14	22	10	2	24	13	14	3	16	19	21	3	19
chr9	67640477	67640509	33	6	0	33	18	15	1	1	2	2	1	2	1	2	3	1	0	0	0	0	0	0	1	1	2	1	1	2	0	1	2	0	0	0	2	1	0	1
chr9	67640510	67640897	388	8	0	388	216	172	20	11	10	14	13	16	21	19	8	8	14	15	14	9	15	8	20	5	6	13	17	6	1	11	15	13	0	18	17	10	1	18
chr9	67640899	67640935	37	6	0	37	17	20	1	0	1	1	1	2	1	0	1	1	3	3	0	0	0	0	0	1	1	1	3	0	0	2	0	3	0	1	3	1	3	1
chr9	67640936	67641568	633	8	0	633	376	257	75	18	25	20	23	24	28	15	21	14	20	12	18	12	25	25	25	20	1	22	25	15	1	25	18	18	0	19	22	13	0	32
chr9	67641590	67641847	258	8	0	258	122	136	10	4	5	8	9	12	18	10	4	6	11	8	4	5	5	2	6	11	2	9	20	9	0	13	12	12	1	11	11	11	1	6
chr9	67641848	67642469	622	8	0	622	343	279	47	19	15	22	32	24	29	16	8	11	31	15	17	17	21	17	27	22	0	22	31	14	2	28	23	20	1	24	20	19	3	23
chr9	67642499	67643773	1275	8	0	1275	728	547	107	37	60	47	51	37	58	39	59	22	49	24	34	31	35	38	51	30	5	41	50	37	2	56	36	34	3	47	48	43	4	58
chr9	67643815	67643917	103	8	0	103	73	30	22	0	17	2	1	2	1	1	19	0	3	2	0	0	1	1	0	1	0	1	1	1	0	1	0	0	0	0	4	0	0	20
chr9	67643973	67645064	1092	8	0	1092	587	505	84	26	48	37	37	42	52	32	39	20	43	25	35	21	21	24	34	38	6	31	54	34	9	56	34	45	5	32	41	36	4	45
chr9	67645065	67645611	547	8	0	547	270	277	45	13	18	14	17	22	26	10	15	8	26	9	14	12	9	11	13	18	5	19	25	16	12	24	27	20	19	20	10	22	10	16
chr9	67645659	67646178	520	8	0	520	246	274	19	12	13	18	19	19	25	20	11	9	29	14	13	8	11	6	15	16	3	14	25	12	12	23	23	29	15	23	20	16	8	18
chr9	67646179	67647695	1517	8	0	1517	926	591	160	58	60	85	65	44	61	47	73	26	34	33	65	29	35	49	59	36	12	50	55	43	6	50	51	28	6	29	52	47	6	61
chr9	67647735	67647791	57	8	0	57	42	15	8	2	5	4	2	0	1	3	6	1	0	2	3	1	2	1	2	0	0	2	1	0	0	0	0	0	0	0	2	1	0	6
chr9	67647792	67648429	638	8	0	638	353	285	55	13	16	26	25	27	33	17	11	16	31	17	21	14	15	14	24	19	3	24	34	19	1	24	17	23	5	17	27	17	1	30
chr9	67648439	67650398	1960	8	0	1960	1046	914	110	44	66	82	66	85	98	66	65	58	80	56	61	30	37	40	89	66	9	53	95	79	9	89	55	49	17	45	76	78	11	94
chr9	67650401	67651721	1321	8	0	1321	747	574	96	37	47	71	53	43	55	42	54	25	51	35	49	26	19	42	47	40	5	39	57	42	12	55	32	39	12	29	57	45	13	50
chr9	67651733	67652967	1235	8	0	1235	762	473	112	38	57	50	46	46	45	38	41	11	42	30	58	39	27	80	58	30	4	42	43	24	4	39	39	24	2	39	35	32	6	52
chr9	67653009	67654098	1090	8	0	1090	649	441	77	34	44	46	43	43	42	33	41	28	39	27	39	22	29	60	48	31	5	43	42	29	3	35	31	11	1	27	41	38	7	49
chr9	67654099	67654533	435	8	0	435	210	225	30	7	7	14	15	20	23	11	10	8	26	11	5	6	11	4	5	18	4	14	23	22	9	17	20	20	3	15	21	11	2	21
chr9	67654534	67654730	197	8	0	197	143	54	28	4	12	16	4	2	4	8	11	2	4	7	17	4	3	16	6	2	0	3	3	2	0	7	2	1	0	3	7	7	0	10
chr9	67654731	67656927	2197	8	0	2197	1277	920	186	59	59	116	89	77	99	68	56	40	89	63	91	42	46	95	81	62	7	68	98	51	17	80	62	75	10	61	92	58	14	84
chr9	67656928	67658034	1107	8	0	1107	711	396	78	32	40	63	45	42	29	50	43	14	35	32	47	34	38	87	58	23	3	38	35	13	1	31	28	16	1	25	45	28	3	48
chr9	67658069	67658115	47	8	0	47	22	25	2	0	0	2	1	1	5	2	0	0	3	4	1	1	0	0	1	1	0	0	2	1	0	4	2	3	0	2	3	2	0	2
chr9	67658116	67658141	26	8	0	26	11	15	1	0	2	0	1	2	1	2	1	0	1	0	0	0	0	0	0	1	0	0	3	0	0	0	2	2	0	4	1	0	0	0
chr9	67658178	67658301	124	8	0	124	92	32	19	3	6	13	4	1	0	9	8	1	3	4	9	2	1	8	3	2	0	1	3	0	0	4	2	0	0	0	6	5	0	5
chr9	67658414	67659298	885	8	0	885	494	391	57	21	23	37	30	35	45	36	16	12	41	30	35	22	21	31	30	22	4	34	51	12	2	39	35	40	2	21	31	30	2	36
chr9	67659326	67659483	158	8	0	158	82	76	10	3	2	8	6	10	8	1	2	2	9	6	4	3	4	3	5	7	1	5	9	4	0	10	4	7	2	3	7	5	1	5
chr9	67659492	67659628	137	8	0	137	72	65	19	4	5	1	4	6	8	1	3	2	5	5	2	3	2	1	3	7	0	4	8	5	1	7	4	4	2	4	4	5	1	5
chr9	67659629	67659679	51	9	0	51	26	25	2	1	0	4	2	3	3	2	1	0	1	1	2	3	0	1	4	2	0	1	3	1	1	2	2	3	1	0	0	2	0	1
chr9	67659703	67659769	67	8	0	67	25	42	0	2	1	2	3	4	4	0	1	1	4	2	0	0	0	0	0	4	0	3	3	5	3	3	6	2	2	2	2	2	3	1
chr9	67659825	67660014	190	8	0	190	132	58	23	10	2	13	8	11	5	11	6	1	1	4	10	11	3	12	19	7	0	6	7	2	0	2	1	0	0	1	8	2	0	2
chr9	67660015	67660171	157	8	0	157	103	54	12	8	7	12	7	2	8	6	7	6	1	5	13	4	0	5	9	4	1	6	4	4	0	1	2	0	1	1	7	2	2	8
chr9	67660172	67660332	161	8	0	161	86	75	6	2	5	7	4	9	5	7	4	1	4	6	6	4	6	10	8	5	0	2	9	10	0	9	3	9	0	3	5	4	0	6
chr9	67660355	67660407	53	9	0	53	30	23	8	1	1	3	4	1	3	1	2	2	3	0	0	0	0	0	2	0	0	1	2	1	0	1	3	2	1	2	2	1	1	3
chr9	67660408	67660513	106	8	0	106	50	56	0	2	4	2	4	7	6	2	3	0	7	3	2	1	4	1	2	4	0	5	7	4	0	5	5	3	0	8	5	5	0	3
chr9	67660515	67661128	614	8	0	614	377	237	47	14	23	40	26	17	19	29	26	12	24	17	26	14	16	26	24	16	3	13	19	12	0	28	18	9	0	15	30	22	1	26
chr9	67661129	67661188	60	8	0	60	41	19	7	2	4	4	2	3	2	1	2	0	3	3	5	1	0	0	5	0	0	2	0	0	0	2	1	0	0	1	2	2	0	4
chr9	67661196	67661247	52	8	0	52	37	15	6	1	2	5	0	0	2	3	4	0	3	2	3	1	0	4	0	0	0	2	1	0	0	1	1	0	0	1	3	2	0	3
chr9	67661287	67662247	961	8	0	961	585	376	66	30	26	54	37	32	40	40	30	19	36	26	43	21	29	55	41	17	3	41	36	16	2	34	25	24	0	25	47	31	3	30
chr9	67662279	67662571	293	8	0	293	166	127	16	7	16	11	8	7	13	12	16	3	11	10	11	9	5	9	14	8	1	3	9	13	0	17	10	6	0	6	7	12	1	20
chr9	67662602	67663508	907	8	0	907	585	322	88	26	30	64	35	28	35	26	31	12	32	26	54	28	19	50	34	23	4	33	24	17	2	30	22	12	0	20	44	21	2	33
chr9	67663540	67663969	430	8	0	430	296	134	31	9	18	36	19	4	11	20	15	10	8	13	29	16	15	41	15	6	0	18	14	6	0	8	7	3	0	10	17	13	0	16
chr9	67663970	67664000	31	9	0	31	18	13	2	1	0	3	2	2	1	1	2	1	1	2	0	0	0	0	2	0	0	1	2	0	0	0	0	0	0	0	2	3	0	1
chr9	67664001	67664752	752	8	0	752	470	282	50	21	34	36	30	22	28	41	28	12	20	25	33	23	22	44	35	13	1	29	28	13	0	14	32	10	1	19	26	18	0	42
chr9	67664791	67665509	719	8	0	719	420	299	51	19	21	37	30	24	35	32	20	8	27	20	26	19	16	33	32	19	3	16	32	16	0	27	28	22	1	27	29	18	0	29
chr9	67665559	67665868	310	8	0	310	193	117	32	4	22	18	11	5	9	17	20	8	5	10	13	5	5	9	7	6	0	9	13	9	0	10	6	5	1	6	15	11	1	16
chr9	67665869	67665907	39	8	0	39	28	11	7	2	1	3	1	1	2	1	3	0	0	1	1	1	1	1	4	0	0	1	1	0	0	1	0	0	0	0	0	2	0	2
chr9	67665908	67666004	97	9	0	97	66	31	5	5	2	7	5	5	1	5	5	0	3	4	4	2	5	7	7	1	0	4	1	1	0	2	1	0	0	1	7	2	0	3
chr9	67666005	67666163	159	8	0	159	109	50	16	1	3	13	8	4	1	13	3	1	3	10	5	8	3	16	11	2	0	1	1	3	1	7	4	2	0	0	10	5	0	2
chr9	67666164	67666215	52	9	0	52	21	31	0	2	0	1	1	3	3	1	2	1	3	2	0	1	1	0	5	2	0	0	2	6	1	4	1	0	0	1	0	5	0	2
chr9	67666216	67666297	82	8	0	82	41	41	0	1	2	2	1	4	8	1	3	1	4	6	2	1	0	3	1	4	0	2	4	1	0	7	2	2	0	4	7	5	0	2
chr9	67666335	67666838	504	8	0	504	308	196	36	13	27	28	22	14	12	18	21	6	13	14	25	14	18	25	17	10	3	17	19	17	0	17	11	11	0	20	19	15	3	17
chr9	67666874	67666952	79	8	0	79	38	41	5	1	4	3	5	4	4	5	2	2	2	0	0	0	0	0	3	2	0	2	6	3	0	4	7	5	0	2	2	3	0	1
chr9	67666994	67667161	168	8	0	168	75	93	3	1	6	4	4	7	13	6	6	4	10	5	1	2	2	1	2	5	1	6	7	7	0	10	9	10	3	6	12	3	2	8
chr9	67667162	67667200	39	8	0	39	19	20	0	1	4	0	1	3	1	2	4	0	2	0	0	0	0	0	2	1	1	1	2	0	1	1	1	1	0	2	1	2	0	3
chr9	67667201	67667641	441	8	0	441	230	211	23	13	20	15	19	18	25	11	20	7	18	6	9	8	7	10	18	15	1	12	21	10	4	24	23	15	0	16	12	19	3	17
chr9	67667642	67667677	36	9	0	36	21	15	5	0	2	2	3	4	0	0	1	2	0	1	0	0	0	0	2	0	2	2	0	0	0	0	3	0	1	0	2	0	2	0
chr9	67667678	67667907	230	8	0	230	111	119	12	7	3	7	7	12	15	9	7	4	8	2	3	5	3	5	10	13	1	4	14	5	3	14	11	12	4	7	8	6	2	5
chr9	67667908	67667945	38	9	0	38	18	20	1	1	1	2	4	2	1	1	0	0	3	1	0	0	0	0	0	1	0	2	2	1	0	1	5	2	0	1	1	1	0	2
chr9	67667946	67668247	302	8	0	302	185	117	23	10	12	14	16	8	12	14	4	8	9	11	16	8	7	13	9	7	2	15	13	4	0	6	11	7	0	9	17	5	0	10
chr9	67668248	67668314	67	9	0	67	41	26	5	1	3	3	3	2	3	5	5	2	1	1	0	2	3	1	2	1	0	4	1	0	0	1	5	0	0	3	5	1	0	2
chr9	67668315	67668457	143	8	0	143	92	51	11	7	5	10	8	4	4	3	9	1	4	4	5	4	5	7	6	4	0	6	6	2	0	4	2	1	0	1	5	6	0	7
chr9	67668458	67668522	65	9	0	65	47	18	5	3	4	4	4	1	0	3	4	0	1	1	3	1	1	11	2	1	0	2	1	0	0	1	2	0	1	1	2	1	1	2
chr9	67668523	67668566	44	8	0	44	42	2	1	1	0	6	0	0	0	1	0	0	0	0	8	1	0	23	1	0	0	0	0	0	0	0	0	0	0	0	0	0	0	0
chr9	67668567	67668584	18	8	0	18	18	0	0	0	0	3	0	0	0	0	0	0	0	0	3	0	0	10	0	0	0	0	0	0	0	0	0	0	0	0	0	0	0	0
chr9	67668589	67668602	14	9	0	14	13	1	0	0	0	1	1	0	0	0	0	0	0	0	0	1	0	8	1	0	0	0	0	0	0	0	0	0	0	0	0	0	0	0
chr9	67668603	67668635	33	8	0	33	33	0	0	0	0	7	0	0	0	0	0	0	0	0	7	0	0	17	0	0	0	0	0	0	0	0	0	0	0	0	0	0	0	0
chr9	67668636	67668699	64	8	0	64	61	3	2	0	0	11	1	0	0	2	0	0	0	1	12	2	0	28	2	0	0	0	0	0	0	0	0	0	0	0	1	0	0	0
chr9	67668700	67669074	375	8	0	375	247	128	25	10	19	28	16	8	8	15	17	5	6	11	24	6	9	38	12	5	2	10	14	9	0	9	8	6	2	12	14	12	2	11
chr9	67669077	67669120	44	9	0	44	20	24	1	0	1	1	0	0	3	1	1	2	3	2	1	2	1	0	1	0	1	2	1	3	1	2	0	2	0	2	2	2	2	2
chr9	67669121	67669273	153	8	0	153	83	70	9	6	3	10	7	4	7	8	4	1	4	6	7	1	2	2	2	7	0	4	12	5	3	4	9	5	1	3	3	7	0	5
chr9	67669274	67669308	35	9	0	35	26	9	7	1	1	3	2	0	0	0	0	1	1	0	2	2	3	1	2	0	0	2	0	0	0	1	0	0	0	2	0	1	0	1
chr9	67669310	67669371	62	8	0	62	30	32	0	0	0	4	2	2	5	4	1	0	4	2	1	1	2	2	1	0	0	2	2	0	0	5	6	5	0	3	3	2	0	1
chr9	67669423	67669712	290	8	0	290	122	168	8	5	8	4	8	22	15	11	8	6	11	10	1	1	1	3	13	10	6	5	18	13	6	14	13	15	9	10	12	13	3	6
chr9	67669763	67672351	2589	8	0	2589	1425	1164	196	69	107	134	91	62	100	64	118	47	125	57	102	46	55	51	72	60	11	81	107	147	22	120	50	67	16	63	88	122	15	122
chr9	67672352	67672377	26	9	0	26	11	15	2	0	3	0	0	1	0	0	3	1	1	0	0	0	0	0	0	0	1	1	1	3	0	2	0	0	0	0	0	4	0	1
chr9	67672378	67672459	82	8	0	82	42	40	4	6	3	1	5	3	3	0	4	1	3	2	1	2	2	1	5	4	0	3	3	5	1	5	0	2	0	2	3	3	1	2
chr9	67672461	67673488	1028	8	0	1028	560	468	41	40	44	28	38	28	46	26	33	22	47	27	40	21	43	34	35	31	2	43	42	50	1	51	26	22	0	36	35	41	3	50
chr9	67673489	67673534	46	9	0	46	25	21	2	2	4	1	3	1	2	2	2	0	1	3	2	0	0	0	0	0	0	2	2	1	0	1	3	2	0	2	3	1	0	2
chr9	67673535	67674291	757	8	0	757	404	353	37	17	40	27	27	19	32	39	46	16	27	21	11	18	15	10	26	16	5	23	39	34	2	32	19	21	5	21	34	36	2	38
chr9	67674292	67674324	33	9	0	33	14	19	1	0	0	2	1	0	2	2	0	1	0	2	0	1	1	0	0	2	0	0	3	5	0	3	1	1	0	0	1	2	0	0
chr9	67674325	67674568	244	8	0	244	120	124	11	2	12	8	7	12	14	6	10	10	13	2	5	2	3	2	13	7	1	4	13	12	0	14	7	5	0	12	7	15	1	12
chr9	67674569	67674659	91	8	0	91	48	43	6	3	3	3	4	2	6	4	4	3	5	3	1	1	0	0	5	3	0	1	3	2	0	4	3	3	0	2	5	3	0	7
chr9	67674660	67674875	216	8	0	216	127	89	14	9	12	6	8	8	11	3	14	6	6	3	6	2	8	10	12	3	2	8	5	5	0	10	5	3	0	6	8	9	0	12
chr9	67674900	67675820	921	8	0	921	492	429	45	23	30	34	31	36	48	27	28	21	44	27	28	23	20	25	43	22	4	34	39	37	6	46	21	31	1	25	40	38	5	37
chr9	67675834	67676245	412	8	0	412	207	205	29	6	18	12	15	7	21	10	17	12	24	7	4	3	7	13	12	9	1	6	18	30	4	24	13	13	0	14	10	24	1	26
chr9	67676302	67676556	255	8	0	255	153	102	22	9	9	14	11	6	12	14	13	4	3	5	8	9	4	9	13	9	1	5	8	9	0	11	5	7	1	7	17	2	0	6
chr9	67676565	67676599	35	9	0	35	19	16	1	1	2	0	1	1	0	0	0	0	1	4	2	1	3	2	1	2	0	0	0	2	0	3	0	0	0	2	1	2	0	1
chr9	67676600	67677017	418	8	0	418	259	159	23	10	22	21	16	12	9	25	25	9	7	14	12	9	13	32	18	8	1	13	17	8	3	13	8	8	0	6	19	16	0	19
chr9	67677031	67677198	168	8	0	168	91	77	7	5	7	7	7	2	9	6	9	3	10	7	3	3	4	2	5	0	0	7	6	9	0	7	3	2	0	7	9	11	0	9
chr9	67677204	67677937	734	8	0	734	420	314	45	27	32	27	30	25	32	32	37	19	27	16	18	15	18	19	31	20	0	35	33	18	2	25	18	13	2	17	37	27	4	31
chr9	67677963	67678194	232	8	0	232	116	116	15	8	5	8	15	8	11	7	4	3	13	6	3	4	4	1	6	9	1	7	17	7	1	12	9	11	1	9	9	10	1	5
chr9	67678201	67679193	993	8	0	993	534	459	64	29	42	31	38	38	45	37	31	20	41	30	33	13	18	24	42	25	4	29	38	32	10	47	34	33	7	34	44	36	7	35
chr9	67679282	67679397	116	8	0	116	69	47	8	4	3	4	0	5	5	10	4	0	2	3	7	4	4	5	4	3	0	6	7	2	0	3	4	7	0	1	5	0	0	4
chr9	67679445	67679648	204	8	0	204	92	112	6	5	10	1	6	7	13	8	6	4	6	6	4	4	5	1	5	5	1	8	13	12	1	9	10	11	3	10	5	7	3	7
chr9	67679667	67679790	124	8	0	124	61	63	5	1	8	2	5	5	5	3	6	2	8	4	0	3	2	1	4	3	1	3	6	5	2	4	3	4	0	7	5	4	1	10
chr9	67679912	67680007	96	8	0	96	53	43	5	4	2	5	2	3	7	6	7	1	2	2	1	2	2	1	2	5	0	3	4	1	0	7	5	1	0	2	7	4	0	1
chr9	67680058	67680517	460	8	0	460	225	235	14	3	21	12	17	19	27	8	12	14	29	15	7	4	7	15	15	8	2	15	15	26	5	26	21	12	1	18	19	26	0	25
chr9	67680546	67680839	294	8	0	294	129	165	10	7	6	5	10	14	21	4	8	7	21	4	0	2	5	5	14	8	1	7	15	20	4	16	10	16	0	12	10	12	1	17
chr9	67680861	67681566	706	8	0	706	361	345	32	16	30	18	18	25	46	19	25	16	39	19	22	7	15	12	23	19	0	22	31	34	0	38	25	23	1	29	29	27	3	41
chr9	67681581	67682057	477	8	0	477	222	255	17	16	17	11	16	24	31	15	17	8	22	7	11	4	3	2	24	14	2	12	26	33	2	29	20	19	2	17	15	24	0	15
chr9	67682065	67682136	72	8	0	72	33	39	2	0	4	2	3	0	5	2	2	1	5	4	1	0	0	1	0	0	0	1	5	3	2	1	3	6	0	5	2	3	0	7
chr9	67682141	67683064	924	8	0	924	476	448	43	29	41	17	24	30	55	27	45	17	48	24	18	17	27	14	37	25	1	30	43	45	2	45	24	26	3	31	32	37	0	65
chr9	67683065	67683112	48	8	0	48	23	25	2	0	1	1	1	3	1	1	0	1	2	2	1	1	2	2	2	0	0	3	3	7	0	1	0	1	0	3	1	3	0	1
chr9	67683113	67684826	1714	8	0	1714	865	849	77	29	69	55	54	56	107	52	60	49	70	45	39	29	34	40	56	48	5	53	88	82	5	102	60	73	5	46	65	74	7	78
chr9	67684827	67684901	75	9	0	75	32	43	3	0	3	3	2	4	4	2	1	2	1	1	3	1	2	0	1	4	1	1	7	5	0	4	2	5	1	5	2	3	0	0
chr9	67684907	67685144	238	8	0	238	120	118	17	6	4	9	11	6	11	7	4	5	16	7	4	3	5	4	4	6	4	6	12	6	4	10	9	11	4	10	10	9	2	10
chr9	67685150	67685928	779	8	0	779	412	367	49	17	25	27	20	42	42	26	26	12	40	20	22	12	9	21	34	27	0	22	40	40	2	33	26	16	3	25	30	32	1	36
chr9	67685929	67685959	31	8	0	31	15	16	1	1	1	2	2	0	1	1	1	1	1	1	0	0	0	0	1	1	0	0	1	1	2	3	1	1	0	0	1	4	0	0
chr9	67685960	67686286	327	8	0	327	144	183	11	6	10	6	8	10	19	12	9	10	17	6	5	5	5	4	7	13	3	8	24	20	5	18	6	19	4	13	11	15	4	12
chr9	67686294	67686331	38	9	0	38	18	20	1	0	2	0	0	3	1	0	2	0	3	1	0	1	1	1	0	0	0	4	2	4	0	2	1	1	0	0	1	3	0	2
chr9	67686332	67686554	223	8	0	223	115	108	10	4	3	11	9	8	11	9	6	4	15	9	3	6	4	3	8	6	3	5	11	6	2	11	4	9	1	6	14	10	0	10
chr9	67686555	67686593	39	9	0	39	17	22	1	3	1	0	2	0	4	2	2	1	1	0	0	0	0	0	1	1	0	1	3	2	0	2	2	2	0	2	2	1	0	1
chr9	67686595	67686909	315	8	0	315	181	134	26	5	8	18	13	17	13	11	9	5	16	10	9	5	7	9	14	7	0	11	18	7	0	6	10	9	0	11	12	8	4	15
chr9	67686940	67687421	482	8	0	482	233	249	20	14	14	15	22	16	25	14	11	8	25	12	10	9	12	5	13	12	4	18	29	21	3	24	20	25	6	17	16	19	4	17
chr9	67687476	67687692	217	8	0	217	108	109	7	6	11	3	6	16	9	6	9	4	4	2	5	8	6	5	12	14	0	8	14	15	0	12	7	4	0	3	3	8	0	8
chr9	67687699	67689810	2112	8	0	2112	912	1200	63	46	82	37	58	78	111	59	68	50	95	52	40	22	28	22	72	50	28	45	95	138	59	99	82	99	77	90	57	104	22	82
chr9	67689811	67689843	33	8	0	33	19	14	0	0	1	0	0	0	3	0	1	1	4	0	0	3	0	5	1	1	0	2	1	0	0	1	0	0	0	2	1	1	0	3
chr9	67689844	67690260	417	8	0	417	235	182	30	4	26	17	17	14	15	16	16	8	19	11	14	8	8	12	17	7	0	10	18	13	0	19	14	10	1	17	13	20	1	20
chr9	67690261	67690726	466	8	0	466	274	192	37	11	24	17	17	23	19	9	17	6	16	21	17	14	10	15	19	9	2	23	18	8	2	20	14	8	0	8	17	23	2	18
chr9	67690727	67690784	58	8	0	58	35	23	12	1	1	3	4	0	3	2	0	0	2	1	1	1	2	2	1	1	0	0	4	2	0	0	3	1	0	6	0	1	0	2
chr9	67690785	67692527	1743	8	0	1743	902	841	58	49	72	41	62	63	94	62	70	40	72	57	30	26	54	52	70	42	4	61	83	71	4	91	62	58	3	51	66	79	5	89
chr9	67692528	67692704	177	8	0	177	94	83	24	2	4	2	3	9	12	2	3	4	10	7	3	1	6	0	3	4	0	9	10	4	0	7	6	7	3	6	7	6	1	10
chr9	67692752	67692935	184	8	0	184	97	87	13	3	10	4	8	7	10	2	4	5	13	6	5	3	2	2	3	4	1	10	5	3	1	9	7	5	0	10	12	7	2	6
chr9	67692992	67693430	439	8	0	439	268	171	38	16	22	15	18	10	12	17	13	10	16	13	21	6	10	29	11	10	1	20	16	11	2	18	10	10	2	8	20	16	1	15
chr9	67693747	67694417	671	8	0	671	348	323	38	20	30	13	19	19	43	18	27	17	25	29	16	8	12	12	24	19	2	19	34	26	3	40	17	21	2	18	24	37	3	34
chr9	67694455	67694821	367	8	0	367	181	186	12	6	22	8	14	21	16	8	14	6	19	7	8	5	6	9	8	18	0	12	21	21	0	19	15	9	0	15	15	14	0	17
chr9	67694822	67694852	31	8	0	31	18	13	1	0	1	3	1	1	1	1	1	1	1	0	2	0	1	2	0	2	0	0	1	0	0	3	2	1	0	0	1	1	0	1
chr9	67694853	67694933	81	8	0	81	40	41	4	5	3	0	1	4	4	0	5	1	4	2	2	1	3	0	3	3	0	4	3	5	1	5	1	1	0	2	2	5	1	4
chr9	67694992	67695304	313	8	0	313	166	147	18	3	17	13	11	7	13	10	12	9	13	6	11	8	10	3	6	7	1	13	17	19	1	13	13	7	0	10	6	17	0	17
chr9	67695376	67695627	252	8	0	252	140	112	10	9	9	10	10	8	10	7	10	5	10	10	8	5	9	9	6	12	2	7	9	8	2	11	5	6	1	8	15	4	3	12
chr9	67695660	67695732	73	8	0	73	59	14	10	1	1	10	1	1	1	4	3	0	1	0	10	3	1	10	3	2	0	0	0	0	0	3	2	0	0	0	2	1	0	1
chr9	67695758	67695829	72	8	0	72	36	36	3	2	1	3	1	4	6	1	3	1	2	3	2	1	2	1	2	4	0	2	3	3	0	3	2	2	0	4	5	2	0	2
chr9	67695834	67695952	119	8	0	119	53	66	4	2	4	2	4	5	7	4	3	3	5	2	3	1	2	0	3	3	1	4	8	9	1	6	5	8	1	4	4	4	1	4
chr9	67695958	67696235	278	8	0	278	182	96	20	13	19	18	11	11	5	11	18	3	2	8	21	5	11	5	14	7	1	10	7	1	0	6	6	1	1	10	11	6	2	12
chr9	67696252	67696336	85	8	0	85	48	37	7	2	7	2	3	1	5	1	7	4	3	1	1	1	1	0	3	2	0	3	2	2	0	6	1	2	0	1	4	4	0	7
chr9	67696339	67696437	99	8	0	99	56	43	15	2	4	6	4	0	5	1	2	3	2	1	5	1	2	2	0	3	0	2	5	8	0	6	4	4	0	2	1	4	0	3
chr9	67696442	67696589	148	8	0	148	115	33	24	4	8	15	4	1	1	8	4	1	1	4	19	1	5	13	3	1	0	3	1	0	0	3	7	2	0	3	3	1	0	6
chr9	67696625	67696728	104	8	0	104	49	55	7	3	2	0	1	4	8	2	1	1	6	3	3	1	1	5	4	3	0	2	5	6	2	5	4	6	1	5	3	2	1	5
chr9	67696756	67697038	283	8	0	283	142	141	12	8	10	7	9	19	17	7	4	7	8	2	12	5	9	6	12	14	1	12	19	11	0	11	10	14	1	13	11	2	0	8
chr9	67697123	67697155	33	8	0	33	18	15	1	3	2	0	2	0	2	0	2	0	2	2	1	1	0	0	2	0	0	1	0	0	0	2	1	0	0	1	1	3	0	2
chr9	67697156	67697202	47	8	0	47	30	17	8	0	3	1	1	2	2	1	1	2	1	0	2	3	1	2	1	1	0	4	1	1	0	1	2	0	0	0	2	0	0	2
chr9	67697203	67697297	95	8	0	95	46	49	4	1	5	1	1	1	4	0	3	4	4	0	3	1	11	3	0	5	1	1	0	4	0	9	3	5	0	8	3	1	1	6
chr9	67697320	67697852	533	8	0	533	316	217	32	12	21	27	15	23	19	20	17	6	16	12	28	21	20	27	23	15	1	23	21	13	0	22	13	13	1	19	20	17	2	12
chr9	67697853	67697869	17	8	0	17	12	5	3	1	0	0	0	1	0	0	0	0	1	1	1	1	2	0	1	0	0	1	0	0	0	0	0	0	0	0	0	0	0	2
chr9	67697883	67697899	17	8	0	17	4	13	0	0	0	0	0	3	0	0	0	0	0	0	0	0	0	0	1	2	0	0	2	1	1	1	0	2	2	0	0	0	0	0
chr9	67697900	67697973	74	8	0	74	31	43	0	1	1	1	1	1	7	3	2	1	6	0	0	1	3	2	0	1	0	4	3	2	1	6	6	5	0	5	3	3	1	2
chr9	67697992	67698046	55	8	0	55	33	22	20	0	0	0	0	0	3	1	0	1	4	1	1	0	1	0	1	0	0	0	3	1	0	2	0	3	2	3	0	2	2	2
chr9	67698074	67699440	1367	8	0	1367	712	655	61	27	58	54	45	45	71	38	47	47	61	32	47	19	30	30	44	40	6	48	73	67	3	74	29	43	5	35	53	67	4	62
chr9	67699469	67700428	960	8	0	960	480	480	34	23	39	26	27	31	53	33	34	19	49	26	27	11	23	25	29	26	2	27	51	52	5	47	21	39	2	49	43	37	7	41
chr9	67700471	67700662	192	8	0	192	98	94	12	4	13	4	9	5	9	2	12	3	14	5	0	1	2	1	6	5	0	2	11	8	0	11	4	6	0	6	5	11	0	19
chr9	67700688	67700830	143	8	0	143	79	64	11	3	8	5	8	8	6	3	5	5	4	4	3	0	3	2	7	2	0	7	6	5	0	6	6	5	0	1	7	4	0	7
chr9	67700922	67701988	1067	8	0	1067	590	477	43	28	49	41	46	35	39	37	37	21	58	35	35	26	28	31	36	26	3	44	48	36	3	46	28	32	1	21	45	39	5	63
chr9	67702010	67702094	85	8	0	85	49	36	7	1	5	5	2	3	4	2	7	2	2	1	2	2	3	0	5	2	0	1	2	2	0	5	1	3	0	2	3	3	0	6
chr9	67702122	67702486	365	8	0	365	167	198	11	9	14	3	8	16	21	11	14	6	29	6	4	3	9	2	9	12	1	12	22	15	0	25	12	17	2	15	13	18	3	21
chr9	67702508	67702599	92	8	0	92	50	42	6	4	1	3	3	3	4	3	2	1	6	2	2	3	1	4	3	3	0	5	6	4	1	3	1	4	0	1	4	3	1	3
chr9	67702619	67702675	57	8	0	57	33	24	3	2	2	3	2	1	5	0	3	0	2	0	2	3	0	3	1	3	0	3	3	0	0	3	3	1	0	2	1	2	0	2
chr9	67702682	67703131	450	8	0	450	247	203	27	15	17	17	22	12	16	20	16	14	23	7	11	9	10	10	19	12	5	14	17	16	3	20	14	13	0	9	20	16	0	24
chr9	67703154	67703221	68	8	0	68	44	24	11	1	6	2	1	4	2	1	4	1	2	1	5	1	0	0	3	2	0	2	3	1	0	2	1	1	0	0	1	2	0	6
chr9	67703243	67703456	214	8	0	214	111	103	6	4	10	5	5	11	9	10	9	6	13	6	5	5	3	3	11	8	0	6	9	7	0	15	4	5	0	3	12	11	0	11
chr9	67703457	67703496	40	8	0	40	18	22	0	1	1	1	1	3	5	2	2	0	0	0	0	1	0	1	2	2	0	1	2	0	0	2	5	2	0	2	1	0	0	1
chr9	67703497	67703511	15	9	0	15	9	6	0	0	1	0	1	2	0	0	1	0	0	2	0	0	0	0	2	0	0	0	0	0	0	1	0	0	0	0	1	1	0	1
chr9	67703512	67703603	92	8	0	92	47	45	1	4	5	2	3	2	6	4	4	1	4	1	3	3	0	2	5	2	0	3	5	5	0	5	3	4	0	3	2	4	0	4
chr9	67703604	67703805	202	8	0	202	105	97	9	4	10	7	7	3	13	7	11	3	6	5	3	4	8	5	3	6	0	5	7	7	1	13	12	7	0	9	7	8	1	9
chr9	67703831	67705371	1541	8	0	1541	729	812	46	32	64	31	44	44	102	56	64	42	89	42	19	21	19	13	49	45	6	39	95	76	5	93	50	47	4	65	53	101	7	76
chr9	67705372	67705401	30	8	0	30	17	13	3	1	2	1	1	1	1	0	2	0	1	1	1	0	1	0	0	1	0	1	2	3	0	0	0	0	0	0	0	1	0	4
chr9	67705402	67705559	158	8	0	158	72	86	8	2	7	5	2	4	11	4	10	2	6	3	2	3	1	2	3	4	0	4	6	22	1	8	6	6	1	3	5	5	0	10
chr9	67705587	67705645	59	8	0	59	23	36	3	0	3	1	1	1	3	0	2	1	5	1	1	0	1	0	0	1	0	1	3	5	1	6	2	3	1	2	0	6	0	3
chr9	67705684	67705753	70	8	0	70	18	52	0	0	0	1	0	4	4	1	0	0	6	0	1	0	1	0	0	0	2	2	3	10	2	4	4	7	6	4	2	2	1	1
chr9	67705784	67705876	93	9	0	93	30	63	0	0	0	2	0	1	9	3	1	6	2	3	1	1	0	0	1	2	3	2	5	6	3	4	3	7	11	3	4	4	1	3
chr9	67705882	67706323	442	8	0	442	218	224	16	12	18	11	12	18	24	6	17	4	33	9	12	8	6	12	17	6	4	14	19	17	6	17	11	20	9	20	13	16	3	30
chr9	67706324	67706371	48	8	0	48	31	17	5	2	3	1	0	0	2	2	1	3	1	0	5	1	2	2	1	1	2	1	1	0	0	1	2	0	0	2	0	1	0	4
chr9	67706372	67706419	48	9	0	48	19	29	0	0	1	0	0	0	6	0	1	3	3	0	0	2	2	0	1	1	0	4	3	2	0	4	1	2	1	2	0	4	1	2
chr9	67706420	67706535	116	8	0	116	48	68	2	2	4	1	2	2	8	2	4	2	6	4	2	3	2	1	1	6	1	1	7	13	2	8	3	5	1	3	2	6	0	8
chr9	67706574	67707283	710	8	0	710	376	334	22	18	26	22	18	34	33	26	24	17	36	20	24	22	16	18	26	22	5	36	27	25	5	33	19	16	5	16	39	27	5	26
chr9	67707284	67707312	29	9	0	29	18	11	4	1	1	0	0	1	3	0	2	0	1	0	0	4	0	0	2	0	0	3	0	0	0	0	0	0	0	2	2	0	0	1
chr9	67707313	67707379	67	8	0	67	49	18	1	4	0	6	3	0	0	11	4	0	4	3	3	2	0	7	6	0	0	0	0	0	0	0	0	0	0	0	8	0	0	3
chr9	67707394	67708289	896	8	0	896	510	386	44	33	37	41	34	28	46	29	26	17	30	18	51	24	22	29	42	25	3	31	28	30	2	43	28	27	2	33	39	21	3	28
chr9	67708290	67708308	19	8	0	19	7	12	0	1	0	0	1	1	1	0	0	0	1	0	0	1	1	0	1	1	0	1	2	2	0	0	0	1	0	1	0	1	0	0
chr9	67708309	67708339	31	9	0	31	13	18	1	1	0	0	0	3	3	0	1	0	4	0	0	0	0	0	2	0	0	2	1	0	0	2	2	1	0	1	1	2	0	2
chr9	67708340	67708978	639	8	0	639	365	274	36	14	24	31	22	14	29	18	26	8	31	23	21	14	25	28	18	15	0	17	22	22	2	31	19	17	1	20	24	23	1	41
chr9	67708979	67709006	28	8	0	28	19	9	2	0	1	3	1	1	1	2	1	1	0	2	2	0	1	1	1	0	0	1	1	0	0	0	0	0	0	0	1	1	0	2
chr9	67709007	67709268	262	8	0	262	162	100	16	6	4	17	11	6	5	23	10	7	3	9	7	8	10	19	10	7	2	8	15	7	1	3	9	3	1	5	11	9	2	6
chr9	67709269	67709334	66	8	0	66	40	26	5	5	1	2	4	4	2	3	4	0	3	2	0	0	1	3	4	2	0	3	2	1	0	1	3	0	0	0	5	1	0	3
chr9	67709335	67709431	97	8	0	97	43	54	0	0	1	3	1	6	3	3	2	3	4	4	1	1	4	6	4	3	0	2	6	16	0	5	2	0	0	2	2	8	0	3
chr9	67709432	67709473	42	9	0	42	20	22	0	1	0	0	0	4	2	5	0	0	1	0	1	2	1	2	3	2	0	2	3	1	0	0	5	1	2	2	0	0	0	0
chr9	67709479	67709944	466	8	0	466	230	236	30	13	8	17	21	20	21	12	6	7	25	10	11	11	11	7	16	21	3	11	26	21	8	21	17	21	4	18	14	13	5	15
chr9	67709945	67710037	93	8	0	93	42	51	2	0	2	2	0	3	5	5	2	3	5	2	1	2	4	3	5	3	0	0	4	6	2	6	3	4	1	4	1	5	1	5
chr9	67710038	67710082	45	9	0	45	25	20	2	0	3	1	0	2	0	2	2	1	5	1	2	1	1	2	1	2	0	1	2	1	0	3	0	0	0	0	1	3	0	4
chr9	67710083	67710195	113	8	0	113	59	54	4	1	7	3	2	2	4	4	5	1	5	5	4	2	7	2	2	2	1	1	5	6	0	5	4	4	1	6	1	4	0	11
chr9	67710212	67710264	53	8	0	53	21	32	0	1	1	1	1	2	3	0	0	1	4	0	2	0	3	1	1	2	0	1	3	5	0	4	2	4	0	4	0	2	0	3
chr9	67710265	67710329	65	9	0	65	40	25	9	2	2	5	2	4	2	1	4	0	1	2	3	0	0	2	3	0	0	2	4	5	0	1	2	0	0	0	0	5	0	2
chr9	67710330	67710383	54	8	0	54	31	23	9	1	4	0	2	0	2	1	2	1	4	1	0	1	0	1	0	3	0	0	1	1	0	4	1	1	0	4	3	1	2	2
chr9	67710390	67710461	72	8	0	72	41	31	3	1	3	1	3	1	3	0	2	2	15	1	0	3	1	0	3	0	0	4	1	0	0	1	0	0	0	0	3	2	0	17
chr9	67710480	67710915	436	8	0	436	225	211	23	7	21	15	15	17	22	17	19	11	16	10	9	5	14	4	13	13	1	13	26	12	1	21	18	18	1	16	14	18	1	23
chr9	67710926	67711253	328	8	0	328	189	139	36	11	16	8	12	11	7	4	7	4	17	11	15	11	11	7	10	14	2	10	11	15	2	19	5	5	2	4	8	13	0	18
chr9	67711254	67711289	36	9	0	36	14	22	2	1	0	1	2	1	2	1	0	1	0	0	1	1	0	0	1	3	0	0	3	6	1	2	2	2	0	0	0	1	0	0
chr9	67711342	67711525	184	8	0	184	98	86	14	6	17	4	8	5	8	2	13	5	3	2	5	2	1	2	4	5	3	6	6	1	4	5	5	6	8	9	8	3	3	9
chr9	67711526	67711578	53	8	0	53	13	40	1	1	1	0	0	1	4	0	1	1	1	0	1	0	1	0	2	0	0	1	1	6	5	2	0	8	6	4	2	1	0	0
chr9	67711579	67711661	83	9	0	83	9	74	0	0	0	0	0	0	2	0	0	1	4	0	0	0	0	0	0	0	0	1	2	19	15	5	0	16	9	1	0	6	0	0
chr9	67711662	67711953	292	8	0	292	137	155	14	4	10	11	10	5	13	7	9	6	14	8	6	5	8	5	8	6	4	2	15	22	5	16	9	15	5	11	4	15	2	16
chr9	67711958	67712173	216	8	0	216	117	99	17	5	12	11	5	5	8	5	16	3	8	2	7	3	4	6	6	6	0	4	10	12	3	9	1	8	1	8	6	10	2	11
chr9	67712234	67712285	52	9	0	52	31	21	9	2	2	1	1	1	2	0	3	1	3	1	2	1	1	0	1	1	1	2	1	2	1	2	0	0	0	1	2	3	0	3
chr9	67712287	67712417	131	8	0	131	50	81	4	3	5	1	4	4	5	1	5	5	11	0	0	0	0	0	0	5	4	4	8	12	3	8	3	6	3	4	3	8	4	6
chr9	67712438	67712718	281	8	0	281	137	144	10	8	9	10	9	10	11	11	9	8	5	8	9	5	5	9	10	10	1	10	15	23	8	10	8	11	2	5	9	13	3	5
chr9	67712767	67713042	276	8	0	276	136	140	22	8	13	5	11	11	13	6	11	5	15	3	3	4	1	4	13	8	4	3	11	15	1	11	12	8	8	11	5	7	5	17
chr9	67713043	67713089	47	9	0	47	17	30	0	0	1	1	1	2	4	1	1	0	1	2	0	1	1	0	1	1	0	0	1	4	1	5	6	4	0	2	0	2	1	1
chr9	67713090	67713172	83	8	0	83	43	40	1	2	0	1	1	20	3	4	1	0	2	0	1	1	1	5	19	1	1	2	0	1	0	2	6	1	1	2	2	0	0	0
chr9	67713181	67713214	34	9	0	34	13	21	0	0	1	0	0	0	3	0	1	2	5	0	0	0	0	0	2	0	0	0	0	3	0	3	1	2	0	1	0	2	0	6
chr9	67713215	67713240	26	8	0	26	9	17	0	1	1	0	1	0	4	0	1	1	0	0	0	0	0	0	1	0	0	0	2	2	0	2	1	3	0	2	1	1	0	0
chr9	67713241	67713428	188	8	0	188	121	67	10	8	6	15	6	5	8	4	8	4	8	6	15	1	3	13	9	3	1	5	2	4	0	9	5	0	0	1	7	9	1	10
chr9	67713429	67713491	63	8	0	63	29	34	1	2	6	1	3	1	2	2	3	1	1	1	2	0	0	2	1	3	0	0	6	9	0	2	1	1	0	4	0	3	0	3
chr9	67713492	67713792	301	8	0	301	140	161	15	4	15	7	7	8	16	11	12	3	19	10	6	0	2	4	7	3	1	4	16	17	7	17	9	19	1	15	10	17	1	16
chr9	67713793	67713820	28	8	0	28	9	19	1	1	1	0	0	0	2	0	2	0	1	0	0	0	0	0	0	0	0	1	1	3	2	3	1	3	0	1	0	3	0	0
chr9	67713821	67713908	88	8	0	88	53	35	14	2	4	6	3	0	1	0	5	1	6	1	5	0	2	1	0	1	0	2	2	0	1	6	0	4	4	2	3	4	3	3
chr9	67713924	67713989	66	8	0	66	36	30	5	2	0	4	1	0	4	3	2	2	2	2	2	3	0	3	2	4	0	1	2	1	4	3	2	0	2	0	2	4	0	2
chr9	67713990	67714041	52	8	0	52	29	23	4	3	2	1	2	1	1	1	2	0	2	3	1	2	2	1	2	0	2	2	2	4	0	1	0	1	1	0	1	2	0	4
chr9	67714042	67714348	307	8	0	307	191	116	44	8	13	16	6	18	8	4	16	6	10	6	15	5	8	8	16	8	4	8	9	9	3	6	1	4	1	7	10	6	4	18
chr9	67714356	67714390	35	8	0	35	17	18	3	0	1	2	1	1	2	2	3	0	1	0	0	0	0	0	0	1	0	0	1	3	0	2	2	2	1	1	2	0	1	1
chr9	67714391	67714507	117	8	0	117	54	63	6	4	2	4	5	6	8	0	2	3	2	1	3	1	3	3	7	5	1	2	6	5	2	7	5	5	4	5	1	5	1	1
chr9	67714508	67714548	41	9	0	41	6	35	0	0	0	0	0	0	1	1	0	0	2	1	0	0	0	0	0	0	0	0	1	6	7	1	2	8	5	1	0	1	1	1
chr9	67714605	67714636	32	9	0	32	9	23	0	0	0	0	0	1	2	0	0	0	5	0	0	0	0	0	0	0	1	0	3	5	0	2	0	4	0	2	0	1	1	3
chr9	67714637	67714852	216	8	0	216	88	128	10	6	9	2	6	5	12	2	9	7	14	0	2	1	3	0	7	3	3	6	9	16	7	12	5	14	3	11	4	11	6	9
chr9	67714875	67714954	80	8	0	80	47	33	5	1	6	2	2	2	6	1	4	2	1	1	2	4	0	6	3	4	0	2	3	3	0	3	3	1	0	2	2	1	0	6
chr9	67714955	67715266	312	8	0	312	191	121	16	11	3	15	7	6	12	15	7	6	15	8	15	14	12	27	17	4	4	12	10	4	4	10	7	5	1	7	6	15	1	14
chr9	67715311	67715433	123	8	0	123	88	35	4	3	2	10	3	2	1	5	4	0	5	5	7	4	7	24	2	0	2	5	3	0	0	1	2	2	1	3	4	2	1	7
chr9	67715434	67715458	25	9	0	25	20	5	1	1	0	1	0	0	0	1	0	0	0	1	2	0	2	10	0	0	0	0	0	0	0	1	1	1	0	0	0	0	0	1
chr9	67715463	67715560	98	8	0	98	70	28	5	3	2	5	2	2	1	4	1	3	6	1	7	1	9	16	3	0	0	6	0	0	0	1	5	0	0	1	1	1	0	10
chr9	67715561	67715625	65	9	0	65	39	26	1	2	2	2	1	3	1	2	0	2	1	4	5	4	3	6	5	1	3	2	1	2	1	2	0	2	0	0	1	1	0	3
chr9	67715626	67715691	66	8	0	66	36	30	1	1	1	2	0	2	5	2	2	2	3	2	2	1	3	6	5	0	0	1	1	4	0	2	2	3	0	1	1	1	0	8
chr9	67715733	67716077	345	8	0	345	166	179	14	11	13	3	8	19	16	5	10	9	23	4	9	8	9	4	15	15	2	15	15	16	3	21	7	7	3	13	11	18	4	13
chr9	67716078	67716124	47	9	0	47	30	17	6	1	3	2	1	1	1	0	1	1	4	1	4	0	2	1	0	2	0	1	1	1	0	2	0	1	0	1	2	0	0	5
chr9	67716171	67716550	380	8	0	380	179	201	12	6	15	12	8	16	21	6	13	8	22	7	11	10	8	3	11	11	2	16	23	23	2	27	4	18	3	10	13	23	1	13
chr9	67716576	67716628	53	8	0	53	26	27	5	3	0	1	2	3	4	0	1	1	1	0	0	2	0	1	2	3	1	3	6	4	0	1	1	2	0	1	0	2	1	0
chr9	67716629	67716658	30	9	0	30	15	15	0	0	0	0	0	14	0	0	0	0	0	0	0	0	0	0	14	0	0	0	0	0	0	0	0	0	0	0	0	0	0	0
chr9	67716663	67716690	28	9	0	28	19	9	1	3	2	0	0	0	2	0	2	0	0	1	4	1	0	1	1	1	0	2	1	0	0	1	0	0	0	0	1	1	0	1
chr9	67716691	67716852	162	8	0	162	73	89	0	4	3	4	3	10	10	4	6	5	7	4	3	0	9	0	6	6	1	6	11	5	0	15	6	6	1	3	3	14	0	5
chr9	67716914	67716959	46	8	0	46	23	23	3	1	0	2	2	5	2	1	1	1	3	0	0	1	0	1	2	3	0	3	2	1	0	1	3	1	0	0	3	1	0	1
chr9	67716960	67717010	51	8	0	51	22	29	0	1	0	0	0	2	4	2	0	0	1	1	1	0	7	2	1	1	0	1	4	1	0	4	3	5	0	6	0	1	0	1
chr9	67717011	67717087	77	9	0	77	31	46	1	1	2	0	2	2	5	2	0	3	3	2	1	1	4	0	0	3	1	3	7	4	2	2	4	4	1	7	2	4	0	2
chr9	67717088	67717156	69	8	0	69	27	42	2	0	3	3	3	3	5	0	2	2	1	1	1	1	0	0	0	4	0	2	7	7	1	3	3	4	1	2	0	4	0	2
chr9	67717166	67717683	518	8	0	518	288	230	46	20	11	25	17	13	26	14	14	12	21	16	26	3	10	13	16	16	5	11	24	20	7	23	13	17	1	13	17	22	3	21
chr9	67717753	67717982	230	8	0	230	116	114	9	8	11	4	3	6	12	7	12	7	10	5	7	2	10	1	5	10	1	7	8	9	2	18	5	4	3	8	10	14	0	10
chr9	67718019	67718499	481	8	0	481	191	290	11	10	18	3	14	29	21	7	15	23	28	4	2	1	2	2	21	18	12	12	19	32	19	23	18	23	10	13	13	20	15	21
chr9	67718502	67718780	279	8	0	279	124	155	10	6	9	4	7	26	12	6	12	10	19	2	0	0	0	0	28	8	5	1	9	7	9	11	8	15	7	4	7	6	5	24
chr9	67718781	67718804	24	8	0	24	12	12	1	0	0	3	2	0	0	0	1	1	1	1	0	0	0	2	0	1	0	0	0	1	2	0	1	0	0	1	1	3	0	0
chr9	67718805	67718818	14	9	0	14	5	9	0	0	0	0	0	0	1	1	0	0	1	1	0	0	0	0	0	1	0	0	1	0	1	1	0	0	1	1	1	1	0	0
chr9	67718819	67718888	70	8	0	70	32	38	3	1	3	0	2	4	3	1	2	3	5	3	0	0	2	0	5	0	2	1	1	3	1	3	2	1	1	3	2	4	2	5
chr9	67718972	67719064	93	8	0	93	39	54	2	2	4	2	3	2	6	3	5	4	4	1	0	0	0	0	3	3	0	2	9	6	2	4	2	5	0	3	1	8	0	5
chr9	67719065	67719095	31	9	0	31	14	17	0	1	1	0	0	2	2	1	1	1	0	1	1	0	0	1	0	2	1	1	2	2	1	2	1	1	0	0	2	2	0	0
chr9	67719103	67719372	270	8	0	270	119	151	7	6	11	6	9	6	16	8	14	12	18	5	0	0	0	0	9	4	8	3	9	10	5	18	9	13	5	8	12	15	6	16
chr9	67719373	67719504	132	8	0	132	59	73	2	0	4	4	2	5	6	8	6	6	8	2	0	1	5	0	4	5	0	3	7	3	0	11	5	4	4	3	5	9	2	6
chr9	67719505	67719610	106	9	0	106	41	65	2	3	5	1	3	1	11	1	4	2	1	2	2	1	1	0	2	1	1	4	9	13	0	4	2	9	2	8	3	3	1	2
chr9	67719611	67719627	17	8	0	17	5	12	0	0	0	0	0	0	2	0	0	1	0	0	0	1	1	0	0	1	0	0	1	2	0	2	0	2	0	1	1	0	0	0
chr9	67719628	67719687	60	8	0	60	26	34	4	2	1	2	3	2	2	1	2	0	4	0	0	1	1	0	0	5	0	0	4	6	0	4	4	2	1	1	0	2	1	3
chr9	67719688	67719756	69	9	0	69	27	42	4	2	2	1	1	5	2	0	4	3	0	1	0	0	2	0	2	5	2	0	3	10	2	4	1	2	0	1	2	3	2	1
chr9	67719780	67719835	56	8	0	56	22	34	3	3	1	1	2	3	1	3	3	2	0	0	0	0	0	0	3	3	1	0	3	4	3	2	2	4	2	0	1	2	2	0
chr9	67719848	67719947	100	8	0	100	43	57	0	3	0	2	1	11	5	4	2	4	3	2	2	0	2	2	8	5	2	2	7	3	1	5	4	4	3	1	2	4	2	2
chr9	67719957	67720041	85	9	0	85	32	53	5	1	5	0	1	2	5	0	4	0	5	1	1	0	1	0	0	2	0	1	3	8	4	7	3	7	2	5	2	5	0	3
chr9	67720042	67720181	140	8	0	140	66	74	4	1	3	6	4	7	10	4	5	2	5	7	1	0	4	3	3	3	0	4	6	6	0	9	8	9	1	4	8	4	3	4
chr9	67720185	67720226	42	9	0	42	15	27	0	1	1	0	0	1	3	0	2	2	4	0	0	0	0	0	2	0	2	0	0	4	1	4	1	1	1	3	2	4	0	1
chr9	67720227	67720271	45	8	0	45	16	29	0	0	2	0	1	2	2	0	1	3	5	0	0	0	0	0	0	2	0	2	1	2	2	5	1	1	0	2	3	4	2	0
chr9	67720272	67720323	52	8	0	52	15	37	1	0	1	0	1	3	2	0	1	2	3	0	0	0	0	0	2	1	2	0	4	8	2	3	0	6	2	0	0	3	0	3
chr9	67720391	67720431	41	9	0	41	18	23	2	0	1	1	0	1	5	0	0	2	1	0	2	1	0	1	1	1	0	2	3	3	0	3	2	3	0	1	1	2	0	0
chr9	67720434	67720503	70	8	0	70	24	46	0	1	1	1	1	3	3	3	2	2	6	0	0	0	0	0	2	1	0	3	4	2	3	1	3	4	8	5	2	3	3	1
chr9	67720574	67720726	153	8	0	153	57	96	3	4	5	1	4	2	8	4	4	6	8	3	1	1	2	0	2	5	4	2	7	12	9	9	4	11	2	7	5	10	1	5
chr9	67720785	67720815	31	8	0	31	9	22	0	0	0	0	0	1	3	2	0	0	3	0	0	0	0	0	0	1	0	0	1	4	0	2	4	3	0	2	1	0	0	2
chr9	67720816	67721080	265	8	0	265	117	148	10	5	9	4	6	12	15	6	7	6	14	4	5	4	5	4	11	5	5	6	9	15	6	17	14	14	4	10	5	13	3	10
chr9	67721081	67721110	30	9	0	30	13	17	2	2	1	0	1	2	1	0	2	1	0	0	0	0	0	0	3	2	0	0	2	1	1	2	0	1	1	0	0	2	1	0
chr9	67721221	67721284	64	9	0	64	32	32	7	3	0	3	3	1	2	2	3	0	3	0	0	1	2	1	0	4	2	0	3	4	1	3	4	2	1	1	1	1	1	3
chr9	67721285	67721321	37	8	0	37	14	23	1	1	2	0	3	1	4	0	0	1	0	0	0	0	0	0	2	0	0	1	3	2	0	3	2	5	0	2	1	1	0	0
chr9	67721322	67721490	169	8	0	169	74	95	3	3	7	3	4	4	13	5	9	8	8	4	0	0	2	0	5	8	0	3	9	12	1	13	5	4	1	4	7	11	2	9
chr9	67721510	67721562	53	8	0	53	24	29	1	2	1	2	2	2	0	3	3	0	3	1	0	0	4	0	0	2	2	0	4	3	0	3	1	1	2	2	2	3	0	2
chr9	67721563	67721597	35	9	0	35	16	19	0	0	5	0	0	1	2	0	3	1	1	0	1	0	1	0	1	1	0	0	0	1	0	5	1	1	0	3	1	3	0	1
chr9	67721598	67721665	68	8	0	68	34	34	3	4	2	2	5	1	3	2	3	2	5	2	0	0	0	0	2	3	1	1	3	3	2	1	1	1	0	2	4	2	0	6
chr9	67721666	67721714	49	9	0	49	24	25	2	0	3	1	0	1	2	2	3	3	2	3	0	0	0	0	2	0	2	1	2	2	2	1	0	1	0	1	1	4	2	4
chr9	67721715	67721775	61	8	0	61	25	36	2	2	1	1	2	0	5	2	2	0	5	1	0	0	2	0	1	0	0	0	3	4	0	6	3	7	0	2	2	2	0	4
chr9	67721776	67721814	39	9	0	39	12	27	0	0	1	0	1	0	4	0	0	2	4	0	0	0	0	0	1	0	1	0	1	1	3	4	2	4	0	2	0	3	0	3
chr9	67721815	67721891	77	8	0	77	29	48	2	2	4	0	3	5	3	1	2	1	1	0	1	1	0	2	2	5	2	0	7	7	2	5	3	6	2	3	0	3	0	0
chr9	67721928	67722053	126	8	0	126	62	64	4	0	7	2	3	6	7	2	7	5	10	3	0	2	1	1	5	2	4	2	4	2	2	4	3	2	1	8	6	6	1	12
chr9	67722054	67722098	45	9	0	45	23	22	4	2	1	0	1	2	2	1	2	1	3	1	0	0	2	0	2	0	2	1	0	0	0	2	3	2	0	1	1	1	2	4
chr9	67722129	67722226	98	8	0	98	40	58	4	2	2	1	4	4	6	3	1	3	5	4	0	0	0	0	3	2	4	0	5	2	4	5	4	8	2	4	5	3	2	4
chr9	67722227	67722345	119	8	0	119	53	66	10	4	3	0	5	13	5	4	2	1	5	0	0	0	0	0	13	3	2	0	5	3	3	4	8	8	4	3	1	1	1	6
chr9	67722347	67722599	253	9	0	253	110	143	4	4	5	4	6	20	12	4	7	10	24	4	0	4	0	2	19	10	4	5	9	11	5	11	7	7	3	5	7	10	8	20
chr9	67722612	67722743	132	9	0	132	46	86	1	1	3	1	1	5	8	1	4	6	8	4	0	2	0	0	3	4	6	1	5	10	8	10	2	8	1	5	6	11	3	2
chr9	67722795	67722929	135	9	0	135	57	78	3	3	5	2	2	4	7	3	5	6	6	1	3	1	4	2	2	3	3	5	7	5	1	6	4	6	9	7	3	6	5	4
chr9	67723021	67723095	75	9	0	75	27	48	2	1	3	0	2	2	5	0	2	5	4	0	0	0	0	0	1	4	1	2	5	8	1	7	1	3	0	2	2	7	2	1
chr9	67723105	67723161	57	9	0	57	23	34	0	2	1	1	1	1	3	0	2	2	6	3	0	0	0	0	2	0	1	2	0	4	4	3	1	0	0	3	2	8	1	2
chr9	67723751	67723813	63	8	0	63	33	30	2	1	2	1	0	6	3	1	4	3	9	0	0	0	0	0	9	0	0	1	1	2	0	0	0	0	0	0	1	2	0	13
chr9	67724545	67726161	1617	9	0	1617	675	942	54	23	56	20	41	77	85	47	52	44	81	45	6	15	17	12	57	43	35	24	92	97	39	85	51	98	38	59	50	75	28	69
chr9	67726355	67726400	46	9	0	46	14	32	0	1	0	0	0	2	3	0	1	1	6	0	0	0	0	0	0	1	2	1	1	4	1	2	3	4	1	2	1	0	3	4
chr9	67726507	67726711	205	9	0	205	75	130	5	6	5	0	5	8	8	4	5	9	13	4	1	0	1	0	4	9	6	4	11	16	12	10	6	11	3	6	4	13	7	7
chr9	67726713	67726726	14	8	0	14	3	11	0	0	0	0	0	0	0	2	0	0	1	0	0	0	0	0	0	0	0	0	0	0	0	1	2	1	4	0	0	0	1	0
chr9	67726727	67726764	38	8	0	38	12	26	0	0	0	1	1	0	3	1	0	1	4	0	0	0	0	0	0	0	0	2	2	0	2	1	2	3	4	4	1	2	2	0
chr9	67726765	67726830	66	9	0	66	20	46	2	1	1	1	0	2	3	1	1	1	2	0	2	1	0	1	0	3	1	0	3	2	6	4	3	7	10	2	0	3	1	0
chr9	67726879	67726956	78	8	0	78	28	50	1	1	3	0	3	2	4	0	1	7	4	0	0	0	2	0	4	3	0	2	3	5	3	9	0	4	2	1	2	8	1	1
chr9	67726977	67726996	20	9	0	20	9	11	0	1	0	0	0	1	2	1	1	0	1	1	0	0	0	0	2	0	0	0	1	0	0	1	2	1	0	1	0	1	0	1
chr9	67726997	67727028	32	8	0	32	14	18	2	1	0	1	1	0	1	0	1	2	2	3	0	0	0	0	0	1	1	1	1	3	2	1	0	0	0	0	1	3	1	1
chr9	67727029	67727259	231	8	0	231	144	87	15	4	5	18	11	6	8	10	7	4	7	8	9	11	6	14	11	5	1	8	5	2	1	11	7	7	0	2	13	5	3	5
chr9	67727260	67727301	42	8	0	42	26	16	4	2	2	4	3	2	1	1	2	1	0	0	3	0	0	1	2	2	0	0	2	1	0	2	0	1	0	1	3	0	0	0
chr9	67727302	67727354	53	8	0	53	33	20	4	4	2	3	4	3	1	1	2	2	0	0	3	2	1	0	7	1	1	1	2	1	0	0	0	0	0	2	1	1	1	1
chr9	67727355	67727459	105	8	0	105	75	30	18	4	1	10	4	3	3	4	2	1	1	4	9	1	2	6	2	3	0	4	5	2	0	0	5	0	0	1	2	2	0	4
chr9	67727473	67727547	75	8	0	75	38	37	0	1	3	2	1	4	4	1	2	0	5	2	3	5	3	1	3	2	0	4	3	3	0	4	3	2	0	3	2	3	0	4
chr9	67727548	67727606	59	9	0	59	43	16	14	2	2	3	0	2	4	3	4	2	0	1	3	0	0	3	5	0	0	1	1	0	0	0	0	0	0	0	2	1	0	4
chr9	67727607	67727641	35	8	0	35	25	10	7	0	1	3	0	1	1	0	2	0	2	0	2	1	2	3	0	0	0	2	1	0	0	0	0	1	0	1	1	0	0	2
chr9	67727642	67728061	420	8	0	420	304	116	69	14	9	39	26	10	7	25	16	10	3	20	20	4	10	22	25	5	3	5	7	0	1	4	7	1	0	8	28	6	2	12
chr9	67728062	67728087	26	9	0	26	19	7	5	3	1	0	0	0	1	0	2	0	1	0	1	1	2	0	1	0	0	3	0	0	0	0	0	0	0	0	0	0	0	3
chr9	67728088	67728214	127	8	0	127	92	35	15	2	8	10	6	3	2	3	5	0	2	5	8	6	4	12	6	1	0	4	2	1	0	2	1	1	0	4	5	2	0	5
chr9	67728225	67728525	301	8	0	301	219	82	40	10	6	25	7	4	11	15	13	5	9	8	22	5	9	28	11	3	0	10	6	1	0	3	8	0	0	4	12	6	0	18
chr9	67728588	67728894	307	8	0	307	210	97	24	14	10	28	24	12	7	7	8	6	6	11	21	4	7	20	21	6	0	8	10	2	0	4	8	1	0	5	11	7	0	13
chr9	67728895	67728939	45	9	0	45	28	17	2	0	2	4	2	3	1	0	1	0	4	0	4	2	0	2	2	1	0	2	1	0	0	2	2	2	0	0	1	0	0	3
chr9	67728940	67729099	160	8	0	160	84	76	9	5	10	6	7	4	10	5	8	4	5	2	6	1	0	1	7	4	0	4	7	10	0	8	6	3	0	7	5	8	0	6
chr9	67729129	67729405	277	8	0	277	162	115	10	7	13	17	13	10	7	14	9	9	8	6	15	4	10	9	11	9	0	10	12	10	0	8	12	3	0	7	9	9	0	14
chr9	67729406	67729426	21	8	0	21	9	12	0	1	0	0	0	0	2	0	0	0	2	0	1	0	2	0	0	0	0	1	1	0	0	2	1	3	0	2	0	0	0	1
chr9	67729427	67729456	30	9	0	30	21	9	1	3	2	1	2	0	1	1	1	0	1	1	3	2	1	0	4	0	0	1	0	0	0	0	0	0	0	0	0	0	0	3
chr9	67729457	67729557	101	8	0	101	79	22	14	1	4	10	3	1	1	3	3	0	0	5	9	3	4	16	1	1	0	3	3	1	0	1	1	2	0	1	3	1	0	4
chr9	67729564	67729617	54	8	0	54	40	14	2	2	3	5	3	1	1	0	2	0	0	1	5	4	4	6	1	1	0	5	0	0	0	1	1	0	0	1	2	0	0	1
chr9	67729627	67729767	141	8	0	141	109	32	18	4	3	19	4	3	2	8	7	1	2	1	15	6	4	11	8	2	0	4	1	0	0	1	1	0	0	3	7	1	0	3
chr9	67729769	67730299	531	8	0	531	393	138	71	20	31	37	26	7	7	16	23	1	7	16	40	22	15	53	23	4	0	22	8	0	1	8	8	0	0	16	17	13	3	14
chr9	67730325	67730444	120	8	0	120	81	39	18	6	3	6	4	4	3	4	9	2	2	1	2	4	5	7	6	5	3	2	2	0	0	5	0	0	0	0	7	2	1	5
chr9	67730468	67730670	203	8	0	203	140	63	25	7	8	14	11	4	3	11	7	6	4	5	12	6	6	10	12	3	0	8	7	2	0	4	3	0	0	1	6	8	0	8
chr9	67730671	67730698	28	9	0	28	22	6	2	1	2	4	0	2	0	0	1	0	0	0	6	1	0	2	0	1	0	2	1	0	0	0	0	0	0	0	1	0	0	0
chr9	67730729	67730889	161	8	0	161	103	58	8	2	7	10	5	7	3	8	4	2	3	11	9	3	7	13	5	5	0	4	9	1	0	5	4	0	0	4	5	8	0	7
chr9	67730890	67730934	45	8	0	45	36	9	6	0	0	4	2	1	0	3	1	0	0	0	1	5	0	12	4	2	0	0	2	0	0	0	0	0	0	0	0	0	0	0
chr9	67730935	67731231	297	8	0	297	197	100	15	9	8	25	9	6	11	15	13	8	7	4	20	5	10	31	15	6	0	7	12	3	0	5	7	1	1	11	7	10	1	13
chr9	67731232	67731244	13	8	0	13	9	4	1	1	0	1	0	0	0	2	1	0	0	0	1	0	0	1	1	0	0	0	1	0	0	0	0	0	0	0	0	1	0	0
chr9	67731245	67731282	38	9	0	38	30	8	6	0	2	3	1	0	0	1	3	0	1	0	2	1	2	6	0	1	0	0	1	0	0	0	0	0	0	2	1	0	0	3
chr9	67731320	67731518	199	8	0	199	137	62	21	6	5	18	13	5	4	10	8	1	3	9	8	8	3	13	13	4	1	2	3	2	1	5	6	2	1	1	10	3	1	7
chr9	67731534	67731963	430	8	0	430	291	139	48	13	30	24	17	6	6	17	23	4	15	17	28	8	16	18	10	1	2	18	9	4	0	9	10	6	1	9	16	11	1	31
chr9	67731965	67732100	136	8	0	136	80	56	2	3	8	6	4	3	4	10	4	5	1	2	9	4	3	12	10	2	0	3	3	10	0	5	5	0	0	4	3	5	0	4
chr9	67732102	67732135	34	9	0	34	25	9	2	1	3	2	1	0	1	1	1	0	1	4	4	1	0	3	0	0	0	2	0	0	0	0	0	0	0	0	2	0	0	3
chr9	67732144	67732346	203	8	0	203	121	82	14	2	17	12	9	4	4	6	14	5	6	4	8	6	6	4	11	2	0	4	8	6	1	8	2	2	1	6	2	12	0	15
chr9	67732358	67732695	338	8	0	338	242	96	55	11	17	25	15	9	5	10	16	3	4	9	22	12	11	17	16	9	3	7	5	1	1	9	4	4	0	4	13	2	0	17
chr9	67732707	67732828	122	8	0	122	81	41	11	5	1	12	6	4	3	7	7	1	4	3	6	3	3	4	6	2	0	4	4	1	0	2	3	2	1	0	7	2	1	5
chr9	67732829	67732870	42	9	0	42	32	10	10	3	2	3	4	1	0	1	1	0	0	0	3	1	0	2	3	1	0	1	1	0	0	0	1	0	0	1	0	0	0	1
chr9	67732911	67733077	167	8	0	167	123	44	24	10	4	13	11	3	4	7	7	2	1	10	9	1	3	13	9	3	1	3	4	0	0	0	2	0	1	1	10	1	0	8
chr9	67733125	67733653	529	8	0	529	291	238	18	22	21	14	26	20	30	22	17	10	18	9	14	20	15	13	38	9	1	24	17	12	1	22	23	18	0	19	20	13	2	19
chr9	67733656	67733683	28	8	0	28	14	14	0	0	1	2	2	0	1	0	0	3	0	1	1	0	0	1	1	1	0	1	2	3	0	2	0	0	0	0	1	3	0	0
chr9	67733684	67734143	460	8	0	460	252	208	17	11	17	16	18	10	27	11	13	15	21	12	13	17	19	15	17	19	0	17	24	11	0	22	11	10	0	14	14	16	0	31
chr9	67734181	67734221	41	9	0	41	19	22	0	1	1	1	1	1	2	0	1	1	3	2	1	1	1	1	0	3	0	1	2	1	0	5	0	2	0	0	3	3	0	1
chr9	67734222	67734271	50	8	0	50	31	19	12	2	0	0	2	0	4	2	1	3	1	0	0	1	1	0	4	2	0	0	2	1	0	1	2	1	0	1	0	0	0	5
chr9	67734302	67734474	173	8	0	173	93	80	9	8	4	5	7	4	10	4	5	3	14	5	5	2	3	4	4	3	1	9	7	4	2	4	8	3	1	6	6	6	2	13
chr9	67734502	67734915	414	8	0	414	229	185	24	6	13	19	15	15	18	22	9	13	14	9	14	11	13	14	13	14	2	16	21	17	0	17	17	11	0	10	19	12	0	14
chr9	67734973	67735001	29	9	0	29	13	16	0	0	1	0	1	1	1	0	0	0	3	1	0	1	2	1	0	0	0	2	0	1	1	1	3	1	0	2	0	1	1	2
chr9	67735021	67735598	578	8	0	578	317	261	24	16	26	20	21	24	22	30	16	16	20	14	25	13	20	10	22	21	3	23	29	11	2	26	24	16	0	16	21	20	3	22
chr9	67735604	67735699	96	8	0	96	52	44	1	1	2	4	1	1	5	8	3	4	3	8	3	0	4	3	3	1	0	2	4	4	0	5	3	1	0	2	5	8	0	5
chr9	67735700	67735724	25	8	0	25	11	14	0	0	1	1	0	1	1	0	1	1	0	1	1	0	1	2	1	1	0	0	1	4	0	3	0	0	0	0	0	2	0	0
chr9	67735725	67736324	600	8	0	600	341	259	36	17	23	22	27	19	23	26	20	16	19	12	15	16	23	26	27	16	0	26	25	24	0	25	20	14	0	14	23	21	0	23
chr9	67736325	67736483	159	9	0	159	83	76	6	2	4	6	7	4	7	11	2	3	3	9	3	2	5	8	3	2	1	5	13	2	1	6	7	12	2	3	6	6	1	5
chr9	67736484	67736638	155	8	0	155	73	82	3	2	3	2	4	5	13	10	2	8	4	4	2	2	4	4	4	6	1	5	13	5	0	5	7	9	0	8	8	3	1	6
chr9	67736639	67736678	40	9	0	40	21	19	0	0	3	1	1	3	3	1	3	0	0	2	0	2	0	2	2	1	0	1	2	0	0	2	1	2	0	1	3	1	0	1
chr9	67736679	67736752	74	8	0	74	43	31	4	2	6	4	1	2	5	3	7	1	2	1	3	1	0	0	2	1	0	3	3	0	0	4	1	3	0	2	5	3	0	3
chr9	67736753	67736792	40	9	0	40	10	30	0	0	1	0	1	3	2	0	0	1	2	0	0	0	0	0	1	2	0	1	1	9	2	2	2	2	2	1	2	1	0	0
chr9	67736835	67737085	251	8	0	251	135	116	16	7	9	8	8	12	13	8	7	8	9	3	9	6	4	7	14	8	3	8	9	11	2	11	8	7	1	6	10	7	0	10
chr9	67737086	67737147	62	9	0	62	30	32	0	3	0	1	1	2	5	5	1	1	2	4	2	0	2	0	2	1	1	2	3	1	1	2	5	3	0	2	3	2	0	3
chr9	67737148	67737238	91	8	0	91	58	33	11	3	3	4	3	4	1	3	4	0	7	2	3	1	5	3	3	1	0	4	1	1	0	4	1	2	0	1	6	2	0	6
chr9	67737239	67737414	176	9	0	176	87	89	6	3	4	6	4	7	10	5	7	4	11	6	2	5	0	7	7	4	2	6	8	5	6	7	2	6	1	5	9	12	0	7
chr9	67737415	67737491	77	8	0	77	42	35	3	3	3	4	3	5	4	1	5	0	1	3	2	0	1	3	2	3	0	2	5	1	0	6	2	4	0	0	4	4	0	1
chr9	67737492	67737518	27	8	0	27	14	13	1	0	1	0	1	1	2	1	0	0	0	0	0	0	2	3	0	1	0	0	1	0	0	2	3	2	0	3	1	0	0	0
chr9	67737519	67737613	95	8	0	95	47	48	1	1	4	4	4	3	2	3	2	1	8	3	2	3	3	2	1	2	1	3	3	4	1	4	3	4	2	5	5	2	2	5
chr9	67737614	67737661	48	8	0	48	31	17	4	1	2	3	2	1	1	2	1	2	1	1	3	1	2	4	2	0	0	3	0	1	0	2	2	1	0	0	2	1	0	1
chr9	67737662	67737801	140	8	0	140	77	63	7	1	10	5	3	4	4	8	6	2	7	2	7	3	1	7	0	4	1	5	8	2	0	8	4	5	3	4	5	7	0	5
chr9	67737802	67737845	44	9	0	44	22	22	3	0	2	2	4	0	2	4	0	0	1	4	0	0	0	0	0	0	0	0	2	2	0	3	3	4	0	1	3	1	0	1
chr9	67737846	67738046	201	8	0	201	110	91	11	4	11	8	6	8	8	4	13	4	7	5	4	1	8	7	5	6	1	6	9	4	3	9	4	6	0	8	8	9	2	10
chr9	67738080	67739102	1023	8	0	1023	572	451	67	26	47	46	37	33	39	28	44	25	45	25	38	17	26	27	31	34	7	30	44	43	4	49	17	22	1	30	45	41	4	49
chr9	67739108	67739188	81	8	0	81	47	34	6	2	6	3	3	3	5	4	5	1	1	3	3	1	0	0	3	0	0	4	4	0	0	3	1	5	0	2	6	2	0	3
chr9	67739189	67739236	48	8	0	48	22	26	1	0	3	2	1	3	3	0	3	1	4	0	0	0	0	0	1	1	0	1	2	3	0	3	1	1	0	4	3	3	0	2
chr9	67739237	67739732	496	8	0	496	268	228	28	13	18	19	20	17	28	19	12	13	12	11	18	15	12	13	21	14	1	22	24	24	1	23	21	17	0	10	18	16	0	14
chr9	67739780	67739916	137	8	0	137	79	58	6	2	5	5	3	5	7	7	5	6	3	4	4	4	4	8	5	6	0	7	9	1	0	6	3	1	0	2	5	8	0	4
chr9	67739917	67739955	39	8	0	39	29	10	12	0	4	2	0	0	1	0	4	1	2	0	1	1	0	0	0	0	0	1	0	0	0	1	0	0	0	0	1	1	0	5
chr9	67739956	67740091	136	8	0	136	72	64	9	2	8	7	9	0	5	8	7	6	4	2	1	0	0	3	4	2	0	2	9	6	1	6	4	9	0	1	5	5	1	8
chr9	67740092	67740117	26	8	0	26	18	8	1	0	1	1	0	0	1	1	0	2	1	2	2	0	1	3	1	0	0	1	0	0	0	1	0	0	0	0	1	1	0	3
chr9	67740118	67740774	657	8	0	657	342	315	22	7	34	23	22	24	34	26	26	15	25	22	16	14	15	17	28	14	2	16	18	35	1	38	30	17	1	25	30	25	4	29
chr9	67740775	67742902	2128	8	0	2128	1269	859	152	45	84	135	81	58	93	63	78	35	69	56	105	50	59	104	76	52	6	54	83	50	5	97	57	62	6	73	79	71	7	81
chr9	67742912	67743032	121	8	0	121	47	74	0	2	1	2	3	3	13	1	2	3	12	1	0	2	2	0	3	1	1	5	4	2	2	8	8	7	4	10	5	6	1	5
chr9	67743183	67743201	19	9	0	19	10	9	1	0	0	3	0	0	0	1	2	0	0	0	0	0	0	2	0	0	0	0	1	0	3	0	0	2	0	0	0	1	1	0
chr9	67743202	67743470	269	9	0	269	201	68	33	9	12	28	15	5	3	11	7	3	7	3	27	11	3	23	13	2	2	11	3	0	0	2	9	0	0	5	8	3	2	7
chr9	67743518	67743691	174	9	0	174	74	100	7	2	2	3	2	7	9	4	3	4	12	7	2	5	5	0	2	7	3	5	10	7	3	9	3	8	7	8	7	8	5	6
chr9	67743693	67743726	34	9	0	34	13	21	1	0	1	1	1	1	2	0	0	0	2	1	1	1	0	0	1	1	0	1	2	2	1	3	1	3	1	1	0	2	1	0
chr9	67743727	67743799	73	9	0	73	43	30	12	0	2	7	4	3	0	1	3	0	3	0	2	2	2	2	1	2	0	1	1	1	3	3	1	5	3	1	4	0	0	2
chr9	67743804	67743843	40	9	0	40	32	8	5	2	1	5	2	1	0	1	2	0	1	1	5	0	1	3	1	0	0	2	0	0	0	1	0	0	0	0	3	1	0	0
chr9	67743881	67744218	338	9	0	338	225	113	35	15	11	26	15	5	12	8	11	5	10	11	26	4	13	17	10	4	2	13	12	3	0	7	10	4	0	10	7	11	2	17
chr9	67744256	67744822	567	9	0	567	376	191	68	23	26	31	28	13	17	24	28	9	10	13	25	19	18	22	39	7	1	17	11	6	0	16	14	8	0	12	19	12	3	26
chr9	67744823	67744846	24	9	0	24	16	8	0	0	1	0	0	0	1	0	0	0	1	3	1	1	3	3	1	0	0	0	0	0	0	1	0	0	0	2	0	1	0	3
chr9	67744847	67744883	37	9	0	37	26	11	3	2	0	3	1	0	1	4	2	1	1	2	2	0	0	3	2	0	0	1	2	0	0	0	0	0	0	0	2	2	0	1
chr9	67744884	67745032	149	9	0	149	88	61	5	8	4	3	3	6	9	3	1	3	6	7	11	2	6	11	7	6	0	6	6	2	0	7	3	2	0	3	4	4	0	9
chr9	67745033	67745309	277	9	0	277	172	105	26	9	17	12	10	6	13	9	15	7	5	5	14	7	7	8	14	7	1	7	7	2	0	14	5	6	0	9	12	8	1	12
chr9	67745310	67745341	32	9	0	32	22	10	4	1	1	3	3	0	1	1	1	0	1	1	1	0	1	1	1	0	0	1	1	0	0	0	1	0	0	3	2	1	0	0
chr9	67745342	67745373	32	9	0	32	21	11	3	2	1	1	2	0	1	1	1	1	1	0	1	1	2	2	0	1	0	4	2	0	0	0	0	0	0	0	1	1	0	1
chr9	67745374	67747109	1736	9	0	1736	1035	701	105	47	72	100	66	31	65	75	69	41	62	49	84	35	47	86	58	33	5	58	73	36	10	66	41	44	8	47	66	71	9	75
chr9	67747110	67747138	29	9	0	29	17	12	1	1	1	2	0	0	1	3	2	0	0	1	2	0	1	1	1	0	0	0	0	1	0	2	2	2	0	0	1	0	1	1
chr9	67747139	67747199	61	9	0	61	38	23	1	3	1	5	3	1	2	4	3	2	1	2	3	2	2	3	3	2	0	2	3	1	0	1	0	1	0	1	4	1	0	2
chr9	67747202	67747952	751	9	0	751	471	280	52	25	25	42	23	29	21	42	26	16	21	14	43	18	15	57	45	18	4	21	26	18	2	25	21	9	4	10	23	26	2	26
chr9	67747960	67748271	312	9	0	312	187	125	20	12	5	18	10	17	14	14	13	5	9	11	11	6	10	11	15	12	0	12	19	5	0	7	7	3	0	6	14	11	0	13
chr9	67748272	67748317	46	9	0	46	28	18	3	1	4	1	1	1	2	4	3	3	1	0	1	0	0	1	4	0	0	1	1	0	0	1	2	1	0	1	2	1	0	4
chr9	67748357	67748389	33	9	0	33	24	9	2	2	0	4	3	0	1	1	2	0	1	2	0	1	1	2	2	0	0	1	1	0	0	0	0	0	0	0	2	1	0	2
chr9	67748390	67750826	2437	9	0	2437	1636	801	257	95	113	151	99	56	70	94	95	41	47	64	165	71	89	127	116	45	6	96	59	25	2	61	56	35	4	49	88	42	4	113
chr9	67750828	67751334	507	9	0	507	323	184	49	10	14	41	18	8	21	22	15	12	10	8	33	11	11	39	23	8	0	10	19	22	1	15	12	16	0	12	15	10	1	19
chr9	67751370	67751668	299	9	0	299	138	161	10	4	13	5	7	15	16	15	12	5	16	7	3	2	4	3	11	8	0	7	19	20	0	16	14	9	3	12	9	18	1	13
chr9	67751705	67751950	246	9	0	246	130	116	12	8	12	7	14	2	10	15	6	6	5	7	7	9	3	5	8	7	2	8	14	11	3	9	11	10	2	7	8	9	1	6
chr9	67751951	67751984	34	9	0	34	23	11	5	1	3	1	1	1	1	0	1	0	0	1	3	1	2	2	1	1	0	1	0	0	0	2	0	1	0	1	1	0	0	1
chr9	67751985	67752869	885	9	0	885	549	336	68	30	45	41	40	18	29	39	43	29	32	30	33	16	21	34	36	19	2	36	31	20	0	26	13	9	1	9	47	29	1	56
chr9	67752877	67753053	177	9	0	177	115	62	12	8	3	14	11	4	8	8	6	2	5	3	7	6	5	11	12	4	1	3	5	0	0	3	7	3	0	8	7	1	1	7
chr9	67753067	67753360	294	9	0	294	175	119	21	10	14	13	12	7	17	10	17	4	9	11	8	6	5	9	9	7	1	10	10	3	1	9	12	7	0	9	16	6	2	17
chr9	67753438	67753986	549	9	0	549	330	219	49	16	32	30	25	10	23	16	25	11	16	11	28	13	14	11	21	11	0	18	18	16	1	19	18	14	2	16	17	14	1	31
chr9	67754017	67755680	1664	9	0	1664	998	666	103	42	61	91	74	55	80	64	45	32	46	53	75	39	40	96	77	32	2	57	57	51	0	46	80	32	3	53	61	39	5	71
chr9	67755682	67756026	345	9	0	345	258	87	47	11	9	35	20	7	7	15	11	4	6	10	25	12	1	36	16	4	3	11	5	1	1	1	9	1	0	4	20	2	2	7
chr9	67756027	67756053	27	9	0	27	19	8	4	1	0	2	1	3	0	2	2	0	0	0	0	1	0	2	4	0	1	0	0	0	0	0	0	0	0	0	2	0	0	0
chr9	67756054	67758635	2582	9	0	2582	1763	819	274	106	106	178	113	62	72	97	117	33	65	60	160	84	78	157	137	45	4	99	52	27	4	55	52	23	2	43	103	43	6	123
chr9	67758636	67758675	40	7	0	40	32	8	5	1	1	5	2	0	0	2	1	1	0	0	4	2	2	5	3	0	0	1	0	0	0	0	0	0	0	1	1	0	0	1
chr9	67758676	67758946	271	9	0	271	212	59	29	11	8	32	7	1	5	15	11	1	2	9	33	7	5	35	13	1	1	5	4	0	1	1	3	2	1	4	8	3	1	10
chr9	67758947	67758990	44	7	0	44	29	15	4	2	1	5	2	0	2	1	3	0	2	1	3	1	1	1	0	1	0	1	0	1	0	2	2	0	0	0	3	1	0	2
chr9	67758991	67759740	750	9	0	750	545	205	96	26	30	68	38	15	12	29	28	3	7	27	59	33	20	52	32	11	4	30	12	4	4	11	16	6	1	9	34	10	1	20
chr9	67759741	67759790	50	7	0	50	34	16	3	0	2	6	1	1	2	0	1	1	2	1	6	0	1	7	0	1	0	1	1	0	0	2	2	1	0	1	1	1	0	3
chr9	67759791	67760145	355	9	0	355	210	145	25	7	14	17	14	12	13	12	11	5	10	12	13	11	10	22	8	14	2	11	17	8	1	14	11	11	1	9	16	7	2	13
chr9	67760146	67760170	25	7	0	25	15	10	3	0	1	0	2	0	2	0	0	2	3	0	0	0	0	0	2	0	0	1	0	0	0	0	1	0	0	1	1	0	0	4
chr9	67760171	67760343	173	9	0	173	113	60	21	6	10	10	6	4	5	4	12	1	4	6	6	4	6	6	4	3	0	8	6	2	0	6	3	3	0	2	6	6	2	9
chr9	67760344	67760388	45	7	0	45	29	16	4	2	2	2	1	0	3	1	2	0	1	2	3	2	0	3	1	0	1	2	0	0	0	2	1	2	0	1	3	0	1	1
chr9	67760391	67760778	388	9	0	388	251	137	37	7	20	29	13	9	17	13	21	8	3	13	21	10	12	17	16	4	1	13	11	3	2	13	13	3	0	12	12	19	1	13
chr9	67760792	67761326	535	9	0	535	378	157	63	18	18	44	17	16	13	26	26	5	20	17	38	10	13	33	26	5	2	16	12	2	0	5	6	1	0	13	28	10	0	30
chr9	67761333	67763326	1994	9	0	1994	1052	942	86	57	77	62	70	85	113	72	58	42	85	51	66	36	39	51	75	52	11	82	102	68	9	71	88	65	4	79	75	65	14	82
chr9	67763379	67763727	349	9	0	349	211	138	26	16	14	15	11	7	19	15	17	10	15	5	16	4	7	13	13	5	1	18	11	9	0	9	8	4	0	12	20	11	1	15
chr9	67763744	67765288	1545	9	0	1545	888	657	106	48	62	67	68	45	59	73	63	29	48	46	45	37	42	48	67	42	4	46	68	57	4	57	46	33	2	45	65	54	4	63
chr9	67765305	67767510	2206	9	0	2206	1436	770	219	96	96	124	108	65	75	77	104	43	50	71	104	45	58	100	122	52	8	67	59	29	1	58	45	24	1	36	99	42	8	118
chr9	67767519	67767679	161	9	0	161	74	87	10	1	3	2	6	7	10	6	2	1	12	4	0	4	4	0	3	3	1	6	10	5	2	8	10	10	0	10	6	7	1	5
chr9	67767680	67769237	1558	9	0	1558	894	664	120	42	58	66	62	56	86	56	64	26	51	37	41	34	44	49	62	41	2	53	64	41	3	50	63	39	1	67	71	37	0	70
chr9	67769238	67769279	42	8	0	42	23	19	4	0	4	1	1	0	3	0	2	2	0	0	2	2	1	1	1	2	0	1	1	2	0	2	2	1	0	1	0	1	0	3
chr9	67769280	67770398	1119	9	0	1119	608	511	56	26	47	42	49	33	46	59	36	32	50	25	30	26	28	22	46	23	2	46	57	51	1	39	31	31	1	39	53	43	0	47
chr9	67770399	67770442	44	8	0	44	22	22	1	0	1	2	1	2	4	1	1	2	1	2	1	1	0	0	1	2	0	2	4	2	0	1	2	0	0	2	1	3	0	2
chr9	67770443	67770549	107	9	0	107	46	61	3	3	3	2	1	8	7	2	4	1	5	0	2	1	3	0	5	3	0	5	7	11	0	5	5	6	0	3	1	4	0	5
chr9	67770595	67771275	681	9	0	681	376	305	53	14	36	24	29	20	30	32	27	17	22	18	18	8	18	10	24	16	0	19	34	25	0	27	23	25	0	26	29	21	0	34
chr9	67771276	67771296	21	7	0	21	11	10	1	0	0	2	1	0	1	2	1	1	0	2	0	0	0	0	1	0	0	0	2	0	0	1	0	0	0	0	1	3	0	0
chr9	67771304	67773519	2216	9	0	2216	1167	1049	101	56	89	70	76	72	133	84	79	51	88	52	60	42	57	56	79	60	7	74	111	72	8	101	91	83	5	87	84	77	4	105
chr9	67773521	67773612	92	9	0	92	48	44	11	2	0	3	1	6	5	3	2	1	4	1	1	0	4	3	2	5	0	2	8	3	0	5	3	3	0	4	2	5	0	1
chr9	67773613	67773666	54	8	0	54	25	29	2	1	0	1	2	4	3	3	1	2	3	1	0	0	0	0	1	1	1	4	4	1	2	0	4	3	0	1	3	2	1	1
chr9	67773667	67774010	344	9	0	344	282	62	66	7	9	47	8	3	2	8	11	2	3	5	44	4	13	48	7	0	0	9	4	2	0	5	4	4	1	5	6	5	1	9
chr9	67774012	67774540	529	9	0	529	400	129	82	22	19	45	18	10	4	27	16	3	7	12	53	12	17	52	26	5	1	14	4	6	0	8	17	4	0	5	12	3	3	20
chr9	67774541	67774584	44	8	0	44	41	3	6	1	0	11	1	0	0	0	0	0	0	0	11	2	1	7	1	0	0	1	0	0	0	0	0	0	0	0	0	0	0	0
chr9	67774585	67775275	691	9	0	691	512	179	101	21	29	59	28	11	12	31	30	9	7	20	51	17	20	64	30	6	3	19	13	5	0	3	12	5	1	16	27	5	4	30
chr9	67775276	67775416	141	9	0	141	100	41	8	4	6	13	3	5	5	6	6	4	4	4	13	3	4	10	8	2	0	6	1	0	0	2	1	1	0	2	9	0	0	9
chr9	67775418	67775665	248	9	0	248	109	139	26	3	4	5	6	8	10	4	4	8	14	6	3	2	4	1	3	7	4	7	10	10	15	8	8	15	11	8	7	10	6	9
chr9	67775701	67776071	371	9	0	371	270	101	40	10	15	31	15	10	10	20	17	11	5	4	25	16	6	33	22	4	0	21	5	0	0	4	6	0	0	2	23	5	0	9
chr9	67776072	67779109	3038	10	0	3038	2005	1033	295	98	132	195	132	70	85	135	119	50	75	84	174	85	95	180	128	63	7	105	79	40	6	75	76	39	4	83	139	58	5	125
chr9	67779156	67781067	1912	10	0	1912	1261	651	186	68	110	115	94	50	47	59	85	35	49	41	114	46	61	101	88	34	3	73	46	15	6	44	48	25	4	53	68	37	8	97
chr9	67781068	67781110	43	9	0	43	19	24	2	0	1	0	1	1	3	0	1	0	3	0	0	2	4	0	1	0	0	2	1	2	0	3	1	4	1	4	2	0	0	2
chr9	67781111	67782962	1852	10	0	1852	1264	588	201	55	73	138	48	60	52	66	68	15	43	50	150	60	53	130	79	29	10	72	44	13	8	45	35	32	4	41	69	36	8	63
chr9	67782972	67783308	337	10	0	337	194	143	28	9	17	16	15	7	17	11	16	6	8	17	10	5	5	6	12	7	0	8	11	12	1	16	10	10	0	8	17	12	3	15
chr9	67783351	67783899	549	10	0	549	361	188	48	16	19	44	21	9	21	21	25	9	19	15	33	15	20	26	17	9	0	23	13	6	0	16	16	6	0	12	26	15	0	27
chr9	67783900	67784033	134	10	0	134	86	48	24	4	7	7	2	2	5	3	8	2	2	3	7	2	4	3	2	1	3	4	1	3	1	3	5	2	3	4	4	3	1	7
chr9	67784034	67784174	141	10	0	141	83	58	13	2	9	5	6	5	6	2	7	5	6	3	3	4	5	2	6	3	1	6	3	1	0	2	5	2	3	4	5	1	0	14
chr9	67784184	67787555	3372	10	0	3372	2253	1119	329	119	145	230	147	69	90	149	150	46	87	103	196	82	102	208	134	50	6	126	91	45	3	81	71	55	4	66	158	70	7	151
chr9	67787632	67788043	412	10	0	412	296	116	45	20	18	38	21	4	6	23	17	2	3	9	39	11	16	22	18	2	0	18	8	3	1	5	10	6	0	14	18	6	1	6
chr9	67788061	67790382	2322	10	0	2322	1680	642	302	60	92	214	97	42	43	106	88	29	40	73	181	67	61	183	91	28	3	76	48	18	4	35	49	19	0	40	100	40	5	86
chr9	67790383	67790412	30	9	0	30	19	11	4	1	3	1	2	1	0	0	3	0	0	1	1	0	1	0	0	2	0	0	2	0	0	2	0	0	0	0	1	2	0	1
chr9	67790413	67790609	197	10	0	197	142	55	23	7	9	17	5	4	4	8	11	1	2	8	16	5	8	13	5	4	0	8	3	1	0	6	3	0	0	3	10	5	0	6
chr9	67793423	67793457	35	8	0	35	22	13	4	0	2	3	2	0	3	0	4	0	2	0	0	0	0	0	0	0	0	0	0	0	0	1	3	0	0	3	2	1	0	3
chr9	67797613	67797646	34	8	0	34	25	9	0	0	0	0	0	0	0	0	0	0	0	8	0	0	8	8	0	0	0	0	0	0	0	0	0	0	0	0	0	0	0	8
chr9	67798718	67799033	316	8	0	316	131	185	32	3	2	7	4	11	13	6	4	7	20	6	4	4	5	3	4	9	5	7	12	13	18	14	8	25	20	11	10	12	7	8
chr9	67800619	67800651	33	8	0	33	25	8	6	2	2	2	1	0	0	2	3	0	0	1	1	1	1	1	2	0	0	1	1	0	0	0	0	0	0	0	1	1	0	2
chr9	67800752	67800787	36	8	0	36	26	10	7	2	3	1	4	0	0	0	1	0	1	0	2	1	1	1	1	0	0	2	0	0	0	1	2	1	0	1	1	0	0	1
chr9	67800927	67800963	37	8	0	37	29	8	13	1	4	1	2	0	0	0	0	0	1	0	3	2	0	1	1	1	0	1	0	0	0	1	1	0	0	1	0	0	0	1
chr9	67801048	67801107	60	8	0	60	31	29	1	2	0	3	1	2	1	2	1	1	3	3	3	0	5	2	0	2	1	2	3	5	0	2	3	0	0	2	1	3	1	3
chr9	67801163	67801421	259	8	0	259	166	93	18	11	5	18	14	8	3	22	13	5	5	9	7	5	7	15	15	6	0	7	11	2	2	3	7	2	3	2	15	8	1	8
chr9	67801529	67801568	40	8	0	40	22	18	1	3	1	1	2	3	2	1	2	2	0	0	1	1	2	0	3	1	0	5	3	0	0	0	0	1	0	0	2	1	0	0
chr9	67801807	67801875	69	8	0	69	41	28	8	0	2	5	3	0	4	2	2	2	3	2	2	1	1	2	0	3	0	0	5	2	0	1	2	3	0	3	3	0	0	6
chr9	67802006	67802061	56	8	0	56	36	20	7	2	2	3	4	3	2	2	0	1	1	1	3	1	0	4	5	1	0	0	3	0	0	0	2	1	0	3	0	1	0	2
chr9	67802137	67802161	25	8	0	25	16	9	2	0	0	2	2	0	0	1	1	1	0	1	0	2	0	2	0	1	2	0	1	1	0	1	0	0	0	0	2	1	0	0
chr9	67802162	67802272	111	8	0	111	77	34	14	6	3	5	4	1	2	8	3	4	2	1	7	5	2	8	10	3	1	2	3	2	1	2	0	0	0	0	2	3	0	5
chr9	67802334	67802393	60	8	0	60	36	24	3	1	0	4	2	11	1	3	0	0	0	1	3	2	1	4	11	0	2	1	1	0	0	0	4	1	1	0	1	0	0	0
chr9	67802461	67802524	64	8	0	64	38	26	7	0	4	4	2	2	3	3	3	1	1	2	2	0	2	0	1	1	0	1	3	0	0	3	4	3	0	3	2	2	0	3
chr9	67803093	67803151	59	8	0	59	46	13	2	2	0	8	0	0	1	5	3	0	1	4	5	0	4	9	0	0	0	2	0	0	0	1	2	0	0	0	4	1	0	3
chr9	67803549	67803589	41	8	0	41	23	18	0	3	2	2	5	0	0	2	0	1	1	0	2	2	1	0	4	2	0	0	2	2	0	2	1	2	0	1	1	0	0	1
chr9	67803725	67803766	42	8	0	42	23	19	3	1	2	1	1	0	1	2	3	0	3	2	0	1	1	1	0	1	0	1	2	2	0	4	0	0	0	0	2	4	0	2
chr9	67804226	67804260	35	8	0	35	27	8	1	1	1	3	0	2	0	0	0	0	1	0	5	4	2	7	1	0	0	4	0	0	0	0	0	0	0	0	1	0	0	0
chr9	67804509	67804565	57	8	0	57	39	18	4	3	0	7	1	0	4	2	5	0	1	1	4	0	4	2	1	1	0	1	1	0	0	0	2	0	0	3	3	0	0	5
chr9	67807209	67807234	26	8	0	26	9	17	0	0	0	0	0	0	2	1	0	0	1	2	0	1	1	0	1	0	0	0	0	6	0	3	0	2	0	1	2	1	0	0
chr9	67808241	67808265	25	8	0	25	13	12	1	0	0	0	1	1	1	1	0	2	4	1	0	0	0	0	2	0	0	1	1	0	0	0	0	0	0	0	1	1	1	4
chr9	67810398	67810424	27	9	0	27	17	10	4	0	2	1	1	1	1	2	1	0	0	1	0	0	0	2	0	0	0	1	1	0	0	1	3	1	0	0	0	1	0	1
chr9	67813958	67814016	59	9	0	59	43	16	13	3	1	5	1	0	0	0	2	0	1	0	6	1	5	3	0	2	1	2	1	2	0	3	0	1	0	1	0	1	1	1
chr9	67814121	67814146	26	9	0	26	16	10	3	1	1	1	0	1	1	1	1	0	2	0	2	0	0	0	0	2	0	1	1	0	0	2	0	0	0	0	2	1	0	1
chr9	67814207	67814266	60	9	0	60	39	21	6	0	4	4	1	1	1	3	3	2	3	0	5	1	1	3	1	1	0	2	2	1	0	3	1	1	0	0	2	2	0	4
chr9	67814455	67814542	88	9	0	88	71	17	14	3	3	8	2	0	0	5	2	0	0	2	10	8	5	7	5	1	0	5	1	0	0	1	0	0	0	0	1	1	0	2
chr9	67814892	67814959	68	9	0	68	48	20	1	1	2	5	3	1	2	7	2	1	0	5	3	3	0	10	4	1	0	1	0	0	0	2	3	0	0	1	6	1	0	1
chr9	67815182	67815217	36	9	0	36	18	18	2	0	2	1	1	0	0	1	0	1	2	1	3	0	2	1	0	1	0	0	2	5	0	3	0	1	0	1	0	2	0	2
chr9	67815392	67815478	87	9	0	87	58	29	6	2	5	4	3	0	4	2	2	2	6	5	6	1	1	7	1	1	0	3	1	0	0	3	0	2	0	2	7	1	0	8
chr9	67815647	67815772	126	9	0	126	95	31	22	2	4	11	2	2	3	4	4	2	2	1	11	7	8	10	3	1	0	8	1	0	0	1	1	1	0	4	5	0	0	4
chr9	67815930	67816048	119	9	0	119	81	38	11	4	8	10	6	2	4	1	9	2	3	1	7	3	3	6	5	3	0	3	1	1	0	5	3	0	0	1	4	3	0	8
chr9	67816117	67816187	71	9	0	71	57	14	16	0	2	9	3	0	0	4	2	1	0	3	6	3	3	4	3	0	0	1	0	0	0	1	1	0	0	1	3	1	0	2
chr9	67816508	67816553	46	9	0	46	39	7	11	1	1	5	2	0	0	0	1	0	0	0	4	2	2	8	1	0	0	2	0	0	0	1	0	1	0	1	1	0	0	0
chr9	67816619	67816661	43	9	0	43	27	16	4	2	3	0	0	1	1	2	1	0	1	2	4	1	1	4	1	1	0	1	2	1	0	2	1	1	0	0	0	1	0	3
chr9	67816819	67816859	41	9	0	41	31	10	6	1	2	5	3	0	1	2	2	1	1	0	3	1	0	2	2	0	0	1	0	0	0	0	2	0	0	0	2	0	0	2
chr9	67816963	67817085	123	9	0	123	86	37	9	6	4	10	5	4	2	10	5	2	0	3	10	1	4	11	6	3	0	4	3	0	0	3	5	0	0	1	6	3	0	1
chr9	67817498	67817648	151	9	0	151	98	53	13	3	10	9	7	4	6	1	9	3	1	8	6	4	4	8	6	3	1	5	4	3	1	3	3	1	0	2	5	4	0	12
chr9	67818072	67818113	42	9	0	42	21	21	2	0	0	4	2	3	3	2	1	0	2	0	1	1	0	0	1	1	0	2	4	2	0	0	3	2	0	1	2	0	0	1
chr9	67819233	67819274	42	9	0	42	26	16	2	0	1	2	1	2	1	2	1	0	5	2	1	1	1	3	1	1	0	0	1	0	0	0	3	0	0	1	1	0	0	7
chr9	67819401	67819521	121	9	0	121	83	38	18	4	4	8	7	5	6	3	2	4	1	7	7	0	1	6	9	1	0	3	1	1	0	2	3	0	0	3	7	2	0	4
chr9	67819814	67819971	158	9	0	158	117	41	18	6	8	17	7	3	2	4	4	3	1	2	20	3	4	13	6	4	0	5	2	1	0	6	3	1	0	2	5	3	0	3
chr9	67820206	67820298	93	9	0	93	67	26	17	1	4	8	5	1	1	4	3	1	3	4	6	0	2	6	1	1	0	1	1	1	0	3	4	0	0	2	5	2	0	4
chr9	67820623	67820710	88	9	0	88	70	18	7	1	1	8	2	2	0	5	1	1	2	4	7	5	4	19	7	0	0	2	1	0	0	0	0	0	0	0	1	1	0	5
chr9	67821172	67821359	188	9	0	188	122	66	20	9	7	13	9	4	7	5	5	4	3	5	15	4	4	7	10	4	2	5	5	3	0	7	5	4	1	2	5	4	1	7
chr9	67821410	67821461	52	9	0	52	35	17	10	5	2	1	4	0	0	1	3	1	1	0	2	2	2	0	4	1	1	1	1	0	1	2	0	0	0	0	0	3	0	2
chr9	67821569	67821615	47	9	0	47	37	10	10	1	1	5	3	1	0	0	1	1	0	3	3	1	2	4	1	0	1	2	0	0	0	0	0	0	0	0	4	0	0	1
chr9	67821811	67821843	33	9	0	33	20	13	1	0	2	2	3	0	1	3	1	1	1	0	1	1	1	1	1	0	0	1	0	0	0	1	3	1	0	2	3	0	0	0
chr9	67821901	67821931	31	9	0	31	21	10	7	1	2	2	1	0	1	1	1	1	0	0	3	0	0	1	0	0	0	1	1	0	0	1	1	2	0	1	1	0	0	0
chr9	67822172	67822210	39	8	0	39	29	10	4	2	0	5	2	0	0	2	2	0	1	0	3	1	1	5	3	0	0	1	0	1	1	0	0	0	0	0	1	1	0	1
chr9	67822633	67822701	69	9	0	69	55	14	9	3	3	9	2	1	1	2	6	0	0	0	7	3	3	5	4	0	0	3	0	0	0	0	0	0	0	0	2	0	0	4
chr9	67823063	67823090	28	9	0	28	18	10	2	0	0	3	2	0	0	1	0	1	1	1	1	0	1	4	0	0	0	0	1	0	1	0	1	1	0	2	1	1	1	0
chr9	67823173	67823459	287	9	0	287	179	108	28	9	8	19	14	10	15	9	10	6	8	8	12	10	3	9	17	6	3	9	10	5	0	5	4	5	1	10	17	5	0	10
chr9	67823601	67823627	27	9	0	27	18	9	4	0	0	3	0	1	1	2	1	0	1	0	2	0	0	2	1	0	0	0	1	0	0	1	1	2	0	0	1	0	0	1
chr9	67823756	67823806	51	9	0	51	35	16	5	1	4	5	3	2	1	0	4	0	0	0	3	1	1	5	1	1	0	1	2	0	0	1	2	1	0	1	1	1	0	2
chr9	67823967	67824087	121	9	0	121	71	50	10	3	8	3	5	3	4	6	5	0	8	4	4	2	1	5	3	3	0	1	4	0	0	6	6	4	0	4	4	3	0	10
chr9	67825135	67825161	27	8	0	27	18	9	3	2	2	0	2	0	1	1	2	1	2	0	0	0	0	0	2	0	0	2	0	0	0	0	0	0	0	0	2	0	0	3
chr9	67825648	67825682	35	8	0	35	20	15	1	1	4	0	1	0	2	0	2	1	2	0	2	3	1	0	1	0	0	4	0	0	0	1	0	1	0	1	1	0	1	3
chr9	67828116	67828157	42	9	0	42	28	14	5	2	1	3	1	0	2	3	3	0	0	0	2	1	3	2	1	1	0	0	1	0	0	0	1	0	0	5	2	0	0	1
chr9	67829310	67829350	41	9	0	41	29	12	6	0	1	5	2	1	0	1	3	1	0	1	2	0	0	4	1	0	0	1	2	2	1	0	0	0	0	0	1	3	1	0
chr9	67829457	67829494	38	9	0	38	14	24	0	0	1	0	1	4	3	0	0	1	3	0	0	0	0	0	1	2	0	2	3	3	0	2	3	1	0	2	1	1	0	2
chr9	67829697	67829842	146	9	0	146	109	37	5	2	2	4	0	3	2	10	2	0	1	3	6	6	4	58	6	4	0	1	6	2	0	1	3	2	1	4	0	2	1	3
chr9	67829927	67830100	174	9	0	174	106	68	5	6	5	13	6	7	9	6	6	4	6	5	12	4	6	6	6	5	0	10	8	2	0	3	7	1	0	4	6	5	0	9
chr9	67830158	67830183	26	9	0	26	18	8	4	0	0	2	0	0	1	1	1	0	1	0	2	1	1	2	0	1	0	0	1	0	0	2	1	1	0	0	0	1	0	1
chr9	67830455	67830530	76	9	0	76	48	28	4	0	3	5	2	3	2	5	3	3	1	4	4	2	2	4	4	1	1	1	4	0	0	1	1	2	0	1	3	2	1	5
chr9	67830660	67830748	89	9	0	89	60	29	8	4	4	6	5	1	2	4	4	0	3	4	4	3	3	4	4	2	0	2	2	0	0	2	3	0	0	2	3	2	0	6
chr9	67831418	67831497	80	9	0	80	42	38	4	4	2	2	4	3	4	4	2	4	2	1	2	2	1	1	5	4	1	3	2	4	0	4	2	0	1	1	5	3	0	1
chr9	67831637	67831784	148	9	0	148	98	50	13	5	7	6	6	3	3	7	6	4	4	5	6	4	6	12	5	1	0	9	4	2	0	3	3	0	0	3	7	6	0	6
chr9	67832324	67832348	25	9	0	25	13	12	0	1	0	0	2	2	2	1	0	2	1	1	0	0	0	0	3	2	0	0	2	0	0	0	0	0	0	0	2	0	0	2
chr9	67832405	67832437	33	9	0	33	13	20	0	0	3	0	0	1	1	0	3	2	3	0	0	0	0	0	1	1	1	0	1	1	1	2	0	1	0	1	0	3	1	4
chr9	67832491	67832538	48	9	0	48	14	34	0	2	0	0	1	0	6	0	0	0	4	0	0	0	0	0	1	1	0	0	5	3	0	5	1	5	3	5	0	4	0	0
chr9	67832591	67832639	49	9	0	49	24	25	3	0	2	1	1	6	3	1	2	3	1	0	0	0	0	0	3	2	1	2	2	1	0	1	3	0	1	2	3	1	0	2
chr9	67833188	67833235	48	9	0	48	22	26	3	1	2	0	1	4	1	0	2	1	3	1	0	0	1	1	1	2	1	1	2	2	2	2	2	0	1	1	1	4	0	3
chr9	67833477	67833578	102	9	0	102	46	56	8	1	7	0	1	3	1	1	6	2	9	1	1	3	2	0	1	5	2	1	3	8	1	11	1	1	1	1	1	8	3	6
chr9	67833728	67833757	30	9	0	30	13	17	1	0	2	0	0	2	1	0	1	0	4	0	0	0	0	0	0	1	0	1	1	2	0	3	1	1	0	2	1	2	0	2
chr9	67833895	67833945	51	9	0	51	28	23	10	1	4	1	2	0	0	2	3	1	0	1	1	0	1	0	1	0	1	0	2	6	1	2	1	1	0	2	0	3	0	2
chr9	67834105	67834270	166	9	0	166	79	87	19	6	5	3	3	7	0	5	11	2	9	3	0	2	2	1	1	9	5	2	9	21	4	4	1	1	3	1	4	8	4	9
chr9	67834363	67834412	50	9	0	50	30	20	2	1	4	3	2	0	3	2	5	2	1	1	1	1	0	2	1	1	0	2	1	1	1	0	2	0	0	0	2	1	1	5
chr9	67834589	67834629	41	9	0	41	29	12	5	0	1	3	2	0	0	2	0	0	1	1	2	4	2	4	1	2	0	1	2	0	0	2	0	2	0	0	1	0	0	1
chr9	67834942	67835008	67	9	0	67	48	19	10	1	3	6	4	1	1	2	7	1	2	3	0	1	2	3	2	1	0	1	1	0	0	1	0	0	0	0	5	1	0	6
chr9	67835222	67835272	51	9	0	51	35	16	5	0	3	5	1	2	0	1	5	0	1	2	2	1	3	4	0	2	0	1	1	0	0	0	0	0	0	2	2	0	2	4
chr9	67835666	67835817	152	9	0	152	105	47	17	6	3	12	10	3	4	11	8	1	1	11	4	1	1	10	6	2	1	2	4	1	0	2	5	0	1	2	14	4	0	3
chr9	67835961	67836025	65	9	0	65	47	18	10	0	4	6	1	0	0	2	5	0	2	1	3	1	3	7	0	0	0	1	1	2	0	2	0	1	0	3	3	2	0	3
chr9	67836239	67836346	108	9	0	108	78	30	19	6	6	6	3	0	2	4	6	2	1	3	9	2	4	3	1	2	2	5	2	1	0	1	2	1	0	1	4	0	2	6
chr9	67836460	67836487	28	9	0	28	18	10	3	1	0	1	1	1	1	1	1	0	2	0	1	3	0	0	2	1	0	2	1	0	0	1	0	0	0	0	1	1	0	1
chr9	67836636	67836670	35	9	0	35	26	9	8	2	1	3	2	0	0	3	3	0	1	0	1	0	0	1	1	1	0	0	1	0	0	0	0	0	0	1	3	0	0	1
chr9	67836722	67836941	220	9	0	220	115	105	19	5	3	10	5	8	7	4	7	7	10	8	6	4	6	6	5	8	5	6	7	4	11	7	1	9	3	5	11	8	6	7
chr9	67837003	67837061	59	9	0	59	38	21	16	3	2	0	4	4	2	0	0	2	2	0	1	0	1	0	6	1	0	3	2	0	0	2	0	2	0	0	2	1	0	1
chr9	67837246	67837361	116	9	0	116	73	43	6	6	5	6	6	3	5	3	2	2	3	1	9	2	3	10	6	2	1	4	1	1	1	4	9	2	0	3	2	2	0	4
chr9	67837554	67837638	85	9	0	85	64	21	15	2	3	9	4	1	3	3	1	1	1	3	9	5	1	3	5	0	0	4	2	0	0	0	1	1	0	0	2	0	0	4
chr9	67837771	67837950	180	9	0	180	101	79	16	13	6	3	8	3	8	4	4	3	11	3	10	3	3	2	7	7	0	7	5	2	3	8	3	5	2	8	9	4	3	5
chr9	67838110	67838380	271	9	0	271	190	81	39	11	10	20	11	10	3	10	10	1	4	6	19	12	7	16	21	4	4	5	4	4	1	4	4	2	2	4	5	3	2	11
chr9	67838453	67838526	74	9	0	74	39	35	4	4	3	1	6	4	3	1	1	1	0	2	1	2	2	3	5	1	2	3	3	5	0	2	4	4	0	1	2	0	0	2
chr9	67838598	67838624	27	9	0	27	17	10	1	1	0	1	1	0	2	1	0	1	0	1	1	1	3	3	1	1	0	1	0	0	0	1	1	0	0	1	1	0	0	1
chr9	67838691	67838741	51	9	0	51	33	18	3	1	3	3	3	1	2	2	3	1	1	1	1	3	2	2	5	0	0	2	0	0	0	0	1	1	0	2	2	0	0	4
chr9	67839254	67839313	60	9	0	60	45	15	6	1	3	5	1	1	2	1	2	1	1	3	7	1	3	5	3	0	0	2	1	0	0	0	1	0	0	1	0	1	0	6
chr9	67839741	67839770	30	9	0	30	20	10	3	0	2	1	1	0	0	2	1	0	1	2	2	0	2	1	0	0	0	0	1	0	0	1	1	1	0	2	1	1	0	2
chr9	67840162	67840228	67	9	0	67	37	30	3	2	3	1	2	2	3	0	1	4	4	2	3	3	3	1	3	2	1	5	1	2	0	2	1	0	0	0	2	2	1	6
chr9	67840403	67840499	97	9	0	97	58	39	9	3	3	4	2	3	5	2	4	1	5	4	4	3	0	4	5	1	0	4	2	5	0	6	1	1	0	0	5	6	0	3
chr9	67841019	67841107	89	9	0	89	56	33	7	8	4	3	5	2	2	5	3	2	0	1	7	4	1	1	8	3	2	3	1	1	1	3	2	0	1	1	2	2	2	0
chr9	67841184	67841267	84	9	0	84	63	21	15	3	2	7	3	0	2	5	5	1	2	2	5	1	1	7	2	2	0	1	3	0	0	1	1	0	0	1	4	2	0	4
chr9	67841406	67841439	34	9	0	34	20	14	2	3	3	1	2	0	1	1	4	0	0	0	2	0	0	0	1	2	0	0	1	2	0	2	1	0	0	1	1	1	0	1
chr9	67841817	67841982	166	9	0	166	115	51	15	2	9	17	8	1	3	10	8	3	3	6	12	5	2	11	6	1	0	3	2	4	0	5	5	1	0	2	8	5	0	7
chr9	67842171	67846270	4100	9	0	4100	2675	1425	437	146	202	223	152	95	127	138	189	71	106	105	230	122	148	184	167	82	20	165	111	39	14	106	89	55	12	92	144	95	12	220
chr9	67846577	67846649	73	9	0	73	33	40	2	3	2	2	5	3	5	0	1	2	3	1	1	1	0	1	3	4	0	2	5	3	1	6	2	6	0	0	3	2	0	2
chr9	67847187	67847242	56	10	0	56	33	23	1	2	5	1	3	0	2	1	3	1	2	1	2	4	1	3	2	0	0	4	2	1	0	2	1	3	0	0	2	1	0	4
chr9	67847356	67847389	34	10	0	34	20	14	6	3	0	1	3	0	0	3	1	1	0	2	0	0	0	0	1	1	0	0	4	2	0	0	0	0	0	0	1	3	0	0
chr9	67847560	67847619	60	10	0	60	27	33	3	0	1	2	2	0	4	2	1	2	4	1	1	0	2	1	0	0	0	2	4	5	0	3	1	4	0	5	3	4	0	1
chr9	67847706	67847737	32	10	0	32	19	13	2	4	0	1	1	1	0	2	2	0	0	0	2	1	2	1	2	2	0	1	1	3	0	1	0	0	0	0	1	0	0	0
chr9	67848165	67848223	59	10	0	59	43	16	7	4	3	3	3	0	2	1	2	1	1	2	5	3	2	4	3	0	0	4	0	0	0	0	0	0	0	2	3	0	0	2
chr9	67848544	67848578	35	10	0	35	25	10	6	2	2	2	2	1	0	1	0	1	0	1	4	1	1	0	2	1	0	2	1	0	0	1	0	0	0	0	1	1	0	0
chr9	67848705	67848748	44	10	0	44	27	17	1	1	4	3	3	2	2	1	1	0	2	0	4	2	0	0	2	0	0	4	0	0	0	1	3	1	0	2	2	0	0	1
chr9	67849063	67849153	91	10	0	91	37	54	0	2	1	2	2	3	6	0	2	1	8	4	1	2	1	0	1	3	1	3	2	5	2	8	3	4	3	4	5	5	2	3
chr9	67849204	67849273	70	10	0	70	29	41	1	4	0	1	2	0	7	2	2	1	6	1	1	1	0	0	1	2	0	3	4	3	0	6	2	5	1	2	3	3	2	2
chr9	67849512	67849573	62	10	0	62	37	25	13	0	3	1	1	4	3	0	2	3	2	0	1	0	3	0	1	1	1	3	2	0	0	1	4	2	0	2	1	0	1	5
chr9	67849627	67849659	33	10	0	33	17	16	0	0	1	1	0	1	2	0	0	0	1	1	2	1	4	2	1	0	0	1	1	1	0	3	1	2	0	3	0	2	0	0
chr9	67849752	67849794	43	10	0	43	18	25	0	1	0	1	1	2	2	3	0	0	2	2	1	2	0	0	3	2	0	0	4	4	1	2	1	2	0	1	0	2	1	1
chr9	67850938	67920552	69615	10	0	69615	43400	26215	6029	2173	2806	4043	2764	1879	2586	2656	2801	1176	2083	1905	3458	1757	1843	3440	2854	1474	258	2399	2198	1330	315	2090	1919	1361	265	1787	2914	1768	240	3042
chr9	68220553	68230583	10031	7	0	10031	6261	3770	828	335	407	555	403	272	342	390	408	176	286	277	486	275	287	534	436	230	39	353	347	212	30	319	234	176	28	218	390	289	35	432
chr9	68230584	68256583	26000	6	0	26000	16286	9714	2380	829	1102	1496	1029	639	895	939	1033	445	751	657	1365	686	755	1284	1020	550	123	907	814	520	117	830	635	523	96	692	1032	688	92	1074
chr9	68256584	68256876	293	5	0	293	209	84	29	12	10	25	8	5	4	15	13	1	4	11	26	5	10	29	11	6	1	5	9	3	1	5	6	3	0	5	8	6	2	13
chr9	68256878	68256919	42	5	0	42	36	6	7	0	1	6	1	1	0	1	4	0	0	1	2	0	0	10	1	0	0	0	0	0	0	0	0	0	0	0	4	0	0	1
chr9	68256921	68291583	34663	5	0	34663	22144	12519	3490	1112	1468	2095	1386	810	1150	1269	1469	574	953	937	1819	870	998	1743	1335	717	139	1174	1043	640	115	1036	851	573	117	845	1386	904	129	1514
chr9	68291584	68335589	44006	4	0	44006	24287	19719	2500	1125	1555	2060	1421	1378	1685	1353	1600	776	1640	1362	1719	1070	1016	2027	1683	1151	348	1167	1568	2188	523	1851	1117	1053	552	1138	1467	1738	433	1740
chr9	68335590	68335616	27	6	0	27	11	16	0	0	0	1	1	2	3	1	0	1	1	0	0	0	0	0	1	1	0	1	3	1	0	1	2	1	0	1	1	1	0	1
chr9	68335617	68337155	1539	4	0	1539	902	637	127	51	72	57	43	46	56	55	60	18	71	43	77	30	32	63	64	28	8	44	52	49	4	75	35	43	6	36	50	60	6	76
chr9	68337156	68337182	27	6	0	27	13	14	0	1	0	0	1	1	0	4	0	0	1	1	0	0	3	1	0	0	0	2	2	1	0	1	2	1	0	1	2	0	0	0
chr9	68337183	68338540	1358	4	0	1358	768	590	124	40	55	45	55	42	59	50	34	27	51	37	51	27	29	41	57	34	3	42	50	42	10	56	47	46	10	43	52	36	8	53
chr9	68338541	68338580	40	6	0	40	24	16	2	2	3	2	5	2	1	1	2	0	0	1	0	0	0	2	3	0	0	1	0	0	0	1	6	0	0	1	1	1	0	1
chr9	68338581	68341829	3249	4	0	3249	1914	1335	282	95	140	161	152	78	130	117	109	63	114	83	135	64	100	91	117	64	8	110	110	84	16	123	120	93	4	115	130	91	12	136
chr9	68341830	68341928	99	6	0	99	49	50	7	3	0	4	2	3	7	3	3	3	2	0	2	4	4	1	5	6	0	2	8	4	0	6	0	5	2	3	2	2	2	2
chr9	68341929	68345754	3826	4	0	3826	2249	1577	315	120	170	164	157	107	145	157	171	64	129	119	126	77	83	144	161	85	17	105	133	104	24	140	112	72	19	121	161	140	22	160
chr9	68345755	68345781	27	6	0	27	17	10	5	2	0	1	2	0	1	2	1	0	0	2	0	0	0	0	0	2	0	0	3	1	0	0	0	0	0	0	2	0	0	1
chr9	68345782	68349966	4185	4	0	4185	2631	1554	328	143	181	257	168	96	150	174	209	70	96	121	204	103	114	216	173	86	21	132	128	89	14	138	99	63	11	103	188	132	8	168
chr9	68349967	68350004	38	6	0	38	19	19	1	1	2	2	0	0	3	2	5	2	1	0	0	0	0	0	1	0	2	0	0	1	0	1	0	1	0	3	4	1	1	2
chr9	68350005	68353706	3702	4	0	3702	2318	1384	326	107	139	230	135	100	131	152	149	56	113	98	192	92	102	196	156	72	14	111	124	95	3	127	90	75	3	96	148	107	10	151
chr9	68353707	68353814	108	6	0	108	72	36	7	1	3	9	4	2	3	6	1	3	1	4	8	6	5	9	5	3	0	3	4	2	0	2	2	2	0	2	4	1	0	4
chr9	68353815	68356086	2272	4	0	2272	1325	947	163	68	94	110	86	75	87	76	93	43	87	54	94	53	65	76	99	61	7	72	89	69	7	101	56	49	4	55	79	87	6	105
chr9	68356087	68356099	13	6	0	13	10	3	0	1	0	3	0	0	0	0	1	0	0	1	2	0	0	0	0	0	1	0	0	0	0	0	0	0	0	0	1	0	1	0
chr9	68356101	68356124	24	6	0	24	12	12	0	1	1	0	0	2	2	0	2	2	1	0	0	0	0	0	3	0	0	2	1	0	0	0	0	0	0	0	1	2	0	2
chr9	68356125	68356198	74	4	0	74	36	38	2	0	4	2	0	2	3	0	5	0	4	1	1	3	5	3	2	2	0	1	1	5	0	8	1	3	1	3	1	4	1	4
chr9	68356199	68356263	65	6	0	65	41	24	10	6	1	1	7	5	3	1	1	2	0	0	0	0	0	2	9	2	1	1	2	0	0	0	4	0	0	2	1	0	1	1
chr9	68356264	68356276	13	4	0	13	13	0	11	0	0	0	0	0	0	0	0	0	0	0	0	0	0	0	0	0	0	0	0	0	0	0	0	0	0	0	0	0	0	0
chr9	68356278	68356408	131	4	0	131	62	69	5	3	4	5	6	8	5	3	5	5	5	3	0	3	0	1	7	6	0	5	10	8	3	5	1	2	0	3	4	10	3	1
chr9	68356409	68356436	28	6	0	28	14	14	0	0	0	0	0	13	0	0	0	0	0	0	0	0	0	0	13	0	0	0	0	0	0	0	0	0	0	0	0	0	0	0
chr9	68356437	68356579	143	4	0	143	61	82	9	4	4	4	4	2	10	2	5	1	6	4	3	0	1	2	2	3	2	0	8	10	2	9	3	8	7	10	4	7	3	2
chr9	68356580	68356607	28	6	0	28	16	12	2	1	1	0	0	3	1	0	2	0	1	0	1	1	2	0	3	1	0	1	1	0	0	1	0	1	0	0	0	0	0	3
chr9	68356608	68358685	2078	4	0	2078	880	1198	93	42	57	52	42	77	96	48	66	52	94	37	43	19	30	30	64	59	18	49	81	143	98	99	80	122	85	51	39	97	35	78
chr9	68358686	68358724	39	6	0	39	26	13	1	0	2	3	0	0	0	3	3	0	2	1	2	1	2	5	0	0	0	1	1	0	0	2	1	0	0	1	1	3	0	2
chr9	68358725	68363474	4750	4	0	4750	3021	1729	498	153	191	296	192	120	157	165	202	83	132	127	247	77	150	230	165	96	16	156	164	102	13	136	103	100	9	124	202	117	11	214
chr9	68363475	68363526	52	6	0	52	34	18	4	4	2	3	2	0	3	0	1	2	1	0	6	3	1	0	3	3	0	3	2	1	0	2	0	0	0	0	1	1	0	2
chr9	68363527	68366632	3106	4	0	3106	1982	1124	259	102	138	177	135	69	101	127	143	52	78	96	139	91	98	176	142	62	7	103	103	64	3	90	67	43	2	68	120	91	4	154
chr9	68366633	68366668	36	6	0	36	26	10	7	0	4	3	2	0	0	1	1	1	1	1	3	0	0	1	1	0	0	0	1	0	0	1	0	0	0	2	1	1	0	2
chr9	68366669	68367488	820	4	0	820	461	359	49	18	29	34	22	38	37	41	27	16	32	20	32	15	19	30	42	16	5	24	25	24	4	28	32	19	7	38	39	22	6	28
chr9	68367489	68367532	44	6	0	44	22	22	4	2	3	0	2	2	2	1	1	0	0	1	2	2	0	0	2	1	1	2	1	3	1	2	2	2	0	1	1	1	0	0
chr9	68367533	68370017	2485	4	0	2485	1488	997	166	76	104	111	101	69	99	118	87	58	64	80	102	69	68	115	119	61	12	80	104	48	9	78	74	49	4	69	90	81	11	107
chr9	68370018	68370053	36	6	0	36	22	14	8	5	1	0	2	1	1	0	2	0	0	0	2	0	0	0	3	2	0	1	1	2	0	1	0	0	0	0	0	2	0	0
chr9	68370054	68373645	3592	4	0	3592	2093	1499	231	83	162	172	117	121	134	174	148	76	122	104	152	75	89	132	159	84	15	98	147	97	16	131	102	91	12	97	138	119	11	181
chr9	68373646	68373687	42	6	0	42	25	17	5	2	3	1	0	2	1	2	3	0	0	0	3	1	1	1	2	1	1	1	2	1	0	0	1	0	1	2	0	0	1	2
chr9	68373688	68374305	618	4	0	618	369	249	41	16	21	35	24	20	26	27	30	13	18	15	19	14	22	27	30	13	0	20	26	17	0	20	16	16	0	14	25	18	0	33
chr9	68374306	68374332	27	6	0	27	20	7	3	1	0	2	1	0	0	2	1	0	1	1	1	2	1	2	0	1	0	2	1	0	0	0	0	0	0	0	2	0	0	1
chr9	68374334	68374370	37	6	0	37	26	11	3	1	1	3	2	0	0	4	1	1	1	0	2	1	2	3	1	0	0	2	0	0	0	0	2	0	0	2	2	0	0	1
chr9	68374371	68375205	835	4	0	835	486	349	42	17	37	44	29	26	34	38	31	18	30	22	38	17	15	48	27	20	1	29	49	22	3	24	17	25	2	28	34	31	0	35
chr9	68375206	68375243	38	6	0	38	24	14	0	0	2	2	2	4	1	2	2	1	0	1	0	1	0	5	3	0	0	3	1	0	0	0	2	0	0	0	2	1	0	1
chr9	68375244	68383581	8338	4	0	8338	5346	2992	796	263	377	520	382	204	251	316	380	132	210	245	398	187	250	435	356	156	23	251	276	161	14	223	213	140	13	198	308	217	26	415
chr9	68383582	68383622	41	6	0	41	29	12	2	2	4	1	2	0	2	1	2	1	0	1	2	4	1	3	3	0	0	4	0	0	0	0	0	0	0	0	2	0	0	2
chr9	68383623	68385469	1847	4	0	1847	1212	635	183	67	76	119	86	41	46	79	83	30	40	63	93	41	65	99	78	43	5	54	47	32	4	49	46	15	1	44	81	42	14	79
chr9	68385470	68385526	57	6	0	57	37	20	6	4	4	3	7	0	1	1	2	1	2	1	2	1	1	0	2	1	0	3	2	1	0	0	2	1	0	1	3	0	0	3
chr9	68385527	68387463	1937	4	0	1937	1266	671	182	45	81	149	92	56	52	93	81	20	41	55	102	65	42	109	78	40	6	62	66	33	2	42	62	30	2	50	87	40	8	62
chr9	68387464	68387505	42	6	0	42	22	20	0	1	2	0	0	2	1	0	1	1	2	4	2	0	2	4	0	2	0	2	3	1	0	2	0	0	0	0	0	4	1	3
chr9	68387506	68395961	8456	4	0	8456	5308	3148	675	273	327	519	345	199	300	375	388	119	217	228	385	239	216	502	354	194	34	248	327	180	18	245	222	141	22	211	316	255	24	356
chr9	68395962	68396001	40	6	0	40	27	13	11	1	2	2	2	0	0	0	2	1	1	0	0	2	2	0	2	0	1	1	0	1	1	1	0	0	0	1	0	2	0	2
chr9	68396002	68396614	613	4	0	613	396	217	43	19	23	47	29	12	21	15	25	13	20	20	34	18	17	38	21	19	0	22	18	16	0	25	5	6	0	7	33	18	0	27
chr9	68396615	68396658	44	6	0	44	22	22	0	1	1	3	2	1	4	2	4	1	1	1	0	0	0	0	1	1	0	0	3	3	0	0	2	1	0	3	3	1	0	3
chr9	68396659	68736583	339925	4	0	339925	200760	139165	24961	10156	14097	16458	13361	10110	13780	13021	13941	6530	11625	9265	13410	7652	8918	13474	13996	7996	1395	11061	12704	8765	1413	12279	9806	7562	1246	9580	13765	10838	1258	15500
chr9	68736584	68796583	60000	5	0	60000	36572	23428	4778	1877	2653	3168	2220	1641	2235	2298	2686	1031	1867	1601	2792	1475	1746	2503	2402	1262	254	2106	1990	1284	246	2038	1635	1224	241	1560	2367	1788	233	2797
chr9	68796584	68965583	169000	4	0	169000	101413	67587	13640	5049	7130	8622	6545	4874	6695	6452	6903	3161	5502	4560	7353	3864	4413	6648	6849	3858	798	5444	6093	3917	673	5934	4911	3769	554	4660	6713	5073	639	7702
chr9	68965584	69166583	201000	3	0	201000	111509	89491	14329	5558	7311	8266	7205	6700	9376	6463	6972	3865	7962	5104	6960	4292	4947	6197	7425	5275	1228	6487	8382	6118	1679	8260	6324	6395	1529	6486	7613	6651	1276	8363
chr9	69166584	69337583	171000	2	0	171000	98429	72571	12853	5169	6780	7621	6426	5542	7251	5939	6571	3266	6099	4299	6572	3797	4286	5957	6761	4329	997	5687	6655	4677	1170	6388	5056	4459	1050	5107	6686	5425	889	7234
chr9	69337584	69525583	188000	3	0	188000	106589	81411	12834	5531	7537	8090	7177	6217	8445	6833	7595	3859	6790	4959	6386	3821	4436	6078	7714	4810	1036	5868	7650	5606	1073	7188	5813	4693	1004	5752	7495	6408	901	8399
chr9	69525584	69681583	156000	4	0	156000	93812	62188	11897	4774	6572	7877	6019	4737	6053	6198	6372	2882	5001	4211	6833	3626	4079	6680	6690	3482	623	5224	5534	3753	616	5218	4500	3228	580	4274	6283	4658	535	6989
chr9	69681584	70232583	551000	5	0	551000	335069	215931	44075	16791	23427	29171	21737	15161	20816	21193	23078	10179	17328	15212	24574	13039	15380	23907	22445	12222	2182	18321	19468	12536	1867	18607	15147	11101	1627	14611	21847	16619	1918	25412
chr9	70232584	70388583	156000	4	0	156000	96851	59149	14226	4987	6336	8696	6169	4049	5643	5539	6167	2687	4731	4252	7684	4029	4396	7259	6199	3383	745	5424	5037	3141	699	4959	4074	3079	663	3908	6090	4233	699	6815
chr9	70388584	70558583	170000	3	0	170000	96186	73814	12050	4655	6760	7345	6352	5401	7649	5864	6401	3338	6612	4393	6008	3495	4121	5740	6380	4287	805	5418	6966	5071	1011	6806	5327	4830	876	5293	6593	5666	860	7625
chr9	70558584	70645583	87000	4	0	87000	50677	36323	6152	2562	3595	4043	3338	2704	3697	3266	3527	1738	2983	2306	3336	1880	2326	3222	3584	2082	408	2810	3320	2304	365	3296	2582	2116	308	2594	3519	2783	351	3901
chr9	70645584	70725583	80000	5	0	80000	49113	30887	6600	2468	3459	4252	3132	2174	2949	3076	3372	1467	2526	2179	3675	1832	2216	3734	3243	1707	287	2704	2725	1754	243	2712	2152	1568	193	2055	3211	2405	249	3679
chr9	70725584	70835583	110000	6	0	110000	67271	42729	8759	3222	4685	5901	4310	3011	4004	4382	4603	1998	3575	3148	4895	2599	3189	4988	4451	2371	441	3567	3690	2415	330	3712	3083	2102	262	2981	4483	3259	389	5193
chr9	70835584	70981583	146000	7	0	146000	91068	54932	11875	4544	6342	8378	5854	3869	5093	5873	6262	2560	4366	4037	7148	3630	4078	7158	6135	2984	520	4965	4733	2854	434	4551	3900	2604	393	3633	5921	4130	445	6729
chr9	70981584	71334583	353000	8	0	353000	222062	130938	29983	10997	15062	20542	13929	9333	12241	14262	15139	6107	10250	9862	17533	9172	10085	17564	15056	7272	1338	11943	11220	6563	922	10726	9226	5909	807	8596	14263	9688	1035	16373
chr9	71334584	71447583	113000	7	0	113000	71598	41402	10078	3612	4787	6737	4570	2833	3790	4556	4848	1882	3143	3269	5719	2862	3205	5706	4669	2309	445	3766	3649	2067	319	3215	2869	1921	333	2697	4561	2953	381	5247
chr9	71447584	71553583	106000	6	0	106000	66417	39583	9088	3360	4572	6050	4291	2819	3623	4203	4616	1784	3141	2897	5075	2623	3126	5148	4432	2171	375	3608	3341	2093	290	3253	2867	1792	246	2676	4296	2921	295	4926
chr9	71553584	71656583	103000	5	0	103000	62282	40718	8310	3092	4324	5289	4126	2940	3909	3922	4237	1939	3465	2841	4341	2302	2802	4441	4147	2290	431	3405	3714	2270	382	3461	2810	2190	309	2827	4226	3077	372	4807
chr9	71656584	71865583	209000	4	0	209000	125250	83750	17501	6149	8425	10602	8192	6154	8286	7425	8050	3788	7012	5490	8934	4881	5518	8843	8311	4764	905	6992	7578	4951	1041	7193	5901	4893	907	5973	8266	6155	835	9083
chr9	71865584	72099583	234000	5	0	234000	139957	94043	19696	6969	9186	11863	9022	6804	9320	8040	8832	4243	7804	6316	10164	5675	6286	9737	9062	5645	1102	7882	8463	5528	1346	8110	6390	5639	1220	6459	9271	6637	1142	10145
chr9	72099584	72209583	110000	6	0	110000	64465	45535	8256	3152	4380	5259	4202	3466	4408	4117	4216	2034	3974	3023	4373	2507	2961	4135	4300	2634	499	3726	4167	2659	631	3990	3252	2732	564	3134	4474	3422	478	4873
chr9	72209584	72316583	107000	7	0	107000	63437	43563	8315	3128	4362	5336	4023	3292	4343	3976	4281	1994	3695	2908	4522	2456	2790	4016	4251	2523	511	3585	3970	2586	484	3808	3048	2508	443	2967	4365	3232	450	4830
chr9	72316584	72628583	312000	6	0	312000	184106	127894	24866	9098	12303	15334	11984	9650	12676	10967	11904	5695	11166	8317	12847	7156	8152	11990	12303	7502	1412	10382	11712	7414	1721	11213	8846	7848	1619	8839	12416	9296	1508	13862
chr9	72628584	72720583	92000	7	0	92000	57635	34365	8030	2890	3907	5284	3715	2386	3271	3477	4013	1593	2730	2607	4352	2165	2605	4608	3729	1975	311	3019	3086	1766	250	2844	2350	1616	207	2269	3685	2589	288	4381
chr9	72720584	72871583	151000	8	0	151000	92319	58681	12398	4566	6223	8412	5956	4053	5529	5910	6291	2762	4639	4256	6954	3411	4149	6810	6212	3131	652	4797	5034	3612	804	4821	4171	3103	466	3928	6030	4426	498	6994
chr9	72871584	73047583	176000	9	0	176000	112018	63982	15645	5542	7567	10825	7129	4328	5796	6972	7648	2962	5007	4920	9156	4405	5058	9057	7222	3417	627	5971	5460	3189	473	5148	4483	2961	372	4122	7060	4703	586	8187
chr9	73047584	73188583	141000	8	0	141000	90419	50581	12527	4342	6060	8779	5694	3626	4503	5621	6157	2231	3976	3933	7330	3693	3967	7979	5976	2711	551	4654	4176	2348	417	3920	3512	2269	353	3396	5780	3532	449	6536
chr9	73188584	73641583	453000	9	0	453000	293830	159170	42524	14379	19149	29194	18657	11273	14096	18120	19440	7417	11881	12717	24624	11875	13116	25367	19570	8587	1633	15154	13238	7256	1095	12234	11186	6691	917	10154	18152	11289	1313	20700
chr9	73641584	74484583	843000	10	0	843000	542099	300901	77360	26729	35324	53117	34773	21080	27120	33629	35903	14150	22607	23801	44494	21612	24147	46253	36062	16474	3066	27969	25364	14498	2191	23461	21136	13077	1896	19245	34040	21465	2433	38522
chr9	74484584	74677583	193000	9	0	193000	120548	72452	16437	5892	8147	11492	7621	5138	6708	7365	8184	3439	5765	5295	9725	4766	5465	9108	7788	4055	895	6497	5958	3748	798	5849	5203	3321	706	4950	7882	5229	783	8789
chr9	74677584	74805583	128000	8	0	128000	78074	49926	10488	3877	5333	6866	5022	3634	4807	4886	5234	2353	4121	3541	5820	3001	3459	5630	5200	2842	537	4286	4374	2769	546	4166	3565	2540	408	3443	5210	3704	511	5825
chr9	74805584	75180583	375000	7	0	375000	224399	150601	31416	11103	14923	19107	14662	10998	14828	13079	14287	6857	12373	10002	16185	8985	9953	15639	14915	8660	1788	12580	13645	8893	2000	13017	10383	8953	1915	10333	14624	11049	1699	16147
chr9	75180584	75324583	144000	8	0	144000	87068	56932	11512	4478	5925	7502	5888	4057	5662	5538	6106	2655	4395	4061	5911	3263	3953	6161	5973	3482	488	4510	5388	3492	471	4747	4081	2858	350	3873	5703	4266	445	6804
chr9	75324584	76086583	762000	9	0	762000	464953	297047	61244	23264	32289	40905	30351	21379	28163	29445	32319	13932	23977	21332	33789	17928	21361	33274	31582	16774	3062	25084	26397	17159	2733	25133	20850	14558	2160	19994	30509	22931	2541	35579
chr9	76086584	76225583	139000	8	0	139000	84467	54533	11024	4240	5868	7332	5342	3871	5350	5458	5929	2565	4451	3890	6169	3333	3801	5843	5625	3001	696	4687	4659	3025	541	4562	3982	2664	464	3792	5755	4097	553	6429
chr9	76225584	76310583	85000	7	0	85000	49673	35327	6062	2331	3525	4074	3225	2657	3500	3322	3440	1700	3044	2405	3263	1818	2296	3009	3389	1986	398	2733	3259	2150	354	3075	2552	2007	299	2536	3504	2695	369	4021
chr9	76310584	76401583	91000	6	0	91000	52069	38931	6764	2507	3629	3988	3339	2921	3953	3130	3353	1751	3502	2480	3431	2029	2326	2964	3407	2322	488	2992	3610	2388	618	3442	2706	2472	548	2852	3620	2876	466	4124
chr9	76401584	76671583	270000	5	0	270000	157069	112931	20818	7876	10799	12575	10464	8322	11521	9373	10158	5156	9710	7087	10628	6105	6851	9625	10624	6640	1341	8853	10425	7062	1431	10107	7899	6955	1332	8150	10732	8368	1240	11771
chr9	76671584	77053583	382000	6	0	382000	222036	159964	28613	11085	15232	18128	14507	11692	15845	13717	14920	7294	13692	10371	15017	8316	9787	13818	14807	9225	2040	12315	14509	10276	2357	14019	11284	9543	2167	11144	15161	12117	1922	17078
chr9	77053584	77310583	257000	5	0	257000	158601	98399	22649	7965	10122	14356	10130	6954	9453	9385	10120	4379	8128	7084	12193	6471	6867	12343	10425	5724	1162	8459	8715	5251	1208	8181	6745	5271	1047	6499	10037	7109	1135	11431
chr9	77310584	77441583	131000	4	0	131000	83088	47912	12228	4164	5434	7810	5059	3378	4496	4983	5421	2210	3467	3700	6928	3498	3719	6591	5478	2689	634	4449	4059	2302	528	3832	3306	2242	477	3117	5073	3488	519	5719
chr9	77441584	77614583	173000	3	0	173000	100863	72137	12907	5116	7162	8115	6770	5355	7194	6488	6938	3306	6124	4633	6686	3717	4211	6140	6927	4140	858	5569	6791	4677	820	6262	5174	4171	681	5066	6915	5562	729	7794
chr9	77614584	77732583	118000	2	0	118000	68734	49266	9264	3464	4756	5494	4636	3549	4940	4232	4612	2257	4107	3194	4466	2574	2991	4196	4619	2833	608	3784	4595	3257	664	4260	3545	2975	552	3404	4599	3711	514	5346
chr9	77732584	77892583	160000	3	0	160000	97429	62571	13317	4994	6625	8453	5962	4424	6208	6109	6675	2880	4817	4320	7435	3990	4424	6795	6627	3472	739	5450	5370	3717	747	5337	4351	3355	577	4136	6355	4627	559	7151
chr9	77892584	78008583	116000	4	0	116000	70426	45574	9628	3579	4803	6166	4491	3395	4551	4250	4713	1955	3582	3113	5343	2956	3094	4805	4761	2577	533	4014	3996	2543	476	3949	3329	2521	410	3102	4602	3323	473	4965
chr9	78008584	78141583	133000	3	0	133000	79853	53147	10635	4003	5428	6981	5413	3748	5104	5182	5592	2364	4338	3698	5408	3003	3512	5443	5460	2914	623	4121	4774	3079	642	4401	3806	2982	635	3717	5406	3921	522	6143
chr9	78141584	78290583	149000	4	0	149000	89836	59164	12231	4511	6259	7692	5698	4202	5705	5419	6117	2715	4754	4034	6648	3551	4022	6277	5955	3445	708	4871	5272	3488	787	5119	4015	3252	630	4001	5781	4481	609	6749
chr9	78290584	78384583	94000	5	0	94000	52361	41639	6423	2637	3688	3792	3484	2996	4355	3320	3494	1884	3532	2488	3139	1926	2311	2892	3577	2451	537	2878	3941	2999	627	3795	3105	2711	564	3054	3531	3200	508	4159
chr9	78384584	78475583	91000	6	0	91000	52982	38018	6499	2656	3768	4269	3571	2845	3766	3341	3612	1795	3048	2487	3510	1952	2465	3397	3721	2201	415	2911	3477	2581	456	3343	2731	2138	397	2704	3595	2937	322	4088
chr9	78475584	78620583	145000	7	0	145000	87211	57789	11097	4271	6312	7459	5714	4166	5635	5509	6091	2743	4902	3947	6237	3235	3851	6041	5812	3103	648	4851	5082	3345	513	5031	4103	3085	423	4109	6028	4438	508	6709
chr9	78620584	78786583	166000	8	0	166000	102978	63022	13963	5204	6932	9354	6719	4356	5936	6684	6998	2894	4886	4758	7773	4009	4756	7754	6888	3511	685	5379	5570	3422	510	5147	4516	3049	461	4348	6722	4667	510	7637
chr9	78786584	79034583	248000	7	0	248000	154404	93596	19912	7479	10571	14109	9808	6671	8838	10026	10501	4383	7476	6982	11850	6203	6902	12693	10269	5157	954	8355	8245	5001	662	7596	6638	4466	574	6336	10191	6880	770	11500
chr9	79034584	79125685	91102	8	0	91102	56401	34701	7684	2751	3855	5202	3640	2499	3201	3552	4000	1570	2781	2508	4167	2242	2499	4248	3816	1957	392	2898	3053	1885	318	2843	2459	1684	303	2234	3564	2573	361	4361
chr9	79125687	79384584	258898	8	0	258898	158182	100716	20439	7815	11281	14045	10107	7025	9655	10128	11231	4672	8412	7272	11803	5959	6917	11419	10484	5577	969	8442	8780	5570	894	8743	7120	4980	777	6793	10531	7860	908	12288
chr9	79384585	79653584	269000	7	0	269000	165193	103807	22306	8401	11509	14734	10894	7457	9647	10327	11476	4763	7960	7268	12274	6625	7580	11971	11271	5810	1225	8940	9003	5809	1130	8483	7428	5174	977	7089	10623	7632	1028	12184
chr9	79653585	80083584	430000	6	0	430000	262150	167850	34417	12850	18512	23271	17261	12184	16157	16588	18195	7882	13656	11794	19177	9970	11586	18649	17801	9258	1711	14116	14774	9477	1379	14336	12135	8616	1203	11516	17479	12615	1489	19944
chr9	80083585	80533584	450000	7	0	450000	282051	167949	38835	13900	18668	26351	18434	11780	15830	17570	18910	7909	13036	12507	21576	10930	12862	22952	18884	9363	1613	14659	14526	8825	1354	13786	12044	8082	1155	11295	18159	12221	1326	20656
chr9	80533585	81107584	574000	6	0	574000	365890	208110	50842	17993	24150	34969	23408	14728	18808	23401	24613	9627	15850	16658	29092	14384	16426	30940	24514	11210	2195	18813	17815	10226	1474	16438	14644	9238	1246	13548	23372	15280	1661	26435
chr9	81107585	81213584	106000	5	0	106000	65171	40829	8400	3280	4366	5844	4283	2903	3917	4196	4361	1840	3296	3033	4847	2530	3047	5026	4313	2310	389	3541	3635	2149	350	3448	3006	2110	249	2799	4345	3013	334	4838
chr9	81213585	81499584	286000	4	0	286000	176504	109496	24167	8730	11890	16021	11687	7792	10463	10966	12154	5085	8647	8101	12800	6838	7896	13266	11909	6246	1165	9125	9823	5931	955	9095	7639	5397	792	7430	11537	8231	974	13246
chr9	81499585	81554584	55000	3	0	55000	32530	22470	4342	1514	2271	2769	2116	1655	2161	1982	2182	1101	1967	1462	2256	1177	1425	2148	2137	1242	266	1802	1996	1374	334	1870	1585	1270	287	1594	2196	1688	271	2558
chr9	81554585	81703584	149000	4	0	149000	84776	64224	11367	4416	5860	6551	5639	4833	6376	5155	5444	2835	5231	3780	5744	3322	3547	4674	5879	3741	958	4828	5739	4309	1271	5592	4780	4164	1149	4523	5605	4697	918	6071
chr9	81703585	81850584	147000	5	0	147000	83343	63657	11568	4021	5637	6546	5519	4737	6345	4661	5365	2720	5879	3712	5320	3049	3636	4627	5347	3665	833	4683	5858	4132	1198	5770	4433	4458	1041	4562	5624	4704	866	6482
chr9	81850585	81978584	128000	6	0	128000	73672	54328	9297	3621	5271	5570	4814	3938	5387	4685	4921	2622	4740	3524	4728	2880	3194	4478	5013	3149	634	4265	5003	3631	706	5034	3659	3232	573	3622	5149	4362	625	5671
chr9	81978585	82383584	405000	7	0	405000	249240	155760	33039	12494	16954	21939	15914	11137	15339	15669	16930	7314	12368	11454	18543	9758	11254	19133	16920	8875	1403	13505	14019	8652	1190	13091	10785	7693	999	10561	16334	11732	1242	18758
chr9	82383585	82856584	473000	6	0	473000	291421	181579	38476	14252	20293	26189	19056	13006	17051	18726	20032	8466	14415	13139	21646	11501	13273	21900	19563	10167	1758	15737	16266	10188	1398	15038	12997	8854	1174	12385	19013	13681	1488	21870
chr9	82856585	83569584	713000	5	0	713000	425761	287239	53632	21253	29608	35900	27790	21364	28422	27786	29398	13477	23485	19594	29572	16087	18547	29844	29867	16175	2978	23162	26208	17505	2789	24453	20688	15159	2479	19822	28599	22116	2614	32625
chr9	83569585	84019584	450000	4	0	450000	270115	179885	38189	13528	17338	23270	17538	13192	17332	15845	16738	7944	14432	12228	19861	11363	12115	19201	17841	10565	2292	15329	16478	10540	2821	15019	12231	10731	2573	12123	17357	13022	2216	18746
chr9	84019585	84238584	219000	5	0	219000	129652	89348	17148	6400	8943	10824	8471	6715	8771	8037	8745	4003	7520	5933	8951	4994	5515	8682	8913	5302	1026	6871	8278	5542	1047	7786	6369	4953	939	6119	8434	6856	940	9971
chr9	84238585	84389584	151000	6	0	151000	87088	63912	11440	4460	5896	6869	5906	4654	6550	5371	5606	2916	5489	3974	5714	3347	3835	5060	6023	3713	779	4862	6002	4175	765	5839	4512	4041	662	4553	5943	4852	674	6516
chr9	84389585	84496584	107000	7	0	107000	60799	46201	7555	3025	4170	4720	4096	3642	4753	3733	3976	2184	4028	2796	3842	2169	2680	3429	4236	2773	505	3506	4521	3069	541	4171	3233	2910	490	3261	4234	3550	508	4692
chr9	84496585	85147584	651000	8	0	651000	386745	264255	49147	19255	27853	32088	25415	19538	25869	25169	27280	12525	22099	17571	26501	14096	16938	25400	26783	14540	2950	21141	23744	16019	2562	22999	19310	14310	2246	18175	26154	20455	2422	30444
chr9	85147585	85267584	120000	9	0	120000	70826	49174	8529	3573	5017	5892	4802	3545	5029	4728	4939	2395	4039	3300	4741	2616	3077	4604	4848	2826	526	3928	4515	2999	437	4192	3698	2703	373	3454	5043	3616	426	5588
chr9	85267585	85555584	288000	8	0	288000	167328	120672	20526	8418	12088	13449	11227	9181	12019	10706	11953	5569	9917	7811	10775	5996	7242	10449	11879	6799	1382	9104	11255	7942	1322	10638	8628	6857	1176	8439	11371	9559	1236	13085
chr9	85555585	85700584	145000	7	0	145000	92991	52009	14139	4592	5829	9010	5634	3901	4795	5347	5768	2334	3967	3973	8029	3989	4034	7650	6160	3030	560	5066	4425	2619	496	4174	3398	2435	396	3207	5694	3629	540	6178
chr9	85700585	85817584	117000	6	0	117000	70970	46030	9873	3661	4686	5962	4604	3350	4302	4174	4493	2065	3663	3240	5212	2969	3349	5366	4688	2723	574	4060	4120	2516	692	3797	3085	2593	662	3058	4536	3293	546	5086
chr9	85817585	86008584	191000	5	0	191000	115708	75292	16684	5626	7446	10060	7356	5599	7363	6744	7310	3349	6240	5370	8467	4828	5181	8084	7572	4411	931	6488	6773	4019	1036	6334	5105	4285	932	5136	7612	5447	939	8271
chr9	86008585	86234584	226000	4	0	226000	128124	97876	16338	6459	8894	9732	8577	7478	10105	7631	8384	4492	8266	5917	8124	4778	5506	7442	8921	5920	1247	7120	9235	6480	1466	8894	6916	6286	1341	6991	8719	7389	1184	9766
chr9	86234585	86405584	171000	5	0	171000	102049	68951	14312	5269	7049	8377	6557	4980	6831	5992	6738	3175	5605	4582	7399	4083	4428	6670	6743	4116	895	5753	6115	4163	953	6001	4758	3916	805	4633	6744	5037	793	7526
chr9	86405585	86492584	87000	6	0	87000	52021	34979	7031	2570	3736	4308	3456	2551	3368	3291	3602	1634	2930	2409	3557	1939	2248	3390	3485	1976	387	2846	3208	1998	373	2996	2458	1968	313	2395	3515	2634	381	4045
chr9	86492585	86584584	92000	7	0	92000	54428	37572	7313	2665	3801	4456	3549	2819	3675	3456	3715	1685	3223	2449	3658	2115	2238	3611	3783	2096	469	2936	3385	2306	437	3306	2708	2116	379	2577	3623	2916	415	4118
chr9	86584585	86753584	169000	8	0	169000	98374	70626	11936	4846	7149	7805	6448	5180	7033	6341	6872	3380	6170	4462	6480	3701	4144	6426	6842	3990	837	5438	6484	4659	763	6334	4910	3983	601	4900	6765	5608	687	7824
chr9	86753585	86904584	151000	9	0	151000	88735	62265	11075	4410	6176	7293	5784	4734	6220	5925	6155	2959	5098	4095	5940	3250	3761	5859	6363	3493	776	4721	5655	4066	640	5404	4674	3409	551	4205	5972	4797	613	6925
chr9	86904585	87269584	365000	8	0	365000	217850	147150	28613	10998	15170	18455	14375	10696	14202	14104	15222	6829	12181	9926	15026	8159	9352	14541	15172	8021	1722	11766	13055	8970	1759	12532	10521	7936	1600	9937	14630	11389	1469	16670
chr9	87269585	87359584	90000	7	0	90000	52572	37428	6727	2581	3758	4227	3596	2794	3725	3425	3640	1751	3243	2486	3330	1874	2204	3210	3560	2132	399	2909	3554	2267	398	3206	2788	2120	353	2621	3638	2906	382	4194
chr9	87359585	87635584	276000	6	0	276000	155784	120216	19162	7669	10989	11890	10057	8925	12242	9961	10577	5439	10618	7173	9914	5790	6532	8846	10660	6861	1598	8704	11088	8202	1863	11004	8695	7664	1566	8502	10742	9431	1463	12171
chr9	87635585	88137584	502000	5	0	502000	275557	226443	32864	13588	18892	19998	17870	17484	23969	17100	18719	10690	19272	12789	15889	9684	11297	15450	19752	13647	2976	15071	21514	17590	3786	21181	15988	14918	3126	15424	19170	17916	2630	21754
chr9	88137585	88242584	105000	4	0	105000	60678	44322	8215	3073	4116	4794	3877	3386	4554	3604	4275	1959	3837	2814	3832	2143	2453	3744	4198	2505	651	3207	4007	2769	700	3912	3113	2753	616	3006	4103	3361	585	4836
chr9	88242585	88666584	424000	3	0	424000	237683	186317	30868	12148	15684	17810	15990	14326	19280	14141	15056	8551	16174	10869	14596	8628	9905	13656	16652	11151	2522	13328	17705	12864	3194	16714	13145	12558	2985	12848	16235	13905	2357	18153
chr9	88666585	88958735	292151	4	0	292151	170014	122137	21559	8469	11718	13689	11345	9774	12371	11266	11727	5717	9994	7828	10804	5958	6891	10903	12562	7024	1305	9028	11891	8357	1172	10463	8860	6883	1003	8322	11442	9619	1044	13161
chr9	88958736	88959017	282	4	0	282	143	139	11	10	12	6	10	13	15	10	8	8	12	7	10	2	5	3	14	10	1	7	8	12	2	16	16	5	3	8	10	11	2	13
chr9	88959018	89161584	202567	4	0	202567	114581	87986	13408	5705	7916	8810	7326	7143	9018	7939	7900	4183	7028	5342	7205	4123	4680	6854	8582	5386	1133	6053	8548	6144	1203	7789	6394	5253	998	6049	7902	6902	898	8751
chr9	89161585	89291584	130000	5	0	130000	74960	55040	9439	3741	4970	6026	4991	4763	5492	4893	5002	2441	4454	3333	4744	2781	3075	4814	5764	3274	639	4050	5281	3679	661	4744	4038	3281	689	3710	5056	4131	555	5487
chr9	89291585	89456584	165000	4	0	165000	86040	78960	9601	4283	5993	5371	5277	6873	8772	5491	5521	3778	6155	3649	4849	3220	3326	3881	7122	4720	1319	4993	7609	6890	1572	7076	5936	5703	1259	5656	5746	5834	1004	6519
chr9	89456585	89654584	198000	3	0	198000	103626	94374	10969	4994	7308	6751	6791	7721	10449	6998	7052	4452	7953	4559	5209	3391	3950	5078	8216	5350	1311	5681	9044	7798	1683	8714	7349	6722	1459	7030	7350	7370	1061	8235
chr9	89654585	89685584	31000	4	0	31000	14861	16139	1267	645	1056	775	915	1429	1908	1097	965	694	1305	721	595	449	531	507	1307	871	215	824	1559	1549	354	1477	1431	1326	287	1254	1053	1193	194	1245
chr9	89685585	89718584	33000	5	0	33000	17471	15529	1860	825	1286	1109	1160	1256	1670	1196	1208	737	1408	748	852	623	700	833	1377	877	205	982	1438	1225	238	1502	1179	1076	171	1156	1288	1225	164	1424
chr9	89718585	89728501	9917	6	0	9917	5366	4551	624	239	368	378	345	370	512	322	330	226	377	248	310	208	232	276	400	276	54	313	461	359	60	421	325	320	47	334	363	346	49	422
chr9	89741970	89812052	70083	6	0	70083	36509	33574	3722	1760	2591	2330	2411	2731	3858	2578	2500	1644	2834	1684	1770	1119	1313	1664	2898	1917	399	2040	3335	2771	514	3093	2646	2378	418	2502	2699	2648	353	2961
chr9	89812053	89827349	15297	7	0	15297	8181	7116	824	394	601	531	497	620	784	562	593	318	624	379	436	283	339	396	642	409	114	450	703	515	96	644	528	481	67	552	590	552	69	702
chr9	89916515	89922217	5703	8	0	5703	3076	2627	337	161	232	202	200	189	267	229	233	119	225	132	162	114	125	149	230	139	41	173	246	213	39	252	184	178	37	185	224	220	25	239
chr9	89922218	89942217	20000	7	0	20000	10605	9395	1109	515	867	640	724	776	995	686	792	456	840	452	506	356	424	466	817	561	126	599	913	712	122	892	728	578	98	708	723	788	102	927
chr9	89942218	89968217	26000	6	0	26000	14426	11574	1654	755	964	1023	944	977	1169	1052	964	535	1037	641	834	473	585	818	1167	652	140	781	1090	885	147	1032	891	700	125	786	994	917	110	1156
chr9	89968218	90446217	478000	5	0	478000	282312	195688	36236	13693	19187	23579	18119	15181	19727	18069	19191	9321	16131	13126	19149	10668	11848	19085	20389	10944	2497	15033	17471	12141	2379	16763	14372	10670	1963	13297	18865	14999	2105	21800
chr9	90446218	90558217	112000	4	0	112000	67989	44011	8839	3342	4625	6065	4521	3250	4291	4393	4643	2181	3602	3088	4868	2482	2919	4878	4724	2485	474	3572	3878	2474	407	3768	3195	2231	316	2972	4658	3337	395	5125
chr9	90558218	90694217	136000	5	0	136000	80997	55003	10387	4060	5584	6894	5416	3976	5513	5221	5510	2569	4479	3749	5612	3014	3503	5509	5603	3082	620	4314	4927	3309	598	4742	4167	2955	514	3864	5428	4230	490	6159
chr9	90694218	90845217	151000	4	0	151000	86603	64397	10297	4271	5921	6744	5591	5525	6441	5792	5731	2848	5248	4035	5614	3434	3407	5703	6894	3698	778	4708	5887	4574	871	5594	4707	3716	797	4310	5861	4938	658	6405
chr9	90845218	91080217	235000	3	0	235000	129708	105292	14534	6468	9127	9188	8524	8546	11360	8876	8928	4917	8598	5870	7331	4788	5173	7480	10191	5997	1435	7096	10053	7599	1441	9490	8137	6893	1143	7503	8925	8095	1123	10169
chr9	91080218	91424217	344000	4	0	344000	200446	143554	25978	10278	13761	16188	13056	10706	14567	12488	13329	6649	11784	8784	13842	7900	8448	12688	14106	8203	1886	11338	12915	9279	2090	12403	10349	8719	1901	9817	13447	10487	1611	15001
chr9	91424218	91786217	362000	5	0	362000	208678	153322	26521	10525	14418	16415	13553	12255	15607	13092	14324	7131	12397	9424	13481	7710	8748	13077	15274	8858	2097	11391	14232	10210	2082	13418	11123	9093	1829	10437	13878	11781	1694	15923
chr9	91786218	91946217	160000	4	0	160000	85502	74498	10209	4388	5947	5733	5530	6436	8021	5328	5755	3439	6090	3720	4783	3000	3164	3957	7020	4237	1175	4831	7245	6100	1366	6601	5319	5309	1169	5121	5732	5666	938	6669
chr9	91946218	92023217	77000	3	0	77000	42773	34227	5345	2168	2881	3208	2838	2519	3525	2591	2873	1531	2935	2033	2544	1551	1835	2394	2922	1990	470	2387	3337	2408	671	2946	2335	2310	623	2456	2879	2654	452	3387
chr9	92023218	92330217	307000	2	0	307000	175221	131779	22308	8801	12019	13235	11102	9727	13746	10620	11561	6277	10990	7906	11392	7072	7854	10609	12191	7845	1802	10039	12023	8877	2000	12033	9141	8313	1748	9032	11840	9898	1492	13505
chr9	92330218	92626217	296000	3	0	296000	177689	118311	24678	8991	11518	15073	11382	8823	11973	10625	11377	5483	9488	7856	12823	7289	7840	12470	12205	6910	1476	9995	10893	6828	1418	9960	8168	6728	1361	8163	11537	8632	1334	12701
chr9	92626218	92989217	363000	2	0	363000	195894	167106	23370	9528	13175	13698	12607	13003	18021	12264	12593	7752	14113	8824	11201	7208	8031	10504	14424	9807	2224	11036	16027	13136	3147	15465	11883	12173	2783	11719	13561	12659	1942	15120
chr9	92989218	93271217	282000	1	0	282000	132470	149530	12412	6100	8801	6598	8149	12147	17524	8480	8206	6766	12837	5879	5145	4085	4765	4575	10470	8796	2255	7577	15044	15144	3571	14860	10808	13406	2937	10973	9978	11274	1919	10517
chr9	93271218	93554217	283000	2	0	283000	159572	123428	19973	8029	11124	12116	10311	9508	12891	9830	10611	5890	9973	7065	10347	5904	6599	9400	11564	7021	1768	8978	11225	8635	2171	11024	8998	8149	1801	8554	10753	9250	1506	12030
chr9	93554218	93674217	120000	3	0	120000	59634	60366	5851	2682	4042	3417	3704	5131	6719	4239	3715	2798	4874	2791	2722	2126	2360	2462	4942	3664	798	3333	6076	5762	1252	5828	4516	4886	952	4178	4258	4606	658	4656
chr9	93674218	93849217	175000	4	0	175000	99207	75793	12094	4912	6813	7807	6702	5598	7874	6369	6721	3505	6046	4578	6108	3403	4197	6478	7187	4324	735	5172	7249	5994	979	6949	5449	4940	755	5210	6659	5913	679	7599
chr9	93849218	93992217	143000	3	0	143000	71918	71082	7093	3396	5095	4467	4648	5257	7925	4554	4851	3276	6131	3137	3459	2327	2873	3428	5264	4072	932	3988	6814	6833	1569	6858	5234	5583	1297	5242	5072	5585	802	5936
chr9	93992218	94613217	621000	2	0	621000	359300	261700	47875	18250	23684	28525	23460	19582	26787	21571	23072	11903	21600	16188	23927	13988	15603	23284	24482	15302	3449	20490	24592	16811	4152	22652	18440	16726	3734	18106	23886	19367	3083	26427
chr9	94613218	94843217	230000	1	0	230000	129371	100629	16784	6398	8924	9809	8456	7526	10378	7679	8569	4597	8871	5903	8106	4765	5474	7131	8776	5777	1442	7291	9398	6623	1704	9063	7034	6765	1649	7166	8832	7623	1358	10127
chr9	94843218	95035217	192000	2	0	192000	109202	82798	13969	5530	7591	8352	6848	6189	8803	6727	7458	3948	6844	4793	7167	4165	4604	6214	7637	4704	1208	6283	7512	5442	1318	7318	5969	5163	1223	5976	7449	6280	1049	8265
chr9	95035218	95152217	117000	3	0	117000	62926	54074	7704	3115	4580	4278	3838	4360	5971	3803	4318	2456	4360	2662	3817	2225	2360	3077	4767	2930	990	3469	4874	4011	1188	4839	4224	3957	993	4036	4108	4014	747	4927
chr9	95152218	95489217	337000	4	0	337000	195550	141450	26200	10192	13294	15622	12679	10675	14470	11899	13095	6580	11369	8686	13334	7417	8114	11923	13932	8180	2039	10712	12799	9076	2237	12158	10221	8428	2113	9824	12771	10586	1819	14554
chr9	95489218	96195217	706000	5	0	706000	396839	309161	48978	19963	28064	30349	26132	23568	31383	24688	27485	14323	25951	17831	24759	14107	16514	22744	28323	17376	4314	21948	28366	22068	5373	27382	22032	19609	4805	21974	27050	24137	3794	30608
chr9	96195218	96957217	762000	4	0	762000	434037	327963	58551	21887	28439	33688	28266	25012	33566	25526	27422	14533	27484	19545	28326	16868	18231	26693	29993	18893	4679	24735	30187	21728	6342	28490	22946	22138	5790	23056	29244	23989	4312	31439
chr9	96957218	97091217	134000	3	0	134000	77065	56935	10756	3998	4969	6040	5182	4216	5856	4370	4809	2566	4787	3504	5016	2969	3322	4704	5198	3308	752	4491	5290	3581	1020	4915	3981	3741	1006	3986	5155	4176	792	5542
chr9	97091218	97301217	210000	4	0	210000	124833	85167	16592	6023	8347	10536	7957	6261	8605	7894	8127	3962	6948	5537	8823	5006	5284	8929	8458	4960	906	6929	7769	5316	1062	7373	6016	5091	942	5771	8474	6153	836	9111
chr9	97301218	97866217	565000	3	0	565000	318544	246456	38115	15886	22500	23863	20384	17824	25582	20062	21606	11544	20907	14399	20259	12134	13850	19628	22152	14257	2903	18076	22902	18107	3726	22614	17166	15604	3168	17324	21632	19382	2617	24825
chr9	97866218	98240217	374000	2	0	374000	202866	171134	24893	10004	13757	13958	12980	12728	18427	12119	12840	7690	15023	9147	11899	7585	9065	10750	13940	10082	2259	11726	16193	12951	3042	16266	12033	12594	2791	12556	14087	12825	2064	15724
chr9	98240218	98389217	149000	3	0	149000	80207	68793	8928	3949	5727	5532	5193	5174	7482	5162	5506	3248	5923	3699	4510	2735	3324	4113	5725	4028	826	4527	6558	5592	1034	6683	4956	4791	842	4855	5772	5456	756	6392
chr9	98389218	98501217	112000	4	0	112000	61084	50916	6488	2999	4395	4272	3949	3801	5452	4116	4261	2360	4447	3111	3456	2161	2590	3224	4381	2926	586	3428	5047	4049	586	4844	3510	3236	509	3635	4380	4315	507	4977
chr9	98501218	98835217	334000	5	0	334000	180391	153609	19840	8747	12791	12547	11553	11528	16588	11776	12310	7113	13249	8606	10222	6221	7774	9525	12680	8847	1899	10183	14727	12099	2401	14519	11189	10493	2081	11212	12849	12307	1633	14489
chr9	98835218	99126217	291000	6	0	291000	158703	132297	17320	7832	11546	11246	10458	9825	14217	10258	11165	6216	11645	7451	9001	5474	6738	8309	11234	7534	1536	9044	12665	10240	1831	12492	9464	8777	1496	9507	11395	10677	1301	13104
chr9	99126218	99495217	369000	5	0	369000	213340	155660	25816	10461	15298	17170	13735	11172	15931	13580	15125	7193	13158	9880	14069	7840	9408	13502	14511	8794	1687	11674	14573	10744	1715	14092	10883	9167	1439	11025	14451	12419	1481	17005
chr9	99495218	99735217	240000	6	0	240000	146339	93661	18555	7059	10432	12882	9428	6592	8894	9526	10216	4519	7615	6787	10729	5601	6679	10825	9783	5222	833	7933	8425	5580	698	8042	6479	4765	600	6163	9753	7178	723	11482
chr9	99735218	99979217	244000	5	0	244000	148871	95129	19934	7410	10184	13240	9399	6681	9026	8877	10127	4284	7583	6736	11308	6096	6869	11117	9714	5434	1022	8301	8430	5641	1126	8155	6415	4910	1066	6183	9424	7367	916	11023
chr9	99979218	100317217	338000	6	0	338000	207736	130264	28751	10520	13963	18127	13305	8964	12640	12304	13524	6114	10207	9343	15782	8571	9737	15882	13572	7669	1447	11481	11500	7222	1435	11036	9002	6791	1140	8781	13139	9511	1288	15250
chr9	100317218	100495217	178000	5	0	178000	105243	72757	14304	5272	6971	8774	6738	5219	7093	6169	6495	3244	6013	4728	7783	4476	4752	7211	6960	4318	904	6028	6492	4529	1219	6320	4896	4400	1200	5010	6871	5313	825	7471
chr9	100495218	100612217	117000	6	0	117000	70816	46184	9416	3460	4861	6044	4411	3343	4576	4336	4777	2144	3777	3256	5178	2890	3230	5116	4764	2664	484	3925	4044	2637	459	4068	3195	2379	455	3155	4662	3528	468	5296
chr9	100612218	100712217	1e+05	7	0	1e+05	60282	39718	7976	2960	4126	5266	4077	2828	3796	3912	4101	1825	3116	2739	4174	2375	2680	4329	4217	2363	402	3006	3695	2562	332	3447	2888	2026	274	2724	3814	3085	342	4541
chr9	100712218	100829217	117000	8	0	117000	71493	45507	9312	3648	4751	6350	4861	3222	4348	4964	4908	2082	3336	3434	4980	2788	3230	5278	4997	2652	432	3658	4324	2647	345	3713	3354	2246	279	3099	4721	3484	360	5195
chr9	100829218	101095217	266000	9	0	266000	165045	100955	21683	8086	11090	15192	10657	7243	9490	10744	11294	4709	8043	7490	12417	6559	7493	12854	11086	5733	949	8828	8928	5669	680	8465	7204	4616	618	6642	10916	7724	715	12181
chr9	101095218	101220217	125000	10	0	125000	77143	47857	9717	3745	5295	6929	4900	3472	4589	5106	5284	2295	3774	3570	5786	3081	3552	6047	5228	2751	444	4170	4270	2582	330	4014	3389	2264	278	3213	5179	3599	332	5813
chr9	101220218	101618217	398000	9	0	398000	241703	156297	31275	12170	16960	20685	15820	10818	14978	15384	16620	7436	12658	11147	17375	9578	11160	17638	16389	8847	1560	13206	13657	9035	1542	13483	10923	7844	1304	10645	16031	11991	1418	18421
chr9	101618218	103741859	2123642	10	0	2123642	1370021	753621	191731	67139	86744	135938	86665	52964	68226	86612	89821	35035	55630	60009	113335	55644	61406	123121	91335	41497	7619	70331	63947	36048	5357	58317	53471	32185	4514	48504	85713	53939	5988	94855
chr9	103741861	104185218	443358	10	0	443358	285233	158125	39900	14177	18466	27747	17938	10981	14147	18060	19043	7447	11781	12424	23409	11983	13249	24481	19189	8748	1548	15103	13243	7479	1136	12544	10835	6658	958	9987	17858	11518	1310	20009
chr9	104185219	104412218	227000	9	0	227000	140647	86353	18839	6975	9473	12968	8945	6116	8206	8658	9640	3955	7044	6421	10832	5384	6312	10877	9332	4739	887	7472	7409	4684	856	7166	6057	4249	748	5694	9127	6443	787	10703
chr9	104412219	104571218	159000	8	0	159000	100386	58614	13552	4871	6553	9584	6428	4066	5370	6333	6596	2801	4498	4648	7985	3900	4574	8625	6607	3238	597	5196	5108	3121	479	4727	4101	2741	390	3766	6381	4335	520	7307
chr9	104571219	104655218	84000	7	0	84000	53402	30598	7525	2529	3381	5206	3315	2162	2826	3442	3591	1419	2335	2351	4209	2170	2386	4553	3560	1706	301	2713	2665	1557	269	2397	2144	1371	220	1999	3376	2254	246	3820
chr9	104655219	104736218	81000	6	0	81000	50668	30332	7188	2532	3301	4658	3301	2051	2828	3124	3452	1356	2442	2387	3738	2020	2260	4028	3330	1696	327	2606	2681	1534	290	2451	2094	1420	301	1965	3200	2306	322	3809
chr9	104736219	105053218	317000	5	0	317000	183870	133130	23724	9327	12496	14728	11907	9674	13566	11051	12256	5922	11515	8288	12387	7184	8040	11803	12323	7642	1682	10461	12147	8451	1938	11843	9179	8414	1722	9347	12549	9872	1594	13966
chr9	105053219	105240218	187000	4	0	187000	106068	80932	13368	5224	7170	8068	7083	6038	8490	6291	6606	3682	7352	4872	6773	4080	4810	6159	7089	4833	900	6202	7808	5014	1044	7528	5759	5463	943	5837	7247	6084	925	8256
chr9	105240219	105622218	382000	5	0	382000	235239	146761	32566	11993	15806	20794	14839	10188	14276	13854	15513	6488	11584	10449	18241	9999	11042	17606	15278	8365	1675	13350	12624	7639	1723	12324	10252	7773	1593	10130	15002	10533	1595	16904
chr9	105622219	105680218	58000	4	0	58000	34537	23463	4571	1768	2386	2830	2151	1662	2325	2047	2293	1095	1916	1565	2540	1389	1663	2334	2256	1424	233	2001	2098	1515	271	2108	1574	1283	250	1581	2257	1770	242	2600
chr9	105680219	105841218	161000	5	0	161000	97364	63636	12004	4794	5984	8865	6414	4739	5854	5738	6270	2566	4938	5075	6959	4377	4218	8568	6909	3748	779	5041	5705	4956	689	5517	4129	2889	759	3665	6002	5275	801	6771
chr9	105841219	106120218	279000	6	0	279000	168069	110931	21171	8276	12035	14282	10949	7901	10915	10934	12035	5242	9226	7800	11608	6351	7621	11722	11451	6329	958	9032	10100	6691	774	9662	7821	5547	661	7601	11326	8660	815	13502
chr9	106120219	106839218	719000	7	0	719000	442067	276933	57384	22065	30636	39065	28743	19618	26116	29042	31205	13239	22359	20736	31817	16858	20007	33175	30059	15573	2712	23436	24810	15095	2193	23270	19164	13143	1791	18148	29486	21557	2232	34264
chr9	106839219	107021218	182000	6	0	182000	109695	72305	14143	5755	8065	9225	7251	5205	6726	6999	8047	3507	5827	5021	7747	4097	4882	7197	7592	4060	923	5989	6298	4186	829	6095	4922	3399	671	4938	7369	5764	791	8478
chr9	107021219	107123218	102000	5	0	102000	59705	42295	6625	2809	4300	4757	3727	3241	4330	4043	4194	2032	3665	2803	3945	2399	2605	4229	4268	2402	444	3367	3850	2679	312	3878	2982	2291	263	2864	4241	3347	315	4791
chr9	107123219	107188218	65000	4	0	65000	37040	27960	4241	1923	2695	2748	2550	2014	2971	2423	2686	1397	2413	1650	2130	1365	1659	2173	2657	1622	276	2144	2627	1905	243	2536	1994	1586	193	2031	2680	2198	240	3028
chr9	107188219	107277218	89000	3	0	89000	51807	37193	6461	2486	3534	4418	3337	2673	3510	3276	3494	1621	3226	2459	3607	1972	2317	3415	3382	2088	457	2824	3335	2699	647	3266	2473	2286	403	2532	3606	2874	355	3965
chr9	107277219	107331218	54000	2	0	54000	33117	20883	4954	1729	2207	2880	2041	1562	2017	1762	2019	911	1621	1410	2756	1496	1498	2252	2213	1207	289	1989	1754	1129	322	1755	1395	1128	334	1407	2020	1496	253	2192
chr9	107331219	107532218	201000	3	0	201000	109267	91733	13756	5390	7365	7660	7385	7002	9499	6301	6773	4091	8544	4993	6257	4014	4694	5542	7267	5479	1351	6400	8733	6273	1766	8614	6413	6740	1628	6667	7774	6894	1313	8420
chr9	107532219	107695218	163000	4	0	163000	89553	73447	10912	4322	6063	6424	5945	5599	7870	5458	5767	3361	6766	4227	5097	3156	3864	4721	6068	4325	875	5170	7074	5050	1137	6890	5194	5132	977	5433	6536	5644	871	7070
chr9	107695219	108096954	401736	5	0	401736	230353	171383	27085	11359	16813	17862	15222	12327	17427	15168	16293	7994	15241	10848	14519	8396	10052	13746	15657	9532	1847	13039	15919	11411	1988	15441	12312	10180	1513	12167	16256	13636	1598	18886
chr9	108096956	108392219	295264	5	0	295264	177687	117577	22624	8746	12535	15082	11766	8701	11332	11489	12332	5674	9731	8159	12265	6760	7951	12540	12131	6736	1186	9828	10706	7002	990	10103	8386	5940	779	7893	12065	9124	981	13725
chr9	108392220	108994219	602000	4	0	602000	354843	247157	43911	17863	25384	28720	23076	17880	24666	23080	24593	11806	20170	16635	24298	13638	15868	23253	24247	14185	2752	20003	22890	15748	2436	21821	17241	13659	2079	16891	24324	19303	2205	27373
chr9	108994220	109127219	133000	3	0	133000	79645	53355	10982	4119	5559	6446	5056	3798	5315	4549	5181	2413	4435	3508	5887	3388	3696	5313	5259	3093	687	4679	4660	2940	715	4667	3607	3031	667	3813	5192	3918	579	5846
chr9	109127220	109487219	360000	2	0	360000	198787	161213	23729	10111	13707	14242	12904	12237	17334	12293	13183	7410	13752	9167	11973	7484	8556	10704	14087	9559	2127	11469	15177	11734	2480	15035	11615	10755	2152	11510	13889	12377	1911	15335
chr9	109487220	109602219	115000	3	0	115000	65507	49493	8047	3342	4603	5015	4380	3604	5069	4107	4429	2277	4203	3039	4150	2406	2923	3911	4499	2884	541	3705	4647	3275	720	4498	3557	3131	621	3467	4457	3850	512	5129
chr9	109602220	109700219	98000	4	0	98000	59611	38389	7463	2944	4157	5242	4016	2742	3568	3992	4101	1812	3113	2832	4226	2257	2667	4478	4134	2181	346	3094	3396	2253	352	3259	2718	1895	300	2602	4071	2931	306	4550
chr9	109700220	109803219	103000	5	0	103000	60365	42635	7095	3005	4395	4887	4018	3153	4175	4223	4337	1989	3420	2908	3933	2201	2772	3852	4170	2358	421	3399	4034	2684	376	3759	3094	2414	340	2932	4272	3397	313	4672
chr9	109803220	109918219	115000	6	0	115000	65691	49309	7468	3262	4709	4963	4310	3725	5080	4580	4619	2360	4230	3222	4005	2458	2965	3734	4667	2851	504	3783	4696	3239	448	4439	3582	2792	406	3470	4749	3940	450	5292
chr9	109918220	110347219	429000	7	0	429000	245786	183214	30833	12292	17409	18731	16202	13612	18509	15333	16671	8211	16025	11208	15559	9319	10908	14962	16783	10682	2095	13874	17180	11964	2394	16601	13088	11333	2111	12994	16605	14160	1968	19382
chr9	110347220	110504219	157000	8	0	157000	96983	60017	13085	4780	6403	8800	6270	4381	5673	6253	6509	2814	4733	4381	7204	3858	4328	7510	6520	3406	710	5197	5286	3143	561	4964	4390	2964	486	3952	6381	4440	591	7025
chr9	110504220	110825219	321000	9	0	321000	202241	118759	27812	9876	13150	18930	12689	8506	10933	12692	13423	5435	9449	9069	15844	8010	8938	17484	13402	6574	1262	10589	10324	6175	1005	9719	8382	5472	905	7573	12712	9002	1074	14588
chr9	110825220	111072219	247000	8	0	247000	152217	94783	21061	7600	10487	13463	9486	6838	8852	9592	10493	4379	7339	6740	11571	6064	6847	11404	10154	5397	1076	8254	8448	5407	909	8042	6370	4780	821	6173	9795	7222	878	11056
chr9	111072220	111191219	119000	7	0	119000	73659	45341	10324	3607	4666	6791	4718	3190	4295	4680	4873	2001	3644	3386	5473	2898	3373	5739	4834	2575	488	3799	4150	2533	395	3766	3200	2262	343	3091	4699	3475	408	5322
chr9	111191220	111286219	95000	6	0	95000	58184	36816	7873	2945	3828	5174	3966	2696	3472	3833	4010	1664	2871	2661	3970	2327	2573	4320	4061	2190	364	3017	3416	2141	273	3061	2637	1772	250	2427	3853	2789	325	4239
chr9	111286220	111400219	114000	5	0	114000	70101	43899	9696	3700	4542	6139	4632	3278	4195	4440	4622	2017	3473	3109	5129	2851	3138	5138	4798	2545	547	3956	3915	2310	422	3543	3212	2171	368	2891	4620	3164	479	4958
chr9	111400220	111511219	111000	4	0	111000	66080	44920	9701	3235	4231	5545	4162	3323	4469	3820	4145	1995	3724	3047	4704	2696	2906	4376	4429	2591	588	3642	3947	2622	770	3809	3037	2771	725	3077	4360	3164	585	4802
chr9	111511220	111602219	91000	3	0	91000	51876	39124	6839	2532	3454	4056	3389	2902	3978	3024	3332	1713	3453	2360	3321	2036	2303	3184	3377	2218	514	3074	3579	2533	676	3525	2798	2576	645	2749	3539	2985	495	3839
chr9	111602220	111751219	149000	2	0	149000	89828	59172	12437	4416	5768	8038	5555	4042	5542	5351	5751	2617	4869	3989	6916	3667	4201	6668	5626	3403	722	4991	5225	3663	1045	5056	3948	3522	840	3904	5692	4401	705	6428
chr9	111751220	112243219	492000	1	0	492000	287472	204528	39019	13896	19263	23362	18742	15228	20577	16747	18394	9151	18060	13119	19385	11298	12725	18506	18729	11956	2513	16374	19022	12354	2843	18086	14157	12891	2515	14363	19386	15104	2431	21802
chr9	112243220	112880219	637000	2	0	637000	375587	261413	51734	18634	24783	31121	24077	19738	26135	21985	23690	11899	21775	16486	26772	15103	16339	25314	25496	15382	3391	21105	23926	15875	3858	22892	17825	16096	3533	18184	24688	19198	3112	26852
chr9	112880220	113136219	256000	3	0	256000	142922	113078	16790	7030	10068	10909	9312	8274	10849	9024	10059	5291	9622	6839	8636	5209	6211	8798	9971	6443	1629	7761	10179	8486	2382	10193	7584	7101	2048	7489	9725	9210	1569	11307
chr9	113136220	113260219	124000	2	0	124000	71706	52294	9103	3549	5050	5445	4468	3829	5440	4205	4716	2423	4445	3292	4860	2973	3341	4566	4843	3004	581	4346	4688	3261	765	4738	3536	3256	657	3741	4874	3931	621	5451
chr9	113260220	113420219	160000	1	0	160000	86893	73107	10508	4308	6081	5997	5579	5245	7703	5056	5662	3286	6488	3991	5145	3359	3992	4492	5828	4255	953	5162	6800	5434	1451	6877	4994	5340	1297	5287	5960	5533	997	6938
chr9	113420220	113624219	204000	2	0	204000	105341	98659	10689	4982	7669	6555	6758	7037	11236	6375	7198	4434	8991	4809	5250	3531	4420	5405	7189	5651	1087	6057	9790	8667	1556	9980	6881	7634	1230	7505	7547	8041	1069	8775
chr9	113624220	113781219	157000	3	0	157000	86380	70620	9622	4263	6198	6379	5678	5288	7427	5492	6197	3258	6451	4092	4965	2854	3520	4695	5927	4033	891	4812	6740	5490	892	6736	5013	4467	753	4867	6205	5869	742	7182
chr9	113781220	114249219	468000	4	0	468000	248174	219826	26596	11931	17819	16997	15834	15673	23835	16045	17220	10373	19239	11794	13693	8210	10146	12768	17259	12467	2765	13696	21667	19233	3630	21122	15055	15843	2925	15537	17406	18108	2428	20684
chr9	114249220	114518219	269000	3	0	269000	134989	134011	12891	6350	9787	7979	8441	10045	14990	8615	9119	6153	12013	6309	6557	4532	5260	5947	9740	7860	1868	7612	13169	12804	2578	13311	9396	10331	1975	9772	9785	10867	1587	11355
chr9	114518220	114554219	36000	2	0	36000	20401	15599	2550	998	1468	1589	1360	1108	1649	1215	1458	758	1420	913	1236	684	909	1085	1309	909	160	1170	1481	1060	173	1462	1086	953	153	1133	1456	1254	158	1681
chr9	114554220	114698219	144000	3	0	144000	79511	64489	10191	3994	5523	5562	5264	4880	6853	4626	5111	2915	5798	3712	4704	2926	3400	4050	5452	3799	799	4666	6091	4479	1055	6006	4462	4549	997	4598	5619	4804	809	6304
chr9	114698220	114779219	81000	4	0	81000	46404	34596	5484	2252	3211	3548	3040	2649	3407	3069	3139	1639	3081	2252	2832	1703	2133	2964	3310	2003	338	2592	3307	2476	353	3141	2402	1976	298	2288	3145	2822	333	3811
chr9	114779220	114874219	95000	5	0	95000	55688	39312	6625	2854	4011	4460	3781	2750	3992	3698	3983	1854	3275	2684	3562	2128	2526	3504	3794	2304	411	3077	3725	2461	317	3509	2800	2156	233	2728	3902	3091	313	4490
chr9	114874220	114981219	107000	6	0	107000	63124	43876	7740	3092	4616	5106	4185	3125	4350	4059	4516	2136	3741	2821	4113	2394	2907	4222	4320	2520	421	3485	4011	2737	370	3973	3121	2365	302	3036	4268	3469	357	5120
chr9	114981220	115008620	27401	7	0	27401	15863	11538	1826	765	1105	1209	959	853	1182	1090	1061	561	978	767	1059	656	741	1050	1104	718	132	881	1037	713	146	1079	836	636	95	793	1107	907	99	1254
chr9	115008622	115087220	78599	7	0	78599	44852	33747	5421	2203	3367	3333	2898	2416	3518	2917	3216	1618	3033	2154	2789	1592	1887	2490	3024	1957	386	2462	3102	2228	355	3164	2392	2015	269	2370	3231	2649	332	3809
chr9	115087221	115234220	147000	8	0	147000	87560	59440	10400	4313	6417	7260	5700	4139	5778	5690	6162	2838	5199	4120	6128	3183	4021	6210	5926	3210	497	4840	5306	3699	501	5368	4104	3133	398	4139	5971	4832	448	7068
chr9	115234221	115884220	650000	9	0	650000	401022	248978	52189	19626	27882	35826	25808	17801	23289	26191	27837	11829	20545	18562	29688	15676	18147	30125	27210	13783	2315	21624	22193	13802	1708	20939	17159	11759	1511	16201	26526	19298	1850	31099
chr9	115884221	116069220	185000	8	0	185000	115482	69518	15093	5590	8098	10747	7547	5088	6219	7665	8111	3256	5580	5344	8777	4395	5134	8836	7792	3829	655	6053	6114	3631	441	5812	4869	3119	359	4553	7744	5419	515	8613
chr9	116069221	116465220	396000	9	0	396000	232279	163721	27118	11353	17052	18559	15048	12122	16111	15573	16665	7895	14328	10926	15251	8652	10352	15273	16130	9190	1535	13167	14810	10580	1431	14747	11521	8577	1150	11068	16392	13221	1340	18861
chr9	116465221	116861220	396000	8	0	396000	230689	165311	27216	11317	16840	18017	14945	12156	16519	14982	16227	7904	14482	10807	15001	8657	10696	14922	16147	9234	1589	13063	14885	10836	1510	15236	11604	9091	1278	11417	15966	13306	1327	18821
chr9	116861221	117151220	290000	9	0	290000	168887	121113	19388	8214	12126	13235	10770	8962	12370	11521	11795	5695	10607	7987	11010	6496	7674	11035	11937	6883	1120	9428	11115	7718	935	11143	8709	6682	802	8557	11862	9628	945	13649
chr9	117151221	117273220	122000	8	0	122000	71870	50130	8224	3480	5218	5786	4547	3589	5117	4964	5145	2412	4317	3549	4792	2685	3245	4799	5032	2748	436	3950	4511	3183	340	4571	3545	2630	275	3485	5129	4044	359	5891
chr9	117273221	117386764	113544	7	0	113544	65377	48167	7241	3152	4815	5047	4161	3631	4825	4665	4676	2208	4364	3137	4178	2310	2839	4127	4559	2671	435	3636	4387	3189	388	4572	3604	2723	305	3312	4732	3954	376	5323
chr9	117386766	117567221	180456	7	0	180456	106837	73619	12648	5126	7761	8993	6858	5283	7255	6982	7625	3435	6328	5055	7397	4051	4898	7142	7372	3973	717	5833	6439	4708	736	6433	5215	3854	589	5305	7352	5782	638	8671
chr9	117567222	117681221	114000	8	0	114000	70397	43603	9200	3390	4847	6380	4547	3211	4067	4506	4814	2091	3551	3257	5256	2781	3188	5311	4821	2416	431	3804	3761	2346	365	3662	3051	2107	324	2800	4698	3266	362	5387
chr9	117681222	117832221	151000	9	0	151000	91894	59106	11297	4456	6653	7909	5811	4229	5620	6071	6628	2823	4962	4316	6579	3560	4295	6684	6286	3187	604	4991	4987	3377	426	5170	4269	2746	367	3966	6189	4650	487	7403
chr9	117832222	117967221	135000	10	0	135000	83926	51074	10764	4071	5904	7747	5427	3598	4712	5262	5758	2469	4253	3794	6536	3270	3833	6527	5540	2811	474	4583	4408	2743	395	4239	3527	2362	314	3403	5524	3868	405	6477
chr9	117967222	118050221	83000	9	0	83000	51635	31365	6910	2479	3561	4687	3277	2203	2857	3357	3550	1451	2772	2381	3901	1972	2347	3928	3358	1696	292	2759	2720	1634	217	2627	2211	1474	194	2029	3405	2394	233	4122
chr9	118050222	119472221	1422000	10	0	1422000	882392	539608	113896	43130	60295	80479	56186	38877	50127	57706	60344	25525	44351	40664	67375	34398	40130	68907	59682	29770	5353	47125	46264	28742	4303	44830	38329	25241	3520	35564	58621	40386	4494	67384
chr9	119472222	119770221	298000	9	0	298000	178923	119077	21669	8871	12578	15207	11608	8751	11485	11933	12513	5668	10043	8565	12536	6708	8207	12579	12338	6812	1183	9665	10755	6954	911	10413	8567	5832	815	8042	12117	9435	1045	14193
chr9	119770222	119920221	150000	8	0	150000	87716	62284	9859	4240	6421	7104	5596	4490	6198	6013	6297	2952	5337	4246	5872	3305	4050	5735	6031	3552	564	4840	5714	4096	487	5815	4431	3298	372	4251	6122	5165	445	7100
chr9	119920222	119997221	77000	7	0	77000	44043	32957	4688	2053	3303	3414	2873	2427	3332	3153	3095	1589	2809	2237	2803	1551	1968	2746	3053	1833	308	2426	3042	2237	284	3106	2520	1896	221	2301	3171	2703	277	3579
chr9	119997222	120154221	157000	6	0	157000	88613	68387	9462	4358	6579	6541	6013	5006	7069	6170	6251	3341	6105	4385	5215	3225	3842	5050	6394	3920	662	4954	6449	4752	603	6354	4950	3905	532	4829	6465	5582	577	7458
chr9	120154222	120271221	117000	5	0	117000	65810	51190	6991	3234	4874	4791	4360	3803	5216	4750	4750	2507	4508	3287	3789	2227	2885	3837	4653	2946	500	3672	5063	3668	442	4705	3695	2906	343	3544	4718	4358	415	5561
chr9	120271222	120357221	86000	4	0	86000	48278	37722	5387	2374	3380	3731	3166	2697	3938	3322	3394	1845	3418	2308	2925	1709	2028	2655	3330	2188	392	2715	3679	2903	394	3484	2606	2161	276	2628	3508	3208	312	3937
chr9	120357222	120445221	88000	3	0	88000	47789	40211	5096	2330	3507	3357	3060	3080	4413	3057	3394	1903	3570	2238	2740	1686	1978	2380	3455	2250	499	2795	3793	3013	529	3876	2884	2687	456	2867	3477	3262	436	3930
chr9	120445222	120672221	227000	2	0	227000	133454	93546	17520	6660	9075	10866	8578	6958	9341	8059	8678	4274	7912	5878	9345	5485	6068	8756	9167	5362	1104	7744	8382	5858	1328	8266	6531	5629	998	6434	8855	6985	950	9952
chr9	120672222	120911221	239000	1	0	239000	133991	105009	16894	6721	9066	9933	8638	7737	10948	8002	8541	4682	8838	6264	8541	5295	6071	7819	9133	6154	1326	7822	9667	7304	1855	9685	7319	7314	1777	7326	9206	7738	1292	10090
chr9	120911222	121244221	333000	2	0	333000	199360	133640	26307	9748	13722	17060	12604	9403	13313	11875	13000	5996	11158	9055	14926	8032	8781	14379	13113	7483	1576	11007	11924	7921	1659	11791	9245	7781	1509	9421	12913	10109	1432	14755
chr9	121244222	121484221	240000	3	0	240000	134708	105292	16220	6574	9484	10065	8657	7747	10891	8346	9029	4820	9204	6193	8437	5173	6008	7860	9184	6110	1256	7764	9956	7785	1511	9798	7241	6826	1145	7468	9259	8329	1102	10556
chr9	121484222	121497379	13158	2	0	13158	6834	6324	787	357	427	424	449	518	715	392	438	260	605	323	321	243	316	257	467	416	91	404	644	486	100	604	447	474	86	479	517	458	75	576
chr9	121497380	121520220	22841	2	0	22841	11798	11043	1404	557	821	754	820	761	1170	778	768	488	1016	533	544	434	471	477	778	639	129	694	1106	870	262	1012	827	882	238	801	818	859	157	971
chr9	121520221	122350220	830000	3	0	830000	433870	396130	45670	20812	31046	28216	27469	29644	43154	26767	28997	18066	35191	19856	23608	15340	18172	21861	31046	22875	5209	24732	37503	34193	7340	38931	27847	29445	6227	28671	30638	31453	4790	35229
chr9	122350221	122485220	135000	4	0	135000	76246	58754	8991	3775	5372	5744	5144	4139	6028	4813	5076	2809	5103	3554	4671	2807	3306	4913	5200	3497	638	4195	5782	4448	721	5347	4015	3652	613	4103	5127	4701	550	6164
chr9	122485221	122660220	175000	5	0	175000	106637	68363	13747	5390	7103	9348	6926	5077	6457	7062	7371	3275	5363	5085	7545	4066	4840	7981	7483	4056	696	5573	6193	4053	608	5837	4727	3216	464	4363	7119	5366	618	7990
chr9	122660221	122792220	132000	4	0	132000	79585	52415	9998	4030	5319	6738	5200	3922	5150	5204	5402	2517	4237	3827	5486	3064	3583	5907	5687	3089	555	4201	4856	3083	478	4350	3673	2580	374	3505	5260	4015	475	6233
chr9	122792221	123090220	298000	3	0	298000	178185	119815	25119	9101	11761	15070	11164	8495	11809	10141	11205	5276	10000	7666	13563	7531	7883	12399	11638	6861	1563	10341	10568	7116	2064	10187	8046	7390	1707	8187	11357	8568	1484	12738
chr9	123090221	123227220	137000	2	0	137000	82811	54189	11132	4274	5651	7038	5219	3930	5427	4963	5474	2537	4285	3653	6272	3389	3791	5774	5585	3145	701	4699	4732	2987	633	4670	3811	2962	531	3784	5411	3928	609	6001
chr9	123227221	123468220	241000	1	0	241000	124150	116850	13523	6011	8571	7946	7885	9257	12808	7399	8049	5367	10245	5568	6594	4304	4977	5645	9241	6755	1754	7188	11016	10283	2487	11197	8348	8862	2092	8396	8744	9083	1583	9820
chr9	123468221	123573220	105000	2	0	105000	57743	47257	6467	2850	4162	3990	3588	3719	5037	3773	3999	2271	4103	2611	3415	2123	2575	3059	4314	2659	633	3357	4330	3463	666	4392	3331	3075	578	3474	4142	3655	533	4654
chr9	123573221	123909220	336000	3	0	336000	202088	133912	26977	10109	13973	17182	12814	9959	13352	12358	13635	6211	11060	8976	14815	8111	8973	13582	13895	7702	1529	11264	11831	7806	1352	11710	9332	7141	1167	9300	13425	10049	1324	15084
chr9	123909221	124082220	173000	2	0	173000	89894	83106	10074	4329	6286	5999	5820	6630	8410	5513	5970	3693	7711	4021	4824	3046	3528	4038	6553	4709	1258	5178	7561	7008	2074	7742	5758	6268	1851	5751	6502	6400	1229	7264
chr9	124082221	124347220	265000	3	0	265000	133801	131199	14657	6241	9177	8189	8673	10240	14516	8308	8752	5972	11742	6263	6182	4256	5004	5628	9683	7586	1939	7501	12995	11948	2775	12624	9297	10501	2205	9415	9763	10307	1761	10898
chr9	124347221	124752220	405000	2	0	405000	223810	181190	27727	11023	15435	16365	14438	13358	18939	13242	14369	8234	15428	9842	14016	8749	9950	12695	15324	10608	2430	13002	16965	13586	3339	16641	12518	12963	2884	13055	15169	13374	2277	17053
chr9	124752221	124883220	131000	1	0	131000	65510	65490	7563	3164	4477	3971	4163	4799	7210	3555	4077	2779	5870	3005	3372	2310	2636	2558	4383	3847	1006	3816	6271	5901	1777	6274	4459	5552	1548	4924	4614	4923	1015	5179
chr9	124883221	125131220	248000	2	0	248000	144792	103208	20187	7109	9162	11685	9267	7798	10653	8324	8877	4518	9036	6550	9813	5835	6377	9599	9690	5946	1336	8288	9620	5935	1550	9135	7132	6855	1494	7245	9600	7504	1318	10560
chr9	125131221	125565220	434000	1	0	434000	239723	194277	31303	11730	15396	17775	15375	14822	20909	13622	14301	8599	17083	10979	15224	9299	10195	13110	16197	11308	2800	14145	18224	13379	3831	17572	13692	14369	3504	14293	16614	13950	2825	17573
chr9	125565221	125901220	336000	2	0	336000	202691	133309	27998	10019	13067	18133	12657	9754	12836	12031	12735	5947	10841	8638	15828	8391	9021	14794	13512	7568	1697	11334	11400	7942	2315	11151	9182	8033	1943	9070	13184	9265	1503	14209
chr9	125901221	126413220	512000	3	0	512000	279076	232924	31890	13264	19342	20843	17740	17978	24574	17730	18718	10660	20330	12755	16990	9687	11019	15554	20131	13264	3121	15073	22140	19465	3773	21796	16540	15939	3047	16172	19212	18506	2521	22224
chr9	126413221	126685220	272000	2	0	272000	132975	139025	13245	6159	9163	7972	8134	10357	15527	8250	8660	6253	11942	6017	6499	4287	4963	5545	9615	7974	2167	7300	13431	13864	3686	13445	9817	11680	2956	10217	9405	10908	1927	10633
chr9	126685221	126928220	243000	1	0	243000	130156	112844	16101	6279	8829	9005	8476	8628	11851	7334	8217	5011	10134	5846	7420	4787	5468	6769	8987	6605	1661	7453	10461	8724	2547	10522	7893	8436	2184	8163	8948	8489	1626	10144
chr9	126928221	127266220	338000	2	0	338000	182010	155990	19690	8989	13125	11984	11682	11820	17379	11717	12363	7335	13605	8181	10053	6783	7742	9560	13373	8990	1879	10685	14891	12091	2137	15082	11328	10858	1771	11421	13007	12262	1551	14664
chr9	127266221	129819220	2553000	1	0	2553000	1236334	1316666	133003	57188	82065	68480	79122	99263	145832	69802	74361	57511	121970	57558	54249	41210	48127	46592	85187	77348	20333	72304	128862	123098	35568	130029	89923	115261	30879	96473	90047	101850	20315	99188
chr9	129819221	130176220	357000	2	0	357000	189654	167346	24894	9278	12354	12648	12160	12612	18049	10728	11398	7438	15112	8605	10722	6878	7879	8897	12677	9639	2737	11155	15728	12267	3978	15320	11735	13300	3685	12572	13409	12087	2710	14347
chr9	130176221	130217220	41000	1	0	41000	18016	22984	1536	774	1251	751	1105	1676	2689	1011	1150	1007	2168	858	521	473	554	492	1279	1279	391	981	2298	2573	677	2399	1524	2252	467	1679	1380	1842	359	1602
chr9	130217221	130251220	34000	2	0	34000	16937	17063	1981	778	1067	1021	1051	1336	1907	948	1011	755	1515	740	804	548	579	895	1171	1042	287	917	1695	1583	433	1687	1206	1470	350	1200	1170	1303	284	1264
chr9	130251221	130268220	17000	3	0	17000	8437	8563	894	402	622	527	599	603	912	532	569	382	742	384	383	266	324	295	590	466	135	462	826	800	202	788	605	693	229	689	625	657	134	661
chr9	130268221	130284220	16000	4	0	16000	8477	7523	1131	464	503	544	575	669	797	517	517	331	656	419	419	274	317	344	619	507	140	472	800	560	145	680	479	541	130	526	660	576	91	595
chr9	130284221	130301220	17000	5	0	17000	8064	8936	618	325	627	411	529	724	956	578	552	422	765	445	283	224	321	282	547	557	103	488	977	940	174	880	637	682	110	657	626	792	121	645
chr9	130301221	130310781	9561	6	0	9561	4271	5290	329	175	270	224	270	393	597	267	271	252	477	217	128	119	161	120	324	321	87	208	554	608	146	531	316	465	104	409	333	445	81	357
chr9	130347674	130355112	7439	6	0	7439	3193	4246	264	111	233	124	177	338	474	186	176	190	365	134	114	104	122	80	205	260	85	193	460	523	125	412	278	420	94	326	232	317	52	263
chr9	130355113	130372112	17000	5	0	17000	7561	9439	508	292	519	333	392	699	1064	578	536	393	854	453	216	215	293	216	464	583	123	428	1109	1161	190	981	605	786	113	658	555	911	108	662
chr9	130372113	130388112	16000	4	0	16000	7016	8984	481	299	464	296	424	670	1046	482	418	383	801	392	218	210	268	162	498	546	138	380	995	1042	214	911	584	822	160	700	545	752	108	589
chr9	130388113	130406112	18000	3	0	18000	7601	10399	523	331	516	296	471	815	1188	443	473	461	938	354	199	194	238	161	572	612	190	427	1050	1294	323	1050	692	992	242	727	603	820	127	676
chr9	130406113	130439112	33000	2	0	33000	15181	17819	1393	724	1006	723	943	1370	2018	904	926	808	1519	700	584	468	586	508	1098	1065	333	874	1757	1882	508	1782	1281	1611	436	1238	1099	1370	249	1235
chr9	130439113	130490112	51000	1	0	51000	22692	28308	1922	967	1579	1075	1389	1980	3135	1530	1459	1202	2519	1073	773	637	800	652	1586	1576	428	1196	2851	3314	873	2856	1931	2714	633	2096	1665	2290	412	1885
chr9	130490113	131073112	583000	2	0	583000	292085	290915	33048	13933	19733	17702	18524	22219	31702	16762	18335	13002	26070	13302	14509	10014	11257	11972	20687	16913	4861	16707	27625	25735	7902	27497	20071	24093	6720	21394	20824	22018	4702	23165
chr9	131073113	131746112	673000	1	0	673000	342550	330450	39712	16790	23226	20847	22048	25468	36538	19627	21470	15033	29221	15591	17345	11747	13656	14230	24460	18968	5517	20093	31198	27466	8344	30856	23463	26867	7210	24692	24560	24562	5193	27000
chr9	131746113	131875112	129000	2	0	129000	62772	66228	6390	2930	4341	3397	3894	5213	7583	3895	4125	3001	6031	2922	2649	1943	2301	2155	4600	3780	1138	3569	6455	6109	1494	6424	4825	5402	1307	5046	4706	5191	965	5217
chr9	131875113	131983112	108000	3	0	108000	61122	46878	7584	3133	4258	4608	3930	3548	4982	3818	4195	2207	3861	2770	3874	2335	2565	3454	4323	2693	671	3536	4236	3203	722	4203	3440	2886	638	3292	4279	3583	537	4634
chr9	131983113	132115112	132000	4	0	132000	74573	57427	9004	3861	5391	5362	4874	4493	5861	4831	5049	2702	4823	3330	4691	2868	3112	4321	5452	3310	898	4264	5270	3832	840	5113	4213	3506	728	4095	5122	4407	660	5715
chr9	132115113	132363112	248000	3	0	248000	128467	119533	14947	6256	8627	8445	8016	9083	12869	7473	8273	5420	10503	5786	7039	4508	5115	6106	9039	6844	2059	7325	11129	10325	3014	11209	8327	9313	2455	8511	8946	9195	1772	10069
chr9	132363113	132430112	67000	2	0	67000	36156	30844	4579	1824	2454	2519	2306	2751	3115	2177	2380	1362	2689	1556	2110	1295	1377	1660	2667	1930	609	2027	2861	2070	732	2719	2293	2167	616	2166	2528	2215	521	2723
chr9	132430113	132873112	443000	3	0	443000	232214	210786	27081	11496	15939	15335	14767	15935	22552	14357	15508	9678	18232	10988	12495	7819	9126	10906	16566	11963	3513	12886	19814	17480	4844	19350	14969	15638	4139	15216	16262	16409	3338	18397
chr9	132873113	133035112	162000	2	0	162000	84901	77099	9748	4270	5998	5406	5483	5823	8296	5107	5602	3617	6790	3845	4588	2961	3481	3884	5910	4527	1187	5047	7411	6254	1661	7155	5400	5717	1337	5638	5988	5983	1159	6725
chr9	133035113	133164112	129000	1	0	129000	57758	71242	4711	2653	3989	2595	3516	5397	8194	3302	3562	3336	6074	2521	2159	1818	2169	1762	4402	4193	1186	3423	6963	8123	2208	7075	4848	6621	1612	5093	4196	5432	1031	4834
chr9	133164113	133257993	93881	2	0	93881	46880	47001	4947	2352	3048	2876	2942	3750	5168	2909	3099	2206	3999	2056	2235	1511	1691	2091	3631	2817	866	2504	4608	4407	1211	4326	3281	3634	987	3368	3249	3694	708	3708
chr9	133257994	133258115	122	2	0	122	62	60	5	6	6	2	4	5	9	1	6	2	4	2	4	4	1	1	4	5	2	6	2	5	2	5	3	3	2	6	9	1	0	3
chr9	133258117	133258140	24	2	0	24	9	15	0	0	1	0	1	0	2	1	0	1	0	1	0	1	1	0	0	2	0	0	2	3	0	1	2	0	0	1	0	1	0	1
chr9	133258142	133258192	51	2	0	51	22	29	3	1	3	0	2	3	1	3	1	0	1	1	1	1	0	0	0	1	3	1	3	1	1	1	5	2	4	3	1	2	0	0
chr9	133258193	133258307	115	2	0	115	44	71	0	2	2	3	4	8	8	4	2	3	3	2	1	0	0	1	6	4	0	3	8	11	4	3	4	7	2	7	6	5	0	0
chr9	133258309	133258351	43	2	0	43	21	22	2	0	3	1	1	1	3	0	2	1	4	1	1	0	0	0	0	0	0	2	1	2	1	1	1	2	0	3	3	1	1	3
chr9	133258353	133259655	1303	2	0	1303	622	681	62	23	44	37	43	65	83	40	30	37	59	25	30	17	15	10	59	31	11	41	79	51	14	61	40	71	13	58	53	52	6	41
chr9	133259657	133259746	90	2	0	90	30	60	1	0	3	0	1	2	5	2	2	3	9	0	0	1	1	0	2	2	0	2	5	11	2	9	1	6	1	4	1	8	1	3
chr9	133259747	133259785	39	2	0	39	18	21	0	0	0	2	1	4	4	3	1	2	0	0	0	0	0	0	6	0	0	0	1	1	0	2	4	2	0	1	1	1	0	1
chr9	133259800	133259832	33	2	0	33	16	17	0	1	1	1	2	1	1	1	0	2	2	0	1	1	0	2	1	1	1	1	1	0	0	2	2	2	0	0	1	1	1	1
chr9	133259835	133260039	205	2	0	205	90	115	3	7	4	2	2	12	18	9	8	5	7	5	3	0	5	0	10	6	1	7	13	8	1	11	11	10	2	8	6	9	2	8
chr9	133260041	133260073	33	2	0	33	10	23	0	1	0	0	0	3	2	0	0	1	0	0	1	1	0	0	2	1	3	0	3	3	2	1	1	5	0	0	0	0	0	1
chr9	133260075	133260254	180	2	0	180	87	93	5	6	5	4	4	8	10	8	9	6	8	3	2	2	3	3	9	4	5	4	7	10	3	5	6	8	0	4	8	3	3	13
chr9	133260256	133260281	26	2	0	26	9	17	0	0	2	0	0	1	3	0	2	1	0	0	0	0	0	0	0	1	0	1	2	2	0	1	0	3	0	2	2	0	0	1
chr9	133260283	133260792	510	2	0	510	220	290	8	8	14	6	15	21	43	16	9	18	29	17	3	3	5	3	18	13	4	15	38	29	0	29	19	29	1	21	20	25	3	26
chr9	133260794	133260838	45	2	0	45	23	22	1	1	2	0	0	1	2	3	2	0	4	2	1	1	1	1	1	1	0	1	3	0	0	3	0	1	0	3	1	4	0	3
chr9	133260840	133261661	822	2	0	822	311	511	7	13	28	3	17	36	59	19	23	22	53	9	4	7	6	5	16	29	11	22	52	74	14	52	40	42	10	40	22	47	7	31
chr9	133261663	133261702	40	2	0	40	16	24	1	1	0	0	0	3	5	0	1	2	2	0	0	0	0	0	1	0	2	3	2	2	0	3	2	2	0	0	3	3	0	0
chr9	133261704	133264507	2804	2	0	2804	1482	1322	169	85	87	103	96	108	133	82	92	64	111	67	88	65	53	78	123	91	29	79	132	113	30	132	66	93	22	77	98	109	31	96
chr9	133264508	133266029	1522	2	0	1522	822	700	90	29	41	66	45	64	70	51	34	31	72	45	57	33	40	54	51	46	8	52	76	43	12	65	49	59	10	46	54	48	20	59
chr9	133266030	133266234	205	2	0	205	110	95	34	6	6	2	3	10	10	2	6	3	12	3	4	3	4	1	4	7	1	10	11	5	3	8	4	8	5	5	6	7	1	9
chr9	133266235	133266584	350	2	0	350	255	95	70	13	14	25	12	6	4	14	17	3	6	7	21	7	6	28	11	8	0	10	12	6	1	8	1	3	0	2	12	10	1	10
chr9	133266588	133266789	202	2	0	202	134	68	23	3	12	17	9	5	3	9	15	2	4	5	8	4	5	9	6	3	0	5	5	5	0	7	3	3	0	4	12	6	0	8
chr9	133266805	133267114	310	2	0	310	211	99	34	8	10	23	10	5	12	13	16	10	7	11	15	7	13	17	14	4	0	12	9	2	0	4	6	0	0	4	11	9	0	22
chr9	133267116	133267580	465	2	0	465	288	177	71	6	10	29	18	12	22	19	11	9	15	8	16	12	12	16	14	14	0	11	20	11	0	16	18	16	0	14	19	6	0	18
chr9	133267588	133267706	119	2	0	119	52	67	0	3	3	3	6	6	9	2	2	3	8	3	1	2	1	0	3	4	0	6	7	6	0	8	8	5	0	2	5	6	0	5
chr9	133267725	133268871	1147	2	0	1147	738	409	108	34	53	61	59	29	36	33	34	21	36	31	56	33	30	83	50	17	7	43	30	14	3	35	32	21	0	34	45	30	4	43
chr9	133268898	133269547	650	2	0	650	385	265	63	24	31	26	25	17	29	18	26	11	19	14	30	15	15	22	29	12	4	22	21	25	1	22	17	19	2	19	22	14	3	31
chr9	133269549	133269581	33	2	0	33	17	16	1	1	1	2	2	1	1	1	0	2	0	3	2	0	0	0	1	2	0	0	2	1	1	1	1	0	0	0	1	2	1	1
chr9	133269583	133269991	409	2	0	409	211	198	22	8	11	18	16	19	21	13	8	9	19	8	14	9	8	7	9	18	2	16	20	16	3	21	16	14	2	16	24	11	3	6
chr9	133270001	133270073	73	2	0	73	52	21	19	3	0	5	5	2	1	1	1	1	2	2	2	2	2	2	4	2	0	2	4	2	0	1	0	0	0	0	1	3	0	2
chr9	133270075	133270497	423	2	0	423	275	148	36	14	15	31	17	13	15	18	25	11	10	11	17	8	13	20	25	7	2	12	13	5	1	7	5	3	0	10	20	11	3	23
chr9	133270499	133270564	66	2	0	66	48	18	9	2	7	4	3	2	1	1	3	1	0	2	6	4	1	1	5	0	0	3	1	0	0	0	0	0	0	2	1	1	0	4
chr9	133270566	133270586	21	2	0	21	14	7	2	1	2	2	1	1	0	0	1	0	1	0	2	0	0	0	0	1	0	1	1	1	0	0	0	0	0	0	1	0	0	1
chr9	133270587	133270637	51	2	0	51	37	14	11	3	3	1	1	1	1	1	5	0	1	1	2	1	2	1	1	1	0	3	2	0	0	0	0	0	0	0	1	1	0	5
chr9	133270648	133271000	353	2	0	353	245	108	38	11	20	26	18	5	10	8	16	6	10	16	24	11	11	14	18	4	0	11	8	0	1	5	4	1	1	6	10	9	0	29
chr9	133271002	133271018	17	2	0	17	13	4	4	1	1	1	1	1	0	0	0	0	0	0	1	0	0	1	1	1	0	1	1	0	0	0	0	0	0	0	0	0	0	0
chr9	133271019	133271060	42	2	0	42	31	11	5	2	0	4	4	0	1	2	1	0	0	3	0	0	1	7	0	1	0	1	2	0	0	0	2	0	0	0	3	0	0	1
chr9	133271081	133272584	1504	2	0	1504	881	623	125	49	52	69	62	44	74	58	58	31	44	31	50	36	27	70	64	36	7	52	62	40	9	50	45	42	6	45	67	43	4	50
chr9	133272586	133272619	34	2	0	34	23	11	2	1	2	4	0	0	1	1	2	1	0	1	5	0	1	0	1	1	0	0	1	1	0	3	0	0	0	0	0	3	0	1
chr9	133272621	133272952	332	2	0	332	210	122	21	11	21	17	10	4	13	8	14	11	10	10	25	9	7	17	11	9	0	15	12	12	0	12	2	0	0	4	10	15	0	20
chr9	133272954	133272993	40	2	0	40	20	20	1	2	1	1	1	0	2	2	2	0	3	2	1	0	0	1	0	0	1	1	2	3	0	0	2	2	0	0	1	1	1	5
chr9	133272995	133273680	686	2	0	686	305	381	12	18	20	12	24	32	40	25	19	21	43	15	7	3	10	4	21	30	5	18	47	35	9	32	25	28	4	27	28	31	3	36
chr9	133273683	133276163	2481	2	0	2481	833	1648	45	41	60	24	37	70	130	36	64	73	126	32	24	31	17	22	54	82	41	38	85	260	156	154	74	184	142	82	60	128	47	60
chr9	133276164	133277420	1257	2	0	1257	638	619	75	33	38	39	36	56	58	43	49	20	61	30	24	25	27	22	46	37	15	36	63	36	19	54	38	49	22	43	46	50	14	51
chr9	133277429	133278006	578	2	0	578	245	333	8	10	18	10	10	24	47	14	22	15	36	10	6	2	6	6	19	15	4	13	32	40	3	43	24	31	2	23	20	33	1	29
chr9	133278008	133278036	29	2	0	29	15	14	1	1	2	1	2	1	0	0	1	0	2	0	1	1	1	1	0	1	0	2	1	1	0	3	1	0	0	0	1	2	0	0
chr9	133278038	133278859	822	2	0	822	412	410	44	35	46	11	31	31	42	25	43	17	31	7	19	11	13	5	36	26	3	29	34	39	10	40	30	25	5	34	29	34	6	29
chr9	133278861	133283390	4530	2	0	4530	2445	2085	277	150	194	166	215	129	187	137	163	110	152	121	132	82	122	108	156	157	23	135	210	196	37	203	130	131	20	139	172	162	34	178
chr9	133283392	133283424	33	2	0	33	14	19	2	1	2	0	1	1	1	0	2	1	1	2	0	0	0	0	1	1	0	0	1	4	1	0	0	0	2	1	1	1	1	3
chr9	133283426	133285286	1861	2	0	1861	904	957	59	30	66	38	41	87	115	61	48	49	99	61	45	35	34	36	60	67	16	57	93	61	22	81	60	77	22	83	91	52	20	93
chr9	133285288	133289927	4640	2	0	4640	2731	1909	417	133	193	227	185	126	206	140	169	92	160	114	198	103	104	163	176	115	13	150	196	126	16	186	111	139	12	134	174	144	23	193
chr9	133289928	133291949	2022	1	0	2022	1254	768	210	59	103	102	77	49	74	67	78	39	50	61	110	48	52	74	78	51	8	58	80	44	4	70	50	41	5	50	59	61	7	101
chr9	133291951	133291992	42	1	0	42	23	19	3	3	2	0	1	2	2	0	1	1	0	1	3	1	1	1	1	3	0	2	3	2	0	2	0	2	0	0	2	0	0	1
chr9	133291994	133295433	3440	1	0	3440	1910	1530	224	101	141	147	162	99	167	77	119	87	119	114	107	62	93	90	133	90	15	111	164	127	18	127	86	96	16	108	122	123	19	174
chr9	133295434	133296666	1233	1	0	1233	708	525	118	39	33	65	41	42	52	35	32	19	39	26	63	34	31	38	49	35	13	37	51	32	17	42	39	43	17	33	31	33	9	43
chr9	133296667	133296749	83	1	0	83	36	47	9	1	0	0	2	3	4	1	0	2	8	3	0	1	1	0	2	1	0	4	4	5	1	2	2	4	5	3	2	3	4	4
chr9	133296750	133296803	54	1	0	54	20	34	0	1	0	1	0	0	3	3	2	1	4	0	0	2	2	0	1	1	0	2	2	4	5	2	1	4	0	3	2	4	1	1
chr9	133296805	133297947	1143	1	0	1143	669	474	96	35	36	51	49	38	47	25	26	18	54	35	47	30	26	55	43	27	6	46	52	24	10	36	23	34	6	33	41	37	8	47
chr9	133297949	133298033	85	1	0	85	56	29	4	3	3	7	6	4	2	4	4	2	2	1	4	2	0	6	6	2	2	1	4	0	0	0	3	0	0	1	3	2	0	5
chr9	133298035	133298881	847	1	0	847	516	331	93	21	39	43	38	27	33	24	37	12	35	16	28	13	12	43	28	18	2	25	32	13	2	31	29	24	4	23	33	23	4	40
chr9	133298883	133298910	28	1	0	28	20	8	5	1	0	3	2	0	0	0	0	0	0	0	2	2	3	1	1	0	0	2	1	1	0	0	0	1	0	0	0	0	0	1
chr9	133298912	133299471	560	1	0	560	350	210	58	11	16	45	9	13	25	21	21	8	17	18	42	11	15	18	12	8	2	21	20	11	4	20	15	18	3	12	23	18	3	20
chr9	133299477	133299887	411	1	0	411	212	199	29	16	16	10	21	9	17	11	18	10	27	9	4	3	7	4	13	16	1	8	21	25	0	24	8	8	1	9	15	21	2	26
chr9	133299889	133300133	245	1	0	245	124	121	9	9	11	7	9	5	17	2	14	3	7	6	3	4	10	7	9	6	1	5	14	11	2	12	4	10	1	15	6	11	0	13
chr9	133300231	133300343	113	1	0	113	30	83	0	1	1	0	1	6	8	1	1	2	5	1	0	2	0	0	2	6	2	1	9	20	7	5	4	11	1	5	1	4	0	4
chr9	133300360	133300852	493	1	0	493	274	219	39	15	23	13	17	20	21	16	18	12	17	20	16	8	11	7	27	13	2	13	16	25	3	20	15	8	1	8	17	18	2	30
chr9	133300857	133301108	252	1	0	252	141	111	15	9	9	14	15	12	10	6	8	1	6	7	8	6	5	9	9	9	2	7	15	6	1	11	10	12	1	5	9	6	0	7
chr9	133301112	133301493	382	1	0	382	197	185	35	6	11	19	11	12	18	9	14	6	16	5	10	9	10	5	9	13	2	9	21	13	8	20	11	17	6	14	9	18	2	12
chr9	133301495	133301514	20	1	0	20	11	9	0	1	2	0	3	2	0	0	0	0	0	1	0	0	0	0	2	1	0	1	1	0	0	1	1	1	0	0	1	0	0	0
chr9	133301516	133303671	2156	1	0	2156	1006	1150	71	44	75	47	53	89	141	53	75	58	110	40	39	32	39	38	76	73	19	55	109	108	26	125	79	94	12	91	73	93	23	94
chr9	133303673	133304203	531	1	0	531	203	328	6	9	17	3	6	21	37	13	18	11	38	7	5	4	6	1	13	16	6	11	35	48	10	35	18	32	4	26	11	32	4	26
chr9	133304205	133304222	18	1	0	18	6	12	0	0	0	0	0	1	2	0	0	0	1	0	0	1	1	0	1	0	0	1	0	0	0	1	2	3	0	1	0	0	0	1
chr9	133304224	133305988	1765	1	0	1765	751	1014	74	31	50	36	44	81	99	54	52	41	76	40	21	11	18	22	55	44	32	33	85	107	61	96	72	117	32	70	67	81	17	44
chr9	133306074	133306142	69	1	0	69	31	38	2	1	3	1	0	1	5	2	5	2	7	1	0	0	0	0	2	0	0	2	1	3	2	3	2	3	2	3	3	3	0	8
chr9	133306144	133306189	46	1	0	46	26	20	2	2	2	0	0	2	2	4	4	2	4	0	0	1	0	0	4	1	0	2	0	0	1	1	0	0	0	0	3	1	1	5
chr9	133306191	133306984	794	1	0	794	333	461	13	11	29	11	13	31	59	25	32	29	40	15	6	8	7	3	28	16	10	25	30	40	22	41	37	33	21	41	34	43	11	28
chr9	133306996	133307395	400	1	0	400	224	176	34	10	15	16	12	11	17	19	19	13	12	10	10	6	7	13	18	4	9	8	8	9	9	17	19	9	0	10	14	21	4	15
chr9	133316501	133316555	55	1	0	55	40	15	7	0	4	4	0	1	1	0	4	0	3	0	4	2	2	6	0	0	0	3	2	0	0	1	0	2	0	0	0	1	0	6
chr9	133316558	133317098	541	1	0	541	270	271	23	10	27	10	19	20	35	16	17	15	27	13	10	8	9	9	27	10	2	14	22	17	2	36	24	23	0	21	17	27	2	27
chr9	133317101	133317917	817	1	0	817	340	477	14	15	19	12	19	53	57	22	16	25	35	19	11	11	1	11	45	31	16	11	42	48	21	52	39	39	7	29	25	44	6	20
chr9	133317922	133317952	31	1	0	31	10	21	0	0	0	0	0	0	3	1	0	2	3	1	0	0	0	0	0	1	0	1	2	2	0	1	1	2	1	2	1	2	1	2
chr9	133317954	133319834	1881	1	0	1881	861	1020	76	37	61	39	48	81	131	37	52	52	90	43	37	28	28	21	58	76	14	50	107	113	21	108	57	92	14	71	74	68	15	80
chr9	133319835	133320783	949	1	0	949	429	520	37	19	27	21	25	41	69	27	34	21	56	22	8	7	7	6	23	27	11	27	48	44	11	50	49	45	13	39	42	37	11	43
chr9	133320785	133320815	31	1	0	31	17	14	1	1	2	0	2	1	0	2	0	0	1	4	1	0	1	0	1	0	1	0	1	0	0	1	1	1	0	2	2	1	0	2
chr9	133320817	133324675	3859	1	0	3859	1795	2064	163	80	125	82	109	164	257	99	123	90	173	85	55	59	56	74	129	108	32	124	206	195	53	199	162	174	57	153	132	175	28	136
chr9	133324676	133325703	1028	1	0	1028	546	482	51	29	28	39	30	42	61	31	31	23	47	28	36	18	24	26	46	32	5	29	43	28	6	52	33	33	10	36	42	36	7	44
chr9	133325715	133328380	2666	1	0	2666	1466	1200	192	81	89	107	103	86	141	80	99	65	109	57	75	53	56	72	92	75	18	100	112	77	22	104	92	81	20	75	113	82	20	116
chr9	133328382	133328897	516	1	0	516	282	234	26	13	16	28	21	17	22	20	18	14	18	13	18	11	13	13	18	15	5	17	26	26	2	19	16	14	3	9	20	17	2	24
chr9	133328901	133328938	38	1	0	38	21	17	5	0	4	0	2	1	2	0	1	1	1	1	1	0	0	1	3	0	0	0	1	1	0	1	1	3	0	2	0	0	0	4
chr9	133328940	133330441	1502	1	0	1502	817	685	81	35	55	54	40	47	73	40	46	39	61	36	58	41	53	58	58	39	17	48	54	40	22	59	46	47	16	55	41	50	11	80
chr9	133330451	133335320	4870	1	0	4870	2188	2682	193	102	187	105	134	159	297	125	191	113	243	101	69	57	59	53	137	125	57	112	221	262	111	274	185	252	99	197	171	229	45	203
chr9	133335321	133338900	3580	1	0	3580	1641	1939	211	75	97	89	86	150	188	67	102	99	163	66	72	51	73	50	96	113	53	113	168	181	108	164	111	189	101	111	116	138	44	133
chr9	133338902	133338937	36	1	0	36	26	10	6	3	0	3	5	2	0	1	0	0	0	0	2	0	0	2	4	1	0	0	2	0	0	0	2	0	0	0	0	1	0	0
chr9	133338939	133340453	1515	1	0	1515	788	727	81	38	70	45	46	50	78	64	78	25	59	38	29	24	26	35	48	42	10	37	87	57	10	62	46	54	10	64	58	63	8	71
chr9	133340454	133342553	2100	1	0	2100	851	1249	43	41	64	23	42	86	166	44	70	56	114	26	16	12	41	7	64	55	23	53	114	126	37	143	99	137	25	105	61	102	21	82
chr9	133342554	133356367	13814	1	0	13814	6300	7514	516	315	489	291	400	517	849	361	423	351	612	268	272	222	244	170	428	421	150	406	707	712	249	724	532	706	241	582	460	554	158	482
chr9	133356368	133373909	17542	1	0	17542	8023	9519	666	399	631	322	519	716	1123	474	517	487	780	349	316	232	287	205	596	555	206	477	891	886	292	878	721	824	265	794	624	681	155	672
chr9	133373915	133381131	7217	1	0	7217	3344	3873	418	168	218	200	237	250	368	166	186	170	332	138	162	96	126	108	234	205	72	172	341	419	188	341	226	367	173	308	220	298	85	223
chr9	133381132	133382677	1546	1	0	1546	781	765	85	25	43	41	39	90	63	79	41	26	69	67	30	29	24	29	44	68	15	43	102	49	21	65	48	57	11	38	76	63	11	53
chr9	133383766	133390194	6429	1	0	6429	2901	3528	219	122	206	142	183	290	404	193	177	139	319	118	111	96	106	75	206	210	57	174	367	344	103	319	284	327	76	307	213	253	52	235
chr9	133390203	133392583	2381	1	0	2381	1090	1291	118	55	56	52	74	133	114	78	62	50	107	68	27	35	38	22	106	91	23	54	142	161	44	114	75	103	33	57	76	106	16	89
chr9	133393237	133393658	422	1	0	422	188	234	0	3	1	4	2	54	2	37	4	2	12	31	2	10	12	10	14	43	0	13	62	38	1	8	4	1	1	0	16	27	0	6
chr9	133393659	133398833	5175	1	0	5175	2323	2852	189	105	165	89	126	222	336	153	161	123	252	106	72	59	95	70	186	155	45	123	285	327	64	291	222	237	53	220	144	249	36	213
chr9	133398834	133399878	1045	1	0	1045	497	548	61	26	28	24	38	42	60	28	25	23	52	29	16	15	20	9	38	35	10	23	60	47	9	61	32	52	14	38	38	43	9	38
chr9	133399880	133401143	1264	1	0	1264	513	751	38	21	28	11	26	55	92	46	25	31	62	27	8	5	27	10	31	49	6	25	92	86	15	89	62	83	10	57	34	64	9	38
chr9	133401144	133402908	1765	1	0	1765	747	1018	45	32	48	26	47	81	122	58	52	49	84	33	9	13	31	15	56	60	11	48	125	105	19	110	65	105	22	74	62	89	14	53
chr9	133402910	133402954	45	1	0	45	16	29	0	1	0	0	1	2	5	1	0	0	5	1	0	0	0	0	2	1	0	0	3	2	0	3	3	1	0	7	1	4	0	0
chr9	133402956	133403339	384	1	0	384	148	236	15	8	13	3	5	5	34	4	14	12	24	2	4	0	3	1	8	6	3	8	18	33	10	33	16	29	4	15	6	26	2	18
chr9	133403345	133408932	5588	1	0	5588	2494	3094	214	125	179	95	155	236	377	144	152	162	245	102	92	62	91	63	179	204	57	144	320	358	75	317	226	278	53	221	187	230	33	210
chr9	133408937	133416796	7860	1	0	7860	3877	3983	382	209	297	191	260	368	444	214	259	172	338	164	178	139	132	129	328	250	79	231	381	339	78	397	278	314	76	298	300	292	57	284
chr9	133416798	133416845	48	1	0	48	25	23	0	1	2	2	3	5	1	2	1	2	1	3	1	0	0	1	4	1	0	2	3	2	0	1	2	0	0	0	2	3	0	1
chr9	133416847	133418929	2083	1	0	2083	912	1171	100	45	89	42	64	62	97	35	74	52	83	41	38	35	35	20	60	59	28	47	67	122	89	89	76	113	83	86	54	74	40	82
chr9	133418931	133418977	47	1	0	47	19	28	0	1	1	1	1	0	5	0	2	0	4	1	0	1	1	0	0	1	0	1	2	2	0	5	1	2	1	4	3	3	1	1
chr9	133418979	133431344	12366	1	0	12366	5496	6870	517	257	379	255	341	505	717	286	327	302	595	244	222	175	219	153	369	422	143	305	655	787	252	673	455	622	236	483	370	536	113	449
chr9	133431345	133431390	46	1	0	46	19	27	0	0	0	0	0	5	5	0	0	3	5	0	0	0	0	0	3	1	0	4	3	1	0	1	3	2	0	1	2	1	0	4
chr9	133431392	133432981	1590	1	0	1590	737	853	88	28	48	46	50	72	89	44	43	44	68	26	29	18	25	18	56	57	13	36	97	75	27	90	53	91	22	54	49	66	16	50
chr9	133432983	133438910	5928	1	0	5928	2652	3276	274	114	143	118	154	275	375	152	144	143	278	140	77	99	102	64	230	200	49	152	329	350	101	325	218	297	107	212	179	259	57	209
chr9	133438911	133451894	12984	1	0	12984	5777	7207	491	263	375	238	362	556	867	357	325	306	661	255	188	161	213	158	455	411	104	316	730	750	191	743	542	696	144	578	415	557	95	479
chr9	133451895	133549377	97483	1	0	97483	41477	56006	2984	1700	2914	1581	2346	4535	6541	2538	2585	2538	4761	1666	1263	1117	1355	1051	3579	2993	1093	2225	5387	6526	1808	5583	4109	5477	1421	4255	2885	4308	848	3509
chr9	133549378	133934377	385000	2	0	385000	170040	214960	13183	7470	11782	7517	10025	16600	24326	10840	11095	9751	19245	7892	5649	4525	5467	4671	13028	12142	4105	9072	21294	24703	6429	21214	15051	19421	4837	15681	12418	17374	3337	14854
chr9	133934378	134176071	241694	1	0	241694	110331	131363	10940	5106	7162	5527	6878	9928	14177	6558	6594	5888	11160	5124	4323	3455	3711	3799	8198	7429	2556	6194	12629	13694	5086	12207	9076	12218	4086	9224	7639	10275	2266	8585
chr9	134199323	134199455	133	1	0	133	85	48	8	5	6	12	8	1	2	6	8	1	5	3	7	5	3	5	5	4	0	3	7	2	0	4	2	3	0	0	3	4	0	9
chr9	134199461	134199938	478	1	0	478	274	204	44	13	10	25	21	17	21	14	10	8	22	15	17	6	7	22	12	15	5	12	21	14	4	18	20	14	1	13	20	14	4	17
chr9	134199958	134200240	283	1	0	283	141	142	13	7	6	8	11	13	16	5	1	7	21	5	8	2	8	8	8	13	0	8	17	15	0	14	10	7	0	15	10	11	0	14
chr9	134200252	134429653	229402	1	0	229402	94769	134633	6026	4009	6387	3553	5375	10813	15586	5817	5861	5974	11430	3871	2712	2233	2794	2327	7860	7762	2311	5096	13569	17143	4603	13528	9206	13532	3191	9695	6955	10406	1897	7878
chr9	134429654	134593653	164000	2	0	164000	75864	88136	6624	3385	5188	4020	4530	6887	9788	4857	5188	4090	7712	3423	2875	2062	2602	2631	5673	5095	1572	4084	8751	9572	2470	8775	6028	7587	1939	6176	5610	7314	1235	6255
chr9	134593654	134812653	219000	3	0	219000	99118	119882	7391	4249	6866	4482	5496	10484	13322	7210	6730	5446	10045	4753	3371	2722	3098	3453	8656	6798	2282	5165	11912	13173	3461	11337	8995	10184	2619	8324	6947	9728	1794	8505
chr9	134812654	135163653	351000	4	0	351000	166762	184238	14388	7364	12142	8956	10025	14974	20237	11134	11611	8533	15982	7915	6826	4715	5766	6193	13179	10352	3309	8746	17846	18880	4782	17944	13489	14831	3559	13279	11857	15389	2638	14157
chr9	135163654	135322653	159000	3	0	159000	73638	85362	5818	3179	5055	3741	4354	7299	9559	5186	4978	4086	7405	3449	2643	1859	2396	2630	6337	4640	1739	3706	8137	8965	2306	8199	6552	7063	1673	6126	5372	6939	1222	6385
chr9	135322654	135910653	588000	2	0	588000	275392	312608	26123	12648	18594	14588	16338	25019	34595	17440	17955	14574	26336	12620	11536	8237	9158	9629	21502	18108	6196	14672	30521	33523	9427	29460	21703	26770	7158	22083	19666	24530	4821	22468
chr9	135910654	136275151	364498	1	0	364498	157810	206688	13952	7195	10402	7332	9287	15599	23033	8760	9869	9330	17198	6697	5773	4300	4831	4251	12170	11466	4439	8349	19344	24276	8417	19745	14099	20294	6360	14635	11066	15746	3546	12735
chr9	136322544	136324075	1532	1	0	1532	652	880	42	38	41	17	36	83	94	53	39	43	73	33	21	16	12	11	71	50	20	39	83	106	29	74	64	62	33	61	48	74	18	46
chr9	136324076	136331364	7289	1	0	7289	2470	4819	92	76	180	51	132	373	520	124	142	209	342	72	33	42	64	17	223	260	106	111	485	802	234	482	279	579	154	338	163	362	66	174
chr9	136331365	136341366	10002	1	0	10002	3424	6578	125	111	213	63	174	485	753	192	158	269	507	131	55	73	82	32	246	373	132	187	658	1004	309	670	428	811	242	451	272	452	95	247
chr9	136341372	136344714	3343	1	0	3343	1180	2163	48	47	83	23	62	145	246	73	60	90	163	41	31	20	28	19	92	105	50	55	208	310	112	203	156	256	91	169	70	163	29	93
chr9	136344715	136347735	3021	1	0	3021	1049	1972	27	38	60	24	41	132	244	75	59	91	151	42	21	12	25	5	83	94	40	56	184	292	99	197	132	246	59	147	93	140	30	80
chr9	136347737	136347772	36	1	0	36	17	19	1	2	0	1	1	0	5	0	2	1	0	3	0	0	0	0	1	1	1	1	2	0	1	1	1	2	1	0	2	0	1	3
chr9	136347774	137326047	978274	1	0	978274	396172	582102	30853	17041	25293	14550	22282	43607	65254	21074	23337	25672	48220	16081	11265	10610	12360	8673	29766	32575	12530	22058	54633	71658	26048	55821	39545	61280	21336	41541	28273	42647	10682	31707
chr9	137330048	137618047	288000	1	0	288000	125733	162267	11476	5642	8057	5510	6965	12841	17813	6723	7646	7436	14236	5569	4598	3568	4086	3566	9509	9194	3580	7205	15162	18313	6646	15353	10444	15485	5207	11282	9227	12482	2825	10352
chr9	137618048	137728047	110000	2	0	110000	57315	52685	7371	2891	3622	3676	3641	4592	5611	3192	3483	2368	4499	2468	3066	2057	2201	2576	4408	3120	1058	3322	4934	4000	1389	4693	3773	4150	1359	3660	3921	3747	892	4258
chr9	137728048	137871047	143000	3	0	143000	70987	72013	7925	3632	4802	3951	4299	6031	7851	4050	4661	3603	6013	3183	3426	2344	2502	2712	5651	4138	1901	3921	6605	6150	2162	6407	5003	5690	1878	5047	4972	5346	1349	5793
chr9	137871048	138158047	287000	4	0	287000	142992	144008	15015	6899	9577	8268	8919	12149	16275	8502	9188	6753	12454	6346	6636	4697	5215	6098	11706	8272	2505	8014	13748	13123	3344	13800	10455	11479	2751	10069	9936	11141	2026	11638
chr10	14061	15906	1846	5	0	1846	1194	652	146	63	73	140	89	52	59	72	86	30	41	59	101	39	47	97	91	31	6	55	57	26	3	48	47	24	9	38	77	53	6	79
chr10	15908	17631	1724	5	0	1724	1125	599	140	44	53	132	64	57	59	76	75	31	42	47	91	47	52	113	89	35	2	53	60	24	0	47	33	24	4	33	74	48	0	73
chr10	17633	17657	25	5	0	25	10	15	1	0	1	0	1	1	2	0	0	1	0	0	0	1	1	0	0	1	2	0	2	1	0	1	1	2	0	3	0	0	0	1
chr10	17659	20062	2404	5	0	2404	1529	875	227	100	112	137	125	55	79	86	121	54	59	70	103	44	68	89	121	52	13	67	80	35	1	68	47	28	2	55	97	70	10	127
chr10	20063	20328	266	5	0	266	173	93	27	9	13	20	13	5	7	3	12	3	5	8	17	7	11	13	7	11	0	6	8	7	0	11	5	1	0	8	8	8	0	11
chr10	20330	20358	29	5	0	29	15	14	0	0	0	3	0	1	3	0	3	2	0	1	0	1	1	0	1	1	1	0	1	0	1	0	1	0	0	1	1	1	0	3
chr10	20359	21200	842	5	0	842	536	306	69	28	43	44	44	17	28	35	44	13	20	33	28	24	23	41	36	20	2	24	27	10	1	24	20	7	1	24	41	25	2	42
chr10	21213	21275	63	5	0	63	47	16	18	1	3	3	3	0	0	1	3	1	1	1	1	2	4	3	1	2	0	1	0	0	0	4	1	0	0	1	2	2	0	2
chr10	21277	21457	181	5	0	181	87	94	5	4	6	4	6	7	9	7	7	1	12	6	2	3	4	3	5	4	0	6	8	5	2	7	8	6	5	11	7	7	5	7
chr10	21468	22113	646	5	0	646	415	231	71	29	24	39	32	17	14	34	30	4	12	21	29	17	16	24	32	21	2	12	32	15	0	15	11	12	1	10	22	14	3	29
chr10	22115	22156	42	5	0	42	30	12	7	2	2	4	4	0	0	2	2	0	0	1	2	0	1	3	1	1	0	0	1	1	0	0	4	0	0	0	0	0	0	2
chr10	22158	22298	141	5	0	141	85	56	9	6	5	6	5	3	8	4	4	5	6	5	8	2	3	5	8	1	0	7	6	4	0	2	4	1	0	3	3	6	0	10
chr10	22300	22317	18	5	0	18	13	5	2	1	1	1	1	0	1	1	1	0	0	1	0	1	0	1	1	0	0	1	0	0	0	0	0	0	0	0	2	0	0	0
chr10	22318	22548	231	5	0	231	145	86	30	11	6	12	13	6	8	14	6	2	2	8	9	5	4	8	11	6	1	6	10	6	1	6	13	4	0	3	7	6	0	5
chr10	22550	22590	41	5	0	41	27	14	4	1	0	3	1	2	0	3	1	0	0	1	2	2	3	3	2	0	0	3	2	1	0	0	1	1	0	0	1	2	0	0
chr10	22592	22822	231	5	0	231	155	76	16	7	8	13	13	9	5	3	6	1	2	14	9	8	11	28	6	6	2	11	9	4	0	3	8	1	1	2	7	5	1	10
chr10	22829	23201	373	5	0	373	231	142	10	8	12	17	11	10	6	17	13	8	12	15	13	9	20	48	12	7	4	12	13	8	3	11	9	4	2	9	10	16	3	19
chr10	23203	23246	44	5	0	44	30	14	5	2	1	2	1	0	1	3	1	0	0	2	3	4	0	3	2	3	0	1	2	2	1	0	0	0	0	0	1	0	1	1
chr10	23248	25563	2316	5	0	2316	1562	754	221	78	79	173	108	64	57	113	80	35	60	79	141	67	53	153	124	45	4	71	70	31	3	39	46	23	1	42	101	44	12	97
chr10	25564	25786	223	4	0	223	128	95	17	11	7	6	9	8	13	4	9	2	8	9	6	3	4	11	8	5	1	9	9	4	1	11	7	7	0	4	10	9	0	9
chr10	25788	25844	57	4	0	57	27	30	0	1	2	2	3	0	3	1	1	3	4	0	0	1	4	1	3	1	0	1	2	2	0	5	1	4	0	3	1	2	0	4
chr10	25845	25859	15	4	0	15	10	5	4	1	0	0	0	0	0	0	0	0	0	0	2	0	2	0	0	0	0	1	0	0	1	0	0	1	0	1	0	0	0	0
chr10	25861	26232	372	4	0	372	241	131	23	9	8	29	16	14	14	18	5	10	9	12	25	12	8	29	28	7	1	8	10	4	1	10	8	7	2	7	16	7	0	13
chr10	26235	26828	594	4	0	594	324	270	47	16	20	22	18	22	28	14	16	9	31	22	25	9	10	14	19	17	6	14	23	17	8	25	18	21	6	17	22	19	4	33
chr10	26830	26847	18	4	0	18	8	10	1	0	0	1	1	0	1	1	1	0	0	0	0	0	0	0	0	0	0	0	2	0	1	0	1	3	1	1	1	0	0	0
chr10	26849	27608	760	4	0	760	516	244	89	23	22	69	33	16	22	22	27	8	22	15	54	21	21	50	31	17	2	18	20	9	2	21	20	12	4	16	22	14	4	32
chr10	27609	28018	410	4	0	410	159	251	6	3	13	10	12	22	24	12	14	6	20	11	0	1	4	1	9	9	5	9	28	33	10	18	20	24	10	23	12	23	5	11
chr10	28027	28614	588	4	0	588	242	346	11	13	15	4	8	18	54	8	18	23	33	12	6	6	8	4	18	21	2	19	35	30	18	33	21	25	4	33	15	40	6	25
chr10	28616	28653	38	4	0	38	15	23	0	0	0	0	0	2	2	1	0	3	5	1	0	0	0	0	0	3	0	2	3	4	0	2	0	0	0	0	3	2	0	3
chr10	28655	29817	1163	4	0	1163	699	464	100	52	60	43	57	30	45	39	56	24	38	36	41	16	25	36	54	32	9	26	36	24	1	47	24	24	3	29	57	28	3	66
chr10	29819	29852	34	4	0	34	23	11	5	0	0	4	3	1	1	1	1	0	1	4	0	1	0	1	2	0	0	0	0	0	0	1	2	0	0	0	2	1	0	1
chr10	29854	30079	226	4	0	226	142	84	13	7	9	17	11	6	5	14	17	2	5	4	5	9	9	9	12	3	1	8	8	1	1	6	4	3	1	6	11	9	1	7
chr10	30091	30290	200	4	0	200	134	66	18	7	11	17	11	3	3	7	14	2	3	1	10	7	10	9	8	3	0	8	7	3	0	2	3	4	0	7	6	2	2	10
chr10	30306	31646	1341	4	0	1341	814	527	117	52	49	63	65	38	53	67	49	30	32	38	50	30	28	52	68	37	5	39	59	25	5	38	41	27	2	30	55	38	2	55
chr10	31648	31672	25	4	0	25	21	4	12	0	0	2	2	0	0	0	1	1	1	0	0	0	0	0	1	0	0	0	0	0	0	0	0	0	0	0	2	0	0	1
chr10	31678	32821	1144	4	0	1144	702	442	87	39	49	67	43	32	41	56	62	21	32	26	49	21	29	47	54	23	5	31	42	32	1	36	25	19	2	30	51	36	0	54
chr10	32822	33099	278	4	0	278	196	82	40	9	13	25	11	2	7	12	13	2	6	7	22	7	5	14	5	9	0	6	7	1	0	9	5	5	0	6	15	3	0	10
chr10	33114	33225	112	4	0	112	87	25	18	8	2	10	7	3	1	6	4	1	1	2	10	4	2	6	13	1	0	2	0	0	0	1	0	0	0	0	4	0	0	4
chr10	33227	33252	26	4	0	26	19	7	3	1	1	1	1	1	0	0	0	0	1	0	1	1	1	5	1	1	0	1	0	0	0	2	0	0	0	0	1	1	0	0
chr10	33254	35848	2595	4	0	2595	1730	865	322	103	106	158	112	52	75	92	113	47	49	76	142	70	75	137	116	59	14	83	56	43	13	63	53	17	12	50	106	57	13	109
chr10	35850	35882	33	4	0	33	16	17	1	2	1	0	3	1	2	0	0	1	1	2	0	0	2	0	1	1	1	1	0	0	1	1	3	0	0	2	2	0	0	2
chr10	35884	36073	190	4	0	190	77	113	7	4	7	2	6	6	16	2	2	3	11	0	5	3	2	0	7	6	0	3	10	13	1	14	12	14	2	14	1	6	3	6
chr10	36075	36096	22	4	0	22	11	11	1	0	2	0	1	0	2	0	1	1	2	0	0	0	0	0	1	0	0	0	0	0	0	0	0	1	0	3	2	0	0	3
chr10	36098	36164	67	4	0	67	29	38	0	1	1	1	1	2	7	1	2	3	5	2	0	2	0	0	2	2	0	3	5	4	0	3	2	2	0	2	3	4	0	5
chr10	36176	36475	300	4	0	300	154	146	26	14	8	2	9	10	21	9	11	8	13	6	5	5	5	1	16	11	2	8	15	11	2	15	11	5	2	10	7	16	0	14
chr10	36486	37164	679	4	0	679	392	287	48	24	39	28	29	11	28	19	49	9	33	20	14	13	12	15	19	13	6	19	22	16	3	24	14	15	3	22	32	21	10	47
chr10	37166	37231	66	4	0	66	46	20	7	3	5	6	3	0	2	3	8	0	0	1	3	0	1	2	1	1	0	1	3	1	0	0	0	1	0	3	4	1	0	4
chr10	37233	39191	1959	4	0	1959	1214	745	172	64	76	116	102	57	73	63	82	39	64	69	72	36	54	74	84	53	5	54	75	30	4	56	58	19	2	50	78	63	5	108
chr10	39193	39211	19	4	0	19	12	7	1	1	0	0	0	0	2	1	0	0	1	1	1	0	0	3	1	0	0	0	1	0	0	0	1	0	0	1	0	1	0	1
chr10	39213	39319	107	4	0	107	71	36	13	4	4	8	9	1	1	6	3	2	3	4	4	1	3	4	4	3	0	1	2	2	0	4	3	2	0	1	7	1	0	5
chr10	39321	39394	74	4	0	74	48	26	7	2	2	5	4	1	3	3	2	1	2	2	3	2	1	8	2	1	0	2	4	2	0	0	1	2	0	3	4	1	0	2
chr10	39397	39470	74	4	0	74	39	35	1	3	4	1	4	4	2	2	5	2	4	1	0	0	2	2	4	1	0	4	3	3	0	4	2	2	0	0	3	4	0	5
chr10	39472	39489	18	4	0	18	7	11	0	0	0	2	1	0	2	0	0	0	0	0	1	0	1	0	0	0	0	0	1	1	0	2	2	3	0	0	0	0	0	0
chr10	39491	40013	523	4	0	523	323	200	40	15	28	34	36	9	12	22	29	8	15	17	12	16	10	18	23	10	2	13	19	12	1	17	12	7	1	14	25	20	2	22
chr10	40028	42857	2830	4	0	2830	1798	1032	284	106	93	149	128	85	89	149	97	44	45	86	123	82	77	159	153	68	11	85	118	67	6	60	85	36	7	64	95	80	2	95
chr10	42859	42898	40	4	0	40	26	14	6	0	2	1	2	1	1	0	0	0	0	1	2	2	1	5	1	2	0	0	3	1	0	2	0	3	0	1	0	0	0	1
chr10	42900	43926	1027	4	0	1027	557	470	66	23	38	24	26	45	55	46	30	21	41	24	31	31	24	30	56	21	5	38	38	40	4	44	35	31	4	38	43	34	1	38
chr10	43928	43966	39	4	0	39	19	20	2	2	3	1	2	2	1	0	4	0	1	1	0	0	0	0	1	2	0	0	3	1	0	3	0	1	0	1	1	4	0	1
chr10	43968	55559	11592	4	0	11592	5879	5713	551	309	395	390	377	402	634	399	383	281	460	249	334	207	235	272	422	359	96	322	561	554	127	538	402	440	102	416	426	427	71	449
chr10	55560	79559	24000	3	0	24000	13654	10346	2017	717	856	1100	938	787	1027	749	811	470	846	576	924	522	533	781	927	637	168	764	992	731	216	880	694	719	233	680	888	732	147	936
chr10	79560	114559	35000	2	0	35000	18703	16297	2008	906	1330	1281	1179	1370	1808	1140	1208	766	1381	790	1130	641	800	965	1486	944	206	1047	1533	1317	216	1632	1232	1187	185	1166	1245	1250	175	1474
chr10	114560	203559	89000	1	0	89000	54741	34259	7595	2760	3477	4934	3348	2532	3196	3414	3546	1566	2575	2347	4277	2416	2344	4413	3818	1950	529	2977	2898	1909	576	2725	2341	1785	549	2167	3433	2464	414	3723
chr10	203560	334559	131000	2	0	131000	75023	55977	9597	3882	5021	5726	4496	4516	5861	4650	4951	2819	4392	3116	5181	3141	3130	4542	5718	3186	1107	4347	4651	3467	1248	4539	4151	3374	957	3954	5004	3878	832	5564
chr10	334560	531559	197000	3	0	197000	102659	94341	10668	5381	6684	6435	5954	8614	10105	6821	7063	4728	7541	4919	5484	3791	3684	4785	8889	5358	2643	5625	8011	7417	2552	7993	7035	5889	2099	6579	7559	7309	1566	7817
chr10	531560	801559	270000	2	0	270000	137429	132571	14182	7040	8516	8649	8104	11786	13998	8913	9176	6764	10650	6091	6925	4996	5006	6633	11801	7903	3409	7473	11963	11691	3966	11506	9379	9159	3031	8607	9658	10374	2066	10583
chr10	801560	1076559	275000	1	0	275000	151705	123295	19312	8051	10107	10977	9532	9868	12980	8789	9771	5877	10049	6742	9832	5895	5989	7934	11233	7104	2527	8827	11008	8473	2891	10655	8723	8333	2570	8510	10205	9117	1986	11131
chr10	1076560	1206559	130000	2	0	130000	67398	62602	7496	3417	4464	4313	3950	5458	6913	4334	4661	3059	5340	2991	3583	2126	2363	2928	5397	3463	1560	3640	5558	4821	1546	5450	4720	4374	1418	4602	4980	4717	968	5388
chr10	1206560	1231176	24617	3	0	24617	12512	12105	1209	616	766	764	795	1107	1271	968	784	588	973	717	567	394	462	529	994	863	246	603	1257	1022	249	1069	905	865	210	760	986	847	189	1040
chr10	1231178	1231208	31	3	0	31	16	15	0	1	2	1	1	0	2	0	1	0	2	1	2	0	1	1	0	0	0	1	2	0	0	2	0	2	0	3	1	2	0	1
chr10	1231210	1232511	1302	3	0	1302	668	634	49	18	43	38	31	103	62	68	44	22	42	24	24	38	17	44	101	44	9	27	75	44	9	50	54	36	7	45	34	53	3	42
chr10	1232512	1232596	85	3	0	85	47	38	0	0	0	0	0	20	1	8	0	0	0	1	0	5	1	9	19	6	0	0	6	0	0	0	4	0	0	2	1	0	0	0
chr10	1232599	1232740	142	3	0	142	80	62	1	1	1	0	2	27	2	14	0	3	0	1	0	10	1	15	27	10	2	2	10	0	0	0	5	0	0	1	4	0	0	1
chr10	1232741	1233228	488	3	0	488	256	232	13	6	9	6	8	57	14	33	7	5	13	12	5	19	7	41	53	22	4	7	24	18	2	16	21	10	6	11	14	10	4	9
chr10	1233243	1233976	734	3	0	734	366	368	45	21	28	21	28	23	35	13	25	15	37	16	16	13	18	10	20	22	9	21	35	39	6	35	21	24	14	29	23	30	7	33
chr10	1233979	1234737	759	3	0	759	375	384	36	18	28	18	25	35	43	19	25	15	33	17	15	19	16	12	25	26	6	30	32	30	9	32	32	26	13	33	33	21	10	25
chr10	1234742	1235496	755	3	0	755	357	398	58	19	17	14	21	40	49	22	21	10	33	18	9	13	8	4	27	27	8	20	50	34	10	31	31	37	7	33	24	28	7	23
chr10	1237302	1237317	16	3	0	16	6	10	1	1	0	0	0	1	0	0	0	0	2	0	0	0	0	0	1	1	0	0	0	2	2	1	0	0	0	0	0	2	0	0
chr10	1237534	1237588	55	3	0	55	19	36	2	2	0	0	0	2	2	0	0	0	6	0	2	2	0	0	2	2	0	3	0	10	4	4	2	2	0	0	0	5	0	1
chr10	1237786	1237805	20	3	0	20	7	13	1	1	0	0	0	1	0	0	0	0	2	0	1	1	0	0	1	1	0	1	0	4	2	0	0	0	0	0	0	2	0	0
chr10	1237926	1237996	71	3	0	71	26	45	3	3	0	0	0	3	2	0	0	0	9	0	3	3	0	0	3	3	0	3	0	10	6	5	2	2	0	0	0	7	0	2
chr10	1238185	1238258	74	3	0	74	29	45	3	3	0	0	0	3	3	1	0	0	8	1	3	3	0	0	3	3	0	3	0	9	6	5	4	2	0	0	0	6	0	3
chr10	1238376	1238444	69	3	0	69	26	43	3	3	0	0	0	3	0	1	0	0	9	1	3	3	0	0	3	3	0	3	0	11	6	4	1	0	0	0	0	8	0	2
chr10	1238722	1238778	57	3	0	57	22	35	2	2	0	0	0	2	2	0	0	0	7	0	3	3	0	0	2	2	0	3	0	8	4	4	2	2	0	0	0	5	0	2
chr10	1239059	1239140	82	3	0	82	31	51	3	3	0	0	0	3	3	0	0	0	11	0	3	3	0	0	3	3	0	4	0	11	6	7	3	3	0	0	0	7	0	4
chr10	1239243	1239263	21	3	0	21	7	14	1	1	0	0	0	1	0	0	0	0	2	0	1	1	0	0	1	1	0	1	0	3	2	1	0	1	0	0	0	2	0	0
chr10	1239265	1239314	50	3	0	50	19	31	2	2	0	0	0	2	1	0	0	0	7	0	2	2	0	0	2	2	0	2	0	7	4	4	1	1	0	0	0	5	0	2
chr10	1239316	1239364	49	3	0	49	18	31	2	2	0	0	0	2	1	0	0	0	7	0	2	2	0	0	2	2	0	2	0	7	4	4	1	1	0	0	0	4	0	2
chr10	1239389	1239436	48	3	0	48	18	30	2	2	0	0	0	2	1	0	0	0	7	0	2	2	0	0	2	2	0	2	0	7	4	4	0	0	0	0	0	5	0	2
chr10	1239581	1239668	88	3	0	88	34	54	4	4	0	0	0	4	1	0	0	0	12	0	4	4	0	0	4	4	0	4	0	12	8	7	1	1	0	0	0	9	0	3
chr10	1240151	1240203	53	3	0	53	18	35	2	2	0	0	0	2	2	0	0	0	6	0	2	2	0	0	2	2	0	2	0	9	4	4	2	2	0	0	0	4	0	2
chr10	1240255	1240321	67	3	0	67	25	42	3	3	0	0	0	3	1	0	0	0	9	0	3	3	0	0	3	3	0	3	0	9	6	5	1	1	0	0	0	7	0	2
chr10	1240322	1240333	12	3	0	12	3	9	0	0	0	0	0	0	1	0	0	0	2	0	0	0	0	0	0	0	0	0	0	1	1	1	1	1	0	0	0	1	0	1
chr10	1240334	1242775	2442	3	0	2442	1027	1415	72	57	67	34	61	117	169	57	69	57	120	42	28	24	33	19	89	74	40	51	129	156	43	152	110	136	43	103	77	114	14	83
chr10	1242787	1252659	9873	3	0	9873	5354	4519	589	287	350	373	352	367	461	409	370	234	356	247	289	185	197	287	438	260	96	279	454	346	83	384	318	272	68	314	379	389	51	387
chr10	1252661	1262287	9627	3	0	9627	5395	4232	581	312	354	391	382	353	448	411	379	205	346	271	297	160	216	287	446	262	47	276	428	288	34	360	328	221	43	298	392	339	40	430
chr10	1262288	1262559	272	3	0	272	180	92	31	9	8	21	12	9	9	13	12	3	7	7	14	4	4	16	14	5	0	6	9	6	0	4	6	6	1	5	14	2	1	12
chr10	1262560	1265716	3157	3	0	3157	1836	1321	239	106	120	153	105	97	112	144	134	63	94	78	139	63	75	113	134	72	22	101	115	101	40	110	83	77	18	78	126	116	16	111
chr10	1265717	1265784	68	3	0	68	18	50	0	0	2	0	0	1	4	0	2	3	6	0	0	0	0	0	0	0	3	0	3	9	6	4	0	8	1	3	2	5	0	4
chr10	1265785	1265826	42	3	0	42	10	32	0	0	1	0	0	1	2	0	1	2	3	0	0	0	0	0	0	0	2	0	2	8	3	3	0	4	1	1	1	3	0	2
chr10	1265831	1265920	90	3	0	90	23	67	0	0	3	0	0	1	6	0	3	5	5	0	0	0	0	0	0	2	4	0	4	13	9	6	0	10	1	3	3	6	0	4
chr10	1265921	1266511	591	3	0	591	212	379	7	4	19	7	6	21	33	13	20	23	40	4	4	4	4	2	11	19	14	8	33	52	28	36	12	42	13	23	17	36	5	29
chr10	1266513	1285304	18792	3	0	18792	9930	8862	1011	480	682	680	600	781	941	704	706	421	754	462	536	289	401	482	771	481	177	542	828	707	165	795	672	614	124	642	755	694	94	799
chr10	1285305	1384304	99000	4	0	99000	51414	47586	5419	2519	3443	3528	3111	4059	5021	3556	3644	2187	4022	2424	2735	1618	1779	2348	4059	2711	930	2684	4428	4080	1091	4313	3605	3228	1024	3155	3655	3893	617	4112
chr10	1384305	1497304	113000	5	0	113000	60304	52696	6346	2851	4026	4191	3510	4392	5432	4318	4116	2664	4473	3028	3442	2008	2316	3189	4517	3098	1113	3187	4810	4055	1163	4827	3793	3372	890	3589	4532	4330	776	4644
chr10	1497305	1595304	98000	6	0	98000	49919	48081	4774	2335	3149	3155	2864	4253	5371	3570	3393	2548	4145	2469	2382	1586	1674	2250	4052	2816	1103	2752	4416	4088	1106	4187	3677	3197	912	3220	3913	3696	765	4180
chr10	1595305	1655311	60007	7	0	60007	31781	28226	3366	1534	2050	2117	1873	2564	3071	2250	2121	1372	2347	1425	1707	1064	1211	1708	2772	1506	554	1701	2509	2213	581	2462	2237	1909	477	2039	2241	2137	410	2477
chr10	1655313	1709305	53993	7	0	53993	28007	25986	2741	1373	1843	1943	1739	2328	2756	1894	1964	1318	2339	1271	1456	864	920	1258	2399	1476	497	1511	2279	2149	643	2286	2018	1638	529	1667	2021	2096	381	2394
chr10	1709306	1872305	163000	8	0	163000	94293	68707	11596	4584	6183	7917	5907	5703	6908	6309	6529	3248	5658	4373	6248	3317	3559	6253	7185	3730	1249	4688	5821	4378	1199	5819	5366	3836	1006	4622	6455	5273	900	7179
chr10	1872306	2330305	458000	9	0	458000	275777	182223	35889	13384	17978	24570	17137	14182	17897	18146	18697	8776	14540	12763	20097	10071	11041	20607	19648	9815	3081	13869	15457	10779	2435	14948	13866	9269	2030	12249	18391	13756	2240	20390
chr10	2330306	2461828	131523	8	0	131523	80229	51294	10623	4037	5109	7217	4896	4123	4968	5138	5459	2419	4127	3596	6007	3027	3175	6307	5892	2720	932	4061	4221	2767	733	4084	3735	2542	618	3387	5277	3776	701	5847
chr10	2461831	2621307	159477	8	0	159477	96280	63197	12591	4700	6286	8689	5774	5412	6179	5974	6641	2966	5056	4287	7260	3450	3754	7260	6975	3693	1035	4825	5456	3492	901	5219	4446	3184	784	4236	6461	4699	794	6996
chr10	2621308	2763307	142000	9	0	142000	85247	56753	11048	4101	5666	7387	5274	4581	5569	5714	5883	2810	4645	3799	5997	3168	3453	6150	6168	3054	908	4530	4903	3214	681	4633	4385	2753	573	3813	5683	4410	688	6357
chr10	2763308	2904307	141000	8	0	141000	81711	59289	10137	4017	5440	6634	5078	4730	5963	5584	5605	2818	5109	3879	5408	2917	3196	5195	6084	3244	1009	4145	5154	3808	895	5006	4490	3183	720	4139	5628	4629	736	6418
chr10	2904308	3010307	106000	7	0	106000	58906	47094	6933	2847	4196	4465	3605	3770	4981	3707	4331	2282	4324	2726	3572	1886	2125	3155	4327	2629	788	3041	4171	3320	752	4330	3384	2837	637	3214	4180	3787	655	5041
chr10	3010308	3401307	391000	6	0	391000	209542	181458	23843	10388	14232	14861	12575	15101	18944	13523	14686	8816	15516	9417	12220	7004	7933	10483	15869	10339	3656	11445	16083	14185	4314	15926	13107	11793	3482	12822	15084	14190	2730	16431
chr10	3401308	3608307	207000	5	0	207000	117024	89976	13853	5823	7980	9082	7146	7227	9089	7796	8361	4183	7780	5473	7378	4214	4651	6987	8525	5026	1796	6099	7921	6110	1565	7740	6650	5233	1326	6187	8163	6967	1193	9474
chr10	3608308	3958307	350000	6	0	350000	200392	149608	25079	10009	13778	15696	12770	12031	15213	12781	13874	7222	12631	9060	12839	7153	7967	12287	14842	8439	2527	10607	13067	9679	2555	12877	11047	8742	1982	10457	13839	11318	1982	15648
chr10	3958308	4552307	594000	7	0	594000	361078	232922	48203	17606	24298	32232	22516	17804	22566	23450	25018	11198	18871	16187	26603	13427	14969	26129	25173	12652	3497	18713	19949	12650	2716	19329	17135	11747	2321	15765	24079	17596	2702	26897
chr10	4552308	4656307	104000	6	0	104000	65284	38716	9117	3181	4349	6281	4141	2892	3587	4189	4533	1858	2981	2820	5137	2385	2751	5081	4439	2078	508	3291	3274	1981	358	3139	2806	1795	284	2571	4290	2898	336	4667
chr10	4656308	4784307	128000	5	0	128000	80423	47577	10919	4027	5141	7657	5018	3472	4507	5280	5360	2329	3637	3484	6449	3036	3418	6687	5511	2532	680	4141	3994	2458	419	3824	3500	2185	340	3183	5272	3520	463	5555
chr10	4784308	4967307	183000	4	0	183000	108891	74109	14043	5491	7542	9185	7178	5701	7342	6842	7427	3554	5940	4874	7613	4069	4621	7467	7883	4186	894	5852	6622	4527	840	6385	5371	4013	739	5001	7188	5648	753	8207
chr10	4967308	5148266	180959	3	0	180959	109096	71863	13678	5464	7370	9656	7294	5176	6973	7310	7619	3472	5797	4962	7577	4239	4794	7714	7649	4127	757	5818	6531	4187	681	6158	5176	3700	553	4675	7397	5542	627	8284
chr10	5148268	5149308	1041	3	0	1041	681	360	112	22	60	58	46	20	35	26	47	24	26	29	47	34	32	61	41	16	3	40	22	12	0	39	28	11	3	18	36	34	0	57
chr10	5149309	5151557	2249	2	0	2249	1491	758	219	79	111	166	115	44	64	71	101	51	53	51	140	36	59	130	84	37	6	83	64	38	5	54	51	32	2	45	95	53	3	105
chr10	5151558	5151583	26	2	0	26	21	5	15	0	0	0	1	1	1	0	0	1	1	0	0	0	0	0	2	0	0	0	0	0	0	0	0	0	0	0	1	0	0	1
chr10	5151585	5156467	4883	2	0	4883	2980	1903	409	133	203	284	191	130	190	197	201	95	163	127	227	123	122	184	203	95	20	163	166	115	11	183	141	105	6	108	198	160	5	223
chr10	5156469	5156527	59	2	0	59	41	18	10	0	2	4	1	2	2	5	3	2	1	3	1	1	1	1	3	0	0	2	1	0	0	1	1	0	0	1	5	2	0	2
chr10	5156528	5156987	460	2	0	460	333	127	54	12	14	39	20	9	6	21	14	8	13	20	32	14	16	40	24	7	1	11	13	2	1	4	2	1	0	5	17	10	0	28
chr10	5156989	5157009	21	2	0	21	14	7	1	2	2	0	1	1	0	0	1	0	0	1	2	1	0	1	1	1	0	2	0	0	0	0	0	0	0	0	1	0	0	1
chr10	5157011	5157210	200	2	0	200	123	77	15	8	6	11	6	5	10	7	6	4	8	3	13	6	8	7	7	5	0	11	7	3	0	7	6	4	0	4	8	4	0	9
chr10	5157216	5157236	21	2	0	21	11	10	4	1	1	0	1	2	1	0	1	0	0	0	0	0	0	0	1	1	0	1	2	0	0	0	0	1	0	1	1	0	0	0
chr10	5157238	5158538	1301	2	0	1301	752	549	92	42	50	60	41	46	53	47	56	18	54	38	55	29	34	36	52	31	6	46	54	33	6	44	36	23	11	40	45	50	11	60
chr10	5158542	5159780	1239	2	0	1239	725	514	87	29	59	63	46	40	46	55	67	26	47	35	38	27	26	33	44	30	7	41	56	23	3	45	34	23	3	30	53	51	7	63
chr10	5159782	5159798	17	2	0	17	10	7	0	0	1	0	0	1	1	1	1	1	0	1	0	1	1	0	3	0	0	0	0	0	0	0	0	0	0	0	0	0	0	3
chr10	5159799	5159860	62	2	0	62	36	26	4	2	6	1	2	3	4	2	4	2	2	1	2	0	0	0	4	0	0	3	1	0	0	2	3	0	0	3	3	2	0	4
chr10	5159862	5159943	82	2	0	82	33	49	0	3	5	0	6	3	5	1	1	0	4	1	1	2	1	0	2	4	0	2	5	5	2	5	3	5	0	8	4	2	0	0
chr10	5160180	5160257	78	2	0	78	52	26	3	3	4	5	7	1	1	3	2	3	3	1	3	3	2	6	7	0	0	3	1	1	0	1	2	0	0	2	3	2	0	4
chr10	5160259	5160277	19	2	0	19	10	9	0	0	1	0	1	0	1	0	0	0	1	1	0	1	2	1	0	1	0	0	1	0	0	1	0	1	0	1	1	0	0	2
chr10	5160279	5376536	216258	2	0	216258	127446	88812	16219	6690	8773	10374	8535	6869	8797	8411	9047	4319	7172	5730	8255	4737	5387	8129	9600	5201	1129	6685	7922	5670	941	7806	6378	4638	778	5796	8712	6830	884	9842
chr10	5376537	5847536	471000	1	0	471000	258230	212770	32311	12989	17888	18450	16350	16665	22345	14925	17180	9922	18210	11552	15798	9283	10426	13935	18484	12421	3521	14433	19216	16049	4454	19360	14953	14449	3604	14962	17632	16160	2957	20114
chr10	5847537	6065536	218000	2	0	218000	118055	99945	14456	5995	8096	8164	7639	7741	10778	6768	7696	4710	8802	5240	6920	4155	4687	6208	8400	5819	1718	6664	9187	7141	2048	9162	7134	7063	1911	7248	8205	7516	1438	9289
chr10	6065537	6267536	202000	3	0	202000	104388	97612	12330	5270	7011	6811	6611	7416	10266	6065	6912	4463	8400	4917	5569	3551	4141	4655	7267	5668	1867	5898	8976	8100	2776	8872	6857	7309	2472	6856	7258	7646	1597	8191
chr10	6267537	6326757	59221	4	0	59221	33153	26068	4151	1629	2275	2419	2104	2026	2724	2197	2283	1205	2255	1595	1936	1184	1407	1763	2327	1497	392	1828	2467	1652	400	2379	1898	1715	326	1847	2359	2034	338	2607
chr10	6326762	6327644	883	4	0	883	530	353	66	32	37	37	37	34	31	39	32	20	19	23	38	23	26	35	54	20	9	26	28	17	5	27	32	15	6	19	27	25	2	40
chr10	6327646	6415537	87892	4	0	87892	50298	37594	6197	2547	3568	3746	3368	2934	3787	3354	3483	1764	3225	2338	3009	1808	2075	3094	3823	2059	504	2667	3449	2422	495	3246	2771	2202	435	2710	3399	2929	450	4032
chr10	6415538	6508537	93000	5	0	93000	52641	40359	6410	2606	3789	3942	3337	3038	4070	3501	3805	1993	3575	2627	3195	1805	2180	2766	3606	2356	611	2869	3761	2605	587	3644	2839	2304	489	2688	3740	3332	515	4413
chr10	6508538	6590537	82000	6	0	82000	47029	34971	6031	2428	3330	3591	2937	2550	3535	2955	3311	1670	2918	2178	3101	1735	2026	2731	3222	1978	559	2624	3099	2372	549	3097	2477	1959	517	2441	3179	2808	443	3647
chr10	6590538	6739537	149000	7	0	149000	87150	61850	10924	4379	6134	7155	5589	4570	6039	5666	6187	2872	5238	4118	5891	3203	3661	5523	5928	3565	896	4634	5511	4057	843	5388	4531	3270	654	4157	5894	4907	721	6893
chr10	6739538	6996537	257000	8	0	257000	151758	105242	19179	7824	10547	12400	9893	7837	10337	9922	10644	4955	8609	6865	10234	5673	6347	10491	10848	6067	1448	7926	9443	6715	1204	9255	7626	5641	1016	6979	10072	8195	1126	11680
chr10	6996538	7098537	102000	7	0	102000	59790	42210	7268	3073	4142	4854	3996	3345	4079	4130	4241	2018	3480	2774	3832	2284	2573	3699	4475	2404	582	3259	3821	2629	486	3525	3160	2147	391	2818	4094	3281	465	4673
chr10	7098538	7468537	370000	6	0	370000	209846	160154	26073	10750	14533	15933	13246	12463	16231	13523	14728	7605	13626	9793	13242	7772	8635	11691	15049	9073	2772	11697	14361	10780	2704	13811	11509	9331	2293	11021	14544	12472	2241	16496
chr10	7468538	7563116	94579	5	0	94579	52427	42152	6491	2570	3699	3816	3351	3247	4304	3309	3669	2036	3753	2454	3065	1762	2061	2839	3710	2333	757	2815	3871	3095	725	3856	2990	2603	562	2923	3640	3516	532	4223
chr10	7563117	7563137	21	5	0	21	11	10	1	0	0	1	1	1	1	2	0	1	0	2	0	0	0	0	2	0	0	0	2	1	0	1	0	0	0	0	1	2	0	0
chr10	7563139	7618536	55398	5	0	55398	30379	25019	3523	1407	2084	2102	1800	1946	2683	2047	2072	1121	2183	1447	1721	1227	1199	1815	2212	1413	421	1655	2328	1813	436	2213	1855	1638	393	1818	2081	1926	354	2463
chr10	7618537	7721536	103000	4	0	103000	58742	44258	7369	2908	4083	4411	3761	3498	4344	3837	4070	2063	3746	2769	3571	2216	2464	3631	4271	2567	671	3176	4033	3000	725	3880	3129	2570	588	2999	4008	3500	558	4582
chr10	7721537	7839536	118000	3	0	118000	68809	49191	9144	3433	4407	5633	4337	3614	5003	4057	4406	2235	4229	3091	4730	2722	2953	4815	4433	2819	806	3945	4418	2977	844	4195	3487	3029	778	3498	4673	3609	724	4954
chr10	7839537	8267536	428000	2	0	428000	246890	181110	33256	12178	17168	19524	15380	13510	17990	14621	16700	8303	15570	11265	16790	8990	10462	15182	16637	10051	2704	13589	16032	12052	3240	15785	12480	11290	2802	12609	16352	13716	2562	19208
chr10	8267537	8575536	308000	3	0	308000	183030	124970	23604	8938	12943	15337	11705	9102	12066	11159	12685	5801	10987	8293	12828	6711	7810	13061	12035	7096	1663	9758	11045	7624	1477	11202	8759	6722	1202	8619	12191	9906	1442	14227
chr10	8575537	8746536	171000	2	0	171000	106422	64578	14367	5296	7223	9781	6853	4736	5927	6938	7285	3074	5199	4753	8161	4147	4560	8120	7257	3625	759	5612	5553	3356	574	5280	4598	3027	461	4164	7046	4755	658	7853
chr10	8746537	9375536	629000	1	0	629000	401075	227925	55760	19692	25942	39282	25149	16746	20144	25423	26990	10549	17718	17724	32776	15944	17709	33525	26840	12400	2860	20831	18875	11225	2134	17727	16046	9831	1771	14404	25702	16505	2223	28551
chr10	9375537	9495536	120000	2	0	120000	77233	42767	10566	3635	4920	7812	4847	3034	3821	4949	5016	2022	3273	3390	6504	3070	3395	6977	5222	2279	425	3836	3507	2035	319	3340	3108	1839	398	2757	4814	3048	364	5476
chr10	9495537	9577536	82000	3	0	82000	52148	29852	7470	2645	3419	4906	3315	2123	2796	3266	3494	1396	2178	2256	4161	2061	2252	4408	3579	1649	370	2627	2499	1401	246	2408	2200	1336	253	1959	3223	2168	283	3651
chr10	9577537	9659536	82000	4	0	82000	52900	29100	7351	2540	3447	5140	3237	2062	2573	3378	3501	1391	2307	2312	4389	2095	2352	4824	3545	1587	289	2667	2426	1346	208	2286	1954	1216	175	1889	3326	2117	232	3836
chr10	9659537	9771536	112000	5	0	112000	71988	40012	9970	3479	4598	7077	4337	2916	3676	4498	4854	1855	3086	3240	5963	2942	3150	6345	4796	2196	445	3755	3309	1912	307	3173	2684	1703	244	2453	4638	2890	378	5129
chr10	9771537	9882536	111000	6	0	111000	70841	40159	9824	3517	4521	6745	4358	2904	3764	4462	4660	1943	2972	3218	5765	2827	3231	6129	4872	2172	444	3703	3352	1930	311	3205	2808	1788	294	2486	4457	2908	335	5093
chr10	9882537	9980536	98000	7	0	98000	61430	36570	8657	2996	4022	5940	4014	2611	3316	3814	4142	1632	2875	2709	4802	2444	2736	4718	4046	2014	392	3231	3206	1956	350	2956	2615	1767	298	2380	3888	2731	358	4382
chr10	9980537	10171536	191000	8	0	191000	119434	71566	16230	5838	7829	11037	7698	5225	6651	7823	7827	3351	5498	5405	9179	4813	5251	9777	8159	4110	768	6190	6394	3647	607	5770	5095	3483	510	4752	7750	5178	635	8518
chr10	10171537	10561536	390000	9	0	390000	240959	149041	31721	11968	15949	21811	15276	10925	14140	15757	16426	7155	11923	10967	18027	9605	10573	18735	16645	8462	1866	12679	13044	8054	1291	12200	10493	6921	1186	9728	15916	11152	1425	17978
chr10	10561537	10675536	114000	10	0	114000	68265	45735	8683	3456	4819	5932	4547	3359	4349	4531	4882	2129	3682	3216	4777	2552	2971	4378	4725	2587	636	3548	4031	2709	463	3931	3384	2289	424	3099	4646	3549	471	5243
chr10	10675537	10766536	91000	9	0	91000	54348	36652	7131	2760	3679	4691	3656	2614	3565	3495	3792	1760	2985	2540	3683	2091	2426	3478	3642	2151	544	2888	3306	2079	413	3131	2616	1938	361	2505	3766	2761	420	4131
chr10	10766537	10811536	45000	10	0	45000	26443	18557	3499	1341	1907	2133	1668	1268	1851	1680	1883	886	1561	1224	1830	989	1096	1627	1730	1075	248	1431	1654	1242	246	1677	1275	996	179	1248	1808	1505	183	2058
chr10	10811537	11038536	227000	9	0	227000	134368	92632	17366	6728	9442	11333	8700	6762	8981	8743	9551	4268	7668	6300	9252	5084	5624	8566	9297	5143	1314	7087	8167	5627	1202	7970	6537	5054	1098	6347	9185	7142	1150	10310
chr10	11038537	11194536	156000	8	0	156000	91470	64530	11232	4798	6554	7391	5850	4760	6491	6102	6604	3149	5122	4169	6289	3728	3881	5348	6587	3586	1072	5190	5485	3909	856	5531	4694	3358	760	4458	6438	4928	808	6870
chr10	11194537	11298536	104000	7	0	104000	57811	46189	6907	3007	4193	4059	3508	3746	4879	3825	4224	2218	3827	2723	3527	2091	2325	2751	4280	2627	855	3301	4106	3195	766	4024	3326	2666	672	3378	4246	3604	621	4521
chr10	11298537	11332621	34085	6	0	34085	18844	15241	2356	1019	1374	1334	1131	1110	1659	1139	1406	703	1224	820	1189	666	776	937	1341	825	244	1088	1382	1184	289	1341	1081	977	241	1095	1235	1210	198	1509
chr10	11332622	11388500	55879	6	0	55879	28918	26961	2989	1470	2169	1767	1971	2058	2838	1902	1918	1257	2397	1328	1517	947	1175	1215	2088	1610	411	1623	2658	2275	470	2592	2001	1895	431	2005	2022	2214	306	2358
chr10	11388501	11552500	164000	5	0	164000	94793	69207	12117	4822	6549	7449	5735	5224	7214	5831	6347	3284	5593	4255	6737	3595	4077	5963	6569	3876	1058	5422	6176	4682	1022	6119	4981	4135	878	4810	6278	5306	812	7082
chr10	11552501	11631500	79000	4	0	79000	48403	30597	6759	2381	3107	4345	2951	2253	2924	2843	3058	1441	2443	2089	3825	2077	2203	3703	3237	1714	469	2732	2621	1600	475	2447	2054	1658	466	2092	3059	2171	396	3405
chr10	11631501	11691500	60000	3	0	60000	32797	27203	4233	1567	2369	2334	2199	2076	2787	1913	2331	1253	2414	1548	1740	1100	1307	1625	2243	1588	408	1756	2585	1921	518	2561	1884	1885	430	1877	2264	2191	408	2683
chr10	11691501	11861500	170000	2	0	170000	89916	80084	10970	4537	6070	5978	5884	6129	8494	5361	5896	3616	7115	4081	4805	3180	3635	4164	6187	4818	1385	5072	7571	6084	1783	7387	5693	5932	1674	5789	6417	5991	1234	7066
chr10	11861501	11965500	104000	1	0	104000	56063	47937	6846	2879	3717	3920	3487	3613	5149	3193	3582	2123	4116	2480	3447	2230	2334	2947	3925	2753	864	3301	4429	3487	1148	4389	3322	3643	964	3409	3766	3570	748	4217
chr10	11965501	12307500	342000	2	0	342000	191698	150302	27128	9428	11933	14500	12195	11490	15338	10649	11255	6485	13613	8902	12411	7693	8291	10387	12277	8931	2563	11324	13829	9246	3369	13362	10331	11011	3105	10697	13235	10617	2611	13792
chr10	12307501	12431500	124000	3	0	124000	66547	57453	8891	3273	4212	4565	4358	4514	6090	3760	4081	2569	5170	3073	3612	2366	2672	3340	4423	3484	983	3832	5505	4082	1359	5151	3986	4326	1249	4179	4808	4205	899	4981
chr10	12431501	12832176	400676	4	0	400676	218634	182042	26027	10819	14807	15432	13880	14199	19204	13577	14722	8375	16107	10458	12456	7992	8895	11683	15517	10355	3189	12324	16785	12870	3507	16576	13007	12380	2992	12877	15551	14132	2742	17237
chr10	12832177	13046499	214323	4	0	214323	119682	94641	14739	6103	8347	8632	8008	6950	9761	7590	8066	4391	8082	5720	7007	4538	5279	6468	8179	5669	1347	6787	9178	6619	1478	8462	6593	6226	1139	6704	8359	7223	1162	9515
chr10	13046500	13482499	436000	3	0	436000	241109	194891	31264	12040	16004	17642	15865	14695	20091	14126	15311	8875	16836	11678	14510	8879	10065	13228	16280	11557	3150	13502	18166	13456	4041	17513	13565	13538	3608	13813	16764	14625	3143	18168
chr10	13482500	13785499	303000	4	0	303000	170833	132167	21872	8754	11809	12889	10947	9722	13622	10309	11671	6114	11064	7912	10833	6322	7262	9729	11654	7598	2120	9540	12018	9072	2439	11695	9286	8383	2157	9444	11642	10171	1870	13078
chr10	13785500	13882499	97000	5	0	97000	52789	44211	6044	2497	3610	3707	3347	3571	4769	3300	3481	2107	3934	2556	2986	1852	2133	2893	3791	2591	698	2947	4238	3147	696	4105	3240	2935	588	3157	3719	3513	608	4238
chr10	13882500	14002775	120276	6	0	120276	67254	53022	8342	3346	4636	5028	4376	4052	5441	4286	4555	2480	4542	3167	4080	2411	2966	3545	4768	3038	792	3691	4956	3621	847	4740	3822	3444	793	3765	4608	4061	686	5389
chr10	14002777	14004500	1724	6	0	1724	916	808	100	50	72	60	56	71	80	44	68	35	77	39	58	27	30	49	62	42	30	49	82	57	11	77	54	52	15	56	53	76	14	76
chr10	14004501	14415500	411000	7	0	411000	235069	175931	27768	11639	16432	18529	15403	13071	17824	15523	16466	8374	15390	11256	14731	8314	10027	14322	16215	10044	2420	12718	16315	11580	2175	15814	12788	10151	1879	12344	16502	14109	2078	18797
chr10	14415501	14545500	130000	6	0	130000	75217	54783	9618	3668	5292	5977	4913	4166	5467	4808	5141	2587	4479	3367	4883	2882	3219	4750	5270	3102	847	4083	4995	3504	731	4859	4061	3305	624	3826	5028	4178	680	5688
chr10	14545501	14909500	364000	5	0	364000	209623	154377	26842	10686	14431	16398	13668	11587	15514	12776	14025	7162	12981	9621	13822	8034	9029	13047	14388	9054	2229	11797	14170	9858	2442	13530	10780	9494	2178	10666	14206	11594	2027	15962
chr10	14909501	15116500	207000	4	0	207000	115647	91353	14269	5576	7370	8764	7439	7289	9155	6549	7138	4149	7955	5746	7133	4921	4957	7235	8266	5424	1534	6711	8200	6416	1903	8283	6001	5963	1699	5965	7965	6999	1546	8478
chr10	15116501	15245500	129000	5	0	129000	71452	57548	9276	3531	4780	5117	4671	4431	5947	4406	4509	2610	4952	3601	4248	2639	2971	3762	4746	3413	980	4072	5578	3893	1066	5023	4007	3953	1002	4142	5125	4300	834	5413
chr10	15245501	15412500	167000	6	0	167000	92683	74317	11667	4724	6256	6669	6081	5591	7851	5723	6054	3374	6363	4403	5513	3463	3985	4965	6329	4399	1164	5260	7070	5047	1232	6695	5520	5002	1111	5293	6327	5596	1065	7206
chr10	15412501	15820500	408000	7	0	408000	243519	164481	32515	12455	16308	20676	15795	12004	16252	15348	16465	7619	13554	11329	17179	9388	10480	16151	16481	9335	2217	13434	14735	9592	2068	14033	11607	9016	1822	11173	16575	12485	1953	17954
chr10	15820501	15975500	155000	8	0	155000	97591	57409	13852	4905	6417	9019	6034	4043	5354	6005	6424	2658	4383	4321	7883	4148	4328	7815	6510	3189	799	5256	4822	2889	633	4559	4063	2636	530	3737	6043	4189	624	6930
chr10	15975501	16318500	343000	9	0	343000	211872	131128	28929	10588	14372	18841	13798	9374	12217	13573	14539	6215	10447	9691	15463	8375	9583	15865	14245	7557	1437	11313	11673	6922	1164	10899	9189	6209	996	8632	13856	9970	1291	15775
chr10	16318501	16605500	287000	8	0	287000	166797	120203	21898	8194	11201	13502	10883	9065	12162	10133	10787	5522	10444	7731	11227	6372	7205	10470	11051	6989	1702	9412	10994	7230	1699	10555	8738	7414	1529	8405	11459	8845	1540	12640
chr10	16605501	16793500	188000	9	0	188000	111422	76578	14834	5718	7482	9033	7128	5898	7647	7165	7383	3536	6181	5059	7722	4419	4732	7483	7861	4410	1205	6095	6793	4584	975	6386	5659	4157	887	5407	7526	5587	891	8155
chr10	16793501	17104500	311000	8	0	311000	187626	123374	24797	9284	12645	16589	11876	9113	11808	11662	13106	5654	10293	8537	13536	7247	8049	13428	12544	6912	1762	10081	10913	7175	1525	10516	8532	6390	1249	8185	12470	9652	1454	14014
chr10	17104501	17195500	91000	7	0	91000	56582	34418	7989	2772	3684	5218	3561	2480	3283	3512	3630	1625	2797	2506	4483	2281	2479	4280	3781	1898	453	3026	2909	1703	387	2842	2476	1744	306	2334	3670	2496	352	4041
chr10	17195501	17343500	148000	6	0	148000	88169	59831	11540	4213	6010	7446	5497	4464	5824	5336	5868	2710	5007	3921	6304	3644	3911	6473	5896	3438	809	4888	5248	3556	811	5142	4240	3343	819	4134	5737	4420	761	6588
chr10	17343501	17494500	151000	5	0	151000	88810	62190	11757	4279	6167	7402	5774	4511	6089	5412	6017	2866	5319	4148	6057	3318	3818	5875	5929	3407	829	4809	5522	3864	879	5467	4344	3671	804	4315	5991	4790	766	6802
chr10	17494501	17711500	217000	6	0	217000	130035	86965	18456	6524	8405	11127	8198	6314	8543	7563	8199	4061	7170	5623	9659	5273	5668	9251	8533	5012	1309	7317	7504	4888	1471	7351	6069	5154	1365	5938	8512	6160	1201	9180
chr10	17711501	17735712	24212	5	0	24212	14527	9685	1936	788	990	1235	901	668	962	880	1030	434	696	667	1081	641	648	968	968	575	193	795	856	573	160	778	678	505	122	655	909	714	135	1069
chr10	17735713	17735879	167	6	0	167	81	86	8	2	4	7	4	7	10	3	6	3	8	4	3	2	5	4	2	7	1	4	10	2	1	12	4	13	3	6	8	3	3	6
chr10	17735880	17738519	2640	6	0	2640	1535	1105	201	67	94	156	87	80	118	90	112	52	92	58	116	51	71	88	95	65	13	77	97	79	14	113	83	67	16	72	100	92	9	113
chr10	17738520	17738533	14	5	0	14	7	7	0	0	0	0	0	0	1	0	1	2	1	0	0	0	0	0	0	0	1	1	0	0	1	0	0	0	0	0	1	1	0	2
chr10	17738534	17738669	136	6	0	136	60	76	0	2	2	2	3	8	10	2	2	1	10	6	1	2	4	4	2	6	1	4	6	3	1	11	8	7	1	6	7	5	2	5
chr10	17738670	17740000	1331	6	0	1331	797	534	109	40	53	61	54	34	51	48	35	29	42	43	66	37	43	50	51	35	5	50	54	29	6	53	28	40	2	32	54	38	3	54
chr10	17740001	17745000	5000	6	0	5000	2852	2148	394	152	178	237	200	169	226	146	174	97	176	138	192	104	119	149	176	127	35	184	204	126	42	196	149	152	36	135	212	163	27	183
chr10	17745001	17745825	825	6	0	825	455	370	51	13	45	36	28	18	34	28	42	24	39	21	25	13	19	17	20	20	7	21	27	27	5	39	23	19	7	29	38	32	7	49
chr10	17745827	17746666	840	6	0	840	425	415	46	16	26	24	31	33	42	27	21	16	54	20	15	16	18	19	27	20	6	28	39	25	8	39	33	33	10	36	34	33	6	37
chr10	17746667	17747456	790	6	0	790	468	322	80	22	37	37	33	21	32	17	36	10	25	22	27	19	26	22	29	20	3	20	22	23	2	42	26	15	2	25	26	31	3	33
chr10	17747457	17749500	2044	6	0	2044	1118	926	125	54	75	89	78	73	100	59	84	50	96	42	57	42	45	48	76	60	9	74	86	57	17	88	58	58	11	59	90	72	15	95
chr10	17749501	17750893	1393	6	0	1393	689	704	74	41	49	34	52	61	83	37	49	31	68	27	23	20	23	16	61	47	8	37	62	53	13	78	52	53	10	55	59	53	9	53
chr10	17750894	17751068	175	6	0	175	93	82	21	3	7	4	8	8	9	4	4	1	9	4	3	2	5	0	4	4	1	5	7	3	0	10	11	9	1	8	7	4	0	7
chr10	17751070	17751756	687	6	0	687	385	302	55	21	17	35	28	28	31	24	20	12	23	21	26	11	13	18	28	24	7	13	27	16	9	27	27	22	4	21	29	17	8	23
chr10	17751757	17751774	18	5	0	18	13	5	1	1	1	1	1	1	0	0	1	0	1	1	1	0	0	2	0	0	0	2	0	0	0	0	0	0	0	0	2	0	0	0
chr10	17751775	17753500	1726	6	0	1726	976	750	129	78	71	56	74	59	66	53	55	31	54	51	75	36	47	40	79	45	18	62	60	57	17	72	49	43	10	46	63	61	9	58
chr10	17753501	17754925	1425	6	0	1425	891	534	106	43	52	86	43	41	55	57	44	26	40	40	93	54	38	71	61	33	11	59	51	26	5	40	36	23	5	34	49	40	9	52
chr10	17754926	17758500	3575	6	0	3575	1989	1586	254	98	117	143	129	128	181	117	113	80	142	87	116	75	102	105	138	95	20	128	147	102	18	148	113	117	15	123	157	101	21	143
chr10	17758501	17761693	3193	6	0	3193	1877	1316	246	98	111	162	107	92	134	122	130	64	126	83	134	80	73	115	119	73	29	113	117	76	26	106	82	72	18	82	137	104	17	143
chr10	17761694	17762617	924	6	0	924	571	353	68	21	34	45	34	26	36	33	38	17	37	29	27	21	22	81	33	17	4	31	33	19	1	28	22	18	3	23	41	27	6	47
chr10	17762618	17762630	13	5	0	13	9	4	0	0	0	0	0	2	0	2	0	0	0	0	0	2	0	1	4	0	0	0	0	0	0	0	0	0	0	0	0	0	0	0
chr10	17762631	17765048	2418	6	0	2418	1341	1077	143	71	94	82	89	78	111	88	83	52	105	71	75	53	66	78	83	73	13	85	98	64	10	112	80	62	12	74	105	85	15	106
chr10	17765049	17765101	53	5	0	53	24	29	1	0	2	2	2	4	4	0	1	2	2	2	1	1	0	0	2	2	0	2	3	2	0	3	3	2	0	1	2	3	0	2
chr10	17765102	17766852	1751	6	0	1751	1009	742	122	58	82	73	81	42	70	66	86	36	69	52	46	30	45	51	66	42	5	53	70	47	5	72	49	30	6	53	73	75	6	88
chr10	17766853	17766881	29	5	0	29	22	7	9	2	1	1	4	0	0	1	0	0	0	2	0	0	0	0	2	0	0	0	1	0	0	0	1	1	0	0	1	0	0	1
chr10	17766882	17767000	119	6	0	119	71	48	7	2	6	6	5	6	6	7	7	2	3	5	3	1	0	4	6	1	0	4	3	3	0	3	6	2	0	2	9	3	0	5
chr10	17767001	17767913	913	6	0	913	554	359	52	28	33	47	33	26	34	38	27	18	32	39	47	27	20	52	33	28	5	33	40	20	6	24	15	17	2	20	43	25	5	42
chr10	17767914	17768083	170	6	0	170	82	88	15	2	4	3	7	10	12	0	2	4	11	3	1	4	3	0	7	7	1	5	8	4	0	9	8	6	4	8	5	4	3	8
chr10	17768087	17768726	640	6	0	640	426	214	94	21	22	44	26	11	17	21	28	9	17	19	34	15	17	30	25	12	2	17	17	9	5	20	10	13	1	10	23	17	6	26
chr10	17768728	17771534	2807	6	0	2807	1718	1089	212	95	100	161	109	92	96	124	109	57	78	74	138	69	70	133	141	70	20	82	110	55	14	80	71	51	14	62	99	83	16	120
chr10	17771535	17774026	2492	6	0	2492	1576	916	229	70	120	145	107	69	89	94	108	39	67	77	120	73	44	123	114	50	10	77	68	40	11	71	69	45	11	59	108	55	14	114
chr10	17774030	17774798	769	6	0	769	461	308	65	28	31	39	36	28	32	21	37	11	21	16	25	15	20	34	37	18	1	26	27	17	3	34	25	17	0	18	28	29	2	26
chr10	17774799	17776000	1202	6	0	1202	671	531	84	36	45	52	49	43	60	36	42	26	59	22	42	18	29	26	43	36	3	41	55	26	2	45	42	37	4	47	48	29	13	60
chr10	17776001	17779510	3510	6	0	3510	2150	1360	295	105	128	202	135	93	131	146	111	69	115	108	189	83	99	139	134	83	27	107	122	66	21	101	107	60	14	115	142	101	10	150
chr10	17779511	17781000	1490	6	0	1490	797	693	85	42	66	39	54	56	70	47	52	34	59	30	42	29	53	38	53	55	8	45	73	48	7	66	55	44	2	61	46	47	7	75
chr10	17781001	17781745	745	6	0	745	385	360	44	21	26	27	30	28	43	24	25	12	25	15	19	19	13	13	24	29	6	21	42	24	6	33	30	29	7	32	29	23	3	21
chr10	17781748	17785500	3753	6	0	3753	2217	1536	316	125	134	184	135	107	154	146	147	54	134	109	160	75	102	133	137	86	22	116	138	94	23	134	121	98	19	104	147	111	16	170
chr10	17785501	17789865	4365	6	0	4365	2594	1771	308	111	164	233	152	132	178	178	163	90	139	115	193	99	116	222	181	102	14	134	157	127	25	147	130	94	18	134	173	133	19	182
chr10	17789866	17791291	1426	6	0	1426	821	605	119	36	48	76	54	36	65	46	51	33	53	32	54	29	43	44	52	23	10	50	49	38	11	47	48	41	20	47	52	43	9	65
chr10	17791292	17793500	2209	6	0	2209	1314	895	184	68	88	112	83	64	86	73	79	39	96	48	104	52	67	69	84	44	19	76	74	52	8	78	63	47	6	82	85	69	7	101
chr10	17793501	17794000	500	6	0	500	289	211	34	11	12	31	13	20	23	17	16	5	23	14	26	11	12	19	9	19	2	17	28	11	2	17	14	15	3	16	22	13	3	20
chr10	17794001	17794514	514	6	0	514	361	153	63	24	22	41	27	10	9	23	17	10	11	10	43	13	14	24	24	8	4	21	10	1	0	9	9	3	3	11	24	8	1	15
chr10	17794518	17797294	2777	6	0	2777	1626	1151	211	88	87	144	100	104	102	107	93	54	87	85	126	56	83	98	119	78	30	74	111	70	20	93	81	56	20	79	102	90	14	113
chr10	17797296	17799000	1705	6	0	1705	1022	683	136	44	66	93	69	51	69	52	55	27	60	48	80	52	41	77	64	39	12	59	62	40	10	55	42	46	9	55	73	42	7	68
chr10	17799001	17799846	846	6	0	846	524	322	61	19	38	53	33	28	32	27	31	14	30	24	46	23	14	50	34	12	3	34	20	8	4	29	25	25	9	19	41	16	10	32
chr10	17799847	17802140	2294	6	0	2294	1476	818	192	57	80	172	85	67	81	79	83	39	69	51	142	71	66	140	113	37	6	78	57	35	9	75	63	46	5	52	79	58	14	91
chr10	17802141	17802196	56	6	0	56	45	11	9	1	1	8	3	0	0	2	2	0	0	1	5	3	3	5	2	0	1	1	0	0	0	0	2	0	1	1	1	0	0	2
chr10	17802197	17803009	813	6	0	813	511	302	90	26	23	53	35	22	29	24	24	16	21	20	44	26	23	33	37	17	7	29	27	11	7	20	16	22	10	18	30	15	6	30
chr10	17803010	17803045	36	6	0	36	29	7	2	3	1	4	3	0	0	2	2	0	1	1	5	0	0	3	2	0	0	1	0	0	0	0	0	0	0	0	3	0	0	1
chr10	17803046	17804918	1873	6	0	1873	1210	663	174	74	69	118	85	56	54	79	90	21	39	54	85	54	56	101	94	41	8	62	74	24	6	46	30	33	2	38	76	52	4	72
chr10	17804919	17805381	463	6	0	463	317	146	54	13	13	36	28	39	7	17	16	8	0	15	17	15	12	26	54	7	3	11	11	3	0	5	8	1	1	2	17	8	0	14
chr10	17805382	17806078	697	6	0	697	406	291	48	13	32	35	20	32	28	25	32	11	18	18	28	20	21	24	37	15	2	21	22	21	2	27	19	15	4	26	27	21	6	25
chr10	17806080	17807500	1421	6	0	1421	708	713	64	37	46	42	45	71	74	47	39	27	55	37	41	26	33	24	54	48	12	47	77	69	10	66	55	52	17	46	50	54	5	49
chr10	17807501	17811752	4252	6	0	4252	2387	1865	352	137	161	175	133	123	208	124	202	77	171	107	138	77	96	104	150	85	32	147	149	138	41	180	115	128	27	116	174	157	32	194
chr10	17811753	17811783	31	6	0	31	22	9	10	0	0	1	1	0	0	1	0	1	2	1	1	1	1	1	1	1	0	0	1	2	0	0	0	0	0	0	0	0	0	3
chr10	17811784	17812500	717	6	0	717	367	350	35	26	31	13	23	29	37	24	25	9	26	19	22	10	21	15	22	26	2	25	41	28	6	33	32	23	3	30	18	31	3	27
chr10	17812501	17812567	67	6	0	67	31	36	1	3	3	1	5	0	4	2	2	1	2	3	0	2	2	0	1	1	0	4	3	6	0	2	3	4	0	2	4	1	0	3
chr10	17812571	17813700	1130	6	0	1130	669	461	86	25	40	49	42	44	41	43	37	19	38	36	36	22	37	72	47	30	7	26	43	22	6	40	33	30	7	40	47	29	4	50
chr10	17813703	17814416	714	6	0	714	409	305	50	17	35	22	26	28	29	28	23	17	26	23	26	14	25	19	26	20	0	30	25	18	3	29	23	17	0	24	36	20	1	32
chr10	17814417	17814467	51	6	0	51	34	17	4	0	1	5	0	2	2	4	2	0	1	3	4	1	1	4	1	1	1	0	1	1	0	0	2	0	0	2	3	0	0	3
chr10	17814468	17814677	210	6	0	210	110	100	10	6	7	8	6	7	8	7	8	4	6	7	7	4	11	4	7	8	2	3	9	9	3	11	7	5	0	10	5	10	1	8
chr10	17814678	17815551	874	6	0	874	465	409	54	17	30	33	19	31	51	24	34	21	41	25	28	14	18	24	30	21	6	26	27	27	11	42	30	26	10	31	38	33	9	41
chr10	17815552	17815565	14	6	0	14	8	6	0	0	1	0	0	0	1	0	1	1	1	0	0	1	1	0	0	0	0	2	0	0	0	0	0	0	0	0	1	0	0	2
chr10	17815566	17815833	268	6	0	268	164	104	29	9	14	14	12	4	8	11	20	6	5	5	5	7	4	10	9	8	0	9	12	9	2	9	2	6	1	1	13	9	1	12
chr10	17815835	17815997	163	6	0	163	78	85	11	2	3	4	6	9	8	5	2	3	8	5	2	2	4	2	7	4	2	4	8	8	2	6	8	9	3	6	5	3	3	7
chr10	17815998	17816025	28	6	0	28	16	12	3	1	0	1	0	1	0	1	1	1	1	0	1	1	2	0	0	2	1	1	2	0	1	0	0	0	2	0	0	1	0	2
chr10	17816026	17817000	975	6	0	975	522	453	64	27	37	41	36	28	49	31	37	19	31	22	32	18	26	24	37	24	6	24	42	34	9	47	30	42	11	36	35	32	6	36
chr10	17817001	17817247	247	6	0	247	112	135	8	7	3	4	8	15	14	5	4	5	18	8	2	2	5	3	9	9	3	9	14	7	3	14	8	13	3	8	11	9	5	9
chr10	17817249	17819453	2205	6	0	2205	1366	839	191	73	92	124	96	65	76	90	89	35	68	74	103	58	44	86	94	61	10	66	82	39	6	69	55	40	9	42	96	56	11	103
chr10	17819454	17819465	12	6	0	12	6	6	0	0	0	0	0	5	0	0	0	0	0	0	0	0	0	0	5	0	0	0	0	0	0	0	0	0	0	0	0	0	0	0
chr10	17819466	17821037	1572	6	0	1572	937	635	125	48	67	77	68	55	65	38	55	28	64	45	69	32	43	56	65	30	7	61	53	32	4	56	47	35	5	47	62	48	8	75
chr10	17821038	17821063	26	6	0	26	16	10	0	2	0	1	1	1	2	2	2	0	0	0	0	1	1	1	3	1	0	1	0	0	0	1	2	0	0	0	1	0	0	1
chr10	17821064	17821518	455	6	0	455	259	196	31	16	21	16	20	10	24	17	16	7	16	15	16	11	11	10	11	16	1	16	24	9	0	15	22	10	2	16	15	13	1	25
chr10	17821520	17826000	4481	6	0	4481	2752	1729	360	148	201	253	188	121	153	147	198	79	139	139	217	100	132	175	172	99	22	155	150	91	19	146	103	72	23	122	184	144	24	203
chr10	17826001	17826197	197	6	0	197	144	53	33	3	13	17	9	2	0	8	6	6	6	2	18	5	4	11	8	4	0	5	0	0	0	7	2	0	2	4	9	4	0	7
chr10	17826199	17826488	290	6	0	290	140	150	21	5	5	9	10	11	18	3	5	6	18	10	5	4	7	2	5	8	3	9	13	7	5	16	9	16	8	11	15	10	2	12
chr10	17826489	17826531	43	6	0	43	30	13	5	1	4	3	2	0	1	1	3	1	0	1	2	2	2	0	1	0	1	2	0	0	0	0	2	0	0	2	1	0	1	3
chr10	17826532	17827369	838	6	0	838	535	303	71	38	43	48	46	18	20	31	43	15	24	18	40	26	28	25	37	24	2	34	36	9	0	23	7	9	1	21	35	26	1	37
chr10	17827370	17827391	22	6	0	22	19	3	17	0	0	0	1	0	0	0	0	0	0	0	0	0	0	0	0	0	0	0	1	1	0	0	0	0	0	0	0	0	0	0
chr10	17827392	17830000	2609	6	0	2609	1565	1044	202	65	109	145	98	89	87	87	117	60	80	74	104	72	70	104	106	59	24	97	89	54	19	81	57	45	23	59	109	85	28	109
chr10	17830001	17830884	884	6	0	884	536	348	82	35	31	48	38	26	29	33	29	15	35	20	47	22	17	28	36	26	9	26	31	17	5	36	24	18	1	19	35	28	5	31
chr10	17830887	17831055	169	6	0	169	82	87	3	2	2	3	4	7	13	3	2	3	13	4	2	4	1	14	3	5	1	7	7	4	3	9	9	8	3	6	8	6	1	7
chr10	17831056	17833520	2465	6	0	2465	1431	1034	218	63	90	114	94	68	91	83	78	48	90	69	96	57	59	112	87	50	19	80	78	56	36	83	80	73	33	74	91	74	26	93
chr10	17833521	17833816	296	6	0	296	177	119	43	10	15	10	6	9	14	7	19	2	8	6	9	3	6	8	5	7	4	8	11	5	2	10	9	5	5	13	11	11	1	12
chr10	17833817	17833858	42	6	0	42	25	17	3	1	2	0	1	0	2	5	1	3	1	0	1	2	0	1	3	2	0	1	0	0	0	3	1	0	0	1	4	1	0	1
chr10	17833859	17835000	1142	6	0	1142	651	491	91	42	36	46	48	35	52	35	33	28	45	35	44	17	33	30	50	26	11	35	45	32	8	42	28	33	3	36	46	36	6	53
chr10	17835001	17836268	1268	6	0	1268	730	538	77	33	58	63	55	46	61	48	55	36	32	29	44	23	27	41	71	33	4	30	43	35	7	47	48	24	3	41	48	40	4	60
chr10	17836269	17836291	23	6	0	23	14	9	0	0	0	1	0	2	1	3	1	1	0	2	0	0	1	1	2	0	0	1	1	0	0	0	0	0	0	0	3	1	0	0
chr10	17836292	17836582	291	6	0	291	174	117	18	5	14	17	10	9	12	8	15	6	12	9	11	7	8	12	12	7	1	7	8	6	0	13	11	6	0	3	8	8	3	23
chr10	17836587	17837100	514	6	0	514	271	243	45	14	13	19	21	24	25	8	14	8	30	12	11	7	7	13	17	20	2	14	25	14	7	22	17	14	5	20	18	20	7	19
chr10	17837108	17838556	1449	6	0	1449	850	599	131	42	43	78	44	46	79	38	59	24	44	43	59	33	35	51	58	28	9	50	54	41	11	52	37	40	5	43	58	49	7	56
chr10	17838558	17839492	935	6	0	935	636	299	103	34	44	68	40	16	28	25	28	13	21	16	76	35	24	63	37	17	6	38	26	14	0	17	22	14	6	24	24	12	4	38
chr10	17839493	17839523	31	6	0	31	25	6	10	0	3	4	1	1	0	0	4	0	0	0	2	0	0	0	0	0	0	0	0	0	0	0	0	0	0	0	2	0	0	2
chr10	17839524	17840065	542	6	0	542	298	244	49	16	7	26	20	18	26	10	9	11	37	13	20	11	12	13	13	19	3	20	27	11	3	27	10	16	7	17	24	22	5	18
chr10	17840066	17840295	230	6	0	230	152	78	29	10	13	12	7	7	6	8	11	4	5	6	15	4	7	6	9	6	2	8	4	0	3	4	5	0	2	9	10	5	1	10
chr10	17840297	17843225	2929	6	0	2929	1888	1041	268	106	114	204	134	72	90	94	124	47	82	83	166	69	84	149	102	62	14	116	88	48	12	79	66	50	15	53	134	67	13	122
chr10	17843234	17846342	3109	6	0	3109	1827	1282	236	101	110	149	107	95	133	113	112	49	96	95	142	78	92	117	115	78	20	110	118	71	25	109	92	73	19	100	123	101	16	112
chr10	17846344	17846708	365	6	0	365	254	111	47	14	12	28	13	6	11	13	16	4	7	5	25	11	8	32	19	8	1	7	10	5	0	11	5	3	2	8	9	10	1	12
chr10	17846718	17847163	446	6	0	446	291	155	42	9	9	36	17	11	10	21	13	7	13	20	23	11	17	31	20	8	3	7	16	4	3	14	12	4	1	9	11	22	1	19
chr10	17847165	17847597	433	6	0	433	268	165	27	18	20	26	16	7	18	20	28	3	17	12	20	12	8	14	15	7	2	16	13	4	3	13	11	8	2	11	22	14	1	23
chr10	17847607	17847789	183	6	0	183	94	89	7	8	6	4	6	7	9	9	7	2	9	3	5	2	6	3	8	4	1	6	9	7	2	6	5	8	1	10	9	5	0	7
chr10	17847790	17847821	32	6	0	32	23	9	6	3	2	1	1	0	1	2	3	0	0	1	2	0	0	0	0	0	0	2	0	0	0	1	0	0	0	0	4	1	0	0
chr10	17847822	17847926	105	6	0	105	66	39	15	1	7	7	5	1	4	1	6	0	2	1	4	4	5	3	1	3	0	2	4	2	0	3	3	2	0	9	2	2	0	4
chr10	17847927	17849303	1377	6	0	1377	836	541	92	39	52	76	59	39	46	49	42	25	47	34	66	43	52	73	57	26	9	54	41	33	5	48	37	34	6	43	58	34	4	52
chr10	17849304	17849557	254	6	0	254	197	57	59	11	10	19	11	2	2	8	8	2	0	6	20	6	9	23	9	5	0	7	3	1	0	5	4	2	1	3	7	2	1	6
chr10	17849560	17849700	141	6	0	141	71	70	10	2	5	2	2	8	8	4	6	4	5	5	1	3	5	1	6	4	1	6	4	5	3	8	5	5	0	1	7	5	0	8
chr10	17849701	17849736	36	6	0	36	18	18	0	0	1	2	2	4	0	1	1	1	2	2	0	1	0	1	2	3	0	1	2	0	0	2	0	0	0	0	2	2	2	0
chr10	17849737	17850256	520	6	0	520	357	163	59	12	20	48	18	19	15	20	28	6	8	20	34	10	12	28	25	7	3	12	14	8	0	9	10	2	0	10	23	14	1	23
chr10	17850257	17851199	943	6	0	943	571	372	91	25	34	51	30	26	39	38	40	14	27	24	41	18	35	36	33	16	3	31	37	24	4	27	30	22	1	39	33	30	4	38
chr10	17851200	17851246	47	6	0	47	32	15	6	1	2	7	4	0	1	1	3	0	0	1	2	0	1	1	0	0	0	1	3	0	0	1	2	2	0	2	2	2	0	0
chr10	17851247	17851371	125	6	0	125	107	18	24	6	5	19	5	0	0	1	4	0	1	2	22	3	3	10	4	1	0	4	1	0	0	1	0	0	0	0	2	1	0	4
chr10	17851381	17855571	4191	6	0	4191	2540	1651	317	125	153	208	182	137	146	177	133	76	134	143	172	104	96	236	189	92	29	132	143	75	27	130	108	101	26	113	202	107	22	154
chr10	17855572	17864827	9256	6	0	9256	5626	3630	826	311	350	488	361	226	361	350	403	169	296	232	384	208	252	408	325	224	53	312	332	173	57	306	265	215	42	226	376	256	52	415
chr10	17864829	17866337	1509	6	0	1509	931	578	138	47	77	75	49	38	64	42	74	29	51	41	74	35	45	50	52	29	7	61	35	28	4	61	43	16	3	44	63	55	6	71
chr10	17866338	17866362	25	6	0	25	18	7	1	0	0	4	1	1	0	2	1	0	0	1	2	0	0	4	0	1	0	0	2	0	0	0	0	1	0	0	2	0	0	0
chr10	17866363	17866490	128	6	0	128	77	51	10	5	2	8	4	3	6	7	3	0	3	6	7	2	2	7	5	3	0	3	2	9	1	4	7	4	0	1	6	0	1	5
chr10	17866491	17866570	80	6	0	80	40	40	2	0	5	4	1	4	6	2	6	1	1	0	2	1	1	4	2	1	1	2	0	1	1	6	6	6	1	3	5	0	1	2
chr10	17866571	17867364	794	7	0	794	404	390	38	22	59	18	24	17	21	16	59	7	53	18	16	12	12	12	25	19	3	11	21	48	9	68	16	14	3	15	15	65	5	51
chr10	17867365	17874209	6845	7	0	6845	4299	2546	563	251	306	407	297	171	226	266	324	109	194	190	343	159	185	307	276	145	47	222	244	123	11	198	165	118	14	165	276	190	26	325
chr10	17874210	17874253	44	7	0	44	18	26	1	1	1	0	1	1	2	1	0	1	4	2	1	0	1	0	1	1	1	0	2	4	0	4	1	2	1	2	1	3	0	2
chr10	17874254	17881670	7417	7	0	7417	4676	2741	658	214	283	445	313	186	241	325	298	112	208	215	331	207	217	421	284	158	33	244	261	134	15	219	227	119	25	187	293	218	25	299
chr10	17881671	17881834	164	7	0	164	95	69	26	4	7	5	7	2	8	1	2	1	9	2	8	3	5	4	3	2	0	5	4	3	0	11	7	9	1	9	4	4	3	3
chr10	17881839	17883439	1601	7	0	1601	966	635	142	52	62	71	75	47	56	67	60	28	61	49	51	36	44	63	69	45	5	44	63	32	1	54	40	33	3	48	73	40	7	78
chr10	17883441	17883589	149	7	0	149	100	49	29	3	10	8	3	1	6	2	10	2	6	1	8	4	3	3	1	2	3	4	2	0	2	2	5	1	1	5	4	3	0	13
chr10	17883590	17883636	47	7	0	47	32	15	3	2	0	5	3	1	3	3	2	0	1	4	1	1	0	2	4	0	0	0	0	0	0	0	4	0	0	0	2	0	0	4
chr10	17883637	17893010	9374	7	0	9374	5538	3836	724	295	384	438	337	303	378	328	388	186	330	259	392	197	249	349	392	212	59	318	346	218	53	308	252	202	57	255	356	292	55	460
chr10	17893011	17894394	1384	7	0	1384	845	539	136	33	58	72	51	30	50	50	62	20	50	40	49	36	35	72	40	34	3	42	56	31	3	56	33	29	3	37	52	52	9	58
chr10	17894395	17898646	4252	7	0	4252	2606	1646	360	125	167	225	171	131	174	184	151	81	112	135	196	101	111	180	194	92	14	138	138	84	9	144	136	92	12	114	193	107	11	168
chr10	17898654	17899108	455	7	0	455	269	186	19	13	27	15	21	5	12	17	25	16	17	11	10	6	29	25	11	8	2	18	15	7	0	21	13	9	0	12	16	19	0	34
chr10	17899109	17900097	989	7	0	989	647	342	93	24	35	80	38	22	33	31	30	16	31	33	70	26	26	58	32	15	7	34	22	14	6	28	25	25	3	21	45	16	6	42
chr10	17900098	17902438	2341	7	0	2341	1488	853	212	65	92	142	80	55	83	93	104	41	61	82	114	62	67	133	91	52	5	76	72	46	17	62	44	39	8	53	104	60	12	112
chr10	17902439	17903959	1521	7	0	1521	963	558	172	53	61	85	66	45	52	46	55	27	44	31	78	42	46	58	65	31	10	61	50	24	4	40	40	33	4	39	54	30	10	63
chr10	17903961	17908542	4582	7	0	4582	2914	1668	441	155	201	269	176	103	164	183	209	80	115	126	239	107	136	208	180	95	25	146	137	67	18	134	133	67	11	125	176	127	16	211
chr10	17908543	17908566	24	7	0	24	18	6	4	3	0	2	3	0	0	1	0	0	1	0	1	0	0	1	3	0	0	1	1	0	0	0	0	0	0	0	0	1	0	0
chr10	17908567	17916115	7549	7	0	7549	4708	2841	627	201	259	408	283	292	295	300	258	97	201	211	328	297	175	474	440	142	50	255	230	134	34	207	220	165	27	170	280	164	25	298
chr10	17916116	17916376	261	7	0	261	190	71	38	10	14	26	15	2	4	10	18	5	3	4	17	4	5	14	11	3	1	6	5	0	0	5	5	1	1	3	10	6	0	13
chr10	17916383	17917173	791	7	0	791	452	339	66	24	29	35	28	22	36	22	32	8	36	19	29	15	24	26	17	19	3	30	31	24	1	42	22	25	0	29	38	31	2	24
chr10	17917179	17917768	590	7	0	590	349	241	43	16	23	20	20	18	24	25	24	11	20	14	16	15	15	43	26	14	6	14	24	9	1	26	15	17	1	19	22	20	4	23
chr10	17917769	17918059	291	7	0	291	138	153	19	8	4	8	10	15	15	8	6	4	16	6	5	5	6	2	8	14	2	8	16	11	5	14	12	14	4	12	12	8	5	7
chr10	17918060	17918089	30	7	0	30	18	12	1	2	0	2	1	2	0	2	1	0	0	0	2	0	1	3	2	2	0	0	3	0	0	1	0	2	0	0	0	1	0	0
chr10	17918090	17920229	2140	7	0	2140	1248	892	127	70	91	104	74	54	83	88	95	42	87	69	96	36	53	79	63	52	18	67	85	65	5	80	52	52	6	52	99	66	13	115
chr10	17920237	17920294	58	7	0	58	34	24	3	2	1	5	0	3	3	2	2	1	2	1	5	0	1	2	0	3	0	2	5	2	0	1	2	2	0	0	1	1	0	4
chr10	17920295	17920392	98	7	0	98	55	43	6	8	3	1	3	2	6	4	7	3	2	3	1	0	3	2	5	4	1	3	4	1	2	3	1	1	0	2	4	4	1	6
chr10	17920394	17920454	61	7	0	61	35	26	2	2	3	3	3	3	1	2	0	2	2	1	4	1	3	2	2	4	0	2	1	3	0	4	1	1	0	2	4	0	0	1
chr10	17920455	17920511	57	7	0	57	26	31	0	1	2	2	1	1	4	0	3	1	5	0	2	2	0	0	4	0	0	1	0	3	2	6	0	4	0	2	3	4	0	2
chr10	17920512	17920925	414	7	0	414	242	172	30	14	19	18	13	9	17	9	25	7	21	8	13	13	11	13	11	12	7	13	12	10	4	14	9	5	3	11	17	13	0	31
chr10	17920926	17920957	32	7	0	32	24	8	4	1	2	3	1	1	1	2	3	0	0	0	2	0	0	2	1	0	0	1	0	0	0	0	1	0	0	1	3	0	0	1
chr10	17920958	17921734	777	7	0	777	522	255	84	31	36	53	31	22	21	22	33	10	20	13	57	19	19	49	33	16	3	30	22	13	2	16	14	7	0	23	27	17	5	27
chr10	17921735	17924595	2861	7	0	2861	1599	1262	182	85	125	102	98	95	144	96	128	55	108	79	87	54	76	83	85	73	17	114	124	74	14	115	95	75	10	96	130	105	7	128
chr10	17924596	17924616	21	7	0	21	15	6	0	1	0	2	1	1	0	3	1	0	0	1	1	0	1	2	3	0	0	0	0	0	0	0	0	0	0	0	1	0	0	1
chr10	17924617	17924986	370	7	0	370	221	149	21	15	13	17	19	6	17	15	14	8	11	12	13	5	16	18	10	7	1	16	13	6	1	7	16	7	1	18	18	8	3	16
chr10	17924987	17925007	21	7	0	21	13	8	0	0	1	0	0	0	0	1	0	2	1	0	1	2	2	3	0	1	0	1	0	0	0	1	0	0	0	0	1	0	0	2
chr10	17925008	17926708	1701	7	0	1701	1022	679	122	54	79	90	68	53	61	75	83	36	49	42	72	30	48	58	57	44	9	63	62	34	4	64	48	45	5	34	91	41	2	76
chr10	17926710	17926768	59	7	0	59	38	21	8	1	3	4	2	0	3	3	5	0	1	0	2	1	0	3	2	0	0	0	1	2	0	3	4	1	0	1	1	3	0	3
chr10	17926769	17926798	30	7	0	30	18	12	1	3	0	2	0	1	1	0	1	1	0	0	4	0	4	0	0	2	0	2	1	0	0	2	0	1	0	0	1	0	0	1
chr10	17926799	17927453	655	7	0	655	356	299	45	15	35	23	24	11	32	23	28	16	27	14	20	15	15	12	18	15	2	21	30	26	1	36	19	25	0	20	23	27	3	32
chr10	17927454	17927483	30	7	0	30	16	14	0	2	2	0	1	2	2	1	1	0	0	1	2	1	0	0	0	3	0	2	3	0	0	1	2	0	0	0	0	1	0	1
chr10	17927484	17928012	529	7	0	529	316	213	34	18	22	23	23	18	19	21	25	11	19	10	16	14	16	26	21	15	1	24	26	8	0	14	13	9	3	13	21	17	2	25
chr10	17928013	17928830	818	7	0	818	477	341	77	29	19	43	36	23	35	31	27	16	31	19	29	17	17	27	30	24	6	25	50	14	4	23	21	26	5	20	24	27	7	34
chr10	17928832	17928922	91	7	0	91	57	34	19	3	4	2	3	2	4	3	4	2	3	2	2	1	0	1	3	1	1	3	4	2	0	3	0	3	1	2	5	3	0	3
chr10	17928923	17928943	21	7	0	21	4	17	0	0	0	0	0	1	0	0	0	1	2	0	0	0	0	0	0	2	0	0	1	2	3	1	0	2	1	0	0	1	1	1
chr10	17928944	17929162	219	7	0	219	103	116	7	5	3	5	7	10	13	5	4	7	17	5	2	3	8	1	5	7	3	10	10	3	2	12	10	11	3	6	10	6	4	13
chr10	17929164	17929905	742	7	0	742	445	297	80	22	35	31	22	19	29	25	31	13	21	17	33	27	17	21	28	31	4	18	33	20	5	24	16	15	4	17	18	16	5	43
chr10	17929908	17930574	667	7	0	667	385	282	50	30	28	12	23	16	33	25	27	10	25	14	21	21	23	25	28	18	4	27	26	16	1	26	17	21	0	22	27	14	1	34
chr10	17930575	17930602	28	7	0	28	22	6	10	0	2	2	1	1	0	1	1	0	0	1	2	0	0	0	1	0	0	0	0	0	0	0	1	0	0	1	1	0	0	1
chr10	17930603	17931314	712	7	0	712	372	340	70	18	26	11	28	30	38	14	15	14	35	23	13	11	16	8	23	18	3	29	42	19	8	27	20	34	4	26	26	25	3	33
chr10	17931315	17931363	49	7	0	49	30	19	1	0	1	5	2	0	1	3	3	1	1	2	1	3	4	2	1	0	2	1	0	0	1	1	2	0	0	2	2	2	0	3
chr10	17931364	17932153	790	7	0	790	430	360	43	19	28	38	38	20	39	32	28	23	31	26	20	16	14	14	28	27	2	21	41	31	3	30	24	24	2	18	36	23	7	42
chr10	17932154	17932163	10	7	0	10	5	5	1	0	0	0	1	0	1	0	0	0	0	0	0	0	0	0	0	1	0	0	1	0	0	1	1	1	0	0	0	0	0	0
chr10	17932164	17932651	488	7	0	488	288	200	45	12	17	24	17	27	22	12	19	5	18	14	17	12	13	14	26	10	1	18	19	15	0	12	17	11	1	13	16	10	2	27
chr10	17932652	17953570	20919	7	0	20919	12334	8585	1503	596	852	1034	783	615	868	741	841	407	733	608	857	459	593	843	780	497	102	698	804	505	113	736	565	500	78	617	858	655	81	995
chr10	17953571	18118570	165000	8	0	165000	99750	65250	13563	5094	6825	8529	6552	4622	6326	6166	6925	3138	5402	4645	6972	3710	4394	6886	6705	3706	851	5302	5813	3702	697	5537	4471	3370	620	4365	6676	4971	720	7743
chr10	18118571	18324570	206000	7	0	206000	123833	82167	16621	6248	8377	10532	7763	6150	8011	7923	8306	3750	6688	5496	9088	5090	5328	8461	8573	4684	1131	6850	7210	4672	994	6994	5879	4443	966	5530	8185	6070	955	9030
chr10	18324571	18581570	257000	6	0	257000	152304	104696	19603	7242	9613	14367	9171	7318	9935	11229	12089	4438	9013	6389	9962	5819	6432	9683	9603	5731	1356	8128	11160	5637	1358	8681	7305	5778	1202	6827	9585	9691	1296	11357
chr10	18581571	18997570	416000	5	0	416000	256369	159631	35613	13025	16896	23350	16838	11308	15460	15759	17033	7526	12365	11420	19400	10028	11187	19159	16872	9279	1902	13834	14333	8299	1750	13094	11373	8201	1504	10846	16787	11697	1726	18134
chr10	18997571	19230570	233000	4	0	233000	147681	85319	20740	7093	9243	14220	9267	6191	7839	9415	9761	3899	6708	6784	11527	5805	6349	12839	9924	4631	1085	7348	7233	4237	828	6627	6097	3834	708	5615	9458	6223	921	10549
chr10	19230571	19262570	32000	3	0	32000	21060	10940	2909	1043	1246	2136	1247	774	921	1317	1260	521	853	863	1917	825	924	2302	1411	608	114	1030	906	570	69	859	675	457	55	689	1267	769	94	1367
chr10	19262571	19401570	139000	4	0	139000	91171	47829	12875	4296	5377	9290	5463	3564	4250	5762	5785	2173	3546	3971	7714	3870	3943	9291	6122	2614	594	4573	3962	2127	344	3582	3343	1871	300	2921	5612	3403	420	6040
chr10	19401571	19685570	284000	5	0	284000	180885	103115	25427	9006	11657	17395	11385	7437	9442	11514	12085	4818	7800	7980	14588	7201	8046	15103	12117	5730	1218	9397	8858	4913	794	8125	7253	4605	724	6696	11550	7442	966	12726
chr10	19685571	20162570	477000	6	0	477000	297251	179749	41344	14624	20034	27522	18994	12982	16568	18481	20218	8339	14220	13207	22968	11625	12926	23197	19840	10022	2186	15522	15382	9318	1812	15030	12670	8815	1506	11661	19133	13387	1930	21535
chr10	20162571	20295570	133000	5	0	133000	84741	48259	12113	4172	5626	8230	5325	3565	4349	5273	5656	2167	3558	3741	7046	3333	3623	6962	5690	2628	592	4328	4046	2436	441	3820	3467	2126	335	3228	5309	3553	480	5780
chr10	20295571	20929570	634000	4	0	634000	390663	243337	52263	19503	26883	35088	25310	17681	23114	25432	27157	11589	19092	17940	29007	14929	17097	28576	26344	13744	2775	20839	21644	12920	2110	20061	17412	11547	1723	16440	26137	18524	2270	28847
chr10	20929571	21078570	149000	3	0	149000	89454	59546	12300	4444	5910	7705	5705	4480	5796	5784	5922	2801	4872	4121	6432	3403	3853	5926	6217	3431	789	4691	5316	3578	680	5055	4286	3205	527	4054	5946	4415	724	6630
chr10	21078571	21641570	563000	2	0	563000	322000	241000	44697	15781	21336	25379	21150	17796	24325	18233	20567	10582	21062	14675	20779	12210	13724	19703	21181	13957	3298	17933	22179	15857	4354	21506	16692	16216	4076	16864	21451	17866	3424	24145
chr10	21641571	21753570	112000	3	0	112000	68056	43944	9887	3591	4582	5835	4307	3184	4281	3780	4334	1964	3587	2922	5367	2830	3014	4591	4508	2571	618	3872	3773	2527	556	3862	2982	2430	522	2914	4289	3190	512	4816
chr10	21753571	21922570	169000	4	0	169000	103336	65664	14734	5225	6562	9069	6491	4772	6483	6078	6578	2974	5324	4557	7787	4181	4603	7916	6955	3837	806	5554	5806	3576	866	5522	4512	3685	727	4384	6551	4672	699	7512
chr10	21922571	22320570	398000	3	0	398000	244297	153703	34457	12538	16290	21726	15935	10710	14623	14591	15967	7022	12189	10872	18652	9761	10866	18097	16156	8841	1858	13177	13613	8477	1811	12901	10541	8217	1708	10352	15549	11267	1697	17537
chr10	22320571	22659570	339000	4	0	339000	198789	140211	26769	10313	13898	16348	12815	10039	13837	12147	13411	6426	11241	8658	14333	7615	8441	12497	13710	7648	1958	11077	12063	9208	2466	11811	9953	8316	2241	10022	13112	10375	1743	14507
chr10	22659571	22842570	183000	3	0	183000	109759	73241	15281	5426	7394	9289	6963	5531	7084	6798	7227	3353	5905	4871	7919	4209	4874	7634	7560	4141	900	5918	6466	4402	948	6258	5232	4101	874	5085	7118	5430	810	7997
chr10	22842571	23130570	288000	4	0	288000	173196	114804	23269	8595	11817	15074	11377	8096	11261	10685	11734	5380	9600	7934	12375	6517	7672	11809	11440	6440	1268	9440	10246	6949	1240	9932	8309	6054	1038	7799	11424	8924	1122	13178
chr10	23130571	23221570	91000	5	0	91000	51407	39593	6415	2496	3600	4040	3256	2879	3798	3255	3521	1772	3230	2245	3359	1851	2241	3448	3546	2144	594	2714	3481	2838	855	3394	2853	2603	976	2826	3308	2983	543	3934
chr10	23221571	23483570	262000	6	0	262000	153733	108267	20243	7663	10472	12720	10180	8074	10826	9259	10050	4951	9279	6852	10625	5739	6718	10080	10445	6197	1260	8525	9772	6828	1365	9655	7720	6463	1210	7695	10402	8132	1177	11421
chr10	23483571	23601570	118000	7	0	118000	70710	47290	9534	3560	4937	6077	4796	3327	4707	4319	4908	2176	3908	3267	4870	2650	3109	4565	4625	2800	522	3766	4344	2753	482	4071	3406	2515	379	3366	4774	3582	445	5458
chr10	23601571	24045570	444000	8	0	444000	271894	172106	36183	13413	18540	23899	17656	12523	16377	17901	18482	8182	13714	12166	19714	10609	11985	20548	18734	9667	1887	14439	15206	9704	1472	14448	12659	8463	1312	11570	17858	12996	1531	20160
chr10	24045571	24195570	150000	7	0	150000	89670	60330	11615	4534	6120	7420	5805	4440	5996	5859	6074	2835	4974	4230	6195	3395	4080	6097	6228	3399	632	4945	5479	3532	580	5219	4386	3169	491	4156	6007	4709	547	6850
chr10	24195571	24407570	212000	6	0	212000	122065	89935	15988	6106	8483	9556	8101	6743	9188	7547	8242	4099	7675	5659	7803	4569	5323	6981	8257	5174	1160	6926	8220	5675	1216	8026	6680	5522	1099	6305	8422	6766	1075	9412
chr10	24407571	24557570	150000	5	0	150000	85394	64606	10690	4234	5947	6432	5444	5054	6597	5472	5888	3076	5534	4041	5281	3148	3676	4879	5969	3808	949	4786	6010	4143	909	5753	4549	3895	746	4548	6039	4969	866	6666
chr10	24557571	25144570	587000	6	0	587000	348114	238886	46854	17150	23265	28977	22167	17585	23763	21014	22813	10887	20002	15954	24413	13497	15351	24421	23201	13618	2997	19303	21563	14585	3260	20784	16685	14016	2784	16433	23079	17973	2743	25861
chr10	25144571	25340570	196000	7	0	196000	122697	73303	17321	6008	8297	11254	7781	5277	6718	7422	8186	3405	5723	5533	9592	4858	5577	9743	8188	4010	834	6516	6264	3756	738	6010	5050	3612	677	4801	7698	5390	771	8988
chr10	25340571	25760570	420000	8	0	420000	259272	160728	34989	12858	17793	23176	16450	11301	15278	16480	17819	7560	12771	11792	19558	10003	11550	19893	17067	9090	1793	13772	14281	8872	1447	13325	11398	7790	1185	10765	16762	12173	1477	19530
chr10	25760571	26239570	479000	9	0	479000	293080	185920	39898	14298	19680	26634	18792	13144	17880	18156	19946	8556	15071	13557	21874	11303	12796	21495	19505	10295	2111	15390	16030	10512	2029	15955	12966	9642	1892	12461	19471	14077	1962	21620
chr10	26239571	26432570	193000	8	0	193000	113982	79018	14862	5548	7848	9449	7151	5788	7921	7207	7745	3708	6778	5286	7950	4279	4978	7482	7627	4485	984	6227	7101	4794	951	7026	5603	4419	786	5498	7736	6174	833	8774
chr10	26432571	26589570	157000	7	0	157000	91749	65251	12355	4457	6170	7682	5940	4928	6488	5643	5983	2976	5529	4235	6385	3293	3874	5810	6028	3699	851	5076	6046	4142	928	5615	4664	4053	892	4533	6261	4838	787	6837
chr10	26589571	26675570	86000	6	0	86000	51284	34716	6916	2577	3182	4551	3377	2558	3454	3247	3224	1547	2737	2351	3708	1925	2226	3703	3507	1969	447	2684	3113	2100	501	2933	2605	2101	453	2443	3411	2478	431	3539
chr10	26675571	26732570	57000	5	0	57000	32948	24052	4405	1616	2127	2710	2057	1780	2405	1948	2068	1070	1999	1495	2329	1338	1473	2126	2173	1368	381	1882	2207	1588	458	2065	1688	1552	388	1670	2122	1810	313	2387
chr10	26732571	26795570	63000	4	0	63000	39043	23957	5677	2002	2462	3471	2442	1719	2311	2354	2353	1130	1858	1704	3141	1717	1792	2908	2619	1392	292	2265	2163	1262	264	1977	1622	1269	202	1585	2422	1743	284	2596
chr10	26795571	27098570	303000	3	0	303000	181952	121048	26024	9101	11648	15700	11626	8897	12014	10638	11309	5384	9822	8179	13514	7219	8164	12711	11918	7209	1494	9980	10954	7022	1639	10554	8543	7226	1491	8322	11760	8712	1432	12792
chr10	27098571	27302570	204000	4	0	204000	120231	83769	17014	5950	7556	10480	7668	6032	8220	6652	7347	3615	7172	5452	8971	4765	5182	8154	7602	4805	1216	6739	7476	4957	1691	7208	5658	5557	1592	5681	7836	6013	1234	8503
chr10	27302571	27417570	115000	5	0	115000	69961	45039	9635	3469	4556	6177	4434	3424	4389	4319	4497	2098	3348	3103	5270	2794	3103	5343	4884	2577	608	3717	4016	2448	581	3788	3287	2534	537	3016	4379	3274	518	4875
chr10	27417571	27465570	48000	6	0	48000	29793	18207	3984	1451	1897	2720	1903	1232	1740	1867	2010	837	1420	1361	2155	1270	1344	2600	2025	1037	211	1517	1678	963	189	1513	1230	888	139	1189	1809	1455	181	2183
chr10	27465571	27579570	114000	5	0	114000	69963	44037	9887	3513	4704	6139	4457	3115	4169	4157	4614	2030	3558	3146	5285	2806	3157	5226	4665	2540	505	3754	3894	2464	511	3750	2919	2354	427	2905	4420	3261	487	5179
chr10	27579571	28181570	602000	4	0	602000	368458	233542	51421	18345	25302	32740	23692	16787	22248	22805	25151	10682	18663	16344	27544	14005	15720	27007	24379	12934	2883	19624	20689	13068	2623	19320	16830	12221	2264	15867	23634	17477	2606	27123
chr10	28181571	28277570	96000	3	0	96000	58966	37034	8276	2919	3774	5248	3766	2718	3659	3528	3643	1663	3039	2653	4532	2430	2550	4566	3917	2099	464	3250	3276	1902	422	3054	2646	2053	388	2565	3833	2600	412	4153
chr10	28277571	29315570	1038000	2	0	1038000	601516	436484	79443	29975	41698	47725	39418	32642	44205	35781	40162	19944	38391	27439	39818	22338	25660	36876	40649	24946	5714	33590	39587	27153	6183	38671	31094	26443	5577	30940	40716	33051	5416	46753
chr10	29315571	29456570	141000	3	0	141000	80784	60216	10174	4002	5744	6164	5190	4504	6175	4981	5425	2856	5140	3678	5296	2959	3402	5093	5593	3531	756	4441	5501	4040	836	5477	4382	3592	747	4220	5374	4691	711	6323
chr10	29456571	29659570	203000	4	0	203000	114510	88490	14620	5719	7940	8772	7187	6895	9158	7044	7897	4058	7599	5096	7347	4093	4620	6464	7959	4945	1460	6401	8016	5968	1482	7922	6413	5628	1299	6346	7896	6847	1259	8648
chr10	29659571	29924570	265000	3	0	265000	149040	115960	18655	7219	10865	11002	9851	8488	11842	9224	10303	5296	10555	7077	8932	5110	6267	8353	9944	6542	1389	8238	10924	7891	1644	10677	8216	7317	1490	8455	10321	9385	1367	12159
chr10	29924571	30321570	397000	4	0	397000	226027	170973	28950	11191	15466	17468	14979	12921	17500	14033	15031	7845	14751	10590	14115	8180	9598	13407	15578	9826	2244	12490	16029	11529	2516	15266	12272	10888	2076	12042	15554	13097	2048	17518
chr10	30321571	30696570	375000	3	0	375000	211351	163649	27151	10492	14419	16135	13807	12396	16967	12772	13724	7456	14363	9547	13515	7733	8790	12084	14422	9308	2371	11976	15248	11176	2592	14739	11737	10879	2278	11831	14535	12393	2169	15993
chr10	30696571	30802570	106000	4	0	106000	56186	49814	6190	2704	4099	3730	3601	3922	5474	3544	3933	2276	4433	2653	2999	1780	2199	2647	4082	2778	682	3140	4805	3883	831	4701	3736	3455	747	3678	3918	4104	588	4686
chr10	30802571	30916570	114000	5	0	114000	66611	47389	8558	3389	4655	5481	4339	3507	4819	4126	4503	2227	3852	2912	4682	2467	2873	4219	4600	2680	601	3709	4296	3073	604	4194	3521	2754	511	3352	4374	3660	516	4944
chr10	30916571	31434570	518000	6	0	518000	315502	202498	42486	16021	21076	27811	19938	14361	19557	19811	20936	9217	15907	14229	24034	12742	14192	23182	21175	11415	2507	17244	18014	11722	2318	17019	14341	10746	2132	13575	20137	15190	2069	22894
chr10	31434571	31499112	64542	5	0	64542	41315	23227	5803	2038	2761	3928	2608	1582	2160	2603	2837	1118	1602	1943	3282	1786	1861	3402	2780	1314	253	2176	1985	1100	155	1843	1610	952	164	1394	2578	1717	234	2971
chr10	31499114	31568571	69458	5	0	69458	43235	26223	5893	2215	2958	3869	2845	1827	2565	2730	3017	1241	1953	1972	3179	1740	1942	3287	2918	1536	270	2299	2352	1375	153	2171	1819	1215	157	1775	2878	1925	206	3174
chr10	31568572	31685571	117000	4	0	117000	66560	50440	7725	3383	4882	5223	4496	3677	5202	4327	4784	2346	4224	3066	4209	2326	2841	3848	4724	2876	500	3632	4743	3655	586	4592	3651	3039	484	3537	4584	4006	442	5388
chr10	31685572	31784571	99000	3	0	99000	54535	44465	6291	2628	3880	4014	3677	3333	4731	3490	3718	2092	3866	2501	3126	1784	2325	3077	3844	2515	498	2980	4209	3397	594	4205	3341	2980	495	3230	3837	3513	439	4388
chr10	31784572	32024571	240000	2	0	240000	146445	93555	21446	7500	9345	12921	9296	6816	9185	8390	9172	4179	7397	6305	11298	6142	6622	10430	9792	5318	1249	8278	8088	5277	1331	7796	6471	5404	1170	6327	9337	6494	1074	10148
chr10	32024572	32176571	152000	1	0	152000	86973	65027	11336	4469	5926	6753	5880	4771	6656	5167	5577	2918	5621	3930	5691	3330	3761	5186	5858	3843	763	5024	6193	4113	974	5865	4562	4295	911	4579	5862	4894	794	6496
chr10	32176572	32411571	235000	2	0	235000	138736	96264	19184	6927	8801	11727	8888	7233	9569	8146	8414	4188	8161	6279	10152	5809	6141	9116	9275	5710	1201	7971	8911	5683	1537	8265	6643	6092	1368	6565	9007	6911	1254	9870
chr10	32411572	32502571	91000	3	0	91000	56696	34304	8139	2841	3668	5165	3728	2362	3232	3435	3705	1617	2677	2530	4241	2262	2571	4522	3723	1940	381	3038	3094	1790	351	2759	2379	1722	307	2290	3561	2542	365	4061
chr10	32502572	32641571	139000	4	0	139000	87675	51325	12837	4562	5652	8060	5988	3567	4613	5526	5752	2338	3759	4025	6533	3339	3920	7202	5982	3005	507	4312	4682	2676	445	4046	3628	2443	408	3317	5402	3725	478	6269
chr10	32641572	32835571	194000	5	0	194000	120339	73661	15952	6242	7817	10858	8238	5415	6901	7985	8040	3528	5310	5583	8641	4779	5524	9524	8430	4448	683	6403	7105	4092	420	5873	5317	3418	417	4594	7687	5532	560	8682
chr10	32835572	33230571	395000	4	0	395000	234207	160793	30852	11812	16118	19840	15324	11981	15860	14762	15977	7413	13152	10583	16469	8771	10025	15267	15840	9224	1986	12927	14753	9734	2039	13548	11646	9087	1755	11128	15688	12029	1856	17552
chr10	33230572	33327571	97000	3	0	97000	57363	39637	7685	2915	4025	4826	3777	3030	3903	3586	4031	1895	3199	2606	3959	2057	2462	3406	3979	2210	594	3114	3510	2309	485	3396	2911	2192	472	2733	3896	2988	501	4346
chr10	33327572	34242571	915000	4	0	915000	536124	378876	67591	26626	38229	43885	35805	28231	37789	34348	37524	17800	31968	25115	35412	19375	22727	33698	36771	21677	4586	28998	34666	23689	4342	32863	27589	21187	3595	26505	37147	29006	3907	42347
chr10	34242572	34469571	227000	5	0	227000	141155	85845	20139	7106	9283	12868	8729	6357	8387	8702	9206	4029	6485	6221	11323	5711	6213	10395	9639	4705	1133	7726	7213	4523	870	7014	6232	4257	807	5784	9090	6135	872	9844
chr10	34469572	34577571	108000	4	0	108000	65664	42336	8979	3321	4200	5815	4214	3351	4238	4135	4080	1985	3322	2942	5042	2729	2767	4544	4712	2424	565	3685	3742	2213	470	3516	3130	2328	411	2809	4353	2976	484	4516
chr10	34577572	34720571	143000	3	0	143000	83839	59161	11322	4289	5450	6764	5297	4960	6078	5091	5357	2592	4786	3656	5849	3348	3496	5503	6226	3420	902	4641	5328	3530	761	5225	4363	3575	699	4099	5510	4318	718	5845
chr10	34720572	34983571	263000	2	0	263000	145262	117738	19491	7003	9704	10508	9643	9137	12563	8262	8841	5262	10648	6660	8731	5317	6000	7492	9845	6795	1638	8441	11055	7885	2180	10781	8579	8449	1956	8722	10126	8772	1541	10971
chr10	34983572	35362571	379000	3	0	379000	220906	158094	30902	10965	13947	18026	14100	12002	16276	12664	13257	7023	13590	9911	15582	8865	9652	14143	14841	9131	2097	12786	14530	9187	2621	13935	11002	10457	2451	11274	14669	11497	2145	15470
chr10	35362572	35510571	148000	4	0	148000	84086	63914	10162	4354	6050	6217	5256	4991	6818	5128	5857	2994	5526	3775	5508	3213	3574	4662	6119	3655	826	4951	5765	4325	828	5870	4535	3730	691	4466	5774	5078	619	6681
chr10	35510572	35665571	155000	5	0	155000	86180	68820	10498	4424	6046	6370	5556	5285	7311	5307	5876	3253	5690	3882	5408	3177	3537	4558	6255	4019	962	4903	6177	4855	1280	6156	4963	4398	1221	4930	6064	5196	845	6596
chr10	35665572	35748571	83000	6	0	83000	48771	34229	6124	2448	3250	4104	3230	2703	3398	3139	3397	1534	2805	2242	3175	1838	2101	3282	3543	2028	428	2524	3157	2100	396	3016	2504	1924	364	2266	3266	2617	347	3748
chr10	35748572	35928571	180000	7	0	180000	106075	73925	13481	5291	7276	8987	7015	5663	7480	6942	7396	3517	6148	4863	7143	3821	4386	6664	7476	4105	964	5748	6705	4637	773	6264	5545	3920	661	5202	7374	5717	758	8076
chr10	35928572	36963571	1035000	8	0	1035000	635353	399647	88058	30866	41016	58069	40265	29856	38321	39731	41911	18416	32393	28484	47776	24604	27752	47834	43063	22159	4840	33680	35122	21349	4622	32810	28714	21101	4233	26750	41274	29294	4393	46242
chr10	36963572	37872571	909000	9	0	909000	551900	357100	74103	27817	36502	48229	35920	26574	35125	35148	36736	16806	28471	24692	39892	21134	24221	40529	38274	20612	3934	29511	32020	20245	3716	29987	25896	18992	3122	24086	36577	26119	3272	40736
chr10	37872572	38170571	298000	8	0	298000	176158	121842	23704	9063	11235	14550	11721	9310	12403	11252	11418	5542	10002	7978	11709	7155	7431	11684	12696	7317	1274	9783	11520	7397	1422	10575	8597	7080	1281	7959	11873	9120	1193	12754
chr10	38170572	38432571	262000	9	0	262000	158159	103841	21134	7958	10838	13464	10242	7512	10289	9915	10548	4702	8409	7295	11470	6262	7105	11015	10599	6060	1059	8716	9271	5957	1018	9010	7467	5629	935	7165	10620	7610	974	11750
chr10	38432572	38529907	97336	8	0	97336	57153	40183	4953	1659	2762	9182	3085	2072	2465	7233	7948	2146	3117	1821	2570	1632	1788	2720	2550	1424	519	3016	7023	1735	578	2631	2076	1671	268	1659	3206	7137	1863	2825
chr10	38575705	38604368	28664	8	0	28664	17255	11409	1242	364	553	3368	1005	429	471	2710	2752	461	581	1619	528	258	385	529	504	296	147	565	1986	445	218	524	479	397	127	307	1646	2035	1138	593
chr10	38604369	38743368	139000	9	0	139000	82768	56232	11161	4144	5544	7093	5733	3933	5681	5061	5375	2604	4231	3752	5673	3204	3597	5982	5645	3266	551	4423	5402	3519	619	4998	4027	3624	517	3677	5334	4130	543	5955
chr10	38743369	38858368	115000	8	0	115000	72017	42983	6632	2084	2748	13451	3882	1625	2066	9501	11277	2076	2464	3103	3125	1910	2182	3889	2678	1150	683	3184	8408	998	563	2082	2156	974	189	997	3832	8929	2963	3197
chr10	38858369	38861804	3436	9	0	3436	2100	1336	111	35	57	492	92	32	35	350	444	67	63	86	48	53	58	76	55	21	24	87	322	17	21	47	67	6	2	7	65	363	159	72
chr10	41693522	41771709	78188	8	0	78188	48863	29325	8124	3135	3516	3817	3453	2623	2870	2560	4784	967	2557	2587	2231	1106	1895	2638	3645	1118	474	2594	2263	1223	215	1989	2032	937	207	1732	3566	2411	394	4523
chr10	41771710	41880709	109000	7	0	109000	68257	40743	8742	3358	3803	8939	4410	2872	2660	7324	9495	1190	2719	3983	2195	1315	2100	3152	3700	1353	595	3087	5663	1000	532	2116	2674	903	257	1474	5229	6053	1500	4605
chr10	41880710	41885273	4564	8	0	4564	2679	1885	88	100	57	671	126	70	48	574	654	14	54	88	47	25	25	37	37	48	37	87	592	43	60	51	90	15	2	13	99	640	37	33
chr10	42097572	42097641	70	8	0	70	45	25	3	1	1	8	2	0	0	10	7	1	2	6	1	0	1	0	0	1	0	1	4	0	1	2	0	0	0	0	8	6	1	1
chr10	42101501	42291051	189551	8	0	189551	114552	74999	15254	5162	7121	11344	7482	4859	6734	8420	8507	3403	5484	6054	7638	4058	4576	8454	7222	3825	920	5515	6918	4557	1319	5993	5174	4486	1114	4508	8181	5919	1449	7899
chr10	42291052	42422051	131000	7	0	131000	80166	50834	10099	3505	4576	9637	4815	3278	4053	7165	7568	2468	3803	2959	5334	2907	2918	5079	4771	2566	591	4230	6689	2452	568	3628	3169	2317	407	2647	4682	6002	1270	4845
chr10	42422052	42541051	119000	6	0	119000	70853	48147	9242	3774	4638	6026	4813	3506	4912	4670	4815	2136	3787	3369	4809	2699	3015	4641	5089	2727	484	3815	4444	3023	490	4061	3555	2589	439	3323	4813	3679	463	5152
chr10	42541052	42645051	104000	5	0	104000	61823	42177	8534	3166	3934	5171	4161	3262	4376	3872	3995	1927	3429	2779	4116	2516	2523	4060	4527	2451	434	3459	3900	2390	481	3679	3052	2469	468	2737	4192	3140	411	4387
chr10	42645052	42744051	99000	4	0	99000	58503	40497	7325	2996	4054	4704	3785	3114	4068	3730	3855	1881	3185	2616	4114	2382	2644	4050	4145	2408	480	3340	3714	2474	464	3445	3008	2233	348	2899	3829	2981	460	4267
chr10	42744052	42829051	85000	3	0	85000	47803	37197	6153	2399	3310	3601	3068	2797	3873	2883	3248	1667	3073	2171	2994	1780	1934	2850	3353	2078	534	2678	3483	2565	702	3213	2570	2463	716	2683	3215	2857	470	3617
chr10	42829052	42936051	107000	2	0	107000	57459	49541	6597	2865	3844	4100	3661	3821	5286	3820	3902	2275	4120	2539	3246	1924	2202	3256	4395	2815	680	2994	4628	4184	979	4603	3633	3493	889	3411	3932	3902	558	4444
chr10	42936052	43384051	448000	1	0	448000	223459	224541	22866	10230	14909	13694	13657	17627	25789	14012	14093	10113	19303	9742	11084	7194	8678	10466	16702	12811	3046	12605	21868	21599	4634	22156	16802	18605	4129	16332	15713	17242	2711	17586
chr10	43384052	43527051	143000	2	0	143000	77405	65595	10504	3677	4673	5612	5083	4993	6765	4258	4367	2809	5999	3573	4512	3094	3273	4213	5090	3853	1009	4621	6039	4416	1799	5938	4519	5268	1692	4601	5451	4653	1094	5550
chr10	43527052	43642051	115000	3	0	115000	67232	47768	8996	3383	4617	5327	4463	3565	4872	4189	4453	2164	3999	3027	4411	2567	2865	4333	4703	2711	507	3758	4516	2872	606	4204	3369	2983	493	3403	4501	3632	520	4989
chr10	43642052	43732051	90000	4	0	90000	48449	41551	5137	2339	3574	3399	3127	3272	4290	3107	3427	2034	3481	2104	2758	1756	2076	2566	3705	2273	615	2808	3717	3298	836	3794	3039	2784	729	2906	3335	3290	508	3914
chr10	43732052	44122051	390000	5	0	390000	220871	169129	26367	10997	15569	17147	14467	12680	18117	14643	15751	8121	14080	10094	13495	7450	8881	13010	16001	9419	1972	11857	16079	12156	1954	15240	12631	10253	1575	11945	15196	13601	1645	17605
chr10	44122052	44354051	232000	4	0	232000	132674	99326	15845	6669	9450	10258	8797	7495	10323	8804	9471	4739	8317	6256	8109	4539	5514	8088	9611	5668	1169	6994	9307	7024	1033	8878	7376	5665	949	6868	9125	7884	909	10864
chr10	44354052	44646051	292000	5	0	292000	166775	125225	20407	8222	11704	13221	11134	9153	13075	11048	11826	5892	10277	7649	10187	5816	6719	10444	11948	7090	1330	8715	11904	9075	1521	11303	9226	7461	1255	8752	11332	10177	1130	13005
chr10	44646052	44814051	168000	6	0	168000	99887	68113	12528	4892	6836	8527	6399	5108	6825	6630	6972	3232	5793	4449	6883	3654	4134	7023	7132	3757	684	5313	6320	4432	589	5894	4916	3594	499	4537	6594	5452	556	7844
chr10	44814052	45005051	191000	5	0	191000	99385	91615	9877	4675	7416	6396	6333	7081	10310	6465	7072	4237	8099	4506	5083	3125	3980	4728	7495	4993	1068	5562	8745	8073	1389	8834	6885	6576	1209	6872	7064	7399	914	8537
chr10	45005052	45129051	124000	6	0	124000	74718	49282	9951	3693	4957	6518	4811	3720	4878	4756	5070	2184	4085	3366	5287	2834	3284	5323	5087	2749	510	4085	4524	2940	478	4133	3585	2635	378	3472	4968	3751	472	5514
chr10	45129052	45542051	413000	7	0	413000	240923	172077	30703	12264	16403	19745	15852	12251	17570	15438	16388	8037	13786	11112	16172	9064	10317	15821	16830	9720	1966	13100	15805	11555	2434	14862	12394	10241	2062	11783	16080	13140	1772	18331
chr10	45542052	45645051	103000	6	0	103000	62364	40636	9153	3044	4148	5333	3917	3003	3919	3596	4025	1894	3157	2704	4583	2611	2792	4484	4109	2409	561	3473	3615	2308	631	3429	2746	2350	531	2693	3965	2916	478	4421
chr10	45645052	45680766	35715	5	0	35715	21272	14443	3020	1162	1342	1776	1411	993	1408	1245	1354	662	1160	997	1515	823	963	1440	1437	828	213	1162	1281	836	268	1205	963	891	237	948	1376	1035	204	1558
chr10	45680767	45680859	93	5	0	93	60	33	8	3	4	6	3	1	3	5	4	1	3	3	6	2	4	4	2	2	0	3	4	0	0	2	2	2	0	3	3	2	0	6
chr10	45680860	45681484	625	5	0	625	420	205	56	18	36	38	26	18	11	29	22	10	18	18	44	26	17	33	37	9	0	26	14	4	1	16	8	10	0	11	25	12	1	29
chr10	45681485	45681521	37	5	0	37	30	7	16	0	1	2	0	1	0	1	0	1	1	0	4	0	0	1	1	1	0	0	0	1	0	2	0	0	0	0	1	1	0	0
chr10	45681522	45691186	9665	5	0	9665	5948	3717	908	323	384	501	378	251	357	365	356	159	308	283	474	235	274	391	384	215	42	327	333	174	37	330	260	216	44	248	375	270	43	418
chr10	45691187	45691221	35	5	0	35	19	16	4	2	0	0	0	2	0	0	1	1	1	0	2	1	3	0	1	2	2	1	1	2	2	0	0	1	0	1	1	0	0	2
chr10	45691223	45691242	20	5	0	20	10	10	3	1	1	0	1	1	0	0	0	0	0	0	1	0	1	0	1	0	0	1	0	1	2	0	1	2	0	1	0	0	0	0
chr10	45691243	45691448	206	5	0	206	105	101	16	1	3	14	4	6	13	1	5	5	14	2	10	2	3	5	2	3	2	7	7	5	5	5	8	8	9	13	7	7	4	8
chr10	45691449	45691488	40	5	0	40	36	4	21	1	3	2	0	0	0	0	2	0	0	1	3	0	0	1	0	0	0	1	0	0	0	0	0	0	0	0	1	0	0	2
chr10	45691489	45693770	2282	5	0	2282	1398	884	197	72	105	129	101	75	75	78	99	43	69	69	107	43	52	82	90	40	14	89	68	44	16	60	63	42	18	59	108	62	18	93
chr10	45693771	45693797	27	5	0	27	16	11	2	1	1	2	1	1	2	0	0	0	1	0	3	0	1	0	0	0	0	2	1	0	0	1	1	1	0	2	1	1	0	0
chr10	45693798	45704062	10265	5	0	10265	5696	4569	776	267	376	409	362	363	489	359	351	203	391	260	339	228	215	306	383	279	76	323	450	255	95	385	339	344	89	346	402	307	78	418
chr10	45704063	45704114	52	5	0	52	32	20	2	2	4	1	1	2	3	1	4	2	1	0	3	1	2	2	2	0	1	4	1	0	0	0	1	0	1	2	3	1	0	3
chr10	45704115	45704199	85	5	0	85	45	40	6	5	3	1	4	1	2	4	4	2	2	2	1	1	3	3	2	2	1	3	5	8	1	2	2	1	0	1	2	5	0	4
chr10	45704200	45704239	40	5	0	40	23	17	1	2	1	3	3	1	0	3	3	0	1	1	0	1	0	3	1	1	0	1	2	0	2	0	3	1	0	0	1	2	0	1
chr10	45704245	45704321	77	5	0	77	43	34	3	4	5	3	4	2	2	1	2	1	2	0	6	3	2	1	2	5	0	4	5	5	0	4	1	2	0	1	1	2	0	2
chr10	45704322	45704479	158	5	0	158	93	65	14	3	2	14	7	5	8	2	5	0	10	4	7	1	1	9	2	4	0	3	6	3	1	7	8	7	1	4	6	3	2	7
chr10	45704480	45704529	50	5	0	50	28	22	4	2	2	2	2	2	2	4	1	0	0	0	2	2	2	0	2	1	0	3	5	0	0	1	3	3	0	2	0	1	0	0
chr10	45704530	45704972	443	5	0	443	230	213	49	14	6	11	18	15	24	16	5	7	21	11	8	10	8	6	14	20	1	11	30	13	4	23	16	20	0	16	13	17	5	9
chr10	45704973	45705005	33	5	0	33	20	13	11	0	1	1	1	2	1	1	0	0	1	0	0	0	0	0	1	0	0	0	2	0	0	2	1	4	0	1	1	0	0	0
chr10	45705006	45705027	22	5	0	22	15	7	7	0	1	0	1	1	0	1	1	1	0	1	0	0	0	0	1	1	0	0	1	0	0	1	0	0	0	0	1	1	0	0
chr10	45705028	45705088	61	5	0	61	26	35	0	1	1	1	2	3	5	1	0	0	7	3	1	0	0	1	1	0	1	2	3	0	0	3	5	3	0	5	2	4	1	3
chr10	45705089	45705179	91	5	0	91	49	42	6	1	2	5	2	3	5	3	3	0	3	3	3	4	3	1	2	3	1	2	5	2	0	4	3	4	2	5	4	2	1	2
chr10	45705180	45705207	28	5	0	28	14	14	1	2	0	0	1	0	1	3	1	0	1	2	0	1	0	1	1	2	0	0	2	2	0	1	0	0	0	0	2	1	0	1
chr10	45705208	45705383	176	5	0	176	98	78	22	4	5	7	3	5	7	3	6	2	9	5	7	2	4	7	3	4	1	5	6	7	2	12	1	7	4	2	8	8	1	5
chr10	45705384	45705820	437	6	0	437	279	158	31	17	14	22	12	5	18	14	15	9	19	15	26	11	20	29	14	10	0	18	9	8	0	21	8	5	0	7	18	15	0	25
chr10	45705821	45705871	51	5	0	51	28	23	2	1	3	4	0	0	2	0	4	1	4	0	3	0	1	2	0	0	0	2	2	2	0	6	0	1	0	1	0	7	0	1
chr10	45705872	45705921	50	6	0	50	23	27	1	0	2	1	1	2	4	2	1	1	3	3	1	1	0	0	2	1	0	0	1	3	0	2	3	2	0	3	3	1	0	4
chr10	45705922	45706001	80	5	0	80	42	38	3	1	6	2	1	3	4	3	6	3	1	4	2	0	1	1	3	2	1	1	1	3	1	3	2	0	1	5	5	4	1	4
chr10	45706002	45706138	137	6	0	137	84	53	12	7	8	5	4	4	7	3	8	5	5	3	7	3	1	1	8	3	2	5	3	1	0	5	2	1	0	1	5	4	2	10
chr10	45706140	45706356	217	6	0	217	137	80	16	5	10	14	6	6	4	11	12	4	6	8	11	4	7	11	10	3	1	5	4	5	2	7	1	5	2	4	12	5	3	11
chr10	45706357	45706413	57	5	0	57	36	21	5	1	3	5	1	1	0	2	2	0	3	2	5	0	2	3	0	1	0	1	3	5	0	1	0	1	0	1	1	2	0	4
chr10	45706414	45706480	67	6	0	67	34	33	5	3	2	0	2	2	6	2	3	0	6	2	0	0	0	0	2	2	0	1	1	1	0	4	3	1	0	6	5	2	0	4
chr10	45706481	45706519	39	5	0	39	22	17	4	0	5	0	4	0	0	0	1	1	4	0	0	1	1	0	2	0	0	0	1	0	0	1	1	1	0	4	1	1	0	4
chr10	45706520	45706636	117	6	0	117	74	43	11	3	7	4	5	0	5	4	4	3	1	5	5	3	5	7	6	2	0	2	2	3	0	5	4	1	0	5	2	4	0	7
chr10	45706637	45706694	58	5	0	58	36	22	4	3	3	1	2	1	3	0	2	2	3	0	4	3	0	3	2	3	0	4	3	0	0	3	0	0	0	0	2	3	0	2
chr10	45706695	45706786	92	6	0	92	52	40	7	3	4	3	2	2	5	3	6	0	3	2	2	3	5	2	2	2	0	4	3	3	0	3	4	2	0	4	1	2	2	6
chr10	45706787	45706905	119	5	0	119	58	61	2	4	4	3	3	3	8	7	6	1	7	3	2	3	0	1	5	2	0	4	4	4	0	6	6	5	3	4	7	3	2	5
chr10	45706906	45707244	339	6	0	339	194	145	24	10	16	15	11	12	16	11	14	7	14	4	16	7	4	11	16	7	1	12	14	15	2	10	9	8	1	10	11	11	0	18
chr10	45707245	45707275	31	5	0	31	18	13	1	3	1	0	1	0	2	1	0	2	2	1	3	0	1	0	2	0	0	2	1	0	0	1	0	0	0	0	1	2	0	2
chr10	45707276	45707455	180	6	0	180	92	88	1	1	7	8	1	10	9	12	8	5	9	4	7	2	3	4	9	3	0	6	7	4	3	9	8	5	1	6	8	11	0	7
chr10	45707456	45707488	33	5	0	33	18	15	0	1	1	0	1	3	2	0	1	0	1	0	1	2	3	0	3	0	0	3	1	0	0	0	1	1	0	4	2	0	0	0
chr10	45707489	45707888	400	6	0	400	211	189	14	13	20	7	15	14	20	17	13	10	20	9	12	11	6	9	17	17	0	14	22	14	1	17	10	8	1	15	17	15	0	20
chr10	45707889	45708080	192	5	0	192	136	56	29	8	5	14	11	2	6	5	6	2	1	5	10	5	9	18	8	4	0	5	4	1	0	6	6	3	0	3	6	2	0	6
chr10	45708081	45708144	64	6	0	64	44	20	6	2	5	2	2	2	2	2	4	0	0	3	3	2	1	7	1	0	0	5	3	1	0	0	2	0	0	0	2	3	0	2
chr10	45708145	45708193	49	5	0	49	30	19	5	3	2	3	5	1	1	0	1	1	3	0	2	1	0	1	3	2	0	1	1	1	0	4	0	0	0	0	3	2	0	1
chr10	45708194	45708246	53	6	0	53	37	16	7	2	2	3	1	2	2	1	3	1	1	2	3	1	2	2	3	1	0	2	1	0	0	1	0	0	0	0	2	1	0	5
chr10	45708247	45708348	102	5	0	102	44	58	1	2	0	3	3	3	7	2	1	1	5	5	1	3	6	0	2	3	2	2	4	1	2	10	4	11	0	3	5	3	2	3
chr10	45708349	45708411	63	6	0	63	33	30	4	2	0	3	2	4	2	0	1	2	2	0	2	3	4	1	4	3	1	3	2	2	2	2	2	2	1	1	1	1	0	2
chr10	45708412	45708550	139	5	0	139	79	60	23	4	6	2	7	6	6	1	5	3	8	3	0	2	2	0	1	7	0	7	6	3	2	3	7	1	1	1	6	3	0	11
chr10	45708551	45708825	275	6	0	275	170	105	20	12	12	12	10	5	11	8	14	4	7	7	12	7	12	15	11	7	3	7	5	5	2	11	7	4	0	9	11	7	1	15
chr10	45708826	45708885	60	5	0	60	39	21	7	3	4	4	4	2	1	0	3	0	2	2	5	1	0	0	2	1	0	3	1	0	0	2	2	0	2	0	2	2	1	2
chr10	45708886	45709023	138	6	0	138	80	58	10	5	7	2	2	4	11	4	4	7	5	2	7	1	2	6	8	3	0	6	3	1	0	8	2	3	0	5	8	4	0	6
chr10	45709024	45709092	69	5	0	69	26	43	0	0	1	0	0	6	6	0	0	1	5	2	1	1	2	0	4	3	0	1	3	3	0	8	4	3	2	3	1	4	0	3
chr10	45709093	45709190	98	6	0	98	58	40	10	1	3	8	2	2	6	3	7	1	2	1	3	2	2	4	3	2	0	1	3	4	0	5	3	3	1	3	4	3	1	3
chr10	45709191	45710304	1114	5	0	1114	640	474	110	24	38	58	35	27	49	27	36	26	42	27	48	24	32	36	35	28	7	30	38	33	15	46	27	36	13	34	38	35	7	51
chr10	45710305	45710519	215	6	0	215	119	96	16	9	9	7	7	9	6	9	11	4	9	4	7	2	6	3	13	4	1	6	7	11	3	9	7	4	0	3	4	11	0	12
chr10	45710520	45710783	264	5	0	264	161	103	21	8	17	10	11	8	9	10	10	8	8	5	13	7	5	9	12	4	1	14	7	7	0	10	6	4	1	5	13	9	0	10
chr10	45710784	45710863	80	6	0	80	40	40	5	1	5	1	4	4	1	3	2	1	4	1	1	4	2	1	4	3	0	3	4	4	0	4	1	5	0	2	3	2	0	3
chr10	45710864	45710974	111	5	0	111	53	58	3	5	6	2	8	4	3	8	5	4	2	2	0	0	0	0	5	5	1	2	11	3	1	6	2	6	0	2	5	6	0	2
chr10	45710975	45711167	193	6	0	193	78	115	0	0	4	0	2	8	16	7	2	9	16	1	1	5	4	2	10	6	0	6	9	16	2	11	3	11	0	12	11	6	0	11
chr10	45711168	45711243	76	5	0	76	45	31	6	6	2	0	3	1	2	1	1	1	3	1	4	3	7	4	2	2	0	7	2	1	1	2	0	3	0	3	2	0	2	2
chr10	45711244	45711300	57	6	0	57	37	20	3	5	2	3	4	1	2	2	3	1	2	1	3	2	1	2	3	1	1	4	1	0	0	0	1	0	0	1	3	0	1	2
chr10	45711301	45711468	168	5	0	168	101	67	9	3	10	9	8	7	6	6	4	5	2	3	10	8	3	7	11	4	0	8	9	5	0	5	4	3	0	3	3	7	0	4
chr10	45711469	45711554	86	6	0	86	40	46	3	2	2	1	1	7	7	1	3	2	2	0	1	2	3	2	6	3	3	1	4	1	0	6	5	2	1	6	1	5	0	1
chr10	45711555	45711607	53	5	0	53	29	24	2	0	2	2	1	4	2	1	4	0	5	2	0	1	0	1	4	0	0	1	0	0	0	3	0	2	1	1	4	1	3	4
chr10	45711608	45711663	56	6	0	56	23	33	1	1	2	2	1	2	5	1	3	1	2	1	0	0	0	0	1	2	0	1	3	4	2	2	4	3	0	3	1	3	0	3
chr10	45711664	45711688	25	5	0	25	9	16	0	0	0	0	0	5	2	0	0	1	1	0	0	0	0	0	3	3	0	0	1	1	0	2	2	0	0	0	1	0	1	0
chr10	45711689	45711755	67	6	0	67	30	37	1	2	2	0	1	2	3	6	1	3	3	3	1	0	0	1	2	3	1	1	3	6	1	3	2	2	0	2	5	3	0	2
chr10	45711756	45711847	92	5	0	92	56	36	6	2	5	7	7	2	1	3	3	3	2	1	4	4	2	3	3	2	2	4	3	1	0	4	2	4	1	1	5	1	1	1
chr10	45711848	45711962	115	6	0	115	63	52	5	6	6	1	5	4	4	10	6	2	2	1	2	3	3	1	8	3	0	4	7	3	0	4	4	4	0	4	4	4	0	3
chr10	45711963	45712153	191	5	0	191	107	84	15	5	8	9	3	4	9	3	9	5	8	5	10	5	6	3	4	10	1	2	7	6	1	14	2	5	0	3	6	7	2	12
chr10	45712154	45712216	63	6	0	63	30	33	0	2	1	0	1	1	6	3	1	4	2	2	1	1	3	1	4	2	0	2	4	1	0	1	2	3	0	4	1	0	2	6
chr10	45712217	45712226	10	5	0	10	6	4	0	0	1	1	0	1	0	0	0	0	0	0	2	0	0	0	0	0	0	0	1	0	0	0	0	1	0	1	0	0	0	0
chr10	45712227	45712321	95	6	0	95	52	43	2	3	3	2	1	6	2	9	4	2	6	2	3	1	4	1	3	4	0	5	4	1	0	3	3	1	0	4	8	3	0	3
chr10	45712322	45712509	188	5	0	188	117	71	23	4	6	12	8	4	7	5	6	4	10	4	8	5	2	9	5	2	3	7	6	5	0	4	5	3	1	4	7	5	2	10
chr10	45712510	45712570	61	6	0	61	30	31	0	3	2	2	3	2	2	1	4	0	4	4	0	0	1	1	0	2	0	2	0	2	3	3	3	2	0	1	5	2	1	4
chr10	45712571	45713112	542	5	0	542	315	227	49	18	23	22	17	11	26	14	19	13	23	12	27	12	13	16	15	19	3	17	20	14	3	25	13	12	2	15	20	16	4	27
chr10	45713113	45713238	126	6	0	126	61	65	2	2	2	2	4	6	12	8	2	9	5	3	0	1	0	3	13	3	0	1	5	4	0	5	8	2	0	4	4	5	0	9
chr10	45713239	45713324	86	5	0	86	38	48	2	2	2	1	0	1	7	6	4	5	2	1	1	1	2	0	3	4	0	1	3	5	1	8	2	6	0	2	6	2	1	3
chr10	45713325	45713383	59	6	0	59	30	29	3	1	3	0	1	1	7	0	2	4	2	0	0	3	1	0	4	2	0	3	1	1	0	4	2	0	0	4	3	3	0	2
chr10	45713384	45713850	467	5	0	467	267	200	35	12	15	22	16	17	25	16	16	10	14	12	16	8	16	16	14	16	1	16	24	13	0	15	16	12	1	19	20	11	2	19
chr10	45713851	45713918	68	6	0	68	41	27	8	2	2	2	1	4	5	1	4	0	3	4	1	2	0	1	4	1	0	4	2	1	0	2	0	1	0	1	5	2	0	3
chr10	45713919	45713950	32	5	0	32	21	11	1	1	2	1	2	1	1	0	0	0	1	3	2	0	3	1	0	0	0	2	0	0	0	0	1	0	0	3	3	0	0	2
chr10	45713951	45714114	164	6	0	164	83	81	6	7	8	3	11	10	9	3	6	4	3	4	1	4	1	2	9	8	2	6	9	5	0	8	9	5	0	2	6	5	0	6
chr10	45714115	45714331	217	5	0	217	139	78	35	6	7	14	13	7	7	8	7	7	4	6	7	3	4	4	12	5	2	3	6	3	0	6	9	2	1	3	8	5	1	10
chr10	45714332	45714383	52	6	0	52	25	27	4	1	1	1	1	0	5	2	0	3	0	0	1	1	1	3	0	3	0	2	4	6	0	2	3	1	0	2	0	2	0	1
chr10	45714384	45714638	255	5	0	255	130	125	9	7	4	10	12	6	14	10	3	4	15	6	6	4	8	10	10	6	1	6	7	8	2	17	17	8	4	11	8	12	1	7
chr10	45714639	45715062	424	6	0	424	275	149	30	23	15	27	21	10	17	18	25	7	5	11	19	10	15	22	25	6	2	17	13	9	0	6	12	4	0	6	16	9	0	22
chr10	45715063	45715184	122	5	0	122	67	55	10	2	5	6	2	1	8	4	5	3	7	4	6	1	0	2	1	2	1	3	1	3	2	6	8	1	2	5	5	7	1	6
chr10	45715185	45715234	50	6	0	50	26	24	4	1	5	0	1	1	2	1	5	0	1	3	0	1	1	0	1	0	1	0	2	0	1	1	1	3	1	3	1	1	1	5
chr10	45715235	45719515	4281	5	0	4281	2468	1813	353	127	187	179	150	134	194	145	186	89	136	113	157	100	111	106	167	103	31	149	162	108	33	154	125	88	19	149	169	158	21	176
chr10	45719516	45719747	232	6	0	232	149	83	23	11	9	16	9	10	8	5	13	4	5	6	12	2	7	7	13	3	5	6	4	2	1	9	6	4	0	2	9	7	0	12
chr10	45719748	45719858	111	5	0	111	52	59	4	2	4	1	4	6	6	4	2	4	6	2	1	0	4	1	5	2	1	4	4	6	0	7	5	2	0	7	6	7	1	1
chr10	45719859	45719934	76	6	0	76	27	49	1	1	3	1	3	3	4	1	2	3	4	0	0	0	0	0	1	3	1	2	6	9	1	4	1	6	1	4	2	2	3	2
chr10	45719935	45720110	176	5	0	176	100	76	10	8	8	8	8	4	7	5	9	7	6	4	7	1	3	5	5	3	3	8	4	3	3	5	8	3	1	2	7	6	4	9
chr10	45720111	45720245	135	6	0	135	63	72	3	0	4	4	3	5	11	5	4	7	8	3	1	1	4	0	5	2	0	6	7	5	1	5	7	6	1	4	5	4	0	12
chr10	45720255	45720317	63	6	0	63	31	32	2	2	4	4	4	1	2	2	5	1	0	1	1	0	0	1	2	2	0	0	5	8	0	3	1	2	0	0	1	4	0	3
chr10	45720318	45720448	131	5	0	131	81	50	10	3	5	8	3	3	6	5	7	4	1	3	6	2	8	6	8	1	0	3	4	2	0	7	3	3	0	2	2	6	0	8
chr10	45720449	45720556	108	6	0	108	66	42	10	1	5	8	5	4	3	4	3	1	3	5	4	3	2	3	6	2	0	1	5	4	0	4	3	2	0	3	2	5	0	5
chr10	45720557	45720843	287	5	0	287	137	150	12	8	8	8	13	10	14	9	5	3	12	9	7	7	6	4	8	10	0	10	18	11	6	12	11	16	8	11	10	10	2	7
chr10	45720844	45720947	104	6	0	104	60	44	8	2	6	5	2	0	6	8	6	3	2	0	5	5	1	1	6	1	0	3	4	3	0	2	3	3	1	5	3	3	0	5
chr10	45720948	45721040	93	5	0	93	49	44	6	2	8	3	3	2	1	0	9	3	7	0	2	0	1	1	2	1	1	3	1	2	3	7	0	3	0	1	3	7	3	6
chr10	45721041	45721115	75	6	0	75	44	31	4	4	5	1	2	1	4	0	4	1	4	0	4	5	2	3	2	1	0	6	0	2	0	5	1	1	0	2	4	3	0	2
chr10	45721116	45721331	216	5	0	216	116	100	7	6	12	5	6	7	14	10	10	4	10	7	7	3	2	6	10	2	2	6	5	7	0	9	12	7	0	8	10	5	0	15
chr10	45721332	45721437	106	6	0	106	69	37	4	5	3	7	2	2	4	4	8	0	3	0	6	2	5	13	3	1	2	3	4	1	0	2	3	2	0	5	2	3	0	5
chr10	45721444	45721555	112	6	0	112	71	41	10	5	5	4	2	4	3	6	4	1	2	2	8	6	2	6	9	3	2	2	3	4	0	4	0	0	0	3	3	4	0	3
chr10	45721556	45721600	45	5	0	45	37	8	3	0	0	8	2	1	0	2	0	0	0	0	6	3	3	8	3	0	0	2	0	0	0	0	1	0	0	1	0	0	0	0
chr10	45721601	45721661	61	6	0	61	33	28	5	0	3	4	1	2	3	0	2	0	2	1	4	3	2	1	0	1	0	2	2	2	1	3	3	4	1	2	1	1	0	3
chr10	45721666	45721901	236	6	0	236	121	115	16	8	10	5	12	6	8	7	8	4	10	7	3	8	6	3	11	2	4	8	6	11	5	7	8	8	4	10	8	7	5	9
chr10	45721902	45722107	206	5	0	206	136	70	24	6	13	12	5	2	4	9	9	5	8	2	17	5	3	11	5	5	0	8	5	6	0	8	3	1	0	4	8	8	0	8
chr10	45722108	45722210	103	6	0	103	67	36	7	1	5	7	6	3	3	7	4	3	3	5	3	3	0	5	5	1	0	4	4	0	0	1	3	2	0	1	7	2	0	6
chr10	45722211	45722293	83	5	0	83	61	22	17	2	3	6	5	1	0	6	2	3	2	2	4	3	1	4	4	2	0	3	1	0	0	0	2	0	0	0	5	0	0	3
chr10	45722294	45722361	68	6	0	68	41	27	2	1	5	3	4	1	3	1	3	2	1	2	1	3	4	4	3	1	0	3	1	0	0	4	2	2	0	2	3	2	0	3
chr10	45722362	45722433	72	5	0	72	38	34	3	0	4	0	2	5	3	4	2	2	7	4	0	0	0	0	3	1	0	3	1	0	0	5	1	1	0	2	9	4	0	4
chr10	45722434	45722496	63	6	0	63	45	18	4	2	4	4	1	1	1	0	2	0	2	1	7	4	6	5	1	1	0	5	1	0	0	0	1	0	0	3	0	0	0	5
chr10	45722497	45723052	556	5	0	556	347	209	57	14	18	39	23	15	23	13	12	2	16	20	36	14	14	30	17	12	2	15	21	8	2	21	19	21	3	17	17	10	5	18
chr10	45723053	45723107	55	6	0	55	39	16	4	2	5	2	0	0	2	0	1	1	1	0	8	6	3	3	1	2	0	5	0	0	0	2	0	0	0	2	1	0	0	2
chr10	45723108	45723388	281	5	0	281	174	107	32	7	15	10	11	4	9	11	10	3	10	7	10	13	7	14	10	5	3	9	10	5	1	7	9	5	3	9	5	8	1	16
chr10	45723389	45723539	151	6	0	151	98	53	12	9	6	7	8	6	7	5	3	0	2	3	11	6	6	5	9	3	0	9	2	0	0	4	9	2	0	7	6	1	0	1
chr10	45723540	45740762	17223	5	0	17223	9679	7544	1363	472	616	788	631	553	761	484	558	352	649	435	687	386	404	539	607	449	126	581	695	504	203	633	494	541	177	540	634	541	142	676
chr10	45740763	45740807	45	6	0	45	21	24	0	2	1	0	3	3	1	1	0	2	3	0	0	0	3	1	3	1	0	2	2	1	0	3	1	2	0	3	3	2	0	0
chr10	45740808	45741483	676	5	0	676	345	331	47	16	24	20	27	38	39	13	23	16	30	12	10	12	9	7	32	21	3	27	39	22	5	26	22	26	5	21	24	23	7	28
chr10	45741484	45741526	43	6	0	43	25	18	5	1	3	1	3	2	0	0	1	0	2	1	0	3	1	0	3	1	0	2	2	2	0	3	0	0	0	0	0	4	0	1
chr10	45741527	45754169	12643	5	0	12643	7355	5288	1057	375	500	557	468	399	512	429	462	238	454	295	502	305	314	487	503	319	78	417	482	326	96	461	365	333	85	373	459	388	73	529
chr10	45754170	45754201	32	6	0	32	12	20	0	0	0	0	0	1	4	2	0	2	2	0	0	0	0	0	2	1	0	0	0	1	1	2	4	1	0	3	2	1	0	1
chr10	45754202	45756800	2599	5	0	2599	1516	1083	199	61	131	113	85	82	107	105	126	55	78	81	94	61	78	59	106	55	15	83	93	56	19	93	67	56	2	97	113	93	12	122
chr10	45756801	45756833	33	6	0	33	21	12	1	3	1	0	1	0	4	0	3	1	0	1	0	1	2	1	2	0	0	3	0	0	0	0	1	0	0	1	2	0	0	3
chr10	45756834	45757761	928	5	0	928	578	350	78	37	41	52	43	22	34	33	48	14	19	31	39	18	25	44	35	12	8	36	27	22	5	23	38	14	3	14	32	29	4	46
chr10	45757762	45757795	34	6	0	34	18	16	1	2	1	1	2	2	1	2	2	0	0	0	0	0	2	1	2	0	1	1	0	0	0	2	4	1	1	1	1	1	0	0
chr10	45757796	45777051	19256	5	0	19256	10862	8394	1386	568	796	730	676	636	884	641	723	425	741	492	695	403	465	599	772	486	127	647	717	529	144	786	586	538	101	579	763	623	122	874
chr10	45777052	45783834	6783	6	0	6783	4069	2714	532	193	304	329	280	206	271	262	260	133	177	215	285	177	185	258	285	161	27	236	272	139	24	233	195	158	19	180	267	210	20	288
chr10	45783835	45783872	38	6	0	38	30	8	4	3	1	3	3	0	0	2	0	0	0	2	5	1	0	4	1	2	0	1	2	0	0	0	0	0	0	0	2	0	0	0
chr10	45783873	45788337	4465	6	0	4465	2561	1904	311	134	194	163	158	159	217	153	194	87	153	115	139	90	94	199	208	91	24	146	163	119	22	165	152	102	20	142	165	157	22	205
chr10	45788338	45788378	41	6	0	41	29	12	4	2	2	5	4	1	1	1	4	1	0	0	1	0	0	1	2	1	0	1	0	0	0	1	1	0	0	1	4	0	0	1
chr10	45788379	45788507	129	6	0	129	74	55	9	5	5	7	4	2	3	2	8	2	5	3	5	4	6	2	5	4	2	2	3	8	2	5	0	2	1	3	3	4	1	10
chr10	45788508	45788549	42	6	0	42	17	25	0	2	1	0	3	2	0	0	0	1	4	0	0	2	2	0	2	2	0	1	1	6	0	4	0	2	0	0	2	1	0	2
chr10	45788552	45788630	79	6	0	79	45	34	8	7	2	0	3	2	7	3	7	0	1	1	0	1	1	0	4	1	0	5	3	1	0	3	3	3	0	2	5	2	0	2
chr10	45788631	45789187	557	6	0	557	286	271	27	8	25	20	18	14	30	19	17	19	25	14	17	7	12	12	14	12	6	16	27	17	7	23	19	22	8	25	21	23	3	28
chr10	45789188	45789215	28	6	0	28	13	15	3	0	0	0	0	2	2	0	1	1	1	2	0	0	0	0	0	0	1	2	2	1	1	0	1	1	0	0	1	3	0	1
chr10	45789216	45789642	427	6	0	427	252	175	28	14	23	16	19	10	17	13	12	9	15	17	22	7	13	16	15	11	3	11	17	8	0	16	13	10	2	15	14	12	1	26
chr10	45789643	45789686	44	6	0	44	30	14	6	4	1	2	4	1	1	3	2	0	0	1	1	1	2	0	4	1	0	1	1	0	0	0	2	0	0	0	2	0	0	2
chr10	45789687	45789770	84	6	0	84	60	24	13	3	2	5	4	0	3	4	3	0	1	5	3	3	3	7	2	1	0	3	4	0	0	0	0	3	0	1	4	0	0	5
chr10	45789772	45789800	29	6	0	29	13	16	0	0	1	1	0	1	2	2	1	0	1	1	1	1	0	0	1	0	0	1	2	1	0	1	2	2	0	2	1	1	1	0
chr10	45789801	45790158	358	6	0	358	181	177	11	8	12	11	11	15	26	13	9	9	17	5	11	8	8	7	12	11	0	16	19	13	0	16	20	12	0	16	13	12	0	15
chr10	45790159	45790184	26	6	0	26	9	17	1	0	0	1	1	1	0	2	0	0	2	1	0	0	0	0	0	1	0	0	0	2	3	0	2	2	1	1	2	0	0	1
chr10	45790185	45790247	63	6	0	63	22	41	0	0	1	0	1	3	6	1	0	1	4	3	0	1	1	0	1	1	0	3	4	5	1	2	6	5	1	2	0	1	2	5
chr10	45790248	45790328	81	6	0	81	51	30	10	5	2	7	7	4	1	3	3	1	1	1	4	0	1	1	5	1	3	1	4	1	0	1	2	2	0	2	3	2	0	1
chr10	45790329	45791156	828	6	0	828	492	336	60	25	42	32	36	27	28	28	32	18	28	29	32	20	23	31	29	28	4	29	31	17	3	32	19	15	3	19	40	23	2	41
chr10	45791157	45791276	120	6	0	120	51	69	1	1	3	1	2	7	10	3	2	5	6	1	2	1	4	1	6	3	2	3	8	7	2	3	7	4	0	9	1	5	0	8
chr10	45791277	45791363	87	6	0	87	65	22	10	1	3	11	3	0	2	7	6	0	1	1	7	5	1	5	4	0	0	2	0	1	0	1	5	0	0	1	4	1	0	3
chr10	45791364	45791403	40	6	0	40	26	14	2	3	1	2	1	1	1	0	1	0	1	0	3	3	3	2	1	3	0	3	1	2	0	2	0	0	0	0	1	0	0	1
chr10	45791404	45791500	97	6	0	97	69	28	9	1	4	6	2	5	3	2	4	1	0	3	5	5	1	17	8	2	0	2	1	2	0	3	1	0	0	0	3	2	0	3
chr10	45791501	45791619	119	6	0	119	72	47	9	3	6	5	3	3	6	4	4	4	3	4	7	3	3	3	6	0	3	4	1	0	1	3	5	3	1	3	4	2	3	8
chr10	45791620	45791694	75	6	0	75	53	22	8	3	3	4	3	3	2	5	2	1	0	0	6	6	1	5	9	3	0	1	2	0	0	1	1	0	0	1	0	0	0	3
chr10	45791695	45791789	95	6	0	95	63	32	8	5	3	6	3	2	3	4	1	2	1	3	10	4	5	3	3	4	0	5	4	2	0	1	1	0	0	3	4	1	0	2
chr10	45791790	45792236	447	6	0	447	262	185	37	14	21	17	16	17	17	16	17	8	15	11	19	14	9	14	21	15	4	12	15	13	1	16	17	5	2	12	13	12	3	22
chr10	45792237	45792275	39	6	0	39	28	11	9	1	4	0	0	0	0	2	4	1	1	2	1	0	1	0	2	0	0	0	1	0	0	0	0	0	0	0	1	1	0	6
chr10	45792276	45792784	509	6	0	509	301	208	40	22	20	18	25	16	22	21	13	5	8	19	22	15	15	20	26	18	0	14	24	13	2	15	17	14	1	17	17	9	1	18
chr10	45792785	45792809	25	6	0	25	13	12	2	0	3	0	1	0	1	0	3	0	1	0	0	0	0	0	0	0	0	0	1	3	0	1	1	1	0	0	0	1	0	4
chr10	45792810	45793228	419	6	0	419	234	185	20	11	14	19	16	12	21	19	15	9	20	9	13	7	11	17	17	7	0	15	14	15	2	15	19	12	0	15	19	13	0	21
chr10	45793229	45793255	27	6	0	27	19	8	3	1	1	2	0	0	2	2	3	0	0	1	1	0	0	1	3	0	0	0	0	0	0	1	0	0	0	0	1	1	0	2
chr10	45793256	45793792	537	6	0	537	257	280	14	9	22	12	21	20	35	11	13	20	19	16	9	12	13	10	20	18	5	18	28	17	5	27	22	22	7	22	17	20	9	22
chr10	45793793	45793835	43	6	0	43	25	18	1	3	0	1	1	0	2	1	0	2	0	3	3	1	4	2	2	1	1	2	0	0	1	1	1	1	1	1	1	1	1	2
chr10	45793836	45794041	206	6	0	206	107	99	19	6	2	5	4	8	9	9	6	4	12	8	3	3	4	4	7	6	3	6	6	5	6	7	5	7	4	6	12	7	3	8
chr10	45794042	45794073	32	6	0	32	9	23	0	0	0	0	0	2	3	0	0	1	0	0	0	1	1	0	1	1	1	1	3	3	0	1	1	3	3	3	0	1	0	0
chr10	45794074	45794435	362	6	0	362	212	150	34	11	16	15	13	8	16	13	14	3	11	14	15	10	11	8	13	7	3	9	14	7	1	13	10	11	4	14	13	11	0	18
chr10	45794436	45794469	34	6	0	34	25	9	7	0	1	4	2	1	0	0	2	1	0	1	2	0	1	1	1	1	0	0	2	1	0	0	0	0	0	0	1	1	0	2
chr10	45794470	45794891	422	6	0	422	244	178	53	8	19	19	14	12	21	11	16	6	15	6	16	8	10	8	15	12	0	7	20	13	0	22	13	16	0	17	10	14	0	19
chr10	45794900	45794911	12	6	0	12	6	6	0	1	1	0	0	0	1	0	1	0	1	0	0	0	0	0	1	0	0	0	0	0	0	0	0	0	0	2	0	0	1	1
chr10	45794912	45794948	37	6	0	37	23	14	3	0	3	2	1	0	0	5	2	1	0	3	2	0	0	0	0	0	0	1	3	1	0	0	1	1	0	0	2	2	0	2
chr10	45794949	45795018	70	6	0	70	38	32	3	0	4	2	2	4	2	7	3	2	3	2	1	1	1	1	3	2	0	2	4	1	0	1	2	0	0	5	6	2	0	2
chr10	45795019	45795045	27	6	0	27	15	12	2	1	1	1	0	0	2	2	1	1	0	0	2	1	0	1	0	1	1	1	2	1	0	0	0	0	0	2	1	1	0	0
chr10	45795046	45795371	326	6	0	326	185	141	17	11	14	16	11	4	16	13	17	7	11	7	12	5	11	12	5	11	2	9	17	9	2	12	11	5	0	15	11	15	0	16
chr10	45795372	45795477	106	6	0	106	61	45	5	5	4	5	3	4	5	2	7	1	2	3	3	1	4	6	5	3	0	3	5	5	0	6	1	2	0	1	3	5	0	5
chr10	45795478	45795545	68	6	0	68	40	28	4	1	2	2	2	3	5	5	2	6	1	0	1	0	3	2	5	1	0	4	0	0	0	2	5	0	0	1	5	1	0	3
chr10	45795546	45795594	49	6	0	49	22	27	0	1	1	0	1	4	3	0	1	0	1	1	0	6	1	1	5	2	2	2	1	2	1	2	2	1	0	3	0	1	2	0
chr10	45795595	45795984	390	6	0	390	253	137	29	10	21	25	16	7	11	17	13	6	10	9	27	13	12	26	12	9	1	14	8	8	1	11	17	3	0	14	14	8	2	14
chr10	45795985	45796010	26	6	0	26	22	4	3	1	0	3	0	1	0	1	0	0	1	0	4	1	1	4	1	0	0	2	0	0	0	0	0	0	0	0	1	0	0	0
chr10	45796011	45796159	149	6	0	149	86	63	8	8	4	5	8	4	4	12	6	2	5	7	3	2	1	6	9	1	2	4	9	4	0	4	4	2	0	3	6	10	0	4
chr10	45796160	45796207	48	6	0	48	23	25	2	2	0	2	3	3	1	3	1	1	2	1	0	0	2	0	3	2	0	1	4	4	0	2	0	2	0	0	3	1	0	1
chr10	45796208	45796343	136	6	0	136	66	70	4	5	3	3	3	9	4	9	5	2	8	6	3	1	0	0	5	7	1	3	9	8	3	4	2	4	0	2	10	5	0	6
chr10	45796344	45796406	63	6	0	63	25	38	0	0	0	1	0	3	5	1	0	2	6	4	1	1	0	0	1	3	1	1	3	1	2	5	2	3	1	2	3	4	2	3
chr10	45796407	45796890	484	6	0	484	268	216	29	23	12	15	23	14	24	14	11	8	29	9	16	13	13	14	28	13	5	12	20	10	1	22	14	15	1	16	12	15	3	28
chr10	45796891	45796940	50	6	0	50	33	17	2	1	2	4	2	1	2	0	2	1	1	2	3	2	2	4	2	3	0	0	0	0	0	4	1	0	0	1	3	1	0	2
chr10	45796941	45797043	103	6	0	103	65	38	8	4	5	3	4	5	4	3	4	0	3	4	4	4	4	4	6	3	0	4	2	1	0	3	4	0	0	4	4	2	0	5
chr10	45797044	45797174	131	6	0	131	58	73	4	2	2	4	2	7	7	4	2	4	7	6	3	1	2	0	5	6	1	2	6	6	4	8	3	6	2	5	6	6	3	3
chr10	45797175	45797256	82	6	0	82	42	40	7	0	0	5	0	3	7	1	2	1	3	0	4	1	3	4	1	2	1	1	5	1	0	7	3	7	1	4	2	3	0	1
chr10	45797257	45797312	56	6	0	56	24	32	0	1	1	0	1	3	4	3	1	1	5	2	0	0	0	0	0	1	0	5	3	1	1	2	5	2	1	2	3	3	2	1
chr10	45797313	45797505	193	6	0	193	124	69	19	4	6	12	8	9	5	6	4	4	5	3	10	7	6	15	11	8	0	5	5	5	0	6	5	1	1	5	8	2	1	5
chr10	45797506	45797550	45	6	0	45	26	19	0	1	2	1	2	0	4	0	1	1	3	1	1	2	2	3	2	0	0	2	0	0	0	1	3	0	0	5	1	1	0	4
chr10	45797551	45797621	71	6	0	71	39	32	0	2	3	1	2	2	5	4	3	0	4	6	1	2	2	1	2	3	0	1	1	0	0	3	6	0	0	2	4	1	0	8
chr10	45797622	45797805	184	6	0	184	111	73	11	3	6	12	4	4	4	12	8	4	7	5	9	3	7	11	6	2	2	4	4	6	2	6	5	4	2	5	8	6	0	10
chr10	45797806	45797921	116	6	0	116	66	50	7	6	2	6	6	4	8	5	4	3	3	2	4	4	1	1	8	1	2	6	5	4	0	1	3	1	0	5	6	4	0	2
chr10	45797922	45798238	317	6	0	317	197	120	25	11	16	16	17	9	10	17	17	4	5	7	9	16	3	14	20	8	2	10	14	4	3	4	10	3	0	8	10	10	1	12
chr10	45798239	45798598	360	6	0	360	218	142	23	9	11	20	11	20	12	16	16	3	11	10	13	19	9	14	23	9	4	15	11	7	3	11	8	6	0	4	17	9	1	13
chr10	45798599	45798753	155	6	0	155	98	57	16	7	7	10	7	1	4	9	12	2	6	1	5	1	6	4	3	2	0	6	1	1	0	7	8	2	0	4	9	5	1	6
chr10	45798754	45799137	384	6	0	384	230	154	36	13	15	20	17	10	11	18	12	6	11	13	19	4	12	11	12	7	1	13	14	11	3	13	9	15	2	12	21	8	2	11
chr10	45799138	45799314	177	6	0	177	82	95	5	4	4	3	6	7	14	5	4	2	9	5	2	6	3	1	4	6	2	7	10	5	0	10	12	7	3	8	6	7	3	5
chr10	45799315	45799386	72	6	0	72	48	24	7	4	2	6	6	1	0	4	3	4	0	0	2	0	4	4	5	3	0	1	3	3	0	1	0	0	0	0	3	0	0	4
chr10	45799390	45799580	191	6	0	191	120	71	21	4	7	11	8	4	5	12	5	2	8	11	8	5	2	5	5	4	0	6	11	3	0	6	4	4	0	2	9	9	0	8
chr10	45799581	45799848	268	6	0	268	170	98	22	9	12	11	8	9	10	11	12	2	6	9	11	10	8	19	11	6	1	12	8	4	0	10	6	5	1	4	13	7	0	9
chr10	45799849	45799898	50	6	0	50	34	16	3	1	2	1	0	1	3	3	1	2	2	4	3	1	2	4	5	0	0	1	0	0	0	0	0	0	0	0	2	0	0	7
chr10	45799899	45800121	223	6	0	223	149	74	23	4	9	18	10	7	4	14	11	5	2	10	10	7	2	11	11	5	2	5	7	6	0	6	3	0	0	1	14	8	0	6
chr10	45800122	45800194	73	6	0	73	46	27	5	6	2	3	1	1	1	1	3	0	2	2	6	1	3	8	0	4	3	0	2	3	1	4	0	0	0	2	2	3	0	2
chr10	45800195	45800355	161	6	0	161	87	74	5	2	11	8	5	5	7	4	9	4	4	3	7	3	5	5	4	4	1	5	7	5	0	10	5	7	1	3	5	7	0	8
chr10	45800356	45800462	107	6	0	107	50	57	8	3	1	3	4	7	5	0	2	3	4	3	1	2	2	1	2	8	2	3	9	3	2	6	1	6	2	1	4	3	2	2
chr10	45800463	45800732	270	6	0	270	158	112	22	6	13	12	9	6	9	7	8	3	13	8	14	5	7	15	6	4	0	10	12	10	0	10	7	8	4	8	6	10	2	14
chr10	45800733	45800795	63	6	0	63	42	21	3	5	1	3	4	3	5	0	2	0	0	3	2	3	1	6	6	0	1	4	0	0	0	0	3	0	0	1	3	0	0	2
chr10	45800796	45801054	259	6	0	259	186	73	28	6	9	29	13	3	6	6	8	4	6	8	23	11	11	15	11	1	2	10	5	2	0	4	5	0	0	5	6	8	0	12
chr10	45801055	45801159	105	6	0	105	67	38	9	2	5	11	7	2	1	3	7	2	4	1	4	2	3	3	3	0	1	4	5	1	0	3	2	3	0	1	3	5	1	5
chr10	45801160	45801458	299	6	0	299	203	96	31	9	12	23	15	6	7	9	12	5	4	9	17	12	13	18	14	8	0	10	10	3	0	7	6	1	1	6	7	8	1	13
chr10	45801459	45801639	181	6	0	181	122	59	24	6	12	9	12	4	1	5	6	5	3	5	7	4	6	11	6	2	2	9	7	2	1	1	2	5	0	3	7	2	1	9
chr10	45801640	45801771	132	6	0	132	98	34	19	2	1	16	7	2	0	10	4	1	4	4	8	3	4	12	6	0	0	2	4	0	0	1	4	3	0	1	5	2	0	5
chr10	45801772	45801807	36	6	0	36	26	10	6	2	1	3	1	1	0	2	2	0	0	1	3	2	1	0	1	1	0	2	2	0	0	0	0	0	0	0	1	1	0	1
chr10	45801808	45802260	453	6	0	453	296	157	40	16	18	26	23	13	9	28	20	5	9	16	17	12	17	26	21	7	0	18	15	7	0	8	12	5	0	13	25	11	0	14
chr10	45802261	45802329	69	6	0	69	47	22	4	1	1	6	3	2	1	3	3	2	1	4	2	1	5	7	2	2	0	2	4	0	0	1	0	0	0	0	2	3	0	5
chr10	45802331	45802363	33	6	0	33	13	20	1	1	0	2	2	1	1	0	1	1	1	0	0	0	2	0	0	1	0	2	3	7	0	2	0	0	0	0	1	2	0	0
chr10	45802364	45802415	52	6	0	52	32	20	6	3	1	3	1	1	1	2	3	0	2	0	3	3	1	1	2	4	0	1	2	3	0	3	0	0	0	0	1	1	0	2
chr10	45802416	45802455	40	6	0	40	24	16	2	2	1	2	4	4	1	2	0	0	1	2	0	2	0	0	6	1	0	1	1	0	0	0	3	0	0	1	1	0	0	1
chr10	45802456	45802689	234	6	0	234	134	100	22	4	10	10	9	8	9	11	7	4	12	4	9	4	3	6	5	5	1	9	10	4	1	8	10	9	2	9	12	5	2	8
chr10	45802690	45802873	184	6	0	184	104	80	19	5	7	7	7	7	9	3	6	4	7	3	6	4	6	3	4	10	0	6	11	3	0	9	2	7	0	7	9	3	2	6
chr10	45802874	45803085	212	6	0	212	122	90	17	6	9	8	6	11	9	6	12	4	10	7	5	3	5	3	11	2	2	10	5	4	0	9	5	6	0	3	11	6	4	11
chr10	45803086	45803119	34	6	0	34	19	15	1	1	1	1	1	2	3	1	2	0	0	1	1	1	1	1	4	0	0	0	0	0	0	3	1	1	0	2	2	1	0	0
chr10	45803120	45803256	137	6	0	137	74	63	7	3	6	4	3	10	6	4	4	4	2	0	5	6	3	6	9	4	3	7	6	5	1	7	5	4	0	1	2	6	0	2
chr10	45803257	45803294	38	5	0	38	21	17	1	3	1	1	1	1	2	0	1	1	0	1	3	1	1	2	4	1	1	0	0	3	0	4	0	0	0	0	0	3	0	0
chr10	45803295	45803391	97	6	0	97	50	47	2	3	5	2	5	6	5	4	3	2	4	2	1	2	1	2	8	2	0	3	7	2	0	1	3	4	0	5	2	1	2	6
chr10	45803392	45803459	68	6	0	68	32	36	0	2	2	1	2	1	4	2	0	1	3	2	2	2	5	1	1	2	0	3	4	2	0	6	3	4	0	5	2	4	0	0
chr10	45803460	45803908	449	6	0	449	219	230	10	15	13	16	21	21	27	15	15	9	14	9	8	10	10	6	23	20	0	11	29	18	7	17	16	20	0	20	16	13	3	15
chr10	45803909	45803946	38	6	0	38	20	18	0	3	1	1	3	0	3	0	2	2	1	1	1	0	1	0	3	0	0	1	0	1	0	4	2	0	0	0	1	4	0	1
chr10	45803947	45804107	161	6	0	161	67	94	2	4	5	0	2	7	10	0	5	5	15	4	2	1	3	0	5	3	3	6	5	9	4	14	5	7	0	4	5	13	1	10
chr10	45804108	45804141	34	6	0	34	20	14	2	0	0	4	1	1	2	2	1	0	1	3	1	0	0	1	0	1	0	0	1	2	0	0	3	0	0	1	2	1	0	2
chr10	45804142	45804194	53	6	0	53	29	24	1	3	3	1	2	2	3	1	3	2	1	1	2	1	2	1	3	3	0	2	2	1	0	3	1	0	0	1	2	2	0	2
chr10	45804195	45804395	201	6	0	201	103	98	9	7	8	5	5	6	17	4	15	3	11	5	0	2	2	2	9	3	0	6	4	7	1	12	6	5	0	11	14	9	1	10
chr10	45804396	45804469	74	6	0	74	35	39	5	4	0	1	3	5	4	4	1	0	2	1	1	1	2	0	7	2	0	1	4	5	0	3	5	4	0	3	1	2	0	1
chr10	45804470	45804528	59	6	0	59	29	30	5	2	2	1	2	2	4	0	3	1	3	1	0	1	1	0	3	2	0	1	3	5	0	3	1	1	0	2	1	2	0	5
chr10	45804529	45804795	267	6	0	267	139	128	9	9	7	10	11	13	14	18	11	5	12	3	4	2	2	7	13	8	0	8	15	7	3	8	16	8	0	10	12	10	1	9
chr10	45804796	45804876	81	6	0	81	43	38	3	5	1	1	1	1	6	7	3	1	3	2	3	1	2	2	3	1	0	4	4	3	0	3	3	3	0	4	5	3	0	1
chr10	45804877	45804937	61	6	0	61	37	24	8	2	3	3	3	1	3	1	3	0	2	1	2	1	0	3	0	2	0	2	1	3	0	3	3	0	0	3	4	1	0	1
chr10	45804938	45805013	76	6	0	76	54	22	7	2	0	8	4	3	2	2	0	0	1	4	6	4	3	6	5	2	0	2	3	1	0	0	2	1	0	1	2	0	0	3
chr10	45805014	45805193	180	6	0	180	100	80	13	5	7	8	6	8	11	6	10	1	3	4	3	3	6	4	9	4	0	4	7	7	0	8	10	8	0	4	5	3	0	11
chr10	45805194	45805240	47	6	0	47	27	20	1	2	3	1	1	3	1	4	4	0	1	1	1	1	1	1	2	2	0	1	3	0	0	1	1	1	0	2	3	1	0	2
chr10	45805241	45805398	158	6	0	158	97	61	8	8	4	10	9	6	5	13	8	5	1	4	5	2	2	7	13	3	2	2	9	3	0	1	2	2	0	4	8	5	0	5
chr10	45805399	45805500	102	6	0	102	66	36	8	4	4	4	5	3	1	5	4	1	4	5	3	4	3	6	6	2	0	4	3	3	0	2	1	0	0	1	5	3	0	6
chr10	45805501	45805633	133	6	0	133	61	72	3	4	3	4	7	5	8	4	2	3	5	3	2	3	2	3	4	7	0	4	12	9	1	3	5	5	0	7	3	5	1	4
chr10	45805634	45805859	226	6	0	226	119	107	10	4	9	10	8	7	12	9	10	5	9	7	6	1	5	6	8	6	0	3	9	14	0	12	9	4	0	11	10	11	0	9
chr10	45805860	45805900	41	6	0	41	19	22	0	2	2	0	2	2	2	0	1	1	2	1	1	1	1	1	3	2	0	1	1	2	1	3	0	1	0	1	2	1	0	2
chr10	45805901	45806367	467	6	0	467	244	223	19	9	21	21	22	16	26	17	18	13	14	15	11	5	8	8	16	16	0	11	24	23	0	25	17	10	0	20	24	23	0	13
chr10	45806368	45806399	32	6	0	32	16	16	0	0	1	1	1	0	0	4	1	0	1	3	0	0	0	4	0	0	0	0	2	1	1	1	2	2	0	0	1	3	0	1
chr10	45806400	45806527	128	6	0	128	72	56	5	2	7	5	4	5	10	1	8	2	5	4	3	3	3	3	6	3	0	3	5	1	0	5	5	2	0	7	4	5	0	10
chr10	45806528	45806835	308	6	0	308	145	163	13	4	11	7	11	12	23	6	8	6	19	8	3	8	4	1	8	11	1	10	21	7	1	15	16	18	2	10	7	9	4	22
chr10	45806836	45807008	173	6	0	173	116	57	17	7	10	11	6	2	6	9	16	0	3	5	6	5	6	7	5	3	0	6	4	1	0	2	7	1	0	3	7	2	0	14
chr10	45807009	45807066	58	6	0	58	40	18	6	2	4	2	4	3	0	3	1	1	0	2	4	1	2	3	4	1	0	2	1	0	0	0	5	0	0	1	1	0	0	3
chr10	45807067	45807163	97	6	0	97	52	45	4	3	1	4	6	2	4	6	0	4	4	2	2	4	2	4	5	3	1	4	5	5	1	3	3	2	0	1	3	4	0	3
chr10	45807164	45807217	54	6	0	54	40	14	7	1	2	5	4	0	1	2	0	0	1	4	5	2	2	3	0	0	0	3	1	0	0	0	2	1	0	1	3	0	0	2
chr10	45807218	45807471	254	6	0	254	179	75	48	2	11	22	14	5	2	11	11	3	7	8	10	4	5	15	7	3	1	4	4	2	0	6	6	4	2	6	14	3	3	9
chr10	45807472	45807554	83	6	0	83	37	46	1	2	3	2	4	4	5	0	2	1	6	2	1	2	1	0	1	3	0	5	5	3	1	5	4	3	0	4	4	5	1	1
chr10	45807555	45808009	455	6	0	455	282	173	43	18	18	25	20	8	16	18	23	6	13	14	18	9	10	23	20	8	0	13	20	12	2	14	6	12	0	8	16	17	1	22
chr10	45808010	45808080	71	6	0	71	51	20	5	1	4	9	4	0	1	4	0	1	0	3	9	2	3	4	1	0	0	3	3	0	0	0	3	2	0	3	2	1	0	1
chr10	45808081	45808688	608	6	0	608	342	266	47	20	32	27	29	17	26	19	31	7	14	15	19	13	16	9	18	15	4	20	27	16	4	22	18	25	6	23	28	14	2	23
chr10	45808690	45809500	811	6	0	811	506	305	97	18	48	49	32	16	28	21	45	12	28	14	40	13	21	22	17	19	1	22	27	25	1	26	25	15	1	27	28	20	1	50
chr10	45809501	45812420	2920	6	0	2920	1644	1276	265	72	95	130	106	100	135	102	95	59	122	72	96	61	57	75	114	80	12	86	115	71	34	122	97	98	20	79	117	93	16	122
chr10	45812421	45813051	631	6	0	631	286	345	21	12	13	15	13	28	38	36	18	11	31	10	9	10	8	13	21	25	1	14	44	34	11	31	23	35	4	30	26	25	4	15
chr10	45813052	45814500	1449	6	0	1449	792	657	108	38	57	49	46	48	78	40	50	23	54	47	48	29	37	40	50	38	10	40	59	38	16	56	50	48	17	60	53	45	5	70
chr10	45814501	45815986	1486	6	0	1486	839	647	114	40	57	60	63	45	62	66	59	35	46	31	35	30	37	57	61	31	6	52	69	50	7	56	49	48	8	39	58	53	5	55
chr10	45815987	45818582	2596	6	0	2596	1323	1273	134	64	79	77	81	88	148	105	84	64	139	55	56	32	57	59	103	65	7	72	136	112	14	127	72	111	8	103	111	101	9	121
chr10	45818583	45818653	71	7	0	71	32	39	0	0	1	3	0	4	6	3	4	2	2	1	0	2	0	3	2	5	0	1	7	3	0	4	1	3	0	3	3	3	2	1
chr10	45818654	45818972	319	6	0	319	150	169	6	7	10	6	5	16	21	8	14	9	22	9	4	1	8	3	14	10	0	9	18	17	1	19	6	9	0	11	12	19	1	22
chr10	45818973	45819042	70	7	0	70	31	39	2	2	1	0	1	3	5	2	2	1	7	1	0	1	0	1	2	2	0	3	6	5	0	3	3	2	0	1	1	5	0	6
chr10	45819043	45819798	756	6	0	756	371	385	34	22	28	20	21	28	52	15	34	13	40	18	15	10	10	11	28	19	5	21	34	35	6	40	27	23	8	33	27	38	3	36
chr10	45819799	45819852	54	7	0	54	22	32	1	1	3	0	1	1	4	0	3	1	2	1	0	1	0	1	2	0	0	2	2	4	2	6	1	3	0	2	1	7	0	0
chr10	45819853	45819927	75	6	0	75	30	45	0	3	2	0	1	2	7	0	4	1	5	0	0	3	1	0	1	4	1	3	3	2	2	6	3	6	0	3	3	1	2	4
chr10	45819928	45820112	185	7	0	185	81	104	3	3	4	5	1	8	11	9	11	5	11	3	0	2	3	1	6	5	1	6	9	13	2	13	7	5	2	4	7	14	3	6
chr10	45820113	45820210	98	6	0	98	58	40	4	2	1	8	2	3	5	3	8	0	2	4	3	3	3	5	3	2	1	2	5	4	1	4	0	2	0	2	5	6	0	3
chr10	45820211	45820264	54	7	0	54	44	10	8	2	0	9	2	2	0	2	2	0	1	0	6	0	1	7	2	1	0	1	2	0	0	0	0	0	0	0	2	1	0	1
chr10	45820265	45820365	101	6	0	101	82	19	17	6	2	14	2	0	0	5	1	2	1	0	19	2	4	7	3	1	2	3	1	0	0	1	0	0	0	2	2	1	0	1
chr10	45820366	45820858	493	7	0	493	298	195	44	19	20	25	20	14	21	19	29	8	12	19	15	11	9	13	19	6	3	24	19	11	1	15	11	7	5	4	25	21	3	19
chr10	45820859	45820924	66	6	0	66	32	34	3	2	2	1	2	3	3	2	2	1	4	2	1	1	2	0	1	3	0	2	3	1	1	5	2	3	0	3	4	3	1	1
chr10	45820925	45821118	194	7	0	194	97	97	9	4	4	6	6	6	11	9	4	1	12	8	4	5	4	3	5	5	1	5	10	5	2	10	10	7	1	10	8	9	2	6
chr10	45821119	45821145	27	6	0	27	13	14	0	0	0	0	0	13	0	0	0	0	0	0	0	0	0	0	12	0	0	0	0	0	0	0	0	0	0	0	0	0	0	0
chr10	45821146	45821430	285	7	0	285	142	143	29	5	4	10	11	14	13	9	3	3	14	7	5	6	5	4	8	12	2	6	20	10	5	14	11	14	1	11	8	12	2	5
chr10	45821431	45821472	42	6	0	42	27	15	9	5	1	0	7	0	0	1	0	0	2	1	0	0	0	0	3	0	0	1	3	0	0	0	1	2	0	1	1	1	0	1
chr10	45821473	45822081	609	7	0	609	330	279	39	23	21	24	24	21	26	20	24	10	21	9	20	12	15	19	18	21	4	23	31	22	9	23	22	23	4	15	20	19	3	22
chr10	45822082	45822126	45	6	0	45	28	17	5	2	3	2	1	2	1	0	3	1	0	0	3	1	2	2	2	1	1	2	1	0	1	0	0	1	0	2	1	1	0	2
chr10	45822127	45824149	2023	7	0	2023	1114	909	117	44	78	81	65	62	111	77	83	48	80	49	55	42	51	70	73	49	8	66	87	56	8	86	67	65	10	74	88	67	10	94
chr10	45824150	45824177	28	6	0	28	13	15	2	0	0	1	0	0	1	2	0	1	2	1	0	0	2	0	0	0	0	1	0	0	2	1	1	3	0	2	2	1	0	1
chr10	45824178	45831240	7063	7	0	7063	3893	3170	572	189	251	273	254	255	337	252	222	129	268	182	237	157	127	187	257	188	65	220	328	177	70	257	241	256	68	240	272	211	53	266
chr10	45831241	45831278	38	6	0	38	28	10	5	1	4	4	3	0	0	0	3	1	0	0	3	1	0	2	2	0	0	0	0	0	0	1	1	0	0	1	1	1	0	2
chr10	45831279	45832174	896	7	0	896	522	374	72	30	33	39	40	35	32	27	30	14	35	21	32	17	26	37	42	25	5	24	34	25	2	35	26	25	5	26	32	21	6	41
chr10	45832175	45832200	26	6	0	26	17	9	0	0	1	0	0	0	1	2	0	1	0	2	1	1	2	4	1	1	0	0	1	0	0	1	1	0	0	1	0	1	0	2
chr10	45832201	45838740	6540	7	0	6540	3952	2588	569	202	257	350	270	192	235	237	248	121	213	187	290	153	169	258	241	147	39	240	213	133	48	205	192	137	44	179	288	182	49	250
chr10	45838741	45838775	35	6	0	35	23	12	4	2	2	1	2	0	0	1	0	1	1	1	3	1	1	3	1	1	0	1	0	0	0	2	1	0	1	0	1	1	0	1
chr10	45838776	45841276	2501	7	0	2501	1571	930	263	84	106	131	87	65	114	68	109	44	73	74	125	47	73	106	108	40	9	83	72	35	5	82	67	49	13	67	87	70	9	134
chr10	45841277	45841325	49	6	0	49	32	17	5	2	0	3	3	1	2	2	2	2	1	1	1	2	2	1	3	3	0	1	2	1	0	1	0	0	0	0	3	0	0	3
chr10	45841326	45842051	726	7	0	726	500	226	100	22	30	53	22	15	19	33	26	12	15	24	57	20	23	28	29	12	3	25	19	2	3	17	12	13	1	11	29	14	1	34
chr10	45842052	45843915	1864	8	0	1864	1069	795	144	64	74	75	69	63	74	64	50	32	72	43	95	50	51	48	78	55	8	67	84	51	8	80	49	59	8	50	59	58	6	74
chr10	45843916	45843954	39	6	0	39	29	10	9	3	1	3	2	0	1	2	1	1	0	0	4	0	1	1	2	1	0	1	1	0	0	0	0	0	0	2	1	0	0	0
chr10	45843955	45851058	7104	8	0	7104	4036	3068	533	211	287	296	271	217	301	261	255	139	286	175	268	149	163	222	280	163	37	236	272	221	46	284	210	216	35	213	288	223	40	304
chr10	45851059	45851119	61	6	0	61	45	16	14	0	3	5	2	1	1	3	2	0	1	0	5	2	1	4	2	1	0	0	1	0	0	2	1	2	0	3	2	0	0	1
chr10	45851120	45851451	332	8	0	332	182	150	12	7	16	13	13	13	18	13	18	5	17	6	6	5	7	12	11	7	1	11	9	6	1	16	20	8	0	13	17	11	0	18
chr10	45851452	45851479	28	6	0	28	18	10	1	1	1	2	2	2	0	1	0	0	0	1	2	0	3	1	1	0	0	2	1	0	0	0	1	1	0	2	1	0	0	0
chr10	45851480	45852152	673	8	0	673	372	301	53	17	35	16	22	25	29	17	26	17	33	18	20	14	16	12	28	16	8	21	24	17	4	31	19	18	2	19	23	25	4	42
chr10	45852153	45852229	77	6	0	77	34	43	11	0	1	1	0	4	6	0	0	2	3	1	3	1	0	0	2	1	1	3	4	4	4	3	3	8	2	1	1	2	1	2
chr10	45852240	45853702	1463	8	0	1463	959	504	142	45	69	90	58	39	44	63	64	34	30	43	81	39	44	72	72	32	1	52	37	23	2	41	30	11	4	27	65	37	3	67
chr10	45853703	45853758	56	6	0	56	25	31	0	1	3	0	2	1	6	0	1	2	4	2	1	1	0	0	2	2	0	0	3	1	0	3	3	2	0	5	1	2	0	6
chr10	45853759	45854443	685	8	0	685	377	308	29	24	26	23	20	23	42	20	29	20	24	26	24	11	16	19	24	19	4	30	26	23	2	28	19	15	4	14	36	22	4	37
chr10	45854444	45854533	90	6	0	90	47	43	13	1	0	4	1	4	3	0	0	1	4	2	4	5	5	0	2	3	2	3	3	3	3	4	2	5	1	3	1	2	2	2
chr10	45854534	45854606	73	8	0	73	31	42	0	3	2	1	3	3	7	0	3	1	6	1	0	0	0	0	2	2	0	3	4	2	0	6	5	4	0	2	3	4	0	4
chr10	45854607	45854633	27	6	0	27	11	16	0	0	0	0	0	1	1	1	0	2	5	0	0	0	0	0	1	0	0	2	1	2	0	1	0	1	1	0	1	1	1	3
chr10	45854634	45854685	52	6	0	52	42	10	26	0	2	1	0	0	1	0	2	1	6	0	0	0	0	1	1	0	0	0	0	0	0	0	0	0	0	0	0	0	0	9
chr10	45854686	45855708	1023	8	0	1023	603	420	82	33	38	47	42	39	40	40	32	18	39	36	43	16	22	35	36	32	6	31	43	23	2	39	33	24	2	23	49	28	2	46
chr10	45855709	45855749	41	6	0	41	21	20	1	1	2	2	1	3	2	2	3	0	2	0	1	1	0	0	2	0	0	3	4	0	0	1	1	2	0	1	1	3	0	0
chr10	45855750	45855825	76	8	0	76	45	31	7	0	5	5	2	3	1	2	6	0	3	1	2	1	1	4	2	3	0	1	4	6	0	3	0	1	0	1	2	3	0	5
chr10	45855826	45855853	28	6	0	28	10	18	0	0	1	0	1	0	4	0	0	2	2	0	0	0	0	0	0	1	0	1	1	2	0	1	3	0	0	3	1	1	0	2
chr10	45855854	45857571	1718	8	0	1718	878	840	75	49	54	45	48	96	108	47	64	33	61	52	36	33	41	36	97	45	11	58	79	72	7	82	57	61	11	48	66	61	7	76
chr10	45857572	45857606	35	6	0	35	15	20	0	1	2	0	1	2	2	0	2	0	2	0	0	1	1	0	1	1	0	2	2	2	0	1	2	1	1	2	1	1	0	2
chr10	45857607	45858857	1251	8	0	1251	662	589	98	31	46	39	59	50	65	52	39	24	48	38	18	11	22	21	46	35	2	33	76	40	6	47	51	50	1	52	52	44	3	50
chr10	45858858	45858941	84	6	0	84	38	46	10	2	2	2	3	4	4	0	2	3	3	1	1	0	0	1	3	3	0	2	5	13	2	1	1	3	1	1	1	2	1	5
chr10	45858942	45859993	1052	8	0	1052	623	429	77	31	35	55	37	36	31	52	38	22	30	22	46	30	27	53	52	30	8	29	34	26	15	37	30	26	8	22	41	30	5	35
chr10	45859994	45860022	29	6	0	29	14	15	2	1	0	0	0	1	3	0	2	1	3	0	0	0	0	0	1	0	1	1	1	0	0	2	0	1	0	1	2	2	0	2
chr10	45860023	45861728	1706	8	0	1706	1043	663	123	53	62	77	52	77	57	86	55	30	53	45	84	50	54	84	122	30	3	55	59	34	2	59	34	36	2	44	57	54	3	68
chr10	45861729	45861783	55	6	0	55	34	21	7	2	1	5	2	2	4	2	4	1	0	0	2	1	0	1	4	1	0	1	1	2	0	1	3	0	1	0	1	1	0	3
chr10	45861784	45862563	780	8	0	780	436	344	59	19	27	29	31	39	33	27	24	15	35	25	20	15	15	21	35	24	7	22	30	17	7	32	27	21	1	21	38	24	3	35
chr10	45862564	45862588	25	6	0	25	13	12	0	1	0	1	0	1	1	1	2	0	1	0	0	0	2	2	0	0	0	2	1	0	0	2	0	2	0	1	2	1	0	0
chr10	45862589	45862995	407	8	0	407	255	152	35	13	16	27	19	9	17	17	17	9	12	5	20	15	9	14	19	7	4	16	13	6	0	13	11	10	0	9	18	9	0	16
chr10	45862996	45863089	94	6	0	94	47	47	2	1	4	2	2	7	9	1	5	2	3	1	0	4	2	0	8	4	0	2	4	2	0	4	3	2	0	7	4	2	0	5
chr10	45863090	45865537	2448	8	0	2448	1412	1036	192	69	110	105	89	68	106	89	99	47	62	65	96	65	54	95	113	48	11	78	75	102	33	70	78	62	18	74	86	69	8	110
chr10	45865538	45865577	40	6	0	40	12	28	0	0	2	0	1	1	2	0	1	2	3	0	0	0	0	0	0	0	2	1	1	2	3	2	2	2	3	2	1	4	0	1
chr10	45865578	45868778	3201	8	0	3201	1683	1518	213	63	110	133	107	119	153	90	100	67	160	62	99	50	66	91	105	72	25	96	131	110	54	130	116	141	34	113	117	102	20	150
chr10	45868779	45868824	46	6	0	46	29	17	2	2	2	4	3	0	1	3	4	2	0	2	1	0	0	3	0	1	2	1	3	0	0	1	0	0	0	0	3	3	0	1
chr10	45868825	45876165	7341	8	0	7341	4202	3139	607	124	174	464	192	256	302	419	363	139	306	180	207	113	165	191	182	191	43	216	306	179	61	229	225	214	80	223	456	192	62	278
chr10	45876167	45876306	140	6	0	140	88	52	10	2	8	5	5	3	5	5	3	3	4	8	8	5	6	6	6	1	0	6	3	2	0	6	4	1	0	5	5	7	0	6
chr10	45876308	45877500	1193	6	0	1193	743	450	123	39	49	62	50	41	39	39	36	18	30	32	64	31	35	53	55	28	2	44	38	33	2	41	30	30	2	28	46	23	8	40
chr10	45877501	45877629	129	6	0	129	82	47	3	5	5	10	6	3	3	5	9	1	4	3	5	2	2	14	5	3	0	3	7	5	0	3	1	1	0	2	4	6	0	7
chr10	45877630	45881500	3871	6	0	3871	2452	1419	341	119	145	249	154	114	127	135	159	71	105	95	200	106	117	213	174	81	20	136	114	65	21	114	92	60	20	92	151	108	19	152
chr10	45881501	45883427	1927	6	0	1927	1262	665	200	75	83	114	54	36	70	89	89	35	45	64	129	49	55	73	82	33	9	71	52	31	2	61	38	23	0	29	77	59	5	93
chr10	45883428	45886500	3073	6	0	3073	1840	1233	298	93	140	154	124	80	135	91	139	51	113	77	125	65	70	84	106	52	19	112	101	70	17	103	83	83	11	95	140	85	7	148
chr10	45886501	45887051	551	6	0	551	359	192	57	19	27	31	18	16	11	20	25	9	17	15	34	17	13	30	20	14	6	21	16	13	4	11	8	3	2	7	20	14	2	29
chr10	45887052	45889189	2138	6	0	2138	1281	857	187	64	92	112	81	53	80	67	84	36	71	65	103	53	52	80	68	50	10	78	81	54	15	75	52	52	16	50	80	69	13	93
chr10	45889190	45890500	1311	6	0	1311	848	463	117	40	52	78	44	40	46	45	52	17	38	29	74	55	49	70	64	27	3	59	35	14	2	41	26	23	1	32	50	28	4	54
chr10	45890501	45895500	5000	6	0	5000	3252	1748	475	188	238	294	173	116	166	194	239	79	132	141	308	127	142	238	220	93	24	173	131	81	15	132	100	70	10	108	198	115	13	265
chr10	45895501	45896271	771	6	0	771	516	255	84	30	42	48	35	13	17	21	40	17	18	17	45	17	31	40	31	19	1	26	21	11	0	24	11	7	0	12	23	19	3	46
chr10	45896272	45896337	66	7	0	66	43	23	7	1	2	4	3	15	0	1	2	0	0	1	2	1	0	3	16	0	0	1	1	1	0	0	0	0	0	0	2	0	0	1
chr10	45896338	45897326	989	6	0	989	662	327	121	30	43	66	42	22	33	28	43	18	24	22	53	35	36	44	46	13	5	42	24	5	2	25	19	13	0	26	36	25	3	43
chr10	45897327	45899500	2174	7	0	2174	1404	770	208	63	103	133	80	54	67	80	96	44	59	57	123	64	65	106	86	46	14	79	60	25	6	64	45	36	9	44	90	48	9	109
chr10	45899501	45900145	645	7	0	645	417	228	53	23	34	35	25	11	19	24	27	10	14	16	40	24	19	43	21	22	2	23	21	13	3	17	11	7	1	19	26	12	1	27
chr10	45900147	45904000	3854	7	0	3854	2392	1462	318	116	171	217	128	98	147	157	174	71	112	108	203	95	108	168	151	83	17	129	120	91	13	124	93	65	7	103	166	108	9	182
chr10	45904001	45909000	5000	7	0	5000	3074	1926	392	145	198	303	189	143	185	198	204	94	160	119	253	129	158	204	211	100	23	177	166	94	19	159	139	100	18	143	199	144	10	222
chr10	45909001	45909491	491	7	0	491	261	230	35	17	14	16	15	18	32	10	20	8	19	16	11	12	11	6	16	17	3	19	27	14	4	20	13	15	3	15	18	19	4	22
chr10	45909493	45912693	3201	7	0	3201	2068	1133	313	103	160	201	124	77	113	119	160	62	83	85	178	75	70	143	133	68	8	108	85	59	6	92	73	47	4	60	142	68	14	166
chr10	45912694	45913000	307	7	0	307	205	102	38	11	13	25	17	7	7	13	15	4	10	6	16	5	6	10	10	8	1	8	11	3	0	6	9	2	0	9	14	7	1	13
chr10	45913001	45918000	5000	7	0	5000	3088	1912	449	155	200	297	213	121	182	182	198	90	186	105	240	125	125	218	197	117	17	160	169	109	14	176	138	109	9	118	194	133	12	240
chr10	45918001	45922500	4500	7	0	4500	2948	1552	459	140	180	277	158	105	165	177	198	91	104	116	241	126	124	286	203	91	14	154	124	66	8	128	96	58	12	88	182	110	14	203
chr10	45922501	45922513	13	7	0	13	13	0	0	0	0	0	0	0	0	0	0	0	0	0	0	0	0	11	0	0	0	0	0	0	0	0	0	0	0	0	0	0	0	0
chr10	45922516	45922550	35	8	0	35	32	3	26	0	0	0	1	0	0	0	0	0	1	1	0	0	1	1	0	0	0	0	0	0	0	0	0	0	0	0	1	0	0	1
chr10	45922551	45926500	3950	7	0	3950	2342	1608	372	111	138	187	166	129	153	142	122	70	123	104	148	96	106	174	166	100	19	121	166	91	13	151	115	111	28	108	143	119	16	140
chr10	45926501	45930055	3555	7	0	3555	2239	1316	308	114	149	190	133	84	130	126	130	51	108	113	190	95	124	193	127	69	6	143	106	61	15	108	95	71	9	103	145	89	12	156
chr10	45930056	45931000	945	7	0	945	594	351	89	31	39	53	33	29	38	34	37	18	29	20	55	21	25	41	43	19	2	35	26	20	1	31	19	18	1	32	46	21	4	33
chr10	45931001	45931516	516	7	0	516	324	192	40	19	22	35	16	18	18	20	37	8	15	14	23	4	20	15	22	6	1	20	14	6	0	19	14	5	0	11	22	22	3	25
chr10	45931517	45931776	260	6	0	260	168	92	17	4	12	17	10	9	4	14	9	6	3	7	15	13	8	18	14	6	2	10	14	1	1	5	3	6	2	3	7	8	1	9
chr10	45931779	45942209	10431	6	0	10431	6458	3973	899	318	446	553	389	289	364	409	403	186	332	283	526	263	318	479	418	219	37	381	334	178	38	349	275	216	38	285	424	286	49	445
chr10	45942210	45944328	2119	6	0	2119	1256	863	157	73	68	127	92	80	87	57	74	34	71	47	102	49	53	84	99	62	10	65	91	38	14	70	56	54	12	66	70	59	18	78
chr10	45944329	45946074	1746	5	0	1746	1110	636	145	56	80	110	72	45	57	64	65	35	34	54	108	48	37	98	77	42	11	54	60	32	12	44	39	34	7	36	62	40	12	74
chr10	45946076	45946106	31	5	0	31	21	10	4	1	4	0	3	1	0	1	2	0	1	1	1	1	0	0	2	0	0	1	0	0	0	0	0	0	0	2	3	0	0	1
chr10	45946107	45948431	2325	5	0	2325	1578	747	272	53	85	165	74	51	69	95	88	42	54	66	141	74	65	182	91	41	10	78	64	27	7	51	49	32	8	39	85	49	11	105
chr10	45948432	45951377	2946	5	0	2946	1786	1160	264	84	92	170	107	90	124	101	106	38	110	85	134	81	83	116	109	69	6	109	101	57	13	101	90	68	16	82	122	78	21	117
chr10	45951382	45951420	39	5	0	39	20	19	0	0	0	0	0	18	0	0	0	0	0	0	0	0	0	0	19	0	0	0	0	0	0	0	0	0	0	0	0	0	0	0
chr10	45951424	45951449	26	5	0	26	20	6	5	3	0	1	1	0	0	1	0	0	1	0	3	0	1	4	1	0	0	2	0	0	0	0	0	0	0	0	0	1	0	0
chr10	45951451	45952497	1047	5	0	1047	668	379	107	40	38	54	31	24	44	32	40	12	26	29	61	36	37	56	47	23	6	36	28	27	2	36	22	13	2	29	33	30	0	44
chr10	45952499	45952538	40	5	0	40	36	4	3	0	0	2	1	0	0	0	0	0	0	0	1	0	0	28	0	0	0	0	1	2	0	0	0	0	0	0	0	0	0	0
chr10	45952539	45952559	21	5	0	21	21	0	0	0	0	0	0	0	0	0	0	0	0	0	0	0	0	19	0	0	0	0	0	0	0	0	0	0	0	0	0	0	0	0
chr10	45952560	45959625	7066	5	0	7066	4101	2965	485	226	338	293	268	204	285	241	290	126	236	178	299	156	187	288	265	190	38	220	247	196	33	311	217	185	32	200	269	215	31	315
chr10	45959626	45960010	385	5	0	385	250	135	32	17	16	18	11	5	12	15	15	7	18	15	24	10	12	22	14	11	1	12	13	9	1	8	6	0	0	4	10	11	0	34
chr10	45960011	45960070	60	6	0	60	43	17	7	2	2	7	3	1	0	4	2	1	1	1	6	1	1	4	3	1	0	1	1	1	0	2	2	0	0	0	2	2	0	0
chr10	45960071	45960551	481	5	0	481	275	206	60	8	14	25	18	14	18	13	12	6	19	16	18	8	10	14	9	14	4	10	19	15	9	17	17	16	5	18	18	15	4	16
chr10	45960554	45962408	1855	5	0	1855	1177	678	166	74	77	96	70	49	73	66	62	30	54	61	116	46	47	89	80	42	3	74	61	45	2	44	47	20	1	52	70	45	10	81
chr10	45962410	45962583	174	5	0	174	122	52	37	5	5	12	7	3	7	4	7	3	2	5	9	7	3	5	5	2	3	8	4	1	0	5	5	1	0	0	6	6	1	4
chr10	45962585	45963251	667	5	0	667	430	237	47	26	39	34	27	18	20	23	33	11	21	21	40	16	14	38	28	14	5	25	20	7	3	15	11	8	1	14	29	16	1	40
chr10	45963253	45966858	3606	5	0	3606	2196	1410	277	114	148	174	128	100	143	153	154	74	113	113	153	103	110	138	160	75	21	135	110	56	20	118	97	63	15	85	156	110	12	176
chr10	45966859	45969054	2196	5	0	2196	1374	822	198	58	91	135	80	63	76	72	94	31	73	72	109	58	62	101	79	36	16	79	58	33	14	66	58	42	14	56	96	59	14	101
chr10	45969055	45971405	2351	5	0	2351	1373	978	154	71	105	114	88	62	91	78	99	43	86	58	103	60	65	96	89	51	7	89	79	55	21	94	68	56	21	61	83	87	13	102
chr10	45971406	45973186	1781	6	0	1781	819	962	79	41	67	47	55	60	85	37	60	41	64	37	41	36	33	34	47	49	32	50	68	73	67	68	68	89	75	74	54	65	26	57
chr10	45973187	45974162	976	6	0	976	583	393	89	38	43	37	41	27	32	20	38	22	31	17	39	30	37	42	45	28	9	35	30	23	4	46	15	21	3	25	30	30	10	37
chr10	45974164	45975422	1259	6	0	1259	778	481	109	48	51	68	63	30	49	40	44	26	36	40	60	37	37	38	61	28	3	49	40	23	4	45	29	19	3	31	52	42	4	48
chr10	45975423	45979477	4055	5	0	4055	2481	1574	374	123	143	232	181	120	159	136	123	74	131	114	193	96	103	178	151	98	18	145	169	79	9	118	119	94	26	105	157	104	13	168
chr10	45979478	45979633	156	5	0	156	87	69	27	2	8	3	6	4	8	6	3	3	6	3	3	2	1	0	4	4	0	4	11	2	0	9	5	12	0	3	4	4	0	7
chr10	45979634	45986824	7191	5	0	7191	4580	2611	694	270	317	416	301	181	242	266	286	117	179	185	415	195	205	309	322	144	36	262	212	130	26	196	180	119	31	186	276	171	21	299
chr10	45986825	45986850	26	6	0	26	18	8	1	0	2	1	0	3	1	1	1	1	0	1	2	1	0	1	4	0	0	1	0	0	0	0	0	0	0	0	1	0	0	2
chr10	45986851	45987637	787	5	0	787	493	294	80	26	23	43	29	26	36	27	34	14	19	22	28	20	22	42	33	19	3	31	33	16	1	15	22	8	3	21	30	22	3	34
chr10	45987641	45990236	2596	5	0	2596	1571	1025	219	73	125	117	99	85	97	102	98	51	71	75	118	62	65	113	105	68	15	83	100	61	3	93	77	51	3	71	101	77	5	111
chr10	45990237	45990531	295	6	0	295	149	146	15	3	7	9	7	15	21	6	4	9	19	7	8	6	7	5	10	11	1	11	17	6	0	18	5	11	1	15	17	13	0	9
chr10	45990532	45990566	35	5	0	35	14	21	0	0	0	0	0	2	4	0	0	1	3	0	0	2	2	0	2	0	0	2	1	1	0	3	1	2	0	3	2	2	0	0
chr10	45990567	45993261	2695	6	0	2695	1545	1150	244	72	113	112	105	81	114	81	90	53	102	73	101	59	80	64	86	72	16	91	110	66	18	107	78	75	16	96	107	88	8	115
chr10	45993262	45994195	934	6	0	934	523	411	60	14	10	70	17	37	36	69	58	18	47	25	19	9	12	22	22	26	6	24	38	18	13	26	30	29	8	21	69	24	21	34
chr10	45994196	45994239	44	5	0	44	18	26	0	0	1	1	1	1	2	2	0	0	1	2	1	2	2	1	1	1	0	1	2	4	1	2	2	3	1	4	1	2	0	0
chr10	45994240	45994557	318	6	0	318	183	135	30	6	7	13	8	10	16	11	9	5	21	10	9	6	11	10	7	8	0	12	11	6	0	12	10	8	3	13	18	7	1	18
chr10	45994558	45994631	74	5	0	74	38	36	9	1	1	2	3	4	2	3	0	2	2	1	1	2	5	0	5	1	2	1	4	1	0	4	3	5	1	2	0	2	0	3
chr10	45994632	45996137	1506	6	0	1506	922	584	125	46	67	93	59	45	54	50	66	24	50	33	81	29	40	60	60	28	5	51	55	32	6	48	40	41	6	37	53	41	5	74
chr10	45996139	45996183	45	6	0	45	25	20	0	1	0	2	2	3	3	2	1	2	2	3	1	0	1	0	4	1	0	1	2	0	0	2	0	1	0	1	4	2	0	2
chr10	45996185	45996967	783	6	0	783	436	347	54	15	26	41	27	36	36	29	27	17	23	12	29	17	18	28	31	25	5	24	38	24	8	28	26	27	2	29	33	21	3	22
chr10	45996969	45997341	373	6	0	373	220	153	42	2	13	16	11	9	14	18	10	7	14	10	10	10	16	16	10	8	1	9	16	7	2	15	13	15	0	16	13	10	1	17
chr10	45997343	45998849	1507	6	0	1507	924	583	137	57	68	66	65	42	48	53	46	24	47	31	79	58	49	52	71	44	9	57	52	27	6	53	36	37	3	40	50	30	6	62
chr10	45998851	45999929	1079	6	0	1079	567	512	72	16	39	46	41	36	46	35	32	24	38	30	28	25	28	31	36	40	5	20	51	45	11	54	37	43	13	33	34	33	11	44
chr10	45999930	46039322	39393	5	0	39393	22714	16679	2889	1174	1587	1796	1480	1215	1677	1301	1452	797	1377	969	1624	919	1059	1396	1575	926	233	1371	1475	1040	326	1436	1100	1109	246	1247	1523	1202	223	1647
chr10	46039323	46048322	9000	4	0	9000	4877	4123	599	257	327	336	326	327	441	279	314	172	419	222	280	160	211	205	334	248	45	289	395	305	61	378	298	291	53	298	346	295	53	434
chr10	46048323	46111357	63035	5	0	63035	34189	28846	4296	1722	2264	2407	2310	2322	3026	2072	2128	1298	2510	1557	1956	1169	1385	1766	2551	1703	365	1892	2778	2201	532	2667	2040	2078	486	2059	2361	2196	369	2567
chr10	46111363	46111458	96	5	0	96	52	44	11	5	3	2	4	1	4	1	4	1	6	1	2	2	4	0	2	2	0	5	4	3	2	3	4	4	0	2	0	4	0	8
chr10	46111459	46111996	538	5	0	538	368	170	49	15	29	42	23	12	9	27	20	6	13	16	42	23	13	27	26	9	0	21	15	5	2	9	10	8	0	10	20	9	2	24
chr10	46111997	46112032	36	5	0	36	21	15	1	1	1	2	2	1	1	2	1	0	1	0	1	2	1	4	4	0	0	0	0	1	0	3	1	2	0	0	0	1	0	1
chr10	46112033	46112224	192	5	0	192	136	56	24	5	10	11	2	3	6	10	11	6	5	5	13	4	8	12	7	2	0	9	2	0	0	4	1	1	0	2	10	3	0	14
chr10	46112225	46112246	22	5	0	22	16	6	3	0	1	2	1	0	0	2	0	0	0	2	2	0	0	2	0	0	0	0	1	0	0	0	2	0	0	0	1	0	0	1
chr10	46112247	46112329	83	5	0	83	60	23	21	2	6	5	5	2	0	1	3	1	3	1	5	2	1	1	3	2	0	2	1	1	0	3	0	1	0	1	3	1	0	4
chr10	46112339	46112964	626	5	0	626	418	208	67	20	28	40	25	13	14	30	27	6	20	26	36	9	14	41	23	8	2	15	19	4	2	16	13	12	1	14	28	17	3	31
chr10	46112965	46113018	54	5	0	54	37	17	8	1	5	3	2	0	0	3	3	0	1	3	2	2	1	1	1	0	0	2	1	2	0	2	1	0	0	1	2	3	0	2
chr10	46113019	46113145	127	5	0	127	80	47	12	6	4	8	6	4	5	6	4	2	3	6	7	2	1	2	8	3	0	3	5	2	0	5	0	3	0	3	8	4	0	3
chr10	46113146	46113310	165	5	0	165	113	52	18	11	9	10	8	1	4	8	4	1	3	2	18	5	2	8	8	1	1	7	4	1	0	5	4	4	1	5	5	4	0	1
chr10	46113311	46113458	148	5	0	148	96	52	15	8	6	7	8	5	4	4	5	3	4	1	8	5	5	6	7	3	1	11	2	2	1	2	7	1	1	1	5	1	1	6
chr10	46113459	46113507	49	5	0	49	34	15	6	2	3	2	1	1	1	0	0	0	2	2	6	1	1	4	1	3	0	0	1	1	0	3	0	1	0	1	1	0	0	3
chr10	46113508	46113579	72	5	0	72	40	32	6	3	4	1	3	1	5	3	2	0	3	2	3	2	0	0	4	1	0	1	3	1	0	3	2	5	0	5	4	0	0	3
chr10	46113580	46113683	104	5	0	104	57	47	19	1	7	1	2	6	1	2	5	0	6	2	1	2	0	1	2	5	1	1	3	8	1	8	2	1	0	1	3	6	0	4
chr10	46113687	46114251	565	5	0	565	288	277	19	15	18	21	18	20	28	26	19	10	26	11	17	13	13	13	17	20	3	18	38	20	4	26	17	25	3	19	20	23	2	21
chr10	46114252	46114305	54	5	0	54	27	27	4	1	3	0	3	1	3	1	1	0	2	1	1	2	2	0	2	0	0	2	1	2	0	6	4	5	0	1	1	2	0	1
chr10	46114306	46114417	112	5	0	112	68	44	19	1	5	6	6	2	3	5	2	3	2	1	4	2	2	4	4	2	0	2	6	5	0	4	4	5	0	3	1	3	0	4
chr10	46114418	46114484	67	5	0	67	39	28	6	2	2	4	3	2	3	1	0	0	3	2	5	2	1	1	4	2	0	1	4	2	0	4	0	4	0	2	1	2	0	2
chr10	46114485	46114591	107	5	0	107	60	47	7	4	1	3	3	6	3	3	0	2	5	5	5	3	7	1	6	5	1	3	6	1	0	5	2	3	0	3	3	3	1	5
chr10	46114592	46114615	24	5	0	24	8	16	0	0	0	0	0	2	2	0	0	2	0	0	0	0	2	0	1	1	1	1	2	1	0	1	1	1	0	2	0	2	0	0
chr10	46114616	46114637	22	5	0	22	13	9	1	0	2	2	0	0	1	0	2	0	1	0	1	0	1	0	0	0	0	0	0	0	0	2	0	2	0	2	1	0	0	2
chr10	46114638	46114667	30	5	0	30	12	18	0	2	1	0	2	1	3	0	1	0	2	0	0	0	0	0	0	2	0	1	1	1	0	3	4	1	0	0	1	1	0	1
chr10	46114668	46114727	60	5	0	60	28	32	4	0	0	0	1	4	3	1	0	2	7	3	0	0	2	0	1	1	0	4	2	1	1	2	2	2	1	2	4	2	2	4
chr10	46114728	46114786	59	5	0	59	44	15	12	3	3	5	3	1	1	1	2	1	0	1	6	2	1	1	4	2	0	2	2	0	0	1	0	0	0	0	0	1	0	2
chr10	46114787	46114889	103	5	0	103	64	39	4	5	4	2	3	5	4	3	3	3	1	5	5	3	8	4	6	4	0	6	3	1	0	3	3	0	0	1	3	2	0	7
chr10	46114890	46114937	48	5	0	48	33	15	2	2	3	2	0	1	2	1	1	1	2	1	7	1	4	2	2	0	0	3	0	0	0	0	0	0	0	4	1	0	0	4
chr10	46114938	46115033	96	5	0	96	69	27	14	3	1	9	1	0	3	8	3	0	3	3	8	1	4	6	1	0	0	3	3	0	0	1	4	3	0	3	4	1	0	4
chr10	46115034	46115105	72	5	0	72	53	19	14	2	4	5	3	0	0	5	5	0	1	1	3	5	2	2	5	0	0	2	0	1	0	2	0	1	0	0	3	1	0	3
chr10	46115106	46115160	55	5	0	55	44	11	7	1	2	8	1	0	1	3	1	1	0	3	9	0	2	4	0	0	0	2	1	0	0	0	1	1	0	0	3	0	0	2
chr10	46115161	46115172	12	5	0	12	10	2	2	1	0	1	1	0	0	0	1	0	0	0	1	0	0	1	1	0	0	0	0	0	0	0	0	0	0	0	1	0	0	0
chr10	46115174	46115207	34	5	0	34	28	6	13	0	0	4	1	0	0	2	2	1	1	0	2	0	0	0	1	0	0	0	1	0	0	0	0	0	0	0	2	1	0	1
chr10	46115208	46115705	498	5	0	498	322	176	55	19	23	25	17	14	18	15	16	13	12	16	35	15	15	12	23	15	3	20	16	2	3	15	6	8	1	7	19	11	1	26
chr10	46115706	46115963	258	5	0	258	146	112	26	5	8	15	10	7	15	4	7	4	12	5	11	4	6	6	6	4	1	9	9	3	1	10	11	11	7	11	9	5	3	11
chr10	46115964	46116403	440	5	0	440	277	163	38	12	16	25	10	12	22	23	23	6	8	15	20	9	14	23	21	5	1	12	10	7	1	13	18	5	1	15	18	14	1	20
chr10	46116404	46116437	34	5	0	34	22	12	6	3	1	0	1	3	1	2	2	0	0	1	1	0	0	1	6	0	0	0	1	0	0	1	0	0	0	0	0	1	0	1
chr10	46116438	46116503	66	5	0	66	36	30	5	3	3	1	4	1	0	2	3	1	1	2	0	0	5	5	1	1	1	2	2	4	0	3	2	3	1	2	2	2	0	2
chr10	46116504	46116544	41	5	0	41	26	15	6	1	4	1	1	0	2	1	1	2	1	0	3	0	1	0	1	1	0	2	2	1	0	0	1	1	0	2	0	0	0	4
chr10	46116545	46116616	72	5	0	72	38	34	1	3	2	1	1	4	6	0	3	3	2	5	2	1	2	1	7	0	2	2	1	1	0	4	1	1	1	1	2	4	1	5
chr10	46116617	46116648	32	5	0	32	20	12	2	2	1	1	2	1	1	1	2	1	1	0	0	2	2	0	4	0	0	2	0	0	0	1	0	0	0	0	1	1	0	2
chr10	46116649	46116709	61	5	0	61	38	23	4	2	1	4	2	2	0	1	1	0	6	4	3	2	4	1	2	2	0	1	1	1	0	4	0	0	0	0	2	3	0	6
chr10	46116710	46116785	76	5	0	76	47	29	2	4	3	4	5	5	4	2	4	1	1	2	2	3	1	4	7	1	0	3	2	0	0	0	4	1	0	1	3	0	0	5
chr10	46116786	46117000	215	5	0	215	144	71	27	10	10	11	7	0	10	2	9	3	8	7	15	4	10	10	5	5	0	6	3	2	1	5	5	2	1	8	6	2	0	19
chr10	46117001	46117031	31	5	0	31	19	12	6	0	1	4	2	0	1	1	1	0	0	1	2	0	0	0	0	0	0	0	0	2	0	2	2	1	1	0	1	1	0	0
chr10	46117032	46117649	618	5	0	618	384	234	81	18	31	26	22	13	30	8	33	12	22	21	19	5	16	25	17	10	0	21	23	9	2	24	10	13	1	16	23	26	1	38
chr10	46117650	46117734	85	5	0	85	48	37	8	3	5	4	5	3	4	2	4	1	1	0	3	3	2	0	4	2	0	4	3	1	0	4	5	4	1	2	1	1	1	2
chr10	46117735	46118903	1169	5	0	1169	692	477	130	32	36	66	32	29	44	29	29	24	44	22	73	23	29	49	38	25	8	37	35	26	22	46	27	43	19	31	34	35	11	39
chr10	46118904	46118945	42	5	0	42	26	16	3	1	2	2	1	4	0	1	1	0	1	3	3	0	3	0	1	2	0	3	0	1	0	1	2	0	0	0	3	0	0	2
chr10	46118946	46119602	657	5	0	657	399	258	42	20	28	30	28	14	23	31	29	15	20	22	21	14	15	46	24	14	6	19	26	15	4	19	14	9	2	19	32	26	0	28
chr10	46119603	46119683	81	5	0	81	44	37	3	4	1	5	5	3	2	4	3	0	4	3	2	1	1	2	2	2	0	3	5	3	1	2	3	2	1	2	4	4	0	2
chr10	46119684	46120137	454	5	0	454	289	165	47	21	11	28	27	10	10	26	23	7	5	9	11	10	16	27	19	13	3	13	21	6	4	8	13	11	1	9	20	9	2	12
chr10	46120138	46120192	55	5	0	55	19	36	1	0	1	1	1	5	4	0	0	0	3	1	1	1	0	0	2	2	1	1	4	3	1	4	2	6	1	3	2	2	0	0
chr10	46120193	46120376	184	5	0	184	87	97	6	5	3	4	5	9	9	6	4	3	12	9	3	4	4	1	4	11	1	5	10	3	4	10	5	8	1	6	10	6	4	7
chr10	46120377	46120421	45	5	0	45	20	25	0	1	0	1	1	1	4	2	1	1	4	1	0	0	0	2	1	0	0	2	3	1	0	1	4	2	1	2	1	2	1	3
chr10	46120422	46120630	209	5	0	209	143	66	34	6	4	12	7	6	8	18	3	2	2	16	11	3	1	8	11	5	0	1	6	3	0	3	10	0	0	4	12	4	0	7
chr10	46120631	46120687	57	5	0	57	35	22	3	3	2	2	5	2	1	3	0	2	1	1	2	0	1	6	4	3	0	0	3	2	0	1	0	1	0	3	3	0	0	1
chr10	46120688	46121057	370	5	0	370	219	151	27	16	19	12	20	6	15	11	20	5	11	13	8	10	11	13	15	8	0	14	9	13	2	13	9	5	1	13	19	11	3	16
chr10	46121058	46121072	15	5	0	15	12	3	3	2	0	0	0	0	0	0	0	0	0	0	3	0	3	0	0	0	0	2	0	0	0	0	0	0	0	0	0	0	0	0
chr10	46121073	46121084	12	5	0	12	10	2	2	0	1	1	0	0	0	0	1	0	0	0	1	1	0	2	0	0	0	1	0	0	0	0	0	0	0	0	0	0	0	0
chr10	46121085	46121111	27	5	0	27	15	12	1	1	1	1	1	1	0	0	2	1	1	0	1	0	2	1	0	3	0	0	1	0	0	3	0	0	0	0	1	2	0	1
chr10	46121112	46122464	1353	5	0	1353	809	544	104	31	55	75	44	34	51	42	43	23	54	30	74	56	48	44	43	30	9	62	34	26	11	51	46	35	9	38	48	31	13	57
chr10	46122465	46122482	18	5	0	18	5	13	0	0	0	0	0	2	2	0	0	0	1	0	0	0	0	0	0	0	0	2	2	0	0	0	2	1	3	0	0	1	0	0
chr10	46122483	46122497	15	5	0	15	4	11	0	0	0	0	0	0	2	0	0	1	1	0	0	0	0	0	1	0	0	0	1	1	0	1	0	1	1	1	0	0	1	1
chr10	46122498	46122525	28	5	0	28	20	8	5	0	0	3	1	0	0	0	0	2	3	0	2	0	0	3	0	0	1	1	0	0	1	0	0	0	0	0	1	1	0	2
chr10	46122526	46124782	2257	5	0	2257	1393	864	199	70	103	131	96	75	77	76	100	41	69	69	107	43	54	82	88	41	10	90	66	43	14	60	64	37	12	59	106	63	16	94
chr10	46124783	46124824	42	5	0	42	30	12	4	0	1	6	1	1	0	4	0	1	1	0	5	2	1	2	2	1	0	1	2	1	0	0	0	1	0	1	1	0	0	1
chr10	46124825	46125194	370	5	0	370	235	135	34	12	17	23	14	9	15	12	12	8	12	11	26	7	11	12	14	7	1	14	7	4	0	14	12	6	1	11	17	8	2	15
chr10	46125195	46125361	167	5	0	167	73	94	3	4	3	5	7	12	8	4	3	0	13	5	2	2	2	0	7	7	0	4	12	6	3	8	7	9	1	7	5	7	2	7
chr10	46125362	46125384	23	5	0	23	10	13	8	0	0	0	1	0	0	0	0	0	0	0	0	0	0	0	0	0	0	0	1	10	0	0	0	1	0	0	0	0	0	0
chr10	46125385	46125404	20	5	0	20	11	9	0	0	0	1	0	1	1	1	0	0	0	1	1	0	1	2	0	0	0	1	2	1	0	0	2	2	0	0	0	0	0	1
chr10	46125405	46126256	852	5	0	852	546	306	79	28	36	53	43	24	24	26	34	16	27	22	40	17	26	51	40	18	5	22	19	13	2	25	21	13	5	22	36	15	4	44
chr10	46126257	46126285	29	5	0	29	17	12	0	1	0	1	1	0	0	3	1	0	1	1	0	2	3	1	1	1	0	2	2	0	0	1	0	2	0	0	1	0	0	2
chr10	46126286	46130322	4037	5	0	4037	2332	1705	350	134	166	161	153	138	175	144	142	69	145	95	166	108	74	112	158	115	27	149	166	81	30	140	124	115	32	115	161	105	29	156
chr10	46130323	46132045	1723	6	0	1723	837	886	98	31	44	50	47	77	101	65	43	42	66	45	34	27	22	43	58	43	32	44	105	61	27	68	71	87	24	70	56	70	19	51
chr10	46132046	46132081	36	6	0	36	22	14	0	3	1	1	1	0	2	1	1	1	3	1	2	1	2	1	2	0	0	3	0	0	0	0	0	0	0	2	2	0	1	3
chr10	46132082	46133123	1042	6	0	1042	536	506	87	15	30	34	33	38	54	38	26	16	51	34	20	22	26	12	28	30	8	25	48	28	14	47	46	43	14	46	40	36	8	43
chr10	46133124	46133195	72	6	0	72	43	29	2	2	1	3	1	0	6	4	3	1	3	3	2	4	4	4	5	1	0	1	0	0	0	1	3	0	0	7	3	1	0	5
chr10	46133196	46144838	11643	6	0	11643	6504	5139	820	308	421	501	424	408	523	386	360	247	456	287	446	234	270	412	482	295	68	352	496	409	87	478	339	381	43	359	425	385	58	481
chr10	46144839	46144892	54	6	0	54	36	18	8	1	3	5	2	1	1	1	3	0	1	1	3	2	2	1	1	0	0	3	2	3	0	1	0	1	0	1	2	1	0	2
chr10	46144893	46145759	867	6	0	867	562	305	92	26	39	51	29	29	31	31	38	12	21	21	49	24	24	45	40	16	3	32	26	11	1	25	19	11	2	26	34	25	0	32
chr10	46145760	46145826	67	6	0	67	48	19	11	2	3	5	2	1	1	6	2	2	0	1	6	1	3	0	3	0	0	3	2	0	0	0	2	1	0	3	3	1	0	1
chr10	46145827	46145923	97	6	0	97	72	25	11	3	4	6	2	0	3	7	4	1	0	5	8	4	4	8	4	0	0	4	2	0	0	0	2	1	0	1	4	1	0	6
chr10	46145924	46145978	55	6	0	55	41	14	4	4	1	3	1	0	1	3	1	0	1	1	6	3	1	9	2	3	0	2	2	1	0	1	0	0	0	0	2	0	0	1
chr10	46145979	46145999	21	6	0	21	16	5	2	0	2	2	1	0	0	0	2	0	0	0	1	3	1	1	0	0	0	2	0	0	0	0	0	0	0	0	1	0	0	1
chr10	46146000	46146157	158	6	0	158	105	53	13	4	3	12	9	4	3	8	3	1	5	7	6	5	8	13	11	1	0	2	3	1	0	6	4	4	0	4	6	4	0	6
chr10	46146158	46146180	23	6	0	23	14	9	1	1	2	1	1	2	0	1	2	0	1	0	1	0	0	0	0	0	0	3	0	0	0	0	2	0	0	0	2	0	1	0
chr10	46146181	46146240	60	6	0	60	40	20	6	1	2	4	2	3	0	6	1	1	1	0	4	3	1	4	3	1	0	4	3	2	0	0	1	1	0	0	3	1	0	0
chr10	46146241	46146740	500	6	0	500	322	178	45	21	25	30	25	9	12	21	18	12	7	11	33	10	17	26	17	16	1	18	16	16	1	13	11	6	0	13	23	8	0	17
chr10	46146741	46146877	137	6	0	137	70	67	3	3	4	1	2	6	8	4	4	8	7	3	2	3	8	2	6	1	3	10	3	5	0	7	6	0	1	3	5	9	0	8
chr10	46146878	46146942	65	6	0	65	43	22	9	3	3	3	1	1	3	6	7	1	1	1	1	0	1	2	2	1	0	2	3	0	0	0	1	0	0	1	4	2	0	4
chr10	46146943	46146976	34	6	0	34	20	14	3	1	2	3	1	0	3	0	3	0	0	0	2	0	1	1	0	0	0	1	0	1	0	2	2	1	0	3	1	1	0	0
chr10	46146977	46146998	22	6	0	22	15	7	4	0	0	1	0	0	0	3	0	0	1	0	1	1	1	1	0	0	0	1	1	0	0	0	2	1	0	1	1	0	0	0
chr10	46147028	46147458	431	6	0	431	291	140	35	12	17	34	17	8	13	24	19	6	13	18	27	12	10	24	19	7	0	12	7	2	0	13	9	4	2	9	27	9	0	20
chr10	46147506	46147563	58	6	0	58	35	23	1	2	4	2	3	0	1	0	2	2	4	3	3	1	5	1	0	0	0	4	2	0	0	1	0	1	0	3	2	2	0	7
chr10	46147796	46147862	67	6	0	67	43	24	14	0	0	3	1	4	2	2	0	2	2	0	1	3	3	5	3	4	0	2	4	1	0	2	1	0	0	3	1	2	0	0
chr10	46148025	46148076	52	6	0	52	35	17	6	1	2	6	2	1	2	3	5	0	0	2	1	1	1	1	1	1	0	1	2	2	0	0	1	0	0	1	4	1	0	2
chr10	46148853	46149015	163	6	0	163	96	67	9	4	4	9	9	5	8	8	4	6	6	4	4	3	4	7	9	4	0	5	2	4	0	8	8	3	0	3	12	3	0	6
chr10	46149123	46149187	65	6	0	65	43	22	3	3	1	7	7	2	1	3	4	0	1	0	1	3	2	4	6	1	0	1	4	0	0	0	2	1	0	1	0	2	0	3
chr10	46149263	46149339	77	6	0	77	54	23	5	1	1	7	2	0	1	5	1	1	3	4	7	5	2	8	2	1	2	2	0	0	1	2	3	0	0	0	3	2	1	3
chr10	46149375	46149450	76	6	0	76	54	22	8	2	2	7	2	1	3	2	3	1	5	1	7	2	1	6	1	2	0	3	2	0	0	1	0	0	0	2	4	1	0	5
chr10	46149583	46149656	74	6	0	74	52	22	3	2	2	8	4	0	2	3	4	3	0	0	3	2	3	11	2	2	2	1	3	1	0	0	2	1	0	1	2	0	0	5
chr10	46149971	46150045	75	6	0	75	46	29	2	1	0	6	2	6	4	5	4	2	3	4	1	1	1	3	7	1	0	2	2	1	0	0	1	0	0	1	7	1	0	5
chr10	46150063	46150298	236	6	0	236	155	81	19	6	17	16	8	10	10	6	14	2	6	6	17	6	3	8	15	1	1	8	6	1	0	2	7	2	1	8	5	5	0	18
chr10	46150371	46150708	338	6	0	338	224	114	31	17	14	23	16	4	11	11	16	6	12	9	21	7	11	13	16	4	1	13	8	4	0	9	6	3	0	7	13	10	1	19
chr10	46150738	46151144	407	6	0	407	251	156	27	13	21	19	18	13	11	22	20	4	18	11	15	11	6	22	11	15	2	13	14	3	1	14	7	6	0	15	30	8	1	14
chr10	46151296	46151365	70	6	0	70	50	20	11	5	2	5	1	1	3	3	4	1	0	1	8	0	3	1	4	1	0	2	0	1	0	3	2	0	0	0	1	2	0	3
chr10	46151538	46151644	107	6	0	107	71	36	7	4	6	6	4	1	3	6	3	3	1	3	9	2	4	7	5	2	0	3	3	2	0	3	3	1	0	4	3	3	0	4
chr10	46154579	46154936	358	5	0	358	232	126	21	9	12	27	9	6	11	18	18	4	10	7	21	17	16	26	7	12	0	17	14	7	1	8	9	5	1	4	13	6	0	20
chr10	46157934	46159728	1795	7	0	1795	879	916	43	30	66	49	66	72	128	75	56	41	71	39	23	33	33	53	72	47	6	51	106	66	6	79	101	77	4	94	63	67	2	74
chr10	46159729	46159811	83	6	0	83	42	41	3	5	4	0	2	3	4	4	5	0	4	1	2	2	1	1	4	3	0	4	6	4	1	2	1	1	0	4	2	5	0	3
chr10	46159812	46187263	27452	7	0	27452	18158	9294	2695	939	1037	1896	1106	651	835	1102	1154	397	675	743	1612	733	788	1795	1252	490	72	905	790	430	87	651	577	419	67	583	1075	619	80	1195
chr10	46187264	46205272	18009	6	0	18009	11775	6234	1612	544	743	1232	728	487	508	739	727	279	484	495	1064	506	469	1157	793	345	75	603	508	299	55	472	420	241	60	377	741	449	44	751
chr10	46205273	46205300	28	6	0	28	15	13	1	2	2	0	1	0	2	0	2	0	0	1	1	1	1	1	1	1	0	1	1	2	0	1	1	0	0	0	0	1	0	2
chr10	46205301	46205481	181	6	0	181	116	65	12	6	9	10	9	4	10	7	10	7	5	6	6	5	4	5	11	2	0	9	4	0	0	2	3	1	0	4	12	3	0	13
chr10	46205482	46205535	54	6	0	54	35	19	15	2	0	1	1	1	3	1	2	1	2	1	0	2	1	1	1	1	2	2	2	0	0	2	2	0	0	0	1	3	0	2
chr10	46205536	46207440	1905	6	0	1905	1263	642	184	66	75	131	66	46	53	82	71	34	46	55	135	48	66	104	91	36	11	56	58	21	4	50	35	30	3	40	63	47	2	94
chr10	46207441	46207568	128	6	0	128	61	67	5	5	3	4	5	6	8	1	4	0	5	2	3	4	4	1	3	6	2	4	9	5	0	9	4	8	0	5	4	4	0	3
chr10	46207569	46211777	4209	6	0	4209	2414	1795	344	129	190	171	182	152	183	122	148	87	144	108	160	78	101	115	196	102	16	132	152	121	21	168	131	118	12	137	160	123	23	181
chr10	46211778	46211828	51	6	0	51	18	33	1	0	1	1	1	3	3	2	0	0	3	1	1	1	0	0	1	1	1	1	3	2	2	4	4	6	0	2	1	2	1	0
chr10	46211829	46221263	9435	6	0	9435	4424	5011	331	195	254	200	246	466	584	347	251	215	554	215	152	126	128	160	381	296	57	268	539	495	81	503	338	358	45	413	385	467	47	336
chr10	46221264	46319167	97904	5	0	97904	49035	48869	4544	2399	3369	2901	3155	4065	5739	3263	3231	2215	4354	2062	2283	1466	1837	2152	4173	2718	490	2764	4766	4615	737	5036	3709	3958	584	3455	3574	3864	381	4043
chr10	46319169	46319204	36	5	0	36	29	7	9	2	1	5	2	1	0	0	1	0	1	0	4	0	1	1	1	0	0	2	1	0	0	0	0	0	0	0	1	0	0	1
chr10	46319206	46327675	8470	5	0	8470	4791	3679	547	258	356	366	347	230	385	305	322	180	324	210	311	188	206	255	286	243	30	297	378	257	25	380	248	230	19	249	354	310	26	346
chr10	46327677	46327691	15	5	0	15	6	9	1	0	2	0	1	0	0	0	0	0	1	0	0	0	0	0	0	0	0	0	1	2	0	2	0	1	0	1	0	1	0	0
chr10	46327693	46330531	2839	5	0	2839	1331	1508	101	64	123	63	117	104	187	86	91	62	134	58	42	30	33	35	117	68	12	63	134	140	27	165	144	134	14	144	100	123	17	105
chr10	46330545	46332263	1719	5	0	1719	855	864	89	39	57	54	65	70	93	66	54	41	77	35	31	28	30	25	76	49	10	43	92	88	9	92	68	71	7	50	58	73	6	71
chr10	46332264	46332710	447	6	0	447	247	200	20	13	23	13	13	18	19	22	25	11	19	9	10	6	9	15	25	7	1	15	13	19	1	23	8	9	0	15	26	21	0	17
chr10	46332711	46332798	88	7	0	88	43	45	6	0	6	3	5	3	3	1	3	2	1	5	1	1	2	0	3	2	1	0	3	4	2	6	5	3	1	3	1	7	0	3
chr10	46332799	46332850	52	6	0	52	34	18	6	3	3	2	1	1	2	2	6	0	3	0	2	0	2	0	2	1	0	1	0	0	0	2	2	0	0	0	1	1	0	7
chr10	46332851	46333048	198	7	0	198	116	82	14	5	14	5	9	6	6	5	10	2	11	4	6	7	3	8	8	2	1	9	7	5	0	7	2	6	1	7	9	6	0	11
chr10	46333049	46333063	15	6	0	15	6	9	0	0	0	0	0	5	0	0	0	0	1	0	0	0	0	0	4	1	0	0	0	0	0	0	0	0	0	1	1	0	0	0
chr10	46333064	46333247	184	7	0	184	106	78	8	5	7	9	9	5	8	8	6	2	5	5	5	5	10	8	8	2	0	7	5	2	0	9	10	7	0	9	6	5	2	5
chr10	46333248	46333289	42	6	0	42	24	18	2	0	2	1	2	2	2	3	1	2	3	1	0	1	0	1	2	0	0	3	1	1	0	0	1	0	0	1	4	1	0	3
chr10	46333290	46334200	911	7	0	911	549	362	76	21	44	47	28	29	38	35	45	21	33	14	39	23	21	34	34	26	3	31	34	19	2	33	23	15	2	26	38	28	1	46
chr10	46334201	46334263	63	6	0	63	36	27	1	1	2	3	2	4	1	4	2	2	3	1	2	1	3	4	3	0	0	5	2	2	0	2	2	2	0	0	3	2	0	2
chr10	46334264	46334607	344	7	0	344	178	166	24	11	8	12	17	15	15	12	8	4	19	13	6	5	6	1	12	11	1	11	17	15	2	17	13	11	2	10	17	14	3	10
chr10	46334608	46334698	91	7	0	91	55	36	15	0	3	5	1	2	4	2	3	1	3	2	4	3	3	3	1	0	2	3	4	2	0	4	2	4	0	4	2	3	2	2
chr10	46334699	46334752	54	6	0	54	29	25	6	2	0	3	2	0	1	2	1	2	2	0	2	2	3	1	2	2	1	1	2	3	2	1	0	3	0	1	1	1	0	3
chr10	46334753	46334851	99	7	0	99	37	62	0	1	2	2	4	2	5	4	1	1	8	4	0	1	1	0	0	2	1	2	3	5	4	6	8	7	3	6	5	5	2	2
chr10	46334852	46334862	11	6	0	11	4	7	0	0	0	1	1	1	0	1	0	0	0	0	0	0	0	0	0	0	0	0	1	0	0	0	2	2	0	0	0	0	0	0
chr10	46334863	46334896	34	7	0	34	15	19	1	3	1	0	2	0	2	0	2	1	2	0	0	0	0	0	1	0	2	1	2	1	1	1	1	2	0	1	0	2	1	2
chr10	46334897	46335051	155	7	0	155	111	44	28	6	6	13	10	3	4	4	9	1	2	4	5	3	5	7	8	2	0	3	2	1	0	2	4	2	0	4	7	0	0	8
chr10	46335052	46335092	41	6	0	41	39	2	2	0	0	11	1	0	0	0	0	0	1	1	10	0	0	11	0	0	0	0	0	0	0	0	0	0	0	0	1	0	0	1
chr10	46335099	46335185	87	6	0	87	52	35	6	1	4	6	4	1	2	6	3	2	0	4	3	3	2	4	2	3	0	2	6	5	0	2	2	3	0	1	3	2	0	3
chr10	46335186	46335465	280	7	0	280	143	137	7	8	7	8	10	8	16	12	6	5	17	16	7	3	4	8	11	2	1	10	10	14	1	16	10	10	0	6	15	15	4	11
chr10	46335466	46335888	423	6	0	423	230	193	26	14	14	12	12	17	23	16	13	9	16	10	15	13	10	10	18	15	1	18	18	12	3	21	11	14	1	11	21	13	1	13
chr10	46335889	46335964	76	7	0	76	40	36	1	1	4	4	3	2	3	5	2	3	0	2	3	1	3	1	1	3	0	3	4	6	0	3	3	2	0	3	5	2	0	1
chr10	46335972	46335994	23	6	0	23	11	12	0	1	2	0	0	0	0	0	1	1	1	0	2	2	0	0	0	2	1	1	0	2	1	1	0	0	0	0	0	1	0	2
chr10	46335995	46336169	175	7	0	175	104	71	10	6	5	7	6	8	8	10	5	4	7	6	7	6	4	5	13	2	0	9	5	3	0	3	4	4	0	4	8	2	4	8
chr10	46336170	46336217	48	6	0	48	29	19	6	1	5	1	1	2	2	0	3	1	0	1	3	1	2	0	1	0	0	3	1	1	0	2	2	2	0	0	1	1	0	3
chr10	46336231	46337648	1418	7	0	1418	617	801	39	35	47	22	42	62	91	31	43	36	69	15	19	17	32	16	52	47	10	41	65	89	27	83	61	76	16	71	48	52	17	45
chr10	46337650	46337684	35	6	0	35	14	21	0	1	1	1	2	0	1	0	1	0	5	1	0	0	0	0	0	0	0	1	2	4	0	2	1	1	1	1	1	2	1	3
chr10	46337686	46338520	835	7	0	835	522	313	83	30	42	46	32	22	30	20	38	15	31	16	49	17	16	34	34	20	6	24	27	17	4	30	13	15	0	22	30	26	2	42
chr10	46338521	46338569	49	6	0	49	35	14	5	1	2	4	1	1	2	2	0	3	0	1	6	2	1	3	4	1	0	1	0	0	0	1	2	0	0	0	1	0	0	3
chr10	46338570	46338711	142	7	0	142	69	73	7	5	10	2	9	5	6	1	4	2	5	3	4	3	1	2	8	1	2	4	7	10	1	7	3	7	1	6	3	7	0	4
chr10	46338713	46338761	49	6	0	49	20	29	0	1	0	1	1	1	6	0	1	2	3	1	1	1	0	0	0	3	0	1	4	0	0	5	2	5	0	1	2	1	2	2
chr10	46338763	46338924	162	7	0	162	82	80	10	3	3	6	6	7	10	4	4	3	9	2	2	5	6	1	4	4	3	7	9	2	0	6	8	5	5	8	6	6	0	6
chr10	46338941	46339034	94	6	0	94	51	43	16	2	4	0	2	2	3	1	3	4	6	1	1	2	3	0	3	1	1	5	2	3	4	3	2	3	0	1	1	5	1	7
chr10	46339035	46339179	145	7	0	145	107	38	22	7	4	15	8	0	3	6	8	0	2	4	10	4	5	7	3	3	0	6	4	1	0	1	5	1	0	0	5	1	0	8
chr10	46339180	46339262	83	6	0	83	56	27	8	2	4	7	2	0	2	4	4	2	3	1	7	2	3	4	2	2	0	2	3	0	0	2	1	2	0	3	2	1	0	6
chr10	46339263	46339350	88	7	0	88	59	29	6	1	8	6	3	3	0	3	3	2	4	2	9	4	2	3	3	1	0	6	1	1	0	2	0	1	0	1	5	2	0	4
chr10	46339351	46339465	115	6	0	115	81	34	7	3	8	10	7	4	1	6	3	0	1	3	11	9	1	7	9	2	0	4	1	0	0	2	5	0	0	3	3	1	0	2
chr10	46339466	46339888	423	7	0	423	279	144	43	13	20	23	16	10	11	21	16	8	12	12	24	14	14	22	23	4	0	18	12	4	0	10	6	10	0	8	17	9	0	21
chr10	46339894	46340754	861	7	0	861	574	287	105	31	40	50	38	20	19	39	33	12	26	33	50	13	17	46	36	12	4	24	25	8	1	25	16	14	1	17	39	25	4	36
chr10	46340755	46340849	95	6	0	95	70	25	12	5	5	7	2	0	1	5	2	0	2	1	13	4	2	7	3	1	1	4	0	1	0	4	2	1	1	2	3	2	0	0
chr10	46340850	46340918	69	7	0	69	44	25	6	4	4	3	6	1	3	2	2	1	1	1	5	1	0	2	4	0	0	3	4	0	0	1	2	3	0	3	2	2	0	1
chr10	46340919	46340941	23	6	0	23	15	8	0	1	1	1	1	2	0	0	1	0	1	0	2	0	1	3	1	1	0	1	0	1	0	1	0	0	0	0	1	0	0	1
chr10	46340942	46341242	301	7	0	301	186	115	32	13	16	12	13	8	11	9	9	3	9	6	19	11	5	9	14	9	2	10	8	6	2	10	9	8	1	8	11	3	1	12
chr10	46341243	46341277	35	6	0	35	13	22	0	0	2	0	0	2	0	0	2	0	5	0	0	2	0	0	1	2	0	1	1	5	0	4	0	0	0	0	0	4	0	2
chr10	46341280	46341589	310	7	0	310	157	153	24	8	6	9	12	13	20	6	8	6	15	5	4	8	8	4	9	14	0	12	21	9	3	14	9	14	2	11	12	10	1	11
chr10	46341590	46341625	36	6	0	36	28	8	3	0	2	5	0	1	0	3	1	0	1	0	6	1	0	3	1	1	0	0	1	0	0	0	1	0	0	1	1	0	0	2
chr10	46341626	46342266	641	7	0	641	341	300	42	17	24	22	22	19	25	31	19	13	26	11	22	14	22	12	26	18	4	15	39	22	1	36	14	29	1	24	17	28	2	22
chr10	46342267	46342293	27	6	0	27	11	16	0	1	0	0	1	1	3	0	0	0	3	2	0	0	0	0	0	1	0	1	0	1	1	1	2	0	0	2	2	1	0	2
chr10	46342294	46342897	604	7	0	604	426	178	89	20	21	43	15	12	16	26	17	10	16	18	51	21	25	25	23	9	3	28	13	2	1	9	10	5	0	13	23	8	2	28
chr10	46342898	46343332	435	7	0	435	273	162	41	13	22	24	16	12	15	13	15	11	10	14	28	13	15	10	19	13	3	14	16	3	3	14	5	9	2	10	16	10	0	24
chr10	46343338	46343419	82	7	0	82	37	45	0	2	2	2	2	3	7	2	3	1	6	2	1	1	2	0	1	3	0	3	2	1	1	7	6	4	1	3	6	3	0	3
chr10	46343420	46343473	54	6	0	54	23	31	1	1	1	1	2	1	4	1	1	2	4	2	0	0	0	0	3	0	0	2	3	1	0	1	2	3	5	2	1	1	3	4
chr10	46343474	46343589	116	7	0	116	90	26	30	3	6	10	3	3	3	1	4	2	0	2	11	0	4	7	3	0	0	5	1	0	0	1	3	2	0	2	3	0	0	5
chr10	46343590	46343609	20	6	0	20	10	10	2	0	2	0	0	0	0	0	1	0	0	0	1	3	0	0	0	2	1	0	0	1	0	2	0	0	1	1	0	1	0	0
chr10	46343610	46343839	230	7	0	230	144	86	16	5	8	15	4	9	13	12	14	4	6	8	10	4	6	9	12	2	0	8	5	1	0	7	10	2	1	5	11	8	0	13
chr10	46343840	46343864	25	6	0	25	17	8	2	2	0	1	1	0	0	0	0	0	0	3	2	0	2	4	0	0	1	1	1	0	0	0	0	0	0	0	0	1	1	1
chr10	46343865	46344730	866	7	0	866	548	318	91	32	34	42	31	23	35	23	40	15	23	29	37	17	38	36	45	12	4	26	18	20	1	25	23	11	3	23	26	21	4	56
chr10	46344731	46344754	24	6	0	24	18	6	6	1	1	1	1	1	0	0	0	0	2	0	2	1	0	1	1	0	0	1	0	0	0	0	0	0	0	0	1	0	0	2
chr10	46344755	46345255	501	7	0	501	295	206	49	15	26	17	20	11	29	7	24	11	19	18	15	5	12	16	15	9	0	18	22	7	0	23	11	13	0	15	19	23	0	30
chr10	46345270	46345869	600	7	0	600	396	204	58	21	27	44	23	13	20	23	20	15	12	8	49	13	17	31	29	13	1	20	18	5	0	21	13	14	1	14	19	12	2	22
chr10	46345870	46345887	18	6	0	18	6	12	1	0	1	0	0	1	0	2	1	0	0	0	0	0	0	0	0	1	0	0	1	0	0	1	2	2	2	0	0	0	1	0
chr10	46345888	46346097	210	7	0	210	121	89	23	7	7	8	7	5	12	1	5	4	13	3	10	3	6	6	3	5	0	11	4	4	1	15	9	6	0	5	8	9	1	7
chr10	46346104	46346359	256	7	0	256	151	105	22	4	10	13	9	8	8	13	8	5	7	8	11	5	6	12	7	7	0	8	11	12	1	9	8	4	1	9	12	10	0	6
chr10	46346360	46346373	14	6	0	14	6	8	0	0	0	0	0	1	1	0	0	0	1	0	0	1	0	1	0	0	2	0	1	1	0	0	0	0	0	2	0	1	0	0
chr10	46346374	46346514	141	7	0	141	93	48	6	4	5	10	2	3	4	9	10	1	4	1	7	2	2	22	1	5	0	4	8	2	0	4	3	2	0	3	6	5	0	4
chr10	46346515	46346539	25	6	0	25	25	0	0	0	0	0	0	0	0	0	0	0	0	0	0	0	0	23	0	0	0	0	0	0	0	0	0	0	0	0	0	0	0	0
chr10	46346544	46346677	134	7	0	134	85	49	9	4	2	9	7	1	6	7	4	3	3	6	4	5	3	12	7	1	0	4	5	3	1	2	1	3	1	3	7	4	0	5
chr10	46346678	46346718	41	6	0	41	22	19	1	1	1	1	1	2	3	0	2	1	3	1	0	2	0	2	3	1	0	2	2	1	0	1	1	0	0	0	1	2	0	4
chr10	46346719	46347086	368	7	0	368	228	140	32	19	19	15	22	8	10	13	19	6	9	12	12	4	12	14	14	10	1	12	14	6	2	9	9	6	1	10	17	9	0	20
chr10	46347087	46347137	51	6	0	51	33	18	5	1	0	3	2	3	2	2	1	0	0	1	1	3	2	6	3	2	0	2	3	0	0	1	2	1	0	1	1	1	0	0
chr10	46347138	46347235	98	7	0	98	61	37	11	7	3	3	7	1	3	4	2	2	1	2	3	2	4	5	6	2	0	4	3	0	2	3	3	5	0	2	3	1	0	2
chr10	46347236	46347256	21	6	0	21	15	6	2	0	0	2	0	0	1	1	1	1	0	1	1	0	0	3	0	0	0	1	1	0	0	1	0	0	0	0	1	2	0	0
chr10	46347257	46347380	124	7	0	124	78	46	11	3	3	10	7	3	2	11	9	1	2	3	0	4	4	4	4	4	0	3	7	3	0	1	5	1	0	2	8	2	0	5
chr10	46347382	46347594	213	7	0	213	112	101	14	7	5	6	8	7	8	12	6	7	7	8	4	4	3	4	10	6	3	6	12	6	5	7	4	9	1	4	10	9	3	6
chr10	46347595	46347620	26	6	0	26	8	18	0	0	0	0	0	3	1	0	0	0	1	0	0	1	0	0	1	2	1	0	2	1	2	1	0	2	3	1	1	1	0	0
chr10	46347621	46347701	81	7	0	81	34	47	0	2	2	1	3	3	4	1	2	0	7	5	0	1	1	0	0	4	0	2	3	2	3	5	5	4	2	3	4	3	3	4
chr10	46347710	46347730	21	6	0	21	7	14	0	1	0	0	1	0	3	0	0	0	1	0	0	0	0	0	1	0	0	0	2	1	0	1	1	2	1	2	0	1	0	1
chr10	46347731	46347991	261	7	0	261	173	88	35	6	7	15	10	6	7	23	3	4	4	18	15	5	2	12	13	6	0	2	8	6	1	4	9	1	1	7	15	6	0	8
chr10	46347992	46348004	13	6	0	13	7	6	1	2	0	0	2	1	0	0	0	0	0	0	0	0	0	0	1	1	0	0	1	1	0	0	0	0	0	0	1	0	0	0
chr10	46348005	46348326	322	7	0	322	191	131	22	13	15	12	16	6	13	12	16	4	11	11	8	10	9	13	15	5	0	13	7	11	2	12	8	5	0	9	16	11	2	13
chr10	46348327	46348402	76	6	0	76	53	23	12	4	4	4	5	0	2	0	3	1	1	3	5	0	4	3	0	2	0	3	2	1	0	1	2	0	0	4	4	1	0	3
chr10	46348403	46349399	997	7	0	997	617	380	83	26	48	54	38	23	31	35	37	21	37	19	54	39	38	32	31	25	5	48	24	17	3	37	33	17	2	24	39	22	8	45
chr10	46349400	46349436	37	6	0	37	26	11	3	1	2	3	2	2	1	0	2	0	0	1	2	2	0	4	3	1	0	1	0	0	0	1	1	0	0	0	2	0	0	1
chr10	46349437	46349551	115	7	0	115	85	30	10	0	3	15	3	2	2	4	2	1	1	3	14	8	8	8	4	0	1	6	0	0	0	3	6	0	0	2	1	2	1	3
chr10	46349552	46349632	81	6	0	81	29	52	1	0	1	1	1	3	6	0	0	0	7	5	1	3	0	0	1	1	2	2	4	3	1	7	2	7	5	3	3	3	4	2
chr10	46349633	46349857	225	7	0	225	106	119	15	4	2	8	3	7	11	4	3	5	14	3	8	5	7	6	4	4	4	9	9	8	10	7	5	13	9	11	7	8	3	7
chr10	46349867	46349940	74	7	0	74	57	17	16	1	4	9	2	0	2	2	6	0	1	1	5	1	2	4	1	0	0	1	1	0	0	0	2	1	0	3	2	0	0	5
chr10	46349942	46350019	78	7	0	78	40	38	17	1	1	0	2	4	3	0	1	3	7	0	0	0	0	0	1	0	1	6	2	1	4	1	2	4	3	1	3	3	2	3
chr10	46350020	46350041	22	6	0	22	10	12	0	1	1	0	0	0	2	0	1	0	2	0	1	0	0	0	0	1	0	0	1	1	0	2	1	1	0	2	1	1	0	1
chr10	46350042	46350734	693	7	0	693	393	300	40	19	23	33	24	19	27	26	22	17	25	21	29	19	15	33	28	18	7	21	23	19	11	23	14	19	7	24	31	19	13	22
chr10	46350735	46350744	10	6	0	10	5	5	0	0	0	1	0	0	1	0	1	0	1	1	0	0	0	0	0	0	0	0	1	0	0	0	0	0	0	0	0	0	0	2
chr10	46350745	46350832	88	7	0	88	57	31	9	4	6	4	2	3	4	0	5	2	1	3	6	1	2	3	2	2	3	4	3	1	0	1	2	0	0	2	2	2	1	6
chr10	46350833	46350845	13	6	0	13	9	4	3	0	1	0	1	0	0	1	0	0	0	2	0	0	0	0	0	0	0	0	0	0	0	0	1	0	0	0	1	0	0	1
chr10	46350846	46352709	1864	7	0	1864	1151	713	167	61	87	111	89	67	58	63	79	27	64	52	91	33	48	54	72	35	7	74	60	34	5	52	56	35	6	53	89	48	8	77
chr10	46352719	46352913	195	7	0	195	106	89	17	3	6	8	8	7	10	5	3	7	10	4	5	2	2	7	4	6	1	8	12	6	0	5	7	5	5	5	7	6	2	10
chr10	46352914	46352951	38	6	0	38	23	15	6	1	3	0	0	0	0	1	3	2	0	0	1	1	1	3	0	2	1	0	0	1	1	2	1	0	0	1	1	1	2	1
chr10	46352952	46353151	200	7	0	200	130	70	26	10	7	12	8	2	6	6	12	2	4	3	9	4	5	12	8	3	3	4	3	6	2	6	5	5	3	1	6	3	0	12
chr10	46353152	46353191	40	6	0	40	29	11	3	3	0	4	2	0	1	3	1	0	0	2	3	0	2	3	3	0	0	0	0	0	0	2	0	2	0	0	3	0	0	1
chr10	46353192	46353625	434	7	0	434	291	143	33	10	18	31	23	16	10	12	14	7	13	16	23	11	20	32	23	8	0	13	7	1	0	11	11	5	0	14	20	5	2	23
chr10	46353626	46353649	24	6	0	24	12	12	0	1	0	0	0	0	2	2	0	1	0	1	1	2	1	0	0	2	0	2	2	2	0	1	0	0	0	0	2	0	0	0
chr10	46353650	46354291	642	7	0	642	349	293	56	23	22	20	31	23	29	14	17	13	30	11	19	12	12	15	26	21	4	20	27	17	8	23	22	20	10	24	22	17	6	26
chr10	46354292	46354435	144	6	0	144	58	86	0	3	2	2	4	7	10	5	2	3	13	1	1	3	2	0	4	4	0	7	9	6	1	8	9	9	2	6	4	6	3	6
chr10	46354436	46355291	856	7	0	856	536	320	91	33	38	42	37	31	29	28	30	11	25	24	47	21	16	32	32	18	9	36	31	7	5	21	22	21	5	22	40	18	3	29
chr10	46355293	46355556	264	7	0	264	174	90	24	7	15	20	12	5	8	13	13	7	3	4	16	10	7	9	11	5	3	9	6	2	0	6	8	5	0	7	13	2	1	11
chr10	46355557	46355856	300	7	0	300	155	145	19	10	8	11	10	12	18	7	10	2	12	8	10	7	7	2	10	10	0	11	17	7	2	19	6	19	2	9	14	9	4	6
chr10	46355862	46355906	45	7	0	45	22	23	2	2	2	1	4	2	2	1	0	1	3	0	1	1	0	0	1	2	0	3	4	1	0	1	3	2	0	1	0	1	0	2
chr10	46355909	46355933	25	7	0	25	25	0	23	0	0	0	0	0	0	0	0	0	0	0	0	0	0	0	0	0	0	0	0	0	0	0	0	0	0	0	0	0	0	0
chr10	46355937	46356064	128	7	0	128	70	58	7	7	6	3	3	6	5	4	6	3	4	2	7	2	2	3	8	5	0	5	5	4	2	6	4	3	0	1	1	5	2	5
chr10	46356065	46356093	29	6	0	29	16	13	4	0	3	0	1	0	2	0	0	1	1	1	2	0	0	0	0	0	0	1	1	0	0	3	1	3	0	0	1	0	0	2
chr10	46356094	46356358	265	7	0	265	173	92	22	12	9	13	8	6	9	16	14	4	9	4	12	12	9	13	17	4	1	12	6	2	1	5	3	5	0	4	14	3	0	14
chr10	46356359	46356369	11	6	0	11	6	5	0	0	0	0	0	0	0	3	0	0	0	1	0	1	0	0	1	0	0	0	1	0	0	0	0	1	0	0	1	0	0	0
chr10	46356370	46356522	153	7	0	153	99	54	15	6	11	6	6	3	8	0	9	2	5	3	9	7	1	7	5	3	1	9	3	1	0	6	4	0	0	2	5	6	1	7
chr10	46356527	46356582	56	7	0	56	38	18	4	2	3	1	1	0	3	3	2	0	2	5	3	1	2	5	1	1	0	1	0	0	0	1	3	0	0	1	3	0	0	6
chr10	46356583	46356628	46	6	0	46	30	16	5	1	2	4	3	2	0	2	1	0	2	0	2	2	0	2	1	2	0	3	1	0	1	1	2	1	1	0	3	0	0	0
chr10	46356629	46356815	187	7	0	187	123	64	18	8	9	6	6	4	8	11	7	2	4	8	10	9	6	7	11	0	0	11	4	2	0	0	6	1	0	7	8	3	0	9
chr10	46356817	46356843	27	7	0	27	27	0	25	0	0	0	0	0	0	0	0	0	0	0	0	0	0	0	0	0	0	0	0	0	0	0	0	0	0	0	0	0	0	0
chr10	46356844	46357012	169	7	0	169	81	88	12	2	4	7	4	4	13	5	5	2	10	4	3	3	2	0	4	2	0	5	9	5	1	9	10	10	4	8	3	7	3	7
chr10	46357014	46357041	28	7	0	28	19	9	8	1	1	0	1	1	1	0	1	1	0	0	1	1	0	0	2	2	0	0	1	1	0	1	0	0	0	0	1	0	0	1
chr10	46357048	46357184	137	7	0	137	70	67	8	1	5	4	4	9	7	4	2	3	5	5	4	3	2	3	6	7	1	2	10	3	0	9	2	6	0	4	6	5	1	4
chr10	46357185	46357311	127	6	0	127	69	58	7	5	4	8	3	7	4	5	10	0	5	0	4	2	2	2	5	4	2	3	9	3	1	7	4	2	0	2	1	10	1	3
chr10	46357312	46357389	78	7	0	78	29	49	1	4	1	0	3	6	6	0	2	2	4	0	0	0	0	0	3	4	1	4	6	7	1	4	4	2	0	3	2	5	1	0
chr10	46357390	46357434	45	6	0	45	22	23	2	2	1	0	1	1	3	3	1	3	2	1	1	1	0	0	3	3	0	1	3	1	0	2	1	0	0	1	1	3	0	2
chr10	46357435	46357487	53	7	0	53	23	30	2	0	2	1	1	1	2	3	2	2	4	2	0	0	0	0	2	2	0	0	2	4	3	1	1	1	0	3	2	3	1	4
chr10	46357488	46357535	48	6	0	48	23	25	2	1	3	1	0	1	2	4	1	0	2	1	4	0	0	0	1	0	0	1	3	4	0	1	3	2	1	4	0	1	1	2
chr10	46357536	46357702	167	7	0	167	98	69	11	1	9	9	4	7	3	10	10	5	2	6	4	2	5	9	5	5	3	2	9	3	1	6	1	5	1	5	9	6	1	6
chr10	46357709	46357790	82	7	0	82	36	46	2	0	3	1	2	3	3	6	1	3	3	2	1	0	2	3	2	3	0	1	7	5	2	2	4	4	0	6	2	5	0	2
chr10	46357791	46357832	42	6	0	42	16	26	0	1	1	0	2	2	3	0	0	0	2	1	0	1	0	1	0	3	0	1	4	5	0	2	2	2	0	4	1	1	0	1
chr10	46357833	46357933	101	7	0	101	57	44	10	4	7	2	6	7	2	3	4	2	2	1	3	0	1	2	4	2	3	3	7	0	0	2	4	6	0	2	3	1	1	5
chr10	46357934	46358081	148	6	0	148	61	87	4	1	3	1	3	2	13	9	1	5	7	6	1	1	0	2	1	2	2	4	14	5	1	5	9	11	4	10	3	7	5	4
chr10	46358082	46358164	83	7	0	83	40	43	1	2	2	3	3	6	5	3	3	3	4	1	1	1	1	1	5	1	0	6	6	4	0	3	1	3	0	1	5	4	0	2
chr10	46358165	46358178	14	6	0	14	7	7	0	0	0	1	0	1	2	0	0	1	0	1	0	0	0	0	0	0	0	2	1	0	0	0	2	0	0	0	0	1	0	0
chr10	46358179	46358318	140	7	0	140	62	78	3	4	3	2	6	3	10	5	3	4	6	5	1	0	3	2	4	4	1	2	9	7	2	7	6	8	2	8	6	6	1	5
chr10	46358319	46358370	52	6	0	52	27	25	2	2	3	1	1	2	0	1	4	1	3	2	1	1	0	2	0	1	3	1	3	1	2	2	0	0	0	0	1	6	1	3
chr10	46358371	46358422	52	7	0	52	20	32	1	0	2	0	0	2	6	0	2	1	2	0	0	1	1	0	1	1	0	2	4	5	0	2	3	4	0	5	1	1	0	3
chr10	46358423	46358439	17	6	0	17	3	14	0	0	0	0	0	1	2	0	0	0	0	0	0	0	0	0	0	1	0	0	1	1	2	1	2	2	1	1	0	0	0	0
chr10	46358440	46358533	94	7	0	94	33	61	0	1	0	0	0	5	9	4	1	4	7	2	0	0	0	0	3	3	4	0	4	4	3	7	7	5	0	5	4	6	1	3
chr10	46358534	46358592	59	6	0	59	22	37	0	0	1	1	1	1	6	2	1	1	2	3	0	2	0	0	2	2	0	0	5	2	1	4	3	4	3	3	1	4	0	2
chr10	46358593	46359008	416	7	0	416	238	178	41	8	11	20	14	18	19	15	14	10	8	9	12	12	8	18	20	5	9	14	13	10	6	13	16	17	4	9	17	11	3	10
chr10	46359009	46359019	11	6	0	11	9	2	1	1	0	1	0	0	0	1	1	0	0	0	1	0	0	2	0	0	0	0	0	0	0	0	0	0	0	0	1	0	0	0
chr10	46359020	46359072	53	7	0	53	40	13	15	0	1	5	2	2	0	4	1	0	1	1	2	2	0	2	3	1	0	0	1	0	0	1	3	1	0	0	2	0	0	1
chr10	46359073	46359332	260	7	0	260	124	136	14	6	2	6	7	14	17	7	4	5	15	8	4	4	6	3	8	10	4	7	16	6	3	14	13	12	0	11	8	11	5	8
chr10	46359333	46359353	21	6	0	21	5	16	0	0	0	0	0	2	0	0	0	0	1	0	0	2	0	0	0	2	2	0	1	2	2	0	0	2	1	1	1	0	0	0
chr10	46359354	46359426	73	7	0	73	46	27	2	2	3	6	2	2	2	4	2	1	3	2	7	1	2	4	2	1	0	3	3	1	0	1	1	3	0	2	4	1	0	4
chr10	46359427	46359438	12	6	0	12	7	5	0	2	0	0	0	0	1	0	1	0	0	0	1	1	0	0	1	1	0	1	0	0	0	1	0	0	0	0	0	0	0	0
chr10	46359439	46359562	124	7	0	124	59	65	6	2	1	2	2	5	7	5	1	3	5	7	3	2	7	0	3	5	0	4	7	4	1	8	2	7	3	4	7	5	0	4
chr10	46359563	46359727	165	6	0	165	87	78	25	3	2	4	4	6	7	8	1	2	6	7	4	2	3	1	5	6	1	1	10	6	4	7	4	10	2	6	6	5	1	4
chr10	46359730	46359809	80	6	0	80	30	50	0	1	1	1	1	5	6	1	2	1	4	0	1	2	3	0	2	4	1	2	7	4	1	7	2	6	2	4	2	4	0	1
chr10	46359811	46360190	380	7	0	380	202	178	37	4	13	15	15	14	21	12	9	5	23	9	9	7	4	4	8	9	1	12	20	8	2	11	22	13	5	20	12	12	4	18
chr10	46360196	46360551	356	7	0	356	194	162	20	5	16	12	14	5	17	17	15	5	17	14	5	10	12	9	12	8	1	4	11	6	5	14	16	11	1	22	14	11	3	22
chr10	46360552	46360669	118	6	0	118	64	54	7	2	7	5	7	5	3	5	5	3	5	0	2	3	5	0	4	3	0	6	6	3	0	4	3	3	0	8	6	4	0	2
chr10	46360670	46361282	613	7	0	613	313	300	31	8	27	14	16	25	40	21	19	17	37	12	14	9	11	11	16	15	0	28	33	18	0	28	26	25	1	24	26	21	3	35
chr10	46361283	46361663	381	8	0	381	229	152	26	11	17	21	14	7	19	15	24	9	10	11	12	7	12	13	15	6	2	11	9	9	0	15	11	5	1	13	20	14	1	19
chr10	46361664	46361686	23	7	0	23	20	3	8	0	0	2	1	0	0	0	0	1	1	0	1	0	0	4	0	0	0	1	0	0	0	0	0	0	0	0	1	0	0	1
chr10	46361687	46361758	72	8	0	72	33	39	1	2	2	1	3	5	6	0	2	3	7	1	0	0	0	0	2	2	0	6	4	2	0	3	3	1	0	2	5	3	0	4
chr10	46361760	46361856	97	8	0	97	48	49	6	1	2	5	2	2	6	0	2	1	5	2	4	4	3	1	2	2	2	3	4	2	1	6	2	6	4	4	2	3	3	3
chr10	46361864	46361913	50	8	0	50	19	31	0	2	0	0	1	2	5	0	1	2	2	2	0	0	0	0	1	4	0	1	5	1	1	5	0	4	1	1	3	3	0	1
chr10	46361915	46362483	569	8	0	569	322	247	35	10	21	29	21	17	24	23	25	9	10	19	14	13	13	38	21	17	4	7	23	21	7	23	19	21	4	16	22	16	3	22
chr10	46362484	46362495	12	7	0	12	7	5	0	0	0	1	0	0	0	1	0	1	1	0	1	0	0	1	1	0	0	0	0	0	0	1	0	0	0	0	0	1	1	0
chr10	46362496	46362591	96	8	0	96	60	36	7	4	7	3	2	4	4	1	7	3	1	0	6	2	4	4	4	1	2	6	2	0	1	1	1	1	1	4	4	2	0	5
chr10	46362592	46362604	13	7	0	13	6	7	0	1	0	0	0	0	0	0	1	0	0	0	0	1	1	0	0	1	1	1	0	2	1	0	0	0	0	0	0	0	0	1
chr10	46362605	46362685	81	8	0	81	47	34	9	4	4	1	4	1	2	4	5	2	2	2	1	0	2	3	2	1	0	4	5	5	0	2	2	1	0	1	2	5	0	3
chr10	46362686	46362738	53	7	0	53	30	23	0	2	1	4	5	1	0	4	1	0	1	1	1	3	1	3	2	4	0	1	5	3	0	1	3	1	0	0	1	1	0	1
chr10	46362739	46363087	349	8	0	349	189	160	21	11	11	18	14	11	16	9	12	5	14	5	14	8	8	12	8	11	2	14	17	9	4	16	12	18	4	7	13	9	2	12
chr10	46363088	46363102	15	7	0	15	7	8	1	0	1	0	1	1	1	0	0	0	0	0	0	0	0	0	0	1	0	1	2	1	0	0	1	0	0	1	0	1	0	0
chr10	46363103	46363154	52	8	0	52	28	24	4	3	0	2	3	4	2	2	0	1	1	0	1	1	1	1	6	3	0	0	2	1	2	2	1	3	0	2	2	0	0	0
chr10	46363155	46363336	182	7	0	182	97	85	18	3	2	9	8	6	9	6	2	0	10	4	5	5	4	4	4	5	1	4	10	4	3	8	11	9	0	10	4	7	2	3
chr10	46363337	46363463	127	8	0	127	60	67	12	3	3	2	5	6	7	4	1	3	6	4	1	1	0	0	3	8	0	2	12	5	0	9	2	7	2	3	5	6	0	3
chr10	46363464	46363693	230	8	0	230	114	116	11	6	5	7	9	9	12	9	5	2	14	9	4	5	4	3	4	9	2	5	13	6	3	12	10	8	0	12	12	11	1	6
chr10	46363694	46363761	68	7	0	68	34	34	10	0	2	3	1	3	3	0	2	0	2	1	3	1	2	0	1	0	2	1	3	1	2	4	1	7	3	3	2	2	1	0
chr10	46363762	46364861	1100	8	0	1100	622	478	65	36	36	61	29	31	50	40	59	17	41	32	45	23	19	37	36	23	8	39	43	46	10	45	28	22	9	19	44	53	9	43
chr10	46364862	46364909	48	7	0	48	19	29	0	1	1	0	0	1	5	0	2	1	8	0	0	0	0	0	0	1	1	1	2	2	0	3	2	0	1	3	2	4	0	5
chr10	46364910	46365482	573	8	0	573	274	299	23	19	22	11	22	17	36	18	22	5	33	14	9	12	4	5	20	14	4	15	26	25	6	37	27	24	3	24	21	31	3	19
chr10	46365486	46365530	45	8	0	45	45	0	0	0	0	15	0	0	0	0	0	0	0	0	14	0	0	14	0	0	0	0	0	0	0	0	0	0	0	0	0	0	0	0
chr10	46365538	46365588	51	8	0	51	28	23	3	2	0	3	0	1	5	0	4	1	3	2	0	0	1	1	2	1	0	1	2	2	1	0	1	0	1	2	2	2	0	6
chr10	46365589	46365631	43	7	0	43	18	25	1	1	1	0	0	1	3	1	2	0	4	1	0	1	0	1	1	1	0	1	2	4	1	2	1	2	1	2	1	2	0	3
chr10	46365632	46365646	15	7	0	15	7	8	0	0	1	0	1	0	2	1	0	1	0	1	0	0	0	0	0	0	0	1	1	0	0	0	2	0	0	0	1	1	0	0
chr10	46365647	46365723	77	8	0	77	33	44	0	0	0	2	0	7	4	1	2	3	10	0	0	0	3	1	3	2	2	3	4	3	0	6	1	3	0	0	3	5	0	7
chr10	46365724	46365758	35	7	0	35	19	16	0	1	2	2	1	2	1	0	3	0	3	1	1	0	0	1	0	2	0	1	1	0	0	3	1	0	0	0	2	2	0	3
chr10	46365759	46366347	589	8	0	589	293	296	23	14	21	18	19	26	38	17	20	18	25	15	14	8	8	8	25	16	6	18	38	18	3	25	18	23	4	23	20	27	5	26
chr10	46366348	46366401	54	7	0	54	28	26	1	2	1	3	4	0	3	1	1	3	2	1	0	0	4	0	1	0	0	4	3	1	0	2	1	3	0	4	3	2	2	0
chr10	46366402	46367300	899	8	0	899	364	535	12	8	26	16	21	37	68	31	21	33	41	19	8	2	14	6	28	35	3	14	63	82	7	62	32	54	4	36	34	43	0	37
chr10	46367301	46367312	12	7	0	12	2	10	0	0	0	0	0	1	0	0	0	0	1	0	0	0	0	0	0	0	0	1	1	5	0	0	0	0	0	0	0	0	1	0
chr10	46367313	46367807	495	8	0	495	224	271	18	8	15	15	14	14	34	17	18	16	17	7	6	7	6	11	20	15	4	7	27	40	5	30	18	27	3	16	14	21	4	19
chr10	46367809	46367906	98	8	0	98	38	60	1	1	0	2	1	2	11	2	0	4	8	2	2	1	1	0	4	0	0	4	7	7	0	8	3	7	0	6	2	8	0	2
chr10	46367908	46368424	517	8	0	517	218	299	7	6	18	5	11	22	34	22	12	13	31	9	6	6	14	2	13	16	4	13	31	26	3	41	27	30	2	27	18	29	1	16
chr10	46368426	46368540	115	8	0	115	45	70	0	1	3	0	2	10	11	1	2	4	8	1	0	1	1	0	3	6	2	5	4	7	0	7	6	5	1	7	11	0	0	4
chr10	46368542	46369175	634	8	0	634	246	388	7	8	19	4	13	20	53	17	14	19	28	8	4	8	17	7	16	21	2	16	41	51	7	51	29	48	4	31	17	30	3	19
chr10	46369177	46369282	106	8	0	106	35	71	1	0	1	0	0	2	9	0	1	4	6	4	0	3	3	0	1	3	2	3	5	12	4	9	3	7	3	3	2	7	1	5
chr10	46369284	46370125	842	8	0	842	430	412	62	19	31	26	30	32	49	22	26	23	35	15	20	14	11	15	23	32	6	27	44	35	5	46	30	33	5	26	35	30	6	27
chr10	46370126	46370140	15	8	0	15	8	7	2	0	1	0	1	0	0	0	1	0	2	0	0	0	0	0	0	0	0	0	1	1	0	0	0	0	0	2	0	1	0	1
chr10	46370141	46370237	97	8	0	97	49	48	3	2	6	2	5	1	4	4	5	1	6	0	0	1	5	2	1	0	1	3	4	2	0	3	6	5	1	10	4	2	0	6
chr10	46370238	46370252	15	7	0	15	10	5	1	1	0	0	2	1	1	0	0	0	0	1	0	1	0	1	2	0	0	1	0	0	0	0	0	0	0	0	1	0	0	0
chr10	46370253	46370852	600	8	0	600	278	322	21	16	22	16	19	20	32	19	27	13	34	11	8	4	12	4	15	20	4	14	34	29	7	33	16	31	10	22	25	22	7	31
chr10	46370854	46370896	43	8	0	43	20	23	1	0	3	1	1	1	2	3	3	1	3	0	0	0	0	0	1	1	0	0	3	3	0	2	0	1	0	3	3	3	0	2
chr10	46370898	46370990	93	8	0	93	36	57	0	1	1	0	1	3	9	3	0	3	3	4	1	1	3	3	4	3	0	1	7	10	0	6	2	7	0	5	2	4	0	4
chr10	46370991	46371476	486	8	0	486	207	279	8	13	15	3	10	19	39	12	14	18	31	3	7	4	7	4	20	15	2	17	24	28	8	33	18	26	2	18	18	23	2	23
chr10	46371478	46371532	55	8	0	55	22	33	1	0	1	1	1	3	3	2	0	0	4	3	1	1	0	0	1	2	0	1	4	3	1	4	2	3	1	3	3	4	0	0
chr10	46371534	46371738	205	8	0	205	93	112	7	2	2	4	2	10	12	7	2	4	12	5	4	6	10	4	5	9	2	6	12	8	4	11	9	11	0	11	5	7	2	8
chr10	46371740	46371773	34	8	0	34	26	8	15	0	1	2	1	0	0	0	1	2	2	0	0	0	0	0	0	1	0	1	0	0	1	0	0	0	0	0	1	0	1	3
chr10	46371775	46371794	20	8	0	20	4	16	0	0	0	0	0	2	1	0	0	0	1	0	0	0	0	0	0	1	1	0	2	3	1	0	0	2	2	1	1	0	0	0
chr10	46371796	46372041	246	8	0	246	107	139	9	2	3	5	3	14	15	4	4	5	15	9	3	6	7	2	6	9	3	9	14	9	6	12	8	12	7	11	9	11	4	8
chr10	46372042	46372068	27	8	0	27	27	0	25	0	0	0	0	0	0	0	0	0	0	0	0	0	0	0	0	0	0	0	0	0	0	0	0	0	0	0	0	0	0	0
chr10	46372069	46372235	167	8	0	167	121	46	13	5	5	13	4	4	1	14	6	1	4	5	15	11	8	10	14	1	0	6	1	0	0	4	1	0	0	3	7	4	0	5
chr10	46372237	46372255	19	8	0	19	9	10	0	0	1	0	0	0	2	1	0	0	1	1	1	0	1	0	0	0	0	0	0	0	0	1	1	1	0	4	1	0	0	1
chr10	46372257	46372850	594	8	0	594	297	297	29	13	18	17	18	25	32	22	15	16	32	11	16	8	10	14	17	25	2	18	38	25	3	31	19	22	2	21	23	25	3	22
chr10	46372851	46372876	26	7	0	26	21	5	2	2	0	2	0	0	0	2	0	1	0	0	4	1	2	3	2	0	0	2	0	0	0	0	0	0	0	0	0	0	0	1
chr10	46372877	46372996	120	8	0	120	79	41	16	2	5	10	6	0	3	2	5	3	4	4	6	1	5	6	2	0	0	4	4	2	0	3	0	4	2	2	5	4	0	8
chr10	46372998	46373007	10	8	0	10	10	0	8	0	0	0	0	0	0	0	0	0	0	0	0	0	0	0	0	0	0	0	0	0	0	0	0	0	0	0	0	0	0	0
chr10	46373011	46373559	549	8	0	549	311	238	43	11	23	26	24	20	27	26	20	18	12	15	16	7	6	17	20	12	1	22	31	17	3	15	20	17	0	13	25	20	2	18
chr10	46373560	46373651	92	8	0	92	61	31	9	3	2	7	5	2	1	7	3	1	1	2	4	4	2	8	7	0	0	2	5	1	0	1	1	1	2	2	2	4	0	1
chr10	46373659	46373949	291	8	0	291	162	129	21	9	11	11	20	10	12	6	7	6	11	6	5	9	8	8	16	9	0	9	11	9	1	12	10	9	3	10	11	6	2	11
chr10	46373954	46374359	406	8	0	406	227	179	26	10	11	15	9	11	23	17	13	10	11	10	14	9	19	18	15	11	1	13	14	16	1	19	15	13	0	16	16	11	0	17
chr10	46374360	46374399	40	7	0	40	27	13	7	3	0	1	0	0	3	1	3	0	0	0	1	1	2	4	3	0	0	2	1	2	0	1	0	0	0	0	0	2	0	1
chr10	46374400	46374672	273	8	0	273	150	123	20	6	15	7	10	4	21	10	12	9	12	11	5	1	4	2	9	4	0	7	5	7	0	12	15	4	1	14	16	9	1	18
chr10	46374673	46374844	172	8	0	172	84	88	10	7	2	5	6	7	12	2	4	2	11	0	3	5	5	1	6	5	1	9	9	6	2	10	8	9	1	4	4	7	0	7
chr10	46374845	46374943	99	7	0	99	44	55	2	2	3	1	3	5	4	5	1	2	5	6	2	1	1	0	2	5	1	1	9	4	0	6	2	6	1	3	5	4	2	3
chr10	46374945	46374973	29	8	0	29	17	12	2	0	0	3	0	1	2	0	1	0	1	0	2	0	1	3	0	1	0	0	2	1	0	1	1	2	0	0	0	0	0	3
chr10	46374975	46375034	60	8	0	60	28	32	0	1	2	0	2	3	2	2	0	1	3	3	1	2	4	1	2	1	0	4	3	3	0	4	2	6	0	0	3	0	0	3
chr10	46375035	46375055	21	7	0	21	13	8	1	0	2	0	0	0	0	2	3	0	3	0	0	0	0	0	0	1	0	0	0	0	0	1	0	0	0	0	2	0	0	4
chr10	46375056	46375150	95	8	0	95	41	54	2	2	2	2	1	5	4	6	4	3	6	2	1	0	1	0	2	5	1	2	8	5	1	5	3	2	0	3	3	7	2	3
chr10	46375151	46375161	11	7	0	11	4	7	0	0	0	0	0	2	1	0	0	0	0	0	0	0	0	0	1	1	0	0	2	0	0	0	0	1	0	1	0	0	0	0
chr10	46375162	46375305	144	8	0	144	54	90	0	1	2	0	1	8	15	6	1	4	7	3	1	2	0	3	4	7	0	4	13	6	3	8	6	14	1	7	6	4	0	5
chr10	46375307	46375338	32	7	0	32	17	15	6	0	1	1	1	0	0	1	2	0	1	0	0	0	0	2	0	0	0	0	0	5	2	1	1	2	0	1	2	1	0	0
chr10	46375340	46375352	13	7	0	13	11	2	0	0	0	2	1	0	0	1	0	0	0	0	1	0	0	4	0	0	0	0	0	0	0	0	2	0	0	0	0	0	0	0
chr10	46375354	46375422	69	7	0	69	37	32	3	1	0	5	1	3	2	7	2	0	2	2	3	1	2	2	1	2	0	2	6	2	1	1	2	4	1	3	4	2	0	0
chr10	46375423	46375654	232	8	0	232	104	128	6	5	4	7	6	11	21	3	4	3	10	5	6	6	3	3	10	6	1	8	18	13	1	11	7	15	2	12	6	8	2	7
chr10	46375655	46375718	64	7	0	64	15	49	1	0	1	0	1	1	6	0	0	0	2	0	0	1	1	0	1	1	0	0	3	10	3	5	4	9	5	4	0	1	1	1
chr10	46375719	46375822	104	8	0	104	38	66	0	1	3	0	3	8	8	1	1	3	9	1	0	0	0	0	4	3	2	3	6	6	1	5	6	6	1	7	4	5	0	5
chr10	46375823	46375899	77	7	0	77	33	44	4	0	5	1	1	5	4	1	4	0	4	2	1	1	0	0	0	3	0	2	6	5	1	4	3	5	0	3	2	3	1	4
chr10	46375900	46376302	403	8	0	403	169	234	10	6	12	7	11	20	24	15	12	10	21	5	2	6	5	3	15	13	3	10	23	36	4	27	20	22	1	10	12	19	2	15
chr10	46376303	46376317	15	7	0	15	6	9	1	0	2	0	1	0	0	0	0	0	1	0	0	0	0	0	0	0	0	0	1	2	0	0	0	1	0	3	0	1	0	0
chr10	46376318	46376582	265	8	0	265	117	148	4	5	16	3	8	4	19	8	11	7	16	5	5	4	1	0	4	11	0	5	9	14	2	28	11	12	0	13	15	16	0	7
chr10	46376584	46376660	77	8	0	77	27	50	1	3	1	0	0	0	7	3	4	0	5	1	0	0	2	0	0	2	0	1	4	8	3	4	4	6	0	7	2	3	1	3
chr10	46376663	46377723	1061	8	0	1061	465	596	19	19	35	8	30	41	86	28	28	38	56	22	4	13	25	12	39	34	2	35	57	53	9	69	46	53	3	50	43	48	6	48
chr10	46377724	46377821	98	8	0	98	44	54	6	2	4	0	4	3	5	2	2	2	8	1	0	1	2	1	4	2	2	0	6	5	0	7	4	8	0	2	1	3	0	9
chr10	46377822	46378106	285	8	0	285	137	148	10	5	9	7	4	12	26	3	11	11	14	4	6	1	7	6	11	7	1	10	11	9	2	18	11	13	0	14	13	12	1	14
chr10	46378107	46378200	94	8	0	94	37	57	1	1	1	1	1	5	8	4	0	2	5	1	2	3	1	0	4	5	0	2	3	5	2	7	9	3	2	6	2	4	1	1
chr10	46378201	46378426	226	8	0	226	92	134	1	5	6	2	2	11	20	5	11	6	13	4	0	2	3	1	6	6	4	8	12	16	3	12	10	8	1	13	10	13	2	8
chr10	46378433	46378913	481	8	0	481	266	215	17	7	24	18	14	21	22	24	19	9	16	23	16	12	10	13	24	10	2	13	28	9	1	16	14	9	1	20	15	25	4	23
chr10	46378914	46379257	344	8	0	344	183	161	13	6	13	13	9	12	11	21	13	6	15	19	10	7	8	7	8	11	1	11	25	14	1	16	8	6	2	3	12	24	0	17
chr10	46379266	46380345	1080	8	0	1080	466	614	24	22	43	10	30	55	91	25	36	24	54	20	9	8	8	7	40	39	3	27	58	78	6	58	57	46	5	61	46	37	2	49
chr10	46380352	46380951	600	8	0	600	245	355	14	12	21	9	20	20	40	17	15	12	34	13	7	4	4	1	15	14	6	14	36	46	11	37	22	50	5	25	25	20	6	23
chr10	46380953	46381676	724	8	0	724	307	417	22	17	28	11	22	26	50	21	27	14	26	12	7	7	10	6	22	26	5	12	42	58	8	44	38	43	7	32	17	26	10	26
chr10	46381677	46381712	36	8	0	36	13	23	0	0	2	0	1	3	2	0	1	1	2	0	0	0	0	0	1	2	1	0	2	2	0	2	4	1	0	3	0	1	2	1
chr10	46381713	46383301	1589	8	0	1589	779	810	50	33	58	44	52	63	95	62	42	34	74	34	41	36	29	32	54	44	17	51	77	72	13	76	71	68	8	73	70	53	6	55
chr10	46383307	46385236	1930	8	0	1930	823	1107	38	26	81	18	54	81	127	56	47	53	101	34	24	25	41	16	69	65	7	44	117	118	22	131	75	107	14	102	56	98	7	74
chr10	46385246	46385508	263	8	0	263	100	163	1	0	3	5	3	14	21	10	4	7	16	7	1	3	2	2	7	8	2	7	20	20	3	16	12	19	5	10	10	12	2	9
chr10	46385513	46387656	2144	8	0	2144	952	1192	46	30	72	29	59	141	148	77	54	63	119	39	18	20	23	13	105	58	19	72	126	107	15	104	103	109	10	88	91	78	8	98
chr10	46387660	46389531	1872	8	0	1872	961	911	71	51	81	66	73	70	99	67	79	47	71	61	46	19	35	24	69	50	16	51	92	78	13	80	66	60	12	64	82	75	11	91
chr10	46389534	46389705	172	8	0	172	127	45	29	8	8	12	7	4	2	9	7	2	4	1	14	5	5	8	8	2	0	9	2	0	0	2	5	1	0	2	7	1	0	6
chr10	46389706	46389788	83	8	0	83	46	37	9	1	2	6	4	5	3	0	2	1	1	2	3	2	1	2	3	2	2	2	6	3	0	3	2	5	2	1	2	2	0	2
chr10	46389789	46389872	84	8	0	84	33	51	0	0	2	0	2	5	7	1	0	3	7	3	0	0	2	0	1	1	1	5	4	2	1	5	5	4	1	6	5	6	1	2
chr10	46389873	46389895	23	8	0	23	14	9	4	1	2	0	0	1	0	0	2	1	0	0	0	0	2	0	1	0	1	1	0	0	1	1	0	0	0	0	0	1	0	2
chr10	46389896	46390425	530	8	0	530	259	271	22	8	13	16	13	21	33	23	16	21	23	15	7	11	12	4	17	22	5	17	23	24	9	22	19	17	3	17	30	15	5	25
chr10	46390427	46390454	28	8	0	28	6	22	0	0	0	0	0	1	2	0	0	0	2	0	0	0	0	0	0	1	0	0	2	5	2	3	1	3	0	1	0	3	0	0
chr10	46390456	46390831	376	8	0	376	181	195	13	10	10	15	10	19	24	13	16	4	11	9	10	4	7	5	18	12	1	6	17	18	6	24	16	21	2	13	15	13	3	9
chr10	46390833	46390862	30	8	0	30	13	17	1	1	2	0	1	1	0	1	1	0	2	0	1	0	0	1	0	1	1	0	0	2	0	3	1	1	3	1	1	1	0	1
chr10	46390864	46390884	21	8	0	21	7	14	0	0	1	0	0	2	2	0	1	1	0	0	0	0	0	0	2	1	0	0	2	1	1	1	0	0	1	1	0	1	0	1
chr10	46390886	46392044	1159	8	0	1159	555	604	45	32	38	31	35	44	72	37	44	30	52	23	22	16	17	17	46	38	10	28	67	62	11	55	39	44	9	46	36	51	10	50
chr10	46392046	46392083	38	8	0	38	19	19	2	2	1	1	0	1	3	0	1	1	2	1	3	0	1	0	1	2	0	1	1	2	0	1	1	0	0	3	1	2	0	2
chr10	46392085	46392905	821	8	0	821	381	440	28	17	31	18	31	40	51	21	20	18	32	20	15	15	9	13	28	30	6	28	51	54	6	43	33	37	6	28	31	33	2	24
chr10	46392907	46392948	42	8	0	42	19	23	0	0	1	0	1	1	2	4	0	1	4	4	0	0	0	0	1	1	0	0	2	1	0	3	1	2	0	3	4	2	0	2
chr10	46392950	46393060	111	8	0	111	56	55	5	4	1	3	4	7	5	3	2	3	4	5	2	0	2	5	4	4	0	6	7	10	0	6	0	3	0	0	8	6	0	0
chr10	46393065	46393244	180	8	0	180	91	89	5	7	5	4	5	7	15	5	7	3	10	2	4	5	2	5	10	6	0	6	8	8	0	7	7	5	0	8	7	4	2	9
chr10	46393247	46393278	32	8	0	32	16	16	0	2	2	0	1	0	3	0	2	3	2	0	0	0	0	0	0	2	0	3	1	1	0	2	0	0	0	0	3	1	0	2
chr10	46393280	46393388	109	8	0	109	42	67	0	3	2	0	3	5	8	5	2	3	6	3	0	0	2	0	3	4	0	4	8	10	0	7	5	8	0	2	5	4	0	5
chr10	46393390	46393413	24	8	0	24	11	13	0	0	1	0	0	1	1	0	1	0	2	0	0	2	2	0	1	0	2	0	1	0	0	1	1	0	0	3	0	2	0	1
chr10	46393415	46393700	286	8	0	286	136	150	6	7	12	8	12	23	14	6	10	10	9	5	5	2	4	3	15	14	3	10	18	15	3	10	8	8	1	9	14	9	1	10
chr10	46393702	46393734	33	8	0	33	13	20	0	0	0	0	0	1	4	0	0	1	4	0	0	1	0	0	1	1	0	1	1	2	0	1	4	0	0	4	0	1	2	2
chr10	46393736	46394034	299	8	0	299	140	159	12	6	12	7	8	11	21	8	8	11	8	4	9	3	5	7	13	7	3	7	15	19	3	19	12	17	1	10	8	13	0	10
chr10	46394039	46394053	15	8	0	15	5	10	0	0	1	0	0	1	0	0	1	0	1	0	0	0	0	0	0	0	1	0	0	4	1	0	0	0	0	0	1	1	0	1
chr10	46394054	46394311	258	8	0	258	137	121	9	9	12	8	10	7	10	7	7	2	15	10	11	6	6	7	10	6	1	7	8	15	2	13	5	9	2	8	11	8	1	14
chr10	46394313	46394332	20	8	0	20	11	9	1	1	2	0	1	0	2	0	2	1	0	0	0	0	0	0	0	0	0	2	0	0	0	1	1	0	0	1	2	1	0	0
chr10	46394334	46394387	54	8	0	54	28	26	3	1	3	1	3	2	5	1	3	1	1	0	0	0	2	0	2	0	0	2	2	0	0	1	6	3	0	5	2	0	0	3
chr10	46394388	46394403	16	8	0	16	9	7	2	0	2	0	0	0	0	0	1	1	1	0	1	0	1	0	0	0	0	0	0	0	0	1	0	0	0	1	0	1	0	2
chr10	46394404	46394560	157	8	0	157	74	83	11	3	1	4	2	7	9	3	2	3	8	6	5	3	5	1	4	5	4	3	10	7	2	8	3	10	2	5	4	4	4	7
chr10	46394562	46394597	36	8	0	36	12	24	0	0	1	0	0	0	3	0	0	1	3	0	1	2	1	0	1	0	0	2	1	5	1	2	0	3	0	3	1	2	1	0
chr10	46394599	46394674	76	8	0	76	31	45	0	1	0	2	1	6	7	1	2	0	6	2	0	0	1	1	0	2	1	4	4	3	2	3	7	4	1	2	3	3	0	5
chr10	46394676	46394701	26	8	0	26	17	9	8	0	0	0	1	0	1	0	0	2	3	0	0	0	0	0	1	0	0	1	0	0	0	0	0	0	1	1	1	0	1	3
chr10	46394709	46394721	13	8	0	13	9	4	2	0	3	0	0	0	0	0	3	0	0	0	0	0	0	0	0	0	0	0	0	0	0	0	0	0	0	0	0	0	0	3
chr10	46394730	46395288	559	8	0	559	254	305	22	7	28	11	20	19	39	20	16	14	25	13	10	5	3	0	14	19	2	10	35	38	1	32	33	23	1	29	16	26	2	24
chr10	46395290	46395324	35	8	0	35	23	12	5	1	1	2	1	1	1	1	0	1	1	1	3	0	1	2	2	1	0	1	1	0	0	1	1	1	0	0	0	1	0	2
chr10	46395326	46396345	1020	8	0	1020	581	439	66	31	42	42	43	22	49	31	46	22	41	25	26	23	37	34	39	22	6	31	29	24	3	51	32	24	2	41	45	37	5	47
chr10	46396347	46396425	79	8	0	79	37	42	1	0	6	4	3	1	4	1	5	0	5	3	1	0	1	0	1	0	0	0	5	5	0	6	0	7	0	5	3	4	0	6
chr10	46396427	46396629	203	8	0	203	94	109	6	3	6	3	4	6	16	7	5	7	10	4	4	2	6	4	5	5	0	8	13	14	0	11	8	9	0	9	7	9	0	10
chr10	46396630	46396647	18	8	0	18	7	11	0	0	0	0	0	1	1	1	0	0	0	2	0	0	0	0	1	0	0	0	1	1	2	0	1	2	0	1	0	1	0	1
chr10	46396648	46396790	143	8	0	143	70	73	5	6	4	5	9	5	4	7	4	3	7	3	2	1	4	1	7	5	1	2	5	11	1	9	5	3	0	5	7	7	0	3
chr10	46396791	46397094	304	8	0	304	141	163	6	7	12	4	9	8	24	10	11	9	18	6	4	3	5	4	14	7	0	5	11	16	2	19	14	11	2	17	12	14	0	18
chr10	46397096	46397226	131	8	0	131	58	73	3	3	8	1	3	3	9	0	6	4	5	3	3	3	2	2	5	2	1	4	5	9	3	7	3	7	2	6	2	6	2	7
chr10	46397228	46397849	622	8	0	622	271	351	8	9	18	14	13	23	43	18	19	15	28	14	9	12	17	10	23	19	5	13	33	36	9	42	23	36	9	26	18	29	5	24
chr10	46397851	46397879	29	8	0	29	15	14	1	1	2	0	1	2	2	0	2	2	1	0	0	0	0	0	2	2	0	2	1	0	0	2	0	0	0	0	2	1	0	1
chr10	46397881	46398077	197	8	0	197	66	131	4	7	3	0	5	4	17	5	4	3	6	1	1	3	2	0	3	9	1	4	16	23	5	14	9	17	6	9	3	9	0	2
chr10	46398078	46398092	15	8	0	15	6	9	0	0	1	0	1	0	0	0	1	0	1	0	0	0	0	0	0	0	0	0	0	2	2	0	1	0	0	1	0	2	0	1
chr10	46398093	46398262	170	8	0	170	58	112	4	3	6	0	5	3	11	1	3	8	7	3	1	1	2	0	5	4	4	2	5	17	8	11	6	11	8	8	4	8	4	5
chr10	46398263	46398423	161	8	0	161	46	115	3	2	5	1	1	3	10	0	7	2	6	1	1	1	2	0	1	1	3	3	5	12	11	8	7	16	24	7	1	8	2	5
chr10	46398425	46398473	49	8	0	49	24	25	2	5	0	0	2	5	3	0	3	1	2	0	0	0	0	0	6	1	2	2	2	0	0	0	0	0	4	2	2	1	0	2
chr10	46398478	46398608	131	8	0	131	50	81	3	3	2	1	3	7	14	2	3	5	4	1	0	0	0	0	3	7	0	5	9	9	3	7	7	8	2	7	7	4	1	2
chr10	46398610	46398641	32	8	0	32	17	15	3	0	4	0	1	3	0	0	1	2	1	0	2	0	0	0	2	1	1	1	1	0	1	1	0	1	0	1	1	1	0	1
chr10	46398649	46398662	14	8	0	14	9	5	0	0	2	0	0	0	1	1	1	0	0	1	1	1	0	0	0	0	0	1	0	0	0	0	0	0	0	0	2	0	0	1
chr10	46398663	46398733	71	8	0	71	50	21	6	4	1	7	3	0	2	5	6	2	0	1	3	1	4	3	4	1	0	2	2	0	0	1	1	0	0	1	3	2	0	4
chr10	46398741	46398877	137	8	0	137	88	49	10	3	4	11	2	4	8	7	11	2	1	5	5	4	4	7	5	3	1	4	2	2	0	4	4	0	0	3	10	2	1	6
chr10	46398878	46398903	26	8	0	26	18	8	7	1	2	2	2	0	0	0	0	0	0	0	1	1	0	0	0	1	0	1	0	0	1	1	2	1	1	0	0	0	0	0
chr10	46398904	46398915	12	8	0	12	12	0	10	0	0	0	0	0	0	0	0	0	0	0	0	0	0	0	0	0	0	0	0	0	0	0	0	0	0	0	0	0	0	0
chr10	46398916	46399509	594	8	0	594	380	214	58	17	17	46	32	20	14	35	20	7	19	15	27	10	12	29	29	8	1	16	18	18	1	10	26	10	0	16	28	11	2	20
chr10	46399515	46399580	66	8	0	66	46	20	13	2	2	2	4	1	2	3	0	2	5	1	3	2	0	2	4	0	0	3	0	0	0	1	2	0	0	2	4	1	0	3
chr10	46399585	46399876	292	8	0	292	187	105	28	9	14	18	13	6	6	15	16	6	8	10	12	2	11	13	7	3	1	10	8	4	0	10	10	5	0	5	15	10	1	14
chr10	46399877	46400184	308	8	0	308	188	120	20	11	10	16	13	16	8	14	11	4	7	13	13	10	11	10	21	7	2	11	12	6	1	7	7	5	2	4	11	8	1	14
chr10	46400185	46400217	33	7	0	33	26	7	7	3	0	2	4	0	0	1	1	0	0	1	1	2	1	2	4	0	0	0	0	0	0	0	0	0	0	0	1	0	0	1
chr10	46400218	46400279	62	8	0	62	36	26	3	2	3	4	4	3	2	0	4	2	1	2	1	1	1	2	3	2	0	2	3	4	0	2	0	0	0	0	3	3	0	3
chr10	46400280	46401837	1558	7	0	1558	1037	521	145	48	75	98	71	42	34	57	71	25	36	45	79	50	50	109	64	33	6	62	46	19	5	33	35	13	3	25	60	38	4	75
chr10	46401838	46402292	455	7	0	455	305	150	51	13	27	31	29	10	6	21	17	11	4	14	24	11	9	26	20	13	0	11	17	6	2	10	8	4	0	12	21	12	0	13
chr10	46402300	46402519	220	7	0	220	113	107	18	11	8	2	15	11	8	4	3	4	7	7	2	3	6	3	9	11	0	8	13	14	1	9	8	7	0	5	8	5	1	7
chr10	46402521	46407074	4554	7	0	4554	3099	1455	461	139	210	371	209	89	102	184	236	63	98	141	274	113	134	273	192	74	8	130	121	74	4	102	90	43	4	75	181	110	10	237
chr10	46407076	46407103	28	7	0	28	22	6	7	1	2	2	0	0	0	4	1	0	0	0	4	0	0	0	1	0	0	0	0	0	0	0	1	0	0	1	1	0	0	1
chr10	46407105	46407927	823	7	0	823	501	322	82	40	41	34	47	19	36	28	33	20	22	14	36	13	21	14	52	13	2	25	22	13	2	27	28	17	0	31	27	21	4	37
chr10	46407937	46408113	177	7	0	177	96	81	10	6	2	6	5	18	12	4	5	4	7	4	4	2	4	2	24	4	0	3	8	4	0	5	1	2	0	9	6	7	0	7
chr10	46408118	46409551	1434	7	0	1434	853	581	86	50	64	71	63	35	71	55	68	38	43	40	53	28	43	44	58	33	3	57	49	25	1	51	46	32	1	35	71	37	3	78
chr10	46409553	46409575	23	7	0	23	18	5	8	0	0	1	0	0	1	0	2	0	1	1	0	0	2	0	0	0	0	0	0	0	0	0	0	0	0	0	1	0	0	4
chr10	46409577	46409685	109	7	0	109	64	45	2	2	5	6	5	3	3	5	2	3	3	7	6	1	5	6	4	0	0	5	6	2	0	4	1	5	0	1	4	5	0	6
chr10	46409687	46409755	69	7	0	69	50	19	12	2	2	7	2	0	2	3	2	0	2	1	7	2	2	3	1	2	0	1	2	0	0	1	2	0	0	4	2	1	0	2
chr10	46409757	46411146	1390	7	0	1390	885	505	130	47	60	89	67	29	58	37	66	28	37	45	63	36	42	51	54	29	8	49	45	16	1	36	33	22	3	32	59	32	4	80
chr10	46411148	46411168	21	7	0	21	12	9	1	1	1	0	1	1	1	1	1	0	0	3	0	0	0	0	1	0	0	1	1	0	0	1	0	0	0	0	1	2	0	1
chr10	46411170	46411484	315	7	0	315	172	143	11	5	14	10	7	10	18	24	10	7	13	14	12	4	5	7	13	6	0	7	15	5	0	14	14	7	0	17	17	15	0	12
chr10	46411485	46414358	2874	7	0	2874	1419	1455	119	62	119	73	93	138	147	104	107	68	145	48	54	37	52	53	108	88	20	89	147	123	13	167	115	105	14	96	112	135	11	110
chr10	46414374	46414550	177	7	0	177	76	101	1	5	4	2	5	14	12	4	2	3	11	3	4	1	2	3	9	8	0	6	14	8	1	8	8	7	1	10	4	8	2	5
chr10	46414552	46414600	49	7	0	49	27	22	6	0	5	1	0	3	2	1	2	1	1	0	4	0	0	0	1	1	0	2	2	4	0	2	2	0	0	2	1	3	0	1
chr10	46414603	46414678	76	7	0	76	51	25	8	4	5	5	2	1	2	3	5	1	3	2	7	0	1	2	4	0	0	1	0	0	0	5	0	0	0	2	3	5	0	3
chr10	46414680	46414704	25	7	0	25	18	7	3	0	2	2	0	0	0	1	1	0	0	1	2	1	1	2	0	0	0	1	0	1	0	1	1	0	0	1	0	1	0	1
chr10	46414706	46414816	111	7	0	111	60	51	7	2	5	3	1	5	5	6	4	2	7	3	3	2	3	0	5	2	0	4	7	3	0	4	2	4	0	4	3	5	0	8
chr10	46414818	46414867	50	7	0	50	21	29	0	0	2	2	2	0	5	0	2	1	4	2	0	0	0	0	1	0	0	1	0	0	0	7	3	3	1	3	3	5	1	0
chr10	46414870	46415247	378	7	0	378	174	204	13	8	20	5	7	21	21	8	19	8	15	4	7	5	9	3	18	12	2	9	22	20	6	20	7	21	2	18	10	15	2	19
chr10	46415250	46415313	64	7	0	64	43	21	8	2	2	6	5	3	3	1	2	0	1	2	3	1	1	1	5	1	0	0	2	0	0	0	4	0	0	4	1	1	0	3
chr10	46415315	46415377	63	7	0	63	31	32	0	0	1	3	1	5	4	1	1	0	2	1	2	5	3	1	4	4	2	0	1	3	0	5	3	2	0	3	2	0	0	2
chr10	46415379	46415917	539	7	0	539	322	217	36	14	20	36	22	18	21	18	21	11	19	17	27	13	13	15	21	16	3	15	21	10	4	19	11	9	0	18	26	19	3	21
chr10	46415919	46415934	16	7	0	16	6	10	0	0	0	0	0	0	0	2	0	3	1	0	0	0	0	0	0	1	1	1	1	0	1	0	0	0	0	0	1	1	1	0
chr10	46415936	46416636	701	7	0	701	383	318	43	20	25	33	34	31	34	25	29	16	18	11	15	16	17	15	29	28	3	23	54	11	1	22	20	24	1	27	21	24	7	22
chr10	46416638	46416674	37	7	0	37	24	13	3	1	3	2	0	1	1	1	1	0	0	0	4	1	2	3	1	1	0	1	1	1	0	2	1	0	0	3	0	1	0	0
chr10	46416679	46417651	973	7	0	973	571	402	75	32	34	43	32	27	44	41	39	16	33	31	39	21	22	40	38	23	2	33	38	35	4	40	27	23	2	18	41	36	0	42
chr10	46417662	46418077	416	7	0	416	237	179	28	14	16	18	14	9	19	27	19	9	19	10	16	3	4	11	18	5	1	10	17	12	0	18	14	15	2	9	20	15	1	21
chr10	46418083	46418547	465	7	0	465	204	261	8	4	13	11	8	9	34	20	16	13	33	14	4	6	5	5	6	11	2	13	30	31	3	30	13	25	2	18	22	27	3	24
chr10	46418549	46418565	17	7	0	17	6	11	0	0	1	0	0	1	0	0	1	0	3	0	0	0	0	0	0	0	0	1	0	2	0	0	0	1	0	1	1	1	0	2
chr10	46418567	46424143	5577	7	0	5577	2733	2844	199	118	213	161	194	229	319	202	180	135	243	126	118	88	101	107	221	150	31	168	289	278	42	284	218	230	23	225	216	235	34	198
chr10	46424148	46425687	1540	7	0	1540	747	793	44	36	60	38	49	58	86	53	46	40	83	36	39	16	34	27	52	43	12	43	82	79	9	84	49	63	2	70	63	69	5	68
chr10	46425689	46425733	45	7	0	45	24	21	2	1	1	3	2	1	0	2	1	1	1	4	2	1	0	1	1	2	1	0	3	5	0	1	0	0	0	0	2	3	1	1
chr10	46425735	46429381	3647	7	0	3647	2014	1633	218	92	134	137	105	133	184	127	127	84	139	91	132	94	96	119	165	88	25	125	141	107	31	164	108	113	12	113	135	135	20	151
chr10	46429382	46431208	1827	7	0	1827	1146	681	145	60	58	115	80	61	52	88	69	24	53	57	84	59	41	100	95	45	10	54	72	44	5	47	43	20	5	38	71	59	6	65
chr10	46431220	46432328	1109	7	0	1109	755	354	131	32	58	86	62	20	26	45	58	20	14	36	56	35	24	51	54	20	1	32	29	13	1	24	23	12	2	15	48	22	6	51
chr10	46432330	46432471	142	7	0	142	81	61	10	3	6	7	6	4	2	8	6	3	6	3	5	5	2	4	5	7	0	3	5	1	2	11	5	2	1	0	4	9	3	2
chr10	46432473	46435341	2869	7	0	2869	1958	911	311	93	127	209	115	62	70	99	129	38	63	84	185	86	89	198	109	56	11	103	72	38	6	74	51	23	5	47	113	73	4	124
chr10	46435343	46435378	36	7	0	36	22	14	1	0	1	1	0	1	0	4	0	1	2	2	2	1	3	1	1	0	0	2	2	0	0	0	2	1	0	1	1	1	0	3
chr10	46435380	46435531	152	7	0	152	112	40	9	4	3	13	5	13	1	5	2	1	1	5	14	4	5	25	16	1	2	4	3	1	0	0	3	0	0	1	2	2	0	5
chr10	46435538	46436395	858	7	0	858	556	302	104	22	46	55	41	20	30	32	50	11	21	28	31	17	16	30	26	12	3	29	29	8	1	22	26	13	0	23	42	27	2	39
chr10	46436397	46436426	30	7	0	30	21	9	2	0	1	1	0	1	1	3	1	2	0	0	2	2	0	4	4	1	0	0	0	0	0	0	0	0	0	0	1	0	0	2
chr10	46436428	46439531	3104	7	0	3104	1623	1481	161	90	117	98	110	105	172	111	105	75	144	76	89	48	68	53	123	85	11	99	143	127	11	162	106	107	6	101	126	124	10	139
chr10	46439533	46439566	34	7	0	34	13	21	0	1	1	0	1	0	4	0	0	2	2	0	0	0	0	0	0	1	0	2	2	4	0	2	1	3	0	2	3	0	0	1
chr10	46439568	46439776	209	7	0	209	100	109	5	4	8	2	3	5	15	6	9	5	20	4	2	6	4	2	8	3	0	9	10	6	0	14	7	3	1	9	4	17	1	15
chr10	46439778	46439810	33	7	0	33	11	22	0	0	1	0	1	3	2	0	1	0	1	0	0	0	0	0	1	2	0	1	4	7	0	1	0	3	0	1	1	0	0	1
chr10	46439812	46440279	468	7	0	468	248	220	18	5	20	16	11	19	18	28	16	16	24	17	14	6	7	13	19	9	5	13	24	23	0	17	11	13	0	12	22	20	3	27
chr10	46440281	46440295	15	7	0	15	7	8	0	0	1	0	0	0	1	2	1	0	0	1	0	0	0	0	0	0	0	0	1	0	0	0	1	1	0	2	1	1	0	0
chr10	46440297	46440992	696	7	0	696	320	376	21	17	25	12	23	32	44	20	19	9	31	19	12	10	15	11	22	21	6	19	40	38	4	42	38	37	3	26	19	30	1	28
chr10	46441001	46443590	2590	7	0	2590	1300	1290	131	65	104	66	89	89	159	78	87	63	110	53	59	43	49	53	100	66	19	75	115	113	21	135	109	98	14	111	91	107	14	102
chr10	46443592	46443635	44	7	0	44	24	20	1	0	3	1	2	3	2	0	1	0	1	2	1	4	0	1	2	2	0	3	2	1	0	3	1	1	0	0	2	2	0	1
chr10	46443637	46444518	882	7	0	882	428	454	50	16	35	24	31	29	45	24	30	14	55	16	15	12	19	12	24	24	4	19	45	40	10	49	39	40	5	39	21	40	7	47
chr10	46444520	46444547	28	7	0	28	12	16	1	1	1	0	1	1	2	1	1	1	1	1	0	0	0	0	2	0	1	0	1	2	0	2	2	0	0	0	0	2	1	1
chr10	46444549	46445346	798	7	0	798	393	405	41	15	36	22	32	30	43	30	33	25	32	17	7	5	11	13	27	20	8	20	43	34	6	43	34	27	5	30	30	45	3	29
chr10	46445349	46447641	2293	7	0	2293	1249	1044	141	54	79	88	65	73	110	102	76	40	103	63	80	53	60	61	85	47	11	77	105	86	10	98	78	80	9	75	82	86	12	102
chr10	46447650	46447746	97	7	0	97	52	45	9	2	10	1	8	1	2	2	3	0	2	2	2	3	2	1	2	0	0	4	3	5	1	4	5	4	1	8	3	4	0	1
chr10	46447748	46447819	72	7	0	72	39	33	2	3	2	2	1	2	7	1	5	1	3	6	1	0	2	1	3	1	0	2	2	2	0	4	1	0	0	1	5	4	0	6
chr10	46447821	46451896	4076	7	0	4076	2171	1905	221	108	158	136	136	138	236	143	160	97	173	108	106	75	70	105	168	97	21	132	205	136	34	145	110	140	11	166	170	147	28	194
chr10	46451897	46454622	2726	7	0	2726	1417	1309	112	81	127	73	97	89	144	99	117	56	126	68	67	45	52	64	100	76	13	82	129	110	13	133	88	86	9	101	111	112	11	133
chr10	46454624	46454673	50	7	0	50	25	25	2	0	0	2	1	4	6	1	1	3	1	3	0	0	0	0	4	1	0	2	1	1	0	2	3	1	0	0	4	2	0	3
chr10	46454675	46454784	110	7	0	110	55	55	4	4	3	1	3	4	7	5	5	1	7	5	0	1	3	1	2	2	0	6	7	1	0	7	2	8	0	2	8	4	0	5
chr10	46454798	46455260	463	7	0	463	235	228	26	10	21	13	20	19	27	12	19	13	24	11	5	4	7	4	17	13	0	15	24	17	1	26	16	13	0	17	21	25	1	20
chr10	46455261	46455620	360	6	0	360	175	185	9	6	16	7	14	9	21	17	13	12	22	9	3	3	3	9	11	7	1	11	23	14	1	19	12	19	0	11	15	17	2	22
chr10	46455636	46455687	52	6	0	52	32	20	12	1	1	0	2	0	3	1	1	3	2	1	0	0	2	2	2	1	0	1	2	2	0	2	0	1	0	1	1	2	0	4
chr10	46455688	46455871	184	6	0	184	103	81	17	4	4	7	5	9	10	8	5	4	9	4	6	1	6	3	6	7	0	5	8	3	0	6	9	4	0	11	9	3	2	7
chr10	46455875	46456949	1075	6	0	1075	556	519	43	27	41	30	40	56	54	37	36	34	54	28	23	18	16	17	52	39	2	42	51	41	7	47	33	23	6	24	51	43	5	53
chr10	46456951	46456985	35	6	0	35	17	18	0	2	1	2	2	1	1	1	1	0	2	1	1	1	0	0	0	2	0	1	4	3	0	1	0	2	0	0	1	1	0	2
chr10	46456987	46457600	614	6	0	614	339	275	35	22	23	21	24	18	30	23	22	18	15	20	18	7	17	24	23	20	5	17	30	24	1	32	18	16	1	13	24	27	1	23
chr10	46457602	46457670	69	6	0	69	41	28	1	3	0	3	2	3	5	4	1	4	0	2	2	2	3	5	9	1	0	2	2	3	0	1	0	0	0	2	2	2	0	3
chr10	46457671	46458239	569	6	0	569	353	216	64	13	19	26	15	20	19	26	16	10	17	15	26	13	10	43	19	15	2	20	27	24	0	18	11	10	0	11	23	19	0	16
chr10	46458241	46458284	44	6	0	44	25	19	3	1	2	1	2	1	1	2	1	0	0	3	1	3	2	2	2	0	1	2	1	0	1	1	0	3	1	1	2	0	1	1
chr10	46458286	46458378	93	6	0	93	38	55	1	1	2	1	2	4	8	2	2	3	6	3	1	1	0	0	1	4	1	3	6	2	2	5	4	6	1	5	5	4	2	3
chr10	46458380	46458409	30	6	0	30	20	10	4	1	0	1	0	1	0	1	1	0	1	1	1	2	3	2	0	1	0	2	1	2	0	0	0	0	0	0	1	0	0	2
chr10	46458410	46458471	62	6	0	62	36	26	14	1	0	2	0	5	5	0	0	0	1	1	2	2	1	1	4	3	0	1	4	2	0	3	2	2	0	2	0	2	0	0
chr10	46458473	46458513	41	6	0	41	19	22	0	0	2	3	2	0	5	0	3	0	3	1	0	0	0	0	0	0	0	0	1	0	0	4	3	2	0	3	2	3	0	2
chr10	46458515	46458593	79	6	0	79	46	33	18	1	2	1	3	4	3	3	2	0	5	2	0	0	0	0	0	0	1	4	4	1	0	2	5	4	0	3	4	2	1	2
chr10	46458594	46459215	622	6	0	622	344	278	37	22	21	22	27	22	30	26	22	11	21	23	16	7	18	19	27	14	5	16	28	21	1	20	28	17	1	22	22	17	5	32
chr10	46459216	46459232	17	6	0	17	6	11	0	0	0	2	1	0	1	0	1	0	1	0	0	0	0	0	0	0	0	0	1	3	0	2	0	2	0	0	1	0	0	0
chr10	46459234	46461040	1807	6	0	1807	873	934	61	28	85	37	66	58	113	76	58	51	75	48	27	27	27	35	62	43	4	55	111	80	10	87	79	76	10	85	61	89	8	73
chr10	46461041	46461917	877	6	0	877	389	488	16	15	38	12	28	46	64	33	30	21	36	19	8	7	11	4	30	34	5	20	61	37	5	44	48	46	8	43	32	30	2	42
chr10	46461919	46461944	26	6	0	26	12	14	0	1	0	0	0	1	1	2	0	1	0	1	1	1	1	1	1	2	1	0	1	0	2	0	3	0	1	0	0	0	0	2
chr10	46461946	46464085	2140	6	0	2140	1072	1068	53	53	76	54	72	85	116	93	69	53	88	73	43	47	54	42	85	66	18	69	107	75	21	106	86	81	7	64	88	87	12	95
chr10	46464087	46464179	93	6	0	93	53	40	3	2	5	2	3	3	6	5	3	5	1	4	3	1	3	3	5	2	0	4	1	0	1	4	4	2	0	2	7	1	1	5
chr10	46464181	46464382	202	6	0	202	99	103	18	5	3	4	7	11	13	6	5	5	12	1	1	3	3	1	7	8	1	8	10	7	3	7	12	5	3	8	7	7	1	8
chr10	46464383	46464580	198	6	0	198	115	83	16	6	8	10	7	4	10	6	9	4	5	7	8	1	4	9	5	5	0	5	11	6	1	6	4	9	0	5	7	4	3	11
chr10	46464588	46466184	1597	6	0	1597	652	945	33	21	52	29	47	62	113	39	39	30	84	30	16	20	16	20	38	50	9	36	85	116	31	96	88	98	41	73	49	64	9	61
chr10	46466283	46467402	1120	6	0	1120	534	586	34	21	38	22	24	43	72	45	38	30	79	22	19	12	16	17	43	28	5	30	57	58	2	59	42	40	6	46	42	50	7	71
chr10	46467404	46467440	37	6	0	37	16	21	1	0	3	0	1	0	3	0	2	2	2	0	0	1	1	0	1	1	0	1	1	0	1	3	1	1	1	3	1	3	0	1
chr10	46467442	46467511	70	6	0	70	29	41	1	1	0	2	2	2	6	5	1	2	3	1	0	1	1	0	2	3	0	0	4	5	1	3	8	1	0	5	1	4	1	2
chr10	46467513	46467556	44	6	0	44	21	23	1	2	1	0	3	0	5	1	0	1	1	1	0	1	3	0	3	1	0	1	1	0	0	2	4	2	0	5	1	0	0	2
chr10	46467558	46467995	438	6	0	438	210	228	14	9	23	7	16	17	30	10	17	16	20	6	6	6	9	3	24	12	5	7	18	16	4	19	20	8	5	29	11	22	0	27
chr10	46467997	46468018	22	6	0	22	10	12	0	1	1	0	0	1	2	2	2	0	0	0	0	0	0	0	1	0	0	0	1	0	0	1	3	2	0	1	1	0	0	1
chr10	46468020	46469677	1658	6	0	1658	786	872	43	32	57	35	41	60	112	64	61	46	93	34	23	21	41	21	61	44	3	51	86	72	16	85	66	59	8	87	65	84	5	80
chr10	46469679	46469699	21	6	0	21	13	8	2	0	1	1	1	2	0	1	0	0	1	2	1	0	1	0	2	0	0	0	0	0	0	1	0	0	0	0	1	1	0	1
chr10	46469701	46470724	1024	6	0	1024	603	421	95	25	50	49	33	29	47	36	52	24	33	24	39	16	26	23	39	25	0	30	43	32	2	37	32	16	1	31	31	41	3	58
chr10	46470728	46471713	986	6	0	986	564	422	60	30	41	41	29	20	41	45	38	19	45	30	44	26	25	28	35	25	5	30	38	27	3	45	29	21	5	27	33	40	9	50
chr10	46471715	46471753	39	6	0	39	23	16	2	1	1	1	2	1	1	2	1	1	2	1	0	1	2	2	3	0	0	1	1	2	0	0	0	0	0	4	2	1	0	2
chr10	46471755	46473353	1599	6	0	1599	871	728	59	35	67	55	46	58	79	88	75	31	53	58	36	30	38	61	53	42	5	54	79	48	10	56	63	47	5	49	76	56	6	79
chr10	46473365	46475651	2287	6	0	2287	1329	958	160	59	103	110	79	65	102	78	111	46	79	52	82	43	62	96	90	41	6	77	96	80	4	84	51	61	5	75	87	82	9	110
chr10	46475656	46477501	1846	6	0	1846	1017	829	154	49	54	83	64	66	94	39	58	28	93	50	64	46	40	34	59	56	14	61	79	40	23	75	42	64	16	70	83	58	13	75
chr10	46477503	46477547	45	6	0	45	19	26	0	1	0	0	0	1	2	1	0	2	3	5	1	0	1	0	1	2	1	0	3	1	1	3	0	2	1	1	2	3	3	2
chr10	46477549	46478707	1159	6	0	1159	645	514	90	34	60	45	47	32	40	41	47	19	37	38	45	17	30	22	26	26	8	42	55	46	8	41	41	35	9	35	38	43	11	49
chr10	46478709	46478729	21	6	0	21	10	11	0	1	2	0	2	0	1	0	0	1	1	0	1	1	0	0	2	1	0	0	0	1	0	1	0	0	0	2	1	1	0	0
chr10	46478731	46483743	5013	6	0	5013	3339	1674	568	188	227	346	218	87	132	175	179	80	108	112	364	122	160	272	191	108	17	160	135	90	17	140	116	85	8	127	170	99	10	200
chr10	46483745	46483800	56	6	0	56	34	22	5	2	5	1	1	0	2	4	4	0	2	0	3	3	1	1	2	1	0	1	3	0	0	1	1	1	0	4	1	2	0	3
chr10	46483804	46484007	204	6	0	204	145	59	29	8	9	12	7	4	7	4	12	2	4	5	11	7	7	15	8	4	0	10	5	0	0	5	2	1	0	1	7	5	0	11
chr10	46484010	46484133	124	6	0	124	90	34	16	7	7	8	6	2	2	4	5	1	1	5	11	3	3	9	6	4	0	3	2	0	0	4	1	0	0	1	5	1	0	5
chr10	46484142	46485080	939	6	0	939	634	305	102	30	31	73	35	19	26	33	35	17	17	46	64	20	32	54	28	21	7	30	33	16	1	21	7	15	2	7	45	19	4	47
chr10	46485082	46485139	58	6	0	58	23	35	0	2	1	0	2	4	5	0	1	0	5	2	0	0	0	0	2	0	1	3	2	1	2	2	6	4	0	4	2	2	1	2
chr10	46485141	46485789	649	6	0	649	390	259	61	16	21	42	30	20	28	16	20	5	30	22	29	12	9	28	17	14	2	20	25	9	4	25	22	22	3	18	31	18	3	25
chr10	46485796	46485867	72	6	0	72	47	25	26	0	0	1	0	2	3	1	1	2	6	1	1	0	1	0	2	1	0	1	3	2	0	2	0	1	1	2	1	3	1	5
chr10	46485868	46486135	268	6	0	268	178	90	29	9	13	20	12	4	11	9	11	6	5	5	20	7	5	10	10	6	2	8	6	2	0	10	7	6	0	5	13	4	0	11
chr10	46486136	46486572	437	6	0	437	274	163	34	16	18	26	19	8	13	24	22	8	10	14	19	8	15	20	17	10	0	12	17	8	2	13	10	11	0	7	20	10	0	24
chr10	46486574	46486596	23	6	0	23	13	10	2	0	1	2	1	1	0	1	1	0	1	0	1	1	0	0	1	0	0	1	0	2	0	1	1	1	0	0	1	1	0	0
chr10	46486598	46486918	321	6	0	321	200	121	34	14	14	16	16	10	13	9	12	5	9	6	16	9	10	7	16	10	0	11	12	6	0	7	10	2	0	13	10	7	0	15
chr10	46486919	46487769	851	6	0	851	483	368	47	14	31	45	28	25	40	27	33	14	35	36	30	15	26	35	23	13	5	27	31	20	8	29	27	30	10	27	39	25	5	49
chr10	46487770	46489856	2087	6	0	2087	1109	978	77	46	81	76	74	139	91	74	81	36	92	43	47	45	43	63	132	52	14	68	87	65	15	82	87	53	7	63	71	79	8	94
chr10	46489965	46526440	36476	6	0	36476	19665	16811	2097	939	1288	1388	1313	1606	1867	1360	1269	761	1358	863	1033	677	764	1080	1743	1019	180	1041	1714	1295	179	1533	1287	1172	165	1232	1403	1235	142	1471
chr10	46526513	46541947	15435	6	0	15435	8292	7143	915	410	542	565	549	607	728	564	522	337	613	361	446	314	324	494	692	431	82	463	669	595	137	656	515	479	124	466	572	552	87	622
chr10	46541949	46541986	38	6	0	38	21	17	1	0	6	3	4	1	0	0	5	0	0	1	0	0	0	0	1	0	0	0	0	2	0	2	1	2	0	1	3	0	0	3
chr10	46541988	46610117	68130	6	0	68130	34027	34103	3442	1628	2347	2055	2207	2485	3858	2146	2189	1492	2940	1599	1634	1121	1349	1534	2500	1925	423	1878	3350	3292	743	3292	2434	2845	657	2542	2412	2615	413	2781
chr10	46610118	46645712	35595	7	0	35595	22079	13516	3133	1134	1401	1996	1357	932	1309	1286	1426	569	1093	941	1749	949	1024	1778	1451	783	152	1198	1190	703	171	1123	894	726	161	935	1349	975	134	1571
chr10	46645713	46645831	119	8	0	119	79	40	11	2	8	8	4	5	1	2	6	1	4	4	8	2	4	8	4	1	1	4	4	2	0	3	1	0	0	3	2	6	1	7
chr10	46645832	46646417	586	7	0	586	344	242	34	16	22	33	22	13	22	23	22	6	20	18	26	20	24	22	23	15	0	17	21	20	2	25	19	9	3	21	17	24	0	25
chr10	46646418	46646442	25	8	0	25	14	11	0	1	0	1	0	0	3	1	1	0	2	1	1	1	0	1	0	0	0	2	0	0	0	1	1	1	0	1	3	0	0	1
chr10	46646443	46646960	518	7	0	518	297	221	25	16	22	22	14	14	23	24	28	12	15	12	18	13	25	14	21	11	0	23	20	14	1	23	12	12	0	16	22	21	0	23
chr10	46646961	46647004	44	8	0	44	17	27	1	1	1	1	1	2	3	0	1	0	2	1	1	1	0	0	2	1	0	1	3	2	1	2	0	3	4	3	1	2	0	1
chr10	46647005	46647135	131	7	0	131	60	71	7	2	2	4	4	5	7	1	2	4	5	2	2	4	5	3	3	6	1	5	8	6	3	8	2	9	2	4	4	4	2	3
chr10	46647136	46647235	100	8	0	100	42	58	0	3	2	1	4	5	8	1	2	1	10	4	0	0	0	0	1	2	1	5	5	2	1	6	8	6	1	3	5	4	1	6
chr10	46647236	46647294	59	7	0	59	45	14	19	1	2	2	2	0	1	0	2	0	0	2	0	3	2	7	1	2	0	1	1	3	0	2	0	0	0	0	1	1	0	2
chr10	46647295	46647327	33	8	0	33	19	14	1	3	2	0	2	1	1	0	1	0	0	1	1	1	3	1	0	1	0	4	2	1	0	0	1	0	0	2	1	1	0	0
chr10	46647328	46647410	83	7	0	83	56	27	13	4	4	4	3	3	3	3	8	1	1	2	2	1	2	1	7	0	0	2	3	1	0	1	0	0	0	0	2	4	0	6
chr10	46647411	46647426	16	8	0	16	9	7	0	1	0	0	0	1	0	0	1	0	0	3	0	0	2	0	0	1	0	1	0	0	1	0	0	0	0	0	1	0	1	1
chr10	46647427	46647472	46	8	0	46	39	7	21	0	3	3	1	0	1	0	1	1	1	2	4	0	0	0	1	0	0	0	0	0	0	0	0	0	0	0	1	0	0	4
chr10	46647473	46648278	806	7	0	806	475	331	71	26	18	49	25	19	36	23	25	10	29	19	44	23	28	29	34	17	3	23	23	17	10	32	20	28	13	27	26	20	8	29
chr10	46648279	46648414	136	8	0	136	64	72	15	2	3	2	6	6	8	1	2	4	7	3	0	3	1	0	5	3	2	5	6	3	5	4	6	6	5	5	4	6	1	5
chr10	46648415	46648600	186	7	0	186	125	61	16	6	10	14	7	4	3	5	10	2	5	5	13	7	8	10	9	4	0	4	2	0	1	7	2	1	1	6	6	5	2	9
chr10	46648601	46648625	25	8	0	25	16	9	0	3	0	1	1	2	0	2	1	0	0	1	2	1	1	0	5	0	0	0	0	0	0	0	0	0	0	0	0	0	2	1
chr10	46648626	46652339	3714	7	0	3714	2235	1479	315	113	147	190	135	117	165	113	149	67	135	94	166	77	82	169	150	76	14	134	128	68	25	122	104	85	17	110	149	113	20	163
chr10	46652340	46652395	56	8	0	56	23	33	0	0	3	0	1	4	4	0	2	2	2	0	0	2	2	0	2	1	3	3	3	1	0	3	2	4	1	3	2	1	1	2
chr10	46652396	46653190	795	7	0	795	410	385	47	28	28	24	34	28	39	19	16	16	39	15	30	13	21	12	23	21	6	35	36	27	10	35	31	39	10	24	30	21	4	32
chr10	46653191	46653224	34	8	0	34	12	22	1	0	1	0	1	2	3	0	0	1	2	0	0	0	0	0	1	0	0	2	3	1	0	2	2	3	2	1	0	1	2	1
chr10	46653225	46654057	833	7	0	833	472	361	68	20	22	40	33	33	29	23	14	20	42	19	35	19	29	25	23	30	5	34	43	19	6	30	16	25	6	29	36	24	5	29
chr10	46654058	46654117	60	8	0	60	35	25	3	3	3	3	5	2	1	1	3	1	1	2	1	0	0	5	1	3	1	1	5	2	0	2	0	1	1	0	2	3	0	2
chr10	46654118	46654159	42	8	0	42	18	24	1	0	2	1	1	3	2	0	1	0	3	1	1	1	0	0	1	0	1	2	2	1	1	2	1	4	1	2	2	1	1	1
chr10	46654160	46655206	1047	8	0	1047	610	437	96	30	37	51	46	29	43	33	34	18	48	29	38	21	22	35	35	23	6	34	47	26	5	33	23	29	7	39	46	34	4	44
chr10	46655207	46655249	43	8	0	43	18	25	0	1	1	0	1	2	4	0	1	1	3	2	0	0	0	0	0	3	0	1	1	0	1	5	1	2	1	2	5	2	0	1
chr10	46655250	46655559	310	8	0	310	170	140	34	6	7	10	5	13	19	9	10	4	14	9	8	7	11	4	9	8	2	11	14	8	0	14	12	10	2	12	11	10	2	13
chr10	46655560	46655597	38	8	0	38	25	13	4	1	1	3	2	1	1	0	0	1	1	1	3	1	3	1	2	0	0	2	1	0	0	2	0	1	0	1	1	1	0	1
chr10	46655598	46656039	442	8	0	442	268	174	31	12	18	31	14	13	12	15	25	8	21	5	21	8	14	19	15	8	1	16	16	14	1	19	10	10	0	4	13	18	2	26
chr10	46656040	46656072	33	8	0	33	22	11	1	0	1	0	0	1	2	2	0	0	0	2	1	3	1	6	3	0	0	1	1	0	0	0	1	0	0	3	0	1	0	1
chr10	46656073	46656150	78	8	0	78	49	29	4	1	2	5	4	1	2	1	3	1	4	5	1	2	6	7	1	1	0	3	2	1	0	3	1	1	0	2	4	2	0	6
chr10	46656151	46656183	33	8	0	33	17	16	1	0	3	1	3	0	0	0	2	0	1	1	0	1	3	0	0	0	0	1	0	1	0	3	2	3	0	1	1	0	1	2
chr10	46656184	46656311	128	8	0	128	77	51	16	3	5	4	4	5	5	4	6	2	6	8	1	1	2	4	7	1	1	2	2	4	0	5	3	1	0	2	6	6	1	9
chr10	46656312	46656512	201	8	0	201	105	96	23	2	6	6	7	5	12	6	4	3	13	5	3	4	4	1	4	5	0	5	9	6	0	8	10	7	5	10	7	4	3	12
chr10	46656513	46657015	503	8	0	503	257	246	28	12	17	18	16	22	25	11	10	8	22	12	22	7	10	15	17	16	3	13	28	17	7	22	10	26	11	23	19	15	3	16
chr10	46657016	46657138	123	8	0	123	72	51	16	7	3	3	7	3	6	4	2	3	9	2	4	1	0	1	6	1	0	7	4	1	1	1	4	4	1	3	6	2	2	7
chr10	46657139	46657226	88	8	0	88	46	42	4	4	5	2	6	4	4	4	1	2	0	1	4	2	1	1	7	4	0	1	6	4	0	3	4	3	0	5	1	2	0	1
chr10	46657227	46657248	22	8	0	22	10	12	0	2	0	0	0	0	1	0	1	0	1	0	1	2	1	0	1	2	0	1	0	2	0	3	0	0	0	0	0	2	0	0
chr10	46657249	46657262	14	8	0	14	4	10	0	0	0	0	1	0	0	0	0	0	0	0	0	1	0	0	0	1	0	0	1	8	0	0	0	0	0	0	0	0	0	0
chr10	46657265	46657704	440	8	0	440	288	152	45	14	15	30	17	6	15	13	15	8	11	13	27	18	15	24	13	10	2	21	13	7	3	14	8	8	2	4	17	12	1	17
chr10	46657705	46657743	39	8	0	39	22	17	3	3	1	0	3	1	5	0	1	1	0	1	0	1	0	1	3	1	0	2	0	0	0	1	5	0	0	1	1	0	0	2
chr10	46657744	46658197	454	8	0	454	306	148	50	19	21	32	25	11	8	22	17	3	11	12	29	17	10	18	18	10	2	20	12	10	0	8	13	2	0	9	22	8	0	13
chr10	46658198	46658546	349	8	0	349	150	199	19	5	6	8	8	16	19	2	7	6	23	13	5	5	5	1	6	7	9	10	15	16	13	17	9	23	9	15	15	15	9	11
chr10	46658547	46658711	165	8	0	165	71	94	10	2	3	4	4	6	10	3	2	2	8	2	3	4	6	1	2	4	3	5	11	7	3	8	7	11	8	10	4	6	0	4
chr10	46658712	46658747	36	8	0	36	17	19	1	1	1	0	3	0	3	1	1	1	2	1	0	0	0	0	1	0	0	1	4	1	0	1	1	3	0	2	1	2	0	2
chr10	46658748	46659250	503	8	0	503	315	188	63	13	27	25	21	14	15	16	19	9	20	9	24	10	12	16	15	8	1	22	14	7	1	17	17	14	2	13	20	10	4	23
chr10	46659251	46659282	32	8	0	32	15	17	1	0	2	1	1	3	0	0	1	0	1	1	1	0	0	1	0	1	0	2	4	2	1	1	0	2	0	0	0	3	1	0
chr10	46659283	46659432	150	8	0	150	73	77	10	5	2	3	5	4	9	7	3	6	7	2	2	3	5	0	6	6	2	4	6	4	1	10	5	7	1	5	7	5	2	4
chr10	46659433	46659532	100	8	0	100	52	48	18	1	3	0	3	5	5	0	1	4	7	2	0	2	0	0	4	2	2	4	5	2	1	3	2	3	2	3	3	4	3	4
chr10	46659533	46661704	2172	8	0	2172	1301	871	221	63	88	101	82	60	86	83	77	42	69	57	92	55	56	67	77	57	6	81	85	49	9	82	61	54	13	52	88	65	8	84
chr10	46661705	46661735	31	8	0	31	17	14	1	0	1	1	1	2	1	2	1	0	2	2	0	1	0	1	1	1	0	1	1	0	0	2	2	0	0	0	2	2	0	1
chr10	46661736	46666126	4391	8	0	4391	2599	1792	384	132	164	204	163	135	185	159	181	79	164	118	156	92	128	154	179	99	15	145	177	107	14	150	122	108	11	123	164	134	20	223
chr10	46666127	46666161	35	8	0	35	21	14	3	0	2	1	1	0	1	2	2	1	1	3	0	1	1	2	1	0	0	1	1	2	0	0	1	0	0	1	1	1	0	3
chr10	46666162	46668375	2214	8	0	2214	1424	790	204	55	89	118	76	52	80	92	70	47	66	66	117	77	76	138	92	42	4	92	72	32	1	65	47	34	2	57	89	62	1	97
chr10	46668376	46668408	33	8	0	33	18	15	0	2	1	1	0	0	2	1	1	0	2	1	2	1	2	1	1	0	0	2	0	0	0	1	2	0	3	1	0	1	0	3
chr10	46668409	46670855	2447	8	0	2447	1494	953	211	87	110	130	100	57	98	74	109	34	80	71	118	50	69	95	85	56	15	73	87	52	7	86	66	50	2	80	91	74	10	118
chr10	46670856	46670976	121	8	0	121	78	43	11	3	4	8	4	4	5	4	1	1	3	4	10	3	2	10	5	2	0	4	5	2	0	3	3	3	1	5	4	3	0	2
chr10	46670977	46674062	3086	8	0	3086	1880	1206	311	97	124	153	112	91	112	111	131	47	91	79	131	82	82	125	130	73	14	99	120	77	12	105	68	62	15	81	108	102	15	124
chr10	46674063	46674308	246	8	0	246	108	138	23	3	2	4	4	8	12	2	3	7	16	7	3	5	7	1	4	6	5	8	9	10	13	9	6	16	8	10	7	10	6	10
chr10	46674309	46677006	2698	8	0	2698	1649	1049	236	79	92	174	114	77	102	80	91	43	96	61	140	70	79	113	90	63	11	105	96	50	13	104	71	69	11	75	116	81	9	85
chr10	46677007	46677037	31	8	0	31	26	5	8	1	1	1	0	0	0	2	0	1	1	1	4	0	1	3	0	0	0	2	0	0	0	0	0	0	0	0	2	0	0	1
chr10	46677038	46679447	2410	8	0	2410	1435	975	200	76	81	128	97	84	96	75	70	45	89	57	118	52	63	103	97	60	13	87	89	54	10	92	67	62	14	68	99	69	11	82
chr10	46679448	46679536	89	8	0	89	62	27	12	2	4	6	5	1	3	2	3	1	0	5	4	3	3	6	3	3	0	1	3	1	0	1	3	0	0	3	3	1	0	5
chr10	46679537	46679754	218	8	0	218	130	88	37	5	7	9	11	6	8	10	7	4	8	4	3	4	2	3	8	5	1	6	13	3	1	6	7	10	1	4	8	5	1	9
chr10	46679755	46679805	51	8	0	51	23	28	2	3	1	0	3	1	4	2	1	2	2	2	0	0	0	0	1	2	0	2	5	0	0	3	1	4	0	1	3	3	0	1
chr10	46679806	46680598	793	8	0	793	445	348	56	21	25	36	28	30	37	23	22	10	35	19	32	17	23	30	27	20	3	28	34	17	6	36	22	33	3	32	35	22	4	25
chr10	46680599	46680641	43	8	0	43	28	15	9	0	1	3	1	1	2	0	0	2	2	0	3	2	0	1	2	1	0	1	2	1	0	1	0	2	0	0	1	0	0	3
chr10	46680642	46681397	756	8	0	756	406	350	61	18	21	31	21	31	36	22	23	10	31	17	25	17	18	22	28	22	6	20	29	20	15	29	27	32	12	29	26	19	7	29
chr10	46681398	46681512	115	8	0	115	48	67	5	1	2	1	3	3	9	5	2	3	11	2	0	0	0	0	2	1	0	4	5	3	3	6	8	8	2	6	5	5	2	6
chr10	46681513	46682201	689	8	0	689	438	251	70	27	20	41	30	18	25	15	24	7	23	15	34	18	24	45	19	15	4	32	22	15	2	22	21	12	2	15	26	19	2	23
chr10	46682202	46682241	40	8	0	40	20	20	1	2	2	0	1	0	1	3	1	1	2	3	1	0	1	0	1	2	0	0	3	2	1	1	0	1	0	1	1	2	0	4
chr10	46682242	46684577	2336	8	0	2336	1423	913	206	96	85	120	92	62	97	79	89	44	78	58	120	42	61	93	94	58	11	81	92	39	12	71	51	53	9	73	94	64	14	96
chr10	46684578	46684668	91	8	0	91	37	54	2	1	3	1	4	4	6	2	0	2	5	3	1	1	0	0	1	5	0	2	8	4	1	7	4	8	0	4	4	3	1	2
chr10	46684669	46684864	196	8	0	196	107	89	3	9	8	5	7	7	12	8	11	6	6	6	4	3	6	5	8	6	2	10	13	5	0	3	3	1	0	8	9	9	0	11
chr10	46684865	46684903	39	8	0	39	20	19	1	1	0	3	2	1	1	2	2	2	1	0	0	0	3	1	1	0	0	1	2	2	0	2	0	3	0	1	3	1	0	1
chr10	46684904	46686935	2032	8	0	2032	1173	859	130	54	84	92	72	74	75	73	90	41	95	55	68	46	52	72	73	42	14	85	78	56	9	73	40	37	10	59	102	81	9	89
chr10	46686936	46686964	29	8	0	29	16	13	2	0	2	0	0	1	0	1	1	1	3	0	1	2	1	0	0	0	0	3	0	0	0	2	0	1	1	0	2	1	1	1
chr10	46686965	46688604	1640	8	0	1640	972	668	123	59	52	81	71	50	64	52	57	24	62	50	64	42	48	72	57	45	7	66	74	31	6	55	39	48	9	38	67	42	16	67
chr10	46688605	46688685	81	8	0	81	44	37	5	1	1	5	3	1	3	5	2	0	4	1	3	4	4	1	3	1	0	2	5	2	1	3	2	5	0	5	2	2	1	2
chr10	46688686	46690442	1757	8	0	1757	962	795	129	52	47	73	69	73	82	57	51	36	70	45	52	30	43	53	69	54	10	57	95	50	8	70	51	64	15	48	66	54	15	67
chr10	46690443	46690478	36	8	0	36	17	19	1	0	0	2	0	3	3	1	0	0	2	0	1	1	0	1	2	0	0	2	2	3	0	2	2	3	0	1	1	1	0	0
chr10	46690479	46694554	4076	8	0	4076	2644	1432	371	117	138	269	154	93	137	159	156	62	134	128	214	107	137	268	159	67	17	136	122	63	8	107	95	69	8	100	167	101	9	202
chr10	46694555	46694593	39	8	0	39	22	17	6	1	3	1	2	0	2	0	2	0	2	0	1	0	0	1	1	1	0	0	1	2	0	3	1	2	0	1	1	1	0	2
chr10	46694594	46696054	1461	8	0	1461	1001	460	153	49	57	109	48	32	40	67	55	28	32	38	112	40	52	88	73	25	8	43	33	16	0	34	30	17	0	27	51	25	0	77
chr10	46696055	46696089	35	8	0	35	25	10	5	1	0	5	1	0	2	0	0	0	1	1	5	0	2	1	1	0	0	0	0	0	0	2	2	1	0	1	0	1	0	1
chr10	46696090	46699503	3414	8	0	3414	2149	1265	305	113	132	195	138	94	117	142	121	72	96	87	180	92	103	160	152	69	16	134	92	61	21	94	97	56	11	86	150	82	10	134
chr10	46699504	46699549	46	8	0	46	35	11	10	2	1	4	0	1	2	2	4	1	0	1	2	0	1	3	2	0	0	2	0	0	0	0	0	0	0	0	3	1	0	2
chr10	46699550	46702953	3404	8	0	3404	2115	1289	280	90	116	223	126	96	129	116	130	58	117	87	173	97	94	182	136	67	19	119	93	49	28	94	94	68	33	95	143	80	22	148
chr10	46702954	46702981	28	8	0	28	18	10	3	1	0	1	1	1	2	0	0	0	1	0	1	5	1	1	4	0	0	2	0	0	0	1	0	0	0	0	0	0	0	1
chr10	46702982	46706745	3764	8	0	3764	2429	1335	358	145	174	223	161	83	106	145	164	60	100	85	218	94	123	189	145	83	14	139	102	51	11	122	95	54	14	95	153	98	11	147
chr10	46706746	46708094	1349	8	0	1349	866	483	121	54	43	85	47	38	33	53	42	11	36	44	92	44	40	82	57	27	22	41	35	28	9	38	36	21	8	27	43	34	11	45
chr10	46708096	46708129	34	8	0	34	25	9	3	0	2	4	2	1	1	0	1	0	1	2	3	0	0	3	1	0	0	1	1	0	0	0	0	1	0	1	2	0	0	2
chr10	46708131	46708184	54	8	0	54	43	11	10	0	2	7	1	1	1	2	3	1	0	0	5	0	2	7	3	0	0	0	0	0	0	1	1	0	0	1	0	1	0	3
chr10	46708191	46708698	508	8	0	508	361	147	46	15	26	47	20	10	6	18	19	7	10	20	49	14	19	33	15	9	2	20	9	2	4	8	11	3	1	7	20	9	1	26
chr10	46708700	46708752	53	8	0	53	44	9	11	3	2	6	2	0	0	2	1	0	0	2	8	0	0	5	0	1	0	2	1	0	0	0	2	0	0	0	1	0	2	0
chr10	46708754	46711726	2973	8	0	2973	2116	857	317	96	122	265	125	57	71	124	124	42	51	91	234	84	81	230	134	49	5	91	70	16	1	54	59	20	3	46	114	56	5	134
chr10	46711728	46711744	17	8	0	17	10	7	2	1	0	0	0	1	1	2	0	0	1	0	1	1	0	0	2	0	0	1	0	0	0	0	1	0	0	0	1	0	0	0
chr10	46711746	46712113	368	8	0	368	274	94	35	14	14	37	20	3	6	17	17	4	4	4	29	16	11	42	23	5	0	9	3	1	1	6	6	2	0	8	14	3	1	11
chr10	46712114	46713514	1401	8	0	1401	969	432	146	49	61	112	45	24	43	53	72	18	33	34	105	51	44	78	55	18	9	59	27	12	1	29	33	12	0	19	50	27	6	74
chr10	46713515	46713708	194	8	0	194	132	62	15	8	10	16	6	3	5	11	11	5	4	6	17	2	6	7	10	4	0	4	5	1	0	5	1	1	0	4	9	5	0	11
chr10	46713710	46713743	34	8	0	34	18	16	2	2	3	0	2	1	1	1	1	0	0	1	2	1	0	0	1	1	0	2	3	3	0	1	1	1	0	0	0	1	0	1
chr10	46713745	46714063	319	8	0	319	237	82	36	12	17	29	10	9	5	7	17	2	5	8	31	9	8	30	13	4	2	13	7	2	0	5	1	2	0	1	10	6	0	16
chr10	46714068	46715343	1276	8	0	1276	745	531	101	35	46	70	52	34	45	40	40	26	45	34	58	26	38	54	43	27	10	41	41	35	19	41	40	42	13	33	46	32	8	59
chr10	46715344	46715980	637	8	0	637	453	184	73	23	28	54	37	10	12	25	30	7	10	20	39	17	13	53	30	9	1	17	10	5	1	14	14	4	1	11	30	12	3	22
chr10	46715981	46715998	18	8	0	18	15	3	3	0	1	1	0	0	0	0	2	0	0	0	1	0	2	3	0	0	0	1	0	0	0	0	0	0	0	0	0	0	0	2
chr10	46715999	46716154	156	8	0	156	111	45	39	6	9	6	7	1	4	5	9	0	2	2	4	6	5	5	6	1	0	6	3	1	0	4	2	4	0	4	5	2	0	6
chr10	46716164	46716199	36	8	0	36	15	21	0	0	0	0	0	2	3	1	0	2	6	1	0	0	0	0	1	0	0	3	3	1	0	1	0	1	0	1	1	3	0	4
chr10	46716200	46716312	113	8	0	113	39	74	0	1	1	1	1	4	8	3	2	1	8	2	1	2	3	0	1	2	1	4	6	5	5	6	5	11	7	7	3	4	3	3
chr10	46716313	46716340	28	8	0	28	24	4	13	0	0	1	1	0	0	0	0	0	1	0	1	2	2	1	1	0	0	1	0	0	0	0	0	0	0	0	0	0	0	2
chr10	46716342	46716539	198	8	0	198	102	96	27	2	8	4	3	7	9	4	5	6	8	8	7	2	1	0	3	7	2	5	8	6	5	10	4	9	5	4	8	7	5	7
chr10	46716540	46716564	25	8	0	25	11	14	0	0	1	0	0	0	2	1	1	1	2	3	0	0	0	0	0	1	0	0	0	1	0	2	0	0	1	1	3	1	0	2
chr10	46716565	46716581	17	8	0	17	11	6	0	1	1	0	1	2	1	0	1	0	0	0	0	1	0	2	3	0	0	1	0	0	0	0	0	0	0	0	1	0	0	0
chr10	46716583	46717007	425	8	0	425	303	122	52	11	23	33	14	9	11	18	25	8	5	13	28	9	13	30	18	7	0	12	6	2	0	10	8	1	0	5	19	8	0	25
chr10	46717009	46717051	43	8	0	43	30	13	7	1	2	1	0	1	1	1	1	0	0	2	4	1	3	4	0	1	0	2	0	0	0	2	1	2	0	1	2	0	0	1
chr10	46717053	46717553	501	8	0	501	331	170	59	15	27	29	22	10	11	21	27	8	14	9	21	16	13	27	21	10	3	15	13	8	0	16	11	4	1	10	19	15	0	24
chr10	46717556	46717571	16	8	0	16	10	6	2	0	1	1	0	0	0	0	2	0	1	1	0	1	1	0	0	1	0	0	0	0	0	0	0	0	0	0	0	0	0	3
chr10	46717573	46718056	484	8	0	484	324	160	45	12	18	32	12	14	21	23	18	8	11	16	32	17	17	27	25	5	0	21	10	1	0	12	13	7	0	12	21	10	0	22
chr10	46718060	46718122	63	8	0	63	45	18	7	0	3	6	2	0	1	2	3	2	1	2	4	3	4	3	0	2	0	3	2	0	0	1	1	0	0	1	2	1	0	5
chr10	46718124	46718236	113	8	0	113	58	55	1	0	3	1	3	4	4	12	1	5	4	3	0	6	6	4	7	4	0	4	3	4	1	4	8	0	1	5	4	4	0	5
chr10	46718242	46718319	78	8	0	78	50	28	6	2	5	4	4	2	0	7	4	0	0	4	3	4	1	3	4	2	0	2	4	3	0	1	2	1	0	1	3	2	0	2
chr10	46718320	46718330	11	8	0	11	7	4	0	0	0	1	0	0	0	1	0	0	0	0	0	1	1	2	1	0	0	0	0	1	0	1	0	0	0	0	0	0	0	0
chr10	46718331	46718492	162	8	0	162	114	48	29	7	3	11	7	2	5	6	6	3	3	6	8	4	3	9	7	3	3	3	3	4	0	3	3	0	0	1	7	3	1	7
chr10	46718493	46718504	12	8	0	12	8	4	0	0	1	1	1	1	0	0	1	0	1	0	0	0	0	0	1	0	0	0	0	0	0	0	0	0	0	0	1	0	0	2
chr10	46718505	46719461	957	8	0	957	609	348	67	27	36	58	35	21	30	55	40	24	32	33	46	21	33	50	52	15	2	24	28	13	2	25	22	11	1	23	39	29	1	60
chr10	46719463	46719490	28	8	0	28	19	9	2	0	1	3	0	1	0	3	0	0	1	0	3	0	1	2	1	0	0	1	0	1	0	1	2	1	0	1	1	0	0	0
chr10	46719492	46720203	712	8	0	712	498	214	67	22	37	57	26	13	20	22	28	10	12	25	62	24	18	54	34	6	2	27	15	5	1	20	12	8	0	8	20	22	1	32
chr10	46720205	46720238	34	8	0	34	19	15	3	0	3	0	1	2	0	0	0	0	1	0	2	3	1	2	1	2	0	2	0	3	0	3	1	1	0	0	1	0	0	0
chr10	46720240	46720839	600	8	0	600	394	206	39	18	26	47	22	11	21	22	29	10	18	20	39	12	16	43	24	10	2	15	16	14	0	17	14	5	0	11	21	18	0	38
chr10	46720841	46720869	29	8	0	29	16	13	1	1	0	3	2	4	0	0	1	0	0	0	1	0	0	1	3	1	0	1	2	0	1	0	1	2	1	0	1	0	0	0
chr10	46720871	46721051	181	8	0	181	99	82	2	7	7	10	10	7	9	8	8	4	10	4	6	2	3	1	5	6	1	8	12	2	0	3	5	5	0	8	11	4	1	10
chr10	46721053	46721109	57	8	0	57	40	17	8	2	2	6	1	0	1	3	3	1	0	1	6	1	3	2	1	2	0	1	1	2	0	1	1	0	0	1	2	1	0	2
chr10	46721111	46721558	448	8	0	448	309	139	45	10	20	40	16	9	12	17	20	4	16	11	34	22	14	18	18	8	0	19	5	4	0	11	9	4	1	8	21	4	1	25
chr10	46721560	46721625	66	8	0	66	46	20	12	3	1	6	5	1	2	4	3	1	1	2	1	0	1	2	4	1	0	0	3	0	0	0	1	1	0	2	3	1	0	3
chr10	46721627	46721908	282	8	0	282	217	65	37	8	8	33	8	0	5	14	10	5	5	5	31	9	8	29	12	4	1	5	5	0	0	5	2	3	1	2	8	3	0	14
chr10	46721910	46721940	31	8	0	31	24	7	9	0	0	3	2	2	0	1	0	0	0	1	2	1	0	1	2	1	0	0	2	0	0	0	0	0	0	0	1	1	0	0
chr10	46721941	46722021	81	8	0	81	63	18	10	0	2	12	2	0	0	4	6	1	1	3	5	1	4	10	1	0	1	0	1	0	0	2	1	1	0	0	3	2	1	5
chr10	46722022	46722394	373	8	0	373	244	129	45	15	17	25	19	7	12	18	15	7	4	7	24	6	8	14	14	7	1	13	12	6	2	8	12	8	0	12	18	7	1	7
chr10	46722396	46722478	83	8	0	83	60	23	20	2	2	8	4	0	2	4	5	1	1	2	4	1	1	2	2	1	0	1	3	2	0	1	1	2	0	1	4	1	0	3
chr10	46722479	46722497	19	8	0	19	9	10	2	1	0	0	0	1	1	1	0	0	0	0	1	0	0	1	0	3	0	0	1	2	0	1	2	0	0	0	0	0	0	0
chr10	46722498	46722687	190	8	0	190	130	60	20	5	6	15	9	3	8	7	6	5	4	7	11	5	6	12	5	1	0	12	3	0	1	2	9	2	0	2	10	3	1	8
chr10	46722688	46723349	662	8	0	662	443	219	71	30	23	46	21	6	21	33	27	7	13	16	50	10	22	45	22	10	2	19	17	18	2	14	19	10	1	22	23	13	3	24
chr10	46723350	46723365	16	8	0	16	13	3	0	0	0	0	0	0	0	3	1	0	0	0	0	1	0	7	1	0	0	0	0	0	0	0	0	0	0	0	1	0	0	0
chr10	46723366	46723644	279	8	0	279	193	86	27	10	16	20	7	4	8	6	13	6	10	4	25	10	12	13	9	6	0	15	3	2	0	10	4	1	0	3	9	6	0	18
chr10	46723645	46723655	11	8	0	11	7	4	0	1	1	0	0	0	0	0	1	0	1	0	0	0	1	0	0	0	0	1	0	0	0	1	0	0	0	0	0	1	0	1
chr10	46723656	46723694	39	8	0	39	22	17	5	1	2	2	3	0	2	0	1	1	4	0	0	0	0	0	1	0	0	1	2	1	0	1	1	0	0	3	1	2	0	3
chr10	46723697	46724110	414	8	0	414	239	175	22	12	27	15	20	12	17	20	24	4	14	14	9	8	8	11	16	6	1	13	16	6	1	14	20	13	0	13	17	12	0	27
chr10	46724114	46724167	54	8	0	54	31	23	4	0	2	4	2	1	4	1	2	1	2	3	1	0	1	2	1	1	0	0	1	1	0	2	4	2	0	2	2	0	1	5
chr10	46724168	46724423	256	8	0	256	157	99	33	9	17	8	13	6	9	7	13	5	9	5	7	6	1	8	14	5	1	6	8	7	2	7	5	2	0	9	8	10	1	13
chr10	46724425	46724468	44	8	0	44	24	20	2	1	1	3	4	0	2	2	1	1	3	2	0	0	1	1	1	0	0	0	2	1	0	1	2	2	0	2	3	1	0	3
chr10	46724473	46724583	111	8	0	111	61	50	6	2	10	1	5	0	4	6	3	2	2	2	6	6	1	3	2	4	0	4	5	4	1	5	9	3	0	4	0	4	1	4
chr10	46724585	46725295	711	8	0	711	458	253	52	24	25	50	34	18	20	36	33	13	18	15	34	23	22	39	39	8	2	29	19	16	0	17	14	9	1	20	36	19	5	19
chr10	46725297	46725555	259	8	0	259	158	101	34	4	6	17	6	6	10	7	6	7	10	2	15	10	9	8	11	7	0	9	6	6	3	11	5	10	2	5	8	4	3	10
chr10	46725556	46725742	187	8	0	187	90	97	6	6	2	6	7	7	7	7	3	3	14	5	3	5	6	2	6	5	4	6	7	7	6	7	9	8	0	7	6	7	2	9
chr10	46725743	46726220	478	8	0	478	341	137	67	16	32	27	19	7	9	12	19	4	9	14	36	13	16	39	15	5	1	19	7	2	0	12	13	5	0	12	12	9	1	24
chr10	46726222	46726276	55	8	0	55	34	21	4	2	3	1	1	1	2	2	3	0	3	3	1	2	2	2	2	1	0	2	1	1	0	3	0	1	0	1	3	2	0	4
chr10	46726278	46726370	93	8	0	93	61	32	11	1	4	8	3	3	4	1	6	2	1	2	3	4	2	5	4	1	1	4	1	2	0	2	1	1	1	2	5	1	2	3
chr10	46726373	46726416	44	8	0	44	23	21	1	1	3	0	3	1	2	2	1	2	4	2	0	0	0	0	1	0	0	3	2	0	0	1	1	2	0	1	4	1	0	4
chr10	46726418	46726637	220	8	0	220	109	111	6	8	3	6	6	12	15	8	6	1	10	9	4	5	6	3	10	6	0	9	11	9	2	9	9	8	2	9	11	8	0	7
chr10	46726639	46726673	35	8	0	35	20	15	0	0	1	1	1	2	1	1	1	0	3	4	0	1	3	0	0	0	0	3	1	0	0	0	1	0	0	1	4	1	0	3
chr10	46726674	46726685	12	8	0	12	7	5	2	1	0	0	0	0	1	0	0	0	0	1	1	0	0	1	0	0	0	1	0	1	0	0	0	0	0	0	0	1	0	0
chr10	46726687	46728678	1992	8	0	1992	1237	755	149	71	96	110	86	34	65	74	90	37	66	65	100	38	61	93	61	46	7	66	73	53	1	60	49	26	1	54	77	62	11	108
chr10	46728679	46728688	10	8	0	10	8	2	2	0	0	2	1	0	0	0	0	0	1	0	1	0	0	0	0	0	0	0	0	0	0	0	0	0	0	0	1	0	0	0
chr10	46728690	46729689	1000	8	0	1000	656	344	76	28	42	80	43	26	32	36	45	17	26	22	62	25	39	56	46	15	2	33	23	14	0	28	27	14	0	31	41	22	0	47
chr10	46729690	46729705	16	8	0	16	16	0	3	0	0	3	0	0	0	0	0	0	0	0	4	0	0	4	0	0	0	0	0	0	0	0	0	0	0	0	0	0	0	0
chr10	46729706	46731146	1441	8	0	1441	1003	438	149	48	52	118	60	24	30	69	56	20	33	31	103	35	46	128	54	16	7	50	30	19	1	28	42	16	5	29	57	26	3	54
chr10	46731147	46732368	1222	8	0	1222	824	398	118	37	62	92	61	24	27	49	57	17	34	26	75	34	34	75	51	15	3	43	31	12	1	30	41	10	1	26	38	37	1	58
chr10	46732370	46732389	20	8	0	20	12	8	1	0	2	0	0	0	0	1	2	1	2	0	0	1	0	1	1	1	0	0	0	0	0	1	0	0	0	0	1	0	0	3
chr10	46732391	46732971	581	8	0	581	441	140	76	15	19	71	32	6	5	25	14	9	7	11	60	21	14	55	28	7	2	14	12	4	0	9	11	4	0	7	17	9	0	15
chr10	46732972	46734335	1364	8	0	1364	849	515	98	63	58	59	45	57	55	51	53	15	32	34	83	40	33	72	73	46	2	54	55	32	2	34	36	17	0	29	43	28	2	61
chr10	46734336	46734381	46	8	0	46	29	17	2	5	3	0	1	3	1	1	2	0	2	0	5	0	0	3	2	2	0	3	2	1	0	0	1	0	0	1	2	0	0	2
chr10	46734386	46734431	46	8	0	46	29	17	2	5	3	0	1	3	1	1	2	0	2	0	5	0	0	3	2	2	0	3	1	1	0	1	1	0	0	1	2	0	0	2
chr10	46734436	46734482	47	8	0	47	32	15	5	1	4	0	3	0	0	1	2	2	0	3	0	2	3	5	1	0	0	4	1	0	0	1	0	0	0	0	2	3	0	2
chr10	46734484	46740123	5640	8	0	5640	3819	1821	539	193	216	411	212	130	173	229	249	74	111	177	360	171	168	405	248	90	28	202	133	67	19	118	126	65	10	103	237	116	13	245
chr10	46740125	46740166	42	8	0	42	20	22	2	2	3	1	3	0	2	0	3	0	1	0	0	0	1	1	1	1	0	0	0	1	1	2	3	2	2	3	1	1	1	2
chr10	46740168	46740500	333	8	0	333	203	130	23	11	8	24	13	15	10	16	11	6	5	11	19	9	7	15	20	8	7	6	11	7	1	10	9	7	3	6	14	8	3	8
chr10	46740502	46740537	36	8	0	36	8	28	1	0	2	0	1	1	1	0	1	1	0	0	0	0	0	0	0	0	2	0	2	2	3	2	1	7	4	1	0	1	1	0
chr10	46740539	46740944	406	8	0	406	224	182	34	12	14	19	21	20	16	12	11	9	10	8	13	10	8	7	20	11	10	10	14	13	2	13	18	8	6	18	17	9	4	7
chr10	46740946	46740988	43	8	0	43	33	10	11	1	1	4	3	1	0	1	0	0	0	0	4	1	2	3	1	0	0	1	1	0	0	0	3	1	0	2	0	0	0	0
chr10	46740992	46741033	42	9	0	42	26	16	8	1	3	0	0	2	2	0	1	2	0	2	2	0	2	0	2	1	0	1	2	1	0	1	0	2	0	0	0	0	0	5
chr10	46741034	46741320	287	8	0	287	190	97	30	14	13	13	13	9	5	10	9	6	5	12	17	7	9	17	15	7	2	11	9	6	0	10	2	1	0	1	11	11	0	10
chr10	46741330	46742760	1431	8	0	1431	980	451	148	47	60	112	69	24	28	75	61	18	18	39	88	44	51	96	65	26	1	41	45	15	2	32	39	17	1	31	47	36	0	53
chr10	46742761	46742839	79	8	0	79	50	29	3	3	3	6	7	2	3	2	4	1	2	1	1	4	2	5	5	1	0	4	3	1	0	0	3	1	0	2	3	1	0	4
chr10	46742841	46743085	245	8	0	245	168	77	26	6	16	18	11	4	6	4	16	4	4	11	13	4	10	13	5	4	0	9	6	2	0	8	2	3	0	3	12	7	0	16
chr10	46743087	46743127	41	8	0	41	30	11	4	2	3	2	2	0	1	1	4	0	1	0	3	1	1	3	1	0	0	2	0	0	0	1	1	1	0	0	2	0	0	3
chr10	46743129	46743267	139	8	0	139	95	44	11	7	4	10	7	0	2	9	4	3	2	6	10	3	8	9	5	5	0	2	2	1	0	6	4	2	0	0	6	1	0	8
chr10	46743277	46743336	60	8	0	60	44	16	6	4	0	7	3	3	2	4	3	0	0	2	5	0	0	5	4	1	0	1	1	0	0	0	2	0	0	0	4	0	0	1
chr10	46743352	46744466	1115	8	0	1115	750	365	125	45	45	74	65	30	26	36	57	14	28	43	43	24	35	58	56	16	4	37	23	9	3	21	27	6	3	18	51	25	8	58
chr10	46744467	46744493	27	7	0	27	18	9	0	2	0	1	3	1	0	0	0	0	1	0	0	1	1	6	2	2	0	1	2	1	0	0	0	0	0	0	0	0	0	1
chr10	46744495	46744759	265	8	0	265	173	92	11	8	9	25	13	8	8	5	9	7	6	8	21	6	13	14	10	6	1	12	8	5	0	6	6	4	0	4	11	4	1	14
chr10	46744763	46745142	380	8	0	380	245	135	37	16	17	17	18	11	14	16	17	9	12	13	15	7	10	14	25	4	0	14	10	4	0	7	8	4	1	7	16	9	1	25
chr10	46745144	46745190	47	8	0	47	26	21	2	1	2	2	0	1	3	3	2	2	1	0	3	0	3	0	2	0	0	2	1	2	0	2	3	1	0	2	0	2	0	3
chr10	46745191	46745237	47	7	0	47	28	19	2	0	3	4	3	2	1	0	2	2	2	2	2	1	0	1	0	2	0	2	1	1	1	1	1	0	0	1	4	1	1	2
chr10	46745239	46745315	77	8	0	77	53	24	7	3	5	4	1	0	1	6	7	1	2	0	5	2	3	4	2	0	1	3	1	0	0	2	1	0	0	3	4	3	1	3
chr10	46745317	46745348	32	8	0	32	19	13	0	0	1	2	1	0	2	0	0	1	2	2	2	1	2	1	1	2	0	0	1	0	0	2	1	0	0	1	0	1	0	4
chr10	46745350	46745499	150	8	0	150	89	61	11	7	8	1	6	5	6	3	5	7	4	4	5	2	9	4	11	3	1	7	5	4	0	3	1	1	0	4	3	4	1	13
chr10	46745510	46746238	729	8	0	729	476	253	78	24	42	42	37	10	21	26	46	18	21	20	25	13	20	32	28	11	0	26	22	9	2	16	12	7	1	12	32	23	1	50
chr10	46746240	46746271	32	8	0	32	19	13	1	0	2	1	2	4	0	0	0	1	0	2	2	1	0	1	3	1	1	1	1	1	0	1	0	0	0	0	2	1	1	0
chr10	46746273	46746842	570	8	0	570	300	270	29	17	28	15	27	21	38	12	20	13	21	14	13	7	8	16	21	16	1	20	26	14	5	24	28	18	0	28	23	20	2	23
chr10	46746863	46746922	60	8	0	60	30	30	0	1	5	0	1	2	4	3	1	3	2	1	3	2	1	0	0	4	0	4	5	2	0	1	3	1	0	2	1	1	0	5
chr10	46746928	46747016	89	8	0	89	46	43	3	4	4	2	4	4	5	4	6	0	4	2	0	0	2	2	3	0	1	4	3	4	0	2	6	2	1	3	4	2	0	6
chr10	46747027	46747111	85	8	0	85	38	47	1	1	5	2	2	3	3	5	4	2	5	1	2	0	0	2	1	3	0	2	9	2	0	4	2	7	1	2	1	5	1	5
chr10	46747113	46747139	27	7	0	27	18	9	4	1	2	1	2	1	0	3	1	1	1	0	0	0	0	0	3	0	0	0	0	0	0	0	1	0	0	1	1	0	0	2
chr10	46747141	46747556	416	8	0	416	186	230	8	8	11	6	13	19	33	14	7	11	19	11	5	8	10	3	16	13	0	16	28	24	1	20	25	16	2	19	9	20	1	18
chr10	46747557	46747600	44	8	0	44	19	25	1	0	3	0	2	0	2	4	1	2	1	1	0	1	0	1	0	3	0	0	3	4	0	4	2	2	0	0	2	1	0	2
chr10	46747609	46748789	1181	8	0	1181	600	581	44	28	42	25	37	52	63	50	36	27	54	33	22	20	25	40	51	34	4	38	59	51	7	56	46	40	5	39	46	48	6	51
chr10	46748791	46748818	28	8	0	28	19	9	7	1	0	3	2	0	0	0	0	0	0	0	2	1	1	1	2	0	0	0	0	1	2	0	0	2	0	1	0	0	0	0
chr10	46748820	46748978	159	8	0	159	75	84	19	1	3	1	4	7	10	4	2	4	11	3	0	2	2	0	3	4	1	6	9	6	3	6	8	7	2	9	6	7	2	5
chr10	46748985	46749678	694	8	0	694	390	304	33	20	22	37	19	19	33	37	36	16	27	24	25	14	17	10	21	17	3	28	26	21	3	36	16	18	2	10	45	30	2	25
chr10	46749680	46749717	38	8	0	38	22	16	4	0	2	1	1	0	2	3	3	2	2	0	0	0	0	0	1	0	0	1	0	0	0	3	2	0	0	2	3	3	0	1
chr10	46749719	46750051	333	8	0	333	182	151	19	14	12	11	16	13	14	10	8	3	16	8	13	3	12	8	10	11	0	12	20	10	0	13	13	11	0	16	10	11	0	14
chr10	46750053	46750105	53	8	0	53	22	31	0	0	4	1	1	3	5	0	4	0	1	3	0	0	0	0	2	1	0	0	4	1	0	4	1	4	2	2	2	3	0	3
chr10	46750107	46750171	65	8	0	65	34	31	3	1	4	1	5	1	4	2	2	2	6	1	0	0	0	0	0	1	1	2	1	0	1	1	5	1	0	6	6	1	0	5
chr10	46750181	46750249	69	8	0	69	33	36	0	2	6	0	2	5	4	2	6	1	1	1	0	1	0	1	4	5	0	0	4	2	0	5	1	2	0	3	4	2	0	3
chr10	46750260	46750285	26	10	0	26	13	13	1	0	1	0	1	1	2	0	0	1	2	1	0	1	0	1	1	1	0	1	0	1	0	2	1	0	0	1	2	1	0	1
chr10	46750286	46750349	64	8	0	64	40	24	8	2	3	6	4	0	2	1	5	1	2	1	3	0	1	0	1	2	0	0	2	2	0	3	0	1	0	3	4	3	0	2
chr10	46750351	46750382	32	8	0	32	18	14	0	1	1	2	1	1	1	2	2	1	0	1	1	0	1	2	1	1	0	1	1	2	0	2	1	1	0	0	2	1	0	0
chr10	46750383	46750401	19	8	0	19	7	12	0	1	0	1	0	0	1	1	2	0	0	0	0	0	0	0	0	1	0	0	1	5	0	1	0	0	0	0	1	2	0	0
chr10	46750403	46750515	113	8	0	113	64	49	1	1	3	0	3	1	7	1	1	0	5	16	0	1	12	11	1	1	0	1	3	0	0	5	5	4	0	7	3	3	0	15
chr10	46750517	46750526	10	8	0	10	8	2	0	0	0	0	0	0	0	0	0	0	0	2	0	0	2	2	0	0	0	0	0	0	0	0	0	0	0	0	0	0	0	2
chr10	46750527	46750857	331	8	0	331	178	153	19	5	14	13	12	8	19	9	14	5	19	13	6	8	9	5	10	8	0	8	11	13	0	18	13	6	1	12	14	15	1	21
chr10	46750866	46750899	34	8	0	34	20	14	2	1	1	3	1	0	4	0	4	1	0	1	0	0	0	0	2	0	0	1	0	0	0	1	1	1	1	1	2	0	1	3
chr10	46750901	46751313	413	8	0	413	227	186	25	8	25	15	15	10	22	11	13	8	18	11	21	7	5	11	11	11	2	10	21	9	1	23	12	19	0	17	14	15	1	20
chr10	46751315	46751357	43	8	0	43	19	24	1	0	1	1	1	3	3	0	0	1	2	1	1	3	0	0	1	2	1	3	4	2	0	2	0	2	1	1	3	1	0	0
chr10	46751359	46751374	16	10	0	16	7	9	0	0	1	1	2	1	0	0	0	0	1	1	0	0	0	0	0	1	0	0	1	1	0	0	1	0	0	1	1	1	0	0
chr10	46751375	46751610	236	8	0	236	124	112	29	5	3	7	9	9	15	6	4	5	15	4	3	4	2	3	6	9	1	7	13	9	2	10	10	8	0	8	10	7	1	10
chr10	46751611	46752506	896	8	0	896	527	369	54	32	38	53	41	27	36	28	55	19	37	29	27	13	18	18	35	25	2	29	30	20	7	31	19	9	3	19	49	34	6	51
chr10	46752521	46753201	681	8	0	681	409	272	33	19	24	44	25	32	24	33	30	15	18	18	32	17	17	27	38	14	3	28	23	17	1	22	19	12	2	11	33	20	6	22
chr10	46753205	46754604	1400	8	0	1400	726	674	75	34	54	44	41	52	74	47	54	36	54	42	38	23	40	17	44	48	6	47	55	62	12	81	47	41	4	40	68	58	6	54
chr10	46754605	46754620	16	10	0	16	10	6	0	0	1	1	0	1	0	2	1	1	0	0	1	0	0	1	2	0	0	0	0	0	0	0	2	0	0	0	0	0	0	1
chr10	46754621	46754807	187	8	0	187	129	58	37	7	10	11	12	3	5	1	9	4	3	6	8	2	0	10	4	6	0	6	6	6	1	2	3	0	0	1	8	4	1	9
chr10	46754812	46755126	315	8	0	315	174	141	6	9	13	14	9	7	20	7	17	9	12	12	10	5	8	15	9	10	1	10	9	13	2	16	9	3	0	8	16	14	1	19
chr10	46755127	46755310	184	8	0	184	95	89	22	4	0	7	6	6	12	4	1	3	13	3	4	3	3	2	4	6	1	5	9	4	2	10	9	9	3	7	6	6	2	6
chr10	46755315	46755434	120	8	0	120	58	62	6	3	2	2	5	6	10	1	3	2	12	1	0	2	1	0	2	3	0	8	5	3	0	7	8	5	0	3	7	4	0	7
chr10	46755435	46755449	15	7	0	15	8	7	0	0	0	1	0	0	1	1	0	0	0	0	1	1	2	0	1	1	0	0	0	0	0	1	1	0	0	2	0	0	0	0
chr10	46755450	46756249	800	8	0	800	437	363	46	22	26	32	30	24	35	32	24	20	30	23	26	18	21	27	30	26	5	23	40	29	4	35	22	25	6	20	29	28	5	35
chr10	46756251	46756295	45	8	0	45	17	28	0	0	0	0	0	4	3	0	0	0	3	2	0	0	2	2	0	1	0	3	3	1	1	1	3	3	2	3	1	1	3	1
chr10	46756297	46757808	1512	8	0	1512	637	875	48	31	50	39	42	54	101	23	48	35	54	23	30	21	28	9	46	51	8	36	81	113	38	93	59	92	33	64	34	69	17	40
chr10	46757809	46757827	19	7	0	19	12	7	0	0	0	1	0	0	1	3	0	1	0	2	0	0	1	1	1	0	0	0	0	0	0	1	0	1	0	1	3	0	0	0
chr10	46757828	46758160	333	8	0	333	185	148	32	7	12	16	8	9	17	9	17	5	12	8	10	6	11	5	9	9	2	8	18	9	1	21	6	11	0	11	10	19	1	12
chr10	46758162	46758209	48	8	0	48	27	21	1	0	4	2	4	3	0	2	1	2	1	1	1	0	1	3	2	1	1	1	3	0	0	1	3	1	1	1	0	2	0	3
chr10	46758210	46758244	35	8	0	35	16	19	1	2	0	0	1	1	3	3	2	1	0	1	0	0	0	0	1	2	0	1	4	2	0	1	2	1	0	0	1	2	0	1
chr10	46758247	46758319	73	8	0	73	36	37	0	0	1	3	3	1	3	4	1	0	6	3	1	1	4	4	0	1	0	1	8	2	0	2	2	6	0	4	1	2	0	7
chr10	46758327	46758472	146	8	0	146	83	63	2	5	9	4	6	6	5	7	5	3	5	5	7	3	4	6	8	3	1	5	6	3	0	4	4	4	0	6	6	3	1	8
chr10	46758473	46758554	82	10	0	82	44	38	5	2	1	6	3	4	3	2	1	0	2	0	5	2	2	4	2	3	2	1	6	3	1	3	4	6	1	3	1	1	0	1
chr10	46758555	46758763	209	8	0	209	95	114	11	5	3	3	4	8	16	6	5	4	11	6	2	4	5	1	4	5	3	9	11	7	4	10	11	11	3	9	8	8	2	8
chr10	46758765	46758796	32	8	0	32	19	13	9	0	0	0	1	0	1	0	0	3	4	0	0	0	0	0	1	0	1	1	0	0	1	0	0	0	1	1	1	1	1	3
chr10	46758799	46758808	10	8	0	10	7	3	1	0	1	1	0	0	0	1	2	0	0	0	0	0	0	0	0	0	0	0	0	0	0	0	0	0	0	0	1	0	0	1
chr10	46758810	46759299	490	8	0	490	263	227	18	15	26	16	15	20	30	23	31	9	18	12	11	9	5	5	24	11	4	13	20	12	0	21	18	11	2	19	25	19	0	26
chr10	46759300	46759309	10	8	0	10	10	0	8	0	0	0	0	0	0	0	0	0	0	0	0	0	0	0	0	0	0	0	0	0	0	0	0	0	0	0	0	0	0	0
chr10	46759310	46759374	65	8	0	65	40	25	9	5	1	2	7	2	3	0	0	1	6	0	1	1	0	2	5	1	0	2	0	0	0	2	3	1	0	2	4	0	0	3
chr10	46759375	46759387	13	10	0	13	5	8	0	0	0	0	0	1	0	0	0	0	1	2	0	0	0	0	0	0	1	0	0	0	1	0	0	1	1	0	1	0	0	2
chr10	46759388	46759657	270	8	0	270	143	127	35	9	5	7	11	5	18	7	3	6	12	6	6	5	5	2	11	10	1	3	15	9	1	17	6	13	1	12	9	9	1	8
chr10	46759664	46759777	114	8	0	114	49	65	4	0	2	0	2	3	13	2	1	4	9	3	0	2	1	1	3	3	0	3	4	2	1	11	7	6	0	7	6	7	1	4
chr10	46759791	46759945	155	8	0	155	82	73	13	3	4	6	3	8	11	2	4	4	4	3	6	5	4	1	6	8	1	5	9	6	1	5	2	5	1	8	7	2	1	5
chr10	46759947	46759961	15	10	0	15	6	9	0	0	1	0	0	2	0	2	1	0	0	0	0	0	0	0	2	0	0	0	1	1	0	1	0	2	0	0	0	0	0	0
chr10	46759963	46760512	550	8	0	550	314	236	31	17	13	34	32	20	21	18	17	12	23	8	15	8	18	26	26	16	1	14	24	17	2	19	19	14	3	20	22	16	0	22
chr10	46760514	46761157	644	8	0	644	385	259	63	19	19	31	29	23	28	21	16	11	26	20	25	18	11	24	29	15	3	24	27	12	5	14	17	17	4	18	28	14	4	27
chr10	46761158	46761254	97	8	0	97	39	58	0	2	1	1	4	6	10	0	0	3	7	3	0	1	1	0	4	3	1	3	5	3	1	6	6	6	0	6	5	3	0	4
chr10	46761264	46761912	649	8	0	649	382	267	55	28	20	22	22	17	35	19	20	9	27	15	28	17	24	23	28	13	0	30	23	12	2	23	18	17	3	26	24	17	3	27
chr10	46761913	46762140	228	8	0	228	150	78	31	5	10	10	6	4	9	8	7	2	7	4	13	5	8	20	5	2	0	9	4	3	1	6	9	6	0	12	9	3	1	7
chr10	46762142	46762160	19	8	0	19	10	9	0	0	0	1	2	1	2	0	0	0	2	1	0	0	0	0	0	0	0	1	0	0	0	0	3	0	0	1	1	0	0	2
chr10	46762162	46762214	53	8	0	53	23	30	0	1	3	1	2	1	5	0	3	0	4	1	0	1	1	0	0	1	0	2	3	2	0	4	2	3	0	3	3	2	0	3
chr10	46762215	46762243	29	8	0	29	13	16	0	0	0	1	0	5	2	1	0	0	0	2	1	1	0	0	4	0	2	0	1	0	0	1	2	2	0	1	1	0	0	0
chr10	46762245	46762322	78	8	0	78	43	35	7	2	0	4	2	2	4	2	2	2	4	3	1	2	2	3	1	5	0	2	5	2	0	4	0	3	0	1	4	2	2	3
chr10	46762324	46762334	11	10	0	11	2	9	0	0	0	0	0	0	1	0	0	0	1	0	0	0	0	0	0	0	0	0	0	0	1	2	1	2	0	0	0	0	1	0
chr10	46762335	46762392	58	8	0	58	28	30	4	0	3	2	2	3	4	3	1	0	2	1	1	1	0	0	2	0	0	2	4	3	0	2	5	4	0	3	1	2	0	1
chr10	46762397	46762769	373	8	0	373	188	185	36	8	7	14	13	13	21	8	7	7	20	5	10	6	5	7	9	15	2	8	21	12	6	22	14	21	3	12	11	12	5	11
chr10	46762771	46762799	29	8	0	29	15	14	0	0	0	0	0	3	1	2	0	0	2	2	0	2	0	2	0	2	0	2	2	0	0	1	2	0	0	0	3	1	0	0
chr10	46762801	46763190	390	8	0	390	207	183	34	11	9	10	12	11	24	12	5	13	20	7	12	7	12	7	14	12	2	13	21	10	1	20	10	15	1	18	14	15	2	14
chr10	46763195	46763245	51	8	0	51	21	30	0	1	1	1	3	1	3	3	0	1	5	2	0	0	0	0	1	0	0	2	5	1	0	1	4	4	2	2	0	2	0	4
chr10	46763247	46765085	1839	8	0	1839	1056	783	112	43	57	89	81	66	78	62	45	40	81	51	62	42	58	88	74	48	6	63	79	44	5	75	53	53	3	62	81	58	4	74
chr10	46765093	46765174	82	8	0	82	59	23	15	1	8	4	3	1	1	1	7	0	3	4	4	3	0	3	4	0	0	1	1	0	0	2	0	0	0	0	1	4	0	9
chr10	46765188	46765205	18	10	0	18	11	7	2	0	4	0	2	0	0	0	2	0	0	0	0	0	0	0	0	0	0	0	0	0	0	0	2	0	0	2	0	0	0	2
chr10	46765206	46765534	329	8	0	329	190	139	32	6	16	15	14	11	14	8	10	2	16	7	14	6	8	10	10	5	0	10	8	10	0	17	16	12	0	16	13	8	2	11
chr10	46765535	46765576	42	8	0	42	27	15	2	2	2	4	3	1	1	0	1	0	0	0	4	1	4	1	3	0	0	1	0	0	0	2	1	2	0	4	1	0	0	0
chr10	46765577	46766238	662	8	0	662	414	248	55	26	20	32	20	20	25	27	20	7	23	18	37	25	17	41	31	15	4	28	19	11	5	21	17	12	2	14	25	18	3	22
chr10	46766240	46766292	53	8	0	53	23	30	1	0	1	1	2	3	4	0	0	4	6	1	0	0	0	0	3	0	0	4	3	1	0	0	3	2	2	1	0	1	2	6
chr10	46766298	46766518	221	8	0	221	152	69	34	8	11	13	6	1	6	5	8	4	3	6	17	8	6	14	7	3	1	10	5	8	1	7	0	5	0	1	6	5	2	8
chr10	46766520	46766541	22	10	0	22	16	6	2	2	2	1	3	0	0	1	2	1	0	0	0	0	0	0	2	0	0	1	0	0	0	0	0	0	0	0	2	0	0	1
chr10	46766543	46767622	1080	8	0	1080	599	481	77	35	42	41	51	41	42	28	26	20	46	30	41	23	27	29	45	30	11	32	47	28	6	45	32	35	7	40	38	33	10	40
chr10	46767626	46769419	1794	8	0	1794	1036	758	138	46	70	85	74	51	75	57	69	42	73	49	57	36	52	61	57	45	16	57	57	36	9	81	55	49	10	52	88	53	13	79
chr10	46769442	46770656	1215	8	0	1215	732	483	88	29	48	62	41	37	38	49	42	27	37	32	56	33	46	67	43	31	8	43	46	28	7	40	31	33	4	30	45	29	7	56
chr10	46770674	46770686	13	10	0	13	13	0	11	0	0	0	0	0	0	0	0	0	0	0	0	0	0	0	0	0	0	0	0	0	0	0	0	0	0	0	0	0	0	0
chr10	46770687	46771474	788	8	0	788	518	270	80	22	33	50	27	19	25	26	29	10	20	31	49	22	28	47	29	16	2	26	23	10	1	23	16	13	2	19	29	18	3	38
chr10	46771475	46771490	16	8	0	16	16	0	14	0	0	0	0	0	0	0	0	0	0	0	0	0	0	0	0	0	0	0	0	0	0	0	0	0	0	0	0	0	0	0
chr10	46771491	46771878	388	8	0	388	209	179	33	6	9	15	7	17	19	6	6	10	19	11	18	11	7	14	10	14	5	15	17	11	8	15	11	13	5	9	11	13	6	15
chr10	46771879	46771907	29	8	0	29	21	8	7	3	1	0	4	0	0	1	0	1	1	0	1	0	0	1	2	1	0	1	1	0	0	0	0	0	0	0	1	0	0	1
chr10	46771909	46772385	477	8	0	477	255	222	30	9	15	20	17	20	24	17	13	9	17	16	14	10	7	17	12	15	1	20	21	16	7	19	21	19	6	8	23	13	4	15
chr10	46772392	46773295	904	8	0	904	472	432	60	34	39	29	33	19	44	21	37	15	26	15	32	10	21	37	29	22	8	18	39	56	9	46	23	43	14	30	25	29	3	36
chr10	46773297	46773327	31	8	0	31	9	22	0	1	1	0	1	1	3	0	1	0	1	0	0	0	0	0	1	0	0	1	2	3	0	2	1	4	2	2	1	1	0	0
chr10	46773329	46774005	677	8	0	677	228	449	5	9	13	6	12	25	53	13	12	11	41	3	4	4	12	4	11	25	3	10	45	84	13	58	35	56	9	32	12	34	1	20
chr10	46774007	46774036	30	8	0	30	14	16	3	2	2	0	2	1	1	0	2	0	1	0	0	0	0	0	1	1	0	0	1	0	2	0	2	2	1	1	0	0	1	2
chr10	46774037	46774113	77	8	0	77	49	28	18	3	4	1	3	3	4	1	4	1	3	0	1	1	0	0	4	0	1	3	0	0	1	1	4	2	0	4	3	0	2	3
chr10	46774114	46774128	15	7	0	15	3	12	0	0	0	0	0	0	1	0	1	0	0	0	0	0	0	0	0	0	0	0	1	5	1	1	0	1	1	0	0	1	0	0
chr10	46774129	46774194	66	8	0	66	26	40	1	2	4	1	3	1	5	0	2	1	2	0	2	0	1	1	0	1	1	2	3	5	0	7	4	8	1	1	1	1	1	2
chr10	46774196	46774241	46	8	0	46	27	19	6	2	0	2	0	1	2	0	1	2	3	0	3	2	1	2	2	3	0	1	1	0	1	1	0	0	0	2	0	1	3	2
chr10	46774243	46774823	581	8	0	581	211	370	19	10	12	13	10	11	39	8	14	11	22	8	11	3	1	19	4	11	10	10	23	37	38	22	32	50	41	35	9	20	19	7
chr10	46774825	46774843	19	8	0	19	3	16	0	0	0	0	0	1	0	0	0	0	0	0	0	0	1	0	0	0	1	0	1	2	3	0	0	3	4	1	0	0	0	0
chr10	46774845	46775439	595	8	0	595	172	423	2	3	12	1	5	16	48	16	11	15	24	6	0	6	5	1	8	15	8	8	35	50	35	36	33	71	35	31	9	20	14	14
chr10	46775441	46775482	42	8	0	42	19	23	1	0	3	0	2	1	3	1	0	3	0	2	1	0	0	1	1	1	1	1	4	0	0	0	1	2	0	5	1	2	3	0
chr10	46775484	46775759	276	8	0	276	116	160	2	5	9	2	7	5	24	9	8	11	13	7	1	5	6	2	4	6	8	8	14	12	0	19	16	15	3	16	11	12	5	9
chr10	46775766	46776557	792	8	0	792	322	470	13	7	29	17	19	32	44	24	19	20	34	15	15	4	11	18	15	24	10	15	46	50	30	32	34	49	25	51	24	35	9	20
chr10	46776559	46776609	51	8	0	51	37	14	11	0	2	5	1	0	0	0	0	0	2	2	5	2	2	3	0	0	1	1	0	2	1	2	0	1	0	1	1	2	0	2
chr10	46776611	46776696	86	8	0	86	62	24	10	4	5	3	1	0	4	5	2	1	1	4	8	4	2	6	4	2	0	4	0	0	0	2	3	0	0	1	3	0	0	5
chr10	46776698	46777127	430	8	0	430	283	147	57	14	21	19	15	18	13	17	21	3	7	11	18	15	10	23	24	12	1	13	13	7	1	6	8	2	1	17	19	6	1	15
chr10	46777128	46777563	436	8	0	436	218	218	21	12	16	14	21	16	25	13	13	8	17	8	8	11	10	5	13	19	3	11	23	20	2	21	18	14	3	23	21	13	0	12
chr10	46777565	46777606	42	7	0	42	26	16	4	1	3	2	3	0	0	1	2	0	2	2	1	2	0	3	0	2	0	0	2	1	0	2	0	1	0	1	2	1	0	2
chr10	46777608	46778328	721	8	0	721	420	301	52	18	37	33	28	22	31	14	33	10	28	14	27	22	17	32	23	20	3	26	27	34	0	25	19	13	0	26	27	19	3	36
chr10	46778330	46778364	35	7	0	35	24	11	1	1	2	1	1	1	0	1	0	0	1	1	2	2	2	6	2	0	0	2	0	2	0	1	1	0	0	1	0	1	0	1
chr10	46778369	46778968	600	8	0	600	378	222	50	13	23	38	16	15	21	30	23	11	23	10	35	22	13	33	26	11	4	20	15	15	1	21	16	12	0	14	25	14	3	25
chr10	46778978	46779616	639	8	0	639	393	246	65	17	15	47	32	21	30	21	19	7	23	17	29	21	7	21	30	13	3	20	23	15	1	19	18	16	3	19	33	14	1	17
chr10	46779624	46779729	106	8	0	106	69	37	10	2	4	9	2	5	4	4	4	1	0	1	8	3	5	6	5	1	0	5	3	1	0	3	3	3	2	4	4	1	0	1
chr10	46779731	46779811	81	7	0	81	30	51	0	3	1	0	2	3	3	5	1	2	3	2	1	1	2	0	2	3	3	1	4	5	2	5	6	4	5	3	1	4	2	0
chr10	46779813	46780116	304	8	0	304	195	109	28	12	14	21	14	12	8	13	12	5	5	4	21	10	7	8	16	6	2	15	9	5	2	6	11	5	0	5	11	6	0	9
chr10	46780118	46780142	25	7	0	25	16	9	3	1	4	0	0	1	0	0	2	0	1	0	3	0	0	0	0	0	0	2	1	0	0	1	0	0	0	1	0	2	0	1
chr10	46780144	46780298	155	8	0	155	108	47	20	8	6	13	5	0	5	6	9	1	1	3	14	1	9	6	2	3	0	5	4	1	0	3	6	2	0	6	4	3	0	7
chr10	46780303	46780360	58	8	0	58	38	20	3	2	2	3	1	3	2	7	3	2	0	2	3	1	0	4	6	0	0	2	3	0	0	0	0	0	0	0	3	3	0	1
chr10	46780362	46780386	25	7	0	25	16	9	1	2	0	0	1	3	2	0	1	1	0	0	1	1	0	2	5	0	0	1	0	0	0	0	0	0	0	0	1	0	0	1
chr10	46780388	46780580	193	8	0	193	112	81	13	9	7	10	5	7	10	7	14	1	7	1	7	6	5	2	11	7	0	5	8	3	1	8	3	2	1	8	7	7	0	9
chr10	46780581	46780685	105	8	0	105	57	48	3	1	10	2	4	3	4	1	6	1	3	2	3	3	4	5	2	1	0	5	5	5	0	5	3	4	0	5	2	5	0	6
chr10	46780687	46780727	41	7	0	41	30	11	6	2	0	4	0	3	1	2	2	0	0	1	4	1	2	1	3	1	0	2	1	0	0	0	0	0	0	0	2	0	0	1
chr10	46780730	46780799	70	7	0	70	49	21	15	3	0	6	2	0	2	0	3	0	1	2	5	4	3	2	0	3	1	2	2	1	2	1	1	1	0	0	1	1	1	3
chr10	46780811	46780839	29	8	0	29	17	12	2	0	0	3	0	1	2	1	0	1	0	0	3	0	1	2	0	1	0	1	1	1	0	0	4	0	1	1	0	0	0	1
chr10	46780840	46780884	45	7	0	45	29	16	2	1	2	3	5	2	0	1	0	2	2	1	1	3	0	2	6	1	0	1	2	1	0	0	0	0	0	0	1	1	0	3
chr10	46780888	46780994	107	8	0	107	71	36	11	5	7	5	3	2	4	2	7	1	2	2	7	3	3	5	3	3	0	5	4	1	0	3	1	2	0	1	3	2	0	8
chr10	46780996	46781011	16	8	0	16	10	6	1	0	2	1	0	0	0	0	0	0	1	0	3	1	0	0	0	0	0	1	0	0	0	2	0	1	0	0	0	1	0	0
chr10	46781013	46781165	153	8	0	153	73	80	6	3	5	4	5	9	6	6	3	2	6	5	4	2	3	3	4	7	1	4	13	7	1	4	4	8	1	9	5	4	3	4
chr10	46781167	46781200	34	7	0	34	16	18	1	0	1	1	0	1	1	0	1	0	2	0	1	2	4	1	1	0	1	1	0	0	1	3	0	2	1	3	1	1	1	0
chr10	46781202	46781260	59	8	0	59	27	32	1	2	0	2	2	2	5	1	1	2	4	1	1	2	1	0	1	2	1	4	2	1	1	1	4	2	1	3	3	1	1	2
chr10	46781267	46781284	18	7	0	18	18	0	16	0	0	0	0	0	0	0	0	0	0	0	0	0	0	0	0	0	0	0	0	0	0	0	0	0	0	0	0	0	0	0
chr10	46781285	46781331	47	7	0	47	30	17	6	0	4	2	2	0	0	1	2	1	2	1	3	4	1	0	0	1	0	3	3	1	0	2	0	0	0	0	0	4	0	2
chr10	46781333	46781661	329	8	0	329	215	114	30	8	20	21	15	8	13	13	21	6	5	8	14	6	3	22	16	5	0	7	7	5	0	12	9	5	0	8	17	9	0	14
chr10	46781663	46781674	12	7	0	12	5	7	0	0	0	0	0	0	0	0	1	0	1	0	0	0	1	0	0	0	0	0	0	3	0	2	0	0	0	0	0	2	0	0
chr10	46781675	46781715	41	7	0	41	30	11	5	1	3	4	0	0	1	2	5	0	1	1	3	1	0	2	1	0	0	1	1	0	0	1	0	0	0	0	1	2	0	3
chr10	46781717	46781851	135	8	0	135	67	68	4	3	4	2	7	5	6	6	1	4	8	3	2	2	6	2	6	4	0	4	7	4	0	9	6	6	0	6	5	6	0	5
chr10	46781852	46781872	21	6	0	21	7	14	0	0	0	0	1	2	0	0	0	0	1	0	0	1	1	0	1	2	0	0	2	7	0	0	0	0	0	0	0	0	0	1
chr10	46781873	46781939	67	7	0	67	41	26	3	4	1	2	3	6	2	4	0	1	2	4	4	1	3	0	8	0	0	5	2	1	0	0	2	0	0	0	2	2	0	3
chr10	46781941	46782092	152	8	0	152	82	70	8	2	7	5	5	7	6	6	3	5	3	3	6	5	9	2	8	4	1	5	8	1	2	5	3	8	0	9	5	3	1	5
chr10	46782094	46782243	150	7	0	150	87	63	8	3	5	6	3	6	7	7	4	3	4	6	8	6	5	5	7	4	2	5	7	5	0	5	3	1	0	6	6	6	0	5
chr10	46782245	46782469	225	8	0	225	150	75	18	11	8	13	6	6	12	9	11	2	4	8	15	4	9	12	9	3	0	11	5	0	0	3	12	0	0	6	8	5	0	13
chr10	46782471	46782489	19	8	0	19	13	6	1	2	2	0	1	0	0	0	0	0	0	0	2	0	3	0	0	0	0	2	0	0	0	0	1	0	0	3	0	0	0	0
chr10	46782491	46782636	146	8	0	146	96	50	27	5	9	6	7	6	5	2	8	3	4	2	4	1	5	0	6	2	0	7	3	0	0	3	1	1	0	10	10	3	0	4
chr10	46782637	46782698	62	7	0	62	50	12	10	4	1	10	3	0	1	4	3	0	0	1	9	1	0	2	2	2	0	1	1	0	0	1	0	0	0	0	4	0	0	0
chr10	46782700	46783410	711	8	0	711	414	297	58	18	22	35	17	25	37	22	26	10	34	16	34	20	15	23	21	20	6	26	27	19	2	26	20	17	4	23	33	18	2	33
chr10	46783417	46783699	283	8	0	283	217	66	51	4	13	30	12	1	8	10	13	4	0	7	22	12	7	21	13	2	0	6	3	1	0	3	5	1	0	8	10	3	0	11
chr10	46783701	46783750	50	7	0	50	27	23	0	0	5	0	2	3	2	0	2	4	3	0	1	2	2	0	2	1	0	6	2	1	0	1	0	0	0	0	3	2	0	4
chr10	46783752	46783964	213	8	0	213	146	67	21	9	12	11	7	3	7	10	8	0	1	12	17	8	3	16	9	4	0	6	6	4	0	6	6	1	0	3	6	7	0	8
chr10	46783966	46783997	32	7	0	32	23	9	4	1	0	3	0	0	0	3	2	0	0	1	3	0	2	3	0	0	0	1	1	0	0	0	1	1	1	1	1	0	1	0
chr10	46783999	46784051	53	8	0	53	39	14	7	4	5	1	3	0	1	0	1	1	0	2	7	2	1	2	2	0	0	5	1	1	0	1	0	0	0	0	1	2	0	1
chr10	46784052	46784297	246	8	0	246	142	104	18	4	12	10	4	4	11	10	9	5	11	10	13	7	6	6	8	6	0	8	7	8	0	18	8	5	1	0	6	14	1	14
chr10	46784298	46784311	14	6	0	14	7	7	0	0	0	0	0	1	1	0	0	0	0	1	0	1	0	1	0	2	0	0	2	0	0	1	0	0	0	0	1	1	0	0
chr10	46784312	46785156	845	8	0	845	478	367	48	33	28	28	25	23	47	26	42	17	39	21	23	20	34	23	33	17	1	42	29	18	4	38	27	15	1	22	32	39	2	46
chr10	46785158	46785179	22	8	0	22	13	9	0	1	1	0	0	1	1	0	1	1	3	0	1	1	1	0	1	0	0	2	0	0	0	0	0	0	0	0	1	0	0	4
chr10	46785181	46785484	304	8	0	304	140	164	7	5	11	3	9	11	20	8	7	13	19	5	3	4	9	4	8	15	0	10	17	12	1	23	11	9	2	12	12	17	1	14
chr10	46785485	46785500	16	6	0	16	10	6	1	0	0	2	0	0	1	0	0	0	0	1	2	1	0	1	0	1	0	0	1	1	0	0	0	0	0	0	0	1	0	1
chr10	46785501	46786191	691	8	0	691	326	365	27	10	30	13	20	19	40	16	22	18	31	18	11	15	22	13	19	16	5	22	26	39	8	44	27	31	9	29	22	31	8	28
chr10	46786192	46786210	19	8	0	19	6	13	0	0	0	0	0	2	2	0	0	2	0	0	0	0	0	0	2	2	0	0	2	1	0	2	0	0	0	0	0	2	0	0
chr10	46786211	46786249	39	7	0	39	22	17	6	0	1	3	0	1	1	0	0	1	0	0	4	0	0	4	0	0	2	0	2	2	1	0	0	3	3	2	0	0	1	0
chr10	46786251	46786272	22	7	0	22	19	3	6	0	0	3	1	0	0	0	0	0	2	0	2	0	0	3	0	0	0	0	0	0	0	0	0	0	0	0	1	0	0	2
chr10	46786274	46786770	497	8	0	497	183	314	8	7	14	8	14	17	30	6	12	14	25	12	3	4	5	4	9	10	11	11	25	32	24	25	21	36	22	23	11	28	9	15
chr10	46786772	46786814	43	7	0	43	22	21	9	1	3	0	1	0	2	0	1	3	0	0	0	0	0	0	1	1	1	1	1	1	2	3	1	3	2	0	0	2	1	1
chr10	46786816	46786898	83	8	0	83	32	51	2	4	2	2	2	3	2	0	4	4	4	0	1	0	1	0	3	4	1	3	1	1	8	5	1	3	7	1	2	6	4	0
chr10	46786900	46786921	22	7	0	22	4	18	0	0	0	0	0	1	1	0	0	0	0	0	0	1	1	0	0	2	0	0	1	3	2	1	1	3	2	1	0	0	0	0
chr10	46786922	46787026	105	7	0	105	38	67	2	0	3	1	1	4	3	3	3	3	6	4	0	2	0	2	1	4	2	2	3	9	6	5	6	3	7	2	2	7	4	3
chr10	46787028	46787345	318	8	0	318	158	160	14	10	12	8	10	10	14	3	14	14	13	5	5	4	7	14	10	8	8	12	10	16	10	11	7	9	3	9	10	15	7	14
chr10	46787346	46787378	33	7	0	33	14	19	1	1	1	0	0	5	1	0	2	1	1	0	0	0	0	0	5	0	1	0	1	1	1	1	0	1	1	2	0	2	1	1
chr10	46787380	46787429	50	8	0	50	23	27	0	0	2	1	2	3	4	1	1	1	3	0	0	2	2	0	2	1	0	3	1	1	0	2	6	1	0	4	2	1	0	2
chr10	46787431	46787472	42	7	0	42	24	18	2	1	2	2	2	1	1	2	2	0	1	2	1	1	2	2	0	0	1	2	2	0	1	1	3	1	0	0	0	3	0	2
chr10	46787474	46787538	65	8	0	65	37	28	3	1	0	2	2	4	4	4	1	3	0	3	0	0	5	5	5	1	0	1	4	0	0	0	2	2	0	4	2	1	0	4
chr10	46787540	46787583	44	7	0	44	30	14	3	2	1	5	0	0	2	3	4	1	0	0	5	1	0	2	1	1	1	1	1	0	1	2	0	0	0	0	3	2	0	0
chr10	46787585	46787735	151	8	0	151	82	69	12	1	4	9	5	4	11	3	6	4	4	6	3	4	1	4	4	5	0	5	8	8	2	4	3	4	1	4	8	4	1	7
chr10	46787737	46787795	59	7	0	59	37	22	3	1	0	2	2	2	3	4	2	1	2	4	0	1	3	6	3	1	0	1	2	0	0	1	2	1	0	1	4	1	0	4
chr10	46787797	46788155	359	8	0	359	239	120	33	14	12	24	6	7	15	16	18	8	5	7	26	17	16	13	15	8	3	20	13	0	0	6	3	4	1	8	14	7	4	14
chr10	46788160	46788748	589	8	0	589	354	235	46	21	29	25	17	17	24	27	29	12	18	14	29	13	19	12	26	16	3	18	25	10	0	19	19	7	0	18	15	21	3	35
chr10	46788750	46788797	48	7	0	48	21	27	0	1	3	0	3	2	4	2	1	1	1	1	0	0	1	1	1	1	0	2	4	0	0	2	6	3	0	3	0	1	0	2
chr10	46788799	46789099	301	8	0	301	206	95	30	14	17	18	13	5	7	8	14	3	6	7	22	12	9	21	13	4	2	14	6	3	0	9	5	3	0	4	9	9	0	12
chr10	46789101	46789142	42	7	0	42	25	17	2	2	1	2	2	0	2	1	0	1	3	1	3	2	0	1	1	1	0	3	3	0	1	0	0	1	0	1	1	2	1	2
chr10	46789144	46789223	80	8	0	80	55	25	14	3	2	2	1	2	4	3	0	0	4	3	7	2	1	6	1	2	0	4	1	0	0	3	4	1	0	1	4	0	0	3
chr10	46789225	46789239	15	8	0	15	9	6	1	0	1	1	0	0	2	0	0	1	0	1	2	0	0	0	0	0	0	1	0	0	0	1	0	0	0	0	1	0	0	1
chr10	46789241	46789696	456	8	0	456	294	162	43	14	21	22	18	13	12	9	14	10	15	15	25	17	14	32	13	10	3	27	12	5	5	11	5	8	2	5	21	10	4	19
chr10	46789699	46789717	19	8	0	19	8	11	0	0	1	0	1	2	2	0	0	2	0	0	0	0	0	0	3	0	0	1	2	0	0	0	0	1	0	0	0	0	0	2
chr10	46789719	46790293	575	8	0	575	330	245	36	18	29	16	21	24	25	30	20	11	18	15	22	12	7	25	32	11	4	17	24	6	0	22	24	16	7	17	20	19	1	24
chr10	46790295	46790319	25	8	0	25	12	13	0	1	2	1	2	0	1	0	0	0	2	1	0	0	0	0	0	1	0	0	1	1	0	3	1	1	0	2	1	2	0	0
chr10	46790320	46790335	16	7	0	16	7	9	0	0	1	0	0	0	1	0	0	0	1	0	1	1	2	0	0	1	0	0	0	0	0	3	0	1	0	1	0	1	0	0
chr10	46790338	46790388	51	8	0	51	34	17	14	0	2	2	0	2	1	3	2	0	0	0	1	2	2	1	1	1	0	2	3	0	0	2	2	3	0	1	0	1	0	1
chr10	46790389	46790437	49	7	0	49	29	20	8	1	0	3	1	1	1	4	1	0	1	2	1	1	1	1	3	0	0	0	4	4	0	1	0	3	0	1	0	2	0	2
chr10	46790440	46791328	889	8	0	889	564	325	80	24	26	61	25	28	38	42	30	11	20	41	55	20	21	40	36	21	4	22	29	18	1	29	22	15	3	22	46	23	2	32
chr10	46791335	46791385	51	8	0	51	38	13	2	0	3	2	2	0	0	5	2	0	0	1	1	6	1	12	3	1	0	2	2	0	0	0	0	0	0	0	1	1	0	2
chr10	46791387	46791430	44	7	0	44	25	19	3	1	3	2	1	2	3	0	2	0	0	0	3	2	3	0	2	0	0	2	1	0	0	2	3	1	0	4	0	1	0	1
chr10	46791431	46791623	193	8	0	193	122	71	6	7	12	9	5	5	5	9	10	2	5	7	12	8	8	10	6	7	0	9	4	4	0	9	3	2	0	3	11	4	0	9
chr10	46791629	46791655	27	7	0	27	16	11	2	0	0	1	0	2	1	2	1	0	1	0	0	4	0	0	3	0	1	2	1	0	0	0	0	0	1	1	1	1	0	0
chr10	46791656	46791665	10	6	0	10	5	5	0	0	1	0	1	0	0	1	0	0	1	0	0	0	0	0	0	0	0	0	0	0	0	0	2	0	0	1	0	0	0	1
chr10	46791666	46791706	41	7	0	41	31	10	2	1	0	4	0	1	1	4	4	0	0	2	2	0	2	6	1	0	0	1	1	0	0	0	0	0	0	0	4	1	0	2
chr10	46791711	46791745	35	7	0	35	30	5	21	0	1	1	2	0	0	1	0	0	0	0	1	1	0	0	1	0	0	0	1	0	0	0	1	1	0	0	0	0	0	1
chr10	46791749	46791827	79	7	0	79	32	47	1	1	2	2	1	5	5	2	2	2	4	2	1	1	0	0	2	3	0	4	5	4	2	4	3	6	1	2	3	3	3	1
chr10	46791829	46791984	156	8	0	156	74	82	6	5	2	5	4	4	8	5	3	3	10	5	5	4	4	1	3	9	1	3	6	5	4	10	7	6	3	4	5	5	2	7
chr10	46791987	46792044	58	8	0	58	36	22	13	1	1	3	4	2	2	1	2	1	3	0	0	0	2	0	2	0	0	2	2	1	0	1	3	3	0	1	2	0	0	4
chr10	46792045	46792123	79	7	0	79	57	22	17	2	3	5	3	3	1	2	2	1	0	2	5	1	3	5	3	2	0	2	2	2	0	2	1	1	0	2	3	1	0	1
chr10	46792125	46792300	176	8	0	176	129	47	22	5	7	16	6	3	3	7	5	2	2	2	18	11	10	9	12	0	0	9	2	0	0	4	2	3	0	3	3	3	0	5
chr10	46792302	46792340	39	7	0	39	29	10	2	2	2	4	3	0	0	1	3	0	0	2	2	3	2	3	1	0	0	4	0	0	0	0	0	0	0	0	3	0	0	0
chr10	46792342	46792395	54	8	0	54	43	11	11	2	3	5	2	0	0	2	3	1	1	0	6	1	3	1	2	0	0	2	0	0	0	0	1	0	0	1	1	0	0	4
chr10	46792397	46792431	35	7	0	35	28	7	6	0	1	3	0	0	0	5	0	0	1	1	4	2	0	3	3	0	0	0	0	0	0	0	2	0	0	0	0	0	0	2
chr10	46792433	46793005	573	8	0	573	373	200	42	18	18	33	17	20	16	28	17	7	15	16	36	23	16	49	40	14	3	11	9	13	3	20	16	3	2	11	16	15	0	24
chr10	46793006	46793031	26	6	0	26	19	7	2	0	3	1	1	0	0	2	2	0	0	0	1	3	0	3	1	1	0	1	0	0	0	1	0	0	0	0	2	0	0	0
chr10	46793032	46793465	434	8	0	434	230	204	17	10	16	15	20	23	29	9	9	8	16	10	12	11	8	16	24	11	5	12	23	10	0	15	22	11	1	26	11	16	0	16
chr10	46793467	46793540	74	8	0	74	51	23	10	5	2	4	2	1	1	5	4	0	0	4	5	0	3	3	4	0	0	2	4	1	0	2	1	1	0	0	1	5	0	2
chr10	46793542	46793558	17	8	0	17	13	4	2	2	1	0	0	0	1	0	1	0	0	1	1	0	1	1	1	0	0	1	0	0	0	0	0	0	0	0	0	0	0	2
chr10	46793560	46793768	209	8	0	209	117	92	19	4	7	13	6	9	11	2	8	5	5	8	10	4	2	3	5	7	3	6	9	5	4	8	6	8	2	2	8	6	3	9
chr10	46793769	46793924	156	8	0	156	63	93	5	2	3	2	3	7	11	3	3	3	11	3	0	2	4	0	4	4	0	6	8	8	6	5	7	10	4	11	5	5	2	7
chr10	46793925	46793946	22	8	0	22	22	0	20	0	0	0	0	0	0	0	0	0	0	0	0	0	0	0	0	0	0	0	0	0	0	0	0	0	0	0	0	0	0	0
chr10	46793947	46794113	167	8	0	167	121	46	19	6	7	13	8	0	5	5	8	2	3	3	12	7	6	15	5	4	0	6	5	1	0	1	3	0	0	5	5	2	0	9
chr10	46794120	46794133	14	7	0	14	14	0	12	0	0	0	0	0	0	0	0	0	0	0	0	0	0	0	0	0	0	0	0	0	0	0	0	0	0	0	0	0	0	0
chr10	46794134	46794154	21	8	0	21	12	9	1	0	2	1	1	1	1	0	2	0	2	1	0	0	0	0	1	0	0	0	0	0	0	1	0	0	0	0	2	1	0	2
chr10	46794156	46794939	784	8	0	784	471	313	56	30	35	38	28	24	33	29	37	16	16	18	38	19	26	27	37	23	3	26	35	15	2	23	18	22	1	19	24	16	6	42
chr10	46794941	46794994	54	7	0	54	33	21	6	2	2	1	0	2	4	0	0	1	2	1	5	1	2	2	3	0	0	4	2	0	0	2	1	4	0	1	1	0	0	3
chr10	46794996	46795128	133	8	0	133	64	69	9	2	3	4	7	6	7	3	0	3	8	3	2	2	2	2	3	4	0	6	8	5	1	8	7	9	0	3	6	4	1	3
chr10	46795129	46795145	17	6	0	17	10	7	0	0	0	1	0	0	2	0	0	0	0	1	1	1	1	1	1	0	0	0	1	1	0	0	0	0	0	2	0	1	0	1
chr10	46795146	46795253	108	8	0	108	46	62	1	0	1	2	2	9	8	1	1	3	14	1	0	0	1	0	1	3	2	6	6	4	0	5	6	3	0	7	7	5	0	7
chr10	46795254	46795273	20	8	0	20	15	5	5	4	0	0	5	0	0	0	0	0	0	0	0	0	0	0	4	0	0	0	0	0	0	0	0	0	0	0	0	0	0	0
chr10	46795274	46795297	24	7	0	24	16	8	1	1	2	1	0	0	1	1	1	2	1	0	2	1	1	0	1	0	0	2	0	0	0	0	0	0	0	0	1	0	0	3
chr10	46795299	46795594	296	8	0	296	146	150	8	8	9	8	7	12	18	7	13	7	20	3	5	9	4	6	13	11	2	10	15	10	4	18	9	10	0	3	7	16	2	20
chr10	46795603	46795946	344	8	0	344	205	139	28	12	18	22	16	6	18	8	17	6	10	6	19	3	6	10	10	7	1	9	16	3	2	14	14	12	0	10	8	12	1	18
chr10	46795948	46795983	36	7	0	36	23	13	6	1	3	1	1	1	1	1	2	0	0	1	2	1	0	0	1	1	0	1	2	1	0	2	0	2	0	0	1	1	0	1
chr10	46795985	46796173	189	8	0	189	124	65	21	3	10	13	8	5	2	8	8	2	4	6	10	4	10	9	6	1	0	7	5	5	0	6	5	3	0	6	7	7	0	6
chr10	46796175	46796257	83	7	0	83	35	48	2	2	2	0	0	4	6	5	4	1	2	3	0	2	2	0	2	1	3	3	3	4	2	5	5	5	0	3	5	4	1	0
chr10	46796259	46796383	125	8	0	125	64	61	9	1	8	4	4	7	9	0	9	0	5	3	0	3	0	1	6	3	0	2	6	3	0	8	5	5	0	6	4	6	0	6
chr10	46796385	46796437	53	7	0	53	28	25	3	1	2	3	0	3	3	2	6	2	1	1	0	0	0	0	2	2	1	1	3	3	0	2	0	0	0	0	3	3	0	4
chr10	46796441	46796724	284	8	0	284	166	118	18	8	12	12	10	13	8	18	16	8	8	10	6	2	8	8	16	6	1	8	9	4	3	11	8	4	0	4	16	14	0	13
chr10	46796726	46796864	139	7	0	139	85	54	11	2	7	9	5	6	4	7	9	1	5	2	5	3	2	6	6	3	1	2	5	1	0	5	6	3	0	4	5	4	1	7
chr10	46796866	46797121	256	8	0	256	134	122	16	9	17	3	11	7	12	6	8	8	5	5	10	7	7	2	11	9	1	10	13	12	1	12	5	11	0	10	8	7	2	9
chr10	46797123	46797160	38	7	0	38	20	18	2	1	1	1	1	1	1	4	2	2	1	1	0	1	1	0	2	1	0	1	2	2	0	1	1	1	0	0	2	1	0	2
chr10	46797162	46798351	1190	8	0	1190	707	483	101	33	61	52	45	46	47	35	50	24	42	31	51	21	22	46	48	31	10	34	47	21	5	38	32	24	6	38	45	35	5	62
chr10	46798352	46798667	316	8	0	316	192	124	35	11	12	14	14	10	11	14	13	6	8	6	9	6	7	14	15	8	1	9	17	5	1	9	8	10	1	7	10	9	1	13
chr10	46798669	46798726	58	7	0	58	45	13	10	1	1	7	4	0	2	1	2	1	1	4	3	2	0	4	2	0	0	2	1	0	0	0	0	0	0	0	5	1	0	2
chr10	46798728	46798780	53	8	0	53	34	19	2	2	0	3	2	3	2	2	0	1	0	0	3	5	3	5	5	2	0	3	1	0	0	2	3	1	0	0	1	0	0	0
chr10	46798782	46798825	44	7	0	44	30	14	5	2	1	3	1	1	1	2	2	0	1	1	3	1	3	2	2	0	1	1	0	0	0	1	1	0	1	2	2	1	0	1
chr10	46798827	46798977	151	8	0	151	111	40	21	4	5	12	5	2	4	4	6	2	3	4	9	9	6	14	9	3	2	3	2	0	0	3	0	0	0	2	3	2	0	10
chr10	46798978	46799397	420	8	0	420	233	187	35	16	14	11	16	13	16	10	11	6	18	12	13	7	17	17	14	4	4	19	15	11	5	19	12	17	3	16	14	18	4	11
chr10	46799398	46799481	84	8	0	84	61	23	16	2	5	7	2	0	2	0	5	0	1	3	8	0	6	2	0	1	0	1	1	2	0	2	1	0	0	5	2	2	0	6
chr10	46799483	46799654	172	8	0	172	115	57	21	9	10	8	3	4	3	8	11	2	4	5	14	1	4	7	7	4	1	4	2	3	2	6	2	1	1	2	7	5	0	9
chr10	46799655	46799677	23	8	0	23	19	4	3	0	0	3	2	0	0	1	1	1	0	0	0	1	1	4	1	0	0	1	0	0	0	0	0	0	0	0	2	0	0	0
chr10	46799683	46799896	214	8	0	214	141	73	25	4	9	16	12	2	7	6	11	4	5	11	7	3	5	13	5	3	3	2	7	0	0	5	5	3	2	6	9	6	3	13
chr10	46799897	46799964	68	8	0	68	49	19	3	3	4	4	2	0	1	1	4	0	2	5	6	2	4	6	1	2	0	2	3	0	0	0	0	0	0	0	0	1	0	10
chr10	46799965	46799995	31	6	0	31	25	6	7	0	0	5	1	0	1	2	2	0	0	0	1	2	0	3	1	0	0	0	0	0	0	0	2	0	0	0	1	0	0	1
chr10	46800000	46800056	57	8	0	57	41	16	8	1	3	5	4	1	0	4	3	0	1	1	2	3	2	2	3	0	0	2	1	0	0	0	2	1	0	1	2	0	0	3
chr10	46800060	46800092	33	7	0	33	24	9	3	1	2	4	2	1	0	1	3	0	1	0	2	0	1	1	2	0	0	1	0	0	0	1	0	0	0	0	2	1	0	2
chr10	46800094	46800477	384	8	0	384	241	143	32	8	13	22	19	16	20	17	10	5	9	16	14	19	6	15	27	6	0	15	11	3	0	7	14	6	0	12	19	7	0	14
chr10	46800479	46800510	32	7	0	32	24	8	3	2	0	3	2	0	1	1	0	0	2	1	3	0	0	5	2	0	0	0	1	0	0	0	0	0	0	0	0	1	0	3
chr10	46800512	46801226	715	8	0	715	436	279	49	25	32	40	37	21	29	26	31	18	28	20	29	19	12	20	43	16	3	21	21	7	2	23	15	12	1	16	34	19	4	40
chr10	46801228	46801271	44	7	0	44	29	15	5	1	1	3	2	0	1	3	3	0	1	2	1	1	2	2	2	0	0	0	1	2	0	1	1	0	0	1	2	1	0	3
chr10	46801273	46801385	113	8	0	113	55	58	1	4	1	2	3	4	7	4	3	0	8	4	1	2	6	3	1	3	0	6	5	2	0	10	3	6	0	7	9	6	0	0
chr10	46801387	46801418	32	7	0	32	13	19	0	0	1	0	1	3	2	0	0	2	3	0	0	0	0	0	2	3	0	0	4	1	0	1	0	1	0	1	1	1	0	3
chr10	46801420	46801553	134	8	0	134	78	56	9	4	7	4	6	11	4	9	7	0	3	5	1	0	3	4	11	0	0	4	1	2	1	3	10	3	1	4	8	2	0	5
chr10	46801555	46801604	50	8	0	50	28	22	7	0	1	0	2	2	4	1	0	3	4	1	0	1	1	0	1	1	0	4	3	0	0	0	3	0	0	1	2	2	0	4
chr10	46801606	46801646	41	7	0	41	17	24	0	2	1	0	2	1	3	0	1	0	4	1	0	0	1	1	0	2	0	1	1	1	1	3	3	2	0	2	2	1	1	2
chr10	46801648	46801741	94	8	0	94	47	47	7	1	0	3	1	4	7	0	2	2	5	3	1	5	4	2	3	2	3	4	3	3	1	6	2	4	0	4	4	4	0	2
chr10	46801743	46801783	41	7	0	41	17	24	0	0	1	0	1	2	2	3	0	2	1	4	0	0	0	0	1	2	1	0	4	3	0	3	0	2	0	0	3	2	1	1
chr10	46801785	46801852	68	8	0	68	28	40	2	1	1	2	1	4	4	2	2	0	2	1	1	2	2	1	1	3	1	1	5	3	1	6	2	8	0	2	3	2	0	0
chr10	46801854	46801872	19	8	0	19	14	5	2	0	1	0	0	0	0	0	0	0	2	2	2	1	1	2	0	0	0	0	0	0	0	0	0	0	0	0	0	0	0	4
chr10	46801874	46802077	204	8	0	204	141	63	20	4	11	15	7	4	5	12	12	5	5	6	11	4	4	15	8	4	0	5	2	1	0	6	5	0	0	2	13	4	0	12
chr10	46802079	46802148	70	7	0	70	46	24	7	2	1	7	4	2	3	2	3	3	0	1	4	1	2	2	6	1	0	1	2	4	0	1	2	0	0	0	1	2	0	4
chr10	46802150	46802301	152	8	0	152	92	60	15	6	7	5	8	5	8	5	4	3	2	4	5	7	1	5	14	3	1	3	5	3	0	6	4	3	0	5	3	5	1	4
chr10	46802302	46802315	14	6	0	14	12	2	1	0	0	3	0	0	0	2	0	0	0	0	3	1	0	1	1	0	0	0	0	0	0	0	0	0	0	0	0	0	0	0
chr10	46802316	46803104	789	8	0	789	518	271	65	28	29	51	29	16	27	37	33	13	22	22	47	23	20	54	44	12	2	22	22	11	0	24	13	12	1	18	31	22	3	34
chr10	46803105	46803122	18	6	0	18	13	5	5	2	0	1	3	1	0	0	0	0	0	1	0	0	0	0	3	0	0	0	0	0	0	0	0	0	0	0	0	0	0	0
chr10	46803123	46803185	63	8	0	63	35	28	8	4	1	1	4	3	4	1	1	0	2	2	2	0	0	0	5	0	0	2	3	2	0	3	1	5	0	2	3	1	0	1
chr10	46803198	46803296	99	8	0	99	51	48	3	3	2	3	1	6	7	4	2	2	2	2	5	3	5	1	7	2	1	4	4	3	0	4	3	3	1	6	4	2	0	2
chr10	46803301	46803324	24	7	0	24	19	5	0	2	0	0	1	1	0	1	0	0	0	1	1	0	2	8	3	0	0	1	0	0	0	0	0	0	0	0	0	0	0	1
chr10	46803325	46803334	10	7	0	10	2	8	0	0	0	0	0	2	0	0	0	0	0	0	0	0	0	0	0	1	0	0	2	3	0	0	0	0	0	0	0	0	0	0
chr10	46803337	46803357	21	7	0	21	12	9	1	1	0	0	1	7	0	0	0	0	0	0	0	0	1	0	7	0	0	1	0	0	0	0	0	0	0	0	0	0	0	0
chr10	46803358	46803375	18	6	0	18	11	7	0	0	0	0	0	6	0	0	0	0	0	0	0	1	0	2	7	0	0	0	0	0	0	0	0	0	0	0	0	0	0	0
chr10	46803387	46803770	384	8	0	384	207	177	19	5	15	11	8	17	13	23	13	10	18	10	11	8	15	10	18	7	1	14	21	12	1	15	11	14	1	10	11	17	1	22
chr10	46803778	46803878	101	8	0	101	57	44	4	3	6	3	4	3	7	2	4	2	3	2	4	3	3	3	5	3	0	3	2	0	0	6	6	2	0	5	3	3	0	5
chr10	46803880	46803988	109	7	0	109	55	54	6	1	10	1	4	5	4	3	5	3	6	0	3	0	1	2	5	4	0	1	3	1	0	9	5	5	1	5	3	4	1	6
chr10	46803990	46804039	50	8	0	50	25	25	0	1	2	2	0	0	2	2	0	2	4	1	5	1	2	0	0	1	1	2	1	3	1	4	1	2	0	1	2	3	0	2
chr10	46804041	46804092	52	7	0	52	30	22	2	5	1	2	3	3	0	4	2	1	1	2	3	0	1	0	5	2	1	0	1	1	1	3	0	0	0	0	4	2	0	0
chr10	46804094	46804236	143	8	0	143	84	59	6	2	4	6	3	4	4	15	6	4	2	6	4	6	4	6	8	6	1	1	5	5	1	6	4	2	0	2	9	4	0	5
chr10	46804238	46804295	58	7	0	58	43	15	5	1	2	4	2	0	0	3	3	1	0	0	3	4	5	8	1	0	2	3	1	0	0	0	2	0	0	2	1	1	0	2
chr10	46804297	46804367	71	8	0	71	57	14	16	1	1	6	3	2	0	3	0	2	0	0	6	3	3	9	6	1	0	1	1	1	0	0	1	0	0	1	0	0	0	2
chr10	46804368	46804496	129	8	0	129	92	37	20	4	5	9	6	1	4	6	9	0	3	1	4	4	3	11	2	0	0	7	3	0	0	2	5	1	0	4	7	4	0	2
chr10	46804498	46804605	108	7	0	108	76	32	8	3	4	10	3	3	3	6	8	3	2	3	6	2	5	5	8	1	0	2	0	0	0	3	2	0	0	0	5	2	0	9
chr10	46804606	46804621	16	8	0	16	9	7	0	1	0	2	1	0	0	2	1	0	0	0	1	0	0	0	1	0	0	0	1	0	0	0	0	1	2	0	1	0	0	0
chr10	46804622	46804667	46	7	0	46	32	14	8	2	0	3	1	2	1	2	0	2	1	1	5	1	0	2	4	0	1	2	1	1	0	0	0	0	0	0	1	0	3	0
chr10	46804670	46804798	129	8	0	129	60	69	8	5	1	2	5	6	6	2	2	3	8	3	2	3	2	1	6	7	0	4	8	6	4	7	0	6	2	2	5	6	1	4
chr10	46804800	46804819	20	8	0	20	9	11	0	1	0	0	1	1	1	2	0	0	0	0	1	0	1	0	2	0	0	0	1	1	0	0	2	1	1	2	0	0	0	0
chr10	46804821	46804924	104	8	0	104	41	63	0	1	1	1	0	3	7	3	2	2	8	5	1	2	4	1	0	3	0	5	5	4	6	4	4	5	2	6	4	7	2	4
chr10	46804926	46804989	64	7	0	64	34	30	7	3	2	2	3	2	2	0	2	2	3	1	2	0	1	1	3	1	0	3	3	8	0	1	0	2	0	0	2	2	0	4
chr10	46804991	46805123	133	8	0	133	66	67	12	3	1	4	4	6	6	4	1	3	7	5	3	3	3	1	4	6	1	4	9	4	3	5	2	6	1	4	5	6	1	4
chr10	46805125	46805184	60	7	0	60	25	35	0	0	0	3	1	2	5	4	1	0	4	1	1	2	1	0	2	1	0	1	3	2	0	5	5	5	0	3	2	3	0	1
chr10	46805186	46805287	102	8	0	102	57	45	19	3	1	2	6	4	4	1	0	2	7	2	1	0	2	1	2	3	1	3	5	2	1	3	6	3	1	4	3	3	1	4
chr10	46805289	46805315	27	7	0	27	18	9	2	1	0	3	1	1	2	0	2	0	0	0	2	0	0	2	0	0	0	2	2	1	0	0	1	1	0	0	1	1	0	0
chr10	46805317	46805382	66	8	0	66	54	12	20	1	3	5	2	0	0	0	3	0	1	1	5	2	2	7	1	1	0	1	1	0	0	3	0	0	0	0	0	3	0	2
chr10	46805383	46805425	43	7	0	43	27	16	6	0	3	4	3	1	1	2	1	0	0	2	1	1	0	0	2	0	0	0	3	2	0	0	2	2	0	2	0	1	0	2
chr10	46805427	46805472	46	8	0	46	27	19	3	1	2	2	1	1	1	4	3	1	0	1	1	0	3	2	1	1	0	1	3	0	0	2	2	3	0	1	1	1	0	2
chr10	46805473	46805648	176	8	0	176	93	83	11	8	5	4	6	6	9	9	9	4	11	4	2	0	2	2	3	6	1	8	11	3	2	4	5	3	2	6	11	8	1	8
chr10	46805650	46805674	25	7	0	25	11	14	0	0	0	1	0	2	2	2	1	1	0	0	0	1	0	1	3	0	0	0	1	1	0	1	1	1	2	0	0	1	0	1
chr10	46805676	46806281	606	8	0	606	287	319	17	11	25	9	21	27	38	35	20	15	22	18	4	8	12	4	27	18	0	16	43	33	0	22	23	28	0	33	27	19	2	27
chr10	46806289	46806334	46	8	0	46	22	24	0	2	2	0	1	6	1	1	2	0	2	1	1	1	2	0	3	2	0	3	2	3	0	2	1	0	0	1	2	2	0	1
chr10	46806335	46806376	42	10	0	42	21	21	2	0	3	0	1	2	3	1	1	2	0	1	1	1	0	2	1	2	0	2	2	2	0	3	2	1	0	1	2	1	0	1
chr10	46806377	46806424	48	8	0	48	21	27	1	2	2	0	0	0	6	0	3	1	1	0	2	0	2	0	0	1	0	2	1	4	0	5	2	4	0	2	2	1	0	2
chr10	46806426	46806463	38	7	0	38	17	21	0	0	0	1	0	3	3	0	1	2	3	1	1	0	1	0	2	2	0	1	2	4	0	2	0	0	0	0	2	1	0	4
chr10	46806465	46806711	247	8	0	247	113	134	14	4	6	4	3	12	20	6	8	8	10	10	3	0	3	2	8	10	0	5	17	15	2	15	4	11	2	7	12	12	0	12
chr10	46806720	46806753	34	8	0	34	17	17	0	0	0	0	0	16	0	0	0	0	0	0	0	0	0	0	16	0	0	0	0	0	0	0	0	0	0	0	0	0	0	0
chr10	46806756	46806772	17	8	0	17	11	6	1	1	1	0	1	2	0	1	0	0	0	0	1	1	0	0	3	0	0	1	1	0	0	0	0	0	0	0	0	1	0	0
chr10	46806774	46806810	37	7	0	37	21	16	3	1	3	0	1	1	3	2	4	1	0	0	0	0	0	0	1	0	0	2	1	1	0	0	2	1	0	3	4	0	0	1
chr10	46806812	46807113	302	8	0	302	163	139	13	9	8	12	7	13	21	8	15	6	10	7	7	9	11	7	16	7	0	13	15	8	0	13	8	12	1	7	10	9	1	17
chr10	46807115	46807132	18	7	0	18	11	7	4	1	2	0	0	0	0	0	1	0	1	0	2	0	0	0	0	0	0	1	0	2	0	0	0	0	0	0	0	1	0	1
chr10	46807133	46807155	23	7	0	23	9	14	0	0	0	1	1	1	1	1	0	1	2	0	0	0	0	0	0	1	0	1	2	2	0	2	1	1	0	0	1	2	0	0
chr10	46807157	46807384	228	8	0	228	119	109	10	5	10	5	7	5	16	6	11	5	7	11	3	5	8	4	8	5	0	6	5	13	0	13	9	5	1	9	12	8	1	13
chr10	46807389	46807417	29	8	0	29	15	14	0	0	0	0	0	13	0	0	0	0	0	0	0	0	0	0	14	0	0	0	0	0	0	0	0	0	0	0	0	0	0	0
chr10	46807420	46807439	20	8	0	20	10	10	0	1	2	0	3	1	0	1	0	0	0	1	0	0	0	0	1	0	0	1	1	2	0	0	1	0	0	1	2	0	0	0
chr10	46807441	46807472	32	7	0	32	18	14	0	3	1	1	3	0	1	0	2	1	1	1	0	1	1	0	4	1	0	0	2	1	0	1	0	0	0	0	0	2	0	3
chr10	46807474	46807609	136	8	0	136	67	69	1	5	2	4	5	4	7	10	4	2	4	10	2	1	5	0	6	2	0	4	8	3	1	6	6	7	3	2	5	6	2	7
chr10	46807611	46808212	602	8	0	602	335	267	37	22	21	23	20	16	33	16	24	8	28	8	21	14	18	25	15	18	2	25	32	18	2	22	21	17	1	25	17	21	3	27
chr10	46808222	46808317	96	8	0	96	57	39	9	3	3	6	3	5	4	2	2	1	5	0	7	1	0	4	2	3	1	4	4	0	1	6	3	5	0	2	5	3	0	0
chr10	46808328	46808361	34	7	0	34	24	10	5	2	2	1	0	0	2	0	1	0	1	3	3	1	0	2	2	1	0	0	0	0	0	1	0	0	0	0	0	1	0	4
chr10	46808363	46808635	273	8	0	273	138	135	10	6	9	8	8	16	16	8	5	4	12	9	10	4	9	3	7	9	3	11	16	8	1	11	15	10	0	13	11	9	0	10
chr10	46808637	46808655	19	7	0	19	10	9	3	0	2	0	3	1	0	0	0	0	0	0	0	0	0	0	1	0	0	0	1	0	0	2	2	2	0	0	0	0	0	0
chr10	46808656	46808691	36	8	0	36	20	16	4	0	2	0	0	0	2	3	2	1	2	1	0	2	0	0	1	1	0	1	1	2	0	1	1	1	0	0	3	0	0	3
chr10	46808693	46808925	233	8	0	233	149	84	21	9	7	14	10	6	5	14	15	1	7	10	6	1	5	16	7	6	2	2	10	6	0	6	6	5	0	1	13	5	0	15
chr10	46808927	46809063	137	8	0	137	87	50	18	2	5	7	8	6	4	5	4	3	6	7	3	2	0	5	5	4	0	4	5	1	1	3	2	2	0	2	11	3	1	6
chr10	46809065	46809100	36	7	0	36	20	16	0	0	3	2	1	0	2	1	0	1	3	0	4	1	0	1	0	1	0	1	0	1	0	2	2	0	0	4	2	1	0	1
chr10	46809102	46809194	93	8	0	93	57	36	7	1	4	5	6	6	1	1	1	2	2	5	3	4	4	3	7	3	0	3	4	3	0	3	1	0	0	1	2	4	0	5
chr10	46809195	46809223	29	6	0	29	16	13	1	2	0	1	1	0	0	2	1	0	5	0	1	0	0	1	1	1	0	0	1	1	0	0	0	0	1	1	0	0	1	5
chr10	46809224	46809312	89	8	0	89	42	47	11	1	1	0	3	6	7	0	0	3	9	0	0	0	0	0	3	2	0	5	4	3	1	4	5	4	0	3	4	3	0	5
chr10	46809314	46809396	83	7	0	83	38	45	3	1	1	5	2	3	5	2	2	0	4	3	2	2	2	0	2	2	0	1	3	4	3	6	4	6	0	4	3	4	1	1
chr10	46809399	46809430	32	7	0	32	21	11	6	1	0	0	0	2	0	1	1	1	2	0	1	1	2	1	1	1	1	2	1	0	0	1	0	0	0	0	1	1	1	1
chr10	46809434	46809607	174	8	0	174	87	87	7	4	8	5	2	7	10	3	7	4	11	5	8	3	1	1	5	6	0	7	10	5	2	9	1	6	4	5	6	9	2	9
chr10	46809608	46809630	23	6	0	23	9	14	0	0	0	1	1	0	2	1	1	1	1	0	0	0	0	0	1	0	0	0	1	2	0	1	1	2	1	1	1	0	1	1
chr10	46809631	46809762	132	8	0	132	74	58	8	6	4	5	5	7	9	4	7	4	2	4	2	1	3	1	6	6	0	6	6	3	0	6	5	1	0	2	8	5	0	4
chr10	46809768	46809845	78	7	0	78	46	32	3	1	1	5	2	2	6	3	1	2	1	4	4	1	2	7	3	2	0	1	2	3	0	3	3	2	0	5	5	1	0	1
chr10	46809847	46810069	223	8	0	223	128	95	8	9	7	6	6	7	12	11	9	7	9	11	8	2	4	10	7	5	2	11	9	10	0	5	5	2	0	3	16	7	0	13
chr10	46810071	46810094	24	7	0	24	15	9	0	0	3	0	2	1	0	1	1	1	0	2	1	0	1	0	2	0	0	0	0	0	0	1	1	1	0	0	1	0	0	3
chr10	46810096	46810224	129	8	0	129	61	68	3	3	7	1	5	3	10	3	3	5	9	4	2	2	0	0	4	6	0	3	10	3	0	8	3	4	0	5	4	8	0	9
chr10	46810226	46810265	40	7	0	40	22	18	6	1	1	0	0	1	1	2	0	1	2	3	2	1	0	1	2	0	0	1	2	2	1	1	0	1	0	1	0	3	1	1
chr10	46810267	46810384	118	8	0	118	72	46	4	1	3	9	6	7	6	7	4	4	3	4	3	3	2	6	10	3	0	2	2	0	0	3	4	2	0	4	10	0	0	4
chr10	46810388	46810481	94	6	0	94	51	43	0	3	1	3	1	4	5	6	0	3	2	1	6	5	7	4	4	4	1	5	1	2	0	6	6	2	1	3	4	1	0	1
chr10	46810485	46810541	57	8	0	57	36	21	1	1	4	3	2	0	1	3	3	3	2	3	3	1	3	3	2	0	0	2	2	0	0	1	1	0	0	1	1	3	0	6
chr10	46810543	46810588	46	7	0	46	29	17	1	0	4	3	1	1	1	3	4	3	1	0	1	0	1	4	1	0	0	3	2	1	0	1	0	0	0	0	2	3	0	3
chr10	46810591	46810848	258	8	0	258	179	79	37	10	14	14	13	5	4	16	11	4	6	9	14	7	2	11	12	6	0	9	5	4	0	5	4	1	0	3	17	3	0	10
chr10	46810850	46810889	40	7	0	40	29	11	5	2	4	3	2	1	1	0	2	0	0	1	5	1	0	2	1	0	0	1	0	0	0	0	1	0	0	3	2	0	0	1
chr10	46810891	46810953	63	8	0	63	42	21	5	3	3	4	3	1	0	4	3	0	1	3	3	0	4	3	3	0	0	1	3	1	0	1	2	1	0	1	0	3	0	5
chr10	46810955	46810983	29	7	0	29	19	10	1	1	0	2	0	1	3	1	2	0	0	0	1	2	0	3	3	0	0	1	0	0	0	1	1	1	0	0	1	0	0	2
chr10	46810987	46811642	656	8	0	656	455	201	90	23	31	45	27	13	15	20	32	12	11	18	40	17	22	37	26	12	1	26	12	9	2	18	11	2	1	8	26	18	2	27
chr10	46811644	46811699	56	7	0	56	23	33	1	0	2	1	1	3	4	0	0	2	3	1	1	1	2	0	1	1	1	3	4	2	1	3	2	5	1	2	1	2	1	2
chr10	46811703	46811757	55	8	0	55	25	30	1	3	2	0	2	2	1	2	2	2	2	4	1	0	1	0	1	2	3	1	3	2	1	1	0	2	1	1	3	3	1	3
chr10	46811759	46811768	10	8	0	10	8	2	1	0	1	0	0	0	0	0	0	0	0	0	2	1	1	0	0	0	0	1	0	0	0	0	0	0	0	0	0	0	0	1
chr10	46811770	46811845	76	8	0	76	39	37	4	1	0	5	1	1	6	3	1	2	3	1	3	3	3	1	3	2	1	1	4	2	1	5	2	3	0	5	2	4	0	1
chr10	46811846	46811930	85	10	0	85	35	50	0	2	1	0	2	5	7	3	1	2	8	3	0	0	0	0	1	3	1	4	5	2	1	4	7	4	0	3	4	3	2	5
chr10	46811931	46811944	14	8	0	14	14	0	12	0	0	0	0	0	0	0	0	0	0	0	0	0	0	0	0	0	0	0	0	0	0	0	0	0	0	0	0	0	0	0
chr10	46811953	46812009	57	7	0	57	42	15	11	2	4	3	1	0	1	1	3	1	0	2	5	1	1	4	1	3	0	0	1	0	0	4	0	0	0	0	2	2	0	2
chr10	46812011	46812360	350	8	0	350	199	151	25	8	24	11	15	12	10	9	19	5	16	9	9	8	10	9	15	5	2	11	10	10	2	16	9	9	2	10	12	14	0	22
chr10	46812362	46812374	13	8	0	13	6	7	0	0	0	0	0	5	0	0	0	0	1	0	0	0	0	0	4	0	0	0	0	0	0	0	0	0	0	0	1	0	0	0
chr10	46812376	46812559	184	8	0	184	106	78	8	5	7	9	9	5	8	8	6	2	5	5	5	5	10	8	8	2	0	7	5	2	0	9	10	7	0	9	6	5	2	5
chr10	46812561	46812582	22	7	0	22	14	8	0	0	1	1	1	0	1	3	1	1	1	1	0	1	0	1	2	0	0	0	0	0	0	0	0	0	0	0	3	0	0	2
chr10	46812583	46812600	18	8	0	18	9	9	2	0	1	0	0	2	1	0	0	0	2	0	0	0	0	0	0	0	0	2	1	1	0	0	1	0	0	1	1	1	0	0
chr10	46812602	46813571	970	8	0	970	581	389	77	23	46	49	31	35	39	38	47	23	36	14	39	25	23	35	40	26	3	37	36	21	2	35	25	17	2	24	41	30	1	48
chr10	46813576	46813880	305	8	0	305	155	150	16	10	8	12	15	14	12	12	8	2	15	13	6	4	5	1	10	10	1	9	16	14	2	16	12	10	2	10	15	14	3	6
chr10	46813889	46813909	21	6	0	21	11	10	0	0	1	0	0	2	2	0	0	2	3	0	0	0	0	0	2	0	0	2	0	0	0	0	0	0	0	0	1	0	0	4
chr10	46813910	46813978	69	8	0	69	51	18	22	0	2	5	0	1	2	2	2	0	1	2	4	2	0	4	0	0	2	1	3	1	0	0	1	3	0	2	1	0	2	2
chr10	46813979	46814121	143	6	0	143	65	78	7	3	2	4	5	3	7	6	2	4	7	1	2	4	7	1	3	4	2	4	7	7	3	9	7	9	1	6	4	6	0	4
chr10	46814122	46814174	53	6	0	53	19	34	0	1	2	1	4	3	1	1	0	0	4	2	0	0	0	0	0	1	1	1	2	2	3	2	4	4	3	3	3	2	0	1
chr10	46814175	46814208	34	8	0	34	15	19	1	3	1	0	2	0	2	0	2	1	2	0	0	0	0	0	1	0	2	1	2	1	1	1	1	2	0	1	0	2	1	2
chr10	46814217	46814378	162	8	0	162	115	47	28	6	6	13	11	3	4	4	9	2	3	4	5	3	5	7	8	2	1	3	2	1	0	2	4	2	0	4	8	0	1	9
chr10	46814388	46814408	21	8	0	21	21	0	0	0	0	7	0	0	0	0	0	0	0	0	6	0	0	6	0	0	0	0	0	0	0	0	0	0	0	0	0	0	0	0
chr10	46814409	46814485	77	8	0	77	45	32	6	1	5	3	5	1	1	6	3	3	0	2	1	3	2	2	3	3	0	2	6	4	0	1	1	1	0	2	3	3	0	2
chr10	46814486	46814558	73	6	0	73	37	36	0	0	0	5	1	2	1	7	1	1	4	7	3	0	2	3	2	1	0	0	2	8	0	6	0	2	0	0	6	5	2	0
chr10	46814559	46814634	76	8	0	76	47	29	6	5	3	1	3	1	3	4	2	1	3	4	3	1	1	5	4	1	0	3	0	3	0	3	2	1	0	1	5	2	0	3
chr10	46814635	46814770	136	6	0	136	62	74	0	2	3	3	6	3	11	8	2	3	11	5	1	2	1	0	3	1	0	6	8	2	0	8	11	8	0	5	6	8	0	7
chr10	46814771	46815058	288	8	0	288	149	139	13	8	9	7	10	12	15	12	7	7	11	8	7	9	9	3	15	10	1	12	14	9	3	14	7	11	1	9	13	10	1	9
chr10	46815059	46815089	31	6	0	31	14	17	1	1	1	0	0	1	2	2	1	0	2	0	1	0	0	0	1	0	0	1	2	2	0	3	0	3	0	1	2	2	0	0
chr10	46815090	46815105	16	6	0	16	12	4	1	1	0	2	1	0	1	0	0	1	1	0	2	0	0	0	0	0	0	2	0	0	0	0	0	0	0	0	2	0	0	0
chr10	46815106	46815264	159	8	0	159	91	68	11	4	8	6	5	5	8	5	6	4	3	4	7	4	4	7	4	6	0	7	6	9	0	7	4	2	0	4	9	3	0	5
chr10	46815265	46815286	22	5	0	22	13	9	0	1	2	0	0	0	0	1	1	0	1	1	2	2	0	0	0	2	0	1	1	0	0	2	0	0	0	0	0	1	0	2
chr10	46815287	46815461	175	8	0	175	105	70	11	5	5	8	6	8	8	10	5	4	7	6	7	6	3	6	13	2	0	8	5	3	0	3	4	4	0	4	8	2	4	8
chr10	46815462	46815492	31	6	0	31	21	10	5	2	4	0	1	1	0	0	2	0	0	0	3	1	2	0	1	0	0	2	0	0	0	1	1	1	0	0	0	0	0	2
chr10	46815493	46815572	80	8	0	80	41	39	6	2	6	2	2	0	4	3	7	1	4	0	1	1	1	1	0	1	0	3	4	4	1	4	2	1	1	4	3	6	0	3
chr10	46815577	46815851	275	8	0	275	155	120	16	13	9	10	16	9	10	6	7	9	13	3	9	4	10	9	14	9	1	12	11	7	1	13	6	5	1	8	10	11	1	10
chr10	46815853	46815878	26	7	0	26	14	12	0	1	2	0	0	0	1	1	3	0	2	0	0	0	2	1	0	0	0	1	1	0	0	1	0	1	0	3	1	1	0	2
chr10	46815880	46816712	833	8	0	833	324	509	9	15	20	9	18	44	62	21	19	22	39	8	7	7	16	6	33	30	5	20	39	63	21	52	44	57	16	41	30	25	8	25
chr10	46816713	46816740	28	10	0	28	11	17	0	1	1	0	0	1	1	1	2	1	1	1	0	0	0	0	0	3	1	0	0	1	2	2	1	1	0	0	2	1	1	1
chr10	46816742	46816817	76	7	0	76	32	44	3	2	3	0	4	2	3	2	1	1	3	3	0	1	2	1	1	5	0	0	3	5	1	8	5	4	0	3	2	4	1	1
chr10	46816819	46816876	58	8	0	58	25	33	4	1	4	0	2	1	4	0	4	0	2	0	0	1	1	0	2	0	0	1	3	4	2	2	1	4	0	7	0	3	2	1
chr10	46816877	46817055	179	8	0	179	90	89	7	4	7	9	6	2	9	7	9	4	11	3	5	0	1	5	1	2	0	7	11	12	1	5	5	9	2	6	7	6	5	9
chr10	46817056	46817078	23	5	0	23	19	4	4	0	0	3	0	0	0	3	0	0	0	2	3	1	0	2	1	0	0	0	0	0	0	0	0	0	0	0	1	0	0	1
chr10	46817079	46817299	221	8	0	221	137	84	21	9	11	7	11	4	9	3	10	3	13	5	7	4	5	13	10	3	0	7	8	4	0	7	3	3	0	8	6	9	0	16
chr10	46817300	46817311	12	5	0	12	10	2	5	0	1	0	1	0	0	0	1	0	0	0	0	0	0	0	1	0	0	0	0	0	0	0	0	0	0	0	0	0	0	1
chr10	46817312	46817559	248	8	0	248	154	94	20	8	16	14	8	5	9	4	15	2	5	6	15	6	9	10	6	8	1	7	9	4	1	13	4	5	0	7	7	10	0	12
chr10	46817561	46817583	23	7	0	23	17	6	3	0	2	3	1	1	0	0	1	0	0	0	3	0	0	1	1	1	0	0	0	0	0	1	1	0	0	1	1	0	0	0
chr10	46817587	46817811	225	8	0	225	139	86	25	10	10	10	8	9	8	8	9	7	8	3	13	4	2	3	14	8	2	6	7	6	2	6	2	3	0	3	10	4	0	13
chr10	46817812	46817855	44	10	0	44	32	12	5	1	2	4	1	1	1	2	0	1	0	1	6	2	1	3	3	1	1	1	0	0	0	1	2	0	0	0	0	0	0	2
chr10	46817861	46817886	26	6	0	26	14	12	1	3	1	0	2	1	1	0	1	0	1	0	1	0	1	0	3	0	0	1	1	1	0	1	1	1	0	0	0	1	0	1
chr10	46817887	46818002	116	8	0	116	56	60	6	3	8	2	7	3	5	1	3	2	4	3	3	2	1	2	5	1	1	3	7	9	0	6	2	6	1	6	3	6	0	3
chr10	46818003	46818055	53	7	0	53	20	33	0	2	0	0	1	2	5	1	1	2	3	2	0	0	0	0	1	3	1	1	4	0	1	5	1	5	1	1	3	2	2	1
chr10	46818065	46818143	79	8	0	79	45	34	9	1	2	3	2	2	4	2	2	2	2	0	2	5	6	1	4	0	1	5	3	1	0	1	1	3	3	4	2	1	0	3
chr10	46818144	46818326	183	6	0	183	88	95	17	3	5	3	6	7	10	2	4	5	15	3	1	2	5	0	3	5	2	7	8	4	3	10	10	6	2	6	4	10	2	11
chr10	46818327	46818508	182	8	0	182	133	49	26	9	5	20	10	0	4	9	10	0	3	5	14	3	4	9	3	4	0	5	7	1	0	1	6	3	0	1	7	1	0	10
chr10	46818509	46818554	46	6	0	46	30	16	4	1	3	2	1	1	1	1	2	2	2	0	3	1	3	3	2	1	0	2	1	0	0	1	0	0	0	2	0	1	0	4
chr10	46818555	46818678	124	8	0	124	87	37	10	2	10	11	5	3	0	5	4	2	4	4	13	4	3	6	4	1	0	6	1	1	0	3	3	1	0	2	5	3	0	6
chr10	46818679	46818757	79	6	0	79	54	25	3	2	6	5	5	4	1	4	2	0	1	2	6	8	0	4	8	2	0	4	1	0	0	1	2	0	0	2	3	0	0	1
chr10	46818765	46819179	415	8	0	415	278	137	42	13	19	23	16	10	10	21	14	8	12	13	24	14	15	23	24	4	0	17	11	4	0	9	5	8	0	7	17	8	0	22
chr10	46819180	46819196	17	8	0	17	17	0	15	0	0	0	0	0	0	0	0	0	0	0	0	0	0	0	0	0	0	0	0	0	0	0	0	0	0	0	0	0	0	0
chr10	46819197	46819396	200	8	0	200	114	86	8	3	8	9	7	5	9	12	7	4	8	7	5	5	8	8	7	3	0	7	7	4	0	9	7	7	0	8	12	6	0	8
chr10	46819397	46819482	86	6	0	86	63	23	14	3	4	6	3	0	0	5	4	0	3	4	6	1	2	7	1	1	0	2	1	0	0	1	2	0	0	2	4	2	2	4
chr10	46819483	46819543	61	8	0	61	32	29	1	2	2	3	4	2	4	1	3	1	5	2	0	0	0	2	2	1	0	1	4	0	0	2	3	2	0	1	2	3	0	6
chr10	46819544	46819578	35	6	0	35	24	11	7	1	2	3	2	0	0	1	3	1	1	0	1	0	0	1	2	0	0	0	1	0	1	0	0	1	1	0	0	1	0	3
chr10	46819579	46819662	84	8	0	84	60	24	13	5	4	4	4	3	1	3	5	1	2	2	4	1	2	5	4	3	0	3	1	0	0	2	0	0	0	0	6	0	0	4
chr10	46819669	46819714	46	6	0	46	35	11	4	3	2	2	1	2	0	3	2	0	0	2	3	1	2	6	3	0	0	3	0	0	0	1	0	0	0	0	3	1	0	0
chr10	46819715	46819770	56	8	0	56	42	14	10	3	2	5	5	2	0	2	0	0	0	2	5	2	0	3	6	1	0	0	1	0	0	1	1	1	0	0	1	0	0	1
chr10	46819778	46820073	296	8	0	296	203	93	33	11	17	20	10	5	5	14	11	3	8	14	26	5	5	14	9	4	0	11	10	4	0	9	2	3	0	5	14	12	0	10
chr10	46820074	46820139	66	6	0	66	44	22	5	3	3	6	0	1	1	4	1	0	1	2	10	3	1	2	4	0	2	1	0	2	0	4	2	1	0	1	0	3	1	0
chr10	46820140	46820372	233	8	0	233	149	84	21	12	12	10	13	6	8	5	7	4	5	2	14	9	7	12	12	5	1	14	7	4	1	4	7	5	1	5	6	2	1	9
chr10	46820373	46820423	51	6	0	51	34	17	8	2	2	4	3	0	2	0	1	0	2	2	4	2	0	2	2	2	0	0	1	0	0	2	0	2	0	2	2	0	0	2
chr10	46820424	46820566	143	8	0	143	80	63	21	4	10	1	3	7	4	5	6	0	6	3	4	3	0	1	5	6	1	2	5	8	1	8	4	4	0	4	5	4	0	6
chr10	46820567	46820577	11	6	0	11	6	5	1	0	0	1	0	0	0	1	1	1	1	0	0	0	0	0	0	0	0	1	1	0	0	0	0	0	0	0	0	1	0	0
chr10	46820578	46820612	35	6	0	35	14	21	0	1	0	1	2	3	3	1	0	0	2	0	0	0	0	0	1	0	1	2	3	1	0	1	4	3	0	1	1	1	0	1
chr10	46820613	46820730	118	8	0	118	60	58	4	4	2	5	6	4	5	2	3	1	7	2	2	3	5	4	3	5	0	4	8	4	1	7	3	5	0	4	3	5	1	4
chr10	46820731	46820754	24	5	0	24	12	12	1	2	0	0	1	1	2	2	1	1	1	0	0	0	0	0	2	2	0	0	1	1	0	1	0	0	0	0	1	0	0	2
chr10	46820755	46820858	104	8	0	104	43	61	2	1	4	1	2	5	11	0	3	2	3	3	1	4	1	0	2	6	0	4	8	3	2	6	2	7	2	6	6	3	0	2
chr10	46820859	46820963	105	6	0	105	58	47	4	1	4	8	2	3	1	8	3	1	2	2	8	4	3	2	1	4	2	2	8	6	1	4	2	5	1	2	3	4	0	2
chr10	46820964	46821126	163	8	0	163	92	71	7	6	8	5	5	4	4	13	9	3	9	2	5	2	3	6	9	2	0	4	9	6	0	5	3	3	0	6	5	9	0	9
chr10	46821127	46821157	31	6	0	31	16	15	2	1	2	0	2	1	0	0	0	0	1	0	1	3	2	0	1	1	0	3	1	1	0	3	1	3	0	0	0	0	0	0
chr10	46821158	46821242	85	8	0	85	44	41	8	1	6	2	4	1	4	3	2	1	3	1	3	1	2	2	2	0	0	2	5	4	0	5	4	7	0	3	1	2	0	4
chr10	46821243	46821301	59	6	0	59	40	19	13	1	1	4	3	2	2	3	1	2	0	1	1	2	1	2	4	2	0	1	2	0	0	1	3	0	0	1	1	2	0	1
chr10	46821302	46821353	52	8	0	52	31	21	5	1	1	4	1	2	3	1	0	0	1	2	5	2	1	0	4	1	0	0	3	1	0	3	0	4	0	2	1	1	0	1
chr10	46821354	46821367	14	5	0	14	7	7	1	0	1	0	1	0	0	0	0	0	2	0	0	0	0	0	0	1	0	1	1	1	0	1	0	0	0	0	0	1	0	1
chr10	46821368	46821452	85	8	0	85	49	36	7	3	1	1	2	5	3	1	0	2	5	5	4	3	4	1	5	4	1	3	4	1	0	4	0	1	0	1	3	3	1	5
chr10	46821453	46821669	217	6	0	217	116	101	17	5	7	9	7	10	11	4	6	5	10	4	8	2	9	1	6	7	2	8	10	3	1	10	9	8	3	8	6	6	2	11
chr10	46821670	46821765	96	8	0	96	59	37	4	4	3	2	3	5	4	3	2	3	1	5	5	2	7	4	6	4	0	4	3	1	0	3	3	0	0	1	3	2	0	7
chr10	46821766	46821779	14	5	0	14	11	3	3	1	0	0	0	0	0	0	1	0	0	0	1	1	2	0	0	0	0	2	0	0	0	0	0	0	0	0	0	0	0	1
chr10	46821780	46822043	264	8	0	264	193	71	36	7	10	24	6	1	6	17	9	2	6	9	26	8	11	14	9	0	0	9	4	1	0	3	6	5	0	7	11	2	0	13
chr10	46822044	46822086	43	6	0	43	36	7	14	1	0	7	2	0	0	2	2	1	1	0	3	0	0	1	2	0	0	0	1	0	0	0	0	0	0	0	2	1	0	1
chr10	46822087	46822167	81	8	0	81	60	21	16	4	3	3	2	1	3	3	1	1	1	3	6	5	2	5	3	2	0	6	2	0	0	1	0	0	0	0	3	1	0	2
chr10	46822170	46822381	212	8	0	212	145	67	23	6	12	15	9	6	4	7	10	4	6	6	14	8	7	7	10	6	0	8	8	0	0	4	2	0	0	2	5	6	0	15
chr10	46822388	46822441	54	8	0	54	38	16	7	1	3	5	1	2	1	1	2	3	0	1	7	0	2	1	2	1	1	2	1	0	0	1	0	0	1	1	2	1	0	2
chr10	46822442	46822512	71	6	0	71	35	36	3	4	4	1	2	3	3	2	1	2	1	1	6	1	1	0	3	4	2	1	3	1	2	5	2	5	0	1	2	1	0	2
chr10	46822513	46822600	88	8	0	88	51	37	7	3	1	3	4	1	6	3	2	3	3	4	1	4	3	2	4	4	0	3	2	1	0	5	1	2	0	2	7	1	0	4
chr10	46822601	46822702	102	6	0	102	43	59	0	2	2	2	3	5	7	2	2	0	8	4	1	2	1	0	1	4	1	3	5	2	1	8	7	6	3	4	6	4	1	3
chr10	46822703	46822760	58	5	0	58	33	25	15	1	0	1	2	1	4	1	1	2	4	0	0	0	0	0	2	0	0	2	3	1	0	1	2	2	2	2	1	1	2	3
chr10	46822766	46822815	50	8	0	50	41	9	9	1	3	7	1	0	0	1	3	0	0	1	7	0	2	5	1	0	0	0	0	0	0	1	1	1	0	0	1	0	0	3
chr10	46822816	46822878	63	6	0	63	36	27	3	1	4	3	2	2	5	1	2	3	0	0	4	2	2	2	3	2	0	3	1	1	0	2	4	1	0	3	2	1	0	2
chr10	46822879	46823108	230	8	0	230	144	86	16	5	8	15	4	9	13	12	14	4	6	8	10	4	6	9	12	2	0	8	5	1	0	7	10	2	1	5	11	8	0	13
chr10	46823109	46823133	25	6	0	25	18	7	2	1	0	2	1	0	0	1	0	0	0	3	2	0	2	4	0	0	0	1	1	0	0	0	0	0	0	0	0	1	1	1
chr10	46823134	46823218	85	8	0	85	55	30	9	1	3	6	2	2	3	5	4	1	2	1	5	1	4	4	2	1	0	2	2	1	0	2	4	2	0	6	4	1	0	3
chr10	46823219	46823233	15	5	0	15	9	6	2	2	0	0	0	0	2	0	1	0	0	0	1	0	1	0	1	0	0	0	0	0	0	0	0	0	0	2	0	0	0	1
chr10	46823234	46823291	58	8	0	58	37	21	7	0	3	3	3	1	1	4	3	0	0	3	1	2	1	4	2	0	0	1	2	3	0	1	3	1	0	1	2	2	0	2
chr10	46823292	46823318	27	6	0	27	19	8	5	3	1	0	0	1	1	2	2	0	0	1	1	0	0	1	4	0	0	0	0	0	0	1	0	0	0	0	0	1	0	1
chr10	46823319	46823416	98	8	0	98	53	45	7	4	4	2	5	3	2	3	4	2	2	2	1	0	6	5	4	1	1	3	4	7	0	3	3	4	1	4	3	2	0	4
chr10	46823417	46823464	48	6	0	48	29	19	4	1	3	0	2	3	2	0	0	2	1	3	3	2	0	1	3	1	2	2	2	1	0	0	1	0	0	1	2	1	0	3
chr10	46823465	46823596	132	8	0	132	79	53	7	6	3	5	4	5	5	2	6	3	8	6	4	4	8	2	11	2	1	4	1	1	0	9	0	0	0	0	4	7	1	11
chr10	46823601	46823672	72	8	0	72	45	27	2	4	3	4	5	5	4	1	4	1	1	2	2	1	1	3	7	1	0	3	2	0	0	0	4	1	0	1	3	0	0	5
chr10	46823673	46823703	31	6	0	31	21	10	3	4	0	1	1	0	2	0	0	0	0	1	4	1	1	2	2	2	1	1	1	0	0	1	0	0	0	0	0	0	0	1
chr10	46823704	46823824	121	8	0	121	81	40	18	4	7	7	4	0	4	1	7	1	7	4	6	1	5	4	2	2	0	2	1	2	0	3	2	1	0	5	4	2	0	13
chr10	46823825	46823919	95	6	0	95	63	32	12	2	4	7	4	0	5	3	3	2	1	3	6	2	4	4	2	1	0	3	1	2	0	3	5	2	0	3	3	1	0	5
chr10	46823920	46824021	102	8	0	102	77	25	19	3	3	8	3	2	3	0	6	2	3	2	5	1	5	10	3	0	0	5	1	1	0	1	0	0	0	0	4	2	0	8
chr10	46824022	46824324	303	8	0	303	180	123	37	5	17	13	11	7	17	3	17	6	10	11	9	2	6	7	7	4	0	9	12	6	0	17	6	9	0	9	13	16	0	15
chr10	46824325	46824336	12	5	0	12	7	5	0	1	0	0	0	1	1	0	0	0	1	0	1	0	1	0	1	0	0	2	0	0	0	0	0	0	0	0	0	0	0	1
chr10	46824337	46824478	142	8	0	142	88	54	11	7	7	3	4	3	8	5	8	2	6	6	4	3	1	8	7	5	0	4	8	0	0	4	0	2	0	2	5	5	0	12
chr10	46824479	46824562	84	6	0	84	52	32	17	3	5	2	5	1	2	1	2	2	2	1	2	2	4	0	1	2	0	5	3	3	0	2	3	2	0	3	2	2	0	3
chr10	46824563	46824642	80	8	0	80	43	37	4	5	5	1	4	2	7	1	5	2	1	0	2	2	2	0	5	1	0	5	3	0	0	3	4	3	1	2	2	1	1	4
chr10	46824643	46824708	66	6	0	66	44	22	8	3	3	2	2	4	2	2	1	1	2	1	5	2	1	4	5	2	0	3	2	0	0	1	2	0	0	1	1	1	0	3
chr10	46824709	46824768	60	8	0	60	39	21	6	2	2	3	1	2	3	3	1	3	1	1	5	1	0	3	3	4	0	1	2	1	0	2	1	0	0	1	3	0	0	3
chr10	46824769	46824781	13	5	0	13	5	8	0	0	1	0	0	0	0	1	1	0	1	1	0	0	0	0	0	0	0	0	0	0	1	1	0	1	0	1	1	1	0	0
chr10	46824782	46824839	58	8	0	58	40	18	6	0	0	9	3	1	0	0	1	3	2	2	5	0	2	5	1	2	1	0	2	1	0	3	0	0	0	0	1	3	1	2
chr10	46824840	46824876	37	6	0	37	31	6	5	1	0	8	2	1	0	0	0	0	1	2	6	1	1	2	1	0	0	1	0	0	0	0	0	0	0	0	2	0	0	1
chr10	46824877	46824985	109	8	0	109	81	28	12	2	6	11	2	2	2	4	4	0	2	2	13	2	2	13	3	0	0	3	3	0	0	3	2	4	0	2	2	2	0	4
chr10	46824986	46825036	51	6	0	51	31	20	4	2	2	3	2	1	2	4	4	0	1	0	2	1	0	1	3	0	0	2	3	2	0	1	1	1	0	2	2	3	0	0
chr10	46825037	46825125	89	8	0	89	64	25	10	5	4	7	4	1	1	4	2	3	1	1	11	1	4	4	5	3	0	1	1	0	0	3	1	1	0	2	3	0	0	4
chr10	46825126	46825195	70	6	0	70	32	38	3	0	1	3	0	1	5	2	1	0	4	2	2	3	2	1	0	2	1	1	3	0	0	8	3	7	3	3	2	2	2	1
chr10	46825196	46825630	435	8	0	435	260	175	47	13	17	21	16	12	16	13	13	9	16	9	22	6	11	17	11	11	0	18	14	17	2	19	16	7	1	12	17	17	1	12
chr10	46825631	46825644	14	5	0	14	6	8	0	0	0	0	0	1	1	0	0	0	1	0	0	1	0	1	0	0	2	0	1	1	0	0	0	0	0	2	0	1	0	0
chr10	46825645	46825784	140	8	0	140	93	47	6	4	5	10	2	2	4	10	10	1	4	2	7	2	2	21	1	4	0	4	8	1	0	4	3	2	0	3	6	6	0	4
chr10	46825785	46825820	36	6	0	36	24	12	2	1	1	1	1	2	0	2	1	0	1	3	1	2	0	5	1	1	1	1	1	0	1	0	0	0	0	0	3	1	0	1
chr10	46825821	46825918	98	8	0	98	62	36	7	3	1	8	6	0	4	5	3	2	2	4	3	3	3	7	5	1	0	2	5	3	0	2	1	3	0	2	4	3	0	4
chr10	46825919	46825959	41	6	0	41	22	19	1	1	1	1	1	2	3	0	2	1	3	1	0	2	0	2	3	1	0	2	2	1	0	1	1	0	0	0	1	2	0	4
chr10	46825960	46826057	98	8	0	98	60	38	9	5	8	3	7	3	3	3	6	3	2	1	3	0	2	1	6	2	0	3	1	0	0	3	6	1	0	3	4	2	0	6
chr10	46826066	46826110	45	6	0	45	31	14	5	3	2	1	1	0	0	3	3	1	0	2	2	0	4	2	2	1	0	1	2	1	0	0	0	0	0	0	1	1	0	5
chr10	46826111	46826327	217	8	0	217	135	82	18	10	8	11	13	5	6	8	10	2	7	9	7	3	6	10	7	6	0	7	9	4	1	6	3	4	1	6	13	6	0	9
chr10	46826328	46826366	39	6	0	39	25	14	3	1	0	2	1	2	1	2	1	0	0	1	1	3	1	5	2	2	0	1	3	0	0	1	1	1	0	0	1	1	0	0
chr10	46826367	46826460	94	8	0	94	60	34	12	5	2	4	7	0	2	4	1	2	1	2	3	2	5	6	4	1	0	4	4	0	0	3	3	5	1	3	3	1	1	1
chr10	46826467	46826497	31	6	0	31	21	10	3	2	1	2	2	0	1	1	2	1	0	1	1	0	0	3	1	1	0	0	2	0	0	1	0	0	0	0	1	2	0	1
chr10	46826498	46826621	124	8	0	124	78	46	11	3	3	10	7	3	2	11	9	1	2	3	0	4	4	4	4	4	0	3	7	3	0	1	5	1	0	2	8	2	0	5
chr10	46826622	46826874	253	6	0	253	129	124	15	8	5	7	9	13	10	11	6	7	9	8	5	6	5	4	12	8	4	9	15	6	7	8	5	12	1	6	12	10	2	6
chr10	46826875	46826941	67	8	0	67	27	40	0	2	2	1	3	3	4	0	2	0	6	3	0	0	0	0	0	4	0	1	2	0	2	5	5	4	2	3	4	2	2	3
chr10	46826942	46827038	97	6	0	97	56	41	14	2	1	3	3	1	5	7	2	1	4	6	1	1	0	4	1	3	0	1	7	3	0	2	5	2	1	2	4	4	1	4
chr10	46827039	46827119	81	8	0	81	57	24	9	3	1	6	3	5	1	7	1	1	0	7	6	2	0	4	9	1	0	1	2	1	0	0	0	0	0	0	5	2	0	2
chr10	46827120	46827148	29	6	0	29	19	10	5	1	2	1	2	0	2	2	1	1	0	1	0	0	0	0	2	0	0	0	0	0	0	0	3	0	0	1	1	0	0	2
chr10	46827149	46827202	54	8	0	54	33	21	6	1	2	2	2	0	3	4	0	1	1	3	3	1	0	2	1	2	0	0	0	2	0	3	5	0	0	3	4	1	0	0
chr10	46827203	46827250	48	6	0	48	30	18	3	3	1	2	4	1	1	4	0	1	1	1	2	0	1	5	3	2	0	0	3	1	0	0	0	1	0	3	2	0	0	1
chr10	46827251	46827489	239	8	0	239	137	102	16	10	13	4	12	5	8	9	12	3	9	9	3	6	8	9	9	3	0	11	6	9	1	11	7	5	0	6	12	10	1	10
chr10	46827490	46827505	16	5	0	16	13	3	1	0	0	3	1	0	0	1	2	0	0	1	1	0	0	1	0	0	0	0	0	0	0	0	0	0	0	0	3	0	0	0
chr10	46827506	46827609	104	8	0	104	63	41	8	5	6	5	7	1	5	1	5	2	3	2	4	4	2	2	5	4	0	3	3	4	0	2	0	0	1	5	5	1	1	6
chr10	46827610	46827675	66	6	0	66	42	24	8	6	2	2	3	1	2	0	2	1	1	0	5	1	6	2	0	3	0	5	2	1	0	3	2	0	0	2	1	2	0	1
chr10	46827676	46827739	64	8	0	64	41	23	8	3	2	3	2	0	3	3	1	1	2	0	5	4	2	1	4	2	0	2	1	1	0	3	2	1	0	2	1	1	0	2
chr10	46827743	46827929	187	8	0	187	121	66	19	6	9	12	7	3	3	9	5	3	2	4	15	11	7	5	3	7	2	11	6	4	1	5	6	2	2	2	6	3	1	4
chr10	46827930	46827942	13	5	0	13	6	7	0	1	0	0	0	0	1	0	0	1	1	0	1	0	1	0	0	0	2	0	0	0	0	1	0	0	0	0	1	0	0	1
chr10	46827943	46828629	687	8	0	687	421	266	54	15	35	37	28	20	22	20	27	13	31	13	32	22	25	26	24	13	0	33	16	10	2	25	24	14	0	20	26	17	6	35
chr10	46828630	46828678	49	6	0	49	35	14	4	2	2	4	2	2	3	0	4	0	0	2	2	2	0	4	4	1	0	1	0	0	0	1	0	0	0	0	4	0	0	3
chr10	46828679	46828730	52	8	0	52	39	13	4	0	1	7	2	1	1	2	1	1	0	1	7	3	4	2	1	0	0	4	0	0	0	1	4	0	0	0	1	1	0	1
chr10	46828731	46828794	64	6	0	64	47	17	5	0	2	8	1	0	1	3	1	0	1	2	8	5	3	6	3	0	1	1	0	1	0	2	2	0	0	2	0	1	1	2
chr10	46828795	46829052	258	8	0	258	102	156	8	4	3	3	3	11	16	4	3	4	17	8	4	7	6	1	4	7	5	10	14	11	9	13	7	19	12	11	9	10	6	7
chr10	46829053	46829142	90	6	0	90	65	25	16	0	1	13	2	0	5	0	3	3	5	0	10	0	1	5	1	0	1	1	0	0	1	0	4	0	1	5	2	1	1	6
chr10	46829143	46829178	36	6	0	36	32	4	16	1	3	2	0	0	0	1	2	0	0	1	3	0	0	1	0	0	0	1	0	0	0	0	0	0	0	0	1	0	0	2
chr10	46829179	46829303	125	6	0	125	59	66	17	3	2	1	3	5	7	1	4	3	11	0	0	0	0	0	2	2	1	6	4	3	5	5	5	7	4	4	6	5	2	5
chr10	46829304	46829472	169	8	0	169	76	93	9	2	2	4	3	8	6	3	1	4	7	6	4	6	9	1	5	8	3	4	8	9	5	8	3	9	5	7	4	5	3	6
chr10	46829482	46829708	227	8	0	227	145	82	19	9	8	10	6	6	6	16	6	5	8	7	16	5	4	13	9	7	1	8	8	4	1	6	6	3	0	3	11	5	0	9
chr10	46829709	46829788	80	6	0	80	49	31	3	3	7	2	3	3	4	1	5	2	0	1	3	5	1	4	5	1	1	6	0	3	0	3	1	0	1	2	5	2	0	1
chr10	46829789	46829854	66	8	0	66	41	25	0	1	2	6	4	2	3	4	2	3	0	4	3	1	0	6	6	0	0	0	2	0	0	1	2	1	0	3	3	2	2	1
chr10	46829855	46829971	117	6	0	117	77	40	9	4	3	10	7	0	5	4	5	4	3	4	5	2	2	9	3	2	0	5	3	1	1	3	3	1	0	2	7	4	1	3
chr10	46829972	46830053	82	8	0	82	54	28	7	2	6	5	2	2	4	0	6	2	1	4	6	1	2	3	0	1	3	3	2	0	0	1	2	0	0	2	3	2	1	7
chr10	46830054	46830081	28	6	0	28	18	10	4	1	1	1	2	0	1	2	1	0	0	2	0	1	0	1	2	0	0	0	1	1	0	0	1	0	0	0	1	1	0	2
chr10	46830082	46830179	98	8	0	98	63	35	11	6	5	4	5	3	1	6	6	1	1	2	4	0	4	4	6	1	0	3	1	1	0	5	3	3	0	0	5	3	0	2
chr10	46830180	46830217	38	6	0	38	23	15	2	0	2	2	2	3	1	1	0	1	1	2	2	1	1	1	2	0	0	3	2	0	0	1	2	0	0	0	1	3	0	0
chr10	46830218	46830292	75	8	0	75	41	34	4	1	4	4	2	5	4	4	7	0	3	1	0	1	0	1	4	2	0	1	3	1	0	2	6	1	0	3	2	2	0	5
chr10	46830310	46830505	196	8	0	196	126	70	17	9	9	13	7	8	7	5	8	3	6	4	16	3	4	6	11	6	0	6	8	4	0	4	2	1	0	6	6	5	0	10
chr10	46830506	46830598	93	6	0	93	69	24	12	5	5	10	7	3	0	2	3	1	0	0	10	1	5	4	4	0	0	6	1	0	0	1	2	1	0	3	4	1	0	0
chr10	46830599	46830668	70	8	0	70	46	24	6	4	3	5	3	3	0	2	3	1	5	0	5	1	1	3	5	0	0	4	0	2	0	4	0	0	0	0	3	4	0	1
chr10	46830669	46830681	13	5	0	13	8	5	3	2	0	0	1	0	1	0	1	0	0	0	0	0	0	0	1	0	0	1	1	0	0	0	0	0	0	0	0	0	0	0
chr10	46830682	46830749	68	8	0	68	39	29	3	1	2	3	4	1	4	1	0	5	5	1	2	2	3	1	3	1	0	6	1	1	0	2	0	0	0	3	6	2	0	3
chr10	46830750	46830766	17	5	0	17	12	5	1	0	2	1	0	0	0	0	0	1	2	1	3	0	0	0	0	0	0	1	0	0	0	0	0	0	0	0	0	0	0	3
chr10	46830767	46830832	66	8	0	66	41	25	7	1	4	3	3	3	2	1	3	2	3	1	1	2	2	1	4	0	0	4	2	1	0	1	1	1	0	2	3	2	0	4
chr10	46830833	46830892	60	6	0	60	44	16	8	2	3	7	4	0	2	3	4	0	0	1	4	0	1	5	2	0	0	0	0	0	0	0	3	0	0	5	3	0	0	1
chr10	46830893	46831296	404	8	0	404	256	148	44	9	21	22	17	16	10	15	23	3	11	18	12	7	12	15	10	6	0	18	12	8	1	9	15	6	1	6	22	10	2	21
chr10	46831303	46831350	48	6	0	48	29	19	5	3	1	3	3	1	3	1	3	0	0	2	1	1	0	0	0	1	2	2	2	1	0	1	2	0	0	2	4	2	0	0
chr10	46831351	46831403	53	8	0	53	35	18	4	1	3	6	3	0	0	3	1	1	1	1	5	2	1	2	1	2	0	1	3	2	0	1	1	2	0	1	1	0	0	2
chr10	46831404	46831438	35	6	0	35	20	15	1	0	3	1	0	1	2	1	2	0	2	2	2	0	0	2	0	1	0	0	1	0	0	2	1	1	0	2	2	1	0	3
chr10	46831439	46831490	52	8	0	52	33	19	6	2	2	4	3	2	2	1	0	0	3	1	5	0	1	0	1	0	0	3	1	0	0	1	4	1	0	3	2	1	0	1
chr10	46831491	46831563	73	6	0	73	41	32	7	3	3	2	3	1	5	1	2	3	2	2	3	1	1	1	2	3	0	3	3	3	0	4	2	1	0	1	3	3	0	3
chr10	46831564	46831667	104	8	0	104	72	32	11	3	5	10	3	4	3	6	6	3	1	2	9	2	1	2	5	2	0	4	2	0	0	2	2	0	0	2	7	2	0	3
chr10	46831668	46831684	17	10	0	17	12	5	0	0	0	0	0	0	0	2	0	1	0	2	0	0	1	4	1	0	0	0	1	0	0	0	0	0	0	0	0	1	0	2
chr10	46831694	46831808	115	8	0	115	71	44	11	3	3	8	6	6	3	1	2	1	5	1	6	4	7	3	7	3	0	4	3	2	0	5	2	3	0	5	4	1	0	4
chr10	46831809	46831865	57	7	0	57	26	31	0	1	2	2	2	2	4	2	2	0	4	2	1	1	0	0	2	1	0	1	3	2	0	5	2	4	0	2	2	3	0	3
chr10	46831866	46831943	78	8	0	78	31	47	1	3	1	1	4	7	3	1	1	0	7	2	0	0	0	0	3	5	0	2	6	3	1	3	4	4	1	3	2	3	2	3
chr10	46831944	46832018	75	6	0	75	37	38	8	1	3	2	4	2	3	1	1	1	3	1	1	1	2	2	2	0	0	3	5	7	0	3	3	5	0	3	1	3	0	2
chr10	46832019	46832159	141	8	0	141	79	62	11	3	4	7	6	5	6	4	4	6	8	4	4	1	0	5	3	7	1	4	8	3	0	4	5	1	2	2	6	4	3	8
chr10	46832160	46832182	23	5	0	23	15	8	2	1	1	0	1	1	0	1	1	0	0	0	1	1	1	3	1	1	0	0	1	1	0	0	1	0	0	1	0	0	0	1
chr10	46832183	46832346	164	8	0	164	110	54	20	9	6	12	8	2	5	5	12	1	1	3	7	4	3	12	7	3	3	3	3	2	1	3	4	4	2	0	6	2	0	9
chr10	46832347	46832426	80	6	0	80	52	28	10	5	2	5	2	0	2	4	3	1	3	1	6	0	4	2	5	0	0	2	0	4	0	5	1	3	0	0	2	2	0	4
chr10	46832427	46832591	165	8	0	165	102	63	10	3	10	3	7	9	5	4	4	4	5	6	6	5	9	10	11	5	0	5	2	0	0	7	3	1	0	10	9	3	0	7
chr10	46832592	46832629	38	10	0	38	27	11	5	1	4	4	3	0	0	0	3	1	0	0	3	1	0	2	2	0	0	0	0	0	0	1	1	0	0	1	0	1	1	2
chr10	46832630	46832860	231	8	0	231	160	71	18	6	5	22	13	7	5	8	7	2	8	9	13	6	11	18	10	3	0	8	5	1	0	3	6	4	0	4	12	1	0	14
chr10	46832861	46832990	130	6	0	130	91	39	17	10	4	7	7	1	5	5	7	2	2	1	7	6	2	6	8	3	1	7	2	2	0	2	1	0	1	0	7	1	0	4
chr10	46832991	46833069	79	8	0	79	55	24	7	1	5	7	5	0	0	3	2	2	6	1	6	0	3	5	2	0	0	1	1	0	0	1	3	0	0	5	2	2	0	7
chr10	46833070	46833137	68	6	0	68	30	38	2	1	3	2	3	4	4	0	0	0	4	1	3	1	0	1	1	2	2	1	4	3	1	4	4	4	1	5	2	2	0	1
chr10	46833138	46833148	11	6	0	11	3	8	0	0	0	0	0	0	1	0	0	0	0	2	0	0	0	0	0	0	0	0	0	1	1	0	1	1	0	0	0	0	1	1
chr10	46833149	46833254	106	6	0	106	50	56	5	2	3	2	3	4	5	4	1	4	3	4	3	3	4	0	4	4	2	3	6	4	1	4	3	5	2	4	2	3	3	4
chr10	46833255	46833377	123	8	0	123	57	66	3	6	3	2	7	3	10	2	3	3	10	1	1	0	1	1	4	4	0	3	5	2	2	6	9	5	2	6	4	4	0	9
chr10	46833378	46833589	212	8	0	212	99	113	14	5	5	5	7	10	12	6	3	4	9	4	4	7	2	1	5	12	1	8	16	10	3	10	7	10	4	7	7	7	2	3
chr10	46833590	46833729	140	6	0	140	73	67	12	3	6	2	6	4	6	4	2	4	12	3	2	1	2	3	3	6	0	3	4	4	1	7	7	4	1	5	6	2	2	11
chr10	46833730	46833761	32	6	0	32	22	10	6	1	2	1	0	1	1	0	2	1	0	0	2	2	1	1	1	1	1	2	0	0	0	1	0	0	0	0	1	0	0	2
chr10	46833762	46833777	16	6	0	16	10	6	1	2	0	1	2	1	0	0	0	0	0	0	0	1	0	1	2	1	0	0	1	1	0	0	0	0	0	0	0	0	0	0
chr10	46833778	46833981	204	8	0	204	146	58	21	7	9	18	10	9	2	10	5	1	2	8	17	7	4	14	7	4	1	12	7	0	1	0	8	1	0	1	9	3	0	4
chr10	46833982	46834061	80	6	0	80	50	30	6	5	8	2	5	3	3	0	3	0	0	1	7	4	2	1	4	3	0	5	3	0	0	3	1	2	0	3	1	1	0	2
chr10	46834062	46834250	189	8	0	189	113	76	16	6	8	10	11	7	6	6	8	4	11	5	5	2	2	5	4	4	2	9	6	2	1	6	4	2	0	6	16	6	1	6
chr10	46834257	46834314	58	8	0	58	31	27	3	1	1	2	1	5	3	2	1	1	0	1	2	1	2	3	5	2	1	0	5	1	0	1	1	3	1	3	1	1	0	2
chr10	46834315	46834372	58	6	0	58	28	30	1	4	1	0	2	1	4	1	3	2	4	0	1	0	2	1	2	2	1	2	1	1	0	5	1	2	0	3	3	2	3	1
chr10	46834373	46834523	151	8	0	151	90	61	23	5	5	6	4	7	10	3	5	0	3	6	8	3	0	1	6	0	2	7	6	2	1	3	4	8	3	4	8	2	0	4
chr10	46834524	46834541	18	5	0	18	10	8	5	0	2	0	1	0	1	0	1	0	0	0	0	0	0	0	0	0	0	0	1	0	0	0	0	0	2	2	0	0	0	1
chr10	46834542	46834602	61	8	0	61	47	14	5	3	3	7	2	1	1	3	3	2	1	1	9	0	1	3	4	0	0	2	1	0	0	0	0	0	0	0	2	1	0	4
chr10	46834603	46834619	17	5	0	17	10	7	1	0	2	0	1	0	1	1	1	1	0	1	0	0	0	0	1	0	0	0	0	0	0	0	1	0	0	1	2	0	0	1
chr10	46834620	46834735	116	8	0	116	72	44	7	2	4	9	3	2	6	5	7	2	1	1	6	8	5	3	5	5	0	4	4	2	0	4	2	3	0	3	5	1	0	5
chr10	46834736	46834771	36	6	0	36	25	11	4	0	3	2	3	2	0	2	0	1	0	1	2	0	0	4	1	0	0	2	1	0	0	0	2	1	0	1	2	0	0	0
chr10	46834772	46834922	151	8	0	151	88	63	17	3	6	10	6	5	10	3	6	1	4	3	7	4	1	2	6	1	0	6	5	2	1	7	5	10	0	5	8	2	1	2
chr10	46834930	46835103	174	8	0	174	83	91	6	7	5	3	6	6	9	5	5	1	9	5	4	5	6	1	4	9	0	6	12	5	1	13	4	10	1	5	6	6	2	5
chr10	46835104	46835129	26	6	0	26	11	15	0	0	0	1	2	2	2	1	0	0	1	0	0	0	0	0	1	1	0	1	3	1	0	1	3	2	0	1	0	1	0	0
chr10	46835130	46835149	20	6	0	20	13	7	2	1	2	0	1	0	0	0	0	1	2	0	2	1	0	0	0	1	0	2	1	0	0	0	0	0	0	0	0	0	0	2
chr10	46835151	46835293	143	8	0	143	85	58	20	7	7	3	3	6	5	4	6	3	4	2	7	2	2	3	8	5	0	5	5	4	2	6	4	3	0	1	1	5	2	6
chr10	46835294	46835345	52	6	0	52	32	20	6	3	3	1	4	0	3	2	1	2	2	2	2	0	0	0	3	0	0	2	1	0	0	2	1	3	0	0	4	0	0	3
chr10	46835346	46835404	59	6	0	59	40	19	4	1	4	1	0	0	1	4	3	0	4	1	2	6	4	4	3	0	0	4	0	0	0	1	0	0	0	2	2	1	0	5
chr10	46835405	46835496	92	10	0	92	65	27	9	4	4	7	3	5	2	4	7	0	1	2	6	5	4	1	8	1	0	5	1	0	0	0	1	0	0	1	4	0	0	5
chr10	46835497	46835588	92	6	0	92	52	40	5	4	2	3	3	2	4	5	2	3	3	2	4	3	1	6	3	3	2	4	4	2	2	3	2	4	0	0	5	1	0	3
chr10	46835589	46835642	54	10	0	54	28	26	2	1	4	0	1	1	4	3	4	2	2	3	0	0	0	0	1	1	0	2	2	1	0	3	3	0	0	1	4	3	0	4
chr10	46835643	46835699	57	6	0	57	34	23	7	2	4	2	2	3	2	0	3	0	2	0	3	3	0	0	3	2	1	2	2	0	0	2	2	1	0	2	0	1	1	3
chr10	46835700	46836074	375	10	0	375	262	113	60	14	17	15	13	7	12	17	11	2	9	15	21	17	9	21	16	3	1	20	5	2	1	2	12	2	3	9	16	3	1	17
chr10	46836080	46836241	162	10	0	162	75	87	8	2	3	7	4	4	13	5	5	2	10	3	3	3	2	0	4	2	0	5	9	5	1	9	10	10	4	8	3	7	3	6
chr10	46836242	46836417	176	10	0	176	97	79	21	3	6	4	6	10	8	6	3	4	5	5	5	4	2	3	9	9	1	2	12	4	0	10	2	8	0	4	7	5	1	5
chr10	46836418	46836458	41	6	0	41	21	20	3	0	3	3	3	1	1	1	2	0	1	0	0	1	1	0	0	1	0	1	3	2	0	3	2	2	0	2	1	2	0	0
chr10	46836459	46836886	428	10	0	428	219	209	22	12	16	16	8	21	17	20	23	10	18	6	13	2	3	12	15	16	6	8	24	16	8	16	12	9	7	14	15	23	3	15
chr10	46836887	46837068	182	6	0	182	77	105	4	1	6	1	5	7	8	11	2	5	6	8	1	2	5	4	4	7	0	4	18	14	2	6	5	10	2	11	4	10	2	5
chr10	46837069	46837184	116	10	0	116	62	54	10	4	7	2	6	7	2	5	4	2	3	2	3	1	1	3	4	2	5	3	7	1	1	3	5	6	1	3	4	2	1	4
chr10	46837185	46837272	88	6	0	88	36	52	2	0	3	0	2	0	11	4	0	4	4	3	1	1	0	0	0	2	0	3	10	2	0	2	5	6	1	9	2	4	1	4
chr10	46837273	46837551	279	10	0	279	125	154	6	8	6	5	10	11	18	12	7	9	11	9	2	2	4	4	10	7	3	10	20	13	3	12	11	15	5	9	11	13	3	8
chr10	46837552	46837579	28	6	0	28	15	13	3	1	3	0	0	1	0	0	4	1	2	0	0	0	0	0	0	0	1	1	1	1	0	1	0	0	0	0	0	2	1	3
chr10	46837580	46837766	187	10	0	187	68	119	2	2	2	1	1	9	18	5	4	5	11	4	0	1	1	2	4	6	5	2	11	10	6	10	12	11	2	14	6	11	1	6
chr10	46837767	46837822	56	6	0	56	20	36	0	0	1	1	1	1	6	2	1	1	2	3	0	0	0	0	1	2	0	0	5	2	1	4	3	4	3	3	1	4	0	2
chr10	46837823	46838241	419	10	0	419	238	181	42	8	10	20	13	17	19	14	13	11	9	8	13	13	8	18	20	5	11	14	12	11	8	13	16	17	4	9	15	11	5	10
chr10	46838253	46838305	53	10	0	53	40	13	15	0	1	5	2	2	0	4	1	0	1	1	2	2	0	2	3	1	0	0	1	0	0	1	3	1	0	0	2	0	0	1
chr10	46838306	46838353	48	6	0	48	22	26	5	2	0	0	3	2	4	1	0	1	2	1	0	0	0	0	2	0	1	2	4	2	0	0	4	2	1	3	0	2	1	1
chr10	46838354	46838565	212	10	0	212	102	110	9	4	2	6	4	12	14	4	4	4	13	7	4	4	6	3	6	10	3	5	13	3	1	15	8	10	0	8	8	9	4	7
chr10	46838566	46838577	12	6	0	12	3	9	0	0	0	0	0	1	1	0	0	0	1	0	0	0	0	0	0	0	1	0	0	0	0	1	0	2	1	1	1	0	0	0
chr10	46838578	46838636	59	6	0	59	34	25	2	1	2	5	1	3	2	3	2	0	2	1	5	1	0	2	2	2	1	1	3	2	1	2	2	3	0	1	2	1	0	2
chr10	46838637	46838668	32	6	0	32	19	13	0	3	1	0	1	0	2	0	1	1	3	1	2	1	2	1	1	0	0	3	0	0	0	0	0	0	0	2	2	0	0	3
chr10	46838670	46838810	141	8	0	141	70	71	10	2	1	4	2	5	8	5	1	3	5	8	4	3	8	1	4	5	0	4	8	5	1	8	2	6	3	6	6	5	2	4
chr10	46838811	46838820	10	6	0	10	2	8	0	0	0	0	0	0	0	2	0	0	0	0	0	0	0	0	0	0	0	0	1	1	2	0	0	2	0	0	0	0	0	0
chr10	46838821	46838877	57	6	0	57	22	35	1	0	1	1	1	6	3	0	0	0	3	3	1	1	0	0	3	2	0	1	4	2	2	4	2	5	1	2	2	3	1	0
chr10	46838878	46838940	63	8	0	63	34	29	4	2	1	1	1	1	3	4	1	2	3	4	2	1	2	1	2	4	0	0	4	2	0	3	1	1	0	2	3	2	0	4
chr10	46838941	46838954	14	7	0	14	14	0	12	0	0	0	0	0	0	0	0	0	0	0	0	0	0	0	0	0	0	0	0	0	0	0	0	0	0	0	0	0	0	0
chr10	46838955	46839005	51	6	0	51	25	26	6	0	0	2	0	4	3	0	0	1	1	0	1	2	3	0	2	3	0	2	4	2	1	2	1	3	1	3	1	1	0	0
chr10	46839006	46839089	84	7	0	84	32	52	0	1	1	3	3	4	7	2	2	0	8	1	0	0	0	0	0	2	1	2	5	2	1	6	7	5	2	6	4	5	0	2
chr10	46839090	46839333	244	6	0	244	123	121	25	3	6	7	9	9	14	5	5	6	16	4	3	4	3	2	5	5	3	9	11	7	4	8	13	10	4	11	9	8	3	11
chr10	46839334	46839415	82	8	0	82	53	29	7	0	6	6	3	3	2	4	3	0	3	4	6	3	1	2	3	2	0	1	3	0	0	2	2	0	0	4	3	2	0	5
chr10	46839428	46839563	136	8	0	136	79	57	10	1	9	7	8	3	4	7	7	3	4	4	2	4	2	4	5	4	0	1	5	3	1	4	5	3	0	6	6	3	1	8
chr10	46839568	46839661	94	8	0	94	48	46	5	2	4	1	2	2	5	4	4	0	5	5	1	2	3	2	2	2	0	1	4	2	1	6	5	3	0	4	2	6	1	6
chr10	46839665	46839707	43	6	0	43	18	25	2	0	2	1	2	1	3	1	1	0	3	0	0	1	1	0	1	0	1	0	0	0	2	2	3	4	1	5	2	0	0	2
chr10	46839708	46839729	22	5	0	22	15	7	1	0	0	1	1	0	1	2	0	1	0	2	0	1	1	3	1	0	0	1	1	0	0	0	0	0	0	0	2	1	0	0
chr10	46839730	46839905	176	8	0	176	97	79	7	4	7	8	6	4	8	9	9	3	9	2	4	6	9	1	7	4	0	7	5	3	2	4	6	3	0	15	9	4	2	7
chr10	46839912	46840017	106	8	0	106	57	49	7	1	6	2	3	2	6	3	2	3	5	4	4	5	0	3	3	4	0	3	7	4	0	5	2	5	0	1	3	3	0	8
chr10	46840018	46840117	100	6	0	100	38	62	1	1	4	1	3	9	3	1	3	1	5	0	0	0	4	0	5	5	0	1	4	11	2	10	5	7	0	2	2	4	0	4
chr10	46840118	46840131	14	6	0	14	8	6	0	1	1	0	1	0	0	0	1	0	0	0	1	1	0	0	1	1	0	0	0	1	0	2	0	0	0	0	0	1	0	0
chr10	46840132	46842512	2381	6	0	2381	1017	1364	58	39	70	41	70	109	146	81	60	66	138	52	20	23	24	18	91	71	19	56	158	181	33	131	79	115	13	101	79	136	11	90
chr10	46842513	46842528	16	6	0	16	15	1	0	0	0	1	0	0	0	1	0	0	0	0	0	0	0	12	0	0	0	0	0	0	0	0	0	0	0	0	0	0	0	0
chr10	46842529	46843431	903	6	0	903	496	407	87	16	22	37	27	33	44	29	15	20	47	18	34	16	19	30	23	25	6	31	44	22	7	41	31	42	6	29	35	25	9	31
chr10	46843432	46844204	773	6	0	773	442	331	46	27	19	33	31	23	33	32	24	13	28	25	24	27	23	34	32	26	3	29	32	19	8	27	21	22	4	17	34	18	7	30
chr10	46844205	46844255	51	6	0	51	18	33	1	0	1	1	1	3	3	2	0	0	3	1	1	1	0	0	1	1	1	1	4	2	2	4	3	6	0	2	1	2	1	0
chr10	46844256	46845058	803	6	0	803	476	327	100	27	36	26	28	23	38	13	29	17	36	16	33	12	20	21	26	20	2	31	24	20	4	31	25	18	5	22	27	22	3	46
chr10	46845060	46845142	83	6	0	83	51	32	12	1	3	2	3	12	0	2	3	2	3	0	0	2	2	4	15	1	0	0	0	0	0	5	0	2	0	0	2	2	0	3
chr10	46845143	46845298	156	6	0	156	106	50	18	5	8	10	7	6	4	7	4	1	3	6	12	5	5	4	10	3	0	4	3	0	0	1	4	0	0	10	7	2	0	5
chr10	46845299	46845320	22	6	0	22	15	7	4	0	1	2	1	0	0	1	2	0	0	1	1	0	1	0	0	0	0	0	1	0	0	1	0	1	0	1	1	1	0	0
chr10	46845321	46847148	1828	6	0	1828	1024	804	143	60	94	66	95	64	70	44	64	39	60	50	61	28	41	44	78	48	9	57	72	65	11	80	56	54	5	55	66	61	13	73
chr10	46847151	46848016	866	6	0	866	489	377	56	28	34	38	32	24	48	31	35	18	29	14	33	20	23	24	45	13	3	29	37	22	2	36	21	37	2	34	33	25	3	35
chr10	46848017	46848452	436	6	0	436	247	189	10	7	10	28	14	22	24	22	13	9	14	18	18	9	11	18	21	13	1	12	14	12	0	17	24	7	1	12	23	12	0	18
chr10	46848453	46848580	128	6	0	128	60	68	5	5	2	4	5	6	8	1	4	0	5	2	2	5	4	1	3	6	4	3	9	5	0	9	4	8	0	5	4	4	0	3
chr10	46848581	46850486	1906	6	0	1906	1273	633	189	61	76	138	67	46	49	83	72	38	46	54	136	46	66	105	90	36	11	54	55	23	4	47	35	26	3	38	65	45	2	98
chr10	46850487	46850540	54	6	0	54	34	20	15	2	0	1	1	1	2	1	2	1	2	1	0	2	1	1	1	1	2	2	1	1	2	1	2	0	0	0	1	3	0	2
chr10	46850541	46850721	181	6	0	181	116	65	12	6	9	10	9	4	10	7	10	7	5	6	6	5	4	5	11	2	0	9	4	0	0	2	3	1	0	4	12	3	0	13
chr10	46850722	46850749	28	6	0	28	16	12	1	3	2	0	1	0	2	0	3	0	0	1	1	0	0	1	2	1	0	1	1	2	0	1	0	0	0	0	0	1	0	2
chr10	46850750	46851000	251	6	0	251	180	71	27	5	9	23	11	6	5	12	5	6	5	8	20	12	8	16	15	3	0	11	3	2	0	5	3	2	0	3	13	3	0	8
chr10	46851005	46852181	1177	6	0	1177	726	451	117	32	45	67	39	41	45	41	43	17	38	28	62	29	30	51	44	27	6	41	40	21	7	40	32	26	4	36	50	34	1	41
chr10	46852182	46852878	697	6	0	697	457	240	68	26	23	43	31	21	19	37	23	10	14	19	37	23	21	41	40	12	0	28	21	16	0	17	17	13	0	10	30	13	0	22
chr10	46852879	46854264	1386	6	0	1386	898	488	124	50	62	80	52	29	44	60	58	28	39	40	82	31	51	66	48	34	3	53	36	20	0	45	31	13	3	37	70	34	0	61
chr10	46854265	46854300	36	6	0	36	22	14	3	0	0	2	1	4	0	2	0	1	1	0	1	1	1	4	2	3	0	0	3	0	0	1	1	0	0	1	1	1	0	0
chr10	46854301	46854341	41	6	0	41	18	23	0	0	1	1	1	0	2	0	2	2	3	1	0	2	2	0	1	1	0	2	1	2	1	3	0	1	0	3	1	3	3	0
chr10	46854342	46854882	541	6	0	541	286	255	41	7	15	26	18	17	30	12	16	7	24	18	15	11	10	18	12	11	5	14	22	16	9	20	20	25	15	20	23	15	3	24
chr10	46854891	46860749	5859	6	0	5859	3887	1972	515	201	261	406	259	140	161	232	249	96	161	149	359	171	177	349	266	103	25	214	138	63	9	158	142	68	7	123	246	133	11	265
chr10	46860750	46860769	20	6	0	20	11	9	0	0	0	0	0	8	0	0	0	0	0	0	0	1	0	0	9	0	0	0	0	0	0	0	0	0	0	0	0	0	0	0
chr10	46860770	46861029	260	6	0	260	167	93	20	4	9	13	4	22	7	16	10	4	8	7	12	9	5	16	29	2	0	7	6	3	0	4	7	1	0	4	8	7	0	14
chr10	46861030	46861644	615	6	0	615	399	216	58	16	27	39	23	11	21	21	25	15	18	20	34	19	27	24	20	12	1	28	12	6	3	19	11	9	0	16	33	13	1	31
chr10	46861645	46861657	13	6	0	13	10	3	0	0	1	1	0	0	0	1	1	0	0	1	1	1	1	0	0	0	0	1	0	0	0	0	0	0	0	0	1	0	0	1
chr10	46861658	46865817	4160	6	0	4160	2382	1778	206	99	164	190	177	116	204	176	145	81	163	115	131	106	110	197	168	85	11	138	171	93	11	153	163	117	4	160	172	133	8	191
chr10	46865818	46865900	83	6	0	83	42	41	4	5	4	0	2	3	4	4	5	0	4	1	2	2	1	1	4	3	0	3	6	3	1	3	1	1	0	4	2	5	0	3
chr10	46865901	46866899	999	6	0	999	620	379	77	31	56	42	29	22	36	47	43	13	23	36	56	34	31	43	40	22	3	35	31	25	2	33	23	22	2	25	40	22	1	52
chr10	46866900	46866917	18	6	0	18	15	3	10	0	0	0	1	0	0	0	0	1	1	0	0	0	0	0	1	0	0	0	0	0	0	0	0	0	0	0	1	0	0	1
chr10	46866918	46872774	5857	6	0	5857	3468	2389	380	189	213	279	186	170	250	235	214	117	209	143	281	118	147	336	247	137	37	173	215	154	37	196	163	139	29	179	216	172	23	271
chr10	46872775	46872823	49	6	0	49	25	24	0	2	1	3	2	2	3	1	2	0	2	1	2	1	2	1	1	0	1	3	3	0	0	2	2	3	0	2	1	2	1	1
chr10	46872824	46874762	1939	6	0	1939	964	975	100	50	69	39	57	67	125	70	61	46	100	53	41	28	33	24	61	61	10	59	105	82	10	96	72	72	8	78	81	78	8	93
chr10	46874764	46877133	2370	6	0	2370	1280	1090	154	53	90	93	83	89	116	90	97	44	82	70	55	34	44	85	81	72	10	56	120	93	13	119	80	73	6	73	97	107	5	84
chr10	46877135	46880246	3112	6	0	3112	1637	1475	145	73	133	121	117	109	138	140	134	70	121	70	76	43	74	73	116	86	13	80	153	131	14	144	111	113	16	102	124	112	19	139
chr10	46880247	46880270	24	6	0	24	20	4	4	0	2	2	0	0	0	0	2	0	1	1	2	0	0	4	0	0	0	0	0	0	0	0	0	0	0	0	1	0	0	3
chr10	46880271	46882717	2447	6	0	2447	1315	1132	130	49	91	103	82	80	129	93	85	54	124	60	77	35	50	72	87	50	14	67	98	91	14	109	95	74	7	102	103	97	7	116
chr10	46882718	46882735	18	6	0	18	6	12	0	0	1	0	1	0	1	1	0	0	1	1	0	0	0	0	0	0	0	0	2	3	0	1	0	2	0	0	1	0	0	1
chr10	46882736	46882963	228	6	0	228	116	112	6	6	9	11	13	8	11	7	11	2	14	4	2	3	1	6	7	9	0	3	11	8	1	14	13	7	1	7	9	10	0	12
chr10	46882964	46883806	843	6	0	843	425	418	35	17	33	25	23	31	49	22	41	17	45	20	11	12	26	17	27	24	4	23	33	36	3	53	36	27	5	23	29	38	2	54
chr10	46883807	46883847	41	6	0	41	28	13	2	1	2	0	0	4	0	2	2	0	5	0	2	0	0	6	4	0	0	1	0	0	0	0	0	0	0	0	2	0	0	6
chr10	46883854	46884107	254	6	0	254	137	117	12	4	8	14	10	4	16	9	8	8	15	8	9	3	3	5	8	5	0	6	13	8	0	14	4	11	0	9	14	11	0	13
chr10	46884108	46886699	2592	6	0	2592	1295	1297	97	59	112	66	90	95	126	99	100	46	131	78	46	40	58	50	87	81	11	61	130	130	10	148	91	88	13	92	102	119	8	126
chr10	46886700	46886716	17	6	0	17	9	8	0	0	1	1	0	1	1	0	0	1	1	1	2	0	0	0	2	0	0	0	0	0	0	1	0	0	0	0	0	2	0	1
chr10	46886717	46888960	2244	6	0	2244	1276	968	166	53	96	87	81	73	101	99	82	55	92	69	71	37	49	63	100	55	6	57	90	75	3	92	71	46	2	73	93	84	5	116
chr10	46888961	46897897	8937	6	0	8937	4841	4096	471	228	400	318	323	296	466	346	352	211	323	213	270	182	191	249	356	227	45	290	393	329	46	369	330	271	26	315	352	310	31	406
chr10	46897898	46898112	215	6	0	215	119	96	17	6	7	6	3	9	8	7	4	3	9	10	12	5	6	5	7	8	2	6	9	10	1	11	2	6	2	6	9	7	3	7
chr10	46898115	46898280	166	6	0	166	80	86	17	1	5	1	5	8	9	3	3	3	11	1	0	4	6	1	3	5	1	7	10	4	2	8	7	10	2	9	5	5	1	7
chr10	46898281	46898911	631	6	0	631	341	290	39	14	36	19	19	30	30	20	31	18	25	8	20	11	12	7	36	16	6	16	23	18	3	30	16	17	3	24	24	23	2	33
chr10	46898912	46899002	91	6	0	91	39	52	2	1	7	3	4	4	2	0	7	0	5	2	0	1	0	1	1	5	0	0	5	13	0	8	1	2	0	1	3	6	0	5
chr10	46899003	46899045	43	6	0	43	17	26	0	0	2	0	1	4	4	0	1	3	2	0	0	0	0	0	3	0	0	3	1	1	2	0	5	1	0	2	0	3	0	3
chr10	46899046	46899584	539	6	0	539	316	223	37	18	28	12	18	31	20	21	22	8	11	17	18	11	15	28	39	10	0	19	20	21	0	17	16	7	0	15	15	20	0	23
chr10	46899585	46901556	1972	6	0	1972	1258	714	171	67	72	144	97	38	83	71	89	23	53	51	97	48	46	107	82	34	5	55	66	28	4	53	63	36	4	67	78	54	5	79
chr10	46901557	46901589	33	6	0	33	23	10	3	1	1	2	2	0	0	2	0	0	2	2	2	2	1	2	1	1	0	1	0	0	0	1	1	0	0	1	2	0	0	1
chr10	46901590	46901961	372	6	0	372	266	106	43	5	9	40	14	10	10	12	21	5	6	11	21	9	15	33	16	2	1	10	9	3	1	5	7	1	0	8	14	12	0	17
chr10	46901963	46904793	2831	6	0	2831	1629	1202	203	73	126	125	112	97	115	112	107	58	96	83	105	58	63	96	117	75	8	86	121	76	14	111	87	74	7	82	111	97	13	121
chr10	46904794	46905040	247	6	0	247	120	127	6	6	8	5	8	6	13	10	7	6	10	6	4	5	13	6	9	7	2	5	14	9	2	15	8	12	2	12	6	11	0	12
chr10	46905041	46905091	51	6	0	51	23	28	0	0	1	1	1	2	6	0	0	2	2	0	1	1	3	3	3	1	0	1	1	1	0	5	5	2	0	3	0	1	0	3
chr10	46905092	46911179	6088	6	0	6088	3165	2923	294	151	243	206	217	216	343	222	238	137	298	126	145	96	113	118	220	180	23	177	291	213	26	302	228	217	27	220	259	222	20	298
chr10	46911180	46911212	33	6	0	33	12	21	0	0	0	1	0	0	3	1	0	2	2	1	1	0	0	1	1	1	0	0	2	4	0	3	0	3	0	1	1	2	0	1
chr10	46911213	46915853	4641	6	0	4641	2586	2055	309	135	152	204	156	157	225	159	167	76	145	134	169	124	124	149	171	120	37	164	189	152	44	167	146	150	59	133	191	130	19	182
chr10	46915854	46918676	2823	6	0	2823	1867	956	281	80	123	198	124	76	73	110	131	53	72	80	145	63	84	172	129	50	5	88	86	42	2	76	63	27	1	51	106	87	6	137
chr10	46918677	46918690	14	6	0	14	11	3	3	0	1	2	0	0	0	0	1	0	0	0	2	0	1	0	0	0	0	0	0	0	0	1	0	0	0	0	0	0	0	1
chr10	46918691	46920505	1815	6	0	1815	1228	587	178	63	83	113	69	34	46	80	74	28	24	50	117	52	59	156	92	29	3	53	54	36	2	44	31	32	2	33	52	39	3	82
chr10	46920506	46922706	2201	6	0	2201	1245	956	153	78	97	92	89	66	107	63	99	36	70	47	79	42	53	74	92	57	4	69	93	77	11	94	77	60	7	61	62	81	6	103
chr10	46922707	46923276	570	6	0	570	320	250	38	15	23	24	28	17	28	18	20	21	20	19	13	9	11	15	27	14	1	19	27	19	0	28	13	12	0	9	24	29	1	26
chr10	46923277	46923308	32	6	0	32	19	13	5	1	3	1	1	1	1	0	2	0	0	1	2	0	0	0	1	1	0	0	1	2	0	1	0	1	0	1	1	1	0	2
chr10	46923309	46924776	1468	6	0	1468	946	522	148	53	62	86	77	30	48	40	63	22	42	42	61	39	38	94	60	35	3	46	46	17	6	42	37	25	7	29	52	34	8	74
chr10	46924783	46924929	147	6	0	147	100	47	20	2	6	11	11	2	3	7	4	3	4	8	5	2	3	8	3	0	0	6	5	0	0	3	5	2	0	3	9	6	0	4
chr10	46924930	46925538	609	6	0	609	336	273	43	15	29	16	18	29	29	19	27	12	21	17	14	14	18	14	25	22	2	21	23	15	5	26	19	12	2	23	27	20	3	27
chr10	46925541	46932089	6549	6	0	6549	4056	2493	518	203	307	359	251	189	245	225	283	131	206	162	335	169	200	272	268	145	20	260	196	124	12	237	170	117	8	153	276	182	16	308
chr10	46932090	46932110	21	6	0	21	15	6	2	1	1	0	0	1	0	0	0	0	1	1	2	1	0	5	1	0	1	0	0	0	0	0	0	0	0	0	0	0	0	2
chr10	46932111	46937965	5855	6	0	5855	3782	2073	611	207	222	352	256	134	190	261	256	86	142	171	268	155	159	310	284	122	13	163	193	97	15	162	133	94	13	128	231	154	11	260
chr10	46937966	46941716	3751	6	0	3751	2349	1402	369	120	168	201	148	90	134	122	175	54	133	104	165	94	108	163	142	71	9	136	101	73	13	130	91	67	13	89	160	106	13	187
chr10	46941721	46945095	3375	6	0	3375	2284	1091	360	96	147	251	127	88	89	128	154	44	75	92	214	93	112	213	144	51	12	114	87	36	6	77	65	41	5	87	136	78	7	144
chr10	46945096	46945107	12	6	0	12	6	6	0	1	1	0	1	0	1	0	0	0	1	0	0	0	0	0	0	0	0	1	1	0	0	0	1	1	0	0	0	0	0	1
chr10	46945108	46947231	2124	6	0	2124	1382	742	213	46	91	143	70	51	60	82	98	25	57	55	112	63	66	149	76	36	8	64	68	36	6	72	57	38	2	43	62	72	6	95
chr10	46947236	46947868	633	6	0	633	434	199	71	21	26	48	29	13	10	30	22	9	14	20	45	19	16	40	23	19	1	19	17	11	2	17	15	3	0	6	26	14	1	24
chr10	46947875	46951006	3132	6	0	3132	1986	1146	287	106	125	185	113	81	125	105	133	61	77	58	171	82	105	170	147	67	7	109	93	59	2	115	92	46	6	74	93	97	5	134
chr10	46951007	46951022	16	6	0	16	14	2	1	0	0	1	0	0	0	1	0	0	0	0	1	2	0	7	1	0	0	0	0	0	0	0	0	0	0	0	0	0	0	0
chr10	46951023	46953358	2336	6	0	2336	1537	799	233	83	92	150	87	61	77	90	117	38	38	70	120	51	69	160	107	44	11	70	65	42	7	65	54	25	3	42	89	68	7	99
chr10	46953359	46953396	38	6	0	38	28	10	9	0	9	0	0	0	0	0	9	0	0	0	0	0	0	0	0	0	0	0	0	0	0	0	0	0	0	0	0	0	0	9
chr10	46953397	46954090	694	6	0	694	467	227	93	26	29	44	30	13	17	25	35	8	14	21	34	16	18	42	25	10	3	25	18	9	5	18	15	6	3	12	27	25	3	23
chr10	46954091	46954102	12	6	0	12	10	2	8	0	0	0	1	0	0	0	0	0	0	0	0	0	0	0	0	0	0	0	1	0	0	0	0	0	0	0	0	0	0	0
chr10	46954103	46958688	4586	6	0	4586	3092	1494	502	152	202	314	219	83	117	176	180	61	97	165	269	142	128	285	201	66	15	156	128	72	5	116	87	70	5	68	179	115	5	204
chr10	46958690	46962176	3487	6	0	3487	2296	1191	357	115	164	219	148	78	107	152	155	61	89	97	196	89	89	178	165	56	7	116	92	52	1	94	87	45	5	69	141	86	5	170
chr10	46962179	46963405	1227	6	0	1227	788	439	114	37	57	77	51	29	43	53	60	16	24	40	60	29	30	67	57	22	3	28	38	14	3	39	35	26	1	32	46	32	7	55
chr10	46963408	46965227	1820	6	0	1820	1157	663	159	60	88	106	79	48	48	72	95	20	51	61	80	44	45	99	78	36	13	45	67	31	3	55	38	30	8	32	64	59	4	100
chr10	46965228	46965254	27	6	0	27	22	5	6	1	1	2	1	0	0	2	0	0	0	0	4	3	1	0	2	0	0	2	0	0	0	0	0	0	0	0	0	0	0	0
chr10	46965255	46965910	656	6	0	656	481	175	97	15	29	58	27	5	7	29	26	9	12	15	49	19	20	62	20	8	2	18	15	7	1	12	14	6	1	9	19	14	0	29
chr10	46965911	46965986	76	6	0	76	41	35	9	1	4	1	4	3	3	1	0	2	6	3	2	1	0	1	1	2	0	4	4	3	0	1	4	1	1	2	2	2	1	5
chr10	46965987	46966862	876	6	0	876	541	335	81	17	34	59	27	25	32	36	32	10	26	25	50	24	26	36	31	19	3	23	29	15	4	31	27	26	6	27	33	20	3	37
chr10	46966863	46967418	556	7	0	556	338	218	34	16	27	24	20	17	14	23	24	12	18	9	24	21	25	28	28	11	2	25	16	11	3	23	9	10	1	16	22	21	0	20
chr10	46967419	46967440	22	7	0	22	12	10	1	0	0	1	0	0	1	1	0	0	0	1	1	2	2	1	0	1	0	1	1	0	0	2	1	2	0	0	0	0	0	1
chr10	46967441	46970942	3502	7	0	3502	2252	1250	322	131	181	181	140	88	112	130	155	54	106	85	197	84	101	184	141	76	5	134	98	49	5	107	84	52	4	94	147	82	6	165
chr10	46970945	46970972	28	7	0	28	25	3	12	1	1	3	1	0	0	1	0	0	0	0	4	0	0	0	1	0	0	0	0	0	0	0	1	0	0	1	0	0	0	0
chr10	46970973	46971013	41	8	0	41	33	8	4	2	0	8	2	0	0	2	3	0	0	0	5	1	2	2	3	0	0	0	1	1	0	0	0	0	0	0	0	1	0	2
chr10	46971014	46974334	3321	8	0	3321	1972	1349	257	96	146	174	145	92	114	133	118	52	113	75	153	66	86	151	117	79	9	101	137	86	13	130	110	101	12	95	120	99	6	133
chr10	46974335	46976747	2413	8	0	2413	1468	945	228	77	101	118	87	72	82	80	100	34	98	56	108	58	68	100	80	65	5	91	94	54	7	88	55	47	9	61	92	76	11	109
chr10	46976749	46979915	3167	8	0	3167	1928	1239	211	91	134	176	117	79	134	101	146	61	104	97	138	86	113	138	101	84	5	127	112	74	1	121	73	57	2	74	145	93	6	164
chr10	46979916	46979937	22	7	0	22	14	8	1	1	0	1	1	0	1	0	1	0	2	2	1	0	1	0	0	0	0	1	0	1	0	1	0	0	0	0	2	1	0	2
chr10	46979938	46983085	3148	8	0	3148	1885	1263	227	77	128	156	123	98	135	142	117	59	83	92	120	82	96	148	130	76	13	97	132	65	3	99	106	75	6	109	130	83	2	137
chr10	46983087	46989349	6263	8	0	6263	3898	2365	454	203	247	344	234	190	214	267	273	114	205	186	286	153	188	339	264	139	22	234	213	107	17	188	155	98	15	134	273	181	26	298
chr10	46989351	46989576	226	8	0	226	162	64	31	7	7	18	15	5	2	18	8	3	2	12	8	3	4	17	12	2	0	4	5	3	0	1	9	0	0	3	14	4	0	7
chr10	46989578	46990384	807	8	0	807	473	334	77	21	24	44	35	19	38	22	37	19	31	29	18	13	22	23	26	21	3	22	32	16	6	28	17	17	6	23	39	28	7	42
chr10	46990386	46991774	1389	8	0	1389	911	478	141	44	76	86	72	34	38	49	63	28	29	52	72	28	39	59	61	26	2	45	45	17	2	29	31	15	1	31	56	35	5	76
chr10	46991775	46992548	774	8	0	774	452	322	76	18	34	34	37	18	30	23	31	19	39	21	18	13	19	20	18	21	3	26	32	14	2	30	18	21	7	20	40	22	2	46
chr10	46992549	46993454	906	8	0	906	503	403	54	24	36	45	42	29	47	23	33	15	34	28	30	19	21	22	34	21	2	30	45	32	2	32	29	30	2	33	34	28	6	42
chr10	46993455	46993499	45	7	0	45	17	28	0	1	0	0	1	5	2	0	0	0	2	2	0	1	0	2	3	3	1	0	2	4	2	2	2	3	1	0	1	1	0	2
chr10	46993500	46994234	735	8	0	735	486	249	92	24	38	40	27	18	26	22	34	8	18	22	41	17	18	40	29	13	1	24	21	9	1	19	16	9	1	23	27	19	1	35
chr10	46994239	46994346	108	8	0	108	78	30	30	4	5	4	6	2	1	3	2	0	5	2	4	1	1	6	3	3	0	1	3	1	0	2	2	1	0	5	4	1	0	4
chr10	46994347	46995353	1007	8	0	1007	599	408	105	25	35	62	45	21	36	22	42	17	40	30	34	17	21	46	27	22	7	24	31	22	18	30	20	28	17	33	46	29	8	45
chr10	46995354	46995657	304	8	0	304	157	147	14	10	12	7	13	12	15	10	8	7	13	7	8	6	10	4	10	12	1	12	18	11	0	13	13	10	0	11	9	10	1	15
chr10	46995658	46995667	10	7	0	10	4	6	0	0	1	0	0	0	1	0	1	0	1	0	0	0	0	0	0	0	0	0	0	1	0	1	0	0	0	0	1	0	0	1
chr10	46995668	46998832	3165	8	0	3165	2085	1080	303	107	119	222	147	90	100	127	137	43	65	104	164	89	90	176	159	64	10	96	112	46	4	64	71	32	1	72	122	84	1	142
chr10	46998833	46998935	103	8	0	103	52	51	7	3	3	1	2	2	7	2	1	2	3	4	5	1	3	5	0	4	1	2	8	2	0	9	1	9	1	3	4	4	0	2
chr10	46998936	47003304	4369	8	0	4369	2896	1473	424	159	197	310	192	96	133	165	200	72	110	107	273	91	108	258	185	68	19	146	123	61	6	107	93	63	2	110	185	106	13	185
chr10	47003306	47005121	1816	8	0	1816	1197	619	174	71	79	107	79	31	63	69	81	25	48	53	96	46	54	119	72	23	11	67	47	22	2	42	45	32	4	45	78	36	3	90
chr10	47005122	47005891	770	8	0	770	453	317	44	27	12	39	27	36	22	59	25	15	19	23	25	19	23	37	47	22	1	27	39	26	2	19	28	9	4	11	30	29	3	19
chr10	47005892	47005970	79	7	0	79	48	31	11	3	5	1	5	2	2	6	3	3	1	1	1	1	0	2	6	1	0	2	3	3	0	1	3	2	0	1	3	1	0	4
chr10	47005971	47013338	7368	8	0	7368	4418	2950	573	226	317	380	298	189	293	314	348	132	247	193	279	165	185	277	311	157	24	220	278	187	19	242	199	149	17	227	306	233	28	353
chr10	47013341	47015601	2261	8	0	2261	1181	1080	94	54	99	78	75	72	125	71	95	48	67	58	61	48	73	62	81	57	14	70	102	90	22	103	81	88	13	90	79	83	5	101
chr10	47015602	47016248	647	8	0	647	390	257	33	6	27	19	15	16	21	35	15	18	20	34	23	15	32	60	22	18	1	14	20	16	3	23	16	12	4	20	28	16	0	43
chr10	47016249	47016837	589	8	0	589	279	310	24	12	23	11	9	24	39	19	24	11	29	9	13	9	17	5	24	12	3	18	25	23	3	39	27	28	9	26	15	27	5	25
chr10	47016838	47016848	11	7	0	11	8	3	0	1	1	0	0	0	0	0	0	0	1	0	1	1	0	2	0	0	0	2	0	0	0	0	0	0	0	0	0	0	0	0
chr10	47016849	47017757	909	8	0	909	436	473	34	15	36	28	28	39	51	27	24	27	34	17	27	13	18	18	30	31	6	27	42	64	5	58	36	38	5	27	37	36	2	27
chr10	47017759	47022973	5215	8	0	5215	2763	2452	283	137	210	178	164	178	269	192	211	115	217	133	150	81	112	133	198	136	32	145	253	225	28	234	153	182	21	168	199	197	18	261
chr10	47022974	47022996	23	7	0	23	7	16	0	0	1	0	0	0	2	0	1	1	2	0	0	0	0	0	0	1	0	0	1	0	1	2	1	1	1	2	0	2	1	1
chr10	47022997	47023576	580	8	0	580	253	327	25	18	22	3	21	26	43	7	16	16	30	8	5	3	4	4	21	18	6	18	32	31	8	35	24	31	6	27	21	26	4	19
chr10	47023578	47023825	248	8	0	248	116	132	3	10	5	5	5	33	14	6	8	3	6	4	7	4	2	1	26	15	1	6	17	6	3	9	10	8	4	4	5	6	2	8
chr10	47023826	47024491	666	8	0	666	364	302	19	12	10	15	13	129	9	43	14	6	14	14	10	18	10	26	116	32	2	16	38	4	4	11	20	4	1	5	20	17	1	11
chr10	47024492	47024501	10	7	0	10	6	4	0	0	0	1	0	0	0	0	1	1	0	0	0	0	1	1	0	0	0	1	1	0	0	0	0	0	0	0	0	1	0	0
chr10	47024502	47041534	17033	8	0	17033	7941	9092	541	315	612	407	486	717	1081	599	534	449	792	392	313	199	278	224	625	515	92	448	914	1017	145	931	691	730	113	704	654	745	88	680
chr10	47041536	47049198	7663	8	0	7663	3376	4287	196	143	247	153	223	346	502	262	230	185	396	152	89	74	90	87	260	246	54	188	458	510	69	456	335	395	54	298	280	341	49	293
chr10	47049199	47053566	4368	8	0	4368	2158	2210	201	86	160	118	134	165	263	155	150	116	211	106	80	63	76	73	179	116	19	116	234	206	34	212	153	187	23	147	151	177	20	235
chr10	47053567	47053596	30	7	0	30	11	19	0	0	0	0	0	2	2	1	0	0	2	1	0	0	2	0	0	0	0	2	3	3	0	1	2	2	0	2	0	2	0	1
chr10	47053597	47054549	953	8	0	953	636	317	120	24	36	72	32	22	30	44	47	23	17	18	52	26	28	44	42	20	3	30	23	15	3	25	17	16	2	15	46	16	2	41
chr10	47054551	47060828	6278	8	0	6278	3100	3178	259	147	227	176	207	274	350	208	207	159	299	148	135	82	115	106	253	176	37	196	328	308	54	307	225	233	25	223	233	280	34	265
chr10	47060830	47064917	4088	8	0	4088	2267	1821	274	122	192	151	158	117	193	137	185	87	157	109	123	70	84	107	143	94	26	133	173	145	22	174	138	114	13	107	151	161	15	211
chr10	47064919	47070433	5515	8	0	5515	3162	2353	395	149	218	229	212	216	224	214	205	116	202	158	179	114	126	205	270	126	29	169	214	160	30	208	162	126	22	154	219	200	23	239
chr10	47070436	47073154	2719	8	0	2719	1673	1046	197	87	111	162	120	87	88	107	120	45	71	88	120	57	82	131	126	56	13	80	110	68	3	82	60	45	7	70	105	94	5	120
chr10	47073155	47073199	45	7	0	45	34	11	7	2	4	3	1	0	0	2	3	0	0	3	5	0	2	1	0	0	0	1	0	0	0	1	1	0	0	1	2	1	0	3
chr10	47073200	47075057	1858	8	0	1858	1149	709	167	65	77	95	65	54	76	62	84	33	57	55	88	48	48	74	76	44	6	74	68	45	2	63	35	30	0	37	79	59	6	84
chr10	47075058	47195862	120805	7	0	120805	66344	54461	7150	3197	4964	4699	4252	4116	5954	4326	4724	2662	4670	2948	3884	2141	2624	4033	4748	3089	628	3651	5192	4233	698	5146	3995	3639	503	3933	4713	4309	501	5481
chr10	47195863	47255862	60000	6	0	60000	32680	27320	3333	1534	2435	2285	2052	2101	3082	2345	2305	1325	2333	1571	1897	1001	1297	1783	2403	1530	257	1771	2666	2154	275	2546	2067	1841	186	2088	2443	2116	234	2742
chr10	47255863	47298862	43000	5	0	43000	22873	20127	2303	1075	1676	1553	1481	1488	2207	1617	1646	979	1812	1074	1176	764	912	1108	1666	1137	212	1291	2044	1659	236	1978	1425	1297	181	1489	1658	1824	181	1849
chr10	47298863	47393862	95000	4	0	95000	48150	46850	4327	2228	3431	2959	3007	4030	5247	3456	3315	2132	3916	2278	2296	1459	1822	2247	3880	2561	639	2769	4474	4083	889	4394	3796	3527	792	3403	3590	3669	532	3850
chr10	47393863	47418862	25000	5	0	25000	12528	12472	1086	559	809	746	762	1286	1408	993	806	541	980	617	547	373	456	558	1234	769	127	629	1383	1162	155	1170	904	989	118	887	927	950	100	967
chr10	47418863	47436862	18000	6	0	18000	10243	7757	1198	561	687	768	717	556	831	689	725	367	615	532	574	350	431	641	748	468	78	540	793	571	81	667	574	448	51	499	678	625	76	859
chr10	47436863	47438557	1695	7	0	1695	1081	614	183	59	81	93	79	39	54	53	74	28	46	45	79	33	50	83	68	36	4	51	58	32	4	50	41	33	2	42	58	43	4	88
chr10	47438558	47442534	3977	8	0	3977	2166	1811	233	96	208	129	149	130	190	139	173	87	169	107	111	69	79	97	140	107	21	114	162	134	13	174	133	104	17	155	173	138	21	203
chr10	47442535	47451862	9328	8	0	9328	4517	4811	315	194	292	211	273	554	582	364	278	216	383	194	146	167	146	201	580	291	40	220	501	456	40	493	356	381	30	351	335	362	34	340
chr10	47451863	47459016	7154	8	0	7154	3261	3893	214	134	220	144	189	338	480	242	212	179	409	132	97	70	99	102	298	208	34	181	388	436	53	419	313	296	32	301	250	357	18	307
chr10	47459017	47459078	62	8	0	62	36	26	3	2	3	4	4	3	2	0	4	2	1	2	1	1	1	2	3	2	0	2	3	4	0	2	0	0	0	0	3	3	0	3
chr10	47459079	47459111	33	8	0	33	25	8	4	2	1	3	3	0	1	1	2	0	0	1	1	2	1	2	4	0	0	0	0	0	0	0	0	0	0	0	1	0	0	2
chr10	47459112	47469862	10751	8	0	10751	5427	5324	549	278	388	332	367	390	599	342	378	255	436	248	254	168	220	222	408	299	77	307	491	527	106	510	385	403	103	391	414	405	62	435
chr10	47469863	47469989	127	9	0	127	65	62	11	1	4	3	3	6	7	2	3	4	7	5	2	1	5	0	3	1	2	7	4	2	1	6	5	4	1	6	6	7	2	4
chr10	47469990	47470072	83	8	0	83	42	41	9	1	1	6	4	5	2	0	1	1	2	2	3	2	1	2	2	2	3	2	6	4	1	3	1	5	3	1	2	3	1	0
chr10	47470073	47483917	13845	9	0	13845	6344	7501	379	258	522	264	405	613	918	461	424	353	674	312	214	175	222	149	506	414	94	385	765	758	114	767	594	652	82	606	532	579	74	578
chr10	47483918	47483962	45	8	0	45	19	26	3	0	2	1	0	3	2	1	3	0	2	1	0	0	0	0	0	3	0	0	4	4	1	3	1	3	0	0	1	2	1	2
chr10	47483963	47484080	118	9	0	118	40	78	0	1	3	0	3	8	10	1	1	3	9	1	0	0	0	0	4	3	2	3	7	8	2	6	7	8	4	8	4	5	0	5
chr10	47484081	47484130	50	8	0	50	13	37	1	0	1	0	1	2	4	0	0	1	2	0	0	0	0	0	1	1	1	0	2	7	3	4	4	7	1	2	0	1	1	1
chr10	47484131	47484394	264	9	0	264	118	146	8	5	4	8	6	13	22	7	5	3	11	6	6	6	3	3	10	8	1	8	21	15	2	11	9	18	3	14	9	8	2	7
chr10	47484395	47484446	52	8	0	52	34	18	1	1	0	5	2	0	1	6	0	0	2	1	4	1	2	7	0	0	0	2	3	0	0	1	5	2	0	1	1	2	0	0
chr10	47484447	47484957	511	9	0	511	214	297	12	10	15	5	8	23	37	19	20	8	29	7	3	6	4	7	13	22	3	9	38	28	11	26	17	30	3	32	19	24	3	18
chr10	47484958	47485041	84	8	0	84	26	58	1	1	0	0	1	1	6	3	0	0	3	4	0	2	0	3	1	3	0	0	6	10	7	3	3	7	4	6	1	6	0	0
chr10	47485042	47485198	157	9	0	157	98	59	13	5	6	8	8	3	4	6	3	1	3	6	7	8	5	10	6	6	1	4	8	2	0	5	5	2	2	5	3	5	1	4
chr10	47485199	47485227	29	8	0	29	20	9	3	3	0	2	0	0	0	2	1	0	1	2	4	0	2	0	2	1	0	0	0	0	0	1	0	0	0	0	0	1	0	2
chr10	47485228	47485548	321	9	0	321	177	144	13	11	13	10	16	15	21	7	13	6	8	9	5	9	7	12	20	9	2	10	16	4	0	12	11	7	2	14	12	12	0	13
chr10	47485549	47485605	57	8	0	57	39	18	12	2	3	2	2	3	1	1	2	0	3	0	4	0	1	1	1	2	0	2	1	0	0	1	3	0	0	3	3	0	0	2
chr10	47485606	47487905	2300	9	0	2300	1313	987	186	60	84	97	91	66	112	87	75	55	77	62	75	45	62	78	89	52	6	79	96	68	10	87	78	71	11	70	93	70	7	99
chr10	47487906	47487931	26	8	0	26	20	6	2	2	0	2	0	0	0	2	0	1	0	0	4	2	2	2	3	0	0	1	0	0	0	0	0	0	0	0	0	0	0	1
chr10	47487932	47489862	1931	9	0	1931	950	981	110	37	49	48	43	77	110	67	42	48	106	41	49	37	48	38	68	63	10	58	94	80	27	103	63	84	16	77	72	76	13	75
chr10	47489863	47497021	7159	10	0	7159	3366	3793	254	146	229	205	196	254	458	224	248	184	351	145	136	89	127	120	217	209	52	194	399	411	55	420	252	332	55	267	264	334	46	284
chr10	47497022	47497089	68	9	0	68	36	32	9	1	1	3	1	2	3	3	1	0	2	3	3	0	3	0	0	0	0	2	3	1	1	4	4	6	2	2	2	2	1	1
chr10	47497090	47497448	359	10	0	359	176	183	25	9	8	9	16	15	20	13	6	5	20	13	4	6	3	3	8	18	1	7	26	11	2	21	13	14	2	15	17	17	1	9
chr10	47497449	47497473	25	9	0	25	22	3	6	0	0	4	1	0	0	0	0	0	0	0	4	2	2	2	1	0	0	1	0	0	0	0	0	0	0	0	0	0	0	0
chr10	47497474	47498067	594	10	0	594	308	286	38	21	15	25	29	21	28	19	16	6	26	10	16	14	11	12	19	21	4	18	33	18	9	29	24	32	4	16	21	18	3	16
chr10	47498068	47498096	29	9	0	29	17	12	0	1	0	3	3	1	1	3	1	0	1	1	0	0	0	1	1	1	0	0	2	0	0	0	3	1	0	0	1	0	0	2
chr10	47498097	47498286	190	10	0	190	111	79	16	10	12	4	6	5	6	5	13	5	3	2	7	3	7	7	6	4	3	10	7	8	2	4	3	2	1	5	6	7	0	9
chr10	47498287	47498310	24	8	0	24	15	9	0	1	0	2	1	0	0	4	1	1	1	1	1	1	0	0	2	0	0	0	1	0	0	1	0	0	0	0	2	2	0	0
chr10	47498311	47500009	1699	10	0	1699	930	769	105	35	64	69	52	57	92	56	70	39	68	42	46	31	42	61	55	44	8	54	72	49	9	76	57	57	11	57	74	56	10	79
chr10	47500010	47500115	106	6	0	106	56	50	7	1	6	2	3	3	6	3	2	3	5	4	4	3	0	3	2	4	0	3	7	4	0	5	4	5	0	1	3	3	0	8
chr10	47500122	47500297	176	6	0	176	98	78	7	4	8	8	7	4	8	9	9	3	8	2	4	6	9	1	7	4	0	7	6	3	1	4	6	3	0	15	9	4	1	7
chr10	47500298	47500319	22	8	0	22	15	7	1	0	0	1	1	0	1	2	0	1	0	2	0	1	1	3	1	0	0	1	1	0	0	0	0	0	0	0	2	1	0	0
chr10	47500320	47500361	42	8	0	42	18	24	2	0	2	1	2	1	2	1	1	0	4	0	0	1	1	0	1	0	1	0	0	0	2	2	3	4	1	4	2	0	0	2
chr10	47500366	47500459	94	6	0	94	48	46	5	2	4	1	2	2	5	4	4	0	5	5	1	2	3	2	2	2	0	1	4	2	1	6	5	3	0	4	2	6	1	6
chr10	47500464	47500599	136	6	0	136	79	57	10	1	9	7	8	3	4	7	7	3	4	4	2	4	2	4	5	4	0	1	5	3	1	4	5	3	0	6	6	3	1	8
chr10	47500600	47500692	93	6	0	93	64	29	16	0	6	6	3	3	2	4	4	0	3	4	6	3	1	2	3	2	0	1	3	0	0	2	2	0	0	4	3	3	0	5
chr10	47500693	47500933	241	10	0	241	121	120	21	4	7	7	10	8	15	7	4	5	14	5	4	4	3	3	5	5	1	9	13	7	2	8	15	11	3	11	7	7	3	11
chr10	47501018	47501060	43	10	0	43	16	27	0	0	0	0	0	4	3	0	0	1	1	0	1	2	3	0	2	3	0	2	4	2	1	2	1	3	1	3	0	1	1	0
chr10	47501075	47501137	63	8	0	63	34	29	4	2	1	1	1	1	3	4	1	2	3	4	2	1	2	1	2	4	0	0	4	2	0	3	1	1	0	2	3	2	0	4
chr10	47501138	47501197	60	9	0	60	23	37	1	0	1	1	1	5	3	1	0	0	3	3	1	1	0	0	2	2	1	1	4	2	2	5	2	6	2	2	2	3	1	0
chr10	47501205	47501346	142	6	0	142	71	71	10	2	1	5	3	5	8	5	1	3	5	7	4	3	8	1	4	5	0	4	8	5	1	8	2	7	3	6	7	5	0	4
chr10	47501347	47501452	106	10	0	106	60	46	2	4	3	6	2	4	4	4	2	1	5	2	9	4	2	4	3	5	1	4	6	5	1	3	1	4	0	3	5	1	0	4
chr10	47501453	47501664	212	6	0	212	102	110	9	4	2	6	4	12	14	4	4	4	13	7	4	4	6	3	6	10	3	5	13	3	1	15	8	10	0	8	8	9	4	7
chr10	47501665	47501715	51	10	0	51	26	25	7	2	0	1	3	2	4	1	0	1	2	1	0	0	0	0	2	0	1	2	4	2	0	0	5	2	0	3	0	2	1	1
chr10	47501716	47501768	53	6	0	53	40	13	15	0	1	5	2	2	0	4	1	0	1	1	2	2	0	2	3	1	0	0	1	0	0	1	3	1	0	0	2	0	0	1
chr10	47501781	47502199	419	6	0	419	239	180	42	8	11	20	14	17	19	14	13	11	8	8	13	13	8	18	20	5	11	14	13	11	7	13	16	17	4	9	15	11	4	10
chr10	47502200	47502248	49	10	0	49	18	31	0	0	1	1	1	1	5	2	1	1	3	1	0	0	0	0	1	1	0	1	4	2	1	4	3	3	1	3	0	5	0	1
chr10	47502249	47502435	187	6	0	187	69	118	2	2	2	1	1	10	18	5	4	5	11	4	0	1	1	2	4	6	5	3	12	10	5	10	12	11	1	13	6	11	1	6
chr10	47502436	47502463	28	10	0	28	16	12	1	0	3	1	0	1	0	0	3	1	2	0	1	0	0	1	0	0	1	1	1	1	0	2	0	0	0	0	0	3	1	2
chr10	47502464	47502742	279	6	0	279	126	153	8	9	5	5	10	11	18	12	7	7	12	9	2	2	4	4	10	6	3	10	20	13	3	11	11	15	5	11	11	13	3	7
chr10	47502743	47502830	88	10	0	88	37	51	2	0	4	0	3	0	12	3	0	4	3	3	1	1	0	0	0	2	0	4	10	2	0	2	6	6	0	8	2	4	0	4
chr10	47502831	47502946	116	6	0	116	62	54	10	4	7	2	6	7	2	5	4	2	3	2	3	1	1	3	4	2	5	3	7	1	1	3	5	6	1	3	4	2	1	4
chr10	47502950	47502991	42	9	0	42	13	29	0	1	1	0	2	2	2	0	0	0	2	1	0	1	0	1	0	4	0	0	4	7	1	0	1	2	1	4	1	1	0	1
chr10	47502992	47503128	137	10	0	137	61	76	4	0	5	1	3	6	6	10	2	5	3	6	1	1	5	3	5	4	0	3	12	7	2	5	4	8	0	8	4	9	0	3
chr10	47503129	47503556	428	6	0	428	220	208	23	12	16	16	8	21	17	20	23	10	18	6	13	2	3	12	15	17	5	8	24	17	8	16	12	8	6	14	15	23	3	15
chr10	47503557	47503597	41	10	0	41	21	20	3	0	2	3	3	1	1	1	2	0	2	0	0	1	1	0	0	1	0	1	3	1	0	3	2	2	0	2	1	3	0	0
chr10	47503598	47503760	163	6	0	163	84	79	10	3	6	4	5	10	8	6	3	4	5	5	5	4	2	3	8	9	1	2	12	4	0	10	2	8	0	4	7	5	1	5
chr10	47503762	47503936	175	6	0	175	88	87	19	2	4	7	4	4	13	5	5	2	10	3	3	3	2	0	4	2	0	5	9	5	1	9	10	10	4	8	3	7	3	7
chr10	47503938	47504312	375	6	0	375	262	113	60	14	17	15	13	10	12	16	11	2	9	15	21	16	9	20	17	3	1	21	5	2	1	2	13	2	1	8	16	3	1	17
chr10	47504313	47504369	57	10	0	57	35	22	8	2	4	2	3	3	2	0	2	0	2	0	3	3	0	0	4	2	0	2	2	0	0	2	2	0	0	2	0	3	0	2
chr10	47504370	47504423	54	6	0	54	28	26	2	1	4	0	1	1	4	3	4	2	2	3	0	0	0	0	1	1	0	2	2	1	0	3	3	0	0	1	4	3	0	4
chr10	47504424	47504515	92	10	0	92	54	38	5	4	2	3	3	1	4	7	2	2	3	1	4	3	1	7	3	3	1	3	5	2	1	3	2	5	0	1	5	1	0	3
chr10	47504516	47504607	92	6	0	92	65	27	9	4	4	7	3	5	2	4	7	0	1	2	6	5	4	1	8	1	0	5	1	0	0	0	1	0	0	1	4	0	0	5
chr10	47504608	47504718	111	10	0	111	73	38	12	4	6	2	3	0	4	6	5	3	7	2	5	5	4	4	6	1	0	5	1	0	0	3	0	2	0	2	6	1	0	10
chr10	47504719	47504862	144	6	0	144	86	58	21	7	7	3	3	5	5	4	6	3	5	2	7	2	2	3	7	5	0	5	5	4	2	6	4	3	0	1	1	5	2	7
chr10	47504863	47504919	57	10	0	57	33	24	11	2	2	1	5	2	2	1	0	1	3	0	1	1	0	0	1	2	0	3	4	1	0	1	4	2	0	1	1	1	0	2
chr10	47504920	47505093	174	6	0	174	83	91	6	7	5	3	6	6	9	5	5	1	9	5	4	5	6	1	4	9	0	6	12	5	1	13	4	10	1	5	6	6	2	5
chr10	47505101	47505251	151	6	0	151	88	63	17	3	6	10	6	5	10	3	6	1	4	3	7	4	1	2	6	1	0	6	5	2	1	7	5	10	0	5	8	2	1	2
chr10	47505252	47505287	36	10	0	36	24	12	4	1	3	1	4	1	0	2	0	1	0	1	1	2	0	2	2	0	0	2	1	0	0	0	2	1	0	1	2	0	0	0
chr10	47505288	47505403	116	6	0	116	72	44	7	2	4	9	3	2	6	5	7	2	1	1	6	8	5	3	5	5	0	4	4	2	0	4	2	3	0	3	5	1	0	5
chr10	47505421	47505481	61	6	0	61	47	14	5	3	3	7	2	1	1	3	3	2	1	1	9	0	1	3	4	0	0	2	1	0	0	0	0	0	0	0	2	1	0	4
chr10	47505498	47505648	151	6	0	151	90	61	23	5	5	6	4	7	10	3	5	0	3	6	8	3	0	1	6	0	2	7	6	2	1	3	4	8	3	4	8	2	0	4
chr10	47505649	47505706	58	10	0	58	27	31	1	4	1	0	1	1	3	1	3	2	4	0	1	0	3	1	2	2	2	1	1	1	2	4	1	2	0	3	2	3	2	2
chr10	47505707	47505764	58	6	0	58	31	27	3	1	1	2	1	5	3	2	1	1	0	1	2	1	2	3	5	2	1	0	5	1	0	1	1	3	1	3	1	1	0	2
chr10	47505771	47505959	189	6	0	189	113	76	16	6	8	10	11	7	6	6	8	4	11	5	5	2	2	5	4	4	2	9	6	2	1	6	4	2	0	6	16	6	1	6
chr10	47505960	47506039	80	10	0	80	51	29	7	5	8	2	4	1	3	0	3	0	0	1	7	4	3	1	3	2	0	5	3	0	0	4	1	4	0	3	1	1	0	2
chr10	47506040	47506243	204	6	0	204	146	58	21	7	9	18	10	8	2	11	5	1	2	8	17	7	3	15	7	4	1	11	8	0	1	0	8	1	0	1	8	4	0	4
chr10	47506244	47506261	18	10	0	18	12	6	1	2	0	1	2	1	0	0	0	0	0	0	2	1	0	1	2	1	0	0	1	1	0	0	0	0	0	0	0	0	0	0
chr10	47506262	47506293	32	8	0	32	22	10	6	1	2	1	0	1	1	0	2	1	0	0	2	2	1	1	2	2	0	1	0	0	0	1	0	0	0	0	1	0	0	2
chr10	47506294	47506391	98	10	0	98	56	42	9	2	4	3	4	2	4	5	2	4	7	1	2	1	2	3	3	4	0	2	3	3	0	3	5	2	0	2	4	0	0	10
chr10	47506392	47506433	42	9	0	42	18	24	0	1	2	0	2	2	2	0	0	0	5	2	0	0	0	0	0	2	0	2	2	1	1	3	2	2	0	2	2	2	1	2
chr10	47506434	47506639	206	6	0	206	94	112	10	5	5	5	8	10	12	6	3	4	8	4	4	7	2	1	5	12	1	8	17	10	2	10	7	10	4	6	7	7	1	3
chr10	47506641	47506769	129	6	0	129	63	66	7	6	3	2	8	3	10	1	3	3	10	2	1	0	1	1	5	3	1	3	4	2	2	6	9	5	2	6	4	4	1	9
chr10	47506770	47506954	185	10	0	185	83	102	9	3	5	3	5	10	9	4	2	4	7	6	4	4	5	3	6	5	5	5	10	8	4	8	6	11	5	8	5	6	3	5
chr10	47506955	47507033	79	6	0	79	55	24	7	1	5	7	5	0	0	3	2	2	6	1	6	0	3	5	2	0	0	1	1	0	0	1	3	0	0	5	2	2	0	7
chr10	47507034	47507163	130	10	0	130	92	38	24	10	5	5	7	2	5	4	7	3	2	0	6	5	2	5	8	2	0	9	2	2	0	1	0	0	0	0	7	1	0	4
chr10	47507164	47507597	434	6	0	434	291	143	33	10	18	31	23	15	10	12	14	7	14	16	23	11	20	32	22	8	0	13	7	1	0	11	10	5	0	15	21	5	2	23
chr10	47507598	47507637	40	9	0	40	27	13	2	3	0	4	3	0	1	3	1	0	0	2	3	0	2	3	3	0	0	0	0	0	0	2	1	2	0	0	2	0	0	1
chr10	47507638	47507677	40	10	0	40	22	18	7	1	1	1	0	0	1	1	1	1	3	0	2	0	2	0	1	0	0	1	0	4	0	3	1	1	0	1	0	2	0	3
chr10	47507678	47507841	164	6	0	164	110	54	20	9	6	12	8	2	5	5	12	1	1	3	7	4	3	12	7	3	3	3	3	2	1	3	4	4	2	0	6	2	0	9
chr10	47507865	47508005	141	6	0	141	78	63	11	3	4	6	5	5	7	4	4	7	8	3	4	1	0	5	3	7	1	5	8	3	0	4	5	1	2	2	6	4	3	8
chr10	47508006	47508079	74	10	0	74	36	38	9	1	3	2	4	1	3	1	1	1	2	1	1	1	2	2	1	1	0	3	5	8	0	2	2	4	3	3	1	2	0	2
chr10	47508080	47508157	78	6	0	78	31	47	1	3	1	1	4	7	3	1	1	0	7	2	0	0	0	0	3	5	0	2	6	3	1	3	4	4	1	3	2	3	2	3
chr10	47508215	47508329	115	6	0	115	72	43	11	3	3	8	5	6	3	1	2	1	5	1	7	5	7	3	7	4	0	4	3	2	0	5	1	2	0	5	4	1	0	4
chr10	47508339	47508459	121	6	0	121	84	37	11	3	5	10	3	4	3	8	6	4	1	4	9	2	3	6	6	2	0	5	3	0	0	2	2	0	0	2	7	3	0	5
chr10	47508460	47508532	73	10	0	73	41	32	8	5	3	1	4	1	4	0	2	2	2	2	3	1	1	1	3	3	0	3	3	3	0	4	2	1	0	1	2	3	1	2
chr10	47508533	47508584	52	6	0	52	33	19	6	2	2	4	3	2	2	1	0	0	3	1	5	0	1	0	1	0	0	3	1	0	0	1	4	1	0	3	2	1	0	1
chr10	47508585	47508621	37	10	0	37	21	16	1	0	3	1	0	1	2	2	2	0	2	2	2	0	0	2	1	0	0	0	1	0	0	2	1	2	0	2	2	1	0	3
chr10	47508622	47508674	53	6	0	53	35	18	4	1	3	6	3	0	0	3	1	1	1	1	5	2	1	2	1	2	0	1	3	2	0	1	1	2	0	1	1	0	0	2
chr10	47508675	47508723	49	10	0	49	29	20	5	3	1	3	3	1	3	1	3	0	0	3	1	1	0	0	0	2	2	1	2	1	0	1	2	0	0	2	4	2	0	0
chr10	47508724	47509132	409	6	0	409	260	149	42	8	21	24	17	15	11	14	23	3	12	17	13	8	12	19	9	6	0	18	12	8	1	9	15	6	1	8	22	10	2	21
chr10	47509133	47509192	60	10	0	60	45	15	8	2	4	7	3	0	2	1	3	0	0	2	6	0	2	4	0	0	0	2	0	0	0	0	3	0	0	5	3	0	0	1
chr10	47509193	47509258	66	6	0	66	41	25	7	1	4	3	3	3	2	1	3	2	3	1	1	2	2	1	4	0	0	4	2	1	0	1	1	1	0	2	3	2	0	4
chr10	47509276	47509343	68	6	0	68	39	29	3	1	2	3	4	1	4	1	0	5	5	1	2	2	3	1	3	1	0	6	1	1	0	2	0	0	0	3	6	2	0	3
chr10	47509357	47509426	70	6	0	70	46	24	6	4	3	5	3	3	0	2	3	1	5	0	5	1	1	3	5	0	0	4	0	2	0	4	0	0	0	0	3	4	0	1
chr10	47509427	47509519	93	10	0	93	68	25	12	5	5	10	7	2	0	2	3	1	0	0	9	1	6	4	4	0	0	5	1	0	0	1	2	2	0	5	4	0	0	0
chr10	47509520	47509718	199	6	0	199	126	73	17	9	9	13	7	8	6	5	8	3	6	4	16	3	4	6	10	6	1	6	8	4	1	4	3	2	2	5	6	5	0	10
chr10	47509733	47509807	75	6	0	75	41	34	4	1	4	4	2	5	4	4	7	0	3	1	0	1	0	1	4	2	0	1	3	1	0	2	6	1	0	3	2	2	0	5
chr10	47509808	47509845	38	10	0	38	23	15	2	0	2	2	3	3	1	1	1	1	0	2	1	1	1	1	2	0	0	3	2	0	0	1	2	0	0	0	1	3	0	0
chr10	47509846	47509943	98	6	0	98	63	35	11	6	5	4	5	3	1	6	6	1	1	2	4	0	4	4	6	1	0	3	1	1	0	5	3	3	0	0	5	3	0	2
chr10	47509944	47509971	28	10	0	28	17	11	4	1	1	0	1	2	2	1	1	1	0	1	0	0	0	0	4	1	0	1	1	1	0	0	0	0	0	0	1	0	0	2
chr10	47509972	47510053	82	6	0	82	54	28	7	2	6	5	2	2	4	0	6	2	1	4	6	1	2	3	0	1	3	3	2	0	0	1	2	0	0	2	3	2	1	7
chr10	47510054	47510170	117	10	0	117	72	45	5	3	4	11	7	1	5	3	6	3	4	3	4	2	1	9	3	2	0	3	4	1	2	3	3	2	0	5	6	5	2	3
chr10	47510171	47510236	66	6	0	66	41	25	0	1	2	6	4	2	3	4	2	3	0	4	3	1	0	6	6	0	0	0	2	0	0	1	2	1	0	3	3	2	2	1
chr10	47510237	47510316	80	10	0	80	48	32	4	3	6	2	4	2	4	0	4	2	2	2	2	5	1	4	4	1	1	6	0	3	0	3	0	0	1	3	6	2	0	1
chr10	47510317	47510543	227	6	0	227	146	81	19	9	8	11	7	5	6	16	6	5	7	8	16	5	4	13	9	7	1	7	8	4	1	6	6	3	0	3	11	5	0	9
chr10	47510553	47510721	169	6	0	169	76	93	9	2	2	4	3	8	6	3	1	4	7	6	4	6	9	1	5	8	3	4	8	9	5	8	3	9	5	7	4	5	3	6
chr10	47510722	47510982	261	10	0	261	165	96	43	4	7	23	6	4	10	3	10	5	17	1	18	2	2	9	4	1	2	8	5	4	5	5	7	8	5	8	7	6	5	15
chr10	47510983	47511179	197	6	0	197	80	117	7	4	2	2	2	9	10	4	3	4	14	5	3	4	6	1	3	7	3	8	10	8	8	9	5	12	7	9	7	8	5	6
chr10	47511180	47511240	61	7	0	61	23	38	1	0	1	1	1	2	6	0	0	0	3	3	1	3	0	0	1	0	2	2	4	3	1	4	2	7	3	2	3	2	0	1
chr10	47511242	47511304	63	10	0	63	45	18	5	0	2	7	1	2	1	1	1	0	1	2	7	5	4	6	3	0	1	2	0	0	0	2	2	0	0	2	0	1	1	2
chr10	47511305	47511356	52	6	0	52	39	13	4	0	1	7	2	1	1	2	1	1	0	1	7	3	4	2	1	0	0	4	0	0	0	1	4	0	0	0	1	1	0	1
chr10	47511357	47511405	49	10	0	49	33	16	4	2	2	4	2	2	3	0	4	0	0	2	2	2	0	4	3	1	1	1	0	0	0	2	0	0	0	0	4	0	0	2
chr10	47511406	47512092	687	6	0	687	422	265	55	14	35	37	28	19	21	23	26	14	31	13	32	22	26	25	23	13	0	33	17	10	1	25	24	14	0	20	27	17	5	35
chr10	47512106	47512287	182	6	0	182	118	64	19	6	8	12	7	3	3	9	4	2	2	4	15	11	7	5	3	7	2	10	6	4	1	5	6	2	2	2	6	3	1	3
chr10	47512288	47512356	69	6	0	69	44	25	8	3	3	3	2	0	4	3	2	1	2	0	5	4	2	1	4	2	0	2	1	1	0	3	3	1	0	2	1	1	0	3
chr10	47512357	47512422	66	10	0	66	45	21	10	2	4	4	2	1	1	0	3	1	1	0	5	2	4	4	0	3	0	3	1	0	1	3	2	0	0	2	1	2	1	1
chr10	47512423	47512526	104	6	0	104	63	41	8	5	6	5	7	1	5	1	5	2	3	2	4	4	2	2	5	4	0	3	3	4	0	2	0	0	1	5	5	1	1	6
chr10	47512543	47512781	239	6	0	239	137	102	16	10	13	4	12	5	8	9	12	3	9	9	3	6	8	9	9	3	0	11	6	9	1	11	7	5	0	6	12	10	1	10
chr10	47512782	47512829	48	10	0	48	31	17	3	3	1	2	4	1	0	4	0	1	1	1	2	1	2	3	4	2	0	0	3	1	0	0	0	1	0	3	2	0	0	1
chr10	47512830	47512883	54	6	0	54	33	21	6	1	2	2	2	0	3	4	0	1	1	3	3	1	0	2	1	2	0	0	0	2	0	3	5	0	0	3	4	1	0	0
chr10	47512884	47512912	29	10	0	29	20	9	5	1	1	1	2	0	2	2	1	1	0	1	1	0	0	0	2	0	0	0	0	0	0	0	3	0	0	1	1	0	0	2
chr10	47512913	47512993	81	6	0	81	57	24	9	3	1	6	3	5	1	7	1	1	0	7	6	2	0	4	9	1	0	1	2	1	0	0	0	0	0	0	5	2	0	2
chr10	47512994	47513091	98	10	0	98	57	41	12	2	2	3	5	1	4	7	1	1	4	6	2	2	0	4	1	3	0	2	7	3	0	2	5	2	1	2	4	4	0	4
chr10	47513092	47513158	67	6	0	67	27	40	0	2	2	1	3	3	4	0	2	0	6	3	0	0	0	0	0	4	0	1	2	0	2	5	5	4	2	3	4	2	2	3
chr10	47513159	47513411	253	10	0	253	125	128	14	8	5	6	8	10	10	12	6	7	9	9	5	5	5	5	11	8	4	7	15	8	7	8	4	13	4	7	11	9	4	7
chr10	47513412	47513535	124	6	0	124	78	46	11	3	3	10	7	3	2	11	9	1	2	3	0	4	4	4	4	4	0	3	7	3	0	1	5	1	0	2	8	2	0	5
chr10	47513536	47513572	37	10	0	37	22	15	3	2	2	2	3	1	0	1	2	2	0	0	1	0	0	3	1	2	0	0	2	0	2	0	1	1	0	0	1	1	0	2
chr10	47513573	47513666	94	6	0	94	60	34	12	5	2	4	7	0	2	4	1	2	1	2	3	2	5	6	4	1	0	4	4	0	0	3	3	5	1	3	3	1	1	1
chr10	47513667	47513705	39	10	0	39	25	14	3	0	0	3	1	2	1	2	1	0	0	1	1	3	1	5	2	2	0	1	2	0	1	1	1	1	0	0	1	1	0	0
chr10	47513706	47513922	217	6	0	217	135	82	18	10	8	11	13	6	5	8	10	2	7	9	7	3	6	10	7	7	0	7	9	4	1	7	3	4	1	4	13	6	0	9
chr10	47513923	47513958	36	8	0	36	24	12	5	3	2	1	1	0	0	2	3	0	0	1	2	0	2	2	1	1	0	1	2	1	0	0	0	0	0	0	0	1	0	3
chr10	47513959	47513975	17	10	0	17	8	9	0	0	1	0	1	1	1	0	0	2	0	0	0	0	2	0	1	0	0	1	1	0	0	0	0	1	0	1	0	0	0	2
chr10	47513976	47514073	98	6	0	98	60	38	9	5	8	3	7	3	3	3	6	3	2	1	3	0	2	1	6	2	0	3	1	0	0	3	6	1	0	3	4	2	0	6
chr10	47514074	47514114	41	10	0	41	22	19	1	1	1	1	1	2	3	0	2	1	3	1	0	2	0	2	4	1	0	2	2	1	0	1	0	0	0	0	0	2	1	4
chr10	47514115	47514212	98	6	0	98	62	36	7	3	1	8	6	0	4	5	3	2	2	4	3	3	3	7	5	1	0	2	5	3	0	2	1	3	0	2	4	3	0	4
chr10	47514213	47514253	41	10	0	41	28	13	2	1	1	2	1	1	1	3	1	1	1	2	1	2	0	7	3	0	0	1	0	0	1	0	0	0	1	1	3	1	0	1
chr10	47514254	47514393	140	6	0	140	93	47	6	4	5	10	2	2	4	10	10	1	4	2	7	2	2	21	1	4	0	4	8	1	0	4	3	2	0	3	6	6	0	4
chr10	47514408	47514842	435	6	0	435	260	175	47	13	16	21	16	12	16	14	13	9	16	9	21	6	11	18	11	11	0	18	15	17	2	18	16	7	1	12	17	17	1	12
chr10	47514843	47514912	70	10	0	70	32	38	2	0	1	3	1	2	4	3	1	0	5	2	2	2	2	2	0	2	1	1	2	0	0	8	3	7	2	2	4	2	1	1
chr10	47514913	47515001	89	6	0	89	64	25	10	5	4	7	4	1	1	4	2	3	1	1	11	1	4	4	5	3	0	1	1	0	0	3	1	1	0	2	3	0	0	4
chr10	47515002	47515052	51	10	0	51	29	22	3	2	3	3	2	1	2	4	4	0	1	0	2	1	0	1	3	0	0	1	3	2	0	1	1	1	0	3	2	3	0	0
chr10	47515053	47515161	109	6	0	109	81	28	12	2	6	11	2	2	2	4	4	0	2	2	13	2	2	13	3	0	0	3	3	0	0	3	2	4	0	2	2	2	0	4
chr10	47515162	47515194	33	10	0	33	26	7	4	1	1	4	2	0	0	2	0	1	1	1	4	1	1	2	1	0	0	2	0	0	0	0	0	0	0	0	2	0	0	1
chr10	47515195	47515252	58	6	0	58	40	18	6	0	0	9	3	1	0	0	1	3	2	2	5	0	2	5	1	2	1	0	2	1	0	3	0	0	0	0	1	3	1	2
chr10	47515266	47515325	60	6	0	60	39	21	6	2	2	3	1	2	3	3	1	3	1	1	5	1	0	3	3	4	0	1	2	1	0	2	1	0	0	1	3	0	0	3
chr10	47515326	47515391	66	10	0	66	43	23	8	3	3	2	3	3	3	2	1	2	2	0	4	3	1	2	6	1	0	3	1	0	0	1	2	0	0	2	2	1	0	3
chr10	47515392	47515471	80	6	0	80	43	37	4	5	5	1	4	2	7	1	5	2	1	0	2	2	2	0	5	1	0	5	3	0	0	3	4	3	1	2	2	1	1	4
chr10	47515472	47515551	80	10	0	80	50	30	15	2	5	2	5	1	2	1	1	2	2	1	3	3	4	0	1	2	0	5	3	2	0	2	3	2	0	3	1	1	0	4
chr10	47515552	47515693	142	6	0	142	89	53	11	7	7	3	4	3	8	4	8	2	6	6	4	3	2	9	7	4	0	5	7	0	0	4	0	2	0	2	5	5	0	12
chr10	47515706	47515999	294	6	0	294	170	124	30	5	17	12	10	7	18	3	17	6	10	11	7	3	6	6	7	4	0	10	12	6	0	17	6	9	0	9	13	16	0	15
chr10	47516001	47516111	111	6	0	111	86	25	26	3	3	9	3	2	3	0	6	2	3	3	5	1	5	10	3	0	0	5	1	1	0	1	0	0	0	0	4	2	0	8
chr10	47516112	47516207	96	10	0	96	62	34	12	2	5	5	2	1	6	2	5	2	1	3	5	4	4	2	3	2	0	4	1	2	0	3	4	1	0	3	3	1	0	6
chr10	47516208	47516328	121	6	0	121	81	40	18	4	7	7	4	0	4	1	7	1	7	4	6	1	5	4	2	2	0	2	1	2	0	3	2	1	0	5	4	2	0	13
chr10	47516329	47516359	31	10	0	31	21	10	3	4	0	1	1	0	2	0	0	0	0	1	4	1	1	2	2	2	0	1	1	0	0	1	1	0	0	0	0	0	0	1
chr10	47516360	47516431	72	6	0	72	45	27	2	4	3	4	5	5	4	1	4	1	1	2	2	1	1	3	7	1	0	3	2	0	0	0	4	1	0	1	3	0	0	5
chr10	47516436	47516567	132	6	0	132	78	54	7	6	3	5	4	4	5	2	6	3	8	6	4	4	8	2	9	3	1	4	2	2	0	9	0	0	0	0	4	7	1	11
chr10	47516568	47516615	48	10	0	48	27	21	3	1	4	0	2	3	2	0	0	2	1	4	3	1	0	0	3	0	2	2	2	2	0	0	1	0	0	1	1	2	0	4
chr10	47516616	47516713	98	6	0	98	53	45	7	4	4	2	5	3	2	3	4	2	2	2	1	0	6	5	4	1	1	3	4	7	0	3	3	4	1	4	3	2	0	4
chr10	47516714	47516740	27	10	0	27	19	8	6	2	1	0	0	2	1	2	1	0	0	1	1	0	0	1	4	0	0	0	0	0	0	1	0	0	0	0	0	1	0	1
chr10	47516741	47516798	58	6	0	58	37	21	7	0	3	3	3	1	1	4	3	0	0	3	1	2	1	4	2	0	0	1	2	3	0	1	3	1	0	1	2	2	0	2
chr10	47516815	47516899	85	6	0	85	55	30	9	1	3	6	2	2	3	5	4	1	2	1	5	1	4	4	2	1	0	2	2	1	0	2	4	2	0	6	4	1	0	3
chr10	47516900	47516924	25	10	0	25	19	6	2	2	0	1	1	0	0	0	0	0	0	3	2	0	2	4	1	0	0	1	1	0	0	0	0	0	0	0	1	1	0	1
chr10	47516925	47517154	230	6	0	230	144	86	16	5	8	15	4	9	13	12	14	4	6	8	10	4	6	9	12	2	0	8	5	1	0	7	10	2	1	5	11	8	0	13
chr10	47517155	47517217	63	10	0	63	38	25	3	1	4	3	2	2	3	0	2	2	0	2	5	2	2	3	2	1	1	3	1	1	1	1	2	1	2	3	2	1	0	3
chr10	47517218	47517267	50	6	0	50	41	9	9	1	3	7	1	0	0	1	3	0	0	1	7	0	2	5	1	0	0	0	0	0	0	1	1	1	0	0	1	0	0	3
chr10	47517271	47517332	62	8	0	62	37	25	19	1	0	1	2	1	4	1	1	2	4	0	0	0	0	0	2	0	0	2	3	1	0	1	2	2	2	2	1	1	2	3
chr10	47517333	47517434	102	10	0	102	43	59	0	2	3	2	3	5	8	2	3	1	6	4	1	1	2	0	1	3	2	3	3	2	2	7	7	6	2	5	6	3	1	4
chr10	47517435	47517522	88	6	0	88	51	37	7	3	1	3	4	1	6	3	2	3	3	4	1	4	3	2	4	4	0	3	2	1	0	5	1	2	0	2	7	1	0	4
chr10	47517523	47517593	71	10	0	71	36	35	3	2	4	1	1	3	4	2	1	1	1	3	5	1	2	0	2	2	2	1	5	1	0	4	3	6	0	3	2	1	0	3
chr10	47517594	47517647	54	6	0	54	38	16	7	1	3	5	1	2	1	1	2	3	0	1	7	0	2	1	2	1	1	2	1	0	0	1	0	0	1	1	2	1	0	2
chr10	47517654	47517948	295	6	0	295	207	88	41	10	15	18	11	7	7	10	11	5	7	9	21	13	9	13	13	8	0	14	10	0	0	5	2	0	0	2	8	7	0	17
chr10	47517949	47517993	45	10	0	45	39	6	12	0	0	10	2	0	0	2	2	1	1	0	5	0	0	2	1	0	0	0	1	0	0	0	0	0	0	0	2	1	0	1
chr10	47517994	47518257	264	6	0	264	194	70	37	8	10	23	5	1	6	17	9	2	6	8	27	9	11	14	9	1	0	10	4	1	0	3	5	4	0	7	11	2	0	12
chr10	47518272	47518367	96	6	0	96	59	37	4	4	3	2	3	5	4	3	2	3	1	5	5	2	7	4	6	4	0	4	3	1	0	3	3	0	0	1	3	2	0	7
chr10	47518368	47518581	214	10	0	214	118	96	20	6	5	8	6	10	10	3	4	5	11	4	8	5	10	1	4	8	5	9	9	3	1	10	7	6	0	9	9	6	2	8
chr10	47518582	47518666	85	6	0	85	49	36	7	3	1	1	2	5	3	1	0	2	5	5	4	3	4	1	5	4	1	3	4	1	0	4	0	1	0	1	3	3	1	5
chr10	47518681	47518732	52	6	0	52	31	21	5	1	1	4	1	2	3	1	0	0	1	2	5	2	1	0	4	1	0	0	3	1	0	3	0	4	0	2	1	1	0	1
chr10	47518733	47518790	58	10	0	58	39	19	11	1	1	4	3	1	1	3	2	2	2	1	1	2	1	2	3	2	0	1	2	0	0	2	0	0	0	2	3	2	0	1
chr10	47518791	47518875	85	6	0	85	44	41	8	1	6	2	4	1	4	3	2	1	3	1	3	1	2	2	2	0	0	2	5	4	0	5	4	7	0	3	1	2	0	4
chr10	47518876	47518906	31	10	0	31	15	16	2	1	3	0	2	1	0	0	1	0	0	0	0	2	2	0	1	2	0	1	1	1	0	4	1	3	0	0	0	1	0	0
chr10	47518907	47519069	163	6	0	163	92	71	7	6	8	5	5	4	4	13	9	3	9	2	5	2	3	6	9	2	0	4	9	6	0	5	3	3	0	6	5	9	0	9
chr10	47519070	47519175	106	10	0	106	59	47	5	0	4	10	3	2	2	9	3	1	2	2	8	3	2	3	0	4	0	2	10	6	0	5	3	5	0	2	2	5	0	1
chr10	47519176	47519279	104	6	0	104	43	61	2	1	4	1	2	5	11	0	3	2	3	3	1	4	1	0	2	6	0	4	8	3	2	6	2	7	2	6	6	3	0	2
chr10	47519304	47519421	118	6	0	118	60	58	4	4	2	5	6	4	5	2	3	1	7	2	2	3	5	4	3	5	0	4	8	4	1	7	3	5	0	4	3	5	1	4
chr10	47519422	47519468	47	10	0	47	23	24	1	1	0	2	2	3	3	2	1	2	4	0	0	0	0	0	2	0	0	4	4	1	0	0	4	2	0	0	2	2	0	3
chr10	47519469	47519611	143	6	0	143	80	63	21	4	10	1	3	7	4	5	6	0	6	3	4	3	0	1	5	6	1	2	5	8	1	8	4	4	0	4	5	4	0	6
chr10	47519612	47519663	52	10	0	52	37	15	9	2	2	5	3	0	2	0	1	0	2	1	4	2	0	2	3	1	0	0	1	0	0	2	0	2	0	2	2	0	0	2
chr10	47519664	47519896	233	6	0	233	149	84	21	12	12	10	13	6	8	5	7	4	5	2	14	9	7	12	12	5	1	14	7	4	1	4	7	5	1	5	6	2	1	9
chr10	47519897	47519961	65	10	0	65	43	22	5	3	1	5	0	0	1	7	1	1	2	2	8	2	2	2	5	0	0	1	0	2	0	4	2	1	0	1	2	3	0	0
chr10	47519962	47520257	296	6	0	296	204	92	34	10	16	22	10	5	5	14	11	3	8	14	26	5	5	14	9	4	0	10	10	4	0	9	2	3	0	5	14	12	0	10
chr10	47520265	47520320	56	6	0	56	42	14	10	3	2	5	5	2	0	2	0	0	0	2	5	2	0	3	6	1	0	0	1	0	0	1	1	1	0	0	1	0	0	1
chr10	47520321	47520372	52	10	0	52	40	12	6	4	2	2	1	2	0	3	2	0	0	2	5	1	2	7	3	0	0	3	0	0	0	1	0	0	0	0	3	1	0	0
chr10	47520373	47520456	84	6	0	84	60	24	13	5	4	4	4	3	1	3	5	1	2	2	4	1	2	5	4	3	0	3	1	0	0	2	0	0	0	0	6	0	0	4
chr10	47520457	47520491	35	10	0	35	24	11	7	2	3	2	2	0	0	1	3	0	1	0	1	0	0	1	2	0	0	0	1	0	1	0	0	1	1	0	0	1	0	3
chr10	47520492	47520552	61	6	0	61	32	29	1	2	2	3	4	2	4	1	3	1	5	2	0	0	0	2	2	1	0	1	4	0	0	2	3	2	0	1	2	3	0	6
chr10	47520553	47520638	86	10	0	86	60	26	12	4	4	5	4	0	0	4	4	0	4	4	5	0	2	7	0	0	1	3	1	0	1	1	4	0	0	2	3	2	2	5
chr10	47520639	47520855	217	6	0	217	131	86	23	3	8	9	7	5	9	12	7	4	8	7	7	5	8	8	7	3	0	7	7	4	0	9	7	7	0	8	12	6	0	8
chr10	47520866	47521280	415	6	0	415	277	138	42	13	19	23	16	10	10	22	14	8	12	13	24	14	14	22	24	4	0	17	12	4	0	9	5	9	0	6	17	8	0	22
chr10	47521288	47521366	79	10	0	79	55	24	4	2	6	5	5	4	1	3	1	0	1	2	6	8	0	6	7	2	0	4	1	0	0	1	2	0	0	2	3	0	0	1
chr10	47521367	47521490	124	6	0	124	87	37	10	2	10	11	5	3	0	5	4	2	4	4	13	4	3	6	4	1	0	6	1	1	0	3	3	1	0	2	5	3	0	6
chr10	47521491	47521536	46	10	0	46	32	14	4	2	3	2	1	0	0	1	2	1	3	0	3	1	4	3	1	1	0	2	1	0	0	1	0	0	0	2	0	1	0	5
chr10	47521537	47521718	182	6	0	182	133	49	26	9	5	20	10	0	4	9	10	0	3	5	14	3	4	9	3	4	0	5	7	1	0	1	6	3	0	1	7	1	0	10
chr10	47521719	47521898	180	10	0	180	85	95	15	5	3	3	7	7	9	2	3	5	16	3	1	2	3	0	4	5	2	7	9	6	4	8	8	6	3	5	5	10	1	11
chr10	47521899	47521977	79	6	0	79	45	34	9	1	2	3	2	2	4	2	2	2	2	0	2	5	6	1	4	0	1	5	3	1	0	1	1	3	3	4	2	1	0	3
chr10	47522040	47522155	116	6	0	116	56	60	6	3	8	2	7	3	5	1	3	2	4	3	3	2	1	2	5	1	1	3	7	9	0	6	2	6	1	6	3	6	0	3
chr10	47522156	47522180	25	10	0	25	13	12	1	2	1	0	2	1	1	0	1	0	1	0	1	1	0	0	3	0	0	1	0	1	1	1	1	1	0	0	0	1	0	1
chr10	47522182	47522229	48	7	0	48	34	14	5	1	2	4	1	1	2	2	0	2	0	1	6	2	1	3	3	1	1	1	0	0	0	1	2	0	0	0	1	0	0	3
chr10	47522230	47522454	225	6	0	225	138	87	25	10	10	10	8	10	8	6	9	7	8	3	13	4	2	3	14	8	3	6	6	6	3	6	2	3	0	3	10	4	0	13
chr10	47522482	47522729	248	6	0	248	154	94	20	8	16	14	8	5	9	4	15	2	5	6	15	6	9	10	6	8	1	7	9	4	1	13	4	5	0	7	7	10	0	12
chr10	47522742	47522962	221	6	0	221	137	84	21	9	11	7	11	4	9	3	10	3	13	5	7	4	5	13	10	3	0	7	8	4	0	7	3	3	0	8	6	9	0	16
chr10	47522986	47523164	179	6	0	179	92	87	7	4	7	9	6	3	9	7	9	5	11	3	5	0	1	5	1	4	0	7	11	11	1	5	5	6	1	6	8	7	4	9
chr10	47523166	47523223	58	6	0	58	25	33	4	1	4	0	2	1	4	0	4	0	2	0	0	1	1	0	2	0	0	1	3	4	2	2	1	4	0	7	0	3	2	1
chr10	47523302	47523329	28	6	0	28	11	17	0	1	1	0	0	1	1	1	2	1	1	1	0	0	0	0	0	3	1	0	0	1	2	2	1	1	0	0	2	1	1	1
chr10	47523330	47524162	833	6	0	833	325	508	9	14	19	10	18	45	62	22	18	22	40	8	7	7	16	6	34	29	5	20	39	61	21	53	45	58	14	41	30	26	8	24
chr10	47524191	47524465	275	6	0	275	156	119	16	13	9	10	16	9	10	6	7	8	13	5	9	4	10	9	14	8	1	12	10	7	1	13	6	5	1	8	11	11	1	10
chr10	47524470	47524549	80	6	0	80	41	39	6	2	6	2	2	0	4	3	7	1	4	0	1	1	1	1	0	1	0	3	4	4	1	4	2	1	1	4	3	6	0	3
chr10	47524550	47524580	31	10	0	31	23	8	6	1	3	1	1	1	0	0	2	0	0	0	3	1	2	0	1	0	0	2	0	0	0	1	1	1	0	0	0	0	0	2
chr10	47524581	47524755	175	6	0	175	105	70	11	5	5	8	6	8	8	10	5	4	7	6	7	6	3	6	13	2	0	8	5	3	0	3	4	4	0	4	8	2	4	8
chr10	47524779	47524937	159	6	0	159	92	67	11	4	8	7	5	5	8	5	6	4	2	5	8	3	4	7	4	6	0	6	6	9	0	7	4	2	0	4	9	3	0	5
chr10	47524938	47524983	46	10	0	46	24	22	2	2	2	2	1	1	3	2	2	1	3	0	2	0	0	0	1	0	0	3	2	2	0	3	0	3	0	1	4	2	0	0
chr10	47524984	47525271	288	6	0	288	149	139	13	8	9	7	10	12	15	12	7	7	11	8	7	9	9	3	15	10	1	12	14	9	3	14	7	11	1	9	13	10	1	9
chr10	47525272	47525412	141	10	0	141	63	78	1	3	3	2	4	5	13	5	3	3	11	5	1	2	1	0	4	0	1	7	8	2	0	9	11	8	0	5	5	9	1	7
chr10	47525413	47525488	76	6	0	76	47	29	6	5	3	1	3	1	3	4	2	1	3	4	3	1	1	5	4	1	0	3	0	3	0	3	2	1	0	1	5	2	0	3
chr10	47525489	47525561	73	10	0	73	37	36	0	0	0	5	1	3	0	5	1	1	3	8	3	0	2	3	3	1	0	0	2	9	1	5	0	2	0	0	5	5	3	0
chr10	47525562	47525638	77	6	0	77	45	32	6	1	5	3	5	1	1	6	3	3	0	2	1	3	2	2	3	3	0	2	6	4	0	1	1	1	0	2	3	3	0	2
chr10	47525639	47525802	164	6	0	164	117	47	13	6	6	19	11	3	4	4	9	2	3	4	11	3	5	12	8	2	1	3	2	1	0	2	4	2	0	4	8	0	1	9
chr10	47525803	47525855	53	6	0	53	34	19	18	3	1	0	3	0	2	0	2	1	2	0	0	0	0	0	1	0	2	1	2	1	1	1	1	2	0	1	1	2	1	2
chr10	47525856	47525908	53	8	0	53	19	34	0	1	2	1	4	2	2	1	0	0	4	2	0	0	0	0	0	1	1	1	2	2	3	2	4	4	3	3	3	2	0	1
chr10	47525909	47525965	57	10	0	57	22	35	0	0	0	2	1	1	4	4	1	1	4	1	0	1	1	0	0	1	1	1	2	3	1	4	6	4	1	3	2	3	1	1
chr10	47525966	47526019	54	9	0	54	32	22	6	2	0	3	2	0	1	2	1	1	2	2	2	2	3	1	2	1	1	1	2	3	1	1	0	2	0	2	2	1	0	3
chr10	47526020	47526051	32	10	0	32	14	18	1	0	1	0	1	1	2	0	0	1	2	0	0	1	3	0	1	0	0	2	1	1	0	4	1	1	0	2	1	3	0	0
chr10	47526052	47526120	69	6	0	69	51	18	22	0	2	5	0	1	2	2	2	0	1	2	4	2	0	4	0	0	2	1	3	1	0	0	1	3	0	2	1	0	2	2
chr10	47526121	47526153	33	10	0	33	17	16	2	1	0	0	2	1	3	0	0	2	4	0	0	0	0	0	2	1	0	2	1	1	0	1	1	1	0	0	2	0	0	4
chr10	47526154	47526455	302	6	0	302	153	149	17	10	8	11	16	14	12	11	7	2	15	13	6	4	5	1	9	10	1	9	17	14	1	16	12	10	2	10	15	14	2	6
chr10	47526456	47527428	973	6	0	973	587	386	79	24	46	50	31	32	39	39	47	23	36	14	42	25	23	36	38	26	3	37	36	20	2	35	25	17	2	24	41	30	1	48
chr10	47527471	47527654	184	6	0	184	106	78	8	5	7	9	9	5	8	8	6	2	5	5	5	5	10	8	8	2	0	7	5	2	0	9	10	7	0	9	6	5	2	5
chr10	47527670	47528019	350	6	0	350	201	149	27	8	24	11	15	12	10	9	19	6	15	9	9	8	10	9	15	5	2	12	10	10	2	15	9	8	2	9	12	14	0	22
chr10	47528044	47528082	39	8	0	39	27	12	7	1	3	2	1	1	1	1	2	0	0	4	3	0	0	1	1	1	0	0	0	1	0	1	0	0	0	0	2	1	0	3
chr10	47528084	47528257	174	6	0	174	87	87	16	3	1	5	4	6	13	6	2	4	11	4	3	3	3	1	4	5	2	5	9	4	2	9	10	8	0	8	6	7	2	6
chr10	47528270	47528324	55	6	0	55	25	30	1	3	2	0	2	2	1	2	2	2	2	4	1	0	1	0	1	2	3	1	3	2	1	1	0	2	1	1	3	3	1	3
chr10	47528386	47529041	656	6	0	656	455	201	92	22	31	46	27	13	15	20	32	12	11	18	40	18	22	34	26	12	1	26	12	9	2	18	11	2	1	8	26	18	2	27
chr10	47529075	47529137	63	6	0	63	42	21	5	3	3	4	3	1	0	4	3	0	1	3	3	0	4	3	3	0	0	1	3	1	0	1	2	1	0	1	0	3	0	5
chr10	47529180	47529437	258	6	0	258	179	79	37	10	14	14	13	5	4	16	11	4	6	9	14	7	2	11	12	6	0	9	5	4	0	5	4	1	0	3	17	3	0	10
chr10	47529487	47529543	57	6	0	57	36	21	1	1	4	3	2	0	1	3	3	3	2	3	3	1	3	3	2	0	0	2	2	0	0	1	1	0	0	1	1	3	0	6
chr10	47529544	47529664	121	6	0	121	74	47	4	1	3	9	6	7	7	7	4	4	3	4	3	3	2	6	10	3	0	3	2	0	0	3	4	2	0	4	11	0	0	4
chr10	47529707	47529835	129	6	0	129	61	68	3	3	7	1	5	3	10	3	3	5	9	4	2	2	0	0	4	6	0	3	10	3	0	8	3	4	0	5	4	8	0	9
chr10	47529862	47530084	223	6	0	223	128	95	8	9	7	6	6	7	12	11	9	7	9	11	8	2	4	10	7	5	2	11	9	10	0	5	5	2	0	3	16	7	0	13
chr10	47530169	47530300	132	6	0	132	74	58	8	6	4	5	5	7	9	4	7	4	2	4	2	1	3	1	6	6	0	6	6	3	0	6	5	1	0	2	8	5	0	4
chr10	47530324	47530497	174	6	0	174	86	88	7	4	8	5	2	6	10	3	7	4	11	5	8	3	1	1	4	5	1	7	10	5	2	9	1	7	5	5	6	9	2	9
chr10	47530617	47530705	89	6	0	89	42	47	11	1	1	0	3	6	7	0	0	3	9	0	0	0	0	0	3	2	0	5	4	3	1	4	5	4	0	3	4	3	0	5
chr10	47530706	47530734	29	10	0	29	21	8	7	2	1	1	1	1	0	1	2	0	2	1	1	0	0	1	3	0	0	0	0	0	0	0	0	0	0	0	0	0	0	3
chr10	47530735	47530827	93	6	0	93	57	36	7	1	4	5	6	6	1	1	1	2	2	5	3	4	4	3	7	3	0	3	4	3	0	3	1	0	0	1	2	4	0	5
chr10	47530866	47530996	131	6	0	131	81	50	14	2	5	7	7	6	4	5	4	3	6	7	3	2	0	5	4	4	0	4	5	1	1	3	2	2	0	2	11	3	1	6
chr10	47530997	47531235	239	6	0	239	156	83	25	8	7	17	10	6	5	15	15	1	7	10	6	1	5	16	8	6	0	2	10	6	0	6	6	5	0	1	13	5	0	15
chr10	47531236	47531271	36	6	0	36	19	17	4	0	2	0	0	0	2	3	2	1	2	1	0	2	0	0	1	1	0	1	0	2	0	2	1	1	0	0	3	0	0	3
chr10	47531293	47531565	273	6	0	273	137	136	10	6	8	8	9	16	16	8	5	4	13	9	8	4	9	3	7	9	3	11	16	8	1	11	15	10	0	13	12	9	0	10
chr10	47531612	47531707	96	6	0	96	57	39	9	3	3	6	3	5	4	2	2	1	5	0	7	1	0	4	2	3	1	4	4	0	1	6	3	5	0	2	5	3	0	0
chr10	47531714	47532314	601	6	0	601	332	269	36	22	21	23	20	18	31	16	25	8	28	8	20	11	18	25	14	18	2	25	32	18	3	22	22	18	2	24	18	21	3	27
chr10	47532315	47532451	137	6	0	137	67	70	1	5	2	4	5	4	7	10	4	2	4	10	2	1	5	0	6	2	0	4	8	3	1	6	7	7	3	2	5	6	2	7
chr10	47532485	47532535	51	6	0	51	26	25	0	2	2	0	3	15	0	1	1	0	0	1	0	0	0	0	16	0	0	1	1	2	0	0	1	0	0	1	2	0	0	0
chr10	47532556	47532783	228	6	0	228	118	110	10	5	10	5	7	6	16	5	11	5	7	10	3	5	8	4	8	6	0	6	6	13	0	13	9	5	1	9	11	8	1	13
chr10	47532828	47533129	302	6	0	302	162	140	13	8	8	12	7	13	22	8	14	6	10	9	7	9	9	7	16	6	0	13	16	8	0	13	8	13	1	6	10	10	1	17
chr10	47533169	47533186	18	6	0	18	11	7	1	1	1	0	1	2	0	1	0	0	0	1	1	1	0	0	3	0	0	1	1	0	0	0	0	0	0	0	0	1	0	0
chr10	47533187	47533221	35	6	0	35	18	17	0	0	0	0	0	16	0	0	0	0	0	0	0	0	0	0	17	0	0	0	0	0	0	0	0	0	0	0	0	0	0	0
chr10	47533226	47533472	247	6	0	247	114	133	14	4	6	4	3	13	20	6	8	8	10	10	3	0	3	2	8	11	0	5	18	15	1	15	4	10	1	7	12	12	0	12
chr10	47533513	47533648	136	6	0	136	64	72	3	4	7	0	2	8	10	2	6	3	4	2	4	2	4	2	4	6	0	7	5	10	0	10	5	5	0	4	7	4	0	4
chr10	47533656	47534261	606	6	0	606	287	319	17	12	25	8	21	27	38	34	20	15	23	18	4	8	12	4	26	18	2	16	42	32	0	22	23	28	0	33	28	18	2	28
chr10	47534289	47534510	222	6	0	222	120	102	14	9	7	6	7	7	10	13	12	5	11	5	3	0	5	6	4	7	1	9	14	3	2	6	7	6	2	7	12	9	1	10
chr10	47534559	47534624	66	6	0	66	54	12	20	1	3	5	2	0	0	0	3	0	1	1	5	2	2	7	1	1	0	1	1	0	0	3	0	0	0	0	0	3	0	2
chr10	47534653	47534754	102	6	0	102	57	45	19	3	1	2	6	4	4	1	0	2	7	2	1	0	2	1	2	3	1	3	5	2	1	3	6	3	1	4	3	3	1	4
chr10	47534817	47534949	133	6	0	133	66	67	12	3	1	4	4	6	6	4	1	3	7	5	3	3	3	1	4	6	1	4	9	4	3	5	2	6	1	4	5	6	1	4
chr10	47535016	47535119	104	6	0	104	41	63	0	1	1	1	0	3	7	3	2	2	8	5	1	2	4	1	0	3	0	5	5	4	6	4	4	5	2	6	4	7	2	4
chr10	47535142	47535186	45	6	0	45	26	19	6	2	0	1	2	1	2	2	1	1	1	0	1	2	2	1	3	2	0	1	3	1	0	2	0	3	0	0	1	0	0	2
chr10	47535187	47535270	84	6	0	84	34	50	2	3	1	1	3	5	3	0	1	2	7	3	1	1	0	0	3	5	0	3	5	5	4	5	0	3	2	1	4	6	1	2
chr10	47535444	47535565	122	6	0	122	85	37	15	4	5	9	5	1	4	6	9	0	3	1	4	4	3	11	2	0	0	7	3	0	0	2	4	1	0	4	7	4	0	2
chr10	47535567	47535644	78	6	0	78	64	14	21	1	1	8	3	2	0	3	0	2	0	0	6	3	3	9	6	1	0	1	1	1	0	0	1	0	0	1	0	0	0	2
chr10	47535705	47535847	143	6	0	143	84	59	6	2	4	6	3	4	4	15	6	4	2	6	4	6	4	6	8	6	1	1	5	5	1	6	4	2	0	2	9	4	0	5
chr10	47535902	47535951	50	6	0	50	25	25	0	1	2	2	0	0	2	2	0	2	4	1	5	1	2	0	0	1	1	2	1	3	1	4	1	2	0	1	2	3	0	2
chr10	47536063	47536163	101	6	0	101	57	44	4	3	6	3	4	3	7	2	4	2	3	2	4	3	3	3	5	3	0	3	2	0	0	6	6	2	0	5	3	3	0	5
chr10	47536171	47536565	395	6	0	395	217	178	21	5	16	11	8	17	12	22	13	10	18	10	11	8	15	19	17	7	2	14	21	13	2	14	10	14	1	11	11	17	1	22
chr10	47536592	47536626	35	7	0	35	23	12	0	2	0	0	1	5	0	1	0	0	0	1	1	1	2	8	5	2	0	1	2	0	0	0	0	0	0	0	0	0	0	1
chr10	47536630	47536728	99	6	0	99	51	48	3	3	2	3	1	6	7	4	2	2	2	2	5	3	5	1	7	2	1	4	4	3	0	4	3	3	1	6	4	2	0	2
chr10	47536741	47536803	63	6	0	63	35	28	8	4	1	1	4	3	4	1	1	0	2	2	2	0	0	0	5	0	0	2	3	2	0	3	1	5	0	2	3	1	0	1
chr10	47536818	47537606	789	6	0	789	518	271	64	27	30	51	27	16	27	37	33	12	22	22	49	25	20	54	43	12	2	23	22	11	0	25	12	13	1	18	31	22	3	33
chr10	47537620	47537771	152	6	0	152	91	61	15	7	7	3	7	5	9	5	4	3	2	4	5	7	1	5	14	3	1	4	5	3	0	6	4	3	0	5	3	5	1	4
chr10	47537844	47538047	204	6	0	204	142	62	21	3	10	17	7	4	5	12	12	5	5	6	11	4	4	15	8	4	0	4	2	1	0	6	5	0	0	2	13	4	0	12
chr10	47538069	47538136	68	6	0	68	28	40	2	1	1	2	1	4	4	2	2	0	2	1	1	2	2	1	1	3	1	1	5	3	1	6	2	8	0	2	3	2	0	0
chr10	47538180	47538273	94	6	0	94	47	47	7	1	0	3	1	4	7	0	2	2	5	3	1	5	4	2	3	2	3	4	3	3	1	6	2	4	0	4	4	4	0	2
chr10	47538317	47538366	50	6	0	50	28	22	7	0	1	0	2	2	4	1	0	3	4	1	0	1	1	0	1	1	0	4	3	0	0	0	3	0	0	1	2	2	0	4
chr10	47538371	47538504	134	6	0	134	78	56	9	4	7	4	6	11	4	9	7	0	3	5	1	0	3	4	11	0	0	4	1	2	1	3	10	3	1	4	8	2	0	5
chr10	47538539	47538651	113	6	0	113	55	58	1	4	1	2	3	4	7	4	3	0	8	4	1	2	6	3	1	3	0	6	5	2	0	10	3	6	0	7	9	6	0	0
chr10	47538698	47539412	715	6	0	715	438	277	50	25	31	41	37	21	29	25	29	18	28	20	31	19	12	22	43	16	3	21	21	7	2	23	15	12	1	16	33	19	4	39
chr10	47539447	47539830	384	6	0	384	242	142	32	8	13	22	19	15	20	18	10	5	9	17	14	19	6	15	27	5	0	15	10	3	0	7	14	6	0	12	20	7	0	14
chr10	47539868	47539928	61	6	0	61	45	16	10	1	3	6	4	1	0	4	3	0	1	1	2	3	2	3	3	0	0	2	1	0	0	0	2	1	0	1	2	0	0	3
chr10	47539929	47539958	30	10	0	30	23	7	7	0	1	3	0	0	1	2	2	0	0	1	2	1	0	2	1	0	0	0	0	0	0	0	2	0	0	0	0	0	2	1
chr10	47539959	47540025	67	6	0	67	48	19	2	3	4	4	2	0	1	1	4	0	2	5	6	2	4	6	1	2	0	2	3	0	0	0	0	0	0	0	0	1	0	10
chr10	47540028	47540267	240	6	0	240	160	80	28	5	9	19	13	2	8	7	13	5	5	11	7	4	6	17	6	3	3	4	8	0	0	5	5	3	2	6	11	7	3	13
chr10	47540269	47540433	165	6	0	165	108	57	14	9	11	8	3	4	3	8	11	2	4	5	12	1	4	7	7	4	1	4	2	3	2	6	2	1	1	2	7	5	0	10
chr10	47540434	47540525	92	6	0	92	69	23	22	2	5	8	2	0	2	0	5	0	1	4	8	0	6	2	0	1	0	1	1	2	0	2	1	0	0	5	2	2	0	6
chr10	47540528	47540928	401	10	0	401	220	181	24	11	19	14	10	7	24	19	19	12	15	14	15	4	6	7	15	4	2	13	14	10	4	17	12	14	3	11	19	17	2	22
chr10	47540931	47541327	397	6	0	397	216	181	24	12	14	11	12	15	16	10	11	6	18	12	13	7	17	17	12	6	3	19	16	11	4	19	12	15	1	16	13	18	4	11
chr10	47541334	47541507	174	6	0	174	131	43	32	8	5	12	9	2	4	5	6	2	3	4	9	8	6	15	14	3	0	3	2	0	0	3	0	0	0	2	3	2	0	10
chr10	47541554	47541606	53	6	0	53	34	19	2	2	0	3	2	3	2	2	0	1	0	0	3	5	3	5	5	2	0	3	1	0	0	2	3	1	0	0	1	0	0	0
chr10	47541667	47541975	309	6	0	309	185	124	30	11	12	13	14	10	11	14	13	6	8	6	9	6	7	13	15	8	1	9	17	5	1	9	8	10	1	7	10	9	1	13
chr10	47541977	47543173	1197	6	0	1197	720	477	111	32	59	54	46	46	48	36	49	25	42	31	51	20	22	47	51	30	8	33	48	21	3	37	31	24	5	38	46	34	4	63
chr10	47543214	47543469	256	6	0	256	134	122	16	9	17	3	11	7	12	6	8	8	5	5	10	7	7	2	11	9	1	10	13	12	1	12	5	11	0	10	8	7	2	9
chr10	47543611	47543894	284	6	0	284	163	121	18	9	11	10	10	14	9	16	15	8	8	10	5	2	9	8	16	6	2	9	9	4	3	11	9	4	0	5	15	14	1	12
chr10	47543952	47544076	125	6	0	125	63	62	8	1	8	4	4	7	9	0	9	0	5	3	0	3	0	1	6	3	0	2	6	4	0	8	5	5	0	6	4	6	0	6
chr10	47544162	47544350	189	6	0	189	123	66	21	3	10	13	8	5	3	8	8	2	4	6	10	3	9	9	5	1	0	7	5	5	0	6	7	3	0	6	7	7	0	6
chr10	47544389	47544732	344	6	0	344	205	139	28	12	18	22	16	6	18	8	17	6	10	6	19	3	6	10	10	7	1	9	16	3	2	14	14	12	0	10	8	12	1	18
chr10	47544741	47545036	296	6	0	296	145	151	7	7	9	8	7	13	18	7	12	8	20	3	5	9	4	6	14	11	2	10	15	10	4	18	9	10	0	3	7	16	2	20
chr10	47545074	47545201	128	6	0	128	61	67	6	4	1	2	7	9	8	1	1	3	15	1	0	0	1	0	5	3	2	6	6	4	0	5	6	3	0	7	8	5	0	7
chr10	47545219	47545351	133	6	0	133	63	70	8	2	3	4	6	6	7	3	1	3	8	3	2	2	2	2	3	4	0	6	8	5	1	8	7	9	0	3	5	4	3	3
chr10	47545408	47546191	784	6	0	784	469	315	56	30	36	37	28	23	33	28	37	16	16	18	38	19	26	27	37	23	3	25	35	15	2	24	18	22	2	20	22	17	7	42
chr10	47546231	47546283	53	6	0	53	37	16	6	3	2	3	4	0	1	2	2	0	1	0	3	4	1	3	4	1	0	2	2	1	0	1	1	0	0	1	0	2	0	1
chr10	47546284	47546396	113	6	0	113	83	30	12	3	5	10	4	0	4	3	6	2	2	3	9	3	5	10	1	3	0	4	3	0	0	0	2	0	0	4	5	0	0	8
chr10	47546408	47546465	58	6	0	58	31	27	11	1	1	0	2	2	5	0	0	2	5	0	0	0	0	0	2	0	0	3	3	1	0	1	3	3	1	3	1	1	1	4
chr10	47546466	47546547	82	6	0	82	31	51	0	0	2	2	1	0	6	3	3	1	6	3	0	2	2	0	1	0	0	2	2	5	4	4	3	6	3	7	4	4	1	3
chr10	47546548	47546569	22	6	0	22	7	15	0	0	0	0	0	4	0	0	0	0	0	0	0	0	2	0	1	4	0	0	3	2	2	0	0	1	0	1	0	0	0	0
chr10	47546571	47546597	27	6	0	27	21	6	10	0	0	1	1	0	0	0	0	1	1	0	1	2	2	1	1	0	1	1	0	0	0	0	0	0	0	0	0	0	0	2
chr10	47546598	47546786	189	6	0	189	103	86	14	4	7	12	6	9	11	2	8	4	4	8	9	2	0	2	5	7	2	5	9	4	3	8	6	8	2	2	8	6	3	7
chr10	47546806	47546879	74	6	0	74	51	23	10	5	2	4	2	1	1	5	4	0	0	4	5	0	3	3	4	0	0	2	4	1	0	2	1	1	0	0	1	5	0	2
chr10	47546881	47547315	435	6	0	435	230	205	17	10	16	14	19	23	30	9	9	8	16	10	12	12	8	15	24	11	5	13	23	10	0	15	22	11	1	26	12	16	0	16
chr10	47547316	47547342	27	8	0	27	20	7	3	0	2	1	1	1	0	2	2	0	0	1	1	1	0	4	1	1	0	0	0	0	0	1	0	0	0	0	2	0	0	1
chr10	47547343	47547915	573	6	0	573	373	200	42	18	18	33	17	20	16	28	17	7	15	16	36	23	16	49	40	14	3	11	9	13	3	20	16	3	2	11	16	15	0	24
chr10	47547953	47548006	54	6	0	54	43	11	11	2	3	5	2	0	0	2	3	1	1	0	6	1	3	1	2	0	0	2	0	0	0	0	1	0	0	1	1	0	0	4
chr10	47548048	47548223	176	6	0	176	129	47	22	5	7	16	6	3	3	7	5	2	2	2	18	11	10	9	12	0	0	9	2	0	0	4	2	3	0	3	3	3	0	5
chr10	47548305	47548520	216	6	0	216	112	104	19	6	3	8	8	7	10	6	5	5	13	5	5	4	6	1	5	9	3	5	8	6	3	11	11	8	3	4	7	5	3	12
chr10	47548712	47548904	193	6	0	193	122	71	6	7	12	9	5	5	5	9	10	2	5	7	12	8	8	10	6	7	0	9	4	4	0	9	3	2	0	3	11	4	0	9
chr10	47548961	47549011	51	6	0	51	38	13	2	0	3	2	2	0	0	5	2	0	0	1	1	6	1	12	3	1	0	2	2	0	0	0	0	0	0	0	1	1	0	2
chr10	47549018	47549906	889	6	0	889	565	324	81	23	26	64	27	28	36	42	30	11	20	39	55	21	21	39	36	22	4	21	30	18	1	29	22	15	3	22	45	23	2	31
chr10	47549907	47549957	51	7	0	51	30	21	7	1	0	3	1	1	2	4	1	0	1	2	2	1	1	1	3	0	0	0	4	4	0	1	0	3	0	1	1	2	0	2
chr10	47549958	47550010	53	6	0	53	35	18	14	0	2	2	0	2	1	3	2	0	1	0	1	2	2	1	1	1	0	2	3	0	0	2	2	3	0	1	1	1	0	1
chr10	47550011	47550024	14	7	0	14	6	8	0	0	1	0	0	0	0	0	0	0	1	0	1	1	2	0	0	1	0	0	0	0	0	2	0	1	0	1	0	1	0	0
chr10	47550025	47550050	26	6	0	26	11	15	0	1	1	1	3	0	1	0	0	0	3	1	0	0	0	0	0	1	0	0	1	1	0	3	1	1	0	2	1	2	0	0
chr10	47550051	47550625	575	6	0	575	328	247	35	18	28	16	21	24	25	29	20	12	19	14	21	12	8	25	31	11	6	17	24	6	0	22	24	16	7	17	20	19	1	25
chr10	47550648	47551103	456	6	0	456	295	161	43	14	21	23	19	13	11	9	14	10	15	15	25	17	13	33	13	11	3	26	12	5	6	11	5	8	1	4	21	10	4	19
chr10	47551104	47551120	17	7	0	17	10	7	1	0	1	1	0	0	2	0	0	1	0	1	2	0	0	0	0	1	0	1	0	0	0	1	1	0	0	0	1	0	0	1
chr10	47551121	47551200	80	6	0	80	55	25	14	3	2	2	1	2	4	3	0	0	4	3	7	2	1	6	1	2	0	4	1	0	0	3	4	1	0	1	4	0	0	3
chr10	47551245	47551545	301	6	0	301	205	96	29	13	18	18	13	5	7	8	14	3	6	7	22	12	9	21	13	4	2	13	6	3	0	9	5	3	0	6	9	9	0	12
chr10	47551596	47551933	338	6	0	338	190	148	28	7	16	9	8	15	17	14	15	11	11	10	9	3	13	3	15	7	3	11	17	2	1	9	14	6	0	14	8	15	2	23
chr10	47551934	47552184	251	6	0	251	164	87	18	14	13	16	8	2	6	13	13	1	7	4	21	10	7	9	10	10	0	7	7	8	0	10	5	1	0	4	7	6	0	12
chr10	47552189	47552547	359	6	0	359	239	120	33	14	12	24	6	7	14	16	18	8	6	7	26	16	17	13	14	8	3	20	13	0	0	6	3	4	1	8	14	7	4	15
chr10	47552548	47552608	61	7	0	61	40	21	6	1	0	2	2	2	3	4	1	1	2	4	1	1	2	6	3	1	0	1	2	0	0	1	2	1	0	1	4	1	0	4
chr10	47552609	47552759	151	6	0	151	82	69	12	1	4	9	5	4	11	3	6	4	4	6	3	4	1	4	4	5	0	5	8	8	2	4	3	4	1	4	8	4	1	7
chr10	47552760	47552805	46	7	0	46	32	14	3	2	1	6	0	0	2	3	4	1	0	0	5	1	0	2	1	2	1	1	1	0	1	2	0	0	0	0	3	2	0	0
chr10	47552806	47552870	65	6	0	65	37	28	3	1	0	2	2	4	4	4	1	3	0	3	0	0	5	5	5	1	0	1	4	0	0	0	2	2	0	4	2	1	0	4
chr10	47552871	47552914	44	7	0	44	24	20	2	1	2	2	2	1	1	2	2	0	1	2	1	1	2	2	0	0	1	2	2	0	1	2	4	1	0	0	0	3	0	2
chr10	47552915	47552964	50	6	0	50	23	27	0	0	2	1	2	3	4	1	1	1	3	0	0	2	2	0	2	1	0	3	1	1	0	2	6	1	0	4	2	1	0	2
chr10	47552965	47553000	36	7	0	36	16	20	1	1	1	0	0	5	2	0	2	1	3	0	0	0	0	0	6	0	1	0	0	0	1	1	0	1	1	2	1	1	1	2
chr10	47553001	47553318	318	6	0	318	158	160	14	10	12	8	9	10	14	3	15	13	14	5	5	4	7	14	9	8	8	12	10	16	10	11	7	9	3	9	10	15	7	15
chr10	47553319	47553424	106	7	0	106	38	68	2	0	3	1	1	3	2	5	3	4	7	4	0	0	0	2	1	4	1	1	2	8	8	6	7	3	6	2	2	8	5	3
chr10	47553425	47553452	28	8	0	28	7	21	0	1	0	0	1	2	1	0	0	1	1	0	0	0	0	0	0	2	1	0	3	3	2	0	1	3	1	1	0	1	0	1
chr10	47553453	47553475	23	7	0	23	5	18	0	0	0	0	0	1	1	0	0	0	0	0	0	1	1	0	0	2	0	0	2	3	2	1	1	3	2	1	0	0	0	0
chr10	47553476	47553558	83	6	0	83	32	51	2	4	2	2	2	3	2	0	4	4	4	0	1	0	1	0	3	4	1	3	1	1	8	5	1	3	7	1	2	6	4	0
chr10	47553559	47553603	45	7	0	45	24	21	10	1	3	0	1	0	2	1	2	2	0	1	0	0	0	0	1	1	0	1	1	1	2	3	1	3	2	0	1	2	0	1
chr10	47553604	47554100	497	6	0	497	183	314	9	7	14	8	14	16	30	6	12	14	25	12	3	4	5	4	9	10	10	11	25	31	24	25	21	36	24	23	10	28	10	15
chr10	47554101	47554112	12	7	0	12	9	3	3	0	0	0	1	0	0	0	0	0	2	1	0	0	0	0	0	0	0	0	0	0	0	0	0	0	0	0	1	0	0	2
chr10	47554113	47554175	63	7	0	63	47	16	12	0	1	9	0	1	2	0	0	1	0	0	10	0	0	10	0	0	2	0	2	1	0	1	1	3	2	2	0	0	1	0
chr10	47554185	47554894	710	6	0	710	333	377	26	9	31	13	20	22	42	17	22	20	31	18	11	14	22	14	21	18	4	22	29	41	8	46	28	31	7	30	23	33	7	28
chr10	47554895	47554910	16	7	0	16	9	7	1	0	0	2	0	0	0	0	0	0	0	1	2	1	0	1	0	1	0	0	0	1	2	0	0	1	0	0	0	0	0	1
chr10	47554911	47555214	304	6	0	304	140	164	7	5	11	3	9	11	20	8	7	13	19	5	3	4	9	4	8	15	0	10	17	12	1	23	11	9	2	12	12	17	1	14
chr10	47555215	47555238	24	7	0	24	14	10	0	1	1	0	0	1	1	0	1	1	3	0	1	1	1	1	1	1	0	2	0	0	0	0	0	0	0	0	1	0	0	4
chr10	47555239	47556083	845	6	0	845	476	369	47	32	29	28	25	23	47	26	42	18	38	20	23	21	34	22	32	19	1	42	30	18	4	39	27	15	1	22	32	39	2	45
chr10	47556084	47556098	15	7	0	15	7	8	0	0	0	0	0	1	1	1	0	0	0	1	0	1	0	1	0	2	0	0	2	1	0	1	0	0	0	0	1	0	0	0
chr10	47556099	47556343	245	6	0	245	141	104	18	4	12	10	4	4	11	10	9	5	11	10	13	7	6	6	8	5	0	8	7	8	0	18	8	5	1	0	6	14	1	14
chr10	47556344	47556354	11	7	0	11	7	4	1	0	2	0	1	0	0	0	1	0	0	0	0	0	0	0	0	0	0	0	0	0	0	1	0	1	0	1	1	0	0	0
chr10	47556355	47556408	54	6	0	54	40	14	7	4	5	1	3	0	1	0	1	1	0	2	7	2	1	3	2	0	0	5	1	1	0	1	0	0	0	0	1	2	0	1
chr10	47556409	47556442	34	7	0	34	23	11	4	2	0	3	0	0	0	3	2	0	0	1	3	0	2	3	0	0	0	1	1	0	0	0	1	1	1	1	1	1	1	0
chr10	47556443	47556655	213	6	0	213	145	68	20	9	12	11	7	3	7	10	8	0	1	12	17	8	3	16	9	4	0	6	7	4	0	6	6	1	0	3	5	8	0	8
chr10	47556656	47556707	52	7	0	52	27	25	0	0	5	0	2	3	2	0	2	4	2	0	1	2	2	1	2	2	0	5	2	3	0	1	0	0	0	1	3	1	0	4
chr10	47556708	47556993	286	6	0	286	220	66	54	4	13	30	12	1	8	10	13	4	0	7	22	12	7	21	13	2	0	6	3	1	0	3	5	1	0	8	10	3	0	11
chr10	47556994	47557003	10	7	0	10	8	2	3	0	1	1	0	0	0	0	2	0	0	0	0	0	0	0	0	0	0	0	0	0	0	0	0	0	0	0	0	0	0	1
chr10	47557004	47557714	711	6	0	711	413	298	58	18	22	35	18	25	37	23	25	10	34	16	34	19	15	22	21	20	6	25	27	19	2	25	22	17	4	25	33	17	2	33
chr10	47557715	47557778	64	7	0	64	50	14	10	4	1	9	3	0	1	4	2	0	0	2	9	1	0	3	2	2	0	1	3	0	0	1	0	0	0	0	3	1	0	0
chr10	47557779	47557924	146	6	0	146	96	50	27	5	9	6	7	6	5	2	8	3	4	2	4	1	5	0	6	2	0	7	3	0	0	3	1	1	0	10	10	3	0	4
chr10	47557925	47557945	21	7	0	21	13	8	1	2	2	0	1	0	0	0	1	0	0	0	2	1	3	0	0	0	0	2	0	0	0	0	1	0	0	3	0	0	0	0
chr10	47557946	47558170	225	6	0	225	150	75	18	11	8	13	6	6	12	9	11	2	4	8	15	4	9	12	9	3	0	11	5	0	0	3	12	0	0	6	8	5	0	13
chr10	47558171	47558322	152	7	0	152	85	67	8	3	5	5	2	6	9	6	5	5	4	4	7	6	4	5	7	4	4	5	7	5	0	5	3	2	0	6	6	6	0	6
chr10	47558323	47558474	152	6	0	152	81	71	8	2	6	5	4	7	6	6	3	5	4	3	6	5	9	2	8	4	1	5	7	1	3	5	3	8	0	9	5	3	2	5
chr10	47558475	47558529	55	7	0	55	33	22	2	3	1	2	2	1	3	3	0	2	1	3	4	1	3	0	2	1	0	4	2	2	0	1	2	0	0	0	3	2	0	3
chr10	47558543	47558574	32	8	0	32	17	15	0	0	0	0	0	13	0	0	1	0	0	0	0	1	1	0	13	0	0	0	0	0	0	0	0	0	0	0	0	0	0	1
chr10	47558575	47558709	135	6	0	135	67	68	4	3	4	2	7	5	6	6	1	4	8	3	2	2	6	2	6	4	0	4	7	4	0	9	6	6	0	6	5	6	0	5
chr10	47558710	47558765	56	7	0	56	35	21	5	1	3	4	0	0	1	2	5	0	3	1	3	1	2	3	1	0	0	1	2	3	0	4	0	0	0	0	0	6	0	3
chr10	47558766	47559094	329	6	0	329	214	115	30	8	20	21	15	7	13	13	21	6	5	8	14	6	3	22	16	5	0	6	7	6	0	13	8	6	0	8	17	9	0	14
chr10	47559095	47559175	81	7	0	81	60	21	32	1	5	2	3	0	0	1	2	1	3	1	4	3	1	0	0	0	0	5	3	1	0	2	0	1	1	0	1	4	0	2
chr10	47559176	47559234	59	6	0	59	27	32	1	2	0	2	2	2	5	1	1	2	4	1	1	2	1	0	1	2	1	4	2	1	1	1	4	2	1	3	3	1	1	2
chr10	47559235	47559270	36	7	0	36	19	17	1	0	1	1	0	0	1	2	1	0	2	0	1	2	4	1	1	1	0	1	0	0	1	3	0	2	1	3	2	1	0	1
chr10	47559271	47559423	153	6	0	153	73	80	6	3	5	4	5	9	6	6	3	2	6	5	4	2	3	3	4	7	1	4	13	7	1	4	4	8	1	9	5	4	3	4
chr10	47559424	47559441	18	7	0	18	11	7	1	0	2	1	0	0	0	0	0	0	1	1	3	1	0	0	0	0	0	1	0	0	0	2	0	1	0	1	0	1	0	0
chr10	47559442	47559548	107	6	0	107	71	36	11	5	7	5	3	2	4	2	7	1	2	2	7	3	3	5	3	3	0	5	4	1	0	3	1	2	0	1	3	2	0	8
chr10	47559549	47559746	198	7	0	198	134	64	27	8	3	19	10	8	5	4	5	2	4	3	15	9	6	6	11	5	2	8	6	3	2	1	5	3	1	1	4	1	1	8
chr10	47559747	47559851	105	6	0	105	57	48	3	1	10	2	4	3	4	1	6	1	3	2	3	3	4	5	2	1	0	5	5	5	0	5	3	4	0	5	2	5	0	6
chr10	47559855	47560047	193	6	0	193	112	81	13	9	7	10	5	7	10	7	14	1	7	1	7	6	5	2	11	7	0	5	8	3	1	8	3	2	1	8	7	7	0	9
chr10	47560048	47560074	27	7	0	27	16	11	1	2	1	0	1	3	2	0	1	1	0	0	1	1	0	2	5	1	0	1	0	0	0	0	0	0	0	0	1	0	0	1
chr10	47560075	47560132	58	6	0	58	38	20	3	2	2	3	1	3	2	7	3	2	0	2	3	1	0	4	6	0	0	2	3	0	0	0	0	0	0	0	3	3	0	1
chr10	47560137	47560291	155	6	0	155	108	47	20	8	6	13	5	0	5	6	9	1	1	3	14	1	9	6	2	3	0	5	4	1	0	3	6	2	0	6	4	3	0	7
chr10	47560292	47560318	27	7	0	27	17	10	3	1	4	0	0	1	0	0	2	0	1	0	3	0	0	1	0	0	0	2	1	0	0	1	0	1	0	1	0	2	0	1
chr10	47560319	47560622	304	6	0	304	195	109	28	12	14	21	14	12	8	13	12	5	5	4	21	10	7	8	16	6	2	15	9	5	2	6	11	5	0	5	11	6	0	9
chr10	47560623	47560705	83	7	0	83	32	51	0	3	1	0	2	4	3	5	1	2	3	3	1	0	3	0	2	4	2	1	5	5	1	6	6	3	4	3	2	5	1	0
chr10	47560706	47560811	106	6	0	106	69	37	10	2	4	9	2	5	4	4	4	1	0	1	8	3	5	6	5	1	0	5	3	1	0	3	3	3	2	4	4	1	0	1
chr10	47560821	47561459	639	6	0	639	395	244	65	17	15	47	32	20	30	20	19	7	23	17	29	21	8	24	29	12	3	21	22	15	1	19	18	16	3	19	33	14	1	17
chr10	47561469	47562068	600	6	0	600	380	220	50	13	24	38	17	15	20	31	23	10	23	11	35	22	13	33	27	10	3	20	15	15	0	21	16	12	0	14	25	14	3	25
chr10	47562069	47562108	40	7	0	40	28	12	1	1	2	1	1	1	0	2	0	0	2	1	3	3	2	8	2	0	0	2	0	0	0	1	1	0	0	1	0	1	0	2
chr10	47562109	47562829	721	6	0	721	419	302	52	19	37	32	29	22	31	14	33	10	28	14	26	22	17	31	24	20	3	26	27	32	0	25	19	14	1	26	27	18	4	36
chr10	47562830	47562873	44	7	0	44	27	17	4	1	3	2	3	0	0	1	2	0	2	2	1	2	0	3	0	3	0	0	2	1	0	2	0	1	0	1	3	1	0	2
chr10	47562874	47563532	659	6	0	659	375	284	59	19	28	27	30	22	32	23	25	10	18	12	19	18	14	18	26	22	3	17	28	22	2	24	22	15	3	34	31	17	0	17
chr10	47563534	47563553	20	6	0	20	17	3	3	1	0	3	1	0	0	0	2	0	0	0	1	0	1	3	1	0	0	0	0	0	0	0	0	0	0	0	1	0	0	1
chr10	47563555	47563739	185	6	0	185	107	78	16	6	9	3	5	12	5	7	7	1	5	6	6	7	5	6	10	9	1	6	8	7	1	4	4	1	1	6	8	2	1	8
chr10	47563740	47563827	88	7	0	88	62	26	10	5	5	3	1	0	3	5	3	1	1	4	8	4	2	6	4	2	0	4	0	0	1	2	3	0	0	1	2	1	1	4
chr10	47563828	47563871	44	6	0	44	30	14	6	0	2	4	1	0	0	0	0	0	2	1	5	2	2	3	0	0	1	1	0	2	1	2	0	1	0	1	1	2	0	2
chr10	47563872	47564670	799	6	0	799	328	471	18	7	29	17	19	32	43	24	19	21	33	15	16	5	11	18	15	25	10	15	47	50	31	32	32	50	26	49	24	35	9	20
chr10	47564677	47564952	276	6	0	276	115	161	2	5	9	2	7	5	23	9	8	11	13	7	1	5	6	2	4	6	8	8	14	13	1	18	15	15	4	16	11	12	5	9
chr10	47564953	47564996	44	7	0	44	19	25	1	0	3	0	2	1	3	1	0	4	0	2	1	0	0	1	1	1	1	1	4	0	1	0	1	2	0	5	1	2	3	0
chr10	47564997	47565591	595	6	0	595	172	423	2	3	12	1	5	16	49	16	11	16	24	6	0	4	5	1	8	15	8	7	35	50	34	37	34	70	34	32	9	21	14	14
chr10	47565592	47565612	21	7	0	21	3	18	0	0	0	0	0	1	0	0	0	0	0	0	0	1	1	0	0	0	1	0	1	2	3	0	0	4	4	1	0	0	0	0
chr10	47565613	47566193	581	6	0	581	211	370	19	9	14	13	10	11	38	8	15	11	21	8	11	3	1	19	4	11	9	10	22	38	38	23	31	51	42	34	10	19	19	7
chr10	47566194	47566241	48	7	0	48	29	19	6	2	0	2	0	1	2	0	1	2	3	0	3	2	1	2	3	3	0	1	2	0	1	1	0	0	0	2	0	1	3	2
chr10	47566242	47566307	66	6	0	66	26	40	1	2	4	1	3	1	5	0	2	1	2	0	2	0	1	1	0	1	1	2	3	5	0	7	4	8	1	1	1	1	1	2
chr10	47566308	47566322	15	7	0	15	4	11	0	0	0	0	0	0	1	0	0	0	0	1	0	0	0	0	0	0	0	0	1	5	1	0	0	1	1	0	0	1	0	1
chr10	47566323	47566399	77	6	0	77	49	28	18	3	4	1	3	3	4	1	4	1	3	0	1	1	0	0	4	0	1	3	0	0	1	1	4	2	0	4	3	0	2	3
chr10	47566400	47566431	32	7	0	32	16	16	3	2	2	0	2	1	2	0	2	0	1	0	0	0	0	0	1	1	0	2	1	0	1	0	2	2	1	1	1	0	0	2
chr10	47566432	47567108	677	6	0	677	228	449	5	9	13	6	12	25	53	13	12	11	41	3	4	4	12	4	11	24	3	11	45	84	13	58	35	56	9	32	12	35	1	19
chr10	47567109	47567141	33	7	0	33	10	23	0	1	1	0	1	1	3	0	1	0	1	0	0	0	0	0	1	0	0	1	2	4	0	2	2	4	2	2	1	1	0	0
chr10	47567142	47567845	704	6	0	704	342	362	31	23	26	24	24	13	41	13	29	14	25	8	21	6	16	27	21	16	4	14	33	53	7	43	19	41	12	22	18	26	3	29
chr10	47567847	47567880	34	6	0	34	24	10	4	1	3	1	1	2	0	1	2	0	0	1	3	0	1	2	1	0	2	0	0	0	0	0	1	0	0	3	2	0	0	1
chr10	47567882	47568020	139	6	0	139	84	55	12	6	9	2	4	5	3	5	6	1	1	5	8	4	4	8	4	6	2	3	6	4	2	2	3	2	2	5	4	2	0	7
chr10	47568021	47568522	502	6	0	502	275	227	42	13	15	20	21	20	24	17	13	9	17	16	14	10	7	17	15	15	1	20	21	16	7	19	22	19	6	9	23	13	4	15
chr10	47568524	47568551	28	7	0	28	21	7	7	3	1	0	3	0	0	1	0	1	1	0	1	0	0	1	2	1	0	1	1	0	0	0	0	0	0	0	1	0	0	1
chr10	47568554	47568941	388	6	0	388	209	179	33	6	9	15	7	17	19	6	6	10	19	11	18	11	7	14	10	14	5	15	17	11	8	15	11	13	5	9	11	13	6	15
chr10	47568944	47569367	424	6	0	424	274	150	44	13	15	23	12	12	20	11	15	7	13	15	23	12	14	23	16	7	2	19	10	3	1	12	11	8	1	10	19	8	2	21
chr10	47569374	47569593	220	6	0	220	153	67	25	5	11	18	7	2	2	9	10	2	5	8	16	6	11	15	4	5	0	6	5	4	0	7	3	2	1	4	8	5	1	11
chr10	47569594	47569641	48	6	0	48	38	10	12	3	2	3	1	0	1	0	2	0	0	2	5	2	0	5	2	0	1	0	0	0	0	1	0	0	0	0	0	1	1	2
chr10	47569642	47569747	106	6	0	106	64	42	12	2	6	3	4	5	0	6	4	0	2	5	3	2	5	4	5	3	0	1	7	2	0	3	2	3	0	5	2	4	0	4
chr10	47569748	47569763	16	6	0	16	16	0	14	0	0	0	0	0	0	0	0	0	0	0	0	0	0	0	0	0	0	0	0	0	0	0	0	0	0	0	0	0	0	0
chr10	47569764	47570339	576	6	0	576	348	228	37	16	19	30	21	17	21	21	21	13	20	17	24	15	21	34	27	14	3	17	18	13	5	17	14	13	1	14	21	13	5	32
chr10	47570344	47570983	640	6	0	640	385	255	54	12	28	31	21	19	17	30	21	14	17	16	30	17	24	33	16	17	4	24	26	17	4	22	18	19	3	16	27	16	1	24
chr10	47570984	47571005	22	7	0	22	12	10	0	1	0	1	0	1	0	2	0	0	3	0	2	0	1	1	1	0	0	1	0	0	0	2	0	1	0	1	1	1	0	0
chr10	47571006	47572799	1794	6	0	1794	1035	759	135	45	70	85	73	52	74	58	69	42	73	48	57	38	54	61	58	48	14	57	58	36	10	81	54	48	9	53	87	53	13	79
chr10	47572801	47573749	949	6	0	949	519	430	62	30	34	37	46	36	39	26	24	15	41	27	32	21	23	24	40	24	11	27	45	23	6	38	27	36	7	38	35	29	10	34
chr10	47573750	47573883	134	6	0	134	82	52	17	6	8	2	5	4	3	3	3	5	5	2	9	2	4	3	6	6	0	5	3	6	0	7	2	0	0	2	4	4	0	6
chr10	47573884	47573907	24	7	0	24	17	7	2	2	3	1	3	0	0	1	2	1	0	0	1	0	0	0	2	0	0	1	0	0	0	0	0	0	0	0	2	0	0	1
chr10	47573908	47574131	224	6	0	224	155	69	37	8	11	13	6	1	6	5	8	4	3	6	17	8	6	14	7	3	1	10	5	8	1	7	0	5	0	1	6	5	2	8
chr10	47574132	47574185	54	7	0	54	24	30	1	0	1	1	2	3	4	0	0	4	6	1	0	0	0	0	2	1	0	4	3	1	0	0	3	1	3	1	2	1	1	6
chr10	47574186	47574812	627	6	0	627	394	233	54	26	20	30	21	18	20	27	19	5	23	17	36	23	15	40	31	15	3	23	19	11	4	21	14	11	2	13	22	18	3	21
chr10	47574813	47574889	77	6	0	77	47	30	3	3	2	6	4	3	5	0	2	2	0	1	5	4	6	1	4	0	1	6	0	0	0	2	4	2	0	4	4	0	0	1
chr10	47574890	47575215	326	6	0	326	186	140	29	6	16	15	14	10	14	8	10	2	16	7	14	6	8	10	10	5	0	9	8	10	0	17	16	12	1	17	12	8	3	11
chr10	47575216	47575234	19	6	0	19	13	6	3	0	4	0	2	0	0	0	2	0	0	0	0	0	0	0	0	0	0	0	0	0	0	0	2	0	0	2	0	0	0	2
chr10	47575235	47575327	93	6	0	93	67	26	17	1	11	4	3	1	1	1	10	0	3	4	4	3	0	3	4	0	0	1	1	0	0	3	0	0	0	0	1	4	0	11
chr10	47575328	47576455	1128	6	0	1128	674	454	73	34	32	63	53	30	39	44	27	23	48	27	50	26	36	68	45	29	3	36	44	28	2	48	28	33	4	29	49	32	1	42
chr10	47576456	47577172	717	6	0	717	388	329	44	9	23	27	29	34	40	18	17	16	34	24	14	15	22	21	29	18	2	25	35	17	1	29	25	20	1	35	32	27	2	30
chr10	47577173	47577194	22	7	0	22	9	13	0	0	0	1	1	1	0	2	0	0	2	1	0	0	0	0	0	0	0	1	2	0	0	0	2	2	2	0	1	1	0	1
chr10	47577195	47577224	30	7	0	30	12	18	0	0	1	0	1	0	2	1	0	2	3	1	0	0	0	0	1	0	0	1	2	1	0	1	1	2	1	2	0	1	1	3
chr10	47577227	47577489	263	6	0	263	135	128	23	6	8	5	8	7	19	7	3	9	12	4	7	3	8	4	10	7	0	9	16	7	0	15	7	13	1	15	8	11	1	8
chr10	47577490	47577614	125	6	0	125	70	55	9	5	1	5	4	3	5	5	2	4	8	3	5	4	4	3	4	5	2	4	6	3	1	4	3	2	0	3	4	4	1	7
chr10	47577615	47577645	31	6	0	31	15	16	0	0	0	0	0	3	2	2	0	0	2	2	0	2	0	2	0	3	0	2	2	0	0	1	2	0	0	0	3	1	0	0
chr10	47577646	47578019	374	6	0	374	189	185	37	8	7	14	13	13	21	8	7	7	20	5	10	6	5	7	9	15	2	8	21	12	6	22	14	21	3	12	11	12	5	11
chr10	47578021	47578078	58	6	0	58	28	30	4	0	3	2	2	3	4	3	1	0	2	1	1	1	0	0	2	0	0	2	4	3	0	2	5	4	0	3	1	2	0	1
chr10	47578079	47578089	11	6	0	11	2	9	0	0	0	0	0	0	1	0	0	0	1	0	0	0	0	0	0	0	0	0	0	0	1	2	1	2	0	0	0	0	1	0
chr10	47578090	47578168	79	6	0	79	44	35	7	2	0	4	2	2	4	2	2	2	4	3	1	2	2	3	1	5	0	2	6	2	0	4	0	3	0	1	4	2	2	3
chr10	47578170	47578198	29	6	0	29	13	16	0	0	0	1	0	5	2	1	0	0	0	2	1	1	0	0	4	0	2	0	1	0	0	1	2	2	0	1	1	0	0	0
chr10	47578199	47578251	53	6	0	53	23	30	0	1	3	1	2	1	5	0	3	0	4	1	0	1	1	0	0	1	0	2	3	2	0	4	2	3	0	3	3	2	0	3
chr10	47578273	47578500	228	6	0	228	150	78	31	5	10	10	6	4	9	8	7	2	7	4	13	5	8	20	5	2	0	9	4	3	1	6	9	6	0	12	9	3	1	7
chr10	47578501	47579149	649	6	0	649	382	267	55	27	21	22	21	17	35	19	21	9	27	15	28	17	24	23	27	13	0	30	23	12	2	23	18	17	3	26	24	17	3	28
chr10	47579150	47579254	105	6	0	105	46	59	6	2	1	1	5	6	9	0	0	3	7	3	0	1	1	0	4	3	1	3	5	3	2	6	5	6	1	6	6	4	0	3
chr10	47579255	47579888	634	6	0	634	375	259	55	18	20	31	28	24	27	21	16	11	26	20	25	18	11	24	29	15	3	24	26	12	5	14	17	17	4	18	28	14	4	27
chr10	47579889	47580448	560	6	0	560	323	237	39	17	14	34	32	22	21	17	17	12	23	8	15	7	18	25	27	16	1	14	24	17	2	20	19	14	3	20	22	16	0	22
chr10	47580449	47580465	17	6	0	17	8	9	0	0	1	0	0	2	0	2	1	0	0	0	0	0	0	0	3	0	0	0	1	1	0	1	0	2	0	0	1	0	0	0
chr10	47580466	47580620	155	6	0	155	82	73	13	3	4	6	3	8	11	2	4	4	4	3	6	5	4	1	6	8	1	5	9	6	1	5	2	5	1	8	7	2	1	5
chr10	47580621	47580633	13	6	0	13	5	8	0	0	0	0	0	0	1	0	0	0	0	0	0	1	2	0	0	0	0	0	1	2	0	0	0	1	0	3	0	0	0	0
chr10	47580634	47580757	124	6	0	124	57	67	8	2	2	0	4	3	13	2	1	4	9	3	0	2	1	1	5	3	0	3	4	2	1	11	7	6	0	7	6	7	1	4
chr10	47580758	47581101	344	6	0	344	182	162	40	14	6	9	18	9	21	5	3	7	19	8	7	6	5	4	15	11	4	5	15	9	2	19	9	16	4	15	14	9	2	12
chr10	47581103	47581602	500	6	0	500	274	226	26	16	26	16	15	21	30	23	31	9	18	12	11	9	5	5	25	12	4	14	20	11	1	20	18	10	1	19	25	19	0	26
chr10	47581603	47581646	44	6	0	44	28	16	10	0	2	1	1	0	1	1	3	3	4	0	0	0	0	0	1	0	1	1	0	0	1	0	0	0	1	1	3	1	1	5
chr10	47581647	47581777	131	6	0	131	55	76	3	3	2	1	2	5	12	5	3	1	8	2	1	3	3	0	2	2	1	7	9	5	1	6	10	8	2	8	3	5	2	4
chr10	47581778	47582083	306	6	0	306	167	139	16	9	12	11	12	13	10	11	7	6	10	9	14	6	9	11	12	9	5	8	14	9	5	10	8	13	3	10	11	7	1	13
chr10	47582091	47582163	73	6	0	73	36	37	0	0	1	3	3	1	3	4	1	0	6	3	1	1	4	4	0	1	0	1	8	2	0	2	2	6	0	4	1	2	0	7
chr10	47582165	47582200	36	6	0	36	17	19	1	3	0	0	1	1	3	3	2	1	0	1	0	0	0	0	2	2	0	1	4	2	0	1	1	1	0	0	1	2	0	1
chr10	47582201	47582249	49	6	0	49	27	22	1	0	4	2	4	3	0	2	1	2	1	1	1	0	2	3	2	1	1	1	3	0	0	1	3	1	1	1	0	2	0	3
chr10	47582250	47582582	333	6	0	333	185	148	32	7	12	16	8	9	17	9	17	5	12	8	10	6	11	5	9	9	2	8	18	9	1	21	6	11	0	11	10	19	1	12
chr10	47582583	47582601	19	6	0	19	10	9	0	0	0	0	0	0	1	3	0	1	0	3	0	1	1	0	1	0	0	0	0	0	0	1	0	1	0	1	3	0	0	0
chr10	47582602	47583867	1266	6	0	1266	531	735	39	26	45	31	36	43	87	19	41	33	43	18	25	16	20	8	40	42	7	29	65	97	34	80	51	75	26	54	29	62	11	32
chr10	47583868	47583919	52	6	0	52	24	28	0	1	2	3	2	3	2	2	2	0	2	1	2	1	1	0	2	2	1	0	4	3	0	2	2	2	1	2	1	1	0	3
chr10	47583920	47584113	194	6	0	194	80	114	8	4	4	4	4	8	13	1	5	2	8	4	3	4	6	1	5	7	0	6	11	14	5	11	6	14	5	9	4	6	6	4
chr10	47584114	47584160	47	6	0	47	18	29	0	0	0	0	0	4	3	0	0	0	4	2	0	0	2	2	0	1	0	3	3	1	1	1	3	3	2	4	1	1	3	1
chr10	47584161	47584960	800	6	0	800	436	364	46	22	26	32	30	24	35	31	24	21	30	22	26	18	21	27	30	26	6	23	39	29	5	35	22	25	6	20	29	28	5	35
chr10	47584961	47584975	15	6	0	15	8	7	0	0	0	1	0	0	1	0	0	0	0	1	1	1	2	0	1	0	0	0	0	0	0	2	0	1	0	0	0	1	0	1
chr10	47584976	47585095	120	6	0	120	58	62	6	3	2	2	5	6	10	1	3	2	12	1	0	2	1	0	2	3	0	8	5	3	0	7	8	5	0	3	7	4	0	7
chr10	47585097	47585263	167	6	0	167	77	90	7	4	0	6	4	6	12	4	1	3	13	4	4	3	3	2	4	6	1	5	9	4	2	10	8	9	4	7	5	6	3	6
chr10	47585275	47585606	332	6	0	332	192	140	21	9	14	14	9	7	21	7	17	9	12	12	10	5	8	15	9	10	1	10	9	13	1	16	9	2	0	9	17	14	0	20
chr10	47585611	47585783	173	6	0	173	115	58	25	7	10	11	12	3	5	1	9	4	3	6	7	1	0	10	4	6	0	6	6	6	1	2	3	0	0	1	8	4	1	9
chr10	47585784	47587203	1420	6	0	1420	742	678	78	34	56	45	40	53	75	51	55	37	55	42	39	22	39	20	44	51	5	46	55	61	11	82	51	40	3	40	69	57	5	57
chr10	47587205	47587898	694	6	0	694	424	270	44	19	25	45	25	31	24	32	30	15	17	18	33	20	16	29	38	15	3	29	23	19	1	21	17	12	2	9	33	18	6	23
chr10	47587899	47587912	14	6	0	14	5	9	0	1	0	0	0	1	2	0	1	0	0	0	0	0	0	0	1	0	0	1	1	2	0	0	0	0	0	1	1	0	0	0
chr10	47587913	47588811	899	6	0	899	531	368	54	34	37	54	43	26	36	29	55	19	38	29	27	13	18	18	37	25	2	28	30	20	6	31	18	9	3	18	50	33	5	52
chr10	47588812	47589044	233	6	0	233	121	112	26	5	3	7	9	9	15	6	4	5	15	4	3	4	2	3	6	9	1	7	13	9	2	10	10	8	0	8	10	7	1	10
chr10	47589045	47589060	16	6	0	16	7	9	0	0	1	1	2	1	0	0	0	0	1	1	0	0	0	0	0	1	0	0	1	1	0	0	1	0	0	1	1	1	0	0
chr10	47589061	47589105	45	6	0	45	19	26	1	0	1	1	1	4	3	0	0	1	2	1	1	3	0	0	1	2	1	3	4	2	0	2	0	3	1	1	3	1	0	0
chr10	47589106	47589518	413	6	0	413	227	186	26	9	24	14	14	8	23	13	13	8	18	11	21	8	5	10	11	11	2	10	21	9	1	23	12	19	0	17	14	15	1	20
chr10	47589519	47589562	44	6	0	44	24	20	2	1	1	3	1	0	4	1	4	1	1	1	0	1	1	1	2	0	0	1	1	3	0	1	1	1	1	1	2	1	1	3
chr10	47589563	47589903	341	6	0	341	186	155	19	5	14	12	12	9	18	8	14	5	19	16	5	9	13	7	11	8	0	9	11	13	0	18	11	6	1	12	14	15	1	24
chr10	47589908	47590016	109	6	0	109	61	48	1	1	3	0	3	1	7	1	1	0	5	15	0	1	11	10	1	1	0	1	3	0	0	5	5	4	0	7	3	3	0	14
chr10	47590017	47590036	20	6	0	20	8	12	0	1	0	1	0	0	1	1	3	0	0	0	0	0	0	0	0	1	0	0	1	5	0	1	0	0	0	0	1	2	0	0
chr10	47590037	47590069	33	6	0	33	18	15	0	1	1	2	1	1	2	1	2	1	0	1	1	0	1	2	1	1	0	1	1	2	0	2	1	1	0	0	3	1	0	0
chr10	47590070	47590133	64	6	0	64	40	24	8	2	3	6	4	0	2	1	5	1	2	1	3	0	1	0	1	2	0	0	2	2	0	3	0	1	0	3	4	3	0	2
chr10	47590134	47590159	26	6	0	26	13	13	1	0	1	0	1	1	2	0	0	1	2	1	0	1	0	1	1	1	0	1	0	1	0	2	1	0	0	1	2	1	0	1
chr10	47590160	47590169	10	6	0	10	3	7	0	0	0	0	0	1	1	0	0	0	1	0	0	0	0	0	0	1	0	0	0	0	0	1	2	0	0	1	0	0	0	0
chr10	47590170	47590238	69	6	0	69	33	36	0	2	6	0	2	5	4	2	6	1	1	1	0	1	0	1	4	5	0	0	4	2	0	5	1	2	0	3	4	2	0	3
chr10	47590248	47590312	65	6	0	65	34	31	3	1	4	1	5	1	4	2	2	2	6	1	0	0	0	0	0	1	1	2	1	0	1	1	5	1	0	6	6	1	0	5
chr10	47590313	47590367	55	6	0	55	24	31	0	0	4	1	1	4	5	0	4	0	1	3	0	0	0	0	2	2	0	0	4	1	0	4	3	3	0	3	2	3	0	3
chr10	47590368	47590700	333	6	0	333	182	151	18	14	12	12	16	13	15	10	8	4	15	7	14	3	11	8	11	11	0	12	20	10	0	13	14	11	0	15	9	11	0	14
chr10	47590701	47590740	40	6	0	40	24	16	4	0	2	2	1	0	2	3	3	2	2	0	0	0	1	0	1	0	0	1	0	0	0	3	2	0	0	2	3	3	0	1
chr10	47590741	47591599	859	6	0	859	470	389	58	20	25	40	23	27	43	41	37	20	38	27	25	16	19	10	24	22	4	33	34	27	6	43	26	25	4	19	51	36	4	30
chr10	47591600	47591629	30	6	0	30	19	11	7	1	0	3	2	0	0	0	0	0	0	0	2	2	1	1	2	0	0	0	0	1	2	0	0	3	0	1	0	0	0	0
chr10	47591630	47593279	1650	6	0	1650	808	842	53	37	56	31	52	73	99	66	45	41	74	45	27	29	35	44	68	53	5	54	92	79	8	80	73	57	8	59	57	70	7	71
chr10	47593280	47593308	29	6	0	29	18	11	4	0	2	1	2	2	0	3	1	1	1	0	0	0	0	0	3	1	0	0	1	0	0	0	1	0	0	1	1	0	0	2
chr10	47593309	47593393	85	6	0	85	38	47	1	1	5	2	2	3	3	5	4	2	5	1	2	0	0	2	1	3	0	2	9	2	0	4	2	7	1	2	1	5	1	5
chr10	47593394	47593403	10	6	0	10	3	7	0	0	0	0	0	1	1	0	0	0	1	0	0	0	0	0	0	0	0	1	1	2	0	0	0	0	0	0	0	1	0	0
chr10	47593404	47593492	89	6	0	89	46	43	3	4	4	2	4	4	5	4	6	0	4	2	0	0	2	2	3	0	1	4	3	4	0	2	6	2	1	3	4	2	0	6
chr10	47593498	47593557	60	6	0	60	30	30	0	1	5	0	1	2	4	3	1	3	2	1	3	2	1	0	0	4	0	4	5	2	0	1	3	1	0	2	1	1	0	5
chr10	47593558	47593583	26	7	0	26	20	6	3	1	0	1	0	0	0	2	0	0	1	1	2	2	0	6	0	1	0	1	1	0	0	0	0	0	0	0	2	0	0	0
chr10	47593584	47594153	570	6	0	570	302	268	29	17	28	15	27	21	38	12	20	13	21	14	13	8	9	16	22	15	1	21	26	14	4	24	27	18	0	27	23	20	1	24
chr10	47594154	47594187	34	6	0	34	20	14	2	0	2	1	2	4	0	0	0	1	1	2	2	1	0	1	3	1	1	1	1	1	0	1	0	0	0	0	2	1	1	0
chr10	47594188	47594916	729	6	0	729	475	254	77	24	43	41	37	11	21	25	46	18	21	20	25	13	20	32	28	11	0	27	22	9	2	16	12	7	1	12	32	23	1	50
chr10	47594917	47594926	10	6	0	10	7	3	0	1	0	0	0	0	1	0	0	0	0	0	1	1	0	2	1	0	0	0	0	0	0	0	0	0	0	0	0	0	0	1
chr10	47594927	47595076	150	6	0	150	89	61	11	7	8	1	6	5	6	3	5	7	4	4	5	2	9	4	11	3	1	7	5	4	0	3	1	1	0	4	3	4	1	13
chr10	47595077	47595110	34	6	0	34	21	13	0	1	1	3	1	0	2	0	0	1	2	2	2	1	2	1	1	2	0	0	1	0	0	2	1	0	0	1	0	1	0	4
chr10	47595111	47595187	77	6	0	77	53	24	7	3	5	4	1	0	1	6	7	1	2	0	5	2	3	4	2	0	1	3	1	0	0	2	1	0	0	3	4	3	1	3
chr10	47595188	47595235	48	6	0	48	28	20	2	0	3	4	3	2	1	0	2	2	2	3	2	1	0	1	0	2	0	2	1	1	1	1	1	0	0	1	4	1	1	2
chr10	47595236	47595283	48	6	0	48	27	21	2	1	2	2	0	1	2	4	2	2	1	0	3	0	4	0	2	0	0	2	1	2	0	2	3	1	0	2	0	2	0	3
chr10	47595284	47595931	648	6	0	648	421	227	49	24	25	45	30	16	22	23	26	16	18	21	38	12	23	31	32	10	2	24	17	9	1	13	15	8	3	12	27	13	2	39
chr10	47595932	47595960	29	6	0	29	19	10	0	2	0	1	3	2	0	0	0	0	1	0	0	1	1	7	2	2	0	1	2	1	0	0	0	0	0	0	0	0	0	1
chr10	47595961	47597075	1115	6	0	1115	751	364	124	45	46	73	66	30	25	36	57	14	27	44	42	24	38	58	56	16	4	37	22	8	3	22	28	6	2	18	51	25	7	59
chr10	47597076	47597090	15	6	0	15	8	7	0	0	1	0	0	0	1	1	0	0	0	1	1	1	0	0	1	1	0	0	1	1	0	1	0	0	0	0	0	1	0	1
chr10	47597091	47597150	60	6	0	60	44	16	6	4	0	7	3	3	2	4	3	0	0	2	5	0	0	5	4	1	0	1	1	0	0	0	2	0	0	0	4	0	0	1
chr10	47597151	47597297	147	6	0	147	102	45	16	8	5	9	7	0	2	9	4	4	2	5	10	3	8	9	6	5	0	3	2	1	0	6	4	2	0	0	6	1	0	8
chr10	47597298	47597310	13	6	0	13	10	3	1	2	0	0	0	0	0	0	0	0	0	0	2	1	1	2	1	0	0	1	0	0	0	0	0	0	0	0	0	0	0	0
chr10	47597311	47597340	30	7	0	30	19	11	2	1	3	3	2	0	0	1	4	0	0	0	1	0	0	1	0	0	0	1	2	1	0	0	1	1	0	0	0	2	0	2
chr10	47597341	47597563	223	6	0	223	150	73	24	6	14	16	9	4	6	4	15	4	4	9	11	3	10	9	4	4	0	9	6	2	0	8	2	3	0	3	11	7	0	14
chr10	47597564	47597585	22	6	0	22	18	4	2	0	1	2	2	0	0	0	1	0	0	2	1	1	0	4	1	0	0	0	0	0	0	0	0	0	0	0	1	0	0	2
chr10	47597586	47597665	80	7	0	80	52	28	4	3	3	7	7	2	3	2	4	0	2	2	1	4	2	5	5	1	0	3	3	1	0	0	3	1	0	2	3	1	0	4
chr10	47597667	47598912	1246	6	0	1246	831	415	126	43	58	86	67	19	27	62	52	18	18	35	68	38	45	67	56	25	0	37	42	16	1	31	38	17	1	28	39	32	0	52
chr10	47598922	47599097	176	6	0	176	141	35	20	4	2	24	2	5	1	11	8	0	0	3	20	6	6	27	9	2	1	3	2	0	1	2	1	0	0	3	7	3	0	1
chr10	47599098	47599433	336	6	0	336	223	113	38	15	16	13	14	11	7	10	10	8	5	14	19	7	12	22	18	8	2	13	11	7	0	11	2	3	0	1	11	11	0	15
chr10	47599434	47599481	48	6	0	48	37	11	11	1	2	4	3	1	0	1	0	1	1	0	4	1	2	3	2	0	0	2	0	0	0	0	2	0	0	2	1	0	0	2
chr10	47599482	47599887	406	6	0	406	225	181	34	13	14	19	21	19	16	12	12	9	9	9	13	10	7	8	18	11	12	10	14	13	2	13	18	8	6	16	18	9	4	7
chr10	47599888	47599925	38	6	0	38	9	29	1	0	2	0	1	1	1	0	1	1	0	0	0	0	0	0	0	0	2	0	2	2	4	2	1	7	4	2	0	1	1	0
chr10	47599926	47600258	333	6	0	333	203	130	23	11	8	24	13	15	10	16	11	6	5	11	19	9	7	15	20	8	7	6	11	7	1	10	9	7	3	6	14	8	3	8
chr10	47600259	47600302	44	6	0	44	21	23	2	2	3	1	3	0	2	0	3	0	1	1	0	0	1	1	1	1	0	0	0	2	1	2	3	2	2	3	1	1	1	2
chr10	47600303	47605943	5641	6	0	5641	3819	1822	539	190	214	416	212	131	172	229	252	74	110	177	357	171	168	406	248	90	30	198	133	67	20	118	126	65	11	102	237	117	13	246
chr10	47605946	47605992	47	6	0	47	32	15	5	1	4	0	3	0	0	1	2	2	0	3	0	2	3	5	1	0	0	4	1	0	0	1	0	0	0	0	2	3	0	2
chr10	47605996	47606042	47	6	0	47	30	17	2	5	3	0	1	3	1	2	2	0	2	0	5	0	0	3	2	2	0	3	2	1	0	0	1	0	0	1	2	0	0	2
chr10	47606046	47606092	47	7	0	47	30	17	2	5	3	0	1	3	1	2	2	0	2	0	5	0	0	3	2	2	0	3	2	1	0	0	1	0	0	1	2	0	0	2
chr10	47606093	47607453	1361	6	0	1361	848	513	97	64	59	59	45	56	54	51	55	15	32	34	82	39	33	72	73	46	2	54	55	32	2	34	33	16	0	29	44	29	2	61
chr10	47607455	47608038	584	6	0	584	444	140	77	15	19	73	32	6	5	25	14	9	7	11	60	21	14	55	28	7	2	14	12	4	0	9	11	4	0	7	17	9	0	15
chr10	47608039	47608060	22	6	0	22	12	10	1	0	2	0	0	1	0	1	2	1	2	0	0	1	0	1	1	1	0	0	0	0	0	1	0	0	0	0	1	1	0	3
chr10	47608061	47609279	1219	6	0	1219	820	399	117	36	62	92	61	24	27	49	55	18	34	26	75	34	34	75	51	15	3	43	31	13	1	30	41	10	1	26	37	37	1	58
chr10	47609281	47610700	1420	6	0	1420	983	437	144	49	52	113	59	23	30	71	56	20	33	31	98	35	46	121	54	17	5	51	30	19	1	28	42	16	5	29	57	26	3	54
chr10	47610701	47611735	1035	6	0	1035	689	346	83	29	42	89	45	26	32	36	46	17	27	22	69	25	39	60	47	15	2	33	23	14	0	28	27	14	0	31	42	22	0	48
chr10	47611740	47613730	1991	6	0	1991	1233	758	149	69	95	110	83	34	67	74	89	37	66	67	101	38	60	93	62	44	6	66	71	56	1	60	49	27	1	55	76	62	14	107
chr10	47613731	47613779	49	7	0	49	29	20	2	1	1	1	1	2	2	2	1	0	3	5	1	1	3	1	0	0	0	4	2	1	0	0	2	0	0	2	4	2	0	3
chr10	47613780	47613999	220	6	0	220	109	111	6	8	3	6	6	12	15	8	6	1	10	9	4	5	6	3	10	6	0	9	11	9	2	9	9	8	2	9	11	8	0	7
chr10	47614001	47614044	44	7	0	44	23	21	1	1	3	0	3	1	2	2	1	2	4	2	0	0	0	0	1	0	0	3	2	0	0	1	1	2	0	1	4	1	0	4
chr10	47614047	47614139	93	6	0	93	61	32	11	1	4	8	3	3	4	1	6	2	1	2	3	4	2	5	4	1	1	4	1	2	0	2	1	1	1	2	5	1	2	3
chr10	47614141	47614195	55	6	0	55	34	21	4	2	3	1	1	1	2	3	3	1	2	2	1	2	2	2	3	1	0	2	1	1	0	3	0	1	0	1	3	2	0	3
chr10	47614197	47614665	469	6	0	469	330	139	59	17	31	26	20	7	9	12	19	4	9	14	35	13	16	38	16	5	1	19	7	2	0	13	13	5	0	12	12	10	1	22
chr10	47614667	47615120	454	6	0	454	256	198	47	10	8	23	15	13	17	14	9	10	24	7	18	15	15	10	17	12	4	15	13	13	9	18	14	18	2	12	15	11	5	19
chr10	47615121	47615832	712	6	0	712	459	253	54	24	25	50	33	17	20	39	33	13	18	15	34	23	22	37	38	9	1	29	20	16	0	17	14	9	1	20	37	19	4	19
chr10	47615833	47615943	111	6	0	111	61	50	6	2	10	1	5	0	4	6	3	2	2	2	6	6	1	3	2	4	0	4	5	4	1	5	9	3	0	4	0	4	1	4
chr10	47615948	47615991	44	6	0	44	24	20	2	1	1	3	4	0	2	2	1	1	3	2	0	0	1	1	1	0	0	0	2	1	0	1	2	2	0	2	3	1	0	3
chr10	47615993	47616235	243	6	0	243	144	99	22	9	16	8	13	6	9	7	13	5	9	5	7	6	1	8	14	5	1	6	8	7	2	7	5	2	0	8	8	10	1	13
chr10	47616237	47616248	12	6	0	12	12	0	10	0	0	0	0	0	0	0	0	0	0	0	0	0	0	0	0	0	0	0	0	0	0	0	0	0	0	0	0	0	0	0
chr10	47616249	47616302	54	6	0	54	32	22	4	0	2	4	2	1	4	1	2	1	2	3	2	0	1	2	1	1	0	0	1	1	0	2	4	2	0	2	2	0	0	5
chr10	47616303	47616719	417	6	0	417	239	178	22	12	27	15	20	12	17	20	24	4	15	14	9	8	8	11	16	6	1	13	16	7	1	14	20	13	0	13	17	13	0	27
chr10	47616721	47616759	39	6	0	39	22	17	5	1	2	2	3	0	2	0	1	1	4	0	0	0	0	0	1	0	0	1	2	1	0	1	1	0	0	3	1	2	0	3
chr10	47616763	47617038	276	6	0	276	191	85	27	10	15	20	7	4	8	6	13	6	10	4	25	10	12	13	9	6	0	15	3	2	0	10	3	1	0	2	9	6	0	18
chr10	47617055	47617711	657	6	0	657	439	218	71	28	23	46	20	6	21	33	27	7	13	16	50	10	22	45	21	9	2	19	17	17	2	15	19	11	1	21	23	13	3	24
chr10	47617713	47617907	195	6	0	195	135	60	23	5	6	15	9	3	8	7	6	5	4	7	12	5	6	13	5	1	0	12	3	0	1	2	9	2	0	2	10	3	1	8
chr10	47617908	47617926	19	6	0	19	9	10	2	1	0	0	0	1	1	1	0	0	0	0	1	0	0	1	0	2	0	0	1	1	0	2	2	1	0	0	0	0	0	0
chr10	47617927	47617999	73	6	0	73	50	23	12	2	2	8	4	0	2	4	4	1	1	2	4	1	1	2	2	1	0	1	3	2	0	1	1	2	0	1	4	1	0	2
chr10	47618000	47618382	383	6	0	383	254	129	53	16	17	25	19	7	12	18	15	7	4	7	24	6	8	14	14	7	1	14	12	6	2	8	12	8	0	12	18	7	1	7
chr10	47618384	47618464	81	6	0	81	63	18	10	0	2	12	2	0	0	4	6	1	1	3	5	1	4	10	1	0	1	0	1	0	0	2	1	1	0	0	3	2	1	5
chr10	47618466	47618496	31	6	0	31	24	7	9	0	0	3	2	2	0	1	0	0	0	1	2	1	0	1	2	1	0	0	2	0	0	0	0	0	0	0	1	1	0	0
chr10	47618498	47618779	282	6	0	282	215	67	36	9	9	30	8	0	5	14	10	5	5	5	30	10	9	28	12	4	1	7	5	0	0	5	2	3	1	2	8	3	0	14
chr10	47618781	47618846	66	6	0	66	47	19	12	2	1	7	5	1	1	4	3	1	1	2	1	0	2	3	3	1	0	0	3	0	0	0	1	1	0	2	3	1	0	3
chr10	47618848	47619295	448	6	0	448	309	139	43	9	21	40	16	8	12	17	20	4	17	11	34	22	14	20	17	7	0	19	5	4	0	10	9	4	1	10	21	4	1	26
chr10	47619297	47619353	57	6	0	57	40	17	8	2	2	6	1	0	1	3	3	1	0	1	6	1	3	2	1	2	0	1	1	2	0	1	1	0	0	1	2	1	0	2
chr10	47619355	47620166	812	6	0	812	509	303	42	25	33	60	33	23	31	30	39	14	28	25	46	14	21	45	31	18	3	24	30	16	1	20	20	11	1	20	34	22	1	49
chr10	47620168	47620201	34	6	0	34	19	15	3	0	3	0	1	2	0	0	0	0	1	0	2	3	1	2	1	2	0	2	0	3	0	3	1	1	0	0	1	0	0	0
chr10	47620203	47620914	712	6	0	712	497	215	67	22	37	57	26	12	20	21	28	11	13	24	62	24	18	54	33	6	3	27	14	5	1	21	11	8	1	8	21	22	1	32
chr10	47620916	47620943	28	6	0	28	19	9	2	0	1	3	0	1	0	3	0	0	1	0	3	0	1	2	1	0	0	1	0	1	0	1	2	1	0	1	1	0	0	0
chr10	47620945	47621080	136	6	0	136	87	49	14	4	4	9	5	4	5	8	5	3	3	5	7	0	5	4	6	3	0	2	3	1	0	4	7	1	0	6	7	3	0	6
chr10	47621081	47621901	821	6	0	821	521	300	52	24	32	48	30	18	24	47	35	21	29	28	40	18	29	45	46	12	2	21	25	12	2	21	17	10	1	17	31	26	1	55
chr10	47621913	47622074	162	6	0	162	115	47	29	6	3	12	7	2	5	7	6	3	3	6	8	4	3	9	7	3	2	3	3	4	0	3	3	0	0	1	8	3	0	7
chr10	47622084	47622161	78	6	0	78	50	28	6	2	5	4	4	2	0	7	4	0	0	4	3	4	1	3	4	2	0	2	4	3	0	1	2	1	0	1	3	2	0	2
chr10	47622167	47622279	113	6	0	113	58	55	1	0	3	1	3	4	4	12	1	5	4	3	0	6	6	4	7	4	0	4	3	4	1	4	8	0	1	5	4	4	0	5
chr10	47622281	47622343	63	6	0	63	45	18	7	1	2	6	2	0	1	3	3	2	1	1	4	3	4	3	1	2	0	3	2	0	0	1	1	0	0	1	2	1	0	4
chr10	47622347	47622830	484	6	0	484	323	161	45	12	18	32	12	14	21	23	18	8	11	15	32	18	17	26	25	6	0	21	10	1	0	13	13	7	0	12	21	10	0	21
chr10	47622850	47623350	501	6	0	501	333	168	59	15	27	29	22	10	10	21	27	7	14	9	21	19	14	27	22	10	3	16	13	8	0	15	9	4	1	10	19	14	0	24
chr10	47623352	47623394	43	6	0	43	30	13	7	1	2	1	0	1	1	1	1	0	0	2	4	1	3	4	0	1	0	2	0	0	0	2	1	2	0	1	2	0	0	1
chr10	47623396	47623838	443	6	0	443	315	128	53	12	23	34	15	11	12	18	26	8	5	13	28	9	13	33	21	7	0	12	6	2	0	11	9	2	0	5	20	8	0	25
chr10	47623840	47623865	26	6	0	26	13	13	0	0	2	0	0	0	2	1	1	1	2	3	0	0	0	0	0	1	0	0	0	1	0	2	0	0	0	1	3	1	0	3
chr10	47623878	47624063	186	6	0	186	90	96	17	2	8	4	3	7	9	4	5	6	8	8	5	2	1	0	3	7	2	5	8	6	5	10	4	9	5	4	8	7	5	7
chr10	47624065	47624092	28	6	0	28	24	4	13	0	0	1	1	0	0	0	0	0	1	0	1	2	2	1	1	0	0	1	0	0	0	0	0	0	0	0	0	0	0	2
chr10	47624093	47624206	114	6	0	114	40	74	0	1	1	1	1	4	9	3	2	1	8	2	1	2	3	0	1	2	1	4	6	4	4	7	7	11	6	7	3	4	3	3
chr10	47624208	47624242	35	6	0	35	15	20	0	0	0	0	0	1	3	1	0	2	6	1	0	0	0	0	1	0	0	3	3	1	0	1	0	1	0	1	1	3	0	4
chr10	47624243	47625047	805	6	0	805	572	233	111	29	38	61	43	11	16	30	41	8	13	22	43	23	21	61	36	10	1	23	13	6	1	18	16	8	1	15	35	14	3	32
chr10	47625049	47625222	174	6	0	174	101	73	13	8	7	6	6	1	11	4	7	3	8	5	7	1	5	7	5	2	0	6	3	7	0	9	11	3	0	4	4	7	0	12
chr10	47625224	47626330	1107	6	0	1107	647	460	92	30	38	61	45	32	35	34	33	24	37	28	51	25	33	47	38	24	12	37	38	28	19	32	29	40	14	27	41	25	9	47
chr10	47626335	47626653	319	6	0	319	236	83	36	12	17	29	10	9	5	7	17	3	5	8	31	8	7	30	13	4	2	13	7	2	1	4	1	2	0	1	10	6	1	16
chr10	47626654	47626689	36	6	0	36	19	17	2	2	3	0	2	1	1	1	1	0	0	1	2	1	1	0	1	2	0	2	3	3	0	1	1	1	0	0	0	1	0	1
chr10	47626690	47626882	193	6	0	193	132	61	15	8	10	16	6	3	5	11	10	5	4	6	17	2	6	7	10	4	0	4	4	0	0	5	2	0	2	4	9	5	0	11
chr10	47626884	47628654	1771	6	0	1771	1243	528	180	66	78	147	66	27	48	71	89	22	35	38	136	66	54	120	79	24	9	69	30	15	2	36	39	14	0	25	63	30	7	84
chr10	47628655	47628673	19	6	0	19	10	9	2	1	0	0	0	1	1	2	0	0	1	0	1	1	0	0	2	0	0	1	0	0	0	0	1	1	0	1	1	0	0	0
chr10	47628674	47631646	2973	6	0	2973	2119	854	317	95	121	268	126	56	70	124	124	42	51	92	234	83	82	232	133	49	5	89	69	15	1	55	59	20	3	46	115	56	5	134
chr10	47631647	47631701	55	6	0	55	46	9	11	3	2	8	3	0	0	2	1	0	0	1	8	1	0	5	0	1	0	2	1	0	0	0	2	0	0	0	2	0	0	0
chr10	47631702	47632044	343	6	0	343	251	92	34	6	17	38	15	4	4	12	14	3	7	15	31	8	14	27	6	4	0	11	7	1	0	6	9	3	0	6	14	6	0	19
chr10	47632046	47632082	37	6	0	37	21	16	0	1	2	1	1	1	0	2	0	2	1	2	3	1	2	1	1	1	1	2	1	1	1	2	0	0	0	0	1	3	0	1
chr10	47632084	47632209	126	6	0	126	89	37	13	7	6	10	3	5	2	4	5	2	2	3	15	5	2	3	8	4	1	6	1	1	3	1	0	0	0	0	5	1	0	6
chr10	47632216	47632269	54	6	0	54	43	11	10	0	2	7	1	1	1	2	3	1	0	0	5	0	2	7	3	0	0	0	0	0	0	1	1	0	0	1	0	1	0	3
chr10	47632270	47632305	36	6	0	36	25	11	3	0	2	4	2	1	1	0	1	1	1	3	3	0	0	3	1	0	0	1	1	0	0	0	0	1	0	1	2	0	0	2
chr10	47632306	47633803	1498	6	0	1498	961	537	137	61	50	90	54	39	38	54	46	14	38	50	101	48	48	92	62	30	22	48	39	32	9	46	37	25	9	29	47	39	12	50
chr10	47633806	47636114	2309	6	0	2309	1482	827	212	77	114	144	98	50	61	81	103	38	59	48	134	61	80	121	80	47	11	88	63	34	10	73	62	36	12	62	86	62	9	91
chr10	47636115	47636221	107	7	0	107	71	36	7	4	6	6	4	1	3	6	3	3	1	3	9	2	4	7	5	2	0	3	3	2	0	3	3	1	0	4	3	3	0	4
chr10	47636222	47636385	164	6	0	164	109	55	27	9	4	7	6	4	6	10	6	3	3	5	8	2	5	3	11	4	0	3	2	3	0	5	8	1	0	1	5	2	0	9
chr10	47636386	47636455	70	7	0	70	50	20	11	5	2	5	1	1	3	3	4	1	0	1	8	0	3	1	4	1	0	2	0	1	0	3	2	0	0	0	1	2	0	3
chr10	47636456	47636570	115	6	0	115	82	33	19	8	4	6	5	3	4	3	6	0	1	2	7	3	3	7	8	3	0	3	1	0	0	5	1	0	0	1	5	3	0	2
chr10	47636585	47636991	407	7	0	407	250	157	25	14	20	19	18	15	11	22	21	4	18	11	14	10	6	22	12	15	2	14	14	3	1	14	7	6	0	13	31	8	1	14
chr10	47636992	47637020	29	6	0	29	19	10	3	0	1	2	1	1	0	1	1	1	2	0	1	1	0	2	0	1	1	1	1	0	0	0	1	0	1	0	2	0	0	2
chr10	47637021	47637358	338	7	0	338	224	114	31	18	14	23	16	3	11	10	17	6	11	10	21	7	11	13	16	4	1	13	8	4	1	9	4	4	0	6	13	10	2	19
chr10	47637359	47637406	48	6	0	48	29	19	6	1	1	3	3	1	3	1	0	0	2	0	3	2	1	0	2	0	0	2	2	0	0	1	4	2	0	4	1	1	0	0
chr10	47637407	47637434	28	6	0	28	20	8	3	1	0	1	1	1	2	0	0	0	1	0	2	4	1	1	4	0	0	2	0	0	0	0	0	0	0	0	0	0	0	2
chr10	47637435	47637762	328	7	0	328	211	117	21	8	17	23	11	16	15	11	19	4	9	10	18	8	6	14	21	2	1	12	9	3	0	2	11	2	1	10	12	7	0	23
chr10	47637763	47638067	305	6	0	305	209	96	18	11	7	28	15	9	10	10	7	4	8	14	24	13	9	22	18	5	1	13	7	1	0	5	3	4	0	5	16	4	1	11
chr10	47638068	47638141	74	7	0	74	52	22	3	2	2	8	4	0	2	3	4	3	0	0	3	2	3	11	2	2	2	1	3	1	0	0	2	1	0	1	2	0	0	5
chr10	47638142	47638273	132	6	0	132	84	48	5	1	6	12	6	1	6	4	5	3	4	5	7	8	5	4	5	1	1	6	1	1	0	4	6	0	1	5	5	4	2	6
chr10	47638274	47638349	76	7	0	76	54	22	8	2	2	7	2	1	3	2	3	1	5	1	7	2	1	6	1	2	0	3	2	0	0	1	0	0	0	2	4	1	0	5
chr10	47638350	47638381	32	6	0	32	22	10	3	0	1	3	0	2	0	2	2	0	0	0	2	2	2	1	2	1	0	1	1	0	0	1	1	0	0	1	1	1	0	0
chr10	47638382	47638458	77	7	0	77	54	23	5	1	1	7	2	0	1	5	1	1	3	4	7	5	2	8	2	1	2	2	0	0	1	2	3	0	0	0	3	2	1	3
chr10	47638459	47638533	75	6	0	75	46	29	4	1	2	3	3	6	4	5	2	4	2	0	1	2	0	5	8	1	0	4	1	0	0	1	5	1	0	0	5	0	0	3
chr10	47638534	47638598	65	7	0	65	43	22	3	3	1	7	7	2	1	3	4	0	1	0	1	3	2	4	6	1	0	1	4	0	0	0	2	1	0	1	0	2	0	3
chr10	47638599	47638705	107	6	0	107	59	48	5	5	6	2	4	4	5	2	5	2	4	1	4	3	4	3	2	2	3	7	2	1	1	4	6	3	0	3	4	3	0	5
chr10	47638706	47638868	163	7	0	163	97	66	11	5	3	9	9	5	8	8	4	5	6	4	4	3	4	7	9	4	0	5	2	4	0	8	8	3	0	3	12	3	0	5
chr10	47638869	47639056	188	6	0	188	143	45	29	6	8	19	8	2	1	7	12	3	1	2	14	3	5	22	5	1	3	5	3	2	0	2	1	1	0	4	9	3	1	4
chr10	47639057	47639316	260	6	0	260	137	123	26	4	5	14	4	8	15	1	7	4	15	2	11	3	5	11	6	6	1	6	9	8	8	7	9	11	9	15	5	7	4	12
chr10	47639317	47639326	10	6	0	10	10	0	8	0	0	0	0	0	0	0	0	0	0	0	0	0	0	0	0	0	0	0	0	0	0	0	0	0	0	0	0	0	0	0
chr10	47639327	47639687	361	6	0	361	160	201	17	6	8	7	7	14	13	6	7	6	19	11	8	9	14	6	9	9	5	12	12	12	17	16	10	23	20	13	9	13	8	13
chr10	47639688	47639739	52	7	0	52	35	17	6	1	2	6	2	1	2	3	5	0	0	2	1	1	1	1	1	1	0	1	2	2	0	0	1	0	0	1	4	1	0	2
chr10	47639740	47639902	163	6	0	163	92	71	12	4	6	7	4	3	11	3	9	3	10	3	5	2	2	7	3	2	0	7	5	2	0	8	7	6	0	5	6	6	4	9
chr10	47639903	47639969	67	7	0	67	43	24	14	0	0	3	1	4	2	2	0	2	2	0	1	3	3	5	3	4	0	2	4	1	0	2	1	0	0	3	1	2	0	0
chr10	47639970	47640204	235	6	0	235	142	93	16	14	10	8	13	8	8	5	6	4	7	5	14	6	5	11	12	14	0	6	10	6	0	13	3	3	0	4	9	6	0	7
chr10	47640205	47640262	58	7	0	58	35	23	1	2	4	2	3	0	1	0	2	2	4	3	3	1	5	1	0	0	0	4	2	0	0	1	0	1	0	3	2	2	0	7
chr10	47640263	47640309	47	6	0	47	35	12	9	1	3	3	1	2	0	1	2	0	0	1	5	0	1	4	1	0	0	2	2	1	0	1	0	1	0	1	1	2	0	0
chr10	47640310	47640740	431	7	0	431	290	141	35	12	17	33	16	8	14	24	19	7	13	17	27	12	10	24	19	7	0	13	7	2	0	13	9	4	2	9	27	9	0	20
chr10	47640741	47640769	29	6	0	29	23	6	6	1	0	4	1	0	1	0	1	0	1	0	3	1	1	1	1	0	0	1	1	0	0	0	0	0	0	0	0	1	0	2
chr10	47640770	47640825	56	7	0	56	35	21	7	1	2	4	1	0	3	4	3	0	1	0	3	1	2	2	0	0	0	2	1	1	0	2	4	2	0	4	3	1	0	0
chr10	47640826	47640839	14	6	0	14	7	7	0	0	0	0	0	0	1	3	0	0	1	1	0	0	0	0	0	0	0	0	0	0	0	0	2	0	0	1	2	0	0	1
chr10	47640840	47640885	46	6	0	46	35	11	9	2	1	4	0	1	2	2	5	1	0	1	2	0	1	3	2	0	0	2	0	0	0	0	0	0	0	0	3	0	0	3
chr10	47640892	47641028	137	7	0	137	69	68	3	3	4	1	2	6	8	4	4	8	7	2	2	4	8	1	6	2	3	10	3	6	0	7	6	0	1	3	5	8	0	8
chr10	47641029	47641519	491	6	0	491	318	173	41	19	26	32	26	9	12	20	22	11	7	11	29	10	14	27	17	13	2	17	17	13	1	11	9	6	1	14	24	10	0	18
chr10	47641520	47641836	317	7	0	317	215	102	26	10	9	23	15	10	5	18	10	2	8	8	17	14	11	27	17	7	0	12	8	4	0	9	7	5	0	4	16	5	0	8
chr10	47641837	47641932	96	6	0	96	68	28	9	4	5	7	2	2	4	3	5	1	0	4	9	2	3	8	5	1	1	2	1	0	1	1	2	1	0	1	3	0	0	7
chr10	47641933	47641999	67	7	0	67	48	19	11	2	3	5	2	1	1	6	2	2	0	1	6	1	3	0	3	0	0	3	2	0	0	0	2	1	0	3	3	1	0	1
chr10	47642000	47643199	1200	6	0	1200	740	460	114	41	51	60	46	37	47	42	49	23	37	24	56	28	31	52	57	24	5	43	31	24	10	33	35	20	5	40	49	30	4	50
chr10	47643200	47643253	54	7	0	54	36	18	8	1	3	5	2	1	1	1	3	0	1	1	3	2	2	1	1	0	0	3	2	3	0	1	0	1	0	1	2	1	0	2
chr10	47643254	47644299	1046	6	0	1046	649	397	89	31	28	62	44	28	40	48	25	25	36	35	52	30	32	43	46	21	4	43	29	11	7	32	36	21	4	21	49	26	6	40
chr10	47644300	47644335	36	6	0	36	25	11	6	2	0	4	1	0	1	0	1	0	0	1	5	0	2	1	1	0	0	0	0	0	1	2	1	1	1	1	0	2	0	0
chr10	47644336	47644984	649	6	0	649	445	204	59	28	18	52	29	13	18	30	16	11	9	13	53	21	25	49	37	14	5	17	17	4	0	16	18	9	1	16	19	10	0	20
chr10	47644985	47645157	173	6	0	173	128	45	14	4	6	18	2	4	3	7	5	4	3	8	20	4	9	15	8	1	0	7	1	2	0	4	1	1	0	0	7	3	0	10
chr10	47645158	47645345	188	6	0	188	136	52	32	4	10	17	5	4	3	5	8	3	4	4	18	6	6	6	7	3	2	5	4	2	0	3	0	1	0	5	6	3	0	10
chr10	47645346	47645362	17	6	0	17	11	6	1	1	0	1	1	0	0	0	0	1	0	0	1	3	1	1	1	0	2	1	0	0	0	0	0	0	0	0	0	0	0	0
chr10	47645363	47645793	431	6	0	431	274	157	46	11	23	20	11	11	15	22	25	12	15	12	18	7	11	14	18	7	2	13	11	8	0	11	11	6	0	5	19	9	0	36
chr10	47645794	47645832	39	6	0	39	22	17	6	1	2	2	2	0	2	0	2	0	2	0	1	0	0	1	1	0	0	0	1	2	0	3	1	3	0	1	1	1	0	2
chr10	47645833	47646071	239	6	0	239	139	100	7	5	12	12	8	4	11	7	15	6	13	13	6	1	8	10	8	3	0	5	10	4	0	9	3	5	0	6	9	11	2	24
chr10	47646072	47646094	23	6	0	23	15	8	1	0	1	0	0	1	2	0	0	1	1	2	0	2	0	2	3	0	0	1	0	0	0	0	0	0	0	0	1	0	0	3
chr10	47646095	47646606	512	6	0	512	357	155	41	18	17	34	20	7	13	20	10	8	18	19	39	19	26	46	25	8	0	19	11	4	0	6	7	6	0	13	17	3	0	36
chr10	47646615	47647257	643	6	0	643	437	206	76	23	21	46	26	13	14	30	25	8	20	17	39	11	23	43	22	9	1	23	17	8	1	15	17	8	1	14	27	16	1	26
chr10	47647262	47647703	442	6	0	442	305	137	50	14	13	33	18	16	14	18	24	7	9	13	20	6	6	42	26	5	0	12	11	7	1	8	8	2	0	4	21	13	1	18
chr10	47647713	47647833	121	6	0	121	91	30	14	2	2	11	2	2	0	10	5	1	1	1	8	5	7	18	4	1	0	5	3	0	0	1	2	3	1	2	5	0	1	2
chr10	47647835	47649919	2085	6	0	2085	1290	795	175	56	71	127	76	50	79	73	80	31	72	63	99	61	69	107	69	41	17	71	69	40	8	67	56	45	8	57	84	58	9	95
chr10	47649920	47649955	36	6	0	36	16	20	0	0	0	3	1	3	3	0	1	0	2	1	1	1	0	0	2	0	0	2	2	2	0	2	2	3	0	1	1	1	0	0
chr10	47649956	47650216	261	6	0	261	129	132	16	6	6	6	14	10	13	7	3	8	17	6	2	7	6	1	8	9	2	12	18	9	0	11	7	12	3	6	11	7	3	13
chr10	47650224	47650806	583	6	0	583	303	280	37	14	18	24	19	26	30	13	17	12	22	14	19	10	16	11	19	20	4	19	33	19	5	26	21	25	6	18	15	19	7	23
chr10	47650807	47651283	477	6	0	477	276	201	39	7	13	29	15	24	21	14	15	8	21	13	18	3	13	22	15	10	2	15	19	10	2	17	19	19	2	14	21	9	4	22
chr10	47651286	47651353	68	6	0	68	42	26	17	7	0	1	5	2	1	2	2	0	2	1	0	0	0	0	4	4	0	1	5	5	0	2	0	0	0	0	1	3	0	1
chr10	47651354	47651375	22	6	0	22	15	7	0	1	3	0	0	0	0	0	1	0	0	0	3	1	1	3	0	1	0	1	0	1	0	2	0	0	0	0	0	1	0	1
chr10	47651376	47651720	345	6	0	345	198	147	17	16	8	13	14	12	17	21	12	8	7	11	11	10	6	15	23	11	2	9	20	5	1	11	7	7	2	10	14	14	1	8
chr10	47651721	47651801	81	6	0	81	44	37	5	1	2	5	2	1	4	4	2	0	3	1	4	4	4	2	3	1	0	2	5	2	1	3	2	5	0	5	1	2	1	2
chr10	47651802	47652548	747	6	0	747	433	314	59	26	19	37	31	21	27	35	30	5	31	24	21	21	18	28	28	19	4	22	38	15	3	26	19	25	5	19	29	23	10	27
chr10	47652549	47652566	18	6	0	18	6	12	0	0	0	0	0	3	1	0	0	1	1	0	0	0	0	0	1	1	0	1	1	1	0	1	1	1	0	0	1	1	0	0
chr10	47652567	47653441	875	6	0	875	528	347	63	33	33	42	39	26	37	15	25	20	31	22	44	23	29	44	27	27	3	45	34	15	4	28	20	22	4	20	36	17	7	38
chr10	47653442	47653470	29	6	0	29	16	13	2	0	2	0	0	1	0	1	1	1	3	0	1	2	1	0	0	0	0	3	0	0	0	2	0	1	1	0	2	1	1	1
chr10	47653471	47653530	60	6	0	60	34	26	3	3	4	1	1	3	3	0	3	1	3	0	4	1	2	1	2	0	0	5	5	1	0	0	0	2	0	2	0	3	0	5
chr10	47653531	47654076	546	7	0	546	290	256	31	12	10	24	15	19	25	16	11	14	29	10	19	16	17	20	17	18	2	24	31	19	6	21	11	17	7	19	16	23	7	18
chr10	47654077	47654096	20	6	0	20	10	10	1	1	1	1	1	0	1	1	2	0	1	0	0	0	0	0	0	0	0	0	0	1	0	1	1	1	0	1	2	0	0	1
chr10	47654097	47654900	804	7	0	804	487	317	56	26	42	35	34	24	23	34	37	19	34	26	33	16	22	25	29	13	12	31	21	14	2	28	15	7	1	27	49	31	1	35
chr10	47654902	47655502	601	7	0	601	350	251	37	12	27	28	20	27	23	22	36	7	28	20	12	14	10	26	24	11	1	24	21	21	1	24	11	9	1	11	35	26	1	29
chr10	47655503	47655541	39	6	0	39	22	17	1	1	0	3	2	0	1	3	3	1	1	0	0	0	3	1	1	0	0	1	2	2	0	2	0	3	0	1	3	1	0	1
chr10	47655542	47655598	57	7	0	57	28	29	0	2	3	0	2	4	4	2	4	2	0	1	0	0	1	1	2	4	0	3	7	1	0	1	1	1	0	2	2	3	0	2
chr10	47655599	47655611	13	6	0	13	9	4	0	1	1	1	1	0	0	1	2	0	0	1	0	0	0	0	0	0	0	0	0	0	0	0	0	0	0	0	2	0	0	1
chr10	47655612	47655737	126	7	0	126	69	57	3	7	4	1	3	3	8	5	5	4	6	4	4	3	5	4	6	2	2	7	5	4	0	2	2	0	0	6	5	6	0	8
chr10	47655738	47655828	91	6	0	91	33	58	2	1	2	1	3	4	5	2	0	2	6	3	1	1	0	0	1	5	0	2	5	5	5	6	4	9	0	3	4	3	2	2
chr10	47655829	47656406	578	7	0	578	296	282	49	21	15	18	27	22	31	12	15	5	31	9	12	10	11	7	15	22	3	18	31	19	4	29	25	25	4	26	22	18	5	15
chr10	47656408	47658165	1758	7	0	1758	1126	632	158	75	70	101	65	40	67	68	73	39	48	47	107	33	50	84	79	37	7	64	61	20	8	43	29	28	2	47	71	47	7	81
chr10	47658166	47658197	32	6	0	32	15	17	1	2	0	0	0	0	1	3	1	1	2	1	1	0	1	0	1	2	0	0	4	2	0	1	0	1	0	1	0	2	0	2
chr10	47658198	47658385	188	7	0	188	88	100	6	5	4	3	8	9	10	2	2	5	11	4	2	5	8	3	3	6	2	13	10	7	4	6	11	7	2	6	5	7	2	8
chr10	47658386	47658873	488	7	0	488	337	151	59	22	16	37	22	8	14	12	22	2	12	11	29	13	16	40	15	9	2	19	11	9	0	15	10	5	0	9	20	12	0	15
chr10	47658874	47658997	124	6	0	124	57	67	4	1	2	5	3	3	9	5	2	4	11	0	3	0	0	3	2	2	0	4	7	3	2	6	8	8	2	6	4	5	2	6
chr10	47658998	47659676	679	7	0	679	346	333	38	17	18	26	18	29	36	18	23	8	30	14	20	17	17	16	26	20	5	20	27	20	15	27	27	31	13	27	21	18	7	28
chr10	47659681	47659757	77	7	0	77	59	18	23	2	3	5	2	1	1	4	0	1	1	2	6	2	1	3	3	2	0	1	2	0	0	2	1	1	0	2	2	1	0	1
chr10	47659758	47659799	42	6	0	42	28	14	8	0	1	3	1	1	3	0	0	2	2	0	4	1	0	1	2	1	0	1	1	1	0	1	0	1	0	1	1	0	0	3
chr10	47659800	47660402	603	7	0	603	344	259	35	20	20	30	22	22	27	17	19	5	26	11	28	14	20	26	21	15	2	23	23	13	5	26	17	26	1	26	27	13	2	19
chr10	47660404	47660468	65	7	0	65	38	27	11	0	0	2	1	4	5	1	0	4	3	3	2	0	0	0	2	1	1	4	4	0	0	1	2	2	0	0	3	2	1	4
chr10	47660469	47660486	18	6	0	18	7	11	0	0	0	0	0	1	1	1	0	0	2	1	0	0	0	0	0	0	0	1	0	0	1	1	2	1	0	1	1	1	0	1
chr10	47660487	47660593	107	7	0	107	55	52	7	1	3	4	4	3	4	4	3	1	5	4	1	3	4	4	4	4	0	0	6	4	0	8	1	4	1	5	4	5	1	3
chr10	47660594	47660643	50	6	0	50	23	27	1	2	1	0	2	1	4	2	2	2	2	2	0	0	0	0	1	2	0	2	5	0	0	3	0	4	1	1	3	2	1	2
chr10	47660644	47660764	121	7	0	121	64	57	8	4	3	8	8	3	6	3	4	1	4	2	3	3	1	3	3	4	1	3	8	3	1	5	5	8	1	2	4	2	1	4
chr10	47660771	47660831	61	7	0	61	45	16	28	1	2	0	2	1	2	2	2	3	1	0	0	0	0	0	3	0	0	2	2	0	0	1	0	1	0	0	2	2	0	2
chr10	47660832	47660950	119	6	0	119	80	39	14	2	7	6	6	3	3	5	4	1	3	6	5	4	3	7	4	3	0	3	4	1	0	1	4	1	0	3	5	1	0	8
chr10	47660951	47663360	2410	7	0	2410	1434	976	201	77	81	126	96	82	96	76	70	45	89	56	118	54	63	103	96	61	12	89	89	54	11	92	66	62	16	67	99	69	11	81
chr10	47663361	47663392	32	6	0	32	26	6	7	1	1	3	0	1	0	1	0	1	1	1	4	0	1	3	0	0	0	2	0	0	0	0	0	0	0	0	2	0	0	1
chr10	47663393	47664233	841	7	0	841	498	343	70	17	27	55	29	22	39	29	27	17	34	27	44	15	22	23	24	21	3	23	28	16	4	43	21	28	2	24	46	26	1	32
chr10	47664239	47664570	332	7	0	332	164	168	17	7	5	17	15	17	16	5	7	4	24	5	8	5	4	7	8	10	1	13	17	12	6	14	14	15	5	12	14	12	4	10
chr10	47664574	47665111	538	7	0	538	325	213	52	14	16	39	33	17	20	11	11	10	16	10	24	14	13	23	18	17	1	19	29	14	0	20	15	17	0	16	19	15	3	10
chr10	47665112	47665121	10	6	0	10	7	3	1	1	1	0	1	0	0	0	0	0	0	0	1	0	0	0	0	0	0	1	0	0	0	0	2	0	0	0	0	0	0	0
chr10	47665122	47665169	48	7	0	48	33	15	2	4	2	2	2	0	2	0	3	0	0	1	2	4	5	3	1	1	0	5	0	0	0	1	2	0	0	0	1	0	0	3
chr10	47665170	47665651	482	7	0	482	331	151	43	17	21	34	15	11	14	24	23	7	9	12	33	16	12	38	24	9	2	16	10	2	1	14	8	2	1	11	22	14	0	15
chr10	47665653	47666093	441	7	0	441	292	149	48	19	20	27	21	11	11	11	19	4	13	8	26	15	19	18	16	4	3	26	11	5	1	11	11	6	0	11	16	13	0	15
chr10	47666094	47667987	1894	6	0	1894	1163	731	193	79	71	102	87	54	71	68	85	27	62	46	80	45	33	58	91	43	7	64	64	47	7	62	45	31	12	38	80	59	6	75
chr10	47667988	47669543	1556	7	0	1556	895	661	146	42	71	64	49	38	71	41	72	23	63	39	57	39	42	36	48	35	10	49	58	36	7	72	40	42	12	54	53	60	13	72
chr10	47669545	47670029	485	7	0	485	295	190	51	16	15	22	13	19	14	20	17	7	14	11	23	16	14	23	22	16	3	17	20	21	3	11	9	4	3	10	15	14	1	19
chr10	47670030	47670048	19	6	0	19	5	14	0	0	1	0	0	1	2	0	1	0	0	0	0	0	0	0	0	0	1	0	3	2	0	1	0	2	0	2	0	1	0	0
chr10	47670049	47671073	1025	7	0	1025	682	343	112	37	40	65	49	34	26	49	42	17	15	29	50	29	24	63	61	21	1	33	39	16	1	19	18	14	0	16	40	24	2	37
chr10	47671074	47671194	121	6	0	121	77	44	11	3	3	9	5	5	5	4	0	1	3	4	10	1	2	11	5	2	0	3	5	2	0	3	4	4	1	5	4	2	0	2
chr10	47671195	47671422	228	7	0	228	105	123	9	5	6	3	10	10	12	5	2	7	14	7	2	4	7	1	7	10	2	7	12	8	3	12	8	9	2	13	11	8	3	7
chr10	47671423	47671871	449	7	0	449	314	135	59	22	16	38	27	8	7	16	16	7	8	13	32	6	15	23	21	8	1	13	12	6	1	7	9	4	0	9	16	8	2	17
chr10	47671873	47671924	52	7	0	52	35	17	15	1	2	3	3	3	0	0	1	1	1	0	3	0	0	1	1	2	1	0	3	1	1	0	1	2	0	1	1	0	0	2
chr10	47671925	47671939	15	6	0	15	9	6	1	2	0	0	1	1	1	0	0	0	0	0	1	0	1	0	1	0	0	2	0	0	0	0	2	0	0	0	0	0	0	0
chr10	47671940	47672375	436	7	0	436	307	129	34	16	22	39	18	6	14	12	25	4	4	17	35	12	15	32	20	5	3	10	6	2	0	12	10	3	0	7	14	10	1	26
chr10	47672376	47672939	564	7	0	564	363	201	56	18	34	29	19	6	19	20	30	9	17	17	32	17	11	28	19	11	2	18	12	13	2	18	10	5	0	17	24	17	4	28
chr10	47672941	47673622	682	7	0	682	345	337	34	21	26	19	17	23	43	19	35	7	34	13	13	9	19	11	13	20	6	22	39	23	1	38	28	27	1	30	22	31	4	32
chr10	47673623	47673654	32	6	0	32	16	16	0	1	1	1	0	0	2	1	1	0	2	1	2	1	2	1	1	0	0	1	0	0	0	1	2	1	2	2	0	1	0	3
chr10	47673655	47673735	81	7	0	81	66	15	24	3	5	6	4	0	2	0	6	0	0	2	5	1	1	5	1	0	0	3	1	0	0	0	1	1	0	0	3	0	0	5
chr10	47673736	47673748	13	6	0	13	7	6	0	1	0	0	0	0	0	1	1	0	2	0	0	0	0	0	0	0	0	1	1	1	0	0	0	0	0	0	0	1	0	2
chr10	47673749	47674298	550	7	0	550	348	202	56	16	16	30	20	14	22	22	15	15	19	11	27	16	18	29	23	13	3	22	16	8	0	21	13	7	0	16	26	17	1	16
chr10	47674299	47674883	585	7	0	585	371	214	48	14	28	28	26	12	19	24	16	13	19	16	29	23	14	40	23	10	0	30	21	12	0	18	13	11	2	10	24	18	0	22
chr10	47674884	47674898	15	6	0	15	10	5	0	0	0	0	0	3	0	2	0	0	0	0	0	1	0	3	4	0	0	0	0	0	0	0	0	0	0	0	0	0	0	0
chr10	47674899	47675538	640	7	0	640	399	241	39	13	23	29	18	15	23	29	20	7	21	24	28	30	34	44	25	14	1	25	25	7	1	19	15	13	0	24	21	18	0	33
chr10	47675539	47675773	235	7	0	235	158	77	24	4	14	17	8	7	8	8	9	9	4	3	18	6	6	12	13	4	0	9	6	3	0	4	4	2	0	6	9	4	0	12
chr10	47675774	47675801	28	6	0	28	16	12	0	0	2	0	0	0	2	1	2	1	1	4	0	0	1	0	0	1	0	0	2	1	0	0	0	0	0	0	1	1	0	6
chr10	47675802	47675867	66	7	0	66	49	17	8	2	2	6	1	0	2	4	2	1	0	6	8	0	2	4	1	1	0	0	0	1	0	2	1	0	0	1	5	1	0	3
chr10	47675868	47675902	35	6	0	35	22	13	3	0	2	2	1	0	1	2	2	1	1	2	0	1	1	2	1	0	0	1	1	2	0	0	1	0	0	1	1	1	0	3
chr10	47675903	47676587	685	7	0	685	435	250	66	23	34	38	24	9	23	34	45	12	24	17	25	7	16	36	24	10	2	15	25	16	0	20	16	8	0	16	25	27	0	46
chr10	47676588	47676601	14	6	0	14	6	8	0	0	0	0	0	0	2	0	0	1	1	0	0	0	0	0	0	0	0	1	1	0	0	1	0	1	0	1	2	1	0	0
chr10	47676602	47676993	392	7	0	392	208	184	32	7	14	11	11	20	17	11	12	12	22	9	9	8	8	5	15	15	2	14	18	9	5	15	11	11	2	10	15	12	7	21
chr10	47676996	47678732	1737	7	0	1737	1079	658	151	62	61	94	65	45	75	63	79	31	45	45	72	48	66	76	88	33	3	62	57	34	3	57	44	31	3	42	59	52	3	86
chr10	47678733	47679042	310	7	0	310	157	153	12	6	11	11	13	12	16	10	7	4	15	11	7	9	10	2	11	9	1	10	17	14	1	11	11	14	2	15	12	6	2	16
chr10	47679045	47679979	935	7	0	935	542	393	95	25	35	38	38	32	35	34	24	17	42	26	35	16	19	30	32	25	3	30	40	23	6	36	26	30	4	28	40	27	5	37
chr10	47679980	47680293	314	7	0	314	177	137	26	8	9	15	12	13	14	8	12	3	16	8	9	6	8	9	7	8	4	11	18	9	0	9	11	8	1	12	11	11	1	15
chr10	47680294	47680345	52	7	0	52	34	18	2	3	0	2	3	0	2	6	0	0	1	6	2	1	1	4	3	0	0	2	2	0	0	0	3	0	0	1	3	2	0	1
chr10	47680346	47680362	17	6	0	17	5	12	0	1	0	0	0	1	1	0	1	0	0	0	0	0	0	0	1	0	1	1	1	1	2	0	0	3	1	0	0	0	0	0
chr10	47680363	47681359	997	7	0	997	582	415	90	29	43	45	38	29	41	35	39	16	37	24	40	27	21	28	24	31	4	42	47	26	4	34	32	20	6	28	40	35	2	38
chr10	47681360	47682046	687	7	0	687	393	294	84	11	25	24	25	26	31	24	16	18	22	20	20	20	18	8	30	17	4	24	29	15	3	28	18	24	4	22	29	19	5	22
chr10	47682047	47682472	426	7	0	426	287	139	43	19	20	27	13	6	12	17	24	9	10	7	29	7	15	27	18	10	0	13	7	8	0	19	7	6	0	1	16	10	0	24
chr10	47682473	47682563	91	6	0	91	43	48	13	1	1	0	3	4	5	0	0	4	7	2	0	2	0	0	3	2	2	4	4	2	2	3	2	3	4	3	3	4	3	3
chr10	47682564	47682713	150	7	0	150	73	77	10	5	2	3	5	4	9	7	3	6	7	2	2	3	5	0	6	6	2	4	6	4	1	10	5	7	1	5	7	5	2	4
chr10	47682714	47682745	32	6	0	32	13	19	1	0	2	1	1	2	1	0	1	0	1	1	1	1	0	0	0	0	0	2	3	3	1	1	1	2	0	1	0	2	1	0
chr10	47682746	47683149	404	7	0	404	235	169	28	13	23	17	21	13	15	10	17	7	19	9	15	6	9	12	12	7	1	19	13	7	1	15	15	14	1	12	19	8	3	21
chr10	47683150	47683161	12	6	0	12	10	2	2	1	1	0	0	0	0	1	1	0	0	0	1	0	0	1	0	0	0	1	0	0	0	0	0	0	0	0	1	0	0	0
chr10	47683162	47683246	85	7	0	85	70	15	32	0	3	8	1	1	0	3	1	1	1	0	8	4	3	3	2	1	0	3	1	0	0	1	2	0	0	1	0	1	0	2
chr10	47683247	47683280	34	6	0	34	14	20	1	1	1	0	2	0	2	1	0	1	4	1	0	0	0	0	1	0	0	1	3	1	0	1	1	2	1	2	0	2	1	2
chr10	47683281	47683445	165	7	0	165	71	94	10	2	3	4	4	6	10	3	2	2	8	2	3	4	6	1	2	4	3	5	11	7	3	8	7	11	8	10	4	6	0	4
chr10	47683446	47683489	44	6	0	44	16	28	0	0	1	0	0	1	4	0	1	1	4	4	0	0	0	0	0	0	1	1	1	2	1	4	1	3	1	1	3	2	3	2
chr10	47683490	47683943	454	7	0	454	305	149	49	19	22	31	25	11	8	22	17	4	11	11	29	17	10	18	18	10	2	21	12	10	0	8	13	2	0	9	22	8	0	13
chr10	47683944	47683983	40	6	0	40	24	16	3	3	1	0	4	1	4	0	1	1	0	1	0	1	1	1	3	1	0	2	0	0	0	1	5	0	0	1	1	0	0	2
chr10	47683984	47684423	440	7	0	440	290	150	45	14	15	30	17	6	15	14	15	8	11	14	27	16	15	26	14	9	0	21	12	7	3	14	8	8	2	4	18	12	1	17
chr10	47684424	47684457	34	6	0	34	12	22	0	2	0	0	0	1	1	0	1	0	2	0	1	2	1	0	1	3	0	1	0	10	0	3	0	0	0	0	1	1	0	1
chr10	47684458	47684545	88	7	0	88	46	42	4	4	5	2	6	4	4	4	1	2	0	1	4	2	1	1	7	4	0	1	6	4	0	3	4	3	0	5	1	2	0	1
chr10	47684546	47684668	123	6	0	123	71	52	17	7	3	2	7	2	6	4	1	3	9	3	4	1	0	1	6	0	0	7	5	2	1	2	3	5	1	3	5	2	2	7
chr10	47684669	47685171	503	7	0	503	256	247	25	13	17	18	17	22	25	11	10	8	22	12	22	7	10	15	18	16	3	13	28	17	7	22	10	26	11	23	19	15	3	16
chr10	47685172	47685368	197	6	0	197	107	90	23	2	5	8	8	6	11	6	4	2	12	5	3	5	5	1	5	6	0	4	9	5	0	8	10	6	2	10	7	5	2	10
chr10	47685369	47685496	128	7	0	128	77	51	16	3	5	4	4	5	5	4	6	2	6	8	1	1	2	4	7	1	1	2	2	4	0	5	3	1	0	2	6	6	1	9
chr10	47685497	47685529	33	6	0	33	17	16	1	0	3	1	2	0	1	0	2	0	1	1	0	1	3	0	0	0	0	1	0	1	0	3	2	3	0	1	2	0	0	2
chr10	47685530	47685607	78	7	0	78	49	29	4	1	2	5	4	1	2	1	3	1	4	5	1	2	6	7	1	1	0	3	2	1	0	3	1	1	0	2	4	2	0	6
chr10	47685608	47685640	33	6	0	33	22	11	1	1	1	0	1	2	1	2	0	0	0	1	1	3	1	7	4	1	0	1	0	0	0	0	1	0	0	1	0	0	0	1
chr10	47685641	47686082	442	7	0	442	268	174	31	12	18	31	14	13	12	15	25	8	21	5	21	8	14	19	15	8	1	16	16	14	1	19	10	10	0	4	13	18	2	26
chr10	47686083	47686120	38	6	0	38	25	13	4	1	1	3	2	1	1	0	0	1	1	1	3	2	3	0	2	0	0	2	0	0	0	2	0	1	0	1	2	1	0	1
chr10	47686121	47686225	105	7	0	105	57	48	5	3	4	4	2	2	6	4	6	1	4	4	3	2	5	2	3	1	0	3	4	4	0	5	5	3	0	4	2	5	0	7
chr10	47686226	47686427	202	7	0	202	110	92	26	3	2	6	4	9	13	6	4	3	10	5	4	5	6	3	4	7	2	7	10	4	0	9	9	7	2	8	9	5	2	6
chr10	47686428	47686471	44	6	0	44	17	27	0	1	1	0	1	2	4	0	1	1	4	2	0	0	0	0	0	3	0	1	1	1	0	6	1	2	0	2	5	3	0	0
chr10	47686472	47686628	157	7	0	157	89	68	11	4	6	11	5	3	8	3	5	3	8	1	10	2	3	5	6	0	3	3	5	4	0	10	3	8	1	8	5	7	0	4
chr10	47686629	47686641	13	6	0	13	9	4	1	2	0	0	1	1	0	0	0	0	0	0	1	1	1	0	2	0	0	1	0	0	0	0	0	0	0	0	0	0	0	0
chr10	47686642	47686823	182	7	0	182	118	64	18	4	10	13	11	4	5	5	11	5	4	6	5	6	3	8	6	5	0	7	8	1	1	4	0	1	1	2	11	6	0	9
chr10	47686824	47686847	24	6	0	24	18	6	4	1	2	0	0	1	0	1	2	0	0	0	2	0	1	3	0	0	0	2	1	0	0	0	0	0	0	0	1	1	0	0
chr10	47686848	47686951	104	7	0	104	64	40	13	8	6	4	8	2	0	3	4	0	3	2	6	2	1	1	5	4	0	3	5	8	1	1	0	1	1	0	2	2	0	6
chr10	47686952	47686965	14	6	0	14	8	6	1	0	0	0	1	0	1	0	0	0	1	0	0	1	1	0	1	0	0	0	0	0	0	0	1	0	0	3	1	0	0	0
chr10	47686966	47687108	143	7	0	143	68	75	4	1	2	3	6	5	12	5	0	4	11	3	1	3	3	3	5	3	0	5	9	5	0	4	7	6	0	13	8	4	0	6
chr10	47687109	47687264	156	7	0	156	113	43	20	3	8	15	6	1	1	9	8	0	3	7	12	2	2	14	2	3	0	1	7	2	0	2	4	1	0	3	5	5	0	8
chr10	47687265	47687511	247	7	0	247	119	128	21	5	3	2	6	12	18	4	4	6	17	10	1	3	6	0	6	7	2	11	13	5	1	13	8	12	3	9	13	9	4	11
chr10	47687512	47687613	102	6	0	102	49	53	4	3	4	4	6	5	3	1	3	1	5	2	2	1	0	5	2	3	2	2	8	5	1	4	1	7	2	3	4	3	1	3
chr10	47687614	47687937	324	7	0	324	192	132	18	10	11	19	14	12	8	12	9	5	10	8	17	7	12	18	10	11	2	11	16	9	0	13	7	11	2	8	13	7	2	10
chr10	47687938	47688004	67	7	0	67	37	30	7	2	0	3	1	2	3	0	0	1	3	1	3	4	5	0	1	4	2	2	3	1	2	1	0	2	1	5	2	0	1	3
chr10	47688005	47688022	18	6	0	18	10	8	0	1	1	2	2	0	1	0	2	0	1	0	0	0	0	0	0	0	0	0	0	0	0	1	1	0	0	1	1	1	0	1
chr10	47688023	47688452	430	7	0	430	234	196	40	7	10	16	16	20	18	11	3	14	29	10	14	8	11	7	13	14	1	21	24	9	4	15	8	12	3	15	20	17	2	16
chr10	47688453	47688486	34	6	0	34	13	21	1	0	1	0	1	3	3	0	0	1	2	0	0	0	0	0	1	1	0	2	3	1	0	1	2	2	1	2	1	1	1	1
chr10	47688487	47689281	795	7	0	795	412	383	49	28	28	24	35	28	39	20	16	16	39	15	29	13	21	11	24	21	5	35	37	27	9	35	30	39	9	24	31	21	3	32
chr10	47689282	47689337	56	6	0	56	25	31	0	0	3	1	1	3	4	2	3	1	1	1	0	2	2	0	2	1	1	2	3	1	0	3	3	4	1	3	3	1	0	2
chr10	47689338	47689550	213	7	0	213	119	94	20	3	5	12	5	10	8	2	6	4	10	7	10	3	6	7	8	5	4	3	6	3	4	11	3	9	4	6	8	6	4	9
chr10	47689551	47690865	1315	7	0	1315	850	465	129	49	59	69	47	31	61	47	71	24	31	39	60	30	23	79	57	24	6	47	39	14	5	27	26	14	4	36	64	32	5	64
chr10	47690866	47690886	21	6	0	21	11	10	0	0	1	0	0	0	2	0	1	1	1	1	0	0	2	1	0	0	0	1	1	1	0	0	0	0	0	2	1	0	0	3
chr10	47690887	47690990	104	7	0	104	69	35	10	1	5	9	2	1	3	4	8	2	5	4	6	3	4	1	3	0	0	4	2	0	1	2	1	0	0	3	4	5	1	8
chr10	47690991	47691078	88	7	0	88	60	28	9	3	3	6	1	3	2	7	4	1	1	3	7	1	3	5	3	1	0	3	4	0	0	1	2	2	0	2	4	2	0	3
chr10	47691081	47691289	209	7	0	209	134	75	24	8	10	11	8	7	8	4	7	3	5	4	13	6	6	9	7	6	1	10	7	2	2	4	6	3	0	7	6	4	1	8
chr10	47691290	47692739	1450	7	0	1450	833	617	92	42	59	69	62	48	63	40	44	25	66	29	66	31	35	60	55	27	6	58	55	39	6	61	55	40	5	46	48	55	3	58
chr10	47692740	47692915	176	7	0	176	91	85	19	1	4	6	8	8	13	2	1	4	11	3	3	3	2	1	5	6	0	5	7	2	1	10	11	8	3	8	8	4	0	7
chr10	47692917	47693048	132	7	0	132	59	73	6	5	1	3	3	7	5	4	5	2	6	3	1	1	3	2	5	6	2	2	8	6	5	7	2	9	2	3	5	5	3	3
chr10	47693049	47693073	25	6	0	25	15	10	0	2	1	1	1	1	0	2	1	1	0	1	2	1	1	0	4	0	0	0	0	0	1	0	0	0	0	0	0	0	1	2
chr10	47693074	47693259	186	7	0	186	125	61	16	6	10	14	7	4	3	5	10	2	5	5	13	7	8	10	9	4	0	4	2	0	1	7	2	1	1	6	6	5	2	9
chr10	47693260	47693394	135	6	0	135	65	70	13	2	4	2	6	6	8	1	2	4	7	3	0	3	3	0	5	3	2	5	6	3	3	4	7	6	4	5	4	4	1	7
chr10	47693395	47693450	56	7	0	56	19	37	2	0	0	1	0	1	5	0	2	1	2	0	0	1	2	1	1	1	0	1	2	2	2	5	2	5	7	3	1	3	1	0
chr10	47693451	47693467	17	6	0	17	13	4	5	0	0	2	1	0	0	0	0	0	0	0	1	1	1	1	1	0	0	0	0	0	0	0	0	1	0	1	0	0	0	0
chr10	47693468	47693821	354	7	0	354	194	160	15	9	8	19	12	15	16	7	10	2	15	11	15	9	11	19	16	8	2	9	11	8	7	14	8	16	6	16	14	8	5	11
chr10	47693823	47694200	378	7	0	378	248	130	48	17	7	28	13	3	13	16	12	7	13	8	28	10	14	10	15	9	2	10	10	6	2	13	9	6	0	7	11	10	2	17
chr10	47694201	47694261	61	6	0	61	47	14	21	1	3	2	1	1	1	0	3	1	1	4	4	0	2	0	1	1	0	1	0	0	1	1	0	0	0	0	2	1	1	5
chr10	47694262	47694344	83	7	0	83	56	27	13	4	4	4	3	3	3	3	8	1	1	2	2	1	2	1	7	0	0	2	3	1	0	1	0	0	0	0	2	4	0	6
chr10	47694345	47694377	33	6	0	33	19	14	0	3	2	0	2	1	1	0	2	0	0	1	1	1	3	1	0	1	0	4	2	1	0	0	0	0	0	2	2	1	0	0
chr10	47694378	47694435	58	7	0	58	44	14	18	1	2	2	2	0	1	0	2	0	0	2	0	3	2	7	1	2	0	1	1	3	0	2	0	0	0	0	1	1	0	2
chr10	47694436	47694538	103	6	0	103	45	58	1	3	2	1	5	5	9	1	2	1	10	4	0	0	0	0	1	2	1	5	5	2	0	6	9	5	1	3	5	4	1	7
chr10	47694539	47694669	131	7	0	131	60	71	7	2	2	4	4	5	7	1	2	4	5	2	2	4	5	3	3	6	1	5	8	6	3	8	2	9	2	4	4	4	2	3
chr10	47694670	47694713	44	6	0	44	15	29	1	1	1	1	1	1	2	0	1	0	2	1	1	1	0	0	1	1	0	1	4	2	1	2	0	5	6	1	0	2	1	1
chr10	47694714	47695231	518	7	0	518	297	221	25	16	22	22	14	13	23	23	28	12	15	12	18	13	26	15	21	9	0	24	18	14	2	23	12	13	1	16	22	21	0	23
chr10	47695232	47695256	25	6	0	25	15	10	0	1	0	3	0	0	2	2	1	0	2	1	2	0	0	0	0	0	0	1	0	0	0	1	1	1	0	1	3	0	0	1
chr10	47695257	47695482	226	7	0	226	118	108	9	6	9	10	10	8	8	13	5	3	8	4	9	7	7	1	9	6	0	9	10	13	1	9	13	6	2	9	7	8	0	5
chr10	47695483	47695842	360	8	0	360	223	137	25	11	13	22	13	6	14	7	17	3	12	14	16	14	17	19	13	9	4	8	11	7	1	16	6	3	0	11	10	16	0	20
chr10	47695843	47695972	130	6	0	130	84	46	11	4	9	7	4	4	2	3	7	1	4	4	9	3	4	8	5	1	1	5	4	2	0	4	2	1	0	3	2	6	1	7
chr10	47695973	47696385	413	8	0	413	280	133	40	10	13	30	13	8	11	18	14	5	5	12	27	12	21	40	10	10	2	13	10	3	1	15	16	7	0	9	13	9	1	13
chr10	47696387	47697086	700	8	0	700	465	235	65	24	35	46	18	12	23	26	43	13	24	15	45	22	26	27	28	15	3	25	19	3	1	17	7	5	0	16	25	18	2	50
chr10	47697087	47697102	16	6	0	16	12	4	3	0	0	2	0	0	0	1	1	0	0	0	1	0	2	1	0	0	0	1	0	0	0	1	0	0	0	0	0	1	0	0
chr10	47697103	47697531	429	8	0	429	296	133	37	12	24	23	12	7	11	15	23	5	9	13	24	15	16	49	15	7	0	18	10	4	0	13	6	3	0	7	14	13	0	22
chr10	47697532	47701479	3948	6	0	3948	2472	1476	340	121	140	226	155	105	160	139	142	62	117	106	190	103	125	240	166	83	5	137	135	77	3	136	109	85	8	104	148	106	8	165
chr10	47701480	47738479	37000	7	0	37000	22707	14293	3194	1174	1473	2002	1404	1014	1413	1351	1498	601	1164	1012	1746	955	1014	1691	1528	812	177	1227	1270	778	168	1171	939	783	176	988	1445	1015	137	1678
chr10	47738480	47739149	670	8	0	670	372	298	58	18	23	27	24	20	32	26	19	9	36	14	25	11	14	15	21	17	1	19	33	18	1	34	23	20	1	32	25	31	1	20
chr10	47918384	47918435	52	6	0	52	38	14	12	0	12	0	0	0	0	0	12	0	1	0	0	0	0	0	0	0	0	0	0	0	0	0	0	0	0	0	0	0	0	13
chr10	47985987	47986453	467	8	0	467	316	151	60	21	25	25	24	11	8	16	24	8	10	9	22	11	13	28	22	7	3	19	11	4	0	13	6	3	4	7	20	13	1	17
chr10	47987500	47989097	1598	9	0	1598	766	832	45	41	66	33	58	56	91	49	51	40	71	34	31	27	42	30	75	39	9	41	73	86	12	94	56	70	10	70	50	70	11	65
chr10	47989099	47989124	26	9	0	26	13	13	0	0	2	0	0	1	2	0	0	1	1	0	2	2	2	0	2	0	0	2	1	1	0	1	0	0	0	2	0	2	0	0
chr10	47989126	47989209	84	9	0	84	36	48	1	1	2	0	1	1	8	2	2	3	6	3	0	2	3	1	1	2	0	4	4	7	0	5	2	2	0	6	5	5	0	3
chr10	47989211	47989228	18	9	0	18	10	8	0	1	0	1	1	1	1	1	2	0	1	0	0	0	0	0	1	0	0	1	1	0	0	1	0	0	0	0	1	2	0	0
chr10	47989230	47989358	129	9	0	129	47	82	0	2	4	1	0	10	11	2	7	2	7	1	0	0	0	0	3	4	2	4	7	9	3	6	9	6	2	8	4	6	3	4
chr10	47989359	47989445	87	8	0	87	33	54	1	1	1	1	1	3	8	4	0	2	4	1	2	3	1	0	3	5	0	1	1	5	4	6	10	1	3	6	2	4	0	1
chr10	47989446	47989462	17	9	0	17	9	8	2	1	0	1	1	0	2	0	1	0	0	1	0	0	0	0	0	1	0	0	1	0	0	0	0	1	0	1	1	0	0	1
chr10	47989463	47989688	226	8	0	226	105	121	8	2	8	4	2	10	20	3	9	10	13	3	3	1	6	2	7	6	1	9	9	7	2	16	8	10	0	10	11	11	1	12
chr10	47989690	47989730	41	8	0	41	22	19	0	2	1	1	1	2	4	0	1	1	1	0	3	0	0	3	4	0	0	1	1	2	0	2	2	2	0	2	1	1	0	1
chr10	47989732	47989828	97	8	0	97	44	53	6	2	4	0	4	3	5	3	2	2	8	1	0	0	2	2	5	2	0	0	6	5	0	7	3	8	0	2	1	3	0	9
chr10	47989829	47989838	10	8	0	10	4	6	0	0	0	0	0	1	1	1	0	0	0	1	0	0	0	0	0	0	0	0	1	0	0	0	2	0	0	0	0	0	0	1
chr10	47989840	47989899	60	8	0	60	23	37	0	1	0	0	0	1	6	2	1	1	7	4	0	0	0	0	1	0	1	1	3	4	1	5	3	2	0	1	1	6	0	6
chr10	47989901	47991652	1752	8	0	1752	759	993	37	32	66	18	51	63	131	51	54	56	90	28	11	22	34	15	57	61	4	50	91	108	18	122	76	89	5	82	72	80	9	67
chr10	47991653	47991684	32	8	0	32	13	19	1	0	1	1	1	1	3	0	0	0	2	1	1	1	0	0	0	1	0	1	4	2	0	2	1	1	0	2	0	2	0	1
chr10	47991685	47992129	445	8	0	445	176	269	10	6	12	7	10	22	36	7	9	7	24	6	6	8	4	2	16	13	3	11	30	32	8	24	18	34	9	23	11	14	4	17
chr10	47992130	47992161	32	8	0	32	14	18	2	0	0	1	0	2	1	4	1	0	1	1	0	0	0	0	0	2	0	0	3	2	1	0	1	2	1	2	3	0	0	0
chr10	47992162	47992212	51	8	0	51	33	18	1	1	0	5	2	1	1	4	1	0	1	1	4	1	2	6	0	0	1	2	2	0	1	1	5	2	0	1	1	2	0	0
chr10	47992213	47992246	34	8	0	34	18	16	7	0	1	1	1	1	0	1	2	0	1	0	0	0	0	2	0	0	0	0	0	5	2	1	1	2	0	1	2	1	0	0
chr10	47992247	47992496	250	8	0	250	98	152	2	4	4	2	3	15	19	13	5	7	13	5	2	1	1	2	7	14	1	5	23	11	6	13	10	18	1	11	9	11	2	8
chr10	47992497	47992723	227	8	0	227	97	130	3	6	10	2	4	7	17	6	13	1	15	2	1	4	3	2	6	7	2	3	14	12	3	11	7	10	2	21	8	12	1	10
chr10	47992724	47992807	84	8	0	84	26	58	1	1	0	0	1	1	4	4	0	0	3	4	0	3	1	2	2	3	0	0	6	10	7	4	0	8	5	5	1	6	0	0
chr10	47992808	47992964	157	8	0	157	98	59	13	5	6	8	8	3	4	6	3	1	3	6	7	8	5	10	6	6	1	4	8	2	0	5	5	2	2	5	3	5	1	4
chr10	47992965	47992993	29	8	0	29	22	7	3	3	1	2	0	0	0	2	1	0	0	2	4	0	2	0	2	0	0	1	0	0	0	1	0	0	0	0	0	1	0	2
chr10	47992994	47993314	321	8	0	321	177	144	13	11	13	10	16	15	21	7	13	6	8	9	5	9	7	12	20	9	2	10	16	4	0	12	11	7	2	14	12	12	0	13
chr10	47993315	47993370	56	8	0	56	35	21	8	2	4	2	2	3	1	1	3	0	3	0	3	0	2	1	1	2	0	2	0	0	1	1	3	0	0	3	3	0	0	3
chr10	47993371	47993441	71	8	0	71	51	20	12	1	4	8	4	0	1	1	4	0	2	1	4	2	2	4	2	0	0	1	1	2	0	1	3	0	0	3	0	2	0	4
chr10	47993443	47993500	58	8	0	58	44	14	7	4	4	2	0	0	1	4	0	1	1	2	8	2	2	4	2	1	0	4	0	0	0	1	1	0	0	1	2	0	0	2
chr10	47993501	47993734	234	8	0	234	108	126	8	3	3	6	4	11	16	12	3	4	9	5	6	2	1	13	5	10	0	5	17	11	7	10	12	19	1	8	10	5	0	6
chr10	47993736	47993782	47	8	0	47	20	27	0	1	0	1	0	2	3	3	1	2	3	2	1	0	1	0	1	2	0	2	3	3	1	3	1	1	0	0	2	3	1	2
chr10	47993784	47993833	50	8	0	50	22	28	2	1	2	1	1	2	2	3	3	2	2	0	0	0	0	0	0	4	1	0	5	2	0	2	2	1	0	3	1	3	1	2
chr10	47993835	47993860	26	8	0	26	14	12	1	0	2	0	0	0	0	2	2	0	6	0	0	0	0	0	0	0	0	0	0	1	0	1	0	0	0	0	2	0	0	7
chr10	47993862	47993922	61	8	0	61	33	28	1	1	2	1	2	3	3	2	0	2	1	3	2	2	5	2	2	1	0	5	2	2	0	3	2	4	0	0	3	0	0	3
chr10	47993932	47993941	10	8	0	10	2	8	0	0	0	0	0	1	1	0	0	0	0	0	0	0	0	0	0	1	0	0	1	0	0	1	1	2	0	0	0	0	0	0
chr10	47993942	47994018	77	8	0	77	33	44	1	0	2	1	2	4	4	3	0	3	5	6	1	1	0	0	2	4	1	1	6	2	0	5	1	4	1	2	4	4	2	3
chr10	47994019	47994213	195	8	0	195	97	98	11	9	2	5	7	7	12	5	5	2	11	1	4	6	7	1	7	7	1	9	11	8	2	10	8	9	1	6	5	7	0	7
chr10	47994214	47994601	388	8	0	388	221	167	29	11	22	9	11	6	26	16	21	11	14	14	9	4	10	7	15	5	0	12	8	11	0	15	17	5	1	17	19	13	1	27
chr10	47994609	47994914	306	8	0	306	164	142	22	8	4	8	8	9	18	12	8	7	9	7	6	8	15	13	10	11	1	10	13	14	1	17	12	11	0	11	12	9	2	8
chr10	47994916	47995880	965	8	0	965	560	405	74	24	37	50	51	33	39	42	31	25	25	24	28	21	17	38	47	22	1	33	47	27	6	28	31	27	4	26	39	32	3	31
chr10	47995881	47995993	113	8	0	113	80	33	25	2	3	9	6	0	3	2	6	2	3	3	4	1	3	6	2	0	0	3	4	2	0	2	0	2	2	2	5	4	0	5
chr10	47995995	47996820	826	8	0	826	459	367	44	21	26	34	23	28	37	40	22	19	38	17	37	20	23	28	34	26	1	27	40	25	3	37	21	26	3	28	33	28	3	32
chr10	47996821	48002477	5657	8	0	5657	2479	3178	190	89	169	101	139	218	385	167	153	165	288	103	68	65	116	61	166	187	38	146	331	370	63	358	211	314	49	236	202	251	38	218
chr10	48002478	48002531	54	8	0	54	28	26	1	2	2	2	5	0	3	1	1	3	1	1	0	1	4	0	1	0	0	4	3	1	0	2	1	3	0	4	4	2	0	0
chr10	48002532	48003120	589	8	0	589	295	294	25	14	21	20	21	27	37	16	20	18	24	15	14	6	7	9	26	16	6	16	38	18	3	25	18	23	4	23	20	27	5	25
chr10	48003121	48003153	33	8	0	33	17	16	0	1	2	2	1	1	1	0	3	0	3	1	1	0	0	1	0	2	0	0	1	0	0	2	1	0	1	1	1	1	1	3
chr10	48003154	48003230	77	8	0	77	33	44	0	0	0	2	0	7	4	1	2	3	10	0	0	0	3	1	3	2	2	3	4	3	0	6	1	3	0	0	3	5	0	7
chr10	48003231	48003291	61	8	0	61	25	36	1	1	1	0	1	3	4	2	1	1	7	1	0	1	0	1	1	1	0	3	5	5	0	3	3	2	0	1	1	5	0	4
chr10	48003292	48003346	55	8	0	55	29	26	3	2	0	3	0	1	5	2	4	1	3	2	0	0	1	1	2	1	0	1	3	2	1	0	1	1	1	2	2	2	0	6
chr10	48003347	48003741	395	8	0	395	210	185	18	11	11	18	14	11	24	13	10	4	20	10	17	9	4	14	12	10	2	11	16	11	5	22	19	18	0	15	15	15	3	11
chr10	48003745	48003952	208	8	0	208	99	109	8	8	9	5	8	8	11	5	12	1	11	4	2	2	2	2	8	4	3	4	10	14	0	14	9	6	1	8	6	14	0	7
chr10	48003953	48004000	48	8	0	48	20	28	0	1	1	0	0	1	5	0	3	1	7	0	0	0	0	0	0	1	1	1	2	2	0	3	2	0	1	3	2	4	0	5
chr10	48004001	48005398	1398	8	0	1398	778	620	87	42	44	73	39	45	67	49	67	19	57	42	53	28	25	40	42	34	9	48	63	52	9	63	37	34	10	33	59	67	10	49
chr10	48005409	48005575	167	8	0	167	97	70	33	3	3	6	6	6	7	4	1	3	6	4	4	3	3	4	4	8	0	3	12	5	0	9	2	7	2	3	5	6	0	3
chr10	48005576	48005734	159	8	0	159	77	82	14	4	2	4	8	6	10	6	2	0	10	4	1	3	2	0	4	5	1	3	10	3	2	9	11	9	0	8	5	7	1	3
chr10	48005735	48005988	254	8	0	254	122	132	10	11	8	5	11	11	15	9	8	4	9	4	4	5	5	2	11	10	1	9	14	8	4	14	10	15	2	8	11	7	1	6
chr10	48005990	48006020	31	8	0	31	10	21	0	0	0	1	1	1	2	1	0	1	2	0	0	0	0	0	0	0	1	1	3	1	1	1	3	4	2	1	0	1	0	1
chr10	48006023	48006170	148	8	0	148	99	49	16	4	5	14	7	4	2	2	4	1	5	2	12	6	4	10	4	6	0	5	6	6	0	5	1	2	0	1	4	3	0	5
chr10	48006172	48006210	39	8	0	39	23	16	1	2	1	3	3	1	0	3	2	0	1	1	0	1	0	3	1	1	0	1	2	0	2	0	3	1	0	0	1	2	0	1
chr10	48006212	48006355	144	8	0	144	80	64	8	8	8	2	5	4	5	5	9	4	3	2	4	2	5	5	5	3	2	7	6	8	1	4	3	1	1	3	5	7	0	7
chr10	48006357	48006404	48	8	0	48	32	16	5	1	3	3	1	1	1	2	2	2	1	0	4	1	2	3	2	0	0	2	1	0	0	1	1	1	0	2	1	1	0	2
chr10	48006406	48006552	147	8	0	147	96	51	10	3	5	11	5	4	3	12	9	2	1	5	5	5	3	11	10	2	1	1	5	0	1	4	4	3	0	3	6	5	2	4
chr10	48006554	48006574	21	8	0	21	15	6	1	0	0	1	0	1	1	0	0	0	0	1	1	2	1	4	2	0	0	1	0	0	0	0	1	0	0	1	1	0	0	0
chr10	48006576	48007129	554	8	0	554	282	272	31	11	19	21	19	16	30	11	19	10	16	17	13	11	12	24	12	22	6	8	28	24	9	30	16	28	9	17	20	17	4	22
chr10	48007131	48007202	72	8	0	72	32	40	1	2	1	1	3	5	7	0	1	3	7	1	0	0	0	0	2	2	0	6	4	2	0	3	5	1	0	2	4	3	0	4
chr10	48007204	48008220	1017	8	0	1017	562	455	64	18	46	36	27	32	60	38	46	28	47	24	27	15	24	30	29	21	1	41	42	27	0	43	37	30	2	35	48	34	5	58
chr10	48008221	48008338	118	8	0	118	64	54	5	3	7	5	6	4	3	5	6	2	5	0	2	4	5	0	3	4	0	6	6	3	1	4	3	3	0	8	6	4	1	2
chr10	48008339	48009077	739	8	0	739	400	339	57	10	30	27	30	20	38	30	23	11	38	23	15	17	16	14	21	16	4	17	30	13	8	24	39	24	5	42	28	23	5	39
chr10	48009078	48009158	81	8	0	81	29	52	0	1	0	1	0	5	6	1	2	1	5	0	1	2	3	0	2	4	1	2	6	4	2	7	2	7	2	4	2	4	1	1
chr10	48009159	48009172	14	8	0	14	14	0	12	0	0	0	0	0	0	0	0	0	0	0	0	0	0	0	0	0	0	0	0	0	0	0	0	0	0	0	0	0	0	0
chr10	48009173	48009294	122	8	0	122	55	67	5	2	2	2	2	6	6	6	1	2	6	7	3	2	2	1	3	6	1	1	8	5	2	7	3	7	2	4	6	5	1	4
chr10	48009295	48009319	25	8	0	25	15	10	4	0	0	3	1	0	1	1	1	0	0	0	1	1	1	0	1	0	0	0	2	1	0	0	0	2	0	2	0	1	0	0
chr10	48009320	48010291	972	8	0	972	531	441	85	21	18	41	27	43	47	34	22	20	34	26	32	26	25	29	37	24	19	30	41	23	12	40	35	42	8	27	38	28	9	27
chr10	48010301	48010350	50	8	0	50	19	31	0	0	1	1	1	1	5	2	1	1	3	1	0	0	0	0	1	1	0	1	4	2	1	4	3	3	1	3	1	5	0	1
chr10	48010351	48010513	163	8	0	163	57	106	1	1	2	0	0	8	18	4	3	5	10	2	0	1	1	0	4	5	4	2	9	9	5	8	12	11	2	14	5	6	1	8
chr10	48010514	48010527	14	8	0	14	9	5	1	0	0	1	1	0	0	1	1	0	1	0	0	0	0	2	0	0	0	0	1	0	0	1	0	0	0	0	1	1	0	0
chr10	48010537	48010565	29	8	0	29	15	14	1	1	3	0	0	1	0	0	3	1	2	0	1	0	0	1	0	0	2	1	1	1	0	2	0	0	0	0	0	3	1	2
chr10	48010566	48010802	237	8	0	237	107	130	4	6	6	5	9	10	16	7	6	8	11	6	2	2	4	4	9	6	2	9	16	11	3	9	8	11	3	11	10	11	2	8
chr10	48010803	48010950	148	8	0	148	59	89	4	2	3	0	3	2	13	9	1	5	7	6	1	2	0	1	1	3	1	4	14	5	2	6	8	11	4	9	4	8	3	4
chr10	48010951	48011348	398	8	0	398	207	191	23	6	20	12	14	21	12	19	15	10	10	10	8	3	8	15	11	14	7	7	29	16	4	11	10	17	1	18	16	13	2	14
chr10	48011349	48011396	48	8	0	48	22	26	2	1	3	1	0	1	2	4	1	0	2	1	4	0	0	0	1	0	0	1	3	4	0	1	3	3	1	3	0	1	1	2
chr10	48011397	48011449	53	8	0	53	23	30	2	0	2	1	1	1	2	3	2	2	4	2	0	0	0	0	2	2	0	0	2	4	3	1	1	1	0	3	2	3	1	4
chr10	48011450	48011493	44	8	0	44	21	23	2	2	1	0	1	1	3	3	1	2	2	1	1	1	0	0	2	2	0	1	3	1	0	2	1	0	2	1	1	3	0	2
chr10	48011494	48011572	79	8	0	79	30	49	1	3	1	1	3	6	6	1	2	2	4	0	0	0	0	0	3	4	0	4	7	7	0	4	4	2	1	3	2	5	1	0
chr10	48011573	48011699	127	8	0	127	70	57	9	4	4	8	3	8	3	5	9	0	6	0	4	1	2	3	4	4	1	3	9	2	1	8	4	2	0	2	2	12	0	2
chr10	48011700	48011862	163	8	0	163	84	79	10	3	6	4	5	10	8	6	3	4	5	5	5	4	2	3	8	9	1	2	12	4	0	10	2	8	0	4	7	5	1	5
chr10	48011863	48012037	175	8	0	175	87	88	18	2	4	7	4	4	13	5	5	2	10	4	3	3	2	0	4	2	0	5	9	5	1	9	10	10	4	8	3	7	3	7
chr10	48012039	48012240	202	8	0	202	138	64	31	8	10	6	6	4	8	11	7	2	4	8	10	9	6	7	11	0	0	11	4	2	0	0	6	1	0	7	8	3	0	10
chr10	48012241	48012287	47	8	0	47	29	18	5	1	2	3	3	3	0	2	1	0	2	1	2	2	0	2	1	2	0	3	1	0	1	1	2	1	1	0	3	0	0	0
chr10	48012288	48012776	489	8	0	489	318	171	41	20	23	21	15	11	20	23	25	7	16	13	24	20	12	25	24	9	2	23	10	3	1	12	13	5	0	8	23	9	1	28
chr10	48012777	48012805	29	8	0	29	17	12	4	0	3	0	1	0	1	0	0	1	2	0	2	1	1	0	0	1	0	1	1	0	0	2	0	2	0	0	1	0	0	3
chr10	48012806	48012933	128	8	0	128	71	57	7	7	6	3	3	5	5	4	6	2	7	2	7	2	2	3	7	4	0	5	5	2	2	5	4	3	0	3	1	5	2	7
chr10	48012935	48014455	1521	8	0	1521	938	583	178	52	65	75	65	52	58	49	53	20	43	37	75	40	30	45	56	36	10	61	59	17	6	48	42	47	8	39	67	30	8	48
chr10	48014456	48014493	38	8	0	38	15	23	0	0	0	1	1	2	3	1	0	2	4	0	0	0	0	0	1	2	0	1	3	3	0	1	2	2	0	1	1	0	0	5
chr10	48014494	48014535	42	8	0	42	16	26	0	1	1	0	2	2	2	0	0	0	6	2	0	0	0	0	0	2	0	1	2	1	1	3	2	2	0	3	2	2	1	2
chr10	48014536	48014599	64	8	0	64	26	38	0	1	1	1	1	3	5	3	1	1	3	1	1	2	1	0	1	2	1	3	6	3	0	4	4	5	1	2	1	3	0	1
chr10	48014600	48014712	113	8	0	113	55	58	9	3	2	2	5	4	5	3	1	3	6	3	2	5	1	0	3	8	0	4	7	5	3	6	1	4	1	2	5	4	2	2
chr10	48014740	48015936	1197	8	0	1197	743	454	110	44	44	64	58	32	42	35	43	21	43	29	52	25	38	61	56	22	9	35	28	19	7	36	34	28	9	35	49	21	5	61
chr10	48015937	48015974	38	8	0	38	24	14	6	1	3	0	0	0	0	2	4	0	0	1	1	1	1	3	0	2	0	0	0	1	1	2	1	0	0	1	1	1	2	1
chr10	48015975	48018926	2952	8	0	2952	1759	1193	240	89	125	159	130	107	102	94	111	58	108	83	132	55	67	98	112	66	19	112	103	65	20	85	85	60	19	86	133	82	26	119
chr10	48018928	48019030	103	8	0	103	86	17	31	1	5	15	2	0	2	2	6	0	1	1	11	1	2	4	1	0	0	1	1	0	0	0	2	1	0	3	2	0	0	6
chr10	48019036	48019449	414	8	0	414	217	197	24	4	6	24	7	14	19	8	5	6	22	12	22	16	14	12	9	8	7	16	13	12	11	16	15	19	10	16	11	13	8	13
chr10	48019450	48019485	36	8	0	36	26	10	3	1	2	3	2	2	1	0	2	0	0	1	2	2	0	4	3	1	0	1	0	0	0	1	0	0	0	0	2	0	0	1
chr10	48019486	48020482	997	8	0	997	618	379	83	25	49	55	39	23	31	35	36	21	36	20	55	38	38	32	30	25	4	48	25	17	3	36	34	17	2	25	39	22	7	45
chr10	48020483	48020558	76	8	0	76	52	24	13	4	4	4	5	0	2	0	3	1	1	2	5	0	3	4	0	3	0	2	2	2	0	1	2	0	0	4	3	0	1	3
chr10	48020559	48021154	596	8	0	596	371	225	58	21	22	27	28	13	20	35	19	9	15	29	23	15	11	25	30	13	0	15	17	18	3	16	17	6	1	16	32	17	2	21
chr10	48021155	48021183	29	8	0	29	12	17	0	1	0	0	2	0	3	1	0	0	2	0	0	1	0	1	1	0	0	1	2	1	0	1	3	2	1	2	0	1	0	1
chr10	48021184	48021264	81	8	0	81	35	46	0	2	2	1	3	3	4	1	2	0	8	5	0	1	1	0	0	3	0	3	3	1	2	5	5	4	2	3	4	3	4	4
chr10	48021265	48021290	26	8	0	26	7	19	0	1	0	0	0	3	1	0	0	0	1	0	0	0	0	0	1	2	1	0	2	1	2	1	0	3	3	1	1	0	0	0
chr10	48021291	48021747	457	8	0	457	264	193	38	17	11	22	24	12	15	27	18	11	10	13	8	10	11	16	20	14	3	13	24	10	7	12	12	16	1	9	22	13	3	13
chr10	48021748	48021798	51	8	0	51	31	20	5	1	0	3	2	3	1	2	1	0	0	1	1	3	2	6	2	2	1	1	3	0	1	1	2	2	0	1	1	1	0	0
chr10	48021799	48022166	368	8	0	368	227	141	32	19	19	15	22	10	9	13	19	7	9	11	12	3	12	13	15	11	1	12	14	6	2	10	9	6	1	8	17	9	0	20
chr10	48022167	48022207	41	8	0	41	21	20	1	1	1	1	1	2	3	0	2	1	3	1	0	2	0	2	3	1	0	2	2	1	0	1	1	0	0	0	0	2	1	4
chr10	48022208	48024083	1876	8	0	1876	1167	709	177	57	78	102	68	41	77	65	72	38	60	45	98	35	49	104	63	40	4	64	68	34	3	73	47	41	5	51	72	63	4	76
chr10	48024084	48024108	25	8	0	25	20	5	6	1	1	1	1	1	0	0	0	0	2	1	2	0	0	2	1	0	0	1	0	0	0	0	0	0	0	0	1	0	0	2
chr10	48024109	48024974	866	8	0	866	548	318	91	32	35	41	31	23	35	22	41	14	23	30	36	17	38	37	44	12	4	26	18	20	1	25	23	11	3	23	26	21	4	57
chr10	48024975	48024999	25	8	0	25	19	6	2	2	0	1	1	0	0	0	0	0	0	3	2	0	2	4	1	0	0	1	1	0	0	0	0	0	0	0	1	1	0	1
chr10	48025000	48025343	344	8	0	344	223	121	28	8	15	25	7	12	16	13	19	6	7	11	22	6	10	17	15	3	1	12	6	2	1	9	13	4	3	8	14	9	1	19
chr10	48025344	48025364	21	8	0	21	21	0	19	0	0	0	0	0	0	0	0	0	0	0	0	0	0	0	0	0	0	0	0	0	0	0	0	0	0	0	0	0	0	0
chr10	48025365	48025417	53	8	0	53	22	31	1	1	1	1	2	2	4	1	1	2	4	2	0	0	0	0	2	0	1	2	4	1	0	1	3	3	2	2	0	1	3	4
chr10	48025418	48025482	65	8	0	65	28	37	0	2	2	1	2	2	6	0	3	1	6	1	0	0	2	0	0	2	0	3	1	1	1	6	3	3	1	3	6	3	0	2
chr10	48025483	48026545	1063	7	0	1063	711	352	132	32	42	68	30	26	35	41	31	22	26	33	81	35	39	37	43	22	9	41	30	5	3	24	20	17	2	23	39	17	2	54
chr10	48026546	48026572	27	8	0	27	12	15	0	1	0	0	1	1	3	0	0	0	3	2	0	0	0	0	0	1	0	1	1	1	0	1	2	0	0	2	2	1	0	2
chr10	48026573	48027213	641	7	0	641	344	297	45	16	24	23	22	19	25	30	19	12	26	13	22	14	22	12	26	16	4	15	38	22	1	35	14	29	1	24	17	28	2	23
chr10	48027214	48027249	36	8	0	36	28	8	4	0	2	6	1	0	0	2	1	0	1	0	6	2	0	2	0	1	0	0	1	0	0	0	1	0	0	1	1	0	0	2
chr10	48027250	48027558	309	7	0	309	154	155	23	8	6	8	11	13	20	6	8	5	15	6	4	8	8	4	8	14	1	11	21	9	3	15	9	15	2	12	12	10	2	10
chr10	48027559	48027586	28	8	0	28	11	17	0	0	2	0	0	2	0	0	2	0	2	0	0	2	0	0	1	2	0	1	1	5	0	3	0	0	0	0	0	2	0	1
chr10	48027587	48027979	393	7	0	393	245	148	38	18	21	17	20	11	14	11	12	4	11	7	25	13	7	15	19	10	2	15	12	7	2	12	11	11	1	11	14	5	1	14
chr10	48027980	48028073	94	8	0	94	65	29	12	5	3	6	2	0	1	10	2	1	2	1	10	3	4	3	4	1	0	4	0	2	0	4	3	1	0	2	4	2	0	0
chr10	48028074	48028936	863	7	0	863	575	288	107	31	40	50	38	20	19	39	33	10	27	33	50	13	17	46	36	12	3	23	25	9	2	25	16	15	1	18	39	25	2	37
chr10	48028937	48029363	427	7	0	427	283	144	43	14	20	23	16	10	10	22	16	8	12	13	24	14	14	22	24	4	0	18	12	4	1	10	5	10	0	7	17	9	1	22
chr10	48029364	48029473	110	8	0	110	80	30	7	2	8	10	7	3	1	5	2	0	1	2	11	8	1	10	7	2	0	4	1	0	0	2	5	0	0	3	3	1	0	2
chr10	48029474	48029561	88	7	0	88	59	29	6	1	8	6	3	3	0	3	3	2	4	2	9	4	2	3	3	1	0	6	1	1	0	2	0	1	0	1	5	2	0	4
chr10	48029562	48029644	83	8	0	83	57	26	8	3	4	7	2	0	2	4	4	1	3	1	7	2	3	4	2	2	0	2	4	0	0	1	1	2	0	3	2	1	0	6
chr10	48029645	48029789	145	7	0	145	108	37	22	7	4	16	8	0	3	6	8	0	2	4	11	3	4	8	3	3	0	5	4	1	0	1	5	1	0	0	5	1	0	8
chr10	48029790	48029857	68	8	0	68	34	34	7	4	1	0	2	1	3	1	2	1	5	1	1	2	3	0	2	1	0	4	3	3	2	2	2	3	0	1	0	4	0	5
chr10	48029859	48029898	40	8	0	40	21	19	8	0	0	0	1	2	2	0	0	3	4	0	0	0	0	0	2	1	1	1	1	1	1	0	0	0	1	2	2	1	1	3
chr10	48029899	48030060	162	7	0	162	81	81	10	3	3	6	6	7	9	4	4	3	9	2	2	5	6	1	4	4	3	7	9	3	1	5	7	5	6	8	6	6	0	6
chr10	48030061	48030079	19	8	0	19	6	13	0	1	0	0	1	0	2	0	0	1	1	0	0	0	0	0	0	1	0	0	3	0	0	1	0	3	0	1	0	0	1	1
chr10	48030080	48030110	31	8	0	31	12	19	0	0	0	0	0	2	3	0	0	1	2	2	0	0	0	0	1	2	0	1	1	0	1	4	1	2	1	0	3	2	0	0
chr10	48030111	48030258	148	7	0	148	72	76	7	5	10	2	9	5	7	1	4	3	5	3	4	3	1	2	8	2	2	4	7	10	1	8	3	7	1	6	4	7	0	5
chr10	48030259	48030301	43	6	0	43	32	11	5	1	2	4	1	1	1	2	0	1	0	1	6	2	1	3	3	1	0	1	0	0	0	1	2	0	0	0	0	0	0	2
chr10	48030302	48031136	835	7	0	835	523	312	80	30	43	46	32	21	31	20	40	15	32	16	48	16	16	36	32	21	6	23	29	15	2	30	13	14	0	23	30	26	2	45
chr10	48031137	48031173	37	8	0	37	16	21	0	1	1	1	2	0	1	1	1	0	5	1	0	0	0	0	0	1	0	1	2	4	0	2	1	1	1	1	1	2	1	3
chr10	48031174	48032592	1419	7	0	1419	624	795	39	35	47	22	41	62	90	33	43	36	68	17	20	18	34	18	53	49	7	42	63	86	28	85	60	74	15	69	50	53	16	44
chr10	48032593	48032653	61	8	0	61	39	22	8	1	6	2	1	1	2	2	6	1	0	1	3	1	2	0	1	0	0	3	2	1	0	3	2	2	0	0	1	3	0	4
chr10	48032654	48032931	278	7	0	278	157	121	13	7	11	12	10	10	12	15	8	8	8	8	12	9	6	7	15	7	0	12	11	15	0	7	7	6	0	7	13	5	4	11
chr10	48032932	48033353	422	8	0	422	228	194	25	13	15	11	12	18	23	16	13	9	16	10	15	12	10	9	19	14	1	18	18	12	3	21	11	15	1	12	21	13	1	13
chr10	48033354	48033633	280	7	0	280	143	137	7	8	7	8	10	8	16	11	6	4	17	16	7	3	5	9	11	2	1	9	9	14	1	17	10	11	0	7	15	14	4	11
chr10	48033634	48033711	78	8	0	78	46	32	6	1	5	3	5	1	1	6	3	3	0	2	1	3	2	3	3	3	0	2	6	4	0	1	1	1	0	2	3	3	0	2
chr10	48033724	48033751	28	8	0	28	25	3	2	0	0	7	1	0	0	0	0	1	1	0	6	0	0	6	0	0	0	0	0	0	0	0	0	0	0	0	1	0	0	1
chr10	48033752	48034541	790	7	0	790	432	358	76	23	20	37	38	23	32	25	24	12	36	23	17	14	18	13	24	17	8	23	31	27	11	30	29	30	7	26	34	25	8	27
chr10	48034542	48034600	59	8	0	59	32	27	1	1	2	2	2	4	2	4	2	2	3	0	0	2	2	2	4	0	0	5	2	2	0	2	2	2	0	0	3	2	0	2
chr10	48034601	48035489	889	7	0	889	541	348	78	22	40	47	27	27	37	34	44	20	33	15	37	23	21	34	34	26	2	30	34	18	1	33	20	14	2	22	37	28	1	46
chr10	48035491	48035511	21	7	0	21	11	10	0	0	3	1	1	2	0	1	1	0	0	0	2	0	0	0	0	0	1	1	0	0	1	0	1	1	0	2	1	0	0	0
chr10	48035513	48035553	41	8	0	41	23	18	2	0	2	1	1	2	2	3	1	2	3	1	0	1	0	1	2	0	0	3	1	1	0	1	1	0	0	1	4	1	0	2
chr10	48035554	48035950	397	7	0	397	232	165	22	10	22	14	19	16	14	13	16	5	16	9	11	13	14	16	22	4	1	17	11	6	0	16	12	12	2	16	17	11	1	17
chr10	48035951	48036002	52	8	0	52	35	17	7	3	4	2	1	1	1	2	6	0	2	0	2	0	3	0	2	1	0	1	0	0	0	2	2	0	0	0	1	1	0	6
chr10	48036003	48036090	88	7	0	88	44	44	6	0	6	3	4	3	3	1	3	2	1	5	2	2	2	0	4	2	1	0	3	4	2	6	3	3	1	3	1	7	0	3
chr10	48036091	48036126	36	8	0	36	22	14	4	1	2	1	0	2	1	0	2	1	1	0	1	1	3	1	1	2	0	1	1	0	0	2	0	0	0	2	1	1	0	2
chr10	48036127	48036178	52	7	0	52	41	11	18	2	3	2	1	0	1	2	2	1	0	3	3	0	0	1	2	1	0	0	0	0	0	2	0	0	0	0	2	1	0	3
chr10	48036192	48036488	297	8	0	297	143	154	19	6	6	6	7	11	17	10	4	8	16	11	7	5	7	1	6	8	6	10	17	10	6	12	12	15	2	11	10	12	4	13
chr10	48036489	48036668	180	8	0	180	129	51	35	6	11	10	9	4	2	2	7	2	2	4	10	6	6	12	7	2	0	9	3	4	0	4	2	1	0	3	5	4	2	4
chr10	48036669	48036680	12	8	0	12	9	3	0	2	0	0	2	0	0	0	0	0	0	1	0	0	0	3	1	0	0	0	0	0	0	0	0	0	0	0	1	0	0	0
chr10	48036681	48037169	489	8	0	489	332	157	59	15	19	39	16	10	14	18	27	10	9	13	30	13	17	22	19	10	2	16	9	6	3	14	10	2	1	5	21	14	0	24
chr10	48037178	48037614	437	8	0	437	300	137	49	16	27	27	20	7	7	26	24	7	8	16	25	8	8	23	19	6	0	13	9	6	0	7	9	2	2	9	23	8	2	22
chr10	48037615	48038628	1014	7	0	1014	550	464	40	26	38	34	32	39	62	36	34	33	42	40	32	18	16	26	44	29	5	39	47	29	2	40	25	22	5	28	53	38	6	52
chr10	48038630	48038810	181	7	0	181	87	94	22	2	2	5	5	9	13	0	2	3	13	3	2	2	2	0	5	4	1	6	8	7	3	11	7	11	3	7	7	7	1	6
chr10	48038811	48038821	11	7	0	11	9	2	6	0	1	0	0	0	0	0	1	0	0	0	0	0	0	0	0	0	0	0	0	0	0	0	0	0	0	0	0	0	0	1
chr10	48038822	48039345	524	7	0	524	331	193	49	13	19	32	26	19	13	24	21	8	21	24	17	8	9	26	24	14	0	10	19	11	1	14	11	7	0	8	29	13	1	31
chr10	48039347	48039401	55	7	0	55	31	24	7	0	4	0	3	2	2	3	2	2	2	1	0	2	0	0	3	2	0	1	1	2	0	3	2	2	0	0	4	0	0	3
chr10	48039403	48040614	1212	7	0	1212	661	551	66	42	40	46	44	45	62	39	39	16	52	33	45	21	34	36	37	35	7	45	63	32	7	47	48	40	5	43	42	42	5	52
chr10	48040619	48041296	678	7	0	678	358	320	31	17	24	20	17	45	42	20	31	13	20	21	13	15	17	11	50	13	3	25	27	28	1	28	20	20	2	18	27	23	2	32
chr10	48041298	48041329	32	7	0	32	16	16	0	0	0	0	0	15	0	0	0	0	0	0	0	0	0	0	15	0	0	0	0	0	0	0	0	0	0	0	0	0	0	0
chr10	48041330	48042756	1427	7	0	1427	720	707	78	33	52	32	41	63	85	61	54	34	55	41	23	14	29	24	52	47	3	42	90	69	3	60	43	53	5	55	65	52	3	64
chr10	48042763	48043250	488	7	0	488	235	253	39	11	6	12	17	18	26	15	6	9	29	15	8	7	11	4	14	14	2	15	27	22	12	18	19	22	8	21	16	21	4	18
chr10	48043251	48043296	46	7	0	46	28	18	7	2	0	1	2	1	2	2	1	1	1	0	1	2	2	1	3	3	0	1	3	1	0	2	0	2	0	0	1	0	0	2
chr10	48043297	48043683	387	7	0	387	247	140	40	15	11	25	15	11	11	16	18	7	14	8	19	8	8	19	18	8	0	15	10	7	5	10	7	5	3	5	19	12	2	14
chr10	48043684	48044700	1017	7	0	1017	584	433	59	22	43	36	27	43	30	56	34	25	33	23	41	26	36	49	55	25	9	27	37	27	7	42	31	28	2	27	33	34	2	46
chr10	48044701	48044735	35	7	0	35	23	12	0	2	0	0	1	5	0	1	0	0	0	1	1	0	2	9	5	1	0	1	2	1	0	0	0	0	0	0	0	0	0	1
chr10	48044736	48044901	166	7	0	166	83	83	6	5	4	4	4	10	11	5	3	2	6	6	7	3	5	1	10	2	1	7	7	7	1	8	4	8	2	8	9	5	0	3
chr10	48044906	48048546	3641	7	0	3641	2282	1359	308	113	140	209	155	107	140	150	147	63	116	118	158	102	83	171	198	67	17	103	105	49	11	113	90	68	8	86	159	94	14	177
chr10	48048549	48051798	3250	7	0	3250	1948	1302	303	100	144	143	128	99	126	111	127	67	102	93	131	64	84	125	141	68	21	100	121	67	19	110	80	81	10	95	122	101	14	151
chr10	48051799	48051811	13	7	0	13	8	5	1	0	0	1	0	0	2	0	1	0	0	0	0	2	0	0	1	0	0	0	0	0	0	0	1	0	0	1	0	0	0	1
chr10	48051812	48053176	1365	7	0	1365	753	612	86	32	65	56	40	54	68	45	70	30	49	29	42	25	29	32	54	32	12	43	57	33	8	67	52	42	1	33	44	58	7	68
chr10	48053177	48054345	1169	7	0	1169	672	497	90	41	44	47	45	43	55	35	42	24	44	26	46	23	33	32	54	32	3	42	53	25	3	43	33	38	2	33	38	29	10	59
chr10	48054346	48054401	56	7	0	56	37	19	8	3	2	3	4	1	1	3	2	0	1	1	2	2	1	3	3	1	0	1	2	1	0	1	3	0	0	1	0	2	0	2
chr10	48054402	48054524	123	7	0	123	93	30	20	3	5	12	4	0	4	3	6	2	2	3	9	3	5	10	1	3	0	4	3	0	0	0	2	0	0	4	5	0	0	8
chr10	48054525	48054576	52	7	0	52	24	28	4	1	1	0	2	2	5	0	0	2	5	0	0	0	1	0	2	0	0	3	3	1	0	1	3	3	1	3	1	1	1	4
chr10	48054577	48054658	82	7	0	82	31	51	0	0	2	2	1	0	6	3	3	1	6	3	0	2	2	0	1	0	0	2	2	5	4	4	3	6	3	7	4	4	1	3
chr10	48054659	48054707	49	7	0	49	28	21	11	0	0	2	1	3	0	0	0	1	1	0	1	2	3	2	2	2	1	1	3	2	2	0	0	3	1	1	0	0	0	2
chr10	48054708	48055425	718	7	0	718	399	319	45	21	26	31	27	33	43	17	23	12	20	23	28	15	13	21	34	18	7	22	36	15	3	25	29	20	3	28	21	27	3	27
chr10	48055426	48055451	26	7	0	26	19	7	2	0	3	1	1	0	0	2	2	0	0	0	1	3	0	3	1	1	0	1	0	0	0	1	0	0	0	0	2	0	0	0
chr10	48055452	48055534	83	7	0	83	53	30	9	4	4	1	2	5	2	4	2	0	0	1	5	3	2	8	8	2	1	1	2	1	1	2	3	1	0	4	0	1	0	2
chr10	48055535	48056400	866	7	0	866	598	268	93	27	30	65	31	21	18	40	27	11	20	21	65	37	33	57	53	15	2	26	10	13	2	26	20	6	2	14	27	17	0	35
chr10	48056403	48056699	297	7	0	297	148	149	23	7	5	10	10	13	14	8	7	8	17	7	6	5	6	1	8	13	3	9	13	10	5	14	13	12	3	6	11	8	7	13
chr10	48056716	48057028	313	7	0	313	207	106	22	9	15	17	8	8	7	17	14	2	7	14	20	14	14	18	12	8	1	12	6	5	0	10	4	2	1	7	17	6	0	14
chr10	48057032	48057455	424	7	0	424	273	151	17	8	13	32	12	15	15	30	14	5	8	26	27	13	8	30	22	9	1	9	13	9	1	10	8	3	0	11	28	11	0	14
chr10	48057456	48057987	532	6	0	532	337	195	64	17	17	32	14	13	26	18	22	6	11	18	30	13	13	22	18	13	3	15	19	9	0	21	13	12	2	11	21	15	2	20
chr10	48057988	48058038	51	6	0	51	29	22	8	1	0	3	1	1	2	4	1	0	1	2	1	1	1	1	3	0	0	0	5	4	0	1	0	3	0	1	0	2	0	2
chr10	48058039	48058091	53	6	0	53	35	18	14	0	2	2	0	2	1	3	2	0	1	0	1	2	2	1	1	1	0	2	3	0	0	2	2	3	0	1	1	1	0	1
chr10	48058092	48058133	42	6	0	42	19	23	0	1	2	1	2	0	2	0	0	0	4	1	2	1	2	0	0	2	0	0	1	1	0	7	1	2	0	3	1	4	0	0
chr10	48058134	48059186	1053	6	0	1053	634	419	78	32	50	39	41	40	39	39	34	23	34	30	46	29	21	58	48	23	8	44	39	11	5	33	31	25	8	22	41	29	5	46
chr10	48059187	48059284	98	6	0	98	67	31	17	4	3	3	1	1	6	3	0	1	4	4	9	2	1	6	3	2	0	4	0	0	0	4	3	1	2	2	5	1	0	4
chr10	48059285	48059697	413	6	0	413	267	146	35	17	24	21	19	9	13	11	16	5	11	9	27	15	11	23	16	7	4	19	14	3	1	11	11	7	0	10	11	12	1	18
chr10	48059698	48059718	21	6	0	21	10	11	0	0	0	0	0	3	1	3	0	0	1	1	0	0	0	0	2	0	0	0	1	0	0	0	3	0	0	1	1	1	0	1
chr10	48059719	48060016	298	6	0	298	167	131	24	6	15	9	8	12	17	9	16	11	9	9	6	2	11	3	13	6	1	10	15	2	0	9	11	5	0	12	7	14	3	21
chr10	48060017	48060871	855	6	0	855	536	319	76	24	53	41	41	25	24	31	36	19	20	29	42	17	22	35	41	19	1	24	29	14	2	27	17	14	1	25	34	25	2	43
chr10	48060876	48061478	603	6	0	603	410	193	67	22	26	44	32	9	19	19	30	11	14	25	30	14	22	24	21	9	2	24	17	4	0	6	16	2	0	12	25	12	4	39
chr10	48061480	48062269	790	6	0	790	465	325	76	20	24	44	35	19	38	21	36	18	30	29	18	13	21	22	25	21	2	22	33	15	4	27	17	16	6	23	38	28	6	41
chr10	48062286	48062512	227	6	0	227	163	64	32	7	7	18	15	5	2	18	8	3	2	12	8	3	4	17	12	2	0	4	5	3	0	1	9	0	0	3	14	4	0	7
chr10	48062514	48062999	486	6	0	486	332	154	47	16	23	28	21	8	10	20	23	11	8	12	22	11	19	52	22	4	1	19	11	8	0	11	9	5	0	9	17	13	3	21
chr10	48063004	48067148	4145	6	0	4145	2592	1553	302	134	165	235	159	132	134	178	170	74	142	121	205	108	125	206	184	94	17	153	127	73	12	126	104	62	4	90	188	109	13	197
chr10	48067152	48071837	4686	6	0	4686	2800	1886	328	128	180	229	171	144	203	207	194	86	139	142	172	117	135	224	182	114	22	156	204	88	9	145	149	104	10	141	190	140	15	216
chr10	48071839	48071870	32	6	0	32	19	13	0	1	2	2	3	2	1	1	2	0	0	3	0	0	2	0	2	0	0	1	1	0	0	0	1	0	0	1	2	1	0	2
chr10	48071872	48072935	1064	6	0	1064	632	432	62	30	43	55	40	33	52	31	55	20	31	35	32	30	39	43	41	30	0	42	39	22	2	46	20	18	0	30	55	39	0	47
chr10	48072945	48074446	1502	6	0	1502	898	604	84	42	65	86	57	39	63	55	64	26	49	53	72	40	40	62	49	43	0	55	59	46	1	58	40	28	2	30	66	47	5	74
chr10	48074448	48113456	39009	6	0	39009	25240	13769	3891	1240	1722	2400	1568	924	1193	1489	1702	581	1048	1052	2092	1015	1143	2178	1609	738	119	1294	1166	659	89	1192	935	641	82	862	1464	1068	92	1759
chr10	48113457	48128544	15088	5	0	15088	9468	5620	1349	494	648	842	628	407	541	563	651	260	432	413	705	387	431	715	656	342	40	510	486	262	36	500	382	268	32	350	615	412	36	693
chr10	48128545	48128576	32	6	0	32	19	13	5	1	3	1	1	1	1	0	2	0	0	1	2	0	0	0	1	1	0	0	2	1	0	2	0	1	0	1	0	1	0	2
chr10	48128577	48140631	12055	5	0	12055	7261	4794	972	374	476	630	461	350	480	433	491	212	335	330	527	292	330	567	513	270	50	395	447	326	58	408	330	278	64	286	434	365	37	532
chr10	48140632	48140664	33	6	0	33	13	20	0	1	0	1	0	0	3	1	0	1	2	1	1	0	0	1	1	0	1	0	2	4	0	3	0	3	0	1	1	2	0	1
chr10	48140665	48146752	6088	5	0	6088	3166	2922	293	150	242	209	219	217	343	223	237	136	300	127	145	93	113	117	220	178	22	176	292	212	24	302	231	218	27	220	259	222	19	300
chr10	48146753	48146804	52	6	0	52	24	28	0	0	1	1	1	3	5	0	0	2	2	0	1	1	3	3	4	1	0	1	2	1	0	5	3	3	0	2	0	2	0	3
chr10	48146805	48150256	3452	5	0	3452	2015	1437	253	85	145	167	133	113	138	135	135	69	111	100	130	74	90	136	143	84	11	103	146	88	17	131	101	88	10	99	129	121	14	151
chr10	48150257	48150289	33	6	0	33	24	9	3	1	1	2	2	0	0	2	0	0	1	2	2	2	2	2	1	1	0	1	0	0	0	1	1	0	0	1	2	0	0	1
chr10	48150290	48152815	2526	5	0	2526	1582	944	205	86	100	155	114	75	105	92	111	33	64	67	116	60	62	136	129	45	5	76	84	49	2	74	78	42	4	80	95	74	5	101
chr10	48152816	48152858	43	6	0	43	19	24	0	0	2	0	1	4	4	0	1	2	2	1	0	0	0	0	3	0	0	3	1	1	2	0	5	1	0	2	1	2	0	3
chr10	48152859	48519878	367020	5	0	367020	208635	158385	24836	10287	14756	16035	13371	11568	16889	13350	14181	7442	12943	9375	13526	7969	8937	13170	14759	9121	1807	11579	14844	11679	1940	14429	11508	9862	1599	11315	14067	12229	1444	16201
chr10	48519879	48523526	3648	5	0	3648	1788	1860	154	92	144	94	123	124	231	115	119	87	163	73	87	46	67	68	140	105	14	89	169	166	33	199	158	151	25	168	126	145	22	149
chr10	48523527	48922454	398928	5	0	398928	219544	179384	23558	10427	15709	15798	14152	13536	19520	15115	15079	8499	15291	10239	12703	7628	9208	13081	15960	10064	1833	12233	17254	13885	2122	16748	13560	11803	1801	13012	15549	14256	1568	17735
chr10	48922455	49260454	338000	6	0	338000	184308	153692	19734	8796	13233	13066	11872	11994	16752	12839	12751	7374	13302	8446	10472	6061	7454	10161	14008	8606	1707	9904	14851	12119	1878	14378	11656	10243	1360	11108	12943	12258	1321	15351
chr10	49260455	49372114	111660	5	0	111660	58785	52875	6017	2758	4473	3870	3907	4013	5960	3921	4094	2512	4550	2686	3099	1917	2235	2771	4327	3007	578	3289	5277	4435	701	5177	3937	3806	510	3989	4260	4342	477	4763
chr10	49372115	49389453	17339	5	0	17339	9008	8331	831	415	636	613	567	658	965	619	605	420	691	381	492	284	361	469	696	483	103	495	845	746	106	799	636	620	77	627	633	648	84	732
chr10	49389454	49696453	307000	4	0	307000	171274	135726	20276	8517	12256	12808	11043	9878	14234	10838	11826	6432	11438	7653	10713	6175	7207	9979	12095	7678	1707	9522	12519	10456	2080	12406	9914	8658	1814	9528	11465	10669	1535	13679
chr10	49696454	49741453	45000	5	0	45000	24629	20371	2952	1262	1632	1709	1682	1531	2230	1615	1576	942	1687	1150	1345	876	1039	1400	1865	1219	231	1297	2031	1570	287	1874	1485	1425	225	1507	1677	1548	219	1910
chr10	49741454	49798453	57000	4	0	57000	30078	26922	3578	1427	2063	1960	1916	2243	2900	1871	1890	1186	2280	1397	1643	1075	1186	1462	2354	1569	360	1648	2590	2229	531	2496	1933	2004	481	1974	2053	2044	344	2311
chr10	49798454	49898453	1e+05	5	0	1e+05	62197	37803	9237	3169	4064	5560	3878	2762	3691	3699	4098	1770	2989	2611	4816	2555	2779	4518	4154	2198	428	3476	3345	1881	354	3140	2543	1986	344	2485	3988	2655	403	4422
chr10	49898454	49929304	30851	6	0	30851	19040	11811	2580	934	1316	1644	1147	863	1129	1122	1212	525	934	829	1535	810	878	1581	1243	703	138	1048	1014	607	113	1056	824	628	110	826	1180	852	141	1327
chr10	49929305	49929502	198	5	0	198	143	55	29	3	9	20	7	3	2	10	9	2	3	7	16	2	5	15	4	4	0	3	3	5	0	6	5	0	0	3	10	5	0	6
chr10	49929504	49929760	257	5	0	257	126	131	17	5	6	10	9	11	13	4	5	5	11	6	7	6	6	3	6	11	4	6	15	10	5	12	7	11	5	11	9	10	2	7
chr10	49929763	49929826	64	5	0	64	29	35	4	2	1	0	4	2	4	3	0	0	5	3	0	0	0	0	1	0	1	2	4	1	1	1	7	4	0	5	1	2	2	2
chr10	49929827	49930088	262	5	0	262	196	66	42	10	12	17	8	2	5	11	5	1	8	13	25	13	8	14	10	2	0	14	3	1	0	3	2	0	0	4	11	4	0	12
chr10	49930090	49930115	26	5	0	26	13	13	0	1	2	1	2	0	0	1	1	0	1	0	0	1	1	0	0	2	0	0	2	1	0	2	1	1	0	2	0	1	0	1
chr10	49930119	49931183	1065	5	0	1065	685	380	100	42	44	60	38	35	41	38	42	16	29	29	65	26	26	53	50	25	2	41	31	22	1	25	29	9	1	27	42	23	4	47
chr10	49931192	49931316	125	5	0	125	85	40	11	13	5	5	7	0	2	7	3	2	0	0	13	2	3	10	13	2	0	2	3	7	0	3	1	2	0	1	0	2	0	4
chr10	49931318	49931403	86	5	0	86	48	38	4	2	2	5	3	2	3	3	2	3	2	2	4	2	6	2	3	3	1	2	4	1	1	3	3	3	0	4	2	3	0	4
chr10	49931405	49931470	66	5	0	66	34	32	3	1	3	1	3	2	6	1	0	1	0	6	2	0	2	2	0	1	0	3	3	3	0	2	7	1	0	4	3	2	0	2
chr10	49931487	49931706	220	5	0	220	120	100	19	5	9	8	8	5	14	3	9	7	13	8	6	1	0	3	3	6	0	10	12	10	1	5	4	3	0	9	11	9	5	12
chr10	49931707	49931720	14	5	0	14	10	4	6	0	1	0	0	1	0	0	0	0	0	0	0	0	0	0	1	0	0	0	0	0	0	1	1	1	0	0	0	0	0	0
chr10	49931722	49931863	142	5	0	142	96	46	20	3	4	12	4	2	7	4	6	3	2	5	9	7	3	5	3	2	3	7	4	1	0	4	4	0	0	0	6	5	1	4
chr10	49931864	49932101	238	5	0	238	165	73	17	6	13	18	6	4	8	8	12	3	6	9	18	6	9	21	5	5	0	9	4	1	0	4	6	1	0	7	11	3	0	16
chr10	49932106	49932827	722	5	0	722	451	271	50	24	33	39	27	29	24	30	32	11	23	27	37	22	9	32	34	17	7	29	26	11	5	15	14	9	0	11	36	20	2	35
chr10	49932832	49933160	329	5	0	329	234	95	49	17	14	19	11	2	6	11	17	3	6	5	21	10	22	19	11	5	1	15	7	2	0	5	5	2	0	11	7	5	1	18
chr10	49933167	49933602	436	5	0	436	264	172	32	13	20	29	18	6	13	18	31	11	16	12	13	8	17	5	12	10	2	14	12	4	4	18	11	4	3	8	20	20	3	27
chr10	49933604	49933778	175	5	0	175	91	84	7	5	9	4	13	5	11	7	5	6	6	8	0	2	1	1	9	3	0	6	12	3	0	3	8	8	1	5	7	4	1	13
chr10	49933780	49934104	325	5	0	325	200	125	27	13	14	13	15	14	17	11	12	7	8	10	12	12	8	6	18	9	1	17	7	3	2	4	13	1	0	12	19	3	1	14
chr10	49934106	49934229	124	5	0	124	88	36	12	8	7	5	9	1	2	4	7	1	2	5	5	7	4	8	9	1	0	7	3	0	0	0	0	0	0	0	4	3	0	8
chr10	49934231	49934797	567	5	0	567	284	283	24	11	19	13	14	35	36	16	10	17	19	12	19	15	15	9	34	19	3	22	25	16	5	27	23	23	7	19	19	15	3	21
chr10	49934799	49934848	50	5	0	50	22	28	0	1	0	0	1	4	3	1	0	1	5	3	0	1	1	0	2	0	1	4	4	1	0	1	1	3	1	1	2	2	0	4
chr10	49934849	49934919	71	5	0	71	44	27	11	0	3	1	2	1	4	1	1	4	4	2	0	3	1	4	4	1	0	3	2	1	0	3	1	1	0	0	2	3	0	6
chr10	49934921	49935077	157	5	0	157	115	42	17	7	7	12	5	0	2	9	9	1	6	4	12	4	5	13	9	1	0	3	1	0	0	4	2	0	0	2	4	4	0	12
chr10	49935079	49935154	76	5	0	76	51	25	12	3	3	3	4	1	3	1	3	3	0	3	3	1	3	3	3	1	0	4	3	0	1	1	0	0	1	1	3	4	0	3
chr10	49935156	49935231	76	5	0	76	53	23	3	3	2	4	3	0	1	7	5	0	0	0	1	6	4	13	6	1	0	1	0	0	0	3	4	0	0	2	2	2	0	1
chr10	49935233	49935500	268	5	0	268	169	99	15	10	7	15	8	3	9	17	8	4	11	10	16	10	8	18	14	6	0	7	7	7	0	10	5	5	0	4	11	7	0	14
chr10	49935501	49935539	39	5	0	39	30	9	3	1	3	3	0	0	0	3	1	0	1	1	7	2	1	2	1	0	0	2	0	0	0	1	0	1	0	1	2	0	0	1
chr10	49935541	49935962	422	5	0	422	270	152	36	9	28	23	12	8	12	24	21	9	10	15	27	8	6	21	14	9	1	10	8	4	2	19	12	8	1	8	22	12	2	19
chr10	49935964	49935984	21	5	0	21	8	13	0	0	2	0	1	0	0	0	1	0	3	0	0	0	0	0	0	0	0	0	0	3	0	2	1	1	0	1	1	1	0	2
chr10	49935986	49936132	147	5	0	147	76	71	2	3	4	4	2	4	10	5	9	3	4	8	0	2	9	5	2	3	0	7	9	6	0	8	2	4	0	6	8	10	0	6
chr10	49936133	49936462	330	5	0	330	213	117	30	9	22	15	12	8	7	8	19	7	10	11	16	10	16	12	9	3	1	21	8	3	0	10	2	6	0	6	16	10	3	18
chr10	49936464	49936584	121	5	0	121	83	38	10	1	3	11	5	4	5	4	2	2	4	4	8	3	4	11	7	0	0	3	1	1	0	2	5	1	0	6	5	2	0	5
chr10	49936586	49936741	156	5	0	156	110	46	13	2	7	14	4	2	3	7	5	1	4	10	14	8	6	8	6	2	0	5	0	1	0	6	4	0	1	1	6	4	1	9
chr10	49936743	49936773	31	5	0	31	17	14	3	2	0	0	1	1	2	3	0	0	1	1	0	0	0	2	2	1	0	0	2	0	0	1	3	1	0	1	0	1	0	1
chr10	49936785	49936945	161	5	0	161	121	40	23	2	4	21	7	1	3	7	9	0	1	7	11	5	3	15	3	3	0	2	6	2	0	1	2	1	0	3	7	3	2	5
chr10	49936954	49937034	81	5	0	81	58	23	10	3	3	7	2	5	0	2	3	0	0	4	7	2	4	5	3	1	2	4	2	0	0	0	1	0	1	1	3	1	1	2
chr10	49937035	49937114	80	5	0	80	48	32	8	1	3	3	1	0	8	2	6	1	5	4	2	1	0	1	0	1	0	2	1	1	0	3	3	1	0	4	7	2	0	7
chr10	49937125	49937202	78	5	0	78	53	25	9	2	2	7	4	0	2	0	4	0	2	2	3	3	3	9	2	0	0	3	1	2	2	1	1	3	0	1	2	1	0	5
chr10	49937204	49937273	70	5	0	70	32	38	1	1	3	2	4	3	4	1	0	2	3	4	2	1	0	1	3	1	1	2	3	2	1	6	2	4	1	1	2	5	1	1
chr10	49937293	49937469	177	5	0	177	71	106	6	2	2	3	2	10	10	1	3	5	12	3	2	4	5	1	4	5	4	8	9	8	6	6	5	10	9	8	5	7	3	7
chr10	49937481	49937627	147	5	0	147	105	42	24	9	5	10	6	3	1	9	5	1	2	4	12	3	4	5	8	3	1	4	4	0	0	4	4	1	0	1	4	4	1	3
chr10	49937629	49937662	34	5	0	34	20	14	1	1	2	0	0	1	2	0	1	2	1	1	2	3	2	1	2	1	0	2	0	0	0	2	0	0	0	0	1	1	0	3
chr10	49937664	49937729	66	5	0	66	36	30	5	2	3	1	1	4	2	5	5	0	6	2	0	0	0	0	3	1	0	2	3	0	0	1	2	1	0	2	4	3	0	6
chr10	49937731	49937762	32	5	0	32	15	17	0	1	0	1	0	1	2	1	2	1	4	0	0	1	1	0	2	1	0	0	0	2	0	2	0	1	0	1	2	0	0	4
chr10	49937764	49937903	140	5	0	140	78	62	7	3	13	3	4	0	9	2	10	2	5	5	5	2	2	4	1	1	0	5	2	4	0	11	6	4	0	6	6	8	0	8
chr10	49938159	49938299	141	5	0	141	91	50	11	6	8	9	7	7	2	3	7	0	5	3	9	2	4	7	8	3	1	3	2	2	0	5	2	2	0	6	7	2	1	5
chr10	49938301	49938340	40	5	0	40	24	16	9	0	1	1	0	2	2	1	2	2	1	2	0	0	0	0	1	1	0	2	3	1	0	0	0	0	0	0	2	2	1	2
chr10	49938342	49939125	784	5	0	784	489	295	66	22	29	54	36	17	31	27	32	14	16	20	38	21	17	47	29	17	3	25	24	18	4	25	29	13	7	19	29	23	6	24
chr10	49939127	49939140	14	5	0	14	8	6	0	0	0	0	0	1	2	0	0	1	0	1	0	0	0	1	1	0	0	1	1	0	0	0	0	0	0	0	1	1	0	1
chr10	49939141	49939185	45	6	0	45	25	20	0	3	3	0	0	2	4	0	6	0	0	0	0	4	0	2	1	3	2	3	0	0	0	3	0	0	0	2	5	0	0	0
chr10	49939187	49939406	220	6	0	220	137	83	15	8	7	11	10	5	7	11	8	7	5	7	8	7	12	9	15	3	0	9	5	5	0	7	5	2	1	2	8	7	1	11
chr10	49939412	49939740	329	6	0	329	216	113	32	11	17	21	8	8	13	15	14	6	8	3	27	7	3	21	10	9	1	12	17	3	0	6	8	5	1	10	9	9	0	13
chr10	49939750	49939829	80	6	0	80	49	31	3	0	7	4	5	1	2	1	4	1	3	3	2	5	3	4	2	1	0	4	1	0	0	5	3	2	0	1	3	3	0	5
chr10	49939831	49939857	27	6	0	27	17	10	0	0	3	0	0	1	0	2	1	1	0	1	2	2	2	1	2	0	0	2	0	1	0	1	0	0	0	0	1	0	0	2
chr10	49939859	49939909	51	6	0	51	24	27	0	2	2	0	0	2	5	0	2	0	5	0	3	1	0	0	2	1	0	3	2	2	1	1	2	3	0	3	1	0	1	5
chr10	49939911	49939954	44	6	0	44	27	17	5	1	2	2	3	2	1	3	2	2	1	3	0	0	0	0	4	0	0	0	0	0	0	2	2	0	0	0	3	2	0	2
chr10	49939956	49940619	664	6	0	664	377	287	41	23	29	26	31	20	20	23	24	8	31	20	23	12	22	23	24	11	2	26	24	17	6	27	23	20	5	18	23	26	3	31
chr10	49940621	49940650	30	6	0	30	11	19	0	0	0	1	0	1	3	0	1	0	4	1	0	0	0	0	0	1	0	0	0	0	0	5	2	3	0	1	2	2	0	1
chr10	49940652	49940779	128	6	0	128	61	67	8	2	2	5	4	5	6	1	1	3	5	3	4	4	5	3	2	8	2	2	7	7	3	5	2	5	3	8	5	3	0	3
chr10	49940781	49940828	48	6	0	48	17	31	3	1	1	1	2	1	2	0	0	0	3	1	1	1	0	0	1	2	0	0	2	3	3	4	1	5	3	2	1	2	0	0
chr10	49940831	49940962	132	6	0	132	82	50	6	4	6	7	2	2	6	5	10	3	7	5	6	4	5	3	4	1	0	8	2	0	0	6	3	0	0	1	6	7	2	9
chr10	49945001	49945052	52	6	0	52	32	20	4	4	0	2	3	1	2	3	2	1	3	0	1	2	2	1	4	2	0	2	1	1	0	1	2	0	0	0	2	0	0	4
chr10	49945054	49945182	129	6	0	129	84	45	15	3	6	6	3	6	2	6	1	3	1	4	10	5	5	6	3	4	3	7	5	0	0	3	6	1	1	2	3	3	2	2
chr10	49945184	49945368	185	6	0	185	107	78	21	6	9	8	7	7	8	3	6	2	9	2	10	3	2	3	5	6	0	7	10	7	0	7	6	4	0	6	5	6	0	8
chr10	49945370	49945487	118	6	0	118	63	55	16	7	1	2	10	2	8	1	1	1	8	3	0	1	1	0	6	1	0	4	5	1	0	5	6	5	3	6	4	4	1	3
chr10	49945489	49945569	81	6	0	81	36	45	3	1	0	3	2	3	5	1	1	2	5	1	1	2	4	1	3	1	1	2	4	3	1	5	1	6	3	4	3	3	1	3
chr10	49945571	49945713	143	6	0	143	89	54	19	6	8	4	9	4	5	3	3	1	3	6	6	3	2	7	5	3	0	6	6	4	0	3	3	4	0	5	7	3	0	3
chr10	49945715	49945749	35	6	0	35	25	10	3	1	3	2	3	0	0	0	1	0	0	1	1	1	1	7	0	2	0	0	1	1	0	1	1	0	0	1	0	0	0	2
chr10	49945751	49946377	627	6	0	627	371	256	41	17	20	38	25	19	32	17	18	10	18	19	33	16	17	30	27	13	3	18	24	16	0	23	16	22	6	22	26	12	3	24
chr10	49946379	49946398	20	6	0	20	14	6	1	1	1	2	2	0	0	2	1	0	0	0	2	0	0	0	0	0	0	1	1	0	0	0	1	1	0	0	2	0	0	0
chr10	49946400	49946530	131	6	0	131	94	37	12	8	6	7	7	2	4	5	6	1	1	9	8	3	4	9	8	0	0	6	0	1	0	1	3	0	0	1	7	1	2	7
chr10	49946531	49946976	446	6	0	446	303	143	51	14	13	40	23	9	16	21	21	9	5	11	23	7	13	25	18	6	0	15	17	3	0	7	14	7	0	9	20	11	0	16
chr10	49946986	49947026	41	6	0	41	25	16	2	1	3	1	5	1	1	1	1	1	0	1	0	2	0	3	2	0	1	2	1	0	0	1	3	1	1	1	2	1	0	0
chr10	49947028	49947212	185	6	0	185	113	72	9	10	10	8	8	4	4	11	7	7	2	4	13	3	6	6	5	6	2	10	8	5	1	4	8	1	0	1	6	6	1	7
chr10	49947227	49947344	118	6	0	118	77	41	15	3	5	10	8	7	3	1	3	2	2	2	7	3	1	3	7	5	0	3	7	0	0	2	3	3	0	2	4	1	0	4
chr10	49947346	49947450	105	6	0	105	48	57	5	3	1	1	2	4	7	3	2	2	6	4	2	2	2	0	2	7	0	3	8	5	1	7	1	5	1	3	5	4	2	3
chr10	49947453	49947548	96	6	0	96	42	54	3	2	2	4	4	3	8	0	2	0	5	2	2	2	2	0	2	3	1	2	6	4	0	8	3	7	3	5	3	4	0	2
chr10	49947550	49947614	65	6	0	65	28	37	3	1	2	0	2	4	3	0	1	2	5	2	1	1	0	0	1	4	0	3	2	2	3	1	3	3	2	2	3	0	3	4
chr10	49947616	49947672	57	6	0	57	37	20	8	0	2	5	0	2	2	1	2	1	1	0	4	0	1	6	0	0	1	2	3	0	0	2	2	3	2	1	0	2	1	1
chr10	49947674	49947763	90	6	0	90	43	47	3	3	5	0	4	2	4	2	1	1	7	5	3	0	0	1	2	1	0	3	5	4	1	6	1	6	1	2	4	5	0	6
chr10	49947765	49947798	34	6	0	34	21	13	8	0	0	3	2	3	0	0	0	0	0	0	1	1	1	1	2	3	0	0	2	2	1	0	0	0	1	1	0	0	0	0
chr10	49947800	49947869	70	6	0	70	30	40	0	0	2	0	2	3	5	0	0	4	5	2	0	2	4	0	1	3	0	5	3	3	0	6	3	1	0	4	4	5	0	1
chr10	49947874	49948047	174	6	0	174	120	54	22	4	6	14	6	3	6	5	6	5	8	5	12	1	2	13	6	2	0	5	5	3	0	3	3	1	0	2	6	5	0	13
chr10	49948048	49948172	125	6	0	125	89	36	12	2	3	13	4	1	3	9	4	4	4	4	9	4	4	7	7	2	0	2	3	1	0	1	1	1	0	2	6	1	0	9
chr10	49948174	49948218	45	6	0	45	29	16	6	0	2	3	1	3	0	0	1	0	1	3	3	1	1	3	1	1	1	1	1	3	1	1	0	0	0	0	2	1	0	2
chr10	49948220	49948516	297	6	0	297	194	103	27	12	7	19	15	8	10	17	11	3	9	6	13	13	6	16	16	6	1	13	13	1	0	4	10	3	1	6	11	8	0	10
chr10	49948518	49948556	39	6	0	39	33	6	7	1	1	7	1	0	0	0	2	0	0	0	5	1	1	5	0	1	0	1	2	0	0	0	0	0	0	0	0	1	0	1
chr10	49948558	49948794	237	6	0	237	149	88	20	6	10	15	11	8	5	12	9	6	2	4	11	6	8	15	9	8	0	8	13	8	0	4	8	3	0	5	7	6	0	8
chr10	49948796	49948865	70	6	0	70	49	21	4	1	2	5	2	2	2	3	2	0	3	1	4	9	2	5	5	2	0	6	2	0	0	0	0	0	0	0	3	0	0	3
chr10	49948867	49948917	51	6	0	51	34	17	9	1	3	1	1	0	1	1	2	2	7	1	2	1	1	0	1	0	0	3	1	0	0	0	0	0	0	0	1	1	0	9
chr10	49948936	49949219	284	6	0	284	152	132	32	6	11	5	9	7	15	12	6	4	13	7	6	5	11	2	6	8	0	8	14	3	1	18	13	17	1	13	10	8	0	11
chr10	49949225	49949248	24	6	0	24	17	7	3	2	1	1	1	0	0	1	2	0	0	0	2	0	0	2	0	2	0	0	2	0	0	1	0	0	0	0	1	1	0	0
chr10	49949250	49950017	768	6	0	768	503	265	81	34	36	49	41	15	21	27	31	16	15	17	47	20	24	27	34	15	3	33	20	14	2	19	18	10	1	17	32	16	2	29
chr10	49950019	49950060	42	6	0	42	29	13	2	0	2	3	3	1	0	2	0	1	2	1	2	2	2	4	2	0	0	3	0	0	0	1	1	0	0	1	3	1	0	1
chr10	49950064	49950200	137	6	0	137	107	30	35	6	3	14	5	4	2	3	3	1	0	2	16	3	2	7	8	2	1	3	3	1	0	2	1	1	1	1	2	2	0	1
chr10	49950216	49950272	57	6	0	57	34	23	3	0	3	3	4	0	2	4	3	1	0	3	1	3	0	2	2	1	0	1	4	4	0	0	2	0	0	2	2	3	0	2
chr10	49950274	49950416	143	6	0	143	93	50	9	6	6	7	7	5	6	3	3	3	3	4	9	8	5	8	12	2	0	8	4	1	0	4	0	1	0	3	5	5	0	4
chr10	49950418	49950532	115	6	0	115	74	41	18	7	6	3	9	4	3	3	3	0	2	3	3	1	3	5	3	2	2	4	1	1	0	3	9	1	0	6	6	1	0	1
chr10	49950548	49951365	818	6	0	818	479	339	74	27	25	44	32	31	35	25	28	14	27	16	37	18	20	25	33	21	6	30	36	19	7	23	24	26	8	20	30	18	3	34
chr10	49951367	49951397	31	6	0	31	19	12	6	0	1	2	1	3	0	1	1	0	1	1	0	0	0	0	1	0	1	1	2	0	0	0	1	1	1	1	2	1	0	0
chr10	49951400	49951432	33	6	0	33	26	7	9	1	0	3	2	1	0	2	0	0	0	2	3	0	0	1	2	1	0	0	2	0	0	0	0	0	0	0	1	1	0	0
chr10	49951434	49952046	613	6	0	613	412	201	72	28	30	35	28	15	18	20	32	10	15	10	33	15	19	31	30	11	3	23	9	8	0	15	18	3	0	13	25	10	1	31
chr10	49952047	49952139	93	6	0	93	62	31	10	4	6	4	6	2	2	3	2	2	3	4	6	2	1	3	6	1	0	3	1	1	0	4	1	1	0	2	5	3	0	3
chr10	49952141	49952205	65	6	0	65	35	30	6	1	2	4	2	0	3	0	1	0	3	2	4	3	2	1	0	3	1	0	3	2	2	4	1	3	0	4	1	2	1	2
chr10	49952207	49952310	104	6	0	104	63	41	9	6	4	4	7	4	3	4	4	1	5	1	3	4	2	1	5	3	1	6	1	2	0	3	5	0	1	2	8	0	0	3
chr10	49952312	49952386	75	6	0	75	61	14	20	1	3	7	1	1	2	3	4	1	0	1	7	2	2	5	3	0	0	2	0	0	0	0	2	0	0	0	2	0	0	4
chr10	49952398	49952420	23	6	0	23	19	4	6	0	2	1	0	0	1	0	0	1	0	0	3	0	0	3	1	0	0	0	0	0	0	0	0	0	0	2	0	0	0	1
chr10	49952421	49952461	41	6	0	41	23	18	5	1	0	3	1	1	3	1	1	0	0	2	2	1	0	1	0	2	1	0	3	3	0	1	1	1	1	1	2	0	0	1
chr10	49952463	49952948	486	6	0	486	299	187	35	17	22	27	26	8	19	25	16	8	14	19	25	13	13	11	18	11	0	17	18	7	1	12	15	8	0	22	27	12	1	17
chr10	49952950	49952968	19	6	0	19	13	6	1	0	3	0	1	0	1	0	1	2	0	0	1	1	0	0	1	0	0	2	0	0	0	0	0	0	0	0	1	0	0	2
chr10	49952969	49953025	57	6	0	57	42	15	9	2	1	6	0	1	1	2	3	0	2	2	7	1	2	2	1	0	0	2	1	0	1	0	0	1	0	1	2	1	1	3
chr10	49953027	49953264	238	6	0	238	155	83	24	14	17	5	7	4	7	12	13	3	4	6	16	9	4	9	14	1	0	15	7	4	0	6	2	4	0	2	7	9	2	9
chr10	49953266	49953286	21	6	0	21	15	6	1	1	2	1	1	0	0	1	3	0	0	1	0	0	0	2	1	0	0	0	0	0	0	1	0	0	0	0	2	1	0	1
chr10	49953288	49953387	100	6	0	100	51	49	6	4	2	4	4	5	7	4	3	2	2	2	3	0	3	0	7	3	0	1	7	2	0	4	5	6	0	3	1	2	0	6
chr10	49953389	49953405	17	6	0	17	7	10	0	0	0	1	1	1	1	1	0	0	2	0	0	0	0	0	0	0	0	1	2	0	0	0	2	0	0	2	0	1	0	0
chr10	49953407	49953624	218	6	0	218	105	113	10	4	4	6	7	8	16	5	2	4	16	6	5	6	4	1	8	5	1	8	9	8	2	13	6	10	0	13	13	9	1	6
chr10	49953627	49953644	18	6	0	18	6	12	0	0	0	0	0	1	1	0	0	0	1	0	0	0	2	0	0	0	0	1	1	0	0	1	1	2	2	2	1	0	0	0
chr10	49953646	49953831	186	6	0	186	130	56	20	7	7	12	6	4	5	7	7	3	2	4	13	6	6	21	11	2	0	6	4	2	0	5	2	1	1	4	5	6	1	4
chr10	49953833	49953889	57	6	0	57	27	30	0	4	0	0	3	0	1	5	1	0	6	4	0	0	1	1	1	2	0	1	6	3	0	3	0	2	0	0	2	5	0	4
chr10	49953891	49954116	226	6	0	226	171	55	36	12	12	18	12	0	3	8	9	2	2	6	22	8	6	14	12	1	2	7	3	2	0	2	2	1	0	3	6	3	0	10
chr10	49954119	49954144	26	6	0	26	20	6	5	2	0	3	2	0	1	0	2	0	0	0	0	2	1	1	3	0	0	0	0	0	0	0	0	0	0	0	0	0	0	2
chr10	49954146	49954255	110	6	0	110	70	40	5	5	2	10	2	1	9	3	7	4	3	1	9	3	1	3	4	1	1	7	5	1	0	2	1	0	0	3	5	6	1	3
chr10	49954258	49954301	44	6	0	44	24	20	0	2	3	1	1	1	3	2	4	1	2	1	1	1	0	0	3	0	0	2	2	1	0	0	2	0	0	1	1	2	0	5
chr10	49954303	49954733	431	6	0	431	272	159	25	12	24	23	8	13	19	17	24	4	9	9	27	14	12	31	20	8	0	15	15	7	0	10	12	8	1	15	10	10	3	24
chr10	49954749	49955075	327	6	0	327	226	101	37	7	17	26	8	3	5	8	11	6	8	11	32	8	17	21	6	6	0	12	6	7	1	11	5	7	2	2	7	5	1	22
chr10	49955097	49955252	156	6	0	156	106	50	8	5	5	13	6	2	2	13	8	3	2	7	10	3	6	11	5	4	0	4	5	2	0	4	5	0	0	1	8	5	0	7
chr10	49955254	49955311	58	6	0	58	40	18	8	0	0	7	1	3	3	2	4	1	2	0	2	2	0	4	2	2	0	2	3	0	0	0	2	0	0	0	2	1	0	3
chr10	49955312	49955390	79	6	0	79	54	25	9	3	4	6	5	2	1	4	1	1	1	3	7	2	2	3	5	2	0	1	3	1	0	1	1	0	0	3	2	2	0	2
chr10	49955392	49955568	177	6	0	177	110	67	10	8	6	12	9	4	6	5	8	2	2	5	10	6	10	6	7	6	3	4	3	1	0	11	6	4	1	3	7	4	0	6
chr10	49955570	49955592	23	6	0	23	13	10	0	0	1	0	0	1	1	0	0	1	1	0	2	1	3	0	0	0	0	3	0	0	0	1	1	1	0	2	1	0	0	1
chr10	49955594	49955929	336	6	0	336	205	131	24	9	16	16	13	11	13	18	15	7	9	13	13	8	7	12	19	4	1	11	10	6	0	11	9	6	1	8	17	12	0	15
chr10	49955931	49956028	98	6	0	98	60	38	6	2	7	4	5	0	5	1	5	5	3	0	3	3	6	4	4	1	0	5	2	0	0	4	3	1	0	4	2	4	0	7
chr10	49956032	49956119	88	6	0	88	36	52	1	1	2	2	3	6	4	3	2	3	1	2	0	3	2	1	5	6	0	2	7	11	2	3	0	3	2	1	3	2	0	3
chr10	49956121	49956169	49	6	0	49	32	17	2	4	4	1	2	1	3	1	4	0	1	3	3	0	0	1	2	0	0	3	0	0	0	1	1	0	0	1	5	1	0	3
chr10	49956171	49956283	113	6	0	113	71	42	11	5	7	4	6	2	3	1	3	0	5	0	7	6	4	7	4	1	0	7	0	2	1	3	5	2	3	4	3	1	0	4
chr10	49956289	49956318	30	6	0	30	18	12	0	0	1	1	1	0	2	1	3	0	1	2	0	0	2	2	0	0	0	0	1	0	0	1	3	0	0	1	0	2	0	4
chr10	49956320	49956446	127	6	0	127	85	42	17	2	5	7	2	13	0	3	5	0	2	4	7	4	5	8	10	2	4	4	3	3	0	1	1	1	0	2	4	1	0	5
chr10	49956495	49956571	77	6	0	77	53	24	8	0	3	8	1	0	1	3	6	1	1	0	4	3	6	7	0	2	0	2	1	1	1	2	2	0	1	3	2	2	0	4
chr10	49956572	49956874	303	6	0	303	197	106	24	8	9	21	11	8	13	17	16	6	4	12	11	8	9	20	13	3	2	12	11	3	0	4	9	5	1	3	15	7	1	15
chr10	49956875	49956980	106	6	0	106	67	39	13	6	1	3	3	5	5	3	4	2	4	2	2	3	3	6	8	2	0	6	4	3	0	2	1	0	0	1	3	4	0	5
chr10	49956982	49957007	26	6	0	26	11	15	0	1	0	0	2	2	3	0	0	2	0	0	0	0	0	0	2	1	0	2	2	1	0	0	3	0	0	1	0	2	0	0
chr10	49957009	49957274	266	6	0	266	157	109	31	11	9	11	12	8	15	4	7	3	9	10	11	4	2	9	10	8	1	7	11	10	0	8	8	3	2	11	10	7	3	9
chr10	49957282	49957386	105	6	0	105	47	58	1	1	7	0	4	5	6	2	2	4	7	0	2	0	5	0	1	4	0	5	5	4	0	5	7	3	0	10	4	4	0	5
chr10	49957388	49957415	28	6	0	28	14	14	0	2	0	0	2	2	0	4	0	0	0	0	1	0	1	0	1	2	0	1	3	0	0	1	4	2	0	0	0	0	0	0
chr10	49957416	49957425	10	6	0	10	10	0	6	0	0	0	0	0	0	0	0	0	0	0	2	0	0	0	0	0	0	0	0	0	0	0	0	0	0	0	0	0	0	0
chr10	49957428	49957516	89	6	0	89	42	47	5	2	3	0	3	2	4	2	2	3	5	3	1	1	1	3	3	3	0	2	6	8	1	5	1	4	0	1	2	5	1	5
chr10	49957518	49957721	204	6	0	204	104	100	11	4	8	5	5	14	11	5	7	3	9	4	4	3	3	6	6	5	2	11	12	8	0	11	7	8	0	7	10	10	0	3
chr10	49957723	49957738	16	6	0	16	8	8	1	0	1	0	0	0	2	0	1	2	0	0	0	0	0	0	1	0	0	1	1	0	0	0	0	0	0	2	0	1	0	1
chr10	49957740	49957835	96	6	0	96	52	44	5	2	4	4	6	3	2	7	3	4	1	4	1	0	2	3	4	2	0	3	7	3	1	4	2	3	0	1	5	6	1	1
chr10	49957837	49957899	63	6	0	63	30	33	1	0	1	3	1	1	6	2	2	1	2	2	1	2	4	1	1	0	0	3	3	2	0	3	5	5	0	2	0	2	0	5
chr10	49957900	49957948	49	6	0	49	26	23	2	1	3	1	2	1	2	2	4	0	0	2	0	3	0	1	2	2	1	0	3	3	0	2	2	2	0	0	0	1	1	4
chr10	49957950	49958026	77	6	0	77	43	34	3	1	4	4	3	0	6	3	5	4	0	1	2	2	2	2	3	3	0	1	4	3	0	3	2	3	0	1	3	1	0	6
chr10	49958028	49958101	74	6	0	74	34	40	4	0	5	1	0	4	4	0	4	2	5	1	1	0	1	0	2	3	0	1	2	6	0	8	3	1	0	2	2	6	0	4
chr10	49958103	49958638	536	6	0	536	328	208	37	24	23	22	22	19	21	22	23	8	17	11	24	14	12	27	26	17	2	20	20	7	0	17	13	7	3	17	25	13	1	20
chr10	49958641	49958765	125	6	0	125	86	39	9	4	5	7	3	1	4	6	2	1	3	6	11	9	3	11	4	4	0	7	4	1	0	2	2	1	0	1	4	2	0	6
chr10	49958766	49958786	21	6	0	21	13	8	1	0	2	2	0	1	0	0	1	0	1	0	2	1	1	0	0	1	0	1	1	0	0	1	0	0	0	2	0	1	0	0
chr10	49958788	49958915	128	6	0	128	85	43	9	2	6	9	6	2	3	6	4	2	3	5	7	5	3	11	5	2	2	2	3	0	0	5	3	3	0	4	7	3	0	4
chr10	49958925	49958978	54	6	0	54	37	17	5	0	3	6	0	2	2	2	5	0	0	0	4	1	1	4	4	0	0	0	1	1	0	2	1	1	0	2	1	2	0	2
chr10	49958980	49958998	19	6	0	19	11	8	2	0	0	1	1	2	0	3	0	0	0	0	0	1	0	0	2	1	0	0	1	0	0	0	3	0	0	0	0	0	0	0
chr10	49959000	49959333	334	6	0	334	230	104	37	11	18	22	19	9	7	12	18	8	1	11	15	5	9	27	17	9	1	6	11	2	0	6	7	1	0	6	12	7	1	17
chr10	49959335	49959409	75	6	0	75	44	31	1	0	5	4	1	0	3	4	3	2	2	5	4	3	3	2	1	0	1	3	2	3	0	3	1	1	1	3	4	4	0	4
chr10	49959415	49959596	182	6	0	182	130	52	24	6	11	12	8	4	3	5	3	3	1	9	18	6	6	10	8	2	2	6	3	1	0	3	3	2	0	5	7	2	0	7
chr10	49959598	49959687	90	6	0	90	71	19	19	3	6	6	2	1	0	6	0	1	0	8	13	1	2	2	3	1	0	2	1	0	0	1	0	0	0	0	4	1	0	5
chr10	49959690	49959757	68	6	0	68	47	21	16	3	4	4	3	2	1	0	3	1	1	0	4	1	1	2	2	1	2	2	1	2	0	3	1	1	0	0	1	2	0	2
chr10	49959759	49959817	59	6	0	59	30	29	5	0	2	0	2	4	3	3	1	2	4	3	0	0	0	0	1	2	0	3	5	1	0	1	3	2	0	1	3	2	0	4
chr10	49959819	49959862	44	6	0	44	19	25	0	2	1	0	2	2	3	1	1	0	4	2	0	0	0	0	0	2	0	2	3	2	0	3	3	0	0	2	2	4	0	1
chr10	49959863	49959897	35	6	0	35	13	22	0	0	0	0	0	2	5	0	0	1	3	0	0	1	1	0	1	0	0	2	1	1	0	3	3	2	0	3	2	2	0	0
chr10	49959918	49960212	295	5	0	295	144	151	15	2	6	9	7	17	20	3	1	9	20	8	8	6	8	4	9	11	3	11	16	8	1	19	5	12	2	15	17	13	0	8
chr10	49960234	49960470	237	5	0	237	141	96	18	6	11	12	10	4	11	10	7	7	9	6	12	2	6	10	8	3	0	8	7	5	0	9	8	7	0	11	12	7	0	9
chr10	49960478	49960823	346	5	0	346	219	127	29	11	15	19	12	6	14	10	15	11	13	7	17	13	13	12	16	10	2	13	9	3	1	13	3	2	1	8	14	11	0	21
chr10	49960824	49960841	18	5	0	18	13	5	0	0	2	0	0	0	0	1	1	0	0	1	1	1	0	4	1	0	0	1	0	0	0	1	0	0	0	0	1	1	0	0
chr10	49960842	49961400	559	5	0	559	307	252	47	10	24	21	16	18	23	14	20	11	25	16	20	11	18	11	10	20	3	17	27	14	6	27	14	19	4	19	21	21	3	27
chr10	49961416	49961563	148	5	0	148	81	67	7	5	6	4	6	5	7	5	5	4	3	4	2	1	6	9	6	4	1	4	8	8	1	3	5	2	0	9	4	6	0	6
chr10	49961565	49961606	42	5	0	42	25	17	4	1	4	1	2	1	1	1	2	2	1	0	2	0	2	0	1	0	0	3	1	1	0	2	1	1	0	0	1	2	0	3
chr10	49961607	49961617	11	5	0	11	11	0	9	0	0	0	0	0	0	0	0	0	0	0	0	0	0	0	0	0	0	0	0	0	0	0	0	0	0	0	0	0	0	0
chr10	49961618	49961655	38	5	0	38	17	21	1	1	2	0	2	2	2	0	0	2	2	0	1	0	1	0	1	2	0	2	1	1	1	1	4	1	1	2	1	0	0	2
chr10	49961657	49962165	509	5	0	509	287	222	41	19	16	17	18	19	26	18	14	9	25	12	20	9	13	9	20	13	1	22	21	15	0	22	15	16	0	17	26	14	1	19
chr10	49962167	49962197	31	5	0	31	21	10	2	0	2	4	3	0	0	0	1	0	0	2	3	1	2	0	0	1	0	0	1	0	0	1	1	0	0	2	1	1	0	1
chr10	49962208	49962222	15	5	0	15	15	0	13	0	0	0	0	0	0	0	0	0	0	0	0	0	0	0	0	0	0	0	0	0	0	0	0	0	0	0	0	0	0	0
chr10	49962223	49962252	30	5	0	30	13	17	3	2	0	0	1	0	3	0	0	1	2	0	0	0	0	0	1	0	1	1	1	0	1	1	2	2	1	2	0	1	1	1
chr10	49962254	49962442	189	5	0	189	90	99	7	5	4	7	7	8	10	6	5	2	8	9	4	3	3	2	5	7	1	4	12	9	2	8	7	8	3	8	7	7	4	5
chr10	49962444	49962491	48	5	0	48	19	29	1	1	1	1	1	4	3	0	1	0	2	1	1	1	0	0	1	3	1	1	5	3	0	3	1	3	1	2	2	2	0	0
chr10	49962493	49962894	402	5	0	402	241	161	29	11	20	20	16	10	15	16	16	6	10	14	19	15	14	10	14	7	5	15	14	6	2	13	16	12	0	9	13	10	1	22
chr10	49962895	49962908	14	5	0	14	14	0	12	0	0	0	0	0	0	0	0	0	0	0	0	0	0	0	0	0	0	0	0	0	0	0	0	0	0	0	0	0	0	0
chr10	49962909	49963409	501	5	0	501	275	226	25	8	4	39	11	14	25	36	30	13	27	11	10	6	6	10	14	9	5	13	19	9	6	13	17	20	6	13	36	10	11	23
chr10	49963411	49963446	36	5	0	36	15	21	0	1	0	1	2	4	2	0	0	0	2	0	0	0	1	1	0	3	0	2	3	1	0	1	6	1	0	1	0	1	0	1
chr10	49963448	49963543	96	5	0	96	62	34	9	1	0	11	1	1	0	15	11	3	4	3	1	0	0	1	2	1	1	0	1	2	3	0	1	1	0	0	13	2	2	4
chr10	49963544	49963605	62	5	0	62	41	21	6	0	1	9	2	3	2	3	5	0	1	1	3	0	0	5	0	2	0	1	2	1	1	0	3	0	1	2	4	1	0	1
chr10	49963606	49963625	20	5	0	20	9	11	0	0	0	0	0	2	0	0	0	1	3	1	0	0	1	1	0	1	0	2	0	0	1	0	0	0	0	0	2	1	0	2
chr10	49963626	49963677	52	5	0	52	43	9	9	1	1	9	2	0	0	6	6	0	0	1	3	0	0	3	1	0	0	0	0	0	0	0	0	0	0	0	7	0	0	1
chr10	49963678	49963986	309	5	0	309	142	167	9	8	5	6	8	11	18	13	7	5	18	10	4	6	9	3	9	11	2	9	15	12	4	18	10	15	7	14	16	11	5	9
chr10	49963987	49964172	186	5	0	186	107	79	10	0	2	21	4	9	7	17	16	2	4	2	3	0	1	8	3	4	1	3	13	5	0	3	9	5	4	4	13	7	0	4
chr10	49964173	49964296	124	5	0	124	79	45	12	0	3	14	2	6	4	10	12	1	3	1	3	1	1	5	2	2	0	4	6	1	0	2	3	4	1	2	11	2	0	4
chr10	49964297	49964653	357	5	0	357	230	127	38	0	2	45	4	9	10	39	36	7	11	8	7	0	2	11	2	6	3	5	10	6	4	4	8	7	5	4	42	5	3	12
chr10	49964654	49964663	10	5	0	10	8	2	1	0	0	2	0	0	0	1	1	0	0	0	1	0	0	1	0	0	0	0	0	0	0	0	0	0	0	0	1	0	0	0
chr10	49964664	49964931	268	5	0	268	168	100	22	1	3	29	2	11	9	27	25	3	10	6	6	0	2	10	3	5	1	6	10	4	3	4	8	6	1	5	28	6	1	9
chr10	49964941	49965070	130	5	0	130	64	66	7	3	4	2	6	7	6	2	2	2	5	5	2	3	6	1	4	5	1	5	7	4	1	8	3	7	2	4	7	4	0	3
chr10	49965071	49965089	19	5	0	19	8	11	0	0	0	0	0	0	0	3	0	0	0	1	1	0	1	0	0	0	0	0	1	1	2	0	2	3	0	1	1	0	0	0
chr10	49965090	49965543	454	5	0	454	258	196	30	3	1	37	5	19	18	35	29	10	26	10	8	6	8	12	10	13	3	12	18	11	4	9	13	9	7	11	36	10	8	21
chr10	49965544	49965685	142	5	0	142	86	56	13	1	0	14	1	5	5	14	14	3	6	2	1	1	1	3	3	3	1	3	6	2	0	1	3	3	4	2	13	1	5	6
chr10	49965686	49966249	564	5	0	564	340	224	45	2	5	56	3	23	17	65	45	11	18	11	14	3	5	16	10	14	2	12	25	8	5	4	20	11	13	14	53	9	8	15
chr10	49966250	49966269	20	5	0	20	9	11	0	1	1	0	2	0	1	0	0	1	2	0	0	0	0	0	1	0	0	1	1	1	0	0	2	1	0	1	0	0	0	2
chr10	49966270	49966669	400	5	0	400	232	168	29	6	7	33	6	18	14	31	32	4	14	9	8	5	5	9	7	14	2	10	19	8	3	12	11	12	3	8	33	8	8	10
chr10	49966670	49966725	56	5	0	56	26	30	4	1	1	1	1	1	2	2	0	0	1	2	1	2	4	1	1	1	0	2	2	4	3	2	3	4	1	4	1	2	0	0
chr10	49966726	49966836	111	5	0	111	53	58	8	3	2	2	4	3	7	3	3	1	10	4	1	0	0	1	1	3	0	3	7	2	0	4	5	5	5	5	4	3	3	7
chr10	49966837	49967037	201	5	0	201	122	79	18	3	6	8	3	6	10	8	6	4	11	7	8	6	8	8	6	4	0	9	5	5	0	6	4	3	0	9	13	4	0	11
chr10	49967038	49967111	74	5	0	74	41	33	9	1	1	2	3	3	2	5	0	2	2	1	1	2	5	0	6	2	0	1	4	1	0	4	4	4	0	2	0	2	0	3
chr10	49967112	49967339	228	5	0	228	119	109	15	5	7	11	7	9	8	5	6	1	8	7	10	7	8	5	5	8	0	9	12	13	3	9	5	10	4	7	7	8	1	6
chr10	49967340	49967385	46	5	0	46	31	15	3	2	2	4	2	0	1	3	3	2	0	2	2	0	0	3	0	1	2	1	3	0	0	1	0	0	0	0	3	3	0	1
chr10	49967386	49967694	309	5	0	309	200	109	27	8	13	28	14	10	12	8	18	10	9	4	16	4	6	12	18	6	0	7	10	5	0	7	6	3	0	5	10	8	2	21
chr10	49967695	49968223	529	5	0	529	329	200	46	17	29	28	23	13	19	17	23	7	19	8	28	12	13	25	19	9	0	22	19	11	0	18	14	16	0	14	20	12	0	26
chr10	49968225	49968266	42	5	0	42	22	20	1	2	2	0	2	3	0	6	1	0	3	0	1	1	0	0	4	0	0	1	2	1	0	0	3	1	0	2	1	1	0	2
chr10	49968268	49968442	175	5	0	175	116	59	22	4	9	11	6	4	6	3	8	4	7	6	10	4	6	6	4	3	2	7	3	0	0	5	3	1	0	5	9	4	0	11
chr10	49968444	49968510	67	5	0	67	43	24	7	3	4	3	5	1	3	2	2	1	1	2	2	0	0	5	2	2	0	1	2	1	0	2	4	2	0	2	3	0	0	3
chr10	49968512	49968571	60	5	0	60	38	22	4	4	1	4	0	3	3	3	1	0	1	0	7	1	3	1	6	0	0	2	2	0	0	2	1	4	0	3	1	0	0	1
chr10	49968573	49968618	46	5	0	46	21	25	1	0	2	1	3	2	2	0	0	2	2	3	1	1	0	0	2	0	0	2	3	3	1	2	1	1	1	1	1	5	0	1
chr10	49968620	49968941	322	5	0	322	170	152	25	5	7	13	12	12	15	10	8	10	14	6	5	7	10	10	10	11	3	9	13	8	7	14	12	12	3	11	14	11	1	12
chr10	49968945	49968993	49	5	0	49	36	13	5	2	1	6	3	1	1	4	2	0	0	3	4	1	0	1	3	0	0	1	1	0	0	1	2	0	0	0	3	2	0	0
chr10	49968995	49969085	91	5	0	91	60	31	10	2	6	7	3	3	3	2	7	0	2	0	5	2	2	5	1	4	0	2	3	0	0	3	3	1	0	4	4	1	0	4
chr10	49969086	49969427	342	5	0	342	179	163	14	7	12	13	11	22	20	10	9	7	10	5	12	6	8	12	17	10	1	14	20	13	1	12	12	15	1	14	13	8	1	10
chr10	49969428	49969438	11	5	0	11	5	6	0	0	0	0	1	1	1	0	0	1	0	0	0	0	0	0	2	0	0	0	0	1	0	1	0	0	0	0	1	0	0	0
chr10	49969439	49969727	289	5	0	289	163	126	33	2	10	9	11	9	11	11	5	6	13	7	4	7	12	11	8	7	1	8	12	6	2	13	11	12	0	15	11	8	1	11
chr10	49969737	49969914	178	5	0	178	68	110	2	0	2	3	0	5	12	4	4	4	26	3	0	2	0	0	1	4	2	4	7	13	5	13	8	8	0	7	5	13	3	16
chr10	49969916	49969965	50	5	0	50	20	30	3	1	0	1	2	4	4	0	0	1	1	1	0	1	0	0	1	2	2	2	2	0	1	3	6	4	4	0	1	0	1	0
chr10	49969967	49969993	27	5	0	27	13	14	6	1	0	0	1	1	0	0	1	1	1	0	0	0	0	0	0	2	1	0	2	2	1	0	0	1	1	0	0	1	1	1
chr10	49969995	49970311	317	5	0	317	110	207	1	5	4	3	8	13	22	4	3	6	25	9	1	1	4	0	4	6	5	10	19	18	16	16	17	30	6	16	8	15	7	13
chr10	49970313	49970379	67	5	0	67	23	44	2	0	2	0	0	2	2	2	2	3	4	2	0	0	2	0	0	1	3	1	3	4	6	3	1	6	1	2	2	4	2	3
chr10	49970381	49970484	104	5	0	104	26	78	0	0	0	0	0	2	7	1	0	4	10	1	0	0	0	0	1	2	3	0	4	11	6	7	3	11	10	4	3	5	1	6
chr10	49970490	49970513	24	5	0	24	8	16	0	0	1	0	0	1	0	0	1	0	4	0	0	0	0	0	0	0	0	1	0	2	1	2	0	2	1	1	2	2	0	1
chr10	49970515	49970566	52	5	0	52	14	38	0	0	1	0	0	1	7	0	1	1	3	0	0	0	0	0	1	0	0	1	1	6	2	2	4	6	2	6	2	1	0	2
chr10	49970568	49970595	28	5	0	28	9	19	0	0	1	0	0	1	1	0	1	0	4	0	0	0	0	0	0	0	0	1	0	3	2	2	0	2	1	1	2	2	0	2
chr10	49970596	49970695	100	5	0	100	15	85	0	0	0	0	0	3	7	0	0	2	3	0	0	0	0	0	0	3	2	0	5	26	11	4	5	13	3	6	0	5	0	0
chr10	49970697	49970816	120	5	0	120	25	95	0	0	2	0	0	5	6	0	2	1	8	0	0	0	0	0	0	4	1	1	6	23	11	8	4	16	6	2	1	6	0	5
chr10	49970818	49971090	273	5	0	273	146	127	14	9	8	11	9	9	10	14	13	6	11	9	6	6	6	4	16	8	2	4	12	15	4	7	5	4	2	7	9	11	3	17
chr10	49971092	49971130	39	5	0	39	22	17	2	2	4	0	3	1	2	2	1	0	0	2	2	0	0	0	3	0	0	0	0	0	0	1	5	1	0	3	1	0	0	2
chr10	49971132	49971300	169	5	0	169	80	89	7	4	6	3	6	4	8	4	5	7	9	4	2	2	5	3	6	7	0	4	4	9	3	14	6	4	3	3	7	11	0	7
chr10	49971302	49971349	48	5	0	48	39	9	18	1	1	3	2	1	0	1	2	0	0	2	2	1	1	2	1	1	0	1	1	1	0	0	0	0	0	0	2	0	0	2
chr10	49971350	49972143	794	5	0	794	510	284	71	28	36	39	30	20	33	37	27	15	13	22	46	25	20	46	44	10	2	32	18	14	3	18	29	11	0	26	30	18	3	26
chr10	49972145	49972191	47	5	0	47	29	18	3	0	2	3	0	0	4	1	4	1	1	2	1	1	0	4	1	0	0	1	1	0	1	0	1	2	0	3	3	0	1	4
chr10	49972193	49973036	844	5	0	844	534	310	68	25	49	46	38	25	32	31	45	13	18	24	37	29	20	33	42	15	1	34	24	15	1	17	25	10	2	23	35	18	2	45
chr10	49973037	49973132	96	5	0	96	47	49	2	3	4	1	3	7	10	0	5	2	3	1	0	4	2	0	9	3	0	3	4	2	0	3	3	2	0	7	4	2	0	5
chr10	49973133	49973539	407	5	0	407	256	151	36	13	15	28	19	9	16	17	17	9	12	6	20	13	11	14	18	7	4	15	13	6	0	13	11	9	0	10	18	10	0	16
chr10	49973540	49973564	25	5	0	25	12	13	0	1	0	1	0	1	1	1	2	0	1	0	0	0	2	2	0	1	0	1	1	0	0	2	0	2	0	1	2	1	0	0
chr10	49973565	49973808	244	5	0	244	138	106	13	6	8	8	10	17	10	11	8	3	11	10	3	6	7	5	15	6	2	9	7	3	0	10	10	4	0	8	16	7	0	9
chr10	49973814	49974342	529	5	0	529	293	236	41	12	18	21	21	23	23	17	14	12	24	15	17	8	8	17	21	17	4	13	23	13	7	22	18	18	0	14	22	17	3	24
chr10	49974343	49974397	55	5	0	55	35	20	7	2	1	5	1	2	4	2	4	0	0	1	3	1	0	2	3	1	0	1	1	2	0	1	3	0	1	0	1	1	0	3
chr10	49974398	49975067	670	5	0	670	459	211	63	25	24	46	21	16	18	41	22	10	10	20	51	26	20	45	41	12	2	22	19	4	0	15	12	10	0	12	24	12	2	23
chr10	49975068	49975078	11	5	0	11	6	5	0	1	0	0	0	0	0	0	0	0	1	0	1	0	3	0	0	0	0	1	0	0	0	0	0	0	0	1	0	0	0	1
chr10	49975079	49975267	189	5	0	189	101	88	10	8	8	3	6	4	10	11	10	5	10	3	2	4	1	5	12	3	0	6	7	7	0	12	4	5	0	3	8	12	0	8
chr10	49975275	49975584	310	5	0	310	185	125	23	11	11	13	14	15	12	9	7	3	15	11	13	6	10	11	23	3	0	9	7	7	0	13	5	7	0	14	14	10	0	12
chr10	49975585	49975615	31	5	0	31	13	18	1	1	0	0	1	8	0	0	0	0	0	0	0	1	1	0	8	1	0	1	0	6	0	0	0	0	0	0	0	0	0	0
chr10	49975616	49975874	259	5	0	259	153	106	20	4	7	10	8	9	8	11	6	4	12	7	7	7	14	17	9	6	0	9	12	5	0	10	9	8	1	8	6	8	1	14
chr10	49975875	49975884	10	5	0	10	4	6	0	0	0	0	0	0	0	2	0	1	0	0	0	0	0	0	0	0	0	1	2	1	0	0	0	0	0	0	0	1	0	0
chr10	49975885	49976071	187	5	0	187	101	86	3	3	12	5	1	8	9	12	9	7	6	3	9	4	5	4	12	3	1	6	9	4	1	8	4	5	0	7	5	10	0	10
chr10	49976072	49976100	29	5	0	29	14	15	1	1	1	0	0	1	3	0	2	1	3	0	0	0	0	0	2	0	0	1	1	0	0	2	0	1	0	1	2	2	0	2
chr10	49976101	49976319	219	5	0	219	114	105	5	6	16	5	9	9	6	9	7	5	10	5	11	2	4	3	9	9	1	3	5	5	3	16	10	8	1	7	10	7	1	10
chr10	49976320	49976336	17	5	0	17	9	8	0	3	0	0	1	2	0	0	2	0	0	0	0	0	0	0	2	0	2	0	1	0	0	0	0	0	0	0	1	1	0	0
chr10	49976337	49976513	177	5	0	177	108	69	10	3	5	9	5	5	3	16	5	5	2	6	6	7	8	11	9	6	1	4	7	5	1	7	5	4	0	1	8	5	0	6
chr10	49976514	49976531	18	5	0	18	13	5	1	0	1	1	1	0	0	2	0	0	0	0	1	0	0	5	0	0	0	0	0	0	0	0	2	0	0	1	1	0	0	0
chr10	49976532	49976605	74	5	0	74	60	14	14	1	1	6	3	2	0	3	0	2	0	0	6	3	3	14	6	1	0	1	1	1	0	0	1	0	0	1	0	0	0	2
chr10	49976606	49976638	33	5	0	33	22	11	6	0	1	2	2	0	1	2	1	0	0	0	1	2	1	2	0	0	0	2	2	1	0	0	2	1	0	1	1	0	0	0
chr10	49976639	49977155	517	5	0	517	297	220	40	17	12	31	18	19	20	19	21	9	18	11	21	13	11	17	24	12	3	19	19	15	10	14	12	13	7	12	21	17	4	16
chr10	49977156	49977239	84	5	0	84	42	42	11	2	2	2	3	2	4	0	2	3	3	1	1	1	2	1	3	3	0	2	5	12	0	2	1	2	1	2	1	2	1	5
chr10	49977240	49977533	294	5	0	294	152	142	30	8	6	9	16	10	16	10	4	7	15	5	4	4	6	0	10	11	0	8	16	7	4	15	16	13	0	11	10	11	0	10
chr10	49977534	49977624	91	5	0	91	72	19	22	2	2	10	4	0	1	2	4	0	0	4	7	1	2	10	1	0	0	2	3	1	0	2	1	1	0	0	2	4	0	1
chr10	49977625	49977690	66	5	0	66	42	24	8	0	3	6	5	1	1	4	2	1	0	3	2	1	2	1	4	0	0	0	4	2	0	0	2	3	0	3	2	1	0	3
chr10	49977691	49977733	43	5	0	43	26	17	3	1	5	0	1	2	1	2	3	0	0	2	0	0	0	4	0	2	0	1	3	0	0	2	2	1	0	1	1	2	0	2
chr10	49977734	49978482	749	5	0	749	367	382	27	19	30	14	32	36	43	35	26	17	30	23	5	7	16	6	32	23	2	22	50	30	2	28	27	31	1	37	36	26	1	33
chr10	49978483	49978519	37	5	0	37	17	20	0	1	2	0	1	3	2	0	2	0	2	0	0	0	2	0	1	1	0	3	2	2	0	1	3	1	0	2	1	1	0	2
chr10	49978520	49978696	177	5	0	177	84	93	9	5	8	2	1	8	13	4	7	5	5	4	7	1	2	2	6	8	0	5	7	19	0	13	5	5	0	2	8	6	0	8
chr10	49978697	49978711	15	5	0	15	10	5	4	0	0	2	0	0	1	0	2	0	0	0	0	0	0	0	0	0	0	0	1	0	0	0	1	1	0	0	0	0	0	1
chr10	49978712	49978919	208	5	0	208	86	122	6	3	4	1	3	14	19	2	4	6	9	7	1	1	4	2	7	10	3	4	14	9	2	15	6	13	3	8	9	8	0	9
chr10	49978929	49979212	284	5	0	284	158	126	13	8	11	9	9	21	18	9	14	6	7	8	5	9	5	5	27	3	0	13	9	7	0	9	7	6	1	8	14	9	1	11
chr10	49979213	49979259	47	5	0	47	24	23	1	0	1	3	2	3	4	1	1	1	0	2	1	1	1	1	1	0	0	4	5	2	0	0	2	4	0	0	1	1	0	2
chr10	49979260	49979626	367	5	0	367	184	183	14	7	13	8	8	30	20	9	15	6	14	13	5	6	11	4	28	9	3	9	12	19	1	21	12	10	0	10	15	15	0	18
chr10	49979627	49979903	277	5	0	277	137	140	4	12	8	6	13	9	17	15	9	5	9	12	4	3	7	2	15	6	0	8	15	7	2	13	15	11	4	8	9	13	2	12
chr10	49979911	49980135	225	5	0	225	134	91	16	8	8	10	8	2	12	3	7	4	9	6	11	8	7	13	4	5	2	11	12	4	1	6	3	8	1	8	7	6	2	11
chr10	49980136	49980158	23	5	0	23	11	12	0	0	0	1	1	3	1	0	0	1	3	0	0	0	0	0	0	2	0	2	2	0	0	1	0	0	0	0	2	1	0	1
chr10	49980159	49980233	75	5	0	75	48	27	7	3	1	5	2	2	3	3	4	0	3	0	2	2	4	6	3	2	0	2	2	0	0	3	2	2	0	3	3	1	0	3
chr10	49980234	49980267	34	5	0	34	16	18	0	2	1	0	2	0	5	0	1	1	3	0	0	0	0	0	1	0	0	2	2	0	0	0	3	0	0	3	1	2	0	3
chr10	49980268	49980331	64	5	0	64	39	25	7	0	4	5	2	3	0	2	6	0	1	1	1	1	0	4	1	3	0	1	4	6	0	2	0	0	0	0	2	3	0	3
chr10	49980332	49980372	41	5	0	41	23	18	3	1	1	2	1	3	2	2	2	0	2	0	1	1	0	0	2	0	0	3	4	0	0	1	1	2	0	1	1	3	0	0
chr10	49980373	49980616	244	5	0	244	143	101	19	13	8	9	6	12	15	3	5	4	9	7	19	2	4	7	6	8	3	13	11	2	1	9	8	7	0	7	11	6	0	8
chr10	49980617	49980666	50	5	0	50	21	29	0	0	0	0	0	4	3	0	0	1	4	2	0	1	3	1	0	3	0	3	3	5	0	4	1	0	0	3	3	4	0	0
chr10	49980667	49980871	205	5	0	205	118	87	18	5	9	8	9	7	6	12	4	3	6	5	9	4	8	3	8	6	0	5	8	4	0	11	12	9	0	5	6	4	0	9
chr10	49980875	49981002	128	5	0	128	74	54	7	1	4	6	5	4	4	8	6	1	7	8	1	0	1	10	1	4	0	1	6	3	0	4	5	4	2	1	9	3	0	10
chr10	49981003	49981071	69	5	0	69	47	22	6	6	2	4	2	2	2	5	8	0	0	1	2	1	2	3	5	2	2	0	1	1	0	1	0	0	0	0	4	0	0	5
chr10	49981072	49981294	223	5	0	223	142	81	27	5	9	14	12	4	7	8	8	5	9	8	10	4	2	8	6	4	1	7	8	4	1	6	4	4	0	6	13	7	2	8
chr10	49981295	49981312	18	5	0	18	11	7	0	0	0	2	2	1	1	0	0	1	0	1	0	0	1	1	0	0	0	2	0	0	0	0	2	0	0	0	1	0	0	1
chr10	49981313	49981381	69	5	0	69	40	29	5	1	3	3	4	5	1	1	1	1	2	4	2	2	2	2	7	3	0	0	4	3	0	3	0	0	0	0	0	4	0	4
chr10	49981382	49981459	78	5	0	78	46	32	14	2	1	1	3	1	3	2	1	4	11	0	1	0	0	1	4	1	0	2	2	3	0	1	0	1	1	0	3	1	1	11
chr10	49981460	49981532	73	5	0	73	31	42	0	3	2	1	3	3	7	0	3	1	6	1	0	0	0	0	2	2	0	3	4	2	0	6	5	4	0	2	3	4	0	4
chr10	49981533	49981623	91	5	0	91	50	41	14	1	0	4	1	4	3	1	0	0	4	3	4	4	5	1	2	3	1	3	3	3	3	4	2	5	1	3	2	2	1	2
chr10	49981624	49982308	685	5	0	685	376	309	29	24	25	23	20	25	42	21	29	20	25	26	23	10	15	18	24	19	4	31	27	22	2	27	19	15	4	14	38	22	4	36
chr10	49982309	49982364	56	5	0	56	24	32	0	1	3	0	2	1	6	0	1	2	4	2	1	0	1	0	2	1	0	1	3	1	0	3	3	3	0	4	1	3	0	5
chr10	49982365	49982441	77	5	0	77	33	44	1	1	3	0	3	2	5	3	1	4	4	3	0	2	0	0	2	5	0	2	9	3	1	4	0	2	0	2	1	7	1	4
chr10	49982442	49982461	20	5	0	20	14	6	5	2	0	0	0	0	0	0	0	0	1	1	2	1	0	1	0	0	1	1	0	0	1	0	0	0	0	0	1	1	0	0
chr10	49982462	49983072	611	5	0	611	393	218	42	18	30	34	25	22	20	33	26	17	15	18	31	16	16	29	37	14	0	22	10	7	0	17	15	5	1	13	38	8	1	29
chr10	49983073	49983122	50	5	0	50	32	18	3	1	4	2	1	1	1	3	3	0	1	2	4	0	3	1	1	0	0	1	1	1	0	1	2	1	0	3	2	1	0	4
chr10	49983123	49983827	705	5	0	705	487	218	88	25	30	53	29	15	17	23	36	12	11	19	42	20	24	41	30	13	1	28	15	11	2	18	12	2	1	7	27	20	2	29
chr10	49983828	49983925	98	5	0	98	53	45	22	4	1	1	3	4	4	1	0	2	3	1	3	1	2	0	5	1	1	3	3	4	4	3	3	7	2	2	1	2	1	2
chr10	49983926	49984598	673	5	0	673	371	302	53	17	35	16	22	25	28	17	26	17	33	18	20	14	16	12	28	16	8	21	23	17	6	31	19	18	2	19	23	26	4	41
chr10	49984599	49984626	28	5	0	28	18	10	1	1	1	2	2	1	0	1	0	1	0	0	2	1	3	1	1	0	0	2	1	0	0	0	1	1	0	2	1	0	0	0
chr10	49984627	49984958	332	5	0	332	184	148	12	8	16	14	15	12	16	14	18	5	17	6	6	5	7	12	11	7	1	11	9	6	1	16	20	8	0	11	17	11	0	18
chr10	49984959	49985075	117	5	0	117	83	34	18	2	6	9	4	3	1	8	5	0	2	2	8	4	3	6	3	3	0	3	4	0	0	2	3	2	0	5	6	1	0	2
chr10	49985076	49985941	866	5	0	866	503	363	70	24	35	36	30	26	39	36	37	22	34	18	29	22	19	24	39	22	1	32	31	22	3	39	22	19	2	19	39	32	4	37
chr10	49985942	49985957	16	5	0	16	10	6	1	2	0	0	1	1	0	2	1	0	0	0	0	0	0	0	2	1	0	1	1	0	0	0	0	0	0	0	1	0	0	0
chr10	49985958	49986146	189	5	0	189	101	88	17	5	3	7	9	7	10	5	2	3	12	4	5	4	5	2	6	5	1	7	10	7	0	8	8	6	0	8	7	6	1	7
chr10	49986148	49986344	197	5	0	197	93	104	12	3	4	7	7	5	10	6	4	3	8	3	4	5	7	4	2	4	5	5	10	9	3	9	11	14	4	9	5	5	2	6
chr10	49986346	49986375	30	5	0	30	12	18	0	1	1	0	2	1	1	0	0	0	3	2	0	0	0	0	0	1	0	1	1	0	1	2	2	2	1	1	2	2	0	1
chr10	49986377	49986434	58	5	0	58	33	25	13	2	1	1	4	1	2	1	1	1	5	0	0	0	0	0	1	0	1	2	2	1	1	2	4	3	0	0	1	2	0	4
chr10	49986437	49986585	149	5	0	149	103	46	13	6	6	14	11	3	4	5	9	1	3	5	6	3	5	7	8	2	0	3	2	1	0	2	4	2	0	4	9	0	0	9
chr10	49986586	49986598	13	5	0	13	8	5	0	0	0	0	0	0	0	4	0	0	0	4	0	0	0	0	0	0	0	0	0	0	0	0	0	0	0	0	3	0	0	0
chr10	49986599	49987115	517	5	0	517	278	239	25	12	14	16	21	17	23	27	9	10	23	29	12	12	15	11	18	12	2	20	23	21	1	25	16	17	0	13	31	20	3	17
chr10	49987117	49987153	37	5	0	37	18	19	2	1	0	0	0	2	3	1	0	0	1	3	1	1	0	2	0	2	1	0	3	1	1	0	1	2	0	3	2	0	0	2
chr10	49987155	49987347	193	5	0	193	100	93	10	9	9	4	5	5	10	10	9	5	8	2	8	4	0	0	9	5	0	9	8	8	2	12	5	8	1	2	9	9	1	5
chr10	49987349	49987359	11	5	0	11	8	3	1	0	1	1	0	0	0	0	1	0	0	0	0	1	0	1	0	1	0	0	0	0	0	1	0	0	0	0	0	0	0	1
chr10	49987360	49987481	122	5	0	122	68	54	4	3	5	5	4	4	7	5	4	4	1	5	4	1	5	5	3	3	0	6	5	8	0	3	4	2	0	6	8	3	0	3
chr10	49987483	49987510	28	5	0	28	15	13	0	2	3	0	2	0	1	0	2	1	2	0	1	1	0	0	1	1	1	1	0	0	1	1	0	0	0	0	1	1	0	3
chr10	49987512	49987607	96	5	0	96	54	42	4	3	1	4	2	6	6	5	2	3	4	3	3	3	2	2	9	1	0	5	2	3	0	2	4	2	0	2	4	1	2	4
chr10	49987609	49987655	47	5	0	47	29	18	3	0	3	3	1	2	1	1	1	1	2	1	3	1	1	3	1	1	0	2	3	0	0	1	0	2	0	2	1	1	2	2
chr10	49987657	49988093	437	5	0	437	248	189	29	18	23	13	21	10	14	14	20	10	20	5	13	8	15	14	15	11	1	19	16	13	2	20	11	9	2	14	18	18	1	18
chr10	49988094	49988108	15	5	0	15	8	7	0	1	0	1	0	0	1	1	2	0	0	0	0	1	1	0	0	1	0	1	0	1	0	1	0	0	0	0	1	0	0	0
chr10	49988109	49988397	289	5	0	289	119	170	6	2	9	6	5	19	21	10	8	5	11	3	4	2	5	1	11	8	1	8	18	27	1	18	17	19	0	14	10	10	2	6
chr10	49988399	49988449	51	5	0	51	24	27	0	4	2	0	4	1	4	0	2	2	5	0	0	0	0	0	5	0	1	1	1	0	1	1	1	1	2	2	2	1	0	6
chr10	49988451	49988565	115	5	0	115	40	75	1	2	4	2	4	3	7	0	2	3	3	0	3	0	3	2	2	4	0	2	4	13	8	8	4	14	2	5	4	2	0	2
chr10	49988566	49988580	15	5	0	15	3	12	0	0	0	0	0	1	0	0	0	0	0	0	0	0	0	0	0	1	0	0	1	3	2	1	1	3	0	0	0	0	0	0
chr10	49988581	49988806	226	5	0	226	86	140	2	2	3	1	3	14	18	5	3	9	13	2	0	2	6	2	10	9	3	5	9	11	4	14	14	12	8	12	7	6	6	9
chr10	49988808	49988823	16	5	0	16	7	9	0	0	0	0	0	0	1	1	0	0	2	0	0	0	1	1	0	0	0	0	0	0	0	2	1	1	0	2	1	1	0	0
chr10	49988825	49988986	162	5	0	162	65	97	1	4	2	0	3	9	12	7	3	4	9	4	0	3	2	1	5	10	3	2	8	4	3	13	10	8	2	8	8	7	2	3
chr10	49988987	49988997	11	5	0	11	4	7	0	0	0	0	0	0	1	1	0	1	0	0	0	0	0	0	1	0	0	0	1	2	0	0	0	0	0	1	0	1	0	0
chr10	49988998	49989058	61	5	0	61	26	35	3	1	5	0	2	2	2	1	4	0	3	1	0	1	1	0	2	1	0	1	2	4	2	3	2	2	0	6	1	4	2	1
chr10	49989060	49989108	49	5	0	49	22	27	2	1	3	2	2	1	4	0	3	0	1	0	1	0	1	0	1	1	0	1	4	3	0	3	1	4	0	4	1	2	0	1
chr10	49989110	49989247	138	5	0	138	71	67	7	3	4	7	4	1	7	6	7	4	9	2	4	0	0	4	1	2	0	5	9	8	1	3	4	5	2	5	4	6	5	7
chr10	49989249	49989278	30	5	0	30	25	5	5	1	0	4	1	0	0	2	0	0	0	3	4	1	0	3	1	0	0	1	0	0	0	0	0	0	0	0	2	0	0	0
chr10	49989280	49989339	60	5	0	60	38	22	8	2	3	1	2	0	2	1	3	0	4	1	2	1	2	5	1	1	0	1	3	1	0	2	1	1	0	2	0	3	0	5
chr10	49989341	49989460	120	5	0	120	73	47	7	4	7	5	6	4	5	0	7	2	8	1	3	3	4	6	8	2	0	3	2	0	0	5	1	1	0	6	4	4	0	10
chr10	49989462	49989589	128	5	0	128	83	45	15	5	8	5	6	2	3	2	5	0	2	5	7	8	4	4	3	6	0	6	6	2	0	6	1	2	0	1	4	4	0	4
chr10	49989591	49989649	59	5	0	59	39	20	6	2	1	7	3	0	2	1	4	1	1	2	3	0	1	4	1	1	0	1	3	2	0	2	1	1	0	0	2	3	0	2
chr10	49989651	49989738	88	5	0	88	54	34	3	3	7	4	2	2	3	2	5	1	2	1	7	2	4	5	3	2	0	3	2	2	0	2	2	2	0	6	3	1	0	5
chr10	49989740	49989786	47	5	0	47	32	15	9	0	6	2	1	3	0	0	3	0	2	0	3	1	0	0	2	1	0	2	0	0	0	3	1	0	0	1	1	2	0	2
chr10	49989788	49989862	75	5	0	75	41	34	8	4	1	2	3	6	3	3	2	1	2	0	1	1	1	1	8	3	0	1	2	4	2	2	2	2	0	2	3	1	0	2
chr10	49989863	49989886	24	5	0	24	17	7	3	0	2	3	0	0	1	0	1	0	1	1	3	1	0	0	0	0	0	1	0	0	0	0	0	1	0	1	1	0	0	2
chr10	49989887	49990086	200	5	0	200	129	71	20	9	11	10	8	5	8	8	7	9	4	3	15	4	2	5	13	7	2	6	5	3	0	5	4	1	0	1	7	3	0	13
chr10	49990087	49990097	11	5	0	11	2	9	0	0	0	0	0	1	0	0	0	0	1	0	0	0	0	0	0	0	0	0	1	2	1	0	0	1	0	1	0	1	0	0
chr10	49990098	49990203	106	5	0	106	54	52	6	3	7	2	7	3	5	1	3	2	3	3	3	2	1	2	5	1	1	3	6	6	0	5	2	5	1	5	3	5	0	3
chr10	49990205	49990276	72	5	0	72	31	41	1	3	0	0	1	3	7	2	2	3	4	2	0	1	1	0	2	4	1	2	5	0	0	5	2	5	1	2	4	1	2	4
chr10	49990278	49990313	36	5	0	36	24	12	11	0	0	3	1	1	1	0	0	0	0	0	1	2	2	1	1	0	1	1	2	1	0	0	0	2	1	2	0	0	0	0
chr10	49990315	49990451	137	5	0	137	62	75	3	2	2	3	6	7	10	3	2	5	12	2	0	2	2	0	4	4	2	6	7	2	1	7	7	4	2	7	7	7	1	6
chr10	49990452	49990553	102	5	0	102	59	43	14	6	4	2	4	0	3	2	5	1	6	1	3	1	4	1	2	1	1	4	3	3	2	4	4	4	0	2	1	4	1	7
chr10	49990554	49990664	111	5	0	111	86	25	18	4	4	13	5	0	2	6	7	0	1	3	8	3	2	8	2	2	0	3	2	1	0	0	4	0	0	0	5	0	0	6
chr10	49990665	49990780	116	5	0	116	78	38	12	3	6	10	3	0	3	4	4	2	5	2	12	3	3	4	2	3	0	3	5	1	1	2	1	3	0	4	2	2	1	8
chr10	49990781	49991091	311	5	0	311	204	107	17	9	19	19	16	12	4	17	9	4	7	11	22	16	6	15	22	4	0	15	10	3	1	5	5	5	0	6	12	7	1	10
chr10	49991092	49991127	36	5	0	36	22	14	1	1	1	2	1	1	1	2	2	0	1	0	1	2	1	4	5	0	0	0	0	1	0	3	0	2	0	0	0	1	0	1
chr10	49991128	49991319	192	5	0	192	135	57	24	5	10	11	2	3	6	9	11	6	5	5	13	5	8	11	7	2	1	9	2	0	0	4	1	1	0	2	9	3	1	14
chr10	49991320	49991434	115	5	0	115	85	30	30	4	5	7	7	2	1	3	1	2	4	3	8	2	1	3	6	2	0	3	1	1	0	3	2	1	0	1	4	1	0	5
chr10	49991435	49991840	406	5	0	406	251	155	34	12	19	19	18	7	15	15	19	7	17	15	14	6	11	21	11	7	2	12	15	4	0	12	12	9	0	13	18	11	4	25
chr10	49991849	49992048	200	5	0	200	147	53	23	8	10	16	8	7	0	13	6	3	3	9	19	3	2	16	13	1	2	5	5	0	0	3	1	1	0	0	9	6	0	6
chr10	49992049	49992160	112	5	0	112	81	31	18	5	9	6	4	1	1	4	5	0	1	4	10	2	3	6	3	1	0	4	2	2	0	3	1	1	0	4	4	3	0	3
chr10	49992161	49992242	82	5	0	82	47	35	3	2	2	5	3	4	4	4	2	2	3	6	3	2	0	1	5	2	0	2	4	2	0	4	0	2	0	0	6	4	0	3
chr10	49992243	49992407	165	5	0	165	110	55	18	10	7	11	9	1	3	11	4	1	4	2	15	5	3	5	9	2	0	6	3	2	2	5	5	4	0	5	6	4	0	1
chr10	49992408	49992556	149	5	0	149	97	52	15	8	6	8	8	4	4	5	5	3	4	1	9	5	4	6	7	3	1	10	2	3	1	2	7	1	1	1	5	1	1	6
chr10	49992557	49992605	49	5	0	49	35	14	6	3	4	2	1	0	1	1	0	0	1	2	8	3	0	3	2	1	0	1	1	1	0	1	0	1	0	1	0	0	0	3
chr10	49992606	49992677	72	5	0	72	40	32	6	3	4	1	3	1	5	3	2	0	3	2	3	2	0	0	4	1	0	1	3	1	0	3	2	5	0	5	4	0	0	3
chr10	49992678	49992782	105	5	0	105	58	47	16	2	7	1	3	6	1	2	5	0	5	3	2	2	0	1	3	5	1	1	3	8	1	8	2	1	0	1	4	6	0	3
chr10	49992783	49993159	377	5	0	377	187	190	11	9	10	15	13	15	21	15	10	7	16	8	11	11	7	7	9	18	1	13	31	13	3	16	11	18	2	13	13	14	2	12
chr10	49993160	49993177	18	5	0	18	7	11	0	0	0	0	0	1	0	0	0	0	1	0	0	0	3	0	0	1	0	1	1	2	0	3	0	2	0	0	0	1	0	0
chr10	49993178	49993348	171	5	0	171	96	75	7	6	8	5	5	5	5	13	9	3	9	2	5	3	4	6	9	3	0	5	9	6	0	6	4	3	0	5	6	9	0	9
chr10	49993349	49993402	54	5	0	54	25	29	3	0	5	0	3	1	3	1	2	0	2	1	0	2	2	0	2	0	0	1	1	1	0	6	4	5	0	3	1	2	0	1
chr10	49993403	49993456	54	5	0	54	29	25	6	0	5	2	3	0	1	2	1	1	2	0	3	0	1	2	0	0	0	1	4	4	0	2	1	5	0	2	0	1	0	3
chr10	49993461	49993514	54	5	0	54	37	17	11	1	0	4	3	2	2	3	0	2	0	1	1	2	1	2	4	2	0	1	2	0	0	1	3	0	0	1	1	1	0	1
chr10	49993515	49993582	68	5	0	68	38	30	7	1	2	4	2	2	4	2	0	1	3	2	5	2	1	0	4	1	0	0	4	2	0	3	0	4	0	4	1	2	0	3
chr10	49993583	49993689	107	5	0	107	60	47	7	4	1	3	3	6	3	3	0	2	5	5	5	3	7	1	6	5	1	3	6	1	0	5	2	3	0	3	3	3	1	5
chr10	49993690	49993765	76	5	0	76	36	40	0	3	2	3	3	2	7	0	3	0	4	1	2	2	2	0	2	3	0	2	3	2	0	7	4	4	0	4	4	3	0	2
chr10	49993766	49993825	60	5	0	60	28	32	4	0	0	0	1	4	3	1	0	2	7	3	0	0	2	0	1	1	0	4	2	1	1	2	2	2	1	2	4	2	2	4
chr10	49993826	49993888	63	5	0	63	50	13	20	3	3	4	2	1	1	1	1	1	0	1	6	2	0	2	3	1	1	2	1	0	1	0	0	0	0	0	1	1	0	2
chr10	49993889	49993991	103	5	0	103	64	39	4	5	4	2	3	5	4	3	3	3	1	5	5	3	8	4	6	4	0	6	3	1	0	3	3	0	0	1	3	2	0	7
chr10	49993992	49994039	48	5	0	48	32	16	1	1	4	2	0	0	2	1	0	1	3	1	7	2	4	2	2	0	0	2	0	0	0	0	0	0	0	6	1	0	0	4
chr10	49994040	49994135	96	5	0	96	69	27	14	3	1	9	1	0	3	8	3	0	3	3	8	1	4	6	1	0	0	3	3	0	0	1	4	3	0	3	4	1	0	4
chr10	49994136	49994207	72	5	0	72	53	19	14	2	5	4	3	0	0	5	5	0	1	1	3	5	2	2	5	1	0	2	0	1	0	2	0	0	0	0	3	1	0	3
chr10	49994208	49994262	55	5	0	55	44	11	7	1	2	8	1	0	1	3	1	1	0	3	9	0	2	4	0	0	0	2	1	0	0	0	1	1	0	0	3	0	0	2
chr10	49994263	49994308	46	5	0	46	38	8	11	0	0	10	2	0	0	2	2	1	1	0	5	1	0	2	1	0	1	0	1	0	0	0	0	0	0	0	2	1	0	1
chr10	49994309	49994386	78	5	0	78	58	20	15	4	3	3	2	1	3	2	1	1	1	3	6	5	2	4	3	2	0	6	2	0	0	1	0	0	0	0	3	1	0	2
chr10	49994387	49994658	272	5	0	272	188	84	32	8	16	20	10	8	5	8	12	7	6	7	22	9	9	8	13	7	1	11	9	0	0	5	2	0	1	3	7	7	0	17
chr10	49994659	49994680	22	5	0	22	13	9	2	1	2	0	1	0	1	0	1	0	0	2	1	1	0	0	0	1	0	0	1	0	0	1	1	1	0	0	1	0	0	2
chr10	49994681	49994756	76	5	0	76	34	42	1	2	1	1	1	3	6	3	0	2	3	4	3	1	2	0	3	2	2	1	3	1	1	6	2	7	0	3	5	2	1	2
chr10	49994757	49995070	314	5	0	314	184	130	38	10	8	16	13	9	16	6	10	5	13	6	11	6	8	8	9	7	1	12	10	4	3	11	12	12	6	8	13	5	2	14
chr10	49995071	49995437	367	5	0	367	232	135	29	9	13	23	8	12	18	18	19	6	8	11	18	8	12	18	17	5	2	11	8	4	1	10	15	3	1	13	16	11	0	18
chr10	49995438	49995453	16	5	0	16	11	5	2	1	0	1	0	0	2	0	1	0	0	0	1	0	1	0	2	0	0	0	0	0	0	0	0	0	0	2	0	0	0	1
chr10	49995454	49995511	58	5	0	58	37	21	7	0	3	3	3	1	1	4	3	0	0	3	1	2	1	4	2	0	0	1	2	3	0	1	3	1	0	1	2	2	0	2
chr10	49995512	49995545	34	5	0	34	23	11	6	1	2	0	0	5	1	2	1	0	0	1	1	0	0	1	7	0	0	0	0	0	0	0	1	0	0	1	0	0	0	2
chr10	49995546	49995611	66	5	0	66	36	30	5	3	3	1	4	1	0	2	3	1	1	2	0	0	5	5	1	1	1	2	2	4	0	3	2	3	1	2	2	2	0	2
chr10	49995612	49995652	41	5	0	41	23	18	5	1	4	0	1	0	2	1	1	2	1	1	3	0	1	0	1	0	0	2	2	2	0	1	1	1	0	2	0	1	0	3
chr10	49995653	49995724	72	5	0	72	38	34	1	3	2	1	1	4	6	0	3	3	2	5	2	1	2	1	7	0	2	2	1	1	0	4	1	1	1	1	2	4	1	5
chr10	49995725	49995756	32	5	0	32	20	12	2	3	0	1	2	1	1	1	2	0	1	1	0	1	3	0	3	0	0	2	1	0	0	1	0	0	0	0	1	1	0	2
chr10	49995757	49995817	61	5	0	61	38	23	4	2	1	4	2	2	0	1	1	0	6	4	3	2	4	1	2	2	0	1	1	1	0	4	0	0	0	0	2	3	0	6
chr10	49995818	49995893	76	5	0	76	47	29	2	3	3	4	4	5	5	2	4	1	1	2	3	2	1	4	7	1	0	2	2	0	0	0	4	1	0	3	3	0	0	5
chr10	49995894	49996044	151	5	0	151	101	50	21	8	7	8	5	0	6	1	7	1	7	5	10	2	6	6	3	4	0	3	2	2	1	4	3	1	1	5	4	2	0	14
chr10	49996045	49996108	64	5	0	64	42	22	6	2	3	2	1	0	5	1	2	2	1	2	4	3	4	2	2	1	0	4	1	0	0	1	2	1	0	3	2	0	0	5
chr10	49996109	49996139	31	5	0	31	20	11	6	0	1	4	1	0	1	1	2	0	0	1	2	0	0	0	0	0	0	0	0	2	0	2	3	1	0	0	1	1	0	0
chr10	49996140	49996217	78	5	0	78	58	20	13	2	2	7	2	1	3	0	6	2	1	2	2	1	5	7	2	0	0	4	1	1	0	1	0	0	0	0	3	2	0	6
chr10	49996218	49996227	10	5	0	10	8	2	3	0	0	2	1	0	0	0	0	0	0	0	1	1	0	0	0	0	0	0	0	0	0	0	0	0	0	0	0	0	0	0
chr10	49996228	49996391	164	5	0	164	103	61	25	5	9	8	8	4	7	1	7	3	4	7	7	0	3	4	5	3	0	4	7	1	0	8	4	3	0	5	5	9	0	6
chr10	49996392	49996754	363	5	0	363	215	148	38	11	21	10	11	7	21	7	20	7	14	12	10	5	8	11	10	7	0	13	16	6	0	14	6	10	1	11	14	13	1	26
chr10	49996755	49996841	87	5	0	87	49	38	6	4	6	2	6	4	4	2	4	1	1	0	3	3	2	0	4	2	0	6	4	1	0	4	4	5	0	1	3	1	0	2
chr10	49996842	49997278	437	5	0	437	298	139	42	13	18	36	12	13	13	15	15	9	10	10	41	9	9	31	20	8	1	15	13	4	2	12	6	7	0	7	15	12	1	16
chr10	49997279	49997346	68	5	0	68	46	22	8	4	3	3	4	0	1	4	1	2	2	1	5	1	3	3	4	2	0	0	1	0	0	2	1	1	0	4	3	0	0	3
chr10	49997347	49997626	280	5	0	280	164	116	34	9	10	12	9	6	15	5	7	4	14	3	13	6	7	8	6	5	1	13	7	4	1	17	13	11	2	8	9	9	2	8
chr10	49997628	49997686	59	5	0	59	38	21	6	2	0	6	1	2	2	4	3	1	0	0	4	0	1	5	2	3	0	0	4	3	0	2	1	1	0	0	1	2	0	1
chr10	49997687	49997729	43	5	0	43	26	17	3	1	2	2	1	4	0	1	1	0	1	3	3	0	3	0	1	2	0	2	1	1	0	2	2	0	0	0	3	0	0	2
chr10	49997730	49997983	254	5	0	254	143	111	12	5	11	13	8	5	9	15	12	4	10	6	9	5	4	14	3	6	2	8	15	11	1	9	6	4	1	11	13	14	0	6
chr10	49997984	49997999	16	5	0	16	13	3	0	0	0	2	0	0	0	1	1	0	1	0	0	0	0	6	0	0	0	0	0	0	0	1	0	0	0	0	1	1	0	0
chr10	49998000	49998054	55	5	0	55	42	13	2	1	1	2	2	2	0	3	1	0	1	3	1	2	0	19	2	1	1	1	1	0	1	0	0	0	0	0	4	1	0	1
chr10	49998055	49998065	11	5	0	11	5	6	1	0	0	1	1	0	0	1	0	0	0	0	0	0	0	0	0	0	0	0	2	1	0	0	1	1	0	0	0	0	0	0
chr10	49998066	49998395	330	5	0	330	205	125	26	14	16	14	18	7	13	11	15	10	8	11	11	6	11	14	19	7	2	9	10	3	1	9	7	3	1	8	13	10	0	21
chr10	49998396	49998476	81	5	0	81	45	36	4	5	0	5	5	3	2	4	3	0	4	3	2	1	1	2	2	3	0	3	5	3	1	2	3	1	1	1	4	4	0	2
chr10	49998477	49998672	196	5	0	196	128	68	20	9	4	10	9	4	6	9	8	2	3	4	6	6	9	17	8	6	0	7	9	1	0	6	3	7	1	3	8	2	1	6
chr10	49998673	49998692	20	5	0	20	14	6	4	2	1	0	2	0	0	0	0	0	0	0	1	0	2	0	1	0	0	1	1	0	0	0	0	1	0	1	0	0	0	1
chr10	49998693	49998930	238	5	0	238	150	88	23	11	6	17	16	5	4	17	15	5	2	6	3	4	5	10	11	6	3	5	11	5	3	2	8	3	0	3	13	7	0	7
chr10	49998931	49999011	81	5	0	81	30	51	1	0	1	1	1	5	5	2	0	2	6	3	1	1	0	0	2	3	2	1	4	4	4	6	2	5	1	4	5	6	0	1
chr10	49999012	49999195	184	5	0	184	86	98	6	5	3	4	5	8	9	6	4	3	12	9	3	4	4	1	4	10	1	5	10	3	4	10	4	9	3	6	10	6	4	7
chr10	49999196	49999239	44	5	0	44	18	26	0	1	0	0	1	1	4	2	0	1	5	1	0	1	0	1	1	0	0	3	3	1	0	1	4	2	1	2	0	2	1	3
chr10	49999240	49999449	210	5	0	210	143	67	35	6	4	12	7	6	8	18	3	2	1	16	11	3	1	8	11	5	0	1	6	4	0	4	10	0	0	4	12	5	0	5
chr10	49999450	49999506	57	5	0	57	34	23	3	3	3	1	4	2	1	3	2	2	1	1	1	0	1	5	4	3	0	0	3	2	0	1	0	1	0	3	3	0	0	2
chr10	49999507	49999876	370	5	0	370	218	152	27	15	19	12	20	6	15	11	19	5	12	13	8	10	11	13	14	8	0	14	9	13	2	13	10	5	1	14	19	11	3	16
chr10	49999877	49999930	54	5	0	54	37	17	6	3	3	3	1	1	0	0	3	1	1	0	5	1	4	4	0	3	0	3	1	0	1	3	0	0	0	0	1	2	1	1
chr10	49999931	50001136	1206	5	0	1206	745	461	96	27	54	74	43	28	41	39	40	20	44	29	72	52	42	44	40	25	7	55	28	19	4	45	42	26	7	29	41	27	12	52
chr10	50001137	50001192	56	5	0	56	31	25	7	3	1	1	1	2	0	1	1	1	1	0	3	2	4	1	2	2	2	2	1	3	4	0	1	3	0	2	1	0	0	2
chr10	50001193	50001283	91	5	0	91	33	58	0	1	1	1	1	4	6	1	2	2	8	1	0	2	2	0	1	3	1	4	4	4	4	5	2	6	4	6	5	5	1	2
chr10	50001284	50001344	61	5	0	61	31	30	5	0	0	4	1	3	4	0	0	3	5	0	2	0	0	2	1	1	1	3	3	1	1	1	4	2	2	2	1	2	2	3
chr10	50001345	50001398	54	5	0	54	42	12	10	0	1	10	1	0	4	0	3	0	1	0	7	0	1	2	0	0	0	0	0	0	0	0	4	0	0	4	1	0	0	3
chr10	50001399	50001441	43	5	0	43	37	6	20	1	3	2	1	0	0	0	2	0	1	1	3	0	0	1	0	0	0	1	0	0	0	0	0	0	0	0	2	0	0	3
chr10	50001442	50001978	537	5	0	537	283	254	32	15	17	17	14	20	18	20	12	12	25	14	23	13	13	17	18	17	4	21	20	17	14	19	13	20	12	15	22	16	7	18
chr10	50001979	50002002	24	5	0	24	11	13	0	1	2	0	0	0	2	0	3	0	0	1	0	1	0	1	0	1	0	0	0	3	0	3	0	0	0	0	1	2	0	1
chr10	50002003	50003538	1536	5	0	1536	983	553	142	50	77	97	75	53	50	49	76	30	38	47	73	26	38	61	71	19	6	63	42	21	2	35	42	18	4	38	73	42	10	66
chr10	50003545	50003595	51	5	0	51	30	21	5	3	2	3	4	1	3	1	3	0	0	2	1	1	0	0	0	2	2	1	3	1	0	1	2	0	0	2	4	2	0	0
chr10	50003596	50003650	55	5	0	55	37	18	4	2	2	6	3	0	0	5	0	1	1	1	5	2	1	2	2	2	0	1	3	2	0	1	1	2	0	1	2	0	0	1
chr10	50003651	50003707	57	5	0	57	35	22	5	1	4	3	2	1	3	2	2	0	2	3	4	0	0	2	1	0	0	1	0	0	0	2	4	2	1	3	3	0	1	3
chr10	50003708	50003749	42	5	0	42	23	19	3	2	1	2	1	1	2	0	1	1	4	0	3	0	1	0	0	0	1	3	1	0	0	2	2	1	0	3	1	2	1	1
chr10	50003750	50003928	179	5	0	179	116	63	17	6	8	11	6	5	7	8	7	7	2	6	12	3	3	6	8	5	1	7	6	3	0	5	3	1	0	2	9	5	1	7
chr10	50003929	50003940	12	5	0	12	8	4	0	0	0	1	0	1	0	2	0	0	0	0	1	0	1	1	1	0	0	0	0	0	0	0	1	0	0	1	0	0	0	0
chr10	50003941	50004020	80	5	0	80	53	27	9	2	3	6	5	2	2	0	2	1	3	1	5	3	5	3	4	1	0	3	0	1	0	4	2	2	0	2	3	1	0	3
chr10	50004021	50004225	205	5	0	205	92	113	10	4	3	7	8	14	9	4	3	0	14	5	3	2	3	2	6	8	1	6	15	14	3	7	8	11	3	8	6	6	2	8
chr10	50004226	50004403	178	5	0	178	95	83	12	4	7	6	8	5	9	6	5	8	10	3	4	2	1	5	4	7	1	7	10	5	0	6	6	3	2	5	7	6	3	9
chr10	50004404	50004426	23	5	0	23	15	8	2	1	1	0	0	0	1	2	1	0	0	0	1	1	1	3	1	1	0	0	1	1	0	0	1	0	0	1	0	0	0	1
chr10	50004427	50004646	220	5	0	220	141	79	28	11	8	14	9	2	7	7	14	2	4	3	10	4	6	12	9	3	3	4	3	6	2	8	5	7	3	1	7	4	0	12
chr10	50004647	50004667	21	5	0	21	17	4	0	2	0	2	1	0	0	2	1	0	0	1	2	0	1	3	2	0	0	0	0	0	0	0	0	0	0	0	1	0	0	1
chr10	50004668	50004958	291	5	0	291	197	94	22	5	15	19	13	12	6	7	10	6	10	10	17	8	11	24	17	6	0	8	3	0	0	8	4	1	0	11	15	4	2	15
chr10	50004959	50004980	22	5	0	22	17	5	7	1	0	3	2	0	1	0	2	0	0	1	0	0	0	0	0	0	0	0	0	0	0	0	0	0	0	0	2	0	0	1
chr10	50004981	50005077	97	5	0	97	60	37	7	4	3	4	5	4	4	3	1	2	3	3	6	1	5	4	6	1	0	4	2	1	0	2	5	2	0	4	3	1	0	5
chr10	50005078	50005106	29	5	0	29	16	13	0	1	0	1	1	0	0	3	1	0	1	1	0	2	3	1	1	2	0	1	2	0	0	1	0	2	0	0	1	0	0	2
chr10	50005107	50005174	68	5	0	68	44	24	2	7	1	3	3	0	5	2	4	1	1	0	5	3	1	5	5	3	0	3	2	2	0	2	0	0	0	0	2	1	0	3
chr10	50005175	50005190	16	5	0	16	14	2	6	0	0	2	1	0	0	1	2	0	0	0	0	0	0	0	0	0	0	0	0	0	0	0	0	0	0	0	2	0	0	0
chr10	50005191	50005318	128	5	0	128	89	39	16	4	9	8	9	1	0	5	4	3	7	1	8	3	4	6	5	0	1	5	1	0	0	1	4	0	1	5	5	2	0	8
chr10	50005320	50005471	152	5	0	152	70	82	9	3	4	3	5	6	8	1	0	3	7	6	5	3	4	2	4	4	4	3	7	6	4	8	5	10	2	8	4	5	2	5
chr10	50005476	50005647	172	5	0	172	79	93	8	6	5	3	9	7	12	2	3	4	10	1	2	1	3	2	6	7	1	4	9	5	2	8	12	7	4	9	4	5	0	9
chr10	50005648	50005660	13	5	0	13	7	6	0	1	0	0	0	2	1	1	1	0	0	0	0	0	0	0	1	1	0	1	1	0	0	0	0	0	0	0	1	0	0	0
chr10	50005661	50005747	87	5	0	87	40	47	5	3	1	2	4	3	4	3	0	3	5	3	2	2	0	0	2	7	0	2	7	4	2	4	1	3	0	2	4	4	2	1
chr10	50005749	50005779	31	5	0	31	17	14	5	0	1	1	1	0	2	1	1	0	1	0	0	3	1	0	1	0	0	2	2	1	0	1	0	2	0	1	1	0	0	1
chr10	50005781	50005907	127	5	0	127	50	77	0	2	2	2	4	7	9	3	1	2	11	3	1	2	1	0	2	6	0	4	9	6	1	8	8	7	2	5	4	5	3	5
chr10	50005909	50005927	19	5	0	19	12	7	5	0	1	0	1	0	1	0	0	2	2	0	0	0	0	0	1	0	0	1	0	0	0	0	0	0	0	0	1	0	0	2
chr10	50005928	50006217	290	5	0	290	205	85	31	12	13	21	15	9	4	14	8	3	3	8	23	12	6	21	13	9	1	13	10	1	1	3	9	1	0	2	10	4	0	8
chr10	50006219	50006244	26	5	0	26	17	9	2	2	2	1	2	2	0	0	1	0	0	1	1	0	1	0	0	2	0	2	2	0	0	0	0	0	0	0	2	0	0	1
chr10	50006246	50006774	529	5	0	529	309	220	58	19	24	19	22	19	24	14	21	8	20	12	20	9	8	11	20	8	6	21	19	7	3	18	12	19	4	21	28	13	5	15
chr10	50006775	50006861	87	5	0	87	59	28	6	4	6	7	3	1	3	4	5	3	1	2	9	1	1	3	4	1	0	3	2	0	0	0	1	0	2	2	4	1	0	6
chr10	50006870	50007156	287	5	0	287	176	111	28	5	10	21	11	9	16	11	12	4	4	5	13	12	6	9	12	6	0	12	11	5	0	10	8	12	0	9	16	3	0	5
chr10	50007157	50007171	15	5	0	15	7	8	0	0	1	1	1	0	0	0	0	0	1	1	0	0	0	0	0	0	0	0	0	0	1	1	1	1	1	1	1	1	0	0
chr10	50007172	50007416	245	5	0	245	131	114	30	9	7	4	11	9	11	6	5	2	12	5	5	6	6	1	6	12	0	9	16	6	1	14	7	12	1	6	8	7	2	7
chr10	50007419	50007896	478	5	0	478	290	188	33	20	23	16	15	14	19	23	24	10	16	12	21	15	11	17	26	9	2	22	13	7	3	16	11	12	0	5	21	11	3	26
chr10	50007897	50007908	12	5	0	12	9	3	0	0	1	2	0	0	0	0	3	0	0	0	0	0	1	0	0	0	0	0	0	0	0	0	0	0	0	0	1	0	0	2
chr10	50007909	50008290	382	5	0	382	255	127	39	17	19	14	14	10	15	17	12	2	9	12	25	17	10	21	18	5	0	23	7	2	1	4	15	3	3	11	16	4	0	15
chr10	50008299	50009636	1338	5	0	1338	668	670	91	27	46	36	37	56	69	60	44	32	53	30	29	16	17	24	43	42	13	33	91	49	12	57	45	57	16	52	43	60	13	43
chr10	50009637	50009660	24	5	0	24	9	15	0	0	1	0	1	1	1	0	0	1	0	1	0	0	0	1	0	1	0	1	3	3	1	0	1	2	1	0	0	1	0	1
chr10	50009661	50010568	908	5	0	908	465	443	66	18	22	32	25	32	57	32	28	25	31	22	19	18	11	26	37	17	20	19	39	29	15	38	38	38	11	35	33	36	8	29
chr10	50010569	50010582	14	5	0	14	4	10	0	0	0	0	0	1	2	0	0	0	1	0	0	0	0	0	0	0	0	1	2	2	0	0	0	0	0	2	0	1	0	0
chr10	50010583	50010739	157	5	0	157	76	81	8	2	1	5	2	11	11	3	3	2	8	3	3	4	6	3	5	7	3	4	9	2	2	8	7	8	1	8	6	4	0	6
chr10	50010740	50011100	361	4	0	361	176	185	14	8	7	14	10	17	16	12	4	6	17	15	15	7	9	5	11	13	4	10	22	13	6	17	7	20	6	12	15	13	4	10
chr10	50011101	50011272	172	4	0	172	81	91	12	4	4	4	4	7	10	4	5	3	6	4	3	4	5	2	5	8	2	3	10	5	3	11	4	10	4	6	6	6	1	5
chr10	50011273	50011502	230	4	0	230	104	126	12	3	4	6	11	9	16	7	2	5	19	3	1	2	3	0	3	5	1	10	14	6	2	8	18	12	3	15	8	7	4	9
chr10	50011503	50011529	27	4	0	27	17	10	5	1	2	0	0	1	1	0	2	0	1	2	1	1	0	0	1	1	0	0	0	1	0	1	0	0	0	0	1	0	0	3
chr10	50011530	50011640	111	4	0	111	70	41	10	1	5	8	3	4	5	6	5	0	3	5	6	4	1	3	5	2	0	2	5	1	0	2	5	0	0	5	4	4	0	5
chr10	50011641	50011652	12	4	0	12	11	1	9	1	0	0	0	0	0	0	0	0	0	0	0	0	0	0	0	0	0	0	0	0	0	0	0	0	0	0	0	0	0	0
chr10	50011653	50011721	69	4	0	69	48	21	6	1	5	5	3	2	0	5	5	0	2	4	2	2	1	3	4	0	0	1	0	1	0	2	0	0	0	2	6	2	0	3
chr10	50011722	50011752	31	4	0	31	15	16	2	0	3	0	3	0	1	1	0	1	0	0	0	2	1	1	1	2	0	0	2	1	0	0	2	0	1	4	0	0	0	1
chr10	50011753	50011919	167	4	0	167	80	87	9	4	7	3	6	3	8	6	7	3	9	5	1	3	4	2	5	5	2	1	6	4	4	9	8	8	1	8	4	7	3	10
chr10	50011920	50012020	101	4	0	101	57	44	3	2	1	4	2	0	8	5	3	2	4	4	2	4	5	7	5	1	0	2	1	0	3	2	4	3	0	9	5	2	0	6
chr10	50012021	50013050	1030	4	0	1030	550	480	54	21	47	33	32	34	59	40	46	29	51	14	23	20	25	20	35	23	1	45	45	32	1	46	37	32	2	41	48	37	4	51
chr10	50013051	50013071	21	4	0	21	13	8	1	0	0	1	1	0	1	2	0	0	0	2	1	0	1	1	0	0	0	0	2	0	0	0	2	1	0	1	0	1	0	1
chr10	50013072	50013331	260	4	0	260	153	107	27	6	6	17	8	7	15	1	10	5	13	8	12	5	5	6	5	5	3	11	10	5	1	9	5	7	4	6	11	8	4	13
chr10	50013339	50013728	390	4	0	390	192	198	20	9	14	12	12	11	23	10	13	8	10	13	10	6	7	13	10	17	3	4	22	21	5	23	12	20	5	11	13	14	1	16
chr10	50013729	50013789	61	4	0	61	40	21	4	0	3	5	4	1	1	2	3	1	1	1	1	1	2	10	0	2	0	1	2	1	0	1	2	2	0	2	3	0	0	3
chr10	50013790	50013945	156	4	0	156	103	53	11	1	5	12	5	6	5	8	8	2	1	5	6	7	4	15	10	2	1	3	4	0	1	4	5	3	0	4	6	4	2	4
chr10	50013946	50025720	11775	4	0	11775	5723	6052	618	256	415	344	369	428	662	333	399	260	570	245	247	173	194	210	353	347	73	343	624	666	129	613	417	507	104	400	397	512	80	485
chr10	50025721	50025736	16	4	0	16	5	11	0	0	0	0	0	0	0	1	0	1	1	0	0	1	0	1	0	1	0	0	1	4	0	1	0	0	0	0	0	2	0	0
chr10	50025737	50025758	22	4	0	22	9	13	0	0	0	1	0	2	2	1	1	0	2	0	0	0	0	0	1	0	0	1	1	0	0	0	3	1	0	2	0	1	0	1
chr10	50025759	50025793	35	4	0	35	15	20	0	1	0	0	0	1	5	1	1	4	0	1	0	0	0	0	2	0	3	2	1	1	1	1	1	1	0	0	2	2	0	2
chr10	50025794	50025853	60	4	0	60	26	34	0	0	2	1	1	4	2	2	2	3	4	1	0	1	1	0	2	3	2	1	5	1	1	4	1	3	0	0	2	4	1	4
chr10	50025854	50025883	30	4	0	30	15	15	0	2	1	0	2	0	1	0	0	2	1	1	1	2	0	1	1	0	3	2	1	2	0	0	0	0	0	1	2	1	1	0
chr10	50025884	50025997	114	4	0	114	54	60	1	1	7	1	2	3	5	8	5	3	5	5	2	0	2	2	1	3	1	2	9	2	1	7	3	7	0	6	7	7	0	4
chr10	50025998	50026027	30	4	0	30	15	15	0	2	1	0	0	1	1	2	4	0	3	0	0	0	0	0	0	1	0	2	1	2	0	1	0	0	0	0	3	2	0	2
chr10	50026028	50029787	3760	4	0	3760	1916	1844	199	99	139	82	152	162	207	192	108	99	116	119	60	56	63	61	173	121	22	100	213	115	28	163	154	151	14	147	174	132	22	115
chr10	50029788	50029869	82	4	0	82	37	45	1	0	0	1	0	3	7	8	1	6	4	4	0	0	1	1	7	1	0	0	3	4	0	5	3	3	0	2	5	5	0	5
chr10	50029870	50030040	171	4	0	171	72	99	2	3	9	1	2	7	12	4	10	4	6	2	1	2	5	1	5	6	0	5	7	19	0	14	8	7	0	5	5	9	0	8
chr10	50030041	50030093	53	4	0	53	21	32	0	2	2	0	3	2	5	0	0	0	3	0	1	2	1	0	2	1	1	2	3	1	1	3	3	5	0	5	1	1	0	1
chr10	50030094	50031148	1055	4	0	1055	582	473	79	27	46	38	38	32	52	35	37	18	40	33	35	17	14	40	40	25	4	25	50	29	8	48	32	38	10	35	35	43	6	44
chr10	50031149	50031194	46	4	0	46	23	23	1	2	3	0	1	3	3	1	3	1	2	1	1	0	1	0	2	1	0	3	1	1	0	2	2	0	0	2	3	2	0	2
chr10	50031195	50076578	45384	4	0	45384	25862	19522	3331	1316	1753	2010	1659	1474	2047	1526	1678	910	1646	1173	1743	986	1162	1447	1826	1098	261	1501	1767	1273	336	1726	1380	1237	262	1447	1733	1493	247	1934
chr10	50076579	50077116	538	6	0	538	281	257	37	9	8	26	14	23	25	19	11	7	29	17	18	10	14	14	13	19	2	15	30	19	7	24	19	26	3	16	19	16	6	21
chr10	50077118	50079979	2862	6	0	2862	1731	1131	287	79	108	147	105	89	130	75	100	49	96	69	128	76	71	121	97	73	14	109	104	63	13	99	75	71	9	89	123	71	12	108
chr10	50079980	50081447	1468	6	0	1468	846	622	101	45	64	67	73	44	55	49	57	39	61	25	47	39	33	45	65	36	6	60	51	48	9	49	47	31	5	33	59	42	10	71
chr10	50081448	50081492	45	4	0	45	20	25	0	2	1	0	3	3	1	1	0	2	3	0	0	0	3	1	2	1	1	2	2	1	0	3	1	2	0	3	3	2	0	0
chr10	50081493	50081569	77	6	0	77	43	34	3	3	3	3	4	6	2	1	4	3	5	0	1	2	1	0	8	3	0	4	3	3	1	0	0	0	0	0	3	1	1	7
chr10	50081570	50081591	22	4	0	22	14	8	2	0	2	1	0	1	0	0	1	0	1	1	1	0	1	2	0	0	0	0	0	0	0	2	0	2	0	0	1	0	0	2
chr10	50081592	50082154	563	6	0	563	282	281	41	12	18	16	20	30	34	14	17	14	24	11	8	10	7	5	23	19	2	21	33	14	8	22	22	24	5	21	20	20	7	19
chr10	50082155	50082211	57	4	0	57	31	26	6	1	4	1	4	2	1	0	2	0	3	1	0	3	1	0	3	2	0	2	2	4	0	4	2	0	0	0	0	4	0	3
chr10	50082212	50083014	803	6	0	803	436	367	56	23	28	37	34	31	43	18	26	25	32	13	27	12	13	16	36	23	6	26	33	29	7	33	26	24	5	23	32	26	4	34
chr10	50083022	50084731	1710	6	0	1710	965	745	161	50	60	65	62	59	73	49	54	34	67	44	58	42	40	46	66	53	13	53	70	41	21	69	40	53	14	53	67	54	12	65
chr10	50084732	50085274	543	6	0	543	299	244	39	14	21	20	23	19	28	14	18	14	22	17	16	13	8	11	25	23	2	10	27	12	5	23	13	14	4	15	19	18	3	31
chr10	50085275	50088958	3684	6	0	3684	2256	1428	317	108	151	197	139	110	121	146	148	58	114	86	170	98	103	189	147	84	15	128	132	89	18	110	105	76	19	98	132	101	20	153
chr10	50088959	50089279	321	6	0	321	164	157	33	10	6	5	11	15	16	9	7	4	16	8	4	6	6	6	10	11	3	11	20	9	4	12	9	17	6	10	13	8	3	11
chr10	50089280	50089430	151	4	0	151	98	53	12	9	6	7	8	6	7	5	3	0	2	3	11	6	6	5	9	3	0	9	2	0	0	4	9	2	0	7	6	1	0	1
chr10	50089431	50089720	290	6	0	290	174	116	28	10	14	10	9	5	12	12	12	5	8	8	12	9	9	10	13	5	1	10	10	7	1	10	9	5	4	8	6	11	0	15
chr10	50089721	50089775	55	4	0	55	39	16	4	2	5	2	0	0	2	0	1	1	1	0	8	6	3	3	1	2	0	5	0	0	0	2	0	0	0	2	1	0	0	2
chr10	50089776	50090513	738	6	0	738	389	349	58	15	17	30	21	25	35	20	20	7	36	20	22	14	22	26	14	22	7	18	35	19	12	33	24	37	11	33	28	21	8	26
chr10	50090516	50090716	201	6	0	201	159	42	24	3	12	13	5	2	4	6	7	0	2	5	16	3	2	53	5	0	0	3	1	0	0	4	5	2	0	7	6	3	0	6
chr10	50090717	50090779	63	4	0	63	45	18	4	2	4	4	1	1	1	0	2	0	2	1	7	4	6	5	1	1	0	5	1	0	0	0	1	0	0	3	0	0	0	5
chr10	50090780	50090851	72	6	0	72	36	36	3	0	3	1	1	4	3	5	3	2	7	4	0	0	0	0	3	1	0	2	2	0	0	6	0	1	1	2	8	4	1	3
chr10	50090852	50090919	68	4	0	68	41	27	2	1	5	3	4	1	3	1	3	2	1	2	1	3	4	4	3	1	0	3	1	0	0	4	2	2	0	2	3	2	0	3
chr10	50090920	50091002	83	6	0	83	60	23	13	3	4	6	6	2	0	6	3	3	1	1	3	3	1	3	5	1	0	5	2	0	0	0	1	1	0	0	6	0	0	2
chr10	50091003	50091105	103	4	0	103	67	36	7	1	5	7	6	3	3	7	4	3	3	5	3	3	0	5	5	1	0	4	4	0	0	1	3	2	0	1	7	2	0	6
chr10	50091106	50091315	210	6	0	210	142	68	23	5	12	15	4	3	3	9	11	4	8	3	17	6	4	13	5	4	1	8	5	4	0	9	2	1	0	3	7	9	1	9
chr10	50091316	50091616	301	4	0	301	156	145	21	8	13	9	13	8	11	7	10	5	13	8	7	11	8	4	11	4	4	11	8	16	5	10	11	10	5	12	9	9	6	12
chr10	50091617	50091661	45	6	0	45	37	8	3	0	0	8	2	0	0	2	0	0	0	0	6	4	3	8	3	0	0	1	0	0	0	0	1	0	0	2	0	0	0	0
chr10	50091662	50091885	224	4	0	224	146	78	14	10	8	13	4	6	7	10	12	1	5	3	16	8	8	20	12	4	4	5	7	5	0	6	3	2	0	8	5	7	0	9
chr10	50091886	50092110	225	6	0	225	118	107	7	6	12	5	7	9	16	8	10	4	9	6	6	5	2	5	12	5	3	5	7	7	0	10	11	8	0	9	9	4	1	15
chr10	50092111	50092185	75	4	0	75	44	31	4	4	5	1	2	1	4	0	4	1	4	0	4	5	2	3	2	1	0	6	0	2	0	5	1	1	0	2	4	3	0	2
chr10	50092186	50092280	95	6	0	95	52	43	6	3	7	3	3	2	3	0	8	3	7	0	3	0	2	1	3	1	1	3	1	2	2	7	0	3	0	1	4	6	1	7
chr10	50092281	50092384	104	4	0	104	59	45	8	2	5	5	2	0	6	8	5	3	3	0	5	5	1	1	6	1	0	3	4	4	0	2	3	3	1	5	3	3	0	5
chr10	50092385	50092597	213	6	0	213	98	115	11	5	5	7	8	8	10	6	4	3	10	5	5	4	5	2	6	9	0	5	13	10	6	11	5	13	4	9	8	8	1	5
chr10	50092598	50092668	71	5	0	71	33	38	4	2	1	1	3	5	4	3	1	1	3	4	0	0	0	0	3	2	0	3	6	2	0	2	2	3	3	2	4	3	1	1
chr10	50092669	50092776	108	4	0	108	66	42	10	1	5	8	5	4	3	4	3	1	3	5	4	3	2	3	6	2	0	1	5	4	0	4	3	2	0	3	2	5	0	5
chr10	50092777	50092905	129	5	0	129	80	49	10	4	6	7	5	2	6	5	7	4	1	2	5	3	8	4	8	1	0	4	3	1	0	6	5	3	0	2	2	4	0	9
chr10	50092906	50093112	207	4	0	207	97	110	5	2	9	7	7	10	13	4	9	9	8	3	2	2	4	2	8	5	3	7	13	14	1	8	6	8	1	5	7	8	1	14
chr10	50093113	50093288	176	5	0	176	104	72	12	8	5	8	7	6	9	7	7	4	6	6	8	1	4	5	8	2	0	9	6	4	2	3	8	3	0	3	7	6	1	9
chr10	50093289	50093364	76	4	0	76	27	49	1	1	3	1	3	3	4	1	2	3	4	0	0	0	0	0	1	3	1	2	6	9	1	4	1	6	1	4	2	2	3	2
chr10	50093365	50093475	111	5	0	111	50	61	3	2	4	0	4	6	6	4	1	4	5	3	1	0	4	3	5	3	1	3	5	8	0	7	5	2	0	7	5	6	1	1
chr10	50093476	50093707	232	4	0	232	150	82	23	11	9	16	9	9	7	6	13	4	5	6	12	2	8	8	12	3	5	6	4	2	1	9	6	4	0	2	9	7	0	12
chr10	50093708	50094170	463	5	0	463	266	197	33	21	25	12	19	11	23	13	23	8	16	9	17	12	11	12	21	11	3	17	17	10	3	17	13	9	1	18	15	17	1	23
chr10	50094174	50094831	658	5	0	658	372	286	68	30	18	23	28	20	27	27	19	13	21	11	24	10	17	15	30	21	2	21	27	23	9	24	25	18	4	17	20	22	1	21
chr10	50094832	50094884	53	4	0	53	19	34	0	0	1	0	1	3	4	2	0	3	4	0	0	0	0	0	3	3	0	0	2	5	0	5	4	1	0	3	2	4	0	1
chr10	50094885	50097463	2579	5	0	2579	1515	1064	202	64	130	112	83	78	106	105	127	53	74	85	96	61	77	60	104	55	15	82	92	52	20	89	64	55	2	95	112	91	13	123
chr10	50097464	50097496	33	4	0	33	20	13	1	3	1	0	1	0	4	0	3	2	0	0	0	1	2	1	2	0	0	3	0	0	0	0	1	0	0	1	2	0	0	3
chr10	50097497	50097709	213	5	0	213	143	70	27	8	12	13	11	7	3	5	10	4	2	7	12	4	5	13	8	2	2	10	7	3	1	5	4	3	0	0	7	8	1	7
chr10	50097710	50097759	50	4	0	50	26	24	4	1	5	0	1	1	2	1	5	0	1	3	0	1	1	0	1	0	1	0	2	0	1	1	1	3	1	3	1	1	1	5
chr10	50097760	50097881	122	5	0	122	69	53	10	2	6	6	2	3	8	4	6	3	6	4	6	0	0	2	2	2	1	3	1	3	1	6	7	1	2	4	7	5	0	7
chr10	50097882	50098305	424	4	0	424	273	151	30	23	15	27	21	9	17	18	25	6	5	11	19	10	15	22	23	6	2	17	13	10	0	6	13	5	2	6	16	8	0	22
chr10	50098306	50098424	119	5	0	119	66	53	7	3	3	6	7	2	4	6	2	2	5	5	3	2	4	5	3	2	0	4	4	6	0	6	10	2	0	1	2	6	0	5
chr10	50098425	50098458	34	4	0	34	18	16	1	2	1	1	2	2	2	2	2	0	0	0	0	0	1	1	3	0	1	1	0	0	0	2	3	1	1	1	1	1	0	0
chr10	50098459	50098560	102	5	0	102	45	57	0	1	3	2	1	5	10	2	2	1	7	4	3	1	2	0	4	2	0	2	2	1	2	8	7	6	0	8	6	4	0	4
chr10	50098561	50098612	52	4	0	52	25	27	4	1	1	1	1	0	5	2	0	3	0	0	1	1	1	3	0	3	0	2	4	6	0	2	3	1	0	2	0	2	0	1
chr10	50098613	50098819	207	5	0	207	135	72	26	5	6	14	12	8	5	8	7	6	7	7	7	2	6	7	13	4	1	3	6	2	0	5	6	1	0	3	8	6	1	13
chr10	50098820	50098984	165	4	0	165	82	83	6	6	8	3	11	11	9	3	5	6	3	3	1	3	1	1	10	8	2	6	10	5	0	9	9	5	0	2	6	6	0	5
chr10	50098985	50099017	33	5	0	33	21	12	1	3	2	0	3	0	0	0	1	0	1	3	2	0	3	1	0	0	0	2	0	0	0	0	1	0	1	2	2	0	1	2
chr10	50099018	50099085	68	4	0	68	41	27	8	2	2	2	1	4	5	1	4	0	3	4	1	2	0	1	4	1	0	4	2	1	0	2	0	1	0	1	5	2	0	3
chr10	50099086	50099284	199	5	0	199	135	64	25	5	10	15	5	3	4	9	15	1	5	8	10	4	6	8	4	2	0	7	5	5	2	2	3	2	1	2	9	5	1	14
chr10	50099287	50099548	262	5	0	262	125	137	12	6	7	7	13	11	16	9	4	8	10	5	3	5	5	3	11	9	2	8	17	10	3	8	12	13	4	13	10	6	1	9
chr10	50099549	50099607	59	4	0	59	30	29	3	1	3	0	1	1	7	0	2	4	2	0	0	3	1	0	4	2	0	3	1	1	0	4	2	0	0	4	3	3	0	2
chr10	50099608	50099694	87	5	0	87	37	50	2	1	4	1	1	4	8	1	4	6	2	0	1	0	1	0	6	3	1	1	3	3	1	7	2	7	0	3	4	2	2	4
chr10	50099695	50099820	126	4	0	126	61	65	2	2	2	2	4	6	12	8	2	9	5	3	0	1	0	3	13	3	0	1	5	4	0	5	8	2	0	4	4	5	0	9
chr10	50099821	50100076	256	5	0	256	143	113	27	6	14	9	8	5	10	4	11	4	13	8	11	5	1	5	5	7	4	4	5	20	2	10	6	4	1	9	11	6	3	16
chr10	50100077	50100113	37	4	0	37	24	13	1	1	1	1	2	1	0	2	0	2	0	1	2	1	3	4	2	1	0	2	2	1	0	0	1	0	0	1	1	1	0	1
chr10	50100114	50100377	264	5	0	264	152	112	22	10	7	10	8	4	15	6	6	5	12	6	13	9	9	8	5	10	0	13	15	4	1	12	4	11	2	5	9	7	1	13
chr10	50100378	50100438	61	4	0	61	30	31	0	3	2	2	3	2	2	1	4	0	4	4	0	0	1	1	0	2	0	2	0	2	3	3	3	2	0	1	5	2	1	4
chr10	50100439	50100625	187	5	0	187	117	70	20	2	7	13	7	3	7	7	6	4	11	6	8	4	2	8	6	2	0	6	6	5	0	4	5	2	2	5	7	6	2	12
chr10	50100626	50100793	168	4	0	168	88	80	2	6	5	2	2	7	8	14	5	6	8	4	6	2	7	2	7	6	1	7	9	2	0	5	6	5	1	8	9	3	2	9
chr10	50100794	50100983	190	5	0	190	107	83	13	5	9	8	5	3	9	4	8	5	8	5	9	4	7	4	3	8	1	5	8	6	0	13	3	6	0	3	7	7	1	11
chr10	50100984	50101098	115	4	0	115	64	51	5	5	6	2	5	4	4	10	6	2	2	2	2	3	3	1	8	2	0	4	7	3	0	3	4	4	0	4	4	4	0	4
chr10	50101099	50101185	87	5	0	87	51	36	5	3	5	4	5	3	2	1	3	1	3	3	3	5	2	2	3	2	2	5	2	1	0	5	1	3	1	1	5	2	1	1
chr10	50101186	50101252	67	4	0	67	30	37	1	2	2	0	1	2	3	6	1	3	3	3	1	0	0	1	2	3	1	1	3	6	1	3	2	2	0	2	5	3	0	2
chr10	50101253	50101277	25	5	0	25	11	14	0	0	0	0	0	5	1	1	0	1	1	0	0	0	0	0	3	3	0	0	1	1	0	2	2	0	0	0	2	0	0	0
chr10	50101278	50101333	56	4	0	56	23	33	1	1	2	2	1	2	5	1	3	1	2	1	0	0	0	0	1	2	0	1	3	4	2	2	4	3	0	3	1	3	0	3
chr10	50101334	50101386	53	5	0	53	27	26	2	0	2	2	0	4	3	1	4	0	5	2	0	1	0	1	4	0	0	1	0	1	0	4	0	2	0	1	4	2	2	3
chr10	50101387	50101472	86	4	0	86	41	45	3	3	2	1	1	7	7	1	4	1	2	0	1	2	3	2	7	2	3	1	3	1	0	6	5	2	1	6	1	5	0	1
chr10	50101473	50101640	168	5	0	168	101	67	7	4	8	10	9	6	3	7	5	4	2	3	9	10	5	8	10	3	3	7	7	6	1	5	4	4	0	2	4	6	0	4
chr10	50101641	50101697	57	4	0	57	37	20	3	5	2	3	4	1	2	2	3	1	2	1	3	2	1	2	3	1	1	4	1	0	0	0	1	0	0	1	3	0	1	2
chr10	50101698	50101773	76	5	0	76	42	34	5	7	1	0	3	3	2	2	2	2	3	0	2	0	6	2	4	4	0	4	4	2	0	3	0	3	0	3	3	0	2	2
chr10	50101774	50101966	193	4	0	193	81	112	0	0	5	1	2	8	15	7	3	8	14	3	2	5	4	3	10	6	0	5	9	15	2	12	3	11	0	10	10	7	0	11
chr10	50101967	50102077	111	5	0	111	56	55	5	6	7	2	9	2	2	8	5	2	2	3	1	0	0	1	5	3	1	1	11	3	1	5	2	8	0	2	3	6	0	3
chr10	50102078	50102157	80	4	0	80	40	40	5	1	5	1	4	4	1	3	2	1	4	1	1	4	2	1	4	3	0	3	4	4	0	4	1	5	0	2	3	2	0	3
chr10	50102158	50102419	262	5	0	262	152	110	15	8	18	8	10	7	8	10	12	8	9	6	11	6	5	10	11	7	1	10	7	6	2	12	6	4	2	6	11	9	3	12
chr10	50102420	50102634	215	4	0	215	119	96	16	9	9	7	7	9	6	9	11	4	9	4	7	2	6	3	13	4	1	6	7	11	3	9	7	4	0	3	4	11	0	12
chr10	50102635	50103260	626	5	0	626	386	240	62	16	25	35	25	13	26	16	19	14	17	17	32	11	23	33	20	19	0	15	20	12	4	25	20	14	1	23	20	16	3	28
chr10	50103261	50103274	14	4	0	14	12	2	3	0	2	1	0	0	0	0	1	0	0	0	2	0	0	2	0	0	0	0	0	0	0	0	0	0	0	0	0	0	0	1
chr10	50103275	50103594	320	5	0	320	146	174	19	3	10	8	7	14	17	5	7	7	18	9	7	6	7	2	8	8	3	10	13	7	12	16	11	21	9	13	11	11	6	13
chr10	50103600	50103717	118	5	0	118	75	43	8	3	5	10	4	1	2	4	4	3	1	3	10	3	7	5	4	3	1	2	4	6	1	3	1	2	0	5	2	3	0	6
chr10	50103718	50103815	98	4	0	98	58	40	10	1	3	8	2	2	6	3	7	1	2	1	3	2	2	4	3	2	0	1	3	4	0	5	3	3	1	3	4	3	1	3
chr10	50103816	50103887	72	5	0	72	29	43	0	0	1	0	0	7	6	0	0	1	5	3	1	1	3	1	4	3	0	2	3	2	0	8	5	4	0	2	1	4	0	3
chr10	50103888	50104025	138	4	0	138	80	58	10	5	7	2	2	4	11	4	4	7	5	2	7	1	2	6	8	3	0	6	3	1	0	8	2	3	0	5	8	4	0	6
chr10	50104026	50104082	57	5	0	57	37	20	7	3	4	4	4	2	1	0	3	0	2	2	3	1	0	0	2	1	0	3	1	0	0	2	2	0	1	0	2	2	1	2
chr10	50104083	50104358	276	4	0	276	169	107	20	13	12	12	12	6	11	8	14	4	7	7	11	5	11	15	10	7	3	7	7	5	1	11	9	5	0	8	11	7	0	15
chr10	50104367	50104491	125	5	0	125	62	63	15	3	3	1	4	5	8	1	4	3	8	4	0	1	1	0	1	5	0	6	6	3	3	5	6	3	1	4	5	5	4	5
chr10	50104492	50104554	63	4	0	63	34	29	4	2	0	4	2	4	2	0	1	2	2	0	3	2	3	2	4	3	1	2	2	2	2	2	2	2	1	1	1	1	0	2
chr10	50104555	50104656	102	5	0	102	43	59	1	3	1	1	1	5	6	4	2	0	5	5	2	1	5	0	3	3	0	3	6	1	2	10	3	10	1	4	4	4	3	1
chr10	50104657	50104709	53	4	0	53	37	16	7	2	2	3	1	2	2	1	3	1	1	2	3	1	2	2	3	1	0	2	1	0	0	1	0	0	0	0	2	1	0	5
chr10	50104710	50104758	49	5	0	49	31	18	5	2	2	4	4	2	1	0	1	1	2	0	3	1	0	2	3	2	0	1	1	1	0	3	0	1	0	0	3	1	0	1
chr10	50104759	50104822	64	4	0	64	44	20	6	2	5	2	2	2	2	2	4	0	0	3	3	2	1	7	1	0	0	5	3	1	0	0	2	0	0	0	2	3	0	2
chr10	50104823	50105015	193	5	0	193	139	54	28	7	5	14	9	2	6	9	6	3	1	6	12	3	4	23	10	3	0	2	6	0	0	5	4	3	0	4	6	5	0	5
chr10	50105016	50105415	400	4	0	400	212	188	15	12	22	7	16	13	20	16	12	12	17	9	13	11	6	10	17	17	0	14	22	15	1	17	10	8	1	15	16	15	0	19
chr10	50105416	50105448	33	5	0	33	17	16	0	1	1	0	0	3	3	0	1	0	1	0	1	2	3	0	3	0	0	3	1	0	0	0	1	1	0	4	1	0	0	1
chr10	50105449	50105990	542	4	0	542	300	242	25	13	23	24	12	22	27	24	24	13	25	10	24	9	8	15	25	10	2	20	23	19	3	20	17	12	2	17	21	24	1	26
chr10	50105991	50106109	119	5	0	119	60	59	3	4	4	2	4	3	8	8	4	1	7	3	2	3	0	3	5	2	0	4	3	7	0	6	8	4	0	4	7	3	0	5
chr10	50106110	50106201	92	4	0	92	52	40	7	3	4	3	2	2	5	3	6	0	3	2	2	3	5	2	2	2	0	4	3	3	0	3	4	2	0	4	1	2	2	6
chr10	50106202	50106259	58	5	0	58	33	25	4	3	3	1	2	0	3	0	2	2	2	0	4	3	0	3	2	2	0	4	2	2	2	2	0	1	1	0	1	3	0	2
chr10	50106260	50106376	117	4	0	117	74	43	11	3	7	4	5	0	5	4	4	3	1	5	5	3	5	7	6	2	0	2	2	3	0	5	4	1	0	5	2	4	0	7
chr10	50106377	50106415	39	5	0	39	20	19	3	0	4	0	2	0	1	0	2	1	5	0	0	1	1	0	1	0	0	0	0	0	1	1	1	1	0	4	1	1	0	6
chr10	50106416	50106483	68	4	0	68	34	34	5	3	2	0	2	2	6	2	3	0	6	2	0	0	0	0	2	2	0	1	1	1	0	4	4	1	0	6	5	2	0	4
chr10	50106484	50106534	51	5	0	51	32	19	4	1	5	3	1	0	0	3	2	0	2	3	6	0	0	1	0	0	0	1	3	4	0	1	0	1	0	1	1	3	0	3
chr10	50106535	50106888	354	4	0	354	219	135	28	12	16	19	10	10	11	14	19	10	11	11	17	7	10	12	18	7	4	10	7	6	3	12	3	6	2	5	17	9	5	21
chr10	50106889	50106921	33	5	0	33	19	14	2	1	2	0	1	0	3	2	2	2	0	1	1	0	0	1	1	0	0	2	0	0	1	0	2	0	1	1	2	1	0	2
chr10	50106922	50106968	47	5	0	47	23	24	1	0	2	2	0	3	2	2	2	1	1	3	2	0	1	1	1	2	1	0	1	4	0	2	1	0	0	3	3	2	1	1
chr10	50106969	50107018	50	4	0	50	23	27	1	0	2	1	1	2	4	2	1	1	3	3	1	1	0	0	2	1	0	0	1	3	0	2	3	2	0	3	3	1	0	4
chr10	50107019	50107069	51	5	0	51	27	24	2	1	3	3	0	0	2	1	4	1	4	0	1	0	1	2	0	1	0	1	2	2	0	7	0	1	0	1	1	7	0	1
chr10	50107070	50107506	437	4	0	437	277	160	31	17	14	21	12	5	18	13	15	9	19	15	25	13	21	27	14	10	1	19	8	8	1	21	8	5	0	7	18	15	0	25
chr10	50107507	50108912	1406	5	0	1406	778	628	122	46	53	49	55	51	63	42	46	28	50	29	49	25	32	36	63	27	12	48	59	39	16	47	46	55	15	48	43	40	15	55
chr10	50108913	50108937	25	4	0	25	11	14	0	0	1	0	0	2	3	0	1	3	1	0	0	0	0	0	1	1	1	2	0	0	0	1	1	0	0	1	2	0	1	1
chr10	50108938	50110892	1955	5	0	1955	1083	872	136	48	81	81	70	68	90	55	73	44	83	62	67	33	46	46	58	43	17	75	84	50	19	68	63	58	15	60	78	70	15	97
chr10	50110893	50112556	1664	5	0	1664	929	735	109	54	62	65	53	55	85	63	76	30	65	39	51	40	34	47	67	46	13	52	66	44	9	71	50	43	8	55	73	57	12	68
chr10	50112562	50112599	38	5	0	38	30	8	5	3	2	3	2	0	0	2	3	0	1	0	2	1	1	3	2	0	0	2	0	0	0	0	0	0	0	0	2	0	0	2
chr10	50112600	50114161	1562	4	0	1562	905	657	110	52	65	64	64	48	67	59	63	30	54	43	54	37	40	54	65	41	9	52	58	28	8	65	48	45	8	39	66	45	9	70
chr10	50114162	50114183	22	4	0	22	12	10	2	0	2	0	1	3	0	0	2	0	1	0	0	0	0	0	1	0	2	0	0	0	0	0	3	0	0	1	0	0	0	2
chr10	50114184	50114530	347	4	0	347	197	150	21	11	9	14	7	14	18	16	14	10	9	4	13	12	13	12	18	10	1	18	16	7	1	16	7	11	0	6	14	12	2	9
chr10	50114531	50116030	1500	4	0	1500	878	622	125	45	60	75	53	48	64	49	49	25	45	33	77	41	31	57	63	43	13	40	61	41	8	63	38	47	6	47	52	42	7	50
chr10	50116031	50116115	85	4	0	85	39	46	2	3	1	1	4	5	7	2	1	1	9	3	0	0	0	0	2	2	0	5	5	1	0	3	6	3	0	4	5	3	0	5
chr10	50116116	50116311	196	4	0	196	135	61	30	6	17	8	9	1	3	8	11	5	3	4	9	5	4	10	5	4	0	8	4	3	0	6	4	1	0	3	8	5	0	10
chr10	50116319	50116950	632	4	0	632	355	277	53	13	32	22	21	24	20	22	25	10	22	21	22	13	18	15	17	11	6	26	22	14	10	26	23	23	5	15	25	24	5	25
chr10	50116951	50116973	23	4	0	23	16	7	5	1	2	0	1	1	0	0	1	0	1	0	1	0	1	0	0	0	0	2	0	0	0	0	1	0	0	1	1	0	0	2
chr10	50116974	50117375	402	4	0	402	226	176	18	13	21	11	17	13	21	13	17	15	11	11	11	5	9	19	19	6	2	19	10	15	1	17	16	6	1	9	20	16	2	16
chr10	50117376	50117439	64	4	0	64	32	32	4	3	5	0	2	1	3	3	4	1	2	1	2	0	0	0	1	1	1	2	2	1	0	5	6	1	1	2	1	5	1	1
chr10	50117440	50124268	6829	4	0	6829	4100	2729	523	198	303	328	286	206	271	262	261	138	190	219	282	175	189	267	287	158	31	241	267	140	20	233	200	149	19	176	271	213	20	304
chr10	50124269	50124291	23	4	0	23	16	7	4	0	1	1	1	0	0	0	0	0	1	2	1	2	2	1	1	0	0	1	0	0	0	1	0	0	0	0	0	0	0	2
chr10	50124292	50124477	186	4	0	186	93	93	10	4	5	9	4	9	11	6	5	3	6	5	8	2	2	2	6	8	1	3	17	6	0	11	3	13	1	5	5	7	2	5
chr10	50124478	50124516	39	4	0	39	30	9	4	3	1	4	3	0	0	2	0	0	0	2	5	2	0	3	1	2	0	1	2	0	0	0	0	0	0	0	2	0	0	0
chr10	50124517	50124869	353	4	0	353	218	135	29	9	19	14	11	12	14	11	16	8	10	9	15	8	11	22	15	7	0	14	10	4	1	12	10	6	1	10	13	10	2	18
chr10	50124870	50126166	1297	4	0	1297	777	520	123	43	59	52	57	31	55	51	55	26	38	32	42	31	29	52	59	28	5	39	52	33	1	43	31	27	5	45	52	42	3	54
chr10	50126167	50126189	23	4	0	23	13	10	2	2	0	1	0	1	1	0	2	0	1	1	1	0	1	0	1	2	0	0	0	0	0	2	0	0	0	0	1	1	0	1
chr10	50126190	50127842	1653	4	0	1653	908	745	105	47	71	63	50	61	88	45	71	32	68	51	60	30	31	35	67	30	17	55	63	46	15	62	59	44	13	50	55	66	11	90
chr10	50127843	50127870	28	4	0	28	19	9	2	1	2	0	0	0	1	3	2	0	0	1	1	0	2	3	0	0	0	1	0	0	0	0	3	0	0	1	1	0	0	2
chr10	50127871	50128627	757	4	0	757	361	396	33	19	28	15	24	43	50	24	35	17	31	11	4	10	12	4	34	25	3	26	38	32	6	39	42	20	5	31	27	38	4	25
chr10	50128628	50128668	41	4	0	41	28	13	11	0	4	3	1	0	0	1	3	0	1	0	3	0	1	0	0	0	0	0	1	0	0	2	0	2	1	1	1	1	0	2
chr10	50128669	50128887	219	4	0	219	154	65	19	8	10	19	15	4	3	10	11	2	2	8	12	7	8	15	9	0	0	11	5	3	0	1	5	3	0	4	13	3	0	7
chr10	50128892	50128928	37	5	0	37	25	12	3	2	2	4	3	1	1	1	4	1	0	0	1	0	0	1	2	1	0	1	0	0	0	1	1	0	0	1	3	0	0	1
chr10	50128929	50129057	129	5	0	129	74	55	9	5	5	7	4	2	3	2	8	2	5	3	5	4	6	2	5	4	2	2	3	8	2	5	0	2	1	3	3	4	1	10
chr10	50129058	50129178	121	4	0	121	64	57	9	8	3	1	6	3	8	1	5	1	7	1	1	4	3	2	6	4	0	6	4	7	0	7	2	4	0	2	6	3	0	5
chr10	50129179	50129398	220	5	0	220	150	70	15	6	16	15	8	2	3	8	11	5	7	10	17	5	9	11	4	4	1	10	6	0	0	6	1	1	0	4	10	7	1	15
chr10	50129399	50129412	14	4	0	14	9	5	5	1	0	0	1	1	0	0	0	0	0	0	0	0	0	0	1	0	0	0	1	0	0	0	1	1	0	0	0	0	0	0
chr10	50129413	50129735	323	5	0	323	128	195	7	0	9	5	8	11	28	10	7	15	18	4	0	1	3	0	8	8	4	7	21	17	6	16	17	19	8	20	11	16	2	15
chr10	50129736	50129763	28	4	0	28	13	15	2	0	1	0	0	2	2	0	1	1	1	2	0	0	0	0	0	0	1	2	2	1	1	0	1	1	0	0	1	2	0	2
chr10	50129764	50130190	427	5	0	427	254	173	28	14	23	17	20	11	16	13	12	9	15	17	22	6	13	17	15	12	3	10	17	8	0	16	13	9	1	15	15	12	0	26
chr10	50130191	50130238	48	4	0	48	34	14	6	4	1	3	5	1	1	3	2	0	0	2	2	1	1	0	5	1	0	1	1	0	0	0	2	0	0	0	2	0	0	2
chr10	50130239	50130315	77	4	0	77	54	23	13	3	2	4	3	0	3	3	3	1	1	3	3	2	3	5	1	2	0	3	5	0	0	0	0	3	0	1	3	0	0	5
chr10	50130320	50130345	26	5	0	26	11	15	0	0	1	1	0	1	2	2	1	0	1	1	0	0	0	0	0	0	0	1	2	1	0	1	2	2	0	2	1	1	1	0
chr10	50130346	50130703	358	5	0	358	181	177	12	8	10	12	10	15	26	13	9	9	18	5	11	7	8	8	11	11	1	15	19	13	0	16	20	12	0	16	13	12	1	15
chr10	50130704	50130729	26	4	0	26	9	17	1	0	0	1	1	1	0	2	0	0	2	1	0	0	0	0	0	1	0	0	1	2	4	0	1	2	0	1	2	0	0	1
chr10	50130730	50130786	57	5	0	57	21	36	0	0	1	0	1	3	6	1	0	1	2	3	0	1	1	0	1	1	0	3	4	5	1	1	6	4	1	2	0	1	0	5
chr10	50130793	50130817	25	4	0	25	12	13	0	1	0	2	2	3	1	0	1	0	0	0	0	0	0	0	4	1	0	0	3	1	0	1	0	2	0	0	0	1	0	0
chr10	50130818	50130873	56	4	0	56	41	15	9	4	2	5	4	1	0	2	2	0	2	1	5	0	1	1	4	0	1	0	1	0	0	0	0	0	0	4	2	1	1	1
chr10	50130874	50131123	250	5	0	250	169	81	29	9	15	13	14	1	5	9	12	4	6	11	12	7	6	15	7	7	1	6	9	2	1	5	3	2	0	5	10	6	0	16
chr10	50131124	50131142	19	4	0	19	13	6	3	0	1	1	1	1	0	0	1	1	0	0	0	1	0	1	1	1	0	1	1	0	0	0	0	0	0	0	1	0	0	1
chr10	50131143	50131366	224	5	0	224	133	91	15	6	12	10	6	11	8	5	10	4	6	9	12	5	7	6	4	8	2	12	6	6	1	8	6	4	1	3	15	4	0	10
chr10	50131367	50131377	11	4	0	11	6	5	0	1	0	0	0	1	0	1	0	0	0	0	1	0	0	1	1	1	0	0	0	0	1	0	0	0	0	0	1	0	0	0
chr10	50131378	50131702	325	5	0	325	170	155	13	9	14	8	15	14	13	9	9	11	16	6	6	6	11	9	15	12	3	10	13	9	1	18	10	10	2	10	13	10	2	16
chr10	50131703	50131822	120	4	0	120	50	70	0	1	3	1	3	8	10	3	1	5	8	2	1	0	3	0	7	2	1	4	7	6	2	3	7	4	1	8	3	6	0	8
chr10	50131823	50131909	87	5	0	87	65	22	10	1	3	11	3	0	2	7	6	0	1	1	7	5	1	5	4	0	0	2	0	1	0	1	5	0	0	1	4	1	0	3
chr10	50131910	50131949	40	4	0	40	24	16	1	3	1	2	1	2	1	0	2	0	1	0	3	2	3	2	1	3	0	3	1	2	0	2	0	0	0	0	1	0	0	1
chr10	50131950	50132035	86	5	0	86	64	22	9	1	4	5	2	5	2	2	2	1	0	3	5	5	0	16	8	2	0	2	1	1	0	2	0	0	0	0	3	1	0	2
chr10	50132036	50132165	130	4	0	130	79	51	9	3	6	6	4	4	6	5	5	4	4	4	6	4	5	3	8	2	2	4	2	0	1	4	4	3	0	3	5	2	1	9
chr10	50132166	50132240	75	5	0	75	53	22	8	3	3	4	3	3	2	5	2	1	0	0	6	6	1	5	9	3	0	1	2	0	0	1	1	0	0	1	0	0	0	3
chr10	50132241	50132334	94	4	0	94	63	31	8	4	4	4	3	2	3	4	1	2	1	3	10	5	4	3	3	4	0	6	4	2	0	1	1	0	0	3	4	1	0	2
chr10	50132335	50132419	85	5	0	85	48	37	5	1	3	4	1	3	5	4	4	3	3	3	3	2	1	2	3	2	1	3	1	1	1	4	5	2	0	1	4	2	2	4
chr10	50132420	50132437	18	4	0	18	9	9	2	1	1	1	2	0	0	0	1	0	0	1	0	0	0	0	0	0	0	0	1	1	0	1	1	0	1	0	0	2	0	0
chr10	50132438	50132537	100	5	0	100	62	38	11	3	4	5	4	1	3	3	2	2	2	4	6	3	2	6	1	3	1	3	6	5	0	2	1	2	1	2	3	3	0	4
chr10	50132538	50132558	21	4	0	21	12	9	4	0	2	0	0	0	1	0	2	1	0	0	0	0	1	0	1	0	0	0	0	1	0	2	0	0	0	1	0	2	0	1
chr10	50132559	50132781	223	5	0	223	130	93	15	10	11	6	9	13	8	8	8	2	9	3	10	9	6	3	16	10	1	6	8	4	0	6	7	1	1	9	6	3	0	13
chr10	50132782	50132820	39	4	0	39	26	13	6	1	5	0	0	0	0	2	5	1	1	2	1	0	1	0	1	0	1	0	0	0	0	1	0	0	0	0	1	1	0	7
chr10	50132821	50133001	181	5	0	181	94	87	7	8	6	3	11	8	10	7	3	2	3	11	3	5	4	2	12	8	0	3	9	4	2	9	7	7	1	5	8	5	1	5
chr10	50133002	50133014	13	4	0	13	8	5	0	1	0	0	1	0	1	1	0	0	0	0	0	1	0	3	1	0	0	0	0	0	0	0	1	0	0	1	0	0	0	0
chr10	50133015	50133064	50	5	0	50	32	18	4	2	2	2	2	0	2	2	1	1	1	2	3	2	4	1	2	1	0	2	2	0	0	0	1	0	0	5	1	1	0	2
chr10	50133065	50133082	18	4	0	18	10	8	0	1	1	1	2	1	0	1	1	0	0	0	0	2	0	0	1	1	0	1	1	1	0	0	0	0	0	0	1	0	0	0
chr10	50133083	50133329	247	5	0	247	152	95	27	12	10	11	10	8	10	9	9	2	2	6	14	4	6	12	10	8	0	7	13	9	0	6	8	7	0	6	6	4	0	9
chr10	50133330	50133354	25	4	0	25	11	14	2	0	3	0	0	0	2	0	3	0	1	0	0	0	0	0	0	0	0	0	1	3	0	2	1	1	0	0	0	1	0	3
chr10	50133355	50133632	278	5	0	278	162	116	16	9	7	14	12	9	13	12	7	6	16	5	11	5	4	14	13	5	0	11	10	10	0	9	10	8	0	6	14	6	0	14
chr10	50133635	50133775	141	5	0	141	72	69	4	3	7	4	4	3	9	7	8	3	4	3	2	1	7	2	4	3	0	4	6	4	0	7	9	4	0	9	4	7	0	7
chr10	50133776	50133802	27	4	0	27	17	10	3	1	1	2	0	0	2	2	3	0	0	1	1	0	0	1	1	0	0	0	0	0	0	1	2	0	0	0	1	1	0	2
chr10	50133803	50133876	74	5	0	74	37	37	5	1	1	2	2	4	5	2	1	3	1	3	1	1	4	0	4	3	0	2	6	2	0	2	2	4	0	4	1	1	2	3
chr10	50133877	50133889	13	4	0	13	7	6	0	0	1	0	1	0	2	0	0	0	0	1	0	0	0	0	0	0	0	0	0	0	0	0	2	0	0	2	1	0	0	1
chr10	50133896	50134340	445	5	0	445	212	233	9	7	21	10	18	15	30	8	12	15	18	13	8	11	8	9	17	14	2	15	21	15	4	26	17	17	7	18	15	20	5	18
chr10	50134341	50134383	43	4	0	43	27	16	1	3	0	1	1	0	3	0	0	2	0	3	3	1	4	4	1	1	1	2	0	0	0	1	1	0	1	2	2	0	0	3
chr10	50134384	50134457	74	5	0	74	49	25	5	3	2	3	1	2	2	5	4	0	1	6	3	3	4	4	5	1	1	2	0	1	0	1	0	0	0	2	5	1	1	4
chr10	50134458	50134484	27	4	0	27	24	3	16	1	0	1	1	0	0	1	0	0	1	1	0	0	0	0	1	0	0	0	0	0	0	0	0	0	0	0	1	0	0	1
chr10	50134485	50134590	106	5	0	106	36	70	0	2	0	1	1	6	6	3	2	2	10	2	0	0	0	0	1	5	1	4	5	5	7	5	5	7	4	4	5	6	2	3
chr10	50134591	50134605	15	4	0	15	6	9	0	0	0	0	0	0	2	0	0	1	0	0	0	1	1	0	1	0	0	1	1	1	0	1	0	0	0	2	0	1	0	0
chr10	50134606	50134622	17	4	0	17	5	12	0	0	0	0	0	3	1	0	0	0	0	0	0	0	0	0	1	2	0	0	2	1	0	1	1	1	1	1	0	0	0	0
chr10	50134623	50134681	59	5	0	59	37	22	9	2	0	3	1	1	2	3	1	2	1	1	3	2	4	1	3	3	0	1	3	0	0	2	0	2	0	2	1	1	0	3
chr10	50134682	50134696	15	4	0	15	7	8	0	0	1	0	0	0	1	0	0	1	1	2	0	0	0	0	0	1	0	0	0	0	0	2	0	0	0	0	1	1	1	1
chr10	50134697	50134984	288	5	0	288	165	123	25	9	14	12	10	6	13	10	13	1	9	9	12	8	7	7	9	4	3	7	11	7	1	10	9	9	6	13	10	9	0	13
chr10	50134985	50135018	34	4	0	34	23	11	5	0	2	4	3	1	0	0	2	1	0	2	1	0	1	0	1	1	0	0	2	1	0	0	0	0	0	0	1	1	0	3
chr10	50135019	50135108	90	5	0	90	71	19	28	0	3	7	1	0	1	2	2	0	4	1	7	4	3	6	1	1	0	2	2	1	0	1	1	0	0	3	0	2	0	5
chr10	50135109	50135439	331	5	0	331	172	159	24	8	16	12	13	12	20	9	14	6	11	5	7	4	7	2	14	11	0	5	18	12	0	21	12	16	0	14	10	12	0	14
chr10	50135440	50135516	77	4	0	77	55	22	23	1	7	2	2	0	1	5	5	1	0	3	3	0	1	0	1	0	0	1	2	1	0	1	3	1	0	2	2	2	0	5
chr10	50135517	50135586	70	5	0	70	38	32	3	0	4	2	2	4	2	7	3	2	3	2	1	1	1	1	3	2	0	2	4	1	0	1	2	0	0	5	6	2	0	2
chr10	50135587	50135613	27	4	0	27	17	10	2	1	0	2	0	0	1	2	1	1	0	1	2	1	0	1	1	2	0	0	3	1	0	0	0	0	0	0	1	1	0	1
chr10	50135614	50135774	161	5	0	161	86	75	9	4	5	5	3	1	11	7	7	3	10	4	3	3	8	2	4	3	0	4	6	3	0	9	7	4	0	10	5	8	0	11
chr10	50135780	50135939	160	5	0	160	95	65	6	7	8	11	9	4	5	5	10	4	1	3	7	2	2	9	2	8	2	5	11	6	2	3	4	1	0	3	6	7	0	5
chr10	50135940	50136045	106	4	0	106	59	47	6	4	4	5	4	4	6	1	7	2	2	4	2	1	3	4	5	3	0	3	5	5	0	5	2	2	0	1	3	5	0	6
chr10	50136046	50136113	68	5	0	68	40	28	4	1	2	2	2	3	5	5	2	6	1	0	1	0	3	2	5	1	0	4	0	0	0	2	5	0	0	1	5	1	0	3
chr10	50136114	50136162	49	4	0	49	22	27	0	1	1	0	1	4	3	0	1	0	1	1	0	6	1	1	5	2	1	3	1	2	1	2	2	2	0	2	0	1	2	0
chr10	50136163	50136271	109	5	0	109	75	34	11	5	6	6	5	1	3	5	5	2	2	2	7	1	3	11	4	0	0	5	2	2	0	2	3	1	0	2	5	2	0	4
chr10	50136272	50136284	13	4	0	13	10	3	0	1	1	1	0	0	0	0	1	0	0	0	3	0	1	0	0	1	0	0	0	0	0	1	0	0	0	0	0	0	0	1
chr10	50136285	50136365	81	5	0	81	55	26	9	0	6	5	3	1	1	4	0	2	2	1	8	2	2	8	1	2	0	2	2	1	0	1	4	0	0	8	2	1	0	1
chr10	50136366	50136382	17	4	0	17	11	6	0	0	0	2	0	0	2	0	0	0	0	0	2	1	0	3	0	0	0	1	1	0	0	0	1	1	0	1	0	0	0	0
chr10	50136383	50136552	170	5	0	170	105	65	9	4	8	12	9	4	5	8	8	1	4	6	7	9	5	5	8	4	0	6	3	4	1	7	9	1	0	2	6	5	1	7
chr10	50136553	50136577	25	4	0	25	19	6	3	1	0	2	0	1	1	2	0	0	1	0	3	1	0	4	1	0	0	2	0	0	0	0	0	0	0	0	1	0	0	0
chr10	50136578	50136726	149	5	0	149	86	63	8	8	4	5	8	4	4	12	6	2	5	7	3	2	1	6	9	1	2	4	9	4	0	4	4	2	0	3	6	10	0	4
chr10	50136727	50136773	47	4	0	47	24	23	2	2	0	2	3	3	1	3	1	1	2	1	0	1	1	0	3	2	0	1	3	3	0	2	0	2	0	0	4	1	0	1
chr10	50136774	50136909	136	5	0	136	66	70	4	5	3	3	3	9	4	9	5	2	8	6	3	1	0	0	5	7	1	3	9	8	3	4	2	4	0	2	10	5	0	6
chr10	50136910	50136972	63	4	0	63	27	36	0	0	1	1	0	3	4	1	2	1	5	4	1	1	2	0	1	2	0	2	3	1	2	5	1	4	0	2	3	4	2	3
chr10	50136973	50137041	69	5	0	69	38	31	7	2	0	3	2	4	2	3	1	0	1	3	2	2	5	1	3	3	1	1	6	2	0	2	1	4	0	1	0	1	0	4
chr10	50137042	50137054	13	4	0	13	7	6	0	0	0	0	0	0	1	1	0	1	0	1	0	1	1	0	1	0	0	1	0	0	0	1	0	0	0	0	0	1	0	1
chr10	50137055	50137185	131	5	0	131	63	68	5	5	3	3	8	4	10	1	4	3	11	2	0	1	1	0	5	3	1	4	4	3	1	7	8	5	0	7	6	4	2	8
chr10	50137190	50137205	16	4	0	16	9	7	2	2	0	0	1	2	0	0	0	0	1	0	0	0	0	0	2	2	0	0	0	0	0	1	0	0	0	0	1	0	0	0
chr10	50137206	50137261	56	5	0	56	28	28	0	2	2	0	1	1	1	4	2	0	11	0	1	1	0	0	3	1	0	0	2	0	0	4	1	1	0	2	1	4	0	9
chr10	50137263	50137457	195	5	0	195	123	72	13	12	6	9	9	4	10	6	4	4	4	3	14	6	6	12	14	6	0	6	7	2	0	8	3	3	0	6	5	6	0	5
chr10	50137458	50137507	50	4	0	50	31	19	2	2	2	3	3	1	2	0	3	1	1	2	1	2	2	3	2	3	0	1	0	0	0	4	1	0	0	1	3	1	0	2
chr10	50137508	50137578	71	5	0	71	46	25	7	3	4	3	4	4	2	2	3	0	1	1	2	2	2	4	5	3	0	2	2	0	0	2	3	0	0	3	2	1	0	2
chr10	50137579	50137610	32	5	0	32	19	13	1	1	1	0	0	1	2	1	1	0	2	3	2	1	1	0	1	0	0	2	0	1	0	1	1	0	0	1	2	1	0	3
chr10	50137611	50137743	133	4	0	133	62	71	3	3	2	5	3	7	7	4	3	4	6	5	4	1	3	0	5	6	1	3	7	6	3	8	3	6	2	3	6	6	2	4
chr10	50137744	50137825	82	5	0	82	42	40	7	0	0	5	0	3	7	1	2	1	3	0	4	1	3	4	1	2	1	1	5	1	0	7	3	7	1	4	2	3	0	1
chr10	50137826	50137881	56	4	0	56	22	34	0	1	1	0	1	4	4	2	1	1	5	2	0	0	0	0	0	1	0	4	3	1	1	2	5	2	1	3	3	3	2	1
chr10	50137882	50138074	193	5	0	193	123	70	19	4	6	12	8	9	5	5	4	4	5	3	10	8	6	14	11	8	1	5	4	5	1	6	5	1	1	5	8	2	1	5
chr10	50138075	50138119	45	4	0	45	26	19	0	1	2	1	2	0	4	0	2	1	3	0	1	2	2	3	2	0	0	2	0	0	0	1	3	0	0	5	2	1	0	3
chr10	50138120	50138190	71	5	0	71	39	32	0	2	3	1	2	2	5	4	3	0	4	6	1	2	2	1	2	3	0	1	1	0	0	3	6	0	0	2	4	1	0	8
chr10	50138191	50138374	184	4	0	184	114	70	11	3	6	12	4	4	4	12	8	4	9	6	9	3	7	10	7	2	2	3	5	6	0	6	5	3	0	4	8	6	0	13
chr10	50138375	50138490	116	5	0	116	66	50	7	6	2	6	6	4	8	5	4	3	3	2	4	4	1	1	8	1	2	6	5	4	0	1	3	1	0	5	6	4	0	2
chr10	50138491	50138805	315	4	0	315	199	116	23	10	18	16	19	9	9	18	16	4	4	8	9	12	5	18	17	6	1	12	16	4	0	3	10	3	1	10	11	10	0	11
chr10	50138806	50139004	199	5	0	199	119	80	15	3	7	10	4	9	8	4	10	1	6	5	6	14	6	9	11	4	4	8	6	3	3	7	4	5	0	3	5	7	1	9
chr10	50139005	50139026	22	4	0	22	14	8	0	1	1	2	1	0	0	3	1	1	0	0	2	0	1	1	0	0	1	1	0	0	0	0	2	0	0	0	2	0	0	0
chr10	50139027	50139165	139	5	0	139	82	57	6	5	3	8	5	11	5	7	5	1	5	4	6	5	2	3	11	5	0	6	5	4	0	5	2	1	0	1	10	3	0	3
chr10	50139166	50139320	155	4	0	155	105	50	16	10	4	13	7	0	4	10	12	2	4	1	8	1	7	4	4	1	2	6	0	1	0	5	8	0	0	4	10	4	0	5
chr10	50139321	50139377	57	5	0	57	39	18	8	2	4	4	3	2	0	3	1	1	1	1	5	0	1	2	4	0	0	1	0	2	0	1	2	0	0	3	2	1	0	1
chr10	50139378	50139401	24	4	0	24	20	4	3	0	0	3	0	0	0	2	1	0	0	1	2	2	0	4	1	0	0	1	0	0	0	0	0	0	0	0	1	0	0	1
chr10	50139402	50139704	303	5	0	303	173	130	25	11	11	13	14	7	11	13	10	5	10	10	12	2	12	6	6	6	1	12	15	9	2	11	6	16	1	9	18	6	0	11
chr10	50139705	50139889	185	4	0	185	87	98	13	6	4	2	6	9	13	3	3	3	9	4	3	5	3	1	4	6	3	9	11	6	0	10	9	8	5	6	7	6	2	4
chr10	50139890	50139961	72	5	0	72	48	24	7	4	2	6	6	1	0	4	3	4	0	0	2	0	4	4	5	3	0	1	3	3	0	1	0	0	0	0	3	0	0	4
chr10	50139962	50140155	194	4	0	194	123	71	22	3	8	12	9	4	6	10	6	2	7	11	8	5	2	7	5	3	0	6	11	3	0	4	4	3	0	5	9	9	0	8
chr10	50140156	50140349	194	5	0	194	126	68	19	6	10	7	5	8	7	7	10	1	5	5	7	7	6	14	8	3	1	10	3	1	0	7	6	3	1	4	10	4	0	7
chr10	50140356	50140424	69	5	0	69	41	28	3	2	2	4	3	1	3	3	2	1	1	3	3	3	1	5	2	3	0	2	5	3	0	3	0	2	0	0	3	3	0	1
chr10	50140425	50140474	50	4	0	50	34	16	3	1	2	1	0	1	3	3	2	2	1	4	3	1	2	4	4	0	0	1	0	0	0	0	1	0	0	0	2	0	0	7
chr10	50140475	50140697	223	5	0	223	149	74	23	4	9	18	10	8	4	15	11	5	2	10	10	6	2	10	13	5	0	5	7	6	0	6	3	0	0	1	14	8	0	6
chr10	50140698	50140769	72	4	0	72	44	28	3	4	2	4	1	1	2	2	4	0	2	2	6	1	3	6	2	3	1	0	2	3	1	4	0	1	0	3	2	3	0	2
chr10	50140770	50140930	161	5	0	161	87	74	5	2	11	8	5	5	7	4	9	4	4	3	7	3	5	5	4	4	1	5	8	4	0	10	4	8	1	3	5	7	0	8
chr10	50140931	50141037	107	4	0	107	49	58	7	3	2	2	3	4	7	1	2	3	4	4	1	2	2	1	1	6	1	3	9	3	1	6	2	8	3	1	3	2	3	5
chr10	50141038	50141162	125	5	0	125	54	71	1	2	3	5	5	4	8	4	1	2	10	3	4	2	0	0	2	5	0	3	11	3	0	7	6	7	4	6	2	6	2	5
chr10	50141166	50141310	145	5	0	145	104	41	20	4	9	8	3	1	0	6	7	1	3	5	10	3	7	15	3	0	0	6	2	7	0	3	2	1	0	1	3	4	0	9
chr10	50141311	50141369	59	4	0	59	39	20	3	3	1	3	3	4	4	0	2	0	0	3	2	3	1	6	6	0	0	3	1	0	0	0	2	1	0	1	3	0	0	2
chr10	50141370	50141628	259	5	0	259	186	73	28	6	9	29	13	3	6	6	8	4	6	8	23	11	11	15	11	1	2	10	5	2	0	4	5	0	0	5	6	8	0	12
chr10	50141629	50141733	105	4	0	105	69	36	10	4	5	10	6	2	2	3	8	1	4	1	4	1	3	4	3	0	0	5	4	0	0	3	2	3	0	1	4	4	1	5
chr10	50141734	50142032	299	5	0	299	204	95	31	10	11	23	14	7	8	9	12	5	4	9	18	11	13	18	13	8	0	12	11	3	0	6	6	1	0	5	8	8	0	13
chr10	50142033	50142211	179	4	0	179	120	59	28	6	12	9	13	2	1	3	5	5	3	5	9	5	5	9	5	2	2	8	6	2	2	1	3	5	1	3	5	2	1	9
chr10	50142212	50142343	132	5	0	132	98	34	19	2	1	16	7	2	0	10	4	1	4	4	8	3	4	12	6	0	0	2	4	0	0	1	4	3	0	1	5	2	0	5
chr10	50142344	50142379	36	4	0	36	27	9	6	1	1	4	1	1	0	3	2	0	0	1	3	1	1	1	1	1	0	1	2	0	0	0	0	0	0	0	1	1	0	1
chr10	50142380	50142832	453	5	0	453	298	155	40	18	21	24	26	12	7	28	20	5	8	16	17	12	17	26	21	7	0	19	15	5	0	8	12	5	0	13	25	11	0	13
chr10	50142833	50142934	102	4	0	102	61	41	8	2	1	9	5	3	2	5	5	3	2	3	2	0	5	5	2	3	0	3	7	7	0	2	1	1	0	0	4	5	0	5
chr10	50142935	50142986	52	5	0	52	32	20	6	3	1	3	1	1	1	2	3	0	2	0	3	3	1	1	2	4	0	1	2	3	0	3	0	0	0	0	1	1	0	2
chr10	50142987	50143026	40	4	0	40	22	18	1	2	0	1	3	4	2	2	0	1	2	0	0	2	0	1	6	1	0	2	1	0	0	0	3	0	0	1	1	1	0	1
chr10	50143027	50143260	234	5	0	234	134	100	22	4	10	10	9	8	9	11	7	4	12	4	9	4	3	6	5	5	1	9	10	4	1	8	10	9	2	9	12	5	2	8
chr10	50143261	50143443	183	4	0	183	104	79	21	6	6	6	6	7	10	3	4	3	8	3	7	5	6	2	4	9	0	7	11	3	0	8	2	7	0	9	9	3	0	6
chr10	50143444	50143655	212	5	0	212	122	90	17	6	9	8	6	11	9	6	12	4	10	7	5	3	5	3	11	2	2	10	5	4	0	9	5	6	0	3	11	6	4	11
chr10	50143656	50143689	34	4	0	34	18	16	1	1	1	1	1	2	3	1	2	0	0	1	0	1	2	1	4	0	0	0	0	0	0	2	1	1	0	3	2	1	0	0
chr10	50143690	50143826	137	5	0	137	73	64	7	3	6	4	3	10	6	4	4	3	2	0	5	6	3	6	8	4	3	7	6	6	1	7	6	5	0	1	2	5	0	2
chr10	50143827	50143889	63	5	0	63	33	30	1	3	3	1	2	3	3	2	1	1	0	1	4	3	1	2	6	3	0	1	4	3	0	4	2	2	0	2	0	3	0	0
chr10	50143890	50143906	17	4	0	17	9	8	0	0	1	0	1	1	0	0	0	1	1	0	0	1	2	0	1	0	0	1	0	0	0	1	0	1	0	1	1	0	0	1
chr10	50143915	50143961	47	5	0	47	25	22	1	2	2	1	1	2	3	1	3	2	3	2	0	0	0	0	3	1	0	2	2	2	0	0	1	0	0	1	2	1	2	5
chr10	50143962	50144029	68	4	0	68	31	37	0	2	2	1	2	1	2	3	0	0	4	2	3	3	6	0	1	2	0	3	3	2	1	6	3	5	0	4	1	3	0	1
chr10	50144030	50144478	449	5	0	449	219	230	11	15	13	15	21	23	28	14	14	9	13	9	8	10	10	6	24	19	0	13	30	18	6	15	17	20	1	20	15	12	3	15
chr10	50144479	50144516	38	4	0	38	20	18	0	2	1	2	2	0	4	0	2	2	1	1	1	0	1	0	3	0	0	1	0	1	0	4	2	0	0	0	1	4	0	1
chr10	50144517	50144604	88	5	0	88	38	50	1	3	3	0	2	3	5	0	3	4	6	2	0	1	3	0	3	2	2	4	4	2	3	7	2	3	0	3	1	9	1	4
chr10	50144605	50144624	20	4	0	20	7	13	0	0	0	0	0	1	0	1	0	0	4	0	0	0	0	0	1	0	0	0	0	5	0	2	0	0	0	0	1	1	0	2
chr10	50144625	50144677	53	5	0	53	22	31	0	1	2	0	0	2	5	0	1	1	5	2	2	0	0	0	1	1	0	2	1	3	0	5	3	4	0	1	3	2	0	4
chr10	50144678	50144711	34	4	0	34	18	16	1	0	0	2	1	1	2	2	0	0	2	5	1	0	0	1	0	0	1	0	1	2	0	0	3	0	0	1	2	1	0	3
chr10	50144712	50144764	53	5	0	53	29	24	1	3	3	1	2	2	3	1	3	2	1	1	2	1	2	1	3	3	0	2	2	1	0	3	1	0	0	1	2	2	0	2
chr10	50144765	50144964	200	4	0	200	99	101	9	6	7	6	6	5	17	2	13	4	10	6	0	2	4	2	8	4	0	5	5	9	1	14	6	5	0	9	11	11	1	10
chr10	50144965	50145038	74	5	0	74	35	39	5	4	0	1	3	5	4	4	1	0	2	1	1	1	2	0	7	2	0	1	4	5	0	3	5	4	0	3	1	2	0	1
chr10	50145039	50145097	59	4	0	59	29	30	5	2	1	1	2	2	4	0	2	1	4	1	0	1	1	0	5	2	0	0	2	5	0	4	1	1	0	2	1	3	0	4
chr10	50145098	50145364	267	5	0	267	137	130	9	8	7	10	10	13	16	17	11	5	12	2	4	2	2	7	13	7	0	8	15	7	3	8	16	9	0	13	12	10	1	8
chr10	50145365	50145436	72	4	0	72	37	35	2	3	1	2	2	2	6	4	1	1	3	2	3	3	0	2	5	0	0	3	3	3	0	3	3	3	0	3	3	3	0	1
chr10	50145437	50145497	61	5	0	61	37	24	8	2	3	3	3	1	3	1	3	0	2	1	2	1	0	3	0	2	0	2	1	3	0	3	3	0	0	3	4	1	0	1
chr10	50145498	50145573	76	4	0	76	54	22	8	2	0	7	1	3	2	2	1	0	1	5	7	4	3	8	3	2	1	3	2	1	1	0	0	0	0	0	2	1	1	3
chr10	50145574	50145725	152	5	0	152	82	70	11	5	5	7	6	5	10	5	9	1	3	3	2	2	5	1	7	4	0	2	6	7	0	7	10	6	0	4	3	3	0	11
chr10	50145726	50145742	17	5	0	17	13	4	1	0	0	1	0	1	0	1	1	0	0	1	0	1	1	3	0	0	0	2	0	0	0	0	0	0	0	0	2	0	0	0
chr10	50145743	50145753	11	5	0	11	5	6	1	0	1	0	0	2	0	0	0	0	0	0	0	0	0	0	1	0	0	0	1	0	0	1	0	2	0	0	0	0	0	0
chr10	50145754	50145801	48	4	0	48	28	20	1	2	3	1	1	3	1	4	4	0	1	1	1	1	1	1	3	2	0	1	3	0	0	1	1	1	0	2	3	1	0	2
chr10	50145802	50145855	54	5	0	54	34	20	2	3	2	4	4	1	2	3	2	3	0	1	2	1	1	2	6	0	0	1	2	1	0	1	0	1	0	1	2	2	0	2
chr10	50145863	50145959	97	5	0	97	60	37	5	5	2	6	5	4	3	8	5	2	1	3	3	1	1	5	7	2	2	1	6	1	0	0	2	1	0	3	5	3	0	3
chr10	50145960	50146194	235	4	0	235	129	106	10	12	8	6	13	7	10	8	6	3	9	8	7	7	6	8	8	10	0	11	15	11	0	6	7	4	0	7	8	8	0	10
chr10	50146195	50146303	109	5	0	109	55	54	4	2	4	3	3	4	8	4	5	3	3	3	2	1	3	2	6	3	0	1	4	6	0	5	5	2	0	7	4	5	0	5
chr10	50146304	50146314	11	4	0	11	6	5	0	0	1	0	0	1	0	0	0	0	1	1	1	0	0	1	0	0	0	1	1	0	0	0	0	0	0	0	0	0	0	1
chr10	50146315	50146421	107	5	0	107	58	49	6	2	4	7	5	2	4	4	5	2	4	3	3	1	2	4	3	3	0	1	5	8	0	6	2	2	0	4	4	6	0	3
chr10	50146422	50146462	41	4	0	41	21	20	0	2	2	0	2	2	2	0	1	1	2	1	1	1	1	1	3	2	0	1	2	2	0	2	0	1	0	1	2	1	0	3
chr10	50146463	50146793	331	5	0	331	175	156	14	8	13	16	15	9	20	14	12	8	7	12	10	3	7	6	13	9	0	6	15	18	0	17	14	7	0	16	16	16	0	8
chr10	50146799	50146929	131	5	0	131	68	63	6	1	7	5	6	6	5	4	6	4	6	2	2	2	2	2	2	7	0	4	9	5	0	8	3	3	0	4	7	7	0	4
chr10	50146930	50146961	32	4	0	32	18	14	0	0	1	1	1	0	0	4	1	0	1	3	0	0	0	4	0	0	0	0	3	1	0	1	2	1	0	1	1	3	0	1
chr10	50146962	50147089	128	5	0	128	72	56	5	2	7	5	4	5	10	1	8	2	5	4	3	3	3	3	6	3	0	3	5	1	0	5	5	2	0	7	4	5	0	10
chr10	50147090	50147216	127	4	0	127	63	64	6	1	4	3	3	6	6	4	2	4	5	6	3	3	3	3	3	3	3	4	10	3	1	5	2	8	1	3	5	5	1	6
chr10	50147220	50147900	681	4	0	681	363	318	58	14	29	22	28	19	39	13	19	18	33	13	16	13	17	10	22	17	2	23	24	19	6	38	25	28	4	27	28	23	2	30
chr10	50147903	50148236	334	4	0	334	162	172	11	6	4	9	9	20	25	6	3	12	28	5	8	5	7	2	17	15	1	10	15	12	0	14	15	6	1	18	13	8	4	23
chr10	50148237	50148283	47	4	0	47	25	22	1	2	3	0	1	3	3	1	3	1	2	1	1	0	1	0	2	1	0	3	2	0	0	2	2	0	0	2	3	3	0	2
chr10	50148284	50148356	73	4	0	73	45	28	5	6	2	3	2	2	4	4	4	0	1	1	5	1	0	4	6	3	0	0	2	2	0	4	0	3	0	1	3	0	0	3
chr10	50148357	50148403	47	4	0	47	35	12	11	0	2	3	0	0	1	0	0	2	2	1	4	3	1	4	1	0	2	1	0	1	0	1	0	0	0	0	0	1	0	4
chr10	50148404	50148531	128	4	0	128	77	51	6	5	3	7	2	1	8	9	6	2	2	4	7	4	3	8	7	3	1	1	2	3	1	5	5	3	0	5	6	2	0	5
chr10	50148532	50148560	29	4	0	29	7	22	0	0	0	1	0	2	0	0	0	0	1	1	1	0	1	0	0	1	1	0	1	1	3	1	1	3	6	0	0	1	0	1
chr10	50148561	50148623	63	4	0	63	27	36	0	0	2	1	2	3	3	1	1	1	5	4	1	0	1	0	0	1	1	2	4	1	0	6	2	5	1	2	3	4	2	2
chr10	50148624	50148846	223	4	0	223	122	101	39	4	4	5	4	12	13	0	4	4	9	3	5	7	5	2	7	10	2	8	10	9	4	9	6	7	1	8	6	6	1	7
chr10	50148847	50148910	64	4	0	64	50	14	13	1	3	4	2	1	0	4	1	1	0	3	4	3	2	7	4	0	0	1	1	0	0	0	1	0	0	1	1	1	0	3
chr10	50148911	50148983	73	4	0	73	36	37	2	1	3	5	7	0	4	3	3	1	4	0	0	0	0	2	1	1	0	0	6	2	0	2	4	4	0	8	3	3	1	1
chr10	50148984	50149095	112	4	0	112	58	54	6	2	8	5	3	4	7	3	11	1	0	1	1	1	3	1	5	2	0	1	5	3	0	9	5	5	0	5	2	7	0	4
chr10	50149096	50149106	11	4	0	11	6	5	1	1	1	0	0	0	0	0	0	0	0	0	1	0	1	0	0	0	0	1	0	1	0	0	0	1	0	1	0	0	0	0
chr10	50149107	50149276	170	4	0	170	95	75	10	2	9	5	7	5	10	4	5	3	8	13	5	2	2	3	6	1	0	5	7	6	0	7	8	2	0	4	5	11	0	13
chr10	50149277	50149360	84	4	0	84	42	42	6	3	3	3	6	0	3	5	3	3	5	2	0	0	0	0	1	2	0	2	7	3	0	5	2	4	0	1	4	6	0	3
chr10	50149361	50149413	53	4	0	53	23	30	0	3	2	0	3	1	5	0	0	0	3	0	1	2	1	0	2	1	1	3	3	1	1	3	3	5	0	4	1	1	0	1
chr10	50149414	50149500	87	4	0	87	31	56	0	1	5	1	2	2	6	2	5	1	5	1	0	0	0	0	1	2	0	1	3	13	0	10	6	4	0	2	1	8	0	3
chr10	50149501	50149513	13	4	0	13	5	8	0	0	0	0	0	1	1	0	0	1	0	0	0	0	0	0	1	1	0	0	2	1	0	0	1	1	0	0	0	0	0	1
chr10	50149514	50149584	71	4	0	71	36	35	2	2	4	0	1	3	4	2	5	2	1	1	1	2	4	1	2	3	0	3	2	5	0	4	1	2	0	3	5	1	0	3
chr10	50149585	50149666	82	4	0	82	37	45	1	0	0	1	0	2	7	8	1	4	4	5	0	0	1	1	5	0	0	1	3	7	0	5	3	4	0	3	6	4	0	4
chr10	50149667	50149783	117	4	0	117	53	64	1	4	4	2	5	3	7	4	2	3	4	3	3	1	1	5	4	3	0	4	10	7	2	6	2	10	0	3	4	5	0	3
chr10	50149784	50149799	16	4	0	16	8	8	0	0	3	0	1	0	0	0	1	1	0	0	1	0	1	0	0	1	0	0	1	1	0	1	0	0	0	0	0	1	0	1
chr10	50149800	50149851	52	4	0	52	21	31	1	0	5	0	2	4	2	2	2	0	1	0	1	0	1	0	0	2	0	1	6	1	0	4	4	4	0	4	0	3	0	0
chr10	50149852	50151338	1487	4	0	1487	706	781	64	36	45	20	52	73	89	74	37	46	43	50	11	24	29	12	73	54	13	39	85	65	15	70	60	68	9	53	70	48	14	44
chr10	50151339	50151481	143	4	0	143	69	74	1	1	5	1	2	7	8	15	4	3	3	8	1	4	1	4	5	5	0	5	13	2	2	2	8	9	0	3	6	3	3	7
chr10	50151482	50151561	80	4	0	80	37	43	0	2	3	0	0	3	3	9	5	1	3	2	0	2	2	1	2	3	2	1	5	0	1	6	3	5	0	3	5	4	1	1
chr10	50151562	50151936	375	4	0	375	176	199	6	5	16	2	11	18	20	23	12	18	14	14	0	2	5	9	13	16	4	9	23	8	7	18	15	14	0	13	22	18	3	15
chr10	50151937	50152030	94	4	0	94	51	43	0	4	6	2	2	1	4	5	8	2	6	5	2	0	2	0	2	3	0	3	2	3	0	5	0	1	0	3	8	3	2	8
chr10	50152031	50152080	50	4	0	50	22	28	0	0	4	0	1	3	1	2	1	1	2	2	2	0	2	0	0	2	1	1	3	1	1	4	1	4	0	3	3	2	0	1
chr10	50152081	50152110	30	4	0	30	15	15	0	2	1	0	2	0	1	0	0	2	1	1	1	2	0	1	0	0	4	2	1	2	0	0	0	0	0	0	2	1	1	1
chr10	50152111	50152170	60	4	0	60	27	33	0	1	3	0	1	3	2	2	2	3	4	2	1	1	0	0	2	2	3	1	4	1	1	3	0	3	1	0	3	3	1	5
chr10	50152171	50152238	68	4	0	68	27	41	0	3	0	0	0	2	6	2	3	5	1	3	0	1	0	1	1	2	6	2	3	3	3	2	3	2	0	0	3	4	2	3
chr10	50152239	50152433	195	4	0	195	86	109	1	4	12	1	9	8	13	5	8	5	8	4	0	7	1	0	9	6	3	5	7	3	3	10	13	5	3	15	6	10	5	4
chr10	50152434	50152499	66	4	0	66	29	37	3	1	3	1	1	0	5	1	2	0	3	1	1	2	2	1	1	2	1	0	3	4	1	3	3	3	3	7	0	2	1	3
chr10	50152500	50152549	50	4	0	50	29	21	4	0	2	5	3	3	2	1	4	2	2	0	0	0	0	0	2	1	1	1	1	0	1	2	2	0	0	0	3	3	0	3
chr10	50152550	50152611	62	4	0	62	23	39	0	1	0	0	1	2	3	2	0	2	6	1	0	2	1	1	1	2	1	3	2	9	0	4	1	3	1	1	4	2	2	2
chr10	50152612	50152855	244	4	0	244	86	158	1	0	4	1	2	14	23	7	3	11	12	4	0	1	3	0	8	6	5	7	14	17	4	15	17	15	6	12	7	11	4	8
chr10	50152864	50153403	540	4	0	540	200	340	19	9	18	7	15	18	34	6	15	11	26	5	4	5	5	2	7	16	7	14	29	42	23	27	28	41	26	23	9	22	6	19
chr10	50153404	50153422	19	4	0	19	11	8	4	1	1	0	1	0	0	0	1	0	1	0	0	0	0	0	0	1	0	1	2	1	0	1	0	0	0	0	0	2	0	0
chr10	50153423	50153615	193	4	0	193	92	101	19	4	8	1	2	8	2	7	8	2	11	5	3	2	5	3	1	10	3	2	12	19	2	13	4	3	2	3	2	14	3	8
chr10	50153617	50154125	509	4	0	509	246	263	58	6	31	4	13	22	10	8	27	9	36	8	1	5	6	2	7	22	5	8	26	46	5	30	12	7	3	10	8	33	5	34
chr10	50154126	50154142	17	4	0	17	4	13	0	0	2	0	1	0	0	0	1	0	0	0	0	0	0	0	0	0	0	0	0	2	2	1	1	2	1	1	0	1	0	0
chr10	50154143	50154741	599	4	0	599	344	255	39	11	33	24	19	17	30	19	33	12	25	15	16	21	13	16	21	14	3	24	26	10	3	17	21	15	1	15	17	17	5	45
chr10	50154742	50154799	58	5	0	58	40	18	6	2	4	2	4	3	0	3	1	1	0	2	4	1	2	3	4	1	0	2	1	0	0	0	5	0	0	1	1	0	0	3
chr10	50154800	50154896	97	4	0	97	50	47	3	2	0	5	4	3	3	7	0	2	5	2	3	2	3	4	3	3	0	3	6	6	2	3	6	4	0	2	2	4	0	3
chr10	50154897	50154950	54	5	0	54	40	14	7	1	2	5	4	0	1	2	0	0	1	4	5	2	2	3	0	0	0	3	1	0	0	0	2	1	0	1	3	0	0	2
chr10	50154951	50155205	255	4	0	255	172	83	42	6	7	22	17	3	4	11	8	3	9	7	10	5	3	14	10	3	0	4	7	6	0	7	6	6	1	5	13	4	3	7
chr10	50155206	50155288	83	5	0	83	37	46	1	2	3	2	4	4	5	0	2	1	6	2	1	2	1	0	1	3	0	5	5	3	1	5	4	3	0	4	4	5	1	1
chr10	50155289	50155741	453	4	0	453	280	173	41	18	19	25	21	10	14	11	22	5	14	12	19	9	12	26	19	9	1	13	17	12	4	17	6	12	1	9	14	17	0	22
chr10	50155742	50155812	71	5	0	71	51	20	5	1	4	9	4	0	1	4	0	1	0	3	9	2	3	4	1	0	0	3	3	0	0	0	3	2	0	3	2	1	0	1
chr10	50155813	50159390	3578	4	0	3578	2209	1369	280	123	165	181	146	111	120	168	159	73	86	94	164	89	100	149	165	79	11	141	141	74	4	106	99	62	6	68	140	110	5	157
chr10	50159391	50164230	4840	4	0	4840	2701	2139	239	138	245	181	200	162	206	154	211	82	184	160	153	94	120	171	184	117	18	158	217	161	16	208	128	129	13	152	193	195	13	236
chr10	50164231	50164263	33	4	0	33	17	16	3	2	1	0	2	0	1	0	0	1	3	0	1	2	1	0	2	1	1	1	0	1	0	4	0	0	0	0	1	2	1	0
chr10	50164264	50164885	622	4	0	622	373	249	46	26	26	26	20	19	27	25	23	15	19	12	35	13	20	20	34	16	2	21	20	9	1	28	11	16	1	20	26	18	2	23
chr10	50164886	50164901	16	4	0	16	8	8	0	0	0	1	1	1	1	0	0	0	1	1	0	0	0	0	0	1	0	1	2	1	0	0	0	0	0	0	1	1	0	1
chr10	50164902	50166515	1614	4	0	1614	952	662	134	55	58	86	78	35	74	52	65	37	50	51	56	29	35	56	59	29	6	62	57	55	9	54	49	40	5	34	74	51	10	67
chr10	50166516	50166580	65	4	0	65	34	31	3	2	3	3	2	1	3	2	4	1	0	2	2	3	2	1	3	3	0	1	2	8	0	3	2	0	0	0	1	2	0	4
chr10	50166581	50171450	4870	4	0	4870	2954	1916	320	161	229	247	189	150	166	192	218	81	169	128	230	114	157	201	199	99	19	189	162	98	14	172	129	100	9	130	207	149	10	230
chr10	50171452	50173242	1791	4	0	1791	1145	646	169	63	74	106	94	48	70	54	79	32	47	71	69	32	51	84	80	33	3	59	51	27	5	39	48	23	4	45	87	39	4	99
chr10	50173243	50173937	695	4	0	695	428	267	49	23	26	39	24	11	25	37	31	18	24	21	34	20	13	31	31	21	2	18	28	18	1	24	12	5	2	11	26	27	5	36
chr10	50173938	50173953	16	4	0	16	10	6	1	1	0	0	0	0	0	2	1	0	1	0	0	1	0	1	1	1	0	0	1	0	0	1	0	0	0	0	0	1	0	1
chr10	50173954	50174229	276	4	0	276	185	91	35	7	13	19	6	8	11	9	17	5	4	5	16	8	9	11	14	4	1	9	5	4	0	9	7	4	1	2	8	6	0	17
chr10	50174230	50174243	14	4	0	14	11	3	4	0	0	1	1	0	0	0	0	1	1	0	0	0	0	1	1	0	0	0	0	0	0	0	0	0	0	0	1	0	0	1
chr10	50174244	50174342	99	4	0	99	38	61	1	1	2	1	1	4	8	1	3	2	11	1	0	0	1	1	0	1	1	5	4	2	2	7	6	8	4	4	4	4	1	6
chr10	50174343	50174368	26	4	0	26	9	17	0	0	0	0	0	0	3	0	0	1	1	0	0	2	2	0	1	0	0	2	1	2	0	1	0	2	2	2	1	1	0	0
chr10	50174369	50174492	124	4	0	124	55	69	9	3	1	2	2	5	3	3	1	3	6	6	3	2	5	0	2	6	2	3	6	6	7	5	1	7	4	3	4	5	3	4
chr10	50174493	50174512	20	4	0	20	7	13	0	1	0	0	0	2	1	0	1	1	0	0	0	0	0	0	1	2	1	0	1	0	1	1	1	1	2	0	1	0	0	0
chr10	50174513	50176377	1865	4	0	1865	1135	730	132	54	71	106	74	45	83	85	73	34	48	61	83	50	49	86	79	45	2	57	77	37	2	66	57	49	3	39	74	50	3	89
chr10	50176378	50176410	33	4	0	33	18	15	0	1	3	1	2	0	1	0	1	1	2	0	2	0	0	2	0	0	0	3	2	2	0	2	0	2	0	0	1	2	0	1
chr10	50176411	50176525	115	4	0	115	59	56	4	3	5	1	4	5	3	6	2	1	11	4	2	0	2	4	3	3	1	2	6	5	0	4	5	2	1	6	4	5	0	9
chr10	50176530	50176594	65	4	0	65	36	29	2	3	0	2	0	3	2	8	4	0	3	1	1	0	4	1	1	2	0	3	3	3	0	1	3	2	0	1	6	0	0	4
chr10	50176595	50176629	35	4	0	35	13	22	0	1	0	1	2	3	1	1	0	0	2	1	0	0	0	0	1	3	0	0	5	3	0	3	0	3	0	0	1	2	0	0
chr10	50176630	50178838	2209	4	0	2209	1339	870	135	82	114	96	91	68	69	87	92	42	76	59	109	65	57	95	104	53	8	92	85	58	7	64	44	35	4	47	83	68	5	113
chr10	50178839	50178935	97	4	0	97	58	39	8	2	2	3	1	3	2	14	5	2	1	3	1	3	2	6	6	2	0	2	7	1	0	2	3	2	0	3	4	5	0	0
chr10	50178936	50179315	380	4	0	380	226	154	19	12	7	21	17	18	15	20	11	10	12	16	13	7	11	15	20	12	1	14	22	6	0	8	13	2	0	7	16	16	1	16
chr10	50179324	50179545	222	4	0	222	140	82	27	7	12	9	12	5	9	6	12	6	6	7	3	8	5	4	14	4	1	7	5	4	0	4	4	2	2	4	10	3	1	17
chr10	50179546	50179570	25	4	0	25	18	7	2	1	0	3	2	0	0	1	0	1	0	2	3	0	1	0	1	0	0	1	1	1	0	0	0	0	0	0	1	1	0	1
chr10	50179571	50179821	251	4	0	251	159	92	30	7	13	16	9	5	4	10	12	4	1	6	15	3	12	10	7	7	1	4	12	7	0	13	4	6	1	7	5	12	0	6
chr10	50179822	50179893	72	4	0	72	44	28	7	4	2	2	5	2	4	2	1	2	2	4	1	2	1	2	7	3	0	0	2	1	0	2	0	1	0	2	4	0	0	5
chr10	50179894	50179992	99	4	0	99	59	40	6	5	2	1	5	2	5	4	2	2	2	2	1	9	5	5	6	6	0	6	6	0	0	2	2	1	0	3	3	1	0	3
chr10	50179997	50180310	314	4	0	314	195	119	24	9	19	18	16	7	4	17	23	3	8	8	8	10	11	9	12	6	1	10	14	6	0	11	4	6	0	6	14	13	1	14
chr10	50180311	50180342	32	4	0	32	18	14	1	2	0	2	2	2	2	1	2	0	2	1	0	0	0	0	2	0	0	3	1	1	0	1	0	0	0	0	3	2	0	0
chr10	50180343	50180401	59	4	0	59	40	19	6	2	2	5	5	3	2	2	1	1	2	2	2	1	0	3	6	1	0	0	1	0	0	0	3	0	0	1	2	0	0	4
chr10	50180402	50180520	119	4	0	119	70	49	7	4	6	4	8	0	5	4	3	4	5	7	2	1	4	5	5	1	0	3	1	3	1	5	4	2	0	4	7	4	1	7
chr10	50180521	50180581	61	4	0	61	33	28	2	2	3	5	3	0	4	0	5	0	1	1	2	1	1	2	0	1	0	1	3	2	0	6	2	4	0	0	2	4	0	2
chr10	50180582	50180822	241	4	0	241	150	91	24	9	7	12	14	7	8	13	8	4	9	8	6	2	5	13	14	4	0	4	7	6	0	7	6	6	0	6	14	4	0	12
chr10	50180823	50180893	71	4	0	71	42	29	2	4	2	3	4	0	4	5	3	0	0	4	3	1	0	6	2	1	1	0	3	2	0	2	5	1	1	3	3	3	0	1
chr10	50180894	50180958	65	4	0	65	36	29	6	1	3	2	3	3	3	3	1	0	0	5	2	2	0	2	1	2	0	2	5	1	1	0	3	2	0	4	3	2	1	0
chr10	50180959	50181166	208	4	0	208	125	83	19	4	7	13	8	2	8	8	11	2	10	10	5	7	3	7	7	6	0	2	8	1	1	12	2	5	0	5	10	11	3	9
chr10	50181167	50181178	12	4	0	12	6	6	0	0	1	0	1	0	1	0	0	1	0	1	0	0	0	0	1	0	0	0	1	0	0	1	0	0	0	0	0	1	0	1
chr10	50181179	50181289	111	4	0	111	69	42	10	4	5	8	7	2	4	1	5	3	4	1	5	2	3	4	4	4	0	4	5	2	0	4	1	2	0	3	4	3	0	5
chr10	50181290	50181379	90	4	0	90	60	30	9	3	3	6	4	1	2	2	6	0	2	3	2	6	7	3	3	3	1	4	3	0	0	2	1	0	1	0	1	2	0	8
chr10	50181380	50181448	69	4	0	69	48	21	9	1	5	3	2	2	0	2	4	0	2	5	3	0	3	5	0	2	0	1	2	2	0	1	1	0	0	1	3	1	0	7
chr10	50181449	50181543	95	4	0	95	63	32	15	3	3	6	8	1	3	1	4	2	2	6	0	0	6	2	3	2	0	1	2	1	0	2	2	0	0	4	6	2	0	6
chr10	50181544	50184127	2584	4	0	2584	1636	948	197	85	131	155	109	61	89	91	139	51	64	54	123	65	86	134	118	46	9	89	72	50	3	79	68	32	3	71	92	76	9	131
chr10	50184131	50184650	520	4	0	520	330	190	47	16	28	30	21	11	14	25	29	6	13	14	24	10	21	19	15	10	0	18	16	5	1	15	19	7	4	18	21	15	1	25
chr10	50184655	50185644	990	4	0	990	634	356	89	35	43	56	35	31	45	36	53	12	18	33	46	35	26	41	43	26	2	42	36	6	0	28	23	12	2	18	44	26	2	44
chr10	50185651	50186454	804	4	0	804	546	258	77	22	32	72	35	14	22	28	31	9	16	27	60	28	21	51	28	15	0	29	22	20	0	20	17	9	0	14	32	18	4	29
chr10	50186455	50186504	50	4	0	50	33	17	7	2	2	5	3	1	1	2	3	0	1	1	3	0	1	0	0	2	0	2	3	2	0	0	1	1	0	0	3	0	0	2
chr10	50186505	50187074	570	4	0	570	376	194	44	13	27	41	20	11	17	29	30	15	14	16	31	9	17	40	22	7	0	19	16	8	1	15	9	8	1	12	30	17	0	29
chr10	50187075	50187132	58	4	0	58	29	29	1	1	0	0	1	6	0	0	0	1	17	0	0	0	0	0	7	1	0	0	1	1	0	1	0	0	0	0	1	1	0	16
chr10	50187133	50187886	754	4	0	754	480	274	60	25	32	44	32	32	27	24	37	14	14	18	32	21	28	39	51	11	3	27	14	15	3	18	19	10	0	19	30	14	2	37
chr10	50187887	50187902	16	4	0	16	11	5	0	0	0	0	0	4	0	0	0	0	0	0	0	1	0	5	4	0	0	0	0	0	0	0	0	0	0	0	0	0	0	0
chr10	50187903	50188933	1031	4	0	1031	676	355	84	40	38	57	42	17	42	45	46	18	31	30	47	34	28	75	48	18	2	41	30	13	1	19	25	13	0	20	44	19	3	59
chr10	50188934	50188976	43	4	0	43	25	18	4	0	2	2	3	0	1	1	1	1	4	1	0	1	1	2	1	1	0	1	1	0	0	2	2	1	0	1	1	2	0	4
chr10	50188977	50190755	1779	4	0	1779	1168	611	146	49	80	124	64	37	48	80	86	33	48	52	103	56	61	100	76	39	4	56	44	28	2	58	32	23	0	29	78	43	4	94
chr10	50190756	50190807	52	4	0	52	34	18	4	3	3	3	1	0	1	2	2	1	1	1	6	3	1	2	0	2	0	4	2	2	0	1	0	0	0	0	2	1	1	1
chr10	50190808	50191129	322	4	0	322	221	101	22	9	13	25	10	7	7	17	15	2	4	13	22	9	16	28	7	7	0	13	7	4	0	9	13	1	0	6	14	8	0	12
chr10	50191136	50192135	1000	4	0	1000	653	347	74	28	44	59	37	30	25	42	38	19	25	20	56	37	36	83	50	20	1	41	30	10	2	33	24	16	0	16	30	29	3	40
chr10	50192136	50192151	16	4	0	16	10	6	0	0	0	0	0	0	0	1	0	0	0	0	0	1	3	4	0	1	0	0	1	0	0	1	0	1	0	1	0	0	0	0
chr10	50192152	50192258	107	4	0	107	65	42	5	5	1	8	8	3	2	3	1	0	1	1	5	11	6	4	12	2	2	2	2	2	2	4	1	5	0	4	1	1	0	1
chr10	50192259	50192298	40	4	0	40	28	12	4	0	2	2	0	1	1	0	1	0	2	1	3	6	2	3	1	1	0	3	0	0	0	1	0	0	0	0	1	0	0	3
chr10	50192299	50192352	54	4	0	54	33	21	3	2	1	3	3	1	2	7	2	3	0	2	1	1	0	2	4	1	0	2	2	1	0	0	2	0	0	0	5	1	0	1
chr10	50192357	50192446	90	4	0	90	61	29	0	2	5	6	5	1	2	8	2	4	0	2	6	3	2	12	5	1	0	4	2	1	0	1	5	0	0	1	3	2	0	3
chr10	50192447	50192456	10	4	0	10	6	4	0	0	0	2	1	0	0	0	0	0	1	0	1	0	0	0	0	0	0	0	1	0	0	0	0	1	0	1	0	0	0	0
chr10	50192457	50192737	281	4	0	281	190	91	31	11	10	23	11	5	6	12	15	2	3	6	18	13	9	13	13	9	1	8	7	7	2	9	3	1	0	4	11	8	1	7
chr10	50192738	50192752	15	4	0	15	11	4	2	1	0	1	0	0	0	0	1	0	0	0	2	0	1	1	0	1	1	0	0	0	1	0	0	0	0	0	0	0	0	1
chr10	50192753	50194757	2005	4	0	2005	1303	702	204	58	82	135	104	43	59	74	79	39	53	56	93	50	58	115	87	33	5	65	65	37	3	53	49	34	0	43	79	55	2	91
chr10	50194758	50194800	43	4	0	43	29	14	6	1	2	4	4	2	0	2	1	1	0	2	2	0	0	2	2	1	0	0	1	0	0	1	2	1	0	0	3	0	0	1
chr10	50194801	50198064	3264	4	0	3264	2208	1056	338	113	122	246	150	66	87	132	140	53	79	81	192	88	99	221	148	65	2	105	79	52	3	87	77	28	2	54	131	76	5	141
chr10	50198067	50206537	8471	4	0	8471	5356	3115	657	269	360	509	307	191	321	351	366	152	222	241	465	246	232	465	356	190	32	281	254	167	18	284	229	117	17	189	331	249	19	382
chr10	50206538	50207633	1096	4	0	1096	779	317	140	40	48	90	48	37	28	35	67	11	14	29	63	28	33	66	61	15	3	38	22	5	0	12	18	5	1	16	47	14	2	58
chr10	50207635	50208590	956	4	0	956	685	271	119	43	31	82	41	10	29	34	54	6	15	28	60	27	37	68	43	12	0	30	20	3	0	21	15	8	0	15	36	21	0	46
chr10	50208591	50209441	851	4	0	851	575	276	96	22	38	69	42	17	21	35	36	16	16	34	50	20	20	42	40	12	3	20	28	10	2	18	17	12	0	11	30	25	1	46
chr10	50209446	50210507	1062	4	0	1062	638	424	85	26	23	64	40	37	47	38	33	18	35	32	42	27	25	64	41	33	7	27	49	26	3	36	25	24	6	29	47	31	2	38
chr10	50210508	50210525	18	4	0	18	13	5	1	0	0	2	1	0	0	3	0	0	0	0	1	1	1	1	1	0	0	0	0	0	0	0	3	0	0	1	0	0	0	0
chr10	50210526	50211321	796	4	0	796	469	327	71	31	29	35	36	25	40	33	30	14	21	16	29	20	15	22	34	29	0	27	43	16	2	22	26	17	2	27	32	21	0	29
chr10	50211322	50211371	50	4	0	50	26	24	3	2	4	0	4	1	2	0	1	2	3	1	0	1	0	1	3	1	0	2	1	2	1	2	0	1	0	3	3	2	1	1
chr10	50211372	50214167	2796	4	0	2796	1784	1012	269	84	154	158	123	79	90	90	123	62	74	82	149	42	79	124	116	50	4	97	86	45	4	73	71	42	5	78	110	71	11	149
chr10	50214175	50216308	2134	4	0	2134	1316	818	181	87	78	109	96	50	66	98	81	36	44	54	96	64	72	102	96	66	10	65	86	62	1	77	67	33	3	37	61	65	8	81
chr10	50216311	50216673	363	4	0	363	247	116	48	11	11	28	17	9	17	8	13	6	9	10	18	8	4	28	18	4	0	12	10	4	1	7	10	5	0	7	13	9	1	15
chr10	50216676	50217229	554	4	0	554	334	220	44	16	28	25	24	14	14	19	25	2	36	18	20	8	24	16	13	6	0	21	17	7	0	22	21	14	0	17	20	19	0	42
chr10	50217230	50217531	302	4	0	302	142	160	21	5	4	9	10	16	15	9	5	8	18	5	4	4	5	3	9	11	3	10	17	13	5	16	13	16	1	10	11	11	7	6
chr10	50217532	50217543	12	4	0	12	7	5	2	1	0	0	0	0	2	0	1	1	0	0	0	0	0	0	1	0	0	0	0	0	0	0	0	0	0	0	0	0	0	2
chr10	50217544	50218088	545	4	0	545	318	227	35	19	14	33	20	12	28	20	18	10	24	10	28	9	12	25	17	15	2	16	22	15	1	22	14	19	2	18	27	11	3	22
chr10	50218089	50218130	42	4	0	42	25	17	5	1	1	1	2	2	2	0	1	1	4	1	0	0	1	1	1	1	0	2	2	1	0	0	0	0	0	2	3	1	0	4
chr10	50218131	50218643	513	4	0	513	337	176	46	16	26	30	24	12	16	28	21	8	11	19	26	13	10	29	22	13	0	14	12	4	2	12	16	3	0	19	31	10	0	18
chr10	50218644	50218670	27	4	0	27	17	10	1	1	1	3	0	0	1	0	2	0	2	1	3	0	1	0	0	0	1	0	0	0	0	1	0	0	0	2	1	1	0	3
chr10	50218671	50219545	875	4	0	875	540	335	65	31	36	44	28	30	41	36	34	22	23	18	49	31	18	32	53	21	4	36	26	13	2	30	20	17	2	13	36	20	2	40
chr10	50219554	50220498	945	4	0	945	605	340	86	37	40	54	47	22	29	43	37	18	14	29	48	24	30	46	48	13	9	31	26	13	6	22	28	20	1	24	39	21	2	36
chr10	50220507	50220836	330	4	0	330	206	124	25	14	15	17	10	9	9	15	15	3	9	4	22	14	8	16	17	10	0	13	13	10	1	10	4	5	2	7	9	10	1	11
chr10	50220841	50221630	790	4	0	790	508	282	79	27	32	54	36	21	26	33	43	16	18	19	33	16	25	28	34	17	2	28	27	13	0	19	16	10	1	19	39	19	3	35
chr10	50221632	50223023	1392	4	0	1392	862	530	102	25	72	66	45	54	43	58	62	19	42	61	56	28	53	75	54	20	4	47	47	10	2	45	42	31	5	38	58	43	3	80
chr10	50223024	50223065	42	4	0	42	29	13	4	0	1	4	1	1	3	3	2	1	0	2	3	2	0	1	2	0	0	1	0	0	0	0	2	0	0	2	4	0	0	1
chr10	50223066	50227339	4274	4	0	4274	2649	1625	367	124	161	259	176	129	153	160	159	63	127	115	209	113	122	212	183	88	20	138	141	89	17	134	128	96	15	111	165	108	10	180
chr10	50227340	50227350	11	4	0	11	7	4	3	0	0	0	1	1	1	0	0	0	0	0	0	0	0	0	0	0	0	1	0	0	0	0	2	0	0	0	0	0	0	0
chr10	50227351	50228763	1413	4	0	1413	916	497	154	46	74	77	53	40	46	43	68	27	40	32	77	25	39	73	54	29	4	51	34	26	3	43	31	21	1	33	63	30	2	72
chr10	50228764	50228797	34	4	0	34	15	19	0	0	4	0	0	0	0	0	3	0	7	0	0	0	0	0	0	0	0	0	0	2	0	6	0	0	0	0	0	6	0	4
chr10	50228798	50230030	1233	4	0	1233	735	498	91	35	73	58	54	35	42	47	77	27	53	20	35	25	27	35	62	17	1	42	35	26	4	48	35	19	1	29	46	51	5	76
chr10	50230031	50239498	9468	4	0	9468	5857	3611	716	299	437	497	389	260	339	412	389	193	285	255	455	245	271	414	437	200	25	335	287	196	21	291	261	147	16	272	415	253	20	434
chr10	50239499	50239523	25	4	0	25	15	10	1	0	0	3	1	0	0	1	1	0	1	1	1	2	2	1	0	0	0	1	2	1	0	0	0	1	0	1	0	1	0	1
chr10	50239524	50239828	305	4	0	305	194	111	17	11	12	18	14	5	12	15	12	8	12	6	16	10	7	17	12	4	1	17	10	3	0	7	8	4	0	6	16	9	1	13
chr10	50239829	50239974	146	4	0	146	75	71	18	2	4	1	5	8	9	2	3	5	11	2	0	1	2	1	2	5	0	9	10	3	0	7	4	5	0	4	8	7	0	6
chr10	50239980	50241236	1257	4	0	1257	719	538	79	40	58	47	47	49	50	48	54	25	49	45	44	22	30	32	47	38	8	43	55	28	4	53	29	26	1	32	63	47	3	59
chr10	50241237	50323739	82503	4	0	82503	49864	32639	6443	2527	3560	4254	3350	2263	3192	3295	3542	1545	2625	2387	3449	1900	2239	3292	3345	1828	306	2756	3020	1881	259	2741	2363	1603	194	2242	3372	2589	263	3876
chr10	50323740	50710452	386713	5	0	386713	229028	157685	29301	11671	15873	18671	14595	11695	15752	14532	15292	7307	12579	10055	16328	9319	10237	15819	16273	9112	1778	12829	14245	10179	1856	13790	11100	8874	1542	10874	14956	11905	1424	16948
chr10	50710453	50710504	52	6	0	52	26	26	0	1	2	3	2	3	2	2	2	1	2	1	2	1	1	0	3	2	1	0	3	3	0	1	2	1	1	1	1	1	0	5
chr10	50710505	50753078	42574	5	0	42574	27366	15208	3920	1240	1763	2742	1683	1024	1306	1646	1737	712	1176	1229	2325	1156	1238	2469	1681	837	165	1449	1179	734	196	1237	1062	662	184	966	1737	1114	173	1830
chr10	50753079	50753121	43	4	0	43	25	18	4	0	2	2	3	0	1	1	1	1	4	1	0	1	1	2	1	1	0	0	1	0	0	2	2	1	0	2	1	1	0	5
chr10	50753122	50754941	1820	5	0	1820	1178	642	144	64	70	102	74	60	69	73	83	32	45	48	79	58	56	119	114	29	4	68	45	28	3	37	44	23	0	39	74	33	5	96
chr10	50754942	50754974	33	4	0	33	16	17	1	1	0	0	1	0	0	0	0	1	11	0	0	0	0	0	1	1	0	0	1	1	0	1	0	0	0	0	0	1	0	10
chr10	50754975	50755544	570	5	0	570	376	194	42	13	28	41	20	11	17	29	31	16	13	16	31	9	17	40	23	7	0	19	16	8	1	15	8	8	1	11	30	17	0	30
chr10	50755545	50755594	50	4	0	50	32	18	7	2	2	5	3	1	1	2	3	0	1	1	3	0	1	0	0	2	0	1	3	2	0	0	1	1	0	1	3	0	0	2
chr10	50755595	50760479	4885	5	0	4885	3123	1762	403	152	234	315	201	119	164	176	252	78	113	131	249	136	155	244	200	97	13	174	144	81	11	143	128	65	11	120	188	136	21	229
chr10	50760480	50760510	31	4	0	31	22	9	8	1	1	1	3	1	0	0	1	1	1	1	0	0	1	0	2	1	0	0	0	1	0	1	0	0	0	0	2	0	0	2
chr10	50760512	50760572	61	4	0	61	38	23	6	2	2	3	4	0	3	0	3	1	1	6	1	0	4	1	1	1	0	1	2	0	0	1	1	0	1	4	3	2	1	4
chr10	50760573	50760641	69	5	0	69	48	21	9	1	5	4	3	2	0	2	4	0	2	5	3	0	2	4	0	2	0	1	2	2	0	1	2	0	0	0	3	1	0	7
chr10	50760642	50760676	35	4	0	35	22	13	2	1	2	1	2	0	1	1	2	0	1	1	0	4	2	1	1	1	0	3	2	1	0	0	0	0	0	0	1	0	0	3
chr10	50760678	50760728	51	4	0	51	36	15	7	2	1	5	1	1	0	1	4	0	1	2	2	1	5	2	1	1	1	1	1	0	0	1	1	0	1	0	0	1	0	5
chr10	50760729	50761571	843	5	0	843	504	339	66	28	30	45	47	13	35	35	35	15	27	35	21	14	18	39	31	18	2	19	34	19	1	36	24	20	0	22	41	33	5	33
chr10	50761572	50761619	48	4	0	48	28	20	3	1	4	1	3	0	3	0	1	1	2	3	2	1	1	2	0	0	0	2	0	0	0	3	2	1	0	3	3	2	0	2
chr10	50761620	50762123	504	5	0	504	311	193	38	17	23	30	31	11	12	25	26	8	13	13	12	19	13	18	23	15	1	16	24	9	0	15	9	7	2	12	24	17	1	18
chr10	50762124	50762169	46	4	0	46	27	19	1	2	0	2	1	2	3	2	2	0	2	3	1	2	1	2	4	2	0	0	2	1	0	1	0	1	0	1	2	0	0	4
chr10	50762170	50765371	3202	5	0	3202	1955	1247	225	110	149	156	137	100	100	144	133	62	95	97	146	86	85	129	153	80	9	116	132	79	5	95	76	47	5	62	120	105	7	155
chr10	50765372	50765405	34	4	0	34	13	21	0	1	0	1	2	3	1	0	0	0	2	1	0	0	0	0	1	3	0	0	5	3	0	3	0	2	0	0	1	3	0	0
chr10	50765406	50765589	184	5	0	184	97	87	6	6	5	4	4	9	5	14	7	1	15	5	3	0	6	5	4	5	1	6	9	8	0	5	8	4	1	7	11	5	0	13
chr10	50765590	50765622	33	4	0	33	16	17	0	1	3	1	2	0	1	0	1	1	2	0	2	1	0	1	0	0	0	2	2	2	0	2	0	2	0	1	1	2	0	1
chr10	50765623	50776019	10397	5	0	10397	6265	4132	773	335	420	544	424	280	414	409	424	194	327	309	450	245	290	425	435	222	41	356	363	237	44	352	304	234	35	255	425	303	38	488
chr10	50776020	50776052	33	4	0	33	18	15	3	2	1	0	2	0	1	0	0	1	3	0	1	2	1	0	2	1	1	1	0	0	0	4	0	0	0	0	1	3	1	0
chr10	50776053	50851739	75687	5	0	75687	46952	28735	6182	2424	3259	4341	3236	1974	2697	2948	3263	1356	2216	2176	3526	1776	2111	3465	3100	1632	235	2564	2677	1564	198	2348	2019	1392	154	1841	3059	2199	223	3530
chr10	50851740	50960739	109000	6	0	109000	68951	40049	9110	3312	4549	6445	4344	2898	3608	4322	4500	1869	3228	3222	5462	2847	3386	5849	4590	2195	326	3814	3416	2009	239	3359	2703	1804	212	2561	4463	3015	305	5036
chr10	50960740	51050739	90000	5	0	90000	55829	34171	7439	2666	3722	5278	3512	2501	3210	3419	3669	1598	2744	2470	4485	2186	2442	4487	3726	1858	362	3005	2983	1854	347	2878	2344	1714	335	2283	3589	2636	304	3952
chr10	51050740	51187739	137000	6	0	137000	87927	49073	12235	4293	5733	8742	5448	3467	4294	5550	5802	2193	3737	3825	7518	3601	3951	7536	5771	2624	546	4613	4053	2401	443	3839	3422	2133	412	3259	5514	3578	461	6004
chr10	51187740	51702739	515000	7	0	515000	326579	188421	44912	16412	21668	31010	20607	13236	17386	20826	21999	8765	14367	14594	26483	13160	14987	26166	21593	10402	1937	17641	15939	9390	1451	15070	13122	8585	1192	12373	21401	13474	1526	23324
chr10	51702740	51847739	145000	6	0	145000	91740	53260	12866	4489	6030	8672	5682	3715	5061	5669	5999	2548	4124	3868	7510	3665	4268	7573	5969	2923	527	4998	4498	2670	381	4426	3791	2632	339	3566	5868	3750	427	6494
chr10	51847740	51975739	128000	5	0	128000	81662	46338	11310	4024	5451	7779	5070	3266	4345	5115	5475	2135	3538	3559	6709	3382	3632	6871	5435	2543	470	4359	3929	2262	291	3717	3286	2049	263	3026	5146	3345	352	5864
chr10	51975740	52144739	169000	4	0	169000	106858	62142	14349	5234	7052	10203	6569	4453	5715	6955	7074	2885	4716	4809	8846	4361	4888	8749	7143	3468	629	5692	5299	3258	475	5052	4430	2841	387	3982	6819	4517	503	7645
chr10	52144740	52243739	99000	3	0	99000	63028	35972	8862	3126	4056	6077	4001	2480	3303	3992	4135	1673	2656	2840	5123	2462	2894	5347	4080	2012	357	3292	3113	1769	285	2914	2584	1642	257	2361	3999	2657	307	4342
chr10	52243740	52352739	109000	2	0	109000	69213	39787	9726	3344	4545	6705	4243	2801	3670	4337	4556	1802	2979	2896	5794	2850	3107	5856	4541	2148	418	3690	3253	2054	403	3207	2929	1894	354	2663	4328	2821	343	4741
chr10	52352740	52412739	60000	1	0	60000	37278	22722	5143	1921	2538	3449	2516	1602	2155	2280	2625	1064	1779	1694	2767	1425	1627	2693	2525	1286	247	1954	1949	1162	221	1869	1673	1050	179	1443	2406	1703	221	2832
chr10	52412740	52691739	279000	2	0	279000	177399	101601	25018	8628	11854	17031	11295	7135	9317	10834	11868	4794	7778	7910	14350	7136	8039	14411	11529	5735	982	9447	8801	5045	763	8204	7010	4565	632	6537	11241	7467	841	12801
chr10	52691740	52752739	61000	3	0	61000	37366	23634	4983	1836	2365	3356	2340	1598	2366	2389	2559	1171	1967	1718	2658	1483	1704	2871	2444	1380	251	2013	2145	1312	219	1995	1568	1184	175	1533	2537	1795	221	2862
chr10	52752740	52849739	97000	4	0	97000	59367	37633	7445	2888	4021	5174	3834	2713	3734	3876	4199	1836	3030	2831	4050	2278	2561	4897	4149	2105	344	3117	3277	2068	312	3255	2648	1771	243	2446	4083	2969	317	4527
chr10	52849740	52987739	138000	5	0	138000	84491	53509	11347	4242	5971	7573	5432	3666	5183	5153	5787	2541	4261	3593	6568	3283	3680	6209	5554	2985	578	4615	4635	3084	564	4552	3756	2809	466	3729	5490	3957	536	6199
chr10	52987740	53155739	168000	6	2	167998	107404	60594	14917	5378	7164	10433	6825	4088	5567	6512	7116	2826	4739	4673	9033	4277	4975	8878	6951	3289	573	5756	4951	2946	421	4962	4220	2720	370	4080	6871	4324	512	7647
chr10	53155740	53295739	140000	7	0	140000	90792	49208	13096	4395	5877	8862	5662	3417	4416	5648	5943	2325	3688	4032	7530	3695	4253	7952	5898	2674	422	4837	4154	2226	284	3814	3364	2054	283	3209	5727	3524	363	6374
chr10	53295740	53677739	382000	8	0	382000	245735	136265	35357	11873	15745	24311	15342	9723	12497	15013	15932	6344	10194	10933	20656	9780	10761	21273	16349	7295	1468	12608	11256	6723	1178	10568	9513	6098	954	8851	15457	9609	1167	17170
chr10	53677740	53812739	135000	9	0	135000	87097	47903	12265	4251	5624	8706	5463	3314	4274	5459	5770	2156	3603	3928	7350	3491	3874	7567	5648	2592	526	4446	3918	2208	359	3811	3410	2125	356	3047	5534	3371	481	6071
chr10	53812740	53876739	64000	8	0	64000	42534	21466	6512	2058	2588	4464	2523	1423	1877	2482	2657	984	1612	1856	3931	1751	1860	3954	2657	1130	262	2167	1646	844	214	1653	1421	869	163	1331	2582	1514	227	2786
chr10	53876740	55737739	1861000	9	0	1861000	1215517	645483	174192	58491	75830	123778	75115	46445	57142	75607	78077	29975	47700	51987	104907	50003	53655	112612	81370	34713	6691	62139	52593	29332	4708	49049	45012	26877	4299	40960	75334	44760	5466	82179
chr10	55737740	56007127	269388	8	0	269388	176214	93174	25573	8507	11013	18094	10983	6675	8142	10763	11171	4224	6999	7468	15460	7100	7721	16321	11662	4917	946	8981	7748	4334	651	7093	6415	4112	560	5891	10737	6462	753	11910
chr10	56007128	56095738	88611	8	0	88611	57948	30663	8202	2817	3678	5937	3731	2190	2747	3654	3769	1472	2199	2464	4932	2455	2538	5163	3983	1723	269	2959	2578	1424	134	2306	2165	1155	119	1942	3596	2139	214	3955
chr10	56095739	56362738	267000	7	0	267000	175252	91748	25260	8595	10848	18052	10957	6492	8144	10718	11270	4249	6694	7347	15268	7127	7868	16363	11715	4961	878	8909	7444	4070	656	6858	6511	3755	600	5830	10641	6242	720	11956
chr10	56362739	56441738	79000	8	0	79000	51557	27443	7340	2545	3253	5091	3223	1981	2421	3343	3408	1306	2023	2228	4259	2109	2397	4628	3499	1471	241	2730	2280	1141	154	2090	1911	1145	120	1696	3278	1908	201	3578
chr10	56441739	56519738	78000	7	0	78000	50184	27816	6997	2513	3196	4865	3173	1897	2561	3210	3395	1242	2049	2169	4007	2033	2330	4546	3320	1545	230	2590	2434	1355	155	2153	1981	1235	138	1824	3106	1962	218	3569
chr10	56519739	56533024	13286	8	0	13286	8503	4783	1178	427	539	847	563	345	415	587	589	216	351	386	661	341	357	699	605	286	42	397	418	241	32	384	335	190	24	287	552	358	38	594
chr10	56533026	57434739	901714	8	0	901714	585145	316569	83390	28583	37353	58744	36985	22290	28373	36594	38100	14872	23557	25218	49593	23614	26075	51802	39037	17111	3000	30211	26301	14702	2154	24278	22464	13350	1893	20321	36440	22272	2487	40548
chr10	57434740	57591739	157000	9	0	157000	101376	55624	14156	5001	6464	10036	6477	3636	5108	6100	6701	2579	4009	4488	8323	4021	4646	9630	6532	3254	503	4949	4794	2767	410	4459	3849	2376	330	3623	6146	4033	403	7195
chr10	57591740	58048739	457000	8	0	457000	291240	165760	39861	14251	19371	27938	18735	11393	15372	18499	19575	8042	12451	12958	23250	11656	13169	24717	19445	9214	1485	15198	14175	8287	1026	13296	11583	7329	859	10837	18796	11954	1244	21032
chr10	58048740	58095809	47070	7	0	47070	28288	18782	3685	1449	1997	2460	1922	1301	1833	1749	1888	885	1516	1243	2096	1117	1272	1873	1865	1156	177	1554	1758	1117	181	1648	1332	1057	128	1277	1851	1374	168	2139
chr10	58095810	58261561	165752	7	0	165752	102173	63579	14005	5141	6835	9075	6527	4511	6060	6373	6776	2933	5046	4627	7748	3988	4593	7935	6783	3595	662	5532	5628	3568	601	5326	4464	3280	549	4207	6596	4680	638	7468
chr10	58261563	58422739	161177	7	1	161176	99795	61381	14116	5019	6730	8997	6337	4307	5709	6092	6481	2824	4585	4504	7927	4186	4433	7546	6745	3459	712	5420	5237	3475	816	5043	4183	3136	720	4039	6280	4499	660	6955
chr10	58422740	58559739	137000	8	0	137000	85243	51757	11900	4350	5763	7800	5672	3587	4854	5249	5922	2423	4018	3778	6319	3418	3796	6393	5800	2918	510	4550	4560	2820	468	4273	3493	2397	437	3389	5508	3986	427	6220
chr10	58559740	58964739	405000	9	0	405000	248223	156777	33584	12624	17091	21847	16070	11448	15382	15651	17160	7281	12384	11105	18333	9699	10845	17717	17039	8851	1584	13579	13994	8738	1269	13185	11242	7800	1085	10481	16276	11797	1400	18457
chr10	58964740	59218739	254000	8	0	254000	158005	95995	21031	7855	10726	14557	10223	6643	9049	10021	10751	4585	7500	7127	12165	6331	7421	12019	10482	5301	991	8640	8397	5127	756	7834	6719	4533	708	6544	10338	7153	793	11678
chr10	59218740	59349739	131000	7	0	131000	80420	50580	10424	4028	5640	6995	4996	3659	4830	5164	5535	2384	4020	3622	6132	3203	3823	5964	5417	2853	444	4560	4545	2902	358	4351	3448	2447	299	3394	5239	3953	361	6008
chr10	59349740	59362508	12769	6	0	12769	7614	5155	973	377	544	667	519	377	497	442	522	244	440	341	547	281	356	486	494	291	66	428	468	283	59	460	357	292	44	365	516	404	43	584
chr10	59362511	59461741	99231	6	0	99231	63095	36136	8916	3141	4125	6075	4218	2502	3223	3961	4252	1659	2808	2822	4871	2507	2824	5190	4281	1986	339	3203	3165	1816	263	2870	2483	1600	222	2367	3976	2712	312	4540
chr10	59461742	59555741	94000	5	0	94000	57952	36048	7477	2934	3874	5346	3940	2538	3495	3780	4123	1715	2793	2670	4091	2177	2574	4424	3973	2028	300	3062	3251	2107	240	2927	2612	1641	195	2410	3918	2749	297	4337
chr10	59555742	59659741	104000	4	0	104000	61779	42221	7722	3066	4344	5182	4111	3085	4226	4033	4223	1961	3420	2879	4258	2343	2801	4123	4223	2401	370	3461	3934	2614	356	3693	3014	2357	315	3000	4284	3225	337	4637
chr10	59659742	59803741	144000	3	1	143999	85448	58551	11330	4430	5876	7027	5593	4342	5665	5325	5591	2690	4787	3729	6150	3441	3698	5771	5870	3455	686	4892	5376	3576	815	5079	4022	3450	649	3883	5657	4364	604	6172
chr10	59803742	60173741	370000	2	0	370000	224423	145577	30936	11468	15392	19172	14408	10744	14203	13660	15008	6592	11561	9986	16616	9168	10183	15324	15073	8395	1640	12864	12905	8190	1623	12355	10405	7818	1396	9765	14632	10670	1491	16355
chr10	60173742	60734741	561000	3	0	561000	349426	211574	47502	17187	23435	31912	22104	15110	20136	21879	23232	9761	16583	15577	27198	14105	16057	27648	23269	11787	2158	18948	18027	11232	1807	17654	15226	10355	1506	14450	22707	15346	1941	25159
chr10	60734742	60818741	84000	2	0	84000	51745	32255	6954	2606	3489	4659	3287	2321	3025	3187	3410	1477	2636	2273	4057	2119	2410	3833	3496	1792	329	2906	2805	1715	325	2729	2272	1681	298	2111	3247	2386	348	3815
chr10	60818742	60991741	173000	3	0	173000	104736	68264	13676	5245	7264	9194	6761	4893	6505	6823	7119	3226	5439	4651	7823	4059	4620	7438	7062	3843	773	5745	6137	4045	702	5787	4851	3671	637	4575	6931	5112	670	7721
chr10	60991742	61712741	721000	4	0	721000	453342	267658	61848	22246	30830	42748	29245	18675	24508	28839	30933	12719	20740	20416	35647	17738	20252	35957	30043	14970	2537	23828	23323	14139	2114	21781	18629	12176	1824	17485	29272	20072	2229	33235
chr10	61712742	61713737	996	3	0	996	605	391	78	38	44	56	63	20	26	41	48	15	25	31	27	26	27	40	42	21	11	25	38	22	3	33	27	21	2	26	42	32	6	38
chr10	61713738	61713829	92	4	0	92	61	31	8	4	2	6	5	2	2	8	3	1	1	6	4	1	1	6	5	2	2	0	3	0	0	2	4	2	0	0	5	1	0	4
chr10	61713830	61714047	218	3	0	218	121	97	17	7	6	9	12	5	9	10	6	2	6	16	4	3	2	7	7	6	2	2	11	5	1	9	8	7	0	7	10	10	5	5
chr10	61714048	61714099	52	4	0	52	33	19	4	1	3	4	2	0	2	1	5	0	2	1	0	2	2	2	0	2	0	1	3	0	0	2	0	0	0	2	2	3	0	4
chr10	61714100	61714274	175	3	0	175	106	69	10	3	7	14	11	2	5	3	9	7	4	4	4	5	8	9	4	7	0	6	11	2	1	7	1	3	0	2	4	9	1	10
chr10	61714275	61714345	71	4	0	71	48	23	7	3	0	4	2	2	2	1	3	0	2	3	2	4	6	5	3	2	1	3	2	1	0	1	1	0	1	0	1	1	0	6
chr10	61714346	61714365	20	3	0	20	10	10	1	0	1	0	1	2	0	0	0	0	0	2	0	0	0	2	0	2	0	0	2	2	0	1	0	0	0	0	1	1	0	0
chr10	61714366	61714414	49	4	0	49	38	11	8	0	4	5	2	1	0	1	4	1	2	1	3	0	1	3	2	0	0	0	0	0	0	0	0	0	0	0	2	0	0	7
chr10	61714415	61835784	121370	3	0	121370	75243	46127	10018	3747	5143	7014	4873	3309	4337	4709	5117	2202	3544	3285	5914	2895	3411	5724	4919	2586	537	4110	4069	2496	370	3866	3277	2291	334	3122	4963	3428	421	5337
chr10	61835785	61853740	17956	3	0	17956	10786	7170	1490	565	751	923	710	466	722	652	695	318	587	464	833	402	468	739	689	407	74	581	632	453	79	642	503	438	60	547	726	509	71	758
chr10	61853741	62314740	461000	2	0	461000	280563	180437	38175	14259	18812	24646	18001	13068	17308	17214	18365	8339	14447	12287	21352	11265	12496	20527	18852	10409	2125	15546	16032	10320	2173	15086	12590	9718	1878	12270	18117	13164	1996	20161
chr10	62314741	62428740	114000	3	0	114000	70195	43805	9061	3559	4687	6112	4557	3009	4207	4628	4653	2055	3386	3231	5148	2805	3176	5921	4727	2492	445	3764	3964	2492	412	3592	3112	2210	310	2958	4598	3267	319	5141
chr10	62428741	62531740	103000	4	0	103000	62393	40607	7972	3146	4468	5467	4227	2987	3921	3906	4394	1842	3318	2965	4460	2326	2772	4222	4237	2263	381	3420	3721	2401	299	3382	2844	2043	266	2829	4238	3096	338	4847
chr10	62531741	62588591	56851	5	3	56848	34522	22326	4312	1775	2394	3017	2290	1563	2131	2284	2413	1105	1854	1577	2482	1270	1574	2478	2347	1272	214	1878	2046	1255	174	1900	1549	1103	149	1487	2326	1745	189	2688
chr10	62588592	62588622	31	8	0	31	12	19	0	0	1	1	1	0	2	1	1	0	3	0	0	1	1	0	0	0	0	1	2	1	0	3	1	3	0	2	1	2	0	1
chr10	62588623	62588691	69	5	0	69	33	36	8	1	0	3	1	2	1	0	1	2	1	0	2	4	5	1	2	2	2	3	2	5	4	1	0	5	4	1	1	1	0	2
chr10	62588692	62588732	41	8	0	41	20	21	2	0	0	1	0	1	1	1	0	2	3	5	1	0	1	0	0	2	1	0	1	1	2	2	0	1	0	1	2	2	3	3
chr10	62588733	62611452	22720	5	0	22720	13696	9024	1736	711	953	1205	944	658	858	899	955	431	720	646	970	497	593	920	926	540	92	739	871	535	80	717	654	440	79	598	908	688	85	1070
chr10	62611453	62646739	35287	5	0	35287	20213	15074	2328	995	1493	1557	1293	1101	1501	1376	1449	708	1279	940	1303	747	909	1233	1360	844	174	1173	1403	1121	144	1335	1094	825	152	1071	1414	1214	146	1603
chr10	62646740	62835739	189000	6	0	189000	109494	79506	13052	5415	7978	8733	7339	5860	7774	6931	7693	3711	6539	5130	7094	4017	4996	7230	7471	4580	838	6114	7322	5295	1049	7048	5658	4626	955	5477	7453	6213	758	8649
chr10	62835740	63010739	175000	7	0	175000	103109	71891	12907	5249	7376	8529	6861	5191	7034	6617	7265	3397	6159	4692	7027	3737	4583	6483	7000	4043	719	5812	6547	4521	805	6365	5062	4012	628	4864	7094	5662	646	8111
chr10	63010740	63353739	343000	6	0	343000	206233	136767	30016	10297	13219	17736	13254	10081	13908	11536	12607	6138	11394	9030	15391	8623	9196	13806	13455	8083	1662	11939	12549	7289	1809	11648	9336	8409	1822	9597	13439	9514	1681	14534
chr10	63353740	63459739	106000	5	0	106000	66132	39868	9912	3441	4131	5973	4194	2863	3986	3713	4057	1777	3187	2924	5294	2882	2876	4922	4376	2338	451	3798	3475	1943	454	3286	2624	2144	437	2595	4279	2733	432	4501
chr10	63459740	63596739	137000	4	0	137000	84485	52515	12282	4136	5457	7680	5082	3646	5048	4872	5371	2314	4146	3728	6819	3594	3907	6402	5372	2950	656	4712	4480	2859	767	4448	3493	2942	744	3533	5303	3803	587	5865
chr10	63596740	63784739	188000	3	0	188000	111871	76129	15199	5520	7491	9504	7225	5608	7567	6734	7292	3431	6465	5100	7997	4231	4916	7590	7300	4428	855	6207	7058	4546	919	6640	5277	4556	801	5254	7499	5633	817	8338
chr10	63784740	63872739	88000	4	0	88000	52913	35087	7004	2744	3546	4485	3544	2464	3415	3479	3616	1614	2883	2513	3615	2014	2348	3627	3693	1980	338	2826	3277	2085	355	2945	2466	1877	293	2326	3466	2720	344	4096
chr10	63872740	63960739	88000	5	0	88000	52743	35257	6633	2570	3793	4527	3453	2454	3505	3394	3691	1635	2873	2523	3746	2018	2350	3578	3477	2051	335	2814	3225	2098	289	3179	2523	1855	247	2441	3580	2787	267	4087
chr10	63960740	64058739	98000	6	0	98000	57882	40118	7174	2887	4075	4822	3902	2794	3961	3786	3945	1966	3248	2646	3937	2152	2636	3950	3831	2338	418	3212	3820	2653	389	3485	2947	2186	299	2734	3844	3170	302	4489
chr10	64058740	64070676	11937	7	0	11937	7003	4934	850	325	562	586	463	311	502	419	548	244	412	297	462	252	304	466	436	286	36	374	437	343	40	470	351	264	44	350	471	397	48	585
chr10	64070677	64164738	94062	7	0	94062	57162	36900	7064	2805	4111	5057	3725	2578	3625	3692	4090	1833	3061	2635	4159	2186	2733	3806	3839	2043	335	3185	3268	2071	230	3169	2582	1805	182	2571	3931	2819	265	4605
chr10	64164739	64197654	32916	8	0	32916	20392	12524	2786	1013	1387	1898	1296	829	1183	1315	1424	594	964	879	1579	821	884	1538	1340	693	141	1083	1047	681	169	1006	901	613	150	838	1335	916	120	1491
chr10	64197656	64389586	191931	8	0	191931	121580	70351	16493	5834	8263	11546	7591	5034	6641	7595	8288	3430	5531	5441	9763	4726	5523	9880	7901	3847	606	6670	6058	3411	452	5646	4949	3170	361	4589	7953	5139	545	9053
chr10	64389588	64418190	28603	8	0	28603	18130	10473	2571	889	1207	1676	1122	786	958	1180	1208	496	788	741	1441	690	816	1559	1247	548	82	984	902	501	78	853	762	530	69	683	1135	755	95	1249
chr10	64418192	64429741	11550	8	0	11550	7757	3793	1259	390	480	811	461	248	357	441	552	185	263	294	669	289	315	741	517	180	34	381	292	168	15	288	233	151	25	215	465	264	34	531
chr10	64429742	64462001	32260	9	0	32260	20448	11812	2902	955	1332	1964	1324	823	1105	1273	1377	576	954	919	1549	808	885	1700	1369	661	115	1017	955	576	87	979	856	508	87	775	1345	852	125	1505
chr10	64462003	64900998	438996	9	0	438996	281652	157344	39499	13861	18166	27744	17918	11145	14436	17502	18617	7356	11848	12442	23235	11191	12614	24076	18432	8757	1553	14811	13437	7560	1113	12342	11187	6812	908	10169	17946	11323	1252	19742
chr10	64900999	65078741	177743	9	0	177743	116473	61270	17026	5614	7134	12011	7385	4196	5339	7234	7298	2814	4346	5107	10076	4796	5206	10890	7798	3347	579	5696	5026	2867	521	4626	4337	2603	455	3849	6993	4223	495	7854
chr10	65078742	66814741	1736000	8	0	1736000	1119051	616949	159131	54274	71750	110935	70439	43717	55874	69108	73639	28657	46726	49099	92881	44443	50052	98326	73791	33656	6021	57622	51990	29206	4521	48172	43107	27139	3833	39768	70250	43888	5143	78840
chr10	66814742	67047741	233000	7	0	233000	148429	84571	20605	7271	9727	14391	9455	5914	7839	9233	9881	3956	6552	6556	12053	6061	6807	12126	9699	4669	887	7947	7005	3808	672	6817	6058	3812	583	5669	9680	6013	760	10492
chr10	67047742	67217741	170000	6	0	170000	110387	59613	15758	5275	7090	11044	6672	4198	5315	6832	7201	2749	4575	4833	9535	4498	5078	9733	7204	3232	569	5715	4881	2697	386	4740	4085	2558	380	3807	6847	4217	499	7795
chr10	67217742	67251741	34000	7	0	34000	20838	13162	2818	1072	1371	1840	1411	928	1241	1352	1433	628	1006	971	1439	842	977	1508	1446	819	130	1075	1192	710	124	1107	923	588	125	884	1371	1016	123	1528
chr10	67251742	67502741	251000	6	0	251000	158462	92538	22098	8054	10704	14826	10477	6471	8356	10116	10755	4189	6891	7207	12353	6293	7306	12364	10620	5362	764	8261	8116	4924	638	7563	6528	4088	550	6082	10156	6867	668	11351
chr10	67502742	67617741	115000	5	0	115000	72288	42712	10144	3760	4850	6551	4811	2919	3949	4626	4941	1995	3193	3259	5407	2906	3227	5748	4888	2490	402	3800	3810	2239	313	3448	2975	1862	280	2817	4632	3219	383	5154
chr10	67617742	67725741	108000	4	0	108000	65884	42116	8915	3410	4611	5725	4417	2826	3908	4076	4573	2033	3289	3048	4756	2454	3033	4809	4334	2485	448	3456	3825	2607	428	3556	2845	2120	351	2716	4222	3204	405	5113
chr10	67725742	67904442	178701	3	0	178701	104689	74012	14323	4968	6588	8612	6627	5676	7272	6021	6296	3204	6340	4763	7246	4004	4550	8198	6842	4373	976	5660	6833	4418	1306	6526	5108	4893	1267	5206	6813	5399	1033	7358
chr10	67904444	67982742	78299	3	0	78299	48125	30174	7069	2436	3111	4241	3066	2166	2991	2644	3035	1363	2475	2041	3688	2091	2253	3454	3134	1830	332	2760	2741	1492	344	2567	2036	1676	314	2033	2956	2146	342	3470
chr10	67982743	68794742	812000	2	0	812000	473960	338040	68769	23166	29307	39583	30959	25421	33789	25877	27559	14354	29783	21105	33538	19100	20917	30731	30001	20304	4675	27061	31376	19676	6071	29739	23394	23367	5710	23865	31277	23515	4878	33131
chr10	68794743	68837639	42897	1	0	42897	22647	20250	3039	1080	1452	1513	1465	1498	2115	1214	1266	839	1926	1006	1314	848	1065	1007	1339	1226	265	1435	1965	1386	507	1907	1426	1686	546	1524	1562	1466	316	1692
chr10	68837641	68852743	15103	1	0	15103	8208	6895	1136	407	482	583	592	574	726	468	426	270	639	418	454	309	342	381	593	422	73	472	728	422	134	629	473	556	116	523	566	513	109	565
chr10	68852744	69108743	256000	2	0	256000	145157	110843	19968	6895	9609	11077	9349	8290	11450	8106	8623	5016	9814	6733	9610	5663	6477	8476	9285	6712	1401	8466	10517	7047	1855	10309	7547	7761	1757	7999	9846	8209	1555	10576
chr10	69108744	69654743	546000	1	0	546000	292100	253900	34040	13905	20206	20092	19058	19038	27259	17728	18769	11412	22729	13492	16376	10434	12424	15138	20116	14782	3175	16716	24687	20254	4419	24189	17866	18790	3944	18558	20413	19722	3112	23155
chr10	69654744	69799743	145000	2	0	145000	74343	70657	7066	3588	5582	4442	4940	5326	7857	5056	5253	3304	6417	3556	3419	2312	3046	3177	5364	4149	780	4237	7336	6273	945	6915	4917	5147	737	5327	5562	5900	644	6424
chr10	69799744	70075743	276000	3	0	276000	145159	130841	15516	7019	10696	9625	9383	9562	14248	9305	9981	6065	11333	6391	7976	4794	5979	7285	10420	7532	1506	7981	12656	11730	2141	12969	9419	9636	1619	9460	10003	10598	1324	11846
chr10	70075744	70479743	404000	2	0	404000	213445	190555	24476	10490	14727	14106	13674	14100	20594	12711	13594	8625	17223	9560	12055	7669	9141	10699	14715	11026	2542	12600	17966	15360	3872	18159	13413	14439	3482	13978	14986	14532	2536	16948
chr10	70479744	70709743	230000	3	0	230000	115852	114148	12094	5660	8233	6635	7398	8980	12664	7436	7535	5117	10074	5109	5595	3922	4399	5000	8815	6733	1549	6582	11345	10689	2257	11183	8081	9145	1743	8189	8237	8907	1276	9416
chr10	70709744	70835916	126173	4	0	126173	65124	61049	6318	3124	4744	4104	4198	4408	6856	4185	4363	2910	5234	2993	3411	2279	2870	3126	4737	3557	703	3724	6020	5714	939	6052	4354	4538	741	4469	4537	4915	589	5459
chr10	70835917	71271742	435826	4	0	435826	223216	212610	20617	10294	16699	13563	13954	15675	23828	14545	15188	9991	18793	10332	11413	7480	9795	11048	16104	12069	2393	12874	20953	19826	3197	21351	14949	16214	2490	15885	15996	17219	2084	19005
chr10	71271743	71707742	436000	3	0	436000	210839	225161	18119	9382	15630	11423	12952	17133	26010	13748	14271	10112	20514	9633	9212	6575	8341	7782	15573	12719	2876	12034	22158	22738	4037	23205	16515	18429	3302	17044	15597	18252	2469	18213
chr10	71707743	71862844	155102	2	0	155102	73836	81266	6404	3398	5412	3699	4765	6202	9269	4752	4766	3609	7092	3393	2978	2378	2928	2790	5560	4681	1149	4198	8199	8346	1662	8312	5849	7063	1278	6108	5379	6429	969	6083
chr10	71862845	71901741	38897	2	0	38897	19441	19456	2391	890	1250	1187	1273	1472	2113	1086	1125	821	1891	872	929	614	670	857	1290	1138	268	1101	1871	1817	527	1911	1399	1693	395	1335	1383	1477	272	1577
chr10	71901742	72397741	496000	1	0	496000	260781	235219	31410	12743	17863	17142	17045	17368	25548	14650	16107	10382	21341	11769	14597	9205	10923	12687	17617	13868	3172	15040	22591	19080	4967	22796	16405	18469	4211	17403	17998	18017	3148	20436
chr10	72397742	73473741	1076000	2	0	1076000	646717	429283	92941	32065	41699	54789	41595	31658	42594	37344	39839	18865	35511	28905	47118	26463	29596	45733	42112	25703	4828	36408	39711	23962	5531	37240	29574	26174	4982	29938	41794	30605	4907	45814
chr10	73473742	73666838	193097	1	0	193097	108879	84218	14769	5217	6931	8352	7051	6262	8655	5925	6544	3628	7656	4931	6905	4471	5061	6519	6907	5151	1035	6486	8051	5740	1402	7901	5589	5885	1383	5929	7346	6318	1108	7987
chr10	73666839	73666909	71	3	0	71	32	39	0	0	1	3	0	4	6	3	4	2	2	1	0	2	0	3	2	5	0	1	7	3	0	4	1	3	0	3	3	3	2	1
chr10	73666910	73667221	312	1	0	312	152	160	8	7	10	5	7	15	21	7	11	7	24	11	5	3	7	3	14	9	0	9	19	9	0	18	7	9	0	12	10	20	0	23
chr10	73667222	73667291	70	3	0	70	31	39	2	2	1	0	1	3	5	2	2	1	7	1	0	1	0	1	2	2	0	3	6	5	0	3	3	2	0	1	1	5	0	6
chr10	73667292	73668057	766	1	0	766	380	386	28	23	27	25	24	30	47	18	31	8	46	17	20	9	8	17	25	21	4	20	35	33	8	43	32	26	6	30	27	39	2	35
chr10	73668058	73668111	54	3	0	54	22	32	1	1	3	0	1	1	4	0	3	1	2	1	0	1	0	1	2	0	0	2	2	4	2	6	1	3	0	2	1	7	0	0
chr10	73668112	73668188	77	1	0	77	33	44	0	1	2	1	0	3	7	1	4	1	6	2	0	3	1	0	2	3	0	3	3	3	1	5	3	5	0	2	4	2	1	6
chr10	73668189	73668257	69	3	0	69	27	42	0	0	3	2	0	2	5	1	5	0	6	1	0	0	2	0	1	0	0	1	2	6	1	7	4	3	0	3	1	7	1	3
chr10	73668258	73668281	24	1	0	24	7	17	0	0	0	0	0	2	1	0	0	1	3	0	0	0	0	0	1	1	0	1	2	4	0	3	0	0	0	0	0	3	0	0
chr10	73668282	73668373	92	3	0	92	45	47	3	3	0	3	0	4	5	8	6	3	3	2	0	2	1	1	4	4	1	3	5	4	1	3	2	2	2	1	6	3	2	3
chr10	73668374	73668471	98	1	0	98	55	43	2	3	4	6	1	3	5	2	7	0	3	3	5	3	3	5	2	3	1	3	5	4	1	5	0	2	0	2	4	6	0	3
chr10	73668472	73668525	54	3	0	54	44	10	8	2	0	9	2	2	0	2	2	0	1	0	6	0	1	7	2	1	0	1	2	0	0	0	0	0	0	0	2	1	0	1
chr10	73668526	73668672	147	1	0	147	129	18	24	7	2	27	2	0	0	6	3	1	1	0	31	1	2	20	6	1	0	2	1	0	0	1	0	0	1	1	2	1	1	1
chr10	73668673	73668744	72	3	0	72	43	29	9	2	2	5	1	4	3	2	5	1	0	2	3	0	2	1	2	1	1	3	5	2	0	2	2	0	1	1	1	5	0	2
chr10	73668745	73668757	13	1	0	13	6	7	0	0	0	0	0	0	0	0	0	1	2	0	0	0	1	0	0	0	0	1	1	0	0	0	0	1	1	0	0	0	1	2
chr10	73668758	73669107	350	3	0	350	216	134	22	16	15	16	18	7	13	18	21	6	7	17	10	10	7	11	15	6	1	17	13	9	1	9	8	2	0	2	20	15	2	14
chr10	73669108	73669258	151	1	0	151	80	71	17	5	4	5	6	5	7	3	5	1	6	5	3	3	2	2	3	5	2	4	7	4	2	8	2	7	4	5	9	5	1	2
chr10	73669259	73669338	80	3	0	80	44	36	6	0	1	5	1	2	5	4	2	0	4	2	3	4	3	1	2	2	0	2	4	1	0	5	4	4	0	4	2	3	0	2
chr10	73669339	73669465	127	1	0	127	68	59	22	1	5	2	5	3	7	4	2	1	8	4	1	0	0	1	1	1	1	3	7	1	0	6	6	7	4	7	5	5	1	4
chr10	73669466	73669703	238	3	0	238	112	126	8	5	3	9	9	10	13	8	3	3	13	7	5	6	5	4	5	12	2	6	17	9	4	13	11	10	0	10	7	12	2	5
chr10	73669704	73669766	63	1	0	63	44	19	24	5	1	0	6	1	1	1	0	0	2	1	0	0	1	0	4	2	0	0	3	0	0	2	1	2	0	1	1	1	0	1
chr10	73669767	73669896	130	3	0	130	58	72	4	4	4	1	4	7	8	4	4	4	4	3	2	2	2	0	4	7	1	4	9	5	3	7	3	8	1	4	7	4	1	3
chr10	73669897	73669950	54	1	0	54	31	23	3	2	2	2	3	2	2	4	1	0	0	0	3	3	2	0	3	1	0	3	4	1	0	1	3	3	0	2	1	1	0	0
chr10	73669951	73670091	141	3	0	141	77	64	11	2	2	11	5	4	9	1	5	1	10	3	5	0	1	6	0	3	1	3	4	3	2	7	9	7	1	5	6	3	2	7
chr10	73670092	73670226	135	1	0	135	80	55	7	6	6	7	5	4	3	6	4	1	4	1	9	6	3	6	4	7	0	6	8	5	1	4	6	3	0	1	1	3	1	5
chr10	73670227	73670311	85	3	0	85	45	40	6	5	3	1	4	1	2	4	4	2	2	2	1	1	3	3	2	2	1	3	5	8	1	2	2	1	0	1	2	5	0	4
chr10	73670312	73670589	278	1	0	278	185	93	20	7	12	17	8	10	10	17	15	4	3	8	14	9	9	20	18	2	0	10	7	0	0	6	8	4	0	8	13	7	0	10
chr10	73670590	73670650	61	3	0	61	42	19	4	0	3	6	4	1	1	1	3	1	1	1	1	1	2	10	0	2	0	1	2	1	0	1	2	1	0	3	3	0	0	3
chr10	73670651	73673014	2364	1	0	2364	1281	1083	170	52	92	86	78	64	136	82	88	50	98	55	64	49	50	67	81	59	5	70	106	72	17	104	87	87	11	91	86	82	12	111
chr10	73673015	73673044	30	3	0	30	16	14	2	0	3	0	3	0	1	1	0	1	0	0	0	2	1	1	1	2	0	0	2	1	0	0	3	0	0	3	0	0	0	1
chr10	73673045	73673232	188	1	0	188	126	62	24	2	11	13	6	7	4	9	11	0	5	8	9	6	2	7	9	2	1	3	5	2	0	4	5	0	0	7	8	7	1	8
chr10	73673233	73673264	32	3	0	32	23	9	8	1	3	0	0	0	1	1	2	0	1	2	1	1	0	0	1	1	0	0	0	1	0	1	0	0	0	0	1	0	0	4
chr10	73673265	73673619	355	1	0	355	173	182	38	4	5	9	12	15	25	8	4	7	25	2	3	6	8	1	8	9	0	14	20	9	3	16	22	18	4	20	10	12	3	13
chr10	73673620	73673721	102	3	0	102	42	60	2	2	2	1	2	7	5	3	1	2	5	6	2	1	1	0	3	6	2	1	7	4	2	7	2	6	1	3	5	5	2	2
chr10	73673722	73695092	21371	1	0	21371	12359	9012	1822	629	809	970	776	654	881	730	727	386	783	567	905	473	516	730	786	501	143	712	800	539	206	777	636	658	175	615	819	623	136	885
chr10	73695093	73695133	41	3	0	41	28	13	6	2	3	3	4	1	0	0	1	0	2	1	2	2	0	0	2	1	0	2	1	0	0	1	0	1	0	1	2	0	0	1
chr10	73695134	73701361	6228	1	0	6228	3474	2754	442	174	239	255	230	207	284	216	209	129	254	145	230	136	146	176	253	157	28	208	247	208	45	261	189	200	32	189	249	196	27	265
chr10	73701362	73701418	57	3	0	57	39	18	6	3	1	4	3	1	1	5	3	0	1	1	3	1	2	2	1	2	0	2	3	0	0	0	2	0	0	2	4	1	0	1
chr10	73701419	73703147	1729	1	0	1729	1068	661	184	51	82	83	63	51	57	53	82	33	60	45	71	39	50	63	67	33	12	61	44	31	14	62	43	31	5	37	70	56	5	89
chr10	73703148	73703197	50	3	0	50	32	18	3	1	4	2	1	1	1	3	3	0	1	2	4	0	3	1	2	0	0	1	1	1	0	1	2	1	0	3	1	1	0	4
chr10	73703198	73705196	1999	1	0	1999	1162	837	146	58	75	82	78	71	91	76	67	53	82	67	71	39	39	65	89	56	6	70	75	50	8	72	50	38	6	48	102	61	8	98
chr10	73705197	73705265	69	3	0	69	48	21	7	6	2	4	2	1	1	4	7	1	0	1	3	1	3	5	4	2	2	0	1	1	0	1	0	0	0	0	3	0	0	5
chr10	73705266	73705607	342	1	0	342	196	146	25	4	14	16	14	10	12	20	11	4	15	15	9	4	8	13	8	8	0	6	14	8	1	14	18	14	2	8	16	7	1	21
chr10	73705608	73705657	50	3	0	50	19	31	0	0	0	0	0	4	4	0	0	1	4	2	0	2	2	0	0	3	0	3	3	5	0	4	1	0	0	3	3	4	0	0
chr10	73705658	73707024	1367	1	0	1367	744	623	71	47	50	43	46	66	74	39	50	21	57	37	44	20	37	41	60	33	5	55	65	39	1	57	48	43	5	46	52	47	5	61
chr10	73707025	73707071	47	3	0	47	24	23	2	1	1	2	1	3	4	1	1	1	0	2	1	1	1	1	1	0	0	4	5	2	0	0	2	4	0	0	1	1	0	2
chr10	73707072	73708583	1512	1	0	1512	733	779	59	34	60	26	44	90	100	51	58	34	57	44	18	14	26	16	77	44	2	49	91	72	4	67	51	62	5	62	66	56	5	66
chr10	73708584	73708618	35	3	0	35	19	16	3	1	2	0	1	2	1	2	2	0	1	1	0	0	0	2	0	2	0	1	3	0	0	2	2	1	0	1	1	2	0	0
chr10	73708619	73710716	2098	1	0	2098	1215	883	182	56	72	93	74	73	80	88	72	47	71	44	75	44	55	88	94	54	14	57	87	59	17	80	64	59	7	56	70	71	8	85
chr10	73710717	73710746	30	3	0	30	13	17	1	1	0	0	1	7	0	0	0	0	0	0	0	1	1	0	7	2	0	1	1	5	0	0	0	0	0	0	0	0	0	0
chr10	73710747	73710759	13	3	0	13	7	6	0	0	0	0	0	5	0	0	0	0	0	0	0	0	0	0	6	0	0	0	0	0	0	0	0	0	0	0	0	0	0	0
chr10	73710760	74005741	294982	1	0	294982	153076	141906	17483	7068	10780	9738	9753	10410	15243	8803	9719	6381	12710	7155	8114	5676	6692	7350	10241	8314	1937	9043	13435	11936	3271	13631	9703	11150	2824	10455	10830	10873	1966	12296
chr10	74005742	74235741	230000	2	0	230000	136305	93695	19488	6746	8862	11362	8639	6954	9410	7635	8345	4019	7880	6001	9986	5534	6315	9128	8621	5709	1108	7815	8627	5479	1397	8181	6511	5910	1280	6811	8878	6586	1121	9660
chr10	74235742	74461741	226000	3	0	226000	143599	82401	21256	7261	9183	13546	8929	5909	7867	8350	9013	3571	6461	6185	12049	5993	6373	11651	9339	4747	831	7817	7105	3979	708	6709	5667	4076	664	5529	8944	5699	757	9830
chr10	74461742	74605741	144000	2	0	144000	91605	52395	13578	4441	5873	8511	5635	3730	4828	5562	5750	2383	4128	4073	7440	3850	4290	7532	6046	2893	526	4938	4511	2560	373	4314	3599	2513	393	3393	5599	3792	470	6474
chr10	74605742	75318741	713000	1	0	713000	405843	307157	53576	19937	26846	31636	26361	22600	32058	23567	24894	13659	26684	18173	27163	15775	17950	24962	26978	18102	3653	23238	29030	20647	4858	27895	21347	21253	4337	22409	27232	22428	3754	29996
chr10	75318742	75425741	107000	2	0	107000	55587	51413	6329	2635	3977	3848	3657	3616	5162	3317	3792	2230	4579	2554	3011	1911	2279	2689	3729	2936	649	3078	4812	4596	1390	4810	3454	3955	1289	3558	3757	4121	728	4550
chr10	75425742	75503741	78000	3	0	78000	43529	34471	5171	2238	3284	3120	2949	2611	3559	2686	3079	1554	3045	1940	2614	1510	1841	2327	3156	1951	377	2429	3141	2654	378	3328	2472	2115	367	2484	3036	2782	312	3488
chr10	75503742	75612741	109000	4	0	109000	64239	44761	8267	3355	4604	5102	4322	3215	4581	4129	4539	2126	3666	2884	4200	2349	2817	4082	4491	2597	383	3574	4250	2991	326	3925	3176	2406	289	3137	4329	3498	356	5032
chr10	75612742	75746741	134000	5	0	134000	78902	55098	9660	3960	5639	6332	5088	4278	5559	5173	5428	2592	4639	3580	5415	2938	3305	5315	5707	3066	633	4362	4989	3565	478	4814	4076	2962	403	3803	5326	4252	498	6163
chr10	75746742	75956741	210000	6	0	210000	122208	87792	14578	6029	8735	9767	8009	6584	8878	8287	8480	4123	7185	5784	8042	4528	5501	7696	8627	5060	889	6688	8140	5724	863	7754	6425	5000	714	6335	8566	6697	788	9522
chr10	75956742	76274741	318000	7	0	318000	183980	134020	21805	9164	13097	14623	12194	9565	13430	12480	12753	6349	11171	8633	11937	6941	8293	11543	12883	7687	1416	10033	12697	9160	1327	12097	9514	7801	1108	9391	12575	10633	1227	14471
chr10	76274742	76564741	290000	8	0	290000	177707	112293	23333	8878	12348	15769	11677	7989	10628	11644	12301	5223	8840	8171	13017	6761	7930	13196	12180	6145	1114	9412	10068	6466	878	9529	8002	5666	763	7535	11688	8664	913	13270
chr10	76564742	76652741	88000	7	0	88000	54365	33635	6894	2679	3648	4902	3553	2456	3140	3628	3692	1573	2640	2430	3985	1991	2288	4864	3765	1825	331	2778	3091	1959	258	2755	2427	1664	220	2227	3495	2615	269	3956
chr10	76652742	76818741	166000	8	0	166000	103006	62994	13480	5122	7069	9271	6784	4522	5829	6731	6988	3003	4980	4609	7690	4089	4640	8199	7210	3533	552	5440	5671	3531	459	5117	4418	2928	348	4206	6567	4786	471	7755
chr10	76818742	76969741	151000	7	0	151000	89357	61643	11500	4464	6426	7361	5871	4414	6059	5939	6193	2899	4926	4039	6187	3313	3861	5905	6207	3477	642	4764	5688	3991	630	5445	4498	3402	522	4318	5890	4883	540	6744
chr10	76969742	77111741	142000	6	0	142000	82028	59972	9655	4084	6043	6543	5568	4325	6085	5360	5853	2865	4974	3951	5249	2937	3601	4934	5659	3270	673	4609	5506	4087	624	5308	4460	3398	498	4236	5713	4770	611	6549
chr10	77111742	77271741	160000	5	0	160000	92794	67206	11228	4545	6691	7397	5958	4859	6895	6187	6601	3148	5841	4329	6074	3318	4117	5605	6336	3678	680	5176	6168	4398	612	6125	4953	3878	536	4747	6442	5349	630	7497
chr10	77271742	77482741	211000	4	0	211000	115000	96000	11712	5481	8635	7973	7552	7532	10362	7908	8126	4638	8453	5462	6411	3873	4885	5997	8685	5413	961	6465	9245	7325	1005	9189	7104	6221	777	6930	8319	7805	803	9751
chr10	77482742	77646741	164000	3	0	164000	86959	77041	8919	4246	6387	5683	5648	6032	8388	5751	6160	3468	6928	4072	4508	2920	3614	4234	6412	4342	908	5003	7422	6146	1128	7391	5748	5350	1014	5548	6238	6249	766	7375
chr10	77646742	77817741	171000	2	0	171000	93723	77277	10945	4537	6854	6556	6072	5851	8291	5815	6419	3553	6728	4325	5456	3343	3837	5140	6670	4430	969	5215	7244	5977	1118	7308	5600	5205	920	5595	6516	6035	883	7591
chr10	77817742	78064741	247000	1	0	247000	129013	117987	15248	6281	8934	8010	8543	9097	13012	7767	8176	5326	10589	5861	6505	4694	5385	5584	9101	7066	1659	7572	11528	9284	2214	11356	8622	8965	1849	8818	9168	9066	1544	10174
chr10	78064742	78085366	20625	2	0	20625	10509	10116	986	516	756	679	701	784	1126	663	671	448	893	521	580	308	425	451	725	594	132	605	1036	919	169	974	758	785	137	748	754	800	106	873
chr10	78085368	78187742	102375	2	0	102375	56442	45933	5965	2699	4121	4010	3839	3511	4762	3940	3940	2122	3984	2829	3051	2010	2479	3179	4146	2595	446	3155	4474	3516	495	4256	3422	2872	413	3267	4010	3758	440	4667
chr10	78187743	78298742	111000	3	0	111000	57156	53844	5393	2594	4245	3567	3620	4134	6129	3869	3988	2559	5055	2670	2798	1766	2290	2478	4219	3065	587	3182	5356	4787	645	5365	3967	3847	497	4053	4209	4454	491	5119
chr10	78298743	78792742	494000	4	0	494000	264027	229973	26742	12604	19738	17631	17185	17438	25476	18058	18971	10787	20304	12310	13817	8669	10787	13509	19510	12804	2501	14683	22493	18778	2646	22271	17350	15443	2118	17003	18804	19164	2055	22349
chr10	78792743	78933742	141000	3	0	141000	73964	67036	7039	3364	5518	4856	4916	5094	7378	5123	5033	3128	6194	3601	3789	2353	2986	3592	5323	3747	688	4181	6612	5627	844	6652	5108	4766	583	4947	5468	5597	595	6296
chr10	78933743	79342595	408853	2	0	408853	188881	219972	14129	8261	14053	8930	11616	17153	25947	12354	12616	9962	19661	8486	7012	5557	7197	5946	14725	12439	2802	10967	21945	23580	4504	22831	16193	19216	3469	16574	14207	17626	2407	16486
chr10	79342597	79371743	29147	2	0	29147	15626	13521	1681	749	1086	1126	1017	991	1451	1019	1044	673	1155	677	900	533	627	896	1133	802	179	832	1317	1141	256	1247	898	988	195	983	1130	1030	132	1257
chr10	79371744	79442743	71000	1	0	71000	33308	37692	2577	1425	2434	1608	2009	3278	4373	2162	2195	1676	3427	1503	1264	928	1209	1239	2852	2000	536	1919	3695	4033	670	3903	2790	3241	547	2704	2485	3026	373	2917
chr10	79442744	79550743	108000	2	0	108000	57989	50011	6402	2774	4018	3891	3718	3748	5470	3764	3940	2455	4620	2783	3025	2100	2405	2876	4335	2847	571	3324	4703	3956	786	4813	3440	3303	663	3470	4222	4153	518	4905
chr10	79550744	79655743	105000	3	0	105000	61975	43025	7581	2980	4060	5304	4077	3058	4409	4040	4191	2084	3578	2851	4076	2306	2581	4797	4322	2445	434	3228	4001	3012	416	3852	3046	2407	321	2836	4215	3417	361	4712
chr10	79655744	79746743	91000	4	0	91000	53478	37522	6558	2588	3387	4539	3332	2842	3701	3517	3426	1734	3059	2360	3757	2230	2267	4180	3995	2073	485	2841	3379	2691	523	3260	2588	2228	435	2445	3430	2861	419	3868
chr10	79746744	80061743	315000	3	0	315000	184067	130933	23725	8783	12332	15330	11818	9678	13232	11533	12130	6020	10960	8255	12498	7022	7716	13034	12459	7431	1523	10090	12176	8837	1787	11480	9293	7963	1517	9011	12333	10050	1323	13659
chr10	80061744	80565743	504000	2	0	504000	272387	231613	32333	13246	18852	18945	17566	17383	24851	16616	17928	10525	20557	12448	15549	9674	11492	14421	19236	13373	2870	15349	21850	18034	4139	22075	16407	16534	3614	16673	18923	18157	2723	21655
chr10	80565744	80634743	69000	3	0	69000	37417	31583	4267	1827	2661	2665	2423	2361	3365	2322	2563	1423	2913	1668	2167	1283	1571	1937	2539	1866	376	2113	3034	2402	494	3041	2266	2202	401	2281	2633	2502	357	3075
chr10	80634744	80827743	193000	4	0	193000	111909	81091	13728	5563	7916	8844	7344	6129	8377	7152	7733	3949	6708	5393	7246	4055	4830	6941	8065	4659	937	6035	7450	5331	884	7235	5838	4590	738	5544	7649	6320	799	9016
chr10	80827744	80949743	122000	3	0	122000	75042	46958	10121	3843	5080	6727	5063	3208	4466	4763	5230	2175	3605	3433	5358	2851	3484	5633	5044	2698	508	3827	4259	2593	368	3989	3380	2299	309	3240	4817	3619	429	5579
chr10	80949744	81118743	169000	4	0	169000	106109	62891	14651	5379	7040	9944	7098	4425	5892	6625	7167	2953	4702	4818	8097	4136	4782	8399	7329	3530	605	5429	5669	3364	462	4971	4436	2957	413	4086	6606	4615	488	7930
chr10	81118744	81251743	133000	5	0	133000	86353	46647	12745	4091	5487	8865	5479	3199	4127	5308	5673	2118	3548	3731	7292	3325	3741	7622	5559	2418	478	4279	3934	2144	375	3578	3353	2116	310	3033	5267	3353	437	6013
chr10	81251744	81788743	537000	6	0	537000	344272	192728	49245	16974	21969	33503	22314	13823	17294	21478	22744	8861	14184	15150	27389	13719	15345	30279	23294	10815	1914	17353	16823	9636	1528	14719	13472	8428	1345	12461	21320	13827	1533	24259
chr10	81788744	81908743	120000	5	0	120000	73559	46441	9750	3671	5009	6699	4795	3335	4373	4574	5034	2075	3665	3400	5551	2854	3242	5531	5059	2513	530	3833	3985	2565	594	3871	3260	2412	509	3135	4772	3525	427	5450
chr10	81908744	82036743	128000	6	0	128000	80225	47775	10726	4010	5361	7511	5200	3531	4403	5287	5384	2210	3765	3612	6298	3174	3483	6269	5576	2584	528	4237	4124	2408	356	3910	3451	2241	275	3113	5270	3566	383	5752
chr10	82036744	82139743	103000	7	0	103000	64418	38582	8512	3137	4185	5968	4219	2797	3648	4281	4322	1891	3071	2958	4749	2538	2820	5321	4497	2102	382	3382	3358	1919	255	3147	2767	1787	248	2496	4323	2871	347	4700
chr10	82139744	82782743	643000	8	0	643000	402872	240128	54787	19482	26654	37993	25815	17572	22802	25900	27147	11282	19027	18111	31167	15852	17379	31902	27474	13137	2443	21134	20592	12211	1818	19696	17409	11156	1612	15877	26613	17812	1987	29155
chr10	82782744	82984743	202000	7	0	202000	125720	76280	16752	6196	8372	11520	7981	5514	7277	8313	8391	3620	5991	5722	9716	4997	5634	9723	8551	4188	841	6748	6517	3842	629	6219	5662	3655	547	5156	8355	5523	695	9151
chr10	82984744	83117743	133000	6	0	133000	83744	49256	11116	3946	5593	8094	5313	3523	4507	5408	5661	2361	3865	3663	6660	3336	3641	7055	5676	2747	481	4263	4288	2650	361	4054	3432	2322	294	3138	5355	3634	410	6151
chr10	83117744	83926743	809000	7	0	809000	506631	302369	69801	24923	33824	47006	32918	21509	28812	32176	34348	14111	23600	22676	38487	19699	22597	40143	34423	16870	2761	26188	26668	15846	2046	24769	21700	14457	1720	20185	32624	22156	2265	37690
chr10	83926744	84108743	182000	6	0	182000	105475	76525	12511	5237	7583	8352	7012	5658	7961	6763	7311	3552	6650	4985	6849	3747	4654	6650	7333	4339	690	5832	7176	4926	664	6982	5557	4482	560	5485	7327	6001	620	8549
chr10	84108744	84666743	558000	5	0	558000	323500	234500	41586	15945	22559	25692	20855	17297	23738	20129	21422	10786	19629	14580	21919	12532	13882	20947	22412	13669	2711	17768	21758	15784	3183	20895	16698	14259	2695	16250	21151	17908	2463	24896
chr10	84666744	84764743	98000	6	0	98000	58413	39587	7201	2902	3992	5033	3863	2757	3998	3917	4217	1870	3296	2738	3846	2165	2620	3996	4115	2236	384	2959	3629	2359	366	3424	2868	2043	285	2798	3923	3140	333	4725
chr10	84764744	84939743	175000	7	0	175000	105673	69327	13756	5221	7338	9091	7072	5203	6822	6658	7268	3260	5656	4914	7310	3922	4665	7515	7318	3944	637	5707	6316	4075	578	5892	5045	3559	477	4681	7076	5283	538	8201
chr10	84939744	85438013	498270	8	0	498270	305559	192711	40337	15192	21274	26970	20195	13663	18602	19716	21050	9278	15618	13927	22191	11523	13427	22595	21132	10786	1722	16017	17055	10963	1430	16342	13936	9209	1207	13038	20052	14832	1465	23524
chr10	85438014	85902742	464729	8	0	464729	278246	186483	35012	13495	19324	23804	18328	13695	18938	18347	19370	9001	15265	12934	18925	10026	11954	19827	19681	10219	1718	14600	16994	11451	1371	16240	13951	9763	1111	12813	18682	14622	1438	21828
chr10	85902743	86029742	127000	7	0	127000	72218	54782	8442	3521	5249	5505	4756	4051	5856	4720	5010	2562	4686	3388	4509	2502	3049	4410	5128	3036	487	3986	5205	3976	471	5165	4059	3303	362	3958	4991	4502	422	5731
chr10	86029743	86121742	92000	6	0	92000	49296	42704	4854	2394	3614	3346	3261	3469	4653	3537	3441	1897	3664	2433	2651	1615	1994	2472	3737	2508	425	2705	4308	3440	452	4068	3305	2842	354	3125	3570	3478	359	4027
chr10	86121743	86225742	104000	5	0	104000	51932	52068	4517	2384	3836	2993	3349	4100	6033	3748	3536	2360	4594	2320	2328	1655	2088	2089	4009	2911	609	2970	5280	4833	697	5179	4156	4017	534	4061	3785	4228	458	4341
chr10	86225743	86317742	92000	4	0	92000	46217	45783	4002	2094	3278	2755	2970	3626	5239	3264	3047	1973	4168	2192	2111	1504	1916	2077	3604	2612	432	2549	4773	4373	542	4637	3384	3554	445	3497	3337	3786	339	3918
chr10	86317743	86448742	131000	3	0	131000	68566	62434	7954	3231	4599	4714	4360	4665	6768	4120	4342	2739	5459	3075	3844	2402	2731	3561	4850	3476	858	3853	5952	5290	1444	5930	4416	4916	1257	4577	4695	4934	789	5197
chr10	86448743	86573742	125000	2	0	125000	71332	53668	9855	3626	4617	5507	4624	4033	5480	3968	4165	2354	4514	3194	4961	3021	3098	4313	4792	3203	737	4302	5015	3515	1077	4756	3655	3785	946	3658	4644	3860	730	4993
chr10	86573743	86772742	199000	1	0	199000	102841	96159	11765	4820	7222	6702	6737	7056	10684	6152	6612	4162	8505	4547	5394	3437	4208	4837	7062	5472	1154	5787	9433	8486	1808	9504	7068	7834	1607	7117	7066	7440	1109	8211
chr10	86772743	86853742	81000	2	0	81000	49215	31785	7257	2515	3206	4260	3031	2375	3154	2806	3163	1380	2511	2158	3786	2043	2231	3338	3313	1790	435	2775	2795	1736	430	2742	2177	1861	359	2159	3081	2317	388	3426
chr10	86853743	87014937	161195	1	0	161195	89999	71196	11516	4439	6019	6743	5667	5375	7657	5300	5725	3180	5876	4001	5809	3465	3676	5550	6183	4110	1030	5136	6643	5064	1318	6516	5062	5081	1175	5094	6111	5286	905	6481
chr10	87014938	87014995	58	3	0	58	36	22	14	1	1	4	2	2	3	0	2	0	2	0	2	1	0	1	1	0	1	2	2	0	0	2	1	4	3	1	3	0	0	1
chr10	87014996	87065742	50747	1	0	50747	27965	22782	3721	1336	1821	2015	1822	1793	2464	1569	1678	1049	2010	1219	1673	1030	1256	1507	1855	1363	283	1707	2244	1629	390	2036	1597	1661	339	1721	1952	1646	272	2087
chr10	87065743	87155742	90000	2	0	90000	52354	37646	7556	2664	3351	4325	3343	2737	3728	2826	3208	1599	3259	2244	3789	2112	2329	3283	3352	2187	489	3084	3424	2394	735	3314	2426	2561	731	2638	3432	2726	521	3631
chr10	87155743	87231742	76000	3	0	76000	43915	32085	5601	2229	2757	3547	2707	2472	3355	2642	2856	1419	2714	1918	2970	1772	1914	3041	3147	1831	455	2458	2940	2196	478	2838	2202	1987	432	2213	2887	2438	351	3231
chr10	87231743	87271742	40000	4	0	40000	23266	16734	2905	1159	1573	1910	1548	1185	1643	1473	1520	762	1385	1040	1574	982	1013	1593	1693	959	180	1256	1565	1219	222	1513	1081	1060	167	1110	1510	1281	183	1734
chr10	87271743	87346742	75000	3	0	75000	46683	28317	6317	2232	3089	4391	2844	2050	2507	2925	3111	1267	2289	1985	3757	1914	2034	3971	3105	1517	359	2482	2438	1621	397	2239	1895	1392	318	1901	2888	2165	302	3296
chr10	87346743	87389737	42995	2	0	42995	22600	20395	2333	1111	1544	1566	1413	1660	2247	1545	1580	979	1689	990	1228	750	801	1163	1840	1104	294	1262	1963	1878	375	1882	1405	1491	276	1386	1656	1625	205	1752
chr10	87389738	87389782	45	4	0	45	16	29	1	0	1	1	1	4	2	0	0	0	2	0	1	2	0	1	1	2	2	1	3	2	2	2	2	5	1	2	1	1	0	0
chr10	87389783	87421587	31805	2	0	31805	19334	12471	2463	980	1258	1792	1269	873	1212	1182	1299	577	941	900	1462	717	899	1510	1256	711	145	1034	1110	791	137	1054	928	652	126	808	1242	938	123	1414
chr10	87421588	87421634	47	4	0	47	23	24	1	1	3	0	3	1	2	2	1	3	4	2	0	0	0	0	1	0	0	3	2	0	1	1	1	2	0	1	4	2	0	4
chr10	87421635	87828742	407108	2	0	407108	248539	158569	34373	12530	16983	21647	16104	11281	15281	15236	16597	7399	12574	10906	18459	9976	11214	17979	16534	9145	1759	13748	14129	9046	1608	13523	10965	8433	1394	10807	16274	11681	1547	17974
chr10	87828743	87963742	135000	3	0	135000	85214	49786	12537	4323	5681	7829	5249	3355	4729	4848	5437	2255	3730	3662	7147	3765	3975	6691	5565	2839	572	4723	4048	2482	589	4111	3391	2481	568	3332	5177	3428	531	5948
chr10	87963743	88249742	286000	4	0	286000	171731	114269	21935	8366	12269	14591	11194	8239	11154	11078	12026	5401	9548	7687	12005	6517	7776	11944	11465	6346	1125	9587	10367	6822	910	9966	8170	6090	793	7965	11663	8806	964	13229
chr10	88249743	88388742	139000	5	0	139000	86167	52833	11546	4416	5819	7873	5744	3866	5033	5399	5868	2478	4033	3797	6496	3311	3954	6533	5901	3001	550	4619	4700	2904	371	4352	3792	2547	310	3609	5649	3874	393	6260
chr10	88388743	88544742	156000	6	0	156000	98935	57065	13584	5006	6870	9210	6292	3860	5310	6160	6820	2632	4408	4430	7974	3926	4541	7910	6565	3097	491	5271	4762	2871	309	4903	4003	2540	275	3688	6293	4337	393	7267
chr10	88544743	89223742	679000	7	0	679000	423986	255014	56831	20771	29079	39114	27025	17964	23813	26422	28783	11913	20035	19095	33156	16825	19536	33623	28137	14035	2611	22690	21803	13339	2158	21372	17918	12214	1826	17084	27366	19085	2057	31318
chr10	89223743	89834742	611000	6	0	611000	367923	243077	48082	18590	25464	31730	23850	17449	23941	22648	25055	11238	19334	16256	26879	14802	16695	25910	24873	14044	2703	20459	21842	14357	2490	21227	17041	13177	2302	16678	24132	18337	2343	27070
chr10	89834743	89955742	121000	7	0	121000	73350	47650	9493	3708	5093	6285	4849	3472	4713	4633	5155	2292	3905	3300	5081	2707	3388	5274	4998	2782	402	3997	4282	2764	331	4132	3452	2255	307	3296	4936	3708	334	5674
chr10	89955743	90331452	375710	8	0	375710	234268	141442	31844	11646	16125	21377	15342	9970	13123	14525	16323	6602	11276	10813	17481	8869	10575	18375	15380	8077	1366	12264	12530	7633	1103	11605	9771	6614	924	9161	15279	10547	1119	18069
chr10	90331453	90331494	42	5	0	42	21	21	10	0	0	0	1	0	2	0	0	3	4	0	0	0	0	0	1	0	1	1	1	1	1	1	0	3	2	1	1	1	2	3
chr10	90331495	90331591	97	8	0	97	34	63	0	1	2	2	2	3	7	1	3	3	7	1	0	1	1	0	0	1	1	5	3	4	6	3	7	5	5	7	3	7	2	2
chr10	90331592	90331620	29	5	0	29	6	23	0	0	0	0	0	2	1	0	0	0	0	0	1	0	1	0	1	1	0	0	1	2	4	1	0	5	6	1	0	0	0	0
chr10	90331621	90702742	371122	8	0	371122	232507	138615	30709	11507	15773	21397	15164	9706	13108	14945	15816	6702	10869	10591	17698	9087	10722	18711	15650	7828	1152	12372	12391	7151	786	11380	9786	6312	634	9194	15096	10417	940	17526
chr10	90702743	90807742	105000	7	0	105000	64510	40490	8539	3185	4443	5774	3995	2923	3922	4151	4378	1777	3231	2887	5028	2615	2813	4848	4409	2292	384	3414	3569	2346	332	3500	2840	2053	301	2776	4173	3056	325	4719
chr10	90807743	91047742	240000	6	0	240000	141767	98233	18158	7057	10271	11592	9315	6916	9708	9120	9931	4719	7987	6554	9674	5334	6428	9002	9620	5555	1019	7832	8989	6215	1057	8642	6899	5401	885	6927	9552	7733	913	10993
chr10	91047743	91291742	244000	5	0	244000	147341	96659	18906	7371	10410	12666	9336	6780	9275	9180	10082	4487	7762	6627	11029	5915	6887	10627	9932	5393	1007	8221	8477	5867	1037	8557	6649	5139	955	6467	9513	7539	815	11090
chr10	91291743	91450742	159000	4	0	159000	95458	63542	12209	4989	6665	8127	6436	4507	6144	5973	6844	2959	5033	4473	6501	3643	4412	6542	6632	3628	637	5201	5711	3933	657	5479	4258	3312	587	4197	6459	4906	567	7377
chr10	91450743	91608742	158000	3	0	158000	94670	63330	11922	4793	6612	8030	6143	4574	6316	6253	6499	2984	4990	4298	6795	3704	4206	6549	6611	3652	584	5208	5898	3951	562	5413	4491	3386	442	4361	6286	4835	508	7142
chr10	91608743	92823457	1214715	2	0	1214715	718767	495948	100811	36101	47032	59246	46866	36169	48767	41428	44651	21848	42104	32242	50862	29080	32848	48710	46746	29484	5950	41018	45439	29408	7528	43399	33808	31101	6747	34474	47237	35781	5967	51861
chr10	92823458	92823778	321	5	0	321	139	182	35	3	6	6	6	9	14	4	5	9	18	7	4	5	6	1	5	8	4	9	11	13	19	12	8	22	18	12	9	13	7	11
chr10	92823779	92967742	143964	2	0	143964	90141	53823	13201	4429	5697	8236	5433	3936	5168	5235	5591	2466	4163	3885	7337	3875	4256	7232	6027	3066	590	5023	4575	2805	578	4499	3613	2798	598	3545	5557	3787	544	6217
chr10	92967743	93152742	185000	3	0	185000	106709	78291	14261	5247	7362	8709	6790	5561	7725	6260	6969	3515	6539	4695	7559	4114	4658	6743	6811	4607	1027	5992	7132	5358	1434	6974	5317	5105	1363	5453	7076	5828	948	7866
chr10	93152743	93396742	244000	2	0	244000	138093	105907	16834	6990	9605	10551	9202	7870	10829	8659	9286	4944	9198	6338	8658	5043	6005	8079	9320	6306	1322	7899	10165	7334	1399	9620	7389	6749	1245	7393	9686	8129	1226	10725
chr10	93396743	93633742	237000	1	0	237000	131905	105095	16393	6608	9198	9776	8714	7942	11024	7827	8845	4693	9253	6214	8023	4700	5696	6999	8875	6192	1345	7531	9931	7343	1640	9618	7444	7138	1556	7475	9257	7860	1341	10547
chr10	93633743	93757742	124000	2	0	124000	75805	48195	10249	3698	5235	6654	4758	3496	4597	4653	5099	2186	3906	3285	5730	3058	3478	5722	4888	2815	533	4203	4275	2699	429	4216	3461	2531	411	3257	4880	3574	482	5540
chr10	93757743	93913742	156000	3	0	156000	91310	64690	11235	4587	6500	7463	5872	4645	6403	5758	6198	3001	5464	4211	6480	3434	4187	5871	6081	3708	715	5163	5940	4185	736	5893	4481	3767	634	4512	6176	5093	619	6986
chr10	93913743	94532742	619000	4	0	619000	368546	250454	49222	18330	25285	30517	23341	18373	25068	22468	24222	11488	20860	16431	26569	14524	16589	25258	24683	14527	2700	20805	22747	14997	2817	22071	17453	14495	2631	17525	24367	18614	2620	27401
chr10	94532743	94666742	134000	5	0	134000	80495	53505	11363	4029	5191	7011	5310	3908	5327	4743	5026	2465	4232	3650	5895	3263	3519	5561	5339	3266	606	4454	4979	3098	711	4582	3714	3155	608	3619	5256	3851	653	5614
chr10	94666743	94813742	147000	6	0	147000	90016	56984	11801	4693	5982	8015	6343	4121	5465	6025	6242	2624	4279	4373	6105	3396	4003	6547	6372	3393	425	4644	5520	3267	369	4712	4061	2718	245	3740	6001	4490	393	6634
chr10	94813743	95070742	257000	7	0	257000	159682	97318	21432	8217	10544	14627	11095	6949	9356	10423	11179	4602	7350	7585	11114	6135	6984	12089	11201	5740	737	8225	9026	5323	609	7827	6936	4225	463	6290	10660	7497	665	11893
chr10	95070743	95180742	110000	6	0	110000	67782	42218	9126	3643	4496	6019	4823	3003	3979	4623	4678	2016	3047	3195	4657	2547	3003	4927	4852	2572	337	3447	4099	2466	220	3452	3062	1893	201	2680	4415	3306	268	4946
chr10	95180743	95793742	613000	5	0	613000	349394	263606	44199	17520	24755	26414	22815	19221	27328	21376	23365	12127	22768	16000	22508	13221	15487	20288	23481	15554	2914	20140	24666	17942	3442	24363	18647	16654	2976	18567	23946	20263	2782	27269
chr10	95793743	96004742	211000	6	0	211000	127549	83451	16720	6420	8931	10886	8297	5843	8056	7975	8712	3863	6708	5767	9229	4992	5761	9388	8558	4881	775	6904	7632	5109	816	7259	5716	4474	717	5559	8265	6352	700	9733
chr10	96004743	96160342	155600	5	0	155600	95678	59922	13579	4959	6486	8153	6177	4293	5742	5694	6239	2715	4665	4242	7182	4146	4365	7039	6542	3473	655	5445	5284	3198	701	4937	4035	3142	672	3977	6045	4307	610	6899
chr10	96160344	96250778	90435	5	0	90435	53430	37005	6971	2703	3782	4396	3491	2664	3815	3308	3646	1735	3082	2354	3743	2053	2298	3388	3697	2082	372	3004	3388	2343	325	3350	2646	2134	314	2532	3547	2847	333	4090
chr10	96250779	96287742	36964	5	0	36964	21361	15603	2736	993	1547	1709	1374	1099	1625	1366	1476	806	1313	984	1398	762	895	1277	1401	942	160	1157	1499	1025	166	1475	1096	914	122	1066	1468	1284	146	1681
chr10	96287743	96331742	44000	4	0	44000	25402	18598	3017	1302	1784	2004	1714	1404	1899	1642	1734	893	1614	1181	1643	923	1113	1533	1828	1094	226	1374	1715	1196	189	1659	1346	1034	159	1355	1770	1435	196	2022
chr10	96331743	96393742	62000	5	0	62000	33798	28202	3803	1701	2511	2410	2250	2045	3037	2161	2399	1368	2371	1525	1972	1139	1407	1698	2394	1593	362	1904	2748	2127	423	2634	2009	1921	357	2066	2342	2291	308	2722
chr10	96393743	96978742	585000	4	0	585000	338020	246980	44143	16573	22958	26992	21538	18286	24887	19791	21810	11038	20994	15192	23176	13478	14901	22261	22438	14378	3193	19366	22791	16321	3950	22114	17046	15896	3434	17018	22227	18581	2985	25242
chr10	96978743	97065742	87000	3	0	87000	44230	42770	4556	2069	3100	2783	2816	3258	4914	2855	2932	1868	3637	2001	2205	1512	1708	2015	3293	2354	563	2497	4121	3925	772	4262	3279	3466	602	3197	3150	3335	551	3402
chr10	97065743	97248742	183000	2	0	183000	94202	88798	9929	4530	6688	5953	6000	6752	9839	5953	6213	3905	8087	4235	4958	3270	3717	4173	6841	5066	1201	5349	8521	7800	1641	8639	6383	6810	1406	6699	6798	6925	1074	7643
chr10	97248743	97838742	590000	1	0	590000	305149	284851	35422	14619	20943	18953	19540	21205	31186	17455	18896	12518	25907	13861	16078	11349	13280	13935	20826	16746	3851	18268	27376	23346	6222	27745	19790	22926	5457	21115	21394	21671	3930	24188
chr10	97838743	97934742	96000	2	0	96000	47590	48410	4143	2158	3487	2771	2967	3689	5345	3113	3271	2143	4491	2262	2177	1548	2000	2023	3442	2716	618	2762	4663	4868	894	4878	3497	3748	660	3497	3512	3971	498	4186
chr10	97934743	98300742	366000	3	0	366000	206121	159879	23783	10182	15055	15365	13268	11315	16858	13041	14566	7518	13733	9692	12768	7624	9204	12148	14325	9048	1746	11520	14756	11640	2172	14700	11343	9884	1794	11441	14058	12696	1566	17189
chr10	98300743	98404742	104000	2	0	104000	54800	49200	5602	2559	4129	3568	3479	3794	5437	3572	3796	2292	4372	2621	2981	1804	2184	2609	3967	2806	641	3035	4778	3946	748	4801	3606	3458	576	3756	3932	4062	557	4530
chr10	98404743	98492742	88000	3	0	88000	47218	40782	5271	2326	3294	3247	2858	3106	4420	2956	3289	1834	3512	2176	2719	1574	2064	2571	3281	2315	538	2706	3796	3482	723	3865	2893	2836	572	2963	3370	3232	453	3756
chr10	98492743	98589742	97000	4	0	97000	58040	38960	7594	2931	4185	4757	3777	2808	3818	3571	4069	1831	3209	2666	4026	2291	2650	3855	3973	2239	400	3249	3470	2328	390	3420	2727	1984	366	2639	3804	3057	360	4554
chr10	98589743	99155742	566000	5	0	566000	352126	213874	47968	17887	23925	31646	23172	14770	20187	22015	23904	9944	16555	15841	26383	14074	16401	27452	23459	12297	1970	18949	19460	11422	1516	17747	14805	10331	1348	14326	22421	16095	1682	26046
chr10	99155743	99324742	169000	4	0	169000	102231	66769	14096	5248	6770	8773	6659	4685	6470	6130	6689	3012	5380	4601	7443	4083	4625	7566	6893	3932	696	5507	6167	3947	751	5802	4430	3769	752	4440	6454	5019	713	7496
chr10	99324743	99448742	124000	3	0	124000	70281	53719	8345	3560	4966	5326	4482	3961	5463	4418	4804	2496	4568	3277	4565	2751	3193	4105	4910	3163	646	4049	4857	3751	838	4951	3763	3315	690	3640	4794	4168	634	5549
chr10	99448743	99828742	380000	2	0	380000	218187	161813	28125	10735	15297	16989	14252	11563	16025	13222	14615	7309	13882	10160	14154	8577	9820	13461	14647	9438	1930	12170	14834	10661	2607	14581	11037	10100	2488	11353	14544	12485	2017	16920
chr10	99828743	99932742	104000	1	0	104000	56766	47234	6874	2912	3854	3988	3698	3395	5013	3342	3699	2157	4083	2637	3357	2149	2579	3029	3836	2818	659	3300	4420	3530	988	4369	3241	3341	708	3446	3950	3618	595	4413
chr10	99932743	100529742	597000	2	0	597000	337573	259427	43848	16519	22999	25465	21974	18996	26538	19416	21576	11544	23253	15461	21433	13240	15135	20174	22252	15337	3161	19549	24163	17558	4352	24039	17486	17446	3817	18433	23023	19771	3134	25906
chr10	100529743	100758742	229000	3	0	229000	117153	111847	11974	5577	8291	7405	7405	8655	11279	7009	7933	5111	10550	5324	5935	4034	4933	5738	8872	6393	1437	6675	10201	10555	2729	10822	7086	8252	2460	7446	8189	9106	1512	10110
chr10	100758743	100859742	101000	2	0	101000	51922	49078	5114	2404	3853	3274	3295	3450	5248	3258	3582	2167	4780	2483	2654	1722	2181	2457	3593	2669	551	2929	4635	4524	868	5012	3370	3638	724	3551	3653	4208	581	4570
chr10	100859743	101274742	415000	1	0	415000	209886	205114	22050	9773	14998	13134	13212	14865	21537	12170	13706	9098	18638	9474	10987	7354	8929	9960	14640	11586	2725	12139	19114	19802	5062	20165	13653	16200	4441	14670	14376	16555	2856	17129
chr10	101274743	101667742	393000	2	0	393000	220494	172506	28130	10461	15086	16635	13876	12456	18010	12887	13888	7583	15110	9964	14419	8730	9896	13361	14880	9828	1940	12582	16047	13223	2624	16393	11661	12075	2380	12328	14641	13161	1944	16799
chr10	101667743	101784742	117000	1	0	117000	63016	53984	7835	2957	4365	4547	4015	3851	5549	3542	4115	2326	4836	2727	3740	2360	2708	3542	4237	3079	625	3553	5011	4490	1249	5153	3481	4113	1071	3917	4228	4221	721	4834
chr10	101784743	101970742	186000	2	0	186000	105028	80972	13937	5153	7267	7773	6794	5905	8332	5891	6599	3585	7335	4619	6800	4209	4763	6064	6947	4685	975	6246	7461	5667	1272	7475	5504	5497	1253	5852	7010	6026	978	8124
chr10	101970743	103627836	1657094	1	0	1657094	885727	771367	110031	42139	59900	60067	56868	56635	82152	49437	54194	33670	69868	40468	51044	34041	39455	45756	58422	45338	10199	52526	73528	59828	15877	74067	52530	59767	14720	56365	60614	58367	10802	68417
chr10	103627837	103669741	41905	1	0	41905	19393	22512	1592	872	1479	881	1256	1574	2666	1218	1261	1029	2068	870	716	593	762	555	1315	1305	298	1150	2316	2298	473	2326	1652	2025	354	1771	1431	1784	285	1728
chr10	103669742	104075741	406000	2	0	406000	218887	187113	24592	10739	15601	15073	13768	13933	20296	13589	14605	8592	16228	9963	13040	7801	9277	11789	15542	10701	2328	12494	17732	15335	3026	18074	13156	13249	2486	13601	15156	14883	2116	17233
chr10	104075742	104332741	257000	3	0	257000	150251	106749	19385	7399	10714	12213	9484	7700	10592	9214	10139	4928	8826	6710	10704	5815	6656	9771	9998	6208	1268	8368	9660	7134	1430	9599	7423	6243	1319	7495	9909	8237	1131	11326
chr10	104332742	104516741	184000	4	0	184000	107369	76631	13080	5303	7507	8741	6873	5614	7772	6984	7360	3553	6485	5003	7319	3932	4671	7170	7287	4369	864	5882	7119	5046	822	6748	5537	4408	753	5394	7300	5912	779	8411
chr10	104516742	104624741	108000	5	0	108000	61156	46844	7019	3039	4657	4596	4107	3343	4865	3938	4459	2191	4196	2822	3727	2212	2659	3324	4266	2674	459	3386	4353	3285	436	4462	3344	2759	387	3364	4290	3818	396	5165
chr10	104624742	104706741	82000	6	0	82000	46739	35261	5502	2276	3359	3584	3050	2490	3443	3075	3272	1590	3057	2261	2897	1686	2002	3194	3189	1934	381	2538	3216	2545	563	3210	2525	2079	502	2398	3128	2977	360	3715
chr10	104706742	104819741	113000	7	0	113000	65300	47700	7410	3215	4782	5168	4246	3466	4925	4423	4843	2205	4040	3199	4076	2396	2894	4012	4529	2685	448	3620	4380	3344	389	4406	3484	2498	319	3309	4666	3993	322	5306
chr10	104819742	104963741	144000	8	0	144000	84363	59637	9745	4168	6123	6688	5385	4399	6127	5785	5845	2887	5132	3913	5749	3141	3767	5507	5850	3430	566	4749	5431	3645	465	5412	4552	3155	336	4269	5864	4723	471	6719
chr10	104963742	105193741	230000	9	0	230000	138080	91920	16555	6810	9858	11744	8892	6687	8925	9305	9834	4293	7776	6426	9686	5339	6284	9665	9532	5247	876	7474	8186	5309	709	8199	6606	4582	550	6320	9485	7265	729	10850
chr10	105193742	105315741	122000	10	0	122000	74214	47786	9454	3625	5236	6293	4739	3479	4654	4865	5197	2266	3874	3522	5218	2808	3305	5678	5013	2743	412	4010	4407	2773	345	4044	3414	2254	304	3208	4903	3799	349	5807
chr10	105315742	105489741	174000	9	0	174000	108049	65951	13985	5423	7300	9953	7109	4750	6135	7103	7438	3117	5129	4895	8129	4291	4895	8395	7500	3741	668	5673	5794	3471	527	5460	4766	3033	406	4333	7038	5007	541	7993
chr10	105489742	106194741	705000	10	0	705000	440241	264759	58044	21617	30114	40239	28098	18832	24921	28190	30295	12428	20831	20198	33577	17518	20142	35197	29866	14689	2525	23315	22885	13867	1811	22087	18824	12069	1623	17444	28466	20024	2101	33161
chr10	106194742	106423741	229000	9	0	229000	143702	85298	19449	6949	9602	13452	9205	6197	7797	9253	9522	3978	6555	6580	11276	5762	6565	11559	9724	4739	836	7587	7406	4433	720	6967	6111	4002	553	5584	9212	6352	691	10380
chr10	106423742	106754741	331000	8	0	331000	201796	129204	26096	9862	13858	17715	12878	9621	12410	12820	13561	6088	10655	9309	14996	7889	9172	14864	13696	7304	1398	11063	11241	7008	1240	10947	9285	6603	1069	8737	13507	9521	1237	15348
chr10	106754742	106954741	2e+05	9	0	2e+05	119380	80620	15591	5773	7942	10198	7661	5980	8011	7544	7920	3731	6691	5648	8332	4791	5415	8150	8146	4606	964	6559	7286	4486	1004	6821	5754	4463	906	5635	8010	6042	894	9044
chr10	106954742	107241741	287000	8	0	287000	174010	112990	22988	8632	11966	15217	11135	8293	10981	11006	11954	5293	9305	7840	12726	6614	7875	12183	11714	6238	1336	9545	9950	6147	1174	9520	8155	5897	1039	7883	11597	8509	1107	13179
chr10	107241742	107430741	189000	7	0	189000	119299	69701	16255	5918	7902	11221	7676	4828	6450	7497	8234	3285	5464	5563	9131	4826	5480	9569	8036	3847	746	6228	6028	3500	461	5704	4775	2994	456	4379	7612	5352	597	8984
chr10	107430742	107503741	73000	6	0	73000	45244	27756	5874	2188	3051	4216	2881	1903	2604	2983	3157	1308	2209	2064	3416	1790	1995	3603	3082	1533	297	2278	2405	1552	255	2306	1940	1340	206	1824	2944	2093	250	3451
chr10	107503742	107756741	253000	5	0	253000	160172	92828	21714	7630	10680	15492	10101	6660	8543	10226	10719	4443	7294	7210	12982	6413	7166	12898	10757	5017	961	8411	7785	4644	736	7402	6648	4133	612	6055	10340	6774	737	11815
chr10	107756742	107884741	128000	6	0	128000	80642	47358	10882	4083	5573	7455	5201	3441	4333	5079	5505	2328	3720	3599	6405	3111	3584	6342	5630	2632	465	4236	4025	2548	321	3815	3206	1996	261	3071	5193	3533	337	6088
chr10	107884742	108007741	123000	7	0	123000	76890	46110	10355	3799	5097	7040	4870	3350	4312	4822	5026	2211	3552	3448	6041	3144	3489	6332	5225	2596	513	4170	3978	2376	467	3668	3189	2128	407	3156	4963	3389	429	5456
chr10	108007742	108435741	428000	8	0	428000	269854	158146	35901	13270	18000	25245	17256	11348	14735	17298	18210	7614	12413	12230	21049	10573	12127	22585	18330	8776	1458	14240	13631	7991	1053	12896	11052	7009	909	10332	17624	11796	1240	19807
chr10	108435742	108647741	212000	7	0	212000	132285	79715	17186	6659	8726	12202	8414	5530	7616	8699	8977	3859	6366	5888	10197	5230	5888	10847	9123	4539	747	6869	6926	4278	589	6567	5598	3671	525	5192	8611	5872	639	9968
chr10	108647742	108812741	165000	8	0	165000	103176	61824	13598	5053	6984	9558	6662	4219	5813	6808	7108	3084	4998	4655	7824	4061	4737	8012	6976	3429	566	5446	5279	3275	340	5218	4386	2715	299	4050	6861	4693	473	7818
chr10	108812742	109411741	599000	9	0	599000	370260	228740	48499	18218	24984	33660	24143	16593	21734	23956	25376	10759	18388	16969	27342	14470	16495	28673	25334	12889	2252	19565	20350	12521	1658	19088	16059	10871	1429	15231	24683	17336	1757	27716
chr10	109411742	109582741	171000	8	0	171000	104069	66931	13476	5124	7141	9191	6751	4689	6595	6796	7138	3180	5410	4918	7566	3963	4772	7357	6999	3830	565	5563	6056	3840	553	5627	4786	3327	452	4687	6990	5079	536	8041
chr10	109582742	109739741	157000	7	0	157000	94660	62340	12208	4791	6527	8102	6364	4536	6187	6331	6525	3028	5023	4399	6531	3580	4144	6383	6593	3616	593	5133	5739	3532	492	5297	4605	3112	419	4233	6481	4800	476	7218
chr10	109739742	109835741	96000	6	0	96000	57521	38479	7114	2896	3963	4884	3906	2653	3793	3844	4128	1843	3098	2663	3707	2251	2651	4125	3921	2257	357	3108	3647	2338	278	3281	2710	1950	273	2627	3918	2999	326	4489
chr10	109835742	109958741	123000	5	0	123000	68981	54019	8184	3500	5231	4890	4545	4023	5602	4265	4910	2481	4632	3104	4167	2580	3053	3812	4920	3096	617	3951	5021	3752	695	5164	3813	3409	569	3885	4681	4375	553	5518
chr10	109958742	110203741	245000	4	0	245000	145863	99137	19898	7501	9878	12120	9356	7227	9647	8649	9409	4416	8272	6419	10735	5859	6686	9790	9545	5653	1263	8541	8967	6076	1335	8462	6854	5753	1198	6973	9513	7358	1138	10507
chr10	110203742	110374741	171000	3	0	171000	99045	71955	13091	5083	7112	7829	6414	5196	6999	5815	6702	3190	6025	4263	6908	3946	4471	6001	6728	4083	930	5673	6300	4937	1128	6456	4895	4398	1167	5078	6501	5402	877	7400
chr10	110374742	110485741	111000	2	0	111000	57979	53021	6405	2780	4241	3613	3765	4089	5803	3529	4019	2382	4967	2574	2850	1981	2421	2560	4154	3217	579	3282	5296	4496	785	5354	3600	3898	559	3857	4136	4320	548	4938
chr10	110485742	110577741	92000	3	0	92000	51388	40612	6325	2577	3653	3834	3249	2888	4102	3064	3476	1854	3424	2398	3339	1922	2186	3096	3422	2331	578	2910	3667	3085	798	3768	2737	2678	699	2786	3477	3224	551	3900
chr10	110577742	111006741	429000	2	0	429000	253027	175973	33759	12985	17417	20723	16202	12676	17798	15250	16635	8102	14313	11095	18286	10065	10947	16772	17216	10134	2171	14307	15796	11555	2379	15402	12239	10352	2023	12254	16675	13091	1867	18512
chr10	111006742	111078741	72000	3	0	72000	44546	27454	6265	2214	2962	4045	2995	1965	2450	2716	2937	1234	2036	2052	3288	1771	2012	3603	3060	1573	301	2250	2429	1622	361	2186	1876	1395	328	1813	2761	2009	278	3211
chr10	111078742	111146741	68000	4	0	68000	36266	31734	3600	1765	2647	2406	2355	2405	3427	2476	2562	1482	2791	1745	1901	1239	1523	1941	2658	1836	379	2018	3086	2671	397	3043	2295	2115	376	2278	2624	2576	332	3049
chr10	111146742	111278741	132000	5	0	132000	78838	53162	9743	3898	5570	6541	5171	3791	5272	5136	5486	2509	4404	3652	5352	2961	3511	5840	5428	2950	533	4247	4927	3336	413	4668	3785	2695	341	3787	5230	4363	403	6055
chr10	111278742	111406741	128000	6	0	128000	76885	51115	9780	3788	5381	6625	5188	3747	4959	5137	5322	2423	4242	3610	5284	2906	3401	5091	5415	2928	459	4062	4637	3089	376	4469	3738	2562	307	3475	5240	3992	388	5977
chr10	111406742	111539741	133000	7	0	133000	79259	53741	9443	3807	5759	6532	5163	3802	5419	5156	5508	2662	4627	3721	5428	2914	3523	5793	5450	2944	470	4321	4905	3370	326	4833	3782	2852	295	3675	5403	4268	347	6500
chr10	111539742	111774741	235000	8	0	235000	143723	91277	18380	6937	10108	12983	9336	6402	8815	9371	10101	4361	7337	6702	10591	5475	6474	10350	9567	5059	798	7751	8169	5175	686	7770	6477	4537	560	6225	9710	7029	774	10988
chr10	111774742	111976741	202000	9	0	202000	120840	81160	15195	6056	8589	10201	7959	5648	8002	7910	8437	3901	6716	5545	8449	4665	5512	8054	8161	4544	846	6719	7528	5033	620	6949	5766	4118	548	5728	8063	6435	678	9423
chr10	111976742	112164741	188000	8	0	188000	108306	79694	12723	5435	7863	8500	7340	5807	8129	7267	7677	3880	6700	5032	6781	3931	4825	6415	7641	4485	904	6023	7375	5332	793	7060	5947	4404	632	5808	7580	6339	743	8627
chr10	112164742	112285741	121000	7	0	121000	70791	50209	8366	3497	5151	5770	4695	3672	4987	4625	4973	2364	4159	3368	4751	2624	3196	4591	4914	2830	528	3885	4539	3349	475	4425	3610	2759	440	3591	4917	3850	505	5592
chr10	112285742	112452199	166458	6	0	166458	93748	72710	11095	4719	6896	6818	6112	5447	7498	5605	6320	3475	6165	4319	6001	3613	4352	5312	6523	4245	964	5523	6687	4956	1071	6629	5001	4660	888	5283	6451	5483	869	7476
chr10	112452200	112482740	30541	6	0	30541	18842	11699	2615	936	1315	1696	1179	787	1070	1095	1265	529	988	791	1503	797	910	1366	1217	629	129	1074	971	681	121	1041	748	608	111	795	1195	895	109	1373
chr10	112482741	112615740	133000	5	0	133000	84027	48973	12042	4184	5681	7846	5216	3491	4442	5287	5575	2293	3617	3642	6921	3475	3697	6617	5518	2716	697	4512	4159	2419	492	3786	3470	2331	498	3247	5289	3390	557	5891
chr10	112615741	112742740	127000	4	0	127000	77179	49821	10677	3960	5156	6671	4887	3655	4907	4931	5102	2232	3936	3401	5798	3066	3394	5405	5295	2805	601	4212	4351	2769	528	4216	3745	2684	490	3453	4989	3606	565	5511
chr10	112742741	113155740	413000	3	0	413000	228728	184272	28377	11433	16493	16788	15072	13800	18922	13856	15613	8367	15824	10586	14028	8196	9444	11928	15774	10697	2635	12690	17375	13864	3041	16915	12918	12180	2614	13178	15583	14454	2454	17899
chr10	113155741	113504740	349000	4	0	349000	196776	152224	22990	9928	14827	14851	13321	10941	15480	12729	14333	7260	13298	9035	11952	6715	8246	10869	13685	8476	1812	10871	14410	11260	1809	13909	10643	9250	1319	10853	13733	12402	1572	16219
chr10	113504741	114965740	1461000	3	1	1460999	842150	618849	107172	42404	59715	65910	54826	45586	62977	51746	57161	28593	51623	38349	56042	31914	36495	51635	57596	35504	8053	47345	56884	40801	8621	55463	43661	37973	7428	43793	56995	47491	7030	64209
chr10	114965741	115095360	129620	4	0	129620	77193	52427	10027	3746	5570	6522	4811	3645	5245	4634	5384	2464	4442	3409	5643	2945	3458	5247	5092	2841	595	4272	4466	3101	696	4602	3632	2975	640	3815	5145	3949	579	6026
chr10	115095363	115098453	3091	4	0	3091	2011	1080	314	96	141	191	117	72	91	88	117	45	90	82	195	91	103	177	114	54	19	117	70	50	12	94	68	45	19	84	116	77	10	130
chr10	115098454	115103040	4587	4	0	4587	3012	1575	505	151	169	291	207	110	141	163	171	74	112	143	234	132	131	277	200	86	17	164	140	57	19	109	96	82	22	82	184	100	18	198
chr10	115103041	115104916	1876	4	0	1876	1185	691	181	52	56	122	81	36	69	83	75	28	55	64	75	58	42	107	74	41	9	50	71	40	3	53	44	30	10	44	80	56	10	75
chr10	115104917	115109159	4243	4	0	4243	2349	1894	276	94	189	171	160	106	204	192	176	77	155	122	119	80	102	125	138	97	12	110	186	153	12	181	171	133	11	159	167	150	13	200
chr10	115109160	115112068	2909	4	0	2909	1834	1075	232	93	107	182	121	53	110	130	112	38	103	98	150	70	82	152	97	54	4	99	93	55	3	90	79	62	5	82	145	71	4	131
chr10	115112069	115114674	2606	4	0	2606	1676	930	257	89	129	152	134	54	74	124	118	53	65	89	117	45	66	108	101	54	7	79	84	43	1	66	73	29	3	65	128	68	5	124
chr10	115114676	115114713	38	4	0	38	25	13	4	1	1	2	1	1	0	4	0	1	2	2	2	1	0	1	2	2	0	0	2	1	0	1	0	0	0	0	2	1	0	2
chr10	115114715	115114771	57	4	0	57	37	20	8	2	5	0	2	2	0	2	2	0	2	2	3	1	0	6	1	1	2	1	2	1	0	1	1	1	0	1	2	1	0	3
chr10	115114772	115128826	14055	4	0	14055	9256	4799	1289	432	529	998	559	327	415	547	538	202	349	388	863	458	466	895	601	254	52	512	378	231	36	384	333	211	33	297	536	333	41	566
chr10	115128829	115132185	3357	4	0	3357	2299	1058	319	103	147	255	145	91	82	130	137	56	61	80	222	113	88	269	179	57	13	114	67	48	6	81	70	33	5	50	132	63	6	133
chr10	115132186	115134736	2551	4	0	2551	1577	974	211	92	97	138	127	69	92	101	115	55	71	87	87	48	83	102	121	66	4	73	102	45	4	67	66	34	7	57	100	73	9	146
chr10	115134737	115135104	368	3	0	368	231	137	33	12	12	24	24	5	10	21	12	4	9	21	12	5	5	22	12	9	1	4	14	6	3	8	13	8	1	11	21	8	3	13
chr10	115135106	115135137	32	3	0	32	16	16	3	1	2	0	2	1	1	1	2	1	0	1	0	0	0	0	2	0	1	0	0	3	1	2	1	1	0	0	1	2	0	1
chr10	115135139	115135935	797	3	0	797	478	319	62	25	43	37	43	19	25	33	41	13	31	25	20	15	18	27	27	14	4	27	31	11	0	32	22	17	2	21	40	31	2	37
chr10	115135936	115135954	19	3	0	19	8	11	0	1	1	0	1	0	1	2	1	1	0	0	0	0	0	0	0	1	1	0	1	0	0	1	1	0	1	1	1	1	0	0
chr10	115135956	115143411	7456	3	0	7456	4560	2896	547	222	320	404	308	162	277	323	305	148	239	223	333	191	216	340	299	163	18	243	277	175	13	248	186	145	13	200	309	230	16	361
chr10	115143413	115143983	571	3	0	571	327	244	34	16	19	22	18	20	21	15	17	11	47	12	23	9	13	29	20	16	6	14	19	12	0	26	12	13	3	16	23	16	3	44
chr10	115143984	115144914	931	3	0	931	507	424	78	21	24	45	32	28	47	20	23	23	38	20	36	21	23	26	21	19	15	38	39	26	16	32	30	42	14	28	37	26	7	34
chr10	115144915	115146802	1888	3	0	1888	1286	602	194	59	76	143	85	40	43	81	77	27	38	54	115	66	57	130	83	36	6	67	59	32	2	33	37	19	1	31	70	39	3	83
chr10	115146803	115148744	1942	3	0	1942	1265	677	212	62	81	111	98	49	54	68	79	35	47	54	78	58	67	111	86	44	4	70	70	22	2	51	48	25	3	36	65	54	4	92
chr10	115148746	115157553	8808	3	0	8808	5584	3224	827	300	355	513	401	210	283	364	354	156	209	295	414	218	260	424	394	195	32	263	309	173	19	253	225	129	23	195	330	257	30	396
chr10	115157555	115158052	498	3	0	498	323	175	52	11	26	36	23	11	19	10	18	6	12	18	33	11	8	28	13	11	1	14	18	7	2	16	18	10	0	10	14	15	1	24
chr10	115158056	115160488	2433	3	0	2433	1755	678	300	81	97	211	85	41	59	99	95	33	45	57	209	85	67	189	106	31	4	99	44	22	5	43	37	22	0	35	97	39	3	91
chr10	115160496	115160519	24	3	0	24	19	5	3	0	0	4	1	0	0	3	2	0	0	2	1	0	0	1	0	0	0	0	1	0	0	0	0	0	0	0	3	1	0	0
chr10	115160531	115162148	1618	3	0	1618	1140	478	172	62	63	145	74	22	43	64	79	15	33	49	118	49	37	114	74	17	3	53	34	22	1	29	29	14	1	24	66	33	7	70
chr10	115162149	115167217	5069	3	0	5069	3316	1753	512	149	214	325	201	126	131	220	193	71	134	161	293	129	144	312	207	87	15	166	166	92	10	136	116	75	11	112	189	149	12	209
chr10	115167219	115169017	1799	3	0	1799	1247	552	220	61	84	123	90	39	34	82	75	33	20	41	104	58	50	132	90	32	4	65	46	22	4	34	39	18	0	29	70	34	4	60
chr10	115169019	115171343	2325	3	0	2325	1566	759	243	72	88	166	104	45	69	116	83	40	54	69	140	78	59	139	112	34	2	87	69	29	1	45	57	24	4	49	96	57	3	89
chr10	115171346	115173513	2168	3	0	2168	1435	733	209	65	106	140	86	42	64	77	92	35	73	54	133	68	55	135	74	38	9	89	63	23	2	58	38	33	2	49	93	52	7	102
chr10	115173515	115173848	334	3	0	334	246	88	40	14	17	29	17	8	6	6	13	5	3	5	29	12	10	30	18	5	1	15	4	2	0	7	5	1	0	4	10	5	1	10
chr10	115173850	115173913	64	3	0	64	47	17	17	2	2	5	4	1	1	2	3	0	3	1	0	2	0	2	3	0	1	1	0	0	0	1	3	0	0	1	2	1	1	3
chr10	115173915	115173944	30	3	0	30	22	8	5	0	1	3	1	0	1	2	2	1	0	0	1	4	0	1	4	0	0	0	0	0	0	0	0	0	0	0	0	0	0	2
chr10	115173946	115177888	3943	3	0	3943	2541	1402	397	137	176	228	167	100	115	147	169	58	90	129	203	107	130	186	167	70	20	145	130	78	6	106	82	71	3	78	150	101	13	182
chr10	115177889	115177924	36	3	0	36	30	6	22	4	0	0	4	0	0	0	0	0	0	0	0	0	0	0	3	1	0	0	0	0	0	0	0	0	0	0	0	0	0	0
chr10	115177926	115187172	9247	3	0	9247	6214	3033	989	295	377	630	369	227	250	391	405	133	187	269	529	264	266	631	437	164	24	294	257	149	14	216	203	90	14	177	340	233	28	393
chr10	115187174	115188736	1563	3	0	1563	988	575	169	41	62	96	49	36	46	65	62	24	59	42	88	38	36	74	54	37	3	44	50	50	7	50	32	16	6	38	60	54	2	71
chr10	115188737	115203577	14841	3	0	14841	9775	5066	1565	492	580	945	655	340	441	645	634	224	305	467	728	433	450	871	685	284	46	473	456	223	27	370	351	205	22	292	589	365	35	641
chr10	115203578	115203745	168	3	0	168	86	82	19	2	5	1	6	9	10	4	3	4	10	2	0	2	6	1	3	4	2	8	8	2	0	8	11	8	1	8	7	4	1	7
chr10	115203748	115214041	10294	3	0	10294	6888	3406	1124	364	418	669	420	288	269	423	431	135	236	297	601	282	294	635	493	193	33	351	282	155	20	242	242	111	13	172	383	240	24	452
chr10	115214042	115216603	2562	3	0	2562	1763	799	264	85	102	184	100	75	59	117	97	24	41	77	173	91	78	194	130	46	3	97	63	28	3	58	62	27	2	41	96	51	8	84
chr10	115216614	115220724	4111	3	0	4111	2523	1588	379	125	159	224	175	150	158	160	154	78	126	97	180	100	92	164	178	101	19	155	148	73	12	109	136	78	16	108	181	90	21	163
chr10	115220726	115221954	1229	3	0	1229	733	496	68	31	37	63	42	38	51	55	31	21	46	51	58	35	40	65	49	30	1	45	36	32	3	50	42	26	4	28	59	34	4	52
chr10	115221956	115223888	1933	3	0	1933	1307	626	211	55	93	143	72	37	52	79	88	35	37	49	130	49	45	130	85	30	4	57	58	25	9	43	36	26	2	42	61	54	9	85
chr10	115223889	115223930	42	3	0	42	29	13	0	0	0	0	0	12	0	0	0	0	0	0	0	1	0	15	12	0	0	0	0	0	0	0	0	0	0	0	0	0	0	0
chr10	115223931	115225479	1549	3	0	1549	1025	524	174	38	63	115	53	38	48	68	73	24	34	53	91	35	37	79	58	29	6	42	45	24	4	40	33	26	6	27	71	34	6	73
chr10	115225480	115226563	1084	3	0	1084	767	317	110	29	34	105	44	19	37	39	46	21	17	39	78	25	33	90	50	13	1	30	28	10	1	16	21	10	0	13	40	22	0	61
chr10	115226565	115230919	4355	3	0	4355	2869	1486	454	133	186	281	182	85	126	185	175	68	132	129	242	109	114	267	182	77	8	128	125	62	8	113	105	67	9	97	166	102	17	219
chr10	115230924	115237512	6589	3	0	6589	4385	2204	664	214	258	440	258	154	183	285	273	103	172	195	381	185	188	430	288	121	16	231	203	94	10	160	136	76	9	117	253	176	19	295
chr10	115237536	115240906	3371	3	0	3371	2112	1259	296	108	123	202	150	78	113	104	122	51	107	98	161	92	115	190	135	70	15	109	114	64	17	95	80	66	19	97	116	90	15	157
chr10	115240907	115245499	4593	3	0	4593	3176	1417	514	165	171	341	178	83	119	184	195	53	87	123	304	156	153	349	194	84	10	169	106	48	12	110	87	47	9	83	177	97	15	168
chr10	115245502	115246540	1039	3	0	1039	734	305	132	35	43	81	36	25	22	36	49	11	21	35	73	25	30	78	43	16	3	34	23	8	3	26	11	10	0	11	42	26	4	45
chr10	115246860	115249328	2469	3	0	2469	1631	838	270	90	87	160	109	44	80	106	111	33	59	75	117	73	66	150	114	37	6	83	72	37	6	66	52	43	7	36	101	64	7	106
chr10	115249329	115255950	6622	3	0	6622	3997	2625	459	206	257	338	299	175	239	329	249	125	173	203	253	183	197	311	293	161	17	218	279	143	17	203	202	154	18	169	268	184	22	276
chr10	115255955	115260005	4051	3	0	4051	2353	1698	302	133	183	179	190	99	180	119	176	87	139	134	129	75	111	116	157	110	16	110	153	97	23	145	119	79	18	134	159	132	21	224
chr10	115260006	115262174	2169	3	0	2169	1459	710	213	52	98	165	72	41	68	76	105	29	64	64	138	65	71	136	86	26	3	72	51	28	2	61	44	26	2	46	76	62	3	122
chr10	115262175	115265070	2896	3	0	2896	2076	820	349	105	122	222	111	57	56	144	119	37	46	80	221	98	79	228	135	48	9	105	63	18	1	49	56	18	1	35	114	47	7	114
chr10	115265072	115269888	4817	3	0	4817	3317	1500	576	131	200	371	182	96	136	185	201	82	84	131	320	139	157	324	193	81	12	162	129	54	10	97	103	64	2	95	174	91	10	223
chr10	115269889	115270370	482	3	0	482	377	105	46	25	12	37	17	5	13	14	16	5	7	10	42	13	5	108	26	2	2	18	6	5	1	3	3	0	0	1	14	8	1	15
chr10	115270371	115270409	39	3	0	39	37	2	1	0	0	4	0	0	0	1	0	0	0	0	5	1	1	23	1	0	0	0	0	0	0	0	0	0	0	0	0	0	0	0
chr10	115270410	115271165	756	3	0	756	492	264	49	19	37	42	27	12	22	36	30	15	25	24	40	29	14	69	32	15	4	24	24	14	1	24	13	10	1	8	28	24	0	42
chr10	115271166	115294989	23824	3	0	23824	15309	8515	2084	757	937	1552	979	591	764	978	994	378	585	643	1273	671	715	1407	1020	540	76	762	798	425	65	667	579	384	40	558	915	606	65	1014
chr10	115294990	115486989	192000	2	0	192000	126576	65424	19363	6273	7889	12918	8075	4363	5744	7784	8155	2996	4430	5427	10850	5195	5509	11604	8339	3614	600	6273	5615	2954	442	4900	4543	2698	428	4009	7469	4645	504	8390
chr10	115486990	115735233	248244	1	0	248244	161411	86833	22848	8007	10106	16243	10193	5972	7786	10032	10309	3958	6232	7108	13854	6725	7335	14701	10630	4734	875	8423	7315	4055	594	6636	6168	3679	562	5555	9870	6132	759	10846
chr10	115735234	115769988	34755	1	0	34755	22516	12239	3127	1123	1444	2232	1428	855	1106	1423	1491	529	927	1012	1881	963	1001	1973	1506	658	104	1201	981	570	81	966	884	512	64	752	1441	858	101	1559
chr10	115769989	116155245	385257	2	0	385257	227962	157295	27871	11440	16080	19288	14667	11596	16039	14746	15824	7470	12513	10360	16317	8604	10071	15076	15753	8913	1893	12551	14064	9682	1681	13563	11748	8592	1428	11258	15483	11803	1550	17331
chr10	116155246	116205987	50742	2	0	50742	28138	22604	3098	1392	2033	2063	1814	1721	2388	1868	1995	1059	1945	1283	1680	946	1108	1744	1973	1325	282	1538	2175	1695	314	2097	1682	1431	227	1582	1961	1830	234	2257
chr10	116205988	116458987	253000	3	0	253000	154259	98741	20225	7541	10595	13940	9616	7071	9394	9717	10609	4546	7821	6885	11851	6083	6737	11627	10308	5350	1247	8336	8442	5708	1258	8348	6913	5279	1126	6564	10134	7419	1009	11299
chr10	116458988	116623951	164964	4	0	164964	96599	68365	12261	4844	6590	8074	6394	4963	6643	6128	6529	3252	5546	4453	6585	3689	4261	6385	6710	3988	898	5152	6223	4354	1003	6040	4738	3991	878	4609	6458	5287	797	7239
chr10	116623953	117431988	808036	4	0	808036	458729	349307	57867	23081	32053	35527	29778	25210	35622	28465	30859	15994	28873	20732	30024	17436	19754	27454	31347	20066	4720	25587	32030	24865	5777	31397	24840	22540	5171	24507	30858	26597	4192	34811
chr10	117431989	117649988	218000	5	0	218000	115393	102607	12344	5717	8462	7683	7715	7696	10650	7410	7868	4681	9096	5446	6278	3856	4757	5733	8337	5843	1312	6458	9830	8839	1866	9608	7238	7210	1612	7362	8066	8250	1238	9537
chr10	117649989	117804988	155000	6	0	155000	85275	69725	9395	4138	6138	6326	5580	5335	7400	5827	5939	3178	5936	4039	5084	2943	3394	4621	6212	3980	805	4597	6698	5479	950	6392	5171	4580	715	5054	6061	5480	726	6825
chr10	117804989	118108988	304000	7	0	304000	182951	121049	23522	9232	12586	15810	11714	8898	11675	11909	12632	5729	9869	8219	13282	6925	8064	12884	12527	6841	1482	9934	10798	7443	1185	10408	8537	6251	1028	8166	12334	9299	1129	13686
chr10	118108989	118177484	68496	6	0	68496	42230	26266	5641	2162	2879	3886	2806	1840	2487	2705	2938	1214	2159	1931	3183	1536	1799	3062	2801	1452	292	2207	2318	1433	211	2184	1931	1234	212	1749	2789	2027	241	3185
chr10	118177485	118388987	211503	6	0	211503	127836	83667	16648	6314	8938	11033	8185	6179	8029	8315	8779	3933	6614	5727	9321	4984	5538	9299	8947	4580	1042	6841	7365	5014	889	7026	6070	4303	757	5778	8326	6398	856	9473
chr10	118388988	118557987	169000	5	0	169000	100558	68442	12426	4941	7000	8574	6458	5074	6676	6731	6910	3277	5581	4635	7147	3677	4261	7189	7057	3759	875	5277	6185	4405	700	5896	4947	3691	536	4710	6750	5331	687	7635
chr10	118557988	118701987	144000	4	0	144000	80368	63632	9361	4106	5689	6065	5385	4627	6887	4907	5536	2968	5342	3755	4940	2898	3541	4359	5594	3714	775	4516	6103	4663	830	5817	4523	4008	684	4803	5586	5028	665	6323
chr10	118701988	118865987	164000	3	0	164000	91327	72673	11118	4703	6372	6705	6019	5311	7642	5516	5955	3274	6073	4196	5805	3518	4052	5067	6230	4393	960	5223	7043	5195	1163	6630	5077	4953	1039	5268	6138	5490	852	7018
chr10	118865988	119446987	581000	2	0	581000	305110	275890	35640	15104	21104	20028	19909	21018	29778	18458	19912	12343	24228	14315	16414	10524	12400	13933	21303	16355	4083	17248	26721	22480	5623	26255	19406	21004	4747	19867	21733	21240	3685	24140
chr10	119446988	119761987	315000	1	0	315000	168838	146162	20993	8155	11572	11677	10744	10804	15649	9624	10874	6524	13141	7576	9787	6123	6826	8767	11391	8320	2194	9701	13716	11362	3160	13679	10117	11015	2705	10687	11597	11220	2177	13121
chr10	119761988	119900987	139000	2	0	139000	81748	57252	11399	4219	5407	6722	5144	4161	5686	4644	5223	2651	4652	3536	5980	3362	3693	5267	5472	3361	861	4699	5049	3575	1003	4984	3963	3441	918	3864	5151	4234	786	5891
chr10	119900988	119991987	91000	3	0	91000	53574	37426	7392	2678	3627	4403	3436	2865	3729	3050	3482	1696	3286	2369	3791	2043	2288	3438	3597	2127	525	3033	3430	2307	448	3363	2509	2247	430	2576	3544	2866	465	3958
chr10	119991988	120084987	93000	4	0	93000	54149	38851	6727	2703	3764	4398	3622	3030	3916	3473	3729	1853	3249	2471	3514	1948	2319	3432	3914	2276	419	2925	3721	2621	354	3422	2750	2113	322	2711	3656	3108	349	4189
chr10	120084988	120191987	107000	5	0	107000	63343	43657	8011	3274	4438	5326	4346	3107	4396	4258	4342	2044	3538	2830	4350	2270	2564	4248	4329	2592	432	3342	4117	2815	410	3752	3343	2414	324	3031	4317	3273	354	4811
chr10	120191988	120307987	116000	6	0	116000	68742	47258	8633	3401	4672	5873	4527	3351	4678	4531	4756	2243	3863	3168	4663	2546	3181	4656	4641	2807	505	3588	4413	2991	490	4135	3462	2622	359	3213	4571	3610	392	5457
chr10	120307988	120402987	95000	7	0	95000	55765	39235	6755	2788	3966	4661	3795	2777	3985	3722	3956	1879	3325	2593	3664	2023	2383	3492	3898	2161	394	3014	3646	2477	353	3474	2860	2149	263	2792	3876	3163	336	4378
chr10	120402988	120771987	369000	8	0	369000	215226	153774	26016	10689	15079	17501	14319	11178	15660	14251	14819	7329	12917	10067	14131	7645	9383	14241	15170	8549	1665	11457	13955	10177	1591	13651	11439	8739	1302	10946	14844	11910	1392	16986
chr10	120771988	120867987	96000	7	0	96000	55923	40077	6817	2720	3967	4571	3569	2989	4019	3537	3786	1894	3403	2547	3904	2086	2462	3650	3856	2215	462	3156	3529	2712	478	3611	2885	2281	424	2838	3844	3122	418	4246
chr10	120867988	120936497	68510	6	0	68510	40650	27860	5506	2104	2817	3394	2644	2002	2861	2503	2778	1306	2198	1831	2891	1564	1705	2544	2810	1566	358	2242	2456	1622	397	2338	2041	1558	344	2015	2703	2067	357	2986
chr10	120936498	121083527	147030	6	0	147030	83033	63997	9843	4143	6015	6290	5484	4704	6570	5239	5695	2953	5422	3825	5269	2986	3496	5098	5812	3644	762	4568	5877	4701	972	5809	4592	4028	719	4617	5716	4985	685	6509
chr10	121083528	121381985	298458	6	0	298458	172353	126105	20714	8651	12299	13628	11557	9455	12719	11354	11969	6017	10503	8098	11052	6374	7340	10622	12251	7208	1537	9501	11729	8494	1411	11156	9198	7236	1123	8673	11907	9853	1295	13532
chr10	121381986	121629985	248000	5	0	248000	135199	112801	16224	7073	9651	9438	9113	8485	11628	8545	9157	5184	9690	6199	7892	4776	5488	6654	9533	6725	1802	7459	10794	8326	2071	10172	8189	7552	1811	8136	9255	8760	1526	10690
chr10	121629986	121719701	89716	4	0	89716	48680	41036	5706	2434	3475	3354	3137	3070	4407	3184	3384	1826	3589	2317	2742	1653	1978	2423	3421	2328	594	2640	3896	3106	647	3858	3058	2842	517	3012	3424	3231	522	3939
chr10	121719702	121792984	73283	4	0	73283	44048	29235	6014	2268	2967	3773	2815	2233	2949	2720	2943	1389	2256	1897	3251	1767	1913	2891	3202	1563	432	2460	2535	1699	355	2382	2135	1581	349	2057	2845	2128	326	3186
chr10	121792985	121922984	130000	3	0	130000	79142	50858	11550	3976	5026	6929	4845	3857	5049	4472	4826	2367	4123	3389	6260	3440	3566	5466	5199	3015	795	4631	4429	2681	718	4236	3472	2877	625	3474	5123	3492	666	5424
chr10	121922985	122161984	239000	2	0	239000	127222	111778	15742	6339	8691	8453	8180	8437	12054	7594	8279	4955	10044	5823	7024	4439	5191	5976	8649	6483	1702	7336	10702	8258	2388	10242	8048	8421	2178	8268	8866	8428	1674	10134
chr10	122161985	122296984	135000	3	0	135000	69207	65793	7343	3397	4959	4209	4540	5019	7280	4421	4665	3010	5856	3252	3360	2291	2693	2912	5066	3718	1056	3877	6326	5573	1308	6237	4790	5092	1016	4950	5077	5061	920	5724
chr10	122296985	122353056	56072	4	0	56072	30888	25184	3684	1556	2157	2207	2034	1954	2633	2009	2122	1187	2164	1384	1764	1109	1267	1656	2161	1490	376	1779	2429	1892	365	2298	1813	1650	315	1758	2228	1951	292	2386
chr10	122353057	122476983	123927	4	0	123927	72547	51380	9837	3599	4955	6001	4558	3703	5261	4313	4929	2386	4032	3202	5067	2845	3182	4676	4866	2858	698	4111	4575	3361	869	4354	3637	3096	795	3610	4757	3845	592	5355
chr10	122476984	122838983	362000	5	0	362000	195788	166212	20170	9608	13968	13502	12739	13014	18223	13481	13726	8350	14145	9473	10614	6664	7968	10142	14779	9895	2093	10869	16052	12983	2051	15949	11920	10692	1620	11614	14706	13465	1652	15871
chr10	122838984	122982983	144000	4	0	144000	86480	57520	11211	4504	5980	7228	5803	4013	5681	5506	5922	2810	4429	3870	5987	3531	3820	6183	6089	3306	601	4862	5247	3532	594	4912	3938	2986	594	3828	5729	4461	533	6308
chr10	122982984	123086983	104000	3	0	104000	60994	43006	8071	3108	4208	5052	3913	3166	4236	3699	4065	1976	3477	2654	4390	2355	2718	3905	4067	2452	634	3452	3931	2783	620	3665	3017	2604	541	3066	3999	3160	559	4455
chr10	123086984	123380983	294000	2	0	294000	163090	130910	18787	7990	11625	12641	10894	9745	13019	10849	11191	6016	10876	7659	10171	5788	6696	9143	11413	7631	1692	8803	12469	10034	2310	11619	9275	8606	2097	9217	11350	10162	1653	12577
chr10	123380984	123508983	128000	3	0	128000	68454	59546	6910	3308	5023	4844	4547	4564	6430	4639	4877	2859	5293	3215	3752	2165	2777	3250	4999	3403	715	3779	5870	4825	744	5701	4345	4027	608	4285	4966	4885	635	5758
chr10	123508984	123983983	475000	4	0	475000	256958	218042	27842	12542	18935	18055	16730	16517	23624	16932	18298	10330	18887	11957	14504	8337	10217	13250	18622	12361	2697	14046	20719	17572	3120	20552	15988	14476	2566	15849	18474	17554	2229	21216
chr10	123983984	124073983	90000	3	0	90000	45073	44927	4500	2311	3220	2741	2864	3291	5074	2822	3236	2089	3759	2063	2172	1458	1704	1768	3272	2618	772	2487	4235	4246	1048	4335	3229	3459	811	3267	3315	3542	621	3669
chr10	124073984	124109956	35973	2	0	35973	17474	18499	1569	854	1302	1034	1099	1340	2025	1108	1247	876	1582	791	844	522	641	639	1321	1012	292	967	1682	1819	557	1751	1295	1475	446	1386	1275	1503	271	1446
chr10	124230904	124479930	249027	2	0	249027	127189	121838	13562	6007	8867	8086	8379	9310	13416	7984	8222	5573	10779	5934	6359	4102	4741	5868	9099	7026	1743	7124	11943	10676	2529	11733	8775	9682	2189	8810	9272	9496	1603	10136
chr10	124479931	124940930	461000	1	0	461000	233807	227193	26688	11164	15740	14393	14669	17572	25424	13671	14770	10094	19593	10320	11858	8209	9241	10399	16805	13216	3707	13311	21923	19626	5441	21681	16157	19031	4680	16838	16451	16798	3360	18168
chr10	124940931	125069930	129000	2	0	129000	68088	60912	8116	3621	4734	4507	4492	4793	6617	3985	4510	2824	4841	3018	3860	2410	2619	3139	5090	3547	1250	3761	5635	5023	1414	5463	4424	4459	1144	4509	4739	4506	870	5078
chr10	125069931	125645930	576000	3	0	576000	322444	253556	39080	16259	22526	24830	21536	19283	26078	20667	22509	11803	21106	14871	19569	11258	13006	18061	22861	14499	3860	17383	23876	18556	4049	22389	18538	16046	3435	17775	22289	19769	3062	25169
chr10	125645931	125767930	122000	2	0	122000	71957	50043	9490	3721	5019	6015	4808	3537	5110	4456	5041	2440	4006	3162	4906	2781	3064	4401	5036	2777	703	3962	4468	3034	646	4288	3626	2842	551	3459	4781	3783	596	5489
chr10	125767931	125810930	43000	3	0	43000	21827	21173	2110	1076	1631	1297	1365	1613	2447	1317	1521	1017	1849	984	1118	754	864	862	1621	1175	335	1329	1972	1776	458	2018	1501	1641	359	1617	1650	1632	262	1827
chr10	125810931	125846930	36000	4	0	36000	20484	15516	2557	1021	1515	1508	1204	1119	1654	1235	1403	716	1261	924	1438	806	971	1151	1352	883	198	1229	1333	983	266	1406	1175	965	249	1172	1352	1157	201	1594
chr10	125846931	125990930	144000	5	0	144000	84560	59440	11379	4406	5656	6760	5472	4344	6151	5028	5508	2735	4761	3879	5842	3459	3742	5437	5832	3476	842	4794	5259	3644	877	5170	4208	3525	744	4185	5697	4306	719	6161
chr10	125990931	126139930	149000	4	0	149000	84406	64594	10178	4307	6004	6353	5394	4836	6740	5769	6027	2972	5167	3917	5243	3002	3486	5009	5966	3676	879	4596	6097	4558	868	5758	4814	3964	713	4621	5863	5083	716	6422
chr10	126139931	126239930	1e+05	5	0	1e+05	56052	43948	6434	2768	3991	4254	3565	3434	4552	3906	3991	2066	3666	2649	3457	1961	2129	3227	4138	2437	752	2902	4044	3187	641	3881	3386	2624	496	3088	3890	3505	509	4468
chr10	126239931	126699930	460000	6	0	460000	262871	197129	31246	12904	18440	20777	17326	14633	20416	17879	18272	9512	16172	12508	16523	9300	10769	16194	18692	11197	2565	13894	18563	13459	2466	17415	14688	11627	2107	13990	18311	15621	2034	20498
chr10	126699931	126785930	86000	5	0	86000	49241	36759	5828	2407	3603	3830	3346	2735	3809	3207	3516	1777	3122	2255	2980	1779	2057	2988	3445	2158	408	2687	3487	2520	396	3216	2745	2076	299	2652	3420	2865	349	4036
chr10	126785931	126850930	65000	4	0	65000	38737	26263	4961	1857	2610	3378	2515	2041	2591	2505	2641	1261	2099	1727	2689	1404	1683	2774	2741	1492	281	2050	2477	1685	243	2247	1866	1455	196	1801	2568	2021	254	2885
chr10	126850931	126887930	37000	5	0	37000	20475	16525	2398	1009	1478	1525	1403	1214	1672	1420	1437	800	1385	1030	1172	673	838	1019	1416	974	238	1068	1598	1232	223	1498	1227	1028	232	1139	1468	1317	197	1670
chr10	126887931	126910930	23000	6	0	23000	11475	11525	1148	565	812	699	696	931	1224	743	819	515	958	507	561	394	430	471	891	647	204	663	1067	1020	341	1061	841	905	315	771	796	917	156	930
chr10	126910931	126927500	16570	7	0	16570	8597	7973	910	475	577	531	526	665	894	500	573	372	702	396	484	297	350	345	681	449	123	556	726	646	196	731	561	571	126	562	617	635	117	674
chr10	126967806	126984235	16430	8	0	16430	9040	7390	1120	448	679	604	622	574	796	584	611	364	641	428	498	297	334	439	665	424	107	487	655	497	111	700	604	498	88	510	652	544	94	753
chr10	126984236	127015235	31000	7	0	31000	17005	13995	2056	936	1124	1200	1097	1139	1499	1119	1149	671	1125	780	1014	614	657	823	1318	857	261	925	1278	991	265	1234	1045	888	246	961	1213	1032	196	1285
chr10	127015236	127102235	87000	6	0	87000	47848	39152	5551	2312	3325	3555	3044	3241	4163	3106	3288	1875	3247	2246	2860	1712	1815	2507	3604	2265	685	2586	3604	2708	688	3507	3013	2525	595	2715	3333	3008	572	3743
chr10	127102236	127170235	68000	7	0	68000	38609	29391	4697	1991	2717	2980	2471	2292	3135	2625	2729	1485	2342	1749	2488	1386	1508	2014	2916	1676	476	2086	2655	1882	441	2600	2269	1734	297	2054	2683	2286	372	2962
chr10	127170236	127354235	184000	8	0	184000	102805	81195	12326	5104	7234	7685	6625	6659	8351	6889	7096	3697	6708	4604	6303	3748	4025	5750	7775	4494	1364	5575	7248	5631	1392	7056	6382	4999	1176	5997	7119	6203	1094	7689
chr10	127354236	127711235	357000	7	0	357000	204753	152247	25359	9956	14521	16478	13208	11556	15758	13266	14265	7313	12408	9470	13481	7032	8065	12616	14449	8309	2296	10803	13956	10515	2121	13270	11387	9024	1669	10992	13996	12014	1758	15687
chr10	127711236	127815235	104000	6	0	104000	60114	43886	7594	3066	4239	4766	4092	3278	4375	3796	4108	2126	3559	2802	3871	2160	2545	3735	4200	2573	536	3321	4143	3052	586	3748	3039	2493	533	3067	4159	3411	443	4582
chr10	127815236	128213235	398000	5	0	398000	214100	183900	24042	10514	15197	15058	13760	14229	19801	13900	14919	8703	15453	9606	12090	7343	8259	11226	15807	10350	2844	11788	17252	14667	3372	16883	13458	12693	2869	13234	15172	14463	2241	16805
chr10	128213236	128308235	95000	6	0	95000	51490	43510	5797	2526	3731	3668	3356	3410	4628	3437	3637	2080	3618	2356	2931	1670	2026	2617	3823	2451	601	2811	4157	3527	691	3968	3270	2858	558	3104	3581	3507	482	4121
chr10	128308236	128394235	86000	7	0	86000	49062	36938	6047	2474	3512	3914	3301	2822	3784	3215	3514	1721	3059	2268	3085	1634	1896	2815	3467	2092	482	2611	3519	2553	506	3167	2847	2180	418	2533	3289	2921	412	3940
chr10	128394236	128602235	208000	8	0	208000	112557	95443	12401	5509	8115	8074	7322	7502	10228	7719	7901	4580	7882	5153	6475	3622	4307	5766	8605	5168	1456	5984	8872	7267	1697	8711	7452	6506	1342	6866	7842	7606	1097	8971
chr10	128602236	129028235	426000	9	0	426000	238591	187409	27847	11609	16967	18438	15371	14734	19637	16108	17024	8903	15402	10769	14619	8058	9204	13901	17915	10185	2737	12467	17227	13570	2904	16759	14391	11795	2187	13173	16317	14910	2060	18810
chr10	129028236	129319235	291000	8	0	291000	168341	122659	20761	8159	11489	14070	10705	9970	12280	11309	11768	5725	9829	7450	11245	5958	6715	10906	12358	6817	1860	8778	11191	8255	1783	10361	9432	7062	1430	8560	11283	9456	1419	12614
chr10	129319236	129556235	237000	7	0	237000	129451	107549	15154	6473	9250	9614	8219	8381	11423	8309	9225	5104	8504	5813	7893	4319	4828	6942	9480	5954	1967	6875	9868	8412	2080	9685	8169	7220	1643	7548	8814	8459	1476	9897
chr10	129556236	129803235	247000	8	0	247000	134149	112851	15684	6799	9432	9729	8389	8821	12067	8801	9548	5400	8801	5910	8023	4748	4955	7040	10023	6245	2311	7189	10214	8637	2438	9931	8617	7689	1916	7982	9224	8649	1633	10153
chr10	129803236	129970235	167000	7	0	167000	85646	81354	9477	4262	5938	6102	5636	6037	8368	5540	5712	3665	6305	3862	4955	2600	3008	4177	6273	4337	1577	4377	7354	7552	2507	7117	6171	6585	2162	5798	5783	6056	1378	6327
chr10	129970236	130228235	258000	6	0	258000	137685	120315	16219	6835	9406	9528	8798	9241	12791	8527	9100	5485	10135	6341	7870	4855	5377	7176	9964	6871	1979	7602	11123	9873	2720	10884	8719	8723	2345	8451	9551	9133	1604	10772
chr10	130228236	130336235	108000	7	0	108000	59549	48451	6775	2941	4090	4492	3878	3705	5271	3935	4089	2306	3982	2766	3556	2072	2427	3263	4445	2705	689	3185	4560	3651	771	4351	3705	3208	573	3464	4079	3769	525	4770
chr10	130336236	130470235	134000	8	0	134000	71272	62728	7463	3658	5140	4779	4717	4867	6916	4575	4996	2975	5616	3300	3864	2308	2704	3392	5412	3694	945	3757	5886	4945	1010	5891	4720	4198	820	4562	5057	4895	769	6167
chr10	130470236	130827730	357495	9	0	357495	190514	166981	20461	9231	13216	13363	12013	13521	18292	13041	13486	7940	14214	8763	10311	5934	6990	9737	14688	9185	2712	10041	15579	13768	2823	15388	13102	10959	2275	12056	13497	13646	2034	15227
chr10	130827732	131265236	437505	9	0	437505	225795	211710	22148	10495	15657	14669	13702	17477	23399	15350	15664	10200	18514	10376	11454	7137	8043	11508	17659	11827	3806	12017	19642	18301	4360	19748	16165	14923	3306	15202	16462	17000	2646	18646
chr10	131265237	131426236	161000	8	0	161000	86348	74652	9652	4136	5996	6212	5250	5834	8066	5745	6161	3476	6502	4125	4933	2648	3087	4524	6252	4066	1317	4459	6689	5850	1552	6902	5773	4869	1282	5376	6180	6208	961	6915
chr10	131426237	131545236	119000	7	0	119000	63549	55451	7129	3058	4316	4503	3980	4491	5882	4502	4426	2578	4891	3066	3472	1974	2217	3063	4847	3034	1012	3208	5230	4312	1110	4928	4236	3707	878	3987	4542	4528	708	5183
chr10	131545237	131583141	37905	6	0	37905	19296	18609	2005	856	1356	1271	1150	1425	2161	1298	1371	855	1599	945	962	558	626	858	1427	970	338	959	1743	1667	420	1682	1485	1340	330	1477	1379	1535	232	1623
chr10	131599069	131662163	63095	6	0	63095	33128	29967	3668	1596	2188	2268	2003	2582	3109	2171	2267	1351	2633	1329	1783	1102	1173	1904	2654	1813	537	1627	2802	2850	613	2771	2238	1984	472	2026	2171	2389	340	2679
chr10	131662164	131760163	98000	5	0	98000	48453	49547	4698	2283	3145	2822	2886	4459	5513	3560	3266	2267	4304	2198	2099	1414	1563	1974	4295	2675	1012	2441	4642	4576	1170	4567	3982	3669	846	3637	3499	4035	620	3881
chr10	131760164	131833163	73000	4	0	73000	36547	36453	3520	1844	2557	2201	2291	2938	4183	2313	2610	1846	3018	1668	1701	992	1330	1534	2774	2179	659	2008	3526	3346	786	3464	2791	2648	594	2535	2634	2948	479	3081
chr10	131833164	131844893	11730	3	0	11730	5875	5855	580	242	377	359	348	541	673	383	354	297	488	221	277	199	189	345	582	300	90	307	566	572	138	526	399	525	86	404	399	405	66	490
chr10	131844895	131845192	298	3	0	298	163	135	17	4	17	12	11	7	12	13	13	9	12	10	9	4	4	9	12	3	5	4	7	5	7	7	14	8	3	15	10	9	5	19
chr10	131914024	131952995	38972	3	0	38972	20414	18558	2256	1074	1268	1361	1208	1769	2003	1213	1413	1050	1407	784	1082	753	881	892	1811	1204	434	1197	1508	1414	530	1691	1336	1158	440	1180	1538	1366	258	1491
chr10	131952996	132206995	254000	2	0	254000	121017	132983	11689	5782	8246	6487	7190	11282	14446	7458	8116	6124	10803	5757	5209	3695	4062	4670	9907	7614	2982	6380	12447	13730	4211	11919	9465	10631	3451	9445	8557	10332	2098	9813
chr10	132206996	132665995	459000	1	0	459000	207358	251642	17751	9569	13506	10044	11955	21947	27998	13355	13214	11591	20744	9048	7950	5568	6215	6903	17811	14186	5859	10819	23835	27152	8399	23767	18279	22626	6697	17613	15330	19189	3815	16263
chr10	132665996	132767995	102000	2	0	102000	45533	56467	3407	2146	2943	2070	2352	5517	6395	3001	2961	2777	4263	1786	1846	1293	1246	1529	4452	3340	1594	2347	5233	5737	2086	4980	4412	4953	1726	3819	3167	4006	912	3702
chr10	132767996	133106995	339000	3	0	339000	145104	193896	10843	6594	9163	6263	7347	17515	21580	8859	9706	8815	16031	6485	4967	3344	3641	3950	13553	10412	5127	7176	17174	21764	8302	17652	13898	17838	6419	13543	10676	14877	3440	12044
chr10	133106996	133543995	437000	2	0	437000	199207	237793	17974	9194	12508	10174	11526	20162	25885	11820	12314	11791	19019	8666	8037	6028	6478	7629	17126	14177	5538	10334	21901	26351	9088	21202	16592	20244	7494	15956	13774	17770	3848	16398
chr10	133543996	133577995	34000	3	0	34000	17420	16580	1889	931	1239	1119	1149	1184	1677	1087	1116	763	1320	791	1024	568	749	813	1247	1098	240	861	1529	1676	412	1681	1153	1198	363	1130	1168	1325	185	1313
chr10	133577996	133609995	32000	4	0	32000	19091	12909	2554	1007	1249	1649	1351	991	1283	1231	1261	624	994	907	1293	684	781	1230	1439	758	155	954	1237	772	149	1037	941	695	113	873	1240	970	133	1443
chr10	133609996	133623995	14000	5	0	14000	7088	6912	687	403	479	426	433	515	800	527	546	361	502	302	330	175	288	313	618	350	126	360	699	628	173	564	361	589	111	621	597	497	94	523
chr11	60001	68499	8499	5	0	8499	5628	2871	812	286	326	577	374	211	212	404	368	119	186	260	447	243	255	547	411	152	28	268	241	131	22	206	201	108	12	157	348	209	28	348
chr11	68500	117499	49000	4	0	49000	30659	18341	4091	1494	1963	2867	1991	1352	1746	2024	2138	863	1426	1396	2196	1229	1285	2596	2202	1038	180	1518	1645	975	132	1494	1226	824	103	1181	2040	1409	147	2227
chr11	117500	151499	34000	3	0	34000	17791	16209	1981	833	1182	1220	1201	1159	1763	1082	1025	739	1577	773	1009	640	704	901	1223	895	217	1037	1553	1265	333	1617	1100	1392	233	1229	1329	1216	227	1343
chr11	151500	197499	46000	2	0	46000	25158	20842	2875	1410	1615	1820	1561	1552	2098	1570	1583	995	1622	1084	1701	988	1310	1372	1818	1468	270	1389	1924	1896	339	2081	1352	1334	332	1354	1687	1542	235	1821
chr11	197500	1076475	878976	1	0	878976	377654	501322	33315	16847	23742	16328	21612	39802	54628	20066	22049	22986	42382	16003	13256	11473	12374	10791	29269	29468	11314	21057	46136	57677	21346	47135	33441	48289	17915	34853	27262	36859	9219	30080
chr11	1076476	1077300	825	1	0	825	252	573	3	6	9	0	9	51	49	19	6	14	47	4	0	14	17	3	9	59	10	6	62	102	22	80	37	78	22	13	20	27	2	23
chr11	1077302	1077348	47	1	0	47	13	34	0	0	0	0	0	2	6	1	0	0	3	1	0	0	0	0	0	2	0	0	7	5	0	4	2	5	0	3	0	2	0	2
chr11	1077350	1078746	1397	1	0	1397	429	968	5	15	27	5	20	70	92	17	24	42	75	11	3	8	12	3	28	58	23	26	67	155	88	77	66	107	46	73	38	67	17	30
chr11	1078813	1078840	28	1	0	28	7	21	0	0	0	0	0	3	1	0	0	1	2	0	0	0	0	0	1	1	0	1	1	6	2	0	1	1	0	2	1	2	0	0
chr11	1078847	1078909	63	1	0	63	16	47	0	0	0	0	0	7	2	0	0	3	4	0	0	0	0	0	2	4	2	2	2	12	6	0	2	2	0	4	3	4	0	0
chr11	1078914	1078975	62	1	0	62	15	47	0	0	0	0	0	7	2	0	0	2	4	0	0	0	0	0	2	4	1	2	3	12	7	0	2	2	0	4	2	4	0	0
chr11	1078978	1078998	21	1	0	21	5	16	0	0	1	0	1	1	1	0	0	0	1	0	0	0	0	0	0	1	0	0	1	4	2	1	1	1	0	2	1	0	0	0
chr11	1079000	1079054	55	1	0	55	14	41	0	0	0	0	0	8	1	0	0	1	3	0	0	0	0	0	2	4	2	2	1	7	8	0	4	4	0	2	2	2	0	0
chr11	1080115	1080199	85	1	0	85	24	61	0	0	0	0	0	9	4	0	0	3	7	0	0	0	0	0	3	3	1	5	3	16	7	1	3	3	0	6	4	5	0	0
chr11	1080801	1080927	127	1	0	127	33	94	0	0	0	0	0	16	4	0	0	5	8	0	0	0	0	0	4	8	4	4	7	24	12	0	4	4	0	8	5	8	0	0
chr11	1080932	1080992	61	1	0	61	16	45	0	0	0	0	0	6	3	0	0	2	5	0	0	0	0	0	2	3	0	3	2	12	5	1	2	2	0	4	3	4	0	0
chr11	1081250	1081325	76	1	0	76	19	57	0	0	0	0	0	10	2	0	0	3	4	0	0	0	0	0	2	4	3	2	3	13	9	0	4	4	0	4	3	4	0	0
chr11	1081327	1081380	54	1	0	54	16	38	0	0	0	0	0	5	3	0	0	2	5	0	0	0	0	0	2	2	0	3	3	11	2	1	1	1	0	4	3	4	0	0
chr11	1081539	1084523	2985	1	0	2985	989	1996	14	33	70	11	42	159	237	54	64	83	125	31	8	23	23	12	71	139	42	46	198	304	107	203	152	245	48	136	71	124	38	70
chr11	1084538	1084822	285	1	0	285	94	191	2	2	3	2	5	15	21	8	1	12	14	2	1	2	1	2	10	7	9	6	13	27	10	17	18	20	14	10	8	14	1	6
chr11	1084824	1084860	37	1	0	37	10	27	0	0	1	0	0	1	4	0	1	2	1	0	0	0	0	0	0	1	2	0	3	3	1	2	2	4	0	4	0	2	1	0
chr11	1084862	1086567	1706	1	0	1706	564	1142	6	18	34	5	27	91	143	24	26	53	74	23	4	19	11	6	53	67	27	33	119	161	59	112	76	147	38	72	37	76	18	45
chr11	1086569	1086588	20	1	0	20	8	12	0	0	2	0	1	0	1	2	1	1	0	0	0	0	0	0	0	1	0	0	3	1	0	0	0	1	0	2	1	0	0	1
chr11	1086590	1087108	519	1	0	519	200	319	10	6	14	3	7	30	40	8	12	19	27	2	4	10	7	1	16	26	10	13	29	36	11	40	29	26	3	20	11	28	4	15
chr11	1087153	1087168	16	1	0	16	5	11	0	0	0	0	0	0	1	0	0	1	3	0	0	0	0	0	0	1	0	0	1	1	0	2	0	0	0	0	0	3	0	1
chr11	1087169	1087205	37	1	0	37	12	25	0	0	0	0	0	0	3	0	0	2	7	0	0	0	0	0	0	2	0	0	3	3	0	6	0	0	0	0	0	6	0	3
chr11	1087233	1087253	21	1	0	21	7	14	0	0	0	0	0	0	1	0	0	1	4	0	0	0	0	0	0	1	0	0	1	2	0	4	0	0	0	0	0	4	0	1
chr11	1087262	1087367	106	1	0	106	35	71	0	0	0	0	0	0	8	0	0	7	19	0	0	0	0	0	0	7	0	0	7	9	0	20	0	0	0	0	1	19	0	7
chr11	1087368	1087417	50	1	0	50	20	30	0	0	0	1	0	1	2	1	0	4	8	0	0	0	2	0	1	3	0	0	2	2	0	9	0	0	0	0	1	8	0	3
chr11	1087430	1088588	1159	1	0	1159	405	754	12	15	27	2	27	67	90	24	16	36	47	22	1	9	8	0	35	50	20	22	84	101	31	74	52	86	23	55	38	53	8	22
chr11	1088650	1088676	27	1	0	27	10	17	0	0	0	0	0	1	3	0	0	0	1	0	0	1	2	0	1	1	0	0	1	2	0	3	2	3	0	3	0	0	0	1
chr11	1088678	1088728	51	1	0	51	15	36	0	0	1	0	0	1	4	2	0	1	1	0	1	1	2	0	2	0	0	1	3	7	3	1	2	7	2	5	0	0	1	1
chr11	1088729	1088769	41	1	0	41	10	31	0	0	0	0	0	3	1	0	0	1	0	0	0	0	2	2	1	0	1	1	3	7	4	0	0	7	2	3	0	0	1	0
chr11	1088774	1088848	75	1	0	75	24	51	0	0	0	0	0	2	7	2	0	2	2	0	0	2	4	2	3	1	0	2	4	8	3	4	4	9	2	6	0	1	1	2
chr11	1088897	1088911	15	1	0	15	6	9	0	0	0	0	0	1	2	1	0	1	0	0	0	0	0	0	1	0	0	1	2	1	0	0	0	1	0	1	1	0	0	0
chr11	1088913	1091288	2376	1	0	2376	874	1502	11	26	39	11	32	158	156	93	37	76	109	32	7	36	25	26	111	95	46	44	137	212	68	146	128	144	31	84	63	112	24	55
chr11	1091289	1091341	53	1	0	53	26	27	0	1	0	0	0	9	4	6	0	2	0	0	1	1	0	0	11	1	0	2	2	1	0	1	5	1	0	0	1	1	0	1
chr11	1091343	1091381	39	1	0	39	16	23	0	0	0	0	0	10	3	2	0	1	0	0	0	0	0	0	7	1	1	1	0	0	0	1	8	0	1	0	0	0	0	1
chr11	1091384	1094857	3474	1	0	3474	1555	1919	87	66	91	47	91	288	199	138	79	106	128	70	34	47	38	45	214	163	40	89	234	205	36	146	156	117	23	112	112	136	25	110
chr11	1097222	1097445	224	1	0	224	81	143	0	10	0	0	10	36	4	5	0	9	0	5	0	1	1	0	14	35	5	1	30	25	9	0	4	3	0	1	7	0	4	3
chr11	1099113	1099179	67	1	0	67	24	43	0	4	0	0	4	8	3	1	0	1	0	1	0	0	0	0	4	8	1	1	10	9	1	1	1	4	0	1	2	0	0	0
chr11	1099181	1099365	185	1	0	185	69	116	0	10	0	0	10	26	4	3	0	7	0	2	0	3	2	0	13	26	4	3	22	22	9	0	3	4	0	1	5	1	1	2
chr11	1099371	1150635	51265	1	0	51265	23113	28152	1869	1071	1365	1112	1346	2609	3016	1715	1420	1244	2268	1044	782	653	700	899	2176	1704	578	1119	2894	3334	856	2619	2009	2492	572	1821	1607	2173	406	1790
chr11	1150683	1150989	307	1	0	307	122	185	6	6	9	5	6	13	20	11	11	6	11	8	2	2	2	2	9	6	6	6	25	24	9	12	10	24	5	13	7	16	2	11
chr11	1150999	1154549	3551	1	0	3551	1276	2275	55	48	71	34	46	171	297	69	75	102	161	41	32	25	33	16	100	148	28	70	241	349	96	241	138	269	54	160	104	162	22	91
chr11	1154850	1155859	1010	1	0	1010	605	405	11	4	14	86	6	123	7	83	69	13	120	5	29	11	4	18	5	15	1	131	19	16	0	1	6	1	2	1	189	4	1	13
chr11	1155860	1158589	2730	1	0	2730	1211	1519	49	31	71	81	44	168	160	111	99	55	197	29	40	30	27	19	65	67	14	138	143	171	41	134	90	150	19	105	184	102	16	78
chr11	1158599	1159023	425	1	0	425	143	282	1	4	7	3	3	16	36	9	9	18	26	2	2	3	3	0	10	21	3	7	28	46	15	30	19	27	4	16	7	24	4	20
chr11	1159025	1159049	25	1	0	25	5	20	0	0	0	0	0	0	3	0	0	1	0	0	0	0	0	0	0	1	0	0	2	7	1	0	1	2	1	3	0	0	0	1
chr11	1159051	1159547	497	1	0	497	158	339	3	5	6	2	4	28	41	12	6	14	16	8	3	2	5	2	15	20	6	8	34	74	15	22	25	35	14	26	10	16	5	13
chr11	1159589	1159854	266	1	0	266	78	188	0	2	0	0	0	19	31	11	2	8	3	0	0	0	1	1	14	13	2	0	27	35	6	4	20	22	9	21	0	3	0	10
chr11	1159855	1160456	602	1	0	602	211	391	2	0	8	5	5	33	60	19	7	23	22	10	1	3	8	4	24	20	5	10	48	59	8	31	31	44	10	37	14	24	5	20
chr11	1160458	1161391	934	1	0	934	323	611	9	8	18	9	17	48	69	23	14	24	47	17	4	4	11	1	26	32	15	11	59	97	30	57	46	76	13	45	26	38	6	32
chr11	1161392	1164740	3349	1	0	3349	1159	2190	23	45	64	20	58	162	268	63	64	116	173	43	6	26	20	6	107	127	58	57	192	325	107	221	168	222	59	151	84	171	44	97
chr11	1164771	1164803	33	1	0	33	8	25	0	0	0	0	0	0	4	1	0	1	1	1	0	0	0	0	1	0	0	0	1	5	2	3	1	5	0	2	2	1	0	0
chr11	1164804	1164836	33	1	0	33	8	25	0	0	0	0	0	0	5	0	0	1	2	0	0	0	0	0	1	0	0	0	2	5	0	4	0	6	0	2	2	1	0	0
chr11	1164837	1164965	129	1	0	129	37	92	0	0	0	0	0	0	17	2	0	4	7	6	0	0	0	0	4	0	0	0	5	18	4	15	2	17	0	9	9	8	0	0
chr11	1164966	1165444	479	1	0	479	139	340	1	5	2	0	6	12	55	6	1	19	18	4	0	3	5	2	19	7	8	5	26	61	14	46	15	63	7	25	19	17	3	3
chr11	1165446	1165500	55	1	0	55	19	36	0	2	1	0	3	1	5	2	0	2	0	1	0	0	1	1	2	3	0	0	4	5	2	4	5	4	0	2	0	2	0	1
chr11	1165502	1166839	1338	1	0	1338	542	796	10	28	21	7	41	105	89	33	8	60	80	20	7	13	12	8	81	71	21	33	69	104	23	60	81	41	6	36	37	40	18	73
chr11	1167154	1168377	1224	1	0	1224	503	721	21	24	29	14	27	75	89	32	30	43	63	15	10	9	11	10	52	51	13	35	65	86	18	71	62	55	24	37	43	48	11	49
chr11	1168394	1169424	1031	1	0	1031	378	653	7	20	30	9	22	65	73	27	34	22	38	15	3	7	3	1	28	57	11	18	73	84	28	55	43	71	31	45	44	28	10	27
chr11	1191560	1193310	1751	1	0	1751	737	1014	34	47	39	17	46	94	135	33	49	49	90	26	8	28	28	14	68	82	23	45	117	85	29	100	73	79	17	80	49	85	13	67
chr11	1193311	1195091	1781	1	0	1781	603	1178	13	23	43	6	33	104	115	33	36	62	74	27	3	19	10	2	54	78	43	33	96	150	89	89	88	121	62	74	47	74	32	46
chr11	1195093	1195112	20	1	0	20	9	11	0	1	0	0	0	1	1	1	1	0	1	0	0	1	0	1	0	1	2	0	1	1	0	0	1	0	0	1	1	1	0	1
chr11	1195113	1197386	2274	1	0	2274	758	1516	18	19	49	13	39	137	159	35	40	65	113	23	2	24	13	9	61	108	37	39	166	244	86	135	99	177	33	89	44	103	22	71
chr11	1197388	1197404	17	1	0	17	5	12	0	0	0	0	0	1	1	2	0	0	1	0	0	0	0	0	0	0	0	1	0	1	2	0	3	1	0	1	1	0	0	0
chr11	1197406	1199533	2128	1	0	2128	691	1437	13	18	38	8	36	115	170	29	24	72	102	23	4	16	16	6	60	82	33	46	136	217	80	123	113	168	58	99	42	90	31	58
chr11	1199535	1199569	35	1	0	35	15	20	1	1	0	0	1	1	3	2	0	0	0	4	0	0	1	0	1	1	0	0	2	6	0	1	2	1	0	1	2	1	0	1
chr11	1199571	1199770	200	1	0	200	57	143	0	1	4	0	2	7	14	5	3	6	11	1	0	2	0	0	6	3	4	4	8	24	12	11	9	21	10	9	5	7	4	5
chr11	1199772	1199811	40	1	0	40	9	31	0	0	0	0	0	1	4	0	0	1	3	0	0	0	0	0	0	2	0	0	3	6	2	3	1	4	2	3	1	1	0	1
chr11	1199813	1201098	1286	1	0	1286	442	844	7	17	20	3	14	55	111	28	20	32	83	14	6	16	9	5	35	43	17	25	71	91	44	89	70	94	34	82	33	67	21	28
chr11	1201106	1201705	600	1	0	600	321	279	14	5	14	34	13	57	28	34	30	8	48	6	10	3	3	12	21	10	0	43	19	19	2	12	32	15	0	13	60	8	0	25
chr11	1201706	1202211	506	1	0	506	281	225	5	2	9	42	6	48	9	45	38	3	50	4	9	4	0	7	7	6	1	43	12	15	0	12	10	11	4	8	79	7	3	5
chr11	1202213	1202257	45	1	0	45	17	28	0	1	0	0	0	1	4	1	2	1	3	1	0	0	2	0	1	1	0	1	3	5	0	1	2	1	1	4	0	3	1	3
chr11	1202259	1204001	1743	1	0	1743	564	1179	11	15	29	9	22	87	148	22	25	48	95	16	7	12	14	3	42	65	21	34	122	170	65	123	73	161	35	83	42	85	11	46
chr11	1204003	1204040	38	1	0	38	10	28	0	0	0	0	0	0	3	0	0	1	3	1	0	0	1	1	0	1	0	0	1	4	3	4	2	3	1	3	0	4	0	0
chr11	1204042	1204770	729	1	0	729	240	489	4	4	12	4	12	34	58	23	6	22	40	9	2	2	2	6	18	26	9	9	66	85	15	41	32	56	10	43	11	40	7	19
chr11	1204783	2536269	1331487	1	0	1331487	592332	739155	49357	25304	39018	28784	33749	59055	81581	37910	38117	33050	61866	26138	21240	16929	19217	21016	46700	42098	14624	30916	73298	87097	24996	70713	51295	68472	18821	50952	41002	58438	10631	49101
chr11	2536270	2852269	316000	2	0	316000	153401	162599	14670	7080	10674	8981	9485	12187	18247	9771	10210	7320	13164	6773	7039	4774	5796	7229	11734	9064	2549	8014	15938	17700	3948	16146	11415	14356	2845	11422	10603	12611	1954	12299
chr11	2852270	3149269	297000	1	0	297000	138176	158824	13535	6502	9408	7122	8497	12045	18139	8302	8715	7152	13291	5939	5821	4218	4826	4663	10310	9198	2639	7770	15554	16860	4730	15405	11295	14407	3942	11616	9824	12084	2317	10872
chr11	3149270	3278269	129000	2	0	129000	62605	66395	5880	2836	4366	3691	3876	5087	7353	3994	4041	3141	5646	3041	2976	1770	2288	2618	4457	4034	1071	3272	6558	6760	1720	6478	4788	5348	1260	4779	4507	5374	863	5125
chr11	3278270	3311269	33000	3	0	33000	17679	15321	1870	841	1240	1253	1099	1178	1639	1183	1182	700	1345	843	1053	578	735	939	1217	890	246	944	1444	1137	255	1487	1191	1085	225	1129	1247	1211	213	1399
chr11	3311270	3901269	590000	2	0	590000	320421	269579	38482	15668	21959	22364	20960	20079	28414	18810	20602	12505	23989	15121	18429	12325	13844	16868	22227	16085	3844	18421	25262	20062	5167	25340	18259	19100	4458	19137	22516	20584	3809	25308
chr11	3901270	4200269	299000	3	0	299000	172402	126598	21778	8456	12016	12910	11130	9076	13142	10268	11100	5811	10869	8027	11152	6983	8301	11381	11656	7397	1242	10031	11825	8245	1467	11806	8659	8142	1327	8994	11476	9559	1274	13498
chr11	4200270	4258269	58000	4	0	58000	34275	23725	4332	1816	2436	2807	2243	1790	2299	2077	2442	1106	2014	1606	2374	1323	1483	2126	2451	1413	279	1892	2044	1510	303	2157	1522	1241	240	1505	2393	1850	246	2678
chr11	4258270	4352269	94000	5	0	94000	56275	37725	7407	2839	3660	4996	3911	2850	3449	3650	3750	1755	3111	2751	3834	2198	2359	3755	3974	2260	493	2915	3521	2229	540	3102	2569	2023	429	2301	3795	2880	432	4260
chr11	4352270	4473269	121000	6	0	121000	72054	48946	8636	3597	5104	5900	4731	3433	4671	4820	5183	2354	4039	3508	4687	2771	3390	5230	4880	2933	463	3878	4607	3150	345	4532	3293	2387	264	3128	4875	4165	378	5666
chr11	4473270	4584269	111000	7	0	111000	65487	45513	7545	3427	4912	5024	4375	3105	4506	4419	4704	2311	3389	3226	4285	2622	3244	4391	4598	2651	443	3773	4223	2919	397	4089	3124	2421	235	3010	4461	3637	353	5179
chr11	4584270	4850269	266000	8	0	266000	161636	104364	20066	7917	10892	14148	10108	7548	10085	10794	10999	4964	8470	7593	11850	6542	7424	12234	11203	5863	1164	8741	9348	5898	933	8976	7292	5248	759	6913	10693	8146	946	12241
chr11	4850270	5512269	662000	9	0	662000	413406	248594	54005	20009	28007	37820	26089	17765	23169	26841	28255	12003	19663	19317	31491	16570	18771	33630	28410	13735	2612	21590	21109	12874	2044	20619	17411	11326	1660	15965	26933	18711	2158	31436
chr11	5512270	6165269	653000	8	0	653000	398648	254352	52234	19255	26639	35187	25341	18183	24154	25529	27136	11958	20891	18652	28603	15840	18027	31018	27045	14499	2619	21073	22618	14663	2707	21552	17505	12758	2230	16445	26038	19620	2338	30641
chr11	6165270	6173223	7954	7	0	7954	4809	3145	612	233	321	382	305	208	298	340	301	138	283	223	330	203	222	409	313	153	32	284	302	190	20	259	230	172	27	217	305	256	19	365
chr11	6173225	6173255	31	7	0	31	20	11	2	1	1	3	2	1	0	0	0	0	2	1	3	1	0	2	1	0	0	2	0	2	0	0	1	0	0	1	2	1	0	0
chr11	6173257	6255269	82013	7	0	82013	46256	35757	5164	2302	3348	3315	2936	2528	3614	2891	3305	1691	3085	2218	2723	1864	2367	2904	3135	2170	405	2675	3259	2591	457	3417	2420	2067	417	2444	3155	2896	371	3877
chr11	6255270	6333269	78000	6	0	78000	44763	33237	5635	2194	3265	3453	2879	2309	3305	2553	3018	1513	2909	2060	3015	1820	2044	2789	2955	1936	409	2536	2956	2363	516	3041	2202	2032	495	2295	2933	2545	372	3651
chr11	6333270	6608798	275529	5	0	275529	148752	126777	15794	7062	10867	10091	9507	9014	13562	9033	10166	5856	11474	7283	8347	5597	6858	8239	9976	7412	1410	8731	11886	10098	2008	12425	8631	8657	1695	9069	10623	10250	1369	12537
chr11	6608799	6759268	150470	5	0	150470	84204	66266	9824	4115	6109	6171	5366	4785	6728	5289	5929	3203	5942	3957	5100	3176	3685	4825	5878	3750	810	4841	6051	4923	1055	6124	4344	4076	905	4477	5895	5403	710	7022
chr11	6759269	6832268	73000	6	0	73000	45022	27978	5865	2169	2982	3935	2900	2102	2625	3000	2933	1284	2251	2067	3253	1896	2054	3704	3204	1574	250	2424	2471	1470	212	2416	1980	1397	208	1837	2972	2128	200	3235
chr11	6832269	6920268	88000	7	0	88000	55268	32732	7527	2745	3643	5176	3531	2320	3094	3560	3825	1522	2521	2482	4208	2175	2325	4612	3732	1859	334	2837	2919	1720	251	2668	2240	1534	225	2063	3615	2445	274	4016
chr11	6920269	7298268	378000	8	0	378000	235900	142100	31301	11691	15738	21801	15115	9960	13128	14820	16060	6733	11201	10716	18055	9541	10950	19089	15822	7967	1409	12727	12540	7606	1259	11606	9681	6538	1128	9107	14980	10900	1252	17577
chr11	7298269	7400268	102000	7	0	102000	62643	39357	8307	3062	4147	5588	4016	2865	3735	4305	4351	1898	3099	2904	4431	2378	2867	4688	4341	2194	366	3302	3609	2291	260	3252	2820	1825	235	2610	4151	3102	315	4684
chr11	7400269	7695674	295406	6	0	295406	164068	131338	17824	7956	12244	11727	10537	9553	14170	10439	11763	6294	11548	7676	9628	5950	7446	9312	11528	7359	1437	9429	12105	9452	1549	12681	9368	8270	1235	9643	11698	10706	1223	13654
chr11	7695675	7799952	104278	6	0	104278	64395	39883	8653	3238	4303	5808	4452	2839	3699	4209	4476	1975	3000	3063	4421	2529	2876	4854	4480	2363	403	3334	3704	2183	274	3357	2696	1847	267	2460	4319	3125	342	4727
chr11	7799953	8058952	259000	7	0	259000	153058	105942	19584	7715	10328	12619	9991	7550	10628	9692	10266	5093	8640	6938	10404	5848	6785	10975	10533	6099	1160	8414	9754	6982	1237	9306	7375	6013	1057	7075	10200	8185	966	11586
chr11	8058953	8387952	329000	6	0	329000	171010	157990	17020	8104	12583	10998	10819	11589	17301	10839	11816	7277	13936	7734	9050	5806	7383	8755	12218	8857	2072	9629	15226	14208	2683	15605	11217	11809	2208	11494	11887	12847	1553	14475
chr11	8387953	8551952	164000	5	0	164000	101927	62073	14110	5273	6763	9147	6784	4419	5734	6428	6799	2768	4669	4674	7600	4062	4743	7953	6936	3498	699	5389	5542	3304	566	5062	4443	3095	487	4140	6444	4577	572	7318
chr11	8551953	8634952	83000	4	0	83000	48878	34122	6112	2374	3422	3918	3063	2400	3478	3037	3252	1606	2916	2202	3399	1919	2307	3473	3247	1928	336	2788	3087	2141	352	3172	2369	2029	301	2395	3275	2653	279	3768
chr11	8634953	8714952	80000	3	0	80000	42289	37711	4470	2050	3128	2723	2676	2616	4103	2572	2875	1693	3434	1950	2349	1673	1945	2031	2905	2183	453	2491	3567	3070	649	3759	2576	2742	517	2847	2919	3050	469	3513
chr11	8714953	8929952	215000	2	0	215000	119212	95788	14404	5796	8885	8464	7750	6972	10150	6909	8220	4387	8549	5329	7175	4485	5404	6332	8214	5407	1048	6971	9000	6903	1362	9132	6614	6433	1167	7052	7953	7654	1043	9834
chr11	8929953	9766952	837000	1	0	837000	474327	362673	63680	23282	30808	36443	30716	27058	37504	26466	28907	15853	31926	21422	30910	19016	21238	29097	31428	21394	4939	27448	33522	23270	6865	32892	24956	25476	6219	26155	31838	26408	4881	34981
chr11	9766953	9878952	112000	2	0	112000	66937	45063	8947	3336	4556	5597	4315	3099	4625	4036	4286	2053	3655	3021	4888	2819	3104	4599	4358	2596	485	3868	4113	2621	458	4000	3160	2703	457	3228	4443	3272	456	4844
chr11	9878953	10109952	231000	3	0	231000	143845	87155	21133	7262	9379	12922	9248	6153	8254	8454	9146	4045	6620	6288	11168	5958	6606	11208	9519	5087	1004	7808	7751	4600	979	7131	5978	4564	830	5804	8860	6210	913	10116
chr11	10109953	10466952	357000	2	0	357000	210993	146007	27671	10763	14354	17355	13710	10330	14599	12849	14069	6870	12103	9456	14693	8172	9603	14396	14426	8334	1638	11737	13307	9268	1869	12696	9937	8426	1710	10159	13818	11111	1503	16066
chr11	10466953	10715952	249000	3	0	249000	138571	110429	15444	6798	10243	9962	8708	7854	11636	8861	9725	5089	9570	6277	8570	5182	6426	8224	9511	6309	1184	7920	10270	8350	1472	10570	7760	7193	1105	8124	9518	8810	1071	11262
chr11	10715953	10902952	187000	2	0	187000	109182	77818	14172	5442	7571	8804	7175	5574	7679	6493	7096	3618	6537	5063	7546	4313	5119	6978	7250	4419	977	6302	6964	5045	1082	6959	5394	4714	952	5446	7313	5872	929	8200
chr11	10902953	11017952	115000	3	0	115000	66119	48881	7925	3287	4713	5148	4338	3553	5034	4143	4623	2255	4265	3004	4188	2413	3038	4191	4573	2797	484	3654	4550	3361	564	4390	3473	2847	418	3622	4472	3859	432	5384
chr11	11017953	11230952	213000	4	0	213000	123421	89579	15035	6234	8712	9893	8190	6220	9488	7900	8646	4229	7583	5736	8002	4484	5545	7523	8548	5049	902	6668	8438	5985	769	8238	6482	5285	596	6425	8330	7111	755	9997
chr11	11230953	11558952	328000	5	0	328000	174707	153293	16591	8287	13295	11470	11218	11235	17392	11976	12565	7452	13639	8221	9269	6065	7420	8611	12711	8645	1643	10039	14782	12140	1708	15063	11453	10415	1296	11520	12875	12493	1385	15124
chr11	11558953	11704952	146000	4	0	146000	83268	62732	9536	4103	6099	6556	5557	4547	6483	5391	6059	2870	5324	3879	5142	2883	3643	5194	5791	3541	631	4440	5997	4396	676	5728	4470	3733	589	4608	5721	5127	510	6774
chr11	11704953	12764952	1060000	3	0	1060000	606844	453156	73315	30187	42852	47065	38741	33080	47255	38857	41630	20869	38043	27770	39733	22931	26665	37850	42004	25815	5172	34076	42167	31862	5428	41288	32458	27711	4750	32113	41304	35357	4312	47338
chr11	12764953	12888952	124000	4	0	124000	70463	53537	8731	3645	5241	5106	4559	3984	5552	4405	4856	2536	4514	3116	4577	2684	3114	3843	5060	3041	705	4043	4853	3653	715	4841	3803	3238	581	3980	4783	4131	551	5557
chr11	12888953	13526952	638000	5	0	638000	374591	263409	46934	18917	26852	30100	24469	19125	26470	23861	25861	12333	21837	16852	25539	14342	16760	24339	25859	14827	3040	20991	23861	16659	2772	23439	19182	14884	2440	18570	25023	20362	2580	28918
chr11	13526953	13804952	278000	6	0	278000	168737	109263	22444	8740	11789	14321	11333	7551	10671	10637	11593	5029	8623	7838	11924	6575	7723	11944	11397	6366	1001	9132	10122	6357	893	9343	7609	5697	788	7474	11064	8295	868	12857
chr11	13804953	14079946	274994	7	0	274994	160018	114976	18813	8005	11558	12850	10571	8217	11493	10418	11161	5487	9777	7543	10680	5884	7285	10275	11053	6671	1102	8767	10635	7929	1046	10620	8138	6264	824	7958	10872	9366	962	12768
chr11	14079948	14080953	1006	7	0	1006	525	481	59	17	30	38	39	35	55	44	24	24	39	19	22	23	27	29	36	32	1	30	47	35	9	46	52	39	4	43	38	31	6	31
chr11	14080954	14212953	132000	6	0	132000	78458	53542	9864	3898	5591	6464	5172	3756	5407	4912	5314	2609	4382	3589	5467	2801	3513	5719	5208	2988	504	4363	4974	3410	466	4757	3868	3020	398	3690	5197	4190	424	6083
chr11	14212954	14307953	95000	5	0	95000	54314	40686	6534	2684	3889	4087	3480	2970	4293	3505	3615	1921	3385	2577	3564	2140	2381	3287	3804	2352	433	3127	3882	2755	460	3735	2843	2464	402	2931	3719	3261	363	4155
chr11	14307954	14518953	211000	4	0	211000	125966	85034	17458	6295	8219	10654	8073	6270	8369	7289	7783	3748	7184	5594	9312	5130	5773	8813	8442	4922	959	7120	7728	4977	1168	7429	5785	5114	1121	5960	8048	6289	936	9036
chr11	14518954	14701953	183000	5	0	183000	110864	72136	14789	5660	7733	9402	7093	5030	6936	6681	7554	3223	5829	4977	8148	4528	5211	8069	7413	4011	825	6192	6329	4135	835	6188	5012	3821	793	4998	6985	5520	747	8331
chr11	14701954	15084953	383000	6	0	383000	234666	148334	30667	11787	15930	21097	14998	10170	14371	14494	16230	6818	11608	10948	17586	9213	10802	17947	15383	8536	1417	12652	13252	8836	1439	12553	10193	7291	1314	9862	15204	11418	1338	17644
chr11	15084954	15579953	495000	7	0	495000	292267	202733	35035	14116	21157	24268	18884	14522	20359	18858	20724	9642	17262	13645	19933	10597	13339	19925	19827	11374	1765	15911	18693	13146	1566	18434	14093	11168	1324	14157	20009	16151	1499	23615
chr11	15579954	15662953	83000	6	0	83000	46580	36420	4951	2260	3549	3506	3021	2548	3970	2983	3410	1702	3206	2256	2884	1637	2086	2611	3125	1975	385	2662	3322	2581	378	3453	2743	2188	283	2749	3332	2991	304	3947
chr11	15662954	16420508	757555	7	0	757555	468305	289250	61099	22956	32594	42467	29293	20142	27980	29507	32229	13734	23360	20484	36495	18193	21727	36043	31331	15534	2537	25623	24885	16482	2085	24772	20313	14324	1697	19860	30393	21884	2123	35407
chr11	16420509	16484952	64444	7	0	64444	41549	22895	6045	2045	2901	3970	2571	1585	2020	2532	2731	1046	1723	1728	3614	1669	1925	3444	2585	1230	197	2333	1872	1003	171	1864	1697	1049	153	1511	2554	1627	187	2860
chr11	16484953	16576952	92000	6	0	92000	58189	33811	8362	3012	3759	5410	3899	2392	3076	3684	3830	1606	2434	2509	4454	2299	2614	4847	3968	1943	347	3051	3065	1772	274	2630	2441	1576	228	2137	3577	2450	287	4065
chr11	16576953	16746952	170000	5	0	170000	104614	65386	14923	5351	7045	9310	6869	4503	6078	6283	7068	2940	5000	4666	7769	4046	4789	7973	6770	3788	659	5623	5880	3827	821	5331	4494	3427	721	4370	6588	4817	681	7588
chr11	16746953	16866952	120000	4	0	120000	64777	55223	7158	3249	4828	4200	4266	4160	6129	3973	4334	2603	4886	2972	3677	2308	2830	3203	4637	3223	610	3850	5203	4184	723	5393	4023	3821	576	4184	4666	4276	607	5246
chr11	16866953	16955952	89000	3	0	89000	49298	39702	5879	2414	3614	3575	3145	2925	4171	2963	3350	1713	3545	2219	3108	1810	2176	2689	3356	2255	406	2845	3698	3054	582	3827	2764	2691	494	2903	3387	3161	348	3931
chr11	16955953	17572952	617000	2	0	617000	339313	277687	41042	16198	23077	24519	21427	20792	29274	20153	21428	12524	24541	15556	20939	13204	14953	19686	23389	16405	3341	19583	26279	21646	4542	26670	18798	19626	3931	19426	23179	21460	3244	26166
chr11	17572953	17750952	178000	3	0	178000	92912	85088	8932	4159	6508	6228	5701	6659	9097	6211	6196	3910	7416	4295	4998	3338	3924	5340	7153	4763	1022	5128	7982	7887	1484	8422	5991	6257	1334	5846	6542	6867	860	7548
chr11	17750953	18108952	358000	4	0	358000	204743	153257	23416	10007	14901	15477	12892	11057	15912	12932	14088	7325	13148	9326	13405	8076	9670	13111	14103	8747	1706	11909	14001	10578	1690	14369	10699	9202	1475	10890	13990	12112	1321	16463
chr11	18108953	18124952	16000	5	0	16000	8970	7030	1110	427	637	701	596	523	690	541	647	310	622	432	522	321	381	510	607	408	94	472	659	505	121	663	468	453	107	461	616	582	78	734
chr11	18124953	18274952	150000	4	0	150000	86631	63369	10487	4262	5961	6859	5712	4769	6597	5641	6235	2990	5450	4112	5135	3247	3659	5514	6153	3656	693	4766	5921	4047	705	5701	4539	3538	591	4272	6106	5133	619	6928
chr11	18274953	18716952	442000	3	0	442000	253812	188188	34229	12521	16781	19653	16324	13949	19288	14209	15357	8278	16380	11534	17274	10500	11588	15946	16320	11414	2408	15106	17683	11627	3087	17037	12739	12871	2953	13393	17028	13521	2498	18502
chr11	18716953	18806952	90000	4	0	90000	45820	44180	4210	2100	3401	2653	2813	3215	4856	3017	3117	2109	4193	2216	2224	1663	1935	2098	3253	2497	619	2718	4165	3964	765	4504	3031	3221	610	3196	3451	3716	502	3966
chr11	18806953	18898952	92000	5	0	92000	55010	36990	7002	2822	3678	4613	3741	2738	3734	3689	3933	1691	2958	2756	3438	2046	2464	3706	3928	2239	312	2818	3510	2127	267	3244	2708	1793	248	2457	3755	2989	279	4315
chr11	18898953	19015952	117000	6	0	117000	70031	46969	8489	3552	4668	6057	4800	3482	4876	4688	5144	2311	3760	3415	4333	2672	3028	4754	5141	2738	486	3652	4280	2620	365	3945	3491	2124	338	3159	4934	3728	391	5577
chr11	19015953	19310952	295000	5	0	295000	173537	121463	21471	8779	12356	14074	11422	8679	12094	11209	11959	5796	9980	8166	11828	6683	7736	11305	11906	6819	1420	9792	10964	7678	1441	10549	8626	6723	1218	8424	11908	9411	1181	13401
chr11	19310953	19594490	283538	6	0	283538	157757	125781	16380	7577	11844	11811	10341	9189	13469	10673	11425	5990	10938	7561	9467	5452	6980	8659	11173	7012	1294	8729	11920	9192	1305	11734	9257	7733	1063	9455	11322	10214	1064	13313
chr11	19594492	19829953	235462	6	0	235462	129339	106123	13468	6327	9563	9123	8381	7786	11286	8932	9077	4799	9170	6209	7555	4648	5811	7204	9073	6094	1068	7325	10211	8177	1223	10135	7847	6853	1009	7851	9252	8622	862	10519
chr11	19829954	19944953	115000	5	0	115000	65109	49891	7582	3206	4916	4827	4223	3634	5146	4250	4625	2350	4216	2963	4101	2357	2910	3802	4447	2789	568	3743	4676	3442	655	4578	3625	3110	444	3659	4505	4010	430	5209
chr11	19944954	20104953	160000	4	0	160000	88876	71124	9942	4630	6731	6087	5788	5257	7717	5646	6357	3369	6091	4120	5304	3289	4066	4481	6409	4072	827	5237	6521	4902	884	6691	5159	4427	686	5371	6319	5597	715	7306
chr11	20104954	20193953	89000	5	0	89000	49380	39620	6055	2472	3563	3552	3191	2933	3979	3055	3385	1828	3410	2167	3010	1748	2198	2832	3269	2289	547	2876	3607	2970	703	3638	2884	2614	602	2830	3398	3045	542	3806
chr11	20193954	20406953	213000	6	0	213000	129058	83942	17561	6553	8939	11218	8308	5927	8179	7705	8607	3961	6572	5733	9795	4940	5759	9300	8581	4865	962	6974	7499	5024	996	7265	5713	4669	813	5707	8325	6226	819	9503
chr11	20406954	20621953	215000	7	0	215000	128781	86219	16943	6463	8728	11171	8250	6105	8534	7772	8483	3929	6868	5768	9629	5238	5900	8999	8622	4929	1049	7135	7571	5347	1101	7497	6155	4905	973	5885	8313	6335	889	9512
chr11	20621954	20777953	156000	8	0	156000	90739	65261	10966	4574	6373	7180	5944	4734	6477	5902	6152	3076	5522	4264	6032	3478	4208	5856	6252	3835	704	5071	6069	4378	722	5865	4548	3650	606	4546	6188	5170	558	7098
chr11	20777954	20911953	134000	9	0	134000	81293	52707	10612	3973	5647	6985	5222	3818	5149	5281	5531	2437	4158	3825	5852	3274	3673	5855	5534	2977	538	4453	4717	2953	521	4502	3779	2776	387	3618	5440	3986	470	6055
chr11	20911954	21320953	409000	10	0	409000	252066	156934	31979	12378	17318	22692	15938	11255	14989	16497	17324	7490	12637	11650	19125	9868	11834	19091	17050	8891	1504	13546	13758	8503	1101	13385	11119	7479	898	10598	16751	11874	1227	19249
chr11	21320954	21505953	185000	9	0	185000	118027	66973	16293	5732	7903	11276	7442	4821	6238	7314	8097	3142	5099	5193	9372	4831	5510	9763	7950	3709	576	6291	5632	3269	351	5450	4695	2773	336	4408	7538	4950	443	8601
chr11	21505954	21915953	410000	10	0	410000	259961	150039	35218	12805	17127	24911	16740	10767	13740	16692	17393	7016	11535	11682	20710	10144	11953	21527	17411	8229	1358	13733	13003	7551	1002	11944	10680	6727	815	9958	16845	10993	1069	18720
chr11	21915954	22070953	155000	9	0	155000	97526	57474	13100	4916	6749	9047	6481	3940	5373	6017	6758	2767	4450	4474	7473	3770	4498	7711	6491	3234	548	5120	4891	2915	381	4671	4035	2508	354	3877	6395	4201	451	7402
chr11	22070954	22319953	249000	10	0	249000	158499	90501	22398	7715	10598	15066	10017	6240	8135	9796	10742	4093	7103	7257	12620	6400	7179	13139	10407	4850	885	8305	7622	4682	713	7365	6163	3987	617	5709	9996	6863	699	11637
chr11	22319954	23100953	781000	9	0	781000	496680	284320	69237	24130	32826	47821	31196	20016	25864	31074	33225	13328	21758	21757	40356	19964	22410	41718	32612	15659	2884	26283	24153	14444	2309	22729	19965	12813	2067	18333	31419	20719	2416	35513
chr11	23100954	24004953	904000	8	0	904000	579484	324516	82158	28472	37774	56682	37197	22884	29438	35757	38248	15160	24958	24849	47484	23119	25677	49626	38768	17703	3134	30030	27151	15927	2462	25481	22905	14456	2126	21157	36451	22935	2650	41179
chr11	24004954	24231953	227000	7	0	227000	146590	80410	20942	7224	9438	14626	9398	5606	7226	9173	9791	3710	6065	6445	12099	5808	6593	12444	9726	4387	747	7489	6693	3755	565	6299	5692	3385	458	5203	9292	5785	602	10332
chr11	24231954	24506953	275000	8	0	275000	177653	97347	25233	8893	11517	17479	11288	6917	8863	10962	11848	4524	7247	7749	14753	7046	7863	15470	12064	5121	977	9218	7973	4493	739	7365	7002	4109	684	6233	10992	6848	854	12674
chr11	24506954	24813953	307000	7	0	307000	200228	106772	28512	9460	12814	20138	12013	7839	9551	12394	13087	4966	8005	8576	17312	8109	8883	18567	13404	5673	1107	10190	8475	4752	744	8355	7445	4505	648	6840	12473	7396	897	13868
chr11	24813954	25128953	315000	8	0	315000	203649	111351	28730	9827	12548	20324	12785	8037	9896	12874	13176	5163	8323	8892	16738	8261	9042	19031	13921	6062	1146	10159	9212	5505	871	8653	7748	4664	749	7107	12712	8010	942	13890
chr11	25128954	25683130	554177	9	0	554177	360994	193183	50861	17739	22515	36011	22810	13751	17045	23049	23375	8809	14373	15956	30080	14958	15881	33780	24645	10395	1903	18314	16107	8859	1251	14603	13507	7982	1132	11971	22396	13584	1608	24925
chr11	25683131	26875952	1192822	9	0	1192822	761464	431358	104454	37102	49269	73712	47720	30903	39165	48298	50630	20216	33493	33590	61734	30956	34390	65830	51140	23503	4517	40017	36122	21047	3263	34456	30195	18965	2683	27521	48629	31373	3603	54324
chr11	26875953	26975952	1e+05	8	0	1e+05	61993	38007	8201	3015	4421	5641	4191	2649	3489	4113	4356	1823	3075	2813	4530	2395	2714	4565	4159	2109	324	3290	3429	2008	246	3107	2744	1742	249	2533	4110	2931	257	4769
chr11	26975953	27107952	132000	7	0	132000	81340	50660	10825	4134	5878	7049	5377	3468	4886	5348	5775	2346	3922	3648	5909	3228	3621	5925	5498	2777	476	4425	4499	2778	351	4140	3818	2470	285	3451	5263	3743	394	6291
chr11	27107953	27231952	124000	6	0	124000	74750	49250	9822	3766	5320	6420	4881	3526	4841	4707	5240	2326	3898	3430	5385	2859	3399	4929	5065	2904	509	4000	4515	3004	388	4278	3438	2537	352	3365	4936	3740	403	5815
chr11	27231953	27273952	42000	5	0	42000	25057	16943	3181	1257	1830	2059	1684	1156	1655	1613	1777	779	1443	1195	1685	927	1127	1689	1651	955	148	1365	1554	1014	132	1559	1197	916	105	1152	1706	1373	135	1979
chr11	27273953	27504952	231000	6	0	231000	140674	90326	19458	7305	9534	12276	8866	6456	8652	8646	9318	4111	7207	5904	10931	5722	6333	9954	9331	5258	1116	7889	8005	5220	1048	7678	6268	4896	942	6134	9016	6577	922	10025
chr11	27504953	27701952	197000	7	0	197000	118518	78482	15274	6033	8364	10123	7788	5624	7471	7533	8242	3623	6308	5419	8489	4610	5524	8091	8050	4513	788	6540	7054	4807	797	6787	5561	4089	664	5240	7751	6036	705	9100
chr11	27701953	27852952	151000	8	0	151000	90108	60892	11035	4324	6652	7715	5843	4280	5761	5738	6534	2840	5132	4292	6314	3419	4209	6019	5905	3339	601	5018	5494	3788	602	5344	4102	3218	536	4146	6121	4882	549	7246
chr11	27852953	27990952	138000	7	0	138000	82440	55560	9808	4102	5958	6966	5516	3750	5420	5498	5687	2708	4690	3810	5823	3252	3870	5581	5545	3229	511	4527	5013	3382	391	5014	3950	2833	318	3951	5675	4356	418	6446
chr11	27990953	28242952	252000	8	0	252000	164584	87416	24018	8282	10734	16237	10229	5758	7663	9979	10465	4063	6256	7234	14559	6980	7511	14616	10489	4927	954	8713	7227	4073	622	6846	5900	3597	551	5498	10012	6171	727	11107
chr11	28242953	28656952	414000	7	0	414000	257456	156544	33459	12867	17568	23443	16704	10732	14582	16913	17640	7421	12091	11763	19535	10428	12213	20095	17401	8569	1517	13961	13765	8412	1203	12865	10939	7524	1008	10465	16826	11740	1186	19163
chr11	28656953	28765952	109000	8	0	109000	68232	40768	8763	3321	4769	6264	4288	2803	3885	4225	4633	1923	3377	3176	5433	2728	3168	5475	4465	2197	348	3765	3372	2095	253	3543	2812	1900	215	2693	4553	3071	288	5197
chr11	28765953	29668952	903000	9	0	903000	576539	326461	78410	28083	38146	55691	36639	22813	29317	37123	39006	15337	25082	25380	46275	23155	26604	49476	38027	18154	3017	30190	28171	16176	1947	26173	22897	14160	1637	21106	36798	23977	2351	41680
chr11	29668953	29822952	154000	8	0	154000	96147	57853	12732	4855	6401	8777	6358	4034	5486	6114	6619	2770	4519	4388	7056	3851	4610	7577	6432	3337	494	5247	5204	3001	377	4700	3986	2633	297	3848	6370	4311	394	7220
chr11	29822953	29945952	123000	7	0	123000	77548	45452	10463	3927	5256	7092	5036	3236	4239	5007	5252	2163	3362	3511	5987	3109	3615	6292	5359	2596	380	4100	3954	2417	238	3757	3079	2056	202	3025	5126	3296	276	5590
chr11	29945953	30120952	175000	6	0	175000	107992	67008	14167	5397	7535	9806	7032	4681	6320	6796	7546	3061	5309	4922	8159	4202	4941	8116	7338	3678	615	5710	5763	3846	604	5602	4689	3220	494	4611	7039	5071	545	8183
chr11	30120953	30208952	88000	5	0	88000	53697	34303	6693	2658	3816	4697	3494	2351	3300	3452	3732	1601	2804	2480	3946	2113	2590	3969	3529	1981	259	2954	3120	1974	223	3009	2411	1684	174	2367	3537	2686	214	4180
chr11	30208953	30305952	97000	4	0	97000	60086	36914	7984	2982	4000	5385	3889	2651	3487	3826	4042	1643	2978	2785	4436	2334	2904	4758	3921	2145	311	3233	3356	1906	260	3116	2742	1806	196	2474	3835	2781	285	4547
chr11	30305953	30491952	186000	3	0	186000	113112	72888	14831	5642	8069	9913	7257	5230	7162	7020	7882	3439	5740	5054	8484	4373	5103	7911	7628	4084	788	6184	6398	4120	646	6291	5172	3713	541	5208	7471	5538	715	8391
chr11	30491953	30971952	480000	4	0	480000	296698	183302	40014	14953	20936	26567	19102	12791	17292	18593	20817	8703	14613	13244	22538	11223	13235	22076	19623	10138	1901	16007	15934	10331	1522	15426	12747	8825	1260	12210	19474	13919	1551	22433
chr11	30971953	31073952	102000	5	0	102000	65646	36354	9398	3244	4215	6402	4090	2696	3230	4179	4246	1702	2743	2780	5524	2719	2857	5619	4589	1990	369	3413	3098	1758	261	2815	2458	1523	250	2359	4050	2661	302	4458
chr11	31073953	31187952	114000	6	0	114000	72235	41765	10068	3559	4687	6918	4619	3089	3888	4607	4703	1936	3073	3243	5842	2799	3314	5889	4922	2274	400	3787	3601	2083	317	3276	2998	1985	275	2892	4682	2935	330	5007
chr11	31187953	31368952	181000	7	0	181000	115929	65071	16203	5757	7682	11244	7266	4440	5944	7247	7614	3049	4918	5124	9802	4740	5259	9639	7503	3669	578	6236	5535	3094	464	5290	4508	2907	400	4181	7351	4714	544	8096
chr11	31368953	31639896	270944	8	0	270944	174319	96625	25220	8866	11225	16653	10686	6719	8839	10456	10930	4398	7078	7473	15128	7713	7891	15042	11472	5579	1082	9564	8083	4506	913	7653	6481	4429	781	6203	10664	6641	960	11614
chr11	31639897	31672951	33055	8	0	33055	22283	10772	3371	1059	1464	2366	1275	699	936	1301	1298	508	705	897	2317	996	1010	2079	1358	583	101	1220	814	425	74	813	712	440	60	764	1327	678	85	1318
chr11	31672952	31794951	122000	7	0	122000	76672	45328	10736	3797	5142	7116	4936	3223	4289	4757	5008	2106	3344	3272	6111	3260	3504	6069	5166	2541	495	4185	3935	2270	373	3682	3283	2258	322	3087	4821	3191	394	5325
chr11	31794952	31819124	24173	6	0	24173	10969	13204	1225	579	921	611	735	750	1042	460	841	551	1237	419	535	291	416	354	656	633	244	638	985	1601	776	1096	721	1146	734	925	626	1078	388	957
chr11	31819126	31842092	22967	6	0	22967	12768	10199	1623	602	934	1058	854	670	896	707	897	460	852	540	843	471	589	771	848	526	143	686	820	858	300	954	670	698	253	693	789	850	172	938
chr11	31842094	31861953	19860	6	0	19860	11821	8039	1375	570	800	1054	779	569	803	715	828	368	704	546	817	463	583	847	771	469	71	658	709	488	63	777	553	452	45	535	833	628	65	920
chr11	31861954	32050953	189000	7	0	189000	108378	80622	12787	5372	7796	8616	7266	6019	8091	7181	7652	3784	6982	4940	6866	3834	4748	6443	7549	4577	913	5970	7625	5485	871	7211	5827	4678	728	5829	7556	6453	742	8607
chr11	32050954	32294953	244000	8	0	244000	140331	103669	17186	6954	10138	11089	9331	7554	10577	8846	9773	4862	8835	6599	9077	5149	6122	8237	9653	5816	1143	7907	9513	7119	1147	9478	7362	6097	1079	7286	9780	8225	1063	11001
chr11	32294954	32514953	220000	7	0	220000	122156	97844	15355	5912	8734	9062	7806	7090	10143	7353	8380	4423	8527	5707	7522	4419	5159	6562	8059	5496	1316	6973	9020	7007	1791	9023	6850	6598	1675	6999	8465	7740	1264	9568
chr11	32514954	32652953	138000	6	0	138000	83477	54523	11939	4262	5309	7120	5310	4087	5289	5030	5189	2298	4320	3718	6192	3433	3633	6346	5474	3231	686	4689	5088	3004	762	4572	3830	3245	730	3687	5324	3946	652	5603
chr11	32652954	32753953	101000	5	0	101000	63013	37987	8982	3222	4160	5652	4111	2671	3661	3732	4101	1746	2829	2845	4822	2618	2905	4955	4165	2307	404	3381	3448	2002	310	3134	2623	1817	296	2578	3938	2768	352	4463
chr11	32753954	32899953	146000	4	0	146000	88058	57942	12255	4323	5770	7707	5605	4186	5535	5189	5520	2508	4818	3837	6674	3411	3856	6863	5653	3276	683	4816	5198	3313	859	4998	4026	3581	868	3987	5637	4198	670	6178
chr11	32899954	33335953	436000	3	0	436000	262109	173891	37744	12951	16809	22679	16796	12735	17187	14852	15766	7766	14205	11672	19877	10937	11900	18232	17001	10176	2131	15081	15843	9677	2526	14940	11968	10763	2442	11933	16758	12371	2133	18147
chr11	33335954	33654953	319000	4	0	319000	184295	134705	22749	9295	13114	14324	12011	9902	13674	11893	12635	6336	11230	8528	12087	6988	8108	11421	12791	7750	1656	10324	12456	8809	1682	11909	9707	7855	1463	9572	12525	10442	1441	14321
chr11	33654954	33886884	231931	3	0	231931	132988	98943	16577	6744	9453	10343	8769	6954	10102	8244	9103	4701	8063	6015	8668	5061	5754	8436	9163	5708	1125	7464	9194	6964	1468	8830	6846	6056	1295	6947	8866	7728	1158	10130
chr11	33886885	33913952	27068	3	0	27068	15001	12067	1675	746	1116	1103	1036	896	1233	911	995	549	1037	741	935	525	715	787	1052	660	154	850	1087	847	184	1160	879	825	143	903	1058	947	129	1188
chr11	33913953	34169952	256000	2	0	256000	142219	113781	17499	7075	9675	10289	9119	8597	11977	8472	8788	5002	9861	6393	9132	5707	6339	8292	9712	6758	1554	8357	10661	7916	1990	10489	8059	8097	1685	8459	9734	8285	1477	10548
chr11	34169953	34410952	241000	3	0	241000	130939	110061	15462	6562	9192	9033	8628	8217	11961	7915	8455	4931	9707	6079	7704	4745	5710	6637	8933	6614	1312	7596	10725	8264	1652	10480	7833	7771	1402	8305	9230	8472	1282	10189
chr11	34410953	34572952	162000	2	0	162000	92536	69464	11230	4568	6657	7106	5991	5219	7161	5669	6379	3219	5961	4242	5962	3488	4063	5619	6248	4046	818	5382	6544	4735	848	6342	4855	4274	705	4866	6393	5414	741	7253
chr11	34572953	34793952	221000	3	0	221000	131546	89454	16660	6620	9549	10947	8972	6412	8831	8359	9397	4218	7274	6100	8747	4797	5838	8824	8962	5179	852	7054	8335	5638	723	7759	6398	4774	620	6170	8879	6864	737	10509
chr11	34793953	34808952	15000	4	0	15000	9123	5877	1079	454	634	824	658	391	554	661	642	306	440	458	612	346	473	591	620	329	32	516	540	349	20	497	434	271	21	400	669	457	33	687
chr11	34808953	35030952	222000	3	0	222000	135797	86203	18056	6875	9378	11899	8681	6090	8339	8428	9059	3924	6549	6046	10411	5704	6252	10105	9000	5119	986	7488	7726	4969	822	7304	6104	4431	721	5954	8708	6301	797	9772
chr11	35030953	35345952	315000	2	0	315000	183297	131703	21788	9170	13605	14492	12359	9426	13174	12167	13041	6459	11194	8653	11867	6482	8273	11146	12361	7663	1247	10265	12518	8540	1124	11789	9335	7241	907	9365	12913	10527	1080	14827
chr11	35345953	35389952	44000	1	0	44000	25277	18723	2944	1242	1840	1945	1671	1317	1989	1745	1702	931	1601	1212	1655	963	1090	1428	1733	1114	186	1420	1753	1264	161	1678	1375	1089	121	1383	1861	1389	156	2040
chr11	35389953	35432249	42297	2	0	42297	24035	18262	2900	1176	1847	1882	1628	1244	1749	1541	1736	880	1498	1152	1541	825	1053	1383	1561	1067	207	1289	1699	1388	289	1610	1238	1050	288	1308	1664	1481	182	1939
chr11	35432250	35540951	108702	2	0	108702	62821	45881	7506	3166	4527	4927	4205	3190	4660	4343	4507	2118	3889	3046	3908	2263	2757	3808	4308	2626	412	3391	4384	3163	409	4141	3302	2611	338	3235	4404	3696	393	5067
chr11	35540952	35762761	221810	3	0	221810	130822	90988	16329	6696	9272	10690	8607	6312	9022	8275	8961	4280	7560	6003	9091	5081	5930	8712	8783	5247	964	7375	8350	5770	1027	7969	6440	5076	999	6183	8643	7023	882	10256
chr11	35762762	35790891	28130	3	0	28130	16591	11539	1965	880	1270	1286	1126	807	1135	1109	1193	530	914	784	1118	665	788	1019	1150	681	107	944	1087	730	85	990	828	614	70	832	1113	867	100	1341
chr11	35790892	35972949	182058	3	0	182058	104673	77385	12716	5155	7414	8154	6796	5842	7873	6642	7001	3669	6478	4798	6926	4023	4579	6606	7245	4588	947	5909	7330	5106	961	6965	5455	4684	815	5432	7123	5985	801	8038
chr11	35972950	36240949	268000	4	0	268000	149739	118261	17274	7591	10722	10800	9764	8857	12674	9779	10421	5559	10086	6998	8928	5524	6499	8263	10607	6826	1458	8640	11289	8344	1570	10553	8678	7337	1205	8688	10499	9250	1215	12100
chr11	36240950	36514949	274000	5	0	274000	155734	118266	18049	7768	11307	11784	10152	8524	12270	9863	10651	5623	10042	7027	10057	5973	6850	9792	10830	6807	1402	8849	11000	8401	1413	10851	8362	7219	1305	8484	10617	9238	1202	12286
chr11	36514950	36646949	132000	6	0	132000	81694	50306	11028	4148	5602	7418	5510	3560	4719	5191	5655	2347	3933	3869	6003	3183	3568	5960	5504	2852	541	4341	4475	2681	409	4130	3560	2380	363	3265	5441	3782	495	6085
chr11	36646950	36946943	299994	7	0	299994	181467	118527	22689	9056	12735	15628	11867	8503	11535	11771	12697	5571	9683	8613	12855	6881	8345	13037	12337	6664	1182	9828	10587	6821	907	10407	8459	5925	760	8085	12293	9312	981	13978
chr11	36946945	36954213	7269	7	0	7269	4303	2966	493	217	317	332	239	228	304	287	336	142	251	199	291	174	216	275	302	168	32	259	255	186	21	272	194	147	12	189	307	233	21	368
chr11	36954214	37009949	55736	7	0	55736	34716	21020	4553	1658	2423	3290	2176	1479	1943	2165	2375	966	1648	1565	2821	1346	1625	2682	2214	1178	228	1829	1862	1115	154	1795	1465	1038	131	1456	2222	1594	179	2559
chr11	37009950	37459949	450000	6	0	450000	286187	163813	38727	14023	19081	27380	18378	11573	15067	18182	19317	7690	12730	12523	22789	11363	12954	24408	19323	8931	1465	14931	13928	8242	939	13194	11736	7158	874	10832	18213	11972	1200	20875
chr11	37459950	37611949	152000	7	0	152000	99004	52996	14186	4750	6275	9949	6334	3764	4705	6338	6327	2459	3863	4427	8312	4111	4287	8916	6699	2901	531	4952	4378	2430	337	4007	3762	2184	313	3425	6302	3637	391	6746
chr11	37611950	37781949	170000	6	0	170000	111481	58519	15551	5227	7009	11244	6807	4203	5215	6964	7195	2756	4529	4835	9478	4478	4880	11109	7421	3115	534	5594	4718	2677	311	4421	4137	2255	310	3710	6913	4081	413	7908
chr11	37781950	37898949	117000	7	0	117000	76462	40538	11053	3704	4890	7755	4858	2858	3557	4798	5140	1910	3008	3285	6350	3049	3387	6858	5134	2147	379	3861	3361	1799	237	3100	2823	1612	221	2520	4753	2939	291	5361
chr11	37898950	38296949	398000	6	0	398000	257372	140628	36713	12328	16505	25610	16348	9960	12414	16109	16639	6618	10469	11072	21456	10516	11464	23149	17225	7716	1338	13144	11789	6798	1100	10738	9918	6045	967	9052	15899	9866	1115	17918
chr11	38296950	38421949	125000	5	0	125000	81569	43431	11581	3940	5219	8235	5132	3004	3818	5130	5363	2011	3190	3499	6899	3360	3633	7554	5414	2382	388	4131	3602	1989	271	3360	2998	1789	269	2774	5071	3061	336	5595
chr11	38421950	38531949	110000	4	0	110000	71261	38739	10211	3459	4539	7084	4518	2859	3425	4467	4637	1842	2817	3107	5927	2796	3236	6336	4812	2131	432	3581	3288	1658	288	2902	2748	1657	253	2586	4421	2690	343	4948
chr11	38531950	38792949	261000	5	0	261000	168563	92437	23693	8309	10803	17019	10626	6392	8465	10608	11137	4353	6804	7277	14368	6575	7425	14707	10946	4999	860	8824	7907	4467	606	7243	6585	4026	471	5932	10653	6731	689	11498
chr11	38792950	39003949	211000	6	0	211000	137208	73792	19935	6686	8642	13778	8674	5130	6610	8543	8905	3413	5410	5944	11527	5600	6076	12335	9103	4035	731	6960	6213	3343	503	5720	5161	3186	452	4711	8480	5215	632	9345
chr11	39003950	39343949	340000	7	0	340000	217673	122327	31117	10523	13665	21708	13674	8935	10938	13450	13903	5643	9503	9379	18319	8687	9547	18681	14458	6676	1323	11332	10477	5875	1184	9483	8490	5714	989	7897	13571	8754	1162	14941
chr11	39343950	39676949	333000	8	0	333000	212329	120671	30062	10109	13535	20438	13292	8582	11068	13048	13653	5628	9290	9682	17138	8635	9699	18468	13957	6669	1264	11064	10245	5750	1082	9556	8343	5628	977	7882	13445	8586	1133	15090
chr11	39676950	40259949	583000	9	0	583000	365343	217657	50578	18057	24573	33921	23487	15373	20149	22834	24523	10107	17078	16265	28541	14500	16501	28856	24282	12148	2340	19267	18708	11424	1942	17677	15435	10398	1530	14531	23416	15781	1950	26826
chr11	40259950	42898949	2639000	10	0	2639000	1665546	973454	226083	81400	110391	157217	106349	69599	89647	106688	111864	45982	75921	74735	130796	66106	75530	137236	112107	53870	9436	87674	83677	49578	7362	78269	68764	44066	6182	63966	107735	71372	7816	121580
chr11	42898950	43160949	262000	9	0	262000	156668	105332	18217	7697	11105	13498	10352	7693	10129	10201	11013	4722	8808	7647	10935	6194	6951	11504	10837	6014	971	8484	9477	6874	819	9288	7510	5053	764	7051	10553	8517	950	12170
chr11	43160950	43262949	102000	8	0	102000	61518	40482	7437	3025	4182	5370	4118	2967	3868	4109	4181	1894	3336	3079	4278	2383	2741	4550	4249	2281	374	3364	3748	2503	305	3494	2876	1995	231	2570	4188	3271	332	4699
chr11	43262950	43384949	122000	7	0	122000	72618	49382	9557	3689	5084	6103	4748	3426	4851	4242	4833	2179	4147	3189	5296	2957	3233	5082	4681	2857	623	4090	4317	2949	672	4345	3480	2864	633	3523	4789	3613	588	5358
chr11	43384950	43567949	183000	6	0	183000	108619	74381	13890	5384	7646	8969	6753	5370	7483	6673	7465	3450	6128	4871	7781	4389	4982	7383	7261	4295	893	6144	6686	4734	835	6445	5140	4095	710	5229	7193	5576	724	8421
chr11	43567950	43857949	290000	5	0	290000	177235	112765	24573	9012	11969	15588	11273	7928	10620	10731	11723	5117	8990	8044	13573	6961	8067	13065	11415	6558	1299	9746	10063	6679	1315	9527	7697	5969	1200	7422	11376	8378	1168	12952
chr11	43857950	44776949	919000	4	0	919000	491443	427557	53272	23941	35992	33283	31886	30799	46049	30860	33987	19561	37941	22883	27343	17095	20938	25612	34178	24534	4839	27845	41364	35997	6769	41275	29584	30226	5484	31090	34469	34648	4544	40710
chr11	44776950	44815998	39049	3	0	39049	19704	19345	1873	925	1395	1118	1223	1681	2175	1359	1346	855	1724	901	869	668	797	794	1637	1120	230	1143	1896	1792	296	1889	1476	1401	221	1417	1429	1560	195	1642
chr11	44815999	44866948	50950	3	0	50950	25892	25058	2232	1211	2023	1640	1717	1879	2817	1785	1864	1168	2188	1208	1293	760	1002	1105	1893	1429	270	1426	2442	2338	359	2559	1884	1876	248	1904	1979	2057	251	2141
chr11	44866949	45158948	292000	2	0	292000	147675	144325	13744	6996	10941	8961	9477	10718	16072	9779	10284	6471	12933	7012	7137	4764	5905	6480	10855	8080	1743	8271	14236	13618	2495	14351	10209	11094	1953	10719	10747	11908	1535	12510
chr11	45158949	45394260	235312	3	0	235312	124970	110342	12974	6143	9059	8455	8208	8060	11943	8322	8765	5051	9544	6041	6685	4139	5336	6244	8789	6413	1265	6926	10749	9305	1706	10683	8019	7735	1346	8004	8976	8989	1167	10269
chr11	45394262	45414949	20688	3	0	20688	10706	9982	1048	470	771	681	617	727	1137	745	746	475	963	516	559	357	396	498	745	583	135	566	930	892	147	1032	758	680	96	716	792	846	110	952
chr11	45414950	45471949	57000	4	0	57000	29604	27396	2819	1396	2257	1910	1970	2013	3084	1990	2064	1243	2479	1456	1529	926	1171	1296	2024	1608	272	1674	2822	2437	306	2696	2069	1898	263	2084	2142	2317	245	2538
chr11	45471950	45606949	135000	3	0	135000	70390	64610	6471	3211	5340	4572	4538	4771	7112	4758	5022	3045	6067	3435	3563	2280	2860	3345	5085	3697	635	3890	6304	5868	723	6686	4415	4507	552	4677	5375	5509	560	6125
chr11	45606950	45724507	117558	2	0	117558	60849	56709	5918	2908	4839	3757	3981	3946	6177	3929	4480	2744	4967	2856	3042	1912	2680	2712	4185	3202	613	3510	5541	5246	851	5671	3913	4123	683	4123	4394	4738	557	5358
chr11	45724508	45764948	40441	2	0	40441	21292	19149	2362	1000	1530	1417	1377	1364	2081	1299	1405	889	1853	1016	1166	755	813	964	1470	1050	226	1262	1793	1544	402	1871	1302	1417	291	1357	1556	1599	221	1787
chr11	45764949	46003948	239000	1	0	239000	125661	113339	13920	6140	8609	8472	8010	8113	12510	7368	7998	5138	9906	5696	7212	4578	5602	6388	8683	6441	1520	7324	10726	9523	2344	10789	7921	8880	1994	8455	8671	8538	1470	10059
chr11	46003949	46214948	211000	2	0	211000	126817	84183	17652	6347	8688	10735	7944	6229	8081	7286	8171	3733	6992	5562	9655	5109	5792	8840	8335	4714	1035	7334	7289	5213	1153	7303	5817	4761	1004	5766	8099	6271	938	9150
chr11	46214949	46320708	105760	1	0	105760	53620	52140	5761	2472	3653	3442	3298	3793	5673	3105	3425	2310	4923	2485	2844	1811	2177	2446	3590	2989	724	3083	5038	4758	1174	5190	3464	4196	1067	3723	3778	4217	719	4430
chr11	46320710	46816083	495374	1	0	495374	265647	229727	33014	12791	17859	18378	17216	16717	24814	14583	16280	10033	20570	12177	15532	10150	11828	13704	17467	13492	3041	15691	21746	17308	4860	21963	15823	17893	4359	17023	18295	17185	3186	20394
chr11	46816084	47441286	625203	1	0	625203	334017	291186	41090	15843	22575	22770	21292	21521	30843	19154	20803	12865	26006	15442	19093	12429	14577	17712	22242	17157	3926	19333	27736	23462	6224	27399	19689	22292	5523	21086	23143	21910	3881	26183
chr11	47441287	47727947	286661	1	0	286661	155452	131209	21157	7677	10023	10673	10321	9914	13883	8335	9078	5640	12163	6889	8974	5927	6997	7800	10224	7869	1781	9284	12313	9025	2822	12240	9271	10177	2656	9776	10645	9330	2029	11766
chr11	47727948	48109947	382000	2	0	382000	209210	172790	27451	10381	13440	14903	13811	13291	18351	11799	12401	7432	15789	9617	12512	7991	8884	11155	13834	10610	2329	12323	16553	11792	3379	16037	12181	12900	3071	12542	14685	12459	2533	15562
chr11	48109948	48192947	83000	3	0	83000	46983	36017	5962	2438	3167	3436	3119	2825	3805	3073	3069	1673	3031	2250	2853	1703	1902	2676	3523	2169	431	2516	3426	2477	464	3262	2629	2198	376	2522	3244	2785	389	3605
chr11	48192948	48253947	61000	4	0	61000	36981	24019	4733	1887	2494	3118	2517	1955	2288	2419	2562	1086	1895	1786	2420	1423	1658	2739	2721	1426	248	1956	2217	1360	188	1989	1699	1161	133	1591	2543	1807	181	2798
chr11	48253948	48313947	60000	5	0	60000	37188	22812	4958	1929	2469	3345	2578	1660	2109	2519	2588	1078	1720	1809	2577	1373	1675	2801	2592	1353	174	1920	2163	1273	130	1828	1593	1000	118	1471	2518	1769	154	2754
chr11	48313948	48424947	111000	6	0	111000	67719	43281	8978	3496	4685	5826	4622	3031	4122	4531	4697	2067	3296	3154	4689	2610	3026	4887	4632	2682	348	3543	4183	2603	237	3731	3063	2064	208	2773	4428	3405	299	5082
chr11	48424948	48588947	164000	7	0	164000	103056	60944	13844	5146	6646	9644	6854	4452	5575	6967	7108	2986	4443	4976	7473	4070	4656	8215	7265	3550	574	5265	5558	3243	413	4800	4118	2555	339	3750	6907	4665	436	7505
chr11	48588948	48915947	327000	8	0	327000	202773	124227	31252	11745	15541	15294	14739	10729	11812	12292	18865	4713	10300	9943	8975	5552	8022	12997	14498	5654	1403	11184	9489	4837	1005	9100	9941	4695	1114	7486	15645	9245	1026	17905
chr11	48915948	49333947	418000	9	0	418000	262853	155147	36162	12804	17444	24722	16592	11305	14575	15978	18493	7059	12615	11552	19885	10358	11200	22107	17639	8218	1738	13931	12827	7879	1553	12598	10895	7017	1279	9853	17089	11743	1436	19452
chr11	49333948	49958897	624950	10	0	624950	398991	225959	55222	19180	25854	38893	25054	16443	20179	25468	26596	10604	17040	17639	32277	16157	17710	34674	27058	12442	2263	20621	19104	11263	1928	18060	15639	9977	1658	14066	25343	16673	1827	28036
chr11	49958899	49958953	55	10	0	55	45	10	16	1	1	7	2	1	1	3	3	0	0	1	3	1	1	3	1	0	0	2	0	0	0	0	2	0	0	0	4	0	0	0
chr11	49958955	49960079	1125	10	0	1125	638	487	70	30	32	56	37	35	56	45	40	18	52	29	39	19	34	44	40	23	1	38	51	31	1	47	49	34	0	33	33	42	8	56
chr11	49960081	49960118	38	10	0	38	16	22	0	1	1	0	2	2	2	0	1	1	0	1	0	0	3	1	0	2	0	2	3	2	0	3	2	4	0	0	1	1	0	1
chr11	49960120	49970580	10461	10	0	10461	6122	4339	764	350	429	480	493	304	460	410	415	207	298	293	352	213	258	395	448	285	23	318	492	290	12	363	340	220	12	322	387	361	23	442
chr11	49970582	49970606	25	10	0	25	18	7	4	1	2	1	2	0	0	0	2	0	1	0	1	1	1	1	1	0	0	1	0	0	0	1	0	0	0	0	1	1	0	1
chr11	49970607	49970661	55	10	0	55	39	16	9	1	2	6	0	1	1	3	2	1	0	1	7	0	0	4	2	0	0	1	2	2	0	2	1	1	0	0	0	4	0	0
chr11	49970663	49971113	451	10	0	451	303	148	49	11	15	25	18	24	15	17	13	5	5	22	19	14	13	36	32	7	2	13	12	5	0	6	12	4	0	10	19	7	0	19
chr11	49971118	49976370	5253	10	0	5253	3463	1790	533	172	171	396	225	152	152	214	212	71	120	157	302	147	148	291	265	103	18	156	165	75	16	127	115	72	23	94	197	133	15	214
chr11	49976376	49976757	382	10	0	382	204	178	49	6	8	11	11	12	24	11	10	9	19	10	4	5	7	6	9	10	3	10	18	13	1	20	13	18	2	13	18	11	4	15
chr11	49976763	49976963	201	10	0	201	125	76	20	4	10	12	5	4	9	11	14	2	9	1	6	5	3	8	3	4	0	8	4	3	0	8	11	4	0	5	11	4	0	11
chr11	49976964	49984871	7908	9	0	7908	4972	2936	585	225	346	457	289	211	269	325	328	140	229	238	410	226	246	446	311	185	17	289	265	154	17	247	195	122	12	187	324	222	22	367
chr11	49984872	49989370	4499	9	0	4499	2955	1544	384	137	217	304	189	97	136	164	214	74	114	141	255	119	145	263	183	83	9	152	125	54	9	130	102	59	3	92	176	122	7	238
chr11	49989372	49989402	31	9	0	31	20	11	0	0	1	1	0	1	0	1	2	0	1	0	0	2	4	6	1	0	0	2	0	0	0	1	1	0	0	3	0	1	0	1
chr11	49989404	49991425	2022	9	0	2022	1316	706	177	59	99	126	87	40	64	83	96	39	52	63	101	42	52	135	85	33	5	57	61	39	0	56	45	30	3	41	83	54	0	113
chr11	49991426	49994258	2833	9	0	2833	1788	1045	241	97	156	163	142	56	96	86	142	47	72	75	133	67	84	130	114	67	1	85	88	54	1	108	73	48	3	66	104	82	1	149
chr11	49994259	49997951	3693	9	0	3693	2098	1595	300	119	164	141	154	87	151	142	142	82	127	79	130	74	96	108	129	99	19	115	168	145	16	140	115	93	9	117	122	132	10	166
chr11	49997953	50001284	3332	9	0	3332	2170	1162	350	130	164	205	140	65	98	127	117	51	79	78	242	79	87	158	142	68	11	104	96	75	2	109	77	56	1	94	115	85	4	121
chr11	50001286	50003987	2702	9	0	2702	1583	1119	208	85	132	107	111	92	116	88	123	52	94	79	91	47	76	80	108	77	7	84	110	65	5	95	82	50	2	86	107	83	4	154
chr11	50004006	50005959	1954	9	0	1954	1116	838	153	65	61	83	76	59	111	58	70	52	65	52	63	32	52	63	85	56	6	62	73	57	11	73	71	36	8	61	75	65	5	93
chr11	50005960	50009532	3573	9	0	3573	2168	1405	277	132	150	189	168	85	128	147	175	63	121	126	127	69	86	124	151	90	16	92	134	79	10	119	92	48	5	83	151	125	19	190
chr11	50009534	50011836	2303	9	0	2303	1345	958	175	72	78	108	85	82	111	80	78	40	80	69	94	50	57	85	98	64	7	75	103	51	3	88	65	59	5	73	92	71	13	90
chr11	50011838	50012357	520	9	0	520	324	196	61	14	22	30	21	18	21	18	23	9	14	9	21	17	10	14	24	14	0	20	19	16	1	13	16	5	0	13	19	14	1	21
chr11	50012359	50012375	17	9	0	17	10	7	1	0	0	1	0	1	1	1	0	0	0	1	1	1	1	1	1	0	0	1	1	0	0	1	0	0	0	0	1	0	0	0
chr11	50012377	50012809	433	9	0	433	269	164	33	14	20	26	15	17	11	14	18	7	13	14	26	6	14	20	14	11	2	16	18	14	0	14	8	7	0	7	17	14	0	21
chr11	50012821	50014831	2011	9	0	2011	1209	802	132	57	86	105	65	57	78	77	91	27	75	65	92	52	61	89	65	51	7	70	75	41	2	83	54	42	8	44	83	67	5	103
chr11	50014832	50015475	644	9	0	644	387	257	48	18	24	33	20	16	31	23	25	17	19	26	29	10	23	24	26	16	1	18	28	12	1	21	11	12	2	21	25	23	2	37
chr11	50015478	50017174	1697	9	0	1697	1192	505	204	60	71	130	65	39	44	64	67	33	30	42	128	38	45	130	72	32	0	66	38	26	2	31	28	10	0	28	74	29	4	65
chr11	50017175	50017839	665	9	0	665	498	167	104	22	31	54	29	9	9	22	26	4	13	24	53	22	17	58	26	11	1	18	11	2	0	12	5	3	0	10	27	9	1	30
chr11	50080206	50080997	792	9	0	792	452	340	43	17	26	32	25	35	37	26	17	19	33	20	33	20	25	42	32	24	0	35	33	18	2	35	23	19	2	28	35	27	2	25
chr11	50081001	50082352	1352	9	0	1352	856	496	141	44	55	75	53	37	46	44	47	25	39	29	73	37	35	74	62	26	8	47	41	30	6	36	32	28	6	34	45	29	8	58
chr11	50082353	50086094	3742	9	0	3742	2039	1703	231	84	149	133	135	123	192	135	126	89	188	100	107	71	94	80	134	108	6	119	180	123	10	158	109	109	2	142	162	131	6	204
chr11	50086107	50087679	1573	9	0	1573	917	656	100	42	62	77	58	61	72	62	61	43	61	40	62	33	36	47	70	41	7	60	60	43	1	54	43	25	3	42	80	49	1	75
chr11	50087681	50087721	41	9	0	41	26	15	4	1	1	4	1	2	2	0	0	0	2	1	4	1	0	1	0	3	0	1	2	1	0	2	0	1	0	1	3	0	0	1
chr11	50087723	50087861	139	9	0	139	78	61	7	5	4	5	6	2	6	5	1	2	8	5	7	2	4	9	3	3	0	4	5	4	0	6	5	7	0	6	6	2	2	6
chr11	50087862	50090826	2965	9	0	2965	1592	1373	159	64	108	110	89	123	145	107	98	62	143	85	94	59	77	68	112	82	10	104	136	111	10	135	94	76	11	103	122	124	11	131
chr11	50090828	50091523	696	9	0	696	348	348	35	15	24	18	27	28	36	24	20	13	41	23	8	11	16	7	20	23	1	23	37	22	3	46	22	25	0	29	36	38	4	19
chr11	50091524	50091945	422	9	0	422	222	200	31	10	10	11	14	15	31	14	9	12	21	11	7	8	11	6	14	12	0	18	18	11	0	21	20	19	1	12	22	8	1	22
chr11	50091946	50092239	294	9	0	294	178	116	39	10	13	10	13	8	10	7	8	4	11	8	11	7	7	11	12	7	0	10	13	7	2	13	3	11	0	6	10	9	0	12
chr11	50092244	50094174	1931	9	0	1931	1126	805	157	43	63	96	72	74	91	74	63	44	60	46	68	44	58	72	85	44	6	69	82	51	7	59	60	54	2	72	84	50	7	72
chr11	50094177	50094807	631	9	0	631	398	233	42	17	22	41	31	17	25	29	21	11	19	31	27	11	15	37	26	10	0	20	23	8	0	16	20	14	0	14	34	15	2	31
chr11	50094808	50095151	344	9	0	344	204	140	39	10	18	10	16	4	13	7	9	5	21	5	14	9	12	10	7	7	0	14	12	4	0	20	12	14	0	10	9	11	0	20
chr11	50095155	50096593	1439	9	0	1439	735	704	74	37	42	49	52	49	86	55	39	25	71	37	38	32	29	19	44	55	5	39	91	53	2	76	45	59	5	57	62	54	0	56
chr11	50096597	50097605	1009	9	0	1009	531	478	70	28	41	28	38	36	55	26	29	25	39	19	31	18	22	25	33	36	5	33	54	43	3	51	27	32	5	43	41	40	1	30
chr11	50097607	50097630	24	9	0	24	11	13	0	1	1	0	1	0	2	0	1	2	2	0	0	0	0	0	2	0	0	1	1	1	0	1	1	1	0	0	0	1	0	3
chr11	50097632	50672328	574697	9	0	574697	353259	221438	53783	19771	23830	28623	23188	18199	22728	22258	28648	8261	17789	17660	20387	10649	13929	23555	24839	11148	2165	18728	19262	10846	1778	17037	16489	9819	1769	15199	25783	17110	2154	27311
chr11	50672329	50783328	111000	8	0	111000	69713	41287	11370	4056	5492	5115	5522	4101	3710	4062	6908	1266	3764	3514	2234	1735	2665	4197	5212	1519	427	4000	2973	1006	210	2664	3560	1350	441	2473	5650	2978	330	6494
chr11	50783329	50809938	26610	9	0	26610	16821	9789	2758	1052	1380	1151	1384	1074	891	843	1786	219	1038	847	412	360	615	1009	1244	307	92	1062	556	178	51	611	933	289	68	508	1460	622	65	1743
chr11	50809939	50809993	55	9	0	55	35	20	5	5	2	1	3	2	2	3	4	0	3	1	0	0	1	1	4	0	0	3	0	0	0	1	2	0	0	2	5	1	0	2
chr11	50809994	50821348	11355	9	0	11355	6908	4447	1036	441	534	490	572	383	397	421	640	182	371	320	252	186	287	395	536	198	62	396	349	187	52	293	370	161	43	286	517	335	47	614
chr11	54525075	54540780	15706	9	0	15706	9264	6442	1237	743	785	561	699	583	567	488	1171	227	630	475	219	212	295	372	707	235	185	638	438	157	174	386	476	127	85	330	715	636	228	923
chr11	54540781	54631780	91000	8	0	91000	56329	34671	7814	3104	3839	4937	4039	2552	3284	3589	4217	1541	2658	2706	3624	1990	2466	3968	3949	1920	338	2981	3152	1817	231	2749	2555	1523	173	2161	3808	2689	268	4356
chr11	54631781	54748780	117000	9	0	117000	74429	42571	10044	3661	4900	7047	4703	3195	3870	4995	5266	2120	3092	3474	5640	2984	3322	6114	5241	2475	400	3844	3779	2099	240	3397	2770	1685	162	2527	4974	3256	306	5416
chr11	54748781	54769780	21000	10	0	21000	13108	7892	2222	759	904	1085	852	682	866	801	1186	258	601	662	710	331	447	742	941	349	79	661	654	369	44	562	585	321	52	566	1021	591	67	1028
chr11	54769781	54926183	156403	9	0	156403	97546	58857	16337	5974	6859	7544	6497	5182	6205	6087	9461	1720	4572	5202	4420	2167	3604	5713	6989	2566	521	4967	4817	2273	375	4208	4644	2096	449	3997	7522	4738	627	8068
chr11	54926184	54926731	548	9	0	548	341	207	62	22	27	22	22	18	27	15	37	3	17	22	12	4	14	16	28	4	1	14	12	10	1	15	17	7	0	18	25	17	0	37
chr11	54926732	54927975	1244	10	0	1244	758	486	115	40	65	59	47	51	52	43	92	11	38	45	25	14	22	39	56	21	4	35	33	21	3	42	35	16	3	30	69	41	6	69
chr11	54927976	54929231	1256	10	0	1256	785	471	143	45	62	56	53	45	50	51	84	10	36	42	27	15	19	45	63	15	2	35	38	16	3	31	40	14	5	37	59	43	6	64
chr11	54929232	54930931	1700	10	0	1700	1064	636	186	74	68	75	69	69	84	60	109	12	47	62	38	13	32	65	86	17	7	58	45	18	4	34	69	18	6	43	82	47	5	96
chr11	54930933	54931740	808	10	0	808	473	335	67	21	33	30	27	29	40	33	35	15	32	26	21	9	17	37	30	18	3	23	30	17	1	30	33	14	0	27	36	29	2	41
chr11	54931741	54931755	15	10	0	15	8	7	1	0	0	1	2	1	0	0	0	0	1	1	0	0	0	0	1	0	0	0	1	0	0	1	0	2	0	0	1	0	0	0
chr11	54931756	54931927	172	10	0	172	110	62	14	7	7	9	7	5	8	6	11	2	5	7	4	2	5	9	5	5	0	6	6	1	0	4	7	1	0	2	8	4	0	13
chr11	54931929	54931955	27	10	0	27	17	10	1	1	1	1	0	0	0	3	2	1	0	1	1	1	1	3	1	0	1	0	1	0	0	1	0	0	0	0	1	2	0	1
chr11	54931957	54932186	230	10	0	230	139	91	21	6	8	15	12	9	12	8	15	3	8	8	2	0	3	9	10	3	0	5	8	2	0	6	7	4	1	9	15	7	1	11
chr11	54932188	54932229	42	10	0	42	30	12	6	3	3	0	1	1	2	0	4	0	1	1	0	0	2	4	1	0	0	3	0	0	0	0	1	0	0	1	2	0	0	4
chr11	54932231	54933449	1219	10	0	1219	774	445	132	49	56	59	44	45	52	44	92	6	34	38	28	14	30	50	52	19	1	41	26	12	2	33	36	15	5	32	71	27	6	66
chr11	54933455	54935569	2115	10	0	2115	1351	764	243	82	88	101	71	70	86	89	143	17	63	80	57	21	58	82	92	25	7	65	49	24	2	50	64	17	8	56	111	59	9	124
chr11	54935571	54935609	39	10	0	39	26	13	6	1	2	3	0	1	3	2	4	0	1	1	2	0	0	0	1	0	0	1	0	0	0	0	1	0	0	2	3	0	0	3
chr11	54935611	54937675	2065	10	0	2065	1293	772	215	79	93	96	86	71	90	76	130	16	59	74	52	21	50	83	92	25	4	66	62	24	3	48	73	22	6	67	96	66	7	111
chr11	54937677	54937771	95	10	0	95	57	38	13	1	5	3	3	5	2	3	5	2	5	1	1	1	2	4	3	4	0	2	3	2	1	3	2	0	0	4	4	3	1	5
chr11	54937773	54939133	1361	10	0	1361	842	519	150	46	58	64	52	55	60	50	83	13	43	52	33	10	31	42	59	21	3	41	44	14	2	34	49	17	4	38	65	41	7	78
chr11	54939134	54939144	11	10	0	11	5	6	0	0	0	0	0	2	0	1	0	0	1	0	0	0	0	0	2	0	0	0	1	1	0	0	0	0	0	0	0	1	0	0
chr11	54939145	54940821	1677	10	0	1677	1058	619	194	69	81	74	67	60	74	66	114	12	50	61	43	12	28	53	79	19	6	48	46	15	3	36	54	19	5	50	88	46	4	99
chr11	54940822	54940836	15	10	0	15	8	7	1	1	1	0	1	0	0	0	1	1	0	0	0	0	0	0	1	0	0	1	1	1	0	1	0	0	0	0	0	2	0	0
chr11	54940837	54942657	1821	10	0	1821	1149	672	210	68	79	94	66	60	77	63	114	14	65	62	61	14	34	67	72	24	7	54	50	25	3	46	58	18	6	54	86	57	10	101
chr11	54942659	54942675	17	10	0	17	11	6	1	1	1	1	1	0	0	0	1	1	0	1	0	1	1	0	1	0	1	0	0	0	0	0	0	0	0	0	0	0	1	2
chr11	54942677	54943720	1044	10	0	1044	658	386	112	37	46	53	40	39	43	39	63	9	30	41	33	7	23	43	43	14	3	31	25	14	2	29	38	13	3	26	54	29	4	56
chr11	54943721	54943730	10	10	0	10	8	2	1	0	0	1	2	0	0	0	1	0	0	1	0	0	0	0	0	0	0	0	0	0	0	0	0	0	0	0	2	0	0	0
chr11	54943731	54945421	1691	10	0	1691	1071	620	187	59	67	83	56	60	69	75	110	14	56	62	43	16	39	74	68	23	7	51	43	24	4	38	58	14	4	44	91	48	3	99
chr11	54945430	54947304	1875	10	0	1875	1130	745	189	65	75	91	68	76	72	64	115	21	52	57	48	23	53	60	74	41	14	56	57	41	11	54	65	27	11	49	85	54	12	93
chr11	54947305	54947318	14	10	0	14	3	11	0	0	0	0	0	1	1	0	0	0	1	0	0	0	0	0	0	1	0	0	1	0	1	1	1	1	1	1	0	0	1	0
chr11	54947319	54948297	979	10	0	979	501	478	68	32	42	19	32	23	64	25	43	25	46	20	18	16	20	8	30	29	8	28	37	39	7	49	41	27	3	45	36	37	10	50
chr11	54948299	54948345	47	10	0	47	29	18	5	0	3	2	2	1	0	2	3	2	1	1	0	0	2	3	1	0	1	1	2	1	0	1	1	1	0	2	1	2	1	3
chr11	54948347	54952084	3738	10	0	3738	2279	1459	296	130	166	211	203	83	136	136	177	67	111	126	128	80	97	131	157	90	14	98	150	69	9	116	98	69	8	99	153	116	15	197
chr11	54952086	54952126	41	10	0	41	28	13	3	2	0	5	3	0	1	1	2	0	1	2	2	1	2	2	2	0	0	1	1	1	0	0	0	1	0	1	2	1	0	2
chr11	54952128	54952513	386	10	0	386	233	153	37	15	9	16	15	14	16	23	16	7	10	15	9	8	9	12	18	10	0	16	22	9	0	8	9	7	1	5	19	13	1	15
chr11	54952515	54952538	24	10	0	24	14	10	0	0	0	1	1	4	0	3	0	0	0	0	0	2	0	2	5	0	2	0	0	0	0	0	2	0	0	0	0	0	0	0
chr11	54952540	54952965	426	10	0	426	241	185	16	17	4	16	13	23	13	35	14	8	10	13	10	11	13	24	29	13	1	16	22	18	2	10	18	4	1	5	15	18	2	10
chr11	54952974	54953200	227	10	0	227	152	75	30	9	16	9	9	7	11	6	19	1	5	8	6	3	2	9	8	2	1	9	3	0	1	2	7	1	0	8	15	3	0	15
chr11	54953202	54953264	63	10	0	63	42	21	8	3	3	1	1	3	2	4	4	1	2	2	2	0	2	2	3	1	0	3	0	0	0	1	4	0	0	0	3	0	0	6
chr11	54953266	54953324	59	10	0	59	35	24	5	2	0	6	4	1	2	2	5	0	2	1	0	0	1	3	2	0	0	1	3	2	2	1	0	2	0	2	4	4	0	0
chr11	54953325	54953339	15	10	0	15	9	6	3	1	0	0	1	1	1	0	0	1	0	0	0	0	0	0	2	0	0	1	1	0	0	0	0	0	0	0	0	1	0	0
chr11	54953340	54955164	1825	10	0	1825	1161	664	202	65	76	103	83	57	76	77	108	21	48	57	53	23	33	77	82	17	7	60	50	23	1	45	65	27	4	48	96	52	6	81
chr11	54955166	54955214	49	10	0	49	26	23	2	4	1	2	4	0	2	2	1	0	0	2	2	2	0	2	1	2	3	0	3	2	0	2	3	1	1	1	1	1	0	0
chr11	54955216	54961757	6542	10	0	6542	4165	2377	739	257	301	327	265	207	242	248	430	56	192	236	190	86	147	241	256	103	27	220	196	78	13	163	166	72	20	148	344	197	22	351
chr11	54961759	54961808	50	10	0	50	31	19	6	3	2	2	1	2	3	3	4	0	2	1	2	0	0	0	1	0	0	3	1	1	0	0	3	0	0	1	4	0	0	3
chr11	54961810	54963473	1664	10	0	1664	1038	626	166	61	61	79	60	65	55	87	85	18	34	61	55	36	44	69	80	40	7	54	63	36	5	39	48	17	6	33	76	50	4	68
chr11	54963474	54963861	388	10	0	388	243	145	36	17	18	16	15	14	15	19	26	2	11	16	10	3	6	19	20	3	0	12	10	5	1	13	7	7	1	9	25	14	0	16
chr11	54963862	54966242	2381	10	0	2381	1541	840	298	89	109	118	92	90	92	75	156	9	69	87	69	41	54	92	111	38	6	73	50	23	2	69	60	21	8	57	128	62	6	125
chr11	54966243	54971802	5560	10	0	5560	3511	2049	556	212	236	308	251	195	195	242	329	68	138	184	175	80	119	222	270	87	20	178	187	90	10	123	150	76	15	123	275	157	23	264
chr11	54971804	54971841	38	10	0	38	24	14	4	2	2	1	0	3	1	3	2	0	1	2	2	0	0	0	3	1	0	1	0	0	0	1	2	0	0	0	2	1	0	2
chr11	54971843	54972046	204	10	0	204	126	78	18	10	7	12	14	7	10	7	11	4	6	4	4	5	3	3	15	2	1	8	5	2	1	3	5	3	0	8	13	4	0	7
chr11	54972055	54978643	6589	10	0	6589	4158	2431	714	260	309	316	269	234	279	259	449	64	184	235	167	66	121	230	300	76	28	220	196	66	9	150	205	77	15	157	340	202	24	366
chr11	54978644	54978653	10	10	0	10	8	2	2	0	1	0	0	0	0	0	1	0	0	0	0	1	1	0	0	0	0	1	0	0	0	0	0	0	0	0	0	0	0	1
chr11	54978654	54980377	1724	10	0	1724	1076	648	193	64	75	82	62	64	73	72	117	17	44	56	41	16	37	62	83	23	4	51	49	22	10	36	61	15	9	51	78	57	7	91
chr11	54980378	54980389	12	10	0	12	7	5	0	0	0	1	0	1	1	1	1	0	0	0	0	0	0	0	1	0	0	1	0	0	0	0	2	0	0	0	1	0	0	0
chr11	54980390	54981229	840	10	0	840	527	313	101	31	36	37	31	32	33	32	52	10	25	29	22	10	18	26	40	11	4	28	27	10	2	21	21	11	4	18	40	28	2	46
chr11	54981231	54981295	65	10	0	65	41	24	6	2	2	4	3	2	5	0	4	1	1	2	0	1	1	6	4	0	0	2	2	2	0	1	2	1	0	1	2	2	0	4
chr11	54981297	54981569	273	10	0	273	171	102	29	10	13	14	10	10	12	12	19	1	8	10	8	0	5	9	10	1	2	8	8	2	0	7	13	6	0	6	13	8	0	17
chr11	54981570	54981605	36	10	0	36	22	14	5	2	3	1	1	1	3	1	4	0	0	0	0	0	0	0	0	1	0	2	1	0	0	1	2	0	0	2	2	1	0	1
chr11	54981607	54981682	76	10	0	76	48	28	10	0	4	4	3	3	1	1	5	0	4	3	2	1	1	4	1	1	1	1	3	2	0	3	0	2	0	2	4	3	1	4
chr11	54981683	54983347	1665	10	0	1665	1036	629	178	50	78	84	63	57	63	70	105	12	54	60	44	18	34	66	61	19	4	53	50	29	5	38	62	22	9	44	79	52	6	94
chr11	54983349	54983379	31	10	0	31	20	11	7	2	0	2	1	0	1	1	2	0	0	0	1	0	0	1	0	1	1	0	2	2	1	0	1	0	0	1	0	2	0	0
chr11	54983381	54988445	5065	10	0	5065	3153	1912	539	192	233	237	215	167	202	210	309	41	137	163	138	76	104	190	219	82	14	161	166	66	10	135	178	82	17	131	231	147	22	249
chr11	54988455	54990461	2007	10	0	2007	1250	757	180	65	82	113	103	31	74	88	83	46	53	68	74	54	59	77	86	50	7	52	71	33	5	65	51	34	1	50	88	57	5	100
chr11	54990469	54990567	99	10	0	99	60	39	9	5	2	4	3	5	4	2	4	2	5	3	4	2	3	3	6	3	0	5	3	0	0	4	1	0	0	1	4	6	0	4
chr11	54990569	54990595	27	10	0	27	13	14	0	1	1	0	1	3	2	0	2	1	1	0	0	0	0	0	2	0	0	3	2	0	0	1	1	1	0	0	1	2	0	0
chr11	54990600	54991197	598	10	0	598	360	238	42	19	19	26	24	27	11	41	20	10	13	12	20	22	17	35	35	17	10	18	26	20	1	14	22	5	1	14	20	19	2	14
chr11	54991198	54991212	15	10	0	15	10	5	0	0	0	1	0	0	0	4	1	0	1	1	0	0	0	0	0	0	0	0	0	0	0	0	2	0	0	0	2	0	0	1
chr11	54991213	54996131	4919	10	0	4919	3065	1854	536	182	215	223	178	187	211	189	314	41	136	177	129	50	108	187	229	65	19	147	150	64	15	113	164	67	19	134	222	146	23	277
chr11	54996133	54999898	3766	10	0	3766	2385	1381	422	150	175	176	143	130	151	158	243	36	96	121	115	39	85	145	168	56	11	120	102	44	8	90	126	45	12	101	185	99	17	195
chr11	54999905	55007082	7178	10	0	7178	4530	2648	827	287	318	334	292	251	287	266	473	54	208	252	173	83	160	264	321	90	25	239	202	84	21	173	214	85	29	178	359	221	23	383
chr11	55007084	55007103	20	10	0	20	11	9	2	0	1	0	1	1	1	0	1	0	1	0	0	1	1	0	1	0	0	1	0	0	0	2	0	2	0	0	2	0	0	0
chr11	55007105	55010023	2919	10	0	2919	1827	1092	327	118	133	129	111	107	127	96	204	16	78	111	65	29	68	108	132	35	7	96	73	48	6	89	83	42	6	64	152	91	9	157
chr11	55010024	55010559	536	10	0	536	356	180	73	19	26	32	29	14	17	21	33	7	11	12	17	8	12	23	26	6	0	16	14	4	0	13	20	3	1	14	21	18	1	23
chr11	55010562	55015381	4820	10	0	4820	3060	1760	534	171	217	252	188	171	189	189	308	40	145	162	143	59	103	187	203	72	9	157	146	48	11	118	146	50	15	129	242	153	11	250
chr11	55015382	55015397	16	9	0	16	11	5	1	1	1	0	0	2	1	0	1	0	0	1	1	0	0	0	2	0	0	1	0	0	0	0	0	0	0	0	1	0	0	1
chr11	55015398	55018583	3186	10	0	3186	1998	1188	331	119	141	159	147	102	118	113	197	31	103	108	74	48	88	118	134	58	7	100	99	41	7	80	95	36	9	82	152	92	7	188
chr11	55018585	55018630	46	10	0	46	25	21	1	2	2	2	3	2	4	0	3	1	2	1	0	1	0	1	3	1	0	2	0	0	0	2	2	0	0	2	3	2	0	2
chr11	55018632	55020122	1491	10	0	1491	913	578	113	47	62	86	92	30	49	64	61	24	46	56	42	38	33	69	62	32	6	39	63	27	1	50	38	33	3	36	72	48	2	65
chr11	55020123	55020135	13	9	0	13	8	5	1	0	1	0	1	0	1	0	0	1	0	2	0	0	0	0	1	0	0	0	0	0	0	0	0	0	0	0	2	0	0	1
chr11	55020136	55020888	753	10	0	753	464	289	73	35	27	41	37	21	24	37	38	13	16	22	26	15	23	14	39	19	4	22	34	11	1	24	16	16	3	11	30	24	2	33
chr11	55020890	55020932	43	10	0	43	25	18	1	0	2	1	2	0	1	2	0	1	0	1	2	3	1	6	0	3	0	2	5	3	0	1	0	1	0	1	0	2	0	0
chr11	55020934	55021276	343	10	0	343	200	143	20	10	8	19	17	16	9	27	13	9	7	12	7	6	5	14	23	6	2	10	18	14	1	6	11	3	2	4	17	15	1	9
chr11	55021278	55021318	41	10	0	41	21	20	1	0	0	2	0	0	0	5	0	2	1	0	2	1	4	3	1	1	0	0	1	4	0	2	2	1	0	3	1	2	0	0
chr11	55021320	55021422	103	10	0	103	67	36	8	4	2	4	1	7	3	10	0	0	0	0	10	6	2	8	9	4	0	4	3	2	0	2	9	1	0	2	0	0	0	0
chr11	55021423	55021565	143	10	0	143	92	51	23	4	9	4	7	4	4	4	9	0	6	6	1	2	1	8	3	2	0	5	4	1	0	6	4	3	0	1	8	4	0	8
chr11	55021566	55021581	16	9	0	16	10	6	1	0	0	2	1	0	1	1	1	0	1	1	0	0	0	0	0	1	0	0	1	0	0	0	0	0	0	0	1	0	0	2
chr11	55021582	55024471	2890	10	0	2890	1840	1050	325	105	132	127	106	109	107	111	175	18	84	103	85	49	73	129	134	43	10	94	69	34	0	88	85	29	6	78	145	85	14	136
chr11	55024475	55025340	866	10	0	866	552	314	112	29	42	44	36	30	32	27	61	4	25	29	18	12	21	28	36	11	0	28	23	11	2	24	24	12	2	22	42	26	4	47
chr11	55025341	55025357	17	9	0	17	14	3	3	0	0	2	0	0	1	0	1	0	0	2	1	0	1	1	0	0	0	0	0	0	0	0	0	0	0	0	1	0	0	2
chr11	55025358	55026708	1351	10	0	1351	864	487	179	57	55	56	53	40	44	53	79	6	39	59	36	17	35	54	46	24	4	46	47	21	2	38	35	18	2	21	62	45	8	68
chr11	55026709	55104000	77292	9	0	77292	48626	28666	8578	2975	3465	3745	3139	2614	3137	2957	4890	760	2292	2524	2156	958	1616	2820	3383	1096	278	2550	2334	983	152	1876	2354	929	250	2013	3775	2337	284	4070
chr11	55104001	55104074	74	9	0	74	48	26	9	5	2	2	2	4	4	4	6	0	2	2	2	1	1	0	6	1	0	3	1	0	0	1	3	0	0	1	5	1	0	4
chr11	55104075	55365023	260949	9	0	260949	164628	96321	25889	8802	12359	13125	11465	8235	9082	9809	14780	3968	8112	8070	8041	4818	6430	11641	11579	4396	1029	8820	6980	3884	626	7241	7214	3443	595	5584	12818	7008	766	14338
chr11	55365024	55621023	256000	10	0	256000	161002	94998	21325	8031	10615	15051	10450	7010	8647	10956	11124	4661	7053	7482	12124	6304	7137	13031	11278	5434	888	8405	8596	4890	629	7621	6548	4066	503	5819	10641	7346	726	11607
chr11	55621024	55898023	277000	9	0	277000	177227	99773	24122	8742	11093	17526	11330	7502	9007	11482	11964	4716	7476	8047	14067	6898	7599	15655	12452	5498	1037	8871	8533	4822	794	7780	6927	4201	698	5956	11409	7409	817	12568
chr11	55898024	56032023	134000	10	0	134000	85938	48062	11876	4160	5181	8614	5347	3584	4323	5546	5543	2231	3601	4004	7065	3589	3732	7540	6030	2645	576	4313	4069	2336	431	3725	3203	2056	408	2891	5498	3524	449	5908
chr11	56032024	56152023	120000	9	0	120000	77963	42037	11164	3830	4756	8038	4957	3010	3767	4942	5090	1985	3038	3445	6577	3113	3326	6924	5368	2249	461	3860	3549	1918	334	3203	2868	1794	286	2588	4891	3043	389	5235
chr11	56152024	56386023	234000	10	0	234000	151696	82304	21718	7377	9247	15315	9650	5893	7398	9776	9724	3866	5999	6767	12565	6156	6598	13646	10297	4543	830	7622	7094	3893	613	6195	5763	3506	457	5134	9563	5853	650	10290
chr11	56386024	56906023	520000	9	0	520000	327692	192308	44363	16342	21621	30875	21110	14238	17506	21416	22222	8974	14716	14947	25506	13132	14502	26220	22833	10734	2007	17112	16732	9678	1593	15177	13589	8569	1285	12139	21116	14199	1627	23918
chr11	56906024	56922873	16850	8	0	16850	10287	6563	1307	507	650	908	689	474	595	803	720	299	472	539	656	423	437	808	770	355	71	507	583	423	69	521	485	299	42	406	722	520	68	720
chr11	56922875	57032024	109150	8	0	109150	67212	41938	8977	3366	4436	6081	4507	3046	3987	4408	4731	1936	3171	3122	4645	2559	3036	5202	4664	2403	348	3492	3928	2543	265	3393	3050	1962	261	2669	4306	3221	356	5077
chr11	57032025	57099550	67526	7	0	67526	41699	25827	5315	2040	2853	3659	2712	1892	2489	2716	2892	1232	2083	1957	2948	1584	1938	3388	2926	1398	227	2197	2307	1401	147	2104	1845	1236	116	1757	2731	1924	206	3304
chr11	57099552	57143025	43474	7	0	43474	25734	17740	3061	1273	1954	2103	1658	1211	1729	1635	1828	862	1612	1147	1844	968	1183	1665	1683	1010	147	1474	1577	1057	130	1716	1252	938	115	1191	1721	1476	154	2098
chr11	57143026	57229025	86000	6	0	86000	47286	38714	4831	2229	3548	3358	3084	2871	4072	3152	3415	1802	3415	2400	2636	1669	2091	2712	3284	2238	398	2651	3723	2982	412	3824	2773	2348	317	2731	3400	3373	339	3920
chr11	57229026	57343025	114000	5	0	114000	58773	55227	5824	2747	4524	3586	3782	4000	5820	3768	4136	2590	5163	2761	2939	2000	2528	2603	4010	3196	702	3429	5380	5047	949	5390	3775	3988	755	3956	4205	4535	650	5260
chr11	57343026	57368189	25164	4	0	25164	12810	12354	1243	596	956	814	803	919	1378	784	922	527	1119	631	641	428	500	547	874	696	191	709	1171	1129	217	1238	889	925	197	919	952	1005	155	1087
chr11	57368191	57515026	146836	4	0	146836	73973	72863	7380	3477	5486	4289	4685	5430	7725	4417	4957	3259	6884	3496	3610	2563	3113	3202	5066	4356	972	4335	6954	6931	1481	7347	4897	5456	1321	5149	5340	5971	908	6377
chr11	57515027	57649026	134000	3	0	134000	69950	64050	7943	3405	4898	4452	4681	4716	6887	3992	4486	2866	6174	3330	3588	2513	3019	3000	4687	3847	824	4142	6180	5081	1220	6348	4327	4809	1050	4678	5082	5092	872	5809
chr11	57649027	57653668	4642	4	0	4642	2469	2173	265	118	178	185	172	141	210	158	164	105	206	115	145	94	93	120	165	123	45	125	186	217	39	201	166	134	41	139	164	169	35	222
chr11	57653670	57772027	118358	4	0	118358	64548	53810	8809	3289	4511	4440	4268	3694	5312	3284	4031	2322	4950	2888	3941	2548	2943	3316	3905	3369	790	3789	5007	4013	1309	5125	3374	3997	1167	3774	4272	4075	816	5028
chr11	57772028	57985027	213000	5	0	213000	122969	90031	15533	6200	8507	9541	8249	6655	9056	7509	8009	4096	7902	5773	7989	4706	5652	7591	8262	5449	928	7018	8645	5829	1010	8265	6273	5448	886	6237	8289	7022	872	9597
chr11	57985028	58100027	115000	6	0	115000	68197	46803	8868	3465	4452	5653	4712	3436	4612	4648	4596	2230	3749	3337	4262	2515	3051	4610	4766	2805	476	3599	4479	2765	456	4020	3429	2590	402	3103	4734	3560	476	5142
chr11	58100028	58328027	228000	7	0	228000	141437	86563	18395	7011	9464	12879	9258	6229	8000	9425	9872	4075	6841	6686	10224	5500	6294	11284	9618	5001	831	7364	7827	4776	648	7092	6053	3816	575	5486	9414	6751	652	10657
chr11	58328028	58337023	8996	8	0	8996	6000	2996	920	301	427	605	412	207	255	337	413	150	214	264	507	221	249	516	407	172	15	285	245	139	7	207	186	101	5	186	373	186	15	467
chr11	58337024	58951552	614529	8	0	614529	378909	235620	50059	19068	25565	33755	24749	17201	22420	24106	25526	11098	18394	17538	28111	14981	17045	29291	26309	13628	2189	20222	21122	13403	1870	19823	16305	11222	1637	15334	24740	17965	1806	28045
chr11	58951554	58951576	23	8	0	23	13	10	0	1	0	2	3	1	0	0	0	0	2	1	0	1	0	1	1	1	0	1	2	0	0	1	0	0	0	0	1	2	0	0
chr11	58951578	59002026	50449	8	0	50449	30685	19764	4100	1583	2152	2697	2075	1356	1864	2031	2207	904	1549	1452	2151	1154	1323	2086	2076	1105	225	1591	1825	1151	180	1636	1377	987	173	1325	2047	1549	180	2336
chr11	59002027	59152026	150000	7	0	150000	89968	60032	11634	4536	6435	7636	5876	4221	5801	5676	6534	2854	4847	4118	6197	3426	3969	6206	6064	3346	655	4972	5317	3698	674	5145	4213	3016	642	3937	5980	4774	601	6998
chr11	59152027	59417026	265000	6	0	265000	155463	109537	19072	7968	11246	12657	10578	7657	11129	10042	11127	5263	8814	7265	10166	5693	6834	9951	10734	6556	959	8332	10507	7285	955	9711	7652	6025	845	7506	10513	8592	891	12473
chr11	59417027	59547026	130000	5	0	130000	77883	52117	10126	3764	4954	6744	5085	3884	5051	5055	5062	2447	4465	3768	5315	2997	3304	5860	5220	3032	590	4250	4810	3031	618	4466	3607	2859	571	3321	5439	4003	563	5737
chr11	59547027	59684026	137000	4	0	137000	78845	58155	10737	3936	5396	6144	5008	4093	5734	4439	5086	2640	4913	3579	5381	3180	3596	4981	5048	3452	833	4516	5170	3756	1135	5263	3901	3744	1082	4037	5155	4372	868	5823
chr11	59684027	59807026	123000	5	0	123000	70686	52314	8929	3423	4996	5472	4709	3930	5191	4385	4712	2358	4532	3380	4470	2748	3137	4313	4897	2998	608	3956	4811	3471	692	4761	3691	3152	667	3626	4816	4114	541	5512
chr11	59807027	59890026	83000	6	0	83000	50039	32961	6731	2566	3299	4225	3284	2425	3165	3201	3279	1517	2770	2328	3527	1978	2218	3525	3464	1934	359	2729	2993	1910	351	2812	2268	1785	337	2124	3350	2436	321	3787
chr11	59890027	59996026	106000	7	0	106000	65371	40629	8748	3329	4440	5809	4326	2813	3882	4123	4354	1848	3135	3073	4898	2632	3025	4935	4345	2324	400	3552	3621	2251	351	3362	2945	1989	310	2768	4234	3021	355	4800
chr11	59996027	60331026	335000	8	0	335000	206110	128890	27382	10205	13894	18609	13307	9167	12233	12916	13834	6225	10251	9438	15567	8171	9144	15765	13893	7390	1359	11127	11558	7430	1272	10729	8818	6411	992	8163	13354	9758	1133	15503
chr11	60331027	60439529	108503	7	0	108503	65100	43403	7978	3213	4584	5596	4237	3071	4237	4121	4569	2140	3704	3088	4587	2471	2987	4515	4393	2454	432	3616	3978	2595	371	3805	2967	2182	296	2813	4328	3518	377	5278
chr11	60439530	60439602	73	8	0	73	44	29	5	1	4	3	6	0	5	1	1	2	3	5	2	3	0	1	4	0	0	2	1	1	0	2	2	1	0	5	6	2	0	3
chr11	60439603	60440405	803	7	0	803	487	316	65	31	38	38	44	15	22	38	40	13	16	26	22	23	25	30	33	22	4	22	38	16	2	27	16	18	3	19	32	27	3	33
chr11	60440406	60440456	51	8	0	51	35	16	7	1	3	5	3	1	1	1	1	2	1	2	4	0	2	0	2	0	0	1	1	1	0	0	2	0	0	2	1	1	0	4
chr11	60440457	60488026	47570	7	0	47570	29028	18542	3775	1445	1916	2570	1912	1276	1632	1964	1983	858	1523	1339	2036	1125	1444	2229	1880	1069	198	1556	1595	1055	246	1553	1351	944	181	1210	1958	1381	167	2197
chr11	60488027	60577026	89000	6	0	89000	54490	34510	7588	2712	3680	4834	3609	2316	3276	3405	3749	1614	2786	2589	3868	2077	2451	3934	3621	1910	333	2856	3024	2019	421	2866	2386	1741	313	2282	3575	2660	313	4190
chr11	60577027	60663026	86000	5	0	86000	52857	33143	7159	2540	3420	4719	3527	2407	3047	3455	3470	1526	2496	2517	3682	2055	2334	4503	3540	1896	323	2769	3088	1995	404	2623	2322	1727	315	2130	3486	2490	258	3775
chr11	60663027	60755026	92000	4	0	92000	52649	39351	6437	2609	3661	4166	3500	2962	3994	3321	3579	1798	3400	2431	3357	1918	2285	3230	3779	2274	457	2777	3697	2853	459	3559	2839	2374	356	2718	3462	3067	392	4287
chr11	60755027	60865026	110000	3	0	110000	54324	55676	5040	2542	4033	2968	3477	4152	6189	3371	3515	2578	5159	2715	2551	1739	2160	2134	3724	3218	820	3249	5404	5166	1203	5463	4039	4372	947	4102	4021	4480	740	4727
chr11	60865027	60889852	24826	2	0	24826	12888	11938	1231	691	944	772	863	854	1403	801	898	564	962	609	646	457	601	590	971	730	147	719	1195	982	168	1191	862	896	122	922	893	928	133	1079
chr11	60889854	61333027	443174	2	0	443174	224150	219024	23140	10908	16096	13140	14350	17101	23702	13952	14948	10102	19583	10550	10846	7486	8916	9330	16603	12755	3283	12956	20948	19733	4819	20932	15158	16656	3971	16025	16396	17287	3117	18383
chr11	61333028	62060027	727000	1	0	727000	348698	378302	33844	16057	24685	18677	22094	27713	42283	20490	21973	16716	34394	16045	15352	11420	14084	12870	24283	21870	5411	20343	37276	37676	9303	38139	25863	33005	7851	28153	25158	29843	5316	28811
chr11	62060028	62356027	296000	2	0	296000	164318	131682	20483	8324	11201	12137	11129	9964	13691	9927	10642	6110	11374	7743	9890	5881	6761	9059	11644	8014	1668	8953	12609	9620	2165	12250	9078	8884	1791	9137	11380	10126	1676	12687
chr11	62356028	63024027	668000	1	0	668000	337320	330680	39341	16091	23155	20156	22095	23916	35178	18528	20834	14525	30629	16319	16473	11966	14132	13981	21786	19698	5049	19966	31622	28292	8730	32283	22094	27363	7700	23789	24214	25574	5463	27056
chr11	63024028	63107027	83000	2	0	83000	49986	33014	6652	2618	3257	4326	3546	2375	3160	3474	3438	1494	2473	2433	3217	1859	2188	3474	3509	2033	301	2503	3280	2038	301	2685	2466	1692	214	2154	3301	2541	260	3736
chr11	63107028	63443027	336000	3	0	336000	203973	132027	26697	10781	13928	17263	14432	9548	12815	13722	14359	6364	9793	9926	13181	7686	9102	14375	14680	8053	1136	10509	12707	7693	833	10939	9613	6154	709	8558	13518	10272	1020	15632
chr11	63443028	63534027	91000	2	0	91000	51943	39057	6426	2633	3776	3941	3519	2765	3939	3309	3591	1791	3247	2404	3239	1920	2215	3226	3577	2327	408	2797	3686	2851	477	3648	2749	2371	425	2707	3520	3113	376	4025
chr11	63534028	64486027	952000	1	0	952000	459722	492278	49833	21103	31217	26015	28963	36266	53720	25745	28045	20976	44604	20915	21325	15391	17989	17613	31384	28450	7367	26535	47143	48298	14329	48516	33631	43808	12330	35947	32536	37730	7742	36532
chr11	64486028	64584027	98000	2	0	98000	49396	48604	5033	2307	3457	3116	3083	3816	5352	3141	3415	2259	4074	2417	2383	1492	1849	2200	3473	2970	787	2644	4919	4415	1097	4676	3422	3826	813	3397	3578	3896	675	4016
chr11	64584028	65130885	546858	1	0	546858	252272	294586	23228	11375	17631	12161	15581	21748	32499	14558	15771	12793	27032	11651	9815	8191	9954	8284	17602	17197	4395	14913	28917	31463	8365	29731	19719	26524	7386	21125	18146	23292	4462	21347
chr11	65130887	67997692	2866806	1	0	2866806	1423680	1443126	157115	66920	96281	84566	91410	106502	156075	80384	87054	63651	129888	66137	69304	49411	58140	60841	96821	84675	22227	82761	138140	131564	39726	139393	98215	123119	34982	104772	101195	109464	22613	113458
chr11	67997694	68018594	20901	1	0	20901	8748	12153	608	388	555	366	531	983	1385	530	527	459	1055	362	252	252	282	212	681	689	188	524	1214	1522	408	1222	864	1253	325	859	670	902	159	672
chr11	68018596	68021824	3229	1	0	3229	1205	2024	58	49	82	25	68	119	265	63	68	103	175	46	20	19	33	12	73	115	40	62	197	252	73	232	155	230	51	150	90	156	36	110
chr11	68021826	68027910	6085	1	0	6085	2708	3377	202	112	195	106	166	260	402	159	149	158	279	136	98	101	114	71	210	211	42	168	345	401	84	338	227	313	62	252	205	242	43	232
chr11	68027912	68241874	213963	1	0	213963	112713	101250	13953	5439	7515	7591	7119	7842	10823	6346	6953	4500	8812	4915	6473	4245	4738	5448	7773	5814	1676	6763	9374	7888	2565	9346	7067	8163	2255	7385	7917	7307	1562	8394
chr11	68241875	68519031	277157	1	0	277157	137554	139603	15716	6764	8782	8018	8860	11141	15379	7952	8079	6291	12000	6175	6626	4770	5115	5885	10311	8171	2594	7890	13588	12348	3998	12967	9720	12006	3272	10192	9713	10376	2230	10226
chr11	68519032	68872031	353000	2	0	353000	187094	165906	22288	9400	13180	12434	12049	12837	17603	10834	12393	7746	14011	8366	10571	6803	7658	8920	13392	9615	3007	10772	15131	13302	3863	15277	11849	12095	3200	11886	12951	12561	2488	14516
chr11	68872032	68944543	72512	1	0	72512	36331	36181	4152	1908	2431	2047	2332	2789	4048	2064	2271	1667	3234	1607	1783	1225	1389	1383	2623	2185	710	2071	3447	3068	923	3379	2608	2858	837	2692	2555	2706	558	2960
chr11	68944544	68983741	39198	1	0	39198	19232	19966	2005	927	1262	1132	1225	1539	2335	1155	1235	901	1747	972	861	579	655	701	1361	1222	299	1064	2038	1818	463	1936	1418	1653	403	1434	1437	1561	293	1565
chr11	68983743	69177031	193289	1	0	193289	89851	103438	7787	4177	6154	4511	5595	8123	11738	5761	5787	4758	8819	4283	3460	2658	3187	3051	6837	6012	1888	4979	10379	10724	2822	10152	7520	8974	2104	7400	6481	8367	1432	7367
chr11	69177032	69194191	17160	2	0	17160	8527	8633	764	355	620	504	546	683	944	620	572	402	787	465	361	243	281	379	622	522	112	427	894	780	164	852	582	711	129	610	695	677	113	742
chr11	69194193	69321445	127253	2	0	127253	61697	65556	5005	2792	4361	3336	3841	5071	7182	4866	4185	3094	5698	3499	2462	1746	2257	2301	4490	3919	930	3364	7134	6660	1236	6380	4517	5161	783	4505	4819	5669	739	5249
chr11	69321446	69322333	888	2	0	888	411	477	28	24	20	17	27	47	63	34	29	16	36	28	5	9	21	7	36	30	5	25	57	48	5	38	38	37	4	43	40	31	4	34
chr11	69325034	69643731	318698	1	0	318698	157482	161216	15221	7285	11160	9571	10038	12656	17669	10425	10826	7419	13757	7333	7152	4620	5595	6753	11825	9287	2511	8357	15840	15809	3688	15627	11756	12897	2969	11314	11368	12971	2114	12883
chr11	69643732	69816731	173000	2	0	173000	82662	90338	8616	3764	5864	4307	5124	7058	9826	5125	5382	4049	7927	3942	3429	2456	2933	2860	6013	5285	1485	4544	8914	8756	2587	8759	6264	7815	2110	6504	5942	7161	1454	6743
chr11	69816732	69896033	79302	3	0	79302	37865	41437	3409	1708	2633	2171	2380	3207	4617	2473	2465	1877	3534	1862	1667	1081	1279	1501	2773	2455	651	1994	4077	4226	1167	3924	2965	3554	898	3015	2862	3159	586	3130
chr11	69896035	69898610	2576	3	0	2576	1568	1008	221	84	107	125	113	80	87	124	109	53	75	59	93	48	68	120	108	63	11	83	99	64	10	58	99	39	7	71	98	65	8	125
chr11	69898626	69899722	1097	3	0	1097	560	537	50	25	37	33	31	47	64	42	37	25	43	24	27	19	25	29	42	28	7	39	55	37	12	48	43	55	6	36	44	32	7	46
chr11	69899724	69899933	210	3	0	210	107	103	10	4	7	5	4	10	13	3	9	3	22	3	2	4	5	1	6	6	1	8	8	4	2	8	8	6	1	7	8	6	0	24
chr11	69899938	69900003	66	3	0	66	38	28	7	1	9	0	0	0	0	0	9	0	10	0	0	0	0	0	0	0	1	0	0	2	0	5	0	0	0	0	0	5	1	14
chr11	69900004	69900054	51	3	0	51	37	14	12	0	11	0	0	0	0	0	10	0	2	0	0	0	0	0	0	0	0	0	0	0	0	1	0	0	0	0	0	1	0	12
chr11	69900064	69901448	1385	3	0	1385	761	624	114	31	77	51	41	45	66	23	78	27	56	22	40	19	27	44	39	42	7	34	56	58	11	70	37	46	2	37	42	50	6	85
chr11	69901449	69901639	191	3	0	191	106	85	19	5	12	8	5	4	5	5	14	2	6	3	5	3	4	4	4	4	2	4	7	13	1	9	3	3	4	6	5	10	1	9
chr11	69901660	69901699	40	3	0	40	30	10	12	0	9	0	0	0	0	0	9	0	0	0	0	0	0	0	0	0	0	0	0	0	0	0	0	0	0	0	0	0	0	8
chr11	69901701	69901774	74	3	0	74	52	22	15	1	15	0	2	0	0	0	15	0	3	0	0	0	0	0	1	0	0	0	0	0	0	1	1	0	0	1	0	1	0	16
chr11	69901775	69903939	2165	3	0	2165	1012	1153	99	49	71	46	64	93	135	65	69	61	108	36	35	25	29	25	87	65	23	53	114	88	32	115	75	109	28	90	81	87	21	85
chr11	69903943	69907591	3649	3	0	3649	1621	2028	136	70	103	69	104	195	238	101	91	104	177	73	46	27	50	35	150	129	24	93	251	250	31	202	128	167	20	137	109	188	13	136
chr11	69907593	69909959	2367	3	0	2367	1044	1323	72	50	65	42	50	114	160	71	72	57	113	48	35	30	38	27	89	82	31	49	136	138	38	127	89	116	28	109	81	104	13	91
chr11	69928594	69935949	7356	2	0	7356	3662	3694	381	161	273	217	243	246	447	242	257	175	313	192	152	114	137	111	266	191	36	203	368	346	59	382	272	317	50	267	272	301	45	318
chr11	69935950	70111393	175444	2	0	175444	87087	88357	8762	3994	6350	5106	5479	6671	9536	5870	6088	4180	7691	4266	3883	2494	3143	3574	6199	5187	1370	4583	8792	8584	2016	8524	6212	6809	1583	6272	6352	7336	1195	7341
chr11	70111394	70449589	338196	1	0	338196	170861	167335	19472	8118	11502	10236	10736	13109	18289	10409	10697	7860	14947	7934	8423	5830	6524	6773	12378	9704	3039	9797	15888	14138	4299	15484	11954	13256	3697	12263	12324	12711	2685	13718
chr11	70449591	70491394	41804	1	0	41804	20484	21320	2090	1010	1455	1169	1325	1742	2360	1269	1374	970	1753	902	936	635	743	750	1555	1206	403	1193	2110	2016	523	1960	1565	1796	435	1558	1466	1592	341	1600
chr11	70491395	70654394	163000	2	0	163000	76894	86106	6899	3490	5282	4008	4654	6820	9967	5175	5067	3947	7390	3654	3059	2218	2582	2681	5961	4759	1518	4237	8504	8725	2233	8127	6410	7406	1664	6504	5741	6699	1263	6354
chr11	70654395	70791394	137000	3	0	137000	65275	71725	5448	3021	4527	3285	3928	6079	8114	4827	4315	3327	6105	3387	2588	1930	2287	2105	5142	4412	1205	3598	7518	6883	1611	6852	5337	5673	1176	5184	4951	5896	888	5399
chr11	70791395	70853394	62000	4	0	62000	28610	33390	2321	1399	1968	1312	1750	2695	3917	1948	1894	1648	2932	1304	1035	740	929	818	2250	2003	609	1620	3380	3337	850	3240	2450	2800	619	2452	2229	2667	448	2434
chr11	70853395	70950777	97383	3	0	97383	48953	48430	4755	2371	3345	2897	3090	3912	5312	3363	3266	2291	4305	2505	2256	1457	1876	1951	3689	2954	756	2632	4804	4246	1021	4710	3546	3583	701	3420	3637	3998	656	4076
chr11	70950778	70951473	696	3	0	696	373	323	42	16	10	37	17	37	40	50	27	16	11	13	19	8	9	20	42	11	12	12	29	30	5	24	36	29	2	23	38	17	1	11
chr11	70951475	70951516	42	3	0	42	22	20	2	0	0	3	0	1	4	5	2	1	0	1	1	0	0	1	1	1	0	0	2	2	0	1	4	1	0	3	3	1	0	0
chr11	70951518	70951578	61	3	0	61	34	27	4	0	0	6	0	3	4	5	4	3	0	1	2	0	0	2	2	1	3	0	2	2	0	1	2	1	1	3	6	1	0	0
chr11	70951579	70952046	468	3	0	468	238	230	17	11	21	17	15	21	24	19	22	13	16	12	12	2	10	6	22	8	6	11	23	19	3	21	14	22	3	13	20	16	2	25
chr11	70952054	70952781	728	3	0	728	350	378	39	19	30	19	28	30	47	14	27	19	23	12	14	8	13	7	23	21	11	21	42	34	11	25	35	34	7	32	19	23	5	34
chr11	70952782	70955435	2654	3	0	2654	1242	1412	92	67	97	58	81	135	166	91	101	71	98	61	40	25	33	26	122	78	29	69	159	136	25	139	105	108	16	93	86	137	16	92
chr11	71090541	71111453	20913	3	0	20913	10028	10885	872	510	677	487	598	995	1248	722	669	502	944	470	407	315	311	299	892	651	228	551	988	1014	257	1045	918	806	194	756	767	833	157	828
chr11	71111454	71248453	137000	2	0	137000	69291	67709	7281	3440	4718	4225	4492	5395	7454	4516	4614	3296	5952	3223	3277	2222	2403	2782	5253	4048	1294	3758	6641	5960	1522	6324	4895	5002	1149	4777	5068	5437	911	5669
chr11	71248454	71492453	244000	1	0	244000	122788	121212	11837	5951	8556	7362	7945	9556	13426	8418	8347	5684	10365	6280	5577	3825	4594	5064	9136	7039	2019	6823	12058	10629	2571	11424	9054	9085	2029	8668	9097	9928	1625	10026
chr11	71492454	71845453	353000	2	0	353000	189149	163851	20801	9291	12966	13007	12627	12763	17270	11922	12528	7802	14082	9208	10108	6951	7687	10134	14248	9587	2499	10473	15363	13343	3185	14865	11475	10924	2618	11651	13496	12902	2206	15016
chr11	71845454	71948453	103000	3	0	103000	60222	42778	7317	2856	3997	5002	3744	3230	4044	3678	4026	1972	3688	3030	4084	2419	2675	4458	4124	2427	643	3283	3676	2870	749	3771	2774	2379	607	2758	4122	3390	613	4592
chr11	71948454	72139110	190657	2	0	190657	103106	87551	11572	5006	7441	6898	6611	6288	9572	5903	6634	3962	7922	4687	6100	4070	4984	5456	7049	5169	974	6134	8272	6643	1252	8709	5972	6268	1172	6731	7081	6796	982	8345
chr11	72139113	72180455	41343	2	0	41343	22335	19008	2659	1110	1534	1558	1566	1379	2014	1369	1352	884	1752	1033	1284	793	905	1142	1524	1200	205	1237	1935	1479	285	1854	1317	1333	226	1391	1553	1541	204	1723
chr11	72180456	72290455	110000	1	0	110000	58018	51982	6672	2700	3859	3975	3682	3864	5323	3344	3669	2309	4623	2676	3182	2245	2472	3421	3934	3154	804	3226	4972	4599	1231	4992	3349	3926	994	3523	3958	4115	669	4536
chr11	72290456	72577455	287000	2	0	287000	157795	129205	17779	7488	11199	11185	10044	9345	14051	9728	10676	6020	11590	7525	9152	5964	7300	8748	10747	7415	1409	9246	12310	9307	1792	12504	8977	8872	1428	9387	11134	10319	1353	13004
chr11	72577456	72678215	100760	1	0	100760	44993	55767	2715	1826	3417	1832	2669	4265	6458	2895	3057	2601	5539	2132	1349	1229	1709	1299	3588	3110	595	2629	5466	6490	1103	6164	3739	4694	844	4015	3494	4929	592	4314
chr11	72678216	74060454	1382239	1	0	1382239	755022	627217	91031	35937	50742	53785	47621	45694	67520	44154	46948	28508	56079	34370	45894	28932	33565	44241	50746	36763	7414	44148	59708	49414	10449	60458	42613	45754	9329	44516	51922	48098	7100	58784
chr11	74060455	74293454	233000	2	0	233000	141017	91983	18331	7007	9769	11843	8974	6551	9009	8655	9386	4318	7428	6441	10259	5912	6612	10521	9482	5298	933	8076	8345	5327	842	8058	6234	4947	756	6111	9128	7000	873	10572
chr11	74293455	74487454	194000	3	0	194000	115302	78698	15018	5581	7820	9594	7248	5641	7745	6881	7541	3704	6655	5065	8206	4637	5302	8662	7714	4481	897	6471	7095	4879	1045	6975	5246	4533	916	5481	7460	6101	808	8596
chr11	74487455	74783454	296000	2	0	296000	165850	130150	20068	8207	11658	12255	10767	9443	13558	10140	10809	6049	11284	7586	10544	6351	7531	9599	11237	7577	1580	9656	12168	9280	1910	12254	8963	8740	1757	9299	11540	10015	1351	12822
chr11	74783455	75069454	286000	3	0	286000	166816	119184	20351	8265	12066	12850	10843	8392	12246	10167	11073	5640	10100	7760	11265	6694	7912	11191	11189	6967	1119	9716	10998	7740	1176	11032	8287	7047	955	8385	11174	9192	1014	13192
chr11	75069455	75170454	101000	2	0	101000	55143	45857	6223	2698	3993	3817	3510	3257	5002	3465	3924	2166	4225	2556	3074	1889	2378	2965	3690	2711	466	3143	4534	3628	554	4397	3097	3064	450	3251	3913	3710	442	4806
chr11	75170455	75250378	79924	1	0	79924	39728	40196	3527	1750	2952	2310	2475	2792	4537	2501	2709	1884	3844	1977	1828	1262	1720	1658	2691	2272	437	2288	3947	3870	655	4211	2667	3168	618	2957	3000	3373	444	3598
chr11	75250380	75425277	174898	1	0	174898	88555	86343	9702	4102	6039	5372	5608	6476	9755	5132	5509	3893	7935	4094	4396	3010	3662	3870	6148	5018	1105	5210	8534	7720	1700	8626	5906	7060	1557	6327	6382	6782	1038	7228
chr11	75425278	75623454	198177	1	0	198177	95120	103057	7893	4112	6969	5108	5752	7582	11905	5982	6339	4736	9613	4457	4098	3104	3827	3641	6867	5832	1275	5560	10002	10372	2067	10797	7199	8566	1721	7654	7153	8468	1221	8303
chr11	75623455	75865454	242000	2	0	242000	133043	108957	15508	6517	9247	9550	8678	7899	11552	8259	8758	4909	9531	6225	7877	5037	5950	7544	9164	6401	1208	7590	10339	8363	1667	10336	7727	7523	1489	7727	9158	8418	1220	10627
chr11	75865455	75872371	6917	3	0	6917	4271	2646	561	236	260	379	279	192	251	267	245	105	213	196	351	180	195	360	281	159	24	249	238	134	31	218	186	147	32	187	284	181	29	265
chr11	75872373	76127455	255083	3	0	255083	158164	96919	22170	7990	10743	14094	9845	6874	9377	9283	10510	4375	7627	6970	12471	6545	7315	11973	10322	5487	1110	8865	8336	5044	1045	8119	6572	5011	882	6643	10149	7002	897	11435
chr11	76127456	76389455	262000	2	0	262000	129125	132875	12298	6106	9096	7423	8083	9846	14814	7952	8424	6049	11959	5980	6118	4212	5229	5535	9337	7580	1815	7482	12861	13324	2822	13341	9184	10784	2418	9514	9313	10659	1679	10761
chr11	76389456	76633455	244000	3	0	244000	142013	101987	18042	7047	9853	11362	9043	7309	10394	8566	9332	4643	8523	6469	9887	5588	6317	9637	9553	5881	1187	7965	9309	6884	1367	9237	7071	6256	1163	7146	9379	7776	1073	10739
chr11	76633456	77040498	407043	2	0	407043	224434	182609	26227	10651	15796	16225	14160	13374	19333	13956	14803	8398	15795	10146	13710	8272	9601	13985	15527	10516	2193	12459	17176	14583	2801	17564	12894	12779	2291	12684	15226	14246	1851	17819
chr11	77040499	77040539	41	2	0	41	7	34	0	0	0	0	0	1	2	1	0	0	2	1	0	0	0	0	0	0	1	0	3	2	3	2	1	8	7	2	0	2	1	0
chr11	77040540	77040557	18	2	0	18	5	13	0	0	1	0	0	1	1	0	1	1	0	0	0	0	0	0	0	1	1	0	0	1	1	1	2	1	1	1	0	0	1	0
chr11	77040558	77067754	27197	2	0	27197	13884	13313	1556	637	925	910	898	999	1349	865	867	583	1144	669	706	474	628	672	952	783	181	777	1276	1260	363	1252	941	1050	294	921	943	1058	166	1096
chr11	77067756	77182234	114479	2	0	114479	51157	63322	3667	2183	3658	2298	3112	4622	7509	3298	3332	2887	5568	2301	1695	1496	1903	1627	3877	3557	841	2913	6353	7386	1494	6754	4412	5914	1119	4613	3899	5131	700	4358
chr11	77182236	77203454	21219	2	0	21219	9557	11662	618	400	646	432	606	1003	1342	634	581	524	1077	460	291	282	365	296	709	719	184	596	1196	1209	268	1179	877	1030	195	856	803	894	147	798
chr11	77203455	77726454	523000	3	0	523000	309036	213964	41676	15359	21204	25036	19724	15106	21342	18010	19941	9786	18184	14070	21934	12704	14518	20442	20271	12578	2379	17726	19242	12939	2869	19469	14330	12948	2473	14757	20339	16055	2291	23296
chr11	77726455	77772805	46351	2	0	46351	28293	18058	3968	1384	1858	2523	1771	1281	1731	1707	1809	811	1395	1291	2185	1227	1321	2029	1832	1057	234	1580	1639	997	228	1523	1219	1044	208	1191	1801	1289	204	2012
chr11	77772806	77961453	188648	2	0	188648	110332	78316	14762	5619	7268	8710	7134	5756	7915	6560	6823	3482	6606	5014	7639	4572	5205	7266	7372	4627	885	6545	7288	4816	1063	6994	5416	5014	978	5392	7289	5705	868	8063
chr11	77961454	78331453	370000	1	0	370000	204543	165457	25432	10003	13783	14484	13387	12470	17534	12229	12722	7663	14750	9382	12161	7945	9123	11475	14025	9890	2066	12100	15691	11550	2566	15597	11531	11623	2496	11803	14373	12340	2114	15690
chr11	78331454	78515453	184000	2	0	184000	110314	73686	14866	5504	7514	9117	6929	5440	7374	6426	7212	3510	6007	4908	7994	4764	5113	7635	7569	4311	861	6478	6492	4249	963	6359	4837	4095	889	4945	7271	5407	733	8226
chr11	78515454	78569123	53670	3	0	53670	33315	20355	4809	1695	2182	2987	2136	1444	1957	1926	2085	907	1592	1444	2642	1512	1516	2479	2169	1164	290	1935	1799	973	234	1687	1377	1091	219	1389	2118	1465	209	2236
chr11	78569125	78716454	147330	3	0	147330	83557	63773	9893	4125	5946	6367	5553	4774	6673	5196	5812	3104	5228	3949	5072	3134	3712	5018	5785	3830	780	4742	6043	4339	811	5781	4514	3874	747	4433	5854	4931	706	6602
chr11	78716455	79124454	408000	4	0	408000	225736	182264	24087	11069	17205	15979	14384	13395	19887	14578	15994	8506	15888	10397	13875	8190	10161	12140	15931	10211	1940	13078	16774	13299	2049	17634	13299	11819	1631	13813	16240	14428	1500	18617
chr11	79124455	79239454	115000	5	0	115000	65213	49787	7031	3171	4548	4743	4104	3619	5280	4361	4517	2424	4281	2964	3841	2412	2869	5046	4572	2867	524	3663	4728	3697	529	4701	3649	2911	363	3395	4415	4180	374	5219
chr11	79239455	79362725	123271	6	0	123271	68683	54588	7576	3328	5163	4931	4444	3997	5878	4596	4899	2560	4729	3282	4079	2444	3122	3653	4768	3040	574	3947	5057	3924	559	5202	4088	3429	447	4082	5003	4349	458	5661
chr11	79362727	79556455	193729	6	0	193729	110718	83011	12985	5422	8104	8651	7258	6156	8404	7165	7777	3878	7104	5045	7143	4056	4892	6677	7816	4612	875	6209	7503	5841	1015	7661	5976	4956	860	5882	7688	6610	754	8752
chr11	79556456	79751455	195000	7	0	195000	115966	79034	13990	5749	8349	9551	7568	5670	7946	7763	8154	3714	6670	5379	7926	4464	5239	7833	8009	4425	720	6443	7196	4833	523	7077	5665	4178	466	5581	8077	6192	545	9103
chr11	79751456	79860259	108804	8	0	108804	66485	42319	8148	3211	4814	5815	4231	3047	3938	4289	4608	2022	3525	3020	5001	2599	3154	5062	4528	2329	435	3586	3595	2374	348	3716	3004	2074	260	2894	4378	3256	305	5236
chr11	79860261	80044456	184196	8	0	184196	113003	71193	13942	5661	7804	9971	7183	5272	6781	7439	7742	3373	5740	5091	8510	4581	5222	8689	7686	4136	706	6359	6262	3924	530	6040	5092	3328	394	4790	7636	5368	584	8358
chr11	80044457	80070770	26314	7	0	26314	16099	10215	2003	791	1132	1437	1007	763	984	1034	1143	500	848	714	1210	618	711	1203	1092	560	126	893	877	618	68	870	709	474	54	667	1110	781	70	1245
chr11	80070771	80218455	147685	7	0	147685	90644	57041	11642	4409	6488	7896	5703	3990	5480	5865	6384	2702	4739	4105	6706	3539	4147	6848	5993	3123	545	4979	4860	3119	455	4903	4065	2747	349	3971	6120	4349	461	7001
chr11	80218456	80568455	350000	6	0	350000	217668	132332	28856	10501	14641	19673	13610	9637	12511	14046	14720	6360	10566	9897	16486	8805	10211	17146	14804	7325	1368	11807	11248	7088	999	11020	9316	6110	801	8903	14436	9832	1076	16199
chr11	80568456	80715288	146833	5	0	146833	92640	54193	12113	4591	6125	8654	5765	3858	4962	5917	6146	2499	4246	4211	7460	3846	4418	7828	6148	3045	580	5021	4608	2682	383	4503	3715	2524	333	3548	6031	3925	468	6678
chr11	80715290	80845456	130167	5	0	130167	82766	47401	10959	4156	5433	7958	5261	3325	4367	5169	5538	2241	3700	3690	6748	3362	3955	6903	5507	2650	499	4428	3943	2193	325	3850	3322	2098	286	3130	5351	3369	402	6047
chr11	80845457	80956456	111000	6	0	111000	71626	39374	9792	3584	4656	7057	4525	2834	3522	4456	4790	1845	2975	3196	5982	2823	3378	6209	4834	2158	381	3713	3179	1796	250	3137	2687	1616	189	2628	4637	2792	324	5053
chr11	80956457	81120456	164000	7	0	164000	104877	59123	14051	4990	6937	10211	6587	4323	5248	6709	6902	2757	4518	4526	8649	4299	4768	9402	7041	3203	624	5500	4840	2836	426	4802	4337	2595	346	3868	6648	4270	484	7301
chr11	81120457	81315456	195000	8	0	195000	123864	71136	16152	5998	8289	11855	7623	4936	6356	7872	8233	3391	5529	5495	10286	5090	5999	10759	8115	4046	713	6541	5842	3679	515	5856	4975	3100	474	4631	7855	5067	582	9144
chr11	81315457	81395337	79881	9	0	79881	51439	28442	7277	2438	3239	5110	3202	2009	2531	3236	3287	1326	2085	2188	4298	2179	2337	4696	3427	1535	315	2674	2389	1339	248	2247	2005	1296	233	1846	3157	2053	252	3425
chr11	81395339	81633457	238119	9	0	238119	153221	84898	20360	7448	9932	14921	9254	6038	7565	9866	9992	4067	6552	6812	13054	6385	7278	13695	10250	4661	858	8169	6951	3960	575	6769	5853	3601	500	5328	9669	6033	659	11062
chr11	81633458	82059457	426000	10	0	426000	273800	152200	38121	13123	18121	26749	16919	10847	13830	16720	18158	7173	11502	11762	22917	11144	12277	24435	18114	8396	1512	14265	12557	7655	1075	12233	10573	6584	909	9732	17072	10885	1138	19500
chr11	82059458	82267457	208000	9	0	208000	133091	74909	18100	6513	8753	12961	8396	5305	6863	8445	9064	3596	5748	5969	10767	5439	6016	11155	9008	4080	741	7023	6201	3520	525	5957	5160	3152	483	4681	8640	5451	567	9719
chr11	82267458	82518457	251000	8	0	251000	158896	92104	21626	7881	10401	15017	10402	6549	8306	9890	10522	4210	7149	7192	12375	6394	7398	13583	10645	5141	879	8369	7947	4556	732	7465	6529	4205	667	5895	10026	6798	724	11525
chr11	82518458	82632457	114000	7	0	114000	70798	43202	9168	3492	4914	6383	4543	3099	3997	4453	4788	1982	3460	3192	5459	2857	3362	5648	4733	2412	385	3900	3747	2311	316	3657	3028	2093	286	2911	4584	3214	359	5265
chr11	82632458	82728457	96000	6	0	96000	57908	38092	7131	2874	4108	4972	3776	2770	3701	3722	3954	1823	3139	2645	4223	2212	2564	4293	3921	2223	363	3172	3498	2259	312	3304	2710	1943	277	2548	3839	2948	286	4488
chr11	82728458	82814457	86000	5	0	86000	51861	34139	6866	2591	3607	4402	3382	2456	3219	3296	3576	1575	2751	2442	3642	1992	2241	3821	3524	1919	373	2798	3115	2049	429	2854	2348	1804	373	2209	3366	2675	345	3958
chr11	82814458	82922457	108000	4	0	108000	65562	42438	8802	3441	4668	5513	4207	3004	4068	4039	4461	1908	3340	2988	4953	2648	3093	4428	4417	2440	428	3716	3705	2430	448	3706	2960	2237	372	2881	4236	3181	414	4866
chr11	82922458	83219457	297000	3	0	297000	176768	120232	24442	8900	12030	14752	11571	8587	11973	10358	11284	5489	10092	7867	12827	6976	7890	11729	11620	7013	1383	9935	11035	7185	1493	10579	8322	7212	1317	8405	11512	8882	1271	13067
chr11	83219458	83273164	53707	4	0	53707	33135	20572	4488	1665	2246	2845	2138	1484	1945	1971	2135	980	1633	1500	2483	1397	1601	2623	2238	1220	216	1852	1864	1077	193	1729	1370	1034	152	1378	2066	1532	185	2465
chr11	83273165	83302456	29292	4	0	29292	17702	11590	2336	883	1207	1561	1133	765	1159	1051	1164	520	933	765	1353	761	865	1245	1140	667	136	985	1021	640	111	1045	826	653	126	857	1121	857	127	1277
chr11	83302457	83401456	99000	5	0	99000	58894	40106	7570	2962	4049	4885	3832	2848	3979	3582	3998	1797	3472	2830	4066	2257	2725	4040	3947	2314	373	3230	3592	2550	450	3586	2725	2197	313	2731	3977	3117	326	4678
chr11	83401457	83495456	94000	6	0	94000	55705	38295	6869	2778	4131	4578	3641	2661	3827	3489	3917	1793	3254	2630	3928	2140	2489	3579	3654	2239	363	3116	3428	2424	321	3581	2650	2124	232	2568	3885	2967	306	4436
chr11	83495457	83604456	109000	7	0	109000	67084	41916	8226	3269	4570	5966	4240	2963	4079	4269	4549	1971	3430	3186	5015	2655	3238	5456	4446	2308	377	3727	3618	2296	297	3585	3025	1990	241	2870	4462	3202	337	5135
chr11	83604457	84210456	606000	8	0	606000	380142	225858	50507	18577	25773	34927	23603	16096	20943	24248	25501	10407	18014	16982	30173	15714	17842	30835	25322	12566	2250	20656	19170	11484	1677	18860	15783	10536	1436	15212	24615	16604	1841	27844
chr11	84210457	84361456	151000	7	0	151000	94703	56297	12579	4583	6491	8846	5777	3967	5153	5835	6312	2553	4598	4153	7832	3964	4558	7500	6027	3168	568	5304	4665	2857	487	4771	3898	2684	463	3789	6142	4071	466	6937
chr11	84361457	84478456	117000	6	0	117000	75271	41729	10263	3713	4974	7424	4707	2779	3749	4698	4998	1981	3236	3286	6406	3141	3541	6374	4907	2275	432	4000	3381	1900	265	3450	2836	1819	250	2711	4808	3002	353	5339
chr11	84478457	84583456	105000	5	0	105000	66007	38993	8656	3265	4624	5989	4050	2707	3618	4173	4535	1819	3181	2961	5293	2716	3126	5293	4280	2175	362	3691	3276	1903	285	3288	2673	1732	212	2619	4318	2942	285	4951
chr11	84583457	84844331	260875	4	0	260875	165220	95655	21773	8046	11042	15472	10221	6787	8876	10482	11209	4425	7648	7335	13130	7007	7789	13977	11057	5368	896	8944	8006	4578	653	7905	6616	4235	557	6222	10687	6960	686	12284
chr11	84844332	84904455	60124	4	0	60124	38370	21754	4866	1877	2670	3655	2369	1471	1970	2486	2635	1028	1652	1754	3197	1597	1825	3317	2537	1187	191	2058	1785	1046	139	1796	1480	920	108	1437	2494	1613	136	2826
chr11	84904456	85314455	410000	3	0	410000	261582	148418	35734	12710	17651	24844	16282	10056	13347	16512	17519	6891	11268	11636	21404	10877	12398	22452	16979	8229	1348	13978	12679	7476	983	12143	10337	6491	868	9592	16201	11085	1077	18951
chr11	85314456	85451455	137000	4	0	137000	85626	51374	11717	4415	5782	7728	5753	3657	4783	5384	5893	2420	3950	3927	6279	3379	4008	6549	5929	3026	465	4451	4608	2625	333	4185	3542	2207	314	3499	5498	3893	410	6389
chr11	85451456	85586455	135000	3	0	135000	83655	51345	11697	4322	5462	7507	5792	3696	4814	5325	5559	2363	3911	3807	5940	3304	3869	6285	5722	3079	426	4458	4924	2885	320	4155	3643	2443	289	3361	5338	3877	343	6082
chr11	85586456	85682656	96201	2	0	96201	59177	37024	8125	2998	4098	5380	3895	2504	3470	3335	3892	1692	2876	2632	4690	2420	2719	4449	3781	2093	452	3289	3239	2050	483	3097	2473	1983	443	2549	3711	2743	410	4228
chr11	85682658	86024273	341616	2	0	341616	205301	136315	27250	10525	14347	17078	13184	9697	13486	12497	13557	6273	11030	9129	15209	8272	9669	14098	13504	8014	1422	11826	12163	8075	1425	11923	9537	7540	1308	9587	13660	9956	1177	15196
chr11	86024275	86714457	690183	2	0	690183	409337	280846	52109	20695	28398	33635	26462	20280	27998	25767	27401	12906	23599	18675	28865	16197	18578	27770	27976	16077	2958	23067	25864	17153	2877	24923	19475	15954	2577	19364	27192	21633	2536	31220
chr11	86714458	86969457	255000	1	0	255000	147511	107489	17506	7357	10252	11907	9705	7824	10690	9410	10088	5012	9072	6995	9723	5669	6487	9813	10375	6158	1166	8163	9707	7424	1464	9778	7442	6252	1222	7170	10104	8539	1134	11390
chr11	86969458	87256457	287000	2	0	287000	178688	108312	25697	9079	11418	16355	11493	7623	10146	10507	11206	4808	8650	7964	14154	7457	8209	13920	11758	6198	1227	9784	9460	5683	1236	8966	7364	5790	1168	7050	11187	7674	1143	12624
chr11	87256458	87332457	76000	3	0	76000	48767	27233	7153	2407	3044	4804	2968	1945	2573	2845	3104	1224	2204	2035	4184	1995	2192	4088	3213	1434	293	2631	2276	1250	242	2133	1842	1277	213	1862	3000	1940	240	3387
chr11	87332458	87419457	87000	4	0	87000	50996	36004	6103	2547	3561	4235	3404	2578	3720	3288	3630	1713	2969	2411	3310	1926	2294	3306	3466	2150	359	2789	3416	2212	343	3181	2608	1984	285	2487	3500	2805	331	4087
chr11	87419458	87519457	1e+05	5	0	1e+05	59899	40101	7438	2932	4223	4989	3957	2886	3946	3938	4200	1875	3427	2800	3987	2364	2761	4174	4146	2270	356	3285	3628	2386	284	3574	2838	2067	214	2751	4115	3149	290	4748
chr11	87519458	87531762	12305	6	0	12305	7178	5127	872	405	495	566	485	355	557	426	470	245	417	286	510	288	370	430	519	327	30	417	475	329	37	493	357	310	27	388	472	368	36	541
chr11	87531913	87605607	73695	6	0	73695	45416	28279	5843	2304	3224	4050	3073	1969	2726	2971	3133	1339	2202	2085	3371	1793	2058	3274	3124	1647	208	2426	2555	1592	141	2396	1971	1353	118	1988	3089	2091	179	3400
chr11	87605608	87744607	139000	7	0	139000	86544	52456	11833	4301	6000	7762	5742	3608	5010	5509	6072	2447	4089	4032	6250	3433	3958	6497	5920	2849	449	4571	4497	2881	344	4326	3835	2318	287	3538	5617	3999	402	6622
chr11	87744608	87954607	210000	8	0	210000	132749	77251	17622	6651	9033	12312	8426	5479	7112	8552	9305	3673	5977	6050	10265	5351	6142	10798	9016	4401	701	7036	6717	3886	451	6260	5234	3157	389	4997	8602	5870	561	9972
chr11	87954608	87975532	20925	9	0	20925	12832	8093	1639	604	916	1151	816	581	753	829	878	395	660	546	978	503	601	980	865	436	102	681	669	474	58	711	591	390	51	586	854	612	61	952
chr11	87975541	87976520	980	9	0	980	764	216	107	23	27	77	31	24	9	44	23	10	16	12	72	43	22	223	67	14	2	17	10	5	0	14	11	3	2	10	20	7	0	33
chr11	87976530	87976617	88	9	0	88	79	9	12	1	1	7	1	0	1	3	0	1	0	0	9	6	2	33	5	0	0	3	0	0	0	0	0	0	0	0	0	0	0	1
chr11	87976646	87976679	34	9	0	34	33	1	3	0	0	3	0	0	0	1	0	0	0	1	3	0	0	20	0	0	0	0	0	0	0	0	0	0	0	0	1	0	0	0
chr11	87976682	87976798	117	9	0	117	111	6	12	0	0	14	1	1	0	2	2	0	0	0	11	3	1	62	3	0	0	1	0	0	0	0	0	0	0	0	1	0	0	1
chr11	87976802	87976843	42	9	0	42	40	2	1	0	0	7	1	0	0	1	0	0	0	0	4	2	0	22	2	0	0	0	0	0	0	0	0	0	0	0	0	0	0	0
chr11	87976845	87976907	63	9	0	63	58	5	0	3	0	7	0	0	0	4	0	0	0	0	10	2	0	30	5	0	0	0	0	0	0	0	0	0	0	0	0	0	0	0
chr11	87977052	87977074	23	9	0	23	21	2	2	0	1	3	1	0	0	0	0	0	0	0	3	2	0	7	1	0	0	1	0	0	0	0	0	0	0	0	0	0	0	0
chr11	87977075	87977105	31	9	0	31	29	2	2	0	1	5	1	0	0	0	0	0	0	0	5	2	0	11	1	0	0	1	0	0	0	0	0	0	0	0	0	0	0	0
chr11	87977106	87977135	30	9	0	30	28	2	2	0	1	4	1	0	0	0	0	0	0	0	5	2	0	11	1	0	0	1	0	0	0	0	0	0	0	0	0	0	0	0
chr11	87977160	87977208	49	9	0	49	45	4	2	0	2	8	2	0	0	0	0	0	0	0	7	4	0	18	2	0	0	2	0	0	0	0	0	0	0	0	0	0	0	0
chr11	87977241	87977368	128	9	0	128	121	7	8	0	4	20	3	0	0	0	0	0	0	0	22	7	0	55	3	0	0	4	0	0	0	0	0	0	0	0	0	0	0	0
chr11	87977399	87977453	55	9	0	55	53	2	4	1	0	12	1	0	0	0	0	0	0	0	11	1	0	22	1	0	0	0	0	0	0	0	0	0	0	0	0	0	0	0
chr11	87977488	87977599	112	9	0	112	104	8	4	1	1	20	0	0	0	6	0	0	0	3	22	4	1	40	4	0	0	1	0	0	0	0	0	0	0	0	2	0	0	1
chr11	88005211	88049331	44121	9	0	44121	27197	16924	3640	1327	1778	2453	1783	1136	1640	1661	1801	838	1408	1289	1975	1095	1203	2169	1804	1002	180	1410	1484	921	166	1441	1146	798	150	1086	1786	1291	166	2092
chr11	88049332	88297331	248000	8	0	248000	154696	93304	20423	7659	10720	14057	10096	6409	8878	9684	10711	4451	7294	7034	11629	6028	7306	12315	10219	5225	804	8299	8134	4835	649	7747	6618	4351	545	6388	10096	6954	676	11764
chr11	88297332	88512331	215000	7	0	215000	133599	81401	18134	6733	9022	11977	8403	5698	7709	8417	9104	3728	6470	5924	10225	5432	6129	10494	8991	4518	893	7189	6954	4341	753	6722	5588	4007	754	5463	8694	5904	674	9954
chr11	88512332	88625331	113000	8	0	113000	70921	42079	9283	3435	4937	6582	4369	2978	3964	4580	4921	1933	3364	3239	5664	2899	3388	5383	4791	2211	369	3874	3515	2104	245	3551	2959	1911	227	2865	4626	3189	277	5365
chr11	88625332	89034331	409000	9	0	409000	262903	146097	36000	12861	16952	25844	16504	10375	13185	17075	17452	6766	11001	11767	21701	10694	11982	22743	17690	7975	1322	13709	12462	6873	902	11573	10302	6240	761	9301	16684	10722	1043	18537
chr11	89034332	89408331	374000	10	0	374000	242419	131581	34149	11719	15723	24021	15174	9342	11573	15074	15987	6225	9938	10515	20302	9925	11061	21690	16209	7177	1304	12521	10695	6031	873	10567	9032	5518	742	8246	15228	9440	1037	16960
chr11	89408332	89514331	106000	9	0	106000	68608	37392	9417	3396	4319	6818	4212	2669	3380	4278	4441	1760	2717	2866	5879	2858	3153	6444	4665	2069	355	3594	3102	1787	279	2921	2624	1561	246	2405	4148	2672	314	4649
chr11	89514332	89652331	138000	10	0	138000	87944	50056	12143	4225	5829	8433	5403	3420	4702	5402	5835	2306	4031	3799	7248	3626	3906	7634	5761	2669	459	4688	4186	2446	376	4098	3490	2282	309	3321	5490	3709	410	6362
chr11	89652332	89750331	98000	9	0	98000	61971	36029	8503	2956	4011	6037	3833	2604	3495	3812	4181	1671	2785	2695	4990	2521	2623	5252	4182	1933	404	3233	3051	1867	303	2865	2552	1646	278	2382	3960	2640	299	4434
chr11	89750332	89969331	219000	10	0	219000	134442	84558	17237	6432	8357	12507	8041	6416	8214	8429	9090	3949	6944	6208	10165	5516	5631	11306	9472	4526	1209	7105	7074	4709	1190	6874	5795	4137	1029	5245	8759	6475	1036	9921
chr11	89969332	90028331	59000	9	0	59000	36560	22440	4951	1741	2314	3472	2201	1528	2149	2314	2534	1083	1898	1610	2791	1428	1527	3018	2425	1198	272	1885	1851	1241	333	1837	1536	1058	280	1398	2379	1765	213	2768
chr11	90028332	90636331	608000	8	0	608000	387557	220443	54748	19045	25177	37192	24354	15223	20225	24053	25520	10015	16935	17264	31540	15846	17547	32873	25407	12213	2319	20190	18703	10725	1962	17358	15406	10084	1746	14594	24338	15727	1927	27742
chr11	90636332	90805331	169000	7	0	169000	110017	58983	15552	5287	7103	11110	6882	4181	5292	6835	7379	2795	4329	4756	9239	4386	5014	9877	7260	3193	506	5689	4938	2750	327	4471	4133	2384	323	3748	6859	4159	412	7829
chr11	90805332	91137331	332000	6	0	332000	216086	115914	30456	10491	13517	21802	13756	8084	10191	13811	14154	5481	8552	9536	17899	8818	9736	19801	14466	6153	1155	11100	9543	5224	806	8850	8238	4819	701	7136	13595	8227	990	14910
chr11	91137332	91310503	173172	7	0	173172	113050	60122	15709	5348	7323	11333	6855	4219	5420	7175	7493	2882	4306	4955	9656	4563	5114	10697	7525	3254	515	5720	4933	2749	355	4659	4200	2461	323	3792	7011	4232	401	7992
chr11	91310505	91373492	62988	7	0	62988	40123	22865	5383	1928	2580	3836	2543	1708	2071	2570	2681	1095	1702	1877	3119	1632	1890	3507	2759	1341	178	2085	2004	1119	153	1814	1612	919	125	1400	2517	1712	182	2944
chr11	91373494	91718333	344840	7	0	344840	220920	123920	30489	10777	14416	21411	13898	8537	11369	14110	14818	5951	9445	9834	17889	8814	10080	19081	14566	6912	1090	11511	10673	6275	738	9647	8686	5199	614	7960	13989	8947	920	16192
chr11	91718334	92135333	417000	8	0	417000	259907	157093	33920	12660	17731	24020	16760	11334	14970	16895	17986	7360	12530	11808	19665	10204	11902	20161	17503	8794	1324	13937	13935	8053	948	12947	11231	7259	781	10695	17289	11777	1065	19554
chr11	92135334	92347333	212000	9	0	212000	128847	83153	16781	6347	9348	11198	8347	5905	8010	7929	8924	3849	6819	5758	9621	5082	5704	9223	8704	4511	795	7173	7034	4806	899	7126	6005	4203	754	5792	8448	6345	768	9790
chr11	92347334	92459333	112000	8	0	112000	67629	44371	8590	3376	4789	5698	4348	3423	4446	4345	4616	2143	3540	3135	4899	2596	3017	4666	4779	2557	416	3786	4036	2446	316	3823	3176	2191	286	3125	4572	3427	376	5059
chr11	92459334	93030333	571000	9	0	571000	340883	230117	41517	16788	23870	28845	21610	17088	23241	23143	23615	10897	18723	15795	24277	13069	15155	23249	23824	13015	2266	18737	20676	13653	1951	20038	17147	12014	1627	16138	23435	17635	1884	26076
chr11	93030334	93226333	196000	8	0	196000	121126	74874	16143	6044	8337	10953	7716	5185	7258	7563	8229	3573	5798	5371	9389	4837	5491	9237	8043	4191	764	6641	6462	4178	687	6233	5378	3644	589	5093	7840	5547	666	8918
chr11	93226334	93453333	227000	7	0	227000	140715	86285	19325	7139	9444	12733	9153	5910	8071	8915	9579	4022	6691	6396	10585	5532	6481	10738	9420	4927	829	7427	7724	4755	760	7275	5857	4223	701	5699	9048	6609	744	10286
chr11	93453334	93586333	133000	6	0	133000	75696	57304	8985	3754	5534	5679	4971	4246	6047	4867	5145	2717	4710	3443	4849	2925	3229	4593	5418	3328	655	4241	5291	3924	713	5163	4301	3475	599	4181	5121	4364	595	5935
chr11	93586334	93723333	137000	5	0	137000	82236	54764	10777	4035	5691	6990	5231	4079	5550	4910	5368	2533	4312	3782	6117	3389	3729	5742	5574	3202	598	4662	4979	3155	532	4865	3821	3110	502	3769	5396	4064	548	5986
chr11	93723334	94075333	352000	4	0	352000	206428	145572	26695	10451	14257	16714	13585	10549	14815	12616	13520	6631	12082	9587	14316	7930	9121	13557	13912	8536	1534	11580	13590	9374	1642	13076	10257	8788	1432	10031	13806	10984	1442	15588
chr11	94075334	94384333	309000	5	0	309000	181278	127722	22238	9297	12960	14499	12146	9115	12735	11886	12809	6115	10505	8531	11801	6834	8181	11624	12634	7407	1337	9983	11867	8169	1220	11349	9026	6939	1063	8768	12355	10090	1232	14283
chr11	94384334	94515333	131000	4	0	131000	80351	50649	11036	4145	5391	7049	5155	3553	4857	4873	5276	2335	3973	3708	6154	3342	3698	5806	5351	2929	667	4427	4367	2694	579	4241	3530	2600	558	3412	5189	3658	606	5839
chr11	94515334	94841577	326244	3	0	326244	192569	133675	23976	9618	13774	16013	12292	9396	13246	12131	13454	6234	10886	8807	13659	7293	8763	13027	12822	7460	1511	10747	11951	8510	1660	11889	9356	7596	1472	9318	12936	10444	1287	14714
chr11	94841579	94842659	1081	3	0	1081	689	392	97	36	49	64	38	36	36	31	44	21	29	21	66	26	36	58	48	26	5	40	28	20	3	34	31	15	2	24	34	23	6	52
chr11	94842670	94883334	40665	3	0	40665	22499	18166	2277	1141	1659	1564	1356	1351	1969	1616	1636	883	1614	995	1372	865	988	1213	1684	988	233	1334	1659	1349	204	1663	1340	1090	162	1330	1609	1447	169	1903
chr11	94883335	94899632	16298	4	0	16298	9661	6637	1251	476	667	767	660	470	689	644	663	308	513	468	587	375	451	671	694	378	48	508	608	444	49	586	483	365	34	486	678	500	35	740
chr11	94899634	94899651	18	4	0	18	11	7	1	1	1	1	1	0	1	0	1	0	0	1	0	0	0	2	1	0	0	0	0	0	0	0	1	0	1	1	0	0	1	1
chr11	94899653	94966342	66690	4	0	66690	38857	27833	4684	1888	2837	3074	2524	2019	2919	2574	2712	1262	2283	1764	2563	1511	1730	2512	2737	1532	239	2172	2525	1807	231	2578	2128	1646	205	2011	2646	2156	211	3008
chr11	94966344	95067738	101395	4	0	101395	61200	40195	8105	3061	4111	5485	3980	2808	3923	3766	4194	1862	3125	2768	4483	2358	2643	4527	4061	2266	484	3278	3636	2484	504	3410	2770	2204	450	2698	4010	3080	444	4415
chr11	95067740	95071328	3589	4	0	3589	2182	1407	316	110	126	203	144	107	129	131	133	79	96	109	162	82	96	158	151	90	37	100	120	67	26	114	93	63	29	99	147	107	29	134
chr11	95071329	95124335	53007	4	0	53007	30396	22611	3537	1535	2177	2264	1963	1654	2340	1931	2073	1048	1969	1467	1940	1160	1406	1932	2129	1301	205	1762	2036	1502	282	2071	1598	1315	271	1580	2125	1772	182	2478
chr11	95124336	95235335	111000	5	0	111000	68275	42725	9215	3458	4697	6117	4156	3039	3970	4206	4524	1944	3309	2987	5592	2742	3169	5149	4444	2406	473	3860	3649	2452	570	3534	2965	2187	492	2928	4312	3160	469	4823
chr11	95235336	95311335	76000	6	0	76000	45330	30670	5564	2166	3316	3827	2892	2298	3017	2774	3209	1481	2606	2055	3208	1714	2076	3126	3059	1711	342	2547	2659	1905	266	2753	2162	1560	222	2132	3102	2408	258	3583
chr11	95311336	95396335	85000	7	0	85000	49737	35263	5931	2427	3804	3980	3263	2321	3442	3068	3553	1645	3076	2308	3395	1907	2253	3362	3256	1949	337	2758	3154	2418	398	3296	2314	2058	301	2441	3370	2841	292	4080
chr11	95396336	95436353	40018	8	0	40018	24304	15714	3081	1205	1729	2091	1636	1155	1472	1545	1727	716	1289	1159	1661	928	1234	1675	1638	847	128	1391	1437	885	102	1330	1136	768	80	1080	1597	1254	117	1923
chr11	95436354	95436386	33	8	0	33	9	24	0	0	0	0	0	6	2	0	0	0	1	0	0	0	0	0	3	1	1	1	1	0	1	1	3	3	5	1	0	0	1	0
chr11	95436387	95680335	243949	8	0	243949	149586	94363	19096	7301	10447	13073	9559	6732	8966	9670	10337	4452	7688	6845	10925	5989	6770	11736	10203	5246	949	8076	8340	5318	771	8033	6568	4568	606	6362	9816	7330	776	11399
chr11	95680336	95735135	54800	7	0	54800	33460	21340	4312	1690	2430	2875	2065	1483	2079	2127	2504	944	1851	1498	2426	1307	1503	2364	2237	1144	200	1843	1830	1239	152	1829	1494	961	143	1470	2194	1706	177	2721
chr11	95735137	95735152	16	7	0	16	10	6	1	2	1	0	0	0	0	2	2	0	0	0	1	0	1	0	0	0	0	1	1	0	0	0	0	0	0	0	0	1	0	1
chr11	95735154	95912335	177182	7	0	177182	111867	65315	15858	5750	7508	10217	6993	4643	6055	6779	7490	2970	4878	4976	8992	4830	5114	8812	7444	3653	799	6297	5500	3219	631	5264	4411	2968	574	4241	7115	4774	672	7753
chr11	95912336	96010074	97739	6	0	97739	60625	37114	8289	2982	4087	5473	3885	2634	3477	3863	4023	1662	2872	2912	4634	2439	2676	4716	4076	2056	369	3216	3288	2119	322	3098	2548	1891	287	2374	3947	2762	336	4424
chr11	96010076	96018597	8522	6	0	8522	5205	3317	615	278	363	422	308	235	316	349	359	160	277	221	395	230	261	414	366	177	37	323	272	219	20	281	228	147	19	210	342	249	24	403
chr11	96018598	96053335	34738	6	0	34738	20571	14167	2624	1047	1427	1679	1244	1024	1396	1259	1428	638	1264	911	1482	825	999	1322	1319	821	169	1225	1309	812	138	1329	969	810	118	907	1326	1145	145	1625
chr11	96053336	96168335	115000	5	0	115000	68069	46931	8443	3312	4931	5551	4290	3355	4766	4319	4817	2175	4096	3174	4687	2694	3055	4404	4635	2563	524	3814	4047	2750	481	4225	3409	2551	370	3298	4639	3639	475	5509
chr11	96168336	96470335	302000	6	0	302000	184904	117096	24783	9097	12713	16393	11785	8361	11175	11655	12577	5423	9491	8312	13840	7476	8395	13426	12360	6455	1312	10230	10124	6426	1235	9731	8364	5901	1112	8043	12128	8734	1171	13770
chr11	96470336	96507335	37000	7	0	37000	22094	14906	2874	1144	1522	1879	1497	1024	1473	1391	1579	679	1158	1056	1469	774	1011	1564	1468	886	126	1141	1436	968	128	1331	1030	799	109	1010	1451	1212	127	1682
chr11	96507336	96539335	32000	8	0	32000	20180	11820	2727	1020	1372	1849	1360	848	1095	1268	1376	526	900	914	1505	789	948	1681	1330	726	81	1046	1051	592	74	924	888	509	57	826	1302	814	80	1520
chr11	96539336	96542566	3231	9	0	3231	2206	1025	344	109	124	245	153	52	74	159	149	44	68	100	175	87	106	216	145	42	8	97	86	32	2	79	69	45	3	55	138	80	3	140
chr11	96542567	96554363	11797	9	0	11797	7340	4457	982	418	503	634	534	296	441	472	529	207	323	345	494	264	341	555	514	253	51	367	383	213	27	339	365	182	23	336	481	314	43	566
chr11	96554369	96554418	50	9	0	50	27	23	1	2	3	0	1	1	2	3	1	3	1	2	3	0	2	1	2	2	0	2	0	2	0	3	2	0	1	1	4	0	1	2
chr11	96566576	96566650	75	10	0	75	71	4	2	1	0	10	1	0	0	1	0	0	0	1	11	2	2	38	1	0	0	2	0	0	0	0	0	0	0	0	1	0	0	0
chr11	96566651	96566759	109	10	0	109	103	6	12	1	0	18	0	0	0	4	1	0	0	0	17	3	1	44	3	1	0	0	1	0	0	0	0	0	0	0	0	0	0	1
chr11	96566761	96567489	729	10	0	729	532	197	99	18	34	70	27	11	10	29	31	6	8	22	63	20	20	63	25	8	1	21	12	8	4	14	12	9	2	13	28	13	3	23
chr11	96567490	96570180	2691	9	0	2691	1714	977	212	84	125	165	105	63	87	116	125	36	62	87	144	73	76	152	101	55	11	89	76	63	3	89	77	37	4	62	117	76	6	111
chr11	96570195	96570217	23	9	0	23	15	8	2	2	1	1	2	0	0	1	1	0	1	0	1	0	1	2	1	0	0	1	1	0	0	0	0	0	0	2	1	0	0	0
chr11	96570218	96571227	1010	9	0	1010	642	368	64	35	36	64	42	26	32	45	39	15	26	36	53	30	30	67	49	32	2	23	36	20	4	30	19	12	2	23	41	26	0	49
chr11	96571229	96571262	34	9	0	34	19	15	0	0	1	1	0	3	1	1	2	0	3	2	0	0	2	1	1	0	0	2	1	1	0	1	0	0	0	2	3	2	0	2
chr11	96571264	96571484	221	9	0	221	151	70	19	7	8	18	8	7	6	12	4	2	3	8	21	9	5	13	14	3	2	6	5	1	0	7	6	7	0	1	7	2	0	8
chr11	96571486	96571983	498	9	0	498	373	125	87	15	20	44	18	7	10	22	24	6	4	13	36	15	11	39	16	8	4	15	8	3	1	5	7	3	0	8	26	3	1	17
chr11	96571985	96572016	32	9	0	32	18	14	1	1	1	1	2	1	0	2	1	1	2	1	0	1	0	2	0	0	0	3	2	3	0	0	0	0	0	0	3	2	0	0
chr11	96572018	96572199	182	9	0	182	134	48	15	4	3	24	3	2	6	5	9	2	3	2	19	9	7	19	8	1	1	7	1	2	1	5	2	1	0	3	6	5	0	5
chr11	96572200	96572513	314	9	0	314	222	92	27	8	15	30	16	9	11	6	18	6	2	10	20	9	9	24	14	4	0	14	3	1	0	8	7	1	0	4	19	6	0	11
chr11	96572515	96572842	328	9	0	328	183	145	33	5	9	13	10	11	15	12	6	9	12	5	12	8	10	12	10	9	2	12	13	7	6	13	13	14	2	11	12	9	2	9
chr11	96572853	96574595	1743	9	0	1743	1202	541	209	53	74	138	88	29	38	61	72	28	34	45	105	55	56	116	65	36	5	59	54	21	2	33	38	18	3	27	60	34	2	83
chr11	96574596	96575619	1024	9	0	1024	753	271	129	32	52	100	54	19	12	41	44	11	16	36	87	16	26	77	45	9	0	23	14	8	0	12	22	8	0	22	45	9	4	49
chr11	96575622	96581487	5866	9	0	5866	3536	2330	409	140	287	315	245	188	231	198	265	117	197	154	232	134	148	274	234	125	15	205	208	138	15	191	174	120	10	162	247	169	12	305
chr11	96581488	96584085	2598	9	0	2598	1750	848	309	117	111	167	139	50	69	99	122	32	40	84	134	62	82	132	126	55	4	77	78	29	2	70	58	29	0	41	95	67	2	114
chr11	96584086	96584399	314	9	0	314	212	102	36	7	11	21	16	9	7	16	10	6	6	8	13	17	10	18	14	8	2	15	10	3	0	3	7	4	0	5	17	2	0	11
chr11	96584401	96584439	39	9	0	39	25	14	1	1	1	3	2	2	0	3	1	1	1	0	2	0	3	3	3	0	0	1	2	0	0	0	1	0	0	3	1	1	0	1
chr11	96584441	96586964	2524	9	0	2524	1543	981	213	77	87	132	105	84	103	97	89	34	81	73	102	75	63	128	126	60	4	80	77	66	6	88	84	45	7	60	102	67	1	106
chr11	96586979	96618499	31521	9	0	31521	18968	12553	2419	949	1352	1626	1252	844	1211	1170	1326	569	1018	869	1349	747	881	1385	1215	734	121	1039	1141	820	100	1126	899	650	100	825	1223	984	103	1472
chr11	96618500	96708499	90000	8	0	90000	56962	33038	7782	2852	3853	5438	3695	2305	3051	3524	3846	1578	2479	2462	4601	2305	2606	4584	3762	1921	329	3028	2861	1649	240	2666	2366	1423	202	2225	3585	2423	287	4070
chr11	96708500	96831499	123000	9	0	123000	77976	45024	10882	3888	5120	7391	5078	3064	4239	4838	5262	2108	3321	3778	6059	3107	3568	6271	5183	2488	459	4037	3902	2343	326	3549	3152	1926	273	2917	4982	3363	378	5746
chr11	96831500	97559499	728000	10	0	728000	465772	262228	64443	22999	30152	44743	29892	18097	24096	29536	30689	12280	19201	20969	37313	19480	21559	40322	31157	14643	2569	24487	22614	12988	1709	20530	18511	11350	1513	17018	29339	18860	1965	32974
chr11	97559500	97606499	47000	9	0	47000	30335	16665	4451	1431	1916	2938	1939	1177	1507	1857	1950	782	1264	1350	2397	1208	1322	2845	1988	922	149	1539	1431	840	115	1300	1114	735	104	1081	1947	1189	122	2088
chr11	97606500	97841499	235000	10	0	235000	151439	83561	21481	7323	9576	15052	9515	5913	7619	9265	9745	3799	6189	6494	12691	6104	6668	14003	10038	4692	851	7559	7084	4119	672	6582	5869	3842	544	5481	9321	5804	673	10430
chr11	97841500	97940499	99000	9	0	99000	65082	33918	9641	3155	4169	6606	4053	2330	2985	3934	4276	1557	2366	2733	5602	2657	2916	6101	4233	1870	361	3235	2728	1438	265	2633	2454	1468	210	2090	3887	2289	278	4478
chr11	97940500	97952597	12098	10	0	12098	7891	4207	1145	425	532	761	544	292	384	494	542	215	273	328	632	319	320	683	539	246	36	431	403	162	21	305	303	155	7	241	469	328	28	533
chr11	97952871	98391842	438972	10	0	438972	284276	154696	40908	13647	17430	28795	17600	11082	13940	17543	18038	7060	11618	12394	24234	11675	12499	25811	18992	8376	1662	14434	12980	7313	1281	11908	10851	6860	1206	9723	17342	10933	1413	19422
chr11	98391843	98504169	112327	10	0	112327	71084	41243	10046	3589	4605	6652	4407	2959	3763	4349	4526	1864	3221	3108	5914	2833	3212	6035	4687	2412	413	3733	3579	2138	375	3408	2844	1937	297	2700	4368	3013	379	4959
chr11	98504170	98797769	293600	10	0	293600	188233	105367	27486	9250	11847	18500	12041	7491	9647	11353	12087	4819	8023	8162	15469	7668	8210	16179	12437	5866	1162	9763	8890	5027	962	8214	7435	4779	863	6877	11771	7422	1025	12873
chr11	98797770	99031769	234000	9	0	234000	151946	82054	22029	7360	9560	15349	9575	5805	7232	9407	9884	3905	6073	6613	12809	6163	6667	13513	10225	4419	932	7658	6850	3810	649	6318	5579	3477	573	5089	9365	5921	722	10467
chr11	99031770	99148433	116664	10	0	116664	76226	40438	10733	3603	4747	7825	4618	2856	3591	4911	4913	1817	2938	3263	6645	3327	3407	7031	5047	2242	438	3876	3321	1793	256	3103	2967	1654	251	2558	4641	2784	361	5145
chr11	99148434	99435768	287335	10	0	287335	189007	98328	27531	9006	11909	19639	11648	7150	8529	11338	12077	4609	7113	8032	16829	7793	8321	17483	12572	5200	1159	9627	7848	4164	778	7428	6698	4050	681	6291	11546	6804	954	12526
chr11	99435769	99490768	55000	9	0	55000	36646	18354	5476	1704	2209	3981	2126	1251	1554	2169	2370	812	1393	1525	3398	1505	1681	3490	2227	915	215	1915	1414	775	161	1346	1228	761	161	1136	2232	1245	183	2440
chr11	99490769	99840192	349424	10	0	349424	226397	123027	31907	11299	14654	22216	13950	8688	11030	14038	14870	5676	9198	9852	19349	9672	10349	19648	15263	6572	1468	12031	9840	5520	918	9520	8554	5043	814	7887	14050	8663	1090	15793
chr11	99840193	99843767	3575	10	0	3575	2347	1228	324	107	145	226	137	98	119	127	146	49	100	87	197	110	109	264	164	52	20	128	92	41	10	77	101	52	11	98	124	75	13	170
chr11	99843768	99889387	45620	9	0	45620	29971	15649	4298	1485	1777	3071	1776	1118	1391	1835	1859	703	1157	1316	2698	1287	1410	2789	1957	830	192	1614	1178	604	157	1204	1072	645	133	1028	1913	1064	168	1889
chr11	99889389	99889447	59	9	0	59	48	11	6	0	1	8	1	1	1	2	2	1	1	2	5	3	2	10	3	0	0	2	0	0	0	0	0	0	0	0	3	0	0	3
chr11	99889449	100128767	239319	9	0	239319	153985	85334	21884	7686	9991	14840	9689	5884	7700	9770	10173	4049	6333	6799	12655	6439	7056	13035	10183	4735	983	8157	7145	3995	595	6675	5991	3588	539	5394	9724	6092	683	10855
chr11	107460486	107460511	26	4	0	26	26	0	0	0	0	0	0	0	0	0	0	0	0	0	0	0	0	24	0	0	0	0	0	0	0	0	0	0	0	0	0	0	0	0
chr11	134089813	134089932	120	9	0	120	67	53	3	4	1	6	4	5	6	4	5	3	1	5	2	6	6	5	5	5	0	8	9	5	0	2	0	2	1	1	5	5	1	3
chr12	10001	32240	22240	4	0	22240	9965	12275	687	517	764	449	590	870	1345	589	689	537	998	436	451	286	463	294	719	731	200	559	1069	1370	398	1289	926	1076	411	865	680	949	175	856
chr12	32241	45000	12760	5	0	12760	6345	6415	638	292	455	348	352	480	684	418	412	289	615	310	330	197	242	281	482	355	89	332	585	637	181	624	444	503	112	445	423	532	76	595
chr12	45001	45111	111	4	0	111	57	54	7	5	3	2	4	2	8	1	3	3	6	3	3	4	1	2	4	4	1	4	6	4	0	6	2	3	0	3	3	6	1	5
chr12	45113	45159	47	4	0	47	26	21	2	0	2	1	0	3	1	2	2	1	4	0	1	2	4	1	0	1	0	5	0	0	0	1	2	0	0	3	4	1	0	2
chr12	45161	45287	127	4	0	127	58	69	2	3	4	2	2	3	8	8	5	4	9	5	1	0	0	1	3	2	1	3	11	3	1	7	2	5	2	5	5	12	0	6
chr12	45288	45314	27	5	0	27	17	10	0	0	1	1	1	0	1	1	1	1	0	1	0	2	2	3	1	0	1	1	0	0	0	1	2	0	0	0	0	1	1	2
chr12	45315	45739	425	4	0	425	207	218	10	7	15	8	10	13	28	16	14	17	23	7	6	6	15	11	18	11	1	13	21	11	2	27	17	18	0	17	11	22	3	25
chr12	45740	412333	366594	4	0	366594	196342	170252	22637	9801	14230	13324	12291	12229	18127	11556	13651	7769	15212	8844	11413	7035	8300	9922	13440	9544	2698	11152	15574	14005	3346	16262	11759	11947	2747	12300	13430	13691	2201	16155
chr12	412334	516333	104000	3	0	104000	56078	47922	6772	2702	4050	3729	3423	4016	4925	3202	3928	2063	4301	2454	3131	2152	2382	2847	4016	2910	770	3237	4446	3351	1018	4432	3349	3184	938	3525	3755	3802	724	4464
chr12	516334	745333	229000	2	0	229000	120714	108286	14104	5825	8453	7916	7589	8326	11409	6877	8024	4858	9900	5501	6581	4317	5260	5772	8311	6114	1830	7072	9875	8456	2367	10458	7541	7966	2139	7874	8474	8620	1570	9619
chr12	745334	1368333	623000	3	0	623000	376399	246601	53558	19108	24196	32365	23487	18224	24462	21255	23665	10836	20222	16544	28516	15934	16932	27094	25097	14139	3595	21271	21382	13347	3823	20669	17014	14639	3511	16846	23935	17096	3211	27025
chr12	1368334	1458333	90000	2	0	90000	54041	35959	7347	2726	3666	4480	3248	2693	3697	3083	3657	1689	2964	2429	3967	2279	2439	3675	3699	2024	588	3076	3079	1988	483	3008	2379	1958	416	2521	3564	2588	427	4161
chr12	1458334	1871333	413000	1	0	413000	222211	190789	27006	10872	15499	15466	13820	14222	19964	12755	14807	8745	16831	9944	13210	8147	9204	11717	15503	10753	3140	12590	17052	15102	4527	17563	13231	13622	3765	13614	14976	14767	2852	17732
chr12	1871334	1988333	117000	2	0	117000	65286	51714	7770	3307	4547	4914	4100	3948	5347	4200	4627	2345	4283	2866	4041	2382	2587	4020	4851	2777	901	3453	4715	3925	902	4679	3683	3338	727	3642	4347	4181	602	4991
chr12	1988334	2127333	139000	3	0	139000	75881	63119	8511	3785	5517	5520	4775	4720	6551	4765	5456	2870	5451	3311	4591	2785	3139	4132	5370	3534	955	4301	5756	4905	1186	5848	4412	4243	1077	4444	5273	5013	736	6066
chr12	2127334	2269333	142000	4	0	142000	75965	66035	7805	3851	5665	5024	4758	4979	7216	4963	5465	3121	5804	3582	4317	2638	3135	3641	5558	3675	1007	4349	5985	5171	1074	6409	4914	4288	876	4756	5459	5504	703	6306
chr12	2269334	2507333	238000	5	0	238000	124841	113159	12306	6027	9574	7935	7750	8849	12305	8342	9182	5314	9708	5839	6604	4178	5178	5748	9099	6431	1751	7087	10790	9189	1871	10953	8427	7776	1421	8320	8930	9407	1301	10406
chr12	2507334	2623333	116000	4	0	116000	59057	56943	5257	2723	4806	3464	3653	4145	6232	4136	4532	2719	5373	2847	2808	1789	2288	2285	4178	2993	830	3375	5388	4773	1000	5711	4194	4077	705	4246	4405	5030	669	5367
chr12	2623334	2796333	173000	3	0	173000	91287	81713	9881	4446	6595	5930	5873	6508	8706	5816	6429	3912	7069	4166	4669	3095	3686	4504	7241	4565	1198	4957	7415	6664	1677	7742	5971	5640	1391	5676	6277	6629	988	7682
chr12	2796334	3193333	397000	2	0	397000	201235	195765	23072	9604	13811	12036	12740	15118	21354	11173	12785	8721	18042	9203	9926	7062	8494	8094	13983	11268	3208	12046	18474	16463	4649	19146	13586	15716	4073	14400	14342	15286	3014	16109
chr12	3193334	3395333	202000	3	0	202000	97162	104838	8429	4469	7344	5136	5863	8015	12042	6230	6976	4815	8980	4335	4109	3069	3699	3649	7318	6040	1748	5263	9997	10439	2331	10566	7904	8351	1880	7895	6931	8503	1331	8341
chr12	3395334	3930333	535000	4	0	535000	297543	237457	34296	14785	22122	21383	19262	17303	24698	18683	21237	11260	20880	13811	17791	10451	12789	16791	20923	13317	3158	16402	21626	17619	3478	22087	16965	14773	2889	17031	20432	19101	2687	24968
chr12	3930334	4033333	103000	5	0	103000	56414	46586	6832	2745	4203	4029	3767	3439	4706	3219	3956	2121	4217	2576	3254	2054	2400	2896	3729	2724	707	3199	4251	3381	934	4382	3198	3199	737	3274	3952	3644	602	4671
chr12	4033334	4480333	447000	6	0	447000	252408	194592	31313	12431	18001	19058	15992	14201	19517	15620	17811	9039	16823	11713	15686	9300	10813	15089	17039	11118	2950	13864	17614	13909	3390	17495	13614	11808	2838	13566	17062	15573	2522	20229
chr12	4480334	5323333	843000	7	0	843000	483375	359625	56658	23680	35397	37599	31191	26210	36146	31116	34533	17271	30849	22609	30952	17985	21573	29604	33547	20081	4685	26833	32402	24103	4684	32703	25951	20480	3865	25028	32764	29228	3870	39401
chr12	5323334	5626333	303000	6	0	303000	170652	132348	19295	8139	12614	12838	10835	10002	13457	11301	12456	6327	11540	8106	10300	6063	7343	10035	12165	7308	1732	9325	11986	9589	1770	12171	9661	7762	1395	9054	11783	10857	1385	14404
chr12	5626334	5753333	127000	5	0	127000	70919	56081	7628	3489	5287	5129	4581	4336	5747	4899	5174	2675	4987	3432	4150	2441	3049	3914	5094	3117	718	4013	5324	4034	610	5108	4129	3208	506	3951	5016	4717	538	5997
chr12	5753334	5854333	101000	4	0	101000	56548	44452	6250	2874	4361	4009	3658	3267	4582	3805	4190	2139	3907	2681	3395	1966	2335	3127	4045	2494	567	3140	4125	3288	471	4197	3215	2537	401	3055	3927	3762	435	4793
chr12	5854334	5954333	1e+05	3	0	1e+05	54589	45411	5693	2508	4328	3686	3325	3469	4725	3649	4072	2336	3994	2608	3125	1887	2439	2745	3801	2649	601	3148	4260	3425	545	4448	3258	2683	454	3127	3849	3921	478	4762
chr12	5954334	6075333	121000	2	0	121000	65280	55720	7262	3111	4661	4448	4061	4361	5850	4181	4531	2737	4709	3026	3628	2257	2777	3679	4784	3153	924	3605	5174	4449	964	5283	4028	3767	780	3805	4467	4501	732	5303
chr12	6075334	6825350	750017	1	2	750015	378927	371088	42426	17693	26616	22442	24068	28050	39085	21055	24532	16357	35208	17697	18151	13435	16011	16099	25853	21417	5820	22445	34912	32368	9384	36161	25064	29105	8179	26582	26430	29936	5697	31731
chr12	6825352	6828858	3507	1	0	3507	1333	2174	61	42	107	28	55	148	205	86	95	85	223	64	27	29	48	30	82	100	36	86	176	331	111	199	143	188	93	160	93	198	38	138
chr12	6828860	6920011	91152	1	0	91152	44074	47078	4271	1977	3207	2329	2770	3243	5003	2441	2852	2125	4426	2117	1891	1569	1909	1943	2842	2661	745	2666	4363	4660	1310	4719	3102	3941	1160	3388	3150	3790	807	3773
chr12	6920013	6971048	51036	1	0	51036	22574	28462	1822	1068	1727	954	1374	1955	2945	1260	1612	1203	2546	1080	763	720	921	624	1532	1674	476	1264	2603	3411	998	2917	1756	2538	878	1972	1643	2307	506	1985
chr12	6971051	6981497	10447	1	0	10447	5449	4998	577	291	420	307	369	365	574	307	418	210	408	237	232	219	276	237	362	273	62	388	490	401	74	482	381	379	70	362	382	394	52	446
chr12	6981499	6985211	3713	1	0	3713	2114	1599	276	108	150	162	142	107	155	132	128	63	139	96	150	86	96	124	123	97	20	124	148	106	31	149	124	114	20	115	140	117	17	152
chr12	6985213	6985607	395	1	0	395	194	201	37	10	4	10	12	20	19	8	4	5	20	8	7	10	11	8	11	16	4	14	26	15	10	12	11	20	8	17	11	12	2	11
chr12	6985609	6985630	22	1	0	22	9	13	0	0	0	1	0	0	2	0	1	0	3	1	0	0	0	0	0	0	0	0	0	0	0	3	1	2	0	1	2	2	0	1
chr12	6986699	6995464	8766	1	0	8766	4921	3845	700	259	284	355	319	303	415	275	270	163	334	227	309	203	231	273	328	239	62	299	367	219	83	330	281	284	73	284	336	257	52	350
chr12	6995472	7000023	4552	1	0	4552	2593	1959	296	116	198	191	161	170	224	131	165	83	176	124	179	106	135	136	183	117	10	165	154	102	21	204	159	127	14	154	191	135	13	210
chr12	7000811	7011320	10510	1	0	10510	6144	4366	830	301	411	487	378	298	440	358	392	188	360	290	429	271	298	412	381	259	44	374	407	275	85	374	278	277	70	311	408	330	43	449
chr12	7011322	7026195	14874	1	0	14874	8091	6783	953	405	562	597	517	443	669	490	484	288	590	349	563	359	360	462	486	417	114	477	611	517	163	671	458	517	160	479	563	511	83	554
chr12	7026196	7082572	56377	2	0	56377	30621	25756	3601	1524	2106	2197	2087	1948	2732	1836	2057	1227	2246	1518	1683	1033	1307	1519	2072	1595	334	1731	2526	1952	415	2436	1737	1714	365	1830	2268	2068	318	2393
chr12	7087281	7199903	112623	2	0	112623	58612	54011	5924	2727	4351	3689	3591	3937	5605	3711	3956	2555	4965	2718	3220	1996	2468	3198	4118	3119	745	3233	5022	5159	969	5534	3703	3789	782	3642	4001	4617	598	4979
chr12	7199904	7282903	83000	3	0	83000	49940	33060	6645	2441	3281	4340	3268	2382	3235	3170	3368	1601	2668	2414	3426	1910	2226	3564	3358	1962	363	2652	3092	1988	358	2833	2262	1737	296	2107	3343	2584	306	3818
chr12	7282904	7416903	134000	4	0	134000	83272	50728	11245	4241	5597	7493	5424	3626	4845	5066	5710	2369	4024	3800	6198	3151	3656	6825	5588	2999	525	4275	4637	2773	404	4176	3508	2357	303	3280	5228	3861	422	6392
chr12	7416904	7779903	363000	5	0	363000	214056	148944	29647	10801	14015	17871	14396	10704	14482	12640	13994	6723	12725	9947	14297	8166	9229	14418	14163	8846	1951	11434	13877	8853	2423	12712	10074	9082	2105	10033	14108	11084	1927	16271
chr12	7779904	8274903	495000	4	0	495000	275660	219340	36102	13268	18078	21024	17925	16173	22281	15602	17595	9649	19647	13119	16850	10479	12052	15815	17596	13014	3290	15669	20464	14789	4657	19906	15042	15352	4145	15405	18880	16662	3390	21078
chr12	8274904	8625903	351000	5	0	351000	200810	150190	24518	9930	13643	15926	13404	11066	14783	12488	13212	7143	12836	9798	12884	7704	8598	12876	14027	8720	2200	10896	13598	10567	2506	13304	10343	8892	1975	10172	13773	11797	1931	15488
chr12	8625904	9187903	562000	4	0	562000	329071	232929	43574	16365	22473	26576	21152	16847	23051	19182	21734	10512	19840	14931	22528	13137	14824	22345	21851	13676	2922	18412	21105	14727	3620	20604	15860	14006	3101	16027	21416	17647	2808	25145
chr12	9187904	9474903	287000	3	0	287000	160382	126618	18956	7830	11356	12003	9946	9244	13133	9894	11065	6098	10901	7324	10178	5661	6704	10089	11170	7175	1837	8651	11237	9648	2221	11751	8860	7908	1843	8927	10949	10126	1548	12765
chr12	9474904	9744903	270000	4	0	270000	166946	103054	22501	8503	11369	15218	10678	7269	9717	10331	11626	4712	7971	7677	12786	6471	7408	12708	11280	5659	1225	8791	8810	5801	1138	8395	7216	5016	992	6744	10689	7668	1094	12535
chr12	9744904	9841849	96946	5	0	96946	61264	35682	8775	3013	4064	5870	3945	2503	3309	3647	4056	1670	2682	2721	4945	2446	2607	5010	4105	2007	440	3080	3065	1875	375	2807	2478	1636	315	2369	3756	2604	364	4405
chr12	9841850	9904900	63051	5	0	63051	39755	23296	5666	1967	2628	3777	2536	1631	2155	2306	2616	1095	1831	1727	3220	1566	1734	3298	2595	1309	284	2071	1994	1180	257	1863	1635	1102	213	1524	2405	1703	270	2891
chr12	9904901	10559900	655000	6	0	655000	406380	248620	57185	20248	26252	37593	25699	17902	23216	24556	26875	11444	19940	17901	31519	16220	17770	32059	27148	14139	3094	21432	21545	13601	3000	20422	16929	12544	2617	15988	25751	18284	2789	29336
chr12	10559901	10663900	104000	5	0	104000	65183	38817	9115	3216	4345	6008	4008	2733	3587	3992	4322	1766	3140	2992	5239	2675	2950	5094	4288	2072	488	3542	3261	2013	367	3281	2657	1882	322	2423	4115	2954	375	4776
chr12	10663901	10822900	159000	4	0	159000	99354	59646	13384	4967	6690	9244	6258	4137	5516	6130	6725	2845	4563	4466	7918	4082	4454	7974	6548	3371	715	5397	5173	3187	643	4893	4008	2762	591	3759	6313	4576	535	7174
chr12	10822901	10935900	113000	5	0	113000	70931	42069	9712	3381	4684	6710	4569	2920	4039	4400	4888	2045	3419	3186	5318	2730	3138	5790	4747	2331	397	3602	3534	2239	299	3537	2926	1906	216	2796	4721	3133	340	5345
chr12	10935901	11179183	243283	6	0	243283	155240	88043	21892	7747	9600	15387	10162	6220	8173	10113	10569	4044	6526	7017	12003	6090	6658	13039	10425	4883	976	7817	7873	4089	725	6670	6257	3845	624	5701	10112	6540	735	10769
chr12	11179185	11180134	950	6	0	950	608	342	98	23	41	65	34	27	31	43	44	20	24	23	52	22	23	37	42	16	4	30	31	16	3	28	22	17	1	20	40	28	2	41
chr12	11180135	11180641	507	6	0	507	330	177	37	18	18	36	22	12	23	21	24	6	9	24	26	12	14	27	14	8	2	24	19	4	0	10	14	10	0	8	30	11	0	22
chr12	11180643	11181014	372	6	0	372	265	107	44	7	12	35	14	9	9	15	11	5	11	13	30	13	11	24	13	3	0	18	7	3	0	7	8	5	0	3	19	6	0	15
chr12	11181015	11181033	19	6	0	19	14	5	2	0	1	2	1	0	0	0	2	0	0	0	1	1	2	0	0	0	0	1	1	0	0	0	0	0	0	0	0	1	0	2
chr12	11181035	11182837	1803	6	0	1803	1180	623	193	67	82	110	86	37	54	77	78	29	42	48	95	52	58	71	88	27	2	69	50	30	1	43	42	27	3	44	74	40	2	80
chr12	11182838	11183580	743	6	0	743	425	318	50	20	27	34	35	25	32	37	23	14	23	23	23	17	16	24	30	25	1	20	40	21	1	25	27	21	0	24	32	20	2	29
chr12	11183582	11185535	1954	6	0	1954	1271	683	191	61	65	132	84	57	59	86	54	28	43	60	119	63	58	110	111	33	5	60	52	38	10	44	57	34	4	49	66	38	9	72
chr12	11185536	11185925	390	6	0	390	283	107	83	10	15	29	19	9	4	12	11	3	5	11	24	10	12	24	13	10	1	8	10	2	2	7	11	3	0	10	10	6	3	11
chr12	11185926	11186006	81	6	0	81	49	32	6	2	8	2	4	2	3	1	4	2	3	2	4	3	2	1	4	1	0	4	2	2	0	2	1	0	0	3	2	3	0	6
chr12	11186009	11186143	135	6	0	135	78	57	10	6	5	4	5	5	7	7	5	2	4	1	6	2	4	4	9	1	1	4	4	2	0	5	6	5	0	7	4	3	1	4
chr12	11186145	11186174	30	6	0	30	21	9	4	3	1	1	3	1	0	1	1	0	0	1	1	0	0	3	4	0	0	1	1	0	0	0	0	0	0	0	0	2	0	0
chr12	11186176	11186947	772	6	0	772	469	303	62	20	37	36	30	20	30	28	38	19	28	24	25	8	24	39	22	14	1	29	31	14	2	24	16	17	0	23	39	26	1	43
chr12	11186949	11188634	1686	6	0	1686	1143	543	190	50	86	122	73	25	45	58	94	28	43	47	90	37	46	107	60	24	2	54	37	25	4	46	38	12	0	28	66	51	4	92
chr12	11188639	11189276	638	6	0	638	393	245	49	21	36	34	28	13	19	24	34	10	27	19	29	18	19	12	19	12	2	29	19	8	1	24	13	8	2	17	32	24	3	31
chr12	11189278	11189300	23	6	0	23	18	5	2	0	1	3	2	1	0	0	2	0	0	0	1	0	1	3	1	0	0	0	0	0	0	0	1	0	0	1	1	0	0	1
chr12	11189301	11189485	185	6	0	185	136	49	24	6	6	19	6	2	6	9	5	1	3	6	20	3	4	15	5	3	0	4	4	1	0	1	7	1	0	8	7	1	0	6
chr12	11189501	11192433	2933	6	0	2933	1752	1181	198	90	140	147	114	74	106	116	136	61	114	75	127	62	69	122	106	71	9	101	127	74	4	108	68	63	3	60	109	105	12	160
chr12	11192437	11193294	858	6	0	858	539	319	59	26	32	52	32	26	27	47	37	11	21	27	40	25	19	56	35	22	3	28	37	20	1	21	24	13	0	19	36	24	4	32
chr12	11193296	11193597	302	6	0	302	172	130	14	10	10	12	10	8	17	15	12	9	11	14	10	7	8	3	13	11	2	8	14	11	0	6	7	2	0	9	17	7	0	23
chr12	11193598	11194306	709	6	0	709	475	234	72	28	30	51	31	18	17	27	27	6	20	17	52	14	23	41	25	12	1	27	20	8	0	20	20	15	1	14	28	13	0	29
chr12	11194312	11194803	492	6	0	492	306	186	47	13	13	27	17	17	21	22	19	7	15	12	17	12	16	29	27	9	2	11	18	6	1	14	13	13	1	17	19	11	0	24
chr12	11194805	11194885	81	6	0	81	41	40	3	1	3	2	2	2	5	2	1	2	4	4	3	1	2	2	3	1	0	3	3	2	1	6	2	4	1	3	4	5	0	2
chr12	11194887	11195949	1063	6	0	1063	736	327	126	39	49	73	52	19	31	36	39	16	23	31	70	31	25	76	41	16	2	46	30	5	1	14	24	9	2	26	42	20	5	42
chr12	11195951	11195973	23	6	0	23	13	10	2	1	1	0	0	0	1	2	0	0	0	0	2	0	2	2	0	1	0	0	1	0	0	2	1	1	0	2	0	0	0	0
chr12	11195975	11196692	718	6	0	718	448	270	61	22	36	38	26	19	25	28	37	11	20	25	33	14	21	31	28	14	1	23	23	9	2	29	15	13	1	18	32	27	2	32
chr12	11196694	11196758	65	6	0	65	48	17	5	4	1	8	3	0	3	1	2	1	1	2	7	1	3	5	2	2	0	2	1	0	0	1	1	0	0	1	3	0	0	3
chr12	11196760	11198038	1279	6	0	1279	790	489	86	37	38	79	51	31	46	63	45	27	38	47	60	34	39	67	49	23	7	50	44	24	6	33	44	27	5	20	54	33	12	58
chr12	11198052	11202309	4258	6	0	4258	2515	1743	321	130	198	192	174	123	185	143	160	73	158	120	186	93	92	167	171	87	17	144	165	113	11	159	121	101	4	138	168	147	4	191
chr12	11202314	11206391	4078	6	0	4078	2565	1513	372	143	181	229	182	91	126	185	180	60	103	114	192	111	103	192	165	88	12	140	162	101	0	133	104	66	3	81	153	142	3	159
chr12	11206395	11208475	2081	6	0	2081	1398	683	217	68	67	154	78	44	66	78	87	32	54	61	124	50	70	146	84	33	6	71	56	21	7	52	47	24	4	43	79	58	7	91
chr12	11208476	11208957	482	6	0	482	277	205	28	16	10	35	19	17	20	14	14	6	19	14	29	11	13	11	16	14	4	16	22	13	4	19	15	15	3	11	17	16	3	16
chr12	11208959	11210202	1244	6	0	1244	777	467	109	35	70	66	44	34	47	41	54	21	28	30	73	36	40	47	49	29	2	46	44	24	0	40	36	24	3	37	37	31	3	62
chr12	11210203	11210312	110	6	0	110	61	49	5	3	8	1	3	6	6	3	3	4	4	3	6	3	2	1	5	6	0	5	4	0	0	7	1	2	0	3	7	3	0	4
chr12	11210314	11210335	22	6	0	22	14	8	4	0	3	1	2	0	0	0	2	0	1	0	0	0	0	0	0	0	0	0	1	0	0	1	0	0	0	2	1	1	0	1
chr12	11210337	11212588	2252	6	0	2252	1487	765	222	85	94	139	101	60	59	110	103	30	38	72	113	59	68	132	100	46	11	77	77	20	2	57	66	25	2	39	87	65	5	86
chr12	11212603	11217080	4478	6	0	4478	2817	1661	381	168	179	236	173	118	128	213	205	82	129	125	205	118	135	220	199	99	19	169	157	98	11	130	97	61	11	69	179	138	21	203
chr12	11217082	11217121	40	6	0	40	23	17	2	1	2	0	2	4	1	1	1	1	2	2	0	1	0	3	4	1	0	1	2	0	0	1	0	0	0	0	2	1	0	3
chr12	11217123	11222176	5054	6	0	5054	3240	1814	496	192	225	293	244	106	166	170	235	84	122	168	230	114	161	233	216	134	8	138	150	96	7	169	107	59	5	115	213	133	12	251
chr12	11222177	11223354	1178	6	0	1178	778	400	129	50	43	67	65	38	27	49	47	15	13	46	47	25	34	82	64	22	6	35	53	15	3	20	26	18	1	15	36	36	2	47
chr12	11223355	11224129	775	6	0	775	533	242	69	18	24	50	24	24	14	36	29	12	20	23	40	30	20	98	41	13	7	23	21	17	1	17	7	3	1	7	29	23	1	31
chr12	11224139	11224175	37	6	0	37	28	9	8	1	2	4	1	2	0	0	4	1	0	0	1	0	1	2	0	0	2	1	0	0	0	0	0	0	0	0	3	0	0	2
chr12	11224177	11230461	6285	6	0	6285	4047	2238	541	212	276	410	272	154	204	236	288	99	188	191	338	135	177	325	265	109	23	202	167	111	11	179	150	85	12	157	284	163	12	307
chr12	11230462	11231099	638	6	0	638	402	236	37	18	27	40	20	24	18	26	30	9	19	21	35	13	27	37	34	10	1	20	21	11	0	23	10	5	1	20	22	29	0	28
chr12	11231100	11232099	1000	6	0	1000	582	418	76	27	48	31	34	24	53	24	32	27	33	31	40	29	31	40	38	30	4	35	37	27	3	43	26	23	0	29	34	30	1	58
chr12	11232100	11235533	3434	6	0	3434	2110	1324	279	118	135	200	138	118	122	133	155	52	107	92	161	75	89	135	167	71	14	111	118	66	11	120	89	66	9	76	137	112	10	146
chr12	11235535	11235558	24	6	0	24	20	4	7	1	2	1	1	0	0	0	1	0	1	0	2	1	0	1	0	0	0	2	0	0	0	0	0	0	0	0	1	0	0	1
chr12	11235560	11237208	1649	6	0	1649	1023	626	87	47	56	105	61	51	55	73	68	28	66	45	79	42	58	101	64	38	10	56	48	21	3	56	54	23	4	41	74	46	5	82
chr12	11237210	11237482	273	6	0	273	177	96	28	11	7	10	11	15	9	13	9	3	6	10	9	8	6	21	18	4	4	10	9	1	0	5	8	5	0	3	13	5	0	10
chr12	11237489	11240236	2748	6	0	2748	1726	1022	225	79	86	175	101	61	105	122	116	64	89	77	123	68	85	148	118	53	11	90	84	48	16	70	68	36	16	66	119	81	7	139
chr12	11240238	11240274	37	6	0	37	21	16	3	3	1	0	1	2	2	0	1	1	0	1	2	0	3	1	2	2	0	2	3	0	0	2	0	0	0	0	0	2	0	1
chr12	11240276	11240720	445	6	0	445	273	172	28	11	21	23	17	14	11	25	24	8	17	15	13	14	8	23	20	11	2	13	16	9	4	12	8	6	0	6	23	15	0	26
chr12	11240737	11242226	1490	6	0	1490	890	600	96	51	71	64	52	41	63	73	75	30	48	40	59	25	40	61	64	37	5	41	46	24	2	63	52	28	2	42	67	47	3	76
chr12	11242239	11243651	1413	6	0	1413	863	550	97	39	69	85	72	33	44	62	59	32	52	43	62	37	28	47	63	23	8	47	45	34	4	45	36	20	0	38	67	51	6	63
chr12	11243652	11246629	2978	6	0	2978	1836	1142	297	90	130	165	135	75	119	100	135	52	96	65	115	80	61	120	133	53	19	92	98	59	7	88	87	62	13	82	111	79	13	145
chr12	11246631	11246666	36	6	0	36	18	18	1	3	1	0	1	0	3	0	2	0	1	2	1	1	0	2	0	2	0	2	3	3	0	2	0	0	0	0	1	2	0	1
chr12	11246668	11247163	496	6	0	496	290	206	21	13	19	23	13	20	18	35	19	9	16	17	22	14	13	17	27	9	1	18	19	15	1	16	12	12	0	14	28	15	0	18
chr12	11247164	11247201	38	6	0	38	24	14	2	2	0	3	0	4	2	2	1	1	0	0	3	1	1	1	4	0	0	3	2	0	0	0	0	2	0	0	2	0	0	0
chr12	11247203	11248560	1358	6	0	1358	819	539	101	38	55	89	50	39	46	55	65	26	47	35	67	26	40	39	58	26	6	39	52	40	3	50	30	25	1	36	50	54	4	64
chr12	11248561	11249272	712	6	0	712	431	281	50	15	43	39	31	14	21	30	42	14	21	15	25	15	23	31	18	15	0	25	26	17	2	28	24	15	0	19	28	26	2	36
chr12	11249274	11249290	17	6	0	17	13	4	0	0	1	1	1	1	0	0	0	1	0	0	1	0	1	4	1	0	0	1	0	0	0	0	0	0	0	0	1	0	0	1
chr12	11249292	11250214	923	6	0	923	632	291	91	40	33	71	45	16	32	31	43	21	21	21	56	31	30	49	63	6	2	38	12	5	1	25	15	8	1	8	34	24	3	45
chr12	11250215	11250631	417	6	0	417	284	133	40	13	19	29	25	8	5	21	18	5	8	17	18	11	14	33	20	8	0	9	12	4	0	8	7	5	1	9	20	8	1	19
chr12	11250632	11253891	3260	6	0	3260	2060	1200	274	106	128	191	150	87	105	151	129	59	93	105	147	83	81	169	163	72	12	89	104	63	6	97	90	43	5	70	136	92	7	151
chr12	11253892	11256950	3059	6	0	3059	1790	1269	194	73	141	146	97	100	142	116	144	61	105	77	119	69	78	127	115	69	7	112	120	81	12	101	96	66	8	94	124	98	7	158
chr12	11256951	11259840	2890	6	0	2890	1760	1130	247	99	141	147	131	73	114	87	138	72	94	73	118	48	79	99	121	77	11	82	96	65	11	88	75	30	2	93	113	87	12	165
chr12	11259841	11262277	2437	6	0	2437	1485	952	234	88	85	121	117	54	100	113	102	47	68	68	75	63	66	82	103	64	8	77	107	39	4	79	70	58	4	54	104	68	4	109
chr12	11262278	11262301	24	6	0	24	15	9	3	2	1	0	1	0	2	1	2	1	0	1	0	0	0	0	2	0	0	1	0	0	0	0	1	0	0	1	1	0	0	2
chr12	11262303	11267400	5098	6	0	5098	3103	1995	336	160	206	284	197	156	181	229	246	84	166	151	207	132	143	224	218	135	11	168	192	131	7	175	130	70	5	105	223	169	7	248
chr12	11267401	11300565	33165	6	0	33165	19828	13337	2508	1031	1437	1681	1436	930	1331	1285	1541	676	1035	951	1172	711	830	1273	1426	780	145	997	1191	749	121	1147	978	601	111	886	1387	1079	135	1602
chr12	11300566	11495565	195000	5	0	195000	116770	78230	14574	5938	8594	9715	8077	5713	7490	7728	8642	3801	6295	5624	7528	4303	5113	7634	8258	4632	715	6150	7160	4686	576	6932	5461	3763	463	5071	8128	6273	622	9339
chr12	11495566	11896565	401000	4	0	401000	230729	170271	29085	11639	16953	17571	14520	12778	17181	14048	16479	7866	14419	10494	15164	8716	10003	13813	15805	9702	2411	13081	14960	11225	2514	15430	12167	9899	2084	11733	15595	13303	2049	18311
chr12	11896566	12083565	187000	3	0	187000	105569	81431	13416	5217	7303	7814	6883	6148	8354	6398	7229	3744	7259	5105	6221	3795	4638	6043	7240	4704	1106	5854	7554	5474	1175	7489	5648	5084	1075	5691	7341	6430	1046	8520
chr12	12083566	12451565	368000	2	0	368000	215622	152378	30556	10745	14330	17455	13898	11165	15101	12163	13551	6821	12941	9648	15081	8659	9577	13930	14094	8879	2079	12338	13725	9352	2585	13443	10409	9644	2321	10548	14099	11230	2011	15620
chr12	12451566	13195565	744000	1	0	744000	424039	319961	54574	20984	29581	32666	27178	23395	32351	25224	28363	14433	28008	19468	27690	16318	18680	25126	28308	18592	4219	24011	29188	21026	5336	29313	21988	20537	4718	22451	28663	24708	4057	32844
chr12	13195566	13293565	98000	2	0	98000	54990	43010	6049	2661	4217	4078	3481	3146	4400	3540	4079	2048	3792	2609	3396	1935	2380	3179	3759	2425	513	3093	3979	3258	512	4072	2970	2549	403	2948	3859	3589	404	4675
chr12	13293566	13387565	94000	3	0	94000	54406	39594	6345	2534	4005	4287	3488	2910	4013	3496	3870	1872	3564	2496	3469	1992	2579	3484	3756	2210	384	2958	3620	2617	349	3658	2815	2251	260	2914	3716	3166	289	4631
chr12	13387566	13492565	105000	4	0	105000	61600	43400	7405	3011	4427	5060	4084	3119	4340	4138	4399	2055	3552	2948	4015	2258	2647	4142	4250	2474	432	3287	4078	2890	383	3881	3116	2398	321	2935	4237	3471	382	4863
chr12	13492566	13589565	97000	5	0	97000	56910	40090	6719	2783	4164	4714	3655	2821	4003	3793	4258	1840	3427	2662	3748	2089	2551	3681	3789	2212	395	3137	3615	2622	392	3599	2953	2087	296	2806	3915	3307	361	4604
chr12	13589566	13719565	130000	6	0	130000	77392	52608	8984	3812	5790	6403	4900	3869	5069	5226	5739	2470	4494	3565	5367	2936	3577	5190	5320	3009	454	4304	4665	3296	362	4787	3666	2665	305	3506	5413	4139	383	6333
chr12	13719566	13947565	228000	7	0	228000	136924	91076	17229	6596	9894	11621	8425	6685	8867	8784	9788	4184	7520	6334	9898	5250	6363	9485	9081	5087	1041	7506	7978	5362	865	8102	6462	4824	661	6280	9240	7034	795	10757
chr12	13947566	14050565	103000	6	0	103000	61555	41445	7914	2925	4367	5364	3962	3003	3945	3812	4433	1877	3461	2842	4261	2300	2793	4294	4056	2359	515	3175	3674	2532	464	3661	2994	2176	429	2797	3998	3264	418	4933
chr12	14050566	14144565	94000	5	0	94000	57392	36608	7813	2862	3916	4972	3811	2663	3543	3556	3858	1784	3014	2608	4082	2178	2631	4099	3951	2105	325	3106	3314	2090	278	3119	2561	1803	225	2467	3747	2803	302	4412
chr12	14144566	14253565	109000	4	0	109000	63075	45925	8207	3073	4186	4851	4092	3364	4552	3786	3881	2117	4051	2901	4137	2553	2969	4353	4197	2667	612	3631	4376	2990	558	4230	3187	2895	522	3110	4034	3602	526	4788
chr12	14253566	14394565	141000	3	0	141000	81999	59001	10932	4001	5269	6840	5343	4282	5990	4727	5099	2603	5112	3714	5668	3294	3677	5447	5231	3443	728	4778	5620	3546	919	5206	4004	3986	913	4098	5487	4316	758	5967
chr12	14394566	14623565	229000	4	0	229000	141577	87423	20014	7088	9240	12652	9175	6215	8474	8608	8971	4019	6909	6177	10835	5887	6223	11089	9506	5034	970	7699	7861	4331	938	7331	6147	4784	866	5879	8957	6312	870	9937
chr12	14623566	15121565	498000	3	0	498000	305794	192206	41794	15475	20979	27199	19438	13341	18361	18740	21071	9105	15415	13744	23144	11879	13796	22313	20052	11011	2267	16470	16865	10924	1929	16302	13178	9564	1665	12642	19784	14521	1893	23137
chr12	15121566	15375565	254000	4	0	254000	160150	93850	21929	8021	10700	15068	10096	6791	8789	10142	11059	4339	7203	7096	12634	6281	7022	12979	11003	5018	1007	8404	8030	4660	713	7655	6597	4225	745	6095	10187	7155	795	11560
chr12	15375566	15530565	155000	5	0	155000	97002	57998	13252	4733	6551	9213	6210	4140	5474	6056	6659	2774	4503	4349	7628	3658	4400	7402	6369	3253	619	5063	4999	2988	471	4758	4171	2784	386	3850	6341	4191	496	7257
chr12	15530566	15974565	444000	4	0	444000	276119	167881	38356	13867	18494	25105	17138	11937	15986	16664	18404	7737	13132	12162	21923	11343	12743	21127	18351	9313	1903	15317	14321	8800	1779	13893	11471	8415	1576	11306	17582	12266	1748	19839
chr12	15974566	16474565	5e+05	5	0	5e+05	310612	189388	41195	15208	21368	28322	19822	13689	17689	19483	21308	8919	15204	14076	23768	12472	14278	23810	20760	10454	1989	17085	16268	9957	1616	15623	13340	8920	1403	12465	20315	14132	1694	23366
chr12	16474566	16647565	173000	6	0	173000	110051	62949	15540	5315	7406	10664	6822	4293	5718	6769	7249	2878	4804	4761	9314	4526	5110	8882	7134	3383	681	5814	5136	3184	591	5051	4543	2950	498	4291	6789	4445	576	7881
chr12	16647566	16794565	147000	7	0	147000	94982	52018	13484	4548	6282	9514	6006	3614	4568	5994	6367	2361	3932	4260	7971	3819	4300	7962	6109	2900	496	4837	4331	2381	357	4080	3746	2163	292	3405	5995	3705	459	6760
chr12	16794566	17042565	248000	8	0	248000	159723	88277	22981	7745	10360	15789	10136	6252	7860	9744	10628	4045	6633	7082	13130	6480	7180	13676	10652	4863	907	8100	7354	4294	723	6878	6110	3785	640	5583	9876	6307	732	11473
chr12	17042566	17902565	860000	9	0	860000	554765	305235	79334	27110	35780	54555	35243	21251	27368	34342	36642	14321	22747	24614	45560	22306	24903	48687	36707	16771	3180	28330	25632	14599	2278	23656	21356	12856	1976	19570	34509	21939	2634	39242
chr12	17902566	18032565	130000	8	0	130000	84645	45355	12354	4224	5267	8391	5425	3138	4225	5172	5603	2178	3287	3807	6855	3342	3795	7580	5631	2496	444	4311	3786	2015	294	3365	3138	1842	271	2887	5405	3107	351	6012
chr12	18032566	18138565	106000	7	0	106000	67485	38515	8984	3162	4318	6261	4009	2840	3450	4343	4330	1816	2878	2830	5402	3076	3100	6684	4690	2090	477	3637	3167	2030	352	3126	2667	1781	277	2367	4119	2774	344	4617
chr12	18138566	18315565	177000	6	0	177000	115055	61945	16830	5530	7641	11700	7162	4254	5390	6661	7745	2841	4807	4800	9966	4544	5179	10003	7229	3343	711	5886	4942	2901	515	4833	4253	2612	460	4067	7043	4335	584	8231
chr12	18315566	18449565	134000	5	0	134000	85765	48235	11937	4190	5716	8319	5274	3424	4397	5436	5793	2284	3726	3913	7158	3366	3666	7166	5599	2561	550	4554	4034	2288	391	3801	3293	2142	305	3000	5605	3523	438	6149
chr12	18449566	18563565	114000	4	0	114000	72577	41423	10110	3668	4926	7003	4687	2888	3806	4358	4910	1907	3268	3220	6000	2839	3276	5711	4750	2208	417	3927	3421	2006	324	3293	2915	1822	274	2759	4652	3008	349	5296
chr12	18563566	18718565	155000	5	0	155000	98921	56079	13616	4830	6543	9543	6259	4042	5105	6158	6684	2711	4348	4441	7972	3949	4507	8212	6567	3128	583	5253	4817	2728	355	4403	3779	2359	329	3593	6401	4088	441	7254
chr12	18718566	19245565	527000	6	0	527000	327506	199494	45214	16243	22513	29620	20917	14102	18985	19968	22137	9316	15703	14478	25322	13216	14824	24946	21642	11019	2267	17950	17232	10457	1871	16402	13964	9902	1609	13545	21134	14584	1787	24129
chr12	19245566	19384565	139000	5	0	139000	83981	55019	12893	4067	5087	7378	5225	4008	5629	4591	4774	2329	4687	3772	6532	3490	3723	5795	5222	3187	714	4771	4944	2772	867	4695	3871	3632	812	3969	5416	3688	767	5691
chr12	19384566	19470565	86000	4	0	86000	48273	37727	6682	2470	3007	3553	3197	2841	3847	2694	2763	1688	3401	2262	3070	1998	2185	2615	3259	2190	583	2965	3461	2294	837	3303	2558	2698	765	2698	3300	2713	627	3474
chr12	19470566	19576565	106000	5	0	106000	64566	41434	9721	3294	4190	5614	4321	3150	4015	3650	4014	1771	3404	2741	4762	2690	2739	4489	4294	2541	501	3568	3846	2233	478	3466	2932	2370	448	2826	4064	2879	499	4488
chr12	19576566	19674565	98000	6	0	98000	58404	39596	7890	2910	4107	4898	3834	2779	3859	3605	3929	1820	3397	2488	4153	2117	2536	4080	3722	2295	463	3146	3731	2348	374	3569	2916	2325	374	2699	3708	3054	387	4485
chr12	19674566	19779565	105000	7	0	105000	64120	40880	8525	3276	4374	5720	4414	2897	3894	4053	4478	1904	3123	2925	4478	2472	2888	4698	4276	2466	410	3397	3853	2357	364	3322	2900	1962	327	2815	4229	3111	345	4745
chr12	19779566	19892565	113000	8	0	113000	69909	43091	9731	3491	4676	6416	4600	3160	3935	4370	4695	1992	3404	3041	5288	2670	3207	5233	4695	2362	508	3748	3784	2314	454	3539	3181	2147	363	2863	4405	3268	387	5071
chr12	19892566	20049565	157000	9	0	157000	98970	58030	13886	4911	6501	9323	6229	4165	5305	6247	6528	2627	4739	4392	7978	4011	4425	7702	6561	3212	711	5230	4858	2838	512	4710	4187	2656	438	3829	6340	4212	535	7200
chr12	20049566	20060596	11031	10	0	11031	7027	4004	987	387	481	672	460	288	351	446	517	197	279	298	563	260	299	540	475	216	44	397	344	201	36	316	259	161	26	238	467	319	44	461
chr12	20060597	20060661	65	7	0	65	42	23	6	2	1	5	6	3	3	2	1	1	1	3	1	2	1	4	7	1	0	0	1	0	0	2	3	0	0	1	3	2	0	1
chr12	20060662	20119565	58904	10	0	58904	35603	23301	4703	1780	2388	3117	2342	1711	2235	2179	2332	1089	1884	1614	2611	1428	1627	2562	2433	1365	289	1922	2068	1355	280	1944	1683	1217	239	1586	2283	1710	244	2682
chr12	20119566	20250565	131000	9	0	131000	82779	48221	11542	4059	5560	7703	5269	3423	4486	5102	5567	2286	3862	3664	6486	3272	3671	6827	5438	2694	486	4422	4212	2456	326	3894	3325	2174	273	3140	5304	3564	389	6122
chr12	20250566	20880565	630000	10	0	630000	401455	228545	57058	19640	26397	38721	24926	15852	20826	24203	26653	10692	17400	17276	33180	16414	18026	34190	26197	12524	2689	21188	18850	11340	2301	18303	15692	10537	2049	14854	25068	16393	2255	28304
chr12	20880566	21262565	382000	9	0	382000	246429	135571	36039	12309	16263	23949	16271	9332	12089	15045	16682	6392	10192	10987	19568	9826	10879	20605	16479	7755	1219	12406	11659	6423	860	10622	9267	5572	701	8354	15333	9813	1066	18041
chr12	21262566	21437565	175000	8	0	175000	110560	64440	15527	5403	7445	10389	7158	4541	5783	6858	7489	2964	5113	5040	8590	4426	4867	8967	7383	3633	656	5661	5633	3323	516	5208	4399	2805	473	4142	6925	4919	565	8197
chr12	21437566	21599565	162000	7	0	162000	101695	60305	13810	5072	7048	9341	6150	4185	5656	6356	6922	2835	4431	4621	8389	4134	4709	8036	6490	3371	692	5673	5146	3058	618	4820	4167	2838	547	4074	6543	4375	614	7277
chr12	21599566	21910802	311237	6	0	311237	194322	116915	26705	9876	13039	17934	12592	8374	10766	12042	13205	5487	9039	8805	15052	7691	8972	14741	12939	6531	1351	10607	10142	6090	1125	9396	8190	5384	961	7663	12503	8748	1135	14150
chr12	21910816	22470565	559750	6	0	559750	347692	212058	47851	17299	23428	31419	22618	15131	19921	21345	23354	10011	16572	15614	26175	13498	15515	27940	23433	11884	2312	18310	18456	11567	1989	17369	14897	10316	1854	14119	22229	15614	2071	25637
chr12	22470566	22693565	223000	5	0	223000	142180	80820	21118	7076	9010	13681	8665	5800	7534	8115	8646	3629	6027	6025	12456	6229	6437	11731	9235	4669	1012	7818	6716	4059	845	6588	5478	3973	813	5286	8685	5507	819	9316
chr12	22693566	22783565	90000	6	0	90000	55426	34574	7602	2712	3748	4928	3448	2426	3218	3495	3762	1696	2871	2385	4178	2177	2549	4230	3721	1948	408	2934	3032	1914	351	2921	2284	1760	287	2299	3549	2596	336	4233
chr12	22783566	22877565	94000	7	0	94000	57961	36039	7898	2810	3988	5163	3672	2572	3336	3568	3925	1696	3025	2575	4364	2188	2666	4514	3773	1986	352	3155	3170	2079	262	3173	2448	1795	249	2376	3758	2824	327	4311
chr12	22877566	23324565	447000	8	0	447000	278978	168022	37579	13662	19184	25812	17988	11873	15541	17437	19327	7748	13348	12577	21343	10817	12812	21930	18539	9227	1715	14619	14577	8826	1297	13952	11864	7910	1207	11289	17859	12689	1425	21025
chr12	23324566	23493565	169000	7	0	169000	106504	62496	14527	5441	6851	10061	6973	4412	5794	6945	7161	2949	4818	4931	8218	4085	4764	8573	7217	3587	626	5457	5456	3187	459	5049	4397	2786	395	4020	7053	4591	514	7701
chr12	23493566	23841565	348000	8	0	348000	226151	121849	32454	11114	14821	22335	13652	8652	10843	13692	14917	5616	9152	9513	19703	9337	10170	20178	14895	6544	1432	11848	9665	5377	1027	9563	8267	5153	844	8036	14012	8558	1089	15539
chr12	23841566	24495565	654000	9	0	654000	416854	237146	58932	20801	27467	39922	25824	17054	21482	25825	27662	10889	17992	18250	34703	17113	18903	34033	27621	12871	2862	22503	19564	11561	2018	18944	16560	10639	1873	15336	26440	17016	2277	29061
chr12	24495566	24820565	325000	8	0	325000	201288	123712	27561	10197	13743	18208	13079	8870	11522	12708	13978	5737	9916	8997	15091	7934	8954	14793	13617	6766	1455	10899	10584	6631	1178	10104	8774	5899	1050	8125	13204	9200	1217	15007
chr12	24820566	24969565	149000	7	0	149000	88261	60739	11831	4416	6028	7343	5699	4442	6002	5262	5605	2813	5160	3907	6483	3457	3828	5984	5826	3557	738	5008	5470	3668	877	5245	4324	3568	753	4219	5785	4467	688	6545
chr12	24969566	25073565	104000	6	0	104000	62325	41675	8603	3147	4013	5336	4077	3042	4169	3721	4007	1821	3553	2855	4413	2445	2906	4216	4112	2446	483	3413	3816	2325	447	3642	2962	2440	406	2946	4119	3019	458	4640
chr12	25073566	25174565	101000	5	0	101000	62614	38386	8729	3092	4089	5671	3935	2796	3534	3739	4082	1634	3070	2866	4835	2555	2829	5156	4041	2239	440	3357	3383	2124	425	3287	2600	2000	379	2459	3980	2856	396	4420
chr12	25174566	25321565	147000	4	0	147000	90889	56111	12893	4431	5921	8354	5598	3969	5136	5536	5742	2555	4376	3854	7366	3948	4203	7006	5859	3320	650	5074	4927	3106	787	4702	3793	3003	681	3681	5660	4093	596	6178
chr12	25321566	25847422	525857	3	0	525857	321100	204757	42906	16094	22031	28545	21090	14728	19610	19945	21750	9675	16354	14569	23831	12518	14378	23075	21652	11593	2353	17417	18310	11410	2073	17042	14273	10517	1790	13978	21138	15314	1960	23936
chr12	25847424	26331566	484143	3	0	484143	289776	194367	38275	14545	20063	24712	18634	13961	19109	17933	19475	8969	15884	13054	21211	11130	12778	20041	19285	10995	2239	16087	17196	11830	2300	16902	13766	10811	2133	13440	19390	14592	1996	21405
chr12	26331567	26642566	311000	4	0	311000	192581	118419	25783	9406	12923	17537	11789	8648	11339	12296	13159	5555	9645	8646	14919	7593	8615	14727	13055	6604	1234	10309	10125	6455	1037	10016	8313	5582	830	7853	12579	8993	1089	14344
chr12	26642567	26768566	126000	3	0	126000	78069	47931	10479	3988	5410	7035	5043	3430	4466	4986	5367	2207	3681	3504	6023	3135	3545	5768	5420	2656	557	4127	4094	2607	381	4048	3452	2297	345	3188	4959	3570	491	5739
chr12	26768567	27189566	421000	2	0	421000	255005	165995	34460	12910	16949	22206	16201	11999	16210	15412	16701	7627	13420	11408	19163	10329	11485	18524	17049	9538	1964	14314	14898	9373	2044	14110	11385	9149	1859	11155	16490	12364	1817	18485
chr12	27189567	27865566	676000	3	0	676000	406217	269783	54716	20483	27745	34525	25849	19593	26687	24576	26670	12370	21934	18268	30234	16270	18036	28259	27212	15338	3229	22937	24118	15948	3176	23364	18793	15077	2819	18529	26582	20243	2846	29572
chr12	27865567	27975566	110000	4	0	110000	66181	43819	8967	3327	4614	5547	4251	3165	4018	4058	4535	1937	3700	2973	4702	2588	2921	4876	4524	2403	503	3587	3891	2701	669	3650	2885	2389	548	2924	4193	3418	442	5092
chr12	27975567	28106566	131000	5	0	131000	80425	50575	10522	4050	5687	7096	5242	3589	4781	5055	5655	2342	4120	3668	5936	3143	3662	5877	5366	2792	540	4425	4500	2735	425	4251	3517	2475	349	3413	5284	3909	432	6160
chr12	28106567	28232566	126000	6	0	126000	79965	46035	11280	4009	5557	7596	4989	3232	4165	4870	5494	2103	3471	3305	6679	3294	3537	6383	5234	2616	520	4268	3879	2277	430	3727	3204	2097	377	3032	4938	3323	409	5703
chr12	28232567	29270566	1038000	7	0	1038000	653921	384079	90427	32750	44720	60509	42181	26864	35814	40669	45030	18010	29566	29387	50768	25831	29384	52011	43571	21416	3615	34853	33216	19839	2811	31373	26692	17293	2387	25020	42049	28691	3013	48238
chr12	29270567	30024566	754000	6	0	754000	463033	290967	61563	22984	31326	41709	29505	21098	27889	29660	31544	13488	23001	20810	34970	18511	20609	34364	31365	16419	3274	25023	25543	16065	2790	24313	20945	14444	2458	19485	30300	21783	2756	34004
chr12	30024567	30530566	506000	7	0	506000	306502	199498	40055	15375	21227	26650	20142	14691	19441	19540	20938	9567	15885	14087	22172	11658	13577	21495	21062	11537	2052	16640	18143	11588	1821	16852	14107	10124	1547	13548	20502	15155	1730	23090
chr12	30530567	30576014	45448	6	0	45448	27714	17734	3772	1414	1910	2415	1847	1341	1717	1740	1866	800	1354	1256	2027	1117	1184	1952	1947	1066	167	1492	1640	985	178	1433	1267	905	152	1226	1791	1280	191	2014
chr12	30576015	30764565	188551	6	0	188551	116406	72145	16495	5887	7873	10287	7329	5051	6917	6956	7591	3324	5543	5135	9127	4974	5469	8448	7698	4170	867	6501	6131	3953	849	5943	5077	3575	742	5044	7347	5179	754	8313
chr12	30764566	30958166	193601	5	0	193601	108737	84864	12884	5381	8057	8051	7123	6167	8697	6928	7566	3982	7234	4967	6799	3843	4790	6266	7560	4934	875	6005	7942	6459	1102	8020	6080	5262	891	5985	7333	6868	780	8768
chr12	30958167	31008294	50128	5	0	50128	23360	26768	1710	1078	1716	1069	1383	2092	3274	1604	1613	1230	2356	1019	867	725	924	698	1839	1590	335	1361	2665	2757	480	2811	2109	2196	374	2033	1740	2170	243	2065
chr12	31008296	31021565	13270	5	0	13270	6927	6343	634	344	509	414	395	546	709	489	473	292	576	317	399	235	278	316	570	368	79	400	581	466	108	651	490	441	70	459	498	531	69	561
chr12	31021566	31131565	110000	4	0	110000	57913	52087	6187	2864	4351	3676	3596	3875	5589	3507	4134	2489	4497	2649	3161	1975	2448	2914	4205	2978	750	3270	4663	4619	1035	4965	3654	3490	889	3799	4045	4195	678	4851
chr12	31131566	31781565	650000	3	0	650000	378595	271405	52319	18687	24876	30862	24458	20145	27275	21427	23398	11908	23509	17044	26569	14975	16968	24174	24687	16122	3569	21337	24815	16447	4347	24413	18915	17721	4005	19167	24888	19731	3529	27711
chr12	31781566	31928565	147000	4	0	147000	83641	63359	11794	4153	5466	6433	5649	4767	6414	4617	4914	2807	5648	3820	5489	3156	3582	4930	5452	3818	881	4733	6019	3908	1168	5683	4442	4474	1048	4544	5534	4578	927	6150
chr12	31928566	32526565	598000	3	0	598000	348324	249676	47895	17130	22813	28207	22687	18659	25451	19960	21308	11260	21239	15896	24155	13681	15213	22769	22991	14617	3390	19732	22754	14619	4083	21974	17759	16354	3860	17839	23253	17840	3439	25171
chr12	32526566	32563071	36506	2	0	36506	21608	14898	3012	1079	1349	1813	1329	1167	1524	1236	1245	653	1291	974	1667	871	1003	1395	1412	908	188	1262	1351	819	209	1290	1085	907	224	1078	1407	1034	185	1537
chr12	32563072	32563121	50	2	0	50	7	43	0	0	0	0	0	1	2	0	0	2	2	0	0	0	0	0	0	2	1	0	2	14	7	2	0	5	2	2	1	3	0	0
chr12	32563122	32821565	258444	2	0	258444	153958	104486	21506	7663	9942	12944	9574	7687	10483	8841	9626	4606	8615	6861	11349	6328	7038	10893	9989	6070	1396	8830	9311	6002	1697	8905	7202	6498	1502	7376	10083	7345	1313	10967
chr12	32821566	32936565	115000	3	0	115000	67370	47630	9235	3295	4559	5556	4291	3493	4807	3893	4400	2097	4103	2992	4719	2679	2973	4277	4310	2750	609	3894	4279	2875	750	4209	3297	3066	669	3328	4598	3422	562	5011
chr12	32936566	33039565	103000	4	0	103000	61708	41292	8160	3050	4212	5416	4154	2934	3995	3892	4133	1858	3426	2844	4391	2312	2687	4242	4048	2401	425	3281	3822	2571	408	3596	3000	2247	373	2858	4105	3178	394	4585
chr12	33039566	33125565	86000	5	0	86000	53197	32803	7126	2691	3570	4870	3523	2409	3064	3311	3639	1507	2519	2396	3969	2053	2440	4108	3631	1984	260	2785	2928	1994	260	2722	2331	1492	208	2147	3418	2434	270	3939
chr12	33125566	33190395	64830	6	0	64830	40690	24140	5614	2090	2798	3749	2682	1681	2275	2574	2821	1164	1812	1830	3134	1548	1875	3043	2789	1410	200	2084	2106	1280	135	2003	1756	1075	123	1550	2560	1759	186	3122
chr12	33190396	33443564	253169	6	0	253169	158442	94727	21886	7739	10691	14851	10176	6649	8772	9922	10797	4511	7563	6956	12307	6252	7000	12369	10474	5325	1004	8347	8161	4946	854	7752	6679	4418	775	6164	10205	7024	835	11763
chr12	33443565	34223564	780000	7	0	780000	490499	289501	67574	24513	32323	46446	31939	20060	26792	31027	33078	13572	21735	21924	38265	18956	22202	40091	32657	16427	2782	25236	25480	15700	2413	23423	20484	13579	1949	19062	31198	21310	2470	35331
chr12	34223565	34396564	173000	8	0	173000	79922	93078	9278	3719	7175	3763	5232	7860	7856	5141	6515	3833	6039	3163	2909	2136	2444	2857	5664	5904	2198	3783	8797	12054	2912	9750	6839	8227	2956	4444	4789	7328	1896	5537
chr12	34396565	34502564	106000	9	0	106000	64097	41903	10886	3784	4747	4675	4415	3800	4210	4067	6173	1232	3268	3303	2617	1359	2147	3413	4689	1889	463	3134	3412	2284	397	3211	3472	1897	415	2663	4919	3234	459	5364
chr12	34502565	34504916	2352	8	0	2352	1488	864	289	94	118	112	106	76	80	91	162	20	78	68	56	22	45	71	98	26	11	77	66	30	6	59	68	30	5	59	121	74	6	126
chr12	34504917	34504974	58	8	0	58	38	20	7	2	5	1	2	4	1	3	5	0	2	2	0	1	1	0	5	0	0	2	0	0	0	0	2	0	0	2	4	0	0	5
chr12	34504975	34679564	174590	8	0	174590	106857	67733	17801	6399	7844	7863	7385	6118	6734	6606	9886	2100	5439	5489	4835	2582	3732	6043	7978	2951	754	5516	5342	3516	538	5109	5513	2717	643	4241	8009	5321	701	8883
chr12	34679565	34703759	24195	9	0	24195	15614	8581	2656	1101	1290	1041	1213	844	706	624	1626	259	909	607	593	415	686	1042	1132	256	160	1071	424	133	69	541	595	266	118	415	1236	512	89	1564
chr12	37462893	37470697	7805	10	0	7805	5109	2696	858	245	331	542	343	175	248	254	346	139	225	206	428	179	193	396	306	149	27	256	239	117	21	214	166	104	21	159	309	221	19	367
chr12	37470698	37538697	68000	9	0	68000	43369	24631	6416	2170	2594	4141	2830	1964	2322	2667	2910	1022	1910	2066	3165	1646	1939	3606	3055	1328	239	2181	2056	1161	172	1940	1727	1140	131	1592	2945	1701	210	3052
chr12	37538698	37798697	260000	8	0	260000	159637	100363	25458	9026	12280	11268	12228	9871	9419	8884	14745	3457	9317	8114	5600	4122	5964	9882	12024	4301	1131	9020	7358	3376	901	7188	8218	4163	1116	5933	12802	6983	1010	14839
chr12	37798698	38545697	747000	9	0	747000	462364	284636	69125	25151	32195	38169	30574	22631	27786	27586	35473	11682	22607	22162	29468	15051	19705	32998	32438	14604	2871	24602	23553	14997	2567	22559	20798	12909	2214	18599	31788	21166	2438	36532
chr12	38545698	38826697	281000	10	0	281000	179518	101482	25326	8885	11665	17475	11575	7040	9205	11246	11911	4659	7665	8108	14539	7188	8092	14939	11785	5620	1009	9358	8678	5054	796	7936	7249	4402	656	6595	11354	7388	863	12737
chr12	38826698	39085697	259000	9	0	259000	163495	95505	22866	8045	10989	15562	10507	6489	8894	9690	10989	4467	7585	7138	13098	6638	7404	13132	10537	5253	971	8878	8138	4735	866	7894	6504	4511	716	6323	10401	7134	867	11777
chr12	39085698	39239697	154000	8	0	154000	94938	59062	12858	4840	6300	8725	6335	4157	5570	5945	6456	2709	4510	4407	7075	3788	4306	6955	6404	3396	621	5073	5318	3309	604	4848	4122	2837	517	3930	6163	4537	548	6835
chr12	39239698	39329697	90000	7	0	90000	56968	33032	8055	2774	3798	5429	3577	2269	3084	3513	3865	1527	2614	2555	4560	2194	2577	4575	3628	1822	313	3002	2832	1675	261	2684	2341	1523	206	2184	3642	2432	284	4203
chr12	39329698	39438697	109000	6	0	109000	69451	39549	9833	3428	4634	6618	4334	2780	3561	4185	4385	1804	3084	2882	5961	2963	3201	5797	4556	2228	377	3813	3299	1939	349	3278	2710	1888	287	2669	4296	2810	329	4720
chr12	39438698	39504697	66000	5	0	66000	40186	25814	5443	2023	2693	3570	2578	1904	2463	2466	2631	1151	2066	1788	3078	1584	1774	2972	2652	1473	270	2267	2236	1435	330	2195	1830	1424	341	1725	2693	1864	269	2810
chr12	39504698	39646697	142000	6	0	142000	90882	51118	13266	4510	5995	8815	5762	3484	4769	5508	5949	2370	3671	3886	7610	3758	4091	7437	5968	2893	464	4797	4362	2536	414	4094	3604	2372	360	3378	5589	3605	424	6257
chr12	39646698	39757697	111000	7	0	111000	70392	40608	9580	3510	4576	6291	4594	2930	3718	4645	4710	1900	2777	3138	5072	3155	3205	6590	5103	2367	499	3526	3580	2093	279	3199	2923	1697	240	2576	4280	2994	276	4975
chr12	39757698	40279697	522000	8	0	522000	330200	191800	46263	16330	22074	30723	20628	13299	17970	20726	21787	8784	14599	14525	26712	13683	14799	27296	21891	10407	2033	17765	16283	9596	1540	15692	13554	9119	1438	12787	20895	13989	1613	23198
chr12	40279698	40565697	286000	9	0	286000	180620	105380	24324	8822	11886	17357	11080	7337	10609	10937	12493	5319	7974	8147	14492	7221	8002	14619	11912	5846	968	9973	9152	5231	754	8697	6934	4417	560	7001	11964	8340	830	12800
chr12	40565698	41168697	603000	10	0	603000	386156	216844	53375	18427	25498	37990	24080	15336	19503	24193	25963	10209	16582	16942	31872	15273	17517	33395	25145	11759	1999	20341	18338	10701	1613	17385	15181	9603	1247	13835	24448	15974	1735	27539
chr12	41168698	41336697	168000	9	0	168000	107044	60956	14885	5358	7028	10396	6735	4367	5702	6739	7242	2813	4476	4698	8805	4149	4852	8798	7154	3325	581	5627	5031	2913	502	4861	4493	2714	433	4092	6865	4354	532	7478
chr12	41336698	41499697	163000	10	0	163000	104125	58875	14052	5081	6854	10231	6611	4154	5398	6675	7057	2726	4606	4549	8498	4161	4719	8752	6933	3087	567	5535	4837	2906	364	4675	4312	2509	296	3915	6755	4280	451	7452
chr12	41499698	41766697	267000	9	0	267000	166882	100118	22676	8115	11135	15625	10639	7163	9331	10999	11594	4718	7944	7469	12640	6386	7343	13103	11147	5383	1046	8806	8680	5253	799	8059	7271	4564	709	6676	11034	7591	888	12212
chr12	41766698	41934697	168000	8	0	168000	102661	65339	13549	5083	7031	9215	6723	4704	6390	6561	7193	2905	5160	4771	7414	3924	4557	7479	6945	3627	650	5394	5878	3696	519	5543	4804	3268	433	4553	6752	5045	584	7648
chr12	41934698	42061697	127000	7	0	127000	75899	51101	9913	3771	5147	6487	4996	3868	5155	4946	5164	2399	4214	3420	5246	2819	3254	5099	5228	2955	473	4201	4725	3025	490	4334	3732	2701	400	3639	5279	3893	429	5596
chr12	42061698	42202697	141000	6	0	141000	87051	53949	12568	4509	5630	7627	5446	3882	5240	5204	5482	2413	4320	3876	6838	3755	3956	6305	5734	3180	673	4972	4750	2759	591	4479	3641	2828	642	3607	5646	3812	546	6087
chr12	42202698	42383697	181000	5	0	181000	108051	72949	15547	5238	6946	9341	6758	5300	7076	6100	6647	3145	6006	4752	8119	4445	4831	7799	6940	4276	911	6001	6529	4503	1325	6188	4961	4630	1145	4989	6804	5136	929	7681
chr12	42383698	42493697	110000	6	0	110000	65840	44160	9333	3344	4284	5575	4121	3177	4447	3695	4094	2012	3557	2839	4987	2821	2951	4601	4356	2581	603	3814	3822	2563	754	3715	3064	2606	675	3105	4199	3104	594	4605
chr12	42493698	42723697	230000	7	0	230000	136062	93938	18375	7000	9429	11268	8988	6846	9432	8033	9126	4230	7962	6049	9583	5094	6111	8534	9087	5404	1067	7612	8534	5518	1143	8232	6685	5461	1058	6770	8993	7044	1010	10320
chr12	42723698	42813141	89444	8	0	89444	53573	35871	6672	2654	3884	4535	3454	2578	3539	3350	3746	1798	3009	2482	3872	2016	2414	3568	3537	2078	414	3017	3200	2148	311	3085	2508	1789	285	2464	3676	2729	350	4280
chr12	42813142	43360696	547555	8	0	547555	344100	203455	47211	17216	23324	32206	22189	14183	18811	21794	23816	9488	16015	15233	26741	13231	15601	27041	22565	11411	1987	18154	17817	10637	1406	16688	14191	9256	1259	13530	22404	15243	1526	25379
chr12	43360697	43540696	180000	7	0	180000	116605	63395	16876	5811	7413	11498	7192	4433	5578	7409	7720	2901	4524	5082	9811	4811	5449	10095	7609	3485	687	6176	5377	2851	517	4790	4481	2616	508	4071	7145	4583	572	7927
chr12	43540697	43629696	89000	6	0	89000	55907	33093	7864	2817	3570	5338	3685	2213	2976	3581	3950	1532	2543	2498	4090	2243	2457	4549	3742	1816	368	2879	2908	1800	372	2564	2251	1482	345	2042	3553	2546	363	4061
chr12	43629697	43730696	101000	5	0	101000	63497	37503	8953	3187	4267	5923	4041	2435	3486	3972	4190	1790	2864	2814	5145	2499	2853	5077	4028	2143	350	3390	3300	2120	361	3056	2579	1829	273	2415	4027	2745	278	4608
chr12	43730697	43911696	181000	4	0	181000	110953	70047	15356	5457	7434	9903	6808	5037	6789	6694	7363	3107	5694	4917	8622	4569	5039	8162	7200	3940	784	6246	6001	3778	877	5838	4893	3750	845	4814	7235	5026	762	8058
chr12	43911697	44020696	109000	5	0	109000	67346	41654	8765	3309	4652	6026	4123	2892	3973	4130	4536	1973	3437	3043	5327	2656	3204	5299	4323	2342	376	3789	3589	2320	374	3624	2851	2044	280	2753	4355	3201	332	5100
chr12	44020697	44117696	97000	6	0	97000	60558	36442	7996	3163	4031	5543	3862	2604	3466	3924	4048	1675	2832	2691	4827	2456	2657	4782	4128	2096	396	3278	3180	1973	261	2980	2598	1675	248	2381	3950	2650	301	4346
chr12	44117697	44204051	86355	7	0	86355	55062	31293	7507	2674	3536	5343	3411	2170	2935	3543	3565	1426	2381	2434	4577	2158	2413	4988	3538	1781	306	2804	2773	1529	213	2517	2228	1445	200	2152	3520	2277	217	3792
chr12	44204072	44850716	646645	7	0	646645	409462	237183	55938	20015	27268	38704	25586	16750	21951	26421	27847	11039	18042	18268	32554	16452	18792	33834	27196	12937	2315	21808	20355	11893	1682	19179	17002	10619	1471	15529	26155	17660	1844	29537
chr12	44850717	44972716	122000	6	0	122000	76690	45310	10796	3869	5146	7276	5014	3094	4034	4712	5229	2114	3433	3505	6048	2981	3481	5956	4980	2570	529	3980	3962	2450	460	3638	3127	2035	381	2917	4785	3455	482	5559
chr12	44972717	45107716	135000	5	0	135000	84032	50968	11258	4218	5810	7769	5500	3603	4605	5428	5784	2415	3931	3767	6513	3222	3698	6510	5579	2820	555	4504	4577	2814	460	4041	3536	2375	452	3357	5444	3883	429	6141
chr12	45107717	45383716	276000	4	0	276000	166805	109195	21985	8342	11430	14311	10755	7716	10862	10392	11369	4971	8835	7732	11959	6718	7416	12011	11160	6227	1096	9264	9772	6442	1081	9390	7760	5669	999	7427	11033	8347	1064	12463
chr12	45383717	45879716	496000	3	0	496000	305744	190256	41948	15258	20448	27372	19395	13708	18287	18458	19755	8460	15123	13694	23929	12293	13976	23638	20321	10564	1952	16882	16809	10549	1929	15898	13344	10072	1763	13141	19375	14000	1744	21913
chr12	45879717	46028716	149000	2	0	149000	92284	56716	13233	4809	6177	8193	5889	3989	5460	5154	5942	2530	4407	4037	7347	3936	4201	6978	6066	3220	669	5309	4914	3040	702	4650	3804	2972	689	3765	5709	4074	612	6521
chr12	46028717	46459716	431000	1	0	431000	261572	169428	34859	13213	18268	22901	17345	12090	16303	16201	18073	7927	13263	11657	18964	10129	11817	18561	17767	9715	1682	14195	15283	10113	1654	14418	12138	8616	1547	11379	16751	13023	1487	19659
chr12	46459717	46663716	204000	2	0	204000	124442	79558	16558	6466	8471	10858	8499	5696	7806	7874	8626	3796	6371	5596	8670	4670	5615	8869	8633	4568	725	6702	7289	4617	563	6617	5735	3836	437	5446	8218	6065	609	9497
chr12	46663717	46800716	137000	3	0	137000	84753	52247	11240	4230	5751	7640	5566	3783	4940	5642	5837	2483	4049	3842	6218	3258	3799	6473	5687	3053	501	4513	4864	2785	312	4381	3751	2475	260	3454	5629	4029	361	6192
chr12	46800717	46966716	166000	4	0	166000	102827	63173	13758	5270	7244	9245	6808	4414	5930	6549	7154	3045	4883	4598	7797	3843	4627	7660	6976	3527	605	5464	5534	3431	486	5295	4545	2981	413	4235	6646	4807	538	7690
chr12	46966717	47477716	511000	3	0	511000	306989	204011	41291	15295	21113	26360	20205	14672	19870	18922	20889	9359	16882	14006	21674	11630	13719	21101	20438	11741	2210	16567	18726	12011	2222	17477	14457	11180	1904	13941	20048	15503	1986	23599
chr12	47477717	47652716	175000	2	0	175000	104248	70752	12935	5182	7317	8637	6954	5324	7044	6885	7204	3278	5825	4645	6978	4083	4516	7439	7467	4025	710	5665	6680	4367	545	6023	5180	3776	435	4927	6880	5447	538	8087
chr12	47652717	48139716	487000	1	0	487000	257616	229384	27196	12206	19020	17175	15889	16124	24785	15397	17757	10555	20571	11360	14755	9407	11362	14056	17614	13134	2756	14788	21485	20141	4071	23042	15621	16715	3328	16444	17474	18749	2557	21464
chr12	48139717	48255716	116000	2	0	116000	68619	47381	9175	3321	4788	5694	4380	3287	4609	4228	4723	2136	3977	3150	4699	2620	3047	4784	4434	2667	510	3753	4325	3047	645	4131	3299	2717	623	3243	4446	3716	530	5294
chr12	48255717	48543716	288000	3	0	288000	172285	115715	22712	8694	11673	14798	11629	7876	11008	10950	11953	5326	9427	8223	11583	6496	7816	12119	11411	6669	1223	9089	10578	7281	1520	9971	8046	6322	1153	7523	11428	9078	1082	13341
chr12	48543717	48701716	158000	2	0	158000	91589	66411	12233	4656	6200	7216	6049	4679	6744	5330	5935	3042	5803	4217	6088	3501	4212	5683	5850	4002	789	5237	6325	4170	912	5977	4551	4139	801	4661	6077	5073	762	7084
chr12	48701717	50314716	1613000	1	0	1613000	847793	765207	101686	40204	57696	55788	54490	55933	80613	47307	52513	33094	71333	39052	46685	31823	37497	42079	55879	45040	10237	49898	72739	62732	16842	74280	51327	59439	15324	55476	58398	59382	10728	67484
chr12	50314717	50979716	665000	2	0	665000	385718	279282	53944	19119	24555	30700	24929	20748	28784	21833	22882	12293	24278	17629	26561	15662	17377	24422	25358	16731	3519	22214	26393	16911	4214	25074	19254	18795	4029	19708	25289	20155	3640	27998
chr12	50979717	51046716	67000	3	0	67000	37431	29569	5166	1884	2408	2738	2548	2270	3153	1904	2178	1333	2677	1630	2304	1469	1730	2038	2451	1817	398	2290	2828	1874	493	2736	2001	2153	514	2196	2595	2087	389	2746
chr12	51046717	51205467	158751	2	0	158751	87951	70800	11703	4258	5733	6452	5702	5292	7391	4852	5314	3048	6330	4141	5427	3470	4084	4753	5622	4273	934	5239	6719	4732	1425	6548	4848	5258	1224	5144	6047	5161	1017	6608
chr12	51205469	51519715	314247	2	0	314247	171934	142313	21211	8252	11775	12141	11069	10560	14727	9979	11060	6250	13106	7947	10039	6585	7819	9413	11406	8550	1747	9944	13455	10342	2550	13865	9598	10256	2214	10022	11876	11063	1827	13597
chr12	51519716	51764715	245000	3	0	245000	144726	100274	18667	7533	9969	11860	9632	7131	9936	8808	9713	4525	8148	6688	10017	5778	6579	9740	9879	5849	1167	8072	9197	6210	1290	8780	6959	5731	1181	6883	9472	7687	1020	10897
chr12	51764716	51917715	153000	2	0	153000	76482	76518	7823	3567	5502	4639	4887	5359	8199	4505	4994	3496	6819	3691	3828	2624	3300	3247	5201	4292	1035	4518	7289	7457	1911	7549	5063	6165	1630	5408	5397	6292	966	6345
chr12	51917716	52417715	5e+05	1	0	5e+05	245745	254255	21651	11361	17611	13867	15234	19099	28355	15240	16324	11326	23402	11714	11281	8367	10131	10781	18269	14479	3217	14188	24428	25110	5278	25916	17540	20151	4570	18343	17692	20992	3029	21052
chr12	52417716	52661715	244000	2	0	244000	129924	114076	12864	6529	9548	8657	8671	8264	12639	8551	9169	5317	10415	6017	6895	4229	5339	6819	9381	6496	1173	7289	11018	9262	1591	11171	8513	7632	1142	8489	9213	9651	1062	10992
chr12	52661716	53846715	1185000	1	0	1185000	618119	566881	70747	29091	43745	39521	39899	41202	59620	35626	39952	24812	53455	28817	32506	22573	27315	29238	40796	33485	7287	36108	54637	48009	11292	56399	38297	42690	10113	40730	42617	46153	7368	50898
chr12	53846716	53919715	73000	2	0	73000	43947	29053	5739	2178	3088	3676	2799	2105	2715	2736	3070	1311	2550	1939	3073	1640	2059	3268	2951	1599	307	2377	2584	1791	255	2602	2046	1508	245	1917	2774	2334	247	3515
chr12	53919716	54022715	103000	1	0	103000	49671	53329	5583	2323	3966	3100	3010	3064	5000	2318	3926	2270	5001	2033	2453	1437	1973	2213	3020	2768	871	2435	4484	6382	2098	5133	3156	4233	1893	3624	2732	4713	1038	4748
chr12	54022716	54147715	125000	2	0	125000	63115	61885	6620	3070	4942	3888	4011	4052	6190	3375	4672	2606	6052	2959	3217	1944	2677	2840	4139	3362	742	3429	5648	6720	1392	6377	3704	4605	1235	4241	4136	5450	889	5814
chr12	54147716	54509715	362000	1	0	362000	190767	171233	22060	9049	13853	12634	12143	11860	17983	10302	12762	7678	16264	8945	10631	6971	8839	8793	12094	10213	1937	11314	16235	15042	3242	17362	10831	12472	2859	11982	13128	14155	2084	16281
chr12	54509716	54598715	89000	2	0	89000	46774	42226	4704	2233	3825	2862	2879	2956	4373	2692	3583	1873	4097	2299	2457	1596	2178	2165	3128	2414	388	2729	3914	3996	580	4503	2680	2692	506	2844	3178	3891	386	4397
chr12	54598716	54689715	91000	3	0	91000	51022	39978	5727	2482	3828	3780	3220	2956	4078	3212	3859	1885	3634	2378	3011	1742	2317	2912	3519	2336	429	2782	3834	3035	381	3956	2678	2336	290	2645	3435	3499	348	4474
chr12	54689716	54982715	293000	4	0	293000	179325	113675	24054	9139	12245	15869	12168	7923	10860	11311	12591	5368	8946	8414	12494	6800	8016	13126	12198	6620	1107	9305	10379	6718	908	9658	8020	5431	754	7257	11666	8894	913	13846
chr12	54982716	55113715	131000	5	0	131000	79643	51357	10246	3952	5501	6941	4934	3566	4939	4981	5667	2359	4429	3843	5793	3107	3647	5737	5247	2827	580	4330	4347	3134	486	4457	3459	2374	433	3384	5367	4090	495	6346
chr12	55113716	55316715	203000	6	0	203000	131592	71408	19078	6519	8246	13244	8428	5121	6260	8440	8782	3238	5148	5936	10800	5240	5652	11458	8737	4022	764	6595	6177	3417	529	5328	5129	2830	485	4290	8206	5182	624	9093
chr12	55316716	55401715	85000	5	0	85000	54705	30295	7884	2657	3414	5464	3337	2090	2826	3433	3657	1369	2304	2451	4541	2166	2299	4812	3589	1701	334	2658	2564	1454	281	2345	2114	1280	224	1968	3419	2209	283	3871
chr12	55401716	55524715	123000	4	0	123000	77558	45442	10649	3792	4965	7394	5032	3234	4298	5069	5150	2104	3315	3583	5969	3099	3351	6553	5291	2632	392	3914	4069	2376	405	3530	3318	2072	320	2970	4955	3301	381	5515
chr12	55524716	55616715	92000	3	0	92000	55884	36116	7302	2959	3847	4713	3890	2566	3447	3862	4060	1670	2777	2739	3568	2004	2562	3916	3880	2176	251	2892	3630	2107	163	3003	2542	1688	156	2382	3714	2932	244	4356
chr12	55616716	55704715	88000	2	0	88000	46559	41441	5057	2167	3215	2987	2975	3232	4317	3066	2938	1965	3838	2231	2456	1714	1993	2407	3395	2493	504	2686	4068	3528	693	3948	2806	2910	579	2859	3321	3306	474	3870
chr12	55704716	56820715	1116000	1	0	1116000	591288	524712	73938	27957	40307	38893	38020	37440	54357	31650	36611	22690	49476	27682	32526	23090	27173	29477	36953	31766	7052	35406	49925	42354	11558	51488	34070	39831	10287	37561	40519	41374	7709	46858
chr12	56820716	56984715	164000	2	0	164000	93381	70619	11208	4606	6627	7092	6368	5138	7304	6114	6326	3449	6028	4364	5631	3345	4024	5756	6684	4244	562	5048	6852	5338	640	6725	5044	4246	471	4597	6345	5728	481	7613
chr12	56984716	57052590	67875	1	0	67875	35079	32796	3552	1627	2643	2120	2204	2352	3497	2218	2481	1539	3077	1735	1705	1214	1545	1569	2503	1866	326	2037	3150	3103	547	3317	2126	2263	425	2300	2492	2884	348	3108
chr12	57052592	57919716	867125	1	0	867125	446552	420573	51026	21107	31513	27978	28456	30087	43742	25478	28863	18666	38640	20716	23279	16063	19412	21526	29711	24605	5571	26036	39629	38861	9897	41152	27711	32192	8631	29690	30712	33882	5863	36428
chr12	57919717	58023716	104000	2	0	104000	63264	40736	8606	3137	4248	5616	4170	3082	3902	3974	4210	1856	3241	2751	4621	2396	2800	4653	4349	2388	372	3363	3865	2437	345	3371	2899	2161	336	2791	4015	3032	345	4666
chr12	58023717	58142716	119000	3	0	119000	71628	47372	9283	3812	4903	6055	4947	3417	4627	4864	4995	2239	3740	3259	4828	2698	3096	4864	5155	2792	439	3780	4537	2829	395	3867	3389	2367	331	3257	4775	3640	357	5461
chr12	58142717	58338716	196000	4	0	196000	119369	76631	15210	5951	8553	10601	7795	5428	7266	7710	8442	3615	6187	5285	8868	4615	5333	8510	8048	4313	773	6475	6887	4590	614	6506	5388	3888	479	5139	7875	5806	630	9218
chr12	58338717	58480716	142000	5	0	142000	86689	55311	11097	4251	6062	7620	5635	3853	5416	5541	6026	2644	4579	3933	6271	3296	3975	6488	5746	3011	512	4775	4925	3200	357	4756	4067	2639	293	3847	5707	4388	434	6654
chr12	58480717	58577467	96751	6	0	96751	59447	37304	7416	2851	4150	5410	3734	2688	3564	3889	4192	1807	3209	2743	4485	2254	2691	4364	4031	2042	330	3197	3175	2082	273	3198	2627	1730	194	2472	4042	2873	289	4747
chr12	58577469	58616717	39249	6	0	39249	23949	15300	3139	1114	1712	2139	1530	1067	1407	1616	1723	691	1273	1062	1712	906	1065	1793	1561	827	150	1240	1329	852	137	1377	1115	781	113	1067	1615	1234	128	1772
chr12	58616718	58796717	180000	7	0	180000	114140	65860	16069	5733	7640	10785	7334	4683	6078	7314	7863	3116	5013	5006	8961	4396	5066	9081	7634	3643	601	6050	5709	3395	433	5185	4694	2937	377	4204	7373	4747	519	8359
chr12	58796718	58843717	47000	6	0	47000	29829	17171	4079	1516	1949	2793	1944	1164	1623	1926	2022	801	1308	1323	2292	1203	1308	2577	2009	1023	120	1532	1521	880	94	1407	1221	741	79	1089	1905	1258	131	2160
chr12	58843718	58892934	49217	7	0	49217	29846	19371	3886	1539	2167	2549	1859	1303	1865	1846	2038	902	1537	1357	2358	1242	1366	2032	1927	1096	253	1710	1703	1157	221	1634	1351	967	150	1366	1891	1496	222	2225
chr12	58892936	59493718	600783	7	0	600783	381017	219766	52928	18892	25436	36591	24165	15356	20091	23893	25834	10320	16983	16854	30919	15025	16956	30772	25218	12152	2254	19969	18814	11129	1759	17578	15252	9804	1506	14340	24221	16195	1995	27580
chr12	59493719	59576718	83000	6	0	83000	51779	31221	5667	2242	2879	5074	3019	2766	2646	3133	3158	1122	2438	2799	4018	2617	2217	5984	3953	1849	364	2581	2512	2677	267	2754	1856	1063	293	1534	3243	2620	342	3311
chr12	59576719	59671718	95000	7	0	95000	60398	34602	8034	2875	4030	5921	3733	2536	3099	3934	3995	1589	2581	2613	5098	2513	2760	5086	4070	1919	299	3225	2962	1794	244	2802	2452	1587	219	2250	3818	2502	266	4192
chr12	59671719	59783718	112000	6	0	112000	71971	40029	9868	3422	4643	7063	4409	2841	3628	4669	4717	1892	2903	3130	6002	2929	3378	6476	4702	2191	405	3786	3333	1867	278	3225	2974	1798	231	2597	4538	2847	312	4944
chr12	59783719	60174718	391000	5	0	391000	253190	137810	35809	12398	16453	25228	16227	9497	12433	15799	16847	6398	10302	10897	21004	10282	11384	22230	16673	7624	1201	13077	11615	6399	800	10754	9846	5752	721	8903	15822	9793	992	17838
chr12	60174719	60460718	286000	6	0	286000	186550	99450	26836	9036	11814	19016	11749	6793	8909	11474	12043	4605	7547	7860	16074	7628	8207	16958	12312	5348	952	9450	8164	4508	691	7698	7017	4302	595	6357	11432	6903	748	12972
chr12	60460719	60648718	188000	7	0	188000	122472	65528	17418	5907	7794	12368	7702	4614	5822	7578	7847	3045	4925	5287	10520	4814	5487	11343	7930	3640	558	6252	5644	3113	353	5020	4582	2791	331	4209	7560	4586	410	8548
chr12	60648719	60667718	19000	6	0	19000	12587	6413	1878	664	743	1250	763	457	557	807	809	292	443	527	1085	545	590	1176	884	380	64	630	500	274	43	482	435	227	42	380	765	418	47	841
chr12	60667719	60847718	180000	7	0	180000	117098	62902	16745	5898	7233	11646	7558	4379	5574	7664	7648	2869	4482	5202	9572	4607	5215	10804	7897	3504	564	5788	5539	2915	337	4797	4474	2652	262	3972	7266	4517	471	7947
chr12	60847719	61852718	1005000	8	0	1005000	645702	359298	90426	31512	41976	63242	40974	25615	32314	40724	42955	16927	26941	28449	52801	25633	29207	56005	43045	19885	3361	33396	30739	17642	2377	28179	25086	15270	1880	23164	40757	26140	2678	45698
chr12	61852719	62089718	237000	7	0	237000	149002	87998	19946	7257	9814	13950	9311	6374	8144	9789	9990	4023	6779	6711	11720	6283	6842	12068	10222	4910	860	7945	7622	4612	680	7022	6266	3895	585	5876	9508	6519	739	10736
chr12	62089719	62185718	96000	6	0	96000	60166	35834	7932	3004	4100	5569	3813	2628	3362	3770	4070	1708	2798	2654	4788	2418	2813	4737	4076	2048	356	3278	3087	1834	250	2909	2543	1572	220	2431	3867	2626	282	4455
chr12	62185719	62279718	94000	5	0	94000	58669	35331	8259	2857	3966	5410	3731	2526	3192	3548	3724	1647	2753	2596	4778	2432	2608	4640	3831	2039	402	3190	3028	1898	443	2841	2431	1793	387	2327	3708	2480	372	4161
chr12	62279719	62386096	106378	4	0	106378	69264	37114	10396	3543	4442	6791	4254	2519	3371	4074	4482	1676	2639	2946	6040	2996	3275	5819	4461	2095	387	3791	3114	1745	255	2869	2488	1570	215	2379	4155	2572	329	4688
chr12	62386098	62439719	53622	4	0	53622	34003	19619	4873	1749	2277	3114	2224	1373	1776	1986	2127	908	1537	1527	2789	1424	1501	2817	2240	1132	202	1880	1692	982	199	1560	1305	904	162	1261	2121	1415	173	2390
chr12	62439720	62511719	72000	3	0	72000	44109	27891	6364	2184	2872	3981	2793	1999	2657	2508	2833	1221	2260	1919	3411	1842	2009	3256	2816	1673	320	2437	2519	1487	398	2330	1835	1614	334	1893	2786	1959	350	3138
chr12	62511720	63116719	605000	4	0	605000	360042	244958	47003	18253	25317	29868	22938	17850	24359	22358	24287	11357	19982	16093	26213	14342	16088	23733	24429	14264	2749	20360	22008	14917	2826	21511	16935	13794	2433	17012	24134	18288	2434	26863
chr12	63116720	63198719	82000	5	0	82000	50347	31653	6686	2590	3407	4566	3329	2252	2851	3302	3473	1415	2525	2256	3762	1907	2289	3736	3351	1816	313	2684	2856	1842	332	2609	2326	1538	249	2067	3200	2443	314	3712
chr12	63198720	63653719	455000	6	0	455000	285862	169138	39817	14443	19090	26462	18639	11755	15742	17796	19369	7732	13107	12824	21987	11305	13088	22706	18979	9613	1601	15042	15050	8923	1210	13845	11902	7862	985	11092	18001	12630	1353	21048
chr12	63653720	63966719	313000	5	0	313000	190728	122272	26663	9369	12624	16941	12107	8852	11892	11447	12212	5456	9987	8349	14616	7727	8436	14049	12509	6976	1426	10492	10836	6741	1504	10415	8688	6901	1371	8408	12265	8878	1237	13624
chr12	63966720	64122719	156000	4	0	156000	95774	60226	13122	4706	6439	8583	5977	4356	6009	5902	6259	2699	4886	4207	7492	3924	4221	6991	6377	3351	613	5344	5346	3313	541	5087	4288	3234	454	4226	6232	4389	532	6898
chr12	64122720	64395719	273000	3	0	273000	160341	112659	21567	7967	10514	13096	10567	8300	11181	9848	10155	5011	9549	7225	10854	6304	7163	11039	10511	6719	1320	9032	10661	6736	1514	10027	8008	6939	1306	7945	10716	8543	1278	11403
chr12	64395720	64807719	412000	2	0	412000	238235	173765	32978	11862	15754	18947	15553	13011	17642	13619	14525	7588	14975	10761	16484	9518	10538	14478	15785	10165	2243	13786	15850	10689	2937	15359	12166	11650	2729	12557	16024	12331	2287	17207
chr12	64807720	64921719	114000	3	0	114000	66830	47170	8488	3434	4674	5391	4447	3397	4722	4190	4571	2176	3977	3025	4481	2552	3015	4288	4479	2758	539	3783	4361	2944	563	4134	3330	2665	465	3400	4586	3635	457	5071
chr12	64921720	65033719	112000	4	0	112000	67051	44949	8510	3491	4724	5558	4582	3215	4539	4378	4802	2127	3611	3192	4388	2492	3070	4370	4763	2592	382	3589	4203	2608	278	3966	3195	2298	240	3103	4553	3557	336	5286
chr12	65033720	65248719	215000	5	0	215000	134924	80076	19216	6723	9305	12274	8378	5560	7378	8179	8937	3557	6333	5810	10987	5518	6088	10681	8657	4424	799	7477	6840	4206	786	6668	5644	3982	675	5279	8353	5888	716	9680
chr12	65248720	65365719	117000	6	0	117000	73421	43579	10358	3722	4941	6778	4585	3154	4012	4444	4942	1950	3344	3278	5914	3044	3375	5579	4871	2439	481	4079	3695	2237	448	3606	2961	2097	378	2772	4667	3213	419	5215
chr12	65365720	66091719	726000	7	0	726000	440262	285738	59273	22123	31047	37857	28737	20682	27272	27596	30609	13023	23433	19562	31681	16974	19252	31139	29884	15854	3064	24000	25233	16338	3015	24375	20297	14938	2707	19406	28873	21831	2700	33223
chr12	66091720	66403719	312000	6	0	312000	185708	126292	24640	9282	12798	15632	12062	9173	12339	11425	12289	5837	10553	8482	13362	7251	8133	12448	12423	7301	1401	10418	11409	7450	1697	11024	8785	7213	1396	8614	12382	9616	1396	13767
chr12	66403720	66496719	93000	7	0	93000	56376	36624	7401	2788	3895	4881	3756	2614	3536	3663	3879	1668	2985	2665	3930	2158	2607	3949	3727	2127	299	3075	3382	2093	318	3055	2661	1870	248	2571	3798	2758	319	4322
chr12	66496720	66791719	295000	8	0	295000	181881	113119	23698	8873	12610	16305	11537	8081	10918	11806	12454	5184	9058	8325	13796	7378	8294	13562	12151	6313	1062	9991	9879	6226	783	9619	8246	5396	668	7764	12066	8572	877	13506
chr12	66791720	66949719	158000	7	0	158000	98047	59953	12809	4821	6718	8941	6126	4292	5705	6424	6618	2709	4885	4429	7736	3938	4503	7392	6555	3298	530	5377	5053	3191	420	5153	4361	2925	341	4107	6578	4404	485	7174
chr12	66949720	67049719	1e+05	6	0	1e+05	62390	37610	8578	3087	4172	5708	3882	2755	3624	3795	4149	1766	3043	2727	4936	2473	2899	4794	4228	2009	410	3434	3147	1955	279	3179	2684	1778	262	2560	3997	2818	305	4565
chr12	67049720	67414719	365000	5	0	365000	225103	139897	30475	11364	15283	20458	14780	9805	13251	13779	15024	6483	11106	10100	17300	8932	10132	16829	14926	7973	1422	12263	12368	7735	1380	11687	9832	7069	1198	9331	14489	10393	1340	16491
chr12	67414720	67618719	204000	4	0	204000	120908	83092	14909	6141	8747	9950	7972	5965	8382	7749	8558	3844	7026	5597	8308	4439	5421	7900	8094	4822	848	6625	7550	5024	660	7481	6168	4424	539	5831	8256	6445	685	9638
chr12	67618720	67741719	123000	5	0	123000	73147	49853	9375	3597	5222	6334	4775	3563	4781	4508	5007	2257	4118	3202	5371	2848	3199	4990	5006	2712	531	4016	4350	3127	688	4417	3570	2871	598	3381	4700	3871	507	5506
chr12	67741720	68228719	487000	6	0	487000	295778	191222	38333	14869	20903	25692	19333	13745	18438	18732	20805	9132	15554	13688	21325	11007	13394	20826	19856	10994	1865	16038	17191	11073	1605	16463	13345	9433	1249	12931	19856	14832	1633	22858
chr12	68228720	68478719	250000	5	0	250000	148318	101682	18904	7506	10617	12194	9621	7287	9984	9295	10177	4634	8576	6553	10519	5846	6819	9784	9982	5744	1090	8458	9088	6180	1110	8966	7304	5661	941	7218	9813	7759	1013	11355
chr12	68478720	68605719	127000	4	0	127000	76225	50775	10396	3675	5136	6612	4885	3711	4950	4651	4876	2274	4252	3435	5663	3029	3443	5235	4934	2944	581	4230	4564	3008	611	4436	3669	2915	480	3566	5030	3752	506	5549
chr12	68605720	68967719	362000	3	0	362000	213804	148196	29989	10781	13751	17690	13602	10877	14942	12187	12796	6552	12395	9401	15824	9048	9515	14452	14048	8819	1933	12458	13451	8707	2339	13005	10265	9512	2256	10259	13844	10464	1954	14882
chr12	68967720	69109719	142000	4	0	142000	84197	57803	10928	4175	5887	6995	5611	4135	5719	5373	5539	2717	4909	3822	5906	3117	3723	5640	5612	3360	618	4554	5310	3476	551	5138	4226	3276	525	4169	5690	4363	558	6376
chr12	69109720	69259719	150000	3	0	150000	88753	61247	11691	4320	6043	7354	5788	4368	6091	5220	5451	2752	5275	3973	6478	3477	3864	6607	5780	3613	708	4816	5674	3732	721	5623	4256	3825	704	4343	5757	4580	623	6491
chr12	69259720	69621719	362000	2	0	362000	219669	142331	30842	11186	14447	19054	14099	10492	13758	13049	13633	6347	11471	9682	16955	9144	10040	15469	14873	8154	1696	12446	12616	8136	1803	12017	9968	8124	1673	9691	13942	10159	1470	15562
chr12	69621720	69736719	115000	3	0	115000	68073	46927	8928	3293	4794	5707	4466	3310	4698	4153	4612	2166	4021	3171	4716	2537	2965	4535	4355	2681	518	3752	4287	2796	493	4258	3298	2760	486	3272	4686	3597	491	5196
chr12	69736720	69839719	103000	4	0	103000	63569	39431	8766	3311	4216	5641	4046	2751	3694	3957	4236	1787	2964	2939	4886	2647	2815	4912	4405	2222	514	3355	3323	2219	605	3142	2718	1900	490	2611	4002	2948	395	4581
chr12	69839720	69941719	102000	5	0	102000	61238	40762	8310	3084	4223	5248	4070	2872	4035	3897	4219	1889	3346	2790	4266	2241	2652	4095	4150	2220	411	3304	3629	2536	431	3509	2942	2231	352	2801	4153	3118	332	4642
chr12	69941720	70062719	121000	6	0	121000	73277	47723	9754	3702	5099	6361	4809	3519	4624	4468	5157	2194	3869	3288	5196	2711	3348	5177	5082	2589	512	3943	4250	2764	481	4047	3303	2512	414	3317	4786	3676	413	5633
chr12	70062720	70486719	424000	7	0	424000	264019	159981	37674	13239	17844	24197	16806	10908	14876	15605	17315	7298	12402	11631	21161	10971	12005	20085	17187	9235	1757	14237	13703	8886	1814	13618	10844	8099	1563	10392	16461	11801	1504	18880
chr12	70486720	70718719	232000	8	0	232000	141624	90376	19071	7020	9629	12441	9206	6423	8678	8899	9329	4273	7188	6449	10553	5447	6471	10545	9361	5178	955	7669	8202	5009	832	7771	6452	4758	744	6206	9191	6869	859	10320
chr12	70718720	70907719	189000	9	0	189000	117547	71453	15683	5747	7933	10839	7560	4957	6602	7637	8015	3349	5758	5389	8944	4603	5429	9101	7862	3934	704	6156	6204	3835	571	6006	5074	3424	496	4676	7616	5423	587	8884
chr12	70907720	71173719	266000	10	0	266000	166494	99506	22541	8175	11116	15679	10728	6840	9172	10442	11555	4576	7943	7692	12687	6548	7490	13309	11139	5399	932	8669	8502	5629	833	8232	6753	4375	765	6511	10788	7793	876	12309
chr12	71173720	71347719	174000	9	0	174000	110828	63172	15407	5592	7774	10296	7194	4395	5803	6990	7681	2985	4677	4888	8787	4355	4959	9043	7462	3546	493	5826	5589	3100	336	5114	4374	2782	225	4093	6957	4711	384	8180
chr12	71347720	71496719	149000	8	0	149000	92510	56490	12645	4749	6173	8353	5806	4087	5364	5713	6172	2617	4395	4112	7297	3644	4271	7112	6254	3115	562	5166	4949	3208	518	4600	3852	2762	478	3728	5914	4189	484	6709
chr12	71496720	71596719	1e+05	7	0	1e+05	61223	38777	8161	3060	4113	5356	3812	2932	3739	3846	4022	1765	3147	2698	4695	2469	2635	4772	4166	2262	467	3330	3451	2256	325	3349	2746	1952	290	2550	3966	2911	350	4405
chr12	71596720	71913719	317000	6	0	317000	197344	119656	29138	9925	13159	17964	12405	8455	11307	11049	12700	5283	9587	8557	15944	8273	9045	14552	12459	6815	1407	11255	10418	6220	1394	9955	8013	6381	1265	7946	12326	8571	1288	13942
chr12	71913720	71997719	84000	7	0	84000	51335	32665	6758	2551	3546	4566	3248	2417	3192	3166	3436	1500	2671	2238	3978	2097	2295	3674	3498	1839	346	2882	2717	1788	305	2891	2341	1704	260	2249	3467	2370	325	3683
chr12	71997720	72103719	106000	8	0	106000	65018	40982	8349	3108	4678	5775	4172	2923	3978	4213	4635	2054	3280	2983	4755	2410	3088	4615	4279	2258	377	3582	3626	2148	267	3451	3021	1925	221	2875	4360	3161	315	5116
chr12	72103720	72324719	221000	9	0	221000	138013	82987	18283	6824	9267	12732	8680	5843	7820	8833	9419	3797	6465	6179	10724	5642	6400	11104	9241	4689	760	7416	7209	4370	727	6684	5887	3808	680	5655	8839	6123	701	10197
chr12	72324720	73756719	1432000	10	0	1432000	924232	507768	130881	45232	59740	91105	58547	34823	46060	57562	61414	23733	38508	40587	76116	37021	41733	81170	60610	27907	4580	47712	42721	24615	3247	39692	35516	21410	2789	32725	58145	36343	3842	65912
chr12	73756720	73963719	207000	9	0	207000	135834	71166	19461	6553	8579	13688	8353	4866	6319	8345	8565	3302	5477	5771	11902	5524	6040	13088	8706	3895	587	7057	5919	3123	401	5571	4969	2965	331	4525	8289	5031	535	9261
chr12	73963720	74181719	218000	8	0	218000	142218	75782	20881	6820	8822	14568	8958	5301	6786	8615	9202	3533	5605	6246	12050	5641	6304	12885	9269	4126	742	7158	6374	3349	604	5764	5289	3229	486	4804	8728	5386	682	9791
chr12	74181720	74396719	215000	7	0	215000	138256	76744	19522	6669	8966	13558	8648	5265	6994	8605	9006	3673	5658	6019	11539	5581	6239	12312	9032	4141	743	7272	6606	3768	607	5951	5294	3461	471	5042	8580	5562	621	9593
chr12	74396720	74489719	93000	6	0	93000	59513	33487	8153	2875	3842	5871	3679	2330	3136	3705	3890	1619	2676	2708	5020	2314	2643	5050	3847	1804	342	3145	2741	1630	257	2644	2338	1431	204	2211	3924	2407	265	4297
chr12	74489720	74640719	151000	5	0	151000	97732	53268	13810	4691	6167	9929	6141	3686	4643	6031	6383	2443	4160	4160	8263	4001	4356	8866	6356	2842	524	5099	4421	2529	470	4159	3626	2403	401	3292	6098	3805	467	6776
chr12	74640720	74762719	122000	4	0	122000	79487	42513	11295	3877	5165	8019	5015	3137	3771	4807	5282	1951	3159	3418	6765	3221	3552	7052	5320	2328	427	4111	3494	1829	308	3197	2965	1707	234	2782	4951	2964	339	5556
chr12	74762720	74970719	208000	3	0	208000	135530	72470	19281	6557	8564	13545	8391	5227	6390	8539	8967	3392	5313	5860	11309	5456	6137	12600	9096	3954	668	6914	6084	3327	459	5600	4949	2970	389	4528	8419	5219	532	9362
chr12	74970720	75294719	324000	4	0	324000	211689	112311	30427	10163	13868	21721	13068	7528	9870	12940	14163	5273	8215	9149	18521	8438	9583	18762	13471	5922	1081	10927	9141	5152	799	8722	7747	4664	729	7154	13046	8076	945	14733
chr12	75294720	76198719	904000	5	0	904000	553761	350239	75142	27545	37153	49472	35482	24932	33757	34094	36609	16022	28228	24719	42080	21760	24987	41777	36671	19914	3734	29940	31073	19899	3545	29725	24475	18560	3045	24080	36046	25869	3282	40381
chr12	76198720	76908719	710000	6	0	710000	433478	276522	59108	21566	29246	37989	27251	19658	26929	25801	27937	12768	22644	19123	33613	17673	19699	32471	28361	15922	3140	24242	24358	15457	3078	23786	19225	15055	2681	18745	27695	20245	2787	31745
chr12	76908720	77085719	177000	7	0	177000	108094	68906	14697	5443	7404	9575	6973	4829	6718	6668	7359	3255	5463	4741	8089	4309	4922	7648	7186	3893	734	6023	6032	3872	775	5689	4921	3611	660	4692	7049	4992	673	8103
chr12	77085720	77537719	452000	8	0	452000	282055	169945	37201	14048	19157	26027	18612	12043	15879	18068	19279	7937	13053	12908	21340	11327	12941	22233	19080	9616	1666	14993	14966	9011	1217	13807	12098	7829	1105	11380	18458	12545	1324	20850
chr12	77537720	78014719	477000	9	0	477000	307098	169902	43025	15002	19954	30140	19141	11867	15395	19608	20176	7893	12834	13491	25779	12670	13778	26345	20254	9097	1681	16399	14265	7812	1200	13234	12026	7331	1072	11135	19466	12271	1465	21192
chr12	78014720	78471719	457000	8	0	457000	294843	162157	41762	14253	19083	29072	18297	11297	14720	18309	19581	7566	12388	13156	24530	11566	13547	25715	19056	8808	1553	15266	13492	7524	1109	12823	11376	7004	904	10550	18699	11612	1282	21098
chr12	78471720	78812719	341000	7	0	341000	219886	121114	30823	10614	14110	21791	13733	8452	10922	13740	14465	5560	9190	9665	18318	9070	9942	19490	14352	6692	1214	11437	10037	5810	861	9604	8658	5042	724	7802	13800	8768	991	15321
chr12	78812720	78969719	157000	6	0	157000	104056	52944	15397	4841	6653	10988	6301	3561	4470	6328	6872	2388	3961	4334	9309	4219	4594	9840	6479	2778	525	5227	4188	2240	394	4042	3664	2101	375	3374	6328	3745	448	7034
chr12	78969720	79319719	350000	5	0	350000	225962	124038	32072	11017	14884	22347	13941	8501	11199	14082	15278	5551	9511	9882	19029	9033	10361	19273	14446	6604	1237	11815	10089	5668	864	9814	8869	5316	803	8290	14320	8848	1018	16036
chr12	79319720	79449719	130000	4	0	130000	81117	48883	10995	4055	5541	7482	5061	3345	4584	5286	5622	2273	3794	3536	6395	3217	3841	6088	5347	2667	485	4391	4169	2580	362	4201	3497	2370	306	3283	5264	3695	381	5885
chr12	79449720	79647719	198000	3	0	198000	119493	78507	15156	5675	7271	10592	7209	6589	7643	6958	7410	3316	6185	5780	8919	5538	5419	9832	8818	4681	906	6713	6855	5296	941	6980	5090	3963	804	4769	7636	6132	865	8057
chr12	79647720	79739719	92000	2	0	92000	56435	35565	8214	2771	3703	5084	3623	2471	3306	3239	3547	1542	2872	2520	4388	2396	2641	4117	3612	2019	396	3153	3042	1934	544	3004	2394	2014	541	2429	3590	2557	399	3936
chr12	79739720	79907719	168000	3	0	168000	107186	60814	15902	5439	7098	9986	6598	4247	5695	6154	6819	2664	4642	4546	9106	4601	5101	8588	6852	3453	647	5999	5060	2897	489	5017	4267	2884	453	4123	6515	4230	529	7397
chr12	79907720	80037719	130000	4	0	130000	80654	49346	11483	4035	5463	7298	5158	3540	4602	4826	5341	2170	3906	3609	6296	3246	3640	6039	5371	2747	546	4327	4259	2693	558	4053	3399	2531	472	3364	5097	3592	470	5867
chr12	80037720	80208719	171000	5	0	171000	105742	65258	14031	5314	7245	9614	7128	4423	6077	6664	7339	3067	5288	5005	7706	4005	4837	7997	6899	3643	640	5628	5808	3543	532	5448	4546	3090	410	4372	7039	5055	606	7999
chr12	80208720	80331719	123000	6	0	123000	77822	45178	10999	3853	5186	7542	5106	3154	4110	4808	5322	2118	3464	3321	6154	2982	3401	6301	5143	2478	483	4003	3720	2328	455	3646	3335	2102	343	2916	4980	3242	407	5596
chr12	80331720	80454445	122726	7	0	122726	79636	43090	11167	3800	5106	8054	4918	3086	3832	5014	5322	1975	3271	3455	6720	3190	3498	7226	5191	2310	458	4092	3580	1814	310	3422	3106	1815	282	2687	4973	3187	356	5507
chr12	80454501	80455607	1107	7	0	1107	730	377	156	47	50	63	53	19	26	34	34	14	28	28	72	19	26	59	39	12	8	40	29	18	8	27	27	27	7	31	38	25	9	32
chr12	80455609	80461951	6343	7	0	6343	4326	2017	620	176	263	489	230	126	168	265	262	85	135	193	436	205	188	485	244	109	30	209	148	72	22	139	143	75	16	134	253	125	24	272
chr12	80461952	81266720	804769	7	0	804769	517250	287519	72742	25209	33353	51269	32187	20381	25961	31968	34172	13211	21729	23072	43471	20901	23566	44056	34217	15625	2909	26951	23617	13830	2306	22766	20085	12459	2090	18480	32578	20605	2589	36412
chr12	81266721	81520720	254000	6	0	254000	166863	87137	23918	8136	10620	17147	10102	6102	7674	10369	11015	3995	6543	7121	14786	6750	7459	15125	10836	4531	891	8726	6959	3719	541	6664	6006	3545	468	5577	10446	6088	810	11329
chr12	81520721	81681720	161000	7	0	161000	105057	55943	14647	4937	6592	10721	6329	3888	4934	6585	6862	2548	4210	4678	9060	4325	4801	9938	6772	3020	548	5358	4633	2577	370	4403	3829	2303	331	3501	6502	4083	437	7276
chr12	81681721	82222720	541000	8	0	541000	346745	194255	47583	16744	22400	34003	22009	13753	17685	22079	22712	9192	14208	15308	28425	13890	15489	31264	23042	10898	1692	17947	16990	9821	1246	15473	13735	8498	1048	12444	21759	14313	1430	23918
chr12	82222721	82471720	249000	7	0	249000	161140	87860	22988	7990	10336	15897	10067	6033	8033	9859	10558	4127	6445	6993	13600	6715	7412	14085	10634	4845	861	8525	7274	4049	643	6914	6140	3635	550	5667	9944	6351	708	11120
chr12	82471721	82764720	293000	6	0	293000	183763	109237	25482	9235	12257	16961	11737	7735	10296	11351	12286	4952	8446	8076	14430	7406	8100	15012	12207	6207	1162	9752	9639	5694	866	8929	7695	5140	884	7300	11578	8087	978	13118
chr12	82764721	82890720	126000	7	0	126000	77868	48132	11066	3856	5150	7082	4814	3505	4606	4683	5061	2172	3871	3410	6213	3235	3515	5627	5140	2652	572	4404	4135	2550	563	3972	3334	2520	493	3283	4999	3498	534	5483
chr12	82890721	83112720	222000	8	0	222000	140909	81091	19690	6826	9223	13322	8458	5809	7492	8607	9293	3722	6345	6053	11620	5749	6355	12344	9356	4427	842	7481	6709	4066	809	6619	5597	3801	662	5308	8704	5909	793	10007
chr12	83112721	83237720	125000	7	0	125000	78945	46055	11117	3953	5194	7641	5171	3202	4321	4800	5412	2098	3434	3588	6206	3117	3610	6079	5195	2595	489	4091	3913	2308	424	3651	3276	2124	365	3091	5110	3269	428	5726
chr12	83237721	83480720	243000	8	0	243000	154763	88237	21042	7738	10339	14710	9992	6218	8114	9769	10488	4112	6633	7010	12306	6034	7174	13082	10138	5005	764	8195	7802	4388	499	6921	6187	3875	402	5818	9966	6342	609	11326
chr12	83480721	83849720	369000	9	0	369000	235246	133754	32650	11771	15399	22577	15474	9447	12197	14972	15582	6389	9623	10444	18692	9684	10719	19625	15988	7659	1251	12393	11890	6822	816	10500	9426	5820	705	8445	14786	9727	926	16599
chr12	83849721	83968720	119000	8	0	119000	77993	41007	11237	3764	4800	8047	4739	2896	3612	5001	5038	1877	3092	3316	6834	3122	3375	7241	5099	2208	359	3993	3443	1886	274	3095	2841	1662	235	2588	4865	2942	314	5203
chr12	83968721	84583720	615000	9	0	615000	401849	213151	57784	19467	24898	41297	24981	15126	18854	24923	26209	9807	15458	17082	34471	16222	17833	37436	26708	11559	2129	20226	17992	9946	1517	16110	14801	9027	1294	13285	24383	15033	1718	27422
chr12	84583721	85021496	437776	10	0	437776	286025	151751	40910	13543	18533	29211	17439	10610	13379	17568	19061	6938	11360	12102	24788	11541	12770	26271	18365	7804	1533	14930	12320	6706	1111	11706	10594	6548	958	9714	17716	10785	1268	19692
chr12	85021498	85025001	3504	10	0	3504	2304	1200	314	108	149	226	128	76	112	128	127	52	101	99	227	119	123	213	131	65	12	147	91	34	6	103	84	59	7	82	139	76	11	153
chr12	85025003	85025048	46	10	0	46	37	9	12	0	1	5	1	0	1	2	2	1	1	2	3	2	1	1	3	0	0	0	0	0	0	0	0	0	0	0	1	0	0	5
chr12	85025050	85288721	263672	10	0	263672	174796	88876	25570	8495	10713	18208	10640	6006	7587	10520	10895	3973	6442	7409	15882	7313	7683	17458	11066	4855	972	8894	7350	3910	689	6637	6057	3587	634	5506	10280	6234	817	11388
chr12	85288722	85926893	638172	9	0	638172	414647	223525	59669	20125	26642	41694	25698	15446	20070	25525	27100	10278	16944	17951	35663	16928	18250	36663	26965	12073	2192	21547	18311	10418	1618	17400	15404	9429	1402	14493	26059	15827	1920	28466
chr12	85926894	85978861	51968	9	0	51968	34493	17475	5123	1704	2046	3740	2172	1234	1526	2124	2150	829	1228	1409	3168	1405	1468	3167	2285	958	170	1759	1450	729	126	1314	1194	737	92	1043	2127	1197	140	2152
chr12	85978863	86424309	445447	9	0	445447	289912	155535	41656	14027	18287	29513	18169	10880	14054	17785	18721	7167	11454	12422	24937	11709	12794	26336	19113	8287	1553	14831	12771	7252	1188	11777	11203	6682	1024	10089	17801	10766	1305	19892
chr12	86424311	86590722	166412	9	0	166412	108771	57641	15123	5365	6662	10919	6899	4155	5147	7068	6965	2700	4163	4578	9083	4415	4783	10745	7460	3110	514	5551	4834	2605	345	4239	4201	2373	312	3690	6774	3934	423	7275
chr12	86590723	86783722	193000	8	0	193000	125908	67092	17736	6184	7827	12831	7852	4682	6019	7821	8143	3085	4955	5437	10847	5182	5744	11561	8384	3636	643	6470	5418	3128	488	5114	4709	2745	371	4365	7864	4639	522	8596
chr12	86783723	86880722	97000	9	0	97000	65158	31842	9730	3105	3820	6987	4057	2250	2604	4204	4127	1431	2188	2747	5728	2786	2873	6520	4385	1661	355	3171	2553	1271	185	2245	2295	1146	198	1883	3882	2175	250	4186
chr12	86880723	87024722	144000	8	0	144000	94220	49780	13920	4499	5858	9597	5914	3589	4359	5701	5892	2327	3579	4116	8148	3806	4169	8745	6237	2851	480	4653	4142	2343	358	3841	3492	2087	315	3066	5692	3403	415	6404
chr12	87024723	87393722	369000	7	0	369000	241862	127138	34837	11694	15346	24805	15131	8779	11305	15143	15779	5871	9140	10463	20934	9741	10606	22287	15852	6731	1228	12274	10563	5634	832	9577	9033	5297	743	8120	14910	8944	973	16426
chr12	87393723	87521722	128000	6	0	128000	80954	47046	11109	3924	5536	7539	5273	3112	4268	5182	5423	2247	3671	3555	6302	3262	3664	6886	5287	2613	421	4224	4125	2550	283	3840	3323	2184	243	3056	5100	3451	327	6018
chr12	87521723	87694722	173000	7	0	173000	111204	61796	15487	5570	7238	10811	7208	4223	5610	7157	7416	2891	4447	5018	8995	4444	5061	9626	7368	3514	571	5675	5364	3000	359	4870	4486	2571	295	3950	6981	4508	423	7861
chr12	87694723	87831722	137000	8	0	137000	88196	48804	12265	4322	5895	8553	5753	3393	4385	5582	5866	2361	3621	3981	7151	3560	4017	7490	5977	2648	428	4583	4033	2234	300	3809	3466	2012	289	3195	5636	3482	379	6332
chr12	87831723	88041722	210000	7	0	210000	133955	76045	18913	6769	8760	12892	8599	5295	6826	8514	9022	3481	5670	5955	10799	5409	6145	10905	8930	4181	744	7099	6617	3889	552	5950	5320	3308	457	4869	8366	5630	649	9483
chr12	88041723	88182722	141000	6	0	141000	92553	48447	13546	4635	6063	9200	5362	3266	4401	5339	5951	2154	3513	3893	8587	4087	4288	8266	5822	2695	543	5082	3841	2026	395	3834	3173	2088	335	3102	5532	3287	445	6247
chr12	88182723	89070722	888000	5	0	888000	562213	325787	76788	27688	38139	52913	36150	22632	29717	35416	37972	15268	25498	24786	44618	22175	25459	46992	37097	17993	3083	29590	28017	16661	2194	26575	23059	14625	1884	21484	35742	24168	2451	41164
chr12	89070723	89697722	627000	4	0	627000	383894	243106	51775	19285	26373	33892	24434	17385	23219	23786	25863	11119	19625	17181	29253	15314	17500	27889	25614	13527	2708	21253	21233	13442	2494	20662	17012	12636	2208	16528	24965	18226	2322	28275
chr12	89697723	89839722	142000	3	0	142000	87824	54176	11965	4391	5903	7987	5627	3725	5108	5332	5762	2561	4226	3988	6891	3533	3981	6843	5705	3049	615	4841	4676	3039	615	4494	3722	2693	575	3614	5689	4042	537	6269
chr12	89839723	89976722	137000	4	0	137000	86030	50970	11824	4236	5847	8088	5444	3645	4782	5236	5879	2369	4097	3787	6850	3436	3823	6685	5662	2843	480	4701	4364	2669	382	4317	3463	2383	306	3268	5618	3837	414	6263
chr12	89976723	90094722	118000	5	0	118000	73954	44046	9495	3425	5170	6838	4522	3086	4121	4638	4980	2058	3706	3280	5931	2747	3362	6594	4658	2354	400	3904	3721	2144	304	3806	3216	2139	298	3077	4772	3338	342	5572
chr12	90094723	90205722	111000	6	0	111000	70244	40756	9414	3424	4968	6539	4498	2858	3793	4374	4972	1876	3190	3182	5460	2716	3229	5749	4646	2224	327	3678	3501	2013	223	3334	2949	1751	171	2719	4427	3083	261	5449
chr12	90205723	90339722	134000	7	0	134000	85887	48113	11840	4022	5772	8248	5285	3242	4412	5346	5824	2321	3793	3880	6933	3374	3987	7608	5510	2530	425	4494	4004	2379	316	3869	3389	2040	223	3114	5381	3619	332	6486
chr12	90339723	91188722	849000	8	0	849000	549971	299029	77991	26827	35909	54766	34680	20869	26413	34355	36621	13960	22504	23835	46201	21845	24308	48886	36119	16029	2836	28517	24968	14083	2108	23262	20946	12594	1789	18857	34283	21715	2423	38499
chr12	91188723	91310722	122000	7	0	122000	78979	43021	11321	3951	5183	7717	5064	2936	3822	5225	5442	2058	3080	3469	6345	3117	3458	6790	5277	2395	384	4006	3761	2072	237	3252	3022	1705	199	2661	4987	3150	288	5624
chr12	91310723	91801661	490939	6	0	490939	312261	178678	43104	15210	20747	30027	19894	12622	16291	19930	21042	8272	13806	13853	25048	12368	14071	25975	20934	9731	1720	16086	15413	8837	1159	14222	12609	7955	1099	11939	19781	13108	1416	22668
chr12	91801663	92203723	402061	6	0	402061	248224	153837	33780	12416	16769	22129	15963	10858	14581	15621	16648	7099	12655	11171	18703	9621	11202	19007	16711	8467	1561	13255	13431	8511	1416	12701	10801	7763	1222	10424	16080	11318	1349	18826
chr12	92203724	92394723	191000	7	0	191000	115440	75560	15236	5765	7868	10020	7690	5359	7363	7279	7728	3463	6192	5369	8235	4378	5289	8206	7592	4304	758	6311	6919	4344	652	6574	5382	4017	595	5360	7798	5824	661	8467
chr12	92394724	92516723	122000	6	0	122000	73766	48234	9348	3655	5371	6281	4723	3451	4683	4727	5320	2319	4156	3368	5264	2729	3311	5060	4943	2690	452	4069	4251	2725	369	4214	3306	2450	331	3269	5084	3695	416	5968
chr12	92516724	92757723	241000	5	0	241000	144482	96518	18110	7139	10128	12231	9495	7097	9383	9529	9891	4543	7971	6766	10112	5535	6430	10121	9918	5544	1009	7843	8941	5779	809	8339	6914	5115	643	6492	9731	7431	771	11238
chr12	92757724	92886723	129000	4	0	129000	82551	46449	12071	3993	5532	7926	4969	3104	4263	4787	5278	2071	3678	3477	7204	3446	3766	6984	5089	2586	433	4507	3888	2232	441	3769	3057	2277	392	3274	5089	3235	490	5690
chr12	92886724	93354723	468000	3	0	468000	273201	194799	36506	13696	18750	21981	18257	14098	19616	16664	17740	8882	16915	12433	18430	10268	12058	16906	18167	11331	2133	15314	18249	12157	2347	17392	13617	12079	2111	13931	18601	14578	2089	20702
chr12	93354724	93689723	335000	2	0	335000	196272	138728	26559	9904	13137	16228	12721	9928	13783	11651	12477	6238	11734	8896	14071	7761	8845	12339	12824	8133	1679	11195	12601	8670	2142	12259	9629	8706	1934	9609	13029	10162	1719	14435
chr12	93689724	93791723	102000	3	0	102000	62184	39816	8671	3156	4345	5371	3954	2809	3851	3830	4307	1774	3203	2707	4611	2443	2828	4324	4099	2285	403	3395	3627	2243	351	3469	2772	2145	318	2716	3946	3017	382	4646
chr12	93791724	93989723	198000	4	0	198000	115358	82642	14450	5752	8316	9214	7699	5916	8381	7217	7976	3821	7140	5349	7608	4359	4969	7190	7943	4636	870	6399	7695	5394	841	7533	5772	4943	658	5671	7803	6489	791	9203
chr12	93989724	94326723	337000	5	0	337000	192017	144983	22849	9711	13735	14843	12688	10666	14634	12349	13399	6778	12224	8942	12202	6980	8694	11322	13183	8461	1772	10720	13567	10107	1866	12999	10283	8729	1579	10373	13304	11241	1603	15195
chr12	94326724	94357723	31000	6	0	31000	19361	11639	2910	1006	1355	1647	1231	822	1105	1086	1278	587	878	828	1499	767	876	1485	1277	683	126	1096	1032	587	123	936	777	566	114	751	1158	842	139	1431
chr12	94357724	94936723	579000	5	0	579000	338277	240723	43975	16889	22951	27381	21846	17988	24398	20899	22379	10987	20223	15300	22996	13371	14749	21944	23295	14046	2969	18925	22177	15003	3126	21248	17079	14375	2857	16733	22580	18130	2764	25415
chr12	94936724	95205723	269000	4	0	269000	158250	110750	22361	7802	10021	12964	10008	8203	11320	9108	9442	4737	9511	7054	11337	6441	7181	10759	10290	6583	1327	8983	10236	6520	1614	9953	7750	7307	1438	8005	10363	7913	1375	11092
chr12	95205724	95519462	313739	3	0	313739	185426	128313	26178	9099	12442	15142	12034	9480	12732	10502	11385	5632	10918	8174	13264	7580	8319	12543	12138	7457	1597	10599	11605	7534	1879	11368	8904	8205	1696	9221	12101	9190	1596	13223
chr12	95519463	95519585	123	6	0	123	44	79	0	1	1	1	1	4	10	1	2	4	13	0	0	4	2	0	3	2	1	7	5	4	5	6	4	8	5	8	4	7	3	5
chr12	95519587	95519607	21	6	0	21	5	16	0	0	0	0	0	2	0	0	0	0	0	0	1	0	1	0	0	1	1	0	2	2	3	0	0	3	2	1	0	0	0	0
chr12	95519608	95519731	124	6	0	124	56	68	15	1	2	2	2	7	2	0	1	3	7	5	3	2	2	1	1	6	4	2	5	6	7	4	1	7	5	3	4	4	4	4
chr12	95519732	95708771	189040	3	0	189040	109924	79116	15342	5297	7095	8872	6967	5778	7926	6419	6694	3439	7015	5213	7603	4353	5001	6909	6887	4632	1069	6279	7299	4836	1208	7140	5456	5050	1199	5699	7448	5965	1030	7918
chr12	95708772	95747721	38950	3	0	38950	24200	14750	3419	1184	1680	2165	1492	1010	1428	1442	1662	637	1160	1077	1876	988	1074	1904	1570	801	161	1288	1252	761	141	1294	1010	795	128	1013	1540	1091	158	1747
chr12	95747722	96149721	402000	4	0	402000	233138	168862	29977	11609	16259	19081	15304	11992	16221	14047	15519	7565	14604	10485	16126	8959	10311	15077	15031	9941	2129	13024	15408	11519	2732	15160	11713	10292	2223	11516	15412	13067	2000	17695
chr12	96149722	96562721	413000	5	0	413000	243323	169677	33451	12327	16074	20133	15671	12533	16862	14458	15537	7586	14289	10737	17326	9543	10483	16311	16437	9872	2189	13491	15344	10401	2531	15015	11736	10516	2356	11640	16007	12502	2078	17562
chr12	96562722	96665721	103000	6	0	103000	64592	38408	8872	3215	4247	6004	4082	2627	3589	4063	4396	1844	3018	2996	4988	2546	2959	5145	4271	2219	422	3320	3348	2005	294	3223	2558	1762	267	2464	4185	2884	379	4806
chr12	96665722	96928721	263000	7	0	263000	162590	100410	21599	8098	10899	14629	10275	7145	9551	10251	11011	4642	8055	7177	12340	6226	7431	13261	10769	5517	984	8841	8857	5576	863	8455	7146	4980	815	6721	10450	7677	838	11919
chr12	96928722	97148721	220000	6	0	220000	136406	83594	18805	6789	9608	12258	8786	5866	7819	8425	9496	3902	6645	6188	10373	5170	6174	10101	8946	4690	868	7223	7264	4414	701	7138	5849	4103	617	5549	8838	6310	748	10335
chr12	97148722	97290721	142000	5	0	142000	86447	55553	10967	4320	6036	7601	5665	3941	5313	5523	6020	2651	4525	3906	6272	3245	3998	6463	5765	3219	541	4632	4989	3219	441	4728	3884	2826	397	3809	5804	4113	483	6702
chr12	97290722	97420721	130000	4	0	130000	77890	52110	9902	3832	5608	6626	5041	3754	5093	4967	5568	2448	4466	3607	5456	2797	3571	5152	5209	2916	531	4175	4574	3105	424	4630	3815	2711	344	3586	5257	4001	485	6347
chr12	97420722	97677721	257000	3	0	257000	160108	96892	21612	7736	11174	14951	10348	6727	9120	10064	11306	4586	7809	7234	12208	6052	7142	12037	10495	5254	1031	8321	8278	4982	758	7956	7045	4424	683	6730	10441	7314	942	12238
chr12	97677722	97780721	103000	4	0	103000	62870	40130	8466	3175	4388	5564	4300	2831	3773	4031	4506	1911	3200	2924	4320	2321	2775	4383	4291	2279	435	3233	3554	2248	349	3362	2919	1893	335	2691	4171	3093	427	4850
chr12	97780722	97985721	205000	5	0	205000	126709	78291	16471	6340	8744	11394	8358	5410	7454	8212	8780	3783	6340	5898	9341	4657	5700	9826	8386	4401	666	6737	7016	4231	495	6611	5465	3682	476	5323	8567	6039	629	9566
chr12	97985722	98217721	232000	6	0	232000	139942	92058	17439	6940	10490	11894	9170	6473	8719	9123	10179	4389	7761	6400	9975	5183	6321	9485	9422	5104	848	7611	8234	5602	616	8202	6444	4496	459	6291	9385	7452	703	11188
chr12	98217722	98332721	115000	5	0	115000	69964	45036	9226	3614	4844	6179	4671	3309	4379	4323	4886	2115	3615	3149	5080	2641	3118	4813	4835	2677	457	3710	4050	2588	381	3839	3157	2223	301	3051	4640	3370	401	5356
chr12	98332722	98431721	99000	4	0	99000	57421	41579	6971	2859	4060	4674	3822	3091	4170	3837	3938	1953	3445	2623	3832	2081	2558	3505	4038	2354	482	3110	3825	2673	451	3713	3152	2488	394	2940	3905	3147	437	4470
chr12	98431722	98625721	194000	3	0	194000	111683	82317	15737	5698	6926	8937	7339	6074	8336	6200	6507	3614	7305	5113	7716	4420	5022	6738	7212	4931	1177	6486	7617	4787	1554	7229	5683	5696	1623	5782	7437	5773	1238	8091
chr12	98625722	98742721	117000	4	0	117000	69767	47233	9957	3373	4800	5786	4429	3334	4708	3945	4471	2033	4077	3117	5058	2844	3164	4670	4366	2675	550	3993	4138	2752	683	4141	3269	2867	604	3496	4643	3420	516	5119
chr12	98742722	98851721	109000	5	0	109000	63870	45130	8269	3175	4474	5267	4076	3290	4665	4107	4490	1998	3763	2900	4350	2386	2766	3894	4249	2502	576	3521	4031	2772	544	3934	3488	2626	441	3293	4370	3380	481	4920
chr12	98851722	98978721	127000	6	0	127000	76744	50256	9825	3818	5371	6668	4934	3529	4855	4823	5331	2288	4221	3550	5592	3016	3401	5521	5155	2751	566	4179	4327	2946	532	4382	3548	2581	500	3399	5111	3909	480	5889
chr12	98978722	99165721	187000	7	0	187000	114287	72713	14672	5579	7973	9989	7067	5173	7150	7320	8003	3424	5969	5293	8471	4417	5317	8469	7550	3953	757	6333	6211	3973	601	6223	5270	3577	579	4996	7679	5504	649	8857
chr12	99165722	99355721	190000	8	0	190000	119799	70201	16129	5932	8148	11155	7644	4832	6515	7700	8269	3306	5386	5513	9321	4646	5549	9752	7855	3964	632	6265	6115	3610	477	5736	4884	3145	363	4680	7837	5219	502	8917
chr12	99355722	99605721	250000	7	0	250000	159680	90320	21997	7956	10493	15562	10258	6145	8154	10062	10866	4236	6803	7284	12887	6338	7503	13134	10477	5058	812	8328	7761	4497	611	7311	6154	3876	474	5772	10227	6749	671	11542
chr12	102239404	102239516	113	4	0	113	69	44	10	2	5	7	5	0	5	4	6	5	3	3	3	2	2	5	4	2	1	2	2	5	0	5	3	2	0	1	6	3	1	7
chr12	121993777	121993812	36	9	0	36	6	30	0	0	0	0	0	1	1	0	0	2	2	0	0	0	0	0	0	2	1	0	1	13	3	2	0	1	0	1	1	3	0	0
chr12	121993849	121993875	27	9	0	27	3	24	0	0	0	0	0	0	2	0	0	1	0	0	0	0	0	0	0	1	0	0	1	8	3	0	0	5	1	2	1	0	0	0
chr13	18445861	18446622	762	10	0	762	461	301	77	32	22	45	39	18	32	23	30	10	19	19	31	17	19	27	32	20	3	22	35	18	7	20	24	19	4	19	21	23	2	31
chr13	18446623	18446634	12	10	0	12	6	6	0	0	0	0	0	1	1	0	0	0	0	0	1	0	1	0	1	1	0	0	1	0	0	1	0	1	0	1	0	0	0	0
chr13	18446636	18447233	598	10	0	598	362	236	63	18	23	32	25	15	27	22	25	8	22	15	23	11	12	20	21	13	1	16	20	10	3	17	24	14	4	22	24	13	4	29
chr13	18447235	18447248	14	10	0	14	7	7	0	0	0	0	0	2	1	1	0	1	0	0	0	0	0	1	3	0	0	0	1	1	0	0	0	0	0	0	0	1	0	0
chr13	18447250	18471359	24110	10	0	24110	15644	8466	2451	772	1010	1547	1010	671	779	1041	988	384	566	579	1331	668	624	1223	1166	480	60	789	741	374	48	629	620	443	28	569	974	495	56	992
chr13	18471360	18585359	114000	9	0	114000	71527	42473	9935	3758	4360	6779	4585	3184	4322	4373	4998	2022	3400	3142	5314	2692	2932	5730	5149	2321	460	3727	3659	2130	385	3279	3004	1777	289	2730	4651	3225	408	5278
chr13	18585360	18717359	132000	8	0	132000	76359	55641	9470	3744	5232	6474	4992	3959	5669	4893	5311	2615	4458	3539	5148	2722	3194	4938	5264	3120	659	3997	4983	3755	961	4831	4071	3438	845	3794	5195	4217	579	5931
chr13	18717360	18845359	128000	9	0	128000	72218	55782	8572	3415	5474	5438	4658	4229	5993	5100	5247	2515	4348	3234	4422	2776	2744	4052	5163	3303	496	3974	5550	4316	548	5020	4134	3558	401	3974	5133	4257	363	5591
chr13	18845360	19123359	278000	8	0	278000	159827	118173	19874	7732	10866	12790	10118	9245	12273	10341	10712	5355	9332	7437	10558	5958	6688	10548	11489	6800	1488	8513	11161	8254	1569	10446	8682	7593	1284	8057	10645	8784	1263	12143
chr13	19123360	19227359	104000	7	0	104000	57237	46763	7216	2763	3667	4163	3720	3727	5212	3361	3398	2083	3989	2672	3475	2277	2356	3158	4026	2845	635	3344	4565	3259	795	4249	3484	3319	645	3454	3945	3445	575	4176
chr13	19227360	19338382	111023	6	0	111023	69166	41857	9548	3663	4622	6128	4571	2973	3951	4551	4826	1964	3089	3314	5016	2746	3084	5119	4818	2505	458	3565	3762	2057	346	3362	2864	1873	291	2762	4601	3092	443	5057
chr13	19338400	19355359	16960	6	0	16960	9829	7131	1312	455	628	819	553	538	688	650	667	319	586	427	682	392	399	712	711	394	112	487	605	544	139	669	480	444	97	449	633	575	96	696
chr13	19355360	19498359	143000	5	0	143000	85076	57924	11537	4197	5565	7154	5560	4401	5831	5376	5506	2648	4687	3832	5850	3302	3684	5944	5890	3326	654	4678	5366	3523	695	4871	4263	3360	596	4029	5649	4246	589	6189
chr13	19498360	19587359	89000	4	0	89000	53486	35514	7248	2717	3426	4618	3540	2586	3492	3335	3341	1561	2816	2455	3880	2166	2420	3884	3650	2089	355	2935	3313	2092	447	2969	2480	2123	413	2474	3511	2517	369	3776
chr13	19587360	19670359	83000	3	0	83000	46421	36579	6256	2405	3041	3477	3106	2727	3885	2619	2904	1655	3061	2108	2912	1749	1945	2570	3268	2154	571	2543	3408	2444	706	3286	2623	2537	674	2636	3038	2710	513	3467
chr13	19670360	19779503	109144	2	0	109144	65755	43389	9815	3313	3938	5759	4150	3246	4263	3699	3783	1904	3595	2887	5077	2915	2869	4541	4307	2537	680	3854	3825	2306	774	3601	2906	2749	761	2918	4320	2914	645	4291
chr13	19779504	19779539	36	5	0	36	6	30	0	0	0	0	0	1	2	1	0	1	0	0	0	0	0	0	0	2	0	0	3	12	3	0	0	5	1	2	1	0	0	0
chr13	19779541	19779569	29	5	0	29	6	23	0	0	0	0	0	1	1	0	0	2	2	0	0	0	0	0	0	2	0	0	1	8	2	2	0	1	0	1	1	3	0	0
chr13	19779570	19779680	111	5	0	111	23	88	0	0	1	0	0	2	6	0	1	2	8	0	0	1	1	0	0	1	2	2	4	17	14	7	2	17	6	3	2	7	0	3
chr13	19779681	19779715	35	5	0	35	5	30	0	0	0	0	0	2	2	0	0	1	0	0	0	0	0	0	0	2	0	0	3	11	3	0	0	5	1	2	1	0	0	0
chr13	19779716	19779771	56	2	0	56	13	43	0	0	0	0	0	1	4	0	0	3	3	0	0	0	0	0	1	2	1	0	4	12	4	3	0	6	1	3	1	3	0	2
chr13	19779772	19779845	74	5	0	74	16	58	0	0	1	0	0	2	4	0	1	0	6	0	0	1	1	0	0	1	0	2	2	12	6	6	2	12	4	2	2	3	0	2
chr13	19779847	19779910	64	5	0	64	10	54	0	0	0	0	0	2	1	0	0	2	4	0	0	0	0	0	0	3	1	0	2	16	10	4	0	7	2	1	0	6	1	0
chr13	19779911	20089902	309992	2	0	309992	182702	127290	27460	9108	10895	15553	11934	9480	12612	9911	10299	5442	10910	8038	13323	7573	7958	12206	11766	7488	1860	10489	11829	7435	2416	10799	8653	8795	2344	8726	11689	8762	1876	12361
chr13	20089904	20192360	102457	2	0	102457	55149	47308	6856	2755	3759	3902	3426	3817	4949	3350	3672	2176	3889	2333	3317	2042	2170	2735	4151	2612	825	3202	4256	3666	1131	4170	3339	3400	1075	3410	3795	3545	745	3985
chr13	20192361	20337360	145000	3	0	145000	81627	63373	10245	4211	5638	6286	5207	4716	6574	4972	5664	2972	5222	3675	5264	2824	3307	4849	5693	3676	902	4452	5833	4719	1173	5544	4444	3997	1036	4369	5499	4877	783	6375
chr13	20337361	20497360	160000	4	0	160000	87543	72457	10302	4405	5907	6245	5564	6229	7497	5575	5853	3222	6075	3934	5139	3166	3608	4820	6850	4229	1126	4817	6752	5260	1326	6461	5256	4859	1305	5132	6007	5451	949	6677
chr13	20497361	21002360	505000	3	0	505000	294064	210936	40961	14539	18952	24237	18602	16058	21212	17044	18296	9430	17375	12898	20830	11778	12914	18937	19873	12233	2974	16725	19304	12960	3797	18176	14712	13837	3684	14661	19026	15207	2875	20891
chr13	21002361	21044360	42000	2	0	42000	23329	18671	3122	1154	1485	1672	1472	1535	2007	1375	1398	874	1577	956	1442	945	980	1333	1693	1170	273	1373	1818	1265	326	1684	1341	1296	294	1333	1537	1362	247	1659
chr13	21044361	21186683	142323	3	0	142323	79640	62683	10634	4124	4985	6178	5183	4701	6302	4587	4830	2677	5350	3494	5275	3164	3474	4681	5423	3686	1032	4525	5782	4227	1468	5509	4263	4573	1365	4479	5305	4500	947	5598
chr13	21186684	21186716	33	4	0	33	11	22	0	0	1	0	0	1	2	0	1	1	3	1	0	0	0	0	0	0	1	1	0	3	4	0	1	4	1	0	2	0	0	4
chr13	21186717	21526360	339644	3	0	339644	197059	142585	25894	9682	12979	15872	12430	10746	14456	12189	12693	6513	11732	8816	13410	7961	8491	13194	13751	8135	2051	10965	12856	9487	2287	12395	10063	8947	2038	9855	13151	10456	1704	14443
chr13	21526361	21623360	97000	4	0	97000	59106	37894	8288	2915	4039	5125	3682	2731	3668	3335	3832	1774	3039	2596	4566	2485	2817	4212	3822	2195	495	3393	3262	2113	498	3175	2614	1979	460	2647	3718	2761	413	4349
chr13	21623361	21706360	83000	5	0	83000	48281	34719	6385	2377	3318	4000	2932	2584	3335	2940	3297	1600	2920	2037	3466	1808	2066	3215	3310	1777	554	2728	2864	2330	749	2825	2502	2062	718	2445	3115	2599	499	3641
chr13	21706361	21810360	104000	6	0	104000	60814	43186	7624	2965	4248	4924	3930	3235	4199	3990	4157	2035	3713	2996	4050	2201	2591	3956	4117	2447	602	3270	3904	2631	577	3759	3063	2450	506	2957	4270	3343	525	4763
chr13	21810361	21987360	177000	7	0	177000	99380	77620	11782	4900	6990	7478	6395	6482	7916	6558	6950	3704	6426	4604	6024	3624	4052	5494	7741	4291	1211	5467	7010	5381	1265	6756	5776	4579	993	5465	6824	6161	1003	7696
chr13	21987361	22319360	332000	8	0	332000	197779	134221	25130	9747	13426	16632	12535	10417	13347	13002	13471	6358	10962	8988	13799	7470	8277	14218	14209	7333	1809	10641	11971	8021	1467	11429	9817	7255	1349	9139	13304	10278	1395	14802
chr13	22319361	22479360	160000	7	0	160000	100233	59767	13831	5049	6505	9330	6512	4146	5638	6527	6844	2816	4743	4492	7528	3935	4369	7967	6742	3329	658	5217	5216	3022	510	4736	4267	2823	461	3890	6598	4310	575	7412
chr13	22479361	22613360	134000	6	0	134000	84109	49891	11941	4150	5342	7939	5445	3724	4585	5369	5525	2390	3758	3860	6461	3343	3708	6568	5888	2801	628	4290	4307	2491	538	3899	3591	2273	439	3211	5336	3670	535	5993
chr13	22613361	22747360	134000	5	0	134000	82493	51507	11485	4033	5336	7556	5150	4010	4886	4909	5429	2447	3856	3670	6346	3214	3573	6593	5659	2874	801	4370	4501	2715	761	4078	3614	2645	683	3404	5181	3821	599	5799
chr13	22747361	22842360	95000	4	0	95000	58649	36351	8344	2844	3763	5371	3707	2802	3307	3663	3775	1639	2892	2562	4498	2459	2547	4474	4057	2084	510	3093	3150	1909	507	2855	2538	1890	461	2429	3734	2538	464	4132
chr13	22842361	23143360	301000	3	0	301000	175433	125567	23445	8467	11624	14796	10964	9370	12510	10556	11538	5772	10422	7700	12385	6566	7396	11921	11839	7043	1752	9541	11346	8298	2200	10924	8621	7935	1947	8689	11594	9492	1547	12798
chr13	23143361	23393360	250000	4	0	250000	151189	98811	20503	7526	9875	13423	9585	7323	9802	9356	10034	4525	7738	6955	11205	5994	6420	10924	10147	5478	1390	8353	8739	5439	1377	8095	7130	5398	1314	6698	10050	7336	1177	10689
chr13	23393361	23647360	254000	5	0	254000	148194	105806	19339	7461	9995	12207	9506	8307	10609	8965	9812	4989	8664	6732	10345	5491	6313	9457	10418	6092	1473	8265	9542	6683	1630	9160	7401	6296	1445	7204	10027	7944	1274	10952
chr13	23647361	23885360	238000	4	0	238000	140725	97275	18367	7286	9495	11415	8751	7460	10136	8786	9259	4472	7722	6165	10186	5672	6184	9368	10222	5481	1261	7926	8622	5959	1189	8356	7097	5518	1029	6996	9191	7168	999	10260
chr13	23885361	24002360	117000	3	0	117000	67616	49384	8990	3339	4468	5482	4300	3705	4976	4243	4452	2284	4074	3009	4537	2587	2824	4344	4682	2799	703	3732	4385	3469	885	4238	3548	3053	684	3387	4609	3656	568	4986
chr13	24002361	24191360	189000	2	0	189000	106022	82978	12417	5436	7331	7853	6611	6460	8949	6882	7269	3920	6924	4760	6740	3889	4524	6057	7814	4672	1239	5978	7638	5685	1216	7419	6164	5242	1028	6008	7286	6359	905	8323
chr13	24191361	24192184	824	3	0	824	422	402	72	17	27	23	31	36	47	21	22	15	32	18	15	16	15	14	34	25	5	20	36	31	8	40	37	34	11	33	28	25	6	28
chr13	24192186	24309361	117176	3	0	117176	64775	52401	7599	3264	4564	4666	4075	4042	5739	4070	4420	2498	4379	2875	3999	2452	2678	3455	4693	2966	811	3785	4767	3619	898	4785	3928	3419	727	3830	4538	4065	608	4960
chr13	24309362	24415361	106000	4	0	106000	58722	47278	6853	2810	3861	4447	3665	4031	4783	3849	3878	2138	3910	2805	3575	1999	2357	3761	4427	2744	699	3108	4492	3669	862	4164	3338	3109	738	3195	4071	3664	553	4443
chr13	24415362	25407361	992000	5	0	992000	575468	416532	76102	28965	39087	46274	36849	31439	42182	34467	38476	19092	34243	25607	39001	21827	24872	36984	40156	23708	5748	31711	37382	27024	6763	36337	29220	25554	6083	29427	38180	31219	5110	42909
chr13	25407362	25846361	439000	6	0	439000	259245	179755	33590	13290	17824	21069	16701	13714	18067	16424	17565	8301	14712	11635	17917	10193	11328	16914	18474	10266	2346	14412	16102	11031	2103	15525	13023	9877	1840	12542	17308	13587	1867	19451
chr13	25846362	26161807	315446	5	0	315446	181846	133600	23311	9385	12509	14367	11714	10043	13817	11350	12663	6304	11140	8200	11883	6606	7546	11007	12759	7586	1944	10049	12207	8543	1961	11681	9476	7870	1817	9399	12482	10394	1548	13883
chr13	26161809	26501362	339554	5	0	339554	203637	135917	26716	9925	13727	17370	12978	9829	13482	12443	13202	6280	10912	9445	14842	8541	9331	14614	13752	7731	1663	11429	12168	7774	1710	11693	9642	7706	1487	9321	13170	10133	1528	15008
chr13	26501363	26805362	304000	6	0	304000	175468	128532	22392	8786	12252	13990	11136	9647	13254	10948	12014	6071	10676	7884	11878	6633	7425	10480	12419	7276	1688	9754	11303	8666	1914	11386	9299	7587	1603	8991	11964	9740	1465	13477
chr13	26805363	26920362	115000	5	0	115000	63767	51233	7369	3102	4508	4758	4181	3793	5544	4087	4414	2496	4542	2958	3774	2120	2691	3429	4461	2894	605	3551	4804	3774	697	4716	3766	3238	536	3780	4573	4085	514	5238
chr13	26920363	27471362	551000	4	0	551000	309612	241388	39264	15555	21339	22974	20040	18436	25081	19222	20293	11253	20488	13741	19535	11585	12980	17825	21903	13786	3380	17760	22018	16774	4045	21806	17635	15701	3700	17104	21223	18381	2953	23218
chr13	27471363	27703362	232000	5	0	232000	138563	93437	18114	7041	9378	11666	8871	6908	9327	8693	9210	4213	7386	6226	10004	5531	6145	9849	9689	5333	1079	7592	8392	5675	1179	7919	6703	5263	1051	6527	9015	6894	927	10198
chr13	27703363	27877362	174000	6	0	174000	96460	77540	11855	4723	6879	7156	6280	5665	7972	5938	6647	3510	6807	4516	5831	3264	4113	5304	6406	4435	981	5340	7284	5679	1360	7060	5511	5072	1286	5645	6654	6197	903	7725
chr13	27877363	28051362	174000	5	0	174000	95744	78256	11939	4731	6612	7018	6140	5612	7713	5319	6343	3395	6848	4223	5878	3650	4174	6148	6502	4390	1189	5307	6851	5653	2026	7110	5231	5627	1984	5576	6199	5970	1285	7355
chr13	28051363	28141362	90000	4	0	90000	50915	39085	7202	2404	3244	4054	3341	2975	3878	2776	3009	1668	3436	2300	3351	2017	2154	3104	3331	2274	558	2901	3640	2555	852	3469	2624	2832	864	2772	3375	2855	612	3571
chr13	28141363	28376362	235000	5	0	235000	142608	92392	20506	7160	9360	12292	8865	6709	9008	8272	8926	4162	7747	6127	11021	5926	6414	10113	9255	5410	1185	8107	8306	5193	1117	7974	6167	5363	1059	6293	9126	6624	1057	10154
chr13	28376363	28829362	453000	6	0	453000	263236	189764	34131	13207	18229	21345	17177	13832	18923	16376	17741	8842	15855	11960	17863	9920	11387	16447	18060	10675	2544	14522	17182	12230	2811	16657	13429	11460	2536	13259	17637	14516	2289	19956
chr13	28829363	28909362	80000	7	0	80000	48142	31858	6072	2503	3195	4103	3118	2397	3131	3297	3294	1404	2523	2300	3388	1989	2126	3300	3564	1793	376	2560	2924	1895	269	2650	2302	1590	238	2176	3153	2460	319	3589
chr13	28909363	29320362	411000	8	0	411000	246774	164226	31766	12608	16789	20972	15897	12185	16407	16314	17204	7654	12917	11300	17268	9473	10825	17194	17432	9462	1779	13247	15010	9999	1528	13859	11802	8391	1298	11343	16559	12544	1483	18489
chr13	29320363	29435362	115000	7	0	115000	67547	47453	8621	3430	4612	5364	4392	3606	4873	4248	4584	2197	3826	3083	4430	2649	2844	4787	4909	2807	622	3544	4341	3015	537	4168	3312	2710	487	3311	4558	3529	470	5132
chr13	29435363	29574362	139000	6	0	139000	74526	64474	7933	3608	5080	5236	4538	5581	6948	5025	5058	3020	5402	3320	4329	2592	2950	3905	5902	3636	1010	4253	5924	5145	1130	5887	4881	4337	957	4611	5385	4968	819	5628
chr13	29574363	29712362	138000	5	0	138000	80141	57859	10086	4083	5566	6478	5517	4163	5830	4986	5597	2716	4695	3735	5014	2919	3432	5323	5597	3326	700	4258	5378	3812	801	5030	4196	3377	681	3960	5325	4506	636	6275
chr13	29712363	30610362	898000	4	0	898000	518128	379872	66158	25888	35703	41516	33622	28234	38767	31743	34516	17511	32299	23102	34969	19368	22684	32047	35204	21635	5027	29135	34429	24483	5544	33844	27467	23621	4862	27192	35266	28561	4319	39282
chr13	30610363	31083362	473000	5	0	473000	264885	208115	31404	13166	18745	19734	17192	16540	21521	16835	18329	9716	17890	12043	16124	9406	11244	14994	19491	11866	2688	14783	19185	14934	3070	19002	15005	12892	2492	14729	18407	16499	2184	20888
chr13	31083363	31123362	40000	4	0	40000	21689	18311	2403	1058	1624	1525	1439	1322	1912	1483	1551	821	1621	1060	1217	681	896	1076	1478	1052	209	1143	1733	1461	283	1735	1350	1239	195	1378	1595	1460	203	1795
chr13	31123363	31327362	204000	5	0	204000	119383	84617	15627	6316	8580	9490	7784	5963	8486	7267	8276	4009	6699	5245	8326	4605	5445	7264	8130	4854	1071	6839	7496	5517	1193	7421	6018	4868	1066	5914	7856	6387	950	9036
chr13	31327363	31477362	150000	6	0	150000	89063	60937	11460	4553	6397	7371	5960	4246	6000	5576	6131	2873	4994	4087	6230	3360	3900	5924	5935	3474	714	4909	5519	3821	609	5453	4406	3362	524	4126	5922	4745	613	6804
chr13	31477363	31805362	328000	7	0	328000	200722	127278	26663	10040	13796	17687	12942	9189	12349	12712	14036	5876	10303	9240	14544	7554	8747	15043	13509	7121	1352	10677	11308	7299	1119	10527	9036	6270	963	8641	13339	9563	1204	15349
chr13	31805363	32012362	207000	6	0	207000	124875	82125	16499	6179	8497	10809	7797	6235	8098	7935	8435	3759	6603	5500	9253	4792	5543	8940	8583	4588	963	6831	7326	4664	870	7016	5990	4569	810	5617	8166	6055	799	9277
chr13	32012363	32181362	169000	5	0	169000	103795	65205	13747	5159	7111	9230	6330	4841	6436	6572	7101	3129	5034	4545	8069	4211	4635	7643	7117	3708	759	5756	5573	3487	666	5501	4631	3325	559	4313	6858	4707	598	7647
chr13	32181363	32296362	115000	4	0	115000	69459	45541	9430	3509	4744	5900	4276	3335	4701	4160	4644	2159	3688	3042	5233	2747	3081	4809	4606	2632	543	3969	3983	2348	570	3872	3272	2548	457	3207	4611	3246	510	5166
chr13	32296363	32737094	440732	3	0	440732	269508	171224	39012	13635	17606	23698	16903	12119	16590	15571	17217	7567	13777	11759	20817	11342	12133	19760	17671	9870	2094	15028	15026	9589	2382	14482	11422	9712	2127	11501	17064	12308	1853	19095
chr13	32737095	32865361	128267	3	0	128267	78188	50079	10592	3898	5383	6687	4935	3874	4903	4624	5244	2296	4085	3454	5789	3210	3384	5829	5570	2823	616	4269	4324	2829	533	4175	3411	2565	452	3432	5032	3645	523	5879
chr13	32865362	33030770	165409	2	0	165409	96320	69089	11416	4781	6756	7936	6318	5176	6856	6485	6767	3266	5688	4476	6387	3453	4333	6225	6802	3810	808	5256	6378	4461	774	6024	5044	3958	741	4835	6611	5407	661	7518
chr13	33030772	33040362	9591	2	0	9591	6020	3571	826	303	408	578	365	259	327	390	428	169	250	271	495	236	286	427	420	178	47	322	304	213	30	281	242	156	26	234	375	281	27	435
chr13	33040363	33425362	385000	3	0	385000	228684	156316	28753	11421	16102	19171	14797	11563	15581	14854	15865	7424	12778	10444	16032	8661	9916	15321	15837	8684	1963	12585	13820	9157	1788	13527	11408	8571	1489	10974	15729	11880	1612	17291
chr13	33425363	33646362	221000	2	0	221000	137315	83685	18996	6695	9201	12698	8651	5915	7923	8478	9131	3842	6609	6199	10813	5376	6194	10593	8962	4588	876	7402	7286	4428	860	7015	5879	4361	709	5537	8840	6212	757	9972
chr13	33646363	33814362	168000	1	0	168000	101859	66141	13453	5052	6866	9026	6682	4839	6370	6406	6906	3130	5502	4589	7356	4002	4495	7185	6952	3665	807	5598	5805	3657	784	5538	4747	3437	569	4453	6793	5026	664	7644
chr13	33814363	33927362	113000	2	0	113000	70490	42510	9333	3599	4661	6370	4528	3064	4032	4492	4690	2015	3301	3138	5412	2934	3150	5770	4873	2454	461	3824	3749	2200	354	3451	2897	1994	315	2792	4597	3106	366	5076
chr13	33927363	34132362	205000	3	0	205000	125968	79032	16261	6006	8707	11416	8167	5753	7556	8169	8694	3850	6465	5663	9267	4944	5567	9482	8684	4419	756	6694	6924	4346	628	6636	5616	3846	505	5305	8421	5924	667	9660
chr13	34132363	34392362	260000	4	0	260000	159683	100317	20755	7719	11139	14347	10280	7226	9645	10223	11114	4787	8303	7398	11811	6000	6949	11986	10757	5504	1034	8437	8676	5513	832	8455	7197	4855	698	6756	10744	7604	866	12388
chr13	34392363	35036362	644000	5	0	644000	395252	248748	52421	19626	27447	35303	25442	17847	23829	24830	27226	11640	19738	18044	29709	15101	17695	29353	26414	13843	2591	21365	21776	14014	2290	21104	17684	12458	1808	16752	26074	18869	2217	29488
chr13	35036363	35143362	107000	6	0	107000	71456	35544	10628	3337	4532	7352	4089	2460	3066	4329	4461	1588	2388	2963	6670	3282	3316	6994	4589	1973	318	3786	2874	1503	232	2674	2323	1422	189	2260	4158	2385	275	4582
chr13	35143363	35287362	144000	7	0	144000	94671	49329	14130	4744	5957	9579	5743	3282	4530	5700	6073	2265	3504	3999	8465	4032	4248	8418	6081	2714	468	5060	4076	2118	347	3778	3303	2073	258	3212	5795	3414	443	6189
chr13	35287363	35368362	81000	8	0	81000	53575	27425	7740	2740	3282	5411	3150	1914	2440	3343	3471	1261	1896	2303	4812	2248	2423	5141	3584	1483	284	2812	2265	1201	178	2060	1801	1043	132	1649	3197	1978	236	3520
chr13	35368363	35514362	146000	7	0	146000	94277	51723	13664	4658	6030	9405	5786	3590	4694	5685	6138	2313	3734	3997	8169	4016	4278	8119	6168	2829	575	5005	4265	2399	497	4008	3654	2257	463	3420	5669	3684	527	6302
chr13	35514363	35599362	85000	6	0	85000	54520	30480	7704	2604	3489	5348	3200	2154	2903	3419	3489	1401	2214	2340	4753	2376	2480	4645	3616	1668	304	2947	2499	1480	269	2397	2161	1369	229	2096	3400	2128	270	3646
chr13	35599363	35805362	206000	5	0	206000	121713	84287	15681	5976	8372	10122	7581	6536	8426	7714	8305	3844	6806	5378	8584	4787	5234	8365	8629	4875	1066	6573	7514	5466	971	7403	6002	4759	882	5813	8112	6254	919	9049
chr13	35805363	36352362	547000	6	0	547000	331065	215935	44493	16576	22978	28807	21106	15799	20960	20560	22568	10016	17101	14890	24686	12651	14714	23159	22043	12314	2517	18168	19047	12629	2385	18424	15430	11465	2139	14798	21905	16077	2231	24362
chr13	36352363	36494362	142000	7	0	142000	86227	55773	11585	4386	6194	7388	5826	3838	5401	5244	6020	2627	4313	4005	6124	3336	3817	6121	5796	3141	627	4623	5022	3183	572	4654	3863	2912	547	3868	5628	4195	562	6580
chr13	36494363	36724362	230000	8	0	230000	139878	90122	18174	6896	9898	12348	9013	6438	8761	9023	9896	4199	7426	6319	10233	5229	6130	9894	9405	4827	948	7582	7982	5057	768	7641	6571	4586	714	6200	9278	6978	792	10792
chr13	36724363	37057362	333000	7	0	333000	201559	131441	27885	10165	13613	17280	12648	9505	12872	12272	13133	5955	10534	9119	15279	8110	9024	14163	13256	7541	1557	11381	11479	7441	1649	11272	9290	7348	1525	8961	13272	9511	1529	14429
chr13	37057363	37194362	137000	8	0	137000	83692	53308	11053	4285	5608	7484	5535	3780	5138	5198	5692	2481	4316	3754	6151	3318	3787	6110	5650	3039	601	4574	4731	2970	549	4404	3713	2784	470	3579	5557	3861	534	6292
chr13	37194363	37545362	351000	9	0	351000	221053	129947	31036	11016	14680	20783	14220	9174	12027	13666	14932	6134	10225	9881	17326	8526	9942	17484	14659	7202	1299	11690	11444	6756	1070	10339	8996	5977	905	8438	13988	9674	1102	16407
chr13	37545363	37649362	104000	10	0	104000	66996	37004	9686	3291	4281	6735	4141	2531	3386	4156	4532	1740	2810	2960	5634	2678	3013	5421	4316	2005	399	3520	3076	1702	324	2843	2497	1569	280	2430	4326	2669	351	4696
chr13	37649363	37802362	153000	9	0	153000	99670	53330	14128	4737	6460	10119	5907	3712	4721	6175	6674	2551	4174	4273	8735	3969	4475	8859	6447	2771	609	5142	4077	2366	411	4293	3741	2162	318	3321	6251	3848	498	7074
chr13	37802363	37853362	51000	10	0	51000	32542	18458	4529	1624	2090	3154	2194	1281	1709	2093	2160	904	1314	1547	2514	1260	1485	2683	2235	1042	143	1649	1651	887	106	1455	1305	799	99	1161	2086	1371	136	2332
chr13	37853363	38209362	356000	9	0	356000	228570	127430	32139	11170	14631	22374	14404	9069	11669	14424	15207	5911	9426	10053	18565	9231	10113	20183	15626	6921	1207	11627	10773	6348	978	9841	8956	5427	842	8287	14211	9244	1057	16084
chr13	38209363	38388362	179000	8	0	179000	114951	64049	16582	5896	7558	10998	7448	4318	5764	7079	7650	3045	4730	5170	9353	4589	5248	9521	7617	3629	632	5970	5472	3071	521	5008	4370	2658	402	4104	7150	4714	513	8218
chr13	38388363	38474362	86000	7	0	86000	55286	30714	8055	2720	3574	5362	3473	2083	2882	3355	3633	1492	2253	2427	4550	2202	2595	4629	3592	1656	313	2936	2571	1414	239	2349	2116	1380	230	2112	3514	2124	260	3907
chr13	38474363	38588362	114000	6	0	114000	72864	41136	10261	3488	4706	7285	4602	2809	3831	4556	4963	1887	3202	3236	5914	2820	3225	6077	4729	2228	384	3663	3465	2001	306	3310	2954	1833	258	2717	4652	3020	342	5274
chr13	38588363	38954362	366000	5	0	366000	228403	137597	31182	11348	15178	21016	14259	10013	13114	14262	15224	6398	10940	10063	18060	9122	10236	17986	15281	7582	1596	12422	11673	7119	1266	11141	9753	6712	1083	9344	14941	9786	1337	16561
chr13	38954363	39073362	119000	6	0	119000	73356	45644	9990	3651	4903	6467	4724	3311	4406	4450	4792	2140	3531	3148	5505	3004	3181	6151	4917	2641	557	3992	3993	2454	493	3796	3272	2306	462	3150	4709	3335	484	5083
chr13	39073363	39172362	99000	7	0	99000	60660	38340	7955	2966	4333	5395	3976	2631	3661	3910	4306	1829	3001	2817	4412	2294	2818	4356	3932	2138	372	3278	3438	2181	286	3172	2751	1833	275	2729	4056	2926	337	4634
chr13	39172363	40301362	1129000	8	0	1129000	685012	443988	88603	33946	47602	60045	44309	32431	43114	43772	47068	20802	36148	31185	50216	26379	30175	49216	46545	24939	4869	37204	39564	25450	4069	37953	31806	22814	3434	30136	45711	33833	3914	51746
chr13	40301363	40440362	139000	7	0	139000	79185	59815	9709	4103	5592	6006	5272	4476	6275	5201	5538	2838	4996	3621	4891	2860	3321	4486	5719	3500	774	4284	5588	4070	696	5402	4431	3527	587	4243	5485	4659	593	6255
chr13	40440363	40594362	154000	6	0	154000	87251	66749	10379	4431	6297	6548	5676	5054	6942	5611	6005	3094	5458	4121	5595	3308	3787	4944	6314	3765	879	4929	6337	4527	865	5977	4798	4133	764	4781	5834	5280	768	6797
chr13	40594363	40689277	94915	5	0	94915	54540	40375	7583	2875	3645	4264	3525	2952	3978	3121	3428	1793	3278	2438	3832	2229	2461	3136	3660	2376	586	3227	3606	2595	864	3546	2688	2732	798	2760	3622	2908	578	3829
chr13	40689279	40723363	34085	5	0	34085	19366	14719	2537	970	1209	1507	1350	1136	1474	1202	1168	648	1365	935	1167	742	852	1102	1315	901	186	1094	1468	863	221	1287	1013	983	208	1064	1366	1092	203	1455
chr13	40723364	40997363	274000	4	0	274000	162857	111143	22389	8271	10611	13849	10601	8065	11105	9576	10264	4949	8864	7301	11867	6605	7359	11179	10869	6542	1343	9136	10168	6815	1677	9469	7699	6793	1485	7769	10611	7979	1223	11565
chr13	40997364	41530363	533000	3	0	533000	317100	215900	42692	15840	20508	26674	20161	16439	21103	18637	19670	9749	17638	14633	23191	13087	14000	23076	21733	12860	2865	17657	19467	13560	3084	18686	14456	12528	2877	14435	20684	15849	2688	22471
chr13	41530364	41882363	352000	4	0	352000	218356	133644	29918	10941	14600	19749	13617	9505	12727	13736	14675	6140	10354	9669	16998	8887	10057	16782	14619	7518	1412	11924	11705	7331	1317	11099	9276	6646	1014	8944	13985	9956	1125	15772
chr13	41882364	42154363	272000	3	0	272000	165410	106590	22247	8337	11114	14463	10373	7575	10138	10399	10917	4841	8620	7315	12623	6718	7532	12197	11202	5905	1221	9143	9203	6141	1377	9038	7519	5694	1262	7191	10561	8019	1081	12032
chr13	42154364	42375363	221000	4	0	221000	137348	83652	19410	6704	9255	12555	8340	6053	8073	8413	9115	3773	6565	6063	11060	5614	6020	10333	8956	4676	959	7553	7119	4408	873	7024	5952	4201	753	5662	8852	6139	851	9674
chr13	42375364	42513363	138000	5	0	138000	82410	55590	10294	4288	5639	6906	5583	4175	5512	5490	5824	2582	4402	3922	5427	3127	3616	5622	5933	3187	605	4447	5242	3253	482	4650	3981	2881	442	3756	5604	4305	505	6316
chr13	42513364	42667363	154000	6	0	154000	90461	63539	11196	4612	6603	7372	5952	4679	6376	5838	6500	3036	5310	4141	6135	3235	3931	5543	6199	3642	667	5054	5771	3980	665	5539	4599	3366	600	4469	6277	4967	586	7158
chr13	42667364	42837363	170000	7	0	170000	103243	66757	13284	5061	7265	9054	6671	4751	6476	6640	7078	3115	5434	4762	7631	3950	4639	7430	6904	3717	688	5568	5930	3939	549	5729	4855	3333	479	4677	6849	5158	542	7840
chr13	42837364	43323363	486000	6	0	486000	290512	195488	37992	14412	20427	24407	18577	13995	19373	18139	19791	9082	15993	13378	20878	11375	13066	19626	19625	11149	2207	15883	17390	11777	2164	17176	13763	10692	1810	13607	19306	14889	1857	22192
chr13	43323364	43676363	353000	7	0	353000	216764	136236	28802	10831	14958	19057	13466	9738	13385	13639	14957	6225	10792	9747	16423	8670	9828	16245	14726	7531	1401	11806	11848	7639	1182	11716	9702	6856	970	9136	13951	10359	1107	16305
chr13	43676364	43869363	193000	6	0	193000	119054	73946	16240	6014	8058	10606	7533	5363	6902	7473	8019	3427	5973	5218	9125	4767	5445	8889	8192	4048	780	6551	6402	4080	789	6049	5122	3660	717	4919	7555	5532	690	8860
chr13	43869364	44420363	551000	5	0	551000	321581	229419	39144	16093	23387	25992	21144	16688	22806	20494	23007	10747	19369	14757	21321	11891	14181	20559	22107	12901	2603	17808	20781	14876	2637	20576	16332	12934	2200	15783	21913	18159	2232	25576
chr13	44420364	44704363	284000	4	0	284000	168862	115138	23660	8259	11464	14449	10767	8336	11433	9692	10918	5122	9504	7411	12487	6544	7561	11254	10860	6621	1320	9460	10470	6849	1652	10092	8062	7080	1586	8130	10835	8513	1326	12281
chr13	44704364	44866363	162000	3	0	162000	92210	69790	11621	4701	6334	7207	6213	5168	7191	5665	6084	3150	6091	4302	5944	3307	3985	5246	6185	4127	782	5232	6772	4669	875	6444	4938	4438	759	4941	6341	5526	776	6984
chr13	44866364	44872880	6517	2	0	6517	3393	3124	342	177	255	218	236	207	355	174	227	153	308	154	187	115	152	132	257	160	43	192	276	257	51	323	206	228	40	248	234	263	38	307
chr13	44872882	45136364	263483	2	0	263483	152220	111263	20216	7408	10372	12046	9825	8342	11292	8695	9624	5043	9881	6967	10378	5867	6815	9448	10071	6499	1361	8729	10255	6859	1625	10132	7659	7163	1475	7919	10169	8351	1415	11580
chr13	45136365	45223364	87000	3	0	87000	53625	33375	7973	2668	3648	4521	3222	2510	3270	3064	3349	1524	2629	2247	4266	2362	2490	3882	3590	1946	377	3151	2928	1749	345	2849	2204	1860	341	2284	3344	2315	337	3753
chr13	45223365	45504364	281000	2	0	281000	159755	121245	21550	7888	10357	12217	10104	8947	12367	9069	9646	5284	10599	7151	10712	6371	6808	10685	10390	7159	1685	9256	11176	8283	2409	10803	8292	8484	2097	8529	10629	8746	1763	11542
chr13	45504365	45643364	139000	3	0	139000	79440	59560	9502	3926	5731	6077	5268	4384	6208	5021	5565	2836	4986	3713	4901	2962	3423	4936	5582	3449	721	4356	5697	4201	610	5459	4227	3481	478	4198	5374	4836	555	6335
chr13	45643365	45763364	120000	4	0	120000	68843	51157	7994	3431	4974	5482	4725	3609	5312	4518	4823	2485	4295	3356	4340	2494	2967	4036	4684	2959	558	3818	4788	3360	555	4638	3784	2952	491	3611	4908	4070	500	5481
chr13	45763365	46116364	353000	5	0	353000	210756	142244	27433	10584	14504	17831	13398	10219	14177	12984	14254	6606	11741	9569	15267	8187	9506	14494	14102	8089	1755	11650	12523	8794	1581	12485	10139	7795	1339	9821	14014	10705	1479	15973
chr13	46116365	46153364	37000	4	0	37000	22112	14888	2887	1124	1565	1892	1416	1024	1494	1423	1589	676	1215	987	1576	818	988	1436	1467	821	175	1179	1289	850	185	1295	1122	817	135	1086	1479	1131	155	1702
chr13	46153365	46432364	279000	5	0	279000	168162	110838	22270	8393	11430	14377	10674	7991	10940	10360	11372	5096	9066	7654	12154	6588	7561	12235	11363	6354	1212	9139	9766	6493	1279	9535	7755	6020	1168	7565	11081	8207	1141	12759
chr13	46432365	46632364	2e+05	4	0	2e+05	117923	82077	15214	5903	8158	9767	7489	6160	8023	7385	7881	3797	6727	5290	8458	4573	5169	7928	8193	4567	1014	6659	7151	5392	1149	7167	5756	4851	968	5515	7958	6049	951	8736
chr13	46632365	46782364	150000	5	0	150000	91459	58541	12644	4540	6307	7941	5614	4491	5741	5604	6238	2702	4583	4002	6936	3624	4013	6477	6271	3267	815	5004	5106	3242	577	4926	4170	3073	531	4034	5904	4269	671	6681
chr13	46782365	46902364	120000	6	0	120000	73673	46327	9505	3704	5054	6503	4573	3342	4495	4621	4963	2154	3658	3306	5725	2969	3577	5522	4956	2540	454	4219	3991	2564	444	3824	3318	2334	397	3205	4766	3385	393	5537
chr13	46902365	46998364	96000	7	0	96000	58921	37079	7667	2952	3956	5200	3809	2689	3547	3859	4050	1760	2935	2692	4249	2330	2706	4519	4053	2125	342	3211	3429	2129	280	3036	2516	1826	241	2453	3906	2794	293	4444
chr13	46998365	47184364	186000	8	0	186000	116124	69876	15542	5787	8034	10596	7425	4957	6779	7212	8097	3269	5517	5291	8895	4622	5175	8924	7824	3871	684	6256	5906	3623	472	5908	5017	3171	417	4553	7627	5244	515	8788
chr13	47184365	47548364	364000	9	0	364000	227043	136957	30587	11402	15265	20587	14839	10034	12957	14560	15555	6585	10603	10230	16861	8879	10323	17775	15761	7730	1284	12125	12184	7149	905	11188	9603	6218	774	9063	14842	10329	1029	16772
chr13	47548365	47639364	91000	8	0	91000	55299	35701	7312	2798	3789	4826	3749	2520	3517	3583	3813	1659	2785	2666	3850	2088	2532	3810	3779	2116	277	2893	3348	2165	236	3000	2587	1743	187	2447	3655	2725	260	4283
chr13	47639365	47758364	119000	7	0	119000	71525	47475	8742	3665	4935	6062	4772	3543	4529	4874	5051	2239	3891	3469	4839	2783	3275	4855	5078	2785	473	3894	4419	2771	336	4097	3377	2245	297	3053	4845	3822	396	5586
chr13	47758365	47913364	155000	6	0	155000	91835	63165	11623	4684	6544	7621	6199	4662	6355	5938	6607	2981	5087	4293	6043	3334	3969	5894	6296	3716	619	5030	5964	3948	550	5454	4529	3284	457	4350	6366	4968	512	7121
chr13	47913365	48001072	87708	5	0	87708	54062	33646	8055	2813	3545	4695	3580	2441	3171	3257	3437	1567	2633	2375	4036	2175	2429	3852	3642	1946	376	3032	3018	1822	375	2750	2337	1753	344	2238	3452	2444	359	3757
chr13	48001073	48107363	106291	5	0	106291	62741	43550	8400	3139	4265	5170	4100	3158	4185	3723	4024	2022	3612	2781	4449	2522	2849	4340	4159	2640	547	3496	3890	2729	627	3953	2944	2631	595	2900	4173	3199	505	4562
chr13	48107364	48281363	174000	4	0	174000	104235	69765	14304	5203	6885	9072	6812	5079	6969	6255	6778	3229	5805	4578	7570	4034	4465	7197	6904	4101	753	5786	6445	4086	878	5990	4959	3994	735	4742	6807	5219	758	7606
chr13	48281364	48676363	395000	5	0	395000	240445	154555	33068	12200	16424	20875	15520	10873	14963	14815	16133	7141	12307	10684	17846	9403	10695	17498	15952	8916	1706	13043	13765	9217	1610	13226	10838	8194	1422	10400	15615	11491	1438	17720
chr13	48676364	48807363	131000	6	0	131000	78553	52447	9724	3929	5613	6578	5277	3705	5172	5165	5481	2542	4431	3670	5362	2967	3520	5415	5443	2868	498	4334	4636	3179	417	4515	3858	2669	335	3570	5383	4031	394	6317
chr13	48807364	49100363	293000	5	0	293000	179701	113299	24005	8975	12502	16000	11540	7812	10893	10837	12045	5269	9158	8074	13892	7337	8121	13239	11742	6497	1144	10010	9985	6467	1086	9834	7637	5878	942	7531	11718	8530	998	13300
chr13	49100364	49245363	145000	4	0	145000	88095	56905	12029	4487	6049	7508	5515	4015	5536	5250	5808	2627	4432	3921	6722	3742	4121	6331	5837	3328	644	5063	5039	3241	709	4852	3831	3014	633	3926	5609	4258	624	6297
chr13	49245364	49413363	168000	3	0	168000	101593	66407	14104	5161	6554	8812	6221	4800	6546	6127	6589	2934	5374	4396	7717	4125	4570	7562	6823	3742	817	5638	5826	4082	908	5680	4644	3801	712	4441	6401	4871	735	7285
chr13	49413364	50032363	619000	2	0	619000	361249	257751	50390	17933	23817	29214	22997	19268	25856	20723	22428	11469	21738	16132	25541	14489	16063	23189	23842	15200	3349	20768	23540	16165	4292	22700	17702	16704	3855	17867	23760	18628	3240	26139
chr13	50032364	50243363	211000	1	0	211000	128288	82712	18365	6500	8564	11264	8116	5554	7901	7517	8266	3840	6613	5571	9946	5147	5604	9519	8352	4598	996	7095	7088	4956	1275	6996	5546	4652	1332	5536	8102	6109	1023	9055
chr13	50243364	50373363	130000	2	0	130000	78568	51432	10226	3961	5514	6767	5203	3858	4887	4989	5524	2426	4137	3514	5515	2992	3590	5464	5424	2968	531	4314	4690	3100	428	4383	3620	2617	344	3411	5203	3916	463	6019
chr13	50373364	51412363	1039000	3	0	1039000	617952	421048	79626	30821	43652	51815	40066	30641	42000	39146	42784	19789	34202	27711	43438	23465	27117	41678	42534	23511	4739	33933	38020	26476	4421	36594	30203	23081	3678	29371	41096	32443	3874	47073
chr13	51412364	51700363	288000	2	0	288000	174580	113420	23524	8910	11887	15250	11304	8058	11032	10698	11699	5250	8924	7838	13045	6921	7891	12347	11656	6547	1319	9617	10059	6511	1352	9722	8051	6081	1162	7632	11326	8505	1117	12763
chr13	51700364	51881363	181000	3	0	181000	102173	78827	12040	5020	7219	7756	6375	6166	8312	6422	7114	3611	6655	4493	6504	4069	4240	6175	7515	4476	1026	5849	7200	5612	1101	7203	5614	4846	1028	5484	6946	6182	855	7890
chr13	51881364	51917363	36000	2	0	36000	19985	16015	2215	1001	1467	1481	1296	1224	1746	1345	1438	767	1356	905	1216	673	844	1009	1407	920	189	1150	1508	1166	181	1462	1215	988	145	1218	1481	1243	159	1583
chr13	51917364	52112363	195000	3	0	195000	110834	84166	14195	5453	7718	8468	7004	6394	8826	6779	7364	3877	7188	5003	7270	4108	4636	6550	7753	4787	1117	6175	7724	5684	1336	7586	6057	5409	1056	6049	7469	6450	955	8558
chr13	52112364	52143914	31551	4	0	31551	18852	12699	2630	873	1259	1656	1150	915	1236	1120	1206	548	1042	801	1432	791	856	1337	1209	695	163	1059	1143	750	198	1069	874	796	209	935	1195	919	154	1329
chr13	52143916	52543364	399449	4	0	399449	237761	161688	32437	12247	15446	19699	15255	11932	15818	14418	15265	7383	13095	10696	16873	9719	10578	16898	16238	9426	2244	13373	14525	9356	2618	13397	11282	9340	2422	11028	15378	11774	2148	17139
chr13	52543365	52658364	115000	5	0	115000	68133	46867	9187	3570	4485	5729	4508	3484	4568	4097	4461	2081	3720	3097	4816	2765	3075	4488	4690	2764	646	3800	4288	2765	735	3904	3289	2712	694	3221	4390	3451	595	4923
chr13	52658365	52824364	166000	6	0	166000	96677	69323	12581	4804	6646	7920	6234	5133	7105	5900	6544	3139	5882	4381	6592	3721	4214	5879	6545	3978	821	5453	6313	4478	890	6165	4921	4145	820	4848	6593	5245	727	7381
chr13	52824365	52921364	97000	7	0	97000	53805	43195	6277	2589	3925	4051	3443	3192	4465	3356	3785	1966	3705	2510	3337	1952	2280	2971	3703	2410	533	3052	3885	3119	813	3875	3114	2786	797	3141	3755	3377	527	4307
chr13	52921365	53103364	182000	8	0	182000	105338	76662	12578	5209	7645	8606	7067	5451	7753	6885	7529	3530	6683	4778	6864	3752	4685	6321	7002	4315	774	5852	7126	5187	699	6981	5723	4387	570	5526	7305	6104	703	8408
chr13	53103365	53306364	203000	9	0	203000	121261	81739	15169	5999	8757	10268	7826	5866	8178	7708	8559	3913	6791	5547	8639	4476	5522	8043	8212	4528	806	6708	7180	4846	813	7034	5915	4332	715	5838	8271	6166	706	9667
chr13	53306365	55676406	2370042	10	0	2370042	1526677	843365	216313	74056	99357	151330	96526	59035	76420	94385	100861	39187	63905	66179	127356	61164	68147	132455	100873	45480	8082	79007	70093	40737	6046	66254	59864	36714	5162	54920	95536	60199	6749	107648
chr13	55676408	56533365	856958	10	0	856958	565239	291719	83076	26733	35449	58749	34994	20211	25457	34718	36124	13534	21419	24177	49813	22537	24485	53761	36627	15556	2750	28082	23915	13247	1890	22118	20390	12013	1570	18307	34448	20354	2148	38304
chr13	56533366	56599365	66000	9	0	66000	44353	21647	6654	2157	2544	4824	2682	1585	1785	2746	2742	923	1566	1956	4101	1749	1915	4423	2935	1125	229	2125	1810	859	155	1525	1442	848	140	1266	2611	1517	166	2893
chr13	56599366	57012365	413000	10	0	413000	272728	140272	39558	13039	16514	28784	17164	9874	12304	16705	17426	6412	9999	11717	23746	10997	12115	26372	18053	7373	1317	13579	11600	6234	975	10308	9781	5704	864	8929	16613	9806	1020	18116
chr13	57012366	57042365	30000	9	0	30000	19972	10028	2952	983	1219	2076	1208	679	885	1267	1335	466	720	830	1735	825	859	1931	1287	549	108	1010	829	433	50	720	691	360	50	589	1232	690	66	1364
chr13	57042366	58937365	1895000	10	0	1895000	1233281	661719	178225	59286	78533	125463	77124	46826	58727	75353	80754	30646	48941	52730	105404	49398	53871	111999	81415	35128	7033	62580	54101	30498	5639	50054	46757	28043	4902	42498	75757	46623	5750	84940
chr13	58937366	59291365	354000	9	0	354000	222658	131342	30692	10879	15151	21071	14076	9214	12230	13834	15271	6096	10504	9886	17754	8608	10091	17299	14559	7029	1345	11864	10874	6924	1022	10800	9396	5968	901	8903	14525	9699	1124	16409
chr13	59291366	59579365	288000	8	0	288000	174662	113338	23093	8819	12324	14959	11684	8149	11088	10829	12062	5232	9148	8145	12356	6666	7914	12193	11934	6458	1115	9359	10114	6421	1006	9638	8186	5699	830	7991	11516	8601	983	13486
chr13	59579366	59707365	128000	7	0	128000	78104	49896	10282	3942	5590	6694	4931	3526	4892	4817	5472	2408	3979	3559	5822	3022	3592	5574	5271	2850	518	4260	4275	2827	455	4336	3461	2445	361	3419	5159	3771	450	6038
chr13	59707366	59957365	250000	8	0	250000	160776	89224	23107	7956	10657	15385	9816	6156	8057	9834	10634	4127	6682	6951	13548	6763	7584	13517	10389	4912	927	8774	7335	4169	679	7219	6042	3948	588	5848	10098	6373	784	11139
chr13	59957366	60064365	107000	7	0	107000	68897	38103	10086	3432	4559	6621	4223	2540	3463	4167	4555	1678	2886	3042	5834	2898	3209	5702	4317	2161	383	3687	3163	1806	273	3152	2660	1719	240	2381	4253	2708	302	4898
chr13	60064366	60257365	193000	6	0	193000	120706	72294	16797	6068	8203	10909	7577	5201	6817	7285	8015	3395	5530	5374	9589	5042	5603	9300	8042	4165	830	6669	6180	3721	684	5955	4955	3374	563	4841	7703	5280	643	8688
chr13	60257366	60326365	69000	5	0	69000	41079	27921	5369	2105	2957	3328	2656	1999	2705	2597	2870	1284	2341	1842	2864	1554	1747	2859	2837	1556	301	2248	2498	1779	314	2527	1950	1517	230	1827	2672	2266	251	3148
chr13	60326366	60486365	160000	6	0	160000	100932	59068	14463	5002	6872	9513	6337	4140	5379	5973	6603	2663	4491	4316	8447	4178	4615	7940	6619	3305	635	5424	4983	3151	601	4841	4027	2934	531	3943	6200	4186	537	7149
chr13	60486366	60670365	184000	7	0	184000	112826	71174	15573	5629	7626	9985	7176	4994	6916	6797	7421	3156	5752	5151	8643	4481	5207	8319	7227	4127	742	6164	6376	3964	719	6017	5025	3792	582	4957	7255	5194	668	8363
chr13	60670366	60802365	132000	8	0	132000	82008	49992	10997	4116	5588	7360	5446	3602	4729	5339	5694	2320	3875	3796	5924	3208	3777	6237	5665	2768	505	4308	4416	2566	349	4014	3663	2302	300	3449	5372	3708	408	6197
chr13	60802366	60913365	111000	9	0	111000	69623	41377	9670	3480	4722	6504	4526	2779	3979	4437	4816	2003	3188	3133	5364	2621	3162	5238	4637	2238	384	3624	3573	2176	281	3335	2992	1882	241	2873	4519	3069	334	5218
chr13	60913366	61224631	311266	10	0	311266	198408	112858	26935	9406	13099	19252	12334	8167	10296	12396	13157	5178	8895	8843	16266	7935	8629	17619	13132	6082	1055	10417	9357	6052	790	9189	7874	4952	684	7200	12830	8301	829	14113
chr13	61224633	61808366	583734	10	0	583734	378684	205050	53912	18304	23734	38490	23619	14308	18429	23380	24661	9376	15451	16372	32249	15409	16502	34486	25010	11165	2076	19147	17006	10136	1541	15869	14316	8632	1315	12977	23404	14619	1714	26123
chr13	61808367	63149366	1341000	9	0	1341000	885677	455323	129775	42266	53939	93272	54743	32059	39941	53820	55699	20887	33326	37359	79035	35817	38345	85393	57958	24062	4510	44499	37104	20317	3280	34138	31663	19000	2836	28683	53838	31460	3744	58230
chr13	63149367	63519366	370000	8	0	370000	242093	127907	34829	11538	14988	24954	14859	9146	11437	14809	15288	5926	9418	10185	21334	9850	10694	22836	15910	6927	1199	12424	10589	5826	945	9798	9011	5518	787	8156	14741	8887	1029	16160
chr13	63519367	63743366	224000	7	0	224000	145504	78496	20749	6770	9284	15017	8935	5661	7068	8701	9383	3757	5784	6174	12752	5769	6424	13274	9626	4081	827	7423	6290	3903	641	6023	5434	3429	558	5163	9015	5444	688	9951
chr13	63743367	63899366	156000	6	0	156000	100162	55838	13830	4917	6216	10005	5974	4217	4930	6290	6429	2534	3947	4345	8734	4066	4317	9409	6905	3029	734	5066	4414	3232	621	4214	3865	2464	568	3471	6227	3756	613	6659
chr13	63899367	64105366	206000	5	0	206000	136015	69985	19775	6407	8646	14224	8515	4913	6099	8252	8788	3313	5148	5631	11975	5497	5879	12951	9028	3568	676	6859	5475	3022	511	5276	5019	2825	401	4445	8257	4869	562	9192
chr13	64105367	64155347	49981	4	0	49981	33053	16928	4775	1656	1977	3477	2183	1183	1481	2130	2122	764	1180	1432	2804	1378	1447	3063	2317	935	136	1593	1425	707	92	1189	1283	608	91	1054	1952	1163	133	2249
chr13	64155349	64247367	92019	4	0	92019	60207	31812	8612	3002	3774	6180	3818	2256	2845	3819	3944	1494	2273	2544	5194	2487	2650	5315	4095	1745	324	3074	2637	1408	226	2288	2260	1252	174	2072	3746	2154	248	4107
chr13	64247368	64350367	103000	3	0	103000	68982	34018	10231	3290	4202	7409	4279	2467	2865	4320	4358	1618	2405	2872	6265	2793	2986	6620	4613	1831	295	3429	2703	1329	203	2444	2409	1242	175	2092	4206	2277	277	4493
chr13	64350368	64432367	82000	4	0	82000	53645	28355	7653	2501	3433	5464	3293	2026	2563	3186	3456	1318	2186	2312	4650	2152	2374	5076	3367	1495	283	2852	2378	1261	180	2137	2019	1199	134	1778	3305	2001	177	3789
chr13	64432368	64804367	372000	5	0	372000	244946	127054	35679	11821	15140	25158	15301	8933	11177	15134	15579	6035	9515	10383	21238	10042	10921	22889	16167	6836	1300	12528	10170	5538	783	9517	9107	4971	671	7953	15101	8664	992	16755
chr13	64804368	65803367	999000	6	0	999000	656893	342107	95569	31923	40602	67730	40991	24323	30108	40346	41935	15933	25037	28195	57329	26661	28940	61269	43723	18431	3495	33192	28160	15181	2392	25163	23886	13754	2064	21566	39999	23530	2805	44766
chr13	65803368	66251367	448000	7	0	448000	289749	158251	40782	13935	18838	28837	18087	11119	14165	17705	19168	7363	11921	12440	24355	11646	13063	26324	18874	8439	1614	15137	13015	7455	1199	12403	11150	6869	1003	10200	18037	11308	1300	20247
chr13	66251368	66750367	499000	8	0	499000	324207	174793	46226	15798	20724	32718	20204	12650	15704	20147	20937	8118	13077	13818	28101	13042	14334	28607	21914	9054	1834	16806	13799	7828	1363	13461	12653	7458	1118	11555	20339	12111	1483	22017
chr13	66750368	66801367	51000	7	0	51000	33208	17792	4729	1572	2093	3414	2094	1232	1564	2056	2072	841	1345	1422	2913	1368	1539	2954	2194	960	189	1669	1418	810	118	1380	1274	742	129	1227	2060	1214	142	2264
chr13	66801368	66993367	192000	8	0	192000	126702	65298	18578	6090	7670	13236	7426	4719	5778	7878	8099	2938	4803	5212	11471	5263	5585	11955	8360	3373	761	6516	4964	2857	525	4986	4670	2637	457	4139	7807	4465	585	8195
chr13	66993368	67875367	882000	7	0	882000	574102	307898	82404	27838	36212	58175	35806	21657	27557	35680	37144	14297	22824	24867	49276	23247	25330	51786	37841	16361	3282	29555	25124	13815	2458	23448	21847	13043	2081	19911	35888	21626	2609	39009
chr13	67875368	68152367	277000	6	0	277000	180122	96878	25231	8756	11221	18448	11200	6871	8780	11238	11723	4593	7142	7856	15501	7202	8067	16292	12114	5131	1030	9146	7734	4538	685	7423	6850	4055	650	6207	11391	6656	833	12434
chr13	68152368	68335367	183000	5	0	183000	119067	63933	17077	5776	7594	12017	7337	4501	5790	7422	7649	3064	4714	5134	10401	4554	5251	10784	7850	3294	618	6133	5261	2955	441	4910	4574	2809	402	4125	7365	4509	505	8182
chr13	68335368	68476367	141000	4	0	141000	93294	47706	13669	4574	5680	9752	5874	3369	4053	5919	5776	2240	3369	4005	8354	3735	4001	8922	6317	2473	473	4655	3950	2117	325	3500	3339	1965	294	2908	5609	3337	404	6040
chr13	68476368	68594367	118000	3	0	118000	77424	40576	11010	3685	4657	8091	4823	2923	3572	4873	4753	1895	2919	3333	6857	3232	3290	7509	5252	2207	415	3861	3428	1960	240	3101	2829	1684	219	2480	4682	2878	344	4996
chr13	68594368	68819367	225000	2	0	225000	150971	74029	22428	7278	8926	16380	9203	5195	6358	9192	9343	3413	5170	6315	14039	6252	6566	14911	9918	3921	817	7482	5777	2964	539	5357	5241	2762	464	4545	9012	4990	604	9636
chr13	68819368	68926367	107000	3	0	107000	70482	36518	10273	3418	4269	7249	4399	2497	3122	4475	4524	1714	2742	2949	6014	2892	3159	6785	4651	1992	364	3514	3002	1734	201	2766	2547	1392	186	2239	4293	2586	277	4773
chr13	68926368	69045367	119000	4	0	119000	79165	39835	11850	3787	4831	8431	4826	2747	3426	4730	5036	1805	2981	3313	7187	3314	3405	7494	5166	2097	457	3933	3092	1649	341	2931	2722	1549	306	2457	4749	2718	346	5322
chr13	69045368	69321367	276000	5	0	276000	184452	91548	26876	8645	11198	19564	11268	6632	7937	11337	11617	4231	6579	7713	16522	7772	7932	18628	12368	4677	950	9284	7233	3710	561	6540	6456	3401	467	5760	11118	6256	704	12062
chr13	69321368	69517367	196000	6	0	196000	127899	68101	18676	6239	7919	12874	8112	4707	6073	7958	8204	3198	4975	5608	10716	5260	5731	11648	8502	3731	684	6487	5750	3066	506	5074	4718	2821	425	4352	7880	4778	541	8785
chr13	69517368	69702367	185000	7	0	185000	120557	64443	17513	5793	7490	12284	7534	4565	5744	7271	7698	2929	4904	5135	10335	4783	5411	11167	7831	3500	609	6130	5353	2973	478	4996	4509	2883	404	4110	7421	4444	489	8312
chr13	69702368	69952367	250000	8	0	250000	164375	85625	23777	7801	10090	17165	10163	6033	7650	10047	10391	3994	6350	7040	14502	6606	7207	15557	10741	4536	890	8267	6923	3697	604	6492	6136	3573	500	5491	10093	5910	724	11048
chr13	69952368	70212367	260000	7	0	260000	171920	88080	24888	8358	10544	17716	10485	6235	7623	10570	10852	4098	6579	7295	15281	7108	7685	16601	11434	4624	937	8804	6929	3578	624	6632	6115	3565	625	5389	10436	5996	786	11606
chr13	70212368	70576367	364000	6	0	364000	237492	126508	33596	11499	14779	24063	14562	9116	11179	15026	15233	5845	9064	10268	20547	9748	10682	22283	15958	6895	1306	12049	10350	5898	903	9722	8935	5181	783	8117	14640	8899	1056	15816
chr13	70576368	70692367	116000	7	0	116000	77312	38688	11521	3677	4636	8372	4759	2762	3194	4795	4902	1781	2781	3113	7024	3176	3461	7356	5158	1985	445	3808	3065	1630	284	2806	2738	1547	231	2414	4549	2623	360	5045
chr13	70692368	71166367	474000	8	0	474000	311089	162911	44981	14950	19524	32037	19175	11430	14510	19091	20129	7634	12023	13205	27207	12628	13592	28973	20481	8602	1723	15835	13229	7212	1154	12190	11430	6593	968	10501	19065	11378	1425	21123
chr13	71166368	71402367	236000	9	0	236000	153733	82267	22497	7315	10068	15658	9712	5671	7192	9269	10326	3889	6187	6596	13003	6075	6829	13445	9937	4335	857	7821	6766	3729	607	6302	5685	3424	513	5292	9457	5916	765	10860
chr13	71402368	71866528	464161	8	0	464161	306426	157735	44684	14824	19228	31876	18415	11176	13411	19053	19327	7193	11443	13007	28185	12438	13481	28684	19825	8131	1864	15811	12370	6701	1366	11659	11231	6535	1272	9999	18629	10729	1518	20094
chr13	71866529	72104361	237833	8	0	237833	151273	86560	21103	7489	10045	14580	9708	6126	7884	9538	10341	4094	6461	6793	12065	5915	6821	12309	10132	4768	894	7830	7350	4331	665	6896	6138	3744	539	5583	9637	6399	751	10902
chr13	72104362	72207361	103000	7	0	103000	65330	37670	8846	3280	4403	6146	4130	2629	3495	4121	4455	1796	2893	2869	5244	2629	2949	5444	4442	1974	417	3501	3074	1888	274	3069	2644	1684	201	2489	4216	2759	356	4681
chr13	72207362	72614361	407000	8	0	407000	257662	149338	35562	12413	17381	24675	16239	10659	13686	16226	17491	6981	11750	11627	20739	10217	11375	20639	17191	8078	1573	13428	12612	7606	1096	12169	10525	6639	905	9667	16482	11160	1278	18929
chr13	72614362	72758361	144000	7	0	144000	89236	54764	12249	4506	6005	7980	5601	3885	5128	5631	5875	2475	4298	4028	7015	3647	4191	6721	5837	3100	591	4985	4775	2860	541	4529	3901	2744	521	3702	5732	4001	539	6405
chr13	72758362	72860361	102000	6	0	102000	64651	37349	9296	3320	4223	6046	3926	2616	3435	3855	4095	1691	2824	2715	5568	2878	3044	5118	4225	2133	490	3657	3101	1841	382	3039	2514	1828	348	2464	3991	2561	408	4366
chr13	72860362	72935361	75000	5	0	75000	48481	26519	7351	2422	2964	4708	2874	1903	2448	2956	3022	1126	1995	2019	4197	2125	2143	4227	3127	1514	294	2641	2298	1199	226	2082	1851	1261	215	1649	2905	1831	247	3178
chr13	72935362	73103526	168165	4	0	168165	100878	67287	15030	5048	6314	8626	6335	5127	6650	5621	6178	2870	5664	4336	7475	4197	4496	6910	6677	3864	908	5792	6016	3836	1046	5707	4531	4236	980	4645	6509	4669	890	6980
chr13	73103528	73305362	201835	4	0	201835	120374	81461	16420	5842	8125	9867	7733	6147	7976	7209	7979	3777	7035	5471	8121	4604	5426	8641	8046	4599	1023	6702	7361	4609	944	7194	5564	4798	820	5538	8093	6102	939	9128
chr13	73305363	73426362	121000	5	0	121000	74687	46313	9974	3728	5140	6722	4895	3285	4276	4715	5192	2138	3769	3447	5504	2965	3367	5568	4859	2668	493	4096	4087	2448	421	3921	3168	2241	345	3020	5057	3520	453	5516
chr13	73426363	73753362	327000	6	0	327000	198477	128523	26250	9807	13690	17312	12595	9378	12186	12739	13591	5949	10573	8984	14624	7796	8983	14019	13373	7131	1495	10931	11397	7410	1342	10874	8917	6735	1078	8742	13211	9748	1253	14885
chr13	73753363	73843362	90000	7	0	90000	55615	34385	7466	2722	3713	5065	3328	2510	3301	3558	3748	1536	2789	2427	4424	2399	2544	4083	3714	1971	433	3049	2939	1769	312	2932	2475	1708	311	2272	3569	2504	332	4095
chr13	73843363	74052362	209000	8	0	209000	131847	77153	18575	6633	8812	12279	8094	5625	7390	8244	8757	3606	5879	5818	10873	5530	5722	10009	9033	4071	960	7330	6442	3776	673	6163	5452	3616	571	5005	8426	5592	736	9306
chr13	74052363	74306362	254000	7	0	254000	156793	97207	21319	7893	10798	14021	9998	7114	9016	9814	10688	4435	7719	6972	12026	6385	6922	11673	10632	5515	1129	8551	8386	5455	1044	7928	6814	4609	906	6423	10110	7234	917	11552
chr13	74306363	75134362	828000	8	0	828000	520011	307989	69529	25675	34989	48603	33685	21307	28594	33412	35614	14424	24061	23591	39968	20775	23661	42122	34956	16868	2998	27359	26835	16198	2126	25216	21663	14136	1779	20164	33545	23174	2405	38566
chr13	75134363	75170843	36481	7	0	36481	22348	14133	2897	1150	1567	2056	1514	964	1389	1405	1581	630	1105	1064	1678	803	985	1558	1461	766	114	1207	1319	822	102	1182	1039	705	75	961	1453	1132	99	1696
chr13	75170845	75245363	74519	7	0	74519	44753	29766	5758	2326	3182	3830	3015	2068	2882	2868	3173	1368	2426	2106	3149	1673	1912	3016	3045	1691	315	2384	2707	1766	303	2592	2138	1521	274	1957	2943	2390	270	3469
chr13	75245364	75376363	131000	6	0	131000	81003	49997	11051	4030	5451	7319	5075	3654	4860	4873	5462	2271	3985	3602	6262	3284	3616	6206	5398	2772	581	4488	4141	2647	545	4198	3598	2424	449	3435	5325	3688	517	5791
chr13	75376364	75664363	288000	5	0	288000	176152	111848	24566	8781	11821	15452	10955	8207	10752	10443	11320	4941	8837	7760	13778	7380	7869	13289	11822	6339	1324	9824	9769	6254	1531	9200	7696	6168	1392	7670	11070	7993	1211	12584
chr13	75664364	75806363	142000	6	0	142000	87526	54474	11901	4556	5947	7713	5717	3969	5169	5579	5815	2588	4242	3902	6684	3516	3840	6388	6108	3001	621	4898	4782	3010	472	4518	3787	2703	453	3573	5757	4068	512	6209
chr13	75806364	75916363	110000	7	0	110000	67565	42435	9109	3431	4799	5873	4305	3118	4037	4297	4623	1961	3429	2974	5175	2708	2945	4780	4549	2355	512	3802	3634	2314	393	3478	3125	2056	334	2895	4449	3094	409	5035
chr13	75916364	76047363	131000	8	0	131000	84080	46920	11596	4053	5618	8215	5409	3354	4307	5320	5779	2197	3596	3810	6697	3331	3669	7127	5615	2504	390	4426	3994	2143	271	3661	3331	1955	223	3025	5450	3467	386	6079
chr13	76047364	76519581	472218	9	0	472218	300229	171989	41473	14752	19941	28157	19220	12273	15535	19461	20408	7932	13254	13631	23223	11996	13342	25629	20162	9523	1684	15584	14840	8523	1168	13670	12220	7367	1018	11005	19267	12788	1356	21814
chr13	76519583	76608364	88782	9	0	88782	55778	33004	7783	2844	3683	5208	3699	2290	3096	3567	3768	1585	2549	2437	4268	2264	2462	4274	3800	1905	318	2959	2920	1710	246	2676	2309	1519	186	2116	3623	2418	258	4040
chr13	76608365	76836364	228000	8	0	228000	138058	89942	17840	6803	9820	11868	9006	6363	8736	8977	9785	4293	7212	6216	9700	5302	6320	9815	9329	5081	895	7456	8092	5226	711	7826	6458	4567	579	6216	9203	6981	731	10591
chr13	76836365	76896111	59747	7	0	59747	36363	23384	4894	1761	2420	3298	2309	1619	2187	2276	2451	1057	1868	1572	2719	1534	1571	2826	2357	1321	285	2008	2054	1399	337	1918	1611	1270	348	1527	2369	1718	268	2593
chr13	76896113	76904365	8253	7	0	8253	5107	3146	646	239	369	449	326	196	303	372	330	158	218	250	402	216	251	381	334	173	26	276	268	192	18	264	256	125	12	245	339	252	10	355
chr13	76904366	76938743	34378	6	0	34378	20180	14198	2470	1052	1479	1601	1320	1035	1485	1283	1407	721	1104	940	1406	717	901	1258	1380	843	156	1145	1296	922	129	1282	1044	771	89	968	1403	1093	102	1574
chr13	76938745	76938766	22	6	0	22	12	10	0	1	0	0	1	1	1	2	0	0	0	0	0	2	1	1	2	2	0	1	1	1	0	1	2	0	0	0	0	0	0	0
chr13	76938767	77458364	519598	6	0	519598	325118	194480	45388	16154	21717	29868	20349	13802	18355	19627	21394	9011	15144	14314	25996	13506	14945	25547	21454	11000	2152	17867	16549	9833	2004	15901	13498	9389	1805	13164	20632	14065	1937	23229
chr13	77458365	77615364	157000	7	0	157000	95937	61063	12600	4738	6431	8675	6151	4584	5885	6257	6535	2847	4902	4401	7159	3722	4238	6811	6604	3438	613	5236	5462	3397	576	5015	4302	3081	529	4124	6509	4534	562	7080
chr13	77615365	77747364	132000	8	0	132000	82433	49567	11288	4174	5485	7362	5039	3460	4669	5243	5616	2307	3737	3690	6366	3369	3713	6914	5550	2857	488	4415	4333	2719	559	3999	3352	2336	460	3148	5176	3698	435	6041
chr13	77747365	77882364	135000	9	0	135000	84430	50570	11426	4170	5813	7796	5548	3538	4687	5291	5686	2374	4035	3848	6545	3299	3908	6464	5456	2798	475	4652	4332	2631	387	4200	3656	2356	260	3424	5621	3765	390	6167
chr13	77882365	78499364	617000	10	0	617000	390664	226336	52969	19204	26356	36987	24724	15932	20561	24958	26308	10776	17313	17369	31516	15478	17896	32316	26083	12516	2271	20520	19367	11598	1612	18314	15828	10151	1452	14857	24897	16626	1809	28434
chr13	78499365	78690364	191000	9	0	191000	115764	75236	15954	5850	8212	10099	7365	5116	6981	7029	8050	3478	6061	5123	8746	4479	5034	8187	7698	4096	939	6190	6284	4373	1195	6328	5204	4005	1208	5003	7305	5707	932	8767
chr13	78690365	78883364	193000	10	0	193000	120470	72530	16310	5911	8169	11281	7771	5159	6988	7507	8119	3376	5641	5397	9472	4692	5415	9261	8044	3964	717	6413	6293	3764	543	5991	5213	3554	471	5029	7875	5309	569	8780
chr13	78883365	79181364	298000	9	0	298000	187013	110987	25233	9237	12458	17601	12232	8004	10279	12001	12489	5083	8724	8557	14575	7446	8446	14647	12560	6248	1081	9881	9576	5665	833	8981	8093	5090	691	7434	12287	8052	903	13611
chr13	79181365	79290364	109000	8	0	109000	66132	42868	8536	3258	4666	5835	4341	3212	4016	4122	4493	2048	3609	2958	4925	2614	2950	4549	4631	2417	470	3614	3759	2480	377	3734	2976	2110	331	2860	4325	3343	406	5033
chr13	79290365	79395364	105000	7	0	105000	68451	36549	10307	3521	4400	6510	4005	2511	3387	3904	4325	1616	2633	2766	6100	3049	3069	6346	4377	2041	424	3855	3067	1725	271	2866	2418	1576	276	2312	3945	2587	353	4456
chr13	79395365	79468364	73000	6	0	73000	45351	27649	6394	2214	3079	4104	2793	1979	2570	2708	2930	1239	2235	1961	3674	1834	2024	3612	2970	1524	323	2449	2387	1443	320	2324	1891	1471	290	1891	2802	2036	283	3244
chr13	79468365	79565364	97000	7	0	97000	61852	35148	8756	3242	4132	5651	3783	2544	3356	3736	3930	1592	2558	2741	5311	2738	2869	4912	4257	1949	364	3546	2959	1635	289	2712	2357	1593	286	2380	3846	2418	279	4277
chr13	79565365	79695364	130000	8	0	130000	79662	50338	10513	4096	5487	6877	5138	3508	4815	5221	5447	2390	3981	3589	5875	3151	3717	5857	5403	2881	439	4422	4545	2977	372	4285	3503	2495	303	3305	5230	3826	362	5988
chr13	79695365	80228364	533000	9	0	533000	328357	204643	44203	16292	22641	29551	21546	14430	19472	20816	22779	9787	16204	14754	24159	12543	14929	24249	21881	11706	1974	17491	18204	11165	1656	17388	14463	10137	1372	13682	21716	15405	1718	24685
chr13	80228365	80276364	48000	8	0	48000	29575	18425	4171	1424	1877	2774	1861	1329	1738	1788	1917	836	1567	1326	2297	1157	1332	2180	1936	1044	204	1562	1644	996	209	1540	1232	981	191	1238	1903	1368	202	2174
chr13	80276365	80515364	239000	9	0	239000	145594	93406	20147	7198	9774	12942	9536	6657	8801	8715	9706	4091	7713	6570	10672	5755	6567	10749	9590	5226	1053	7832	8147	5276	1242	7818	6499	5141	1113	6389	9473	6840	950	10816
chr13	80515365	80753364	238000	10	0	238000	151198	86802	21228	7561	10118	14486	9843	5979	7767	9458	10458	3942	6645	6719	11864	5810	6843	12477	9970	4711	810	7801	7532	4650	632	6843	6112	3820	552	5603	9433	6476	730	11125
chr13	80753365	81287364	534000	9	0	534000	347143	186857	50312	16716	21990	35368	22008	13258	16565	21557	22561	8552	13922	14918	29505	14128	15125	30657	23122	10002	1847	17682	15426	8700	1436	14278	13298	8064	1204	11844	21542	13074	1539	23798
chr13	81287365	81553364	266000	8	0	266000	172033	93967	24439	8514	10906	17216	10815	6515	8607	10671	11192	4236	7043	7398	14629	7083	7696	15072	11437	5058	863	8989	7700	4409	706	7377	6809	4026	614	6109	10662	6699	731	11777
chr13	81553365	81810364	257000	7	0	257000	168927	88073	24600	8140	10737	17447	10798	6033	7644	10376	11032	4129	6464	7133	14494	6872	7419	15607	11030	4791	851	8502	7228	3870	603	6647	6098	3571	481	5642	10495	6116	675	11473
chr13	81810365	82007364	197000	6	0	197000	129497	67503	18775	6147	8201	13402	8113	4698	5868	8048	8373	3072	4879	5602	11264	5136	5642	12276	8413	3605	592	6444	5490	3123	465	5095	4837	2833	411	4269	7987	4612	544	8782
chr13	82007365	82171364	164000	5	0	164000	107507	56493	15434	5306	6364	11192	6861	4055	4982	6807	6760	2603	3972	4716	9241	4412	4711	10090	7461	3028	575	5312	4682	2527	462	4136	4000	2341	384	3533	6562	3911	531	7047
chr13	82171365	82431364	260000	4	0	260000	169618	90382	24637	8265	10387	17254	10566	6553	8086	10305	10581	4134	6748	7391	14759	6799	7412	15740	11403	4881	915	8551	7456	4160	705	6955	6247	3968	571	5714	10404	6267	771	11413
chr13	82431365	82942364	511000	5	0	511000	337988	173012	49062	16321	20362	35385	20988	12521	14925	21043	21031	8051	12585	14021	30049	13840	14708	33094	22971	9322	1726	16714	14071	7729	1190	12735	12127	6985	986	10768	20308	11689	1328	22363
chr13	82942365	83240364	298000	6	0	298000	196321	101679	27723	9416	11998	20520	12215	7277	8993	12410	12424	4817	7371	8374	17296	8191	8455	18840	13276	5449	1030	9946	8372	4444	665	7444	7136	4119	539	6272	12110	6913	808	13155
chr13	83240365	83302364	62000	5	0	62000	40855	21145	5971	2047	2573	4179	2666	1453	1824	2612	2639	1003	1483	1698	3494	1618	1801	3793	2743	1110	201	2067	1797	920	121	1525	1533	849	93	1362	2483	1484	129	2727
chr13	83302365	83609364	307000	6	0	307000	201516	105484	29222	9532	12603	20838	12573	7488	9095	12558	12929	4878	7776	8682	17471	8235	8628	19008	13324	5573	1148	10088	8749	4670	800	7891	7386	4365	675	6548	12255	7501	935	13574
chr13	83609365	84628364	1019000	7	0	1019000	663375	355625	95224	31897	41336	67571	40929	25279	31830	40738	42575	16259	26560	28732	57299	26826	29501	60817	43522	19109	3714	33916	29074	16321	2786	27399	25184	15352	2451	22671	40996	24798	3091	45241
chr13	84628365	85051364	423000	6	0	423000	277139	145861	40090	13368	16754	28814	17166	10378	12986	17057	17629	6664	10780	11981	24139	11302	11985	26044	18347	7733	1604	14028	11939	6730	1185	10797	10066	6190	1022	9166	17235	9998	1307	18514
chr13	85051365	85124364	73000	7	0	73000	47243	25757	6823	2270	2886	4822	2996	1875	2337	2945	3030	1149	1855	2120	3952	1893	2060	4229	3175	1376	277	2358	2129	1192	236	1928	1902	1139	226	1663	2947	1778	241	3189
chr13	85124365	85328364	204000	6	0	204000	132540	71460	18829	6387	8150	13397	8210	5133	6385	8538	8399	3308	5205	5714	11325	5435	5796	12328	8983	3820	760	6700	6026	3316	546	5331	5108	3147	529	4567	8149	4936	603	8938
chr13	85328365	85465364	137000	5	0	137000	88374	48626	12342	4159	5539	8937	5299	3588	4411	5344	5784	2186	3637	3855	7552	3557	3981	8202	5749	2592	545	4605	4118	2410	439	3667	3403	2212	361	3062	5372	3420	437	6233
chr13	85465365	85567364	102000	4	0	102000	65880	36120	9175	3200	4106	6582	3986	2632	3387	4061	4174	1668	2680	2757	5728	2745	2946	6052	4399	1912	428	3505	3006	1608	276	2796	2579	1699	242	2390	4082	2467	302	4428
chr13	85567365	85822364	255000	3	0	255000	166844	88156	23773	8126	10328	17222	10276	6295	7898	10188	10467	3965	6447	7227	14932	6895	7210	15593	10935	4720	1026	8600	7222	3816	719	6750	6206	3823	579	5654	10294	6148	784	10880
chr13	85822365	85890364	68000	4	0	68000	44831	23169	6407	2061	2705	4770	2662	1646	1982	2915	2837	1095	1712	1925	4037	1869	2004	4202	2931	1209	278	2253	1871	1057	169	1652	1644	904	161	1471	2759	1579	204	3027
chr13	85890365	85968364	78000	5	0	78000	50059	27941	7146	2489	3073	5003	3163	1930	2568	3185	3258	1305	2166	2164	4144	1924	2198	4342	3308	1545	257	2538	2401	1356	218	2205	2025	1278	178	1737	3112	2001	257	3524
chr13	85968365	86098364	130000	6	0	130000	86350	43650	12888	4129	5253	9068	5263	3114	3777	5356	5391	2069	3023	3623	7796	3575	3724	8299	5740	2358	474	4315	3614	1821	310	3168	2992	1767	281	2704	5165	2967	383	5591
chr13	86098365	86137364	39000	7	0	39000	25952	13048	3870	1199	1596	2705	1610	918	1121	1627	1576	634	967	1122	2313	1016	1106	2570	1703	689	120	1255	1062	546	64	954	966	523	65	802	1545	868	107	1779
chr13	86137365	86169364	32000	8	0	32000	21791	10209	3409	1064	1197	2383	1309	712	849	1389	1267	436	677	895	2068	968	930	2236	1526	536	102	1016	809	410	58	717	698	398	61	603	1226	650	81	1318
chr13	86169365	86186189	16825	9	0	16825	10674	6151	1504	495	701	1026	664	479	589	622	653	284	484	407	905	438	456	965	722	345	65	564	526	313	39	505	455	319	36	434	651	406	44	727
chr13	86269548	86269992	445	9	0	445	272	173	31	21	15	21	19	17	26	15	17	7	11	14	22	12	8	14	22	15	2	19	20	2	0	12	15	8	0	9	20	9	0	20
chr13	86269997	86270024	28	9	0	28	16	12	0	1	0	0	0	3	1	4	0	1	0	0	0	1	2	1	5	0	0	1	0	0	0	1	3	1	0	0	0	0	0	1
chr13	86270026	86270475	450	9	0	450	280	170	37	16	25	26	22	10	9	17	28	9	20	4	17	8	14	17	23	6	2	12	8	8	4	17	14	4	0	10	13	19	0	29
chr13	86270477	86270522	46	9	0	46	32	14	3	1	1	5	3	2	0	3	1	1	0	0	3	1	3	4	4	1	0	0	2	0	0	0	1	0	0	3	1	1	0	0
chr13	86270524	86270770	247	9	0	247	176	71	27	7	8	21	6	10	7	8	12	4	3	8	19	6	10	19	11	3	0	13	5	1	1	3	3	3	0	0	11	3	1	12
chr13	86270775	86270875	101	9	0	101	77	24	11	3	7	11	1	0	3	1	1	2	1	2	19	4	3	6	2	2	0	5	1	0	0	4	1	2	0	1	1	1	0	4
chr13	86270877	86270918	42	9	0	42	32	10	7	2	1	5	3	0	2	2	1	1	0	3	3	0	0	0	1	0	0	2	0	0	0	0	2	0	0	0	4	0	0	1
chr13	86270920	86270989	70	9	0	70	48	22	10	2	4	7	6	2	0	1	0	0	2	2	6	1	1	2	2	0	0	3	2	4	0	0	4	0	0	2	1	2	0	2
chr13	86270991	86271056	66	9	0	66	50	16	9	2	4	5	2	1	0	3	3	1	0	1	6	2	1	9	3	2	1	1	1	0	0	1	0	0	0	1	2	0	1	2
chr13	86271058	86272734	1677	9	0	1677	1201	476	201	59	68	147	66	29	47	64	65	25	18	37	142	44	46	142	70	24	3	60	32	14	1	32	51	13	3	27	53	29	3	60
chr13	86272743	86272843	101	9	0	101	61	40	7	4	4	7	8	0	3	4	4	4	4	1	4	3	1	2	4	2	1	4	6	0	0	3	2	2	0	2	3	5	2	3
chr13	86272848	86273254	407	9	0	407	278	129	41	15	16	30	18	8	12	23	15	17	2	8	28	5	15	24	19	6	3	16	9	0	2	3	12	7	2	7	21	1	1	19
chr13	86273255	86274233	979	9	0	979	698	281	114	44	33	80	50	7	24	50	40	14	10	30	69	28	31	72	50	15	3	25	15	13	0	18	23	7	1	17	43	11	2	38
chr13	86274235	86274271	37	9	0	37	22	15	3	1	4	0	2	2	1	1	2	1	1	1	0	0	0	2	2	0	0	2	1	1	0	1	1	1	0	0	2	1	0	2
chr13	86274273	86274479	207	9	0	207	126	81	21	11	2	9	8	10	9	13	7	4	6	7	7	3	5	3	12	7	0	9	11	1	0	4	7	3	0	2	10	6	0	8
chr13	86274481	86274548	68	9	0	68	34	34	2	1	1	3	2	2	3	2	4	2	1	4	0	1	4	1	1	2	0	3	4	3	1	2	1	2	2	1	3	4	1	3
chr13	86274550	86274673	124	9	0	124	78	46	6	4	4	6	7	5	4	8	3	3	0	2	5	4	3	12	8	3	1	4	5	3	0	1	8	0	0	4	3	3	1	2
chr13	86274675	86274717	43	9	0	43	28	15	2	0	1	4	0	3	1	4	3	1	0	0	2	2	0	4	3	1	0	1	3	0	0	0	1	1	0	0	1	1	0	2
chr13	86274719	86274894	176	9	0	176	102	74	13	9	4	5	8	10	4	12	10	3	6	5	0	3	4	5	15	5	0	4	7	4	0	8	2	0	1	3	10	10	1	3
chr13	86274896	86274934	39	9	0	39	13	26	0	1	0	1	1	2	1	0	1	0	1	1	0	0	2	2	1	1	0	1	2	11	0	2	1	1	0	1	0	3	0	0
chr13	86274936	86275052	117	9	0	117	72	45	6	5	1	5	3	8	2	12	0	1	2	1	9	6	4	5	12	5	1	2	3	2	0	4	9	1	0	2	1	1	1	1
chr13	86275067	86276498	1432	9	0	1432	792	640	85	44	63	60	64	44	59	39	56	30	59	33	47	27	44	36	43	35	17	50	52	39	12	54	52	38	12	58	59	45	11	63
chr13	86276499	86277218	720	9	0	720	436	284	46	25	31	30	29	16	31	31	30	8	22	36	26	23	20	31	25	15	4	28	17	8	2	26	25	9	4	24	39	21	10	26
chr13	86277220	86277245	26	9	0	26	11	15	0	0	0	1	0	1	3	0	1	0	1	0	0	2	1	1	2	1	0	0	1	0	0	1	1	2	1	2	0	0	1	1
chr13	86277247	86278287	1041	9	0	1041	607	434	106	35	51	38	44	30	43	34	49	19	42	21	31	20	20	23	35	22	7	40	37	22	7	37	36	26	3	31	43	33	5	49
chr13	86278288	86278583	296	9	0	296	176	120	39	3	16	5	10	10	12	10	8	10	8	6	5	12	8	13	17	3	3	12	9	8	1	6	8	6	4	10	8	6	2	16
chr13	86278588	86279912	1325	9	0	1325	812	513	124	43	56	65	60	31	51	36	46	14	48	44	58	40	51	45	48	29	5	46	41	33	3	41	48	24	2	40	41	32	0	78
chr13	86279917	86290244	10328	9	0	10328	6944	3384	1053	333	352	766	391	244	291	453	423	147	221	296	635	281	283	773	455	177	39	334	289	156	35	232	214	144	29	193	421	235	43	388
chr13	86290245	86588244	298000	8	0	298000	196151	101849	28617	9308	11991	20519	12207	7216	9017	11977	12231	4726	7447	8205	17380	8068	8363	18879	12991	5365	1038	9924	8376	4602	720	7702	7252	4364	595	6309	11797	7070	859	12883
chr13	86588245	86792244	204000	9	0	204000	132992	71008	19275	6467	8115	13638	8399	5054	6258	8488	8597	3231	5185	5551	11224	5303	5664	12541	8788	3913	763	6591	5973	3370	512	5430	5239	3033	442	4390	8199	4969	583	8813
chr13	86792245	87010244	218000	8	0	218000	142222	75778	20772	6889	8571	14804	8971	5410	6754	8862	8902	3530	5620	5984	12391	5726	6013	13022	9479	4095	806	7175	6291	3628	640	5566	5395	3222	569	4875	8833	5180	681	9342
chr13	87010245	87462244	452000	9	0	452000	297530	154470	42477	14175	17737	31038	18308	11279	13451	18641	18695	7058	11202	12822	25947	12426	12896	29377	20344	8197	1702	14696	12536	6813	1243	11451	10700	6384	1076	9550	18099	10649	1441	19588
chr13	87462245	87588244	126000	10	0	126000	83248	42752	12052	3913	5185	8616	5029	2967	3696	5191	5397	1977	3195	3511	7288	3430	3635	8165	5471	2213	471	4131	3341	1846	327	3263	2963	1720	262	2663	5108	2998	320	5654
chr13	87588245	87717244	129000	9	0	129000	85214	43786	12110	3995	4953	9049	5091	3217	3570	5419	5307	1895	3120	3434	7599	3634	3651	9168	5736	2254	583	4168	3411	2055	516	3159	3159	1785	500	2704	4992	3047	453	5264
chr13	87717245	87992244	275000	10	0	275000	180399	94601	25615	8495	11209	18774	10960	6696	8403	11062	11540	4336	7027	7788	15979	7314	7881	17318	11665	4985	981	9210	7607	4301	704	7195	6764	3943	638	5917	11086	6578	829	12198
chr13	87992245	88048244	56000	9	0	56000	36677	19323	5361	1736	2321	3798	2369	1374	1667	2335	2394	901	1461	1543	3092	1487	1521	3316	2471	1042	184	1802	1637	900	131	1380	1352	814	87	1223	2285	1293	156	2565
chr13	88048245	88613552	565308	10	0	565308	367220	198088	52078	17732	23263	37146	22765	13988	17713	22627	23779	9078	14807	15521	31597	15025	16179	33920	24090	10767	1950	19017	16476	9324	1540	15329	13945	8617	1251	12597	22582	13961	1623	25019
chr13	88613554	88707245	93692	10	0	93692	61402	32290	9059	2955	3920	6266	3922	2252	2842	3709	3957	1547	2491	2616	5263	2434	2718	5449	4075	1637	292	3184	2621	1431	198	2442	2264	1329	165	2040	3765	2295	247	4305
chr13	88707246	89024245	317000	9	0	317000	211110	105890	31865	10095	12788	22421	13192	7515	9209	12976	13234	4907	7755	8868	18877	8542	8906	19959	14156	5454	1026	10423	8486	4306	658	7742	7429	4176	611	6658	12821	7257	851	13835
chr13	89024246	89118245	94000	10	0	94000	61321	32679	8612	2963	3773	6188	3829	2498	2830	3949	3947	1490	2474	2673	5147	2476	2601	5870	4282	1702	361	3082	2729	1501	218	2361	2327	1276	206	2049	3768	2329	301	4186
chr13	89118246	90572245	1454000	9	0	1454000	946371	507629	136068	45266	58545	96865	58596	36366	45725	58516	60790	23579	37847	40308	81291	38260	41295	87052	63053	26775	5371	48272	41721	23265	4060	38600	36024	22128	3530	32306	58405	35478	4407	64234
chr13	90572246	91010245	438000	8	0	438000	278352	159648	37987	13373	18375	27074	17350	11291	14640	17563	18663	7409	12242	12363	22809	11049	12438	23724	18224	8697	1640	14561	13440	8159	1217	12945	11492	7243	1067	10286	17688	11662	1424	19903
chr13	91010246	91401245	391000	9	0	391000	245871	145129	34455	12230	16728	23158	15490	10174	13270	15010	16586	6682	11181	10807	20040	9841	11021	19197	16073	8048	1716	13090	12167	7419	1521	11865	10166	6930	1374	9503	15538	10575	1401	17742
chr13	91401246	91606245	205000	10	0	205000	129344	75656	17522	6332	8433	12272	8204	5403	7043	8204	8590	3558	5867	5715	10243	5206	5691	11060	8702	4205	809	6783	6673	4107	519	5995	5249	3457	479	4947	8229	5525	667	9309
chr13	91606246	91728245	122000	9	0	122000	77619	44381	10340	3700	4987	7598	4841	3179	4095	5040	5158	2093	3388	3585	6286	3144	3493	6691	5201	2375	464	4076	3738	2088	340	3568	3154	2009	323	2820	5063	3262	401	5498
chr13	91728246	91979442	251197	10	0	251197	161740	89457	22777	7956	10204	16176	10063	6280	8046	10446	10804	4161	6781	7134	13469	6451	7162	13828	10749	4879	912	8308	7517	4396	674	6998	6242	3719	552	5631	10327	6591	706	11256
chr13	91979444	92040246	60803	10	0	60803	39535	21268	5471	1892	2458	3935	2380	1679	1912	2390	2520	956	1569	1697	3384	1694	1718	3878	2747	1088	270	2116	1748	894	191	1572	1465	934	170	1331	2402	1489	213	2638
chr13	92040247	92254246	214000	9	0	214000	137897	76103	19732	6669	8698	13864	8568	5375	6861	8472	9000	3498	5883	6053	11663	5563	6037	11959	8878	4228	845	7154	6332	3623	637	6002	5179	3354	580	4855	8887	5389	692	9468
chr13	92254247	92327246	73000	10	0	73000	46859	26141	6612	2305	3058	4668	2981	1799	2307	2874	3163	1193	1987	2016	3887	1911	2058	4040	3085	1430	272	2420	2187	1344	257	2020	1767	1136	179	1684	2922	1898	252	3286
chr13	92327247	92563246	236000	9	0	236000	152551	83449	21315	7412	9699	15088	9448	5868	7458	9804	10102	3877	6322	6785	12649	6306	6809	13608	10132	4521	901	7909	6855	3782	612	6454	5912	3405	609	5270	9679	5995	758	10654
chr13	92563247	92717246	154000	8	0	154000	98530	55470	13547	4738	6256	9728	6208	3911	4930	6407	6618	2626	4331	4282	7896	3837	4386	8827	6507	2931	619	5055	4680	2681	432	4343	3989	2398	418	3559	6280	4126	505	6947
chr13	92717247	92859246	142000	7	0	142000	91549	50451	12921	4391	6014	9035	5738	3499	4538	5813	6224	2412	3734	4128	7478	3742	4078	7804	5994	2726	546	4778	4194	2394	355	3939	3509	2062	277	3178	5890	3700	438	6469
chr13	92859247	92997246	138000	6	0	138000	88164	49836	12218	4317	5793	8691	5557	3453	4624	5580	6029	2294	3722	3981	7215	3435	3794	7460	5771	2752	506	4470	4269	2534	329	3978	3560	2129	304	3206	5614	3695	439	6279
chr13	92997247	93430246	433000	5	0	433000	272882	160118	37256	13157	17711	26270	17128	11467	14495	17427	17979	7272	12388	12479	22030	10994	12278	22550	18009	8820	1742	14319	13750	8701	1431	13031	11223	7479	1196	10298	17535	11913	1447	19223
chr13	93430247	93547246	117000	6	0	117000	73625	43375	9949	3740	4885	6876	4823	3250	3953	4849	4868	1991	3234	3361	5810	2946	3289	5800	5178	2371	477	3901	3761	2079	374	3325	3135	1963	349	3007	4801	3127	398	5128
chr13	93547247	93668246	121000	7	0	121000	77768	43232	10970	3768	4982	7595	4793	3119	3957	4950	5050	1992	3269	3386	6501	3262	3392	6781	5219	2321	483	4117	3571	1987	307	3469	3057	1911	319	2773	4972	3115	369	5241
chr13	93668247	93986073	317827	8	0	317827	202294	115533	27753	9721	13270	19414	12498	8490	10815	13175	13426	5544	8700	8962	16480	8256	9009	16779	13804	6201	1245	10761	9791	5371	805	9102	8274	5219	699	7628	13109	8278	943	14303
chr13	93986074	94137245	151172	8	0	151172	95859	55313	13028	4680	6424	9221	5940	4028	5005	6313	6526	2611	4164	4298	7859	3861	4354	7546	6422	2994	628	5136	4628	2710	411	4473	3969	2416	338	3587	6267	4102	481	6750
chr13	94137246	94261245	124000	7	0	124000	76834	47166	10054	3800	5281	6858	4851	3482	4459	5089	5162	2204	3727	3575	5926	3009	3341	6014	5303	2618	524	4050	4117	2539	323	3950	3381	2199	295	3199	5081	3573	404	5610
chr13	94261246	94373245	112000	6	0	112000	67584	44416	8870	3423	4770	5797	4273	3163	4274	4428	4815	2114	3593	3145	4902	2506	2972	4538	4602	2457	546	3601	3831	2623	468	3837	3187	2221	383	2992	4518	3458	511	5180
chr13	94373246	94644245	271000	5	0	271000	162245	108755	21441	8129	11183	13900	10536	7912	10647	10177	10880	5112	8923	7269	11795	6319	7160	10860	10915	6388	1283	8886	9756	6413	1216	9373	7675	5996	1114	7555	10926	7961	1199	12099
chr13	94644246	95064245	420000	6	0	420000	250929	169071	33392	12551	17200	21640	16539	12421	16234	15840	17159	7604	13804	11534	17693	9460	10871	16986	17050	9387	2074	13525	15090	10155	2275	14161	12103	9489	2041	11619	16792	12649	1856	18804
chr13	95064246	95193245	129000	5	0	129000	75715	53285	9956	3886	5082	6101	4969	4193	5364	4692	4985	2489	4348	3552	5115	2946	3264	4773	5407	3140	712	4254	4843	3238	693	4608	3853	3015	571	3575	5115	3988	650	5621
chr13	95193246	95349245	156000	4	0	156000	86029	69971	11088	4214	5786	6208	5749	5557	7425	5018	5305	3122	6181	3962	5154	3296	3566	4398	6043	4202	928	5015	6786	4806	1143	6458	4900	5017	1069	5032	6020	5168	930	6452
chr13	95349246	95392245	43000	3	0	43000	23895	19105	3109	1218	1582	1759	1713	1389	2001	1444	1452	877	1787	1137	1394	858	989	1185	1558	1166	212	1405	1913	1322	251	1790	1382	1302	218	1332	1694	1486	241	1832
chr13	95392246	95528245	136000	4	0	136000	77386	58614	9804	3866	5172	5933	5204	4492	6039	4717	4910	2667	5300	3613	4856	2786	3321	4705	5306	3539	697	4269	5642	3810	727	5433	4150	3718	665	4167	5354	4546	627	5963
chr13	95528246	95730245	202000	3	0	202000	119823	82177	16083	6149	8011	10009	7608	5993	7984	7451	7950	3738	6474	5308	8610	4804	5374	8276	8175	4777	1056	6675	7443	5320	1240	6954	5670	4830	1120	5446	7748	6030	924	8768
chr13	95730246	95953245	223000	4	0	223000	139350	83650	19710	7141	9264	12506	8861	5909	8088	8369	9175	3945	6248	6116	10875	5820	6262	11061	9560	4741	967	7547	7319	4469	841	6752	5701	4052	648	5567	8646	6120	722	9996
chr13	95953246	96178245	225000	3	0	225000	139088	85912	18796	6918	9246	12755	8708	6058	8090	8718	9243	3899	6563	6205	10968	5679	6247	10994	9185	4963	925	7481	7525	4878	1022	7111	6064	4337	903	5606	8800	6358	806	9947
chr13	96178246	96286245	108000	4	0	108000	66151	41849	8263	3191	4570	6021	4223	2890	4005	4347	4619	1999	3390	3030	4939	2634	3028	5000	4364	2360	420	3570	3787	2459	300	3491	2958	2040	271	2791	4356	3178	363	5141
chr13	96286246	96395245	109000	5	0	109000	67976	41024	8993	3309	4583	6310	4283	3028	3822	4340	4600	1904	3162	3154	5319	2568	3080	5519	4525	2313	445	3527	3623	2246	316	3341	2922	1919	268	2759	4403	3048	349	5020
chr13	96395246	96627245	232000	6	0	232000	143925	88075	19039	7056	9724	13114	9109	6394	8404	9415	9867	4116	6868	6506	10918	5762	6568	11064	9734	4983	907	7704	7733	4626	662	7260	6338	4211	592	5967	9516	6461	747	10633
chr13	96627246	96790245	163000	5	0	163000	102582	60418	13697	5027	6920	9531	6568	4400	5497	6905	6994	2766	4745	4713	7916	3946	4523	8433	7019	3194	591	5335	5181	3101	410	4864	4458	2765	340	3941	6713	4497	463	7545
chr13	96790246	97387245	597000	4	0	597000	358280	238720	45603	17763	25236	30835	23272	17217	23158	23348	25129	11180	19713	16546	25433	13467	15648	24731	24278	13375	2715	19259	21415	14269	2337	20555	17262	12421	2012	16253	24039	18511	2330	27688
chr13	97387246	97625245	238000	5	0	238000	143778	94222	18649	7251	9917	12408	9327	6709	9304	9151	9774	4453	7513	6650	10475	5665	6421	10111	9825	5293	1009	7950	8476	5390	964	7935	6735	4918	906	6429	9455	7164	931	10840
chr13	97625246	97644245	19000	6	0	19000	11119	7881	1349	530	811	917	701	594	790	729	801	375	674	521	757	393	475	701	764	451	89	588	705	524	75	731	616	399	60	507	729	660	58	924
chr13	97644246	97828245	184000	5	0	184000	109238	74762	13511	5525	7564	9196	7361	5373	7424	7162	7446	3712	6025	5168	7477	4050	4885	7358	7511	4352	798	5999	6976	4749	679	6448	5300	3991	549	5058	7532	5760	666	8393
chr13	97828246	97927245	99000	4	0	99000	58033	40967	7221	2849	3890	4937	3832	3059	4133	3677	3862	1867	3485	2789	3982	2183	2474	3793	3932	2465	432	3129	3991	2677	416	3615	2803	2337	355	2811	3975	3220	381	4426
chr13	97927246	98249245	322000	3	0	322000	182319	139681	24867	9147	12067	14086	11811	10770	14115	10787	11535	6158	11881	8353	11953	6821	7712	10254	12386	8169	2092	10250	12881	9156	2764	12084	9856	9588	2618	9910	12360	9972	2064	13531
chr13	98249246	98362245	113000	4	0	113000	63883	49117	8002	3372	4361	4750	4085	4020	5030	4096	4278	2231	4115	2913	4120	2430	2539	3541	4864	2752	850	3587	4444	3235	812	4257	3435	3128	720	3495	4487	3633	710	4706
chr13	98362246	98467245	105000	3	0	105000	56081	48919	6455	2814	3955	3789	3659	3794	5190	3525	3866	2353	4116	2550	3032	1989	2151	2842	4186	2714	926	3124	4451	3786	1057	4360	3527	3399	934	3569	4004	3755	767	4359
chr13	98467246	98810245	343000	2	0	343000	187230	155770	22727	9430	12978	13033	12167	12061	16295	11462	12472	7236	13280	8527	10802	6906	7752	10100	13375	9187	2445	10626	14661	11329	3090	14172	10935	10759	2483	11193	13014	11977	2210	14314
chr13	98810246	99104245	294000	3	0	294000	170819	123181	21772	8790	12036	13386	10644	9420	12750	10722	11588	5778	9931	7458	11981	6711	7398	10452	12193	7113	1657	9736	11002	7844	1678	10862	8844	7239	1488	8769	11497	9190	1321	12748
chr13	99104246	99267245	163000	2	0	163000	93262	69738	12602	4700	6363	7214	6121	5296	6985	5531	6149	3234	5871	4141	6007	3545	3948	5554	6308	4169	1047	5250	6435	4611	1197	6173	4878	4460	1033	4781	6312	5176	943	6964
chr13	99267246	99347245	80000	3	0	80000	47625	32375	6450	2370	3312	3850	2920	2501	3350	2911	3157	1539	2645	2068	3455	1920	2074	3103	3347	1848	420	2715	2853	1922	339	2820	2319	1816	316	2249	3163	2347	303	3596
chr14	18223524	18378022	154499	9	0	154499	96043	58456	14340	5238	6937	7907	6773	4846	5243	5683	7695	2311	5071	4364	5615	3241	4094	6684	6758	2816	675	5387	4649	2440	609	4347	4467	2568	652	3647	6671	4221	584	7964
chr14	18378023	18544022	166000	10	0	166000	94782	71218	9463	7806	3875	7048	5615	7294	10430	4788	9670	3374	5949	4154	3444	2789	4043	5040	10971	3203	1037	6052	5272	4194	589	5780	4883	1236	349	4503	7000	7202	983	7962
chr14	18544023	18712536	168514	9	0	168514	101090	67424	13592	5053	6609	8871	6548	5037	6626	6278	6765	3131	5284	4651	7220	3869	4453	7102	6958	4020	772	5340	6215	4015	858	5740	4675	3778	733	4488	6640	5015	771	7405
chr14	18870791	18870819	29	9	0	29	23	6	13	1	3	0	2	0	0	0	1	0	0	1	1	0	0	1	0	0	0	1	0	0	0	0	1	0	0	0	1	0	0	1
chr14	18901847	18902133	287	9	0	287	132	155	39	3	5	5	5	8	10	2	4	7	18	8	4	6	7	1	3	5	6	9	9	12	17	9	6	18	11	11	7	11	8	11
chr14	18903263	18904009	747	9	0	747	442	305	62	23	28	42	34	22	24	27	29	18	22	20	30	16	18	26	38	16	8	17	25	29	6	26	14	17	3	16	30	24	3	32
chr14	18904011	18904037	27	9	0	27	14	13	0	2	0	0	2	4	1	1	1	0	1	1	0	0	0	0	2	2	0	1	2	0	0	0	2	0	0	0	2	0	0	1
chr14	18904039	18906267	2229	9	0	2229	1391	838	156	85	91	112	90	65	82	99	74	41	55	48	124	75	67	126	110	44	14	98	67	43	7	53	73	33	12	65	86	50	3	79
chr14	18906268	18912703	6436	9	0	6436	4178	2258	590	212	266	395	232	180	207	240	277	111	180	158	364	186	209	371	308	115	33	231	172	88	18	173	146	84	15	147	233	164	18	311
chr14	18912705	18912726	22	9	0	22	10	12	0	1	0	0	0	0	1	2	0	1	3	0	1	0	0	0	0	0	0	1	3	0	0	1	0	1	0	1	0	3	0	1
chr14	18912728	18913027	300	9	0	300	107	193	0	5	7	0	7	17	25	10	4	6	12	6	1	1	6	0	8	13	2	6	15	13	10	22	29	23	7	15	7	10	5	6
chr14	18913028	18913155	128	9	0	128	52	76	2	2	4	2	3	3	12	3	5	1	8	7	0	0	0	0	0	1	2	3	6	4	3	10	6	9	1	8	9	9	0	3
chr14	18913157	18913185	29	9	0	29	10	19	0	1	1	0	2	0	3	0	0	2	0	0	0	0	0	0	1	2	0	0	3	4	0	2	0	2	0	2	1	1	0	0
chr14	18913187	18913238	52	9	0	52	23	29	0	1	0	0	1	1	6	3	0	4	4	0	0	0	1	1	3	0	0	3	2	2	0	2	2	2	0	4	4	2	0	2
chr14	18913250	18913736	487	9	0	487	198	289	8	6	16	2	11	29	39	8	13	18	25	7	0	6	9	1	25	18	2	14	31	38	6	28	16	23	1	22	14	24	1	24
chr14	18913738	18913753	16	9	0	16	6	10	0	0	0	0	0	1	2	0	0	1	0	0	0	2	0	0	2	2	0	0	0	1	1	1	0	0	0	0	1	0	0	0
chr14	18913755	18913810	56	9	0	56	18	38	0	1	1	0	0	3	5	0	2	1	4	0	0	0	0	0	3	0	1	1	1	5	2	5	2	6	1	3	2	2	2	1
chr14	18913812	18913877	66	9	0	66	30	36	4	2	1	2	3	1	3	3	2	2	6	1	0	0	0	0	1	3	0	1	3	1	3	3	3	3	1	1	3	3	0	5
chr14	18913878	18914483	606	9	0	606	222	384	3	5	13	4	13	38	47	25	8	20	25	9	1	5	2	4	25	23	11	9	45	37	15	32	39	44	11	30	13	25	7	16
chr14	18914485	18914520	36	9	0	36	16	20	0	0	1	1	1	1	3	1	1	1	2	1	0	0	0	2	1	1	0	0	2	1	1	2	1	2	1	2	2	2	0	1
chr14	18914522	18915529	1008	9	0	1008	386	622	10	16	23	9	21	40	84	15	22	36	55	19	5	5	17	9	23	43	6	25	69	90	17	71	34	65	7	38	34	48	5	45
chr14	18915531	18915576	46	9	0	46	14	32	0	1	0	0	0	3	4	2	1	0	3	0	0	0	0	0	1	2	1	0	2	2	3	1	4	4	1	5	2	0	1	1
chr14	18915582	18916422	841	9	0	841	332	509	14	10	27	5	23	35	66	36	15	33	33	14	3	7	7	3	26	30	10	19	59	59	16	41	37	60	8	48	38	26	6	25
chr14	18916424	18916458	35	9	0	35	15	20	1	1	1	0	1	3	1	0	0	1	2	0	1	0	2	0	0	5	0	0	0	2	0	5	2	1	0	1	3	0	0	0
chr14	18916460	18917278	819	9	0	819	358	461	30	18	29	8	22	43	63	18	23	17	33	12	10	13	15	4	33	24	7	26	55	42	11	34	41	41	5	55	17	36	7	25
chr14	18917279	18917598	320	9	0	320	161	159	26	7	9	8	9	7	18	10	9	6	19	9	5	4	8	5	9	7	1	7	17	13	2	17	9	19	2	12	9	10	7	18
chr14	18917610	18918611	1002	9	0	1002	560	442	91	28	52	30	41	39	42	29	41	24	38	19	27	20	15	22	46	32	5	28	42	36	6	39	30	23	4	29	34	32	5	51
chr14	18918613	18918641	29	9	0	29	16	13	3	1	1	0	1	1	0	1	1	0	0	2	0	1	2	1	1	1	0	1	2	3	0	1	0	0	0	0	0	1	0	2
chr14	18918643	18919652	1010	9	0	1010	500	510	112	23	53	11	26	31	23	22	53	11	63	19	8	14	18	12	17	36	6	20	46	101	10	66	24	15	6	15	15	72	4	56
chr14	18919654	18919721	68	9	0	68	25	43	2	2	2	0	3	5	3	0	1	2	3	0	0	1	1	0	3	4	2	1	2	0	5	2	5	2	5	4	1	2	2	1
chr14	18919723	18920541	819	9	0	819	368	451	20	22	25	13	18	29	54	23	27	16	39	18	14	15	15	18	16	36	10	20	43	39	19	43	39	35	14	36	26	34	7	34
chr14	18920545	18921845	1301	9	0	1301	520	781	18	29	30	18	37	83	95	22	26	21	47	15	14	18	31	15	37	60	8	46	93	114	16	71	83	73	13	57	25	48	7	29
chr14	18921846	18922881	1036	9	0	1036	611	425	89	29	48	51	38	30	38	40	47	20	29	22	43	25	25	37	37	28	2	37	31	37	8	42	37	22	4	21	41	31	5	40
chr14	18922887	18922935	49	9	0	49	29	20	11	2	1	0	3	2	3	0	1	1	4	0	0	0	0	0	2	0	0	3	2	1	0	1	1	2	0	1	2	1	0	3
chr14	18922937	18925163	2227	9	0	2227	1325	902	179	78	95	98	79	63	86	84	86	41	81	54	105	55	58	82	92	68	11	66	79	51	12	87	55	51	8	60	86	59	9	107
chr14	18925164	18928156	2993	9	0	2993	1967	1026	300	93	102	217	121	83	80	112	109	53	72	88	182	79	98	177	123	60	19	106	84	44	15	77	77	34	9	56	112	82	13	114
chr14	18928159	18928626	468	9	0	468	308	160	62	13	17	28	17	15	15	20	19	3	6	12	21	16	15	28	17	9	1	20	22	12	0	4	15	7	0	12	13	9	1	17
chr14	18928628	18930347	1720	9	0	1720	960	760	146	53	73	67	80	50	76	52	65	27	64	40	49	34	35	47	56	49	9	50	93	59	10	62	49	56	7	64	60	60	4	72
chr14	18930349	18930832	484	9	0	484	273	211	49	18	17	17	24	13	23	15	17	12	14	10	12	11	11	8	21	13	3	18	17	18	2	22	18	9	4	13	19	19	3	12
chr14	18930834	18930869	36	9	0	36	19	17	2	1	1	1	0	0	1	7	1	0	0	0	2	0	0	2	1	0	0	0	4	0	0	1	3	5	0	1	0	0	0	1
chr14	18930871	18931143	273	9	0	273	140	133	11	5	12	8	14	15	16	8	8	4	10	9	3	5	8	3	10	5	1	12	15	2	0	14	15	17	1	9	13	7	0	11
chr14	18931159	18934598	3440	9	0	3440	2058	1382	277	132	128	141	137	123	139	154	145	59	101	102	119	84	86	129	176	93	19	110	136	63	10	114	109	51	9	85	132	116	14	145
chr14	18934600	18934637	38	9	0	38	26	12	3	3	2	1	1	1	0	1	1	0	0	0	5	3	4	0	2	1	0	4	0	0	0	1	1	0	0	1	0	1	0	0
chr14	18934639	18935823	1185	9	0	1185	702	483	103	48	64	39	61	35	49	41	51	27	42	33	38	18	17	35	54	32	2	40	43	28	0	45	36	16	2	32	53	40	4	55
chr14	18935824	18938353	2530	9	0	2530	1614	916	263	109	116	140	119	57	83	72	91	51	52	59	156	64	81	99	113	57	14	97	60	48	19	71	74	42	9	59	84	51	12	106
chr14	18938355	18943119	4765	9	0	4765	3056	1709	501	193	216	268	207	114	168	166	212	87	118	115	257	110	112	211	221	108	15	160	150	75	13	160	105	69	1	99	178	146	13	195
chr14	18943120	18944093	974	9	0	974	560	414	81	45	37	30	43	43	39	35	47	22	17	23	22	25	26	24	60	35	12	28	42	34	2	35	22	12	2	20	36	33	4	36
chr14	18944095	18944112	18	9	0	18	5	13	0	0	0	0	0	1	0	0	0	1	0	0	0	1	1	0	0	2	1	0	1	3	2	0	1	0	1	0	0	0	0	1
chr14	18944114	18947238	3125	9	0	3125	1935	1190	238	117	114	178	131	96	128	136	126	62	72	81	152	94	79	131	149	63	26	131	107	53	14	72	95	55	11	71	140	76	7	118
chr14	18947240	18947324	85	9	0	85	45	40	9	2	0	4	2	4	2	1	2	3	3	0	2	2	5	3	2	3	2	4	5	2	1	2	2	5	2	1	1	1	3	3
chr14	18947326	18947677	352	9	0	352	241	111	37	12	16	26	15	10	6	14	14	3	8	11	25	10	6	27	16	2	3	15	8	3	4	4	6	7	1	6	15	7	2	11
chr14	18947679	18947746	68	9	0	68	50	18	11	2	1	6	3	0	0	5	3	1	0	3	3	2	3	6	2	0	1	2	2	1	0	0	1	0	0	1	3	2	1	1
chr14	18947748	18948669	922	9	0	922	613	309	109	35	39	53	40	20	30	40	42	17	20	28	45	25	25	45	49	20	4	24	24	8	3	18	20	11	1	19	37	14	2	53
chr14	18948671	18948690	20	9	0	20	6	14	0	0	0	0	0	4	0	0	0	0	1	0	0	0	0	0	1	2	1	0	1	1	1	1	1	2	0	1	1	0	0	0
chr14	18948692	18949205	514	9	0	514	310	204	33	12	17	39	23	14	21	19	20	10	18	14	23	13	10	22	12	15	5	17	24	8	3	14	19	12	3	10	22	14	1	25
chr14	18949207	18949254	48	9	0	48	34	14	3	4	2	2	2	2	2	0	3	0	0	2	4	0	3	3	3	1	0	2	0	0	0	1	0	0	0	2	3	0	0	2
chr14	18949256	18949579	324	9	0	324	223	101	40	8	14	22	14	6	10	17	14	6	6	5	17	16	5	22	16	6	0	14	9	2	0	6	9	2	0	5	13	8	0	10
chr14	18949581	18949660	80	9	0	80	54	26	6	5	2	4	0	4	2	7	4	2	0	1	7	2	1	6	7	1	1	3	2	1	1	0	1	0	0	1	4	2	0	1
chr14	18949662	18950314	653	9	0	653	404	249	59	23	26	40	28	28	12	22	25	4	21	18	36	17	17	28	25	16	4	27	25	18	3	21	18	7	5	10	22	26	2	18
chr14	18950317	18950377	61	9	0	61	49	12	1	0	1	6	0	5	0	0	1	0	1	3	6	2	1	21	6	0	0	1	0	0	0	0	0	0	0	0	0	0	2	2
chr14	18950382	18950494	113	9	0	113	70	43	7	3	4	5	4	4	6	7	5	1	1	4	3	5	2	7	7	2	1	3	4	2	0	1	6	2	1	3	4	1	0	6
chr14	18950496	18950558	63	9	0	63	41	22	6	3	3	6	1	1	2	1	5	0	0	1	6	3	3	0	0	1	1	4	4	1	1	0	1	0	0	1	0	3	0	3
chr14	18950560	18950794	235	9	0	235	149	86	31	8	5	14	9	10	5	19	9	0	3	7	9	7	4	8	10	8	0	8	14	6	1	3	7	6	1	2	11	4	0	4
chr14	18950796	18950830	35	9	0	35	22	13	1	0	3	4	3	0	0	1	2	1	0	1	2	0	1	2	0	0	0	1	1	2	0	2	0	1	0	1	2	2	0	0
chr14	18950832	18951310	479	9	0	479	300	179	51	22	26	22	30	12	17	15	24	12	7	12	17	7	7	17	24	15	1	13	25	12	0	8	12	6	0	8	13	12	1	29
chr14	18951312	18951337	26	9	0	26	20	6	3	0	1	2	0	0	1	0	0	1	0	0	3	2	0	5	1	1	0	1	1	0	0	1	0	0	0	0	0	1	0	0
chr14	18951339	18951701	363	9	0	363	236	127	39	13	17	20	18	7	11	17	19	3	6	11	12	11	13	18	17	8	1	8	12	1	0	10	10	8	1	11	14	6	2	17
chr14	18951720	18951832	113	9	0	113	76	37	9	1	3	13	9	2	5	2	5	0	1	9	3	5	2	5	5	2	1	0	2	2	0	2	4	0	0	4	7	2	1	5
chr14	18951843	18951914	72	9	0	72	44	28	6	1	2	3	5	1	2	3	1	4	4	2	1	2	3	2	4	1	0	3	1	0	0	4	1	0	0	3	5	4	0	2
chr14	18951916	18952117	202	9	0	202	118	84	13	7	7	10	7	6	10	8	10	2	7	6	8	4	4	8	8	6	0	5	10	6	1	6	5	6	0	5	8	5	1	11
chr14	18952121	18953590	1470	9	0	1470	774	696	116	44	62	44	51	46	72	51	63	25	53	33	35	22	27	28	55	33	9	40	70	57	20	62	48	56	14	58	48	63	9	54
chr14	18953603	18954164	562	9	0	562	345	217	67	18	18	26	30	21	20	23	17	8	21	18	14	14	13	15	25	11	3	22	18	5	2	19	18	17	1	12	34	11	0	19
chr14	18954172	18955266	1095	9	0	1095	686	409	81	35	37	64	45	32	42	54	49	14	30	33	42	39	19	69	53	24	4	38	41	16	4	28	35	12	5	22	44	37	5	40
chr14	18955267	18956159	893	9	0	893	542	351	85	34	39	33	40	28	20	44	37	18	37	23	29	18	25	30	46	21	3	28	28	22	7	21	25	9	5	21	33	26	5	51
chr14	18956161	18956216	56	9	0	56	37	19	8	2	3	4	5	0	1	1	1	2	1	2	3	1	0	1	2	3	0	0	2	2	0	2	1	1	0	0	3	0	0	3
chr14	18956218	18957073	856	9	0	856	493	363	71	31	32	32	36	30	37	29	41	21	23	19	17	18	35	20	38	28	4	29	38	23	2	30	25	17	0	24	31	25	4	44
chr14	18957075	18958617	1543	9	0	1543	906	637	112	65	62	55	64	66	63	53	73	31	37	41	45	41	43	55	88	45	16	54	58	33	6	49	44	22	9	29	55	46	9	72
chr14	18958618	18958916	299	9	0	299	169	130	22	6	16	8	9	21	9	11	10	9	6	10	12	7	6	5	19	6	2	16	12	8	3	7	7	2	5	8	12	14	2	7
chr14	18958918	18958954	37	9	0	37	19	18	2	1	1	1	1	2	2	0	2	0	3	1	0	1	1	0	2	1	0	1	2	0	0	2	0	1	0	2	2	2	0	2
chr14	18958956	18959118	163	9	0	163	82	81	2	3	6	5	4	7	8	4	7	3	4	5	3	6	8	6	5	6	3	4	4	8	2	7	5	5	2	10	9	2	3	5
chr14	18959120	18959159	40	9	0	40	22	18	0	1	1	2	1	3	0	1	3	0	3	2	1	0	2	1	0	0	3	1	1	0	0	1	2	0	0	1	2	2	1	3
chr14	18959161	18960285	1125	9	0	1125	646	479	80	47	48	38	53	44	48	40	53	25	33	26	27	28	23	32	66	33	6	39	50	29	4	42	29	16	4	23	41	46	2	48
chr14	18960287	18962709	2423	9	0	2423	1430	993	212	98	100	91	111	86	106	100	115	59	54	56	63	49	71	57	140	61	17	74	91	44	9	71	76	49	8	69	96	61	10	117
chr14	18962710	18963045	336	9	0	336	152	184	16	9	10	6	17	22	18	9	7	9	14	6	1	4	2	1	17	13	6	8	26	18	3	12	14	18	1	11	9	11	2	14
chr14	18963047	18963065	19	9	0	19	8	11	0	1	0	0	0	1	0	1	1	1	1	1	0	0	0	0	0	1	1	0	1	3	0	0	0	0	0	0	2	0	1	1
chr14	18963067	18963338	272	9	0	272	114	158	8	3	7	5	7	15	27	6	5	9	11	2	3	2	2	1	13	10	0	6	19	17	0	20	15	18	0	11	7	11	0	10
chr14	18963354	18963419	66	9	0	66	37	29	5	0	4	1	3	15	2	2	2	2	0	0	0	0	0	0	16	0	0	0	0	0	0	0	5	0	0	3	1	0	0	3
chr14	18963420	18963695	276	9	0	276	133	143	8	6	7	5	5	8	21	11	10	12	12	8	3	2	4	9	9	6	3	11	10	11	5	14	12	11	2	7	14	12	4	12
chr14	18963696	18965557	1862	9	0	1862	917	945	69	40	64	55	62	77	115	63	52	39	72	44	44	46	34	40	75	67	11	49	113	93	8	101	67	80	3	70	62	76	4	65
chr14	18965559	18966126	568	9	0	568	235	333	24	5	19	6	19	31	46	12	10	9	29	11	2	4	3	3	16	20	4	9	40	32	3	37	39	37	4	32	13	23	5	19
chr14	18966127	18966743	617	9	0	617	292	325	25	17	17	14	13	40	33	26	20	11	20	7	16	9	8	15	32	16	15	14	26	23	14	23	35	25	15	28	19	22	4	13
chr14	18966744	18966881	138	9	0	138	30	108	0	1	3	0	3	17	2	2	0	0	0	0	1	1	0	0	1	0	17	1	3	0	10	0	20	13	37	4	0	0	0	0
chr14	18966896	18967018	123	9	0	123	48	75	1	5	4	2	5	5	7	6	0	0	0	0	6	4	0	2	2	1	11	1	8	0	3	2	13	11	14	8	0	0	0	0
chr14	18967020	18967076	57	9	0	57	22	35	0	2	1	0	1	5	4	2	0	0	1	0	2	3	1	0	4	0	4	2	2	0	2	1	6	5	3	3	0	0	1	0
chr14	18967098	18967113	16	9	0	16	7	9	1	0	3	0	3	0	0	0	0	0	0	0	0	0	0	0	0	0	0	0	2	0	0	0	1	2	0	2	0	0	0	0
chr14	18967127	18967173	47	9	0	47	27	20	4	2	2	1	1	1	2	1	3	4	0	1	1	1	1	1	2	0	4	2	1	0	0	2	0	0	0	0	2	4	0	2
chr14	18967176	18968467	1292	9	0	1292	612	680	59	35	51	29	42	53	67	34	44	27	49	30	29	19	19	25	38	44	18	34	75	87	18	49	49	51	16	49	34	47	16	53
chr14	18968470	18968793	324	9	0	324	156	168	18	5	8	10	6	15	18	7	11	4	17	13	5	6	7	4	7	9	6	8	17	11	7	14	8	14	6	16	15	15	3	12
chr14	18968795	18968822	28	9	0	28	11	17	0	0	1	0	1	0	2	0	0	3	4	0	0	0	0	0	1	0	1	1	1	1	1	1	1	0	0	1	0	2	0	4
chr14	18968824	18969305	482	9	0	482	357	125	83	14	16	36	16	11	11	21	17	5	5	11	32	14	15	48	29	3	2	10	8	0	1	4	10	3	2	15	12	7	1	18
chr14	18969308	18969317	10	9	0	10	9	1	0	0	0	0	0	0	0	1	0	0	0	0	0	0	0	7	0	0	0	0	0	0	0	0	0	0	0	0	0	0	0	0
chr14	18969320	18969354	35	9	0	35	31	4	0	0	0	0	0	0	0	2	0	0	0	0	0	4	0	23	2	0	2	0	0	0	0	0	0	0	0	0	0	0	0	0
chr14	18969355	18969379	25	9	0	25	23	2	0	0	0	0	0	1	0	0	0	0	0	0	0	1	0	20	1	0	0	0	0	0	0	0	0	0	0	0	0	0	0	0
chr14	18969381	18970513	1133	9	0	1133	655	478	90	30	40	47	37	43	52	43	42	13	37	27	39	31	35	47	38	31	6	43	48	17	5	45	48	37	6	35	41	30	7	41
chr14	18970515	18970834	320	9	0	320	218	102	31	15	13	22	11	8	12	12	22	1	5	11	16	9	10	19	19	4	1	9	4	5	0	7	8	1	0	5	12	6	1	19
chr14	18970836	18970863	28	9	0	28	24	4	4	0	0	3	1	0	0	0	0	0	0	2	2	2	2	6	2	0	0	0	0	0	0	0	0	0	0	0	0	0	0	2
chr14	18970865	18972686	1822	9	0	1822	1187	635	159	65	69	127	70	38	54	86	76	21	47	44	115	58	52	105	88	32	8	55	49	36	7	49	38	29	4	51	72	44	5	67
chr14	18972688	18972697	10	9	0	10	7	3	0	0	0	1	0	1	0	1	0	0	0	1	1	0	0	1	2	0	0	0	0	0	0	0	0	0	0	0	0	0	0	0
chr14	18972699	18975095	2397	9	0	2397	1490	907	225	77	90	140	102	60	89	77	99	38	88	66	106	62	71	99	93	53	8	83	76	39	8	85	56	46	4	64	103	70	12	106
chr14	18975108	18975439	332	9	0	332	215	117	25	10	17	21	12	8	17	11	13	9	10	7	23	9	7	14	13	5	0	18	10	1	0	7	9	5	0	10	16	7	0	16
chr14	18975449	18976185	737	9	0	737	489	248	82	29	36	45	30	20	19	28	34	3	19	17	45	23	16	42	30	13	4	28	21	12	1	16	24	6	3	17	22	19	2	29
chr14	18976187	18976220	34	9	0	34	23	11	1	0	1	2	1	1	1	2	0	2	1	2	2	0	1	4	0	0	0	3	1	0	0	0	1	0	0	1	3	1	0	1
chr14	18976225	18976790	566	9	0	566	394	172	63	25	30	38	21	10	13	22	24	7	5	17	47	17	15	39	23	8	4	24	12	10	2	11	8	3	1	12	23	14	1	15
chr14	18976795	18976839	45	9	0	45	30	15	6	1	3	2	1	3	1	0	2	0	1	2	3	1	2	2	2	0	0	2	1	0	0	1	0	1	0	1	2	0	0	3
chr14	18976841	18976922	82	9	0	82	55	27	6	4	4	4	4	4	0	3	4	2	0	0	6	2	3	7	4	4	2	2	3	1	0	3	1	0	0	1	3	2	0	1
chr14	18976936	18977074	139	9	0	139	91	48	6	3	9	10	4	5	5	8	6	1	1	3	12	3	4	9	4	1	0	7	3	0	0	3	10	3	0	5	6	2	0	4
chr14	18977085	18977277	193	9	0	193	127	66	21	3	11	12	5	4	7	5	8	3	2	8	12	4	9	11	5	3	0	6	3	8	0	5	4	2	0	8	9	3	0	10
chr14	18977282	18977316	35	9	0	35	21	14	4	1	3	1	3	1	0	0	2	1	0	0	1	2	0	1	1	3	0	0	2	1	0	3	0	0	0	0	1	2	0	0
chr14	18977318	18981795	4478	9	0	4478	2784	1694	326	145	198	242	189	112	159	195	184	96	119	137	212	112	147	209	194	94	17	160	133	73	19	124	138	72	10	124	190	110	20	216
chr14	18981797	18981832	36	9	0	36	25	11	3	1	3	1	1	0	0	2	1	1	0	1	3	1	3	2	0	0	0	3	0	0	0	1	1	1	0	2	2	0	0	1
chr14	18981834	18982751	918	9	0	918	548	370	65	33	38	45	39	19	37	37	38	17	25	18	39	26	33	38	40	21	4	30	35	24	2	35	27	18	1	34	29	33	1	35
chr14	18982753	18985525	2773	9	0	2773	1725	1048	258	72	111	167	96	76	113	121	117	59	84	75	137	68	62	107	122	48	15	90	86	50	10	82	77	51	8	74	121	79	11	124
chr14	18985526	18985868	343	9	0	343	185	158	31	3	10	13	9	11	14	11	7	6	19	14	11	7	12	6	4	12	1	9	14	14	5	14	9	14	1	14	18	7	3	18
chr14	18985870	18985929	60	9	0	60	40	20	24	0	1	0	2	2	4	0	0	3	3	0	0	0	0	0	3	1	0	1	2	1	0	1	1	1	0	2	2	1	0	3
chr14	18985931	18985986	56	9	0	56	47	9	8	1	3	10	2	0	1	0	3	0	0	1	10	1	1	4	1	1	0	0	0	0	0	1	1	0	0	1	1	0	0	3
chr14	18985995	18986333	339	9	0	339	242	97	30	13	14	33	14	5	10	14	16	3	4	13	31	6	9	26	12	4	0	11	8	3	0	6	5	4	0	7	18	5	0	13
chr14	18986352	18986721	370	9	0	370	248	122	28	14	10	32	15	10	16	10	15	7	6	13	26	8	13	23	19	8	0	12	8	4	1	11	12	3	0	3	12	9	1	19
chr14	18986723	18986744	22	9	0	22	13	9	3	0	2	0	0	3	2	0	1	0	0	0	0	0	0	0	1	0	0	3	0	0	0	0	3	0	0	1	1	0	0	0
chr14	18986746	18987018	273	9	0	273	182	91	29	16	12	18	10	9	4	11	11	2	5	7	25	4	12	6	11	8	0	12	6	4	2	6	4	4	1	7	13	3	1	8
chr14	18987019	18987424	406	9	0	406	294	112	49	13	17	38	15	8	7	18	17	4	7	12	37	14	11	26	18	6	3	12	5	3	0	8	11	1	1	3	14	7	0	19
chr14	18987436	18991151	3716	9	0	3716	2361	1355	338	99	139	237	132	116	136	161	154	65	103	104	188	98	93	196	166	71	15	126	117	60	7	117	89	68	3	90	173	102	13	138
chr14	18991153	18995121	3969	9	0	3969	2491	1478	340	123	142	233	142	110	146	161	172	75	122	126	184	101	105	208	172	80	29	129	128	62	18	114	79	74	12	85	180	107	21	187
chr14	18995123	18995158	36	9	0	36	25	11	4	3	1	2	3	0	1	1	1	0	1	2	2	1	1	1	1	2	0	1	1	0	0	1	0	0	0	0	2	0	0	2
chr14	18995160	18996194	1035	9	0	1035	661	374	96	35	41	58	48	28	35	43	49	19	23	28	38	34	31	53	47	28	5	36	36	8	2	31	23	17	2	20	49	24	3	43
chr14	18996204	18999463	3260	9	0	3260	2009	1251	260	93	122	169	104	93	108	154	134	59	93	114	146	80	89	191	126	69	25	105	107	76	22	98	83	65	12	62	143	93	17	146
chr14	18999465	18999483	19	9	0	19	7	12	0	0	0	0	0	2	0	2	1	0	1	0	0	0	0	0	0	2	0	0	3	0	1	0	0	2	0	1	1	0	1	0
chr14	18999485	19001690	2206	9	0	2206	1143	1063	125	58	93	74	84	66	124	75	89	59	86	47	52	44	44	22	91	53	19	64	107	78	17	88	68	84	18	94	83	76	20	102
chr14	19001692	19001736	45	9	0	45	24	21	0	3	2	2	4	3	2	1	1	0	1	2	1	0	0	1	3	1	0	1	4	0	0	1	2	3	0	1	1	1	0	2
chr14	19001738	19002101	364	9	0	364	174	190	9	6	16	7	13	11	27	5	13	8	16	11	3	9	9	11	7	9	3	15	19	17	1	19	16	14	0	20	14	18	2	14
chr14	19002102	19002127	26	9	0	26	15	11	1	1	2	1	2	0	0	2	1	0	1	2	0	0	0	0	1	0	0	0	3	1	0	0	0	1	0	1	0	2	0	2
chr14	19002128	19004131	2004	9	0	2004	1113	891	155	46	88	73	74	80	107	71	66	41	76	54	68	37	33	42	80	53	12	59	91	55	5	75	88	48	5	83	73	70	6	88
chr14	19004133	19004203	71	9	0	71	58	13	30	4	2	2	5	4	0	1	2	0	0	0	2	0	0	4	8	0	0	0	1	0	0	0	0	1	0	1	1	0	0	1
chr14	19004205	19004255	51	9	0	51	35	16	13	9	1	0	11	0	0	0	0	0	0	0	0	0	0	0	9	0	0	0	1	2	0	1	1	1	0	0	0	0	0	0
chr14	19004271	19008222	3952	9	0	3952	2104	1848	238	117	173	116	171	159	202	152	125	71	115	82	109	82	83	108	165	112	32	120	211	91	29	156	183	177	24	154	124	107	19	143
chr14	19008224	19008291	68	9	0	68	29	39	2	1	3	1	2	3	6	1	2	3	1	1	1	0	0	1	2	2	0	3	3	3	1	5	6	4	0	2	1	4	1	1
chr14	19008293	19008503	211	9	0	211	90	121	5	3	7	2	9	9	16	5	2	4	12	1	1	7	6	0	9	8	2	4	15	4	2	14	11	18	2	11	4	5	0	11
chr14	19008510	19009326	817	9	0	817	347	470	17	13	38	7	34	31	57	26	14	18	37	7	10	17	17	4	23	28	8	20	47	26	11	53	60	58	8	51	18	25	7	25
chr14	19009328	19009372	45	9	0	45	17	28	1	1	2	0	3	3	3	0	0	0	2	0	0	0	2	0	0	3	0	1	2	1	0	4	6	3	2	2	0	0	0	2
chr14	19009374	19009507	134	9	0	134	57	77	3	1	6	1	1	9	8	4	3	1	7	4	4	1	2	1	3	7	0	3	10	6	1	10	6	9	1	6	3	5	2	4
chr14	19009530	19009586	57	9	0	57	24	33	1	0	1	2	2	4	4	0	0	2	2	0	1	3	2	0	2	5	1	1	3	0	2	3	3	2	1	4	1	2	0	1
chr14	19009588	19009616	29	9	0	29	13	16	1	0	3	0	4	0	1	0	0	1	2	0	0	0	0	0	1	0	0	0	1	1	0	1	2	2	0	4	1	1	0	1
chr14	19009618	19009673	56	9	0	56	32	24	4	3	2	1	5	3	1	4	2	0	2	0	0	0	1	3	3	0	0	3	3	0	0	1	6	2	0	1	1	2	0	1
chr14	19009678	19009695	18	9	0	18	9	9	0	1	2	0	0	0	2	0	2	0	1	0	0	0	0	0	0	1	0	0	0	0	0	2	1	0	0	1	1	1	0	1
chr14	19009697	19010052	356	9	0	356	157	199	7	3	18	3	12	18	26	11	6	8	11	6	6	8	7	6	13	13	0	10	26	14	1	26	23	27	0	14	5	13	1	12
chr14	19010053	19010081	29	9	0	29	13	16	0	2	0	0	1	1	2	2	0	2	0	0	1	0	1	0	1	2	1	2	4	0	1	0	0	2	0	0	1	0	0	1
chr14	19010083	19010748	666	9	0	666	286	380	13	10	33	7	30	31	48	19	15	12	27	9	5	11	13	3	24	20	6	13	41	19	6	40	47	47	6	46	15	20	6	22
chr14	19010750	19010780	31	9	0	31	13	18	3	1	3	0	4	0	1	0	0	0	1	0	0	0	0	0	0	1	0	0	3	0	0	1	1	5	0	4	1	0	0	0
chr14	19010782	19010990	209	9	0	209	95	114	7	5	11	3	11	7	13	6	6	4	9	0	1	6	2	3	5	5	5	7	10	5	3	11	18	12	1	12	4	7	3	5
chr14	19011007	19011102	96	9	0	96	40	56	3	0	4	2	3	5	8	2	1	3	4	0	2	1	1	0	5	0	1	3	5	3	1	5	6	9	2	7	2	2	2	2
chr14	19011103	19011696	594	9	0	594	257	337	14	11	30	6	28	27	37	16	12	11	24	7	7	8	10	9	17	27	1	12	40	21	8	39	40	40	6	30	11	20	3	20
chr14	19011698	19011737	40	9	0	40	16	24	0	1	1	0	1	5	3	0	0	1	2	0	1	0	1	0	4	1	0	2	1	0	1	2	4	1	0	3	0	2	1	0
chr14	19011742	19011903	162	9	0	162	73	89	4	2	6	3	4	11	11	6	3	2	6	3	4	3	5	0	4	10	0	4	13	3	0	11	11	11	0	6	4	4	0	6
chr14	19011917	19012574	658	9	0	658	283	375	13	10	33	7	31	28	47	21	15	12	24	9	5	11	13	3	23	17	6	15	41	18	8	38	47	50	6	45	16	19	6	19
chr14	19012576	19012611	36	9	0	36	21	15	2	2	0	1	1	1	1	2	1	0	2	0	0	1	2	3	2	0	1	1	2	0	0	0	2	1	0	3	0	1	1	1
chr14	19012613	19012670	58	9	0	58	21	37	1	0	1	0	1	3	6	3	0	1	4	1	0	0	0	0	1	1	0	2	3	3	0	6	6	5	0	3	2	3	0	0
chr14	19012672	19012745	74	9	0	74	35	39	1	2	4	0	3	5	4	1	2	3	4	2	1	1	0	1	3	3	3	2	3	1	0	6	2	3	0	1	4	3	1	3
chr14	19012747	19012853	107	9	0	107	47	60	3	2	4	4	4	6	9	0	3	2	3	1	2	0	1	1	4	1	1	4	8	4	1	6	6	11	1	4	1	3	1	4
chr14	19012855	19012874	20	9	0	20	6	14	0	0	0	0	0	1	1	2	0	0	1	0	0	0	0	0	0	0	1	0	1	0	0	2	3	2	3	0	1	0	0	0
chr14	19012876	19013481	606	9	0	606	276	330	17	12	27	8	25	23	42	21	12	11	31	10	10	9	12	5	13	23	3	16	44	10	3	35	37	38	3	40	18	22	3	21
chr14	19013483	19013524	42	9	0	42	15	27	0	1	2	0	2	1	2	0	1	1	1	0	0	1	3	0	0	3	0	1	1	3	2	2	4	3	1	2	0	0	1	2
chr14	19013526	19013896	371	9	0	371	156	215	8	6	18	2	14	13	26	11	6	5	16	5	6	9	9	2	9	15	1	8	24	13	5	24	23	28	6	25	8	10	2	12
chr14	19013898	19013944	47	9	0	47	23	24	1	2	1	1	4	3	2	3	0	2	2	0	0	1	1	0	5	0	0	2	1	0	0	2	5	2	0	1	1	2	0	1
chr14	19013949	19014175	227	9	0	227	102	125	9	3	14	4	10	6	14	6	6	7	8	1	5	5	1	1	6	6	3	6	14	6	2	16	14	16	4	10	3	10	3	6
chr14	19014176	19014471	296	9	0	296	123	173	4	2	12	3	7	18	17	10	5	5	13	5	5	6	7	2	8	13	2	8	19	9	7	17	17	20	6	19	8	10	3	7
chr14	19014477	19014945	469	9	0	469	211	258	12	11	25	5	25	21	31	14	11	8	16	5	5	6	6	8	18	16	0	12	32	16	4	30	33	33	1	23	8	17	1	14
chr14	19014947	19014986	40	9	0	40	22	18	0	3	1	0	1	0	2	2	2	1	1	2	0	3	2	0	2	3	0	2	1	1	1	2	0	0	0	0	2	1	1	2
chr14	19014988	19015551	564	9	0	564	250	314	11	14	25	7	28	24	42	19	13	8	27	10	5	8	5	4	18	19	3	13	43	10	3	33	37	39	4	32	15	21	2	20
chr14	19015553	19015571	19	9	0	19	7	12	0	0	2	0	1	0	0	0	0	0	0	0	0	1	1	0	0	1	0	0	2	2	0	3	0	4	0	0	0	0	0	0
chr14	19015573	19016365	793	9	0	793	351	442	17	17	37	6	35	37	56	21	16	15	34	8	10	11	20	9	26	29	5	20	50	28	5	44	52	51	4	55	21	19	4	29
chr14	19016367	19016407	41	9	0	41	19	22	2	0	1	1	1	0	3	2	1	0	3	0	0	0	1	3	0	0	0	0	4	2	0	2	1	3	0	4	0	3	0	2
chr14	19016409	19016610	202	9	0	202	91	111	5	3	9	2	8	10	13	9	5	13	5	1	1	4	1	2	9	8	4	8	16	8	1	9	7	10	2	3	7	8	1	8
chr14	19016612	19016639	28	9	0	28	11	17	0	0	0	0	0	0	3	2	0	4	2	0	0	0	0	0	1	1	0	1	0	1	1	0	2	0	0	2	2	1	1	2
chr14	19016641	19016781	141	9	0	141	57	84	2	4	8	0	5	8	12	4	3	0	5	2	4	0	0	0	4	7	0	1	12	5	0	11	10	12	0	10	2	5	0	3
chr14	19016783	19016792	10	9	0	10	3	7	0	0	0	0	0	1	1	0	0	0	0	0	0	0	0	0	0	0	0	0	2	0	0	0	1	2	0	1	0	0	0	0
chr14	19016800	19016851	52	9	0	52	24	28	3	0	2	0	1	2	5	2	1	0	3	2	0	1	1	0	1	0	0	2	2	0	0	3	5	3	0	5	2	2	0	2
chr14	19016853	19017097	245	9	0	245	152	93	25	6	13	11	12	4	9	11	5	9	8	7	15	4	4	7	13	4	0	6	9	7	0	7	9	4	0	5	5	8	0	16
chr14	19017115	19017620	506	9	0	506	322	184	53	13	24	32	24	15	11	23	18	8	8	17	27	13	14	22	22	9	5	12	21	6	1	15	13	13	1	13	17	15	2	17
chr14	19017623	19017721	99	9	0	99	66	33	26	2	2	2	5	2	4	3	1	2	4	6	1	1	1	3	4	2	0	1	3	1	0	2	2	2	0	2	5	1	2	5
chr14	19017729	19018272	544	9	0	544	379	165	58	19	30	37	28	7	9	26	20	5	13	18	37	18	14	39	23	5	1	20	9	6	1	7	13	10	1	12	25	2	3	26
chr14	19018273	19018297	25	9	0	25	19	6	0	2	0	2	1	0	1	0	1	0	1	1	3	0	1	4	1	0	0	1	0	0	0	1	0	0	0	0	1	1	0	1
chr14	19018298	19018392	95	9	0	95	74	21	21	5	5	5	3	1	1	3	4	0	1	3	7	3	1	9	6	0	0	3	2	0	0	2	0	0	0	0	1	4	0	3
chr14	19018394	19018859	466	9	0	466	316	150	53	8	19	44	24	10	13	15	21	8	7	12	27	11	11	31	14	8	2	13	13	4	1	15	20	8	0	4	16	13	1	18
chr14	19018871	19019606	736	9	0	736	454	282	57	28	24	46	29	29	28	28	25	11	21	20	43	13	18	32	36	18	7	20	27	17	1	21	21	17	0	20	31	14	2	30
chr14	19019608	19019649	42	9	0	42	19	23	2	1	0	0	2	2	3	1	0	1	4	1	0	0	0	0	1	1	0	2	3	2	0	2	3	2	0	1	2	2	0	2
chr14	19019650	19019705	56	9	0	56	48	8	13	2	3	8	1	0	1	1	3	0	0	0	8	0	0	6	1	0	0	1	1	0	0	0	0	0	0	2	1	1	0	1
chr14	19019707	19019772	66	9	0	66	49	17	8	2	1	7	3	1	0	6	5	0	2	2	2	2	2	5	3	1	0	0	1	0	0	0	2	0	0	0	4	0	0	5
chr14	19019773	19019827	55	9	0	55	42	13	1	2	1	5	2	0	0	1	1	0	0	0	6	4	6	12	1	3	0	2	2	0	0	1	0	0	0	2	0	0	0	1
chr14	19019829	19019876	48	9	0	48	38	10	9	2	2	3	1	0	0	1	1	0	3	0	4	2	1	7	2	1	0	1	0	0	0	2	0	0	0	0	0	1	0	3
chr14	19019878	19020360	483	9	0	483	336	147	57	17	20	37	22	10	16	17	21	10	10	12	31	8	13	34	19	4	2	20	9	5	0	5	15	4	1	8	21	6	1	26
chr14	19020362	19020380	19	9	0	19	12	7	0	0	0	2	0	2	0	0	1	0	0	1	1	0	4	1	1	0	0	1	0	0	0	0	0	0	0	1	1	0	0	1
chr14	19020382	19020951	570	9	0	570	402	168	75	17	28	55	28	3	17	21	34	7	15	15	39	14	12	21	18	7	0	16	15	4	0	8	11	2	0	15	24	14	0	33
chr14	19020953	19020984	32	9	0	32	22	10	7	1	0	1	0	1	1	2	1	1	1	0	2	0	1	1	2	0	0	1	1	1	0	0	2	0	0	0	0	1	0	2
chr14	19020986	19021320	335	9	0	335	198	137	20	16	7	11	10	13	15	19	13	5	13	12	10	5	10	17	20	7	3	9	13	5	1	12	9	8	0	7	15	11	0	17
chr14	19021321	19021919	599	9	0	599	336	263	43	19	23	19	23	38	23	19	27	10	21	19	11	9	15	17	38	16	1	19	21	23	1	27	20	8	1	9	24	25	1	27
chr14	19021928	19022315	388	9	0	388	271	117	58	14	14	28	23	11	8	13	14	6	7	13	21	5	12	22	19	2	1	14	5	6	0	8	10	5	0	7	21	6	1	12
chr14	19022317	19022513	197	9	0	197	138	59	25	3	10	16	7	1	4	8	8	3	8	9	14	7	4	11	5	2	2	5	3	2	0	5	2	1	0	3	10	4	0	13
chr14	19022515	19022595	81	9	0	81	56	25	16	1	5	4	4	2	1	2	3	1	2	3	4	1	2	3	2	1	0	2	3	0	0	2	1	2	0	3	3	2	0	4
chr14	19022597	19022628	32	9	0	32	17	15	1	0	2	2	2	0	0	2	1	0	3	1	1	0	1	0	0	0	0	0	1	1	0	3	1	0	0	3	2	3	0	0
chr14	19022631	19022679	49	9	0	49	41	8	12	3	0	5	1	0	2	3	1	0	0	1	7	1	0	3	3	0	0	1	0	0	0	0	2	0	0	0	1	0	0	1
chr14	19022681	19022860	180	9	0	180	127	53	21	9	6	15	12	3	5	5	9	2	4	4	8	5	7	10	11	0	0	8	1	0	0	4	5	1	0	4	8	4	0	7
chr14	19022861	19022897	37	9	0	37	30	7	1	1	0	3	0	1	0	3	0	0	0	2	3	3	2	10	3	0	0	2	0	0	0	0	0	0	0	0	1	0	0	0
chr14	19022899	19023081	183	9	0	183	114	69	8	3	8	13	9	3	3	9	7	6	6	8	8	5	9	8	7	2	0	7	2	4	1	6	6	2	0	4	10	5	3	9
chr14	19023094	19023216	123	9	0	123	81	42	13	2	12	9	5	3	0	4	11	1	1	4	7	1	3	3	2	2	0	3	4	1	0	7	3	1	0	2	3	8	0	6
chr14	19023234	19023281	48	9	0	48	32	16	10	0	10	0	0	0	1	0	10	0	0	0	0	0	0	0	0	0	0	0	0	0	0	2	1	2	0	0	0	0	0	10
chr14	19023295	19023316	22	9	0	22	16	6	6	0	4	0	0	0	0	0	4	0	1	0	0	0	0	0	0	0	0	0	0	0	0	0	0	0	0	0	0	0	0	5
chr14	19023317	19023333	17	9	0	17	13	4	5	0	4	0	0	0	0	0	3	0	0	0	0	0	0	0	0	0	0	0	0	0	0	0	0	0	0	0	0	0	0	3
chr14	19023357	19023398	42	9	0	42	21	21	0	0	10	0	0	0	0	0	10	0	1	0	0	0	0	0	0	0	0	0	0	0	0	9	0	0	0	0	0	9	0	1
chr14	19023399	19023427	29	9	0	29	15	14	1	1	2	0	0	0	3	0	2	3	2	0	0	0	0	0	2	1	0	1	0	1	0	1	0	0	0	0	1	0	2	4
chr14	19023429	19023554	126	9	0	126	53	73	0	0	4	1	3	4	11	4	1	2	6	4	2	5	4	1	3	1	1	6	9	7	1	7	5	8	0	11	5	7	0	1
chr14	19023555	19025266	1712	9	0	1712	1132	580	168	47	69	134	67	42	49	62	72	30	40	39	112	47	44	109	85	21	12	48	39	33	11	39	32	27	9	42	64	41	3	73
chr14	19025268	19025292	25	9	0	25	12	13	0	0	0	0	0	3	1	3	0	2	0	0	0	0	1	1	3	0	1	2	2	0	0	0	1	1	0	0	1	1	0	0
chr14	19025293	19025318	26	9	0	26	16	10	1	0	0	1	0	3	1	2	1	1	1	1	0	0	0	2	5	0	0	0	1	0	0	0	0	0	0	0	1	1	0	2
chr14	19025321	19025410	90	9	0	90	42	48	0	0	0	0	0	17	4	4	0	8	2	2	0	1	2	1	17	4	2	3	5	2	1	2	0	0	0	0	3	4	1	3
chr14	19025411	19025470	60	9	0	60	30	30	0	1	0	0	0	12	2	7	1	3	0	1	0	0	0	2	12	2	0	2	4	0	1	0	1	1	0	0	3	2	1	0
chr14	19025472	19025514	43	9	0	43	19	24	0	0	0	0	0	9	3	2	0	2	1	0	0	0	0	0	8	1	0	3	4	0	0	1	2	2	0	0	1	2	0	0
chr14	19025520	19025682	163	9	0	163	81	82	3	1	1	1	2	30	10	9	1	8	2	4	0	3	1	4	29	8	1	4	12	0	1	1	6	2	0	1	4	4	0	8
chr14	19025697	19025805	109	9	0	109	54	55	4	1	3	3	3	10	4	4	3	4	3	2	2	1	2	3	8	3	2	4	8	4	1	1	2	6	1	3	3	1	4	4
chr14	19025806	19025929	124	9	0	124	53	71	10	2	1	1	2	7	8	0	2	2	11	2	1	1	1	1	2	1	4	5	4	5	4	4	6	7	5	6	5	5	1	6
chr14	19025931	19025978	48	9	0	48	24	24	0	2	3	0	2	3	2	0	2	1	0	0	1	3	3	0	4	1	0	4	2	2	1	1	1	2	1	2	0	1	0	2
chr14	19025980	19026038	59	9	0	59	24	35	1	1	1	0	1	2	2	1	1	3	3	5	0	0	2	0	0	4	2	0	2	2	2	4	1	2	1	2	3	3	3	3
chr14	19026040	19026061	22	9	0	22	9	13	1	1	2	0	3	1	0	0	0	0	1	0	0	0	0	0	1	0	0	1	2	1	0	2	0	3	0	0	0	1	0	0
chr14	19026063	19026193	131	9	0	131	56	75	5	1	6	3	4	8	6	4	5	4	5	1	1	1	2	0	4	3	4	3	11	4	0	8	3	10	6	3	4	5	0	5
chr14	19026207	19026625	419	9	0	419	189	230	27	5	11	11	8	12	26	14	11	12	18	9	9	3	6	6	11	11	2	8	19	21	13	26	18	23	13	14	12	24	2	12
chr14	19026627	19026684	58	9	0	58	21	37	1	1	1	0	1	5	3	2	1	2	2	2	0	0	0	0	4	2	0	2	5	4	2	3	1	3	2	0	1	6	0	0
chr14	19026689	19026773	85	9	0	85	35	50	1	3	5	1	4	3	6	0	5	4	2	1	0	0	0	0	2	4	2	2	5	4	3	3	3	2	1	6	3	6	0	2
chr14	19026775	19027105	331	9	0	331	109	222	5	3	11	1	7	10	25	7	7	6	12	8	1	3	2	0	2	10	4	6	24	19	13	20	17	33	23	17	7	15	4	7
chr14	19027107	19027248	142	9	0	142	60	82	14	1	8	1	3	2	6	2	4	5	7	2	2	0	1	1	1	6	0	1	6	8	5	11	5	9	7	4	1	7	4	6
chr14	19027250	19027262	13	9	0	13	10	3	1	0	0	1	0	0	0	2	2	0	0	0	0	0	0	2	0	0	0	0	1	0	0	0	0	0	0	0	1	1	0	0
chr14	19027267	19027325	59	9	0	59	44	15	5	3	3	6	1	0	1	3	2	2	0	2	9	0	2	3	1	2	0	2	3	0	0	1	0	0	0	0	1	2	0	3
chr14	19027327	19027469	143	9	0	143	85	58	15	5	7	7	9	3	3	7	4	4	2	2	5	1	8	2	6	4	0	3	6	3	0	6	7	5	0	5	3	3	0	6
chr14	19027470	19027499	30	9	0	30	23	7	11	2	1	1	0	1	0	1	2	0	1	0	1	0	1	0	0	0	0	2	1	0	0	0	0	0	0	0	1	1	0	1
chr14	19027501	19029356	1856	9	0	1856	1112	744	151	52	79	108	82	53	76	64	70	43	42	55	86	41	46	63	82	33	12	62	62	46	15	49	62	42	17	51	69	52	8	81
chr14	19029358	19029387	30	9	0	30	23	7	3	1	1	4	2	0	1	1	1	1	0	0	3	2	1	1	2	0	0	2	0	0	0	0	0	0	0	0	1	0	0	1
chr14	19029389	19030778	1390	9	0	1390	892	498	121	51	48	79	71	37	43	55	49	24	29	49	58	45	43	88	68	36	5	49	52	28	5	28	37	13	2	24	49	36	4	62
chr14	19030783	19031865	1083	9	0	1083	678	405	94	32	34	61	42	27	41	54	37	17	32	34	49	34	28	61	44	28	2	36	37	18	7	28	34	17	3	30	48	27	4	41
chr14	19031867	19031938	72	9	0	72	52	20	1	3	1	8	3	0	1	4	4	0	1	3	5	5	4	8	4	0	2	2	0	1	0	1	1	0	0	1	3	1	0	3
chr14	19031940	19032320	381	9	0	381	232	149	33	15	16	15	16	8	14	25	14	9	12	10	15	6	9	14	17	7	0	14	17	5	0	11	12	8	0	12	17	12	2	14
chr14	19032322	19032368	47	9	0	47	25	22	2	1	2	2	3	1	3	2	2	0	0	4	1	0	1	0	2	0	0	0	2	4	0	1	3	0	0	3	2	2	0	2
chr14	19032370	19037643	5274	9	0	5274	3359	1915	520	137	194	341	190	146	171	217	203	104	119	138	279	139	146	314	229	100	29	169	161	107	32	156	141	91	30	106	193	158	13	199
chr14	19037644	19037751	108	9	0	108	33	75	3	1	2	0	2	6	4	1	1	4	4	1	0	0	2	2	1	6	2	1	7	17	3	6	3	7	8	2	2	2	3	3
chr14	19037753	19037771	19	9	0	19	6	13	0	0	1	0	0	2	0	0	1	1	1	0	0	0	0	0	0	3	0	0	2	1	1	1	0	0	0	0	0	0	2	1
chr14	19037773	19038696	924	9	0	924	311	613	1	12	11	5	10	45	67	13	15	41	43	12	3	9	16	8	17	41	15	33	60	82	37	61	49	53	36	16	9	64	12	26
chr14	19038698	19042045	3348	9	0	3348	1797	1551	168	95	143	104	110	114	172	127	130	75	133	91	101	66	73	94	124	90	18	118	149	109	27	140	117	99	23	107	133	126	14	156
chr14	19042047	19042091	45	9	0	45	28	17	4	3	1	2	3	1	3	0	1	0	1	1	2	2	2	0	2	1	0	3	1	1	0	1	3	0	0	1	1	1	0	2
chr14	19042093	19042474	382	9	0	382	241	141	43	13	21	16	22	16	11	12	23	4	13	12	5	4	9	15	16	4	1	16	13	3	0	8	13	7	0	8	19	10	1	22
chr14	19042476	19042515	40	9	0	40	25	15	4	2	3	1	0	1	2	1	5	1	1	0	1	1	2	0	1	0	2	2	0	0	0	0	1	0	0	1	2	0	0	4
chr14	19042517	19046457	3941	9	0	3941	2266	1675	280	105	169	183	158	127	170	157	178	74	147	103	122	70	101	121	141	104	17	114	149	111	14	151	148	96	7	121	174	114	12	201
chr14	19046459	19046630	172	9	0	172	117	55	18	10	5	11	10	5	4	4	6	4	4	3	9	6	7	10	11	3	1	10	3	1	0	5	2	1	0	1	7	4	1	4
chr14	19046632	19047241	610	9	0	610	358	252	54	22	32	17	25	14	31	23	25	8	25	19	21	14	11	15	27	14	1	17	17	17	1	19	28	10	0	24	21	13	4	39
chr14	19047243	19047284	42	9	0	42	32	10	5	0	0	8	2	1	1	1	1	1	0	1	6	0	2	2	1	0	0	1	2	0	0	0	0	1	0	1	2	0	0	1
chr14	19047286	19048280	995	9	0	995	614	381	95	25	34	62	43	25	41	36	37	27	36	26	40	23	31	32	47	16	4	33	32	18	1	30	21	19	2	32	45	28	5	47
chr14	19048282	19048539	258	9	0	258	174	84	33	6	11	19	14	6	7	8	12	3	4	10	11	4	9	15	8	7	0	4	7	1	0	10	8	2	0	8	12	8	0	9
chr14	19048541	19049173	633	9	0	633	362	271	50	15	23	30	24	25	30	20	18	14	19	11	27	14	16	25	28	19	2	19	27	18	3	26	25	17	1	23	19	21	2	20
chr14	19049175	19050283	1109	9	0	1109	635	474	94	27	53	37	39	47	63	30	33	29	44	19	43	25	16	34	57	27	2	42	43	24	4	40	36	31	0	43	43	29	2	51
chr14	19050285	19055550	5266	9	0	5266	2327	2939	152	97	155	114	120	203	394	162	150	131	211	108	96	62	94	78	159	171	34	129	285	273	97	282	261	296	104	247	174	197	33	195
chr14	19055569	19055745	177	9	0	177	98	79	17	5	7	4	4	7	6	7	7	6	4	5	6	1	5	6	7	6	1	5	8	9	1	11	3	2	2	1	6	12	0	4
chr14	19055753	19056063	311	9	0	311	199	112	28	11	9	19	11	5	9	16	14	9	9	3	16	9	11	18	16	5	3	10	8	4	1	12	8	3	2	5	9	13	2	11
chr14	19056071	19057284	1214	9	0	1214	779	435	134	34	58	81	61	27	39	31	52	16	26	35	61	28	26	69	45	29	3	28	41	23	5	36	37	18	6	35	35	35	8	50
chr14	19057285	19058669	1385	9	0	1385	900	485	149	50	64	79	48	39	53	53	61	21	31	29	85	34	34	69	64	24	5	50	39	21	3	30	44	18	2	42	46	30	6	60
chr14	19058671	19058729	59	9	0	59	32	27	0	1	6	3	4	3	2	3	5	0	2	0	1	0	1	0	2	0	0	2	1	0	0	2	6	2	0	4	4	1	0	2
chr14	19058731	19058887	157	9	0	157	74	83	8	3	4	7	7	8	7	5	7	3	7	4	0	0	2	2	2	4	3	5	9	8	3	7	5	8	2	4	11	7	0	3
chr14	19058889	19058936	48	9	0	48	29	19	4	1	2	3	2	0	2	1	2	0	2	2	2	1	2	1	1	0	0	1	0	1	1	2	2	1	1	2	2	2	0	3
chr14	19058938	19059271	334	9	0	334	171	163	22	10	9	10	10	10	24	15	11	7	13	6	8	7	2	7	21	7	0	6	13	17	6	10	16	8	2	19	9	14	0	13
chr14	19059277	19059296	20	9	0	20	7	13	0	0	0	0	0	2	2	0	0	1	1	0	0	0	0	0	1	1	0	1	1	1	0	2	1	1	0	1	1	1	0	0
chr14	19059302	19060703	1402	9	0	1402	625	777	54	29	45	18	33	69	102	45	44	41	48	24	15	15	28	14	59	63	8	24	80	89	7	93	63	65	15	53	47	53	4	53
chr14	19060704	19060944	241	9	0	241	143	98	13	9	6	13	10	13	12	8	9	6	9	7	9	3	6	10	13	7	0	11	12	3	0	6	7	1	0	6	10	10	0	10
chr14	19060946	19060990	45	9	0	45	29	16	4	3	1	2	1	2	4	0	2	2	2	0	2	0	0	2	4	1	0	2	1	0	0	0	2	0	0	0	1	0	0	5
chr14	19060992	19062049	1058	9	0	1058	545	513	59	26	37	42	33	28	58	20	45	24	46	29	26	11	30	29	36	29	5	19	38	59	16	48	29	35	13	41	36	38	8	63
chr14	19062066	19064256	2191	9	0	2191	1170	1021	171	58	62	84	76	67	94	70	69	54	85	50	58	38	50	82	81	63	19	54	74	94	38	98	77	66	35	64	75	81	26	76
chr14	19064258	19064275	18	9	0	18	9	9	1	0	0	1	1	0	1	0	0	1	1	0	0	0	0	1	0	0	1	0	1	0	0	1	2	1	0	1	0	1	1	0
chr14	19064276	19065050	775	9	0	775	510	265	85	34	24	48	29	18	25	30	39	10	23	27	38	17	22	39	37	15	4	23	26	15	2	18	12	6	0	8	27	25	2	45
chr14	19065051	19065075	25	9	0	25	21	4	15	3	0	0	3	0	0	0	0	0	0	0	0	0	0	0	2	0	0	0	0	0	0	0	0	0	0	0	0	0	0	0
chr14	19065076	19068413	3338	9	0	3338	2044	1294	281	121	127	169	140	122	131	138	149	50	85	94	129	96	86	125	181	88	15	105	124	67	6	98	98	50	6	78	128	90	11	148
chr14	19068415	19069280	866	9	0	866	501	365	76	33	21	32	35	36	39	33	25	17	36	25	27	18	16	30	51	17	10	26	30	14	11	21	25	25	6	26	37	20	7	39
chr14	19069282	19069312	31	9	0	31	17	14	0	1	1	1	2	1	0	3	1	1	0	0	0	0	0	4	3	0	0	0	3	3	0	0	0	2	0	0	1	1	0	1
chr14	19069314	19069680	367	9	0	367	212	155	19	13	17	15	16	17	17	14	13	16	7	11	16	6	6	8	22	16	2	12	12	8	3	14	8	5	1	4	22	8	0	17
chr14	19069686	19071680	1995	9	0	1995	1041	954	49	50	89	38	88	34	107	107	58	12	195	92	31	34	24	31	50	27	5	48	113	17	10	25	84	13	2	203	90	108	19	140
chr14	19071681	19071797	117	9	0	117	60	57	7	4	5	2	9	0	7	2	0	2	15	2	2	0	2	0	1	1	2	2	5	0	0	2	9	0	0	15	4	5	0	10
chr14	19071807	19074335	2529	9	0	2529	1503	1026	168	72	110	107	118	81	97	112	94	41	113	74	77	75	67	97	123	46	7	93	99	40	7	56	78	37	6	110	107	79	8	128
chr14	19074337	19074366	30	9	0	30	18	12	3	2	2	2	4	0	1	1	2	0	0	1	0	0	0	0	0	0	0	1	0	0	0	1	5	0	0	1	1	1	0	0
chr14	19074368	19075379	1012	9	0	1012	647	365	88	31	52	68	46	27	40	39	54	18	28	33	52	18	26	26	39	11	2	42	32	8	1	19	32	14	1	31	49	27	2	54
chr14	19075381	19075776	396	9	0	396	294	102	68	15	18	38	20	6	4	11	16	6	5	6	36	10	19	15	12	7	1	17	5	1	0	5	11	2	0	7	13	2	1	17
chr14	19075778	19076775	998	9	0	998	697	301	131	27	41	81	41	29	23	43	37	13	18	25	70	28	22	66	45	14	6	32	23	17	1	10	32	10	1	17	36	10	2	45
chr14	19076777	19076803	27	9	0	27	22	5	3	0	1	3	0	0	0	2	2	0	0	0	2	2	1	4	1	1	0	0	1	0	0	0	0	0	0	0	0	0	0	2
chr14	19076804	19078438	1635	9	0	1635	1033	602	175	50	56	98	69	48	58	58	65	22	48	42	71	51	46	74	65	47	7	52	58	24	6	48	39	38	3	38	71	27	8	71
chr14	19078455	19079969	1515	9	0	1515	973	542	154	64	56	87	78	26	47	71	58	31	29	43	72	40	53	63	77	35	4	45	54	22	4	41	37	24	4	33	54	39	2	66
chr14	19079971	19080014	44	9	0	44	28	16	8	4	1	2	5	1	1	1	1	0	0	1	1	1	0	0	3	2	0	1	3	3	0	0	0	0	0	0	2	0	0	1
chr14	19080016	19080095	80	9	0	80	51	29	9	2	5	2	2	3	3	8	6	3	1	3	1	0	0	3	6	0	0	2	2	0	0	1	2	1	0	1	6	1	0	5
chr14	19080097	19080160	64	9	0	64	38	26	4	2	0	4	3	3	2	5	2	0	3	6	1	1	1	1	2	3	0	1	4	0	0	0	2	1	1	0	4	0	1	5
chr14	19080162	19080687	526	9	0	526	307	219	26	23	14	21	25	25	17	31	22	13	8	13	12	14	17	25	39	17	0	19	29	15	3	12	12	4	2	10	18	22	1	15
chr14	19080701	19080840	140	9	0	140	94	46	5	5	3	6	3	8	3	14	1	0	2	2	10	9	3	18	13	4	0	5	3	2	0	2	9	1	0	2	3	0	0	2
chr14	19080858	19081008	151	9	0	151	105	46	16	6	5	12	7	4	4	10	6	0	1	9	10	3	2	9	10	1	0	2	4	1	0	3	3	3	0	2	9	3	0	4
chr14	19081010	19081041	32	9	0	32	19	13	2	1	0	2	1	2	2	3	1	1	0	1	1	0	0	0	1	3	0	0	2	0	0	1	2	0	0	0	3	0	0	1
chr14	19081043	19082049	1007	9	0	1007	639	368	95	47	43	46	52	22	32	38	40	13	28	33	44	23	30	51	45	18	3	39	28	14	7	28	29	20	1	22	42	25	3	44
chr14	19082050	19082665	616	9	0	616	396	220	80	30	26	28	39	14	23	15	27	12	11	17	17	14	13	28	36	14	2	18	22	10	1	18	12	9	0	11	22	18	1	26
chr14	19082675	19082722	48	9	0	48	35	13	7	3	3	3	1	0	2	1	1	1	2	1	7	1	0	1	2	0	0	3	1	0	0	1	0	0	0	0	1	1	0	3
chr14	19082723	19083036	314	9	0	314	212	102	28	13	7	17	13	4	7	18	5	8	6	10	19	17	15	23	20	7	5	10	7	4	0	8	3	2	0	7	12	6	1	10
chr14	19083056	19084600	1545	9	0	1545	915	630	129	50	75	60	58	55	70	55	70	28	42	39	55	41	32	54	67	35	8	64	61	32	8	42	55	32	6	41	55	44	8	72
chr14	19084601	19084618	18	9	0	18	9	9	0	0	2	0	2	0	1	0	0	2	2	0	0	0	0	0	1	0	0	1	0	0	0	0	1	0	0	0	1	0	0	3
chr14	19084620	19085225	606	9	0	606	345	261	44	11	20	32	28	23	30	19	18	9	23	20	17	18	21	11	22	23	1	15	24	12	2	21	27	12	3	28	27	12	2	29
chr14	19085227	19085275	49	9	0	49	30	19	2	1	3	3	2	1	2	0	0	3	3	0	5	2	2	1	1	1	0	5	2	1	0	0	0	0	0	2	2	1	0	2
chr14	19085277	19086303	1027	9	0	1027	623	404	70	26	45	59	42	20	38	40	46	14	38	30	42	35	30	47	32	22	6	34	36	28	1	37	30	18	2	28	42	34	1	52
chr14	19086304	19086634	331	9	0	331	209	122	40	8	16	16	13	10	9	11	16	3	13	4	11	7	11	19	11	8	0	9	9	5	1	13	10	8	1	11	13	7	0	16
chr14	19086636	19086678	43	9	0	43	29	14	3	1	1	3	4	1	1	4	2	1	0	5	0	0	0	2	3	0	0	0	0	0	0	1	1	0	0	0	6	1	0	1
chr14	19086680	19087150	471	9	0	471	312	159	47	18	20	41	29	7	10	14	26	5	7	12	24	13	15	23	17	12	2	12	19	7	1	16	8	6	0	8	16	18	1	15
chr14	19087152	19087184	33	9	0	33	19	14	3	1	2	3	6	1	0	0	0	1	0	1	0	0	0	0	1	1	0	1	3	1	0	0	3	0	0	1	0	2	0	0
chr14	19087186	19088113	928	9	0	928	609	319	93	32	34	55	46	22	25	41	34	10	25	40	41	21	26	62	37	15	5	28	33	18	1	15	25	11	0	22	39	23	2	45
chr14	19088115	19088156	42	9	0	42	30	12	6	2	1	2	2	0	2	1	0	1	0	1	3	2	3	4	2	0	0	3	0	0	0	0	2	0	0	1	1	0	0	1
chr14	19088158	19088425	268	9	0	268	165	103	14	8	3	13	7	11	11	18	7	2	3	14	10	11	5	27	17	7	1	6	11	13	0	7	5	4	1	4	14	7	0	5
chr14	19088431	19088757	327	9	0	327	212	115	27	10	14	20	15	11	6	15	9	5	7	7	20	14	10	22	16	8	1	15	10	6	2	7	10	3	1	6	10	7	2	9
chr14	19088759	19088809	51	9	0	51	30	21	5	1	1	2	3	1	3	2	0	1	1	1	1	3	1	3	2	1	0	2	1	2	0	1	5	0	0	3	1	1	0	1
chr14	19088811	19089625	815	9	0	815	493	322	67	21	26	43	23	31	30	42	31	12	21	21	37	25	22	40	43	19	3	23	37	11	4	24	17	21	8	26	29	25	5	26
chr14	19089633	19094057	4425	9	0	4425	2722	1703	369	137	180	255	161	122	176	177	202	88	150	114	208	106	110	166	191	101	19	142	137	104	7	159	127	73	5	83	181	128	13	232
chr14	19094058	19094888	831	9	0	831	370	461	29	17	27	14	14	18	66	21	32	20	46	17	12	9	17	10	11	18	2	33	44	63	6	56	32	44	5	31	32	45	1	37
chr14	19094901	19094968	68	9	0	68	29	39	1	1	2	3	4	1	4	1	2	2	2	2	0	0	0	4	2	1	0	1	3	10	1	3	1	4	1	2	4	2	0	2
chr14	19094983	19095975	993	9	0	993	465	528	38	22	40	23	37	39	71	19	33	20	48	24	15	8	15	12	34	27	3	26	51	57	5	61	36	51	5	46	44	39	1	41
chr14	19095977	19096629	653	9	0	653	292	361	14	10	20	8	15	55	38	22	17	16	35	13	6	9	8	5	48	17	4	21	37	42	2	35	17	20	5	30	28	36	3	15
chr14	19096630	19096647	18	9	0	18	9	9	0	1	0	0	0	5	0	0	0	0	0	0	1	0	1	0	4	0	1	1	0	0	0	0	1	0	1	0	0	0	0	0
chr14	19096652	19096781	130	9	0	130	58	72	1	2	7	0	3	6	9	2	4	4	12	1	2	2	1	1	6	2	0	5	8	4	0	10	2	5	0	7	4	11	0	7
chr14	19096783	19096831	49	9	0	49	27	22	3	1	6	1	5	1	2	0	1	2	0	2	1	0	0	1	2	1	0	1	1	1	0	4	2	3	0	1	2	1	0	2
chr14	19096833	19096982	150	9	0	150	68	82	2	3	4	2	7	7	12	5	2	8	10	3	0	1	1	0	9	4	0	5	10	5	1	5	6	3	1	8	6	9	0	9
chr14	19096984	19097006	23	9	0	23	9	14	0	0	0	1	0	1	2	1	1	0	0	0	0	0	0	2	0	1	0	0	2	2	0	3	2	2	0	0	0	1	0	0
chr14	19097008	19097432	425	9	0	425	171	254	12	12	12	1	11	18	28	7	8	12	16	7	6	2	13	5	9	17	6	12	27	29	12	22	17	27	10	22	11	17	2	13
chr14	19097434	19097523	90	9	0	90	24	66	0	0	0	0	0	6	5	2	0	3	4	4	0	0	0	0	1	5	3	0	10	9	6	4	0	9	2	4	2	7	1	1
chr14	19097525	19097606	82	9	0	82	21	61	0	0	3	0	3	3	5	2	0	2	2	0	0	0	0	0	1	2	1	1	5	8	7	2	7	10	5	6	0	2	3	0
chr14	19097608	19097637	30	9	0	30	7	23	0	1	0	0	0	0	1	0	1	1	1	0	0	1	1	0	0	1	2	0	1	5	3	2	0	2	1	1	0	3	0	0
chr14	19097639	19097800	162	9	0	162	51	111	2	2	9	0	3	5	5	5	7	4	7	1	0	0	0	0	3	4	3	1	8	10	16	6	6	18	9	7	1	7	4	7
chr14	19097801	19097902	102	9	0	102	26	76	1	1	5	0	1	1	5	1	5	2	3	1	0	0	0	0	0	1	0	3	3	9	12	5	4	13	10	3	1	5	3	2
chr14	19097904	19097949	46	9	0	46	7	39	0	0	0	0	0	2	2	0	0	0	1	0	0	1	1	0	0	2	1	0	2	7	7	2	2	9	2	2	0	1	0	0
chr14	19097951	19098722	772	9	0	772	241	531	13	14	10	6	8	21	50	3	17	28	48	6	5	2	8	1	11	30	11	13	27	56	52	44	32	51	62	41	12	43	27	18
chr14	19098729	19098907	179	9	0	179	73	106	6	2	9	7	4	3	5	2	10	5	7	4	4	1	2	1	2	4	4	1	6	18	11	7	1	7	7	11	5	13	4	4
chr14	19098909	19098957	49	9	0	49	16	33	0	1	1	1	2	0	2	0	1	1	5	1	0	0	0	0	0	1	1	0	3	8	1	2	1	1	3	3	1	4	1	2
chr14	19098959	19099074	116	9	0	116	27	89	0	2	2	0	1	7	6	0	3	3	3	0	0	0	0	0	2	7	2	0	5	14	11	8	5	13	9	2	2	4	2	1
chr14	19099076	19099096	21	9	0	21	8	13	1	0	2	0	1	0	0	0	0	1	1	0	1	0	1	0	0	1	0	0	1	2	1	1	0	2	0	2	0	0	0	1
chr14	19099098	19099314	217	9	0	217	95	122	9	8	5	6	5	5	13	3	11	4	6	5	4	2	4	4	7	3	4	5	9	16	9	10	4	13	9	6	6	12	2	6
chr14	19099331	19099542	212	9	0	212	61	151	2	1	4	2	4	7	13	3	3	6	13	1	0	0	2	0	3	5	3	2	15	14	10	16	5	20	20	13	4	16	2	1
chr14	19099555	19100531	977	9	0	977	435	542	43	24	27	24	26	39	59	16	24	25	52	14	26	12	14	8	30	36	9	25	46	44	30	51	39	53	23	41	26	38	16	35
chr14	19100533	19101558	1026	9	0	1026	570	456	66	32	41	46	36	37	47	33	37	17	31	25	45	14	27	34	31	25	8	36	47	34	8	37	35	38	8	39	40	29	6	35
chr14	19101566	19101643	78	9	0	78	57	21	25	3	1	3	2	0	4	4	3	2	3	1	1	3	0	0	5	2	0	1	1	0	0	1	2	0	0	0	3	0	0	6
chr14	19101644	19101690	47	9	0	47	31	16	4	3	3	3	5	1	1	0	2	0	2	1	2	1	1	2	3	1	0	1	0	0	0	1	2	0	0	1	1	0	0	4
chr14	19101692	19102410	719	9	0	719	482	237	76	18	27	51	31	21	16	34	31	11	19	20	35	25	21	45	28	17	4	25	22	6	2	13	16	9	0	13	36	11	2	32
chr14	19102412	19102441	30	9	0	30	13	17	0	0	1	1	0	2	1	2	0	0	2	1	1	0	0	0	0	1	1	0	2	1	1	0	2	1	1	4	1	1	1	0
chr14	19102443	19102702	260	9	0	260	125	135	14	5	6	8	11	11	16	7	3	3	17	10	5	3	4	1	4	10	0	8	16	7	3	15	12	14	1	11	13	9	2	9
chr14	19102704	19105236	2533	9	0	2533	1511	1022	196	70	119	134	107	81	109	86	124	50	81	68	90	53	61	80	93	67	15	79	99	45	9	86	81	51	1	73	110	76	5	132
chr14	19105237	19105547	311	9	0	311	194	117	24	8	14	17	15	16	14	11	10	7	8	9	13	8	4	15	15	7	0	17	10	3	0	7	13	6	0	4	18	4	0	12
chr14	19105552	19105574	23	9	0	23	15	8	0	2	1	0	1	0	0	3	1	0	1	1	1	2	0	0	3	0	0	1	1	0	0	0	0	0	0	0	1	1	0	1
chr14	19105576	19106521	946	9	0	946	560	386	96	30	35	38	41	28	38	30	32	17	34	30	30	19	29	32	41	19	6	28	32	17	4	37	23	27	3	35	41	27	9	36
chr14	19106532	19106683	152	9	0	152	89	63	10	6	11	8	11	5	6	4	8	5	2	3	6	0	1	3	6	4	0	5	6	2	0	5	6	5	1	4	8	2	1	6
chr14	19106685	19106713	29	9	0	29	18	11	2	0	1	1	0	1	2	2	1	0	0	2	0	3	0	1	2	1	0	2	1	0	0	0	1	0	1	0	1	0	1	1
chr14	19106715	19106764	50	9	0	50	33	17	5	1	3	3	2	0	1	2	3	2	1	1	2	2	2	2	0	1	0	4	2	1	0	0	1	0	0	1	3	1	0	2
chr14	19106766	19106785	20	9	0	20	9	11	0	1	0	0	0	3	2	0	0	0	1	0	0	0	0	0	2	1	0	1	1	1	0	1	1	1	0	0	1	0	0	1
chr14	19106787	19107297	511	9	0	511	325	186	43	19	20	27	20	15	15	18	20	9	17	13	26	16	17	28	23	14	1	21	15	6	3	17	8	6	1	11	22	15	3	20
chr14	19107298	19107779	482	9	0	482	339	143	50	14	16	40	19	10	15	20	17	10	5	16	34	11	17	44	23	4	0	17	11	5	0	8	11	6	0	9	20	9	0	19
chr14	19107792	19107994	203	9	0	203	94	109	8	4	2	6	6	10	12	6	2	5	15	1	5	4	6	1	5	8	2	8	13	8	2	10	10	10	1	9	6	7	1	8
chr14	19107995	19108423	429	9	0	429	221	208	46	7	13	9	12	21	18	9	7	7	21	15	9	7	11	7	7	13	8	14	23	14	7	16	15	20	3	18	16	13	6	15
chr14	19108424	19108463	40	9	0	40	24	16	19	0	2	0	0	1	0	0	0	0	0	0	0	0	0	0	0	1	0	0	1	1	3	0	0	3	5	2	0	0	0	0
chr14	19108465	19108831	367	9	0	367	195	172	16	11	8	14	9	17	20	9	11	8	17	12	13	10	12	7	12	17	3	14	22	9	3	13	7	9	2	12	15	13	2	18
chr14	19108833	19108864	32	9	0	32	28	4	9	3	2	3	1	0	0	0	0	0	0	0	5	0	0	3	1	1	0	1	0	0	0	1	0	0	0	0	0	0	0	0
chr14	19108866	19109202	337	9	0	337	197	140	23	6	20	14	14	10	11	16	13	9	8	13	12	3	8	15	8	5	3	12	16	4	1	12	17	8	1	10	11	16	3	13
chr14	19109204	19109225	22	9	0	22	9	13	0	1	1	0	0	3	1	0	1	0	0	0	1	1	0	0	2	3	0	0	1	1	0	1	0	1	0	1	1	0	0	0
chr14	19109227	19109517	291	9	0	291	156	135	21	7	12	7	15	10	15	13	4	7	8	9	7	5	9	5	13	10	0	7	17	6	1	12	10	14	1	15	13	6	0	10
chr14	19109520	19109606	87	9	0	87	60	27	4	2	3	8	3	3	2	8	1	1	2	2	9	1	1	9	4	2	0	1	0	0	0	2	7	0	0	4	5	0	0	1
chr14	19109612	19109636	25	9	0	25	19	6	3	0	1	3	1	0	0	1	1	1	0	0	2	0	2	2	0	0	0	1	1	0	0	0	1	0	0	1	0	1	0	1
chr14	19109638	19110641	1004	9	0	1004	652	352	104	27	50	59	37	25	40	30	45	15	24	27	54	39	25	50	36	20	2	48	24	14	2	30	31	9	3	21	41	27	3	40
chr14	19110652	19111216	565	9	0	565	359	206	61	17	21	30	15	14	27	21	26	7	14	21	28	12	18	26	23	11	1	15	17	5	0	17	12	10	5	21	25	13	4	26
chr14	19111219	19111260	42	9	0	42	25	17	7	1	0	2	0	1	1	4	1	1	0	0	1	3	2	0	3	2	0	1	2	0	1	1	1	2	0	1	0	1	1	0
chr14	19111262	19111376	115	9	0	115	52	63	0	4	2	2	5	5	8	1	2	3	13	2	1	1	1	1	4	2	0	7	5	3	1	5	7	4	0	5	3	5	3	8
chr14	19111379	19111701	323	9	0	323	230	93	50	6	13	36	13	4	2	15	16	5	6	6	25	7	7	17	7	4	2	9	8	6	2	6	5	6	1	4	15	6	3	9
chr14	19111707	19112702	996	9	0	996	644	352	104	25	40	71	42	12	40	33	54	22	36	29	40	19	26	51	30	11	1	36	29	19	0	29	27	11	2	14	39	36	3	63
chr14	19112704	19112718	15	9	0	15	7	8	0	0	1	1	1	0	0	1	1	1	0	0	0	0	0	0	1	0	0	0	0	1	0	1	1	0	0	1	0	2	0	0
chr14	19112720	19114511	1792	9	0	1792	1122	670	144	51	78	104	63	41	56	82	86	26	59	57	83	36	58	97	52	30	7	65	56	30	4	58	52	38	8	42	82	50	9	86
chr14	19114522	19114798	277	9	0	277	179	98	22	6	11	20	10	5	11	9	18	2	6	11	11	9	10	16	8	7	0	7	9	5	0	11	4	4	0	6	14	9	0	14
chr14	19114799	19115005	207	9	0	207	144	63	14	2	6	13	4	3	10	4	6	7	2	18	11	5	15	23	8	4	1	3	2	0	0	4	2	0	0	4	9	2	1	22
chr14	19115010	19115570	561	9	0	561	340	221	40	12	24	38	24	15	18	27	28	9	17	18	22	11	16	19	15	9	2	21	18	12	3	19	21	17	0	12	30	14	5	23
chr14	19115571	19115677	107	9	0	107	76	31	23	0	26	0	0	0	0	0	25	0	0	0	1	1	0	0	0	0	0	1	0	0	0	4	0	0	0	0	0	4	0	20
chr14	19115682	19115737	56	9	0	56	36	20	13	0	10	0	1	0	0	0	9	1	1	0	0	0	0	0	0	0	1	0	0	1	1	4	0	0	0	0	1	5	0	6
chr14	19115739	19118994	3256	9	0	3256	2174	1082	262	108	135	254	129	81	96	121	148	45	78	77	220	94	98	226	159	48	7	114	79	46	7	90	64	47	5	66	125	81	7	137
chr14	19118996	19119085	90	9	0	90	60	30	4	2	1	6	3	3	1	4	0	0	3	6	6	3	3	14	1	5	1	2	7	0	1	0	1	1	0	2	2	2	0	4
chr14	19119087	19119408	322	9	0	322	175	147	16	15	9	14	12	9	15	15	15	5	6	5	10	9	11	8	9	17	0	12	25	11	0	15	9	9	1	7	8	15	1	7
chr14	19119410	19119499	90	9	0	90	53	37	8	5	2	3	4	1	4	2	3	2	4	2	3	3	5	1	5	3	0	3	3	2	0	4	2	1	0	2	2	3	0	6
chr14	19119501	19119617	117	9	0	117	77	40	5	5	5	10	7	1	3	9	6	1	2	1	8	6	4	2	6	2	0	5	2	0	0	3	5	2	0	5	8	1	0	1
chr14	19119619	19119700	82	9	0	82	57	25	12	2	1	5	3	2	1	7	2	1	3	5	3	3	1	5	3	1	1	4	1	0	0	1	2	0	0	0	6	1	3	1
chr14	19119702	19120214	513	9	0	513	304	209	36	11	26	29	26	12	21	19	27	11	16	21	13	8	13	14	17	11	0	14	18	5	3	23	16	10	0	16	26	23	3	23
chr14	19120215	19120253	39	9	0	39	31	8	21	4	0	0	4	0	0	0	0	1	1	0	0	0	0	0	3	0	1	0	0	0	0	0	0	0	0	0	1	0	0	1
chr14	19120254	19121607	1354	9	0	1354	798	556	110	31	46	78	49	27	54	47	44	27	49	27	63	44	39	62	49	26	5	49	37	32	16	57	40	38	16	44	51	46	11	38
chr14	19121616	19122116	501	9	0	501	335	166	41	13	14	39	18	25	7	33	20	11	9	13	28	15	18	31	32	9	1	21	16	3	1	8	12	3	1	4	22	13	3	15
chr14	19122118	19123537	1420	9	0	1420	970	450	143	56	63	104	60	20	41	52	67	23	27	33	96	51	49	84	56	27	4	63	40	17	1	31	22	13	0	25	55	32	3	60
chr14	19123540	19123563	24	9	0	24	17	7	5	0	1	2	0	0	1	1	1	1	1	0	2	1	0	1	1	0	0	0	0	0	0	1	0	0	0	0	0	1	0	2
chr14	19123569	19123975	407	9	0	407	288	119	59	9	26	34	27	5	7	10	23	6	7	18	19	8	7	22	16	3	2	8	9	3	0	7	6	2	1	7	18	11	1	24
chr14	19123977	19124006	30	9	0	30	20	10	2	2	2	0	1	0	2	0	3	0	1	0	0	2	1	2	1	1	0	2	1	0	0	0	0	0	0	0	1	0	0	4
chr14	19124008	19124309	302	9	0	302	201	101	28	10	13	20	12	6	14	15	20	9	4	10	11	2	8	17	18	4	1	4	9	0	0	4	7	1	0	10	13	8	1	21
chr14	19124311	19124394	84	9	0	84	59	25	3	1	3	7	3	3	3	1	3	0	1	3	6	2	1	17	2	2	0	2	3	2	0	1	2	0	0	4	3	2	0	2
chr14	19124396	19124504	109	9	0	109	77	32	19	2	10	2	5	3	1	0	3	6	2	2	5	1	4	10	4	2	0	6	0	3	0	2	1	0	0	1	5	0	0	8
chr14	19124506	19124528	23	9	0	23	14	9	4	2	1	0	1	0	0	2	1	0	0	1	1	0	0	1	0	0	0	0	2	1	0	0	1	1	0	0	0	1	0	1
chr14	19124530	19125218	689	9	0	689	471	218	85	34	37	34	40	19	17	22	28	13	12	20	38	18	22	30	41	14	1	29	14	1	0	15	18	6	0	6	25	9	1	38
chr14	19125235	19126417	1183	9	0	1183	735	448	102	33	67	67	57	18	39	37	65	18	49	35	45	27	27	49	42	26	3	25	33	24	2	42	26	23	2	31	49	28	7	83
chr14	19126418	19126848	431	9	0	431	203	228	17	4	24	7	17	25	23	6	13	12	14	5	6	12	10	6	14	19	1	20	32	19	4	23	12	25	1	14	13	15	2	14
chr14	19126850	19126875	26	9	0	26	15	11	0	0	2	1	1	2	1	0	1	0	1	1	1	0	0	3	1	1	0	0	1	0	0	0	0	1	0	3	2	0	0	1
chr14	19126877	19127281	405	9	0	405	193	212	15	10	23	6	18	16	23	8	15	13	11	5	6	9	10	5	8	20	3	17	27	22	3	21	15	16	0	14	15	15	0	14
chr14	19127283	19127323	41	9	0	41	20	21	1	1	0	1	0	2	3	1	2	1	1	1	0	1	4	1	2	3	0	0	2	3	0	2	0	0	0	2	1	0	0	4
chr14	19127325	19127718	394	9	0	394	192	202	10	9	20	6	19	13	22	11	10	12	19	9	6	8	10	6	12	13	1	17	19	15	2	25	18	16	1	13	16	17	0	17
chr14	19127720	19127744	25	9	0	25	13	12	2	1	2	0	2	0	1	2	1	1	0	0	0	0	0	0	1	1	0	0	1	0	0	2	1	2	0	1	1	0	0	1
chr14	19127746	19127851	106	9	0	106	55	51	8	5	4	3	6	6	8	1	5	2	5	0	1	0	1	0	3	4	0	5	5	2	0	4	7	2	0	5	6	3	0	3
chr14	19127853	19127898	46	9	0	46	16	30	0	0	2	0	2	2	3	2	0	1	2	0	0	0	0	0	0	3	0	0	5	5	0	2	5	3	0	4	1	1	0	1
chr14	19127900	19128242	343	9	0	343	206	137	27	16	16	7	10	12	13	8	13	9	15	11	16	11	10	11	20	10	5	13	4	3	5	14	7	2	0	5	12	11	3	22
chr14	19128244	19128285	42	9	0	42	29	13	2	0	3	3	0	1	1	3	3	1	1	2	3	1	1	3	2	0	0	1	1	0	0	1	0	0	0	0	2	1	0	4
chr14	19128287	19129039	753	9	0	753	515	238	58	27	36	56	26	19	21	28	37	12	10	20	55	27	23	58	39	16	2	28	16	7	1	22	13	4	2	9	26	19	3	31
chr14	19129042	19129532	491	9	0	491	339	152	55	15	24	37	18	6	16	24	29	7	9	18	28	15	13	23	25	5	0	13	7	7	0	12	10	3	0	7	22	11	0	30
chr14	19129547	19129633	87	9	0	87	47	40	6	4	4	2	7	4	2	4	1	0	3	3	2	1	2	1	7	1	0	2	4	5	0	2	3	4	0	4	3	1	0	3
chr14	19129639	19130103	465	9	0	465	240	225	24	15	15	11	15	13	27	17	15	15	21	8	11	9	7	15	22	10	4	16	18	19	5	22	19	19	3	9	13	16	6	24
chr14	19130105	19130878	774	9	0	774	461	313	52	26	28	33	22	23	37	34	28	12	33	20	36	24	19	33	36	17	4	28	22	14	6	20	26	14	5	27	31	17	3	42
chr14	19130889	19131353	465	9	0	465	338	127	63	12	19	34	10	9	9	19	19	3	7	10	34	24	19	45	18	6	3	21	8	5	1	8	8	4	0	6	13	7	0	19
chr14	19131355	19131397	43	9	0	43	31	12	9	4	1	0	1	0	2	2	3	1	0	0	2	0	0	4	3	1	0	1	2	0	0	1	0	0	0	0	0	2	0	2
chr14	19131399	19131543	145	9	0	145	52	93	4	1	4	1	2	4	5	2	2	4	10	3	2	1	2	3	1	5	1	4	7	19	6	13	2	9	4	3	3	12	3	1
chr14	19131545	19131580	36	9	0	36	13	23	0	0	0	1	0	1	4	0	1	1	2	1	0	0	2	0	0	0	0	1	1	2	1	3	2	4	1	1	1	1	0	3
chr14	19131582	19132172	591	9	0	591	228	363	6	14	17	11	18	26	37	10	23	11	26	13	1	9	2	4	13	26	9	11	43	55	13	39	20	30	9	21	15	39	7	11
chr14	19132186	19133864	1679	9	0	1679	890	789	110	45	49	80	43	50	71	57	62	36	52	33	70	36	26	68	51	52	20	44	69	66	50	48	43	68	44	51	59	47	22	55
chr14	19133867	19134776	910	9	0	910	633	277	100	29	39	61	34	26	20	42	41	8	18	18	55	40	39	61	47	11	1	44	18	6	0	13	20	11	0	21	37	9	1	38
chr14	19134787	19134848	62	9	0	62	42	20	5	1	3	5	1	1	3	2	4	1	2	3	4	0	2	4	3	0	0	1	0	0	0	1	1	0	0	3	2	1	2	5
chr14	19134850	19134877	28	9	0	28	17	11	1	0	3	2	1	0	0	1	4	0	0	2	0	0	1	1	0	0	0	0	1	0	0	1	1	0	0	1	1	3	0	2
chr14	19134879	19135216	338	9	0	338	219	119	30	10	16	25	14	5	8	16	19	4	5	11	18	12	8	18	15	6	3	7	13	9	0	10	6	5	0	5	9	12	2	15
chr14	19135218	19135259	42	9	0	42	27	15	3	1	3	2	1	1	2	1	4	1	1	2	1	1	1	1	1	1	0	2	0	0	0	1	0	0	0	2	5	0	0	2
chr14	19135261	19137303	2043	9	0	2043	1401	642	214	79	93	139	80	37	51	92	87	24	43	54	145	65	69	127	82	40	3	80	46	15	0	53	50	17	4	43	82	42	5	80
chr14	19137305	19137335	31	9	0	31	19	12	2	3	0	1	3	0	2	1	1	0	1	0	1	2	1	0	3	0	0	2	1	0	0	0	1	1	0	2	1	0	0	0
chr14	19137337	19138082	746	9	0	746	515	231	89	24	27	54	29	18	20	29	32	12	14	26	45	17	14	63	37	15	6	13	15	12	3	16	15	7	1	7	29	12	4	39
chr14	19138084	19138106	23	9	0	23	17	6	1	0	1	3	2	1	0	0	0	0	0	2	3	2	0	1	0	1	0	1	1	0	0	0	0	0	0	0	2	0	0	0
chr14	19138108	19138233	126	9	0	126	90	36	12	4	5	16	11	1	4	1	5	2	1	4	10	3	3	6	5	2	0	3	5	0	0	1	4	2	0	2	3	2	0	7
chr14	19138234	19139223	990	9	0	990	681	309	108	38	56	60	37	24	24	35	50	15	19	23	68	25	31	66	46	16	2	38	23	9	0	20	16	8	2	22	36	19	2	50
chr14	19139237	19139582	346	9	0	346	226	120	28	15	17	23	14	8	10	12	10	5	7	11	31	10	9	14	13	12	0	13	11	6	1	13	7	4	1	6	13	9	0	11
chr14	19139584	19139611	28	9	0	28	18	10	2	2	2	0	0	0	1	1	2	0	0	2	2	0	1	1	0	0	1	2	0	0	0	1	0	0	0	2	2	1	1	0
chr14	19139613	19139695	83	9	0	83	56	27	12	4	3	5	4	1	3	2	1	2	1	1	7	1	2	6	3	3	0	2	3	0	0	4	3	3	0	0	1	1	0	3
chr14	19139696	19140270	575	9	0	575	392	183	54	21	28	33	16	10	13	31	33	10	11	16	33	20	21	42	23	10	1	26	12	7	0	15	8	3	1	6	27	14	2	26
chr14	19140272	19140335	64	9	0	64	40	24	6	1	3	5	2	1	2	1	5	1	2	2	2	1	2	3	1	1	1	1	1	2	0	4	1	1	0	0	2	3	1	4
chr14	19140337	19140687	351	9	0	351	237	114	43	8	20	23	14	4	10	8	14	4	6	6	22	21	14	19	13	4	1	19	10	5	0	9	7	8	2	5	6	7	1	16
chr14	19140688	19140710	23	9	0	23	18	5	3	1	2	1	0	0	0	0	0	0	0	0	5	1	1	3	0	0	0	2	0	1	0	1	0	0	0	0	0	0	0	0
chr14	19140712	19140825	114	9	0	114	75	39	11	5	4	8	7	3	2	7	4	1	1	1	6	5	5	4	10	1	3	1	2	0	0	1	6	1	0	6	1	1	1	4
chr14	19140827	19140948	122	9	0	122	83	39	10	7	8	7	3	2	3	4	7	1	2	2	12	0	5	9	5	2	0	3	2	0	0	6	2	4	0	2	3	2	0	7
chr14	19140949	19142594	1646	9	0	1646	1128	518	213	52	74	112	63	42	46	51	70	24	40	30	104	44	42	119	65	29	5	63	40	19	3	36	39	25	4	26	58	25	4	77
chr14	19142600	19143556	957	9	0	957	653	304	106	25	48	66	48	20	25	40	42	16	19	26	48	36	26	60	48	15	4	30	16	9	2	19	28	5	0	25	41	17	0	45
chr14	19143557	19143592	36	9	0	36	24	12	4	1	2	2	0	0	1	1	5	0	3	0	1	0	2	1	1	0	0	0	0	0	0	2	0	0	0	0	1	2	0	5
chr14	19143594	19156931	13338	9	0	13338	8913	4425	1293	436	595	887	534	298	375	529	551	220	344	372	833	376	401	868	566	226	46	492	314	175	25	354	293	168	12	266	563	299	21	604
chr14	19156956	19157187	232	9	0	232	98	134	29	3	6	0	3	10	12	4	5	5	11	3	0	2	3	1	3	11	3	3	12	19	2	24	6	15	8	3	8	11	3	2
chr14	19157210	19157393	184	9	0	184	64	120	3	2	5	2	3	10	11	5	6	3	8	2	0	2	1	1	7	5	3	2	9	26	3	15	9	15	2	3	4	7	4	4
chr14	19157395	19157624	230	9	0	230	102	128	18	5	12	1	4	4	8	7	11	6	9	3	3	5	3	1	2	9	6	3	12	17	6	12	4	13	9	6	5	8	5	11
chr14	19157631	19158248	618	9	0	618	233	385	34	16	22	3	16	16	32	11	23	14	18	6	2	8	10	2	11	33	7	3	30	68	22	40	21	37	30	20	12	22	9	18
chr14	19158250	19158681	432	9	0	432	183	249	30	15	14	2	14	16	24	6	15	12	14	4	1	5	8	2	13	21	6	8	25	41	7	26	11	21	13	11	11	16	4	14
chr14	19158682	19158871	190	9	0	190	73	117	16	1	6	3	3	7	8	2	5	5	5	1	1	2	5	2	1	9	4	1	10	22	5	13	6	12	10	7	3	7	3	3
chr14	19158873	19158896	24	9	0	24	15	9	10	0	0	0	0	0	2	0	1	0	1	0	0	0	0	0	0	0	0	0	1	2	0	1	1	1	0	0	0	0	0	2
chr14	19158898	19159108	211	9	0	211	81	130	6	3	10	0	3	9	13	5	8	6	9	2	1	3	1	1	4	12	2	3	12	24	4	17	7	11	3	5	7	10	1	7
chr14	19159109	19159174	66	9	0	66	30	36	11	1	3	0	0	3	3	0	3	2	2	0	0	0	0	0	1	2	2	1	3	5	2	3	2	4	3	1	1	2	1	3
chr14	19159176	19159216	41	9	0	41	9	32	0	0	0	0	0	0	5	1	0	2	0	1	0	0	0	0	1	1	0	0	2	9	2	3	1	4	2	2	1	2	0	0
chr14	19159218	19159303	86	9	0	86	32	54	2	1	3	2	1	3	6	2	4	0	2	2	1	1	2	0	0	5	0	0	5	9	1	8	4	7	3	2	3	2	1	2
chr14	19159305	19159403	99	9	0	99	41	58	15	1	5	0	2	3	3	1	3	5	1	1	0	0	0	0	1	6	0	2	5	12	5	2	2	2	7	3	1	5	2	2
chr14	19159404	19159455	52	9	0	52	18	34	0	1	1	1	1	2	2	0	1	1	1	0	1	2	2	1	2	4	0	0	3	6	1	4	1	5	2	2	0	0	3	0
chr14	19159457	19159562	106	9	0	106	49	57	3	3	2	0	0	6	7	6	3	3	6	3	2	2	1	1	7	4	0	3	4	5	1	9	2	5	0	1	6	5	1	3
chr14	19159564	19159615	52	9	0	52	16	36	0	1	0	0	0	2	6	2	1	1	1	2	0	0	0	0	2	2	0	0	6	7	0	4	0	4	1	3	0	4	1	0
chr14	19159619	19160046	428	9	0	428	186	242	5	12	9	1	4	19	34	19	7	11	11	14	11	8	11	8	15	25	3	9	34	30	1	32	10	28	0	12	17	14	0	12
chr14	19160050	19160076	27	9	0	27	10	17	0	0	1	0	1	1	1	2	0	2	0	2	0	0	0	0	1	1	0	0	4	3	0	2	0	0	0	0	0	4	0	0
chr14	19160078	19161223	1146	9	0	1146	534	612	25	30	28	19	32	58	78	36	24	50	12	33	21	23	42	22	60	69	0	32	84	69	5	79	14	54	2	24	46	45	3	25
chr14	19161224	19161291	68	9	0	68	32	36	1	3	2	0	3	4	4	3	1	3	1	2	2	1	0	1	4	3	0	3	6	3	0	3	0	4	2	0	4	2	0	1
chr14	19161293	19161423	131	9	0	131	59	72	4	4	1	2	3	3	8	2	1	4	4	3	3	4	8	3	3	8	0	4	8	12	0	13	0	11	0	1	6	2	0	4
chr14	19161425	19161516	92	9	0	92	44	48	1	3	3	0	4	6	7	4	2	5	2	4	0	2	0	0	6	6	0	3	6	1	0	7	0	2	0	2	9	5	0	0
chr14	19161518	19161622	105	9	0	105	49	56	1	6	1	1	3	6	8	7	4	2	0	5	1	0	2	1	8	4	0	2	6	3	2	5	5	5	0	4	5	4	2	0
chr14	19161624	19162294	671	9	0	671	298	373	5	14	16	9	19	36	48	21	13	26	16	28	7	14	15	10	29	40	2	20	52	49	3	41	14	26	0	13	29	30	3	21
chr14	19162295	19162503	209	9	0	209	97	112	1	4	4	3	3	4	11	12	3	11	5	8	5	6	12	5	6	10	3	6	12	12	3	13	3	6	3	6	9	12	1	5
chr14	19162515	19162587	73	9	0	73	37	36	1	2	6	0	5	5	2	1	1	5	1	1	2	1	2	1	4	6	0	3	4	3	0	5	0	1	0	1	4	2	0	2
chr14	19162589	19163088	500	9	0	500	241	259	8	14	13	9	15	20	33	24	14	23	10	14	7	10	16	11	21	28	0	18	33	26	3	27	12	21	0	8	26	14	1	19
chr14	19163090	19163119	30	9	0	30	16	14	0	0	0	1	0	2	1	0	1	1	1	1	1	3	2	0	2	1	3	1	1	0	0	2	0	0	0	0	0	2	1	1
chr14	19163121	19163330	210	9	0	210	98	112	1	5	4	4	5	7	13	5	2	9	7	3	6	8	12	6	8	14	0	8	12	13	0	19	2	10	0	4	8	8	0	5
chr14	19163332	19163371	40	9	0	40	18	22	0	1	1	0	1	1	4	4	1	1	0	1	0	0	1	1	1	1	0	1	4	0	0	2	3	3	0	2	1	2	0	1
chr14	19163373	19163889	517	9	0	517	276	241	19	15	20	13	17	17	17	29	15	13	24	16	17	11	16	16	24	17	1	14	22	27	1	29	10	17	0	10	24	18	2	24
chr14	19163891	19163918	28	9	0	28	17	11	3	2	0	0	0	0	2	2	1	0	1	2	1	1	2	0	2	0	0	1	0	0	0	1	0	1	0	1	1	0	0	2
chr14	19163920	19164119	200	9	0	200	91	109	7	5	4	2	3	9	16	4	7	10	5	7	1	2	8	1	6	10	2	8	11	13	1	12	3	9	1	3	12	6	0	10
chr14	19164120	19164159	40	9	0	40	20	20	0	0	1	2	1	1	2	0	2	1	2	1	0	2	3	1	0	2	0	2	2	1	0	4	0	2	0	0	2	2	0	2
chr14	19164161	19164588	428	9	0	428	185	243	3	13	6	3	4	26	35	13	13	19	14	8	5	2	17	4	18	28	2	12	29	22	0	38	12	17	0	9	19	20	2	13
chr14	19164605	19165589	985	9	0	985	445	540	11	20	34	11	27	49	60	37	18	42	21	27	20	20	34	12	48	56	1	26	67	62	2	82	12	61	0	15	46	34	1	27
chr14	19165590	19166733	1144	9	0	1144	528	616	11	30	22	16	26	71	78	42	29	38	27	37	14	29	30	27	58	70	6	34	95	45	2	84	17	56	3	14	47	55	4	25
chr14	19166734	19167001	268	9	0	268	127	141	4	5	5	7	11	12	18	10	4	16	3	7	3	7	8	6	18	14	0	8	22	17	1	12	1	11	1	5	10	11	0	9
chr14	19167002	19167073	72	9	0	72	38	34	2	3	2	2	2	4	3	2	3	1	0	2	2	1	4	4	3	4	0	2	4	5	0	5	0	4	0	0	4	0	0	2
chr14	19167074	19167360	287	9	0	287	128	159	0	5	7	7	6	12	18	9	7	9	6	14	6	7	9	6	9	18	1	5	23	17	1	28	1	17	0	2	12	16	2	5
chr14	19167365	19167584	220	9	0	220	100	120	3	10	3	2	3	11	17	14	9	4	3	13	3	2	2	1	9	11	3	4	15	11	3	12	5	11	0	5	16	9	0	4
chr14	19167585	19167642	58	9	0	58	27	31	1	2	1	0	1	4	4	3	1	2	1	2	1	1	2	0	4	2	0	3	5	2	0	4	0	4	0	0	3	2	0	1
chr14	19167643	19167751	109	9	0	109	48	61	1	2	0	3	3	7	8	5	2	6	2	3	0	1	4	1	5	7	0	3	8	6	0	9	0	7	0	1	9	3	0	1
chr14	19167752	19167800	49	9	0	49	23	26	1	3	0	0	2	4	3	3	1	3	2	1	0	0	0	0	4	3	0	2	3	2	0	1	2	0	0	0	3	1	1	2
chr14	19167801	19167874	74	9	0	74	36	38	3	1	3	2	5	3	3	1	1	3	1	1	1	2	3	2	2	5	0	2	6	4	0	6	0	4	0	2	4	2	0	0
chr14	19167875	19167920	46	9	0	46	25	21	0	1	0	4	1	2	3	1	3	2	0	0	2	0	3	1	0	5	0	0	3	2	0	3	0	0	0	2	4	1	0	1
chr14	19167921	19167979	59	9	0	59	23	36	0	2	1	0	1	4	4	1	0	2	0	0	2	1	2	1	3	5	0	1	5	6	2	4	2	4	0	2	0	2	0	0
chr14	19167980	19168083	104	9	0	104	42	62	1	2	0	0	0	8	5	6	1	5	2	3	1	1	5	1	8	7	1	0	7	5	4	7	2	7	1	2	3	4	0	3
chr14	19168084	19168158	75	9	0	75	37	38	2	3	1	1	1	2	4	5	2	1	2	5	2	0	0	4	2	4	1	0	8	3	1	5	0	3	0	1	2	7	0	1
chr14	19168159	19168207	49	9	0	49	21	28	0	0	1	0	1	2	5	1	0	3	1	2	0	1	2	1	1	4	0	1	4	1	0	4	1	3	0	2	3	1	0	2
chr14	19168208	19168354	147	9	0	147	61	86	0	3	3	1	3	7	12	5	2	7	1	4	2	5	4	1	8	10	0	4	11	13	2	10	2	9	0	2	6	4	0	4
chr14	19168355	19168466	112	9	0	112	47	65	0	2	3	0	3	6	9	3	0	2	2	6	2	2	3	3	4	6	1	2	9	6	0	10	3	8	1	4	5	4	0	1
chr14	19168467	19168548	82	9	0	82	33	49	0	1	2	0	1	5	8	2	1	3	0	5	1	1	1	1	6	2	0	2	5	7	2	4	1	7	0	2	4	3	0	3
chr14	19168558	19168905	348	9	0	348	148	200	2	8	6	8	7	16	32	6	9	11	10	9	6	8	6	3	13	22	0	8	20	24	1	35	13	15	2	7	15	19	1	4
chr14	19168913	19168964	52	9	0	52	29	23	2	3	5	0	2	1	2	1	4	2	1	0	3	0	1	0	2	2	0	2	2	1	0	3	1	1	1	1	1	2	1	3
chr14	19168965	19169487	523	9	0	523	272	251	49	18	8	12	20	21	32	14	9	12	24	15	9	13	13	3	25	17	4	18	28	13	5	21	16	20	5	17	18	17	5	20
chr14	19169488	19169573	86	9	0	86	50	36	17	2	0	1	3	3	5	5	1	2	5	3	0	0	1	1	3	0	0	4	4	0	1	1	5	5	0	2	4	1	1	4
chr14	19169574	19169645	72	9	0	72	35	37	2	2	2	3	2	4	2	1	3	1	3	1	2	1	4	1	2	3	1	2	6	2	1	2	1	3	2	4	1	3	0	3
chr14	19169646	19169707	62	9	0	62	30	32	0	1	4	1	3	2	4	3	3	0	5	3	0	0	0	0	3	0	0	0	3	2	0	2	4	2	0	4	2	3	0	6
chr14	19169708	19169866	159	9	0	159	63	96	3	0	5	1	3	5	12	5	3	5	9	4	0	4	2	2	3	7	2	2	10	15	0	12	4	12	1	5	8	4	1	8
chr14	19169958	19170013	56	9	0	56	20	36	0	0	0	1	1	3	6	1	0	4	0	2	0	0	0	0	3	3	0	1	6	7	0	4	1	4	0	1	2	3	0	1
chr14	19170093	19170215	123	9	0	123	53	70	2	1	3	0	3	6	11	4	0	3	1	9	1	2	4	3	4	4	1	3	9	6	0	10	5	10	0	3	5	5	0	3
chr14	19170295	19229897	59603	9	0	59603	34421	25182	4178	1679	2453	2733	2381	1816	2615	2269	2342	1187	2053	1559	2142	1302	1373	2337	2481	1466	229	1808	2429	1854	214	2327	1846	1510	153	1723	2325	1994	186	2637
chr14	19229960	19230031	72	9	0	72	35	37	3	2	2	2	1	4	3	1	2	1	3	2	2	1	4	1	1	3	2	2	5	4	1	2	1	3	0	4	2	2	0	4
chr14	19230118	19230620	503	9	0	503	253	250	36	14	9	11	15	20	33	14	11	15	23	14	8	13	11	4	24	16	5	17	25	13	8	19	16	19	6	19	18	17	7	21
chr14	19230949	19231027	79	9	0	79	32	47	0	1	0	4	0	4	7	2	4	2	3	1	1	1	0	1	2	5	0	1	3	6	1	9	2	6	2	0	6	2	1	0
chr14	19231119	19231150	32	9	0	32	15	17	0	1	0	0	1	1	1	2	0	0	1	1	0	1	3	1	1	2	0	0	1	1	1	2	2	1	1	2	1	1	0	1
chr14	19231151	19231229	79	9	0	79	34	45	0	1	4	0	3	6	5	1	0	2	1	5	2	1	1	2	3	4	0	2	7	6	0	5	0	6	0	2	4	2	0	2
chr14	19231287	19231377	91	9	0	91	44	47	0	3	3	0	2	3	7	4	2	3	1	2	2	5	4	1	6	6	0	3	5	4	0	7	1	5	0	2	4	1	0	3
chr14	19231378	19231426	49	9	0	49	21	28	0	0	1	0	1	3	4	1	0	4	1	2	0	1	2	1	1	4	0	2	4	1	0	3	1	2	0	1	3	2	0	2
chr14	19231502	19231606	105	9	0	105	43	62	3	2	0	1	1	9	4	6	1	5	1	2	1	1	5	1	6	7	3	1	8	7	3	6	2	6	1	1	3	4	0	2
chr14	19231666	19231711	46	9	0	46	24	22	0	2	0	4	1	2	2	1	3	2	1	0	2	0	3	1	1	4	0	0	2	1	1	3	0	0	0	2	3	1	1	1
chr14	19231786	19231834	49	9	0	49	25	24	1	2	0	1	2	4	3	3	1	3	2	1	0	0	0	0	4	3	0	2	3	2	0	1	2	0	0	0	4	1	0	2
chr14	19231944	19232001	58	9	0	58	28	30	1	3	1	0	1	5	4	2	2	1	1	2	1	1	2	0	4	2	0	3	4	1	0	4	0	4	0	0	4	2	0	1
chr14	19232513	19232584	72	9	0	72	39	33	1	3	4	1	3	4	2	4	2	2	1	1	3	1	4	2	5	3	0	2	2	4	0	3	0	2	0	4	5	0	0	2
chr14	19234001	19234985	985	9	0	985	442	543	11	19	33	11	26	48	61	38	18	42	21	28	19	20	33	12	47	55	1	26	67	63	3	82	12	63	0	15	47	34	2	26
chr14	19235002	19235429	428	9	0	428	186	242	3	14	6	3	4	26	35	13	14	18	14	8	5	2	17	4	18	28	2	12	28	22	0	38	12	17	0	9	20	19	2	13
chr14	19235431	19235470	40	9	0	40	20	20	0	0	1	2	1	1	2	0	2	1	2	1	0	2	3	1	0	2	0	2	2	1	0	4	0	2	0	0	2	2	0	2
chr14	19235472	19235671	200	9	0	200	90	110	7	5	4	2	3	9	16	4	7	9	5	7	1	2	8	1	6	10	2	7	11	13	1	13	3	10	1	4	12	6	0	9
chr14	19235673	19235700	28	9	0	28	17	11	3	2	0	0	0	0	2	2	1	0	1	2	1	1	2	0	2	0	0	1	0	0	0	1	0	1	0	1	1	0	0	2
chr14	19235702	19236218	517	9	0	517	275	242	20	15	20	13	17	18	17	27	15	12	24	16	17	11	16	16	24	16	2	14	22	27	1	29	10	19	0	10	23	17	3	24
chr14	19236220	19236259	40	9	0	40	18	22	0	1	1	0	1	1	4	4	1	1	0	1	0	0	1	1	1	1	0	1	4	0	0	2	3	3	0	2	1	2	0	1
chr14	19236261	19236470	210	9	0	210	99	111	1	5	4	4	5	7	13	4	2	9	7	3	6	9	12	7	8	15	0	8	12	13	0	19	1	9	0	4	8	8	0	5
chr14	19236472	19236501	30	9	0	30	17	13	0	0	1	1	0	2	1	0	2	1	0	1	1	3	2	0	2	1	3	1	1	0	0	1	0	0	0	0	0	1	1	2
chr14	19236503	19237002	500	9	0	500	242	258	8	14	13	9	15	20	33	24	14	23	11	14	7	10	16	11	21	27	0	19	33	24	3	27	12	21	0	8	26	15	1	19
chr14	19237004	19237076	73	9	0	73	38	35	3	2	6	0	5	4	2	1	1	5	1	1	2	1	2	1	3	6	0	3	4	3	0	5	0	1	0	1	4	2	0	2
chr14	19237087	19237291	205	9	0	205	94	111	1	4	3	3	3	4	12	12	3	11	6	8	4	5	10	5	6	9	3	6	12	12	3	12	3	6	3	6	10	12	1	5
chr14	19237295	19237969	675	9	0	675	301	374	5	14	16	9	19	38	49	20	13	26	16	28	7	15	15	11	31	39	2	20	51	49	2	42	13	27	0	13	31	29	2	21
chr14	19237971	19238075	105	9	0	105	47	58	1	6	0	1	2	5	11	6	4	2	0	4	1	0	2	1	7	5	0	1	6	3	1	8	5	6	1	4	6	4	0	0
chr14	19238077	19238168	92	9	0	92	44	48	1	3	3	0	4	6	7	4	2	5	2	4	0	2	0	0	6	6	0	3	6	1	0	7	0	2	0	2	9	5	0	0
chr14	19238170	19238300	131	9	0	131	57	74	3	4	0	4	4	4	8	3	2	4	3	2	2	4	7	1	4	9	0	3	10	13	0	12	0	11	0	1	6	2	0	3
chr14	19238302	19238369	68	9	0	68	32	36	1	3	2	0	3	4	4	3	1	3	1	2	2	1	0	1	4	3	0	3	6	3	0	3	0	4	2	0	4	2	0	1
chr14	19238371	19239516	1146	9	0	1146	535	611	25	30	28	19	32	62	80	33	24	50	12	33	21	23	41	21	61	69	2	33	85	66	3	80	15	54	0	23	46	45	3	25
chr14	19239518	19239544	27	9	0	27	10	17	0	0	1	0	1	1	1	2	0	2	0	2	0	0	0	0	1	1	0	0	4	3	0	2	0	0	0	0	0	4	0	0
chr14	19239548	19239975	428	9	0	428	186	242	5	12	9	1	4	19	34	19	7	11	11	14	11	8	11	8	15	25	3	9	34	30	1	32	10	28	0	12	17	14	0	12
chr14	19239979	19240030	52	9	0	52	18	34	0	1	0	0	0	3	5	2	1	1	1	2	0	0	2	0	2	3	0	0	5	5	0	4	0	4	1	3	1	2	1	1
chr14	19240032	19240137	106	9	0	106	49	57	3	3	2	0	0	6	7	6	3	3	6	3	2	2	1	1	7	4	0	3	4	5	1	9	2	5	0	1	6	5	1	3
chr14	19240138	19240533	396	9	0	396	148	248	23	7	13	1	5	16	18	8	16	11	13	3	0	4	6	2	8	18	6	6	20	51	14	26	12	24	12	8	7	18	8	10
chr14	19240534	19240585	52	9	0	52	18	34	0	2	1	1	1	2	2	0	2	1	1	0	1	0	2	1	2	3	0	0	3	6	1	4	1	5	2	2	0	1	3	0
chr14	19240587	19240685	99	9	0	99	41	58	15	1	5	0	2	3	3	1	3	5	1	1	0	0	0	0	1	6	0	2	5	12	5	2	2	2	7	3	1	5	2	2
chr14	19240698	19240783	86	9	0	86	32	54	2	1	3	2	1	3	6	2	4	0	2	2	1	1	2	0	0	5	0	0	5	9	1	8	4	7	3	2	3	2	1	2
chr14	19240785	19240825	41	9	0	41	10	31	0	0	0	0	0	1	5	1	0	2	0	1	0	0	0	0	2	0	0	1	2	8	2	2	1	4	2	2	1	2	0	0
chr14	19240827	19240880	54	9	0	54	18	36	1	0	3	0	0	3	3	0	3	2	2	0	0	0	0	0	1	1	2	1	3	5	2	3	2	4	3	1	1	2	1	3
chr14	19240882	19241104	223	9	0	223	92	131	16	3	10	0	3	9	13	5	9	5	9	2	1	3	1	1	4	12	2	2	12	24	4	18	7	13	3	5	7	9	1	8
chr14	19241106	19241129	24	9	0	24	15	9	10	0	0	0	0	0	2	0	1	0	1	0	0	0	0	0	0	0	0	0	1	2	0	1	1	1	0	0	0	0	0	2
chr14	19241131	19241304	174	9	0	174	58	116	2	0	6	3	3	7	8	2	5	6	5	1	1	2	5	2	0	10	4	1	10	21	5	13	6	10	10	7	3	8	3	3
chr14	19241308	19241747	440	9	0	440	191	249	38	14	15	1	13	15	25	6	17	12	14	4	1	5	8	1	12	21	5	8	25	41	6	26	11	21	15	11	11	15	4	17
chr14	19241748	19242373	626	9	0	626	242	384	40	16	23	3	17	16	32	11	24	14	17	6	2	8	10	2	11	33	7	3	30	68	22	40	21	37	30	20	13	22	7	19
chr14	19242375	19242593	219	9	0	219	91	128	9	4	12	1	4	4	8	7	11	6	9	3	3	5	3	1	2	9	5	3	12	17	6	12	4	13	9	6	5	8	5	11
chr14	19242594	19242788	195	9	0	195	76	119	12	2	5	2	3	10	11	5	7	4	8	2	0	2	1	1	8	5	3	2	9	26	3	14	8	14	2	3	4	7	4	6
chr14	19242813	19243044	232	9	0	232	98	134	29	3	6	0	3	10	12	4	5	5	11	3	0	2	3	1	3	11	3	3	12	19	2	24	6	15	8	3	8	11	3	2
chr14	19243045	19243064	20	9	0	20	7	13	0	0	0	0	0	1	2	1	0	0	2	1	0	0	0	0	0	0	0	0	1	2	0	1	2	2	0	0	1	0	0	2
chr14	19243066	19256403	13338	9	0	13338	8914	4424	1293	432	594	892	534	298	375	529	552	223	342	371	832	375	403	868	565	228	45	490	313	174	26	355	294	167	12	266	564	299	21	604
chr14	19256405	19256440	36	9	0	36	24	12	4	1	2	2	0	0	1	1	5	0	3	0	1	0	2	1	1	0	0	0	0	0	0	2	0	0	0	0	1	2	0	5
chr14	19256442	19257398	957	9	0	957	656	301	108	24	48	68	48	20	24	40	42	16	19	25	49	36	26	61	47	15	4	30	16	8	2	19	28	5	0	25	41	17	0	44
chr14	19257400	19259035	1636	9	0	1636	1118	518	205	52	73	112	63	42	46	51	70	24	40	30	104	44	42	119	65	29	5	63	40	19	3	36	39	25	4	26	58	25	4	76
chr14	19259037	19259167	131	9	0	131	92	39	18	7	8	7	3	2	3	4	8	1	2	2	12	0	5	9	4	2	0	3	2	0	0	6	2	4	0	2	4	2	0	7
chr14	19259168	19259282	115	9	0	115	76	39	11	5	4	8	7	3	2	7	4	1	1	1	6	5	5	4	10	1	3	1	2	0	0	1	6	1	0	7	1	1	1	4
chr14	19259284	19259306	23	9	0	23	18	5	3	1	2	1	0	0	0	0	0	0	0	0	5	1	1	3	0	0	0	2	0	1	0	1	0	0	0	0	0	0	0	0
chr14	19259308	19259658	351	9	0	351	237	114	43	8	20	23	14	4	10	8	14	4	6	6	22	21	14	19	13	4	1	19	10	5	0	9	7	8	2	5	6	7	1	16
chr14	19259660	19259723	64	9	0	64	41	23	6	1	3	5	2	1	2	2	5	0	2	3	2	1	2	3	1	1	0	1	1	2	0	4	1	1	0	0	3	3	0	4
chr14	19259725	19260287	563	9	0	563	382	181	47	19	28	32	15	10	13	32	32	9	11	16	32	23	21	42	24	10	1	26	11	7	0	15	8	3	1	6	27	12	2	26
chr14	19260300	19260394	95	9	0	95	66	29	18	6	3	5	5	1	4	2	1	2	1	1	7	1	2	6	5	3	0	2	3	0	0	4	3	3	0	0	1	1	0	3
chr14	19260396	19260423	28	9	0	28	18	10	2	2	2	0	0	0	1	1	2	0	0	2	2	0	1	1	0	0	1	2	0	0	0	1	0	0	0	2	2	1	1	0
chr14	19260425	19260770	346	9	0	346	227	119	28	15	17	23	14	8	10	12	10	5	7	12	31	10	8	15	13	12	0	13	11	6	1	13	6	4	1	5	14	9	0	11
chr14	19260784	19261769	986	9	0	986	678	308	106	39	56	60	37	24	24	35	49	15	19	23	69	25	30	66	46	17	2	38	22	9	1	20	17	7	1	21	35	19	2	50
chr14	19261771	19261900	130	9	0	130	94	36	14	4	5	18	11	1	4	1	5	2	1	4	10	3	3	6	5	2	0	3	5	0	0	1	4	2	0	2	3	2	0	7
chr14	19261901	19261923	23	9	0	23	17	6	1	0	1	3	2	1	0	0	0	0	0	2	3	2	0	1	0	1	0	1	1	0	0	0	0	0	0	0	2	0	0	0
chr14	19261925	19262670	746	9	0	746	515	231	89	24	27	54	29	18	20	29	32	12	14	26	45	17	14	63	37	15	6	13	15	12	3	16	15	7	1	7	29	12	4	39
chr14	19262672	19262702	31	9	0	31	19	12	2	3	0	1	3	0	2	1	1	0	1	0	1	2	1	0	3	0	0	2	1	0	0	0	1	1	0	2	1	0	0	0
chr14	19262704	19264746	2043	9	0	2043	1402	641	215	78	92	141	81	36	50	92	87	24	45	53	144	64	68	130	80	41	3	78	47	15	0	53	51	18	4	41	81	41	5	83
chr14	19264748	19264789	42	9	0	42	27	15	3	1	3	2	1	1	2	1	4	1	1	2	1	1	1	1	1	1	0	2	0	0	0	1	0	0	0	2	5	0	0	2
chr14	19264791	19265128	338	9	0	338	220	118	30	10	16	25	14	5	8	16	19	5	5	11	18	12	8	18	15	7	3	7	13	8	0	10	6	3	0	5	9	13	2	15
chr14	19265130	19265157	28	9	0	28	17	11	1	0	3	2	1	0	0	1	4	0	0	2	0	0	1	1	0	0	0	0	1	0	0	1	1	0	0	1	1	3	0	2
chr14	19265159	19265220	62	9	0	62	42	20	5	1	3	5	1	1	3	2	4	1	2	3	4	0	2	4	3	0	0	1	0	0	0	1	1	0	0	3	2	1	2	5
chr14	19265231	19266125	895	9	0	895	616	279	87	28	39	61	33	27	20	42	41	8	18	18	54	41	39	59	47	12	1	43	18	6	0	14	20	11	0	21	37	9	1	38
chr14	19266126	19267819	1694	9	0	1694	908	786	123	46	49	84	46	50	68	57	62	36	52	33	70	34	26	70	53	51	18	44	68	66	52	47	43	69	43	49	58	47	23	55
chr14	19267833	19268423	591	9	0	591	229	362	6	14	17	11	18	27	38	10	23	10	26	13	1	9	2	4	13	26	9	11	42	54	12	40	22	30	9	21	16	38	6	11
chr14	19268425	19268460	36	9	0	36	13	23	0	0	0	1	0	1	4	0	1	1	2	1	0	0	2	0	0	0	0	1	1	2	1	3	2	4	1	1	1	1	0	3
chr14	19268462	19268606	145	9	0	145	52	93	4	1	4	1	2	4	5	2	2	4	10	3	2	1	2	3	1	5	1	4	7	19	6	13	2	9	4	3	3	12	3	1
chr14	19268608	19268650	43	9	0	43	32	11	12	3	1	0	0	0	2	2	3	1	0	0	2	0	0	4	2	1	0	1	2	0	0	1	0	0	0	0	0	2	0	2
chr14	19268663	19269127	465	9	0	465	338	127	63	12	19	34	10	9	9	19	19	3	7	10	34	24	19	45	18	6	3	21	8	5	1	8	8	4	0	6	13	7	0	19
chr14	19269138	19269909	772	9	0	772	459	313	51	26	27	32	22	23	38	34	28	12	34	19	35	24	20	33	36	16	4	29	22	14	5	20	26	14	5	27	32	17	2	43
chr14	19269910	19270374	465	9	0	465	242	223	24	15	16	11	15	13	27	17	16	15	20	8	12	9	7	16	22	10	4	16	18	18	5	21	19	19	3	9	13	15	6	24
chr14	19270375	19270447	73	9	0	73	42	31	5	4	2	2	6	3	2	4	1	0	3	3	2	1	2	1	7	1	0	0	2	3	0	2	3	2	0	3	3	1	0	3
chr14	19270448	19270944	497	9	0	497	337	160	50	16	23	38	18	7	17	24	29	7	9	17	30	16	13	23	26	5	0	14	9	9	0	12	9	5	0	7	22	11	0	29
chr14	19270945	19271707	763	9	0	763	524	239	66	27	36	56	26	18	20	29	37	12	10	20	57	26	23	59	37	15	3	28	16	7	2	22	14	5	2	9	26	20	3	30
chr14	19271709	19271750	42	9	0	42	29	13	2	0	3	3	0	1	1	3	3	1	1	2	3	1	1	3	2	0	0	1	1	0	0	1	0	0	0	0	2	1	0	4
chr14	19271752	19272094	343	9	0	343	204	139	26	16	16	7	10	12	13	8	13	9	16	11	16	11	8	11	20	9	6	13	4	4	5	14	7	2	0	5	12	12	4	21
chr14	19272096	19272141	46	9	0	46	16	30	0	0	2	0	2	4	3	0	0	1	2	0	0	0	0	0	1	3	0	1	5	5	0	2	4	3	0	3	1	1	0	1
chr14	19272143	19272248	106	9	0	106	55	51	8	5	4	3	6	6	8	1	5	2	5	0	1	0	1	0	3	4	0	5	5	2	0	4	7	2	0	5	6	3	0	3
chr14	19272250	19272274	25	9	0	25	13	12	2	1	2	0	2	0	1	2	1	1	0	0	0	0	0	0	1	1	0	0	1	0	0	2	1	2	0	1	1	0	0	1
chr14	19272276	19272669	394	9	0	394	192	202	10	9	21	5	19	13	22	11	10	13	19	8	6	7	11	6	12	13	0	18	19	15	1	26	18	16	1	13	16	17	0	17
chr14	19272671	19272711	41	9	0	41	20	21	1	0	0	1	0	1	3	2	1	1	2	2	0	1	4	1	2	1	0	0	2	2	0	2	0	1	0	3	1	1	0	4
chr14	19272713	19273117	405	9	0	405	193	212	15	10	23	6	18	16	23	8	15	13	11	5	6	9	10	5	8	20	3	17	27	22	3	21	15	16	0	14	15	15	0	14
chr14	19273119	19273144	26	9	0	26	15	11	0	0	2	1	1	2	1	0	1	0	1	1	1	0	0	3	1	1	0	0	1	0	0	0	0	1	0	3	2	0	0	1
chr14	19273146	19273562	417	9	0	417	198	219	17	4	23	7	17	21	22	6	13	11	14	5	6	13	11	6	14	15	1	19	28	19	4	24	11	26	1	14	13	15	2	13
chr14	19273566	19274762	1197	9	0	1197	737	460	101	32	67	66	57	23	39	38	63	20	48	35	45	27	27	49	42	31	3	25	38	25	2	42	28	22	2	32	49	29	7	81
chr14	19274779	19275467	689	9	0	689	470	219	85	34	37	33	39	20	17	22	28	13	13	19	38	18	22	30	41	14	1	30	14	1	0	15	18	6	0	6	25	9	1	38
chr14	19275468	19275490	23	9	0	23	14	9	4	1	1	0	1	0	0	2	1	0	0	2	0	0	0	2	0	0	0	0	2	1	0	0	1	1	0	0	0	1	0	1
chr14	19275491	19275599	109	9	0	109	77	32	19	2	10	2	5	3	1	0	3	6	2	2	5	1	4	10	4	2	0	6	0	3	0	2	1	0	0	1	5	0	0	8
chr14	19275601	19275684	84	9	0	84	59	25	3	0	3	7	2	3	3	2	3	0	1	4	6	2	1	17	1	2	0	2	3	2	0	1	2	0	0	4	4	2	0	2
chr14	19275686	19275987	302	9	0	302	203	99	28	9	13	21	12	6	14	14	20	8	4	10	11	3	9	19	17	4	0	5	9	0	0	4	7	1	0	10	13	8	0	21
chr14	19275989	19276018	30	9	0	30	20	10	2	2	2	0	1	0	2	0	3	0	1	0	0	2	1	2	1	1	0	2	1	0	0	0	0	0	0	0	1	0	0	4
chr14	19276020	19276426	407	9	0	407	289	118	59	9	26	35	26	5	7	10	23	6	7	17	21	8	7	22	16	3	2	8	9	3	0	7	6	2	1	7	17	11	1	24
chr14	19276432	19276455	24	9	0	24	17	7	5	0	1	2	0	0	1	1	1	1	1	0	2	1	0	1	1	0	0	0	0	0	0	1	0	0	0	0	0	1	0	2
chr14	19276458	19277876	1419	9	0	1419	971	448	144	56	63	105	61	22	40	52	67	22	27	32	96	51	49	83	57	27	4	63	41	16	0	31	22	13	0	25	55	32	2	59
chr14	19277877	19278378	502	9	0	502	335	167	41	14	14	38	18	25	7	34	20	11	9	13	28	15	18	29	33	9	1	21	16	3	1	8	12	3	1	4	23	13	3	15
chr14	19278388	19279741	1354	9	0	1354	798	556	110	30	46	78	46	27	56	47	44	27	49	27	65	47	38	60	49	27	5	50	37	32	16	57	39	37	16	44	51	46	11	38
chr14	19279742	19279771	30	9	0	30	27	3	22	0	0	0	1	0	0	0	0	1	1	0	0	0	0	0	1	0	0	0	0	0	0	0	0	0	0	0	1	0	0	1
chr14	19279772	19280284	513	9	0	513	303	210	35	11	26	29	26	12	21	19	27	11	16	21	13	8	13	14	17	11	0	14	19	5	3	23	16	10	0	16	25	24	3	23
chr14	19280286	19280367	82	9	0	82	56	26	12	3	1	4	3	2	1	7	2	1	3	4	3	3	1	5	3	2	1	4	1	0	1	1	2	0	0	0	6	1	2	1
chr14	19280369	19280485	117	9	0	117	77	40	5	5	5	10	7	1	3	9	6	1	2	1	8	6	4	2	6	2	0	5	2	0	0	3	5	2	0	5	8	1	0	1
chr14	19280487	19280576	90	9	0	90	52	38	8	5	2	3	5	1	4	2	3	2	4	2	2	3	4	1	5	3	0	3	4	3	0	3	2	1	0	2	2	3	0	6
chr14	19280578	19280899	322	9	0	322	175	147	16	16	8	14	12	9	15	15	15	5	6	5	10	9	11	8	10	17	0	12	24	11	0	15	9	8	2	7	8	15	2	6
chr14	19280901	19280990	90	9	0	90	60	30	4	2	1	6	3	3	0	4	0	0	3	7	6	2	3	15	1	4	1	2	6	0	2	0	1	2	0	1	2	2	1	4
chr14	19280992	19284247	3256	9	0	3256	2174	1082	262	109	134	255	130	82	98	121	150	45	76	76	218	93	99	224	160	50	5	114	82	46	6	90	63	47	4	66	126	81	5	137
chr14	19284249	19284304	56	9	0	56	37	19	16	0	9	0	1	0	0	0	8	1	1	0	0	0	0	0	0	0	1	0	0	1	1	4	0	0	0	0	1	5	0	5
chr14	19284305	19284389	85	9	0	85	60	25	18	0	20	0	0	0	0	0	21	0	0	0	0	0	0	0	0	0	0	0	0	0	0	4	0	0	0	0	0	4	0	16
chr14	19284395	19284411	17	9	0	17	11	6	2	0	4	0	0	0	0	0	3	0	0	0	1	1	0	0	0	0	0	1	0	0	0	1	0	0	0	0	0	1	0	1
chr14	19284416	19284976	561	9	0	561	339	222	40	13	24	37	24	15	18	26	28	8	18	18	22	11	16	19	15	9	2	21	18	13	2	20	21	17	0	12	29	14	6	23
chr14	19284981	19285175	195	9	0	195	139	56	14	2	6	13	4	3	10	5	6	7	2	17	11	1	12	24	8	2	0	3	2	0	0	2	2	0	0	4	10	2	0	21
chr14	19285180	19285468	289	9	0	289	185	104	22	6	12	20	10	5	11	9	18	2	6	11	11	12	13	16	8	9	0	8	9	5	0	13	4	4	0	6	14	9	0	14
chr14	19285479	19287270	1792	9	0	1792	1121	671	144	54	78	103	64	41	56	81	86	26	57	56	84	36	58	96	53	31	8	65	55	30	4	60	51	39	9	41	83	49	9	83
chr14	19287272	19287286	15	9	0	15	7	8	0	0	1	1	1	0	0	1	1	1	0	0	0	0	0	0	1	0	0	0	0	1	0	1	1	0	0	1	0	2	0	0
chr14	19287288	19288283	996	9	0	996	647	349	109	26	41	71	44	12	36	33	53	21	34	29	41	19	27	51	30	12	1	35	29	19	1	29	27	11	2	14	37	36	4	60
chr14	19288289	19288597	309	9	0	309	218	91	41	6	12	36	13	3	2	15	16	5	6	6	25	7	7	17	6	4	2	8	7	6	2	6	5	6	1	4	16	5	3	9
chr14	19288598	19288726	129	9	0	129	66	63	12	4	2	2	6	5	8	1	2	3	13	2	1	1	1	1	4	2	0	7	5	3	1	5	7	4	0	5	4	5	3	8
chr14	19288728	19288769	42	9	0	42	24	18	7	1	0	2	0	2	1	4	1	1	0	0	1	1	2	0	3	1	0	1	2	0	1	1	2	3	0	1	0	1	1	0
chr14	19288772	19289336	565	9	0	565	357	208	61	17	21	29	15	13	27	21	25	7	14	22	28	12	18	26	22	10	2	15	17	6	0	17	12	11	6	21	25	13	4	26
chr14	19289347	19290350	1004	9	0	1004	652	352	104	27	49	61	37	24	39	31	46	15	24	26	54	39	25	50	36	20	2	47	25	14	3	29	30	10	3	21	40	27	4	40
chr14	19290352	19290376	25	9	0	25	19	6	3	0	1	3	1	0	0	1	1	1	0	0	2	0	2	2	0	0	0	1	1	0	0	0	1	0	0	1	0	1	0	1
chr14	19290382	19290468	87	9	0	87	60	27	4	2	3	8	3	3	2	8	1	1	2	2	9	1	1	9	4	2	0	1	0	0	0	2	7	0	0	4	5	0	0	1
chr14	19290480	19290770	291	9	0	291	156	135	21	7	12	7	15	10	15	13	4	7	8	9	7	5	9	5	13	10	0	7	16	7	1	12	11	13	1	15	13	6	0	10
chr14	19290772	19290793	22	9	0	22	9	13	0	1	1	0	0	3	1	0	1	0	0	0	1	1	0	0	2	3	0	0	1	1	0	1	0	1	0	1	1	0	0	0
chr14	19290795	19291131	337	9	0	337	198	139	23	6	21	14	14	10	11	16	14	8	8	13	12	3	8	15	8	5	2	12	16	4	1	12	17	8	0	11	11	16	3	13
chr14	19291132	19291163	32	9	0	32	28	4	9	3	2	3	1	0	0	0	0	0	0	0	5	0	0	3	1	1	0	1	0	0	0	1	0	0	0	0	0	0	0	0
chr14	19291165	19291531	367	9	0	367	194	173	15	11	8	14	9	17	20	9	11	8	17	12	13	10	12	7	12	17	3	14	22	9	3	14	7	9	2	12	15	14	2	17
chr14	19291533	19291572	40	9	0	40	24	16	19	0	2	0	0	1	0	0	0	0	0	0	0	0	0	0	0	1	0	0	1	1	3	0	0	3	5	2	0	0	0	0
chr14	19291596	19292007	412	9	0	412	202	210	31	7	11	9	11	21	19	9	7	7	20	15	9	7	11	7	7	14	8	13	24	16	7	16	15	20	3	18	15	13	6	14
chr14	19292012	19292231	220	9	0	220	110	110	23	4	1	6	7	10	13	6	2	5	16	1	4	4	5	1	5	8	2	8	13	8	2	10	10	10	1	9	8	7	1	8
chr14	19292244	19292724	481	9	0	481	338	143	50	15	16	40	19	10	15	20	17	10	5	15	35	11	17	43	23	4	0	17	11	5	0	8	11	6	0	9	19	9	0	19
chr14	19292729	19293240	512	9	0	512	326	186	43	20	19	27	20	15	15	18	20	9	17	14	26	16	17	28	23	13	3	21	15	6	3	16	8	6	1	11	22	15	3	20
chr14	19293242	19293261	20	9	0	20	9	11	0	1	0	0	0	3	2	0	0	0	1	0	0	0	0	0	2	1	0	1	1	1	0	1	1	1	0	0	1	0	0	1
chr14	19293263	19293312	50	9	0	50	33	17	5	1	3	3	2	0	1	2	3	2	1	1	2	2	2	2	0	1	0	4	2	1	0	0	1	0	0	1	3	1	0	2
chr14	19293314	19293342	29	9	0	29	18	11	2	0	1	1	0	1	2	2	1	0	0	2	0	3	0	1	2	1	0	2	1	0	0	0	1	0	1	0	1	0	1	1
chr14	19293344	19293495	152	9	0	152	89	63	10	6	11	8	11	5	6	4	8	5	2	3	6	0	1	3	6	4	0	5	6	2	0	5	6	5	1	4	8	2	1	6
chr14	19293506	19294451	946	9	0	946	560	386	96	30	35	37	40	28	38	30	32	17	34	30	30	19	30	33	41	19	6	28	33	17	4	36	23	27	3	35	39	27	9	38
chr14	19294453	19294475	23	9	0	23	15	8	0	2	1	0	1	0	0	3	1	0	1	1	1	2	0	0	3	0	0	1	1	0	0	0	0	0	0	0	1	1	0	1
chr14	19294480	19294784	305	9	0	305	188	117	20	7	14	17	15	16	14	11	10	7	8	9	13	8	4	15	15	7	0	16	10	3	0	7	13	6	0	4	18	4	0	12
chr14	19294786	19297314	2529	9	0	2529	1507	1022	193	72	118	132	107	81	109	85	124	50	81	67	92	53	61	80	94	67	16	79	99	45	9	86	80	51	1	72	109	76	6	132
chr14	19297315	19297584	270	9	0	270	135	135	22	5	6	8	11	11	16	7	4	3	17	10	5	3	4	1	4	10	0	8	16	7	3	15	12	14	1	11	13	10	2	9
chr14	19297586	19297615	30	9	0	30	13	17	0	0	1	1	0	2	1	2	0	0	2	1	1	0	0	0	0	1	1	0	2	1	1	0	2	1	1	4	1	1	1	0
chr14	19297617	19298335	719	9	0	719	484	235	77	18	27	51	30	21	16	34	31	11	19	20	36	24	21	47	27	17	4	25	22	6	2	12	16	9	0	13	36	10	2	33
chr14	19298337	19298383	47	9	0	47	30	17	4	3	3	3	6	1	1	0	2	0	2	1	1	1	0	2	3	1	0	1	1	0	0	1	2	0	0	1	1	1	0	3
chr14	19298385	19298439	55	9	0	55	34	21	4	3	0	3	2	0	4	4	3	2	3	1	1	3	0	0	5	2	0	1	1	0	0	1	2	0	0	0	3	0	0	5
chr14	19298440	19299488	1049	9	0	1049	594	455	88	32	41	48	36	36	47	32	38	17	30	25	47	14	28	33	30	25	9	35	47	34	8	37	34	38	9	39	40	29	6	35
chr14	19299493	19300469	977	9	0	977	435	542	44	25	26	23	26	38	59	17	23	25	53	14	26	12	14	8	30	36	9	25	46	44	30	51	39	53	23	41	26	38	16	35
chr14	19300482	19300693	212	9	0	212	61	151	2	1	4	2	4	7	13	3	3	6	13	1	0	0	2	0	3	5	3	2	15	14	10	16	5	20	20	13	4	16	2	1
chr14	19300710	19300926	217	9	0	217	95	122	9	8	5	6	5	5	13	3	11	4	6	5	4	2	4	4	7	3	4	5	9	16	9	10	4	13	9	6	6	12	2	6
chr14	19300928	19300948	21	9	0	21	8	13	1	0	2	0	1	0	0	0	0	1	1	0	1	0	1	0	0	1	0	0	1	2	1	1	0	2	0	2	0	0	0	1
chr14	19300950	19301065	116	9	0	116	27	89	0	2	2	0	1	6	7	0	3	3	3	0	0	0	0	0	2	6	2	0	5	14	11	7	5	13	9	4	2	4	2	1
chr14	19301067	19301115	49	9	0	49	16	33	0	1	1	1	2	0	2	0	1	1	5	1	0	0	0	0	0	1	1	0	3	8	1	2	1	1	3	3	1	4	1	2
chr14	19301117	19301295	179	9	0	179	74	105	6	2	10	7	4	3	5	2	10	5	7	4	5	0	2	1	2	4	3	1	6	18	11	7	1	7	6	12	5	13	4	4
chr14	19301302	19302073	772	9	0	772	241	531	13	15	9	6	8	21	50	3	17	27	49	6	5	2	8	1	11	30	11	13	27	55	52	45	31	52	63	40	13	43	26	18
chr14	19302075	19302120	46	9	0	46	7	39	0	0	0	0	0	2	2	0	0	0	1	0	0	1	1	0	0	2	1	0	2	7	7	2	2	9	2	2	0	1	0	0
chr14	19302122	19302220	99	9	0	99	26	73	1	1	5	0	1	1	5	1	5	2	3	1	0	0	0	0	0	1	0	3	3	8	11	5	4	13	9	3	1	5	3	2
chr14	19302222	19302386	165	9	0	165	51	114	2	2	9	0	3	5	5	5	7	4	7	1	0	0	0	0	3	4	3	1	8	11	16	6	6	20	9	7	1	7	4	7
chr14	19302388	19302417	30	9	0	30	6	24	0	1	0	0	0	0	2	0	1	1	1	0	0	0	0	0	0	1	1	0	1	5	3	2	1	2	2	1	0	3	0	0
chr14	19302419	19302500	82	9	0	82	21	61	0	0	3	0	3	3	5	2	0	2	2	0	0	0	0	0	1	2	1	1	5	8	7	2	7	10	5	6	0	2	3	0
chr14	19302502	19302591	90	9	0	90	23	67	0	0	2	0	0	4	4	2	2	2	3	4	0	0	0	0	1	4	1	0	7	10	10	2	0	9	4	6	2	7	1	1
chr14	19302593	19303017	425	9	0	425	169	256	10	12	11	1	11	18	29	7	7	12	17	7	6	3	12	5	10	16	7	12	27	29	12	21	17	29	10	22	11	15	3	14
chr14	19303019	19303041	23	9	0	23	9	14	0	0	0	1	0	1	2	1	1	0	0	0	0	0	0	2	0	1	0	0	2	2	0	3	2	2	0	0	0	1	0	0
chr14	19303043	19303192	150	9	0	150	68	82	2	3	4	2	7	7	12	5	2	8	10	3	0	1	1	0	9	4	0	5	10	5	1	5	6	3	1	8	6	9	0	9
chr14	19303194	19303242	49	9	0	49	27	22	3	1	6	1	5	1	2	0	1	2	0	2	1	0	0	1	2	1	0	1	1	1	0	4	2	3	0	1	2	1	0	2
chr14	19303244	19303372	129	9	0	129	58	71	1	2	7	0	3	5	9	2	4	4	12	1	2	2	1	1	6	2	0	5	8	4	0	10	2	5	0	7	4	11	0	7
chr14	19303373	19303388	16	9	0	16	8	8	0	1	0	0	0	4	0	0	0	0	0	0	1	0	1	0	3	0	1	1	0	0	0	0	1	0	1	0	0	0	0	0
chr14	19303393	19304043	651	9	0	651	293	358	14	10	20	8	15	56	38	22	17	16	35	13	6	9	8	5	48	17	4	22	37	39	2	34	17	20	5	30	28	36	3	15
chr14	19304044	19305041	998	9	0	998	466	532	38	21	40	25	38	39	70	19	33	21	48	24	15	8	15	12	34	27	3	25	51	60	5	61	36	51	5	46	44	40	1	41
chr14	19305056	19305123	68	9	0	68	29	39	1	1	2	3	4	1	4	1	2	2	2	2	0	0	0	4	2	1	0	1	3	10	1	3	1	4	1	2	4	2	0	2
chr14	19305137	19305966	830	9	0	830	370	460	29	17	28	14	14	19	66	20	33	20	45	16	12	9	17	10	11	19	2	33	44	62	6	56	32	44	5	31	32	44	1	37
chr14	19305969	19310394	4426	9	0	4426	2723	1703	366	136	178	257	160	122	176	178	202	88	152	115	208	105	111	168	189	103	18	141	138	104	7	159	127	72	4	83	182	128	13	234
chr14	19310411	19311225	815	9	0	815	489	326	67	22	26	42	23	30	30	43	31	13	21	18	37	24	22	39	41	21	3	23	38	13	4	25	19	21	8	26	28	25	5	25
chr14	19311227	19311277	51	9	0	51	30	21	5	1	1	2	2	1	3	2	1	1	1	1	1	3	1	3	2	1	0	2	2	2	0	1	3	0	0	3	1	2	0	1
chr14	19311279	19311605	327	9	0	327	212	115	27	10	14	20	15	11	6	15	9	5	7	7	20	14	10	22	16	8	1	15	10	6	2	7	10	3	1	6	10	7	2	9
chr14	19311611	19311878	268	9	0	268	165	103	14	8	3	13	7	11	11	18	7	2	3	14	10	11	5	27	17	7	1	6	11	13	0	7	5	4	1	4	14	7	0	5
chr14	19311880	19311921	42	9	0	42	30	12	6	2	1	2	2	0	2	1	0	1	0	1	3	2	3	4	2	0	0	3	0	0	0	0	2	0	0	1	1	0	0	1
chr14	19311923	19312850	928	9	0	928	611	317	92	32	35	54	45	21	25	41	35	9	25	41	41	22	27	64	37	15	3	29	33	18	1	15	23	11	0	22	39	23	2	46
chr14	19312852	19312884	33	9	0	33	19	14	3	1	2	3	6	1	0	0	0	1	0	1	0	0	0	0	1	1	0	1	3	1	0	0	3	0	0	1	0	2	0	0
chr14	19312886	19313356	471	9	0	471	311	160	47	18	19	41	30	7	10	14	26	5	8	12	22	13	15	23	17	12	2	12	19	7	1	16	8	6	0	8	17	18	1	15
chr14	19313358	19313400	43	9	0	43	29	14	3	1	1	3	4	1	1	4	2	1	0	5	0	0	0	2	3	0	0	0	0	0	0	1	1	0	0	0	6	1	0	1
chr14	19313402	19313716	315	9	0	315	194	121	27	8	15	16	13	9	9	11	15	3	13	4	12	8	11	19	11	8	0	9	9	5	1	13	10	8	1	11	12	7	0	15
chr14	19313728	19314770	1043	9	0	1043	640	403	85	26	45	59	43	20	38	40	46	14	38	30	42	35	30	47	33	22	6	34	35	28	1	37	30	18	2	28	43	33	1	52
chr14	19314772	19314820	49	9	0	49	30	19	2	1	3	3	2	1	2	0	0	3	3	0	5	2	2	1	1	1	0	5	2	1	0	0	0	0	0	2	2	1	0	2
chr14	19314822	19315427	606	9	0	606	345	261	44	11	20	32	28	23	30	19	18	9	23	20	17	18	21	11	22	23	1	15	24	12	2	21	27	12	3	28	27	12	2	29
chr14	19315448	19316992	1545	9	0	1545	917	628	130	50	75	60	59	54	71	56	70	29	42	39	54	41	32	53	69	35	6	64	60	32	8	42	55	30	6	41	56	45	6	73
chr14	19317006	19317319	314	9	0	314	214	100	29	12	8	18	13	4	7	18	5	8	5	11	20	16	15	23	20	7	4	9	7	4	0	8	3	2	0	7	12	6	0	11
chr14	19317321	19317368	48	9	0	48	34	14	7	3	3	2	1	1	2	0	1	1	2	1	6	1	1	1	2	0	0	4	1	0	0	1	0	0	0	0	1	1	0	3
chr14	19317378	19317993	616	9	0	616	398	218	80	29	26	30	40	13	22	17	27	12	11	17	17	14	13	28	36	14	1	17	23	10	0	18	12	9	0	11	22	18	1	26
chr14	19318001	19319007	1007	9	0	1007	637	370	93	47	43	47	52	21	31	37	41	14	28	33	44	23	30	51	42	19	6	38	26	14	9	28	30	19	2	21	43	25	3	45
chr14	19319009	19319040	32	9	0	32	20	12	2	2	0	2	2	1	2	3	1	1	0	1	1	0	0	0	2	2	0	0	1	0	0	1	2	0	0	0	3	0	0	1
chr14	19319042	19319192	151	9	0	151	105	46	16	5	5	12	6	4	4	11	6	0	1	10	10	3	2	9	9	1	0	2	4	1	0	3	3	3	0	2	10	3	0	4
chr14	19319208	19319347	140	9	0	140	94	46	5	5	3	6	3	8	3	14	1	0	2	2	10	9	3	18	13	4	0	5	3	2	0	2	9	1	0	2	3	0	0	2
chr14	19319361	19319834	474	9	0	474	278	196	21	19	14	21	23	22	14	30	20	13	5	13	11	12	15	24	35	15	0	17	27	14	3	9	10	4	2	8	17	19	1	14
chr14	19319836	19319886	51	9	0	51	29	22	3	2	1	1	2	2	3	1	2	1	3	1	1	2	2	1	4	1	0	2	2	0	0	3	1	0	0	1	1	4	0	2
chr14	19319888	19320032	145	9	0	145	90	55	13	4	5	6	5	6	5	13	8	4	4	9	2	1	1	4	8	4	0	3	6	0	0	1	4	2	1	1	11	1	1	10
chr14	19320034	19320077	44	9	0	44	28	16	8	4	1	2	5	1	1	1	1	0	0	1	1	1	0	0	3	2	0	1	3	3	0	0	0	0	0	0	2	0	0	1
chr14	19320079	19321593	1515	9	0	1515	972	543	154	62	55	88	78	26	47	72	58	32	30	43	70	40	53	63	76	35	4	45	55	21	4	41	37	24	4	33	55	40	2	66
chr14	19321610	19323244	1635	9	0	1635	1030	605	173	50	57	97	70	49	60	56	65	22	48	43	70	49	45	74	64	46	8	52	58	24	5	48	41	39	4	38	72	26	7	73
chr14	19323248	19323274	27	9	0	27	22	5	3	0	1	3	0	0	0	2	2	0	0	0	2	2	1	4	1	1	0	0	1	0	0	0	0	0	0	0	0	0	0	2
chr14	19323276	19324260	985	9	0	985	683	302	119	27	41	80	42	29	23	42	38	13	18	25	68	28	22	66	45	14	6	32	23	17	1	10	32	10	1	17	37	10	2	45
chr14	19324261	19324660	400	9	0	400	297	103	71	15	17	38	21	6	5	11	16	6	5	6	33	11	19	15	13	7	1	17	6	1	0	5	11	2	0	7	13	2	1	17
chr14	19324661	19325681	1021	9	0	1021	656	365	95	31	52	70	46	27	40	39	54	18	28	33	52	18	26	26	39	11	2	42	32	8	1	19	32	14	1	31	49	27	2	54
chr14	19325683	19325712	30	9	0	30	18	12	3	2	2	2	4	0	1	1	2	0	0	1	0	0	0	0	0	0	0	1	0	0	0	1	5	0	0	1	1	1	0	0
chr14	19325714	19328242	2529	9	0	2529	1500	1029	167	72	110	107	118	82	98	110	94	41	113	74	77	74	66	97	123	45	8	93	100	40	7	56	78	38	7	110	106	80	8	128
chr14	19328252	19328367	116	9	0	116	59	57	7	4	5	2	9	0	7	2	0	2	15	2	2	0	2	0	1	1	2	2	5	0	0	2	8	0	0	15	4	5	0	10
chr14	19328369	19330364	1996	9	0	1996	1037	959	46	50	89	38	87	35	108	108	59	12	193	92	31	32	24	31	49	28	5	47	114	18	10	26	86	14	3	203	89	108	20	139
chr14	19330370	19330736	367	9	0	367	212	155	19	13	17	15	16	17	17	14	13	16	7	11	16	6	6	8	22	16	2	12	12	8	3	14	8	5	1	4	22	8	0	17
chr14	19330738	19330768	31	9	0	31	17	14	0	1	1	1	2	1	0	3	1	1	0	0	0	0	0	4	3	0	0	0	3	3	0	0	0	2	0	0	1	1	0	1
chr14	19330770	19331625	856	9	0	856	491	365	68	33	21	32	34	36	39	33	25	17	36	25	27	18	16	30	51	17	10	26	29	14	11	21	25	25	6	26	37	20	7	39
chr14	19331626	19334973	3348	9	0	3348	2057	1291	292	121	128	170	141	121	131	138	149	50	84	92	129	97	86	126	179	89	15	106	125	67	6	97	97	50	6	79	130	89	9	147
chr14	19334995	19335769	775	9	0	775	510	265	85	34	24	48	29	18	25	30	39	10	23	27	38	17	22	39	37	15	4	23	26	15	2	18	12	6	0	8	27	25	2	45
chr14	19335771	19335788	18	9	0	18	9	9	1	0	0	1	1	0	1	0	0	1	1	0	0	0	0	1	0	0	1	0	1	0	0	1	2	1	0	1	0	1	1	0
chr14	19335790	19337980	2191	9	0	2191	1169	1022	171	58	62	84	76	67	94	69	69	54	85	50	58	39	50	81	81	63	20	54	74	96	38	98	76	66	34	64	75	81	26	76
chr14	19337997	19339054	1058	9	0	1058	544	514	59	26	37	42	34	28	57	20	44	24	48	29	26	10	29	29	35	29	5	19	39	59	16	48	29	35	13	41	36	39	8	63
chr14	19339056	19339100	45	9	0	45	29	16	4	3	1	2	1	2	4	0	2	2	2	0	2	0	0	2	4	1	0	2	1	0	0	0	2	0	0	0	1	0	0	5
chr14	19339102	19339342	241	9	0	241	143	98	13	9	6	13	10	13	12	8	9	6	9	7	9	3	6	10	13	7	0	11	12	3	0	6	7	1	0	6	10	10	0	10
chr14	19339344	19340745	1402	9	0	1402	627	775	54	30	45	18	34	70	102	43	44	43	47	24	15	15	28	14	59	65	9	25	79	89	7	93	64	62	13	51	47	53	5	53
chr14	19340746	19341084	339	9	0	339	172	167	22	10	9	10	10	9	25	15	11	7	14	6	8	7	2	7	20	6	1	6	14	17	6	10	16	9	3	20	9	15	0	13
chr14	19341086	19341133	48	9	0	48	29	19	4	1	2	3	2	0	2	1	2	0	2	2	2	1	2	1	1	0	0	1	0	1	1	2	2	1	1	2	2	2	0	3
chr14	19341135	19341291	157	9	0	157	74	83	8	3	4	7	7	8	7	5	7	3	7	4	0	0	2	2	2	4	3	5	9	8	3	7	5	8	2	4	11	7	0	3
chr14	19341293	19341351	59	9	0	59	32	27	0	1	5	3	3	3	2	5	5	0	2	0	1	0	1	0	2	0	0	2	1	0	0	2	7	2	0	3	4	1	0	2
chr14	19341353	19342727	1375	9	0	1375	890	485	141	50	64	79	48	39	53	53	61	21	30	28	84	34	32	72	64	24	5	50	39	21	3	30	44	18	4	42	46	30	6	58
chr14	19342729	19343952	1224	9	0	1224	789	435	142	33	59	82	60	27	37	31	53	16	26	35	61	28	27	70	43	29	4	28	40	23	7	35	37	18	6	35	35	35	9	51
chr14	19343960	19344270	311	9	0	311	197	114	26	11	10	18	11	5	8	16	14	9	9	4	16	9	11	18	16	5	3	10	7	5	2	12	8	3	3	4	9	13	2	12
chr14	19344278	19344454	177	9	0	177	97	80	16	5	8	3	4	7	6	7	7	7	4	4	6	1	5	6	7	6	1	6	8	9	1	11	3	2	2	1	6	12	0	4
chr14	19344474	19349738	5265	9	0	5265	2326	2939	153	98	154	114	120	204	393	160	149	133	212	107	97	62	94	75	161	169	38	129	284	272	97	282	259	295	105	247	174	199	32	195
chr14	19349739	19350838	1100	9	0	1100	624	476	86	26	53	36	38	47	63	30	34	29	44	20	43	25	16	34	57	26	2	42	42	24	5	40	36	31	0	43	43	29	3	51
chr14	19350839	19351471	633	9	0	633	363	270	50	15	23	30	24	25	30	20	18	15	19	11	27	14	16	25	29	19	2	19	27	18	3	26	25	16	1	22	18	21	2	21
chr14	19351472	19351730	259	9	0	259	174	85	34	7	11	19	13	6	7	7	12	3	4	10	11	4	9	16	8	7	1	4	6	1	1	10	7	2	0	8	12	8	0	9
chr14	19351731	19352734	1004	9	0	1004	624	380	102	25	35	62	43	24	41	38	37	27	36	26	40	23	31	32	47	16	3	33	33	18	0	30	21	19	2	32	45	28	5	48
chr14	19352736	19352777	42	9	0	42	32	10	5	0	0	8	2	1	1	1	1	1	0	1	6	0	2	2	1	0	0	1	2	0	0	0	0	1	0	1	2	0	0	1
chr14	19352779	19353387	609	9	0	609	358	251	54	22	32	17	25	14	31	23	25	8	24	19	21	16	11	15	29	14	1	16	17	17	1	19	26	10	0	24	21	12	4	39
chr14	19353388	19353552	165	9	0	165	110	55	12	10	5	10	10	5	4	3	6	4	4	3	9	6	7	10	11	3	1	10	3	1	0	5	2	1	0	1	8	4	1	4
chr14	19353553	19357501	3949	9	0	3949	2276	1673	287	104	169	184	159	125	172	155	178	75	146	102	122	68	101	127	139	103	17	113	148	111	14	151	150	96	7	123	174	114	12	201
chr14	19357503	19357542	40	9	0	40	25	15	4	2	3	1	0	1	2	1	5	1	1	0	1	1	2	0	1	0	2	2	0	0	0	0	1	0	0	1	2	0	0	4
chr14	19357544	19357925	382	9	0	382	241	141	43	13	21	16	22	16	11	12	23	4	13	12	5	4	9	15	16	4	1	16	13	3	0	8	13	7	0	8	19	10	1	22
chr14	19357927	19357971	45	9	0	45	28	17	4	3	1	2	3	0	3	0	1	1	1	1	2	2	2	0	2	0	1	3	0	1	0	1	3	0	0	1	1	1	1	2
chr14	19357973	19361318	3346	9	0	3346	1797	1549	168	96	142	104	110	113	171	127	130	75	134	91	101	66	73	94	124	90	18	118	148	108	27	140	116	99	24	107	133	126	15	156
chr14	19361319	19362244	926	9	0	926	309	617	1	12	11	5	10	44	66	13	15	41	43	12	3	9	16	8	16	42	15	32	59	84	39	61	49	54	36	17	9	64	12	26
chr14	19362246	19362264	19	9	0	19	6	13	0	0	1	0	0	2	0	0	1	1	1	0	0	0	0	0	0	3	0	0	2	1	1	1	0	0	0	0	0	0	2	1
chr14	19362266	19362373	108	9	0	108	33	75	3	1	2	0	2	6	4	1	1	4	4	1	0	0	2	2	1	6	2	1	7	17	3	6	3	7	8	2	2	2	3	3
chr14	19362376	19367649	5274	9	0	5274	3355	1919	518	136	193	341	187	146	171	219	203	103	121	136	280	140	148	312	228	101	28	169	162	107	31	158	143	92	31	106	190	158	14	200
chr14	19367651	19367697	47	9	0	47	26	21	2	2	1	2	3	1	2	4	2	0	0	4	1	0	1	0	2	0	0	1	2	4	0	1	3	0	0	1	3	2	0	1
chr14	19367699	19368079	381	9	0	381	232	149	31	15	16	16	16	8	14	25	15	9	11	11	15	5	10	14	17	7	0	13	17	5	0	11	12	8	0	12	17	12	2	15
chr14	19368081	19368152	72	9	0	72	50	22	1	5	1	5	2	1	2	4	4	0	1	3	5	4	4	7	5	0	2	3	0	1	0	1	1	0	0	1	3	1	0	3
chr14	19368154	19369223	1070	9	0	1070	664	406	90	33	34	57	42	28	41	54	37	17	32	34	46	33	28	57	45	28	2	36	37	18	7	28	34	17	3	30	48	27	4	41
chr14	19369224	19370626	1403	9	0	1403	905	498	125	53	48	79	70	37	45	56	49	24	30	49	61	45	42	90	69	36	4	50	52	26	4	29	37	13	2	24	50	36	4	62
chr14	19370628	19370657	30	9	0	30	23	7	3	1	1	4	2	0	1	1	1	1	0	0	3	2	1	1	2	0	0	2	0	0	0	0	0	0	0	0	1	0	0	1
chr14	19370659	19372514	1856	9	0	1856	1114	742	153	53	79	107	81	52	75	66	72	43	43	55	85	40	47	62	81	33	12	62	62	44	15	49	60	42	17	51	71	52	8	82
chr14	19372541	19372696	156	9	0	156	98	58	26	5	7	7	10	3	3	7	4	4	2	2	5	1	8	2	6	4	0	3	6	3	0	6	8	5	0	5	3	3	0	6
chr14	19372697	19372742	46	9	0	46	33	13	6	2	4	2	1	0	0	3	1	2	0	2	6	0	2	0	1	2	0	2	2	0	0	1	0	0	0	0	1	1	0	3
chr14	19372743	19372757	15	9	0	15	14	1	0	0	0	4	0	0	0	1	0	0	0	0	4	0	0	3	0	0	0	0	0	0	0	0	0	0	0	0	1	0	0	0
chr14	19372771	19372912	142	9	0	142	59	83	14	1	8	1	3	2	5	2	4	5	7	2	2	0	1	1	0	6	1	1	6	9	6	10	5	9	7	4	1	7	4	6
chr14	19372914	19373244	331	9	0	331	106	225	7	4	11	1	8	13	22	4	6	6	10	7	2	1	3	0	3	10	6	5	25	20	16	20	14	35	25	16	6	17	1	5
chr14	19373246	19373330	85	9	0	85	35	50	1	3	5	1	4	3	6	0	5	4	2	1	0	0	0	0	2	4	2	2	5	4	3	3	3	2	1	6	3	6	0	2
chr14	19373339	19373396	58	9	0	58	20	38	1	1	1	0	1	4	3	2	1	2	2	2	0	0	0	0	4	2	0	1	4	4	3	3	1	3	3	1	1	6	0	0
chr14	19373398	19373816	419	9	0	419	189	230	27	5	11	11	8	12	26	14	11	12	18	9	9	3	6	6	11	11	2	8	19	22	13	27	18	24	11	13	12	24	2	12
chr14	19373830	19373960	131	9	0	131	56	75	5	1	6	3	4	8	6	4	5	4	5	1	1	1	2	0	4	3	4	3	11	4	0	8	3	10	6	3	4	5	0	5
chr14	19373962	19373983	22	9	0	22	9	13	1	1	2	0	3	1	0	0	0	0	1	0	0	0	0	0	1	0	0	1	2	1	0	2	0	3	0	0	0	1	0	0
chr14	19373985	19374043	59	9	0	59	24	35	1	1	1	0	1	2	2	1	1	3	3	5	0	0	2	0	0	4	2	0	2	2	2	4	1	2	1	2	3	3	3	3
chr14	19374045	19374092	48	9	0	48	24	24	3	2	2	0	2	2	2	0	1	1	0	0	1	3	3	0	4	0	0	4	2	2	1	1	0	3	3	2	0	1	0	1
chr14	19374094	19374207	114	9	0	114	43	71	2	2	1	1	2	7	8	0	2	2	11	2	0	1	1	0	2	1	4	5	4	5	4	4	6	7	5	6	5	5	1	6
chr14	19374209	19374327	119	9	0	119	64	55	12	1	3	5	3	10	4	4	3	4	3	2	2	1	2	3	8	3	2	4	8	4	1	1	2	6	1	3	3	1	4	4
chr14	19374342	19374504	163	9	0	163	81	82	3	1	1	1	2	30	10	9	1	8	2	4	0	3	1	4	29	8	1	4	12	0	1	1	6	2	0	1	4	4	0	8
chr14	19374510	19374552	43	9	0	43	19	24	0	0	0	0	0	9	3	2	0	2	1	0	0	0	0	0	8	1	0	3	4	0	0	1	2	2	0	0	1	2	0	0
chr14	19374554	19374610	57	9	0	57	29	28	0	1	0	0	0	10	2	7	1	3	0	1	0	0	0	2	11	2	0	2	4	0	1	0	1	1	0	0	3	2	1	0
chr14	19374614	19374706	93	9	0	93	43	50	0	0	0	0	0	18	4	4	0	8	2	3	0	1	2	1	17	4	2	3	5	2	1	2	0	0	0	0	4	4	1	3
chr14	19374709	19374735	27	9	0	27	16	11	1	0	0	1	0	3	1	2	1	2	1	1	0	0	0	2	5	0	0	0	1	0	0	0	0	0	0	0	1	1	0	2
chr14	19374737	19374760	24	9	0	24	12	12	0	0	0	0	0	3	1	3	0	2	0	0	0	0	1	1	3	0	0	2	2	0	0	0	1	1	0	0	1	1	0	0
chr14	19374762	19376457	1696	9	0	1696	1116	580	154	47	68	134	65	42	50	62	72	30	42	40	112	46	44	108	84	22	12	47	38	29	11	41	32	27	9	42	65	42	3	74
chr14	19376459	19376600	142	9	0	142	70	72	14	0	4	3	3	4	11	5	1	1	6	5	2	5	4	1	3	1	0	6	10	7	0	7	5	8	0	11	5	7	0	1
chr14	19376602	19376630	29	9	0	29	14	15	1	1	2	0	0	0	2	0	2	3	2	0	0	0	0	0	1	1	1	1	0	2	1	0	0	0	0	0	1	0	2	4
chr14	19376644	19376653	10	9	0	10	8	2	2	0	2	0	0	0	0	0	2	0	0	0	0	0	0	0	0	0	0	0	0	0	0	0	0	0	0	0	0	0	0	2
chr14	19376661	19376675	15	9	0	15	10	5	3	0	3	0	0	0	0	0	3	0	1	0	0	0	0	0	0	0	0	0	0	0	0	0	0	0	0	0	0	0	0	3
chr14	19376694	19376741	48	9	0	48	32	16	10	0	10	0	0	0	1	0	10	0	0	0	0	0	0	0	0	0	0	0	0	0	0	2	1	2	0	0	0	0	0	10
chr14	19376742	19376752	11	9	0	11	4	7	0	0	0	0	0	0	0	0	0	0	4	0	0	0	0	0	0	0	0	0	0	0	0	0	0	0	1	1	0	0	1	2
chr14	19376753	19376873	121	9	0	121	80	41	13	2	12	9	5	3	0	4	11	1	1	4	7	1	3	3	2	2	0	3	4	1	0	6	3	1	0	2	3	7	0	6
chr14	19376886	19377068	183	9	0	183	114	69	8	3	7	13	9	3	3	10	7	6	6	8	7	5	9	9	7	2	0	7	3	4	1	5	6	2	0	4	10	5	3	9
chr14	19377070	19377106	37	9	0	37	30	7	1	1	0	3	0	1	0	3	0	0	0	2	3	3	2	10	3	0	0	2	0	0	0	0	0	0	0	0	1	0	0	0
chr14	19377108	19377287	180	9	0	180	128	52	22	9	5	16	12	3	5	5	9	2	4	4	8	4	7	11	11	0	0	7	1	0	0	4	5	1	0	4	8	4	0	7
chr14	19377289	19377337	49	9	0	49	41	8	12	3	0	5	1	0	2	3	1	0	0	1	7	1	0	3	3	0	0	1	0	0	0	0	2	0	0	0	1	0	0	1
chr14	19377339	19377370	32	9	0	32	17	15	1	0	2	2	2	0	0	2	1	0	3	1	1	0	1	0	0	0	0	0	1	1	0	3	1	0	0	3	2	3	0	0
chr14	19377372	19377441	70	9	0	70	45	25	7	1	5	4	4	2	1	2	2	1	2	3	4	1	2	3	2	1	0	2	3	0	0	2	1	2	0	3	2	2	0	4
chr14	19377442	19377649	208	9	0	208	150	58	36	3	10	17	7	1	4	8	8	3	8	8	14	7	4	11	5	2	2	5	3	2	0	5	2	1	0	3	10	4	0	13
chr14	19377652	19378039	388	9	0	388	271	117	58	14	14	28	22	10	9	13	15	6	7	13	21	5	12	22	18	2	1	14	5	6	0	8	10	5	0	7	21	6	1	13
chr14	19378049	19378645	597	9	0	597	336	261	43	19	24	19	23	36	23	18	27	10	21	19	12	12	14	16	38	17	1	19	21	24	1	27	18	7	1	8	23	25	1	28
chr14	19378664	19379000	337	9	0	337	198	139	20	16	7	11	11	13	15	18	13	5	13	12	10	6	10	16	21	7	4	9	12	5	2	12	9	8	0	7	15	11	0	17
chr14	19379002	19379033	32	9	0	32	22	10	6	0	1	2	1	2	0	1	1	1	1	0	2	0	1	1	2	0	0	1	1	1	0	0	2	0	0	0	0	1	0	2
chr14	19379035	19379604	570	9	0	570	400	170	74	18	28	54	28	3	17	20	34	7	15	15	39	14	12	21	18	7	1	16	15	4	0	9	10	2	1	15	24	15	0	32
chr14	19379606	19379624	19	9	0	19	12	7	0	0	0	2	0	2	0	0	1	0	0	1	1	0	4	1	1	0	0	1	0	0	0	0	0	0	0	1	1	0	0	1
chr14	19379626	19380108	483	9	0	483	337	146	57	17	20	37	22	10	16	17	21	11	10	12	31	8	13	34	20	4	2	20	8	5	0	5	15	3	1	7	21	6	1	27
chr14	19380110	19380157	48	9	0	48	37	11	8	2	2	3	1	0	0	1	1	0	3	0	4	2	1	7	2	1	0	1	0	0	0	3	0	0	0	0	0	2	0	2
chr14	19380159	19380218	60	9	0	60	46	14	1	2	1	6	2	0	0	1	1	0	0	0	6	5	6	13	1	4	0	2	2	0	0	2	0	0	0	2	0	0	0	1
chr14	19380227	19380287	61	9	0	61	43	18	7	2	1	5	1	1	0	7	5	0	2	2	2	1	2	4	2	2	0	0	3	0	0	0	2	0	0	0	2	1	0	5
chr14	19380289	19380346	58	9	0	58	50	8	14	2	3	9	1	0	1	1	3	0	0	0	8	0	0	6	1	0	0	1	1	0	0	0	0	0	0	2	1	1	0	1
chr14	19380359	19380398	40	9	0	40	16	24	0	1	0	0	2	1	3	1	0	1	4	1	0	0	0	0	1	0	0	2	3	2	0	2	3	3	1	1	1	2	1	2
chr14	19380400	19381135	736	9	0	736	458	278	61	29	23	47	29	29	27	28	24	11	21	19	45	12	19	32	36	18	7	20	27	17	0	22	20	17	0	19	31	14	1	29
chr14	19381147	19381612	466	9	0	466	317	149	54	8	20	44	24	10	13	12	23	8	7	12	26	10	12	32	12	8	2	14	13	4	1	15	18	8	0	4	17	13	1	19
chr14	19381614	19381708	95	9	0	95	73	22	18	4	7	5	3	1	1	3	5	0	1	3	7	4	0	9	6	0	0	3	2	0	0	2	0	0	0	0	1	4	0	4
chr14	19381710	19381734	25	9	0	25	19	6	0	2	0	2	1	0	1	0	1	0	1	1	3	0	1	4	1	0	0	1	0	0	0	1	0	0	0	0	1	1	0	1
chr14	19381738	19382281	544	9	0	544	381	163	61	17	30	38	28	7	8	27	19	5	14	18	37	18	14	39	22	5	1	19	9	6	1	7	14	10	0	12	25	2	2	27
chr14	19382289	19382362	74	9	0	74	41	33	3	2	2	2	4	2	4	3	1	2	4	6	1	1	1	3	3	2	0	1	3	1	0	2	2	2	0	2	5	1	2	5
chr14	19382363	19382893	531	9	0	531	346	185	75	14	24	32	23	16	11	23	19	7	8	17	27	13	14	22	22	9	6	12	20	6	1	15	15	13	1	13	16	14	4	17
chr14	19382895	19382909	15	9	0	15	11	4	1	0	0	1	1	0	0	0	0	0	0	0	1	2	2	1	1	0	0	1	0	0	0	0	1	0	0	1	0	0	0	0
chr14	19382911	19383155	245	9	0	245	152	93	25	6	13	11	12	4	9	11	5	9	8	7	15	4	4	7	13	4	0	6	9	7	0	7	9	4	0	5	5	8	0	16
chr14	19383157	19383208	52	9	0	52	23	29	3	0	2	0	1	3	5	2	1	0	3	2	0	0	0	0	1	1	0	1	3	0	0	3	5	3	0	5	2	2	0	2
chr14	19383209	19383218	10	9	0	10	3	7	0	0	0	0	0	1	1	0	0	0	0	0	0	0	0	0	0	0	0	0	2	0	0	0	1	2	0	1	0	0	0	0
chr14	19383220	19383360	141	9	0	141	57	84	2	4	8	0	5	8	12	4	3	0	5	2	4	0	0	0	4	7	0	1	12	5	0	11	10	12	0	10	2	5	0	3
chr14	19383362	19383389	28	9	0	28	11	17	0	0	0	0	0	0	3	2	0	4	2	0	0	0	0	0	1	1	0	1	0	1	1	0	2	0	0	2	2	1	1	2
chr14	19383391	19383592	202	9	0	202	92	110	5	3	10	2	9	9	13	9	5	13	5	1	1	4	1	2	9	8	3	8	16	8	1	9	7	10	1	4	7	8	1	8
chr14	19383594	19383634	41	9	0	41	19	22	2	0	1	1	1	0	3	2	1	0	3	0	0	0	1	3	0	0	0	0	4	2	0	2	1	3	0	4	0	3	0	2
chr14	19383636	19384428	793	9	0	793	349	444	16	17	38	5	35	38	55	20	16	15	34	8	10	11	20	9	25	29	6	21	50	28	6	44	52	52	4	54	21	19	4	29
chr14	19384430	19384448	19	9	0	19	7	12	0	0	2	0	1	0	0	0	0	0	0	0	0	1	1	0	0	1	0	0	2	2	0	3	0	4	0	0	0	0	0	0
chr14	19384450	19385013	564	9	0	564	251	313	11	14	25	7	28	24	42	18	13	8	27	10	5	9	5	5	18	20	3	13	43	10	3	33	36	38	4	32	15	21	2	20
chr14	19385015	19385054	40	9	0	40	22	18	0	3	1	0	1	0	2	3	2	2	0	1	0	3	2	0	3	3	0	2	1	1	1	2	0	0	0	0	2	1	1	1
chr14	19385056	19385524	469	9	0	469	211	258	12	11	25	5	25	21	31	14	11	8	16	5	5	6	6	8	18	16	0	12	32	16	4	30	33	33	1	23	8	17	1	14
chr14	19385531	19385826	296	9	0	296	123	173	4	2	12	3	7	18	17	10	5	5	13	5	5	6	7	2	8	13	2	8	19	9	7	17	17	20	6	19	8	10	3	7
chr14	19385829	19386053	225	9	0	225	101	124	9	3	14	4	10	6	14	6	6	7	8	1	5	5	1	1	6	6	3	6	14	6	2	15	14	16	4	10	3	9	3	6
chr14	19386054	19386102	49	9	0	49	24	25	1	2	1	1	4	3	3	3	0	2	2	0	0	1	1	0	6	0	0	2	1	0	0	2	5	2	0	1	1	2	0	1
chr14	19386104	19386474	371	9	0	371	156	215	8	7	18	2	15	13	26	10	6	5	16	4	6	9	9	2	10	15	1	8	24	13	5	24	23	28	6	25	7	10	2	12
chr14	19386476	19386517	42	9	0	42	15	27	0	1	2	0	2	1	2	0	1	1	1	0	0	1	3	0	0	3	0	1	1	3	2	2	4	3	1	2	0	0	1	2
chr14	19386519	19387124	606	9	0	606	277	329	17	12	27	8	25	23	42	21	12	12	31	10	10	9	12	5	13	24	3	16	43	10	3	35	37	36	3	40	19	22	3	21
chr14	19387126	19387145	20	9	0	20	6	14	0	0	0	0	0	1	1	2	0	0	1	0	0	0	0	0	0	0	1	0	1	0	0	2	3	2	3	0	1	0	0	0
chr14	19387147	19387253	107	9	0	107	47	60	3	2	4	4	4	6	9	0	3	2	3	1	2	0	1	1	4	1	1	4	8	4	1	6	6	11	1	4	1	3	1	4
chr14	19387255	19387328	74	9	0	74	35	39	2	2	4	0	3	5	4	1	2	3	3	2	1	1	0	1	4	2	3	2	2	1	1	5	3	3	1	1	3	3	1	3
chr14	19387388	19387964	577	9	0	577	258	319	16	9	31	8	29	24	35	17	13	10	22	7	7	12	13	4	17	16	7	15	35	14	7	31	39	43	4	38	14	15	6	17
chr14	19387965	19388015	51	9	0	51	18	33	1	0	1	0	1	3	5	2	0	1	4	0	0	0	0	0	1	1	0	2	3	3	0	5	5	4	0	3	1	3	0	0
chr14	19388054	19388711	658	9	0	658	285	373	16	10	32	7	31	29	47	21	14	12	24	9	5	11	13	3	23	17	6	16	41	18	8	38	47	50	5	44	17	19	5	18
chr14	19388725	19388886	162	9	0	162	72	90	4	3	6	2	4	11	11	5	3	2	6	3	4	3	5	0	4	10	1	4	12	3	1	11	11	11	0	6	4	4	0	6
chr14	19388932	19389447	516	9	0	516	230	286	13	10	27	6	23	22	33	15	13	10	20	6	7	8	8	9	16	21	2	11	34	17	6	33	32	34	4	25	10	18	2	19
chr14	19389526	19390612	1087	9	0	1087	476	611	24	17	56	10	44	47	70	38	24	23	45	14	15	23	16	10	36	40	7	27	67	34	17	62	71	69	12	62	25	37	8	35
chr14	19390613	19390690	78	9	0	78	30	48	1	1	4	0	5	5	4	1	0	1	4	1	0	0	2	0	0	5	0	2	6	1	1	5	8	4	3	6	1	3	0	2
chr14	19390691	19390786	96	9	0	96	40	56	3	0	4	2	3	5	8	2	1	3	4	0	2	1	1	0	5	0	1	3	5	3	1	5	6	9	2	7	2	2	2	2
chr14	19390803	19391011	209	9	0	209	96	113	7	5	11	3	11	7	14	6	6	4	9	0	1	6	2	3	5	5	5	7	10	5	2	11	19	12	0	12	4	6	3	6
chr14	19391045	19391710	666	9	0	666	284	382	12	10	32	7	30	31	49	19	14	12	27	9	5	11	13	3	24	20	6	13	41	19	6	41	48	48	6	46	15	20	6	21
chr14	19391742	19392097	356	9	0	356	155	201	7	3	18	4	12	19	25	11	7	8	11	6	6	5	7	5	12	13	0	9	26	15	2	25	23	27	1	15	6	13	1	12
chr14	19392121	19392176	56	9	0	56	32	24	4	3	2	1	5	3	1	4	2	0	2	0	0	0	1	3	3	0	0	3	3	0	0	1	6	2	0	1	1	2	0	1
chr14	19392208	19392264	57	9	0	57	24	33	1	0	1	2	2	4	4	0	0	2	2	0	1	3	2	0	2	5	1	1	3	0	2	3	3	2	1	4	1	2	0	1
chr14	19392266	19392399	134	9	0	134	57	77	3	1	6	1	1	9	8	4	3	1	7	4	4	1	2	1	3	7	0	3	10	6	1	10	6	9	1	6	3	5	2	4
chr14	19392447	19393263	817	9	0	817	348	469	16	13	38	6	33	31	58	27	14	18	37	9	10	17	17	4	23	29	7	20	47	26	10	53	60	56	8	51	19	25	7	26
chr14	19393270	19393480	211	9	0	211	89	122	5	3	6	2	9	9	17	5	1	4	12	1	1	7	6	0	9	8	2	4	15	4	2	14	12	18	2	12	4	5	0	10
chr14	19393482	19393549	68	9	0	68	30	38	2	1	3	1	2	3	6	1	2	2	1	1	1	2	0	1	2	3	0	3	3	2	1	5	6	4	0	2	1	3	1	1
chr14	19393551	19397502	3952	9	0	3952	2103	1849	237	115	174	115	171	159	203	152	124	72	115	81	108	82	84	110	163	112	31	122	212	92	28	156	184	180	22	154	125	104	19	144
chr14	19397523	19397569	47	9	0	47	35	12	13	9	1	0	10	0	0	0	0	0	0	0	0	0	0	0	9	0	0	0	0	0	0	1	1	1	0	0	0	0	0	0
chr14	19397570	19397644	75	9	0	75	58	17	30	5	2	2	5	4	0	1	2	0	0	0	2	0	0	4	8	1	0	0	1	2	0	0	0	1	0	1	1	0	0	1
chr14	19397645	19399648	2004	9	0	2004	1114	890	157	47	89	72	74	82	107	71	66	41	75	53	69	37	32	40	81	53	12	61	91	54	5	74	89	47	5	83	73	70	6	86
chr14	19399649	19399674	26	9	0	26	13	13	0	1	2	1	2	1	0	1	2	0	1	2	0	0	0	0	1	0	0	0	2	1	0	1	1	1	0	0	0	2	0	2
chr14	19399675	19400038	364	9	0	364	174	190	9	6	16	7	13	11	27	5	13	8	16	11	3	9	9	11	7	9	3	15	19	17	1	19	16	14	0	20	14	18	2	14
chr14	19400040	19400084	45	9	0	45	24	21	0	3	2	2	4	3	2	1	1	0	1	2	1	0	0	1	3	1	0	1	4	0	0	1	2	3	0	1	1	1	0	2
chr14	19400086	19402291	2206	9	0	2206	1144	1062	127	58	93	74	85	66	123	75	88	59	86	47	52	44	44	22	91	53	19	64	107	78	17	88	68	84	18	94	83	76	20	101
chr14	19402293	19402311	19	9	0	19	7	12	0	0	0	0	0	2	0	2	1	0	1	0	0	0	0	0	0	2	0	0	3	0	1	0	0	2	0	1	1	0	1	0
chr14	19402313	19405572	3260	9	0	3260	2010	1250	260	93	123	169	105	93	106	154	134	59	92	114	146	80	91	191	126	69	25	105	106	76	23	98	83	65	12	62	143	93	16	146
chr14	19405582	19406616	1035	9	0	1035	660	375	96	36	41	56	47	28	36	43	49	19	23	28	38	34	31	53	47	28	5	37	36	8	2	31	23	17	2	20	49	24	3	43
chr14	19406618	19406653	36	9	0	36	25	11	4	3	1	2	3	0	1	1	1	0	1	2	2	1	1	1	1	2	0	1	1	0	0	1	0	0	0	0	2	0	0	2
chr14	19406655	19410621	3967	9	0	3967	2489	1478	340	122	141	233	140	111	145	158	172	75	123	125	184	102	105	211	170	81	30	130	128	63	20	113	76	74	14	84	180	106	22	187
chr14	19410622	19414339	3718	9	0	3718	2363	1355	338	99	139	238	134	116	135	161	154	66	103	104	188	97	93	197	166	72	15	125	117	60	7	117	89	66	3	90	174	102	13	138
chr14	19414351	19414750	400	9	0	400	289	111	45	13	17	38	15	9	7	18	17	4	7	12	35	14	11	26	20	6	2	12	5	3	0	8	10	1	0	3	14	7	0	19
chr14	19414752	19415030	279	9	0	279	188	91	32	17	13	17	10	9	5	11	11	2	5	7	25	4	12	7	11	7	0	14	6	4	1	6	5	4	0	7	13	3	1	8
chr14	19415032	19415053	22	9	0	22	13	9	3	0	2	0	0	3	2	0	1	0	0	0	0	0	0	0	1	0	0	3	0	0	0	0	3	0	0	1	1	0	0	0
chr14	19415055	19415424	370	9	0	370	249	121	29	14	10	33	15	10	16	9	15	7	6	13	27	7	13	23	18	8	0	12	8	4	1	11	12	3	0	3	12	9	1	19
chr14	19415425	19415763	339	9	0	339	242	97	30	13	14	33	14	5	10	14	16	3	4	13	31	6	9	26	12	4	0	11	8	3	0	6	5	4	0	7	18	5	0	13
chr14	19415775	19415830	56	9	0	56	47	9	8	1	3	10	2	0	1	0	3	0	0	1	10	1	1	4	1	1	0	0	0	0	0	1	1	0	0	1	1	0	0	3
chr14	19415838	19415897	60	9	0	60	40	20	24	0	1	0	2	2	4	0	0	3	3	0	0	0	0	0	3	1	0	1	2	1	0	1	1	1	0	2	2	1	0	3
chr14	19415899	19416240	342	9	0	342	184	158	29	2	10	14	9	11	14	11	7	6	19	15	11	7	12	6	4	12	1	8	14	14	5	14	9	14	1	14	18	7	3	19
chr14	19416243	19419002	2760	9	0	2760	1712	1048	247	73	111	167	95	76	113	121	118	59	84	73	137	68	62	107	122	48	15	91	84	53	9	83	78	50	7	73	121	79	11	123
chr14	19419003	19419934	932	9	0	932	563	369	77	33	38	46	39	19	37	38	38	17	25	18	39	26	33	38	41	21	3	30	36	24	1	35	27	18	1	34	29	33	1	35
chr14	19419936	19419971	36	9	0	36	25	11	3	1	3	1	1	0	0	2	1	1	0	1	3	1	3	2	0	0	0	3	0	0	0	1	1	1	0	2	2	0	0	1
chr14	19419973	19424450	4478	9	0	4478	2785	1693	324	144	199	242	192	111	159	196	182	97	119	138	211	110	148	211	193	95	15	159	132	74	19	124	140	70	9	127	193	110	17	216
chr14	19424452	19424486	35	9	0	35	22	13	5	1	3	1	2	1	0	0	1	1	0	0	3	2	0	1	1	3	0	0	2	1	0	3	0	0	0	0	0	2	0	0
chr14	19424487	19424679	193	9	0	193	127	66	21	3	11	12	5	4	7	5	8	3	2	8	12	4	9	11	5	3	0	6	3	8	0	5	4	2	0	8	9	3	0	10
chr14	19424690	19424828	139	9	0	139	91	48	6	3	9	10	4	5	5	8	6	1	1	3	12	3	4	9	4	1	0	7	3	0	0	3	10	3	0	5	6	2	0	4
chr14	19424830	19424841	12	9	0	12	8	4	0	0	0	1	0	0	0	0	1	0	1	0	0	1	1	1	1	0	0	0	0	0	0	1	0	0	0	0	0	1	0	1
chr14	19424843	19424924	82	9	0	82	55	27	6	4	4	4	4	4	0	3	4	2	0	0	6	2	3	7	4	4	2	2	3	1	0	3	1	0	0	1	3	2	0	1
chr14	19424926	19424970	45	9	0	45	30	15	6	1	3	2	1	3	1	0	2	0	1	2	3	1	2	2	2	0	0	2	1	0	0	1	0	1	0	1	2	0	0	3
chr14	19424975	19425538	564	9	0	564	391	173	63	25	30	37	21	10	13	23	24	7	5	17	47	18	15	35	24	8	4	24	12	10	2	11	8	3	1	12	23	14	1	15
chr14	19425539	19425574	36	9	0	36	25	11	2	0	1	2	1	1	1	2	0	2	1	2	3	0	1	4	0	0	0	3	1	0	0	0	1	0	0	1	3	1	0	1
chr14	19425576	19426312	737	9	0	737	488	249	82	28	36	45	29	20	20	28	34	3	19	17	45	23	16	42	30	12	4	28	21	12	1	16	24	7	3	18	22	19	2	29
chr14	19426322	19426647	326	9	0	326	209	117	23	10	17	21	12	9	16	11	14	9	11	5	22	9	7	12	14	4	0	18	10	1	0	6	9	5	0	10	15	7	0	17
chr14	19426648	19429050	2403	9	0	2403	1493	910	222	79	90	140	104	59	88	77	99	38	89	67	106	62	72	100	93	52	8	85	75	40	10	84	56	46	4	62	104	71	12	107
chr14	19429063	19430884	1822	9	0	1822	1187	635	159	65	69	127	70	38	54	86	76	21	47	44	115	58	52	105	87	32	9	55	50	36	6	49	38	29	4	51	72	44	5	67
chr14	19430886	19430913	28	9	0	28	24	4	4	0	0	3	1	0	0	0	0	0	0	2	2	2	2	6	2	0	0	0	0	0	0	0	0	0	0	0	0	0	0	2
chr14	19430915	19431234	320	9	0	320	218	102	31	15	13	22	11	8	12	12	22	1	5	11	16	9	10	19	19	4	1	9	4	5	0	7	8	1	0	5	12	6	1	19
chr14	19431235	19432367	1133	9	0	1133	655	478	90	30	40	47	37	43	52	43	42	13	37	27	39	31	35	47	38	31	6	43	48	17	5	45	48	37	6	35	41	30	7	41
chr14	19432383	19432408	26	9	0	26	24	2	0	0	0	0	0	1	0	0	0	0	0	0	0	1	0	20	2	0	0	0	0	0	0	0	0	0	0	0	0	0	0	0
chr14	19432413	19432432	20	9	0	20	16	4	0	0	0	0	0	0	0	1	0	0	0	0	0	3	0	11	2	0	1	0	0	0	0	0	0	0	0	0	0	0	0	0
chr14	19432433	19432456	24	9	0	24	23	1	0	0	0	0	0	0	0	1	0	0	0	0	0	1	0	19	1	0	0	0	0	0	0	0	0	0	0	0	0	0	0	0
chr14	19432461	19432942	482	9	0	482	357	125	83	14	16	36	16	11	11	21	17	5	5	11	32	14	15	48	29	3	2	10	8	0	1	4	10	3	2	15	12	7	1	18
chr14	19432943	19432970	28	9	0	28	12	16	0	0	1	0	1	0	2	1	0	2	4	1	0	0	0	0	1	0	0	1	2	1	0	1	1	0	0	1	0	2	0	4
chr14	19432972	19433295	324	9	0	324	155	169	18	5	8	10	6	15	18	7	11	5	17	11	5	6	7	4	7	10	6	8	17	12	7	14	8	14	6	16	15	14	3	12
chr14	19433308	19434599	1292	9	0	1292	612	680	59	35	52	29	43	53	68	33	44	28	49	29	29	20	18	23	39	44	19	34	75	86	17	49	50	50	15	50	33	47	17	53
chr14	19434602	19434648	47	9	0	47	28	19	5	2	2	2	2	1	2	1	3	4	0	1	1	1	0	0	2	0	4	2	1	0	0	1	0	0	0	0	3	3	0	2
chr14	19434660	19434689	30	9	0	30	14	16	2	1	5	0	5	0	0	0	1	0	0	0	0	0	0	0	0	0	1	0	3	0	0	0	2	3	1	3	0	0	0	1
chr14	19434696	19434752	57	9	0	57	21	36	0	1	1	0	1	5	5	2	0	2	0	0	1	2	1	0	4	0	4	2	2	0	2	1	6	5	3	3	1	0	1	0
chr14	19434754	19434876	123	9	0	123	48	75	1	5	4	2	5	5	7	6	0	0	0	0	6	4	0	2	2	1	11	1	8	0	3	2	13	11	14	8	0	0	0	0
chr14	19434891	19435028	138	9	0	138	30	108	0	1	3	0	3	17	2	2	0	0	0	0	1	1	0	0	1	0	17	1	3	0	10	0	20	13	37	4	0	0	0	0
chr14	19435041	19435649	609	9	0	609	283	326	19	17	17	14	13	39	34	26	19	11	21	7	16	9	6	15	32	16	15	13	26	24	13	24	35	25	15	28	18	22	5	13
chr14	19435652	19436214	563	9	0	563	230	333	19	5	19	7	18	31	46	12	10	9	29	12	2	4	3	3	16	20	4	9	40	32	3	37	38	37	4	32	13	23	5	19
chr14	19436215	19438082	1868	9	0	1868	924	944	76	40	64	55	62	76	115	62	52	38	72	45	44	47	35	40	75	65	11	50	111	92	10	101	68	80	3	70	61	77	4	65
chr14	19438084	19438364	281	9	0	281	141	140	13	5	7	6	5	7	20	10	10	12	12	8	4	4	4	12	9	6	3	10	10	11	5	14	10	11	2	7	14	12	4	12
chr14	19438377	19438444	68	9	0	68	38	30	5	0	4	1	3	16	2	2	2	2	0	0	0	0	0	0	17	0	0	0	0	0	0	0	5	0	0	3	1	0	0	3
chr14	19438460	19438731	272	9	0	272	114	158	8	3	7	5	7	15	27	6	5	9	11	2	3	2	2	1	13	10	0	6	19	17	0	20	15	18	0	11	7	11	0	10
chr14	19438733	19438751	19	9	0	19	8	11	0	1	0	0	0	1	0	1	1	1	1	1	0	0	0	0	0	1	1	0	1	3	0	0	0	0	0	0	2	0	1	1
chr14	19438753	19439085	333	9	0	333	150	183	16	9	10	5	17	22	18	9	7	9	14	5	1	4	2	1	17	13	6	8	26	18	3	12	14	18	1	11	9	11	2	13
chr14	19439088	19441510	2423	9	0	2423	1434	989	214	99	99	91	111	83	104	102	115	59	54	56	63	50	74	59	138	62	17	74	90	44	9	70	76	46	8	69	96	61	10	118
chr14	19441511	19442638	1128	9	0	1128	647	481	80	47	47	37	52	45	48	39	54	26	34	26	26	28	24	32	68	33	6	39	49	29	5	42	28	16	3	23	40	47	4	49
chr14	19442640	19442679	40	9	0	40	22	18	0	1	1	2	1	3	0	1	3	0	3	2	1	0	2	1	0	0	3	1	1	0	0	1	2	0	0	1	2	2	1	3
chr14	19442681	19442843	163	9	0	163	82	81	2	3	6	5	4	7	8	4	7	3	4	5	3	6	8	6	5	6	3	4	4	8	2	7	5	5	2	10	9	2	3	5
chr14	19442845	19442881	37	9	0	37	19	18	2	1	1	1	1	2	2	0	2	0	3	1	0	1	1	0	2	1	0	1	2	0	0	2	0	1	0	2	2	2	0	2
chr14	19442883	19443181	299	9	0	299	168	131	22	7	16	7	9	21	9	10	10	9	6	10	12	7	6	5	19	6	3	16	12	8	3	7	7	2	5	8	11	14	3	7
chr14	19443182	19443336	155	9	0	155	90	65	9	4	13	2	3	11	4	4	6	3	3	4	10	7	5	2	8	3	0	13	10	4	0	1	0	1	2	5	4	7	0	5
chr14	19443337	19444878	1542	9	0	1542	906	636	111	65	62	55	64	65	63	52	74	30	39	41	44	42	43	55	87	44	16	55	57	33	6	49	44	22	9	29	56	46	9	73
chr14	19444879	19445735	857	9	0	857	493	364	72	31	33	31	36	30	37	29	42	22	23	19	17	17	35	19	38	28	4	29	37	23	2	30	26	16	0	24	31	25	4	45
chr14	19445737	19445792	56	9	0	56	38	18	10	3	2	4	5	0	1	1	1	1	1	2	3	1	0	1	2	3	0	0	2	2	0	2	1	1	0	0	3	0	0	2
chr14	19445794	19446677	884	9	0	884	533	351	78	34	38	33	39	28	21	44	37	18	38	23	27	18	25	30	46	21	3	28	27	21	7	22	25	8	5	22	34	27	5	50
chr14	19446679	19447782	1104	9	0	1104	695	409	88	35	37	65	45	32	41	54	49	13	30	33	42	39	21	70	53	24	4	37	40	16	4	29	35	12	5	24	44	37	5	39
chr14	19447791	19448352	562	9	0	562	344	218	67	18	18	25	29	22	21	22	17	8	21	18	14	14	13	15	25	11	3	23	18	5	2	19	18	17	1	12	34	11	0	19
chr14	19448364	19449833	1470	9	0	1470	773	697	115	45	62	42	50	46	74	52	63	23	53	34	35	22	27	28	54	33	8	41	70	59	20	63	50	58	9	59	49	62	9	53
chr14	19449836	19450037	202	9	0	202	118	84	13	7	7	10	7	6	10	8	10	2	7	6	8	4	4	8	8	6	0	5	10	6	1	6	5	6	0	5	8	5	1	11
chr14	19450039	19450110	72	9	0	72	45	27	6	1	2	3	4	1	2	3	1	4	4	2	2	1	3	4	3	1	0	3	1	0	0	4	1	0	0	3	5	4	0	2
chr14	19450122	19450234	113	9	0	113	76	37	9	1	3	13	9	2	5	2	5	0	1	9	3	5	2	5	5	2	1	0	2	2	0	2	4	0	0	4	7	2	1	5
chr14	19450253	19450615	363	9	0	363	234	129	39	14	17	19	18	7	10	16	19	3	6	11	12	11	13	18	17	8	2	8	12	2	1	9	9	8	2	11	13	6	3	17
chr14	19450617	19450642	26	9	0	26	20	6	3	0	1	2	0	0	1	0	0	1	0	0	3	2	0	5	1	1	0	1	1	0	0	1	0	0	0	0	0	1	0	0
chr14	19450644	19451122	479	9	0	479	300	179	51	22	26	22	30	12	17	15	24	12	7	12	17	7	7	17	24	15	1	13	25	12	0	8	12	6	0	8	13	12	1	29
chr14	19451124	19451158	35	9	0	35	21	14	0	0	3	4	2	0	0	1	3	1	0	1	2	0	1	2	0	0	0	1	1	2	0	2	0	1	0	1	1	2	2	0
chr14	19451160	19451394	235	9	0	235	149	86	31	8	5	14	10	10	5	18	8	0	3	8	9	7	4	8	10	8	0	8	14	6	1	3	7	6	1	2	11	4	0	4
chr14	19451396	19451458	63	9	0	63	42	21	6	2	3	7	1	1	2	2	5	0	0	1	6	3	3	0	0	1	0	4	5	1	0	0	1	0	0	1	0	3	0	3
chr14	19451459	19451567	109	9	0	109	67	42	7	3	4	4	3	4	6	7	5	1	1	3	3	5	2	7	7	2	1	3	4	2	0	1	6	2	1	3	3	1	0	6
chr14	19451568	19451619	52	9	0	52	45	7	1	0	1	7	1	0	0	1	1	0	1	3	6	1	1	20	0	0	0	1	0	0	0	0	0	0	0	0	1	0	2	2
chr14	19451620	19452285	666	9	0	666	412	254	59	22	26	40	27	34	12	23	25	4	22	19	36	17	17	28	31	17	3	27	25	17	3	21	18	6	4	11	22	26	4	18
chr14	19452287	19452366	80	9	0	80	54	26	6	4	2	5	0	4	2	7	4	2	0	1	7	3	1	5	6	1	2	3	3	1	0	0	1	0	0	1	4	2	0	1
chr14	19452368	19452691	324	9	0	324	223	101	40	8	14	22	14	6	10	17	14	6	6	5	17	16	5	22	16	6	0	14	9	2	0	6	9	2	0	5	13	8	0	10
chr14	19452693	19452740	48	9	0	48	34	14	3	4	2	2	2	2	2	0	3	0	0	2	4	0	3	3	3	1	0	2	0	0	0	1	0	0	0	2	3	0	0	2
chr14	19452742	19453255	514	9	0	514	310	204	33	12	17	39	23	14	21	19	20	10	18	14	23	13	10	22	12	15	5	17	24	8	3	14	19	12	3	10	22	14	1	25
chr14	19453257	19453276	20	9	0	20	6	14	0	0	0	0	0	4	0	0	0	0	1	0	0	0	0	0	1	2	1	0	1	1	1	1	1	2	0	1	1	0	0	0
chr14	19453278	19454199	922	9	0	922	612	310	108	34	40	53	40	20	31	39	41	18	20	28	46	25	23	46	49	20	4	24	25	8	3	18	20	12	1	18	36	14	2	54
chr14	19454201	19454268	68	9	0	68	52	16	11	1	1	8	3	0	0	6	3	0	0	4	4	2	2	6	2	0	0	1	2	1	0	0	1	0	0	1	4	2	0	1
chr14	19454270	19454621	352	9	0	352	242	110	38	12	16	26	15	10	6	14	14	3	8	11	25	10	6	27	16	2	3	15	7	3	4	4	6	7	1	6	16	6	2	11
chr14	19454623	19454707	85	9	0	85	45	40	10	2	0	4	3	4	2	1	1	2	3	0	2	2	5	3	2	3	2	3	5	2	2	2	2	6	2	2	2	1	0	3
chr14	19454709	19457833	3125	9	0	3125	1938	1187	239	115	115	180	132	97	123	137	126	60	74	82	152	93	80	133	148	63	24	130	105	53	16	72	96	54	11	71	140	77	7	118
chr14	19457835	19457852	18	9	0	18	5	13	0	0	0	0	0	1	0	0	0	1	0	0	0	1	1	0	0	2	1	0	1	3	2	0	1	0	1	0	0	0	0	1
chr14	19457854	19458826	973	9	0	973	561	412	84	45	37	30	44	42	39	35	46	22	17	23	22	25	26	23	59	35	12	28	43	34	1	35	22	12	2	20	36	33	3	36
chr14	19458828	19463578	4751	9	0	4751	3044	1707	488	195	215	267	207	114	168	169	212	86	118	114	258	109	111	212	225	107	14	159	149	75	13	159	106	69	1	100	178	145	12	194
chr14	19463579	19466107	2529	9	0	2529	1611	918	262	109	116	140	118	56	84	72	91	51	52	57	157	64	82	99	112	57	14	97	60	48	17	73	75	43	10	60	83	51	13	104
chr14	19466109	19467309	1201	9	0	1201	720	481	117	49	65	39	61	35	48	41	52	27	41	33	38	19	18	35	56	32	2	40	43	28	0	45	33	16	2	31	53	40	4	56
chr14	19467310	19467347	38	9	0	38	26	12	3	3	2	1	1	1	0	1	1	0	0	0	5	3	4	0	2	1	0	4	0	0	0	1	1	0	0	1	0	1	0	0
chr14	19467349	19470788	3440	9	0	3440	2058	1382	277	131	128	143	137	123	139	152	146	58	101	103	119	85	86	128	176	92	20	109	135	62	11	115	108	53	9	84	132	116	14	146
chr14	19470804	19471076	273	9	0	273	140	133	11	5	12	8	14	15	16	8	8	4	10	9	3	5	8	3	10	5	1	12	15	2	0	14	15	17	1	9	13	7	0	11
chr14	19471078	19471113	36	9	0	36	19	17	2	1	1	1	0	0	1	7	1	0	0	0	2	0	0	2	1	0	0	0	4	0	0	1	3	5	0	1	0	0	0	1
chr14	19471115	19471587	473	9	0	473	260	213	39	19	17	16	23	12	23	15	17	12	14	10	12	11	12	7	19	13	3	19	17	20	2	22	18	9	4	13	19	19	3	12
chr14	19471588	19473307	1720	9	0	1720	961	759	143	54	73	68	78	48	77	54	65	27	63	40	51	35	36	48	56	49	8	51	93	59	10	62	49	56	7	64	59	60	3	72
chr14	19473308	19473770	463	9	0	463	303	160	57	14	16	28	17	15	15	20	19	3	6	12	21	16	15	28	17	10	1	20	22	12	0	4	15	7	0	12	13	9	1	16
chr14	19473771	19476778	3008	9	0	3008	1983	1025	314	93	103	215	121	82	80	114	109	51	72	87	182	81	99	178	123	59	19	107	84	44	14	78	77	36	9	56	113	81	12	113
chr14	19476783	19479010	2228	9	0	2228	1325	903	181	75	95	98	78	64	86	86	85	42	81	54	105	55	58	82	93	68	9	66	80	51	12	87	54	52	8	60	86	59	9	107
chr14	19479012	19479060	49	9	0	49	29	20	11	2	1	0	3	2	3	0	1	1	4	0	0	0	0	0	2	0	0	3	2	1	0	1	1	2	0	1	2	1	0	3
chr14	19479065	19480100	1036	9	0	1036	609	427	89	29	48	51	38	31	38	38	47	19	29	22	43	25	25	37	37	28	3	36	32	37	8	42	36	23	5	22	40	31	5	40
chr14	19480102	19481395	1294	9	0	1294	520	774	20	29	30	18	37	82	94	22	27	21	47	15	14	18	31	13	36	59	9	46	93	110	17	70	82	72	13	57	25	49	7	29
chr14	19481396	19482221	826	9	0	826	369	457	20	22	25	13	19	29	55	23	27	16	39	18	14	15	15	18	17	35	10	20	44	44	17	44	39	35	14	36	26	34	7	34
chr14	19482223	19482290	68	9	0	68	23	45	2	2	2	0	3	4	2	0	1	2	3	0	0	1	1	0	2	3	3	1	2	0	6	2	4	4	7	3	1	2	2	1
chr14	19482292	19483301	1010	9	0	1010	500	510	112	23	53	11	26	31	23	22	53	11	63	19	8	14	18	12	17	36	6	20	46	101	10	66	24	15	6	15	15	72	4	56
chr14	19483303	19483331	29	9	0	29	16	13	3	1	1	0	1	1	0	1	1	0	0	2	0	1	2	1	1	1	0	1	2	3	0	1	0	0	0	0	0	1	0	2
chr14	19483333	19484334	1002	9	0	1002	559	443	89	27	53	30	42	40	41	28	40	27	38	18	27	20	15	22	46	33	7	28	42	36	6	38	30	21	4	29	34	32	5	52
chr14	19484355	19484658	304	9	0	304	144	160	12	7	7	8	8	8	19	10	9	5	19	9	5	4	8	5	8	7	1	8	18	11	2	18	10	20	2	12	9	11	7	15
chr14	19484660	19485494	835	9	0	835	374	461	44	18	29	8	23	43	63	18	23	17	33	12	10	13	15	4	34	24	7	26	55	42	11	34	41	41	5	55	17	36	7	25
chr14	19485496	19485530	35	9	0	35	15	20	1	1	1	0	1	3	1	0	0	1	2	0	1	0	2	0	0	5	0	0	0	2	0	5	2	1	0	1	3	0	0	0
chr14	19485532	19486372	841	9	0	841	332	509	14	10	27	5	23	35	66	36	15	33	33	14	3	7	7	3	26	30	10	19	59	59	16	41	37	60	8	48	38	26	6	25
chr14	19486377	19486422	46	9	0	46	14	32	0	1	0	0	0	3	4	2	1	0	3	0	0	0	0	0	1	2	1	0	2	2	3	1	4	4	1	5	2	0	1	1
chr14	19486424	19487431	1008	9	0	1008	387	621	10	16	24	9	22	40	84	15	22	37	53	19	5	5	17	9	24	43	6	25	69	90	17	70	34	65	8	37	34	47	4	46
chr14	19487432	19487467	36	9	0	36	16	20	0	0	1	1	1	1	3	1	1	1	2	1	0	0	0	2	1	1	0	0	2	1	1	2	1	2	1	2	2	2	0	1
chr14	19487469	19488074	606	9	0	606	222	384	3	5	13	4	13	38	47	25	8	20	25	9	1	5	2	4	25	23	11	9	45	37	15	32	39	44	11	30	13	25	7	16
chr14	19488076	19488141	66	9	0	66	29	37	3	2	2	1	3	1	4	1	2	2	6	2	0	0	0	0	1	3	0	1	3	1	3	3	2	3	1	2	3	3	0	6
chr14	19488143	19488198	56	9	0	56	18	38	0	1	1	0	0	3	5	0	2	1	4	0	0	0	0	0	3	0	1	1	1	5	2	5	2	6	1	3	2	2	2	1
chr14	19488200	19488215	16	9	0	16	6	10	0	0	0	0	0	1	2	0	0	1	0	0	0	2	0	0	2	2	0	0	0	1	1	1	0	0	0	0	1	0	0	0
chr14	19488217	19488703	487	9	0	487	199	288	8	7	16	2	11	30	39	7	13	17	25	6	1	7	9	1	25	19	2	15	32	38	5	29	16	23	0	21	13	24	1	23
chr14	19488715	19488766	52	9	0	52	23	29	0	1	0	0	1	1	6	3	0	4	4	0	0	0	1	1	3	0	0	3	2	2	0	2	2	2	0	4	4	2	0	2
chr14	19488767	19488795	29	9	0	29	10	19	0	1	1	0	2	0	3	0	0	2	0	0	0	0	0	0	1	2	0	0	3	4	0	2	0	2	0	2	1	1	0	0
chr14	19488797	19488921	125	9	0	125	52	73	2	2	4	2	3	3	11	3	5	1	8	7	0	0	0	0	0	1	2	3	5	3	3	10	6	9	1	8	9	9	0	3
chr14	19488923	19489225	303	9	0	303	107	196	0	5	7	0	7	17	25	10	4	6	12	6	1	1	6	0	8	13	2	6	15	14	10	22	29	24	7	16	7	10	5	6
chr14	19489227	19489248	22	9	0	22	10	12	0	1	0	0	0	0	1	2	0	1	3	0	1	0	0	0	0	0	0	1	3	0	0	1	0	1	0	1	0	3	0	1
chr14	19489250	19495653	6404	9	0	6404	4160	2244	590	213	265	395	231	165	208	240	277	109	180	159	365	184	209	370	294	114	33	229	171	89	19	174	146	86	14	148	233	163	18	311
chr14	19495656	19497916	2261	9	0	2261	1408	853	157	86	90	112	91	80	82	99	73	41	55	48	124	74	68	126	126	44	14	98	67	43	7	53	73	33	13	65	86	50	2	79
chr14	19497918	19497944	27	9	0	27	14	13	0	2	0	0	2	4	1	1	1	0	1	1	0	0	0	0	2	2	0	1	2	0	0	0	2	0	0	0	2	0	0	1
chr14	19497946	19499821	1876	9	0	1876	1163	713	152	58	71	110	90	54	64	70	69	47	53	57	79	49	52	86	97	42	21	48	48	40	8	57	47	34	4	41	86	37	9	94
chr14	19499822	19501118	1297	9	0	1297	864	433	120	43	57	72	48	29	40	55	44	28	30	43	80	45	32	97	67	24	5	48	34	22	3	28	22	10	2	22	49	31	4	61
chr14	19501129	19502122	994	9	0	994	666	328	129	33	45	62	44	8	29	38	40	15	23	30	57	32	27	52	29	22	5	32	31	13	2	28	20	14	1	23	40	25	2	41
chr14	19502124	19502158	35	9	0	35	22	13	1	0	1	2	0	1	2	3	0	1	0	2	2	1	2	3	2	1	0	0	0	1	0	1	2	0	0	2	2	0	0	1
chr14	19502160	19502417	258	9	0	258	151	107	21	5	15	15	10	8	6	15	16	4	6	5	8	3	4	9	8	9	1	2	11	8	0	13	10	7	0	7	10	8	3	9
chr14	19502419	19502435	17	9	0	17	10	7	0	0	1	2	1	0	0	0	0	0	1	0	2	1	1	0	0	1	0	0	1	0	0	1	0	1	0	1	1	0	0	0
chr14	19502437	19502862	426	9	0	426	247	179	18	16	21	22	16	11	12	15	19	13	13	12	24	9	16	9	16	11	5	17	17	12	3	17	5	10	2	7	16	16	2	22
chr14	19502870	19504999	2130	9	0	2130	1301	829	169	74	76	120	101	62	65	118	93	38	47	60	76	49	67	86	106	48	7	61	92	45	5	63	67	43	4	48	81	68	6	83
chr14	19505000	19505064	65	6	0	65	39	26	6	2	3	3	3	1	3	5	4	1	0	2	1	0	0	3	3	0	0	2	3	3	0	2	3	2	0	1	3	3	0	1
chr14	19505065	19505150	86	9	0	86	55	31	7	2	2	6	4	1	1	4	1	2	4	3	5	2	4	7	2	2	2	1	2	2	1	1	1	1	0	4	5	1	0	4
chr14	19505152	19505190	39	9	0	39	25	14	5	2	2	3	5	0	1	1	2	1	0	1	0	0	1	1	2	0	0	0	0	0	0	2	2	2	0	0	2	0	0	2
chr14	19505192	19505311	120	9	0	120	72	48	7	6	5	4	7	3	4	9	3	1	0	9	5	1	0	8	4	4	2	1	8	3	0	2	5	2	0	3	6	4	0	2
chr14	19505313	19505349	37	9	0	37	22	15	5	1	0	2	2	1	3	1	1	0	0	2	0	1	0	1	1	1	0	1	2	0	1	0	3	1	0	2	1	1	1	0
chr14	19505351	19506493	1143	9	0	1143	678	465	128	32	36	54	44	25	56	30	45	17	43	40	32	26	33	35	39	33	2	26	44	21	8	47	31	26	5	38	41	40	7	57
chr14	19506494	19506567	74	9	0	74	32	42	1	3	2	0	4	6	4	1	1	0	7	3	0	0	0	0	1	2	1	5	6	1	0	3	6	4	0	2	2	3	1	3
chr14	19506569	19507183	615	9	0	615	340	275	41	12	29	17	16	24	35	19	20	15	25	17	22	15	14	17	24	18	3	21	28	13	1	28	17	17	0	28	26	22	2	27
chr14	19507194	19507420	227	9	0	227	143	84	17	5	11	15	7	3	4	11	15	5	9	11	9	4	10	7	3	4	2	8	6	3	2	5	4	1	2	3	12	9	0	18
chr14	19507421	19507711	291	9	0	291	148	143	24	5	11	8	9	10	15	6	9	10	14	5	8	4	7	1	6	12	1	10	16	20	2	10	6	8	3	11	12	8	2	16
chr14	19507717	19508096	380	9	0	380	208	172	13	10	15	13	14	22	12	22	7	6	9	10	18	14	5	17	26	9	7	10	17	22	0	12	19	9	0	8	8	12	1	11
chr14	19508098	19508201	104	9	0	104	65	39	9	4	6	7	6	2	3	1	3	1	4	5	8	1	2	3	3	2	0	3	3	1	0	5	1	3	1	2	5	2	1	5
chr14	19508203	19508983	781	9	0	781	379	402	38	15	26	20	19	29	54	21	24	16	32	22	17	11	19	15	22	28	4	17	49	28	7	42	24	37	8	41	28	32	3	31
chr14	19508988	19509003	16	9	0	16	5	11	0	0	0	0	0	0	2	0	0	0	1	0	0	1	1	0	0	1	0	0	1	1	0	3	0	1	0	1	1	0	0	0
chr14	19509005	19509591	587	9	0	587	276	311	29	12	18	17	19	26	38	15	17	10	19	13	11	7	13	11	14	14	9	19	37	30	4	28	26	38	8	24	21	17	5	16
chr14	19509593	19509616	24	9	0	24	11	13	2	0	1	1	1	1	2	0	0	0	0	1	1	1	0	0	1	1	0	0	2	1	0	1	1	2	0	1	0	1	0	0
chr14	19509618	19509905	288	9	0	288	188	100	34	6	13	18	11	6	9	12	11	5	4	9	15	7	13	15	11	8	0	5	7	3	1	8	8	3	0	15	11	6	1	11
chr14	19509907	19509930	24	9	0	24	15	9	3	1	2	0	1	0	0	1	1	0	0	0	1	1	0	3	1	0	0	0	1	2	0	1	0	1	0	1	0	1	0	0
chr14	19509933	19510060	128	9	0	128	98	30	33	3	7	7	1	1	2	6	3	2	3	4	12	3	2	7	4	1	0	4	1	1	0	3	1	1	0	2	5	2	0	5
chr14	19510061	19510078	18	9	0	18	9	9	0	1	0	0	0	0	1	0	1	2	3	0	0	0	0	0	1	0	1	1	0	0	0	0	0	0	0	0	0	0	1	4
chr14	19510080	19510332	253	9	0	253	114	139	6	4	5	5	4	16	15	5	6	4	15	9	4	4	7	3	5	10	5	8	14	7	4	13	11	12	2	13	11	9	7	8
chr14	19510339	19510726	388	9	0	388	246	142	29	20	15	21	13	14	13	16	15	5	12	10	28	7	12	15	20	3	3	20	9	6	1	8	14	3	1	11	13	12	3	14
chr14	19510733	19510794	62	9	0	62	37	25	2	3	2	6	3	2	2	2	6	0	1	2	1	1	2	0	2	2	0	2	3	4	0	2	0	0	0	0	4	3	0	3
chr14	19510796	19510997	202	9	0	202	138	64	25	2	9	13	4	5	3	15	7	1	9	6	12	7	5	14	6	2	0	7	5	2	0	4	5	3	0	6	11	4	0	8
chr14	19510999	19511032	34	9	0	34	17	17	0	1	0	1	0	1	3	2	1	1	1	3	1	0	1	0	1	1	0	1	3	0	0	2	1	1	0	0	1	3	0	2
chr14	19511034	19511310	277	9	0	277	116	161	5	6	11	5	10	9	15	8	8	7	14	1	4	2	2	8	5	7	2	10	18	15	11	12	13	20	4	13	7	15	1	7
chr14	19629074	19629633	560	9	0	560	325	235	29	24	25	24	30	15	22	22	28	15	13	20	15	16	9	18	27	10	12	21	22	6	6	11	13	13	2	15	27	16	10	22
chr14	19629635	19629654	20	9	0	20	13	7	1	0	0	3	0	0	0	3	0	0	1	0	3	0	0	0	0	0	0	0	1	0	0	1	3	1	0	0	0	1	0	0
chr14	19629656	19630982	1327	9	0	1327	826	501	121	41	67	77	49	29	60	47	80	26	50	33	57	27	31	29	61	19	3	40	30	14	7	32	33	16	7	50	61	34	7	87
chr14	19630989	19632038	1050	9	0	1050	690	360	104	47	41	59	46	20	33	50	48	20	22	17	53	35	34	60	59	25	3	35	28	14	5	21	25	12	2	23	37	17	2	51
chr14	19632040	19632083	44	9	0	44	29	15	8	2	1	1	2	2	0	3	3	0	0	2	0	1	3	0	3	1	1	0	2	0	0	0	2	0	0	0	0	0	1	4
chr14	19632085	19632286	202	9	0	202	96	106	5	4	8	3	4	11	17	11	6	6	9	6	5	1	0	0	9	3	0	9	12	4	0	10	10	10	2	8	11	9	0	7
chr14	19632287	19632329	43	9	0	43	29	14	8	0	2	2	1	0	1	2	3	1	2	1	1	1	1	1	1	0	1	0	1	0	0	0	2	1	1	0	0	0	0	7
chr14	19632331	19632682	352	9	0	352	225	127	34	20	13	15	22	13	10	14	10	8	8	9	16	6	8	18	26	5	5	11	2	5	4	4	15	4	3	6	16	0	2	18
chr14	19632693	19632953	261	9	0	261	126	135	7	5	6	9	10	14	13	8	4	5	17	6	6	3	6	7	8	7	1	10	12	7	4	13	14	11	1	13	11	11	4	6
chr14	19632955	19632993	39	9	0	39	18	21	0	0	2	1	1	1	2	2	3	1	3	1	0	0	0	0	1	1	0	0	4	1	0	1	0	0	1	3	1	4	1	2
chr14	19632995	19633933	939	9	0	939	505	434	55	30	43	37	40	40	43	21	38	12	34	19	32	12	28	20	32	28	6	28	32	25	11	46	39	38	5	40	41	22	6	34
chr14	19633946	19635623	1678	9	0	1678	955	723	111	49	70	68	57	62	72	56	68	31	62	49	62	31	48	57	70	35	13	55	66	34	16	60	51	47	8	58	60	60	11	79
chr14	19635660	19635818	159	9	0	159	76	83	0	2	2	1	3	6	11	3	2	2	7	3	0	2	2	28	2	3	2	5	9	9	4	4	9	9	4	8	3	5	2	5
chr14	19635820	19635851	32	9	0	32	24	8	16	0	1	0	1	0	0	0	1	1	3	0	0	0	0	0	0	0	0	1	0	0	0	1	0	0	0	0	1	1	1	2
chr14	19635860	19636677	818	9	0	818	456	362	69	19	24	35	24	31	39	31	27	15	26	21	26	16	23	29	25	24	2	30	39	26	4	36	26	33	7	20	35	23	5	26
chr14	19636678	19637257	580	9	0	580	288	292	43	8	27	11	18	23	30	11	14	7	33	16	15	14	11	6	19	12	4	17	26	26	8	30	19	27	3	31	18	25	3	23
chr14	19637259	19638189	931	9	0	931	407	524	18	17	36	13	20	40	63	23	28	22	53	20	19	10	15	8	23	30	8	28	52	65	7	58	36	45	8	41	36	42	5	40
chr14	19638191	19638466	276	9	0	276	137	139	21	3	17	2	7	3	13	4	13	6	30	8	2	1	3	4	3	6	0	4	12	13	3	13	5	10	0	12	7	12	3	34
chr14	19638469	19641981	3513	9	0	3513	1948	1565	267	94	127	149	130	99	156	121	119	57	167	95	121	73	57	115	137	68	18	100	121	115	49	132	119	122	37	107	129	112	30	168
chr14	19641996	19642040	45	9	0	45	21	24	0	1	0	2	1	1	3	0	0	1	4	2	2	1	1	2	1	1	0	2	0	0	1	5	2	4	0	0	2	2	1	1
chr14	19642042	19642923	882	9	0	882	515	367	73	28	29	42	36	32	35	39	36	18	25	31	27	13	17	33	46	17	4	24	36	27	4	31	22	28	4	13	38	26	8	38
chr14	19642926	19643019	94	9	0	94	44	50	4	1	6	1	5	4	4	2	1	3	3	3	1	3	2	0	2	6	0	3	5	1	2	7	3	5	1	4	5	3	1	1
chr14	19643021	19643069	49	9	0	49	31	18	8	2	0	3	2	1	1	2	1	1	1	0	2	2	3	1	3	2	0	1	3	1	0	1	0	2	0	1	1	0	0	2
chr14	19643071	19643934	864	9	0	864	477	387	67	27	23	42	31	26	45	19	32	17	39	20	30	15	20	23	29	19	5	32	27	31	11	34	29	26	11	24	36	28	7	37
chr14	19643939	19643978	40	9	0	40	20	20	0	2	2	0	1	2	3	1	2	1	2	1	1	0	0	0	2	0	0	3	3	0	0	2	1	2	0	1	2	3	0	1
chr14	19643980	19644786	807	9	0	807	422	385	37	18	27	36	25	30	49	21	30	10	34	19	26	18	24	18	23	16	10	27	33	30	10	28	41	31	2	39	28	24	1	40
chr14	19644803	19645218	416	9	0	416	244	172	31	10	13	23	13	11	23	10	10	8	20	12	23	10	8	19	10	15	0	14	19	8	0	19	13	10	0	13	15	12	4	18
chr14	19645219	19648563	3345	9	0	3345	1928	1417	257	85	138	163	118	90	136	113	147	58	145	87	121	60	77	132	112	67	13	101	134	88	23	146	81	97	25	93	130	139	11	156
chr14	19648579	19648670	92	9	0	92	62	30	9	3	7	4	4	2	1	2	4	0	2	3	7	5	5	3	2	2	0	6	2	1	0	3	2	0	0	2	2	3	0	4
chr14	19648701	19648780	80	9	0	80	55	25	10	4	3	5	6	1	3	4	3	2	0	2	3	3	3	1	4	0	0	6	0	0	0	0	7	0	0	1	4	0	0	3
chr14	19648782	19648829	48	9	0	48	31	17	5	2	1	5	3	1	1	2	2	1	0	1	3	1	0	2	1	5	0	0	3	2	0	2	0	0	0	0	3	0	0	0
chr14	19648831	19651289	2459	9	0	2459	1487	972	232	84	96	122	99	79	91	98	90	40	76	61	113	61	65	79	113	62	11	78	91	47	10	86	69	60	9	68	94	66	10	97
chr14	19651290	19651935	646	9	0	646	394	252	55	16	20	26	23	26	26	30	17	11	16	18	22	33	21	34	38	15	4	29	16	13	3	19	25	11	2	13	26	13	1	22
chr14	19651937	19651967	31	9	0	31	22	9	2	0	0	4	0	1	2	1	2	0	1	1	2	0	2	2	1	0	0	0	0	0	0	0	1	0	0	3	2	0	0	2
chr14	19651969	19652360	392	9	0	392	242	150	30	9	24	25	18	8	8	15	21	9	12	10	18	7	9	18	9	10	0	14	17	13	2	10	9	5	0	8	14	15	2	21
chr14	19652362	19652390	29	9	0	29	13	16	0	0	2	1	0	1	0	1	2	0	1	0	1	0	3	0	0	1	0	1	2	2	0	2	0	2	0	2	0	2	0	1
chr14	19652445	19654319	1875	9	0	1875	1088	787	144	48	92	67	65	83	83	58	78	31	72	53	64	46	44	60	79	54	10	65	80	38	2	61	52	34	7	70	78	55	5	95
chr14	19654323	19835340	181018	9	0	181018	113578	67440	15964	5580	7640	10571	7414	4719	6229	7132	7845	3109	5178	5142	8531	4454	5016	9053	7576	3760	671	5855	5971	3514	637	5303	4803	3111	518	4446	7143	5040	632	8459
chr14	19835341	20006340	171000	8	0	171000	109656	61344	15213	5343	6975	10707	6932	4360	5469	6950	7232	2902	4693	4806	8862	4502	4967	9741	7356	3466	549	5737	5230	3055	521	4747	4198	2632	398	3822	6927	4400	508	7798
chr14	20006341	20099340	93000	7	0	93000	59969	33031	8260	2856	3650	5994	3798	2348	2955	3937	3814	1535	2525	2709	4888	2495	2665	5540	4097	1764	359	3014	2835	1572	217	2530	2384	1443	199	2032	3722	2373	269	4219
chr14	20099341	20178340	79000	6	0	79000	50265	28735	6954	2591	3204	4759	3345	2098	2583	3321	3342	1348	2133	2210	3867	2036	2226	4247	3527	1697	258	2591	2554	1459	202	2196	2081	1171	165	1800	3185	2084	205	3559
chr14	20178341	20274340	96000	5	0	96000	58515	37485	7600	2837	3698	4953	3674	2716	3527	3711	3748	1725	3100	2666	4068	2399	2607	5484	3960	2180	438	3099	3443	2309	445	3116	2506	1978	334	2438	3719	2846	395	4279
chr14	20274341	20667340	393000	4	0	393000	222758	170242	28029	10913	15666	16952	14237	12335	16748	13098	15120	7593	14859	10525	14174	8659	10044	13805	14565	10078	2346	12511	15587	11799	3142	15625	11388	10917	2620	11567	14878	13359	2244	17615
chr14	20667341	21007340	340000	3	0	340000	192564	147436	22970	9642	13873	14334	12626	10779	15072	11391	13244	7162	13004	9049	11979	7530	8771	11138	13181	8770	1918	11244	13185	9963	2230	13737	10110	8790	1803	10044	13392	11591	1781	15695
chr14	21007341	21153340	146000	2	0	146000	78103	67897	8777	3888	5695	5332	5132	4783	6788	4451	5441	2995	6179	3569	4341	2854	3494	4382	5236	3878	865	4541	6214	5942	1450	6567	4398	4753	1216	4653	5306	5600	883	6395
chr14	21153341	21441340	288000	1	0	288000	166520	121480	22982	8226	10848	13227	10692	9034	12213	9311	10397	5399	10607	7690	11211	6875	7544	10262	10558	7358	1742	9876	11333	7182	2145	10666	8217	7935	1972	8402	11142	8851	1833	12268
chr14	21441341	21496032	54692	2	0	54692	31192	23500	4511	1514	2037	2448	1952	1694	2287	1609	1907	1009	2109	1376	2141	1312	1512	1773	1869	1394	351	1915	2201	1541	494	2093	1497	1630	461	1652	1974	1764	378	2285
chr14	21496034	21497513	1480	2	0	1480	839	641	121	46	54	53	45	52	63	55	57	23	50	36	50	38	46	48	62	41	8	49	64	42	15	54	36	47	12	45	53	45	3	65
chr14	21497534	21500361	2828	2	0	2828	1630	1198	180	98	93	126	96	95	120	102	105	39	100	81	117	81	103	93	107	95	14	97	117	77	14	100	80	62	14	96	109	74	18	123
chr14	21500364	21502012	1649	2	0	1649	947	702	99	37	77	76	57	40	78	59	71	46	58	52	61	47	37	51	59	39	11	60	61	45	8	65	49	27	7	43	65	68	12	82
chr14	21502014	21502237	224	2	0	224	128	96	23	6	6	7	6	9	11	6	5	3	8	7	9	5	8	8	9	4	1	9	10	9	0	8	4	8	1	9	9	7	0	7
chr14	21502239	21502268	30	2	0	30	13	17	0	1	1	0	1	1	1	0	1	1	4	2	0	0	0	0	0	1	0	1	0	0	0	4	0	1	1	0	3	2	1	1
chr14	21502270	21502995	726	2	0	726	439	287	36	25	28	48	34	16	21	27	32	15	23	19	35	15	30	34	31	11	2	27	27	22	1	26	15	17	4	14	26	26	2	35
chr14	21502996	21505124	2129	2	0	2129	1212	917	120	62	72	106	76	69	109	62	79	37	78	69	85	49	65	73	76	57	10	74	88	59	8	87	65	60	5	64	87	66	11	99
chr14	21505126	21512051	6926	2	0	6926	3878	3048	524	207	232	304	257	228	279	203	216	127	271	166	270	176	175	241	255	193	63	227	275	181	95	271	187	229	83	209	250	219	61	250
chr14	21512052	21513066	1015	2	0	1015	519	496	80	31	26	30	35	51	51	22	26	16	47	21	26	23	21	12	41	41	15	24	47	34	11	52	30	43	11	36	40	26	11	33
chr14	21513067	21513320	254	2	0	254	162	92	40	12	5	10	11	3	11	16	7	6	7	5	10	5	4	9	14	3	1	8	11	3	1	5	5	5	1	9	11	8	1	5
chr14	21513322	21514084	763	2	0	763	494	269	70	25	33	50	31	17	18	27	39	12	23	22	37	26	28	35	30	18	3	29	24	10	0	33	5	9	2	10	34	30	1	30
chr14	21514085	21514358	274	2	0	274	154	120	19	3	18	11	14	7	14	5	10	5	13	5	8	11	6	3	9	3	1	13	7	6	1	9	14	7	4	11	10	7	0	18
chr14	21514359	21515548	1190	2	0	1190	616	574	56	27	51	34	40	41	59	46	44	26	60	29	28	23	32	19	42	34	2	38	57	38	9	58	40	44	6	46	47	46	5	61
chr14	21515551	21516529	979	2	0	979	535	444	65	32	40	35	43	27	55	22	37	24	40	26	28	21	20	19	40	24	4	36	45	30	6	41	24	29	5	32	37	39	5	46
chr14	21516532	21521321	4790	2	0	4790	2677	2113	315	139	171	210	191	165	226	141	162	96	193	115	168	113	123	148	184	141	26	162	209	139	26	207	140	141	21	150	190	160	23	193
chr14	21521337	21521570	234	2	0	234	129	105	12	4	12	9	7	6	6	7	9	7	6	6	9	6	13	10	9	5	2	7	8	15	1	12	5	6	0	5	4	11	1	12
chr14	21521573	21540193	18621	2	0	18621	9747	8874	1161	425	742	667	598	624	905	548	708	329	883	444	528	350	395	439	597	514	101	517	802	854	187	890	612	620	153	662	664	745	99	856
chr14	21540194	21540586	393	2	0	393	191	202	40	8	9	8	13	16	23	8	7	5	22	9	6	6	9	1	11	12	2	10	21	12	6	20	17	22	7	18	11	13	4	15
chr14	21540588	21540633	46	2	0	46	22	24	1	1	1	0	2	2	2	1	1	2	3	4	0	0	0	0	1	3	1	0	3	1	0	3	0	1	0	1	3	2	3	2
chr14	21540635	21540973	339	2	0	339	171	168	45	4	7	8	10	17	23	1	6	8	15	6	4	7	6	3	10	9	3	14	20	12	3	13	10	19	7	12	11	7	5	12
chr14	21540978	21541578	601	2	0	601	284	317	31	10	12	11	14	25	36	23	10	13	35	18	9	12	13	10	14	21	1	24	38	22	9	26	19	30	9	28	27	22	9	18
chr14	21541579	21544562	2984	2	0	2984	1704	1280	245	84	116	145	109	80	120	100	116	46	141	73	120	47	68	93	94	70	14	79	113	85	24	123	97	93	26	86	105	97	16	157
chr14	21544563	21549259	4697	2	0	4697	2450	2247	336	106	137	173	171	167	242	156	126	98	231	114	118	84	95	95	148	144	26	137	248	159	48	209	160	189	47	162	180	171	21	197
chr14	21549280	21552086	2807	2	0	2807	1492	1315	231	66	72	98	99	118	126	86	73	56	141	75	65	49	75	61	90	96	18	85	136	87	28	134	90	107	16	83	113	95	24	112
chr14	21552088	21552727	640	2	0	640	363	277	53	11	16	35	26	23	31	20	14	7	22	27	21	17	17	21	21	17	2	18	25	18	6	28	28	23	3	18	26	19	3	22
chr14	21552744	21562368	9625	2	0	9625	5307	4318	744	243	348	411	345	315	446	273	343	184	447	228	315	183	206	274	326	258	59	282	405	279	97	409	278	348	75	299	370	305	71	457
chr14	21562369	21571682	9314	3	0	9314	5167	4147	713	260	322	362	328	322	414	292	319	179	365	258	298	214	224	296	342	242	73	318	394	266	105	352	260	306	100	268	360	303	70	387
chr14	21571683	21572285	603	3	0	603	301	302	37	15	15	16	19	28	33	17	13	8	36	15	15	10	15	8	15	25	2	19	29	20	8	34	23	30	1	24	30	16	3	22
chr14	21572286	21572608	323	3	0	323	168	155	40	5	6	11	12	13	20	5	6	6	18	7	3	8	4	3	10	11	3	7	19	8	2	15	11	16	2	13	10	9	5	13
chr14	21572612	21574302	1691	3	0	1691	1022	669	178	41	57	94	66	48	70	66	57	36	47	49	68	34	35	75	61	38	8	52	71	34	14	52	46	46	11	47	72	53	5	58
chr14	21574306	21577856	3551	3	0	3551	2023	1528	294	103	131	163	114	107	164	112	138	66	157	101	144	71	75	82	125	83	18	121	135	106	31	132	90	98	26	100	147	117	25	173
chr14	21577860	21577919	60	3	0	60	25	35	0	0	0	2	0	4	5	2	1	0	4	2	1	2	1	0	3	2	0	1	3	1	0	5	3	4	1	4	2	3	1	1
chr14	21577921	21579236	1316	3	0	1316	853	463	151	40	44	99	54	33	37	43	49	23	45	26	81	19	32	76	42	30	4	39	50	21	6	36	25	32	5	30	50	30	9	53
chr14	21579238	21581232	1995	3	0	1995	1177	818	159	63	88	93	86	60	86	47	76	47	84	46	83	40	59	58	81	50	10	69	77	39	6	67	52	41	7	66	70	59	9	115
chr14	21581234	21581263	30	3	0	30	18	12	3	0	0	2	1	1	0	5	0	0	0	0	1	2	0	3	3	0	0	0	3	2	0	0	1	1	0	0	0	0	0	0
chr14	21581264	21581802	539	3	0	539	300	239	43	16	15	21	17	21	23	17	17	5	22	10	19	16	17	20	14	15	3	26	22	17	7	22	18	22	2	16	24	15	2	13
chr14	21581804	21582600	797	3	0	797	449	348	65	25	24	31	33	32	45	26	28	14	22	23	18	26	16	20	37	21	8	31	35	16	5	28	30	23	3	24	34	24	4	24
chr14	21582602	21584424	1823	3	0	1823	1065	758	157	44	68	87	70	55	78	57	56	31	66	65	74	45	44	67	68	41	9	57	76	39	8	72	51	52	18	49	65	63	11	78
chr14	21584428	21584950	523	3	0	523	304	219	60	20	13	23	25	13	24	12	16	7	20	12	15	11	8	24	17	14	3	16	23	14	5	19	15	18	7	12	19	15	3	18
chr14	21584957	21585692	736	3	0	736	471	265	48	21	30	46	39	19	25	32	28	17	16	35	29	20	20	45	34	15	3	25	18	11	2	18	25	6	0	11	38	16	5	37
chr14	21585694	21585738	45	3	0	45	27	18	3	0	2	3	2	0	1	2	3	2	3	3	0	0	0	2	1	1	0	0	2	1	0	1	0	0	0	0	3	2	1	5
chr14	21585740	21587992	2253	3	0	2253	1266	987	129	67	85	89	81	74	110	84	80	41	68	62	80	59	62	93	91	72	6	72	101	60	12	100	75	56	11	80	84	85	9	73
chr14	21587998	21591543	3546	3	0	3546	2083	1463	338	127	144	152	152	101	164	113	150	58	127	94	120	70	63	109	138	99	10	108	149	99	9	129	98	88	13	93	145	100	16	168
chr14	21591544	21594081	2538	3	0	2538	1517	1021	214	71	95	129	104	83	97	78	84	50	85	70	108	63	66	119	108	61	14	84	88	60	19	79	72	59	18	69	94	66	19	110
chr14	21594083	21594104	22	3	0	22	13	9	6	0	1	0	1	0	0	0	0	2	3	0	0	0	0	0	0	0	1	1	0	0	1	0	0	0	0	0	1	1	0	2
chr14	21594105	21594369	265	3	0	265	197	68	60	15	12	15	14	2	5	9	13	4	4	6	14	4	8	10	14	4	0	7	5	1	0	3	2	0	0	4	9	4	0	15
chr14	21594381	21594734	354	3	0	354	183	171	29	9	11	8	14	13	17	12	10	5	21	12	5	6	5	4	9	14	4	7	18	7	2	18	11	14	6	13	18	10	4	16
chr14	21594736	21596186	1451	3	0	1451	855	596	132	44	49	71	64	53	54	44	49	22	52	54	51	28	44	43	47	53	3	44	61	30	8	58	41	33	7	33	66	41	6	64
chr14	21596188	21596220	33	3	0	33	22	11	4	2	1	2	2	0	2	0	2	0	0	2	1	0	0	2	1	0	1	1	0	0	1	1	2	0	0	0	1	2	0	1
chr14	21596222	21597297	1076	3	0	1076	666	410	95	28	43	61	48	34	39	39	42	17	29	43	41	26	28	51	40	25	4	36	45	12	4	29	29	20	6	29	47	33	6	45
chr14	21597299	21597335	37	3	0	37	23	14	3	1	2	2	3	1	1	0	1	2	0	0	1	2	1	2	3	1	0	2	0	0	0	2	1	1	0	0	1	1	0	1
chr14	21597337	21598777	1441	3	0	1441	935	506	129	44	50	96	70	45	32	60	59	16	41	43	61	38	41	109	66	26	5	46	52	31	5	32	33	23	1	27	56	40	3	59
chr14	21598778	21599225	448	3	0	448	256	192	39	8	7	18	12	19	23	10	6	9	21	10	16	8	11	37	12	15	2	15	21	12	3	20	16	17	2	11	15	12	3	16
chr14	21599226	21599983	758	3	0	758	470	288	85	30	31	37	37	14	34	21	25	18	23	26	37	15	18	18	30	20	1	26	29	9	2	28	13	15	2	20	34	23	3	32
chr14	21599984	21600079	96	3	0	96	53	43	8	1	6	3	3	4	4	6	7	1	4	1	1	1	2	0	4	1	0	2	5	3	0	2	5	2	0	5	3	4	0	6
chr14	21600081	21601443	1363	3	0	1363	790	573	103	33	61	53	46	38	53	48	59	17	59	39	43	35	36	66	48	25	4	46	61	29	10	55	29	44	6	41	46	57	4	67
chr14	21601444	21602445	1002	3	0	1002	517	485	31	27	34	33	29	32	55	40	38	24	30	23	27	28	31	33	40	30	8	33	46	43	10	42	29	38	12	39	41	30	8	36
chr14	21602446	21602746	301	3	0	301	146	155	7	6	14	8	6	15	16	12	17	6	17	4	5	5	3	4	12	7	5	8	14	10	4	14	8	11	1	16	15	14	4	11
chr14	21602748	21602792	45	3	0	45	23	22	2	1	1	3	1	3	1	1	4	1	3	1	0	0	0	0	1	3	0	0	2	5	1	0	0	0	0	0	3	0	1	5
chr14	21602794	21605796	3003	3	0	3003	1853	1150	233	85	109	182	119	84	117	99	90	52	98	82	167	86	89	160	119	70	10	107	108	55	9	105	87	68	12	77	105	84	9	124
chr14	21605797	21606055	259	3	0	259	162	97	27	8	6	17	6	9	5	14	10	2	5	12	15	5	4	15	8	8	4	4	10	4	4	8	4	9	2	3	12	5	6	6
chr14	21606056	21606229	174	3	0	174	87	87	21	3	3	3	4	10	12	2	1	3	13	3	3	2	3	0	5	4	3	6	9	5	1	7	11	7	0	8	3	5	2	10
chr14	21606232	21606633	402	3	0	402	210	192	29	7	19	10	8	16	24	10	21	6	22	9	6	8	7	7	11	17	0	9	19	15	0	27	18	11	0	7	10	18	0	29
chr14	21606637	21607793	1157	3	0	1157	736	421	114	40	57	68	46	18	37	36	55	11	39	35	66	29	38	45	38	20	5	35	32	28	1	40	23	25	3	31	44	28	3	65
chr14	21607813	21607961	149	3	0	149	95	54	16	5	5	13	8	3	4	3	7	3	5	3	9	4	2	3	6	4	1	4	6	8	1	2	2	2	0	0	5	3	0	10
chr14	21607963	21608002	40	3	0	40	22	18	2	0	4	1	1	2	1	3	3	2	1	0	1	0	1	0	3	0	0	1	2	0	0	2	1	0	0	1	1	3	0	2
chr14	21608004	21608151	148	3	0	148	86	62	9	3	9	9	7	5	6	5	9	0	3	9	5	4	0	1	6	4	0	2	9	3	0	5	3	1	1	7	5	9	1	6
chr14	21608153	21608243	91	3	0	91	60	31	2	1	6	8	4	2	2	3	3	3	3	6	8	2	2	4	1	2	0	5	3	1	0	1	0	0	0	2	7	1	2	5
chr14	21608245	21608458	214	3	0	214	133	81	23	10	10	10	13	4	8	8	14	4	7	9	3	2	4	3	11	3	1	5	5	2	1	8	4	1	0	5	13	10	0	11
chr14	21608460	21608483	24	3	0	24	18	6	3	2	2	2	2	1	0	0	1	0	0	1	3	0	0	1	1	0	0	1	0	0	0	0	0	0	0	0	1	0	0	1
chr14	21608485	21608534	50	3	0	50	32	18	1	0	1	5	1	4	1	3	2	1	2	1	3	3	0	3	4	2	0	2	1	2	0	1	0	0	0	0	4	0	0	1
chr14	21608536	21608569	34	3	0	34	25	9	9	1	1	3	0	1	0	1	1	1	2	0	4	0	0	0	1	0	1	1	0	0	1	0	0	0	0	0	1	1	0	2
chr14	21608571	21608625	55	3	0	55	46	9	14	0	5	7	0	0	0	1	4	0	0	2	7	1	1	2	1	0	0	0	0	0	0	0	0	0	0	2	0	0	2	4
chr14	21608627	21608657	31	3	0	31	18	13	1	0	1	1	0	2	2	0	3	1	3	0	0	0	0	2	1	0	0	2	2	1	0	0	0	0	0	0	1	2	0	4
chr14	21608659	21609000	342	3	0	342	215	127	41	13	10	27	23	4	13	9	13	8	11	7	14	4	7	9	14	6	1	8	17	9	0	9	5	8	1	10	13	12	0	14
chr14	21609001	21609069	69	3	0	69	27	42	1	0	2	1	2	3	4	4	0	0	3	3	1	3	0	0	1	3	0	2	6	3	2	5	3	8	0	1	3	3	0	0
chr14	21609071	21609282	212	3	0	212	98	114	7	6	4	6	9	6	12	6	4	4	14	3	3	6	6	1	5	10	0	7	14	4	2	12	8	12	6	8	6	6	4	9
chr14	21609288	21609340	53	3	0	53	33	20	18	1	0	1	1	0	4	1	0	2	2	0	0	0	2	0	2	0	1	0	2	1	0	1	1	2	1	4	0	1	0	3
chr14	21609342	21609407	66	3	0	66	29	37	2	1	1	2	3	2	4	2	0	1	6	2	1	1	0	0	1	2	0	2	5	4	0	5	2	3	0	2	3	5	0	2
chr14	21609409	21609606	198	3	0	198	111	87	11	5	8	8	12	8	9	4	6	4	3	7	4	5	8	7	6	8	2	6	10	4	1	6	9	5	0	10	8	4	1	7
chr14	21609608	21609650	43	3	0	43	30	13	7	1	1	4	3	2	1	1	0	0	2	0	3	1	1	1	3	1	0	0	0	0	0	1	3	0	0	3	1	0	0	1
chr14	21609652	21609723	72	3	0	72	31	41	1	0	3	1	3	3	3	2	1	2	5	3	0	0	3	0	1	2	1	1	3	1	1	4	4	3	2	6	3	3	2	3
chr14	21609740	21609944	205	3	0	205	113	92	24	4	5	9	11	5	11	9	4	5	8	4	4	3	3	2	7	4	1	5	10	6	0	10	9	10	1	8	10	6	0	5
chr14	21609945	21610238	294	3	0	294	215	79	26	6	7	19	7	9	3	16	5	3	6	13	20	16	15	43	12	4	1	17	6	2	0	3	2	1	0	3	15	3	1	8
chr14	21610260	21611291	1032	3	0	1032	621	411	74	26	62	46	44	20	36	41	50	19	32	24	39	19	33	55	35	18	3	28	31	20	1	44	41	22	2	41	34	36	4	50
chr14	21611294	21611323	30	3	0	30	10	20	0	0	0	0	0	1	3	0	0	2	3	0	0	0	0	0	1	1	0	1	1	2	0	3	1	3	1	1	1	0	1	2
chr14	21611325	21611748	424	3	0	424	192	232	21	7	10	11	13	25	24	6	7	5	19	14	8	9	10	3	11	20	3	12	28	16	8	22	15	27	8	16	14	12	5	13
chr14	21611750	21611775	26	3	0	26	18	8	8	0	2	1	0	0	0	1	0	0	0	1	2	1	0	1	0	0	0	1	1	2	0	0	0	1	0	1	0	1	0	0
chr14	21611777	21611827	51	3	0	51	33	18	8	1	4	2	2	1	2	1	2	0	0	3	3	0	1	2	1	1	0	0	1	1	0	2	2	2	0	2	2	0	0	3
chr14	21611829	21611988	160	3	0	160	96	64	9	4	8	10	7	3	5	8	7	4	2	4	8	0	7	8	7	0	1	4	7	1	0	3	7	6	3	8	2	4	4	7
chr14	21612002	21612183	182	3	0	182	108	74	10	5	6	8	7	4	8	10	5	4	3	14	7	4	7	6	6	2	2	7	9	4	0	4	6	2	0	4	8	8	2	8
chr14	21612185	21612213	29	3	0	29	16	13	0	0	3	2	1	0	2	1	4	0	0	0	1	0	0	1	0	0	0	0	2	0	0	1	2	1	0	2	0	2	0	2
chr14	21612215	21613012	798	3	0	798	417	381	39	21	25	29	24	24	41	33	33	16	39	20	18	13	16	24	24	21	7	22	41	32	7	37	25	31	0	26	32	33	6	37
chr14	21613033	21613082	50	3	0	50	34	16	1	0	3	6	1	2	2	1	5	0	0	2	3	1	1	5	1	0	0	2	1	0	0	2	1	1	0	0	3	2	0	2
chr14	21613102	21615882	2781	3	0	2781	1599	1182	214	77	96	126	115	117	108	80	96	44	102	75	89	72	81	105	105	74	18	113	125	83	11	102	84	72	12	66	106	92	13	106
chr14	21615883	21616785	903	3	0	903	458	445	62	20	24	31	34	34	48	24	20	16	44	30	22	20	17	11	26	35	3	26	51	28	15	41	31	39	9	31	32	33	9	35
chr14	21616787	21618240	1454	3	0	1454	794	660	108	41	60	53	56	42	70	55	68	23	51	39	28	28	35	35	51	40	3	40	70	68	6	55	45	43	8	50	57	48	5	71
chr14	21618250	21621235	2986	3	0	2986	1827	1159	292	92	106	157	127	86	119	118	98	42	96	73	129	76	73	142	114	64	9	109	116	61	3	111	103	75	6	78	117	90	6	96
chr14	21621237	21627283	6047	3	0	6047	3588	2459	442	174	259	281	213	180	239	239	261	98	247	168	239	161	160	226	231	135	29	218	232	112	21	217	164	119	23	184	244	216	27	286
chr14	21627285	21627419	135	3	0	135	62	73	8	3	0	4	1	4	8	4	3	2	8	1	3	5	7	1	3	6	2	3	7	5	3	10	4	8	1	6	3	6	0	4
chr14	21627421	21630931	3511	3	0	3511	2119	1392	251	109	181	163	131	106	120	140	138	67	116	97	185	82	94	137	129	91	9	135	125	86	10	131	102	63	8	85	141	112	5	160
chr14	21630945	21631007	63	3	0	63	38	25	4	1	3	5	3	3	1	2	3	0	2	2	4	2	1	1	2	1	0	2	4	1	0	1	1	1	1	3	2	3	1	1
chr14	21631012	21631302	291	3	0	291	180	111	33	14	11	8	16	12	11	17	11	2	9	11	6	6	2	10	18	7	1	7	10	2	0	6	11	4	0	11	17	5	1	10
chr14	21631304	21631352	49	3	0	49	27	22	4	5	1	0	3	2	2	0	2	1	3	0	1	0	3	0	2	2	0	3	0	0	0	3	1	1	0	2	4	1	0	1
chr14	21631354	21632007	654	3	0	654	431	223	43	22	30	41	27	23	16	41	29	12	10	20	37	20	17	42	43	10	2	23	21	2	1	10	18	9	2	11	25	13	3	29
chr14	21632008	21632047	40	3	0	40	27	13	12	0	1	1	0	1	3	0	2	2	1	0	1	1	0	0	1	3	0	0	1	0	0	3	0	0	0	0	2	1	0	2
chr14	21632049	21632409	361	3	0	361	161	200	19	7	6	12	8	14	17	7	8	6	19	12	9	8	6	3	7	10	6	12	17	14	16	12	11	23	15	11	11	13	7	13
chr14	21632410	21632575	166	3	0	166	114	52	37	2	5	13	8	4	5	4	6	4	6	3	5	1	4	6	7	0	1	2	2	1	0	5	6	3	0	5	6	4	1	8
chr14	21632579	21634136	1558	3	0	1558	885	673	98	34	64	78	50	45	71	55	71	32	61	43	56	35	41	50	49	35	8	54	56	46	10	67	49	46	9	36	67	52	9	79
chr14	21634138	21634217	80	3	0	80	41	39	1	3	2	3	2	2	3	6	3	0	2	2	3	4	2	3	2	2	2	3	4	1	1	1	5	5	2	2	2	1	1	3
chr14	21634219	21634435	217	3	0	217	97	120	2	2	7	5	9	11	13	10	2	11	6	5	3	4	3	4	11	8	2	7	14	9	4	10	8	11	3	8	10	9	1	3
chr14	21634437	21634455	19	3	0	19	8	11	0	0	0	1	1	0	2	1	0	1	0	0	0	0	0	2	1	0	0	0	0	2	0	1	2	1	0	1	1	0	0	0
chr14	21634457	21636297	1841	3	0	1841	1120	721	142	49	80	92	73	60	53	87	73	40	67	64	76	38	45	79	83	42	10	52	57	41	10	60	46	25	6	45	87	60	8	89
chr14	21636298	21636861	564	3	0	564	323	241	40	14	19	29	16	19	25	11	22	13	30	16	24	9	11	24	16	14	4	21	24	13	7	17	11	16	5	10	20	18	8	36
chr14	21636863	21637241	379	3	0	379	198	181	28	5	6	15	9	17	15	12	5	6	20	10	11	8	9	20	8	14	4	10	22	12	7	13	12	16	10	12	11	12	3	15
chr14	21637242	21637567	326	3	0	326	173	153	22	4	11	11	13	13	17	4	7	4	18	8	6	8	6	20	6	9	2	12	18	8	1	15	9	16	7	12	14	9	2	12
chr14	21637569	21638427	859	3	0	859	473	386	66	21	37	31	26	20	46	21	35	19	30	18	28	21	25	28	24	30	1	26	41	25	6	48	21	31	4	26	26	34	3	39
chr14	21638431	21641059	2629	3	0	2629	1582	1047	238	78	116	130	102	60	98	78	116	48	103	74	105	49	78	108	91	48	9	87	74	73	14	104	71	55	10	70	102	89	15	134
chr14	21641060	21641250	191	3	0	191	132	59	31	6	13	11	5	3	4	8	12	3	4	7	12	3	5	4	7	0	0	8	4	3	0	3	0	2	0	5	9	5	2	10
chr14	21641253	21641710	458	3	0	458	308	150	50	19	25	21	14	27	9	15	28	4	12	9	24	11	10	29	35	4	1	20	8	4	1	13	6	2	0	2	16	16	0	21
chr14	21641711	21642239	529	3	0	529	293	236	38	16	12	22	19	40	22	17	14	8	19	13	18	14	8	12	43	19	4	11	23	12	6	19	12	15	4	13	20	14	2	18
chr14	21642245	21642326	82	3	0	82	49	33	5	3	6	6	6	2	1	2	7	2	3	0	2	1	1	2	4	2	0	2	3	4	0	3	2	0	0	0	2	3	0	6
chr14	21642331	21645336	3006	3	0	3006	1774	1232	220	92	120	141	106	84	119	113	122	66	112	77	126	72	86	116	108	64	23	119	109	59	22	91	84	63	23	90	121	95	24	137
chr14	21645345	21645951	607	3	0	607	324	283	41	10	13	21	18	22	34	12	13	12	31	11	13	14	20	38	20	21	3	14	23	18	7	34	20	27	3	26	23	16	3	24
chr14	21645952	21646798	847	3	0	847	429	418	44	24	30	25	30	30	41	27	30	18	43	22	20	16	18	10	25	27	5	31	45	24	14	36	24	38	8	28	34	30	11	37
chr14	21646800	21647656	857	3	0	857	496	361	77	27	26	38	38	28	36	25	25	14	49	24	27	15	21	25	34	21	1	28	32	24	5	27	30	19	6	21	31	24	2	55
chr14	21647658	21647691	34	3	0	34	22	12	2	1	2	1	1	1	2	1	1	2	1	1	2	1	0	3	2	0	0	2	1	0	0	0	0	0	0	0	1	1	0	3
chr14	21647693	21652221	4529	3	0	4529	2708	1821	358	143	179	228	168	129	193	155	184	78	152	138	198	117	125	162	170	115	18	164	182	95	19	151	108	94	21	131	185	143	22	202
chr14	21652223	21652268	46	3	0	46	22	24	0	3	2	1	3	1	2	0	2	2	2	1	1	0	1	0	3	1	0	2	1	3	0	4	0	1	0	1	2	4	0	1
chr14	21652270	21656105	3836	3	0	3836	2376	1460	314	108	161	211	152	133	136	142	140	62	108	101	188	96	104	220	164	88	15	132	141	70	6	119	116	70	18	108	142	109	11	149
chr14	21656107	21656174	68	3	0	68	46	22	16	11	1	0	11	1	0	0	1	1	1	0	0	1	1	0	9	5	0	0	4	0	0	0	0	0	0	0	0	0	0	3
chr14	21656175	21657503	1329	3	0	1329	794	535	105	45	88	41	44	48	49	51	81	26	43	26	48	34	30	34	73	25	6	49	35	15	1	65	37	16	5	32	47	60	4	64
chr14	21657508	21657517	10	3	0	10	8	2	2	1	1	0	1	0	0	0	1	0	0	0	0	0	0	0	1	0	0	0	0	0	0	0	0	0	0	0	0	0	0	1
chr14	21657522	21657578	57	3	0	57	34	23	8	0	5	0	0	0	2	0	6	2	10	0	0	0	0	0	2	0	0	0	0	2	0	0	0	0	0	0	0	1	0	17
chr14	21657579	21660631	3053	3	0	3053	1795	1258	239	79	131	155	114	77	134	87	127	44	119	103	124	62	88	111	83	65	15	99	106	87	7	128	96	69	8	101	127	107	16	143
chr14	21660633	21662142	1510	3	0	1510	1038	472	129	49	67	112	56	38	34	70	69	20	28	35	104	50	44	131	73	21	5	58	35	12	1	37	35	16	3	24	55	36	7	54
chr14	21662143	21663487	1345	3	0	1345	808	537	115	39	53	74	50	46	48	33	38	19	44	25	79	37	36	70	40	35	18	48	52	24	9	52	38	45	7	42	47	33	8	39
chr14	21663489	21668484	4996	3	0	4996	3160	1836	419	148	203	293	192	140	177	221	202	101	146	135	251	135	131	265	215	97	30	182	160	78	14	131	126	87	8	123	229	122	12	221
chr14	21668486	21670340	1855	3	0	1855	1125	730	113	58	89	79	65	62	71	83	77	37	59	66	86	40	54	84	79	37	8	73	67	28	7	48	56	33	7	48	79	52	4	104
chr14	21670349	21672607	2259	3	0	2259	1322	937	152	59	102	98	83	71	90	89	82	57	91	73	94	46	58	76	97	48	11	76	83	54	11	80	51	52	2	67	102	74	10	118
chr14	21672608	21673599	992	3	0	992	609	383	94	31	40	48	37	30	44	30	49	18	23	25	33	26	28	53	41	27	3	34	35	20	4	34	28	16	2	22	37	30	3	45
chr14	21673601	21675829	2229	3	0	2229	1355	874	181	67	113	114	89	59	92	62	93	40	61	60	111	62	72	77	81	49	11	87	74	36	12	70	60	52	13	75	87	55	6	106
chr14	21675830	21676674	845	3	0	845	478	367	62	25	30	40	26	19	37	21	32	13	37	25	37	25	22	26	27	20	6	29	31	23	13	31	17	25	12	26	29	30	7	40
chr14	21676675	21677295	621	3	0	621	359	262	67	26	22	26	27	15	31	22	20	8	18	11	26	17	12	9	25	17	1	23	29	24	0	28	25	19	1	13	17	21	0	19
chr14	21677298	21678778	1481	3	0	1481	966	515	153	47	90	80	54	26	45	59	62	25	29	46	101	37	46	65	57	30	3	44	42	26	0	46	38	23	1	42	47	35	2	78
chr14	21678783	21681996	3214	3	0	3214	2090	1124	292	122	152	201	138	65	90	138	138	67	72	92	198	76	91	157	134	84	13	99	99	60	9	86	69	36	3	62	129	74	9	157
chr14	21681998	21682046	49	3	0	49	27	22	3	1	1	2	0	1	4	1	3	1	3	0	0	2	1	3	1	2	0	2	1	2	0	4	1	0	0	1	3	3	0	1
chr14	21682048	21682459	412	3	0	412	258	154	31	18	20	21	25	8	12	16	18	9	14	7	17	13	12	16	15	11	0	22	16	5	1	10	7	8	1	10	23	8	0	16
chr14	21682460	21683867	1408	3	0	1408	870	538	113	35	74	75	47	50	53	51	68	21	44	45	70	33	27	62	49	33	3	54	47	32	2	50	33	23	1	33	72	43	2	61
chr14	21683869	21683913	45	3	0	45	30	15	6	1	5	0	1	0	1	1	2	1	0	1	3	3	2	2	1	1	0	3	2	0	0	1	0	0	0	2	0	2	0	2
chr14	21683915	21683986	72	3	0	72	38	34	2	0	3	3	2	4	4	4	2	2	3	1	2	2	2	2	3	2	0	3	2	2	0	3	6	1	0	3	2	2	0	3
chr14	21683989	21688164	4176	3	0	4176	2524	1652	349	144	164	208	171	109	155	163	180	77	144	113	166	90	146	144	149	108	11	152	140	83	18	150	140	74	10	102	169	126	15	204
chr14	21688177	21689876	1700	3	0	1700	1075	625	161	62	74	90	87	36	53	78	75	33	36	52	64	42	52	78	75	39	9	51	65	24	2	49	45	28	4	37	69	49	1	78
chr14	21689878	21689922	45	3	0	45	21	24	3	1	2	1	2	2	1	2	2	1	3	1	0	0	0	0	2	1	0	0	0	3	2	3	2	2	0	0	2	2	0	3
chr14	21689924	21693036	3113	3	0	3113	1968	1145	276	98	152	179	124	68	94	101	127	56	78	91	180	72	105	165	104	67	19	104	92	78	10	101	76	49	9	84	115	87	10	140
chr14	21693039	21693362	324	3	0	324	164	160	22	8	6	13	8	9	10	13	12	5	16	9	8	6	13	5	5	12	2	9	12	9	8	20	11	14	6	9	12	15	8	7
chr14	21693364	21693393	30	3	0	30	14	16	0	1	1	1	2	0	3	0	1	2	2	1	0	0	0	0	3	0	0	0	1	0	0	2	1	2	0	0	0	1	0	4
chr14	21693394	21693772	379	3	0	379	258	121	54	13	18	28	19	7	8	12	21	3	8	7	19	5	9	25	12	7	0	9	14	4	0	12	7	8	1	8	13	11	1	14
chr14	21693774	21695953	2180	3	0	2180	1439	741	167	72	109	156	91	41	58	101	96	33	58	60	151	60	63	121	93	39	2	72	56	34	1	65	52	31	2	47	90	52	1	104
chr14	21695955	21696032	78	3	0	78	53	25	12	4	0	7	6	0	2	2	1	2	2	1	3	3	4	2	3	3	0	3	3	1	0	2	3	0	0	1	2	2	0	2
chr14	21696035	21696058	24	3	0	24	17	7	6	4	0	0	4	0	1	0	1	0	0	0	0	0	0	0	3	0	0	0	0	0	0	0	2	0	0	0	0	0	0	1
chr14	21696060	21696261	202	3	0	202	135	67	25	3	10	16	8	4	6	9	9	3	3	7	12	4	4	12	7	2	0	4	8	3	0	4	5	5	0	6	7	5	0	9
chr14	21696276	21698579	2304	4	0	2304	1211	1093	136	56	73	107	91	68	93	66	73	51	94	62	72	35	52	81	76	51	22	61	90	104	55	83	78	99	36	57	74	77	17	112
chr14	21698582	21702228	3647	4	0	3647	2179	1468	315	125	170	159	144	98	161	108	156	72	106	90	153	73	101	147	151	94	9	114	136	103	7	134	101	75	11	109	123	108	11	181
chr14	21702229	21702250	22	4	0	22	18	4	5	1	1	3	2	0	0	0	0	1	1	0	1	0	0	1	1	0	0	1	0	0	0	0	0	0	0	0	1	0	0	1
chr14	21702252	21702324	73	4	0	73	60	13	11	2	2	10	1	0	1	5	3	1	0	0	9	4	0	9	4	1	0	2	1	1	0	0	0	0	0	0	2	0	0	2
chr14	21702326	21702361	36	4	0	36	21	15	0	2	3	0	1	2	1	1	3	0	0	1	2	1	1	2	2	1	0	2	2	1	0	2	0	0	0	0	1	2	0	1
chr14	21702362	21710867	8506	4	0	8506	5500	3006	809	265	386	554	364	215	264	313	379	141	247	241	462	186	281	392	337	156	18	296	233	125	8	252	224	131	9	208	362	207	17	422
chr14	21710886	21715380	4495	4	0	4495	2589	1906	319	108	197	204	173	154	193	162	166	87	170	119	169	112	106	149	169	119	11	162	169	113	23	189	149	111	14	134	195	152	14	181
chr14	21715381	21716441	1061	4	0	1061	642	419	97	29	49	59	41	35	43	37	45	17	33	27	51	23	17	37	44	23	5	32	41	20	4	34	32	27	8	27	39	29	5	49
chr14	21716443	21717622	1180	4	0	1180	751	429	133	27	48	64	37	29	42	47	55	26	26	41	48	33	36	57	45	24	8	38	30	27	5	40	24	16	5	19	56	35	2	55
chr14	21717624	21717651	28	4	0	28	17	11	2	1	0	1	0	0	3	1	2	1	0	0	0	0	2	2	2	0	0	0	1	0	0	1	1	1	0	2	0	1	0	2
chr14	21717653	21717709	57	4	0	57	43	14	7	1	2	6	3	0	1	3	2	0	1	4	4	3	0	4	3	1	0	0	2	0	0	1	0	0	0	0	2	2	0	3
chr14	21717711	21718803	1093	4	0	1093	695	398	81	40	51	62	46	23	37	44	48	12	33	43	58	28	33	55	47	15	5	36	24	24	2	32	35	14	3	24	43	29	2	62
chr14	21718805	21718858	54	4	0	54	42	12	18	6	1	0	5	0	1	1	1	1	0	1	2	0	0	4	6	0	0	0	1	1	0	0	0	0	0	0	0	1	0	2
chr14	21718860	21719279	420	4	0	420	265	155	36	18	14	21	18	13	15	19	22	3	15	13	12	6	10	28	25	7	0	8	15	7	1	11	11	5	1	11	14	15	0	24
chr14	21719280	21719846	567	4	0	567	373	194	57	20	29	35	29	15	15	22	29	8	14	16	26	18	13	25	33	7	1	21	14	8	1	15	9	8	2	7	25	15	0	28
chr14	21719850	21721017	1168	4	0	1168	703	465	88	33	50	66	53	33	40	51	44	27	37	30	53	21	29	47	43	30	2	39	38	32	7	37	39	24	3	32	57	29	4	48
chr14	21721019	21721064	46	4	0	46	26	20	2	1	2	3	2	4	3	1	2	0	0	0	2	1	0	1	2	2	0	2	3	1	0	0	6	0	0	2	0	1	0	1
chr14	21721066	21721173	108	4	0	108	63	45	7	6	8	2	2	1	7	0	8	3	4	2	6	0	4	2	2	1	1	6	2	1	0	6	4	1	0	3	3	6	1	7
chr14	21721174	21724656	3483	4	0	3483	2058	1425	278	94	179	156	118	85	133	123	168	65	133	88	143	66	82	147	119	70	22	99	110	94	17	142	101	75	15	107	129	124	20	179
chr14	21724657	21725278	622	4	0	622	392	230	69	21	28	35	29	13	14	29	29	7	20	14	26	11	11	36	24	15	5	8	17	17	2	25	19	11	0	15	25	18	3	24
chr14	21725279	21727412	2134	4	0	2134	1297	837	152	66	87	116	89	78	78	66	82	33	69	60	97	53	60	110	94	49	12	74	87	41	6	63	55	45	7	59	75	62	9	98
chr14	21727414	21731175	3762	4	0	3762	2231	1531	262	104	178	183	135	132	155	129	175	71	116	110	156	89	79	156	167	91	16	121	124	115	15	145	99	68	12	85	161	125	9	177
chr14	21731176	21731205	30	4	0	30	17	13	2	3	2	0	2	2	0	0	2	0	1	0	2	0	0	0	2	1	0	2	1	1	1	0	1	0	1	0	0	1	0	1
chr14	21731208	21732542	1335	4	0	1335	812	523	130	35	62	66	58	42	45	47	57	27	44	31	49	25	36	56	51	32	2	44	51	22	4	45	39	25	7	41	51	43	9	57
chr14	21732544	21732825	282	4	0	282	202	80	42	10	9	24	9	8	3	10	15	1	2	5	21	7	11	23	13	6	3	4	10	5	0	6	3	2	1	4	4	8	0	11
chr14	21732827	21732871	45	4	0	45	34	11	9	2	2	1	4	1	0	1	1	0	1	0	0	1	0	9	2	1	0	2	1	0	0	1	2	0	0	0	1	1	0	0
chr14	21732873	21732929	57	4	0	57	37	20	0	3	2	1	0	0	2	2	3	1	2	5	3	0	6	5	1	1	0	2	1	0	0	2	1	0	0	1	1	2	0	8
chr14	21732930	21733571	642	4	0	642	386	256	27	24	24	28	26	20	24	18	23	11	16	25	27	14	26	53	30	19	6	14	26	12	2	27	10	19	1	13	22	17	1	35
chr14	21733573	21733618	46	4	0	46	30	16	7	1	3	2	2	0	2	1	4	1	2	1	0	2	0	0	3	1	0	0	1	1	0	2	0	0	0	0	1	2	0	5
chr14	21733620	21734866	1247	4	0	1247	716	531	103	53	38	50	50	48	48	31	50	21	46	32	41	30	28	45	51	38	15	48	50	23	17	42	23	32	14	27	53	39	16	43
chr14	21734867	21735023	157	4	0	157	105	52	26	3	5	12	6	3	3	6	13	1	4	3	2	1	6	9	2	3	0	3	6	2	1	4	6	2	0	2	5	6	1	9
chr14	21735025	21735062	38	4	0	38	27	11	3	3	0	3	1	1	1	3	1	0	1	0	3	2	2	1	4	1	0	1	0	0	0	1	1	0	0	1	1	0	0	1
chr14	21735064	21739672	4609	4	0	4609	2693	1916	339	119	160	214	169	135	211	166	178	92	177	145	146	136	133	173	197	102	22	161	171	131	14	174	119	93	9	129	194	165	16	217
chr14	21739674	21739737	64	4	0	64	44	20	11	3	3	4	4	3	2	1	4	1	0	1	2	0	0	4	5	1	0	1	2	1	0	1	1	1	0	0	1	1	0	4
chr14	21739739	21741193	1455	4	0	1455	916	539	115	41	65	91	54	33	40	67	74	36	42	36	69	26	49	78	48	33	5	50	55	29	0	45	27	20	7	30	62	47	8	71
chr14	21741195	21741235	41	4	0	41	25	16	1	0	0	3	2	2	1	3	1	1	3	1	0	0	2	4	3	0	0	0	1	0	0	1	3	0	0	1	1	2	0	3
chr14	21741237	21741706	470	4	0	470	276	194	39	18	13	29	17	7	21	18	22	8	22	9	21	12	13	6	10	10	1	24	16	11	4	20	17	8	3	8	20	22	2	17
chr14	21741708	21741749	42	4	0	42	23	19	0	3	1	0	1	2	1	2	2	0	2	2	1	0	4	1	1	1	0	2	0	1	0	3	3	1	0	0	2	1	0	3
chr14	21741751	21742957	1207	4	0	1207	826	381	131	49	43	93	51	26	33	43	47	17	30	27	87	32	34	83	61	18	3	41	20	12	8	25	25	11	4	30	47	25	5	44
chr14	21742970	21743253	284	4	0	284	139	145	19	8	3	7	8	11	22	12	7	4	13	4	4	7	4	5	9	12	0	8	20	8	1	16	15	16	0	11	9	9	3	7
chr14	21743265	21744318	1054	4	0	1054	714	340	93	26	49	68	35	26	28	49	43	15	27	27	64	32	31	99	44	13	3	39	27	16	0	20	30	13	0	23	37	21	1	53
chr14	21744320	21744367	48	4	0	48	27	21	6	2	3	1	0	1	1	1	3	1	0	0	3	1	3	0	0	3	1	1	2	2	0	3	0	2	1	1	1	1	0	2
chr14	21744369	21746452	2084	4	0	2084	1372	712	193	80	76	155	102	41	57	74	90	29	56	56	118	58	65	121	94	43	6	65	47	41	12	56	46	29	6	35	87	43	4	97
chr14	21746453	21752412	5960	4	0	5960	3681	2279	503	170	249	325	211	139	254	228	267	122	188	182	267	142	154	279	228	108	32	205	196	93	21	190	170	105	16	155	237	194	33	295
chr14	21752414	21754784	2371	4	0	2371	1253	1118	154	53	83	78	73	85	136	78	75	54	90	68	68	41	55	60	77	70	12	74	120	90	19	85	77	86	20	101	98	68	17	104
chr14	21754785	21754816	32	4	0	32	14	18	0	2	0	0	2	1	2	1	0	1	2	0	0	0	0	1	2	2	0	1	3	3	0	2	0	2	0	0	1	1	0	1
chr14	21754818	21755924	1107	4	0	1107	645	462	82	47	61	44	58	23	47	31	65	21	41	28	29	16	18	33	46	31	6	24	45	27	3	45	25	23	1	31	43	39	4	68
chr14	21755925	21756040	116	4	0	116	87	29	27	4	4	8	5	1	1	7	5	1	1	2	7	2	2	9	4	2	0	2	2	1	0	2	1	1	1	3	6	1	1	1
chr14	21756042	21756174	133	4	0	133	95	38	19	5	3	8	2	6	1	12	2	0	1	1	12	4	3	15	11	1	2	1	2	1	0	3	8	3	0	1	1	1	0	2
chr14	21756176	21757598	1423	4	0	1423	862	561	122	56	54	71	72	34	44	80	64	21	36	46	45	33	41	43	68	36	0	39	63	38	5	41	38	28	1	35	61	45	2	59
chr14	21757604	21758050	447	4	0	447	271	176	36	15	18	24	28	10	16	17	18	8	13	19	12	8	10	18	22	6	1	12	14	12	0	17	11	11	1	11	24	14	2	17
chr14	21758052	21758168	117	4	0	117	67	50	5	5	6	3	6	3	6	8	3	1	0	6	6	1	0	7	3	3	2	2	8	3	0	2	7	2	0	7	5	4	0	1
chr14	21758181	21758246	66	4	0	66	47	19	12	1	1	6	3	0	1	3	2	1	2	5	2	1	1	4	1	1	0	1	1	1	0	2	2	0	0	0	3	2	2	3
chr14	21758248	21758282	35	4	0	35	17	18	0	1	0	0	1	1	4	1	0	1	2	3	0	1	0	1	2	1	0	0	2	0	0	2	1	2	0	1	2	1	0	3
chr14	21758287	21758360	74	4	0	74	45	29	6	2	2	6	2	0	2	3	6	0	4	2	2	2	3	3	0	2	0	2	3	2	0	5	0	1	0	0	4	5	0	3
chr14	21758368	21758731	364	4	0	364	226	138	28	10	16	21	18	6	11	5	18	7	13	15	12	9	16	19	11	12	1	8	14	6	1	14	4	5	2	7	11	12	2	28
chr14	21758733	21758946	214	4	0	214	136	78	24	6	14	11	10	6	7	5	11	3	7	7	9	1	9	5	8	3	0	5	3	4	0	6	9	2	0	9	8	4	0	16
chr14	21758948	21758979	32	4	0	32	19	13	1	1	0	2	1	2	2	2	1	1	1	1	0	1	0	1	5	1	0	0	2	1	0	0	0	0	0	0	0	1	0	3
chr14	21758981	21759036	56	4	0	56	39	17	6	5	3	2	3	0	1	2	6	0	1	1	2	0	0	5	2	1	2	0	1	0	0	1	1	1	0	0	2	0	2	4
chr14	21759041	21759904	864	4	0	864	519	345	49	33	32	42	41	29	36	32	26	26	35	30	40	15	27	26	47	22	2	31	33	12	0	26	24	7	0	23	34	30	2	50
chr14	21759906	21760444	539	4	0	539	295	244	41	13	21	13	18	16	29	21	16	13	21	11	12	20	11	17	19	24	1	18	32	16	0	23	17	9	2	22	17	22	3	19
chr14	21760446	21760485	40	4	0	40	17	23	0	0	1	1	2	0	4	2	0	2	1	3	0	0	0	0	0	1	0	1	1	1	1	1	4	1	2	3	3	0	1	2
chr14	21760495	21760717	223	4	0	223	103	120	4	5	9	2	5	5	20	6	7	6	12	1	3	7	9	1	8	5	2	7	6	9	3	9	14	11	1	18	8	2	0	16
chr14	21760719	21760794	76	4	0	76	33	43	1	1	3	1	2	2	4	5	3	3	4	0	0	1	1	2	2	2	0	1	5	5	0	6	2	5	0	3	4	4	0	2
chr14	21760796	21761925	1130	4	0	1130	648	482	90	41	66	35	54	27	50	29	63	25	43	32	25	16	25	26	41	33	4	30	43	27	5	46	26	21	3	38	50	40	4	70
chr14	21761926	21762239	314	4	0	314	200	114	21	12	14	22	13	4	13	15	14	3	7	12	21	9	5	13	14	7	1	6	11	3	1	11	7	7	0	10	13	9	2	12
chr14	21762241	21762282	42	4	0	42	23	19	1	2	0	2	3	1	4	0	0	3	1	1	2	0	1	1	3	0	0	3	3	2	0	0	1	1	0	0	1	1	0	3
chr14	21762284	21763162	879	4	0	879	536	343	60	36	34	39	41	30	32	27	31	23	37	29	37	17	29	33	47	22	7	30	27	15	2	25	24	6	1	15	32	26	2	61
chr14	21763164	21763183	20	4	0	20	13	7	3	1	1	1	1	1	0	1	1	0	0	0	0	0	2	0	2	0	0	0	0	0	0	0	0	0	0	3	1	0	0	0
chr14	21763185	21763864	680	4	0	680	422	258	67	19	26	42	36	13	25	16	33	14	23	27	19	16	20	25	22	24	3	13	31	11	0	23	10	8	2	14	27	22	3	44
chr14	21763866	21763917	52	4	0	52	32	20	2	2	2	2	3	0	3	4	2	1	0	3	2	1	0	3	2	1	0	1	2	2	0	1	2	0	0	2	4	2	0	1
chr14	21763920	21764826	907	4	0	907	563	344	74	29	39	50	51	17	28	36	42	14	27	32	25	24	31	44	34	15	4	30	28	18	0	34	20	17	1	26	49	30	1	35
chr14	21764875	21765341	467	4	0	467	292	175	39	19	21	21	22	10	16	21	17	9	7	14	23	13	20	18	24	12	2	13	19	6	0	14	12	10	0	16	14	11	0	22
chr14	21765343	21765388	46	4	0	46	29	17	5	1	2	2	3	0	2	1	2	1	1	3	0	1	3	2	2	0	0	1	1	0	0	2	2	0	0	0	1	2	0	4
chr14	21765390	21765465	76	4	0	76	50	26	8	5	7	2	6	1	1	1	5	0	0	3	4	2	2	2	4	1	0	3	3	3	0	1	1	1	0	0	1	2	0	5
chr14	21765467	21765515	49	4	0	49	29	20	3	3	3	0	2	1	3	2	3	2	1	1	1	0	0	3	3	0	2	1	1	0	0	0	2	1	0	1	2	1	0	5
chr14	21765517	21765749	233	4	0	233	140	93	18	7	3	13	7	12	7	16	8	2	7	14	8	5	7	5	9	6	3	8	13	1	0	6	7	4	2	2	13	9	1	8
chr14	21765751	21765795	45	4	0	45	25	20	2	0	1	3	2	0	2	2	0	1	0	3	1	3	0	4	0	3	0	1	4	4	0	1	0	0	1	1	1	2	1	0
chr14	21765797	21766349	553	4	0	553	328	225	49	24	15	19	22	24	15	36	18	8	10	13	19	15	13	26	33	17	9	12	23	17	2	17	24	9	3	10	17	16	2	14
chr14	21766360	21766807	448	4	0	448	323	125	55	9	16	50	19	8	6	21	20	4	8	14	37	14	12	29	16	6	1	12	13	6	0	6	11	3	0	4	14	9	3	20
chr14	21766808	21767649	842	4	0	842	551	291	62	24	36	60	32	10	28	42	43	13	25	29	44	20	31	51	26	12	1	28	27	5	0	24	22	11	1	23	37	28	0	45
chr14	21767651	21767694	44	4	0	44	34	10	7	0	3	2	0	0	2	0	3	0	1	3	3	1	1	7	0	0	0	1	0	0	0	1	0	0	0	0	2	1	0	4
chr14	21767696	21767790	95	4	0	95	62	33	15	3	1	9	1	2	4	0	5	0	5	0	8	3	2	3	2	4	1	1	0	5	0	4	1	0	1	3	4	0	2	4
chr14	21767808	21767973	166	4	0	166	102	64	20	4	9	6	6	5	6	6	10	2	1	5	3	3	8	6	9	1	0	4	5	4	0	7	5	7	0	4	5	4	0	9
chr14	21767979	21768129	151	4	0	151	95	56	4	6	6	12	10	2	7	7	8	6	5	3	6	6	2	4	8	2	0	10	7	1	0	1	2	1	0	1	9	5	0	8
chr14	21768135	21770834	2700	4	0	2700	1576	1124	164	93	88	138	96	76	133	107	123	51	102	74	101	54	76	99	124	56	10	84	94	80	7	108	72	64	2	72	122	89	5	134
chr14	21770874	21775685	4812	4	0	4812	3113	1699	436	174	198	293	196	101	163	193	196	83	112	139	273	138	159	258	200	111	16	169	160	77	8	133	114	58	5	117	179	131	7	213
chr14	21775686	21777457	1772	4	0	1772	1077	695	131	57	74	90	65	58	72	81	71	41	58	53	83	36	43	62	82	46	5	59	65	44	5	42	46	31	2	45	83	35	4	101
chr14	21777459	21777826	368	4	0	368	175	193	36	10	3	7	8	18	18	5	7	9	22	9	6	3	8	5	8	11	5	16	20	17	7	15	8	19	9	10	13	13	11	10
chr14	21777827	21780159	2333	4	0	2333	1425	908	201	71	88	141	89	65	94	74	96	33	72	71	115	54	69	92	79	45	13	85	89	54	9	70	71	52	7	60	83	72	9	108
chr14	21780162	21782630	2469	4	0	2469	1223	1246	138	62	85	62	84	101	149	69	78	45	97	58	46	51	37	59	92	71	23	73	138	111	30	104	93	107	18	108	80	94	21	83
chr14	21782632	21782661	30	4	0	30	21	9	6	1	2	0	0	1	1	2	2	1	1	1	1	0	0	0	2	0	0	1	0	0	0	1	0	0	0	0	2	1	0	2
chr14	21782663	21785514	2852	4	0	2852	1698	1154	192	85	115	147	114	69	126	119	117	68	79	74	116	75	78	123	127	64	23	83	106	58	10	101	87	65	10	82	108	88	9	132
chr14	21785515	21785722	208	4	0	208	139	69	31	3	7	13	7	5	3	13	5	3	7	6	10	8	6	10	7	5	0	8	8	4	0	6	3	4	0	3	10	5	0	6
chr14	21785725	21787111	1387	4	0	1387	891	496	130	45	61	84	54	41	47	49	69	23	43	39	65	37	34	68	66	30	2	48	40	26	1	43	31	9	0	26	54	45	7	68
chr14	21787172	21788593	1422	4	0	1422	855	567	139	53	42	77	68	35	48	72	46	22	45	37	57	22	39	52	56	33	2	41	62	35	4	49	56	35	3	40	49	48	9	44
chr14	21788601	21789509	909	4	0	909	558	351	72	29	31	48	42	33	26	52	36	15	24	30	30	23	23	44	48	22	3	27	44	19	0	23	24	16	0	18	37	30	3	35
chr14	21789514	21789577	64	4	0	64	31	33	3	3	1	1	0	2	3	1	3	1	3	1	3	1	3	1	1	3	1	2	4	5	1	4	0	4	0	0	1	2	0	4
chr14	21789579	21790961	1383	4	0	1383	750	633	81	39	60	37	39	52	66	62	54	32	51	38	43	20	31	44	44	37	16	45	54	48	8	51	56	35	7	56	65	41	13	56
chr14	21790963	21791005	43	4	0	43	32	11	0	0	0	2	1	0	0	1	0	0	0	9	1	1	7	8	0	1	0	0	1	0	0	0	0	0	0	0	2	0	0	7
chr14	21791030	21791873	844	4	0	844	515	329	69	28	33	39	28	24	40	27	41	17	27	28	30	11	27	44	30	23	4	23	27	13	0	35	25	11	1	23	37	28	3	46
chr14	21791876	21791892	17	4	0	17	7	10	0	0	0	0	0	2	2	0	0	0	1	0	0	0	0	0	2	0	0	0	1	0	0	0	2	1	0	3	1	0	0	0
chr14	21791894	21792582	689	4	0	689	392	297	43	23	40	16	24	24	29	28	35	18	28	12	19	15	18	18	38	15	6	22	17	14	2	30	24	13	2	21	26	21	4	42
chr14	21792584	21792638	55	4	0	55	32	23	2	1	4	2	2	1	1	0	2	0	3	1	3	1	3	5	0	1	0	2	2	2	0	3	1	1	0	4	1	2	0	3
chr14	21792640	21795293	2654	4	0	2654	1665	989	248	94	115	150	111	59	93	92	135	44	105	74	112	50	78	104	96	57	12	82	71	54	3	95	65	29	3	63	122	83	2	151
chr14	21795294	21803327	8034	4	0	8034	4987	3047	639	241	355	449	321	211	313	299	359	133	235	254	366	221	195	394	351	156	34	266	256	172	19	266	211	132	18	185	326	253	21	381
chr14	21803328	21815945	12618	5	0	12618	7613	5005	1053	399	493	621	499	393	451	526	499	223	371	364	516	328	353	523	571	324	68	380	479	286	61	399	358	246	64	312	461	369	49	577
chr14	21815947	21816532	586	5	0	586	375	211	51	10	38	29	26	12	14	27	25	11	19	26	25	11	18	32	15	8	0	21	15	9	1	15	21	11	1	13	28	12	0	40
chr14	21816534	21816934	401	5	0	401	263	138	43	13	21	21	16	7	12	16	15	2	9	15	25	9	15	22	12	6	0	13	14	4	0	12	10	12	0	14	15	8	0	18
chr14	21816936	21817032	97	5	0	97	55	42	7	3	8	2	7	4	3	3	4	3	5	2	2	0	1	1	5	1	0	4	4	0	0	1	4	3	0	5	4	2	0	7
chr14	21817034	21817076	43	5	0	43	24	19	3	1	1	1	2	0	4	3	0	2	0	1	1	1	1	1	1	1	0	3	3	0	0	1	4	1	0	1	1	2	0	1
chr14	21817078	21817434	357	5	0	357	203	154	23	17	22	10	18	8	17	13	19	10	7	5	12	10	4	6	19	9	2	16	19	8	1	13	11	6	2	7	7	18	1	15
chr14	21817447	21817866	420	5	0	420	267	153	28	13	21	25	21	9	10	21	14	7	10	12	24	13	10	27	12	13	0	17	23	10	0	7	12	7	0	9	14	10	0	19
chr14	21817868	21817909	42	5	0	42	28	14	5	3	3	0	2	0	2	1	1	1	1	0	4	2	1	1	3	0	0	2	1	0	0	0	1	1	0	2	0	0	0	3
chr14	21817911	21818221	311	5	0	311	202	109	29	11	13	23	19	6	8	19	15	8	5	9	13	7	1	15	17	7	3	5	14	4	0	6	7	5	0	4	15	8	1	12
chr14	21818225	21819997	1773	5	0	1773	1205	568	227	57	76	108	76	32	57	75	80	34	37	55	86	44	45	114	81	30	4	52	43	18	1	45	40	15	0	33	76	44	1	85
chr14	21820000	21820379	380	5	0	380	235	145	47	9	9	20	16	11	19	8	14	5	11	14	9	9	10	22	15	10	1	8	15	13	1	11	9	9	0	8	15	8	0	22
chr14	21820380	21823917	3538	5	0	3538	2163	1375	313	122	144	173	130	101	141	151	157	62	117	98	152	78	76	146	142	86	9	126	140	80	11	107	93	59	5	83	148	113	11	162
chr14	21823919	21823944	26	5	0	26	22	4	10	0	1	2	1	0	0	1	0	0	1	1	1	2	0	0	1	0	0	1	0	0	0	0	0	0	0	0	1	0	0	1
chr14	21823946	21825344	1399	5	0	1399	914	485	106	38	61	88	56	25	51	52	63	25	42	50	68	30	54	104	50	17	3	48	22	20	1	41	41	21	1	39	71	26	2	81
chr14	21825346	21825389	44	5	0	44	22	22	0	1	1	1	0	2	3	3	2	1	0	0	1	3	2	2	5	1	0	1	0	1	1	2	2	1	2	1	1	0	1	1
chr14	21825391	21826487	1097	5	0	1097	629	468	64	32	53	38	46	38	48	35	44	26	46	38	34	22	29	35	45	21	4	48	35	30	4	38	37	13	4	34	50	43	6	55
chr14	21826500	21826657	158	5	0	158	69	89	14	1	2	2	2	9	10	4	4	3	11	2	0	2	2	0	1	4	2	8	10	6	3	6	6	9	5	8	8	7	2	3
chr14	21826659	21826771	113	5	0	113	60	53	10	2	2	4	3	5	3	3	1	2	5	8	4	2	4	1	2	5	2	2	8	5	1	4	1	3	0	3	3	5	3	5
chr14	21826773	21827986	1214	5	0	1214	785	429	106	29	61	82	48	30	51	37	64	26	34	43	59	27	28	58	52	10	3	47	27	12	3	38	28	16	1	25	59	42	1	65
chr14	21827987	21830159	2173	5	0	2173	1279	894	148	66	92	118	81	60	98	73	101	38	78	48	94	51	51	80	82	53	10	70	74	46	17	82	75	50	8	61	81	70	9	106
chr14	21830160	21830556	397	5	0	397	274	123	51	11	19	29	11	5	11	20	18	4	9	13	31	12	5	24	14	7	0	10	9	7	1	12	8	4	1	5	16	11	0	17
chr14	21830557	21830893	337	5	0	337	229	108	29	3	17	22	12	7	10	16	11	6	5	13	20	15	6	35	13	7	1	10	10	5	0	7	6	4	0	10	17	6	1	11
chr14	21830895	21830932	38	5	0	38	24	14	5	2	4	0	3	0	1	1	2	0	1	3	1	0	1	0	0	0	0	2	0	0	0	1	3	0	0	1	1	1	0	3
chr14	21830934	21833280	2347	5	0	2347	1514	833	208	78	101	143	92	65	65	104	110	39	67	64	120	56	73	129	100	36	14	87	61	36	6	61	55	36	7	52	110	56	9	105
chr14	21833282	21836913	3632	5	0	3632	1923	1709	169	92	150	120	146	122	218	121	120	89	148	73	97	74	77	106	139	94	9	135	174	132	12	155	150	120	4	154	144	128	9	149
chr14	21836915	21836962	48	5	0	48	22	26	2	1	2	1	0	3	1	0	2	1	3	1	1	0	3	0	1	3	0	1	2	2	2	5	1	1	0	0	0	5	0	2
chr14	21836964	21837671	708	5	0	708	457	251	55	28	26	42	27	14	22	37	34	8	14	23	36	25	29	36	34	17	1	23	22	5	3	22	15	12	1	16	29	18	3	29
chr14	21837673	21837705	33	5	0	33	23	10	2	1	2	3	3	1	0	0	2	0	0	0	1	3	1	3	3	2	0	1	1	0	0	1	0	0	0	0	0	0	0	1
chr14	21837707	21838701	995	5	0	995	609	386	103	30	53	46	42	17	36	34	51	22	27	24	36	21	29	38	27	23	4	36	37	18	8	34	26	21	2	24	38	35	0	51
chr14	21838702	21839314	613	5	0	613	428	185	83	25	27	45	32	13	15	23	26	7	12	19	38	12	15	35	33	4	0	20	18	6	0	9	14	9	0	7	17	14	0	33
chr14	21839315	21840023	709	5	0	709	468	241	76	20	37	47	33	17	20	32	32	16	5	16	39	18	20	39	36	8	3	24	17	12	2	18	23	10	2	15	25	19	1	25
chr14	21840025	21840994	970	5	0	970	609	361	74	27	44	59	47	22	29	52	40	23	31	28	43	22	30	37	50	14	6	25	31	10	0	28	29	18	0	27	40	26	2	54
chr14	21841004	21841112	109	5	0	109	58	51	3	3	5	2	2	10	1	1	5	0	12	2	3	1	1	5	9	4	0	1	2	6	0	6	1	1	1	1	3	3	1	12
chr14	21841114	21841145	32	5	0	32	24	8	7	0	1	3	1	0	1	0	2	1	0	1	2	1	2	0	1	1	0	0	1	0	0	1	0	0	0	0	0	1	0	3
chr14	21841147	21847924	6778	5	0	6778	4141	2637	517	207	281	352	235	184	291	232	304	138	252	183	302	164	175	323	267	148	35	243	223	145	19	216	156	105	16	187	296	205	22	353
chr14	21847926	21847950	25	5	0	25	18	7	1	0	0	4	0	1	0	0	2	0	1	0	2	0	2	4	0	0	1	1	0	0	0	1	0	0	0	0	1	1	1	0
chr14	21847952	21848555	604	5	0	604	398	206	62	26	29	35	25	10	18	27	31	11	13	14	35	17	14	30	33	12	1	18	19	13	0	14	8	6	3	9	20	16	0	33
chr14	21848556	21848886	331	5	0	331	217	114	36	10	11	21	17	7	6	8	11	9	12	10	14	8	22	14	14	6	0	14	6	8	0	9	4	2	0	8	14	8	0	20
chr14	21848896	21849063	168	5	0	168	82	86	20	4	4	3	7	6	9	4	3	4	9	3	1	3	0	0	3	7	2	5	8	8	5	7	8	7	2	5	7	6	1	5
chr14	21849066	21850674	1609	5	0	1609	1011	598	181	43	79	86	74	35	56	51	69	33	48	46	66	36	42	64	53	39	11	44	57	26	3	47	43	28	6	45	63	40	4	89
chr14	21850675	21861932	11258	5	0	11258	7013	4245	932	341	473	644	416	302	428	409	535	200	350	309	509	275	320	568	463	226	57	372	352	217	38	352	306	165	25	278	434	351	40	569
chr14	21861935	21865862	3928	5	0	3928	2449	1479	367	127	142	222	149	106	164	161	144	50	118	117	198	97	91	196	158	68	20	134	121	79	16	108	136	74	11	123	165	103	13	148
chr14	21865863	21869867	4005	5	0	4005	2413	1592	280	119	161	210	148	107	160	161	180	79	145	111	162	98	102	190	159	85	18	140	137	78	20	133	104	80	16	106	176	125	24	189
chr14	21869868	21872843	2976	5	0	2976	1928	1048	256	113	127	176	123	71	97	112	134	41	74	99	160	82	86	175	120	63	10	114	98	37	7	95	63	48	0	45	122	89	7	130
chr14	21872845	21872866	22	5	0	22	17	5	4	0	0	4	2	0	0	0	1	0	0	0	1	1	0	2	0	1	1	0	1	0	0	0	0	0	0	0	1	0	1	0
chr14	21872868	21874233	1366	5	0	1366	907	459	112	49	51	94	53	22	39	70	54	26	39	47	87	35	47	81	64	20	7	41	34	12	3	34	29	16	3	28	57	34	3	73
chr14	21874235	21874259	25	5	0	25	16	9	1	1	1	4	1	0	0	0	3	0	0	1	2	0	1	1	0	1	0	0	0	1	0	1	0	0	0	0	1	1	1	1
chr14	21874261	21874947	687	5	0	687	396	291	40	23	32	31	24	23	33	23	35	14	25	14	27	12	18	21	23	22	2	25	27	18	3	25	26	9	0	23	27	24	1	35
chr14	21874949	21874963	15	5	0	15	8	7	0	0	0	1	1	1	0	1	0	1	1	0	0	1	1	0	0	1	0	2	0	0	0	0	0	0	0	0	2	0	0	0
chr14	21874965	21879571	4607	5	0	4607	2906	1701	360	140	197	287	190	127	162	197	210	79	139	135	224	102	112	244	202	82	13	151	151	77	13	124	120	79	9	116	203	128	13	219
chr14	21879580	21887752	8173	5	0	8173	5182	2991	711	254	373	457	328	235	267	342	341	148	220	211	415	220	258	400	371	168	25	294	252	134	8	247	216	130	9	217	333	209	18	360
chr14	21887755	21908109	20355	5	0	20355	12331	8024	1677	596	843	1079	762	580	807	777	956	367	678	572	801	463	536	836	808	433	79	686	704	454	82	683	539	401	56	526	875	635	93	969
chr14	21908110	21909318	1209	5	0	1209	806	403	104	36	44	99	56	25	36	46	54	21	27	36	70	37	40	73	51	25	5	38	30	17	1	30	34	10	4	20	48	26	4	60
chr14	21909319	21910773	1455	6	0	1455	944	511	118	47	62	91	59	37	52	51	48	26	39	41	94	47	33	97	79	24	9	45	33	22	3	46	36	25	5	30	51	33	5	65
chr14	21910782	21910957	176	6	0	176	114	62	25	4	11	11	5	3	9	4	13	3	6	5	8	1	1	4	5	3	0	4	5	4	0	4	6	1	0	3	5	5	0	16
chr14	21910959	21910978	20	6	0	20	12	8	2	2	0	0	0	0	2	2	1	1	0	0	1	1	0	0	2	0	0	0	0	0	0	0	2	0	0	0	0	0	0	2
chr14	21910979	21911256	278	6	0	278	169	109	29	9	16	13	9	7	14	5	16	4	8	6	14	4	8	6	10	6	1	7	5	4	1	14	10	4	1	11	9	10	1	14
chr14	21911258	21915379	4122	6	0	4122	2661	1461	382	109	174	254	132	91	130	192	200	63	115	129	207	103	119	259	149	79	11	127	113	84	10	131	102	48	8	92	181	127	11	188
chr14	21915380	21921830	6451	6	0	6451	4086	2365	551	213	291	378	271	153	207	253	282	114	196	168	330	151	194	333	240	140	23	228	206	99	16	208	179	105	8	152	259	185	17	299
chr14	21921831	21922639	809	6	0	809	512	297	63	30	35	43	33	21	21	45	36	18	19	23	38	17	24	45	35	17	4	30	27	15	2	24	20	7	2	17	37	29	2	28
chr14	21922641	21922689	49	6	0	49	35	14	6	0	0	6	3	1	1	4	1	1	2	1	3	0	0	5	1	0	0	1	1	0	0	0	3	1	0	1	4	0	0	1
chr14	21922691	21922822	132	6	0	132	100	32	15	7	7	15	7	0	1	3	6	1	3	2	16	4	3	8	3	1	1	8	0	1	1	1	3	0	1	0	5	1	1	5
chr14	21922833	21924073	1241	6	0	1241	785	456	78	49	47	74	66	30	48	46	48	23	34	50	56	38	30	68	68	24	9	38	38	15	3	26	25	20	5	28	58	23	7	67
chr14	21924075	21924127	53	6	0	53	40	13	14	0	2	3	0	1	3	0	4	1	1	1	2	2	2	2	2	0	0	2	0	0	0	1	0	0	0	0	2	1	0	5
chr14	21924129	21924947	819	6	0	819	458	361	54	25	43	30	32	26	43	26	42	23	18	20	24	18	14	20	32	27	1	32	39	27	4	31	23	17	4	20	33	31	3	35
chr14	21924949	21924971	23	6	0	23	15	8	3	1	0	4	4	0	0	1	0	0	0	0	1	0	0	1	1	0	0	0	2	0	0	0	1	2	0	0	0	0	0	0
chr14	21924973	21925022	50	6	0	50	38	12	10	2	0	6	2	1	2	3	3	1	0	2	3	0	1	0	2	0	0	3	1	0	0	0	0	0	0	0	5	1	0	0
chr14	21925024	21925089	66	6	0	66	50	16	12	2	1	6	2	1	3	3	5	0	1	3	2	2	1	4	2	0	0	3	1	0	0	0	0	0	0	0	6	1	0	3
chr14	21925091	21925262	172	6	0	172	122	50	28	5	6	14	10	3	4	3	6	2	2	4	10	4	9	11	6	2	0	5	2	2	0	4	8	1	0	5	4	3	0	7
chr14	21925264	21925364	101	6	0	101	64	37	7	3	5	7	3	4	3	5	8	1	2	3	3	3	3	3	1	4	1	5	4	1	0	1	2	0	0	4	8	1	1	3
chr14	21925366	21925525	160	6	0	160	98	62	11	8	6	11	10	7	5	6	5	3	2	6	10	2	3	3	8	6	0	5	9	2	0	5	5	2	0	2	6	6	0	4
chr14	21925527	21925612	86	6	0	86	51	35	9	3	3	7	7	3	2	3	3	2	2	1	3	1	1	1	3	2	0	4	5	2	1	1	2	3	0	3	4	2	1	0
chr14	21925614	21925835	222	6	0	222	134	88	19	3	17	11	16	6	9	6	7	4	4	8	9	5	3	5	5	6	0	8	11	3	0	4	12	5	0	11	9	4	0	10
chr14	21925837	21925934	98	6	0	98	62	36	14	4	5	4	8	0	1	6	2	0	5	2	3	1	2	4	4	0	0	1	3	2	0	2	5	2	0	7	3	3	0	3
chr14	21925936	21926285	350	6	0	350	222	128	36	8	16	25	18	6	7	18	12	5	15	11	20	7	9	8	10	6	1	9	12	4	0	14	9	7	0	12	17	13	1	12
chr14	21926287	21926362	76	6	0	76	59	17	14	3	3	7	4	2	0	2	2	2	0	1	6	3	1	8	6	1	1	1	0	0	0	2	0	0	0	0	2	1	1	1
chr14	21926364	21927372	1009	6	0	1009	731	278	125	38	40	81	32	22	18	50	53	9	15	31	75	26	29	86	47	15	3	30	20	7	0	21	14	4	0	8	41	22	3	42
chr14	21927382	21927438	57	6	0	57	44	13	17	2	0	5	2	1	0	2	0	0	2	1	3	1	2	4	1	2	0	1	2	1	0	1	1	0	0	1	1	1	0	1
chr14	21927440	21927569	130	6	0	130	58	72	1	2	4	2	3	4	12	1	3	3	10	4	2	3	2	1	3	1	1	7	4	2	1	7	9	5	3	8	4	6	3	7
chr14	21927571	21927613	43	6	0	43	24	19	6	1	0	1	1	4	0	1	0	0	1	1	1	2	4	1	2	3	0	2	3	1	2	0	0	1	0	1	0	0	0	2
chr14	21927615	21929410	1796	6	0	1796	1155	641	131	55	63	124	72	54	49	82	75	22	46	55	95	56	60	115	84	46	9	49	60	28	5	45	41	24	9	42	72	41	3	82
chr14	21929414	21929667	254	6	0	254	177	77	25	7	8	22	6	9	7	13	3	2	3	4	28	10	7	21	12	6	0	10	5	4	0	4	15	2	2	5	4	1	0	7
chr14	21929687	21930748	1062	6	0	1062	698	364	103	31	46	72	45	30	24	44	46	14	30	26	58	34	36	58	49	24	1	35	33	19	0	30	22	10	1	23	40	28	0	48
chr14	21930750	21930793	44	6	0	44	26	18	2	1	0	4	4	0	0	1	1	1	2	1	0	2	0	6	0	1	2	1	2	5	0	0	2	0	0	0	1	1	0	2
chr14	21930795	21938804	8010	6	0	8010	5374	2636	837	288	334	587	408	171	224	348	376	124	143	233	425	185	220	470	359	130	18	261	242	94	12	159	225	96	11	152	325	187	15	349
chr14	21938805	21941347	2543	6	0	2543	1603	940	214	90	114	135	121	57	93	101	106	55	72	97	113	64	68	101	109	54	11	92	80	35	5	70	59	34	5	56	124	67	9	130
chr14	21941349	21941379	31	6	0	31	19	12	9	1	1	0	0	1	0	0	3	0	0	0	0	0	2	0	0	1	1	0	1	2	1	2	0	0	0	0	0	3	0	1
chr14	21941381	21943309	1929	6	0	1929	1179	750	145	52	91	110	80	68	79	63	97	39	64	42	76	49	33	90	95	44	11	58	65	39	6	59	45	34	3	48	85	53	2	102
chr14	21943310	21944106	797	6	0	797	517	280	75	22	31	42	31	24	21	43	35	13	17	27	31	29	22	52	38	18	3	29	33	14	0	17	16	8	1	11	32	24	2	34
chr14	21944108	21944780	673	6	0	673	458	215	100	28	28	39	41	12	16	33	27	14	15	16	28	8	14	38	33	12	2	15	20	4	0	11	25	8	0	13	24	11	2	34
chr14	21944781	21944898	118	6	0	118	78	40	16	5	4	7	8	4	5	5	3	4	1	1	6	3	2	3	10	1	0	5	3	0	0	3	4	2	0	2	4	3	0	2
chr14	21944906	21945264	359	6	0	359	244	115	37	12	13	29	20	6	12	14	17	9	8	12	18	9	8	19	18	7	0	10	7	4	0	10	8	1	0	3	19	9	0	18
chr14	21945265	21947183	1919	6	0	1919	1214	705	180	70	90	103	76	40	67	73	106	32	61	49	82	43	58	83	79	33	10	63	51	37	6	51	51	25	4	46	75	49	8	116
chr14	21947184	21950192	3009	6	0	3009	1917	1092	241	101	131	192	124	75	98	120	125	52	82	77	176	85	82	155	140	64	14	95	91	57	7	91	58	47	7	84	128	77	8	123
chr14	21950193	21952218	2026	6	0	2026	1345	681	191	66	82	146	68	57	66	86	89	27	50	43	138	58	48	128	104	37	3	64	51	27	6	58	49	25	4	44	73	53	3	80
chr14	21952220	21952245	26	6	0	26	17	9	1	1	1	0	0	0	1	3	1	0	0	1	1	3	0	2	3	1	0	1	0	0	0	2	0	0	0	0	1	1	0	0
chr14	21952247	21955313	3067	6	0	3067	1965	1102	286	110	128	170	150	68	93	130	135	47	85	100	124	85	97	156	137	68	10	95	101	31	5	87	71	46	5	78	132	79	14	142
chr14	21955314	21955437	124	6	0	124	88	36	19	5	3	11	8	2	5	5	5	1	0	5	7	3	3	5	5	2	0	4	3	0	0	2	5	0	0	3	7	2	0	2
chr14	21955449	21957021	1573	6	0	1573	1029	544	160	61	66	91	72	33	50	54	71	32	51	44	75	34	58	75	63	40	0	57	48	20	0	40	32	14	0	32	66	34	2	96
chr14	21957023	21957086	64	6	0	64	37	27	1	4	1	2	4	3	3	2	1	3	1	2	2	1	2	3	7	3	0	1	2	1	0	2	2	0	0	2	2	1	2	2
chr14	21957088	21957462	375	6	0	375	205	170	28	5	20	13	13	15	24	9	22	9	20	5	5	6	4	5	13	12	0	10	16	8	0	17	15	11	0	12	17	10	0	29
chr14	21957463	21959697	2235	6	0	2235	1267	968	136	65	98	103	90	59	104	78	98	63	83	52	78	34	61	65	82	61	10	68	92	71	8	88	64	53	4	71	93	74	8	119
chr14	21959708	21960729	1022	6	0	1022	651	371	89	31	58	61	45	23	27	35	43	18	36	23	62	29	24	45	42	19	3	37	23	21	2	39	16	20	2	26	50	25	3	43
chr14	21960731	21960755	25	6	0	25	17	8	2	1	0	1	0	0	1	1	2	0	1	2	0	0	0	4	0	0	0	1	1	0	0	1	0	0	0	0	2	2	0	1
chr14	21960757	21965070	4314	6	0	4314	2734	1580	310	148	167	257	207	112	131	206	170	76	116	124	195	121	135	259	197	100	12	147	160	76	6	102	125	58	4	105	174	109	8	195
chr14	21965071	21973911	8841	6	0	8841	5439	3402	739	277	391	465	409	235	321	335	396	190	273	254	329	207	236	380	383	202	33	291	308	182	23	269	236	139	14	209	374	259	28	452
chr14	21973913	21975107	1195	6	0	1195	763	432	117	36	47	72	45	38	33	62	58	15	34	31	53	29	45	47	55	21	1	41	38	16	2	28	40	17	2	33	45	30	5	57
chr14	21975108	21975183	76	6	0	76	40	36	5	1	2	0	2	3	5	2	1	3	5	3	0	1	4	1	2	1	0	5	3	2	0	3	4	1	0	3	3	4	0	5
chr14	21975185	21975341	157	6	0	157	74	83	7	2	15	0	1	2	6	4	14	1	11	3	1	1	3	1	3	0	0	3	5	8	0	21	3	5	0	6	2	21	0	6
chr14	21975343	21975423	81	6	0	81	43	38	3	0	19	0	0	0	0	0	19	0	2	0	0	0	0	0	0	0	0	0	0	0	0	16	0	0	0	0	0	16	0	4
chr14	21975425	21975582	158	6	0	158	84	74	14	1	16	2	5	5	8	2	14	4	4	2	1	2	1	2	4	3	1	4	5	6	3	6	4	5	0	9	7	6	0	10
chr14	21975593	21979007	3415	6	0	3415	2107	1308	295	123	141	191	175	75	145	105	161	65	92	99	118	89	98	133	146	76	16	114	118	54	9	104	93	42	8	111	144	113	13	147
chr14	21979012	21980079	1068	6	0	1068	670	398	80	38	39	68	46	35	39	37	39	18	36	31	60	25	23	56	54	24	3	35	24	20	8	33	28	13	1	29	50	28	6	40
chr14	21980080	21981729	1650	6	0	1650	1112	538	168	66	70	117	74	30	37	81	76	18	37	50	104	38	43	101	67	28	7	50	50	27	1	37	36	28	3	23	69	32	3	77
chr14	21981731	21981764	34	6	0	34	24	10	1	1	1	4	1	0	0	2	3	1	0	0	2	1	3	2	2	0	0	1	1	0	0	0	0	0	0	2	1	1	0	2
chr14	21981766	21982450	685	6	0	685	454	231	75	27	28	49	33	18	19	25	35	5	8	20	37	15	24	34	38	8	2	17	24	13	0	13	13	14	2	19	21	15	2	30
chr14	21982452	21982499	48	6	0	48	21	27	1	3	0	0	1	1	4	2	2	2	3	2	0	0	0	0	2	3	0	1	4	1	0	3	0	3	0	1	2	1	2	2
chr14	21982501	21984738	2238	6	0	2238	1369	869	201	70	84	130	75	63	87	74	101	42	57	60	107	58	65	94	101	59	7	66	79	59	18	67	39	45	17	51	80	60	12	108
chr14	21984740	21984795	56	6	0	56	39	17	7	1	3	5	2	0	2	0	4	0	1	0	3	3	3	5	1	1	0	2	0	1	0	2	1	0	0	3	2	1	0	1
chr14	21984797	21985673	877	6	0	877	510	367	68	25	24	44	44	32	39	33	31	23	36	22	18	18	24	28	42	19	3	34	33	22	2	31	26	17	1	24	47	30	2	33
chr14	21985675	21985703	29	6	0	29	15	14	5	0	2	1	0	0	1	0	2	1	1	1	0	0	0	0	0	1	0	0	1	4	0	2	0	0	0	0	0	3	0	2
chr14	21985705	21987349	1645	6	0	1645	1047	598	140	49	80	96	65	42	60	69	78	24	44	51	82	38	45	82	62	29	1	61	61	21	1	45	47	30	1	42	67	48	1	81
chr14	21987351	21987408	58	6	0	58	46	12	7	1	0	9	2	2	1	2	2	0	1	1	7	2	0	7	2	0	2	1	1	0	0	0	2	0	0	0	2	1	0	1
chr14	21987410	21987443	34	6	0	34	23	11	4	0	2	2	2	0	0	1	3	0	1	1	0	2	3	0	2	0	0	0	1	0	0	1	0	1	0	1	0	1	0	4
chr14	21987445	21989743	2299	6	0	2299	1450	849	240	54	108	130	81	53	74	84	108	55	97	69	103	46	60	87	82	42	13	71	66	43	10	63	39	30	4	57	105	67	7	149
chr14	21989745	21992555	2811	6	0	2811	1691	1120	220	74	113	150	89	82	122	93	127	49	100	66	121	70	82	131	98	61	13	103	102	53	12	102	79	61	9	85	107	94	14	127
chr14	21992556	21995058	2503	6	0	2503	1634	869	204	97	82	163	108	69	65	115	113	33	67	72	121	66	81	176	114	55	17	80	83	33	10	49	56	31	3	52	104	56	12	114
chr14	21995060	21999215	4156	6	0	4156	2527	1629	347	126	172	219	151	111	184	135	184	99	146	93	180	111	136	131	172	88	23	164	120	79	10	151	107	71	9	113	182	122	8	210
chr14	21999217	21999258	42	6	0	42	26	16	0	0	3	4	2	0	3	0	1	1	2	3	3	1	1	1	0	0	0	2	2	0	0	0	0	1	0	3	3	1	0	3
chr14	21999260	22002454	3195	6	0	3195	2023	1172	300	79	124	208	118	97	98	107	125	57	101	80	168	92	108	160	127	73	16	109	88	63	14	98	75	51	13	81	130	76	15	142
chr14	22002456	22002675	220	6	0	220	118	102	21	5	8	7	3	11	7	11	15	4	13	4	2	0	2	4	6	6	0	8	10	13	2	7	7	2	0	5	9	11	4	11
chr14	22002676	22015064	12389	6	0	12389	7138	5251	788	384	518	513	455	400	549	509	534	252	441	330	427	287	316	434	563	298	51	411	494	326	42	471	376	270	40	351	480	439	47	591
chr14	22015065	22028543	13479	6	0	13479	8283	5196	1125	395	580	734	510	402	521	488	569	247	435	344	631	339	372	590	595	298	42	448	437	291	39	437	372	224	33	385	517	391	48	638
chr14	22028545	22032755	4211	6	0	4211	2531	1680	323	133	145	219	162	123	158	181	147	85	137	112	189	93	120	202	180	102	20	132	153	117	21	135	131	91	14	102	160	116	15	191
chr14	22032756	22034504	1749	6	0	1749	1059	690	137	57	66	89	72	59	66	76	80	28	59	59	60	30	46	74	81	38	6	50	71	34	4	54	51	33	2	40	70	58	4	93
chr14	22034532	22036068	1537	6	0	1537	985	552	174	41	72	106	58	38	44	52	82	30	36	40	80	24	33	73	45	31	9	48	57	32	10	46	23	32	3	28	67	50	8	63
chr14	22036069	22037822	1754	6	0	1754	1180	574	171	59	57	123	72	50	52	77	63	20	36	58	103	52	53	132	87	31	8	55	40	29	3	32	53	13	3	43	71	31	6	69
chr14	22037824	22037852	29	6	0	29	18	11	2	0	1	4	3	1	0	0	2	0	1	1	0	0	1	1	1	0	1	0	2	0	0	0	1	1	0	0	0	1	1	2
chr14	22037854	22038883	1030	6	0	1030	737	293	120	33	38	95	46	16	16	35	36	16	22	24	84	28	44	82	33	16	7	37	20	7	0	19	20	11	3	22	40	12	4	42
chr14	22038885	22038974	90	6	0	90	62	28	5	0	0	7	2	4	2	3	0	1	0	7	5	5	9	11	4	4	0	2	2	0	0	3	2	1	0	1	3	0	0	5
chr14	22038976	22039411	436	6	0	436	313	123	55	14	15	43	17	9	11	19	26	4	12	11	28	10	11	27	16	8	0	13	10	2	0	4	6	2	0	8	24	5	0	24
chr14	22039413	22039437	25	6	0	25	23	2	5	0	0	5	2	0	0	0	0	0	0	0	3	0	0	7	1	0	0	0	0	0	0	0	0	0	0	0	0	0	0	0
chr14	22039439	22039800	362	6	0	362	242	120	38	11	9	23	15	7	11	25	12	5	9	9	16	16	5	31	22	2	4	11	11	3	0	6	13	7	1	3	11	9	1	14
chr14	22039801	22043773	3973	6	0	3973	2490	1483	343	112	167	248	147	127	150	158	202	77	121	90	177	92	103	174	176	94	13	126	128	62	8	122	107	59	8	90	171	105	11	203
chr14	22043774	22044167	394	6	0	394	255	139	35	8	22	26	16	8	7	17	14	8	10	12	26	9	14	23	11	5	0	17	13	5	2	10	12	8	2	8	12	12	2	18
chr14	22044169	22044996	828	6	0	828	532	296	79	31	36	43	25	16	33	33	36	11	19	38	49	23	24	36	31	19	5	26	17	17	2	27	21	9	1	15	38	19	4	43
chr14	22044997	22045006	10	6	0	10	7	3	2	1	1	0	0	0	0	0	0	0	0	0	1	0	1	0	0	0	0	1	0	0	0	1	0	0	0	0	0	0	0	0
chr14	22045007	22045471	465	6	0	465	324	141	47	19	21	37	14	7	12	21	21	7	11	8	41	8	15	34	15	9	0	17	16	0	0	11	9	7	0	9	14	11	0	22
chr14	22045481	22046285	805	6	0	805	496	309	64	15	25	57	25	25	31	33	32	13	33	18	40	15	15	54	35	15	4	14	33	20	0	27	23	18	1	22	23	28	3	42
chr14	22046302	22046697	396	6	0	396	199	197	21	16	22	4	8	17	20	5	19	7	25	6	15	5	5	3	17	13	0	16	12	22	4	30	6	11	0	9	15	22	2	17
chr14	22046699	22047330	632	6	0	632	377	255	54	15	38	27	20	16	28	24	31	16	15	15	29	8	11	30	18	19	3	15	23	13	0	32	19	16	1	17	28	20	2	27
chr14	22047332	22047395	64	6	0	64	34	30	4	2	2	1	2	5	4	1	3	2	2	1	0	2	1	1	4	0	1	5	2	2	1	0	2	2	0	2	5	1	0	2
chr14	22047397	22049023	1627	6	0	1627	990	637	126	40	85	72	59	38	61	58	79	41	60	48	59	40	49	74	70	31	4	54	45	39	3	66	34	30	3	29	67	53	2	106
chr14	22049025	22049068	44	6	0	44	27	17	3	2	2	4	5	1	2	0	3	0	1	0	0	0	0	2	1	0	2	0	1	0	0	0	4	1	0	3	3	0	0	2
chr14	22049070	22052309	3240	6	0	3240	2051	1189	306	99	148	202	146	98	117	125	164	48	102	85	139	79	54	138	135	71	8	110	110	58	5	87	93	41	2	68	147	90	7	156
chr14	22052310	22052331	22	6	0	22	10	12	0	0	0	0	0	0	0	0	0	0	10	0	0	0	0	0	0	0	0	0	0	0	0	1	0	0	0	0	0	1	0	8
chr14	22052332	22054721	2390	6	0	2390	1389	1001	149	69	102	109	91	75	110	78	94	47	122	59	95	45	54	90	89	49	12	86	87	45	7	82	77	56	11	78	101	71	6	142
chr14	22054722	22055581	860	6	0	860	615	245	126	30	40	67	40	15	21	31	40	12	16	32	56	13	27	48	33	9	3	25	22	1	0	7	20	5	0	19	32	15	1	52
chr14	22055592	22057922	2331	6	0	2331	1501	830	234	85	93	145	126	53	69	97	106	38	52	75	90	59	72	105	105	49	7	74	83	25	5	63	60	39	3	46	97	63	7	104
chr14	22057923	22060379	2457	6	0	2457	1534	923	192	90	128	131	110	57	89	96	112	38	68	64	126	61	68	103	95	44	9	98	70	42	2	78	77	48	5	72	110	59	8	105
chr14	22060380	22063395	3016	6	0	3016	2041	975	303	116	123	214	144	51	83	133	140	43	56	90	168	86	91	199	129	57	12	98	84	25	5	62	81	27	3	63	117	67	14	130
chr14	22063396	22069893	6498	6	0	6498	4148	2350	587	197	260	422	258	163	212	231	287	118	196	170	335	178	180	353	289	121	39	207	186	120	24	210	129	93	19	141	260	206	16	289
chr14	22069895	22070844	950	6	0	950	564	386	76	25	45	52	30	24	36	28	41	20	34	20	50	19	16	46	35	20	7	26	29	34	10	38	21	20	3	28	33	37	6	39
chr14	22070854	22072189	1336	6	0	1336	816	520	109	42	46	70	49	43	54	47	53	30	36	33	56	38	38	72	72	37	7	36	41	26	8	49	34	17	9	30	46	43	4	59
chr14	22072191	22072212	22	6	0	22	13	9	2	0	1	0	0	0	1	1	1	1	0	2	0	0	1	3	0	0	0	1	1	0	0	1	0	0	0	0	1	2	0	1
chr14	22072213	22072270	58	6	0	58	41	17	6	1	4	1	3	3	2	0	1	2	1	2	3	4	2	5	6	0	0	4	0	0	0	0	0	0	0	0	2	0	0	4
chr14	22072272	22072338	67	6	0	67	40	27	3	0	1	4	3	14	1	1	1	0	1	4	1	2	2	1	15	0	0	1	2	0	0	0	0	1	0	1	2	1	0	3
chr14	22072340	22072499	160	6	0	160	120	40	19	4	7	16	3	1	4	8	7	2	2	5	17	3	3	17	6	2	0	2	2	0	0	6	4	1	0	1	4	5	0	7
chr14	22072500	22072770	271	6	0	271	210	61	28	9	13	25	8	5	3	10	12	4	1	5	27	6	8	45	12	3	0	9	4	2	0	3	2	0	0	3	8	4	0	10
chr14	22072772	22072813	42	6	0	42	30	12	7	1	4	2	3	1	0	0	4	0	1	0	0	0	0	6	2	0	0	1	0	0	0	2	1	0	0	1	1	2	0	1
chr14	22072815	22073586	772	6	0	772	519	253	67	21	45	53	36	18	26	24	41	13	19	28	42	17	18	51	30	7	0	31	14	7	0	17	22	6	0	16	38	19	0	44
chr14	22073588	22074453	866	6	0	866	563	303	86	31	34	53	32	25	30	33	42	17	22	27	45	18	21	45	37	23	3	28	30	18	1	21	16	7	1	10	37	22	1	48
chr14	22074455	22075415	961	6	0	961	539	422	65	33	55	30	33	22	50	26	37	26	33	11	48	19	21	29	32	24	3	41	46	25	4	40	28	35	4	32	25	31	5	46
chr14	22075416	22075492	77	6	0	77	59	18	8	2	2	9	3	3	1	0	1	0	1	0	9	1	1	16	4	1	0	1	2	1	0	3	1	3	0	0	0	1	0	1
chr14	22075501	22079945	4445	6	0	4445	2695	1750	308	131	190	226	185	129	165	159	177	83	145	139	185	113	150	208	195	97	11	153	166	102	8	154	105	90	0	125	174	141	11	218
chr14	22079946	22082834	2889	6	0	2889	1913	976	279	84	115	207	128	68	90	120	123	33	55	100	155	88	86	181	134	40	10	90	78	38	8	64	81	46	9	66	112	64	9	126
chr14	22082835	22083211	377	6	0	377	205	172	34	9	8	25	15	13	12	4	13	6	12	12	14	9	10	9	14	9	6	8	10	12	12	14	3	19	13	7	17	9	5	12
chr14	22083213	22083287	75	6	0	75	25	50	0	0	1	0	1	3	5	0	0	3	8	2	0	0	2	0	1	1	0	4	3	1	2	3	4	5	6	5	1	3	5	4
chr14	22083289	22085419	2131	6	0	2131	1364	767	179	62	93	122	83	53	65	93	90	48	49	58	103	49	65	151	83	37	12	79	70	37	7	56	53	39	4	44	88	57	7	93
chr14	22085420	22088393	2974	6	0	2974	1876	1098	233	93	112	187	108	96	103	143	134	42	69	87	149	66	68	185	136	57	10	94	108	75	5	79	86	45	6	64	120	90	7	115
chr14	22088395	22090157	1763	6	0	1763	1150	613	170	64	60	129	80	48	44	76	84	28	37	49	88	44	56	92	83	33	10	58	59	34	6	38	33	27	6	27	73	43	8	74
chr14	22090158	22091336	1179	6	0	1179	817	362	151	34	47	100	46	26	29	48	48	16	22	40	86	29	35	58	49	20	0	36	37	11	0	25	26	15	3	14	38	27	3	58
chr14	22091338	22091379	42	6	0	42	27	15	3	4	0	1	2	3	1	1	1	0	1	0	3	2	3	0	4	1	0	5	2	1	0	0	0	0	0	0	1	1	0	0
chr14	22091381	22110503	19123	6	0	19123	11787	7336	1476	564	786	1076	729	539	696	799	830	330	565	543	867	485	544	958	822	368	101	627	631	393	70	585	559	366	51	494	751	553	78	885
chr14	22110836	22111141	306	6	0	306	146	160	12	9	5	8	7	15	21	10	7	6	18	6	8	6	6	2	15	10	1	10	14	8	3	19	10	16	3	13	14	9	5	8
chr14	22111144	22111587	444	6	0	444	270	174	48	14	18	20	20	14	11	13	16	6	9	12	15	12	16	25	20	14	4	7	16	11	4	20	10	13	1	10	12	13	1	17
chr14	22111589	22114414	2826	6	0	2826	1680	1146	221	88	117	144	108	79	108	102	117	65	107	82	126	62	68	84	112	66	21	95	92	62	22	91	88	42	22	62	105	97	17	152
chr14	22114416	22114443	28	6	0	28	21	7	3	0	0	1	0	0	0	3	1	0	0	1	0	1	1	8	1	0	0	0	2	1	0	0	0	0	0	0	0	2	0	1
chr14	22114445	22119222	4778	6	0	4778	3149	1629	488	166	211	296	194	109	145	186	228	72	121	141	251	140	118	283	211	94	19	163	129	80	7	129	91	50	15	77	202	121	13	226
chr14	22119231	22119688	458	6	0	458	311	147	52	15	14	30	21	16	10	24	8	5	14	11	30	20	15	25	25	4	2	25	8	1	2	2	25	4	3	8	14	4	1	18
chr14	22119690	22119725	36	6	0	36	31	5	12	1	1	5	2	0	0	0	3	0	0	0	1	0	0	5	0	0	0	1	1	0	0	0	0	0	0	0	1	1	0	0
chr14	22119727	22119937	211	6	0	211	136	75	20	8	12	8	7	8	8	6	9	8	2	3	12	4	6	14	12	8	0	8	7	5	0	6	3	0	0	3	6	5	0	11
chr14	22119938	22120001	64	6	0	64	32	32	0	0	0	0	0	23	4	0	0	4	0	0	0	0	0	0	27	0	0	0	0	0	0	0	0	0	0	0	0	0	0	4
chr14	22120003	22121784	1782	6	0	1782	1263	519	209	48	73	174	82	27	34	76	89	19	36	59	123	51	52	109	65	25	2	53	41	16	2	34	38	16	4	20	75	36	4	88
chr14	22121785	22125469	3685	6	0	3685	2229	1456	289	109	183	171	144	102	132	141	165	79	121	110	155	79	104	144	150	74	14	131	105	80	20	132	100	65	14	95	164	118	12	181
chr14	22125471	22125513	43	6	0	43	28	15	9	0	1	5	4	1	0	1	1	0	2	0	2	0	0	0	0	0	0	1	3	1	0	1	4	2	0	0	0	2	0	1
chr14	22125515	22126829	1315	6	0	1315	880	435	119	39	46	103	48	31	33	49	42	17	42	34	98	37	39	102	49	30	3	43	38	15	7	37	24	22	3	29	50	30	3	51
chr14	22126830	22127650	821	6	0	821	522	299	62	21	33	51	27	26	29	30	39	12	28	31	40	25	26	40	31	15	2	36	25	11	1	28	16	11	1	12	40	28	2	40
chr14	22127652	22127684	33	6	0	33	24	9	13	0	4	0	1	1	0	0	2	1	0	0	0	0	0	0	1	1	0	0	0	1	0	2	0	0	0	0	1	1	0	2
chr14	22127687	22127716	30	6	0	30	22	8	5	3	2	1	1	0	1	0	1	0	0	0	4	1	0	1	1	1	0	2	0	2	0	1	0	0	0	0	1	0	0	0
chr14	22127718	22129161	1444	6	0	1444	917	527	128	59	60	75	69	39	51	68	66	35	20	33	59	42	41	72	90	31	4	50	52	29	0	34	41	15	1	25	44	40	7	62
chr14	22129162	22129670	509	6	0	509	294	215	26	8	21	31	20	13	23	20	18	7	14	20	22	13	11	25	18	13	0	10	19	16	6	18	19	16	2	19	21	14	2	22
chr14	22129672	22129720	49	6	0	49	23	26	0	2	0	0	2	3	4	2	0	1	3	2	0	0	2	0	2	1	0	3	2	0	0	2	5	2	0	3	3	1	0	2
chr14	22129722	22129825	104	6	0	104	78	26	14	4	2	13	4	3	2	2	3	2	2	0	12	2	2	9	6	1	0	4	2	1	0	3	0	2	0	0	3	2	0	2
chr14	22129826	22130704	879	6	0	879	593	286	87	28	31	65	40	20	16	46	40	13	28	32	45	29	27	45	44	19	1	26	25	8	0	25	11	3	1	9	42	29	0	42
chr14	22130706	22130755	50	6	0	50	31	19	7	0	3	3	1	1	2	1	4	0	2	2	2	1	1	0	0	1	0	1	3	0	0	2	1	2	0	1	1	2	0	4
chr14	22130757	22130789	33	6	0	33	20	13	7	1	3	0	1	0	1	0	3	0	1	1	0	1	0	1	0	2	0	0	1	1	0	3	0	0	0	0	1	2	0	1
chr14	22130791	22130851	61	6	0	61	32	29	9	0	0	0	0	5	5	1	1	2	5	2	0	0	0	0	1	1	1	4	4	1	0	1	3	2	0	1	3	2	1	4
chr14	22130853	22131123	271	6	0	271	134	137	11	5	11	8	10	9	13	8	9	5	10	8	6	8	8	4	7	9	2	9	20	11	1	13	2	14	4	12	11	12	1	8
chr14	22131125	22131316	192	6	0	192	119	73	15	4	11	12	12	4	4	5	7	6	4	5	8	5	10	5	6	3	2	8	6	4	0	7	9	1	0	4	4	9	0	10
chr14	22131320	22131380	61	6	0	61	39	22	2	2	5	1	1	0	3	1	3	2	0	4	5	3	2	4	2	0	1	4	0	2	1	2	0	0	0	0	3	2	0	4
chr14	22131382	22133215	1834	6	0	1834	1041	793	85	56	72	77	61	62	97	59	82	42	89	44	62	31	50	70	68	50	3	70	71	38	7	73	49	34	2	71	92	67	4	94
chr14	22133217	22133258	42	6	0	42	24	18	2	1	3	0	1	2	2	2	2	2	0	2	1	2	1	0	3	1	2	2	1	1	0	1	0	0	0	0	2	1	0	3
chr14	22133260	22133323	64	6	0	64	35	29	1	1	6	1	2	2	4	1	6	4	3	0	0	1	1	2	3	2	0	3	2	1	0	2	1	0	0	1	3	2	0	7
chr14	22133324	22133480	157	6	0	157	102	55	19	3	7	8	4	4	7	6	6	3	5	6	9	6	3	4	6	3	0	7	3	1	0	5	6	1	0	3	6	4	2	8
chr14	22133486	22133800	315	6	0	315	193	122	19	7	15	18	16	6	8	11	14	7	12	12	10	10	15	11	7	8	1	14	11	5	1	10	5	6	0	9	18	8	2	17
chr14	22133816	22134822	1007	6	0	1007	683	324	97	46	41	70	51	20	25	37	48	15	24	22	58	30	26	71	48	19	7	37	20	11	2	24	25	7	1	13	40	20	8	42
chr14	22134824	22134870	47	6	0	47	31	16	4	1	2	3	1	2	1	3	3	2	1	1	1	1	1	3	3	0	2	1	1	0	0	0	0	0	0	2	3	1	0	2
chr14	22134872	22135271	400	6	0	400	268	132	54	13	17	22	25	11	9	19	11	8	8	11	17	7	6	28	17	9	0	13	13	6	0	8	15	5	0	8	19	7	0	12
chr14	22135279	22136459	1181	6	0	1181	840	341	135	43	56	90	39	17	29	47	58	17	15	28	92	38	41	93	55	20	1	40	27	17	2	17	17	6	1	20	34	20	0	64
chr14	22136461	22136472	12	6	0	12	5	7	0	0	0	0	0	1	1	1	0	0	0	1	0	0	0	0	0	0	0	1	1	2	0	0	0	0	0	0	1	1	0	0
chr14	22136473	22136491	19	6	0	19	12	7	4	0	0	0	0	1	2	1	1	1	0	0	0	0	0	0	2	0	0	0	0	0	0	1	2	0	0	0	0	1	0	1
chr14	22136493	22137169	677	6	0	677	439	238	45	23	29	40	21	19	21	28	32	10	18	18	39	15	20	59	27	12	5	23	16	9	1	23	17	8	3	16	29	20	3	26
chr14	22137171	22137196	26	6	0	26	17	9	1	0	2	2	0	1	1	3	1	1	0	0	3	0	0	1	1	0	0	1	1	0	0	0	1	0	0	1	2	0	0	1
chr14	22137198	22139095	1898	6	0	1898	1222	676	156	56	90	107	64	39	71	67	96	25	57	67	93	58	64	111	88	25	5	61	37	23	7	58	41	32	7	46	74	45	9	117
chr14	22139096	22139404	309	6	0	309	160	149	13	8	8	9	9	6	21	14	14	9	13	11	2	7	9	6	12	4	2	12	15	13	2	13	9	8	0	11	14	18	0	15
chr14	22139406	22139456	51	6	0	51	30	21	3	3	2	5	5	0	3	1	5	3	0	0	0	0	0	0	4	2	0	0	1	0	1	1	1	0	0	1	2	2	1	3
chr14	22139458	22139768	311	6	0	311	195	116	22	7	12	15	9	6	10	20	11	7	10	11	15	6	9	24	12	7	1	6	9	6	1	11	7	6	0	11	17	8	0	13
chr14	22139769	22140085	317	6	0	317	243	74	42	7	16	32	8	5	2	12	18	2	5	10	28	13	11	30	12	4	2	9	2	0	1	5	2	0	0	2	11	4	1	19
chr14	22140087	22140150	64	6	0	64	34	30	2	2	5	0	2	5	4	4	4	1	1	2	1	1	0	0	5	3	0	1	1	0	0	4	3	1	0	2	5	1	0	2
chr14	22140156	22140277	122	6	0	122	77	45	15	4	6	6	4	3	5	1	9	1	4	1	4	2	4	6	5	4	0	2	5	2	0	6	1	2	0	3	2	5	0	8
chr14	22140279	22140323	45	6	0	45	23	22	3	0	2	2	0	1	2	1	3	2	3	0	1	0	0	1	1	1	1	0	2	2	0	3	1	1	1	1	0	3	0	5
chr14	22140325	22141412	1088	6	0	1088	643	445	59	38	52	52	40	29	54	35	53	19	39	33	49	17	23	50	44	20	5	34	36	26	1	42	29	26	2	35	49	34	4	57
chr14	22141414	22141463	50	6	0	50	34	16	0	0	3	3	2	1	0	3	1	1	4	2	3	2	0	7	2	0	0	2	1	0	0	0	1	1	0	0	2	0	2	5
chr14	22141465	22142171	707	6	0	707	468	239	56	21	30	52	27	20	18	24	31	9	24	24	45	15	26	46	24	17	0	24	19	7	0	24	18	6	0	10	27	21	0	40
chr14	22142173	22142194	22	6	0	22	17	5	3	0	1	1	0	1	0	1	0	1	0	0	3	1	2	2	1	0	0	2	0	0	0	0	0	0	0	0	1	0	0	0
chr14	22142196	22142492	297	6	0	297	138	159	13	7	4	9	11	11	19	7	3	4	18	9	6	5	7	4	10	9	0	8	17	9	4	20	10	21	5	12	11	11	3	8
chr14	22142494	22142628	135	6	0	135	97	38	27	2	9	10	4	0	3	2	7	2	2	4	9	5	5	4	3	2	0	4	4	1	0	5	0	1	0	3	2	6	0	7
chr14	22142630	22143689	1060	6	0	1060	677	383	59	37	49	62	44	32	34	42	48	20	25	38	55	29	36	66	55	16	4	43	27	18	3	29	12	18	3	23	58	25	0	48
chr14	22143691	22143735	45	6	0	45	27	18	0	2	3	2	3	2	0	3	1	0	1	1	3	1	0	4	3	0	0	2	2	2	0	1	1	2	0	1	2	1	0	0
chr14	22143737	22143825	89	6	0	89	60	29	5	3	2	8	3	2	2	4	1	1	1	2	9	5	4	6	3	2	1	5	4	1	0	2	1	3	1	1	3	1	0	1
chr14	22143827	22143862	36	6	0	36	23	13	1	0	1	4	1	0	3	1	3	1	0	2	1	1	1	1	0	0	0	2	1	0	0	1	1	1	0	0	4	1	0	2
chr14	22143864	22144269	406	6	0	406	220	186	23	11	15	16	12	22	17	6	20	8	25	7	10	5	10	13	15	14	2	15	21	13	1	22	4	9	0	9	16	21	1	21
chr14	22144277	22144333	57	6	0	57	33	24	4	3	3	1	4	1	2	2	2	0	2	2	1	2	2	1	3	1	0	3	3	1	0	2	1	1	0	2	2	2	0	2
chr14	22144335	22149713	5379	6	0	5379	3216	2163	406	161	251	268	200	139	211	211	274	83	175	154	206	124	134	217	200	111	18	178	206	149	21	188	147	106	11	142	209	198	16	263
chr14	22149715	22149968	254	6	0	254	180	74	27	11	6	26	13	4	5	12	7	3	9	5	22	5	6	17	13	2	1	7	2	2	0	7	9	2	0	5	10	5	1	8
chr14	22149977	22150687	711	6	0	711	454	257	64	25	29	39	27	11	25	31	24	12	23	20	42	19	17	44	31	11	1	24	22	19	1	25	19	13	0	12	22	24	0	33
chr14	22150688	22151592	905	6	0	905	604	301	109	31	46	59	34	14	22	30	39	12	29	26	64	22	27	39	25	18	4	32	19	9	2	35	26	9	1	14	29	29	5	43
chr14	22151593	22152143	551	6	0	551	307	244	47	13	21	19	19	16	30	21	18	13	21	11	17	11	11	17	22	14	2	15	26	22	0	24	16	19	0	21	23	17	0	23
chr14	22152144	22154313	2170	6	0	2170	1334	836	167	63	87	118	76	54	79	85	78	43	78	54	114	47	56	135	93	50	3	61	78	66	4	81	48	40	2	56	74	73	3	102
chr14	22154337	22157657	3321	6	0	3321	2073	1248	246	86	136	188	109	98	116	133	149	59	113	98	152	79	82	227	134	66	15	107	93	68	17	113	85	43	11	77	144	114	11	150
chr14	22157659	22157681	23	6	0	23	14	9	0	1	0	0	0	0	2	1	0	0	1	2	2	1	2	1	2	0	0	0	0	0	0	1	1	0	0	1	0	1	0	2
chr14	22157683	22159821	2139	6	0	2139	1316	823	170	60	105	109	84	65	77	96	96	38	54	65	94	54	57	91	90	44	6	77	71	47	5	68	69	37	3	53	92	63	2	95
chr14	22159822	22159913	92	6	0	92	74	18	15	0	2	10	1	2	2	3	4	0	1	7	6	2	4	14	3	0	0	1	0	0	0	1	0	0	0	0	5	1	0	6
chr14	22159915	22159952	38	6	0	38	33	5	3	2	3	5	0	0	0	2	2	0	0	0	7	1	0	6	1	0	0	2	0	0	0	0	0	0	0	0	1	0	0	1
chr14	22159954	22160646	693	6	0	693	413	280	36	21	28	31	20	25	26	24	33	16	38	17	27	13	24	32	29	14	4	28	20	19	2	19	15	7	1	17	32	20	1	52
chr14	22160647	22161502	856	6	0	856	516	340	53	22	31	46	40	42	22	40	25	16	39	20	34	21	21	44	54	17	5	24	22	16	4	24	30	15	3	24	38	18	4	40
chr14	22161507	22161668	162	6	0	162	127	35	12	3	3	14	4	3	4	7	7	3	1	3	8	8	7	38	9	1	0	7	0	0	0	2	2	0	0	0	7	1	0	6
chr14	22161670	22161741	72	6	0	72	63	9	0	0	0	1	0	0	0	5	0	0	0	0	1	7	4	43	4	0	0	3	0	0	0	0	1	0	0	1	0	0	0	0
chr14	22161744	22161807	64	6	0	64	58	6	0	0	0	1	0	0	0	2	0	0	0	0	1	6	4	42	2	0	0	4	0	0	0	0	0	0	0	0	0	0	0	0
chr14	22161843	22164603	2761	6	0	2761	1723	1038	211	84	115	152	90	77	111	112	122	43	76	74	139	69	75	172	123	46	14	89	79	51	10	86	85	51	13	75	103	78	7	127
chr14	22164604	22166272	1669	5	0	1669	1016	653	89	43	67	95	54	40	69	73	78	25	55	66	73	48	62	78	71	30	5	50	49	38	4	55	42	23	4	57	73	55	5	91
chr14	22166274	22166304	31	5	0	31	24	7	7	1	0	4	1	0	1	3	4	0	0	2	0	0	0	0	0	0	0	1	0	0	0	0	0	0	0	0	5	0	0	0
chr14	22166306	22166763	458	5	0	458	310	148	38	18	21	33	14	5	18	22	30	7	5	11	28	12	12	34	21	4	4	14	11	11	0	6	9	1	0	14	19	12	0	22
chr14	22166765	22166798	34	5	0	34	23	11	0	2	5	2	3	1	0	1	3	0	1	1	2	0	0	0	1	0	0	2	0	0	0	0	1	0	0	1	3	0	0	3
chr14	22166800	22169417	2618	5	0	2618	1629	989	172	79	130	137	94	55	109	110	116	46	75	70	136	83	65	151	110	57	8	88	65	45	9	96	78	51	3	71	115	62	6	124
chr14	22169418	22170739	1322	5	0	1322	815	507	162	51	59	64	68	44	45	30	50	21	41	37	55	22	30	35	52	33	8	45	53	25	4	40	30	32	5	31	52	32	5	59
chr14	22170741	22170788	48	5	0	48	20	28	1	0	1	2	1	3	3	1	0	0	3	1	2	2	0	0	2	1	0	2	3	2	1	3	0	5	1	2	2	2	0	0
chr14	22170790	22171060	271	5	0	271	181	90	21	10	14	15	10	5	7	8	7	6	6	9	23	8	13	18	15	1	0	13	6	3	2	6	2	6	0	7	7	7	0	14
chr14	22171062	22171080	19	5	0	19	11	8	1	0	0	1	2	0	1	0	0	2	0	0	0	0	1	1	2	0	0	0	1	0	0	1	0	2	0	0	0	0	0	2
chr14	22171082	22172099	1018	5	0	1018	673	345	118	33	40	77	41	37	29	31	41	19	24	23	67	17	29	45	52	22	2	30	31	20	1	24	23	14	3	16	33	20	2	52
chr14	22172101	22172143	43	5	0	43	30	13	6	7	2	0	8	1	0	1	1	1	0	0	1	0	0	1	9	0	0	0	1	0	0	0	0	0	0	0	0	0	0	2
chr14	22172145	22184378	12234	5	0	12234	7431	4803	935	349	544	659	487	296	492	424	516	225	429	383	548	284	320	538	454	269	40	392	431	279	37	422	332	238	31	325	482	383	42	646
chr14	22184380	22188374	3995	5	0	3995	2549	1446	326	140	154	220	144	99	151	174	183	71	124	114	186	119	107	236	185	80	13	151	126	63	11	98	90	58	6	72	167	98	12	215
chr14	22188376	22188425	50	5	0	50	34	16	11	0	1	2	0	1	1	2	0	1	4	2	2	1	1	4	0	1	0	2	0	2	0	3	0	0	0	0	4	2	0	1
chr14	22188427	22188448	22	5	0	22	10	12	0	2	0	0	1	0	1	1	0	0	0	1	1	0	1	0	2	0	1	0	0	2	0	2	1	2	1	0	0	0	0	1
chr14	22188450	22189082	633	5	0	633	417	216	50	14	24	48	26	16	14	38	25	15	9	13	34	23	22	45	33	10	5	20	23	10	1	13	13	13	0	12	24	14	0	24
chr14	22189084	22205284	16201	5	0	16201	10153	6048	1402	472	676	1011	678	436	538	668	705	270	484	442	777	374	404	815	646	363	53	489	586	340	35	482	438	280	36	398	650	460	58	733
chr14	22205285	22212643	7359	5	0	7359	4651	2708	587	223	313	433	292	183	265	294	335	130	216	223	342	168	230	416	321	121	22	240	213	144	10	223	206	139	6	157	294	186	22	403
chr14	22212644	22212814	171	5	0	171	99	72	11	7	6	4	6	6	10	5	8	2	6	5	4	7	5	6	10	2	1	9	7	2	1	5	5	5	0	4	5	6	0	9
chr14	22212815	22214967	2153	5	0	2153	1322	831	185	67	70	112	78	50	89	94	76	38	75	59	96	65	70	97	86	55	9	70	77	30	4	80	63	50	4	55	85	56	7	99
chr14	22214969	22215621	653	5	0	653	466	187	79	22	23	48	31	8	18	33	21	10	7	22	41	28	20	53	40	9	0	19	13	7	0	9	12	5	0	13	25	8	0	27
chr14	22215622	22215691	70	5	0	70	55	15	11	1	2	8	3	2	0	3	3	0	1	3	4	3	1	8	4	0	0	2	2	0	0	0	0	0	0	0	3	2	0	2
chr14	22215692	22215956	265	5	0	265	176	89	24	8	16	13	12	5	7	9	13	5	6	11	12	6	15	13	8	4	0	13	5	1	0	6	7	4	0	5	13	3	0	19
chr14	22215957	22216048	92	5	0	92	55	37	5	3	5	5	6	0	1	8	5	5	2	2	2	1	2	3	7	2	0	0	2	3	0	5	1	0	0	1	5	6	0	3
chr14	22216050	22219657	3608	5	0	3608	2314	1294	314	125	133	202	160	108	115	150	140	67	84	84	162	126	120	222	202	83	14	127	111	52	6	104	85	50	7	78	135	88	9	143
chr14	22219666	22221841	2176	5	0	2176	1374	802	195	62	95	132	76	65	78	88	117	29	69	55	96	55	60	101	96	42	4	69	61	38	3	73	56	39	2	48	95	56	7	112
chr14	22221845	22222294	450	5	0	450	271	179	45	13	28	15	10	13	21	14	29	10	19	13	16	1	9	14	16	11	0	10	10	8	0	24	10	3	1	14	21	20	1	29
chr14	22222296	22222312	17	5	0	17	9	8	0	0	1	0	1	0	1	1	0	0	0	0	0	2	1	1	1	1	0	0	1	0	0	1	1	0	0	1	0	1	0	0
chr14	22222314	22222699	386	5	0	386	207	179	15	7	19	12	18	12	23	15	13	10	16	10	7	6	10	13	12	9	0	15	16	7	0	20	22	11	0	17	18	15	0	16
chr14	22222700	22224197	1498	5	0	1498	978	520	133	44	62	101	66	36	39	73	61	25	36	64	80	37	43	78	66	22	6	47	53	17	2	29	37	22	5	26	58	41	9	78
chr14	22224199	22224218	20	5	0	20	8	12	0	0	1	0	0	0	2	0	1	1	2	0	0	0	0	0	0	0	0	1	0	2	0	1	1	0	0	1	1	2	0	2
chr14	22224220	22224590	371	5	0	371	234	137	35	14	11	21	10	7	8	22	15	3	7	8	21	12	15	23	15	13	2	6	12	14	2	14	11	3	0	12	10	12	2	9
chr14	22224592	22224622	31	5	0	31	20	11	1	0	1	3	0	1	1	2	1	0	0	2	3	1	0	3	0	2	0	0	1	1	0	1	1	0	0	1	2	1	0	0
chr14	22224624	22225470	847	5	0	847	483	364	58	21	30	34	28	35	32	42	33	18	30	21	25	18	21	35	42	22	5	23	33	19	8	32	26	25	5	22	36	26	4	36
chr14	22225481	22229407	3927	5	0	3927	2455	1472	292	117	171	226	147	117	139	161	179	75	95	104	187	117	142	184	179	79	19	149	105	72	11	119	113	60	12	101	167	96	12	178
chr14	22229409	22230175	767	5	0	767	464	303	60	28	31	31	25	21	42	27	37	15	23	25	27	23	18	29	35	20	0	32	27	16	2	25	18	11	0	17	35	23	2	40
chr14	22230183	22230273	91	5	0	91	51	40	8	4	3	1	3	7	4	3	3	1	4	1	2	1	2	3	8	3	0	2	2	2	0	4	4	0	2	2	3	3	0	4
chr14	22230278	22234378	4101	5	0	4101	2378	1723	289	103	190	197	169	136	167	152	160	68	156	100	162	68	110	149	146	90	3	136	171	119	3	165	152	122	4	128	155	127	8	194
chr14	22234380	22235964	1585	5	0	1585	943	642	156	46	66	77	63	39	59	59	63	28	54	41	64	31	38	57	61	34	7	42	58	51	8	57	45	42	8	43	57	47	7	75
chr14	22235966	22240198	4233	5	0	4233	2407	1826	261	119	196	189	161	105	169	134	172	101	164	106	172	88	136	132	129	125	11	148	187	147	19	175	111	101	18	112	142	155	16	230
chr14	22240199	22244601	4403	5	0	4403	2324	2079	217	123	204	130	159	128	229	131	158	102	152	108	139	96	133	113	151	118	18	162	202	169	29	230	145	155	17	163	149	188	20	163
chr14	22244603	22244627	25	5	0	25	16	9	9	1	1	0	0	0	0	2	2	1	0	0	0	0	0	0	1	1	0	0	1	3	0	0	0	0	0	0	0	0	0	1
chr14	22244628	22245850	1223	5	0	1223	724	499	119	41	42	55	43	34	68	33	47	22	46	31	49	27	23	43	47	20	5	52	36	30	8	42	40	25	10	37	54	41	3	48
chr14	22245852	22245938	87	5	0	87	44	43	13	6	0	0	6	1	5	2	1	1	5	2	0	0	0	0	3	3	0	2	6	3	2	1	3	4	3	4	2	2	1	4
chr14	22245940	22246052	113	5	0	113	51	62	6	3	1	3	3	5	8	1	2	2	7	0	2	3	4	0	2	5	2	4	6	5	1	7	5	5	1	7	4	5	0	2
chr14	22246054	22246164	111	5	0	111	46	65	2	2	4	1	4	6	4	1	1	3	6	6	2	1	2	0	2	5	3	2	7	5	3	7	1	7	3	3	5	6	1	4
chr14	22246166	22263325	17160	5	0	17160	10389	6771	1411	513	695	943	692	481	673	675	756	330	536	474	703	361	424	722	705	386	74	520	649	372	67	562	502	340	49	447	664	553	80	799
chr14	22263327	22269660	6334	5	0	6334	3691	2643	461	192	286	249	224	191	270	236	287	135	224	164	217	143	205	205	270	144	21	226	201	174	20	264	183	115	17	197	267	226	20	298
chr14	22269662	22269717	56	5	0	56	28	28	0	2	1	1	2	2	4	2	2	1	3	1	1	2	1	2	0	5	0	2	4	1	0	2	3	1	0	2	3	1	0	3
chr14	22269719	22269826	108	5	0	108	58	50	2	2	6	6	4	2	7	6	5	0	1	4	5	4	1	2	4	3	1	1	6	3	0	5	7	4	0	5	2	4	1	3
chr14	22269833	22270167	335	5	0	335	196	139	26	12	14	17	17	8	11	12	9	8	14	6	17	5	5	13	11	11	0	11	16	12	1	14	7	8	1	10	14	12	2	9
chr14	22270169	22270221	53	5	0	53	31	22	2	2	2	1	2	0	4	1	1	3	2	2	3	1	0	4	1	3	0	1	2	0	0	2	2	1	1	0	2	0	1	5
chr14	22270223	22289812	19590	5	0	19590	11950	7640	1530	554	871	1060	734	551	759	717	876	370	660	538	875	424	520	911	778	427	82	612	648	453	52	653	542	350	60	537	793	576	68	1007
chr14	22289813	22292581	2769	5	0	2769	1680	1089	228	69	108	144	103	65	115	106	100	54	92	87	117	78	77	135	99	62	7	98	103	61	10	96	76	66	10	68	111	81	11	130
chr14	22292582	22296143	3562	5	0	3562	2177	1385	286	106	145	211	150	92	119	127	149	69	118	100	163	81	108	152	144	74	20	111	113	73	18	124	93	72	23	84	138	109	17	171
chr14	22296144	22296184	41	5	0	41	32	9	18	0	2	1	0	1	1	1	1	2	0	0	1	0	0	2	0	1	0	2	1	2	0	0	0	0	0	0	2	0	0	1
chr14	22296186	22299884	3699	5	0	3699	2367	1332	351	119	165	229	143	78	118	140	171	58	110	109	199	74	121	182	138	64	15	111	107	62	6	123	91	64	6	95	143	109	11	185
chr14	22299887	22302031	2145	5	0	2145	1336	809	174	68	90	117	90	71	64	98	93	37	66	57	92	59	68	91	99	50	6	80	73	45	3	57	65	21	6	50	86	61	5	101
chr14	22302036	22303361	1326	5	0	1326	770	556	70	42	55	59	47	42	55	67	55	22	42	39	54	33	34	53	58	34	0	48	61	48	2	40	36	28	4	38	56	41	2	59
chr14	22303363	22303408	46	5	0	46	30	16	5	0	2	3	1	0	3	0	1	0	2	5	3	2	0	2	0	1	0	1	1	1	0	3	0	0	0	0	3	3	0	2
chr14	22303410	22303871	462	5	0	462	287	175	47	14	27	28	17	15	16	16	31	8	12	10	22	8	8	6	17	9	4	15	17	8	0	16	13	8	0	7	17	16	2	26
chr14	22303877	22304709	833	5	0	833	451	382	61	27	26	32	29	29	49	27	45	18	31	18	12	16	16	13	32	23	8	27	37	29	5	35	30	17	2	25	35	37	5	35
chr14	22304711	22304747	37	5	0	37	28	9	8	1	3	3	0	1	1	1	3	0	0	0	4	0	0	2	2	0	0	1	1	0	0	1	0	0	0	0	0	2	0	1
chr14	22304749	22305205	457	5	0	457	296	161	32	11	14	33	11	9	17	22	26	9	16	10	22	15	12	35	19	9	1	15	15	4	1	18	8	6	0	4	18	19	2	22
chr14	22305206	22306947	1742	5	0	1742	1159	583	183	60	86	119	77	33	60	60	94	40	34	53	95	37	45	81	73	27	4	66	41	22	6	41	33	11	1	37	83	50	7	81
chr14	22306948	22311423	4476	5	0	4476	2619	1857	317	105	185	211	146	141	187	146	171	95	186	126	184	96	137	185	153	114	14	156	149	102	33	176	131	102	19	130	188	142	14	233
chr14	22311434	22313314	1881	5	0	1881	1140	741	140	50	86	103	70	57	63	79	77	34	61	53	93	47	57	69	75	37	6	70	62	54	2	73	56	38	2	40	75	62	4	84
chr14	22313315	22313591	277	5	0	277	176	101	37	5	13	12	8	15	11	11	14	6	10	3	8	5	5	12	16	4	0	12	11	0	0	5	10	5	0	5	8	7	0	17
chr14	22313593	22324065	10473	5	0	10473	6512	3961	845	311	449	589	417	297	381	412	456	196	324	304	475	275	287	493	466	194	44	375	323	223	37	298	279	171	22	248	439	293	29	519
chr14	22324067	22324107	41	5	0	41	22	19	5	2	2	0	1	1	2	0	1	2	1	0	2	0	2	0	0	1	0	3	1	1	2	0	3	0	0	3	0	2	0	2
chr14	22324109	22324953	845	5	0	845	580	265	93	20	30	72	29	24	21	29	44	9	17	26	49	25	27	65	29	17	1	31	29	11	3	14	10	8	1	13	35	21	3	37
chr14	22324955	22325032	78	5	0	78	56	22	3	2	2	6	4	1	2	5	1	2	0	4	4	6	3	9	4	2	0	6	2	1	0	0	0	0	0	0	6	0	0	1
chr14	22325034	22325347	314	5	0	314	213	101	33	7	9	30	11	8	11	11	11	2	7	8	23	9	8	23	9	7	0	10	4	8	1	10	13	4	0	7	15	4	1	8
chr14	22325350	22327375	2026	5	0	2026	1130	896	143	46	75	96	73	56	93	59	77	43	93	54	68	41	52	59	58	52	16	60	74	46	26	78	67	64	22	65	82	62	14	110
chr14	22327387	22334932	7546	5	0	7546	4511	3035	524	255	293	379	292	210	327	297	312	162	244	195	323	172	216	309	303	173	33	289	275	177	10	272	219	162	20	187	329	222	31	332
chr14	22334934	22334953	20	5	0	20	8	12	0	1	0	0	0	1	1	0	1	1	2	0	0	0	0	0	1	1	0	1	1	0	2	1	0	0	0	0	0	3	0	1
chr14	22334955	22335753	799	5	0	799	503	296	64	23	30	49	29	24	35	34	30	16	24	24	43	17	21	39	36	11	2	31	25	12	0	20	27	13	2	22	33	21	2	38
chr14	22335755	22336070	316	5	0	316	211	105	34	9	16	21	7	5	12	12	17	6	10	7	23	3	12	16	11	6	0	6	5	2	0	12	8	4	0	10	12	7	0	21
chr14	22336071	22336602	532	4	0	532	308	224	25	19	21	23	20	16	27	23	25	12	21	22	16	6	10	20	20	15	4	14	17	7	3	20	13	14	1	16	36	11	4	29
chr14	22336603	22337224	622	4	0	622	354	268	37	20	27	22	18	21	28	21	25	14	25	10	26	18	13	27	29	27	2	15	24	24	2	31	11	14	1	14	24	16	1	33
chr14	22337229	22339368	2140	4	0	2140	1168	972	117	69	72	79	72	80	126	64	91	44	94	61	57	32	49	60	97	54	9	66	101	57	6	96	55	59	7	74	89	90	6	105
chr14	22339370	22341522	2153	4	0	2153	1258	895	125	61	79	110	73	76	94	87	98	35	79	66	80	40	63	91	97	41	9	65	75	52	9	71	72	48	8	70	86	66	16	109
chr14	22341524	22346800	5277	4	0	5277	3135	2142	412	160	213	248	204	148	218	215	215	111	171	145	203	119	134	218	239	135	19	145	187	157	15	207	136	115	7	138	223	159	13	246
chr14	22346802	22351948	5147	4	0	5147	3094	2053	407	162	218	277	235	130	217	178	216	108	165	145	206	99	135	194	207	111	28	153	182	119	15	170	173	92	12	157	198	164	17	255
chr14	22351962	22355355	3394	4	0	3394	2052	1342	286	107	118	187	171	93	124	154	137	63	94	114	103	70	93	136	157	81	10	85	142	71	8	108	102	71	13	86	141	106	11	150
chr14	22355382	22355772	391	4	0	391	293	98	23	13	6	19	10	22	6	22	6	6	0	5	21	21	13	98	38	3	3	18	6	2	0	1	5	1	1	3	11	3	0	3
chr14	22355773	22355854	82	4	0	82	58	24	0	0	0	0	0	17	0	5	0	0	1	0	0	5	0	29	21	0	0	1	0	0	0	0	0	0	0	0	1	0	0	0
chr14	22355860	22358990	3131	4	0	3131	2028	1103	273	96	119	197	129	86	90	145	118	50	77	87	164	110	96	189	158	62	9	113	117	59	1	72	65	38	3	74	110	90	9	123
chr14	22358992	22359035	44	4	0	44	32	12	7	2	3	3	2	0	2	1	2	1	0	2	3	0	1	2	1	0	0	2	0	0	0	1	1	0	0	1	3	1	0	1
chr14	22359036	22360089	1054	4	0	1054	619	435	74	41	37	48	49	31	46	39	40	10	40	33	37	22	26	45	37	34	2	31	48	21	2	38	28	28	3	39	52	25	5	41
chr14	22360090	22365409	5320	4	0	5320	3352	1968	413	168	254	310	241	144	168	188	256	101	179	155	236	132	167	239	222	130	11	182	176	92	7	153	106	72	6	119	237	134	6	314
chr14	22365411	22366885	1475	4	0	1475	899	576	125	59	54	56	65	48	50	74	57	29	29	44	46	39	44	78	82	38	10	45	62	36	5	39	42	21	3	34	51	47	2	59
chr14	22366886	22367100	215	4	0	215	146	69	24	6	6	18	2	14	5	7	8	1	4	7	20	6	8	10	15	3	0	8	5	3	1	4	1	3	1	3	7	5	0	8
chr14	22367105	22367864	760	4	0	760	486	274	53	29	16	49	31	29	22	36	27	9	15	20	34	17	16	81	39	21	5	19	33	21	4	17	23	9	2	10	23	24	1	23
chr14	22367916	22375172	7257	4	0	7257	4532	2725	577	215	315	416	296	183	278	283	331	127	213	202	318	193	185	398	271	177	17	253	273	146	6	223	190	113	6	177	306	212	17	338
chr14	22375174	22375205	32	4	0	32	21	11	3	0	2	2	0	0	0	2	1	0	1	1	3	1	2	2	0	0	0	0	0	0	1	0	2	1	1	2	0	0	0	3
chr14	22375207	22376350	1144	4	0	1144	817	327	131	45	44	104	41	20	18	57	54	5	22	26	98	38	34	78	47	19	5	38	33	9	2	15	18	7	2	25	38	24	5	40
chr14	22376352	22376387	36	4	0	36	28	8	2	0	2	5	3	1	0	0	1	0	0	0	3	3	0	7	2	1	0	1	1	0	0	1	0	0	0	0	0	1	0	0
chr14	22376389	22376467	79	4	0	79	54	25	7	2	2	5	3	3	1	4	4	0	1	3	3	1	2	12	3	2	0	1	4	1	0	3	1	1	0	0	3	3	0	2
chr14	22376469	22376495	27	4	0	27	18	9	0	0	0	4	1	0	0	2	2	1	0	0	1	1	3	2	1	1	0	0	0	0	0	1	1	0	0	1	1	1	0	1
chr14	22376496	22389645	13150	4	0	13150	7596	5554	853	386	542	644	485	407	597	455	570	280	491	345	516	265	299	460	527	295	71	445	492	397	71	491	391	289	36	362	534	470	52	630
chr14	22389646	22391935	2290	4	0	2290	1268	1022	113	65	102	83	86	75	108	88	98	59	99	63	66	41	63	58	94	62	13	71	76	68	6	106	83	44	6	73	105	82	11	121
chr14	22391937	22395864	3928	4	0	3928	2222	1706	242	106	174	175	148	121	173	155	182	107	137	116	125	57	96	108	156	97	11	126	163	127	24	158	105	82	14	99	173	165	7	197
chr14	22395866	22395909	44	4	0	44	22	22	2	2	2	2	3	0	3	2	2	0	0	0	1	3	0	0	3	0	0	2	4	4	0	0	0	2	0	3	1	1	0	0
chr14	22395911	22397437	1527	4	0	1527	840	687	88	33	71	66	66	58	87	51	68	33	51	42	35	23	23	43	62	39	3	43	76	43	2	63	59	49	1	53	66	53	2	73
chr14	22397439	22397465	27	4	0	27	13	14	0	1	1	0	1	2	1	2	0	0	0	1	1	1	1	1	3	1	0	0	3	0	0	1	0	2	0	1	0	0	0	1
chr14	22397467	22400183	2717	4	0	2717	1634	1083	186	78	124	148	112	79	120	112	121	53	72	76	118	69	59	106	122	50	11	96	86	68	7	90	91	53	6	80	123	80	10	109
chr14	22400188	22403775	3588	4	0	3588	2047	1541	220	106	174	146	135	103	166	121	157	68	138	93	134	73	93	118	130	84	9	127	144	107	10	146	116	92	7	113	135	124	12	185
chr14	22403788	22404254	467	4	0	467	306	161	52	15	21	27	16	16	10	18	24	9	12	9	23	10	17	26	16	11	5	19	9	8	1	12	15	4	0	7	20	7	4	22
chr14	22404256	22406543	2288	4	0	2288	1351	937	151	57	90	123	81	73	80	95	97	40	83	76	91	56	61	96	82	64	10	70	95	68	7	85	55	40	10	55	97	83	11	104
chr14	22406545	22408568	2024	4	0	2024	1160	864	126	51	85	105	85	58	80	68	98	44	87	61	60	34	46	70	59	47	13	68	78	46	14	87	50	59	10	43	104	73	13	100
chr14	22408570	22408590	21	4	0	21	16	5	2	2	1	1	1	0	1	0	2	0	0	0	3	0	0	1	1	1	0	0	0	0	0	1	0	0	0	0	1	0	0	1
chr14	22408592	22409369	778	4	0	778	445	333	43	14	26	40	25	21	40	35	32	21	32	22	23	14	20	37	30	12	2	25	28	23	2	29	21	20	3	29	42	27	3	35
chr14	22409371	22409410	40	4	0	40	19	21	1	1	2	0	0	2	1	2	2	0	3	2	0	0	2	0	2	0	0	1	2	3	0	3	0	2	0	0	1	2	0	4
chr14	22409412	22409634	223	4	0	223	121	102	15	9	10	4	7	13	10	8	8	4	11	6	8	3	1	4	13	6	3	6	3	7	2	12	10	4	0	6	12	7	1	8
chr14	22409643	22413258	3616	4	0	3616	2126	1490	278	97	157	181	135	104	164	134	153	59	131	92	148	79	80	133	132	79	13	115	145	98	9	125	123	85	12	118	137	114	10	174
chr14	22413265	22413295	31	4	0	31	14	17	1	0	0	1	1	0	3	2	0	2	1	0	0	1	0	1	1	1	0	1	3	2	0	0	2	0	0	3	1	2	0	0
chr14	22413297	22413594	298	4	0	298	153	145	13	9	8	8	9	11	21	12	10	10	14	8	6	2	8	4	12	8	4	8	16	6	1	10	12	10	1	13	12	8	2	20
chr14	22413601	22415539	1939	4	0	1939	1061	878	109	52	71	80	63	75	83	64	76	32	82	44	64	43	58	64	72	46	11	73	94	88	8	71	63	39	11	67	56	87	8	83
chr14	22415541	22415660	120	4	0	120	65	55	5	1	10	5	3	2	4	5	10	4	4	1	3	3	3	1	5	3	0	3	6	1	0	13	1	2	0	1	2	13	0	4
chr14	22415662	22415792	131	4	0	131	59	72	5	3	3	3	3	1	3	4	5	1	15	1	1	2	3	4	1	2	0	4	4	15	0	14	4	1	2	3	3	15	0	4
chr14	22415794	22415826	33	4	0	33	19	14	0	0	1	2	1	5	1	2	1	1	0	1	1	1	0	0	7	0	0	1	1	1	0	1	0	0	0	0	1	2	0	0
chr14	22415843	22419988	4146	4	0	4146	2279	1867	227	119	191	173	162	126	215	120	184	92	156	95	137	77	94	110	170	101	28	115	168	127	22	188	134	125	16	145	151	151	16	209
chr14	22419989	22427220	7232	4	0	7232	4003	3229	392	206	312	253	273	232	347	267	272	174	300	192	226	150	176	230	288	197	34	243	283	223	36	317	237	183	20	229	311	256	24	347
chr14	22427221	22428436	1216	4	0	1216	717	499	106	36	53	54	46	40	55	48	49	22	46	23	49	26	20	43	49	20	7	48	48	27	3	32	49	29	8	38	43	34	8	55
chr14	22428437	22431159	2723	4	0	2723	1573	1150	196	75	112	118	100	108	118	91	105	58	112	63	99	60	65	92	113	66	19	103	90	56	13	111	88	65	11	76	126	82	13	117
chr14	22431161	22471166	40006	4	0	40006	23303	16703	2770	1191	1755	1787	1518	1214	1774	1422	1727	865	1434	1076	1489	839	1053	1387	1552	945	167	1445	1516	1028	149	1495	1167	881	99	1157	1693	1334	155	1920
chr14	22471169	22477418	6250	4	0	6250	3465	2785	396	164	258	267	239	201	292	228	245	143	230	174	205	87	147	187	253	159	27	158	250	230	42	270	213	168	23	200	244	235	14	299
chr14	22477420	22485216	7797	4	0	7797	4552	3245	565	249	359	381	278	206	367	230	357	157	253	189	354	146	204	256	273	172	42	271	284	250	32	284	244	152	24	260	280	277	30	369
chr14	22485218	22491680	6463	4	0	6463	3613	2850	398	184	246	258	220	208	334	236	269	169	254	201	199	99	157	181	262	167	35	195	233	205	38	268	213	132	19	188	290	241	22	340
chr14	22491682	22493135	1454	4	0	1454	845	609	108	53	65	67	63	45	58	42	72	30	51	24	50	26	42	48	52	37	13	52	62	39	10	36	47	22	10	51	46	49	5	77
chr14	22493137	22494646	1510	4	0	1510	810	700	90	43	59	45	61	49	81	57	44	48	64	36	41	28	35	28	66	43	7	52	68	44	10	67	50	49	1	50	64	53	6	69
chr14	22494648	22495658	1011	4	0	1011	588	423	57	41	40	38	33	34	45	43	45	18	41	26	40	26	19	41	45	25	4	45	34	29	6	40	30	14	2	18	46	40	2	42
chr14	22495660	22495856	197	4	0	197	103	94	9	3	6	9	7	11	12	9	6	8	4	2	5	4	3	4	12	4	1	9	9	11	0	5	10	4	1	7	8	7	0	5
chr14	22495858	22496136	279	4	0	279	147	132	13	13	11	8	13	8	19	8	8	10	10	4	11	6	3	2	12	12	0	13	15	12	0	9	10	4	2	10	11	9	0	11
chr14	22496137	22496160	24	4	0	24	15	9	0	0	2	2	2	0	0	0	0	1	0	2	3	0	1	0	0	1	0	0	1	0	0	2	1	1	0	0	1	1	0	1
chr14	22496161	22498338	2178	4	0	2178	1162	1016	112	67	94	71	89	87	101	76	84	48	79	62	59	33	49	51	92	58	11	74	100	80	20	84	73	66	12	73	88	80	11	92
chr14	22498354	22498524	171	4	0	171	85	86	14	3	8	3	5	6	10	3	8	4	11	4	1	0	3	2	2	1	2	8	8	3	1	7	9	7	2	7	5	9	3	10
chr14	22498534	22501154	2621	4	0	2621	1507	1114	177	74	109	113	92	75	113	111	107	55	107	79	97	51	62	84	112	58	6	79	92	82	9	115	76	58	4	74	110	100	15	123
chr14	22501155	22502721	1567	4	0	1567	870	697	93	53	56	61	50	54	86	46	66	35	54	38	54	30	37	55	65	38	15	54	68	39	15	55	48	41	9	56	56	59	11	68
chr14	22502723	22502909	187	4	0	187	107	80	5	6	9	8	6	5	8	4	10	2	13	8	7	1	8	6	4	1	1	8	5	2	0	7	8	3	1	6	7	8	1	17
chr14	22502910	22503213	304	4	0	304	163	141	13	7	16	10	11	9	19	11	13	8	9	5	9	4	7	12	15	7	0	6	14	10	1	11	13	9	1	17	8	11	0	16
chr14	22503214	22503756	543	4	0	543	361	182	56	14	21	38	12	8	17	27	23	7	13	15	37	19	16	36	16	11	1	20	18	12	1	15	11	9	0	10	19	14	2	23
chr14	22503758	22503799	42	4	0	42	23	19	3	3	3	1	5	1	1	0	0	1	0	1	2	1	1	0	3	0	0	2	1	2	0	2	3	2	0	0	0	1	0	1
chr14	22503800	22503857	58	4	0	58	34	24	3	4	3	0	0	3	4	1	3	1	1	2	3	2	2	1	2	3	0	5	3	0	0	2	2	0	0	0	1	2	0	3
chr14	22503859	22505164	1306	4	0	1306	735	571	110	43	57	42	47	52	52	28	48	26	53	29	47	29	31	39	52	36	12	50	59	36	8	54	27	38	15	28	41	47	7	61
chr14	22505165	22505875	711	4	0	711	446	265	57	22	37	43	31	18	26	26	28	19	19	13	43	14	25	24	38	9	2	24	16	13	1	21	24	11	1	24	23	17	2	38
chr14	22505877	22506057	181	4	0	181	91	90	7	4	5	3	6	8	14	2	3	10	8	2	3	6	6	3	12	6	5	5	6	6	0	9	5	4	0	7	7	4	1	12
chr14	22506058	22506110	53	4	0	53	31	22	5	1	4	2	3	5	0	0	3	1	1	0	1	0	3	0	3	1	1	2	1	2	0	1	2	0	1	3	2	1	0	2
chr14	22506112	22506358	247	4	0	247	124	123	11	4	9	6	8	9	14	9	9	5	13	8	3	5	7	3	11	5	1	6	8	9	2	17	11	7	1	9	10	14	0	11
chr14	22506360	22508220	1861	4	0	1861	1058	803	132	62	77	69	64	72	93	72	75	43	55	45	69	31	40	58	91	50	11	57	74	43	12	68	56	54	9	59	80	49	8	81
chr14	22508238	22508887	650	4	0	650	390	260	46	20	28	36	30	16	24	24	22	19	24	16	32	6	24	22	26	9	2	24	16	15	6	15	27	8	4	25	24	20	2	36
chr14	22508889	22508949	61	4	0	61	35	26	3	4	2	3	3	0	3	1	2	0	2	2	4	0	2	4	1	2	0	1	3	3	0	4	2	2	0	0	1	2	0	3
chr14	22508950	22509070	121	4	0	121	68	53	12	2	7	6	6	3	6	4	7	4	5	1	1	1	1	1	4	4	1	1	5	1	1	6	3	3	0	6	6	5	0	6
chr14	22509072	22509467	396	4	0	396	188	208	8	7	20	5	14	20	30	12	10	15	15	6	8	9	6	3	21	8	5	17	18	10	2	19	21	15	2	22	16	16	3	11
chr14	22509469	22510454	986	4	0	986	564	422	68	33	49	31	29	28	46	31	48	21	42	22	36	20	24	36	37	19	10	36	37	35	4	37	22	19	0	31	37	39	0	57
chr14	22510455	22510863	409	4	0	409	259	150	63	14	19	18	19	11	14	15	15	5	14	7	16	6	10	12	21	3	2	10	10	6	1	13	12	11	0	19	16	9	1	15
chr14	22510865	22511225	361	4	0	361	227	134	39	14	11	21	16	17	9	15	10	6	11	8	19	7	8	14	17	10	2	16	16	10	1	7	7	7	0	6	17	7	1	10
chr14	22511227	22513087	1861	4	0	1861	1101	760	148	58	72	93	67	48	74	78	78	48	68	44	78	25	48	73	76	42	8	53	78	53	4	74	41	40	3	49	73	74	5	86
chr14	22513089	22513758	670	4	0	670	403	267	65	15	33	33	28	9	27	26	26	14	28	19	27	15	16	22	21	11	2	19	26	16	0	23	20	13	1	26	23	27	1	36
chr14	22513759	22513777	19	4	0	19	12	7	1	0	1	1	2	0	0	0	0	0	1	1	0	2	1	1	1	0	0	1	1	1	0	0	0	0	0	0	0	0	0	2
chr14	22513779	22515449	1671	4	0	1671	906	765	145	47	59	62	59	60	87	39	62	35	65	51	47	24	35	28	53	49	12	52	77	48	15	78	50	56	11	51	65	65	16	66
chr14	22515451	22515517	67	4	0	67	33	34	0	1	2	3	2	0	4	3	3	3	6	0	1	1	2	2	3	1	0	1	2	1	0	6	3	4	0	1	1	3	0	6
chr14	22515523	22516484	962	4	0	962	534	428	61	37	48	39	46	24	42	26	44	17	35	15	34	16	22	28	31	27	4	31	42	33	4	49	37	28	1	28	27	40	5	39
chr14	22516486	22516509	24	4	0	24	14	10	0	0	0	0	0	3	0	4	0	0	1	1	0	1	0	3	3	0	0	1	0	0	0	0	4	0	0	0	1	0	0	0
chr14	22516511	22516848	338	4	0	338	194	144	16	8	13	15	13	6	14	16	14	4	15	13	9	8	11	18	10	8	0	8	16	8	1	11	14	8	1	12	9	12	2	23
chr14	22516849	22520674	3826	4	0	3826	2028	1798	210	109	168	127	135	124	197	116	147	82	170	101	122	52	76	92	134	104	23	106	155	158	25	193	124	108	14	152	158	162	20	160
chr14	22520676	22521953	1278	4	0	1278	778	500	96	41	54	65	53	30	53	40	56	33	45	40	51	30	43	46	48	19	6	61	42	20	4	44	25	28	3	26	62	43	5	64
chr14	22521955	22522894	940	4	0	940	590	350	80	35	44	57	46	21	37	28	40	14	27	16	49	23	37	35	38	17	3	35	26	14	0	26	38	23	2	31	30	12	1	53
chr14	22522896	22522927	32	4	0	32	19	13	4	0	3	1	1	0	2	1	4	0	0	0	0	0	0	2	0	0	0	0	0	1	0	2	3	0	0	2	1	2	0	1
chr14	22522930	22523324	395	4	0	395	236	159	31	8	14	19	12	13	20	13	13	11	16	9	15	13	11	17	20	11	1	13	11	11	1	12	11	3	1	14	16	10	1	22
chr14	22523326	22524146	821	4	0	821	527	294	73	33	38	52	40	12	25	34	39	17	21	22	43	17	22	38	29	22	0	28	26	19	1	25	23	8	2	11	32	22	3	42
chr14	22524148	22524306	159	4	0	159	81	78	8	6	7	2	5	7	7	4	3	2	9	3	7	3	6	1	6	8	0	4	6	7	1	10	4	7	1	6	6	2	0	9
chr14	22524308	22524811	504	4	0	504	284	220	31	21	23	21	22	20	19	10	22	11	24	6	21	12	14	7	20	19	5	20	17	10	2	20	13	9	5	15	20	12	6	25
chr14	22524813	22525840	1028	4	0	1028	594	434	70	20	58	45	35	24	38	35	48	22	44	33	40	21	30	29	33	19	0	36	35	37	1	52	22	20	1	31	42	49	4	52
chr14	22525842	22526539	698	4	0	698	360	338	37	15	33	17	19	22	34	25	34	20	36	13	12	12	18	12	23	18	4	24	34	25	4	36	20	20	3	23	23	35	7	38
chr14	22526541	22527230	690	4	0	690	412	278	42	21	36	40	42	21	18	28	27	13	21	16	28	12	18	28	28	15	4	21	26	17	2	22	28	16	1	20	27	19	1	30
chr14	22527232	22527302	71	4	0	71	41	30	3	1	3	5	5	0	6	0	2	2	2	0	2	3	2	3	4	2	0	1	1	0	0	4	5	2	0	5	1	1	0	4
chr14	22527305	22527719	415	4	0	415	250	165	30	12	17	29	17	11	13	16	19	4	19	11	20	8	6	16	11	10	2	12	16	10	4	15	7	12	1	12	23	13	1	16
chr14	22527720	22527772	53	4	0	53	37	16	4	0	2	4	2	1	1	4	4	0	2	4	1	0	1	6	1	0	0	0	0	0	0	2	1	0	0	1	5	2	0	3
chr14	22527774	22527798	25	4	0	25	15	10	1	0	0	2	1	1	0	4	1	1	0	2	0	0	0	0	0	2	0	0	2	1	0	0	0	0	0	0	4	0	0	1
chr14	22527803	22527845	43	4	0	43	31	12	21	0	0	0	1	0	1	0	0	2	4	0	0	0	0	0	1	0	1	1	0	0	1	0	0	0	1	1	1	1	1	3
chr14	22527847	22527887	41	4	0	41	13	28	0	0	0	0	0	3	4	0	0	0	3	2	0	0	0	0	0	0	0	3	3	2	2	1	4	4	1	2	1	2	1	1
chr14	22527892	22527955	64	4	0	64	20	44	0	1	1	1	1	2	4	1	2	1	4	0	0	1	1	0	1	2	1	1	4	4	3	5	1	6	4	3	2	4	0	1
chr14	22527959	22528089	131	4	0	131	60	71	11	2	1	4	2	5	3	1	1	3	7	6	4	4	5	1	2	4	5	3	3	5	8	6	1	8	4	3	3	5	5	4
chr14	22528093	22528693	601	4	0	601	372	229	55	21	33	34	23	18	14	22	27	8	22	16	37	11	14	16	14	21	2	21	27	10	3	17	12	9	4	15	23	17	3	30
chr14	22528710	22528920	211	4	0	211	102	109	3	7	12	4	5	4	18	10	13	4	9	2	5	2	2	1	4	3	2	8	10	7	0	9	17	9	1	10	6	7	1	14
chr14	22528922	22528968	47	4	0	47	25	22	2	1	3	0	1	2	3	1	2	1	3	2	1	0	0	1	1	1	0	2	3	2	0	1	1	1	0	2	2	2	0	4
chr14	22528976	22528991	16	4	0	16	11	5	1	0	2	1	0	0	0	0	0	1	0	1	2	1	0	0	0	1	0	1	0	0	1	0	0	0	0	0	0	0	1	1
chr14	22528992	22529231	240	4	0	240	133	107	11	6	10	7	4	9	11	14	7	7	9	14	12	3	8	1	14	4	0	7	10	5	1	11	4	6	1	5	10	11	2	14
chr14	22529233	22529641	409	4	0	409	235	174	26	10	11	20	12	21	19	12	12	7	14	9	17	14	14	17	19	12	3	18	10	6	7	17	15	12	1	10	19	9	1	13
chr14	22529642	22529667	26	4	0	26	14	12	1	1	2	0	1	0	2	0	2	0	1	2	0	0	0	0	0	0	0	1	1	2	0	1	1	0	0	1	1	2	0	2
chr14	22529668	22530228	561	4	0	561	350	211	41	12	25	35	22	14	16	20	22	9	18	20	28	19	20	29	20	13	1	20	20	12	0	22	9	9	0	14	23	20	3	23
chr14	22530230	22530250	21	4	0	21	8	13	0	0	0	0	0	0	1	2	0	0	3	0	0	0	0	0	0	0	0	0	2	2	0	1	0	1	0	3	1	2	0	1
chr14	22530252	22530846	595	4	0	595	377	218	50	13	27	34	16	22	25	21	19	10	11	20	39	15	21	33	23	12	1	24	22	6	1	15	18	14	1	21	22	12	1	24
chr14	22530850	22530872	23	4	0	23	20	3	4	2	0	3	1	0	0	0	1	0	0	0	2	0	1	5	1	0	0	0	0	0	0	0	0	0	0	0	0	0	0	1
chr14	22530874	22532814	1941	4	0	1941	1160	781	142	53	89	94	67	49	72	83	91	37	61	63	77	50	67	64	75	43	5	66	69	55	5	76	41	35	2	56	86	72	3	91
chr14	22532815	22532838	24	4	0	24	15	9	4	1	0	1	0	1	1	0	2	1	1	0	0	0	1	1	0	1	0	1	2	0	0	0	0	0	0	0	1	1	0	2
chr14	22532840	22532849	10	4	0	10	7	3	1	1	0	0	0	0	1	0	0	0	0	0	2	0	0	0	1	0	0	0	0	0	0	1	0	0	0	0	0	1	0	0
chr14	22532860	22532974	115	4	0	115	62	53	5	1	4	6	2	5	5	3	5	3	5	4	4	2	5	3	5	4	0	1	4	6	2	4	3	1	0	4	3	5	0	9
chr14	22532976	22533320	345	4	0	345	211	134	25	8	20	21	18	6	11	11	16	8	9	11	15	8	11	12	11	7	1	11	16	8	0	9	8	9	1	8	11	10	0	23
chr14	22533325	22534551	1227	4	0	1227	741	486	88	36	56	60	44	36	32	47	53	22	53	36	56	31	44	45	37	27	8	53	40	36	4	39	26	20	1	31	57	36	9	62
chr14	22534552	22534570	19	3	0	19	11	8	3	0	3	0	0	0	1	0	1	0	1	0	0	0	0	0	0	0	0	0	0	1	0	1	1	1	0	2	0	0	0	2
chr14	22534576	22535800	1225	3	0	1225	695	530	82	35	49	51	42	35	64	34	49	26	51	23	44	25	37	46	46	25	1	49	42	44	1	51	47	28	6	41	40	41	8	60
chr14	22535801	22535823	23	3	0	23	14	9	1	3	1	0	1	2	1	1	0	0	0	1	2	0	0	0	3	0	0	2	2	0	0	0	0	0	0	0	0	1	0	0
chr14	22535825	22536093	269	3	0	269	179	90	17	13	14	15	11	4	6	11	10	6	2	8	21	8	15	16	9	9	0	13	7	4	0	10	9	2	0	1	7	6	0	13
chr14	22536095	22537168	1074	3	0	1074	645	429	73	32	46	57	42	25	47	39	44	29	40	25	49	18	20	59	40	22	4	38	33	32	5	36	28	22	4	25	52	30	3	53
chr14	22537171	22537719	549	3	0	549	305	244	42	14	27	14	16	24	23	25	27	7	13	13	12	18	14	16	27	20	0	16	25	19	2	26	15	13	3	16	20	20	1	19
chr14	22537731	22538124	394	3	0	394	180	214	11	5	14	6	9	18	24	17	12	12	20	13	4	3	5	6	14	12	2	10	23	26	4	19	16	13	2	15	16	21	2	18
chr14	22538126	22543930	5805	3	0	5805	3228	2577	337	147	254	241	215	165	264	205	256	104	255	157	171	125	147	185	203	133	26	178	230	188	30	263	193	158	20	181	223	232	20	297
chr14	22543931	22546449	2519	3	0	2519	1368	1151	139	55	92	100	76	82	126	90	96	64	94	75	74	54	85	65	94	63	13	84	109	110	12	110	75	72	7	72	96	96	6	131
chr14	22546451	22546493	43	3	0	43	21	22	2	1	0	3	0	2	3	0	3	0	2	1	1	0	1	0	0	2	0	2	4	5	0	1	1	0	0	1	0	3	0	3
chr14	22546495	22546918	424	3	0	424	233	191	26	10	16	16	11	14	20	16	18	7	25	8	13	6	11	16	13	9	3	12	13	4	5	23	15	15	1	19	20	18	1	18
chr14	22546933	22547260	328	3	0	328	183	145	18	11	13	16	12	4	19	11	11	2	11	9	17	7	8	14	5	8	1	10	18	12	0	15	15	15	1	10	8	9	0	16
chr14	22547262	22548588	1327	3	0	1327	661	666	53	32	57	35	48	43	84	41	53	41	61	31	23	14	26	19	46	32	12	40	58	52	11	69	49	60	4	45	63	46	4	73
chr14	22548590	22548647	58	3	0	58	29	29	4	1	4	2	3	1	3	0	3	1	1	2	1	0	1	0	2	1	1	0	1	3	1	3	2	2	1	5	2	2	1	2
chr14	22548648	22548735	88	3	0	88	57	31	29	2	2	1	6	3	2	3	0	0	5	2	0	0	0	0	1	1	0	3	5	1	0	1	6	3	0	3	2	2	0	3
chr14	22548740	22548818	79	3	0	79	30	49	0	1	1	2	1	3	5	2	2	0	7	2	1	2	1	0	1	3	0	2	3	3	3	7	3	6	2	3	4	4	1	2
chr14	22548820	22549319	500	3	0	500	256	244	34	14	21	10	18	17	27	13	16	5	22	15	11	14	9	10	12	18	5	15	23	17	5	26	20	22	3	19	20	15	3	19
chr14	22549321	22549346	26	3	0	26	14	12	0	0	1	2	1	0	1	1	2	1	1	0	0	0	2	0	0	0	0	1	2	0	0	1	1	2	0	1	1	1	0	2
chr14	22549348	22549391	44	3	0	44	19	25	0	0	0	0	0	4	2	6	0	2	1	1	0	0	1	1	4	2	0	0	3	2	0	2	4	3	0	1	2	0	0	1
chr14	22549392	22549456	65	3	0	65	40	25	4	1	1	3	3	2	2	3	1	1	3	1	1	7	1	5	7	2	0	3	2	0	1	2	0	1	0	1	1	2	1	1
chr14	22549458	22549863	406	3	0	406	194	212	15	12	14	9	9	11	27	14	21	10	20	10	5	4	10	3	13	15	0	8	18	22	3	26	14	11	3	16	16	22	2	21
chr14	22549879	22550219	341	3	0	341	175	166	11	8	16	10	15	11	17	8	16	9	22	7	4	3	10	7	13	7	1	10	16	12	0	20	5	13	0	14	17	15	1	21
chr14	22550221	22550264	44	3	0	44	19	25	0	1	1	1	1	2	1	1	1	1	2	1	1	1	1	1	1	2	0	2	2	4	2	2	0	2	1	1	2	2	1	1
chr14	22550266	22551133	868	3	0	868	419	449	32	25	33	21	25	32	50	21	31	19	47	11	23	19	15	15	37	28	8	22	33	46	12	51	33	31	8	32	25	37	4	40
chr14	22551134	22551743	610	3	0	610	290	320	27	13	19	14	21	24	41	14	15	13	37	16	10	11	11	4	28	17	1	14	27	31	4	37	26	18	5	29	18	33	2	28
chr14	22551745	22551877	133	3	0	133	63	70	2	3	5	6	6	5	13	2	4	2	3	4	4	1	1	2	4	3	1	3	4	5	2	6	12	6	0	9	5	3	1	4
chr14	22551883	22551975	93	3	0	93	38	55	0	1	2	1	1	4	7	4	3	2	6	5	0	0	2	0	3	2	0	2	7	6	1	4	4	4	1	3	2	7	0	7
chr14	22551979	22552026	48	3	0	48	36	12	10	3	1	3	1	2	0	2	3	0	1	0	4	0	1	3	3	1	0	1	0	2	0	1	0	0	0	0	2	0	0	2
chr14	22552028	22552908	881	3	0	881	406	475	33	13	29	18	24	39	55	31	25	27	53	15	11	6	13	12	31	30	7	18	50	45	7	46	36	32	7	45	32	41	7	41
chr14	22552913	22553272	360	3	0	360	199	161	28	8	13	16	12	8	16	15	14	4	8	14	10	10	11	11	7	15	1	7	22	20	1	13	9	8	1	16	13	14	1	12
chr14	22553277	22554234	958	3	0	958	461	497	47	16	35	32	21	38	56	21	33	25	52	13	29	14	15	12	31	33	5	24	43	56	11	66	30	39	7	28	32	48	3	41
chr14	22554235	22554245	11	3	0	11	3	8	0	0	0	0	0	1	1	0	0	0	1	0	0	0	0	0	1	0	0	0	1	0	0	2	0	1	0	0	0	1	0	0
chr14	22554246	22554314	69	3	0	69	20	49	0	0	0	0	0	5	7	0	0	1	7	0	0	0	0	0	5	1	0	0	5	2	2	10	2	8	2	2	0	7	0	1
chr14	22554446	22554455	10	3	0	10	3	7	0	0	0	0	0	1	1	0	0	0	1	0	0	0	0	0	1	0	0	0	1	0	0	2	0	0	0	0	0	1	0	0
chr14	22554457	22554474	18	3	0	18	5	13	0	0	0	0	0	1	2	0	0	0	2	0	0	0	0	0	1	0	0	0	1	1	1	1	1	1	1	1	0	2	0	0
chr14	22554485	22554863	379	3	0	379	157	222	8	6	12	4	10	14	25	10	7	11	18	13	5	1	7	5	7	14	2	9	20	29	8	24	21	18	2	18	11	20	6	12
chr14	22554865	22554950	86	3	0	86	32	54	0	1	2	2	1	4	5	1	3	1	7	0	1	1	1	1	3	3	1	0	5	5	3	9	1	9	0	3	3	5	0	3
chr14	22554962	22555124	163	3	0	163	68	95	3	3	6	2	4	5	13	5	5	5	7	0	2	1	4	3	4	4	2	4	10	8	1	11	7	14	2	9	5	5	1	6
chr14	22555134	22555178	45	3	0	45	17	28	0	1	0	0	1	0	6	1	0	2	2	0	0	1	1	0	1	3	0	0	3	1	1	3	4	3	0	5	1	1	1	1
chr14	22555180	22557318	2139	3	0	2139	953	1186	63	38	82	34	56	94	133	52	55	68	102	36	43	30	41	26	75	65	20	70	104	144	29	124	82	100	29	81	74	92	12	83
chr14	22557321	22557476	156	3	0	156	45	111	1	2	3	2	1	2	11	0	4	4	10	2	1	0	1	0	1	3	2	2	9	19	10	14	3	17	3	7	1	14	3	2
chr14	22557478	22557892	415	3	0	415	223	192	20	11	13	13	11	20	17	20	16	6	13	14	10	10	8	20	15	14	5	13	20	14	4	17	17	15	3	5	16	13	4	16
chr14	22557893	22559796	1904	3	0	1904	945	959	75	45	80	51	50	82	103	58	83	39	87	51	43	27	32	38	75	49	13	57	91	81	23	105	56	75	17	56	70	95	11	84
chr14	22559809	22560066	258	3	0	258	119	139	10	5	7	9	12	8	15	6	6	2	12	8	4	5	8	1	5	5	1	9	15	11	3	12	12	16	8	13	9	9	2	8
chr14	22560078	22560378	301	3	0	301	174	127	23	6	12	15	10	10	12	10	8	8	13	6	14	5	7	13	12	7	0	10	14	12	0	13	4	8	1	11	12	12	1	10
chr14	22560380	22560441	62	3	0	62	36	26	3	2	4	3	1	2	3	1	5	2	2	0	4	1	1	0	3	0	2	2	1	0	1	2	1	2	1	2	3	2	0	4
chr14	22560443	22563224	2782	3	0	2782	1563	1219	200	88	114	117	109	90	127	88	101	58	107	57	109	56	69	72	113	74	19	86	107	83	17	109	85	74	26	101	109	86	8	121
chr14	22563226	22563268	43	3	0	43	26	17	2	1	2	0	0	1	3	1	1	2	1	2	2	1	1	5	3	1	0	1	0	1	0	3	0	1	0	1	2	1	0	2
chr14	22563270	22566338	3069	3	0	3069	1799	1270	224	105	138	146	124	97	134	101	133	48	106	64	131	67	79	101	115	80	9	113	130	65	15	102	102	74	10	103	109	93	10	139
chr14	22566339	22568695	2357	3	0	2357	1445	912	208	77	85	127	78	66	109	87	101	53	69	77	111	42	72	81	100	51	9	78	80	37	9	79	51	51	9	57	109	66	5	121
chr14	22568697	22569270	574	3	0	574	296	278	45	11	28	10	22	28	24	18	14	12	27	13	14	9	10	9	17	18	5	20	33	18	4	25	20	26	5	21	22	18	2	24
chr14	22569273	22569432	160	3	0	160	77	83	6	4	5	3	6	7	9	2	1	4	11	2	4	4	5	3	7	2	2	8	7	3	2	8	6	8	3	9	4	7	1	5
chr14	22569434	22569936	503	3	0	503	313	190	44	14	22	30	17	19	19	15	25	8	17	10	23	11	15	23	18	9	0	25	13	10	0	20	14	8	0	12	25	17	2	16
chr14	22569951	22571008	1058	3	0	1058	614	444	96	47	38	48	45	27	41	33	49	19	35	19	39	17	31	28	44	30	4	32	39	47	5	42	23	25	5	25	40	31	6	46
chr14	22571009	22571313	305	3	0	305	147	158	28	8	8	4	11	14	19	1	5	6	16	4	5	6	10	1	9	6	2	17	13	12	6	14	16	18	3	11	7	9	3	11
chr14	22571314	22571625	312	3	0	312	212	100	55	7	12	19	12	9	10	12	18	4	5	10	7	8	8	15	15	4	0	9	8	6	1	4	5	3	1	7	15	6	0	15
chr14	22571626	22579857	8232	3	0	8232	4866	3366	730	263	298	393	337	214	326	305	286	136	275	241	331	196	212	321	296	205	38	270	323	201	70	273	266	211	44	231	297	250	54	337
chr14	22579858	22579878	21	3	0	21	9	12	0	0	0	0	0	1	1	1	0	2	3	1	0	0	0	0	1	1	0	1	1	1	0	1	0	0	0	0	1	1	0	2
chr14	22579880	22581591	1712	3	0	1712	979	733	123	47	59	78	65	51	65	70	52	35	68	47	68	42	43	65	66	56	8	45	83	57	9	66	40	44	6	50	62	57	9	74
chr14	22581592	22581743	152	3	0	152	66	86	2	5	6	4	8	4	9	4	4	0	9	4	2	2	2	0	1	4	1	5	8	4	5	7	13	10	2	9	3	6	2	5
chr14	22581744	22583005	1262	3	0	1262	638	624	111	21	37	45	35	45	65	24	33	28	61	30	34	21	22	25	34	36	8	37	54	43	32	58	38	61	26	45	43	47	16	45
chr14	22583006	22586185	3180	3	0	3180	1892	1288	263	100	136	139	122	94	135	100	138	64	128	86	114	68	91	113	136	62	17	111	103	48	14	126	84	71	16	83	128	110	9	169
chr14	22586200	22590191	3992	3	0	3992	2159	1833	263	129	158	146	158	114	182	114	145	96	137	104	129	90	97	96	125	121	39	144	154	115	67	157	126	127	62	113	162	130	30	160
chr14	22590192	22590672	481	3	0	481	250	231	50	15	15	15	11	19	26	6	18	10	15	7	17	10	11	4	15	12	10	16	17	10	13	21	14	24	9	19	16	15	8	11
chr14	22590674	22594090	3417	3	0	3417	2024	1393	256	121	154	150	129	91	141	99	146	54	132	93	151	66	113	126	105	69	11	147	109	88	18	124	102	76	12	106	144	106	13	163
chr14	22594109	22594706	598	3	0	598	331	267	28	21	27	20	26	14	30	19	18	16	26	23	23	9	18	12	21	12	0	27	24	19	3	22	17	15	3	20	27	22	2	32
chr14	22594714	22596105	1392	3	0	1392	852	540	115	42	56	72	55	44	57	38	54	20	54	41	60	37	50	55	54	32	3	54	46	24	3	42	41	24	3	44	53	35	5	77
chr14	22596106	22596123	18	3	0	18	9	9	0	0	2	0	2	0	0	1	0	1	1	1	0	0	0	0	0	0	0	1	2	0	0	0	1	0	0	1	0	1	0	2
chr14	22596125	22596746	622	3	0	622	317	305	30	16	22	21	27	23	33	19	18	12	29	20	14	10	16	6	17	16	6	22	34	23	2	26	22	28	4	26	30	18	4	26
chr14	22596747	22600790	4044	3	0	4044	2127	1917	231	121	151	138	146	111	200	123	134	97	172	105	129	77	106	84	149	106	24	127	163	163	50	175	133	128	51	140	135	154	31	188
chr14	22600792	22600829	38	3	0	38	21	17	0	1	0	2	1	2	2	3	1	1	1	3	1	0	1	2	1	0	2	1	1	1	0	1	1	0	0	1	5	1	0	0
chr14	22600834	22604564	3731	3	0	3731	1902	1829	145	111	150	98	119	152	183	116	131	76	164	115	109	72	85	75	159	109	23	119	175	167	39	181	102	125	24	119	134	161	28	163
chr14	22604565	22614528	9964	3	0	9964	5167	4797	502	254	356	319	310	338	555	362	373	215	444	243	246	191	241	216	365	288	47	298	471	412	68	467	343	356	49	358	386	362	54	473
chr14	22614531	22614760	230	3	0	230	131	99	15	5	8	8	5	8	12	10	9	8	7	5	6	11	8	5	7	11	1	13	10	2	2	8	8	3	1	4	10	6	2	10
chr14	22614762	22627375	12614	3	0	12614	7355	5259	981	380	480	607	538	353	529	473	507	266	436	367	424	240	311	461	493	326	64	356	498	296	81	455	380	309	61	364	522	399	74	581
chr14	22627376	22636266	8891	3	0	8891	5039	3852	584	237	403	369	312	292	400	321	371	209	315	223	326	153	213	310	364	198	42	287	358	288	46	349	282	222	38	260	321	333	28	435
chr14	22636442	22637538	1097	3	0	1097	340	757	17	8	15	4	12	40	74	12	15	28	83	18	0	3	9	2	9	24	22	24	53	104	70	65	45	107	40	48	31	57	12	44
chr14	22637539	22637551	13	3	0	13	2	11	0	0	0	0	0	0	1	0	0	1	0	0	0	0	0	0	0	1	0	0	0	5	0	0	0	1	0	1	1	0	0	0
chr14	22637552	22637867	316	3	0	316	57	259	0	1	1	0	0	6	16	1	2	8	16	3	0	1	1	0	0	9	5	2	14	77	36	18	4	39	13	12	6	19	2	2
chr14	22637869	22637913	45	3	0	45	9	36	0	0	0	0	0	1	3	0	0	3	2	0	0	0	0	0	1	3	0	0	2	10	4	3	0	4	1	1	1	3	1	0
chr14	22637914	22638670	757	3	0	757	330	427	39	15	23	18	19	26	34	22	21	18	29	21	17	7	11	9	25	22	5	14	31	67	34	39	22	47	16	15	23	34	3	29
chr14	22638676	22639944	1269	3	0	1269	508	761	39	17	38	21	26	48	57	31	29	37	73	28	20	11	19	12	35	35	16	27	50	108	67	64	36	85	35	36	42	61	4	60
chr14	22639946	22639992	47	3	0	47	33	14	7	1	1	4	2	2	1	0	2	0	3	2	3	0	0	3	2	1	0	0	1	1	0	2	0	0	0	0	2	2	0	3
chr14	22639994	22640208	215	3	0	215	136	79	24	3	7	15	8	5	3	8	8	3	12	1	10	7	7	14	10	3	0	5	4	13	0	9	6	1	0	3	4	9	0	11
chr14	22640209	22640298	90	3	0	90	38	52	1	0	15	0	1	0	0	1	14	0	5	1	0	0	0	0	0	0	0	0	1	8	0	19	1	0	0	1	0	20	0	0
chr14	22640309	22641198	890	3	0	890	477	413	65	18	35	24	28	33	41	31	32	14	57	21	17	16	19	26	27	20	3	31	41	30	2	42	27	27	4	34	38	38	3	44
chr14	22641253	22641280	28	3	0	28	18	10	4	0	6	0	0	0	0	0	7	0	0	0	0	0	0	0	0	0	0	0	0	0	0	3	0	0	0	0	0	3	0	3
chr14	22641281	22641321	41	3	0	41	23	18	3	0	4	0	0	0	1	0	4	1	10	0	0	0	0	0	1	0	0	0	0	0	0	1	0	0	0	0	0	1	0	13
chr14	22641324	22641396	73	3	0	73	38	35	6	0	10	0	0	0	0	0	10	0	10	0	0	0	0	0	0	0	0	0	0	7	0	7	0	0	0	0	0	7	0	14
chr14	22641397	22641422	26	3	0	26	14	12	1	0	5	0	0	0	0	1	5	0	0	1	0	0	0	0	0	0	0	0	1	0	0	4	0	0	0	0	0	5	0	1
chr14	22641426	22641460	35	3	0	35	25	10	6	0	5	1	0	0	0	1	7	0	3	0	0	0	0	0	0	0	0	0	0	0	0	0	0	0	0	0	1	0	0	9
chr14	22641481	22641530	50	3	0	50	24	26	3	0	8	0	0	0	0	0	7	0	5	0	0	0	0	0	0	0	0	0	0	4	0	9	0	0	0	0	0	9	0	3
chr14	22641531	22641567	37	3	0	37	27	10	8	0	7	1	0	0	0	0	8	0	0	0	1	0	0	1	0	0	0	0	0	0	0	2	0	0	0	0	0	2	0	5
chr14	22641568	22641600	33	3	0	33	25	8	7	0	5	3	0	0	0	0	5	0	0	0	2	0	1	1	0	0	0	0	0	0	0	2	0	0	0	0	0	1	0	4
chr14	22641603	22642312	710	3	0	710	424	286	50	20	27	33	30	21	31	23	29	19	18	21	21	14	23	42	29	16	4	25	28	11	2	29	22	16	2	14	26	27	4	31
chr14	22642333	22643763	1431	3	0	1431	759	672	97	21	38	50	42	77	74	39	29	29	63	42	38	29	33	56	61	41	7	47	73	43	9	68	48	54	10	48	51	55	12	45
chr14	22643765	22688290	44526	3	0	44526	25274	19252	3016	1303	1900	1866	1815	1427	1964	1618	1732	913	1614	1253	1522	877	1126	1327	1757	1147	187	1429	1907	1304	204	1700	1403	1158	152	1391	1757	1505	165	2085
chr14	22688291	22828290	140000	2	0	140000	77895	62105	9689	3742	5117	5866	5128	4670	6275	4498	4859	2635	5671	3809	4737	3110	3425	4662	5172	3753	786	4446	5794	4614	1088	5844	4296	4138	982	4218	5309	4835	850	5980
chr14	22828291	23271290	443000	1	0	443000	235177	207823	29077	11151	16488	15592	15033	14898	21639	12729	15078	9397	19349	10855	13121	8778	10523	11468	15092	12283	2939	13910	19354	16634	4632	20165	13681	15464	4095	14894	16172	16405	3072	19030
chr14	23271291	23952290	681000	2	0	681000	372830	308170	42758	18199	27260	26577	24519	21740	31759	23016	25536	14096	27556	17132	21981	13386	16384	20929	25362	17804	3326	20929	28957	24852	4909	29615	21520	20492	4186	21898	25195	25185	3423	30517
chr14	23952291	24177197	224907	1	0	224907	115219	109688	11979	5527	8513	7089	7465	7872	11670	7038	7864	5013	9642	5431	5800	4031	5081	5204	7928	6494	1388	6633	10581	9765	2458	10667	7511	8381	1987	7943	8025	8830	1433	9662
chr14	24177201	24404293	227093	1	0	227093	112623	114470	10808	5217	8371	6247	7163	8103	12368	6506	7571	5122	10594	5230	5100	4289	5008	4925	7588	6715	1576	6852	10945	10757	2627	11579	7577	9159	2296	8282	8030	9277	1581	9628
chr14	24404294	24483293	79000	2	0	79000	41802	37198	4296	2139	3085	2693	2770	2690	3977	2627	2946	1642	3252	2070	2201	1467	1800	2146	2887	2243	398	2409	3655	3222	646	3612	2527	2622	446	2619	2995	3048	394	3474
chr14	24483294	24578293	95000	3	0	95000	56495	38505	7058	2859	4003	4705	3958	2768	3812	3708	3994	1869	3048	2717	3616	2018	2466	3894	4014	2288	312	2900	3664	2519	324	3280	2773	1891	237	2675	3795	3089	269	4475
chr14	24578294	24680293	102000	4	0	102000	60871	41129	7907	3107	4287	4969	4049	3038	4071	3931	4352	1938	3219	2923	3962	2237	2753	4127	4196	2456	348	3319	3971	2629	352	3465	2895	2049	264	2752	4027	3283	328	4794
chr14	24680294	24759293	79000	5	0	79000	47239	31761	5769	2345	3235	4027	3129	2466	3018	3219	3378	1510	2694	2174	3100	1651	2135	3387	3273	1714	311	2674	2942	1952	236	2705	2276	1606	213	2103	3341	2563	252	3600
chr14	24759294	24841293	82000	6	0	82000	48723	33277	5854	2420	3531	4108	3173	2284	3331	3145	3465	1585	2778	2314	3421	1880	2232	3201	3176	1910	359	2724	2994	2075	286	2942	2402	1673	240	2353	3361	2640	287	3854
chr14	24841294	24980293	139000	7	0	139000	85598	53402	11461	4448	6005	7379	5322	3909	5187	5399	5950	2495	4106	3716	6561	3515	4072	6072	6008	3047	563	4749	4587	2885	418	4577	3810	2541	360	3589	5412	3994	407	6454
chr14	24980294	25328293	348000	8	0	348000	212716	135284	28255	10474	14863	18615	13749	9714	13069	13346	14913	6302	10715	9693	15290	8357	9800	15559	14273	7693	1311	11570	12086	7602	1153	11509	9605	6732	1005	9122	13914	10323	1139	16247
chr14	25328294	25482293	154000	9	0	154000	95217	58783	12494	4709	6653	8582	6260	4094	5526	6085	6645	2787	4678	4349	7040	3688	4410	7216	6359	3426	518	4975	5182	3231	412	5026	4160	2730	327	3977	6264	4463	443	7289
chr14	25482294	25740293	258000	8	0	258000	161346	96654	21263	7864	11119	15031	10493	6666	9115	10287	11025	4568	7581	7313	12496	6345	7331	12848	10699	5375	848	8521	8417	5190	659	7915	7026	4469	526	6521	10419	7148	731	12189
chr14	25740294	25865293	125000	7	0	125000	78561	46439	10452	3955	5404	7280	5166	3241	4322	5053	5511	2313	3627	3580	5962	3023	3568	6103	5343	2565	507	4116	3979	2271	303	3709	3327	1910	280	3097	5133	3516	382	6000
chr14	25865294	26093293	228000	8	0	228000	144554	83446	19742	6994	9813	13464	9131	5750	7711	9027	9998	3995	6571	6409	11142	5794	6702	12310	9476	4573	820	7664	6986	4182	517	6870	5780	3693	457	5454	9377	6107	680	10809
chr14	26093294	26270293	177000	7	0	177000	111390	65610	15172	5397	7660	10441	7021	4541	6131	6943	7716	3087	5202	5092	8762	4455	5151	8618	7282	3539	673	5986	5468	3309	542	5349	4691	2939	412	4322	7195	4881	535	8486
chr14	26270294	26451293	181000	6	0	181000	114687	66313	15876	5699	7617	10906	7353	4804	6192	7106	7768	3017	5054	5112	9101	4592	5127	9362	7751	3641	651	6069	5665	3274	488	5324	4733	2933	448	4384	7306	4903	529	8213
chr14	26451294	26725293	274000	7	0	274000	179124	94876	26310	8842	11327	17970	10805	6519	8565	10951	11682	4377	6812	7596	15652	7681	8006	16029	11778	5097	1041	9503	7682	4261	747	7288	6396	3918	737	5959	10984	6702	821	11960
chr14	26725294	26936293	211000	6	0	211000	137228	73772	19622	6620	8821	13891	8616	5029	6527	8391	9093	3363	5680	6028	11624	5479	6191	12252	8784	3919	777	7011	5974	3279	559	5750	5144	3062	461	4887	8661	5301	631	9571
chr14	26936294	27501293	565000	7	0	565000	368853	196147	52084	17857	23328	37496	23182	13835	17189	23352	23957	9203	14202	16175	31542	15167	16640	33642	24533	10466	2064	18999	16163	8877	1282	14892	13986	7993	1076	12279	22876	13878	1594	25189
chr14	27501294	28038293	537000	6	0	537000	352847	184153	51953	17207	22204	36053	22180	12818	15918	22032	23094	8567	13354	15036	30190	14163	15577	32500	23264	10074	1795	17621	15249	8256	1246	13760	12969	7314	1099	11454	21466	12867	1500	24218
chr14	28038294	28710293	672000	7	0	672000	433158	238842	61584	21273	28122	42644	27662	16737	21730	27081	28787	11133	17765	19061	35590	17293	19213	37482	28828	12838	2304	22465	20267	11566	1592	18233	17110	10101	1362	15429	27005	17153	1884	30704
chr14	28710294	28834293	124000	8	0	124000	77983	46017	11504	3857	5057	7656	4864	3202	4002	4434	5278	2054	3585	3262	6428	3092	3360	6346	5145	2385	656	4020	3612	2637	813	3514	2975	2192	853	3036	4771	3362	612	5434
chr14	28834294	29110293	276000	9	0	276000	178041	97959	24814	8691	11493	17472	11390	7113	8649	11397	11882	4471	7254	7962	14384	7503	8038	15527	12325	5325	1074	9055	8230	4453	656	7498	6989	3987	607	6190	11005	7072	801	12691
chr14	29110294	29398293	288000	10	0	288000	186172	101828	26362	9039	12264	18532	11763	7105	9041	11760	12506	4770	7557	8167	15567	7473	8271	15993	12111	5456	1063	9757	8607	4621	711	7762	7234	4338	651	6517	11718	7286	899	13097
chr14	29398294	29851293	453000	9	0	453000	287190	165810	40322	14185	18655	27477	17943	12077	15384	17910	19190	7636	12769	12462	23184	11521	12707	23766	19204	9124	1840	15251	14069	8043	1435	13351	11715	7660	1262	10799	18326	12071	1545	20115
chr14	29851294	30318293	467000	8	0	467000	290764	176236	38919	14550	19783	26815	18974	12502	16431	18474	19877	8292	13993	12859	22297	11261	13048	22688	19396	9835	1727	15648	15421	9398	1413	14460	12525	8469	1260	11662	19039	12989	1508	21485
chr14	30318294	30426293	108000	7	0	108000	66254	41746	8721	3375	4550	5938	4361	2815	3997	4340	4634	1935	3362	3183	4868	2455	2951	4768	4311	2339	431	3499	3690	2287	375	3473	2993	2026	348	2859	4519	3172	394	5029
chr14	30426294	30526293	1e+05	6	0	1e+05	62498	37502	8684	3125	4178	5838	4127	2580	3541	3818	4309	1702	2926	2832	4706	2384	2854	4892	4015	2127	362	3287	3297	2048	298	3080	2660	1808	236	2514	4094	2740	318	4618
chr14	30526294	30606663	80370	5	0	80370	50465	29905	7250	2597	3305	4687	3205	2146	2699	2911	3135	1398	2202	2103	4249	2232	2393	3952	3486	1744	362	2781	2491	1580	392	2455	1975	1502	348	1951	3009	2092	324	3412
chr14	30606669	30648293	41625	5	0	41625	26917	14708	3935	1425	1659	2659	1669	1005	1376	1536	1652	660	1068	1109	2421	1202	1195	2344	1763	905	186	1439	1247	644	155	1166	948	704	125	937	1628	959	146	1756
chr14	30648294	30773293	125000	4	0	125000	77918	47082	11089	4093	5176	6924	5006	3239	4572	4598	5069	2212	3617	3543	6117	3235	3575	5851	5265	2712	534	4268	4051	2468	438	3931	3160	2271	424	3119	4940	3437	442	5622
chr14	30773294	31467293	694000	3	0	694000	415925	278075	60171	20690	26523	35311	26355	20759	27521	23194	24424	12363	23264	18157	31745	17353	19034	29060	27206	16344	3448	24167	25115	15438	4206	24001	18890	17571	3883	19596	26618	19406	3607	28578
chr14	31467294	31561293	94000	4	0	94000	56217	37783	7482	2697	3802	4887	3677	2741	3746	3321	3793	1773	3189	2575	3916	2132	2539	3947	3650	2184	406	3102	3441	2222	469	3288	2599	2132	371	2588	3795	2882	354	4298
chr14	31561294	31655293	94000	5	0	94000	58089	35911	8257	3028	3906	5161	3812	2472	3404	3498	3809	1568	2726	2699	4473	2392	2674	4208	3802	2074	432	3152	3280	1958	376	2963	2518	1837	318	2399	3586	2708	312	4196
chr14	31655294	32110293	455000	6	0	455000	276367	178633	36558	13870	19139	23753	17442	12694	17592	17002	18666	8420	14326	12454	20654	11157	12738	19901	18579	10303	1925	15334	15786	10007	1837	15370	12343	9431	1625	12225	18022	13259	1721	20865
chr14	32110294	32345293	235000	5	0	235000	142530	92470	19562	7445	9456	12339	9529	6574	9028	8477	9392	4182	7258	6520	10319	5728	6585	10136	9634	5523	1000	7772	8431	5385	992	7961	6327	5078	860	6153	9216	6785	910	10441
chr14	32345294	32738293	393000	6	0	393000	243538	149462	32413	11968	16853	21866	15428	10507	14289	15147	16572	7007	12199	11065	18687	9637	11452	18448	16142	8328	1376	13273	12805	8078	1068	12835	10444	7173	902	10193	15979	11208	1164	18492
chr14	32738294	33336293	598000	7	0	598000	372722	225278	50965	18605	25148	34526	23789	16245	21065	23487	25290	10377	17094	16436	29199	15384	16822	28289	25053	12441	2647	20470	19312	11834	2225	18197	16027	10915	1999	14960	24194	16378	2123	26502
chr14	33336294	33500293	164000	6	0	164000	101395	62605	13523	5210	6912	9145	6391	4496	5989	6544	6972	2932	4908	4549	7904	4022	4584	7312	6977	3313	768	5603	5087	3391	609	5250	4583	2986	483	4194	6774	4647	594	7346
chr14	33500294	33635293	135000	5	0	135000	82965	52035	10728	4203	5966	7292	5229	3658	5104	5224	5927	2517	4040	3696	6306	3291	3741	6042	5550	2841	680	4598	4266	2791	456	4378	3849	2435	411	3599	5550	3824	531	6275
chr14	33635294	34065293	430000	4	0	430000	253746	176254	32876	12898	18103	20768	16447	12705	17346	15744	17718	8189	14465	11477	17604	9734	11441	16229	17146	9924	2351	14105	15609	11023	2254	15305	12602	9742	1907	12437	16885	13502	1954	19508
chr14	34065294	34268293	203000	3	0	203000	118691	84309	14539	5940	8704	9502	7868	6007	8389	7502	8465	3915	7100	5597	7813	4469	5453	7427	8013	4870	879	6569	7860	5478	805	7647	5874	4686	662	5888	8018	6756	760	9543
chr14	34268294	35064293	796000	2	0	796000	459078	336922	64922	22500	28664	36929	29776	25195	34029	25063	26815	14573	29779	20854	31502	18333	20329	29814	29528	20125	4598	26349	31420	20374	6412	29824	22832	23770	6096	23572	30284	23761	4920	33056
chr14	35064294	35576293	512000	1	0	512000	298775	213225	41536	14581	19659	24581	19236	15548	21670	16603	18486	9357	18337	13295	21099	11799	13371	19617	19253	12410	2619	17003	19676	13117	3355	19199	14641	14245	3111	15119	19487	15575	2697	21716
chr14	35576294	35699293	123000	2	0	123000	78909	44091	11823	4006	4944	7470	4838	3099	4164	4579	4894	2007	3344	3416	6687	3351	3631	6655	5135	2540	486	4302	3745	2014	396	3517	2955	2069	369	2901	4845	3049	405	5362
chr14	35699294	35915293	216000	3	0	216000	133037	82963	19663	6525	8409	11850	8436	5991	8147	7372	8102	3722	6686	5920	10247	5534	6007	10424	8617	4821	956	7378	7399	4338	1073	6927	5619	4773	1004	5628	8312	5805	997	9316
chr14	35915294	36016293	101000	4	0	101000	60175	40825	7869	2940	4117	5093	3742	3074	3910	3822	3990	1782	3381	2749	4419	2316	2575	4394	4149	2269	479	3215	3603	2574	591	3560	2907	2363	475	2737	3889	3122	421	4471
chr14	36016294	36109293	93000	5	0	93000	56930	36070	7614	2792	3912	5102	3628	2620	3531	3423	3814	1645	2967	2565	4364	2267	2587	4098	3803	2018	399	3104	3193	1932	314	3077	2543	1876	310	2509	3664	2690	331	4306
chr14	36109294	36263293	154000	6	0	154000	94789	59211	12686	4848	6430	8572	6354	4189	5575	6055	6733	2742	4596	4312	6762	3652	4303	6979	6493	3374	630	4934	5332	3440	475	4859	4122	2792	406	3970	6225	4500	517	7141
chr14	36263294	36362792	99499	7	0	99499	63144	36355	8881	3157	4340	5993	3839	2564	3326	3946	4306	1666	2794	2706	5344	2535	2856	4889	4055	1988	386	3493	3004	1839	285	3019	2587	1615	239	2373	4030	2705	306	4431
chr14	36362794	36499294	136501	7	0	136501	82642	53859	10703	4106	5811	7220	5371	3970	5262	5173	5621	2496	4301	3613	6145	3212	3870	5767	5531	3056	542	4655	4769	3152	403	4713	4023	2802	389	3792	5453	4028	466	6084
chr14	36499295	36637294	138000	6	0	138000	79079	58921	10036	4012	5666	6445	5158	4039	5519	4691	5465	2654	4890	3511	5500	2881	3556	5055	5344	3176	743	4323	5127	4302	1253	5060	3903	3748	1316	4105	5034	4516	828	6142
chr14	36637295	36784294	147000	5	0	147000	87097	59903	11318	4412	6256	7371	5646	4175	5702	5434	6171	2711	4810	3914	6222	3237	3772	5945	5781	3232	768	4754	5210	3827	1006	4980	4306	3359	879	4194	5660	4605	729	6612
chr14	36784295	37047294	263000	6	0	263000	163027	99973	21633	8335	11056	14779	10430	7250	9487	10486	11172	4634	7835	7192	12568	6508	7459	12201	11118	5567	1037	9005	8766	5288	731	8384	7184	4745	669	6646	10585	7569	877	11802
chr14	37047295	37408294	361000	5	0	361000	226717	134283	32555	11372	14603	21184	14540	9611	12785	13533	14513	6320	10286	9966	18106	9210	10324	17807	15113	7638	1446	12316	11809	6772	1230	10882	9235	6681	1140	8936	14312	9602	1306	15865
chr14	37408295	37570294	162000	4	0	162000	104387	57613	14864	5237	6723	10089	6503	4048	5201	6437	6692	2677	4192	4617	8854	4471	4794	8987	6956	3270	619	5588	4714	2741	518	4550	3902	2529	399	3648	6618	3982	454	7124
chr14	37570295	37713294	143000	3	0	143000	85591	57409	11898	4370	5937	7448	5706	3832	5257	5208	5894	2660	4507	3719	6156	3268	3801	5929	5759	3226	635	4510	4935	3690	1075	4794	3882	3242	1029	3851	5427	4337	669	6347
chr14	37713295	37804294	91000	4	0	91000	57102	33898	8162	2859	3732	5332	3737	2391	3157	3592	3854	1558	2520	2493	4331	2305	2502	4575	3775	2024	363	2951	3103	1738	290	2741	2406	1593	261	2228	3593	2517	324	3991
chr14	37804295	37944294	140000	5	0	140000	87895	52105	12123	4396	6037	8117	5569	3677	4907	5450	5949	2416	4012	3896	7032	3507	3884	6923	5886	2916	472	4721	4552	2803	397	4316	3670	2382	327	3388	5495	3967	396	6415
chr14	37944295	38060294	116000	6	0	116000	71714	44286	9496	3549	4988	6399	4760	3264	4217	4588	4945	2136	3459	3235	5230	2688	3230	5528	4946	2545	335	3812	3916	2432	267	3798	3181	2099	238	2942	4786	3337	310	5342
chr14	38060295	38272294	212000	7	0	212000	131498	80502	17535	6527	8960	12083	8453	5725	7439	8240	8879	3766	6371	5765	10238	5130	5950	10436	8856	4348	847	7097	6965	4514	782	6625	5599	3920	746	5421	8438	6103	663	9577
chr14	38272295	38285752	13458	8	0	13458	8439	5019	1063	400	541	804	523	399	467	569	544	219	394	386	679	372	373	704	601	300	41	448	448	279	20	421	372	198	26	322	537	391	31	584
chr14	38285754	38496295	210542	8	0	210542	133538	77004	18347	6612	8997	12768	8737	5364	7064	8447	9008	3672	5750	5998	10632	5269	6128	10745	8953	4399	644	6921	6688	4015	462	6256	5449	3317	369	5101	8522	5692	553	9661
chr14	38496296	38623295	127000	7	0	127000	78872	48128	10685	3858	5526	7143	5383	3331	4510	4933	5395	2329	3691	3616	5749	2975	3766	5982	5301	2664	369	4159	4282	2604	297	4073	3489	2347	233	3277	5085	3641	323	5982
chr14	38623296	38745295	122000	6	0	122000	75616	46384	10107	3856	5099	6836	5051	3174	4400	4839	5176	2208	3731	3480	5564	2968	3469	5657	5023	2781	432	3970	4181	2459	317	3896	3262	2127	246	3095	4999	3486	371	5738
chr14	38745296	38856295	111000	5	0	111000	69155	41845	9442	3392	4598	6305	4428	3050	3942	4335	4738	1895	3232	3254	5128	2562	3138	5714	4625	2288	422	3564	3691	2250	370	3404	2993	1995	312	2812	4446	3182	360	5131
chr14	38856296	38945295	89000	4	0	89000	54599	34401	7312	2776	3714	4882	3672	2457	3365	3388	3741	1585	2730	2486	3959	2065	2538	3928	3670	1982	300	2931	3124	1858	266	2869	2503	1705	199	2451	3585	2572	289	4096
chr14	38945296	39038295	93000	3	0	93000	56482	36518	7606	2860	3921	4819	3697	2599	3581	3538	3819	1715	2994	2609	4083	2175	2468	3996	3817	2046	398	3088	3271	2088	342	3069	2641	1880	271	2470	3687	2756	357	4337
chr14	39038296	39330295	292000	2	0	292000	175072	116928	26258	8628	11256	14880	11245	8489	11346	9643	10600	5104	9865	7640	12919	7175	7833	12191	11250	6838	1470	9838	10531	6607	1920	10231	7776	7440	1731	8086	11166	8404	1493	12145
chr14	39330296	39428295	98000	3	0	98000	60653	37347	8799	3150	4039	5337	3900	2762	3680	3484	3939	1745	2878	2684	4687	2441	2667	4459	4136	2222	406	3334	3355	1858	397	3081	2532	1896	343	2541	3804	2715	418	4309
chr14	39428296	39516295	88000	4	0	88000	53993	34007	7345	2762	3599	4802	3503	2452	3171	3447	3717	1524	2627	2432	3943	2181	2541	3947	3580	2047	343	2949	3118	1948	361	2775	2380	1654	300	2250	3494	2552	290	3964
chr14	39516296	39632295	116000	5	0	116000	71834	44166	10003	3761	4720	6454	4937	3032	4158	4639	4859	2051	3381	3426	5140	2769	3260	5243	4884	2573	423	3732	4047	2375	362	3594	3153	2074	339	2892	4682	3356	378	5301
chr14	39632296	39763295	131000	6	0	131000	82145	48855	11086	4166	5575	7635	5371	3373	4586	5188	5599	2236	3763	3850	6406	3186	3759	6365	5351	2729	476	4405	4374	2522	323	3946	3482	2242	275	3281	5311	3673	412	6052
chr14	39763296	40067295	304000	7	0	304000	192631	111369	26098	9565	12905	18360	12391	7755	10391	12057	13071	5396	8483	8671	15368	7596	9020	15504	12693	6352	986	10281	9677	5590	623	9106	7780	4872	530	7256	12444	8182	839	14156
chr14	40067296	40443295	376000	6	0	376000	242528	133472	34031	11959	15785	23876	15617	9222	11998	15376	16052	6295	9833	10600	19951	9857	10980	21094	16183	7424	1234	12492	11365	6460	761	10361	9437	5596	702	8677	15228	9467	1019	17066
chr14	40443296	40521190	77895	7	0	77895	51509	26386	7411	2410	3347	5335	3087	1794	2286	3072	3293	1229	2046	2136	4712	2083	2248	5018	3234	1384	257	2641	2058	1183	181	2044	1838	1093	131	1638	3109	1806	185	3604
chr14	40521191	40739294	218104	7	0	218104	143323	74781	20879	7078	8767	14921	9027	5283	6606	8923	9251	3497	5301	6108	12488	5726	6400	13068	9480	4070	711	7323	6300	3339	506	5477	5261	3053	438	4664	8798	5158	591	9610
chr14	40739295	41136148	396854	8	0	396854	261818	135036	38081	12657	15974	27309	16410	9500	11780	16702	16709	6336	9588	11137	22821	10710	11427	24676	17479	7297	1361	13067	11176	5867	800	10121	9545	5394	728	8431	16192	9406	1021	17150
chr14	41136151	41303010	166860	8	0	166860	108043	58817	15272	5154	6614	11105	6760	4235	5279	6786	6867	2777	4192	4690	9246	4448	4721	9897	7119	3345	630	5519	5136	2922	471	4448	4219	2513	393	3575	6586	4197	478	7264
chr14	41303012	41303029	18	8	0	18	12	6	1	0	3	1	1	0	0	1	1	0	0	0	2	0	0	0	0	0	0	0	0	0	0	1	1	1	0	2	1	0	0	0
chr14	41303031	41384296	81266	8	0	81266	52870	28396	7396	2579	3307	5372	3296	1944	2584	3407	3422	1305	2061	2333	4541	2099	2275	4947	3431	1543	287	2666	2487	1388	177	2088	2024	1200	135	1849	3289	2009	199	3624
chr14	41384297	41644296	260000	7	0	260000	168619	91381	23958	8158	10891	16873	10290	6349	8073	10114	10990	4324	6833	7227	14642	6810	7654	15432	10888	4972	1014	8767	7338	4287	819	7251	6267	3814	759	5830	10334	6622	816	11602
chr14	41644297	41699296	55000	6	0	55000	35103	19897	4918	1718	2178	3551	2182	1350	1700	2145	2250	873	1519	1540	3015	1389	1571	3203	2306	1055	228	1741	1604	1204	292	1564	1288	979	210	1243	2179	1426	158	2419
chr14	41699297	42679296	980000	7	0	980000	642030	337970	93302	31121	40169	65454	39924	23657	29931	39913	41291	15430	24443	27420	55528	26255	28124	60067	42438	18228	3435	32362	27874	15339	2411	25521	24036	14026	2179	21537	39077	23552	2707	43247
chr14	42679297	42842296	163000	6	0	163000	107378	55622	15910	5165	6542	11168	6655	3932	4902	6750	6860	2577	3995	4489	9360	4368	4770	9933	7100	2964	571	5408	4620	2429	381	4046	4031	2300	319	3532	6488	3783	427	7223
chr14	42842297	43329296	487000	5	0	487000	320813	166187	46914	15439	19713	33383	20084	11633	14633	20128	20384	7733	11869	13591	28067	13016	13910	30315	21424	8901	1652	15844	13756	7427	1085	12332	11724	6922	983	10559	19574	11350	1264	21389
chr14	43329297	43611296	282000	4	0	282000	183808	98192	27017	8982	11355	18729	11634	6822	8856	11256	11915	4420	7121	7896	15516	7285	8038	16965	12146	5345	979	9039	8277	4570	762	7307	6939	4226	744	6505	11206	6774	853	12519
chr14	43611297	43786296	175000	3	0	175000	113682	61318	16185	5507	7198	11520	7293	4390	5537	7031	7388	2831	4438	4885	9543	4719	4960	10256	7733	3394	537	5782	5213	2927	394	4649	4265	2586	379	3916	7040	4276	440	7786
chr14	43786297	43937296	151000	4	0	151000	98577	52423	14247	4852	6315	9923	6206	3613	4692	5977	6426	2460	3788	4221	8458	4008	4569	8821	6496	2869	447	5120	4417	2436	297	4003	3593	2190	285	3374	5983	3658	387	6867
chr14	43937297	44204296	267000	5	0	267000	173851	93149	24932	8456	11343	17285	10921	6666	8074	11057	11453	4273	6939	7497	14710	7095	7715	15434	11550	5079	855	9006	7828	4235	575	7044	6655	3736	508	5915	10685	6632	740	12105
chr14	44204297	44470296	266000	6	0	266000	169737	96263	23822	8339	11515	16274	10759	6583	8683	10563	11360	4384	7299	7469	14009	6768	7639	14270	10959	5272	843	9001	8343	5004	677	7767	6716	4342	553	6273	10569	7173	675	12095
chr14	44470297	44690296	220000	5	0	220000	137167	82833	18415	6814	9315	12525	8997	5766	7795	8829	9469	3930	6449	6256	10187	5422	6255	10742	9173	4653	783	7323	7397	4350	639	6648	5881	3820	503	5558	8936	6211	673	10284
chr14	44690297	44841296	151000	4	0	151000	93061	57939	12396	4669	6455	8370	6181	4091	5605	5766	6475	2807	4534	4215	6838	3492	4185	6981	6234	3273	532	5019	5045	3240	501	4777	4146	2757	429	3954	6219	4293	490	7029
chr14	44841297	44995296	154000	3	0	154000	94901	59099	13473	4760	6146	8333	6049	4401	5578	5629	5848	2592	4557	4319	7341	4081	4283	7509	6541	3295	669	5329	5242	3293	770	4830	4057	3243	663	3851	5818	4304	640	6554
chr14	44995297	45233296	238000	4	0	238000	147668	90332	21658	7315	9525	13319	9015	6346	8753	8248	8846	3950	7110	6578	12299	6435	6723	11547	9273	5294	1112	8367	7776	4602	1248	7649	6094	5135	1080	6217	9218	6244	1144	9878
chr14	45233297	45334296	101000	5	0	101000	61739	39261	8701	3129	4106	5430	4023	2771	3746	3734	3995	1759	3289	2734	4647	2417	2812	4446	4134	2157	423	3362	3514	2188	399	3406	2758	2154	351	2636	3868	3009	351	4549
chr14	45334297	45443296	109000	6	0	109000	67414	41586	9183	3446	4795	6062	4496	2670	3878	4147	4649	1977	3330	3021	5159	2539	3074	4986	4287	2336	372	3637	3627	2417	425	3457	2847	2097	267	2839	4430	3076	328	5144
chr14	45443297	45587296	144000	7	0	144000	89894	54106	12483	4551	6107	8197	6018	3666	5045	5699	6238	2512	4143	4117	6599	3530	4077	6910	5990	3161	489	4619	4966	2950	367	4426	3813	2428	340	3547	5659	4170	400	6781
chr14	45587297	45769296	182000	8	0	182000	115530	66470	16268	5827	7604	10956	7601	4631	6067	7210	7817	3110	5008	5125	8971	4657	5291	9385	7820	3759	646	6000	5729	3250	548	5294	4606	3042	436	4280	7354	4770	540	8396
chr14	45769297	46213296	444000	9	0	444000	285214	158786	39133	13673	18258	28475	18193	11086	14046	17654	18699	7117	11819	12898	23513	11965	12610	26073	18930	8829	1492	14590	13579	8918	1049	12734	10947	6505	989	9691	17523	12028	1264	19718
chr14	46213297	46567296	354000	10	0	354000	230904	123096	33154	11387	14599	23293	14583	8592	11058	14291	15297	5839	8843	10095	19400	9154	10359	20959	15251	6685	1198	11837	10271	5741	822	9264	8611	5028	655	7658	14391	8644	939	16100
chr14	46567297	46827296	260000	9	0	260000	169221	90779	24141	8222	11087	16988	10744	6283	7916	10561	11200	4254	6703	7278	14354	6901	7450	15137	11172	4892	854	8743	7575	4255	598	7029	6217	3717	526	5766	10540	6593	684	11618
chr14	46827297	47095296	268000	10	0	268000	178758	89242	26308	8464	11029	19142	10807	6020	7785	11069	11497	4109	6399	7662	16331	7422	7820	16893	11346	4552	907	9210	6983	3618	588	6600	6353	3391	524	5502	10999	6229	717	11722
chr14	47095297	47146296	51000	9	0	51000	33166	17834	4714	1588	2081	3338	2075	1233	1513	2100	2093	847	1290	1408	2839	1366	1527	3154	2194	981	199	1660	1442	836	162	1419	1254	795	121	1132	2030	1247	160	2200
chr14	47146297	47393296	247000	10	0	247000	158591	88409	22359	7652	10214	15676	9683	6234	7889	9822	10379	4116	6897	6814	13480	6429	7235	13712	10390	4768	934	8339	7170	4269	761	7138	6158	3876	617	5781	9909	6426	894	10977
chr14	47393297	48185296	792000	9	0	792000	509947	282053	71631	24927	32594	50422	31668	20163	25618	31899	33605	13054	21027	22801	42669	20472	22986	44409	33952	15118	2993	26553	23446	13377	2202	21807	19935	12018	1961	18204	32015	20319	2492	35661
chr14	48185297	48305296	120000	10	0	120000	76887	43113	10815	3816	5129	7517	4839	2884	3875	4705	5185	1991	3187	3348	6438	3128	3392	6636	4985	2383	473	3978	3562	2143	398	3537	2966	1942	313	2721	4790	3172	402	5348
chr14	48305297	48947296	642000	9	0	642000	414181	227819	58486	20288	26589	41092	26457	15892	20380	25891	27388	10540	16866	18396	34124	16973	18636	36183	27426	12630	2332	21304	19461	10868	1530	17768	15946	9597	1323	14442	25786	16532	1915	28957
chr14	48947297	49019193	71897	8	0	71897	46350	25547	6319	2312	3158	4554	2872	1720	2294	2909	3163	1164	1917	2015	3989	1922	2115	3926	3093	1352	281	2392	2011	1208	174	2096	1783	1060	145	1692	2908	1869	178	3304
chr14	49019194	49020564	1371	8	0	1371	801	570	103	42	76	53	66	53	60	34	60	30	46	32	44	29	41	30	73	31	1	49	42	30	1	55	44	29	0	47	54	38	4	72
chr14	49023205	49023567	363	8	0	363	210	153	48	10	10	13	17	12	21	3	7	8	17	5	10	8	9	11	9	16	0	13	19	4	0	17	12	11	1	14	13	9	1	13
chr14	49023569	49023583	15	8	0	15	8	7	0	0	1	0	1	0	1	1	0	1	0	0	0	1	0	1	0	1	0	1	0	0	0	1	1	0	0	0	2	0	0	0
chr14	49023585	49126781	103197	8	0	103197	63839	39358	8403	3183	4273	5748	4110	2766	3729	4117	4439	1797	3080	3014	4655	2455	3036	5032	4297	2177	409	3318	3489	2140	307	3267	2779	1884	288	2673	4158	3002	310	4860
chr14	49126782	49235781	109000	7	0	109000	67310	41690	9071	3426	4690	5948	4515	2875	4039	4130	4716	1979	3316	3119	4834	2637	3068	4945	4511	2354	418	3634	3733	2319	274	3474	2906	1987	203	2746	4409	3140	323	5259
chr14	49235782	49328781	93000	6	0	93000	56027	36973	7269	2818	3977	4792	3785	2644	3683	3631	4020	1714	3059	2552	3783	2037	2485	3777	3811	2050	307	3044	3417	2134	219	3277	2706	1899	198	2565	3809	2964	254	4318
chr14	49328782	49424781	96000	5	0	96000	57948	38052	7448	2921	4035	4966	3878	2786	3738	3600	3968	1809	3152	2630	4077	2197	2704	4038	3921	2293	326	3172	3537	2180	292	3297	2722	1874	206	2672	3822	2959	290	4488
chr14	49424782	49530781	106000	4	0	106000	62963	43037	8240	3174	4554	5149	4145	3088	4181	3962	4452	1978	3614	2855	4279	2278	2926	4086	4265	2429	387	3437	3890	2740	383	3897	3026	2387	318	2979	4195	3354	388	4962
chr14	49530782	49635781	105000	3	0	105000	59488	45512	8491	3058	3816	4609	3952	3295	4506	3229	3563	2036	3923	2612	3968	2446	2656	3328	3837	2774	700	3524	4197	2812	1098	3968	3035	3247	1042	3142	3912	3242	714	4266
chr14	49635782	49848781	213000	2	0	213000	126057	86943	18645	6127	7782	10605	7849	6405	8672	6941	7364	3673	7420	5490	9301	5338	5595	8850	8002	5082	1190	7269	7890	4953	1582	7571	5947	5941	1583	5984	8028	6020	1255	8644
chr14	49848782	50077781	229000	1	0	229000	126820	102180	16322	6330	8644	9215	8173	7706	10609	7345	8377	4536	9352	5700	7638	4554	5442	6876	8500	5986	1387	7253	9552	7019	1913	9490	6974	7190	1658	7292	8807	7778	1368	10012
chr14	50077782	50217781	140000	2	0	140000	85034	54966	12681	4132	5357	7300	5245	4036	5445	4839	4986	2428	4626	3733	6558	3538	3810	6320	5369	3243	698	4824	4954	3048	706	4759	3798	3339	663	3790	5443	3838	627	5865
chr14	50217782	50629781	412000	3	0	412000	249817	162183	35427	12452	15927	21808	15735	11712	15936	14728	15526	7247	12981	11126	18926	10459	11403	18424	16513	9470	1899	13988	14632	9245	2201	13771	10983	9582	2032	10985	15983	11552	1842	17503
chr14	50629782	50895781	266000	4	0	266000	156216	109784	20978	7872	10914	12660	10064	7900	10905	9280	10460	4985	9033	7013	10921	6257	7011	9961	10453	6243	1479	8839	9673	6656	1776	9471	7702	6511	1600	7889	10321	8166	1341	11664
chr14	50895782	51035781	140000	5	0	140000	81271	58729	10248	3959	5617	6643	5181	4366	6019	5033	5474	2706	4885	3760	5564	3150	3548	5118	5509	3373	726	4573	5315	3774	854	5163	4210	3511	752	4143	5564	4448	622	6190
chr14	51035782	51476781	441000	6	0	441000	264970	176030	34271	13185	18311	22747	17205	12598	17113	16848	17995	8297	14527	12039	19043	10351	11843	18595	17920	10008	1939	14564	15924	10559	1797	15301	12301	9468	1578	11813	17620	13546	1576	20116
chr14	51476782	51670781	194000	5	0	194000	115976	78024	14997	5777	7951	9931	7468	5654	7653	7448	7910	3565	6314	5234	8281	4551	5267	7975	7926	4361	902	6358	7065	4800	879	6620	5568	4282	736	5502	7664	5921	733	8705
chr14	51670782	51858781	188000	6	0	188000	111174	76826	13514	5412	7516	9398	6911	5685	7413	6870	7473	3455	6277	5368	7942	4667	4839	8432	7752	4453	1080	5934	6607	5342	1037	6878	5199	3957	974	5040	7321	6112	947	8193
chr14	51858782	51906781	48000	7	0	48000	29606	18394	4093	1521	1988	2639	1805	1267	1790	1852	2027	842	1427	1258	2316	1183	1370	2227	1935	1041	209	1628	1649	1046	168	1578	1252	921	127	1284	1878	1432	160	2085
chr14	51906782	52149781	243000	6	0	243000	143120	99880	18143	7311	10348	11695	9273	7034	9873	8982	10119	4679	8154	6474	9961	5589	6475	9009	9676	5775	1155	8006	8980	6329	1245	8825	6868	5524	1038	7032	9638	7751	1050	10987
chr14	52149782	52260781	111000	5	0	111000	66130	44870	8561	3359	4567	5583	4532	3276	4415	4293	4453	2121	3683	2999	4524	2455	2972	4335	4534	2654	417	3607	4277	2741	393	3843	3303	2390	281	3174	4402	3469	371	5014
chr14	52260782	52561781	301000	4	0	301000	183731	117269	24683	9381	12346	15982	11837	8281	11202	11233	12262	5392	9122	8099	13609	7454	8473	14374	12426	6735	1311	10036	10387	6747	1377	9896	8059	6184	1264	7971	11680	8741	1214	13240
chr14	52561782	52989781	428000	3	0	428000	260809	167191	37946	12806	16585	23329	16366	12247	16296	14808	15971	7293	13514	11554	20383	11174	11806	18731	16964	9802	2126	14627	15035	9149	2369	14082	11299	9898	2184	11322	16419	11786	1957	18170
chr14	52989782	53176781	187000	4	0	187000	112750	74250	15224	5697	7799	9596	7257	5262	7361	6592	7447	3338	5838	5066	8389	4689	5192	8002	7463	4430	868	6225	6664	4301	905	6486	5165	4142	720	5191	7180	5482	739	8288
chr14	53176782	53318781	142000	5	0	142000	85287	56713	11333	4427	5867	7320	5834	3987	5584	5210	5704	2638	4518	3920	6077	3270	3805	5792	5749	3466	517	4590	5353	3624	505	4922	3877	2999	436	3894	5636	4315	462	6367
chr14	53318782	53445781	127000	6	0	127000	76475	50525	9684	3847	5486	6500	4985	3663	4915	4876	5442	2370	4131	3574	5406	2955	3537	5104	5159	2888	517	4271	4625	3007	407	4328	3559	2535	290	3420	5096	3938	434	6049
chr14	53445782	53661781	216000	7	0	216000	132330	83670	17051	6488	9468	11767	8544	6016	7863	8591	9335	4000	6802	5963	9844	5122	6042	9432	8935	4742	763	7187	7552	4687	559	7213	5740	4076	486	5630	8787	6506	662	10145
chr14	53661782	53686781	25000	8	0	25000	15741	9259	2087	799	1087	1453	999	689	845	979	1106	409	671	737	1232	627	734	1285	1063	559	111	791	836	492	54	732	641	408	46	603	972	655	85	1211
chr14	53686782	53956781	270000	7	0	270000	165081	104919	22015	8332	11410	14709	10837	7598	9733	10319	11429	4909	8502	7320	12185	6376	7353	12054	11285	5965	1140	8825	9188	6222	1095	8800	7257	5096	891	6993	10757	8023	1000	12380
chr14	53956782	54188781	232000	6	0	232000	141188	90812	18596	7150	10007	12169	9410	6399	8791	8972	9775	4249	7299	6556	10141	5400	6368	9905	9500	5199	799	7700	8297	5130	684	7767	6412	4536	648	6259	9363	7013	765	10739
chr14	54188782	54291781	103000	5	0	103000	60323	42677	7615	2946	4312	4992	3960	2993	4250	3730	4284	1997	3485	2732	4007	2339	2656	4024	4124	2305	476	3370	3754	3053	594	3779	3010	2426	411	2877	4045	3396	379	4677
chr14	54291782	54375781	84000	4	0	84000	48945	35055	5997	2422	3540	3837	3207	2702	3546	3185	3418	1625	2923	2240	3174	1842	2070	3216	3475	1973	426	2717	3257	2234	374	3032	2518	1972	302	2568	3390	2718	336	3762
chr14	54375782	54702781	327000	3	0	327000	191559	135441	25094	9702	13284	15563	12323	9745	13494	11584	12717	6312	11110	8633	13509	7536	8642	12310	12981	7648	1686	10980	12138	8593	2104	11610	9405	8029	1886	9608	12622	10175	1644	14331
chr14	54702782	54879781	177000	2	0	177000	99492	77508	12075	4982	7223	7218	6535	5777	8146	6334	6856	3633	6533	4571	6031	3633	4310	5633	6983	4480	997	5565	7257	5457	987	7141	5700	4850	837	5661	6852	6055	841	7845
chr14	54879782	55250781	371000	1	0	371000	218521	152479	30877	10744	14327	18083	14065	11085	15172	12369	13508	6667	12848	9795	15581	8777	9878	14744	13935	8931	1929	12478	14020	8994	2445	13386	10498	9920	2344	10780	14237	11000	2000	15581
chr14	55250782	55404781	154000	2	0	154000	90212	63788	12914	4740	5956	6956	5757	4913	6402	5164	5599	2758	5272	3988	6295	3663	4078	5756	6055	3827	874	5318	5812	3948	965	5623	4530	3890	861	4467	5838	4683	796	6300
chr14	55404782	55559781	155000	3	0	155000	90529	64471	11788	4490	6014	7429	6000	4637	6670	5417	5721	2886	5517	4052	6214	3628	3974	6090	6036	3734	744	5127	5959	3871	879	5683	4671	4136	799	4656	6058	4651	758	6709
chr14	55559782	55674781	115000	4	0	115000	72673	42327	11007	3756	4996	6549	4451	2903	3870	4155	4697	1906	3217	3040	6151	3207	3334	5432	4645	2408	528	4191	3441	2139	554	3335	2818	2014	499	2895	4475	2908	481	4996
chr14	55674782	55787781	113000	5	0	113000	65810	47190	8003	3333	4840	5221	4247	3423	4869	4179	4672	2164	3881	2926	4475	2506	2899	4170	4630	2692	460	3644	4367	3109	439	4360	3324	2741	381	3400	4397	3733	428	5085
chr14	55787782	55874781	87000	6	0	87000	50856	36144	6195	2650	3599	4106	3448	2675	3603	3339	3577	1715	3006	2361	3331	1814	2257	3178	3608	2161	347	2739	3381	2359	331	3247	2512	1978	291	2531	3564	2820	327	3948
chr14	55874782	55983781	109000	7	0	109000	63843	45157	7516	3158	4626	5234	4104	3276	4670	4152	4505	2151	3780	2980	4409	2372	2812	4096	4401	2573	496	3487	4182	2882	402	4020	3326	2425	305	3242	4294	3606	377	5139
chr14	55983782	56244781	261000	8	0	261000	155506	105494	19844	8107	11162	12874	10206	7545	10609	9732	11074	4956	8540	7084	10863	5984	6908	10017	10770	5899	1233	8690	9272	6375	1062	9104	7578	5486	992	7378	10471	8053	1083	12047
chr14	56244782	56261781	17000	9	0	17000	10349	6651	1260	544	712	882	675	470	671	681	709	317	496	468	755	475	462	770	752	370	94	590	585	370	52	538	502	315	47	446	658	490	75	767
chr14	56261782	56752781	491000	8	0	491000	293130	197870	38142	14802	20445	24893	19253	14369	19529	18273	19962	9143	16015	13398	20926	11212	13065	19701	19705	11452	2274	16095	18115	12093	2015	17127	14125	10663	1774	13914	19479	15142	1979	21918
chr14	56752782	57432781	680000	7	0	680000	412675	267325	56499	20933	28038	36403	26712	19432	25603	24891	27528	12201	21377	18259	31134	16176	18341	29147	27846	15003	3299	22595	23565	15423	3362	22378	18737	14573	2974	18204	26490	19729	2964	30182
chr14	57432782	57569781	137000	8	0	137000	83135	53865	10949	4195	5761	7056	5511	3830	5223	5355	5767	2572	4339	3988	5734	3094	3890	5870	5650	3118	493	4430	4971	3134	378	4604	3803	2633	315	3669	5495	4203	458	6510
chr14	57569782	57695781	126000	9	0	126000	76544	49456	9724	4046	5231	6512	5015	3607	4848	5001	5270	2408	3830	3580	5505	2950	3630	5385	5321	2932	492	4267	4561	2854	374	4071	3470	2324	309	3393	5119	3750	411	5808
chr14	57695782	57925781	230000	8	0	230000	139729	90271	17991	7086	9639	12054	9274	6433	8901	9190	9585	4209	7098	6390	9920	5557	6368	10033	9571	5155	821	7738	8239	5220	690	7500	6763	4481	610	6200	9224	6793	697	10568
chr14	57925782	58025781	1e+05	7	0	1e+05	59878	40122	7677	2944	4410	5032	3963	2803	4016	3768	4281	1934	3321	2772	4141	2222	2681	3912	3998	2295	387	3222	3665	2329	303	3532	2867	2078	288	2849	4020	3127	336	4825
chr14	58025782	58110781	85000	6	0	85000	50379	34621	6207	2624	3658	4084	3305	2530	3397	3252	3566	1603	2881	2383	3495	1918	2276	3199	3384	2068	392	2831	3150	2087	330	3037	2490	1771	272	2375	3460	2677	326	3970
chr14	58110782	58272781	162000	5	0	162000	96603	65397	13699	4840	6356	8167	6196	4671	6336	5470	5950	2911	5426	4184	7217	4066	4368	6745	6336	3758	839	5555	5870	3739	1103	5655	4334	4167	1046	4523	6134	4703	882	6752
chr14	58272782	58468781	196000	6	0	196000	120117	75883	17974	5860	7695	10727	7513	5494	7243	6716	7235	3354	6078	5234	9534	5162	5437	8861	7637	4427	988	6818	6662	3988	1172	6390	5088	4478	1130	5202	7578	5318	962	8043
chr14	58468782	58691781	223000	7	0	223000	134165	88835	18265	6641	9077	11584	8604	6486	8767	7905	8718	4021	7253	6037	9980	5255	5938	9633	8775	5097	1020	7511	7877	5176	1157	7610	6213	5120	1047	6202	8897	6427	994	9711
chr14	58691782	58940781	249000	8	0	249000	148553	100447	19223	7388	10584	12518	9817	7195	9868	9426	10242	4650	8373	6821	10431	5496	6639	9880	10035	5668	1066	7960	9241	6032	938	8757	7062	5583	794	7225	9969	7685	910	11522
chr14	58940782	59031781	91000	7	0	91000	55512	35488	6949	2673	3806	4810	3486	2564	3499	3571	3852	1645	2888	2612	3952	1985	2570	4649	3620	1974	318	2955	3308	2031	245	2957	2588	1790	256	2448	3604	2746	245	4402
chr14	59031782	59126781	95000	6	0	95000	58152	36848	7760	2900	3973	5201	3867	2559	3462	3635	3893	1725	3014	2694	4314	2205	2592	4357	3856	2087	368	3078	3338	2085	352	3124	2605	1853	322	2454	3724	2874	342	4385
chr14	59126782	59205781	79000	5	0	79000	46742	32258	6209	2354	3199	3860	2934	2396	3164	2878	3119	1461	2651	2109	3359	1787	2081	3179	3277	1800	398	2523	2863	1995	474	2788	2195	1931	418	2256	3038	2394	380	3528
chr14	59205782	59503781	298000	6	0	298000	180073	117927	23595	9287	12640	15339	11624	8371	11442	11474	12444	5545	9380	7960	13197	7208	8191	12374	12349	6660	1321	10081	10401	6912	1215	10097	8303	6113	1111	8035	11858	8940	1091	13440
chr14	59503782	59591781	88000	7	0	88000	53462	34538	7143	2650	3651	4751	3537	2430	3379	3250	3677	1518	2849	2463	3838	2064	2379	3881	3544	1950	352	2816	3063	1927	360	2961	2499	1812	328	2419	3491	2622	332	4062
chr14	59591782	59936781	345000	8	0	345000	210204	134796	27284	10517	14548	18407	13602	9421	12978	13291	14473	6302	10780	9548	15396	8010	9606	16040	13952	7694	1237	11366	12196	8070	1198	11491	9412	6883	1062	9131	13732	10308	1139	15924
chr14	59936782	60056781	120000	7	0	120000	76395	43605	10720	3839	5013	7263	4888	2928	4050	4806	5124	2072	3099	3422	6104	3107	3495	6463	5156	2453	406	3931	3848	2187	333	3490	3033	1943	292	2816	4635	3275	387	5420
chr14	60056782	60192781	136000	6	0	136000	84709	51291	11792	4313	5747	7729	5362	3472	4885	5158	5573	2298	3815	3712	6854	3643	3850	6505	5524	2924	522	4757	4528	2838	543	4216	3532	2613	461	3434	5293	3750	466	5889
chr14	60192782	60442781	250000	5	0	250000	155088	94912	21026	7875	10429	14091	10042	6692	8928	9478	10162	4327	7248	6947	12191	6128	7124	12399	10332	5329	1002	8359	8289	5257	989	7820	6688	4920	843	6399	9830	6849	854	11151
chr14	60442782	60532781	90000	4	0	90000	55485	34515	7688	2760	3742	5187	3600	2329	3005	3369	3733	1619	2544	2482	4357	2223	2501	4344	3637	1990	450	2854	2992	2066	548	2784	2309	1746	553	2208	3365	2588	479	3946
chr14	60532782	60701781	169000	3	0	169000	100393	68607	13450	4874	6648	8518	6527	5001	6534	6005	6544	3077	5736	4358	6968	3939	4480	7733	6697	3937	799	5458	6278	4195	1044	5843	4658	4173	1149	4660	6434	5055	790	7436
chr14	60701782	60715781	14000	2	0	14000	8595	5405	1195	458	538	740	552	411	530	520	513	212	424	400	672	381	405	642	597	321	51	493	486	292	59	454	397	317	49	339	533	361	45	611
chr14	60715782	60885781	170000	3	0	170000	106333	63667	15430	5482	6889	9732	6751	4481	5925	6314	6718	2752	4912	4587	8634	4425	4951	8349	7031	3572	679	5858	5516	3306	762	5157	4358	3327	740	4391	6566	4535	597	7271
chr14	60885782	61121781	236000	4	0	236000	145854	90146	20316	7622	9778	12965	9373	6342	8694	8852	9858	4148	6922	6401	11135	5968	6625	10854	9997	5180	978	7925	7960	4939	906	7521	6214	4480	759	5957	9090	6727	896	10616
chr14	61121782	61481781	360000	3	0	360000	206878	153122	25898	10482	14841	15924	13304	11205	15647	12991	14093	7271	12937	9395	13849	7781	8911	12347	14252	9028	1790	11669	14172	10552	1902	14037	10649	9113	1673	10589	14074	11970	1611	16041
chr14	61481782	61664781	183000	2	0	183000	105267	77733	12860	5238	7462	8105	6707	5769	8221	6714	7306	3696	6699	4926	6792	3962	4625	6185	7284	4344	920	6117	7095	4992	876	7010	5615	4608	780	5463	7416	6030	764	8417
chr14	61664782	61775781	111000	3	0	111000	67539	43461	9685	3507	4505	5883	4336	3207	4063	3772	4224	1821	3583	2871	5336	2914	3136	4694	4402	2526	587	3934	3756	2325	646	3655	2990	2457	673	3010	4230	3074	508	4688
chr14	61775782	61892781	117000	4	0	117000	70072	46928	9797	3418	4775	5977	4589	3356	4600	4248	4665	2109	3799	3287	4918	2742	3002	4788	4624	2664	536	3801	4331	2798	612	4002	3305	2685	588	3122	4533	3596	480	5251
chr14	61892782	61980781	88000	5	0	88000	53038	34962	6762	2712	3833	4464	3519	2514	3396	3502	3722	1653	2766	2431	3768	1985	2368	3641	3629	1975	346	2914	3181	2016	286	3047	2517	1820	225	2434	3605	2719	279	3969
chr14	61980782	62084781	104000	6	0	104000	63667	40333	8538	3207	4395	5519	4090	3027	3806	4125	4410	1870	3231	2881	4621	2392	2852	4701	4441	2253	473	3329	3544	2256	356	3385	2849	1953	286	2816	4215	3079	343	4755
chr14	62084782	62195781	111000	7	0	111000	68613	42387	9062	3580	4604	6156	4394	3069	4035	4499	4719	1971	3249	3100	5227	2805	3145	4997	4694	2446	472	3813	3738	2363	347	3424	3045	1900	284	2821	4520	3163	381	4975
chr14	62195782	62349781	154000	8	0	154000	95343	58657	12640	4806	6529	8616	6300	4209	5507	6173	6717	2726	4548	4341	6934	3768	4416	7112	6601	3330	521	5057	5249	3240	398	4928	4036	2742	323	3899	6304	4503	410	7115
chr14	62349782	62712781	363000	9	0	363000	228760	134240	31264	11624	15247	21103	14950	9372	12430	14492	15620	6389	10030	10221	17404	9450	10642	18520	15503	7730	1362	12240	11787	6738	1057	10701	9372	5896	827	8767	14583	9919	1116	16642
chr14	62712782	62939781	227000	8	0	227000	144058	82942	19834	7027	9643	13510	8888	5877	7635	9233	9583	3948	6235	6375	11710	5920	6576	12062	9555	4636	908	7673	7020	4096	654	6621	5819	3763	539	5517	9240	5896	727	10278
chr14	62939782	63037781	98000	7	0	98000	62220	35780	8562	3099	4139	5797	3989	2386	3272	4020	4222	1736	2782	2946	4824	2489	2833	5122	4101	1981	380	3248	3055	1722	242	2925	2506	1509	217	2208	4005	2732	303	4646
chr14	63037782	63132781	95000	6	0	95000	58265	36735	7853	2870	3910	5233	3849	2671	3362	3545	3978	1681	2949	2728	4186	2283	2657	4510	3956	2150	388	3010	3264	2163	444	2973	2459	1758	404	2428	3748	2773	348	4467
chr14	63132782	63221781	89000	5	0	89000	54425	34575	7208	2754	3741	4722	3508	2428	3233	3597	3824	1565	2666	2613	3885	2193	2467	4019	3714	1970	370	2887	3133	2089	343	2879	2308	1718	262	2234	3611	2667	283	4107
chr14	63221782	63304781	83000	4	0	83000	49126	33874	6407	2521	3482	4031	3285	2503	3321	3104	3426	1533	2744	2159	3323	1889	2230	3166	3427	1914	409	2696	3107	2070	366	2904	2394	1910	333	2481	3286	2553	328	3696
chr14	63304782	63310647	5866	3	0	5866	3592	2274	466	182	239	301	257	163	220	220	241	115	161	187	223	160	181	274	249	147	33	192	224	112	12	183	166	83	14	155	221	189	23	271
chr14	63310652	63310693	42	3	0	42	24	18	6	0	2	1	1	0	3	2	1	2	2	1	2	0	0	0	1	1	0	0	2	2	0	1	1	1	0	2	2	0	0	4
chr14	63310695	63310747	53	3	0	53	23	30	0	0	3	1	4	5	4	0	0	2	3	1	0	0	0	0	2	1	0	3	2	1	0	3	5	2	0	3	4	1	0	1
chr14	63310749	63310790	42	3	0	42	17	25	0	1	0	0	1	1	4	0	0	1	3	1	0	2	2	0	1	1	0	3	2	3	0	3	0	1	2	3	2	3	0	0
chr14	63310792	63313132	2341	3	0	2341	1315	1026	157	68	96	107	87	69	94	83	85	50	86	55	99	50	64	65	89	64	13	71	97	94	17	92	70	56	10	75	77	86	12	101
chr14	63313134	63314426	1293	3	0	1293	750	543	85	44	57	56	54	41	54	44	63	28	51	45	39	23	31	33	47	33	10	46	38	34	8	48	42	16	3	31	67	45	7	68
chr14	63314427	63314905	479	3	0	479	269	210	49	10	17	21	18	13	19	17	17	9	19	9	14	11	8	17	15	12	6	10	19	10	7	19	16	20	7	15	17	13	4	19
chr14	63314906	63315414	509	3	0	509	277	232	44	11	17	15	14	14	28	12	11	16	23	7	19	19	13	12	15	19	4	22	26	13	6	22	10	20	3	15	17	15	3	22
chr14	63315416	63315448	33	3	0	33	29	4	7	0	1	7	0	0	0	0	1	0	0	1	7	0	1	4	0	0	0	0	0	0	0	0	0	0	0	1	0	0	0	1
chr14	63315450	63317692	2243	3	0	2243	1252	991	154	68	98	91	91	65	104	75	94	49	79	72	72	35	49	54	79	55	17	66	92	87	8	97	55	62	9	70	109	80	8	97
chr14	63317694	63319642	1949	3	0	1949	1148	801	137	70	83	97	71	56	75	91	94	30	54	50	85	40	46	68	69	49	10	68	87	48	10	74	61	48	3	45	76	74	7	71
chr14	63319662	63320701	1040	3	0	1040	589	451	75	28	39	43	32	28	47	39	36	20	36	31	42	24	29	39	37	14	7	42	34	26	19	26	34	40	14	34	41	26	6	50
chr14	63320702	63320761	60	3	0	60	31	29	15	0	0	0	1	2	4	0	0	3	5	0	0	0	0	0	1	0	1	3	3	1	1	1	2	3	2	2	1	2	2	3
chr14	63320762	63320773	12	3	0	12	12	0	10	0	0	0	0	0	0	0	0	0	0	0	0	0	0	0	0	0	0	0	0	0	0	0	0	0	0	0	0	0	0	0
chr14	63320774	63320800	27	3	0	27	21	6	9	1	0	2	1	0	0	0	0	2	0	0	1	0	1	2	1	1	0	1	0	0	1	0	0	0	0	0	1	0	1	0
chr14	63320802	63322166	1365	3	0	1365	760	605	58	30	64	60	53	55	51	57	60	29	58	38	41	33	35	36	62	30	10	45	50	40	5	62	44	33	5	34	60	54	4	67
chr14	63322167	63325371	3205	3	0	3205	1878	1327	246	105	119	158	122	108	126	126	125	72	113	69	134	55	76	123	136	81	15	108	117	94	20	103	92	63	24	95	137	96	17	128
chr14	63325374	63325872	499	3	0	499	280	219	37	16	22	13	15	18	22	14	25	10	23	10	10	15	13	15	20	13	3	23	15	16	4	21	12	13	2	9	22	14	5	27
chr14	63325881	63328804	2924	3	0	2924	1661	1263	203	80	112	120	104	102	132	110	96	56	106	95	112	55	80	97	109	74	10	99	127	74	19	109	86	86	12	104	127	95	13	118
chr14	63328805	63330387	1583	3	0	1583	938	645	115	45	80	76	63	38	67	57	75	27	62	48	63	32	37	52	61	27	7	47	53	34	6	63	43	38	2	51	67	57	3	85
chr14	63330403	63392781	62379	3	0	62379	37679	24700	5245	1896	2614	3184	2476	1746	2356	2322	2498	1117	2118	1708	2720	1456	1651	2570	2502	1421	262	2030	2203	1433	253	2182	1741	1324	224	1683	2454	1893	251	2844
chr14	63392782	65442781	2050000	2	0	2050000	1165501	884499	153197	56933	78257	90173	75014	65747	90980	67636	73016	38968	78217	52204	77333	45745	51105	70975	77663	51738	11296	66696	81664	59014	14695	80933	61743	59895	13130	63626	78307	65659	11135	87304
chr14	65442782	65582781	140000	3	0	140000	88635	51365	12999	4597	5801	8158	5621	3474	4901	5116	5715	2314	3901	3813	7220	3819	4186	6999	5888	2972	529	4816	4390	2602	462	4127	3385	2495	419	3536	5449	3512	472	6310
chr14	65582782	65935781	353000	4	0	353000	210301	142699	26947	10668	14469	17675	13531	10517	14187	13087	14259	6577	11709	9616	15023	8224	9451	14360	14564	8177	1621	11624	12971	8766	1581	12297	9965	7870	1370	9731	13822	10802	1374	16163
chr14	65935782	66094781	159000	5	0	159000	90283	68717	10284	4572	6627	6773	5921	4859	7193	5979	6434	3314	6009	4206	5615	3152	3943	5400	6312	3958	725	4902	6435	4864	721	6459	4931	4002	533	4912	6274	5655	535	7499
chr14	66094782	66286781	192000	6	0	192000	113055	78945	13759	5744	8285	9137	7663	5485	8086	7192	7888	3808	6663	5286	7615	4097	5007	7339	7729	4448	699	6258	7443	5225	549	7080	5658	4338	389	5483	7597	6287	541	9220
chr14	66286782	66646781	360000	5	0	360000	222988	137012	29913	11167	15226	20170	14442	9498	13076	13787	15228	6311	10540	10247	16893	8954	10249	17286	14921	7806	1355	11849	11940	7686	1199	11707	9571	6740	941	8970	14371	10300	1091	16564
chr14	66646782	66729781	83000	6	0	83000	52277	30723	7568	2729	3244	4837	3505	2245	2973	3196	3373	1438	2189	2449	3932	2089	2272	4237	3676	1815	324	2686	2776	1590	263	2361	2136	1421	243	1982	3330	2164	306	3649
chr14	66729782	66886997	157216	5	0	157216	101137	56079	14669	5027	6554	9868	6266	3760	5257	6033	6637	2560	4018	4384	8545	4295	4621	8641	6397	3258	564	5424	4875	2949	392	4383	3895	2449	328	3566	6149	3943	430	7077
chr14	66886999	66912782	25784	5	0	25784	16698	9086	2500	898	1024	1553	1105	614	829	1096	1139	427	595	743	1230	714	752	1478	1189	524	77	863	814	439	44	689	622	313	54	553	1019	710	81	1094
chr14	66912783	67009782	97000	4	0	97000	63079	33921	9457	3057	4077	6250	3856	2295	3110	3689	4056	1570	2512	2758	5470	2619	2862	5439	3918	1938	322	3363	2825	1513	264	2736	2288	1497	213	2148	3919	2390	273	4314
chr14	67009783	67161782	152000	3	0	152000	95895	56105	13749	4727	6487	8797	6137	3779	5182	5682	6359	2549	4422	4225	7515	4007	4496	7780	6195	3237	530	5100	4851	2814	498	4583	3777	2708	479	3778	5957	3987	485	7126
chr14	67161783	67399782	238000	2	0	238000	143967	94033	20527	7112	9486	12196	8893	6795	9277	8337	8981	4264	7575	6492	10920	5926	6775	10411	9414	5427	1125	8131	8343	5227	1208	8229	6394	5629	1161	6431	9150	6724	1116	10322
chr14	67399783	67554782	155000	1	0	155000	81104	73896	8861	3886	5768	5230	5323	5256	8155	4994	5272	3391	6761	3787	4289	2796	3522	3813	5570	4325	825	4608	7169	6152	1269	7371	5144	5553	1117	5580	5844	5931	789	6647
chr14	67554783	67826782	272000	2	0	272000	153263	118737	18994	7502	10741	11287	9740	8556	12566	8979	10003	5455	10448	6835	9787	6148	7074	9147	10043	7077	1400	9140	11118	7776	1776	11213	8298	7936	1566	8652	10383	9094	1440	11824
chr14	67826783	67982782	156000	3	0	156000	96640	59360	13679	4969	6517	8383	6232	4276	5696	5890	6204	2677	4583	4333	7433	3962	4449	7356	6503	3446	580	5355	5365	3178	517	4896	4179	3053	470	4020	6047	4279	497	6974
chr14	67982783	68358782	376000	4	0	376000	231199	144801	31439	11682	15973	20118	14619	10284	13998	14260	15442	6621	11713	10233	17713	9227	10733	17143	15253	8208	1382	12970	12979	7927	1152	12324	9971	7596	1073	9956	14958	10651	1233	17167
chr14	68358783	68532782	174000	3	0	174000	100287	73713	12296	5098	7446	7693	6514	5189	7618	6303	7305	3445	6299	4523	6418	3698	4491	5949	6759	4191	742	5738	6785	5020	789	6797	5079	4363	637	5241	7001	5817	676	8078
chr14	68532783	68991782	459000	2	0	459000	239444	219556	25658	11786	17834	15049	15569	16237	23733	14941	16624	9930	19192	10773	12475	8285	9947	11409	17334	12748	2779	13378	21225	19688	3859	21530	15156	16075	3054	16211	16765	17791	2376	19587
chr14	68991783	69078782	87000	1	0	87000	48004	38996	5893	2333	3314	3461	3120	2939	4150	2905	3125	1767	3500	2148	2863	1758	2193	2534	3201	2363	446	2787	3819	2849	466	3810	2717	2693	411	2893	3378	3039	457	3666
chr14	69078783	69666782	588000	2	0	588000	327049	260951	39816	16052	22865	23833	21191	19505	27622	19837	21236	11783	22471	14926	20323	12688	14419	18480	22669	15141	3058	19161	24402	18817	3995	24472	18619	17755	3708	18738	22465	19973	2971	25007
chr14	69666783	69862782	196000	3	0	196000	109086	86914	13423	5449	7754	7877	7253	6601	9075	6628	7166	4090	7542	4810	6660	3952	4631	6173	7675	5149	1008	6260	8321	6394	1216	8215	6193	5761	1045	6069	7369	6842	939	8458
chr14	69862783	69983782	121000	4	0	121000	66517	54483	7250	3234	5041	4648	4363	3949	5637	4413	4693	2529	4800	3213	3867	2315	2955	3609	4700	3125	549	3653	5205	4187	696	5204	3853	3483	585	4007	4603	4497	566	5569
chr14	69983783	70307782	324000	5	0	324000	184691	139309	21434	9013	13813	14098	12235	9954	14066	12041	13248	6617	11790	8634	11441	6851	8156	11299	12767	7959	1555	10154	12899	9837	1616	13051	9929	8263	1365	9624	12701	11344	1248	14996
chr14	70307783	70507782	2e+05	4	0	2e+05	119143	80857	15558	6109	8317	9610	8057	5602	7945	7540	7913	3794	6359	5529	8066	4941	5310	8493	8066	4857	914	6608	7446	5019	890	7147	5785	4447	729	5352	7847	6179	745	8824
chr14	70507783	71304782	797000	3	0	797000	466144	330856	59846	23201	32671	37252	30081	23947	33045	29008	31193	15273	27380	21221	31849	18383	20970	30822	31832	19176	3852	25944	30539	21343	4165	29594	22904	19562	3692	23186	30806	25560	3359	35342
chr14	71304783	71634782	330000	4	0	330000	200276	129724	28342	10185	13483	17080	12618	9452	12879	11980	13043	5894	10531	8740	15088	8245	8869	13846	13452	7310	1584	11430	11451	7221	1507	11054	9136	7118	1341	8911	12890	9583	1368	14367
chr14	71634783	71940782	306000	3	0	306000	179612	126388	23457	8956	12863	14422	11869	8911	12693	10994	12261	6019	10546	8252	12110	6747	8129	11382	11981	7320	1405	9927	11538	8020	1454	11227	8878	7245	1294	9020	12070	9654	1297	14057
chr14	71940783	72093782	153000	4	0	153000	92260	60740	12106	4606	6443	7803	5979	4384	5889	5908	6292	2867	4971	4167	6581	3638	4155	6470	6321	3465	697	5013	5503	3498	542	5309	4314	3186	484	4110	6022	4702	547	7026
chr14	72093783	72152245	58463	5	0	58463	34472	23991	4179	1848	2504	2732	2252	1690	2427	2296	2415	1170	2002	1602	2417	1323	1558	2056	2397	1395	285	1954	2245	1493	181	2089	1709	1245	152	1656	2314	1875	208	2792
chr14	72152248	72156707	4460	5	0	4460	2426	2034	259	140	160	173	154	146	260	141	173	99	144	126	147	98	83	122	168	137	35	142	196	174	28	191	139	125	20	136	198	153	13	178
chr14	72156712	72167052	10341	5	0	10341	6085	4256	729	326	420	506	399	368	400	413	470	197	341	251	383	234	257	390	454	273	61	337	414	248	42	365	303	216	40	243	409	332	45	473
chr14	72167054	72169341	2288	5	0	2288	1296	992	124	54	87	113	75	74	95	77	83	44	85	58	97	60	74	94	86	62	15	69	94	89	10	93	63	56	9	76	78	79	10	103
chr14	72169344	72172779	3436	5	0	3436	2095	1341	230	96	149	185	130	124	114	152	127	53	106	110	172	101	100	145	164	81	18	110	110	71	7	119	113	64	5	82	133	91	14	158
chr14	72172789	72190344	17556	5	0	17556	10173	7383	1167	494	742	809	699	542	757	683	707	355	623	469	639	400	444	641	732	397	77	585	641	501	61	657	580	408	60	530	730	554	76	794
chr14	72190346	72190375	30	5	0	30	16	14	1	0	0	2	1	1	1	2	0	2	1	1	1	0	1	1	0	1	0	2	3	3	0	0	0	0	0	0	1	2	0	1
chr14	72190377	72397791	207415	5	0	207415	122158	85257	14871	6034	8546	10040	7884	6310	8352	8129	8358	4018	7164	5677	8378	4673	5525	8198	8495	4834	975	6731	7914	5614	810	7474	6023	4758	649	5762	8243	6607	746	9621
chr14	72397792	72689791	292000	4	0	292000	159517	132483	17305	7834	11880	11152	10419	9565	13973	10729	11549	6227	11734	7710	8897	5390	6828	8323	11043	7683	1559	8732	12775	10395	1698	12610	9439	8409	1323	9597	11429	10991	1324	13476
chr14	72689792	72825791	136000	3	0	136000	73287	62713	8089	3490	5287	4984	4783	4737	6617	4839	4954	2908	5575	3477	4024	2491	3145	3886	5147	3650	759	4069	6145	5146	847	5969	4623	4219	698	4526	5062	5092	700	6060
chr14	72825792	72941791	116000	2	0	116000	62627	53373	7706	3101	4391	4365	4181	4064	5431	3760	4261	2276	4747	2864	3415	2235	2635	3193	4323	3080	745	3528	5193	4106	1008	4968	3655	3841	973	3805	4266	4248	730	4904
chr14	72941792	73105791	164000	1	0	164000	90078	73922	12206	4453	5754	6400	5836	5761	7816	4858	5395	3132	6738	4163	5376	3516	3837	4837	5854	4503	1125	5380	7134	4817	1506	6836	5061	5569	1410	5297	6222	5405	1169	6632
chr14	73105792	73174791	69000	2	0	69000	40075	28925	5669	2059	2614	3166	2567	2159	2880	2174	2475	1241	2542	1755	2797	1670	1790	2515	2636	1710	445	2338	2628	1690	523	2521	1921	1936	529	2034	2595	2026	459	2934
chr14	73174792	73413546	238755	1	0	238755	134715	104040	17960	6538	8616	10337	8469	7940	10875	7585	7965	4509	8986	5899	9057	5465	5949	8563	9138	6192	1334	7790	9686	7358	2011	9394	7134	7500	1640	7504	8911	7399	1311	9738
chr14	73413561	73413572	12	1	0	12	4	8	0	0	0	0	1	0	2	0	0	0	0	0	0	0	0	0	0	0	0	0	2	0	0	1	0	3	0	1	0	0	0	0
chr14	73413582	73446478	32897	1	0	32897	19222	13675	2876	930	1099	1589	1272	1071	1405	1016	1021	577	1265	847	1325	798	861	1268	1226	796	190	1165	1302	737	236	1169	959	1002	221	962	1278	909	189	1334
chr14	73446480	73458029	11550	1	0	11550	6804	4746	1048	350	395	571	423	313	458	318	363	194	435	302	530	303	324	477	385	283	75	417	423	301	103	435	309	312	92	315	394	365	90	445
chr14	73458031	73467245	9215	1	0	9215	5098	4117	646	254	394	358	316	274	386	286	369	175	371	202	321	180	251	314	320	233	51	280	352	297	119	383	283	287	82	312	307	334	49	427
chr14	73467247	73491276	24030	1	0	24030	13129	10901	1774	629	796	995	897	780	1086	769	757	467	1044	625	766	507	592	645	860	636	150	737	1015	730	267	979	724	874	261	773	933	751	180	1029
chr14	73491278	73633820	142543	1	0	142543	75883	66660	9634	3884	5070	4993	5101	4952	7125	4153	4492	2904	5940	3472	4354	2871	3355	3582	4858	4189	930	4634	6598	4709	1446	6187	4613	5200	1519	4968	5263	4842	1002	5701
chr14	73633822	74077796	443975	1	0	443975	245550	198425	32981	11837	16031	17808	15808	14630	20984	13441	14547	8510	18010	11049	15321	9482	10843	14268	15704	11746	2587	14422	18753	13478	3870	18714	13807	14998	3665	14564	16599	14594	2754	18168
chr14	74077797	74329796	252000	2	0	252000	137887	114113	17671	6731	9210	10041	8994	8391	11993	7761	8558	4975	10371	6304	8430	5171	6141	7144	9014	6737	1373	8144	10871	8509	2200	10687	7750	8420	1873	8327	9505	8601	1544	10557
chr14	74329797	74490796	161000	3	0	161000	85891	75109	10292	4084	5955	5784	5561	5655	8233	5029	5507	3185	6969	3973	4755	3094	3685	4130	5775	4443	822	4978	7234	5910	1273	7402	5433	5598	997	5610	6036	5868	876	6852
chr14	74490797	74848796	358000	2	0	358000	195250	162750	23385	9431	13478	13811	12364	11951	17465	11689	12635	7257	14513	8834	11722	7452	8272	10990	13163	9586	1998	11344	15708	12736	2673	15456	11138	11658	2377	11673	13459	12593	1932	15255
chr14	74848797	75238796	390000	1	0	390000	212604	177396	26010	10429	14788	14964	13844	13100	18875	12234	13673	7817	15786	9697	12664	8100	9331	11291	14420	10317	2335	12375	16766	13004	3291	16734	12326	12993	2822	13039	14541	13482	2318	16632
chr14	75238797	75487660	248864	2	0	248864	133034	115830	14940	6537	9475	9120	8714	8522	12321	8230	8972	5166	10341	6078	7446	4722	5702	6746	9104	6823	1532	7488	11114	9091	2071	11109	8237	8394	1771	8538	9332	9077	1444	10705
chr14	75488023	75777156	289134	2	0	289134	166025	123109	20801	8340	12099	12634	10832	8639	12415	10153	11400	5697	10758	7554	10841	6295	7538	10028	11039	7141	1432	9359	11338	8283	1576	11391	8389	7623	1344	8784	11272	9541	1320	13276
chr14	75777157	75930156	153000	3	0	153000	91859	61141	12357	4662	6338	7587	5767	4536	6128	5458	6241	2766	4907	4160	6579	3749	4244	6379	6293	3421	730	5269	5352	3569	720	5264	4188	3424	619	4217	6055	4491	661	6867
chr14	75930157	76066156	136000	4	0	136000	77127	58873	9434	3868	5592	5738	4948	4273	6061	4732	5338	2715	5054	3594	4911	2806	3443	4618	5086	3392	717	4467	5534	4062	809	5412	4176	3680	686	4150	5218	4683	680	6121
chr14	76066157	76133156	67000	3	0	67000	34047	32953	3162	1614	2608	2052	2160	2496	3732	2225	2478	1542	3022	1622	1637	1032	1354	1309	2458	1796	488	1942	3100	2875	550	3238	2522	2429	443	2448	2534	2663	379	3088
chr14	76133157	76582156	449000	4	0	449000	243998	205002	27712	11855	17443	17150	15845	15406	21892	14930	16573	9338	18313	11091	14030	8883	10396	13141	17142	11899	2495	13946	19378	16311	3090	19627	14607	13939	2606	14645	16946	16257	2286	19826
chr14	76582157	76682156	1e+05	3	0	1e+05	54999	45001	6108	2685	3906	3960	3547	3489	4712	3493	3679	2108	4103	2634	3325	1901	2382	2966	3812	2676	554	3140	4293	3333	645	4265	3211	2935	435	3177	3925	3592	486	4521
chr14	76682157	76818156	136000	2	0	136000	72863	63137	8497	3494	5279	4973	4711	4499	6707	4356	4983	2852	5476	3392	4053	2704	3126	3759	5016	3598	827	4108	5976	5217	1237	5873	4324	4565	1093	4600	4958	4923	815	6007
chr14	76818157	77357156	539000	1	0	539000	273531	265469	29412	12750	19649	16633	17726	19807	28807	16468	18007	11580	24589	12617	13298	9238	11356	11592	18869	15295	3501	15710	25910	23934	5258	26263	18709	20922	4768	19537	19321	21214	3367	22891
chr14	77357157	77675156	318000	2	0	318000	180295	137705	24060	8949	11960	13566	11623	10469	14266	10272	10978	6033	12186	8211	11874	7267	8028	10553	12195	8138	1825	10560	12902	8545	2420	12471	9550	9566	2266	9858	11983	10089	1785	13550
chr14	77675157	77844156	169000	3	0	169000	95176	73824	12709	4640	6194	7168	6192	5512	7696	5280	5593	3234	6699	4409	6217	3815	4403	5415	6072	4411	957	5760	7016	4650	1280	6789	5133	5294	1184	5341	6459	5381	993	7102
chr14	77844157	77940156	96000	4	0	96000	49925	46075	4878	2456	3603	3066	3284	3579	5161	3155	3200	2148	4140	2381	2641	1742	2123	2366	3591	2824	537	2973	4663	4002	592	4480	3279	3374	510	3381	3648	3537	491	4193
chr14	77940157	78046156	106000	5	0	106000	59256	46744	7031	2845	4033	4534	3919	3422	4878	3791	3961	2221	4140	2774	3531	2077	2649	3449	4066	2730	497	3271	4579	3409	607	4322	3224	3080	542	3320	4141	3698	470	4787
chr14	78046157	78147156	101000	6	0	101000	57344	43656	6542	2766	4227	4403	3756	3169	4529	3796	3947	2062	3746	2670	3693	2130	2478	3429	3919	2619	404	3185	4315	3073	442	4077	3072	2697	334	3092	3944	3518	338	4626
chr14	78147157	78242156	95000	7	0	95000	51891	43109	5452	2521	3976	3515	3348	3300	4390	3443	3698	1983	3970	2492	2965	1801	2380	2656	3659	2534	426	2986	4109	3430	483	4207	3028	2675	382	3046	3685	3590	391	4477
chr14	78242157	78362173	120017	8	0	120017	68428	51589	7823	3374	5149	5259	4569	3750	5240	4393	4870	2404	4442	3237	4344	2564	3107	3901	4773	2915	570	3834	4663	3769	477	4907	3751	2928	394	3655	4766	4204	441	5542
chr14	78362174	78362240	67	9	0	67	56	11	48	0	0	0	1	0	0	0	0	2	4	0	0	0	0	0	0	0	1	1	0	0	1	0	0	0	1	1	1	1	1	2
chr14	78362241	78405156	42916	8	0	42916	26639	16277	3558	1291	1865	2393	1689	1212	1536	1601	1756	741	1318	1239	2103	1057	1235	2043	1759	907	141	1494	1433	847	134	1378	1146	814	86	1084	1700	1224	131	1999
chr14	78405157	78783156	378000	9	0	378000	224301	153699	26667	10886	16459	18549	14535	10855	14976	14635	15658	7251	13370	10645	15700	8562	10707	14845	14871	8730	1444	12509	13786	9442	1173	13923	10981	8168	1023	10724	15363	11984	1222	18355
chr14	78783157	78844156	61000	10	0	61000	37750	23250	5045	1869	2718	3357	2523	1632	2126	2379	2625	1064	1909	1673	2795	1496	1661	2876	2566	1292	223	1980	1987	1238	194	1973	1659	1128	160	1579	2448	1734	207	2882
chr14	78844157	78888156	44000	9	0	44000	27883	16117	3550	1328	1895	2676	1624	1135	1540	1765	1895	716	1271	1281	2380	1223	1236	2367	1801	896	151	1554	1336	836	118	1359	1088	720	75	1019	1838	1197	118	2010
chr14	78888157	79196156	308000	10	0	308000	190575	117425	24960	9241	13466	17011	12027	8394	10896	12443	13392	5525	9437	8689	14299	7559	8677	14557	12626	6545	1314	10234	10074	6347	857	10001	8413	5451	779	7739	12647	8936	960	14502
chr14	79196157	79371156	175000	9	0	175000	106839	68161	13698	5257	7639	9290	6607	5116	6357	6831	7544	3086	5615	4874	8036	4072	4833	7983	7141	3907	735	5748	5874	3805	631	5906	4832	3317	639	4506	7064	5186	585	8284
chr14	79371157	79855156	484000	10	0	484000	298318	185682	38819	14793	20550	26504	19058	13381	17466	19250	20252	8780	15226	13509	22536	11822	13884	22486	20202	10257	2005	16312	15862	10037	1599	15423	13415	8904	1246	12653	19676	13723	1630	22738
chr14	79855157	80051156	196000	9	0	196000	122148	73852	16607	6147	8439	10952	7971	5139	6853	7855	8534	3466	5824	5759	9034	4816	5743	9007	8073	4103	775	6617	6393	3829	564	5979	5260	3344	429	4903	8092	5489	642	9360
chr14	80051157	80285156	234000	8	0	234000	146961	87039	19621	7176	10145	13885	9582	6163	7801	9449	10138	4173	6898	6555	11486	5540	6684	11664	9626	4934	841	7651	7789	4544	561	7128	6026	3960	448	5766	9553	6584	644	10983
chr14	80285157	80508557	223401	7	0	223401	137896	85505	18237	6925	9570	12278	8860	6089	7954	8908	9402	4069	6553	6231	10511	5558	6250	10501	9290	4870	917	7564	7579	4805	766	7137	5931	4215	620	5554	9011	6397	775	10072
chr14	80508558	80533155	24598	7	0	24598	15471	9127	2148	775	1025	1422	986	582	913	948	1052	444	710	692	1184	637	740	1211	1003	510	81	844	801	476	51	741	622	424	54	622	1003	659	54	1182
chr14	80533156	80867155	334000	8	0	334000	213258	120742	30441	10707	13923	20370	13317	8566	11013	13150	14135	5650	9039	9275	17549	8790	9739	17592	14287	6731	1356	11339	10121	5944	1009	9596	8253	5392	888	7727	13385	8603	1059	15052
chr14	80867156	81024155	157000	7	0	157000	96564	60436	13132	4903	6568	8597	6246	4281	5735	6046	6433	2850	4744	4518	7388	3987	4268	6867	6567	3518	623	5313	5307	3494	651	4914	4145	2880	559	3919	6289	4474	613	7169
chr14	81024156	81151155	127000	6	0	127000	78428	48572	10714	3903	5329	7115	5205	3400	4611	5011	5387	2290	3960	3606	5756	3001	3395	5744	5174	2728	459	4233	4332	2625	392	4005	3426	2355	389	3210	5295	3646	456	5846
chr14	81151156	81552155	401000	5	0	401000	237497	163503	31026	12184	16411	19529	15360	11927	16317	14339	15702	7649	13399	10515	17062	9620	10582	15873	16231	9533	2095	13521	14603	9932	2251	14009	11349	9357	1972	11384	15760	11973	1738	17795
chr14	81552156	81639155	87000	6	0	87000	51018	35982	6445	2496	3607	4251	3314	2588	3637	3121	3451	1710	3023	2344	3589	1901	2267	3273	3414	2097	417	2767	3288	2362	422	3154	2564	2050	348	2570	3394	2716	375	4043
chr14	81639156	81722155	83000	7	0	83000	48940	34060	6305	2444	3599	3978	3257	2490	3311	2939	3346	1571	2973	2207	3418	1801	2219	3082	3283	1910	382	2731	3103	2066	395	2941	2443	1923	363	2421	3167	2606	316	4008
chr14	81722156	81889155	167000	8	0	167000	101875	65125	13086	5043	7227	9004	6622	4541	6243	6583	7142	3130	5303	4571	7510	3886	4638	7346	6694	3697	647	5562	5900	3714	466	5592	4615	3302	452	4336	6779	4959	487	7921
chr14	81889156	82052155	163000	9	0	163000	101390	61610	13465	5082	6987	9323	6686	4295	5840	6555	7000	2898	4812	4624	7706	3973	4573	7570	6791	3418	543	5496	5491	3335	382	5070	4341	2923	343	4143	6754	4602	474	7503
chr14	82052156	87391719	5339564	10	0	5339564	3408736	1930828	472357	165709	225176	331279	215431	137404	174753	214387	228819	90421	149613	150990	277914	135459	150535	288488	227143	104983	20420	176447	161670	93529	15199	153057	135429	85161	12980	124966	217734	139782	16720	245607
chr14	87391720	87391825	106	9	0	106	38	68	4	1	1	1	1	5	3	1	1	2	6	6	2	1	1	0	1	4	3	1	5	5	9	5	1	10	6	3	4	5	4	2
chr14	87391827	87391996	170	9	0	170	67	103	7	1	2	4	3	5	9	1	2	4	13	2	2	5	6	1	3	1	3	8	6	8	9	6	5	12	9	10	4	8	3	6
chr14	87391997	87399062	7066	10	0	7066	4641	2425	685	225	317	494	289	172	226	269	333	105	193	196	414	159	184	379	284	126	25	226	198	93	11	186	167	106	10	165	307	163	14	343
chr14	87399064	87399081	18	10	0	18	14	4	2	0	0	3	2	0	1	0	1	0	0	0	0	0	0	3	0	0	0	1	0	0	0	0	2	0	0	0	1	0	0	0
chr14	87399083	87745155	346073	10	0	346073	211520	134553	26786	10210	14659	18935	13558	9819	12996	13845	14621	6497	11080	9757	15626	8051	9196	15883	14405	7489	1408	11275	11920	7527	1135	11252	9617	6601	906	9062	14276	10218	1119	16342
chr14	87745156	87936155	191000	9	0	191000	112934	78066	13695	5669	8184	9354	7393	5697	7830	7356	8005	3760	6562	5194	7809	4140	4942	7343	7795	4466	796	6209	7193	4952	650	6896	5486	4153	509	5440	7802	6120	625	8973
chr14	87936156	88295155	359000	8	0	359000	212786	146214	26516	10635	15080	17582	14023	10714	14370	13786	14921	6864	12006	9985	14353	8189	9657	14103	14654	8246	1564	11939	13445	8981	1472	12713	10490	7789	1225	9920	14305	11595	1335	16541
chr14	88295156	88472155	177000	7	0	177000	107196	69804	14391	5460	7176	9427	7138	4944	6743	6613	7155	3317	5508	4966	7770	4187	4800	7599	7201	4095	783	5829	6325	4185	772	5851	4873	3541	734	4668	7039	5312	717	7879
chr14	88472156	89154155	682000	6	0	682000	405533	276467	53227	20274	27719	33906	26056	20159	27470	24843	26753	12742	22749	18195	29089	16141	17712	28496	27456	16097	3276	22487	25167	17210	3372	24134	19362	15640	2927	18899	26543	20936	2831	30130
chr14	89154156	89383155	229000	7	0	229000	127553	101447	15432	6553	9024	9119	8200	8244	10410	7938	8702	4641	8561	5869	7794	4803	5233	7030	9083	6438	1546	7174	9844	7136	1624	9063	7126	6297	1276	7065	8738	7797	1312	9926
chr14	89383156	89530155	147000	6	0	147000	79810	67190	10053	4071	5579	5627	5364	4962	6968	4752	5343	3031	5903	3672	4570	2880	3237	3797	5403	4000	1023	4518	6322	5007	1398	6114	4728	4783	1212	4731	5593	5050	983	6324
chr14	89530156	89736155	206000	7	0	206000	118329	87671	15189	5813	8104	9360	7669	6526	8575	7278	7770	3989	7514	5565	7838	4495	5333	7309	7846	5196	1218	6563	8210	5804	1354	7789	6014	5531	1215	6092	7978	6626	1153	9082
chr14	89736156	89951155	215000	6	0	215000	127184	87816	16366	6242	8626	10760	7932	6350	8719	8130	8630	4104	7263	5835	9067	4951	5612	8595	8466	4998	1135	7048	8082	5485	1113	7609	6063	5101	932	5952	8520	6705	996	9611
chr14	89951156	90144155	193000	5	0	193000	109715	83285	13521	5604	7688	8354	7082	6169	8499	6895	7302	3824	7051	4938	7262	4195	4774	6555	7490	4860	1132	6310	7741	5575	1290	7448	5986	5279	1148	5911	7429	6340	1002	8344
chr14	90144156	90297155	153000	4	0	153000	84821	68179	10283	4162	5900	6264	5689	4916	7226	5444	5677	3212	5915	3931	4960	3100	3519	4621	5758	4011	892	4729	6475	4792	1054	6335	4985	4655	904	4854	6057	5198	838	6642
chr14	90297156	90660155	363000	3	0	363000	192915	170085	22236	9464	13483	13267	12324	12701	18579	11789	12878	7700	14758	8818	11011	6622	7783	9500	13231	9749	2436	11071	16353	13691	3169	16135	12149	12681	2846	12420	13661	13227	2289	14977
chr14	90660156	90894155	234000	4	0	234000	130349	103651	16221	6284	9126	9627	8219	7823	10818	7879	8711	4678	8883	5861	8107	4828	5556	7727	8913	6010	1404	7287	9608	7450	1831	9484	7288	7119	1564	7559	8930	7795	1355	10053
chr14	90894156	91107155	213000	3	0	213000	127201	85799	17583	6278	8653	10557	8018	6212	8498	7606	8187	3871	7290	5698	9283	5130	5725	8610	8336	4949	1024	7182	7763	4858	1044	7591	6019	5049	1029	5909	8216	6400	945	9485
chr14	91107156	91478155	371000	2	0	371000	191321	179679	21755	9503	13295	11940	12459	13890	19693	11313	12217	8002	16002	8596	10062	6703	7632	8257	13579	10718	2832	10969	17375	14778	3840	17151	12841	14022	3353	13404	13560	13626	2533	15098
chr14	91478156	92031155	553000	3	0	553000	328314	224686	45005	16379	22305	27172	21050	16333	22192	19570	21601	10110	18670	14774	23205	12978	14400	22569	21762	13055	2711	18272	20723	13807	2979	19612	15337	13368	2683	15222	21323	16891	2479	24461
chr14	92031156	92240155	209000	4	0	209000	119670	89330	16268	5946	7956	9296	7705	6510	8994	7018	7507	3837	7754	5523	7986	4897	5252	7219	7692	5389	1202	6907	8445	5749	1508	8075	6141	6015	1376	6210	7949	6624	1284	8764
chr14	92240156	92503155	263000	5	0	263000	138077	124923	14064	6877	10008	9062	9070	9566	13589	8935	9588	5926	10970	6400	7290	4667	5686	6377	10183	7346	1765	7742	12131	10374	2046	12063	8937	8791	1619	9041	9909	10103	1466	11407
chr14	92503156	92540369	37214	4	0	37214	18535	18679	1844	890	1345	1030	1177	1398	2037	1163	1259	888	1617	847	828	641	781	788	1369	1060	273	1115	1811	1829	417	1784	1251	1482	350	1327	1344	1470	242	1555
chr14	92540370	92665154	124785	4	0	124785	64293	60492	6547	3292	4544	3942	4233	4681	6840	4134	4235	2781	5157	2937	3310	2138	2583	2939	4774	3596	782	3740	6008	5337	997	5858	4518	4573	783	4414	4588	4694	716	5112
chr14	92665155	92847154	182000	3	0	182000	99925	82075	12387	4909	6917	7078	6434	6362	8645	5985	6341	3782	7146	4552	6129	3702	4335	5219	6814	4828	1220	5893	7866	5868	1397	7494	5844	5812	1331	5887	6902	6117	1032	7770
chr14	92847155	93013154	166000	2	0	166000	81430	84570	7556	3965	5673	4673	5117	6433	9656	5363	5413	3872	7446	3771	3781	2494	3036	3179	6103	4777	1300	4584	8329	8142	1811	8266	6104	6838	1484	6330	6033	6791	1047	6631
chr14	93013155	93207886	194732	1	0	194732	96707	98025	10481	4579	6597	5614	6142	7671	10984	5402	6007	4293	8731	4352	4641	3193	3672	4348	6689	5945	1435	5667	9580	8888	2368	9660	6981	8276	2003	7148	6949	7385	1540	7509
chr14	93207887	93235153	27267	1	0	27267	14983	12284	2031	737	975	1114	928	913	1275	857	957	542	1079	675	941	592	602	763	965	757	211	851	1173	857	279	1114	845	876	263	840	990	933	203	1127
chr14	93235154	93342153	107000	2	0	107000	63504	43496	8949	3239	4198	5154	3920	3235	4496	3624	3972	2022	3616	2696	4700	2719	2917	4046	4335	2542	553	3785	3819	2475	652	3710	3016	2631	595	3076	4104	3008	538	4656
chr14	93342154	93424153	82000	3	0	82000	49838	32162	6794	2549	3480	4213	3359	2252	3095	2925	3408	1526	2591	2308	3476	1863	2263	3734	3214	1941	318	2717	2971	1866	295	2831	2161	1682	245	2088	3285	2474	280	3794
chr14	93424154	93560153	136000	4	0	136000	84750	51250	11974	4166	5817	7878	5490	3519	4750	5166	5595	2402	4015	3812	6776	3251	3759	6380	5506	2792	546	4494	4466	2739	552	4223	3632	2596	450	3428	5321	3853	456	6194
chr14	93560154	93688153	128000	5	0	128000	76165	51835	9710	3805	5283	6336	4902	3638	5107	4900	5099	2466	4320	3602	5422	2954	3512	5108	4989	2953	665	4256	4643	3040	571	4500	3721	2829	478	3702	5194	3932	597	5764
chr14	93688154	93840153	152000	6	0	152000	77540	74460	7459	3624	5631	4864	4988	5766	8129	5119	5262	3514	6582	3625	3869	2435	3080	3592	5624	4276	1062	4377	7236	6706	1427	7170	5439	5603	1138	5418	5703	5954	869	6457
chr14	93840154	94115784	275631	5	0	275631	139687	135944	13162	6730	10552	8348	9273	9924	15078	9028	9545	6427	12243	6477	6812	4561	5628	5897	10047	7728	1838	8030	13209	12337	2424	13467	9798	10263	1889	10222	10249	11109	1551	11783
chr14	94115794	94518162	402369	5	0	402369	230802	171567	27476	11270	16277	18304	14764	12997	17685	14827	16028	8206	14299	10607	15059	8335	9840	14828	16453	9757	1925	12673	15801	12428	2122	15495	12201	10175	1657	11739	15818	13487	1640	18194
chr14	94518163	94658026	139864	4	0	139864	72982	66882	6849	3493	5333	4664	4788	5431	7365	4880	5169	3225	6095	3508	3531	2336	2915	3398	5472	4057	807	4149	6802	5613	864	6447	4784	4454	661	4775	5406	5602	652	6337
chr14	94658027	94658080	54	4	0	54	11	43	0	0	0	0	0	1	2	1	0	2	3	1	0	0	0	0	1	1	1	0	1	8	6	2	2	7	6	1	1	2	1	2
chr14	94658081	95072162	414082	4	0	414082	220843	193239	24817	10587	15538	15120	14434	15363	20488	14115	14753	8973	16921	10256	12058	7439	8782	11199	16290	11367	2723	11981	18675	15724	3299	18218	13933	13536	2753	13835	15502	15289	2417	17695
chr14	95072163	95382162	310000	3	0	310000	172690	137310	20763	8665	12326	12618	11000	10516	14314	11059	11803	6355	11289	7884	10806	6380	6961	9951	12424	7909	2016	9566	12971	10394	2072	12485	9889	8776	1888	9587	11604	10843	1632	13252
chr14	95382163	95601162	219000	4	0	219000	113430	105570	11415	5518	8035	7054	7251	8171	11572	7513	7427	4861	9301	5442	5928	3765	4582	5593	8300	6094	1508	6413	10294	8916	2007	9941	7737	7741	1602	7986	8176	8407	1297	9151
chr14	95601163	95791162	190000	5	0	190000	103542	86458	11268	5044	7676	7091	6752	6477	9211	6857	7205	4072	7750	4992	5855	3604	4295	5392	7401	4974	1045	5777	8227	6551	1143	8291	6267	5654	922	6186	7402	7033	906	8678
chr14	95791163	95841162	50000	6	0	50000	27834	22166	3002	1341	2090	2027	1830	1633	2374	1878	2057	1101	2025	1288	1570	888	1209	1519	1934	1234	217	1578	2079	1654	189	2058	1618	1306	173	1655	2085	1786	193	2407
chr14	95841163	96007162	166000	5	0	166000	91449	74551	9844	4439	6750	6526	5979	5485	7874	6246	6436	3567	6542	4367	5300	3182	3877	5035	6522	4153	901	5097	7015	5694	969	6836	5549	4594	787	5520	6498	6071	753	7590
chr14	96007163	96524162	517000	4	0	517000	288594	228406	34879	14330	19899	21724	18718	17125	23881	18090	19073	10436	19560	13343	18162	10698	11997	16677	20201	13042	3205	16141	21507	16620	3639	20819	16436	15087	3082	16215	19670	17836	2744	22162
chr14	96524163	96649162	125000	5	0	125000	70510	54490	8947	3547	5032	5325	4500	3994	5641	4196	4718	2574	4634	2990	4686	2647	3013	4065	4826	3099	746	4091	5062	4065	871	4907	3831	3521	690	3864	4612	4221	625	5458
chr14	96649163	96850162	201000	6	0	201000	113857	87143	13608	5653	8106	8804	7487	6609	8949	7212	7788	4058	7438	5182	7288	4131	4785	6758	8005	4954	1159	6333	8023	6199	1166	7947	6483	5272	1018	6117	7747	6909	929	8881
chr14	96850163	96986162	136000	7	0	136000	78800	57200	9723	3932	5515	6398	5032	4269	5858	5184	5437	2783	4727	3486	5378	2872	3340	4864	5547	3226	729	4354	5297	3850	660	5044	4203	3330	555	3972	5296	4445	622	6070
chr14	96986163	97221162	235000	8	0	235000	131315	103685	14598	6344	9670	9774	8460	8090	10663	9046	9456	4961	8901	6393	7871	4545	5227	7315	9664	5847	1338	7091	9699	7702	1317	9365	7592	6113	1107	7138	9304	8421	1120	10866
chr14	97221163	97657162	436000	9	0	436000	254004	181996	30452	12371	18505	20791	16871	13975	18071	16991	18070	8947	15452	11753	16725	8958	10312	15759	17981	10187	2316	13767	16462	11462	2045	15889	13651	9954	1630	12429	17814	14255	1899	20254
chr14	97657163	97801162	144000	10	0	144000	83842	60158	9984	4221	5944	6614	5559	4373	6174	5562	5857	3029	5074	3876	5362	2978	3653	5580	5938	3413	704	4546	5464	3812	630	5315	4432	3366	501	4201	5834	4630	589	6783
chr14	97801163	98626162	825000	9	0	825000	483505	341495	57939	23301	34683	39456	31394	25727	34015	32671	34171	16730	29055	22697	31875	17402	20431	31958	34209	18977	3875	26099	30840	21798	3421	30330	24903	18555	2630	23204	33854	27059	3188	38551
chr14	98626163	98777162	151000	8	0	151000	89442	61558	11155	4221	6360	7550	5705	4598	6115	5807	6221	2968	5114	4309	6204	3177	3837	6100	6182	3404	757	4621	5486	3822	618	5491	4540	3286	488	4250	6017	4904	627	7064
chr14	98777163	98931162	154000	7	0	154000	83744	70256	8757	4030	6138	5904	5454	5530	7447	5788	6020	3425	6156	3963	4598	2669	3334	4531	6108	3991	939	4615	6707	5477	941	6474	5208	4507	738	4985	6196	5623	744	7001
chr14	98931163	99055162	124000	6	0	124000	66386	57614	7153	3101	4961	4575	4341	4403	6006	4420	4799	2733	5004	3177	3497	2198	2609	3408	4798	3293	758	3586	5653	4816	905	5459	4040	3895	704	3993	4680	4828	663	5542
chr14	99055163	99172162	117000	5	0	117000	63462	53538	7228	3053	4579	4593	4150	3983	5695	3993	4423	2542	4723	2853	3652	2114	2475	3405	4445	3081	764	3402	5183	4266	862	4969	3762	3699	710	3852	4431	4234	628	5249
chr14	99172163	99273162	101000	4	0	101000	49328	51672	5447	2312	3687	2979	3061	3849	5464	3005	3623	2328	4243	2139	2294	1399	1674	1823	3612	2769	968	2539	4771	5305	1554	4766	3714	4181	1369	3790	3283	4141	936	3973
chr14	99273163	99387162	114000	3	0	114000	59128	54872	6438	2770	4098	3908	3827	4590	5786	3727	3920	2563	4813	2701	3028	1857	2193	2908	4542	3110	872	3256	5192	4794	1168	5102	3934	4033	1036	3835	4262	4320	718	4697
chr14	99387163	99484162	97000	2	0	97000	54979	42021	7035	2894	3933	4105	3406	3235	4348	3175	3673	2009	3408	2332	3854	2152	2274	3144	3904	2392	750	3244	3576	2889	811	3666	2937	2582	801	3046	3747	3079	590	4007
chr14	99484163	99533162	49000	1	0	49000	24406	24594	2551	1199	1657	1495	1478	1898	2808	1511	1597	1071	1989	1005	1277	890	924	1055	1825	1422	385	1426	2408	2537	558	2359	1802	2066	406	1737	1660	1837	309	1856
chr14	101271792	101271843	52	8	0	52	32	20	2	3	2	3	6	0	1	2	1	3	0	2	1	0	2	2	2	2	0	2	5	1	0	0	1	0	0	1	1	3	0	2
chr15	19794748	20029246	234499	9	0	234499	141518	92981	19384	6943	9534	12229	9360	7691	8895	9315	10403	4221	7683	6543	8944	4851	5703	9817	10410	4867	1055	7374	7946	5376	1092	7463	6923	4746	1083	5796	9982	6888	798	11182
chr15	20029247	20143246	114000	8	0	114000	61945	52055	7020	2825	4017	4587	4122	3810	5966	4457	3842	2338	4148	2910	3466	2170	2354	3912	4449	3004	590	3100	5881	3711	723	4568	3527	4533	503	4227	4498	3635	516	4589
chr15	20143247	20303246	160000	9	0	160000	87202	72798	11096	4274	5722	6255	5718	5642	7896	5127	5428	3241	6363	3937	5105	3121	3661	4615	6032	4350	903	4993	6917	5426	1284	6910	5321	5360	1184	5149	6113	5401	863	6591
chr15	20303247	20435246	132000	10	0	132000	77569	54431	10078	3614	4915	6890	5153	3855	5643	5451	5002	2389	4110	3696	5264	2884	3153	5471	5338	3029	642	3733	5564	3496	625	4512	3789	3995	508	4002	5411	3677	535	5574
chr15	20435247	20510848	75602	9	0	75602	42950	32652	5950	2264	2727	3231	2735	2702	3433	2488	2725	1464	2706	1921	2762	1694	1682	2464	3165	1922	595	2442	2967	1976	665	2745	2315	2178	614	2251	2912	2277	518	3110
chr15	20510852	20511050	199	9	0	199	94	105	8	5	6	8	10	7	16	1	6	3	8	3	3	3	2	4	3	8	1	5	12	7	3	11	13	13	0	8	6	5	0	9
chr15	20511058	20513058	2001	9	0	2001	1048	953	119	50	75	57	59	78	103	64	64	30	93	45	58	47	51	54	72	50	13	70	95	81	14	90	66	82	8	80	71	67	11	82
chr15	20513061	20513929	869	9	0	869	468	401	70	27	20	36	36	34	45	17	27	14	44	25	21	13	22	16	29	27	12	20	37	22	7	41	32	29	6	29	34	29	5	41
chr15	20513951	20515753	1803	9	0	1803	1061	742	161	52	56	88	64	51	82	69	58	33	58	58	75	42	36	77	72	39	12	55	66	42	19	58	52	57	16	47	76	47	11	72
chr15	20515754	20517452	1699	9	0	1699	969	730	128	47	72	66	60	64	64	64	59	32	66	48	65	33	44	56	73	35	11	57	69	49	12	55	47	42	10	64	63	59	13	70
chr15	20517460	20517710	251	9	0	251	119	132	11	8	4	3	7	16	15	6	7	9	8	5	1	5	6	6	14	16	2	6	11	10	4	14	9	7	5	5	11	6	3	9
chr15	20517712	20517760	49	9	0	49	20	29	1	0	2	1	2	0	2	2	1	1	3	1	0	1	1	0	1	2	0	0	2	5	2	3	2	5	0	1	2	0	0	4
chr15	20517762	20518035	274	9	0	274	114	160	9	7	8	5	9	17	22	1	9	4	14	2	2	2	2	0	11	7	4	8	12	13	8	14	17	15	3	19	9	12	1	6
chr15	20518036	20518360	325	9	0	325	163	162	22	7	9	8	13	17	21	10	7	6	9	11	5	9	5	3	17	11	2	9	20	11	4	13	9	18	1	13	15	8	1	9
chr15	20518361	20518491	131	9	0	131	83	48	16	8	5	4	6	4	2	4	6	0	6	1	4	2	7	7	5	4	0	5	4	4	0	2	3	0	0	7	4	3	0	6
chr15	20518492	20518513	22	9	0	22	16	6	6	1	0	1	0	0	1	0	0	1	0	0	2	1	0	1	0	0	2	2	1	0	0	0	0	0	0	0	0	1	0	0
chr15	20518515	20520981	2467	9	0	2467	1334	1133	170	78	81	97	96	109	137	72	83	49	83	56	76	45	42	59	118	70	14	79	105	70	23	108	91	86	19	78	99	80	14	78
chr15	20520985	20522048	1064	9	0	1064	617	447	98	28	34	46	40	32	57	30	37	21	39	32	32	25	25	40	37	29	8	32	39	23	3	44	29	33	7	33	54	23	6	46
chr15	20522050	20522671	622	9	0	622	365	257	62	31	23	25	20	30	27	20	30	7	13	7	29	10	15	16	37	13	4	23	25	22	3	15	19	17	6	14	16	13	3	25
chr15	20522694	20523560	867	9	0	867	507	360	63	28	21	50	39	25	53	28	23	23	30	23	37	19	15	29	42	18	5	30	32	10	9	20	31	23	7	33	40	20	3	36
chr15	20523569	20526260	2692	9	0	2692	1393	1299	160	65	91	86	87	105	147	83	85	58	123	64	71	57	53	57	103	75	27	80	141	91	16	126	94	93	21	102	84	115	24	106
chr15	20526261	20528353	2093	8	0	2093	964	1129	83	41	80	41	51	95	142	51	75	50	81	39	36	22	43	33	73	68	9	58	120	140	20	111	82	99	12	91	65	83	11	86
chr15	20528355	20528517	163	8	0	163	75	88	5	6	4	5	4	1	9	2	9	4	13	3	2	0	6	2	0	9	0	2	7	12	2	11	3	7	0	4	6	6	2	15
chr15	20528519	20528565	47	8	0	47	19	28	0	0	1	1	1	1	3	2	1	2	4	1	0	0	1	0	0	3	0	0	2	3	1	4	0	3	0	3	4	1	1	2
chr15	20528567	20534540	5974	8	0	5974	2708	3266	193	110	182	117	147	212	412	183	164	135	366	109	98	100	109	71	186	180	35	156	312	314	65	355	248	294	59	287	208	258	37	270
chr15	20534541	20534587	47	8	0	47	21	26	0	1	3	0	0	1	3	2	4	0	4	2	0	0	0	0	3	0	0	0	1	3	0	4	2	0	1	1	0	5	0	5
chr15	20534588	20535053	466	8	0	466	207	259	4	0	25	0	1	9	22	11	22	0	66	20	2	9	0	15	6	2	10	0	8	10	8	56	27	7	0	16	2	63	2	41
chr15	20535058	20535335	278	8	0	278	124	154	3	0	16	1	0	4	15	6	17	0	37	11	0	6	0	6	3	0	7	0	4	5	5	29	16	7	3	10	2	31	3	29
chr15	20535336	20536448	1113	8	0	1113	550	563	56	19	36	33	23	37	60	29	37	14	75	36	27	21	22	24	29	29	9	24	53	44	17	63	36	35	12	49	31	69	6	56
chr15	20536450	20536482	33	8	0	33	19	14	3	1	1	1	0	0	2	2	2	0	3	1	1	0	0	1	0	0	0	1	0	0	0	2	1	1	0	2	3	2	0	1
chr15	20536484	20536992	509	8	0	509	236	273	11	13	14	9	9	29	30	18	18	15	26	4	9	13	13	5	23	19	6	21	29	30	2	28	15	17	4	14	19	23	2	19
chr15	20537005	20537052	48	8	0	48	31	17	9	1	5	2	2	0	0	4	6	1	1	0	0	0	0	0	1	1	0	0	3	1	0	0	0	1	0	1	1	1	0	5
chr15	20537055	20541613	4559	8	0	4559	2287	2272	204	137	174	121	161	170	239	124	163	98	228	95	109	93	94	76	168	147	31	152	227	231	39	220	131	169	30	142	168	170	26	220
chr15	20541614	20542595	982	8	0	982	512	470	62	20	32	30	30	69	42	33	25	19	33	24	27	21	23	21	69	27	10	22	43	41	5	47	27	34	11	32	36	34	2	29
chr15	20542597	20544803	2207	8	0	2207	1356	851	201	61	96	126	82	56	84	75	102	32	68	63	99	58	70	82	68	44	11	84	75	38	8	73	64	42	10	68	90	71	11	93
chr15	20544808	20545202	395	8	0	395	279	116	65	7	21	28	13	9	7	21	17	4	7	11	26	11	5	25	23	2	0	6	8	7	2	7	8	5	0	9	11	10	0	18
chr15	20545208	20550996	5789	8	0	5789	3247	2542	420	167	227	253	222	182	255	177	225	99	234	156	202	116	130	180	198	136	40	190	213	158	68	217	201	161	60	186	224	201	36	253
chr15	20550997	20551416	420	8	0	420	188	232	44	12	6	2	12	14	20	7	7	8	29	12	2	4	7	1	6	17	5	10	24	18	15	23	12	25	9	12	11	20	7	17
chr15	20551417	20551714	298	8	0	298	146	152	28	5	6	11	9	10	15	4	6	9	14	10	8	1	3	5	5	11	5	4	17	12	11	10	6	16	7	9	10	11	3	15
chr15	20551716	20552147	432	8	0	432	206	226	40	11	8	16	16	14	22	7	9	9	17	10	11	4	6	5	7	16	5	10	27	17	15	21	11	26	12	13	13	21	2	9
chr15	20552148	20555144	2997	8	0	2997	1942	1055	311	83	91	193	94	86	97	137	101	40	86	71	173	109	66	202	162	57	23	76	78	60	14	79	71	54	19	64	103	60	14	121
chr15	20555154	20557230	2077	8	0	2077	1263	814	171	63	62	111	75	69	80	77	76	24	71	47	85	62	53	136	100	40	21	57	73	36	13	64	57	54	14	66	71	56	12	79
chr15	20557231	20558428	1198	8	0	1198	702	496	92	33	47	57	48	44	47	38	43	28	43	23	45	24	31	58	48	30	5	46	47	34	6	43	35	34	6	24	47	32	3	55
chr15	20558430	20559107	678	8	0	678	435	243	78	25	29	40	35	14	27	17	20	12	23	25	39	14	11	24	20	7	3	35	20	13	3	16	24	10	1	11	29	22	1	28
chr15	20559108	20561446	2339	8	0	2339	1439	900	193	65	85	112	81	72	89	89	85	41	77	78	94	64	75	137	106	56	11	69	84	46	3	80	54	51	5	54	87	60	11	123
chr15	20561447	20562732	1286	8	0	1286	669	617	84	21	47	41	38	57	60	36	32	28	54	30	40	28	23	49	41	45	14	33	71	55	13	52	40	49	11	48	39	42	12	51
chr15	20562735	20566871	4137	8	0	4137	2061	2076	180	111	160	99	132	134	241	123	159	124	213	102	79	77	68	58	159	125	27	135	200	224	31	208	112	126	21	109	160	187	21	230
chr15	20566885	20568464	1580	8	0	1580	808	772	70	35	65	41	40	58	87	50	52	29	76	39	49	39	34	44	56	44	9	52	80	79	10	71	52	54	8	59	46	63	7	80
chr15	20568474	20579498	11025	8	0	11025	6058	4967	729	298	422	456	375	363	546	367	394	193	453	232	407	219	231	373	402	281	47	342	472	386	84	469	392	375	64	379	384	369	57	462
chr15	20579499	20582902	3404	8	0	3404	1420	1984	176	80	65	55	102	113	234	63	58	75	176	62	41	45	50	24	102	98	32	81	172	158	124	165	145	243	124	168	93	121	46	111
chr15	20582904	20582933	30	8	0	30	7	23	0	0	0	0	0	3	1	0	0	0	3	0	0	0	0	0	0	3	0	0	2	3	2	2	1	2	2	1	0	2	0	1
chr15	20582935	20585584	2650	8	0	2650	1851	799	305	81	105	207	101	52	68	101	127	42	55	68	166	84	96	192	118	38	9	94	55	23	1	56	52	13	3	44	97	61	4	130
chr15	20585599	20585684	86	8	0	86	63	23	14	1	4	4	2	3	3	2	1	2	0	1	6	6	2	11	5	2	0	5	2	0	0	2	1	0	0	1	2	1	0	1
chr15	20585686	20585721	36	8	0	36	23	13	3	1	1	3	2	0	0	3	1	2	1	1	1	1	1	1	0	2	0	2	1	2	0	1	0	0	0	0	4	0	0	0
chr15	20585723	20586743	1021	8	0	1021	654	367	100	38	41	54	42	23	35	57	40	16	28	26	51	27	24	51	55	17	5	27	31	17	1	26	30	17	0	31	41	24	0	44
chr15	20586744	20587732	989	8	0	989	581	408	90	33	35	45	48	38	42	30	38	19	28	26	28	23	24	33	47	29	6	31	38	20	6	34	34	24	5	23	39	25	5	41
chr15	20587734	20588161	428	8	0	428	253	175	38	19	15	18	18	15	18	17	21	7	14	7	15	6	7	16	24	13	0	10	23	14	0	16	8	8	0	10	13	18	0	18
chr15	20588164	20588347	184	8	0	184	94	90	5	2	10	7	5	13	10	5	12	2	5	9	2	2	1	3	7	4	0	8	11	8	2	5	7	4	1	4	9	9	1	9
chr15	20588348	20589029	682	8	0	682	380	302	64	22	17	26	26	25	30	17	23	13	26	19	18	16	12	24	29	16	11	20	19	16	14	24	21	23	11	17	29	18	10	24
chr15	20589031	20591815	2785	8	0	2785	1721	1064	245	82	113	155	103	84	93	105	117	52	93	72	130	68	70	138	128	60	17	81	73	69	19	90	74	51	14	53	110	70	8	146
chr15	20591851	20597500	5650	8	0	5650	2318	3332	102	90	182	63	130	248	450	134	178	186	274	114	27	43	63	33	203	201	36	127	391	445	42	390	214	282	30	218	154	341	22	235
chr15	20597502	20598217	716	8	0	716	306	410	10	11	24	14	17	23	40	33	25	26	42	14	6	6	7	7	23	26	4	13	45	61	9	47	19	30	5	20	26	44	4	33
chr15	20598256	20598970	715	8	0	715	310	405	23	9	21	10	8	26	56	17	27	15	53	19	5	7	10	4	19	17	6	15	32	48	4	51	27	29	10	32	29	40	2	42
chr15	20598995	20600399	1405	8	0	1405	768	637	81	38	48	60	44	48	66	53	54	20	63	40	48	27	34	43	55	28	4	47	61	71	2	69	45	35	4	38	49	69	2	57
chr15	20600447	20601194	748	8	0	748	449	299	50	26	26	33	26	31	29	49	32	12	16	21	27	18	11	41	47	20	3	16	27	19	3	22	30	12	2	16	31	20	2	28
chr15	20601195	20602188	994	9	0	994	626	368	106	40	35	63	61	23	34	42	39	20	14	29	38	22	25	33	52	22	2	29	44	23	0	25	26	19	4	19	38	28	2	35
chr15	20602230	20603328	1099	9	0	1099	645	454	93	35	59	49	45	29	44	34	56	18	45	19	42	20	25	31	45	32	2	23	41	37	1	42	28	21	3	40	38	31	2	67
chr15	20603329	20604869	1541	9	0	1541	922	619	156	34	61	82	44	39	66	48	55	20	48	49	78	31	50	59	42	34	4	44	60	55	6	60	43	42	4	53	52	50	2	68
chr15	20604903	20605673	771	9	0	771	493	278	77	25	47	39	29	18	20	35	31	20	10	15	50	23	30	23	35	21	4	26	24	11	2	24	19	11	2	22	24	18	0	34
chr15	20605825	20606706	882	9	0	882	574	308	113	42	38	53	38	17	19	28	26	16	20	19	69	13	22	40	34	22	5	27	25	20	11	22	15	20	8	17	29	15	4	33
chr15	20606717	20607037	321	9	0	321	220	101	25	18	14	23	13	5	11	15	18	2	8	9	25	4	8	21	13	2	2	12	6	1	0	5	10	2	0	10	15	8	0	14
chr15	20607040	20609425	2386	9	0	2386	1466	920	239	92	107	121	106	50	84	78	98	36	74	57	116	58	56	92	95	48	15	78	71	51	18	79	69	54	12	65	83	66	17	99
chr15	20609459	20609567	109	9	0	109	45	64	0	2	3	3	4	4	9	0	3	1	8	3	1	2	1	0	3	1	0	5	5	4	1	7	6	7	3	6	4	4	4	3
chr15	20609573	20610036	464	9	0	464	292	172	52	18	18	25	12	19	13	17	18	7	7	11	31	9	11	23	22	13	5	13	15	9	6	11	4	11	5	13	20	8	4	12
chr15	20610088	20611319	1232	9	0	1232	650	582	79	25	47	48	36	47	64	41	50	19	46	36	34	27	20	31	40	28	8	42	66	40	16	44	40	55	11	40	42	44	13	51
chr15	20611321	20613532	2212	9	0	2212	1083	1129	116	44	58	60	58	107	129	86	64	55	101	46	41	39	42	36	103	50	22	70	96	110	26	101	89	87	20	88	92	86	18	70
chr15	20613536	20623837	10302	9	0	10302	5779	4523	657	275	447	434	374	345	472	381	447	228	357	265	335	205	233	323	406	270	65	312	425	306	74	405	323	287	37	315	418	346	56	477
chr15	20623846	20631031	7186	9	0	7186	3949	3237	415	212	283	271	253	232	369	213	315	140	267	192	198	121	149	318	271	173	59	202	277	227	72	295	246	199	55	246	273	272	44	325
chr15	20631032	20631704	673	9	0	673	424	249	55	24	28	37	37	19	23	24	18	18	18	21	36	16	18	30	34	21	2	20	20	11	1	21	21	7	2	14	28	14	1	32
chr15	20631726	20634541	2816	9	0	2816	1789	1027	271	97	115	168	140	63	99	111	134	53	80	93	106	56	83	118	126	62	3	78	102	39	3	75	65	39	4	70	120	79	8	154
chr15	20634560	20640997	6438	9	0	6438	3740	2698	411	196	243	326	238	216	280	252	275	124	202	201	251	118	156	249	281	167	32	174	230	202	35	259	213	133	19	151	263	224	18	297
chr15	20641001	20642344	1344	9	0	1344	726	618	63	34	59	54	48	56	73	46	63	34	53	33	36	22	21	31	73	20	8	45	55	54	5	53	43	32	5	40	52	59	4	68
chr15	20642345	20644501	2157	9	0	2157	1267	890	144	58	80	105	75	85	103	84	89	52	70	61	78	44	52	86	103	46	13	77	78	53	4	79	65	37	3	59	101	78	4	89
chr15	20644519	20644638	120	9	0	120	92	28	15	4	5	13	5	1	2	7	7	1	1	1	10	3	3	13	5	1	0	2	1	0	0	0	3	0	0	5	6	0	0	4
chr15	20644640	20644678	39	9	0	39	28	11	3	2	1	3	2	1	1	1	2	1	1	1	2	0	0	5	3	0	0	1	2	0	0	0	0	0	0	0	1	2	0	2
chr15	20644680	20645271	592	9	0	592	395	197	49	15	16	50	18	18	19	23	29	9	10	17	33	18	19	50	28	15	3	15	14	12	1	20	14	3	2	5	22	17	2	24
chr15	20645277	20645880	604	9	0	604	419	185	70	21	29	41	22	8	9	27	29	9	13	12	40	17	22	48	24	16	0	15	15	7	1	16	12	2	1	13	16	14	4	29
chr15	20645882	20645926	45	9	0	45	37	8	12	1	3	2	2	0	0	1	0	1	0	1	5	0	1	6	1	0	0	1	1	0	0	0	1	1	0	0	0	0	0	3
chr15	20645928	20646066	139	9	0	139	75	64	6	2	9	5	4	9	4	7	9	5	4	2	2	4	0	2	8	5	3	4	6	6	1	5	3	2	0	1	7	5	0	7
chr15	20646068	20646091	24	9	0	24	11	13	1	0	0	2	0	1	1	0	1	0	1	0	0	1	1	0	2	0	0	0	1	2	1	1	0	2	1	1	0	1	0	1
chr15	20646093	20646482	390	9	0	390	199	191	11	11	19	11	19	16	25	14	18	6	17	19	4	4	1	3	16	11	1	9	22	9	2	18	16	11	0	15	19	20	1	20
chr15	20646484	20646523	40	9	0	40	23	17	3	1	3	1	1	2	1	0	4	1	3	1	0	0	0	0	1	1	2	0	1	1	0	0	1	0	0	1	3	0	0	6
chr15	20646525	20647249	725	9	0	725	419	306	35	21	22	35	20	33	32	28	22	11	31	22	36	17	22	30	38	20	5	19	24	13	5	30	28	11	1	26	23	28	3	32
chr15	20647250	20648998	1749	9	0	1749	1146	603	154	55	63	118	63	53	57	79	70	22	45	57	103	60	43	102	84	28	2	76	55	20	6	40	44	21	6	27	69	52	8	65
chr15	20648999	20649676	678	9	0	678	469	209	71	27	27	59	31	13	16	32	33	8	10	11	48	19	21	42	27	12	2	25	19	6	0	13	20	6	0	16	26	14	2	20
chr15	20649687	20650251	565	9	0	565	387	178	58	17	22	49	17	11	12	24	26	6	11	15	44	15	21	38	22	12	1	14	11	8	2	20	9	9	1	10	22	12	2	22
chr15	20650253	20650276	24	9	0	24	21	3	3	0	0	4	1	0	0	2	1	0	0	0	4	0	0	4	0	0	0	0	0	0	0	0	2	0	0	0	1	0	0	0
chr15	20650280	20650960	681	9	0	681	491	190	98	19	28	57	19	19	10	32	24	6	16	15	61	21	18	48	30	5	4	26	9	8	1	12	16	6	2	8	25	10	1	25
chr15	20650962	20650995	34	9	0	34	17	17	3	1	1	0	0	1	4	0	1	1	2	0	1	1	0	0	1	0	0	3	0	2	0	1	2	0	0	2	2	2	0	1
chr15	20650996	20651137	142	9	0	142	91	51	13	6	2	7	5	4	6	8	3	4	2	2	7	6	4	10	12	3	0	5	3	6	0	5	4	1	0	1	4	4	0	3
chr15	20651151	20653493	2343	9	0	2343	1592	751	250	65	125	162	84	52	63	93	119	36	52	74	149	69	64	133	89	38	9	86	56	23	5	48	41	20	1	54	107	51	7	116
chr15	20653494	20655483	1990	9	0	1990	1224	766	180	53	73	112	70	57	72	86	70	28	60	56	99	49	56	102	75	40	8	64	70	50	6	64	66	45	9	54	74	56	5	79
chr15	20655484	20656727	1244	9	0	1244	777	467	108	45	48	61	50	42	37	68	53	18	33	41	51	32	29	60	62	28	1	47	49	29	2	28	34	15	6	21	52	36	5	51
chr15	20656767	20656954	188	9	0	188	128	60	17	7	8	13	11	1	4	6	6	4	2	6	11	6	9	15	10	2	1	5	4	1	0	5	4	2	3	5	5	5	0	8
chr15	20656956	20656978	23	9	0	23	17	6	7	0	2	1	2	1	0	0	0	0	0	0	2	0	0	0	0	1	0	0	1	0	0	0	2	0	0	2	0	0	0	0
chr15	20656980	20656999	20	9	0	20	10	10	2	2	0	0	1	1	1	0	1	0	1	0	0	0	0	0	1	1	0	1	0	1	0	1	1	1	0	0	2	0	0	0
chr15	20657001	20657170	170	9	0	170	111	59	11	8	9	8	5	5	6	4	10	0	1	4	10	12	10	6	8	1	1	15	4	2	0	3	5	2	0	3	4	4	1	6
chr15	20657184	20689304	32121	9	0	32121	22060	10061	3375	979	1350	2431	1220	672	862	1229	1339	449	674	882	2201	983	992	2422	1338	499	107	1139	703	352	75	741	654	392	60	656	1288	629	84	1342
chr15	20729747	20901170	171424	8	0	171424	102287	69137	13896	4984	6571	9016	6421	5289	6915	6416	6510	3209	5211	4481	7640	3984	4273	7471	7273	3869	877	5447	6120	4203	1201	5621	5097	4061	1197	4759	6551	5012	705	7142
chr15	20901171	21077170	176000	9	0	176000	102235	73765	12517	5043	6712	8387	6480	5860	7602	6857	6911	3513	5912	4717	6751	3805	4372	6795	7565	4305	854	5497	6824	5017	897	6435	5381	4276	726	4935	7029	5575	717	7731
chr15	21077171	21079170	2000	8	0	2000	1074	926	163	42	47	77	67	72	118	70	56	46	95	48	43	47	43	39	75	60	6	66	90	52	16	89	77	72	11	66	86	63	15	81
chr15	21079171	21164170	85000	9	0	85000	45071	39929	5096	1977	2836	3296	2982	2852	4680	3150	2574	1713	3072	2034	2553	1609	1704	2942	3165	2280	462	2244	4617	2975	721	3525	2687	4008	551	3300	3196	2574	400	3223
chr15	21164171	21193490	29320	10	0	29320	16668	12652	2353	868	1097	1274	1081	965	1347	993	1127	570	1010	767	1031	568	635	982	1179	723	171	898	1200	881	216	1095	922	795	229	868	1085	993	168	1227
chr15	21242091	21397094	155004	9	0	155004	92959	62045	12546	4496	5932	8280	5685	4605	6151	5651	5902	2918	4782	4109	7121	3679	3962	7140	6377	3503	802	5016	5421	3855	1094	5126	4410	3573	1032	4124	5884	4565	700	6561
chr15	21397095	21401634	4540	9	0	4540	1992	2548	132	78	180	46	179	206	355	143	92	92	229	62	32	67	64	33	150	158	15	120	294	136	35	271	304	293	24	273	135	149	26	165
chr15	21401636	21401665	30	9	0	30	15	15	0	1	1	0	0	0	3	2	2	1	1	0	0	2	1	0	1	2	0	1	2	0	0	1	1	1	0	1	1	0	0	3
chr15	21401667	21403931	2265	9	0	2265	1261	1004	142	76	89	80	105	86	102	111	80	37	57	59	59	52	53	72	110	64	12	65	124	53	5	87	89	84	8	69	81	67	5	80
chr15	21403943	21404239	297	9	0	297	198	99	42	15	16	13	12	6	12	6	13	3	3	7	19	8	11	10	10	6	0	16	10	4	0	5	7	5	1	9	9	4	1	12
chr15	21404241	21404905	665	9	0	665	410	255	69	28	35	35	39	14	24	15	29	7	27	20	31	10	11	14	22	17	2	18	23	13	1	24	19	9	0	24	28	22	1	32
chr15	21404976	21405215	240	9	0	240	107	133	9	3	6	5	5	13	17	5	6	5	10	9	3	5	5	1	7	8	4	7	15	9	4	11	11	12	1	12	7	10	5	8
chr15	21405255	21406985	1731	9	0	1731	1022	709	132	49	84	82	74	48	81	74	91	38	52	52	51	30	29	54	75	39	4	47	68	39	6	58	54	34	1	51	80	59	3	90
chr15	21407027	21407545	519	9	0	519	234	285	15	14	15	5	14	39	39	15	13	6	13	8	7	12	11	8	26	27	3	15	33	34	1	25	34	21	0	25	14	12	0	13
chr15	21407579	21407917	339	9	0	339	160	179	11	4	19	2	9	16	24	5	5	12	23	9	10	1	7	2	8	9	3	13	13	16	1	16	20	12	2	16	13	9	0	27
chr15	21407940	21409976	2037	9	0	2037	1186	851	134	67	89	94	71	61	105	68	95	38	71	56	84	44	49	59	88	39	9	74	79	50	5	72	56	45	7	66	82	73	3	102
chr15	21409977	21410725	749	9	0	749	499	250	68	23	32	47	39	27	17	33	31	9	14	24	32	21	21	60	44	5	5	27	15	5	2	18	24	11	0	15	33	18	3	24
chr15	21410775	21411654	880	9	0	880	530	350	50	20	30	46	22	36	39	47	37	20	23	37	36	17	25	44	44	23	1	24	32	20	1	31	20	14	1	21	48	27	1	41
chr15	21411655	21411684	30	10	0	30	19	11	5	4	1	0	1	1	1	0	1	0	1	0	3	0	0	0	2	1	0	2	0	2	0	1	0	0	0	0	1	1	0	0
chr15	21411723	21413553	1831	10	0	1831	1239	592	180	51	65	126	77	44	52	84	78	26	41	61	87	59	55	151	87	38	1	54	61	18	0	39	31	24	2	31	78	38	1	89
chr15	21413563	21413895	333	10	0	333	189	144	15	9	18	16	12	9	13	14	20	4	17	7	10	9	3	11	13	10	0	8	14	11	1	15	6	8	1	9	15	12	2	19
chr15	21413897	21414366	470	10	0	470	345	125	72	8	19	47	14	4	13	14	21	5	12	12	39	19	11	35	15	7	0	14	6	6	0	10	4	2	0	10	20	8	0	21
chr15	21414368	21414410	43	10	0	43	33	10	7	0	1	6	2	0	1	1	3	2	0	0	3	1	1	3	1	1	0	1	2	0	0	0	0	0	0	0	2	1	0	2
chr15	21414412	21415929	1518	10	0	1518	946	572	152	53	61	90	60	39	50	54	64	22	44	28	81	41	37	68	47	47	10	51	56	37	7	49	36	31	9	34	64	34	2	58
chr15	21415931	21415981	51	10	0	51	29	22	5	1	4	2	0	0	1	2	6	0	2	1	1	0	2	1	0	0	0	1	2	2	0	3	1	0	0	3	1	6	0	2
chr15	21415983	21417104	1122	10	0	1122	613	509	63	23	42	40	37	38	64	34	43	37	58	36	25	21	26	26	46	25	5	43	38	29	6	52	32	30	1	27	57	42	6	68
chr15	21417105	21419455	2351	10	0	2351	1556	795	234	62	88	170	98	66	71	96	81	39	55	60	141	66	62	165	103	40	9	81	69	24	6	64	63	42	3	56	96	57	6	76
chr15	21419462	21419837	376	10	0	376	259	117	35	9	15	35	13	12	14	15	18	5	5	17	28	7	4	25	9	10	1	15	12	1	1	9	7	3	0	4	26	9	0	10
chr15	21419838	21420859	1022	10	0	1022	675	347	111	30	41	76	38	27	30	46	55	13	26	31	54	24	25	47	46	17	5	25	31	15	1	25	26	10	1	19	38	30	3	54
chr15	21420860	21422766	1907	10	0	1907	1300	607	198	74	85	154	71	45	61	61	87	30	33	46	156	34	59	105	74	39	4	66	48	25	1	49	40	21	1	42	76	39	0	81
chr15	21422768	21422786	19	10	0	19	9	10	0	0	1	1	2	0	2	1	0	1	0	0	0	0	0	0	0	1	0	0	0	0	0	1	4	0	0	2	1	0	0	0
chr15	21422788	21423105	318	10	0	318	197	121	33	12	13	15	17	9	14	9	9	7	6	7	14	7	10	15	16	7	1	11	8	4	1	11	14	6	1	11	10	7	1	10
chr15	21423107	21426210	3104	10	0	3104	1866	1238	248	89	143	146	123	99	131	124	122	61	96	70	134	67	95	116	148	63	5	100	103	62	2	114	111	67	3	111	116	89	4	140
chr15	21426219	21426397	179	10	0	179	121	58	17	2	10	14	4	5	6	10	11	1	3	4	11	7	5	10	5	2	2	6	4	0	0	3	8	3	0	5	8	2	0	9
chr15	21426399	21426427	29	10	0	29	23	6	5	0	1	3	0	1	1	0	1	0	0	0	4	2	1	3	0	0	0	3	0	0	0	0	1	0	0	0	1	0	0	0
chr15	21426429	21429590	3162	10	0	3162	1977	1185	239	93	136	184	132	93	114	137	123	64	84	95	158	82	96	146	150	68	11	103	103	50	11	83	85	50	5	99	139	79	3	145
chr15	21429591	21432444	2854	10	0	2854	1871	983	264	96	156	166	131	72	83	116	114	49	60	94	173	77	78	140	128	43	8	115	75	44	1	68	76	31	6	71	123	70	1	123
chr15	21432473	21432954	482	10	0	482	290	192	32	12	23	26	20	13	21	12	18	12	19	14	23	11	16	16	15	11	2	20	17	6	0	18	10	13	0	17	24	11	2	26
chr15	21432955	21433466	512	10	0	512	304	208	44	20	16	23	20	15	23	13	17	11	20	15	21	9	17	19	25	13	2	14	20	11	3	20	10	9	1	16	16	21	0	26
chr15	21433495	21434065	571	10	0	571	348	223	38	24	19	33	27	27	15	16	26	8	27	13	23	13	22	16	35	13	0	23	21	12	0	20	8	9	0	7	22	19	0	33
chr15	21434082	21434404	323	10	0	323	215	108	57	10	12	23	15	4	9	13	16	2	7	7	14	7	8	9	8	6	0	9	11	7	0	13	10	8	0	4	12	10	0	10
chr15	21434441	21439782	5342	10	0	5342	3370	1972	457	163	218	316	188	147	186	218	221	81	141	137	287	153	149	307	227	110	31	176	168	95	19	163	145	92	19	146	199	148	24	209
chr15	21439894	21440435	542	10	0	542	226	316	23	19	28	7	28	18	29	6	23	6	13	9	3	4	9	0	9	24	6	8	42	46	7	26	21	29	15	31	10	22	6	13
chr15	21440475	21441615	1141	10	0	1141	433	708	23	16	29	12	25	62	82	24	23	19	52	21	9	11	17	7	31	32	20	25	70	63	27	64	67	82	50	61	26	48	11	30
chr15	21441651	21441925	275	10	0	275	155	120	25	5	10	11	10	9	14	8	8	13	20	2	6	5	6	1	16	3	4	9	8	6	3	4	12	4	0	8	5	8	1	29
chr15	21441939	21442441	503	10	0	503	360	143	63	17	24	40	25	8	10	17	26	7	7	12	30	11	16	45	19	6	4	14	9	4	0	7	13	2	0	13	21	8	0	23
chr15	21442468	21442597	130	10	0	130	75	55	4	7	4	5	3	3	7	11	9	2	4	3	5	1	3	3	10	0	0	3	5	2	0	6	4	2	0	4	4	9	0	5
chr15	21442642	21443222	581	10	0	581	378	203	80	21	17	35	17	12	25	23	20	5	7	17	36	20	17	25	23	19	0	16	23	13	1	20	15	9	0	14	15	16	1	17
chr15	21443223	21444350	1128	10	0	1128	757	371	123	30	51	92	51	30	28	44	64	12	24	30	58	30	28	60	49	13	2	38	34	20	3	20	29	14	1	18	41	30	4	55
chr15	21444355	21445103	749	10	0	749	501	248	60	24	23	60	32	25	18	40	29	8	10	27	47	26	26	45	41	11	1	30	22	11	2	13	20	12	2	8	31	14	3	26
chr15	21445105	21446543	1439	10	0	1439	1018	421	180	54	55	122	60	29	31	73	76	18	21	50	96	22	39	91	58	14	6	45	34	9	1	25	35	8	2	19	66	38	3	57
chr15	21446545	21447018	474	10	0	474	271	203	38	12	12	24	16	20	24	10	14	8	19	9	19	12	11	21	13	19	3	17	23	8	3	15	13	14	7	18	21	8	5	16
chr15	21447035	21448304	1270	10	0	1270	802	468	101	33	74	71	55	47	36	40	59	19	37	27	64	35	35	68	64	28	2	40	36	20	1	44	35	19	2	34	43	34	1	64
chr15	21448332	21448385	54	10	0	54	38	16	12	3	0	3	1	2	1	0	1	0	1	0	5	1	3	3	1	2	1	2	2	1	1	1	0	1	0	1	1	1	0	1
chr15	21448386	21449008	623	10	0	623	376	247	61	10	21	38	15	23	25	19	19	8	18	18	35	14	20	30	18	16	3	18	24	18	3	22	20	16	4	22	20	17	4	22
chr15	21449048	21449428	381	10	0	381	233	148	29	13	12	21	19	8	15	17	14	5	10	15	13	8	9	24	18	8	0	8	17	13	0	9	12	7	2	9	12	11	2	19
chr15	21449429	21449484	56	10	0	56	35	21	1	0	0	5	0	14	1	2	1	0	0	1	4	0	1	3	14	0	0	1	1	1	0	0	1	0	0	1	1	1	0	0
chr15	21449486	21452076	2591	10	0	2591	1224	1367	128	61	91	81	60	90	131	85	101	62	100	35	71	37	41	49	85	70	29	66	103	137	73	110	97	120	85	93	81	96	27	94
chr15	21452078	21452132	55	10	0	55	17	38	0	1	0	0	0	3	4	3	1	2	0	1	0	1	1	0	2	3	0	1	4	6	3	1	2	2	5	3	1	3	0	0
chr15	21452134	21452293	160	10	0	160	44	116	0	0	4	0	2	5	6	1	2	8	9	3	0	1	3	0	1	6	3	3	7	15	12	8	3	12	13	9	3	9	8	2
chr15	21452298	21452372	75	10	0	75	21	54	0	1	1	0	1	2	7	0	1	1	7	0	0	0	0	0	0	1	1	2	4	3	3	5	5	6	6	7	1	5	2	1
chr15	21452387	21453603	1217	10	0	1217	545	672	54	30	28	41	38	33	68	29	31	26	47	18	29	21	30	20	32	29	18	31	48	59	39	58	60	73	54	49	29	43	15	35
chr15	21453619	21454360	742	10	0	742	438	304	66	18	36	28	24	18	39	25	29	20	26	19	28	18	15	27	29	13	5	27	22	14	5	27	26	13	2	27	29	28	2	35
chr15	21454414	21455368	955	10	0	955	615	340	114	32	32	56	42	28	27	32	27	17	30	29	51	26	22	49	38	27	5	33	30	14	5	28	22	13	5	16	39	23	7	34
chr15	21455369	21457105	1737	10	0	1737	1153	584	189	51	65	123	65	36	60	67	72	29	44	49	101	46	53	101	79	27	0	56	41	36	1	52	36	26	1	35	72	41	2	79
chr15	21457166	21457556	391	10	0	391	273	118	41	18	10	28	18	11	10	16	10	4	6	10	27	14	11	38	25	13	0	9	8	3	1	11	10	3	0	4	12	4	1	13
chr15	21457600	21459670	2071	10	0	2071	1391	680	206	62	75	156	100	58	67	83	92	37	34	57	102	55	53	152	117	35	5	55	52	26	4	40	49	26	6	45	91	35	5	89
chr15	21459691	21459908	218	10	0	218	144	74	23	8	16	8	14	5	8	5	7	5	2	8	11	4	5	13	8	1	1	12	3	0	0	5	12	3	0	7	9	4	1	8
chr15	21459909	21459926	18	10	0	18	12	6	2	1	1	0	1	1	0	0	0	0	0	1	2	0	1	1	1	0	0	0	1	0	0	0	0	1	0	1	0	0	0	1
chr15	21459928	21460611	684	10	0	684	453	231	75	20	31	48	33	16	26	26	34	12	17	15	32	16	14	37	33	11	0	20	20	8	0	14	16	11	0	19	31	12	0	35
chr15	21460616	21461810	1195	10	0	1195	773	422	102	38	43	81	51	29	31	62	49	19	28	34	62	44	33	65	61	19	10	40	38	22	3	33	25	20	1	20	49	35	4	42
chr15	21461815	21463815	2001	10	0	2001	1403	598	227	73	69	158	81	45	55	87	78	26	37	58	141	61	58	148	101	31	5	68	48	16	0	33	35	18	5	38	84	32	4	79
chr15	21463817	21463847	31	10	0	31	23	8	5	2	1	1	1	1	0	2	3	0	0	0	1	1	2	1	2	1	0	1	0	0	0	1	0	0	0	0	2	0	0	1
chr15	21463849	21463906	58	10	0	58	40	18	5	1	3	2	2	2	3	1	1	2	1	1	3	2	3	8	3	0	0	4	0	0	0	0	1	0	0	3	2	0	0	3
chr15	21463925	21464423	499	10	0	499	314	185	51	16	19	32	20	13	23	15	23	8	14	10	25	12	10	21	20	12	1	16	21	6	1	13	17	10	2	11	14	13	2	26
chr15	21464430	21464860	431	10	0	431	301	130	34	12	14	44	16	12	9	18	15	7	9	13	39	13	15	31	21	5	2	15	13	6	0	4	9	3	1	5	12	9	1	22
chr15	21464862	21464896	35	10	0	35	19	16	2	1	4	0	2	0	1	1	2	1	1	0	1	0	0	1	2	0	0	0	1	1	0	2	2	3	0	1	0	0	0	4
chr15	21464898	21465328	431	10	0	431	292	139	48	13	20	31	15	12	11	19	20	5	12	9	28	10	10	27	19	7	1	13	9	6	2	6	14	6	0	10	15	4	3	24
chr15	21465330	21465374	45	10	0	45	41	4	7	0	1	10	1	0	0	0	1	0	0	1	10	1	2	5	0	0	0	1	0	0	0	0	0	0	0	0	1	0	0	2
chr15	21465376	21468533	3158	10	0	3158	2089	1069	284	96	123	219	105	83	98	163	137	42	85	97	195	99	77	185	139	69	10	102	89	30	6	84	74	41	5	58	147	69	7	138
chr15	21468534	21469516	983	10	0	983	643	340	72	31	36	62	36	26	32	46	35	12	24	34	58	33	33	71	41	20	4	37	33	8	2	24	24	16	2	24	42	23	0	40
chr15	21469518	21470290	773	10	0	773	486	287	72	29	24	43	35	26	29	36	24	13	24	12	38	24	17	39	46	19	1	26	22	16	2	23	21	17	1	19	36	11	0	26
chr15	21470307	21471763	1457	10	0	1457	975	482	158	51	66	105	66	30	37	47	70	23	40	38	87	28	53	74	57	17	10	48	27	21	5	28	39	18	2	39	58	25	7	81
chr15	21471765	21472531	767	10	0	767	551	216	103	30	36	61	34	10	14	37	28	12	13	16	64	24	24	44	39	9	1	26	13	2	1	13	19	10	1	12	24	8	1	36
chr15	21472589	21472926	338	10	0	338	231	107	35	11	15	30	18	8	6	12	14	7	2	8	23	8	13	20	14	12	1	7	8	6	1	8	9	2	0	7	13	4	0	14
chr15	21472937	21473586	650	10	0	650	397	253	54	22	14	37	23	21	26	34	15	11	22	14	35	15	14	38	21	23	3	22	29	5	1	23	27	16	5	16	28	14	5	15
chr15	21473589	21473714	126	10	0	126	105	21	39	3	4	13	5	1	0	5	6	0	2	0	10	2	3	10	3	0	0	3	1	0	0	0	5	0	0	1	2	1	0	5
chr15	21473716	21473976	261	10	0	261	143	118	15	5	9	8	10	8	10	15	6	5	12	9	7	7	10	6	8	9	0	8	15	7	0	10	9	9	2	8	11	7	0	14
chr15	21474027	21474079	53	10	0	53	26	27	0	0	1	2	1	2	5	2	1	3	3	1	1	1	1	1	3	1	1	1	1	1	0	2	1	1	1	5	5	1	0	2
chr15	21474087	21474862	776	10	0	776	482	294	57	20	43	43	28	35	26	29	40	7	35	18	37	24	13	26	43	15	2	26	23	9	1	20	13	14	0	27	39	15	3	43
chr15	21474911	21475573	663	10	0	663	445	218	61	22	33	42	26	15	19	30	35	9	24	20	36	23	14	34	35	8	2	24	16	4	0	14	3	8	0	15	36	14	2	37
chr15	21475574	21475950	377	10	0	377	244	133	34	10	18	22	17	7	11	14	19	4	9	7	15	11	16	28	13	6	0	13	15	5	0	10	9	7	0	16	12	12	0	15
chr15	21475964	21480044	4081	10	0	4081	2475	1606	315	130	167	212	174	124	172	150	162	83	109	100	174	105	127	170	180	102	2	157	164	86	7	129	120	90	3	111	156	108	12	178
chr15	21480046	21480204	159	10	0	159	119	40	36	6	8	13	10	0	2	3	8	2	3	3	10	2	5	7	3	4	2	1	3	0	0	2	4	0	0	4	5	0	0	11
chr15	21480205	21480245	41	10	0	41	28	13	11	1	3	0	0	0	3	0	1	3	1	0	2	1	1	0	1	2	0	2	0	0	0	2	0	0	0	0	2	0	0	3
chr15	21480246	21480409	164	10	0	164	85	79	24	5	2	4	4	3	12	4	1	3	7	5	5	1	3	1	4	3	1	4	7	4	3	11	4	13	2	6	8	5	0	3
chr15	21480411	21480471	61	10	0	61	27	34	0	0	1	3	2	3	5	0	2	0	4	1	1	2	1	0	1	3	0	1	3	1	0	6	3	5	2	2	4	1	0	2
chr15	21480476	21481400	925	10	0	925	617	308	101	27	30	66	47	16	26	49	36	9	31	46	40	20	21	51	30	12	3	27	25	4	1	22	30	15	1	14	53	22	3	45
chr15	21481404	21482337	934	10	0	934	574	360	63	33	26	42	33	39	24	58	34	17	20	25	33	23	34	68	53	23	2	34	39	30	1	22	31	6	3	20	31	33	4	28
chr15	21482356	21484326	1971	10	0	1971	1285	686	200	63	72	134	81	60	70	69	82	31	48	58	106	47	54	109	81	42	5	72	62	26	4	49	56	26	1	41	81	47	10	82
chr15	21484332	21487923	3592	10	0	3592	2090	1502	264	97	138	185	138	121	158	114	140	65	143	98	143	79	85	121	117	90	23	132	149	61	19	129	105	109	22	100	160	98	24	163
chr15	21487925	21488000	76	10	0	76	38	38	6	0	2	3	1	5	5	0	2	2	1	0	2	4	3	1	4	3	2	3	5	4	1	2	1	2	1	4	1	2	0	2
chr15	21488002	21488201	200	10	0	200	106	94	7	5	7	4	7	9	14	9	3	8	9	4	7	4	4	3	8	9	0	9	10	3	0	8	10	6	0	6	11	3	0	11
chr15	21488208	21488889	682	10	0	682	451	231	75	24	32	49	30	18	21	29	36	8	14	12	38	16	18	30	32	12	4	18	19	4	1	14	19	12	2	23	28	10	3	29
chr15	21488890	21489521	632	10	0	632	345	287	31	12	18	23	15	33	28	33	22	10	30	19	17	13	21	19	27	13	2	26	25	17	2	27	27	17	2	20	29	24	4	24
chr15	21489522	21491859	2338	10	0	2338	1503	835	247	71	91	141	81	45	81	107	91	33	70	73	129	59	57	125	80	42	9	77	77	45	6	68	59	43	4	58	98	66	7	96
chr15	21491860	21491969	110	10	0	110	70	40	11	1	3	11	4	2	5	4	4	0	4	2	7	2	2	7	2	1	0	3	6	3	0	2	3	5	0	4	4	2	0	4
chr15	21491971	21492201	231	10	0	231	102	129	11	3	2	5	4	7	19	6	4	5	16	8	2	4	5	1	5	6	2	6	12	5	4	13	11	14	5	12	8	8	5	11
chr15	21492202	21493883	1682	10	0	1682	1127	555	186	54	70	99	59	42	53	74	63	23	34	44	99	59	49	117	78	39	3	58	51	18	0	48	33	29	1	33	66	31	0	67
chr15	21493938	21494553	616	10	0	616	385	231	51	23	31	27	25	15	19	26	18	12	14	16	38	19	21	28	24	20	0	25	24	10	3	19	19	9	0	18	19	17	1	23
chr15	21494556	21494726	171	10	0	171	126	45	28	6	10	15	8	1	1	5	6	3	4	1	17	5	5	9	8	0	0	7	2	3	0	5	2	1	0	3	3	6	0	5
chr15	21494728	21495270	543	10	0	543	308	235	29	17	14	32	22	19	26	17	19	5	21	14	22	11	16	23	16	17	0	20	25	11	5	21	17	22	3	18	26	11	4	18
chr15	21495272	21495316	45	10	0	45	34	11	8	4	2	3	3	0	0	2	1	1	0	1	5	1	0	2	3	1	1	1	0	0	0	1	0	0	0	0	2	0	1	0
chr15	21495329	21498165	2837	10	0	2837	1920	917	311	99	132	196	119	53	80	119	140	46	60	86	167	79	75	157	121	48	13	95	60	30	7	76	52	29	3	50	138	65	3	126
chr15	21498166	21499761	1596	10	0	1596	1013	583	136	51	62	110	45	51	58	55	74	18	39	40	104	36	47	85	55	42	9	50	59	33	4	46	39	22	7	46	56	45	6	64
chr15	21499763	21499806	44	10	0	44	29	15	6	0	4	0	0	2	1	3	2	2	1	1	2	2	0	2	3	0	0	3	1	0	0	1	0	0	0	0	3	2	0	1
chr15	21499808	21503565	3758	10	0	3758	2365	1393	321	129	149	203	145	105	151	148	148	61	99	131	188	108	120	158	170	78	21	134	97	47	11	126	104	65	6	93	178	91	6	165
chr15	21503566	21504020	455	10	0	455	286	169	43	12	21	30	20	24	14	12	20	7	11	12	23	8	12	16	28	9	0	13	13	8	2	13	12	7	2	11	17	12	0	21
chr15	21504022	21504056	35	10	0	35	17	18	0	1	0	2	1	1	3	0	1	1	3	1	0	1	0	1	2	0	0	1	2	1	0	1	0	2	1	1	1	1	1	3
chr15	21504058	21504387	330	10	0	330	219	111	28	15	8	20	13	7	9	16	12	5	6	13	18	9	8	31	15	7	1	13	13	12	0	7	5	1	0	0	12	12	1	11
chr15	21504389	21504408	20	10	0	20	13	7	1	0	1	1	0	0	0	1	0	1	0	0	2	0	2	4	0	1	0	0	1	0	0	1	0	0	0	2	0	0	0	0
chr15	21504410	21505136	727	10	0	727	498	229	77	19	38	52	27	21	22	27	28	16	10	19	55	29	14	42	43	16	2	24	14	5	3	16	12	6	3	11	28	11	2	33
chr15	21505138	21505165	28	10	0	28	20	8	3	0	1	0	0	1	2	1	0	1	1	2	2	1	0	3	2	0	0	1	0	0	0	0	0	0	0	0	2	0	0	3
chr15	21505167	21509472	4306	10	0	4306	2650	1656	352	143	175	236	196	135	156	166	165	85	114	103	193	126	122	183	216	95	28	148	134	92	13	123	130	76	19	113	173	99	12	183
chr15	21509483	21510022	540	10	0	540	308	232	37	18	9	26	16	26	22	22	15	10	23	17	22	14	13	17	34	15	2	17	20	11	10	19	10	16	3	9	23	18	3	21
chr15	21510024	21510075	52	10	0	52	21	31	0	0	1	1	1	2	5	0	0	3	5	1	1	1	0	0	2	0	0	4	3	1	0	1	3	3	3	1	0	2	1	5
chr15	21510076	21511822	1747	10	0	1747	1212	535	207	56	75	132	61	32	43	76	92	18	27	48	109	57	60	118	74	25	5	59	41	13	4	41	33	16	3	36	64	45	6	69
chr15	21511823	21512644	822	10	0	822	526	296	65	30	28	46	37	28	23	42	35	13	15	24	32	23	35	50	48	13	2	31	28	11	2	18	22	11	0	21	32	23	2	30
chr15	21512674	21516343	3670	10	0	3670	1553	2117	99	92	84	64	108	167	225	84	71	63	115	76	61	57	96	90	98	144	40	97	215	269	103	153	199	204	92	177	72	124	35	94
chr15	21516344	21516656	313	10	0	313	109	204	1	5	6	1	8	8	24	7	2	4	13	3	2	8	13	3	5	11	1	8	17	17	13	21	23	28	14	23	2	11	4	5
chr15	21516657	21517326	670	10	0	670	324	346	22	16	16	16	14	31	34	18	21	14	33	15	13	19	20	21	23	23	9	25	26	25	12	34	23	27	14	22	25	22	13	22
chr15	21517327	21520217	2891	10	0	2891	1937	954	287	97	105	210	122	73	81	112	126	45	67	90	164	84	110	162	133	54	10	102	77	28	4	68	59	31	3	57	119	64	9	136
chr15	21520222	21524805	4584	10	0	4584	2977	1607	403	150	201	324	191	112	149	184	227	84	137	127	258	96	115	217	205	82	19	136	134	65	7	122	105	57	4	96	192	124	10	249
chr15	21524807	21524860	54	10	0	54	27	27	0	0	0	0	0	21	0	1	0	0	1	0	0	1	0	1	20	0	1	1	0	0	0	0	3	0	1	0	1	0	0	0
chr15	21524862	21525847	986	10	0	986	573	413	58	30	38	48	44	26	42	46	33	16	34	30	39	25	32	32	28	28	5	36	41	13	1	36	42	29	7	33	47	21	3	41
chr15	21525850	21527125	1276	10	0	1276	782	494	96	28	44	73	49	46	45	50	41	20	40	35	55	36	41	82	54	31	4	41	45	20	8	40	33	34	6	41	58	28	2	48
chr15	21527126	21529983	2858	10	0	2858	1907	951	287	74	137	193	118	76	80	108	128	46	67	82	157	101	85	167	135	57	8	97	60	41	3	76	64	24	3	59	122	58	6	137
chr15	21529985	21530026	42	10	0	42	31	11	4	1	2	3	0	3	0	2	0	1	2	0	5	2	1	3	3	1	0	3	1	0	0	0	0	0	0	0	1	0	0	2
chr15	21530028	21530305	278	10	0	278	183	95	29	11	12	21	7	4	14	6	13	3	6	5	23	10	9	8	8	6	0	14	7	5	0	10	7	2	0	9	9	9	0	9
chr15	21530311	21530997	687	10	0	687	411	276	56	17	25	49	34	27	25	16	32	9	24	18	26	14	13	25	29	17	3	17	27	11	5	25	17	19	3	19	29	21	7	26
chr15	21530998	21531007	10	10	0	10	3	7	0	0	0	0	0	0	1	1	0	0	0	0	0	0	0	0	0	0	0	0	1	1	0	0	1	2	0	1	0	0	0	0
chr15	21531009	21531326	318	10	0	318	192	126	24	8	17	18	17	13	11	15	20	8	8	12	5	4	5	5	14	8	0	11	9	7	1	10	8	5	0	5	25	7	1	15
chr15	21531335	21531467	133	10	0	133	83	50	10	5	8	3	6	3	4	4	5	1	3	10	6	2	5	7	4	2	0	4	7	3	0	2	3	3	0	2	3	4	0	12
chr15	21531469	21531499	31	10	0	31	19	12	5	1	1	2	2	0	0	3	1	1	0	1	0	0	0	0	1	1	0	0	3	2	0	0	1	1	0	0	1	1	0	1
chr15	21531501	21531914	414	10	0	414	269	145	68	17	24	21	26	15	10	7	22	7	8	5	14	14	7	3	28	7	6	11	5	5	2	8	11	4	3	12	15	4	5	18
chr15	21531916	21531964	49	10	0	49	37	12	11	2	1	4	2	3	1	1	2	0	2	1	3	1	1	0	4	0	0	2	0	0	0	0	0	0	0	0	3	0	0	3
chr15	21531965	21532061	97	10	0	97	64	33	20	4	5	5	6	2	1	2	5	1	3	2	3	1	1	1	6	1	0	1	3	4	0	5	1	0	0	1	1	7	0	3
chr15	21532063	21532149	87	10	0	87	55	32	11	5	3	2	4	4	4	3	2	4	0	1	5	2	1	2	8	3	1	3	4	1	1	0	3	1	0	0	1	1	0	5
chr15	21532150	21532202	53	10	0	53	37	16	11	2	2	4	2	1	2	1	4	0	2	1	3	1	0	0	1	2	0	1	1	0	0	1	1	1	0	0	3	0	0	4
chr15	21532204	21532252	49	10	0	49	35	14	6	2	3	4	2	1	1	2	1	0	1	2	6	0	2	2	2	0	0	1	1	0	0	0	2	1	0	1	1	0	0	3
chr15	21532254	21533001	748	10	0	748	462	286	56	20	34	45	30	21	30	31	31	17	22	19	37	17	19	31	38	8	4	25	20	13	1	26	27	16	1	18	27	23	2	37
chr15	21533005	21533064	60	10	0	60	35	25	2	0	2	2	2	7	2	2	3	1	4	1	0	1	2	3	7	0	0	2	1	0	0	1	1	1	0	2	4	1	0	4
chr15	21533066	21533282	217	10	0	217	131	86	18	2	9	13	8	6	9	9	10	5	6	9	7	7	7	5	8	6	0	6	8	5	0	8	6	3	1	4	10	7	1	12
chr15	21533283	21533294	12	10	0	12	6	6	1	1	1	0	1	1	0	0	1	0	0	0	0	0	0	0	0	1	0	0	0	0	0	1	1	0	0	0	1	0	0	0
chr15	21533296	21533532	237	10	0	237	160	77	46	4	11	22	13	2	7	5	13	4	4	0	12	6	3	7	7	6	1	1	7	6	0	9	7	4	0	7	6	6	1	8
chr15	21533533	21533583	51	10	0	51	36	15	4	3	4	3	4	0	0	1	2	1	0	1	4	1	5	1	2	0	0	3	0	0	0	1	1	0	0	3	2	1	0	2
chr15	21533584	21533669	86	10	0	86	54	32	6	1	5	3	5	4	3	4	0	2	2	1	4	4	1	8	5	2	0	4	3	0	0	2	6	2	0	2	2	1	0	2
chr15	21533671	21534111	441	10	0	441	283	158	41	14	16	27	23	8	14	19	18	7	14	13	16	15	8	29	23	6	6	10	15	5	1	9	9	6	3	12	16	13	2	21
chr15	21534117	21534158	42	10	0	42	27	15	3	1	3	1	2	0	1	1	0	2	2	2	2	1	1	4	2	1	0	1	0	1	0	2	0	0	0	2	2	1	0	2
chr15	21534161	21534428	268	10	0	268	168	100	20	7	12	17	11	5	9	4	17	6	11	6	9	4	11	17	7	7	1	7	8	6	1	11	5	3	0	4	9	10	0	21
chr15	21534430	21534475	46	10	0	46	21	25	1	1	2	2	2	2	2	2	3	0	2	2	0	0	0	0	1	0	0	2	2	3	1	2	1	2	1	1	3	3	0	1
chr15	21534477	21534840	364	10	0	364	187	177	12	5	12	8	9	20	23	16	11	10	17	19	5	7	7	5	21	10	4	7	19	7	1	14	16	9	0	11	13	16	1	27
chr15	21534841	21535022	182	10	0	182	99	83	11	2	6	7	9	12	11	2	3	7	5	7	4	3	3	6	9	10	0	5	12	4	0	4	6	3	1	6	7	3	2	10
chr15	21535023	21535296	274	10	0	274	157	117	9	9	21	5	11	10	10	9	15	6	7	9	9	7	9	11	17	7	0	8	8	5	2	13	5	6	0	7	10	9	0	18
chr15	21535298	21535531	234	10	0	234	143	91	15	10	4	14	12	6	8	14	10	4	4	7	7	4	7	15	10	8	0	6	13	5	0	6	8	5	2	3	9	6	2	8
chr15	21535533	21535635	103	10	0	103	64	39	7	1	3	4	1	3	3	12	4	2	1	5	3	3	3	9	5	1	0	3	6	1	0	2	3	2	0	3	4	5	0	2
chr15	21535644	21535755	112	10	0	112	63	49	5	5	4	5	6	7	2	6	7	3	4	2	1	0	2	3	8	2	0	5	3	4	0	4	3	0	2	1	6	5	2	3
chr15	21535776	21536103	328	10	0	328	233	95	40	6	14	31	10	1	4	17	16	4	7	13	25	8	12	25	6	5	0	8	9	7	0	7	6	1	0	5	11	11	0	17
chr15	21536106	21536220	115	10	0	115	75	40	10	8	3	6	11	0	4	8	7	0	3	2	0	5	2	4	6	3	0	4	3	0	0	2	6	1	0	3	8	1	0	3
chr15	21536222	21536281	60	10	0	60	39	21	6	2	1	4	1	8	2	1	2	0	0	3	3	2	1	2	8	2	0	2	2	0	0	1	0	0	0	0	2	2	0	1
chr15	21536289	21536320	32	10	0	32	19	13	2	1	1	4	3	0	2	0	1	1	2	0	2	0	0	0	2	0	0	0	0	1	0	1	1	0	0	2	2	1	0	1
chr15	21536322	21536571	250	10	0	250	155	95	18	8	14	12	14	12	6	8	10	5	4	6	11	4	9	12	15	4	0	10	7	4	0	8	7	9	1	5	11	2	1	11
chr15	21536573	21536617	45	10	0	45	33	12	8	0	0	7	2	0	0	0	1	0	2	0	4	3	3	2	0	2	0	1	0	2	0	1	1	0	0	1	1	0	0	2
chr15	21536621	21536705	85	10	0	85	50	35	5	1	4	5	4	3	5	2	2	1	3	3	4	5	2	0	1	2	0	7	4	2	0	1	6	0	0	2	3	3	0	3
chr15	21536707	21536749	43	10	0	43	30	13	5	1	0	4	1	0	3	3	1	0	0	1	3	2	1	4	1	0	0	1	1	0	0	0	4	0	0	2	1	1	0	1
chr15	21536751	21536802	52	10	0	52	40	12	7	1	1	8	3	0	0	1	2	1	1	4	6	0	3	1	2	0	0	0	0	0	0	2	0	0	0	0	2	2	0	3
chr15	21536804	21536868	65	10	0	65	44	21	4	1	3	4	3	0	0	5	3	0	2	5	3	0	5	4	0	0	0	1	2	0	0	1	1	1	0	4	5	2	0	4
chr15	21536870	21536955	86	10	0	86	54	32	3	1	4	7	1	1	3	6	5	2	1	7	6	2	3	0	3	1	0	2	3	3	0	3	1	1	0	0	4	4	0	7
chr15	21536969	21537112	144	10	0	144	89	55	9	5	3	7	2	6	6	9	8	3	6	5	6	1	4	7	8	4	0	3	6	1	0	5	4	1	0	1	6	6	0	10
chr15	21537114	21537149	36	10	0	36	25	11	6	2	2	3	2	0	0	1	2	0	0	0	3	1	2	0	2	1	0	0	1	1	0	1	0	0	0	2	0	0	0	2
chr15	21537153	21537187	35	10	0	35	29	6	6	1	4	4	0	0	0	0	3	0	0	0	6	1	0	3	0	1	0	1	0	0	0	1	0	0	0	0	0	0	0	2
chr15	21537189	21537796	608	10	0	608	400	208	46	15	21	45	26	11	18	23	23	5	20	17	32	22	25	49	21	8	1	24	13	12	0	18	20	10	0	16	25	13	1	26
chr15	21537804	21538925	1122	10	0	1122	669	453	85	32	46	65	47	46	38	36	48	21	37	21	47	29	30	40	48	33	7	40	44	21	6	38	32	19	8	29	43	37	3	44
chr15	21538930	21539301	372	10	0	372	260	112	43	12	22	25	14	10	3	13	19	4	7	7	27	11	15	27	15	1	2	18	7	8	0	5	5	5	0	8	13	6	2	16
chr15	21539306	21539425	120	10	0	120	80	40	9	5	6	5	0	2	9	2	4	0	5	5	12	5	3	6	3	1	0	8	2	0	0	1	6	0	0	4	3	2	0	10
chr15	21539469	21539630	162	10	0	162	95	67	10	6	2	8	5	4	5	6	6	1	15	5	5	3	5	7	6	4	0	4	4	6	0	6	4	0	1	5	7	6	1	13
chr15	21539634	21540225	592	10	0	592	313	279	37	11	24	21	26	35	24	9	14	10	23	13	17	15	13	19	38	11	7	15	23	13	11	21	19	23	10	28	15	21	4	20
chr15	21540247	21540409	163	10	0	163	93	70	8	5	5	4	7	5	9	14	8	4	5	5	0	2	5	5	6	4	0	6	7	0	0	3	11	5	0	6	12	1	0	9
chr15	21540453	21540659	207	10	0	207	123	84	8	6	10	10	6	5	10	5	8	3	10	5	12	5	9	10	5	4	1	8	6	4	0	6	8	3	1	10	7	5	0	15
chr15	21540714	21541118	405	10	0	405	266	139	32	10	14	31	16	20	12	17	21	6	5	13	17	12	10	29	26	8	3	11	14	4	2	6	11	3	0	5	14	11	1	19
chr15	21541142	21541775	634	10	0	634	437	197	59	27	23	47	21	20	11	31	27	6	17	27	48	11	20	41	28	11	1	23	14	7	1	16	4	6	2	6	37	14	0	26
chr15	21541937	21542270	334	10	0	334	190	144	22	15	9	11	14	16	9	19	14	5	11	9	7	6	7	15	22	12	0	7	15	13	3	14	7	3	1	7	14	17	0	8
chr15	21542299	21543101	803	10	0	803	545	258	95	21	39	54	30	15	20	37	37	10	16	24	46	28	23	49	33	11	4	26	20	10	1	17	21	9	3	15	28	17	2	40
chr15	21543148	21545183	2036	10	0	2036	1215	821	130	64	77	94	68	60	88	90	87	43	71	64	80	45	63	90	99	44	9	60	68	40	4	75	57	41	3	55	83	63	10	109
chr15	21545198	21545338	141	10	0	141	96	45	9	7	7	9	5	3	2	9	4	4	5	4	13	4	3	6	11	1	0	6	2	2	0	4	1	0	0	1	5	5	0	7
chr15	21545429	21545764	336	10	0	336	206	130	22	11	10	16	10	7	16	15	13	8	9	9	13	9	14	22	19	9	0	7	10	5	0	16	8	5	1	10	11	12	1	16
chr15	21545778	21547154	1377	10	0	1377	692	685	45	23	67	36	54	61	74	49	48	38	66	20	25	24	34	27	60	35	5	46	72	55	4	60	52	55	1	67	54	46	4	68
chr15	21547211	21547933	723	10	0	723	443	280	67	19	24	43	33	29	25	29	21	8	31	28	32	13	8	32	26	19	4	20	30	10	3	19	24	17	3	16	35	16	4	33
chr15	21547956	21548787	832	10	0	832	594	238	102	29	36	69	38	11	14	34	40	13	11	26	56	23	29	61	41	12	1	22	18	5	1	18	11	8	1	10	27	17	5	41
chr15	21548816	21549484	669	10	0	669	452	217	69	22	21	44	26	15	16	35	17	16	8	22	44	15	22	59	28	15	4	21	22	14	0	16	17	7	1	7	25	16	1	22
chr15	21549510	21549822	313	10	0	313	222	91	44	11	19	17	15	5	7	11	15	3	3	8	17	12	4	29	19	3	0	9	8	4	0	5	4	4	1	5	8	6	1	14
chr15	21549845	21550195	351	10	0	351	252	99	42	11	19	24	18	11	4	12	10	7	8	6	25	11	14	28	18	5	0	17	5	1	0	2	10	0	0	10	13	2	0	16
chr15	21550196	21550356	161	10	0	161	111	50	22	3	10	17	12	3	3	5	13	5	5	0	4	0	0	8	6	1	0	4	5	1	0	2	4	2	0	2	8	4	0	10
chr15	21550412	21550627	216	10	0	216	139	77	22	4	16	10	8	6	6	6	14	6	4	8	8	6	6	8	8	3	1	9	5	4	1	6	1	1	0	4	12	8	0	13
chr15	21550628	21550675	48	10	0	48	35	13	7	0	1	7	1	0	1	1	5	1	1	0	3	0	3	2	1	0	1	0	1	0	1	0	0	0	0	2	1	2	0	4
chr15	21550679	21550748	70	10	0	70	54	16	8	1	4	6	5	1	0	3	4	0	1	5	3	2	2	7	3	0	0	1	0	0	0	0	1	0	0	1	5	0	0	5
chr15	21550753	21551144	392	10	0	392	231	161	19	14	16	18	12	17	12	18	22	4	15	12	14	10	12	14	18	11	0	16	17	12	0	16	3	8	0	7	21	14	2	16
chr15	21551146	21551251	106	10	0	106	76	30	14	2	3	12	5	2	2	3	5	0	2	7	6	1	6	4	2	2	0	1	3	1	0	1	1	1	0	4	6	1	0	7
chr15	21551284	21552319	1036	10	0	1036	587	449	62	39	48	35	54	38	46	23	30	22	44	31	39	16	28	31	49	18	6	42	35	25	3	43	28	24	5	43	48	39	2	38
chr15	21552332	21553925	1594	10	0	1594	964	630	117	48	72	77	59	48	64	43	62	32	62	35	77	36	44	87	56	44	7	57	56	38	2	63	37	32	2	44	65	45	3	78
chr15	21553927	21553971	45	10	0	45	40	5	11	1	0	5	1	0	0	4	0	0	0	0	7	2	0	7	3	0	0	0	0	0	0	0	2	0	0	0	0	0	0	0
chr15	21553972	21554457	486	10	0	486	322	164	33	17	16	42	24	16	14	22	17	6	9	15	33	15	8	33	28	11	1	14	13	11	1	12	13	6	1	6	22	9	1	15
chr15	21554458	21554529	72	10	0	72	60	12	16	1	0	10	4	1	1	2	3	1	0	2	4	0	2	12	3	0	0	1	1	0	0	0	0	0	0	0	3	1	0	2
chr15	21554546	21555063	518	10	0	518	309	209	23	13	23	23	19	15	19	26	15	9	19	16	24	14	18	31	27	8	0	16	15	14	1	17	18	13	3	18	19	12	0	28
chr15	21555065	21555085	21	10	0	21	17	4	2	1	0	3	0	0	0	1	1	0	0	0	2	0	0	6	0	1	0	0	1	0	0	0	0	0	0	0	0	1	0	0
chr15	21555087	21556491	1405	10	0	1405	819	586	86	43	47	77	58	41	69	67	67	20	46	46	41	30	31	48	43	35	2	54	66	32	4	44	55	34	5	32	71	45	1	63
chr15	21556493	21556526	34	10	0	34	26	8	7	3	1	2	4	0	0	0	1	0	2	0	1	0	1	2	1	0	0	2	0	0	0	0	1	0	0	1	2	0	0	1
chr15	21556528	21557587	1060	10	0	1060	686	374	96	32	40	67	38	28	32	56	46	25	35	33	54	27	33	42	50	24	2	36	27	10	1	35	19	14	2	15	58	25	1	55
chr15	21557589	21557616	28	10	0	28	14	14	1	0	2	1	1	1	0	2	2	1	0	1	0	0	0	0	1	0	0	1	2	1	0	1	2	1	1	0	0	2	1	1
chr15	21557618	21557919	302	10	0	302	190	112	39	13	13	12	17	4	11	13	11	7	3	12	11	4	12	7	14	5	0	9	11	7	0	8	11	7	1	5	9	6	1	17
chr15	21557929	21558733	805	10	0	805	479	326	53	29	22	33	30	35	27	52	30	10	19	30	23	21	24	39	44	20	4	27	36	27	1	20	32	10	1	15	32	27	0	30
chr15	21558745	21561140	2396	10	0	2396	1548	848	202	71	107	150	87	65	76	109	113	38	62	68	127	71	71	129	108	38	14	85	59	30	4	70	58	35	3	62	112	60	11	99
chr15	21561156	21562829	1674	10	0	1674	1077	597	157	60	85	91	72	47	56	59	80	32	36	53	85	40	40	83	81	30	6	61	50	26	1	48	30	23	6	33	73	46	7	75
chr15	21562831	21562851	21	10	0	21	17	4	2	0	1	4	1	0	0	0	0	0	0	0	5	1	0	2	0	1	0	0	0	0	0	0	1	0	0	1	0	0	0	0
chr15	21562853	21563732	880	10	0	880	531	349	63	25	39	47	33	17	37	28	38	18	33	26	40	20	28	37	31	13	4	32	25	31	0	30	23	12	3	30	37	30	3	45
chr15	21563733	21563811	79	10	0	79	45	34	8	2	4	3	4	1	3	2	2	3	2	1	3	1	2	4	3	2	0	2	3	5	0	1	2	4	0	2	2	0	0	6
chr15	21563813	21566690	2878	10	0	2878	1694	1184	218	69	131	139	106	90	124	107	135	47	125	82	99	60	69	92	113	55	9	89	92	61	9	115	95	56	6	95	127	105	6	150
chr15	21566706	21567097	392	10	0	392	246	146	43	14	23	23	22	2	12	13	24	11	12	9	13	5	4	14	14	5	2	11	15	11	2	12	6	6	1	5	14	18	1	23
chr15	21567098	21567784	687	10	0	687	409	278	41	25	14	34	27	31	17	42	21	15	13	19	26	19	23	40	42	20	3	25	31	23	6	16	22	6	6	10	22	27	3	16
chr15	21569798	21570318	521	10	0	521	303	218	39	23	13	16	22	24	12	47	20	7	13	13	11	10	10	21	39	14	0	11	21	21	3	14	22	9	2	9	23	15	1	14
chr15	21570319	21571266	948	10	0	948	603	345	85	34	48	52	42	25	22	47	43	15	25	18	48	37	28	33	54	21	3	33	34	23	0	24	21	8	0	23	27	29	1	43
chr15	21842581	21842619	39	9	0	39	20	19	9	1	1	0	0	1	2	1	2	1	1	0	0	0	0	0	1	2	0	0	2	2	1	1	0	2	3	1	1	0	0	2
chr15	21878852	21878915	64	10	0	64	36	28	20	0	0	0	1	2	4	0	0	3	5	0	0	0	0	0	1	0	1	3	3	1	1	1	2	2	2	2	1	2	2	3
chr15	21909832	21909888	57	10	0	57	39	18	4	4	2	2	1	1	1	2	2	1	3	2	5	0	5	4	2	0	0	4	0	0	0	2	0	0	0	0	2	2	0	4
chr15	21911274	21911323	50	10	0	50	26	24	5	0	1	2	0	5	3	0	1	0	1	1	2	1	2	1	3	3	0	0	4	2	0	2	1	2	0	3	1	1	0	1
chr15	21912160	21912207	48	10	0	48	28	20	3	2	4	0	1	1	3	1	0	0	2	2	5	3	0	0	3	1	1	1	1	0	0	2	1	2	0	3	1	0	1	2
chr15	21974164	22005081	30918	10	0	30918	19184	11734	2493	935	1297	1716	1221	935	1079	1266	1313	547	957	882	1414	740	865	1523	1380	628	119	1030	1007	617	81	955	825	531	85	777	1289	884	89	1436
chr15	22005082	22005120	39	10	0	39	21	18	0	1	0	2	1	3	1	3	1	0	2	2	1	1	1	1	2	3	0	1	4	0	0	0	0	1	1	0	2	0	0	3
chr15	22005121	22080548	75428	10	0	75428	48559	26869	6916	2417	3226	4603	3255	1808	2341	3065	3317	1219	2027	2263	3675	2018	2220	4187	3207	1504	266	2485	2361	1283	142	2085	1819	1061	123	1707	3082	2023	183	3538
chr15	22080549	22308242	227694	9	0	227694	130243	97451	16053	6430	8536	10363	8141	7946	9987	8384	8695	4647	7921	5894	8493	4808	5518	8427	9734	5831	1326	6940	9072	6890	1423	8583	6831	5800	1252	6611	8821	7447	1061	9827
chr15	22358243	22390319	32077	7	0	32077	18078	13999	2062	905	1281	1397	1184	1077	1504	1146	1370	665	1124	891	1029	596	717	1130	1317	793	194	939	1277	977	226	1247	1030	834	153	961	1287	1124	159	1479
chr15	22390320	22390370	51	8	0	51	36	15	14	7	0	0	7	3	0	1	0	1	1	0	0	1	0	1	10	1	0	0	0	0	0	0	0	0	0	0	1	0	0	1
chr15	22390371	22399957	9587	7	0	9587	5874	3713	946	341	416	502	395	238	341	355	382	160	265	234	482	203	243	369	396	220	48	278	332	235	53	305	264	211	53	276	337	259	40	406
chr15	22399958	22400004	47	8	0	47	28	19	5	5	0	0	1	0	1	0	2	0	4	0	2	1	5	0	1	2	0	3	1	0	0	4	0	0	0	2	1	3	0	2
chr15	22400005	22420897	20893	7	0	20893	10796	10097	1258	513	689	721	647	720	1151	637	724	479	870	482	552	363	404	585	817	561	133	564	962	971	227	986	679	766	212	663	696	848	110	901
chr15	22420898	22421486	589	6	0	589	393	196	58	22	27	36	24	8	18	20	25	11	16	16	36	16	23	35	25	10	1	22	13	6	0	21	11	5	0	14	21	19	1	27
chr15	22421488	22421527	40	6	0	40	27	13	1	0	3	4	0	1	1	2	6	0	1	0	1	1	0	4	1	0	0	1	1	1	0	2	0	0	0	0	2	3	0	2
chr15	22421529	22421863	335	6	0	335	163	172	22	15	7	7	16	20	20	5	7	4	13	9	6	5	5	1	15	16	3	10	22	7	6	15	12	17	2	13	12	11	3	7
chr15	22421864	22422496	633	6	0	633	422	211	73	14	27	40	22	12	25	29	30	17	12	25	28	13	11	42	30	9	0	17	19	10	3	9	10	6	1	13	30	16	2	36
chr15	22422498	22422520	23	6	0	23	18	5	4	0	1	3	1	0	0	0	0	0	0	1	4	0	1	1	0	0	0	0	0	0	0	0	0	0	2	2	1	0	0	0
chr15	22422522	22424384	1863	6	0	1863	1064	799	131	55	72	81	67	55	76	67	54	34	69	38	87	42	44	90	73	50	6	57	87	66	8	79	58	61	7	52	47	63	11	74
chr15	22424386	22424411	26	6	0	26	21	5	8	2	2	0	1	0	0	1	1	0	0	0	2	1	0	1	0	1	0	2	1	0	0	0	0	0	0	0	1	0	0	0
chr15	22424413	22425329	917	6	0	917	647	270	125	30	43	82	42	15	24	34	47	7	12	21	67	26	20	51	31	13	1	33	22	6	4	13	27	11	2	19	35	15	3	34
chr15	22425330	22428308	2979	6	0	2979	1732	1247	200	94	114	142	116	109	128	128	113	51	95	74	121	66	68	111	142	57	18	103	97	89	17	93	118	73	14	93	125	77	15	116
chr15	22428310	22428338	29	6	0	29	10	19	0	0	0	0	0	2	2	2	0	0	2	2	0	0	0	0	0	0	0	2	3	2	0	2	1	4	0	0	2	1	0	0
chr15	22428340	22428829	490	6	0	490	197	293	11	3	20	7	7	20	33	15	20	10	32	3	3	5	5	3	9	17	0	12	31	30	12	27	21	34	10	23	14	20	4	27
chr15	22428851	22429504	654	6	0	654	288	366	14	15	21	12	16	26	39	16	22	19	44	7	10	6	9	11	17	29	2	18	36	46	9	46	22	28	1	19	21	34	6	31
chr15	22429506	22429634	129	6	0	129	50	79	3	3	5	0	1	2	12	2	5	1	9	0	2	2	2	0	2	2	2	2	7	7	3	8	4	10	3	13	3	6	0	6
chr15	22429636	22431337	1702	6	0	1702	761	941	61	33	52	34	40	70	127	40	45	31	90	26	34	30	36	12	46	61	12	45	104	84	15	107	77	97	14	85	49	68	7	68
chr15	22431338	22431406	69	6	0	69	26	43	0	0	4	0	0	0	5	0	4	0	11	0	0	0	0	0	0	0	0	1	0	2	2	9	4	3	0	7	2	8	2	3
chr15	22431407	22431548	142	6	0	142	55	87	2	1	3	2	2	5	11	2	3	1	15	1	1	2	2	1	1	3	0	5	6	10	2	11	9	7	4	8	5	9	0	6
chr15	22431549	22431702	154	6	0	154	75	79	8	4	7	4	4	3	9	2	8	1	12	4	3	1	2	2	1	4	0	3	7	4	1	11	4	7	3	8	6	8	2	9
chr15	22431703	22431802	100	6	0	100	44	56	3	1	5	1	5	4	6	3	2	5	7	2	0	0	0	0	3	1	2	4	3	5	3	3	4	5	1	4	7	2	0	7
chr15	22431803	22431965	163	6	0	163	66	97	4	3	6	0	5	7	12	4	2	5	11	4	1	1	0	0	5	7	1	3	13	11	0	10	4	8	3	9	6	8	1	7
chr15	22431966	22432014	49	6	0	49	29	20	2	2	4	1	2	0	0	2	4	0	3	2	1	1	1	3	0	1	1	0	0	1	1	1	2	0	0	2	2	1	2	5
chr15	22432015	22432080	66	6	0	66	24	42	2	0	2	0	1	1	5	3	1	1	5	1	0	1	1	0	2	1	0	0	5	8	0	5	3	5	0	4	0	4	0	3
chr15	22432081	22432131	51	6	0	51	17	34	1	0	1	0	1	3	4	0	0	2	5	0	0	0	0	0	1	3	0	1	6	5	0	4	1	3	0	2	0	3	0	3
chr15	22432132	22432183	52	6	0	52	31	21	3	0	1	3	0	2	3	2	2	1	0	3	2	2	3	2	2	2	0	2	3	2	0	2	1	1	0	0	1	2	0	3
chr15	22432184	22433490	1307	6	0	1307	686	621	61	34	55	37	35	49	71	41	46	22	58	31	45	33	29	39	50	33	7	48	59	57	9	57	44	44	7	47	42	49	5	61
chr15	22433504	22433969	466	6	0	466	230	236	24	15	25	8	16	13	23	7	28	14	27	8	4	10	5	3	17	14	10	11	16	19	11	23	11	10	4	11	15	25	3	34
chr15	22433970	22433994	25	6	0	25	13	12	0	1	1	0	0	0	2	0	1	1	1	2	1	0	1	0	1	1	0	0	1	0	0	2	1	1	0	0	0	1	0	4
chr15	22433995	22434086	92	6	0	92	34	58	0	1	1	1	1	3	7	6	1	4	3	2	1	2	0	1	3	5	0	2	7	11	4	3	6	6	0	0	1	3	0	5
chr15	22434087	22434122	36	6	0	36	12	24	0	1	0	0	0	2	2	1	0	2	1	1	0	0	0	0	1	3	0	1	4	10	0	1	0	0	0	0	0	2	0	2
chr15	22434123	22435004	882	6	0	882	430	452	43	24	34	21	31	23	50	22	32	26	54	15	16	16	16	6	32	19	8	30	39	49	7	46	24	35	5	30	31	37	10	49
chr15	22435006	22435069	64	6	0	64	20	44	1	0	4	1	2	1	4	0	3	1	1	0	0	0	1	1	1	1	0	0	4	13	0	7	1	7	1	2	1	2	1	1
chr15	22435071	22436245	1175	6	0	1175	590	585	41	35	39	29	38	42	72	35	39	30	62	32	26	23	23	24	48	35	4	42	57	60	5	60	40	37	4	29	42	50	5	65
chr15	22436247	22436262	16	6	0	16	11	5	1	0	0	2	0	0	1	2	0	0	0	2	2	0	0	0	0	0	0	0	1	0	0	0	0	0	0	0	2	0	0	1
chr15	22436264	22436416	153	6	0	153	96	57	17	6	9	5	10	3	5	3	8	6	5	5	2	4	3	3	7	4	1	8	5	2	0	2	0	2	1	1	10	1	2	11
chr15	22436418	22436469	52	6	0	52	28	24	5	2	2	1	1	0	5	1	1	1	2	0	3	1	2	0	1	2	0	2	3	1	0	2	2	2	0	4	0	1	0	3
chr15	22436471	22437244	774	6	0	774	433	341	40	24	33	28	27	23	40	33	38	20	36	22	20	17	12	19	33	22	2	27	36	23	1	30	16	16	1	17	38	30	0	48
chr15	22437246	22437272	27	6	0	27	14	13	0	1	0	1	0	0	3	2	0	2	0	1	2	2	0	0	1	1	0	3	2	0	0	0	1	0	0	0	1	2	0	0
chr15	22437274	22438587	1314	6	0	1314	634	680	67	19	51	30	39	54	67	41	33	37	54	33	28	22	20	38	42	51	8	30	78	86	14	67	38	50	10	48	44	58	8	47
chr15	22438588	22440317	1730	6	0	1730	1004	726	136	40	58	84	52	63	78	58	67	31	68	49	63	39	48	69	61	50	9	52	74	40	4	72	44	47	6	51	72	53	13	77
chr15	22440318	22441267	950	6	0	950	618	332	86	26	39	43	38	29	28	37	24	15	26	36	45	31	34	80	53	16	6	26	27	12	1	22	25	16	2	25	27	18	1	54
chr15	22441270	22441437	168	6	0	168	86	82	10	5	6	5	11	3	11	5	1	4	8	7	2	3	2	1	7	0	0	8	9	7	1	6	8	7	1	8	6	9	0	5
chr15	22441452	22442220	769	6	0	769	463	306	77	28	28	36	34	29	31	19	22	16	30	22	36	14	14	26	25	19	5	38	28	16	7	20	28	15	5	10	32	21	1	35
chr15	22442225	22443146	922	6	0	922	572	350	78	24	42	53	36	26	32	30	40	19	28	18	41	22	28	53	36	17	3	35	29	25	1	33	22	23	1	20	37	23	3	42
chr15	22443153	22444190	1038	6	0	1038	606	432	83	33	33	59	41	26	42	33	41	11	39	25	44	25	30	39	31	20	13	31	43	18	7	41	29	37	9	37	39	34	7	36
chr15	22444192	22444220	29	6	0	29	11	18	0	1	0	0	0	1	4	0	1	0	4	0	0	0	0	0	0	0	0	1	0	0	0	2	2	1	0	5	2	1	2	0
chr15	22444222	22445061	840	6	0	840	508	332	81	28	29	40	34	34	31	26	34	13	28	22	29	21	24	34	43	19	7	25	30	18	5	20	23	15	5	23	29	21	3	44
chr15	22445063	22445082	20	6	0	20	10	10	0	0	0	0	0	0	2	3	0	0	0	0	0	1	0	3	1	0	0	0	1	0	0	1	3	1	0	2	0	0	0	0
chr15	22445084	22445222	139	6	0	139	119	20	8	1	0	8	0	6	0	12	0	0	0	0	9	13	0	60	20	0	0	0	0	0	0	0	0	0	0	0	0	0	0	0
chr15	22445241	22445542	302	6	0	302	253	49	34	0	0	29	2	5	0	38	2	1	0	0	26	40	2	72	43	0	2	1	0	0	0	0	0	0	0	0	2	0	0	1
chr15	22445543	22445862	320	6	0	320	189	131	31	14	3	16	5	18	14	17	10	4	7	3	17	9	6	14	20	11	5	8	12	12	1	13	9	6	2	7	13	9	0	2
chr15	22445864	22445920	57	6	0	57	47	10	8	2	1	9	0	0	2	2	6	0	0	1	6	0	2	6	0	1	0	1	1	0	0	0	0	0	0	0	3	0	0	4
chr15	22445921	22446249	329	6	0	329	147	182	45	4	2	7	5	11	13	2	3	8	19	8	5	7	7	1	6	7	9	8	11	15	17	12	6	22	17	13	8	12	9	8
chr15	22446250	22447303	1054	6	0	1054	664	390	101	31	53	64	40	30	32	39	47	14	30	27	61	33	22	40	45	19	8	36	33	27	4	23	27	18	7	24	36	23	5	53
chr15	22447304	22447743	440	6	0	440	308	132	61	13	18	28	20	7	11	18	12	8	12	15	27	12	13	32	26	7	0	7	6	7	0	9	8	5	0	9	15	3	0	29
chr15	22447747	22448293	547	6	0	547	329	218	47	17	12	34	21	17	22	20	20	7	22	15	23	11	11	29	22	10	6	14	17	8	5	18	19	15	5	15	22	15	6	20
chr15	22448294	22448571	278	6	0	278	153	125	28	6	5	11	6	8	16	4	4	5	15	9	14	6	8	6	6	6	2	11	9	7	4	13	8	12	5	9	11	8	3	11
chr15	22448572	22448981	410	6	0	410	194	216	29	9	8	18	14	14	22	7	7	9	15	10	13	4	6	7	7	15	5	9	27	16	14	19	11	26	11	14	12	19	2	9
chr15	22448983	22449008	26	6	0	26	17	9	11	1	0	0	1	0	0	0	1	0	2	0	0	0	0	0	0	0	0	1	0	0	1	1	0	1	1	0	1	2	0	0
chr15	22449009	22449109	101	6	0	101	53	48	3	3	4	6	5	2	5	2	3	4	4	3	4	0	1	3	3	3	1	2	6	4	1	4	3	3	1	3	2	5	1	5
chr15	22449111	22449134	24	6	0	24	8	16	1	0	1	0	0	3	1	0	0	0	1	0	0	0	0	0	0	1	2	0	3	0	0	1	0	3	2	2	1	0	0	0
chr15	22449136	22449284	149	6	0	149	61	88	4	2	1	5	3	5	9	2	2	6	9	5	3	1	2	2	2	8	2	2	8	8	9	6	3	9	4	4	6	6	1	8
chr15	22449294	22449472	179	6	0	179	82	97	31	4	2	1	5	7	9	2	2	2	12	1	0	1	1	0	2	6	1	5	8	9	8	9	10	12	5	5	3	7	2	5
chr15	22449474	22449502	29	6	0	29	14	15	2	1	0	0	0	1	0	0	1	1	7	0	0	0	0	0	0	3	0	0	1	0	2	0	0	0	0	0	1	0	0	7
chr15	22449504	22449711	208	6	0	208	89	119	10	7	4	1	6	6	9	5	4	5	10	11	2	2	6	0	2	8	4	5	15	8	7	13	2	14	4	6	7	13	5	5
chr15	22449712	22449750	39	6	0	39	26	13	14	0	0	2	1	2	0	1	0	0	0	1	1	0	3	0	2	1	0	0	1	2	1	0	1	0	1	2	0	0	0	1
chr15	22449752	22450224	473	6	0	473	230	243	39	11	6	15	16	15	31	5	8	10	32	7	9	5	5	15	8	14	3	16	20	14	12	21	23	21	13	20	16	18	6	17
chr15	22450225	22450941	717	6	0	717	340	377	38	21	23	18	30	24	36	13	17	15	34	22	15	9	11	13	20	26	8	15	38	28	20	31	25	35	14	28	19	28	10	31
chr15	22450942	22451985	1044	6	0	1044	579	465	95	40	40	41	46	36	37	30	34	20	35	16	42	19	22	25	44	23	14	34	31	42	17	40	36	28	15	35	37	37	6	25
chr15	22451987	22452009	23	6	0	23	13	10	1	0	0	2	1	2	1	1	1	0	2	1	0	0	0	0	1	0	0	0	0	0	0	1	1	0	0	1	3	1	0	1
chr15	22452011	22452635	625	6	0	625	361	264	35	16	37	26	22	15	26	20	35	8	27	17	22	17	18	19	19	9	3	24	18	8	3	28	24	13	5	22	23	27	3	34
chr15	22452637	22452677	41	6	0	41	22	19	2	1	1	0	1	2	2	2	1	2	3	2	0	0	2	0	3	2	0	1	1	0	0	3	0	0	0	0	3	2	0	3
chr15	22452678	22453036	359	6	0	359	249	110	29	7	13	38	19	6	8	11	16	1	11	13	23	9	10	34	11	5	0	7	10	5	0	8	5	7	0	10	18	6	0	17
chr15	22453037	22453068	32	6	0	32	21	11	2	3	3	1	2	1	0	1	3	0	0	1	2	0	0	0	1	1	0	2	3	0	0	0	0	0	0	0	1	2	0	1
chr15	22453069	22453322	254	6	0	254	152	102	20	9	15	9	9	5	14	12	16	4	10	8	7	4	4	5	7	3	0	11	9	1	1	5	11	5	1	9	13	7	0	18
chr15	22453323	22453349	27	6	0	27	16	11	1	0	2	1	0	0	0	0	2	0	3	2	1	0	3	0	0	0	0	0	0	0	0	3	0	0	0	0	0	3	0	4
chr15	22453350	22453528	179	6	0	179	80	99	7	3	3	5	5	9	9	4	3	4	11	9	3	1	2	2	4	8	2	2	10	7	3	11	3	10	5	6	10	6	4	6
chr15	22453529	22453594	66	6	0	66	33	33	5	1	0	2	1	3	4	1	0	1	2	0	2	4	4	1	3	2	1	3	4	2	1	3	2	4	1	3	0	2	1	1
chr15	22453595	22454999	1405	6	0	1405	853	552	115	40	70	70	53	42	61	53	76	20	42	40	51	36	34	49	58	23	4	54	43	38	5	36	49	21	4	38	59	40	1	78
chr15	22455000	22455037	38	6	0	38	22	16	1	1	1	2	1	2	0	3	1	1	0	2	2	1	3	0	1	1	1	2	2	0	1	1	2	0	0	0	1	3	0	0
chr15	22455038	22455132	95	6	0	95	58	37	5	4	4	5	3	4	3	4	5	0	2	4	5	4	1	4	6	4	1	1	3	1	1	6	1	1	0	0	4	5	0	2
chr15	22455133	22455501	369	5	0	369	197	172	18	6	8	18	11	12	20	14	7	8	20	14	14	7	6	12	9	8	1	15	17	9	4	16	14	16	4	10	17	13	5	14
chr15	22455505	22455907	403	5	0	403	291	112	69	7	20	33	13	9	8	21	16	4	6	10	30	11	5	28	23	1	0	7	9	6	0	7	8	5	0	9	11	9	0	16
chr15	22455908	22455961	54	6	0	54	34	20	2	2	2	1	1	2	3	4	3	0	1	4	2	1	0	5	3	0	0	2	2	0	0	1	1	1	0	2	4	2	0	1
chr15	22455962	22456016	55	5	0	55	33	22	3	0	1	4	1	2	1	2	2	1	3	1	2	0	1	7	0	2	0	2	4	2	0	2	1	1	0	0	1	3	2	2
chr15	22456017	22456183	167	6	0	167	107	60	21	8	3	13	7	2	5	4	11	2	5	4	6	2	7	7	6	3	1	4	5	2	1	7	2	1	2	3	5	9	1	6
chr15	22456184	22458149	1966	5	0	1966	1199	767	174	51	92	107	74	62	74	64	87	28	60	53	89	55	62	66	71	40	9	76	63	34	9	65	60	40	8	62	79	57	8	85
chr15	22458173	22459017	845	5	0	845	458	387	62	19	32	31	31	39	40	29	24	17	29	21	27	17	19	21	43	19	6	22	35	25	5	39	25	34	9	32	36	26	2	27
chr15	22459018	22459998	981	5	0	981	402	579	20	23	29	12	39	44	51	22	17	34	53	11	9	17	17	3	34	51	5	28	66	98	15	64	27	41	5	29	29	53	5	28
chr15	22460000	22460043	44	6	0	44	22	22	4	3	1	0	2	0	2	0	2	0	5	0	0	1	1	0	0	3	0	1	4	2	0	1	0	1	0	1	0	2	0	6
chr15	22460045	22461841	1797	5	0	1797	970	827	103	61	74	58	62	56	94	47	76	39	87	44	56	38	41	33	62	51	14	67	75	67	11	73	44	54	11	51	78	54	10	104
chr15	22461849	22461949	101	5	0	101	38	63	1	2	3	1	1	6	7	3	4	2	2	3	1	0	0	1	2	6	0	2	12	17	0	5	0	4	0	2	3	6	0	3
chr15	22461950	22461998	49	6	0	49	22	27	0	0	1	1	1	3	4	3	1	1	2	2	0	0	1	0	3	1	0	1	4	3	0	1	4	3	0	1	0	1	0	5
chr15	22461999	22462683	685	5	0	685	323	362	21	16	32	8	19	24	41	25	30	14	39	15	7	8	17	6	27	12	3	20	32	30	5	41	26	31	4	31	24	34	4	37
chr15	22462684	22462715	32	6	0	32	11	21	0	0	1	0	1	1	2	1	0	0	2	0	0	1	0	1	0	0	0	1	2	3	1	2	2	5	1	0	1	0	0	2
chr15	22462716	22463147	432	6	0	432	253	179	25	14	20	16	15	19	13	13	15	3	14	13	21	20	9	22	26	11	6	13	17	14	1	19	6	11	3	6	11	15	2	17
chr15	22463148	22463240	93	5	0	93	53	40	2	5	3	5	3	4	1	4	4	1	4	2	6	2	3	3	3	5	1	2	4	1	1	5	3	1	0	2	3	4	2	2
chr15	22463263	22463649	387	5	0	387	192	195	15	12	9	17	17	18	20	7	13	6	21	9	8	6	9	5	15	12	3	12	16	15	6	17	13	16	5	14	17	12	4	16
chr15	22463650	22464632	983	5	0	983	501	482	63	25	34	26	25	35	51	38	38	22	46	18	21	20	24	13	34	29	10	29	53	50	6	45	28	31	6	37	34	44	2	44
chr15	22464633	22464735	103	5	0	103	63	40	8	0	2	9	3	5	5	0	1	2	7	1	8	1	1	8	1	1	0	6	4	1	1	1	5	4	2	3	4	1	1	5
chr15	22464736	22464814	79	6	0	79	30	49	0	0	2	1	1	6	5	1	2	1	3	0	1	2	3	0	2	5	1	2	7	6	2	4	2	5	1	6	2	3	0	1
chr15	22464815	22465307	493	5	0	493	228	265	17	10	16	6	7	18	30	10	19	5	40	17	7	9	7	9	15	13	6	8	19	12	10	36	18	15	9	22	13	37	5	26
chr15	22465308	22465659	352	5	0	352	158	194	5	0	21	1	1	7	16	8	20	0	47	16	1	6	0	9	4	0	9	0	6	7	5	36	20	8	3	12	2	39	5	36
chr15	22465663	22465754	92	5	0	92	40	52	0	0	6	0	0	3	4	1	6	1	11	3	0	2	0	2	1	2	3	0	2	1	2	11	5	1	0	2	0	12	1	8
chr15	22465755	22465952	198	6	0	198	87	111	1	1	10	0	0	4	9	6	10	0	28	8	1	3	0	6	3	0	4	0	4	6	4	22	11	3	0	6	1	27	0	18
chr15	22465974	22466065	92	6	0	92	40	52	2	0	4	0	0	3	5	1	5	0	12	2	0	2	0	2	2	1	2	0	2	2	2	12	5	2	0	3	0	13	0	6
chr15	22466066	22466078	13	6	0	13	5	8	0	0	1	0	0	0	1	0	1	0	2	0	0	0	0	0	0	0	0	0	0	0	0	2	1	0	0	0	0	2	0	1
chr15	22466104	22466310	207	5	0	207	97	110	0	2	14	0	1	0	11	5	14	0	26	11	1	4	0	7	2	0	4	0	1	7	3	19	13	1	1	7	1	23	2	25
chr15	22466370	22466543	174	6	0	174	81	93	1	2	12	1	2	0	9	6	12	0	20	9	1	2	0	3	2	0	2	0	3	8	2	16	11	1	1	5	1	19	1	20
chr15	22466544	22466604	61	6	0	61	30	31	0	1	5	0	1	0	3	2	5	0	7	3	1	0	0	1	1	0	0	0	0	0	1	6	5	1	1	1	0	6	0	8
chr15	22466605	22466625	21	6	0	21	10	11	0	0	2	0	0	0	1	0	2	0	2	1	0	1	0	1	0	0	0	0	0	1	0	1	1	0	0	1	0	2	0	3
chr15	22466626	22466684	59	6	0	59	27	32	0	1	3	0	0	0	4	2	4	0	8	3	0	1	0	1	1	0	1	0	0	1	0	6	4	0	0	2	1	7	1	6
chr15	22466685	22469029	2345	5	0	2345	1156	1189	120	55	82	65	73	71	140	72	71	44	125	51	58	41	52	35	68	67	10	66	110	87	24	139	95	116	24	91	83	90	16	102
chr15	22469031	22469510	480	5	0	480	224	256	21	11	16	13	12	15	34	10	16	7	23	8	12	9	8	9	15	12	1	14	23	27	9	24	15	25	7	29	17	19	3	14
chr15	22469528	22470171	644	5	0	644	260	384	7	9	16	6	9	34	51	18	17	20	38	7	5	12	10	1	28	25	6	16	36	56	6	41	25	31	5	25	23	27	1	31
chr15	22470175	22470686	512	5	0	512	227	285	11	12	11	6	9	21	39	23	11	15	30	9	9	8	9	4	20	20	4	12	28	21	7	28	19	23	6	30	25	18	3	19
chr15	22470705	22470931	227	5	0	227	99	128	3	3	6	3	6	8	11	11	6	10	17	4	0	5	3	2	11	6	4	5	13	14	2	16	3	6	1	8	9	20	1	8
chr15	22470950	22472166	1217	5	0	1217	505	712	22	16	34	14	29	47	89	32	27	29	93	18	9	15	18	12	28	38	7	34	72	77	14	74	59	61	14	66	38	61	9	59
chr15	22472167	22472215	49	6	0	49	20	29	0	1	1	0	0	1	5	1	1	1	1	1	1	2	3	0	3	1	0	0	4	5	0	2	0	3	0	5	0	2	0	3
chr15	22472216	22472558	343	5	0	343	138	205	5	2	6	6	7	12	29	11	5	10	22	6	1	6	6	3	9	12	3	5	19	24	6	17	15	22	4	25	16	8	3	16
chr15	22472559	22482596	10038	6	0	10038	5297	4741	660	285	337	350	340	399	572	284	347	212	382	223	286	183	200	235	409	283	76	311	468	375	81	436	353	358	74	353	365	344	63	392
chr15	22482597	22614596	132000	5	0	132000	74675	57325	10214	3893	4754	5602	4695	4621	6028	4421	4724	2536	4815	3332	4830	2893	2928	4389	5334	3366	1037	4205	5269	3663	1161	4875	4127	3901	1000	3978	5035	4037	868	5467
chr15	22614597	22720855	106259	4	0	106259	64377	41882	9270	3122	4011	5887	3963	3038	3906	3893	4082	1915	3383	2768	4975	2558	2595	5010	4296	2266	689	3383	3544	2483	856	3377	2824	2526	810	2679	4136	2985	571	4456
chr15	22720866	22724447	3582	4	0	3582	2163	1419	331	103	157	174	127	115	153	121	155	66	102	85	151	98	82	141	143	86	26	127	131	86	11	113	106	72	19	91	136	97	12	163
chr15	22724448	22725007	560	4	0	560	355	205	48	17	20	31	22	22	11	22	21	11	15	19	24	15	27	28	31	12	2	21	20	8	3	16	5	7	1	13	21	20	2	23
chr15	22725009	22726483	1475	4	0	1475	885	590	128	50	53	70	50	51	52	55	54	23	53	41	68	42	43	50	66	44	8	48	55	27	11	56	32	33	5	34	55	45	8	63
chr15	22726484	22729927	3444	4	0	3444	2186	1258	321	119	127	187	126	94	126	131	133	57	101	91	173	108	106	185	163	66	14	135	95	53	20	96	76	72	7	79	143	73	15	150
chr15	22729934	22731722	1789	4	0	1789	1154	635	175	57	67	126	71	58	75	40	74	25	43	62	104	45	49	82	69	39	5	72	55	26	4	50	39	29	5	37	81	42	6	75
chr15	22731723	22732450	728	4	0	728	480	248	89	21	33	42	28	25	21	25	29	15	10	21	38	16	30	36	40	12	0	25	24	11	1	17	13	16	0	13	22	14	1	38
chr15	22732452	22736018	3567	4	0	3567	2245	1322	344	100	175	208	134	87	122	117	161	60	102	88	188	104	88	165	130	79	26	117	100	66	19	118	99	58	11	88	131	100	16	164
chr15	22736023	22740522	4500	4	0	4500	2730	1770	408	144	198	203	165	109	171	165	198	83	150	114	181	122	131	186	188	95	24	151	130	101	15	177	128	98	23	95	164	129	24	228
chr15	22740527	22740565	39	4	0	39	25	14	2	0	1	1	1	0	1	0	0	1	3	3	1	1	5	4	0	0	0	2	0	0	0	2	1	1	0	0	1	1	0	5
chr15	22740567	22741361	795	4	0	795	518	277	69	25	37	46	29	15	26	28	34	21	29	19	45	20	25	49	34	16	3	28	18	14	0	24	7	10	0	19	38	16	3	46
chr15	22741363	22741399	37	4	0	37	26	11	4	1	0	4	1	0	1	1	2	3	0	0	2	0	3	3	1	1	0	1	1	0	0	1	0	0	0	0	2	1	0	2
chr15	22741400	22741524	125	4	0	125	94	31	29	6	4	5	5	2	1	5	3	1	4	3	6	5	4	9	6	1	0	7	3	0	0	1	1	1	0	0	4	2	0	5
chr15	22741526	22741575	50	4	0	50	20	30	0	1	0	0	0	3	4	1	1	2	4	3	0	0	0	0	1	1	1	3	4	1	0	1	3	2	2	1	0	2	3	4
chr15	22741577	22741593	17	4	0	17	6	11	0	0	1	0	1	1	1	0	0	0	2	0	0	0	0	0	0	0	0	1	0	0	0	0	2	1	0	3	1	1	0	0
chr15	22741595	22741664	70	4	0	70	22	48	0	1	0	1	0	4	3	1	2	1	5	0	0	2	2	0	2	3	0	2	4	6	5	4	0	5	4	3	2	4	1	1
chr15	22741670	22743412	1743	4	0	1743	1167	576	203	56	91	118	71	28	41	67	82	23	35	35	111	57	48	100	57	34	10	63	42	23	6	56	43	24	2	40	65	46	8	56
chr15	22743414	22743446	33	4	0	33	19	14	2	1	1	0	1	3	1	2	0	0	0	0	1	3	1	2	3	1	2	1	0	1	0	1	4	0	0	0	0	0	0	0
chr15	22743448	22747822	4375	4	0	4375	2686	1689	355	159	164	215	152	121	169	191	189	80	130	124	198	108	118	212	188	97	27	156	137	85	27	129	118	83	24	94	190	113	18	202
chr15	22747824	22748118	295	4	0	295	133	162	27	4	3	5	4	16	15	2	4	7	19	8	5	6	6	1	7	10	7	9	14	11	11	12	6	17	8	11	10	11	6	11
chr15	22748123	22750364	2242	4	0	2242	1537	705	241	78	94	165	94	38	60	102	114	28	45	68	128	67	73	140	108	34	3	66	55	19	3	50	48	22	4	38	83	52	2	118
chr15	22750390	22754598	4209	4	0	4209	2826	1383	465	139	170	293	169	77	106	191	165	54	96	118	267	133	127	254	189	73	17	124	100	59	13	109	99	54	13	100	155	95	17	166
chr15	22754600	22755835	1236	4	0	1236	738	498	115	26	39	60	42	45	47	46	46	25	54	28	36	32	36	60	51	24	11	41	42	22	8	39	35	28	7	36	52	37	4	60
chr15	22755837	22757527	1691	4	0	1691	842	849	110	26	49	58	61	75	91	45	39	42	87	42	34	26	29	27	43	56	19	51	96	44	29	71	67	86	13	64	66	54	19	70
chr15	22757528	22762852	5325	4	0	5325	2789	2536	391	157	171	182	181	188	264	144	172	107	232	111	156	124	110	97	216	158	55	147	221	172	86	239	157	205	81	177	183	183	42	214
chr15	22762853	22768419	5567	4	0	5567	2952	2615	332	141	175	202	175	207	281	197	183	105	262	154	160	113	120	145	213	156	41	156	259	203	46	250	177	169	39	201	211	229	32	231
chr15	22768420	22768760	341	4	0	341	124	217	0	0	9	0	0	1	34	15	9	0	40	15	0	0	0	0	0	1	0	0	7	21	7	34	41	0	7	34	2	47	0	15
chr15	22768845	22768862	18	4	0	18	6	12	0	0	0	0	0	0	1	1	0	0	2	1	0	0	0	0	0	0	0	0	1	3	0	2	1	0	0	1	0	2	0	1
chr15	22768884	22769423	540	4	0	540	203	337	5	0	16	3	5	4	50	22	14	0	63	19	0	0	0	0	0	4	0	0	11	33	10	52	68	0	10	52	2	69	0	26
chr15	22769466	22769478	13	4	0	13	5	8	0	0	0	0	0	0	1	1	0	0	1	0	0	0	0	0	0	0	0	0	1	3	0	0	1	0	0	1	0	1	0	1
chr15	22769480	22769568	89	4	0	89	36	53	3	0	3	3	4	0	4	4	2	0	11	1	0	0	0	0	0	0	0	0	3	9	1	6	10	0	1	9	0	10	0	3
chr15	22769569	22769640	72	4	0	72	28	44	0	0	4	0	0	0	7	3	3	0	7	3	0	0	0	0	0	0	0	0	0	0	3	7	10	0	3	7	0	10	0	3
chr15	22769662	22769682	21	4	0	21	8	13	0	0	1	0	0	1	2	0	0	0	2	0	0	0	0	0	0	1	0	0	0	0	0	3	3	0	1	2	0	2	1	0
chr15	22769704	22769886	183	4	0	183	71	112	2	1	4	2	2	2	16	9	5	0	21	7	0	0	0	0	3	0	0	0	4	10	4	15	22	0	4	16	0	23	0	9
chr15	22769887	22770063	177	4	0	177	66	111	2	0	5	0	1	2	20	5	4	2	20	4	0	0	0	0	1	2	1	0	1	8	4	17	25	0	3	18	1	20	0	9
chr15	22770065	22770119	55	4	0	55	21	34	0	0	2	0	0	0	5	2	2	0	6	2	0	0	0	0	0	0	0	0	1	3	1	5	7	0	1	6	0	7	0	3
chr15	22770121	22770567	447	4	0	447	113	334	0	0	0	0	0	18	43	4	0	0	44	4	0	0	0	0	0	17	0	0	3	65	18	59	62	19	18	23	0	44	0	4
chr15	22770568	22770714	147	4	0	147	35	112	0	0	0	0	0	7	14	0	0	0	14	0	0	0	0	0	0	6	0	0	0	21	7	20	21	7	7	7	0	14	0	0
chr15	22770715	22770734	20	4	0	20	5	15	0	0	0	0	0	0	2	0	0	0	2	0	0	0	0	0	0	0	0	0	0	3	1	2	3	1	1	1	0	2	0	0
chr15	22770735	22862568	91834	4	0	91834	49740	42094	6666	2471	3035	3532	3104	3306	4266	2935	2921	1847	3711	2354	3012	1991	2052	2535	3402	2565	742	2906	3897	2936	1191	3637	2860	3159	1040	2925	3452	3001	785	3596
chr15	22862569	23123714	261146	5	0	261146	140258	120888	17576	7014	8902	9588	8655	9734	13103	8576	8476	5472	10092	6475	8373	5145	5579	7497	10136	7340	1986	7903	11608	9099	2830	10569	8627	9200	2452	8621	9697	8467	1770	10582
chr15	23123715	23124057	343	6	0	343	137	206	5	2	6	6	7	11	29	11	5	10	22	6	1	6	6	3	9	12	3	4	18	24	7	17	15	22	5	26	16	8	3	16
chr15	23124058	23124106	49	5	0	49	20	29	0	0	1	1	0	1	5	1	1	1	1	1	1	2	3	0	3	1	0	0	4	5	0	3	0	3	0	5	0	2	0	2
chr15	23124107	23125323	1217	6	0	1217	504	713	22	16	34	14	29	48	90	31	27	28	92	20	9	15	17	11	29	37	7	34	71	78	14	75	59	61	14	66	39	62	9	57
chr15	23125342	23125568	227	6	0	227	99	128	3	3	6	3	6	8	11	11	6	10	17	4	0	5	3	2	11	6	4	5	13	14	2	16	3	6	1	8	9	20	1	8
chr15	23125587	23126098	512	6	0	512	227	285	11	12	11	6	9	21	40	22	11	16	30	8	9	8	9	4	20	21	4	12	27	21	7	28	19	21	6	32	26	18	3	18
chr15	23126099	23126124	26	5	0	26	10	16	0	0	0	1	1	0	4	1	0	1	2	0	0	0	0	0	0	0	0	1	2	1	0	1	2	3	0	1	0	0	0	3
chr15	23126125	23126768	644	6	0	644	261	383	7	9	16	6	9	34	50	19	17	20	38	8	5	12	10	1	28	25	6	16	36	56	6	41	25	30	5	24	23	28	1	31
chr15	23126786	23127264	479	6	0	479	224	255	21	11	16	13	12	15	33	10	16	7	23	8	12	9	8	9	16	12	1	13	23	27	9	24	14	25	7	30	17	19	3	14
chr15	23127265	23129610	2346	6	0	2346	1153	1193	120	55	82	64	73	71	141	73	70	45	124	50	58	42	50	34	69	68	11	65	111	87	24	139	95	116	26	92	83	90	15	101
chr15	23129611	23129838	228	6	0	228	109	119	0	3	15	0	1	0	13	8	16	0	28	12	1	4	0	7	3	0	4	0	2	6	2	21	15	1	1	7	2	24	3	27
chr15	23129839	23129880	42	6	0	42	19	23	0	0	3	0	0	0	2	0	2	0	6	1	1	1	0	2	0	0	1	0	0	2	1	5	2	0	0	2	0	6	0	3
chr15	23129881	23129901	21	6	0	21	9	12	0	0	1	0	0	1	1	1	1	0	3	0	0	0	0	0	1	0	0	0	1	0	0	3	1	1	0	0	0	3	0	1
chr15	23129902	23129988	87	6	0	87	38	49	0	0	6	0	0	3	4	1	5	1	10	3	0	2	0	2	1	2	3	0	2	1	2	10	5	1	0	2	0	11	1	7
chr15	23129989	23130316	328	6	0	328	145	183	5	0	19	1	1	6	17	6	18	0	44	13	1	5	0	8	3	0	9	0	5	6	5	35	21	8	3	12	1	37	5	32
chr15	23130346	23130358	13	5	0	13	3	10	0	0	0	0	0	0	1	0	0	0	2	0	0	0	0	0	0	0	0	0	1	0	1	1	0	1	1	1	0	2	0	0
chr15	23130359	23130387	29	6	0	29	15	14	0	0	2	0	0	1	0	2	2	0	4	3	0	0	0	0	1	0	0	0	1	1	0	2	0	0	0	0	1	3	0	4
chr15	23130388	23130880	493	6	0	493	229	264	17	10	16	6	7	18	30	10	19	5	41	17	7	9	7	9	15	13	6	8	19	12	10	36	18	14	7	23	13	38	5	26
chr15	23130881	23130961	81	5	0	81	29	52	0	0	2	2	1	6	4	1	2	1	3	0	1	2	3	0	2	4	1	2	6	8	4	4	2	6	1	5	2	3	0	1
chr15	23130962	23131030	69	6	0	69	29	40	0	0	2	1	2	5	5	0	1	2	7	1	0	1	1	0	1	1	0	6	4	1	1	1	5	4	2	3	3	1	1	5
chr15	23131035	23132040	1006	6	0	1006	525	481	63	25	33	35	25	34	51	38	38	22	46	18	29	22	24	21	34	29	10	30	54	52	5	45	26	31	5	36	34	44	2	43
chr15	23132047	23132444	398	6	0	398	203	195	24	12	9	17	18	18	20	7	13	6	21	9	8	6	9	5	15	12	3	12	17	15	6	17	13	16	5	14	17	12	4	16
chr15	23132446	23132465	20	6	0	20	14	6	0	1	0	1	0	0	1	0	0	0	0	0	2	4	2	1	1	1	0	3	1	0	0	0	0	0	0	0	0	0	0	0
chr15	23132467	23132559	93	6	0	93	53	40	2	5	3	5	3	4	1	4	4	1	4	2	6	2	3	3	3	5	1	2	4	1	1	5	3	1	0	2	3	4	2	2
chr15	23132992	23133023	32	5	0	32	11	21	0	0	1	0	1	1	2	1	0	0	2	0	0	0	0	2	0	0	0	1	2	3	1	2	2	5	1	1	1	0	0	1
chr15	23133024	23133708	685	6	0	685	322	363	21	16	32	8	19	23	41	25	30	14	39	15	7	8	17	6	27	12	3	19	32	30	5	41	26	31	5	32	23	34	5	37
chr15	23133709	23133757	49	5	0	49	20	29	0	0	1	1	1	3	4	3	1	1	3	2	0	0	0	0	2	1	0	1	4	3	0	1	5	3	0	1	0	1	0	5
chr15	23133758	23133858	101	6	0	101	38	63	1	2	3	1	1	6	7	3	4	2	2	3	1	0	0	1	2	6	0	2	12	17	0	5	0	4	0	2	3	6	0	3
chr15	23133866	23135662	1797	6	0	1797	968	829	103	62	73	58	62	56	95	46	76	39	88	43	56	40	39	31	61	53	16	67	76	67	11	73	44	53	11	50	78	54	10	104
chr15	23135709	23136585	877	6	0	877	366	511	20	22	29	12	38	40	51	16	17	34	47	5	9	11	10	3	33	41	5	28	56	76	15	52	27	41	5	29	29	41	5	28
chr15	23136604	23137552	949	6	0	949	493	456	62	19	32	31	31	44	40	35	24	17	35	27	27	23	25	21	43	31	6	22	46	47	5	51	25	34	9	32	36	38	2	27
chr15	23137566	23139531	1966	6	0	1966	1197	769	174	51	92	107	74	63	74	62	87	28	60	52	89	55	63	65	71	40	10	76	63	34	9	65	60	41	8	63	78	56	9	85
chr15	23139532	23139698	167	5	0	167	106	61	20	7	4	12	6	2	7	5	11	2	5	4	6	3	6	5	6	3	0	5	5	5	0	8	3	0	0	3	6	10	0	6
chr15	23139699	23139753	55	6	0	55	33	22	3	0	1	4	1	2	1	2	2	1	3	1	2	0	1	7	0	2	0	2	4	2	0	2	1	1	0	0	1	3	2	2
chr15	23139754	23139796	43	5	0	43	26	17	1	1	1	1	0	2	2	4	1	0	1	3	2	2	0	4	2	1	0	2	2	1	0	1	1	1	0	0	3	1	0	1
chr15	23139797	23140194	398	6	0	398	285	113	68	7	20	31	13	9	7	21	16	4	6	10	29	11	5	27	23	2	0	6	8	6	2	7	8	5	0	9	11	9	0	16
chr15	23140195	23140663	469	6	0	469	259	210	24	10	12	24	14	16	23	18	12	9	23	16	21	11	7	17	15	13	2	16	20	10	5	23	15	17	4	10	21	18	5	16
chr15	23140664	23140699	36	6	0	36	19	17	1	1	1	2	1	3	0	1	1	1	0	1	2	2	2	0	1	1	2	2	2	0	1	1	1	0	1	0	1	2	0	0
chr15	23140700	23142104	1405	6	0	1405	851	554	115	40	69	70	52	42	61	53	76	20	42	40	51	36	34	49	58	23	4	54	43	40	5	36	48	21	5	38	59	40	2	77
chr15	23142105	23142170	66	6	0	66	31	35	5	1	0	2	1	4	4	1	0	1	2	0	2	3	4	1	3	2	1	3	4	2	1	4	2	4	1	3	0	2	1	0
chr15	23142171	23142349	179	6	0	179	80	99	7	3	3	5	5	9	9	4	3	4	11	9	3	1	2	2	4	8	2	2	10	7	3	11	3	10	5	6	10	6	4	6
chr15	23142350	23142376	27	6	0	27	15	12	1	0	1	1	0	0	0	0	1	1	4	1	2	0	2	0	0	0	0	0	0	0	0	4	0	0	0	0	0	4	0	3
chr15	23142377	23142630	254	6	0	254	152	102	20	9	15	9	9	5	14	12	16	4	10	8	7	4	4	5	7	3	0	11	9	1	1	5	11	5	1	9	13	7	0	18
chr15	23142631	23142662	32	6	0	32	19	13	2	3	3	1	2	1	1	0	3	0	0	1	2	0	0	0	0	1	1	2	3	0	0	0	0	0	0	0	1	2	0	1
chr15	23142663	23143021	359	6	0	359	246	113	29	8	13	37	20	6	9	11	16	1	11	12	22	10	10	30	13	5	0	7	10	5	0	8	5	7	0	12	18	6	0	16
chr15	23143065	23143689	625	6	0	625	361	264	35	15	37	26	21	15	27	20	35	9	27	17	22	17	18	19	19	9	3	24	17	8	3	28	25	13	4	22	23	26	4	35
chr15	23143715	23144746	1032	6	0	1032	567	465	85	41	40	41	47	36	37	28	34	20	35	16	41	18	22	25	44	23	14	35	31	43	17	40	35	27	15	35	37	38	6	24
chr15	23144749	23145460	712	6	0	712	343	369	48	21	24	18	30	23	36	13	17	15	27	22	15	9	11	13	20	25	8	15	38	28	20	31	25	35	14	28	19	28	10	24
chr15	23145467	23145956	490	6	0	490	239	251	40	11	7	15	16	15	31	5	8	10	39	7	9	5	5	15	8	14	3	16	20	14	12	21	23	21	13	20	16	18	6	25
chr15	23146008	23146215	208	6	0	208	89	119	10	7	4	1	6	6	9	5	4	5	10	11	2	2	6	0	2	9	3	5	15	7	8	13	2	14	4	6	7	13	5	5
chr15	23146247	23146403	157	6	0	157	60	97	11	4	1	1	5	7	9	2	2	2	12	1	0	1	1	0	2	6	1	5	8	9	8	9	10	12	5	5	3	7	2	4
chr15	23146404	23146574	171	6	0	171	83	88	24	2	1	5	3	5	9	2	3	6	9	5	3	1	2	2	2	8	2	2	8	8	9	6	3	9	4	4	6	6	1	9
chr15	23146601	23146701	101	6	0	101	53	48	3	3	4	6	5	2	5	2	3	4	4	3	4	0	1	3	3	3	1	2	6	4	1	4	3	3	1	3	2	5	1	5
chr15	23146732	23147141	410	6	0	410	195	215	29	10	8	18	14	14	22	7	8	9	14	10	13	4	6	7	7	16	5	9	27	16	14	19	11	25	11	13	12	19	2	9
chr15	23147146	23147415	270	6	0	270	145	125	22	6	5	11	6	7	16	4	4	5	16	9	13	6	7	6	5	5	2	12	9	7	4	13	8	12	5	9	11	9	3	11
chr15	23147417	23147959	543	6	0	543	325	218	43	17	13	34	20	17	22	20	20	7	22	15	23	11	11	29	22	10	6	14	17	8	5	18	19	15	5	15	21	15	6	21
chr15	23147960	23148409	450	6	0	450	317	133	71	14	18	28	20	8	11	17	12	9	12	14	27	11	13	31	27	7	0	7	6	7	0	9	8	5	0	9	15	3	0	29
chr15	23148412	23149467	1056	6	0	1056	665	391	100	31	53	64	40	30	32	39	47	14	30	28	61	33	22	40	45	20	8	35	33	27	4	24	27	18	7	24	36	23	5	54
chr15	23149526	23149835	310	6	0	310	180	130	31	14	3	14	5	18	14	16	10	4	7	3	15	8	6	11	20	11	5	8	11	12	1	13	9	6	2	7	13	9	0	2
chr15	23149851	23150132	282	6	0	282	236	46	26	0	0	27	2	5	0	35	2	1	0	0	23	37	2	74	40	0	2	1	0	0	0	0	0	0	0	0	2	0	0	1
chr15	23150133	23150301	169	6	0	169	145	24	16	1	0	13	0	6	0	16	0	0	0	0	14	17	0	61	23	0	0	0	0	0	0	0	0	0	0	0	0	0	0	0
chr15	23150324	23151163	840	6	0	840	509	331	82	28	29	40	34	34	31	26	34	13	28	22	29	22	23	34	44	19	7	25	29	18	5	21	23	15	5	21	29	21	3	44
chr15	23151195	23152227	1033	6	0	1033	602	431	78	34	32	59	41	27	42	33	40	11	40	25	45	25	29	39	31	20	14	32	43	19	7	41	29	37	7	35	40	34	6	36
chr15	23152228	23153141	914	6	0	914	562	352	72	24	41	52	36	26	32	31	39	19	29	17	41	22	27	52	36	17	3	35	30	26	1	33	22	24	1	19	37	23	3	42
chr15	23153142	23153923	782	6	0	782	475	307	88	28	28	36	36	28	32	19	22	16	30	22	35	13	14	26	24	19	4	38	28	16	7	21	30	16	4	10	33	21	1	35
chr15	23153924	23154091	168	6	0	168	86	82	10	5	6	5	11	3	11	5	1	4	8	7	2	3	2	1	7	0	0	8	9	7	1	6	8	7	1	8	6	9	0	5
chr15	23154093	23155019	927	6	0	927	606	321	86	26	39	43	37	29	27	32	24	15	26	30	46	31	34	79	53	16	6	26	22	12	1	22	24	16	3	25	26	13	2	54
chr15	23155024	23156776	1753	6	0	1753	1015	738	136	40	58	84	52	62	78	64	67	30	67	56	63	39	49	69	61	49	8	52	78	40	4	73	45	48	8	51	72	58	14	76
chr15	23156779	23158092	1314	6	0	1314	635	679	67	19	51	31	40	54	68	41	33	37	55	32	28	23	19	36	43	50	8	31	78	85	14	66	39	50	9	48	44	58	7	48
chr15	23158094	23158120	27	6	0	27	14	13	0	1	0	1	0	0	3	2	0	2	0	1	2	2	0	0	1	1	0	3	2	0	0	0	1	0	0	0	1	2	0	0
chr15	23158122	23158895	774	6	0	774	432	342	40	24	33	28	28	24	40	32	38	20	36	22	19	17	12	18	34	22	2	27	36	23	1	30	16	16	1	17	38	30	0	48
chr15	23158897	23158948	52	6	0	52	28	24	5	2	2	1	1	0	5	1	1	1	2	0	3	2	1	0	1	3	0	2	3	1	0	3	2	2	0	2	0	1	0	3
chr15	23158950	23159102	153	6	0	153	96	57	17	6	9	5	10	3	5	3	8	6	5	5	2	4	3	3	7	4	1	8	5	2	0	2	0	2	1	1	10	1	2	11
chr15	23159121	23160295	1175	6	0	1175	590	585	42	35	39	30	39	42	70	35	39	30	62	31	26	23	23	24	47	35	5	42	57	60	6	60	40	37	4	29	42	51	5	63
chr15	23160362	23161243	882	6	0	882	432	450	43	25	34	21	31	24	50	22	33	28	53	15	16	14	16	6	34	18	10	29	39	47	7	46	23	33	4	30	31	40	9	49
chr15	23161244	23161279	36	6	0	36	10	26	0	0	0	0	0	3	2	1	0	2	1	1	0	0	0	0	1	3	0	1	4	10	0	1	0	0	0	0	0	3	0	1
chr15	23161280	23161371	92	6	0	92	34	58	0	1	1	1	1	3	7	6	1	4	3	2	1	2	0	1	3	5	0	2	7	11	4	3	6	6	0	0	1	3	0	5
chr15	23161372	23161396	25	6	0	25	12	13	0	1	1	0	0	0	2	0	1	1	1	2	1	0	1	0	1	1	0	0	2	0	0	1	0	1	1	0	0	1	0	4
chr15	23161397	23161862	466	6	0	466	231	235	24	14	25	9	16	13	23	8	28	14	27	8	4	10	5	3	18	14	8	11	16	19	11	23	11	10	4	11	15	25	3	34
chr15	23161876	23163175	1300	6	0	1300	685	615	60	33	55	37	34	49	72	41	46	23	58	31	45	33	29	39	50	33	7	48	59	52	9	57	44	43	7	46	42	49	5	62
chr15	23163177	23163235	59	6	0	59	31	28	3	0	1	3	0	3	3	2	2	1	0	3	2	2	3	2	2	2	0	2	4	7	0	2	1	1	0	0	1	2	0	3
chr15	23163236	23163286	51	6	0	51	19	32	1	0	1	0	1	3	4	2	0	2	4	0	0	0	0	0	1	4	0	0	6	5	0	2	1	3	0	2	1	1	0	5
chr15	23163287	23163352	66	6	0	66	24	42	2	0	2	0	1	1	5	3	1	1	5	1	0	1	1	0	2	1	0	0	5	8	0	5	3	5	0	4	0	4	0	3
chr15	23163402	23163563	162	6	0	162	67	95	6	2	6	0	5	7	12	4	2	5	11	4	1	1	0	0	4	7	1	3	13	10	0	10	5	8	2	9	5	8	1	8
chr15	23163564	23163663	100	6	0	100	44	56	3	1	5	1	5	4	6	3	2	5	7	2	0	0	0	0	3	1	2	4	3	5	3	3	4	5	1	4	7	2	0	7
chr15	23163664	23163837	174	6	0	174	94	80	21	3	11	4	4	3	8	2	10	1	13	4	4	1	3	2	1	4	0	3	7	3	2	9	4	5	3	10	5	9	1	12
chr15	23163838	23163979	142	6	0	142	55	87	2	1	3	2	2	5	11	2	3	1	15	1	1	2	2	1	1	3	0	5	6	10	2	11	9	7	4	8	5	9	0	6
chr15	23163980	23164048	69	6	0	69	25	44	0	0	4	0	0	0	6	0	4	0	11	0	0	0	0	0	0	0	0	0	1	1	1	9	4	3	0	8	1	8	2	4
chr15	23164049	23165750	1702	6	0	1702	761	941	62	33	52	34	40	69	127	40	45	31	90	26	34	30	36	12	45	61	12	45	104	89	14	106	77	96	13	85	49	67	7	69
chr15	23165882	23166535	654	6	0	654	287	367	14	14	21	12	15	27	39	16	22	19	44	7	10	6	9	11	17	29	2	18	34	46	10	46	23	28	2	19	22	33	6	31
chr15	23166557	23167046	490	6	0	490	197	293	11	3	20	7	7	20	33	15	20	10	32	3	3	5	5	3	9	17	0	12	32	30	11	27	20	34	11	23	14	20	4	27
chr15	23167078	23170055	2978	6	0	2978	1730	1248	200	96	114	141	117	107	129	125	113	50	96	74	121	67	68	110	141	56	19	104	97	89	17	92	118	73	14	95	124	77	16	116
chr15	23170057	23170974	918	6	0	918	647	271	125	30	43	82	42	15	24	34	47	7	11	21	67	26	20	51	31	14	1	32	22	7	4	14	28	11	2	19	35	15	3	33
chr15	23170976	23171001	26	6	0	26	21	5	8	2	2	0	1	0	0	1	1	0	0	0	2	1	0	1	0	1	0	2	1	0	0	0	0	0	0	0	1	0	0	0
chr15	23171003	23172790	1788	6	0	1788	1010	778	122	54	69	75	66	53	74	63	50	34	69	37	81	38	42	81	70	49	6	54	85	65	8	79	55	58	7	52	46	65	9	70
chr15	23172791	23172865	75	7	0	75	54	21	8	1	2	5	2	2	1	4	2	0	1	1	5	5	3	10	3	1	0	4	3	1	0	1	2	2	0	0	1	1	0	2
chr15	23172867	23172889	23	7	0	23	18	5	4	0	1	3	1	0	0	0	0	0	0	1	4	0	1	1	0	0	0	0	0	0	0	0	0	0	2	2	1	0	0	0
chr15	23172891	23173510	620	7	0	620	408	212	61	13	27	40	22	12	25	29	30	17	12	25	28	13	11	42	30	9	0	16	19	11	3	9	10	6	1	13	30	16	2	36
chr15	23173513	23173860	348	7	0	348	176	172	33	15	7	7	17	20	20	5	7	4	13	9	6	5	5	1	15	16	3	10	23	7	6	15	12	17	2	13	12	11	3	7
chr15	23173903	23174491	589	7	0	589	391	198	57	22	28	35	24	8	18	20	25	13	16	13	36	16	23	35	25	11	1	23	14	6	0	21	11	5	0	14	20	19	1	27
chr15	23174492	23187568	13077	6	0	13077	7430	5647	1138	382	448	657	479	348	489	414	493	219	448	337	515	228	297	538	416	322	99	339	478	438	230	474	355	435	180	382	481	425	105	486
chr15	23187569	23224568	37000	7	0	37000	22974	14026	3317	1083	1410	2117	1296	986	1246	1339	1453	656	1131	992	1861	923	1035	2128	1420	769	269	1190	1110	777	301	1164	887	766	242	899	1450	1040	172	1569
chr15	23224569	23226874	2306	8	0	2306	1069	1237	117	48	59	79	50	81	108	57	74	49	83	56	62	39	55	52	62	61	31	63	92	136	86	99	70	122	75	77	72	94	30	65
chr15	23319713	23327134	7422	7	0	7422	3389	4033	250	140	231	154	181	273	507	224	219	176	410	140	125	117	144	98	241	232	41	192	389	413	83	432	294	358	69	343	261	315	43	325
chr15	23327282	23327358	77	7	0	77	34	43	0	0	3	0	0	0	4	1	3	0	12	4	0	3	0	3	0	0	3	0	0	2	2	8	4	0	0	3	1	10	1	8
chr15	23327388	23327449	62	7	0	62	26	36	0	0	3	0	0	2	3	1	3	1	8	2	0	1	0	1	1	1	2	0	2	1	1	7	4	1	0	1	0	8	1	5
chr15	23327488	23327838	351	7	0	351	158	193	5	0	21	1	1	6	17	7	20	0	47	16	1	6	0	9	4	0	8	0	7	7	5	37	18	8	3	12	2	41	4	36
chr15	23327839	23328175	337	7	0	337	146	191	2	5	15	1	4	11	22	8	16	2	36	12	1	5	1	5	9	6	3	5	12	7	7	30	17	7	5	15	6	36	1	23
chr15	23328176	23328360	185	7	0	185	93	92	11	4	3	5	2	8	8	5	5	3	10	8	6	4	6	4	5	7	3	3	8	6	4	9	2	7	3	8	8	7	4	7
chr15	23328362	23329522	1161	7	0	1161	588	573	67	25	37	39	29	47	60	39	41	25	55	19	30	25	28	21	37	35	11	39	65	61	10	49	33	41	8	44	40	48	3	48
chr15	23329524	23329881	358	7	0	358	184	174	29	10	9	14	16	18	16	7	13	6	19	6	5	6	8	1	13	12	3	12	15	12	6	16	13	13	4	10	16	12	3	13
chr15	23329883	23329961	79	7	0	79	47	32	1	6	1	5	3	0	5	1	2	0	1	3	6	4	3	5	5	2	0	3	3	3	0	2	0	3	1	3	1	0	3	2
chr15	23329963	23337352	7390	7	0	7390	3989	3401	460	204	299	265	258	275	342	227	276	147	309	173	235	166	176	175	292	206	48	246	324	293	52	323	209	230	44	229	277	263	36	329
chr15	23337353	23412352	75000	6	0	75000	41235	33765	5528	2068	2748	2898	2594	2563	3600	2421	2634	1440	2991	1856	2486	1557	1618	2231	2847	1947	501	2333	3202	2554	663	3049	2359	2385	573	2431	2770	2582	425	3144
chr15	23412353	23528352	116000	7	0	116000	66795	49205	8740	3401	4478	5313	4360	3574	5045	4063	4228	2298	4170	2999	4604	2445	2882	4195	4600	2858	649	3611	4491	3248	815	4348	3638	3084	683	3483	4313	3712	537	5133
chr15	23528353	23713352	185000	8	0	185000	109264	75736	14008	5419	7057	9171	6952	5771	7449	6990	6922	3558	5957	4985	7772	4278	4612	8362	7807	4397	939	5883	6989	4771	1218	6408	5333	4449	1042	5078	7033	5769	913	7706
chr15	23713353	23852352	139000	9	0	139000	83809	55191	11255	4155	5249	7418	5676	4354	5219	5560	5615	2521	4323	3902	5531	3327	3496	6208	6171	3187	670	4328	5195	3336	661	4404	3916	2831	592	3537	5527	4243	573	6018
chr15	23852353	24039352	187000	10	0	187000	113228	73772	15172	5710	7099	9861	7185	5581	7247	7208	7158	3447	5809	5176	8327	4768	4876	8603	8005	4342	916	6243	6650	4217	929	6196	5156	3978	883	4665	7409	5455	800	7927
chr15	24039353	24070352	31000	9	0	31000	19051	11949	2551	1021	1209	1652	1275	996	1120	1294	1274	576	830	873	1333	802	814	1429	1478	729	135	1054	1122	681	104	951	850	541	92	659	1236	907	101	1309
chr15	24070353	25064352	994000	10	0	994000	601530	392470	78108	30412	38671	52070	38849	30062	38775	39320	39172	19209	30287	27074	43133	24464	26099	45824	43765	23025	4580	32776	35718	22197	4054	33366	27878	20815	3699	24854	39645	29298	3963	42836
chr15	25064353	25282352	218000	9	0	218000	115932	102068	11596	5396	7968	8177	7819	8156	10435	8887	7657	5113	7704	5664	6065	3997	4352	6944	8629	6662	1305	6066	10795	9245	1473	9864	7106	7390	1046	6348	8767	8080	1110	8182
chr15	25282353	25862352	580000	10	0	580000	336941	243059	43746	16978	22965	26975	21354	18912	24972	20956	22903	11565	19433	14852	22661	12950	14207	21510	24374	13761	3523	18748	21939	15993	3482	21216	17458	14288	2835	16689	22423	18588	2818	24924
chr15	25862353	26053352	191000	9	0	191000	108137	82863	13526	5285	7461	8243	7207	6536	8515	6824	7339	3819	7170	4907	6444	3797	4395	6668	7916	4666	1087	5768	7645	5418	1313	7362	6156	5213	1150	5933	7365	6440	952	8478
chr15	26053353	27086352	1033000	10	0	1033000	608171	424829	78648	30296	41668	50712	39537	32402	42623	38888	41923	20025	34272	27867	41216	22311	25076	40707	42958	23737	5761	32578	38144	26293	5883	35857	31509	23757	5048	29216	40838	32390	4870	45988
chr15	27086353	27308352	222000	9	0	222000	132302	89698	16842	6791	8841	10848	8188	6732	9195	8698	9069	4316	7241	5877	9223	4922	5526	9993	9623	5092	1159	6886	7909	5500	966	7802	6595	4712	880	6069	8686	6874	897	10046
chr15	27308353	27344388	36036	8	0	36036	21307	14729	2654	1085	1431	1708	1283	1186	1489	1481	1445	714	1129	870	1496	812	864	1659	1632	808	227	1129	1262	943	185	1256	1179	797	160	992	1366	1098	158	1536
chr15	27344390	27408353	63964	8	3	63961	37950	26011	4746	1860	2586	3203	2403	2178	2514	2530	2628	1255	2126	1669	2618	1487	1541	2602	2990	1447	361	1982	2291	1630	295	2252	1843	1316	241	1684	2501	2075	253	2848
chr15	27408354	27919353	511000	9	0	511000	297576	213424	37454	14463	20524	24618	18981	16695	21931	19397	20759	10111	17204	13343	19867	10653	12132	19442	21669	11709	2965	15579	19034	13752	2840	18581	16308	12268	2360	14942	19993	16478	2257	22689
chr15	27919354	28055353	136000	8	0	136000	76929	59071	9225	3784	5078	5919	4867	4922	6145	5240	5219	2746	4753	3511	4695	2854	3157	4814	5953	3363	931	4058	5492	4020	873	5106	4432	3673	829	4110	5297	4435	639	5858
chr15	28055354	28501353	446000	7	0	446000	251136	194864	32848	12698	16007	19183	15532	15693	19911	15046	16162	8813	16069	11046	16196	9684	10245	16001	18469	11109	3534	13776	17292	13281	4529	16564	13773	13185	3837	13425	16648	14091	2884	18467
chr15	28501354	28761353	260000	6	0	260000	147122	112878	19894	7459	9482	11264	9173	8654	11715	8642	9340	4955	9742	6423	9692	5664	5771	9251	10236	6513	1888	8095	10263	7609	2384	9828	7985	7704	2027	7884	9700	8258	1601	10902
chr15	28761354	28914297	152944	7	0	152944	84652	68292	10986	4136	5501	6338	5160	5146	7006	5179	5497	3138	5815	3792	5318	3198	3419	5023	5885	3827	1144	4762	6173	5055	1639	6003	4767	4803	1410	4580	5666	5186	995	6395
chr15	28917241	29185147	267907	7	0	267907	138796	129111	14976	6749	9439	9024	8681	10240	14390	8949	9342	6106	10850	6431	7189	4660	5263	6506	10578	7391	2099	7687	12394	11083	2733	11863	9496	9578	2276	9204	9793	10021	1726	11188
chr15	29185148	29337295	152148	7	0	152148	88423	63725	11522	4538	5839	7081	5592	4718	6571	5678	6000	2946	5084	4123	5866	3337	3759	5768	6143	3706	897	4793	5871	4180	955	5464	4633	3706	817	4406	5912	4878	773	6590
chr15	29337296	29533295	196000	6	0	196000	111400	84600	13827	5658	7358	8729	7156	6602	8927	7232	7582	3832	6955	5103	7006	4115	4579	6738	8258	4814	1156	5979	7904	6021	1178	7492	6253	5249	973	5851	7502	6511	961	8497
chr15	29533296	29648295	115000	5	0	115000	64498	50502	8145	3185	4307	4910	4127	3810	5216	4035	4392	2271	4447	3053	3883	2279	2665	3772	4411	2863	707	3564	4688	3452	944	4447	3575	3320	840	3527	4514	3896	657	5096
chr15	29648296	29747453	99158	4	0	99158	55870	43288	7427	2953	3709	4190	3669	3291	4685	3340	3598	2003	3537	2440	3585	2130	2284	3027	3958	2520	640	3259	4041	2900	720	3750	3246	2848	717	3111	3741	3143	599	4095
chr15	29747455	30130296	382842	4	0	382842	225490	157352	31087	11494	14985	18614	14430	11916	15592	13446	14748	7056	12905	9937	15915	8964	9544	14857	15507	9303	2138	12482	14351	9651	2591	13487	10916	9390	2253	10635	14610	11736	1878	16422
chr15	30130297	30198296	68000	5	0	68000	34047	33953	3437	1611	2470	1989	2138	2748	3590	2228	2324	1495	3067	1459	1608	1113	1336	1432	2631	1998	418	1921	3330	3331	719	3286	2385	2545	572	2472	2358	2792	411	2784
chr15	30198297	30367296	169000	6	0	169000	98396	70604	12685	4867	6718	8012	6351	5264	7205	6321	6676	3272	5739	4641	6571	3643	3936	6494	6858	3958	990	5240	6415	4449	1040	6019	5212	4243	1016	4835	6655	5273	896	7504
chr15	30367297	30431296	64000	5	0	64000	35142	28858	4464	1794	2346	2517	2153	2345	2981	2038	2244	1348	2482	1512	2260	1287	1414	1957	2558	1756	458	2001	2662	2245	617	2593	1977	1949	507	1947	2319	2167	418	2682
chr15	30431297	30544296	113000	4	0	113000	66977	46023	9300	3209	4323	5847	4034	3320	4600	4018	4430	2046	3890	2897	4915	2614	2747	4786	4443	2477	684	3585	3960	2843	846	3972	3180	2897	724	3147	4388	3404	616	4856
chr15	30544297	31510296	966000	5	0	966000	533333	432667	65940	26330	36353	39412	33954	33046	45912	32732	35399	19852	36046	23677	32742	19390	21905	30643	37883	24895	6090	29750	40777	32875	7924	39060	30982	30159	6825	30472	36001	32707	5331	40934
chr15	31510297	31595296	85000	6	0	85000	47941	37059	5431	2268	3308	3381	2873	2950	3902	3507	3202	1710	3050	2136	2883	1904	1965	3470	3784	2074	447	2527	3467	2688	430	3400	2812	2352	396	2584	3169	2871	343	3714
chr15	31595297	32017296	422000	7	0	422000	245429	176571	30580	12311	16759	19667	16094	13703	18191	16276	16889	8253	13904	11396	15755	9292	10279	16078	18097	10000	2125	13337	16410	11720	2061	15183	13281	10133	1877	11905	16476	13521	1737	18708
chr15	32017297	32103870	86574	8	0	86574	52131	34443	7118	2717	3525	4502	3461	2515	3428	3171	3626	1566	2726	2274	3657	2007	2191	3647	3753	1882	414	2755	3035	2018	452	2889	2498	1831	364	2358	3289	2663	372	3868
chr15	32103873	32105395	1523	8	0	1523	794	729	76	42	74	46	48	60	70	49	67	31	78	31	47	27	22	26	58	46	14	42	60	56	13	87	50	43	5	46	57	71	10	69
chr15	32105397	32105424	28	8	0	28	11	17	0	1	0	0	1	1	0	0	0	0	6	0	0	0	0	0	0	1	0	1	2	0	0	6	0	0	0	0	0	7	0	0
chr15	32105426	32119298	13873	8	0	13873	7355	6518	713	340	526	510	430	472	754	526	559	313	574	352	386	212	291	395	531	345	97	364	594	533	94	634	526	430	67	505	531	547	78	642
chr15	32119299	32232298	113000	7	0	113000	65000	48000	8322	3287	4464	5033	4130	3672	5035	4135	4455	2287	3951	3046	4200	2295	2659	4028	4660	2733	677	3471	4383	3267	643	4182	3531	2823	542	3348	4397	3652	582	5108
chr15	32232299	32369298	137000	6	0	137000	77371	59629	9534	3731	5383	6002	4986	4443	6011	4972	5246	2712	4943	3621	4883	2828	3096	4979	5448	3312	795	4159	5389	4321	1121	5214	4312	3820	1046	4169	5263	4592	776	5891
chr15	32369299	32448298	79000	5	0	79000	43075	35925	5341	2140	2837	3145	2719	2802	3731	2668	2780	1620	3098	1853	2622	1589	1757	2372	3115	2144	479	2413	3462	2967	666	3337	2439	2554	561	2436	2904	2766	444	3237
chr15	32448299	32704298	256000	4	0	256000	149201	106799	19852	7385	10027	12315	9201	7824	10733	8904	9921	4862	9074	6579	10605	5751	6380	9786	9983	5971	1585	8283	9479	6729	1872	9377	7413	6738	1555	7378	9787	8019	1452	11178
chr15	32704299	32783298	79000	3	0	79000	47311	31689	6398	2310	3303	4027	3074	2274	2952	2960	3342	1502	2553	2154	3224	1825	2020	3391	3213	1737	484	2477	2736	1848	528	2605	2220	1713	494	2083	3092	2419	376	3664
chr15	32783299	33212298	429000	4	0	429000	257895	171105	34303	13036	17845	21794	16295	12528	16679	16053	17657	7954	13788	11704	18724	10550	11679	17305	17624	9707	2386	14350	14960	9894	1996	14708	11766	9101	1738	11771	17205	12856	1880	19162
chr15	33212299	33277298	65000	5	0	65000	38433	26567	5089	1867	2674	3170	2524	2006	2635	2262	2658	1183	2293	1837	2530	1456	1759	2489	2564	1519	276	2153	2474	1602	293	2360	1817	1517	243	1777	2571	2091	238	3071
chr15	33277299	33359298	82000	6	0	82000	48104	33896	5913	2364	3536	3865	3041	2373	3332	2964	3365	1581	2880	2239	3359	1919	2259	3113	3238	1861	394	2744	2868	2090	492	3026	2401	1898	446	2372	3203	2627	370	3865
chr15	33359299	33653298	294000	7	0	294000	174581	119419	21894	8736	12525	14234	11162	8595	12038	11221	12252	5777	9859	8045	12082	6833	7857	11470	11997	6672	1468	9803	10556	6948	1221	10522	8496	6349	990	8463	11967	9278	1197	13491
chr15	33653299	33734298	81000	6	0	81000	46324	34676	5334	2354	3349	3519	3030	2520	3575	3017	3258	1611	2973	2250	2934	1828	2052	2720	3221	2036	480	2576	3142	2255	416	3100	2491	2027	347	2491	3287	2596	427	3782
chr15	33734299	33906298	172000	5	0	172000	98970	73030	12331	5021	7176	7357	6415	5340	7521	6168	6999	3489	6206	4535	6140	3846	4522	5904	6855	4216	1032	5593	6573	4439	906	6572	5105	4363	857	5289	6911	5472	875	7970
chr15	33906299	34009298	103000	4	0	103000	62682	40318	8552	3165	4115	5459	3910	3008	3894	3770	4086	1794	3350	2808	4743	2575	2847	4605	4259	2341	532	3410	3494	2230	481	3433	2817	2078	466	2738	4012	2989	411	4626
chr15	34009299	34344298	335000	3	0	335000	198387	136613	27747	10066	13125	16331	12706	10013	13558	11230	12408	6168	11259	8853	14407	8262	9065	13188	13113	8157	1765	11474	12265	7722	2201	12011	9133	8401	2130	9552	12996	9918	1804	13970
chr15	34344299	34454298	110000	2	0	110000	59366	50634	6917	2866	4222	4056	3683	3741	5109	3463	4078	2294	4604	2743	3382	2202	2456	3548	4107	2852	850	3294	4598	4151	1125	4705	3277	3542	982	3431	4014	4034	711	4961
chr15	34454299	34530298	76000	3	0	76000	44584	31416	5856	2252	2817	3877	2876	2271	2906	2851	2917	1423	2512	1961	3154	1656	1971	3283	3059	1717	490	2336	2764	2072	648	2615	2213	1943	625	2121	2868	2367	443	3134
chr15	34530299	34708298	178000	4	0	178000	105586	72414	13474	5238	7211	8848	6632	5436	7057	6692	7148	3372	5921	4721	7517	4181	4619	7517	7437	4079	908	5803	6372	4668	1046	6101	5017	4034	892	4895	6992	5406	754	8010
chr15	34708299	34840298	132000	5	0	132000	77374	54626	9447	3736	5434	6372	5024	3972	5404	4963	5378	2585	4750	3726	5140	2833	3496	5113	5288	3035	625	4178	4914	3456	686	4682	3813	3002	596	3910	5348	4245	533	6314
chr15	34840299	34910298	70000	6	0	70000	44222	25778	6417	2279	3066	4030	2749	1682	2448	2589	2951	1184	1976	1863	3675	1904	2062	3346	2816	1462	279	2492	2144	1242	230	2136	1738	1272	224	1768	2770	1776	272	3156
chr15	34910299	35080298	170000	5	0	170000	100105	69895	14362	4901	6448	8395	6400	5063	6858	5544	6065	3074	6161	4530	7279	3967	4485	6573	6334	4045	973	5652	6297	4028	1320	6020	4757	4634	1153	4850	6477	4957	966	7430
chr15	35080299	35178298	98000	6	0	98000	60337	37663	8280	3017	4046	5532	3743	2593	3598	3812	4120	1716	3019	2676	4732	2330	2735	4386	3855	2066	439	3296	3224	2018	483	3096	2715	2056	383	2500	3952	2681	393	4506
chr15	35178299	35387298	209000	7	0	209000	131219	77781	18440	6420	8988	12256	8385	5295	7218	8068	8851	3667	5932	5772	10427	5362	5955	10182	8440	4363	832	7109	6698	4016	732	6402	5420	3786	631	5129	8408	5684	677	9453
chr15	35387299	35850298	463000	8	0	463000	294038	168962	40730	14408	19896	27937	18348	11790	15453	18255	19806	7887	13047	12954	24086	11909	13585	23946	19425	9246	1587	15736	14181	8387	1339	13770	11746	7644	1157	11049	18494	12401	1373	21426
chr15	35850299	36000298	150000	9	0	150000	94826	55174	12759	4625	6360	9046	5929	3882	4973	6165	6355	2577	4223	4224	7747	3900	4421	7638	6362	3050	593	4979	4696	2808	380	4573	3836	2536	352	3630	6055	4063	465	6796
chr15	36000299	36326298	326000	8	0	326000	208072	117928	29134	10139	13961	20203	13568	8122	10613	13135	14143	5465	8804	9222	16591	8191	9228	17552	13778	6467	1146	10525	10035	5911	880	9377	8436	5264	723	7751	13189	8561	931	14953
chr15	36326299	36648298	322000	7	0	322000	202246	119754	28643	9986	13629	18988	12756	8561	11102	12355	13477	5692	9370	8848	16371	7916	9016	15535	13237	6581	1495	10842	10112	6015	1155	9587	8407	5768	1106	8061	13017	8505	1238	14627
chr15	36648299	36767298	119000	8	0	119000	75275	43725	10683	3843	5013	6996	4822	3104	4121	4720	4913	2040	3292	3290	6117	3077	3335	5908	5045	2460	485	4074	3686	2146	341	3514	3182	2028	287	2941	4854	3054	395	5232
chr15	36767299	36980298	213000	7	0	213000	131899	81101	18631	6652	9217	12016	8345	5742	7624	7962	9062	3783	6374	5709	10478	5090	5662	9551	8721	4488	969	7089	6749	4462	930	6768	5725	3990	868	5413	8477	5969	875	9607
chr15	36980299	37220298	240000	8	0	240000	148230	91770	20797	7311	10136	13503	9386	6667	8248	9236	10179	4133	7361	6465	11384	5745	6579	11098	9831	4904	1159	7962	7741	5207	1128	7413	6511	4534	1083	6158	9454	6844	1050	10791
chr15	37220299	37388298	168000	9	0	168000	106613	61387	14388	5263	6896	10259	6976	4344	5506	6922	7163	2911	4663	4825	8279	4326	4853	9038	7218	3431	628	5567	5336	3109	449	4826	4345	2627	370	3918	6849	4553	553	7607
chr15	37388299	37721298	333000	10	0	333000	211294	121706	29373	10413	13909	20390	13584	8376	11236	13535	14337	5645	9396	9543	16790	8169	9445	17152	13929	6773	1170	10731	10665	6184	842	9610	8670	5352	731	8127	13467	8992	945	15517
chr15	37721299	37888298	167000	9	0	167000	104439	62561	14205	5116	7210	9730	6646	4537	5942	6485	7248	2878	4871	4758	8162	4144	4725	7781	6949	3470	662	5593	5337	3154	514	5083	4450	2873	418	4301	6874	4591	520	7771
chr15	37888299	38190298	302000	8	0	302000	184541	117459	24901	9300	12930	16112	12365	8218	11232	11351	12868	5525	9629	8554	13109	6948	8366	13131	12363	6666	1137	9825	10553	6620	940	10033	8175	5862	866	7843	12075	8998	1047	14456
chr15	38190299	38407298	217000	7	0	217000	135671	81329	18948	6941	9185	12381	8430	5749	7471	8169	8946	3656	6309	5950	11131	5721	6358	10324	9012	4550	923	7582	7031	4285	873	6677	5386	3993	705	5450	8391	6038	819	9614
chr15	38407299	38529298	122000	6	0	122000	74559	47441	10035	3733	5066	6397	4600	3454	4626	4617	4941	2202	3821	3306	5655	3150	3446	5508	5037	2793	450	4259	4245	2843	408	4116	3195	2356	306	3163	4821	3620	408	5421
chr15	38529299	39035298	506000	5	0	506000	300753	205247	37956	14898	21600	24944	19732	14574	20313	19435	21239	9760	16771	13824	20470	11571	13562	20103	20364	11790	2287	16362	18750	12677	1969	17881	14645	11017	1603	14307	20295	15793	1811	23695
chr15	39035299	39153298	118000	4	0	118000	71974	46026	9012	3626	4976	6307	4670	3303	4413	4708	5085	2143	3675	3274	5154	2805	3462	5359	4908	2581	406	3983	4126	2615	351	3877	3274	2262	309	3157	4786	3511	370	5510
chr15	39153299	39367298	214000	3	0	214000	130844	83156	16943	6518	9005	11666	8489	5872	8019	8672	9235	4006	6623	5986	9466	4961	5803	9578	8979	4609	828	6941	7414	4780	640	7081	5881	4084	524	5545	8778	6442	746	9884
chr15	39367299	39520298	153000	2	0	153000	90737	62263	11158	4596	6543	7382	6031	4653	6196	5923	6470	3021	5012	4207	6020	3419	4191	5914	6477	3551	712	4949	5648	3766	497	5414	4488	3163	453	4434	6191	4844	530	7145
chr15	39520299	40407805	887507	1	0	887507	499373	388134	61012	24619	34819	38203	31737	27922	40069	30106	33116	17559	32697	22467	32788	19086	22134	31038	34019	22241	4777	28149	35893	29337	6382	35855	26686	25896	5565	27493	33236	29993	4390	38221
chr15	40407808	40579166	171359	1	0	171359	88183	83176	10122	4130	6116	5558	5660	6031	8942	5120	5615	3638	7637	3888	4530	3306	3748	4140	6084	4795	1082	5144	7942	7119	1944	8066	5731	6697	1705	6089	5996	6460	1177	7145
chr15	40579168	41162301	583134	1	0	583134	312245	270889	40219	15066	20566	21562	20089	19611	28865	16811	18956	11487	24824	14148	18149	12028	13899	15964	19916	15984	3851	18441	25598	20257	6167	25628	18521	21444	5677	19989	21341	19965	4013	24096
chr15	41162302	41309301	147000	2	0	147000	82769	64231	11851	3922	5162	6286	5328	4852	6701	4274	4691	2756	5787	3649	5351	3526	3760	4873	5182	3973	918	4981	6146	3831	1279	5920	4395	4815	1220	4686	5432	4557	1071	5823
chr15	41309302	41630301	321000	1	0	321000	167248	153752	21405	7819	10598	10955	10712	11417	16173	8678	9454	6528	14379	7745	9206	6567	7643	7968	10553	9309	2326	10143	14731	11652	4124	14629	10179	12910	3847	11242	11518	11265	2545	12778
chr15	41630302	41789301	159000	2	0	159000	94509	64491	13821	4772	6214	7752	5947	4730	6409	5040	5723	2832	5552	4209	7069	3968	4264	6205	6050	3837	921	5494	5721	3664	1030	5728	4337	4007	964	4422	6019	4635	867	6795
chr15	41789302	42070301	281000	1	0	281000	137244	143756	12710	6352	10018	7475	8303	10670	16811	8379	9236	6345	12870	6076	6305	4665	5332	5696	9861	8236	1990	7945	14040	13737	2983	14715	10348	11964	2395	11014	9914	11538	1718	11357
chr15	42070302	42522301	452000	2	0	452000	256723	195277	32622	12752	17416	19539	16307	14415	20528	15207	16594	8912	16971	11551	16806	10027	11352	15723	17303	11519	2551	14732	18239	13237	2859	18051	13486	12782	2460	14028	17429	14848	2296	19456
chr15	42522302	42901301	379000	3	0	379000	219114	159886	29626	10840	14566	16935	14020	11628	16836	12162	13767	7285	13845	10035	14554	8943	9946	14125	14676	9516	1878	12626	14759	10002	2389	14507	10597	10362	2180	11461	14613	11777	1943	16599
chr15	42901302	43643301	742000	2	0	742000	422521	319479	54669	20663	28594	32259	26678	23277	32768	24579	26973	14349	28071	19362	27865	16935	19350	26128	27778	18862	3959	24625	29601	21816	5195	29279	21696	20930	4538	22444	28226	24283	3810	32436
chr15	43643302	43709301	66000	1	0	66000	35568	30432	3855	1687	2552	2384	2227	2073	3088	2114	2481	1479	2866	1783	1915	1384	1748	1931	2299	1832	419	2073	2818	2399	583	2959	1941	1900	475	2124	2444	2629	437	3099
chr15	43709302	43886301	177000	2	0	177000	97286	79714	12769	4750	6338	6965	6222	5847	8382	5128	5800	3394	7224	4434	6031	4017	4625	5359	6076	4833	1123	5976	7564	5441	1660	7362	5323	5973	1581	5949	6617	5779	1174	7282
chr15	43886302	44057301	171000	3	0	171000	98324	72676	12294	4929	6895	7399	6353	5266	7709	6152	6558	3298	6315	4659	6311	3749	4474	5962	6612	4212	708	5709	6780	4622	799	6693	5240	4552	704	5214	6848	5508	697	7777
chr15	44057302	44419301	362000	2	0	362000	215753	146247	30708	10281	13778	18182	13780	10582	14513	12384	13081	6539	12706	9758	15380	8823	9963	15294	13795	8509	1671	12250	13464	8142	2065	12765	9934	9247	2014	10305	14065	10538	1842	15640
chr15	44419302	44842301	423000	3	0	423000	246670	176330	34471	12446	16165	19430	15829	12832	18047	14056	15157	7856	15151	11068	17055	10022	11385	15700	16169	10425	2202	14360	16362	10671	2603	15677	12063	11511	2532	12522	16169	12706	2167	18189
chr15	44842302	45061301	219000	4	0	219000	127859	91141	16741	6549	8805	10194	8591	6676	9240	7628	8304	4161	7429	6028	8654	4827	5810	8220	8632	5529	938	7114	8633	5881	1079	8273	6403	5427	914	6396	8467	7029	925	9501
chr15	45061302	45511301	450000	3	0	450000	247719	202281	30171	11960	17104	18041	15735	14996	20941	14647	15984	9133	17764	11346	15387	9352	10915	14242	16326	12429	2508	14178	19557	15365	3526	19114	13469	13967	3172	14442	16967	15801	2470	18989
chr15	45511302	45689301	178000	4	0	178000	101094	76906	13041	4942	6944	7784	6784	5701	7855	5719	6314	3442	6755	4632	6572	3846	4496	6266	6595	4581	933	5822	7280	5060	1191	7089	5336	5253	1121	5502	6848	5726	931	7637
chr15	45689302	45776301	87000	5	0	87000	49984	37016	6026	2539	3534	3867	3403	2681	3625	3268	3335	1694	3158	2445	3202	1894	2267	3044	3448	2209	424	2728	3459	2512	448	3416	2689	2119	378	2554	3381	2995	370	3886
chr15	45776302	45852301	76000	6	0	76000	44062	31938	5502	2167	3146	3408	2885	2424	3239	2762	2988	1458	2809	2049	2848	1668	1948	2760	3079	1831	332	2475	2977	2118	356	2776	2318	1798	279	2294	2936	2480	291	3597
chr15	45852302	45939301	87000	7	0	87000	52475	34525	6956	2639	3718	4398	3476	2366	3391	3243	3561	1666	2875	2424	3717	2068	2482	3493	3484	1988	324	2943	3140	1989	301	2996	2412	1833	252	2337	3441	2616	279	4190
chr15	45939302	46103301	164000	8	0	164000	101755	62245	13376	5127	6832	8912	6731	4392	5855	6616	6730	3001	4750	4613	7410	4295	4882	8231	6935	3663	570	5647	5536	3348	446	5194	4407	2942	326	4137	6716	4571	466	7341
chr15	46103302	46457301	354000	9	0	354000	219995	134005	29235	10956	15086	19878	14377	9443	12808	14126	15190	6350	10287	9940	16352	8722	10158	17086	14901	7624	1254	11692	11854	7082	904	11086	9642	6271	783	9144	14356	9949	1045	16417
chr15	46457302	46792301	335000	10	0	335000	213456	121544	29871	10610	14303	20228	13735	8465	11269	13328	14550	5801	9104	9510	16856	8358	9618	17848	14412	6654	1120	11048	10323	6094	794	9752	8565	5201	666	7950	13497	9014	908	15546
chr15	46792302	46954301	162000	9	0	162000	104829	57171	14888	5027	6762	10390	6648	4015	5142	6628	6943	2734	4220	4717	8587	4340	4751	9035	7067	3086	543	5420	4746	2694	377	4410	4013	2291	297	3613	6607	4156	419	7432
chr15	46954302	46987301	33000	10	0	33000	21622	11378	3098	1011	1365	2176	1459	875	965	1387	1365	493	764	1021	1728	846	943	2125	1450	649	85	1041	1060	500	55	792	832	488	55	727	1344	770	53	1476
chr15	46987302	47144526	157225	9	0	157225	100484	56741	14514	5017	6447	9786	6595	3875	5197	6245	6763	2596	4049	4534	7892	4059	4430	8485	6716	3138	535	5157	4949	2978	542	4380	3898	2594	370	3540	6349	4140	407	7046
chr15	47144528	47322302	177775	9	0	177775	111638	66137	15169	5560	7513	10425	7227	4736	6142	7089	7592	3152	5030	5004	8680	4505	4951	8862	7822	3640	696	5795	5670	3393	594	5258	4636	2995	533	4326	7065	4887	569	8257
chr15	47322303	47496302	174000	8	0	174000	106353	67647	13300	5198	7504	9289	6655	5042	6575	6949	7351	3233	5567	4766	7985	4142	4737	8058	7326	3731	634	5924	5887	3735	498	5826	4898	3297	443	4530	7111	5183	521	8103
chr15	47496303	47628302	132000	7	0	132000	80101	51899	9969	3877	5660	7007	5182	3822	4990	5413	5566	2462	4233	3623	5796	3163	3578	5759	5667	2842	459	4357	4542	2971	398	4556	3747	2652	309	3514	5451	4002	398	6033
chr15	47628303	47738302	110000	8	0	110000	66815	43185	8490	3228	4722	5928	4236	3157	4125	4296	4655	1993	3334	3026	4987	2642	3065	4930	4570	2299	517	3634	3641	2551	481	3626	3190	2183	417	3068	4414	3266	409	4918
chr15	47738303	48001302	263000	7	0	263000	156820	106180	19482	7694	11488	13004	10166	7609	10524	10231	11340	5127	8891	7190	10680	5905	7021	10466	10761	5823	1061	8690	9534	6461	842	9351	7591	5474	710	7333	10644	8430	925	12550
chr15	48001303	48307302	306000	6	0	306000	188243	117757	24830	9333	13184	16886	12070	8084	11313	11717	12899	5473	9342	8428	14434	7445	8590	14213	12245	6584	1197	10311	10233	6500	1096	10095	8454	5954	887	8059	12252	8886	1040	13964
chr15	48307303	48601302	294000	5	0	294000	177749	116251	23295	8965	12448	15432	11428	8555	11234	11339	12316	5404	9265	7942	13100	6883	7728	12413	12155	6419	1372	9861	10349	6764	1282	9774	8341	6141	1043	7823	11712	8845	1153	13217
chr15	48601303	48743302	142000	4	0	142000	86774	55226	12024	4545	6020	7446	5658	3897	5308	5319	6045	2607	4405	3878	6309	3285	3853	6173	5966	3040	592	4736	4858	3253	550	4680	3751	2751	491	3623	5607	4297	483	6548
chr15	48743303	48871302	128000	3	0	128000	80301	47699	11436	4010	5619	7242	5057	3331	4471	4739	5301	2228	3663	3455	6512	3279	3649	6308	5221	2636	510	4481	4087	2405	415	4031	3265	2376	401	3224	5025	3521	434	5666
chr15	48871303	49153302	282000	2	0	282000	171397	110603	22868	8674	11759	14699	10929	8003	10798	10458	11435	5021	8909	7781	12769	6929	7710	12654	11647	6263	1238	9479	9703	6300	1199	9443	7719	5750	1029	7686	11118	8332	1128	12568
chr15	49153303	49326302	173000	3	0	173000	106589	66411	14835	5474	7246	9285	6863	4609	6389	6518	7237	3028	5236	4712	7905	4328	4914	8009	7132	3832	627	5848	5957	3624	637	5592	4590	3373	576	4409	6701	4981	595	7936
chr15	49326303	49379302	53000	4	0	53000	33330	19670	4616	1745	2286	3132	2299	1320	1848	2049	2308	928	1402	1469	2556	1322	1472	2578	2186	1137	185	1807	1764	1026	159	1545	1382	867	162	1341	2183	1463	146	2315
chr15	49379303	49416302	37000	5	0	37000	23203	13797	3129	1195	1595	2219	1626	951	1222	1453	1661	635	1041	1016	1722	894	1018	1826	1544	813	129	1188	1249	784	108	1095	961	601	88	882	1498	1038	107	1710
chr15	49416303	49450302	34000	6	0	34000	22343	11657	2990	1102	1477	2320	1312	788	1054	1369	1535	497	925	930	2052	955	1045	1990	1426	597	76	1243	916	507	48	895	834	427	61	740	1347	835	81	1624
chr15	49450303	49487302	37000	7	0	37000	24437	12563	3705	1152	1499	2581	1428	887	1135	1449	1550	559	902	1015	2255	1021	1123	2175	1505	654	134	1326	1034	538	97	928	884	548	86	802	1476	857	91	1602
chr15	49487303	49780302	293000	8	0	293000	184252	108748	25507	9252	12500	17038	12139	7612	10083	11287	12451	5049	8163	8255	14200	7284	8363	15067	12400	6133	945	9719	9542	6032	790	8987	7530	5085	686	6981	11649	8101	745	13423
chr15	49780303	49934302	154000	7	0	154000	94593	59407	12425	4828	6602	8338	6258	4089	5701	6080	6548	2868	4652	4390	6962	3664	4372	6816	6366	3361	538	5183	5444	3304	418	4941	4126	2838	409	4019	6191	4604	479	7184
chr15	49934303	50039302	105000	6	0	105000	65561	39439	9082	3289	4599	5977	4353	2712	3685	4062	4608	1869	3045	2986	4904	2540	2938	4911	4350	2202	383	3475	3540	2175	259	3227	2735	1799	223	2562	4187	3025	293	5003
chr15	50039303	50142302	103000	5	0	103000	63387	39613	8218	3104	4262	5553	3948	2851	3716	3995	4221	1855	3327	2913	4750	2413	2949	5310	4201	2250	392	3380	3554	2305	299	3426	2678	1981	246	2585	4078	3048	327	4863
chr15	50142303	50309302	167000	4	0	167000	97983	69017	13235	4784	6597	7981	6281	5026	7084	5790	6414	3116	5840	4582	6667	3807	4299	6478	6533	4015	777	5408	6362	4381	923	6166	4666	4249	789	4796	6620	5187	695	7450
chr15	50309303	50392302	83000	3	0	83000	48551	34449	7016	2286	2990	4039	3064	2557	3423	2712	2805	1497	3056	2213	3445	2047	2205	3194	3055	2045	450	2837	3219	2011	608	3061	2342	2331	571	2348	3140	2512	491	3428
chr15	50392303	51109302	717000	2	0	717000	425733	291267	61036	21146	26969	35712	27215	21233	29287	24313	25923	12787	24668	19043	30689	17365	18959	29387	27476	17257	3619	24179	26873	16678	4427	25303	20035	18564	4267	20168	27664	20782	3741	30233
chr15	51109303	51664302	555000	3	0	555000	326637	228363	41937	16277	22990	26854	21364	16313	22818	20369	22247	10814	18589	14967	22510	12476	14748	21364	21925	13206	2597	18152	21183	15053	2459	20267	15908	13139	2130	15725	21848	17565	2204	25000
chr15	51664303	52520302	856000	2	0	856000	495292	360708	65437	24395	33725	39232	31551	26183	36903	29650	32122	16385	30962	22544	33679	19479	22168	30876	32919	20900	4492	28131	32900	22736	5501	32383	25119	22995	4930	25688	33349	26890	4217	37557
chr15	52520303	52778302	258000	3	0	258000	155817	102183	21149	7913	10385	13519	9938	7259	9887	9164	9968	4622	8415	6811	11910	6527	7301	11048	10308	5950	1150	8913	8929	6081	1332	8857	6857	5744	1161	7084	10154	7424	1105	11133
chr15	52778303	52874302	96000	4	0	96000	52986	43014	6376	2617	3784	4171	3496	2971	4109	3224	3836	1938	3626	2438	3240	1857	2345	2956	3528	2440	603	2812	3885	3419	999	3845	2901	2813	974	2956	3486	3476	626	4251
chr15	52874303	52955302	81000	5	0	81000	48886	32114	6221	2424	3591	4137	3301	2282	3138	3231	3481	1517	2471	2272	3370	1880	2178	3392	3347	1858	337	2560	2919	1861	227	2764	2396	1595	197	2310	3289	2457	251	3744
chr15	52955303	53045302	90000	6	0	90000	54880	35120	7271	2731	3808	4768	3544	2545	3397	3678	3939	1678	2744	2506	3823	2026	2488	3932	3722	2030	318	2910	3267	2027	247	2958	2489	1729	201	2355	3686	2713	254	4214
chr15	53045303	53167302	122000	7	0	122000	74427	47573	9580	3757	5315	6453	4970	3406	4490	4897	5304	2280	3872	3453	5251	2799	3472	5127	5114	2686	454	3988	4280	2616	266	4128	3370	2287	268	3206	4999	3701	382	5827
chr15	53167303	53306302	139000	8	0	139000	85407	53593	11086	4156	5861	7743	5574	3958	5062	5529	5898	2485	4279	3967	6288	3221	3857	6441	5838	2973	582	4427	4676	2943	425	4514	3969	2597	381	3639	5640	4045	464	6480
chr15	53306303	53692302	386000	9	0	386000	238855	147145	31468	11743	16478	21669	15271	10499	13944	15365	16299	7019	11459	10826	18320	9418	10848	18228	16144	8218	1585	12732	12863	8170	1124	12286	10548	6976	967	9929	15524	11079	1216	17783
chr15	53692303	54227747	535445	10	0	535445	336026	199419	45539	16735	22420	31166	21618	14127	18653	21220	22395	9259	15612	15300	26308	13704	15060	26910	22546	11029	2107	18143	17215	10202	1659	16071	14072	9093	1377	13337	21785	14823	1765	24193
chr15	54227748	54714301	486554	10	0	486554	311322	175232	43136	15400	20167	29949	19415	12209	16156	19751	20899	8126	13107	13783	25202	12838	14202	26981	20482	9788	1739	16564	14947	8543	1283	13822	12317	7465	1041	11325	19784	12799	1411	21921
chr15	54714302	54978301	264000	9	0	264000	164406	99594	22508	8483	11338	14494	11068	6902	9308	10491	11365	4862	7584	7631	11883	6681	7613	12193	11366	5782	1025	8755	8703	5242	741	8138	6943	4338	639	6480	10757	7462	753	12470
chr15	54978302	55123301	145000	8	0	145000	88141	56859	11493	4426	6066	7538	5898	4047	5320	5581	5983	2724	4680	4129	6149	3349	4108	6650	5960	3343	540	4702	5187	3411	488	4862	3926	2714	372	3836	5773	4479	490	6774
chr15	55123302	55232301	109000	7	0	109000	66158	42842	8879	3501	4458	5617	4474	3058	4183	4066	4334	1951	3390	3044	4768	2776	2952	4705	4680	2524	485	3597	3869	2399	431	3610	3004	2217	413	2894	4229	3169	439	4882
chr15	55232302	55356301	124000	6	0	124000	72391	51609	9597	3710	4778	5864	4623	3672	5046	4265	4584	2360	4192	3214	5145	3011	3415	4913	4730	3050	676	4297	4723	3276	998	4509	3427	3380	755	3438	4726	3800	637	5187
chr15	55356302	56193301	837000	5	0	837000	502079	334921	70890	25348	32599	42845	32118	24217	33170	29203	32015	14932	27324	22687	36659	20414	22528	35129	33126	19465	4204	28116	30081	19210	5007	28432	23048	19876	4657	22740	32454	24179	3992	36333
chr15	56193302	56414301	221000	6	0	221000	139306	81694	19807	7005	9320	13019	9087	5584	7391	8518	9356	3773	6006	6222	10901	5784	6404	11127	9179	4707	860	7400	7296	4508	687	6576	5534	3765	678	5147	8572	6087	699	9999
chr15	56414302	56589301	175000	7	0	175000	108685	66315	15216	5660	7188	9741	7270	4590	6301	6772	7356	3110	4914	5044	7964	4391	5040	8127	7444	3876	736	5695	5957	3565	588	5417	4660	3061	481	4410	6872	5026	605	7921
chr15	56589302	57222301	633000	6	0	633000	397651	235349	58145	20350	26083	36458	25151	16711	22356	23085	25606	10629	18350	17146	32135	16862	18204	30379	26268	13367	2627	22290	20247	11726	2375	19296	15803	11846	2110	15663	24985	16705	2296	27744
chr15	57222302	57308301	86000	5	0	86000	52142	33858	7427	2610	3577	4389	3215	2435	3394	3041	3361	1556	2629	2290	4000	2222	2316	3678	3508	1980	406	2930	2984	2003	419	2868	2298	1894	373	2359	3295	2397	384	3760
chr15	57308302	57760301	452000	4	0	452000	254294	197706	30778	12683	18594	18685	16361	14858	20352	15963	17850	9202	16732	11272	15751	9401	10776	15036	18080	11214	2613	14236	18157	14572	2769	18306	13826	12360	2361	14154	17471	15658	2169	19758
chr15	57760302	58072301	312000	5	0	312000	185834	126166	23881	9744	13090	15425	12343	8946	12522	11897	13133	5997	9988	8511	12784	7264	8121	12187	12976	7253	1501	10221	11560	8090	1275	10836	8761	6600	1016	8447	12411	9818	1184	14216
chr15	58072302	58082892	10591	4	0	10591	6499	4092	854	333	427	592	388	295	426	392	430	202	311	296	534	245	285	488	441	227	49	358	351	248	36	357	315	197	24	250	394	320	39	485
chr15	58082893	58165300	82408	4	0	82408	50790	31618	6569	2569	3484	4634	3355	2216	2896	3165	3527	1551	2556	2336	3805	1915	2316	3894	3322	1835	358	2737	2812	1816	267	2671	2150	1465	241	1974	3348	2450	302	3870
chr15	58165301	58396300	231000	3	0	231000	134604	96396	16784	6769	9681	10755	8944	7123	9797	8276	9456	4655	7897	6155	8804	5064	5929	8513	9490	5529	1225	7367	8980	6351	967	8656	6747	5352	839	6730	8923	7722	967	10551
chr15	58396301	58907300	511000	2	0	511000	300366	210634	40897	14942	20182	24534	19084	15583	21163	17344	19201	9473	17772	13292	21373	12294	13381	19850	20176	12033	2840	17243	18911	13209	3107	18442	14406	13004	2757	14767	19680	15423	2588	22047
chr15	58907301	59007300	1e+05	1	0	1e+05	59717	40283	8894	2886	3736	5130	3861	2980	3875	3256	3446	1719	3458	2677	4445	2477	2651	4225	3745	2399	564	3354	3615	2217	719	3501	2741	2664	699	2764	3871	2772	556	4101
chr15	59007301	59368300	361000	2	0	361000	209631	151369	28230	10654	14169	16600	13605	11354	15506	12485	13337	7000	12625	9341	14481	8274	9159	12810	14127	8881	2168	12106	14045	9276	2048	13484	10852	9423	1935	10720	13927	11272	1955	15149
chr15	59368301	59419300	51000	3	0	51000	28021	22979	3666	1381	1967	1933	1815	1685	2345	1615	1806	1021	2111	1331	1659	1030	1204	1451	1859	1291	353	1614	2104	1589	450	2143	1582	1642	415	1667	1915	1763	388	2203
chr15	59419301	59625300	206000	2	0	206000	118081	87919	15350	5785	7995	9231	7794	6511	8939	6907	7611	3906	7653	5341	7606	4696	5295	7459	7906	5208	1160	6624	8178	5818	1198	8120	6153	5669	1149	6225	7915	6619	1063	8914
chr15	59625301	59772300	147000	3	0	147000	88045	58955	12167	4360	5903	7523	5586	4320	5800	5185	5607	2616	4837	3895	6593	3559	3897	6195	5621	3408	824	5002	5255	3239	851	5070	4166	3566	822	4176	5850	4202	713	6190
chr15	59772301	59880300	108000	4	0	108000	63804	44196	8302	3183	4489	5322	4253	3242	4495	3934	4373	2011	3700	2987	4368	2359	2722	4063	4351	2520	557	3367	4016	2611	492	3861	3319	2467	373	3191	4239	3382	462	4987
chr15	59880301	60038300	158000	5	0	158000	93362	64638	12247	4755	6507	7915	6218	4648	6217	5654	6220	2925	5208	4220	6739	3652	4148	6089	6366	3604	818	5192	5718	4085	982	5411	4658	3655	1005	4570	5995	4853	817	6907
chr15	60038301	60247300	209000	4	0	209000	125330	83670	16325	6437	8769	10755	8294	6043	8171	7915	8706	3880	6760	5750	8961	4718	5651	8194	8548	4762	959	6809	7518	5010	841	7120	5996	4413	757	5840	8362	6304	849	9581
chr15	60247301	60468300	221000	3	0	221000	129906	91094	17354	6574	8965	10668	8469	6631	8936	7862	8687	4133	7651	5882	9051	5118	5687	8238	8821	5127	1206	7302	8109	5837	1320	7954	6334	5347	1112	6270	8634	6909	1098	9712
chr15	60468301	60675300	207000	4	0	207000	123782	83218	16542	6357	8789	10263	7871	6324	8068	7477	8346	3798	6578	5355	9193	4860	5385	8574	8639	4629	1178	6893	7094	4928	1185	7053	6014	4658	1038	5832	7993	6045	997	9042
chr15	60675301	60808300	133000	5	0	133000	77526	55474	9515	4019	5808	6178	5160	4100	5509	4849	5640	2646	4600	3431	5205	2903	3352	4610	5431	3144	748	4345	4880	3515	669	4955	3997	3076	486	3910	5310	4284	663	6060
chr15	60808301	61044300	236000	6	0	236000	136430	99570	16290	6790	9886	10575	8755	7518	10043	8946	9621	4661	8390	6277	8874	5208	5939	8655	9578	5668	1330	7601	9091	6426	1150	8931	7136	5727	915	7068	9457	7777	1057	10658
chr15	61044301	61532300	488000	7	0	488000	289311	198689	36169	14374	20678	24006	18449	14380	19533	18684	20430	9223	16368	13288	20180	11289	13009	19250	19781	11155	2440	15890	17597	12490	2139	17511	14233	10547	1760	13836	19435	15546	1977	22351
chr15	61532301	61641300	109000	6	0	109000	65498	43502	8112	3301	4719	5540	4198	3101	4207	4259	4687	2090	3536	2981	4676	2574	3008	4508	4375	2498	525	3667	3880	2556	354	3876	3024	2231	314	2907	4486	3381	407	5020
chr15	61641301	61961300	320000	5	0	320000	195151	124849	26131	9776	13527	17242	12367	8843	12172	12180	13442	5857	9796	8697	14735	7578	8582	14225	13039	7017	1436	10562	11034	7207	1283	10606	8767	6520	1095	8490	12722	9385	1266	14419
chr15	61961301	62704300	743000	4	0	743000	431494	311506	55706	21666	30008	34417	27856	22751	31474	26070	28642	14519	25976	19455	29592	16759	19129	27472	29814	17884	3927	24070	27918	20720	4427	27894	21847	18580	3917	21916	28572	23775	3537	32708
chr15	62704301	62902300	198000	3	0	198000	110390	87610	13062	5507	8107	8008	7089	6545	9352	7118	7701	4172	7248	4944	6833	3976	4637	6090	7916	5083	1180	6021	8122	6179	1252	8129	6520	5636	1033	6473	7545	6784	1015	8721
chr15	62902301	63183300	281000	2	0	281000	156392	124608	18883	7715	10895	11674	10185	9250	12806	9576	10235	5757	10671	7083	9865	5833	6888	9074	10745	7151	1674	8985	11607	9051	2129	11470	8709	8553	1921	8867	10756	9502	1550	11938
chr15	63183301	63333590	150290	1	0	150290	88158	62132	11796	4466	5981	7244	5481	4524	6214	5242	5933	2827	5146	3894	6275	3511	3980	5642	5814	3617	877	5020	5584	3958	940	5434	4198	3694	819	4377	5865	4647	798	6490
chr15	63333598	63672300	338703	1	0	338703	192309	146394	24260	9856	13591	14514	12232	10795	15216	11484	12757	6666	12468	8476	12971	7293	8602	11126	13147	8330	1892	11242	13232	9982	2326	13380	10467	9508	1978	10543	12881	11100	1674	14712
chr15	63672301	63836300	164000	2	0	164000	100696	63304	14464	5076	6617	8799	6205	4530	6126	5694	6222	2861	5168	4419	8065	4236	4693	7520	6452	3695	746	5810	5471	3451	821	5366	4271	3544	754	4253	6361	4419	713	7176
chr15	63836301	64136300	3e+05	1	0	3e+05	162513	137487	18938	7986	11634	10969	10687	10134	14981	9816	10568	6302	12269	7403	9334	5893	7241	8358	11215	8154	1477	9469	13356	10587	1874	13497	9586	9886	1663	10179	11461	10686	1416	12979
chr15	64136301	64930259	793959	2	0	793959	437924	356035	58225	21112	28600	31388	28422	26399	37370	24012	26010	15368	32464	20043	26667	17037	19921	24885	28613	21127	4487	25688	33963	25246	6596	33675	24190	26645	6134	25785	29437	26462	4779	33207
chr15	64930261	64932951	2691	2	0	2691	1322	1369	140	64	99	72	96	109	168	70	83	66	131	45	55	34	38	51	94	77	14	88	127	134	25	136	102	119	12	115	120	92	17	96
chr15	64932952	64933802	851	2	0	851	385	466	42	17	23	19	32	47	54	16	15	18	41	19	11	11	14	4	22	36	8	27	66	44	7	43	33	46	5	36	29	34	4	26
chr15	64933803	64934666	864	2	0	864	450	414	60	22	28	27	31	29	46	29	31	19	48	18	16	12	18	14	27	22	5	28	32	29	8	41	40	24	6	36	37	35	9	35
chr15	64934668	64935225	558	2	0	558	303	255	46	14	17	16	21	25	33	15	10	13	22	14	17	16	12	11	25	17	0	26	34	15	1	22	13	24	1	18	22	16	2	18
chr15	64935227	64937609	2383	2	0	2383	1374	1009	213	65	85	112	96	74	101	72	73	34	78	59	92	78	61	79	96	63	9	84	104	64	19	94	65	82	15	70	78	72	17	77
chr15	64937619	64938944	1326	2	0	1326	751	575	82	35	47	59	49	39	64	43	44	30	62	38	48	38	26	46	47	33	6	56	54	29	8	55	35	34	12	31	59	50	8	57
chr15	64938946	64940144	1199	2	0	1199	732	467	128	37	60	49	58	30	48	37	37	24	40	40	50	18	32	42	42	20	5	43	37	18	2	41	42	28	6	42	52	32	3	54
chr15	64940145	64940608	464	2	0	464	272	192	38	9	13	17	12	16	15	21	11	7	18	24	15	8	20	26	18	9	2	11	20	10	5	13	10	14	5	15	16	15	2	27
chr15	64940610	64942672	2063	2	0	2063	1129	934	101	46	72	75	69	76	87	69	62	56	80	55	63	58	78	81	90	60	11	74	90	74	14	95	47	57	4	64	74	82	13	84
chr15	64942674	64943630	957	2	0	957	568	389	87	24	39	42	29	25	41	42	33	15	27	21	44	28	25	45	37	23	4	28	30	36	2	38	29	28	5	32	41	20	1	34
chr15	64943632	64943665	34	2	0	34	13	21	0	0	0	1	1	0	2	1	1	1	2	0	0	1	1	0	0	1	1	0	1	5	0	3	3	2	0	1	0	1	1	2
chr15	64943666	64945607	1942	2	0	1942	1012	930	92	45	83	53	60	70	107	76	75	41	73	45	46	47	47	52	71	63	11	57	95	81	5	97	64	62	7	81	83	71	5	75
chr15	64945608	64945635	28	2	0	28	26	2	0	1	0	0	0	0	0	1	1	0	0	0	0	0	0	22	0	0	0	0	0	0	0	0	0	0	0	0	1	0	0	0
chr15	64945636	64948047	2412	2	0	2412	1325	1087	142	71	94	104	73	87	125	72	93	49	81	64	104	44	54	66	88	78	7	78	106	94	18	111	74	74	7	65	89	83	14	101
chr15	64948048	64949597	1550	2	0	1550	884	666	113	43	44	78	53	55	76	60	55	33	51	44	56	29	31	62	65	43	9	43	76	55	12	43	42	44	6	44	60	44	7	72
chr15	64949599	64949632	34	2	0	34	16	18	1	2	2	0	2	1	0	0	2	2	2	0	0	0	2	0	2	3	0	0	1	2	0	2	0	0	0	0	0	2	0	4
chr15	64949634	64950740	1107	2	0	1107	534	573	49	25	35	31	34	35	65	40	38	18	56	22	19	15	23	29	28	31	8	26	64	57	7	62	36	60	9	49	46	42	4	42
chr15	64950748	64951301	554	2	0	554	308	246	46	18	30	15	15	18	27	20	24	11	17	12	23	10	10	11	25	15	6	11	19	18	4	27	19	17	3	17	17	17	1	29
chr15	64951302	64951333	32	2	0	32	21	11	3	0	8	0	0	0	0	0	7	0	2	0	0	0	0	0	0	0	0	0	0	0	0	1	0	0	0	0	0	1	0	8
chr15	64951343	64951352	10	2	0	10	6	4	1	0	2	0	0	0	0	0	1	0	1	0	0	0	0	0	0	0	0	0	0	0	0	1	0	0	0	0	0	1	0	1
chr15	64951353	64951403	51	2	0	51	36	15	12	0	11	0	0	0	0	0	10	0	2	0	0	0	0	0	0	0	0	0	0	0	0	2	0	0	0	0	0	2	0	10
chr15	64951411	64951435	25	2	0	25	18	7	7	0	5	0	0	0	0	0	4	0	1	0	0	0	0	0	0	0	0	0	0	0	0	1	0	0	0	0	0	1	0	4
chr15	64951450	64951473	24	2	0	24	19	5	8	0	4	0	0	0	0	0	4	0	1	0	0	0	0	0	0	0	0	0	0	0	0	0	0	0	0	0	0	0	0	5
chr15	64951474	64951490	17	2	0	17	11	6	0	0	4	0	0	0	0	0	4	0	1	0	0	0	0	0	0	0	0	0	0	0	0	1	0	0	0	0	0	1	0	4
chr15	64951491	64951544	54	2	0	54	32	22	2	1	11	0	0	0	1	0	12	0	3	0	0	0	0	0	1	0	0	0	0	1	0	5	0	0	0	0	0	5	0	10
chr15	64951545	64951562	18	2	0	18	13	5	3	0	4	0	0	0	0	0	3	0	1	0	0	0	0	0	0	0	0	0	0	0	0	0	0	0	0	0	0	0	0	5
chr15	64951571	64951619	49	2	0	49	34	15	4	1	11	1	1	0	0	0	12	0	0	0	1	0	0	1	1	0	0	0	0	0	0	2	0	0	0	0	0	2	0	10
chr15	64951625	64951682	58	2	0	58	41	17	8	0	13	0	0	0	0	0	12	0	0	2	0	0	2	2	0	0	0	0	0	0	0	2	0	0	0	0	0	2	0	13
chr15	64951721	64951846	126	2	0	126	81	45	14	0	29	1	0	0	0	1	28	0	4	1	1	0	0	1	0	0	0	0	0	0	0	11	0	0	0	0	1	10	0	22
chr15	64951865	64952046	182	2	0	182	122	60	25	1	39	1	1	0	1	1	39	1	5	2	1	0	1	2	1	0	1	0	1	0	0	7	1	0	0	1	0	8	1	39
chr15	64952048	64952067	20	2	0	20	13	7	0	1	4	0	0	0	0	0	4	0	0	0	1	0	1	0	0	0	0	1	0	0	0	1	0	0	0	0	0	1	0	4
chr15	64952085	64952114	30	2	0	30	20	10	3	0	7	0	0	0	0	0	7	0	1	0	0	0	0	0	0	0	0	0	0	0	0	2	0	0	0	0	0	2	0	6
chr15	64952125	64952346	222	2	0	222	140	82	20	1	47	2	0	0	0	1	48	0	12	1	2	1	1	2	0	0	1	1	0	0	0	19	0	0	0	0	1	19	1	40
chr15	64952347	64952384	38	2	0	38	23	15	2	1	8	0	0	0	0	0	8	0	2	0	0	0	0	0	0	0	0	1	0	0	0	4	0	0	0	0	0	4	0	6
chr15	64952388	64952417	30	2	0	30	18	12	0	0	7	0	0	0	0	0	7	0	2	0	0	0	0	0	0	0	0	0	0	0	0	3	0	0	0	0	0	3	0	6
chr15	64952424	64952519	96	2	0	96	56	40	3	1	19	0	0	1	0	0	18	2	6	0	2	1	1	0	0	1	2	2	0	0	1	8	0	0	0	0	1	8	1	16
chr15	64952520	64952587	68	2	0	68	37	31	2	1	13	0	0	0	0	0	13	1	6	0	0	0	0	0	0	0	2	0	0	0	0	8	0	0	0	0	0	8	2	10
chr15	64952600	64952648	49	2	0	49	29	20	3	0	10	0	0	0	0	0	9	1	4	0	0	0	0	0	0	0	1	0	0	0	0	4	0	0	0	0	0	4	1	10
chr15	64952649	64952764	116	2	0	116	66	50	6	1	23	0	0	0	0	0	23	0	10	0	1	0	1	0	0	0	0	1	0	2	0	13	0	0	0	0	0	13	0	20
chr15	64952791	64952862	72	2	0	72	40	32	3	0	14	0	1	0	0	0	12	1	8	0	0	0	0	0	1	0	0	0	0	0	0	9	0	0	0	0	0	9	0	12
chr15	64952863	64952960	98	2	0	98	59	39	4	1	22	0	0	0	0	0	22	0	7	0	1	0	1	0	0	0	0	1	0	0	0	8	0	0	0	0	0	8	0	21
chr15	64952961	64952971	11	2	0	11	8	3	2	0	3	0	0	0	0	0	2	0	0	0	0	0	0	0	0	0	0	0	0	0	0	0	0	0	0	0	0	0	0	2
chr15	64952979	64953001	23	2	0	23	13	10	0	0	4	0	0	0	0	0	3	0	3	0	1	0	1	0	0	0	0	0	0	0	0	2	0	0	0	0	0	2	0	5
chr15	64953002	64953050	49	2	0	49	29	20	3	1	9	0	1	0	0	0	10	0	4	0	0	0	0	0	1	0	0	0	0	0	0	5	0	0	0	0	0	5	0	8
chr15	64953051	64953155	105	2	0	105	71	34	19	0	22	0	0	0	0	0	20	0	2	0	1	2	1	2	0	0	0	2	0	0	1	6	0	0	1	1	0	7	0	16
chr15	64953160	64953170	11	2	0	11	7	4	1	0	3	0	0	0	0	0	2	0	0	0	0	0	0	0	0	0	0	0	0	0	0	1	0	0	0	0	0	1	0	1
chr15	64953174	64953209	36	2	0	36	25	11	4	0	7	1	0	0	0	0	8	0	2	0	1	0	0	1	0	0	0	0	0	0	0	1	0	0	0	0	0	1	0	8
chr15	64953213	64953380	168	2	0	168	111	57	17	3	36	2	1	0	0	0	35	0	6	0	5	1	2	2	1	0	0	3	0	0	0	11	0	0	0	0	0	11	0	30
chr15	64953384	64953439	56	2	0	56	30	26	2	1	8	0	0	0	0	0	9	0	7	0	1	0	1	0	0	0	0	1	0	1	0	8	0	0	0	0	0	8	0	7
chr15	64953440	64953474	35	2	0	35	22	13	3	0	8	0	0	0	0	0	8	0	2	0	0	0	0	0	0	0	0	0	0	0	0	2	0	0	0	0	0	2	0	8
chr15	64953488	64953545	58	2	0	58	32	26	1	1	11	0	0	0	0	0	11	0	6	0	1	0	1	0	0	0	0	1	0	0	0	7	0	0	0	0	0	7	0	9
chr15	64953546	64953615	70	2	0	70	42	28	4	1	15	0	0	0	0	0	15	0	5	0	1	0	1	0	0	0	0	1	0	0	0	5	0	0	0	0	0	6	0	14
chr15	64953616	64953629	14	2	0	14	10	4	0	0	4	0	0	0	0	0	4	0	0	0	0	0	0	0	0	0	0	0	0	0	0	0	0	0	0	0	0	0	0	4
chr15	64953630	64953655	26	2	0	26	14	12	0	0	6	0	0	0	0	0	5	0	2	0	0	0	0	0	0	0	0	0	0	0	0	4	0	0	0	0	0	3	0	4
chr15	64953665	64953724	60	2	0	60	35	25	3	1	12	0	1	0	0	0	12	0	5	0	0	0	0	0	1	0	0	0	0	1	0	5	0	0	0	0	0	5	0	12
chr15	64953738	64953784	47	2	0	47	29	18	6	1	9	0	0	0	0	0	9	0	3	0	0	0	0	0	0	0	1	0	0	1	0	3	0	0	0	0	0	3	1	8
chr15	64953785	64953840	56	2	0	56	38	18	9	0	12	1	0	0	1	0	11	0	1	0	1	0	0	1	0	0	0	0	0	0	0	3	1	0	0	1	0	3	0	9
chr15	64953855	64953875	21	2	0	21	13	8	1	0	5	0	0	0	0	0	5	0	1	0	0	0	0	0	0	0	0	0	0	0	0	1	0	0	0	0	0	1	0	5
chr15	64953877	64953910	34	2	0	34	22	12	4	0	7	0	0	0	0	0	7	0	2	0	0	0	0	0	0	0	0	0	0	1	0	2	0	0	0	0	0	2	0	7
chr15	64953914	64953934	21	2	0	21	16	5	7	0	3	0	0	0	0	0	3	0	1	0	0	0	0	0	0	0	0	0	0	0	0	0	0	0	0	0	0	0	0	5
chr15	64953935	64953965	31	2	0	31	23	8	6	1	4	1	1	0	0	0	5	0	1	0	0	0	1	1	1	0	0	0	0	0	0	1	0	0	0	0	0	1	0	5
chr15	64953967	64953979	13	2	0	13	8	5	1	0	3	0	0	0	0	0	3	0	0	0	0	0	0	0	0	0	0	0	0	0	0	1	0	0	0	0	0	1	0	2
chr15	64953980	64954023	44	2	0	44	28	16	4	0	10	0	0	0	0	0	9	0	1	1	0	0	1	1	0	0	0	0	0	0	0	4	0	0	0	0	0	4	0	7
chr15	64954024	64954061	38	2	0	38	25	13	5	0	9	0	0	0	0	0	8	0	2	0	0	0	0	0	0	0	0	0	0	0	0	2	0	0	0	0	0	2	0	8
chr15	64954065	64954077	13	2	0	13	8	5	0	0	3	0	0	0	0	0	2	0	1	0	0	0	0	0	0	0	0	0	0	0	0	1	0	0	0	0	0	1	0	3
chr15	64954081	64954172	92	2	0	92	61	31	10	1	18	2	1	0	0	0	18	0	5	0	2	0	0	2	1	0	0	0	0	1	0	6	0	0	0	0	0	6	0	17
chr15	64954216	64954311	96	2	0	96	59	37	6	2	19	0	0	0	0	0	20	1	6	0	2	0	2	0	0	0	1	2	0	0	0	7	0	0	0	0	0	7	1	18
chr15	64954312	64954328	17	2	0	17	11	6	0	1	3	0	0	0	0	0	4	0	0	0	1	0	1	0	0	0	0	1	0	0	0	1	0	0	0	0	0	1	0	2
chr15	64954336	64954381	46	2	0	46	27	19	2	0	9	0	0	0	0	0	9	0	5	0	0	0	0	0	0	0	0	0	0	0	0	5	0	0	0	0	0	5	0	9
chr15	64954390	64954435	46	2	0	46	23	23	1	1	7	0	0	0	0	0	8	1	5	0	0	0	0	0	0	0	2	0	0	0	0	6	0	0	0	0	0	6	2	5
chr15	64954437	64954540	104	2	0	104	59	45	4	0	22	0	0	0	0	0	22	0	10	0	0	0	0	0	0	0	0	0	0	1	0	11	0	0	0	0	0	11	0	21
chr15	64954544	64954633	90	2	0	90	53	37	4	1	19	1	1	0	0	0	18	0	6	0	1	0	0	1	1	0	0	0	0	0	0	11	0	0	0	0	0	11	0	13
chr15	64954634	64954729	96	2	0	96	55	41	1	1	19	0	2	0	0	0	19	1	10	0	0	0	0	0	2	0	0	0	0	0	0	9	0	0	0	0	0	9	0	21
chr15	64954730	64954746	17	2	0	17	10	7	0	0	4	0	0	0	0	0	3	0	1	0	0	0	0	0	0	0	0	0	0	0	0	2	0	0	0	0	0	2	0	3
chr15	64954747	64954855	109	2	0	109	71	38	9	6	23	0	5	0	0	0	22	0	3	0	1	0	1	0	5	0	0	1	0	0	0	6	0	0	0	0	0	6	0	19
chr15	64954878	64954930	53	2	0	53	28	25	0	0	9	0	1	0	0	0	8	1	9	0	0	0	0	0	1	0	0	0	0	0	0	5	0	0	0	0	0	5	0	12
chr15	64954931	64955048	118	2	0	118	69	49	3	1	25	0	2	1	1	0	24	1	10	0	0	0	0	0	2	0	0	1	1	0	0	7	1	0	0	1	0	8	0	27
chr15	64955049	64956239	1191	2	0	1191	648	543	91	26	46	43	40	45	72	38	54	19	45	27	21	24	23	32	49	32	5	28	61	29	5	51	46	36	4	52	39	49	2	55
chr15	64956244	64956505	262	2	0	262	122	140	18	5	4	5	6	8	17	8	4	6	13	6	5	6	8	1	8	8	1	8	11	10	7	13	11	16	5	12	9	7	5	9
chr15	64956507	64956553	47	2	0	47	19	28	0	0	1	0	1	3	5	0	0	3	4	0	0	0	0	0	3	0	0	3	3	1	0	1	4	3	1	2	1	1	1	4
chr15	64956558	64957462	905	2	0	905	545	360	85	28	30	50	36	29	32	33	29	12	34	23	42	24	22	34	41	22	6	24	33	17	11	26	21	25	4	32	35	23	3	37
chr15	64957463	64961658	4196	2	0	4196	2288	1908	267	109	162	156	142	148	219	131	149	81	154	113	136	103	96	121	157	99	23	162	193	168	19	171	136	125	26	131	154	159	18	166
chr15	64961660	64965158	3499	2	0	3499	1958	1541	236	90	124	152	123	133	180	129	123	80	122	104	120	70	77	93	131	101	18	123	148	81	28	134	124	108	17	99	162	101	17	149
chr15	64965159	64966900	1742	1	0	1742	1002	740	145	48	65	80	65	57	78	66	62	24	55	42	67	48	45	54	67	47	8	55	66	44	10	67	62	51	16	63	71	44	10	58
chr15	64966907	64967470	564	1	0	564	375	189	84	19	13	36	23	16	16	24	18	5	10	20	26	15	11	38	21	17	2	15	29	10	0	15	8	8	1	9	21	20	1	11
chr15	64967471	64968340	870	1	0	870	436	434	53	20	20	34	37	37	45	22	24	19	41	17	14	14	19	19	26	29	8	27	50	33	13	34	32	40	7	33	33	29	8	31
chr15	64968341	64969687	1347	1	0	1347	853	494	145	41	59	83	58	37	46	57	59	18	28	27	65	35	25	69	61	37	1	32	48	25	8	43	36	33	2	35	52	29	3	48
chr15	64969688	65549161	579474	1	0	579474	310539	268935	38744	14905	20268	21457	19865	20273	28552	17359	18491	11902	24174	14220	18275	11953	13605	16494	20824	16008	3722	18479	25749	20767	5771	25336	18040	20655	5387	19410	21436	20193	3784	23374
chr15	65549162	65958161	409000	2	0	409000	239067	169933	32170	11615	15722	19223	15068	12528	17515	14085	14783	7596	14436	10499	16709	9871	10721	16525	15832	10025	1958	13796	15737	10981	2242	15327	11802	10827	1936	12155	15825	12454	1920	17115
chr15	65958162	66252161	294000	3	0	294000	149890	144110	14483	6915	10995	9336	9464	10677	16284	9540	10294	6563	13335	7094	7488	4801	6159	6460	10413	8350	1643	8550	14122	13382	2241	14652	10451	10662	1626	10731	10980	12003	1464	12840
chr15	66252162	66576161	324000	2	0	324000	180984	143016	23930	8861	11973	13302	11755	11128	14784	10339	11066	6227	12548	8165	11315	7246	7899	10446	12345	8461	1973	10682	13411	9664	2679	12975	9923	10212	2446	10237	12327	10393	1976	13310
chr15	66576162	66601161	25000	1	0	25000	12772	12228	1308	597	922	761	797	913	1400	799	847	542	1144	563	636	454	521	567	891	734	146	735	1206	996	191	1301	860	975	174	921	952	988	127	1030
chr15	66601162	66828161	227000	2	0	227000	113984	113016	11727	5519	8193	6737	7404	8226	12516	7072	7499	5068	10147	5007	5547	3811	4622	4888	8107	6475	1362	6680	11211	10857	2210	11320	7781	9236	1827	8228	8118	9030	1323	9250
chr15	66828162	67162161	334000	1	0	334000	177088	156912	19253	8796	13001	11664	11716	11859	16780	11139	12186	7228	13952	8039	9558	6057	7301	8558	12636	9023	2035	10246	15035	13001	2589	15122	11061	11233	2256	11270	12762	12490	1756	14396
chr15	67162162	67277161	115000	2	0	115000	65766	49234	8284	3220	4678	5040	4153	3630	5102	3957	4388	2325	4153	2968	4397	2549	2937	3985	4436	2858	634	3796	4472	3313	725	4495	3537	3118	633	3382	4397	3715	524	5197
chr15	67277162	67358161	81000	3	0	81000	51110	29890	7119	2404	3284	5008	3186	2096	2859	3098	3361	1357	2376	2340	4149	2050	2359	4062	3301	1699	261	2646	2636	1537	209	2477	2036	1443	198	2013	3266	2180	246	3742
chr15	67358162	67456161	98000	2	0	98000	58983	39017	8003	2886	4068	5062	3908	2938	3867	3650	3932	1745	3106	2770	4177	2293	2596	3980	4007	2224	417	3214	3562	2257	365	3306	2888	2136	327	2761	3907	2873	417	4356
chr15	67456162	67751161	295000	3	0	295000	178654	116346	24466	9048	11929	15305	11147	8534	11538	10776	11327	5322	9496	8001	13807	7348	8181	12428	11871	6672	1334	10375	10170	6422	1367	10000	8090	6602	1277	8019	11864	8263	1270	12749
chr15	67751162	68087161	336000	2	0	336000	188061	147939	23236	9259	13059	14319	12365	10640	15084	11511	11984	6748	12933	8518	12289	7085	8030	11000	12878	8489	1812	10553	13600	11027	2495	13749	10431	10016	2317	10388	12691	11338	1738	14416
chr15	68087162	68385933	298772	3	0	298772	167474	131298	21251	8157	11305	12616	10416	9674	13643	10087	10794	5864	11122	7409	10870	6386	7176	10702	11592	7456	1708	9325	12110	10323	2312	12053	9053	9096	1885	9196	11065	9923	1529	12672
chr15	68385934	68406160	20227	3	0	20227	12031	8196	1346	483	751	1128	653	580	846	713	772	386	758	507	937	368	413	1390	740	458	86	533	789	705	78	756	552	460	69	545	711	704	75	933
chr15	68406161	68921160	515000	4	0	515000	278661	236339	32272	13440	19654	19701	17953	17485	25119	17210	18746	10602	21208	12699	16096	9877	11669	14930	19391	13537	2859	15617	22546	19330	3924	22454	16549	16551	3277	17047	19281	18835	2608	22531
chr15	68921161	69022524	101364	3	0	101364	59590	41774	7661	2896	4100	4979	3764	3107	4149	3579	3781	1928	3453	2677	4430	2352	2679	4053	4061	2438	446	3338	3795	2807	597	3651	2936	2446	501	2919	3807	3159	398	4475
chr15	69022525	69089159	66635	3	0	66635	35574	31061	3857	1632	2704	2327	2120	2311	3391	2280	2521	1417	2851	1641	2022	1272	1442	1786	2513	1696	397	2026	2871	2548	434	3137	2210	2129	402	2266	2508	2618	345	2959
chr15	69089160	69118044	28885	2	0	28885	15335	13550	1490	723	1190	1025	1022	1037	1469	1054	1106	595	1251	729	810	487	646	699	1090	734	125	893	1319	1100	131	1384	1014	922	124	1032	1159	1178	98	1247
chr15	69118046	69628160	510115	2	0	510115	286247	223868	34377	14227	20365	21440	18517	16487	23349	17754	19265	10244	19505	12828	18250	10605	12249	16784	19560	13148	2720	16135	21034	16503	3100	20718	15816	14532	2727	16032	19698	17172	2389	22583
chr15	69628161	70356160	728000	3	0	728000	382607	345393	38108	18019	28674	25355	25050	25540	37413	25445	27115	16051	31615	17998	19883	12236	15721	18384	27478	19304	3992	21071	33285	29906	4996	34006	24884	24322	3883	25485	27801	28661	3457	32860
chr15	70356161	70511160	155000	2	0	155000	79975	75025	7668	3748	5980	5049	5188	5613	8147	5372	5605	3385	6957	3862	3984	2471	3275	3670	5768	4266	847	4336	7372	6745	1126	7493	5426	5385	922	5529	5754	6340	715	7000
chr15	70511161	70725160	214000	3	0	214000	123879	90121	15155	6181	8630	9889	7944	6958	9317	7649	8328	4112	7576	5582	8427	4647	5364	8118	8928	5012	1016	6942	8237	6108	1056	8056	6515	5379	936	6338	8188	6958	900	9552
chr15	70725161	70900160	175000	2	0	175000	101054	73946	13263	4960	6840	8274	6565	5133	7236	6157	6597	3283	6266	4691	6911	3857	4494	6526	6487	4301	930	5515	6850	4872	1313	6588	5016	4850	1184	5202	6738	5599	969	7531
chr15	70900161	71200160	3e+05	1	0	3e+05	181237	118763	24223	9263	12403	15577	11809	8373	11762	11251	12509	5485	9387	8268	12924	6924	8058	13020	12339	6812	1250	9644	10740	7289	1137	10266	8315	6201	1084	8036	11801	9130	1055	13663
chr15	71200161	71327160	127000	2	0	127000	71881	55119	8212	3801	5071	5309	4673	4124	5834	4681	4980	2544	4588	3311	4528	2727	3142	4355	5189	3203	707	4097	5206	3753	669	5026	3931	3380	580	3955	4987	4318	560	5557
chr15	71327161	71532160	205000	3	0	205000	118634	86366	14917	6108	8729	9126	7934	6254	8794	7612	8271	4188	7220	5312	7757	4418	5057	6936	8371	4984	978	6635	7933	5710	947	7844	6179	4969	775	6049	8110	6771	838	9272
chr15	71532161	71783160	251000	4	0	251000	145376	105624	18470	7294	10168	11435	9440	7838	10726	9376	9937	5079	8939	6646	9520	5336	6179	8993	10300	6113	1300	7834	9807	6967	1320	9410	7473	6253	1019	7225	9800	8171	1089	11541
chr15	71783161	71807642	24482	3	0	24482	12961	11521	1497	639	919	863	886	883	1233	792	905	553	1046	596	629	426	506	587	929	690	164	718	1090	877	231	1063	830	785	198	845	945	910	167	1078
chr15	71807643	71813588	5946	3	0	5946	2409	3537	112	100	186	71	126	242	426	155	162	147	341	113	69	56	66	35	181	185	50	129	337	430	124	382	240	350	79	285	191	308	43	223
chr15	71813589	71920158	106570	3	0	106570	66886	39684	9641	3303	4476	5996	4048	2721	3877	3872	4330	1833	3093	2943	5396	2873	3120	5363	4268	2241	437	3784	3421	1970	392	3299	2654	2008	342	2668	4175	2862	347	4815
chr15	71920159	72090158	170000	2	0	170000	105624	64376	15510	5286	6617	9286	6666	4745	6314	6032	6337	2874	5131	4588	8186	4723	4809	8520	6994	3872	778	5984	5768	3276	665	5335	4420	3450	603	4299	6574	4446	658	7252
chr15	72090159	72302158	212000	1	0	212000	115298	96702	13863	5496	8038	8046	7153	6730	10345	6634	7382	4444	8573	5395	7046	4372	5359	6421	7508	5530	1182	6821	9102	7314	1893	9321	6349	7284	1665	6938	7903	7502	1154	9235
chr15	72302159	72437158	135000	2	0	135000	76342	58658	9622	3719	5341	5635	5007	4233	6008	4425	5011	2706	5261	3671	4677	2864	3484	4677	5116	3401	635	4370	5577	4116	819	5502	3778	3886	737	4071	5202	4611	685	6151
chr15	72437159	72609158	172000	3	0	172000	103791	68209	15182	5234	6746	8777	6618	4946	6622	5737	6252	2884	5652	4498	7887	4480	4819	7456	6677	4050	831	5986	6175	3875	908	6017	4608	4179	907	4709	6463	4871	824	7128
chr15	72609159	72659158	50000	2	0	50000	25166	24834	2613	1154	1766	1443	1584	1787	2975	1552	1604	1146	2227	1149	1175	878	1045	1068	1748	1479	253	1485	2547	2312	371	2539	1755	2028	297	1892	1847	1950	233	2096
chr15	72659159	72909158	250000	3	0	250000	141655	108345	17605	7033	9996	10658	9204	7756	11401	8548	9589	5010	9433	6474	8895	5432	6333	8286	9680	6233	1254	8064	10120	7449	1439	10082	7599	6962	1329	7628	9510	8446	1160	11390
chr15	72909159	73076158	167000	4	0	167000	97722	69278	12334	4872	6741	7942	6302	5001	6929	6005	6548	3137	5839	4472	6704	3860	4330	6704	6625	4046	786	5413	6430	4607	880	6217	4733	4101	721	4723	6449	5380	681	7486
chr15	73076159	73273158	197000	5	0	197000	122488	74512	17172	6242	8208	10953	7765	5365	7271	7209	8089	3440	5804	5391	9550	5261	5596	9171	8284	4294	822	6908	6548	3941	641	6144	5076	3603	606	4920	7702	5436	679	8907
chr15	73273159	73473158	2e+05	4	0	2e+05	107317	92683	11670	4978	7706	7431	6730	6680	10175	6617	7224	4339	8127	4982	6161	3810	4637	6050	7491	5292	1047	5977	8890	7710	1530	8882	6372	6657	1274	6887	7449	7353	973	8897
chr15	73473159	73618158	145000	3	0	145000	87464	57536	11765	4536	6069	7188	5665	4148	5817	5221	5755	2591	4556	3953	6373	3685	4020	6122	5899	3404	644	5012	5167	3261	534	5027	4111	3105	524	3992	5674	4219	530	6431
chr15	73618159	74386734	768576	2	0	768576	383628	384948	37072	17620	28025	22818	24248	28069	43419	23489	25983	17236	35674	17377	18232	12358	15762	16246	26753	22276	4415	21839	37810	37180	6883	39717	26959	30589	5730	28526	27703	31546	4222	32798
chr15	74386736	74395726	8991	2	0	8991	3840	5151	237	148	300	141	210	369	605	254	272	213	477	187	107	107	118	94	265	296	80	197	518	645	110	590	352	478	89	381	303	443	71	332
chr15	74395727	74508158	112432	2	0	112432	56248	56184	5637	2587	3815	3339	3585	4193	6331	3438	3620	2443	5185	2685	2536	1989	2417	2448	3930	3293	681	3308	5662	5153	1094	5616	3875	4564	902	4171	4079	4516	685	4653
chr15	74508159	75280158	772000	1	0	772000	392100	379900	43627	18313	27066	23510	25417	28006	42599	21880	24101	16796	34767	17782	19371	13811	16524	18528	26710	22399	4771	23047	37231	33725	7840	37820	26132	31423	6888	28467	27829	29069	4927	31622
chr15	75280159	75574158	294000	2	0	294000	157354	136646	19899	7602	10304	10552	9998	10082	14484	8802	9289	6039	12439	7303	9171	6134	6956	8299	10364	8131	1908	9454	13065	10408	3115	12823	9112	10630	2697	9867	10825	10241	1966	12039
chr15	75574159	75789158	215000	1	0	215000	102835	112165	10099	4524	7032	5491	6330	8204	12771	6105	6241	4990	10266	4638	4476	3455	4187	4026	7075	6475	1500	6123	11282	11337	2616	11404	7735	9922	2246	8313	7317	8904	1498	8416
chr15	75789159	75890158	101000	2	0	101000	58996	42004	7913	2960	4153	4648	3687	3074	4165	3487	3912	1940	3513	2615	4162	2260	2758	3748	3893	2468	513	3360	3870	2854	546	3741	2801	2532	493	2952	3849	3158	436	4537
chr15	75890159	76104158	214000	3	0	214000	128829	85171	17984	6388	8605	10987	8425	6001	8379	7612	8311	3919	6780	5897	9243	5180	6061	9056	8436	5004	941	7107	7776	5012	1052	7281	5929	4859	895	5971	8276	6246	920	9465
chr15	76104159	76461158	357000	2	0	357000	199520	157480	24396	9908	13653	14836	12609	11478	16828	12160	13063	7165	13208	9000	12725	7758	8689	12042	13762	9127	2003	11417	14838	11420	2660	14307	10943	10784	2288	11495	13532	11894	1851	15159
chr15	76461159	76587158	126000	3	0	126000	79294	46706	11159	4084	5243	7030	5074	3317	4438	4994	5205	2193	3455	3548	6078	3320	3708	6448	5422	2650	466	4376	4125	2412	316	3741	3260	2158	286	3091	5016	3375	374	5636
chr15	76587159	76802158	215000	4	0	215000	136109	78891	19668	7043	8754	12520	9023	5600	7368	8440	8931	3579	5675	6213	10363	5628	6126	11177	9386	4519	808	7137	7053	3941	641	6150	5450	3688	579	5139	8542	5637	723	9497
chr15	76802159	77024158	222000	3	0	222000	127921	94079	16759	6417	8435	10038	8252	6844	9778	7804	8124	4240	7653	5936	8513	5090	5495	8542	8781	5527	1135	7148	8933	6706	1340	8429	6439	6003	1192	6492	8525	7173	963	9292
chr15	77024159	77042762	18604	2	0	18604	7771	10833	458	307	568	255	442	832	1293	477	481	444	1011	334	207	213	261	187	622	547	158	469	1035	1380	258	1195	792	1077	228	801	595	863	144	668
chr15	77042763	77059157	16395	2	0	16395	9811	6584	1316	495	695	814	637	477	656	584	657	315	550	410	710	427	447	620	651	399	78	586	585	384	77	553	455	344	53	486	664	473	72	723
chr15	77059158	77454157	395000	3	0	395000	241850	153150	33027	12142	16029	20999	15434	11050	14778	14773	15594	6915	12196	10931	18142	10232	11137	18471	16253	8874	1637	13575	13673	8393	1649	12924	10554	8180	1512	10288	15554	11192	1538	17352
chr15	77454158	77682157	228000	2	0	228000	112117	115883	10023	5075	8257	6370	6925	8622	12965	6971	7515	5122	10573	5120	5262	3710	4581	5025	8330	6374	1438	6387	11170	12106	2140	11967	7975	9337	1800	8528	8008	9566	1262	9494
chr15	77682158	77882157	2e+05	3	0	2e+05	92068	107932	7111	3986	6743	4352	5539	8305	12635	5856	5987	4713	10094	3958	3555	2760	3344	3128	7092	6060	1351	5261	10987	12051	2060	11583	7610	9525	1604	7995	6646	9045	1085	7977
chr15	77882158	78246334	364177	2	0	364177	184143	180034	19225	8530	12943	10986	11551	13506	20585	11323	11733	8316	15856	8102	9175	6316	7504	8491	13392	10377	2338	10561	17625	16685	3402	17874	12864	14678	2771	13459	13084	13846	2083	14994
chr15	78246335	78246370	36	6	0	36	12	24	0	0	0	0	0	2	5	0	0	1	1	0	0	2	0	0	1	2	0	2	2	5	0	1	4	1	0	3	0	1	0	1
chr15	78246371	78373157	126787	2	0	126787	66259	60528	7291	3257	4706	4283	4229	4450	6765	4090	4459	2726	5303	3011	3557	2324	2805	3002	4703	3458	741	3855	5833	5179	1067	5915	4319	4595	890	4473	4679	4762	722	5336
chr15	78373158	78581157	208000	3	0	208000	119144	88856	15747	5942	7735	9503	7784	6542	9266	6816	7287	3985	7768	5388	8108	4785	5308	7179	7917	5227	1136	6974	8249	5691	1427	7929	6158	5891	1368	6461	8084	6487	1143	8713
chr15	78581158	79015157	434000	2	0	434000	224048	209952	25582	10632	15257	14384	14414	15887	23211	13368	14218	9402	18626	10103	11641	7900	9094	10327	15772	12402	2796	12851	20645	18298	4261	20260	14717	16590	3646	15365	15747	16174	2715	17713
chr15	79015158	79124157	109000	3	0	109000	56057	52943	5263	2601	4135	3454	3643	4322	5885	3751	3850	2418	4539	2623	2697	1819	2349	2707	4452	3075	568	3065	5271	4865	701	5125	3891	3814	716	3969	3986	4208	487	4749
chr15	79124158	79241157	117000	4	0	117000	65021	51979	7112	3095	4817	4895	4206	3729	5668	4275	4659	2484	4536	3046	3941	2204	2733	3620	4512	2857	548	3595	4972	4007	505	4955	3818	3263	393	3828	4576	4313	460	5376
chr15	79241158	79429157	188000	5	0	188000	109296	78704	13117	5320	7771	8676	7032	5825	7976	7045	7511	3787	6423	5164	7224	4052	4858	7514	7551	4528	868	6037	7240	5349	869	7078	5721	4432	747	5398	7365	6227	778	8515
chr15	79429158	79776157	347000	6	0	347000	202038	144962	24113	9992	14352	16477	13307	10804	14525	13321	14249	6897	11941	9541	13266	7360	8885	13007	14088	8407	1547	11011	13526	9757	1544	12775	10449	7974	1289	9966	13894	11464	1320	15950
chr15	79776158	79924157	148000	5	0	148000	86253	61747	11202	4233	6061	6808	5441	4478	6327	5289	5834	2911	5089	3853	5827	3399	3940	5560	5857	3523	696	4944	5647	3874	824	5496	4369	3717	731	4381	5662	4727	701	6597
chr15	79924158	80431551	507394	4	0	507394	290111	217283	36144	14359	19349	22962	18801	15986	22464	17973	19054	10035	18578	13081	18815	10958	12466	19085	19962	12368	2757	16250	20141	14623	3326	19527	15677	13751	2929	15223	19444	16875	2572	21857
chr15	80431553	80456158	24606	4	0	24606	13218	11388	1375	653	945	871	844	1116	1193	882	922	506	992	633	703	458	477	648	1179	679	173	702	1052	823	179	1070	832	711	128	805	972	913	138	1030
chr15	80456159	80534158	78000	3	0	78000	42883	35117	4691	2097	3152	2923	2816	2682	3789	2970	3015	1653	3117	1983	2340	1605	1759	2290	3130	2027	421	2459	3318	2482	414	3343	2691	2211	328	2524	3117	2837	323	3491
chr15	80534159	80927158	393000	2	0	393000	216114	176886	24504	10590	15619	15430	14011	13280	19100	13984	14916	8265	15428	10110	12712	7766	8979	11419	15420	9977	2209	12295	16722	12871	2581	16595	12977	11767	2017	12735	15256	14154	1809	17500
chr15	80927159	81078158	151000	3	0	151000	84033	66967	10269	4171	6053	6223	5516	4856	6916	5192	5720	2968	5741	3888	5209	3074	3708	4527	5662	3805	853	4749	6250	4855	1037	6235	4889	4491	1022	4802	5679	5226	780	6632
chr15	81078159	81464158	386000	4	0	386000	223811	162189	28269	11035	15539	17910	14835	11908	16523	14263	15049	7598	13805	10385	14600	8184	9502	14406	15603	9220	1868	12033	14951	10894	1895	14563	11844	9513	1626	11341	15131	12676	1597	17432
chr15	81464159	81968158	504000	5	0	504000	303652	200348	40062	15223	20858	26206	19896	14466	19125	19427	20980	9229	16616	14089	21411	11362	13137	21564	20561	11330	2490	15899	18211	12141	1985	17100	14329	10298	1733	13356	19813	15668	2052	23381
chr15	81968159	82135158	167000	4	0	167000	93007	73993	11474	4527	6590	6970	5978	5335	7551	5661	6416	3421	6490	4352	5693	3317	3947	5283	6325	4125	1058	5092	6733	5417	1293	6851	5121	4852	1264	5183	6346	5900	981	7452
chr15	82135159	82258158	123000	3	0	123000	76626	46374	10770	3879	5294	6813	4827	3374	4475	4475	5205	2194	3537	3368	5953	3143	3534	5784	5106	2611	523	4350	3960	2283	441	3930	3136	2309	372	3049	4949	3411	432	5511
chr15	82258159	82289441	31283	2	0	31283	19224	12059	2723	982	1355	1636	1252	847	1098	1135	1321	558	954	874	1400	788	924	1376	1233	711	127	1104	1036	630	159	1015	812	575	147	802	1251	924	123	1409
chr15	82289443	82289475	33	2	0	33	16	17	2	0	1	1	0	1	0	1	1	1	3	0	2	0	2	0	0	1	0	0	1	3	1	1	1	0	0	3	0	2	1	2
chr15	82289477	82290154	678	2	0	678	420	258	60	25	21	33	19	29	34	34	34	8	18	19	26	15	13	32	40	15	2	20	20	9	2	16	29	8	1	15	26	15	3	35
chr15	82290155	82291859	1705	2	0	1705	1158	547	152	56	94	123	73	41	39	67	104	21	31	61	95	39	45	115	86	17	4	50	39	23	0	51	26	11	0	23	69	62	0	86
chr15	82291864	82299266	7403	2	0	7403	3786	3617	452	202	235	238	284	295	382	194	220	149	347	182	172	120	164	148	269	193	55	249	371	292	70	335	256	288	93	247	259	295	48	297
chr15	82299268	82302715	3448	2	0	3448	1528	1920	103	57	112	66	78	145	251	105	112	78	169	69	44	43	57	38	119	95	21	88	199	236	27	206	146	176	20	158	115	161	15	137
chr15	82302717	82310710	7994	2	0	7994	3963	4031	369	182	287	213	241	307	504	260	256	187	352	174	184	146	145	155	322	228	43	229	369	366	66	432	325	336	47	298	296	302	42	329
chr15	82310719	82311324	606	2	0	606	383	223	70	15	36	33	25	14	13	16	36	9	40	16	24	6	9	19	17	11	0	16	16	14	0	24	8	4	2	10	27	25	0	49
chr15	82311329	82311841	513	2	0	513	275	238	35	7	23	21	16	16	20	13	22	8	30	13	13	12	16	9	14	6	4	19	20	17	2	33	15	13	3	17	16	35	3	20
chr15	82311842	82322677	10836	2	0	10836	4426	6410	228	149	319	131	225	473	797	297	263	302	573	205	112	123	134	93	302	365	96	284	698	817	156	675	452	654	112	456	341	510	84	408
chr15	82322698	82323311	614	2	0	614	254	360	15	9	13	9	10	25	43	20	15	18	48	5	6	5	5	6	18	13	4	22	32	51	11	33	26	29	7	28	23	34	2	27
chr15	82323312	82327211	3900	2	0	3900	1556	2344	75	51	108	55	84	166	292	102	99	120	201	61	31	34	45	32	110	132	35	93	246	307	60	266	161	239	45	167	127	202	32	120
chr15	82327225	82327950	726	2	0	726	256	470	11	9	16	5	17	25	57	10	11	25	34	13	2	4	12	4	16	26	9	12	52	78	15	57	26	54	10	32	15	44	4	19
chr15	82327952	82327997	46	2	0	46	17	29	0	1	1	0	1	4	5	0	1	3	1	0	0	0	0	0	3	2	0	3	3	6	0	3	1	1	0	0	1	3	0	1
chr15	82327999	82328148	150	2	0	150	48	102	0	2	2	0	3	4	17	2	1	6	9	0	0	0	2	0	5	5	1	1	8	15	2	13	5	14	2	13	8	4	1	3
chr15	82328154	82330447	2294	2	0	2294	839	1455	33	24	56	18	45	116	202	54	49	73	102	28	4	10	17	7	82	79	19	43	156	193	38	166	116	169	35	106	63	112	16	61
chr15	82330453	82330976	524	2	0	524	212	312	18	12	12	9	15	16	48	9	12	19	25	7	6	2	1	1	21	12	5	10	23	40	12	30	25	34	8	27	19	20	5	19
chr15	82330986	82333684	2699	2	0	2699	1018	1681	33	32	69	25	51	136	229	60	61	69	140	39	14	12	36	12	86	79	13	71	183	234	37	190	122	195	23	138	84	136	13	75
chr15	82333686	82333750	65	2	0	65	23	42	1	1	0	1	0	2	6	2	2	2	4	1	0	0	0	0	1	3	0	1	6	5	1	5	1	6	1	2	2	3	2	2
chr15	82333752	82333843	92	2	0	92	25	67	0	0	0	0	0	5	9	1	0	3	4	1	0	2	0	0	3	3	1	2	6	11	4	7	5	11	2	2	1	4	1	2
chr15	82333853	82333930	78	2	0	78	27	51	0	2	1	0	1	3	6	2	2	2	3	4	0	0	0	0	3	3	0	1	5	8	4	5	4	4	1	1	1	6	1	3
chr15	82333938	82337528	3591	2	0	3591	1440	2151	83	57	100	40	74	156	273	69	88	100	181	51	35	39	64	30	100	130	31	91	219	279	53	237	149	225	55	161	104	155	31	129
chr15	82337530	82337574	45	2	0	45	19	26	1	1	1	0	0	2	4	3	2	1	1	0	0	0	1	1	0	2	0	2	5	2	0	2	2	4	0	1	2	1	0	2
chr15	82337576	82338730	1155	2	0	1155	493	662	29	14	40	11	20	59	81	27	36	33	58	10	9	12	19	34	58	27	5	28	59	79	24	64	43	65	13	59	28	55	7	47
chr15	82338742	82343043	4302	2	0	4302	2639	1663	407	148	162	231	137	112	178	165	167	75	133	92	237	118	103	172	194	85	26	149	130	109	25	139	108	89	21	120	160	120	20	168
chr15	82343044	82344657	1614	2	0	1614	721	893	54	29	53	32	39	66	105	46	41	34	90	30	34	23	31	14	50	48	11	43	90	93	24	90	72	88	10	78	44	69	13	68
chr15	82344658	82344941	284	2	0	284	106	178	0	6	4	0	1	7	29	2	8	2	41	1	1	0	2	1	11	2	1	1	11	5	5	29	14	15	4	27	4	28	2	18
chr15	82344942	82344974	33	2	0	33	14	19	0	1	0	0	0	1	1	0	1	0	6	0	0	1	2	0	1	0	2	0	0	0	0	5	0	2	0	2	1	3	0	2
chr15	82344975	82345058	84	3	0	84	37	47	0	4	0	0	0	5	5	1	4	0	12	0	0	2	3	1	7	0	4	0	0	0	0	11	0	4	0	4	4	7	0	4
chr15	82345059	82345087	29	2	0	29	13	16	0	2	0	0	0	3	3	0	2	0	3	0	0	0	0	0	4	0	0	0	0	0	0	3	0	1	0	1	2	2	0	1
chr15	82345088	82345113	26	3	0	26	11	15	0	1	0	0	0	2	2	0	1	0	3	0	0	1	1	0	3	0	0	0	0	0	0	3	0	1	0	2	1	2	0	1
chr15	82345114	82345209	96	3	0	96	41	55	0	4	0	0	0	6	7	0	4	0	15	0	0	2	2	0	9	0	4	0	0	0	0	14	0	4	0	4	4	10	0	5
chr15	82345210	82345465	256	2	0	256	117	139	3	7	8	3	5	6	18	7	10	4	24	5	3	4	8	1	11	6	2	2	11	10	0	21	4	11	0	17	10	15	0	18
chr15	82345466	82346922	1457	2	0	1457	677	780	56	28	52	27	46	47	95	43	40	39	89	31	20	22	27	13	43	44	8	42	73	96	7	88	63	63	3	51	52	61	4	82
chr15	82346924	82347269	346	2	0	346	176	170	20	10	21	7	14	11	15	11	16	8	13	9	9	2	4	5	10	6	3	12	18	24	0	18	9	14	0	9	14	15	3	14
chr15	82347270	82347799	530	3	0	530	285	245	21	12	19	23	21	15	28	18	15	11	20	19	18	17	11	16	22	15	2	16	25	23	4	24	13	20	1	14	23	18	1	23
chr15	82347800	82349553	1754	3	0	1754	816	938	86	38	62	39	55	59	111	51	59	49	75	35	24	27	24	21	46	61	15	51	105	125	11	90	58	73	20	64	67	72	12	67
chr15	82349554	82350956	1403	3	0	1403	810	593	112	39	57	57	48	47	65	46	48	22	50	36	56	32	31	63	63	32	3	42	57	36	12	48	42	41	9	51	44	44	6	62
chr15	82350960	82351030	71	3	0	71	42	29	4	1	3	5	3	2	2	4	3	2	3	1	3	0	1	4	2	1	2	0	3	1	0	3	3	1	0	2	2	4	0	4
chr15	82351031	82351074	44	3	0	44	35	9	9	3	1	4	1	0	1	1	2	0	2	2	5	0	0	3	1	0	0	2	0	0	0	0	0	0	0	0	2	0	0	3
chr15	82351075	82351284	210	3	0	210	137	73	13	5	10	12	6	6	8	8	11	3	6	12	10	7	6	13	9	2	0	9	7	0	0	5	2	3	1	2	10	7	1	14
chr15	82351315	82351518	204	3	0	204	129	75	21	6	13	10	10	3	8	5	12	3	2	3	8	7	7	10	5	4	2	8	8	0	0	8	7	6	0	6	6	6	0	8
chr15	82351519	82351533	15	3	0	15	6	9	0	1	0	0	1	1	0	1	0	0	1	1	0	0	0	0	0	2	0	0	1	0	1	1	0	0	0	0	0	1	1	0
chr15	82351534	82351775	242	3	0	242	134	108	16	6	13	10	11	14	9	4	11	1	7	3	7	6	10	5	7	7	1	12	12	4	2	6	11	8	0	15	8	6	1	7
chr15	82351785	82351878	94	3	0	94	51	43	3	1	3	5	3	2	6	3	5	0	3	2	1	7	4	2	3	2	0	5	6	1	0	3	5	3	0	4	1	5	0	4
chr15	82351880	82351959	80	3	0	80	28	52	0	0	5	0	3	3	6	1	2	1	4	3	0	0	0	0	2	2	0	0	3	9	0	9	7	5	0	4	1	6	0	2
chr15	82351961	82352344	384	3	0	384	211	173	32	5	12	24	14	9	24	15	22	7	16	15	5	5	2	4	9	7	2	7	17	9	2	16	14	11	1	16	22	18	5	15
chr15	82352353	82352733	381	3	0	381	230	151	31	10	14	20	19	9	10	20	12	8	16	17	13	5	9	17	14	11	0	7	18	8	1	9	9	5	2	12	17	14	1	21
chr15	82352734	82352747	14	3	0	14	5	9	0	0	1	0	0	0	0	0	1	0	1	0	0	0	0	0	0	0	0	0	0	3	0	2	1	1	0	0	0	1	0	1
chr15	82352765	82352800	36	3	0	36	11	25	0	0	2	0	0	1	2	0	2	1	2	0	0	0	0	0	1	1	0	0	1	9	0	5	1	0	0	1	0	4	0	1
chr15	82352801	82352948	148	3	0	148	74	74	7	6	7	3	6	3	6	4	8	3	11	4	2	1	2	1	4	4	0	5	7	6	1	11	3	4	0	1	5	11	1	9
chr15	82352956	82353277	322	3	0	322	150	172	15	8	7	7	12	7	22	9	8	5	16	8	3	8	9	4	6	12	3	7	20	20	1	16	13	16	2	19	12	9	4	12
chr15	82353279	82353463	185	3	0	185	93	92	6	3	6	6	4	10	11	7	6	1	9	7	5	3	4	4	8	4	0	5	7	7	2	9	7	8	2	8	10	6	0	8
chr15	82353479	82353509	31	3	0	31	22	9	12	1	1	1	1	0	1	1	1	0	0	0	2	0	0	0	0	1	0	0	3	1	0	0	0	1	0	1	0	0	0	1
chr15	82353511	82353590	80	3	0	80	35	45	1	1	3	1	1	6	6	0	1	1	5	3	2	2	0	0	3	4	0	3	4	3	1	7	2	4	0	4	5	4	1	0
chr15	82353592	82353611	20	3	0	20	8	12	0	1	0	0	1	0	2	1	0	1	1	0	0	0	0	0	1	1	0	0	3	0	0	1	0	3	0	1	0	0	0	1
chr15	82353613	82353813	201	3	0	201	108	93	25	5	2	9	8	7	13	3	6	1	11	3	3	4	4	3	5	4	1	6	8	4	2	9	11	9	2	10	7	6	3	5
chr15	82353816	82353858	43	3	0	43	29	14	6	1	3	1	1	2	1	1	3	0	2	1	0	0	1	5	1	1	0	0	1	0	0	0	2	0	0	2	1	0	0	5
chr15	82353860	82354023	164	3	0	164	93	71	13	5	3	8	7	6	9	9	7	2	5	5	1	3	4	4	5	6	0	5	8	2	0	8	9	4	0	5	9	6	0	4
chr15	82354035	82354068	34	3	0	34	19	15	3	1	0	2	1	1	1	1	1	0	0	1	0	2	0	4	1	3	0	0	3	5	0	0	0	0	0	0	0	1	0	1
chr15	82354070	82355189	1120	3	0	1120	587	533	64	32	37	43	39	56	41	26	33	21	42	23	39	31	28	30	48	29	21	42	34	37	31	37	42	35	21	36	38	38	11	33
chr15	82355206	82355992	787	3	0	787	207	580	12	14	15	4	18	16	25	6	11	21	43	5	4	3	6	3	9	23	9	13	19	87	89	28	28	76	83	35	10	36	21	13
chr15	82355994	82356063	70	3	0	70	49	21	23	3	3	3	6	1	0	1	4	0	1	1	0	1	0	1	1	3	0	1	0	1	2	3	3	1	0	0	4	1	0	0
chr15	82356071	82357264	1194	3	0	1194	714	480	97	44	51	57	53	49	42	35	51	24	31	27	49	34	31	37	56	26	15	54	38	29	6	39	31	22	5	26	54	35	8	36
chr15	82357266	82357298	33	3	0	33	16	17	1	1	2	0	1	2	2	1	0	1	1	0	2	0	1	1	1	1	0	2	2	0	0	2	3	2	0	0	0	0	0	2
chr15	82357300	82357398	99	3	0	99	53	46	6	2	2	5	5	5	4	2	1	3	3	0	3	7	3	1	7	5	0	5	7	4	1	3	1	3	0	2	2	3	0	2
chr15	82357399	82357439	41	3	0	41	28	13	5	1	3	2	1	1	2	1	2	0	1	4	3	1	0	0	0	0	0	2	0	0	0	1	2	0	0	0	3	1	0	3
chr15	82357440	82358352	913	3	0	913	554	359	75	23	44	47	29	25	34	27	42	19	35	23	44	28	31	27	29	18	5	43	27	25	5	28	18	12	2	28	41	30	2	45
chr15	82358353	82358402	50	3	0	50	29	21	1	6	2	0	1	2	4	0	2	2	0	0	5	1	2	0	4	2	0	6	2	1	0	1	0	0	0	0	1	1	1	1
chr15	82358403	82358871	469	3	0	469	276	193	26	16	17	19	11	25	16	16	20	4	11	11	21	15	20	26	24	12	6	19	14	23	1	14	18	5	0	11	12	12	1	21
chr15	82358872	82358893	22	3	0	22	16	6	2	3	2	1	1	0	1	0	1	0	0	1	2	0	0	0	1	1	0	1	0	0	0	1	0	0	0	0	1	0	0	1
chr15	82358894	82359133	240	3	0	240	123	117	23	4	10	4	7	10	12	3	6	9	12	3	5	6	5	4	8	8	3	10	8	7	4	9	9	6	4	10	7	7	5	10
chr15	82359135	82359218	84	3	0	84	49	35	8	2	2	4	3	3	3	2	2	4	2	3	3	1	3	3	1	6	0	3	5	3	0	3	0	1	0	1	6	2	0	3
chr15	82359220	82359744	525	3	0	525	255	270	23	15	23	11	14	20	28	17	20	9	27	12	15	9	10	2	13	17	2	21	31	19	9	23	17	24	4	21	18	21	5	23
chr15	82359746	82359932	187	3	0	187	100	87	28	3	4	4	5	8	12	6	2	3	7	6	3	2	3	2	4	4	1	7	9	6	1	7	11	8	3	8	7	5	1	5
chr15	82359933	82359961	29	3	0	29	12	17	1	2	0	0	2	0	2	1	0	1	2	0	0	0	0	0	1	1	0	1	2	2	1	1	1	2	0	1	1	1	0	1
chr15	82359962	82360021	60	3	0	60	26	34	1	0	3	1	2	3	1	3	1	1	4	2	1	2	1	0	2	2	1	1	4	3	0	3	1	3	1	3	2	4	0	2
chr15	82360022	82360053	32	3	0	32	20	12	4	1	0	3	4	0	1	2	1	1	0	1	0	0	0	0	1	1	0	0	1	2	0	0	3	0	0	1	3	0	0	0
chr15	82360054	82360115	62	3	0	62	40	22	3	3	0	4	1	0	3	6	2	1	2	2	4	1	2	5	2	1	0	2	3	0	0	2	1	2	0	1	4	2	0	1
chr15	82360116	82360187	72	3	0	72	50	22	11	3	4	3	5	1	2	0	2	2	0	3	4	2	4	2	3	1	1	3	1	0	0	1	2	0	0	2	2	1	1	4
chr15	82360188	82360381	194	3	0	194	133	61	19	6	7	14	11	6	4	8	8	2	2	6	7	10	10	11	11	5	0	8	5	0	0	4	5	0	0	5	8	4	0	6
chr15	82360382	82360453	72	4	0	72	53	19	20	2	5	4	3	2	2	0	3	1	0	0	4	2	0	4	2	0	0	4	1	1	0	2	2	2	0	0	2	1	0	1
chr15	82360459	82361383	925	4	0	925	517	408	63	28	32	39	36	34	40	33	28	12	33	18	35	24	27	34	35	30	4	29	39	19	9	31	40	31	14	35	30	19	5	37
chr15	82361386	82361935	550	4	0	550	346	204	52	16	27	34	21	25	23	15	31	13	15	9	25	15	10	14	32	8	3	26	12	12	1	13	10	5	0	13	31	14	0	23
chr15	82361936	82361989	54	4	0	54	36	18	8	3	3	1	3	2	1	0	2	3	1	0	3	1	3	1	2	3	0	3	2	0	0	1	0	0	0	0	2	0	0	4
chr15	82361995	82362946	952	4	0	952	584	368	84	39	36	47	33	27	41	33	36	21	25	21	54	24	25	37	50	25	7	29	21	32	2	39	29	12	1	18	34	25	2	41
chr15	82362952	82363284	333	4	0	333	189	144	18	16	13	14	14	7	15	15	16	7	11	8	13	5	11	5	16	3	3	13	10	4	4	10	9	13	3	13	16	9	2	15
chr15	82363285	82363409	125	5	0	125	54	71	6	3	1	2	3	9	6	2	1	3	7	3	2	3	2	1	3	9	3	3	9	6	3	7	2	7	0	3	6	4	1	3
chr15	82363410	82365221	1812	4	0	1812	1055	757	129	65	91	83	81	61	71	64	78	33	59	47	79	27	42	44	75	43	9	59	60	36	10	75	58	46	7	61	83	56	10	68
chr15	82365222	82365268	47	5	0	47	32	15	7	0	6	3	2	1	0	0	5	0	0	4	1	0	0	1	0	0	0	1	1	2	1	0	0	0	0	0	2	2	1	5
chr15	82365269	82367179	1911	4	0	1911	1172	739	129	50	72	103	65	65	65	90	67	36	52	54	93	61	45	125	84	46	16	66	71	40	7	57	48	34	10	50	82	55	11	60
chr15	82367180	82367203	24	5	0	24	20	4	0	0	0	0	0	0	0	3	0	0	0	4	0	0	0	12	0	0	0	0	0	0	0	0	0	0	0	0	3	0	0	0
chr15	82367213	82367257	45	4	0	45	38	7	0	0	0	0	0	0	0	7	0	0	0	7	0	0	0	22	0	0	0	0	0	0	0	0	0	0	0	0	7	0	0	0
chr15	82367261	82367324	64	4	0	64	55	9	0	0	0	1	0	0	0	7	0	0	0	9	1	0	2	33	0	0	0	0	0	0	0	0	0	0	0	0	7	0	0	2
chr15	82367325	82367381	57	4	0	57	44	13	0	0	0	0	0	0	0	8	0	0	2	9	0	1	1	22	0	1	0	0	1	0	0	0	0	0	0	0	7	0	0	3
chr15	82367382	82368121	740	4	0	740	521	219	57	24	22	42	26	23	19	46	27	8	8	24	35	15	11	133	31	13	3	23	23	6	2	7	20	10	1	12	40	9	0	18
chr15	82368122	82368131	10	5	0	10	6	4	3	1	0	0	0	0	0	0	1	0	0	0	0	0	0	0	1	0	0	0	0	0	1	0	0	0	0	0	0	1	0	0
chr15	82368132	82369924	1793	4	0	1793	1146	647	175	73	84	104	100	43	48	62	87	31	45	62	74	38	55	64	93	29	11	52	42	34	5	58	39	22	2	35	79	54	4	87
chr15	82369927	82371007	1081	4	0	1081	735	346	150	37	55	67	41	34	28	37	46	18	14	22	71	32	29	52	60	24	3	34	23	16	2	30	18	11	2	23	40	20	1	39
chr15	82371018	82371162	145	4	0	145	78	67	13	0	7	3	5	11	7	3	2	3	8	4	2	2	5	1	4	4	0	8	6	1	0	7	6	6	0	8	10	3	0	4
chr15	82371166	82372197	1032	4	0	1032	619	413	85	36	50	47	48	30	37	37	48	20	32	24	38	20	24	42	48	24	4	30	37	27	2	37	24	22	3	31	43	30	5	45
chr15	82372199	82373135	937	4	0	937	560	377	80	32	52	38	44	17	39	33	49	25	24	35	29	24	17	20	45	17	7	29	22	19	10	27	21	15	7	25	45	27	10	51
chr15	82373136	82373171	36	5	0	36	28	8	5	1	1	5	1	0	1	1	0	1	0	1	6	0	1	3	2	0	0	0	0	0	0	2	0	0	0	0	0	2	0	1
chr15	82373172	82377332	4161	4	0	4161	2404	1757	254	148	209	180	175	102	149	137	183	92	133	94	177	99	131	139	145	116	26	154	170	130	23	165	121	81	6	118	127	161	29	185
chr15	82377340	82377914	575	4	0	575	350	225	41	18	41	30	25	10	18	14	21	13	14	14	44	13	17	16	12	15	4	23	21	16	1	22	16	15	1	16	17	14	2	29
chr15	82377916	82377933	18	5	0	18	10	8	0	0	1	1	1	1	1	1	0	0	0	1	0	0	1	1	0	1	0	0	0	0	0	1	2	0	0	2	1	0	0	0
chr15	82377935	82377956	22	5	0	22	13	9	1	1	0	2	1	0	1	2	2	0	0	1	0	0	0	0	1	0	0	0	2	0	0	1	0	2	0	0	2	1	0	0
chr15	82377957	82380132	2176	4	0	2176	1284	892	154	77	114	88	77	38	67	64	98	41	80	60	104	54	80	88	73	60	14	63	67	77	11	110	33	43	1	59	72	84	14	109
chr15	82380133	82380154	22	5	0	22	12	10	0	1	0	2	1	2	1	0	0	1	0	0	2	0	0	2	3	1	0	0	1	1	1	0	0	0	0	0	0	1	0	0
chr15	82380155	82382507	2353	4	0	2353	1308	1045	156	80	94	89	81	60	109	62	102	52	103	54	80	46	63	77	83	71	16	68	81	86	13	128	61	45	9	71	87	108	14	102
chr15	82382512	82383906	1395	4	0	1395	909	486	128	53	65	79	58	60	45	41	63	20	40	40	76	37	37	66	90	30	4	45	33	13	1	37	26	12	2	28	55	29	3	77
chr15	82383907	82384063	157	4	0	157	100	57	15	7	6	9	8	13	3	4	7	1	2	3	7	4	5	6	15	5	0	3	7	0	0	4	2	1	0	5	4	5	0	4
chr15	82384065	82385706	1642	4	0	1642	1015	627	188	42	67	85	64	38	51	55	65	27	55	37	66	46	51	77	50	47	7	49	63	37	8	63	37	42	2	37	58	45	7	74
chr15	82385707	82385716	10	5	0	10	8	2	1	1	0	1	0	0	0	0	1	0	0	0	1	0	0	3	0	0	0	0	0	0	0	0	0	0	0	0	0	0	0	0
chr15	82385718	82386652	935	4	0	935	547	388	88	23	25	47	24	31	47	34	34	17	28	28	38	18	23	41	35	22	4	28	38	25	7	34	20	29	10	29	43	28	3	32
chr15	82386654	82388206	1553	4	0	1553	1042	511	176	54	63	87	53	36	51	52	56	24	47	34	94	43	46	125	75	18	3	61	43	18	1	40	29	29	3	29	44	37	3	77
chr15	82388214	82388496	283	4	0	283	165	118	19	6	17	8	9	3	11	11	14	13	13	12	8	5	4	11	12	5	0	10	7	9	3	13	3	2	0	1	12	16	3	21
chr15	82388497	82388522	26	5	0	26	19	7	0	1	0	1	0	0	0	2	1	0	1	2	1	0	1	7	1	0	0	0	0	1	0	1	0	0	0	0	2	1	0	1
chr15	82388523	82388727	205	4	0	205	121	84	12	6	4	11	8	8	6	15	7	8	6	5	6	4	7	7	11	6	1	8	8	7	0	6	3	2	1	4	15	6	0	5
chr15	82388729	82389639	911	4	0	911	507	404	65	23	40	37	25	24	43	22	43	23	51	19	32	20	20	20	33	25	4	28	24	38	6	44	25	17	3	19	32	30	11	63
chr15	82389641	82393753	4113	4	0	4113	2574	1539	379	157	180	212	179	123	135	173	172	83	93	104	199	102	128	153	205	100	16	145	144	81	6	126	106	59	4	95	155	117	10	170
chr15	82393754	82397131	3378	4	0	3378	2004	1374	309	94	136	171	130	108	135	104	133	66	124	89	139	64	79	122	130	88	17	97	135	83	15	127	92	78	14	86	120	111	16	164
chr15	82397132	82398634	1503	4	0	1503	907	596	122	50	51	58	63	56	63	61	53	24	47	52	42	47	40	77	82	35	7	53	47	25	4	48	47	27	8	36	66	37	9	64
chr15	82398646	82399148	503	4	0	503	310	193	47	16	22	25	20	12	27	13	22	9	21	12	22	11	10	19	18	15	1	14	13	6	0	20	20	7	0	15	21	11	1	31
chr15	82399153	82399241	89	4	0	89	51	38	1	3	5	2	5	2	3	2	3	3	3	5	2	4	3	3	4	3	0	5	4	1	0	5	0	1	0	1	5	5	0	4
chr15	82399242	82399286	45	3	0	45	25	20	4	1	2	3	3	2	0	1	1	1	2	1	1	0	0	1	1	2	0	1	5	2	0	1	0	1	0	1	0	3	2	1
chr15	82399287	82402288	3002	4	0	3002	1895	1107	302	88	129	201	131	62	111	98	132	59	91	73	155	69	82	112	110	57	12	99	94	51	14	86	72	66	6	83	125	71	14	145
chr15	82402289	82402730	442	5	0	442	251	191	34	16	18	18	18	15	18	18	14	12	13	9	20	7	12	9	20	12	0	17	21	11	2	22	13	13	1	9	14	20	1	13
chr15	82402736	82403381	646	5	0	646	398	248	45	19	35	40	31	19	22	24	39	10	15	18	24	16	12	28	32	14	2	17	20	16	1	23	17	10	2	11	27	20	3	32
chr15	82403401	82403455	55	5	0	55	24	31	0	1	1	0	0	4	4	3	1	0	3	2	1	1	1	1	0	2	0	4	3	2	0	2	5	2	0	3	3	2	2	0
chr15	82403456	82403499	44	4	0	44	20	24	2	1	1	1	1	2	4	0	2	1	3	0	0	0	1	1	1	2	0	1	1	1	1	3	2	1	0	3	3	2	0	1
chr15	82403500	82406625	3126	5	0	3126	1958	1168	267	110	136	164	117	87	116	122	137	62	88	80	157	68	96	149	127	69	13	118	99	45	9	95	84	57	8	77	132	77	12	146
chr15	82406644	82421803	15160	5	0	15160	9422	5738	1380	524	657	784	595	408	554	534	644	255	465	405	727	403	413	673	624	373	61	532	521	314	54	475	345	259	32	378	601	419	45	704
chr15	82421804	82428805	7002	5	0	7002	4378	2624	632	194	324	394	261	180	239	256	337	107	235	176	313	195	182	352	268	151	24	233	235	129	24	232	166	126	15	165	267	214	25	349
chr15	82428807	82430555	1749	5	0	1749	902	847	113	41	64	61	65	64	86	57	45	36	64	37	55	28	28	57	62	58	5	44	99	100	14	76	49	78	16	63	62	54	7	59
chr15	82430556	82430741	186	6	0	186	69	117	2	2	3	2	3	6	12	6	4	8	13	4	0	1	3	0	5	5	3	4	9	18	2	12	9	6	5	8	4	12	8	5
chr15	82430777	82431290	514	5	0	514	279	235	33	16	25	17	18	14	27	17	29	12	23	13	10	9	8	7	15	14	2	20	25	23	2	19	13	10	1	13	23	22	1	31
chr15	82431334	82431668	335	5	0	335	188	147	31	7	15	9	8	9	20	12	15	7	13	9	8	8	7	9	10	9	3	9	13	7	1	15	10	9	2	14	16	11	0	17
chr15	82431690	82431892	203	5	0	203	116	87	12	7	8	6	8	6	12	9	7	2	7	6	7	8	2	7	14	4	0	5	8	5	0	9	6	6	0	8	8	7	0	7
chr15	82431919	82431941	23	4	0	23	11	12	0	1	1	0	0	4	1	0	1	0	1	0	1	1	0	0	0	3	0	2	3	0	0	0	0	0	0	0	1	0	0	1
chr15	82431942	82433183	1242	5	0	1242	588	654	37	27	47	35	46	38	74	34	38	28	66	33	25	20	25	14	35	35	6	38	64	87	8	69	51	54	2	39	42	52	6	65
chr15	82433188	82433510	323	5	0	323	172	151	21	9	12	9	9	4	20	10	13	9	20	5	8	7	7	8	12	6	3	8	9	11	1	18	10	12	1	11	12	11	3	22
chr15	82433512	82433533	22	6	0	22	7	15	0	1	0	0	0	1	2	0	1	0	2	0	0	0	0	0	0	1	0	0	2	3	0	2	0	1	0	1	1	2	0	0
chr15	82433535	82433976	442	5	0	442	203	239	14	5	23	5	15	17	22	17	12	13	28	10	6	6	6	2	14	14	1	13	25	29	3	26	15	16	1	18	17	24	1	22
chr15	82433978	82439548	5571	5	0	5571	3171	2400	434	167	194	252	154	166	276	191	202	94	245	102	258	120	141	173	232	111	31	173	189	163	40	244	178	167	20	209	189	195	29	230
chr15	82439565	82440025	461	5	0	461	226	235	13	14	20	11	16	8	22	16	11	11	23	6	18	15	10	11	19	18	1	10	22	28	5	28	10	17	6	19	11	19	2	19
chr15	82440057	82440251	195	5	0	195	96	99	13	4	2	7	5	6	17	8	5	6	6	3	3	4	1	4	8	7	0	5	15	9	1	10	7	8	0	9	6	11	1	2
chr15	82440277	82440380	104	5	0	104	45	59	0	2	4	0	3	5	10	1	3	3	3	4	0	3	2	1	4	3	0	6	9	6	0	4	3	7	0	4	4	3	0	5
chr15	82440396	82440496	101	5	0	101	30	71	0	2	0	0	0	3	12	0	2	4	7	0	0	0	0	0	3	3	0	2	3	11	5	11	6	9	1	2	2	7	0	4
chr15	82440516	82440606	91	5	0	91	44	47	7	1	8	0	2	5	5	0	5	3	3	0	2	1	1	0	4	3	0	3	4	5	0	6	1	2	0	7	4	6	0	1
chr15	82440636	82440894	259	5	0	259	100	159	3	2	6	2	3	11	24	10	7	10	14	3	0	1	2	1	15	5	0	4	16	13	7	13	11	15	7	17	6	15	2	12
chr15	82440979	82441071	93	5	0	93	50	43	3	2	1	3	2	12	4	1	3	0	5	0	2	1	3	6	13	1	0	1	1	6	0	3	4	3	0	3	2	0	0	6
chr15	82441282	82441447	166	5	0	166	68	98	7	4	6	0	3	6	13	3	6	0	12	1	1	2	2	1	2	5	2	3	10	11	3	8	11	9	3	11	2	7	0	10
chr15	82441635	82441830	196	5	0	196	78	118	3	3	6	3	5	5	15	5	6	3	11	5	1	1	3	3	2	8	0	2	18	16	0	15	4	17	0	9	6	10	0	9
chr15	82441869	82442677	809	5	0	809	329	480	10	9	24	5	16	37	65	22	17	20	42	15	5	10	19	12	24	21	10	21	48	51	8	51	40	49	9	53	28	37	3	26
chr15	82442678	82442688	11	6	0	11	4	7	0	0	0	0	0	0	2	0	0	0	2	0	0	0	0	0	0	0	0	0	1	0	0	0	0	1	0	1	1	0	0	1
chr15	82442763	82442820	58	5	0	58	27	31	1	0	1	1	0	2	5	2	2	2	2	2	0	3	2	1	2	2	1	2	3	2	0	3	0	3	1	3	5	1	0	2
chr15	82443058	82443175	118	5	0	118	47	71	1	1	1	1	2	13	9	6	1	2	8	1	0	0	0	0	7	4	3	2	5	4	1	4	14	4	3	7	5	2	1	4
chr15	82443224	82443445	222	5	0	222	100	122	4	6	8	2	6	12	13	5	8	4	13	3	2	6	4	2	10	8	1	9	15	13	1	11	6	8	3	9	6	11	1	10
chr15	82443472	82443545	74	5	0	74	34	40	3	0	6	2	3	0	6	3	4	3	2	1	0	0	0	0	0	1	0	2	3	5	0	5	5	5	0	4	4	2	0	3
chr15	82443592	82443883	292	5	0	292	142	150	8	6	11	2	6	9	18	12	8	7	13	10	5	3	14	8	8	4	3	10	13	13	1	15	14	12	2	16	11	13	0	15
chr15	82443907	82444002	96	5	0	96	45	51	7	1	4	3	3	0	9	2	2	3	4	1	3	2	1	0	1	0	1	3	6	1	0	7	4	11	1	4	3	3	0	4
chr15	82444018	82444166	149	5	0	149	85	64	12	7	9	3	8	8	4	6	6	2	7	0	6	1	4	1	8	4	0	6	6	3	0	5	6	2	0	8	6	4	0	5
chr15	82444176	82444231	56	5	0	56	36	20	5	2	3	4	6	1	1	3	1	1	1	2	3	0	0	1	2	0	0	2	2	0	0	0	3	1	1	3	4	1	1	0
chr15	82444317	82444615	299	5	0	299	194	105	34	9	14	15	8	6	13	10	10	5	6	11	21	5	12	14	9	5	0	11	8	4	0	9	4	6	0	16	16	7	0	9
chr15	82444675	82445027	353	5	0	353	210	143	24	17	10	11	14	11	19	14	13	9	10	6	11	9	13	19	19	5	2	20	10	12	0	8	9	5	0	14	20	8	0	9
chr15	82445028	82445061	34	5	0	34	17	17	0	0	0	0	0	16	0	0	0	0	0	0	0	0	0	0	16	0	0	0	0	0	0	0	0	0	0	0	0	0	0	0
chr15	82445111	82445255	145	5	0	145	49	96	0	3	3	0	3	9	10	3	3	5	8	1	0	0	0	0	6	5	2	5	8	6	7	5	9	7	10	8	2	9	3	3
chr15	82445277	82445365	89	5	0	89	22	67	1	1	1	0	1	3	2	0	1	2	6	0	0	2	2	0	1	5	2	0	1	18	6	7	1	5	7	3	3	3	2	1
chr15	82445366	82445413	48	6	0	48	21	27	2	1	3	0	2	2	5	0	0	1	1	0	2	0	0	0	3	1	1	1	1	1	1	2	4	2	2	6	1	1	0	0
chr15	82445414	82447760	2347	5	0	2347	1098	1249	118	65	77	58	69	67	121	60	68	50	113	45	63	38	44	41	85	56	27	53	90	125	61	111	70	120	75	99	72	86	27	91
chr15	82447779	82448064	286	5	0	286	177	109	24	5	10	22	12	8	17	6	13	5	13	4	13	7	2	14	10	6	0	10	11	5	0	8	9	5	0	10	13	8	0	14
chr15	82448066	82448090	25	4	0	25	9	16	0	0	0	1	0	2	3	0	0	0	0	1	1	1	0	0	1	2	0	0	2	1	0	2	2	2	0	1	0	1	0	0
chr15	82448092	82448686	595	5	0	595	355	240	47	20	27	28	29	21	30	13	22	13	14	17	24	12	18	20	26	20	1	19	22	5	1	25	18	15	1	20	26	13	1	25
chr15	82448699	82449402	704	5	0	704	478	226	82	26	26	48	29	22	23	25	30	9	13	18	41	25	17	43	41	15	4	23	15	4	1	17	18	6	4	7	25	12	1	32
chr15	82449403	82449567	165	5	0	165	111	54	27	6	8	9	5	6	4	5	10	3	2	3	7	6	4	5	6	3	5	6	5	1	0	3	3	0	1	2	6	5	0	7
chr15	82449568	82450686	1119	5	0	1119	671	448	106	32	46	60	54	32	40	41	50	17	37	28	35	23	29	39	39	30	2	33	49	29	2	40	31	30	3	28	49	31	1	51
chr15	82450688	82450720	33	4	0	33	22	11	2	1	0	2	1	1	1	3	0	0	1	3	2	1	1	2	2	1	0	0	2	0	0	0	0	0	0	0	2	0	0	3
chr15	82450721	82450779	59	5	0	59	34	25	5	1	2	1	3	1	3	1	1	1	2	1	0	1	1	8	1	3	0	1	3	2	0	4	2	3	0	1	2	1	0	2
chr15	82450781	82450817	37	4	0	37	16	21	0	0	0	0	0	2	5	0	0	2	3	2	0	0	0	0	1	0	0	3	1	1	0	2	2	1	0	3	4	2	0	1
chr15	82450819	82451504	686	5	0	686	450	236	72	19	28	43	31	17	20	35	32	10	13	25	27	25	17	35	28	16	1	26	23	7	0	17	12	11	2	13	40	13	3	23
chr15	82451506	82452099	594	5	0	594	320	274	53	18	20	22	26	17	35	15	18	12	25	12	17	11	9	9	19	17	3	19	25	18	3	32	23	24	2	21	26	20	4	17
chr15	82452118	82452445	328	5	0	328	202	126	36	10	14	14	13	13	9	14	9	7	1	6	14	17	13	10	13	15	2	17	16	10	1	9	10	4	1	5	10	7	0	6
chr15	82452451	82452568	118	5	0	118	81	37	15	7	3	8	5	1	4	3	5	2	2	1	9	3	6	6	3	3	2	5	2	2	0	3	3	0	0	3	4	2	0	4
chr15	82452570	82452587	18	5	0	18	12	6	3	0	2	2	1	0	0	0	1	0	0	0	1	0	1	0	0	0	0	0	1	0	0	1	0	1	0	1	0	1	0	0
chr15	82452589	82452678	90	5	0	90	67	23	17	1	3	8	1	3	2	4	6	1	1	0	4	4	2	8	3	1	1	4	2	0	0	0	3	0	0	1	2	1	1	4
chr15	82452683	82452718	36	5	0	36	18	18	1	3	2	1	1	1	2	0	2	0	0	0	2	0	1	1	1	2	0	1	3	2	0	1	0	2	2	1	0	0	0	2
chr15	82452720	82452990	271	5	0	271	127	144	8	8	4	8	9	10	14	10	6	4	17	10	5	5	6	2	8	10	2	6	15	12	3	14	9	13	3	11	11	9	6	11
chr15	82452991	82453118	128	5	0	128	91	37	18	3	8	10	3	1	3	3	11	0	8	2	7	4	3	6	3	1	0	4	2	0	0	3	0	1	0	1	4	3	0	14
chr15	82453120	82453154	35	6	0	35	23	12	1	3	1	2	3	0	1	3	0	1	1	2	2	1	0	1	4	0	0	1	1	0	0	1	0	0	0	0	2	2	0	0
chr15	82453156	82453225	70	5	0	70	39	31	9	3	2	0	5	2	3	2	0	2	5	3	0	0	1	1	4	0	0	3	4	0	0	1	3	2	1	2	1	3	1	5
chr15	82453227	82453248	22	6	0	22	8	14	1	1	0	0	0	1	2	0	1	0	2	0	0	0	0	0	0	1	0	1	1	1	0	2	1	2	0	0	1	1	0	1
chr15	82453250	82454347	1098	5	0	1098	611	487	72	37	35	48	39	41	50	27	35	16	43	28	46	25	31	37	42	33	10	34	44	30	10	47	27	40	11	36	44	29	7	42
chr15	82454349	82454373	25	6	0	25	13	12	1	1	1	0	1	1	2	0	2	0	0	0	0	1	1	0	1	1	0	1	1	0	0	2	1	2	0	1	1	0	0	1
chr15	82454375	82454480	106	5	0	106	54	52	4	4	4	1	4	3	7	5	4	4	5	0	2	1	3	2	6	1	2	3	3	4	0	3	6	2	0	8	4	4	0	5
chr15	82454481	82454665	185	5	0	185	115	70	11	9	3	10	5	6	8	13	6	6	3	8	11	3	4	8	11	8	0	4	11	2	1	3	3	2	0	1	7	5	1	10
chr15	82454667	82454693	27	6	0	27	17	10	0	2	2	0	1	0	1	0	2	1	0	1	1	1	3	1	2	0	0	2	0	0	0	1	0	0	0	0	0	1	0	3
chr15	82454695	82455774	1080	5	0	1080	683	397	87	24	48	60	32	45	32	30	38	18	33	25	62	31	34	83	49	32	0	36	36	21	5	35	23	19	1	25	32	25	6	51
chr15	82455779	82456474	696	5	0	696	304	392	15	7	25	12	19	30	48	16	19	27	41	11	6	8	13	7	32	22	2	16	36	46	7	43	21	28	5	34	24	36	4	34
chr15	82456476	82457381	906	5	0	906	449	457	27	20	37	18	29	27	58	19	27	18	45	23	19	21	25	35	27	27	0	32	44	39	7	51	32	42	8	34	30	32	3	48
chr15	82457391	82457411	21	6	0	21	17	4	0	0	0	0	0	0	0	0	0	0	0	3	0	0	4	9	0	0	0	0	0	0	0	0	0	0	0	0	0	0	0	3
chr15	82457412	82460802	3391	5	0	3391	1539	1852	102	72	111	62	102	148	249	90	98	82	153	77	44	30	56	61	98	129	11	94	217	192	28	195	158	164	10	146	116	147	13	134
chr15	82460804	82466077	5274	5	0	5274	2190	3084	69	86	113	69	113	284	406	210	128	143	259	109	27	62	65	46	203	207	56	110	378	292	63	319	226	315	36	239	206	237	21	175
chr15	82466078	82466577	500	5	0	500	213	287	13	7	11	4	10	35	41	13	7	13	28	11	5	5	8	2	25	17	5	13	27	24	6	27	25	26	3	28	22	15	2	20
chr15	82466586	82472588	6003	5	0	6003	2438	3565	122	91	174	59	130	292	459	166	149	149	316	105	45	73	70	38	188	206	47	164	382	430	89	359	279	359	59	282	197	265	43	214
chr15	82472589	82472601	13	4	0	13	0	13	0	0	0	0	0	0	0	0	0	0	0	0	0	0	0	0	0	0	0	0	0	11	0	0	0	0	0	0	0	0	0	0
chr15	82472602	82475645	3044	5	0	3044	1258	1786	61	40	87	38	68	158	201	105	70	81	144	61	27	33	52	32	110	78	39	83	185	206	55	162	145	187	46	132	92	137	20	107
chr15	82475652	82476352	701	5	0	701	277	424	6	12	28	3	18	36	54	15	21	17	29	5	4	6	16	6	20	27	2	21	52	56	6	45	30	46	5	41	21	30	1	20
chr15	82476442	82478786	2345	5	0	2345	1006	1339	55	42	65	45	59	104	156	65	63	61	127	38	30	34	34	28	80	93	15	53	130	172	33	150	99	115	19	89	75	106	19	89
chr15	82478787	82479376	590	5	0	590	358	232	47	11	26	25	15	21	24	22	27	23	23	22	19	10	12	29	35	12	2	17	14	19	2	24	7	1	0	4	26	27	2	40
chr15	82479394	82479685	292	5	0	292	195	97	31	12	15	15	10	12	11	7	12	5	4	3	21	11	3	21	20	6	3	11	9	4	1	6	7	2	0	3	4	8	0	13
chr15	82479686	82479714	29	6	0	29	17	12	2	1	0	1	2	0	3	0	0	0	1	1	0	2	0	2	1	1	0	2	0	2	0	1	2	0	0	0	2	0	0	1
chr15	82479715	82480934	1220	5	0	1220	820	400	116	38	47	69	38	34	30	43	41	17	47	30	75	31	38	126	55	16	4	45	33	17	0	31	18	22	2	20	38	26	6	65
chr15	82480940	82481906	967	5	0	967	569	398	111	21	24	45	27	33	48	30	28	20	36	24	37	20	24	39	35	25	3	31	39	23	8	38	25	29	5	29	39	31	4	34
chr15	82481935	82482443	509	5	0	509	340	169	76	15	14	27	17	10	13	18	15	9	19	9	24	16	20	36	16	16	1	17	17	12	1	13	8	5	0	11	17	10	0	25
chr15	82482444	82483564	1121	5	0	1121	656	465	92	25	55	53	46	27	40	40	49	23	36	33	37	28	31	40	40	29	3	31	45	35	7	46	24	36	2	26	44	33	4	59
chr15	82483565	82483721	157	5	0	157	111	46	34	7	7	9	8	2	3	5	7	1	2	4	7	3	5	5	4	5	0	4	7	0	0	4	2	1	0	5	5	5	0	4
chr15	82483734	82484738	1005	5	0	1005	667	338	101	36	45	60	44	42	30	31	37	18	21	35	60	25	31	50	64	22	1	35	21	11	0	29	18	8	0	18	44	20	1	45
chr15	82484739	82484789	51	6	0	51	29	22	4	0	0	3	1	3	1	2	1	1	3	2	1	2	2	3	2	2	1	1	4	0	0	1	0	1	0	1	1	2	1	3
chr15	82484790	82484937	148	5	0	148	94	54	16	6	9	8	10	4	9	3	10	1	1	4	2	3	4	3	8	2	0	4	2	0	0	3	8	1	0	9	7	2	0	7
chr15	82484938	82484961	24	6	0	24	12	12	0	1	1	1	0	0	2	0	2	1	0	0	1	1	0	0	1	1	1	0	1	1	1	1	0	1	0	1	1	1	0	1
chr15	82484962	82485071	110	5	0	110	76	34	12	4	7	8	3	3	3	4	8	0	3	2	8	3	2	5	3	2	0	5	3	2	0	1	2	0	0	2	4	2	0	7
chr15	82485076	82485130	55	5	0	55	32	23	4	1	0	2	0	15	0	1	1	0	0	1	2	1	2	0	15	1	1	1	0	1	1	1	0	0	0	0	1	1	0	0
chr15	82485132	82485227	96	5	0	96	57	39	10	7	5	1	6	5	3	2	2	1	3	0	4	2	3	1	6	4	0	5	4	3	0	1	4	1	0	5	2	0	0	4
chr15	82485229	82485875	647	5	0	647	383	264	53	24	25	26	20	18	27	21	26	14	22	21	28	13	17	26	22	19	4	24	24	23	2	28	11	8	1	14	29	27	3	25
chr15	82485877	82485928	52	6	0	52	31	21	7	1	5	1	1	0	3	0	5	0	1	0	2	2	1	1	1	1	0	1	0	1	1	3	2	2	1	1	0	1	0	5
chr15	82485930	82487321	1392	5	0	1392	803	589	109	43	60	60	50	40	60	40	56	25	57	25	57	34	40	47	55	36	5	46	44	38	6	68	41	35	6	44	50	47	7	59
chr15	82487323	82487373	51	6	0	51	28	23	1	2	0	1	0	0	2	1	0	1	4	3	2	1	4	5	0	1	1	2	0	2	0	4	2	0	1	1	1	4	0	3
chr15	82487375	82487510	136	5	0	136	80	56	17	5	10	3	7	5	8	3	9	3	4	2	2	1	1	0	4	2	1	7	1	0	1	2	13	0	0	6	5	2	2	8
chr15	82487518	82487669	152	5	0	152	72	80	16	3	2	1	4	8	12	1	3	2	12	2	0	2	2	0	4	5	1	5	9	5	0	8	6	6	2	10	7	6	1	5
chr15	82487671	82487692	22	6	0	22	13	9	5	0	0	2	1	0	1	0	0	0	0	0	1	0	1	0	1	0	0	0	1	1	0	0	1	1	2	2	0	0	0	0
chr15	82487696	82487817	122	5	0	122	60	62	13	1	2	2	1	4	5	6	2	3	6	6	3	2	3	0	2	3	1	4	7	5	3	5	2	7	2	3	4	5	4	4
chr15	82487819	82487860	42	6	0	42	20	22	2	2	0	2	2	0	3	1	1	1	1	3	1	0	1	0	2	0	1	0	2	4	0	1	0	3	0	2	2	0	1	2
chr15	82487862	82488299	438	5	0	438	232	206	16	14	20	10	17	23	23	11	18	14	21	12	10	8	5	9	18	21	2	18	23	12	2	18	11	5	1	9	22	18	1	24
chr15	82488308	82488525	218	5	0	218	110	108	27	2	32	0	2	1	4	1	32	0	7	1	0	0	0	0	0	2	0	1	2	18	1	31	4	2	1	5	3	29	2	6
chr15	82488527	82491694	3168	5	0	3168	1815	1353	202	102	166	135	109	53	106	85	161	59	130	81	132	69	103	120	102	86	17	78	97	138	15	181	54	56	4	94	100	151	28	152
chr15	82491695	82493454	1760	5	0	1760	1036	724	119	53	91	86	67	39	61	61	78	37	49	54	84	36	63	57	47	45	5	68	66	53	10	75	50	45	3	38	64	61	10	83
chr15	82493455	82497785	4331	6	0	4331	2533	1798	298	155	228	185	191	108	156	147	184	92	138	97	193	109	115	137	176	115	28	145	160	116	25	163	122	86	14	136	144	148	25	193
chr15	82497786	82497956	171	6	0	171	99	72	30	2	7	3	7	11	8	3	2	4	9	4	2	2	4	0	6	4	0	8	6	1	0	7	6	6	0	8	11	3	0	5
chr15	82497957	82498340	384	6	0	384	263	121	67	16	24	16	16	4	15	11	21	9	5	8	18	10	7	15	14	11	0	13	9	4	0	10	8	2	0	6	15	6	0	22
chr15	82498341	82498774	434	6	0	434	298	136	52	13	15	42	19	7	9	18	20	5	4	9	31	11	15	27	16	8	3	8	14	9	0	11	8	7	1	12	16	10	0	12
chr15	82498775	82499001	227	5	0	227	159	68	32	7	16	13	6	4	3	10	8	2	4	6	21	10	5	10	10	3	1	9	2	3	0	8	2	4	2	4	9	3	1	7
chr15	82499006	82501410	2405	5	0	2405	1527	878	220	96	104	136	125	86	70	98	116	38	51	77	95	51	62	100	143	41	16	72	67	42	7	66	59	33	3	47	110	66	4	102
chr15	82501411	82501473	63	4	0	63	61	2	7	0	0	9	0	0	0	1	1	0	0	1	7	0	1	32	0	0	0	0	0	0	0	0	0	0	0	0	1	0	0	1
chr15	82501479	82501552	74	4	0	74	66	8	8	0	0	4	1	0	0	7	1	0	0	5	2	2	0	34	2	0	0	0	0	0	0	0	0	0	0	0	6	0	0	0
chr15	82501553	82501671	119	4	0	119	100	19	0	0	0	1	0	0	0	15	0	0	2	17	1	0	1	62	0	0	0	0	0	0	0	0	0	0	0	0	15	0	0	3
chr15	82501675	82501702	28	5	0	28	25	3	0	0	0	1	0	0	0	2	0	0	0	3	1	0	1	15	0	0	0	0	0	0	0	0	0	0	0	0	2	0	0	1
chr15	82501704	82501763	60	4	0	60	50	10	0	0	0	2	0	0	0	6	0	0	0	9	2	0	4	26	0	0	0	0	0	0	0	0	0	0	0	0	6	0	0	3
chr15	82501764	82502272	509	4	0	509	315	194	21	8	13	13	11	16	19	32	12	8	14	27	11	14	11	83	19	9	2	16	17	10	3	13	15	10	5	14	27	14	6	14
chr15	82502273	82503161	889	4	0	889	555	334	67	27	37	56	35	29	24	41	35	17	22	23	50	22	20	48	37	26	8	24	37	19	3	27	16	16	2	22	39	25	3	30
chr15	82503163	82503182	20	5	0	20	11	9	1	0	0	1	0	2	2	0	0	0	0	1	1	2	1	0	1	0	0	2	1	0	0	0	1	1	0	0	1	0	0	0
chr15	82503184	82509266	6083	4	0	6083	3595	2488	477	204	254	292	249	203	245	217	236	117	189	145	265	141	160	200	267	146	35	216	195	137	39	219	194	141	33	178	258	166	27	236
chr15	82509267	82510555	1289	4	0	1289	698	591	98	39	47	37	35	51	59	34	45	26	49	27	44	34	38	34	45	42	12	51	55	50	16	49	38	37	9	40	41	41	11	53
chr15	82510556	82511817	1262	4	0	1262	757	505	98	35	64	60	43	43	48	35	51	28	45	29	65	40	40	32	46	30	6	64	40	34	7	40	30	19	2	33	53	38	3	59
chr15	82511821	82512964	1144	4	0	1144	684	460	97	42	47	56	51	48	41	35	52	22	28	26	43	33	27	35	54	25	16	50	38	28	6	33	31	21	5	25	52	31	9	35
chr15	82513048	82513803	756	4	0	756	200	556	12	14	15	3	17	15	25	5	11	20	40	5	4	3	6	3	9	22	8	13	18	85	84	27	27	71	82	34	10	36	18	12
chr15	82513851	82514307	457	4	0	457	179	278	10	9	10	7	9	24	26	5	8	8	27	6	8	9	9	2	11	14	12	13	17	32	21	16	24	25	17	26	12	15	6	17
chr15	82514330	82514753	424	4	0	424	262	162	36	16	19	24	20	20	6	13	19	7	9	10	20	11	11	19	19	9	9	17	9	1	10	10	12	8	4	8	19	12	5	10
chr15	82514768	82514970	203	4	0	203	129	74	18	5	7	12	7	8	7	8	6	2	6	7	11	10	4	9	12	6	0	7	7	4	0	9	5	1	0	2	6	9	0	6
chr15	82514988	82515001	14	5	0	14	8	6	0	0	0	0	1	1	0	0	0	0	0	0	0	1	0	3	1	1	0	0	1	3	0	0	0	0	0	0	0	0	0	0
chr15	82515002	82515178	177	4	0	177	94	83	14	5	3	8	8	6	9	9	7	2	5	5	1	3	4	4	5	6	0	5	9	12	0	8	9	4	0	5	9	6	0	4
chr15	82515223	82515425	203	4	0	203	109	94	26	5	3	9	8	7	13	3	6	1	11	3	3	4	4	3	5	4	1	6	8	4	2	9	11	9	2	10	7	6	3	5
chr15	82515448	82515527	80	4	0	80	35	45	1	1	3	1	1	6	6	0	1	1	5	3	2	2	0	0	3	4	0	3	4	3	1	7	2	4	0	4	5	4	1	0
chr15	82515565	82515641	77	4	0	77	44	33	2	2	2	4	0	4	4	7	6	0	4	2	2	1	1	2	3	2	0	2	2	2	0	2	4	1	0	2	6	1	0	5
chr15	82515642	82515687	46	4	0	46	23	23	3	1	3	1	4	2	2	0	0	1	0	1	2	0	0	2	3	0	0	1	1	1	2	2	2	4	2	2	1	1	0	0
chr15	82515688	82516072	385	4	0	385	176	209	16	9	8	8	13	11	25	9	8	5	22	11	4	10	12	4	8	15	3	9	22	24	3	21	14	18	2	23	15	13	4	14
chr15	82516081	82516264	184	4	0	184	85	99	7	6	9	3	6	4	9	4	10	4	13	4	2	1	2	1	5	5	0	5	9	15	1	16	4	4	0	2	5	15	1	10
chr15	82516296	82516676	381	4	0	381	230	151	31	10	14	20	19	9	10	20	12	8	16	17	13	5	9	17	14	11	0	7	18	8	1	9	9	5	2	12	17	14	1	21
chr15	82516685	82517068	384	4	0	384	211	173	33	5	12	24	14	9	23	15	22	7	16	15	5	5	2	4	9	7	2	7	17	8	3	16	14	11	1	16	21	19	6	14
chr15	82517151	82517244	94	4	0	94	51	43	3	1	3	5	3	2	6	3	5	0	3	2	1	7	4	2	3	2	0	5	6	1	0	3	5	3	0	4	1	5	0	4
chr15	82517254	82517325	72	4	0	72	40	32	6	1	3	4	1	7	4	1	4	0	1	0	3	1	3	1	4	2	0	3	3	1	0	2	4	2	0	4	2	1	0	2
chr15	82517344	82517690	347	4	0	347	206	141	27	12	20	14	20	9	11	8	14	3	10	6	12	12	14	14	8	9	1	17	15	3	3	10	15	10	0	15	10	9	2	12
chr15	82517744	82517820	77	4	0	77	53	24	8	2	4	6	4	2	2	2	5	1	1	3	3	2	2	4	2	1	0	4	5	0	0	0	0	1	0	1	3	3	0	4
chr15	82517829	82518068	240	4	0	240	157	83	18	6	10	15	6	7	8	11	10	4	9	12	15	4	5	16	11	2	3	5	5	1	0	7	5	3	1	3	11	7	2	16
chr15	82518122	82518224	103	4	0	103	47	56	1	3	1	3	2	3	12	2	4	1	5	4	1	3	1	1	3	4	0	3	5	5	0	6	6	4	0	4	5	4	0	5
chr15	82518230	82520055	1826	4	0	1826	961	865	123	45	72	62	68	68	90	55	52	33	67	38	59	32	31	64	68	52	8	50	98	88	15	72	57	77	19	71	58	56	8	68
chr15	82520057	82520120	64	4	0	64	19	45	1	0	1	0	1	3	6	1	0	3	2	1	0	0	0	0	0	4	0	2	7	10	0	4	1	6	0	3	3	3	0	0
chr15	82520129	82523549	3421	4	0	3421	1694	1727	151	78	137	87	111	105	199	110	124	90	172	85	67	64	65	48	112	99	18	108	166	193	18	182	114	122	14	108	133	144	20	175
chr15	82523550	82523942	393	4	0	393	186	207	17	13	8	3	6	13	25	7	16	5	41	5	3	8	13	1	21	6	10	2	10	10	0	39	3	17	0	22	17	26	0	24
chr15	82523943	82523972	30	4	0	30	14	16	0	2	0	0	0	2	2	0	2	0	3	0	0	1	1	0	3	0	2	0	0	0	0	3	0	1	0	1	2	2	0	1
chr15	82523973	82524006	34	4	0	34	14	20	0	1	0	0	0	2	3	0	1	0	6	0	0	0	0	0	4	0	0	0	0	0	0	5	0	2	0	2	1	3	0	2
chr15	82524007	82524047	41	4	0	41	17	24	0	2	0	0	0	2	3	0	2	0	6	0	0	1	1	0	2	0	2	0	0	0	0	6	0	2	0	2	2	4	0	2
chr15	82524048	82524157	110	4	0	110	47	63	0	5	1	0	0	7	9	0	6	0	13	0	0	2	2	0	10	0	4	0	1	1	0	14	2	6	0	6	5	9	0	5
chr15	82524158	82524176	19	5	0	19	7	12	0	0	1	0	0	0	2	0	1	0	3	0	0	0	0	0	0	0	0	0	1	0	0	1	1	1	0	2	0	2	0	2
chr15	82524236	82524254	19	4	0	19	7	12	0	0	1	0	0	0	2	0	1	0	3	0	0	0	0	0	0	0	0	0	1	0	0	1	1	1	0	2	0	2	0	2
chr15	82524255	82524505	251	4	0	251	94	157	0	5	4	0	0	5	24	1	6	3	38	1	3	1	2	0	6	4	2	1	11	3	4	28	12	11	3	22	1	28	3	17
chr15	82524506	82524520	15	4	0	15	4	11	0	0	0	0	0	0	2	0	0	0	2	0	0	0	0	0	0	0	0	0	1	0	0	1	1	1	1	2	0	1	0	1
chr15	82524539	82525234	696	4	0	696	288	408	16	11	24	6	12	26	46	19	19	16	44	11	10	10	12	6	21	23	4	15	42	53	11	40	26	36	7	39	14	35	8	32
chr15	82525235	82525710	476	4	0	476	256	220	34	15	15	20	19	22	23	11	13	9	26	11	18	5	9	6	15	13	4	19	17	8	7	21	21	17	3	14	22	16	2	19
chr15	82525711	82526155	445	4	0	445	177	268	7	3	15	5	8	19	34	13	9	10	22	6	6	6	11	1	14	12	2	10	32	29	6	28	23	32	5	28	6	22	3	16
chr15	82526157	82526521	365	4	0	365	175	190	15	11	10	10	8	10	21	14	11	4	26	9	12	4	7	3	12	9	2	5	12	21	6	21	17	10	2	21	12	19	2	17
chr15	82526581	82530003	3423	4	0	3423	2254	1169	347	121	139	225	115	77	113	168	154	55	73	83	217	95	86	184	153	50	15	130	86	56	10	84	92	49	9	70	143	81	14	127
chr15	82530015	82533091	3077	4	0	3077	1320	1757	70	45	98	34	72	125	227	86	71	93	147	63	35	36	56	61	107	87	22	83	191	216	37	185	122	165	16	151	90	162	13	109
chr15	82533092	82540587	7496	4	0	7496	3805	3691	356	201	277	209	265	282	377	258	238	169	301	175	184	161	165	186	311	231	51	221	351	273	102	337	250	292	105	283	270	267	67	279
chr15	82540589	82545237	4649	4	0	4649	2334	2315	328	130	168	117	164	159	253	109	141	100	210	95	110	73	90	87	148	136	42	136	211	207	65	223	174	181	57	188	152	181	38	174
chr15	82545238	82548749	3512	4	0	3512	1844	1668	195	92	120	121	119	125	198	97	108	80	149	93	105	68	84	89	120	113	23	109	163	104	28	171	115	126	34	131	140	123	27	140
chr15	82548750	82570749	22000	3	0	22000	12190	9810	1342	594	959	792	783	706	1082	730	842	490	850	587	720	508	567	637	854	622	103	719	931	705	96	964	684	580	71	711	832	789	84	1064
chr15	82570750	82579918	9169	2	0	9169	5042	4127	636	260	306	344	343	333	463	296	258	194	345	226	309	218	219	292	377	239	70	319	379	305	72	356	330	288	51	317	349	281	51	341
chr15	82579920	82584903	4984	2	0	4984	2947	2037	482	129	169	244	187	143	202	176	153	95	162	130	201	155	150	168	192	136	27	167	198	122	24	187	150	119	34	140	168	154	29	189
chr15	82584904	82586243	1340	2	0	1340	854	486	140	46	65	73	59	35	38	54	57	19	30	35	69	42	37	54	56	30	3	52	41	32	4	40	35	19	3	29	54	36	2	49
chr15	82586244	82590209	3966	2	0	3966	2475	1491	352	128	156	219	156	92	143	153	152	72	116	103	194	138	127	173	184	82	13	150	121	89	16	120	102	72	10	88	137	103	19	184
chr15	82590211	82600897	10687	2	0	10687	6435	4252	913	362	447	519	448	315	399	413	437	175	351	305	442	264	283	361	460	256	49	351	381	216	47	364	293	226	45	296	441	310	47	469
chr15	82600899	82606817	5919	2	0	5919	3426	2493	496	172	208	271	236	154	239	187	179	120	222	151	237	157	161	235	234	154	28	187	224	150	66	210	146	180	57	185	212	166	45	248
chr15	82606818	82610958	4141	2	0	4141	2520	1621	401	136	157	215	179	110	174	125	153	76	131	102	175	104	109	172	179	98	15	134	146	77	19	151	104	107	17	112	159	111	17	174
chr15	82610959	82621748	10790	2	0	10790	6600	4190	1050	357	411	538	466	317	412	360	375	192	314	283	464	290	251	519	498	234	53	371	378	254	67	331	275	249	46	269	404	293	50	417
chr15	82621749	82636748	15000	1	0	15000	8853	6147	1160	448	593	713	562	427	628	530	562	303	523	379	630	417	405	572	612	407	67	509	578	345	74	584	384	361	62	395	573	467	67	661
chr15	82636749	82655992	19244	2	0	19244	10302	8942	1262	521	770	704	665	609	869	567	668	443	733	410	662	407	447	564	694	528	142	616	786	746	286	781	547	661	261	639	682	664	125	783
chr15	82655993	82727747	71755	2	0	71755	36873	34882	3886	1693	2612	2334	2373	2612	3696	2300	2455	1613	3131	1819	1811	1287	1563	1687	2552	2138	448	2067	3473	3131	674	3493	2269	2646	588	2383	2687	2855	418	3059
chr15	82727748	82866747	139000	3	0	139000	78261	60739	10172	3883	5253	5847	4881	4660	6381	4644	5127	2743	5211	3514	4975	2917	3375	4677	5416	3516	849	4422	5672	4148	1037	5452	4176	4136	981	4339	5302	4509	775	6008
chr15	82866748	83061747	195000	2	0	195000	109541	85459	13739	5399	7328	8345	6957	6438	8899	6382	6934	3763	7459	5044	7181	4277	4815	6581	7420	5003	1135	6319	7981	5888	1513	7788	5948	5886	1317	6059	7327	6394	1145	8334
chr15	83061748	83355747	294000	3	0	294000	171946	122054	22394	8491	11596	13807	10946	8862	12036	10597	11333	5529	10088	7764	11615	7230	7813	11844	11645	7126	1575	9767	11091	7692	1955	10726	8252	7544	1730	8236	11452	9102	1356	12804
chr15	83355748	83541747	186000	4	0	186000	107059	78941	13974	5278	7401	8492	6940	5716	7889	6578	7347	3692	6696	4946	6884	3955	4691	6580	7312	4555	983	5791	7330	5452	1144	7082	5453	4712	1062	5382	7028	6288	943	8422
chr15	83541748	83894747	353000	5	0	353000	210949	142051	28199	10445	14441	18095	13957	10423	14044	13065	14398	6611	11395	9546	14626	7984	9166	14554	14489	8008	1624	11342	13091	8532	1615	12290	10044	8060	1409	9595	13863	10928	1340	15819
chr15	83894748	84052747	158000	4	0	158000	95026	62974	12434	4838	6530	7990	6163	4596	6224	6170	6561	2971	5154	4344	6634	3634	4152	6630	6519	3659	645	5216	5865	3761	578	5370	4449	3287	434	4160	6321	4867	529	7313
chr15	84052748	84142747	90000	3	0	90000	55998	34002	7742	2885	3905	4905	3664	2397	3173	3358	3851	1629	2643	2547	4179	2280	2595	4244	3705	1953	391	3142	2947	1672	340	2819	2300	1581	267	2214	3639	2572	318	4141
chr15	84142748	84224747	82000	2	0	82000	42880	39120	4859	2077	2911	2782	2566	3126	4336	2535	2701	1761	3318	1740	2503	1562	1759	2342	3221	2329	528	2448	3767	3585	750	3862	2692	3067	573	2778	2884	2983	417	3236
chr15	84224748	84256172	31425	3	0	31425	17046	14379	2165	890	1147	1186	1057	1074	1514	969	1133	609	1275	718	1033	660	732	883	1212	814	227	980	1284	1148	334	1332	970	1023	255	1064	1148	1113	182	1292
chr15	84256173	84256205	33	3	0	33	23	10	3	1	1	2	0	1	1	2	2	0	1	0	3	1	0	4	2	1	0	0	2	1	0	0	0	0	0	0	0	1	0	2
chr15	84256206	84268946	12741	3	0	12741	7900	4841	1154	408	516	674	525	357	446	501	541	257	382	347	532	288	348	624	559	290	51	410	467	280	35	391	311	219	19	280	492	383	41	611
chr15	84373702	84373727	26	3	0	26	17	9	0	1	0	1	0	0	0	3	1	0	1	2	1	0	1	6	1	0	0	0	0	1	0	1	0	0	0	0	1	1	1	1
chr15	84383001	84412957	29957	3	0	29957	14269	15688	1190	615	1029	691	857	1221	1876	950	947	717	1405	646	531	462	562	569	1039	958	181	837	1662	1562	278	1614	1169	1317	182	1173	1035	1279	153	1248
chr15	84412958	84414485	1528	3	0	1528	868	660	113	54	52	64	56	50	70	44	54	24	68	36	59	34	39	50	62	40	12	48	60	35	10	60	40	49	12	49	58	41	12	71
chr15	84414487	84425064	10578	3	0	10578	5722	4856	752	293	375	393	372	405	506	358	358	204	387	232	332	225	236	293	453	270	83	321	417	370	112	416	355	366	140	371	415	309	61	396
chr15	84425065	84429774	4710	3	0	4710	2496	2214	312	122	166	165	130	152	272	139	158	116	161	77	165	102	106	153	183	115	37	156	205	210	47	213	146	186	35	167	159	165	19	169
chr15	84433468	84433495	28	4	0	28	13	15	0	2	0	0	0	2	1	0	2	0	3	0	0	1	1	0	2	0	2	0	0	0	0	3	0	1	0	1	2	2	0	1
chr15	84443546	84443592	47	4	0	47	13	34	0	0	1	0	0	2	2	1	1	1	3	0	0	0	0	0	1	2	1	0	1	3	6	1	2	6	2	4	1	0	3	1
chr15	84458385	84458428	44	4	0	44	20	24	2	2	0	2	2	0	3	1	1	1	1	3	1	0	1	0	2	0	1	0	2	4	0	1	0	3	1	2	2	1	1	2
chr15	84458864	84458916	53	4	0	53	27	26	1	2	0	1	0	0	3	1	1	2	4	2	2	1	3	4	1	1	1	2	0	3	0	4	2	0	1	1	1	4	0	3
chr15	84460309	84460361	53	4	0	53	32	21	7	1	5	1	1	0	3	0	5	1	1	0	2	2	1	1	2	1	0	1	0	1	1	2	2	1	1	1	0	1	0	6
chr15	84461458	84461508	51	4	0	51	31	20	4	0	0	3	1	3	1	2	1	1	3	2	1	2	2	3	3	2	0	1	4	0	0	1	0	1	0	1	1	2	0	4
chr15	84469731	84469819	89	4	0	89	38	51	3	1	6	0	0	2	4	2	7	0	5	1	0	1	4	1	1	1	0	1	5	9	0	8	2	4	0	6	1	8	0	4
chr15	84491321	84500835	9515	3	0	9515	5422	4093	776	286	340	434	353	308	417	297	351	169	335	232	356	224	227	317	391	247	64	284	353	257	100	364	257	298	106	283	374	272	54	387
chr15	84500836	84500883	48	4	0	48	20	28	2	1	3	0	2	2	5	0	0	1	1	0	2	0	0	0	3	1	0	1	1	1	1	2	4	2	3	6	1	1	0	0
chr15	84500884	84503016	2133	3	0	2133	1094	1039	117	63	81	48	68	90	113	74	69	48	83	45	55	32	56	51	94	44	18	77	85	93	20	84	79	76	28	95	87	68	12	78
chr15	84503017	84503064	48	4	0	48	22	26	1	0	1	2	1	2	2	2	1	3	3	0	1	0	2	0	3	1	0	1	1	2	2	2	1	2	0	3	2	3	0	2
chr15	84503065	84503190	126	3	0	126	50	76	1	1	1	1	2	14	10	6	1	2	8	1	0	0	0	0	7	4	4	2	5	3	1	5	16	5	3	8	5	2	2	4
chr15	84503191	84503246	56	4	0	56	15	41	0	0	0	0	0	6	3	2	0	0	1	2	0	0	0	0	0	2	3	0	4	4	5	1	7	7	2	2	1	1	0	1
chr15	84503247	84504609	1363	3	0	1363	551	812	16	18	36	12	28	71	99	52	29	29	65	23	10	16	27	19	51	36	17	30	88	95	15	83	65	95	18	72	46	56	2	42
chr15	84504610	84504804	195	4	0	195	75	120	1	3	6	2	3	9	10	8	8	5	10	3	0	2	3	1	6	7	2	4	16	18	3	11	5	9	4	8	3	15	1	7
chr15	84504805	84504970	166	3	0	166	67	99	7	4	6	0	3	7	13	1	6	0	12	1	1	2	2	1	2	5	3	3	10	11	3	8	10	9	4	11	2	7	0	10
chr15	84504971	84504991	21	4	0	21	7	14	0	0	1	0	1	0	1	1	0	2	0	1	0	0	0	0	0	1	0	1	1	2	1	1	1	1	0	0	1	2	0	0
chr15	84504992	84505036	45	3	0	45	18	27	1	1	1	0	0	2	2	1	1	2	3	1	1	0	1	0	2	1	0	1	2	5	0	4	0	3	0	1	1	2	2	2
chr15	84505037	84505109	73	4	0	73	27	46	1	0	4	0	2	3	6	0	2	4	5	0	0	0	0	0	3	2	0	2	4	6	1	6	1	4	1	3	3	4	0	4
chr15	84505110	84505628	519	3	0	519	233	286	8	7	14	7	11	41	37	13	14	16	21	5	3	6	10	19	43	10	6	11	26	26	8	20	19	24	7	28	14	19	1	23
chr15	84505629	84505657	29	4	0	29	15	14	5	0	2	1	1	1	0	1	1	0	0	0	1	0	1	0	0	1	0	0	3	1	0	2	1	3	0	1	0	1	0	0
chr15	84505658	84506207	550	3	0	550	237	313	20	10	15	7	10	21	49	13	18	19	20	7	5	9	7	5	22	17	2	18	37	35	8	34	18	31	3	24	17	31	1	15
chr15	84506208	84506241	34	4	0	34	19	15	8	2	0	0	2	1	2	1	0	1	1	1	0	0	0	0	2	1	0	1	2	1	0	2	0	1	0	0	1	2	0	0
chr15	84506242	84516123	9882	3	0	9882	5294	4588	608	282	352	352	282	301	532	313	353	192	507	192	351	210	224	241	394	225	68	298	376	377	64	508	310	323	40	361	349	400	46	449
chr15	84516124	84516309	186	4	0	186	69	117	2	2	3	2	3	6	12	6	4	8	13	4	0	1	3	0	5	5	3	4	9	18	2	12	9	6	5	8	4	12	8	5
chr15	84516310	84517268	959	3	0	959	425	534	44	16	34	17	30	39	59	28	18	23	35	15	19	11	9	27	29	33	5	22	67	86	9	49	32	57	11	42	28	36	3	24
chr15	84517269	84588268	71000	2	0	71000	42452	28548	5966	2112	2928	3467	2687	2133	2831	2538	2823	1280	2412	1846	2997	1662	1893	2875	2865	1691	257	2374	2615	1723	356	2456	1907	1658	271	2014	2802	2078	260	3221
chr15	84588269	85230635	642367	1	0	642367	351379	290988	43675	17091	24734	24516	22570	21452	31180	20457	23053	13278	25804	15547	20718	13125	15325	18854	23812	17241	3488	20405	27756	21874	4886	27823	20069	20691	4202	21057	24022	22532	3370	27758
chr15	85230636	85230708	73	2	0	73	37	36	4	2	1	2	2	3	3	1	2	4	3	2	1	1	2	3	0	6	2	2	4	3	2	3	0	1	0	1	5	2	1	3
chr15	85230709	85230721	13	2	0	13	10	3	3	0	0	2	0	0	1	0	0	1	0	0	1	0	1	0	0	0	0	1	0	0	0	0	0	0	0	0	1	0	0	0
chr15	85230722	85232416	1695	1	0	1695	997	698	127	53	74	70	49	63	69	45	72	34	58	38	77	51	59	57	66	42	15	78	52	54	9	56	44	23	7	49	64	52	9	77
chr15	85232417	85232457	41	2	0	41	28	13	5	0	3	3	1	1	2	1	2	1	1	3	3	1	0	0	0	0	0	2	0	0	0	1	2	0	0	0	3	1	0	3
chr15	85232458	85235992	3535	1	0	3535	1751	1784	224	102	114	124	129	138	130	79	111	74	128	62	100	81	72	81	126	98	47	124	114	171	130	121	119	144	109	106	118	123	40	94
chr15	85235993	85236037	45	2	0	45	30	15	6	1	3	1	1	2	1	1	4	0	2	1	0	0	1	5	1	1	0	1	1	0	0	0	2	0	0	2	1	0	0	5
chr15	85236038	85300268	64231	1	0	64231	31862	32369	3280	1492	2171	1852	1952	2418	3756	1874	2006	1437	2896	1407	1556	1083	1238	1443	2353	1777	452	1848	3113	3207	690	3222	2310	2701	503	2446	2224	2547	431	2544
chr15	85300269	85536268	236000	2	0	236000	139522	96478	18523	7142	9800	11149	8935	7243	9543	8150	9216	4445	8124	6356	9940	5687	6348	8919	9519	5587	1225	8186	8543	5642	1341	8340	6519	5479	1234	6722	9290	7158	1126	10567
chr15	85536269	85932268	396000	3	0	396000	224188	171812	28395	11249	15547	16849	14223	12852	18280	13516	14978	7834	14802	10200	14444	8769	9598	12651	15682	9897	2252	12873	15682	11551	2669	15458	12281	11002	2399	12250	15225	12910	2034	17646
chr15	85932269	86014268	82000	4	0	82000	46053	35947	5203	2286	3313	3347	3103	2756	3676	3174	3152	1732	3092	2192	2691	1681	2019	2635	3356	2139	411	2550	3469	2544	367	3390	2587	2157	284	2524	3297	2929	306	3636
chr15	86014269	86124268	110000	5	0	110000	63734	46266	7606	3243	4562	5049	4299	3293	4640	4139	4431	2149	3936	2973	4123	2419	3007	3863	4361	2689	479	3575	4284	3068	444	4251	3406	2561	368	3291	4320	3729	411	5029
chr15	86124269	86252268	128000	6	0	128000	76247	51753	9441	3818	5344	6449	5130	3655	5073	5025	5335	2475	4420	3740	5146	2767	3385	5044	5159	2870	569	4117	4680	3210	440	4506	3712	2678	361	3480	5332	4078	440	6119
chr15	86252269	86721268	469000	7	0	469000	286451	182549	37087	13825	20279	25334	18615	12772	17395	18572	20098	8740	14851	13474	20725	10799	12944	20940	19137	10136	1791	15072	16149	10402	1437	15829	13019	8834	1137	12442	19050	14445	1542	22126
chr15	86721269	86884268	163000	6	0	163000	98795	64205	12155	4847	6871	8455	6367	4648	6110	6709	6828	3125	5261	4648	6977	3825	4634	7334	6842	3612	654	5337	5732	3712	500	5499	4715	3113	376	4250	6545	5005	522	7790
chr15	86884269	87068268	184000	5	0	184000	114827	69173	15334	5659	7659	10532	7417	4911	6541	7405	7803	3276	5331	5168	8630	4390	5129	9641	7821	3835	746	5835	6014	3708	535	5677	5049	3283	410	4681	7390	5108	613	8467
chr15	87068269	87361268	293000	4	0	293000	181081	111919	23717	8942	12546	16358	11878	7759	10713	11736	12675	5413	8874	8431	13293	6972	8120	13653	12111	6351	1084	9540	10020	5930	757	9486	7962	5158	653	7473	11993	8754	892	13754
chr15	87361269	87461268	1e+05	3	0	1e+05	62995	37005	8756	3043	4231	5971	4094	2496	3410	4025	4374	1700	2894	2901	4777	2399	2841	5083	4076	2115	318	3129	3288	1937	241	3095	2651	1654	212	2419	4010	2854	271	4733
chr15	87461269	87577268	116000	2	0	116000	70754	45246	9098	3582	4789	6283	4656	3264	4380	4591	4908	2202	3668	3213	5090	2669	3197	5162	4789	2620	491	3817	4110	2480	396	3678	3296	2132	351	3095	4696	3432	418	5445
chr15	87577269	87678268	101000	3	0	101000	59838	41162	7232	3006	4268	4894	3953	3038	4166	3858	4026	1958	3503	2756	4189	2274	2763	3954	4157	2309	411	3399	3721	2468	299	3660	3085	2278	258	2873	4051	3093	330	4768
chr15	87678269	87774268	96000	4	0	96000	56187	39813	6707	2735	4014	4525	3652	2780	4122	3763	4020	1945	3372	2677	3602	2047	2546	3679	3751	2247	407	3102	3646	2489	359	3559	3001	2164	277	2796	3918	3153	345	4598
chr15	87774269	87925268	151000	5	0	151000	88645	62355	10712	4296	6479	7245	5821	4605	6127	5831	6256	3039	5235	4195	5943	3143	3841	5877	6114	3494	628	4846	5766	4118	583	5620	4422	3404	445	4189	6082	5071	544	7027
chr15	87925269	88368268	443000	6	0	443000	238276	204724	24001	11456	18196	15963	15457	15274	21930	16168	17166	9612	18214	11696	12992	7868	10303	11979	16891	11703	2320	13297	19758	16607	2479	19696	15028	13334	2007	14915	17152	16895	1906	20735
chr15	88368269	88538268	170000	5	0	170000	94419	75581	10696	4567	6814	6793	6038	5532	8141	5994	6521	3671	6652	4528	5615	3508	4238	5109	6565	4281	850	5582	7058	5490	967	7094	5310	4795	855	5362	6773	6043	748	7808
chr15	88538269	88836268	298000	4	0	298000	159965	138035	18107	7756	11408	11094	10556	10183	14344	9856	10683	6412	12313	7412	9019	5604	6865	8352	11054	8093	1769	9039	13186	11463	2485	13245	9445	9738	1988	9708	11254	11085	1544	12938
chr15	88836269	88929268	93000	3	0	93000	45580	47420	4496	2164	3365	2400	2836	3476	5340	2637	3071	2218	4277	2067	2021	1559	1874	1778	3188	2838	634	2757	4678	4696	1040	4689	3219	3781	887	3379	3204	3788	611	4030
chr15	88929269	89292268	363000	2	0	363000	202969	160031	25798	10093	14098	14914	13281	11712	16822	12069	13229	7258	14149	9315	12594	7554	8870	11212	13693	9354	2020	11550	14962	11115	2569	14957	11227	10892	2103	11637	14002	12242	1912	15795
chr15	89292269	89464268	172000	1	0	172000	84972	87028	8250	3940	6326	4971	5276	6346	9331	5076	5816	3851	7658	3710	4145	2969	3605	3701	6025	4955	1269	4857	8110	8598	2217	8615	5927	7176	1930	6313	5968	6812	1120	7135
chr15	89464269	89545268	81000	2	0	81000	43344	37656	4499	2053	3056	2916	2733	2773	4088	2674	2827	1667	3342	1965	2466	1429	1760	3095	2920	2249	420	2333	3655	3334	542	3802	2702	2745	472	2680	2991	3005	374	3431
chr15	89545269	89812675	267407	1	0	267407	141565	125842	16532	6759	9604	9611	8912	9464	13420	8280	9053	5510	11269	6380	8009	5207	5932	7621	9700	7406	1692	8143	12137	10249	2636	12093	8568	9715	2370	8921	9671	9745	1728	11068
chr15	89812676	90590267	777592	1	0	777592	418971	358621	53617	20223	28246	29090	26972	26878	37812	23784	26156	15811	32091	18835	24431	15651	17671	21701	28041	21102	5164	24256	33925	27148	7860	33626	24613	27441	6544	26008	28867	26868	5226	31932
chr15	90590268	90645403	55136	2	0	55136	30057	25079	3676	1554	2094	2104	1855	1893	2724	1733	2060	1154	2324	1326	1837	1033	1205	1485	2041	1454	371	1768	2309	1727	467	2410	1725	1794	410	1737	2130	1939	363	2432
chr15	90645405	90708268	62864	2	0	62864	33282	29582	4193	1624	2206	2178	2189	2208	3143	1944	2035	1339	2872	1559	1784	1128	1355	1525	2310	1705	418	1866	2866	2297	575	2926	1939	2297	491	2085	2369	2365	374	2697
chr15	90708269	90744758	36490	1	0	36490	21454	15036	3036	1007	1265	1815	1310	1142	1544	1189	1297	642	1338	960	1480	917	955	1556	1438	836	209	1225	1394	874	263	1291	960	1035	253	1020	1394	1077	201	1565
chr15	90744760	90960269	215510	1	0	215510	109149	106361	12769	5094	7217	6754	6850	7890	11829	6163	6563	4690	9289	5033	5652	4000	4387	4967	7342	6158	1726	6448	10194	9136	2822	10052	7469	9100	2451	7888	7728	7810	1703	8334
chr15	90960270	91077269	117000	2	0	117000	64276	52724	7914	3196	4396	4546	4106	3943	5571	3820	4187	2341	4732	2850	3845	2539	2749	3539	4484	3043	798	3694	4869	3782	928	4942	3745	3638	853	3838	4343	4058	735	4974
chr15	91077270	91196269	119000	3	0	119000	69185	49815	8755	3362	4910	5481	4593	3612	4992	4430	4745	2368	4350	3182	4415	2606	2970	4413	4767	2860	626	3695	4522	3150	608	4408	3605	2831	536	3562	4733	3847	506	5558
chr15	91196270	91533269	337000	4	0	337000	200811	136189	25788	10108	13804	16906	13256	10129	13389	12703	13903	6415	11441	9294	13658	7607	8694	13715	13896	7986	1702	10675	12395	8156	1405	11818	9708	7130	1126	9138	13478	10502	1377	15696
chr15	91533270	91752269	219000	5	0	219000	129504	89496	15475	6427	9169	10829	8497	6881	8717	8530	9154	4234	7424	6021	8774	4853	5733	8786	8890	5372	1030	7102	8402	5402	835	7807	6381	4646	688	6107	8952	7026	827	10027
chr15	91752270	92073269	321000	6	0	321000	180587	140413	20775	9002	12752	13404	11600	10626	14616	12013	12505	6607	11855	8462	11053	6688	7806	10823	12938	8066	1917	10002	12767	9787	1952	12833	10482	8531	1684	10023	12668	10955	1637	14169
chr15	92073270	92200269	127000	5	0	127000	69434	57566	7411	3401	5137	4831	4402	4289	6277	4708	5040	2711	4842	3232	3928	2552	2965	3707	4852	3436	771	3893	5438	4343	768	5393	4371	3620	608	4247	5015	4543	579	5688
chr15	92200270	92441269	241000	4	0	241000	136434	104566	15951	6855	9959	10472	9033	7266	10597	8798	9759	4848	8778	6565	8494	5048	6107	7903	9113	6009	1310	7585	9838	7626	1425	9530	7365	6277	1176	7360	9378	8506	1101	10966
chr15	92441270	92528269	87000	3	0	87000	47878	39122	5050	2396	3604	3422	3128	2913	4045	3208	3488	1803	3358	2299	2806	1627	2040	2689	3335	2277	482	2645	3821	3068	485	3734	2780	2525	331	2690	3358	3238	374	3979
chr15	92528270	92641269	113000	2	0	113000	61951	51049	7129	3055	4621	4378	4074	3769	5335	3855	4457	2446	4427	2811	3523	2042	2519	3510	4335	2895	708	3373	4916	4107	722	4784	3548	3305	615	3598	4234	4221	539	5147
chr15	92641270	92992269	351000	1	0	351000	201531	149469	27675	10125	13442	15911	13270	10867	14970	11330	12552	6682	12887	9127	13656	7907	8751	12378	13263	8804	2180	11335	13628	9446	2845	13280	10243	10003	2626	10568	13303	10946	2131	14867
chr15	92992270	93056819	64550	2	0	64550	33526	31024	3678	1700	2389	2156	2057	2407	3441	1993	2276	1408	2565	1465	1913	1232	1263	1582	2448	1817	550	1932	2931	2606	714	2873	2241	2352	595	2250	2277	2349	485	2603
chr15	93056821	93105270	48450	2	0	48450	24550	23900	2708	1281	1817	1524	1655	1681	2427	1436	1658	1094	2024	1055	1309	803	1011	1067	1655	1395	402	1407	2192	2203	725	2186	1702	1887	612	1701	1650	1822	374	1985
chr15	93105271	93183270	78000	3	0	78000	41630	36370	4812	2026	2878	2914	2815	2679	3833	2656	2846	1700	3266	2004	2157	1440	1667	1936	2965	2029	563	2288	3436	2809	709	3338	2573	2561	634	2648	3009	2894	542	3371
chr15	93183271	93282270	99000	4	0	99000	54988	44012	6797	2700	3745	4162	3544	3463	4471	3312	3802	1974	4028	2511	3261	1914	2267	3035	3931	2449	666	3005	4041	3166	804	3943	3081	2850	690	3071	3737	3489	596	4493
chr15	93282271	93388270	106000	5	0	106000	58827	47173	7325	2902	4127	4470	3904	3593	4804	3565	4049	2135	4083	2738	3546	2049	2438	3097	4055	2719	747	3158	4325	3374	868	4278	3419	3125	753	3347	4069	3627	640	4669
chr15	93388271	93483270	95000	6	0	95000	54234	40766	6775	2772	3911	4151	3637	3059	4076	3439	3844	1917	3338	2484	3352	2018	2244	3216	3829	2404	586	2947	3779	2806	616	3600	2868	2458	509	2781	3735	3133	473	4241
chr15	93483271	93591270	108000	7	0	108000	65100	42900	8449	3283	4435	5619	4287	3191	4175	4276	4453	1998	3472	2966	4596	2568	2794	4536	4551	2436	558	3495	3830	2484	456	3533	3198	2231	374	2865	4350	3152	404	4983
chr15	93591271	93816270	225000	8	0	225000	135549	89451	17562	6813	9281	11778	9058	6306	8781	8673	9382	4223	7201	6253	9432	5258	5862	9686	9371	5159	1030	7040	8018	5266	927	7659	6511	4562	755	6093	8918	6883	924	10333
chr15	93816271	94494270	678000	9	0	678000	416547	261453	55387	20588	28060	36780	26406	19229	24660	26794	28160	12416	20718	18807	30860	16615	18548	32517	28767	14613	3397	22071	22575	14299	2688	21646	18559	12911	2392	17434	27188	19385	2693	30835
chr15	94494271	94662270	168000	8	0	168000	101827	66173	12821	5008	7022	8986	6569	4829	6306	6498	7048	3195	5632	4574	7399	3852	4617	7470	6835	3688	794	5566	5869	3827	584	5628	4705	3307	491	4429	6793	5086	615	7955
chr15	94662271	95037270	375000	7	0	375000	229383	145617	30519	11192	15849	20568	14662	10486	14004	14334	15770	6825	11842	10392	17177	8717	9975	17070	15340	8038	1719	12122	12528	8099	1522	12333	10338	7517	1292	9939	15280	10828	1445	17276
chr15	95037271	95178270	141000	6	0	141000	87219	53781	11787	4422	5790	7891	5681	3915	5080	5609	5900	2561	4331	3879	6522	3403	3791	6656	6076	2992	613	4620	4707	2904	493	4342	3816	2559	430	3557	5685	3991	522	6473
chr15	95178271	95273270	95000	5	0	95000	58973	36027	8157	2931	4100	5315	3862	2487	3319	3707	4101	1720	2916	2568	4383	2152	2613	4640	3867	2001	326	3096	3187	1987	302	3044	2549	1787	234	2342	3772	2745	322	4466
chr15	95273271	95437270	164000	6	0	164000	101369	62631	13734	5121	6816	9168	6546	4638	5802	6418	6941	2838	5021	4513	7617	4018	4356	7821	7054	3347	774	5440	5396	3448	654	5064	4361	3051	575	4153	6592	4716	667	7338
chr15	95437271	95607270	170000	5	0	170000	105930	64070	14342	5219	7394	9725	6634	4653	5864	6607	7328	2987	5101	4783	8376	4060	4652	8203	7123	3410	821	5565	5290	3378	671	5344	4517	3101	464	4186	6828	4794	662	7916
chr15	95607271	95694270	87000	4	0	87000	53642	33358	7327	2655	3729	4848	3459	2418	3154	3463	3728	1485	2627	2442	4045	2093	2274	3893	3734	1772	374	2772	2881	1826	338	2733	2396	1659	265	2326	3483	2521	325	3953
chr15	95694271	95782270	88000	3	0	88000	55770	32230	7707	2620	3754	5444	3460	2345	2869	3570	3780	1485	2540	2461	4578	2169	2374	4613	3704	1706	340	2869	2743	1697	264	2596	2300	1476	236	2032	3497	2421	308	4040
chr15	95782271	96081270	299000	2	0	299000	182866	116134	24713	9310	12703	16389	11843	8846	10859	11488	12964	5406	9194	8091	13595	6828	7779	12856	12534	6447	1580	9829	10062	6507	1319	9486	8357	5777	1054	7526	12084	8643	1235	13694
chr15	96081271	96310270	229000	3	0	229000	136751	92249	18115	6854	9687	11640	8966	6783	8832	8644	9406	4236	7664	6226	9809	5072	5887	8930	9071	5215	1194	7464	8248	5492	1104	7833	6734	5059	915	6386	9171	6911	1063	10387
chr15	96310271	96397270	87000	4	0	87000	46602	40398	6069	2413	3404	3518	3041	2545	3610	2485	3370	1771	3578	1981	2924	1471	1961	2460	2933	2126	701	2440	3267	3605	1412	3557	2620	2973	1332	2731	2861	3137	877	3825
chr15	96397271	96398057	787	5	0	787	449	338	58	26	31	33	32	21	43	28	35	14	23	25	22	13	21	22	27	17	1	29	35	21	1	32	27	24	4	23	36	27	0	34
chr15	96398058	96488269	90212	5	0	90212	53889	36323	7258	2735	3697	4729	3526	2710	3434	3283	3671	1654	2936	2445	3964	1975	2248	3623	3584	2091	536	2863	3179	2231	580	2990	2595	1993	506	2468	3596	2666	450	3994
chr15	96488270	96611269	123000	6	0	123000	74626	48374	9891	3646	5187	6620	4830	3520	4719	4696	5139	2296	3909	3326	5483	2801	3218	5344	5034	2662	552	4015	4200	2855	484	4108	3594	2479	414	3307	4937	3651	478	5603
chr15	96611270	96735269	124000	7	0	124000	76555	47445	10248	3868	5250	6977	4997	3394	4453	4940	5271	2265	3673	3383	5827	2890	3317	5802	5195	2586	596	4040	4095	2619	474	3824	3481	2329	372	3240	5012	3479	512	5589
chr15	96735270	96941269	206000	8	0	206000	124707	81293	16303	6139	8769	10772	8150	5808	7538	8087	8654	3904	6574	5752	8876	4710	5472	9198	8353	4445	1070	6693	7107	4783	914	6927	5797	4190	772	5357	8325	6313	870	9376
chr15	96941270	97831269	890000	9	0	890000	554417	335583	74025	27371	37040	51416	35676	24213	31222	35606	37947	15951	26410	25024	42203	21660	24225	44426	37844	18662	4013	28676	28838	17776	3118	27093	24038	15500	2684	22008	35997	24887	3329	41120
chr15	97831270	97974269	143000	8	0	143000	85753	57247	11028	4315	5827	7552	5585	4216	5580	5589	5932	2673	4501	3745	6177	3224	3760	6048	6034	3093	755	4546	5022	3294	692	4850	4348	3115	671	3976	5566	4356	632	6296
chr15	97974270	98024315	50046	7	0	50046	28936	21110	3408	1397	1968	2221	1800	1878	2109	2030	1930	1012	1795	1252	1856	1185	1148	1945	2365	1283	296	1528	1995	1348	228	1824	1485	1195	158	1416	1973	1569	194	2253
chr15	98024317	98184270	159954	7	0	159954	92819	67135	11386	4560	6515	7412	6077	5100	6763	6092	6498	3181	5623	4271	5912	3515	3978	5935	6640	3795	839	5082	6174	4356	799	5930	4845	3793	655	4653	6373	5315	671	7214
chr15	98184271	98274270	90000	6	0	90000	52891	37109	6623	2588	3621	4386	3476	2737	3741	3610	3581	1906	3048	2426	3538	1966	2244	3400	3688	2152	464	2893	3447	2332	410	3170	2698	1982	289	2621	3730	2893	368	3970
chr15	98274271	98354270	80000	5	0	80000	44836	35164	5198	2296	3113	3382	2917	2693	3651	2980	3122	1668	3002	2127	2752	1527	1854	2553	3216	1971	530	2467	3334	2492	502	3090	2574	2128	429	2511	3118	2827	423	3551
chr15	98354271	98445270	91000	4	0	91000	49351	41649	5651	2420	3539	3543	3260	3200	4304	3206	3464	1963	3600	2355	2778	1720	1933	2413	3538	2379	652	2734	4004	3139	780	3790	3006	2734	623	2887	3422	3461	535	3965
chr15	98445271	98916270	471000	3	0	471000	264921	206079	34290	13730	18605	19539	17321	15955	21141	16006	17885	9351	17322	11929	16667	9830	10747	14602	18912	11997	3199	14758	18823	14288	3630	18290	14835	12976	3225	14658	17852	15770	2756	20109
chr15	98916271	99078629	162359	2	0	162359	87392	74967	10520	4440	6074	6034	5675	5767	8050	5248	5974	3461	6330	4001	4900	3162	3497	4257	6277	4415	1216	4923	7104	5689	1588	6705	5287	5212	1328	5457	6072	5770	1058	6866
chr15	99078631	99084844	6214	2	0	6214	3969	2245	593	174	267	417	307	149	182	253	258	105	153	201	293	144	156	317	250	128	19	175	233	107	20	163	145	115	20	152	262	173	13	268
chr15	99084845	99086913	2069	2	0	2069	1131	938	134	53	71	79	78	102	95	68	65	40	76	49	59	57	48	56	99	65	12	76	110	59	12	71	53	64	15	71	81	64	13	72
chr15	99089941	99090214	274	2	0	274	144	130	16	7	14	6	11	11	10	17	13	5	11	10	3	1	5	3	10	9	1	4	12	11	1	14	10	8	0	10	16	10	0	13
chr15	99090216	99091644	1429	2	0	1429	765	664	79	31	53	65	59	52	82	48	54	25	60	38	36	26	19	37	53	41	3	37	72	49	8	56	48	50	6	62	68	46	5	59
chr15	99091646	99091679	34	2	0	34	14	20	0	1	1	0	0	2	2	1	1	0	1	3	1	1	0	0	0	0	1	2	2	3	1	1	2	2	0	0	1	2	0	1
chr15	99091681	99095298	3618	2	0	3618	1959	1659	231	97	134	135	137	139	157	114	111	68	136	108	118	80	100	93	137	96	27	123	166	107	38	153	98	143	29	118	146	118	26	133
chr15	99095299	99097664	2366	2	0	2366	1171	1195	94	56	84	61	71	87	143	70	75	56	103	58	56	49	58	49	79	70	19	80	123	114	20	111	84	93	19	90	85	91	10	106
chr15	99097666	99097713	48	2	0	48	18	30	0	1	2	0	1	0	2	1	2	1	4	0	0	0	1	1	0	1	0	1	3	7	2	3	0	4	0	2	1	3	0	3
chr15	99097715	99098745	1031	2	0	1031	517	514	52	22	44	23	33	45	58	32	33	31	50	23	23	18	15	14	48	29	10	30	43	45	11	44	35	31	5	45	42	39	8	48
chr15	99098747	99098766	20	2	0	20	7	13	0	0	0	0	0	1	4	0	0	0	0	0	0	2	0	0	1	0	1	1	0	1	1	0	3	1	0	2	0	0	0	0
chr15	99098768	99104150	5383	2	0	5383	2711	2672	273	125	211	181	175	209	264	170	199	112	195	125	144	79	119	128	174	149	33	169	268	275	74	239	194	198	62	206	182	234	39	176
chr15	99104161	99104556	396	2	0	396	206	190	45	7	3	11	9	17	21	9	5	3	24	7	7	6	1	30	14	8	4	7	17	10	8	18	13	23	13	15	11	12	7	9
chr15	99104581	99105901	1321	2	0	1321	369	952	18	9	16	9	14	32	80	11	13	33	86	8	7	9	12	10	14	26	29	14	54	70	99	66	60	138	158	84	10	55	44	31
chr15	99105903	99162294	56392	2	0	56392	29884	26508	3286	1508	2119	1987	1819	1977	2909	1843	2110	1234	2266	1346	1685	1051	1236	1506	2028	1512	447	1783	2443	2108	568	2475	1920	1933	429	1906	2157	2041	390	2368
chr15	99162295	99291294	129000	3	0	129000	77004	51996	10608	3865	5198	6361	5062	3830	5176	4740	5000	2411	4224	3396	5361	3190	3336	5245	5453	2925	669	4248	4737	3049	634	4411	3591	3010	553	3684	5027	3847	566	5591
chr15	99291295	99391294	1e+05	4	0	1e+05	62193	37807	8890	3192	4219	5656	3977	2747	3705	3660	4185	1694	2826	2619	4905	2556	2786	4575	4240	2126	479	3344	3243	1943	367	3099	2743	1954	325	2618	3863	2629	359	4474
chr15	99391295	99459294	68000	3	0	68000	34346	33654	3692	1619	2402	2203	2208	2438	3766	2161	2425	1528	2897	1549	1591	1049	1283	1535	2354	1929	569	1782	3296	3062	761	3211	2491	2655	596	2548	2432	2685	474	2807
chr15	101951479	101951940	462	4	0	462	246	216	21	13	25	9	14	17	26	20	24	10	14	21	9	6	9	6	25	12	3	6	19	16	2	19	18	10	0	16	16	18	3	33
chr15	101951952	101952179	228	4	0	228	116	112	13	5	11	4	7	7	15	6	10	7	9	5	3	5	5	3	8	8	0	8	12	14	0	8	6	7	0	9	10	5	2	14
chr15	101952181	101952223	43	4	0	43	19	24	1	2	2	0	1	2	1	2	1	0	2	0	1	2	1	0	1	5	0	0	3	3	0	4	2	2	0	0	0	1	0	2
chr15	101952225	101952310	86	4	0	86	53	33	4	2	4	3	5	3	4	4	0	3	4	5	4	3	1	2	6	1	0	4	1	1	0	2	5	0	0	1	4	2	0	6
chr15	101952312	101952359	48	4	0	48	29	19	4	1	2	3	1	1	2	5	2	0	1	1	2	0	1	1	2	1	0	0	2	1	0	1	3	2	0	3	2	0	0	2
chr15	101952361	101952562	202	4	0	202	131	71	18	7	8	13	9	5	8	9	7	4	10	8	11	4	1	8	8	3	0	9	6	3	0	4	5	1	0	2	12	5	0	12
chr15	101952569	101952744	176	4	0	176	86	90	7	3	7	2	3	7	13	1	4	7	10	5	4	1	8	2	5	5	0	8	7	3	1	11	8	5	2	9	4	9	3	10
chr15	101952757	101952822	66	4	0	66	33	33	2	1	3	0	1	1	3	6	1	1	7	4	2	0	0	0	2	1	0	0	2	0	0	5	1	3	0	6	6	3	0	3
chr15	101952824	101952870	47	4	0	47	25	22	3	1	3	2	2	0	3	1	5	1	1	0	0	0	1	1	1	0	0	1	1	3	0	2	2	2	0	2	2	2	0	3
chr15	101952872	101953019	148	4	0	148	61	87	1	6	4	0	2	6	12	1	4	6	7	1	4	1	5	0	5	3	3	8	7	12	1	11	5	6	0	7	4	11	0	3
chr15	101953021	101953078	58	4	0	58	26	32	1	2	4	0	2	0	3	0	1	3	5	0	3	1	0	0	0	3	0	2	3	5	0	6	0	1	0	1	2	5	0	3
chr15	101953086	101953128	43	4	0	43	23	20	2	0	0	2	1	3	3	1	1	1	4	1	0	0	0	2	3	0	0	1	2	1	0	1	1	2	0	1	3	1	0	4
chr15	101953130	101953383	254	4	0	254	118	136	4	5	10	3	6	18	20	4	9	6	11	4	3	4	4	7	14	8	1	10	10	10	3	13	16	10	0	10	8	8	1	12
chr15	101953385	101953402	18	4	0	18	11	7	0	2	1	0	1	0	0	0	0	0	1	1	2	0	0	1	0	1	0	1	1	1	0	1	0	0	0	0	0	1	0	1
chr15	101953404	101953496	93	4	0	93	35	58	0	0	6	2	4	3	4	2	3	0	6	2	1	0	1	0	1	2	0	0	6	9	1	8	5	8	1	5	2	5	0	4
chr16	10001	29499	19499	3	0	19499	8876	10623	790	420	618	413	561	761	1250	508	559	515	921	380	331	248	341	259	618	635	181	510	980	1085	319	1069	807	953	288	802	674	780	172	749
chr16	29500	57969	28470	2	0	28470	13536	14934	1327	612	899	683	822	1333	1646	736	769	705	1356	577	602	457	529	482	1121	859	303	824	1343	1347	427	1482	1103	1280	368	1069	970	1114	268	1055
chr16	57971	58797	827	2	0	827	355	472	14	20	37	6	19	34	65	16	34	21	35	15	10	13	8	7	28	25	13	22	49	32	13	52	27	51	11	43	30	37	9	29
chr16	58799	69501	10703	2	0	10703	4151	6552	151	151	280	90	210	493	775	291	245	332	547	187	66	121	127	84	323	374	124	276	603	817	282	611	505	627	208	490	338	496	124	353
chr16	69502	74382	4881	1	0	4881	1823	3058	72	56	127	56	93	212	347	101	116	160	235	80	30	36	73	29	148	174	35	107	261	463	169	291	194	313	96	215	150	233	38	169
chr16	74383	88773	14391	1	0	14391	5640	8751	345	221	405	164	294	637	999	318	371	380	712	242	125	129	196	100	389	508	160	310	851	1094	378	893	578	920	299	665	431	694	137	444
chr16	88775	111798	23024	1	0	23024	10896	12128	1163	502	686	511	691	1062	1467	598	583	547	1073	488	424	339	396	365	847	757	204	642	1221	1107	289	1194	953	1079	219	924	797	868	164	862
chr16	111799	273177	161379	1	0	161379	78043	83336	9455	3781	4635	4454	4799	6595	8726	4168	4405	3741	7464	3496	3666	2757	3023	2878	5653	4900	1803	4518	7489	7603	3075	7637	5623	7217	2797	5913	5523	6084	1720	5779
chr16	273178	1229237	956060	1	0	956060	382510	573550	28341	16343	23196	13701	20671	45040	63412	20502	21904	26514	46467	16039	10665	10237	11364	8114	30245	32769	14541	20579	52908	70718	27970	53142	38475	59752	21337	40188	27997	41499	10898	30530
chr16	1229238	3181029	1951792	1	0	1951792	869284	1082508	83849	39700	55979	41024	51889	82388	118397	47261	51759	48642	93895	37970	33055	26520	30372	26583	63037	61404	23875	48934	100107	113474	43306	102331	74054	103915	37255	78548	62737	80426	20274	68830
chr16	3181031	3276499	95469	1	0	95469	49863	45606	6276	2420	3334	3331	3195	3346	4685	2666	3253	2109	4167	2270	2638	1870	2019	2283	3348	2726	821	2850	4160	3691	1284	4236	2969	3369	1191	3161	3415	3586	840	3958
chr16	3276500	3495499	219000	2	0	219000	117267	101733	14515	5976	7963	7846	7614	7487	10706	6703	7546	4596	9209	5356	6626	4426	5027	5669	7942	5883	1558	7102	9418	7566	2375	9334	7033	7551	2114	7150	8118	7693	1577	9319
chr16	3495500	3552227	56728	1	0	56728	29834	26894	3487	1400	1935	1966	1825	2049	2906	1799	1858	1238	2445	1452	1620	989	1186	1677	2009	1512	478	1677	2560	2021	624	2500	1867	2095	602	1956	2143	2077	434	2339
chr16	3552228	5069498	1517271	1	0	1517271	752039	765232	87184	36466	48767	44037	48288	59028	84269	42048	45184	34038	67913	34098	35798	25892	29409	29619	52925	44737	13837	43925	73393	66724	21709	72153	53650	65502	18788	56654	53665	57017	12926	57626
chr16	5069499	5147498	78000	2	0	78000	38992	39008	4164	1938	2595	2320	2616	2982	4367	2366	2446	1744	3475	1850	1790	1285	1529	1524	2737	2347	651	2214	3850	3332	929	3622	2843	3216	797	2954	2901	2838	601	3175
chr16	5147499	5203758	56260	3	0	56260	29700	26560	3415	1466	1990	1899	2025	2072	2833	1861	1783	1250	2402	1495	1548	1069	1198	1393	2144	1654	381	1678	2567	2152	529	2466	1869	1889	396	1904	2211	2018	326	2375
chr16	5203759	5203809	51	4	0	51	14	37	0	0	0	0	0	0	0	0	0	0	14	0	0	0	0	0	0	0	0	0	0	13	0	8	0	0	0	0	0	8	0	6
chr16	5203810	5212498	8689	3	0	8689	4860	3829	595	244	341	332	325	303	403	311	314	200	360	218	278	163	198	273	357	224	44	285	351	237	56	347	295	237	40	264	339	293	52	408
chr16	5212499	5300498	88000	4	0	88000	47943	40057	5688	2359	3309	3384	3346	3033	4147	3214	3164	1862	3520	2353	2543	1695	1901	2423	3426	2406	520	2597	3923	3128	623	3651	2919	2646	526	2793	3473	3145	445	3836
chr16	5300499	5419498	119000	5	0	119000	65391	53609	7242	3211	4673	4536	4161	4243	5611	4538	4408	2607	4805	3182	3850	2340	2628	3354	4721	3245	779	3656	5159	3842	737	4886	3969	3256	584	3773	4705	4281	614	5402
chr16	5419499	5503498	84000	6	0	84000	45233	38767	4660	2097	3362	3091	2861	2939	4014	3141	3255	1813	3682	2412	2434	1520	1812	2140	3101	2319	561	2388	3692	2974	516	3796	2802	2402	424	2628	3360	3283	462	4057
chr16	5503499	5573498	70000	7	0	70000	38925	31075	4258	1941	2693	2789	2559	2432	3244	2651	2565	1499	2767	1926	2299	1453	1558	2290	2843	1899	417	2166	2970	2305	383	2784	2243	1809	343	2155	2830	2429	341	3157
chr16	5573499	5742498	169000	8	0	169000	93984	75016	10346	4544	6599	6731	6159	5862	7728	6664	6286	3618	6616	4640	5429	3606	3876	5279	6859	4480	1056	5235	7106	5233	995	6758	5640	4455	794	5243	6808	5925	845	7583
chr16	5742499	6173498	431000	9	0	431000	244375	186625	28011	12076	16783	18624	15656	14498	18747	16785	16448	8662	16054	11919	15379	9343	10414	14974	17383	11239	2735	13222	17556	12662	2465	16943	13655	10706	2065	12910	17092	15019	2049	18924
chr16	6173499	6650498	477000	10	0	477000	280788	196212	34659	14033	19194	22604	17804	15015	18888	19125	19060	9165	16505	13293	18967	11218	11908	19348	20101	11292	2908	15130	17670	11939	2457	17052	14300	10269	2045	13026	18762	15618	2356	21287
chr16	6650499	6779498	129000	9	0	129000	76699	52301	9603	3848	5002	6404	4904	4247	4908	5316	5059	2392	4228	3786	5291	3147	3301	5261	5584	3173	765	4112	4820	3171	598	4405	3788	2603	517	3300	5183	4047	612	5623
chr16	6779499	7210498	431000	10	0	431000	253584	177416	32395	12917	16887	20272	16244	13900	17623	16567	16812	8126	15013	11918	17020	9977	10601	17310	18104	10457	2673	13686	15919	10651	2167	15378	13251	9462	1850	11949	17061	13545	2152	19111
chr16	7210499	7402498	192000	9	0	192000	112119	79881	13504	5616	7804	8808	7156	6246	7835	7670	7673	3715	6658	5488	7399	4411	4710	7424	8147	4568	1266	6007	7099	4924	966	6948	5926	4180	853	5463	7735	6265	945	8589
chr16	7402499	7454741	52243	10	0	52243	29381	22862	3438	1487	1991	2217	1892	1773	2340	1972	1961	1046	1986	1436	1841	1116	1252	1631	2133	1299	379	1611	2088	1564	327	2038	1735	1397	308	1554	2022	1757	284	2366
chr16	7454742	7766497	311756	10	0	311756	182140	129616	21870	9206	12704	14601	12102	9745	12645	12279	12361	6129	10409	8781	12048	7227	8154	11877	12854	7544	1841	10068	11710	8224	1605	11102	9742	7059	1305	8882	12465	9814	1541	13860
chr16	7766498	7942497	176000	9	0	176000	105637	70363	13171	5238	7253	9007	6850	5281	6632	7002	7109	3258	5835	5028	7539	4094	4522	7817	7301	4079	864	5627	6299	4340	736	5996	5092	3525	603	4670	7073	5427	781	7949
chr16	7942498	8120497	178000	8	0	178000	106345	71655	14045	5361	7211	9008	6958	5302	6889	6780	7315	3247	6186	4981	7307	3958	4480	7315	7077	4165	965	5661	6410	4175	850	6139	5250	3762	742	4730	7192	5472	829	8236
chr16	8120498	8235497	115000	7	0	115000	67296	47704	8471	3346	4566	5510	4411	3711	4758	4353	4575	2192	4047	3139	4436	2534	2804	4442	4628	2876	648	3631	4470	2841	587	4144	3564	2638	479	3245	4572	3687	538	5155
chr16	8235498	8325497	90000	6	0	90000	52271	37729	6221	2639	3744	4138	3402	2848	3689	3454	3723	1765	3314	2416	3396	1968	2320	3234	3583	2259	481	2897	3434	2476	383	3441	2720	2011	300	2525	3656	2988	370	4203
chr16	8325498	8423497	98000	5	0	98000	56986	41014	6621	2843	3912	4544	3707	3116	4032	3912	3839	1928	3519	2748	3753	2196	2464	3850	3961	2477	515	3130	3843	2664	459	3537	3023	2200	376	2795	3940	3162	466	4466
chr16	8423498	8515497	92000	4	0	92000	53161	38839	6491	2542	3856	4224	3600	2865	3861	3445	3640	1790	3425	2659	3382	1964	2206	3210	3577	2223	512	2849	3636	2453	417	3473	2833	2186	381	2783	3725	3117	430	4243
chr16	8515498	8586919	71422	3	0	71422	38714	32708	4060	1820	2658	2786	2484	2815	3365	2688	2815	1531	3341	1839	1965	1263	1469	1813	2526	1857	465	2581	3005	2364	455	2954	2250	1986	420	2318	3572	2571	404	2980
chr16	8593071	8594240	1170	2	0	1170	689	481	86	33	42	64	47	32	38	49	43	17	47	35	49	24	33	50	43	28	7	28	53	35	5	44	29	32	1	33	41	42	3	55
chr16	8594241	8894642	300402	2	0	300402	155851	144551	17680	7723	10588	9857	10247	11132	15650	9316	9778	6529	12956	7463	8142	5562	6342	6884	11034	8524	2315	9073	14039	11895	3135	13528	10131	11047	2559	10545	11141	11131	2063	12391
chr16	8894643	9084642	190000	1	0	190000	100897	89103	13142	4985	6247	6981	6793	7083	9495	5647	5821	3963	7982	4631	5598	3614	4208	4705	6850	5374	1463	5958	8620	6254	2142	8025	6433	7032	1954	6601	7115	6381	1553	7348
chr16	9084643	9188642	104000	2	0	104000	55356	48644	6991	2760	3694	3780	3696	3900	5021	3164	3432	2144	4219	2469	3104	2116	2239	2625	4018	2922	793	3187	4600	3754	1092	4462	3359	3692	1096	3405	3804	3540	801	4119
chr16	9188643	9257642	69000	3	0	69000	37739	31261	4289	1818	2751	2586	2475	2434	3301	2548	2591	1449	2762	1879	2088	1317	1570	1879	2740	1837	365	2076	3019	2222	364	3088	2249	2054	361	2204	2750	2580	336	3016
chr16	9257643	9317642	60000	4	0	60000	33365	26635	3675	1732	2397	2413	2383	2036	2821	2184	2223	1207	2577	1633	1936	1102	1390	1656	2359	1486	336	1896	2455	1716	291	2390	1959	1562	257	2286	2650	2087	290	2613
chr16	9317643	9387642	70000	5	0	70000	39647	30353	4612	1912	2792	3088	2666	2304	3146	2631	2722	1449	2701	1863	2404	1399	1642	2315	2764	1778	319	2203	2896	2185	326	2758	2252	1793	258	2085	2834	2409	257	3235
chr16	9387643	9496642	109000	6	0	109000	63218	45782	7414	3048	4540	5036	4021	3359	4607	4214	4494	2213	4262	3006	4109	2365	2659	3870	4289	2653	552	3490	4030	3004	449	4233	3382	2275	346	3103	4500	3784	449	5242
chr16	9496643	9601642	105000	7	0	105000	60116	44884	6943	2948	4261	4651	4074	3303	4525	4116	4092	2213	3940	2993	3693	2186	2697	3480	4221	2460	594	3375	4115	2914	464	3982	3336	2601	430	3153	4345	3500	480	4913
chr16	9601643	9860642	259000	8	0	259000	151782	107218	18245	7552	10540	12281	9777	7931	10526	10266	10419	5143	9299	7251	10176	5511	6595	10268	10383	6188	1351	8216	9831	6882	1156	9415	7749	5739	853	7343	10537	8475	1114	11986
chr16	9860643	9983642	123000	7	0	123000	71989	51011	8491	3659	4962	5877	4656	3918	4983	4946	5034	2339	4399	3498	4809	2678	3182	4557	5014	2981	638	3961	4750	3185	523	4433	3707	2673	408	3467	5032	4052	521	5665
chr16	9983643	10078642	95000	6	0	95000	54352	40648	6188	2689	3747	4126	3521	3251	4038	3842	3628	1873	3524	2685	3413	2166	2370	3291	4002	2454	530	2992	3832	2718	406	3641	3059	2234	363	2706	3759	3191	419	4340
chr16	10078643	10173642	95000	5	0	95000	54260	40740	6190	2750	3876	4103	3526	2982	4158	3728	3685	1854	3564	2683	3519	1964	2313	3364	3730	2344	502	2974	3828	2837	391	3735	3023	2344	328	2917	3813	3267	421	4285
chr16	10173643	10254642	81000	4	0	81000	43120	37880	4857	2099	2966	2916	2803	2959	3946	2766	2800	1700	3519	2059	2378	1472	1821	2059	2959	2274	527	2470	3651	2873	690	3544	2755	2630	680	2747	3109	2981	497	3491
chr16	10254643	10359642	105000	3	0	105000	57728	47272	7735	2782	3754	4080	3932	3604	4957	3155	3402	2100	4330	2662	3282	2084	2513	3355	3663	2994	612	3302	4657	3282	804	4509	3313	3507	716	3418	4014	3469	686	4325
chr16	10359643	10515642	156000	2	0	156000	92579	63421	12783	4805	5921	7804	6287	4538	6279	5291	5714	2892	5070	4189	6529	3638	4150	6688	6023	3998	814	5037	6031	3755	906	5607	4377	3911	757	4339	5964	4635	829	6437
chr16	10515643	10728642	213000	1	0	213000	112842	100158	11466	5124	7083	7856	6900	8497	10579	6838	6877	4252	9014	5837	6286	4507	4768	6957	8499	6068	1414	6400	9660	8764	1720	9718	6783	6808	1524	6819	7871	8222	1380	8507
chr16	10728643	10907642	179000	2	0	179000	93063	85937	10668	4505	6227	5805	6098	6882	9408	5697	5805	3960	7757	4477	4634	3233	3730	4175	6668	5228	1156	5529	8670	6999	1636	8078	5931	6522	1382	6139	6816	6634	1172	7377
chr16	10907643	11031642	124000	3	0	124000	64943	59057	7179	3173	4682	4193	4199	4554	6483	4076	4384	2715	5008	2971	3465	2334	2627	2900	4687	3427	901	3761	5600	4880	1121	5511	4322	4392	998	4378	4703	4414	810	5150
chr16	11031643	11161642	130000	2	0	130000	67048	62952	7363	3348	4963	3927	4336	5009	7080	4220	4563	2880	5315	2922	3340	2316	2717	2747	5036	3693	921	3903	6142	5349	1087	6049	4577	4823	849	4843	4890	4762	747	5281
chr16	11161643	11399489	237847	1	0	237847	116100	121747	11980	5550	7969	6257	7492	9545	13657	7252	7274	5438	10911	5334	5010	3875	4376	4179	8591	7071	1921	6825	12047	11178	2838	11944	8691	10381	2358	8944	8616	9377	1763	9201
chr16	11399491	11454643	55153	1	0	55153	26967	28186	2661	1344	1715	1498	1747	2135	3259	1788	1682	1315	2515	1260	1128	879	1055	986	2038	1736	457	1442	2813	2612	576	2822	2035	2272	449	2160	2042	2203	407	2120
chr16	11454644	11582643	128000	2	0	128000	64931	63069	7429	3051	4239	3928	4168	5219	6853	3987	3953	2769	5628	3207	3097	2359	2422	2622	4848	3854	1071	3624	6386	5575	1307	6021	4273	4995	1094	4462	4720	4864	938	5035
chr16	11582644	11809485	226842	1	0	226842	120129	106713	15503	5853	7799	8089	7644	8069	11400	6733	7389	4679	9508	5339	6708	4601	4916	5899	8254	6174	1797	6977	9982	8323	2604	9964	7324	8422	2307	7669	8285	7954	1662	9013
chr16	11809486	12005642	196157	1	0	196157	107186	88971	14934	5400	6611	7628	7053	6988	9372	5656	6124	3794	8064	5029	6462	4338	4619	5113	7092	5496	1513	6419	8370	5631	2056	8217	6066	6818	1868	6412	7541	6330	1523	7618
chr16	12005643	12166642	161000	2	0	161000	85231	75769	10068	4309	5787	5494	5677	5920	8309	5275	5446	3425	6689	4001	4466	3181	3369	3814	6009	4563	1300	4963	7256	5339	1545	6968	5689	5627	1348	5600	6227	5580	1131	6623
chr16	12166643	12268642	102000	3	0	102000	54339	47661	6056	2842	3701	3485	3680	3821	5277	3443	3529	2298	4235	2530	2818	2039	2146	2437	4138	2819	840	3203	4579	3479	848	4221	3510	3204	653	3575	3994	3625	613	4360
chr16	12268643	12412642	144000	4	0	144000	77077	66923	8430	3987	5456	4945	4974	5427	7218	5236	5203	3210	5872	3833	4211	2708	2981	3386	5837	4086	1040	4368	6514	4906	1083	6136	4746	4452	893	4742	5758	5195	884	6281
chr16	12412643	12558642	146000	5	0	146000	76114	69886	7751	3805	5383	4660	4893	5608	7786	5053	5182	3269	6055	3605	3773	2719	3128	3442	5755	4068	1195	4383	6662	5523	1199	6505	5292	4995	967	5230	5631	5303	943	6235
chr16	12558643	12930642	372000	4	0	372000	205302	166698	25107	10200	13907	14864	13686	12865	17574	12858	13146	7664	14399	9851	12139	7757	8588	10696	14285	10054	2442	11704	15986	11718	2687	15159	12128	11165	2319	11990	14584	12613	2248	15615
chr16	12930643	13050642	120000	5	0	120000	68403	51597	7728	3385	4713	5354	4528	3925	5260	4633	4729	2366	4497	3304	4194	2563	2943	4279	4922	3043	577	3697	4967	3598	516	4751	3654	3051	413	3512	4803	4140	500	5453
chr16	13050643	13228642	178000	6	0	178000	101016	76984	11405	4984	7072	7671	6677	5869	7628	6986	7036	3546	6968	5001	6014	3658	4525	5975	7230	4505	898	5423	7316	5239	797	7108	5533	4465	694	5224	7081	6251	781	8438
chr16	13228643	13358642	130000	7	0	130000	75972	54028	9233	3833	5569	6103	5038	3861	5146	4900	5441	2558	4749	3676	5026	2814	3299	4725	5095	3215	666	4089	4965	3652	534	4973	3649	2848	447	3470	5236	4409	547	6232
chr16	13358643	13554642	196000	6	0	196000	114380	81620	13897	5752	8138	9150	7492	6143	8097	7564	8033	3766	6946	5569	7515	4246	4907	7164	7925	4826	981	6175	7602	5188	852	7255	5861	4450	683	5507	7908	6433	822	9151
chr16	13554643	13668642	114000	5	0	114000	66624	47376	8333	3248	4530	5570	4429	3492	4668	4200	4501	2236	4127	3145	4418	2463	2838	4425	4521	2702	671	3545	4304	2917	623	4157	3420	2716	534	3256	4543	3666	594	5206
chr16	13668643	13756642	88000	4	0	88000	52620	35380	6729	2620	3576	4399	3509	2552	3379	3473	3534	1625	2965	2520	3552	2051	2437	3698	3528	2068	406	2846	3245	2059	353	3050	2558	1885	308	2429	3582	2695	335	4032
chr16	13756643	13859642	103000	3	0	103000	59172	43828	7153	2913	4272	4556	3933	3209	4341	3894	4117	2085	3977	2786	3691	2231	2490	3524	3964	2551	577	3346	4182	2837	498	3854	3141	2420	429	3062	4089	3562	496	4818
chr16	13859643	14090642	231000	2	0	231000	133279	97721	16861	6706	8798	10581	8841	7241	9841	8326	8607	4451	8324	6183	8638	5146	5704	9030	9187	5750	1355	7252	9257	6235	1460	8587	6897	6148	1249	6778	8907	7406	1202	10050
chr16	14090643	14595642	505000	1	0	505000	288313	216687	38479	14518	19142	22293	18500	16475	22554	17169	18126	9754	18316	12883	19327	11464	12356	16957	20068	12559	3095	16489	19944	14553	3466	19269	15365	14254	3094	15451	19321	15866	2733	21158
chr16	14595643	14658642	63000	2	0	63000	34713	28287	4784	1703	2143	2547	2221	2147	2921	1914	1979	1269	2578	1578	2193	1407	1539	1789	2299	1727	488	2012	2619	1792	651	2565	1920	2096	646	2066	2365	2012	491	2537
chr16	14658643	14798642	140000	3	0	140000	73482	66518	8917	3551	4520	4949	4997	5341	7169	4410	4342	2960	6178	3627	3681	2613	2946	3280	5139	4089	954	4283	6443	4981	1481	6213	4687	5158	1230	4753	5648	4890	1003	5565
chr16	14798643	14878642	80000	2	0	80000	44512	35488	5114	2161	2917	3317	2753	2890	3652	2668	2824	1585	3006	2120	2818	1842	1864	2979	3267	2182	553	2476	3317	2582	661	3196	2385	2319	562	2452	2994	2673	554	3315
chr16	14878643	14955642	77000	1	0	77000	36702	40298	3709	1740	2391	2059	2291	3168	4276	2261	2300	1795	3578	1741	1600	1217	1280	1295	2704	2250	910	2056	3731	3851	1367	3722	2829	3519	1138	2806	2732	3050	691	2941
chr16	14955643	15167642	212000	2	0	212000	111730	100270	14129	5551	7291	7548	7218	7757	10624	6325	6761	4469	8615	5049	6411	4177	4420	5384	7835	5817	1845	6457	9325	7792	2759	8839	7051	7907	2410	7338	7713	7200	1664	8317
chr16	15167643	15306642	139000	3	0	139000	77940	61060	9015	3848	5393	5858	5220	4511	6155	5048	5149	2828	5598	3820	4730	2810	3362	4594	5200	3635	804	4358	5843	4451	824	5529	4345	3726	625	4324	5545	4835	717	6298
chr16	15306643	15703642	397000	2	0	397000	215664	181336	27142	10702	14140	15103	14475	14297	19201	12580	13175	8262	16506	10143	12295	7838	9063	10742	14819	11005	2775	12500	17456	12617	3342	16702	12962	12975	2987	13108	15315	13520	2652	16599
chr16	15703643	15916642	213000	1	0	213000	112411	100589	13623	5501	7599	7185	7583	7670	10593	6756	6795	4433	9293	5573	5906	4089	4831	4980	7429	6145	1514	6605	10052	7506	1891	9532	7078	7639	1720	7383	8042	7691	1565	8796
chr16	15916643	16279642	363000	2	0	363000	188843	174157	22019	9411	12289	11832	12549	14018	19165	11245	11200	7845	15338	9128	9783	6992	7619	8409	13601	10827	2724	11114	17350	13633	3516	16360	12456	13477	3015	12572	13570	12921	2655	14365
chr16	16279643	16348642	69000	3	0	69000	32650	36350	3246	1577	2107	1818	2024	2842	3861	2038	2063	1615	3124	1553	1415	1081	1145	1141	2428	2020	863	1804	3366	3502	1290	3324	2567	3211	1071	2547	2402	2749	642	2562
chr16	16348643	16483642	135000	4	0	135000	69022	65978	7290	3325	4519	4375	4445	5243	7081	4294	4291	3037	6072	3247	3483	2280	2708	3331	5009	3876	1185	3815	6297	5524	1597	6099	4683	5142	1273	4830	5074	4974	963	5636
chr16	16483643	16708642	225000	5	0	225000	127103	97897	16060	6178	8239	9748	8380	7367	9993	8098	8001	4406	8825	6123	7783	4747	5461	7693	8475	5847	1324	7052	9482	6650	1414	8912	7075	6386	1182	6742	8806	7575	1162	9812
chr16	16708643	16798642	90000	6	0	90000	52720	37280	6435	2665	3512	4231	3522	2796	3675	3414	3452	1750	3181	2487	3434	1955	2354	3855	3649	2257	434	2826	3585	2330	427	3227	2685	2109	315	2565	3488	2873	406	4104
chr16	16798643	16918642	120000	7	0	120000	68774	51226	8340	3426	4761	5307	4685	3814	5071	4565	4643	2464	4583	3331	4164	2579	3028	4011	4825	3043	582	3833	4889	3500	562	4551	3623	2785	489	3523	4798	4174	513	5536
chr16	16918643	17076642	158000	6	0	158000	92396	65604	11731	4661	6124	7396	6206	4961	6536	5985	5999	2988	5459	4335	5975	3669	4060	6310	6577	3840	891	4971	6108	4228	731	5702	4768	3769	682	4555	6235	4932	664	6950
chr16	17076643	17228642	152000	7	0	152000	83673	68327	9102	4141	5867	5974	5543	5163	7264	5853	5727	3262	5819	4191	4711	3096	3573	4386	5909	4146	917	4690	6569	4904	886	6297	5146	4243	729	4891	6199	5363	792	6645
chr16	17228643	17312642	84000	8	0	84000	45169	38831	4591	2224	3226	3102	2940	2944	4171	3015	3055	1854	3458	2264	2556	1591	1934	2243	3221	2251	554	2587	3698	2943	590	3609	2877	2544	509	2816	3274	3103	477	3777
chr16	17312643	17566642	254000	7	0	254000	138318	115682	15886	6928	9623	9680	9117	8778	12136	9067	9153	5379	10155	6781	7960	4817	5727	7130	9662	6785	1735	7720	11125	8512	1996	10530	8389	7744	1600	8415	9921	9122	1449	10976
chr16	17566643	17687642	121000	8	0	121000	70749	50251	8731	3483	5004	5758	4706	3647	4991	4576	4887	2330	4323	3336	4651	2606	3035	4684	4774	2958	596	3738	4624	3244	517	4547	3646	2790	446	3494	4876	3939	487	5574
chr16	17687643	17847642	160000	9	0	160000	93136	66864	11484	4690	6403	7532	6111	4953	6648	6199	6499	3118	5790	4525	6015	3354	4058	5755	6566	3803	807	4939	6110	4299	777	5911	4806	3695	651	4568	6429	5300	721	7482
chr16	17847643	18041642	194000	8	0	194000	113223	80777	13614	5717	7670	9114	7359	5937	7916	7451	7622	3743	6903	5531	7520	4451	5033	7642	7804	4789	1065	6189	7560	5207	981	7073	5562	4544	777	5425	7737	6282	945	8835
chr16	18041643	18119642	78000	7	0	78000	44750	33250	5149	2187	3184	3496	2944	2495	3330	2998	3113	1535	2887	2190	2810	1605	2006	2819	3084	1952	374	2412	3082	2301	344	3004	2479	1841	299	2353	3123	2637	327	3638
chr16	18119643	18436189	316547	6	0	316547	166168	150379	18464	8122	10876	11235	10760	11669	15721	10529	10455	6894	13298	7920	9019	5829	6678	8698	11756	8738	2717	9303	14263	12351	3540	13660	10732	11289	2873	10589	11928	11436	2182	13021
chr16	18518725	18522177	3453	6	0	3453	1786	1667	198	97	161	81	115	124	183	102	137	76	121	108	86	67	60	69	126	97	36	105	165	129	37	149	104	112	34	130	129	141	31	141
chr16	18522178	18647177	125000	5	0	125000	69114	55886	8242	3402	4524	5090	4488	4468	5866	4122	4383	2502	4960	3263	4145	2673	2906	4079	4955	3417	764	3909	5334	4023	939	5109	3918	3744	762	3904	4737	4221	815	5334
chr16	18647178	18778177	131000	4	0	131000	73352	57648	9314	3593	4764	5549	4867	4273	5943	4613	4680	2534	5373	3448	4358	2695	3145	4202	4867	3482	709	4037	5594	3975	829	5422	4131	3842	703	4022	5104	4521	665	5744
chr16	18778178	18859177	81000	3	0	81000	47836	33164	6629	2546	3252	3879	3170	2533	3262	2727	3081	1493	2560	2064	3426	2019	2069	3126	3332	1928	551	2779	2886	1857	614	2699	2380	1981	593	2364	3094	2290	514	3300
chr16	18859178	19126177	267000	2	0	267000	147351	119649	20300	7143	9396	10896	9730	9163	12413	8189	8547	5281	10840	6797	9157	5577	6177	7743	9739	7312	1735	8378	11446	8037	2541	10948	8305	8900	2216	8627	10005	8723	1864	10873
chr16	19126178	19290177	164000	3	0	164000	88897	75103	10006	4370	6124	6172	5931	5735	7966	5769	5669	3467	6708	4264	5066	3183	3778	4689	6155	4471	943	5186	7372	5781	1095	7020	5386	5206	964	5415	6488	5810	854	6955
chr16	19290178	19580177	290000	4	0	290000	163300	126700	20743	8023	11011	12515	10944	9303	13148	9884	10231	5703	11222	7843	10374	5928	6950	9478	10645	7483	1593	9236	12415	8568	1839	11680	9007	8546	1616	9071	11212	9905	1539	12343
chr16	19580178	20058177	478000	5	0	478000	263982	214018	32096	13219	17893	19339	17580	16229	22602	16326	16783	9660	19022	12448	16088	9669	10977	14050	18021	12664	2963	15128	20645	15236	3501	19248	15410	14641	2893	15754	18661	16089	2799	20364
chr16	20058178	20234177	176000	6	0	176000	100168	75832	11357	4936	7243	7641	6559	5783	7525	6801	6999	3632	6786	4842	6262	3508	4402	5892	7069	4253	934	5603	7164	5078	803	6837	5503	4267	762	5298	6931	6285	825	8218
chr16	20234178	20623177	389000	7	0	389000	219613	169387	24266	10487	15954	16227	14398	12570	17529	14754	15060	8132	14911	10727	13210	8008	9541	13838	15234	9861	1706	12396	16266	11931	1844	15721	12065	10325	1382	11825	15686	13645	1506	17993
chr16	20623178	20720177	97000	6	0	97000	57798	39202	7301	2845	4054	4752	3706	2915	3878	3704	3781	1923	3164	2615	4164	2155	2618	4223	3979	2410	356	3093	3768	2409	327	3545	2788	2186	241	2615	3667	3044	311	4461
chr16	20720178	20896177	176000	5	0	176000	104314	71686	13859	5446	7205	8427	6919	4920	7358	6252	6737	3320	5767	4660	7422	4298	4873	6849	6893	4215	753	6123	6610	4358	802	6292	5095	4242	679	5140	6851	5247	736	7650
chr16	20896178	21042556	146379	4	0	146379	81904	64475	10324	3981	5487	6085	5442	4920	6613	5003	5129	2884	5832	3911	4981	3093	3415	4803	5478	3858	880	4662	6225	4337	1028	5875	4468	4443	908	4557	5807	4827	868	6253
chr16	21042558	21362178	319621	4	0	319621	180266	139355	22489	8923	12036	13868	12083	10492	14224	11141	11443	6373	12202	8579	11302	6729	7855	10526	12072	8453	1821	10171	13315	9457	2145	12500	9931	9019	1951	9923	12622	10488	1763	13723
chr16	21362179	21525178	163000	3	0	163000	88789	74211	11585	4304	5707	6455	5775	5752	7755	5231	5341	3350	6517	4147	5350	3452	3522	4545	6112	4424	1175	5147	6907	5306	1746	6615	5156	5455	1474	5338	6338	5389	1227	6401
chr16	21525179	21647178	122000	2	0	122000	66611	55389	8661	3301	4374	4761	4424	4230	5907	3772	3993	2436	4864	3055	4019	2497	2880	3436	4426	3296	854	3888	5267	3702	1132	4982	3961	4213	1112	4207	4680	3872	848	4948
chr16	21647179	22046178	399000	3	0	399000	226790	172210	29534	11297	15142	17345	14954	13075	17584	13744	14048	7801	15006	10635	14783	8859	9712	13270	15311	10308	2230	13182	16213	11263	2835	15333	12132	11224	2467	12221	15701	12849	2232	16708
chr16	22046179	22347178	301000	2	0	301000	160792	140208	19621	7801	10672	10814	10591	10563	15232	9376	9650	6247	12579	7522	9047	5877	7036	8162	10879	8414	1876	9319	13745	10781	2519	13453	9906	10661	2228	10429	11233	10642	1805	12318
chr16	22347179	22414178	67000	3	0	67000	38915	28085	5491	1941	2586	3072	2566	2008	2845	2187	2288	1252	2438	1768	2744	1609	1756	2363	2504	1612	392	2302	2551	1581	485	2504	1986	1959	468	1994	2565	1969	387	2825
chr16	22414179	22684178	270000	4	0	270000	151818	118182	19296	7380	10172	11458	10055	9265	12066	9409	9419	5397	10424	7188	9536	5763	6330	8659	10515	7108	1568	8614	11162	7981	1956	10587	8506	7702	1618	8436	10612	8895	1566	11355
chr16	22684179	22753178	69000	5	0	69000	39723	29277	4760	2061	2734	3111	2708	2218	2996	2539	2625	1330	2466	1906	2573	1499	1772	2424	2767	1756	298	2287	2852	1880	354	2577	2169	1680	243	2086	2673	2347	289	3018
chr16	22753179	22961178	208000	6	0	208000	119188	88812	14088	5721	8735	9292	7809	6555	8953	7846	8310	4220	7605	5745	7629	4309	5149	7221	8245	5009	1004	6547	8244	6118	984	8096	6430	5103	893	6258	8245	7211	883	9541
chr16	22961179	23080178	119000	5	0	119000	67455	51545	7799	3302	4833	5178	4536	3886	5310	4575	4624	2503	4482	3267	4153	2362	2845	3800	4681	2932	600	3840	5010	3605	530	4555	3758	3034	412	3711	4858	4129	524	5364
chr16	23080179	23195178	115000	4	0	115000	66040	48960	8563	3372	4644	5093	4408	3543	4871	3917	4426	2249	4193	3065	4274	2452	2927	4041	4420	2848	642	3706	4451	3203	785	4372	3421	3034	728	3417	4448	3726	619	5140
chr16	23195179	23459178	264000	3	0	264000	141103	122897	16600	6793	9540	9529	9479	9750	13196	8574	8695	5273	11371	6677	7688	4963	5806	7168	9637	7490	1522	8129	12503	9210	1879	11734	8753	9170	1697	9156	10106	9456	1560	10894
chr16	23459179	23778178	319000	4	0	319000	171289	147711	20972	8598	11322	11392	11485	11224	15992	9815	10285	6642	13401	7868	9542	6668	7393	8689	11936	8989	2029	10179	14276	10648	2841	13832	10319	10961	2562	10942	11984	10999	2058	13155
chr16	23778179	23876178	98000	5	0	98000	55226	42774	6989	2670	3850	4008	3631	3265	4307	3348	3690	1922	3916	2614	3207	2025	2412	3372	3782	2471	522	3105	3989	3084	601	3916	2954	2708	528	2970	3826	3327	495	4494
chr16	23876179	24103178	227000	6	0	227000	127606	99394	15060	6200	9091	9436	8319	7682	10238	8439	8698	4583	8644	6243	7710	4534	5505	7223	8780	5753	1234	7232	9617	7045	1100	9196	7257	6061	944	7006	9023	8099	1002	10044
chr16	24103179	24280178	177000	7	0	177000	100453	76547	11986	4833	7347	7559	6695	5648	7646	6540	6741	3525	6897	4961	6302	3570	4394	5808	6781	4376	898	5521	7041	5287	954	7018	5642	4589	758	5557	7065	6048	823	8188
chr16	24280179	24382178	102000	6	0	102000	55983	46017	6434	2733	4082	3922	3786	3526	4848	3453	3664	2096	4343	2666	3287	1946	2380	2815	3833	2700	527	3242	4344	3254	609	4397	3365	3028	521	3428	4072	3622	489	4586
chr16	24382179	24468178	86000	5	0	86000	48046	37954	6175	2394	3234	3577	3397	2798	3974	2949	2966	1727	3512	2303	2842	1725	1988	2485	3185	2348	412	2698	3817	2662	432	3552	2713	2491	417	2717	3403	2961	403	3741
chr16	24468179	24576178	108000	4	0	108000	61262	46738	8189	3112	4151	4620	4046	3481	4739	3421	3752	2125	4294	2819	4085	2267	2660	3500	4066	2687	634	3598	4291	3184	828	4206	3188	3092	653	3319	4141	3546	583	4721
chr16	24576179	25198178	622000	3	0	622000	347225	274775	45841	17199	22845	25461	22585	21497	29073	20416	21435	12207	24378	15980	21483	13150	14736	18937	23743	16221	3850	20239	26159	18090	4602	24819	19740	19131	4268	19913	23929	20228	3782	26061
chr16	25198179	25301178	103000	4	0	103000	56849	46151	7111	2758	3914	3983	3749	3490	4780	3444	3714	2083	4153	2699	3193	2128	2463	3186	3831	2744	609	3275	4467	3169	790	4187	3189	3171	740	3330	3976	3529	625	4518
chr16	25301179	25386178	85000	5	0	85000	50077	34923	6446	2468	3360	4138	3326	2639	3422	3226	3277	1602	3000	2374	3363	1881	2184	3370	3388	2070	361	2771	3352	2272	363	3030	2517	1980	284	2281	3356	2695	318	3884
chr16	25386179	25481178	95000	6	0	95000	56571	38429	7222	2664	3879	4707	3644	2810	3789	3749	3822	1773	3277	2765	3784	2168	2543	3975	3772	2143	413	3087	3552	2288	339	3398	2790	2123	280	2605	3878	3023	338	4398
chr16	25481179	25594178	113000	7	0	113000	65903	47097	8327	3315	4577	5231	4424	3406	4764	4285	4442	2277	4018	3115	4258	2392	2900	4170	4455	2786	509	3640	4473	2952	479	4229	3373	2648	396	3305	4578	3747	442	5085
chr16	25594179	25823178	229000	8	0	229000	134495	94505	16989	6687	9486	10956	8818	7117	9234	8683	9354	4359	7845	6361	8956	5071	5870	8707	9393	5392	1154	7295	8533	5859	1209	8269	6840	5233	982	6427	9086	7386	1003	10444
chr16	25823179	25993178	170000	9	0	170000	97836	72164	11286	4915	6851	7607	6387	5508	7295	6891	6707	3429	6093	4840	6279	3630	4241	5876	7026	4216	845	5394	6929	4608	755	6377	5299	4035	595	5015	6828	5810	737	7694
chr16	25993179	26321178	328000	10	0	328000	194683	133317	23293	9408	13480	16245	12566	9927	13211	13078	13417	6424	11384	9408	13149	7411	8750	13530	13410	7790	1492	10478	12234	7820	1194	11596	9561	6905	1005	9199	13577	10329	1175	15552
chr16	26321179	26372359	51181	9	0	51181	29404	21777	3387	1429	2133	2282	1893	1675	2266	1864	2108	995	1996	1384	1843	1061	1279	1808	2040	1300	224	1596	2011	1310	227	2037	1589	1215	176	1568	2058	1760	193	2472
chr16	26372360	26372396	37	6	0	37	29	8	21	0	0	0	1	0	0	0	0	2	3	0	0	0	0	0	0	0	1	1	0	0	1	0	0	0	0	0	2	1	0	2
chr16	26372397	26670178	297782	9	0	297782	176089	121693	21659	8768	12084	14602	11638	8991	12121	11735	12072	5637	10218	8594	11743	6543	7691	11991	12140	7162	1332	9305	11497	7371	1152	10473	8870	6426	977	8467	11979	9534	1139	13869
chr16	26670179	26890178	220000	8	0	220000	124743	95257	14227	5953	8830	9242	7893	7412	9667	8383	8777	4328	8728	6207	7355	4459	5311	7970	8810	5298	1130	6913	9076	6462	1041	8752	6873	5420	895	6546	8596	8151	968	10325
chr16	26890179	26983178	93000	7	0	93000	52594	40406	5968	2488	3648	3909	3400	3110	4167	3638	3569	1941	3653	2592	3077	1918	2230	3285	3787	2340	440	2890	3898	2810	438	3623	2910	2312	368	2834	3719	3307	378	4351
chr16	26983179	27076178	93000	6	0	93000	50069	42931	5567	2501	3381	3469	3356	3251	4629	3258	3288	1979	3940	2400	2707	1714	2021	2606	3502	2547	585	2811	4227	3285	652	4095	3146	2924	474	3076	3620	3503	495	3989
chr16	27076179	27165178	89000	5	0	89000	48316	40684	5404	2393	3357	3458	3306	3342	4261	3078	3221	1831	3625	2292	2681	1657	1954	2454	3328	2619	476	2800	4204	3101	547	3766	2921	2677	444	2832	3534	3221	415	3799
chr16	27165179	27522178	357000	4	0	357000	185265	171735	20174	8885	12799	11726	12020	13407	18934	11549	11874	7837	15189	8776	9515	6295	7403	8881	13258	9962	2542	10662	16816	14060	3335	16245	12414	13152	2870	12742	13422	13282	2296	14676
chr16	27522179	27708178	186000	5	0	186000	99011	86989	11470	4746	6795	6520	6443	6752	9714	5967	6145	4007	7780	4544	5474	3521	4248	4883	6895	5075	1139	5918	8419	6570	1368	8401	6470	6570	1197	6491	7092	6543	1114	7727
chr16	27708179	27997178	289000	4	0	289000	148115	140885	15546	6738	10442	9359	9556	10607	15676	9741	9950	6444	13153	7373	7033	4475	5653	6369	10347	7995	1879	8043	14183	12399	2284	13808	10101	10756	1843	10325	10949	11525	1698	12748
chr16	27997179	28141178	144000	3	0	144000	74106	69894	7980	3628	5132	4574	4949	5661	7564	4686	4665	3221	6233	3607	3720	2447	2891	3146	5572	3988	1131	4266	6848	5918	1353	6501	5129	5186	1202	5073	5311	5528	908	5980
chr16	28141179	28491178	350000	2	0	350000	181433	168567	22099	8706	11734	11452	12058	13266	17941	10287	10524	7402	15939	8440	9311	6613	7575	8085	12518	10156	2431	10882	16244	13229	3849	16168	11685	13490	3428	12181	13104	12615	2628	13958
chr16	28491179	28592178	101000	1	0	101000	50461	50539	5839	2370	3268	2881	3261	3900	5648	2699	2938	2203	4935	2400	2320	1732	2035	2031	3450	2978	787	2990	4943	4228	1102	5069	3440	4244	1081	3751	3675	3892	832	4076
chr16	28592179	28660178	68000	2	0	68000	34674	33326	3933	1604	2211	2226	2271	2568	3564	2121	2069	1557	3024	1652	1701	1219	1365	1589	2389	2096	503	1960	3201	2861	860	3237	2303	2650	652	2311	2631	2551	463	2656
chr16	28660179	28697964	37786	3	0	37786	19221	18565	2500	896	1083	1229	1330	1513	2059	1007	933	770	1845	913	945	664	744	789	1237	1169	259	1177	1915	1345	471	1754	1320	1686	415	1355	1437	1285	293	1446
chr16	28697973	28698005	33	6	0	33	3	30	0	0	0	0	0	0	2	0	0	1	0	0	0	0	0	0	0	1	0	0	1	10	5	0	0	6	2	2	1	0	0	0
chr16	28698006	28698040	35	6	0	35	5	30	0	0	0	0	0	1	1	0	0	1	2	0	0	0	0	0	0	1	1	0	2	7	6	2	0	4	1	1	0	3	0	0
chr16	28698047	28698093	47	6	0	47	12	35	0	0	1	0	0	2	2	0	1	0	4	0	0	1	1	0	0	0	0	2	1	6	3	4	1	7	3	1	2	2	0	1
chr16	28698094	28698234	141	3	0	141	26	115	0	0	1	0	0	3	6	0	1	4	9	0	0	1	1	0	0	3	3	2	4	30	19	8	2	18	6	4	3	9	0	2
chr16	28698235	28698246	12	6	0	12	1	11	0	0	0	0	0	0	1	0	0	0	0	0	0	0	0	0	0	0	0	0	1	0	3	0	0	3	1	1	0	0	0	0
chr16	28698247	28698354	108	6	0	108	26	82	0	0	1	0	0	4	6	1	1	2	8	1	0	1	1	0	0	3	1	2	6	22	6	8	1	12	3	4	4	6	0	2
chr16	28698363	28728178	29816	3	0	29816	15603	14213	1960	781	996	963	1041	1112	1438	833	870	606	1380	766	828	620	662	746	1047	876	248	948	1357	1004	378	1323	946	1091	356	1016	1074	1091	268	1189
chr16	28728179	28799178	71000	2	0	71000	36146	34854	4430	1728	2213	2263	2402	2792	3730	2105	2079	1542	3298	1721	1722	1242	1379	1499	2545	2106	519	2133	3299	2726	984	3271	2448	2914	837	2431	2737	2534	584	2785
chr16	28799179	29000178	201000	1	0	201000	96531	104469	10673	4359	6206	5240	6241	7759	11174	5195	5391	4527	10037	4585	4173	3234	3821	3916	6305	6158	1639	5777	10290	9896	3075	10305	6839	9347	2749	7547	6934	8164	1833	7609
chr16	29000179	29362178	362000	2	0	362000	181387	180613	19375	8662	11838	11067	11284	15218	19755	11743	11680	8303	15631	8762	8603	5682	6479	7304	13779	10385	3463	10238	17546	15747	4777	16315	13274	14309	3538	12864	13401	13944	2746	14286
chr16	29362179	31233178	1871000	1	0	1871000	933025	937975	109785	43813	61181	56175	60132	69402	99904	50642	55228	40446	87584	43725	45809	32932	38055	38210	60921	55620	14998	55054	89387	81625	27029	91074	63031	80523	24011	67719	66741	71347	16018	72877
chr16	31233179	31316178	83000	2	0	83000	46627	36373	6157	2283	3159	3439	3270	2764	3699	2849	3019	1556	3205	2272	2591	1675	1926	2762	3125	2212	467	2474	3559	2474	525	3342	2627	2396	465	2654	3271	2817	445	3519
chr16	31316179	31376178	60000	3	0	60000	30776	29224	3337	1437	2184	1933	1958	2438	3047	1886	2198	1361	2680	1470	1398	945	1138	1365	2267	1809	451	1654	2754	2626	651	2845	2016	2029	483	1928	2292	2412	384	2622
chr16	31376179	31484178	108000	4	0	108000	52844	55156	5614	2418	3519	3098	3272	4224	6007	3036	3318	2427	5147	2402	2446	1707	2089	2118	3642	3234	848	3052	5265	5255	1444	5389	3780	4574	1330	4048	3852	4290	880	4273
chr16	31484179	31638178	154000	5	0	154000	87702	66298	11159	4564	5778	6999	6035	4753	6812	5469	5922	3111	5399	3942	5383	3284	3627	5464	6223	3914	792	4782	6227	4715	1128	5866	4578	4194	1002	4502	6041	5113	754	6466
chr16	31638179	31746178	108000	6	0	108000	62977	45023	8157	3217	4063	5223	4246	3601	4652	4033	4159	2086	3508	2871	4097	2297	2576	4189	4661	2681	515	3344	4381	3030	530	3821	3241	2726	461	3008	4249	3325	424	4626
chr16	31746179	31931178	185000	7	0	185000	111205	73795	15001	5741	7321	9479	7383	5411	7408	7148	7637	3619	5642	5125	7521	4220	4809	7738	8011	4290	789	5901	6794	4538	816	6162	5076	3933	644	4817	7470	5549	705	8300
chr16	31931179	32073178	142000	8	0	142000	79888	62112	9812	3750	4917	6408	4922	5143	6568	5170	5174	3083	5418	3624	4979	2828	3135	4956	6118	3674	779	4233	5697	4876	909	5705	4233	3778	737	4073	5756	4859	657	6027
chr16	32073179	32209178	136000	9	0	136000	81843	54157	11338	3854	5157	7561	5207	4056	4985	5484	5525	2460	4078	3769	5840	3163	3364	6001	5776	2923	855	3979	4462	3224	1142	4283	3933	3160	1049	3538	5561	3804	684	5783
chr16	32209179	32231178	22000	10	0	22000	13566	8434	1758	671	867	1223	816	595	779	859	876	399	704	542	1068	590	588	1230	912	481	120	741	721	452	109	722	580	439	109	526	836	632	104	949
chr16	32231179	32509178	278000	9	0	278000	163153	114847	22284	7903	10673	13755	10548	8396	11702	10976	11382	5093	9051	7760	10401	5599	6629	10999	10889	6328	1279	8496	10548	7422	1628	10046	8203	7633	1454	7634	11982	8261	1165	11879
chr16	32509179	32641178	132000	10	0	132000	80350	51650	13100	4568	5411	6331	5393	4453	5650	4869	6716	1962	4012	4287	4200	1944	2957	4495	6035	2387	449	4056	4611	2795	352	3931	3616	2406	357	3677	6103	4101	408	6366
chr16	32641179	32911178	270000	9	0	270000	155172	114828	19680	7255	10081	13005	9635	8687	11461	10707	10569	5399	9113	7031	10137	5682	6228	10501	11108	6382	1665	7868	9969	8188	2154	10111	8195	7551	1906	7618	11218	8301	1307	11286
chr16	33625033	33721032	96000	8	0	96000	55031	40969	7080	2786	3679	4395	3705	3039	4409	3427	3590	1936	3160	2461	3565	2033	2319	3445	3946	2374	437	3037	3887	2858	509	3738	3070	2765	497	2704	3678	2995	385	4089
chr16	33721033	33805032	84000	9	0	84000	52579	31421	7141	2485	3241	5075	3127	2313	2931	3481	3542	1476	2506	2341	4132	2099	2188	4499	3586	1668	394	2725	2491	1698	464	2470	2191	1527	387	1955	3585	2230	333	3717
chr16	33805033	33923032	118000	8	0	118000	67206	50794	8155	3182	4160	5485	4170	4147	5467	4352	4425	2493	4467	3067	4232	2381	2563	4460	5102	2924	580	3596	4675	3845	678	4528	3593	2994	476	3349	4765	3963	540	5184
chr16	34964129	35618128	654000	10	0	654000	380819	273181	47026	18647	24575	31607	24618	20888	28420	24987	24715	13583	22242	17184	25497	14349	15772	26708	28161	16008	2856	20441	25221	18974	3286	24141	19141	16258	2967	18002	26390	20382	2527	28425
chr16	35618129	35797128	179000	9	0	179000	104064	74936	14316	5431	6494	8527	6929	5628	7672	6478	7712	3741	5834	5051	5810	3067	5237	6136	7687	4380	655	5145	7131	5570	844	6571	4623	4654	606	4731	7266	5513	769	8790
chr16	35797129	35824128	27000	10	0	27000	16353	10647	2290	834	1105	1396	991	811	1129	944	1045	522	897	636	1300	585	683	1184	1129	599	113	911	959	627	86	919	767	595	79	763	1020	770	88	1221
chr16	35824129	35956128	132000	9	0	132000	82803	49197	12419	4448	5412	7422	5736	3907	4540	5284	6023	2153	3671	3871	5523	2934	3521	5938	5986	2865	449	4142	4439	2463	326	3903	3389	2196	262	3059	5653	3607	417	6040
chr16	46467588	46474587	7000	6	0	7000	4003	2997	452	224	335	279	314	193	281	248	284	147	262	186	239	159	185	213	247	185	36	255	293	205	26	263	229	164	19	196	268	233	29	349
chr16	46474588	46510587	36000	5	0	36000	22698	13302	3381	1194	1524	2127	1577	917	1249	1407	1621	630	1009	1041	1647	834	953	1586	1523	765	132	1155	1204	647	102	1022	899	624	85	842	1524	939	123	1715
chr16	46510588	46552587	42000	4	0	42000	26260	15740	3600	1299	1725	2391	1684	1066	1478	1684	1773	741	1191	1257	1957	1065	1222	2126	1706	921	147	1397	1433	855	126	1276	1064	729	105	1018	1709	1186	142	1925
chr16	46552588	46621587	69000	3	0	69000	41437	27563	5820	2132	2751	3487	2684	2123	2675	2444	2657	1245	2223	1864	3028	1606	1867	2829	2794	1620	326	2366	2411	1522	418	2293	1937	1566	390	1931	2785	1936	342	2926
chr16	46621588	46972248	350661	2	0	350661	193045	157616	25211	9614	12783	13856	12659	12158	16796	11227	11838	6944	13682	8601	11756	7224	8018	10676	13579	9269	2008	11084	15052	11544	2925	14474	11136	11506	2541	11433	13073	11676	2028	14288
chr16	46972250	47057588	85339	2	0	85339	45077	40262	5608	2106	2954	3000	2929	3222	4345	2538	2671	1780	3718	2073	2460	1584	1837	2251	3232	2335	537	2588	3850	2988	882	3815	2848	3216	820	2908	3104	2995	599	3544
chr16	47057589	47178588	121000	3	0	121000	73059	47941	10210	3751	4686	6446	4563	3484	4845	4358	4680	2160	3673	3222	5641	2975	3182	5182	4942	2711	628	4089	4266	2699	751	3946	3320	2829	714	3310	4722	3423	549	5041
chr16	47178589	47271588	93000	4	0	93000	57652	35348	8086	2969	3616	5191	3537	2558	3446	3550	3696	1646	2655	2546	4543	2463	2605	4543	4006	2077	431	3122	3071	2035	415	2862	2362	1789	369	2266	3653	2482	335	4073
chr16	47271589	47402588	131000	5	0	131000	82517	48483	11558	4140	5366	7692	5092	3452	4704	5145	5552	2361	3681	3579	6554	3432	3693	6515	5498	2762	538	4587	4271	2394	415	3786	3275	2234	383	3166	5349	3476	444	5904
chr16	47402589	47604588	202000	6	0	202000	124799	77201	17528	6326	8432	11098	7991	5400	7503	7551	8275	3583	5941	5633	9590	4964	5620	9364	8196	4447	851	6779	6866	4130	762	6410	5326	3974	697	5329	8056	5616	782	8978
chr16	47604589	47960588	356000	5	0	356000	211711	144289	26912	10692	14720	17638	14037	10811	14307	13721	14690	6808	11944	9682	14323	7830	9205	14389	14926	8313	1500	11402	13269	8932	1320	12511	10434	7627	1109	9822	14248	11160	1275	16441
chr16	47960589	48048588	88000	4	0	88000	50822	37178	6078	2489	3674	4064	3457	2684	3734	3471	3581	1704	3286	2507	3188	1790	2112	3002	3478	2087	387	2715	3568	2412	329	3351	2743	2099	283	2647	3556	3062	367	4093
chr16	48048589	48347588	299000	3	0	299000	167489	131511	20025	8172	12001	12688	10995	9775	13857	10502	11398	6046	11419	7699	10468	6092	6945	9407	11463	7446	1651	9524	12448	9557	1782	12028	9562	8577	1497	9412	11656	10234	1414	13258
chr16	48347589	48601588	254000	2	0	254000	141464	112536	18383	7139	9481	10540	9352	8348	12023	8186	8818	5061	9774	6194	8990	5338	5984	7852	9630	6655	1359	8242	10839	8067	1888	10404	7879	8020	1597	8108	9562	8456	1321	10508
chr16	48601589	48705588	104000	3	0	104000	59529	44471	7602	2960	4100	4654	3937	3326	4549	3681	3973	1987	3737	2719	3804	2150	2554	3796	4101	2624	482	3216	4123	3033	643	4060	3261	2750	573	3188	4008	3452	480	4475
chr16	48705589	48800588	95000	4	0	95000	56718	38282	7164	2883	4101	4651	3799	2764	3820	3725	4054	1836	3109	2692	3783	2075	2527	3733	3934	2277	316	3031	3578	2284	267	3380	2732	1977	208	2607	3864	2971	317	4539
chr16	48800589	48908588	108000	5	0	108000	60483	47517	6715	2967	4392	4624	4111	3416	4932	4128	4282	2271	4257	2852	3589	2018	2502	3425	4252	2691	449	3280	4606	3499	518	4428	3419	2930	398	3385	4310	3931	431	4990
chr16	48908589	49113588	205000	6	0	205000	114648	90352	12598	5477	8130	8417	7405	7396	9515	7834	7821	4311	8001	5390	6798	4003	4808	6743	8757	5166	928	6336	8565	6590	932	8244	6610	5484	755	6461	8218	7090	801	9414
chr16	49113589	49352588	239000	7	0	239000	136615	102385	15947	6490	9873	10875	9002	7631	10347	9097	9536	4733	8883	6539	8699	4841	5805	8315	9664	5606	1088	7337	9442	7209	1203	9211	7478	6044	1101	7311	9493	8206	942	11050
chr16	49352589	49681588	329000	6	0	329000	167953	161047	16301	7955	12249	10410	10928	12657	17668	11482	11455	7311	13915	7800	8231	5397	6578	7616	12837	9233	1999	9251	16153	14976	2647	15611	11965	12099	2088	11706	11779	13079	1780	13842
chr16	49681589	49801588	120000	5	0	120000	58780	61220	5703	2724	4193	3401	3765	4918	6849	3871	3902	2683	5373	2696	2651	1750	2201	2100	4445	3559	885	3185	6098	5992	1165	6141	4658	4926	973	4537	4202	4920	779	4753
chr16	49801589	49938588	137000	4	0	137000	67602	69398	7159	3267	4819	3875	4406	4994	7736	4078	4453	3045	6206	3144	3102	2107	2594	2615	4843	3865	876	3829	6759	6703	1638	6897	4816	5778	1365	5181	4796	5651	951	5450
chr16	49938589	50103588	165000	3	0	165000	93736	71264	12419	4475	6238	7148	6117	5586	7374	5546	5669	3159	6145	4297	6075	3705	4049	5733	6412	4233	996	5284	6757	4502	1101	6424	5156	4839	1065	5223	6298	5210	888	6875
chr16	50103589	50320588	217000	2	0	217000	115455	101545	14870	5545	7596	7826	7551	7811	11142	6775	6914	4359	8743	5049	6502	4302	4770	5700	8077	5977	1326	6637	9918	8201	1938	9693	7287	8149	1720	7556	7997	7422	1280	8365
chr16	50320589	50414588	94000	3	0	94000	53479	40521	6803	2740	3822	3988	3427	2951	4200	3258	3697	1829	3525	2410	3426	2047	2265	3090	3745	2319	497	3006	3774	2888	551	3703	2737	2569	473	2797	3581	3141	433	4306
chr16	50414589	50750588	336000	4	0	336000	172398	163602	17281	8347	13000	10477	11404	12275	18017	11184	11927	7536	14426	7972	8492	5569	6884	7605	12588	9355	1931	9853	16075	14737	2821	15894	11711	12373	2369	12033	12506	13062	1747	14547
chr16	50750589	50867588	117000	5	0	117000	68808	48192	8677	3341	4698	5814	4310	3653	4932	4396	4718	2241	3792	3084	4825	2642	2853	4830	4903	2733	551	3690	4431	3309	567	4201	3447	2771	480	3274	4510	3695	520	5110
chr16	50867589	50951588	84000	6	0	84000	45976	38024	4765	2171	3255	3494	3106	2739	4074	3228	3227	1781	3290	2258	2587	1491	1915	2594	3168	2139	411	2463	3690	2941	485	3590	2934	2565	372	2709	3355	3061	368	3772
chr16	50951589	51048588	97000	7	0	97000	52433	44567	5421	2539	3941	3605	3423	3259	4824	3553	3790	2113	4000	2524	2873	1567	2178	2822	3618	2495	462	2903	4335	3522	515	4364	3327	2983	414	3202	3779	3736	437	4474
chr16	51048589	51184588	136000	8	0	136000	74937	61063	8807	3818	5413	5560	4988	4495	6178	4814	5324	2735	5224	3537	4479	2564	3086	3915	5184	3460	792	4176	5620	4824	1140	5371	4461	3883	1007	4323	5210	4788	791	6031
chr16	51184589	51494588	310000	9	0	310000	179937	130063	22039	8880	13225	14225	12071	9655	13111	11650	12553	6135	11133	8530	11707	6255	7637	11129	12385	7517	1339	9684	12206	8657	1248	11620	9402	7486	1007	9161	12495	10071	1144	14641
chr16	51494589	51873588	379000	10	0	379000	226253	152747	28626	11015	16168	19286	14918	11203	14766	14564	15711	7230	12887	10464	15839	8247	9914	15414	15395	8474	1634	12192	13774	9266	1448	13477	11009	8150	1162	10473	15273	12075	1352	17592
chr16	51873589	51906374	32786	9	0	32786	20103	12683	2604	983	1410	1773	1313	890	1188	1405	1436	624	988	909	1417	775	913	1473	1388	699	122	1063	1065	730	113	1062	949	635	72	828	1394	906	111	1546
chr16	51906375	52472587	566213	9	0	566213	345709	220504	43690	17267	24114	30375	22491	15976	20923	23259	24154	10278	17693	16047	25111	13099	15523	25709	23684	12386	2126	18424	19853	12650	1678	18433	15991	10861	1400	14844	23120	16716	1784	26552
chr16	52472588	52672587	2e+05	8	0	2e+05	118963	81037	14969	5830	8665	9888	7844	5916	7737	7812	8414	3715	6752	5584	8125	4489	5279	7943	8207	4481	775	6487	7374	5115	805	7004	5792	4326	686	5519	7936	6376	730	9423
chr16	52672588	52792587	120000	7	0	120000	70910	49090	8711	3490	5039	5838	4702	3779	4883	4723	4829	2383	4219	3314	4836	2619	2980	4563	5138	2758	468	3907	4472	3052	388	4370	3515	2656	323	3298	4962	3816	421	5546
chr16	52792588	52879587	87000	6	0	87000	51944	35056	6642	2562	3738	4399	3475	2606	3325	3403	3705	1582	2889	2431	3518	1963	2372	3333	3505	1996	376	2836	3346	2098	268	2992	2526	1870	250	2386	3432	2740	324	4110
chr16	52879588	52983587	104000	5	0	104000	63011	40989	8266	3123	4221	5519	4126	3058	3963	4094	4286	1872	3177	2949	4451	2382	2782	4741	4288	2442	436	3269	3889	2413	375	3468	2960	2141	292	2731	4103	3149	357	4675
chr16	52983588	53153587	170000	4	0	170000	96260	73740	12601	4682	6443	7450	6375	5605	7524	5702	6036	3203	6621	4455	6163	3643	4063	5693	6435	4353	856	5489	7018	5037	1100	6818	5161	4900	1075	5182	6591	5683	879	7162
chr16	53153588	53241587	88000	3	0	88000	56359	31641	8459	2770	3465	5561	3398	2178	2920	3318	3434	1380	2503	2482	4964	2367	2546	4613	3525	1820	328	3022	2700	1540	288	2661	2062	1638	259	1998	3527	2191	327	3754
chr16	53241588	53337587	96000	2	0	96000	60946	35054	8926	2956	4033	5762	3820	2431	3200	3619	3785	1546	2716	2712	5148	2687	2754	4849	3950	1983	379	3308	3033	1624	326	2900	2394	1804	295	2299	3693	2472	398	4196
chr16	53337588	53397587	60000	1	0	60000	34648	25352	4612	1728	2377	2748	2184	1848	2709	2042	2382	1144	2144	1584	2287	1288	1461	2110	2375	1489	236	1908	2337	1800	318	2291	1760	1503	317	1764	2311	1954	259	2728
chr16	53397588	53616587	219000	2	0	219000	126485	92515	17062	6291	8584	10088	8166	6839	9456	7515	8119	4255	7794	5567	8677	4983	5364	7724	8479	5536	1171	7182	8655	5904	1478	8174	6417	6010	1313	6460	8425	6760	1168	9382
chr16	53616588	53725587	109000	3	0	109000	68745	40255	9938	3475	4271	6480	4103	2855	3806	4270	4253	1852	3085	2982	5870	2908	2996	5600	4584	2210	513	3783	3322	2092	541	3155	2803	2050	452	2577	4326	2758	446	4642
chr16	53725588	54022587	297000	4	0	297000	179831	117169	24300	9047	12463	15106	11403	8545	11487	11113	12056	5408	9599	7994	13157	7434	8042	12677	12253	6581	1439	10160	10415	6375	1226	9992	8122	6429	1103	8016	11758	8623	1252	13423
chr16	54022588	54283587	261000	3	0	261000	146149	114851	16972	7240	10473	11045	9628	8465	11905	9370	10136	5387	9847	6961	8994	5027	6119	8578	10091	6363	1645	8020	10737	8316	1681	10320	8349	7275	1404	8318	10192	9100	1354	11686
chr16	54283588	54463587	180000	4	0	180000	96535	83465	10760	4644	7078	6738	6274	6032	8614	6172	6634	3896	7582	4541	5552	3142	3940	4935	6639	4639	1123	5313	7883	6745	1544	7841	5805	5863	1402	6014	6764	6766	1077	8046
chr16	54463588	54619587	156000	5	0	156000	89356	66644	10671	4454	6338	7129	5893	5048	6597	5885	6185	3044	5755	4285	5845	3120	3674	5431	6262	3766	868	4770	6250	4668	870	5903	4706	3973	671	4668	6205	5284	757	7023
chr16	54619588	54886587	267000	6	0	267000	157017	109983	19926	7726	11150	12983	10437	8047	10777	10114	10838	5079	9263	7297	10584	5743	6867	10186	10538	6328	1266	8463	10171	6956	1233	9624	8015	6198	965	7747	10650	8502	1102	12223
chr16	54886588	55016587	130000	5	0	130000	71443	58557	8653	3431	5059	5453	4588	3988	5850	4460	4869	2663	5030	3344	4486	2596	3005	3967	4703	3254	854	3867	5289	4666	1305	5340	4090	4095	1159	4028	4805	4585	808	5708
chr16	55016588	55184587	168000	6	0	168000	90384	77616	8908	4384	6716	6233	5983	5780	8335	6176	6383	3550	6829	4384	4967	3050	3742	4963	6559	4401	866	4938	7548	6474	1013	7335	5651	5312	729	5644	6517	6183	740	7705
chr16	55184588	55343587	159000	7	0	159000	91077	67923	10498	4424	6577	7229	5866	4975	6777	6052	6302	3178	5864	4209	6061	3343	3886	5834	6374	3833	785	4928	6180	4960	815	6172	4856	3960	735	4771	6260	5374	687	7233
chr16	55343588	55867587	524000	6	0	524000	296566	227434	33693	14731	21497	22579	19235	16783	23680	19324	21028	10979	19369	13814	18545	10536	12852	17919	21020	13028	2461	16520	21380	16671	2575	20993	16094	13592	2237	15673	20528	18328	2121	24213
chr16	55867588	56001587	134000	5	0	134000	77752	56248	9312	3817	5745	6202	5198	4048	5639	5178	5474	2686	4674	3719	5092	2770	3381	4817	5234	3285	497	4305	5469	3965	458	5075	4063	3137	396	3809	5297	4579	427	6250
chr16	56001588	56103587	102000	4	0	102000	58518	43482	6867	2826	4202	4501	3805	3280	4389	3932	4051	2089	3797	2813	3673	2110	2641	3540	4113	2516	393	3283	4199	2947	395	4022	3002	2498	331	3033	4092	3602	365	4691
chr16	56103588	56172587	69000	3	0	69000	42543	26457	5568	2065	2892	3841	2730	1866	2521	2694	2850	1218	2203	1927	3218	1680	1999	3270	2823	1457	230	2319	2316	1499	179	2287	1883	1255	152	1858	2788	2070	189	3151
chr16	56172588	56271587	99000	2	0	99000	54915	44085	6182	2705	3883	4093	3466	3295	4686	3599	3849	2072	3799	2428	3366	1963	2356	3172	4017	2452	512	3054	4195	3450	571	4031	3081	2863	548	3162	3752	3482	437	4477
chr16	56271588	56403587	132000	1	0	132000	67206	64794	6677	3226	4807	4008	4144	4953	7447	4220	4467	2940	5635	2999	3430	2285	2672	3295	5053	3662	892	3797	6404	5923	1142	6295	4663	5016	951	4954	4644	5164	717	5516
chr16	56403588	56510587	107000	2	0	107000	63930	43070	8994	3285	4270	5358	4058	3056	4189	3802	4068	1900	3462	2851	4788	2723	2837	4287	4130	2588	537	3709	3862	2592	691	3690	2896	2551	616	2927	4217	3104	528	4432
chr16	56510588	56756587	246000	1	0	246000	131173	114827	15156	6139	9349	8959	8595	8619	12178	8113	8654	5374	10118	5992	7198	4599	5318	6810	9164	6457	1513	7597	10725	9355	2258	10856	8375	8213	1982	8194	9242	9169	1411	10316
chr16	56756588	56847587	91000	2	0	91000	53043	37957	6908	2773	3749	4111	3373	2872	4049	3112	3501	1749	3045	2250	3759	2132	2304	3355	3646	2268	465	3146	3487	2378	464	3317	2828	2183	412	2817	3445	2817	415	3868
chr16	56847588	56920587	73000	1	0	73000	35032	37968	3509	1581	2491	1864	2342	2791	4350	2107	2194	1746	3469	1663	1401	1024	1379	1120	2360	2322	488	1972	3870	3736	767	3988	2714	3314	557	2807	2646	2988	516	2922
chr16	56920588	57128587	208000	2	0	208000	104291	103709	10893	4867	7204	6208	6575	7944	11475	6423	6583	4676	9271	4954	5121	3530	4158	4407	7280	6243	1366	6128	10502	10147	2010	10299	7114	8176	1573	7387	7522	8392	1275	8295
chr16	57128588	57772587	644000	1	0	644000	326570	317430	35112	15118	22422	19991	20627	24301	34595	19935	20787	13963	28638	15419	16117	11223	13228	15093	22837	18676	4255	18836	31745	29276	6459	31454	21757	25467	5348	22512	23119	25515	4092	26081
chr16	57772588	57813722	41135	2	0	41135	19632	21503	2031	864	1401	1048	1207	1638	2485	1080	1236	933	1965	863	870	612	713	685	1383	1204	326	1134	2080	2099	547	2144	1512	1954	490	1632	1436	1612	295	1654
chr16	57813732	57813759	28	2	0	28	11	17	0	0	1	0	1	1	3	1	0	0	2	1	0	0	0	0	1	0	0	0	1	0	0	2	4	2	0	3	1	1	0	1
chr16	57813761	58112595	298835	2	0	298835	149040	149795	15890	6823	10259	8986	9700	11491	16616	8907	9331	6490	13809	6764	7037	4997	5789	6151	10682	8760	1983	8374	14774	13637	3264	14893	10514	12604	2776	11138	10744	11567	2015	12068
chr16	58112596	58302595	190000	3	0	190000	107385	82615	13781	5282	7452	8085	6907	6371	8354	6393	6972	3784	7132	4851	6940	4133	4663	6283	7424	4834	1143	6170	7647	5746	1342	7486	5790	5318	1233	5743	7164	6323	1050	8202
chr16	58302596	58775595	473000	2	0	473000	259667	213333	33806	12810	16987	18722	16920	16161	22421	15082	15609	9466	18690	11735	15989	9967	11156	14144	17648	12794	2879	15083	20452	15635	4050	19774	14850	15802	3716	15150	17634	15680	2939	19247
chr16	58775596	58872595	97000	3	0	97000	56907	40093	7597	2853	3862	4592	3692	3014	3991	3639	3843	1847	3421	2637	3771	2111	2530	3506	3923	2331	444	3127	3601	2502	502	3516	2896	2284	441	2777	3915	3004	445	4384
chr16	58872596	58981595	109000	4	0	109000	66426	42574	8537	3341	4436	5922	4446	3205	4030	4390	4533	1944	3368	3151	4720	2583	3090	4729	4655	2527	405	3486	3945	2417	339	3471	3116	2077	305	2834	4356	3152	355	5133
chr16	58981596	59076595	95000	5	0	95000	58373	36627	7690	2897	3855	5242	3787	2642	3574	3748	3956	1736	2887	2679	4251	2228	2470	4729	3878	2145	412	3068	3310	2029	377	2972	2684	1798	282	2414	3879	2716	331	4332
chr16	59076596	59170595	94000	6	0	94000	58580	35420	7965	2851	3964	5441	3920	2566	3286	3780	3960	1698	2804	2678	4376	2307	2611	4371	4004	1914	397	3108	3021	1795	257	2898	2649	1655	247	2335	3878	2607	331	4324
chr16	59170596	59360595	190000	7	0	190000	117239	72761	15565	5659	7969	10670	7590	5371	6787	7574	7847	3467	5956	5311	8862	4498	5325	8787	7914	3994	736	6351	6415	3866	620	5981	5269	3579	513	4941	7724	5443	651	8763
chr16	59360596	61021595	1661000	8	0	1661000	1051875	609125	144933	51128	69988	100154	67208	43769	55255	66592	70371	28559	47703	47105	83691	41577	46279	87561	70405	33340	6668	54620	51682	30458	4857	48908	43316	27451	4202	39479	67421	44656	5443	76219
chr16	61021596	62696595	1675000	9	0	1675000	1062607	612393	145748	51900	70081	101724	67519	44502	55774	67465	71564	28889	47972	47486	84622	41835	46956	88569	72147	33202	6555	55222	51111	30376	5033	48513	43673	27032	4326	39291	68328	44423	5402	77758
chr16	62696596	63125437	428842	8	0	428842	271996	156846	37127	13045	17831	26322	17171	11324	14460	17083	18265	7371	12268	12116	21762	10911	12155	22783	18150	8480	1775	14246	13097	7714	1312	12414	11167	7047	1130	10294	17624	11296	1339	19761
chr16	63125438	63125466	29	8	0	29	12	17	1	1	0	1	1	0	2	2	0	1	0	1	1	1	0	0	0	1	1	1	4	2	1	0	0	2	0	1	1	1	0	0
chr16	63125467	63370595	245129	8	0	245129	157018	88111	21873	7562	9915	15441	9861	6526	7885	9960	10267	4188	6930	6953	12790	6201	6892	13772	10743	4787	967	7980	7387	4176	763	6728	6156	3842	625	5619	9946	6249	847	11296
chr16	63370596	63762595	392000	7	0	392000	251065	140935	34999	12088	16005	24464	15786	10124	12659	16018	16235	6584	10885	11277	20536	10170	11259	21975	16926	7625	1540	12875	11814	6609	1157	10950	9954	6259	1073	9172	15893	10037	1238	17812
chr16	63762596	63943595	181000	6	0	181000	115108	65892	15806	5584	7540	11045	7221	4846	6017	7285	7653	3133	4981	5132	9295	4593	5271	9705	7756	3665	689	6046	5686	3226	518	5127	4624	3040	401	4215	7303	4626	548	8421
chr16	63943596	64351266	407671	5	0	407671	258475	149196	35207	12553	16836	24843	16416	10900	13658	16285	17189	7041	11798	11679	20627	9972	11328	22143	17460	8030	1518	13458	12631	7633	1214	11734	10520	6705	1083	9501	16648	10843	1289	18927
chr16	64351268	64370596	19329	5	0	19329	12286	7043	1589	582	824	1214	765	505	661	814	819	327	539	559	1036	478	529	1043	848	335	66	643	597	327	46	553	517	341	54	472	783	520	56	885
chr16	64370597	64592596	222000	4	0	222000	140590	81410	18806	6895	9211	13471	8834	5933	7540	9151	9503	3857	6422	6368	11240	5516	6183	11659	9621	4416	836	7328	6885	3946	598	6543	5798	3612	507	5169	9154	5998	683	10315
chr16	64592597	64986596	394000	5	0	394000	245838	148162	32607	12053	16444	22953	15910	10816	13684	16275	17018	6990	11774	11149	18523	9423	10933	19285	16842	8087	1501	12852	12900	7808	1124	12125	10611	6819	909	9653	16332	11243	1150	18205
chr16	64986597	65319596	333000	6	0	333000	200129	132871	24371	9749	13922	17526	13024	9732	12788	13128	13869	6293	11166	9246	14304	7605	8701	14704	13871	7262	1457	10788	11769	7956	1287	11489	9433	6893	1156	8934	13599	10390	1220	15366
chr16	65319597	65384596	65000	7	0	65000	40213	24787	4990	1861	2684	3621	2482	1797	2356	2612	2741	1195	2006	1864	2943	1524	1772	3763	2614	1412	267	2084	2161	1427	195	2083	1771	1140	160	1667	2701	1887	234	2984
chr16	65384597	65932596	548000	6	0	548000	318504	229496	37308	15670	22781	25532	20783	16913	23213	21712	22596	11030	20001	14965	20604	11528	13447	20421	22354	13153	2421	17212	21160	15025	2115	20838	16763	12493	1681	15687	22344	18466	2077	25705
chr16	65932597	66067596	135000	5	0	135000	75398	59602	8089	3608	5602	5544	5119	4244	6132	5393	5489	2898	5308	3792	4146	2604	3256	4173	5287	3428	582	4057	5806	4455	518	5613	4257	3474	410	4227	5537	5035	514	6401
chr16	66067597	66151596	84000	4	0	84000	47539	36461	5320	2329	3469	3717	3113	2638	3727	3231	3468	1712	3187	2329	2934	1660	1969	2735	3329	2023	401	2587	3433	2743	396	3382	2595	2108	290	2477	3352	3080	359	3905
chr16	66151597	66222596	71000	3	0	71000	39685	31315	4508	1866	2882	2966	2656	2362	3251	2612	2765	1475	2707	1897	2293	1376	1612	2455	2870	1772	334	2103	3004	2404	323	3037	2267	1975	255	2127	2741	2617	300	3186
chr16	66222597	66726596	504000	2	0	504000	262222	241778	29360	12787	18010	16703	17060	18381	26704	16223	17054	11071	21728	12445	13386	8792	10604	11912	18599	14305	3016	15111	23732	20770	4367	23522	16996	18060	3644	17358	19042	19256	2945	21055
chr16	66726597	68217596	1491000	1	0	1491000	758796	732204	87326	35426	50456	46335	48713	54002	80674	42826	44800	32282	66584	34857	38704	27886	32826	35098	50841	43314	9961	45480	71659	62363	17082	71130	50116	61745	15689	54300	53598	54812	10482	59631
chr16	68217597	68237596	20000	2	0	20000	10061	9939	1201	453	688	610	628	736	1023	568	598	433	841	423	524	385	478	471	664	591	156	596	904	887	312	955	698	872	276	732	689	709	150	747
chr16	68237597	68946596	709000	1	0	709000	372312	336688	45031	18048	24894	24495	24623	25115	36665	21426	22800	14986	30624	17232	20014	13388	15826	17144	25087	20182	4498	21770	32828	26920	6752	32450	23474	26434	5928	24722	26440	25415	4720	29067
chr16	68946597	69044596	98000	2	0	98000	56029	41971	7722	2702	3651	4361	3626	3220	4393	3163	3448	1806	3832	2595	3641	2181	2478	3208	3640	2487	481	3301	3938	2546	630	3863	2907	2924	577	2996	3917	3020	550	4194
chr16	69044597	70768596	1724000	1	0	1724000	926091	797909	120720	44530	60124	64770	60166	59898	85155	51396	55270	34585	71598	42334	53988	34996	39256	47304	60971	47436	11747	53855	76517	59179	17679	74517	55471	62715	15764	58270	63657	58561	12078	69491
chr16	70768597	70806596	38000	2	0	38000	19573	18427	1944	1001	1380	1229	1260	1365	2110	1215	1309	890	1530	919	1041	681	863	835	1375	1093	268	1201	1768	1553	348	1749	1356	1356	324	1387	1451	1416	234	1547
chr16	70806597	70837596	31000	3	0	31000	17695	13305	2086	888	1213	1304	1086	1018	1372	1088	1211	597	1203	842	1108	672	826	1180	1239	745	156	1035	1215	862	180	1204	882	839	156	937	1228	1014	174	1438
chr16	70837597	70881596	44000	4	0	44000	25513	18487	3170	1250	1731	2034	1739	1338	1794	1797	1704	897	1528	1366	1573	916	1164	1511	1719	1143	186	1353	1890	1200	181	1630	1292	1042	133	1222	1767	1516	200	2012
chr16	70881597	71173596	292000	5	0	292000	171254	120746	21770	8455	12061	13957	10928	8651	12197	11216	12091	5632	9859	8017	11454	6432	7477	11056	11705	6872	1381	9212	11079	7987	1350	10717	8621	6701	1071	8451	11587	9573	1224	13214
chr16	71173597	71369596	196000	6	0	196000	115406	80594	14512	5867	8165	9483	7775	5707	8013	7212	8020	3729	6672	5323	7720	4340	5016	7852	7778	4685	920	6259	7538	5272	855	7063	5621	4530	769	5558	7770	6240	748	8986
chr16	71369597	71482596	113000	5	0	113000	59862	53138	6471	2873	4469	3844	3840	4167	5624	3687	4223	2528	4760	2796	3123	2135	2445	2875	4375	3133	742	3453	5075	4399	880	5132	3603	3608	770	3659	4265	4346	644	5054
chr16	71482597	71577596	95000	4	0	95000	54186	40814	6957	2710	3802	4155	3609	3009	4080	3211	3581	1921	3616	2573	3477	1982	2423	3078	3663	2341	540	3078	3767	2685	598	3663	2762	2561	604	2861	3717	3126	528	4320
chr16	71577597	71705596	128000	3	0	128000	72697	55303	9613	3617	4683	5592	4762	4162	5633	4200	4503	2503	4873	3387	4628	2904	3173	4463	4802	3355	795	4234	5301	3539	1015	4857	3717	3697	892	3832	4937	4122	768	5439
chr16	71705597	71947511	241915	2	0	241915	136779	105136	19526	6896	8931	10271	8818	7683	10770	7161	8207	4545	9388	6054	9073	5541	6130	7784	8705	6208	1476	8276	9654	6656	2253	9378	7132	7524	2127	7553	8942	7553	1686	10012
chr16	71947516	71972600	25085	2	0	25085	14229	10856	1952	730	920	1036	964	854	1141	816	846	478	1010	648	876	574	620	762	985	656	151	844	1036	597	170	987	754	762	141	791	1000	775	138	1069
chr16	71972601	72108600	136000	3	0	136000	73816	62184	8612	3665	5288	5050	4862	4626	6562	4392	4804	2954	5487	3422	4339	2837	3166	3748	5150	3720	896	4316	5853	4354	1196	5806	4426	4252	1036	4512	5013	4883	902	5869
chr16	72108601	72212600	104000	4	0	104000	58506	45494	6805	2809	4365	4302	3725	3409	4748	3717	4138	2123	4058	2718	3613	2109	2557	3309	3948	2616	524	3362	4254	3142	544	4257	3336	2760	430	3283	4062	3679	470	4826
chr16	72212601	72361600	149000	5	0	149000	91098	57902	11948	4584	6208	8015	6024	4148	5507	6006	6282	2728	4493	4273	6501	3597	4118	6664	6403	3320	579	4756	5199	3356	459	4938	4119	2804	387	3806	5964	4472	513	6827
chr16	72361601	72576600	215000	6	0	215000	136551	78449	19988	6723	8969	12795	8570	5459	7209	8241	8890	3577	5984	6005	11026	5648	6285	11181	8915	4429	903	7160	6672	3884	714	6274	5419	3687	625	5311	8473	5544	736	9702
chr16	72576601	72612600	36000	7	0	36000	21608	14392	3186	1111	1413	1765	1455	999	1368	1242	1360	665	1215	959	1473	866	1039	1490	1398	822	171	1250	1334	805	185	1268	964	849	170	977	1369	1116	174	1540
chr16	72612601	72785600	173000	6	0	173000	107288	65712	15525	5619	7197	9293	6929	4469	6339	6391	6998	3064	5190	4683	8183	4513	4917	7977	7235	3862	688	5880	5648	3489	628	5598	4429	3287	624	4408	6815	4725	638	7757
chr16	72785601	72898600	113000	5	0	113000	61415	51585	7265	3190	4647	4181	4093	3834	5504	3790	4528	2372	4288	2816	3398	2167	2516	2825	4372	2972	807	3412	4847	3899	849	4734	3727	3401	762	3798	4275	4058	660	5011
chr16	72898601	73018600	120000	4	0	120000	64061	55939	7489	3331	4543	4199	4093	4383	5846	3915	4318	2605	4865	2982	3663	2306	2635	2886	4672	3238	1002	3713	5244	4267	1151	5108	3875	3892	976	4031	4447	4373	913	5037
chr16	73018601	73206600	188000	3	0	188000	102039	85961	12752	5037	7275	7318	6767	6294	8655	6096	7013	3902	7510	4656	5849	3525	4234	5154	6940	4834	1327	5657	7865	6702	1878	7887	6030	6042	1671	6047	6978	6754	1266	8083
chr16	73206601	73290600	84000	4	0	84000	48738	35262	5980	2372	3252	3769	3153	3201	3400	3247	3172	1675	2802	2220	3068	1976	2036	3414	3999	2053	542	2630	3252	2327	464	2875	2497	1930	417	2406	3253	2608	429	3579
chr16	73290601	73387600	97000	5	0	97000	54572	42428	6258	2714	3970	4025	3587	3110	4274	3726	3813	2059	3706	2692	3310	1926	2291	3109	3818	2459	614	2918	3985	2919	578	3863	3021	2555	441	2987	3874	3412	511	4473
chr16	73387601	73499600	112000	6	0	112000	63483	48517	7906	3155	4460	4874	4231	3642	4947	4094	4388	2270	4128	2999	3871	2293	2576	3647	4434	2803	688	3435	4623	3401	660	4332	3524	2886	558	3388	4333	3926	570	4956
chr16	73499601	73670600	171000	7	0	171000	101785	69215	14606	5023	6868	8558	6348	5028	6691	6291	6974	3217	5806	4748	7127	3729	4283	6487	6737	3981	1096	5183	6084	4222	1039	5998	4856	3790	806	4676	6681	5349	925	7791
chr16	73670601	73811600	141000	8	0	141000	83048	57952	10702	4116	5731	6960	5456	4192	5762	5350	5694	2709	4885	3840	5658	3136	3548	5308	5669	3367	738	4379	5326	3663	650	5025	4176	3209	560	4061	5589	4424	654	6461
chr16	73811601	73973600	162000	7	0	162000	96498	65502	12914	4990	6523	8005	6330	4898	6269	6339	6622	3044	5135	4476	6565	3815	4220	6352	6713	3888	971	5175	6030	3962	840	5423	4637	3476	713	4396	6455	4929	740	7153
chr16	73973601	74078600	105000	6	0	105000	63526	41474	8754	3152	4273	5567	4144	3003	3956	4173	4364	1828	3258	2928	4484	2538	2903	4199	4183	2426	535	3378	3767	2418	400	3531	3084	2183	364	2827	4242	3089	393	4654
chr16	74078601	74185600	107000	5	0	107000	66054	40946	8999	3165	4231	6161	4086	3030	3935	4081	4360	1826	3290	2856	5111	2507	2752	5664	4441	2361	463	3262	3706	2283	411	3515	2956	2218	381	2615	4029	3053	435	4815
chr16	74185601	74274116	88516	4	0	88516	52189	36327	7034	2524	3531	4327	3352	2773	3634	3179	3412	1669	3125	2404	3619	1955	2246	3404	3565	1994	451	2910	3385	2281	411	3071	2494	2177	405	2572	3494	2696	437	3983
chr16	74274118	74275601	1484	4	0	1484	959	525	140	40	59	110	60	31	53	54	55	31	38	46	96	35	37	72	51	34	6	46	42	26	12	30	41	13	3	51	64	37	9	60
chr16	74275602	74369601	94000	3	0	94000	50736	43264	6425	2584	3443	3422	3376	3315	4587	2894	3167	1917	3954	2362	2906	1904	2210	2270	3308	2672	671	3068	4176	2852	849	4021	3044	3238	783	3181	3644	3136	695	3924
chr16	74369602	74691601	322000	2	0	322000	177385	144615	23572	8893	11591	12561	11554	10952	15541	9786	10795	6608	12909	8220	10696	6756	7751	9199	11761	8715	2144	10589	13584	9481	2884	13230	9951	10518	2648	10577	12536	10465	2134	13397
chr16	74691602	74838601	147000	1	0	147000	78886	68114	9554	3768	5313	5395	5259	5078	7221	4678	4924	3068	6175	3670	4293	2827	3271	4391	5462	3956	897	4426	6607	5343	1276	6502	4748	5048	1093	4919	5420	5381	902	6133
chr16	74838602	75007601	169000	2	0	169000	93271	75729	12766	4632	6084	6820	6194	5799	7936	5186	5796	3380	6697	4296	5546	3557	3831	4750	6255	4539	1224	5351	7085	5060	1577	6832	5297	5464	1466	5409	6478	5490	1245	6956
chr16	75007602	75420601	413000	1	0	413000	220306	192694	28040	10833	14824	14780	14174	14556	21086	12520	13592	8578	16713	9645	12671	8277	9067	10949	15245	11384	2783	12832	18400	15050	4080	18073	13634	14961	3552	14171	15057	14208	2649	16614
chr16	75420602	75643601	223000	2	0	223000	119490	103510	15223	5990	7910	8152	7911	7752	11010	6629	7350	4673	9144	5635	6792	4503	5093	5722	8057	6168	1680	7013	9770	7309	2412	9544	7063	7900	2308	7483	8411	7658	1616	9117
chr16	75643602	75734601	91000	3	0	91000	52195	38805	6985	2580	3452	4131	3450	2828	4024	2996	3309	1790	3313	2380	3404	2006	2240	3306	3417	2327	556	2904	3649	2448	638	3473	2702	2533	586	2779	3530	2899	490	3873
chr16	75734602	75831601	97000	4	0	97000	58728	38272	8019	2909	3896	5135	3912	2772	3684	3768	3979	1790	3100	2824	4049	2243	2417	4231	4012	2263	434	3005	3568	2262	404	3203	2657	1906	341	2522	3898	3005	423	4367
chr16	75831602	75919601	88000	5	0	88000	54628	33372	7718	2678	3647	4957	3499	2530	3108	3349	3620	1473	2701	2504	4162	2149	2308	4223	3738	1866	406	2820	2853	1725	346	2780	2412	1635	320	2173	3483	2478	346	3991
chr16	75919602	76005601	86000	6	0	86000	53949	32051	7204	2614	3540	5064	3474	2336	2924	3488	3550	1478	2548	2524	4195	2209	2388	4412	3674	1778	386	2798	2768	1557	274	2585	2292	1488	267	2083	3488	2361	317	3934
chr16	76005602	76111601	106000	7	0	106000	67928	38072	9795	3446	4406	6535	4323	2810	3426	4256	4612	1821	2793	2958	5452	2642	2862	5790	4682	2187	418	3432	3312	1955	277	2968	2613	1562	243	2238	4208	2808	319	4849
chr16	76111602	76277704	166103	8	0	166103	105781	60322	14807	5237	6617	10251	6598	4451	5446	6937	6921	2748	4692	4626	8586	4313	4561	8990	7211	3419	672	5447	5139	2985	512	4785	4356	2646	432	3729	6725	4371	536	7355
chr16	76277706	76402602	124897	8	0	124897	78193	46704	10693	3800	5097	7303	4951	3584	4425	5057	5118	2177	3575	3539	6131	3245	3376	6121	5499	2561	592	4154	3972	2357	378	3731	3424	2147	347	3132	5122	3372	459	5456
chr16	76402603	77119602	717000	9	0	717000	453193	263807	62061	22694	29407	43235	28783	19230	24492	29019	30122	12428	19849	19991	36431	18428	19942	37081	31047	14661	3209	23863	22371	13152	2303	20702	19012	11837	1999	17260	29094	18879	2551	31865
chr16	77119603	77425602	306000	8	0	306000	181441	124559	23272	9006	12115	15155	11572	9293	12316	11473	11985	5853	10265	8408	12719	7179	8023	12805	12210	7257	1625	10239	11332	7570	1606	10672	8796	7058	1361	8321	12316	9295	1414	13487
chr16	77425603	77555602	130000	7	0	130000	76970	53030	9575	3957	5322	6354	5112	3874	5176	5150	5409	2595	4473	3671	5112	2879	3413	4896	5454	3005	696	4150	4726	3234	537	4596	3756	2697	475	3556	5377	4157	532	6082
chr16	77555603	77671602	116000	6	0	116000	67795	48205	8292	3505	4780	5424	4544	3577	4844	4431	4652	2298	4113	3220	4513	2653	2875	4073	4818	2761	612	3842	4445	3045	517	4165	3381	2629	405	3300	4752	3737	490	5305
chr16	77671603	77865602	194000	5	0	194000	110363	83637	12700	5373	7375	8406	6939	6653	8510	7140	7218	3812	7268	5516	6998	4407	4851	7196	7907	4865	1149	6324	7657	5515	1266	7330	5866	4964	1117	5863	7812	6424	1090	8487
chr16	77865603	77963602	98000	4	0	98000	54783	43217	6342	2707	3847	4164	3688	3217	4379	3551	3661	1965	3879	2558	3368	2121	2438	2897	3792	2542	550	3126	4032	3067	605	3971	3140	2672	500	3156	3871	3395	507	4290
chr16	77963603	78129602	166000	3	0	166000	93634	72366	11494	4692	6572	7177	6325	5264	7374	5743	5975	3395	6121	4317	6141	3598	4230	5215	6352	4271	1026	5301	6740	4867	1128	6579	5174	4719	999	5401	6440	5457	895	7016
chr16	78129603	78242602	113000	4	0	113000	65728	47272	8415	3264	4630	5293	4245	3500	4681	4173	4387	2250	3890	3052	4555	2557	2744	4092	4547	2741	788	3495	4282	2946	700	4126	3399	2755	577	3335	4371	3612	609	4987
chr16	78242603	78387602	145000	5	0	145000	84287	60713	10879	4386	5797	6682	5410	4613	6172	5511	5788	2691	4871	3989	5667	3276	3435	5120	6037	3387	983	4558	5588	3840	807	5232	4463	3596	662	4219	5618	4644	812	6265
chr16	78387603	78561602	174000	6	0	174000	100745	73255	12988	5016	6988	8047	6549	5576	7360	6455	6737	3436	5894	4669	6766	3968	4253	6041	7054	4183	1221	5538	6622	4619	1096	6340	5433	4360	879	5174	6831	5515	946	7444
chr16	78561603	78753602	192000	7	0	192000	108905	83095	13539	5476	7767	8110	7151	6291	8506	6773	7343	3917	7109	5050	6858	4053	4528	6433	7486	4861	1316	6073	7578	5633	1150	7624	6097	5116	992	5749	7560	6375	1020	8464
chr16	78753603	79020602	267000	8	0	267000	152170	114830	19063	7559	10824	11580	9967	8654	11708	9860	10439	5568	9507	7169	9557	5663	6238	8813	10727	6578	1708	8431	10548	7636	1645	10205	8285	6951	1448	7984	10628	8869	1529	11657
chr16	79020603	79648602	628000	7	0	628000	355228	272772	42013	17939	25454	26950	23240	20517	27655	23468	24973	12917	23145	16694	22130	12806	14970	20356	25147	15485	4089	19458	24822	18926	3920	24397	20344	16092	3252	19110	24566	21562	3341	28260
chr16	79648603	80000602	352000	8	0	352000	207131	144869	24883	10340	14609	17050	13441	11185	13913	14014	14657	6890	12070	9732	13901	7654	9175	13616	14508	8450	1913	11199	13331	8923	1565	12438	10414	7613	1329	9836	14299	11271	1485	16294
chr16	80000603	80264602	264000	7	0	264000	156257	107743	18910	7899	11126	12770	10338	7926	10516	10486	10997	5172	9021	7426	10460	5742	6778	10690	10977	6105	1278	8379	9773	6806	1092	9181	7649	5629	818	7438	10866	8311	996	12443
chr16	80264603	80360602	96000	6	0	96000	55486	40514	6531	2811	3938	4335	3609	3076	4186	3732	3879	1898	3378	2624	3597	2050	2374	3467	3994	2250	498	3093	3728	2653	416	3608	3008	2332	314	2840	3872	3170	402	4335
chr16	80360603	80448602	88000	5	0	88000	52140	35860	6432	2584	3582	4347	3406	2682	3484	3557	3681	1707	3016	2543	3426	1879	2261	3552	3670	1996	422	2764	3269	2296	349	3055	2479	1848	283	2481	3711	2829	364	4043
chr16	80448603	80777602	329000	4	0	329000	190602	138398	22681	9619	13193	15134	12393	10490	13800	12853	13351	6601	11283	9248	12202	7186	8082	12485	13625	8126	1894	10251	13177	9466	1560	12065	9685	7561	1345	9159	13049	11116	1435	14883
chr16	80777603	80932602	155000	3	0	155000	91203	63797	12056	4628	6221	7562	6080	4609	6054	5723	6106	3031	5266	4191	6224	3497	3931	6022	6281	3730	841	4913	5857	4059	1048	5403	4300	3741	886	4143	6028	4837	717	7013
chr16	80932603	80980230	47628	2	0	47628	27821	19807	3548	1434	1872	2200	1837	1417	2016	1686	1860	921	1697	1283	1808	1077	1248	1915	1852	1133	301	1563	1794	1222	263	1744	1367	1198	235	1374	1944	1470	195	2152
chr16	80980523	81102894	122372	2	0	122372	69908	52464	9692	3683	4639	5295	4558	3868	5287	3893	4390	2389	4380	3061	4669	2891	3086	4125	4654	3021	920	4236	4720	3106	1154	4462	3596	3623	1115	3636	4636	3692	835	5058
chr16	81102895	81528894	426000	1	0	426000	223123	202877	25900	11036	14859	14540	14724	15977	21758	13899	14176	9002	17923	10725	11535	8038	8811	10220	15940	12173	3440	12500	19694	15760	4348	18935	14658	15273	3651	14678	16066	15531	2991	17237
chr16	81528895	81881894	353000	2	0	353000	177387	175613	18093	8612	12323	10136	11216	14640	19047	11669	11686	7979	15559	8321	8169	6129	6774	7034	13795	10518	2954	10093	17079	15499	3764	16736	12601	13297	3097	12633	13097	13764	2443	14241
chr16	81881895	81969894	88000	3	0	88000	48142	39858	5816	2434	3324	3345	3040	3031	4245	3026	3206	1857	3312	2212	2856	1853	2004	2579	3446	2424	621	2685	3722	3063	681	3745	2863	2649	567	2805	3311	3075	551	3650
chr16	81969895	82074894	105000	4	0	105000	60200	44800	6974	3066	4244	4587	3935	3459	4494	3998	4144	2110	3739	2770	3817	2449	2670	3742	4434	2636	646	3368	4138	3029	514	3942	3232	2536	503	3059	4082	3422	481	4778
chr16	82074895	82193894	119000	5	0	119000	70975	48025	8958	3649	4875	5872	4580	3592	4678	4479	4862	2206	3924	3346	4953	2872	3041	5086	4980	2836	651	3852	4315	2866	587	4112	3300	2504	509	3175	4734	3674	551	5379
chr16	82193895	82288894	95000	6	0	95000	55144	39856	6345	2728	4197	4366	3749	3028	3943	3574	4134	1912	3285	2660	3408	2037	2349	3428	3949	2317	437	3002	3804	2654	352	3555	2700	2133	267	2694	3842	3262	364	4523
chr16	82288895	82416894	128000	7	0	128000	74290	53710	8449	3775	5300	5785	5007	4033	5495	5021	5102	2600	4466	3552	4750	2704	3314	4936	5335	3093	573	4111	4938	3469	480	4794	4037	2945	410	3804	5246	4175	433	5866
chr16	82416895	82577894	161000	8	0	161000	93632	67368	10903	4688	6547	7538	6063	4979	6853	6397	6481	3182	5593	4373	6229	3623	4128	6054	6739	3753	843	5137	6171	4482	673	5939	4955	3730	551	4764	6426	5300	623	7281
chr16	82577895	83176894	599000	9	0	599000	348345	250655	40796	17362	24765	27696	22600	18842	25303	23664	24234	12002	20590	16430	22989	13463	15000	22608	24608	14366	3480	19215	22787	15774	2850	21920	18471	14014	2359	17554	24543	19177	2567	26969
chr16	83176895	83328894	152000	8	0	152000	88466	63534	10537	4425	6191	7049	5621	4963	6314	6053	6158	2985	5183	4203	5886	3349	3848	5699	6290	3672	915	4845	5743	4090	746	5511	4630	3452	610	4500	6288	4876	685	6681
chr16	83328895	83463894	135000	7	0	135000	78913	56087	9302	3855	5441	6342	4991	4301	5611	5549	5458	2643	4696	3904	5189	3067	3398	5165	5611	3249	778	4228	5137	3428	599	4825	4097	2978	489	3966	5607	4333	634	6127
chr16	83463895	83577894	114000	6	0	114000	64497	49503	7263	3295	4662	4875	4257	3800	5047	4458	4576	2377	4233	3120	3998	2255	2753	3526	4606	2844	707	3570	4651	3216	615	4394	3687	2919	515	3473	4618	3897	533	5258
chr16	83577895	83668894	91000	5	0	91000	51512	39488	5994	2511	3496	3982	3328	3055	4046	3544	3539	1953	3343	2521	3122	1854	2139	3085	3642	2447	591	2693	3727	2609	569	3544	2894	2186	411	2817	3710	3208	469	3969
chr16	83668895	83750894	82000	4	0	82000	44982	37018	4692	2289	3186	3238	2991	2940	3897	3228	3160	1786	3092	2196	2562	1547	1897	2280	3358	2089	572	2544	3501	2610	523	3284	2904	2281	430	2687	3292	2938	447	3557
chr16	83750895	83841894	91000	3	0	91000	51303	39697	6487	2607	3599	3868	3364	2848	4154	3228	3408	1951	3265	2353	3301	1926	2124	2819	3483	2334	649	2866	3640	2767	654	3499	2936	2534	577	2780	3535	2925	520	3997
chr16	83841895	83956894	115000	2	0	115000	58907	56093	6295	2973	3924	3634	3740	4865	6066	3702	3888	2568	4814	2708	2903	2057	2150	2620	4987	3125	1226	3124	4975	4569	1382	5175	4322	4097	1178	3953	4089	4309	878	4702
chr16	83956895	84082894	126000	1	0	126000	60698	65302	5917	2882	4239	3253	3711	5125	7188	3785	3884	3022	5604	2835	2780	2085	2262	2125	4624	3864	1260	3366	6262	6363	1806	6265	4533	5360	1464	4789	4390	5108	974	4873
chr16	84082895	84161125	78231	2	0	78231	42670	35561	5615	2210	2849	3036	2795	2877	3760	2294	2731	1611	2904	1922	2569	1672	1727	2096	3028	2197	703	2442	3211	2419	877	3100	2494	2491	833	2598	2993	2500	573	3102
chr16	84161126	84469893	308768	2	0	308768	155340	153428	16264	7602	10639	9196	9963	11965	16746	9927	10262	7018	13517	7589	7212	5306	5938	6196	11331	9044	2695	8820	14969	13384	3481	14604	10815	11909	3049	10939	11486	12100	2323	12477
chr16	84469894	85878893	1409000	1	0	1409000	672067	736933	67068	32552	45660	36124	41718	58135	81827	39834	43350	32875	64048	31024	29268	21055	23840	23688	51147	41747	14294	37428	69627	72450	21866	70296	52019	63094	17757	53910	48721	56948	11887	53741
chr16	85878894	85996893	118000	2	0	118000	58997	59003	5675	3012	4251	3496	3718	4523	6472	3809	4205	2943	5071	2739	2837	1948	2225	2072	4346	3496	1246	3338	5582	5152	1448	5503	4142	4346	1163	4282	4452	4691	919	4896
chr16	85996894	86084893	88000	3	0	88000	44447	43553	4412	2177	3086	2727	2816	3319	4811	2891	3016	1986	4022	2071	2158	1328	1569	2057	3210	2474	734	2393	4246	4017	876	4169	3142	3280	719	3197	3239	3536	591	3729
chr16	86084894	86207893	123000	4	0	123000	65239	57761	6894	3109	4363	4417	3904	4563	6194	4187	4359	2667	5111	3031	3628	2361	2690	3759	4804	3322	943	3631	5544	4816	1093	5448	4043	3984	855	4110	4457	4779	763	5169
chr16	86207894	86575893	368000	5	0	368000	186784	181216	18744	9318	13192	11890	11819	14167	19267	12456	13188	8346	15406	8958	9393	5736	6567	8336	13816	10338	3461	9952	16996	16193	4636	16436	13302	13261	3899	13028	13596	14469	2816	15016
chr16	86575894	86758893	183000	6	0	183000	94533	88467	9999	4663	6924	5904	5911	7062	9230	6352	6866	4091	7855	4644	4714	2957	3381	3980	6938	5106	1693	5036	8421	7333	1970	8219	6253	6258	1583	6199	6943	7246	1332	7935
chr16	86758894	86934893	176000	5	0	176000	90742	85258	8749	4513	6218	5901	5709	7277	8910	6632	6403	4059	7291	4713	4519	2686	3267	3894	7009	5104	1562	4860	8291	7348	1812	7681	6145	5831	1323	5825	7083	6848	1215	7320
chr16	86934894	87190893	256000	4	0	256000	131445	124555	13406	6447	9186	8265	8321	10524	13180	8977	9045	5774	10849	6176	6532	4146	4678	5938	10432	7169	2280	7009	11966	11011	2627	11337	8985	8931	2128	8834	9619	9830	1683	10713
chr16	87190894	87410893	220000	3	0	220000	111854	108146	12316	5513	7380	6854	7063	8967	11798	7244	7196	5120	9136	5250	5488	3687	3952	4889	8503	6467	2046	6270	10352	9133	2789	9661	7733	8291	2399	7799	8484	8044	1638	8536
chr16	87410894	87629893	219000	2	0	219000	107625	111375	11549	5396	7105	6112	6656	9418	12039	6678	6880	4939	9386	4884	5078	3593	3827	4084	8608	6362	2460	5916	10393	9889	3358	9981	8104	9073	3000	8141	7686	8296	1788	8319
chr16	87629894	88028893	399000	1	0	399000	187020	211980	18808	9072	12339	9624	11286	17313	23657	10602	12007	9990	18262	8375	7741	5699	6307	5937	14283	12159	5165	10467	19710	19732	7177	19474	15169	18190	6243	15576	13696	16013	3877	15048
chr16	88028894	88355777	326884	2	0	326884	152811	174073	13259	6981	9864	7829	8758	15789	18937	10764	10049	8130	14489	7721	5868	4384	4794	5194	12585	10141	4215	8343	16813	17070	5594	15420	12909	14287	4204	12102	11941	13399	2831	12218
chr16	88372976	90089091	1716116	1	0	1716116	754388	961728	67979	34692	48117	32861	42513	78140	106862	42779	46089	43880	82504	33353	27069	22315	23931	21303	59308	55327	22716	41676	89093	104334	37792	90170	66229	89789	30686	68782	55664	71939	17436	60786
chr17	174709	228708	54000	3	0	54000	24932	29068	2244	1223	1673	1292	1544	2307	3182	1511	1669	1333	2530	1100	974	694	813	841	1984	1638	569	1367	2693	3215	961	2667	1992	2497	764	2089	1875	2186	496	2075
chr17	228709	355708	127000	2	0	127000	59054	67946	4866	2519	3773	3096	3245	5339	7350	3540	3812	3567	6427	2729	2331	2130	2362	1967	4465	4028	1866	3195	5938	6936	2068	7075	4591	5161	1447	4639	4480	5892	1161	5003
chr17	355709	389708	34000	3	0	34000	15971	18029	1491	781	1111	825	898	1411	1816	953	1078	923	1614	703	741	486	550	589	1230	1038	449	884	1482	1863	756	1650	1200	1372	575	1211	1166	1477	328	1347
chr17	389709	418708	29000	4	0	29000	14679	14321	1636	685	1041	826	895	1240	1442	865	926	724	1273	714	731	570	472	639	1149	855	348	867	1320	1025	431	1274	940	1093	365	1016	1033	1077	455	1071
chr17	418709	446835	28127	5	0	28127	15121	13006	2057	767	936	1073	1053	1043	1348	767	884	618	1199	661	839	547	587	741	1057	824	275	819	1241	932	310	1134	894	936	270	952	1020	925	251	1165
chr17	493387	514259	20873	5	0	20873	10273	10600	989	418	819	562	655	798	1141	567	757	597	992	538	387	298	420	335	701	682	139	589	905	885	320	1035	649	725	211	875	906	853	250	873
chr17	514260	542259	28000	4	0	28000	14765	13235	1724	771	999	962	924	1003	1491	910	1008	579	1126	694	800	561	575	638	1005	785	275	849	1207	979	301	1227	970	937	253	1038	1146	1012	173	1076
chr17	542260	575259	33000	3	0	33000	17830	15170	2155	853	1239	1217	1106	1186	1578	1058	1162	670	1366	846	1041	717	763	871	1196	827	294	1109	1417	1077	323	1407	1039	1138	246	1053	1276	1182	209	1377
chr17	575260	672259	97000	2	0	97000	52393	44607	5740	2952	3389	3607	3042	3591	4674	3137	4188	1987	4058	2473	2718	1965	2338	2533	3683	2737	937	3139	3965	3284	923	4140	2967	2508	890	2727	3828	3783	642	4453
chr17	672260	783259	111000	3	0	111000	59130	51870	7475	2920	3883	4021	3637	3963	5380	3161	3844	2346	4639	2880	3343	2310	2451	2876	4095	2818	1220	3406	4502	3458	1577	4556	3342	3867	1533	3786	4202	3950	952	4605
chr17	783260	1085259	302000	2	0	302000	143067	158933	15349	7336	9205	7452	8434	12488	17042	7517	9390	7090	14629	6789	6169	4609	5026	4542	10238	9244	4063	7978	14510	14628	5881	14908	10095	13499	4537	11452	10638	12555	3141	11564
chr17	1085260	1117084	31825	1	0	31825	14180	17645	1282	657	946	653	792	1323	1946	706	939	759	1680	609	525	451	498	414	958	973	398	861	1623	1835	683	1747	1144	1674	495	1265	1042	1405	344	1196
chr17	1117085	1117203	119	1	0	119	50	69	0	8	0	0	0	0	12	0	5	0	12	4	4	0	0	4	0	0	4	4	4	8	0	12	0	4	4	8	8	12	0	0
chr17	1117206	1117234	29	1	0	29	12	17	0	2	0	0	0	0	3	0	1	0	2	1	1	0	0	1	0	0	1	1	1	2	0	3	0	1	1	2	2	2	0	0
chr17	1117265	1117318	54	1	0	54	22	32	0	3	0	0	0	0	6	0	1	0	5	2	2	0	0	2	0	0	2	2	2	4	0	5	0	2	2	4	4	4	0	0
chr17	1117323	1117376	54	1	0	54	22	32	0	3	0	0	0	0	6	0	1	0	5	2	2	0	0	2	0	0	2	2	2	4	0	5	0	2	2	4	4	4	0	0
chr17	1117377	1117393	17	1	0	17	7	10	0	1	0	0	0	0	1	0	0	0	1	1	1	0	0	1	0	0	1	0	1	1	0	1	0	0	1	1	0	3	0	0
chr17	1117394	1117492	99	1	0	99	41	58	0	6	0	0	0	0	11	0	3	0	11	3	3	0	0	3	0	0	3	4	3	6	0	10	0	4	3	7	8	9	0	0
chr17	1117788	1117840	53	1	0	53	21	32	0	2	0	0	0	0	6	0	0	1	5	2	2	0	0	2	0	0	2	2	2	4	0	5	0	2	2	4	4	4	0	0
chr17	1117858	1117901	44	1	0	44	17	27	0	3	0	0	0	0	5	0	1	1	5	0	2	0	0	0	0	1	1	2	1	3	0	5	0	2	1	3	4	2	0	0
chr17	1117904	1117966	63	1	0	63	25	38	0	4	0	0	0	0	7	0	2	0	6	2	2	0	0	2	0	0	2	2	3	6	0	5	0	2	2	4	4	5	0	1
chr17	1117967	1118025	59	1	0	59	24	35	0	4	0	0	0	0	6	0	2	0	6	2	2	0	0	2	0	0	2	2	2	5	0	5	0	2	1	4	4	5	0	1
chr17	1118114	1118134	21	1	0	21	10	11	0	1	0	0	0	0	2	0	1	0	2	1	1	0	0	1	0	0	0	1	0	1	0	2	0	1	0	1	2	2	0	0
chr17	1118136	1118191	56	1	0	56	23	33	0	4	0	0	0	0	6	0	2	0	5	2	2	0	0	2	0	0	2	2	2	4	0	5	0	2	2	4	4	4	0	0
chr17	1118193	1118220	28	1	0	28	12	16	0	2	0	0	0	0	3	0	0	0	2	1	1	0	0	1	0	0	1	1	1	3	0	2	0	1	1	2	2	2	0	0
chr17	1118279	1118344	66	1	0	66	25	41	0	3	0	0	0	0	7	0	1	1	7	2	2	0	0	2	0	0	2	2	3	7	0	5	0	2	2	5	4	6	0	1
chr17	1118351	1118407	57	1	0	57	24	33	0	4	0	0	0	0	6	0	2	0	6	1	2	0	0	2	0	0	2	2	2	3	0	6	0	2	2	4	4	5	0	0
chr17	1118436	1118495	60	1	0	60	24	36	0	4	0	0	0	0	6	0	2	0	6	2	2	0	0	2	0	0	2	2	2	4	0	6	0	2	2	4	4	6	0	0
chr17	1118496	1118552	57	1	0	57	24	33	0	4	0	0	0	0	6	0	2	0	6	2	2	0	0	2	0	0	2	2	2	4	0	4	0	2	2	4	4	4	0	1
chr17	1118640	1118658	19	1	0	19	6	13	0	0	0	0	0	0	2	0	0	1	3	0	0	0	0	0	0	0	0	1	0	1	0	3	0	1	0	1	2	2	0	0
chr17	1118698	1118767	70	1	0	70	28	42	0	4	0	0	0	0	8	0	2	0	8	2	2	0	0	2	0	0	2	2	2	4	0	8	0	3	2	5	6	6	0	0
chr17	1118768	1118798	31	1	0	31	13	18	0	2	0	0	0	0	3	0	1	0	3	1	1	0	0	1	0	0	1	1	1	2	0	3	0	1	1	2	2	3	0	0
chr17	1118855	1118913	59	1	0	59	25	34	0	4	0	0	0	0	6	0	2	0	6	2	2	0	0	2	0	0	2	2	2	4	0	5	0	2	2	4	4	5	0	1
chr17	1118915	1119007	93	1	0	93	34	59	0	4	0	0	0	0	10	0	1	2	8	3	3	0	0	3	0	0	3	3	4	12	0	8	0	3	3	7	6	8	0	0
chr17	1119009	1119083	75	1	0	75	32	43	0	4	0	0	0	0	8	0	2	0	8	3	3	0	0	3	0	0	2	2	2	5	0	8	0	3	2	5	6	7	0	0
chr17	1119084	1119095	12	1	0	12	4	8	0	0	0	0	0	0	1	0	0	0	1	0	0	0	0	0	0	0	1	0	1	1	0	1	0	0	1	1	0	2	0	0
chr17	1119096	1119142	47	1	0	47	21	26	0	3	0	0	0	0	5	0	1	0	5	2	1	0	0	2	0	0	1	2	1	3	0	5	0	2	1	3	4	4	0	0
chr17	1119317	1120256	940	1	0	940	438	502	12	35	26	20	25	32	56	23	30	12	56	32	26	10	19	23	24	25	16	24	39	53	7	62	26	28	21	45	47	55	4	25
chr17	1120258	1121544	1287	1	0	1287	586	701	60	24	40	24	38	64	89	34	36	32	64	26	15	13	18	8	44	48	6	35	72	72	16	66	60	63	10	51	49	43	6	59
chr17	1121545	1122456	912	1	0	912	419	493	29	10	21	22	24	37	67	20	16	24	64	22	13	14	20	15	29	22	2	32	49	44	8	46	25	42	13	54	45	38	3	40
chr17	1122458	1123160	703	1	0	703	345	358	25	20	25	21	26	18	44	7	22	20	33	15	17	11	17	23	24	19	7	19	39	28	8	38	14	32	8	31	18	34	7	31
chr17	1123162	1123200	39	1	0	39	15	24	2	1	2	0	0	1	3	0	3	0	3	0	0	0	0	0	0	1	1	0	0	3	0	6	2	2	1	1	1	3	0	1
chr17	1123202	1128725	5524	1	0	5524	2116	3408	106	96	161	58	131	222	365	109	147	154	295	91	37	55	54	34	166	170	88	103	306	462	164	344	216	351	110	239	139	293	67	189
chr17	1128798	1129737	940	1	0	940	449	491	55	21	32	20	28	42	52	20	24	27	44	21	20	17	13	11	32	31	14	30	47	46	13	50	28	40	14	30	35	39	11	31
chr17	1129739	1129783	45	1	0	45	21	24	1	4	1	0	2	1	2	2	3	0	3	0	0	1	1	0	2	2	0	1	3	3	0	2	0	3	0	1	2	0	0	3
chr17	1129785	1131226	1442	1	0	1442	670	772	53	32	45	46	51	79	82	46	50	34	59	33	21	11	17	9	64	50	12	30	73	85	18	66	75	46	25	52	46	61	13	56
chr17	1131271	1131477	207	1	0	207	83	124	10	0	5	5	10	27	14	5	0	2	5	0	0	0	0	0	14	5	4	5	8	16	0	9	32	8	6	8	2	4	0	1
chr17	1131479	1131523	45	1	0	45	16	29	2	0	1	1	2	5	3	1	0	0	1	0	0	0	0	0	2	1	1	1	2	4	0	2	7	2	2	2	0	1	0	0
chr17	1131532	1131669	138	1	0	138	54	84	6	0	3	3	6	18	9	3	0	2	4	0	0	0	0	0	11	3	3	3	4	14	0	6	19	4	3	6	2	3	0	1
chr17	1131670	1131693	24	1	0	24	12	12	2	0	0	1	2	3	2	1	0	0	0	0	0	0	0	0	1	1	0	1	1	0	0	1	5	1	0	0	0	0	0	0
chr17	1131695	1131842	148	1	0	148	53	95	6	0	3	3	6	16	10	3	0	0	5	0	0	0	0	0	6	3	4	3	6	13	0	6	22	6	12	8	0	3	0	2
chr17	1131844	1132377	534	1	0	534	243	291	19	6	15	10	19	47	26	16	8	6	25	10	4	7	5	20	35	12	7	11	20	32	3	30	40	21	15	14	13	19	1	16
chr17	1132381	1134678	2298	1	0	2298	1258	1040	166	65	72	99	87	71	111	69	67	44	97	59	83	54	48	65	76	70	24	64	97	61	30	93	74	88	18	77	91	62	20	94
chr17	1134680	1134702	23	1	0	23	8	15	0	1	0	0	1	3	0	0	0	1	1	0	0	0	0	0	2	2	0	1	1	2	2	1	1	1	0	0	0	1	0	0
chr17	1134704	1134972	269	1	0	269	104	165	6	7	5	2	3	16	16	4	5	6	12	6	6	3	5	2	8	9	8	6	12	18	11	14	14	13	8	13	5	16	3	5
chr17	1134974	1135021	48	1	0	48	27	21	0	0	2	3	1	3	2	2	1	0	1	2	3	0	3	3	1	1	0	1	2	1	0	1	4	0	0	5	1	2	0	1
chr17	1135023	1135967	945	1	0	945	465	480	71	18	25	30	30	37	65	14	21	20	58	18	21	6	9	20	29	25	3	24	42	41	14	51	37	47	6	44	39	35	5	38
chr17	1135969	1136003	35	1	0	35	24	11	2	1	1	4	2	1	1	2	3	0	1	0	1	1	1	2	2	1	0	0	1	0	0	0	1	0	0	1	2	0	0	2
chr17	1136005	1137012	1008	1	0	1008	524	484	66	32	49	22	41	40	60	18	44	17	38	31	17	14	20	13	42	21	5	35	41	23	11	49	30	42	12	42	46	38	6	41
chr17	1137045	1137442	398	1	0	398	187	211	19	9	9	10	9	19	22	4	10	10	25	8	9	6	13	4	10	13	4	17	19	14	9	17	9	21	9	15	16	11	6	20
chr17	1137445	1137470	26	1	0	26	9	17	0	0	0	1	0	0	1	0	1	0	3	0	0	0	1	1	0	0	0	0	1	3	1	2	0	1	1	2	0	4	0	1
chr17	1137472	1139107	1636	1	0	1636	869	767	136	53	62	39	62	70	82	47	42	34	64	33	49	31	29	35	69	51	16	52	75	43	22	64	64	56	14	68	53	54	12	53
chr17	1139110	1141764	2655	1	0	2655	1298	1357	144	68	93	65	83	94	152	78	82	69	117	66	61	41	39	45	83	90	25	74	133	107	47	129	83	111	34	106	108	108	26	92
chr17	1141765	1143155	1391	1	0	1391	597	794	47	21	32	35	34	45	100	26	37	36	82	29	18	19	21	14	43	32	8	38	73	99	28	72	38	72	26	80	51	68	20	45
chr17	1143174	1143198	25	1	0	25	7	18	0	0	0	0	0	0	3	0	0	1	3	0	0	0	0	0	1	0	0	0	1	3	0	1	1	0	1	5	0	2	1	0
chr17	1143201	1143299	99	1	0	99	28	71	0	0	0	1	0	0	11	1	1	4	9	0	0	0	0	0	4	0	0	0	6	19	0	6	1	1	4	14	1	10	4	0
chr17	1143355	1143382	28	1	0	28	10	18	0	0	0	1	0	0	3	1	1	1	3	0	0	0	0	0	1	0	0	0	1	3	0	1	0	0	1	5	1	2	1	0
chr17	1143383	1143524	142	1	0	142	39	103	0	0	0	2	0	0	16	2	2	4	13	0	0	0	0	0	4	0	0	0	8	28	0	7	4	4	6	21	2	11	6	0
chr17	1143543	1144600	1058	1	0	1058	483	575	40	26	30	20	35	37	66	37	27	24	49	32	15	13	13	17	40	22	17	21	59	55	18	48	41	60	18	43	35	43	9	46
chr17	1144602	1144628	27	1	0	27	7	20	0	0	0	0	0	1	3	0	0	0	2	0	0	0	0	0	0	0	0	1	2	4	0	2	1	5	0	2	2	0	0	0
chr17	1144630	1146260	1631	1	0	1631	765	866	64	28	59	53	46	67	105	27	54	40	81	29	40	20	25	27	43	53	16	43	86	77	21	96	64	78	18	65	52	72	15	65
chr17	1146261	1146619	359	1	0	359	159	200	3	4	11	5	7	42	19	18	10	8	10	9	3	3	4	2	33	12	3	9	25	20	4	12	13	17	1	13	15	12	0	10
chr17	1146636	1146874	239	1	0	239	85	154	0	0	0	2	2	45	19	10	0	4	0	0	0	1	1	0	9	22	3	16	46	0	0	4	21	28	0	0	1	0	3	0
chr17	1146876	1146892	17	1	0	17	7	10	0	0	0	0	0	2	1	2	0	1	0	0	0	0	0	0	2	1	0	1	1	0	1	0	1	1	0	0	1	0	0	0
chr17	1146902	1148964	2063	1	0	2063	941	1122	90	43	66	44	56	112	117	64	64	51	81	37	33	31	27	25	72	72	30	63	122	107	48	84	74	100	26	89	81	81	16	55
chr17	1148966	1149045	80	1	0	80	30	50	0	1	2	1	2	2	6	1	2	2	7	1	0	1	1	0	1	1	2	2	4	3	2	6	3	5	2	6	3	5	2	2
chr17	1149063	1150668	1606	1	0	1606	760	846	84	38	45	41	47	75	87	31	42	44	85	32	35	23	30	20	67	51	20	42	74	74	39	69	45	75	23	63	55	57	18	73
chr17	1150674	1151592	919	1	0	919	422	497	24	27	24	15	22	47	57	27	28	22	52	16	16	15	17	12	40	34	16	21	40	48	8	53	37	33	12	36	37	35	6	40
chr17	1151603	1152081	479	1	0	479	227	252	27	12	15	6	12	20	25	9	13	12	23	19	7	8	13	4	18	13	7	14	20	19	11	30	11	21	5	15	17	27	7	17
chr17	1152083	1152098	16	1	0	16	7	9	0	0	0	0	0	0	1	1	0	1	1	2	0	0	0	0	0	1	0	0	2	0	0	1	0	0	0	0	0	1	2	1
chr17	1152100	1152247	148	1	0	148	68	80	8	4	2	2	2	8	6	2	3	2	8	3	3	4	9	1	4	5	3	6	5	6	4	7	6	7	4	6	3	4	3	6
chr17	1152249	1152282	34	1	0	34	13	21	0	0	0	0	0	0	4	0	0	2	5	0	0	1	1	0	2	0	0	1	2	1	0	1	0	2	1	3	0	1	1	4
chr17	1152286	1153440	1155	1	0	1155	530	625	70	24	29	22	38	55	78	29	20	30	47	32	16	18	15	5	47	39	8	33	69	66	16	58	41	62	17	40	43	42	5	39
chr17	1153446	1153544	99	1	0	99	26	73	0	0	0	0	0	8	9	0	0	3	3	0	0	1	1	0	4	6	1	0	7	16	3	10	6	7	2	3	0	7	0	0
chr17	1153545	1153582	38	1	0	38	9	29	0	0	0	0	0	2	4	0	0	1	2	0	0	0	0	0	1	2	0	0	2	6	2	3	3	2	2	1	0	3	0	0
chr17	1153583	1153631	49	1	0	49	12	37	0	0	0	0	0	4	5	0	0	2	1	0	0	0	0	0	2	3	0	0	4	8	1	4	3	4	1	2	0	3	0	0
chr17	1153641	1153660	20	1	0	20	5	15	0	0	0	0	0	2	2	0	0	1	0	0	0	0	0	0	1	1	0	0	2	3	0	1	1	2	0	1	0	1	0	0
chr17	1153661	1153747	87	1	0	87	22	65	0	0	0	0	0	6	8	0	0	3	3	0	0	1	1	0	3	5	1	0	6	15	3	8	5	6	2	3	0	6	0	0
chr17	1153748	1155954	2207	1	0	2207	948	1259	68	44	69	40	60	98	127	66	66	55	94	55	27	26	34	19	74	74	29	46	125	144	54	118	93	113	35	83	59	110	24	76
chr17	1155955	2114205	958251	1	0	958251	463420	494831	53220	21986	29622	26281	28596	36784	53092	23918	28047	21677	46011	21909	21245	16335	18028	16668	31422	28129	9956	27275	45130	44508	17464	46514	32182	43472	14941	36193	33656	37507	9711	36770
chr17	2114206	2370205	256000	2	0	256000	138641	117359	17808	6899	9345	9263	8816	8999	12393	7653	8852	5279	10495	6294	7838	5474	6098	7134	9349	7058	1922	8321	11035	8437	2540	10594	8038	8352	2287	8505	9439	8759	1811	10911
chr17	2370206	2447796	77591	1	0	77591	36839	40752	4119	1780	2463	1980	2199	3041	4356	1916	2378	1785	3595	1575	1646	1244	1451	1311	2560	2221	828	2241	3664	4069	1542	3724	2689	3612	1279	2988	2599	3097	727	2910
chr17	2447797	2447822	26	2	0	26	4	22	0	0	0	0	0	1	1	0	0	1	1	0	0	0	0	0	0	2	0	0	1	9	1	1	0	2	1	1	1	1	0	0
chr17	2447823	2807205	359383	1	0	359383	188168	171215	24517	8980	11667	12587	12036	12951	18001	10118	10762	7428	15546	8812	10436	7154	7613	9559	12519	10117	3067	10810	16041	13388	4860	15682	11510	13888	4457	12327	13037	12579	2924	14008
chr17	2807206	2987205	180000	2	0	180000	88544	91456	10197	4326	5769	5120	5615	6943	9998	4855	5539	3981	8540	4186	4060	2948	3251	3215	6057	5479	1756	4906	8813	8109	2596	8781	6107	7670	2216	6719	6434	7040	1620	7152
chr17	2987206	3106205	119000	3	0	119000	64682	54318	7625	3212	4356	4523	4176	4085	5820	4041	4377	2563	4582	3054	3538	2373	2541	3814	4666	3143	896	3528	5170	4260	1025	4952	3696	3692	810	3904	4591	4312	757	4916
chr17	3106206	3426205	320000	4	0	320000	188610	131390	24097	9615	12659	15470	12507	9594	12804	12211	13047	6203	10889	9187	12190	7242	8041	12853	13163	7714	1810	9967	12194	8276	1751	11180	9048	7030	1458	8472	12711	10382	1459	14774
chr17	3426206	3516205	90000	3	0	90000	53341	36659	6941	2778	3502	4513	3459	2638	3512	3334	3582	1685	2931	2504	3752	2139	2389	3680	3665	2074	530	2971	3276	2298	627	3073	2489	2100	503	2350	3513	2802	448	3940
chr17	3516206	3607205	91000	2	0	91000	43316	47684	4455	1968	2789	2171	2674	3615	5267	2678	2515	2150	4525	2248	1738	1393	1618	1511	2998	2748	855	2525	4780	4432	1323	4728	3219	4157	1062	3418	3236	3926	748	3528
chr17	3607206	4171155	563950	1	0	563950	279737	284213	30887	13224	18870	16212	17133	21449	31216	15499	17801	12816	26191	12973	13372	9766	10904	11422	19332	16298	5236	16390	26423	24909	7969	27519	19065	23708	6915	20668	20478	21905	4794	22604
chr17	4171156	5383568	1212413	1	0	1212413	622228	590185	74731	29966	40784	39662	39950	44032	62424	34119	38246	26038	54581	28985	32216	22774	26019	27700	41648	35113	9536	36513	56165	49220	15630	55983	39089	47474	13832	42131	43623	45192	9854	49181
chr17	5383569	5426179	42611	1	0	42611	24463	18148	3228	1276	1598	1877	1563	1414	1905	1314	1529	814	1521	1108	1659	1120	1096	1441	1642	1117	315	1549	1696	1051	311	1541	1209	1159	296	1288	1649	1271	310	1742
chr17	5426180	5540179	114000	2	0	114000	61353	52647	7265	3121	4234	4192	3991	3818	5610	3563	4060	2471	4556	2922	3498	2371	2686	2993	4163	3191	789	3638	4966	3862	1128	4903	3530	3664	1015	3789	4323	4142	788	4756
chr17	5540180	5677179	137000	3	0	137000	74075	62925	8176	3625	5441	5007	4902	4742	6803	4673	5248	2977	5840	3499	3922	2496	3112	3610	5289	3626	772	4153	6026	4746	858	6031	4452	4108	648	4652	5353	5181	670	6360
chr17	5677180	5803179	126000	4	0	126000	67854	58146	7313	3335	4880	4695	4504	4281	6225	4408	4791	2740	5446	3222	3615	2259	2773	3367	4622	3475	700	3818	5631	4513	883	5439	4218	3720	690	4236	4945	4758	665	5831
chr17	5803180	6287179	484000	5	0	484000	261495	222505	29346	12426	18313	18393	16863	16892	23689	17157	17976	10372	19870	12864	14293	8786	10446	13807	18204	12905	3118	14250	21497	17143	3685	20761	15887	15099	3000	15874	19013	17939	2697	21433
chr17	6287180	6389179	102000	4	0	102000	56380	45620	6430	2713	3932	4096	3693	3493	4842	3742	3848	2119	4039	2795	3200	1960	2241	3237	4017	2646	593	3029	4399	3317	641	4155	3352	2971	508	3189	4002	3576	542	4681
chr17	6389180	6652226	263047	3	0	263047	135336	127711	14213	6468	9849	8425	8393	9109	13760	8290	9456	5865	11841	6288	6893	4632	5584	6269	9558	7085	1907	7524	11889	11464	2750	12570	8645	9585	2129	9154	9461	10539	1664	11786
chr17	6652228	6838180	185953	3	0	185953	101191	84762	11606	4881	7224	7198	6708	6202	8764	6243	6946	3987	7528	4864	5649	3623	4283	5485	7121	4950	1166	5456	8131	6445	1490	7860	5797	5698	1317	6004	6868	6833	1145	8479
chr17	6838181	7153180	315000	2	0	315000	169568	145432	20801	8496	11372	12049	11078	10655	14677	9725	11267	6454	13048	8153	9572	6090	7195	8935	11278	8653	2285	9479	13786	11769	3331	13386	9469	10263	2851	9959	11602	11587	2265	13468
chr17	7153181	7513766	360586	1	0	360586	167923	192663	16790	7724	11589	8861	10623	13685	19517	9103	10798	8319	17854	7937	6753	5797	6857	5715	11011	11325	3392	9797	18294	20443	6765	18827	11801	17041	5901	13157	11823	15519	3530	14036
chr17	7513777	7566968	53192	1	0	53192	26955	26237	3399	1318	1819	1615	1727	1902	2700	1415	1686	1092	2501	1243	1339	944	1048	1207	1681	1594	420	1561	2528	2326	743	2542	1689	2159	675	1795	1845	2061	446	2170
chr17	7566969	8434181	867213	1	0	867213	433234	433979	48197	20356	30093	25956	27781	30971	44584	23723	28058	19160	40259	21357	20565	15158	18333	18682	27861	25605	7153	25026	40972	39686	12686	42025	27873	35004	10934	30319	30353	35073	7509	35899
chr17	8434182	8641181	207000	2	0	207000	118935	88065	15489	6062	8248	9248	7411	6603	8883	7082	8014	3961	7173	5366	8133	4585	5206	7470	8137	4920	1425	6729	7710	5607	1692	7662	6222	5661	1499	6286	7911	6484	1286	8833
chr17	8641182	8821896	180715	3	0	180715	98182	82533	11617	4841	6910	6953	6491	6112	8413	5841	6675	3850	7464	4702	5538	3336	4166	5272	6727	4800	1183	5429	7880	6438	1509	7764	5476	5595	1345	5695	6775	6758	1093	8065
chr17	8821898	8956182	134285	3	0	134285	70527	63758	7600	3270	4908	4540	4304	4903	6744	4449	4745	2958	5778	3243	3670	2522	2962	3930	4956	3784	1002	3911	6073	5567	1209	6137	4512	4440	941	4501	4859	5196	826	5843
chr17	8956183	9063182	107000	2	0	107000	57814	49186	7176	2863	3988	4190	3834	3581	4814	3546	3931	2176	4219	2693	3276	2105	2363	3058	3926	2821	809	3169	4547	3840	1244	4362	3300	3588	1216	3344	4002	3745	763	4509
chr17	9063183	9253182	190000	3	0	190000	93398	96602	9506	4441	6580	5258	5979	7572	10719	5783	6293	4420	8758	4288	4007	2944	3448	3401	6945	5718	1498	5217	9526	9026	2228	9471	6677	7821	1745	6970	6905	7686	1321	7847
chr17	9253183	9689182	436000	4	0	436000	247161	188839	32843	12561	16227	18589	15896	14221	19070	14422	15953	8308	16702	11552	15529	9597	10576	15113	16537	11228	3052	13870	17402	12229	3577	16731	12855	12429	3284	13130	16815	14053	2803	18844
chr17	9689183	9870182	181000	5	0	181000	98847	82153	11720	4859	6642	6996	6279	6532	8557	6198	6625	3778	7315	4750	5593	3523	4065	5413	7137	4872	1288	5395	7856	6018	1409	7643	5694	5517	1259	5596	6879	6519	1126	7945
chr17	9870183	10047182	177000	6	0	177000	92363	84637	10084	4456	6517	5868	5865	6402	9109	5904	6265	4076	7457	4411	4711	3094	3780	4363	6582	4959	1395	5092	8170	6985	1643	8083	6030	6021	1378	6089	6498	6916	1196	7599
chr17	10047183	10536182	489000	7	0	489000	275312	213688	34121	13318	19552	20802	17819	15762	21819	16980	18941	9719	18913	13057	16912	10212	11515	15869	18389	12341	2915	15365	19983	14438	3461	19295	14868	13654	3160	15188	19140	16744	2794	21952
chr17	10536183	10621182	85000	6	0	85000	49832	35168	6527	2391	3327	4152	3233	2578	3518	3012	3257	1612	3017	2280	3380	1956	2128	3462	3216	2022	482	2817	3208	2139	515	3095	2518	2104	448	2438	3399	2692	435	3640
chr17	10621183	10706182	85000	5	0	85000	47037	37963	6054	2390	3372	3365	3049	2713	3876	2659	3220	1708	3369	2195	2859	1680	1950	2577	3016	2119	654	2702	3451	2562	814	3451	2605	2641	747	2708	3225	2956	605	3706
chr17	10706183	10872182	166000	4	0	166000	89997	76003	10095	4269	6651	6232	5780	5702	8015	5696	6357	3451	6894	4307	5016	3206	3707	4617	6066	4427	1037	5098	7420	5720	1127	7271	5350	5154	975	5349	6358	6237	865	7549
chr17	10872183	10942182	70000	5	0	70000	40053	29947	4794	1990	2876	3119	2694	2237	3026	2583	2838	1429	2626	1881	2452	1439	1768	2299	2724	1727	341	2303	2803	2041	318	2729	2157	1709	269	2051	2856	2414	292	3213
chr17	10942183	11022182	80000	6	0	80000	46573	33427	5767	2318	3361	3643	3138	2390	3404	3032	3298	1606	2921	2283	2886	1637	2049	2840	3153	1958	349	2490	3118	2107	313	2996	2388	1843	239	2364	3305	2626	291	3885
chr17	11022183	11134182	112000	7	0	112000	65423	46577	8068	3238	4602	5216	4249	3563	4482	4314	4495	2152	4013	3045	4312	2453	2890	4329	4530	2711	587	3580	4341	2897	520	4152	3278	2587	475	3214	4459	3715	490	5041
chr17	11134183	11318182	184000	8	0	184000	104317	79683	12433	5113	7704	7918	6868	5819	7947	6589	7476	3675	6966	4899	6393	3719	4558	6238	7035	4456	1041	5794	7187	5350	1252	7140	5832	4778	1109	5693	7169	6345	954	8548
chr17	11318183	11665182	347000	9	0	347000	197110	149890	23028	9659	14224	14773	12748	10977	15269	12895	13804	7093	13278	9286	12104	7302	8563	12105	13696	8453	1848	11034	13996	10113	1862	13737	10733	8947	1614	10396	13465	12195	1634	16167
chr17	11665183	11797182	132000	8	0	132000	76471	55529	9400	3746	5353	6039	4867	4091	5651	4987	5252	2606	4786	3589	5019	2798	3220	5067	5179	3278	688	4096	5127	3551	725	4880	4038	3167	579	3986	5252	4288	646	6047
chr17	11797183	11868182	71000	7	0	71000	41135	29865	5180	2095	2940	3167	2723	2143	2982	2578	2895	1368	2633	1975	2584	1499	1730	2641	2682	1731	366	2326	2789	1826	409	2644	2130	1702	364	2024	2825	2409	347	3291
chr17	11868183	12205182	337000	6	0	337000	201138	135862	27191	10314	13577	16741	12746	9832	13435	12158	13443	6133	10988	9259	14443	8076	8937	13864	13647	7870	1738	11100	12296	8049	1848	11797	9093	7809	1631	9161	13136	10262	1545	14879
chr17	12461183	12557182	96000	8	0	96000	58911	37089	8018	2975	3949	5293	3932	2726	3518	3606	4037	1790	2977	2624	4248	2377	2580	4259	3997	2128	508	3236	3326	1900	380	3040	2574	1865	341	2366	3886	2753	407	4382
chr17	12557183	12682182	125000	7	0	125000	74504	50496	9868	3666	5075	6344	4732	3670	4816	4665	5166	2362	4329	3374	5187	2774	3136	5339	5059	2790	705	3918	4388	3119	724	4287	3532	2746	632	3364	4905	3862	677	5787
chr17	12682183	13087182	405000	6	0	405000	230575	174425	29088	11319	16115	17698	14830	12976	17739	14203	15794	8167	15178	10679	14508	8597	9749	13934	15754	10103	2478	12724	16132	11517	2741	15650	12204	10787	2393	12124	15659	13633	2242	18283
chr17	13087183	13205182	118000	5	0	118000	70945	47055	9582	3479	5026	6097	4620	3401	4504	4380	4944	2166	3961	3181	5036	2697	3025	4844	4722	2652	573	3796	4240	2799	515	4110	3281	2597	401	3117	4662	3616	481	5493
chr17	13205183	13646182	441000	6	0	441000	265922	175078	35792	13120	18440	22822	17017	12582	16835	16266	18474	8155	14450	12061	18891	10139	11503	19375	17719	9684	2294	14299	15439	10134	2182	14954	11994	9478	1957	11802	17548	13413	2007	20172
chr17	13646183	13864182	218000	5	0	218000	132151	85849	17383	6420	9125	11293	8502	6130	8321	8283	9109	4102	7015	5899	9227	5013	5625	10703	8807	4823	1052	6983	7713	5031	892	7338	6033	4507	736	5808	8683	6612	872	9958
chr17	13864183	14087182	223000	6	0	223000	130905	92095	16678	6566	9207	10608	8459	6603	9258	8161	8970	4305	7860	6054	8952	4842	5725	8657	8701	5297	1137	7181	8404	5818	1084	8211	6457	5338	895	6382	8918	7064	930	10276
chr17	14087183	14167182	80000	7	0	80000	50948	29052	7221	2580	3439	4751	3081	2123	2740	3188	3364	1354	2153	2226	4325	2160	2312	3931	3463	1568	358	2828	2377	1344	229	2308	2060	1302	175	1941	3232	2044	256	3565
chr17	14167183	14387182	220000	6	0	220000	124449	95551	15532	6224	8765	9588	7966	7140	9638	7652	8578	4381	8305	5679	8033	4637	5189	7141	8663	5505	1394	6819	8690	6667	1642	8533	6593	5905	1433	6763	8450	7455	1255	9783
chr17	14387183	14990182	603000	7	0	603000	361443	241557	47656	18093	25230	30776	23783	17369	23230	22920	25336	11244	20144	16608	24980	13650	15762	24662	24405	13784	2911	19256	21941	14284	2637	20813	17019	12815	2180	16178	23937	18792	2484	28119
chr17	14990183	15100182	110000	6	0	110000	65243	44757	8474	3146	4417	5604	4156	3247	4384	4096	4553	2119	3822	3062	4458	2546	2717	4440	4410	2573	584	3491	4025	2818	590	3924	3056	2436	492	2802	4393	3530	510	5123
chr17	15100183	15198182	98000	5	0	98000	57292	40708	7244	2862	4164	4649	3761	2987	3971	3592	4053	1914	3424	2580	3860	2138	2449	3643	3911	2415	477	3097	3723	2598	541	3600	2829	2301	419	2825	3848	3148	489	4486
chr17	15198183	15438182	240000	4	0	240000	137223	102777	16834	6928	9502	10779	9176	7638	10368	8882	9525	4866	8718	6449	8508	4851	5807	8392	9512	5921	1461	7388	9672	6815	1481	8886	7396	6131	1327	7228	9484	7987	1193	10893
chr17	15438183	15440207	2025	3	0	2025	1171	854	137	78	87	87	88	70	70	84	87	38	60	45	77	40	61	62	89	48	17	71	82	62	8	71	71	40	6	57	69	73	9	79
chr17	15440211	15506084	65874	3	0	65874	35561	30313	3924	1835	2624	2381	2328	2442	3164	2230	2591	1427	2748	1651	1921	1123	1486	1686	2688	1672	436	2031	2870	2384	439	2799	2098	1931	420	2126	2508	2505	339	3065
chr17	15506085	15506115	31	6	0	31	9	22	0	0	0	0	0	1	5	0	0	1	1	0	0	0	0	0	0	1	0	1	2	2	0	3	4	3	0	3	0	2	0	0
chr17	15506116	16251185	745070	3	0	745070	424623	320447	56791	21025	27983	32721	26409	24032	33074	25236	27070	14495	27382	19161	28250	16617	18165	26212	28696	18531	4586	24356	29444	21174	6007	28387	22128	21562	5226	22240	28483	23745	4259	31621
chr17	16251186	16645185	394000	2	0	394000	212425	181575	26511	10307	14245	14956	13829	13542	19211	12144	13324	8011	16462	9632	12356	7863	8915	11116	14427	10557	2466	12273	17193	13466	3685	17211	12527	13751	3670	12920	14579	13781	2639	16429
chr17	16645186	16747185	102000	3	0	102000	61731	40269	9016	3114	3944	5464	3845	2817	3917	3708	4056	1817	3307	2740	4620	2428	2548	4388	4061	2252	550	3313	3468	2260	751	3305	2691	2356	666	2675	4067	2916	515	4423
chr17	16747186	16858185	111000	2	0	111000	59397	51603	6647	2967	4111	4022	3823	3856	5750	3656	3976	2379	4508	2820	3301	2078	2465	3038	4219	3117	638	3305	4978	4356	827	4866	3703	3520	630	3759	4184	4034	561	4904
chr17	16858186	18380185	1522000	1	0	1522000	742390	779610	76517	34740	51327	40681	47625	59847	89023	44639	46316	35177	68869	33060	32807	24660	29241	27860	54334	45352	11522	43215	76548	72006	18221	77182	56448	67217	15696	58445	53804	59382	10619	59618
chr17	18380186	18594745	214560	2	0	214560	115172	99388	13290	5703	7987	7976	7325	7531	10882	7034	7837	4607	8586	5235	6504	4037	4598	6039	8196	5847	1428	6408	9455	8288	1824	9221	7067	6877	1384	7128	8054	7776	1138	9296
chr17	18594747	18863186	268440	2	0	268440	153281	115159	20165	7647	10100	11886	9574	8472	11643	9240	9770	5354	9856	7034	10289	5982	6694	9573	10246	6590	1741	8879	10389	7463	2295	10056	7869	7614	2052	7951	10425	8536	1646	11407
chr17	18863187	19025186	162000	1	0	162000	80170	81830	8905	3876	5287	4561	5282	6281	9259	4600	4689	3669	7272	3622	3752	2663	3154	3297	5661	4829	1218	4781	8292	7534	1884	8011	5638	7239	1515	5975	5831	6119	1097	6205
chr17	19238187	19250186	12000	4	0	12000	6309	5691	847	306	425	425	403	435	623	325	391	250	517	278	362	235	263	224	413	329	86	398	568	436	123	514	366	447	121	452	439	430	103	464
chr17	19250187	19276186	26000	3	0	26000	13845	12155	1672	721	930	873	907	993	1391	860	923	577	1051	595	694	457	577	624	1075	715	145	813	1214	910	166	1171	889	888	153	868	972	948	130	1096
chr17	19276187	19309186	33000	2	0	33000	16941	16059	1991	836	1195	995	1092	1270	1876	1024	1108	736	1410	740	826	556	668	617	1231	954	226	987	1562	1265	296	1551	1185	1283	249	1275	1284	1173	201	1336
chr17	19309187	19404186	95000	1	0	95000	46832	48168	4724	2193	3280	2652	3049	3554	5509	2928	2922	2214	4187	2138	2154	1559	1877	1892	3425	2739	630	2726	4799	4626	1010	4762	3396	4141	840	3611	3419	3692	596	3754
chr17	19404187	19516186	112000	2	0	112000	58851	53149	6948	2821	3958	4027	3967	3962	5581	3520	3675	2383	4864	2868	3163	1982	2348	2783	4018	3135	724	3271	5244	4334	1162	5034	3656	4155	976	3649	4112	4149	732	4797
chr17	19516187	19582186	66000	3	0	66000	34596	31404	4243	1714	2301	2336	2306	2369	3429	1860	2185	1398	2773	1699	1859	1196	1386	1541	2317	1908	473	1979	2995	2402	735	2993	2171	2404	726	2245	2481	2410	492	2672
chr17	19582187	19778186	196000	2	0	196000	104460	91540	12523	5032	6959	7241	6819	6933	9845	6224	6343	4101	7981	4734	6069	3763	4451	5441	7295	5222	1254	6058	8690	7297	1916	8539	6675	7045	1681	6708	7161	6878	1189	7931
chr17	19778187	19899186	121000	1	0	121000	69241	51759	10065	3362	4452	5309	4413	3937	5293	3742	4119	2232	4635	3094	4591	2856	2992	4147	4532	3088	734	4034	4708	3175	1028	4585	3546	3609	964	3675	4599	3624	780	5078
chr17	19899187	20118186	219000	2	0	219000	125541	93459	17246	6228	8233	9789	7963	7020	9616	7221	7872	4173	8098	5553	8415	4922	5419	7772	8269	5491	1316	7267	8551	5880	1726	8268	6620	6271	1546	6557	8380	6782	1260	9274
chr17	20118187	20282186	164000	3	0	164000	95091	68909	12718	4806	6577	7382	6100	5184	7402	5731	6342	3255	5564	4080	6323	3705	4000	5921	6679	3942	856	5473	6215	4302	971	6067	5221	4240	819	4882	6302	5071	748	7120
chr17	20282187	20488186	206000	4	0	206000	117735	88265	15141	6058	7950	9078	7569	6716	9378	7351	7957	4067	7293	5382	7559	4403	4913	6919	8403	5069	1198	6574	8163	5905	1330	7662	6348	5490	1101	6323	8100	6596	1027	8975
chr17	20488187	20861186	373000	5	0	373000	207005	165995	26559	9900	13489	15532	12928	12766	17537	12467	13091	7444	14289	9326	12901	7694	8458	12623	14172	9675	2380	11577	15604	12288	3189	15079	11937	11806	2591	11546	13984	12391	2204	15571
chr17	20861187	20967186	106000	4	0	106000	63483	42517	8937	3178	3923	5533	3973	3177	4139	4072	4087	1980	3341	2688	4575	2609	2693	4577	4494	2422	654	3374	3760	2565	700	3527	3079	2453	622	2770	4027	3112	532	4425
chr17	20967187	21223186	256000	3	0	256000	135274	120726	16471	6874	9061	8831	8824	9415	13216	8004	8553	5551	10341	6025	7389	4943	5536	6238	9864	7063	1909	7947	11562	9260	2619	11260	8584	9208	2239	8741	9450	9170	1643	10207
chr17	21223187	21253217	30031	4	0	30031	13741	16290	1093	564	957	633	822	1276	1891	930	863	731	1447	711	469	408	533	412	980	967	225	807	1721	1668	380	1705	1153	1504	280	1147	1065	1335	183	1169
chr17	21253219	21274187	20969	4	0	20969	10565	10404	1286	492	661	659	689	786	1150	617	615	432	966	515	508	357	394	437	704	586	156	621	995	857	269	996	754	892	296	748	789	781	153	806
chr17	21274188	21331187	57000	5	0	57000	25922	31078	2261	1202	1759	1207	1602	2288	3659	1637	1603	1410	2651	1107	963	798	922	851	1956	1768	499	1475	2995	3251	919	3176	2368	2949	707	2244	1867	2373	433	2098
chr17	21331188	21452187	121000	6	0	121000	56226	64774	4495	2402	3939	2930	3365	5078	7473	4095	3770	2829	5586	2798	2136	1468	1993	1867	4362	3495	905	3015	6651	6959	1410	6460	4735	5773	1198	4828	4263	5253	779	4688
chr17	21452188	21481299	29112	5	0	29112	14702	14410	1386	768	1044	889	882	1048	1576	970	1069	649	1303	722	751	424	604	615	1075	762	231	822	1311	1425	283	1440	1024	998	278	1018	1066	1274	156	1247
chr17	21481301	21484059	2759	5	0	2759	1590	1169	227	91	105	116	99	97	120	108	119	42	106	80	94	64	46	74	120	71	20	83	110	93	12	109	76	57	5	66	118	103	7	119
chr17	21484060	21499425	15366	5	0	15366	8657	6709	1061	456	615	625	608	508	764	510	558	348	585	423	530	287	318	459	645	398	72	484	650	416	81	614	488	422	67	457	607	525	56	727
chr17	21499427	21504527	5101	5	0	5101	2759	2342	290	126	200	206	180	203	252	185	196	122	192	126	157	75	113	135	219	126	41	140	225	157	34	209	179	153	32	190	197	190	31	218
chr17	21504533	21505051	519	5	0	519	290	229	26	22	30	20	25	12	15	23	34	3	20	9	13	13	10	14	21	15	4	10	26	12	2	20	15	15	6	16	14	18	5	29
chr17	21505053	21505081	29	5	0	29	23	6	12	1	0	1	0	1	0	1	0	0	0	0	3	0	1	2	1	1	0	0	0	0	0	1	1	1	0	0	0	0	0	0
chr17	21505085	21512965	7881	5	0	7881	4028	3853	466	225	282	258	235	267	393	236	271	191	271	170	259	147	154	202	284	246	76	224	335	376	142	360	254	297	114	241	258	293	76	276
chr17	21513028	21513054	27	5	0	27	9	18	0	1	0	0	0	3	2	0	1	0	1	0	0	0	0	0	0	1	2	1	2	1	1	2	1	2	1	0	1	2	0	0
chr17	21513056	21513556	501	5	0	501	302	199	22	5	6	42	10	10	10	13	4	13	5	12	39	26	22	63	12	18	9	15	17	24	15	12	5	12	13	11	9	13	7	5
chr17	21513558	21518434	4877	5	0	4877	2705	2172	321	142	227	177	191	156	232	153	191	118	168	119	165	95	109	139	210	131	27	143	198	188	25	200	153	125	25	151	172	167	15	242
chr17	21518435	21531238	12804	5	0	12804	6898	5906	750	310	454	535	442	467	644	420	429	260	509	307	429	234	247	460	470	348	92	360	590	512	90	552	437	406	85	458	476	478	67	484
chr17	21531239	21536695	5457	6	0	5457	2856	2601	271	179	208	167	186	216	300	230	219	106	204	101	149	88	103	128	237	162	33	158	256	188	41	239	230	180	31	215	208	194	25	203
chr17	21536696	21559982	23287	6	0	23287	13755	9532	1911	708	887	1137	861	755	961	867	931	417	721	598	940	547	577	936	1035	531	137	725	830	659	147	791	674	532	136	668	905	705	94	962
chr17	21559983	21576641	16659	6	0	16659	9547	7112	1127	474	658	762	659	559	706	653	645	386	533	456	589	320	356	663	749	412	99	479	678	510	95	651	473	419	78	448	676	593	76	675
chr17	21576642	21577233	592	6	0	592	429	163	79	17	22	54	26	9	12	21	25	8	22	17	42	21	12	40	26	10	2	17	11	4	0	8	3	3	0	6	28	6	2	37
chr17	21577234	21588233	11000	7	0	11000	7080	3920	1071	350	373	753	420	273	359	472	424	163	286	278	633	297	299	627	427	248	48	360	358	198	44	304	303	202	38	239	436	256	44	415
chr17	22159894	22217893	58000	10	0	58000	35617	22383	5163	1683	2279	3318	2306	1660	2101	2021	2172	989	1833	1570	2803	1402	1486	2829	2205	1304	296	1929	2028	1195	339	1779	1564	1314	321	1545	2291	1528	298	2447
chr17	22217894	22373893	156000	9	0	156000	90921	65079	13067	4574	5587	7325	6200	5352	6543	5446	5834	2816	5518	4428	5451	3115	3845	5819	6612	3723	795	4727	6010	4027	922	5725	4557	4197	827	4361	6362	4737	816	6680
chr17	22410171	22443693	33523	9	0	33523	19594	13929	2475	926	1338	1609	1292	1050	1372	1282	1316	696	1102	926	1264	741	780	1423	1460	768	172	1014	1228	994	205	1210	964	777	152	945	1344	1098	175	1423
chr17	22443696	22444169	474	9	0	474	209	265	18	7	9	12	9	29	36	9	13	12	24	10	6	5	8	1	18	17	5	14	27	19	8	26	26	20	6	20	12	24	5	17
chr17	22444170	22457169	13000	10	0	13000	7049	5951	825	357	491	521	453	415	616	437	449	289	438	319	467	252	284	435	491	374	78	370	596	537	133	541	387	427	104	416	447	470	77	502
chr17	22457170	22475534	18365	9	0	18365	10074	8291	1186	525	719	702	678	639	957	621	667	438	717	446	602	313	372	491	746	483	103	583	784	577	107	790	646	535	75	594	719	663	87	798
chr17	22475535	22476934	1400	9	0	1400	815	585	127	34	66	69	58	50	58	40	48	30	46	38	64	18	33	35	46	35	8	43	65	31	6	52	45	45	4	42	50	42	4	66
chr17	22476936	22477820	885	9	0	885	457	428	44	37	22	20	35	48	48	40	21	21	37	19	23	8	18	15	58	33	1	23	48	33	2	43	35	25	3	25	29	35	0	34
chr17	22477822	22511923	34102	9	0	34102	18724	15378	2031	1005	1342	1326	1276	1173	1659	1215	1366	694	1331	957	1031	591	768	958	1357	908	171	1027	1477	1237	168	1468	1122	894	136	1064	1367	1312	127	1542
chr17	22511927	22520173	8247	9	0	8247	3981	4266	329	177	264	239	226	341	429	265	265	175	402	183	189	131	171	195	295	221	69	239	386	491	95	464	287	337	87	269	293	386	51	294
chr17	22526174	22541629	15456	9	0	15456	9662	5794	1187	500	575	945	573	405	466	603	583	274	386	456	864	463	556	825	586	379	107	570	480	354	97	462	311	297	76	375	670	363	90	576
chr17	22541630	22615172	73543	9	0	73543	47648	25895	6867	2281	2998	4737	2848	1848	2240	2960	3066	1149	1978	2045	4101	2005	2158	4366	3083	1410	294	2496	2098	1306	215	2042	1801	1124	220	1567	2914	1821	235	3268
chr17	22615173	22707172	92000	8	0	92000	57947	34053	8814	3041	3452	5306	3843	2731	3120	3662	3929	1417	2549	2748	4028	2086	2553	4666	4347	1726	369	2833	2789	1826	337	2661	2332	1593	342	2255	3888	2468	362	3925
chr17	27014474	27038473	24000	6	0	24000	14337	9663	1954	729	955	1257	994	710	965	861	958	424	780	668	989	546	619	928	970	562	118	759	811	579	152	825	741	553	88	673	1008	672	88	1062
chr17	27038474	27141473	103000	5	0	103000	63290	39710	8660	3198	4185	5557	4207	2955	3763	4101	4189	1760	2967	2846	4544	2665	2861	4832	4388	2377	436	3377	3646	2262	368	3207	2927	2023	292	2644	4064	2821	328	4548
chr17	27141474	27231473	90000	4	0	90000	54054	35946	8130	2978	3373	4336	3778	2904	3430	3255	3832	1456	2838	2716	3077	1785	2635	3531	4087	1917	432	2687	3048	2132	444	3054	2437	2025	348	2492	3794	2604	400	4043
chr17	27231474	27546473	315000	3	0	315000	168091	146909	19621	8285	11853	11295	11140	10861	16070	10310	10865	6710	13003	7569	9428	5880	6892	8308	11724	8566	1871	9575	14295	11769	2437	14170	10620	10835	1995	10904	11742	11500	1735	13170
chr17	27546474	27895473	349000	4	0	349000	182555	166445	19187	8902	13182	11962	11893	12629	18677	11503	12229	7687	14331	8353	9925	6236	7382	8475	13194	9770	2044	10446	16513	14578	2527	16275	11938	12308	1978	12274	13057	13237	1729	14577
chr17	27895474	28064473	169000	3	0	169000	95465	73535	11506	4594	6584	7248	6376	5483	7637	6063	6044	3448	6565	4518	6006	3585	4172	5635	6472	4367	762	5509	7090	4989	912	6854	5289	4685	772	5257	6708	5804	726	7338
chr17	28064474	28220473	156000	2	0	156000	96621	59379	14179	4919	6387	8510	6062	4453	5812	5636	6051	2730	4622	4161	7703	3956	4393	7046	6497	3504	629	5428	5224	3071	579	5038	4092	3220	522	4010	6150	4117	560	6737
chr17	28220474	28357365	136892	1	0	136892	71730	65162	8346	3660	5166	4605	4710	4696	6894	4048	4686	3049	5583	3113	4035	2545	3260	3334	4897	3912	897	4244	6141	5584	1495	6297	4337	4970	1158	4798	4973	5051	842	5564
chr17	28357370	28357504	135	1	0	135	27	108	0	0	0	0	0	4	11	2	0	6	2	0	0	2	0	0	5	5	1	1	7	15	19	2	3	21	10	9	2	2	3	1
chr17	28357507	28360875	3369	1	0	3369	1731	1638	192	85	138	98	117	110	152	91	126	67	160	95	78	60	88	74	92	91	27	111	152	131	57	141	91	125	43	127	134	134	21	159
chr17	28360877	28365202	4326	1	0	4326	2136	2190	182	113	158	106	128	136	259	137	137	94	195	108	112	86	105	79	135	146	25	123	246	219	21	232	140	165	28	175	140	187	20	187
chr17	28365204	28372174	6971	1	0	6971	2994	3977	225	132	241	110	185	246	435	170	221	173	375	133	77	91	115	65	176	228	54	184	405	494	131	391	238	369	99	304	217	332	66	287
chr17	28372187	28372347	161	1	0	161	39	122	0	1	4	0	2	5	14	0	2	4	6	0	0	0	0	0	2	4	2	2	7	7	13	12	10	21	20	9	1	7	3	1
chr17	28372349	28381280	8932	1	0	8932	4582	4350	601	216	294	267	317	327	468	269	271	180	462	210	189	134	177	200	297	252	54	254	432	320	82	446	316	373	105	294	336	335	46	406
chr17	28381286	28397855	16570	1	0	16570	8221	8349	796	361	618	517	555	608	873	480	515	378	732	392	426	261	366	343	501	494	109	504	843	767	190	822	592	681	213	614	578	680	110	649
chr17	28397859	28400705	2847	1	0	2847	1316	1531	81	63	109	55	94	90	207	65	92	69	152	71	41	36	50	41	91	78	10	79	173	145	13	177	90	141	10	138	102	144	15	123
chr17	28400706	28401036	331	1	0	331	173	158	13	4	9	10	3	19	21	16	9	9	11	6	11	12	8	11	21	10	1	12	16	7	6	13	9	14	0	13	13	11	1	10
chr17	28401037	29564481	1163445	1	0	1163445	610786	552659	72679	28616	41283	40274	39188	40491	59176	34303	37520	23780	51114	28206	33463	23109	27037	30545	40134	32391	7226	36245	52739	45135	11962	53669	37905	43749	10410	40474	42380	42230	7788	48222
chr17	29564482	29688481	124000	2	0	124000	61759	62241	6775	2772	4192	3832	3699	4430	6654	3588	3783	2633	5512	2771	3314	2270	2687	2847	4114	3462	909	3620	5736	5832	1872	5903	4310	5332	1812	4638	4211	4718	887	4883
chr17	29688482	29976481	288000	3	0	288000	172644	115356	24333	8276	11449	14564	10883	8245	11515	9889	10774	5006	9759	7754	12632	7165	7977	12422	10872	6736	1174	9910	10500	6643	1484	10147	7984	7062	1395	8155	11176	8333	1297	12487
chr17	29976482	30482481	506000	2	0	506000	300826	205174	41516	14962	20110	25021	19480	14862	20306	17852	19331	9180	17037	13336	21283	12049	13493	21007	20007	11926	2423	16697	18683	12237	2790	17864	14286	12507	2544	14325	19523	14904	2397	22060
chr17	30482482	31080481	598000	1	0	598000	329081	268919	43728	15622	21016	24408	21007	20018	27853	18572	19523	11802	24243	15078	20516	12787	14209	18698	21578	15993	3748	18910	25370	19612	5752	24811	18311	19990	5144	19053	22192	19950	3958	24546
chr17	31080482	31375481	295000	2	0	295000	183192	111808	27042	9344	11891	16279	11388	8098	10821	10680	11452	4907	8696	7964	14673	7895	8381	13679	12018	6552	1343	10332	9833	5779	1236	9224	7675	6003	1171	7623	11461	7738	1210	12610
chr17	31375482	31536639	161158	1	0	161158	79260	81898	8409	3734	5328	4586	5038	6021	9357	4600	4845	3659	7369	3631	3765	2594	3186	3137	5419	4851	1140	4599	8082	7780	1844	8172	5818	6912	1652	6124	5697	6335	1127	6345
chr17	31536640	31570480	33841	1	0	33841	16381	17460	1773	780	1218	925	1059	1156	1864	892	1111	800	1511	707	753	571	656	604	1045	1076	241	944	1676	1777	548	1706	1129	1496	454	1237	1121	1358	289	1362
chr17	31570481	31937480	367000	2	0	367000	200086	166914	25420	9798	13209	14478	13626	12748	17878	11595	12369	7313	15066	9192	11490	7252	8201	10451	13489	10080	2036	11505	16562	11997	2863	15628	11792	12389	2522	12109	14003	12584	2241	15112
chr17	31951481	32435385	483905	2	0	483905	269906	213999	36571	12978	17150	20528	17172	16176	22268	15354	15941	9110	19165	12390	17543	10333	11544	15682	17518	12638	2951	15490	20098	14799	4212	19645	15087	15757	3863	15333	18267	15560	3121	19659
chr17	32435387	32543481	108095	2	0	108095	57752	50343	7107	2760	4062	3890	3631	3689	5370	3316	3698	2306	4528	2569	3383	2070	2542	2831	3842	2802	711	3470	4533	3656	1233	4678	3597	3838	1080	3800	4034	3803	710	4554
chr17	32543482	32646481	103000	3	0	103000	60596	42404	8146	3023	4184	4862	3899	3230	4333	3601	4044	1908	3574	2734	4126	2283	2675	3972	4098	2428	530	3388	3903	2506	486	3769	3060	2505	436	3035	4002	3225	458	4575
chr17	32646482	32821481	175000	4	0	175000	107046	67954	14755	5344	7188	9245	6698	4876	6680	6448	6930	3172	5355	4791	8148	4430	4914	8070	7071	3942	809	6000	6062	3685	694	5794	4746	3603	697	4602	6823	5005	680	7741
chr17	32824482	32945481	121000	4	0	121000	69254	51746	8669	3529	4815	5371	4478	3793	5053	4219	4642	2396	4494	3011	4596	2787	3094	4305	4831	3022	647	4006	4633	3632	967	4567	3430	3191	791	3486	4649	3954	543	5397
chr17	32945482	33053481	108000	5	0	108000	58354	49646	6291	2876	4244	3913	3865	3714	5261	3987	4045	2268	4523	2852	3124	1933	2509	2948	4121	2953	521	3195	4972	4058	551	4724	3627	3226	467	3542	4107	4068	437	5076
chr17	33053482	33127481	74000	6	0	74000	40559	33441	4336	2012	3013	2862	2721	2341	3645	2766	2933	1551	2957	2008	2233	1350	1719	2112	2778	1896	372	2208	3227	2593	333	3215	2509	2104	258	2497	2959	2775	301	3414
chr17	33127482	33222481	95000	7	0	95000	52154	42846	5395	2522	3926	3753	3443	3108	4636	3596	3709	2065	3753	2444	3049	1806	2254	2695	3674	2421	428	2978	4134	3270	445	4059	3187	2655	355	3267	3786	3562	358	4265
chr17	33222482	33425481	203000	8	0	203000	111378	91622	11102	5425	8511	7757	7265	6915	9524	7799	8147	4183	8318	5498	6283	3916	4951	5782	7924	5158	950	6407	8690	6691	1005	8787	6735	5658	883	6588	8154	7666	804	9522
chr17	33425482	33505996	80515	9	0	80515	44954	35561	4926	2168	3323	3225	2933	2557	3750	2991	3170	1740	3078	2189	2613	1637	2073	2581	3098	2043	381	2580	3373	2601	354	3439	2513	2217	300	2483	3247	2906	303	3721
chr17	33505997	34264480	758484	9	0	758484	426686	331798	45838	20698	31765	31634	28056	24278	34915	28667	30688	15830	29330	20530	25352	15394	19083	24627	29876	18750	3466	24108	30890	23407	3261	30885	24612	19488	2701	23975	30537	26798	2918	36125
chr17	34264481	34438480	174000	8	0	174000	99571	74429	11335	5117	7302	7575	6669	5310	7767	6528	7119	3617	6392	4736	6206	3511	4382	6003	7047	4338	713	5457	7025	5146	707	6858	5284	4165	557	5266	6918	6087	599	8262
chr17	34438481	34728480	290000	7	0	290000	148700	141300	12997	6856	11425	9244	9531	10090	15757	10014	10669	6567	13229	7137	7325	4852	6300	6707	10652	7857	1333	8523	13562	13258	1852	14640	10240	9930	1472	10377	10938	12267	1227	13170
chr17	34728481	34861480	133000	6	0	133000	68884	64116	6219	3290	5189	4365	4414	4705	7059	4730	4880	2941	6039	3357	3550	2198	2888	3060	4893	3727	664	3850	6338	5796	749	6634	4637	4404	561	4645	5040	5590	540	6046
chr17	34861481	35012480	151000	5	0	151000	84851	66149	10136	4125	6203	6241	5569	4812	6816	5120	5584	3006	5816	3858	5416	3297	3770	5081	5796	3869	664	4911	6259	4977	824	6302	4483	4306	739	4754	5778	5210	637	6639
chr17	35012481	35149480	137000	4	0	137000	74516	62484	8917	3723	5006	5196	4814	4706	6732	4390	4655	2856	5497	3498	4456	2866	3387	3816	4991	3811	833	4516	5993	4476	1096	5885	4382	4456	1048	4490	5275	4707	793	5731
chr17	35152481	35511480	359000	4	0	359000	208758	150242	27088	10638	14683	16764	14258	10685	14988	12686	14353	7079	12277	9645	13474	7713	8988	13437	14193	8838	1729	11355	14220	9989	2083	13093	10586	8730	1850	10220	13618	11828	1642	16268
chr17	35511481	35624480	113000	3	0	113000	66454	46546	9240	3323	4517	5329	4262	3442	4575	3742	4211	2056	4000	3012	4695	2611	3007	4431	4218	2759	683	3771	4202	2673	734	4126	3197	2918	664	3321	4404	3385	609	4881
chr17	35624481	35771696	147216	2	0	147216	82574	64642	10227	4097	5744	6136	5180	4431	6808	4720	5330	2955	5623	3709	5467	3306	3897	4942	5409	3748	731	4901	5909	4764	1085	6077	4366	4380	985	4669	5455	4943	795	6425
chr17	35771711	35773345	1635	2	0	1635	787	848	48	39	62	32	50	57	94	50	58	37	67	36	25	20	42	69	56	41	7	49	75	98	18	91	70	68	18	58	50	74	7	67
chr17	35773347	35897495	124149	2	0	124149	68450	55699	8774	3254	4750	4974	4296	4002	5690	3803	4338	2516	5136	3098	4344	2796	3144	3533	4407	3235	785	4141	5060	4033	1099	5301	3693	3871	1032	3954	4631	4354	778	5325
chr17	35897496	35940811	43316	3	0	43316	23568	19748	2611	1258	1632	1562	1504	1328	2231	1385	1616	911	1909	1126	1331	927	1043	1193	1461	1282	229	1452	1913	1366	285	1937	1203	1293	247	1517	1870	1560	223	1909
chr17	35940813	35940888	76	3	0	76	54	22	3	3	3	8	3	0	1	8	8	0	1	1	2	3	1	7	2	2	0	2	2	0	0	2	1	0	0	1	7	2	0	1
chr17	35940890	35960630	19741	3	0	19741	11187	8554	1446	587	751	834	729	653	893	694	754	376	703	562	689	396	489	630	781	492	123	617	835	605	113	745	580	561	112	594	773	640	102	880
chr17	35960640	35960697	58	3	0	58	29	29	8	0	0	3	2	1	5	0	0	1	1	0	1	2	2	1	2	0	0	2	4	1	0	3	2	5	4	3	0	2	0	1
chr17	35960700	35960746	47	3	0	47	23	24	3	3	0	0	3	0	4	2	0	3	4	0	0	0	0	0	1	3	0	2	2	1	0	2	2	1	0	1	4	1	0	3
chr17	35960748	35961281	534	3	0	534	265	269	30	8	15	24	17	22	21	8	14	9	27	16	16	13	13	12	11	18	11	12	27	21	13	22	12	25	11	20	18	19	5	22
chr17	35961282	35961756	475	3	0	475	312	163	67	13	23	24	17	5	11	17	26	12	17	9	16	11	17	26	16	6	4	14	12	7	2	13	6	5	0	13	16	16	4	28
chr17	35961757	35961910	154	3	0	154	74	80	16	2	5	3	6	4	9	2	2	4	8	4	1	2	4	1	2	2	1	7	7	4	3	7	7	7	4	10	5	8	4	1
chr17	35961913	35964865	2953	3	0	2953	1779	1174	268	95	101	157	97	75	98	110	125	41	90	79	130	86	100	126	94	80	26	96	118	78	23	99	67	67	17	73	101	93	20	121
chr17	35964866	35965035	170	3	0	170	77	93	19	2	2	3	2	5	9	5	4	2	12	2	1	2	5	0	1	3	1	6	9	4	4	9	7	12	8	9	4	7	5	4
chr17	35965047	35966302	1256	3	0	1256	740	516	85	42	57	50	46	37	56	44	49	22	42	38	53	35	28	54	49	30	13	44	40	20	10	42	42	31	6	37	52	31	9	60
chr17	35966304	35966329	26	3	0	26	16	10	3	0	1	1	1	0	1	2	0	1	1	2	1	0	0	1	1	0	0	0	1	0	0	1	0	0	0	2	1	2	0	1
chr17	35966331	35966782	452	3	0	452	291	161	29	16	14	34	16	10	19	10	14	6	15	11	34	13	16	33	17	9	2	17	13	6	1	12	12	7	3	15	14	10	2	20
chr17	35966784	35966857	74	3	0	74	39	35	7	2	0	3	2	3	3	4	1	1	2	1	2	3	3	2	2	6	0	1	8	2	0	2	1	4	1	2	1	0	0	3
chr17	35966859	35967829	971	3	0	971	587	384	87	23	31	65	27	27	34	28	32	22	34	26	59	19	29	43	26	25	12	28	38	19	12	26	20	27	13	24	32	24	7	50
chr17	35967830	35968114	285	3	0	285	196	89	36	9	15	24	8	3	7	8	19	3	5	5	19	10	10	13	8	2	4	11	4	2	3	9	4	4	0	6	10	10	1	11
chr17	35968115	35968206	92	3	0	92	55	37	16	1	7	1	1	2	3	2	8	1	11	1	0	0	0	0	1	1	0	2	3	2	0	2	2	1	0	1	2	3	0	16
chr17	35968208	35968226	19	3	0	19	10	9	0	0	0	2	2	2	0	1	0	0	1	1	0	0	0	0	0	1	0	1	1	0	0	0	4	0	0	0	0	0	0	1
chr17	35968228	35968302	75	3	0	75	33	42	1	1	1	3	2	1	8	2	3	0	6	3	0	1	1	0	0	2	0	1	3	3	0	5	5	3	0	6	5	3	0	4
chr17	35968304	35968325	22	3	0	22	11	11	0	0	0	2	1	2	1	1	0	0	0	0	2	0	0	0	0	2	0	0	3	1	0	1	2	2	0	0	0	0	0	0
chr17	35968326	35968540	215	3	0	215	113	102	21	2	3	7	4	8	13	6	5	3	14	6	4	6	7	3	7	4	1	7	9	2	2	11	6	10	5	9	8	8	2	10
chr17	35968543	35968998	456	3	0	456	243	213	40	19	10	12	19	16	23	13	11	13	14	10	12	7	14	9	19	16	3	17	24	14	6	21	9	23	4	8	19	13	1	15
chr17	35969000	35969091	92	3	0	92	62	30	11	4	5	6	2	3	3	4	4	1	2	3	9	0	0	3	4	0	0	4	2	3	0	1	1	1	1	3	5	2	1	2
chr17	35969092	35969159	68	3	0	68	29	39	0	3	1	1	4	3	4	2	1	1	6	3	0	0	0	0	2	1	1	3	4	2	1	3	6	3	0	1	1	3	2	4
chr17	35969161	35969438	278	3	0	278	144	134	17	8	8	8	12	11	13	8	8	5	15	5	4	10	7	5	13	14	0	7	16	8	0	16	5	9	2	9	10	9	3	11
chr17	35969464	35970191	728	3	0	728	364	364	25	16	31	20	22	38	36	23	25	14	36	21	21	11	14	10	31	19	5	24	33	37	2	40	23	24	4	25	31	32	5	28
chr17	35970192	35970472	281	3	0	281	168	113	18	9	13	14	12	7	13	12	11	9	12	5	14	4	7	7	8	7	1	13	12	1	1	8	13	5	0	6	10	9	0	18
chr17	35970473	35970542	70	3	0	70	53	17	19	3	3	3	3	0	2	2	2	0	1	2	3	4	2	3	1	1	0	4	1	0	0	0	3	0	0	1	2	0	0	3
chr17	35970543	35971898	1356	3	0	1356	697	659	81	40	50	47	53	44	79	38	52	24	69	29	33	21	20	16	46	42	3	38	65	43	14	67	53	44	12	57	50	59	9	56
chr17	35971899	35972835	937	3	0	937	518	419	48	16	43	30	30	28	47	43	32	25	48	28	27	15	23	35	31	20	2	31	36	20	0	43	35	30	3	33	46	29	5	53
chr17	35972845	35974457	1613	3	0	1613	891	722	93	52	63	49	65	56	86	57	64	48	53	36	35	33	40	60	91	42	11	45	58	44	11	69	49	40	3	58	66	56	7	71
chr17	35974458	35974633	176	3	0	176	90	86	3	2	3	5	5	12	14	3	1	4	10	3	4	4	2	14	6	7	1	8	8	2	1	10	11	7	0	6	8	5	0	5
chr17	35974634	35974817	184	3	0	184	104	80	16	2	5	5	5	20	7	7	2	1	6	7	6	5	2	7	21	3	0	3	7	3	1	7	5	7	1	5	6	5	0	5
chr17	35974827	35974968	142	3	0	142	59	83	5	0	1	2	2	5	14	4	2	5	10	3	1	0	2	1	2	4	1	3	9	7	1	10	6	9	0	11	8	7	2	3
chr17	35974969	35975140	172	3	0	172	89	83	20	5	4	3	4	7	10	4	4	3	5	3	5	4	3	4	7	5	1	5	11	8	1	7	4	10	3	5	3	4	3	5
chr17	35975142	35975175	34	3	0	34	16	18	1	2	1	0	1	0	1	2	1	1	0	2	1	0	1	0	0	2	0	1	3	3	1	1	0	1	1	0	2	2	0	1
chr17	35975177	35975800	624	3	0	624	308	316	33	13	19	19	19	14	43	23	20	14	38	19	12	5	13	3	11	14	0	21	42	18	1	29	18	33	7	30	28	25	5	33
chr17	35975801	35981702	5902	3	0	5902	3039	2863	330	138	251	188	218	190	280	172	212	139	300	139	149	105	117	109	185	178	37	172	271	255	63	280	170	206	43	213	234	230	43	283
chr17	35981703	35982013	311	3	0	311	152	159	11	7	11	9	11	10	18	9	9	6	13	12	7	6	8	4	9	12	0	8	17	18	1	20	8	14	2	10	14	12	1	12
chr17	35982015	35982038	24	3	0	24	14	10	0	0	0	1	0	2	1	1	0	1	1	0	1	2	1	2	3	0	0	2	0	0	0	0	1	0	0	1	1	1	0	0
chr17	35982040	36000150	18111	3	0	18111	9971	8140	1210	472	725	682	662	565	867	674	708	372	750	473	508	349	408	545	654	481	78	545	827	617	74	833	554	539	64	571	733	714	54	801
chr17	36000151	36001609	1459	3	0	1459	762	697	111	26	50	50	46	51	77	39	40	36	62	39	39	30	31	34	49	45	7	42	76	59	17	72	37	53	10	52	51	67	6	53
chr17	36001610	36002488	879	3	0	879	484	395	40	26	37	31	34	26	52	26	36	24	38	26	24	14	25	25	26	21	1	42	34	18	3	37	42	20	4	22	36	34	2	51
chr17	36002490	36002510	21	3	0	21	5	16	0	0	0	0	0	1	1	0	0	0	2	0	0	0	0	0	0	1	0	0	2	5	0	1	1	2	0	1	0	1	0	1
chr17	36002512	36003232	721	3	0	721	404	317	48	23	27	28	25	28	28	25	29	14	33	17	25	12	23	18	17	22	5	33	32	16	3	32	25	23	2	13	32	22	6	33
chr17	36003234	36003509	276	3	0	276	151	125	18	4	7	16	6	7	16	8	8	6	8	4	14	10	10	8	8	7	2	10	14	14	1	9	9	11	2	11	6	6	3	11
chr17	36003512	36007113	3602	3	0	3602	2056	1546	263	119	139	147	132	127	168	103	108	63	153	87	165	88	96	97	145	111	16	125	128	88	17	155	112	94	22	122	146	95	15	154
chr17	36007116	36008303	1188	3	0	1188	692	496	96	39	44	58	43	19	52	45	45	18	46	45	52	30	24	34	42	20	8	36	47	38	8	51	27	39	7	19	43	47	3	61
chr17	36008305	36009795	1491	3	0	1491	738	753	72	37	72	36	51	42	77	50	63	27	65	33	31	27	27	27	45	40	9	39	68	83	16	79	61	58	11	54	46	64	10	69
chr17	36009797	36009835	39	3	0	39	20	19	0	0	1	1	0	3	0	2	0	0	3	1	2	2	1	3	2	1	0	2	1	5	0	1	1	1	0	0	1	1	0	2
chr17	36009837	36010431	595	3	0	595	293	302	34	13	21	16	18	13	36	23	21	13	28	16	11	8	8	13	14	18	4	11	30	34	6	30	24	24	2	26	22	25	4	27
chr17	36010451	36010922	472	3	0	472	254	218	15	12	23	16	19	10	19	15	22	11	28	15	9	10	13	16	10	13	4	16	17	28	0	23	12	8	0	10	24	18	0	34
chr17	36010924	36010956	33	3	0	33	21	12	0	1	1	1	0	0	0	0	1	0	2	2	2	2	5	3	1	0	0	2	0	0	0	2	0	1	0	1	0	1	0	3
chr17	36010958	36011794	837	3	0	837	487	350	54	26	40	36	27	22	32	30	32	19	29	26	43	24	20	25	38	28	3	22	29	32	5	39	19	15	1	13	25	30	3	48
chr17	36011796	36011842	47	3	0	47	26	21	0	0	1	5	2	0	0	4	1	2	2	1	3	0	3	2	1	1	0	0	3	2	0	2	1	3	0	0	1	1	0	4
chr17	36011844	36014613	2770	3	0	2770	1328	1442	111	55	106	60	75	102	179	101	112	66	126	75	34	36	50	40	99	71	17	71	137	156	16	158	121	98	10	107	100	143	11	125
chr17	36014615	36014956	342	3	0	342	216	126	25	15	7	17	7	13	16	19	12	6	10	12	20	11	9	16	22	8	1	14	12	5	0	9	4	4	0	6	17	9	1	13
chr17	36014959	36031559	16601	3	0	16601	9592	7009	1143	479	699	756	656	469	721	612	625	338	571	441	653	373	416	639	654	405	72	528	674	489	71	648	515	411	59	507	615	576	60	724
chr17	36031561	36031802	242	3	0	242	126	116	10	7	12	8	11	1	15	5	10	8	12	4	6	6	7	3	6	7	1	8	9	11	1	14	10	9	0	5	7	8	0	19
chr17	36031804	36031849	46	3	0	46	25	21	3	2	3	1	2	2	3	1	4	1	0	0	1	0	1	0	2	0	0	3	3	1	0	2	1	3	0	0	2	2	0	1
chr17	36031851	36035245	3395	3	0	3395	1934	1461	202	85	172	159	133	105	125	136	142	64	127	88	141	71	81	103	123	96	7	99	153	106	15	142	98	82	10	107	124	132	8	157
chr17	36035252	36037991	2740	3	0	2740	1587	1153	198	74	82	134	96	79	122	114	92	53	92	73	103	75	81	117	111	68	13	89	106	70	23	97	86	85	14	81	109	73	18	110
chr17	36037992	36041586	3595	3	0	3595	2126	1469	289	88	108	179	122	107	145	135	119	59	145	104	134	71	71	250	132	77	22	94	120	93	32	132	113	97	26	102	144	111	32	140
chr17	36041588	36041682	95	3	0	95	41	54	0	2	2	1	2	2	6	5	2	6	5	2	1	0	3	2	4	4	0	2	5	10	0	8	2	1	0	1	2	8	0	5
chr17	36041684	36042178	495	3	0	495	321	174	49	14	29	35	18	11	16	20	37	8	14	11	22	8	14	14	17	7	3	13	9	7	1	12	14	3	1	16	25	12	1	32
chr17	36042180	36043980	1801	3	0	1801	1197	604	201	46	77	118	66	38	44	65	68	30	51	58	107	56	42	129	69	41	8	52	51	32	12	41	32	26	7	25	62	38	11	96
chr17	36043982	36046023	2042	3	0	2042	1232	810	192	50	90	106	82	41	83	68	85	45	69	51	79	43	69	77	65	42	7	65	70	57	6	72	63	48	1	64	76	58	6	110
chr17	36046028	36049248	3221	3	0	3221	1825	1396	199	91	128	129	127	120	158	115	138	64	117	93	84	61	76	123	141	74	7	114	134	111	6	123	104	72	2	96	142	117	7	146
chr17	36049249	36049517	269	3	0	269	139	130	15	6	15	6	7	8	19	5	12	6	9	8	7	2	8	5	5	8	1	8	14	6	1	12	10	9	4	17	10	10	0	14
chr17	36049519	36050844	1326	3	0	1326	834	492	139	45	54	69	65	36	38	35	47	29	36	39	57	36	35	72	62	34	5	45	42	27	13	41	23	25	7	17	47	37	7	60
chr17	36050845	36050866	22	3	0	22	8	14	0	1	0	0	1	1	2	0	0	0	0	0	1	0	1	0	0	1	1	0	3	1	0	1	0	3	1	2	0	0	0	0
chr17	36050868	36059344	8477	3	0	8477	5132	3345	712	263	326	457	338	221	316	328	376	141	286	259	332	178	246	352	321	190	30	261	345	217	23	273	211	162	28	221	326	289	27	420
chr17	36059346	36059376	31	3	0	31	13	18	0	0	1	0	1	1	4	0	0	3	3	0	0	0	0	0	2	1	0	1	2	0	0	1	1	1	0	2	1	0	0	4
chr17	36059382	36059515	134	3	0	134	87	47	27	2	6	8	4	4	5	3	10	2	8	3	1	0	1	2	2	1	0	5	4	3	0	1	2	0	0	6	8	4	2	8
chr17	36059517	36059555	39	3	0	39	19	20	3	0	1	1	2	2	1	2	0	1	2	1	0	1	0	1	2	1	0	1	4	1	0	2	0	3	0	1	1	3	0	0
chr17	36059557	36061501	1945	3	0	1945	1211	734	167	52	81	114	80	50	67	75	75	51	56	57	92	44	63	86	86	40	8	63	73	32	5	63	33	38	4	49	80	62	5	92
chr17	36061502	36061542	41	3	0	41	26	15	2	1	4	1	2	0	0	0	1	0	3	2	3	0	0	5	0	0	0	1	1	0	0	2	1	1	0	2	1	2	2	2
chr17	36061544	36078109	16566	3	0	16566	9360	7206	1010	481	699	689	611	459	778	637	672	358	622	453	585	352	426	527	624	421	60	545	699	521	63	673	504	436	49	505	657	578	68	802
chr17	36078113	36081729	3617	3	0	3617	2115	1502	251	116	141	170	153	121	145	124	129	79	128	71	145	73	92	176	163	103	13	109	148	97	20	137	108	98	10	88	124	104	7	172
chr17	36081731	36081748	18	3	0	18	9	9	2	0	0	1	1	0	0	1	0	0	0	0	0	1	2	0	0	1	0	0	1	3	0	1	1	0	0	1	0	0	0	0
chr17	36081760	36083366	1607	3	0	1607	852	755	79	44	74	53	57	51	85	50	72	40	63	33	42	23	41	44	59	42	8	49	72	76	5	72	53	43	6	60	59	63	5	82
chr17	36083378	36085669	2292	3	0	2292	1261	1031	137	58	102	89	78	76	108	91	93	49	80	55	78	43	61	62	78	58	9	81	96	66	11	105	86	81	16	67	93	73	12	98
chr17	36085678	36086269	592	3	0	592	340	252	46	22	23	25	27	11	33	24	26	15	13	13	16	10	18	16	25	12	2	19	21	20	0	24	28	13	1	20	21	20	1	25
chr17	36086272	36086605	334	3	0	334	195	139	23	10	12	8	11	27	10	13	10	3	21	11	9	6	5	14	28	9	3	6	9	5	0	10	9	4	1	10	16	6	0	23
chr17	36086607	36091037	4431	3	0	4431	2496	1935	255	125	168	175	132	131	222	159	178	107	181	103	158	89	126	185	180	101	24	147	164	141	25	168	128	109	18	161	172	147	29	221
chr17	36091038	36094216	3179	3	0	3179	1928	1251	222	95	110	174	118	117	103	124	134	51	95	98	127	81	97	181	130	89	23	102	125	90	12	102	67	57	8	68	140	93	11	133
chr17	36094227	36095509	1283	3	0	1283	682	601	98	18	87	29	38	37	58	36	76	37	60	26	18	11	26	25	30	31	10	32	45	49	9	62	53	35	14	32	41	50	3	105
chr17	36095510	36095625	116	3	0	116	66	50	9	0	24	0	0	0	0	0	25	0	7	0	0	0	0	0	0	0	0	0	0	1	0	17	0	0	0	0	0	17	0	14
chr17	36095643	36101052	5410	3	0	5410	3050	2360	351	145	234	204	194	187	241	211	223	107	213	140	168	121	124	185	224	145	16	175	225	166	15	235	162	144	17	153	222	186	26	249
chr17	36101054	36114619	13566	3	0	13566	7422	6144	697	369	545	529	488	419	682	504	540	318	540	388	416	242	338	405	527	340	49	432	600	468	65	593	441	354	46	443	525	564	60	637
chr17	36114621	36114665	45	3	0	45	26	19	4	1	1	1	2	2	1	1	1	2	3	2	0	1	1	2	2	2	0	2	2	0	1	1	0	0	0	0	2	2	1	3
chr17	36114667	36116406	1740	3	0	1740	970	770	74	42	69	72	76	65	75	82	54	45	53	57	53	40	38	73	65	54	7	66	93	49	6	66	60	50	2	42	81	61	7	61
chr17	36116419	36117030	612	3	0	612	380	232	61	21	35	34	32	9	18	22	33	11	18	17	25	9	17	17	27	8	1	14	19	14	1	22	15	11	0	20	20	24	2	33
chr17	36117032	36117049	18	3	0	18	6	12	0	0	1	0	0	0	2	0	1	0	2	0	0	0	0	0	0	0	0	0	2	2	0	1	0	0	0	2	0	2	0	1
chr17	36117051	36117643	593	3	0	593	306	287	24	7	22	22	11	20	35	26	24	19	30	19	15	5	13	13	16	15	1	19	24	30	2	35	20	14	1	17	32	31	0	29
chr17	36117646	36118191	546	3	0	546	307	239	44	14	19	28	19	21	29	24	28	8	19	15	13	7	9	9	17	13	2	18	21	24	1	19	23	14	1	16	32	14	0	23
chr17	36118193	36118229	37	3	0	37	16	21	0	2	1	1	2	2	2	0	2	0	0	1	0	0	2	0	1	1	0	2	2	5	0	0	2	2	0	2	2	0	0	1
chr17	36118231	36118255	25	3	0	25	6	19	0	0	0	0	0	2	2	0	0	0	0	2	0	0	0	0	0	2	0	0	3	8	0	2	0	0	0	0	1	1	0	0
chr17	36118257	36121513	3257	3	0	3257	1903	1354	237	98	121	154	136	128	129	136	119	57	110	81	118	82	83	113	162	79	20	104	131	78	10	101	108	68	14	111	128	95	16	128
chr17	36121515	36121549	35	3	0	35	19	16	2	2	1	0	1	1	1	2	0	0	0	3	2	0	3	1	0	2	0	1	2	1	0	1	2	1	0	1	1	1	0	1
chr17	36121555	36121642	88	3	0	88	58	30	5	4	3	6	3	4	3	7	2	1	0	1	7	5	0	6	8	3	0	3	5	1	0	1	3	1	0	0	0	2	0	2
chr17	36121644	36122018	375	3	0	375	201	174	27	11	12	15	14	16	19	14	16	6	19	9	7	5	6	4	13	7	2	16	18	10	2	13	15	13	3	11	17	14	3	16
chr17	36122035	36122094	60	3	0	60	37	23	4	2	3	3	1	3	3	1	4	1	2	1	3	1	3	1	2	0	0	6	2	0	0	2	1	1	0	0	3	2	0	3
chr17	36122096	36122141	46	3	0	46	30	16	0	2	0	2	0	0	1	1	3	1	2	0	2	0	5	9	1	1	0	1	1	2	0	2	0	0	0	2	0	2	0	4
chr17	36122143	36124689	2547	3	0	2547	1482	1065	191	57	113	119	100	73	113	110	102	54	79	74	87	47	60	102	96	44	10	81	99	73	7	90	94	66	7	89	107	86	10	105
chr17	36124690	36129655	4966	3	0	4966	2575	2391	217	123	222	148	184	188	271	163	183	113	227	115	127	93	102	98	206	137	24	150	221	186	24	244	182	165	15	198	197	186	25	230
chr17	36129657	36129681	25	3	0	25	16	9	0	0	3	0	1	0	0	1	1	1	1	2	0	2	1	1	2	0	1	1	0	0	0	0	0	0	0	0	0	0	1	4
chr17	36129683	36130348	666	3	0	666	407	259	45	14	37	35	23	18	27	31	32	10	19	25	31	11	27	21	19	9	0	25	22	6	0	21	24	17	0	28	34	17	0	36
chr17	36130349	36130628	280	3	0	280	171	109	19	9	15	17	9	10	7	12	20	4	11	9	12	2	6	8	6	6	1	12	12	2	2	9	6	3	1	4	15	14	2	13
chr17	36130632	36131298	667	3	0	667	364	303	60	15	27	26	31	25	33	16	21	14	24	22	17	10	11	10	19	21	6	18	36	25	2	23	21	23	4	24	30	17	4	30
chr17	36131308	36134804	3497	3	0	3497	2050	1447	240	97	117	170	128	98	171	126	125	62	130	105	130	100	97	153	134	82	10	131	131	98	14	125	111	76	5	108	147	112	11	151
chr17	36134807	36139698	4892	3	0	4892	2736	2156	302	129	213	191	178	166	222	182	195	101	178	137	158	81	127	174	191	128	12	146	212	179	16	213	155	136	9	148	190	177	11	233
chr17	36139701	36146818	7118	3	0	7118	4041	3077	436	181	296	312	255	226	312	264	282	164	276	196	253	162	193	232	285	176	32	240	288	216	32	292	211	176	21	190	273	260	29	355
chr17	36146823	36148118	1296	3	0	1296	820	476	137	28	64	78	55	38	39	49	56	25	29	52	57	29	25	57	56	29	6	29	38	36	5	43	28	18	2	24	59	39	3	61
chr17	36443973	36445841	1869	4	0	1869	1053	816	108	54	85	72	64	55	102	56	88	47	63	48	58	56	48	48	90	52	14	55	65	49	10	84	49	42	3	56	73	65	5	103
chr17	36445879	36446086	208	4	0	208	119	89	21	6	8	7	9	6	7	8	7	2	6	8	7	1	9	5	7	3	0	5	10	4	2	11	11	7	0	6	2	13	0	8
chr17	36446087	36446444	358	4	0	358	209	149	22	4	11	29	12	12	12	14	16	4	15	11	16	12	8	10	10	9	3	10	11	8	6	11	9	11	6	8	19	8	1	18
chr17	36446465	36446544	80	4	0	80	38	42	6	3	1	2	3	5	2	0	1	1	2	1	2	3	4	1	2	4	3	3	4	5	4	1	4	3	0	3	1	1	1	2
chr17	36459259	36462945	3687	4	0	3687	1854	1833	170	87	145	104	110	128	205	137	142	77	165	89	84	69	75	66	126	112	16	107	193	176	26	191	130	133	17	132	131	165	17	160
chr17	36462950	36462965	16	4	0	16	12	4	4	0	4	0	0	0	0	0	3	0	0	0	0	0	0	0	0	0	0	0	0	0	0	0	0	0	0	0	0	0	0	3
chr17	36462966	36462988	23	4	0	23	17	6	5	0	4	0	0	0	0	0	5	0	1	0	0	0	0	0	0	0	0	0	0	0	0	0	0	0	0	0	0	0	0	6
chr17	36462992	36465939	2948	4	0	2948	1215	1733	73	51	102	43	81	100	178	72	88	88	152	61	27	18	55	24	68	89	30	70	165	208	77	159	114	169	73	122	84	143	26	136
chr17	36465940	36466732	793	4	0	793	415	378	48	21	25	25	24	21	53	25	31	21	47	17	16	9	14	17	22	20	4	25	40	23	2	37	26	33	5	24	35	26	1	54
chr17	36466733	36469613	2881	4	0	2881	1538	1343	209	69	111	108	103	111	146	79	105	57	120	69	81	49	70	50	105	71	17	93	123	99	21	138	108	98	19	99	103	113	19	116
chr17	36469631	36474293	4663	4	0	4663	2448	2215	201	123	207	161	175	111	225	137	178	110	201	124	138	106	128	122	142	149	14	145	231	218	26	259	121	164	15	116	154	203	17	240
chr17	36474294	36482449	8156	4	0	8156	4523	3633	642	224	298	324	320	282	382	255	277	179	299	217	248	133	201	240	291	213	55	259	354	283	47	329	282	246	55	247	312	271	43	346
chr17	36482458	36482654	197	4	0	197	88	109	5	4	6	3	3	7	13	4	6	3	14	5	5	2	5	2	2	5	4	5	6	10	4	12	11	9	3	9	7	8	1	12
chr17	36482655	36483817	1163	3	0	1163	410	753	21	14	28	14	18	48	69	18	29	32	52	23	9	8	22	5	25	30	20	26	59	80	52	57	50	79	84	53	19	60	22	35
chr17	36483819	36488093	4275	3	0	4275	1968	2307	220	101	148	83	134	149	243	85	115	118	189	95	83	80	88	37	135	119	57	137	207	207	94	207	141	215	111	159	128	175	48	165
chr17	36488095	36489625	1531	3	0	1531	943	588	126	49	56	75	60	47	52	68	48	21	42	43	71	49	50	84	68	33	4	61	63	24	2	45	48	32	11	43	49	45	9	51
chr17	36489626	36499660	10035	3	0	10035	5520	4515	702	260	394	396	372	337	539	327	339	217	331	249	340	213	237	266	394	279	50	304	457	311	51	420	356	326	46	384	367	323	53	393
chr17	36499665	36504912	5248	3	0	5248	2521	2727	242	114	174	134	162	208	338	153	164	115	260	108	97	72	102	77	188	153	23	145	280	259	46	288	208	243	21	226	185	218	28	215
chr17	36504914	36512196	7283	3	0	7283	3396	3887	228	152	232	147	222	287	485	245	208	194	353	181	101	113	143	103	257	244	45	200	405	399	54	401	293	324	35	294	284	292	42	318
chr17	36512197	36513306	1110	3	0	1110	528	582	41	19	37	13	22	72	66	30	29	34	58	18	18	28	29	13	56	43	6	49	53	58	11	55	45	34	2	30	36	42	5	56
chr17	36513313	36518489	5177	3	0	5177	2654	2523	278	120	201	158	175	182	279	145	177	112	248	127	127	92	123	110	156	157	34	159	250	207	29	269	181	192	39	184	194	199	32	239
chr17	36518557	36518783	227	3	0	227	168	59	24	5	9	13	5	5	3	15	4	2	1	8	18	9	6	40	12	3	1	5	3	1	1	5	6	3	0	3	6	3	0	6
chr17	36518788	36520007	1220	3	0	1220	828	392	155	35	61	83	53	33	31	46	54	18	12	48	72	25	36	65	55	20	3	33	33	18	0	29	28	17	1	22	47	26	2	57
chr17	36520009	36522027	2019	3	0	2019	1232	787	178	61	85	112	86	64	76	62	84	38	67	53	88	50	45	81	76	51	15	71	78	43	8	65	54	38	3	43	80	62	6	94
chr17	36522045	36523182	1138	3	0	1138	581	557	102	31	29	35	37	41	64	20	35	18	54	26	22	19	24	23	27	30	12	40	60	30	19	52	38	65	18	33	37	36	13	46
chr17	36523184	36531394	8211	3	0	8211	4391	3820	506	211	313	278	279	258	444	237	267	169	363	171	255	181	200	258	259	239	40	281	378	262	57	392	281	310	50	301	300	278	45	346
chr17	36531396	36533030	1635	3	0	1635	885	750	118	38	80	45	59	42	77	48	54	31	80	35	49	37	42	48	46	51	1	51	74	61	2	100	52	56	4	52	54	69	1	76
chr17	36533034	36535231	2198	3	0	2198	946	1252	71	54	92	35	63	88	108	33	82	59	101	46	36	26	32	20	50	85	34	58	97	135	76	118	61	102	66	81	84	104	24	75
chr17	36535233	36536524	1292	3	0	1292	629	663	80	30	37	42	29	41	55	46	42	24	50	27	38	32	31	25	32	36	26	33	53	40	39	57	46	67	50	39	40	46	13	44
chr17	36536525	36548531	12007	3	0	12007	6577	5430	873	312	425	561	429	351	492	316	399	246	420	281	471	281	304	414	398	303	110	379	438	440	216	468	350	429	187	366	402	390	125	429
chr17	36548533	36548615	83	3	0	83	32	51	0	3	2	0	4	5	4	0	1	2	8	2	0	0	0	0	2	5	0	3	4	3	4	3	6	3	2	3	2	3	2	5
chr17	36548624	36556751	8128	3	0	8128	4931	3197	769	266	261	433	317	230	327	280	255	129	260	211	387	238	235	332	332	207	35	289	298	142	54	283	227	210	50	214	297	218	43	297
chr17	36556753	36562953	6201	3	0	6201	3486	2715	539	141	204	271	226	201	279	162	160	134	280	168	231	138	150	201	188	171	45	210	257	154	55	253	178	207	59	196	245	187	55	254
chr17	36562955	36575649	12695	3	0	12695	7297	5398	1042	376	453	543	472	421	542	408	395	215	473	349	504	313	334	455	482	310	81	452	497	299	108	459	366	407	113	392	498	347	88	499
chr17	36575650	36576195	546	3	0	546	281	265	37	15	17	13	20	22	27	17	14	6	22	20	12	12	12	14	16	17	6	16	30	18	7	20	19	26	7	20	21	15	4	22
chr17	36576197	36576288	92	3	0	92	38	54	0	2	1	3	4	6	4	2	2	1	6	1	0	3	1	0	1	6	1	4	6	6	1	5	6	3	3	2	4	3	1	2
chr17	36576340	36576583	244	3	0	244	128	116	38	6	4	5	9	6	16	1	4	6	16	3	3	5	3	1	7	6	0	10	13	7	1	10	6	13	7	6	6	5	6	13
chr17	36576596	36595410	18815	3	0	18815	10491	8324	1295	491	764	783	664	577	812	618	675	365	715	459	699	473	476	624	663	464	126	653	737	581	203	729	564	624	179	587	708	581	126	798
chr17	36595412	36606414	11003	3	0	11003	5231	5772	449	250	382	266	319	425	611	326	376	248	575	258	205	166	215	158	365	344	87	293	545	557	160	592	360	471	117	424	411	482	90	474
chr17	36606415	36606607	193	3	0	193	104	89	22	1	3	5	6	6	12	5	1	7	14	7	3	4	6	1	6	4	1	7	6	5	0	7	8	4	3	9	9	5	2	12
chr17	36606608	36606901	294	3	0	294	137	157	24	7	3	5	9	16	16	4	3	7	22	4	4	4	7	1	11	10	2	11	14	11	7	14	8	12	6	14	11	13	3	9
chr17	36606916	36607454	539	3	0	539	256	283	24	14	12	18	21	13	35	16	14	7	32	15	10	11	10	3	10	15	4	16	29	18	6	33	24	32	6	22	22	21	6	18
chr17	36607455	36610237	2783	3	0	2783	1260	1523	112	58	73	74	83	117	164	81	79	63	143	62	42	28	51	29	94	78	28	66	146	163	42	165	115	142	41	96	90	133	19	104
chr17	36610238	36610337	100	3	0	100	47	53	12	2	2	0	2	3	6	2	3	2	9	2	0	0	0	0	1	0	1	5	4	1	3	2	5	6	4	5	4	3	4	5
chr17	36610358	36610407	50	3	0	50	22	28	4	0	1	2	2	1	3	0	0	1	1	0	1	2	3	0	2	1	0	2	4	2	1	2	0	5	3	4	0	1	0	0
chr17	36610409	36610526	118	3	0	118	51	67	4	2	0	3	1	7	6	3	3	3	7	5	2	1	2	1	3	5	4	1	5	4	3	7	3	7	3	3	6	4	4	4
chr17	36610528	36610938	411	3	0	411	212	199	26	9	20	13	16	12	27	7	16	11	23	10	10	2	4	6	9	7	2	16	16	15	2	20	16	17	2	15	21	16	0	23
chr17	36610940	36610974	35	3	0	35	16	19	0	0	0	1	0	4	2	1	0	0	0	1	1	3	1	1	3	3	0	1	3	2	0	1	1	1	0	2	0	1	0	0
chr17	36610976	36611849	874	3	0	874	464	410	47	26	32	27	30	28	46	35	35	20	36	26	20	19	21	16	26	33	4	30	47	27	5	39	18	30	5	28	48	28	2	38
chr17	36611851	36611888	38	3	0	38	13	25	0	0	1	0	1	2	4	0	0	2	3	0	0	0	0	0	0	1	1	1	2	2	0	2	3	1	1	4	2	2	0	1
chr17	36611890	36611951	62	3	0	62	33	29	0	1	4	3	5	2	0	5	1	1	4	2	2	0	0	2	2	0	0	1	2	1	1	2	4	4	1	1	4	1	0	4
chr17	36611962	36612067	106	3	0	106	56	50	4	5	2	3	3	1	7	7	7	1	5	2	1	1	4	2	2	3	1	2	4	4	0	4	8	1	1	4	4	4	0	7
chr17	36612081	36613237	1157	3	0	1157	537	620	35	22	40	28	32	43	75	32	32	27	52	26	27	22	29	14	40	41	2	31	67	74	6	77	40	51	4	49	35	59	4	39
chr17	36613253	36625353	12101	3	0	12101	5795	6306	465	273	447	306	399	446	740	349	389	278	573	292	238	184	213	203	442	357	62	320	587	676	109	679	448	498	99	496	457	520	76	478
chr17	36625354	36625462	109	3	0	109	57	52	6	0	17	0	0	0	0	0	17	1	16	0	0	0	0	0	0	0	1	0	0	0	0	13	0	0	1	1	0	14	2	18
chr17	36625463	36625985	523	3	0	523	257	266	44	9	16	15	21	19	27	13	13	10	27	14	7	9	10	2	15	12	2	18	28	32	5	27	15	25	3	19	21	23	4	16
chr17	36625987	36627677	1691	3	0	1691	780	911	64	38	49	48	54	65	119	42	51	56	71	40	29	20	19	14	68	50	18	43	80	102	24	89	65	73	24	56	67	69	12	70
chr17	36627678	36630181	2504	3	0	2504	1192	1312	112	43	86	58	86	96	153	82	61	64	139	59	41	28	50	33	83	69	7	72	120	122	20	144	110	128	20	93	104	87	13	119
chr17	36630183	36630231	49	3	0	49	24	25	2	1	2	2	1	2	4	2	2	0	1	1	2	1	0	1	1	0	0	3	2	2	0	3	6	4	0	0	0	1	0	1
chr17	36630233	36638976	8744	3	0	8744	4388	4356	398	209	326	273	254	308	463	295	326	185	425	210	228	149	157	182	314	258	57	221	432	464	75	449	296	278	47	317	278	421	63	384
chr17	36638978	36639015	38	3	0	38	18	20	1	0	4	0	0	1	1	2	2	1	1	2	2	0	0	0	1	1	0	0	2	3	0	2	1	1	0	2	1	3	0	2
chr17	36639017	36640718	1702	3	0	1702	970	732	148	54	62	77	58	54	74	61	76	26	49	46	58	30	42	54	60	50	7	47	80	76	17	51	51	45	5	45	55	53	5	84
chr17	36640720	36640744	25	3	0	25	11	14	1	0	2	0	2	0	2	0	0	3	1	0	0	0	0	0	2	0	0	1	1	1	0	0	1	1	1	1	0	0	1	2
chr17	36640746	36644098	3353	3	0	3353	1468	1885	103	63	104	74	70	122	198	83	99	86	179	79	72	43	51	42	94	97	28	95	156	212	92	158	117	165	101	125	105	144	41	153
chr17	36644117	36650076	5960	3	0	5960	2917	3043	275	129	210	173	186	248	327	181	185	133	292	134	141	101	98	104	224	189	36	162	304	350	41	329	215	223	34	190	199	262	37	246
chr17	36650083	36650225	143	3	0	143	71	72	6	6	6	0	3	17	3	2	8	3	8	0	1	3	4	0	16	7	1	4	4	6	2	9	1	1	0	0	4	7	1	8
chr17	36650227	36651897	1671	3	0	1671	788	883	54	29	52	49	49	79	89	54	51	45	91	37	30	15	37	26	82	48	7	32	78	105	16	90	54	62	18	66	57	75	11	81
chr17	36651898	36652184	287	3	0	287	156	131	25	7	18	6	3	4	11	2	23	6	31	4	5	2	7	2	6	5	0	8	6	13	0	20	3	3	1	1	5	19	1	38
chr17	36652186	36652513	328	3	0	328	185	143	36	2	8	18	11	12	17	7	3	6	15	8	14	10	5	11	10	9	1	10	14	11	4	12	13	13	1	13	10	8	4	10
chr17	36652514	36654133	1620	3	0	1620	779	841	68	17	63	46	38	73	84	52	49	35	81	29	40	28	33	41	72	42	8	31	74	102	12	100	58	72	15	61	43	72	9	70
chr17	36654134	36656103	1970	3	0	1970	1091	879	84	49	59	85	73	101	81	87	49	31	79	47	71	57	57	79	112	54	10	63	76	64	8	76	74	55	10	71	80	51	8	67
chr17	36656118	36656760	643	3	0	643	295	348	13	15	22	9	23	34	43	15	16	26	38	6	7	4	13	10	38	20	2	18	33	39	2	35	21	19	1	33	24	31	1	30
chr17	36656762	36657370	609	3	0	609	263	346	18	8	27	4	11	26	43	9	26	23	40	9	2	4	8	4	25	16	6	15	22	42	7	46	21	27	3	17	21	33	4	40
chr17	36657371	36657442	72	3	0	72	32	40	0	0	1	0	1	21	1	5	0	0	0	0	0	0	1	1	19	0	1	1	0	0	0	2	9	2	5	0	0	0	0	0
chr17	36657473	36657778	306	3	0	306	123	183	3	4	11	3	7	25	14	6	7	12	15	2	4	5	2	3	19	5	10	12	7	15	10	15	17	14	15	6	9	13	5	9
chr17	36657779	36657945	167	3	0	167	48	119	7	2	9	0	2	1	4	0	8	2	12	0	0	0	0	0	0	2	2	1	2	15	20	10	4	17	14	9	1	12	4	5
chr17	36657955	36661850	3896	3	0	3896	1706	2190	110	62	138	75	79	174	226	127	134	84	196	87	62	36	61	55	134	125	28	69	188	273	71	247	150	207	55	140	133	173	30	165
chr17	36661852	36661871	20	3	0	20	8	12	0	0	0	0	0	5	0	2	0	0	0	0	0	0	0	0	4	1	1	0	1	1	0	0	2	0	1	0	0	0	0	0
chr17	36661873	36663219	1347	3	0	1347	692	655	75	40	50	28	58	80	58	61	42	26	60	21	18	25	18	30	93	35	16	27	56	46	10	53	71	43	12	44	37	41	8	63
chr17	36663229	36663294	66	3	0	66	44	22	11	0	15	0	0	0	0	0	15	0	1	0	0	0	0	0	0	0	0	0	0	0	0	5	0	0	0	0	0	5	0	12
chr17	36663295	36664378	1084	3	0	1084	542	542	42	19	57	22	34	51	55	26	55	34	55	25	10	12	23	21	52	30	8	26	41	49	10	59	34	29	2	32	39	51	6	73
chr17	36664386	36665139	754	3	0	754	355	399	35	19	23	18	28	33	38	16	15	18	49	10	17	16	12	7	22	24	8	32	38	34	14	32	21	35	12	34	34	26	8	24
chr17	36665140	36667448	2309	3	0	2309	1092	1217	60	53	82	60	67	89	144	73	89	61	108	55	39	26	49	36	73	65	20	71	123	126	20	123	76	99	14	93	101	103	12	97
chr17	36667450	36667508	59	3	0	59	27	32	4	0	2	2	0	5	2	2	2	1	4	0	2	0	0	0	2	2	0	1	4	5	0	2	2	2	1	3	2	2	1	2
chr17	36667510	36668592	1083	3	0	1083	571	512	50	19	42	42	33	34	62	47	34	25	37	26	36	28	20	34	42	28	4	32	46	48	6	53	45	38	5	42	43	39	7	34
chr17	36668594	36668615	22	3	0	22	9	13	1	2	0	0	1	1	0	2	1	0	0	0	0	0	0	0	1	2	1	0	2	2	1	0	0	2	0	0	1	0	0	0
chr17	36668617	36669525	909	3	0	909	472	437	41	30	37	31	41	34	52	24	26	12	48	26	31	12	12	15	34	24	2	28	40	24	5	51	37	37	5	37	40	36	2	33
chr17	36669526	36669830	305	3	0	305	146	159	22	6	7	8	11	13	18	9	5	2	18	10	4	4	5	3	4	10	0	11	24	13	2	14	14	20	2	10	9	10	2	13
chr17	36669832	36670687	856	3	0	856	491	365	82	22	39	34	29	22	30	25	34	10	44	19	31	15	12	42	32	20	3	14	24	38	3	58	22	25	1	18	28	40	3	35
chr17	36670689	36674695	4007	3	0	4007	1877	2130	142	60	153	84	98	148	271	111	125	99	242	95	75	53	51	68	104	127	25	104	218	185	19	279	154	193	25	136	152	196	15	198
chr17	36674699	36675168	470	3	0	470	271	199	40	15	18	20	14	30	11	17	21	6	15	9	18	9	11	16	25	15	2	19	24	15	6	11	11	5	3	11	12	20	5	14
chr17	36675173	36676446	1274	3	0	1274	597	677	44	23	47	27	43	69	77	41	36	27	65	21	18	24	18	15	65	41	5	32	71	60	7	79	52	57	6	53	43	59	4	43
chr17	36676450	36679571	3122	3	0	3122	1508	1614	126	84	106	76	101	116	187	105	94	80	149	67	71	44	53	48	98	119	19	88	166	152	29	175	127	125	23	103	119	126	15	129
chr17	36679572	36682731	3160	3	0	3160	1425	1735	94	66	99	70	79	116	209	89	109	83	178	80	47	25	48	32	88	100	23	79	183	201	39	177	97	140	28	129	125	160	16	149
chr17	36682732	36683428	697	3	0	697	339	358	36	14	14	29	14	17	45	22	24	7	26	21	19	14	17	20	18	13	4	17	26	46	9	46	24	39	10	26	29	29	7	13
chr17	36683430	36684468	1039	3	0	1039	534	505	65	19	42	37	32	41	59	26	44	25	53	22	23	10	16	19	36	25	6	28	50	44	8	51	27	39	6	40	45	45	4	50
chr17	36684469	36687140	2672	3	0	2672	1307	1365	127	71	108	58	89	104	155	92	105	70	108	58	44	37	39	40	112	71	26	74	152	146	18	119	89	100	16	101	87	118	20	116
chr17	36687141	36688376	1236	3	0	1236	594	642	37	41	37	41	41	45	79	27	49	24	63	23	29	13	25	19	39	42	5	36	53	65	16	78	49	45	7	47	51	60	4	44
chr17	36688377	36693936	5560	3	0	5560	2867	2693	260	122	210	210	181	194	281	175	187	121	250	137	175	81	130	152	166	163	24	165	257	262	53	272	213	186	45	192	195	233	24	242
chr17	36693938	36695891	1954	3	0	1954	978	976	84	43	78	50	60	90	110	88	77	46	85	42	35	30	31	28	84	55	13	57	96	85	10	96	87	73	9	60	81	74	4	91
chr17	36695900	36698871	2972	3	0	2972	1598	1374	181	62	130	118	82	94	124	100	125	59	131	79	104	52	59	97	83	84	15	84	133	159	22	143	82	75	21	78	102	139	14	139
chr17	36698876	36699329	454	3	0	454	248	206	24	11	17	17	15	15	21	14	17	11	23	16	12	11	16	7	13	15	1	19	23	12	2	17	8	9	3	16	21	17	4	25
chr17	36699331	36699349	19	3	0	19	10	9	2	1	2	0	0	1	1	0	1	0	0	0	2	0	0	0	0	1	0	1	1	1	0	0	1	0	0	1	0	1	0	0
chr17	36699351	36699939	589	3	0	589	319	270	33	16	28	13	14	12	33	20	21	20	34	16	22	6	15	15	12	19	2	21	30	18	0	28	11	15	2	20	26	24	0	41
chr17	36699963	36702205	2243	3	0	2243	1219	1024	109	60	90	87	65	78	94	93	93	56	97	50	79	47	66	54	85	58	17	81	97	76	13	111	66	59	12	52	83	104	6	103
chr17	36702233	36703010	778	3	0	778	403	375	32	17	38	21	23	23	41	31	35	9	41	22	18	17	9	26	26	18	1	21	41	44	0	39	28	25	1	24	23	37	0	45
chr17	36703012	36703037	26	3	0	26	10	16	0	0	1	0	0	3	1	1	1	0	1	1	0	0	0	0	2	1	0	0	3	3	0	1	0	0	0	2	1	2	0	0
chr17	36703039	36703272	234	3	0	234	107	127	1	9	9	1	3	5	17	8	12	9	17	2	4	3	2	3	4	12	0	10	15	18	0	15	5	4	0	3	10	14	0	17
chr17	36703274	36703311	38	3	0	38	24	14	5	1	1	3	1	0	1	2	2	0	1	2	2	0	1	1	0	0	0	1	3	1	0	0	1	0	0	2	1	3	0	1
chr17	36703313	36703935	623	3	0	623	277	346	20	12	26	8	13	15	46	13	23	17	29	17	10	11	7	10	17	20	3	15	38	48	11	28	18	35	2	23	14	24	6	42
chr17	36703937	36703960	24	3	0	24	11	13	3	0	1	0	0	1	2	0	1	1	2	0	0	0	0	0	0	1	0	1	1	0	0	1	1	1	0	1	1	1	0	2
chr17	36703962	36704343	382	3	0	382	118	264	5	2	10	0	4	14	20	7	8	14	22	4	0	3	2	3	7	16	5	5	15	38	21	25	13	26	31	12	10	18	8	12
chr17	36704345	36704374	30	3	0	30	13	17	0	0	1	0	0	0	3	3	1	2	2	1	0	0	0	0	1	1	0	0	1	1	0	2	2	1	0	1	2	0	0	3
chr17	36704377	36704517	141	3	0	141	61	80	2	1	6	2	2	8	8	5	6	2	4	8	1	4	1	0	7	3	2	3	5	12	2	5	8	4	7	1	3	6	1	10
chr17	36704519	36704624	106	3	0	106	44	62	1	3	2	1	3	5	12	1	3	5	2	4	0	1	1	0	7	3	1	3	4	7	1	7	4	4	2	3	6	4	0	4
chr17	36704626	36705117	492	3	0	492	239	253	26	9	17	16	11	14	25	18	21	11	28	13	10	5	6	7	10	19	4	6	29	34	1	32	9	20	5	10	20	23	2	29
chr17	36705120	36705561	442	3	0	442	242	200	41	7	11	19	7	8	20	20	12	7	22	10	19	7	5	25	13	8	0	9	12	26	8	21	17	13	6	16	13	20	6	12
chr17	36705563	36705582	20	3	0	20	6	14	0	0	1	0	0	2	0	0	1	0	2	0	0	0	0	0	0	1	0	0	1	3	0	2	1	1	0	0	0	2	0	1
chr17	36705584	36706265	682	3	0	682	325	357	18	12	31	15	24	37	39	16	25	21	37	13	9	9	8	10	31	21	5	21	33	25	6	32	26	26	9	25	26	24	8	38
chr17	36706273	36707037	765	3	0	765	408	357	45	22	31	26	27	26	42	11	26	14	30	15	26	19	24	23	28	20	9	24	23	32	5	40	30	27	6	27	25	22	2	36
chr17	36707038	36713576	6539	3	0	6539	3809	2730	487	167	227	334	261	223	267	248	205	118	251	160	263	161	170	266	252	164	28	225	275	161	31	235	225	182	30	187	246	195	25	268
chr17	36713578	36714105	528	3	0	528	290	238	67	2	16	22	15	14	24	13	6	11	32	17	20	11	11	8	9	13	3	13	17	14	8	27	16	23	3	26	24	16	8	17
chr17	36714107	36714264	158	3	0	158	88	70	20	3	9	2	7	5	4	3	6	4	10	2	2	1	6	3	2	3	2	6	7	3	1	6	5	6	1	6	5	5	0	11
chr17	36714265	36715543	1279	3	0	1279	665	614	85	25	52	37	35	51	62	35	50	28	66	25	30	22	26	34	40	34	11	41	56	49	13	71	41	49	2	38	46	57	10	56
chr17	36715675	36716791	1117	3	0	1117	562	555	59	29	40	33	34	42	60	34	32	25	43	21	36	15	25	32	29	36	11	35	63	55	14	43	38	48	14	48	40	36	3	42
chr17	36716797	36721089	4293	3	0	4293	2320	1973	242	116	152	161	165	139	234	154	139	94	175	108	126	101	104	109	162	127	26	135	195	112	26	183	169	121	20	180	166	156	27	167
chr17	36721091	36721138	48	3	0	48	28	20	7	3	0	2	2	2	1	2	1	1	1	0	2	1	3	0	3	2	1	1	3	2	1	0	0	1	0	1	1	0	0	2
chr17	36721140	36725563	4424	3	0	4424	2143	2281	179	97	160	137	129	194	237	107	148	89	211	93	117	73	86	85	188	123	40	102	192	256	60	226	150	178	60	164	136	177	26	202
chr17	36725565	36725607	43	3	0	43	26	17	5	0	3	2	1	1	2	2	3	0	0	1	1	0	2	1	1	0	0	0	2	1	0	0	3	2	0	3	1	0	0	4
chr17	36725609	36727175	1567	3	0	1567	820	747	71	35	74	54	67	54	68	61	62	36	69	50	35	19	25	39	62	44	3	35	86	64	9	74	40	49	6	57	62	76	10	69
chr17	36727179	36732531	5353	3	0	5353	2458	2895	169	126	174	128	150	181	345	174	171	129	261	113	107	60	90	79	187	148	25	136	290	354	67	299	219	245	52	198	154	263	20	237
chr17	36732533	36732621	89	3	0	89	47	42	2	0	3	3	0	7	1	5	4	0	4	6	2	2	4	4	1	3	1	4	6	4	0	4	2	1	1	0	4	5	0	4
chr17	36732623	36737892	5270	3	0	5270	2673	2597	233	122	190	173	175	215	292	185	181	112	257	134	129	89	98	88	200	156	34	147	269	221	35	249	190	187	27	196	208	210	22	244
chr17	36737894	36738564	671	3	0	671	371	300	49	17	21	21	29	27	32	22	16	15	35	23	15	12	21	14	30	15	1	25	32	14	1	29	18	22	1	23	31	25	1	32
chr17	36738565	36738635	71	3	0	71	23	48	0	0	5	0	0	0	0	0	5	0	12	0	0	0	0	0	0	0	0	0	0	12	0	17	0	0	0	0	0	18	0	0
chr17	36738652	36739186	535	3	0	535	334	201	35	12	26	29	18	12	14	29	29	10	11	25	20	17	16	29	21	11	0	19	23	13	0	23	10	3	0	3	19	32	0	24
chr17	36739191	36741283	2093	3	0	2093	995	1098	72	42	73	51	51	105	116	60	70	42	121	37	46	37	47	24	78	62	16	70	103	102	26	102	77	85	15	91	73	84	19	94
chr17	36741288	36741318	31	3	0	31	15	16	0	0	1	0	0	8	2	0	0	0	1	0	1	1	0	0	6	1	0	2	1	0	0	0	2	0	0	2	0	0	0	1
chr17	36741319	36741474	156	3	0	156	87	69	0	0	6	1	0	31	5	8	1	0	5	0	6	12	3	9	32	4	0	6	4	0	0	1	7	1	0	6	0	0	0	6
chr17	36741477	36741654	178	3	0	178	97	81	1	1	9	0	3	37	6	6	0	1	5	1	7	12	0	7	39	6	0	6	6	1	0	1	7	0	0	7	0	1	0	6
chr17	36741655	36741665	11	3	0	11	7	4	0	0	0	0	0	3	0	0	0	0	0	0	0	1	0	2	3	0	0	0	0	0	0	0	0	0	0	0	0	0	0	0
chr17	36741668	36741718	51	3	0	51	26	25	0	0	0	0	0	12	2	2	0	1	3	0	0	2	0	2	11	2	0	2	2	1	0	0	1	0	0	1	2	0	0	3
chr17	36741719	36741775	57	3	0	57	27	30	0	0	2	1	1	9	0	3	1	0	7	2	0	0	0	0	8	0	0	1	1	3	1	1	2	0	1	1	2	2	0	6
chr17	36741776	36741795	20	3	0	20	10	10	0	0	0	0	0	5	1	1	0	0	1	0	0	0	0	0	5	0	0	0	0	0	0	1	1	1	0	0	1	0	0	1
chr17	36741797	36741885	89	3	0	89	53	36	1	1	1	1	0	16	1	7	2	0	5	0	1	8	1	6	18	1	2	4	0	0	0	1	2	0	0	0	4	0	0	4
chr17	36741887	36741960	74	3	0	74	38	36	0	1	0	2	1	16	3	4	2	1	3	0	0	2	0	2	17	1	1	1	2	1	0	0	4	0	0	2	2	0	1	3
chr17	36741961	36741980	20	3	0	20	11	9	0	0	0	0	0	5	0	1	0	0	2	0	0	1	0	1	5	0	0	1	0	0	0	0	0	0	0	0	1	0	0	1
chr17	36742007	36742021	15	3	0	15	6	9	0	0	0	0	0	4	1	0	0	0	0	0	0	0	0	0	3	1	0	0	1	1	0	0	1	0	0	1	0	0	0	0
chr17	36742022	36742031	10	3	0	10	5	5	0	0	0	0	0	1	0	1	0	0	2	0	0	0	0	0	1	0	0	0	0	0	0	1	0	0	0	0	1	0	0	1
chr17	36742038	36742287	250	3	0	250	127	123	2	2	5	2	3	41	5	9	6	4	32	0	0	8	0	7	39	3	4	9	0	5	2	6	5	0	4	3	13	5	0	24
chr17	36742291	36743098	808	3	0	808	347	461	26	22	20	17	19	32	49	23	22	24	39	8	18	8	10	10	31	30	10	14	46	68	17	45	25	40	7	34	21	38	8	25
chr17	36743099	36744208	1110	3	0	1110	553	557	46	22	42	23	33	48	54	39	31	23	52	33	24	32	25	25	37	41	7	40	60	61	7	54	27	39	8	36	50	41	6	42
chr17	36744209	36745196	988	3	0	988	647	341	129	33	38	65	38	26	35	24	48	17	26	29	49	22	33	34	44	22	5	27	23	12	5	26	23	8	1	24	33	24	9	54
chr17	36745198	36747667	2470	3	0	2470	1312	1158	137	53	82	92	74	128	116	112	92	43	99	50	59	57	46	70	132	58	25	66	96	90	23	98	113	77	18	78	89	82	12	101
chr17	36747669	36748231	563	3	0	563	262	301	40	11	11	9	16	25	33	16	10	14	38	12	6	9	9	1	17	18	7	17	31	19	9	31	20	30	10	18	22	23	4	25
chr17	36748233	36748264	32	3	0	32	13	19	0	0	3	0	2	1	1	0	1	1	3	0	0	0	0	0	0	1	0	1	2	2	0	1	2	2	0	2	0	1	0	4
chr17	36748266	36748474	209	3	0	209	101	108	7	5	7	6	4	12	12	3	12	5	5	5	2	2	8	6	5	7	5	7	8	9	3	11	10	7	2	5	8	10	0	9
chr17	36748476	36748517	42	3	0	42	20	22	0	0	0	2	0	3	4	3	2	0	0	0	0	4	1	1	4	2	1	0	2	0	0	1	4	0	1	3	0	1	0	1
chr17	36748519	36749463	945	3	0	945	495	450	60	25	41	32	32	22	38	35	42	12	56	23	24	13	15	24	32	14	9	17	48	45	7	44	18	38	7	37	29	47	5	52
chr17	36749464	36754086	4623	3	0	4623	2170	2453	157	91	170	124	121	187	276	126	170	117	222	96	94	73	85	60	162	149	41	116	225	282	49	267	169	162	44	181	154	229	32	190
chr17	36754089	36756582	2494	3	0	2494	1182	1312	93	60	88	48	79	110	142	78	80	42	144	46	37	52	45	36	90	80	18	76	127	113	21	144	98	108	23	101	94	104	16	99
chr17	36756584	36758209	1626	3	0	1626	800	826	58	32	42	62	47	65	107	48	61	39	83	30	28	30	28	40	58	49	7	52	75	92	10	88	62	57	8	53	72	66	9	66
chr17	36758210	36758463	254	3	0	254	121	133	19	5	10	4	9	8	15	2	7	9	18	4	2	3	3	2	10	6	0	9	8	16	4	18	6	8	2	7	10	16	0	12
chr17	36758466	36758495	30	3	0	30	14	16	0	0	4	0	2	0	2	0	2	2	2	0	0	0	0	0	0	0	0	1	1	0	0	1	1	1	0	3	2	1	0	3
chr17	36758497	36761215	2719	3	0	2719	1419	1300	114	65	89	92	74	148	142	113	99	63	97	64	73	50	65	70	145	83	17	80	126	114	19	108	99	73	19	93	107	97	7	112
chr17	36761217	36761254	38	3	0	38	19	19	0	0	0	0	0	7	2	2	0	1	2	2	0	1	0	1	4	1	0	3	3	0	0	0	1	0	0	1	3	2	0	0
chr17	36761266	36761280	15	3	0	15	8	7	0	0	0	0	0	3	0	0	0	0	1	0	0	1	1	2	1	0	0	2	0	0	0	0	1	0	0	0	1	0	0	0
chr17	36761281	36761316	36	3	0	36	16	20	0	0	0	0	0	9	1	1	0	1	3	1	0	0	0	0	6	0	1	3	2	0	1	0	0	0	0	0	3	2	0	0
chr17	36761317	36761373	57	2	0	57	31	26	1	0	1	1	1	13	1	1	1	1	1	1	0	1	3	3	9	3	0	3	2	0	0	2	1	0	0	1	3	1	0	0
chr17	36761386	36764143	2758	2	0	2758	1355	1403	126	59	90	87	84	131	133	90	91	58	129	57	61	48	50	60	124	67	23	81	144	149	31	140	82	117	24	85	88	131	20	96
chr17	36764144	36770182	6039	2	0	6039	2830	3209	239	129	208	138	180	208	361	182	181	140	303	159	115	84	108	93	185	200	33	143	344	364	64	356	193	276	38	229	209	288	35	252
chr17	36770184	36770215	32	2	0	32	14	18	0	0	0	1	0	0	4	0	0	0	2	3	1	2	1	0	1	0	0	1	3	1	0	2	0	1	0	3	0	3	0	1
chr17	36770217	36772137	1921	2	0	1921	1015	906	112	49	89	50	71	71	99	55	62	44	85	48	55	32	42	51	69	55	4	68	83	82	8	96	70	64	8	58	74	68	6	91
chr17	36772153	36773644	1492	2	0	1492	905	587	116	60	58	75	73	51	40	73	62	24	41	31	58	38	37	67	75	39	5	53	62	41	7	38	41	29	7	31	60	39	5	54
chr17	36773645	36775873	2229	2	0	2229	1249	980	154	61	103	83	87	70	102	74	91	52	75	60	68	42	65	61	84	56	13	72	95	69	7	90	66	63	8	78	88	73	12	105
chr17	36775875	36775900	26	2	0	26	11	15	0	1	0	0	0	0	2	1	1	0	1	1	0	2	2	0	1	0	0	2	1	0	1	1	1	1	1	2	0	2	0	0
chr17	36775902	36779344	3443	2	0	3443	1791	1652	178	103	139	101	129	128	163	137	147	75	152	64	68	65	69	72	154	102	27	88	152	147	22	175	116	108	11	111	135	140	14	149
chr17	36779346	36779392	47	2	0	47	29	18	1	2	4	4	2	0	2	0	6	0	1	2	2	0	2	0	0	1	0	2	3	1	0	1	0	0	0	0	1	3	0	5
chr17	36779394	36779976	583	2	0	583	320	263	31	15	22	21	17	23	32	35	26	12	20	15	15	11	11	13	32	13	1	15	29	12	0	25	19	18	3	22	28	23	0	22
chr17	36779986	36780084	99	2	0	99	44	55	0	2	4	1	4	4	2	5	1	2	6	5	2	1	2	1	3	4	0	3	9	10	0	6	1	4	0	1	3	7	0	4
chr17	36780086	36780102	17	2	0	17	7	10	0	0	0	0	0	3	1	1	0	0	0	1	0	0	0	0	1	2	0	1	3	1	0	0	0	0	0	0	1	0	0	0
chr17	36780104	36780561	458	2	0	458	221	237	12	13	16	6	15	18	29	13	10	14	24	10	9	8	12	11	18	17	2	16	27	20	1	21	14	14	4	24	16	19	3	20
chr17	36780563	36780673	111	2	0	111	51	60	4	2	3	2	3	4	9	4	3	3	6	4	1	3	0	0	4	4	0	3	6	3	0	10	3	6	0	3	7	5	2	2
chr17	36780675	36785876	5202	2	0	5202	2502	2700	179	110	192	152	166	160	313	172	181	109	278	127	108	63	112	79	144	136	12	150	266	279	43	307	198	226	26	218	203	254	17	220
chr17	36785895	36786399	505	2	0	505	303	202	55	15	18	28	26	14	11	20	16	9	16	12	18	13	9	22	22	9	4	16	14	13	10	14	13	17	6	10	22	13	4	14
chr17	36786416	36786569	154	2	0	154	71	83	25	1	2	1	3	4	9	1	2	4	12	2	0	2	2	0	2	1	2	6	6	6	6	6	5	9	5	8	4	8	3	5
chr17	36786574	36786590	17	2	0	17	8	9	0	0	2	0	0	1	1	0	2	0	0	0	0	2	0	0	1	0	0	2	1	1	0	0	0	1	0	0	0	0	0	1
chr17	36786592	36786946	355	2	0	355	181	174	17	8	18	9	8	13	20	9	18	4	23	8	9	10	5	2	15	8	1	11	14	12	0	28	6	13	0	11	15	22	1	15
chr17	36786947	36789067	2121	2	0	2121	1187	934	154	42	128	75	72	49	91	73	116	43	88	54	57	41	46	58	63	47	13	52	94	67	7	93	59	52	5	80	69	96	7	128
chr17	36789068	36791893	2826	2	0	2826	1446	1380	140	52	120	78	105	106	159	93	95	67	149	69	50	50	68	44	106	75	11	83	134	95	10	139	102	105	9	129	121	103	12	145
chr17	36791894	36792536	643	2	0	643	314	329	44	16	25	16	27	13	35	14	24	16	40	18	6	2	6	10	21	17	4	5	23	39	9	35	20	24	8	26	25	26	7	40
chr17	36792537	36798425	5889	2	0	5889	3320	2569	435	159	239	233	205	197	246	228	227	104	247	157	199	124	125	194	218	152	29	185	263	196	33	244	171	174	21	148	224	214	15	281
chr17	36798426	36800023	1598	2	0	1598	1028	570	142	48	61	101	54	40	51	81	59	29	45	46	98	28	42	102	72	30	2	40	47	30	8	43	48	28	1	41	59	40	5	75
chr17	36800024	36800795	772	2	0	772	451	321	42	16	26	51	27	26	34	27	25	15	28	29	41	14	11	38	33	17	6	15	35	16	3	36	20	20	4	18	25	37	5	30
chr17	36800804	36800940	137	2	0	137	87	50	10	10	4	4	5	2	6	7	6	3	5	3	6	6	2	6	10	5	0	6	2	1	2	6	0	0	0	0	8	5	0	5
chr17	36800946	36801154	209	2	0	209	101	108	12	8	1	6	10	10	13	5	3	2	15	6	2	4	3	1	9	8	1	5	13	5	2	9	8	10	1	9	8	6	4	8
chr17	36801156	36802626	1471	2	0	1471	843	628	87	47	54	62	54	53	60	58	52	21	49	43	56	40	37	69	65	47	4	45	65	38	6	66	38	40	9	39	57	50	9	49
chr17	36802654	36802821	168	2	0	168	91	77	1	2	2	15	6	9	10	1	4	4	10	1	10	2	3	9	4	9	0	4	5	4	2	10	10	4	1	5	8	4	1	6
chr17	36802823	36802865	43	2	0	43	27	16	3	1	1	4	0	0	1	2	3	0	3	1	3	0	2	3	0	1	0	0	1	0	0	2	0	2	0	1	2	1	0	4
chr17	36802867	36803045	179	2	0	179	104	75	8	5	5	15	6	5	8	5	5	3	7	5	14	4	3	5	3	5	1	8	13	6	0	6	0	8	0	4	9	5	1	5
chr17	36803047	36803087	41	2	0	41	29	12	8	3	3	0	3	0	0	1	2	0	0	1	1	1	2	2	1	1	2	0	0	0	0	1	1	0	0	3	2	0	0	1
chr17	36803089	36803583	495	2	0	495	345	150	61	21	11	42	19	12	13	28	26	3	9	13	29	21	17	19	33	7	4	13	13	3	0	6	8	4	0	6	18	9	0	25
chr17	36803585	36803760	176	2	0	176	97	79	21	2	3	7	8	5	10	7	1	3	10	4	3	3	4	4	3	4	1	5	8	1	0	11	10	9	1	8	9	6	0	3
chr17	36803781	36804570	790	2	0	790	442	348	53	20	37	27	31	34	25	24	25	19	37	15	28	14	22	30	37	22	0	28	30	26	3	39	25	21	1	19	23	30	8	35
chr17	36804572	36804618	47	2	0	47	28	19	0	0	4	2	2	2	1	0	3	1	5	1	0	1	2	3	1	0	0	3	0	0	0	2	0	0	0	2	4	2	0	4
chr17	36804620	36804855	236	2	0	236	114	122	8	8	7	5	9	10	18	4	9	9	10	1	2	1	9	2	8	10	1	9	15	10	1	8	8	6	0	16	11	8	0	11
chr17	36804860	36805249	390	2	0	390	187	203	11	11	15	13	11	12	19	13	20	5	20	6	7	8	9	6	9	13	0	14	19	32	3	22	11	12	4	12	16	19	1	15
chr17	36805251	36810370	5120	2	0	5120	2481	2639	261	109	138	197	159	173	250	138	136	105	243	107	150	94	90	130	153	154	48	126	226	283	115	239	181	228	118	177	160	198	53	179
chr17	36810371	36829272	18902	2	0	18902	8937	9965	691	391	676	467	526	846	1118	553	664	415	920	411	343	247	349	319	721	571	134	473	949	1097	160	1084	691	791	171	713	682	831	103	793
chr17	36829274	36833984	4711	2	0	4711	2582	2129	279	129	166	182	168	168	221	164	146	98	218	123	161	88	112	157	173	130	26	154	220	167	22	200	155	136	18	143	173	176	16	220
chr17	36833985	36836643	2659	2	0	2659	1344	1315	166	63	86	75	97	107	146	71	79	64	135	74	47	42	49	42	98	80	15	83	132	113	24	129	84	107	20	77	107	97	21	127
chr17	36836645	36836691	47	2	0	47	18	29	1	2	0	0	2	2	4	0	0	2	3	2	0	0	0	0	0	4	0	1	4	3	0	4	0	3	0	1	4	2	0	1
chr17	36836693	36838603	1911	2	0	1911	966	945	122	39	89	61	60	79	103	41	81	27	101	38	48	21	29	26	58	41	15	51	89	78	13	108	75	83	12	74	62	86	10	89
chr17	36838605	36838896	292	2	0	292	130	162	13	5	3	11	8	12	21	2	6	7	15	7	5	4	7	2	6	7	6	9	14	9	4	20	13	22	8	9	10	9	8	8
chr17	36838897	36840557	1661	2	0	1661	792	869	84	37	56	45	60	67	95	35	50	34	89	37	28	22	30	22	56	55	7	42	92	85	15	104	49	86	13	54	60	70	11	69
chr17	36840561	36841819	1259	2	0	1259	678	581	59	36	58	40	46	49	56	45	48	21	57	35	40	26	28	34	53	39	6	34	58	31	9	55	32	44	12	46	53	39	5	63
chr17	36841821	36843261	1441	2	0	1441	759	682	87	31	51	56	37	39	84	55	58	33	56	36	42	21	30	41	52	31	9	32	61	69	8	69	61	51	9	47	41	56	12	74
chr17	36843263	36843287	25	2	0	25	10	15	0	0	0	0	0	0	3	0	0	2	2	0	0	1	1	0	1	0	0	2	2	2	0	1	0	1	0	1	0	2	0	2
chr17	36843289	36848798	5510	2	0	5510	2564	2946	204	93	202	136	133	213	320	144	200	114	330	141	98	53	106	77	148	169	29	126	293	333	57	337	169	241	41	217	200	277	29	278
chr17	36848800	36849112	313	2	0	313	158	155	27	5	7	9	13	15	14	10	5	7	20	8	4	4	5	3	7	12	2	10	20	12	4	12	11	13	0	12	15	11	2	12
chr17	36849113	36849485	373	2	0	373	185	188	28	9	8	10	13	16	25	6	8	7	19	11	7	6	6	5	8	14	2	14	19	13	5	17	16	17	5	12	17	10	4	14
chr17	36849487	36853013	3527	2	0	3527	1874	1653	193	92	128	122	124	124	172	141	127	87	148	93	90	59	75	98	142	92	27	101	173	149	22	153	108	114	12	104	138	141	11	165
chr17	36853018	36854288	1271	2	0	1271	758	513	98	25	89	52	43	34	45	46	89	26	44	32	33	30	25	46	52	33	4	26	37	31	4	55	31	22	0	26	48	41	6	96
chr17	36854290	36860801	6512	2	0	6512	2959	3553	223	151	198	144	176	257	384	203	198	113	356	120	119	99	117	99	203	194	52	171	336	408	89	383	279	306	77	268	202	308	44	233
chr17	36860802	36860832	31	2	0	31	21	10	5	0	1	2	2	0	2	0	0	2	3	0	1	0	0	1	2	0	0	1	0	0	0	0	1	0	0	1	1	0	0	4
chr17	36860834	36862032	1199	2	0	1199	552	647	39	27	38	28	41	51	78	28	28	28	72	22	24	23	17	8	38	41	7	43	82	57	11	63	41	59	5	48	37	56	7	50
chr17	36862043	36864699	2657	2	0	2657	1217	1440	120	57	95	52	72	103	164	68	75	65	119	61	57	31	43	35	96	79	18	63	153	178	35	152	89	131	17	107	68	131	22	99
chr17	36864730	36865532	803	2	0	803	392	411	30	18	32	22	25	26	41	26	31	18	42	14	17	18	15	16	32	20	7	20	34	52	5	49	22	26	6	32	30	42	4	29
chr17	36865533	36865693	161	2	0	161	77	84	10	3	3	2	5	5	10	3	0	5	12	4	2	3	6	3	5	2	1	8	7	6	1	7	6	8	2	10	5	5	4	6
chr17	36865698	36866273	576	2	0	576	269	307	36	11	22	9	23	25	34	13	13	10	31	11	5	8	12	5	13	21	3	17	31	27	3	40	27	29	3	27	24	25	1	15
chr17	36866274	36871731	5458	2	0	5458	2653	2805	182	107	204	140	164	204	331	178	171	161	260	138	116	84	111	101	200	156	32	168	268	266	43	295	172	221	38	215	237	230	35	228
chr17	36871732	36872208	477	2	0	477	253	224	12	11	23	12	15	11	22	18	14	17	25	11	16	14	21	9	17	11	2	24	20	18	1	24	13	11	0	16	16	23	1	27
chr17	36872210	36872249	40	2	0	40	19	21	2	3	0	0	1	1	4	0	0	1	2	0	2	0	2	0	2	2	0	2	1	0	2	2	2	2	0	2	1	1	0	1
chr17	36872251	36872658	408	2	0	408	218	190	18	8	21	23	21	19	14	9	19	4	14	10	12	8	5	12	13	13	1	12	19	22	3	21	15	13	3	7	15	17	1	14
chr17	36872660	36872697	38	2	0	38	18	20	0	0	0	0	0	1	1	4	1	1	3	2	0	1	1	2	0	3	0	0	0	3	0	4	0	2	0	0	6	0	0	1
chr17	36872699	36875147	2449	2	0	2449	1293	1156	139	67	100	76	81	87	139	81	84	69	90	63	78	37	42	59	101	71	11	77	124	101	12	116	70	85	13	68	93	97	6	110
chr17	36875148	36875487	340	2	0	340	167	173	17	7	15	7	14	11	20	9	8	9	18	6	8	5	6	5	13	9	0	10	17	13	4	20	12	18	1	15	12	14	1	14
chr17	36875488	36876232	745	2	0	745	376	369	38	16	39	18	25	20	41	20	32	23	43	23	14	6	3	13	25	19	5	16	32	39	6	36	19	25	2	24	30	30	11	50
chr17	36876233	36876245	13	2	0	13	8	5	2	1	1	0	1	0	0	0	1	1	1	0	0	0	0	0	1	0	0	1	0	0	0	0	0	0	0	0	0	0	0	1
chr17	36876247	36876502	256	2	0	256	122	134	10	5	5	9	8	11	15	8	4	3	14	7	6	6	6	4	6	12	0	7	16	7	4	15	11	15	2	10	9	8	4	7
chr17	36876511	36876573	63	2	0	63	33	30	13	1	0	0	1	3	4	0	1	3	5	0	0	0	0	0	2	1	1	3	3	1	1	1	3	2	2	1	1	2	2	4
chr17	36876575	36877008	434	2	0	434	201	233	16	12	11	13	16	17	27	8	11	8	21	7	10	7	13	2	11	19	2	12	25	15	9	24	21	23	5	19	11	16	4	17
chr17	36877009	36880079	3071	2	0	3071	1471	1600	97	54	93	64	90	194	161	110	80	74	145	74	42	64	56	72	191	91	25	79	148	187	33	138	99	111	21	103	117	117	5	134
chr17	36880080	36886911	6832	2	0	6832	3443	3389	327	145	256	227	250	252	338	195	230	166	347	168	148	123	125	146	251	179	61	195	301	322	91	321	208	259	54	235	275	274	46	315
chr17	36886912	36893796	6885	2	0	6885	3343	3542	304	128	292	171	218	275	378	243	277	155	334	160	96	94	102	116	263	172	43	174	345	434	38	355	256	254	37	245	250	312	30	332
chr17	36893798	36897656	3859	2	0	3859	1956	1903	175	89	153	106	127	127	217	132	144	82	184	98	78	76	90	76	134	103	29	108	193	157	18	204	139	150	21	138	137	162	16	194
chr17	36897667	36899213	1547	2	0	1547	783	764	75	34	49	60	53	60	89	39	46	33	75	36	45	25	24	38	55	47	11	39	77	58	16	79	54	69	14	55	55	56	15	64
chr17	36899245	36899634	390	2	0	390	200	190	20	4	18	12	5	10	20	16	24	11	21	10	4	3	15	6	8	9	0	11	22	19	2	18	7	10	1	16	14	23	1	28
chr17	36899635	36899945	311	2	0	311	107	204	1	2	12	2	6	6	24	5	10	6	28	3	0	0	2	0	6	5	0	3	21	37	3	31	10	21	0	19	4	28	1	13
chr17	36899952	36902398	2447	2	0	2447	1136	1311	92	50	81	46	69	107	151	94	82	60	121	44	26	40	36	36	105	77	21	54	136	128	23	129	98	115	21	96	82	96	19	110
chr17	36902400	36902443	44	2	0	44	27	17	4	1	2	1	3	0	1	1	0	2	1	3	2	0	1	3	2	0	0	1	2	3	0	1	0	1	0	1	2	2	0	2
chr17	36902445	36903540	1096	2	0	1096	579	517	72	20	26	44	40	54	60	40	22	17	45	28	29	30	21	30	52	29	8	32	53	29	9	50	51	51	5	35	38	33	6	35
chr17	36903541	36904427	887	2	0	887	518	369	58	25	32	38	34	30	40	36	27	13	35	21	34	25	19	50	41	18	9	24	31	23	4	30	41	20	0	31	27	27	1	41
chr17	36904434	36905534	1101	2	0	1101	612	489	107	27	28	47	47	42	52	36	25	20	47	25	29	23	26	30	42	30	4	36	52	27	7	43	43	40	11	36	40	32	8	37
chr17	36905547	36906032	486	2	0	486	271	215	36	11	25	11	18	14	17	18	20	14	26	18	9	4	16	13	10	14	4	15	21	7	1	24	12	14	1	13	24	18	4	32
chr17	36906034	36906067	34	2	0	34	14	20	0	0	1	1	1	4	1	0	1	0	1	0	0	1	1	1	2	3	0	0	3	2	0	3	0	3	0	1	1	1	0	0
chr17	36906069	36911447	5379	2	0	5379	2777	2602	286	126	206	204	173	230	276	173	207	110	220	94	156	104	109	103	211	155	41	162	259	235	38	248	202	189	45	184	180	202	32	217
chr17	36911452	36911510	59	2	0	59	36	23	3	2	1	0	0	17	0	2	0	0	0	0	3	4	0	3	19	0	2	1	0	0	0	0	0	0	0	0	0	0	0	0
chr17	36911525	36911554	30	2	0	30	26	4	1	1	0	0	1	2	0	1	0	0	0	0	0	1	0	17	4	0	0	0	0	0	0	0	0	0	0	0	0	0	0	0
chr17	36911557	36912503	947	2	0	947	540	407	81	19	28	45	31	35	38	42	28	25	40	23	33	14	21	36	42	22	4	26	38	26	5	34	27	24	16	26	39	31	5	41
chr17	36912504	36917285	4782	2	0	4782	2407	2375	216	108	154	149	145	210	231	177	134	91	224	127	132	87	98	123	178	153	37	129	250	245	40	228	171	178	34	155	164	187	30	195
chr17	36917288	36921583	4296	2	0	4296	2081	2215	196	81	172	111	112	153	247	120	152	90	250	100	100	55	63	78	136	108	30	105	210	244	38	249	136	168	24	174	149	221	18	204
chr17	36921584	36924576	2993	2	0	2993	1492	1501	134	69	125	69	95	106	167	84	109	70	166	63	58	39	67	70	100	92	11	81	151	147	14	170	91	111	12	112	110	132	5	161
chr17	36924577	36924724	148	2	0	148	78	70	15	4	4	4	4	3	8	7	5	2	7	8	2	1	2	1	3	4	0	3	9	8	2	5	6	4	0	4	4	8	0	9
chr17	36924725	36926672	1948	2	0	1948	1080	868	135	51	64	61	58	86	100	84	62	37	73	53	57	55	40	62	114	43	17	55	75	57	7	81	75	57	8	54	64	63	10	88
chr17	36926673	36927925	1253	2	0	1253	661	592	103	36	57	33	51	41	56	35	48	27	50	33	28	16	29	17	38	31	8	43	61	45	9	57	37	45	18	41	47	51	9	51
chr17	36927927	36935929	8003	2	0	8003	3573	4430	331	183	304	172	212	290	383	186	290	209	412	142	157	81	124	96	239	245	105	174	375	548	217	411	253	346	182	281	204	412	80	357
chr17	36935931	36936894	964	2	0	964	328	636	21	19	24	11	26	26	49	8	21	29	56	14	7	9	7	1	18	28	15	21	40	92	62	44	36	58	62	38	15	59	13	33
chr17	36936912	36937042	131	2	0	131	48	83	13	2	3	1	2	0	7	1	2	4	7	0	2	2	2	0	3	1	1	2	3	7	11	5	4	10	11	10	0	8	3	2
chr17	36937044	36943197	6154	2	0	6154	2399	3755	178	122	203	76	142	216	309	96	199	167	334	84	59	81	90	42	158	188	97	143	262	422	281	299	211	369	280	260	132	285	134	233
chr17	36943198	36943932	735	2	0	735	345	390	53	19	22	13	21	29	32	11	23	21	26	17	8	15	12	21	31	19	17	17	30	39	27	27	19	31	24	22	13	34	14	26
chr17	36943933	36968270	24338	2	0	24338	14000	10338	1884	679	1014	1091	881	742	999	751	909	460	932	649	993	547	623	845	915	558	125	830	870	712	194	940	701	632	218	693	887	814	143	1105
chr17	36968272	37001418	33147	2	0	33147	20470	12677	3034	1082	1400	1707	1334	891	1254	1187	1281	587	1050	855	1576	872	889	1469	1389	684	137	1222	1136	621	121	1026	893	680	120	875	1248	919	136	1470
chr17	37001420	37002903	1484	2	0	1484	878	606	143	36	62	70	51	44	61	52	57	28	45	47	60	28	43	51	47	35	13	41	61	25	7	63	40	42	9	45	59	54	1	62
chr17	37002904	37009387	6484	2	0	6484	3734	2750	536	178	266	266	241	203	284	202	229	112	258	176	241	158	181	202	218	180	18	235	252	167	30	268	198	163	35	210	262	208	29	276
chr17	37009410	37022113	12704	2	0	12704	7624	5080	1066	353	515	725	490	334	488	409	539	207	452	297	564	286	351	547	452	264	67	398	438	288	81	448	391	304	86	367	440	400	62	593
chr17	37022116	37040471	18356	2	0	18356	11115	7241	1533	569	682	964	727	562	727	669	634	326	588	501	853	502	501	776	796	436	89	637	648	428	69	634	521	418	63	452	720	497	57	775
chr17	37040472	37051697	11226	2	0	11226	6323	4903	845	290	467	451	377	388	516	348	422	242	413	251	408	243	271	390	472	269	70	352	400	364	98	429	377	295	70	378	380	363	78	507
chr17	37051698	37057403	5706	2	0	5706	3122	2584	419	165	217	214	188	207	262	199	200	133	175	132	208	109	126	167	248	148	60	159	231	206	58	236	177	180	64	177	200	197	34	208
chr17	37057405	37058297	893	2	0	893	485	408	70	22	26	43	35	27	45	27	32	18	38	16	25	21	14	24	31	23	9	25	40	35	10	30	29	33	8	30	34	24	9	38
chr17	37058298	37070059	11762	2	0	11762	6154	5608	749	316	411	409	428	444	586	339	366	236	510	301	343	203	251	261	418	323	111	347	514	431	147	529	425	417	92	440	440	449	82	442
chr17	37070068	37070670	603	2	0	603	388	215	68	10	29	45	31	15	8	21	22	17	9	20	31	10	15	36	25	13	5	9	23	9	9	15	7	13	6	11	20	21	2	26
chr17	37071020	37073398	2379	2	0	2379	1342	1037	201	62	58	120	93	88	104	90	74	40	106	54	74	44	62	70	90	64	15	65	106	62	16	92	88	76	13	75	91	74	12	98
chr17	37073399	37074121	723	2	0	723	407	316	68	18	24	19	26	33	37	19	16	10	26	21	18	16	16	38	24	20	4	29	40	20	0	28	25	26	4	23	26	22	2	23
chr17	37074122	37075072	951	2	0	951	529	422	94	23	36	48	41	40	42	14	32	19	37	20	33	15	18	16	35	30	5	27	46	34	11	37	23	33	4	28	32	31	4	41
chr17	37075073	37075099	27	2	0	27	12	15	0	0	1	0	0	0	2	1	0	2	2	1	1	1	0	0	1	0	0	2	2	2	0	1	0	1	0	0	0	2	0	3
chr17	37075104	37075970	867	2	0	867	530	337	89	32	31	39	32	24	29	21	26	14	30	23	45	21	27	45	39	24	2	26	34	22	8	27	13	22	4	23	21	23	8	41
chr17	37075986	37077547	1562	2	0	1562	886	676	115	38	51	78	64	62	78	47	40	32	55	36	63	38	32	57	64	47	7	52	73	42	8	55	58	46	5	54	55	43	10	55
chr17	37077566	37077721	156	2	0	156	87	69	25	6	4	2	7	4	7	2	4	3	10	2	2	1	5	2	3	2	3	6	4	4	0	8	4	6	1	8	9	4	2	4
chr17	37077722	37079278	1557	2	0	1557	888	669	123	52	46	66	63	55	70	52	35	31	66	25	66	34	41	61	63	49	8	52	60	36	13	57	62	46	9	57	56	35	8	58
chr17	37079279	37080074	796	2	0	796	475	321	58	28	34	37	31	27	39	27	47	11	25	26	22	19	17	26	38	13	2	31	32	20	1	20	19	16	2	17	35	24	3	47
chr17	37080075	37115189	35115	2	0	35115	19220	15895	2322	928	1387	1332	1206	1182	1794	1163	1285	702	1401	881	1155	698	864	918	1378	841	183	1108	1447	1156	205	1592	1177	1120	171	1248	1343	1283	145	1498
chr17	37115191	37119589	4399	2	0	4399	2691	1708	351	137	163	241	170	135	177	152	161	78	136	114	211	120	122	221	206	90	20	155	134	113	19	136	112	86	18	130	182	113	17	177
chr17	37119602	37125221	5620	2	0	5620	3201	2419	364	148	224	244	211	187	259	170	212	119	216	152	193	135	174	192	236	129	27	197	222	157	20	227	150	154	21	179	219	186	24	270
chr17	37125223	37128023	2801	2	0	2801	1711	1090	277	92	128	143	111	78	100	89	120	53	85	85	133	41	79	95	96	53	12	103	106	56	19	78	67	66	16	75	109	84	13	137
chr17	37128025	37130590	2566	2	0	2566	1572	994	225	68	126	120	84	79	88	94	113	55	80	58	115	67	76	122	105	59	23	82	79	55	5	84	71	44	12	69	90	65	16	135
chr17	37130592	37142002	11411	2	0	11411	6631	4780	835	303	494	540	434	330	497	416	455	221	418	303	447	267	283	387	435	282	49	355	430	306	51	452	347	286	41	348	464	365	31	537
chr17	37142004	37150541	8538	2	0	8538	5087	3451	689	248	403	386	327	240	331	327	375	157	301	226	336	194	215	331	354	175	34	276	260	240	33	306	273	177	31	233	338	247	38	435
chr17	37150542	37154916	4375	2	0	4375	2604	1771	381	115	168	232	159	128	157	136	162	72	150	113	193	94	140	203	146	100	22	141	161	118	33	160	113	122	28	129	159	132	21	185
chr17	37154920	37156053	1134	2	0	1134	783	351	120	31	58	91	39	26	30	42	65	20	17	29	76	22	33	83	48	17	4	30	23	14	0	30	19	9	0	26	47	27	4	52
chr17	37156061	37156417	357	2	0	357	174	183	33	8	6	9	9	16	19	7	7	7	21	11	8	4	7	1	9	11	3	12	16	12	7	19	9	18	9	12	17	13	5	10
chr17	37156420	37157531	1112	2	0	1112	722	390	98	29	43	73	39	35	33	51	44	19	32	29	63	42	34	57	61	16	3	45	21	13	4	35	26	17	3	22	50	27	6	40
chr17	37157532	37163196	5665	2	0	5665	3204	2461	343	144	251	227	216	193	246	214	229	107	229	167	178	142	140	176	209	165	17	195	241	157	20	231	182	135	16	161	237	192	23	280
chr17	37163197	37165675	2479	2	0	2479	1482	997	181	58	106	124	86	74	96	105	100	38	82	82	102	55	80	111	102	50	7	66	85	70	5	86	81	49	10	84	93	77	4	128
chr17	37165676	37167119	1444	2	0	1444	829	615	115	38	48	74	56	48	68	40	32	27	58	27	73	34	44	45	52	35	5	55	64	30	6	64	48	53	3	56	49	46	6	43
chr17	37167120	37167270	151	2	0	151	91	60	34	5	5	3	7	5	3	5	4	2	4	3	3	4	0	3	6	7	0	3	9	4	2	6	1	6	2	1	4	4	2	2
chr17	37167272	37171684	4413	2	0	4413	2831	1582	417	141	178	262	167	104	152	179	179	65	117	135	236	129	129	240	184	93	22	139	121	77	13	126	110	70	15	115	187	97	16	196
chr17	37171685	37174021	2337	2	0	2337	1510	827	211	64	88	155	90	41	76	99	85	43	66	62	133	70	68	157	85	52	4	77	78	45	4	72	48	41	10	55	95	61	6	94
chr17	37174022	37174045	24	2	0	24	22	2	18	0	0	0	1	0	0	0	0	0	0	0	0	1	1	0	1	0	0	0	0	0	0	0	0	0	0	0	0	0	0	0
chr17	37174047	37174802	756	2	0	756	404	352	67	17	32	26	33	27	32	18	22	15	31	21	20	14	21	7	21	25	3	24	31	15	9	36	25	33	16	24	33	18	6	32
chr17	37174814	37177269	2456	2	0	2456	1502	954	207	87	100	116	97	49	104	104	105	54	76	64	101	66	93	78	98	49	8	101	81	36	4	78	70	44	6	80	105	70	8	115
chr17	37177274	37181878	4605	2	0	4605	2842	1763	384	117	171	259	178	153	173	176	192	80	157	132	177	111	147	235	195	100	10	155	151	81	8	149	130	81	14	126	204	127	12	218
chr17	37181880	37181900	21	2	0	21	11	10	0	0	1	0	1	0	2	0	0	1	2	1	0	1	0	1	2	0	0	1	0	0	0	0	1	0	0	1	0	1	0	3
chr17	37181901	37184848	2948	2	0	2948	1769	1179	231	71	105	153	105	77	112	114	97	61	107	79	126	81	95	154	105	64	16	105	108	72	15	94	84	67	13	92	111	86	18	128
chr17	37184850	37185402	553	2	0	553	336	217	50	17	15	27	21	25	21	20	17	7	16	13	20	20	20	26	28	12	3	26	14	6	6	17	22	16	2	12	23	9	3	17
chr17	37185403	37186173	771	2	0	771	436	335	72	20	21	34	31	21	36	24	21	15	32	20	24	21	25	18	27	17	4	29	31	21	6	33	21	28	5	24	33	25	3	27
chr17	37186176	37190029	3854	2	0	3854	2431	1423	358	134	184	202	146	97	130	149	183	65	111	98	191	85	120	177	151	82	19	129	115	61	7	119	104	65	17	96	152	94	11	200
chr17	37190030	37193216	3187	2	0	3187	2011	1176	287	91	147	165	113	79	117	128	141	39	94	92	148	100	86	182	132	64	10	103	85	52	14	108	82	57	5	98	138	86	7	135
chr17	37193218	37193237	20	2	0	20	12	8	1	1	2	0	0	1	0	0	1	1	0	0	2	0	2	0	2	0	0	1	0	0	0	0	0	1	0	1	0	0	0	2
chr17	37193239	37199825	6587	2	0	6587	4248	2339	656	230	301	399	263	150	217	233	287	107	188	190	379	141	214	292	243	124	17	243	177	106	22	184	173	95	11	171	270	164	16	322
chr17	37199826	37201556	1731	2	0	1731	1098	633	177	55	84	99	68	30	60	59	71	31	48	51	98	48	49	69	63	32	4	64	52	30	7	63	35	43	4	34	67	47	7	80
chr17	37201557	37202688	1132	3	0	1132	770	362	126	38	53	87	52	25	37	42	50	21	16	27	75	18	24	77	52	15	0	35	33	12	0	25	32	15	2	27	39	28	4	43
chr17	37202719	37202962	244	3	0	244	155	89	18	4	13	14	6	7	7	12	11	4	5	5	14	8	11	15	13	5	0	6	4	3	0	11	9	4	1	7	6	6	1	12
chr17	37202963	37210751	7789	3	0	7789	4732	3057	627	244	351	379	311	201	276	303	309	149	238	219	355	200	240	329	308	179	28	279	269	194	24	270	203	150	28	209	311	235	22	347
chr17	37210753	37213814	3062	3	0	3062	1891	1171	280	91	134	155	105	98	107	108	123	37	102	96	151	70	96	137	127	64	7	98	99	55	11	109	78	64	11	89	114	91	10	143
chr17	37213815	37216155	2341	3	0	2341	1420	921	169	65	115	112	85	73	108	81	108	41	67	62	99	60	68	107	95	42	8	93	68	47	6	74	78	43	2	85	106	63	4	105
chr17	37216169	37216189	21	3	0	21	14	7	0	1	0	0	0	3	0	2	0	0	0	0	1	3	0	4	5	0	0	0	0	0	0	0	0	0	0	0	0	0	0	0
chr17	37216190	37217260	1071	3	0	1071	650	421	116	40	37	47	44	39	46	14	35	19	32	27	45	24	37	48	47	26	7	41	29	23	6	40	36	20	5	27	31	29	8	44
chr17	37217262	37217506	245	3	0	245	155	90	40	5	12	13	13	9	8	7	9	5	4	4	7	6	7	4	14	4	1	7	8	2	1	7	10	4	0	10	5	8	2	7
chr17	37217511	37217752	242	3	0	242	120	122	24	3	3	6	5	8	14	6	2	5	14	11	6	4	5	3	5	6	2	7	10	8	5	10	9	12	5	10	9	8	6	9
chr17	37217766	37218148	383	3	0	383	250	133	35	12	10	29	13	7	13	15	15	5	12	6	22	14	10	30	16	10	1	11	13	12	1	11	8	5	0	7	12	10	0	16
chr17	37218149	37221463	3315	3	0	3315	2134	1181	325	98	141	212	130	71	130	102	146	61	95	91	175	85	89	181	121	66	13	115	104	59	5	95	66	57	5	82	142	81	7	163
chr17	37221464	37227859	6396	3	0	6396	3927	2469	529	191	269	343	213	177	250	222	270	110	210	160	319	166	192	305	249	141	25	229	203	118	29	227	160	137	29	172	250	181	25	293
chr17	37227860	37228206	347	3	0	347	231	116	54	6	21	22	13	4	7	14	16	4	6	7	19	11	5	21	8	9	0	8	9	16	0	12	10	5	0	5	11	8	0	14
chr17	37228209	37229143	935	3	0	935	530	405	84	29	30	37	26	25	39	26	36	21	44	20	35	23	29	25	30	27	6	35	31	21	16	38	25	25	8	22	30	33	10	47
chr17	37229145	37230412	1268	3	0	1268	691	577	128	37	30	52	37	45	59	31	26	14	56	35	55	28	22	34	37	40	13	34	55	33	21	55	43	53	27	35	37	38	13	43
chr17	37230418	37238334	7917	3	0	7917	4908	3009	704	252	360	417	305	181	288	298	342	152	238	210	382	220	234	324	309	186	40	270	263	158	27	257	185	133	19	219	314	228	26	374
chr17	37238335	37247374	9040	3	0	9040	5404	3636	648	236	377	480	373	259	327	311	325	160	303	296	394	236	301	377	341	218	41	291	326	191	39	347	236	217	35	270	367	277	39	400
chr17	37247375	37251857	4483	3	0	4483	2678	1805	362	138	178	215	162	139	169	171	165	78	152	124	205	133	110	176	183	104	31	170	160	108	30	141	118	104	31	105	180	124	22	193
chr17	37251858	37254128	2271	3	0	2271	1379	892	183	57	88	140	88	71	92	83	96	42	70	61	101	60	59	88	96	40	15	79	76	44	11	68	62	54	14	62	100	60	10	99
chr17	37254133	37260284	6152	3	0	6152	3805	2347	481	195	228	356	238	171	258	214	231	110	200	156	309	150	166	340	263	125	21	217	208	124	19	185	174	127	12	175	236	160	26	275
chr17	37260304	37266421	6118	3	0	6118	3627	2491	440	183	263	273	256	162	250	241	256	116	210	204	208	142	168	254	249	140	21	192	229	141	18	210	163	132	20	189	268	185	33	300
chr17	37266423	37267764	1342	3	0	1342	828	514	115	42	64	64	54	23	56	59	52	31	49	36	63	34	46	39	47	25	4	54	46	14	2	36	43	25	0	50	56	34	2	75
chr17	37267765	37268725	961	3	0	961	592	369	80	28	46	48	33	20	40	28	45	20	26	33	45	18	38	43	32	21	2	31	31	28	1	33	21	21	1	23	37	23	0	63
chr17	37268744	37269046	303	3	0	303	213	90	35	12	15	17	8	4	8	10	18	6	8	5	18	5	14	28	8	3	0	17	6	3	0	6	3	2	0	5	13	7	0	17
chr17	37269047	37269763	717	3	0	717	476	241	70	27	38	43	39	18	17	22	19	13	13	18	49	22	26	41	34	14	0	32	17	11	1	20	18	11	1	18	27	12	0	24
chr17	37269764	37270438	675	3	0	675	391	284	67	14	31	14	23	20	26	25	24	16	30	16	11	20	24	29	25	18	2	25	22	16	2	29	20	20	2	16	26	15	4	41
chr17	37270440	37270470	31	3	0	31	17	14	0	0	1	1	0	1	0	3	0	1	1	0	2	1	1	4	0	2	1	0	2	0	0	2	1	1	1	1	1	1	0	0
chr17	37270472	37274982	4511	3	0	4511	2773	1738	406	145	199	246	185	109	173	150	177	71	146	118	228	107	105	208	162	102	21	146	154	101	16	152	123	100	19	128	178	120	18	196
chr17	37274983	37275495	513	3	0	513	280	233	39	17	17	24	26	17	25	17	16	5	18	18	15	8	6	11	17	16	0	14	24	13	7	23	18	25	6	13	26	13	1	16
chr17	37275496	37279644	4149	3	0	4149	2597	1552	375	132	185	224	156	94	147	145	167	69	121	116	217	120	130	197	166	95	17	137	140	80	12	142	93	84	12	101	143	115	11	204
chr17	37279645	37280730	1086	3	0	1086	658	428	88	27	28	62	44	31	37	42	23	22	41	30	49	32	28	72	37	35	3	37	42	23	11	34	30	29	9	22	45	23	7	41
chr17	37280731	37281058	328	3	0	328	197	131	26	7	18	13	15	26	6	14	12	8	10	7	11	8	7	8	35	7	1	7	9	9	1	7	10	2	0	6	7	8	0	21
chr17	37281059	37287590	6532	3	0	6532	3852	2680	509	180	283	296	232	206	275	226	252	119	222	170	277	171	178	254	252	178	29	217	247	146	29	241	202	158	31	187	238	181	31	313
chr17	37287591	37290756	3166	3	0	3166	1836	1330	225	93	113	136	115	107	151	110	99	65	111	87	128	89	82	125	127	89	15	123	128	70	13	121	92	82	16	90	134	91	14	123
chr17	37290760	37291080	321	3	0	321	154	167	11	6	12	10	14	17	16	2	9	7	15	7	5	8	8	7	10	10	7	11	20	9	3	15	9	19	5	11	10	9	3	14
chr17	37291081	37291143	63	3	0	63	49	14	22	3	2	1	0	4	1	3	3	0	0	2	2	0	3	1	5	0	0	2	0	0	0	0	0	0	0	2	3	0	0	2
chr17	37291144	37291181	38	3	0	38	24	14	1	0	0	2	0	11	0	2	0	0	1	1	1	0	0	3	12	0	0	0	0	0	0	0	0	0	0	0	1	0	0	1
chr17	37291182	37293539	2358	3	0	2358	1469	889	237	84	110	129	100	60	74	88	90	30	68	57	133	54	63	92	91	47	7	81	69	41	19	69	75	58	13	72	87	52	13	93
chr17	37293540	37296301	2762	3	0	2762	1580	1182	230	101	114	112	112	91	114	78	98	49	91	59	118	58	73	81	116	68	19	96	126	90	12	105	69	88	12	83	84	88	17	108
chr17	37296303	37297446	1144	3	0	1144	580	564	69	24	17	31	29	45	48	44	18	20	72	30	26	24	31	51	39	33	6	35	54	40	19	49	33	59	21	35	40	30	22	48
chr17	37297447	37297546	100	3	0	100	73	27	13	2	0	0	1	14	0	7	0	0	0	0	0	6	0	28	19	1	2	0	1	0	0	0	2	0	2	0	0	0	0	0
chr17	37297547	37304789	7243	3	0	7243	4294	2949	628	191	283	360	292	220	297	229	256	131	249	187	286	163	193	328	270	167	39	230	277	149	42	260	226	202	42	222	265	210	37	310
chr17	37304790	37305912	1123	3	0	1123	698	425	130	41	40	57	45	33	43	51	41	23	25	23	50	24	27	43	58	23	3	37	44	30	3	31	27	28	1	28	43	27	3	39
chr17	37305915	37307947	2033	3	0	2033	1219	814	167	51	73	109	83	73	73	63	59	34	74	51	92	52	45	119	69	58	9	74	79	38	19	73	55	57	9	55	89	56	11	62
chr17	37307949	37311413	3465	3	0	3465	2129	1336	304	85	143	188	155	90	134	117	137	68	114	102	124	86	105	175	124	69	11	125	113	61	5	125	98	75	14	95	161	99	10	151
chr17	37311414	37314104	2691	3	0	2691	1687	1004	244	73	108	156	98	65	95	121	127	42	95	76	112	68	73	133	110	50	3	86	97	47	3	90	65	48	7	58	107	92	3	137
chr17	37314105	37314974	870	3	0	870	468	402	87	16	24	30	27	35	43	21	24	15	42	22	19	25	21	15	29	21	8	33	37	20	16	33	27	35	8	32	33	30	8	32
chr17	37314976	37315026	51	3	0	51	24	27	1	2	1	2	4	2	2	2	1	0	4	2	0	0	0	0	2	0	0	2	4	1	0	1	4	3	1	2	0	2	1	3
chr17	37315028	37316302	1275	3	0	1275	701	574	54	43	48	53	45	31	64	42	45	33	46	28	54	40	32	42	51	51	6	39	59	46	12	55	29	31	3	39	43	45	7	57
chr17	37316303	37324788	8486	3	0	8486	4771	3715	633	216	278	376	303	308	383	263	268	145	344	204	299	201	222	326	311	226	50	284	371	230	62	332	258	280	70	280	317	259	54	331
chr17	37324790	37324830	41	3	0	41	18	23	1	3	0	1	2	3	3	1	2	0	2	0	0	0	0	0	2	1	0	3	3	2	0	1	3	1	0	1	1	3	0	0
chr17	37324832	37325604	773	3	0	773	451	322	111	16	23	35	26	23	37	13	21	11	34	15	26	14	19	25	18	20	2	25	28	18	5	31	24	27	14	29	29	17	7	28
chr17	37325605	37325620	16	3	0	16	5	11	0	1	0	0	1	0	2	0	0	0	1	0	0	0	0	0	1	0	0	0	1	1	0	1	1	2	0	1	0	0	0	1
chr17	37325622	37329640	4019	3	0	4019	2271	1748	266	130	131	161	139	130	185	127	128	82	166	126	155	83	136	126	130	115	18	162	171	91	26	162	107	128	21	114	173	117	31	180
chr17	37329641	37332910	3270	3	0	3270	1893	1377	304	94	93	161	119	92	137	102	93	52	142	85	135	70	97	116	94	94	17	103	129	80	36	127	88	103	22	111	139	95	11	127
chr17	37332911	37337415	4505	3	0	4505	2484	2021	262	142	170	176	166	118	191	146	164	90	155	115	157	123	155	153	145	132	21	175	194	186	37	207	137	121	20	122	145	185	26	167
chr17	37337416	37337556	141	3	0	141	82	59	28	3	6	1	3	5	7	1	4	3	8	2	2	1	5	2	2	1	2	7	2	3	0	7	7	5	0	5	5	3	2	7
chr17	37337558	37338975	1418	3	0	1418	754	664	139	35	34	44	51	47	74	34	22	23	73	39	40	31	37	30	40	36	10	50	67	43	13	65	44	67	20	51	55	42	9	51
chr17	37338976	37339843	868	3	0	868	527	341	71	33	48	35	32	28	38	17	43	18	27	16	41	26	27	26	42	15	3	45	28	18	2	29	16	15	0	23	30	30	1	43
chr17	37339861	37341689	1829	3	0	1829	1127	702	155	60	74	100	72	54	75	51	60	38	58	49	102	45	51	82	75	49	6	67	60	37	6	61	48	31	5	52	69	47	9	79
chr17	37341691	37342435	745	3	0	745	442	303	95	21	34	31	26	18	33	18	28	17	25	12	32	14	15	21	25	17	4	24	31	18	4	30	15	23	6	24	24	25	4	29
chr17	37342475	37346316	3842	3	0	3842	2220	1622	350	103	120	192	140	107	177	107	118	67	166	98	157	88	95	134	125	101	17	122	159	97	33	155	94	135	14	121	153	111	24	160
chr17	37346317	37346389	73	3	0	73	50	23	14	1	3	4	3	0	1	3	0	0	2	2	4	4	3	5	2	1	0	2	2	2	0	3	2	2	0	2	1	1	0	2
chr17	37346393	37346426	34	3	0	34	23	11	5	1	1	2	1	0	1	0	2	1	1	2	1	0	1	4	0	1	1	0	1	0	0	1	0	0	0	0	1	0	1	3
chr17	37346428	37346700	273	3	0	273	123	150	12	3	5	6	5	16	16	3	4	6	18	8	5	6	8	1	6	10	4	10	15	5	5	16	8	16	6	12	11	10	5	10
chr17	37346711	37349561	2851	3	0	2851	1650	1201	242	79	93	125	109	95	126	88	83	52	115	80	104	56	47	155	119	64	26	73	104	70	20	111	83	87	32	81	112	84	18	116
chr17	37349562	37351927	2366	3	0	2366	1255	1111	170	64	57	96	91	94	123	69	53	37	103	64	74	53	46	59	92	72	20	64	121	68	23	104	86	101	24	79	79	75	21	82
chr17	37351929	37353637	1709	3	0	1709	970	739	143	46	63	73	58	50	78	45	54	30	70	46	71	40	51	50	53	37	17	59	59	33	16	77	51	61	14	62	68	54	13	65
chr17	37353640	37363179	9540	3	0	9540	5019	4521	622	238	322	389	289	315	423	266	306	199	413	222	353	185	219	257	296	258	82	301	407	348	161	418	270	386	166	288	320	342	107	370
chr17	37363181	37364590	1410	3	0	1410	706	704	102	34	38	41	52	55	79	25	28	36	77	32	34	26	26	20	39	47	17	48	72	40	20	68	46	71	18	45	54	42	17	59
chr17	37364591	37364636	46	3	0	46	37	9	20	1	4	1	0	0	0	2	5	0	1	0	0	0	1	1	0	1	0	0	1	0	0	0	0	0	0	0	1	0	0	5
chr17	37364639	37366471	1833	3	0	1833	1076	757	119	36	82	87	57	46	87	60	78	53	73	54	70	38	49	87	67	38	9	59	67	32	8	80	38	45	5	50	78	71	6	102
chr17	37366472	37366707	236	3	0	236	120	116	20	4	3	9	8	11	17	1	5	4	12	6	4	4	5	5	5	8	3	7	12	6	3	13	10	12	1	9	10	8	1	8
chr17	37366708	37370010	3303	3	0	3303	1807	1496	211	93	100	144	146	130	158	91	98	54	145	81	93	70	75	118	128	104	20	95	151	87	24	153	108	117	20	109	138	107	12	121
chr17	37370012	37370983	972	3	0	972	491	481	70	19	19	34	31	41	60	19	20	21	54	20	22	21	22	17	28	28	8	38	48	24	17	45	36	50	8	36	39	32	7	36
chr17	37370984	37373256	2273	3	0	2273	1221	1052	182	52	56	90	80	74	102	70	58	48	108	58	59	47	54	82	63	61	25	71	111	62	31	93	66	92	31	73	86	82	21	83
chr17	37373258	37377659	4402	3	0	4402	2436	1966	281	106	158	181	150	144	190	150	145	96	210	120	151	96	136	121	140	133	29	140	187	105	37	176	134	139	30	145	173	128	36	233
chr17	37377664	37386590	8927	3	0	8927	5106	3821	734	260	313	390	340	275	373	306	312	179	355	249	310	182	233	293	309	233	45	309	384	263	63	318	263	232	62	245	338	300	54	403
chr17	37386594	37390175	3582	3	0	3582	1958	1624	239	76	121	144	122	129	191	105	116	79	175	80	103	68	87	122	133	89	10	120	156	99	18	164	111	126	21	126	146	123	17	164
chr17	37390176	37390253	78	3	0	78	73	5	2	0	0	10	0	4	0	1	0	0	0	0	10	0	0	44	5	0	0	0	0	0	0	0	0	0	0	0	0	0	0	0
chr17	37390261	37390329	69	3	0	69	68	1	0	0	0	9	0	0	0	1	0	0	0	0	8	1	0	47	1	0	0	0	0	0	0	0	0	0	0	0	0	0	0	0
chr17	37390331	37393144	2814	3	0	2814	1566	1248	173	71	116	108	102	102	124	84	104	50	122	84	89	65	79	92	95	84	16	93	116	73	18	125	74	84	11	99	127	91	17	124
chr17	37393145	37393819	675	3	0	675	372	303	54	14	24	26	27	20	27	27	18	13	35	18	18	12	17	21	17	21	3	18	29	12	7	33	27	26	5	20	28	22	3	31
chr17	37393821	37394252	432	3	0	432	270	162	54	12	17	24	17	13	21	9	21	9	14	14	14	6	7	17	20	5	0	15	16	13	0	10	11	5	1	7	13	17	1	27
chr17	37394254	37394270	17	3	0	17	7	10	0	0	0	1	1	1	1	1	0	0	1	0	0	0	0	0	0	0	0	1	2	0	0	1	2	1	0	1	0	1	0	0
chr17	37394273	37395429	1157	3	0	1157	635	522	87	23	35	48	32	48	51	28	24	21	53	27	50	25	26	57	37	33	8	39	47	29	19	42	36	47	19	40	38	28	14	44
chr17	37395431	37396339	909	3	0	909	494	415	77	27	30	35	34	33	38	24	21	15	40	21	36	22	22	18	30	32	4	31	43	25	11	36	26	37	12	31	30	21	13	32
chr17	37396340	37398281	1942	3	0	1942	1153	789	158	51	75	89	67	64	74	77	75	34	58	60	72	56	54	88	76	47	6	75	76	51	7	71	51	40	17	44	79	67	10	71
chr17	37398282	37398642	361	3	0	361	179	182	36	9	6	10	14	13	22	9	7	7	20	9	5	4	3	4	9	9	4	11	19	11	6	15	16	18	7	13	13	13	5	12
chr17	37398661	37398727	67	3	0	67	29	38	0	2	2	2	2	0	5	0	2	1	5	2	2	2	2	0	1	2	0	2	1	3	2	6	2	2	1	4	3	4	1	2
chr17	37398732	37401561	2830	3	0	2830	1658	1172	227	73	89	144	109	97	111	124	91	46	94	78	106	66	74	128	114	75	9	84	121	58	19	104	95	91	15	77	112	79	15	103
chr17	37401563	37403368	1806	3	0	1806	1029	777	124	51	77	66	69	65	89	48	59	48	66	46	67	54	47	52	74	51	12	81	69	37	7	73	42	49	11	52	86	49	10	73
chr17	37403370	37404570	1201	3	0	1201	661	540	80	35	29	51	53	46	64	40	30	25	49	37	33	30	37	20	52	31	5	48	54	31	1	50	42	40	8	36	55	34	8	45
chr17	37404571	37406473	1903	3	0	1903	1075	828	147	47	68	86	69	59	75	68	67	28	70	66	66	46	50	62	63	52	11	54	74	57	19	81	57	61	17	50	77	61	15	78
chr17	37406474	37406969	496	3	0	496	134	362	10	7	9	4	12	17	21	2	5	10	23	7	3	1	1	1	4	11	12	8	21	45	41	25	17	54	60	18	10	22	9	4
chr17	37406974	37409767	2794	3	0	2794	1303	1491	161	61	77	90	93	106	147	43	79	46	125	55	56	60	60	44	74	73	35	91	123	135	73	121	101	162	89	108	91	83	41	89
chr17	37409768	37410340	573	3	0	573	305	268	50	14	23	17	25	23	27	16	16	10	31	10	12	13	8	9	23	16	1	19	35	11	4	25	16	26	2	22	17	22	5	23
chr17	37410342	37412218	1877	3	0	1877	1040	837	130	55	67	75	64	59	89	64	63	36	79	48	71	42	42	55	66	47	13	66	85	61	18	70	49	64	11	60	76	62	8	80
chr17	37412220	37412783	564	3	0	564	317	247	44	16	18	23	15	15	25	22	16	9	21	18	25	17	15	17	16	21	4	16	31	19	3	23	11	20	3	16	19	16	4	24
chr17	37412785	37414896	2112	3	0	2112	1266	846	198	54	78	99	76	63	68	86	70	34	81	54	84	66	57	97	88	47	10	72	75	64	14	75	61	45	8	48	69	72	8	89
chr17	37414898	37415874	977	3	0	977	545	432	57	15	30	47	36	40	48	23	27	13	39	29	30	38	21	51	35	30	7	34	48	20	7	43	29	35	7	29	35	33	7	32
chr17	37415875	37418381	2507	3	0	2507	1465	1042	246	64	75	122	101	79	105	88	76	50	101	55	83	55	63	101	97	54	15	82	95	54	17	89	82	89	17	68	98	58	21	105
chr17	37418393	37418676	284	3	0	284	176	108	31	11	8	17	15	8	6	12	11	6	11	5	9	7	4	14	16	6	2	8	8	6	3	10	5	4	3	4	12	11	2	7
chr17	37418678	37418710	33	3	0	33	14	19	0	1	1	1	1	1	3	0	2	0	3	1	0	0	0	0	0	0	1	1	0	1	0	4	2	1	1	0	3	2	0	1
chr17	37418712	37419778	1067	3	0	1067	568	499	79	20	42	37	38	41	52	31	27	18	42	21	34	32	29	25	25	39	9	38	58	41	6	42	44	36	4	48	35	31	5	36
chr17	37419780	37421831	2052	3	0	2052	1128	924	164	48	85	74	79	74	99	42	77	39	111	42	49	42	49	52	65	54	7	77	85	51	12	92	57	65	14	76	87	70	13	99
chr17	37421832	37422481	650	3	0	650	319	331	52	16	13	14	21	28	43	16	11	11	34	19	11	13	12	4	23	18	4	23	32	21	11	27	28	34	10	24	24	18	5	28
chr17	37422488	37423752	1265	3	0	1265	732	533	90	35	50	65	50	39	57	42	38	19	41	27	62	27	34	55	50	33	5	32	47	27	8	58	49	45	4	50	42	35	5	42
chr17	37423754	37432925	9172	3	0	9172	5307	3865	740	259	334	420	329	308	425	271	323	173	347	256	363	211	237	309	339	249	48	315	351	211	59	354	234	271	47	288	409	244	60	386
chr17	37432926	37434823	1898	3	0	1898	1135	763	177	52	59	112	74	53	68	71	74	33	71	55	75	48	51	60	79	49	7	51	73	47	17	69	49	39	7	43	65	71	11	86
chr17	37434824	37444259	9436	3	0	9436	5428	4008	786	279	361	393	359	298	394	278	305	181	366	233	368	219	267	340	341	244	51	341	364	212	73	384	257	285	64	306	367	293	68	357
chr17	37444260	37458637	14378	3	0	14378	8467	5911	1205	426	565	683	541	396	639	452	527	237	516	364	604	366	405	539	543	318	57	507	541	327	67	541	421	400	91	454	523	431	67	623
chr17	37458638	37473127	14490	3	0	14490	8320	6170	1145	406	499	657	510	494	659	439	464	268	588	375	589	348	384	493	525	383	69	539	591	329	105	544	421	421	105	443	566	436	89	604
chr17	37473128	37485017	11890	3	0	11890	6756	5134	911	370	472	489	448	378	555	362	429	247	439	315	455	235	314	336	455	315	67	393	466	321	63	498	355	318	62	391	467	394	70	498
chr17	37485018	37509243	24226	3	0	24226	12938	11288	1678	661	827	857	796	866	1160	723	721	500	989	567	827	557	577	631	930	658	192	803	979	831	326	991	787	835	348	830	849	803	196	929
chr17	37509248	37514467	5220	3	0	5220	2809	2411	343	131	152	198	162	225	255	172	143	120	192	124	176	103	106	206	214	154	50	161	226	165	69	215	187	172	54	165	187	184	43	164
chr17	37514468	37529538	15071	3	0	15071	8357	6714	981	395	608	612	516	547	713	509	568	316	559	372	530	322	369	439	612	375	104	488	616	427	107	615	473	462	113	506	584	501	90	640
chr17	37529540	37564282	34743	3	0	34743	20815	13928	3051	1031	1396	1729	1316	1069	1455	1181	1330	604	1144	883	1509	928	928	1259	1363	859	177	1233	1232	722	183	1198	1035	811	132	1022	1392	943	156	1470
chr17	37564283	37565262	980	3	0	980	583	397	62	31	30	50	27	27	42	41	30	21	36	27	53	24	39	42	35	21	6	41	35	15	7	30	31	28	7	26	36	24	4	50
chr17	37565264	37570143	4880	3	0	4880	2710	2170	342	119	171	205	140	154	222	171	156	102	183	124	198	120	126	176	190	111	30	164	176	167	73	182	151	167	51	142	170	153	28	214
chr17	37570146	37570370	225	3	0	225	126	99	22	5	7	6	12	7	14	6	4	4	9	9	3	7	6	3	9	3	1	10	7	4	0	11	11	7	0	10	12	8	1	5
chr17	37570372	37575457	5086	3	0	5086	3140	1946	457	174	194	281	213	125	194	198	195	87	137	132	241	160	135	216	215	119	23	189	209	105	25	131	127	113	14	124	178	133	24	216
chr17	37575459	37577695	2237	3	0	2237	1466	771	275	64	102	143	86	47	72	80	84	30	61	57	138	65	45	116	77	45	7	77	76	43	3	63	58	38	3	49	74	59	7	91
chr17	37577697	37577865	169	3	0	169	88	81	18	2	3	4	5	5	12	3	3	1	11	5	3	4	5	2	3	4	0	5	7	3	1	10	6	10	3	9	9	4	0	7
chr17	37577867	37580296	2430	3	0	2430	1449	981	185	55	98	125	84	75	105	100	95	52	73	73	100	60	66	102	101	47	12	81	91	60	6	85	67	68	6	63	105	67	8	113
chr17	37580298	37580511	214	3	0	214	114	100	20	4	5	5	7	20	10	8	6	1	10	5	2	4	4	2	19	4	1	5	6	6	3	5	10	7	1	10	9	3	1	9
chr17	37580513	37581274	762	3	0	762	423	339	44	21	30	33	30	28	31	21	18	16	35	18	36	18	18	26	27	23	5	27	35	24	5	27	19	29	7	23	29	15	5	37
chr17	37581275	37588258	6984	3	0	6984	4227	2757	579	196	280	388	266	190	271	239	264	131	243	186	334	150	186	323	244	172	29	222	253	151	31	251	190	168	30	192	279	195	34	315
chr17	37588260	37593873	5614	3	0	5614	3441	2173	526	163	198	322	222	143	198	219	202	93	167	173	260	149	155	250	228	119	24	177	195	117	42	173	147	144	43	128	212	148	35	240
chr17	37593880	37594154	275	3	0	275	196	79	42	12	15	17	11	3	10	10	10	6	6	4	22	7	5	14	14	4	0	10	4	1	0	4	6	2	0	8	10	2	0	14
chr17	37594215	37594462	248	3	0	248	216	32	26	3	8	57	9	0	2	3	6	1	0	4	53	8	4	31	8	1	0	3	1	0	0	2	2	1	0	3	3	1	0	6
chr17	37594463	37604240	9778	3	0	9778	5782	3996	759	308	384	446	357	281	414	372	352	184	346	245	430	238	268	396	380	251	49	331	378	191	43	362	274	265	48	297	392	267	46	422
chr17	37604242	37607972	3731	3	0	3731	2304	1427	348	114	180	203	142	87	133	122	156	66	116	103	199	94	107	132	134	80	24	123	103	65	20	127	94	82	25	109	153	88	23	177
chr17	37607978	37610127	2150	3	0	2150	1067	1083	160	72	89	57	64	69	94	35	80	46	73	38	73	33	40	42	79	60	21	60	81	111	62	85	51	92	75	68	51	76	28	83
chr17	37610128	37610290	163	3	0	163	71	92	12	1	2	0	5	8	13	6	0	4	12	4	0	1	1	0	6	5	0	3	10	4	2	10	8	11	2	11	8	6	2	4
chr17	37610295	37622166	11872	3	0	11872	7265	4607	1002	389	460	608	487	354	455	410	403	193	346	342	568	354	368	524	507	288	41	454	406	217	55	405	305	280	42	323	489	298	50	447
chr17	37622167	37627709	5543	3	0	5543	3377	2166	513	165	227	286	192	152	210	179	196	95	183	140	291	156	156	235	206	140	26	196	206	127	32	182	130	121	20	165	191	159	32	232
chr17	37627712	37629228	1517	3	0	1517	887	630	117	43	44	78	51	48	71	55	48	19	54	45	65	43	49	55	58	36	4	55	70	34	6	51	45	45	12	48	52	46	4	64
chr17	37629243	37638770	9528	3	0	9528	5853	3675	882	332	402	476	397	270	348	328	383	149	262	249	430	257	262	425	383	236	43	347	349	171	61	288	248	228	40	238	363	234	44	401
chr17	37638772	37640687	1916	3	0	1916	1162	754	180	58	61	99	82	58	78	71	56	31	54	43	81	74	46	89	100	36	16	69	70	43	7	58	59	49	15	47	60	50	10	64
chr17	37640689	37641172	484	3	0	484	249	235	52	14	14	14	21	19	24	11	10	11	25	5	10	7	5	6	20	16	4	11	22	12	7	25	17	22	11	16	16	15	4	16
chr17	37641173	37650450	9278	3	0	9278	5406	3872	660	279	403	426	361	279	354	283	394	187	352	227	353	225	268	354	336	231	58	345	346	228	62	345	218	206	54	282	377	316	62	405
chr17	37650452	37653356	2905	3	0	2905	1782	1123	233	68	95	182	117	87	107	100	92	55	104	77	137	87	81	159	114	72	15	96	99	65	11	97	80	61	13	72	118	74	13	122
chr17	37653357	37658295	4939	3	0	4939	3081	1858	479	143	165	307	200	141	164	154	166	75	171	119	248	147	147	254	191	115	25	175	163	109	21	160	117	98	23	130	188	131	29	182
chr17	37658296	37664684	6389	3	0	6389	3760	2629	480	175	285	301	232	175	261	245	264	108	230	170	266	151	169	246	214	138	26	231	227	186	25	237	192	165	20	195	280	186	25	282
chr17	37664686	37667572	2887	3	0	2887	1720	1167	245	84	104	148	123	72	128	100	96	56	94	77	118	60	79	135	109	71	9	83	108	67	15	104	112	72	10	84	94	84	10	134
chr17	37667573	37669292	1720	3	0	1720	962	758	106	50	72	60	62	80	69	67	58	33	64	53	63	28	43	52	73	43	11	64	71	42	12	66	59	43	7	59	76	63	10	59
chr17	37669323	37670020	698	3	0	698	341	357	38	11	12	23	16	31	49	28	14	17	26	17	17	11	10	20	21	27	6	16	39	32	6	37	38	32	5	23	26	24	3	21
chr17	37670031	37673425	3395	3	0	3395	1636	1759	124	79	125	97	109	141	192	116	113	77	157	64	79	45	67	51	128	96	14	103	181	182	24	183	127	146	32	131	122	146	18	124
chr17	37673426	37675792	2367	3	0	2367	1250	1117	138	60	83	85	79	89	120	84	77	57	100	59	71	39	59	48	85	63	14	83	114	80	18	111	88	82	15	71	85	98	13	97
chr17	37675793	37680927	5135	3	0	5135	2943	2192	338	173	193	223	221	191	201	214	206	106	156	145	164	119	129	162	246	147	26	170	219	167	24	192	144	116	15	113	218	172	19	204
chr17	37680929	37682887	1959	3	0	1959	1092	867	154	48	71	70	68	68	95	53	53	33	85	47	68	49	52	77	75	49	18	56	80	47	14	89	69	73	6	72	60	62	10	86
chr17	37682889	37682931	43	3	0	43	21	22	1	1	0	1	2	1	4	1	0	3	3	2	0	0	0	2	0	4	0	1	2	0	0	4	0	1	0	1	5	1	0	1
chr17	37682933	37688380	5448	3	0	5448	2942	2506	316	134	247	190	186	181	274	167	225	130	228	139	161	102	117	144	206	130	35	176	230	207	27	259	167	162	19	165	205	224	27	266
chr17	37688381	37692051	3671	3	0	3671	1888	1783	163	88	153	94	117	194	166	114	122	79	190	93	96	60	85	73	175	93	28	126	151	147	25	175	106	130	23	119	159	128	24	173
chr17	37692053	37692070	18	3	0	18	9	9	0	2	0	1	2	0	0	1	1	0	1	0	0	0	0	0	1	0	0	1	0	2	0	0	1	1	0	0	2	0	0	0
chr17	37692072	37692179	108	3	0	108	52	56	1	3	6	1	5	4	6	3	4	2	7	4	1	2	1	2	3	2	2	4	6	4	0	4	7	3	0	2	2	5	0	10
chr17	37692180	37692609	430	3	0	430	239	191	26	17	22	14	18	5	25	16	19	9	9	15	16	12	3	13	13	15	4	11	23	17	1	17	14	9	1	13	14	17	2	18
chr17	37692614	37693189	576	3	0	576	288	288	26	11	14	24	20	22	34	14	20	11	28	12	9	15	16	12	19	17	3	19	29	21	8	30	19	27	3	21	23	23	2	22
chr17	37693191	37694421	1231	3	0	1231	652	579	72	28	43	39	39	50	64	37	35	20	55	41	35	30	28	35	43	36	7	42	55	53	3	60	40	39	8	41	52	44	8	47
chr17	37694423	37694445	23	3	0	23	1	22	0	0	0	0	0	0	0	0	0	0	0	0	0	0	0	0	0	0	0	0	0	11	3	0	0	3	3	0	0	1	0	0
chr17	37694450	37696549	2100	3	0	2100	1072	1028	110	46	84	69	72	77	115	77	75	38	87	45	52	32	57	35	72	53	10	58	111	91	7	104	86	89	13	88	73	79	0	93
chr17	37696551	37696569	19	3	0	19	10	9	1	1	2	0	1	0	1	0	1	0	1	0	1	1	0	0	1	1	0	0	0	0	0	2	0	0	0	1	1	0	0	1
chr17	37696571	37700209	3639	3	0	3639	1884	1755	161	91	162	108	116	128	211	125	150	90	142	99	95	65	66	74	128	112	17	117	176	148	20	171	128	112	21	123	149	143	20	169
chr17	37700219	37703413	3195	3	0	3195	1611	1584	128	77	115	91	91	107	193	112	128	79	162	98	64	48	63	55	117	86	13	95	154	141	27	160	108	105	11	98	124	149	15	179
chr17	37703414	37706676	3263	3	0	3263	1916	1347	230	100	144	149	137	105	128	123	135	63	116	99	120	70	76	119	136	86	12	104	138	84	9	119	77	64	8	97	142	116	11	144
chr17	37706677	37716842	10166	3	0	10166	5423	4743	561	286	415	356	382	369	514	334	368	216	401	255	307	179	241	237	393	278	66	313	459	356	65	445	368	332	61	367	379	359	56	446
chr17	37716853	37719113	2261	3	0	2261	1250	1011	138	68	101	88	83	70	119	90	104	45	110	46	71	37	40	38	86	52	6	76	95	72	4	88	81	62	5	78	100	73	5	128
chr17	37719117	37724903	5787	3	0	5787	3179	2608	335	169	238	220	211	185	266	190	214	128	232	133	202	112	154	189	213	157	31	193	237	217	42	247	181	178	24	180	221	191	25	270
chr17	37724908	37732680	7773	3	0	7773	3644	4129	310	163	310	157	246	321	475	197	254	170	401	155	129	108	138	109	285	213	47	216	407	397	78	437	290	379	63	336	257	330	58	335
chr17	37732681	37732849	169	3	0	169	102	67	26	6	6	7	7	3	9	2	1	1	4	5	10	2	6	6	8	1	0	3	7	5	0	7	4	9	1	10	1	4	1	5
chr17	37732850	37733870	1021	3	0	1021	538	483	45	35	40	35	41	25	60	22	42	24	43	27	28	22	20	28	34	31	3	38	49	40	13	38	28	35	8	29	37	34	8	57
chr17	37733875	37734789	915	3	0	915	519	396	61	20	39	38	31	26	44	34	34	22	44	26	32	16	22	30	38	18	6	22	30	25	3	39	28	17	0	43	38	37	5	45
chr17	37734790	37736487	1698	3	0	1698	865	833	92	35	58	55	61	72	80	54	48	42	71	46	40	36	47	27	61	52	10	62	84	78	17	85	44	68	9	55	77	66	10	54
chr17	37736489	37736524	36	3	0	36	15	21	1	0	2	0	2	1	2	2	0	3	1	0	0	0	0	0	2	0	0	2	4	2	0	2	1	2	0	1	1	3	0	0
chr17	37736526	37737671	1146	3	0	1146	617	529	60	31	50	42	40	45	47	38	49	21	53	21	34	24	31	31	51	31	7	32	43	44	7	55	29	36	7	42	47	39	5	52
chr17	37737672	37741594	3923	3	0	3923	2324	1599	346	123	165	205	161	112	151	121	168	66	138	89	163	87	85	143	153	97	30	107	150	118	18	142	109	87	18	108	133	126	20	182
chr17	37741596	37741641	46	3	0	46	30	16	7	2	2	2	2	0	0	1	3	1	0	2	1	2	2	3	1	0	2	1	1	0	1	1	0	1	0	1	1	2	1	1
chr17	37741643	37749096	7454	3	0	7454	3388	4066	322	210	282	168	206	234	343	145	294	164	362	134	160	85	160	119	183	242	74	193	290	446	250	368	239	333	221	271	216	332	91	315
chr17	37749098	37756811	7714	3	0	7714	4086	3628	433	208	276	253	247	306	365	269	246	162	340	187	245	158	188	201	303	236	45	250	343	292	66	358	259	253	40	248	283	278	61	313
chr17	37756813	37757610	798	3	0	798	421	377	52	29	23	26	32	29	46	22	29	17	41	13	17	14	20	11	32	19	8	30	33	17	6	35	31	31	8	26	32	24	4	39
chr17	37757612	37757648	37	3	0	37	15	22	1	1	2	1	3	1	0	0	0	0	1	3	0	0	0	0	1	0	0	1	3	3	2	2	0	4	2	0	1	3	0	0
chr17	37757650	37760594	2945	3	0	2945	1681	1264	231	72	149	132	105	94	125	95	145	58	124	51	103	57	50	90	106	75	13	87	107	95	18	128	89	81	9	77	116	97	8	156
chr17	37760596	37761129	534	3	0	534	305	229	31	8	15	24	18	17	20	20	13	8	21	9	17	22	10	51	23	14	6	12	21	9	7	23	12	21	14	15	19	16	1	15
chr17	37761131	37761680	550	3	0	550	356	194	55	20	22	33	25	11	17	17	20	9	20	18	29	15	14	30	22	10	5	18	12	9	3	15	12	7	2	11	24	14	0	29
chr17	37761695	37762050	356	3	0	356	170	186	23	9	5	8	13	22	14	13	3	6	17	7	6	7	8	8	17	13	5	8	18	16	9	12	17	16	7	14	10	10	3	10
chr17	37762054	37764215	2162	3	0	2162	1255	907	164	65	92	89	75	74	92	62	84	30	80	50	86	53	64	93	72	54	15	81	69	57	11	92	80	49	12	71	83	69	8	84
chr17	37764217	37764953	737	3	0	737	481	256	69	25	40	45	29	20	24	21	27	14	12	23	54	21	23	32	29	16	4	31	20	11	2	21	22	7	1	16	24	20	1	31
chr17	37764954	37765129	176	3	0	176	107	69	17	10	6	6	10	22	3	3	5	4	4	0	7	2	4	3	28	6	1	4	5	1	0	6	0	1	0	3	4	4	1	4
chr17	37765131	37766901	1771	3	0	1771	978	793	126	48	66	57	63	49	78	60	49	30	81	63	60	40	46	60	59	44	14	50	71	43	17	72	51	67	18	64	69	49	19	86
chr17	37766930	37771671	4742	3	0	4742	2498	2244	208	136	176	162	173	199	213	169	159	117	209	97	142	109	122	106	195	164	35	167	219	189	39	209	154	135	16	139	185	168	24	205
chr17	37771673	37775166	3494	3	0	3494	1928	1566	212	91	119	147	115	145	166	133	116	72	146	79	127	66	88	105	131	94	19	130	163	99	17	139	121	102	17	120	143	123	17	130
chr17	37775168	37778940	3773	3	0	3773	2012	1761	247	104	129	147	140	134	205	108	133	68	155	85	108	77	83	88	128	106	25	124	174	122	33	162	145	146	25	130	140	117	27	156
chr17	37778941	37779415	475	3	0	475	293	182	63	9	19	24	17	11	11	14	8	11	14	10	27	12	19	22	13	13	1	16	21	19	2	18	10	14	1	11	9	14	2	18
chr17	37779417	37779451	35	3	0	35	25	10	5	2	2	4	2	1	0	1	4	0	0	0	2	1	0	1	1	1	1	0	1	0	0	0	0	0	0	0	1	0	1	2
chr17	37779453	37780853	1401	3	0	1401	846	555	114	34	80	70	67	41	42	45	60	19	45	37	57	19	46	68	41	30	3	39	44	25	7	46	52	37	6	63	58	30	8	66
chr17	37780874	37782194	1321	3	0	1321	796	525	96	40	51	73	59	30	55	50	51	25	44	39	55	38	35	54	53	32	8	40	43	24	7	44	45	27	6	36	53	35	7	64
chr17	37782195	37787941	5747	3	0	5747	3465	2282	474	204	221	285	270	187	196	259	240	98	161	179	201	117	151	221	265	135	35	171	226	139	27	157	187	102	8	151	233	173	22	250
chr17	37787942	37796828	8887	3	0	8887	4771	4116	513	227	367	322	303	299	427	315	366	192	384	233	246	161	211	204	314	233	55	276	366	343	65	404	312	258	30	284	352	344	54	425
chr17	37796834	37800427	3594	3	0	3594	1977	1617	221	92	113	179	151	128	153	119	109	71	142	108	124	72	78	116	132	100	32	98	173	128	29	145	111	98	28	111	135	149	15	132
chr17	37800430	37801057	628	3	0	628	357	271	49	18	28	26	24	18	30	23	21	12	21	22	26	14	13	11	25	15	2	20	29	22	1	27	19	21	0	13	22	21	1	32
chr17	37801062	37804058	2997	3	0	2997	1607	1390	140	80	121	106	112	91	153	102	104	73	143	83	92	45	68	93	109	65	13	102	132	128	8	141	100	94	6	88	117	122	10	154
chr17	37804063	37804338	276	3	0	276	153	123	28	9	15	4	15	4	12	5	9	4	11	3	6	6	12	8	6	5	0	12	16	5	2	12	10	16	0	12	4	9	0	14
chr17	37804340	37804430	91	3	0	91	52	39	6	2	5	5	4	3	4	2	5	2	4	3	3	1	0	2	2	3	0	3	4	5	0	3	3	0	0	1	5	4	0	5
chr17	37804432	37805041	610	3	0	610	354	256	52	18	30	23	24	15	24	27	18	18	19	10	27	13	12	22	16	22	8	18	27	14	3	21	23	13	2	24	24	16	3	22
chr17	37805052	37806057	1006	3	0	1006	544	462	50	33	33	38	28	35	51	32	33	15	44	31	44	23	34	19	25	31	6	44	54	28	7	42	30	34	4	34	37	38	5	42
chr17	37806058	37806307	250	3	0	250	149	101	44	5	5	11	4	9	13	5	7	4	9	9	9	5	5	3	7	9	0	7	10	7	3	10	4	7	1	6	10	7	4	9
chr17	37806309	37806391	83	3	0	83	36	47	0	2	4	1	3	4	7	0	3	3	4	1	1	1	2	0	2	1	1	5	5	2	1	2	6	5	1	4	1	2	1	6
chr17	37806393	37807438	1046	3	0	1046	661	385	93	27	41	63	40	22	36	51	43	24	27	33	47	21	39	53	35	15	4	40	31	21	3	23	36	19	2	29	47	23	5	51
chr17	37807440	37807460	21	3	0	21	8	13	0	0	0	0	0	1	3	0	0	1	2	0	0	0	0	0	1	1	0	1	2	1	0	1	0	1	0	1	1	1	0	1
chr17	37807466	37807674	209	3	0	209	96	113	9	4	6	5	8	8	9	8	3	4	9	8	4	4	5	1	6	8	1	5	12	7	7	10	8	12	3	9	7	10	1	6
chr17	37807682	37808028	347	3	0	347	206	141	17	10	12	21	19	14	12	17	15	6	5	8	9	14	7	20	21	11	4	8	20	5	1	8	10	5	2	11	10	13	1	9
chr17	37808037	37808110	74	3	0	74	50	24	19	1	2	5	3	2	1	3	3	0	0	3	3	1	1	1	1	2	1	1	5	2	1	1	1	3	0	0	2	2	0	2
chr17	37808113	37808569	457	3	0	457	309	148	47	14	17	31	18	14	12	20	18	2	11	15	25	14	13	36	18	10	0	17	15	11	0	5	12	6	0	8	19	4	0	23
chr17	37808571	37808598	28	3	0	28	20	8	0	3	0	2	2	0	0	4	2	0	0	0	1	1	1	2	3	0	0	1	0	0	0	0	2	0	0	0	2	0	0	0
chr17	37808600	37808690	91	3	0	91	64	27	9	2	1	8	3	1	2	4	4	1	3	2	4	5	5	8	2	2	0	5	4	1	0	1	1	0	0	1	3	3	0	4
chr17	37808696	37809013	318	3	0	318	158	160	35	8	6	7	15	11	19	7	4	5	19	7	3	4	4	3	8	10	2	8	18	8	3	19	12	19	6	11	13	11	1	10
chr17	37809028	37809375	348	3	0	348	223	125	32	7	16	19	13	13	12	17	17	3	9	14	11	9	8	22	11	3	2	15	13	1	1	5	12	4	0	14	19	12	1	11
chr17	37809682	37809698	17	3	0	17	13	4	1	1	0	2	2	0	0	0	2	0	0	0	0	1	1	2	1	0	0	1	0	0	0	0	0	0	0	0	1	0	0	0
chr17	37809700	37810171	472	3	0	472	332	140	53	11	21	42	20	9	9	27	25	7	6	15	30	10	15	30	19	7	2	9	9	3	0	10	16	6	0	6	21	6	0	26
chr17	37810178	37811952	1775	3	0	1775	1125	650	173	53	83	101	73	46	46	76	77	27	48	53	88	44	52	84	65	35	6	64	61	41	5	51	46	29	3	38	68	53	8	76
chr17	37811961	37812036	76	3	0	76	51	25	11	3	3	6	5	1	2	2	5	0	0	2	2	1	1	6	2	2	0	1	4	3	0	1	2	0	0	2	3	2	0	2
chr17	37812038	37812064	27	3	0	27	20	7	3	0	1	3	3	0	1	0	0	0	0	2	2	2	0	1	1	0	0	1	1	0	0	0	0	1	0	1	2	0	0	0
chr17	37812066	37812506	441	3	0	441	297	144	64	17	21	23	21	7	11	22	29	7	7	13	10	11	13	20	20	9	2	11	13	5	0	7	9	5	0	6	19	7	2	28
chr17	37812537	37813766	1230	3	0	1230	701	529	78	28	57	57	47	35	54	28	54	17	57	46	41	31	31	39	32	24	11	44	51	26	6	46	34	34	9	37	46	45	10	73
chr17	37813768	37813782	15	3	0	15	9	6	0	2	1	0	1	0	0	0	1	0	0	1	1	0	0	1	1	0	0	0	1	1	0	0	0	0	0	0	0	1	0	1
chr17	37813784	37814389	606	3	0	606	336	270	32	19	23	25	19	20	25	26	27	14	29	22	21	8	14	11	26	16	3	16	14	20	5	33	22	7	2	13	28	29	6	29
chr17	37814402	37814514	113	3	0	113	51	62	7	3	1	0	4	7	7	3	1	2	10	5	0	0	0	0	3	4	0	5	4	2	4	3	8	5	1	4	6	3	3	6
chr17	37814516	37814551	36	3	0	36	14	22	0	1	1	1	1	1	3	0	2	0	3	1	0	0	0	0	0	1	0	1	0	1	2	3	2	3	0	1	3	2	0	1
chr17	37814553	37814621	69	3	0	69	36	33	7	0	2	2	2	2	3	2	0	1	1	0	2	4	4	2	2	1	1	3	6	2	0	2	1	5	3	3	0	2	0	2
chr17	37814623	37814647	25	3	0	25	10	15	1	2	0	0	1	1	1	2	1	0	0	0	0	0	0	0	1	2	0	0	3	2	0	1	0	3	0	1	1	0	0	0
chr17	37814648	37814661	14	3	0	14	8	6	2	2	0	0	1	0	0	0	1	0	1	0	0	0	0	0	0	1	0	1	0	0	0	1	0	0	0	0	1	1	0	0
chr17	37814663	37815139	477	3	0	477	259	218	21	10	20	18	14	14	24	16	26	8	27	18	8	9	13	12	13	11	3	14	21	16	1	19	9	10	2	19	25	20	2	32
chr17	37815141	37815169	29	3	0	29	15	14	1	0	2	1	3	2	1	0	0	1	0	3	0	0	0	0	3	0	0	1	2	2	0	0	0	0	0	2	1	2	0	0
chr17	37815171	37816868	1698	3	0	1698	928	770	134	50	67	68	70	53	79	44	57	32	56	39	58	32	46	42	50	45	18	54	69	53	17	66	67	60	19	68	60	47	16	60
chr17	37816870	37820611	3742	3	0	3742	2092	1650	266	120	138	156	144	128	186	101	140	69	134	100	129	79	107	93	137	108	17	134	169	120	17	145	111	104	25	120	143	119	15	166
chr17	37820614	37821069	456	3	0	456	240	216	24	9	23	10	16	17	19	15	19	12	16	10	8	10	19	11	15	17	0	16	16	25	2	25	16	8	1	17	20	18	1	19
chr17	37821071	37821094	24	3	0	24	9	15	0	0	1	0	0	1	2	0	1	0	0	0	0	0	2	0	0	0	0	1	3	2	0	0	2	3	0	3	0	0	0	1
chr17	37821096	37822396	1301	3	0	1301	746	555	82	27	51	61	48	44	57	55	38	28	53	33	53	33	27	55	45	31	3	53	59	37	6	42	48	36	5	37	52	40	4	56
chr17	37822404	37823443	1040	3	0	1040	533	507	71	23	44	33	30	40	46	20	35	21	51	22	35	21	25	15	29	33	9	34	50	35	14	52	27	43	16	36	30	40	13	45
chr17	37823446	37832954	9509	3	0	9509	5124	4385	594	250	405	325	341	337	485	328	386	223	369	245	251	153	220	210	365	244	48	306	423	341	52	423	299	303	33	325	404	351	43	425
chr17	37832958	37836316	3359	3	0	3359	1769	1590	159	90	122	102	115	166	156	127	113	79	143	90	87	58	80	81	170	97	19	106	136	125	34	131	129	89	24	104	129	115	21	160
chr17	37836333	37838292	1960	3	0	1960	1050	910	135	49	71	65	70	69	101	66	71	32	84	47	44	37	47	62	64	49	8	65	87	71	11	83	77	66	17	76	78	66	12	78
chr17	37838294	37841360	3067	3	0	3067	1455	1612	163	57	105	67	85	126	191	87	91	75	153	76	54	45	49	30	96	93	23	91	150	137	50	164	129	136	30	117	114	135	21	125
chr17	37841361	37841400	40	3	0	40	18	22	1	0	7	0	0	0	3	0	7	0	0	0	0	0	0	0	0	0	0	0	0	0	0	8	3	3	0	0	0	5	0	1
chr17	37841402	37849060	7659	3	0	7659	3814	3845	362	218	292	178	273	271	422	244	251	196	315	177	165	148	160	141	280	225	82	246	362	345	88	359	265	312	69	272	302	272	53	312
chr17	37849071	37849137	67	3	0	67	55	12	13	0	0	7	1	5	0	0	0	0	0	0	7	7	6	7	6	0	0	6	0	0	0	0	0	0	0	0	0	0	0	0
chr17	37849154	37850894	1741	3	0	1741	1002	739	157	41	84	72	71	65	63	73	74	35	68	43	51	21	30	52	69	42	2	49	82	55	5	61	46	50	5	53	75	56	6	83
chr17	37850903	37851691	789	3	0	789	404	385	50	18	27	18	30	37	41	13	24	16	57	20	9	14	14	15	21	25	7	32	38	18	6	33	24	33	7	22	38	20	8	52
chr17	37851693	37851764	72	3	0	72	36	36	8	2	1	1	3	5	6	0	0	2	4	1	1	1	0	0	5	2	0	3	4	3	0	3	3	2	0	3	3	2	0	2
chr17	37851765	37852021	257	3	0	257	118	139	13	5	4	5	6	15	18	4	5	4	13	8	3	6	8	1	7	9	4	9	15	7	2	16	10	15	3	10	11	9	3	7
chr17	37852023	37852040	18	3	0	18	7	11	0	1	1	0	2	0	0	0	1	0	1	0	0	0	0	0	0	0	0	1	2	1	2	0	0	2	0	0	0	1	0	1
chr17	37852042	37852658	617	3	0	617	401	216	60	17	29	45	29	14	20	22	35	10	13	20	27	10	16	33	21	11	3	15	18	8	0	16	17	11	2	14	29	12	5	33
chr17	37852659	37855738	3080	3	0	3080	1925	1155	299	100	124	181	126	97	122	97	129	45	80	70	149	72	93	140	136	61	9	107	99	54	4	104	89	65	10	92	118	81	9	116
chr17	37855740	37855785	46	3	0	46	27	19	1	4	2	2	3	1	1	1	3	0	1	1	2	1	2	0	3	0	2	1	1	1	0	3	1	1	0	0	1	3	0	2
chr17	37855786	37855905	120	3	0	120	75	45	14	4	3	5	4	3	4	6	3	1	3	3	5	5	6	6	3	4	1	5	6	1	0	1	5	1	1	5	3	2	0	5
chr17	37855907	37857629	1723	3	0	1723	1015	708	165	49	70	69	71	54	74	68	66	34	67	45	52	34	42	54	72	34	6	59	56	33	10	63	58	47	3	54	81	49	5	77
chr17	37857631	37857647	17	3	0	17	11	6	2	1	1	2	3	0	0	0	1	0	0	0	0	0	0	0	0	2	0	0	1	0	0	1	0	0	0	0	1	0	0	0
chr17	37857648	37858694	1047	3	0	1047	618	429	89	37	53	54	46	18	40	35	46	21	27	27	51	19	16	38	43	17	10	25	31	35	13	37	30	31	9	26	35	34	4	48
chr17	37858697	37860695	1999	3	0	1999	1130	869	146	51	83	83	67	62	101	71	73	47	68	57	78	39	48	55	80	49	8	61	70	66	14	81	68	61	7	58	83	55	7	100
chr17	37860697	37861031	335	3	0	335	208	127	30	13	13	19	14	8	15	11	18	4	6	10	12	8	10	16	16	7	2	7	8	9	1	10	8	6	1	13	16	6	2	14
chr17	37861047	37864114	3068	3	0	3068	1832	1236	256	83	106	167	121	90	118	95	97	52	121	82	138	78	94	134	111	75	14	102	125	74	11	108	77	78	13	94	111	91	16	134
chr17	37864117	37868735	4619	3	0	4619	2690	1929	371	117	174	205	155	176	184	147	156	91	168	122	185	115	132	190	209	120	22	148	171	126	22	194	119	116	22	123	165	151	28	193
chr17	37868737	37868762	26	3	0	26	17	9	4	2	1	0	0	1	1	1	2	1	0	0	1	0	0	1	3	0	0	1	2	0	0	0	0	0	0	0	0	2	0	1
chr17	37868764	37868821	58	3	0	58	44	14	5	1	2	9	6	1	0	2	5	0	1	2	2	2	1	3	2	0	0	3	1	0	0	0	0	0	0	0	6	1	0	1
chr17	37868824	37870057	1234	3	0	1234	680	554	66	34	40	50	45	41	55	44	39	23	52	31	41	26	42	49	32	35	11	46	54	41	4	52	41	36	8	49	58	39	5	43
chr17	37870058	37875074	5017	3	0	5017	3144	1873	514	153	164	317	183	165	192	155	180	74	154	110	272	144	122	244	231	111	28	166	145	91	32	167	129	114	27	114	190	119	23	185
chr17	37875075	37875688	614	3	0	614	327	287	54	17	17	21	26	19	28	16	18	10	32	14	12	24	11	7	24	21	5	20	25	23	6	26	17	22	8	15	23	15	9	27
chr17	37875689	37876363	675	3	0	675	395	280	57	15	26	34	26	25	33	16	23	15	23	19	27	19	13	23	26	19	2	26	30	11	4	23	14	21	4	19	30	17	6	27
chr17	37876365	37878233	1869	3	0	1869	1124	745	161	55	68	100	67	64	85	54	72	40	53	39	84	48	49	83	85	45	12	65	67	34	9	68	52	49	10	45	66	50	11	77
chr17	37878237	37880005	1769	3	0	1769	953	816	147	56	47	76	80	65	75	35	43	25	73	39	54	38	42	56	64	53	9	58	81	55	36	64	51	77	28	60	59	51	15	55
chr17	37880007	37883181	3175	3	0	3175	1909	1266	350	85	124	140	112	86	125	93	111	57	124	73	125	83	80	140	106	68	26	111	115	67	23	106	79	76	24	99	116	100	13	136
chr17	37883182	37883517	336	3	0	336	217	119	44	18	10	17	17	8	12	12	15	7	11	9	13	2	11	10	21	5	0	9	10	5	0	9	5	6	0	6	13	8	0	21
chr17	37883519	37883558	40	3	0	40	16	24	0	0	1	0	1	2	2	3	0	1	1	1	0	2	2	0	1	1	0	2	3	2	0	2	3	3	0	2	1	2	0	0
chr17	37883560	37884009	450	3	0	450	287	163	54	12	13	34	13	13	16	13	17	4	12	10	29	13	13	21	13	12	0	17	20	13	2	10	7	10	2	13	15	9	4	14
chr17	37884011	37884047	37	3	0	37	26	11	4	2	3	1	1	1	0	2	3	0	1	1	2	1	1	2	2	0	2	0	0	0	0	0	0	0	0	0	1	0	0	5
chr17	37884049	37885209	1161	3	0	1161	662	499	95	40	41	59	43	27	53	35	46	16	39	31	51	32	23	30	44	20	7	43	40	37	17	42	35	40	14	27	39	39	10	44
chr17	37885212	37885427	216	3	0	216	119	97	33	5	2	6	9	14	12	5	3	4	6	3	0	5	4	6	12	10	0	6	11	6	2	8	9	8	1	8	8	3	3	2
chr17	37885428	37885482	55	3	0	55	41	14	2	1	0	2	1	10	0	2	0	0	0	1	2	2	0	16	13	0	0	0	0	0	0	0	0	0	0	0	1	0	0	0
chr17	37885483	37886071	589	3	0	589	326	263	42	11	18	21	19	34	21	14	11	8	27	11	20	16	14	38	26	18	5	21	26	13	5	24	20	25	6	17	16	12	10	18
chr17	37886072	37886630	559	3	0	559	329	230	54	18	22	21	20	20	21	18	20	5	22	17	20	16	12	22	20	21	2	16	23	20	1	25	12	13	0	13	24	15	1	23
chr17	37886632	37886796	165	3	0	165	79	86	14	2	2	4	3	8	13	3	3	4	11	2	2	2	3	1	4	6	1	5	9	5	1	9	7	9	2	8	7	4	2	7
chr17	37886798	37886905	108	3	0	108	50	58	6	3	2	2	3	5	5	1	2	3	4	5	3	2	3	0	6	3	1	3	4	6	4	5	1	5	2	3	3	5	3	3
chr17	37886907	37889396	2490	3	0	2490	1468	1022	169	75	77	122	93	96	92	97	78	46	91	57	103	75	80	116	103	74	15	100	99	58	10	86	69	59	14	62	108	62	11	91
chr17	37889409	37890178	770	3	0	770	450	320	57	27	29	34	33	24	22	35	30	12	29	26	27	12	24	29	28	22	3	22	30	17	6	23	23	15	7	25	33	23	7	34
chr17	37890180	37890965	786	3	0	786	387	399	74	12	24	23	20	27	40	18	20	21	35	20	18	13	16	5	19	20	8	26	39	24	20	32	19	46	21	28	28	26	13	29
chr17	37890972	37891689	718	3	0	718	418	300	66	11	24	31	19	27	32	18	15	17	34	23	31	12	17	40	20	19	3	25	28	11	8	25	18	24	4	26	30	18	9	31
chr17	37891692	37891776	85	3	0	85	45	40	19	0	3	1	2	3	5	0	0	0	3	3	1	2	1	0	1	0	1	3	5	3	2	4	3	8	1	2	1	3	0	3
chr17	37891778	37891796	19	3	0	19	9	10	0	0	1	0	1	1	1	0	0	1	1	2	0	0	0	0	1	1	0	0	0	0	0	2	0	0	0	0	1	1	2	1
chr17	37891798	37892246	449	3	0	449	229	220	39	7	9	17	12	20	22	11	10	7	20	10	11	12	11	10	15	14	4	14	22	16	10	17	13	20	8	19	15	15	6	11
chr17	37892248	37892296	49	3	0	49	21	28	1	1	2	1	1	2	2	1	2	0	3	2	1	0	0	1	0	1	1	1	3	0	1	3	0	4	4	2	3	2	1	1
chr17	37892298	37892863	566	3	0	566	314	252	54	19	11	20	21	26	26	12	11	15	25	12	18	8	16	20	24	17	3	23	18	13	8	21	20	16	10	14	22	14	7	20
chr17	37892869	37893475	607	3	0	607	331	276	55	11	19	23	22	29	32	13	18	10	31	19	12	12	13	11	19	21	0	22	28	13	4	23	21	20	5	22	28	14	7	28
chr17	37893480	37893890	411	3	0	411	270	141	72	13	22	20	17	6	15	13	25	7	9	9	13	7	8	12	17	9	1	6	9	6	1	16	9	8	0	9	16	9	2	23
chr17	38251490	38251681	192	2	0	192	88	104	10	7	2	4	4	7	14	7	5	1	11	4	4	2	5	1	5	4	2	6	13	11	1	8	10	10	2	10	4	7	1	8
chr17	38251683	38252518	836	2	0	836	501	335	92	21	21	50	34	30	33	22	26	11	30	21	32	17	22	37	29	17	4	29	40	19	6	27	21	31	6	18	29	25	2	32
chr17	38252523	38254031	1509	2	0	1509	764	745	106	39	42	52	48	61	75	36	39	33	62	43	46	22	31	27	56	42	11	46	68	74	31	68	46	67	19	40	50	58	13	56
chr17	38254032	38255763	1732	2	0	1732	1086	646	189	47	65	109	65	47	52	60	69	27	44	45	86	50	50	80	61	33	10	67	57	42	13	45	47	40	13	32	59	43	16	67
chr17	38255764	38258076	2313	2	0	2313	812	1501	65	38	62	26	44	52	115	28	58	47	146	34	25	23	36	12	30	54	23	53	87	205	132	132	70	188	136	106	52	109	55	68
chr17	38258077	38258712	636	2	0	636	382	254	83	19	14	27	21	16	18	16	16	7	26	18	22	8	12	57	15	18	2	15	23	18	14	22	11	23	13	13	22	18	7	20
chr17	38258719	38259803	1085	2	0	1085	585	500	83	25	23	45	28	43	60	30	27	18	45	30	38	30	27	33	39	29	11	36	49	28	13	50	28	51	10	35	45	32	8	34
chr17	38259804	38264470	4667	2	0	4667	2548	2119	384	147	138	194	179	155	218	126	131	77	205	110	167	96	105	114	170	121	29	155	216	134	53	196	134	194	49	145	158	150	45	170
chr17	38264471	38264792	322	2	0	322	143	179	38	4	7	5	4	10	13	2	5	7	19	8	6	6	7	1	4	6	7	10	12	14	17	14	6	23	15	12	7	14	7	10
chr17	38264821	38270648	5828	2	0	5828	3348	2480	441	164	238	251	229	155	229	213	211	124	220	166	212	117	191	186	190	137	31	202	215	141	42	238	190	172	35	165	231	186	32	272
chr17	38270656	38276800	6145	2	0	6145	3304	2841	537	143	170	236	200	224	313	151	170	108	292	164	179	123	141	151	173	173	43	209	288	152	78	263	193	253	78	204	234	203	57	240
chr17	38276801	38277661	861	2	0	861	455	406	32	25	33	33	30	39	48	19	36	16	31	26	25	16	23	22	50	20	1	26	32	40	2	51	23	24	5	22	30	41	2	36
chr17	38277663	38279599	1937	2	0	1937	1017	920	135	56	44	69	70	77	95	47	36	47	97	46	63	41	52	40	71	64	18	68	100	58	18	89	41	79	28	60	77	64	14	71
chr17	38279603	38280207	605	2	0	605	292	313	31	10	13	22	22	26	35	12	7	10	32	17	17	11	13	13	12	23	7	15	36	29	7	28	26	31	7	26	21	17	3	24
chr17	38280209	38281126	918	2	0	918	449	469	84	22	23	18	29	48	53	16	19	18	46	21	15	18	14	3	26	42	6	32	56	31	14	46	29	45	10	28	35	29	10	30
chr17	38281127	38281597	471	2	0	471	252	219	31	13	13	16	17	20	24	14	12	14	23	13	12	8	11	9	19	15	3	18	19	11	5	17	14	15	7	14	23	11	5	23
chr17	38281599	38282402	804	2	0	804	469	335	64	24	24	42	32	21	42	20	30	16	36	28	27	12	17	32	27	23	2	21	30	17	2	33	24	18	5	23	35	24	9	42
chr17	38282410	38282769	360	2	0	360	186	174	26	9	7	13	13	16	17	11	6	9	13	5	10	8	11	11	15	10	4	13	19	14	4	16	16	16	4	8	7	12	4	11
chr17	38282771	38282843	73	2	0	73	30	43	1	0	3	1	3	5	2	0	0	2	6	5	1	1	0	0	1	3	1	2	4	4	2	3	1	4	1	2	4	3	2	4
chr17	38282845	38282892	48	2	0	48	40	8	9	0	0	13	1	1	1	0	0	0	0	0	11	0	0	3	0	1	0	0	2	0	0	1	1	2	0	0	0	0	0	0
chr17	38282894	38287813	4920	2	0	4920	2666	2254	333	142	164	194	174	141	245	148	185	93	223	125	141	107	122	128	150	145	42	146	207	164	40	218	158	160	42	156	193	160	38	234
chr17	38287815	38288527	713	2	0	713	368	345	70	10	18	31	22	24	28	13	17	10	35	20	19	22	15	12	19	22	7	19	33	26	18	27	15	28	22	27	20	28	11	23
chr17	38288529	38288549	21	2	0	21	15	6	5	0	1	1	0	0	1	0	1	0	0	2	0	0	1	1	0	0	0	0	1	0	0	0	0	0	0	2	0	1	0	2
chr17	38288569	38293391	4823	2	0	4823	2536	2287	299	103	197	176	179	174	218	119	179	81	222	123	119	99	134	112	137	126	35	159	225	175	46	215	161	178	40	185	167	182	43	213
chr17	38293415	38294946	1532	2	0	1532	806	726	97	45	30	64	49	46	81	46	40	16	76	58	50	26	39	42	39	42	8	44	74	56	19	65	45	63	20	60	64	54	15	57
chr17	38294947	38296518	1572	2	0	1572	826	746	99	45	48	58	58	61	76	30	46	37	68	36	49	44	43	26	62	38	28	59	56	36	33	55	56	57	22	57	51	49	23	64
chr17	38296519	38301533	5015	2	0	5015	2666	2349	348	126	167	194	163	143	211	134	163	108	225	133	162	110	127	151	139	137	56	155	206	160	87	217	138	186	84	154	168	187	70	204
chr17	38301534	38302116	583	1	0	583	293	290	27	10	10	21	14	26	29	23	13	13	32	15	14	16	15	15	24	16	6	19	24	16	10	27	23	22	10	19	21	23	8	20
chr17	38302117	38302504	388	1	0	388	209	179	43	9	11	10	15	14	21	10	8	5	22	17	7	6	4	5	8	14	0	12	26	9	3	15	12	15	0	13	14	15	5	18
chr17	38302511	38304850	2340	1	0	2340	1320	1020	204	53	78	109	83	87	122	56	71	50	101	51	87	53	48	66	77	60	16	90	92	57	13	99	79	76	21	66	100	69	10	94
chr17	38304852	38305648	797	1	0	797	376	421	49	16	19	16	23	32	57	16	17	17	47	20	12	16	14	4	24	18	7	32	40	24	9	40	36	43	13	33	28	28	13	32
chr17	38305649	38306410	762	1	0	762	382	380	55	13	19	27	21	30	39	14	19	17	42	23	20	12	20	10	16	24	9	23	32	20	16	34	24	34	19	27	32	24	10	35
chr17	38306411	38307853	1443	1	0	1443	822	621	132	33	61	67	55	45	67	32	51	33	51	35	55	26	41	36	42	35	11	49	65	35	9	61	41	46	8	49	51	54	4	61
chr17	38307855	38307885	31	1	0	31	22	9	4	0	0	3	1	0	0	2	1	1	1	2	2	0	1	3	1	0	0	0	1	1	0	0	0	0	0	0	1	1	1	2
chr17	38307887	38308430	544	1	0	544	274	270	43	18	10	12	23	19	34	19	9	8	24	13	8	11	15	8	22	19	2	13	28	24	4	27	24	23	1	28	20	17	1	15
chr17	38308432	38309535	1104	1	0	1104	573	531	101	35	28	32	50	48	65	11	21	22	57	25	26	20	18	12	42	35	12	36	55	26	9	47	37	48	17	42	40	28	14	43
chr17	38309545	38309622	78	1	0	78	62	16	18	0	4	7	1	0	2	2	4	1	0	3	6	3	3	6	1	1	0	2	1	1	0	0	1	0	0	1	2	0	0	6
chr17	38309624	38310130	507	1	0	507	309	198	56	14	23	21	15	17	26	11	26	11	15	15	18	5	14	21	25	9	1	12	18	10	0	16	12	10	1	17	14	15	4	33
chr17	38310131	38311684	1554	1	0	1554	884	670	131	30	44	80	55	53	71	53	44	35	68	43	56	38	34	48	54	52	4	46	75	43	8	62	41	44	8	43	62	49	12	66
chr17	38311686	38312843	1158	1	0	1158	653	505	92	29	37	44	44	50	49	43	29	25	48	36	36	26	21	43	53	35	10	32	50	25	11	43	29	35	4	40	54	34	9	40
chr17	38312844	38312984	141	1	0	141	90	51	20	6	5	5	4	4	4	6	6	1	3	3	5	5	6	6	5	6	0	5	6	1	0	8	3	0	0	3	4	7	0	2
chr17	38312985	38313312	328	1	0	328	166	162	40	5	7	9	11	13	15	6	6	3	17	8	6	5	10	3	8	8	2	8	16	9	8	15	11	19	8	16	10	12	2	10
chr17	38313386	38316737	3352	1	0	3352	1937	1415	339	86	111	150	134	106	139	112	105	59	126	81	108	69	79	132	115	94	12	99	144	85	21	137	100	113	22	101	132	96	25	118
chr17	38316739	38318206	1468	1	0	1468	797	671	128	41	39	40	43	46	63	51	38	34	74	41	38	32	54	34	49	40	10	54	59	34	18	64	39	50	20	47	56	51	14	65
chr17	38318208	38318822	615	1	0	615	402	213	82	17	25	35	20	10	21	21	24	9	16	17	32	19	20	33	20	17	2	16	19	10	3	18	12	12	1	17	21	11	2	31
chr17	38318834	38318997	164	1	0	164	79	85	11	4	4	5	8	6	8	6	3	1	10	5	2	2	2	0	3	6	0	4	11	5	1	8	9	7	5	7	5	7	2	5
chr17	38319002	38320988	1987	1	0	1987	1021	966	108	52	79	58	69	77	89	52	61	41	87	46	59	41	42	58	70	52	21	68	79	73	40	82	66	79	32	69	72	70	15	78
chr17	38320990	38321012	23	1	0	23	10	13	0	0	1	1	1	0	1	1	1	2	1	0	0	0	0	0	1	1	0	0	1	4	0	1	0	0	0	0	1	0	0	3
chr17	38321014	38335481	14468	1	0	14468	6699	7769	587	269	590	262	410	509	953	365	495	358	762	314	216	202	254	151	460	398	84	396	773	828	132	840	536	643	103	646	468	704	81	677
chr17	38335494	38344925	9432	1	0	9432	4421	5011	298	187	319	188	272	362	609	317	281	219	470	219	141	175	208	156	359	269	48	267	490	489	78	540	395	424	75	387	316	415	45	412
chr17	38344927	38347244	2318	1	0	2318	1186	1132	176	55	75	75	77	93	117	62	67	44	95	55	62	43	53	36	74	71	18	72	113	97	31	107	73	106	25	84	89	74	20	77
chr17	38347245	38367145	19901	1	0	19901	10495	9406	1300	544	787	701	764	618	958	549	672	404	823	439	596	380	463	495	662	543	134	607	863	729	270	850	673	759	238	740	691	681	132	834
chr17	38367147	38367199	53	1	0	53	22	31	0	1	1	2	2	0	5	0	2	1	6	0	0	1	1	0	0	1	0	2	2	1	1	5	2	2	1	3	3	4	0	2
chr17	38367201	38368506	1306	1	0	1306	724	582	85	45	45	54	49	42	63	35	55	19	55	34	40	36	36	30	50	43	6	43	60	40	7	56	25	39	10	40	54	41	7	60
chr17	38368507	38369674	1168	1	0	1168	649	519	75	36	45	41	45	41	57	39	47	28	49	31	31	26	32	25	58	34	1	37	41	26	7	57	31	35	5	31	52	36	9	58
chr17	38369675	38371277	1603	1	0	1603	818	785	132	45	48	44	71	63	77	28	30	34	80	33	37	32	40	23	45	53	17	58	84	46	19	75	59	74	19	58	51	51	21	54
chr17	38371278	38371489	212	1	0	212	103	109	23	6	4	5	9	7	13	2	4	4	12	2	2	3	4	1	3	5	5	7	12	5	2	10	9	13	7	9	7	6	2	7
chr17	38371550	38371754	205	1	0	205	90	115	7	6	5	3	8	10	14	5	4	5	11	4	2	4	0	2	7	10	1	7	12	11	5	13	7	11	0	6	10	9	0	4
chr17	38371756	38374080	2325	1	0	2325	1399	926	220	79	99	102	96	75	86	77	84	46	65	59	101	57	56	96	89	67	13	88	89	47	16	76	68	52	16	50	88	61	13	92
chr17	38374081	38380229	6149	1	0	6149	3517	2632	437	185	246	252	237	196	279	207	207	120	231	157	239	168	149	206	248	164	33	224	247	158	29	251	181	171	29	181	243	192	31	249
chr17	38380231	38380250	20	1	0	20	14	6	0	1	0	2	1	1	1	0	0	0	1	0	3	0	0	2	1	0	0	1	0	0	0	1	1	1	0	0	1	0	0	0
chr17	38380252	38381973	1722	1	0	1722	965	757	145	42	60	73	69	57	83	34	38	35	80	41	69	42	44	51	44	62	7	63	75	46	8	84	50	57	10	57	74	48	9	63
chr17	38381976	38382437	462	1	0	462	256	206	40	12	16	11	17	22	19	11	7	7	25	19	15	9	19	7	22	16	1	11	17	10	2	22	10	14	1	21	20	11	2	24
chr17	38382438	38384891	2454	1	0	2454	1296	1158	151	72	79	75	93	96	116	75	52	50	115	63	80	56	49	73	97	82	14	81	113	95	23	111	72	84	23	83	98	81	16	84
chr17	38384893	38385435	543	1	0	543	312	231	63	16	15	32	26	13	23	12	19	8	22	9	18	14	7	13	14	14	9	14	21	16	8	19	19	13	7	19	20	21	2	15
chr17	38385446	38386323	878	1	0	878	503	375	83	20	29	45	29	25	43	26	28	16	32	18	38	18	17	35	25	25	4	25	40	22	5	45	24	36	5	25	34	29	4	26
chr17	38386324	38387103	780	1	0	780	459	321	97	13	19	37	21	28	33	27	19	15	31	25	29	10	22	31	22	18	4	22	29	17	8	25	23	27	8	28	35	17	8	30
chr17	38387136	38387653	518	1	0	518	337	181	18	6	3	29	19	24	21	7	4	5	16	10	15	24	9	125	31	11	2	15	19	14	4	14	8	15	2	11	13	11	2	9
chr17	38387654	38387772	119	1	0	119	105	14	8	1	2	13	1	0	0	6	3	0	0	0	12	6	2	50	4	0	0	3	2	0	0	0	0	1	0	1	1	1	0	0
chr17	38387774	38389864	2091	1	0	2091	1261	830	192	60	73	113	89	68	74	75	76	37	69	49	82	52	61	89	86	54	13	65	83	45	11	70	53	48	6	65	84	62	8	77
chr17	38389865	38389898	34	1	0	34	30	4	0	0	0	0	0	0	0	3	0	0	0	0	0	4	0	22	3	0	0	0	0	0	0	0	0	0	0	0	0	0	0	0
chr17	38389903	38390640	738	1	0	738	441	297	56	26	28	36	42	19	22	27	29	18	45	19	18	15	12	27	32	11	4	31	28	12	5	19	15	17	3	9	35	24	4	48
chr17	38390645	38406207	15563	1	0	15563	8250	7313	956	444	612	512	565	567	758	487	566	319	647	324	438	287	384	383	579	445	91	502	718	630	90	751	533	498	91	528	546	616	74	620
chr17	38406208	38406709	502	1	0	502	259	243	36	9	17	20	15	23	26	10	11	8	21	16	20	10	9	6	15	12	8	15	22	12	8	18	19	24	13	20	18	12	7	20
chr17	38406711	38407772	1062	1	0	1062	589	473	62	30	42	49	41	32	49	46	45	18	39	36	35	22	26	17	32	24	7	39	44	22	5	46	40	32	8	34	51	40	10	37
chr17	38407778	38408361	584	1	0	584	276	308	41	12	9	13	17	32	34	10	8	14	33	16	10	10	11	5	19	23	7	19	31	18	13	31	20	28	11	17	23	24	3	20
chr17	38408367	38408628	262	1	0	262	128	134	25	5	6	7	7	9	14	12	6	2	11	9	4	6	2	2	5	12	0	4	15	13	6	12	9	12	4	13	13	9	2	4
chr17	38408630	38408675	46	1	0	46	20	26	0	1	0	1	2	1	3	2	0	1	8	1	0	0	0	0	1	0	0	2	4	1	0	1	3	2	0	1	0	2	0	7
chr17	38408677	38419581	10905	1	0	10905	4967	5938	481	197	322	250	302	441	617	307	282	248	615	253	185	132	195	140	315	333	80	290	551	611	208	594	398	567	178	415	403	453	90	450
chr17	38419582	38428381	8800	1	0	8800	3913	4887	333	145	313	164	205	341	552	213	288	194	502	178	129	107	147	101	259	266	55	208	471	639	94	570	297	431	83	351	284	437	56	385
chr17	38428385	38428989	605	1	0	605	145	460	10	7	8	2	5	21	37	2	11	12	21	4	0	2	2	0	9	22	8	3	25	98	58	28	26	66	39	29	5	22	13	8
chr17	38428991	38438321	9331	1	0	9331	4299	5032	369	192	312	233	326	357	537	220	271	218	475	215	140	138	168	128	295	301	49	260	526	618	118	521	305	429	78	352	314	434	71	359
chr17	38438322	38446020	7699	1	0	7699	3588	4111	332	150	252	171	232	317	480	190	204	190	400	165	136	101	131	136	245	247	54	212	414	423	83	452	293	364	70	295	267	338	49	304
chr17	38446022	38446375	354	1	0	354	196	158	42	6	10	14	11	14	13	12	6	4	14	7	14	9	10	9	14	13	0	6	19	13	3	18	5	15	4	16	11	12	1	7
chr17	38446381	38461710	15330	1	0	15330	6566	8764	473	259	455	249	387	692	969	402	409	405	826	275	167	178	246	173	586	450	127	371	825	1122	249	908	587	757	252	614	452	776	84	603
chr17	38461712	38462247	536	1	0	536	238	298	21	9	16	9	13	30	32	14	14	15	30	10	7	6	6	5	26	17	3	14	24	28	13	29	20	26	10	18	20	24	2	23
chr17	38462250	38465314	3065	1	0	3065	1241	1824	66	46	64	32	65	195	205	84	52	82	154	52	25	49	40	28	165	105	30	72	177	221	62	188	127	178	42	117	80	144	30	86
chr17	38465316	38465362	47	1	0	47	24	23	0	0	1	0	0	9	3	0	1	2	2	1	0	2	0	1	10	1	0	2	2	1	0	1	0	0	0	0	0	2	0	4
chr17	38465364	38470894	5531	1	0	5531	2188	3343	112	70	184	71	122	209	349	161	174	157	309	104	29	42	55	40	145	181	50	101	340	450	133	356	194	340	83	225	162	308	58	215
chr17	38470896	38470927	32	1	0	32	24	8	8	1	0	2	1	1	1	2	0	1	0	1	2	0	0	3	2	1	0	0	1	0	0	1	0	0	0	0	1	1	0	0
chr17	38470929	38493162	22234	1	0	22234	9990	12244	850	434	681	469	650	888	1349	610	553	527	1214	486	381	267	354	276	734	645	193	544	1179	1329	346	1291	823	1160	278	941	761	1010	187	822
chr17	38493163	38504978	11816	1	0	11816	5774	6042	590	244	414	330	319	457	685	307	376	293	594	250	294	173	220	227	378	335	99	355	560	579	149	616	407	515	123	413	423	475	85	529
chr17	38504979	38509021	4043	1	0	4043	1998	2045	172	94	143	127	142	162	249	106	129	91	198	79	94	63	81	66	148	132	16	115	201	174	33	225	156	163	19	166	154	164	14	165
chr17	38509032	38527011	17980	1	0	17980	9174	8806	1222	392	560	621	594	685	874	441	489	399	773	414	490	329	427	464	627	493	149	536	839	746	292	790	540	780	307	631	588	649	160	677
chr17	38527013	38546915	19903	1	0	19903	8862	11041	852	376	601	385	514	900	1231	480	529	446	1085	391	320	265	279	206	649	686	150	502	1090	1348	300	1148	751	973	225	767	635	879	159	779
chr17	38546916	38566869	19954	1	0	19954	8576	11378	536	350	674	383	516	676	1234	517	582	489	1071	414	309	254	323	248	505	593	193	478	1051	1374	401	1155	749	1062	371	889	638	952	185	780
chr17	38566870	38570619	3750	1	0	3750	1629	2121	91	64	134	41	97	165	243	112	105	109	206	69	37	46	71	38	140	118	21	105	210	260	36	231	147	188	36	139	121	171	19	178
chr17	38570621	38578452	7832	1	0	7832	3377	4455	234	139	292	119	184	289	425	221	256	198	429	179	110	82	137	83	224	234	55	195	428	615	146	500	246	382	110	256	221	459	50	332
chr17	38578460	39323246	744787	1	0	744787	377190	367597	43985	17536	25375	23386	24019	27131	39346	20535	23090	15930	34723	17273	19188	13187	15597	16888	24925	21590	5207	22062	35154	33334	8929	36293	24609	29974	8106	26397	26343	28812	5572	30289
chr17	39323247	39512246	189000	2	0	189000	104813	84187	15726	5067	6302	7694	6779	6199	8745	5373	5726	3592	7902	4959	6558	4205	4660	5325	6427	5026	1295	6314	7997	5157	1976	7599	5613	6604	1970	6029	7059	5942	1511	7667
chr17	39512247	40178106	665860	1	0	665860	339942	325918	38391	16155	23708	21106	21650	23748	34518	19089	21810	14180	30319	15392	17509	12326	14212	15827	22989	19158	4332	19931	31012	30498	7434	32274	21744	25416	6627	22801	23260	26146	4545	27751
chr17	40178108	40766247	588140	1	0	588140	314078	274062	38065	15143	21825	21573	20315	20291	28833	17975	20258	12170	24725	14354	17968	11277	13477	15828	21147	16286	3576	17872	26176	23011	5234	26292	18628	19935	4678	19719	21463	21481	3586	24977
chr17	40766248	40981247	215000	2	0	215000	128337	86663	16768	6296	8768	11121	8141	6455	8314	8104	8822	3978	7333	5874	9222	4985	5508	8647	8600	5048	1105	6961	7745	4980	1156	7564	5972	4666	1023	5835	8697	6750	996	9564
chr17	40981248	41237247	256000	3	0	256000	154465	101535	19637	7662	10521	13347	9840	7743	10527	10067	10703	4799	7533	6901	10987	5949	6456	11791	11040	6017	1100	7996	9127	5854	1014	8455	7841	5036	842	7277	10169	7543	914	11310
chr17	41237248	41335247	98000	2	0	98000	55663	42337	6250	2738	3996	4276	3615	3128	4728	3734	4079	2061	3378	2746	3316	1923	2274	3420	3990	2496	438	2926	3958	2859	466	3863	3252	2471	314	3039	4004	3320	392	4548
chr17	41335248	41862241	526994	1	0	526994	262557	264437	26297	12378	18402	15205	17041	19836	29577	15995	17034	11938	24814	12417	11910	8606	10465	10641	18421	15822	3472	15043	25984	24175	5420	26380	18633	20765	4549	19569	19412	21197	3329	22265
chr17	41862242	41879705	17464	1	0	17464	8770	8694	1106	418	579	497	559	591	878	512	503	356	819	450	432	360	363	347	568	467	161	529	814	683	295	798	569	756	293	632	589	683	175	680
chr17	41879737	41941510	61774	1	0	61774	30645	31129	3424	1433	2212	1640	2038	2289	3396	1685	1857	1357	3001	1523	1390	1075	1250	1073	1986	1892	419	1857	3080	2715	676	3204	2112	2519	612	2319	2230	2549	479	2480
chr17	41941511	41947042	5532	1	0	5532	2815	2717	351	139	165	178	197	258	285	149	151	109	263	108	134	94	125	109	225	151	43	181	247	196	69	276	207	241	55	193	210	198	35	188
chr17	41951278	41952540	1263	1	0	1263	640	623	106	30	34	37	50	54	69	22	20	23	65	37	32	21	19	20	31	39	9	49	64	38	18	63	46	65	17	38	54	42	12	37
chr17	41952542	42824293	871752	1	0	871752	443282	428470	52269	21279	29824	26993	28625	31452	45920	24158	27089	18699	40000	20545	22381	16058	18965	19024	29721	25153	6246	26368	40979	37106	10652	41573	28553	34901	9764	31120	30902	33150	6633	35648
chr17	42824295	43189482	365188	1	0	365188	194921	170267	24729	9573	12827	13020	12666	12822	18029	10594	11784	7422	15817	9115	10969	7413	8583	9557	12898	10275	2427	11630	16262	12681	3696	16215	11378	13022	3331	12313	13573	12875	2592	15098
chr17	43189483	43202179	12697	2	0	12697	6889	5808	889	350	475	440	459	403	647	382	426	245	532	332	381	271	330	326	444	342	75	408	572	366	98	561	398	440	95	473	476	449	68	542
chr17	43202180	43202523	344	2	0	344	216	128	37	14	12	16	12	7	15	9	16	4	15	9	12	6	14	16	11	5	0	15	10	6	0	13	10	5	0	9	12	13	0	19
chr17	43202525	43204813	2289	2	0	2289	1235	1054	159	62	87	74	84	92	117	65	67	39	103	64	70	45	54	51	96	63	7	72	105	56	22	92	76	88	14	90	81	68	17	107
chr17	43204814	43219732	14919	2	0	14919	7789	7130	888	384	622	452	498	489	795	418	547	301	619	381	412	303	340	339	477	438	90	472	708	588	146	701	468	538	96	560	547	579	78	643
chr17	43219733	43223243	3511	2	0	3511	1780	1731	227	78	119	94	116	134	201	105	109	66	181	90	64	53	76	65	106	93	21	111	179	143	21	171	135	140	20	145	136	138	22	150
chr17	43223247	43223459	213	2	0	213	122	91	21	4	9	10	8	2	10	4	10	5	11	2	6	6	8	4	2	6	0	9	11	6	0	11	6	4	0	8	5	12	0	11
chr17	43223460	43225678	2219	2	0	2219	1071	1148	93	53	70	54	72	117	137	48	62	43	111	51	44	40	47	27	87	78	11	78	123	92	23	109	84	91	15	90	80	86	13	88
chr17	43225681	43225735	55	2	0	55	44	11	9	0	2	5	1	1	0	4	3	0	1	0	3	2	1	11	3	0	0	0	0	0	0	0	3	0	0	1	0	0	0	3
chr17	43225737	43226452	716	2	0	716	369	347	51	14	22	24	28	30	38	20	19	16	34	14	14	9	21	14	27	15	5	22	37	15	4	38	25	39	7	29	27	24	6	26
chr17	43325132	43352131	27000	2	0	27000	15220	11780	1587	780	1063	1242	1086	719	1274	940	989	606	908	767	1011	667	611	969	1020	672	198	882	1108	835	201	1085	790	754	136	828	1100	968	141	1061
chr17	43352132	43354131	2000	3	0	2000	1175	825	116	63	101	91	88	47	74	71	89	44	66	61	78	44	63	79	81	33	11	73	68	55	7	71	55	44	6	60	76	69	14	100
chr17	43391132	43874131	483000	2	0	483000	249968	233032	29120	11802	17222	16062	16434	17382	25022	14571	16131	10320	21855	11734	12521	8519	10323	10949	17075	13563	3121	14265	22656	19838	4840	22577	15946	17971	4174	16965	17732	18538	3155	20615
chr17	43874132	44445131	571000	1	0	571000	278298	292702	30142	12664	18934	15523	17743	21297	31602	15414	16715	12649	26969	12880	12662	9967	11740	11395	18691	17247	4328	16311	28176	28496	7897	29127	19519	25149	7088	21460	19670	22804	4391	22348
chr17	44445132	44702131	257000	2	0	257000	140706	116294	18849	6774	8981	10357	9112	8798	11878	7574	8250	4944	10789	6411	8750	5467	6245	7526	9369	6847	1602	8164	10951	8702	2384	10913	7646	8632	2297	8391	9396	8769	1805	10425
chr17	44702132	45115181	413050	1	0	413050	205497	207553	23093	9445	13795	12300	13332	15069	22714	11381	12279	8881	19607	9670	9929	7269	8605	8127	13336	12357	2831	12141	20534	18748	5036	20523	13965	17580	4496	15569	14661	16156	3131	16488
chr17	45115183	45286926	171744	1	0	171744	80843	90901	8678	3609	5362	4310	5136	6593	9935	4433	4783	3847	8427	3738	3362	2729	3174	2727	5384	5267	1334	4793	8898	9157	2718	9089	6006	8372	2489	6597	5809	7067	1500	6419
chr17	45286928	45474133	187206	1	0	187206	93092	94114	9913	4357	6445	5378	6005	7026	10451	5512	5896	4114	8558	4370	4279	3231	3756	3800	6503	5623	1262	5340	9290	8722	2108	9344	6517	7746	1839	6881	6684	7373	1235	7646
chr17	45474134	45511133	37000	2	0	37000	18952	18048	2147	931	1341	1122	1186	1367	1992	1048	1197	777	1607	875	1011	666	808	877	1259	1083	257	1142	1762	1530	389	1774	1229	1435	365	1366	1343	1407	239	1466
chr17	45642134	45907133	265000	3	0	265000	132768	132232	12828	6194	9558	7969	8507	9790	14689	8330	8805	5844	12018	6265	6409	4336	5293	5932	9344	7578	1690	7552	13041	12551	2544	13335	9405	10443	2072	9744	9526	10898	1580	10928
chr17	45907134	46130133	223000	2	0	223000	121574	101426	14886	6124	8399	8368	7790	7831	10858	7138	7720	4639	8914	5512	7381	4521	5226	6266	8634	5957	1421	7103	9612	7853	1649	9436	7045	7029	1471	7429	8326	7711	1321	9428
chr17	46130134	46246133	116000	1	0	116000	66659	49341	9724	3281	4497	5208	4283	3630	4781	3537	4112	2116	4337	2946	4591	2753	3057	3805	4226	2931	717	3906	4338	3160	1028	4485	3268	3387	950	3433	4400	3533	731	4847
chr17	46246134	46305133	59000	2	0	59000	32421	26579	4371	1554	2150	2452	2152	1968	2702	1820	2002	1171	2364	1459	2003	1211	1351	1689	2105	1643	367	1790	2522	1819	613	2460	1791	1984	580	1909	2224	1968	396	2408
chr17	46305134	46342133	37000	3	0	37000	21099	15901	2813	1028	1481	1596	1400	1165	1623	1316	1402	749	1385	945	1303	824	898	1171	1440	940	204	1182	1472	1002	225	1478	1111	1006	214	1144	1480	1229	189	1583
chr17	46342134	46393133	51000	4	0	51000	29133	21867	3982	1484	1903	2299	1912	1613	2179	1534	1822	969	1927	1294	1952	1146	1329	1787	1865	1327	328	1692	1934	1404	431	1962	1493	1461	454	1502	1945	1539	347	2182
chr17	46393134	46447133	54000	5	0	54000	33377	20623	4947	1664	2204	2904	2020	1527	2044	1898	2094	963	1600	1475	2658	1458	1578	2341	2235	1149	251	1977	1789	1044	223	1699	1375	1124	233	1392	2090	1438	245	2359
chr17	46447134	46495133	48000	4	0	48000	29616	18384	4248	1516	1866	2560	1772	1309	1801	1805	1889	818	1489	1327	2281	1292	1350	2291	1936	1099	225	1675	1647	918	215	1540	1196	989	202	1219	1909	1314	228	2072
chr17	46495134	46527133	32000	3	0	32000	18457	13543	2345	935	1187	1503	1172	987	1384	1142	1194	603	1176	873	1258	734	826	1136	1183	897	151	1028	1284	831	203	1288	905	866	154	907	1314	1012	170	1350
chr17	46527134	46571133	44000	2	0	44000	24760	19240	3350	1218	1690	1827	1635	1425	1973	1492	1592	883	1698	1099	1508	947	1063	1360	1667	1132	260	1414	1809	1283	308	1767	1341	1303	304	1378	1707	1450	250	1865
chr17	46571134	46841133	270000	1	0	270000	152586	117414	19598	7543	10555	11672	9356	8622	12108	8822	10143	5293	9943	6744	10271	5980	6717	9218	10200	6826	1581	8831	10623	8434	2098	10801	7873	7897	1967	8158	10212	8799	1580	11533
chr17	46841134	47031133	190000	2	0	190000	98509	91491	10433	4746	6848	6300	6377	6976	9982	6374	6554	4144	8052	4683	4963	3420	4112	4545	6975	5448	1145	5718	9213	7708	1717	8724	6406	6879	1439	6684	7113	7327	1125	7868
chr17	47053134	47134133	81000	2	0	81000	46272	34728	6691	2308	3034	3526	2987	2671	3497	2468	2686	1494	3017	1994	3195	1838	2063	2802	2973	2141	507	2690	3302	2268	613	3150	2288	2478	589	2537	3061	2445	451	3234
chr17	47206134	47307133	101000	2	0	101000	53992	47008	5884	2620	4058	3544	3539	3410	4927	3262	3625	2140	4365	2507	3058	1927	2429	2695	3591	2746	514	3246	4558	3847	662	4784	3186	3294	595	3347	3803	3964	469	4402
chr17	47307134	47440133	133000	1	0	133000	81910	51090	11565	3926	5477	7535	5245	3432	4671	4823	5430	2394	4054	3700	6263	3306	3653	6434	5195	2915	584	4364	4421	3012	773	4287	3292	2733	687	3248	5264	3833	526	5956
chr17	47440134	47520133	80000	2	0	80000	45102	34898	6475	2118	2638	3659	2907	2644	3555	2336	2544	1468	3278	2045	2964	1795	2039	2636	2844	2109	500	2572	3304	2193	720	3211	2312	2628	692	2476	2981	2498	606	3251
chr17	47520134	47535133	15000	1	0	15000	8019	6981	1161	396	495	603	532	451	648	414	451	271	637	360	511	292	362	435	461	372	96	481	624	545	250	630	443	641	243	474	516	491	155	557
chr17	47594134	48037708	443575	1	0	443575	225796	217779	25687	10766	16039	13740	14383	15899	23283	12800	14758	9723	20197	10400	11403	7765	9468	9484	15032	13087	2728	13306	21003	20227	4785	21722	14491	16779	4186	15354	15839	17643	2991	18605
chr17	48037710	48037719	10	1	0	10	1	9	0	0	0	0	0	0	0	0	0	0	0	0	0	0	0	0	0	0	0	0	0	3	2	1	0	2	0	0	0	0	0	0
chr17	48037722	48037759	38	1	0	38	5	33	0	0	0	0	0	2	0	0	0	1	1	0	0	0	0	0	0	1	2	0	2	7	6	1	1	6	4	0	0	2	0	0
chr17	48037761	48172137	134377	1	0	134377	71841	62536	9425	3600	4812	4864	4683	4711	6638	3795	4501	2647	5787	3250	4092	2682	3165	3189	4689	3771	844	4336	6013	4586	1338	5903	4215	4750	1291	4613	4909	4733	993	5550
chr17	48172138	48601137	429000	2	0	429000	247662	181338	32578	12257	17673	19986	15623	12476	17699	14232	17025	7946	16243	10890	17268	8997	11022	15746	15768	10263	2029	13616	16126	12918	2940	16793	12082	11310	2682	12706	16054	14287	2241	19522
chr17	48601138	49167137	566000	3	0	566000	300524	265476	38226	14604	20553	20564	19955	18860	26928	16180	18980	11547	24839	13716	16786	10585	12873	15328	19066	15559	3731	17240	25075	21671	6390	25244	17660	20170	5692	18894	20122	20980	4165	23815
chr17	49167138	49270137	103000	2	0	103000	52188	50812	5747	2521	3727	3169	3524	3695	5438	2873	3379	2267	4733	2413	2513	1745	2209	2233	3485	3025	681	3037	4911	4443	1142	5088	3421	4063	1053	3671	3713	4053	714	4312
chr17	49290138	49771137	481000	2	0	481000	255554	225446	30506	12322	17936	17148	16345	16474	23925	14407	16651	9864	20752	11834	14410	9063	11004	12913	16981	13019	2785	14938	21554	18728	4365	21975	15159	16779	3929	16131	17457	18096	2975	20573
chr17	49771138	49850172	79035	1	0	79035	43656	35379	5412	2142	3059	3144	2795	2670	3760	2525	2866	1573	3048	1993	2684	1742	1970	2272	2887	2087	453	2700	3392	2431	597	3335	2466	2497	538	2515	3005	2740	448	3287
chr17	49850173	49895121	44949	1	0	44949	20761	24188	1860	878	1489	1015	1233	1813	2632	1301	1387	1022	2385	971	762	585	784	643	1518	1336	284	1160	2366	2734	554	2604	1589	2136	526	1615	1506	2051	296	1912
chr17	49895122	50135283	240162	1	0	240162	113386	126776	9495	4871	8165	5818	6991	9191	13632	7171	7364	5533	12109	5241	4499	3810	4661	4834	8121	7239	1600	6445	12315	13938	3016	13072	8554	10447	2686	9095	7995	10716	1580	9956
chr17	50135284	50150019	14736	1	0	14736	6065	8671	295	234	407	181	322	661	991	406	364	408	838	265	136	201	213	142	528	474	121	382	849	1136	245	922	571	788	206	573	432	754	117	572
chr17	50150043	51181138	1031096	1	0	1031096	533386	497710	61209	25173	36894	34200	33905	36956	53530	30748	33512	22005	44993	24194	28850	18881	22499	25836	36257	29151	6837	30770	47869	44062	10598	48639	34006	39265	9297	36254	37008	38690	6753	42253
chr17	51181139	51317138	136000	2	0	136000	81485	54515	11903	4189	5458	6604	5279	3903	5421	4575	5049	2488	4511	3564	5923	3461	3706	5450	5369	3280	684	4708	4955	3012	732	4721	3673	3305	699	3764	5181	3823	705	5903
chr17	51317139	51407138	90000	3	0	90000	49356	40644	5537	2431	3648	3434	3269	2947	4444	3232	3535	1983	3618	2395	2708	1640	2067	2467	3411	2375	440	2775	3941	2951	507	3860	2922	2606	379	2945	3618	3326	390	4197
chr17	51407139	51499138	92000	4	0	92000	53252	38748	6461	2759	3820	4171	3596	2832	3993	3319	3684	1764	3361	2570	3470	1839	2337	3274	3606	2200	420	2968	3625	2586	377	3462	2853	2243	302	2726	3657	3021	347	4355
chr17	51499139	51604138	105000	5	0	105000	61699	43301	7593	3131	4496	4944	4208	3125	4269	4082	4362	2045	3596	2844	4001	2331	2786	3886	4241	2562	443	3385	4082	2797	336	3890	3110	2300	244	3062	4250	3446	341	4810
chr17	51604139	51660443	56305	6	0	56305	32085	24220	3475	1546	2349	2451	2126	1745	2467	2255	2297	1158	2134	1610	1923	1217	1444	1888	2252	1367	251	1796	2235	1722	207	2243	1747	1335	163	1701	2359	1983	205	2652
chr17	51660445	51698139	37695	6	0	37695	21789	15906	2461	1104	1509	1753	1476	1183	1578	1550	1481	710	1206	1069	1409	856	1001	1442	1507	975	163	1207	1606	1141	163	1323	1133	929	140	1152	1541	1188	124	1613
chr17	51698140	51801139	103000	7	0	103000	59981	43019	6794	2841	4138	4880	3882	3296	4386	4092	4083	1989	3675	2919	3894	2284	2747	4081	4175	2467	389	3379	3972	2753	368	3862	3251	2393	316	3026	4258	3341	389	4678
chr17	51801140	51948139	147000	8	0	147000	88298	58702	10752	4434	6457	7334	5672	4175	5885	5983	6197	2778	4772	4084	6356	3357	3987	6074	5904	3298	570	4972	5211	3346	415	5136	4503	2963	330	4222	6097	4500	463	6771
chr17	51948140	52188139	240000	9	0	240000	149263	90737	19807	7179	10331	13725	9514	6377	8354	9684	10192	4148	7202	6842	11529	5998	6780	11601	9912	5129	766	7895	7972	5142	702	7590	6368	4242	614	6020	9677	6893	652	11161
chr17	52188140	53044189	856050	10	0	856050	541006	315044	73073	26665	35872	51217	34574	22329	29325	34248	36485	15017	24396	23843	42696	21827	24605	44832	36397	17567	2990	28884	27000	16178	2192	25512	22237	13903	1869	20573	34842	23234	2437	39229
chr17	53044190	53104138	59949	10	0	59949	38685	21264	5523	1857	2493	3845	2503	1464	1906	2448	2631	954	1617	1719	3061	1563	1766	3334	2482	1160	176	2020	1854	1046	113	1635	1496	926	87	1347	2490	1517	134	2780
chr17	53108139	54746138	1638000	10	0	1638000	1042946	595054	143935	51387	68751	100094	67322	41837	54629	65621	69156	27739	45521	46694	83755	41689	46419	88395	69613	33286	5860	53893	51105	29433	4257	47327	42573	26490	3291	38816	66119	42913	4794	75284
chr17	54746139	55022138	276000	9	0	276000	168511	107489	22478	8490	11545	14930	10792	7623	10437	10300	11230	4972	8582	7475	12943	6769	7739	12205	11065	6217	1142	9430	9479	6040	1066	9284	7693	5691	917	7205	10914	7921	1039	12385
chr17	55022139	55145138	123000	8	0	123000	79248	43752	11391	3986	5200	7602	4935	3081	4044	4953	5180	2004	3170	3445	6674	3323	3632	6626	5340	2437	386	4231	3650	2040	266	3505	3087	1866	237	2908	4936	3118	343	5402
chr17	55145139	55318138	173000	7	0	173000	101458	71542	12066	5119	7300	8336	6427	5143	7142	6549	7274	3265	5972	4674	7054	3903	4538	6695	6829	4126	867	5609	6351	4565	816	6447	5149	3890	784	4923	6932	5598	683	7972
chr17	55318139	55486138	168000	6	0	168000	96427	71573	12058	4750	7007	7492	6342	5142	7199	5801	6515	3283	6263	4596	6392	3594	4329	5663	6478	4037	811	5443	6443	4881	934	6706	5000	4411	788	4983	6562	5635	793	7667
chr17	55486139	55582138	96000	7	0	96000	57213	38787	7449	2762	3826	4823	3729	2900	3717	3576	3850	1747	3332	2629	3832	2156	2519	4365	3837	2199	491	3037	3487	2305	465	3329	2801	2139	479	2659	3797	2943	449	4369
chr17	55582139	55792138	210000	8	0	210000	126558	83442	16068	6307	9123	10654	8284	5907	7994	8209	8864	3981	7028	5845	8936	4808	5578	8970	8630	4596	862	6915	7482	4896	738	7285	5898	4194	599	5629	8386	6715	723	9894
chr17	55792139	56156138	364000	9	0	364000	218190	145810	26985	10906	15310	18507	14535	10535	14269	14406	15230	6925	12074	10146	14958	8169	9952	15283	14951	8348	1332	11904	13446	8814	1109	12639	10611	7390	933	9956	14735	11456	1078	17106
chr17	56156139	56350138	194000	8	0	194000	117978	76022	14963	5887	8074	10371	7779	5338	7176	7944	8167	3585	6122	5596	8386	4605	5572	8413	8041	4283	753	6337	6926	4430	569	6453	5352	3777	481	5148	7918	5889	657	9006
chr17	56350139	56434138	84000	7	0	84000	51518	32482	6901	2644	3354	4512	3400	2345	3129	3352	3449	1565	2581	2370	3661	2062	2319	3874	3606	1913	333	2764	2937	1803	268	2699	2254	1560	255	2123	3428	2430	310	3797
chr17	56434139	56524138	90000	6	0	90000	54119	35881	7060	2607	4066	4541	3367	2529	3466	3379	4001	1664	3017	2476	3846	2115	2436	3548	3552	2007	361	2995	3178	2212	308	3237	2369	1870	247	2386	3642	2845	304	4367
chr17	56524139	56632138	108000	5	0	108000	59947	48053	6583	2942	4439	4487	4066	3577	4777	3936	4082	2265	4180	2834	3719	2160	2558	3341	4139	2765	578	3462	4631	3654	725	4301	3332	3035	620	3449	4254	3858	507	4742
chr17	56632139	56721138	89000	4	0	89000	48976	40024	5136	2340	3763	3414	3263	3005	4031	3183	3429	1860	3651	2390	2825	1802	2210	2673	3490	2315	406	2796	3818	3075	477	3865	2741	2580	378	2751	3433	3264	391	4243
chr17	56721139	56807138	86000	3	0	86000	46709	39291	4785	2245	3492	3168	3081	3020	4100	3184	3208	1951	3372	2202	2616	1683	2012	2589	3395	2383	460	2661	3872	3053	490	3824	2838	2483	399	2699	3280	3320	341	3792
chr17	56807139	57199138	392000	2	0	392000	217132	174868	27494	10605	14812	15924	14204	13143	18283	12836	13552	7870	15298	9943	13586	8031	9364	12185	14651	10360	2259	12379	16560	12666	3014	16080	12436	12260	2791	12749	14819	13034	2260	16550
chr17	57199139	57348138	149000	3	0	149000	82973	66027	10487	4188	5970	6092	5576	4862	6634	5060	5620	2973	5693	3847	5053	3018	3416	4483	5749	3820	919	4553	6125	5026	1134	6061	4715	4267	915	4609	5542	5233	868	6490
chr17	57348139	57494138	146000	4	0	146000	77618	68382	8462	4002	5864	5021	5149	5176	7404	4825	5499	3127	6064	3562	4240	2643	3117	3462	5640	4011	961	4336	6497	5471	1065	6652	4941	4768	830	4957	5475	5435	838	6504
chr17	57494139	57666138	172000	3	0	172000	87999	84001	8963	4356	6592	5395	5700	6259	9339	5513	5953	3906	7370	4067	4690	2810	3519	3567	6308	4875	1181	4967	8128	7629	1477	8258	6103	6286	1237	6254	6271	6702	983	7340
chr17	57666139	57780138	114000	2	0	114000	61993	52007	6944	3018	4525	4335	4123	3900	5440	3922	4186	2437	4746	2927	3568	2024	2599	3297	4351	3004	573	3451	5021	4170	753	4890	3656	3523	587	3732	4357	4137	565	5237
chr17	57780139	58064138	284000	1	0	284000	151219	132781	18118	7457	10510	10186	9729	9752	14274	8820	9717	5794	11957	6988	8708	5414	6472	7322	10288	7644	1711	8774	12604	10771	2590	12674	9263	9845	2256	9904	10420	10379	1797	11860
chr17	58064139	58231138	167000	2	0	167000	92584	74416	10813	4466	6594	6829	5942	5590	7462	5771	6328	3426	6580	4265	5619	3446	3912	5539	6572	4331	928	5097	6997	5779	1261	7016	4876	4889	1058	5013	6320	6054	803	7422
chr17	58231139	59052138	821000	3	0	821000	464950	356050	61446	22658	30371	35950	29767	25895	37152	26212	28647	15587	31401	20954	30566	18405	21069	28868	30335	21149	4274	26787	33430	24568	5938	33101	24288	24767	5467	25356	30973	26553	4315	34749
chr17	59052139	59214138	162000	4	0	162000	94453	67547	13678	4566	5782	7682	5864	4988	6782	5033	5410	2882	6038	4263	6755	3895	4318	6516	5963	3964	905	5499	6207	4059	1276	5966	4444	4607	1229	4834	6053	4878	1042	6620
chr17	59214139	59597138	383000	3	0	383000	216096	166904	29735	10458	13912	16763	14242	12290	17315	11883	13040	7299	15181	9801	13851	8279	9305	12741	13833	9838	2291	12364	15742	10699	3147	15223	11531	12076	2811	12026	14624	12197	2401	16100
chr17	59597139	59711138	114000	2	0	114000	69377	44623	9578	3565	4596	6029	4317	3149	4327	4005	4309	2018	3497	3076	5565	3096	3361	4888	4477	2644	588	4119	3818	2376	625	3814	3050	2505	579	3127	4453	3108	618	4721
chr17	59711139	59740138	29000	1	0	29000	17473	11527	2595	896	1071	1493	1132	862	1128	967	971	490	982	799	1356	731	772	1227	1134	665	148	1031	1035	668	175	990	797	717	153	771	1123	818	140	1161
chr17	59740139	59828138	88000	2	0	88000	53320	34680	8389	2620	3220	4652	3302	2545	3449	2844	3037	1418	2962	2321	4153	2220	2455	3732	3312	2018	416	3057	3086	1830	573	2965	2384	2319	546	2435	3358	2288	463	3629
chr17	59828139	60118138	290000	3	0	290000	163356	126644	22031	8004	10497	12577	10331	9529	13332	9400	10079	5688	10842	7388	10669	6460	7052	9475	10972	7451	1751	9508	11773	8630	2443	11419	8862	8853	2082	8903	10985	9331	1788	11893
chr17	60118139	60171138	53000	4	0	53000	24528	28472	2251	1103	1807	1224	1443	2084	3079	1408	1735	1259	2650	1123	956	705	892	809	1748	1595	440	1368	2628	3248	829	2873	1931	2301	736	2007	1707	2434	445	2180
chr17	60171139	60660138	489000	3	0	489000	287557	201443	41259	14390	18105	23625	18664	14783	20454	16045	16999	8777	17278	12548	20457	11945	13064	19164	18914	11860	2539	16581	18650	11856	3154	17641	13863	13438	2991	14352	18519	14146	2610	20327
chr17	60660139	61293138	633000	4	0	633000	388299	244701	56711	19365	24764	34082	24976	18061	23737	22791	24124	11108	19860	17239	29111	16154	17365	28850	25969	14250	2988	21481	21989	12574	2944	20246	16841	13604	2835	16648	24766	17325	2889	27351
chr17	61293139	61894138	601000	5	0	601000	351458	249542	47438	17455	23381	29246	22392	17726	24728	20360	22682	11097	20730	15586	25008	13831	15528	24269	23291	14027	3287	19504	22252	16704	4389	21897	16848	16062	3930	17256	22815	18449	3120	25710
chr17	61894139	61985138	91000	4	0	91000	54491	36509	8303	2604	3311	4613	3418	2763	3548	2939	2985	1635	3125	2381	4124	2326	2451	3963	3434	2221	513	3160	3378	1949	631	3088	2462	2382	620	2544	3394	2494	596	3643
chr17	61985139	62393138	408000	3	0	408000	237170	170830	32760	11378	15249	19309	15204	12769	17355	13692	14507	7538	14579	10800	16224	9486	10581	15737	15421	10270	2082	13398	15950	10636	2782	15234	11820	11408	2469	11935	15829	12288	2111	17197
chr17	62393139	62955138	562000	2	0	562000	310724	251276	40134	15352	20364	23188	20355	19314	26082	17867	19292	11070	22183	14095	19257	11606	13321	17242	20963	15138	3625	17617	23835	17823	4816	22974	17695	18036	4255	17858	21125	18451	3564	23501
chr17	62955139	63229138	274000	3	0	274000	172824	101176	24951	8589	11193	15887	10514	7075	9655	10335	11174	4633	7967	7443	13981	7554	7944	13929	11379	5709	1098	9665	8595	5132	991	8160	6774	4984	910	6560	10831	7052	961	12373
chr17	63229139	63397138	168000	2	0	168000	103862	64138	14213	5269	7097	9070	6438	4407	6331	6287	7033	2941	5119	4701	7965	4340	4983	7668	6833	3550	669	5905	5649	3388	545	5365	4353	3163	441	4481	6627	4847	541	7779
chr17	63397139	63583528	186390	1	0	186390	92038	94352	9326	4240	6498	5300	5725	6758	10480	5520	5872	4152	8565	4312	4441	3283	3794	3772	6489	5380	1326	5238	8957	8948	2314	9454	6513	7911	1939	6980	6524	7435	1277	7665
chr17	63583529	63594637	11109	1	0	11109	5915	5194	727	278	415	363	380	374	600	370	391	245	446	283	284	230	256	272	410	314	55	348	520	387	74	516	383	390	59	372	411	407	66	481
chr17	63594639	63595549	911	1	0	911	509	402	92	25	27	36	33	37	35	27	23	17	35	27	31	20	21	22	36	35	4	23	37	34	11	37	30	21	9	22	29	29	8	36
chr17	63595552	63602090	6539	1	0	6539	3483	3056	418	163	246	239	230	223	306	190	217	151	255	156	201	131	175	181	228	165	44	231	250	215	112	257	216	244	86	228	255	210	48	266
chr17	63602091	63723139	121049	1	0	121049	64345	56704	7653	3167	4565	4235	4216	4063	6142	3706	4096	2525	5100	2840	3654	2412	2827	3143	4379	3240	689	3859	5343	4321	1200	5389	3931	4392	1075	4324	4473	4300	726	5062
chr17	63723140	64224139	501000	2	0	501000	265676	235324	31376	13085	18993	17349	17146	17581	24992	15582	17657	10582	20730	12205	14623	9710	11081	12982	18109	13883	3452	15514	22483	19006	4702	22579	16153	17329	4024	16916	18557	18552	3278	20787
chr17	64224140	64286139	62000	3	0	62000	34104	27896	4121	1776	2388	2450	2228	2097	3004	2059	2319	1271	2429	1570	2068	1218	1423	1681	2394	1680	353	1936	2604	2005	459	2646	1968	1898	394	1970	2422	2131	344	2692
chr17	64286140	64333400	47261	4	0	47261	24780	22481	2998	1204	1706	1635	1771	1741	2470	1379	1571	1029	2062	1127	1203	761	1011	1111	1709	1326	306	1394	2266	1656	384	2176	1604	1797	400	1673	1782	1703	298	2006
chr17	64464644	64467708	3065	3	0	3065	1688	1377	224	77	122	123	105	100	136	103	136	57	140	76	81	54	69	84	114	78	16	81	132	101	25	131	87	92	21	90	111	118	14	165
chr17	64467710	64467935	226	3	0	226	106	120	9	4	6	5	9	13	12	4	3	5	14	6	3	6	6	1	10	7	1	10	12	7	3	10	9	13	1	9	7	5	5	9
chr17	64467936	64468993	1058	3	0	1058	549	509	75	19	40	35	39	40	46	34	34	21	52	28	20	15	28	21	32	24	7	32	57	38	12	40	30	51	9	42	41	34	8	52
chr17	64468995	64469013	19	3	0	19	11	8	1	0	1	2	0	0	1	0	1	0	1	2	2	0	0	0	0	0	0	0	1	0	0	0	0	0	1	1	0	0	1	2
chr17	64469015	64495177	26163	3	0	26163	15287	10876	2219	770	958	1257	999	804	1095	837	917	495	944	691	1069	610	702	919	972	669	136	902	1053	657	164	948	688	715	167	758	1022	781	151	1092
chr17	64495178	64520381	25204	3	0	25204	14659	10545	1925	804	1014	1223	941	725	968	835	998	507	749	610	1101	642	646	969	932	670	238	838	872	670	297	858	713	626	254	713	952	731	213	968
chr17	64520382	64774381	254000	2	0	254000	147085	106915	20650	7264	9224	11708	9289	8001	10866	8494	8572	4602	9556	6430	10335	5994	6509	9590	9608	6401	1340	8512	10155	6498	1730	9672	7287	7387	1594	7570	9600	7769	1390	10401
chr17	64774382	64898381	124000	1	0	124000	64303	59697	7197	3127	4385	4181	4066	4423	6532	3885	4150	2649	5205	2935	3477	2309	2691	3091	4469	3605	770	3663	5776	5116	1330	5739	4114	4627	1158	4389	4547	4613	758	5021
chr17	64898382	65156381	258000	2	0	258000	144654	113346	19019	7138	9584	10959	9355	8526	11703	8501	9078	5115	9844	6495	9248	5541	6256	8291	9690	6644	1604	8382	10519	7708	2141	10160	7901	7906	1956	8203	9976	8270	1643	10642
chr17	65156382	65264381	108000	3	0	108000	57916	50084	6108	2758	4142	3851	3672	3963	5162	4075	3971	2303	4559	2886	3108	1964	2402	2992	4169	2967	622	3230	4964	4022	739	4704	3473	3308	585	3580	4266	4132	571	4750
chr17	65264382	65392381	128000	4	0	128000	72193	55807	8692	3544	5268	5365	4797	4105	5585	4676	4989	2693	4892	3352	4391	2566	3064	4213	4885	3250	675	4098	5406	4007	703	5131	3902	3519	569	3735	4971	4471	639	5845
chr17	65392382	65994381	602000	5	0	602000	350273	251727	45521	17408	24224	28223	22627	18436	24880	22073	23821	11441	21041	16109	23407	13084	15039	22937	23656	14608	3067	19038	23222	17085	3485	22342	17557	15271	3068	16916	23582	19170	2772	26888
chr17	65994382	66130381	136000	4	0	136000	85758	50242	12862	4186	5406	7986	5427	3592	4757	5248	5492	2301	3861	3785	6659	3517	3741	6937	5664	2889	538	4505	4527	2604	436	4055	3476	2510	379	3219	5358	3619	477	5985
chr17	66130382	66466381	336000	3	0	336000	194280	141720	26196	9576	13163	15341	12635	10693	14286	11753	12553	6335	12096	9153	12892	7507	8266	11835	12935	8204	1917	11055	13129	8753	2293	12369	10030	8967	1962	9967	13272	10621	1824	14420
chr17	66466382	66598381	132000	4	0	132000	74754	57246	9219	3822	5326	5608	4903	4335	6004	4762	5107	2629	4776	3439	4746	2880	3027	4169	5289	3321	851	4206	5272	3849	829	5108	4292	3533	663	4082	5151	4355	707	5738
chr17	66598382	66717381	119000	3	0	119000	67369	51631	8212	3534	4796	5040	4456	3914	5352	4244	4663	2375	4329	3206	4253	2490	2859	3644	4740	3119	722	3732	4828	3468	736	4605	3754	3092	568	3694	4644	3958	666	5305
chr17	66717382	66797381	80000	2	0	80000	42649	37351	4806	2109	3042	2850	2723	2904	4163	2638	2893	1734	3224	1981	2385	1467	1703	2027	2990	2146	645	2432	3596	2749	664	3397	2792	2680	581	2845	3050	2831	494	3457
chr17	66800382	66829381	29000	2	0	29000	15375	13625	1745	833	1053	1036	1029	1107	1427	1054	1067	627	1121	667	826	485	584	713	1172	789	231	861	1375	1171	238	1226	992	975	175	937	1078	1075	168	1161
chr17	66829382	66880433	51052	1	0	51052	26938	24114	2746	1323	1921	1791	1841	1843	2580	1847	1816	1107	2138	1318	1379	853	1054	1380	1953	1432	280	1461	2399	2079	391	2207	1771	1659	319	1783	1988	1907	242	2242
chr17	66880435	66944702	64268	1	0	64268	33309	30959	3245	1601	2336	2190	2219	2445	3290	2318	2202	1470	2810	1693	1706	1052	1343	1389	2446	1853	429	1840	3098	2638	529	2961	2259	2128	376	2225	2468	2606	348	2753
chr17	66944704	66997383	52680	1	0	52680	25261	27419	2394	1214	1907	1360	1619	1979	3032	1517	1856	1202	2600	1187	1006	717	871	800	1736	1603	408	1365	2592	2647	703	2756	1937	2155	638	2032	1882	2293	415	2255
chr17	66997384	68072047	1074664	2	0	1074664	605128	469536	82690	29941	39057	46322	39354	35528	48385	34072	36673	20583	41503	27687	39293	23384	25699	34955	39830	27948	6910	34748	44226	30727	9159	41784	32330	33294	8469	33665	40953	33927	7118	44448
chr17	68072048	68072064	17	2	0	17	17	0	3	0	0	1	0	0	0	0	0	0	0	0	2	0	0	9	0	0	0	0	0	0	0	0	0	0	0	0	0	0	0	0
chr17	68072094	68072118	25	2	0	25	25	0	0	0	0	2	0	0	0	0	0	0	0	0	2	0	0	19	0	0	0	0	0	0	0	0	0	0	0	0	0	0	0	0
chr17	68072122	68072148	27	2	0	27	26	1	3	0	0	3	0	0	0	1	0	0	0	0	3	1	0	13	1	0	0	0	0	0	0	0	0	0	0	0	0	0	0	0
chr17	68072178	68072199	22	2	0	22	22	0	2	0	0	2	0	0	0	0	0	0	0	0	2	0	0	14	0	0	0	0	0	0	0	0	0	0	0	0	0	0	0	0
chr17	68072225	68072241	17	2	0	17	17	0	0	0	0	1	0	0	0	0	0	0	0	0	2	0	0	12	0	0	0	0	0	0	0	0	0	0	0	0	0	0	0	0
chr17	68072256	68072282	27	2	0	27	27	0	1	0	0	4	0	0	0	0	0	0	0	0	3	0	0	17	0	0	0	0	0	0	0	0	0	0	0	0	0	0	0	0
chr17	68072283	68072313	31	2	0	31	31	0	1	0	0	4	0	0	0	0	0	0	0	0	4	0	0	20	0	0	0	0	0	0	0	0	0	0	0	0	0	0	0	0
chr17	68072322	68072332	11	2	0	11	10	1	0	1	0	0	0	0	0	0	0	0	0	0	1	0	0	6	1	0	0	0	0	0	0	0	0	0	0	0	0	0	0	0
chr17	68072336	68072350	15	2	0	15	15	0	0	0	0	2	0	0	0	0	0	0	0	0	1	0	0	10	0	0	0	0	0	0	0	0	0	0	0	0	0	0	0	0
chr17	68072354	68072364	11	2	0	11	11	0	0	0	0	1	0	0	0	0	0	0	0	0	1	0	0	7	0	0	0	0	0	0	0	0	0	0	0	0	0	0	0	0
chr17	68072369	68072384	16	2	0	16	16	0	0	0	0	1	0	0	0	0	0	0	0	0	1	0	0	12	0	0	0	0	0	0	0	0	0	0	0	0	0	0	0	0
chr17	68072400	68072415	16	2	0	16	16	0	0	0	0	1	0	0	0	0	0	0	0	0	1	0	0	12	0	0	0	0	0	0	0	0	0	0	0	0	0	0	0	0
chr17	68072428	68072443	16	2	0	16	16	0	2	0	0	1	0	0	0	0	0	0	0	0	1	0	0	10	0	0	0	0	0	0	0	0	0	0	0	0	0	0	0	0
chr17	68072455	68072553	99	2	0	99	98	1	9	0	0	12	0	0	0	1	0	0	0	0	13	1	0	60	1	0	0	0	0	0	0	0	0	0	0	0	0	0	0	0
chr17	68072555	68072586	32	2	0	32	32	0	2	0	0	3	0	0	0	0	0	0	0	0	3	0	0	22	0	0	0	0	0	0	0	0	0	0	0	0	0	0	0	0
chr17	68072587	68072649	63	2	0	63	63	0	6	0	0	8	0	0	0	0	0	0	0	0	7	0	0	40	0	0	0	0	0	0	0	0	0	0	0	0	0	0	0	0
chr17	68072772	68079174	6403	2	0	6403	3694	2709	529	185	194	279	251	223	283	208	178	104	245	162	228	128	133	363	244	156	32	207	296	168	40	238	185	216	48	189	240	202	26	221
chr17	68079183	68079923	741	2	0	741	384	357	43	28	20	24	25	18	44	20	25	15	41	18	22	15	9	16	27	16	7	26	24	18	13	33	25	30	16	23	32	24	10	32
chr17	68079924	68082241	2318	2	0	2318	1090	1228	86	57	77	58	82	101	131	49	62	51	99	45	48	36	68	40	89	71	15	70	103	110	49	91	97	97	53	124	74	75	19	89
chr17	68082242	68082270	29	2	0	29	26	3	19	0	0	1	0	0	0	1	0	1	1	0	2	0	0	0	0	0	0	0	0	0	0	0	0	0	0	0	1	0	0	1
chr17	68082272	68082741	470	2	0	470	235	235	23	14	15	13	11	22	26	9	13	11	15	10	17	9	18	8	16	21	6	12	24	17	4	25	11	23	8	18	17	9	4	19
chr17	68082742	68083998	1257	2	0	1257	644	613	62	31	53	39	50	43	60	39	40	28	55	33	32	23	34	21	36	35	9	45	63	38	12	60	49	52	14	43	44	49	9	54
chr17	68083999	68084690	692	2	0	692	388	304	51	9	19	32	20	33	31	22	19	11	30	29	22	14	19	25	25	13	2	28	31	24	2	30	19	23	1	17	31	27	7	24
chr17	68084694	68084721	28	2	0	28	23	5	0	0	0	0	0	4	0	0	0	0	0	0	0	0	1	16	4	0	0	1	0	0	0	0	0	0	0	0	0	0	0	0
chr17	68084722	68087651	2930	2	0	2930	1466	1464	180	72	111	81	102	113	165	78	95	60	148	55	66	32	49	57	89	90	14	84	151	120	27	163	117	136	15	100	101	115	16	126
chr17	68087653	68087676	24	2	0	24	7	17	0	0	0	0	0	0	1	0	0	2	4	0	0	0	0	0	1	1	0	0	0	2	0	2	0	2	2	0	0	0	2	3
chr17	68087678	68088941	1264	2	0	1264	674	590	79	30	42	42	43	49	72	37	33	25	62	33	38	32	26	30	43	35	6	52	61	38	4	52	48	38	13	47	49	44	7	52
chr17	68088942	68468358	379417	2	0	379417	206455	172962	25700	10330	13870	14806	13608	12847	18097	12072	13076	7798	14944	9642	12323	7534	8741	11066	14000	10166	2650	11693	16200	12565	3751	15736	12125	12568	3444	12603	14299	12953	2589	15619
chr17	68468359	68570358	102000	3	0	102000	58627	43373	7572	2896	4158	4507	3786	3173	4271	3617	3932	1965	3705	2681	3843	2247	2463	3811	3902	2469	611	3299	3956	2961	672	3887	3026	2709	598	2999	3963	3337	571	4411
chr17	68570359	68666358	96000	4	0	96000	56368	39632	7164	2779	4046	4549	3623	2900	3857	3671	3952	1849	3406	2546	3799	2100	2349	3778	3913	2234	459	3022	3620	2441	516	3484	2708	2311	480	2689	3810	3074	407	4462
chr17	68666359	68809358	143000	5	0	143000	83638	59362	10538	4241	5961	6687	5524	4412	5782	5619	5803	2777	5052	3980	5562	3029	3635	5036	5704	3412	739	4602	5637	3766	610	5146	4258	3281	498	4095	5738	4700	587	6587
chr17	68809359	69340358	531000	6	0	531000	335819	195181	46621	16581	22039	31988	21346	13873	17816	21163	22594	8908	14865	14962	26667	13593	14619	28183	22431	10858	2237	17428	16924	9973	1781	15573	13648	8962	1542	12494	21195	14458	1832	23844
chr17	69340359	69388358	48000	7	0	48000	28352	19648	4052	1341	1860	2401	1876	1504	1954	1585	1807	852	1775	1260	1920	1055	1219	1890	1859	1135	207	1551	1811	1128	258	1746	1357	1297	248	1356	1892	1384	263	2155
chr17	69388359	69456358	68000	8	0	68000	40148	27852	5402	1972	2760	3230	2585	2027	2769	2396	2606	1219	2356	1847	2771	1647	1812	2747	2617	1686	338	2224	2504	1588	409	2440	2027	1661	332	1998	2630	2006	357	3035
chr17	69456359	69613358	157000	9	0	157000	93588	63412	12610	4704	6534	7722	6145	4647	6104	5717	6421	2861	5305	4266	6394	3686	4097	6375	6359	3609	858	5072	5620	3722	786	5597	4441	3500	643	4350	6193	4895	745	7020
chr17	69613359	70584358	971000	10	0	971000	604262	366738	82577	29921	40795	55875	39128	26267	33900	38311	41187	17017	29121	27324	46277	23588	26767	46206	40273	20461	4292	31767	32110	19428	3330	29764	25946	17558	2845	24315	39277	27185	3449	44737
chr17	70584359	70734358	150000	9	0	150000	94802	55198	13350	4835	6246	8918	5959	4004	5099	5979	6356	2582	4156	4073	7684	3731	4147	7682	6439	3026	659	5028	4671	2772	538	4301	3930	2543	484	3639	6002	3942	543	6680
chr17	70734359	71303358	569000	10	0	569000	357902	211098	48947	17698	23565	33537	22509	15561	18972	23245	23883	9826	16634	15718	28409	13991	15874	29532	24255	11808	2495	18518	18380	10751	1760	17077	14925	9827	1568	13672	22727	15582	1975	25777
chr17	71303359	71694358	391000	9	0	391000	243722	147278	33071	12143	16413	21638	15635	10829	13551	15369	16335	7023	11750	11145	18224	9442	11040	20114	16457	8369	1682	12929	12885	7779	1253	11831	10336	6885	1059	9558	15706	10715	1398	18434
chr17	71694359	71979358	285000	8	0	285000	172716	112284	22231	8436	11973	15034	11087	8101	10672	11158	11910	5331	9465	7812	12446	6605	7519	12936	11609	6272	1295	9297	10087	6543	1110	9517	7885	5820	892	7437	11436	8621	1083	13378
chr17	71979359	72061358	82000	7	0	82000	48256	33744	6020	2393	3467	3914	3172	2494	3289	3143	3345	1636	2855	2195	3256	1862	2084	3130	3360	2017	434	2574	2986	2231	350	2977	2424	1750	309	2301	3328	2546	313	3843
chr17	72061359	72140358	79000	6	0	79000	43915	35085	5146	2242	3278	3252	3008	2502	3350	2700	3150	1691	2989	1996	2614	1492	1818	2686	3050	1992	556	2328	3159	2803	653	3169	2442	2078	612	2416	2910	2911	483	3522
chr17	72140359	72253358	113000	5	0	113000	62856	50144	7343	3141	4698	4410	4287	3645	4996	4118	4435	2416	4500	3115	3528	2112	2639	3471	4238	2969	622	3486	4849	3708	646	4666	3507	3016	533	3438	4452	4176	595	5243
chr17	72253359	72323358	70000	4	0	70000	38727	31273	4280	1985	2782	2734	2667	2507	3161	2700	2719	1452	2809	1884	2115	1382	1588	1961	2933	1829	390	2174	3043	2348	364	2809	2260	1825	295	2138	2798	2562	285	3219
chr17	72323359	72393358	70000	3	0	70000	36728	33272	3815	1881	2673	2297	2424	2393	3562	2438	2555	1534	3013	1780	1872	1199	1526	1765	2566	1974	434	2033	3275	2863	549	3191	2401	2307	400	2396	2576	2733	419	3154
chr17	72393359	72433080	39722	2	0	39722	20524	19198	2139	1082	1558	1216	1356	1383	2061	1303	1474	902	1786	1001	1025	631	804	802	1416	1164	243	1175	1876	1777	317	1960	1339	1333	183	1251	1471	1656	213	1823
chr17	72433082	72555669	122588	2	0	122588	65780	56808	7618	3229	4654	4335	4288	4449	5838	4302	4432	2578	5072	3112	3497	2303	2597	3475	4772	3442	881	3464	5534	4521	977	5320	4015	3846	840	4001	4556	4542	720	5376
chr17	72555671	72608360	52690	2	0	52690	26872	25818	2847	1321	1948	1602	1696	2040	2670	1696	1851	1245	2278	1265	1324	846	1041	1201	1925	1583	441	1503	2501	2378	562	2449	1736	1834	503	1763	1940	2094	382	2223
chr17	72608361	72725360	117000	1	0	117000	61492	55508	6564	2983	4561	3821	4110	4142	5893	3994	4305	2591	4914	2995	2949	2198	2467	3004	4487	3181	843	3403	5358	4599	990	5265	3914	3912	750	4000	4379	4520	739	5167
chr17	72725361	72835360	110000	2	0	110000	59149	50851	6447	2851	4295	3984	3848	3814	5480	3794	4071	2394	4593	2867	3212	2033	2460	3005	4105	2957	722	3308	4897	3827	746	4861	3698	3477	647	3680	4236	4069	641	4979
chr17	72835361	73016360	181000	3	0	181000	99157	81843	11993	5019	6872	6916	6580	6299	8536	6209	6694	3701	7212	4754	5533	3561	4115	5163	6928	4902	1300	5449	7855	5935	1301	7542	5913	5395	1146	5814	6928	6401	1103	7929
chr17	73016361	73451360	435000	2	0	435000	222439	212561	25695	10786	15333	13730	14391	15785	22977	12887	14200	9257	19446	10423	11258	7849	9075	9346	15051	12543	3322	12761	20610	18523	4791	20396	14711	16749	4142	15634	15668	16505	3115	18039
chr17	73451361	73581360	130000	3	0	130000	62598	67402	5128	2765	4588	3336	3882	5238	7482	4376	4190	3018	6235	3068	2617	1919	2320	2436	4854	3815	973	3298	6684	6753	1275	6987	4919	5366	1058	4907	4521	5765	792	5433
chr17	73581361	73784360	203000	4	0	203000	102264	100736	9521	4749	7422	6228	6543	7458	10917	6928	7097	4562	9295	4817	4759	3328	3917	4721	7486	5680	1473	5458	9521	9363	2053	9977	7425	7644	1599	7286	7414	8227	1299	8831
chr17	73784361	73958360	174000	5	0	174000	90836	83164	9092	4268	6665	6020	5923	6354	9039	5911	6361	3843	7478	4385	4669	2886	3612	4328	6540	4796	1110	4905	8111	7226	1269	8130	5996	5825	1081	6108	6581	6889	946	7651
chr17	73958361	74124360	166000	4	0	166000	83856	82144	8184	3925	6278	4910	5394	6084	9179	5474	5757	3734	7696	4085	3962	2595	3304	3295	5813	4748	1059	4718	8085	7400	1433	8053	6080	6011	1116	6354	6153	6812	976	7331
chr17	74124361	74246360	122000	3	0	122000	60412	61588	6189	2897	4282	3447	3835	4726	6882	3622	4010	2753	5677	2851	2780	1858	2280	2322	4406	3499	936	3393	6001	5827	1302	6136	4425	4796	1080	4495	4233	5145	816	5097
chr17	74246361	74746360	5e+05	2	0	5e+05	248379	251621	25292	11612	17560	14140	16152	19883	27672	15013	16206	11574	23474	11664	10954	7802	9540	9839	18355	14869	3684	13963	24616	22823	5281	25065	17672	19728	4406	18240	18077	20365	3499	20978
chr17	74746361	74855245	108885	1	0	108885	48394	60491	3975	2215	3646	1992	2961	4343	7028	2784	3297	2777	5433	2125	1595	1322	1804	1097	3416	3400	1022	2819	5906	6655	1728	6156	4148	5538	1406	4663	3646	4852	862	4272
chr17	74855247	74855288	42	1	0	42	21	21	2	0	2	0	1	1	2	0	1	4	7	0	0	0	0	0	4	0	1	0	0	1	1	1	0	0	0	0	0	2	0	10
chr17	74855290	74856481	1192	1	0	1192	523	669	32	26	38	14	30	50	87	37	34	28	59	33	14	11	23	6	35	33	9	38	70	76	16	58	51	65	5	59	48	46	6	53
chr17	74856482	74858343	1862	1	0	1862	966	896	102	42	69	57	57	62	85	67	66	45	95	45	45	38	54	35	69	55	11	52	87	82	15	90	54	58	11	61	61	79	11	100
chr17	74858345	74858401	57	1	0	57	20	37	0	3	1	1	4	1	1	0	0	1	3	1	1	2	1	0	1	5	0	1	2	14	1	4	1	1	0	0	2	1	1	1
chr17	74858421	74862370	3950	1	0	3950	1283	2667	61	50	100	34	69	129	228	39	93	119	214	35	22	28	44	18	77	129	43	77	187	433	226	222	138	300	206	166	63	205	73	120
chr17	74862372	74865851	3480	1	0	3480	1395	2085	65	55	112	43	79	144	224	82	88	89	191	63	43	44	51	22	86	132	35	79	213	290	73	226	120	215	39	144	110	165	27	129
chr17	74865853	74865868	16	1	0	16	5	11	0	0	0	0	0	1	1	0	0	0	3	0	0	0	0	0	0	0	0	1	1	0	0	1	0	1	1	1	1	1	1	0
chr17	74865870	74867333	1464	1	0	1464	556	908	43	18	37	11	27	69	114	26	34	37	85	19	6	12	12	4	35	61	17	23	95	114	30	101	63	95	23	75	43	70	14	49
chr17	74867334	74867353	20	1	0	20	4	16	0	0	0	0	0	0	0	0	0	3	1	0	0	0	0	0	0	0	3	0	0	1	3	1	0	4	0	0	0	0	2	0
chr17	74867355	74870538	3184	1	0	3184	1393	1791	85	63	111	51	93	117	210	81	90	94	171	78	43	36	47	22	103	98	26	83	181	221	34	194	112	141	29	136	105	170	31	126
chr17	74870539	74870591	53	1	0	53	27	26	3	1	3	1	1	1	4	1	3	1	3	2	1	1	0	0	2	0	0	2	2	1	0	4	1	1	0	4	2	5	0	1
chr17	74870593	74870635	43	1	0	43	24	19	7	1	3	0	1	0	2	0	1	1	2	0	1	1	0	2	2	0	0	1	1	3	0	4	0	3	0	1	1	2	0	1
chr17	74870637	74870797	161	1	0	161	63	98	2	0	6	2	6	7	9	10	2	4	11	4	0	0	0	0	6	2	1	2	12	14	0	11	9	10	1	8	5	10	0	5
chr17	74870798	74873708	2911	1	0	2911	1255	1656	95	51	114	46	80	113	135	55	89	71	161	68	43	47	51	35	76	92	43	71	147	208	76	159	74	142	61	117	85	148	42	114
chr17	74873709	74879038	5330	1	0	5330	2641	2689	265	127	172	147	169	190	312	160	158	127	251	121	119	94	107	122	174	172	28	164	291	270	46	273	171	215	24	202	194	224	36	203
chr17	74879039	74884715	5677	1	0	5677	2629	3048	210	120	160	133	158	237	356	177	163	142	295	126	93	73	104	80	176	183	61	152	285	283	72	312	241	246	64	247	226	240	55	205
chr17	74884716	74885312	597	1	0	597	296	301	44	22	15	9	24	27	33	9	14	11	35	13	10	10	9	9	12	24	6	28	37	19	8	22	22	24	8	18	22	19	8	24
chr17	74885316	74886372	1057	1	0	1057	517	540	62	22	29	28	27	36	64	30	26	21	50	32	26	26	22	14	29	34	13	29	59	47	11	53	33	47	17	39	36	42	7	44
chr17	74886373	74886456	84	1	0	84	37	47	2	1	0	3	2	8	8	0	2	0	5	2	0	1	0	1	3	2	1	5	5	2	1	4	6	5	0	3	4	3	2	1
chr17	74886460	74887059	600	1	0	600	323	277	53	14	20	18	16	20	32	24	24	20	20	13	11	13	15	9	28	15	4	20	26	25	3	31	21	15	2	10	17	30	3	26
chr17	74887062	74888155	1094	1	0	1094	537	557	62	18	30	26	34	64	62	26	16	23	57	28	25	22	21	22	50	32	7	37	62	46	9	51	33	46	11	48	41	44	5	34
chr17	74888172	74889596	1425	1	0	1425	711	714	85	46	54	39	61	38	78	35	45	30	63	30	33	26	19	28	53	40	15	33	69	71	16	81	52	59	10	46	38	67	9	54
chr17	74889597	74889870	274	1	0	274	128	146	14	6	5	8	9	13	17	6	6	6	18	4	4	3	5	4	7	11	1	9	14	10	4	15	9	15	3	13	15	8	2	8
chr17	74889871	74891112	1242	1	0	1242	596	646	61	25	56	23	42	53	79	29	40	34	57	21	21	21	17	15	38	41	10	44	65	50	10	69	49	52	9	56	51	51	11	40
chr17	74891113	74892218	1106	1	0	1106	533	573	56	19	44	25	26	42	68	26	36	38	50	22	27	14	16	23	36	35	9	33	51	59	15	64	28	44	11	41	46	51	9	40
chr17	74892220	74892234	15	1	0	15	10	5	3	1	0	1	0	1	0	1	0	1	0	0	2	0	0	0	1	1	0	0	0	0	0	0	0	0	0	0	1	0	0	0
chr17	74892236	74892415	180	1	0	180	78	102	3	3	5	1	7	7	13	7	1	6	7	3	1	7	3	3	6	7	1	9	11	8	5	5	12	9	4	7	5	5	0	7
chr17	74892416	74893111	696	1	0	696	259	437	12	9	20	4	13	42	43	16	18	18	39	9	2	5	8	1	17	31	8	18	51	65	17	42	28	40	8	26	18	39	3	24
chr17	74893112	74893123	12	1	0	12	2	10	0	0	0	0	0	0	1	0	0	0	1	0	0	0	0	0	0	0	0	0	0	2	0	1	1	1	2	0	0	1	0	0
chr17	74893124	74893524	401	1	0	401	109	292	0	6	3	0	3	22	22	6	6	11	22	2	0	3	3	0	5	21	10	6	22	33	30	22	20	28	36	16	5	25	6	5
chr17	74893579	74894358	780	1	0	780	269	511	7	9	11	8	11	29	45	13	15	37	52	5	2	9	11	4	19	27	19	19	30	75	35	46	23	48	34	25	26	37	18	29
chr17	74894360	74894375	16	1	0	16	7	9	0	0	0	0	0	0	1	0	1	0	0	0	0	2	2	0	1	1	0	0	0	2	0	1	0	0	0	2	0	1	0	0
chr17	74894377	74895498	1122	1	0	1122	546	576	47	18	44	34	32	43	63	29	37	26	56	32	27	19	19	19	32	34	6	34	53	55	12	66	33	47	13	39	49	50	9	43
chr17	74895501	74895672	172	1	0	172	107	65	32	4	4	10	4	2	6	9	7	0	9	8	5	1	3	1	1	1	1	4	9	3	2	4	4	6	1	5	7	8	0	9
chr17	74895674	74895705	32	1	0	32	14	18	0	0	0	0	0	1	2	0	0	1	4	1	0	0	3	1	1	0	0	1	1	0	0	2	0	2	1	3	1	1	1	3
chr17	74895707	74897343	1637	1	0	1637	823	814	61	41	60	49	56	55	82	51	49	33	91	44	45	28	33	44	48	48	10	51	86	67	14	87	57	59	13	57	54	80	11	71
chr17	74897344	74897566	223	1	0	223	147	76	36	8	8	12	11	7	7	8	9	0	3	7	7	4	4	15	10	1	1	7	7	6	1	1	11	5	1	5	5	4	1	9
chr17	74897576	74898091	516	1	0	516	307	209	40	21	12	24	14	20	23	24	19	5	18	19	24	9	16	19	23	14	0	18	19	16	2	17	15	11	0	12	23	13	2	22
chr17	74898093	74898135	43	1	0	43	19	24	3	1	0	2	3	0	3	1	0	1	3	1	0	0	0	0	0	1	0	1	3	1	0	4	1	6	0	1	4	1	0	0
chr17	74898137	74899143	1007	1	0	1007	442	565	38	24	29	18	36	40	61	19	18	19	58	17	18	18	22	6	31	32	7	31	51	64	16	62	40	63	13	42	34	33	10	35
chr17	74899148	74899381	234	1	0	234	132	102	17	3	15	8	7	8	9	7	6	5	8	6	13	7	6	6	6	7	1	9	13	5	2	9	8	6	1	9	4	10	0	11
chr17	74899383	74899427	45	1	0	45	21	24	0	1	2	0	1	4	2	0	1	1	4	3	1	0	0	1	1	1	1	3	1	0	2	0	1	1	0	2	4	2	1	2
chr17	74899429	74903217	3789	1	0	3789	1741	2048	121	95	107	79	108	169	233	101	112	65	181	96	62	59	85	66	129	129	28	102	232	236	32	212	127	176	35	156	124	171	23	136
chr17	74903220	74905782	2563	1	0	2563	1243	1320	113	73	52	69	74	136	145	106	63	62	127	45	57	34	41	46	113	100	16	75	150	120	23	124	103	101	24	72	94	96	13	94
chr17	74905784	74914601	8818	1	0	8818	4495	4323	399	224	396	250	323	278	438	224	307	229	358	214	241	167	252	194	286	281	53	278	401	375	104	438	290	305	72	331	286	358	67	397
chr17	74914603	74916979	2377	1	0	2377	1000	1377	73	38	60	25	46	114	166	82	61	57	149	42	17	25	33	11	87	74	26	47	139	165	19	146	113	117	30	104	69	113	16	111
chr17	74916981	74916996	16	1	0	16	10	6	0	0	1	0	1	1	0	3	0	0	0	0	0	1	0	1	3	0	0	0	0	0	0	0	2	0	0	0	0	0	0	1
chr17	74916997	74917702	706	1	0	706	284	422	11	12	22	5	19	44	45	22	16	18	29	8	4	10	11	7	37	26	6	16	45	64	7	43	33	38	9	26	15	32	2	22
chr17	74917703	75237915	320213	1	0	320213	156957	163256	18571	7420	10297	8863	10207	12249	17639	8340	9203	7002	15138	7264	7170	5537	6344	5711	10508	9602	2692	9407	15595	14140	4906	15774	11061	14306	4521	12136	11271	12367	2869	12101
chr17	75237930	75616561	378632	1	0	378632	185667	192965	21667	8535	12334	10501	11745	13929	21400	9829	10917	8391	17948	8420	8708	6658	7718	6966	12230	11015	3126	11142	18386	17096	5474	19053	13160	17183	4772	14651	13128	14714	3280	14554
chr17	75616563	75727373	110811	1	0	110811	53110	57701	5402	2601	3711	2766	3434	4238	6679	2981	3249	2523	5149	2302	2395	1752	2064	1863	3751	3337	913	3113	5622	5448	1512	5665	4116	5192	1234	4574	3843	4270	859	4251
chr17	75727374	76405324	677951	1	0	677951	330470	347481	37630	15404	21906	18574	20894	25493	38347	17913	19591	15230	31381	15004	15399	11460	13264	12979	22082	20208	5972	19325	32978	31212	10455	33387	24170	30734	9530	26220	23417	25877	5947	25966
chr17	76405325	76737417	332093	1	0	332093	163260	168833	17836	7786	11264	9186	10487	12921	18570	9062	10219	7559	15214	7408	7530	5558	6236	6424	11637	9783	2803	9601	16104	15349	4572	16198	11685	14147	4132	12420	11614	12944	2777	13065
chr17	76737418	76984417	247000	2	0	247000	123359	123641	13728	5737	8308	7405	7866	9303	13580	7174	7615	5403	11732	5789	5968	4018	4636	5096	8266	7324	1893	6978	12034	11208	2953	12195	8747	10129	2384	8990	8876	9728	1842	10093
chr17	76984418	77460417	476000	1	0	476000	234341	241659	26314	11319	15926	13423	15035	18540	26714	13497	14882	10728	21790	10588	10751	7583	8587	8662	16886	14019	4223	13042	23300	21913	6404	23484	16860	20396	5321	17823	16741	18773	3806	18668
chr17	77460418	77553417	93000	2	0	93000	44459	48541	4188	2039	2924	2491	2709	3990	5353	2893	2761	2166	4164	2367	1984	1306	1475	1649	3206	3019	821	2455	5007	4934	1339	4577	3280	4086	959	3398	3452	3818	703	3485
chr17	77553418	77813417	260000	3	0	260000	131910	128090	13179	6252	9289	8383	8450	9950	13923	8780	9080	5940	11455	6594	6394	3852	4673	5715	9627	7358	2085	6924	12236	11761	2749	12345	9500	9475	2004	8955	9739	10497	1718	11116
chr17	77813418	77925417	112000	2	0	112000	55262	56738	5145	2454	3876	3118	3461	4782	6038	3852	3732	2474	5085	2806	2256	1583	1964	2634	4404	3151	944	2794	5594	5325	1216	5543	4239	4461	957	4013	3896	4741	847	4613
chr17	77925418	77973513	48096	1	0	48096	25490	22606	2961	1321	1862	1708	1662	1660	2273	1472	1767	974	1978	1192	1462	898	1041	1257	1725	1258	398	1472	2033	1755	607	2040	1563	1677	594	1572	1746	1745	351	2070
chr17	77973515	78435400	461886	1	0	461886	227175	234711	25171	10880	15156	13166	14029	17766	26231	12722	14185	10261	20551	10062	10987	7936	9009	9062	15629	13698	4037	13479	22605	21863	6371	22463	16535	20176	5577	17218	15979	17565	3729	17786
chr17	78435401	78577417	142017	1	0	142017	68033	73984	6952	3255	4494	3626	4325	5872	7877	4269	4265	3365	6583	3400	2785	2197	2435	2333	4776	4626	1546	3740	7326	6988	2148	7117	5085	6202	1624	5191	5156	5762	1354	5341
chr17	78577418	78847417	270000	2	0	270000	140958	129042	16707	7031	9571	8862	8824	10257	13827	8364	9219	6011	11334	6268	7420	4967	5539	6756	10241	7577	2443	8005	12060	10119	3127	11799	9178	9635	2757	9268	9793	9775	2065	11199
chr17	78847418	79068417	221000	1	0	221000	105795	115205	10958	4957	7194	5593	6719	8841	12687	6165	6629	5203	10464	4884	4396	3289	3852	3963	7667	6613	2128	5882	11124	11040	3259	11127	8112	9817	2725	8530	7509	9079	1934	8658
chr17	79068418	79169417	101000	2	0	101000	41390	59610	2556	1744	2815	1511	2250	4606	6942	2509	2673	2612	5046	1762	1147	1100	1251	866	3267	3420	1180	2195	5811	7695	2090	6066	4279	5765	1468	4279	2950	4781	848	3514
chr17	79169418	79249417	80000	3	0	80000	36120	43880	3006	1595	2618	1723	2211	3446	4900	2186	2473	1921	3951	1589	1252	1024	1192	1032	2745	2465	779	1997	4333	4804	1330	4278	3146	3806	1016	3246	2519	3671	603	3141
chr17	79249418	79412417	163000	4	0	163000	75889	87111	6480	3490	5323	3721	4551	7080	10025	4945	5164	3971	7984	3499	2820	2072	2459	2303	6086	4937	1568	4023	8458	9078	2166	8475	6519	7044	1603	6536	5538	7118	1205	6757
chr17	79412418	79499135	86718	3	0	86718	39224	47494	2790	1703	2699	1784	2239	3946	5266	2932	2651	2122	4355	1883	1296	1066	1287	1205	3237	2725	879	1994	4757	5219	1157	4849	3599	4011	850	3204	2790	4027	634	3560
chr17	79499136	79499500	365	2	0	365	207	158	3	4	3	18	5	18	1	53	19	0	6	37	1	6	9	24	3	16	1	8	45	9	0	4	6	1	1	0	23	32	0	7
chr17	79499501	79504000	4500	2	0	4500	2229	2271	209	116	155	141	147	172	233	160	156	98	194	108	109	65	69	97	163	136	44	108	233	230	58	228	154	184	30	145	162	198	26	170
chr17	79504001	79509000	5000	2	0	5000	2106	2894	109	78	166	76	119	216	331	147	134	115	266	112	67	47	67	55	148	166	38	104	304	329	92	273	213	281	82	236	148	221	40	218
chr17	79509001	79512467	3467	2	0	3467	1440	2027	57	70	76	47	71	133	215	136	62	92	124	80	60	95	45	75	149	134	51	56	210	286	94	189	128	195	40	137	68	164	47	79
chr17	79512468	79512517	50	3	0	50	21	29	0	0	0	1	0	2	2	4	0	1	1	2	1	4	0	3	3	3	0	1	4	5	2	1	0	3	0	1	0	2	2	0
chr17	79512518	79512629	112	2	0	112	45	67	0	2	0	0	0	5	6	10	0	2	0	5	2	9	0	3	9	8	1	0	11	14	4	2	1	6	1	2	0	3	2	2
chr17	79512630	79512659	30	2	0	30	11	19	0	1	0	0	0	0	1	3	0	0	0	1	1	3	0	0	1	2	1	0	4	3	2	0	0	4	0	0	0	0	1	0
chr17	79512660	79512695	36	2	0	36	14	22	0	1	0	0	0	3	0	1	0	1	0	2	1	4	0	1	2	4	2	0	2	4	3	0	0	0	0	0	0	2	1	0
chr17	79512696	79512709	14	3	0	14	5	9	0	0	0	0	1	0	0	2	0	0	0	0	0	0	0	0	0	0	0	0	3	2	0	0	0	3	0	1	0	0	0	0
chr17	79512710	79512728	19	2	0	19	6	13	0	0	0	0	0	2	0	0	0	1	0	1	0	1	0	1	1	2	0	0	1	3	2	0	0	0	0	0	0	2	0	0
chr17	79512729	79512931	203	2	0	203	73	130	0	3	0	1	0	10	5	16	0	4	0	8	4	15	2	5	8	10	13	0	17	22	14	4	5	18	3	2	0	7	4	1
chr17	79512941	79513028	88	2	0	88	32	56	0	1	0	0	0	4	5	7	0	2	0	3	1	7	0	2	6	7	0	0	10	13	3	2	0	6	0	2	0	3	1	1
chr17	79513029	79513066	38	2	0	38	13	25	0	1	0	0	0	2	1	3	0	1	0	1	1	3	0	0	2	2	1	0	4	5	2	1	0	4	0	0	0	1	1	0
chr17	79513067	79513500	434	2	0	434	197	237	1	7	3	6	5	28	25	48	5	9	0	14	6	24	2	12	38	25	3	3	43	26	5	16	13	29	0	8	12	10	2	4
chr17	79513501	79517567	4067	2	0	4067	1774	2293	111	83	122	65	96	209	257	121	127	95	200	84	47	55	65	36	155	141	52	94	251	241	59	216	162	211	41	163	115	174	46	171
chr17	79517568	79531500	13933	2	0	13933	6388	7545	497	315	427	289	392	657	831	395	421	330	740	290	218	185	204	195	562	425	157	343	679	748	243	749	548	629	140	541	487	617	108	569
chr17	79531501	79533104	1604	2	0	1604	692	912	48	28	52	32	46	68	109	38	48	42	80	37	18	14	21	11	53	44	23	32	81	101	22	108	72	83	21	63	55	84	10	58
chr17	79533105	79544975	11871	3	0	11871	5676	6195	537	294	368	304	359	488	679	361	363	286	564	255	244	176	188	210	463	356	119	306	581	627	183	603	425	503	108	451	418	507	104	439
chr17	79544976	79548638	3663	3	0	3663	1638	2025	149	70	127	64	97	170	226	86	123	87	183	74	40	44	55	41	125	117	40	89	212	213	60	196	133	171	40	162	109	180	34	144
chr17	79548640	79548666	27	3	0	27	11	16	0	0	0	1	1	0	3	1	1	2	0	0	0	0	0	0	2	0	0	0	2	2	0	3	1	2	0	1	0	3	0	0
chr17	79548668	79550377	1710	3	0	1710	803	907	67	34	61	36	52	67	112	61	48	40	76	37	31	24	31	26	64	44	15	42	86	87	17	96	75	86	8	84	66	69	8	58
chr17	79656896	79657745	850	2	0	850	394	456	26	20	35	16	26	36	58	19	34	15	47	20	11	10	16	5	34	24	4	19	44	37	5	58	36	36	2	40	25	48	3	39
chr17	79657752	79660596	2845	2	0	2845	1452	1393	149	63	105	81	87	105	142	89	99	65	169	75	62	40	57	63	111	67	15	79	113	132	21	162	100	90	19	75	99	139	13	157
chr17	79660598	79660621	24	2	0	24	12	12	0	0	1	1	0	2	2	1	2	1	1	0	0	0	0	0	1	1	0	1	2	0	0	0	0	1	0	0	2	0	0	3
chr17	79660623	79662084	1462	2	0	1462	884	578	90	50	59	71	57	60	55	70	68	16	26	50	55	39	46	70	79	36	6	44	61	38	0	41	49	27	1	35	53	39	3	66
chr17	79662086	79662132	47	2	0	47	30	17	7	1	2	1	2	2	2	0	2	0	1	3	1	2	1	2	3	1	0	1	0	1	0	3	0	0	0	2	3	2	0	0
chr17	79662133	79664179	2047	2	0	2047	1093	954	107	64	83	86	80	68	98	60	87	53	69	53	67	35	45	37	81	64	19	56	95	78	20	88	58	58	19	55	72	82	12	96
chr17	79664181	79666241	2061	2	0	2061	1021	1040	130	35	61	66	58	82	114	47	56	44	117	50	49	33	37	41	65	50	18	61	100	79	34	99	64	99	27	76	72	84	19	92
chr17	79666243	79666275	33	2	0	33	17	16	0	1	0	1	0	4	1	0	0	1	2	2	2	1	0	1	4	1	1	0	2	0	0	2	0	0	0	0	0	3	1	1
chr17	79666277	79666638	362	2	0	362	179	183	19	11	11	8	11	17	17	17	8	9	10	4	12	6	9	9	17	13	5	8	24	26	2	14	11	16	0	15	10	11	1	9
chr17	79666639	79666882	244	1	0	244	117	127	13	7	4	7	10	9	12	7	4	4	17	7	4	4	5	3	5	11	1	7	14	7	6	11	9	11	2	10	9	9	3	10
chr17	79666883	79678865	11983	1	0	11983	5554	6429	388	244	389	257	338	553	765	434	383	283	553	247	168	163	175	212	491	354	121	277	640	652	132	634	556	523	82	501	404	529	63	470
chr17	79678867	79678911	45	1	0	45	17	28	0	0	2	0	1	1	2	2	1	1	2	2	0	0	0	2	0	0	1	1	5	5	0	2	2	2	1	3	0	5	0	0
chr17	79678914	79679092	179	1	0	179	67	112	2	2	9	2	8	2	14	4	3	4	8	4	3	0	1	0	0	4	0	4	14	12	4	14	12	15	2	11	2	14	0	3
chr17	79679094	79679125	32	1	0	32	11	21	0	0	1	1	1	1	2	1	1	1	2	0	0	0	0	0	0	0	1	1	2	2	0	1	1	2	3	2	2	2	0	0
chr17	79679127	79679421	295	1	0	295	122	173	5	5	9	5	4	17	17	3	12	8	21	3	3	3	5	1	7	17	3	6	17	17	4	25	8	10	3	11	10	20	4	10
chr17	79679423	79679466	44	1	0	44	16	28	0	1	2	0	2	2	1	0	2	0	5	0	0	0	0	0	0	3	0	0	2	8	0	5	0	1	0	1	3	3	0	1
chr17	79679467	79679703	237	1	0	237	111	126	5	7	9	3	6	12	13	8	8	5	14	3	5	4	6	2	6	7	0	15	8	20	1	14	13	5	1	5	12	10	0	8
chr17	79679708	79683108	3401	1	0	3401	1492	1909	119	77	102	54	82	132	250	94	105	86	185	66	46	29	39	26	109	106	26	83	182	207	46	192	152	172	44	147	115	142	30	154
chr17	79683110	79683132	23	1	0	23	8	15	0	0	0	1	0	0	2	1	1	0	3	0	0	0	0	0	0	0	0	0	1	0	0	3	1	3	0	1	1	2	0	1
chr17	79683134	79683313	180	1	0	180	92	88	22	8	5	0	11	6	10	3	2	5	13	3	1	1	0	0	10	2	2	6	6	3	4	4	8	9	3	8	7	3	3	10
chr17	79683317	79685038	1722	1	0	1722	823	899	95	41	51	48	47	88	98	60	62	46	60	35	31	15	17	29	77	53	23	37	93	96	30	69	70	66	21	59	52	74	16	61
chr17	79685055	79688051	2997	1	0	2997	1336	1661	120	47	96	63	91	120	189	73	78	94	150	68	37	37	42	30	106	89	32	71	172	191	47	176	92	154	24	116	103	151	21	115
chr17	79688055	79688771	717	1	0	717	382	335	56	15	23	26	18	26	36	22	25	11	29	22	21	15	14	22	21	20	8	18	35	19	10	32	20	32	5	27	26	26	9	26
chr17	79688773	79689441	669	1	0	669	325	344	57	12	17	13	20	34	34	13	15	12	40	14	7	12	19	4	17	26	5	22	37	20	11	29	23	31	12	30	24	20	8	29
chr17	79689443	79689477	35	1	0	35	19	16	4	1	0	1	1	3	2	1	1	2	2	0	0	0	0	0	4	1	0	1	1	0	0	2	2	0	0	0	1	2	0	1
chr17	79689479	79689582	104	1	0	104	47	57	2	2	5	2	3	2	6	5	5	3	5	3	1	1	0	2	1	4	1	1	6	7	2	3	3	3	2	6	6	4	1	5
chr17	79689583	79690682	1100	1	0	1100	540	560	54	23	31	37	30	45	61	34	32	37	50	23	29	10	17	26	45	39	5	26	54	61	20	50	35	34	10	37	35	51	11	46
chr17	79690684	79690713	30	1	0	30	9	21	0	1	0	0	0	0	4	0	0	0	3	0	0	0	0	0	0	0	0	1	4	3	0	2	0	4	0	4	0	2	0	0
chr17	79690715	79691168	454	1	0	454	189	265	9	9	11	6	12	33	23	16	10	9	32	7	4	1	6	1	27	12	7	6	23	30	6	33	20	22	2	17	14	27	1	16
chr17	79691169	79691231	63	1	0	63	28	35	0	0	0	1	0	14	0	9	1	0	2	0	0	0	0	0	8	0	5	2	1	0	0	0	11	1	3	0	3	0	0	0
chr17	79691232	79691275	44	1	0	44	22	22	0	0	0	1	0	9	0	9	1	0	0	0	0	2	0	0	8	0	1	0	0	0	0	0	9	0	1	0	1	0	0	0
chr17	79691292	79693099	1808	1	0	1808	811	997	72	38	54	40	50	83	111	62	59	45	73	32	23	16	31	20	73	57	22	31	95	100	28	110	87	97	23	65	52	79	15	63
chr17	79693109	79693290	182	1	0	182	83	99	4	1	4	5	6	5	12	7	4	8	11	8	0	4	0	2	8	6	1	5	11	9	3	7	3	7	4	4	8	8	4	11
chr17	79693292	79693318	27	1	0	27	11	16	1	0	2	0	1	1	1	1	1	1	0	0	0	0	1	1	1	1	0	0	1	3	0	3	1	1	0	1	0	2	0	0
chr17	79693320	79693573	254	1	0	254	96	158	3	2	2	2	1	16	26	9	4	6	11	3	1	4	3	2	16	5	3	5	14	22	3	17	17	17	2	12	5	12	0	7
chr17	79693580	79694197	618	1	0	618	319	299	11	11	17	22	12	40	29	38	24	10	25	18	14	17	11	20	42	14	7	14	16	30	6	26	35	16	3	11	26	18	2	31
chr17	79694199	79694231	33	1	0	33	15	18	0	1	3	0	1	1	0	0	2	2	1	1	1	0	1	0	0	0	3	1	2	1	1	2	0	1	0	0	0	4	0	2
chr17	79694233	79694368	136	1	0	136	56	80	3	1	7	1	4	5	8	6	5	1	10	5	0	0	0	0	5	1	0	1	7	6	1	11	6	8	1	10	5	11	2	3
chr17	79694370	79694431	62	1	0	62	35	27	4	1	3	3	3	1	3	2	1	4	1	1	3	2	3	0	4	2	0	2	3	1	0	2	0	2	0	3	2	1	0	3
chr17	79694433	79696475	2043	1	0	2043	866	1177	43	37	59	32	46	120	140	52	60	39	125	34	22	21	19	16	88	56	32	41	116	114	27	120	96	108	27	93	58	99	11	90
chr17	79696487	79699343	2857	1	0	2857	1286	1571	110	66	99	59	69	125	154	84	95	77	132	48	60	29	46	33	92	104	36	65	148	209	58	138	97	117	35	118	95	124	23	110
chr17	79699428	79700227	800	1	0	800	305	495	3	14	9	7	13	56	61	22	12	39	41	10	5	6	6	1	20	62	7	26	64	74	13	46	26	30	8	15	42	31	0	29
chr17	79700229	79700271	43	1	0	43	11	32	0	0	1	0	0	1	2	1	1	2	2	1	0	0	0	0	0	1	0	1	3	8	3	3	1	3	1	0	0	5	0	1
chr17	79700273	79701206	934	1	0	934	371	563	22	13	32	9	19	44	57	13	25	22	69	15	10	4	9	7	30	32	4	17	41	95	13	88	38	39	8	25	24	70	1	37
chr17	79701207	79701251	45	1	0	45	14	31	0	0	1	0	0	4	2	0	1	1	4	0	0	0	0	0	2	3	0	0	2	8	0	7	1	1	0	0	1	5	0	0
chr17	79701252	79701296	45	1	0	45	13	32	0	0	0	0	0	5	1	0	0	0	7	0	0	0	0	0	1	3	0	0	4	7	0	6	1	0	0	1	0	6	0	1
chr17	79701318	79701495	178	1	0	178	54	124	0	0	3	0	0	17	5	1	3	1	22	0	0	0	1	1	5	13	0	0	12	29	0	27	5	3	0	2	1	23	0	2
chr17	79701556	79701599	44	1	0	44	15	29	0	0	1	0	0	4	2	0	1	0	5	0	0	0	0	0	2	3	0	0	2	5	0	7	2	1	0	1	0	5	0	1
chr17	79701601	79702061	461	1	0	461	166	295	6	3	5	5	4	26	31	10	7	11	34	11	2	4	4	2	18	24	1	1	24	41	8	48	16	27	11	12	14	30	6	13
chr17	79702085	79702979	895	1	0	895	338	557	21	9	22	11	16	44	52	15	24	23	74	9	2	3	8	3	18	29	11	21	50	81	13	81	42	45	13	22	17	70	11	33
chr17	79702981	79702997	17	1	0	17	7	10	0	0	1	0	0	0	1	0	1	0	3	0	0	0	0	0	0	0	0	0	0	1	0	3	0	0	0	0	0	3	0	2
chr17	79702998	79708977	5980	1	0	5980	2392	3588	146	102	170	92	144	244	390	128	147	157	345	95	73	48	54	57	164	199	82	105	344	496	120	408	225	341	96	262	173	332	56	183
chr17	79708979	79709582	604	1	0	604	311	293	54	15	25	14	19	19	29	13	24	15	36	15	10	10	8	4	16	17	4	22	24	19	10	29	18	24	6	13	22	22	12	34
chr17	79709584	79709620	37	1	0	37	15	22	0	0	0	2	0	2	3	2	2	1	2	0	0	0	0	0	1	1	0	1	3	3	0	3	2	2	0	0	2	2	0	1
chr17	79709622	79710166	545	1	0	545	174	371	0	0	1	13	1	38	48	18	12	12	23	5	1	0	1	0	5	34	8	3	45	80	4	47	29	36	4	23	26	26	0	0
chr17	79710211	79712655	2445	1	0	2445	1225	1220	151	67	77	82	99	127	117	64	66	38	95	70	61	37	42	32	101	83	22	63	126	103	36	106	83	117	32	78	97	68	20	83
chr17	79712658	79714987	2330	1	0	2330	1006	1324	104	37	70	45	62	86	140	73	62	64	126	46	27	15	26	22	69	63	33	37	122	172	42	133	89	133	32	100	81	102	23	92
chr17	79714989	79715189	201	1	0	201	78	123	4	5	5	0	8	13	13	4	2	7	9	6	0	1	1	0	8	14	1	3	14	13	4	15	7	11	2	6	9	9	1	4
chr17	79715190	79719466	4277	1	0	4277	1822	2455	161	72	96	70	108	209	286	107	79	109	234	80	51	57	61	41	157	139	50	102	241	275	77	252	173	249	52	186	139	182	43	137
chr17	79719467	79720023	557	1	0	557	275	282	28	6	20	15	13	25	33	26	18	22	20	13	9	3	8	14	24	20	5	7	31	20	3	37	20	21	2	19	23	30	2	18
chr17	79720025	79720130	106	1	0	106	37	69	1	3	1	0	2	2	13	1	2	1	7	1	0	1	1	0	5	0	1	1	5	9	1	9	4	11	0	11	4	4	2	1
chr17	79720132	79720445	314	1	0	314	146	168	5	4	10	14	7	13	16	19	18	5	13	7	3	3	4	4	12	6	1	6	16	27	0	22	8	17	3	6	19	15	0	9
chr17	79720447	79720486	40	1	0	40	17	23	2	0	3	0	1	0	4	1	2	2	1	1	0	0	0	0	0	0	1	1	2	1	0	4	2	2	1	1	2	2	0	2
chr17	79720488	79720728	241	1	0	241	109	132	10	6	8	4	10	11	16	5	7	5	12	8	1	1	1	3	11	9	0	3	17	11	1	17	6	14	2	8	8	13	1	10
chr17	79720729	79722727	1999	1	0	1999	847	1152	40	27	62	46	52	77	125	58	41	60	109	35	42	22	27	23	56	61	19	50	125	155	30	125	78	109	13	84	52	110	20	64
chr17	79722728	79726137	3410	1	0	3410	1772	1638	207	85	89	125	120	164	169	114	93	71	143	75	86	52	58	120	150	91	41	90	153	117	39	144	149	123	49	109	115	121	29	117
chr17	79726142	79727353	1212	1	0	1212	652	560	69	27	54	36	36	47	51	35	34	34	57	39	48	21	29	34	39	37	7	46	51	38	14	53	27	36	7	40	51	45	16	52
chr17	79727358	79727802	445	1	0	445	240	205	38	14	15	17	22	16	28	8	15	9	18	7	8	8	10	6	20	9	3	14	21	11	1	14	17	14	4	27	16	13	4	16
chr17	79727804	79727838	35	1	0	35	20	15	3	2	1	1	1	1	2	0	1	0	3	1	2	0	0	0	0	1	0	2	1	0	1	1	1	1	1	1	2	1	0	2
chr17	79727840	79730416	2577	1	0	2577	1082	1495	69	46	81	48	65	108	156	69	84	63	136	51	26	25	35	20	71	94	33	44	155	166	57	154	110	139	38	99	62	133	28	110
chr17	79730418	79730488	71	1	0	71	32	39	1	0	9	2	3	1	2	2	8	0	2	2	0	0	0	0	0	1	0	0	4	6	0	6	3	3	0	3	1	6	0	4
chr17	79730490	79732131	1642	1	0	1642	640	1002	31	23	36	16	32	76	111	46	28	53	83	24	15	16	12	37	52	66	23	27	110	136	42	107	56	103	21	70	46	90	14	38
chr17	79732158	79734465	2308	1	0	2308	1019	1289	81	43	72	49	67	117	134	52	66	62	97	50	31	28	33	36	81	86	35	48	129	156	42	130	94	107	28	77	65	108	21	81
chr17	79734480	80295456	560977	1	0	560977	263040	297937	27420	12453	17632	14235	16373	23030	31620	15053	16739	13368	25686	11968	11209	7990	9249	9014	19190	17242	6196	14213	27803	30094	10662	27909	20562	26188	8962	21154	18521	22943	5386	20911
chr17	80295457	80498699	203243	1	0	203243	97267	105976	9458	4583	6785	5065	5752	8573	11443	5743	6403	5021	9384	4488	4278	3276	3473	3541	7228	6455	2247	5523	10056	9841	3312	10103	7219	8491	2739	7465	7008	8526	1768	7994
chr17	80498700	80742699	244000	2	0	244000	128719	115281	14802	6373	8683	8518	8007	9809	12256	8145	8509	5224	9875	6033	7058	4544	4851	6030	9819	6662	2324	7145	10751	8672	2635	10272	8610	8217	2371	8162	9038	8779	1738	10086
chr17	80745700	80825699	80000	2	0	80000	41599	38401	4802	2193	2851	2551	2513	3228	4103	2552	2712	1850	3192	1897	2370	1400	1467	1917	3333	2093	953	2292	3418	2975	1063	3345	2797	2797	921	2763	2848	2936	653	3213
chr17	80825700	81426071	600372	1	0	600372	255230	345142	21296	11432	16789	10854	14612	27511	38466	14356	16023	15198	28660	10694	8441	6838	7717	6342	20186	19391	7846	13556	32247	39472	14679	32231	24226	34038	11362	25332	18286	25727	6049	20513
chr17	81432846	81647909	215064	1	0	215064	94840	120224	9229	4290	6056	4208	5608	9348	13370	5252	5465	5163	10279	4438	3482	2787	3253	2610	6788	6948	2440	5412	11528	13048	4642	11400	8295	11910	3800	8667	6967	8712	2188	7479
chr17	81647910	81742019	94110	1	0	94110	39934	54176	3628	1798	2568	1661	2459	4073	6102	2045	2278	2383	4555	1705	1290	1180	1325	883	2790	3157	1204	2283	5101	5748	2318	5159	3866	5573	2050	4005	2922	3848	1048	3103
chr17	81801174	83090298	1289125	1	0	1289125	582876	706249	58310	27919	36872	27887	34030	57822	77228	31639	35522	32558	59632	24854	23126	18266	19382	17828	46006	41018	17180	32361	64310	72431	28216	64924	48678	64597	23775	50186	41726	51836	13361	45643
chr17	83090299	83090380	82	1	0	82	21	61	0	0	0	0	0	16	3	0	0	0	2	0	0	0	0	0	10	5	0	0	7	20	2	3	1	5	2	2	0	2	0	0
chr17	83090507	83091922	1416	1	0	1416	525	891	26	19	36	13	29	71	113	26	28	45	65	13	10	10	10	10	33	59	21	32	86	109	43	88	72	104	25	67	48	53	13	37
chr17	83091939	83092548	610	1	0	610	205	405	11	10	19	6	9	24	35	14	24	9	25	10	2	3	3	0	8	20	9	8	39	69	26	37	23	52	22	23	12	30	11	15
chr17	83092606	83093087	482	1	0	482	176	306	11	9	13	3	17	36	20	9	7	19	26	3	1	0	0	1	15	24	13	12	31	43	18	21	19	30	9	14	17	17	10	12
chr17	83093089	83093236	148	1	0	148	54	94	2	1	5	0	1	9	11	0	5	9	6	2	0	0	2	0	3	6	6	4	6	3	8	8	8	8	5	7	4	8	3	6
chr17	83093238	83093261	24	1	0	24	9	15	0	0	1	0	0	1	2	0	1	0	2	0	0	1	1	0	1	1	0	0	0	0	1	2	2	1	0	2	0	1	1	1
chr17	83093263	83095584	2322	1	0	2322	934	1388	81	51	70	29	54	97	155	52	70	70	98	31	26	20	14	16	76	66	48	48	129	158	73	119	95	146	61	98	58	107	32	72
chr17	83095586	83095608	23	1	0	23	9	14	0	0	2	0	0	0	1	0	2	2	2	0	0	0	0	0	0	1	1	0	0	1	0	2	0	1	0	1	1	1	1	2
chr17	83095610	83096328	719	1	0	719	295	424	10	9	27	10	12	30	45	21	26	25	42	19	8	6	3	1	18	31	8	13	39	61	17	46	22	30	4	22	29	42	5	36
chr17	83096329	83096348	20	1	0	20	8	12	0	2	0	0	0	2	1	0	2	0	1	0	0	0	0	0	1	2	0	0	0	0	2	1	0	1	0	1	2	0	0	0
chr17	83096365	83096469	105	1	0	105	38	67	0	0	0	0	0	17	10	0	0	0	6	0	0	4	0	0	8	9	1	3	3	0	7	5	10	6	0	8	6	0	0	0
chr17	83096479	83097755	1277	1	0	1277	484	793	21	22	25	4	14	97	120	14	31	26	60	15	6	16	9	3	57	72	9	23	65	83	41	80	72	73	10	75	52	40	4	36
chr17	83097756	83100253	2498	1	0	2498	902	1596	43	40	58	27	50	108	176	45	59	69	132	29	16	13	22	13	65	90	28	47	137	255	94	159	108	171	37	116	70	129	23	67
chr17	83100254	83100605	352	1	0	352	138	214	17	8	11	3	7	16	19	7	9	8	13	2	6	2	6	4	11	10	1	12	18	38	17	16	13	27	7	10	7	13	1	11
chr17	83100655	83100684	30	1	0	30	10	20	0	1	1	0	2	1	2	0	0	2	1	0	0	0	0	0	2	2	0	0	2	5	0	2	1	1	0	0	0	2	0	1
chr17	83100685	83100704	20	1	0	20	4	16	0	0	0	0	0	2	0	0	0	1	1	0	0	0	0	0	0	2	1	0	1	4	2	1	0	1	1	0	1	0	0	0
chr17	83100714	83100725	12	1	0	12	3	9	0	0	1	0	1	0	0	0	0	1	0	0	0	0	0	0	1	0	0	0	0	4	1	0	0	0	0	0	0	1	0	0
chr17	83100726	83100753	28	1	0	28	8	20	0	1	0	0	1	3	1	0	0	1	1	0	0	0	0	0	0	3	1	0	3	4	1	2	1	1	0	0	1	1	0	0
chr17	83100754	83100775	22	1	0	22	7	15	0	0	1	0	1	1	1	0	0	2	1	0	0	0	0	0	2	0	0	0	1	5	0	2	0	0	0	0	0	2	0	1
chr17	83100776	83100813	38	1	0	38	10	28	0	0	0	0	0	3	2	0	0	2	2	0	0	0	0	0	1	3	1	0	3	6	2	3	1	2	1	0	1	2	0	1
chr17	83100831	83100850	20	1	0	20	4	16	0	0	0	0	0	2	0	0	0	1	1	0	0	0	0	0	0	2	1	0	1	4	2	1	0	1	1	0	1	0	0	0
chr17	83100851	83101731	881	1	0	881	316	565	6	7	25	2	14	46	77	10	19	36	57	7	1	5	3	1	27	34	10	22	54	62	29	56	45	53	6	46	20	52	9	38
chr17	83101732	83102003	272	1	0	272	92	180	3	0	7	1	2	13	27	0	6	9	21	3	0	0	0	0	4	12	1	4	17	19	8	22	10	22	3	17	11	14	2	12
chr17	83103108	83103386	279	1	0	279	104	175	3	7	8	1	6	7	24	10	7	7	11	5	3	1	2	2	5	11	2	4	22	25	2	22	13	20	4	13	6	14	4	6
chr17	83103387	83103423	37	1	0	37	11	26	0	0	0	0	0	0	1	1	0	2	4	2	0	0	0	0	1	0	1	0	1	6	3	2	0	3	1	0	0	3	1	3
chr17	83103435	83103502	68	1	0	68	16	52	0	0	0	0	0	0	3	0	0	2	7	4	0	0	0	0	1	0	1	0	2	13	4	5	0	7	4	0	0	5	3	5
chr17	83103504	83103516	13	1	0	13	5	8	0	0	0	0	0	0	1	0	0	0	1	2	0	0	0	0	0	0	0	0	1	2	0	1	0	0	0	0	0	1	0	2
chr17	83103517	83103573	57	1	0	57	14	43	0	0	0	0	0	1	1	0	0	2	7	2	0	0	0	0	0	1	2	0	2	8	4	4	0	5	5	0	0	4	2	5
chr17	83103574	83118792	15219	1	0	15219	6389	8830	480	302	423	245	356	679	969	330	418	457	770	285	196	140	162	176	516	474	253	335	769	1054	365	874	577	811	278	594	473	723	212	521
chr17	83127973	83132375	4403	1	7	4396	2160	2236	217	118	138	118	132	179	240	127	141	141	195	90	100	70	71	75	183	142	56	126	187	207	78	198	136	152	53	143	171	167	49	180
chr17	83132377	83134124	1748	1	3	1745	760	985	40	38	57	28	50	83	120	56	52	54	83	33	21	15	15	13	69	47	28	45	93	104	26	78	84	75	23	85	64	74	17	67
chr17	83134126	83134179	54	1	0	54	18	36	0	0	0	0	0	5	4	1	0	4	2	1	0	0	0	0	3	2	3	1	2	3	3	1	3	3	2	2	2	1	2	2
chr17	83134181	83203730	69550	1	0	69550	33366	36184	3137	1602	2260	1862	2011	2948	4073	2025	2189	1766	3064	1386	1524	1011	1044	1463	2826	2058	695	1748	3239	3863	1095	3422	2522	2995	738	2576	2470	2703	538	2695
chr18	24500	326499	302000	4	0	302000	176528	125472	23670	8968	11424	14406	11180	9699	12737	10439	10854	5670	10258	7913	12764	7044	7733	11768	12279	7442	1721	9939	11147	8113	2013	10920	8842	7909	1843	8608	11787	8730	1493	12685
chr18	326500	428499	102000	5	0	102000	57721	44279	6880	2983	4158	4307	3762	3310	4652	3741	4102	2119	3596	2733	3584	2184	2477	3131	4143	2549	612	3293	4099	3004	634	3993	3186	2665	489	3062	4038	3512	465	4535
chr18	428500	764213	335714	4	0	335714	191787	143927	25171	9417	12788	15277	12245	10761	14551	11391	12435	6511	12542	8651	12802	7482	8033	11729	12790	8418	2107	10857	13265	9319	2610	12693	9865	9342	2454	10067	13028	10809	2005	14297
chr18	764214	837353	73140	4	0	73140	43012	30128	5968	2191	2753	3540	2706	2234	2968	2404	2626	1306	2604	1791	3151	1849	1959	2961	2836	1805	431	2508	2640	1733	580	2660	2032	1973	494	2109	2804	2102	413	3007
chr18	837354	837416	63	7	0	63	20	43	1	0	1	1	1	4	2	1	0	0	3	3	1	1	0	0	1	2	1	1	4	4	5	3	1	7	5	2	2	3	1	0
chr18	837417	945498	108082	4	0	108082	61969	46113	7729	3177	4149	5026	4057	3350	4638	3716	4126	2036	3943	2818	4169	2388	2783	3864	4089	2686	609	3567	4259	2994	769	4046	3242	2936	758	3234	4170	3452	634	4666
chr18	945499	1048498	103000	5	0	103000	61203	41797	7701	3151	4194	5164	4087	3051	4185	4007	4360	1940	3365	2878	4062	2227	2760	4071	4295	2422	443	3209	3942	2502	387	3594	2992	2187	316	2963	4100	3313	392	4738
chr18	1048499	1467498	419000	6	0	419000	265342	153658	36824	13202	17563	25274	17281	10868	14234	16436	17963	7331	11621	11865	20795	10545	11977	21563	17869	8688	1506	13883	13474	7867	1122	12102	10784	6695	962	9925	16692	11316	1286	19485
chr18	1467499	1721498	254000	7	0	254000	162928	91072	22177	8039	10431	16061	10455	6456	8258	10238	10833	4344	6918	7068	13243	6561	7195	14649	10990	4923	1012	8475	7657	4481	681	6948	6340	3839	651	5912	10420	6524	752	11467
chr18	1721499	1748498	27000	8	0	27000	17437	9563	2570	845	1136	1751	1092	607	854	1084	1164	436	811	732	1475	666	790	1423	1069	525	78	882	794	487	59	727	705	403	47	643	1068	652	84	1339
chr18	1748499	2021498	273000	7	0	273000	173018	99982	23452	8526	11477	16344	10961	7168	9288	10990	11571	4697	7464	7674	13815	7018	7587	14986	11849	5539	989	9032	8558	5086	828	7887	7088	4514	675	6529	10910	7220	908	12368
chr18	2021499	2138498	117000	6	0	117000	73471	43529	10195	3494	5068	6862	4641	2903	3980	4546	5027	2022	3601	3453	5756	2858	3286	5777	4620	2419	496	3742	3682	2272	381	3608	2939	1999	324	2944	4830	3253	379	5641
chr18	2138499	2156045	17547	5	0	17547	10764	6783	1345	556	734	1007	742	458	666	678	730	318	557	477	825	411	480	780	740	335	74	593	586	369	48	576	483	351	45	499	734	524	55	769
chr18	2156047	2271120	115074	5	0	115074	70917	44157	9670	3577	4943	6329	4574	3106	4249	4494	5017	2095	3520	3292	5258	2664	3149	4979	4649	2494	488	3811	3851	2435	388	3614	3203	2074	308	2917	4721	3285	400	5518
chr18	2271122	2365500	94379	5	0	94379	58165	36214	7924	2959	3937	5260	3898	2607	3437	3619	4029	1681	2819	2587	4229	2261	2558	4358	3948	2078	411	3071	3182	1930	357	3007	2616	1758	305	2435	3815	2710	353	4238
chr18	2365501	2583500	218000	4	0	218000	134846	83154	18956	6702	9135	12169	8657	5946	7776	8152	9057	3738	6826	6080	10292	5201	6068	10089	8748	4764	882	7193	7272	4412	834	7050	5806	4264	718	5508	8705	6128	816	10054
chr18	2583501	2678027	94527	3	0	94527	56978	37549	8110	2845	3634	4885	3512	2789	3562	3423	3604	1627	3029	2518	4248	2412	2618	4162	3732	2171	518	3251	3372	2070	612	3127	2569	2280	602	2465	3612	2660	506	4000
chr18	2678029	3509501	831473	3	0	831473	486884	344589	67024	24591	32766	39771	31427	25270	34197	28363	31793	15517	28910	21651	33907	19357	21047	31291	32722	19599	5011	27403	30686	21422	5860	29827	23479	21456	5124	24129	32370	25318	4621	35562
chr18	3509502	3611387	101886	4	0	101886	58007	43879	8071	2876	3856	4383	3736	3390	4438	3165	3743	1990	3921	2636	3636	2111	2517	3538	3836	2536	673	3322	4043	2729	828	3954	2969	2976	710	3011	3881	3313	651	4445
chr18	3611388	3644294	32907	4	0	32907	18306	14601	2446	835	1213	1407	1239	1101	1481	1034	1116	660	1301	850	1100	693	801	1027	1213	808	209	1059	1329	958	306	1364	1012	1097	273	1046	1301	1094	204	1328
chr18	3644295	3687499	43205	4	0	43205	24581	18624	3212	1239	1697	1892	1639	1425	1877	1429	1621	805	1675	1137	1568	900	1049	1415	1654	1041	257	1417	1686	1141	335	1641	1328	1247	290	1348	1702	1374	270	1892
chr18	3687500	3792499	105000	5	0	105000	61896	43104	8274	3030	4306	5123	4054	3304	4232	3808	4264	1972	3488	2892	4141	2326	2665	4016	4141	2577	570	3344	4042	2596	559	3718	3102	2440	488	2910	4113	3302	483	4718
chr18	3792500	3909499	117000	6	0	117000	69903	47097	9022	3324	5011	5970	4378	3473	4520	4406	4853	2163	3902	3269	5074	2736	3142	4659	4635	2574	663	3824	4088	2743	545	4129	3398	2560	495	3255	4656	3628	537	5366
chr18	3909500	4013499	104000	7	0	104000	62448	41552	8221	3097	4304	5356	3933	3055	4090	3911	4299	1961	3389	2805	4524	2403	2813	4286	4192	2362	499	3463	3652	2479	461	3609	2987	2182	365	2846	4158	3178	441	4677
chr18	4013500	4137499	124000	8	0	124000	76143	47857	10182	3737	5373	6699	4809	3476	4543	4769	5242	2279	3705	3462	5758	2961	3446	5700	5146	2677	529	4101	4113	2688	469	4086	3401	2400	382	3177	4937	3591	456	5704
chr18	4137500	4354499	217000	9	0	217000	136743	80257	18834	6668	9056	12955	8552	5931	7415	8690	9349	3784	6235	6170	10778	5543	6018	10763	9221	4376	960	7369	6673	3945	784	6399	5729	3565	604	5094	8966	5915	794	9863
chr18	4354500	4642063	287564	10	0	287564	181567	105997	25191	8991	11965	17148	11532	7793	9654	11601	12220	4843	7973	8411	14351	7147	8104	14642	12149	5886	1166	9573	9181	5182	1029	8265	7535	4880	903	6800	11715	7709	966	13057
chr18	4642064	4667538	25475	10	0	25475	16471	9004	2339	778	1096	1635	1108	698	769	1066	1114	419	667	706	1285	661	691	1437	1154	477	62	863	763	421	55	685	649	369	36	564	1075	657	63	1111
chr18	4667540	4738357	70818	10	0	70818	43841	26977	5840	2247	3038	3909	2956	1812	2557	2685	3075	1326	2074	1989	3163	1713	2125	3331	2940	1568	259	2331	2418	1434	201	2284	1844	1238	154	1842	2809	2097	220	3337
chr18	4738359	6422500	1684142	10	0	1684142	1018108	666034	132968	50783	70338	88235	65634	48711	65135	64951	70400	31421	53041	45821	73323	39335	45045	72965	69962	37155	7694	55439	58624	38841	7030	56040	48565	34180	6368	45453	67281	50359	6416	76627
chr18	6422501	6469500	47000	9	0	47000	28909	18091	3989	1463	1933	2598	1817	1341	1750	1747	1983	794	1514	1242	2193	1139	1275	2129	1996	985	199	1557	1602	948	169	1516	1200	949	165	1272	1857	1353	195	2128
chr18	6469501	7169666	700166	10	0	700166	412569	287597	54050	20689	27917	34659	26537	21220	28905	25587	27946	13443	23914	18722	28783	15513	17746	26936	28034	16114	3922	22795	25797	17406	4030	24729	20666	16613	3527	19938	27752	21829	3425	31020
chr18	7169668	7957501	787834	10	0	787834	459699	328135	58494	22868	31333	37705	29472	24656	33506	28988	30975	15148	27270	21121	31459	17334	20007	29362	31895	18533	4196	25382	29756	20785	4399	28608	23860	19195	3682	23329	31112	25034	3571	34797
chr18	7957502	8049501	92000	9	0	92000	56615	35385	7382	2833	3725	4931	3524	2767	3508	3604	3718	1680	2687	2517	4247	2356	2462	4673	4051	2031	457	3097	3039	1874	308	3004	2572	1743	288	2318	3741	2577	321	3963
chr18	8049502	8150501	101000	10	0	101000	62493	38507	8308	3227	4212	5608	4018	2724	3739	4008	4378	1842	3013	2804	4651	2518	2815	4628	4274	2093	471	3472	3234	2011	335	3191	2699	1785	292	2612	4282	2882	368	4504
chr18	8150502	8310501	160000	9	0	160000	95254	64746	12264	4873	6551	7918	5908	4936	6639	6109	6521	3039	5332	4129	6913	3643	4102	6375	6660	3646	854	5331	5689	3772	684	5527	4822	3504	641	4595	6421	4750	679	7171
chr18	8310502	8440501	130000	8	0	130000	72040	57960	8166	3661	5156	5291	4549	4433	6260	4633	5129	2725	4834	3252	4431	2614	3005	3900	5180	3307	812	4134	5252	4169	936	5297	4380	3621	755	4176	5063	4556	673	5648
chr18	8440502	8520501	80000	7	0	80000	44188	35812	5131	2199	3107	3128	2823	2784	3822	2862	3059	1714	3204	2112	2552	1497	1851	2342	3110	2133	500	2451	3369	2606	468	3361	2560	2226	353	2585	3252	2840	409	3588
chr18	8520502	8618501	98000	6	0	98000	55424	42576	7030	2783	3878	4196	3741	3258	4459	3335	3703	1956	3549	2561	3414	2030	2300	3230	3903	2443	563	3118	3928	2822	675	3830	3193	2740	600	2991	3769	3251	502	4247
chr18	8618502	8847501	229000	5	0	229000	126989	102011	15618	6560	8960	9226	8234	7840	10659	7761	8537	4846	8506	5518	7975	4551	5069	7129	9142	5788	1686	7180	9013	7236	2069	9054	7564	6697	1778	7395	8775	7650	1417	9565
chr18	8847502	8977501	130000	4	0	130000	74254	55746	8984	3787	5323	5640	5065	4113	5804	4574	5045	2776	4728	3391	4638	2656	3297	4431	5191	3301	637	4203	5190	3722	665	5075	4008	3308	552	3954	5167	4321	532	5920
chr18	8977502	9116501	139000	3	0	139000	79672	59328	10403	3856	5472	6194	5096	4513	5990	4751	5157	2684	5136	3593	5268	3095	3575	4888	5341	3470	813	4524	5469	3903	859	5386	4221	3802	778	4191	5319	4441	738	6072
chr18	9116502	9311501	195000	2	0	195000	121168	73832	17761	6195	7907	10900	7616	5298	7191	6875	7754	3325	5651	5367	9632	5237	5503	8954	8061	4228	967	6799	6468	3780	878	5909	4931	3842	854	5017	7521	5185	865	8527
chr18	9311502	9371501	60000	3	0	60000	36372	23628	5022	1873	2304	3258	2395	1667	2264	2166	2240	989	1949	1596	2799	1499	1652	2698	2388	1343	262	2035	2134	1374	313	1981	1661	1370	332	1660	2309	1715	257	2493
chr18	9371502	9667862	296361	2	0	296361	174235	122126	23823	8817	11542	14424	11282	9013	12401	10077	11142	5481	10177	7679	12360	6872	7580	11564	11827	6792	1734	9830	10899	7314	1950	10492	8608	7715	1817	8668	11439	8835	1495	12710
chr18	9667864	9697502	29639	2	0	29639	17042	12597	2233	866	1094	1322	1102	955	1345	1036	1072	621	1113	742	1108	642	736	1054	1206	774	145	959	1197	718	198	1119	887	812	146	887	1147	928	149	1324
chr18	9697503	9931502	234000	1	0	234000	132906	101094	16758	6761	8995	10216	8480	7714	10325	8508	8913	4790	8346	6073	8579	5082	5590	7775	9443	5757	1553	7594	9166	6840	1748	8938	7252	6244	1485	6951	9166	7851	1332	9773
chr18	9931503	9999502	68000	2	0	68000	40163	27837	5308	2069	2807	3371	2587	2129	2767	2490	2713	1321	2097	1680	2948	1631	1641	2602	2916	1629	395	2210	2492	1848	405	2373	1952	1570	336	1900	2613	2071	298	2829
chr18	12700501	13063500	363000	2	0	363000	207623	155377	27606	10397	13830	16347	13309	11767	15621	11906	13006	7075	12981	9163	14259	8414	9027	12914	14073	9047	2469	12063	14034	10004	3202	13296	10763	10352	2981	10866	13733	11133	2126	15234
chr18	13063501	13368500	305000	3	0	305000	169520	135480	21063	8667	11531	12502	10989	10616	14326	10788	11394	6415	10980	7684	10318	6099	6862	9284	12555	7610	2256	9376	12454	9483	2577	11712	10167	8769	2263	9785	11543	10364	1740	12826
chr18	13368501	13791500	423000	4	0	423000	234335	188665	28057	11903	16456	17083	14515	14884	20306	14735	15985	8960	15381	10424	14941	8298	9519	12886	17228	10436	3043	13338	17074	13575	3419	16869	14015	12439	2853	13625	16123	14487	2311	17830
chr18	13791501	14131500	340000	5	0	340000	198715	141285	25334	10119	13577	16315	13416	10702	14420	12629	13680	6749	11419	9128	12915	7234	8195	12882	14237	8222	1728	10617	13186	9122	1799	11803	10390	7905	1511	9788	13355	10661	1558	15402
chr18	14131501	14162500	31000	6	0	31000	16635	14365	2018	744	1078	1225	1026	1070	1625	973	1011	684	1220	722	1010	594	636	998	1166	813	209	904	1306	1226	288	1356	1033	1103	270	1052	1188	1034	169	1247
chr18	14271501	14364500	93000	6	0	93000	50404	42596	5527	2365	3928	3522	3404	3252	4643	3594	3774	1904	3412	2297	2636	1842	1896	2406	3667	2602	335	2759	4419	3726	400	4015	3087	2797	246	3156	3720	3435	283	3949
chr18	14364501	14459500	95000	5	0	95000	54684	40316	6858	2701	3823	4511	3522	2817	4126	3479	3858	1914	3247	2490	3655	1955	2278	3450	3762	2243	484	2897	3556	2721	771	3532	2917	2525	641	2757	3709	3091	420	4288
chr18	14459501	14746500	287000	6	0	287000	177228	109772	24471	8597	11150	16177	11126	8340	10694	11129	11267	4941	8441	7742	13531	7232	7783	14606	12252	6291	1225	9342	9801	5894	1215	8974	8088	5815	1083	7400	11149	7884	1007	12351
chr18	14746501	14890500	144000	5	0	144000	89055	54945	12519	4351	5658	8377	5431	4002	5120	5567	5902	2475	4447	3864	7053	3502	3866	6919	5889	3112	723	4606	4611	3088	744	4494	3897	2898	739	3456	5723	3839	590	6536
chr18	14890501	15089500	199000	6	0	199000	114950	84050	13688	5402	7728	9662	7233	6409	8832	7378	7681	3941	6776	5198	7877	4244	4849	8050	8240	4614	959	6183	7623	6006	1080	7555	6202	5253	943	5796	7788	6391	766	8651
chr18	15089501	15139500	50000	7	0	50000	32460	17540	4722	1508	2028	3412	2077	1251	1563	1998	2165	829	1366	1374	2707	1261	1320	2878	2068	971	185	1625	1558	777	139	1314	1206	758	119	1085	2056	1282	143	2253
chr18	15271501	15293500	22000	8	0	22000	14314	7686	2283	693	888	1458	936	595	715	919	875	357	513	558	1228	590	572	1132	1029	449	57	700	676	356	45	573	585	377	35	501	875	468	45	915
chr18	20973539	20986538	13000	4	0	13000	8080	4920	1101	380	530	769	503	344	462	444	538	215	397	367	639	362	402	625	494	274	65	468	428	233	66	405	314	271	59	326	517	354	54	592
chr18	20986539	21014538	28000	3	0	28000	17655	10345	2733	894	1157	1588	1105	712	1038	975	1103	491	822	758	1431	765	794	1288	1191	617	93	961	893	463	103	846	675	516	92	720	1071	709	110	1284
chr18	21014539	21144846	130308	2	0	130308	81089	49219	12053	4081	5044	7438	4967	3534	4632	4679	5009	2177	3913	3462	6586	3435	3648	6429	5361	2808	601	4458	4242	2616	751	3985	3254	2699	625	3258	4955	3471	599	5536
chr18	21144847	21145040	194	6	0	194	92	102	36	1	1	4	3	5	9	1	2	4	12	2	1	4	4	1	3	2	3	6	6	9	9	6	5	12	11	10	4	7	5	4
chr18	21145041	21696538	551498	2	0	551498	324318	227180	46759	15944	20442	27035	20548	16859	23023	18122	19678	9887	19710	14719	23196	12999	14585	20810	20986	13252	2875	18576	20744	13237	3692	20150	15347	15005	3439	15883	21475	16329	3038	23152
chr18	21696539	21972538	276000	3	0	276000	165200	110800	23500	8342	10665	14150	10728	8073	11033	9534	10304	5000	9156	7219	12125	6628	7219	11523	10937	6549	1366	9191	10036	6512	1590	9460	7737	6571	1486	7685	10658	7966	1318	11737
chr18	21972539	22194333	221795	4	0	221795	122695	99100	16066	5917	8561	9112	8155	7356	10052	6860	7965	4371	8986	5528	7471	4394	5143	6756	8027	5676	1405	6930	9341	7040	1945	9171	6789	7157	1750	7018	8266	7624	1338	9623
chr18	22194334	22194345	12	4	0	12	3	9	0	0	0	0	0	1	0	0	0	0	1	0	0	0	0	0	0	1	0	0	1	2	0	1	1	1	0	0	0	1	0	0
chr18	22194347	22200565	6219	4	0	6219	3440	2779	450	180	257	254	239	219	297	190	228	114	238	152	224	104	125	167	240	146	38	193	248	184	40	279	217	216	43	202	240	205	45	243
chr18	22200566	22211536	10971	4	0	10971	6480	4491	901	292	531	513	414	323	425	379	513	209	401	255	409	230	226	459	410	236	51	357	391	292	65	383	333	248	68	277	407	353	52	566
chr18	22234537	22372536	138000	4	0	138000	78767	59233	9362	3856	5595	6191	5156	4389	5891	5118	5569	2700	5293	3690	4918	2902	3289	4847	5510	3279	779	4279	5416	4102	792	5439	4116	3525	668	4075	5512	4842	623	6275
chr18	22372537	22383536	11000	5	0	11000	6815	4185	894	352	476	593	436	308	395	455	468	179	334	316	517	261	291	538	451	241	42	366	378	215	27	350	302	205	23	288	464	309	32	492
chr18	22383537	22529536	146000	4	0	146000	87256	58744	11201	4384	6149	7276	5747	4386	5721	5761	6038	2811	4814	3963	6025	3283	3718	5978	6116	3307	667	4774	5325	3743	583	4944	4258	2987	392	4021	5915	4558	490	6663
chr18	22536537	22756536	220000	4	0	220000	133583	86417	17689	6795	9214	11583	8738	6155	8234	8574	9366	4000	6729	6177	9489	4990	5933	9916	8888	5007	937	7108	7960	5187	845	7264	6058	4342	788	5760	8795	6721	778	9978
chr18	22756537	22808536	52000	3	0	52000	31913	20087	4269	1652	2121	2836	2081	1468	1905	1978	2159	930	1591	1510	2368	1186	1471	2386	2185	1165	191	1695	1849	1158	164	1726	1338	997	148	1281	2060	1577	167	2386
chr18	22821537	22889536	68000	3	0	68000	42608	25392	5896	2135	2929	3895	2689	1779	2356	2538	2976	1188	1950	1980	3294	1669	2044	3288	2726	1483	244	2318	2241	1308	213	2161	1686	1166	148	1604	2709	1966	223	3196
chr18	22889537	23059505	169969	2	0	169969	103728	66241	14861	5114	6717	9176	6431	4801	6541	5826	6352	3016	5479	4559	8223	4446	4838	7347	6722	3805	864	5986	5782	3569	843	5563	4450	3781	823	4646	6644	4602	780	7380
chr18	23059506	23094535	35030	2	0	35030	19236	15794	2558	939	1282	1380	1224	1229	1637	1056	1280	717	1519	857	1097	649	799	1013	1225	953	264	1092	1504	1057	317	1469	1059	1103	247	1129	1357	1233	236	1547
chr18	23094536	23183535	89000	1	0	89000	46789	42211	5721	2400	3168	3065	3118	3204	4425	2709	2939	1857	3701	2142	2576	1691	1953	2118	3257	2503	718	2674	3958	3191	1054	3939	2976	3250	912	3140	3265	3198	682	3494
chr18	23183536	23480535	297000	2	0	297000	162932	134068	19866	8043	11407	11714	10646	10196	14213	9867	10843	6010	11765	7374	9673	5870	6978	8465	11246	7652	1863	9358	12748	9604	2193	12606	9667	9484	1929	9726	11261	10411	1647	12673
chr18	23480536	23576535	96000	1	0	96000	53515	42485	7203	2789	3631	3816	3486	3289	4559	3089	3425	1970	3559	2311	3325	2080	2221	2760	3811	2512	653	3153	3929	2733	800	3817	3047	2976	735	3054	3637	3058	624	3946
chr18	23576536	24041535	465000	2	0	465000	264984	200016	32766	12944	18313	20751	17042	15011	20522	16598	17400	9082	17127	11983	17566	10160	11580	16138	18134	11457	2513	15092	18683	13521	2813	18064	14504	12764	2594	14284	17853	15339	2298	20102
chr18	24041536	24274535	233000	3	0	233000	137613	95387	18685	7082	9085	11211	8655	7319	9634	8347	8927	4372	7832	6062	9796	5519	6064	9021	9595	5516	1409	7772	8364	5630	1329	8317	6934	5509	1225	6594	9063	6985	1213	9932
chr18	24274536	24563535	289000	4	0	289000	169609	119391	22949	8351	11149	13919	10969	8815	12096	10299	10832	5408	10194	7761	11618	6579	7347	11322	11284	7016	1401	9452	11090	7286	1585	10583	8308	7497	1483	8210	11497	8744	1413	12541
chr18	24563536	24640535	77000	5	0	77000	45060	31940	5471	2239	3199	3669	2938	2307	3182	2982	3186	1528	2672	2067	2984	1730	2021	2883	3185	1852	372	2395	2912	2111	336	2826	2245	1742	275	2236	3067	2480	289	3617
chr18	24640536	24736535	96000	6	0	96000	57082	38918	7147	2899	4015	4877	3902	2824	3916	3645	4008	1827	3266	2624	3882	2128	2407	3713	4029	2136	400	3113	3567	2405	328	3347	2836	2018	315	2699	3855	3088	337	4445
chr18	24736536	24820535	84000	7	0	84000	49541	34459	5873	2395	3594	4111	3268	2436	3488	3249	3507	1689	2836	2346	3325	1861	2178	3384	3429	1964	334	2654	3207	2234	276	3130	2437	1900	195	2320	3368	2749	268	3993
chr18	24820536	24891535	71000	8	0	71000	41204	29796	4699	2056	3101	3275	2732	2189	2935	2660	2963	1400	2620	1928	2737	1507	1868	2533	2861	1627	357	2307	2613	1931	291	2741	2156	1690	241	2069	2886	2328	291	3406
chr18	24953536	25005535	52000	8	0	52000	30716	21284	3741	1473	2287	2523	1993	1547	2098	1983	2210	1009	1811	1411	2080	1112	1347	2091	2091	1186	197	1667	1993	1343	180	1896	1511	1180	141	1457	2026	1703	188	2523
chr18	25005536	25169535	164000	9	0	164000	98870	65130	12909	4907	6894	8532	6300	4862	6486	6157	6820	3007	5229	4453	7213	3844	4303	6954	6941	3533	802	5343	5643	3843	680	5528	4814	3422	568	4502	6407	4896	668	7538
chr18	25169536	25267535	98000	10	0	98000	61508	36492	8565	3073	4154	5721	3719	2656	3499	3845	4145	1733	2823	2612	5083	2536	2662	4680	4095	1978	514	3411	2909	1834	343	2961	2697	1621	317	2499	4018	2614	414	4267
chr18	25267536	25331535	64000	9	0	64000	39633	24367	5576	1968	2837	3511	2579	1846	2310	2418	2734	1119	1832	1709	3003	1656	1687	2848	2750	1367	283	2189	2086	1292	218	1959	1811	1142	247	1627	2506	1755	242	2891
chr18	25331536	25501535	170000	10	0	170000	102612	67388	13711	5148	7206	8922	6596	4830	6372	6379	7200	3109	5430	4578	7480	3866	4531	7253	6862	3766	832	5494	5836	4124	866	5741	4783	3495	747	4525	6696	5182	659	7779
chr18	25501536	25689535	188000	9	0	188000	115569	72431	15301	5724	7857	10320	7782	5393	6875	7449	7741	3417	5633	5220	8378	4524	5102	8851	8084	4084	756	6135	6555	4000	535	5995	5357	3543	457	4919	7503	5458	632	8418
chr18	25689536	25713535	24000	10	0	24000	14433	9567	1771	697	1019	1236	908	722	956	962	1012	433	742	692	1032	598	636	1016	1014	562	103	771	862	571	82	828	706	466	51	671	966	744	86	1083
chr18	25713536	25896535	183000	9	0	183000	109963	73037	14081	5450	7518	9605	7453	5210	7164	7014	7595	3399	5990	5188	7525	4133	4948	7689	7567	4014	765	5845	6634	4424	675	6184	5247	3824	557	5128	7393	5655	661	8463
chr18	25896536	26022535	126000	8	0	126000	76526	49474	10410	3879	5251	6706	4999	3538	4776	4563	5112	2257	4175	3219	5726	2957	3301	5656	5104	2821	554	4152	4486	2890	499	4239	3481	2666	422	3397	4805	3737	505	5715
chr18	26022536	26364535	342000	7	0	342000	210796	131204	30940	10779	13591	18632	13650	9365	12815	12158	13078	5965	10279	9193	16274	8790	9409	15876	13995	7564	1557	11783	11618	6999	1531	10956	9113	7256	1451	8866	13262	9285	1479	14489
chr18	26364536	26761535	397000	6	0	397000	231271	165729	29918	11621	16359	18738	14985	12217	16573	14161	15888	7536	13945	10403	15846	8666	10118	14296	15704	9415	2046	12875	14862	10894	2176	14860	11834	9815	1963	11512	15536	12668	1821	17747
chr18	26761536	26877535	116000	7	0	116000	69830	46170	9420	3450	4886	6088	4561	3439	4383	4418	4815	2158	3792	3132	5047	2611	3062	4566	4718	2710	539	3691	4135	2827	466	3977	3310	2347	414	3139	4639	3521	421	5316
chr18	26877536	26999535	122000	8	0	122000	73311	48689	9107	3509	5119	6386	4723	3626	4614	4739	5065	2300	3982	3446	5226	2870	3179	5419	5023	2724	516	4042	4403	3207	435	4219	3453	2376	395	3101	4823	3957	482	5532
chr18	26999536	27124535	125000	9	0	125000	77939	47061	10320	3835	5286	7150	5010	3513	4319	5075	5293	2203	3679	3517	5968	3007	3596	6167	5274	2624	444	4216	4110	2502	312	3926	3425	2185	298	3052	5108	3540	358	5686
chr18	27124536	28212535	1088000	10	0	1088000	680445	407555	92833	33904	45850	62767	42995	29065	38347	42977	45846	19146	31677	30357	53680	26884	30587	53529	45436	22691	4325	36547	34718	21388	3600	33209	29019	19080	3155	27360	44210	29756	3714	49346
chr18	28212536	28226535	14000	9	0	14000	9000	5000	1232	484	569	917	606	363	423	656	607	220	295	438	757	350	384	697	644	306	44	423	488	259	24	374	353	212	24	289	563	368	44	585
chr18	28226536	28828241	601706	10	0	601706	383993	217713	53489	18764	25422	37331	24596	15302	19881	24066	25828	10363	16695	16941	31094	14962	17116	32142	25634	11881	2129	19746	18360	10675	1564	17314	15391	9541	1358	14292	24460	15816	1789	27762
chr18	28828242	28979831	151590	10	0	151590	98125	53465	14092	4653	6335	9807	6149	3690	4688	6278	6515	2436	4115	4342	8132	3852	4441	8599	6347	2864	506	4914	4510	2508	303	4267	3810	2257	270	3501	6138	3959	413	6897
chr18	28979833	29134447	154615	10	0	154615	101825	52790	14684	4862	6499	10567	6351	3772	4635	6224	6586	2377	3752	4378	8992	4238	4603	9303	6828	2839	477	5106	4229	2320	315	3989	3808	2098	266	3422	6117	3596	408	6972
chr18	29134448	29508534	374087	10	0	374087	244754	129333	35518	11750	15417	25300	15326	9139	11358	14988	16024	6046	9576	10398	21117	9887	10778	22132	16039	7000	1258	12525	10676	5861	934	9902	9004	5356	774	7958	15091	9157	1052	16744
chr18	29510535	30290376	779842	10	0	779842	508954	270888	72679	24569	31996	51772	32018	19189	24002	31553	32712	12400	19952	21832	43608	20492	22077	48101	33709	14574	2692	25675	22467	12646	1945	20600	19436	11437	1573	17238	31151	19001	2230	34514
chr18	30290377	30485533	195157	10	0	195157	127718	67439	18630	6160	8139	13088	7846	4845	5826	7743	8315	3119	5058	5369	11226	5052	5662	11638	8300	3556	725	6595	5483	2979	536	5197	4652	2838	439	4277	7826	4822	598	8616
chr18	30485534	30832533	347000	9	0	347000	222905	124095	30357	10646	14915	21815	13971	8662	11370	13854	14864	5844	9524	9794	18540	8925	9900	19923	14758	6602	1172	11545	10334	6011	824	9780	8839	5429	653	8121	13926	8907	931	16262
chr18	31081534	31086560	5027	7	0	5027	3431	1596	538	171	221	379	201	96	132	204	237	67	109	156	334	142	150	292	207	84	15	170	119	52	14	118	103	54	8	83	204	113	11	241
chr18	31086564	31089536	2973	7	0	2973	1877	1096	259	87	108	194	111	84	107	131	122	48	80	88	157	87	77	135	115	67	14	110	110	51	10	79	76	58	6	62	133	74	10	121
chr18	31089537	31347536	258000	6	0	258000	162845	95155	23023	8128	10821	15450	10200	7022	8511	9915	10940	4327	7746	7031	13259	6421	7174	12876	10709	5400	1121	8668	8043	4736	948	7665	6504	4326	837	6153	10393	6930	956	11765
chr18	31354537	31691536	337000	6	0	337000	205631	131369	27627	10253	13925	18543	13021	9456	12420	12727	13890	6044	10435	9220	15810	8213	9375	14672	13618	7393	1618	11337	11393	7466	1642	10950	9208	6802	1471	8881	13405	9790	1407	14986
chr18	31691537	31910536	219000	5	0	219000	132763	86237	18471	6724	8896	11494	8429	6137	8419	7965	8692	3924	6973	5852	9993	5294	5809	9690	8689	5078	1071	7241	7723	4959	1080	7394	6029	4830	939	5762	8508	6289	944	9700
chr18	31910537	32104536	194000	4	0	194000	109572	84428	15194	5380	7085	8620	7286	6081	8388	5994	6507	3714	7673	4934	7292	4252	4813	6357	6930	5033	1172	6292	7818	5548	1814	7683	5686	6081	1609	5934	7315	6201	1261	8051
chr18	32104537	32222536	118000	5	0	118000	71258	46742	9902	3565	4591	6171	4515	3378	4520	4322	4485	2042	3910	3305	5328	2763	3245	5214	4630	2659	539	3921	4294	2671	569	4021	3187	2733	565	3211	4624	3492	513	5113
chr18	32222537	32461536	239000	6	0	239000	145323	93677	19698	7535	9870	12526	9305	6889	9265	8878	9896	4364	7634	6491	10731	5830	6402	10007	9924	5373	1057	8264	8336	5237	971	7852	6462	4741	834	6241	9616	7045	910	10814
chr18	32461537	32567536	106000	5	0	106000	63890	42110	8351	3066	4533	5585	4183	2858	3901	3953	4289	1936	3458	2934	4712	2534	2957	4639	4013	2404	484	3493	3614	2522	531	3744	3009	2321	521	2837	4259	3164	418	4775
chr18	32567537	32672536	105000	6	0	105000	64590	40410	8613	3295	4318	5782	4257	2897	3875	4100	4491	1873	3182	2981	4647	2525	2943	4809	4387	2309	422	3472	3655	2329	315	3310	2866	1885	289	2644	4221	3086	328	4892
chr18	32672537	32758536	86000	7	0	86000	52888	33112	6890	2623	3672	4760	3472	2467	3087	3436	3601	1500	2770	2389	3983	2093	2352	3791	3645	1847	378	2813	2800	1728	265	2814	2424	1622	233	2283	3593	2410	286	3971
chr18	32758537	32856536	98000	8	0	98000	60620	37380	8216	2969	4056	5622	3900	2697	3457	3751	4066	1696	3032	2728	4683	2426	2702	4617	4062	2025	386	3315	3103	2090	456	3057	2698	1799	377	2490	3942	2792	403	4385
chr18	32862537	32878586	16050	8	0	16050	9624	6426	1204	449	748	788	620	488	592	622	718	289	576	450	647	335	424	672	657	349	71	485	508	377	55	585	487	327	54	438	670	472	58	833
chr18	32878587	32883535	4949	8	0	4949	2998	1951	376	155	219	260	195	144	186	195	230	86	176	141	210	99	133	192	202	97	21	164	164	123	14	160	138	92	4	138	216	148	17	252
chr18	32883536	33103535	220000	9	0	220000	142411	77589	20284	6813	9012	14202	9002	5435	6970	8996	9317	3572	5875	6402	11708	5762	6338	12722	9502	4070	746	7265	6365	3520	587	6015	5537	3380	500	4935	8999	5517	671	9979
chr18	33103536	33412535	309000	10	0	309000	200478	108522	28833	9917	12692	20144	12675	7478	9749	12385	13037	5060	8047	8510	17042	8009	8898	18001	13124	5903	1043	10393	9222	5231	748	8353	7658	4640	636	6916	12283	7780	867	13724
chr18	33412536	34021535	609000	9	0	609000	390074	218926	54127	19345	25450	38004	24576	15393	19815	24650	26008	10094	16405	17223	32215	15823	17682	33263	26179	11855	2168	20452	18342	10596	1718	17317	15292	9537	1489	14250	24621	15985	1791	27333
chr18	34021536	34168535	147000	8	0	147000	96083	50917	13696	4567	5948	9849	5926	3539	4412	5915	6216	2395	3764	4119	8222	3797	4614	9103	6269	2639	463	4928	4124	2346	368	3951	3540	2156	336	3302	5859	3648	431	6556
chr18	34168536	34270535	102000	7	0	102000	65435	36565	9367	3299	4159	6506	4240	2445	3255	4146	4315	1728	2621	2839	5409	2580	2916	5609	4413	1948	380	3311	3102	1878	378	2720	2516	1605	380	2429	4054	2647	312	4491
chr18	34270536	34359535	89000	6	0	89000	55548	33452	7395	2717	3690	5230	3609	2373	3190	3627	3859	1524	2570	2485	4169	2210	2480	4418	3728	1893	334	2870	3006	1808	222	2711	2436	1590	193	2223	3629	2456	227	4126
chr18	34359536	34507535	148000	5	0	148000	94731	53269	13436	4623	6071	9307	5986	3789	4764	6047	6313	2430	4023	4213	7701	3904	4196	7927	6429	2898	495	4924	4556	2716	487	4016	3691	2256	442	3379	5910	3905	430	6734
chr18	34507536	34534535	27000	6	0	27000	17005	9995	2348	887	1133	1527	1058	781	955	1087	1126	499	789	748	1363	629	784	1290	1207	541	101	948	806	480	72	798	728	407	52	693	1140	728	71	1222
chr18	34558536	34818535	260000	6	0	260000	161329	98671	21500	8039	11160	14643	10153	7332	9348	10143	11052	4566	7738	7197	12637	6375	7322	12123	11012	5385	1037	8878	8465	5288	778	8280	6967	4690	686	6651	10532	7448	815	11758
chr18	34818536	35083535	265000	5	0	265000	163290	101710	22221	8015	11060	14682	10270	7332	9643	10284	11115	4717	8044	7227	12371	6449	7405	12453	10830	5779	1107	8797	8939	5648	975	8502	7134	4994	952	6950	10626	7643	930	11904
chr18	35083536	35185535	102000	6	0	102000	60542	41458	7699	3081	4274	4918	3793	2974	4281	3909	4229	1873	3372	2771	4251	2375	2702	4040	4145	2330	475	3352	3707	2557	386	3645	3039	2219	343	3013	4066	3188	372	4619
chr18	35185536	35343535	158000	5	0	158000	95268	62732	12565	4686	6539	8329	6084	4343	6085	5783	6413	2906	5123	4290	7055	3875	4302	6888	6297	3610	672	5231	5682	3793	761	5444	4124	3483	658	4245	6192	4794	617	7129
chr18	35359536	35459535	1e+05	5	0	1e+05	58759	41241	7657	2844	4156	4955	3936	2990	4059	3688	4046	1969	3419	2617	3973	2117	2505	3826	3919	2406	445	3150	3869	2724	444	3752	2879	2385	372	2844	4006	3274	379	4393
chr18	35459536	35615535	156000	4	0	156000	91840	64160	11995	4777	6469	7410	6138	4600	6416	5563	6245	3021	5386	3945	6274	3564	4011	6024	6511	3601	699	5151	5748	4136	779	5732	4470	3696	711	4329	5988	4962	577	7070
chr18	35634536	35693535	59000	4	0	59000	36855	22145	5003	1887	2598	3237	2213	1569	2151	2190	2546	1065	1739	1611	2963	1557	1715	2809	2456	1255	255	2112	1813	1097	182	1923	1514	998	146	1432	2340	1665	221	2736
chr18	35693536	35761535	68000	3	0	68000	40449	27551	5325	2173	2817	3307	2771	1938	2763	2548	2742	1288	2155	1859	2784	1528	1859	2591	2867	1645	279	2136	2546	1723	247	2433	1978	1533	214	1905	2628	2048	248	3120
chr18	35766536	35818535	52000	3	0	52000	29853	22147	3496	1511	2039	2371	2054	1662	2383	1939	2038	1079	1850	1384	1829	1063	1264	1890	2212	1271	204	1628	2183	1526	192	1973	1587	1312	138	1569	2056	1764	164	2367
chr18	35818536	35854869	36334	2	0	36334	20851	15483	2574	1058	1613	1620	1450	960	1558	1219	1420	790	1320	967	1421	731	942	1208	1298	985	119	1137	1455	1252	149	1547	1015	888	81	1058	1418	1278	111	1690
chr18	35854871	36404536	549666	2	0	549666	318795	230871	41394	16118	21637	25166	20703	17422	23845	19888	21149	10669	19091	14442	21069	12234	14009	19958	22166	13582	2558	18138	21561	15140	2937	20443	16612	13877	2538	15967	21518	17482	2317	24034
chr18	36404537	36518536	114000	3	0	114000	65321	48679	7838	3211	4583	5114	4204	3829	5156	4439	4508	2256	3858	2903	4196	2419	2768	4038	4812	2836	506	3561	4581	3382	495	4390	3694	2902	430	3564	4540	3728	407	4850
chr18	36518537	36682536	164000	4	0	164000	95270	68730	11825	4842	6800	7453	6221	5097	7192	6161	6608	3187	5535	4383	6266	3642	4059	5997	6725	3979	793	5271	6533	4439	665	6158	5004	4089	580	4781	6409	5288	640	7376
chr18	36682537	36862536	180000	5	0	180000	104711	75289	13011	5357	7343	8180	6706	5586	7853	6628	7182	3620	6119	4727	6993	3996	4550	6859	7501	4257	918	5883	6911	4952	824	6792	5342	4384	706	5170	7019	5887	722	8020
chr18	36862537	37004536	142000	6	0	142000	89994	52006	13050	4546	6011	8251	5684	3670	4977	5408	5964	2376	3816	3957	7161	3790	4045	7286	6032	3079	516	4755	4591	2569	400	4123	3617	2413	359	3439	5500	3622	459	6532
chr18	37004537	37017536	13000	7	0	13000	8284	4716	1209	432	551	751	555	341	438	505	550	205	343	382	629	382	387	624	549	284	36	491	439	216	24	365	334	197	20	279	515	347	34	584
chr18	37017537	37209536	192000	6	0	192000	120121	71879	17215	6230	7940	10805	7873	5053	6842	7440	8074	3331	5309	5340	9028	4855	5491	9294	8107	4285	776	6301	6445	3615	610	5899	5076	3508	510	4692	7580	5160	624	8690
chr18	37209537	37378536	169000	5	0	169000	81732	87268	7046	3720	6116	4431	5040	6525	10007	5427	5720	3845	7975	3731	3507	2448	3163	3030	6071	4897	988	4582	8690	9061	1479	9147	6408	7094	1283	6297	5830	7325	880	7235
chr18	37378537	37485536	107000	6	0	107000	51528	55472	3916	2209	3911	2709	3149	4332	6317	3809	3611	2522	5124	2465	2070	1534	2001	1847	4104	3028	632	2834	5559	5574	881	5738	4178	4403	731	4088	3766	4747	516	4693
chr18	37485537	37596536	111000	7	0	111000	55697	55303	5144	2429	4286	3320	3332	4204	5988	3628	3992	2497	5275	2538	2711	1773	2146	2434	4206	3019	719	2959	5133	5466	1046	5616	3884	4073	832	4047	3929	4703	597	5072
chr18	37596537	37743385	146849	8	0	146849	83157	63692	9114	3962	6220	6317	5457	4776	6593	5576	5970	3050	5590	3890	5072	2946	3563	5061	5952	3553	612	4617	6022	4722	552	5971	4620	3668	408	4494	5807	5324	484	6884
chr18	37743386	37821535	78150	8	0	78150	46178	31972	5481	2306	3198	3771	2908	2478	3243	3079	3279	1494	2734	2125	3088	1748	2029	3215	3369	1882	326	2449	2943	1969	243	2855	2238	1625	233	2208	3158	2534	248	3692
chr18	37821536	38125535	304000	9	0	304000	183728	120272	22968	8963	13009	15832	11911	8479	11698	12165	12877	5762	10079	8512	13016	7031	8321	13103	12473	6695	1053	10014	10707	7164	841	10727	8663	6092	663	7950	12411	9488	915	14416
chr18	38125536	38249535	124000	8	0	124000	79730	44270	11326	3815	5171	7882	4969	3191	3950	4987	5369	2020	3517	3517	6531	3071	3617	6795	5309	2337	386	4065	3763	2139	263	3533	3034	1913	239	2866	4991	3309	332	5791
chr18	38249536	38865535	616000	9	0	616000	387438	228562	51681	18716	26650	35887	24349	16323	21468	24797	27070	11015	18209	17409	29834	15173	17505	31351	26001	12548	2069	20609	19615	11464	1407	18992	15906	10179	1191	14878	25415	17287	1647	29353
chr18	38865536	39018535	153000	8	0	153000	95908	57092	12695	4700	6621	8936	6135	4152	5316	6099	6574	2663	4530	4266	7548	3682	4249	7741	6616	2939	527	5115	4792	3068	383	4685	4146	2665	355	3766	6147	4256	481	7150
chr18	39018536	39146535	128000	7	0	128000	82860	45140	11722	4031	5348	8249	5217	3292	4053	5258	5586	2130	3507	3574	6824	3269	3540	7259	5662	2421	438	4201	3714	2085	284	3472	3134	1878	236	2818	5310	3171	358	5957
chr18	39146536	39275535	129000	8	0	129000	82150	46850	11414	4012	5451	7821	5351	3391	4323	5214	5444	2231	3600	3603	6490	3179	3511	7114	5510	2621	427	4255	4102	2388	284	3644	3388	2064	229	3059	5279	3346	326	5927
chr18	39275536	39668535	393000	9	0	393000	247584	145416	33625	12113	16673	23259	15809	10572	13490	15367	16985	6746	11614	10927	19250	9684	11166	20302	16679	8000	1436	13000	12199	7293	1166	11837	10274	6682	959	9619	16086	10520	1179	18487
chr18	39668536	39992535	324000	8	0	324000	203871	120129	27541	9872	13781	19016	12923	8522	11077	13094	13926	5738	9543	9075	15820	7744	9124	17074	13690	6513	1178	10495	10023	6144	922	9960	8611	5516	863	7932	13292	8876	975	15138
chr18	39992536	40227535	235000	9	0	235000	148739	86261	20719	7217	9998	14210	9594	6053	7918	9196	10277	4135	6965	6581	11555	5734	6641	11944	9983	4568	901	7687	7127	4335	656	6962	6065	3897	596	5526	9586	6280	745	11347
chr18	40227536	40451535	224000	10	0	224000	144125	79875	19910	7014	9339	14191	9214	5716	7184	9293	9594	3884	6116	6346	11735	5845	6358	12384	9869	4377	828	7385	6673	3594	533	6232	5572	3345	462	5065	9293	5716	615	10316
chr18	40451536	40545535	94000	9	0	94000	61493	32507	8872	2935	3936	6252	3779	2308	2927	3828	4202	1467	2533	2728	5142	2430	2726	5428	4131	1643	306	3060	2624	1355	152	2576	2238	1302	145	2043	3848	2407	233	4442
chr18	40545536	40844535	299000	10	0	299000	192399	106601	26869	9392	12652	18934	12149	7572	9546	12186	13243	4994	8072	8502	15587	7534	8519	16646	12934	5790	1036	9732	8818	5029	772	8407	7507	4385	630	6750	12195	7822	894	13900
chr18	40848536	41713535	865000	10	0	865000	551069	313931	76142	26811	37647	52721	35032	22212	28629	34315	37914	14932	24883	24205	44234	21289	24198	45903	36719	16647	2975	28903	26196	15360	2112	25351	21908	13684	1844	20298	35366	23328	2435	40805
chr18	41713536	41772233	58698	9	0	58698	36100	22598	4694	1747	2547	3233	2346	1670	2106	2345	2541	1053	1856	1615	2640	1415	1631	2659	2485	1232	261	1907	1888	1217	178	1916	1645	1071	157	1575	2449	1679	196	2742
chr18	41772234	41965619	193386	9	0	193386	118632	74754	15690	5843	8339	10624	7491	5287	7202	7447	8516	3466	6226	5326	8799	4504	5330	8541	7907	4044	736	6414	6449	4110	658	6401	5173	3691	558	5078	7898	5772	660	9204
chr18	41965621	41988843	23223	9	0	23223	15106	8117	2183	744	1058	1480	901	555	716	870	982	395	600	601	1398	635	786	1201	915	430	96	887	624	319	60	631	573	344	61	598	930	541	63	1044
chr18	41988849	42092535	103687	9	0	103687	66850	36837	9697	3474	4541	6239	4051	2560	3420	4133	4395	1697	2697	2816	5807	2871	3015	5435	4397	2002	406	3797	2925	1646	289	2882	2586	1614	246	2442	4256	2480	317	4552
chr18	42092536	42184327	91792	10	0	91792	56318	35474	7385	2830	3961	4979	3740	2488	3412	3707	4088	1616	2858	2539	3942	2177	2543	4051	3803	1988	316	3004	3198	1984	224	2951	2580	1715	186	2423	3766	2670	270	4396
chr18	42184328	43526534	1342207	10	0	1342207	848756	493451	115346	41534	57013	80682	54351	34861	45851	53820	57247	23449	38615	38004	67630	33527	38143	68682	56683	27153	4513	45022	42144	24941	3228	40385	34795	22088	2768	32415	55261	36517	3737	61800
chr18	43526535	43959534	433000	9	0	433000	277968	155032	38895	13593	18242	27047	17565	10827	13975	17647	18733	7276	11883	12258	22583	10757	12656	24030	18205	8546	1455	14247	13211	7362	1041	12151	10891	6747	869	10157	17707	11110	1131	20201
chr18	43959535	44193534	234000	8	0	234000	150447	83553	21182	7299	9734	14713	9472	5888	7521	9249	9927	3951	6382	6531	12347	6142	6935	13172	9868	4564	804	8044	7134	4010	607	6510	5744	3638	474	5364	9384	6049	705	10654
chr18	44193535	44355534	162000	9	0	162000	102630	59370	14206	5298	6569	9689	6908	3985	5478	6691	6974	2646	4577	4867	7674	4059	4700	8309	6954	3321	562	5150	5268	2906	404	4647	4211	2669	308	3904	6629	4330	482	7623
chr18	44355535	44444534	89000	8	0	89000	56187	32813	7491	2907	3600	5223	3690	2189	3215	3444	3900	1529	2437	2511	4141	2117	2514	5278	3781	1919	274	2768	3006	1767	189	2661	2222	1463	170	2215	3529	2474	253	4121
chr18	44448535	44504534	56000	8	0	56000	34937	21063	4684	1690	2392	3220	2247	1456	2012	2210	2410	1013	1715	1650	2645	1310	1583	2698	2298	1104	184	1883	1864	1140	136	1748	1426	1013	96	1383	2337	1631	132	2688
chr18	44504535	44619534	115000	7	0	115000	71158	43842	8909	3476	5005	6495	4575	3129	4075	4478	5022	2075	3626	3209	5378	2634	3244	5826	4734	2433	394	3753	3841	2358	336	3738	2969	2162	268	2923	4713	3320	364	5536
chr18	44619535	44669534	50000	6	0	50000	30807	19193	4049	1502	2187	2741	1957	1364	1876	1972	2231	894	1487	1365	2242	1213	1390	2336	2049	1092	194	1638	1688	1008	157	1616	1350	969	109	1346	2082	1400	154	2340
chr18	44669535	45007534	338000	7	0	338000	194572	143428	22954	9779	14465	14820	12672	10434	14591	12687	14163	6721	12529	9179	12228	7074	8724	11550	13593	7924	1560	10931	12869	9534	1549	13122	10352	8002	1238	10162	13571	11614	1313	16094
chr18	45007535	45027534	20000	6	0	20000	11521	8479	1296	592	788	903	708	635	915	819	803	414	731	547	772	420	520	657	844	480	91	646	780	510	72	770	649	498	59	584	804	643	94	954
chr18	45031535	45140534	109000	6	0	109000	65870	43130	8315	3308	4725	5632	4272	3122	4141	4305	4664	1995	3530	2997	4729	2526	2998	4610	4395	2367	479	3710	3794	2431	380	3736	3169	2248	324	2911	4482	3295	371	5037
chr18	45140535	45426534	286000	5	0	286000	169360	116640	20153	8438	12172	13831	11040	8540	11543	11215	12102	5687	9916	7905	11299	6319	7636	11562	11753	6696	1133	9402	10551	7313	924	10500	8212	5988	688	7870	11823	9291	1001	13495
chr18	45426535	45514534	88000	4	0	88000	50612	37388	5780	2549	3836	3833	3444	2714	3817	3324	3667	1818	3210	2430	3107	1737	2257	3089	3540	2144	311	2823	3545	2590	300	3478	2731	2042	209	2549	3483	3137	234	4270
chr18	45514535	45531143	16609	3	0	16609	9548	7061	1040	483	743	724	617	531	700	695	708	324	565	454	625	336	445	557	678	408	58	530	667	500	49	643	525	399	41	511	673	552	58	768
chr18	45531144	45531184	41	6	0	41	25	16	2	1	1	1	1	5	1	3	0	2	0	0	2	1	1	4	6	0	2	0	0	0	0	0	3	0	0	1	1	0	0	1
chr18	45531185	45609534	78350	3	0	78350	43678	34672	4746	2070	3250	3218	2896	2504	3570	3019	3108	1711	3107	2090	2534	1527	1956	2371	3014	1961	354	2483	3275	2629	334	3321	2449	2125	259	2451	3252	2843	293	3628
chr18	45609535	45759534	150000	2	0	150000	83077	66923	9284	4238	6155	5904	5589	4928	7078	5498	5883	3110	5842	3905	4825	2928	3592	4317	5830	3929	728	4717	6498	5008	732	6228	4884	4184	589	4855	5880	5345	647	6868
chr18	45759535	45810534	51000	1	0	51000	28977	22023	3446	1441	2122	2253	1944	1568	2249	1835	2085	1052	1930	1335	1787	1004	1308	1617	1906	1309	213	1638	2099	1548	247	2075	1571	1342	183	1489	2020	1770	205	2407
chr18	45810535	45880534	70000	2	0	70000	38718	31282	4557	1981	2733	2784	2487	2295	3314	2458	2616	1457	2616	1765	2396	1391	1696	2171	2665	1833	428	2198	2881	2319	515	2896	2341	2104	443	2204	2667	2356	370	3061
chr18	45880535	45918033	37499	3	0	37499	22368	15131	2960	1145	1573	1846	1458	1137	1548	1262	1463	704	1260	982	1644	886	950	1548	1501	894	169	1308	1357	848	193	1319	1061	861	164	1046	1486	1114	152	1658
chr18	45918034	45923533	5500	3	0	5500	3310	2190	403	165	218	290	208	168	209	215	225	102	199	169	241	136	151	210	226	112	28	205	179	115	28	177	139	119	30	136	256	154	26	259
chr18	45923534	46059533	136000	4	0	136000	78862	57138	10358	4025	5309	6228	5115	4314	5817	4686	5100	2560	4911	3574	5347	3167	3418	4932	5295	3486	706	4580	5355	3488	827	5129	3961	3564	759	3842	5321	4261	660	5903
chr18	46059534	46107533	48000	3	0	48000	26347	21653	3621	1296	1655	1929	1736	1652	2238	1351	1422	975	1868	1171	1721	1077	1147	1487	1718	1309	383	1590	1982	1492	585	1895	1530	1706	474	1552	1747	1446	372	1871
chr18	46107534	46253735	146202	2	0	146202	83936	62266	11800	4118	5385	6638	5507	4553	6367	4476	4880	2746	5598	3624	5754	3389	3822	5277	5312	3750	802	4943	5765	3793	1123	5682	4332	4370	1037	4509	5494	4450	866	6038
chr18	46253739	46333536	79798	2	0	79798	43797	36001	4955	2169	3140	3122	2812	2726	3855	2817	3117	1675	3165	2002	2502	1588	1907	2245	3092	2116	438	2512	3414	2718	471	3479	2619	2347	384	2450	3085	2902	347	3625
chr18	46333537	46504536	171000	3	0	171000	87953	83047	8418	4013	6566	5416	5563	6594	8966	5873	6107	3856	7617	4160	4325	2816	3670	3991	6588	4728	1000	4963	8084	7644	1199	8274	5875	5950	1033	5968	6450	6879	798	7614
chr18	46504537	46544536	40000	4	0	40000	20843	19157	1866	985	1582	1251	1312	1433	2126	1535	1438	966	1712	1061	1068	670	899	939	1483	1174	192	1204	1929	1662	213	1919	1370	1316	145	1371	1623	1571	158	1825
chr18	46547537	46709536	162000	4	0	162000	87786	74214	9252	4247	6352	6214	5768	5488	7955	5791	6127	3492	6490	4193	4918	2976	3696	4826	6267	4337	861	4738	7151	6110	928	7330	5285	4994	708	5202	6300	6078	701	7223
chr18	46709537	46885536	176000	5	0	176000	102742	73258	13250	5187	7056	8285	6598	5240	7440	6353	6844	3473	6048	4536	7087	4030	4488	6825	6879	4372	864	5815	6728	4920	943	6620	5130	4294	800	4992	6894	5625	777	7605
chr18	46885537	46922536	37000	6	0	37000	22237	14763	3392	1183	1412	1930	1471	1079	1386	1187	1370	603	1182	1005	1683	900	934	1518	1442	898	208	1217	1312	874	322	1228	976	907	271	948	1393	1057	189	1521
chr18	46935537	46960536	25000	6	0	25000	14437	10563	2038	762	931	1157	976	740	1024	811	919	449	965	664	955	541	636	868	885	655	145	807	966	662	193	985	734	693	166	673	966	795	146	1091
chr18	47032129	47149128	117000	6	0	117000	69646	47354	9253	3461	4852	5912	4505	3412	4717	4343	4762	2151	3796	3167	4958	2730	3064	4562	4705	2646	570	3832	4350	2893	550	4030	3388	2695	456	3361	4534	3589	548	5206
chr18	47149129	47223128	74000	5	0	74000	44412	29588	6047	2192	3109	3779	2896	2095	2906	2689	2894	1373	2384	2033	3290	1802	1985	2937	2875	1713	315	2559	2688	1815	374	2458	2079	1619	316	2092	2945	2189	275	3275
chr18	47223129	47387128	164000	6	0	164000	92924	71076	11012	4645	6660	7262	6061	5036	7228	6051	6608	3278	5982	4242	5897	3393	4023	5545	6367	4033	760	5192	6742	5219	1002	6429	5030	4368	922	4902	6237	5772	730	7370
chr18	47387129	47485128	98000	7	0	98000	53482	44518	5427	2526	4159	3786	3562	3537	4610	3621	3830	2049	3909	2450	3080	1828	2297	2809	3837	2612	398	3094	4320	3636	439	4346	3344	2847	320	3087	3829	3646	315	4448
chr18	47485129	47661128	176000	6	0	176000	98614	77386	10883	4798	7224	7416	6605	5761	8094	6537	6895	3748	6638	4650	5938	3441	4258	5727	7068	4409	750	5521	7355	5835	780	7396	5635	4796	638	5271	6939	6326	640	8026
chr18	47661129	47743128	82000	5	0	82000	45253	36747	4786	2109	3336	3251	2956	2692	3868	3105	3146	1806	3341	2164	2595	1516	1971	2610	3213	2121	322	2467	3500	2886	344	3614	2674	2268	289	2591	3233	3069	311	3844
chr18	47743129	47852128	109000	4	0	109000	62882	46118	7778	3152	4360	4971	4027	3372	4730	3941	4170	2093	3841	2800	4285	2403	2624	4334	4422	2652	526	3420	4322	3227	604	4207	3273	2900	528	3132	4053	3581	474	4796
chr18	47855129	47966128	111000	4	0	111000	68338	42662	9656	3521	4589	5999	4272	3045	4048	4037	4446	1934	3232	2979	5390	2981	3162	5045	4701	2389	566	3825	3595	2360	573	3572	2851	2237	550	2852	4256	3114	439	4782
chr18	47966129	48634128	668000	3	0	668000	357306	310694	37594	17243	25916	24153	22913	23100	33595	23267	24662	14199	27138	16597	19737	12257	15178	19756	25585	17723	3479	20012	29957	26223	4517	30333	22469	21569	3828	22402	24864	25515	3138	29079
chr18	48634129	48649128	15000	2	0	15000	7563	7437	763	394	518	401	486	533	882	542	511	365	671	346	317	223	295	315	569	430	103	413	753	694	108	722	563	550	74	564	558	603	65	667
chr18	48678129	48756128	78000	2	0	78000	38779	39221	3467	1785	3041	2184	2469	2990	4392	2539	2776	1866	3544	1687	1765	1155	1552	1566	2861	2215	496	2224	3819	3686	683	4001	2893	3045	513	2911	2817	3243	420	3393
chr18	48756129	48872556	116428	1	0	116428	56578	59850	5138	2598	4255	3063	3457	4399	6776	3684	3963	2670	5183	2629	2496	1699	2283	2284	4024	3392	772	3178	5950	6323	1153	6113	4324	4939	894	4343	4018	4885	677	4864
chr18	48872558	49023129	150572	1	0	150572	73501	77071	7662	3434	5213	4332	4633	5822	8262	4233	4980	3386	7019	3157	3365	2294	2847	2860	5329	4370	1145	4092	7233	7670	2020	7793	5115	6481	1807	5473	5273	6195	1092	5983
chr18	49023130	49045129	22000	2	0	22000	11870	10130	1297	546	783	881	729	791	1112	794	801	495	857	534	680	404	503	663	892	564	131	648	1004	888	139	951	678	713	93	740	851	817	103	916
chr18	49109130	49261129	152000	2	0	152000	95027	56973	13191	4873	6281	8638	5876	4151	5453	5842	6313	2721	4445	4230	7603	3882	4353	7174	6428	3197	634	5368	4879	2972	560	4523	3956	2632	446	3668	6059	4133	544	6973
chr18	49261130	49377129	116000	3	0	116000	72584	43416	10311	3651	4719	6426	4512	3209	4225	4513	4566	2002	3271	3137	5719	3226	3251	5844	5082	2469	468	4069	3843	2140	367	3562	3014	2244	356	2826	4520	3059	387	5010
chr18	49377130	49473129	96000	2	0	96000	58075	37925	8097	2902	3798	5000	3766	2755	3820	3274	3616	1707	3085	2524	4318	2296	2561	4554	3775	2236	457	3192	3420	2122	458	3297	2715	2184	414	2723	3705	2755	419	4053
chr18	49473130	49639129	166000	3	0	166000	91030	74970	11316	4490	6227	6742	6042	5420	7940	5359	5900	3310	6843	4171	5517	3280	3767	4706	5990	4382	994	5134	7130	5498	1343	7117	5351	5263	1085	5457	6290	5946	919	7069
chr18	49639130	49770129	131000	4	0	131000	71622	59378	8105	3552	5082	5107	4708	4594	6298	4772	5009	2799	5061	3339	4025	2417	2895	3857	5199	3525	691	3947	5839	4760	776	5557	4247	3831	634	4164	5087	4816	637	5668
chr18	49777130	50041129	264000	4	0	264000	146488	117512	16141	7367	10896	10174	9251	8991	12578	9593	10050	5548	9783	6884	9136	5582	6531	7983	10594	6903	1376	8615	10979	8575	1538	11006	8560	7388	1151	8560	10280	9231	1147	11607
chr18	50041130	50411129	370000	3	0	370000	210468	159532	25090	10900	15012	15790	13821	11745	16348	13312	14362	7451	13033	9765	13519	8073	9367	12879	14695	9579	1875	12020	14816	11106	2245	14606	11334	9583	1971	11090	14382	12506	1679	16044
chr18	50411130	50517129	106000	4	0	106000	62204	43796	7537	3188	4340	5099	4137	3153	4485	4161	4269	2060	3592	2851	4221	2310	2667	4133	4376	2552	412	3371	4193	2876	389	3920	3174	2491	283	2986	4193	3459	313	4807
chr18	50517130	50632129	115000	5	0	115000	65329	49671	7411	3274	4733	5019	4265	3577	5186	4261	4528	2410	4244	3022	4234	2389	2899	3876	4681	2825	504	3640	4462	3474	617	4621	3518	3000	559	3565	4628	3876	464	5236
chr18	50632130	50749129	117000	6	0	117000	61598	55402	6427	3033	4543	3995	4057	4059	6163	3912	4179	2556	5043	2896	3334	1996	2587	2817	4249	3192	685	3518	5292	4514	749	5536	4055	3952	723	4262	4595	4433	627	5019
chr18	50749130	51017129	268000	5	0	268000	156560	111440	20817	7784	10545	12780	10257	8259	11307	9244	9998	4959	9552	7159	10854	6135	6890	10019	10424	6629	1218	8866	10385	6998	1486	9986	7795	6892	1300	7793	10463	8336	1218	11650
chr18	51017130	51164129	147000	6	0	147000	85033	61967	11439	4312	5663	6759	5520	4591	6252	5012	5315	2793	4933	3748	5899	3574	3808	5413	5915	3643	819	4893	5652	4210	1042	5476	4293	3979	957	4299	5515	4548	738	5988
chr18	51164130	51336129	172000	7	0	172000	100132	71868	12635	4992	7007	8021	6489	5316	7181	6052	6672	3301	6092	4586	6859	3826	4599	6502	6652	4241	738	5804	6769	4726	859	6522	4940	4373	731	4862	6677	5536	746	7692
chr18	51336130	51552129	216000	8	0	216000	129593	86407	16530	6187	9077	11159	8407	6235	8502	8401	8942	4104	7114	6084	9074	4811	5648	9316	8747	4846	881	6863	7946	5229	749	7510	6154	4672	635	5931	8699	6687	821	10037
chr18	51552130	51678129	126000	9	0	126000	74550	51450	9368	3738	5480	6105	4799	3630	5196	4733	5266	2434	4250	3401	5260	2747	3268	4873	5047	2969	457	4076	4646	3348	471	4693	3655	2818	393	3526	5010	4023	419	5899
chr18	51678130	52791129	1113000	10	0	1113000	688059	424941	89183	34067	47283	62326	44337	30114	40345	44031	47468	19841	33944	31483	51872	26996	31878	52890	46404	23748	4019	36847	36943	23151	3201	36019	30350	20147	2687	28688	45130	32268	3443	51895
chr18	52794130	52974129	180000	10	0	180000	113908	66092	15499	5503	7382	10853	7304	4727	6155	7421	7447	3129	4843	5204	8986	4669	5177	9608	7640	3695	697	5996	5794	3261	487	5267	4713	3135	396	4388	7460	4718	538	7906
chr18	52974130	53437129	463000	9	0	463000	296301	166699	40530	14222	19235	28875	18279	11987	15174	18874	19689	7882	12815	13115	24364	11788	13363	26107	19626	9065	1871	15317	13888	7887	1187	13337	11808	7312	1013	10887	18992	12035	1427	21047
chr18	53437130	53656129	219000	8	0	219000	137877	81123	19225	6774	9220	13137	8815	5657	7415	8882	9543	3787	6448	6102	10773	5280	6279	10539	8960	4539	803	7196	6977	4160	632	6539	5780	3767	542	5347	9052	5842	707	10279
chr18	53656130	53736129	80000	7	0	80000	50978	29022	7158	2490	3380	4892	3156	2064	2672	3279	3502	1308	2228	2284	4104	1993	2241	4225	3423	1577	244	2611	2453	1514	175	2379	2030	1296	159	1839	3265	2134	230	3693
chr18	53736130	53820129	84000	6	0	84000	52727	31273	7102	2539	3653	4899	3384	2187	2931	3325	3597	1468	2465	2448	4109	2067	2366	4186	3396	1793	259	2813	2845	1592	196	2551	2175	1486	158	2030	3411	2313	233	4021
chr18	53820130	53952129	132000	5	0	132000	81025	50975	10610	3989	5504	7159	5307	3743	4917	5334	5670	2407	3982	3855	5674	3191	3677	6004	5666	2880	472	4312	4645	2912	332	4207	3586	2351	317	3380	5404	3953	377	6181
chr18	53952130	54040129	88000	4	0	88000	54191	33809	7000	2789	3656	4812	3653	2367	3203	3472	3638	1622	2608	2468	3966	2309	2619	4008	3767	1942	301	3077	3016	1921	248	2840	2338	1604	186	2232	3575	2559	265	3937
chr18	54040130	54123129	83000	3	0	83000	50652	32348	6529	2599	3513	4418	3320	2290	3067	3300	3407	1485	2702	2288	3802	1897	2323	3710	3363	1852	262	2794	2964	1900	221	2758	2271	1654	199	2228	3379	2437	240	3826
chr18	54123130	54461129	338000	2	0	338000	207607	130393	28741	10476	14027	18515	13187	9321	12294	12403	13751	5990	10253	9286	16079	8396	9503	15384	13848	7350	1519	11466	11316	7374	1604	10895	8798	6887	1426	8629	13243	9577	1373	15087
chr18	54461130	54482129	21000	3	0	21000	13436	7564	1830	632	862	1308	871	537	668	879	882	360	573	600	1049	534	608	1243	902	397	68	696	647	393	47	594	553	327	43	481	853	564	58	939
chr18	54482130	54501129	19000	4	0	19000	12047	6953	1743	600	834	1113	774	484	608	800	808	357	519	484	966	472	553	931	796	420	54	643	613	364	46	566	493	320	33	436	764	484	51	869
chr18	54501130	54518129	17000	5	0	17000	10620	6380	1348	465	621	1000	619	481	649	686	621	303	486	457	846	476	489	1071	715	397	57	557	573	326	53	538	473	315	49	459	674	452	51	691
chr18	54518130	54532766	14637	6	0	14637	9055	5582	1182	445	651	844	607	392	560	571	627	274	437	433	706	346	374	606	591	320	40	506	515	278	31	477	392	282	26	352	632	421	31	686
chr18	54541905	54542142	238	6	0	238	155	83	19	13	9	12	7	8	8	9	11	6	3	3	15	7	10	14	8	7	4	15	11	2	0	3	3	4	0	3	10	3	0	9
chr18	54542144	54542178	35	6	0	35	28	7	3	2	2	3	3	0	0	1	1	0	0	1	3	2	1	5	2	0	0	2	0	0	0	0	0	0	0	0	1	0	0	1
chr18	54542180	54542842	663	6	0	663	416	247	61	13	24	51	22	20	31	17	24	12	19	8	41	22	15	34	28	17	1	21	20	12	2	25	20	13	3	22	22	17	2	22
chr18	54542844	54556268	13425	6	0	13425	8320	5105	1207	418	610	762	550	335	477	501	569	229	398	352	669	297	383	561	494	297	35	453	476	313	23	456	361	277	24	348	532	381	24	611
chr18	54556269	54575268	19000	5	0	19000	12004	6996	1564	597	778	1148	807	486	644	778	777	349	523	567	939	472	546	1027	812	414	71	607	612	364	45	559	522	282	32	460	771	520	60	865
chr18	54575269	54597268	22000	4	0	22000	13942	8058	1976	709	846	1365	903	556	798	835	898	374	642	599	1118	574	599	1149	908	471	80	754	711	375	80	639	528	392	51	555	945	567	65	936
chr18	54597269	54641268	44000	3	0	44000	27606	16394	3620	1360	1792	2610	1767	1216	1506	1779	1856	793	1243	1182	2139	1056	1259	2426	1851	947	139	1488	1472	937	113	1313	1146	730	92	1092	1799	1221	146	1908
chr18	54641269	54652268	11000	2	0	11000	6943	4057	1039	340	472	643	430	306	368	421	450	168	333	318	575	255	288	536	452	230	41	346	346	205	33	346	292	203	26	267	435	292	40	502
chr18	54652269	54753268	101000	3	0	101000	63031	37969	8467	3043	4221	5892	4021	2758	3452	4103	4218	1749	3054	2877	4917	2469	2896	4894	4048	2138	424	3409	3302	1992	315	3065	2772	1836	268	2500	4212	2708	329	4649
chr18	54753269	54790268	37000	4	0	37000	22513	14487	2817	1114	1524	2092	1537	1059	1415	1472	1534	698	1231	1005	1659	897	947	1511	1607	812	133	1216	1272	772	116	1278	1073	731	81	927	1532	1123	118	1695
chr18	54790269	54846268	56000	3	0	56000	34953	21047	4558	1770	2315	3308	2289	1532	1933	2192	2343	1013	1630	1625	2762	1303	1610	2769	2317	1153	233	1915	1809	1106	196	1705	1539	1009	153	1301	2281	1548	214	2567
chr18	54846269	54962268	116000	4	0	116000	71211	44789	9508	3591	4756	6499	4503	3276	4336	4402	4914	2001	3542	3157	5429	2695	3181	5419	4845	2387	480	3851	3933	2557	438	3751	3079	2359	418	3076	4660	3376	442	5137
chr18	54962269	55043268	81000	5	0	81000	49927	31073	6622	2437	3480	4577	3341	2231	2908	3103	3421	1444	2537	2337	3732	1900	2199	3657	3351	1654	351	2657	2715	1620	249	2655	2145	1577	246	2114	3372	2388	280	3698
chr18	55046269	55076268	30000	5	0	30000	18024	11976	2265	880	1304	1573	1221	827	1201	1225	1275	605	986	802	1261	646	767	1186	1213	660	109	976	1064	699	89	1001	957	588	91	860	1239	906	101	1421
chr18	55076269	55168268	92000	6	0	92000	54672	37328	6852	2745	4057	4519	3711	2688	3598	3536	3933	1819	3128	2567	3678	1917	2505	3418	3720	2078	351	3019	3482	2290	287	3277	2618	1918	220	2620	3713	3050	312	4372
chr18	55168269	55255268	87000	7	0	87000	52942	34058	7167	2623	3642	4597	3455	2506	3272	3456	3590	1596	2761	2460	3816	1958	2267	3775	3566	1875	361	2881	3047	1965	332	2805	2481	1778	242	2317	3594	2531	343	3939
chr18	55255269	55530268	275000	8	0	275000	171532	103468	24231	8761	11705	15567	10763	7829	9753	10662	11628	4785	7735	7505	13642	6907	7538	12519	11860	5739	1332	9351	8685	5356	1010	8374	7412	4896	891	6909	11051	7434	1071	12097
chr18	55530269	55715268	185000	9	0	185000	114664	70336	15894	5608	7469	10429	7300	5272	6536	7295	7599	3192	5586	5140	8607	4600	4941	9196	7853	3855	811	6153	6204	3844	779	5618	4920	3557	659	4564	7426	5189	707	8195
chr18	55721269	56264268	543000	9	0	543000	333605	209395	44082	16398	23420	30170	21617	14865	19712	21558	23311	9795	16893	15308	25060	12547	14735	24134	22205	11459	2205	17735	18442	11720	1783	17552	15090	10276	1468	14152	22015	16042	1928	25321
chr18	56264269	56423268	159000	8	0	159000	94982	64018	11857	4737	6890	8137	6211	4527	6120	6336	6921	2882	5437	4445	6632	3419	4163	6266	6365	3471	660	5070	5744	4071	577	5621	4669	3375	427	4283	6416	5096	536	7637
chr18	56423269	56718268	295000	7	0	295000	179898	115102	24926	9092	11936	15774	11603	8501	11128	10910	11726	5351	9351	8046	13473	7117	8144	12820	12184	6539	1339	9999	10159	6508	1234	9664	7982	6126	1104	7788	11817	8392	1158	13107
chr18	56718269	56724268	6000	6	0	6000	3956	2044	649	186	268	378	247	136	175	242	266	107	144	135	320	185	184	333	287	95	22	210	149	92	21	135	140	87	16	137	224	123	17	288
chr18	56727269	57008268	281000	6	0	281000	180157	100843	25601	8825	11854	17303	10730	7327	9404	10984	11641	4611	7462	7774	15611	7605	8137	15287	12001	5513	1187	9667	8111	4833	786	8199	7043	4499	727	6787	11290	7085	910	12204
chr18	57008269	57226268	218000	5	0	218000	122360	95640	13657	6155	9097	9215	8117	7076	10059	8032	8942	4525	8037	5902	7407	4113	5216	6808	8714	5424	993	6738	8976	7138	1097	8830	6976	5753	868	6727	8618	7726	948	10114
chr18	57226269	57362268	136000	4	0	136000	77599	58401	9016	3877	5507	6029	5238	4338	5908	5275	5502	2730	5100	3754	4672	2850	3306	4496	5579	3278	621	4316	5413	4057	692	5168	4184	3337	602	4067	5583	4658	575	6270
chr18	57362269	57380924	18656	3	0	18656	11044	7612	1318	574	800	944	781	584	783	658	784	382	597	520	752	380	487	698	814	432	63	611	709	477	58	661	519	400	52	533	764	596	61	862
chr18	57380925	57457267	76343	3	0	76343	44032	32311	5812	2206	3052	3595	2921	2198	2992	2609	3083	1490	2556	2016	2850	1626	1990	3034	2899	1782	448	2391	2738	2298	810	2710	2231	1985	732	2142	2852	2491	454	3348
chr18	57457268	57592267	135000	2	0	135000	77196	57804	9534	3905	5457	5939	5061	4388	5901	5018	5327	2650	4820	3605	4914	2838	3234	4604	5474	3262	774	4271	5403	3877	724	5178	4215	3483	656	4084	5276	4561	686	5879
chr18	57592268	57688267	96000	1	0	96000	53549	42451	7419	2692	3524	3911	3484	3268	4345	2931	3252	1853	3746	2440	3391	1963	2210	3120	3420	2637	698	3021	3950	2833	915	3821	2918	3028	823	3095	3740	3022	640	3888
chr18	57688268	57783267	95000	2	0	95000	54283	40717	7157	2662	3780	4152	3618	3024	4203	3168	3554	1730	3605	2529	3422	2050	2331	3297	3568	2391	484	3024	3796	2471	619	3728	2978	2734	537	2969	3671	3018	530	4198
chr18	57783268	57958267	175000	1	0	175000	99637	75363	12545	4867	6934	7712	6616	5707	7740	6203	6602	3443	6625	4571	6295	3535	4264	5976	6658	4417	899	5579	7204	4975	918	6880	5500	4795	881	5416	6905	5790	858	7688
chr18	57958268	58140267	182000	2	0	182000	103262	78738	13245	5258	7035	8016	6899	6031	8098	6363	6827	3497	6732	4849	6585	3764	4357	5704	7140	4595	1039	5776	7516	5265	1229	6855	5543	5038	1071	5766	7192	5967	921	7825
chr18	58140268	58256267	116000	3	0	116000	65753	50247	8269	3426	4560	4959	4127	3846	5265	4043	4443	2320	4215	2874	4375	2508	2815	3708	4703	2986	753	3658	4477	3453	775	4655	3697	3104	626	3506	4403	3817	596	5036
chr18	58256268	58505267	249000	4	0	249000	139292	109708	16639	6918	9898	10346	8885	8183	11617	9026	9677	5101	9270	6462	8600	5209	5765	7696	9690	6146	1648	7927	10012	7830	1685	9865	8183	6923	1341	7947	9826	8494	1378	10811
chr18	58505268	58838267	333000	5	0	333000	188919	144081	23978	9447	12654	14667	12194	10885	14903	11606	12472	6443	12418	8846	12102	7187	8047	11068	12897	8543	1924	10598	13673	9892	2226	12891	9998	9380	1823	10057	13021	10867	1815	14476
chr18	58838268	59103267	265000	6	0	265000	148598	116402	18931	7540	10446	10915	9715	8818	12087	8871	9982	5318	10072	6771	9204	5522	6211	8195	10309	6866	1716	8307	10744	8001	1910	10670	8275	7552	1594	8315	10163	8906	1548	11524
chr18	59103268	59410267	307000	7	0	307000	178054	128946	22341	9013	12535	14323	11634	9190	12633	10951	12352	5939	10748	8309	11885	6651	8043	11505	11855	7508	1695	9736	11693	8471	2053	11263	9000	7459	1806	9059	11860	10042	1544	13902
chr18	59410268	59698267	288000	8	0	288000	164835	123165	20082	8547	11704	12256	10765	9128	12848	10998	11147	5825	10157	7787	10595	6289	7160	9546	11786	7045	1512	9446	11556	8078	1490	10816	8970	7342	1305	8902	11427	9475	1309	12705
chr18	59698268	59800267	102000	7	0	102000	58438	43562	7276	2950	4016	4643	3951	3249	4487	3561	3846	2042	3759	2783	3812	2084	2551	3426	3914	2622	502	3287	4169	2841	552	3917	3055	2631	493	3149	4110	3385	475	4460
chr18	59800268	60049267	249000	6	0	249000	145780	103220	20128	7262	9724	11946	9479	7557	10289	8758	9571	4663	8838	6681	9880	5557	6290	9155	9792	5865	1353	8029	9420	6417	1562	8971	7170	6397	1359	7132	9701	7691	1352	11009
chr18	60049268	60122267	73000	7	0	73000	45987	27013	6223	2359	3062	4338	3056	1931	2479	2926	3081	1275	2106	2007	3621	1782	2032	3707	3102	1535	267	2443	2410	1399	185	2156	1916	1215	129	1786	2964	2001	211	3294
chr18	60122268	60152248	29981	8	0	29981	18725	11256	2626	933	1275	1709	1196	785	1082	1153	1295	537	963	831	1426	745	797	1370	1218	617	127	1038	947	558	91	914	768	518	83	751	1284	817	111	1414
chr18	60152249	60222266	70018	8	0	70018	43856	26162	5971	2200	2956	4041	2782	1882	2456	2773	2919	1243	2014	1870	3496	1834	1971	3447	3030	1498	276	2355	2191	1430	209	2155	1866	1194	158	1754	2806	1863	243	3133
chr18	60222267	61141266	919000	9	0	919000	590060	328940	82820	28790	37790	58024	37340	23799	29461	37535	38708	15181	24810	26162	48557	23898	26084	51099	39581	17923	3577	30587	27730	15763	2586	25392	23316	14164	2183	21277	37508	23621	2842	40890
chr18	61141267	61290266	149000	8	0	149000	92612	56388	12090	4593	6349	8408	6083	4150	5352	5993	6241	2741	4575	4175	7026	3651	4145	7040	6474	3150	572	4939	4878	2816	362	4658	4090	2608	296	3811	6135	4140	444	7013
chr18	61290267	61434266	144000	7	0	144000	88852	55148	11778	4402	6062	8080	5568	3882	5250	5667	6112	2629	4301	3974	6864	3550	3954	6778	5945	3071	626	4821	4714	3263	497	4633	3894	2648	496	3523	5814	4125	487	6590
chr18	61434267	61538266	104000	6	0	104000	62979	41021	8121	3215	4345	5512	4073	2934	3925	3986	4345	1962	3305	2750	4654	2446	2810	4594	4313	2326	509	3409	3638	2544	372	3601	2865	2032	300	2749	4102	3253	381	4627
chr18	61538267	62049472	511206	5	0	511206	300287	210919	36903	15311	21232	24724	19836	15165	20987	19265	20668	9917	17501	13625	20764	11132	13108	20148	20656	12286	2252	16331	19284	14091	2163	19045	15053	11740	1864	14443	20260	16466	1975	23009
chr18	62049473	62049518	46	6	0	46	30	16	7	1	3	1	2	2	2	3	2	2	1	0	1	0	0	1	5	0	0	1	1	0	0	0	2	1	0	1	1	0	0	4
chr18	62049519	62049529	11	5	0	11	5	6	0	0	1	0	0	0	0	2	1	1	0	0	0	0	0	0	1	0	0	0	1	0	0	1	0	0	0	0	0	1	0	0
chr18	62049530	62049547	18	6	0	18	8	10	3	0	1	0	1	1	0	1	0	0	0	1	0	0	0	0	0	0	0	1	2	3	0	0	0	1	0	0	1	0	0	0
chr18	62049548	62126266	76719	5	0	76719	49634	27085	7277	2492	3267	4708	2997	1902	2498	3096	3206	1263	2014	2146	4265	2027	2194	4280	3269	1523	254	2639	2198	1229	206	2156	1890	1204	158	1730	3136	1833	212	3448
chr18	62126267	62213266	87000	4	0	87000	55384	31616	7877	2771	3510	5407	3432	2195	2890	3299	3404	1400	2375	2374	4852	2404	2500	4694	3627	1780	366	2997	2708	1586	346	2500	2128	1586	322	2116	3353	2189	348	3662
chr18	62213267	62323266	110000	3	0	110000	72098	37902	10771	3610	4854	6999	4353	2573	3386	4196	4637	1705	2720	3140	6473	3077	3406	6197	4536	2076	415	3938	3007	1571	250	3021	2616	1592	235	2442	4349	2610	278	4965
chr18	62323267	62572266	249000	2	0	249000	142004	106996	18280	7231	9684	11141	9168	7994	10887	8748	9622	5008	8793	6454	9266	5196	5992	8538	9794	6146	1571	7918	9716	7293	1880	9431	7548	6726	1713	7383	9740	8155	1358	10624
chr18	62572267	62713266	141000	3	0	141000	78466	62534	10026	4003	5289	5894	5211	4810	6422	4721	5172	2765	5372	3488	4803	2888	3286	4315	5445	3677	911	4432	5952	4374	1087	5721	4410	4285	1050	4391	5357	4798	818	5825
chr18	62713267	62853266	140000	4	0	140000	85127	54873	12110	4483	5643	7338	5410	3951	5299	4872	5425	2439	4408	3581	6629	3614	3808	6117	5694	3177	665	4951	4672	3063	864	4664	3774	3121	766	3607	5391	3902	625	5935
chr18	62853267	63186266	333000	5	0	333000	191538	141462	24584	9784	13211	15104	12408	10888	14271	11723	12924	6598	12039	8579	12767	7025	7958	11673	13629	8139	2020	10507	13040	9401	2109	12479	9822	8554	1808	9814	12799	10935	1727	14679
chr18	63220267	63522266	302000	5	0	302000	176632	125368	23576	8844	12031	14334	11393	9288	12519	10733	11824	5876	10383	7966	11992	6777	7441	11653	12015	7199	1760	9811	11189	7845	2019	10883	8744	7507	1823	8524	11986	9385	1522	13156
chr18	63522267	63585275	63009	6	0	63009	39300	23709	5514	1960	2641	3626	2556	1696	2209	2462	2649	1093	1870	1770	3022	1562	1701	2967	2644	1346	278	2043	2089	1314	186	1937	1636	1160	152	1542	2554	1706	222	2900
chr18	63585276	63591265	5990	6	0	5990	3429	2561	418	167	278	271	221	200	243	199	257	109	212	152	238	127	138	198	228	158	35	182	238	175	34	234	178	143	41	184	219	206	34	271
chr18	63591266	63665265	74000	7	0	74000	46181	27819	6072	2262	3030	4318	2951	1844	2626	3142	3240	1344	2212	2201	3420	1811	1928	3779	3108	1525	311	2317	2505	1409	240	2303	1864	1304	183	1752	3086	2219	268	3424
chr18	63665266	63862265	197000	8	0	197000	121484	75516	16165	5944	8468	10947	7931	5428	7162	7686	8493	3683	6055	5517	8935	4637	5317	9115	8302	4270	794	6326	6613	4148	606	6358	5311	3557	509	4973	7981	5750	673	9344
chr18	63867266	63952265	85000	8	0	85000	52342	32658	6930	2624	3601	4837	3524	2265	2932	3250	3658	1568	2587	2331	3880	2042	2413	3899	3484	1861	366	2787	2862	1882	352	2721	2234	1560	298	2106	3391	2514	320	3919
chr18	63952266	64088265	136000	9	0	136000	82524	53476	10658	3961	5615	7384	5300	3871	5085	5284	5673	2539	4247	3698	5987	3133	3590	6498	5479	2961	640	4424	4702	3230	649	4510	3869	2762	516	3575	5490	4137	503	6028
chr18	64088266	64167733	79468	10	0	79468	48738	30730	6266	2392	3377	4406	3014	2305	2953	3159	3446	1427	2551	2148	3715	1927	2055	3597	3396	1753	364	2538	2666	1656	268	2635	2184	1418	232	2046	3185	2397	274	3716
chr18	64167734	64672264	504531	10	0	504531	316886	187645	43324	15559	21357	29499	20267	13522	17351	20138	21804	8900	14621	14013	24345	12414	14041	25730	21435	10231	2039	16690	15888	9845	1455	15351	13368	8473	1292	12239	20587	13989	1672	23090
chr18	64672265	64736944	64680	9	0	64680	40563	24117	5492	2017	2617	3875	2453	1852	2159	2485	2691	1082	1809	1757	3365	1661	1770	3476	2724	1341	364	2184	1985	1272	338	1960	1626	1165	280	1539	2614	1777	276	2672
chr18	64736945	64768263	31319	9	0	31319	20408	10911	3041	976	1261	2100	1271	771	994	1259	1365	485	817	893	1701	854	893	1726	1346	615	132	993	879	461	92	820	730	462	74	746	1341	713	100	1406
chr18	64768264	65151263	383000	10	0	383000	250294	132706	36113	12233	15733	25486	15653	9634	11520	15919	16059	6325	9842	10785	21740	9858	10841	22551	16948	6907	1533	12662	10596	5982	1012	9858	9504	5395	871	8426	15678	9164	1180	16990
chr18	65151264	65253263	102000	9	0	102000	66479	35521	9501	3204	4227	6737	4055	2647	3189	4102	4335	1638	2647	2901	5778	2690	2876	5952	4572	1809	425	3373	2906	1611	241	2623	2496	1419	243	2280	4019	2543	297	4662
chr18	65253264	65772263	519000	10	0	519000	339620	179380	49190	16307	21314	34906	20902	12779	15880	20839	22062	8247	13347	14534	29564	13741	14606	31401	22355	9575	2102	17042	14508	7901	1455	13496	12628	7455	1284	11389	20909	12429	1631	23220
chr18	65772264	65969263	197000	9	0	197000	127960	69040	18211	6154	8210	12869	7747	5024	6191	8001	8292	3153	5268	5497	11194	5208	5447	11493	8381	3685	861	6612	5534	2983	559	5304	4989	2946	495	4480	8060	4766	665	8719
chr18	65969264	66084263	115000	10	0	115000	74485	40515	10631	3524	4803	7517	4668	2912	3641	4551	4866	1864	3160	3213	6310	2977	3267	6579	4840	2217	420	3800	3397	1802	294	3094	2911	1719	236	2682	4624	2849	334	5296
chr18	66084264	66170448	86185	9	0	86185	56394	29791	8280	2773	3554	5730	3502	2240	2577	3519	3694	1433	2197	2382	4861	2178	2406	5067	3884	1590	316	2834	2421	1273	223	2287	2055	1208	214	1779	3478	2133	260	3835
chr18	66170449	66320262	149814	9	0	149814	97636	52178	13784	4597	6037	10085	5938	3823	4622	6054	6275	2484	3781	4128	8507	3902	4372	9245	6485	2819	554	4948	4267	2376	414	4043	3679	2278	347	3300	6006	3627	513	6522
chr18	66320263	66426262	106000	10	0	106000	69305	36695	10044	3373	4283	7320	4403	2557	3296	4180	4584	1679	2629	2954	5988	2773	3040	6200	4565	1973	351	3493	3009	1696	299	2781	2514	1586	257	2325	4348	2530	319	4649
chr18	66426263	66569262	143000	9	0	143000	95138	47862	13696	4380	5675	10276	5756	3480	4082	5939	5975	2176	3441	3985	8600	4039	3966	9670	6326	2537	545	4667	3809	1985	364	3556	3360	1833	344	2959	5762	3359	473	5983
chr18	66569263	67187262	618000	8	0	618000	406455	211545	58917	19651	24778	42213	25326	15292	18558	25382	25843	9783	15204	17307	35472	16559	17487	38682	27598	11161	2327	20199	17037	9186	1679	15774	14961	8599	1489	13397	24961	14730	1789	26657
chr18	67187263	67430262	243000	9	0	243000	157162	85838	22416	7583	9960	15839	9717	6096	7726	9730	10365	4061	6540	6640	13300	6466	6768	13954	10572	4571	991	8072	6979	3985	751	6588	5993	3669	659	5401	9725	6078	871	10932
chr18	67430263	68142262	712000	10	0	712000	462459	249541	66302	22295	29035	47057	29141	17735	22344	28900	30369	11635	18524	20194	38877	18511	19995	41545	30883	13217	2817	23258	20152	11313	2085	18847	18094	10349	1855	15947	28991	17518	2367	31846
chr18	68142263	68206262	64000	9	0	64000	41968	22032	6048	2079	2547	4374	2665	1601	1898	2596	2672	1019	1567	1844	3663	1666	1831	3896	2861	1176	279	2049	1751	991	196	1639	1596	877	149	1366	2553	1533	226	2790
chr18	68206263	69151262	945000	10	0	945000	609305	335695	86106	29269	38238	60823	37610	24454	30372	38669	39821	15799	25322	26577	50899	24679	26367	54299	41158	17937	3877	31229	27906	15825	2702	25726	23777	14291	2457	21290	38264	24106	3094	42055
chr18	69151263	69207262	56000	9	0	56000	36928	19072	5594	1791	2383	3795	2207	1376	1617	2301	2514	873	1405	1490	3248	1404	1641	3288	2391	1031	224	1797	1473	824	141	1428	1394	718	117	1251	2243	1293	176	2570
chr18	69391264	69424263	33000	10	0	33000	20613	12387	2915	986	1317	2035	1320	852	1036	1268	1356	577	939	861	1662	875	894	1718	1388	638	168	1096	967	707	237	959	852	607	280	755	1269	918	169	1377
chr18	69424264	69588263	164000	9	0	164000	105359	58641	14880	5185	6674	10461	6545	4369	5248	6795	6971	2638	4262	4591	8803	4229	4511	9195	7217	3046	766	5392	4840	2737	569	4462	4275	2592	487	3796	6626	4233	558	7045
chr18	69588264	69609263	21000	10	0	21000	13911	7089	2152	674	877	1442	855	501	613	828	847	344	482	608	1291	545	596	1254	924	371	86	684	529	279	72	545	516	294	62	446	829	481	78	893
chr18	69609264	69860263	251000	9	0	251000	159145	91855	22497	7838	10484	15193	9975	6580	8358	10041	10572	4302	7181	7081	12968	6270	6927	12877	10723	4904	1134	8228	7528	4671	836	7346	6552	4077	690	6029	10152	6729	908	11347
chr18	69860264	69996263	136000	8	0	136000	81165	54835	10390	4009	5619	6885	5332	4257	5308	5316	5761	2658	4463	3694	5420	3098	3439	5515	5816	3120	710	4377	4851	3259	572	4782	4015	2786	467	3504	5531	4299	579	6166
chr18	69996264	70133263	137000	7	0	137000	86134	50866	12238	4385	5925	7788	5391	3649	4947	5147	5761	2326	3887	3813	6946	3467	3739	6723	5818	2788	609	4612	4293	2573	437	4007	3664	2293	396	3589	5359	3656	482	6290
chr18	70133264	70210263	77000	6	0	77000	48843	28157	7175	2589	3239	4438	3052	1992	2629	2881	3194	1311	2012	2124	4021	2118	2183	3883	3307	1569	384	2750	2353	1357	326	2184	1890	1327	267	1802	3004	1967	343	3327
chr18	70210264	70307263	97000	5	0	97000	57500	39500	7695	2937	3865	4980	3746	2899	3869	3398	3848	1928	3129	2614	4188	2140	2505	3758	3858	2269	528	3249	3500	2536	652	3290	2660	2250	584	2604	3894	2923	478	4224
chr18	70307264	70403263	96000	4	0	96000	57402	38598	7946	2877	3871	4844	3725	2852	3789	3428	3799	1791	3205	2557	4067	2273	2465	3911	3914	2243	512	3124	3461	2175	515	3337	2607	2249	476	2632	3812	2821	483	4237
chr18	70403264	70502263	99000	5	0	99000	57860	41140	7583	2896	3810	4866	3726	3117	4133	3508	3793	1930	3492	2626	4052	2161	2427	3738	3947	2388	577	3193	3702	2597	642	3621	2897	2459	506	2770	3938	3118	507	4278
chr18	70502264	70583263	81000	6	0	81000	49599	31401	6766	2442	3257	4415	3173	2362	2976	3159	3392	1386	2492	2274	3549	1953	2223	3779	3351	1842	376	2574	2805	1810	314	2581	2244	1518	279	2163	3270	2340	303	3630
chr18	70583264	70674263	91000	7	0	91000	56339	34661	7538	2673	3638	5222	3581	2649	3292	3715	3828	1643	2780	2512	4124	2209	2414	4519	3940	1887	373	2974	2993	1967	289	2839	2514	1615	226	2281	3791	2619	322	4031
chr18	70674264	70719263	45000	8	0	45000	27809	17191	3448	1427	1877	2476	1769	1297	1645	1836	1953	775	1360	1344	2059	1083	1248	2210	1988	975	174	1445	1510	862	136	1423	1214	801	116	1115	1835	1293	156	2148
chr18	70752264	70787263	35000	8	0	35000	21729	13271	2946	1089	1511	1967	1417	922	1191	1358	1539	656	1134	981	1611	786	937	1684	1437	717	171	1127	1059	695	143	1109	906	593	122	881	1486	1001	166	1656
chr18	70787264	70963263	176000	9	0	176000	109721	66279	14676	5508	7349	10233	7273	4736	6248	6879	7503	3199	5164	5001	8314	4206	4797	8633	7391	3816	681	5761	5849	3536	552	5408	4712	3030	422	4254	7184	4963	583	8137
chr18	70963264	71457263	494000	10	0	494000	316521	177479	44388	15369	19897	31560	19502	12811	16117	20011	20806	8166	13459	13732	26519	12611	13811	27761	21080	9581	2198	16098	14936	8687	1543	13764	12595	7936	1431	11466	19829	12726	1652	21956
chr18	71457264	71489263	32000	9	0	32000	20407	11593	2736	1015	1217	2017	1272	859	1065	1376	1315	539	815	936	1663	837	885	1859	1456	620	168	1006	965	592	111	871	844	517	99	738	1307	810	122	1366
chr18	71489264	71991371	502108	10	0	502108	326601	175507	46733	15749	19852	33619	20382	12847	15598	20766	20962	8295	12983	14096	27877	13174	13933	29733	22233	9335	2137	16360	14526	8002	1360	13216	12367	7353	1257	11025	20467	12414	1690	21765
chr18	71991373	72032264	40892	10	0	40892	26481	14411	3860	1250	1676	2557	1608	1050	1317	1702	1723	649	1047	1236	2152	1098	1159	2397	1735	759	167	1385	1210	643	98	1082	1024	648	99	905	1708	983	136	1827
chr18	72032265	72116264	84000	9	0	84000	54809	29191	8029	2637	3368	5688	3419	2151	2674	3291	3502	1322	2162	2408	4771	2240	2302	4843	3730	1466	349	2806	2306	1316	218	2230	2102	1245	221	1808	3397	2043	292	3662
chr18	72116265	72293264	177000	10	0	177000	114662	62338	16406	5660	7135	11451	7228	4686	5511	7574	7583	2891	4481	5007	9436	4633	4826	10152	8011	3308	778	5773	5158	2723	535	4568	4513	2552	480	3977	7317	4401	609	7635
chr18	72293265	72590264	297000	9	0	297000	187898	109102	25556	8931	11887	18261	11369	8062	10082	12356	12112	5246	8408	8486	15598	7444	8037	16063	12744	5866	1373	9700	9205	5625	1036	8536	7771	4889	970	7134	12148	8022	1037	13044
chr18	72590265	72716264	126000	8	0	126000	77556	48444	10183	3808	5161	7081	5026	3618	4616	4787	5235	2351	3995	3415	5788	3015	3324	6151	5472	2663	567	4090	4120	2666	520	4024	3401	2324	410	3191	5054	3677	473	5792
chr18	72716265	72978264	262000	7	0	262000	164247	97753	22520	8101	10590	15732	10225	7211	9119	10313	11010	4616	7588	7310	13188	6643	6892	13189	11130	5202	1462	8777	8165	4999	1156	7520	6904	4558	1088	6266	10669	7080	1150	11625
chr18	72978265	73014264	36000	6	0	36000	23078	12922	3095	1078	1444	2329	1399	991	1197	1461	1499	628	983	1076	1953	912	997	2034	1567	694	173	1176	1075	549	138	938	898	556	110	862	1509	901	131	1645
chr18	73014265	73155264	141000	7	0	141000	89977	51023	12837	4491	5525	8940	5691	3693	4721	5651	5778	2481	3913	3792	7487	3597	3680	7699	6144	2775	687	4656	4293	2569	525	3839	3664	2242	455	3209	5655	3639	535	6135
chr18	73155265	73351264	196000	6	0	196000	125511	70489	17613	6105	7892	12458	7709	5394	6329	7819	8168	3168	5333	5602	10578	5031	5247	11064	8639	3715	986	6358	5725	3288	766	5463	4972	3179	659	4468	7915	5060	783	8512
chr18	73351265	73506264	155000	7	0	155000	99617	55383	13774	4872	6337	9954	6266	3854	5096	6330	6686	2630	4135	4488	8211	3971	4225	8787	6589	3033	705	5000	4625	2695	421	4335	3889	2333	345	3473	6443	4014	497	6985
chr18	73506265	73740264	234000	8	0	234000	146476	87524	19452	7129	9607	13852	9214	6653	8134	9547	9915	4108	6928	6547	11458	5857	6209	11864	10310	4827	1042	7568	7422	4610	752	7130	6217	3927	631	5589	9599	6550	759	10591
chr18	73740265	73992264	252000	7	0	252000	147435	104565	18032	7090	10425	12265	9356	8067	10569	9694	10421	4925	8804	6782	10003	5322	6224	9455	10281	5921	1249	7953	9327	6720	1151	9268	7912	5697	919	7234	10166	8128	1071	11567
chr18	73992265	74086264	94000	6	0	94000	54843	39157	6655	2763	3854	4342	3532	3089	4001	3730	3803	1906	3155	2519	3625	2006	2250	3611	4061	2236	476	2992	3594	2482	411	3404	2975	2125	368	2650	3722	3048	399	4214
chr18	74086265	74177264	91000	5	0	91000	53679	37321	6897	2768	3799	4316	3401	2769	3822	3354	3788	1750	2944	2439	3693	2104	2264	3569	3844	2123	513	2912	3172	2268	519	3221	2778	1963	520	2567	3552	2826	414	4129
chr18	74177265	74481264	304000	4	0	304000	170926	133074	20369	8527	12195	12992	10657	9886	13703	10686	11791	6200	11294	7680	11266	6244	6976	10460	11780	7509	1966	9602	12004	9770	2215	12166	9540	8366	1933	9256	11608	10509	1704	13144
chr18	74481265	74579212	97948	3	0	97948	51518	46430	5748	2550	3686	3327	3277	3563	5068	3292	3543	2274	3969	2393	2741	1771	1956	2358	3819	2610	836	2893	4326	3645	977	4359	3358	3313	813	3302	3697	3739	618	4125
chr18	74579213	74615993	36781	3	0	36781	21227	15554	2555	1076	1542	1677	1335	1200	1489	1354	1516	723	1238	998	1444	826	982	1271	1503	835	216	1271	1339	1028	271	1323	1115	870	255	1052	1421	1227	222	1605
chr18	74615994	74616018	25	3	0	25	10	15	0	0	0	1	0	1	2	2	0	0	1	1	1	1	0	0	1	1	0	0	2	1	0	1	1	2	0	2	1	1	0	0
chr18	74616022	74616114	93	3	0	93	59	34	7	5	1	9	4	2	4	3	3	2	1	2	8	2	2	4	6	2	0	3	4	5	0	3	0	1	0	1	3	3	0	1
chr18	74621392	74622489	1098	4	0	1098	548	550	49	27	41	29	33	37	58	42	35	29	50	19	29	27	26	16	46	29	10	35	41	52	10	63	49	35	8	38	34	50	9	40
chr18	74622490	74622732	243	4	0	243	124	119	15	4	9	5	6	20	7	12	10	6	5	7	2	7	5	4	15	9	6	7	12	12	0	10	7	7	3	1	10	7	3	8
chr18	74622737	74622831	95	4	0	95	56	39	2	0	0	8	3	15	3	4	5	4	4	0	0	2	0	4	16	0	3	3	0	0	0	0	1	0	3	0	9	0	0	4
chr18	74622836	74622898	63	4	0	63	32	31	1	0	1	2	2	11	2	4	1	2	1	1	0	2	1	1	10	1	1	2	1	1	0	1	5	1	1	1	3	0	0	1
chr18	74622899	74622929	31	4	0	31	20	11	2	1	0	1	0	4	2	1	1	1	0	1	1	1	1	1	5	0	0	2	0	0	0	0	0	0	0	0	3	0	0	1
chr18	74622931	74623011	81	4	0	81	45	36	0	1	0	1	0	14	6	1	1	5	2	2	1	2	1	6	15	0	2	5	0	0	1	0	1	0	1	0	6	1	0	4
chr18	74623013	74623035	23	4	0	23	12	11	0	1	0	0	1	5	0	1	0	0	2	0	0	0	0	0	3	1	0	2	1	0	0	0	2	0	0	0	2	0	0	0
chr18	74623036	74623048	13	4	0	13	7	6	0	0	0	1	0	4	0	1	1	0	0	0	0	0	0	0	3	0	0	0	0	0	0	0	0	0	0	0	1	0	0	0
chr18	74623051	74623062	12	4	0	12	6	6	0	0	0	0	0	2	0	2	0	0	1	0	0	0	0	0	1	0	0	1	0	0	0	0	2	0	0	0	1	0	0	0
chr18	74623064	74623157	94	4	0	94	49	45	0	0	0	1	0	21	5	2	1	3	3	4	0	3	0	5	18	0	3	6	0	0	1	0	3	0	2	0	7	1	0	3
chr18	74623160	74623337	178	4	0	178	91	87	2	3	2	3	2	37	5	10	4	4	7	1	2	4	1	3	28	2	6	11	0	2	2	1	14	0	4	0	12	1	0	3
chr18	74623339	74683543	60205	4	0	60205	37495	22710	5256	1956	2472	3373	2262	1814	2259	2313	2486	1077	1657	1574	3052	1596	1628	2718	2730	1214	398	2101	1770	1097	264	1740	1749	1054	224	1575	2400	1506	288	2600
chr18	74683544	74782543	99000	5	0	99000	63200	35800	9242	3203	4090	5903	3938	2619	3381	3973	4154	1730	2703	2686	5104	2686	2706	5082	4515	1919	462	3342	2852	1567	323	2777	2508	1524	305	2431	4036	2510	398	4329
chr18	74782544	75009543	227000	6	0	227000	141436	85564	19434	7196	9271	12961	8517	6783	8246	9070	9633	4132	6291	6065	11278	5791	5957	10810	10314	4656	1314	7619	6846	4256	969	6821	6229	3885	902	5631	9227	6095	1105	9694
chr18	75009544	75128580	119037	5	0	119037	65775	53262	7674	3201	4478	4996	3938	4479	5603	4410	4579	2500	4159	2833	4158	2352	2561	3853	5110	2841	1040	3540	4711	3904	1095	4515	4098	3520	912	3904	4511	3960	757	4843
chr18	75128582	75234544	105963	5	0	105963	57241	48722	6572	2816	3985	4232	3565	3815	4920	3765	4065	2269	3875	2554	3404	1986	2119	3297	4370	2631	909	2977	4221	4005	1277	4201	3603	3209	1157	3399	3871	3859	711	4322
chr18	75234545	75392544	158000	6	0	158000	88046	69954	10339	4307	6179	6874	5721	5765	7111	5820	6196	3458	5710	3855	5443	3074	3317	4875	6672	3944	1370	4618	6262	5045	1231	6098	5265	4256	1051	4922	6218	5391	932	6679
chr18	75392545	75557544	165000	7	0	165000	96326	68674	11901	4834	6869	7956	6188	5130	6870	6347	6984	3239	5605	4421	6487	3421	3964	6110	6702	3753	1044	5125	6084	4483	899	5865	5190	3690	742	4847	6559	5405	813	7471
chr18	75557545	75594544	37000	8	0	37000	21535	15465	2470	1052	1452	1767	1362	1162	1545	1497	1498	701	1274	1071	1411	798	919	1554	1491	803	232	1187	1468	1006	197	1273	1120	889	173	1082	1488	1246	162	1648
chr18	75594545	75757544	163000	7	0	163000	97395	65605	12609	4727	6720	8345	6214	4955	6375	6514	6765	3227	5366	4503	6814	3474	3912	6874	6934	3477	951	5021	5803	4029	771	5508	4931	3366	632	4321	6390	5239	708	7523
chr18	75757545	76116544	359000	6	0	359000	213638	145362	27044	10786	14892	18174	13624	11119	14199	13940	15168	6958	11676	9789	15060	7702	8909	14597	15112	8016	2171	11266	12808	8595	1892	12208	10750	7561	1595	9796	14211	11331	1642	16407
chr18	76116545	76239544	123000	5	0	123000	71771	51229	8937	3536	5247	5907	4658	3982	5035	4674	5220	2523	4188	3299	4812	2464	2886	4402	5169	2843	766	3728	4500	3295	626	4603	3738	2809	530	3391	4941	4077	578	5634
chr18	76239545	76343544	104000	4	0	104000	61584	42416	8029	3059	4130	5269	4027	3381	4202	4060	4321	1949	3314	2738	4111	2309	2443	4241	4570	2361	597	3170	3855	2653	546	3529	3202	2265	464	2881	4043	3303	467	4509
chr18	76343545	76379002	35458	3	0	35458	18795	16663	1995	940	1304	1290	1083	1394	1722	1229	1341	832	1322	929	1110	700	724	880	1454	1045	394	972	1469	1247	455	1515	1115	1132	384	1055	1390	1262	243	1529
chr18	76379003	76436543	57541	3	0	57541	29204	28337	3121	1615	2064	1731	1677	2579	2958	1885	2196	1337	2081	1192	1537	1004	993	1234	2449	1844	678	1564	2458	2608	791	2651	2094	1924	672	1796	2098	2134	489	2085
chr18	76436544	76496529	59986	2	0	59986	31661	28325	3922	1711	2253	2214	1934	2238	2811	1816	2175	1314	2089	1328	2069	1173	1126	1488	2437	1499	725	1774	2328	2420	976	2322	2044	2021	953	1918	1990	2105	546	2265
chr18	76496530	76535625	39096	2	0	39096	22390	16706	3005	1128	1448	1809	1403	1315	1590	1328	1455	815	1282	919	1526	786	872	1708	1537	934	373	1200	1474	1187	414	1341	1183	1086	396	1109	1442	1210	277	1542
chr18	76535627	76535651	25	2	0	25	14	11	2	1	1	0	0	0	1	0	2	2	1	0	0	1	3	0	0	0	0	2	0	0	0	2	0	0	0	0	1	2	0	2
chr18	76535653	76691421	155769	2	0	155769	85450	70319	10742	4240	5800	6311	5468	5563	7130	5268	5823	3332	5965	3986	5059	2899	3238	4624	6247	3871	1461	4455	6335	5189	1577	6210	5057	4633	1338	4840	5790	5618	1070	6628
chr18	76691423	76824543	133121	2	0	133121	71738	61383	9118	3639	4759	5111	4567	4865	6278	4167	4724	2782	5376	3123	4217	2534	2818	3659	5184	3518	1158	3960	5418	4449	1604	5466	4383	4331	1503	4403	4892	4639	1073	5401
chr18	76824544	76927543	103000	3	0	103000	59744	43256	7988	3006	3824	4743	3613	3669	4707	3428	3789	2011	3465	2478	4170	2683	2448	3721	4557	2536	744	3531	3694	2479	745	3716	3293	2604	682	2931	3873	3015	589	4266
chr18	76927544	76965543	38000	4	0	38000	21790	16210	2718	1120	1442	1768	1355	1385	1686	1400	1495	752	1219	978	1481	791	942	1256	1642	928	297	1181	1397	993	299	1304	1239	937	273	1275	1548	1135	233	1529
chr18	76984544	77060543	76000	4	0	76000	38851	37149	4220	1895	2602	2508	2328	2959	3964	2655	2664	1724	3223	1862	2013	1186	1420	1627	2856	2000	803	2105	3400	3068	1069	3212	2906	2627	809	2820	2744	3055	601	3073
chr18	77060544	77183543	123000	5	0	123000	65506	57494	7374	3290	4470	4555	3917	4852	6099	4148	4614	2809	4839	2866	3784	2152	2533	3203	5169	3194	1143	3598	5036	4566	1353	5140	4172	3877	1142	3975	4639	4457	804	5228
chr18	77183544	77285543	102000	6	0	102000	58923	43077	7297	2924	4025	4895	3707	3366	4196	3993	4113	1969	3417	2823	4025	2057	2343	3771	3995	2691	645	2986	4181	2854	715	3550	3088	2419	646	2985	3998	3336	528	4460
chr18	77285544	77405543	120000	7	0	120000	69039	50961	8371	3523	4691	5517	4567	4147	5184	4629	4780	2439	4173	3277	4383	2397	2743	4217	5210	2966	796	3534	4728	3332	664	4267	3930	2778	587	3499	4659	3914	605	5491
chr18	77405544	77753543	348000	8	0	348000	206692	141308	26110	10390	13698	17778	13090	11141	14102	13672	14347	6808	11405	9690	14429	7364	8423	14244	15058	7811	2214	10620	12358	8584	1912	11498	10534	7387	1545	9536	14055	10570	1651	15974
chr18	77753544	78009864	256321	9	0	256321	152617	103704	19151	7515	10040	13342	9470	8543	10068	10255	10470	4923	7993	6766	10957	5732	6021	11370	11463	5760	1797	7693	8905	6332	1546	8426	7888	5384	1389	6969	10080	7733	1304	11034
chr18	78011824	78027497	15674	9	0	15674	8973	6701	1017	436	573	762	554	577	652	574	622	290	571	421	595	333	363	633	644	384	140	468	604	422	129	549	477	391	110	477	632	507	100	665
chr18	78027503	78429499	401997	9	0	401997	231025	170972	28411	11348	15378	18877	14145	14426	17230	15497	16107	8479	13439	10344	15351	8108	8639	15246	17828	9479	3403	11650	14678	11328	3195	14326	13044	9542	2532	11596	15747	13178	2330	17114
chr18	78429500	78436499	7000	8	0	7000	3652	3348	383	177	229	255	216	247	334	250	242	191	352	154	203	121	105	193	313	152	87	183	276	318	94	260	204	212	91	217	254	266	60	359
chr18	78439500	78511499	72000	8	0	72000	38982	33018	4128	1888	2386	2914	2370	3042	3499	2750	2530	1694	2650	1817	2288	1354	1413	2259	3281	1884	694	2118	2989	2457	677	2847	2600	2080	551	2147	2791	2550	514	2836
chr18	78515500	78575499	60000	8	0	60000	32332	27668	3614	1643	2074	2263	1946	2659	2883	2180	2243	1322	2245	1446	1791	1103	1167	1753	2994	1446	623	1664	2396	2154	640	2295	2088	1748	500	1862	2189	2138	381	2548
chr18	78575500	78728499	153000	7	0	153000	78012	74988	7804	4001	5358	4831	4483	6834	7887	5259	5592	3708	6293	3562	4115	2329	2602	3354	6659	4350	1553	4310	6803	6706	2039	6611	5253	5061	1460	5026	5748	6042	1172	6193
chr18	78728500	78868499	140000	6	0	140000	71282	68718	6964	3388	4715	4665	3975	6311	7377	4940	5138	3290	5914	3090	3654	2071	2418	3371	5914	3852	1525	3769	6080	5807	1862	6068	5309	4741	1411	4947	5300	5416	1076	5640
chr18	78868500	78951499	83000	5	0	83000	43951	39049	5000	2134	2897	3069	2705	3076	4061	3043	3061	1855	3262	2366	2333	1292	1628	2167	3220	2101	898	2138	3602	3013	977	3358	2810	2743	805	2840	3253	3093	686	3512
chr18	78951500	79013499	62000	4	0	62000	32255	29745	3864	1676	2145	2377	1913	2449	2698	2083	2161	1283	2213	1354	2124	1109	1077	1728	2572	1440	817	1688	2251	2429	1349	2171	2149	2355	1429	2083	2171	1976	673	2191
chr18	79040500	79169499	129000	4	0	129000	75521	53479	10080	3970	4945	6024	4833	4315	5401	4746	4891	2662	4265	3226	5214	2979	3141	4828	5645	3066	831	4384	4698	3270	920	4298	3854	3045	781	3642	5097	3805	714	5428
chr18	79169500	79270499	101000	5	0	101000	60380	40620	8062	3111	3983	5068	3627	3358	4245	3652	3947	1958	3039	2487	4588	2536	2501	4217	4621	2211	726	3405	3247	2205	668	3322	3118	2204	631	2829	3896	2822	502	4212
chr18	79364500	79472499	108000	5	0	108000	46993	61007	4205	2303	3017	2185	2468	4752	6508	2694	3217	2913	5072	2046	1821	1180	1300	1311	3743	3174	1877	2353	5399	6741	2906	5297	4045	5704	2328	4191	3235	4724	1233	4056
chr18	79476500	79534499	58000	5	0	58000	25936	32064	2315	1298	1615	1259	1316	2940	3440	1465	1768	1681	2512	1055	1087	713	717	753	2391	1820	1102	1320	2805	3457	1361	2752	2101	2616	1161	2162	1864	2482	620	2050
chr18	79534500	79617499	83000	4	0	83000	37691	45309	3221	1656	2450	1821	2059	3888	4825	2492	2443	2215	3884	1604	1425	1041	1089	1577	3291	2468	1174	1867	4003	4836	1821	4010	3340	3828	1395	3129	2631	3537	736	3242
chr18	79635500	79749499	114000	4	0	114000	56756	57244	6137	3254	3635	3393	3371	4787	5899	3365	3912	2901	4585	2525	2999	1795	1931	2267	4410	3360	1855	3111	4837	4925	2141	4931	4026	4107	1864	3753	4149	4442	1076	4255
chr18	79749500	79918499	169000	3	0	169000	80664	88336	7820	4167	5108	4487	4631	7651	9512	4967	5531	4616	7109	3468	3600	2272	2600	3124	6923	5055	2525	4203	7683	8563	3297	7594	6162	6743	2800	6062	5993	6776	1486	6470
chr18	79922500	80011499	89000	3	0	89000	45338	43662	5307	2389	3112	2850	2875	3273	4632	2605	2952	2004	3758	1956	2524	1524	1655	1921	3292	2499	882	2518	3901	3828	1305	4002	3081	3452	1185	3046	3111	3258	710	3591
chr18	80036500	80071139	34640	2	0	34640	18814	15826	2344	1026	1233	1303	1210	1241	1753	1144	1187	721	1284	823	1165	694	727	958	1428	929	270	1055	1448	1192	298	1510	1189	1158	262	1071	1282	1169	202	1362
chr18	80071141	80071168	28	2	0	28	11	17	0	0	1	0	1	4	3	0	0	2	0	0	0	0	0	0	2	2	0	2	3	0	0	1	3	0	0	1	0	1	0	0
chr18	80071170	80071242	73	2	0	73	21	52	0	1	0	0	0	8	6	0	1	2	3	0	0	0	0	0	4	6	0	1	2	13	4	5	6	1	0	3	2	3	0	0
chr18	80071244	80071280	37	2	0	37	12	25	0	1	0	0	0	4	4	0	1	1	1	0	0	0	0	0	2	3	0	0	2	5	0	4	3	0	0	1	1	2	0	0
chr18	80071281	80071345	65	2	0	65	20	45	0	3	0	0	1	6	5	0	2	1	2	0	0	0	0	0	5	5	0	0	2	10	2	6	4	1	2	1	0	3	2	0
chr18	80071425	80071513	89	2	0	89	25	64	0	3	0	0	0	7	7	0	3	2	3	0	0	0	0	0	4	8	0	0	3	17	4	8	6	2	1	2	1	5	1	0
chr18	80072282	80072343	62	2	0	62	19	43	0	1	0	0	0	7	6	0	1	2	1	0	0	0	0	0	4	6	0	0	2	9	2	5	6	1	1	2	1	2	1	0
chr18	80072926	80072939	14	2	0	14	5	9	0	1	0	0	0	0	1	0	0	0	2	0	0	0	0	0	0	1	0	0	1	2	0	2	0	0	0	0	0	2	0	0
chr18	80072941	80072961	21	2	0	21	8	13	0	1	0	0	1	3	2	0	0	1	0	0	0	0	0	0	3	2	0	0	1	0	0	1	2	0	0	1	0	0	1	0
chr18	80073237	80073307	71	2	0	71	21	50	0	2	0	0	0	6	7	0	2	2	2	0	0	0	0	0	4	6	0	0	3	10	0	7	6	2	2	2	0	4	2	0
chr18	80073308	80073343	36	2	0	36	10	26	0	1	0	0	0	3	3	0	1	1	1	0	0	0	0	0	2	3	0	0	1	6	0	3	3	1	1	1	0	2	1	0
chr18	80073345	80073447	103	2	0	103	32	71	0	3	0	0	0	10	9	0	3	3	4	0	0	0	0	0	6	10	0	0	3	12	4	9	9	1	2	4	1	6	2	0
chr18	80073449	80073499	51	2	0	51	14	37	0	2	0	0	0	1	5	0	2	2	2	0	0	0	0	0	1	4	0	0	2	10	2	5	3	1	1	1	0	3	1	1
chr18	80073559	80074823	1265	2	0	1265	611	654	58	32	40	29	43	60	85	36	31	30	52	27	27	30	23	8	65	31	9	47	61	61	13	57	51	50	10	57	47	50	4	39
chr18	80074825	80074855	31	2	0	31	17	14	3	2	1	1	1	1	1	1	2	0	1	0	1	0	1	0	0	1	0	1	3	0	0	1	1	1	0	2	1	2	0	0
chr18	80074857	80075124	268	2	0	268	119	149	2	4	4	5	6	18	24	7	5	11	16	4	2	6	4	0	18	4	4	13	12	13	2	9	13	9	2	12	12	9	2	14
chr18	80075200	80075286	87	2	0	87	33	54	0	0	0	0	0	5	11	1	0	6	9	0	0	0	0	0	4	2	0	4	6	8	0	2	6	0	0	6	1	6	0	8
chr18	80075317	80075350	34	2	0	34	13	21	0	0	0	0	0	2	4	0	0	2	4	0	0	0	0	0	2	1	0	1	2	3	0	1	2	0	0	2	0	2	0	4
chr18	80075576	80075665	90	2	0	90	32	58	0	0	0	1	0	6	12	0	1	4	6	1	0	0	0	0	6	4	0	0	6	11	0	5	6	0	0	6	0	6	0	7
chr18	80075741	80077162	1422	2	0	1422	709	713	56	30	40	48	35	62	99	34	49	42	67	34	34	16	21	40	65	41	11	33	57	75	15	67	59	35	6	56	49	63	10	71
chr18	80077163	80077316	154	2	0	154	76	78	8	5	5	5	8	5	7	5	3	1	10	3	4	1	1	4	4	5	0	3	9	3	2	10	7	11	0	6	5	6	2	4
chr18	80077317	80081300	3984	2	0	3984	2075	1909	262	123	150	137	149	162	204	112	166	94	155	80	94	67	55	63	182	116	38	110	176	140	59	177	116	145	32	123	153	151	37	154
chr18	80081301	80083194	1894	2	0	1894	982	912	114	57	67	52	68	88	108	52	67	41	78	45	42	33	42	27	90	53	18	58	86	61	11	76	61	66	22	79	79	54	15	82
chr18	80083196	80083488	293	2	0	293	183	110	47	10	17	10	9	5	6	14	19	4	12	9	8	3	4	5	10	4	2	6	10	14	0	10	2	3	0	5	12	13	0	18
chr18	80083489	80083956	468	2	0	468	224	244	29	8	9	6	9	21	30	15	7	9	28	19	8	7	13	4	10	12	7	16	24	12	5	23	19	22	8	23	22	18	4	19
chr18	80083958	80083999	42	2	0	42	24	18	3	0	3	2	1	0	1	1	2	0	3	0	3	1	1	1	0	0	0	1	1	3	0	3	1	2	0	1	1	2	0	3
chr18	80084001	80087973	3973	2	0	3973	2342	1631	278	113	164	210	160	123	161	161	174	62	141	117	153	78	112	134	153	74	18	131	138	108	9	147	146	83	9	120	167	137	10	180
chr18	80087975	80088040	66	2	0	66	51	15	10	2	2	6	1	0	0	1	1	1	2	1	8	1	4	10	0	0	2	2	0	1	0	2	1	0	0	1	1	1	0	3
chr18	80088042	80088881	840	2	0	840	584	256	89	25	36	78	48	17	12	30	34	7	12	24	57	27	30	58	39	9	5	23	26	9	1	16	18	10	0	22	24	24	0	28
chr18	80088882	80089160	279	2	0	279	185	94	28	9	18	15	16	7	8	11	13	3	9	14	13	5	2	12	13	3	0	8	11	1	0	3	4	5	0	7	14	6	0	19
chr18	80089168	80090299	1132	2	0	1132	657	475	96	26	39	57	46	39	56	32	40	18	49	30	37	22	30	39	44	23	2	36	42	21	5	46	38	34	4	42	49	35	3	50
chr18	80090306	80091037	732	2	0	732	445	287	74	23	23	40	35	20	31	28	25	14	22	18	28	24	16	22	33	17	3	28	34	18	1	20	20	15	2	17	27	23	2	27
chr18	80091039	80091063	25	2	0	25	19	6	6	1	2	1	0	0	1	0	3	0	0	0	2	0	1	1	1	0	0	0	0	0	0	1	0	0	0	0	0	1	0	2
chr18	80091065	80091490	426	2	0	426	298	128	51	14	21	35	19	3	9	12	26	5	8	15	25	10	23	22	14	6	0	11	7	3	0	11	4	5	1	10	17	7	1	29
chr18	80091493	80092348	856	2	0	856	592	264	95	31	41	60	43	19	17	25	43	12	14	20	45	22	21	82	38	17	6	23	23	11	3	20	17	6	0	11	26	23	1	39
chr18	80092369	80094116	1748	2	0	1748	1046	702	146	56	53	92	82	54	66	77	66	30	74	56	52	38	31	71	66	49	5	58	92	27	4	51	43	38	6	37	78	60	9	79
chr18	80094119	80098620	4502	2	0	4502	2382	2120	246	108	187	162	168	164	223	165	174	104	174	102	115	70	94	125	184	113	29	121	193	179	25	214	169	149	38	152	174	170	18	191
chr18	80098621	80103218	4598	2	0	4598	2544	2054	286	131	175	182	158	162	207	150	166	93	189	149	165	81	123	125	143	148	30	146	211	144	30	199	127	128	16	135	196	164	22	215
chr18	80103220	80103246	27	2	0	27	12	15	1	0	1	1	1	0	2	2	0	0	0	1	1	1	0	0	1	0	0	0	2	3	0	2	1	2	0	1	1	1	0	0
chr18	80103248	80106536	3289	2	0	3289	1761	1528	155	95	124	103	115	115	190	119	128	88	148	93	79	60	62	87	140	86	18	113	139	86	23	134	118	88	18	106	142	121	23	171
chr18	80106537	80109142	2606	2	0	2606	1269	1337	122	72	74	84	79	129	136	66	90	61	117	53	61	32	48	43	103	69	38	84	127	146	31	120	83	101	37	77	99	108	20	94
chr18	80109151	80111566	2416	2	0	2416	1138	1278	119	72	71	78	67	60	102	63	73	51	103	48	81	57	37	55	78	56	35	71	77	163	90	90	66	115	97	64	71	86	30	88
chr18	80111568	80112080	513	2	0	513	291	222	55	11	10	29	19	15	19	13	17	10	18	14	15	11	14	20	12	18	4	13	21	17	10	21	15	17	5	9	18	18	5	18
chr18	80112094	80173616	61523	2	0	61523	34412	27111	4420	1872	2302	2445	2166	2182	2915	2132	2286	1317	2196	1436	2168	1321	1348	1905	2591	1607	494	1999	2394	1860	526	2330	2048	1695	456	1875	2362	1948	368	2557
chr18	80173617	80209616	36000	3	0	36000	18601	17399	1919	951	1193	1157	1103	1684	1900	1271	1196	792	1432	810	1003	656	643	890	1710	988	392	993	1551	1470	355	1561	1363	1192	346	1247	1334	1287	243	1366
chr18	80209617	80247616	38000	4	0	38000	20595	17405	2390	1064	1385	1482	1384	1346	1816	1332	1364	850	1372	952	1183	741	840	1094	1576	1029	243	1153	1619	1435	364	1540	1215	1182	335	1174	1468	1312	212	1546
chr18	80247617	80258580	10964	5	19	10945	5701	5244	583	237	427	361	365	440	528	341	355	238	501	294	298	185	257	270	387	328	67	321	472	451	95	536	379	380	66	365	437	396	62	493
chr18	80258581	80258646	66	5	0	66	23	43	0	0	0	0	0	23	0	0	0	0	0	0	0	0	0	0	12	11	0	0	11	7	0	0	0	0	0	0	0	0	0	0
chr18	80258647	80259271	625	5	0	625	331	294	28	27	11	26	12	30	10	21	15	6	13	9	37	22	37	26	17	50	6	12	31	69	2	36	10	4	2	12	16	15	0	11
chr19	60001	86499	26499	8	0	26499	13915	12584	1452	654	1011	930	858	978	1325	888	935	584	1092	622	802	466	576	742	1045	695	192	750	1133	1094	259	1211	967	880	212	913	904	1028	169	1130
chr19	86500	108499	22000	7	0	22000	14335	7665	1939	683	946	1439	821	551	631	929	1012	349	598	646	1236	557	601	1396	927	397	105	711	600	369	74	602	494	289	60	431	911	591	71	1032
chr19	108500	133499	25000	6	0	25000	16084	8916	2325	807	1050	1532	1061	666	748	1058	1092	398	637	719	1236	647	677	1430	1107	495	104	812	804	437	61	658	632	373	63	524	990	655	82	1118
chr19	133500	168499	35000	5	0	35000	21933	13067	3032	1129	1344	2032	1458	975	1237	1463	1557	595	968	1011	1489	864	925	1852	1622	754	125	1062	1172	726	90	1076	891	574	74	769	1448	1010	107	1567
chr19	168500	242823	74324	4	0	74324	41558	32766	4947	1903	2764	3280	2673	2432	3390	2514	2548	1489	3040	1796	2726	1576	1714	2766	2815	1865	430	2289	2996	2386	554	3102	2202	2375	438	2439	2996	2412	388	3077
chr19	242824	242864	41	4	0	41	25	16	4	4	1	2	2	1	1	0	4	1	1	0	1	0	3	0	0	4	0	1	3	0	0	1	0	0	0	0	1	0	0	4
chr19	242865	260499	17635	4	0	17635	10181	7454	1259	589	690	816	647	530	721	677	712	359	575	444	737	369	480	574	757	456	116	518	624	543	123	665	521	403	149	489	673	553	70	794
chr19	260500	316499	56000	3	0	56000	26360	29640	2639	1186	1627	1390	1574	2693	3136	1533	1567	1711	2514	1102	1061	849	841	935	2310	1811	748	1570	2777	2851	1106	2645	1789	2446	854	1839	2061	2271	498	2064
chr19	316500	359499	43000	2	0	43000	21764	21236	2357	1032	1219	1303	1467	2159	2160	1208	1132	1058	1839	964	955	831	711	1369	2150	1238	527	1165	1903	1632	692	1845	1452	1713	592	1332	1489	1490	427	1587
chr19	359500	993374	633875	1	0	633875	257940	375935	22082	11379	14681	10538	13910	27640	38235	13301	14742	16507	32787	13035	7946	7071	7983	6102	17668	21530	9796	13603	34221	47082	19608	34979	22173	38099	15695	24409	19023	29179	8173	20696
chr19	993376	2340155	1346780	1	0	1346780	554372	792408	51070	24484	33401	22333	32018	58819	83501	27796	31410	35035	68119	24694	16790	15260	17443	12199	39655	45200	18483	30260	72702	95455	39047	73620	50429	80800	33248	54249	39347	59368	16208	44335
chr19	2340157	4122685	1782529	1	0	1782529	807592	974937	84370	36527	47828	40436	49156	76030	103134	44333	45515	43435	89799	38700	30119	24911	28181	25117	58308	56912	20672	45011	92558	102867	37357	92246	63410	89704	31305	67137	58377	75544	18980	64548
chr19	4122687	4499637	376951	1	0	376951	173708	203243	18874	7778	10499	8716	10843	15537	22074	8875	9703	8861	19790	8396	6447	5540	6452	5323	11902	11857	3828	10129	19638	20084	6876	19927	13168	18635	6000	14447	12621	15948	3870	14311
chr19	4499638	4954667	455030	1	0	455030	212027	243003	23391	9525	12390	11385	13380	18547	26383	11318	11621	10824	23020	10299	8299	6773	7792	7080	14382	14433	4674	12180	23910	23713	8254	23381	15954	22397	6903	17056	15382	18714	4701	16967
chr19	4954669	5348488	393820	1	0	393820	178372	215448	17613	8193	11505	8588	10999	16860	23719	10125	10507	9637	19012	8284	6780	5175	6058	5317	13293	12405	4409	9758	20997	23108	7282	20626	14656	20067	6000	15405	12756	16433	3746	14505
chr19	5348489	5481488	133000	2	0	133000	66123	66877	7522	3071	4281	3794	4218	5291	7160	4030	4141	2893	6684	3436	2787	2035	2446	2334	4640	3916	1079	3654	6636	5898	1495	6595	4507	5248	1354	4699	4916	5562	1054	5622
chr19	5481489	6008488	527000	1	0	527000	249545	277455	27225	11713	16122	13311	15806	21164	30076	13819	15032	12531	25562	11690	10306	8129	9183	7874	17367	16308	5313	14549	26946	26135	8913	26441	18367	24557	7874	19870	18185	21435	5112	20083
chr19	6008489	6352488	344000	2	0	344000	175165	168835	21010	8328	11663	10829	11318	13454	17968	10373	10920	7657	15290	7984	8583	5772	6525	7490	12592	9831	2888	9900	16538	14321	4236	15741	11597	13598	3638	12103	12385	13086	2678	13702
chr19	6352489	6448488	96000	1	0	96000	44795	51205	4912	2106	2767	2434	2975	3703	5352	2291	2506	2211	4825	2161	1824	1403	1673	1650	2810	3048	945	2620	4970	5267	1791	4963	3293	4685	1519	3591	3248	3991	1021	3443
chr19	6448489	6578488	130000	2	0	130000	63968	66032	7309	2943	3969	3571	4055	5165	6984	3384	3571	3058	6407	3186	2857	2132	2628	2749	4495	4107	1085	3611	6396	6280	1841	6236	4292	5310	1618	4538	4405	5056	1158	5602
chr19	6578489	7215488	637000	3	0	637000	339802	297198	40716	15832	21218	23907	21603	23418	30318	20152	20457	13282	28204	16589	18897	12133	13233	19842	22993	18517	4732	18422	28801	23279	6851	27576	19903	21583	5822	20186	23794	23128	4821	26789
chr19	7215489	7302488	87000	2	0	87000	45477	41523	6205	2259	2863	3016	3121	3184	4262	2505	2745	1765	3907	2198	2272	1585	1798	1791	3047	2488	671	2586	4142	3182	1044	3864	2780	3259	938	2905	3103	3303	735	3475
chr19	7302489	7304078	1590	3	0	1590	887	703	122	31	64	73	61	46	54	51	61	25	98	38	46	33	29	54	53	36	7	40	56	67	11	70	41	47	13	39	61	54	11	96
chr19	7331320	7331398	79	2	0	79	46	33	1	0	0	4	0	8	1	12	1	2	0	9	3	1	0	2	1	8	1	1	8	0	1	0	0	0	0	0	12	1	0	0
chr19	7331399	7331766	368	2	0	368	224	144	0	2	1	19	7	28	5	56	1	5	2	57	14	2	2	22	6	24	2	6	28	0	2	0	3	4	2	1	58	2	2	3
chr19	7331769	7334994	3226	2	0	3226	1732	1494	191	87	112	106	95	124	159	116	121	62	143	102	89	46	80	97	106	89	19	105	142	121	19	146	97	104	20	97	149	114	20	146
chr19	7335012	7335998	987	2	0	987	525	462	42	24	32	28	28	40	53	37	26	26	43	28	30	26	25	35	48	29	8	31	45	25	6	49	29	36	6	27	36	35	4	48
chr19	7336000	7338542	2543	2	0	2543	1231	1312	116	48	89	61	67	101	159	79	78	62	121	54	52	28	52	62	90	65	16	68	127	137	24	134	104	107	14	111	85	113	8	109
chr19	7338545	7339905	1361	2	0	1361	752	609	106	26	58	59	46	65	61	33	64	30	63	24	33	22	23	38	66	32	12	34	52	39	13	46	39	44	11	40	48	35	12	85
chr19	7339908	7342669	2762	2	0	2762	1449	1313	201	83	81	93	109	109	154	60	77	47	125	64	73	45	47	79	103	85	19	77	133	81	34	128	91	131	22	96	105	79	23	106
chr19	7342670	7347395	4726	2	0	4726	2340	2386	254	124	117	141	155	268	255	138	119	94	205	108	108	94	77	83	257	152	42	129	230	188	69	209	181	186	65	152	148	170	42	164
chr19	7347396	7350766	3371	2	0	3371	1652	1719	203	85	96	83	106	122	200	97	81	73	165	68	76	51	61	84	114	105	27	85	178	181	32	175	121	147	27	139	111	133	20	123
chr19	7350775	7350825	51	2	0	51	26	25	0	1	0	0	1	21	0	0	0	0	1	0	0	0	0	0	22	0	0	0	1	0	0	0	0	0	0	0	0	1	0	1
chr19	7350827	7351701	875	2	0	875	433	442	34	21	27	23	32	31	50	27	20	19	44	29	19	18	20	17	30	27	7	25	45	32	10	42	33	38	8	33	32	32	5	43
chr19	7351705	7352551	847	2	0	847	480	367	83	25	29	30	31	29	44	22	28	19	34	18	25	14	29	18	34	27	1	25	32	21	1	47	28	26	1	25	32	27	1	39
chr19	7352552	7352583	32	2	0	32	15	17	0	0	0	1	0	2	3	1	1	1	3	2	0	0	0	0	2	1	0	1	2	1	0	1	0	1	0	1	2	1	0	3
chr19	7352585	7352832	248	2	0	248	105	143	9	3	2	6	3	15	16	6	6	4	14	7	2	5	4	3	6	9	4	7	14	9	7	14	10	17	4	9	10	10	5	6
chr19	7352833	7352862	30	2	0	30	27	3	20	0	0	0	1	0	0	1	0	1	0	0	0	0	1	1	1	0	0	0	0	0	0	0	0	0	0	0	1	0	0	1
chr19	7352864	7353019	156	2	0	156	78	78	5	2	4	6	6	5	11	7	3	1	8	7	3	3	3	2	4	4	0	3	10	2	0	9	8	8	1	9	7	7	1	5
chr19	7353021	7353062	42	2	0	42	17	25	1	3	0	0	1	1	2	2	2	2	2	0	0	0	0	0	1	3	1	1	4	2	1	1	0	3	0	1	1	1	2	2
chr19	7353068	7353957	890	2	0	890	451	439	61	18	29	31	34	36	50	14	30	10	44	24	14	16	23	15	20	30	3	27	50	23	9	46	32	43	11	36	32	32	7	38
chr19	7353958	7355068	1111	2	0	1111	576	535	88	28	36	24	46	49	57	27	23	22	55	33	17	25	22	22	52	27	10	35	51	44	11	44	33	38	8	49	43	41	7	42
chr19	7355085	7399613	44529	2	0	44529	21905	22624	2386	964	1527	1149	1363	1628	2424	1377	1410	997	2273	1210	867	683	800	846	1415	1347	322	1188	2297	2061	500	2347	1464	1745	437	1610	1615	2052	343	1880
chr19	7399614	7873420	473807	1	0	473807	223133	250674	23042	10319	14112	11951	14330	19622	26530	12784	12946	11168	22553	11037	9106	7385	8511	7736	15973	15367	4494	12660	24732	25375	7830	23936	16438	21697	7020	17447	16124	19435	4482	17663
chr19	7873422	7958503	85082	1	0	85082	36660	48422	3391	1609	2345	1547	2225	3367	5006	1784	2051	2122	4526	1672	1225	1151	1324	1314	2452	2809	953	2035	4433	5547	2127	4712	2972	4713	1890	3407	2525	3751	1048	3047
chr19	7958505	8604001	645497	1	0	645497	311485	334012	36541	14236	19386	16930	20080	25936	36612	16729	17303	14501	31679	15076	13169	10428	12396	10483	20810	20280	5398	18613	32987	30064	9582	32520	22803	29508	8614	24273	22757	25300	5834	24667
chr19	8604002	8606776	2775	1	0	2775	1331	1444	134	48	67	79	70	110	149	91	64	58	138	64	61	46	57	94	83	74	24	80	143	149	44	144	90	144	42	102	104	113	22	85
chr19	8606778	8606821	44	1	0	44	19	25	0	1	2	0	2	0	2	4	0	1	0	1	1	1	3	1	1	1	0	1	1	4	0	3	4	3	0	3	1	1	0	0
chr19	8606823	8607908	1086	1	0	1086	503	583	35	19	41	25	37	48	68	25	35	33	64	24	12	6	20	10	34	36	4	32	63	67	8	52	43	43	6	38	38	43	4	71
chr19	8607913	8608125	213	1	0	213	99	114	11	2	5	6	5	8	11	6	3	4	14	7	4	4	5	3	6	6	2	4	12	8	4	11	5	13	3	11	7	8	4	9
chr19	8608126	8608372	247	1	0	247	105	142	10	5	11	2	7	5	16	0	10	4	19	4	2	5	3	0	3	9	1	6	12	21	4	20	6	13	1	8	7	14	2	15
chr19	8608376	8610422	2047	1	0	2047	831	1216	38	32	49	20	50	179	112	50	38	77	103	19	13	22	18	11	182	69	22	37	91	155	52	119	63	99	43	45	55	93	9	80
chr19	8610423	8613684	3262	1	0	3262	1302	1960	128	71	81	57	82	145	171	57	89	55	176	53	38	34	41	23	86	116	24	80	193	321	85	192	85	195	101	109	91	159	34	88
chr19	8613685	8616659	2975	1	0	2975	1500	1475	203	70	98	87	106	114	162	68	80	61	153	79	70	52	58	38	91	80	22	104	145	117	32	147	98	128	31	107	116	116	27	113
chr19	8616664	8618662	1999	1	0	1999	1032	967	154	54	63	70	74	73	95	44	53	41	91	53	60	27	44	35	58	62	17	58	93	93	25	100	58	85	20	58	77	71	14	77
chr19	8618663	8618965	303	1	0	303	142	161	28	5	5	5	5	12	23	5	8	9	17	3	3	5	7	1	7	7	6	11	15	7	3	15	9	16	12	15	13	10	3	11
chr19	8618966	8621718	2753	1	0	2753	1348	1405	219	63	87	71	96	106	160	57	75	65	123	73	51	35	37	29	85	99	19	66	158	144	36	137	97	107	29	91	79	124	20	113
chr19	8627749	8634865	7117	1	0	7117	3501	3616	386	163	282	179	252	275	404	158	215	162	349	170	156	113	124	111	248	214	47	204	345	313	75	410	246	306	57	255	251	310	45	290
chr19	8634866	8638045	3180	1	0	3180	1657	1523	257	83	80	108	125	113	170	82	83	63	164	57	63	68	68	73	105	102	19	100	156	95	30	159	107	139	35	107	121	104	26	116
chr19	8638046	8639599	1554	2	0	1554	739	815	74	43	55	40	65	79	82	38	47	22	70	31	25	23	29	15	65	40	18	44	75	69	18	81	78	77	25	54	46	57	11	56
chr19	8639600	8640316	717	2	0	717	362	355	41	24	21	17	26	32	42	20	18	14	29	15	17	14	13	18	36	26	5	17	36	33	8	31	26	31	7	22	22	18	2	34
chr19	8640317	8641486	1170	2	0	1170	615	555	66	39	52	34	58	47	61	35	39	29	46	23	28	18	14	24	47	45	9	32	56	34	11	44	53	32	9	46	45	34	7	51
chr19	8641488	8641509	22	2	0	22	13	9	1	0	0	1	2	2	1	1	0	0	0	0	0	1	0	2	1	2	0	0	2	0	0	0	3	0	0	1	0	0	0	0
chr19	8641511	8641829	319	2	0	319	184	135	12	9	16	10	9	11	14	18	13	7	13	11	14	5	8	13	14	8	0	10	12	9	0	10	9	5	0	13	17	9	0	18
chr19	8641831	8642953	1123	2	0	1123	608	515	71	44	47	31	59	45	46	42	33	20	39	26	31	18	34	21	50	33	4	40	62	35	6	35	40	41	4	47	40	29	4	44
chr19	8642954	8644759	1806	2	0	1806	966	840	85	44	54	74	73	55	97	69	56	41	99	59	44	31	39	44	55	56	6	55	93	62	5	77	55	56	4	61	91	63	5	96
chr19	8644773	8645300	528	2	0	528	262	266	30	11	12	17	16	20	34	15	11	11	30	15	14	10	5	9	16	20	1	15	29	22	3	30	17	18	6	21	23	24	6	15
chr19	8645301	8647587	2287	2	0	2287	1127	1160	111	58	71	65	78	95	129	62	60	41	103	57	57	42	55	42	83	68	12	73	125	102	18	125	81	104	20	87	75	97	16	73
chr19	8647588	8647778	191	2	0	191	103	88	10	12	5	2	5	17	8	11	10	2	6	5	3	0	2	3	22	3	3	3	7	6	0	7	6	1	2	5	6	10	1	6
chr19	8647779	8648171	393	2	0	393	164	229	14	6	5	7	9	34	18	7	5	5	22	10	4	8	8	2	27	12	5	9	18	20	10	18	13	18	20	16	10	16	5	10
chr19	8648172	8648852	681	2	0	681	377	304	70	26	19	22	28	25	29	35	15	10	20	14	22	14	11	15	30	24	6	15	37	22	4	27	30	26	5	19	20	18	3	18
chr19	8648853	8649274	422	2	0	422	228	194	41	5	20	14	16	21	21	10	9	8	14	13	14	5	4	11	9	15	3	12	24	16	0	23	16	19	0	13	19	13	1	11
chr19	8649275	8650653	1379	2	0	1379	711	668	109	33	38	51	48	45	83	38	35	28	57	31	40	30	24	20	42	41	15	38	64	43	22	56	56	60	21	59	52	41	8	49
chr19	8650655	8652978	2324	2	0	2324	1366	958	214	56	99	121	63	66	79	71	113	33	107	62	98	52	58	72	68	46	20	73	82	49	26	85	48	56	29	61	81	91	19	124
chr19	8653067	8654318	1252	2	0	1252	688	564	94	42	31	60	58	46	56	49	44	12	53	34	31	22	24	31	43	41	10	28	69	26	8	46	44	45	15	44	52	37	9	46
chr19	8654319	8655912	1594	2	0	1594	706	888	66	26	52	32	35	52	110	32	49	47	103	22	25	17	18	18	49	45	11	37	88	101	23	93	49	79	23	69	44	80	13	84
chr19	8655914	8656304	391	2	0	391	153	238	3	8	13	1	5	15	29	7	15	10	34	3	2	3	4	1	12	16	4	4	21	34	4	29	17	18	1	14	6	22	1	33
chr19	8656306	8656329	24	2	0	24	7	17	0	0	1	0	0	1	2	0	1	0	2	0	0	0	0	0	0	1	0	0	0	2	0	3	1	1	2	2	1	2	0	0
chr19	8656330	8656386	57	2	0	57	23	34	0	0	7	0	0	3	3	0	7	0	2	0	0	0	0	0	0	3	0	0	3	5	0	7	0	3	0	3	3	3	0	3
chr19	8656462	8656477	16	2	0	16	7	9	0	0	2	0	0	1	1	0	2	0	0	0	0	0	0	0	0	1	0	0	1	1	0	1	0	1	0	1	1	0	0	1
chr19	8656500	8658664	2165	2	0	2165	956	1209	72	50	58	45	77	98	146	38	49	60	108	47	27	30	31	18	85	85	19	49	121	153	26	121	85	91	25	85	68	92	14	90
chr19	8658673	8660127	1455	2	0	1455	698	757	71	23	43	39	29	62	87	40	47	30	82	38	29	24	25	28	40	42	15	42	71	69	20	82	49	68	11	50	58	63	14	62
chr19	8660136	8660584	449	2	0	449	230	219	18	13	21	15	17	20	16	13	22	10	18	7	10	11	10	9	28	13	3	10	14	22	8	26	12	12	1	11	12	24	4	17
chr19	8660590	8660640	51	2	0	51	22	29	0	0	7	0	0	0	0	0	6	0	6	0	1	1	0	0	0	0	0	0	0	5	0	10	0	0	0	0	0	10	0	3
chr19	8660642	8661110	469	2	0	469	215	254	32	9	27	6	10	10	20	8	24	5	35	6	9	8	3	2	7	16	1	8	18	36	3	53	13	14	2	13	10	44	4	11
chr19	8661111	8662196	1086	2	0	1086	567	519	69	26	36	37	40	47	59	27	36	17	51	28	23	26	19	26	43	31	8	33	52	28	6	58	39	42	10	35	39	43	12	38
chr19	8662198	8662243	46	2	0	46	31	15	17	0	4	0	0	1	1	0	1	1	2	0	3	1	0	0	1	1	0	1	0	2	0	3	0	0	0	1	1	2	0	1
chr19	8662245	8663415	1171	2	0	1171	578	593	82	31	42	19	40	58	66	33	29	25	66	24	22	13	19	8	44	32	8	43	59	44	6	70	50	49	7	36	44	53	3	44
chr19	8663424	8663434	11	2	0	11	3	8	0	0	0	0	0	1	0	0	0	0	1	0	0	0	0	0	0	0	0	0	1	3	0	1	0	0	0	0	0	2	0	0
chr19	8663435	8663473	39	2	0	39	15	24	0	2	0	0	0	3	3	2	2	0	2	0	0	0	0	0	0	3	0	2	5	4	0	1	1	1	0	1	2	2	0	1
chr19	8663474	8663492	19	2	0	19	6	13	0	0	1	0	0	1	0	0	1	1	1	0	0	0	0	0	0	1	0	0	2	4	0	2	0	0	0	0	0	3	0	0
chr19	8663493	8663539	47	2	0	47	18	29	0	2	1	0	0	3	3	3	3	0	2	1	0	0	0	0	0	3	0	2	6	6	0	1	1	1	0	1	2	3	0	1
chr19	8663540	8663736	197	2	0	197	89	108	6	6	3	6	9	23	7	4	3	2	9	3	3	3	1	1	17	7	5	4	13	11	1	5	4	7	6	9	8	5	2	2
chr19	8663755	8666045	2291	2	0	2291	1101	1190	107	45	96	64	77	92	116	65	88	48	121	37	40	36	36	32	80	74	17	50	113	130	27	130	80	100	8	86	78	97	16	103
chr19	8666047	8670992	4946	2	0	4946	2702	2244	312	127	160	185	177	170	240	157	154	110	241	132	142	108	118	168	166	160	17	172	235	152	36	215	140	148	20	146	203	178	29	226
chr19	8670993	8678092	7100	2	0	7100	3766	3334	403	177	242	295	239	224	339	341	299	165	269	195	174	89	152	161	228	205	19	203	385	328	45	305	218	225	38	207	312	305	24	287
chr19	8678093	8678152	60	2	0	60	29	31	0	0	1	1	1	1	0	11	1	1	1	10	0	0	0	0	1	0	1	1	11	1	1	1	0	0	0	0	1	12	0	0
chr19	8678153	8679269	1117	2	0	1117	585	532	30	13	41	40	19	37	34	102	55	21	38	77	20	12	21	25	28	30	5	20	93	50	2	51	24	18	0	18	47	98	1	45
chr19	8679270	8680195	926	2	0	926	475	451	30	14	24	39	27	26	52	33	19	16	48	34	31	22	24	35	24	22	3	29	48	43	5	47	28	43	7	34	37	35	7	38
chr19	8680197	8685070	4874	2	0	4874	2569	2305	263	101	169	193	140	215	207	236	210	94	238	135	111	71	82	102	170	116	32	163	215	229	25	236	139	153	29	121	274	207	20	176
chr19	8685071	8685080	10	2	0	10	6	4	1	0	1	0	0	0	0	0	0	1	2	0	0	0	0	0	0	0	0	1	0	0	0	0	0	0	0	0	0	0	0	2
chr19	8685094	8685129	36	2	0	36	28	8	18	0	1	0	2	0	0	0	0	2	4	0	0	0	0	0	0	0	0	2	0	0	0	0	0	0	0	0	2	0	0	3
chr19	8685130	8685443	314	2	0	314	156	158	29	7	7	7	11	13	19	9	6	3	15	10	4	5	5	4	7	8	2	11	18	10	1	17	18	18	5	9	9	10	6	9
chr19	8685446	8686128	683	2	0	683	336	347	30	18	23	16	31	22	48	21	12	22	35	13	14	11	12	7	27	20	3	23	33	25	2	34	34	28	4	31	28	21	3	30
chr19	8686130	8686170	41	2	0	41	15	26	1	0	1	1	1	2	2	0	0	1	3	1	1	1	0	0	1	0	1	1	3	2	1	4	0	4	1	1	1	3	1	0
chr19	8686172	8686426	255	2	0	255	136	119	32	5	1	9	7	10	17	3	5	3	17	8	4	5	7	2	5	9	1	8	12	3	1	13	8	9	5	12	12	8	3	9
chr19	8686428	8687158	731	2	0	731	397	334	37	19	22	34	22	25	37	42	33	19	34	18	20	6	9	19	32	13	4	20	33	25	2	34	16	25	3	22	45	30	3	26
chr19	8687160	8687202	43	2	0	43	32	11	11	0	0	2	0	1	0	2	0	2	2	1	3	1	3	3	2	1	0	1	0	1	0	1	0	0	0	0	1	0	0	3
chr19	8687204	8687327	124	2	0	124	53	71	0	2	1	2	3	8	10	5	0	1	8	3	2	4	2	2	5	3	1	5	8	6	1	6	7	7	0	8	6	4	0	2
chr19	8687328	8687359	32	2	0	32	12	20	0	1	0	0	1	1	4	0	0	2	3	0	0	0	0	0	2	1	0	1	2	2	0	2	1	2	0	1	1	0	0	3
chr19	8687360	8688400	1041	2	0	1041	576	465	104	22	23	44	30	40	51	28	27	20	51	27	31	16	28	33	37	20	10	31	41	32	9	41	33	43	4	38	38	29	15	43
chr19	8688405	8691228	2824	2	0	2824	1596	1228	237	82	120	108	106	95	113	72	106	62	117	78	98	52	56	92	116	74	25	76	111	77	32	104	56	77	33	84	103	96	22	142
chr19	8691229	8691349	121	2	0	121	74	47	15	1	21	0	0	0	2	0	23	1	9	0	0	0	0	0	2	0	0	0	0	1	0	11	0	0	0	0	0	11	0	22
chr19	8691366	8691532	167	2	0	167	90	77	13	0	24	2	0	0	1	2	26	1	17	1	1	0	0	1	1	0	0	0	1	8	0	21	0	0	0	0	1	23	0	21
chr19	8691533	8691576	44	2	0	44	28	16	9	0	8	0	0	0	0	0	8	0	3	0	0	0	0	0	0	0	0	0	0	2	0	2	0	0	0	0	0	2	0	8
chr19	8691577	8691676	100	2	0	100	58	42	9	0	10	2	1	2	4	4	12	4	7	2	0	0	0	0	2	0	0	4	4	3	0	1	0	1	0	1	5	4	2	14
chr19	8691678	8693016	1339	2	0	1339	712	627	70	31	73	40	37	35	68	49	78	22	56	43	29	21	30	30	36	26	3	44	52	43	8	82	40	49	6	38	61	67	7	63
chr19	8693017	8693158	142	2	0	142	58	84	2	3	6	0	8	8	11	0	1	3	9	0	1	1	3	0	5	3	1	6	9	5	0	8	10	10	3	11	3	4	2	4
chr19	8693163	8694853	1691	2	0	1691	803	888	71	34	45	46	53	77	102	44	43	42	99	45	30	21	28	21	50	64	11	49	101	90	13	90	49	65	10	66	76	75	10	69
chr19	8694854	8698549	3696	2	0	3696	1560	2136	80	73	82	63	89	167	216	121	89	112	200	85	40	42	59	41	121	150	37	86	230	283	70	192	134	150	60	136	108	193	41	144
chr19	8698551	8698591	41	2	0	41	11	30	1	0	1	0	1	2	2	2	0	2	0	0	0	0	0	0	1	3	0	0	4	2	5	1	2	6	1	1	0	0	1	1
chr19	8698593	8702096	3504	2	0	3504	1820	1684	201	100	116	117	137	116	175	108	107	72	166	94	89	51	89	81	117	96	17	109	171	141	32	162	119	134	27	120	129	135	18	156
chr19	8702097	8703981	1885	2	0	1885	977	908	128	57	61	65	68	71	102	52	60	33	84	40	54	28	39	33	64	53	14	58	88	72	19	89	79	81	12	62	63	62	15	77
chr19	8703986	8704543	558	2	0	558	318	240	41	13	28	18	25	15	28	19	18	19	14	12	15	17	11	23	28	14	3	19	16	16	3	24	23	13	4	14	21	16	2	24
chr19	8704555	8705273	719	2	0	719	366	353	31	21	15	24	25	34	47	19	22	14	37	28	14	11	8	15	28	24	4	24	32	18	10	33	28	21	7	22	37	29	7	28
chr19	8705280	8706567	1288	2	0	1288	800	488	76	40	57	48	50	33	44	49	47	24	35	30	48	34	34	150	56	35	6	34	45	27	6	48	40	31	1	22	35	32	3	66
chr19	8706568	8706825	258	2	0	258	231	27	1	10	2	23	2	2	2	13	2	0	1	0	31	9	2	129	17	1	0	3	1	0	0	0	0	0	0	2	1	0	0	2
chr19	8706831	8707037	207	2	0	207	183	24	6	5	1	22	1	2	0	12	2	0	2	2	25	8	5	88	9	1	0	5	1	0	0	0	2	0	0	0	3	0	0	3
chr19	8707048	8707117	70	2	0	70	68	2	3	0	0	11	0	0	0	2	0	0	0	0	11	2	0	37	2	0	0	0	0	0	0	0	0	0	0	0	0	0	0	0
chr19	8707237	8707438	202	2	0	202	180	22	8	11	0	15	2	1	1	5	4	0	2	0	20	4	9	97	8	0	0	8	0	0	0	0	0	0	0	0	1	0	0	4
chr19	8707439	8709530	2092	2	0	2092	1442	650	142	75	55	104	66	51	46	135	69	27	36	58	99	65	54	358	111	41	11	55	67	33	2	36	44	23	4	33	76	41	5	68
chr19	8709531	8710466	936	2	0	936	494	442	50	30	38	22	29	27	49	30	35	18	42	29	27	8	22	37	22	26	9	26	42	27	8	43	32	33	10	39	39	34	9	42
chr19	8710468	8710500	33	2	0	33	19	14	2	1	2	0	1	2	2	1	1	1	2	2	1	0	0	1	1	1	0	2	1	0	0	0	0	0	0	2	4	0	0	1
chr19	8710502	8710674	173	2	0	173	108	65	28	8	4	8	9	7	1	10	6	1	4	4	5	3	3	5	6	8	2	3	12	4	1	4	7	2	1	0	3	7	0	5
chr19	8710685	8711120	436	2	0	436	225	211	22	11	14	15	17	14	25	13	12	6	17	15	11	12	7	13	14	11	3	15	28	15	3	18	11	23	6	14	16	15	2	16
chr19	8711127	8711693	567	2	0	567	353	214	52	20	27	24	21	17	27	18	24	7	14	12	25	25	13	25	28	14	2	25	16	4	2	22	16	10	1	17	23	16	1	17
chr19	8711702	8713169	1468	2	0	1468	871	597	125	42	71	74	63	39	57	45	68	33	39	38	57	30	38	51	53	41	4	46	61	33	12	47	35	45	10	32	55	34	8	80
chr19	8713172	8714154	983	2	0	983	532	451	98	29	29	36	36	33	45	25	31	20	47	21	27	16	19	18	25	32	11	30	47	26	9	46	29	40	11	26	38	30	13	38
chr19	8714155	8718642	4488	3	0	4488	2870	1618	439	158	181	248	192	119	136	199	197	76	105	141	198	105	136	238	204	95	27	132	144	78	11	114	115	66	15	98	183	108	13	215
chr19	8718644	8720166	1523	3	0	1523	939	584	140	45	51	85	61	48	50	72	53	27	60	49	65	28	29	74	64	30	7	47	69	29	2	43	34	27	4	39	64	57	7	61
chr19	8720167	8720254	88	3	0	88	48	40	2	0	0	2	0	0	0	20	0	0	0	20	1	0	0	1	0	0	0	0	20	0	0	0	0	0	0	0	0	20	0	0
chr19	8720263	8720352	90	3	0	90	51	39	2	0	0	3	0	0	0	20	1	0	0	19	2	0	0	2	0	0	0	0	19	0	0	0	0	0	0	0	1	19	0	0
chr19	8720353	8720437	85	3	0	85	45	40	1	0	0	2	0	0	0	20	1	0	0	19	1	0	0	1	0	0	0	0	19	0	0	0	0	0	0	0	1	18	0	0
chr19	8720449	8723968	3520	3	0	3520	1938	1582	208	93	126	150	129	126	182	138	126	95	136	102	113	53	72	88	137	104	9	117	187	132	9	137	114	81	4	91	137	147	4	171
chr19	8723973	8724233	261	3	0	261	155	106	9	5	12	13	12	31	6	9	11	5	6	10	7	5	4	8	35	6	0	5	7	2	1	6	8	2	0	2	10	6	1	15
chr19	8724234	8725965	1732	3	0	1732	938	794	99	43	60	72	60	56	89	64	68	32	82	42	48	37	45	40	64	47	4	52	82	56	10	72	55	52	6	69	68	65	8	83
chr19	8725966	8732331	6366	3	0	6366	3287	3079	335	144	226	206	234	261	320	253	199	139	270	179	144	113	124	138	221	196	54	186	325	204	60	272	240	233	49	252	282	228	47	230
chr19	8732333	8733201	869	3	0	869	490	379	63	18	25	41	31	26	41	28	21	19	40	20	33	27	19	37	35	21	4	30	39	33	6	29	18	28	6	30	34	25	4	36
chr19	8733204	8734443	1240	3	0	1240	632	608	83	27	41	33	43	63	64	33	31	25	65	25	28	26	25	19	45	50	5	41	75	35	9	58	38	47	8	50	45	45	10	46
chr19	8734444	8738557	4114	3	0	4114	2373	1741	350	99	143	204	165	136	170	143	136	69	178	138	145	84	90	121	146	104	20	118	168	99	24	157	118	128	22	116	182	117	32	190
chr19	8738566	8739430	865	3	0	865	372	493	34	10	19	23	18	27	51	14	17	22	67	19	16	7	9	18	15	15	13	23	41	42	29	43	35	54	26	31	19	45	12	49
chr19	8739432	8739466	35	3	0	35	12	23	0	0	1	0	0	1	4	0	1	1	4	0	0	0	0	0	0	0	0	1	1	2	0	3	2	4	0	2	2	1	0	3
chr19	8739468	8739601	134	3	0	134	31	103	0	0	2	0	0	4	7	1	2	4	9	1	0	0	0	0	0	3	4	1	7	23	13	7	3	14	5	6	3	9	0	4
chr19	8739602	8739651	50	3	0	50	8	42	0	0	0	0	0	1	2	0	0	1	2	0	0	0	0	0	0	2	1	0	2	14	7	2	0	6	2	2	1	3	0	0
chr19	8739660	8745257	5598	3	0	5598	2660	2938	242	116	175	161	184	241	298	179	187	145	289	142	81	78	81	60	217	164	65	134	254	303	96	272	205	207	67	191	227	251	38	246
chr19	8745259	8745288	30	3	0	30	17	13	0	2	0	0	1	0	2	1	1	1	0	3	1	0	2	1	1	2	0	0	0	0	1	2	1	1	0	0	2	0	1	2
chr19	8745290	8745426	137	3	0	137	80	57	10	3	4	6	5	3	4	10	6	4	3	5	3	1	5	7	6	3	0	2	5	5	0	7	4	3	1	2	7	5	1	5
chr19	8745469	8745704	236	3	0	236	135	101	12	5	19	11	11	7	10	11	21	4	5	7	3	4	3	1	12	3	3	2	5	2	0	11	8	4	2	11	14	9	1	13
chr19	8745705	8745899	195	3	0	195	106	89	13	6	9	5	6	23	5	5	13	3	10	4	1	0	1	2	24	4	1	2	6	6	0	6	2	2	0	4	7	7	3	13
chr19	8745934	8745986	53	3	0	53	24	29	2	0	8	0	0	0	1	1	8	0	3	1	0	0	0	0	0	0	0	0	1	3	0	9	1	1	0	0	0	10	0	2
chr19	8746010	8746281	272	3	0	272	169	103	18	5	14	16	8	11	8	12	19	5	12	13	8	6	7	7	14	3	1	8	2	2	1	10	6	3	1	2	17	7	3	21
chr19	8746314	8746456	143	3	0	143	82	61	2	3	5	7	6	5	7	7	3	0	6	7	6	5	2	11	6	1	0	6	7	3	0	5	6	5	0	4	6	6	0	4
chr19	8746508	8747443	936	3	0	936	492	444	42	24	33	37	29	33	33	38	32	19	51	27	33	18	26	16	37	22	5	30	36	28	14	43	28	33	11	28	32	38	16	42
chr19	8747621	8748249	629	3	0	629	386	243	58	11	25	36	22	29	18	17	21	16	25	19	30	17	13	28	34	11	4	24	18	20	5	16	14	6	1	8	20	22	6	33
chr19	8748261	8748682	422	3	0	422	182	240	24	7	8	8	10	22	26	11	9	5	26	13	3	4	5	0	9	13	5	11	24	22	11	21	22	24	6	18	14	20	4	15
chr19	8748687	8748937	251	3	0	251	140	111	24	7	5	13	9	10	6	10	7	5	10	8	10	4	3	7	11	6	7	2	7	7	7	8	9	9	2	6	9	7	6	8
chr19	8748955	8749689	735	3	0	735	403	332	29	31	30	31	40	27	29	31	42	18	29	20	10	10	16	8	37	13	12	25	28	24	2	22	23	11	4	22	40	28	6	35
chr19	8749726	8751244	1519	3	0	1519	645	874	34	15	46	28	43	61	103	49	42	47	95	29	4	20	17	11	44	53	22	23	79	88	22	95	75	69	21	69	58	74	7	74
chr19	8751245	8752725	1481	3	0	1481	706	775	61	33	48	44	47	71	80	40	58	37	78	40	20	17	21	10	59	45	13	41	71	78	19	76	46	45	18	51	62	76	14	60
chr19	8752758	8752894	137	3	0	137	80	57	10	3	4	6	5	3	4	10	6	4	3	5	3	1	5	7	6	3	0	2	5	5	0	7	4	3	1	2	7	5	1	5
chr19	8752919	8753138	220	3	0	220	123	97	9	5	17	10	8	4	10	11	21	4	5	5	3	4	5	2	9	2	3	2	4	4	0	10	8	4	2	12	12	9	1	13
chr19	8753240	8753352	113	3	0	113	68	45	13	4	7	5	6	1	2	4	10	3	9	1	0	0	0	2	4	2	1	1	2	4	0	3	2	0	0	2	5	4	1	13
chr19	8753452	8753920	469	3	0	469	279	190	20	8	23	26	15	18	16	21	27	5	19	24	16	12	9	19	21	6	2	14	12	10	1	19	12	9	2	6	25	17	5	28
chr19	8753921	8753958	38	3	0	38	15	23	0	2	2	0	2	0	1	0	2	1	4	0	0	0	0	0	1	1	0	1	1	1	1	3	0	2	1	3	1	2	3	1
chr19	8753959	8754906	948	3	0	948	504	444	50	24	32	38	30	33	33	38	30	19	51	29	35	18	26	17	37	22	5	30	36	28	14	43	28	33	11	28	33	38	16	41
chr19	8754907	8754985	79	3	0	79	42	37	14	2	4	1	4	3	3	1	2	2	4	0	0	0	0	0	2	3	0	2	6	2	0	4	1	5	1	3	2	2	1	3
chr19	8755034	8755703	670	3	0	670	410	260	60	11	28	39	23	29	20	19	24	16	26	21	31	17	15	31	34	11	4	24	20	20	5	18	15	8	1	11	22	24	6	35
chr19	8755715	8756136	422	3	0	422	182	240	21	7	8	9	10	22	26	11	9	5	26	13	4	4	5	1	9	13	5	11	24	22	11	21	22	24	6	18	14	20	4	15
chr19	8756231	8756979	749	3	0	749	429	320	34	28	25	41	37	28	26	39	38	17	27	25	19	12	18	15	38	11	11	24	27	17	3	19	26	13	4	19	39	25	8	34
chr19	8757012	8757145	134	3	0	134	74	60	12	6	6	5	8	4	6	4	8	4	4	2	1	2	0	1	7	3	3	3	4	8	0	5	3	1	1	3	8	5	0	5
chr19	8757147	8757180	34	3	0	34	20	14	2	2	0	2	3	1	2	1	1	1	3	0	0	1	0	1	3	0	0	2	2	0	0	0	0	0	0	0	2	1	0	2
chr19	8757182	8757540	359	3	0	359	174	185	13	4	12	11	15	14	14	19	11	9	28	9	1	2	3	8	8	9	9	3	13	9	7	15	26	13	3	12	15	13	3	26
chr19	8757582	8758700	1119	3	0	1119	458	661	21	11	34	17	28	46	85	28	31	37	63	20	3	17	13	3	36	41	13	20	63	75	15	74	47	51	18	56	42	60	4	45
chr19	8758701	8760181	1481	3	0	1481	706	775	61	33	48	44	47	70	79	42	58	37	78	40	20	17	21	10	59	45	12	41	71	78	20	76	47	45	17	51	61	77	15	59
chr19	8760183	8760212	30	3	0	30	17	13	0	2	0	0	1	0	2	1	1	1	0	3	1	0	2	1	1	2	0	0	0	0	1	2	1	1	0	0	2	0	1	2
chr19	8760214	8760350	137	3	0	137	80	57	10	3	4	6	5	3	4	10	6	4	3	5	3	1	5	7	6	3	0	2	5	5	0	7	4	3	1	2	7	5	1	5
chr19	8760352	8760373	22	3	0	22	17	5	5	1	0	3	0	1	0	1	1	0	0	0	2	0	0	2	1	0	1	0	0	0	1	0	0	0	0	0	1	0	0	0
chr19	8760375	8760628	254	3	0	254	142	112	12	5	19	12	11	7	11	12	22	4	5	8	3	4	5	2	12	3	3	2	6	4	0	12	9	5	2	13	14	11	1	13
chr19	8760629	8760819	191	3	0	191	104	87	13	6	9	5	6	21	5	5	13	3	10	4	1	0	1	2	22	4	1	2	6	6	0	6	2	2	0	4	7	7	3	13
chr19	8760830	8760852	23	3	0	23	5	18	0	0	0	0	0	1	0	0	0	0	4	0	0	0	0	0	0	0	0	1	0	8	0	3	0	0	0	0	1	3	0	0
chr19	8760854	8762360	1507	3	0	1507	821	686	72	34	65	65	47	51	52	61	67	25	77	54	49	30	35	36	59	29	7	45	51	42	17	74	42	45	14	37	59	68	24	72
chr19	8762362	8762441	80	3	0	80	43	37	15	2	4	1	4	3	3	1	2	2	4	0	0	0	0	0	2	3	0	2	6	2	0	4	1	5	1	3	2	2	1	3
chr19	8762443	8762488	46	3	0	46	24	22	0	0	1	3	0	1	1	5	3	1	2	1	1	2	2	1	0	1	0	3	4	3	0	1	1	1	0	0	2	2	0	2
chr19	8762490	8762530	41	3	0	41	24	17	2	0	2	3	1	0	2	2	3	0	1	2	1	0	2	3	0	0	0	0	2	0	0	2	1	2	0	3	2	2	0	1
chr19	8762531	8762750	220	3	0	220	153	67	31	3	12	18	10	3	1	7	12	4	4	3	12	7	5	20	8	2	1	6	5	6	2	5	4	1	0	3	4	9	3	7
chr19	8763171	8763592	422	3	0	422	182	240	21	7	8	9	10	22	26	11	9	5	26	13	4	4	5	1	9	13	5	11	24	22	11	21	22	24	6	18	14	20	4	15
chr19	8763618	8763686	69	3	0	69	26	43	1	1	1	0	0	4	3	1	2	2	5	3	1	0	1	0	1	3	3	0	1	3	4	5	3	4	1	2	3	3	4	2
chr19	8763687	8764435	749	3	0	749	428	321	34	29	25	39	37	28	26	39	37	17	28	25	19	12	18	15	38	11	11	25	27	17	3	19	26	13	4	19	39	25	8	34
chr19	8764468	8764601	134	3	0	134	74	60	12	6	6	5	8	4	6	4	8	4	4	2	1	2	0	1	7	3	3	3	4	8	0	5	3	1	1	3	8	5	0	5
chr19	8764638	8764996	359	3	0	359	174	185	13	4	12	11	15	14	14	19	11	9	28	9	1	2	3	8	8	9	9	3	13	9	7	15	26	13	3	12	15	13	3	26
chr19	8765135	8767641	2507	3	0	2507	1126	1381	81	43	79	58	71	115	158	69	86	70	138	58	23	33	31	13	94	84	24	58	127	146	33	144	92	89	34	103	100	131	19	101
chr19	8767642	8767673	32	3	0	32	18	14	0	2	0	1	1	0	2	2	1	1	0	3	1	0	2	1	1	2	0	0	0	0	1	2	1	1	0	0	2	0	1	2
chr19	8767674	8767810	137	3	0	137	80	57	10	3	4	6	5	3	4	10	6	4	3	5	3	1	5	7	6	3	0	2	5	5	0	7	4	3	1	2	7	5	1	5
chr19	8767811	8767852	42	3	0	42	26	16	5	1	0	4	0	2	1	2	2	0	0	1	3	0	1	3	1	1	1	0	2	2	1	1	1	1	0	1	1	2	0	0
chr19	8767853	8768287	435	3	0	435	242	193	25	12	28	16	17	32	14	16	35	7	15	9	4	4	4	3	38	7	5	5	11	8	1	17	9	7	4	14	21	16	4	25
chr19	8768301	8768320	20	3	0	20	6	14	0	0	0	0	0	1	0	0	0	0	4	0	0	0	0	0	0	0	0	1	0	4	0	4	0	0	0	0	1	3	0	0
chr19	8768321	8776194	7874	3	0	7874	3990	3884	389	170	287	273	267	325	364	271	315	180	398	218	148	118	136	130	314	201	78	200	329	329	96	385	267	250	76	247	317	359	82	353
chr19	8776195	8776242	48	3	0	48	25	23	0	0	1	3	0	1	1	5	3	1	2	1	1	2	2	1	0	1	0	3	4	3	0	1	1	2	0	0	3	2	0	2
chr19	8776243	8776503	261	3	0	261	177	84	30	3	15	22	11	3	3	9	15	4	5	5	14	7	7	24	8	2	1	6	7	6	2	7	5	3	0	6	6	11	3	9
chr19	8776504	8776923	420	3	0	420	238	182	26	8	13	19	13	28	18	10	10	12	22	16	17	9	8	8	26	8	3	19	14	14	3	10	12	5	1	6	17	14	3	26
chr19	8776924	8777823	900	3	0	900	462	438	59	24	23	29	30	39	40	36	28	17	45	31	18	16	15	11	33	21	17	25	34	28	16	34	38	33	9	28	40	31	14	36
chr19	8777824	8779662	1839	4	0	1839	926	913	68	49	71	66	84	59	90	71	84	47	88	48	19	20	32	29	72	39	26	37	80	76	19	82	69	61	14	70	83	81	11	92
chr19	8779663	8779688	26	4	0	26	15	11	2	0	1	2	3	2	0	1	0	0	0	3	0	0	0	0	2	0	0	0	2	0	0	1	1	1	0	0	1	2	0	0
chr19	8779689	8779925	237	4	0	237	122	115	17	7	12	5	7	21	5	5	16	3	16	4	1	0	1	2	21	4	2	3	6	18	0	11	2	2	1	5	9	11	3	15
chr19	8779926	8779974	49	4	0	49	21	28	1	0	7	0	0	0	1	1	7	0	3	1	0	0	0	0	0	0	0	0	0	4	0	9	1	1	0	0	0	9	0	2
chr19	8779975	8781506	1532	4	0	1532	838	694	85	36	62	65	50	54	52	59	61	27	77	52	53	29	36	38	59	33	8	46	55	41	19	68	42	49	16	41	59	60	25	73
chr19	8781507	8781554	48	4	0	48	25	23	0	0	1	3	0	1	1	5	3	1	2	1	1	2	2	1	0	1	0	3	4	3	0	1	1	2	0	0	3	2	0	2
chr19	8781555	8783497	1943	4	0	1943	1065	878	129	49	63	88	73	83	74	71	72	41	86	62	55	34	40	45	83	38	25	61	72	65	26	64	68	50	13	51	78	74	22	86
chr19	8783498	8783529	32	3	0	32	15	17	0	2	3	0	2	1	1	0	2	0	2	0	0	0	0	0	1	2	1	0	3	1	1	0	0	1	0	3	0	1	0	3
chr19	8783530	8783663	134	4	0	134	74	60	12	6	6	5	8	4	6	4	8	4	4	2	1	2	0	1	7	3	3	3	4	8	0	5	3	1	1	3	8	5	0	5
chr19	8783664	8783699	36	3	0	36	21	15	2	2	0	2	3	1	2	1	1	1	3	0	0	1	0	1	3	0	0	3	2	1	0	0	0	0	0	0	2	1	0	2
chr19	8783700	8784072	373	4	0	373	181	192	13	4	12	11	15	13	15	19	11	11	30	9	1	3	4	8	8	11	9	3	14	9	7	17	24	13	3	12	16	14	3	29
chr19	8784073	8784099	27	3	0	27	6	21	0	0	0	0	0	1	3	0	0	0	2	0	0	0	0	0	0	1	0	0	2	3	1	3	2	4	0	1	0	1	0	1
chr19	8784100	8784196	97	4	0	97	40	57	1	0	3	3	3	1	7	2	3	4	5	3	0	1	3	0	2	0	1	3	7	7	2	5	2	7	1	4	3	7	0	5
chr19	8784197	8879823	95627	4	0	95627	52568	43059	6303	2615	3473	3799	3547	3391	4322	3390	3500	1981	3892	2703	2840	1883	2083	2846	3717	2664	568	2920	4283	3272	675	3985	2862	2682	592	2761	3788	3597	587	4104
chr19	8879824	9174823	295000	5	0	295000	158102	136898	17527	7536	9976	10467	10227	11202	14623	10268	9944	6532	13350	8226	7808	5822	6365	8229	10944	8914	1785	9449	13837	9497	2321	12679	9071	9127	2002	9218	12467	10796	1822	12967
chr19	9174824	9251823	77000	6	0	77000	44538	32462	5790	2169	2803	3536	2866	2536	3183	2961	2883	1505	2842	2188	2759	1735	1795	2987	3175	1927	452	2391	3028	1926	535	2901	2168	2019	470	2050	3175	2517	445	3281
chr19	9251824	9410823	159000	7	0	159000	91294	67706	11962	4489	6083	7116	5909	5216	6739	5529	5859	3204	5618	4130	5921	3746	4018	5753	6438	4123	932	5162	6216	4466	1112	6115	4473	4234	1048	4575	6266	5086	854	6606
chr19	9410824	9533823	123000	6	0	123000	70169	52831	9003	3611	4642	5347	4599	4248	5405	4460	4620	2301	4486	3308	4380	2837	2938	3983	5072	3151	694	4080	5107	3291	728	4696	3639	3423	727	3507	4894	3956	677	5188
chr19	9533824	9657823	124000	5	0	124000	69037	54963	8973	3404	4620	5061	4537	4100	5691	3979	4407	2423	4923	3265	4141	2758	3097	3656	4524	3425	693	4043	5307	3806	889	5306	3654	3808	710	3780	4823	4269	724	5202
chr19	9657824	9734823	77000	4	0	77000	43525	33475	5690	2169	2949	3198	2845	2593	3365	2585	2716	1545	2847	2014	2754	1794	1927	2533	3008	2150	467	2476	3194	2254	593	3032	2283	2181	453	2261	2903	2489	411	3319
chr19	9734824	9867823	133000	3	0	133000	68028	64972	7990	3284	4412	4249	4465	4971	6792	3864	3945	3000	5904	3224	3534	2504	2791	3097	4608	4067	984	4100	6414	5579	1668	6101	4323	5153	1441	4461	4748	4963	1125	5237
chr19	9867824	9983823	116000	2	0	116000	57515	58485	6291	2554	3542	3470	3799	4903	6064	3486	3300	2595	5813	2821	2467	1880	2266	2263	4094	3622	854	3362	5853	5464	1311	5637	3871	4655	1214	4018	4434	4524	903	4668
chr19	9983824	11416216	1432393	1	0	1432393	684034	748359	78935	30904	42223	36824	44682	57596	81393	36453	37501	33157	70122	32736	27768	23218	26893	23629	46268	44813	13110	40684	73470	68784	22551	72417	49770	67894	20917	54163	50616	55732	13802	53366
chr19	11416219	11417470	1252	1	0	1252	568	684	64	31	38	19	45	55	69	19	32	29	66	22	12	23	31	12	29	65	6	37	75	76	15	77	43	52	17	42	41	50	10	48
chr19	11417471	11418242	772	1	0	772	365	407	50	20	21	20	31	28	41	10	19	18	42	16	12	8	18	10	23	21	8	22	37	46	12	42	27	34	11	28	23	37	5	30
chr19	11418253	11420135	1883	1	0	1883	693	1190	39	21	50	25	41	58	120	33	36	58	97	33	19	18	28	17	39	57	9	50	110	162	74	112	63	136	79	73	40	102	22	60
chr19	11420144	11423835	3692	1	0	3692	1435	2257	106	73	107	37	80	117	211	67	104	103	186	70	34	38	58	42	70	133	52	77	194	332	124	220	121	218	105	148	90	187	69	117
chr19	11423836	11424595	760	1	0	760	340	420	22	8	19	8	20	28	39	16	8	26	38	12	7	18	10	60	29	25	12	14	33	48	19	39	21	35	27	33	20	32	12	20
chr19	11424598	11424900	303	1	0	303	241	62	0	0	0	0	0	18	0	26	0	0	0	0	0	35	9	151	44	9	0	0	0	0	0	9	0	0	0	0	0	0	0	0
chr19	11424901	11424924	24	1	0	24	18	6	0	0	0	0	0	1	0	3	0	0	0	0	0	4	0	8	4	1	0	0	0	0	0	1	0	0	0	0	0	0	0	0
chr19	11424925	11424968	44	1	0	44	35	9	0	0	0	0	0	3	0	6	0	0	0	0	0	6	0	18	9	0	0	0	0	0	0	0	0	0	0	0	0	0	0	0
chr19	11424971	11425073	103	1	0	103	81	22	0	0	0	0	0	7	0	14	0	0	0	0	0	13	0	46	19	0	0	0	0	0	0	0	2	0	0	0	0	0	0	0
chr19	11425074	11425100	27	1	0	27	21	6	0	0	0	0	0	2	0	4	0	0	0	0	0	4	0	9	6	0	0	0	0	0	0	0	0	0	0	0	0	0	0	0
chr19	11425103	11425138	36	1	0	36	27	9	0	0	0	0	0	3	0	5	0	0	0	0	0	5	0	13	8	0	0	0	0	0	0	0	0	0	0	0	0	0	0	0
chr19	11425139	11425152	14	1	0	14	11	3	0	0	0	0	0	0	0	3	0	0	0	0	0	2	0	4	3	0	0	0	0	0	0	0	0	0	0	0	0	0	0	0
chr19	11425250	11425302	53	1	0	53	40	13	0	0	0	0	0	4	0	8	0	0	0	0	0	8	0	18	13	0	0	0	0	0	0	0	0	0	0	0	0	0	0	0
chr19	11425311	11425330	20	1	0	20	15	5	0	0	0	0	0	1	0	4	0	0	0	0	0	3	0	5	5	0	0	0	0	0	0	0	0	0	0	0	0	0	0	0
chr19	11425331	11425352	22	1	0	22	18	4	0	0	0	0	0	1	0	3	0	0	0	0	0	2	0	10	4	0	0	0	0	0	0	0	0	0	0	0	0	0	0	0
chr19	11425355	11425390	36	1	0	36	27	9	0	0	0	0	0	3	0	6	0	0	0	0	0	6	0	10	9	0	0	0	0	0	0	0	0	0	0	0	0	0	0	0
chr19	11425393	11425404	12	1	0	12	9	3	0	0	0	0	0	1	0	1	0	0	0	0	0	2	0	4	2	0	0	0	0	0	0	0	0	0	0	0	0	0	0	0
chr19	11425411	11425454	44	1	0	44	36	8	0	0	0	0	0	3	0	5	0	0	0	0	0	5	0	21	8	0	0	0	0	0	0	0	0	0	0	0	0	0	0	0
chr19	11425457	11425573	117	1	0	117	92	25	0	0	0	0	0	11	0	13	0	0	0	0	0	14	0	53	24	0	0	0	0	0	0	0	0	0	0	0	0	0	0	0
chr19	11425574	11425601	28	1	0	28	23	5	0	0	0	0	0	1	0	3	0	0	0	0	0	4	0	13	5	0	0	0	0	0	0	0	0	0	0	0	0	0	0	0
chr19	11425604	11425666	63	1	0	63	52	11	0	0	0	0	0	2	0	6	0	0	0	0	0	5	0	37	5	0	2	0	0	0	0	0	4	0	0	0	0	0	0	0
chr19	11425673	11425696	24	1	0	24	18	6	7	4	0	0	3	0	0	0	0	0	0	1	0	0	1	1	2	1	0	0	0	0	0	1	0	0	0	0	1	0	0	0
chr19	11425698	11425819	122	1	0	122	49	73	8	5	4	0	9	3	8	1	0	1	5	1	1	0	1	0	6	3	0	1	5	13	1	13	7	13	1	3	3	3	0	1
chr19	11425830	11430864	5035	1	0	5035	2340	2695	317	106	126	121	149	206	283	108	109	114	277	91	95	83	94	60	142	177	53	137	257	217	96	278	185	260	107	194	162	195	62	172
chr19	11430866	11430891	26	1	0	26	9	17	1	1	1	0	1	2	0	0	1	0	0	0	0	1	1	0	1	3	0	0	1	5	1	2	1	0	0	0	0	1	0	0
chr19	11430893	11431778	886	1	0	886	444	442	55	23	26	22	31	35	43	30	19	19	43	26	21	17	22	12	25	36	6	26	47	25	15	45	31	38	7	32	36	32	8	31
chr19	11431779	11431942	164	1	0	164	73	91	13	1	1	3	1	10	14	3	2	4	12	2	1	2	3	0	3	6	1	7	8	5	2	9	12	8	2	8	5	5	3	6
chr19	11431943	11434218	2276	1	0	2276	1166	1110	132	65	66	64	96	92	127	71	47	46	100	54	52	48	53	51	91	74	11	75	119	68	20	107	95	99	18	86	81	73	15	78
chr19	11434239	11434534	296	1	0	296	131	165	10	8	3	11	10	15	18	1	6	3	18	7	5	7	5	3	7	9	6	11	15	12	7	15	12	18	9	9	10	11	4	9
chr19	11434536	11437032	2497	1	0	2497	1072	1425	87	65	77	34	72	86	137	58	77	65	136	58	26	38	34	20	67	90	38	60	116	152	77	141	81	123	57	87	89	121	30	96
chr19	11437038	11439605	2568	1	0	2568	1238	1330	170	60	70	58	74	119	147	46	64	48	129	69	50	51	40	43	86	85	32	74	125	100	44	137	86	124	39	87	89	97	35	88
chr19	11439613	11440325	713	1	0	713	365	348	74	17	16	18	22	35	38	12	15	13	38	17	14	13	16	5	29	20	3	26	31	16	17	29	25	32	11	26	22	25	9	27
chr19	11440326	11440372	47	1	0	47	25	22	4	2	0	1	0	2	0	2	1	1	1	2	2	2	3	1	1	3	1	1	2	3	3	0	0	1	0	1	1	1	0	3
chr19	11440374	11570684	130311	1	0	130311	60558	69753	6446	2715	3662	3124	3913	5486	7419	3350	3167	3029	6537	2930	2421	2040	2413	1906	4376	4146	1135	3613	6848	6965	2219	6759	4541	6511	2099	4877	4403	5168	1309	4782
chr19	11570685	11695684	125000	2	0	125000	66717	58283	8611	3213	4221	4628	4330	4500	6050	3849	4142	2630	5304	3162	3590	2475	2650	3361	4477	3563	916	3862	5618	4376	1412	5360	3853	4343	1266	3998	4782	4485	966	5005
chr19	11695685	11802684	107000	3	0	107000	61532	45468	8411	3111	3888	4868	4018	3371	4506	3835	4025	2153	3980	2836	3824	2320	2567	3819	4253	2606	628	3468	4127	2803	914	3931	3008	2921	802	3011	4342	3445	677	4530
chr19	11802685	11896684	94000	4	0	94000	52234	41766	6545	2597	3683	3726	3460	3255	4232	3242	3453	2038	3661	2343	3094	1986	2111	2807	3834	2454	568	3020	3832	2806	784	3872	2843	2779	618	2860	3679	3255	626	3935
chr19	11896685	11991684	95000	5	0	95000	52830	42170	6612	2631	3619	3762	3377	3323	4317	3405	3549	2018	3632	2405	3086	1988	2184	2922	3854	2537	547	3022	3940	2804	783	3873	2863	2836	651	2854	3765	3224	613	4002
chr19	11991685	12149684	158000	6	0	158000	87036	70964	11873	4243	5492	6411	5510	5495	7362	5178	5571	3193	6299	3891	5065	3299	3541	4612	5848	4228	1005	5149	6746	4735	1616	6332	4784	5152	1497	4917	6167	5314	1178	6295
chr19	12149685	12284684	135000	5	0	135000	76280	58720	10519	3854	4835	5789	4933	4591	5991	4420	4855	2679	5073	3448	4689	2989	3207	4407	5407	3511	831	4364	5365	3882	1204	5220	3953	3950	1076	3901	5209	4328	897	5621
chr19	12284685	12309470	24786	4	0	24786	13147	11639	1822	666	756	862	833	943	1223	716	758	498	1070	607	694	466	523	709	914	702	191	765	1120	852	316	1075	733	964	287	786	948	845	194	946
chr19	12309472	12399685	90214	4	0	90214	51470	38744	6888	2574	3349	3893	3199	3028	3926	3352	3445	1734	3384	2397	3173	2058	2073	2996	3688	2220	536	2950	3547	2419	683	3408	2602	2550	650	2530	3668	2869	579	3844
chr19	12399686	12500685	101000	3	0	101000	57347	43653	7724	2894	3595	4420	3706	3234	4330	3445	3732	1973	3796	2624	3471	2267	2518	3617	3940	2558	604	3266	4029	2879	905	3910	2822	2929	795	2890	3924	3357	672	4172
chr19	12500686	12572685	72000	2	0	72000	39121	32879	5286	1931	2368	2777	2508	2551	3407	2148	2370	1508	2972	1858	2198	1576	1681	1981	2587	2075	531	2373	3189	2192	798	2996	2080	2409	761	2179	2758	2499	570	2881
chr19	12572686	13271685	699000	1	0	699000	328195	370805	36137	14852	20825	17105	20791	28522	39262	17796	18840	16414	34104	15302	13151	10956	12950	11187	23310	22035	6521	18878	35427	37213	12141	35757	24214	33437	11101	26110	23420	27852	6991	26397
chr19	13271686	13387685	116000	2	0	116000	60849	55151	7111	2955	4048	3966	4014	4165	5811	3703	3704	2415	5267	2893	3251	2100	2491	2954	4112	3261	834	3428	5530	4523	975	5403	3733	4279	842	3950	4318	4369	757	4836
chr19	13387686	13540685	153000	3	0	153000	83036	69964	9937	4032	5789	5656	5542	5384	7225	5191	5467	3062	6607	3890	4468	2890	3359	4537	5706	4219	859	4584	6814	5375	1076	6641	4977	4692	942	5051	5844	5621	857	6704
chr19	13540686	13653685	113000	2	0	113000	60675	52325	7457	2735	4092	4178	3963	4039	5436	3649	3818	2235	5212	3048	3224	2056	2454	3078	3866	3152	725	3322	5212	3850	871	5130	3635	3786	717	3746	4374	4275	667	4996
chr19	13653686	13880763	227078	1	0	227078	110623	116455	13197	5131	6778	6507	7308	8772	12160	5963	6056	5031	10863	5356	5052	3778	4590	4080	7179	6948	1902	6683	11349	10879	3716	10951	7619	10432	3245	8244	8056	8636	2103	8512
chr19	13880765	13942350	61586	1	0	61586	28225	33361	2749	1268	1723	1424	1887	2615	3685	1595	1450	1435	3026	1345	1077	899	1044	1002	2087	2014	460	1656	3410	3601	985	3223	2290	3150	817	2411	1995	2453	620	2188
chr19	13942352	14666687	724336	1	0	724336	348480	375856	39469	15678	21438	19417	22278	28495	40350	18554	19288	16127	36087	16790	14966	11450	13615	14477	23026	22365	6114	20245	36837	36119	11257	36350	24745	33490	10166	26849	25069	28588	6589	28046
chr19	14666688	14773687	107000	2	0	107000	57896	49104	6607	2715	3881	3982	3591	3898	5028	3762	3642	2223	4519	2798	3345	2025	2407	3471	3947	3037	702	3175	4807	3688	890	4640	3441	3431	696	3468	4085	3869	676	4552
chr19	14773688	14934687	161000	3	0	161000	93279	67721	11806	4534	5948	7556	6082	5286	6759	6351	6130	3314	5846	4418	5827	3580	3670	6171	6855	4011	933	4915	6261	4245	1001	5777	4872	3814	928	4400	6490	5213	874	7131
chr19	14934688	15027620	92933	2	0	92933	50409	42524	6139	2368	3231	3637	3341	3363	4345	3249	3106	1798	3904	2372	2790	1880	2000	2884	3562	2527	598	2722	3968	3153	823	3939	3102	3002	866	3082	3667	3201	575	3737
chr19	15027622	15086688	59067	2	0	59067	32459	26608	3799	1564	2101	2297	2125	2211	2592	2102	2048	1154	2556	1685	1789	1200	1387	1848	2227	1719	365	1818	2646	1929	404	2494	1805	1644	331	1782	2352	2182	366	2543
chr19	15086689	15511688	425000	1	0	425000	206641	218359	22629	9709	13881	11454	13664	16539	23368	11776	12183	9623	19581	9700	9197	7062	8543	7732	14319	12803	3534	12277	21206	20202	6324	20800	15113	19074	5711	15907	14708	16453	3537	16389
chr19	15511689	15619687	107999	2	0	107999	56325	51674	6443	2697	3744	3539	3707	4025	5493	3481	3561	2296	4974	2839	2712	1824	2359	2631	3830	3132	687	3193	5149	4157	901	5085	3588	3779	827	3674	4137	4224	691	4618
chr19	15619689	15936689	317001	2	0	317001	174634	142367	19653	7953	11698	12298	10943	11168	14370	11783	11655	6956	13868	8584	9351	6106	7472	10775	12562	8249	1705	9667	13489	10869	1941	13477	9827	8617	1751	9149	12386	12041	1521	15115
chr19	15936690	16157397	220708	1	0	220708	112604	108104	12523	5299	7650	6818	7460	8387	11685	6999	6914	5221	9587	5409	5393	3618	4557	5082	7900	6558	1605	6462	10973	9455	2187	10363	7388	8611	1909	7562	8270	8354	1413	9094
chr19	16157398	16719688	562291	1	0	562291	277266	285025	32467	13393	17515	15755	18190	23207	31865	15630	16211	12844	25757	12839	12261	9199	10465	9666	20310	17041	4885	16407	27830	24245	7482	26928	20169	24390	6808	20879	20583	20809	4871	21388
chr19	16719689	16901139	181451	2	0	181451	90013	91438	10357	4158	5634	5281	5959	7040	10177	5334	5222	4189	8387	4551	3892	2949	3402	3479	6114	5695	1440	5087	9501	7857	2152	8790	6367	7587	2000	6498	6528	7161	1436	7225
chr19	16901141	16997689	96549	2	0	96549	48990	47559	5244	2227	3160	2936	3269	3900	5106	3484	2992	2104	4299	2645	2062	1598	1904	2059	3605	2880	649	2695	5128	4088	830	4515	3431	3662	694	3341	3595	3930	597	3918
chr19	16997690	17172573	174884	1	0	174884	85435	89449	9601	4037	5314	4737	5689	7145	9868	5128	4972	4027	8106	4261	3426	2859	3237	3026	6237	5509	1464	4858	9126	8170	2141	8684	6117	7575	1884	6318	6351	6867	1483	6665
chr19	17172575	17658690	486116	1	0	486116	227659	258457	24986	10278	13891	12168	14939	19079	27488	12610	12601	11435	24258	11382	8797	7358	8977	7412	14888	15490	4509	13263	25716	25411	8288	25053	16737	23524	7524	18377	16775	20044	4935	17921
chr19	17658691	17688690	30000	2	0	30000	14310	15690	1546	601	991	761	899	1172	1570	816	891	682	1649	681	562	464	564	460	955	920	259	785	1516	1691	394	1626	959	1282	352	1047	1027	1335	225	1316
chr19	17688691	18031202	342512	1	0	342512	160672	181840	17947	7320	9825	8383	10589	13539	19866	8573	8824	7982	17320	7820	6116	5192	6072	5302	10586	10978	2940	9529	17984	18109	5561	17909	11956	16489	4960	12893	12041	13987	3165	12753
chr19	18031203	18786716	755514	1	0	755514	342164	413350	34408	15640	21357	16046	22059	31311	45655	19278	18950	18259	37771	16427	12034	10813	12596	9559	24146	24656	7053	20168	41399	43071	13290	40374	27426	39063	11983	29312	25332	31343	7208	27525
chr19	18786718	19640690	853973	1	0	853973	402473	451500	43128	18836	25776	20281	26013	35085	50158	22684	23083	20309	41131	18871	15797	13114	15454	12752	28636	27289	7481	23938	44709	43607	12860	44194	30502	40608	11735	32546	30093	33866	7594	31841
chr19	19640691	19726690	86000	2	0	86000	45186	40814	5521	2193	2708	3110	2859	3089	4419	2520	2675	1855	3593	2047	2477	1646	1706	2767	3071	2491	651	2571	3979	3316	1064	3758	2716	3289	913	2824	3121	3021	756	3272
chr19	19726691	19796690	70000	3	0	70000	36711	33289	4427	1740	2401	2450	2339	2510	3614	2116	2187	1694	2830	1720	2065	1346	1441	1830	2492	2126	525	2147	3302	2707	755	3215	2109	2624	649	2206	2677	2522	515	2717
chr19	19796691	19896690	1e+05	4	0	1e+05	59829	40171	8999	2864	3649	5241	3646	3080	4066	3461	3742	1743	3408	2491	4367	2389	2545	4137	4036	2389	500	3151	3649	2245	697	3329	2818	2595	626	2751	3750	2690	507	4437
chr19	19896691	20015690	119000	5	0	119000	69604	49396	9264	3579	4659	5583	4640	3679	5024	4181	4534	2285	4222	3081	4648	2720	3052	4451	4920	2987	544	3812	4665	3183	607	4280	3415	2972	510	3379	4524	3593	519	5486
chr19	20015691	20106690	91000	6	0	91000	51796	39204	6935	2531	3331	4172	3367	2896	3944	2959	3327	1800	3439	2392	3340	1943	2246	3173	3475	2355	545	2796	3552	2614	814	3461	2690	2597	710	2637	3449	2875	567	4066
chr19	20106691	20255690	149000	7	0	149000	87322	61678	12710	4235	5528	7373	5534	4652	6310	5086	5450	2762	5203	3666	6152	3388	3623	5649	5986	3719	720	4613	5554	3951	1155	5347	4401	4129	895	4127	5641	4208	654	6577
chr19	20255691	20393446	137756	8	0	137756	82737	55019	12065	4058	5100	7190	5204	4137	5697	4793	4967	2431	4658	3474	6176	3450	3525	5811	5604	3334	643	4495	4998	3100	824	4631	4024	3430	621	3785	5205	3689	566	6069
chr19	20393447	20394511	1065	8	0	1065	667	398	97	33	36	68	36	23	45	37	41	17	37	22	59	24	32	59	40	19	4	33	28	14	4	44	33	31	4	26	40	26	4	47
chr19	20394513	20396000	1488	8	0	1488	1034	454	165	49	46	130	52	42	41	58	51	15	31	28	123	45	36	120	76	32	1	42	42	15	1	40	34	23	1	22	41	28	5	51
chr19	20396001	20396553	553	8	0	553	402	151	78	18	25	41	20	15	10	24	20	5	8	10	44	19	15	49	28	8	2	19	10	2	0	10	11	4	0	13	19	8	0	16
chr19	20396558	20400981	4424	8	0	4424	2673	1751	359	138	182	224	184	157	167	190	160	61	157	92	200	139	95	168	214	126	7	147	190	87	1	154	121	114	7	112	173	105	3	188
chr19	20400982	20401044	63	8	0	63	28	35	0	2	2	3	4	1	5	0	3	0	6	1	0	0	0	0	0	1	0	2	1	1	1	5	5	4	0	3	4	3	1	3
chr19	20401045	20402161	1117	8	0	1117	819	298	172	41	40	90	43	25	32	42	48	9	16	33	80	36	15	97	62	15	3	30	24	7	2	12	16	6	0	13	40	17	1	48
chr19	20402162	20402524	363	8	0	363	188	175	27	10	11	6	13	22	24	4	7	7	22	10	8	10	4	2	14	15	3	17	17	4	4	15	12	12	1	15	20	9	2	14
chr19	20402525	20405179	2655	8	0	2655	1719	936	259	93	96	155	118	70	93	114	86	44	85	67	139	79	66	154	124	58	5	99	89	31	3	66	65	52	2	59	116	48	2	116
chr19	20405185	20406088	904	8	0	904	614	290	117	38	24	65	46	19	23	45	34	12	20	25	47	20	22	57	47	16	2	24	25	8	2	17	22	17	4	15	39	11	6	33
chr19	20406089	20406167	79	8	0	79	48	31	6	0	1	4	1	5	3	2	1	3	4	2	3	2	3	8	4	2	1	3	2	0	1	1	3	0	1	1	2	2	1	5
chr19	20406168	20406537	370	8	0	370	195	175	25	10	8	16	16	16	18	16	14	8	16	7	5	8	6	5	17	15	1	9	22	9	3	18	9	17	1	9	18	11	3	12
chr19	20406544	20408211	1668	8	0	1668	1097	571	184	53	69	98	67	45	51	72	59	34	39	40	94	49	39	102	82	36	8	55	49	31	2	42	36	24	2	32	68	33	2	69
chr19	20408212	20408238	27	8	0	27	20	7	5	0	2	2	2	0	0	0	0	0	1	1	2	2	0	1	2	1	0	0	0	0	0	2	0	0	0	0	0	1	0	1
chr19	20408239	20408585	347	8	0	347	257	90	57	10	17	27	18	4	7	11	18	1	4	15	16	13	12	25	10	2	1	15	7	0	0	1	11	2	0	3	12	4	1	21
chr19	20408586	20408606	21	8	0	21	17	4	7	2	0	1	0	0	0	0	1	0	1	0	1	0	2	1	0	0	0	2	0	0	0	0	0	0	0	0	0	0	0	1
chr19	20408607	20408797	191	8	0	191	123	68	22	7	11	10	11	4	6	9	10	5	7	5	6	1	1	6	9	4	0	4	7	3	0	2	5	1	0	6	10	4	0	13
chr19	20408804	20409172	369	8	0	369	231	138	34	15	13	23	18	9	16	12	15	7	11	8	18	7	10	15	19	9	1	8	10	5	1	12	11	6	1	12	14	8	1	18
chr19	20409173	20409565	393	8	0	393	214	179	29	11	12	21	18	12	24	5	14	4	17	8	11	12	9	6	9	14	2	14	21	8	4	17	11	19	0	16	18	8	2	15
chr19	20409566	20409633	68	8	0	68	47	21	5	2	2	9	4	2	1	1	4	0	3	0	5	1	4	4	1	1	0	3	2	0	0	0	3	0	0	2	2	1	0	4
chr19	20409634	20409982	349	8	0	349	220	129	35	11	13	24	10	19	14	14	22	4	7	7	16	4	7	11	25	5	0	8	12	4	1	11	12	8	1	1	9	11	0	21
chr19	20409989	20412010	2022	8	0	2022	1226	796	196	54	68	116	56	51	88	92	84	33	79	50	99	45	38	76	84	32	9	58	64	38	18	56	58	52	21	59	81	55	10	100
chr19	20412012	20412475	464	8	0	464	269	195	46	13	19	17	14	18	23	22	22	12	16	8	14	8	7	9	21	15	2	12	18	10	0	20	18	11	2	7	20	12	0	26
chr19	20412476	20412519	44	8	0	44	23	21	1	3	2	1	1	2	2	1	4	0	0	1	1	1	0	2	2	3	0	1	4	3	2	0	0	0	0	0	0	3	0	2
chr19	20412520	20446693	34174	9	0	34174	20189	13985	2789	1053	1342	1648	1359	977	1504	1115	1207	696	1105	923	1478	816	962	1214	1460	812	129	1141	1278	864	188	1180	976	860	149	1016	1241	974	140	1576
chr19	20446694	20883693	437000	8	0	437000	262112	174888	35645	13526	16176	22667	16916	14118	18269	15878	16778	7909	14169	11262	18675	10611	10902	18610	18696	10964	1816	14688	16411	10116	2040	14522	12038	10051	1609	11818	18036	11959	1635	18488
chr19	20883694	21003693	120000	7	0	120000	69519	50481	8273	4034	3731	5544	4003	5929	5635	4395	4959	2376	4305	2881	4347	2564	2433	4110	5844	3561	525	4973	4818	3033	606	3848	2900	2599	498	2753	6399	3111	481	4530
chr19	21003694	21116968	113275	8	0	113275	68572	44703	10636	3474	4081	5872	4328	3298	4527	3908	3922	2055	3761	2851	5176	2681	2790	5211	4591	2724	554	3639	4098	2479	748	3634	3108	2904	663	2971	4264	2852	559	4914
chr19	21116972	21202254	85283	8	0	85283	51423	33860	7552	2551	3260	4454	3365	2591	3464	3024	3113	1551	2773	2171	3787	2055	2108	3602	3586	2093	347	2722	3184	1815	421	2852	2421	2125	375	2311	3254	2239	395	3720
chr19	21202256	21476697	274442	8	0	274442	163367	111075	23924	8117	10213	14166	10683	8358	11401	9501	9898	4776	9407	6886	11914	6510	6649	10963	11085	6651	1237	8788	10296	6552	1702	9446	8119	7282	1367	7582	10443	7512	1158	11854
chr19	21476698	22457697	981000	9	0	981000	578115	402885	79647	28371	35944	48010	37723	31366	41657	35659	34897	19666	33758	25493	39705	22597	24516	39104	41741	24831	4307	31121	36709	24692	5875	34419	28721	25349	4520	26786	39234	26823	4208	43549
chr19	22457698	22765697	308000	10	0	308000	177733	130267	23164	8638	11898	14314	11384	9888	13317	10983	11254	6170	10814	7719	12212	7028	7488	11462	12823	7728	1489	9683	11885	9077	2033	11544	8964	8433	1706	8943	11899	9301	1410	13347
chr19	22765698	23096697	331000	9	0	331000	192098	138902	25675	9127	11741	15614	12443	11268	14289	11747	11447	6824	11801	8665	12592	7317	8368	13179	14179	8585	1507	10265	12475	8912	2265	12207	9628	9216	1817	9109	13465	9146	1507	14618
chr19	23096698	23775435	678738	8	0	678738	398976	279762	55648	19498	24990	32897	25629	21927	28338	23685	24008	13260	24908	17243	27748	15709	16836	26651	28415	17142	3238	21599	25107	16771	4322	24642	19683	17667	3515	18241	26375	19261	3193	30590
chr19	23775437	23775452	16	8	0	16	6	10	0	0	0	0	0	0	2	1	0	1	0	0	0	0	1	1	0	1	0	0	1	1	0	0	2	0	0	2	0	1	0	0
chr19	23775454	23782263	6810	8	0	6810	3608	3202	306	163	202	229	245	329	362	262	181	189	268	206	167	155	153	189	358	224	31	223	301	218	34	312	219	236	44	157	320	187	45	293
chr19	23782277	23789316	7040	8	0	7040	3890	3150	366	138	240	267	268	328	345	314	210	206	262	201	168	146	174	256	371	220	27	200	287	188	17	302	257	200	18	183	340	186	18	335
chr19	23789326	23791526	2201	8	0	2201	1150	1051	120	45	67	81	71	84	136	54	60	64	90	57	62	50	52	56	94	60	11	77	98	78	27	88	68	82	18	78	85	71	12	103
chr19	23791528	23791550	23	8	0	23	16	7	6	0	0	3	0	1	1	0	3	0	0	1	0	0	0	0	1	0	0	0	0	1	0	1	0	0	0	0	2	1	0	0
chr19	23791552	23816470	24919	8	0	24919	15531	9388	2500	743	927	1413	985	716	999	832	875	455	800	674	1223	599	642	1147	1071	543	98	800	817	430	117	725	689	552	91	650	955	564	92	1193
chr19	23816472	23816510	39	8	0	39	26	13	4	4	0	1	1	2	2	1	1	0	1	0	3	2	0	2	4	2	0	2	2	0	0	1	0	0	0	0	1	1	0	0
chr19	23816512	23823424	6913	8	0	6913	3830	3083	402	202	283	288	250	189	305	268	244	152	244	157	279	139	201	227	244	188	36	213	306	244	35	320	228	228	24	218	234	246	35	282
chr19	23823426	23823471	46	8	0	46	24	22	0	1	1	2	2	2	2	0	1	2	4	0	1	1	2	2	2	2	0	2	2	1	0	0	1	0	2	1	1	1	0	6
chr19	23823473	23823814	342	8	0	342	165	177	10	12	13	4	10	18	18	10	12	11	10	8	7	8	11	2	19	11	3	16	16	20	3	19	12	9	2	5	10	18	2	11
chr19	23823816	23823862	47	8	0	47	25	22	1	3	3	0	1	1	3	0	3	0	1	3	2	0	1	1	1	2	0	1	2	3	0	3	0	0	0	2	3	3	0	2
chr19	23823864	23999697	175834	8	0	175834	103876	71958	13562	5003	7033	8534	6718	5515	7110	6615	6789	3456	6429	4603	7063	4047	4283	7115	7579	4347	717	5378	6440	4393	794	6714	5007	4128	637	4546	6932	5474	654	8217
chr19	24016698	24179697	163000	8	0	163000	95531	67469	13153	4764	5970	7730	6297	5480	6982	5907	5904	3224	5714	4271	6263	3626	4073	6172	7068	4222	682	5122	6278	4011	828	5934	4824	4147	770	4469	6496	4671	732	7214
chr19	24179698	24318697	139000	9	0	139000	85908	53092	13737	4857	6192	6351	5623	4723	5304	5098	7490	1881	4547	4731	4288	2282	3418	5384	6339	2598	523	4283	4177	2530	297	4276	3691	2039	348	3342	6541	4113	434	7561
chr19	27504592	27539591	35000	8	0	35000	22194	12806	3891	1356	1763	1501	1490	1180	1266	1134	2110	324	1077	1269	1019	525	896	1392	1528	574	132	1151	891	497	53	953	923	432	60	831	1728	892	93	2067
chr19	27539592	27987488	447897	9	0	447897	264488	183409	34879	13741	17295	21791	16809	13399	18895	16482	19315	9413	15560	12576	16703	8331	12778	16520	18259	10769	1736	14120	16800	11974	1842	15726	12440	10392	1368	11118	18085	13207	2008	23564
chr19	27987490	28463592	476103	9	0	476103	272468	203635	33052	13827	19516	20917	17870	15579	21495	18069	19251	9669	17447	12262	17139	9261	11162	15950	19816	11751	2122	14647	19046	13818	2054	18526	14887	11940	1638	14761	19265	15935	1742	21687
chr19	28463593	28522592	59000	10	0	59000	32363	26637	3860	1563	2346	2224	2051	2145	2953	2064	2217	1222	2445	1417	1865	1017	1267	1707	2330	1482	325	1810	2472	1893	333	2501	2075	1774	303	2036	2336	2049	252	2664
chr19	28522593	29118592	596000	9	0	596000	334661	261339	39667	16555	23816	24622	21547	20121	27943	21494	23324	12374	22733	14919	20121	11709	13785	19929	24622	14773	3044	18320	24302	19165	3191	23854	19313	16124	2661	18620	22869	20450	2548	27483
chr19	29118593	29267592	149000	8	0	149000	84001	64999	9900	4094	5899	6421	5591	4951	6976	5433	5900	3156	5550	3953	4923	2994	3532	4727	6084	3765	765	4582	6079	4531	764	5971	4907	3876	588	4527	5881	5173	629	6876
chr19	29267593	29451592	184000	7	0	184000	95800	88200	9681	4433	6924	6164	6156	6985	9727	6503	6675	4129	8321	4361	4691	2926	3715	4408	7343	4817	1131	5181	8395	7569	1300	8515	6816	6120	1032	6494	6817	7273	899	8497
chr19	29451593	29543592	92000	6	0	92000	46365	45635	4548	2053	3426	2841	2803	3189	4728	3167	3260	2013	4242	2328	2256	1465	1785	2260	3159	2490	608	2463	4293	4512	1012	4646	3165	3349	908	3186	3270	4113	574	3886
chr19	29543593	29636592	93000	5	0	93000	47774	45226	5092	2278	3321	2987	3132	3548	5167	3059	3089	2043	3914	2255	2365	1554	1900	2069	3525	2649	586	2664	4449	3993	765	4317	3492	3409	633	3442	3440	3472	510	3879
chr19	29636593	29901902	265310	4	0	265310	131760	133550	14737	5885	8829	7913	8408	10339	14559	7780	8071	5967	11881	6184	6148	4356	5061	5641	9154	7887	1992	7514	13139	12315	3594	12677	9377	11281	2955	9561	9417	10242	1866	10578
chr19	29901903	29901942	40	6	0	40	9	31	0	0	0	0	0	1	5	0	0	2	1	0	0	0	0	0	1	0	0	2	1	3	4	1	4	4	4	2	0	2	1	0
chr19	29901943	30003592	101650	4	0	101650	61037	40613	9299	3105	4069	5156	3959	2925	3975	3374	3983	1702	3379	2602	4388	2407	2550	4163	3994	2319	517	3309	3544	2350	642	3635	2881	2476	591	2688	3814	3025	486	4341
chr19	30003593	30122592	119000	5	0	119000	65057	53943	7839	3130	4398	4775	4089	4247	5723	4170	4281	2524	4338	3124	3933	2254	2554	3677	4882	3096	784	3393	5208	4560	966	4911	3875	3631	706	3662	4264	4359	598	5047
chr19	30122593	30260592	138000	6	0	138000	73462	64538	8248	3555	5110	5175	4915	4954	6710	4954	4999	2995	5553	3523	3926	2475	2797	3572	5504	3638	900	3938	6086	5450	1265	5875	4724	4467	1153	4468	5219	5121	840	5889
chr19	30260593	30490592	230000	7	0	230000	122555	107445	13670	5795	8958	8238	7750	8312	11139	8677	8645	4888	9089	6273	6596	3908	4648	5968	8697	6255	1519	6432	10458	9083	1883	10007	8076	7265	1516	7357	8647	8827	1384	10038
chr19	30490593	30619592	129000	8	0	129000	70057	58943	7952	3336	5199	4894	4581	4329	6104	4734	4881	2836	4988	3306	3967	2274	2717	3958	4926	3355	802	3692	5716	4972	893	5575	4433	3885	651	4031	4674	4943	684	5710
chr19	30619593	30663592	44000	7	0	44000	24125	19875	2856	1199	1749	1774	1609	1532	2118	1545	1693	970	1646	1125	1419	765	885	1238	1740	1151	331	1244	1871	1581	347	1730	1518	1251	224	1453	1675	1546	242	1971
chr19	30663593	30856592	193000	8	0	193000	106581	86419	12244	5017	7779	8005	6981	6304	8888	7060	7471	4086	7572	5057	6349	3511	4243	6013	7364	4959	1078	5517	8129	6773	1274	8173	6427	5460	1004	6075	7313	7157	998	8717
chr19	30856593	30910612	54020	9	0	54020	29400	24620	3139	1396	2201	2140	1917	1817	2674	1958	2179	1178	2157	1350	1641	953	1273	1425	2098	1347	282	1617	2362	1956	292	2340	1873	1611	208	1770	2034	2036	216	2578
chr19	30910613	30929220	18608	9	0	18608	9992	8616	1100	494	770	700	658	645	917	624	729	407	778	451	577	283	373	485	672	494	126	537	824	656	125	860	644	580	101	631	705	736	114	810
chr19	30929222	30930447	1226	9	0	1226	719	507	63	29	53	58	47	48	49	61	54	25	44	39	39	30	41	38	57	24	3	49	42	26	1	38	49	18	1	36	57	40	1	64
chr19	30930449	30984593	54145	9	0	54145	32632	21513	4238	1552	2233	2836	2063	1640	2130	2063	2253	1027	1765	1421	2306	1237	1367	2500	2298	1183	211	1764	1972	1361	180	1869	1508	1093	147	1460	2118	1744	202	2402
chr19	30984594	31327593	343000	8	0	343000	193536	149464	22752	9034	14023	14890	12337	11454	15372	13177	13727	7115	12612	9026	11883	6656	7691	11785	13927	8295	1880	10157	14057	10904	2023	13509	11204	9073	1507	10448	13152	12221	1522	15585
chr19	31327594	31416593	89000	7	0	89000	46928	42072	5384	2333	3455	3193	3101	3050	4429	2928	3335	1916	3646	2074	2545	1553	1789	2197	3364	2328	615	2545	3844	3521	974	3938	3121	3041	855	2953	3178	3387	524	3882
chr19	31416594	31983593	567000	8	0	567000	325635	241365	39204	15723	22635	25677	21340	18458	24449	21807	22122	11344	20414	15280	20573	11520	13281	21808	23590	13705	2969	16780	22809	16676	2877	21633	18021	14293	2255	16595	21634	19322	2433	25771
chr19	31983594	32127593	144000	7	0	144000	80310	63690	9600	3950	5754	5970	5312	4723	6638	5482	5704	2974	5494	3769	4659	2709	3173	4397	5547	3658	836	4315	6207	4756	799	5785	4843	3891	620	4492	5558	5242	673	6468
chr19	32127594	32199593	72000	6	0	72000	40572	31428	4977	1882	2770	3132	2648	2322	3238	2608	2639	1463	2696	1798	2498	1415	1737	2748	2786	1829	377	2090	3006	2433	362	2966	2328	2043	347	2264	2695	2462	318	3121
chr19	32199594	32276593	77000	5	0	77000	42363	34637	5241	2055	2973	3169	2761	2668	3582	2678	2902	1491	3030	1889	2533	1420	1679	2290	2932	2031	475	2196	3309	2639	559	3244	2601	2376	492	2471	2848	2705	406	3353
chr19	32276594	32444593	168000	4	0	168000	96950	71050	12505	4776	6610	7690	6259	5409	7234	5974	6302	3329	5811	4505	6514	3861	4124	6045	6765	3970	1069	5572	6474	4547	1125	6107	5119	4426	1025	4904	6518	5310	923	7196
chr19	32444594	32670593	226000	3	0	226000	126263	99737	16438	6214	8056	9379	8037	7926	10647	7364	7632	4543	8726	5681	7980	4790	5254	7596	8759	5844	1572	7298	9416	6522	1798	8849	7143	7036	1733	7184	8656	7184	1389	9352
chr19	32670594	32949593	279000	2	0	279000	151156	127844	19517	7344	9711	10460	9551	10009	14116	8749	9194	5840	11468	6845	8769	5449	6034	8098	10678	7551	1924	8489	12186	9115	2399	11843	9187	9458	2409	9258	10375	9419	1814	11739
chr19	32949594	33274593	325000	1	0	325000	161910	163090	19074	7321	10090	9744	10244	13293	17953	9170	9156	7101	14755	7398	7755	5551	6356	6948	11663	9707	2555	9341	16029	14276	4199	15758	11469	14156	3693	11832	11499	12124	2565	12223
chr19	33274594	33447593	173000	2	0	173000	84929	88071	8939	3814	5995	5037	5336	6663	9713	5111	5406	3906	7498	3919	4104	2635	3270	3583	6110	4807	1385	4716	8632	8479	2323	8415	6214	7778	1955	6526	5867	6785	1259	6818
chr19	33447594	33691621	244028	3	0	244028	123106	120922	12861	5813	8550	7380	7809	9508	13500	7825	7861	5480	10638	5698	6073	3972	4543	5594	9337	6956	1751	6728	11974	11106	2457	11627	8886	9473	2060	8889	8445	9629	1616	9987
chr19	33691623	34107594	415972	3	0	415972	222123	193849	26020	10271	15084	15490	14371	15191	20568	14074	14182	8684	16858	10791	12292	7621	8829	11796	15733	11504	2517	12013	19143	15982	3682	17858	13976	14080	3025	13820	15352	15099	2416	17648
chr19	34107595	34369594	262000	2	0	262000	144845	117155	19653	7099	9406	10504	9506	8937	12329	8112	8507	5078	10329	6629	8996	5650	6251	7859	9609	6920	1651	8584	11178	7803	2403	10513	8251	8813	2298	8587	9846	8361	1706	10630
chr19	34369595	34582594	213000	3	0	213000	113925	99075	14032	5440	7359	7719	7338	7628	10802	6552	6790	4593	8596	5378	6390	4376	4681	6249	7958	6163	1409	6507	9473	7657	2113	9372	6800	7426	1898	6942	8089	7369	1282	8617
chr19	34582595	34778458	195864	4	0	195864	113114	82750	13859	5597	7631	9062	7472	6503	8384	7440	7630	3943	6748	5338	7188	4171	4684	7463	8365	4787	938	6124	7691	5681	1003	7432	5982	4835	871	5382	7761	6504	884	8509
chr19	34778460	34801595	23136	4	0	23136	13158	9978	1507	621	922	1008	881	771	1015	929	897	472	863	637	773	529	545	787	975	585	91	742	985	728	76	916	708	582	79	641	928	809	86	1046
chr19	34801596	34858595	57000	3	0	57000	32373	24627	3812	1610	2235	2423	2194	1903	2555	2104	2201	1180	2025	1481	1874	1261	1409	2104	2426	1495	287	1747	2293	1661	313	2252	1855	1460	281	1670	2182	1903	247	2555
chr19	34866596	34895595	29000	3	0	29000	16483	12517	2019	774	1181	1243	1029	937	1307	1070	1118	599	1038	739	1052	645	667	1064	1173	731	157	893	1202	851	142	1195	877	797	155	849	1091	1011	136	1256
chr19	34895596	35005595	110000	2	0	110000	60000	50000	7388	3016	4025	4220	3869	3795	5178	3683	3918	2258	4274	2746	3474	2179	2490	3487	4236	3005	673	3334	4718	3924	1015	4613	3514	3489	898	3383	4055	3852	652	4637
chr19	35005596	35147319	141724	1	0	141724	65380	76344	5815	2955	4154	3434	3957	5845	8507	3935	3864	3427	6829	3137	2722	2004	2436	2358	4726	4620	1230	3655	7671	8434	2237	7513	5058	6794	1792	5356	4790	6008	1057	5402
chr19	35147321	35234596	87276	1	0	87276	46231	41045	5084	2217	3148	3169	3014	3093	4519	2843	3124	1916	3801	2168	2395	1570	1853	2316	3194	2437	509	2656	4009	3369	668	3973	2818	2987	559	2856	3448	3225	500	3836
chr19	35234597	35353776	119180	2	0	119180	56916	62264	5836	2658	3825	3016	3604	5213	6774	3321	3556	2780	5448	2575	2341	1887	2124	1956	4527	3680	1032	3299	5941	6098	1823	5941	4348	5285	1573	4358	4096	4740	950	4573
chr19	35353778	35574597	220820	2	0	220820	111237	109583	12033	5266	7808	6532	7081	8280	12069	6742	7386	5062	10135	5311	5139	3683	4371	4339	7772	6504	1662	6353	10718	9630	2346	10769	7694	8481	2002	7757	7987	8848	1554	9504
chr19	35577598	35592597	15000	2	0	15000	8129	6871	993	390	496	621	556	508	713	503	519	295	622	395	432	297	397	391	517	421	92	460	738	505	115	607	459	520	101	504	566	518	90	657
chr19	35592598	35723730	131133	1	0	131133	63285	67848	7128	2889	4132	3447	4002	4998	7299	3346	3684	2979	6579	3029	2782	2114	2578	2298	4144	4012	1054	3770	6407	6254	2032	6737	4391	5894	1866	5015	4703	5270	1232	5066
chr19	35723732	35768036	44305	1	0	44305	19129	25176	1454	863	1313	788	1143	1689	2710	1021	1169	1107	2337	978	652	615	770	519	1228	1472	439	1135	2412	3009	901	2567	1544	2321	794	1762	1380	2087	458	1666
chr19	35768037	36148597	380561	1	0	380561	181047	199514	18814	8140	11539	9948	11505	14869	21913	10207	10541	9058	18571	8701	7581	5927	7443	6289	12318	11952	2996	10728	19668	19899	5518	19841	13180	17436	5036	14070	13328	15640	3076	14827
chr19	36148598	36223597	75000	2	0	75000	39765	35235	5414	1861	2411	2761	2551	2824	3682	2120	2295	1550	3316	1847	2187	1554	1607	1784	2694	2190	574	2330	3458	2518	863	3249	2251	2842	846	2411	2774	2538	669	3027
chr19	36223598	36257597	34000	3	0	34000	18615	15385	2430	912	1197	1325	1170	1260	1572	1076	1190	721	1354	874	1074	710	741	1009	1334	936	311	1022	1401	1042	355	1365	1071	1048	341	1018	1271	1137	272	1459
chr19	36257598	36289597	32000	4	0	32000	12526	19474	780	494	1078	326	744	1407	1689	644	899	1100	1774	613	255	261	281	181	1059	1023	597	583	1453	2077	1298	1708	1183	1871	1152	1082	789	1565	583	1449
chr19	36289598	36327597	38000	5	0	38000	16760	21240	1572	754	1210	731	967	1636	1988	929	1129	1125	1889	800	599	457	504	468	1397	1163	566	847	1681	2050	1172	1855	1327	1904	1070	1265	1115	1641	562	1625
chr19	36327598	36382597	55000	6	0	55000	31075	23925	4307	1505	1959	2422	1989	1775	2418	1760	1949	1050	2131	1463	1948	1227	1351	1820	2046	1465	327	1719	2180	1526	512	2227	1551	1694	466	1618	2165	1760	373	2295
chr19	36382598	36566597	184000	7	0	184000	107000	77000	15021	5262	6637	8654	6802	5714	7612	6411	6556	3320	6746	4837	7195	4486	4463	7284	7242	4472	1052	6016	7049	4506	1531	6645	5147	5269	1535	5075	7101	5483	1154	7721
chr19	36566598	36792597	226000	8	0	226000	131242	94758	18131	6409	8021	10755	8533	7494	9476	7825	8066	4237	8096	5982	8586	5452	5622	8556	9127	5781	1238	7446	8843	5472	1740	8243	6299	6218	1567	6402	9059	6828	1369	9125
chr19	36792598	36958597	166000	9	0	166000	99425	66575	14240	5034	6189	8504	6308	4992	6451	5820	6300	2999	5437	4436	7118	4047	4349	7200	6698	3989	870	5514	6066	3766	1119	5648	4315	4050	1093	4274	6492	4794	896	6990
chr19	36958598	37264597	306000	8	0	306000	177920	128080	23850	8778	11230	14636	11656	9971	12578	10860	11273	5863	10708	8270	11715	7021	7454	12056	12500	7685	1771	9677	11903	7916	2221	11192	8607	8212	2038	8243	12055	9419	1782	12858
chr19	37304598	37326597	22000	8	0	22000	11825	10175	1423	607	768	839	740	814	1024	672	781	500	889	557	693	417	457	643	872	606	202	658	928	712	303	886	678	712	260	630	772	799	193	963
chr19	37326598	37471597	145000	7	0	145000	85382	59618	11677	4199	5573	7016	5401	4571	5787	5109	5695	2667	5015	3897	5692	3523	3739	5820	5938	3513	811	4699	5404	3634	913	5195	3849	3549	964	3874	5677	4451	800	6346
chr19	37471598	37579126	107529	6	0	107529	62780	44749	8430	3109	3970	5212	3875	3470	4492	3731	4039	1917	3808	2787	4377	2576	2755	4230	4200	2763	577	3532	4145	2706	742	3978	3038	2904	679	2933	4186	3198	586	4582
chr19	37579128	37596598	17471	6	0	17471	10225	7246	1346	541	629	890	655	536	712	589	697	318	562	483	709	410	465	682	696	455	127	527	652	434	143	651	462	418	138	482	682	573	98	707
chr19	37596599	37699598	103000	5	0	103000	60960	42040	8402	2860	3749	5341	3599	3146	4197	3729	3983	1833	3499	2742	4369	2639	2658	4212	3987	2459	587	3445	3899	2475	715	3591	2691	2698	679	2756	4094	3048	605	4311
chr19	37699599	37747070	47472	4	0	47472	28109	19363	4068	1390	1745	2378	1806	1438	1901	1696	1793	822	1633	1342	1915	1143	1208	1830	1825	1165	289	1514	1776	1054	326	1637	1306	1223	352	1305	1934	1350	275	2031
chr19	37747335	37747522	188	4	0	188	130	58	13	5	11	13	6	3	3	8	13	2	4	3	10	9	7	18	7	4	1	7	5	2	1	2	2	1	0	3	7	3	0	13
chr19	37747523	37775859	28337	4	0	28337	17128	11209	2380	777	972	1406	1024	784	1120	977	908	509	962	735	1223	849	778	1724	1146	631	150	991	1011	598	207	957	730	752	180	740	1018	793	159	1144
chr19	37775860	37872859	97000	3	0	97000	54579	42421	6951	2760	3677	4051	3587	3130	4262	3337	3597	1941	3641	2585	3304	2193	2292	3271	3757	2520	693	3054	3957	2638	848	3784	2867	2837	820	2880	3734	3233	643	4154
chr19	37872860	38054859	182000	2	0	182000	95116	86884	11315	4622	6314	5929	6164	7067	9563	5581	5876	3803	7959	4408	4826	3435	3911	4342	6804	5123	1297	5703	8587	6518	1700	8259	6087	6809	1526	6424	6896	6614	1175	7361
chr19	38054860	39554859	1500000	1	0	1500000	726936	773064	79393	33778	46594	40276	46689	58868	83532	40483	42300	34464	73067	34764	31659	24699	28432	27937	50007	46572	12416	42814	75299	73567	21234	76050	51132	66052	19017	54308	53134	59959	13049	58453
chr19	39554860	39662859	108000	2	0	108000	63666	44334	7839	3317	4350	5156	4581	3609	4263	4555	4563	2134	3562	3183	3678	2348	2658	3868	4852	2668	502	3386	4205	2721	353	3719	3255	2175	277	2779	4696	3434	362	4950
chr19	39662860	39879749	216890	3	0	216890	120277	96613	14362	5894	8126	8812	7878	7701	9781	7849	8062	4499	8400	5840	6893	4404	4978	6797	8662	5975	1197	6664	9288	7336	1518	8799	6725	6080	1301	6266	8534	7551	1160	9556
chr19	39879750	39879941	192	3	0	192	70	122	2	2	6	1	5	13	9	7	3	7	8	1	1	2	2	1	8	5	6	4	13	13	6	12	9	18	3	4	4	8	3	4
chr19	39879942	39879964	23	3	0	23	10	13	0	0	0	0	0	0	0	3	0	0	2	1	0	0	1	2	0	0	0	0	2	1	1	1	0	2	1	1	0	2	0	1
chr19	39879965	39880037	73	3	0	73	32	41	0	1	1	1	1	2	7	3	1	5	3	2	1	1	2	0	3	3	0	3	5	4	0	5	4	2	0	0	2	4	0	5
chr19	39880038	39880207	170	3	0	170	92	78	15	5	4	5	8	4	11	2	4	3	14	4	2	2	2	6	5	3	0	6	8	3	1	8	5	6	0	7	7	8	1	9
chr19	39880208	39880272	65	3	0	65	36	29	7	2	1	2	3	3	3	4	1	1	1	1	1	2	2	1	3	4	0	1	4	2	0	2	3	2	0	3	2	0	0	2
chr19	39880273	39880688	416	3	0	416	188	228	12	6	16	5	14	15	29	12	5	19	19	8	8	8	7	5	17	17	1	13	25	23	4	24	12	23	2	14	16	12	3	20
chr19	39880689	39880989	301	3	0	301	138	163	6	6	14	1	6	18	22	6	6	6	12	10	8	6	7	3	13	12	2	9	16	16	2	16	11	17	1	13	12	5	1	16
chr19	39880990	39881647	658	3	0	658	309	349	26	11	16	16	18	22	39	14	14	23	37	15	11	13	27	7	26	17	5	20	30	43	4	40	14	31	3	26	23	26	6	33
chr19	39881648	39881673	26	3	0	26	15	11	1	0	1	2	1	0	1	1	1	0	2	0	0	2	0	1	1	1	0	0	0	0	1	1	0	1	1	2	2	0	0	1
chr19	39881674	39881768	95	3	0	95	39	56	3	3	4	0	3	3	5	0	1	5	7	0	2	0	2	0	2	4	1	4	4	5	5	5	2	4	2	4	2	6	0	5
chr19	39881769	39881952	184	3	0	184	68	116	1	2	7	2	4	9	19	1	7	3	10	1	0	1	1	0	3	4	0	8	14	14	2	10	9	14	3	12	6	7	1	7
chr19	39881953	39882626	674	3	0	674	349	325	30	12	27	26	17	29	29	15	19	14	39	16	28	9	20	17	19	21	5	20	32	34	3	31	18	20	5	29	21	25	7	35
chr19	39882627	39882662	36	3	0	36	17	19	0	0	0	1	0	1	2	1	1	2	1	2	0	1	1	2	1	1	0	2	2	6	0	1	0	0	0	0	1	2	0	3
chr19	39882663	39882817	155	3	0	155	69	86	2	3	5	3	5	5	10	2	4	6	10	7	2	0	2	2	3	5	2	4	8	14	1	9	6	3	1	2	5	10	0	12
chr19	39882818	39882894	77	3	0	77	40	37	1	2	3	1	1	3	3	4	4	1	2	4	2	1	4	3	4	1	0	2	2	3	2	3	2	1	1	4	3	4	1	3
chr19	39882895	39883676	782	3	0	782	342	440	19	15	17	13	15	35	53	32	19	26	35	15	11	15	16	6	33	27	9	21	44	48	13	42	28	39	8	31	30	32	6	27
chr19	39883677	39883754	78	3	0	78	37	41	3	3	3	1	1	3	7	1	4	2	1	2	2	2	2	0	5	1	1	2	2	3	1	3	3	4	1	4	2	2	1	4
chr19	39883755	39884382	628	3	0	628	343	285	42	18	21	21	16	22	26	19	20	12	25	20	23	13	15	28	18	16	6	25	23	20	13	19	16	22	14	16	26	17	7	27
chr19	39884383	39884518	136	3	0	136	100	36	19	6	3	7	2	5	3	9	4	0	0	3	10	6	5	16	8	2	3	4	1	0	1	0	8	0	0	2	2	0	0	5
chr19	39884519	39884634	116	3	0	116	63	53	6	4	3	3	4	4	3	5	3	5	10	1	3	0	3	4	8	3	0	2	4	6	0	7	1	0	0	3	3	8	0	8
chr19	39884635	39884854	220	3	0	220	104	116	9	4	12	2	5	10	11	3	7	9	11	3	6	3	3	4	7	10	5	5	14	14	2	11	4	5	0	9	5	12	1	12
chr19	39884855	39884882	28	3	0	28	10	18	0	0	0	0	0	0	2	0	0	1	3	0	0	2	1	0	0	3	0	0	2	3	0	4	0	0	0	2	0	3	0	0
chr19	39884883	39884921	39	3	0	39	12	27	0	0	1	0	1	0	2	2	0	3	3	0	0	0	0	0	0	2	1	0	5	4	0	3	0	2	0	2	0	5	0	1
chr19	39884922	39884946	25	3	0	25	12	13	1	0	2	0	1	1	0	0	1	1	2	0	0	2	0	0	2	1	0	1	1	2	0	1	0	0	0	0	0	2	0	2
chr19	39884947	39885638	692	3	0	692	330	362	36	12	23	18	26	35	32	15	14	15	41	10	13	11	15	13	15	24	7	27	41	26	9	33	26	36	8	28	26	23	10	22
chr19	39885639	39885702	64	3	0	64	31	33	0	1	0	2	1	2	3	4	2	2	1	1	0	3	6	3	2	4	0	2	4	4	0	3	2	2	0	2	2	1	0	3
chr19	39885703	39885865	163	3	0	163	61	102	0	2	2	1	3	10	15	4	2	3	11	2	0	2	2	0	7	2	3	6	7	9	5	7	13	12	2	11	5	5	2	6
chr19	39885866	39886034	169	3	0	169	59	110	3	1	5	1	3	6	10	3	4	2	16	2	0	1	1	0	2	3	3	2	8	20	3	15	7	12	0	9	5	12	2	6
chr19	39886036	39886160	125	3	0	125	55	70	2	2	5	2	6	6	9	5	3	1	5	7	0	1	1	0	2	5	2	1	9	6	0	7	11	4	0	5	4	6	0	6
chr19	39886161	39886239	79	3	0	79	32	47	0	1	3	0	0	4	6	0	4	2	8	1	0	1	0	1	4	0	0	4	5	5	1	5	0	4	0	4	1	7	1	5
chr19	39886243	39886283	41	3	0	41	8	33	0	0	0	0	0	1	3	0	0	0	1	1	0	1	0	1	1	1	0	0	2	7	4	1	1	4	5	3	0	2	0	0
chr19	39886284	39886421	138	3	0	138	51	87	0	5	3	2	6	6	7	4	4	3	7	2	0	1	1	0	5	3	2	5	9	7	4	9	7	13	4	2	2	7	4	2
chr19	39886422	39888721	2300	3	0	2300	1191	1109	114	65	94	69	74	89	126	68	79	43	86	63	75	41	48	56	83	59	16	80	104	84	25	104	81	93	19	89	89	82	18	82
chr19	39888722	39888778	57	3	0	57	28	29	5	3	0	0	0	3	5	0	3	1	2	2	0	0	2	0	3	1	1	3	2	5	0	2	1	0	1	2	2	3	0	3
chr19	39888779	39888945	167	3	0	167	81	86	8	3	7	2	5	7	12	7	4	5	7	4	3	2	2	3	2	3	1	10	10	9	1	3	12	6	0	7	7	5	0	8
chr19	39888946	39889086	141	3	0	141	72	69	3	5	6	1	5	9	10	5	4	6	4	1	2	2	3	5	12	4	2	4	6	1	1	4	6	4	1	9	5	3	0	6
chr19	39889087	39889267	181	3	0	181	85	96	7	2	4	5	4	8	7	5	4	6	21	3	2	2	3	1	0	7	2	9	12	7	1	13	6	4	0	0	5	15	1	13
chr19	39889268	39889332	65	3	0	65	26	39	0	0	2	1	2	2	3	3	1	3	6	2	0	0	0	0	2	1	0	2	4	8	0	4	1	1	0	4	3	6	0	2
chr19	39889333	39889461	129	3	0	129	45	84	0	2	2	0	2	6	11	4	2	3	9	2	0	1	1	0	5	4	0	3	6	14	0	9	8	10	4	3	4	2	2	8
chr19	39889462	39889671	210	3	0	210	78	132	2	3	4	1	2	14	17	6	5	8	7	4	1	2	0	1	4	12	6	5	12	9	9	11	14	13	5	6	9	6	4	6
chr19	39889672	39889993	322	3	0	322	108	214	1	0	6	1	2	26	22	6	5	8	11	7	0	7	5	0	12	15	8	6	23	17	16	17	13	32	8	15	9	8	8	6
chr19	39889994	39890295	302	3	0	302	125	177	6	4	6	4	8	12	25	10	5	14	15	7	1	2	3	2	10	7	3	11	20	20	3	15	13	17	4	12	12	14	4	11
chr19	39890297	39891500	1204	3	0	1204	596	608	63	24	26	26	27	55	84	32	28	32	51	41	22	24	33	27	47	44	4	40	54	44	13	65	42	53	14	35	55	35	9	53
chr19	39891501	39891537	37	3	0	37	18	19	1	1	1	0	0	1	2	0	3	1	2	1	0	2	1	1	2	1	0	1	0	1	2	2	0	0	0	2	1	3	2	1
chr19	39891538	39891553	16	3	0	16	4	12	0	0	0	0	0	1	1	0	0	0	1	0	0	0	0	0	0	0	0	1	1	3	0	1	0	3	0	1	1	0	0	0
chr19	39891554	39891609	56	3	0	56	20	36	0	0	2	0	0	0	5	2	2	3	4	0	0	1	1	0	2	1	0	1	2	6	0	7	2	2	0	2	0	7	0	2
chr19	39891614	39892591	978	3	0	978	356	622	16	12	23	11	18	47	63	20	21	28	36	19	7	12	14	7	24	24	27	24	58	50	43	47	42	83	52	43	24	41	18	22
chr19	39892592	39895331	2740	3	0	2740	1184	1556	91	48	85	34	53	126	189	62	91	86	159	41	22	34	43	19	108	90	34	62	137	172	55	130	100	142	33	115	85	90	33	169
chr19	39895332	39895343	12	3	0	12	2	10	0	0	0	0	0	0	2	0	0	0	0	0	0	0	0	0	0	0	0	0	2	2	0	0	0	3	0	1	0	0	0	0
chr19	39895344	39896000	657	3	0	657	300	357	22	19	16	10	21	29	40	19	15	23	31	13	10	7	11	12	27	25	10	16	27	36	14	41	25	32	0	21	30	25	8	20
chr19	39896001	39897845	1845	3	0	1845	852	993	67	32	57	30	54	77	119	49	32	62	91	42	33	38	50	19	75	63	12	58	101	104	16	103	57	98	9	68	66	60	13	88
chr19	39897846	39897898	53	3	0	53	24	29	1	1	2	1	1	3	3	1	2	2	4	1	1	0	0	1	4	0	2	0	3	1	0	5	0	3	0	1	1	5	0	2
chr19	39897899	39897929	31	3	0	31	16	15	1	0	1	1	1	1	1	1	1	0	2	0	0	3	0	2	2	2	0	0	0	1	1	1	0	1	1	2	2	0	0	1
chr19	39897993	39898311	319	3	0	319	141	178	10	4	17	6	7	15	22	3	14	4	14	1	5	6	9	2	6	9	1	13	23	17	4	15	11	22	4	19	7	11	1	15
chr19	39898386	39898515	130	3	0	130	63	67	8	1	0	6	3	7	8	2	2	4	6	5	2	1	5	2	3	6	2	2	6	6	1	8	5	3	1	7	6	6	2	2
chr19	39898646	39898882	237	3	0	237	119	118	8	2	8	9	2	6	11	9	8	6	18	6	10	2	6	6	3	4	1	8	12	21	0	9	4	6	1	11	9	11	2	16
chr19	39898914	39898983	70	3	0	70	33	37	1	1	3	2	2	2	3	2	2	3	3	4	2	0	0	2	1	3	1	1	4	4	1	5	2	1	1	0	2	6	0	4
chr19	39898984	39899043	60	3	0	60	23	37	0	1	0	0	0	0	7	0	1	3	7	2	0	0	0	0	1	0	0	3	2	8	0	4	3	2	0	1	2	4	0	7
chr19	39899044	39899068	25	3	0	25	12	13	0	1	1	0	2	2	1	0	1	1	0	0	0	0	2	0	1	2	0	1	2	2	0	0	1	0	0	1	1	0	0	1
chr19	39899099	39899145	47	3	0	47	24	23	1	0	3	1	1	0	2	1	1	1	2	1	2	1	4	3	1	0	0	1	1	3	0	3	2	3	0	3	0	1	0	3
chr19	39899146	39899217	72	3	0	72	35	37	1	1	3	0	0	4	5	3	3	2	4	0	1	3	3	1	2	1	2	5	3	0	1	2	3	3	0	4	4	1	1	4
chr19	39899218	39899448	231	3	0	231	107	124	9	5	5	5	4	5	15	6	4	8	9	4	7	6	10	3	9	14	0	3	9	15	1	22	6	9	5	6	6	9	2	8
chr19	39899486	39899549	64	3	0	64	20	44	0	0	0	0	0	0	7	3	0	3	2	3	0	0	2	0	0	0	0	3	8	11	0	2	0	5	0	5	1	6	0	1
chr19	39899550	39899826	277	3	0	277	105	172	3	5	4	1	6	18	22	9	3	11	15	6	1	1	0	0	15	8	7	5	13	14	11	12	18	17	3	12	8	12	3	12
chr19	39899841	39899984	144	3	0	144	79	65	7	3	5	8	5	6	6	10	8	2	4	4	3	3	2	2	5	2	2	5	8	4	0	4	4	7	1	4	10	3	1	4
chr19	39899992	39900106	115	3	0	115	65	50	7	4	4	2	3	4	10	4	5	1	3	5	3	2	2	5	3	1	0	7	4	1	0	3	7	4	2	3	6	2	0	6
chr19	39900129	39900467	339	3	0	339	164	175	17	7	7	12	7	15	15	7	9	8	16	7	10	6	8	12	8	10	4	13	13	12	12	12	10	17	12	11	13	10	6	11
chr19	39900481	39901064	584	3	0	584	349	235	54	19	25	19	15	18	18	24	21	16	22	11	26	14	16	30	30	15	8	14	19	23	4	19	11	5	0	16	15	22	2	31
chr19	39901173	39901346	174	3	0	174	84	90	10	2	7	3	8	8	8	2	4	4	13	2	1	5	3	3	5	4	0	10	11	4	1	9	5	9	2	6	5	9	3	6
chr19	39901398	39901639	242	3	0	242	116	126	17	7	9	4	12	8	11	8	4	5	16	4	4	0	2	4	3	8	2	7	14	8	4	10	12	14	2	12	10	6	4	9
chr19	39901640	39901696	57	3	0	57	28	29	5	0	1	4	1	4	2	2	2	1	1	1	2	0	1	1	3	2	0	0	5	4	0	1	1	2	2	2	0	2	1	2
chr19	39901697	39902273	577	3	0	577	238	339	7	5	14	10	12	30	37	14	13	12	38	8	4	11	15	8	12	19	7	19	28	44	9	37	30	32	2	27	23	23	4	21
chr19	39902288	39902412	125	3	0	125	55	70	2	2	5	2	6	6	9	5	3	1	5	7	0	1	1	0	2	5	2	1	9	6	0	7	11	4	0	5	4	6	0	6
chr19	39902413	39902491	79	3	0	79	32	47	0	1	3	0	0	4	6	0	4	2	8	1	0	1	0	1	4	0	0	4	5	5	1	5	0	4	0	4	1	7	1	5
chr19	39902492	39902691	200	3	0	200	73	127	1	5	3	3	6	7	12	5	5	4	10	3	0	4	3	1	7	5	1	7	14	13	7	12	7	16	8	7	3	11	6	2
chr19	39902692	39902845	154	3	0	154	60	94	0	4	3	1	4	12	7	6	4	6	3	4	0	3	2	1	8	8	7	2	9	5	8	6	6	10	2	4	6	5	3	3
chr19	39902846	39903058	213	3	0	213	114	99	8	3	9	8	5	8	8	7	8	4	9	7	7	4	7	12	3	7	2	7	9	10	0	12	3	9	2	6	13	6	0	8
chr19	39903059	39903123	65	3	0	65	44	21	3	2	2	6	2	0	3	3	2	0	2	6	7	2	0	3	2	1	0	1	1	1	0	2	2	0	0	0	3	3	0	4
chr19	39903124	39903232	109	3	0	109	65	44	9	0	9	4	3	4	3	5	6	2	2	4	5	1	3	3	5	1	0	2	5	2	0	5	2	6	0	2	3	3	0	8
chr19	39903233	39903479	247	3	0	247	123	124	10	10	12	4	9	10	14	7	11	5	7	5	6	5	3	4	13	9	2	6	17	12	0	10	7	8	0	11	4	11	4	9
chr19	39903480	39903516	37	3	0	37	17	20	0	0	2	3	2	0	2	2	0	0	0	2	3	0	0	1	0	0	0	0	1	3	1	0	4	2	1	4	1	0	1	0
chr19	39903517	39903571	55	3	0	55	25	30	3	3	4	0	4	2	1	0	2	1	3	0	1	1	0	0	2	2	0	3	2	6	1	3	1	2	0	1	2	1	1	1
chr19	39903572	39903671	100	3	0	100	56	44	4	5	3	3	4	4	4	4	4	2	4	5	3	1	2	4	5	1	1	5	3	4	0	5	1	2	1	0	6	5	0	3
chr19	39903672	39903750	79	3	0	79	42	37	3	2	2	2	1	3	5	7	2	0	4	0	3	1	3	3	2	0	2	2	3	0	0	1	9	2	0	9	3	2	0	1
chr19	39903751	39903775	25	3	0	25	17	8	4	2	2	0	0	0	2	0	3	0	1	0	1	1	0	0	1	0	0	1	0	0	0	0	0	0	0	0	1	0	0	4
chr19	39903776	39903876	101	3	0	101	59	42	10	6	5	3	2	3	5	3	5	1	3	1	6	0	3	1	1	5	0	5	5	2	0	4	2	1	1	6	5	3	1	1
chr19	39903877	39904892	1016	3	0	1016	508	508	44	24	36	29	34	40	64	24	27	19	50	26	27	18	22	23	38	24	1	38	44	38	12	52	41	45	8	44	39	40	5	38
chr19	39904894	39905337	444	3	0	444	229	215	31	12	16	7	13	22	34	12	13	15	12	10	8	6	7	9	19	9	5	22	22	15	2	11	22	14	5	19	18	12	2	18
chr19	39905338	39906245	908	3	0	908	342	566	10	7	18	8	13	57	60	24	17	28	56	18	3	12	9	2	23	40	16	25	57	55	27	54	42	60	17	29	31	37	16	35
chr19	39906246	40106592	200347	3	0	200347	116453	83894	15284	5659	7498	9661	7513	6281	8437	7122	7724	3832	6974	5513	7581	4498	4917	7958	8005	4981	1081	6203	7945	5487	1233	7434	5518	5231	1166	5566	7885	6400	1134	8624
chr19	40106593	40233592	127000	2	0	127000	65772	61228	8233	3067	4278	4521	4367	4584	6322	3649	3953	2686	5551	3071	3546	2248	2669	3027	4386	3564	891	3743	5770	5340	1705	5666	4115	4993	1468	4324	4650	4584	940	5087
chr19	40233593	40534903	301311	1	0	301311	146191	155120	15730	6667	9224	8219	9340	11818	17012	8131	8106	6769	14847	6988	6664	4972	5950	5754	10154	9023	2296	8753	15187	14257	4017	15371	10341	13682	4030	11298	10619	11870	2609	11611
chr19	40534905	40617187	82283	1	0	82283	38060	44223	3758	1703	2494	2087	2435	3140	4588	2100	2315	1876	4180	1880	1535	1186	1542	1239	2461	2508	687	2249	4188	4847	1497	4303	2847	3962	1377	3046	2768	3518	759	3206
chr19	40617189	40819594	202406	1	0	202406	97201	105205	10476	4412	6177	5253	6282	8284	11523	5361	5590	4777	9907	4618	3970	3356	3842	3372	7019	6329	1693	5788	10229	9992	2953	10285	7073	9185	2532	7234	7130	7954	1666	8142
chr19	40819595	40971594	152000	2	0	152000	81801	70199	8965	3988	5541	5542	5441	5518	7161	5245	5365	3277	6762	4156	4265	2987	3321	4265	6097	4278	892	4503	6732	5632	1228	6541	4632	4500	1004	4600	5905	5723	790	7142
chr19	40971595	41259594	288000	3	0	288000	151084	136916	17245	7223	9986	9663	9865	10860	14342	9326	9630	6160	12887	7583	7377	5409	6208	7318	10908	8430	1824	8490	13485	11489	2641	13011	9155	9777	2278	9166	10845	10930	1731	12756
chr19	41259595	41307594	48000	2	0	48000	24979	23021	2849	1337	1829	1434	1637	1611	2429	1360	1692	1061	2012	1172	1271	1006	1209	1070	1757	1384	336	1537	2113	1884	571	2240	1453	1715	444	1648	1714	1824	345	2054
chr19	41307595	41457256	149662	3	0	149662	71558	78104	7581	3207	4723	3831	4597	5999	8594	3874	4180	3420	7631	3353	2985	2382	2895	2304	4910	4574	1231	4293	7546	7331	2017	7934	5380	6738	1901	5665	5228	6185	1219	5952
chr19	41457257	41464729	7473	3	0	7473	4260	3213	361	159	222	401	252	279	279	194	265	86	269	288	264	240	153	547	334	207	39	183	242	464	41	362	166	107	43	116	262	331	53	262
chr19	41464731	41468536	3806	3	0	3806	2236	1570	121	66	94	240	120	153	115	86	129	14	138	183	151	149	71	405	191	99	12	81	98	260	19	201	67	19	32	26	118	201	35	110
chr19	41468540	41468561	22	3	0	22	14	8	0	0	2	1	0	0	1	1	3	0	0	1	1	0	0	3	0	0	0	0	1	1	0	1	0	0	0	0	1	2	0	1
chr19	41468563	41474542	5980	3	0	5980	3413	2567	177	119	135	339	183	233	205	159	212	41	242	289	198	227	75	578	317	160	34	109	163	430	44	306	93	39	51	37	207	314	57	205
chr19	41474543	41475267	725	3	0	725	425	300	36	13	15	45	21	34	17	16	26	4	21	40	25	27	13	71	41	21	6	10	22	62	1	39	2	0	3	1	23	42	10	16
chr19	41475268	41475286	19	3	0	19	12	7	0	2	0	1	2	0	0	1	1	0	0	2	0	0	0	2	2	0	0	0	1	1	0	0	0	0	0	0	1	1	0	0
chr19	41475288	41479678	4391	3	0	4391	2388	2003	221	111	151	175	144	150	205	185	164	84	186	151	129	89	80	162	169	125	12	128	196	194	21	202	130	103	25	112	189	192	24	180
chr19	41479680	41479715	36	3	0	36	23	13	2	2	1	1	0	2	1	1	2	1	0	1	2	1	0	5	2	1	2	1	1	0	1	0	0	0	0	0	1	0	1	2
chr19	41479717	41496400	16684	3	0	16684	9446	7238	1088	496	643	727	696	554	761	652	684	359	577	468	486	351	349	554	708	467	92	493	733	477	92	618	503	420	61	486	719	556	79	733
chr19	41496401	41500744	4344	3	0	4344	2177	2167	228	107	148	126	140	166	223	136	162	107	212	117	80	62	93	69	143	142	25	132	223	214	44	218	115	133	33	146	184	210	24	180
chr19	41500749	41501337	589	3	0	589	327	262	32	16	23	25	16	20	27	26	32	14	20	17	16	8	10	24	19	13	9	17	22	10	9	21	19	18	5	16	29	21	7	26
chr19	41501338	41510028	8691	3	0	8691	4637	4054	343	188	258	313	235	327	300	303	271	95	416	338	254	290	88	616	345	282	63	210	353	596	120	388	157	162	93	164	310	417	94	300
chr19	41510034	41510088	55	3	0	55	27	28	0	0	1	3	0	3	4	0	1	0	2	2	3	2	1	4	1	1	1	2	2	6	0	3	3	2	1	0	1	1	0	3
chr19	41510089	41514635	4547	3	0	4547	2618	1929	138	78	101	255	140	190	138	114	140	22	180	238	154	178	71	479	228	111	28	101	133	323	31	226	61	34	44	29	160	245	41	134
chr19	41514637	41515862	1226	3	0	1226	586	640	41	20	39	41	35	54	58	22	40	12	73	36	26	20	14	53	41	26	9	30	46	82	29	64	45	55	20	32	37	58	8	58
chr19	41515864	41515916	53	3	0	53	33	20	0	1	0	3	1	1	1	3	1	0	2	5	2	2	1	9	1	2	0	1	2	4	0	2	0	0	0	0	4	2	0	1
chr19	41515918	41518981	3064	3	0	3064	1693	1371	98	62	85	146	91	128	99	83	107	20	115	120	95	132	59	252	152	105	18	66	102	216	29	160	64	29	30	37	83	157	27	95
chr19	41518993	41520086	1094	3	0	1094	616	478	30	24	21	61	36	51	34	27	34	5	41	54	36	36	13	112	61	32	4	18	31	92	8	57	14	7	9	10	42	57	11	24
chr19	41520088	41521139	1052	3	0	1052	692	360	106	37	52	57	53	26	26	40	42	19	21	29	51	34	27	72	55	20	5	36	24	26	1	26	24	6	2	22	42	27	0	42
chr19	41521155	41533165	12011	3	0	12011	6891	5120	709	345	470	583	459	388	448	398	525	200	431	380	414	270	251	619	528	268	88	319	404	455	99	494	314	237	104	273	448	493	81	514
chr19	41533166	41540623	7458	3	0	7458	4196	3262	536	198	338	311	274	214	327	257	307	156	248	185	266	137	198	243	253	197	36	219	315	266	37	331	253	205	23	231	251	281	32	331
chr19	41540625	41540643	19	3	0	19	11	8	3	2	0	0	0	0	2	1	2	0	0	1	0	0	0	0	0	1	0	0	0	0	0	0	1	0	0	1	2	0	0	1
chr19	41540645	41546760	6116	3	0	6116	3666	2450	562	191	248	314	218	179	236	210	234	131	217	124	301	132	133	236	265	142	33	193	193	189	36	242	161	126	18	144	224	203	25	254
chr19	41546761	41546967	207	3	0	207	98	109	9	2	5	5	4	21	15	5	6	5	8	3	1	3	3	1	18	9	0	5	14	9	0	8	6	5	1	12	7	8	1	6
chr19	41546968	41551160	4193	3	0	4193	2564	1629	437	124	155	235	165	115	153	149	157	82	136	103	191	94	94	173	172	83	27	133	130	103	32	134	113	84	24	115	167	130	25	156
chr19	41551161	41564331	13171	3	0	13171	7803	5368	1182	390	543	653	517	370	555	413	516	250	435	334	554	305	316	468	538	327	58	392	474	363	70	483	359	324	65	380	484	376	81	594
chr19	41564348	41565563	1216	3	0	1216	462	754	21	24	33	23	22	40	64	14	37	32	66	23	22	14	16	10	28	38	15	29	50	105	53	78	29	73	59	39	33	70	21	33
chr19	41565564	41567895	2332	3	0	2332	1519	813	228	86	93	166	127	51	65	78	95	37	57	70	123	49	64	128	104	53	9	59	66	44	6	61	60	27	8	57	91	53	13	102
chr19	41567897	41571242	3346	3	0	3346	1780	1566	210	74	108	131	115	116	184	112	115	76	133	90	83	45	77	109	123	82	9	97	156	159	15	153	118	88	23	129	130	154	7	123
chr19	41571248	41578303	7056	3	0	7056	3746	3310	384	178	251	251	226	237	377	252	267	180	317	170	187	124	138	207	275	200	34	210	311	343	38	333	219	190	20	202	287	292	16	338
chr19	41578304	41589744	11441	3	0	11441	5665	5776	428	273	389	344	351	414	708	424	401	316	523	306	256	165	183	182	447	375	50	296	607	619	46	640	361	364	34	391	482	554	34	476
chr19	41589746	41589767	22	3	0	22	13	9	0	1	0	1	1	1	0	3	0	2	2	0	1	0	1	0	3	0	0	0	0	0	0	0	0	0	0	0	1	0	0	3
chr19	41589768	41607796	18029	3	0	18029	9808	8221	996	470	665	672	581	692	916	633	631	422	751	479	594	333	409	562	769	519	69	560	775	676	74	830	537	488	83	558	742	672	76	793
chr19	41607797	41609564	1768	3	0	1768	1139	629	181	77	75	94	98	36	61	55	72	36	47	45	76	47	51	86	78	43	5	70	59	26	2	46	44	21	3	32	69	43	2	86
chr19	41609581	41609765	185	3	0	185	131	54	27	3	10	12	7	4	5	4	10	4	5	4	9	7	6	12	6	2	0	10	2	1	0	5	1	0	0	3	11	5	0	8
chr19	41609767	41609814	48	3	0	48	28	20	3	0	0	3	0	2	3	4	2	3	2	2	0	1	0	1	3	1	0	2	2	1	0	2	0	0	0	0	4	3	0	2
chr19	41609816	41611904	2089	3	0	2089	1325	764	201	68	77	140	91	47	76	74	90	35	58	60	104	54	50	98	94	42	3	65	74	60	4	65	41	33	1	39	79	68	4	92
chr19	41611909	41612119	211	3	0	211	121	90	20	6	12	5	8	6	4	3	10	7	13	6	6	3	9	2	5	6	3	8	8	7	1	8	0	3	0	5	8	8	2	17
chr19	41612120	41613496	1377	3	0	1377	715	662	86	33	51	47	53	58	65	42	39	29	55	38	40	26	33	19	59	46	6	35	68	51	16	59	52	49	11	48	39	47	13	62
chr19	41613499	41616487	2989	3	0	2989	1488	1501	98	66	94	74	80	158	170	122	99	79	128	74	55	59	57	73	168	105	12	78	140	139	16	175	102	86	14	86	120	140	10	110
chr19	41616500	41617172	673	3	0	673	336	337	16	7	22	15	15	21	46	28	19	13	38	35	10	3	21	26	20	10	3	11	28	21	2	39	35	25	2	36	28	34	1	41
chr19	41617174	41617216	43	3	0	43	22	21	1	2	2	1	2	3	1	0	3	1	2	2	0	0	1	1	1	2	0	3	0	1	2	2	0	2	0	0	5	0	0	1
chr19	41617218	41618002	785	3	0	785	400	385	31	25	33	12	24	35	31	37	26	16	45	31	20	10	16	8	39	24	8	14	34	28	3	48	23	20	4	20	31	41	3	43
chr19	41618003	41622853	4851	3	0	4851	2104	2747	121	86	133	76	104	189	354	137	136	146	286	109	55	55	57	59	169	165	26	116	260	350	47	344	168	219	34	171	187	267	25	198
chr19	41622854	41623419	566	3	0	566	302	264	26	19	9	19	19	14	36	19	16	7	20	28	12	8	25	23	24	13	2	9	23	10	7	25	30	26	4	20	12	16	7	36
chr19	41623423	41626063	2641	3	0	2641	1270	1371	98	65	68	62	51	96	178	86	94	71	127	72	51	41	52	56	103	76	23	71	119	164	25	155	80	101	14	75	109	122	10	124
chr19	41626070	41630969	4900	3	0	4900	2565	2335	319	117	159	169	138	183	279	148	169	124	237	129	138	70	88	98	217	130	20	126	215	254	24	258	142	141	13	134	173	226	15	245
chr19	41630971	41631891	921	3	0	921	597	324	100	41	27	47	40	34	29	47	34	14	19	25	41	21	25	51	54	15	6	35	25	7	5	23	28	20	2	12	43	18	1	30
chr19	41631893	41632361	469	3	0	469	265	204	48	13	19	14	20	14	22	16	12	9	17	14	15	12	7	12	18	7	2	21	22	17	3	17	10	19	2	13	22	15	1	14
chr19	41632362	41632487	126	3	0	126	70	56	12	2	4	3	5	4	6	3	4	3	9	3	0	0	0	11	2	2	0	5	2	2	3	5	7	5	1	3	7	3	2	6
chr19	41632489	41632518	30	3	0	30	13	17	0	0	0	1	0	0	3	0	0	0	2	1	1	4	1	0	1	1	1	1	1	1	0	3	0	1	0	2	1	2	0	0
chr19	41632520	41635131	2612	3	0	2612	1514	1098	181	74	92	128	119	77	102	111	101	47	98	79	73	67	56	108	109	70	13	73	107	78	8	97	83	59	7	68	110	83	22	110
chr19	41635132	41636461	1330	2	0	1330	841	489	104	42	60	80	52	36	54	33	73	29	43	44	56	23	48	63	53	30	2	45	41	22	1	35	32	12	1	25	49	36	4	100
chr19	41636463	41636508	46	2	0	46	29	17	4	3	3	1	4	0	2	0	0	2	1	2	3	0	2	1	2	0	0	2	1	0	0	1	2	1	0	1	1	1	0	4
chr19	41636510	41643857	7348	2	0	7348	4117	3231	455	209	285	317	258	243	346	269	256	166	299	177	296	135	156	249	290	202	32	229	325	240	31	307	223	180	33	240	278	280	30	310
chr19	41646305	41646818	514	2	0	514	259	255	35	13	16	19	20	18	25	7	12	7	24	13	15	9	13	11	15	17	5	10	25	14	9	26	13	25	15	25	18	18	3	17
chr19	41646820	41646866	47	2	0	47	36	11	11	0	1	5	0	1	0	0	0	0	2	1	6	0	1	7	0	0	1	0	0	0	0	2	1	0	1	2	0	1	2	0
chr19	41646868	41649209	2342	2	0	2342	1279	1063	138	74	100	82	97	83	100	78	82	46	95	36	77	50	72	68	92	74	8	79	111	86	8	100	79	64	10	92	76	81	6	96
chr19	41649210	41653548	4339	2	0	4339	2421	1918	247	134	182	169	170	141	232	136	186	89	143	134	129	78	114	137	188	105	11	137	179	142	21	173	136	104	8	160	176	165	10	201
chr19	41653549	41654540	992	2	0	992	656	336	124	30	57	63	50	19	33	23	57	15	21	36	41	16	29	40	40	21	0	19	24	10	0	35	20	12	1	25	41	26	1	61
chr19	41654541	41679629	25089	2	0	25089	15130	9959	1909	808	1070	1277	1044	731	1012	1008	1121	528	776	717	989	535	612	992	1055	618	89	839	962	574	59	842	691	441	51	595	1087	804	57	1194
chr19	41679630	41679801	172	2	0	172	119	53	25	8	5	9	6	0	9	5	9	2	9	7	8	5	6	5	8	1	0	6	0	1	0	2	6	0	0	2	6	1	0	19
chr19	41679802	41679968	167	2	0	167	91	76	20	3	3	6	7	7	10	4	4	2	10	3	3	3	3	1	4	3	1	7	6	4	1	7	9	8	1	6	9	3	1	6
chr19	41679973	41684101	4129	2	0	4129	2321	1808	290	99	147	193	151	147	185	151	159	95	162	99	130	77	76	159	162	126	20	110	194	131	32	153	106	106	22	130	172	146	20	177
chr19	41684102	41685098	997	2	0	997	495	502	41	21	36	24	33	46	60	34	33	33	50	28	15	10	21	10	48	33	3	26	46	38	7	51	35	29	4	36	44	42	4	54
chr19	41685100	41685129	30	2	0	30	12	18	0	0	1	1	0	1	2	1	1	2	1	0	1	0	1	0	1	1	0	1	2	2	0	2	0	1	0	2	1	3	0	0
chr19	41685135	41685368	234	2	0	234	114	120	12	6	7	3	8	8	13	12	4	7	12	7	4	4	4	2	8	8	0	9	17	13	0	11	8	9	0	7	8	11	0	10
chr19	41685370	41685435	66	2	0	66	25	41	1	0	2	0	1	3	4	1	0	3	7	1	1	0	1	0	2	2	0	2	3	8	0	5	1	3	0	2	3	3	0	5
chr19	41685437	41685452	16	2	0	16	7	9	0	1	0	0	0	0	1	2	1	1	1	0	0	0	0	0	1	1	0	0	1	1	0	0	0	0	0	0	1	1	0	1
chr19	41685454	41686021	568	2	0	568	286	282	19	12	21	16	13	23	34	16	27	16	36	16	9	6	15	6	23	12	2	21	21	19	3	39	15	16	2	13	27	34	1	33
chr19	41686030	41686064	35	2	0	35	22	13	2	0	1	4	1	1	1	1	0	0	2	2	4	1	0	1	1	1	0	0	1	1	0	2	0	1	0	1	2	1	0	1
chr19	41686066	41687350	1285	2	0	1285	628	657	37	30	46	31	38	45	85	34	50	45	53	38	19	24	22	29	57	39	11	38	61	82	4	75	32	38	4	30	53	63	7	63
chr19	41687353	41687367	15	2	0	15	8	7	0	0	0	1	1	0	1	1	0	0	0	2	0	1	1	0	0	0	0	1	1	0	0	1	0	0	0	0	1	1	0	0
chr19	41687369	41689202	1834	2	0	1834	827	1007	52	38	68	29	43	68	137	50	75	68	97	29	16	13	21	22	91	62	6	28	94	127	7	132	51	54	7	78	61	117	6	85
chr19	41689211	41693659	4449	2	0	4449	2391	2058	287	119	167	149	147	137	239	123	158	121	209	129	131	59	90	124	168	121	28	119	170	197	22	232	127	112	18	127	181	191	18	227
chr19	41693663	41698739	5077	2	0	5077	2343	2734	159	102	163	113	142	185	353	183	173	151	228	138	63	52	74	62	169	187	21	114	303	312	37	305	193	206	19	178	198	252	19	221
chr19	41698745	41700049	1305	2	0	1305	654	651	92	30	42	33	38	50	66	59	33	31	62	30	34	17	21	14	50	40	11	27	64	64	12	69	50	54	7	47	49	51	8	48
chr19	41700050	41720500	20451	2	0	20451	9713	10738	680	421	634	486	556	898	1335	617	656	643	1051	501	329	251	350	304	915	613	118	567	1008	1142	178	1161	667	717	95	705	816	1017	81	937
chr19	41720501	41747990	27490	2	0	27490	15815	11675	2125	780	1113	1225	1013	901	1202	914	1078	585	1033	747	1028	552	656	862	1099	683	135	901	1082	722	179	1064	754	704	134	774	1095	938	146	1264
chr19	41747992	41748084	93	2	0	93	59	34	15	0	18	0	0	0	0	0	17	0	8	0	0	0	0	0	0	0	0	0	0	3	0	5	0	0	0	0	0	4	0	21
chr19	41748101	41761957	13857	2	0	13857	7108	6749	665	365	511	407	460	541	773	448	514	394	625	305	309	199	292	298	598	401	70	430	605	623	94	720	459	395	60	456	560	623	58	597
chr19	41761959	41761980	22	2	0	22	10	12	1	0	0	0	0	0	2	2	1	0	1	2	0	0	0	0	0	0	0	0	3	1	0	1	0	2	0	0	0	2	0	2
chr19	41761982	41763723	1742	2	0	1742	854	888	81	35	66	37	51	88	108	50	62	54	82	41	25	21	24	28	78	56	13	51	90	93	8	88	54	50	6	60	75	79	5	81
chr19	41763725	41763761	37	2	0	37	18	19	1	1	1	1	1	3	2	1	2	0	1	2	0	0	0	0	2	1	1	0	1	0	0	3	4	2	0	0	2	1	1	1
chr19	41763763	41767005	3243	2	0	3243	1858	1385	219	93	137	150	128	91	141	115	140	70	129	85	112	65	91	92	116	83	12	108	118	85	15	135	98	82	10	98	143	104	19	157
chr19	41767006	41768676	1671	2	0	1671	979	692	131	53	71	77	49	49	59	69	75	28	50	51	76	40	47	53	75	40	7	48	62	64	13	65	33	40	8	32	56	60	6	82
chr19	41768678	41768701	24	2	0	24	5	19	0	0	0	0	0	1	1	0	0	0	3	0	0	0	0	0	0	1	0	0	0	4	0	3	1	3	2	0	1	1	0	1
chr19	41768703	41769731	1029	2	0	1029	593	436	98	34	25	68	44	18	36	39	45	14	34	27	38	14	17	41	31	21	6	22	30	47	25	28	28	35	15	28	48	27	10	34
chr19	41769736	41774931	5196	2	0	5196	3006	2190	367	144	200	248	181	179	228	179	179	109	205	118	232	112	132	192	208	131	27	178	203	131	16	211	153	143	25	153	203	156	28	223
chr19	41774932	41775894	963	2	0	963	542	421	90	25	41	31	38	31	44	31	26	17	46	24	34	20	20	22	36	22	3	32	39	25	3	44	36	32	1	35	34	32	7	40
chr19	41775895	41776388	494	2	0	494	296	198	54	22	25	14	25	13	16	18	25	9	12	9	11	11	17	13	24	11	3	17	15	9	2	20	11	12	2	17	22	14	3	16
chr19	41776389	41776423	35	2	0	35	19	16	1	0	2	2	1	1	3	1	3	1	2	1	0	0	0	0	0	0	0	2	2	0	0	0	2	1	0	1	2	1	0	4
chr19	41776425	41779339	2915	2	0	2915	1582	1333	209	80	111	100	113	84	132	77	90	76	136	85	89	65	78	56	106	77	28	94	115	65	40	119	69	93	34	106	116	104	28	138
chr19	41779341	41786050	6710	2	0	6710	3759	2951	495	192	269	266	228	225	294	241	258	150	264	173	239	132	153	178	237	202	49	211	278	208	49	276	201	173	36	186	272	228	38	307
chr19	41786053	41789884	3832	2	0	3832	1955	1877	221	88	164	110	122	154	201	111	163	99	175	75	78	59	65	68	139	111	28	122	168	156	41	189	128	118	37	127	153	169	24	167
chr19	41789885	41802008	12124	2	0	12124	6370	5754	645	274	446	411	372	451	631	373	415	316	548	327	343	214	272	331	460	321	81	393	541	513	91	549	362	365	96	375	464	496	66	580
chr19	41802010	41802052	43	2	0	43	18	25	0	1	2	1	2	2	3	1	1	1	1	0	1	0	1	0	2	1	0	0	4	1	0	3	2	4	0	4	1	2	0	0
chr19	41802055	41802503	449	2	0	449	225	224	18	11	17	13	15	11	24	17	16	14	27	9	10	4	11	7	11	14	0	15	21	21	4	18	15	14	4	21	21	15	4	25
chr19	41802505	41802544	40	2	0	40	22	18	2	2	0	3	2	0	5	0	2	1	2	1	1	1	0	0	2	0	0	2	1	0	0	1	1	1	0	3	3	1	0	1
chr19	41802546	41803051	506	2	0	506	256	250	23	17	22	12	15	16	29	12	20	12	23	11	16	6	11	9	18	13	2	18	25	32	2	27	12	15	2	17	18	26	0	23
chr19	41803070	41803384	315	2	0	315	189	126	27	13	11	15	9	5	17	13	16	5	11	11	13	8	8	5	14	10	1	6	10	9	1	10	9	4	0	9	12	7	2	22
chr19	41803386	41803425	40	2	0	40	26	14	6	4	2	0	3	3	2	0	3	0	0	0	0	0	1	0	5	0	0	3	1	0	0	0	1	0	0	1	1	1	0	1
chr19	41803434	41803484	51	2	0	51	35	16	15	4	0	0	3	12	0	0	0	0	0	0	0	0	0	0	15	0	0	0	0	0	0	0	0	0	0	0	0	0	0	0
chr19	41803491	41803700	210	2	0	210	94	116	9	4	2	5	4	8	12	5	4	5	15	4	3	4	5	4	4	8	3	6	12	8	5	10	6	10	5	11	7	9	3	8
chr19	41803763	41803987	225	2	0	225	112	113	15	5	6	5	6	5	14	9	4	4	10	8	6	5	5	4	7	6	1	5	9	7	3	15	7	14	2	10	12	7	2	5
chr19	41803992	41804036	45	2	0	45	25	20	0	1	2	3	4	1	1	0	1	0	3	2	0	2	3	1	1	2	0	1	2	1	0	2	1	1	0	2	2	1	0	3
chr19	41804038	41804101	64	2	0	64	35	29	14	2	2	1	4	2	3	0	1	0	5	1	0	0	0	0	1	0	0	3	3	2	0	2	3	3	1	2	2	1	1	3
chr19	41804103	41804139	37	2	0	37	26	11	7	1	3	2	2	2	1	1	4	0	0	1	0	0	0	0	1	0	0	2	1	0	0	0	1	0	0	1	3	1	0	1
chr19	41804141	41804243	103	2	0	103	61	42	8	2	1	7	3	2	6	6	3	2	1	0	4	5	1	8	6	4	0	1	9	3	0	3	1	4	0	5	1	4	0	1
chr19	41804245	41804280	36	2	0	36	16	20	0	1	1	0	1	4	3	1	1	1	0	1	0	0	0	0	5	0	0	1	3	2	0	0	2	2	0	2	1	1	0	1
chr19	41804281	41804454	174	2	0	174	93	81	8	4	6	8	3	7	4	11	7	3	6	7	8	1	5	4	6	5	1	3	6	8	4	8	6	7	1	2	8	5	2	8
chr19	41804456	41804506	51	2	0	51	27	24	4	1	2	3	2	2	2	0	2	0	4	0	1	0	2	1	1	1	0	1	0	2	0	6	3	2	0	1	2	2	0	2
chr19	41804508	41805287	780	2	0	780	510	270	93	17	26	60	36	18	28	27	30	19	28	25	36	14	18	34	29	17	0	22	28	11	1	16	22	5	0	17	30	23	3	45
chr19	41805290	41806000	711	2	0	711	375	336	45	21	22	23	23	21	34	28	26	18	37	15	17	16	15	12	23	21	8	24	34	20	11	29	27	19	5	19	22	34	4	36
chr19	41806006	41807019	1014	2	0	1014	486	528	41	34	25	19	40	50	64	21	22	36	57	17	17	19	13	9	59	38	10	32	43	27	18	51	32	43	10	33	42	31	16	43
chr19	41807023	41807213	191	2	0	191	94	97	4	7	5	7	9	11	14	4	7	1	10	8	2	0	1	3	13	5	0	1	8	5	1	13	9	7	1	7	7	10	0	9
chr19	41807214	41807383	170	2	0	170	78	92	2	2	2	5	3	11	14	5	5	10	7	0	1	5	4	2	9	9	1	9	8	7	3	8	3	3	1	7	12	6	1	3
chr19	41807384	41811242	3859	2	0	3859	1650	2209	95	75	126	52	100	158	278	91	112	120	213	79	41	37	44	28	151	126	21	92	222	293	31	285	119	184	20	139	135	229	16	145
chr19	41811244	41811261	18	2	0	18	6	12	0	0	0	0	0	1	3	0	0	0	2	0	0	0	0	0	1	0	0	0	1	0	0	2	1	0	0	3	0	2	0	0
chr19	41811263	41813519	2257	2	0	2257	1060	1197	71	48	66	48	61	97	144	70	59	64	127	65	42	31	38	29	88	70	14	67	125	119	11	141	66	95	16	69	93	112	11	98
chr19	41813525	41814437	913	2	0	913	436	477	48	23	30	17	26	42	64	24	35	31	45	18	8	8	11	5	39	30	5	30	46	48	6	52	28	33	3	28	43	41	4	40
chr19	41814438	41814451	14	2	0	14	5	9	0	0	0	0	0	1	1	0	0	1	1	0	0	0	0	0	0	1	0	1	1	2	0	1	0	0	0	0	1	1	0	0
chr19	41814453	41815806	1354	2	0	1354	778	576	81	39	51	55	49	65	56	68	50	38	40	26	46	42	31	41	88	42	11	43	50	31	5	47	48	22	5	29	51	38	5	59
chr19	41815807	41816358	552	2	0	552	278	274	50	21	16	14	32	18	27	7	6	9	25	13	14	12	8	4	24	20	5	12	26	20	13	23	22	26	11	19	12	16	3	22
chr19	41816378	41817613	1236	2	0	1236	686	550	100	34	42	52	56	38	55	47	34	18	48	26	38	37	24	37	32	41	8	46	60	32	10	48	56	38	9	42	48	39	7	32
chr19	41817625	41817955	331	2	0	331	172	159	40	5	8	11	8	16	14	9	9	2	17	9	8	5	8	1	4	9	5	10	21	9	3	18	11	17	3	11	11	16	3	8
chr19	41817958	41818505	548	2	0	548	296	252	53	10	17	20	18	22	27	11	15	9	28	21	15	10	9	10	19	14	3	15	25	15	7	23	15	21	6	16	19	20	6	27
chr19	41818507	41818535	29	2	0	29	19	10	2	1	4	0	1	1	0	0	3	1	2	0	1	0	1	0	1	0	0	3	0	0	0	0	0	0	0	0	1	0	0	5
chr19	41818537	41819594	1058	2	0	1058	653	405	106	23	36	62	40	28	33	38	40	23	37	31	41	30	40	45	43	13	10	38	28	16	9	32	27	22	6	29	41	35	7	47
chr19	41819596	41819639	44	2	0	44	20	24	0	0	0	0	0	1	3	3	0	2	3	6	0	0	0	1	0	3	0	0	3	1	0	3	0	1	0	1	4	3	2	2
chr19	41819641	41819848	208	2	0	208	92	116	12	3	6	3	6	9	12	8	4	2	12	5	2	4	2	2	4	7	1	6	16	8	4	10	10	15	3	8	5	7	2	8
chr19	41819849	41820454	606	2	0	606	325	281	54	14	25	19	26	24	30	14	20	9	23	11	14	14	12	14	17	22	1	21	35	16	3	29	19	29	6	20	23	16	4	20
chr19	41820460	41822000	1541	2	0	1541	789	752	102	44	45	53	48	58	80	50	56	35	68	32	38	25	32	23	59	40	19	44	74	55	25	62	55	64	14	49	48	57	15	70
chr19	41822002	41822879	878	2	0	878	499	379	73	23	17	48	28	37	39	34	32	15	37	12	28	24	24	26	34	27	2	36	47	23	5	29	23	30	6	21	34	24	7	31
chr19	41822881	41822922	42	2	0	42	23	19	3	0	1	2	0	2	2	0	0	0	1	0	2	2	1	5	0	1	2	1	2	1	0	3	1	4	2	1	1	0	0	0
chr19	41822924	41823018	95	2	0	95	51	44	3	4	7	1	7	4	3	3	5	1	4	5	0	0	1	1	4	1	0	5	7	2	0	3	0	4	0	2	6	5	0	5
chr19	41823019	41825886	2868	2	0	2868	1741	1127	249	86	118	133	106	82	101	89	100	50	90	88	130	85	91	142	125	58	17	103	105	72	16	85	60	60	19	79	88	88	18	133
chr19	41825887	41826193	307	2	0	307	209	98	50	12	17	20	19	1	6	4	14	5	10	6	15	5	8	16	7	7	2	7	7	4	1	10	9	2	0	7	7	9	1	17
chr19	41826195	41826628	434	2	0	434	265	169	63	10	14	19	19	15	24	9	16	6	21	17	8	8	7	7	17	11	0	11	14	5	2	13	12	10	0	14	24	8	0	28
chr19	41826629	41827754	1126	2	0	1126	613	513	87	47	30	39	63	37	58	36	23	23	47	34	31	24	22	11	60	33	5	33	57	28	6	48	36	41	3	36	41	37	8	40
chr19	41827757	41827937	181	2	0	181	102	79	23	3	7	6	8	7	10	5	5	5	5	3	2	1	5	6	6	4	1	5	10	4	0	6	8	3	1	12	6	9	0	3
chr19	41827939	41827979	41	2	0	41	19	22	1	2	1	0	0	1	4	1	3	1	2	1	0	1	1	0	0	1	0	4	2	3	0	0	3	0	0	0	1	2	0	4
chr19	41827981	41832469	4489	2	0	4489	2541	1948	379	124	160	180	182	152	186	151	151	75	177	126	131	88	114	165	153	113	27	146	212	116	29	164	131	159	31	137	175	132	31	190
chr19	41832470	41832703	234	2	0	234	136	98	25	4	11	10	14	3	15	4	5	4	5	9	5	9	2	9	11	3	0	6	11	7	0	11	7	12	0	7	7	7	0	9
chr19	41832706	41834108	1403	2	0	1403	751	652	115	37	30	60	42	53	66	32	29	23	63	30	57	35	38	40	48	47	14	39	67	36	23	55	35	64	28	51	43	34	15	52
chr19	41834109	41836091	1983	2	0	1983	1166	817	146	63	76	83	80	66	70	80	60	46	63	40	81	65	59	87	106	57	13	64	80	53	5	80	41	43	5	61	69	65	11	63
chr19	41836092	41836287	196	2	0	196	101	95	13	9	8	3	6	15	8	4	10	0	10	2	4	2	3	3	12	7	0	8	7	11	2	9	7	6	0	3	7	6	0	9
chr19	41836288	41836694	407	2	0	407	245	162	58	6	11	15	13	13	22	7	7	7	20	17	11	12	14	11	15	7	0	16	9	10	0	17	14	6	1	15	17	13	2	19
chr19	41836696	41836730	35	2	0	35	14	21	0	1	0	0	1	1	2	1	0	4	1	0	0	0	1	1	2	3	0	1	2	4	2	0	1	1	0	0	1	0	0	3
chr19	41836732	41839680	2949	2	0	2949	1425	1524	122	59	107	68	92	107	184	78	89	82	171	73	53	27	51	61	95	83	15	82	148	147	15	175	113	111	12	112	105	144	22	144
chr19	41839681	41841665	1985	2	0	1985	1084	901	145	48	54	79	73	84	98	59	46	42	78	47	62	53	48	67	99	50	12	66	83	50	22	86	65	72	15	68	68	69	17	58
chr19	41841667	41842764	1098	2	0	1098	569	529	68	25	29	41	47	42	62	42	27	21	48	28	20	28	17	23	44	37	4	30	62	45	5	45	48	33	7	44	39	42	6	37
chr19	41842775	41843062	288	2	0	288	188	100	59	7	5	11	7	10	14	13	5	6	4	11	11	7	3	13	15	6	1	8	11	5	1	7	7	8	1	4	11	5	3	7
chr19	41843080	41843906	827	2	0	827	439	388	34	24	37	30	32	38	35	15	30	17	33	22	29	19	23	21	39	33	7	19	38	36	4	41	16	22	5	24	27	27	4	44
chr19	41843911	41845990	2080	2	0	2080	903	1177	99	41	80	41	61	68	99	41	77	48	122	31	23	31	29	11	59	53	28	48	87	137	51	124	64	112	66	69	59	97	33	89
chr19	41845992	41846012	21	2	0	21	10	11	0	0	0	1	1	0	2	0	0	2	2	0	0	0	0	0	2	1	0	0	0	1	0	1	0	0	1	1	1	0	1	2
chr19	41846013	41846558	546	2	0	546	301	245	35	15	24	25	23	16	19	24	28	10	22	12	13	9	13	11	21	14	1	14	18	24	2	29	22	12	4	12	21	23	5	23
chr19	41846559	41846880	322	2	0	322	159	163	33	4	6	11	8	15	17	4	3	7	15	8	10	4	9	3	8	10	3	9	17	11	8	14	9	19	8	14	10	10	3	10
chr19	41846881	41855439	8559	2	0	8559	4311	4248	437	201	344	226	273	271	481	241	304	192	429	206	195	150	196	163	289	233	45	248	399	411	51	489	265	341	39	307	313	365	47	406
chr19	41855440	41859428	3989	2	0	3989	2240	1749	287	118	106	187	146	154	167	147	110	73	152	92	156	103	79	162	181	112	32	122	174	120	50	142	116	124	39	109	143	130	23	131
chr19	41859429	41859442	14	1	0	14	7	7	1	1	0	0	0	0	0	0	0	0	1	2	0	0	0	0	0	0	1	0	0	2	1	0	0	0	0	0	1	1	0	1
chr19	41859444	41860926	1483	1	0	1483	541	942	47	33	48	10	20	46	64	15	54	39	83	15	18	18	24	6	26	36	39	35	52	122	84	78	35	102	81	60	32	77	36	46
chr19	41860936	41861874	939	1	0	939	484	455	44	33	40	21	40	34	44	23	29	23	47	24	25	19	18	20	40	28	11	30	47	37	10	37	24	28	4	36	30	38	7	46
chr19	41861876	41861894	19	1	0	19	16	3	1	0	1	4	1	0	0	0	1	0	0	1	3	0	0	2	0	0	0	0	1	0	0	0	0	0	0	0	0	1	0	1
chr19	41861896	41862036	141	1	0	141	75	66	3	4	7	3	1	11	7	2	6	6	2	2	7	5	5	3	8	5	3	9	2	3	3	6	3	4	1	2	9	2	1	4
chr19	41862037	41862158	122	1	0	122	60	62	4	3	8	2	5	4	4	1	5	3	8	4	4	1	2	1	3	4	0	4	7	6	2	7	2	5	0	1	2	7	2	9
chr19	41862175	41862635	461	1	0	461	227	234	19	10	22	9	22	17	25	15	15	13	17	8	4	14	6	10	20	17	3	14	25	20	5	19	17	19	5	17	18	13	1	20
chr19	41862637	41863833	1197	1	0	1197	598	599	61	26	49	24	46	42	63	32	24	27	47	24	30	28	44	30	39	43	3	38	59	56	6	72	51	52	8	49	34	43	1	44
chr19	41863845	41865322	1478	1	0	1478	719	759	73	37	51	38	48	49	84	36	46	38	80	30	33	25	36	14	37	57	11	43	71	61	23	79	56	50	14	62	53	66	8	67
chr19	41865324	41865363	40	1	0	40	16	24	0	1	0	0	1	3	5	0	0	2	4	0	0	0	0	0	2	0	0	4	3	1	0	1	3	2	0	1	1	1	0	3
chr19	41865365	41865949	585	1	0	585	274	311	31	12	19	9	12	26	30	12	10	17	32	12	16	12	15	7	22	20	5	20	23	19	17	30	16	26	18	24	19	24	6	22
chr19	41865950	41870848	4899	1	0	4899	2252	2647	220	97	129	112	133	217	333	105	117	109	236	103	87	86	97	70	157	170	28	154	290	287	66	250	176	248	49	207	165	188	27	184
chr19	41870851	41874394	3544	1	0	3544	1669	1875	179	91	112	92	123	143	234	66	111	79	163	69	62	49	62	33	103	121	27	111	206	165	44	177	139	174	43	142	118	131	32	141
chr19	41874396	41874472	77	1	0	77	35	42	4	1	3	1	5	4	6	1	1	1	5	2	0	0	0	0	2	0	0	4	4	1	1	2	7	6	1	4	3	2	0	4
chr19	41874474	41875448	975	1	0	975	486	489	66	15	27	29	26	46	61	23	20	19	46	27	24	20	19	17	27	33	6	34	52	29	13	51	35	52	9	36	42	31	6	32
chr19	41875449	41878658	3210	1	0	3210	1478	1732	136	73	106	63	97	117	210	78	95	83	173	52	49	44	48	53	118	96	20	83	169	217	22	203	106	149	24	121	108	149	16	130
chr19	41878676	41880456	1781	1	0	1781	737	1044	26	28	57	27	44	71	97	41	52	44	126	30	16	24	26	28	46	59	18	44	102	160	24	119	48	92	28	50	56	94	10	92
chr19	41880460	41881609	1150	1	0	1150	482	668	15	24	47	12	16	43	71	28	48	29	55	23	20	16	19	15	30	44	7	31	65	118	12	87	29	49	7	33	34	72	8	41
chr19	41881610	41881652	43	1	0	43	23	20	1	0	3	2	3	2	1	1	0	1	0	3	2	3	1	0	3	1	0	1	3	2	0	0	0	2	0	2	1	1	0	2
chr19	41881653	41881941	289	1	0	289	136	153	28	7	5	6	11	10	19	4	4	5	15	5	4	6	5	1	6	13	1	8	18	10	4	18	10	19	8	8	10	8	1	10
chr19	41881944	41885181	3238	1	0	3238	1280	1958	100	53	95	44	61	96	140	68	98	110	190	61	34	39	58	31	74	94	57	73	132	279	155	159	91	168	114	103	68	184	58	149
chr19	41885183	41885212	30	1	0	30	14	16	1	0	1	2	1	1	1	0	1	1	2	0	1	0	0	0	1	0	0	1	3	4	0	1	0	1	0	1	0	3	0	1
chr19	41885214	41885455	242	1	0	242	118	124	11	7	8	3	7	8	10	12	6	5	15	6	4	3	6	5	9	7	2	6	12	13	2	13	8	9	2	9	8	11	2	11
chr19	41885456	41894135	8680	1	0	8680	3776	4904	273	155	248	157	209	341	544	220	223	268	516	176	129	83	141	91	265	294	77	211	509	614	116	550	267	414	95	308	273	467	64	380
chr19	41894136	41896803	2668	1	0	2668	1031	1637	49	32	78	23	42	97	181	59	72	83	189	38	19	25	28	16	75	94	21	45	153	257	44	214	80	140	29	101	71	177	18	116
chr19	41896804	41900786	3983	1	0	3983	1824	2159	181	70	128	96	120	154	200	110	113	99	236	89	61	51	71	45	124	118	29	103	196	311	59	220	126	173	33	128	138	183	33	183
chr19	41900787	41903527	2741	1	0	2741	1181	1560	134	51	66	40	77	112	177	72	58	60	153	62	23	34	51	10	74	101	25	56	157	167	54	150	122	142	38	140	85	118	29	101
chr19	41903528	42436347	532820	1	0	532820	245326	287494	22263	10700	16237	11719	14981	21996	31089	14107	14568	13505	27994	11455	9107	7909	9480	8214	18575	16841	4371	14323	27570	31702	8158	29062	18214	24884	7155	19117	17815	23065	4344	22298
chr19	42436348	42557347	121000	2	0	121000	65814	55186	8044	3147	4472	4483	4152	4178	5970	3909	4197	2615	5158	3106	3753	2425	2826	3378	4619	3353	581	3812	5283	4300	793	5520	3589	3772	693	3794	4718	4471	586	5301
chr19	42557348	42657347	1e+05	3	0	1e+05	55663	44337	6570	2729	3665	4145	3509	3399	4795	3677	3801	2336	3997	2623	3229	1877	2249	3061	4273	2546	491	3031	4088	3494	580	4211	2914	2680	435	2836	4105	3653	370	4629
chr19	42657348	43110347	453000	4	0	453000	259714	193286	30792	12514	17938	19923	16481	15237	20561	17676	18635	10328	16720	11965	15259	8979	10632	16074	19643	11456	1799	14160	18200	13022	1962	17597	13255	10332	1425	12785	18857	15971	1511	21309
chr19	43110348	43243347	133000	3	0	133000	76604	56396	9016	3671	5268	5896	4780	4431	5970	5233	5469	2996	4901	3477	4586	2651	3184	5073	5638	3306	565	4240	5304	3764	554	5084	3986	2997	382	3733	5487	4639	451	6266
chr19	43243348	43361163	117816	2	0	117816	64819	52997	7249	3010	4725	4593	4007	4129	5703	4174	4577	2801	4728	3022	3743	2188	2582	3587	4867	3152	580	3529	4925	4209	714	5118	3576	3117	511	3570	4645	4487	475	5521
chr19	43361182	43376347	15166	2	0	15166	7039	8127	497	296	487	342	387	624	958	464	496	416	809	335	242	232	215	239	546	473	163	386	836	875	164	788	547	581	136	574	504	735	97	720
chr19	43376348	43680347	304000	1	0	304000	153510	150490	17721	7092	10294	9265	9862	11086	16061	8689	9351	6940	14484	7237	7437	5160	6320	6509	10303	8966	2136	8873	14606	13466	3523	14746	9976	11919	3304	10659	10813	11990	2329	12881
chr19	43680348	43859347	179000	2	0	179000	94628	84372	10622	4461	6210	6448	6087	6654	9021	5676	5911	3945	7837	4364	5121	3400	3875	4996	6811	5020	1160	5469	8069	6789	1591	8157	5687	6302	1496	5762	6871	6494	1137	7555
chr19	43859348	43969347	110000	3	0	110000	67092	42908	9136	3373	4403	5932	4275	3106	4159	4210	4624	1987	3448	3045	4808	2691	2902	4991	4527	2497	512	3621	3864	2440	482	3577	2862	2209	428	2785	4498	3217	460	4929
chr19	43969348	44028409	59062	4	0	59062	35199	23863	4440	1796	2315	2961	2350	1859	2285	2291	2361	1217	1900	1592	2362	1420	1520	2528	2562	1414	309	2007	2221	1330	302	2029	1605	1233	289	1491	2397	1905	276	2493
chr19	44028410	44337976	309567	4	0	309567	185498	124069	24907	9272	12163	15580	11880	9506	11937	11808	12463	5940	10225	8544	12671	7603	7762	13236	13026	7325	1675	10295	11288	7110	1664	10402	8196	6591	1527	7797	12621	9438	1520	13593
chr19	44337978	44360100	22123	4	0	22123	13701	8422	1949	687	915	1246	847	570	873	808	950	378	641	630	1050	584	590	982	892	462	120	744	718	438	103	651	617	398	82	597	871	612	89	1027
chr19	44360101	44360257	157	4	0	157	72	85	8	2	3	4	4	9	10	4	3	2	12	6	1	1	0	2	2	4	3	5	11	6	2	6	8	7	1	6	6	8	2	7
chr19	44360258	44360385	128	4	0	128	93	35	31	3	7	5	5	0	2	5	6	3	2	3	3	2	4	11	3	3	1	1	1	1	0	4	3	2	0	1	5	0	1	8
chr19	44360386	44363141	2756	4	0	2756	1822	934	266	80	102	192	114	76	75	138	122	39	66	88	136	70	72	184	129	45	6	85	69	49	6	68	78	31	4	49	127	67	8	113
chr19	44363151	44365017	1867	4	0	1867	1150	717	143	50	67	114	75	49	76	80	71	33	44	65	85	49	45	103	79	39	3	60	77	46	6	55	52	45	5	36	73	55	4	81
chr19	44365022	44365335	314	4	0	314	191	123	31	12	12	18	17	12	13	3	9	2	10	8	16	7	8	13	11	12	1	9	16	6	0	11	7	10	0	9	11	5	1	12
chr19	44365337	44365371	35	4	0	35	13	22	0	0	0	0	0	2	3	0	0	0	5	0	0	1	1	0	0	2	0	1	2	1	0	5	0	1	0	3	3	3	0	0
chr19	44365374	44365480	107	4	0	107	58	49	6	3	1	2	3	6	9	2	2	2	8	2	1	0	0	10	5	2	0	4	2	2	0	5	6	3	0	5	6	2	2	4
chr19	44365481	44367126	1646	4	0	1646	980	666	140	47	78	83	59	54	63	45	77	25	58	42	72	41	38	56	74	30	8	55	48	49	9	67	44	30	9	41	55	64	8	75
chr19	44367134	44367576	443	4	0	443	233	210	19	12	18	25	17	12	20	12	25	8	17	7	12	10	10	8	17	7	4	14	19	13	8	20	8	20	8	14	16	20	4	17
chr19	44367595	44371356	3762	4	0	3762	2404	1358	308	113	183	223	157	104	110	174	175	76	92	114	186	94	93	201	164	78	16	129	106	75	4	110	98	48	4	68	177	94	16	170
chr19	44371358	44372932	1575	4	0	1575	897	678	132	50	78	57	61	41	61	48	77	43	51	28	47	36	30	55	54	30	21	65	62	37	17	57	38	36	20	42	57	70	16	56
chr19	44372934	44374302	1369	4	0	1369	839	530	150	38	44	82	61	38	49	42	41	27	46	37	62	30	35	55	46	43	2	42	56	34	9	47	37	27	6	30	51	42	3	55
chr19	44374309	44379013	4705	4	0	4705	3031	1674	443	173	172	283	213	125	144	218	167	69	100	148	248	131	132	265	218	100	13	167	169	90	12	104	119	76	11	110	194	110	12	167
chr19	44379014	44380423	1410	4	0	1410	875	535	152	33	55	80	48	44	52	53	50	32	37	34	69	36	34	65	64	32	4	45	53	25	9	43	30	34	8	34	50	39	9	55
chr19	44380424	44382292	1869	4	0	1869	1199	670	174	64	73	105	68	49	65	75	70	33	51	39	103	61	59	109	85	33	11	77	64	34	3	39	49	30	7	44	59	43	3	88
chr19	44382293	44388524	6232	4	0	6232	3628	2604	431	180	256	281	228	231	256	274	263	115	219	190	227	137	145	193	283	148	28	204	250	157	20	218	168	140	19	181	288	200	27	273
chr19	44388539	44388715	177	4	0	177	106	71	21	0	13	9	4	5	4	4	9	3	4	3	9	4	4	8	4	6	0	2	6	7	1	11	4	3	1	6	3	9	2	6
chr19	44388716	44388849	134	4	0	134	81	53	8	5	8	3	7	7	3	4	5	3	4	3	4	3	1	12	12	2	0	3	3	4	0	7	2	2	0	2	5	6	0	4
chr19	44388851	44388910	60	4	0	60	35	25	1	3	0	0	3	4	3	5	0	2	1	2	0	5	1	4	8	1	2	3	1	0	0	2	2	0	0	0	3	2	0	0
chr19	44388920	44389080	161	4	0	161	94	67	16	4	10	6	7	2	2	10	6	3	3	8	6	3	1	6	7	3	2	0	5	12	1	6	3	2	3	2	6	7	0	7
chr19	44389082	44389162	81	4	0	81	47	34	3	3	4	3	3	1	5	4	3	3	2	4	4	1	2	1	3	1	0	4	3	1	0	3	3	2	0	1	4	3	0	5
chr19	44389164	44389359	196	4	0	196	103	93	4	5	9	6	7	5	13	11	9	5	2	9	2	3	1	10	6	6	0	6	14	10	0	8	8	7	0	3	8	9	0	8
chr19	44389361	44389423	63	4	0	63	39	24	6	1	4	1	1	1	2	2	2	2	2	2	4	1	2	5	0	1	0	4	1	3	0	2	1	1	0	2	4	2	0	2
chr19	44389425	44389595	171	4	0	171	107	64	11	7	6	10	6	6	9	6	7	2	3	7	9	7	3	7	9	2	2	9	4	3	0	2	6	2	0	6	8	2	4	4
chr19	44389597	44389703	107	4	0	107	80	27	14	4	5	8	1	4	2	3	5	0	0	2	12	5	4	9	7	2	2	2	0	1	0	2	4	0	0	0	0	0	0	7
chr19	44389705	44390200	496	4	0	496	275	221	21	16	13	24	18	27	26	17	15	15	14	13	19	6	14	15	30	10	6	18	20	18	1	17	19	12	0	13	19	16	3	19
chr19	44390201	44390982	782	4	0	782	408	374	44	16	29	27	33	30	35	39	21	22	32	26	18	14	8	14	34	20	2	26	46	39	6	26	19	30	2	21	37	29	4	31
chr19	44390984	44391027	44	4	0	44	26	18	1	0	1	3	1	4	1	2	0	0	1	1	3	2	3	2	2	3	0	1	3	1	0	0	2	0	0	2	0	0	0	3
chr19	44391029	44394411	3383	4	0	3383	2026	1357	219	118	114	163	132	122	121	167	122	54	111	114	141	83	89	155	166	90	13	108	150	84	4	112	89	66	5	68	137	110	8	146
chr19	44394413	44394947	535	4	0	535	352	183	60	21	18	37	26	13	19	16	19	7	15	14	30	20	11	25	27	14	3	17	13	10	2	12	16	3	2	8	18	10	1	26
chr19	44394949	44394978	30	4	0	30	16	14	0	1	3	1	2	1	0	1	3	0	0	0	0	2	1	0	2	1	0	1	2	2	0	2	0	0	0	0	0	2	0	1
chr19	44394980	44395754	775	4	0	775	492	283	59	26	32	47	34	22	25	24	33	12	23	26	37	21	27	43	38	16	0	26	27	15	0	26	18	7	1	14	22	30	1	41
chr19	44395756	44395870	115	4	0	115	62	53	3	2	6	2	4	6	6	5	5	5	5	3	2	1	3	2	8	2	0	4	5	2	0	4	3	4	0	3	6	3	0	9
chr19	44395872	44395929	58	4	0	58	31	27	4	2	2	2	4	1	1	3	0	1	2	1	2	1	3	2	0	3	1	1	6	0	0	1	3	2	0	5	0	1	1	1
chr19	44395931	44395950	20	4	0	20	10	10	0	1	0	1	1	0	0	2	0	1	1	0	1	0	0	1	0	1	0	0	2	0	0	2	0	2	0	0	1	1	0	0
chr19	44395952	44396824	873	4	0	873	542	331	61	22	38	55	34	21	39	36	39	16	24	28	42	23	20	43	27	21	0	35	34	20	0	26	24	15	0	21	45	24	0	38
chr19	44396826	44396893	68	4	0	68	36	32	3	1	0	3	2	3	3	6	1	1	2	1	1	2	1	4	3	2	2	2	3	1	2	0	7	2	1	2	1	1	1	2
chr19	44396894	44397360	467	4	0	467	287	180	32	20	30	15	15	12	20	19	33	8	16	13	16	15	8	13	16	12	1	26	11	6	2	16	11	3	0	6	28	14	1	27
chr19	44397362	44397391	30	4	0	30	17	13	0	1	1	0	0	0	2	1	2	1	3	3	0	0	0	2	1	0	0	1	0	0	0	0	0	0	1	1	2	0	1	5
chr19	44397393	44397571	179	4	0	179	101	78	11	4	8	7	7	5	8	5	8	7	12	5	3	2	4	3	7	4	0	7	5	6	0	9	3	1	0	4	10	9	0	13
chr19	44397586	44397778	193	4	0	193	90	103	7	4	3	6	5	11	13	3	3	4	9	6	5	5	4	1	9	8	1	6	13	10	3	8	4	8	1	9	6	8	3	5
chr19	44397780	44397898	119	4	0	119	61	58	15	1	3	2	6	6	11	0	1	4	8	2	0	0	0	0	5	1	0	5	4	2	0	6	9	6	0	5	5	3	0	7
chr19	44397907	44398825	919	4	0	919	544	375	58	25	45	46	40	22	41	29	36	19	23	26	39	19	26	48	37	20	1	27	38	25	2	37	28	25	1	30	29	32	2	41
chr19	44398827	44398848	22	4	0	22	14	8	7	1	2	0	2	0	0	0	0	0	0	0	0	0	0	0	1	0	0	0	2	1	0	0	0	2	0	2	0	0	0	0
chr19	44398850	44399321	472	4	0	472	310	162	37	13	22	38	20	12	19	12	20	11	12	14	33	14	11	22	21	12	0	16	13	6	0	14	8	7	0	7	21	8	0	27
chr19	44399323	44399347	25	4	0	25	19	6	4	2	0	1	2	0	0	0	0	0	0	0	3	2	2	1	1	2	0	1	1	0	0	1	0	0	0	0	0	0	0	0
chr19	44399349	44399729	381	4	0	381	232	149	35	13	14	18	18	19	14	12	12	6	9	10	14	11	7	18	22	10	4	13	15	8	1	12	12	7	0	7	14	11	1	12
chr19	44399731	44399749	19	4	0	19	11	8	2	0	0	3	2	1	0	1	1	0	1	0	0	0	0	0	1	0	0	0	0	0	0	1	1	1	0	0	2	0	0	0
chr19	44399751	44401943	2193	4	0	2193	1111	1082	110	60	80	76	73	71	104	59	70	58	94	47	73	40	45	50	70	48	32	79	98	94	30	94	69	90	43	66	71	84	29	84
chr19	44401945	44401973	29	4	0	29	13	16	1	0	1	3	0	1	0	0	1	0	1	0	3	0	0	1	0	0	0	1	0	7	1	1	0	1	1	0	1	2	0	0
chr19	44401975	44403308	1334	4	0	1334	792	542	117	39	56	70	56	37	50	44	53	30	39	33	56	26	39	47	54	29	11	38	46	33	5	50	41	33	12	33	46	38	8	63
chr19	44403313	44404341	1029	4	0	1029	662	367	117	26	43	69	43	32	36	34	46	16	23	23	50	29	18	55	41	24	6	32	34	15	4	29	25	23	5	21	45	20	5	38
chr19	44404343	44404401	59	4	0	59	44	15	9	2	4	4	1	0	1	1	1	1	1	1	8	2	4	2	1	1	0	3	1	0	0	1	0	1	0	3	1	0	0	3
chr19	44404403	44404807	405	4	0	405	234	171	19	11	19	17	17	17	18	15	16	6	18	11	14	12	13	11	21	9	0	16	12	9	0	14	12	5	0	21	21	12	0	17
chr19	44404808	44405723	916	4	0	916	571	345	92	39	40	45	53	16	31	33	44	12	22	27	26	30	23	37	42	29	1	25	34	16	4	28	16	13	6	25	41	23	3	38
chr19	44405734	44405913	180	4	0	180	71	109	8	2	0	4	1	8	14	1	3	5	13	2	2	3	4	1	5	6	1	6	9	10	6	11	5	13	6	8	5	7	3	6
chr19	44405914	44407735	1822	4	0	1822	1199	623	212	82	70	109	105	54	45	80	77	21	39	59	79	28	41	96	92	36	5	52	62	30	2	40	56	19	1	32	74	49	2	71
chr19	44407736	44408333	598	4	0	598	347	251	86	18	15	27	25	24	19	19	14	10	22	19	22	8	9	9	25	12	9	13	22	13	9	20	13	21	13	15	27	18	3	17
chr19	44417333	44417474	142	3	0	142	79	63	19	1	6	2	4	7	9	1	2	2	8	7	2	2	4	2	3	5	0	4	3	1	1	8	7	4	0	7	8	3	1	7
chr19	44417476	44419909	2434	3	0	2434	1424	1010	202	73	78	142	96	87	98	98	88	45	78	77	108	29	53	70	96	68	10	60	113	68	14	83	64	70	12	64	106	72	10	100
chr19	44419910	44423075	3166	3	0	3166	1903	1263	251	107	110	169	148	78	111	165	139	55	80	108	97	63	82	138	134	78	15	76	129	89	13	101	107	66	9	64	132	99	9	142
chr19	44423076	44423114	39	3	0	39	26	13	3	0	4	3	1	0	0	2	3	0	0	2	2	0	1	3	0	0	0	0	0	1	0	3	1	2	0	1	2	1	0	2
chr19	44423115	44423584	470	3	0	470	288	182	36	17	12	35	25	5	21	21	21	6	11	20	18	10	7	22	15	15	1	7	24	9	2	16	10	10	2	12	22	17	3	16
chr19	44423586	44423605	20	3	0	20	13	7	2	0	1	1	1	0	0	0	0	1	1	1	2	0	1	0	0	0	0	1	1	1	0	1	0	0	0	0	0	2	0	1
chr19	44423608	44425429	1822	3	0	1822	1062	760	99	54	80	72	68	60	78	71	71	44	61	54	67	51	61	69	83	56	6	64	62	43	6	70	60	37	1	42	73	45	7	105
chr19	44425431	44425460	30	3	0	30	17	13	1	0	3	1	1	0	1	0	1	0	4	1	2	2	0	0	0	0	0	2	0	0	0	1	1	0	0	2	1	1	0	3
chr19	44425462	44427138	1677	3	0	1677	975	702	118	60	64	67	60	44	78	65	64	30	68	36	67	43	42	68	71	37	10	59	59	49	4	68	55	45	3	43	63	50	3	82
chr19	44427140	44427205	66	3	0	66	32	34	3	0	1	4	3	4	1	2	0	1	5	4	2	0	0	0	1	2	2	0	5	7	0	3	0	2	0	0	4	4	0	4
chr19	44427208	44427498	291	3	0	291	186	105	24	11	4	20	8	4	11	15	11	4	5	11	16	5	11	24	6	10	0	9	9	17	1	6	7	2	1	6	16	4	0	11
chr19	44427499	44431309	3811	3	0	3811	2126	1685	211	100	169	132	107	182	174	135	166	82	151	101	127	82	81	124	192	98	29	127	135	100	25	145	117	83	26	108	155	124	26	195
chr19	44431311	44431335	25	3	0	25	19	6	6	1	0	3	1	0	1	1	1	0	0	2	2	0	0	0	0	0	0	1	1	0	0	0	0	0	0	0	1	1	0	1
chr19	44431337	44433539	2203	3	0	2203	1243	960	130	70	71	91	76	81	99	91	86	44	85	61	70	46	63	79	90	68	11	72	98	69	13	81	72	40	7	61	87	82	3	104
chr19	44433541	44433567	27	3	0	27	8	19	0	1	0	0	1	0	0	0	0	0	3	0	0	1	1	0	0	2	0	1	1	7	1	1	0	1	1	0	0	1	0	2
chr19	44433569	44435594	2026	3	0	2026	1147	879	123	51	85	90	74	64	96	93	88	47	73	45	64	47	43	64	78	54	8	69	83	52	8	76	77	51	6	63	89	62	12	89
chr19	44435595	44442125	6531	3	0	6531	4001	2530	550	201	263	336	241	220	251	269	275	105	174	161	283	175	172	324	307	155	18	221	240	145	24	192	191	132	21	168	243	169	25	278
chr19	44442126	44443390	1265	3	0	1265	686	579	73	32	52	42	36	30	60	41	61	30	67	30	29	34	35	33	42	38	8	38	47	44	7	64	31	25	11	35	47	55	10	76
chr19	44443392	44443425	34	3	0	34	22	12	1	0	1	2	0	0	1	1	1	0	0	4	2	1	2	4	0	0	0	1	1	3	0	2	0	0	0	0	1	3	0	1
chr19	44443427	44446735	3309	3	0	3309	1930	1379	218	96	145	154	120	104	143	132	155	63	127	83	120	78	82	108	121	78	16	126	115	84	11	132	111	70	6	81	152	110	7	159
chr19	44446750	44446868	119	3	0	119	74	45	11	5	5	6	7	4	2	4	6	1	2	4	4	2	6	4	5	7	0	0	3	2	0	6	4	1	0	3	5	2	0	6
chr19	44446874	44447279	406	3	0	406	247	159	30	13	17	21	11	10	24	13	14	12	9	7	26	8	11	21	17	12	1	12	15	5	0	14	12	8	3	17	14	9	0	18
chr19	44447280	44451333	4054	3	0	4054	2347	1707	304	100	158	211	141	142	144	140	177	83	134	122	151	94	100	145	164	88	32	134	134	106	47	137	105	98	50	95	164	132	49	171
chr19	44451336	44453313	1978	3	0	1978	929	1049	67	44	41	46	41	84	123	71	64	59	119	53	25	32	33	26	90	53	23	53	93	120	27	92	61	55	17	69	75	103	15	102
chr19	44461278	44465944	4667	3	0	4667	2759	1908	327	121	209	238	193	138	208	147	177	112	159	126	198	111	108	185	185	110	12	175	183	116	16	173	127	114	8	115	191	148	14	221
chr19	44465951	44466712	762	3	0	762	491	271	61	25	32	49	39	17	29	24	34	15	15	23	32	27	25	42	41	17	2	25	21	11	0	23	24	6	0	14	23	21	4	39
chr19	44466714	44466759	46	3	0	46	29	17	0	1	1	5	1	0	1	2	1	0	1	5	5	0	1	4	0	1	0	0	1	2	1	1	1	0	1	0	2	3	0	3
chr19	44466765	44470782	4018	3	0	4018	2367	1651	249	135	154	189	163	134	165	179	149	89	126	139	166	79	84	165	189	98	18	132	171	124	7	135	96	78	11	89	185	137	8	173
chr19	44470784	44470867	84	3	0	84	46	38	1	3	3	0	3	5	3	8	3	2	2	2	0	5	1	4	10	2	0	3	2	1	0	5	2	1	0	2	5	4	0	0
chr19	44470870	44473022	2153	3	0	2153	1237	916	146	56	102	82	81	93	84	91	98	38	87	72	61	42	32	71	105	48	9	67	85	60	3	87	56	45	2	53	103	82	12	98
chr19	44473024	44473044	21	3	0	21	13	8	0	1	1	2	0	1	1	0	4	0	0	2	0	0	0	0	1	0	1	0	0	0	0	0	0	0	0	0	2	0	1	2
chr19	44473046	44473164	119	3	0	119	62	57	0	0	5	2	1	8	5	6	2	3	9	2	4	6	2	6	9	2	1	5	3	3	0	7	4	5	0	1	5	3	1	7
chr19	44473166	44473199	34	3	0	34	17	17	1	0	2	0	2	2	1	1	1	2	2	1	0	0	0	0	1	1	1	1	1	0	0	2	1	1	1	1	4	1	0	1
chr19	44473201	44479511	6311	3	0	6311	3761	2550	436	183	260	311	200	180	259	283	335	116	231	183	219	134	162	267	249	129	16	220	213	178	23	227	158	104	19	149	302	230	16	317
chr19	44479512	44480956	1445	3	0	1445	881	564	122	29	53	89	59	45	63	48	53	33	39	44	59	37	43	65	61	31	3	48	59	29	1	47	37	35	2	40	58	42	6	63
chr19	44480958	44480974	17	3	0	17	11	6	1	1	1	1	1	0	1	0	1	1	1	0	1	0	0	1	0	0	0	1	0	0	0	0	0	0	0	0	2	0	0	1
chr19	44480976	44481278	303	3	0	303	163	140	15	7	17	10	7	4	19	12	13	6	9	7	15	3	7	11	6	5	2	6	12	10	0	19	18	15	0	11	6	11	2	16
chr19	44481294	44483683	2390	3	0	2390	1447	943	156	56	95	140	87	74	87	106	101	45	86	67	103	55	67	121	76	51	6	97	85	63	4	82	66	45	3	66	128	75	5	90
chr19	44483685	44484006	322	3	0	322	219	103	45	13	22	19	14	7	7	5	24	4	12	6	15	3	8	14	9	5	0	13	6	2	0	13	3	1	0	4	15	13	0	18
chr19	44484013	44484057	45	3	0	45	17	28	0	0	1	0	0	3	4	1	1	2	4	1	0	0	0	0	1	0	0	4	3	1	0	1	2	3	3	1	2	1	1	3
chr19	44484059	44486206	2148	3	0	2148	1268	880	168	42	86	103	72	59	89	83	68	45	82	57	90	63	51	108	83	52	8	66	80	40	21	78	60	60	12	68	80	67	9	96
chr19	44486208	44488080	1873	3	0	1873	1057	816	158	57	66	77	75	59	82	52	56	32	79	38	69	46	47	63	63	57	8	66	82	55	10	83	56	59	14	57	67	60	10	68
chr19	44488129	44488191	63	3	0	63	27	36	3	0	4	0	0	3	0	0	4	2	10	0	0	0	0	0	0	2	3	0	3	3	3	4	0	0	0	0	0	7	0	10
chr19	44488223	44488532	310	3	0	310	118	192	11	5	5	3	5	11	19	2	7	7	30	6	1	3	1	1	3	10	7	6	14	13	14	20	13	20	9	11	7	18	8	18
chr19	44488534	44488575	42	3	0	42	19	23	0	1	0	2	2	3	2	1	1	2	4	1	0	0	0	0	0	1	2	3	1	1	1	0	3	0	0	1	3	2	1	2
chr19	44488577	44488679	103	3	0	103	37	66	1	1	3	1	5	5	9	0	0	0	7	3	0	1	1	0	1	2	1	3	9	3	1	7	8	10	2	7	1	4	2	3
chr19	44488681	44488719	39	3	0	39	12	27	0	0	1	0	0	2	3	0	1	2	3	0	0	0	0	0	0	1	2	1	3	3	1	2	1	3	1	1	1	2	0	3
chr19	44488721	44489139	419	3	0	419	117	302	1	2	6	1	3	13	24	6	6	14	32	5	0	1	3	0	3	11	8	8	18	52	37	22	13	43	14	15	12	23	1	20
chr19	44489141	44489181	41	3	0	41	5	36	0	0	0	0	0	1	2	0	0	0	2	0	0	0	0	0	0	1	0	0	3	12	4	2	0	7	1	2	0	2	0	0
chr19	44489222	44489500	279	3	0	279	150	129	18	9	11	10	10	9	11	13	14	6	8	11	6	7	5	2	17	8	2	4	12	18	4	8	4	5	1	5	10	10	1	18
chr19	44489502	44489596	95	3	0	95	50	45	3	4	6	1	5	5	3	4	1	3	4	3	5	2	1	0	5	2	2	3	2	3	0	3	7	1	0	4	3	2	2	4
chr19	44489607	44489840	234	3	0	234	151	83	47	5	13	12	7	3	7	3	15	6	6	4	8	0	5	9	4	7	0	3	5	8	2	10	5	3	2	1	6	7	2	17
chr19	44489852	44489912	61	3	0	61	39	22	7	1	8	0	1	0	0	0	9	0	12	0	0	0	0	0	1	0	0	0	0	0	0	0	0	0	0	0	0	0	0	20
chr19	44489917	44490004	88	3	0	88	61	27	20	0	16	0	1	0	1	0	15	1	5	0	0	0	0	0	1	0	0	0	0	1	0	2	1	0	0	1	0	2	0	19
chr19	44490005	44490028	24	3	0	24	18	6	8	0	4	0	0	0	0	0	4	1	0	0	0	0	0	0	1	0	0	0	0	0	0	0	0	0	0	0	0	0	0	4
chr19	44490069	44490175	107	3	0	107	54	53	12	0	16	1	0	0	0	0	17	0	6	0	0	0	1	1	0	0	0	0	0	11	0	15	0	0	1	1	0	15	1	7
chr19	44490177	44491448	1272	3	0	1272	772	500	131	45	62	54	58	37	49	44	50	21	42	24	53	31	28	42	55	27	4	48	40	31	3	47	47	24	1	36	46	39	0	51
chr19	44491449	44493742	2294	2	0	2294	1304	990	136	47	105	102	82	78	101	68	102	57	89	59	70	56	77	75	82	65	11	80	98	68	1	96	51	53	8	68	97	77	6	127
chr19	44493743	44495740	1998	2	0	1998	1026	972	98	50	51	59	66	105	109	71	39	45	88	43	55	44	40	63	103	67	13	61	100	88	12	79	81	66	19	66	67	59	8	81
chr19	44495742	44495765	24	2	0	24	12	12	0	0	3	1	1	2	0	1	3	1	0	0	0	0	0	0	1	0	1	1	0	0	0	0	2	0	1	1	1	0	1	1
chr19	44495767	44496257	491	2	0	491	258	233	24	12	16	14	14	24	31	10	11	18	23	9	17	6	16	11	24	13	1	23	17	16	2	26	19	14	2	15	20	18	1	22
chr19	44496259	44496324	66	2	0	66	31	35	1	1	2	3	4	5	2	0	1	0	3	1	1	2	1	2	3	3	0	3	6	3	1	4	1	4	0	1	1	4	1	0
chr19	44496326	44496650	325	2	0	325	180	145	27	6	12	11	12	18	15	4	8	3	11	7	8	11	9	16	16	10	1	11	17	5	2	17	6	14	2	14	10	12	3	5
chr19	44496652	44496672	21	2	0	21	10	11	0	0	1	0	1	0	2	0	0	3	3	0	0	0	0	0	2	0	0	1	0	0	0	0	1	0	0	1	0	0	0	4
chr19	44496682	44510550	13869	2	0	13869	7629	6240	867	366	533	617	472	376	663	487	585	287	552	342	459	275	340	406	472	340	83	409	573	515	108	584	440	399	115	436	513	526	68	659
chr19	44510612	44512932	2321	2	0	2321	1210	1111	122	51	97	81	69	56	131	77	119	55	106	75	40	29	50	51	55	65	9	62	124	106	10	118	63	75	2	66	91	113	13	138
chr19	44512933	44513419	487	2	0	487	218	269	14	12	13	12	20	13	34	19	15	16	18	13	2	5	4	6	23	12	4	7	28	39	5	26	18	23	4	17	17	24	3	19
chr19	44513420	44513443	24	2	0	24	15	9	5	2	0	1	3	1	1	0	0	0	0	1	0	0	0	0	1	2	0	0	2	0	0	0	1	0	0	0	1	0	0	1
chr19	44513444	44517416	3973	2	0	3973	2122	1851	209	114	128	134	145	163	206	141	126	87	175	124	106	69	86	107	157	127	18	131	187	136	23	176	117	121	14	132	195	138	23	156
chr19	44517417	44518031	615	2	0	615	318	297	47	14	17	22	19	29	32	17	18	8	26	15	16	15	19	4	17	19	6	24	31	11	7	25	26	30	6	26	22	15	11	19
chr19	44518033	44518138	106	2	0	106	58	48	9	0	16	0	1	4	1	0	15	2	5	1	0	0	3	1	0	1	1	4	1	0	1	12	2	1	0	0	3	12	0	8
chr19	44518168	44520840	2673	2	0	2673	1346	1327	103	55	119	78	81	88	143	97	108	69	140	62	62	39	48	53	96	66	11	78	108	136	16	166	97	87	7	79	107	137	8	127
chr19	44520850	44521104	255	2	0	255	152	103	8	5	5	8	9	40	2	18	4	3	5	3	5	14	1	21	44	7	4	6	7	3	1	1	10	0	2	2	8	2	1	4
chr19	44521106	44523412	2307	2	0	2307	1247	1060	102	76	44	66	98	148	108	112	43	49	101	56	45	75	36	86	210	64	18	56	90	59	14	86	82	53	12	67	84	73	12	80
chr19	44523413	44527276	3864	2	0	3864	1939	1925	184	108	121	115	172	147	210	144	110	95	194	93	62	68	68	48	150	122	25	120	203	167	25	170	138	140	20	152	182	136	22	151
chr19	44527280	44528161	882	2	0	882	446	436	48	19	37	18	20	29	57	30	40	21	46	28	13	12	13	14	34	23	3	21	37	33	9	47	22	38	7	27	43	32	1	58
chr19	44528171	44528956	786	2	0	786	434	352	58	12	39	16	18	38	46	10	37	27	56	15	12	18	9	23	56	16	5	18	24	19	5	23	14	19	5	12	18	17	3	96
chr19	44528957	44529354	398	2	0	398	212	186	41	5	9	8	11	20	21	6	7	11	26	10	5	7	12	12	15	13	2	13	20	11	3	16	8	14	1	15	14	12	4	24
chr19	44529357	44530281	925	2	0	925	456	469	31	19	30	25	20	49	57	24	27	33	41	20	27	12	12	29	49	29	4	31	39	45	16	45	30	22	5	31	31	50	7	33
chr19	44530283	44531358	1076	2	0	1076	497	579	40	20	30	25	30	34	78	25	30	28	65	22	17	16	25	10	28	23	10	37	50	61	9	58	41	47	11	59	48	47	6	44
chr19	44531359	44532335	977	2	0	977	492	485	37	20	31	31	32	46	59	42	32	27	44	25	17	13	19	15	40	28	10	28	48	37	5	39	46	33	3	40	45	31	6	46
chr19	44532337	44532534	198	2	0	198	106	92	26	2	12	2	4	7	11	4	11	2	11	5	0	2	3	3	1	5	1	6	8	4	1	8	11	5	3	9	6	7	3	13
chr19	44532628	44534664	2037	2	0	2037	1062	975	128	41	73	79	52	78	115	71	75	32	90	49	66	35	32	45	65	50	12	59	106	98	3	111	66	82	9	67	78	88	6	74
chr19	44534665	44536572	1908	2	0	1908	1056	852	126	55	82	68	70	48	109	68	73	34	76	61	61	37	33	53	68	44	6	56	80	65	7	82	75	52	4	69	72	73	5	94
chr19	44536575	44537044	470	2	0	470	272	198	25	12	18	13	11	25	16	30	18	12	18	21	14	9	13	16	28	9	3	19	19	13	0	12	11	4	0	11	24	18	3	23
chr19	44537045	44544198	7154	2	0	7154	3642	3512	289	169	241	226	226	289	398	245	228	183	368	192	183	122	140	141	271	239	39	215	358	289	38	356	233	225	38	240	296	288	51	336
chr19	44544199	44544633	435	2	0	435	258	177	24	5	15	28	14	20	8	33	17	3	6	32	18	8	9	17	11	21	0	4	32	16	0	14	10	2	1	7	21	23	1	13
chr19	44544635	44544662	28	2	0	28	20	8	0	1	3	3	2	0	0	1	2	0	1	1	2	2	0	0	0	1	0	2	0	0	0	1	0	0	0	0	3	0	0	1
chr19	44544664	44544783	120	2	0	120	70	50	6	5	3	5	5	4	3	9	4	4	3	7	4	2	3	1	9	3	1	2	3	5	0	5	2	1	0	1	9	4	1	4
chr19	44544785	44544810	26	2	0	26	13	13	1	0	0	2	1	0	0	3	1	0	0	3	0	0	0	0	0	0	0	0	3	4	0	0	1	1	0	0	2	2	0	0
chr19	44544812	44545436	625	2	0	625	349	276	59	13	22	22	19	23	34	17	16	8	24	21	23	15	10	22	20	18	5	16	26	14	4	30	27	23	4	19	20	19	5	25
chr19	44545452	44546041	590	2	0	590	361	229	56	12	19	36	22	19	27	13	13	12	20	14	32	22	15	29	29	15	2	19	24	11	3	21	12	18	1	15	16	15	0	26
chr19	44546042	44546227	186	2	0	186	135	51	41	2	8	14	7	7	3	6	10	1	2	2	7	4	3	16	12	1	0	1	5	3	0	4	2	5	0	3	4	3	0	8
chr19	44546891	44547659	769	2	0	769	419	350	60	18	42	29	27	26	28	25	44	15	32	14	19	11	10	18	24	26	2	18	31	37	5	47	21	17	2	14	30	41	1	33
chr19	44547676	44548256	581	2	0	581	343	238	37	16	34	22	22	17	21	20	28	16	24	16	22	16	14	18	28	13	4	20	19	17	2	15	12	7	1	14	21	17	3	43
chr19	44548257	44549316	1060	2	0	1060	545	515	40	27	42	34	36	40	59	31	40	25	47	31	26	9	33	24	27	27	9	38	56	30	5	50	37	37	9	46	46	47	3	47
chr19	44549317	44550968	1652	2	0	1652	971	681	128	56	61	58	72	84	64	47	46	23	52	52	57	51	38	80	89	49	9	68	69	42	10	48	43	29	5	47	66	49	6	52
chr19	44550969	44551080	112	2	0	112	83	29	0	9	0	0	0	0	0	12	9	0	0	0	0	5	0	47	0	0	13	0	0	0	0	0	3	0	3	0	9	0	0	0
chr19	44551094	44551156	63	2	0	63	48	15	1	5	0	0	0	0	0	5	4	0	0	0	1	3	0	28	0	0	8	0	0	0	0	0	1	0	1	0	4	0	0	0
chr19	44551157	44551182	26	1	0	26	19	7	0	2	0	0	0	0	0	3	2	0	0	0	0	0	0	10	0	0	3	0	0	0	0	0	1	0	1	0	2	0	0	0
chr19	44551237	44551336	100	1	0	100	67	33	0	8	0	0	0	0	0	7	8	0	0	0	0	7	0	37	0	0	15	0	0	0	0	0	0	0	9	0	7	0	0	0
chr19	44551351	44551392	42	1	0	42	33	9	0	3	0	0	0	0	0	3	3	0	0	0	0	3	0	19	0	0	6	0	0	0	0	0	0	0	0	0	3	0	0	0
chr19	44551431	44551475	45	1	0	45	34	11	0	3	0	0	0	0	0	3	3	0	0	0	0	4	0	20	0	0	7	0	0	0	0	0	0	0	0	0	3	0	0	0
chr19	44551488	44551526	39	1	0	39	31	8	0	3	0	0	0	0	0	5	4	0	0	0	0	1	0	17	2	0	2	0	0	0	0	0	0	0	0	0	3	0	0	0
chr19	44551535	44555455	3921	1	0	3921	2186	1735	252	100	136	159	145	137	207	130	123	108	160	117	127	72	80	131	167	108	16	126	168	118	28	137	116	98	19	125	168	127	19	195
chr19	44555457	44555504	48	1	0	48	17	31	0	0	0	0	0	2	4	1	0	2	5	2	0	0	0	0	1	0	0	3	4	3	0	1	2	3	3	2	0	2	3	3
chr19	44555505	44555664	160	1	0	160	93	67	26	6	6	3	7	6	7	5	6	3	5	6	1	2	1	2	5	9	0	3	11	5	0	6	1	3	0	4	8	5	0	6
chr19	44555665	44560414	4750	1	0	4750	2940	1810	435	122	149	291	167	118	175	181	168	64	182	126	227	144	113	278	180	112	17	139	152	98	27	168	122	123	30	101	186	112	30	211
chr19	44560416	44560570	155	1	0	155	74	81	12	5	4	1	4	8	10	2	4	2	8	3	3	3	4	0	6	3	3	6	6	5	2	6	8	8	3	7	4	4	2	7
chr19	44560572	44560652	81	1	0	81	41	40	7	3	1	3	3	2	4	2	2	3	3	0	2	2	3	1	2	5	1	2	7	2	1	4	0	5	0	2	2	2	0	3
chr19	44560654	44564067	3414	1	0	3414	1870	1544	243	109	114	147	138	132	161	69	120	63	127	82	112	67	81	104	145	91	27	109	145	110	45	112	95	102	43	127	115	109	33	135
chr19	44564068	44572962	8895	1	0	8895	5257	3638	660	255	323	426	335	284	361	335	317	142	320	254	352	227	213	452	357	203	52	295	318	249	43	323	307	186	36	235	333	295	41	364
chr19	44572963	44578292	5330	1	0	5330	2885	2445	287	162	200	204	193	185	269	197	183	115	213	168	189	105	93	121	220	151	29	166	224	173	43	237	185	153	39	145	215	200	37	227
chr19	44578293	44579707	1415	1	0	1415	696	719	63	37	32	42	51	64	72	49	31	19	98	38	29	21	29	21	47	45	5	44	76	50	14	67	58	74	8	44	55	38	17	75
chr19	44579708	44587477	7770	1	0	7770	3982	3788	415	171	338	241	284	249	411	255	291	160	381	180	174	126	148	156	249	205	34	218	384	323	39	427	285	291	33	287	281	354	32	346
chr19	44587478	44587573	96	1	0	96	68	28	20	1	20	0	0	0	0	0	20	0	6	0	0	0	0	0	0	0	1	0	0	0	0	0	0	0	0	0	0	0	1	25
chr19	44587575	44587611	37	1	0	37	18	19	0	0	8	0	0	0	0	0	7	0	1	0	0	0	0	0	0	0	0	0	0	1	0	9	0	0	0	0	0	9	0	0
chr19	44587620	44587663	44	1	0	44	29	15	7	0	8	0	0	0	0	0	8	0	5	0	0	0	0	0	0	0	0	0	0	0	0	1	0	0	0	0	0	1	0	12
chr19	44587667	44587680	14	1	0	14	10	4	3	0	3	0	0	0	0	0	3	0	0	0	0	0	0	0	0	0	0	0	0	0	0	0	0	0	0	0	0	0	0	3
chr19	44587682	44597322	9641	1	0	9641	5271	4370	600	235	377	383	322	322	464	359	344	221	413	216	328	187	203	296	384	265	53	263	378	350	63	444	329	281	46	320	376	339	48	430
chr19	44597325	44597367	43	1	0	43	30	13	7	0	6	0	0	0	0	0	7	0	3	2	0	0	2	2	0	0	0	0	0	0	0	1	0	0	0	0	0	1	0	10
chr19	44597372	44597764	393	1	0	393	212	181	28	8	18	13	13	16	22	8	17	5	17	11	8	6	8	12	11	9	3	12	19	19	1	12	13	12	1	18	16	11	1	23
chr19	44597766	44602901	5136	1	0	5136	2803	2333	316	146	203	202	206	153	257	177	198	114	209	139	146	82	126	128	197	133	23	142	256	161	23	214	170	159	21	174	170	201	23	265
chr19	44602902	44603940	1039	1	0	1039	599	440	75	33	39	48	47	25	46	40	38	26	33	37	34	22	23	31	42	33	8	23	46	30	4	40	21	22	4	33	49	35	4	46
chr19	44603954	44606945	2992	1	0	2992	1591	1401	180	88	95	104	123	103	142	103	88	66	112	85	76	64	70	92	121	92	21	87	144	116	21	137	93	104	21	92	113	107	27	103
chr19	44606946	44610296	3351	1	0	3351	1887	1464	288	99	123	140	120	116	152	107	130	64	134	79	111	61	76	86	126	90	22	102	139	95	24	141	98	100	13	107	132	114	25	135
chr19	44610305	44616345	6041	1	0	6041	3131	2910	370	154	211	192	187	221	332	152	189	140	293	131	182	104	141	131	192	177	52	197	262	216	64	290	198	216	53	239	240	223	39	251
chr19	44616357	44616695	339	1	0	339	161	178	17	6	8	12	11	16	19	6	8	7	17	9	7	7	7	3	12	10	3	11	18	11	6	16	12	18	8	12	11	12	5	12
chr19	44616696	44618981	2286	1	0	2286	1232	1054	155	60	90	82	82	81	111	68	78	48	105	34	70	43	39	84	85	67	17	63	107	89	17	98	70	73	14	89	80	82	8	95
chr19	44618983	44620341	1359	1	0	1359	731	628	72	44	55	44	45	42	64	48	54	33	63	43	42	19	28	33	44	41	10	43	53	44	13	63	38	40	14	32	64	48	9	72
chr19	44620354	44621282	929	1	0	929	427	502	30	22	25	21	26	53	54	22	21	16	53	21	21	12	19	10	41	29	4	29	44	35	15	56	32	55	14	37	39	31	11	29
chr19	44621284	44627947	6664	1	0	6664	3345	3319	316	167	234	178	206	265	366	240	229	145	355	149	143	94	130	127	224	204	25	218	368	301	41	330	209	245	22	254	276	290	28	283
chr19	44627948	44629632	1685	1	0	1685	866	819	90	31	57	43	54	69	85	58	38	34	88	48	40	33	46	51	47	45	11	64	79	53	11	89	72	69	9	62	68	65	13	61
chr19	44629633	44631092	1460	1	0	1460	698	762	54	23	46	38	52	55	86	55	35	36	79	36	21	28	36	17	49	42	8	42	81	68	7	84	55	72	5	62	63	58	6	59
chr19	44631093	44632841	1749	1	0	1749	966	783	111	62	53	76	60	54	90	75	56	29	62	50	74	29	35	48	73	48	10	43	82	56	13	67	60	62	8	64	64	52	15	66
chr19	44632843	44644218	11376	1	0	11376	5936	5440	702	274	383	409	369	361	634	363	388	253	534	266	309	204	209	278	414	273	74	331	543	450	114	476	356	433	114	419	414	427	66	534
chr19	44644220	44644277	58	1	0	58	16	42	0	1	2	0	1	0	1	2	2	1	2	2	0	2	0	0	0	2	1	1	2	8	6	2	1	6	3	1	1	3	2	1
chr19	44644278	44644735	458	1	0	458	195	263	25	9	10	15	13	16	22	15	16	13	20	8	4	6	0	2	9	24	5	6	28	41	16	24	16	20	7	9	13	24	7	13
chr19	44644736	44644752	17	1	0	17	8	9	0	0	0	0	0	1	1	0	0	2	3	0	0	0	0	0	1	0	0	2	1	0	0	0	0	0	0	0	1	1	0	2
chr19	44644753	44645059	307	1	0	307	203	104	14	3	2	23	4	7	14	6	4	3	14	5	20	8	7	67	8	3	0	10	8	3	4	11	8	10	1	11	7	10	5	5
chr19	44645060	44645128	69	1	0	69	67	2	2	0	0	10	0	0	0	0	0	0	0	0	10	2	2	39	0	0	0	2	0	0	0	0	0	0	0	0	0	0	0	0
chr19	44645169	44645407	239	1	0	239	228	11	15	2	2	38	1	0	0	6	1	0	1	2	40	5	1	112	6	0	0	1	0	0	0	0	0	0	0	0	1	0	0	3
chr19	44645416	44646614	1199	1	0	1199	656	543	72	32	34	45	43	52	56	35	30	28	43	25	38	23	34	64	52	38	6	39	55	49	8	48	38	37	9	38	41	36	7	42
chr19	44646615	44646819	205	1	0	205	99	106	18	3	7	2	4	7	13	1	7	4	14	3	2	3	5	4	4	5	2	7	9	8	3	6	7	7	9	11	5	6	2	15
chr19	44646829	44646845	17	1	0	17	12	5	1	0	0	2	0	1	0	1	1	0	0	1	0	2	0	2	1	0	1	0	0	0	0	0	0	0	0	0	1	0	1	0
chr19	44646846	44646865	20	1	0	20	12	8	0	1	0	0	0	2	2	0	1	0	0	0	0	1	1	2	1	0	0	3	1	0	0	0	1	1	0	0	1	0	0	0
chr19	44646868	44646944	77	1	0	77	60	17	15	3	1	9	3	3	1	3	0	1	1	2	11	2	1	2	3	3	0	3	3	0	0	0	0	0	0	0	4	0	0	1
chr19	44646945	44647133	189	1	0	189	80	109	4	3	6	6	5	8	7	3	6	3	4	3	5	5	4	6	1	7	6	6	13	22	6	8	7	11	3	3	2	9	1	4
chr19	44647140	44651887	4748	1	0	4748	2236	2512	205	111	145	103	142	204	306	131	139	130	206	98	78	76	88	74	193	147	34	147	248	266	56	240	172	203	49	182	169	193	35	176
chr19	44651890	44653843	1954	1	0	1954	995	959	105	31	44	78	66	85	113	42	43	52	94	51	44	46	48	51	84	52	15	63	90	75	23	96	58	79	15	68	74	78	17	72
chr19	44653845	44654126	282	1	0	282	109	173	3	4	3	5	5	5	25	5	5	8	19	6	2	4	4	6	3	10	2	6	21	34	0	21	8	15	2	11	8	15	2	13
chr19	44654129	44655863	1735	1	0	1735	887	848	108	37	59	58	52	59	100	40	50	47	77	36	52	33	31	48	65	53	14	44	80	98	16	83	49	59	12	63	57	67	9	77
chr19	44655864	44660172	4309	1	0	4309	2099	2210	194	100	129	125	133	178	248	135	127	94	211	108	95	70	73	78	141	143	38	120	245	200	39	233	145	179	35	151	162	195	26	157
chr19	44660174	44665635	5462	1	0	5462	2794	2668	276	124	194	182	191	211	302	157	151	123	247	128	158	100	119	131	205	147	51	155	278	219	39	243	205	208	39	228	173	205	35	236
chr19	44665636	44666641	1006	1	0	1006	481	525	58	28	30	26	32	28	68	22	39	20	52	25	12	13	16	11	24	33	7	25	57	34	18	52	45	43	13	37	24	51	10	51
chr19	44666642	44667303	662	1	0	662	319	343	14	15	19	23	27	34	37	21	23	17	30	17	7	11	9	15	31	25	7	14	40	36	4	31	19	24	1	22	29	26	5	27
chr19	44667305	44668003	699	1	0	699	604	95	53	6	5	70	7	9	8	18	8	2	10	10	66	14	13	304	14	2	2	13	6	3	0	6	7	4	0	7	15	6	0	9
chr19	44668013	44691783	23771	1	0	23771	12165	11606	1234	517	734	782	786	888	1262	686	641	527	1201	539	606	404	466	891	794	705	138	699	1195	1075	206	1142	774	937	201	832	859	901	157	990
chr19	44691786	44704761	12976	1	0	12976	6017	6959	616	287	373	294	381	544	781	317	340	296	660	288	233	185	217	203	417	461	96	338	688	722	196	743	465	640	143	466	453	526	121	484
chr19	44704763	44705292	530	1	0	530	317	213	28	19	26	30	18	12	21	13	36	10	13	16	20	11	32	11	22	13	2	15	16	15	0	22	14	6	1	11	12	19	1	43
chr19	44705293	44706262	970	1	0	970	475	495	44	25	27	25	32	46	54	27	29	26	41	29	15	12	24	17	36	40	10	23	58	51	7	46	25	39	7	27	40	32	4	50
chr19	44706270	44711017	4748	1	0	4748	2101	2647	97	69	114	87	104	164	313	190	125	207	308	124	41	35	73	49	161	145	30	140	308	329	47	256	127	143	33	163	175	322	18	249
chr19	44711019	44712378	1360	1	0	1360	719	641	89	29	40	68	57	47	63	41	37	29	59	30	43	22	28	37	37	41	12	37	75	54	13	56	49	58	11	42	47	44	8	55
chr19	44712381	44712757	377	1	0	377	256	121	62	11	26	15	18	4	10	18	21	7	4	11	12	11	11	14	14	6	1	12	10	1	0	7	8	5	0	13	18	6	1	18
chr19	44712759	44714098	1340	1	0	1340	664	676	74	25	42	34	40	54	74	33	31	30	78	26	29	20	38	35	34	39	8	48	71	55	11	62	52	54	14	62	44	51	10	60
chr19	44714099	44714514	416	1	0	416	236	180	47	7	17	16	13	15	21	9	13	3	17	12	14	9	6	15	11	11	0	12	19	16	3	17	12	19	0	15	16	9	3	17
chr19	44714521	44714996	476	1	0	476	263	213	30	15	22	16	14	8	23	19	23	4	15	15	15	9	20	14	16	7	2	11	24	19	0	24	12	19	0	21	12	21	0	24
chr19	44714998	44715022	25	1	0	25	14	11	0	0	1	3	3	0	1	2	0	1	0	0	0	1	0	1	0	1	0	1	1	1	0	1	3	1	0	0	1	0	0	0
chr19	44715024	44715655	632	1	0	632	331	301	22	10	28	27	21	18	35	19	22	11	36	14	22	11	13	20	18	17	1	14	25	28	3	33	25	21	0	32	26	23	2	33
chr19	44715657	44715741	85	1	0	85	39	46	4	1	7	0	2	8	2	2	4	1	2	0	2	1	3	0	4	3	2	2	2	3	2	5	6	3	0	5	2	3	0	2
chr19	44715747	44716192	446	1	0	446	234	212	22	14	15	15	15	15	21	14	15	9	23	14	14	8	13	7	15	12	3	16	19	23	0	25	16	6	0	14	14	27	3	17
chr19	44716194	44716216	23	1	0	23	18	5	1	1	1	2	1	1	0	1	0	0	0	2	3	1	1	1	2	0	0	1	0	0	0	0	0	0	0	0	1	0	0	1
chr19	44716218	44716339	122	1	0	122	85	37	26	5	5	5	3	1	4	7	4	2	2	4	7	0	4	4	5	2	0	1	2	1	0	4	4	3	0	3	4	1	0	7
chr19	44716342	44716366	25	1	0	25	11	14	2	2	0	0	2	0	1	0	0	1	3	0	0	0	0	0	1	0	1	1	0	0	1	1	2	1	0	1	0	2	0	1
chr19	44716368	44716490	123	1	0	123	54	69	0	3	2	3	3	6	8	5	3	1	8	4	3	2	1	0	4	6	0	2	7	5	3	6	6	5	1	8	5	5	2	4
chr19	44716491	44716627	137	1	0	137	70	67	20	2	1	3	3	4	7	4	1	4	7	5	3	2	3	0	1	8	1	2	6	5	4	8	3	5	2	4	8	5	0	4
chr19	44716639	44717305	667	1	0	667	346	321	46	14	19	24	26	24	39	23	14	16	27	19	18	13	11	12	25	18	2	22	30	16	11	29	29	29	9	25	28	23	4	20
chr19	44717306	44717552	247	1	0	247	132	115	23	6	5	8	8	10	14	3	5	5	14	8	5	6	8	3	9	5	2	11	12	4	2	10	8	12	2	6	6	7	4	14
chr19	44717554	44717872	319	1	0	319	188	131	32	12	13	13	12	6	14	10	11	2	14	9	15	7	6	10	11	5	4	7	8	8	0	16	12	7	3	14	11	12	3	10
chr19	44717902	44719938	2037	1	0	2037	986	1051	123	32	74	44	58	75	121	42	68	50	133	31	25	19	21	69	66	49	6	54	89	105	20	137	73	83	18	68	68	114	10	90
chr19	44719939	44719987	49	1	0	49	41	8	1	1	0	0	1	3	0	4	0	0	0	0	0	4	0	25	8	0	0	0	0	0	0	0	0	0	0	0	0	0	0	0
chr19	44719988	44720025	38	1	0	38	34	4	0	0	0	0	0	1	0	3	0	0	0	0	0	2	0	27	3	0	0	0	0	0	0	0	0	0	0	0	0	0	0	0
chr19	44720047	44721401	1355	1	0	1355	724	631	105	38	30	50	64	51	71	40	32	22	66	39	24	30	29	31	51	40	5	45	72	29	9	59	42	60	11	49	61	40	15	43
chr19	44721407	44721433	27	1	0	27	17	10	9	0	1	1	0	0	2	0	1	0	1	1	0	0	0	0	0	0	0	0	0	1	0	2	1	0	0	2	1	2	0	0
chr19	44721435	44726107	4673	1	0	4673	2099	2574	170	105	149	95	139	178	288	119	157	110	260	96	54	56	82	40	130	157	35	127	265	284	59	280	157	218	55	184	172	229	33	188
chr19	44726109	44726752	644	1	0	644	298	346	46	11	17	12	17	23	40	11	12	16	42	10	12	14	9	5	16	29	3	16	33	29	10	42	19	32	12	25	23	24	7	25
chr19	44726754	44727813	1060	1	0	1060	509	551	64	18	25	27	23	37	69	38	17	24	61	27	29	19	14	16	29	34	3	32	64	42	8	65	38	58	10	38	36	46	13	34
chr19	44727814	44730005	2192	1	0	2192	1136	1056	142	57	67	73	89	110	107	72	67	45	91	51	41	36	38	49	98	64	19	67	117	88	17	81	75	73	17	85	87	78	19	70
chr19	44730006	44730364	359	1	0	359	175	184	23	5	8	10	9	16	22	8	4	6	17	10	11	13	6	6	11	16	2	11	21	14	6	20	13	16	3	14	10	15	3	8
chr19	44730365	44730681	317	1	0	317	161	156	35	4	7	9	9	12	22	7	7	6	15	8	4	5	5	4	8	11	1	7	16	11	4	16	13	16	3	14	13	9	2	12
chr19	44730703	44731001	299	1	0	299	135	164	19	4	5	8	9	12	15	6	5	6	18	8	3	4	9	2	4	9	3	10	16	10	9	16	11	23	8	8	11	9	4	13
chr19	44731002	44731730	729	1	0	729	385	344	55	11	18	30	21	31	43	21	15	16	35	23	23	13	14	14	23	17	2	29	29	28	9	34	34	25	4	21	30	30	3	26
chr19	44731741	44733382	1642	1	0	1642	765	877	54	25	60	33	37	78	103	42	43	45	91	38	39	16	30	29	67	44	12	42	74	91	17	103	54	74	10	72	65	76	9	67
chr19	44733387	44736813	3427	1	0	3427	1889	1538	249	75	124	155	121	116	149	119	131	54	151	92	101	66	85	100	108	92	20	91	145	100	24	168	122	108	22	110	130	137	20	140
chr19	44736814	44984647	247834	1	0	247834	116608	131226	12689	5183	7170	6063	7310	9528	14340	6012	6581	6081	13286	5557	4526	3757	4664	3859	7680	7837	2073	6959	12793	13396	3715	13434	8117	11395	3209	9113	8600	10710	2241	9954
chr19	44984648	46043241	1058594	1	0	1058594	501346	557248	54402	22677	31469	27295	31680	41967	59823	26385	28706	24602	53175	23948	21056	16787	19549	17824	33876	32977	9475	29705	53713	54610	17457	54608	35630	49718	15837	39210	36636	43083	10219	40493
chr19	46043242	46118895	75654	2	0	75654	44178	31476	5489	2253	3152	3555	3060	2232	3223	2700	2994	1529	2539	2146	2906	1715	1882	2803	3082	1852	348	2447	2989	2090	303	2753	2145	1747	360	2150	2997	2446	319	3446
chr19	46118897	46503242	384346	2	0	384346	199814	184532	23283	9559	13197	13006	12725	14281	19699	11751	12686	8522	17120	9613	10351	6792	7791	9438	14092	10899	2873	11290	17749	15702	4058	17479	12292	13862	3573	12720	14323	14524	2776	16318
chr19	46503243	47028203	524961	1	0	524961	263760	261201	30617	12163	17071	16186	16964	19794	27872	14690	15666	11552	24464	12644	12790	9201	10747	11338	17951	15237	4208	15314	25197	22987	6841	24958	17353	21744	6394	18689	18819	20014	4301	21193
chr19	47028204	47058558	30355	1	0	30355	14236	16119	1658	659	948	741	963	1156	1627	725	801	696	1535	700	583	471	586	386	905	968	283	826	1539	1658	570	1591	1046	1451	463	1086	981	1281	277	1193
chr19	47058560	47826242	767683	1	0	767683	373787	393896	42993	17407	23140	21224	23859	31013	42354	20294	21551	17400	37819	17706	16361	12653	14600	13412	26536	23253	6677	22007	38158	35549	11528	37617	26064	33871	10433	27725	26762	30179	6972	30564
chr19	47826243	47902242	76000	2	0	76000	39881	36119	5131	1898	2278	2657	2564	2761	3770	2422	2270	1506	3482	2062	2000	1520	1602	1956	2686	2189	610	2200	3523	2769	902	3382	2422	2911	769	2436	2886	2707	613	3114
chr19	47960243	48020242	60000	3	0	60000	34153	25847	4306	1574	2245	2701	2071	2050	2498	2310	2272	1187	2392	1752	2177	1207	1391	2019	2281	1520	429	1789	2417	1648	394	2351	1792	1553	348	1721	2438	2089	411	2665
chr19	48020243	48113242	93000	2	0	93000	48809	44191	5698	2263	3348	3097	3153	3429	4528	3127	3149	1974	4339	2478	2406	1708	1944	2168	3267	2747	618	2742	4397	3401	817	4288	2979	3047	767	3179	3594	3710	686	3950
chr19	48113243	50003242	1890000	1	0	1890000	900603	989397	97697	41297	57490	49201	56317	71304	104747	48698	54055	45482	95472	43880	37616	29567	35402	32377	59197	58737	17175	52541	95326	97876	31225	96975	61390	85013	27274	67777	65153	79776	18144	75817
chr19	50003243	50090242	87000	2	0	87000	44845	42155	5162	2209	2938	2725	2817	3379	4568	2619	2792	1938	3972	2065	2263	1606	1767	2024	3233	2521	676	2702	4091	3323	943	4028	2791	3266	841	2972	3268	3275	682	3542
chr19	50141243	50341242	2e+05	2	0	2e+05	97781	102219	10347	4523	6257	5720	6178	7587	10811	5624	5943	4576	10000	4656	4379	3249	3862	4068	6744	5971	1647	5573	9648	10280	2771	9973	6731	8211	2370	7124	7077	8211	1626	8261
chr19	50341243	50489242	148000	1	0	148000	68535	79465	6722	3113	4351	3361	4311	5821	8318	4021	3938	3640	7579	3438	2576	2342	2592	2412	4658	4863	1431	3963	7803	8405	2444	8024	4990	6866	2161	5260	5020	6542	1440	5593
chr19	50489243	50812227	322985	2	0	322985	152031	170954	15373	6649	9889	8275	9409	12447	17725	8437	9153	7847	17605	7105	6251	4735	5498	5631	10512	9710	3010	8446	15815	18278	5347	16992	10987	14360	4509	11278	10705	14084	2920	14001
chr19	50812229	50914243	102015	2	0	102015	50995	51020	4891	2429	3359	2920	3183	3883	5699	3002	3366	2714	4928	2610	2159	1645	2004	2202	3925	3170	705	2871	5033	5157	949	5039	3132	3424	820	3176	3677	4428	608	4905
chr19	50914244	51036092	121849	1	0	121849	60430	61419	6280	2714	4097	3537	3722	4430	6419	3469	3979	3057	6666	3075	2648	1856	2197	2283	4147	3669	899	3342	5930	6186	1375	6237	3622	4388	1094	3752	4341	5485	904	6047
chr19	51036093	51156242	120150	1	0	120150	61174	58976	6267	2924	4080	3806	3823	4296	6334	3772	4035	2914	5838	2997	2952	1977	2272	2887	4306	3505	896	3403	5555	5433	1297	5876	3838	4157	1064	3861	4526	5066	807	5384
chr19	51156243	51173427	17185	2	0	17185	9536	7649	1045	475	622	700	590	596	834	668	653	420	683	452	554	337	375	532	741	454	99	534	710	558	104	732	517	457	67	466	719	635	72	782
chr19	51173429	51230402	56974	2	0	56974	30407	26567	3310	1449	1924	2080	1865	2004	2909	1990	2057	1328	2463	1487	1531	1121	1141	1747	2282	1569	396	1655	2450	2203	476	2606	1770	1710	408	1706	2266	2254	344	2471
chr19	51230404	51250737	20334	2	0	20334	11033	9301	1121	549	806	757	737	678	970	745	759	447	862	505	616	407	503	569	762	575	110	635	911	728	107	902	655	600	80	663	802	745	85	941
chr19	51250739	51286245	35507	2	0	35507	19977	15530	2315	981	1356	1516	1318	1133	1633	1270	1328	726	1364	956	1206	786	858	1230	1360	934	194	1138	1494	1064	214	1409	1060	984	200	1104	1440	1198	176	1560
chr19	51286246	51404245	118000	3	0	118000	57098	60902	5365	2638	3893	3110	3495	4227	6602	3397	3654	3025	5910	2828	2493	1851	2235	2373	4014	3578	950	3199	5867	6478	1522	6083	3667	4757	1276	4094	4174	5137	842	5264
chr19	51404246	51505245	101000	4	0	101000	52035	48965	5507	2458	3389	3366	3272	3779	5325	3381	3501	2438	4673	2530	2440	1686	1879	2411	3862	2905	755	2839	4711	4408	953	4760	3286	3283	716	3343	3898	4236	684	4324
chr19	51505246	51538213	32968	5	0	32968	18593	14375	2171	876	1250	1479	1197	1057	1529	1196	1313	736	1258	843	1095	654	745	1192	1302	847	185	989	1414	1100	171	1308	960	835	120	993	1304	1211	144	1492
chr19	51538215	51679246	141032	5	0	141032	78464	62568	9395	3649	5448	5905	4982	4793	6416	4897	5459	2913	5734	3795	4561	2853	3027	4637	5445	3610	829	4324	5811	4737	1003	5879	4237	3775	881	4135	5595	5307	711	6287
chr19	51679247	51780246	101000	6	0	101000	52919	48081	5529	2558	3570	3598	3384	3338	4910	3274	3476	2311	4688	2614	2866	1910	2200	2692	3624	2768	685	3040	4523	4293	1038	4690	2932	3360	904	3134	3827	4123	635	4504
chr19	51780247	51868246	88000	7	0	88000	51777	36223	6476	2540	3569	4234	3355	2688	3649	3285	3559	1781	3051	2460	3430	2069	2256	3373	3553	2155	429	2941	3367	2181	409	3139	2469	2005	363	2361	3589	2755	423	4084
chr19	51868247	52348246	480000	8	0	480000	273414	206586	34600	13687	18008	20854	17622	16039	21129	16942	17815	9723	17982	12667	17112	10972	11230	17031	19663	12109	3084	15564	18679	13361	3523	18463	14471	12883	3106	13492	18919	15673	2765	20830
chr19	52348247	52696246	348000	9	0	348000	193025	154975	24750	9198	12607	14110	12471	12192	15932	11811	12252	7365	14390	9118	11191	7648	7440	10549	13892	9111	2355	11044	13957	10500	3022	14250	10535	10353	2806	10024	14022	11765	2287	15051
chr19	52696247	52771246	75000	8	0	75000	41056	33944	5127	1984	2711	2928	2716	2638	3544	2475	2560	1659	3208	1941	2347	1609	1519	2088	3036	1952	542	2360	2954	2442	732	3102	2325	2346	592	2193	3059	2490	492	3327
chr19	52771247	53150246	379000	9	0	379000	207759	171241	26578	9976	13549	14854	13444	13471	17568	12835	13307	8066	15928	9841	11628	7915	7747	11052	14880	10110	2680	11758	15619	11883	3653	15688	11558	11682	3336	11250	15261	13166	2619	16096
chr19	53150247	53247246	97000	8	0	97000	54206	42794	7025	2760	3366	4152	3417	3331	4204	3304	3561	1929	3811	2477	3300	2181	2110	3277	3911	2504	740	3046	3788	3087	1107	3680	2780	2853	886	2633	3777	3218	651	4132
chr19	53247247	53398246	151000	7	0	151000	84739	66261	10382	4222	5565	6569	5361	5156	6636	5326	5733	3331	5778	3910	5262	3151	3254	5103	6180	3743	1312	4625	5720	4552	1385	5802	4589	4044	1363	4192	5989	5119	1030	6614
chr19	53398247	53449632	51386	6	0	51386	28546	22840	3536	1387	1848	2020	1765	1828	2471	1801	1796	1125	1991	1395	1694	1155	1107	1626	2025	1390	418	1662	2101	1452	426	2017	1628	1524	376	1514	2111	1630	340	2225
chr19	53449633	53495245	45613	6	0	45613	25518	20095	3186	1285	1819	1781	1744	1541	2000	1683	1655	1022	1740	1173	1486	1071	966	1365	1875	1213	339	1492	1769	1229	413	1763	1421	1330	334	1325	1903	1401	342	1945
chr19	53495246	53728245	233000	5	0	233000	124587	108413	16105	6133	7413	8464	8267	8914	11372	7129	7100	4835	9851	6036	6643	4846	4886	6593	9122	6834	1999	6773	10395	7541	2615	9872	7534	8101	2417	7387	8631	7947	1753	9490
chr19	53728246	54071585	343340	4	0	343340	172916	170424	20355	7926	10722	10925	11233	12728	17649	9144	10287	7764	16885	8538	8054	5979	6895	7830	11139	10604	3028	9626	16469	14730	4934	16102	10907	13548	4251	11612	12239	13353	3071	14811
chr19	54071590	54071614	25	4	0	25	11	14	0	1	1	1	2	0	1	0	0	0	3	1	0	0	0	0	0	0	0	1	1	0	0	3	1	2	0	1	1	3	0	0
chr19	54071616	54073407	1792	4	0	1792	914	878	123	54	40	65	71	67	105	44	48	27	93	43	40	35	37	22	62	57	9	55	88	55	21	82	68	83	20	67	69	51	18	71
chr19	54073410	54076337	2928	4	0	2928	1430	1498	167	59	107	81	87	113	166	67	114	73	160	70	44	51	39	30	100	92	28	76	145	130	33	163	86	111	31	86	102	138	30	147
chr19	54076338	54078178	1841	4	0	1841	964	877	148	53	59	61	64	63	93	57	68	30	96	48	41	24	29	30	62	47	10	51	81	54	24	85	54	73	29	64	80	70	15	76
chr19	54078182	54079092	911	4	0	911	485	426	73	22	17	33	32	30	48	31	19	18	46	28	22	17	23	24	33	20	6	28	41	26	6	39	32	38	10	36	35	28	16	32
chr19	54079094	54079265	172	4	0	172	81	91	18	3	4	2	3	6	10	3	3	2	13	5	2	3	3	0	1	5	1	7	10	5	3	9	5	8	4	9	6	9	3	5
chr19	54079266	54080032	767	4	0	767	385	382	57	13	18	29	21	33	49	13	17	11	40	21	21	17	13	11	24	27	7	16	39	30	9	44	20	38	7	31	33	27	1	28
chr19	54080033	54080095	63	4	0	63	35	28	4	0	11	1	0	0	0	1	12	0	6	0	0	0	0	0	0	0	0	0	0	1	0	8	0	0	0	0	1	8	0	8
chr19	54080173	54080468	296	4	0	296	123	173	15	3	12	2	10	10	17	6	5	5	18	8	2	4	4	0	5	5	3	9	13	13	10	13	17	19	11	19	8	12	6	10
chr19	54080469	54080496	28	4	0	28	15	13	2	0	4	0	0	0	0	0	3	0	5	0	0	0	0	0	0	0	0	0	0	1	0	3	0	0	0	0	0	2	0	6
chr19	54080509	54080927	419	4	0	419	224	195	26	11	23	13	7	17	18	7	24	5	18	11	16	9	8	9	12	17	1	12	17	9	6	29	7	15	4	8	14	20	5	19
chr19	54080929	54080964	36	4	0	36	17	19	2	2	1	1	4	1	2	1	0	0	1	0	0	1	1	0	2	0	0	1	2	1	0	1	4	3	0	2	0	0	0	1
chr19	54080966	54081979	1014	4	0	1014	525	489	60	34	36	26	31	37	61	33	40	19	49	26	25	15	15	17	32	20	9	44	45	35	8	45	39	36	4	37	47	42	11	34
chr19	54081980	54082821	842	4	0	842	461	381	60	24	21	36	31	26	50	24	21	12	44	27	30	20	13	21	20	28	3	31	42	22	3	36	25	30	8	29	44	23	4	32
chr19	54082822	54086777	3956	4	0	3956	2347	1609	339	125	160	195	152	120	171	126	147	74	151	122	180	73	83	127	150	105	12	125	147	94	23	153	92	101	6	107	180	117	17	180
chr19	54086778	54086894	117	4	0	117	72	45	6	3	3	9	2	3	1	11	6	3	4	4	7	1	3	5	1	4	1	4	4	3	2	4	1	3	0	0	10	3	1	3
chr19	54086902	54087739	838	4	0	838	513	325	58	32	34	51	36	26	31	33	28	13	24	23	53	21	17	33	42	23	2	25	38	23	2	23	26	12	1	19	19	28	1	39
chr19	54087740	54088213	474	4	0	474	263	211	48	13	19	17	18	18	19	8	16	7	28	12	15	9	9	5	17	13	1	16	20	18	2	19	14	17	3	8	12	11	8	32
chr19	54088214	54088375	162	4	0	162	80	82	12	2	3	3	5	7	10	6	2	3	11	4	0	5	4	1	5	3	0	9	8	6	2	7	8	7	0	7	7	7	0	6
chr19	54088381	54088427	47	4	0	47	26	21	4	2	0	1	0	1	1	3	1	2	1	1	2	2	3	1	1	3	1	1	3	2	1	1	0	1	0	1	1	1	0	3
chr19	54088429	54088512	84	4	0	84	36	48	3	0	3	0	1	6	4	2	1	2	3	4	0	3	3	0	3	3	1	4	4	3	3	5	2	5	2	3	4	4	0	1
chr19	54088518	54088595	78	4	0	78	42	36	2	3	2	0	2	8	1	4	1	2	4	6	2	1	3	0	9	3	0	2	4	0	0	2	0	1	0	1	3	3	2	5
chr19	54088597	54089113	517	4	0	517	274	243	35	12	19	24	20	13	25	10	15	6	23	13	20	10	15	13	11	12	2	16	20	13	10	28	23	26	4	19	14	19	6	19
chr19	54089115	54089187	73	4	0	73	41	32	8	3	1	3	3	1	4	2	2	3	3	0	2	2	2	1	2	4	1	2	4	2	1	3	0	3	0	1	4	1	0	3
chr19	54089189	54089369	181	4	0	181	95	86	21	0	23	1	2	1	1	0	22	0	18	3	1	0	1	0	0	0	0	1	3	12	2	17	1	4	2	1	0	18	0	24
chr19	54089392	54089476	85	4	0	85	49	36	12	0	14	0	2	0	0	0	11	0	8	0	0	0	0	0	0	0	0	0	0	3	0	9	2	1	0	1	0	8	0	12
chr19	54089477	54089494	18	4	0	18	12	6	2	0	2	0	0	0	0	0	0	0	2	0	2	0	0	2	0	0	0	0	0	0	0	2	0	1	0	1	0	1	0	1
chr19	54089496	54089945	450	4	0	450	246	204	45	15	22	12	17	16	16	8	18	8	18	13	12	8	5	11	16	16	6	9	19	19	9	17	8	10	4	14	14	19	3	21
chr19	54089957	54090217	261	4	0	261	115	146	6	5	4	6	8	12	20	1	4	5	16	6	3	8	5	5	6	10	3	11	15	9	4	17	10	16	4	10	10	10	3	7
chr19	54090218	54090284	67	4	0	67	39	28	13	1	3	1	4	0	2	1	2	1	7	1	0	0	1	1	0	0	0	2	2	1	0	5	1	4	0	1	4	3	0	4
chr19	54090286	54090305	20	4	0	20	12	8	2	0	0	2	1	0	1	1	1	0	0	1	1	0	0	0	0	0	0	0	2	2	0	0	1	0	0	1	0	2	0	0
chr19	54090307	54090407	101	4	0	101	47	54	6	0	2	2	1	7	4	3	2	3	5	2	1	0	6	3	1	5	0	4	5	7	1	6	4	4	1	3	4	3	0	4
chr19	54090409	54090451	43	4	0	43	24	19	0	1	2	1	1	0	0	4	2	1	1	3	1	0	4	2	0	0	0	2	3	1	0	1	1	1	1	1	1	2	1	3
chr19	54090453	54090627	175	4	0	175	91	84	16	2	2	9	4	7	8	2	4	4	8	5	6	5	4	3	5	5	4	4	6	5	5	9	4	8	4	4	6	7	3	5
chr19	54090629	54090669	41	4	0	41	16	25	0	0	0	0	0	4	2	0	0	2	0	0	1	2	3	0	2	3	1	2	4	2	2	1	0	2	1	3	0	2	0	0
chr19	54090671	54090789	119	4	0	119	47	72	8	2	2	1	3	4	7	1	3	2	11	2	0	0	0	0	1	1	1	5	5	4	5	5	6	8	6	6	3	7	4	4
chr19	54090791	54090829	39	4	0	39	23	16	2	0	1	4	1	2	1	0	1	1	5	0	2	0	0	2	3	0	0	0	0	1	0	2	0	1	0	1	1	2	0	4
chr19	54090831	54091791	961	4	0	961	489	472	53	23	28	33	31	41	39	31	23	14	52	27	30	22	25	17	27	33	8	32	49	28	18	42	31	42	11	33	35	34	11	36
chr19	54091793	54091859	67	4	0	67	26	41	0	1	1	2	1	4	3	0	2	0	4	2	1	2	1	0	2	3	1	1	5	3	2	4	2	5	2	3	1	3	3	1
chr19	54091861	54091940	80	4	0	80	37	43	6	2	0	1	4	2	4	2	0	2	8	3	0	1	1	0	2	1	1	3	2	0	2	3	5	4	4	3	3	2	3	4
chr19	54091943	54092065	123	4	0	123	71	52	4	4	5	9	5	5	7	2	2	5	1	1	10	1	2	6	6	3	1	5	7	5	0	4	4	5	1	2	2	3	0	4
chr19	54092067	54092093	27	4	0	27	12	15	0	1	2	0	1	3	2	0	1	1	0	0	0	0	0	0	3	0	0	2	1	3	0	0	1	1	0	1	1	0	0	1
chr19	54092100	54093413	1314	4	0	1314	748	566	109	31	45	63	42	50	51	59	55	18	54	45	42	26	23	35	40	39	5	41	63	30	13	47	33	37	9	37	66	47	9	48
chr19	54093414	54093575	162	4	0	162	79	83	22	3	1	4	6	6	9	1	2	2	12	3	1	3	2	0	4	4	1	5	6	5	5	8	7	8	4	7	6	7	2	4
chr19	54093577	54093615	39	4	0	39	23	16	7	1	0	3	1	0	0	0	0	1	1	0	2	2	3	1	1	1	1	1	0	3	3	0	0	2	0	1	0	0	0	2
chr19	54093617	54094079	463	4	0	463	222	241	18	14	13	13	14	19	20	11	15	16	20	11	11	6	10	9	16	21	6	13	21	22	15	21	7	18	6	13	21	18	7	16
chr19	54094081	54096337	2257	4	0	2257	927	1330	65	34	72	33	39	64	158	25	66	73	136	36	34	42	38	12	49	65	29	70	109	138	66	121	69	112	84	105	59	119	25	108
chr19	54096354	54096587	234	4	0	234	88	146	0	0	0	0	0	0	18	0	0	0	69	0	0	0	0	0	0	0	0	0	0	11	0	29	18	18	0	0	0	11	0	58
chr19	54096597	54096702	106	4	0	106	43	63	2	0	3	0	0	1	6	0	3	0	25	0	0	2	0	0	1	1	0	1	0	8	1	9	6	4	1	1	0	6	0	23
chr19	54096703	54097609	907	4	0	907	435	472	58	22	37	20	29	24	52	10	26	30	50	16	23	14	11	12	33	29	3	25	42	66	18	45	16	31	7	34	24	45	8	45
chr19	54097613	54097628	16	4	0	16	6	10	0	0	1	0	1	0	1	0	0	1	1	0	0	0	0	0	0	1	0	0	0	1	0	2	2	1	0	1	0	0	0	1
chr19	54097630	54097760	131	4	0	131	58	73	1	4	1	1	5	8	11	4	1	2	11	1	1	3	2	0	6	4	0	7	7	2	0	10	9	8	0	5	7	5	0	3
chr19	54097762	54099059	1298	4	0	1298	733	565	110	32	37	64	51	43	58	27	35	23	59	28	47	29	39	49	39	37	4	47	60	41	13	49	36	40	5	49	44	45	8	48
chr19	54099060	54099229	170	4	0	170	79	91	7	6	5	2	9	9	12	0	3	3	9	4	3	3	2	0	7	6	1	7	8	5	2	8	9	6	5	8	6	6	2	5
chr19	54099230	54101105	1876	4	0	1876	897	979	97	43	53	44	46	58	114	42	67	46	109	52	29	26	41	28	53	63	10	47	97	111	15	119	41	77	18	54	69	91	17	97
chr19	54101110	54101328	219	4	0	219	139	80	16	2	6	13	7	9	11	8	3	7	4	14	10	0	9	19	10	4	0	4	8	2	0	5	9	6	0	3	7	3	0	18
chr19	54101333	54101541	209	4	0	209	131	78	9	4	4	16	10	11	8	3	1	1	2	20	13	1	13	15	10	5	0	2	7	2	0	7	7	8	0	5	8	1	2	12
chr19	54101542	54101999	458	4	0	458	213	245	25	12	9	13	11	10	28	5	13	14	26	11	9	5	14	6	10	14	5	12	18	15	13	22	12	23	17	20	14	16	11	23
chr19	54102000	54105264	3265	4	0	3265	1484	1781	156	79	88	67	85	121	163	71	81	84	161	78	68	62	74	46	89	110	43	104	149	169	85	157	104	143	110	112	98	138	56	112
chr19	54105266	54109802	4537	4	0	4537	2009	2528	181	111	131	72	117	183	292	89	134	100	258	96	64	66	71	43	129	143	51	136	240	277	80	271	157	230	55	170	155	218	40	175
chr19	54109803	54111684	1882	4	0	1882	831	1051	78	49	47	28	48	73	116	48	46	47	123	38	30	25	23	12	51	61	22	60	94	103	42	110	68	94	23	67	72	90	21	71
chr19	54111686	54112253	568	4	0	568	274	294	43	15	13	13	22	23	38	9	9	11	34	11	9	7	13	3	16	14	4	22	33	15	5	26	24	31	8	31	19	19	7	19
chr19	54112255	54113093	839	4	0	839	417	422	46	18	23	27	32	33	53	16	16	19	51	18	19	17	19	9	25	32	2	28	49	29	2	47	23	38	8	35	37	28	2	36
chr19	54113095	54121303	8209	4	0	8209	3898	4311	397	187	297	180	256	268	455	196	242	215	429	201	165	128	158	123	245	239	82	232	373	367	146	432	264	363	154	327	293	349	96	348
chr19	54121305	54125510	4206	4	0	4206	1672	2534	90	69	107	36	75	213	273	106	102	133	237	81	35	42	50	21	144	152	68	93	225	291	108	254	161	217	87	181	137	218	59	139
chr19	54125515	54128504	2990	4	0	2990	1213	1777	73	57	84	38	61	135	207	60	80	84	138	58	38	35	41	24	104	111	38	58	165	219	69	187	103	180	66	115	90	131	29	110
chr19	54128506	54128560	55	4	0	55	19	36	2	2	1	1	1	0	1	1	3	1	3	1	0	0	1	1	0	1	2	0	2	8	3	2	0	3	3	2	1	2	3	2
chr19	54128562	54130079	1518	4	0	1518	533	985	8	24	34	5	18	63	117	23	29	50	87	21	16	18	13	7	42	55	27	31	85	116	58	98	59	111	41	73	35	74	30	48
chr19	54130080	54132834	2755	4	0	2755	1248	1507	118	52	83	60	70	93	181	73	75	68	151	59	50	39	49	26	81	76	16	80	149	134	45	168	90	167	45	102	97	119	24	113
chr19	54132839	54133829	991	4	0	991	426	565	29	26	25	16	27	32	60	15	21	29	74	11	20	15	17	8	30	40	7	25	48	53	25	70	31	49	16	36	25	54	10	45
chr19	54133830	54133916	87	4	0	87	31	56	0	0	1	0	0	5	0	0	1	0	22	0	0	0	0	0	0	4	0	1	4	11	0	12	0	0	0	0	1	12	0	11
chr19	54134072	54135664	1593	4	0	1593	728	865	74	33	39	38	42	49	83	25	43	32	152	31	25	24	23	14	35	54	11	39	71	103	20	115	38	62	20	38	55	90	9	104
chr19	54135668	54136420	753	4	0	753	356	397	23	23	23	23	28	34	35	16	30	20	33	19	11	8	21	8	30	19	11	25	29	31	19	33	27	29	17	23	27	33	13	30
chr19	54136422	54142433	6012	4	0	6012	2523	3489	161	111	239	86	156	207	304	110	192	174	334	112	87	91	93	64	164	208	78	133	279	447	157	357	174	279	184	217	160	306	83	263
chr19	54142434	54147023	4590	4	0	4590	1994	2596	94	81	163	66	129	169	305	102	132	151	263	107	49	61	81	39	138	164	42	119	261	295	48	292	145	209	55	175	162	228	37	226
chr19	54147025	54147597	573	4	0	573	228	345	8	10	18	6	15	25	44	10	12	14	31	7	7	8	10	3	19	16	4	18	34	38	6	42	23	40	11	28	18	28	3	15
chr19	54147611	54149836	2226	4	0	2226	880	1346	49	44	65	34	56	98	166	41	66	38	115	38	21	18	22	9	59	75	10	54	143	199	46	125	93	141	33	109	65	99	13	80
chr19	54149838	54149862	25	4	0	25	10	15	1	0	1	0	0	1	1	0	1	0	2	2	0	0	0	0	0	1	0	0	2	4	0	1	1	1	0	0	0	1	0	3
chr19	54149863	54154850	4988	4	0	4988	2159	2829	155	95	145	84	121	197	348	124	144	143	241	88	58	81	81	52	164	178	37	137	282	352	71	297	182	240	69	203	162	232	45	178
chr19	54154851	54160158	5308	4	0	5308	2341	2967	191	100	199	99	149	187	302	118	164	141	247	113	85	92	99	54	155	174	68	123	239	333	125	294	188	272	109	221	175	212	69	209
chr19	54160160	54161316	1157	4	0	1157	464	693	24	16	43	13	19	36	73	16	43	40	76	22	10	12	13	7	24	29	29	22	67	78	26	76	23	64	31	42	31	77	8	65
chr19	54161318	54162341	1024	4	0	1024	441	583	60	19	26	14	24	29	66	7	21	38	65	15	15	16	19	6	24	34	11	33	40	71	29	63	32	53	19	34	30	46	17	46
chr19	54162343	54162386	44	4	0	44	15	29	0	0	1	2	2	1	0	2	1	0	1	0	0	1	1	2	0	2	1	0	3	3	3	2	2	4	5	1	0	2	0	0
chr19	54162391	54163308	918	4	0	918	383	535	33	18	38	11	21	31	47	17	42	31	45	17	4	10	11	7	23	29	12	26	42	80	26	45	24	39	31	22	27	46	13	48
chr19	54163310	54163992	683	4	0	683	313	370	43	10	20	15	16	21	41	15	21	20	38	19	8	12	7	5	16	21	7	19	33	35	19	34	16	29	11	32	28	36	13	21
chr19	54163993	54164013	21	4	0	21	10	11	0	1	0	0	0	0	2	0	0	2	4	0	0	0	0	0	2	0	0	1	0	0	0	0	0	0	1	1	0	0	1	4
chr19	54164015	54166323	2309	4	0	2309	958	1351	81	47	77	30	52	63	137	40	66	65	130	50	36	33	37	14	48	88	26	46	121	157	70	136	70	121	68	87	53	118	28	112
chr19	54166331	54166911	581	4	0	581	276	305	37	14	22	13	18	20	27	19	20	14	30	11	10	7	6	7	15	23	4	12	25	36	15	27	24	27	7	14	20	17	6	32
chr19	54166913	54166952	40	4	0	40	16	24	0	0	0	0	0	2	3	0	0	3	5	0	0	0	2	0	1	1	1	3	1	1	1	1	2	1	1	2	1	1	1	4
chr19	54166954	54168789	1836	4	0	1836	785	1051	105	45	46	28	58	74	110	27	36	40	95	33	24	22	28	12	43	77	17	44	97	115	50	106	73	107	47	71	56	69	20	59
chr19	54168893	54168905	13	4	0	13	9	4	2	0	2	0	0	0	0	0	3	0	0	0	0	0	0	0	0	0	0	0	0	0	0	1	0	0	0	0	0	1	0	2
chr19	54168908	54168967	60	4	0	60	32	28	2	0	14	0	0	0	0	0	15	0	0	0	0	0	0	0	0	0	0	0	0	0	0	13	0	0	0	0	0	13	0	1
chr19	54168970	54169011	42	4	0	42	30	12	1	0	1	0	0	0	0	0	1	0	10	0	0	0	1	15	0	0	0	0	0	0	0	0	0	0	0	0	0	0	0	11
chr19	54169021	54169030	10	4	0	10	8	2	3	0	1	0	0	0	0	0	2	0	0	0	0	0	0	0	0	0	0	0	0	0	0	0	0	0	0	0	0	0	0	2
chr19	54169040	54170611	1572	4	0	1572	743	829	101	31	44	39	49	54	98	31	49	39	78	29	17	31	27	25	44	57	16	38	84	79	21	86	55	67	25	61	48	67	18	62
chr19	54170617	54171116	500	4	0	500	314	186	41	12	10	24	18	18	15	19	5	6	14	13	24	19	11	64	29	10	3	13	15	13	6	11	12	13	7	15	14	9	4	11
chr19	54171117	54172168	1052	4	0	1052	452	600	32	15	33	23	22	36	69	20	36	26	72	19	13	10	8	17	25	37	4	21	58	69	24	66	40	56	10	36	24	56	14	59
chr19	54172280	54172426	147	4	0	147	40	107	0	1	0	0	0	0	12	0	1	7	19	0	0	0	0	0	1	4	0	3	7	20	8	20	0	12	0	3	4	18	0	5
chr19	54172428	54173119	692	4	0	692	257	435	9	13	17	5	5	11	48	7	25	18	64	7	5	3	15	5	5	21	1	18	46	68	12	78	5	40	1	24	15	73	2	24
chr19	54173121	54175784	2664	4	0	2664	1090	1574	77	32	94	34	54	96	188	41	73	85	144	50	33	34	30	25	65	88	20	74	164	197	56	176	85	151	44	100	65	155	26	106
chr19	54175786	54175816	31	4	0	31	12	19	0	1	0	1	2	1	2	0	0	0	4	1	0	0	0	0	0	1	0	1	0	0	1	2	4	2	0	1	1	1	1	2
chr19	54175818	54177155	1338	4	0	1338	652	686	72	30	41	34	53	60	73	38	20	29	65	43	32	24	20	17	40	47	17	39	84	53	12	58	52	62	12	52	48	46	13	50
chr19	54177156	54177900	745	4	0	745	393	352	49	17	19	38	29	26	28	15	14	14	34	14	31	15	25	25	22	25	3	22	34	31	17	32	20	35	11	22	21	23	3	29
chr19	54177901	54181782	3882	4	0	3882	1663	2219	126	83	127	67	109	130	231	85	121	90	174	57	48	61	110	43	113	110	32	109	172	277	92	247	171	206	78	169	99	195	32	116
chr19	54181783	54181837	55	3	0	55	21	34	0	0	6	0	0	0	0	0	7	0	7	0	0	0	0	0	0	0	0	0	0	7	0	13	0	0	0	0	0	13	0	0
chr19	54181838	54181876	39	3	0	39	13	26	0	0	3	0	0	0	0	0	3	0	6	0	0	0	0	0	0	0	0	0	0	6	0	9	0	0	0	0	0	10	0	0
chr19	54181878	54181914	37	3	0	37	13	24	0	0	4	0	0	0	0	0	4	0	5	0	0	0	0	0	0	0	0	0	0	4	0	9	0	0	0	0	0	9	0	0
chr19	54181915	54181989	75	3	0	75	28	47	0	0	8	0	0	0	0	0	9	0	10	0	0	0	0	0	0	0	0	0	0	10	0	18	0	0	0	0	0	18	0	0
chr19	54181994	54182504	511	3	0	511	295	216	42	17	25	19	14	14	15	22	29	10	13	12	17	12	12	21	27	13	2	11	16	20	5	33	9	6	2	7	13	36	1	14
chr19	54182514	54183001	488	3	0	488	275	213	38	13	12	18	15	27	21	21	13	6	20	11	15	14	5	26	30	11	4	15	21	12	6	14	13	17	4	14	19	14	2	15
chr19	54183002	54184151	1150	3	0	1150	530	620	47	26	42	26	40	42	63	21	29	24	47	29	27	15	26	24	37	33	18	19	56	79	16	65	40	58	18	52	33	46	8	42
chr19	54184156	54184203	48	3	0	48	36	12	21	1	2	0	3	0	1	0	0	2	4	0	0	0	0	0	2	0	0	1	0	0	0	0	1	0	0	1	2	0	0	5
chr19	54184204	54184904	701	3	0	701	327	374	30	13	23	19	26	24	39	11	17	12	39	22	12	17	11	12	17	25	3	21	40	30	13	42	16	39	11	26	27	30	9	23
chr19	54184905	54185983	1079	3	0	1079	532	547	76	28	29	29	36	41	58	23	25	20	49	30	24	19	25	18	28	40	9	31	63	40	16	60	33	55	14	34	35	44	9	36
chr19	54185985	54186935	951	3	0	951	446	505	46	24	20	26	28	39	63	22	27	15	47	19	15	21	24	9	31	36	10	22	59	39	12	53	36	44	8	46	26	43	6	33
chr19	54186937	54187844	908	3	0	908	387	521	22	15	31	15	17	47	56	24	36	24	55	15	8	6	6	10	33	29	11	19	54	58	14	57	26	46	9	33	31	50	10	39
chr19	54187846	54187894	49	3	0	49	28	21	3	0	1	4	1	1	2	4	1	0	2	1	3	1	2	1	1	1	0	0	3	0	0	2	3	3	0	3	1	1	0	2
chr19	54187896	54188016	121	3	0	121	51	70	1	5	4	1	6	4	8	1	4	0	9	4	0	1	1	0	1	3	1	5	7	5	2	6	7	6	2	7	5	6	3	4
chr19	54188070	54189042	973	3	0	973	413	560	35	21	37	13	21	22	56	20	42	23	64	27	7	4	11	8	22	32	5	12	52	99	14	70	17	36	9	36	28	68	10	50
chr19	54189046	54189675	630	3	0	630	170	460	3	11	15	1	9	17	34	1	17	11	37	8	1	4	1	0	7	19	9	8	29	69	53	32	20	63	46	31	5	32	20	15
chr19	54189677	54189702	26	3	0	26	8	18	1	0	1	0	0	0	1	0	1	1	3	0	0	0	0	0	0	1	0	0	1	2	1	2	0	1	1	2	0	3	1	1
chr19	54189704	54192441	2738	3	0	2738	953	1785	41	46	89	26	56	88	123	30	88	76	161	35	17	34	30	13	49	91	45	59	121	218	155	150	69	203	144	120	58	132	95	74
chr19	54192443	54193005	563	3	0	563	293	270	38	14	20	20	21	19	28	13	17	14	24	14	17	9	15	9	17	15	4	20	31	27	3	22	14	23	5	20	19	18	6	25
chr19	54193006	54193644	639	3	0	639	315	324	39	20	21	10	14	23	38	15	27	16	29	17	9	8	17	10	22	21	6	18	33	27	8	30	16	21	10	23	20	29	6	34
chr19	54193645	54194340	696	4	0	696	406	290	58	15	21	28	22	25	34	23	23	13	25	13	19	19	11	55	34	14	5	20	28	22	1	32	18	23	3	16	24	24	3	23
chr19	54194341	54195394	1054	4	0	1054	595	459	97	24	29	51	36	42	42	34	32	15	45	25	36	26	29	31	40	23	6	38	51	29	12	33	27	40	14	29	36	33	2	45
chr19	54195395	54195966	572	4	0	572	319	253	50	22	21	15	25	17	26	20	20	14	30	14	12	7	14	11	25	13	2	20	26	17	1	23	9	20	2	17	28	17	1	31
chr19	54195976	54197713	1738	4	0	1738	942	796	125	37	62	73	55	46	81	66	52	35	82	37	66	32	32	60	45	50	10	45	77	50	18	85	64	68	21	57	62	62	11	70
chr19	54197714	54198483	770	4	0	770	388	382	50	20	23	21	22	32	41	16	19	15	30	15	24	15	21	22	22	25	9	26	38	33	15	28	26	34	11	35	25	22	7	26
chr19	54198484	54200445	1962	4	0	1962	1009	953	120	52	63	61	63	77	90	48	53	43	93	50	60	45	38	51	60	56	29	72	87	63	34	75	59	80	39	60	72	60	30	77
chr19	54200446	54200851	406	4	0	406	167	239	25	9	9	4	3	19	20	1	13	11	26	5	4	5	9	2	3	12	20	9	20	17	14	19	9	24	18	19	11	17	10	17
chr19	54200853	54200899	47	4	0	47	18	29	2	1	2	0	1	4	1	0	1	1	3	0	1	0	1	0	0	5	0	1	1	1	3	3	2	1	4	1	3	0	0	2
chr19	54200901	54210771	9871	4	0	9871	4705	5166	411	250	319	244	320	402	527	279	286	246	452	233	207	176	213	140	345	331	115	283	485	467	165	487	341	405	153	371	357	402	87	370
chr19	54210772	54220023	9252	4	0	9252	4426	4826	524	204	242	219	233	391	533	255	250	239	484	213	181	147	139	171	338	282	111	250	435	479	153	489	300	382	99	321	339	414	95	338
chr19	54220029	54220157	129	4	0	129	43	86	1	0	4	0	4	5	9	0	0	5	12	2	0	0	0	0	2	2	1	5	8	17	2	10	1	9	3	5	7	9	0	4
chr19	54220589	54220735	147	4	0	147	65	82	3	0	5	3	3	5	9	5	5	6	6	3	1	6	2	1	4	5	4	4	6	11	3	7	3	5	3	7	10	6	0	4
chr19	54220766	54220942	177	4	0	177	69	108	2	2	3	0	1	8	16	2	4	9	17	3	0	0	1	1	9	5	1	3	7	15	3	13	3	9	0	6	8	9	0	15
chr19	54220950	54221085	136	4	0	136	42	94	0	1	1	0	1	5	12	3	1	6	9	3	0	0	0	0	4	7	0	1	8	21	5	11	3	8	1	4	5	8	0	6
chr19	54221088	54221167	80	4	0	80	29	51	0	1	0	0	1	6	5	2	0	3	4	2	0	2	1	1	4	5	0	3	5	9	2	5	3	4	0	1	2	4	2	1
chr19	54221176	54222120	945	4	0	945	365	580	12	17	21	8	12	46	73	16	30	32	60	12	4	4	8	10	36	33	12	18	54	93	12	76	15	55	5	35	41	55	5	33
chr19	54222129	54222426	298	4	0	298	118	180	3	4	4	4	2	12	24	10	6	9	20	7	4	2	3	3	10	12	2	3	21	28	3	17	8	14	3	15	9	16	2	16
chr19	54222428	54222474	47	4	0	47	19	28	1	1	2	0	1	0	3	0	1	0	4	1	1	2	0	1	0	1	0	2	4	4	0	4	0	4	0	2	0	4	0	2
chr19	54222476	54223387	912	4	0	912	339	573	13	7	19	8	12	33	73	23	20	33	62	24	2	2	5	3	23	30	6	16	52	101	17	62	25	50	12	38	41	52	3	43
chr19	54223400	54224454	1055	4	0	1055	482	573	28	11	23	24	13	44	78	42	34	36	60	30	11	12	11	24	36	32	14	21	59	55	9	62	27	42	9	45	55	56	6	44
chr19	54224473	54224618	146	4	0	146	53	93	1	1	0	1	0	16	12	2	2	6	9	3	0	0	0	0	11	5	3	3	9	11	2	6	2	8	5	6	8	4	2	6
chr19	54224632	54224750	119	4	0	119	51	68	4	3	4	2	5	4	10	3	3	2	5	4	1	0	0	1	4	1	1	3	5	10	2	6	6	6	1	7	7	5	0	2
chr19	54224752	54224790	39	4	0	39	13	26	0	1	0	1	1	3	2	1	1	1	2	0	0	0	0	0	2	2	1	0	2	3	1	3	1	2	2	1	1	3	0	0
chr19	54224792	54225177	386	4	0	386	206	180	26	10	7	16	10	14	22	14	12	9	17	10	12	8	9	8	17	10	3	11	17	13	2	17	11	13	6	12	15	13	5	15
chr19	54225179	54225206	28	4	0	28	20	8	1	1	1	2	1	0	0	1	0	0	0	0	2	3	2	5	0	2	0	1	1	0	0	1	1	0	0	1	0	0	0	0
chr19	54225208	54225605	398	4	0	398	279	119	38	16	15	35	13	4	12	27	31	5	6	12	22	8	5	29	15	6	4	8	8	3	1	5	7	2	0	5	26	6	3	19
chr19	54225610	54225695	86	4	0	86	44	42	4	7	3	0	4	2	6	0	3	1	7	1	2	1	0	1	5	1	1	4	4	3	1	2	2	1	1	4	1	5	1	6
chr19	54225697	54226069	373	4	0	373	204	169	11	8	8	22	10	9	17	5	5	12	33	10	23	3	7	21	12	7	4	9	7	8	7	17	10	13	7	6	12	11	6	31
chr19	54226070	54226584	515	4	0	515	320	195	41	12	19	30	22	18	22	19	19	8	19	15	20	14	10	30	32	2	8	11	11	4	2	10	21	10	3	20	17	11	3	30
chr19	54226586	54226639	54	4	0	54	19	35	0	0	1	0	1	4	5	0	0	1	5	2	0	0	0	0	1	1	0	3	3	1	1	1	4	3	3	5	2	1	2	2
chr19	54226641	54227489	849	4	0	849	476	373	60	21	20	41	32	34	33	25	28	13	32	29	22	19	18	49	32	20	12	23	33	17	13	31	24	33	11	21	35	24	14	28
chr19	54227490	54227608	119	4	0	119	57	62	13	3	4	2	4	6	6	0	6	1	7	2	0	1	1	0	2	2	3	4	4	1	4	5	5	7	2	6	4	4	5	3
chr19	54227610	54227633	24	4	0	24	12	12	0	0	0	2	0	1	1	0	1	0	1	0	1	2	3	0	1	0	1	1	0	0	0	1	1	1	1	2	0	0	0	1
chr19	54227635	54228870	1236	4	0	1236	703	533	86	32	35	66	49	49	49	40	39	22	55	32	46	31	35	36	48	39	8	39	55	26	11	46	34	36	8	34	50	36	7	55
chr19	54228871	54229162	292	4	0	292	171	121	19	12	13	12	11	8	14	12	21	6	7	7	4	6	10	7	10	8	0	14	18	5	0	7	4	5	0	9	13	12	2	14
chr19	54229164	54229180	17	4	0	17	8	9	1	0	2	0	2	0	0	0	0	0	1	0	0	1	1	0	0	0	0	1	1	2	0	0	1	1	0	0	0	0	0	1
chr19	54229182	54231004	1823	4	0	1823	998	825	140	50	77	79	75	62	79	38	81	35	72	48	50	35	30	47	63	50	19	50	69	57	24	75	50	58	24	48	72	61	18	85
chr19	54231005	54240481	9477	4	0	9477	4909	4568	455	267	256	321	302	341	483	363	357	220	451	289	185	138	204	275	366	305	83	212	473	377	78	469	249	277	80	282	401	438	47	431
chr19	54240491	54241388	898	4	0	898	324	574	7	10	15	2	7	36	77	13	19	38	70	13	1	4	7	4	33	28	10	17	44	91	17	75	21	58	8	31	36	51	7	46
chr19	54241408	54241630	223	4	0	223	87	136	3	5	5	2	4	13	13	7	6	9	13	3	1	0	1	0	10	10	2	5	13	26	5	14	3	10	0	7	11	12	1	7
chr19	54241633	54241673	41	4	0	41	22	19	0	1	0	2	0	3	2	2	1	0	1	0	2	1	2	4	2	2	0	1	3	2	0	2	1	1	0	2	1	1	0	0
chr19	54241675	54241868	194	4	0	194	76	118	3	5	3	3	3	12	15	4	8	3	9	3	0	0	0	4	9	8	1	2	13	24	3	13	2	10	0	8	9	11	0	4
chr19	54241877	54241898	22	4	0	22	10	12	1	0	1	0	0	1	0	0	1	0	3	0	0	0	2	0	0	1	0	0	0	0	0	3	1	1	0	0	0	2	0	3
chr19	54241900	54242101	202	4	0	202	73	129	1	1	1	2	0	8	19	4	1	7	16	4	3	2	1	2	7	9	0	2	13	25	2	12	4	10	2	14	8	9	2	9
chr19	54242118	54242174	57	4	0	57	29	28	1	3	2	2	2	1	3	3	4	1	1	3	1	0	0	1	2	2	0	1	7	3	0	1	0	2	0	0	0	5	0	4
chr19	54242176	54242204	29	4	0	29	13	16	1	0	2	0	0	0	2	0	1	0	2	1	1	0	0	1	0	0	0	1	2	3	0	2	0	2	0	2	0	2	0	2
chr19	54242206	54242383	178	4	0	178	64	114	2	1	3	1	2	5	16	3	3	4	10	10	0	2	2	0	3	5	2	2	16	22	1	10	0	11	1	12	7	13	0	7
chr19	54242385	54242412	28	4	0	28	14	14	0	1	0	0	0	1	2	3	1	1	0	3	0	0	1	0	0	1	0	2	2	3	0	0	0	0	0	0	3	1	0	1
chr19	54242437	54242469	33	4	0	33	10	23	0	0	0	0	0	2	3	2	0	1	2	0	0	0	0	0	3	0	0	0	3	5	0	1	1	3	0	2	0	2	0	1
chr19	54242488	54242604	117	4	0	117	43	74	1	0	2	3	1	4	14	1	4	7	5	0	0	0	0	0	3	4	2	2	6	11	0	11	6	7	0	5	5	7	0	4
chr19	54242615	54242686	72	4	0	72	29	43	2	1	3	0	3	5	3	1	1	3	6	1	0	0	0	0	3	5	0	1	5	5	0	6	1	2	0	3	3	5	0	2
chr19	54242688	54242774	87	4	0	87	31	56	1	0	1	1	1	3	4	3	1	3	7	4	0	0	2	0	0	5	1	0	4	12	1	7	3	3	2	2	4	4	1	5
chr19	54242776	54243039	264	4	0	264	106	158	5	3	5	4	2	11	26	6	8	7	19	6	2	0	0	2	9	7	0	5	13	22	4	17	12	17	1	9	11	10	1	18
chr19	54243045	54243173	129	4	0	129	50	79	2	1	3	1	2	4	9	4	3	5	12	2	0	0	1	1	3	3	1	3	6	12	1	10	3	6	1	6	7	9	1	5
chr19	54243175	54243336	162	4	0	162	66	96	0	1	3	0	0	6	20	5	2	9	8	3	2	4	2	0	5	6	5	4	8	5	1	8	11	5	3	11	7	6	1	9
chr19	54243340	54243381	42	4	0	42	18	24	1	0	0	2	0	2	3	3	1	1	1	1	0	1	1	0	0	2	2	0	4	1	1	1	3	2	1	2	1	2	0	1
chr19	54243383	54243541	159	4	0	159	70	89	8	2	5	0	1	6	15	5	6	5	10	1	0	2	2	0	7	4	0	5	9	6	1	12	2	9	1	10	9	9	0	5
chr19	54243547	54243657	111	4	0	111	46	65	4	0	4	1	1	1	8	1	4	2	6	6	1	0	1	4	2	1	0	0	4	9	3	10	3	8	4	3	3	8	1	6
chr19	54243666	54243760	95	4	0	95	68	27	4	2	1	9	2	1	4	4	4	0	1	7	6	2	3	17	3	2	0	0	1	3	0	3	0	0	0	2	6	2	0	4
chr19	54243762	54243798	37	4	0	37	18	19	1	0	1	1	1	1	3	3	1	4	2	0	0	0	0	0	3	1	0	1	1	0	0	2	1	1	0	2	3	1	0	1
chr19	54243800	54243927	128	4	0	128	50	78	1	2	0	2	0	9	11	5	4	5	6	3	0	0	0	0	4	7	1	4	13	12	1	6	2	5	0	5	7	8	0	3
chr19	54244053	54245003	951	4	0	951	428	523	30	17	13	29	21	53	59	27	22	29	54	17	15	13	11	17	40	33	18	21	54	54	12	51	26	39	16	37	40	45	8	28
chr19	54245004	54245581	578	4	0	578	320	258	57	16	30	23	23	14	18	17	24	12	17	12	21	12	9	14	17	15	3	19	19	32	10	23	16	15	10	13	20	22	5	18
chr19	54245585	54245620	36	4	0	36	13	23	0	0	0	0	0	1	1	0	0	2	3	4	0	0	0	0	0	2	1	0	1	1	2	3	0	2	2	0	2	2	3	2
chr19	54245622	54245815	194	4	0	194	79	115	9	3	1	4	2	9	11	4	3	4	14	3	3	3	5	1	4	6	3	6	9	7	10	7	8	12	7	11	5	7	4	7
chr19	54245817	54246405	589	4	0	589	279	310	34	14	18	6	8	26	41	10	23	18	25	6	6	9	8	25	17	29	3	18	32	54	2	33	19	11	3	17	17	27	4	24
chr19	54246410	54249005	2596	4	0	2596	1203	1393	108	57	71	51	72	110	168	60	68	76	136	63	40	36	44	42	89	94	26	69	126	146	25	148	90	103	34	99	105	102	33	103
chr19	54249007	54250009	1003	4	0	1003	583	420	95	25	22	54	33	33	38	26	30	24	52	22	37	21	36	34	37	23	8	35	29	23	12	40	22	25	10	27	42	32	8	46
chr19	54250010	54250033	24	4	0	24	12	12	0	0	0	0	1	0	0	0	0	2	4	1	0	0	1	1	0	0	1	1	0	0	1	0	0	0	1	1	2	1	1	3
chr19	54250034	54250955	922	4	0	922	517	405	73	28	29	48	36	30	43	35	41	22	32	21	27	13	18	20	43	21	8	21	34	43	5	35	23	20	5	30	44	32	4	36
chr19	54250976	54251082	107	4	0	107	44	63	2	0	3	2	1	3	11	1	4	8	7	1	0	0	0	0	8	0	0	3	6	9	0	9	1	5	0	0	1	11	0	9
chr19	54251084	54251125	42	4	0	42	19	23	2	1	0	1	0	2	1	1	2	1	6	0	0	0	2	0	1	2	0	1	2	0	0	4	0	2	0	0	1	4	0	4
chr19	54251128	54251379	252	4	0	252	100	152	4	2	5	5	4	12	17	5	6	10	17	7	2	2	1	1	6	8	5	6	13	21	5	18	7	13	2	6	12	16	2	10
chr19	54251381	54251409	29	4	0	29	9	20	0	0	2	0	1	0	2	0	1	0	2	0	0	0	0	0	0	0	0	0	0	1	1	2	3	3	2	4	0	1	1	1
chr19	54251411	54251771	361	4	0	361	145	216	9	6	7	6	6	16	28	14	10	9	22	6	3	1	0	2	14	5	6	7	18	33	5	19	20	17	3	20	12	20	4	11
chr19	54251774	54251810	37	4	0	37	17	20	1	1	0	2	0	0	2	2	2	0	4	1	1	0	0	1	0	1	0	0	1	2	0	5	0	2	0	0	3	4	0	0
chr19	54251812	54252130	319	4	0	319	113	206	2	4	9	1	6	12	22	5	6	13	21	8	2	0	2	0	9	11	7	2	15	24	14	24	15	18	4	14	6	24	3	14
chr19	54252132	54252160	29	4	0	29	14	15	0	1	2	0	0	0	2	0	3	1	4	0	0	0	0	0	0	1	0	1	1	1	0	2	0	0	0	0	1	2	0	5
chr19	54252162	54252254	93	4	0	93	35	58	0	2	1	0	1	6	9	1	2	5	3	3	0	0	2	0	5	4	0	3	6	9	0	8	2	4	0	2	4	7	0	2
chr19	54252256	54252278	23	4	0	23	5	18	0	0	1	0	1	0	1	0	0	1	1	0	0	0	0	0	0	1	0	0	2	7	0	2	0	2	0	0	0	1	0	1
chr19	54252280	54255238	2959	4	0	2959	1163	1796	61	47	72	38	54	115	219	56	85	87	193	50	18	26	30	12	81	100	30	64	151	281	56	204	107	145	30	130	105	164	30	116
chr19	54255248	54258265	3018	4	0	3018	1280	1738	52	54	79	46	68	114	207	68	91	113	181	64	20	28	41	53	95	108	36	70	170	231	46	191	72	128	23	119	120	171	29	128
chr19	54258280	54259223	944	4	0	944	466	478	76	19	30	23	21	44	46	24	32	20	41	25	19	13	18	14	37	26	13	21	37	42	24	41	25	38	20	35	35	38	7	38
chr19	54259232	54259307	76	4	0	76	48	28	3	1	2	8	4	3	2	2	1	1	5	3	6	0	0	6	1	1	0	3	4	1	0	1	2	2	0	2	4	2	1	3
chr19	54259309	54262510	3202	4	0	3202	1700	1502	190	76	128	109	119	120	180	85	120	75	129	90	73	54	78	72	99	78	29	119	146	102	19	134	113	110	20	119	146	111	14	143
chr19	54262511	54262572	62	4	0	62	42	20	2	0	0	1	0	12	1	2	0	0	0	2	1	5	0	14	15	1	1	0	1	0	0	0	0	0	0	0	0	0	1	1
chr19	54262589	54262860	272	4	0	272	203	69	9	4	0	1	4	41	1	19	0	0	0	3	2	16	0	101	60	1	0	0	1	2	0	0	2	0	0	0	2	0	0	1
chr19	54262863	54262957	95	4	0	95	73	22	1	1	0	0	1	13	0	8	0	0	0	0	0	8	0	39	22	0	0	0	0	0	0	0	0	0	0	0	0	0	0	0
chr19	54262972	54263248	277	4	0	277	210	67	8	4	0	2	4	36	2	20	1	0	0	3	1	21	0	107	59	1	1	0	1	0	0	0	0	0	0	0	1	0	1	2
chr19	54263249	54263364	116	4	0	116	88	28	4	2	1	5	1	6	1	7	0	0	0	1	7	9	4	39	11	4	0	2	3	2	0	2	0	1	0	1	0	0	0	1
chr19	54263367	54263515	149	4	0	149	113	36	2	0	0	1	0	21	0	13	0	0	0	1	1	10	0	63	30	1	0	0	1	0	0	0	2	0	0	0	1	0	0	0
chr19	54263516	54263768	253	4	0	253	131	122	9	7	2	9	9	13	15	1	2	6	18	3	7	5	6	18	7	5	4	15	10	4	5	9	12	11	3	8	9	8	2	9
chr19	54263769	54277686	13918	4	0	13918	7349	6569	820	347	449	541	458	494	685	541	517	321	600	364	361	234	241	374	533	376	105	382	626	626	133	616	454	414	82	420	566	585	94	557
chr19	54277704	54278711	1008	4	0	1008	377	631	10	7	22	9	12	42	75	20	23	32	88	16	2	7	8	3	25	35	8	20	58	99	13	77	19	55	14	48	47	57	7	48
chr19	54278712	54281064	2353	4	0	2353	944	1409	30	31	54	26	29	107	178	62	68	84	145	62	14	18	22	14	82	87	22	49	131	204	39	149	60	105	24	96	103	128	23	105
chr19	54281066	54281080	15	4	0	15	6	9	0	1	0	0	1	0	2	0	0	1	1	0	0	0	0	0	0	1	0	0	1	0	0	1	0	0	0	2	1	1	0	0
chr19	54281082	54283069	1988	4	0	1988	1008	980	93	58	77	53	79	75	95	70	74	58	92	42	35	30	30	47	81	57	21	61	89	107	18	96	68	47	8	59	81	100	7	78
chr19	54283072	54288906	5835	4	0	5835	2943	2892	328	153	211	155	159	235	333	174	236	138	250	148	123	82	112	105	225	151	52	180	260	304	64	271	179	197	38	198	237	247	31	257
chr19	54288916	54289183	268	4	0	268	136	132	10	6	12	5	9	9	13	12	11	13	15	6	3	1	2	8	8	7	8	6	7	4	3	18	12	8	1	5	16	13	2	13
chr19	54289195	54289384	190	4	0	190	91	99	4	5	8	3	5	8	14	8	10	4	10	5	2	1	1	2	7	5	0	6	9	9	1	6	9	5	3	9	10	6	2	11
chr19	54289386	54289425	40	4	0	40	23	17	2	0	3	2	1	0	0	4	3	2	2	1	0	1	0	1	2	0	0	1	1	2	0	2	0	0	0	0	2	4	0	2
chr19	54289427	54289502	76	4	0	76	41	35	6	6	3	1	2	4	3	3	7	0	3	1	1	0	0	1	2	1	3	4	3	3	0	1	3	0	1	1	4	2	2	3
chr19	54289508	54289559	52	4	0	52	21	31	1	2	2	1	3	1	3	1	2	3	2	0	0	0	0	0	2	2	1	1	2	6	1	3	2	2	0	0	2	2	0	3
chr19	54289561	54290485	925	4	0	925	462	463	58	19	29	34	28	39	48	34	31	21	46	20	24	10	8	12	31	27	8	22	40	50	10	44	33	35	14	30	45	32	6	35
chr19	54290488	54295839	5352	4	0	5352	2980	2372	311	120	178	242	160	195	240	201	207	104	219	192	173	119	133	185	208	140	32	158	202	177	52	224	150	138	30	138	236	200	36	250
chr19	54295841	54296369	529	4	0	529	337	192	36	12	22	39	26	13	14	22	24	13	24	10	23	13	7	37	20	13	3	15	16	8	2	16	8	5	1	14	31	16	2	22
chr19	54296374	54296826	453	4	0	453	242	211	32	14	10	22	11	15	20	16	10	8	15	11	25	8	9	15	17	14	2	12	21	26	11	13	8	19	8	15	16	11	3	14
chr19	54296828	54296967	140	4	0	140	55	85	7	2	0	1	2	4	9	2	2	4	14	3	0	2	2	0	2	2	2	6	6	6	5	6	5	8	7	6	4	8	4	7
chr19	54296969	54297005	37	4	0	37	25	12	10	1	2	1	1	1	3	0	2	1	0	1	1	0	1	0	2	0	0	1	1	0	0	0	1	0	0	1	0	0	0	4
chr19	54297012	54297634	623	4	0	623	313	310	42	13	17	16	24	30	33	19	15	14	30	23	7	3	14	12	21	19	0	20	33	19	9	29	29	25	2	22	23	27	7	24
chr19	54297636	54298726	1091	4	0	1091	508	583	41	17	36	22	27	49	84	31	29	40	47	25	18	9	9	22	42	41	4	28	57	66	7	63	41	41	8	44	51	45	3	42
chr19	54298735	54299986	1252	4	0	1252	610	642	33	26	55	30	35	46	70	45	56	38	65	35	19	22	17	16	48	36	10	38	54	71	6	79	32	31	5	38	62	72	7	53
chr19	54300044	54300061	18	4	0	18	6	12	0	0	0	0	0	1	0	0	0	0	4	0	0	0	0	0	0	0	0	1	0	3	0	3	0	0	0	0	1	3	0	0
chr19	54300063	54300102	40	4	0	40	23	17	7	0	8	0	0	0	0	0	8	0	0	0	0	0	0	0	0	0	0	0	0	6	0	1	0	0	0	0	0	1	0	7
chr19	54300105	54300208	104	4	0	104	55	49	12	3	2	2	6	7	7	1	2	2	7	3	0	0	0	0	3	3	0	6	7	2	0	2	6	4	0	2	5	2	0	6
chr19	54300209	54302136	1928	4	0	1928	1103	825	104	62	69	72	70	73	72	87	78	31	63	48	55	45	57	117	94	41	15	61	72	55	14	68	65	50	14	55	71	63	9	76
chr19	54302150	54302452	303	4	0	303	148	155	21	6	9	7	14	10	20	8	7	9	18	6	2	4	5	1	7	10	0	12	20	9	1	15	14	13	3	10	11	12	2	15
chr19	54302454	54302486	33	4	0	33	20	13	0	3	1	2	3	1	0	1	1	0	1	1	2	1	1	0	2	2	0	1	1	0	0	2	1	0	0	1	1	1	0	1
chr19	54302488	54303078	591	4	0	591	346	245	41	19	21	31	27	18	24	15	19	11	31	17	25	18	14	15	22	19	2	23	19	11	4	23	17	10	3	12	26	17	3	32
chr19	54303080	54303152	73	4	0	73	36	37	0	1	1	4	2	2	5	2	2	0	5	2	2	3	3	0	3	1	0	2	2	2	0	6	3	3	1	5	3	4	1	1
chr19	54303155	54304090	936	4	0	936	573	363	78	19	28	58	35	35	29	38	34	20	37	32	36	23	26	43	42	28	1	26	34	13	9	31	20	17	1	18	42	29	7	45
chr19	54304092	54304111	20	4	0	20	6	14	0	0	1	0	1	0	1	0	0	0	2	0	0	0	0	0	0	0	0	0	1	1	1	2	0	2	1	2	1	2	0	0
chr19	54304113	54304741	629	4	0	629	346	283	29	17	30	19	20	22	35	14	30	15	24	24	16	17	18	15	21	19	5	26	29	15	1	29	17	10	3	14	24	30	1	38
chr19	54304742	54304856	115	4	0	115	82	33	26	0	22	0	0	0	0	0	23	0	9	0	0	0	0	0	0	0	0	0	0	0	0	1	0	0	0	0	0	1	0	31
chr19	54304861	54307242	2382	4	0	2382	1182	1200	102	46	106	54	73	91	116	74	93	66	135	57	41	46	52	29	82	80	8	79	113	108	20	133	69	73	15	69	90	113	19	128
chr19	54307243	54308336	1094	4	0	1094	558	536	63	22	40	26	28	41	72	35	47	32	57	31	12	7	11	32	37	30	8	28	48	45	8	57	33	28	4	43	58	55	2	52
chr19	54308364	54309529	1166	4	0	1166	705	461	96	31	33	53	39	33	42	47	26	15	42	29	53	29	24	111	41	26	8	33	45	29	10	37	35	42	10	33	40	24	10	38
chr19	54309530	54310958	1429	4	0	1429	724	705	69	30	51	48	36	42	78	39	48	38	83	27	45	20	27	42	46	37	13	34	53	76	13	81	42	46	14	54	54	64	6	71
chr19	54310960	54313257	2298	4	0	2298	978	1320	62	35	53	37	35	93	184	53	72	78	145	43	20	23	28	15	80	85	17	47	124	165	29	153	68	104	13	97	93	117	15	113
chr19	54313261	54313516	256	4	0	256	161	95	43	10	8	13	11	7	8	6	9	1	10	3	12	8	4	6	10	8	1	7	11	8	1	9	5	5	1	5	6	8	1	9
chr19	54313517	54316129	2613	4	0	2613	1511	1102	210	65	90	140	92	89	99	82	93	51	102	73	111	55	63	95	96	69	18	76	87	71	31	96	64	69	32	73	115	76	19	109
chr19	54316131	54316208	78	4	0	78	27	51	0	0	1	0	0	1	7	2	0	5	5	3	1	0	0	1	2	3	0	1	4	7	3	7	2	4	1	3	3	6	2	2
chr19	54316210	54317386	1177	4	0	1177	560	617	53	26	47	29	35	43	69	28	40	23	57	26	27	23	21	13	41	41	8	24	50	64	21	63	49	45	13	51	35	48	6	56
chr19	54317401	54317430	30	4	0	30	14	16	0	0	1	2	0	2	3	0	1	0	0	0	1	2	1	0	1	2	0	1	3	0	0	1	1	2	0	3	0	1	0	0
chr19	54317432	54318671	1240	4	0	1240	571	669	49	28	33	28	34	52	66	36	26	37	58	33	29	19	30	12	44	53	12	27	61	64	30	55	35	54	30	49	47	39	12	56
chr19	54318672	54332121	13450	4	0	13450	7194	6256	808	327	461	504	439	481	677	405	464	339	618	323	389	275	263	420	505	410	113	393	595	509	123	587	365	398	94	419	537	497	90	620
chr19	54332131	54332296	166	4	0	166	49	117	1	1	3	0	2	9	12	1	0	5	10	1	2	0	2	0	2	6	4	3	10	29	3	14	5	12	1	10	7	9	0	0
chr19	54332298	54332317	20	4	0	20	7	13	0	1	0	0	1	0	1	1	0	0	1	1	0	0	0	0	1	0	0	0	2	3	0	1	0	3	0	1	0	0	0	1
chr19	54332319	54337235	4917	4	0	4917	2444	2473	220	98	165	149	130	180	270	142	176	128	288	116	106	71	72	133	166	149	36	126	224	276	44	273	118	155	34	163	214	237	24	232
chr19	54337242	54339649	2408	4	0	2408	983	1425	57	44	59	24	45	98	160	57	61	79	137	53	22	29	35	22	88	91	27	44	121	208	52	162	60	129	22	91	91	115	29	94
chr19	54339651	54340769	1119	4	0	1119	572	547	71	24	36	35	29	46	59	37	38	28	55	27	27	16	26	17	54	25	12	23	52	51	10	55	30	43	7	36	34	49	3	62
chr19	54340770	54341005	236	4	0	236	147	89	22	9	11	11	9	5	11	15	9	6	1	6	12	2	4	12	10	8	0	4	9	5	0	7	10	4	0	10	12	4	0	6
chr19	54341006	54341231	226	4	0	226	131	95	17	13	7	6	11	8	10	8	7	4	8	5	9	4	10	3	14	3	2	10	7	3	1	7	8	4	1	11	8	8	0	7
chr19	54341244	54343656	2413	4	0	2413	1239	1174	111	65	68	88	71	83	123	86	80	52	117	60	70	52	47	65	84	81	15	72	119	122	28	107	68	79	23	66	92	93	14	110
chr19	54343657	54343744	88	4	0	88	52	36	20	5	0	2	3	4	4	3	1	1	1	1	2	1	3	0	4	4	0	3	8	3	0	1	1	5	1	1	0	0	1	3
chr19	54343746	54343771	26	4	0	26	12	14	0	0	0	1	0	1	3	0	0	0	1	1	1	2	1	0	1	1	0	1	1	1	0	2	1	0	0	2	1	2	0	0
chr19	54343773	54343898	126	4	0	126	65	61	11	6	2	3	7	4	8	2	2	2	11	5	2	0	0	0	6	1	0	4	4	3	1	5	7	3	1	4	4	6	2	8
chr19	54343903	54344951	1049	4	0	1049	591	458	95	40	25	36	48	46	48	31	28	15	46	32	24	29	16	31	60	31	9	30	37	27	13	39	33	27	8	22	43	31	4	43
chr19	54344952	54346694	1743	4	0	1743	883	860	140	39	55	52	55	65	89	34	59	40	92	42	33	29	30	28	50	56	17	50	84	59	32	75	45	65	30	63	64	70	21	78
chr19	54346701	54348100	1400	4	0	1400	743	657	78	46	58	41	46	47	73	50	60	38	61	33	38	22	20	30	57	41	11	44	60	53	12	64	40	27	9	46	59	68	8	58
chr19	54348102	54348248	147	4	0	147	80	67	5	3	9	6	7	6	4	3	4	7	3	6	7	5	1	3	7	9	2	3	6	5	2	8	2	2	0	0	6	6	2	6
chr19	54348259	54348439	181	4	0	181	93	88	9	8	7	5	6	7	15	3	6	4	4	2	7	4	1	4	9	7	1	5	11	5	1	8	4	11	0	9	7	2	2	5
chr19	54348441	54348466	26	4	0	26	22	4	11	0	0	2	0	0	0	0	0	1	1	0	3	1	2	0	0	0	0	1	0	0	0	0	0	0	0	0	0	0	0	2
chr19	54348469	54349106	638	4	0	638	367	271	48	19	30	21	20	24	30	21	25	13	25	20	25	9	8	28	25	21	3	16	30	9	3	25	18	17	5	14	22	21	3	38
chr19	54349138	54349157	20	4	0	20	8	12	0	0	0	0	0	1	2	0	0	1	2	2	0	0	0	0	2	0	0	0	0	0	0	3	0	0	0	0	1	3	0	1
chr19	54349196	54349227	32	4	0	32	15	17	0	0	0	0	0	2	2	2	0	1	2	4	0	0	0	0	2	1	0	0	3	1	0	3	0	0	0	0	1	5	0	1
chr19	54349502	54349679	178	4	0	178	71	107	0	0	0	0	0	3	12	10	0	6	18	22	0	0	0	0	4	1	4	0	11	7	0	24	4	0	4	0	6	34	0	6
chr19	54349684	54349741	58	4	0	58	25	33	0	0	0	0	0	2	4	4	0	2	6	5	0	0	0	0	4	1	0	0	2	3	0	8	2	0	0	0	2	9	0	2
chr19	54349742	54349802	61	4	0	61	26	35	0	0	0	0	0	2	4	4	0	2	6	8	0	0	0	0	4	0	0	0	3	2	0	8	0	0	0	0	2	12	0	2
chr19	54349815	54349832	18	4	0	18	7	11	0	0	0	0	0	2	2	0	0	1	1	0	0	0	0	0	2	2	0	0	0	2	0	2	0	0	0	0	1	0	0	1
chr19	54349840	54349915	76	4	0	76	29	47	0	0	0	0	0	3	4	5	0	3	7	7	0	0	0	0	3	1	2	0	4	3	0	9	3	1	2	0	2	13	0	2
chr19	54349935	54350727	793	4	0	793	518	275	85	23	32	63	32	17	22	30	37	11	16	29	48	17	16	38	31	13	7	17	23	13	7	19	13	17	8	14	34	19	4	36
chr19	54350744	54351364	621	4	0	621	323	298	34	15	19	26	17	24	35	10	20	13	31	16	24	10	16	12	20	14	8	20	23	17	12	23	22	21	9	28	21	23	7	29
chr19	54351366	54351409	44	4	0	44	35	9	9	1	3	2	2	1	0	1	0	1	0	2	4	0	1	7	2	1	0	1	0	0	0	1	0	0	0	0	2	0	0	1
chr19	54351411	54351785	375	4	0	375	226	149	28	12	19	13	14	18	13	13	16	6	15	11	14	11	13	9	19	9	3	15	14	3	0	9	13	4	1	10	12	10	0	26
chr19	54351786	54351870	85	4	0	85	51	34	9	3	3	4	1	3	4	3	6	1	2	1	3	1	2	4	4	3	0	2	2	4	0	5	1	2	0	1	4	2	0	3
chr19	54351871	54352804	934	4	0	934	453	481	52	26	34	19	24	40	61	21	35	19	35	16	19	16	15	20	34	33	9	25	46	61	9	48	38	38	6	28	28	31	2	44
chr19	54352817	54352958	142	4	0	142	70	72	9	4	5	1	5	3	10	4	5	6	8	5	1	2	1	0	5	5	2	3	7	4	2	6	3	5	1	4	7	5	1	11
chr19	54352969	54353116	148	4	0	148	69	79	7	4	2	6	7	6	8	4	2	1	10	3	3	2	2	1	6	4	2	1	5	7	4	7	9	7	1	9	4	5	1	6
chr19	54353118	54353164	47	4	0	47	22	25	2	2	1	1	4	1	2	2	1	0	4	1	0	0	0	0	1	0	0	2	4	1	0	1	3	3	1	2	1	2	1	2
chr19	54353167	54353813	647	4	0	647	348	299	54	14	21	24	15	24	41	11	27	23	40	6	17	10	10	9	31	18	6	16	22	20	8	22	19	14	3	24	19	20	7	50
chr19	54353815	54353876	62	4	0	62	21	41	0	1	0	1	0	1	3	1	2	1	7	0	0	2	2	0	1	1	1	2	2	5	4	5	0	3	2	3	2	6	1	1
chr19	54353895	54354019	125	4	0	125	61	64	10	2	1	4	2	6	5	2	1	2	7	7	4	3	4	1	3	5	3	2	6	5	2	6	1	5	2	5	5	5	3	4
chr19	54354025	54354435	411	4	0	411	220	191	17	8	6	16	10	30	22	22	13	9	13	13	7	15	8	10	37	12	5	8	10	10	4	19	17	11	3	6	20	10	2	16
chr19	54354443	54358397	3955	4	0	3955	1985	1970	121	67	125	137	86	141	227	105	126	127	172	83	117	69	78	203	149	117	51	87	168	204	51	221	116	132	32	134	126	191	30	160
chr19	54358400	54360314	1915	4	0	1915	855	1060	41	35	55	49	43	67	108	59	60	59	110	36	36	20	27	49	55	65	23	37	87	135	48	112	68	74	17	73	67	108	12	78
chr19	54360318	54360340	23	4	0	23	10	13	0	0	1	0	0	0	1	2	1	2	2	0	0	0	0	0	1	1	0	0	1	1	0	3	0	0	0	0	2	3	0	0
chr19	54360352	54360718	367	4	0	367	149	218	8	6	9	3	7	22	25	12	9	11	19	9	2	2	2	2	13	14	5	9	31	29	5	16	12	14	5	15	10	23	1	15
chr19	54360720	54360740	21	4	0	21	8	13	0	1	1	0	0	0	2	0	1	0	1	0	1	0	1	0	0	1	0	0	1	1	0	3	0	1	0	2	0	2	0	0
chr19	54360750	54360772	23	4	0	23	8	15	0	0	0	0	0	3	2	0	0	0	2	0	0	0	0	0	2	1	0	0	0	2	0	2	3	1	0	0	0	1	0	2
chr19	54360777	54360787	11	4	0	11	3	8	0	0	1	0	0	0	0	0	1	0	1	0	0	0	0	0	0	0	0	0	0	3	0	2	0	0	0	0	0	1	0	0
chr19	54360798	54360986	189	4	0	189	77	112	2	1	4	2	3	5	18	2	1	13	11	2	4	1	3	4	5	10	2	3	10	13	0	15	6	6	1	13	7	10	5	5
chr19	54360988	54361003	16	4	0	16	6	10	1	0	1	1	0	0	0	1	2	0	0	0	0	0	0	0	0	0	0	0	0	1	2	1	1	2	0	0	0	1	0	0
chr19	54361005	54361465	461	4	0	461	221	240	12	9	12	12	13	21	26	20	14	15	21	17	6	6	11	5	17	10	8	16	19	21	8	19	19	17	4	14	26	19	2	20
chr19	54361467	54361490	24	4	0	24	8	16	0	0	1	0	0	2	2	0	1	1	1	0	0	0	0	0	1	0	0	1	2	1	1	1	1	1	0	2	0	2	1	0
chr19	54361492	54377375	15884	4	0	15884	8332	7552	967	380	549	616	540	572	796	498	558	413	650	415	447	275	273	383	552	444	187	457	722	595	204	646	526	513	157	511	606	616	160	654
chr19	54377379	54395036	17658	4	0	17658	9321	8337	1171	453	578	639	568	637	837	542	595	377	838	434	507	341	344	459	612	474	191	531	739	626	235	755	574	564	214	578	659	691	160	733
chr19	54395037	54401218	6182	4	0	6182	3225	2957	455	149	177	210	211	248	291	179	169	121	284	164	157	119	131	159	222	180	61	174	283	182	99	268	189	265	88	208	235	205	64	233
chr19	54401220	54404978	3759	4	0	3759	1930	1829	271	100	118	128	137	147	199	92	121	70	176	92	89	60	65	64	126	123	25	103	173	139	53	172	127	159	46	124	149	116	34	159
chr19	54404979	54405745	767	4	0	767	430	337	87	20	24	29	27	25	33	23	24	13	37	19	21	15	15	17	23	22	5	23	32	25	6	36	26	26	6	14	27	26	3	36
chr19	54405746	54406027	282	4	0	282	152	130	27	1	38	0	0	3	2	0	39	1	40	0	0	0	0	0	2	0	0	3	1	13	0	30	0	0	0	0	2	31	0	47
chr19	54406028	54408645	2618	4	0	2618	1434	1184	168	62	123	100	76	84	124	79	123	44	113	62	86	54	61	75	89	67	14	74	105	81	16	136	82	78	13	85	87	112	19	124
chr19	54408646	54411497	2852	4	0	2852	1470	1382	150	66	115	74	86	85	149	88	107	76	224	58	62	36	46	48	112	65	23	63	110	99	21	131	90	86	14	102	96	110	20	238
chr19	54411514	54412839	1326	4	0	1326	694	632	94	29	34	52	53	68	72	36	31	25	64	28	31	33	23	20	76	34	3	41	70	35	10	56	42	63	9	44	41	39	16	52
chr19	54412840	54413596	757	5	0	757	410	347	19	18	22	21	21	49	24	47	23	17	41	35	17	11	23	21	45	23	6	21	31	21	3	26	17	17	3	17	48	20	2	46
chr19	54414083	54422928	8846	5	0	8846	3553	5293	150	122	219	140	182	495	497	274	197	246	432	193	102	103	84	117	377	315	104	170	503	784	249	448	296	455	188	335	271	430	87	279
chr19	54422929	54423160	232	5	0	232	122	110	22	5	5	4	4	17	10	11	6	9	16	4	3	2	2	1	6	8	3	16	13	9	0	9	3	4	1	2	20	10	0	5
chr19	54423161	54425712	2552	5	0	2552	1144	1408	96	54	78	65	72	118	143	51	78	61	115	64	47	28	49	24	66	82	41	71	123	123	72	116	109	121	51	113	86	108	40	85
chr19	54425714	54427250	1537	5	0	1537	684	853	44	40	32	29	39	75	97	37	30	36	94	27	33	27	26	16	53	57	23	45	80	68	26	96	57	80	22	59	58	65	15	49
chr19	54427253	54427322	70	5	0	70	43	27	22	0	0	1	2	5	3	2	0	2	4	1	0	0	0	0	3	1	0	3	4	1	0	1	2	2	1	1	2	2	1	2
chr19	54427324	54427539	216	5	0	216	87	129	8	4	2	6	3	9	8	2	5	3	14	5	4	4	7	3	3	7	5	5	11	11	10	12	2	16	9	9	6	11	6	4
chr19	54427541	54427620	80	5	0	80	41	39	4	4	0	2	7	6	6	1	1	2	5	1	0	0	0	0	6	1	0	5	4	1	0	1	6	2	1	3	4	2	1	2
chr19	54427622	54428079	458	5	0	458	209	249	21	5	19	4	10	22	25	17	9	15	27	10	8	4	7	5	12	13	5	16	21	20	8	24	18	21	8	21	23	19	3	16
chr19	54428080	54428671	592	5	0	592	294	298	44	16	15	14	24	11	39	16	13	11	35	14	9	12	13	6	16	16	2	16	33	16	4	36	20	35	7	24	21	22	3	27
chr19	54428686	54433559	4874	5	0	4874	1986	2888	123	92	124	73	97	162	341	88	139	117	285	99	53	56	75	62	105	156	42	124	284	418	97	326	162	277	72	185	137	274	37	190
chr19	54433560	54433711	152	5	0	152	76	76	18	5	3	2	4	5	7	4	3	1	8	4	1	0	5	4	1	5	1	4	10	12	0	9	4	9	0	5	5	5	1	5
chr19	54433712	54437024	3313	5	0	3313	1334	1979	84	55	78	45	67	134	253	69	79	97	173	63	31	38	46	21	109	106	32	77	173	273	59	227	145	183	52	130	95	170	31	116
chr19	54437025	54442547	5523	5	0	5523	2943	2580	439	164	179	171	209	213	295	142	173	112	238	142	132	101	105	127	225	139	44	182	235	183	66	210	190	198	56	186	209	174	43	239
chr19	54442558	54443861	1304	5	0	1304	659	645	106	29	24	39	43	60	74	26	24	28	69	32	25	24	31	24	41	39	14	47	69	36	18	55	43	62	21	46	50	40	13	50
chr19	54443862	54444499	638	5	0	638	335	303	55	15	22	21	21	18	32	18	14	11	30	19	23	9	12	14	17	16	6	15	31	19	8	30	18	33	9	26	23	21	5	25
chr19	54444504	54444671	168	5	0	168	76	92	6	3	2	5	5	8	9	4	3	4	13	2	2	5	4	1	4	6	2	8	8	5	6	6	8	8	1	7	6	6	3	6
chr19	54444675	54447574	2900	5	0	2900	1570	1330	233	83	107	89	97	106	152	85	96	61	101	74	86	75	55	68	120	82	27	96	139	91	30	107	89	98	33	86	92	96	18	126
chr19	54447579	54447599	21	5	0	21	11	10	2	1	0	0	0	1	1	3	0	1	0	0	1	0	0	1	1	1	0	1	2	0	0	0	2	0	0	0	0	1	0	0
chr19	54447601	54449995	2395	5	0	2395	1001	1394	103	65	66	44	69	89	115	36	65	70	101	46	41	32	36	22	72	62	68	54	99	138	98	106	79	137	116	82	58	104	44	76
chr19	54449997	54450044	48	5	0	48	28	20	0	2	1	5	0	0	2	0	3	0	2	3	5	2	1	2	0	1	0	3	0	1	3	2	1	0	1	0	1	4	0	1
chr19	54450046	54450613	568	5	0	568	282	286	30	20	31	15	16	16	20	10	39	12	35	8	11	8	6	5	9	20	12	15	23	33	12	30	11	10	1	14	19	36	7	32
chr19	54450620	54452636	2017	5	0	2017	961	1056	103	50	71	45	61	80	113	55	69	48	94	41	37	35	37	21	71	61	27	54	103	111	26	103	63	97	20	67	72	74	15	91
chr19	54452637	54454680	2044	5	0	2044	906	1138	46	40	61	35	47	82	129	80	60	37	105	39	30	44	44	26	74	64	13	52	106	109	38	102	83	100	33	122	75	82	22	62
chr19	54454682	54454727	46	5	0	46	17	29	0	2	1	0	2	1	1	0	0	1	4	0	1	2	1	0	0	2	3	1	3	2	2	2	1	3	1	3	1	2	1	1
chr19	54454729	54460585	5857	5	0	5857	2251	3606	101	97	174	39	130	276	388	129	143	171	340	69	37	56	76	23	161	212	85	142	340	411	140	364	231	371	151	275	191	261	74	197
chr19	54460586	54462808	2223	5	0	2223	837	1386	79	31	70	23	47	94	136	39	60	44	129	21	17	18	18	11	66	55	24	42	116	216	73	140	91	158	52	97	42	115	23	74
chr19	54462809	54464021	1213	5	0	1213	358	855	18	8	32	8	14	53	63	15	25	30	54	13	9	9	6	0	22	37	25	16	58	99	90	58	48	116	105	57	17	52	30	24
chr19	54464022	54466685	2664	5	0	2664	1057	1607	115	47	65	54	57	95	124	70	68	65	111	59	42	36	21	27	69	74	48	52	105	212	146	119	89	182	124	83	83	113	40	67
chr19	54466686	54466933	248	5	0	248	165	83	19	7	7	16	11	2	7	14	2	3	5	9	16	15	8	23	11	6	0	10	6	8	0	7	12	2	0	2	5	5	0	8
chr19	54466934	54467286	353	5	0	353	190	163	30	9	7	11	11	12	18	12	7	11	14	10	10	8	9	9	12	16	3	9	18	7	4	18	5	15	4	10	18	9	3	12
chr19	54467287	54467568	282	5	0	282	161	121	32	5	7	17	13	8	15	11	7	3	11	5	8	5	6	7	8	8	0	5	13	6	0	9	17	9	4	16	9	5	2	9
chr19	54467569	54468346	778	5	0	778	456	322	71	27	25	40	34	19	35	23	32	13	16	17	27	19	22	34	31	16	5	26	30	22	6	32	20	29	9	18	30	23	2	23
chr19	54468349	54468717	369	5	0	369	208	161	26	8	7	16	13	25	13	11	7	8	22	11	11	9	9	10	26	12	1	12	13	9	4	12	8	3	3	10	15	14	2	17
chr19	54468719	54468923	205	5	0	205	107	98	15	4	15	4	10	6	8	3	10	2	8	5	4	8	2	2	7	5	2	6	9	6	3	13	5	10	1	6	6	10	0	8
chr19	54468924	54469378	455	5	0	455	241	214	33	7	23	15	12	16	17	12	23	3	26	16	10	7	8	11	10	12	1	10	20	15	6	24	13	17	4	14	14	21	7	26
chr19	54469379	54471919	2541	5	0	2541	1161	1380	135	46	110	56	59	79	138	49	115	74	138	51	37	15	34	24	61	73	24	56	107	150	63	135	75	102	63	92	82	131	28	137
chr19	54471994	54472063	70	5	0	70	20	50	0	0	0	0	0	0	8	0	0	4	7	0	0	0	0	0	0	2	0	2	6	12	0	9	0	5	0	1	2	8	0	2
chr19	54472065	54472093	29	5	0	29	10	19	0	0	0	0	0	0	3	0	0	2	4	0	0	0	0	0	0	1	0	1	2	3	0	4	0	0	0	0	1	4	0	2
chr19	54472095	54472166	72	5	0	72	20	52	0	0	0	0	0	0	8	0	0	4	8	0	0	0	0	0	0	2	0	2	6	13	0	9	0	4	0	2	2	8	0	2
chr19	54472177	54472865	689	5	0	689	216	473	0	0	7	2	3	0	65	7	6	46	73	7	0	0	0	0	0	28	0	18	48	124	0	79	0	27	0	15	27	72	0	33
chr19	54472877	54474071	1195	5	0	1195	471	724	25	14	37	12	19	33	86	18	29	34	102	12	15	6	21	8	17	36	2	32	64	121	13	92	39	61	15	53	36	70	2	69
chr19	54474072	54474096	25	5	0	25	12	13	0	0	0	0	0	0	1	1	0	0	3	3	0	0	0	2	0	0	0	0	1	0	1	2	1	0	0	1	0	4	1	2
chr19	54474098	54474388	291	5	0	291	136	155	13	7	9	5	5	12	22	2	12	6	10	5	4	1	2	19	3	11	1	11	18	28	3	13	11	8	4	11	10	15	0	8
chr19	54474392	54475421	1030	5	0	1030	554	476	79	28	32	37	29	40	51	32	31	16	38	27	38	30	16	28	36	33	11	35	48	26	16	39	32	37	18	33	36	33	13	30
chr19	54475422	54475684	263	5	0	263	125	138	17	3	5	6	3	11	11	5	5	6	16	9	6	6	8	8	7	7	7	5	8	9	9	12	7	13	6	11	8	9	6	12
chr19	54475686	54475711	26	5	0	26	9	17	0	0	0	0	0	2	2	0	0	0	2	2	0	0	0	0	0	0	0	2	2	1	1	1	2	2	1	1	0	2	0	1
chr19	54475713	54477209	1497	5	0	1497	712	785	90	43	48	35	56	57	82	27	44	31	82	39	26	17	18	17	41	57	14	35	81	70	26	79	51	68	23	42	49	62	11	74
chr19	54477211	54478685	1475	5	0	1475	735	740	60	30	47	39	35	60	94	42	55	35	76	45	27	24	41	24	44	36	12	57	64	56	10	70	57	45	16	62	66	63	12	69
chr19	54478686	54479314	629	5	0	629	353	276	53	21	21	25	29	38	21	19	22	16	24	11	15	8	14	15	44	16	13	10	25	18	2	24	18	11	3	18	19	24	2	28
chr19	54479319	54481053	1735	5	0	1735	976	759	147	47	53	91	60	54	80	59	66	24	73	46	64	32	28	50	54	39	21	43	84	34	15	72	54	65	15	54	62	67	15	65
chr19	54481062	54481918	857	5	0	857	442	415	52	23	28	32	34	32	30	24	28	21	45	18	22	15	19	18	30	22	17	22	38	26	12	31	24	28	23	29	28	32	12	40
chr19	54481919	54482214	296	5	0	296	155	141	33	7	6	14	8	11	13	9	8	3	10	6	12	5	4	5	10	6	4	6	11	9	11	6	11	15	9	15	9	8	4	6
chr19	54482225	54482847	623	5	0	623	344	279	55	13	12	32	17	19	22	20	18	11	36	17	22	15	17	17	18	15	9	16	22	14	12	27	15	22	8	19	23	24	9	25
chr19	54482848	54483259	412	5	0	412	276	136	53	15	16	27	18	11	10	27	22	8	8	9	18	9	6	19	22	7	2	12	14	5	2	5	8	3	0	7	20	11	0	16
chr19	54483262	54486246	2985	5	0	2985	1633	1352	226	58	104	127	84	103	134	99	102	63	145	80	104	53	57	92	88	69	28	92	115	97	28	129	93	100	36	87	124	103	30	133
chr19	54486248	54486295	48	5	0	48	19	29	0	3	1	1	2	2	2	0	3	0	4	1	0	0	0	0	0	4	0	1	1	2	2	4	3	1	1	1	2	3	1	1
chr19	54486297	54487630	1334	5	0	1334	825	509	159	40	42	77	45	53	40	53	38	22	32	30	76	32	30	56	56	33	12	45	51	32	10	35	38	36	11	27	46	27	11	37
chr19	54487633	54488107	475	5	0	475	255	220	37	12	12	25	20	20	22	12	20	11	20	9	10	12	6	6	19	17	7	11	25	14	7	19	11	16	2	11	19	18	4	19
chr19	54488122	54490601	2480	5	0	2480	1439	1041	181	53	106	118	76	63	107	84	97	55	115	68	104	58	52	100	76	46	21	86	69	56	15	113	83	60	17	64	102	91	25	117
chr19	54490603	54490669	67	5	0	67	37	30	6	0	11	0	1	0	0	0	10	0	9	0	0	0	0	0	0	0	0	0	0	2	0	6	1	0	0	1	0	6	0	12
chr19	54490671	54490721	51	5	0	51	28	23	4	0	8	0	1	0	0	0	7	0	6	0	0	0	0	0	0	0	0	0	0	2	0	6	1	0	0	1	0	6	0	7
chr19	54490722	54491047	326	5	0	326	181	145	31	0	55	0	2	0	0	0	53	0	39	0	0	0	0	0	0	0	0	0	0	12	1	33	2	0	1	3	0	34	0	58
chr19	54491064	54491100	37	5	0	37	23	14	5	0	5	0	0	0	0	0	5	0	7	0	0	0	0	0	0	0	0	0	0	0	0	1	0	0	0	0	0	1	0	11
chr19	54491102	54491960	859	5	0	859	436	423	51	17	32	23	22	35	41	24	32	21	53	22	18	14	15	15	24	27	10	25	40	36	11	38	24	25	6	27	34	37	7	51
chr19	54491961	54492649	689	5	0	689	330	359	38	16	22	15	28	32	31	19	18	24	32	16	8	11	9	10	24	26	13	19	36	27	12	35	17	33	7	19	33	24	12	21
chr19	54492662	54498865	6204	5	0	6204	3216	2988	315	158	220	214	233	224	330	207	223	160	268	173	136	116	110	128	227	177	68	186	299	200	66	246	216	196	59	223	253	238	61	272
chr19	54498885	54501206	2322	5	0	2322	1243	1079	151	62	77	89	74	71	112	80	85	58	104	66	70	31	46	65	70	64	20	68	93	75	33	98	68	67	26	83	106	93	25	90
chr19	54501211	54502064	854	5	0	854	516	338	24	25	13	59	30	54	32	29	9	15	27	15	58	24	13	89	70	15	9	23	24	22	11	19	27	24	7	19	24	15	3	24
chr19	54502066	54502101	36	5	0	36	15	21	1	1	1	0	1	1	2	1	1	3	1	1	0	0	0	0	1	1	3	0	1	0	0	2	1	1	3	1	2	1	2	1
chr19	54502103	54502542	440	5	0	440	255	185	33	10	13	24	15	20	16	13	19	7	12	14	13	6	16	23	16	7	5	14	13	13	5	11	18	10	8	12	17	12	2	21
chr19	54502556	54507275	4720	5	0	4720	2480	2240	283	130	148	186	161	171	218	163	158	110	215	127	145	73	87	103	180	138	39	127	195	197	58	210	149	146	46	145	189	179	55	187
chr19	54507277	54508186	910	5	0	910	398	512	22	13	30	17	19	46	54	28	28	29	45	24	13	5	13	11	29	26	14	25	45	65	17	49	34	43	5	34	39	42	10	34
chr19	54508188	54508251	64	5	0	64	20	44	0	0	1	0	1	1	5	0	0	6	5	0	0	0	0	0	1	3	2	1	3	7	1	6	1	3	0	4	2	3	5	1
chr19	54508253	54508311	59	5	0	59	20	39	0	1	2	0	2	2	5	0	1	3	4	0	0	0	0	0	3	2	1	0	3	5	3	4	2	4	0	2	1	3	0	4
chr19	54508317	54512098	3782	5	0	3782	1865	1917	125	75	99	144	89	130	202	121	109	100	185	71	119	55	50	190	130	113	42	75	170	223	68	198	126	139	44	123	116	183	26	140
chr19	54512101	54512242	142	5	0	142	43	99	0	1	1	1	1	6	9	1	2	4	13	2	0	1	1	0	2	2	3	5	7	9	7	6	5	12	11	8	3	7	5	5
chr19	54512244	54513673	1430	5	0	1430	671	759	64	29	52	34	41	66	84	34	47	37	70	35	27	18	18	15	63	39	14	34	65	91	17	80	47	54	17	48	50	70	6	62
chr19	54513678	54514555	878	5	0	878	471	407	70	26	25	27	23	45	44	30	33	16	35	22	23	14	14	23	40	18	17	26	37	28	7	31	35	21	11	29	30	35	9	32
chr19	54514576	54516748	2173	5	0	2173	1087	1086	96	46	94	53	64	78	129	57	91	74	118	56	39	28	45	18	70	76	14	66	108	83	14	115	61	63	8	68	89	97	16	137
chr19	54516751	54517353	603	5	0	603	348	255	40	14	19	27	21	38	20	24	15	8	25	16	24	20	15	21	40	11	3	27	19	7	7	19	18	18	8	14	26	16	2	19
chr19	54517354	54521109	3756	5	0	3756	2073	1683	255	98	118	145	140	119	182	129	117	85	164	113	103	83	95	125	153	91	22	119	164	117	24	156	112	110	20	116	141	143	26	169
chr19	54521111	54521157	47	5	0	47	17	30	0	0	1	0	1	3	2	1	0	4	2	1	0	0	0	0	1	2	2	2	4	7	0	3	0	0	0	2	2	5	0	0
chr19	54521159	54521980	822	5	0	822	394	428	29	23	33	15	23	39	49	23	40	17	49	18	8	5	9	14	35	19	11	19	32	36	6	42	29	25	12	36	38	38	5	43
chr19	54521982	54522050	69	5	0	69	29	40	0	0	0	2	1	7	4	3	1	4	3	2	0	0	1	1	4	4	0	3	6	4	1	2	0	2	0	3	5	3	1	0
chr19	54522052	54523863	1812	5	0	1812	957	855	67	47	59	58	58	80	104	74	64	55	76	54	42	26	36	56	90	44	15	59	68	55	6	92	73	44	11	48	86	79	8	76
chr19	54523866	54526305	2440	5	0	2440	1414	1026	160	62	88	133	93	102	95	96	111	43	97	76	79	51	47	79	101	63	27	67	95	60	13	87	65	54	6	61	125	78	12	112
chr19	54526322	54526460	139	5	0	139	55	84	6	1	2	1	2	6	10	1	3	4	12	2	0	2	2	0	3	2	1	7	5	7	5	6	5	8	6	7	6	7	2	6
chr19	54526474	54526578	105	5	0	105	57	48	8	3	6	2	5	4	2	1	5	3	4	3	1	1	8	0	3	3	0	5	5	2	0	4	2	0	2	6	2	6	2	5
chr19	54526580	54526603	24	5	0	24	12	12	0	0	0	1	1	0	2	3	0	2	2	0	0	0	0	0	0	2	0	1	1	0	0	1	1	0	0	1	3	0	0	1
chr19	54526605	54527086	482	5	0	482	242	240	21	8	24	12	16	17	22	17	21	12	26	18	7	6	6	9	17	12	3	11	14	18	8	23	21	11	8	16	20	22	7	27
chr19	54527087	54527150	64	5	0	64	26	38	0	0	1	0	0	3	2	3	1	4	5	4	0	1	1	0	1	4	3	0	2	5	1	4	2	0	2	0	3	3	2	5
chr19	54527166	54529628	2463	5	0	2463	1406	1057	165	75	98	110	104	85	85	98	99	50	92	77	80	54	47	87	107	63	23	71	99	75	18	87	63	61	15	55	102	81	26	109
chr19	54529630	54529659	30	5	0	30	22	8	4	0	0	4	1	0	2	0	0	0	0	0	3	3	2	2	2	0	0	1	1	0	0	0	0	0	0	2	0	0	0	1
chr19	54529661	54533011	3351	5	0	3351	2132	1219	317	122	127	210	138	101	120	138	150	55	81	84	170	85	61	172	169	72	26	95	95	63	18	86	96	46	12	70	137	81	14	138
chr19	54533012	54535144	2133	5	0	2133	1061	1072	84	60	61	67	70	72	118	74	87	56	120	56	32	34	35	33	92	52	22	56	105	105	17	113	67	57	9	57	70	126	16	108
chr19	54535162	54537826	2665	5	0	2665	1286	1379	122	68	85	53	74	109	153	90	90	77	145	62	43	40	40	33	111	87	28	68	120	146	26	135	84	80	29	91	112	114	19	129
chr19	54537833	54537871	39	5	0	39	33	6	19	0	6	0	0	0	0	0	6	0	0	0	0	0	0	0	0	0	0	0	0	0	0	0	0	0	0	0	0	0	0	6
chr19	54537880	54538388	509	5	0	509	262	247	34	4	26	16	9	18	30	17	27	19	22	11	9	5	8	6	17	13	2	14	21	28	1	29	11	13	3	15	24	25	2	28
chr19	54538390	54539285	896	5	0	896	451	445	41	24	24	28	28	43	55	23	23	27	42	24	26	13	14	15	42	26	7	32	42	26	12	42	27	31	11	31	38	39	8	30
chr19	54539286	54539580	295	5	0	295	176	119	32	11	7	15	11	14	7	18	7	3	13	6	14	6	3	7	20	7	3	4	7	9	2	13	9	7	2	6	14	8	1	7
chr19	54539582	54542769	3188	5	0	3188	1654	1534	220	81	107	76	114	121	171	103	93	75	174	75	57	71	62	52	125	87	25	111	163	93	24	143	92	123	24	107	129	120	15	153
chr19	54542770	54542814	45	5	0	45	16	29	0	0	0	0	0	3	4	1	0	2	5	1	0	0	0	0	1	1	0	3	4	1	0	1	2	2	3	2	1	2	1	3
chr19	54542816	54545296	2481	5	0	2481	1297	1184	118	57	85	92	69	95	117	97	95	44	106	77	70	47	56	71	84	72	25	62	113	100	30	111	82	89	18	75	99	94	13	116
chr19	54545297	54545364	68	5	0	68	43	25	4	2	6	4	4	1	0	0	4	0	2	0	4	6	2	4	3	2	0	4	1	5	0	2	0	0	0	0	0	2	0	4
chr19	54545373	54545739	367	5	0	367	170	197	11	4	12	10	8	16	19	7	9	8	22	9	9	12	7	6	10	14	3	13	21	22	4	16	11	15	7	13	8	12	8	19
chr19	54545741	54545892	152	5	0	152	89	63	30	1	10	5	5	4	2	0	5	1	4	1	5	9	0	6	3	6	2	4	7	14	1	6	1	4	2	1	0	5	1	5
chr19	54545894	54545941	48	5	0	48	27	21	2	2	3	1	3	0	0	2	2	0	2	1	1	4	1	2	2	1	1	2	1	2	0	2	0	2	2	0	2	0	0	3
chr19	54545943	54546027	85	5	0	85	43	42	5	2	3	2	3	6	6	1	2	2	4	2	2	0	0	2	2	5	0	2	4	4	0	4	4	2	0	4	6	1	0	3
chr19	54546029	54546060	32	5	0	32	16	16	2	1	2	0	2	3	2	0	1	2	1	0	0	0	0	0	3	2	0	0	2	0	0	1	0	1	0	1	1	0	0	3
chr19	54546062	54547217	1156	5	0	1156	598	558	58	31	32	32	40	48	66	45	33	30	65	31	22	18	24	22	45	36	13	33	49	31	6	55	53	30	6	41	53	44	5	57
chr19	54547219	54548583	1365	5	0	1365	770	595	104	50	36	55	48	58	61	51	45	21	59	31	49	35	21	45	60	41	9	53	58	43	10	52	37	37	8	30	63	42	9	42
chr19	54548584	54550719	2136	5	0	2136	1024	1112	136	51	52	50	48	97	136	61	67	58	92	50	40	25	34	25	72	69	36	54	101	90	44	91	90	85	29	84	79	82	21	85
chr19	54550728	54552659	1932	5	0	1932	1019	913	105	57	42	59	65	129	78	72	53	37	89	39	40	47	36	69	154	47	21	49	65	74	29	68	58	51	25	54	67	64	13	74
chr19	54552662	54552694	33	5	0	33	17	16	0	0	0	1	1	8	1	1	0	1	1	1	0	0	0	0	8	0	1	0	0	0	0	0	3	0	1	0	1	0	0	2
chr19	54552695	54552790	96	5	0	96	52	44	1	1	0	3	4	21	0	7	0	0	6	3	0	3	0	3	19	1	1	3	1	0	0	0	5	0	3	0	6	0	0	3
chr19	54552791	54552833	43	5	0	43	24	19	0	1	0	1	2	11	0	3	0	0	2	1	0	1	0	1	12	0	0	1	0	0	0	0	2	0	0	0	2	0	0	1
chr19	54552836	54553003	168	5	0	168	73	95	3	6	1	1	3	15	9	9	4	4	8	3	1	2	2	1	14	6	5	2	6	5	4	5	11	6	5	6	6	4	2	7
chr19	54553005	54553053	49	5	0	49	15	34	0	0	1	0	1	2	7	0	0	1	3	0	0	0	0	0	2	0	0	1	4	3	0	4	4	8	0	3	0	0	0	3
chr19	54553055	54553416	362	5	0	362	158	204	10	2	6	9	7	13	27	9	4	24	18	8	6	4	6	4	11	11	11	10	14	16	9	21	14	12	8	12	17	21	2	14
chr19	54553420	54560581	7162	5	0	7162	4217	2945	569	232	247	383	281	214	288	234	262	129	241	187	321	150	171	306	284	182	58	201	264	174	68	245	202	184	58	206	267	211	46	295
chr19	54560593	54567733	7141	5	0	7141	4356	2785	685	192	245	413	255	211	266	242	258	128	253	187	338	171	175	336	265	159	58	220	238	136	61	207	210	160	64	180	261	187	47	331
chr19	54567734	54589216	21483	5	0	21483	11488	9995	1126	578	745	802	717	752	1093	790	843	534	906	596	565	380	445	614	880	646	129	589	948	912	165	946	631	546	96	627	893	867	92	1028
chr19	54589219	54593034	3816	5	0	3816	2085	1731	220	111	132	148	127	131	186	145	155	94	177	95	109	70	85	100	166	103	22	115	162	127	26	162	115	86	15	109	146	161	21	193
chr19	54593035	54607055	14021	6	0	14021	7479	6542	721	312	415	563	365	518	695	538	525	336	663	375	400	280	272	500	570	397	114	365	560	680	122	645	373	362	58	395	613	567	80	640
chr19	54607064	54607603	540	6	0	540	256	284	15	12	25	10	13	19	33	20	28	15	32	11	5	8	4	5	20	14	6	14	23	26	6	34	17	18	3	16	24	31	1	30
chr19	54607604	54609547	1944	6	0	1944	840	1104	48	41	49	38	47	96	129	42	53	56	105	30	28	23	25	28	72	73	20	51	100	132	37	113	74	88	22	78	70	89	19	66
chr19	54609553	54609583	31	6	0	31	9	22	0	1	0	0	1	3	0	0	0	0	2	0	0	1	1	0	1	3	0	1	3	2	2	2	0	2	2	0	0	2	0	0
chr19	54609585	54610338	754	6	0	754	388	366	27	16	23	28	31	52	27	39	22	13	20	17	15	26	13	18	45	25	6	30	38	35	12	12	35	18	14	23	31	19	4	18
chr19	54610341	54610372	32	6	0	32	28	4	11	1	0	4	1	0	0	1	1	0	0	0	3	1	1	3	1	0	0	1	0	0	0	0	0	0	0	0	1	0	0	0
chr19	54610374	54611976	1603	6	0	1603	969	634	137	58	62	79	76	53	65	62	55	29	32	45	68	35	48	64	89	36	7	43	64	28	5	53	54	42	3	48	49	44	5	63
chr19	54611978	54611997	20	6	0	20	9	11	0	0	0	0	0	1	1	1	0	1	1	0	0	1	2	1	0	2	0	1	1	1	0	1	1	0	0	1	1	0	0	0
chr19	54611999	54613548	1550	6	0	1550	913	637	103	48	48	65	50	51	57	77	61	29	54	42	51	45	44	86	72	35	11	56	56	48	7	50	45	30	12	29	62	48	8	68
chr19	54613561	54617554	3994	6	0	3994	2472	1522	371	146	156	215	181	122	137	143	171	73	137	118	164	76	108	152	190	89	19	119	131	87	13	115	96	61	6	97	166	109	16	208
chr19	54617555	54618109	555	6	0	555	309	246	41	17	17	18	15	42	28	18	17	9	20	12	21	13	12	8	41	14	2	23	24	17	0	20	15	14	1	16	23	16	1	18
chr19	54618117	54618169	53	6	0	53	44	9	25	2	4	0	2	0	0	0	4	0	2	1	0	0	1	1	0	0	0	2	0	0	0	0	0	0	0	0	2	0	0	5
chr19	54618171	54618198	28	6	0	28	20	8	4	1	1	1	1	0	0	1	1	0	1	2	1	2	1	2	1	1	0	1	0	0	0	1	0	0	0	0	1	0	0	2
chr19	54618200	54619954	1755	6	0	1755	1245	510	222	69	93	134	57	41	47	47	56	20	26	47	183	42	43	118	76	32	4	60	37	15	4	39	28	22	3	39	51	26	2	70
chr19	54619955	54621261	1307	6	0	1307	791	516	131	51	45	68	59	43	49	39	36	17	42	31	69	23	36	50	42	39	7	46	59	26	6	39	48	32	7	39	41	33	4	48
chr19	54621262	54621535	274	6	0	274	184	90	28	16	11	13	14	6	8	16	10	5	8	9	16	7	5	12	16	6	0	12	12	0	0	1	2	3	0	5	13	4	0	14
chr19	54621538	54625015	3478	6	0	3478	1915	1563	251	100	128	139	134	128	178	113	148	78	103	91	86	60	79	97	161	85	25	95	139	129	27	142	111	104	16	109	142	119	16	143
chr19	54625019	54625156	138	6	0	138	51	87	4	1	4	1	4	9	12	1	2	5	8	0	0	0	0	0	5	3	2	5	7	13	1	11	9	11	0	4	5	4	1	4
chr19	54625158	54625185	28	6	0	28	10	18	1	0	1	0	0	2	3	0	1	0	2	0	0	0	0	0	0	0	0	1	2	2	0	2	1	4	0	1	2	0	0	1
chr19	54625187	54626611	1425	6	0	1425	720	705	60	32	55	53	29	77	53	40	66	21	89	26	44	19	30	25	50	37	13	48	49	102	14	75	30	40	6	38	70	61	5	66
chr19	54626613	54632000	5388	6	0	5388	2625	2763	220	130	189	127	149	218	320	160	194	161	264	129	104	69	94	95	207	173	53	145	256	301	57	269	173	155	28	198	211	254	28	255
chr19	54632002	54632039	38	6	0	38	18	20	1	0	1	1	1	4	2	2	1	1	2	1	0	0	0	0	2	1	0	2	3	0	0	2	1	2	0	1	4	1	0	0
chr19	54632041	54645838	13798	6	0	13798	6972	6826	691	313	387	499	403	493	739	492	478	326	673	383	318	220	226	330	552	354	116	329	625	725	154	685	426	468	110	420	524	642	104	591
chr19	54645841	54650617	4777	6	0	4777	2697	2080	284	133	157	216	162	199	198	198	184	98	192	131	160	86	100	198	217	120	34	145	209	137	41	158	146	107	26	135	185	181	29	209
chr19	54650618	54651049	432	6	0	432	218	214	40	8	7	14	14	17	22	11	7	6	20	8	9	15	11	7	15	18	3	11	24	18	7	23	10	21	8	15	15	15	0	11
chr19	54651050	54656999	5950	5	0	5950	3363	2587	328	163	189	267	213	197	278	232	195	140	210	184	212	142	169	243	240	168	38	196	263	180	36	216	174	136	29	181	242	211	23	253
chr19	54657000	54662316	5317	5	0	5317	2857	2460	364	151	159	177	183	206	251	195	166	107	225	172	139	99	108	154	203	165	38	157	243	162	57	222	170	169	57	146	219	188	46	217
chr19	54662318	54662354	37	5	0	37	16	21	0	0	1	0	0	3	2	2	1	1	6	0	0	0	0	0	0	2	0	2	0	1	0	4	2	0	0	0	3	2	0	3
chr19	54662356	54662657	302	5	0	302	148	154	15	8	13	9	11	7	16	10	10	7	14	5	8	4	4	6	9	10	3	4	14	12	6	19	11	11	2	16	10	17	1	8
chr19	54662658	54663443	786	5	0	786	339	447	39	14	16	16	19	31	50	17	19	23	46	20	9	8	8	3	25	28	10	13	37	47	22	43	25	43	17	29	30	31	11	35
chr19	54663444	54664138	695	5	0	695	279	416	26	7	12	4	6	18	67	15	13	27	44	22	3	6	3	4	19	24	2	13	43	76	6	47	13	31	2	34	31	41	2	32
chr19	54664146	54667468	3323	5	0	3323	1368	1955	67	54	88	51	67	137	237	76	97	103	231	54	29	25	39	13	94	114	39	71	166	261	48	241	133	141	19	141	124	200	20	141
chr19	54667470	54667516	47	5	0	47	14	33	0	1	1	0	0	2	3	0	1	1	3	0	1	0	1	0	1	2	1	0	4	4	2	5	0	5	1	1	0	3	0	2
chr19	54667518	54673162	5645	5	0	5645	3118	2527	367	160	201	222	189	174	291	207	229	141	218	141	164	101	125	186	252	153	24	147	233	233	24	263	155	133	13	167	221	234	17	258
chr19	54673165	54675160	1996	5	0	1996	1168	828	196	67	102	75	80	49	80	55	73	36	76	37	90	34	73	43	60	43	10	74	76	39	8	82	61	60	3	90	67	63	7	85
chr19	54675161	54675433	273	5	0	273	197	76	45	8	18	19	9	7	3	7	10	1	3	8	25	7	8	18	9	3	1	10	6	5	1	4	4	4	0	6	7	4	0	11
chr19	54675434	54675767	334	5	0	334	156	178	31	6	4	7	8	18	20	5	3	6	22	7	7	6	4	1	11	11	3	11	20	12	8	13	10	19	7	14	10	11	6	11
chr19	54675769	54676519	751	5	0	751	514	237	94	31	34	52	33	22	18	21	20	12	9	11	63	31	25	36	38	17	7	34	20	4	1	20	21	9	1	13	15	15	3	19
chr19	54676520	54678682	2163	5	0	2163	1208	955	170	75	84	88	86	91	86	68	82	28	81	45	81	36	42	63	85	68	17	60	104	58	22	85	70	75	12	63	72	68	11	85
chr19	54678683	54680273	1591	5	0	1591	954	637	136	39	61	70	47	58	43	59	60	19	66	45	63	42	51	94	58	43	13	43	60	48	8	55	41	25	6	46	48	55	9	78
chr19	54680509	54682145	1637	5	0	1637	1001	636	139	31	71	73	60	50	69	57	56	24	39	72	58	42	36	122	57	25	10	55	63	42	10	35	54	32	10	52	63	51	4	73
chr19	54682146	54682156	11	5	0	11	7	4	0	0	0	1	0	1	0	1	0	0	1	0	0	1	0	0	1	1	0	0	0	0	0	1	0	0	0	0	1	0	0	0
chr19	54682158	54682564	407	5	0	407	235	172	16	9	20	18	8	15	16	20	17	13	17	18	22	14	4	8	20	14	7	10	14	7	3	17	3	4	0	7	22	17	2	23
chr19	54682580	54682977	398	5	0	398	220	178	27	13	18	14	13	6	19	13	16	7	19	9	16	9	9	12	12	11	0	12	16	21	4	13	10	9	2	15	13	14	0	24
chr19	54682978	54683143	166	5	0	166	111	55	3	3	25	3	1	0	0	1	12	1	0	7	19	1	25	9	0	1	0	4	2	0	0	1	0	1	0	25	0	1	0	19
chr19	54683144	54683870	727	5	0	727	455	272	39	22	31	38	19	17	25	36	31	11	20	24	40	16	38	46	25	15	2	24	18	17	0	22	22	11	1	28	32	14	1	40
chr19	54683872	54683893	22	5	0	22	11	11	0	0	1	0	2	0	1	0	0	1	2	1	0	0	1	1	1	0	0	0	1	1	0	1	1	0	0	1	0	1	0	3
chr19	54683895	54684114	220	5	0	220	111	109	19	5	7	3	7	7	16	4	5	5	12	4	3	8	4	1	6	6	3	10	10	5	2	9	10	9	1	12	8	6	2	9
chr19	54684115	54685777	1663	5	0	1663	930	733	90	47	54	73	56	54	70	75	70	39	60	49	49	27	59	57	71	40	8	48	79	46	7	72	42	44	9	49	63	74	6	74
chr19	54685778	54686307	530	5	0	530	286	244	40	11	17	23	24	18	25	16	19	12	24	16	9	10	12	9	15	12	4	20	22	15	4	23	16	24	3	15	30	13	7	20
chr19	54686308	54688060	1753	5	0	1753	1055	698	149	47	71	80	66	48	61	61	74	36	63	69	59	33	64	72	68	30	10	57	63	35	14	49	46	33	9	42	59	63	9	111
chr19	54688061	54691027	2967	5	0	2967	1792	1175	232	94	94	160	102	101	114	110	118	55	93	67	128	78	68	176	140	80	22	87	109	79	22	97	69	68	12	57	109	80	16	128
chr19	54691031	54691173	143	5	0	143	91	52	7	3	4	11	4	3	5	6	1	3	4	4	12	1	5	16	3	2	0	5	4	7	0	5	8	4	0	2	3	3	0	6
chr19	54691179	54691770	592	5	0	592	366	226	38	14	22	32	24	14	19	44	25	9	12	21	19	24	12	37	29	12	3	17	27	16	2	9	20	13	0	9	24	13	1	29
chr19	54691772	54691826	55	5	0	55	23	32	0	1	2	0	2	7	4	1	1	1	1	1	0	2	0	0	6	2	2	1	2	0	1	2	4	2	1	3	2	1	0	1
chr19	54691828	54692398	571	5	0	571	305	266	32	14	28	18	17	27	23	15	25	10	12	11	18	13	18	22	23	22	3	16	27	29	2	34	20	18	2	12	13	23	3	19
chr19	54692400	54692512	113	5	0	113	65	48	8	3	6	4	3	4	4	5	5	3	4	3	5	2	2	3	5	1	3	3	4	0	1	5	2	4	1	3	5	4	1	5
chr19	54692514	54692531	18	5	0	18	11	7	2	2	0	0	0	1	1	0	0	0	1	0	2	0	0	0	2	0	0	2	1	1	0	0	0	0	0	0	0	1	0	0
chr19	54692533	54692674	142	5	0	142	75	67	3	3	5	5	0	3	10	2	7	1	9	5	6	6	6	4	4	4	1	4	6	6	0	7	4	1	0	7	1	8	1	11
chr19	54692675	54692749	75	5	0	75	47	28	2	4	1	2	1	2	4	1	2	1	1	2	4	5	8	7	4	2	0	6	2	0	0	2	1	0	0	3	1	3	0	2
chr19	54692750	54692811	62	5	0	62	41	21	2	4	1	3	1	1	3	1	2	1	1	1	5	4	5	5	3	2	0	5	2	0	0	1	0	0	0	2	1	2	0	2
chr19	54692824	54692963	140	5	0	140	86	54	4	8	2	4	2	3	7	3	4	2	2	3	8	10	14	10	7	4	0	11	4	2	0	5	2	1	0	5	2	5	0	4
chr19	54692964	54694889	1926	5	0	1926	1155	771	96	75	49	84	60	74	76	80	63	37	48	55	85	66	77	129	105	49	17	81	74	59	6	54	47	22	8	45	64	63	7	69
chr19	54694891	54695659	769	5	0	769	376	393	29	20	22	25	17	35	43	24	27	24	34	23	24	6	12	10	29	26	11	18	42	49	3	48	14	22	2	20	34	45	4	25
chr19	54695665	54696058	394	5	0	394	186	208	17	8	20	4	6	10	27	14	23	13	24	7	3	2	2	5	14	9	3	7	15	19	3	29	16	9	3	14	12	29	1	24
chr19	54696070	54696569	500	5	0	500	208	292	17	6	17	6	13	14	36	13	12	16	35	12	4	1	2	3	15	15	3	4	23	37	10	34	19	30	5	22	20	22	2	30
chr19	54696575	54697879	1305	5	0	1305	522	783	12	19	24	14	13	60	107	41	36	39	76	34	8	13	10	15	52	46	5	28	93	132	11	84	22	64	4	56	53	78	4	50
chr19	54697885	54697977	93	5	0	93	31	62	0	2	0	0	1	5	7	1	1	5	6	3	0	0	0	0	3	6	0	3	4	10	3	7	2	3	2	2	5	6	3	1
chr19	54697985	54698047	63	5	0	63	18	45	0	0	1	1	2	4	2	3	0	1	2	2	0	0	0	0	1	4	0	0	5	11	4	4	3	5	0	1	2	3	0	0
chr19	54698049	54698075	27	5	0	27	12	15	0	0	0	0	0	0	3	0	0	3	3	1	0	0	0	0	3	0	0	0	0	3	0	2	0	0	0	0	0	2	0	5
chr19	54698076	54699726	1651	5	0	1651	717	934	50	19	50	30	31	67	114	28	53	58	123	25	15	20	18	15	50	59	19	36	70	120	23	109	50	57	15	66	71	87	7	94
chr19	54699728	54699766	39	5	0	39	17	22	0	0	0	0	0	13	0	0	0	1	0	0	0	1	0	1	10	2	3	0	1	0	0	0	1	0	3	0	1	0	0	0
chr19	54699768	54700459	692	5	0	692	386	306	33	22	13	25	17	29	34	21	26	13	34	20	17	12	25	44	35	15	8	19	20	21	6	34	18	14	1	21	28	30	3	32
chr19	54700462	54702133	1672	5	0	1672	908	764	94	33	53	65	44	73	85	85	71	45	63	62	37	29	24	44	72	49	18	41	80	48	10	65	53	35	12	40	82	71	8	79
chr19	54702135	54702708	574	5	0	574	300	274	47	10	9	29	19	24	20	20	11	11	21	12	19	12	20	15	16	22	5	14	26	28	11	26	19	23	9	19	22	19	3	11
chr19	54702710	54704650	1941	5	0	1941	988	953	92	50	86	38	60	80	113	60	77	48	96	47	36	26	45	33	81	62	9	52	85	80	7	98	70	54	4	82	77	75	8	108
chr19	54704652	54705146	495	5	0	495	222	273	5	8	18	11	11	25	25	15	22	17	23	11	5	5	15	5	20	16	0	19	27	42	4	33	11	16	2	9	18	33	2	20
chr19	54705148	54705172	25	5	0	25	8	17	0	0	0	0	0	1	2	0	0	2	3	0	0	0	0	0	1	0	1	0	2	1	0	2	0	2	0	1	0	2	1	2
chr19	54705174	54706825	1652	5	0	1652	808	844	78	37	47	41	38	72	97	51	56	37	94	49	31	27	27	25	59	54	10	51	89	76	11	95	38	62	13	49	72	80	14	70
chr19	54706826	54707204	379	5	0	379	194	185	32	14	7	9	16	20	25	6	9	6	22	7	6	5	7	2	16	16	1	12	22	10	1	17	16	12	1	17	13	12	3	15
chr19	54707205	54709884	2680	5	0	2680	1184	1496	86	53	69	40	48	111	195	74	81	85	158	56	34	28	38	26	92	98	18	69	154	189	24	164	75	109	17	107	108	135	17	120
chr19	54709886	54710022	137	5	0	137	47	90	2	1	1	0	0	4	10	3	1	8	12	3	1	0	1	0	6	4	1	1	6	20	5	8	2	6	2	3	3	9	0	12
chr19	54710025	54710036	12	5	0	12	4	8	0	0	0	0	0	0	1	0	0	1	1	0	0	0	0	0	0	1	0	0	1	2	0	1	0	0	0	0	1	1	0	0
chr19	54710038	54711735	1698	5	0	1698	1023	675	77	26	47	104	34	59	68	54	47	30	70	36	96	36	27	211	61	41	16	33	51	76	11	67	43	37	8	48	60	51	7	64
chr19	54712016	54713452	1437	5	0	1437	958	479	30	17	41	72	19	59	44	61	27	26	38	32	84	48	28	331	81	31	4	34	36	34	8	41	40	19	5	22	26	36	7	54
chr19	54713466	54714591	1126	5	0	1126	610	516	75	31	34	45	34	46	55	41	45	21	49	30	31	22	17	34	39	33	11	36	53	35	11	43	32	37	8	31	52	36	12	45
chr19	54714593	54714643	51	5	0	51	28	23	6	0	0	3	1	1	4	2	0	2	1	0	2	2	3	1	3	1	0	1	3	0	0	2	1	4	2	1	0	0	0	3
chr19	54714644	54715617	974	5	0	974	628	346	95	19	45	62	37	27	22	47	37	15	24	25	53	39	27	52	41	23	4	32	28	15	3	31	25	18	4	21	39	21	7	34
chr19	54715622	54715768	147	5	0	147	59	88	0	3	1	1	2	6	11	5	3	4	15	2	0	2	3	0	3	4	2	6	7	5	4	7	9	9	1	7	5	5	3	10
chr19	54715770	54723011	7242	5	0	7242	4692	2550	721	260	292	466	332	177	215	313	343	117	168	205	342	166	214	360	328	157	18	217	227	120	15	202	176	108	10	138	306	179	17	331
chr19	54723023	54723175	153	5	0	153	100	53	14	4	8	10	6	3	4	6	7	2	4	1	8	8	3	11	7	1	4	4	2	0	0	4	7	2	1	6	3	3	3	5
chr19	54723180	54723479	300	5	0	300	193	107	33	12	10	22	16	9	8	15	15	7	3	9	13	2	4	13	17	7	1	5	11	5	3	9	6	5	0	3	14	11	2	8
chr19	54723481	54723547	67	5	0	67	50	17	6	3	2	6	3	0	1	4	1	1	0	3	7	2	2	7	3	0	0	3	3	0	0	0	2	0	0	0	1	3	0	2
chr19	54723549	54723664	116	5	0	116	90	26	22	3	3	10	5	5	0	5	6	1	2	0	5	2	4	17	8	1	0	2	1	0	0	1	1	0	0	1	5	0	0	4
chr19	54723665	54723705	41	5	0	41	27	14	1	1	0	0	0	10	0	2	0	0	0	0	2	2	0	8	11	1	0	0	1	0	0	0	0	0	0	0	0	0	0	0
chr19	54723707	54724563	857	5	0	857	437	420	42	24	25	25	33	38	44	40	28	21	39	20	13	15	17	13	37	23	12	26	39	20	7	35	37	30	11	33	42	28	7	31
chr19	54724565	54724595	31	5	0	31	12	19	0	0	0	0	0	2	2	0	0	0	3	3	0	0	0	0	0	1	0	1	5	3	0	1	0	2	0	0	0	3	0	3
chr19	54724597	54725123	527	5	0	527	238	289	0	4	3	4	5	18	29	19	6	4	41	26	0	12	15	51	7	7	5	19	59	22	4	34	4	48	0	2	2	42	0	33
chr19	54725163	54726549	1387	5	0	1387	644	743	28	28	50	27	26	62	81	62	57	45	58	35	22	19	25	18	65	48	9	33	74	92	15	76	37	47	9	43	55	70	7	62
chr19	54726551	54726596	46	5	0	46	22	24	0	2	2	0	2	0	3	2	2	1	3	2	0	0	1	1	1	1	0	1	1	3	0	4	1	1	0	2	3	3	0	2
chr19	54726598	54728317	1720	5	0	1720	821	899	44	49	64	23	44	62	103	63	70	60	102	43	22	22	29	21	81	64	11	36	86	83	8	111	42	51	8	41	63	91	11	110
chr19	54728319	54728450	132	5	0	132	57	75	2	5	2	1	2	9	10	5	3	3	4	2	3	2	1	2	9	7	2	1	10	8	1	8	5	7	0	4	2	5	1	4
chr19	54728452	54729452	1001	5	0	1001	601	400	48	11	37	27	20	27	37	49	38	30	70	65	18	13	42	67	45	13	2	21	20	21	1	32	15	8	1	18	54	32	2	115
chr19	54729454	54729484	31	5	0	31	15	16	1	2	2	0	0	1	1	0	4	0	3	0	0	0	0	0	0	3	0	0	1	1	0	4	0	0	0	0	1	2	0	3
chr19	54729486	54729613	128	5	0	128	56	72	3	3	4	2	3	2	8	4	5	4	8	2	1	1	2	4	4	5	1	0	6	7	5	8	3	6	0	6	4	8	0	7
chr19	54729615	54729640	26	5	0	26	10	16	0	1	1	0	0	2	1	0	1	0	2	0	1	0	1	0	0	1	0	2	0	0	2	2	1	3	0	1	2	0	0	0
chr19	54729642	54731030	1389	5	0	1389	721	668	73	33	37	48	38	58	73	64	41	30	60	40	39	34	25	28	62	49	8	34	73	55	11	67	46	50	7	33	52	52	6	61
chr19	54731032	54731066	35	5	0	35	15	20	1	2	1	0	2	3	3	0	1	0	2	0	0	0	0	0	1	0	0	3	3	1	0	1	3	2	0	1	1	1	0	1
chr19	54731068	54732258	1191	5	0	1191	639	552	67	26	47	53	39	46	59	44	49	17	53	33	38	26	16	26	41	30	15	29	58	42	4	51	47	34	4	44	42	49	9	51
chr19	54732259	54732430	172	5	0	172	89	83	14	3	0	7	6	7	12	3	3	1	14	2	2	6	5	2	6	5	0	6	7	2	2	7	10	6	2	10	5	5	2	8
chr19	54732432	54734162	1731	5	0	1731	977	754	112	47	61	79	58	60	75	59	70	30	66	58	61	40	45	54	68	47	13	49	66	57	12	74	40	43	13	48	78	62	8	76
chr19	54734163	54736604	2442	5	0	2442	1226	1216	81	75	90	53	77	95	147	73	98	66	133	60	44	40	50	42	113	64	28	71	104	91	13	125	80	63	15	92	95	115	14	133
chr19	54736606	54736639	34	5	0	34	20	14	2	2	2	0	1	0	1	4	3	1	1	0	1	1	0	0	2	1	0	1	1	1	0	1	1	1	0	0	2	0	0	2
chr19	54736641	54736726	86	5	0	86	44	42	2	4	4	2	2	3	2	4	4	2	3	2	4	1	1	2	3	4	2	1	5	4	3	2	1	2	1	2	3	4	0	5
chr19	54736728	54736753	26	5	0	26	11	15	0	0	2	0	0	0	3	0	2	1	2	0	0	0	0	0	0	0	0	1	2	1	0	1	1	0	0	3	1	2	0	2
chr19	54736755	54737208	454	5	0	454	276	178	31	11	11	25	20	15	16	25	18	10	18	22	9	10	12	22	23	5	4	14	14	6	1	12	14	6	1	9	25	17	4	22
chr19	54737211	54738862	1652	5	0	1652	901	751	105	43	45	55	51	58	80	64	44	34	80	55	49	33	38	66	61	41	17	49	80	51	8	64	49	53	18	46	63	58	9	83
chr19	54738882	54742709	3828	5	0	3828	1818	2010	90	84	135	69	94	166	235	134	133	116	198	104	61	47	67	85	161	136	10	106	235	203	15	239	101	146	13	92	132	208	14	197
chr19	54742710	54744955	2246	5	0	2246	1222	1024	91	43	60	57	43	80	99	94	72	51	144	89	45	37	63	153	88	62	21	40	85	70	19	101	54	59	12	56	89	84	14	169
chr19	54744957	54793047	48091	5	0	48091	25437	22654	2284	1225	1599	1587	1470	1823	2341	1784	1825	1154	2492	1446	1117	795	1089	1405	1911	1336	381	1369	2189	1632	334	2271	1352	1366	254	1342	1966	2092	319	2539
chr19	54793048	54795569	2522	4	0	2522	1539	983	201	80	85	138	93	79	103	98	104	46	67	70	106	77	77	114	111	65	24	82	97	41	13	63	75	41	16	68	90	67	9	120
chr19	54795570	54798386	2817	4	0	2817	1663	1154	205	80	115	137	110	77	117	122	139	62	101	86	84	67	58	101	133	64	9	80	123	66	14	95	51	59	6	66	119	109	9	151
chr19	54798387	54852399	54013	4	0	54013	28613	25400	2683	1363	1784	1806	1687	2068	2606	2108	1986	1221	2683	1693	1280	910	1119	1615	2203	1454	384	1522	2587	1937	374	2457	1554	1569	305	1470	2125	2394	321	2743
chr19	54852401	54852422	22	4	0	22	12	10	1	0	0	3	1	0	1	1	2	0	0	1	0	1	0	1	1	0	0	0	1	3	0	1	0	0	0	0	1	1	0	0
chr19	54852424	54860874	8451	4	0	8451	4503	3948	414	207	299	273	274	305	418	330	313	207	435	284	192	128	183	241	349	233	50	215	369	283	54	405	257	240	33	219	351	355	37	496
chr19	54860879	54869056	8178	4	0	8178	4657	3521	522	234	280	356	299	262	369	359	328	166	306	256	242	177	200	299	367	191	52	229	333	240	27	325	248	180	37	235	341	314	36	366
chr19	54869057	54881901	12845	4	0	12845	7176	5669	942	342	431	563	476	414	580	421	465	266	518	359	396	248	318	435	453	313	102	402	539	357	134	463	377	396	113	412	522	427	89	570
chr19	54881934	54882420	487	4	0	487	220	267	14	12	14	15	12	21	31	16	25	8	28	9	4	2	4	4	14	10	5	14	31	37	6	15	17	24	2	21	18	18	7	27
chr19	54882434	54884805	2372	4	0	2372	1127	1245	147	57	70	52	78	115	150	44	65	46	105	52	38	46	36	24	81	80	26	77	123	108	42	106	98	118	27	91	85	73	23	87
chr19	54884806	54886262	1457	4	0	1457	738	719	87	34	41	50	41	73	77	36	53	30	53	47	32	32	27	23	58	46	19	46	82	51	18	60	32	61	23	40	56	53	22	52
chr19	54886263	54886322	60	4	0	60	48	12	23	0	2	4	1	2	1	4	2	1	0	2	1	1	0	2	3	1	0	0	0	0	0	1	2	0	0	0	3	0	0	2
chr19	54886325	54886453	129	4	0	129	48	81	0	3	1	2	4	6	9	2	2	2	11	2	0	2	2	0	4	2	1	6	7	6	5	6	7	8	3	8	3	8	2	3
chr19	54886455	54887030	576	4	0	576	279	297	30	15	15	15	20	27	32	23	13	16	17	14	12	12	12	6	23	19	8	20	37	18	12	20	17	31	8	22	24	18	4	14
chr19	54887079	54887179	101	4	0	101	51	50	8	1	3	3	3	2	6	5	0	2	2	5	4	3	2	1	3	3	0	2	8	6	1	2	4	7	0	4	2	1	1	5
chr19	54887181	54887196	16	4	0	16	7	9	0	0	0	0	0	1	2	0	0	1	1	0	0	1	1	0	1	1	0	1	1	0	0	1	0	0	0	0	1	0	0	1
chr19	54887198	54887568	371	4	0	371	176	195	21	5	7	11	7	17	25	5	6	7	27	10	10	7	6	4	6	16	3	11	17	12	4	26	11	19	4	15	20	12	5	13
chr19	54887570	54887642	73	4	0	73	36	37	4	1	0	2	2	5	6	1	0	2	6	3	1	0	1	2	2	0	1	5	3	1	0	2	5	4	0	2	4	1	1	4
chr19	54887644	54889371	1728	4	0	1728	825	903	74	43	51	49	55	86	99	28	59	34	105	36	29	25	25	27	51	63	21	53	95	56	23	92	56	79	22	57	65	68	22	78
chr19	54889373	54894081	4709	4	0	4709	2538	2171	353	122	175	174	183	173	240	119	148	93	203	122	139	90	72	131	159	128	43	148	218	133	50	192	144	183	43	164	194	149	36	186
chr19	54894084	54895020	937	4	0	937	491	446	71	26	31	36	24	37	43	26	44	17	31	23	26	16	18	20	34	30	12	20	40	46	13	42	19	33	16	26	37	32	11	35
chr19	54895022	54895055	34	4	0	34	19	15	1	0	2	2	1	0	0	1	1	3	1	1	1	0	3	0	1	2	0	0	1	1	0	4	0	0	0	0	0	3	0	3
chr19	54895057	54895285	229	4	0	229	133	96	12	8	10	6	8	10	10	7	6	3	10	7	9	6	10	9	9	6	0	12	9	4	0	8	8	5	0	9	9	6	0	11
chr19	54895287	54895376	90	4	0	90	45	45	4	1	3	4	3	2	5	3	2	4	4	0	3	3	1	3	4	3	1	2	6	5	0	2	1	3	1	5	2	4	0	4
chr19	54895380	54895482	103	4	0	103	62	41	12	2	6	4	3	5	6	1	5	3	4	0	5	2	1	1	4	4	0	4	5	0	0	4	1	3	0	4	5	2	0	5
chr19	54895498	54895888	391	4	0	391	201	190	19	5	16	12	9	10	25	7	18	15	13	8	7	11	13	11	11	13	0	17	13	20	5	26	7	15	1	7	20	16	2	17
chr19	54895902	54896801	900	4	0	900	478	422	34	13	37	34	26	28	34	45	36	18	37	28	22	15	36	33	23	25	0	27	42	31	9	44	29	33	4	36	40	37	5	37
chr19	54896803	54896848	46	4	0	46	22	24	1	1	2	1	3	2	2	0	1	1	5	0	0	2	0	0	3	0	0	3	1	2	2	1	0	1	0	3	3	2	0	2
chr19	54896850	54896990	141	4	0	141	81	60	12	5	4	4	4	5	7	3	5	2	9	2	4	2	5	7	4	1	1	7	1	1	2	4	6	4	3	7	8	2	0	8
chr19	54896992	54897074	83	4	0	83	43	40	4	4	5	0	4	2	4	0	2	2	3	2	3	3	4	0	6	2	0	3	2	2	1	5	1	4	1	4	2	2	0	4
chr19	54897076	54897134	59	4	0	59	29	30	3	4	3	0	3	2	1	2	3	1	1	0	1	1	4	0	3	3	1	1	3	2	0	5	2	1	1	2	0	3	0	1
chr19	54897165	54897262	98	4	0	98	53	45	5	2	4	5	2	4	4	3	5	2	6	1	4	2	1	3	5	1	2	2	2	4	1	3	2	3	0	4	4	3	1	6
chr19	54897264	54897279	16	4	0	16	7	9	0	0	0	0	1	0	3	0	0	0	0	0	0	2	0	0	1	0	0	1	0	0	0	0	3	1	0	2	0	0	0	0
chr19	54897281	54897361	81	4	0	81	40	41	3	0	6	2	4	3	4	1	4	3	3	3	1	1	0	0	1	4	0	2	2	3	1	5	3	1	1	5	6	3	2	2
chr19	54897377	54897609	233	4	0	233	135	98	17	9	9	10	10	4	9	6	4	2	7	8	14	8	8	10	9	8	1	4	9	7	1	15	7	8	0	6	4	9	0	8
chr19	54897620	54897686	67	4	0	67	38	29	2	2	2	4	3	1	0	6	0	0	2	4	5	2	1	2	0	5	0	0	3	5	1	3	3	1	1	1	4	1	0	1
chr19	54897688	54897742	55	4	0	55	26	29	0	1	3	0	2	3	0	0	0	1	3	2	2	3	2	3	1	5	0	2	3	6	0	5	0	0	0	0	1	4	0	1
chr19	54897744	54897815	72	4	0	72	37	35	2	0	5	2	5	1	3	1	3	2	4	2	0	1	2	3	3	0	0	1	3	2	0	6	2	2	0	4	1	7	0	3
chr19	54897817	54898095	279	4	0	279	155	124	12	11	17	8	9	8	11	3	9	6	12	3	18	7	11	8	9	8	1	15	10	12	1	16	5	9	0	8	7	10	0	13
chr19	54898100	54898117	18	4	0	18	8	10	0	0	1	0	0	0	1	1	1	1	0	1	0	1	1	0	1	1	0	0	1	0	0	2	0	1	0	1	0	1	0	0
chr19	54898119	54901123	3005	4	0	3005	1528	1477	162	73	132	102	96	99	134	76	116	70	135	81	95	49	53	55	88	101	27	75	134	155	47	153	84	104	27	79	98	129	27	147
chr19	54901124	54901303	180	4	0	180	84	96	15	2	4	4	4	6	10	4	2	3	15	2	3	3	4	2	1	5	2	6	6	5	5	11	12	10	2	8	5	7	3	7
chr19	54901305	54901360	56	4	0	56	22	34	0	0	0	1	1	3	3	3	0	2	7	2	0	0	0	0	1	1	0	3	4	1	1	0	4	2	3	3	1	2	2	4
chr19	54901368	54903421	2054	4	0	2054	1164	890	129	36	67	85	62	82	89	71	58	34	85	56	67	64	52	125	86	52	14	64	90	64	9	80	53	60	14	71	75	67	13	78
chr19	54903422	54903435	14	4	0	14	8	6	0	0	0	0	0	1	0	1	0	0	0	0	0	3	0	3	2	0	1	0	0	0	0	0	0	0	1	0	0	0	0	0
chr19	54903474	54904125	652	4	0	652	411	241	30	12	17	13	14	33	22	44	11	6	21	7	17	46	8	109	55	17	6	19	20	7	4	14	25	13	3	13	13	8	1	22
chr19	54904128	54906372	2245	4	0	2245	1241	1004	162	68	82	87	72	83	114	74	93	47	85	57	71	41	36	68	93	62	18	66	89	73	26	78	71	61	18	66	90	69	16	107
chr19	54906374	54906410	37	4	0	37	13	24	0	0	3	0	2	2	2	0	2	0	1	0	0	0	0	0	0	1	1	0	4	3	1	2	1	3	0	4	1	2	0	0
chr19	54906412	54907141	730	4	0	730	336	394	20	20	22	14	26	19	48	26	22	21	34	24	8	11	11	10	26	21	5	19	39	46	15	31	29	24	5	32	25	40	3	32
chr19	54907142	54907480	339	3	0	339	169	170	37	9	5	5	9	25	18	6	7	5	15	11	4	5	5	2	10	20	2	11	26	14	3	13	8	10	4	10	14	12	3	9
chr19	54907487	54908653	1167	3	0	1167	661	506	91	33	37	55	48	33	39	49	36	28	32	25	42	25	24	63	62	29	7	21	37	59	25	37	32	39	10	26	38	31	4	48
chr19	54908654	54909000	347	3	0	347	190	157	36	7	6	16	14	12	20	7	5	10	18	5	10	9	7	6	11	14	3	10	13	7	5	14	15	12	3	12	14	6	3	15
chr19	54909002	54909934	933	3	0	933	414	519	37	20	29	10	18	42	54	23	34	27	51	20	6	17	16	9	30	40	11	25	51	48	21	51	25	37	16	32	31	46	12	42
chr19	54909935	54911123	1189	3	0	1189	616	573	78	31	30	38	34	48	66	39	38	26	50	35	26	20	24	32	42	36	12	35	57	29	13	59	39	51	17	33	49	41	16	43
chr19	54911125	54911239	115	3	0	115	58	57	11	2	1	3	2	4	5	3	1	4	3	4	3	4	5	2	4	5	2	2	5	4	4	5	0	5	4	3	5	4	0	4
chr19	54911241	54911324	84	3	0	84	31	53	0	1	2	1	2	4	7	1	2	1	8	2	0	0	0	0	0	1	2	3	3	2	3	4	5	5	4	6	4	4	1	4
chr19	54911326	54911357	32	3	0	32	18	14	7	0	0	0	1	1	1	0	0	3	4	0	0	0	0	0	1	0	1	2	0	0	1	0	0	0	1	0	2	1	1	3
chr19	54911359	54911409	51	3	0	51	41	10	18	0	4	3	1	2	0	0	5	1	1	0	0	0	2	2	0	0	0	3	0	0	0	0	0	0	0	0	3	0	0	4
chr19	54911410	54971445	60036	3	0	60036	30230	29806	3905	1455	1788	1791	1944	2345	3210	1513	1692	1301	2851	1445	1398	1145	1288	1159	1988	1883	565	1809	2850	2118	945	2771	2028	2549	852	2157	2145	2134	610	2400
chr19	54971446	54971507	62	6	0	62	37	25	6	3	2	2	1	3	3	2	3	1	3	3	2	0	1	1	4	1	0	2	2	0	0	4	1	0	0	1	2	5	0	2
chr19	54971508	54979131	7624	3	0	7624	3936	3688	551	204	241	218	276	309	392	199	201	152	359	198	186	151	166	133	264	254	52	246	369	234	100	353	247	318	78	261	296	250	66	298
chr19	54979132	55067131	88000	2	0	88000	44504	43496	5133	2218	2754	2634	2827	3536	4606	2484	2586	1936	4030	2198	2193	1698	1777	1894	3140	2796	868	2584	4128	3310	1295	4121	2932	3469	1063	3038	3253	3277	796	3424
chr19	55067132	55416199	349068	1	0	349068	156814	192254	14326	6999	10108	7505	9355	13231	20622	8459	9653	9217	18629	7289	5605	4721	5811	5283	10470	11280	3463	8955	18086	21940	6681	19586	11519	16850	5558	13077	11592	16223	3422	13551
chr19	55416201	55540970	124770	1	0	124770	55152	69618	4844	2319	3301	2529	3139	6070	7226	3364	3107	3165	6429	2700	1904	1612	1799	1643	4585	4140	1410	3031	6612	7837	2520	6648	4436	6208	2335	4455	4166	5432	1181	4621
chr19	55540972	55620133	79162	1	0	79162	36886	42276	3647	1667	2424	2025	2254	3056	4095	2091	2315	1801	4024	1878	1548	1188	1400	1472	2464	2394	760	2094	3923	4429	1672	3985	2582	3635	1552	2767	2527	3550	844	3097
chr19	55620134	55710133	90000	2	0	90000	40159	49841	3725	1922	2810	1868	2397	3688	5027	2126	2656	2223	4443	1809	1546	1226	1423	1269	2944	2785	1132	2198	4419	5636	2033	4804	3113	4526	1774	3345	2762	3946	1067	3356
chr19	55710134	55797133	87000	3	0	87000	49682	37318	6497	2540	3112	3924	3169	2973	3621	3307	3484	1718	3236	2458	2924	1850	1907	2961	3562	2185	706	2628	3403	2455	758	3106	2500	2203	564	2351	3604	2879	622	3791
chr19	55797134	56053133	256000	4	0	256000	143919	112081	17569	7235	9171	10565	9320	9161	11210	9012	9081	5183	9713	6983	8571	6044	6185	8914	10483	7090	2056	7994	10556	7203	2097	9594	7729	6928	1702	7689	9935	8229	1793	11003
chr19	56053134	56088071	34938	3	0	34938	17837	17101	1855	905	1122	1050	1122	1419	1880	1065	1076	815	1479	871	879	712	743	844	1350	1093	319	1089	1613	1384	463	1506	1161	1237	366	1277	1362	1253	274	1352
chr19	56088072	56217130	129059	3	0	129059	61494	67565	6382	2909	3888	3507	3716	5315	7097	3615	3869	3089	6086	2972	2719	1966	2225	2138	4422	3994	1407	3456	6357	6491	2344	6278	4500	5625	2056	4617	4464	5360	1249	4944
chr19	56217131	56314130	97000	4	0	97000	52678	44322	5926	2604	3556	3800	3310	3511	4521	3294	3599	2128	3979	2587	3052	1893	2158	2759	3748	2605	835	2948	4276	3415	835	4042	2889	2833	634	2968	3722	3715	600	4256
chr19	56314131	56390130	76000	5	0	76000	44662	31338	5826	2252	3067	3664	2920	2298	3120	2883	2983	1486	2468	2005	3080	1814	1888	2908	3118	1829	442	2461	2833	1804	514	2603	2275	1822	489	2204	2994	2298	375	3275
chr19	56390131	56473130	83000	6	0	83000	48949	34051	6148	2458	3219	4106	3063	2661	3399	3193	3293	1603	2826	2337	3427	1928	2014	3273	3509	2068	429	2643	3123	2138	442	2941	2260	1820	410	2208	3424	2618	351	3666
chr19	56473131	56575934	102804	7	0	102804	59473	43331	7362	3001	4211	4572	3673	3367	4316	3757	4177	2088	3612	2649	3934	2320	2636	3796	4264	2488	573	3452	3765	2767	679	3830	2894	2530	695	2867	4190	3256	455	4626
chr19	56575936	56610131	34196	7	0	34196	19548	14648	2371	938	1275	1572	1262	1165	1416	1396	1315	652	1257	945	1207	789	744	1242	1538	815	179	1012	1422	1066	213	1278	936	926	178	916	1343	1172	168	1486
chr19	56610132	56760131	150000	8	0	150000	82326	67674	9802	3962	5278	6015	5213	5663	6897	5369	5489	3064	5905	3913	4554	2992	3177	5031	6221	4011	1080	4369	6407	4979	1242	6134	4760	4417	1206	4477	5754	5355	984	6278
chr19	56760132	57145131	385000	9	0	385000	213846	171154	26310	10647	13756	15922	13622	13460	17328	13761	13963	7881	15194	10110	12740	7828	8327	12997	15288	10338	2837	11353	16314	12464	3009	15561	11771	10906	2761	11402	14796	13640	2423	16289
chr19	57145132	57553131	408000	8	0	408000	229311	178689	28729	11535	15066	16952	14903	14048	18138	14597	14881	8403	15653	10473	13768	8985	9427	13752	16569	10601	2514	13287	16822	11579	3170	16044	12033	11837	3001	11821	16261	13598	2419	17132
chr19	57553132	57892131	339000	7	0	339000	185340	153660	21894	8954	12172	13076	11861	12596	15948	11637	11762	7291	13629	8800	10579	7312	7888	9941	13452	9495	2107	11098	14651	10131	2918	14386	10438	10541	2723	10236	13501	11918	2146	13917
chr19	57892132	58020131	128000	6	0	128000	68566	59434	8294	3353	4601	4658	4396	4708	6227	4196	4446	2670	5419	3176	3770	2638	2732	3282	4910	3510	947	4002	5562	4167	1291	5542	4066	4321	1203	4200	4988	4565	923	5235
chr19	58020132	58076920	56789	5	0	56789	27253	29536	2898	1296	1900	1424	1753	2387	3187	1533	1701	1308	2610	1237	1165	908	1007	938	2032	1687	590	1590	2808	2681	905	2752	2046	2541	813	2234	1974	2237	518	2127
chr19	58076922	58135132	58211	5	0	58211	29892	28319	3527	1408	1927	1848	1893	2343	3061	1847	1831	1261	2553	1369	1459	1131	1141	1292	2239	1693	435	1776	2734	2290	638	2649	1990	2199	679	1982	2181	2128	430	2275
chr19	58135133	58206993	71861	4	0	71861	38234	33627	4960	1831	2409	2529	2469	2612	3548	2182	2229	1575	3054	1776	2071	1456	1547	1984	2625	1967	546	2336	3162	2408	898	2976	2262	2585	836	2391	2762	2484	534	2855
chr19	58206995	58213133	6139	4	0	6139	2927	3212	204	119	242	146	189	268	368	197	215	158	310	143	103	81	98	86	221	205	32	168	325	294	49	345	245	229	39	232	231	286	36	273
chr19	58213134	58298133	85000	3	0	85000	44586	40414	5452	2205	2913	2834	2900	3178	4359	2595	2669	1868	3780	2097	2383	1663	1797	1892	3164	2425	632	2693	3854	2907	933	3813	2779	3131	815	2853	3235	3045	644	3490
chr19	58298134	58363083	64950	2	0	64950	32054	32896	3195	1499	2028	1908	1997	2681	3571	1956	1944	1504	2878	1467	1494	1254	1224	1452	2531	1925	627	1855	3069	2748	989	3049	2303	2723	965	2319	2303	2459	553	2478
chr19	58363084	58426132	63049	2	0	63049	29609	33440	3068	1441	1849	1533	1892	2488	3492	1640	1757	1544	2891	1344	1174	1031	1158	1307	2074	1953	685	1792	3119	3149	1306	3066	2240	3066	1235	2217	2078	2471	672	2315
chr19	58426133	58545132	119000	1	0	119000	56388	62612	5683	2564	3750	2861	3447	5031	6790	3224	3533	2842	5693	2699	2195	1914	2249	1912	4176	3776	1027	3372	5979	5895	1806	6227	4077	5251	1857	4401	4260	4984	1040	4483
chr19	58545133	58592132	47000	2	0	47000	21946	25054	1890	1072	1649	1008	1331	1862	2612	1360	1531	1115	2139	1035	866	800	929	745	1621	1558	430	1241	2310	2498	788	2500	1687	2048	809	1744	1547	1992	437	1844
chr20	60001	60147	147	4	0	147	65	82	1	1	5	3	3	8	7	3	5	6	9	2	1	2	5	2	4	6	2	5	9	10	1	9	5	3	0	6	4	10	1	7
chr20	79360	94858	15499	4	0	15499	9444	6055	1303	458	619	791	606	453	605	620	645	277	496	474	617	352	431	696	664	352	48	476	546	346	40	507	462	282	29	411	612	459	63	757
chr20	94859	131858	37000	3	0	37000	23013	13987	3256	1160	1519	2084	1511	965	1334	1488	1634	652	1020	1079	1619	820	1102	1769	1533	789	118	1157	1306	791	116	1051	989	668	109	974	1470	1017	105	1793
chr20	131859	172858	41000	2	0	41000	25553	15447	3448	1307	1621	2241	1705	1161	1404	1726	1697	738	1172	1230	1767	1018	1184	2133	1878	889	140	1317	1357	801	113	1281	1068	721	112	933	1693	1141	151	1851
chr20	172859	298046	125188	1	0	125188	72178	53010	9119	3551	5068	5829	4810	3802	5076	4425	4880	2385	4599	3363	4758	2690	3137	4685	4712	3149	664	3904	4860	3601	833	4864	3671	3224	743	3557	4870	4184	618	5555
chr20	298047	622855	324809	1	0	324809	171410	153399	20189	8298	11597	11327	11118	11542	16305	10015	10565	7001	13844	7748	9539	6569	7250	8502	12056	8974	2284	10096	14375	12237	3355	14575	10473	11682	3089	11044	12077	11649	2151	13281
chr20	622856	774462	151607	2	0	151607	76109	75498	7534	3667	5538	4524	4951	5651	8143	4603	5052	3350	6990	3543	3726	2524	2979	3333	5388	4337	1032	4435	7241	7044	1653	7427	5210	5937	1511	5348	5509	6047	938	6440
chr20	774464	874856	100393	2	0	100393	53047	47346	5990	2609	3741	3629	3419	3376	4986	3066	3352	2229	4262	2363	3207	1810	2251	2756	3620	2866	564	2974	4503	4203	931	4776	3135	3549	755	3263	3589	3794	596	4227
chr20	874857	1023856	149000	3	0	149000	75872	73128	7317	3553	5553	4572	4937	5401	8156	5028	5125	3412	6712	3632	3616	2472	3067	3318	5330	4315	837	4356	7314	6798	1064	7392	5227	5411	876	5326	5650	6044	773	6414
chr20	1023857	1152977	129121	4	0	129121	73009	56112	8556	3550	5176	5558	4814	4212	5741	4750	4965	2629	4809	3483	4505	2658	3192	4411	5032	3343	624	4049	5497	4175	611	5197	3840	3529	447	3880	5148	4433	514	5791
chr20	1152978	1277855	124878	4	0	124878	70179	54699	7978	3446	5125	5186	4364	4013	5609	4359	4872	2561	4640	3222	4521	2705	3151	4427	5082	3120	620	3903	4889	4076	879	5145	3754	3387	776	3771	4620	4405	564	5706
chr20	1277856	1439556	161701	3	0	161701	87561	74140	9688	4326	6248	6015	5683	5593	8005	5697	5931	3462	6173	3939	4975	3275	3757	4793	6384	4312	906	5054	7236	5970	1067	7063	5349	5067	919	5307	6010	5988	748	6759
chr20	1439557	1490082	50526	3	0	50526	27758	22768	2965	1427	2084	1904	1762	1792	2385	1773	1958	1055	1908	1200	1694	1084	1280	1485	2029	1316	280	1733	2067	1663	320	2193	1677	1470	298	1601	1939	1794	258	2130
chr20	1490083	1509853	19771	3	0	19771	11477	8294	1493	569	911	856	784	578	845	672	847	395	707	501	704	418	511	685	747	482	78	653	773	549	81	760	599	471	59	591	760	662	58	970
chr20	1509854	1612853	103000	4	0	103000	59152	43848	6724	2928	4153	4642	3912	3296	4439	4090	4112	2139	3876	2831	3699	2160	2477	3673	4301	2540	465	3217	4098	3056	389	4057	3071	2398	336	2961	4267	3605	376	4710
chr20	1612854	2131853	519000	5	0	519000	284382	234618	30516	13883	20378	20242	18395	17603	24802	18690	19481	11011	20892	13617	16627	10157	11859	16229	20403	13525	2798	15928	21941	18091	3372	22423	16840	15001	2744	16549	20305	19209	2456	23031
chr20	2131854	2284853	153000	4	0	153000	83620	69380	9757	4110	5942	5947	5516	5105	7360	5007	5586	3206	6224	3807	4896	3062	3727	4367	5750	3952	981	4800	6454	5070	1115	6641	4966	4843	911	5073	5818	5415	851	6739
chr20	2284854	2407853	123000	3	0	123000	66368	56632	7376	3245	4793	4521	4388	4192	6143	4292	4446	2703	5137	3087	3725	2248	2697	3374	4720	3254	707	3707	5473	4429	809	5376	3936	3977	640	4230	4886	4427	602	5458
chr20	2407854	2497853	90000	4	0	90000	51833	38167	6623	2606	3658	4073	3498	2766	3741	3176	3531	1708	3346	2381	3308	1956	2251	3209	3449	2242	451	2894	3603	2592	517	3479	2563	2385	394	2632	3566	2972	436	3992
chr20	2497854	2630853	133000	3	0	133000	75304	57696	9602	3679	5191	5941	4936	4162	5904	4457	5116	2667	5179	3458	4759	2699	3136	4418	4932	3312	730	4233	5425	4069	923	5269	3857	3783	781	3961	5244	4522	706	5947
chr20	2630854	2969853	339000	2	0	339000	181375	157625	21773	8659	12123	12637	11840	11457	16287	10716	11353	6921	13873	8374	10226	6855	7768	10513	12280	9197	2149	10266	14939	13066	3538	14657	10692	11835	3254	11229	12389	12103	2131	13898
chr20	2969854	3296013	326160	1	0	326160	165435	160725	19372	7759	10927	10103	10491	11910	17620	9145	10031	7061	14718	7690	8267	6024	7187	7130	11099	9484	2318	9852	15243	13718	4022	15719	11082	13384	3714	11588	11741	12116	2350	13293
chr20	3296014	3326852	30839	1	0	30839	17278	13561	2238	813	1260	1188	1073	984	1540	1008	1150	667	1211	785	1039	645	801	875	1189	769	116	1035	1238	931	140	1336	948	896	124	1025	1230	1049	118	1416
chr20	3326853	3563852	237000	2	0	237000	138714	98286	18856	6935	9173	11207	9035	7238	10034	8095	8932	4496	8325	6251	9347	5501	6141	9147	9444	5843	1194	7689	9040	5975	1394	8716	6826	6059	1352	6749	9092	7247	1146	10519
chr20	3563853	4031884	468032	1	0	468032	245545	222487	30191	11682	16344	16307	15687	16693	23751	14062	15230	9801	19727	10969	13416	9018	10385	12281	16853	12952	3225	14164	21374	18551	4964	21172	15204	17455	4726	16119	16762	17104	3109	18752
chr20	4031885	4032291	407	2	0	407	146	261	12	8	5	4	10	16	29	3	6	6	29	11	1	3	2	0	4	12	7	11	19	13	23	21	23	35	19	21	12	15	13	12
chr20	4032292	4032401	110	1	0	110	40	70	1	0	3	0	1	2	8	4	2	3	8	4	0	0	2	2	0	1	2	2	9	7	3	5	4	10	3	5	2	6	2	7
chr20	4032402	4032441	40	2	0	40	13	27	0	0	1	0	0	0	1	2	1	1	3	2	0	0	2	0	0	0	1	0	2	2	3	1	1	4	3	2	0	2	1	3
chr20	4032442	4119852	87411	1	0	87411	46758	40653	5231	2195	3279	3241	3133	3005	4342	2843	3055	1902	3625	2192	2528	1645	1917	2624	3307	2342	522	2576	3892	3447	709	3844	2840	2982	558	2860	3284	3121	485	3883
chr20	4119853	4263852	144000	2	0	144000	73083	70917	7873	3348	5332	4459	4756	5276	7538	4318	4802	3123	6418	3449	3581	2449	2987	3373	4966	4165	967	4097	6793	6393	1593	7098	4907	5640	1411	5094	5222	5679	905	5986
chr20	4263853	4374852	111000	3	0	111000	62913	48087	7464	3189	4641	4745	4356	3456	4914	4079	4502	2289	4290	3030	3718	2053	2639	3546	4282	2723	484	3498	4671	3576	421	4451	3391	2847	367	3265	4462	3973	406	5270
chr20	4374853	4485090	110238	4	0	110238	65308	44930	8417	3351	4597	5408	4407	3283	4265	4165	4488	2047	3858	2927	4461	2410	2862	4361	4497	2641	462	3491	4223	2963	428	4019	3141	2474	316	2954	4259	3555	388	5118
chr20	4485091	4502851	17761	4	0	17761	10307	7454	1255	562	729	777	726	546	745	699	739	379	602	484	603	368	492	600	784	428	76	567	701	503	65	632	502	412	54	526	729	558	73	843
chr20	4502852	4511688	8837	5	0	8837	5293	3544	583	270	341	454	348	268	332	378	358	189	298	255	359	205	258	396	365	199	37	331	328	232	26	287	251	157	18	212	382	286	33	399
chr20	4511690	4519966	8277	5	0	8277	4800	3477	515	237	360	402	325	227	321	352	349	176	307	206	325	184	209	304	346	201	18	260	343	263	26	333	211	202	22	213	325	298	24	391
chr20	4519968	4617853	97886	5	0	97886	58204	39682	7444	2928	3969	5034	3857	2901	3876	3814	4006	1801	3282	2710	4068	2190	2467	3855	4076	2291	411	3042	3754	2537	410	3464	2765	2198	310	2625	3854	3139	343	4463
chr20	4617854	4824853	207000	4	0	207000	113965	93035	13533	5772	8093	8224	7566	6960	9528	7253	7780	4241	7916	5319	6743	3966	4795	6274	7957	5548	1230	6204	8970	7228	1459	8561	6579	6123	1354	6566	7802	7319	1133	9002
chr20	4824854	4975853	151000	3	0	151000	83642	67358	10836	4193	5656	5938	5391	5267	7232	5150	5255	3053	5660	3908	5140	3210	3440	4312	6035	3975	1064	4649	6419	4847	1052	6139	4927	4565	917	4892	5659	5070	839	6308
chr20	4975854	5052853	77000	2	0	77000	41403	35597	5904	1955	2591	2893	2768	2727	3685	2204	2387	1518	3311	1923	2284	1492	1678	2082	2632	2177	526	2358	3341	2592	908	3359	2546	2827	742	2449	2865	2604	572	3098
chr20	5052854	5212853	160000	3	0	160000	88155	71845	11324	4550	5928	6111	5896	5329	7639	5087	5499	3272	6375	3974	5194	3479	3948	4549	6035	4336	939	5320	6821	4862	1244	6796	4973	5072	1157	5169	6122	5453	940	6605
chr20	5212854	5310853	98000	4	0	98000	57431	40569	7049	2989	4054	4696	3955	2956	4027	3745	4116	1887	3247	2725	3668	2090	2536	3690	4042	2420	438	3023	3889	2663	403	3509	2889	2120	344	2853	3863	3261	373	4478
chr20	5310854	5527853	217000	5	0	217000	122772	94228	14963	6188	8697	9391	8348	6946	9629	7952	8512	4492	8035	5703	7416	4360	5122	7018	8560	5617	1023	6786	9105	6780	1248	8512	6610	5725	1006	6512	8600	7524	945	9673
chr20	5527854	5968059	440206	4	0	440206	250298	189908	33754	12224	16738	19018	16584	14380	19852	14468	15494	8500	17025	11432	15902	9610	10985	14330	16675	11121	2372	14546	17666	11828	2986	17233	13689	13016	2596	13729	17255	13748	2356	19092
chr20	5968067	6018853	50787	4	0	50787	30438	20349	4330	1622	2051	2475	1920	1444	2065	1650	1923	859	1647	1232	2305	1335	1410	2169	1964	1194	259	1842	1861	1147	287	1737	1422	1259	278	1437	1832	1432	240	2157
chr20	6018854	6071606	52753	5	0	52753	29375	23378	3659	1435	1963	2228	1879	1721	2451	1878	1918	1058	2053	1343	1830	1061	1278	1619	1965	1328	320	1662	2204	1636	397	2075	1676	1588	403	1751	2084	1761	270	2257
chr20	6071607	6175852	104246	5	0	104246	59940	44306	7844	3019	4144	4661	3993	3366	4627	3655	3994	2029	3776	2738	3837	2211	2494	3550	4126	2632	517	3350	4179	2959	545	3932	3176	2700	506	3146	4160	3324	440	4614
chr20	6175853	6257852	82000	6	0	82000	49834	32166	6641	2538	3530	4221	3328	2299	3125	3172	3527	1465	2631	2292	3433	1909	2133	3589	3465	1806	335	2605	2937	1836	244	2740	2290	1546	222	2224	3232	2569	265	3849
chr20	6257853	6351852	94000	7	0	94000	57900	36100	7837	2898	4009	5037	3828	2571	3382	3689	3914	1702	2821	2674	4202	2195	2544	4596	3915	2070	334	3047	3362	2088	303	2940	2505	1752	240	2432	3688	2783	303	4337
chr20	6351853	6479852	128000	8	0	128000	79460	48540	10488	3966	5499	7114	5157	3462	4468	5188	5431	2342	3844	3557	5992	3144	3641	6165	5370	2739	483	4322	4364	2609	330	4059	3395	2227	285	3183	5147	3787	352	5888
chr20	6479853	7437852	958000	9	0	958000	594034	363966	79229	29661	41080	54274	38704	26113	33578	37917	41392	16966	29003	26603	44919	23076	26447	45072	39970	20287	3961	31598	31933	19621	3047	30331	25348	17340	2534	24030	39061	27684	3071	44148
chr20	7437853	7592852	155000	8	0	155000	98851	56149	13813	4783	6470	9596	6441	3936	5052	6224	6646	2628	4320	4571	7762	3944	4388	8276	6544	3090	548	5109	4967	2742	418	4357	3882	2457	328	3541	6260	4196	486	7223
chr20	7592853	7712852	120000	7	0	120000	75814	44186	10671	3690	5076	7206	4818	3208	4059	4755	5119	2128	3444	3322	6034	2937	3378	5967	5057	2447	445	4014	3781	2259	336	3549	3099	2014	318	2853	4903	3205	365	5541
chr20	7712853	7800852	88000	6	0	88000	55906	32094	7692	2743	3663	5451	3675	2362	2894	3639	3735	1556	2420	2513	4448	2094	2393	4627	3718	1748	321	2968	2907	1637	215	2455	2299	1401	164	2036	3645	2428	240	3911
chr20	7800853	7879852	79000	5	0	79000	48797	30203	6349	2362	3326	4504	3187	2142	2859	3091	3381	1502	2400	2277	3624	1878	2254	3660	3242	1667	310	2665	2692	1614	252	2456	2055	1435	231	2022	3290	2298	277	3696
chr20	7879853	7962852	83000	4	0	83000	51230	31770	6914	2622	3472	4643	3477	2327	2897	3392	3486	1461	2447	2432	3774	1897	2273	3715	3414	1854	321	2718	2952	1718	264	2562	2307	1539	209	2085	3420	2386	296	3724
chr20	7962853	8172852	210000	3	0	210000	130951	79049	17720	6440	8990	12202	8384	5417	7290	8357	8972	3669	6210	5873	10277	5266	5795	10088	8802	4264	888	6838	6758	4135	786	6465	5534	3841	736	5277	8354	5904	762	9704
chr20	8172853	8251674	78822	4	0	78822	49731	29091	6723	2362	3331	4764	3118	2177	2707	3289	3390	1309	2193	2256	3949	1944	2206	4013	3338	1581	273	2600	2516	1444	198	2325	2193	1335	179	1959	3244	2125	226	3553
chr20	8251676	8257266	5591	4	0	5591	3502	2089	400	183	225	336	239	142	190	230	231	109	143	147	275	155	183	313	243	130	21	195	187	102	8	186	151	94	9	132	220	157	26	227
chr20	8257267	8265852	8586	4	0	8586	5330	3256	663	257	338	495	310	246	313	357	327	171	280	225	451	234	256	405	388	176	35	309	271	174	19	273	224	159	25	200	343	228	27	405
chr20	8265853	8375852	110000	5	0	110000	68443	41557	8993	3473	4773	6200	4455	3024	3886	4551	4696	1948	3140	2974	5296	2688	2991	5353	4709	2293	410	3721	3587	2183	366	3339	3159	1942	248	2841	4461	3057	352	4889
chr20	8375853	8770852	395000	6	0	395000	245485	149515	33048	12028	16635	22833	15750	10789	13991	15858	16700	6975	11526	10949	19045	9484	10927	18946	16325	8314	1590	13047	13060	7888	1342	12312	10842	7256	1148	10240	16161	11144	1366	17479
chr20	8770853	8898852	128000	5	0	128000	78146	49854	10321	3847	5389	7049	5101	3664	4780	4934	5393	2352	3978	3562	5791	2894	3467	5622	5301	2720	518	4218	4491	2834	468	4148	3442	2648	373	3407	5245	3739	461	5841
chr20	8898853	9117852	219000	4	0	219000	131494	87506	16941	6493	9004	11458	8556	6260	8609	8471	8912	4142	7189	5980	9487	4898	5977	9116	8818	4934	860	7181	8006	5267	834	7562	6213	4820	700	6087	8859	6648	768	9948
chr20	9117853	9214852	97000	5	0	97000	58966	38034	7710	3118	4096	5056	3762	2899	3680	3776	4043	1789	3002	2504	4464	2264	2636	4166	4054	2209	422	3385	3464	2270	325	3178	2734	1855	217	2582	3864	2903	302	4269
chr20	9214853	9314852	1e+05	6	0	1e+05	61457	38543	8071	3131	4466	5287	3860	2659	3789	3957	4363	1786	3072	2783	4662	2450	2679	4441	4165	2109	371	3381	3364	2136	227	3427	2701	1893	218	2546	4034	3016	302	4652
chr20	9314853	9459852	145000	7	0	145000	87031	57969	11295	4409	6086	7482	5664	4183	5740	5729	6059	2677	4631	3973	6255	3305	3914	5628	5816	3321	622	4815	5225	3364	537	5066	4252	3192	401	4017	6022	4315	530	6473
chr20	9459853	9593852	134000	6	0	134000	79227	54773	9809	4054	5538	6546	5249	4021	5297	5216	5477	2607	4488	3694	5411	3079	3480	5260	5538	3136	675	4412	4983	3430	646	4683	3962	2851	550	3641	5300	4325	573	6067
chr20	9593853	9636019	42167	7	0	42167	24574	17593	2946	1255	1760	1960	1597	1338	1813	1605	1747	831	1472	1156	1631	891	1065	1507	1771	1012	173	1359	1625	1107	179	1575	1267	968	145	1204	1690	1400	145	1971
chr20	9636020	9698851	62832	7	0	62832	38030	24802	4646	1876	2707	3250	2416	1788	2443	2543	2655	1177	1988	1722	2763	1467	1741	2847	2657	1354	204	2093	2238	1485	175	2125	1785	1245	146	1752	2510	1939	185	2908
chr20	9698852	9906851	208000	8	0	208000	128890	79110	17052	6457	8588	11543	8334	5799	7339	8482	8580	3565	6229	5975	9674	5126	6005	10141	8836	4570	716	6825	7175	4337	574	6467	5659	3710	515	5376	8284	5936	637	9492
chr20	9906852	10437851	531000	7	0	531000	321416	209584	42272	16078	22387	28283	21179	14662	20099	20517	22015	9453	16888	14475	23556	12335	14412	22803	21040	11722	2276	17490	18928	12378	2149	17682	15312	11216	1870	14690	21177	15821	1909	23924
chr20	10437852	10924851	487000	8	0	487000	287679	199321	36886	14582	20895	23488	18871	14493	19754	18351	20302	9319	16141	13046	19792	10652	12421	18685	19756	11231	2355	15704	18034	12429	2215	17550	14173	11284	1830	13951	19507	15284	2012	22005
chr20	10924852	11489851	565000	9	0	565000	349598	215402	45949	17388	24416	31697	22995	15684	20136	22622	24491	10373	17259	16047	26015	13161	15543	25821	23886	11902	2017	18800	19210	11648	1578	17612	14860	10310	1240	14168	23481	16188	1727	26774
chr20	11489852	11803851	314000	10	0	314000	193707	120293	26385	9662	13294	17443	12677	8511	11439	12112	13646	5478	9633	8855	14076	7363	8568	14563	13083	6464	1327	10140	10423	6589	1101	10026	8630	5860	980	8058	12604	9226	1072	14710
chr20	11803852	11912851	109000	9	0	109000	66624	42376	8911	3336	4638	5863	4324	3003	3890	4212	4509	1955	3504	2995	5004	2638	2951	4889	4457	2392	446	3637	3727	2323	491	3571	2963	2183	483	2739	4282	3214	432	5036
chr20	11912852	12425872	513021	10	0	513021	311379	201642	39985	15513	22015	27067	20607	14096	19605	20096	21643	9581	16458	14107	22345	11881	13992	22388	21043	11308	2051	16669	17992	11426	1660	17361	14589	10343	1322	14087	20779	15362	1695	23953
chr20	12425873	12425914	42	10	0	42	28	14	5	3	3	1	2	1	2	1	4	0	1	1	1	0	0	1	2	1	0	1	1	0	0	0	1	0	0	1	2	0	0	5
chr20	12425915	12520408	94494	10	0	94494	58663	35831	7928	2960	3964	5379	3969	2530	3272	3804	4040	1702	2746	2762	4295	2281	2639	4391	3951	2067	352	3103	3278	1930	305	2934	2526	1645	236	2253	3819	2805	295	4331
chr20	12520410	12669852	149443	10	0	149443	92863	56580	12442	4664	6183	8428	5998	3948	5417	5963	6326	2595	4520	4304	6952	3587	4170	7365	6200	3217	556	4821	5010	3109	409	4647	4036	2589	351	3890	6080	4260	472	6932
chr20	12669853	12783630	113778	9	0	113778	69257	44521	8919	3372	4893	6026	4430	3217	4253	4468	4765	2134	3615	3160	5095	2685	3138	5086	4636	2466	466	3840	3948	2614	395	3771	3134	2243	321	3012	4650	3405	344	5275
chr20	12783631	12845851	62221	9	0	62221	37576	24645	4729	1929	2607	3171	2514	1832	2347	2518	2602	1137	1994	1747	2592	1414	1672	2770	2693	1323	281	2015	2209	1464	226	1983	1839	1218	209	1704	2469	1877	216	2918
chr20	12845852	12988851	143000	8	0	143000	87120	55880	11065	4325	6074	7603	5682	4050	5413	5798	6015	2670	4595	4013	6305	3327	3792	6392	6019	3119	511	4723	5103	3268	417	4612	3927	2695	329	3863	5894	4318	405	6676
chr20	12988852	13092844	103993	7	0	103993	63820	40173	8309	3203	4592	5578	4166	2935	3827	3973	4411	1964	3174	2859	4796	2415	2862	4755	4274	2336	439	3468	3569	2166	308	3434	2895	1937	258	2680	4163	3038	335	4872
chr20	13092846	13465852	373007	7	0	373007	221397	151610	28312	11221	15929	18371	14568	11081	14832	14265	15529	7164	12426	10079	15425	8186	9630	14377	15360	8518	1621	12153	13826	9383	1654	13096	10666	8317	1390	10427	14894	11741	1423	17141
chr20	13465853	13566852	101000	6	0	101000	63960	37040	9317	3260	4266	5779	4189	2743	3284	4155	4192	1681	2755	2841	4924	2665	2895	5013	4448	2119	370	3412	3391	1846	247	2897	2558	1654	212	2416	3973	2762	259	4475
chr20	13566853	13769801	202949	5	0	202949	123225	79724	17576	6252	8160	10640	7927	5758	7788	7319	8073	3486	6634	5537	9052	4983	5365	8674	8145	4666	897	6770	7427	4385	968	6671	5311	4530	827	5396	7910	5870	840	9110
chr20	13769803	13990853	221051	5	0	221051	131636	89415	17907	6321	9080	11290	8411	6483	8771	7624	8884	3999	7658	5935	9395	5101	6023	8753	8378	5069	1082	7375	8112	5229	1130	7871	6067	5261	1041	6323	8731	6783	999	9963
chr20	13990854	14136853	146000	6	0	146000	90987	55013	13045	4627	5951	8279	5744	3831	5220	5352	5948	2479	4190	3949	7164	3871	4075	7260	5943	3202	719	4944	4741	2947	628	4531	3672	2777	663	3680	5792	3921	572	6281
chr20	14136854	14514853	378000	7	0	378000	239033	138967	33661	11904	15919	22308	14991	9783	12958	14584	15774	6353	10553	10530	19365	9821	11208	19320	15831	7728	1367	12935	11933	7027	1130	11217	9616	6487	1080	9405	14936	10065	1129	17080
chr20	14514854	14737853	223000	6	0	223000	140929	82071	19102	6874	9430	13274	8462	5896	7668	8894	9435	3765	6515	6200	11682	5713	6371	11646	9391	4455	865	7537	6855	4121	644	6814	5692	3761	535	5486	8982	6097	688	10148
chr20	14737854	15043853	306000	5	0	306000	188523	117477	25125	9219	12846	16861	11792	8568	11249	11891	12721	5442	9411	8224	14414	7463	8372	14923	12552	6593	1263	10284	10242	6491	1099	9995	8327	6017	897	7919	12379	8726	1013	13680
chr20	15043854	15313853	270000	6	0	270000	167791	102209	22695	8255	11384	15511	10657	7464	9640	10785	11394	4704	8105	7416	13099	6488	7475	12717	11256	5611	1031	9013	8921	5552	763	8501	7437	5034	697	6774	10932	7540	831	12316
chr20	15313854	15363721	49868	7	0	49868	31628	18240	4373	1575	2186	3025	2032	1254	1638	2015	2196	853	1393	1428	2556	1224	1414	2464	2044	1030	177	1655	1587	916	125	1488	1239	848	108	1153	2069	1322	144	2335
chr20	15363723	16492854	1129132	7	0	1129132	680814	448318	87137	33910	48083	57944	44007	32832	44033	44560	47347	21409	36674	30922	48583	25910	29823	47640	47016	24809	5023	37213	39680	25997	4052	38238	32694	23206	3219	30817	46042	33957	4008	52345
chr20	16492855	16597854	105000	6	0	105000	61309	43691	8016	3158	4233	4869	3996	3343	4467	3873	4147	2030	3504	2811	4117	2324	2525	3894	4235	2628	585	3407	4058	2698	571	3764	3135	2520	539	3058	4251	3245	497	4500
chr20	16597855	16802854	205000	5	0	205000	120234	84766	14961	6136	8613	9820	8086	6185	8652	7617	8423	3984	7065	5554	8061	4388	5329	7358	8303	4789	887	6714	7874	5266	838	7387	6135	4783	710	6054	8228	6527	767	9504
chr20	16802855	17029854	227000	6	0	227000	137419	89581	17650	6856	9592	12028	9286	6546	8647	8926	9649	4265	7225	6245	9541	5097	6122	9743	9534	5148	827	7255	8174	5312	689	7688	6510	4396	519	6144	9187	7007	691	10499
chr20	17029855	17174854	145000	5	0	145000	87876	57124	11266	4469	6226	7393	5860	4193	5530	5971	6120	2703	4597	4041	6108	3345	3843	6210	6158	3239	535	4778	5239	3185	431	4749	4301	2780	362	3905	5856	4400	442	6763
chr20	17174855	17324854	150000	4	0	150000	91046	58954	11703	4586	6343	8089	5936	4301	5595	5791	6373	2808	4800	4139	6710	3288	3997	6585	6130	3334	669	4850	5311	3464	563	5007	4138	2962	490	3916	6044	4585	528	6963
chr20	17324855	17410854	86000	3	0	86000	50157	35843	5972	2551	3673	4106	3433	2693	3612	3364	3543	1677	2968	2253	3354	1795	2106	3057	3602	1946	401	2767	3316	2299	347	3052	2692	2042	280	2656	3490	2727	340	3884
chr20	17410855	17776854	366000	2	0	366000	196725	169275	22369	9575	14066	13663	12579	12914	18104	12272	13274	7931	14513	8726	11451	6875	8193	10219	13920	9809	2427	11140	16027	13537	3119	15760	12253	12163	2475	12200	13669	12934	2065	15776
chr20	17776855	17838963	62109	3	0	62109	32445	29664	3473	1576	2367	2093	2113	2261	3220	2130	2202	1400	2599	1502	1721	1032	1256	1499	2349	1703	387	1830	2959	2594	525	2815	2124	2167	375	2132	2293	2429	317	2664
chr20	17838965	17934855	95891	3	0	95891	50418	45473	5625	2455	3540	3295	3375	3496	5107	3040	3330	2071	4093	2323	2585	1743	1952	2388	3663	2662	586	2854	4515	3820	712	4320	3250	3296	580	3396	3590	3590	516	4121
chr20	17934856	17958846	23991	2	0	23991	13752	10239	1767	753	999	1026	886	774	1086	833	929	477	751	590	963	621	621	675	986	646	151	841	958	672	138	898	722	610	129	739	913	738	118	979
chr20	17958848	17964856	6009	2	0	6009	3375	2634	425	191	245	233	234	178	297	185	224	118	219	159	211	137	166	152	218	153	31	222	230	154	38	242	195	181	36	214	251	176	43	249
chr20	17964857	17996077	31221	3	0	31221	17530	13691	2554	925	1097	1317	1176	1056	1333	898	1008	619	1149	706	1156	754	819	961	1195	861	252	1046	1280	872	324	1189	907	988	317	978	1081	944	271	1186
chr20	17996078	18128855	132778	3	0	132778	72197	60581	9068	3482	4756	5142	4800	4472	6225	4154	4581	2622	5458	3421	4000	2689	3132	4193	4835	3623	783	4024	5780	4535	1274	5691	4105	4440	1119	4290	4932	4682	902	5566
chr20	18128856	18280855	152000	4	0	152000	87177	64823	11477	4313	5850	6959	5788	5214	6611	5152	5741	2830	5356	4056	5594	3384	3665	5185	6143	3861	906	4831	6131	4158	1008	5674	4526	4181	864	4557	5965	4771	826	6421
chr20	18280856	18785855	505000	3	0	505000	292578	212422	38302	14946	20241	22945	18952	16041	21813	17945	19602	9995	17398	13018	19578	11056	12687	18058	20385	12533	2649	16470	19849	13613	2944	18745	14914	12969	2493	14844	19603	16036	2294	22080
chr20	18785856	18898855	113000	4	0	113000	65461	47539	7863	3395	4736	5118	4563	3463	4881	4458	4608	2280	3936	3151	4079	2282	2697	3949	4718	2758	437	3507	4676	3202	408	4092	3459	2659	344	3304	4512	3759	357	5347
chr20	18898856	19340855	442000	3	0	442000	254950	187050	30522	12823	18006	20083	17040	13970	19190	17021	17906	9000	15412	11845	15966	9056	10800	16309	18319	10785	2036	13709	17850	12902	1883	16544	13532	10561	1649	13116	17520	14931	1674	20038
chr20	19340856	19469855	129000	4	0	129000	74351	54649	8715	3716	5313	5777	4924	4191	5707	5057	5324	2680	4406	3527	4558	2731	3088	4637	5420	3155	619	4124	5215	3704	540	4774	3978	3031	392	3758	5266	4344	469	5858
chr20	19469856	19653855	184000	3	0	184000	102532	81468	10982	5038	7509	7513	6761	6306	8611	7119	7305	3877	6918	4972	5995	3593	4354	5678	7483	4626	915	5790	7914	5987	844	7398	5986	4856	697	5899	7414	6673	680	8305
chr20	19653856	20007855	354000	2	0	354000	196564	157436	23282	9936	14025	14431	12940	12116	16333	12885	13749	7231	13415	9176	11703	6872	8084	10385	13841	9175	2126	11013	14947	11256	2389	14430	11542	10109	1917	11120	13944	12482	1850	15294
chr20	20007856	20137855	130000	3	0	130000	78043	51957	10713	4045	5357	6525	5005	3762	5202	4816	5334	2452	4049	3523	5588	3052	3306	5314	5347	2934	656	4374	4686	3056	670	4318	3633	2832	597	3494	5118	3909	603	5728
chr20	20137856	20242855	105000	4	0	105000	61966	43034	7925	3199	4146	5106	3936	3313	4404	4234	4301	2020	3446	2836	4214	2346	2552	3988	4505	2469	486	3418	4012	2798	433	3686	3170	2280	349	2823	4199	3383	400	4621
chr20	20242856	20461855	219000	5	0	219000	122734	96266	14702	6040	8556	9459	7637	7606	9940	7982	8577	4544	7948	5407	7841	4272	4867	7356	8732	5337	1487	6906	8748	6926	1656	8491	7012	6179	1576	6739	8673	7380	1247	9175
chr20	20461856	20585855	124000	6	0	124000	75478	48522	10081	3775	5291	6533	4661	3726	4892	4819	5197	2187	3748	3283	5741	3045	3259	5239	5292	2717	548	4176	4221	2730	428	4132	3586	2577	335	3364	5000	3486	411	5518
chr20	20585856	20700554	114699	5	0	114699	69358	45341	9422	3497	4811	5852	4289	3410	4624	4177	4644	2097	3743	3004	5226	2840	2969	4751	4846	2598	472	3928	4034	2557	426	3988	3154	2428	359	3063	4466	3422	431	5169
chr20	20700556	20884856	184301	5	0	184301	103603	80698	12690	5213	7329	7878	7017	6070	8393	6394	6975	3771	7051	4809	6427	3622	4304	5659	7287	4598	997	5794	7692	5580	1117	7374	5753	5208	942	5749	7142	6376	928	8160
chr20	20884857	20946612	61756	6	0	61756	35400	26356	4180	1769	2654	2782	2378	1880	2642	2406	2554	1306	2187	1644	2273	1222	1441	2080	2501	1463	314	1900	2499	1808	320	2353	1819	1538	251	1898	2487	2171	261	2773
chr20	20946614	20956483	9870	6	0	9870	5436	4434	586	246	431	414	376	333	456	377	382	211	354	273	333	161	234	268	363	256	43	290	454	337	46	424	341	297	28	334	384	371	39	426
chr20	20956485	21163908	207424	6	0	207424	120530	86894	14618	5984	8120	10029	7793	6571	8658	7772	8148	3976	7095	5427	8191	4486	5215	8446	8471	4896	1152	6498	7958	5800	1235	7467	6220	5233	1165	6152	8145	6531	1000	8970
chr20	21163910	21195374	31465	6	0	31465	18503	12962	2571	988	1230	1478	1261	930	1318	1184	1208	625	1017	829	1227	715	822	1098	1253	815	159	1031	1272	786	136	1155	911	775	118	872	1257	973	119	1330
chr20	21195376	21205522	10147	6	0	10147	6057	4090	823	299	408	526	377	291	453	335	354	216	307	292	501	222	278	373	385	251	48	344	372	222	46	374	301	235	44	298	398	306	36	430
chr20	21205524	21432861	227338	6	0	227338	135785	91553	18884	6948	9184	11449	8792	6893	9041	8049	8946	4164	7270	5855	9843	5457	5849	9161	9352	5246	1201	7663	8255	5406	1295	7722	6407	5258	1234	6277	8761	6768	1024	9682
chr20	21432862	21570861	138000	7	0	138000	78067	59933	9973	3843	5410	6304	4997	4200	5769	4839	5459	2700	5095	3569	5101	2882	3130	4794	5243	3398	866	4118	5410	4470	1334	5207	4009	3755	1273	4027	5143	4798	829	6053
chr20	21570862	21730861	160000	8	0	160000	90801	69199	11055	4550	6638	7038	6061	5093	6971	5692	6468	3198	5747	4096	5697	3205	3698	5594	6412	3944	920	4769	6374	4871	1085	6236	4963	4198	961	4956	6068	5553	794	7093
chr20	21730862	22201861	471000	9	0	471000	285955	185045	37634	14511	19522	24769	19505	13466	17883	19051	19719	8836	14525	13259	19579	10603	12303	20789	20046	10581	1855	14934	17237	10709	1507	15195	13607	9149	1319	12566	19015	14209	1577	21538
chr20	22201862	22366861	165000	8	0	165000	98081	66919	12384	4929	7006	8226	6449	5021	6634	6563	6959	3195	5327	4395	6753	3633	4054	6552	6968	3730	764	5317	6204	4162	663	5658	4973	3499	528	4576	6522	5297	587	7470
chr20	22366862	22653861	287000	7	0	287000	165370	121630	20784	8243	11919	13351	10917	9184	12111	10664	11938	5581	10248	7421	10657	5621	6602	10128	11701	6745	1428	8755	11032	8473	1731	10708	8886	7138	1435	8409	11257	9587	1336	13008
chr20	22653862	22858861	205000	6	0	205000	116139	88861	13196	5812	8535	8558	7730	6813	9379	7974	8331	4317	7668	5329	6844	4095	4850	6707	8670	5021	934	6412	8258	5981	884	8078	6741	5115	694	6427	8228	7084	818	9515
chr20	22858862	22919508	60647	5	0	60647	35696	24951	4489	1856	2522	2849	2401	1901	2544	2403	2591	1198	2036	1683	2235	1232	1516	2239	2570	1435	236	1946	2370	1586	183	2130	1845	1273	174	1694	2463	1975	221	2849
chr20	22919510	23060862	141353	5	0	141353	79464	61889	9322	3989	5891	5882	5205	4594	6574	5100	5822	3028	5151	3665	4735	2698	3268	4539	5718	3509	729	4354	5702	4411	871	5518	4556	3704	779	4371	5497	4879	649	6641
chr20	23060863	23766862	706000	6	0	706000	387818	318182	43516	19237	27677	27588	25434	25051	34499	25791	27005	15274	26678	17720	22063	13367	15883	21033	29564	18399	3780	21186	30195	24452	4178	29352	23938	20101	3531	22828	27079	25225	3003	31371
chr20	23766863	23882862	116000	7	0	116000	64482	51518	6884	3062	4464	4552	4154	4345	5483	4766	4504	2486	4454	3220	3420	2277	2681	3730	5072	3147	466	3485	4942	3797	472	4811	3942	2874	369	3475	4792	4206	355	5311
chr20	23882863	24074131	191269	6	0	191269	106542	84727	11912	5158	7373	8030	7065	6865	9189	7258	7248	3953	7067	5194	6248	3533	4237	6212	7999	4884	934	5692	8092	6229	1019	7638	6598	5224	769	6185	7687	6641	784	8350
chr20	24074133	24347863	273731	6	0	273731	157981	115750	18325	7874	11237	12397	10254	9193	12247	10622	11088	5687	9325	7273	10166	5687	6693	9912	11785	6571	1294	8791	10672	7612	1100	10219	8745	6466	939	8182	11114	8955	993	12311
chr20	24347864	24535863	188000	5	0	188000	103664	84336	11524	5099	7313	7458	6597	6818	9192	7099	7319	3984	6930	4678	5954	3520	4105	6073	8083	4616	1094	5629	7863	6266	1168	7602	6493	5389	1089	6132	7267	6628	839	8177
chr20	24535864	24656863	121000	4	0	121000	65781	55219	7246	3267	4655	4637	4183	4266	6050	4543	4787	2572	4785	3082	3589	2135	2481	3502	4844	3008	764	3624	5082	4308	886	5004	4366	3449	645	4012	4749	4515	631	5331
chr20	24656864	24866863	210000	3	0	210000	108885	101115	10684	5360	7794	7043	7013	8208	11481	7408	7628	4812	8548	4968	5556	3334	4087	4961	8390	6074	1331	5919	9909	8768	1594	9625	7853	7022	1192	7481	7958	8033	1079	8885
chr20	24866864	25070863	204000	2	0	204000	105399	98601	10654	5494	7463	6580	6925	7831	11206	7009	7309	4685	7931	4751	5303	3429	4144	4684	8299	5720	1359	6062	9602	8887	1676	9154	7528	7095	1403	7140	7542	7617	1128	8388
chr20	25070864	25496863	426000	1	0	426000	224712	201288	26391	11128	15154	15186	14644	15732	22045	13773	14480	9292	16772	10194	12345	7710	8924	10941	16449	11694	3076	12643	19281	16446	4202	18616	14791	15087	3713	14551	15673	15319	2661	17085
chr20	25496864	25656863	160000	2	0	160000	86976	73024	10896	4326	5872	5994	5697	5756	7895	5186	5478	3346	6312	3893	5017	3168	3500	4639	6403	4270	1072	4850	6882	5315	1364	6776	5250	5314	1264	5234	5999	5438	872	6720
chr20	25656864	25697863	41000	3	0	41000	23932	17068	3167	1205	1552	1935	1573	1326	1676	1497	1559	775	1410	1075	1560	937	1024	1659	1725	965	216	1337	1581	1065	229	1577	1199	1050	242	1063	1567	1372	195	1685
chr20	25697864	25733863	36000	4	0	36000	22407	13593	3224	1205	1444	2026	1663	921	1309	1453	1569	662	964	1129	1442	818	961	1615	1571	836	131	1068	1314	707	87	1063	1014	548	67	863	1447	1080	113	1684
chr20	25733864	25751863	18000	5	0	18000	10458	7542	1248	498	644	877	653	587	784	733	645	376	562	468	721	418	469	774	786	443	86	565	735	563	76	682	537	462	61	494	699	588	47	717
chr20	25859909	25859948	40	9	0	40	15	25	1	0	3	0	3	2	2	0	0	0	3	0	0	0	0	0	0	0	1	1	2	1	1	3	4	4	0	4	1	2	0	0
chr20	25964864	25987863	23000	5	0	23000	13349	9651	2081	748	809	954	941	902	960	790	998	415	804	720	571	333	588	734	1153	476	144	625	765	587	143	834	634	564	128	660	1040	702	153	1042
chr20	25987864	26002863	15000	6	0	15000	7985	7015	958	349	541	544	539	633	728	490	496	357	650	417	399	242	253	387	623	435	95	428	700	487	143	634	483	499	127	441	585	543	123	669
chr20	26169864	26202863	33000	7	0	33000	21830	11170	3035	1072	1405	2240	1391	812	962	1346	1364	523	811	896	1962	943	927	2140	1511	589	108	1142	914	426	77	825	769	446	46	723	1317	781	79	1416
chr20	28534740	28534795	56	9	0	56	38	18	8	2	4	2	0	2	2	2	7	1	1	1	1	0	2	3	2	0	0	2	0	0	0	1	1	0	0	1	3	1	0	5
chr20	30285824	30311823	26000	9	0	26000	13271	12729	1264	646	1033	812	820	896	1259	754	933	570	1290	617	738	441	560	637	929	723	151	750	1179	1289	283	1278	760	936	227	813	861	1082	165	1302
chr20	31265697	31275696	10000	5	0	10000	5747	4253	727	304	424	411	389	314	473	327	417	198	349	280	333	215	236	348	407	270	33	321	420	274	59	341	307	221	33	323	369	329	49	497
chr20	31275697	31301696	26000	4	0	26000	15742	10258	2103	781	1070	1318	1094	718	1036	1019	1126	470	766	786	948	605	682	1219	1108	619	67	780	1028	626	73	835	713	542	49	670	1018	775	85	1269
chr20	31301697	31341696	40000	3	0	40000	24630	15370	3237	1217	1752	2214	1675	1053	1425	1535	1762	717	1294	1145	1745	957	1082	1818	1638	856	164	1286	1356	810	130	1283	1078	724	113	1013	1616	1189	143	1971
chr20	31341697	31482696	141000	2	0	141000	79500	61500	10158	3813	5379	6128	5000	4385	6118	4780	5304	2856	5609	3696	5016	2850	3428	4978	5049	3626	731	4498	5655	4651	1174	5697	4001	4011	852	4090	5578	4889	749	6249
chr20	31482697	31838696	356000	1	0	356000	185676	170324	22437	8861	12104	11972	12167	12940	18544	10374	10954	7371	15778	8468	9816	7109	7991	8790	12544	10344	2278	11115	16653	13442	3636	16513	11771	13757	3344	12354	13056	12700	2380	14435
chr20	31838697	32136696	298000	2	0	298000	154108	143892	16601	7334	10754	9782	9954	10749	15583	9384	10033	6632	13107	7201	7883	5389	6466	7255	10933	8521	1733	8916	13898	12933	2746	14158	9874	10674	2296	10236	10965	11607	1801	12600
chr20	32136697	32540216	403520	1	0	403520	211344	192176	25362	10071	14118	13837	13610	14636	20840	12263	12904	8307	17232	9467	11512	7789	8804	10591	14510	11311	2664	12319	18527	15832	4125	18408	13577	15373	3542	14077	14735	14376	2609	16190
chr20	32540218	32719649	179432	1	0	179432	85925	93507	8713	3829	5480	4746	5437	7184	10726	5075	5052	4064	8920	4038	3566	2728	3309	3057	6157	5278	1214	5156	9488	9202	2173	9438	6313	8467	1731	6815	6464	7353	1230	7027
chr20	32719650	32722268	2619	1	0	2619	1407	1212	192	68	78	101	98	68	145	76	72	48	114	73	77	59	64	72	84	61	16	82	113	75	31	113	91	113	19	107	99	83	26	99
chr20	32722277	32723045	769	1	0	769	370	399	44	12	15	24	17	40	48	16	18	21	39	21	16	11	15	11	21	32	8	23	47	29	13	33	20	39	9	26	34	22	8	35
chr20	32723046	32740326	17281	1	0	17281	8885	8396	1149	401	504	560	575	669	887	470	411	352	838	431	479	336	396	425	579	505	133	541	801	618	262	785	573	748	193	626	648	595	116	673
chr20	32740328	32740363	36	1	0	36	22	14	4	1	4	0	0	1	0	1	1	0	0	1	4	2	2	0	1	0	1	3	0	1	1	1	1	2	0	1	0	0	0	1
chr20	32740365	32740542	178	1	0	178	129	49	24	3	5	14	9	2	1	16	2	3	1	10	11	6	1	19	6	6	0	2	10	2	0	1	4	1	0	1	8	4	0	4
chr20	32740544	32740813	270	1	0	270	143	127	23	10	7	8	14	10	13	7	3	5	8	5	8	7	9	6	16	8	1	7	14	8	1	12	7	12	7	12	7	6	1	6
chr20	32740814	32741158	345	1	0	345	179	166	33	11	13	6	14	15	20	9	7	7	13	6	8	9	6	1	10	10	6	15	18	7	1	17	15	17	4	12	15	9	1	8
chr20	32741160	32741395	236	1	0	236	128	108	27	5	6	6	8	10	14	5	5	5	6	6	3	7	11	3	7	7	1	12	12	9	1	10	7	8	0	11	10	8	0	4
chr20	32741396	32871693	130298	1	0	130298	68738	61560	8427	3347	4636	4541	4515	4658	6612	3938	4181	2828	5443	3152	3828	2570	2935	3125	4710	3719	942	4032	5820	4798	1329	5936	4302	4790	1173	4405	4891	4576	884	5253
chr20	32871694	33017693	146000	2	0	146000	74698	71302	8011	3429	5229	4704	4842	5382	7968	4635	4847	3234	6373	3494	3674	2474	2937	3463	5101	4240	919	4260	7273	6477	1199	7103	5033	5638	982	5129	5420	5697	816	6015
chr20	33017694	33193693	176000	3	0	176000	89647	86353	8260	4136	6427	5582	5802	6573	9435	6281	6089	4156	7730	4545	4255	2913	3512	3950	6215	5247	1030	5286	9026	7978	1361	8497	5963	6319	952	5958	6887	7319	951	7363
chr20	33193694	33333693	140000	2	0	140000	72368	67632	7234	3494	5191	4417	4812	5223	7610	4776	4854	3165	6165	3596	3437	2356	2812	3225	5288	3962	773	4215	6831	5856	933	6691	4789	4905	740	4868	5513	5587	676	6004
chr20	33333694	34435691	1101998	1	0	1101998	593311	508687	74092	28796	39293	40822	38786	38122	54328	33481	35794	22753	46405	27589	34331	22436	26053	30230	39785	30394	6835	35093	48678	37600	10207	48300	34501	38922	9218	36611	41753	37869	6846	46073
chr20	34435693	34529363	93671	1	0	93671	55387	38284	7860	2842	3477	4519	3465	2751	3873	3166	3364	1725	3124	2531	4009	2342	2439	3900	3697	2238	555	3170	3471	2332	693	3242	2519	2425	637	2561	3568	2743	491	3940
chr20	34529365	34747857	218493	1	0	218493	118136	100357	15093	5764	7690	8247	7679	7559	10633	6751	7059	4510	8951	5212	6963	4503	5328	6194	8011	6008	1320	6997	9591	7643	2010	9397	6859	7687	1834	7267	8161	7303	1326	8941
chr20	34747859	35013696	265838	1	0	265838	142744	123094	16806	6830	9708	9989	9286	8903	13082	8243	8997	5520	11057	6539	8244	5420	6478	7641	9493	7454	1522	8203	11734	9768	2315	12091	8285	9212	2037	8866	10002	9474	1472	11165
chr20	35013697	35238696	225000	2	0	225000	127640	97360	17045	6296	8362	9624	8232	7239	9842	7444	7793	4301	8506	5806	8257	5130	5601	8162	8555	5703	1312	7396	9106	6720	1802	8684	6637	6761	1561	6715	8459	7129	1303	9515
chr20	35238697	35421457	182761	1	0	182761	98208	84553	11764	4782	6700	6621	6200	6345	9193	5660	6229	3896	7631	4458	5674	3745	4354	4955	6732	5012	1085	5940	8014	6506	1586	8125	5641	6280	1307	6110	7011	6433	1068	7702
chr20	35421459	35423146	1688	1	0	1688	889	799	112	42	52	64	68	71	86	43	40	38	75	47	49	28	35	38	60	57	8	54	82	54	21	73	53	71	13	53	73	48	10	68
chr20	35423152	35423627	476	1	0	476	330	146	62	11	24	40	29	7	11	18	22	5	7	17	23	12	14	27	22	6	0	7	7	5	0	11	15	7	0	14	21	6	0	24
chr20	35423629	35423674	46	1	0	46	15	31	0	0	0	0	0	4	5	0	0	0	4	2	0	0	0	0	0	0	1	3	2	2	2	1	5	3	0	4	2	2	1	1
chr20	35423676	35426223	2548	1	0	2548	1413	1135	196	84	97	91	109	70	116	85	85	43	104	58	79	56	55	84	80	65	25	83	117	69	16	107	83	95	22	82	100	80	11	99
chr20	35426225	35426267	43	1	0	43	17	26	0	1	1	0	1	1	3	1	1	2	3	3	0	0	0	0	1	1	1	1	2	1	1	3	0	2	1	1	3	4	1	1
chr20	35426269	35428951	2683	1	0	2683	1442	1241	185	62	100	86	79	108	142	76	81	55	135	63	88	46	61	75	100	67	11	93	126	70	19	115	75	95	21	114	104	98	15	116
chr20	35428952	35430799	1848	1	0	1848	986	862	96	49	63	69	56	61	104	58	73	40	95	47	53	31	48	42	67	35	9	70	75	55	14	82	55	63	14	68	82	73	9	90
chr20	35430801	35430947	147	1	0	147	77	70	16	3	7	1	3	6	7	3	3	2	9	5	3	2	4	1	4	5	0	4	6	2	1	11	3	7	2	6	6	6	1	6
chr20	35430949	35431359	411	1	0	411	230	181	36	12	25	7	13	21	23	12	15	4	14	9	15	6	7	10	16	13	1	13	13	5	1	19	26	10	2	20	14	10	0	17
chr20	35431360	35435450	4091	1	0	4091	1865	2226	135	87	134	92	114	167	265	102	135	102	212	80	65	52	61	60	138	118	34	118	230	238	55	214	136	198	39	179	144	183	40	162
chr20	35435469	35438359	2891	1	0	2891	1351	1540	120	51	114	55	91	131	167	100	90	72	133	48	38	43	40	57	129	73	27	68	130	177	37	152	130	135	19	120	100	111	17	114
chr20	35438360	35438824	465	1	0	465	236	229	27	13	14	14	9	30	23	15	15	7	25	9	17	3	8	6	26	11	2	15	16	26	5	20	17	15	3	16	18	15	4	19
chr20	35438825	35438863	39	1	0	39	21	18	1	1	0	0	0	17	0	0	0	0	0	0	1	0	0	0	17	0	0	0	0	0	0	0	0	0	0	0	0	0	0	0
chr20	35438864	35439908	1045	1	0	1045	498	547	57	19	35	24	19	53	62	25	40	23	47	21	19	24	17	12	49	27	12	31	48	60	13	50	29	43	17	37	34	41	12	43
chr20	35439909	35442537	2629	1	0	2629	1428	1201	193	63	75	104	96	114	121	73	59	50	129	72	88	58	65	67	96	81	19	89	123	81	20	106	80	94	17	85	105	74	20	110
chr20	35442538	35446908	4371	1	0	4371	2305	2066	301	114	121	178	149	144	238	120	118	92	211	96	147	74	89	112	134	129	21	140	212	173	43	190	147	167	33	159	158	150	39	170
chr20	35446909	35447956	1048	1	0	1048	603	445	86	33	33	49	30	40	43	36	40	17	35	14	45	28	25	48	52	25	10	31	29	45	11	38	36	23	13	26	32	30	2	41
chr20	35447957	35448448	492	1	0	492	310	182	58	14	19	27	18	11	13	12	18	6	21	14	23	9	9	37	14	11	2	12	13	20	3	19	9	5	2	12	18	19	3	19
chr20	35448449	35449281	833	1	0	833	402	431	45	12	34	18	33	37	47	26	21	24	38	21	11	8	18	7	27	25	2	27	47	32	7	42	34	37	6	41	36	34	7	27
chr20	35449283	35451050	1768	1	0	1768	945	823	127	44	70	51	60	67	87	46	58	35	87	45	49	25	50	42	58	41	7	65	77	58	9	81	57	55	17	73	68	71	11	75
chr20	35451065	35455111	4047	1	0	4047	2179	1868	248	102	132	166	136	124	179	118	133	83	161	97	130	94	122	152	132	122	31	118	152	135	58	186	135	135	62	128	138	139	35	162
chr20	35455113	35458575	3463	1	0	3463	1785	1678	200	89	111	133	107	103	162	93	97	63	158	88	128	81	85	86	110	87	32	107	137	141	66	143	107	140	65	136	111	120	45	130
chr20	35458576	35458966	391	1	0	391	259	132	56	13	14	26	14	5	19	8	18	3	13	11	21	11	11	15	14	5	0	13	6	9	0	12	14	4	0	10	12	9	0	23
chr20	35458970	35461882	2913	1	0	2913	1646	1267	194	84	101	129	113	94	126	113	91	38	119	71	111	64	80	117	110	70	13	87	121	81	13	132	101	111	11	97	114	84	11	110
chr20	35461883	35466783	4901	1	0	4901	2565	2336	268	147	196	130	166	163	283	159	172	104	210	112	135	87	117	115	156	155	17	172	239	159	24	241	182	171	29	192	194	178	24	202
chr20	35466785	35466800	16	1	0	16	7	9	0	0	0	1	0	1	1	0	1	0	0	1	0	0	0	0	0	0	0	1	2	1	0	0	1	1	0	0	0	1	2	0
chr20	35466802	35485064	18263	1	0	18263	9980	8283	1175	486	716	674	622	513	927	571	688	390	829	436	565	354	494	539	620	472	83	568	741	605	114	846	558	562	96	674	714	667	85	877
chr20	35485066	35485645	580	1	0	580	303	277	52	15	18	11	22	23	33	9	8	13	29	13	13	12	20	11	18	19	2	24	32	11	4	26	17	27	7	26	20	16	3	24
chr20	35485646	35491895	6250	1	0	6250	3308	2942	395	149	228	215	221	226	324	197	188	118	259	135	184	139	178	151	217	185	34	196	300	199	33	306	228	243	44	257	223	211	35	230
chr20	35491896	35494976	3081	1	0	3081	1643	1438	174	76	107	102	108	118	153	106	106	65	139	70	70	63	67	118	116	91	13	101	151	113	17	141	95	104	17	98	123	114	17	126
chr20	35494977	35501834	6858	1	0	6858	3508	3350	302	167	251	223	225	214	393	211	251	131	364	177	165	117	161	155	216	191	33	188	316	253	45	378	228	257	39	282	283	291	27	322
chr20	35501837	35501851	15	1	0	15	10	5	2	0	1	1	1	0	0	0	1	0	2	1	0	0	0	0	0	0	0	0	0	0	0	0	0	0	0	0	1	0	0	3
chr20	35501853	35502269	417	1	0	417	203	214	13	8	19	12	11	10	28	12	21	12	15	7	6	11	8	9	11	13	1	15	24	21	1	28	11	14	4	15	15	26	2	12
chr20	35502270	35505652	3383	1	0	3383	1466	1917	73	59	128	35	77	90	287	62	117	88	242	77	29	32	49	20	74	87	22	86	160	138	41	229	173	153	28	202	109	190	35	189
chr20	35505653	35518135	12483	1	0	12483	6061	6422	502	281	484	285	389	474	790	368	433	295	630	258	226	195	254	195	443	377	59	366	617	559	101	688	474	518	62	542	487	511	56	562
chr20	35518148	35521886	3739	1	0	3739	2043	1696	277	101	105	154	148	148	174	90	103	76	179	95	109	83	101	99	134	117	21	137	160	96	33	166	109	123	42	104	157	118	26	152
chr20	35521891	35527625	5735	1	0	5735	2956	2779	335	136	208	185	209	195	318	176	184	135	243	155	136	109	123	108	180	176	32	187	290	225	38	304	205	227	27	171	223	229	33	231
chr20	35527626	35529903	2278	1	0	2278	1037	1241	81	41	77	44	63	88	139	69	75	63	112	58	25	31	39	31	73	81	12	56	140	146	27	125	70	101	19	82	76	110	18	104
chr20	35529904	35530219	316	1	0	316	158	158	30	8	7	8	11	11	19	10	7	5	14	6	7	3	4	6	5	8	2	12	22	7	4	14	12	20	8	12	12	12	2	6
chr20	35530223	35531164	942	1	0	942	487	455	42	29	22	44	38	35	48	15	25	16	51	25	32	22	15	27	29	31	9	33	45	39	17	37	27	37	10	24	35	31	8	42
chr20	35531167	35532620	1454	1	0	1454	801	653	133	34	51	60	54	78	65	31	41	22	57	30	51	31	31	31	66	42	8	48	69	36	12	55	41	60	15	50	52	34	13	51
chr20	35532621	35533164	544	1	0	544	324	220	63	8	18	27	19	19	23	15	15	11	21	12	18	13	18	22	14	14	3	20	21	12	1	22	19	12	3	20	22	18	1	18
chr20	35533169	35533832	664	1	0	664	351	313	65	11	15	26	27	20	39	16	9	11	35	15	18	16	15	11	17	21	2	18	31	14	8	34	29	33	7	29	25	19	3	23
chr20	35533833	35533877	45	1	0	45	30	15	0	0	0	0	0	14	0	1	0	0	0	0	0	0	0	13	15	0	0	0	0	0	0	0	0	0	0	0	0	0	0	0
chr20	35533881	35535335	1455	1	0	1455	848	607	117	41	39	73	45	46	66	58	59	14	56	40	49	37	40	67	51	34	9	43	62	37	5	60	44	49	8	35	58	44	4	63
chr20	35535337	35535837	501	1	0	501	239	262	28	10	11	12	17	20	33	14	11	7	32	11	6	9	12	5	10	14	6	16	25	8	2	28	28	27	12	25	21	14	6	19
chr20	35535839	35539267	3429	1	0	3429	1886	1543	263	93	95	144	119	121	167	83	83	63	138	80	129	58	85	163	108	105	15	107	163	116	36	149	110	128	32	110	109	115	21	119
chr20	35539295	35539312	18	1	0	18	16	2	1	1	0	1	0	0	1	0	0	0	0	0	2	0	0	8	1	0	0	1	0	0	0	0	0	0	0	0	0	0	0	0
chr20	35539336	35539472	137	1	0	137	126	11	7	11	4	4	0	0	3	1	0	0	0	0	18	0	0	76	4	0	0	7	0	0	0	0	0	0	0	0	0	0	0	0
chr20	35539498	35544013	4516	1	0	4516	2368	2148	210	129	162	151	141	140	217	124	142	93	172	117	159	98	113	198	141	141	37	141	197	188	73	194	140	151	61	160	144	172	39	169
chr20	35544018	35544805	788	1	0	788	373	415	29	14	28	15	32	32	38	26	14	18	36	31	11	10	21	18	30	19	7	17	40	29	14	34	29	46	20	29	29	23	5	42
chr20	35544806	35547787	2982	1	0	2982	1583	1399	157	77	113	97	109	120	148	72	102	66	151	82	77	75	75	61	91	106	19	122	129	97	24	139	80	83	16	91	149	104	13	135
chr20	35547788	35549142	1355	1	0	1355	700	655	70	26	55	40	34	54	89	40	46	30	58	30	41	26	27	34	50	31	5	49	60	42	13	63	54	65	4	53	52	40	8	64
chr20	35549143	35553020	3878	1	0	3878	1983	1895	164	84	140	124	136	136	187	148	131	88	193	96	81	91	100	82	134	109	25	131	177	151	35	200	137	133	21	133	160	170	23	156
chr20	35553021	35553171	151	1	0	151	78	73	26	0	3	1	5	7	8	6	0	3	12	3	1	0	1	0	3	4	0	3	10	1	0	10	7	10	0	7	6	6	2	4
chr20	35553172	35558539	5368	1	0	5368	2376	2992	153	110	194	82	149	200	357	141	167	125	286	130	71	74	92	43	161	163	40	145	311	339	53	344	184	294	44	206	191	251	31	235
chr20	35558541	35559511	971	1	0	971	384	587	17	14	39	5	18	52	70	18	36	22	49	16	4	10	9	5	24	42	9	23	59	60	25	63	36	62	15	44	39	43	4	37
chr20	35559515	35563034	3520	1	0	3520	1492	2028	83	62	98	69	106	157	233	86	86	107	164	85	37	39	56	24	119	142	18	86	206	268	65	199	129	163	40	149	128	166	31	117
chr20	35563036	35563359	324	1	0	324	153	171	13	6	12	6	12	13	20	7	5	8	19	6	7	5	9	5	10	7	1	14	20	15	2	12	14	14	3	19	8	13	2	15
chr20	35563361	35564463	1103	1	0	1103	555	548	70	25	37	32	30	39	67	34	33	29	41	27	30	22	17	21	38	40	11	26	59	61	10	50	30	44	10	38	43	35	5	47
chr20	35564464	35564670	207	1	0	207	96	111	8	5	8	2	8	9	10	6	5	10	10	7	2	1	2	3	5	8	2	9	14	9	4	6	6	5	3	6	8	11	5	8
chr20	35564672	35565807	1136	1	0	1136	559	577	53	29	30	35	36	41	56	40	30	27	56	24	28	18	25	29	34	39	12	31	68	50	16	57	27	47	13	45	44	55	5	34
chr20	35565809	35565888	80	1	0	80	39	41	14	0	1	1	3	3	5	0	0	3	7	1	0	0	0	0	1	0	1	4	3	1	2	1	5	4	4	3	2	2	3	4
chr20	35565889	35565932	44	1	0	44	33	11	10	1	5	2	0	1	1	1	5	0	0	1	1	2	1	0	3	0	0	1	0	0	0	1	0	0	0	0	0	1	0	5
chr20	35565940	35566169	230	1	0	230	127	103	22	8	8	9	13	11	9	4	9	5	13	3	3	3	4	2	13	6	0	8	7	8	2	12	4	8	0	4	13	7	0	10
chr20	35566171	35566206	36	1	0	36	23	13	3	1	1	3	2	3	0	0	2	1	1	1	1	0	1	2	3	1	0	1	0	1	0	1	0	0	0	0	2	1	0	2
chr20	35566208	35566453	246	1	0	246	137	109	12	6	11	9	9	6	15	9	10	5	10	9	7	7	5	5	9	6	0	9	13	6	0	6	8	8	0	10	10	5	2	17
chr20	35566462	35567291	830	1	0	830	440	390	63	16	26	30	24	28	44	24	23	15	43	19	26	17	22	19	25	21	5	25	37	23	6	42	29	35	8	34	29	29	7	34
chr20	35567292	35569218	1927	1	0	1927	1069	858	167	57	61	64	69	58	96	54	57	48	87	44	55	41	58	52	73	55	9	67	83	42	11	83	44	68	23	63	77	55	15	89
chr20	35569219	35572103	2885	1	0	2885	1569	1316	230	74	78	110	100	104	153	84	72	50	129	65	89	74	67	88	100	87	16	99	140	96	21	117	105	101	19	99	96	90	18	112
chr20	35572143	36281577	709435	1	0	709435	381141	328294	46991	18442	25153	26223	24813	24405	35280	21705	23224	14491	29974	17571	21782	14666	16843	19577	25446	19568	4351	22639	31615	24323	6294	31535	22494	25143	5740	23885	26648	24732	4689	29191
chr20	36281578	36309163	27586	2	0	27586	14704	12882	1746	726	901	1071	964	937	1344	949	987	557	1156	661	747	556	575	825	1061	724	163	828	1208	1131	326	1144	873	962	252	849	1052	992	161	1156
chr20	36318683	36359096	40414	2	0	40414	19411	21003	1964	894	1276	1012	1244	1569	2438	1192	1171	951	1995	906	768	577	723	730	1415	1177	244	1155	2078	2234	430	2159	1463	1793	306	1526	1487	1697	246	1592
chr20	36359097	36962096	603000	1	0	603000	308991	294009	36283	14690	20089	18971	20034	22364	32596	17201	18343	13026	27478	14276	15372	11288	13460	13518	21107	17557	4049	18656	28607	24000	6455	28743	20102	23995	5739	21876	22379	22253	4143	24348
chr20	36962097	37428069	465973	2	0	465973	246284	219689	30349	11393	16500	16331	15816	17022	23351	14121	14774	9838	20383	11319	13634	9107	10336	12009	17139	12646	3193	14382	20856	17400	4725	20877	15133	17285	4037	15701	17181	16527	2995	19611
chr20	37428071	37560097	132027	2	0	132027	69181	62846	7358	3203	5321	4349	4554	4755	6504	4693	4880	2953	5764	3470	3439	2251	2670	3016	5025	3640	711	3786	6279	5542	910	6214	4304	4216	815	4335	4898	5547	700	5923
chr20	37560098	37935097	375000	3	0	375000	203485	171515	22466	9823	14731	14299	12954	12742	18475	12806	13912	7779	15364	9462	11987	7442	8754	10489	14278	9676	2163	11669	15872	13579	2549	16394	12329	11751	2236	12500	14497	13387	1872	16761
chr20	37935098	38342562	407465	2	0	407465	218266	189199	23956	10758	15379	14774	14229	14347	20223	13988	14576	8700	16621	10372	12106	7755	8972	11508	15627	11150	2434	12349	18303	15750	3015	18070	13094	13290	2421	13427	15763	14948	2208	17350
chr20	38342563	38348746	6184	2	0	6184	3107	3077	333	156	220	203	234	205	371	178	197	141	253	138	149	94	96	137	199	171	32	194	323	295	45	319	261	252	45	212	205	264	44	216
chr20	38348752	38348787	36	2	0	36	29	7	7	7	0	0	0	0	0	0	0	0	0	0	7	0	6	0	0	0	0	7	0	0	0	0	0	0	0	0	0	0	0	0
chr20	38348788	38348823	36	2	0	36	25	11	9	5	0	0	5	0	1	0	0	2	2	0	0	0	0	0	5	0	0	1	0	0	0	0	0	0	0	0	1	0	0	3
chr20	38348825	38353479	4655	2	0	4655	2401	2254	246	90	185	168	151	150	245	150	167	103	210	121	125	82	106	101	143	111	36	136	214	194	43	225	151	184	38	177	188	188	17	208
chr20	38353483	38356155	2673	2	0	2673	1375	1298	183	65	104	82	99	106	145	82	94	64	100	63	59	40	36	51	113	63	18	81	140	112	25	113	82	109	25	96	98	106	22	95
chr20	38356156	38356420	265	2	0	265	113	152	5	4	0	0	4	74	3	5	0	2	2	0	0	7	4	3	60	23	3	1	19	25	0	5	5	0	4	1	1	1	0	2
chr20	38356425	38360614	4190	2	0	4190	2218	1972	242	111	148	150	154	162	228	128	133	96	165	100	122	78	92	108	158	132	25	132	216	151	15	184	148	141	28	147	150	142	32	170
chr20	38360616	38360647	32	2	0	32	17	15	0	0	0	2	0	5	3	1	1	1	0	2	1	0	0	1	2	0	0	2	1	0	0	0	3	0	0	1	3	1	0	0
chr20	38360649	38362363	1715	2	0	1715	934	781	160	38	50	58	49	60	85	50	52	32	76	43	45	40	26	69	61	43	13	53	73	57	24	55	47	67	29	55	64	43	22	74
chr20	38362371	38365234	2864	2	0	2864	1440	1424	122	75	97	85	98	119	142	103	85	65	119	72	74	46	64	74	119	92	14	80	145	124	35	145	87	118	21	102	111	116	18	95
chr20	38365235	38365709	475	2	0	475	269	206	53	12	16	14	16	15	24	16	12	9	23	11	14	8	15	9	14	11	1	18	16	8	3	22	20	18	2	18	21	12	2	20
chr20	38365722	38374784	9063	2	0	9063	4977	4086	586	244	386	341	326	305	408	294	353	186	367	216	292	170	210	292	338	243	49	274	399	329	61	386	275	271	41	297	321	332	55	414
chr20	38374785	38374950	166	2	0	166	78	88	15	3	4	1	5	7	14	0	3	2	13	3	2	2	2	0	3	5	0	6	12	4	1	8	6	10	2	10	5	6	1	9
chr20	38374953	38375195	243	2	0	243	149	94	33	7	7	9	14	10	9	7	4	3	9	2	6	8	6	14	13	7	0	8	11	3	0	9	7	8	0	9	9	4	0	5
chr20	38375197	38378343	3147	2	0	3147	1650	1497	194	69	106	117	100	85	152	119	98	68	168	93	95	47	68	69	94	68	23	84	128	127	31	151	110	107	28	119	124	135	28	140
chr20	38378345	38378940	596	2	0	596	199	397	9	6	7	4	9	25	34	9	8	17	45	13	1	3	8	0	7	16	14	13	33	43	37	28	21	54	24	23	16	28	9	30
chr20	38378998	38379198	201	2	0	201	41	160	1	0	2	0	1	7	10	0	1	6	11	0	0	1	1	0	1	8	3	2	9	45	18	14	3	24	6	7	5	11	1	1
chr20	38379199	38379795	597	2	0	597	242	355	19	14	17	11	16	22	29	17	14	15	26	12	12	9	7	2	23	17	8	12	24	63	28	26	19	38	11	17	18	22	3	24
chr20	38379797	38382586	2790	2	0	2790	1474	1316	168	70	104	95	109	84	153	76	98	65	126	72	62	52	69	71	98	90	11	71	126	77	25	144	89	104	23	96	109	101	9	141
chr20	38382588	38382625	38	2	0	38	26	12	2	0	4	2	0	0	0	3	3	0	1	3	3	0	1	2	0	0	0	1	0	0	0	2	2	0	0	0	1	2	0	4
chr20	38382627	38396918	14292	2	0	14292	8093	6199	923	411	564	624	530	452	653	514	523	267	547	404	546	300	354	480	512	367	79	471	637	450	54	545	453	376	54	459	548	493	57	643
chr20	38396920	38398564	1645	2	0	1645	1116	529	171	61	72	109	71	34	53	61	71	27	42	49	101	43	45	105	75	25	2	62	45	11	2	33	35	16	0	33	64	39	2	84
chr20	38398566	38398583	18	2	0	18	11	7	1	0	2	0	1	1	0	1	1	1	0	2	0	0	0	0	2	0	0	0	1	0	0	0	0	0	0	0	0	1	0	2
chr20	38398585	38400225	1641	2	0	1641	919	722	99	49	55	75	58	57	68	61	62	34	66	35	59	37	44	58	67	47	18	45	70	58	5	81	47	49	2	36	60	60	5	72
chr20	38400226	38400277	52	2	0	52	27	25	0	0	1	1	1	14	0	0	0	1	0	2	1	0	4	1	13	0	0	1	1	0	0	2	0	3	0	1	1	0	0	2
chr20	38400278	38401546	1269	2	0	1269	785	484	126	34	50	85	46	33	43	48	66	17	41	28	57	24	29	56	44	26	3	35	44	35	5	39	29	30	6	35	53	32	14	54
chr20	38401559	38401787	229	2	0	229	131	98	15	7	5	12	9	9	5	14	9	3	10	13	6	2	5	7	9	9	0	3	12	14	1	6	2	1	1	4	14	8	0	12
chr20	38401789	38403607	1819	2	0	1819	1001	818	117	47	62	69	69	77	97	53	54	36	81	57	56	35	28	61	75	50	14	56	85	47	11	68	59	56	8	61	78	58	9	83
chr20	38403615	38408984	5370	2	0	5370	2717	2653	302	138	173	176	167	197	300	165	180	116	227	127	140	95	103	110	198	139	49	159	245	231	81	234	201	216	62	187	186	205	36	223
chr20	38408985	38414126	5142	2	0	5142	2771	2371	343	136	159	194	192	184	258	183	149	108	220	133	150	115	99	146	205	137	40	161	223	154	56	207	184	177	43	174	205	172	39	194
chr20	38414128	38417034	2907	2	0	2907	1574	1333	183	77	111	109	110	90	151	89	103	59	130	87	85	53	55	81	101	72	24	82	135	95	19	128	86	102	16	94	118	108	9	143
chr20	38417035	38418141	1107	2	0	1107	602	505	98	29	39	38	43	36	52	21	36	21	50	32	28	21	32	25	30	38	5	34	59	32	8	46	29	33	13	39	34	42	8	54
chr20	38418143	38422283	4141	2	0	4141	2121	2020	227	100	160	122	138	165	240	149	135	98	165	104	109	63	79	65	152	116	33	125	212	145	24	203	163	155	25	165	165	168	18	151
chr20	38422285	38422360	76	2	0	76	31	45	0	1	2	0	2	4	4	6	1	3	2	1	0	1	2	1	5	3	0	1	6	4	1	3	4	2	3	4	1	5	0	2
chr20	38422362	38423550	1189	2	0	1189	629	560	67	36	36	31	40	56	63	48	30	28	47	36	32	22	23	33	60	37	7	38	60	39	6	44	50	35	13	30	37	38	8	57
chr20	38423551	38424184	634	2	0	634	357	277	54	16	16	22	19	29	30	25	12	12	25	17	21	14	17	26	31	18	5	17	28	16	4	22	21	20	3	26	23	16	4	23
chr20	38424185	38426055	1871	2	0	1871	938	933	68	45	69	51	60	79	111	64	64	44	76	46	40	43	48	29	67	66	11	67	102	78	7	93	73	58	5	76	72	78	11	68
chr20	38426061	38434991	8931	2	0	8931	4268	4663	363	197	320	195	276	403	558	250	288	239	415	219	147	126	159	112	361	271	80	253	432	412	91	485	351	355	76	334	343	383	55	380
chr20	38434993	38435027	35	2	0	35	9	26	0	0	1	0	1	2	2	0	0	1	2	0	0	0	0	0	0	1	0	2	1	1	2	1	2	4	5	2	2	0	1	0
chr20	38435029	38461960	26932	2	0	26932	13785	13147	1540	624	955	883	907	979	1393	836	870	634	1229	666	685	481	543	559	918	757	212	831	1226	1116	338	1220	904	1006	286	933	1068	1021	174	1136
chr20	38461961	38462015	55	4	0	55	21	34	0	0	3	0	0	2	0	2	3	0	5	2	0	0	4	0	0	0	0	2	2	2	3	5	0	4	3	1	2	6	0	2
chr20	38462016	38474856	12841	2	0	12841	7170	5671	724	317	423	420	405	405	608	397	367	259	511	275	388	290	244	1136	486	308	84	393	531	428	156	492	399	432	136	413	399	439	86	488
chr20	38474857	38519856	45000	1	0	45000	27132	17868	3781	1418	1794	2257	1740	1270	1770	1649	1655	840	1411	1140	2074	1175	1299	1858	1845	1074	212	1572	1584	935	252	1501	1295	1081	228	1242	1705	1181	200	1960
chr20	38519857	38781856	262000	2	0	262000	141545	120455	15492	6884	10257	9774	9072	9174	12529	8858	9584	5499	10656	6750	8258	5215	6201	7340	10108	6998	1543	8123	11215	9551	2038	11413	8264	8101	1856	8755	10046	9567	1525	11352
chr20	38781857	38929856	148000	3	0	148000	77779	70221	8657	3774	5265	5070	5125	5191	7647	4927	4919	3159	6301	3683	4066	2722	3298	3974	5349	4112	893	4492	7006	5779	1249	6691	5029	5239	1103	5217	5506	5595	849	6111
chr20	38929857	39086856	157000	4	0	157000	87595	69405	10699	4429	6061	6286	5679	5229	7408	5405	5701	3278	5861	4012	5396	3402	3847	4901	6348	4061	920	5009	6447	4961	1046	6358	4893	4566	892	5051	6033	5225	834	6760
chr20	39086857	39201856	115000	5	0	115000	62667	52333	6328	2934	4649	4438	4161	3881	5610	4408	4340	2452	4626	3082	3519	2136	2671	3430	4513	2959	448	3484	5121	4273	462	5185	3814	3380	369	3825	4612	4429	397	5062
chr20	39201857	39314856	113000	6	0	113000	63221	49779	6489	3073	4551	4715	4155	3693	5392	4336	4353	2457	4318	3016	3831	2402	2805	3633	4586	2867	496	3676	4777	3604	441	4636	3673	2945	341	3593	4541	4042	400	5161
chr20	39314857	39597353	282497	7	0	282497	170113	112384	20807	8445	11798	14567	11208	8170	10842	11458	11761	5296	9345	8129	11841	6503	7648	12294	11831	6486	1043	9054	10310	6648	865	9814	7946	5645	678	7532	11592	8858	848	13233
chr20	39597355	40055903	458549	7	0	458549	278244	180305	34878	13960	19358	24156	18131	12677	17667	18266	19330	8785	15033	12615	20014	10464	12641	20267	19072	9962	1676	15176	16189	10453	1172	15782	12849	9118	1029	12064	18632	14063	1391	21677
chr20	40055905	40097858	41954	7	0	41954	25351	16603	3346	1211	1886	2172	1720	1185	1543	1496	1751	767	1333	1152	1797	939	1200	1852	1599	955	134	1414	1569	1084	114	1463	1167	871	91	1138	1609	1320	127	1947
chr20	40097859	40186251	88393	6	0	88393	53566	34827	6667	2524	3711	4718	3316	2596	3365	3482	3758	1646	2913	2542	3878	2104	2457	3887	3619	2014	338	2899	3074	2090	258	3076	2400	1645	231	2324	3666	2749	297	4147
chr20	40186253	40198859	12607	6	0	12607	7702	4905	1075	395	504	629	472	369	467	486	510	234	408	355	546	279	368	603	546	267	49	416	445	283	47	403	329	252	46	315	474	376	44	613
chr20	40198860	40301859	103000	5	0	103000	62012	40988	7642	3058	4425	5258	3948	2916	4008	3984	4240	1960	3450	2786	4554	2347	2699	4736	4227	2219	469	3366	3614	2503	373	3601	2967	2147	307	2758	4048	3222	309	4857
chr20	40301860	40594859	293000	4	0	293000	170006	122994	19500	8175	12421	13377	10996	8871	12445	11612	11964	5914	10689	8150	11013	6288	7442	11147	11888	6926	1048	9386	11569	8367	968	11395	8610	6936	843	8341	11857	10070	913	13877
chr20	40594860	40840859	246000	3	0	246000	134220	111780	14323	6390	9860	9699	8740	8241	11838	9062	9460	5297	9955	6372	7750	4581	5453	7197	9698	6229	1232	7350	10611	9082	1458	10566	8026	7196	1301	7947	9546	9210	1085	11243
chr20	40840860	41013859	173000	2	0	173000	94380	78620	10618	4465	6631	6872	6311	5847	8433	6121	6353	3607	6958	4471	5303	3318	3989	5082	6564	4524	792	5357	7838	6311	980	7397	5575	5320	807	5765	6735	6371	791	7492
chr20	41013860	41091859	78000	1	0	78000	45915	32085	6027	2450	3316	3647	3016	2264	3140	2619	3032	1456	2620	2023	3364	1898	2143	2899	3075	1858	379	2756	2811	1971	482	2897	2168	1939	424	2193	2985	2393	381	3372
chr20	41091860	41307859	216000	2	0	216000	122020	93980	14792	6141	8660	8848	7962	6772	9831	7571	8044	4375	7932	5457	7643	4919	5584	7488	8531	5502	1029	7144	8916	6756	1173	8736	6494	6177	1081	6632	8195	7146	971	9496
chr20	41307860	41434859	127000	1	0	127000	65317	61683	7273	3147	4694	3961	4112	4438	6862	3891	4313	2714	5562	2913	3377	2325	2745	2989	4441	3492	830	3861	5933	5464	1212	6025	4265	4881	1113	4663	4664	4797	727	5314
chr20	41434860	41503386	68527	2	0	68527	40531	27996	5010	2159	2854	3146	2523	2031	2913	2518	2790	1353	2237	1812	2846	1696	1874	2767	2893	1646	329	2371	2461	1759	291	2488	1959	1477	229	1901	2672	2117	285	3118
chr20	41503388	41666860	163473	2	0	163473	96007	67466	12313	4920	6800	7677	6232	4632	6684	5835	6435	3087	5694	4442	6730	3919	4406	6200	6398	3921	775	5464	6097	4397	860	6103	4600	3879	739	4574	6288	5260	668	7442
chr20	41666861	41765093	98233	3	0	98233	56020	42213	6850	2809	3988	4215	3838	3032	4380	3512	3811	1994	3586	2593	3361	2139	2484	3426	3973	2456	439	3106	4033	2888	473	3855	2971	2583	427	3025	3785	3322	425	4452
chr20	41765094	41771859	6766	3	0	6766	3765	3001	436	187	291	246	265	218	322	272	269	156	238	184	190	131	175	184	259	190	30	213	297	179	28	264	238	188	42	224	283	212	28	325
chr20	41771860	41854859	83000	4	0	83000	48363	34637	5822	2459	3370	3821	3285	2533	3546	3236	3376	1578	2817	2325	2988	1855	2167	3184	3330	2099	327	2669	3360	2311	285	3069	2572	1900	234	2384	3338	2716	264	3778
chr20	41854860	41939859	85000	5	0	85000	49613	35387	5917	2453	3596	3908	3317	2562	3592	3392	3437	1618	3000	2295	3203	1890	2126	3305	3490	2012	306	2715	3361	2367	269	3123	2609	1978	222	2583	3403	2763	293	3893
chr20	41939860	42081859	142000	6	0	142000	80767	61233	8666	3851	5913	6167	5268	4406	6426	5490	5591	3003	5346	3912	5072	2968	3631	5055	5656	3444	568	4560	5787	4314	511	5694	4427	3537	460	4422	5721	5011	481	6640
chr20	42081860	42117859	36000	7	0	36000	18981	17019	1804	912	1440	1169	1233	1230	1885	1335	1332	824	1497	954	956	650	846	914	1347	962	228	1079	1620	1376	230	1627	1308	1181	179	1274	1408	1334	177	1687
chr20	42117860	42146859	29000	6	0	29000	16075	12925	1489	800	1204	1105	1045	903	1381	1135	1110	624	1179	761	954	644	775	965	1104	766	104	997	1226	965	84	1280	997	764	82	881	1138	1061	94	1381
chr20	42146860	42365859	219000	7	0	219000	127642	91358	14659	6399	9100	10004	8301	6618	9140	8744	8998	4464	7780	6098	8205	4864	6013	8254	8887	5263	978	7216	8463	5980	784	8078	6505	4852	662	6349	8948	7210	792	10390
chr20	42365860	42493859	128000	6	0	128000	75552	52448	9193	3792	5279	6179	4958	3876	5125	5155	5170	2491	4349	3556	5122	2952	3296	5058	5410	3037	601	4063	4732	3435	466	4724	3796	2795	387	3436	5177	4090	472	5826
chr20	42493860	42612859	119000	7	0	119000	71011	47989	8642	3473	4765	6150	4609	3597	4750	4815	4760	2276	3926	3260	5018	2751	3068	5149	5063	2736	549	3749	4354	2946	471	4124	3578	2606	354	3236	4776	3607	440	5400
chr20	42612860	42683859	71000	8	0	71000	41430	29570	4809	2084	2898	3352	2735	2166	3026	2802	2848	1393	2533	1906	2751	1555	1816	2754	2869	1755	295	2279	2784	1901	246	2619	2181	1619	213	2129	2895	2275	264	3246
chr20	42683860	42950859	267000	9	0	267000	152200	114800	16919	7507	11089	11475	9936	8524	11750	10651	10632	5495	9573	7341	9504	5797	6730	9275	11001	6622	1317	8383	10876	8118	1073	10445	8349	6693	879	8003	10636	9079	1015	12311
chr20	42950860	43127859	177000	8	0	177000	101513	75487	11945	5022	7284	7936	6553	5698	7630	6669	7140	3426	6718	4780	6548	3742	4218	6202	7085	4464	855	5484	7076	5306	770	6945	5399	4209	625	5205	6990	6118	740	8216
chr20	43127860	43222859	95000	7	0	95000	52522	42478	5855	2706	3893	3797	3553	3252	4408	3430	3736	1962	3568	2511	3106	1857	2109	2778	3777	2405	564	3031	4042	3159	691	3616	3110	2677	597	3031	3714	3267	496	4300
chr20	43222860	43309859	87000	6	0	87000	48066	38934	5215	2333	3529	3465	3149	2912	4114	3225	3438	1805	3508	2364	2739	1698	2007	2564	3347	2243	437	2721	3751	2921	447	3661	2888	2345	344	2713	3414	3270	368	4063
chr20	43309860	43389859	80000	5	0	80000	43300	36700	4866	2156	3075	3065	2991	2763	3790	2776	2952	1644	3334	2080	2353	1502	1820	2133	3064	2167	448	2385	3585	2935	565	3436	2669	2439	427	2569	3002	2980	398	3629
chr20	43389860	43468859	79000	4	0	79000	43639	35361	5728	2179	2997	3087	2951	2624	3577	2612	2780	1611	3214	2065	2532	1543	1833	2304	2958	2049	495	2455	3387	2605	580	3224	2477	2367	591	2503	2942	2775	512	3441
chr20	43468860	43847859	379000	3	0	379000	201671	177329	24406	9707	13458	13538	13299	13494	19131	11989	12262	7994	16335	9354	11142	7336	8553	9673	13704	10686	2346	11795	17519	13532	3257	16663	12312	13403	3029	13136	14378	13352	2332	15883
chr20	43847860	44193859	346000	4	0	346000	185051	160949	19880	9042	12988	12618	11961	12236	17205	12202	12192	7451	13928	8791	10494	6371	7450	10241	13373	9386	2097	10244	15655	13432	2582	15276	11622	11150	2202	11568	12954	12977	1947	14483
chr20	44193860	44488895	295036	3	0	295036	155951	139085	17482	7725	10387	10348	10393	10835	14882	9256	9543	6269	12855	7336	8524	5585	6385	8144	11044	8336	1876	9158	13549	11224	2619	13234	9572	10330	2264	9874	11201	10736	1825	12243
chr20	44488896	44490858	1963	3	0	1963	1075	888	114	55	85	76	68	63	102	65	84	40	66	61	64	40	42	48	70	56	8	64	108	57	11	86	48	58	8	62	73	91	5	83
chr20	44490859	44960858	470000	2	0	470000	252149	217851	28803	12346	17745	17128	15917	16293	23494	15517	16508	9823	19291	11468	14794	9388	10821	12813	17589	12605	2814	14842	20838	17208	3825	20760	15021	15976	3400	15881	17772	16842	2609	19867
chr20	44960859	45204858	244000	3	0	244000	144770	99230	18707	7259	9954	11851	9500	7318	10126	8965	9665	4704	7893	6739	9899	5860	6456	9873	10199	5733	1030	8178	9203	6044	1040	8559	6864	5564	1031	6783	9643	7505	943	10910
chr20	45204859	45264005	59147	2	0	59147	35557	23590	4608	1689	2713	2896	2310	1662	2256	2269	2689	1126	1969	1714	2299	1317	1499	2541	2366	1319	244	1864	2132	1432	214	2029	1658	1150	176	1506	2341	1905	214	3038
chr20	45264007	45528923	264917	2	0	264917	142723	122194	16062	7087	10268	9898	9245	8904	12583	8583	9549	5518	10692	6617	8458	5294	6348	7616	9701	7443	1519	8140	11575	10218	2246	11671	8308	8402	2023	8571	9731	9648	1488	11509
chr20	45528925	45613860	84936	2	0	84936	50217	34719	6296	2411	3659	4200	3402	2472	3318	3158	3534	1599	2994	2413	3333	1920	2200	3307	3267	2022	347	2766	3281	2227	330	3144	2428	1896	253	2217	3373	2837	286	4044
chr20	45613861	45621860	8000	3	0	8000	4889	3111	642	231	342	439	346	214	321	310	331	147	248	230	335	188	214	349	332	176	15	257	281	161	20	259	230	171	17	236	348	213	22	373
chr20	45621861	45775860	154000	2	0	154000	90318	63682	11522	4613	6143	7227	6327	4591	6218	5747	6156	2987	5259	4343	5500	3293	4152	6239	6170	3905	582	4827	6124	4085	709	5555	4404	3638	616	4321	6186	4845	645	7069
chr20	45775861	46085860	310000	1	0	310000	155975	154025	16329	7340	10777	9242	9995	11249	16501	9124	9571	6915	14210	7518	7793	5771	6847	6792	10511	9227	2203	9334	14791	13624	3730	15076	10370	12349	3337	11258	11197	12022	2328	12667
chr20	46085861	46197860	112000	2	0	112000	56981	55019	5626	2675	4164	3533	3663	4075	5896	3593	3832	2428	5160	2745	2878	1929	2294	2489	3987	3138	759	3223	5246	5019	1082	5453	3908	4134	985	3919	4086	4508	652	4919
chr20	46197861	46312926	115066	3	0	115066	56271	58795	4548	2574	4097	3160	3415	4436	6505	3744	4012	2660	5731	2683	2404	1697	2244	2361	4338	3056	774	3199	5461	5884	1179	5912	4136	4485	1017	4266	4165	5012	709	5200
chr20	46312928	46335861	22934	3	0	22934	10864	12070	854	464	828	631	714	821	1395	662	726	514	1177	513	483	304	407	370	717	650	128	608	1190	1290	223	1337	900	1049	154	893	786	1050	125	969
chr20	46335862	46344300	8439	4	0	8439	4148	4291	406	201	284	240	269	297	486	256	255	194	388	212	201	121	168	168	273	233	74	233	407	433	97	416	320	341	77	338	310	346	54	339
chr20	46344301	46601134	256834	4	0	256834	143359	113475	16176	6873	10315	10541	9000	8323	12023	9226	9879	5434	9810	6709	8850	5537	6123	8540	10062	6565	1408	8131	10593	8350	1630	10506	7939	7075	1308	8074	9978	9090	1204	11560
chr20	46601139	46603860	2722	4	0	2722	1446	1276	182	77	98	87	108	93	138	89	73	54	125	77	81	49	57	57	89	89	14	80	148	105	8	121	88	91	9	104	104	97	15	113
chr20	46603861	46863860	260000	3	0	260000	142542	117458	15898	7118	9928	10231	9249	8799	12473	9176	9795	5391	10426	6815	8233	5006	5741	8262	10060	6684	1586	7984	11220	9161	1763	10852	8205	7705	1506	8304	10212	9447	1339	11429
chr20	46863861	46968860	105000	4	0	105000	58530	46470	6976	2999	4076	4250	3851	3612	4783	3787	3866	2171	4119	2665	3608	2135	2289	3342	4227	2653	728	3309	4251	3254	739	4173	3407	2957	684	3266	4148	3554	599	4520
chr20	46968861	47075860	107000	3	0	107000	59019	47981	6676	3033	4058	4223	3838	3816	5165	3953	3999	2207	4107	2747	3478	2114	2357	3247	4352	2831	683	3304	4608	3601	619	4379	3600	3079	493	3372	4212	3696	519	4632
chr20	47075861	47161109	85249	4	0	85249	47042	38207	5853	2281	3287	3382	3108	2947	4041	2932	3022	1730	3372	2261	2820	1661	1907	2437	3231	2215	482	2690	3725	2802	530	3556	2763	2631	482	2714	3309	2965	464	3647
chr20	47161116	47161625	510	4	0	510	219	291	10	4	24	5	20	21	24	19	8	16	21	23	5	5	7	7	15	15	5	11	34	31	10	25	16	32	8	20	19	23	5	20
chr20	47161627	47161649	23	4	0	23	8	15	0	0	1	0	0	1	2	1	1	0	1	1	0	0	0	0	0	0	0	0	1	2	0	2	2	2	0	2	1	1	0	0
chr20	47161651	47162517	867	4	0	867	455	412	42	20	39	21	27	27	33	32	34	31	36	27	19	14	25	28	39	22	7	24	36	43	11	37	19	24	3	18	25	39	9	54
chr20	47162518	47163698	1181	4	0	1181	614	567	87	24	35	31	36	45	62	38	23	24	57	31	32	31	21	36	42	40	6	36	69	41	10	52	29	47	13	47	41	44	9	40
chr20	47163702	47164990	1289	4	0	1289	627	662	80	28	45	29	33	36	70	39	40	32	68	30	28	26	24	18	35	40	15	32	57	74	19	68	40	44	15	52	46	60	9	55
chr20	47164992	47165012	21	4	0	21	11	10	1	0	0	1	0	0	3	0	1	1	1	1	0	1	1	0	1	0	0	1	1	0	0	0	1	0	0	0	0	1	0	3
chr20	47165014	47165741	728	4	0	728	382	346	30	20	33	22	25	33	38	20	25	17	26	14	25	16	20	17	22	27	5	32	34	29	3	31	31	22	2	25	29	20	4	29
chr20	47165743	47165771	29	4	0	29	10	19	0	0	1	0	1	0	3	0	1	1	2	0	0	0	0	0	0	1	0	0	2	3	0	2	1	2	0	3	1	2	0	1
chr20	47165773	47166393	621	4	0	621	312	309	36	12	22	21	29	23	29	14	13	10	35	15	13	10	17	12	15	20	3	17	33	30	3	34	22	35	1	22	24	15	3	31
chr20	47166394	47167280	887	4	0	887	463	424	76	27	25	20	26	39	49	38	27	16	39	26	18	18	8	10	38	25	8	28	38	34	8	34	40	27	8	27	36	28	12	32
chr20	47167281	47167331	51	4	0	51	30	21	17	0	0	0	1	0	4	0	0	3	4	0	0	0	0	0	2	0	0	1	2	1	0	1	0	2	2	2	1	0	2	4
chr20	47167333	47168201	869	4	0	869	423	446	51	21	31	20	29	37	51	29	26	21	34	29	17	9	12	6	29	29	5	24	54	46	9	36	27	35	5	35	35	35	7	33
chr20	47168202	47168305	104	4	0	104	49	55	6	3	3	0	5	4	8	2	2	3	8	2	0	1	1	0	4	2	0	5	4	1	1	3	7	3	3	6	4	3	2	6
chr20	47168318	47180851	12534	4	0	12534	6426	6108	681	297	401	405	439	495	655	419	375	240	560	377	290	223	274	293	406	399	82	368	687	494	113	579	428	470	78	452	487	510	63	492
chr20	47180852	47191415	10564	5	0	10564	5537	5027	671	262	381	349	334	388	535	357	378	228	438	284	280	199	251	202	338	331	86	322	544	395	91	464	338	364	68	356	394	403	69	462
chr20	47191420	47207889	16470	5	0	16470	8455	8015	1008	425	548	510	588	657	873	502	469	371	722	425	426	274	321	335	582	509	121	515	821	596	191	703	561	637	164	628	657	569	142	618
chr20	47207890	47216495	8606	5	0	8606	4533	4073	504	247	343	253	301	335	425	280	315	218	354	193	226	169	191	178	342	234	101	292	364	283	91	364	298	283	60	281	337	302	64	376
chr20	47216496	47219055	2560	5	0	2560	1408	1152	172	86	107	86	100	79	105	93	91	46	115	58	88	50	61	69	79	67	24	91	99	89	18	115	92	78	11	79	107	87	13	103
chr20	47219056	47222084	3029	5	0	3029	1562	1467	203	76	96	97	94	113	167	95	103	68	132	70	72	61	67	46	103	96	21	98	153	121	25	137	95	105	31	109	118	114	23	118
chr20	47222085	47225596	3512	5	0	3512	1843	1669	206	85	128	120	114	120	189	103	108	78	135	81	112	76	96	90	123	93	20	123	166	117	37	158	122	144	38	126	115	124	21	142
chr20	47225597	47226151	555	5	0	555	305	250	39	18	23	18	16	16	28	19	17	10	21	15	25	16	15	8	18	15	1	26	25	23	2	26	14	20	1	15	22	19	2	20
chr20	47226152	47226642	491	5	0	491	261	230	33	15	23	12	17	20	27	14	23	12	14	16	9	6	9	10	17	12	8	15	20	18	3	21	18	14	2	16	23	18	3	21
chr20	47226643	47227631	989	5	0	989	517	472	48	28	36	34	27	45	56	17	38	17	49	27	33	16	16	29	33	37	7	29	50	30	7	50	21	29	9	38	41	41	9	40
chr20	47227632	47228091	460	5	0	460	237	223	29	17	13	16	19	16	20	14	12	5	19	16	14	8	12	6	13	18	1	14	22	13	7	23	16	20	12	12	18	14	4	15
chr20	47228092	47228994	903	5	0	903	537	366	70	26	36	56	38	25	39	29	37	22	22	23	43	18	19	32	38	24	10	19	27	28	6	34	29	19	3	25	37	24	5	38
chr20	47228996	47231014	2019	5	0	2019	1114	905	160	57	74	79	77	73	98	69	73	44	67	47	61	45	43	45	87	61	8	63	96	64	16	71	60	54	20	74	75	68	14	74
chr20	47231016	47232906	1891	5	0	1891	1043	848	169	51	77	80	70	64	97	52	69	41	64	36	70	32	34	36	60	58	11	59	75	66	17	79	76	57	16	63	71	56	12	71
chr20	47232908	47485755	252848	5	0	252848	134878	117970	17480	6617	8756	9116	9183	9179	12757	7311	8119	5042	11037	6280	7188	4872	5613	6327	9061	7198	1695	7756	11533	8371	2347	11208	8348	9149	2060	8765	9488	8740	1816	10434
chr20	47485756	47666755	181000	4	0	181000	104973	76027	15305	5281	6836	8301	6847	5624	7668	5891	6211	3245	6423	4581	7360	4409	4520	6471	6834	4723	992	6010	7050	4815	1320	6859	5336	5136	1151	5339	6810	5370	1042	7238
chr20	47666756	47783755	117000	5	0	117000	58189	58811	5783	2838	3979	3379	3785	4640	6751	3624	3823	2715	5131	2785	2588	1935	2127	2306	4392	3379	1006	3351	5712	5234	1288	5645	4327	4707	1038	4276	4369	4560	810	4715
chr20	47783756	47891755	108000	4	0	108000	54318	53682	5588	2677	3769	3272	3505	4176	5999	3585	3730	2562	4789	2592	2483	1619	1849	2123	4139	3095	852	2947	5088	4908	1244	5053	3913	3967	918	3883	4125	4323	702	4523
chr20	47903756	48035805	132050	4	0	132050	69910	62140	7352	3387	4899	4727	4433	4907	6790	4725	4977	3060	5547	3436	3603	2204	2657	3206	5286	3560	966	3746	5777	5222	1018	5889	4407	4084	736	4427	5385	5041	764	5830
chr20	48035807	48428420	392614	4	0	392614	208172	184442	21549	10303	14894	14102	13683	14118	20210	13996	14514	9046	16469	10104	11102	6463	7985	9634	15404	10670	2544	11312	17755	15321	2754	17483	13422	12070	2154	13418	15426	15254	2108	17345
chr20	48428422	48449851	21430	4	0	21430	11928	9502	1357	574	852	916	772	706	1029	759	852	453	868	594	719	443	455	577	826	555	114	681	919	655	112	924	647	574	89	638	874	826	107	961
chr20	48450348	48502253	51906	4	0	51906	25633	26273	2242	1337	1738	1348	1606	2109	3121	1747	1729	1361	2474	1248	1088	724	885	875	2099	1600	406	1426	2478	2409	519	2494	1927	1651	334	2117	2080	2240	311	2181
chr20	48517962	48531961	14000	4	0	14000	7370	6630	858	351	526	495	507	508	765	441	504	340	530	357	361	233	265	329	553	402	87	390	669	578	95	649	458	455	74	487	541	556	74	560
chr20	48531962	48723541	191580	3	0	191580	94935	96645	8775	4560	6844	5462	6037	7533	10917	6178	6488	4552	8497	4540	4341	2953	3460	3796	7146	5619	1538	5295	9595	9070	1890	9621	6907	7484	1445	6958	7019	8003	1211	7844
chr20	48723543	48887962	164420	3	0	164420	85537	78883	9181	4173	5976	5388	5553	6139	8579	5543	5486	3708	6900	3976	4497	3030	3354	4053	6384	4702	1120	4844	7712	6951	1436	7501	5626	5746	1144	5646	6092	6200	960	6818
chr20	48887963	48968962	81000	2	0	81000	43838	37162	5296	2203	3138	2891	2777	2881	3973	2515	3012	1578	3415	1944	2442	1651	1881	2240	3030	2153	499	2631	3528	2770	647	3519	2578	2621	548	2689	3010	2920	450	3568
chr20	48968963	49256962	288000	1	0	288000	161491	126509	22803	7994	10540	11974	10626	9772	13278	9114	9576	5534	11079	7348	10306	6213	6829	8504	10708	7562	1856	9387	12041	7831	2430	11265	9011	9243	2299	9337	11030	8930	1841	11737
chr20	49256963	49510962	254000	2	0	254000	133962	120038	14566	6563	9484	8888	8998	8868	12809	8541	8847	5325	10992	6626	7090	4708	5433	6223	9261	6923	1599	7681	11777	9959	2012	11434	8430	8697	1784	8689	9748	9603	1527	10913
chr20	49510963	49529962	19000	3	0	19000	10191	8809	1068	454	648	710	645	750	928	784	645	402	774	581	522	341	369	569	745	518	109	575	935	715	124	770	642	594	105	575	785	717	100	799
chr20	49529963	49952962	423000	2	0	423000	227865	195135	28443	11070	15119	15645	14735	14966	21102	13519	14152	8719	17599	10693	12947	8360	9470	11325	15846	11375	2680	13214	18731	14543	3690	18108	13715	14364	3309	14396	16031	14791	2769	17572
chr20	49952963	50238962	286000	1	0	286000	140892	145108	15286	6642	9159	8243	9049	11284	16137	8138	8533	6361	13273	6507	6461	4642	5465	5710	10023	8597	2086	8223	14322	13471	3528	14313	9929	12483	3004	10454	10334	11083	2214	11044
chr20	50238963	50437962	199000	2	0	199000	97470	101530	9121	4638	6842	5666	6263	7832	11374	6219	6745	4687	9214	4639	4138	2823	3515	3754	7332	5713	1524	5411	10028	9968	2064	10226	6912	8183	1670	7213	7416	8422	1352	8094
chr20	50437963	50593962	156000	1	0	156000	85078	70922	10682	4362	6006	5714	5596	5357	7659	5099	5572	3160	6050	3844	4914	3267	3608	4187	5944	4163	1038	5001	6718	5062	1247	6501	5176	5053	1119	5272	5872	5250	956	6549
chr20	50593963	50635962	42000	2	0	42000	19390	22610	1882	867	1329	926	1222	1741	2651	1073	1169	976	2138	827	731	621	697	539	1386	1343	351	1125	2206	2220	569	2405	1615	2146	416	1717	1479	1691	372	1568
chr20	50635963	50670962	35000	3	0	35000	17454	17546	2089	811	1104	1013	1141	1416	1939	991	1014	796	1685	759	773	605	693	625	1245	1109	247	1027	1794	1482	390	1745	1176	1442	349	1284	1272	1379	238	1365
chr20	50670963	50793962	123000	4	0	123000	65728	57272	8627	3142	4217	4557	4340	4528	6046	3590	3820	2446	5362	3015	3756	2288	2650	3342	4335	3444	856	3769	5613	4104	1233	5434	4007	4490	1165	4178	4550	4346	854	4894
chr20	50793963	50833962	40000	3	0	40000	20394	19606	2572	1019	1277	1263	1395	1476	2095	1232	1208	830	1799	962	956	675	826	809	1395	1123	308	1174	1973	1582	481	1806	1431	1644	438	1450	1399	1494	339	1567
chr20	50833963	51013962	180000	2	0	180000	96175	83825	11898	4848	6615	6491	6367	6361	8992	5617	6027	3726	7220	4330	5560	3541	3950	4630	6717	4880	1204	5675	7820	6494	1800	7768	6061	6326	1639	6138	6739	6182	1185	7197
chr20	51013963	51097962	84000	3	0	84000	44633	39367	4795	2203	3127	3083	2921	2961	4310	2826	3089	1815	3451	2151	2403	1565	1771	2161	3111	2332	550	2551	3780	3231	660	3701	2857	2608	601	2878	3269	3201	507	3529
chr20	51097963	51455962	358000	4	0	358000	191243	166757	20215	9573	13671	12890	12481	12659	18190	12684	13071	7793	14508	9180	10582	6402	7636	9708	13789	9747	2323	10568	16042	13546	2579	15733	12320	11296	2012	12248	13861	13311	1924	15456
chr20	51455963	51488783	32821	3	0	32821	17145	15676	1846	853	1189	1080	1131	1246	1728	1104	1144	691	1331	871	846	589	664	831	1233	932	248	966	1548	1329	300	1384	1160	1156	244	1138	1268	1145	200	1424
chr20	51488784	51498147	9364	3	0	9364	4696	4668	454	240	371	284	341	377	476	304	330	218	393	222	224	134	168	160	354	258	91	265	444	439	110	402	345	345	102	348	355	354	61	393
chr20	51498148	51963960	465813	3	0	465813	249581	216232	31935	12203	16192	17339	16465	16844	22566	14622	15241	9441	19569	11671	14029	9176	10090	12196	16899	12894	3521	14350	20786	15809	4788	19767	15217	16376	4348	15555	17595	16071	3511	18745
chr20	51963961	52058960	95000	4	0	95000	53550	41450	7717	2539	3231	4149	3547	3305	4263	3107	2959	1800	3688	2456	3413	2016	2213	3146	3694	2406	598	2962	3937	2590	794	3712	3019	3100	783	2950	3572	2938	623	3771
chr20	52058961	52215960	157000	5	0	157000	87826	69174	11742	4415	5784	6577	5835	5216	7200	5248	5478	3002	5726	4121	5462	3332	3694	4992	5876	4102	1024	4963	6614	4730	1304	5994	5095	4823	1277	5045	5914	4987	1023	6403
chr20	52215961	52313960	98000	6	0	98000	57663	40337	7562	2796	3836	4809	3759	3039	4015	3858	3774	1850	3416	2622	3908	2154	2431	3833	3957	2291	477	3114	3860	2632	404	3417	3011	2339	357	2815	3842	3051	416	4353
chr20	52313961	52427960	114000	7	0	114000	67697	46303	8574	3412	4696	5628	4426	3546	4539	4584	4556	2155	3772	3107	4754	2669	2908	4371	4645	2840	559	3738	4339	2771	423	3963	3482	2454	361	3137	4629	3430	453	5077
chr20	52427961	52574960	147000	8	0	147000	88576	58424	11323	4458	6056	7523	5722	4305	5715	5803	6076	2754	4728	4080	6239	3306	3799	6688	6095	3227	685	4816	5304	3482	549	4979	4261	3022	442	3923	5885	4584	588	6581
chr20	52574961	53008960	434000	9	0	434000	259449	174551	32034	12839	18357	22132	17022	13085	16613	17349	18057	8301	14621	12004	18248	9615	10980	18191	18046	9823	2047	13924	15599	10765	1674	14959	12656	8834	1425	11815	17767	13575	1768	19873
chr20	53008961	53229960	221000	8	0	221000	129605	91395	16154	6552	8994	10609	8493	6975	9094	8414	8934	4332	7653	6125	8729	4791	5411	8343	9192	5142	1272	7044	8202	5826	1026	7983	6556	4961	863	6284	9026	7108	1069	9841
chr20	53229961	53359960	130000	7	0	130000	74746	55254	9265	3683	5524	5847	5080	4086	5518	4888	5245	2670	4711	3512	4729	2612	3162	4213	5054	3064	761	4172	4971	3462	694	4971	4189	3265	581	3931	5358	4307	632	5841
chr20	53359961	53392560	32600	6	0	32600	18331	14269	2270	905	1292	1409	1255	1082	1441	1153	1269	684	1234	865	1083	653	756	978	1290	807	180	1047	1339	925	247	1282	976	963	184	977	1326	1098	211	1417
chr20	53392562	53415325	22764	6	0	22764	12932	9832	1554	649	895	979	833	771	1024	932	850	475	814	618	840	496	523	677	952	567	132	740	943	592	125	868	740	603	111	702	925	766	120	946
chr20	53415326	53508960	93635	6	0	93635	53736	39899	6900	2747	3715	4169	3617	3026	4033	3366	3747	1882	3438	2483	3267	1903	2236	3206	3773	2277	571	2937	3692	2517	546	3547	2865	2369	524	2730	3713	3140	489	4208
chr20	53508961	54222960	714000	5	0	714000	406472	307528	53497	20451	26860	32135	26943	23325	30932	24041	26090	13637	26742	18507	26413	15140	17177	24581	27564	17769	4634	22586	28294	20194	5514	27254	21950	20251	4896	21645	27433	23043	4274	30226
chr20	54222961	54401960	179000	6	0	179000	110373	68627	14890	5523	7252	10082	7324	4917	6377	7300	7317	3219	5268	5104	8215	4263	4878	8442	7556	3851	861	5654	6085	3868	666	5544	5014	3416	557	4647	7264	5028	686	7930
chr20	54401961	54890960	489000	7	0	489000	297161	191839	39248	14663	19881	26371	19256	14063	18207	19348	19994	8914	15632	13660	21666	11456	12897	21903	20139	10887	2320	15750	17144	10949	2063	15969	13737	10005	1849	12827	19854	14284	1990	22072
chr20	54890961	54964960	74000	8	0	74000	46236	27764	6233	2229	2899	4416	2979	2104	2581	3096	3087	1337	2235	2118	3479	1824	1941	3676	3190	1554	333	2417	2471	1424	251	2094	1927	1299	224	1802	3172	1963	300	3343
chr20	54964961	55362576	397616	9	0	397616	248311	149305	33288	12316	16185	23130	16109	10650	13937	16126	16742	7012	11614	11239	18780	10038	11129	20015	16986	8396	1603	13032	13098	8013	1186	12135	10645	6901	1023	9679	16092	11122	1374	18019
chr20	55362578	55416961	54384	9	0	54384	34492	19892	4530	1723	2226	3311	2265	1527	1776	2281	2382	956	1468	1632	2612	1395	1555	2852	2396	1147	215	1843	1783	973	137	1497	1356	832	117	1157	2314	1438	158	2528
chr20	55416962	55506695	89734	8	0	89734	55838	33896	7639	2767	3674	5158	3611	2396	3122	3613	3723	1606	2638	2487	4265	2230	2477	4432	3770	1951	396	2882	2917	1817	343	2836	2449	1600	279	2201	3606	2545	310	3992
chr20	55548177	55548430	254	8	0	254	136	118	18	9	7	7	10	14	9	8	10	2	11	11	3	1	8	6	7	9	1	9	11	12	3	10	9	8	0	5	14	7	2	11
chr20	55548431	55588441	40011	8	0	40011	25178	14833	3292	1234	1586	2372	1581	1095	1381	1735	1715	747	1077	1114	1897	999	1145	2207	1745	804	181	1345	1304	747	132	1121	1056	682	110	952	1686	1071	125	1771
chr20	55588442	55688122	99681	9	0	99681	61743	37938	7643	2971	4043	5670	3910	2787	3542	4097	4100	1757	2973	2721	4674	2565	2808	5481	4238	2049	463	3330	3275	2107	314	3109	2842	1856	289	2514	3981	2793	364	4413
chr20	55688124	55689195	1072	9	0	1072	648	424	56	26	31	59	35	46	40	48	29	20	29	40	52	36	39	61	59	23	8	38	35	13	6	33	28	27	6	29	48	24	8	38
chr20	55689197	55910443	221247	9	0	221247	136021	85226	17978	6842	9085	12217	9012	6158	7967	8806	9121	4006	6753	6264	10010	5402	6005	10393	9313	4945	993	7158	7598	4810	760	7061	6136	4111	679	5518	8896	6363	812	10073
chr20	55910444	56095443	185000	8	0	185000	110759	74241	13674	5477	7808	9273	7267	5461	7083	7372	7674	3403	6034	5286	7617	4353	5105	7871	7505	4306	841	6042	6746	4441	698	6284	5411	3820	618	5131	7522	5603	699	8573
chr20	56095444	56235443	140000	7	0	140000	80724	59276	9593	4068	5761	6372	5414	4333	6025	5350	5578	2908	5167	3854	5208	2883	3479	4730	5565	3478	722	4427	5608	3884	599	5249	4288	3295	493	4160	5660	4683	568	6596
chr20	56235444	56320443	85000	6	0	85000	49403	35597	5781	2460	3453	3829	3216	2665	3596	3326	3422	1617	2959	2384	3104	1837	2216	3537	3458	2081	415	2625	3345	2400	316	3156	2694	1952	289	2483	3305	2784	332	3961
chr20	56320444	56393443	73000	5	0	73000	40384	32616	4845	2034	2880	2915	2771	2501	3363	2424	2642	1536	2748	1839	2416	1525	1739	2206	2837	1989	512	2258	3046	2124	592	2963	2417	2222	551	2339	2759	2390	445	3170
chr20	56393444	56495443	102000	4	0	102000	57099	44901	7208	2972	3960	4247	3708	3386	4770	3441	3832	2016	3829	2551	3639	2192	2223	3124	3933	2575	728	3330	4140	2981	792	3977	3196	2957	760	3303	4035	3377	644	4172
chr20	56495444	56863443	368000	3	0	368000	192420	175580	23291	9457	13127	12519	12827	13543	18623	11524	12303	7696	16344	8981	9972	6496	7464	8252	13262	10356	2667	10906	17094	13869	3710	16701	12487	13271	3174	12758	13674	13878	2579	15193
chr20	56863444	56907443	44000	4	0	44000	23349	20651	2644	1146	1684	1616	1560	1547	2183	1459	1640	947	1847	1091	1246	749	915	1074	1627	1213	312	1237	1986	1650	379	1960	1494	1461	311	1496	1642	1651	294	1937
chr20	56907444	57005443	98000	3	0	98000	51743	46257	6001	2531	3728	3504	3413	3487	4986	3215	3616	2114	4099	2467	2734	1621	2009	2218	3549	2592	775	2836	4376	3729	894	4256	3448	3337	752	3415	3728	3597	657	4314
chr20	57005444	57088443	83000	4	0	83000	43619	39381	4636	2221	3093	2870	2864	3124	4300	2911	3086	1827	3444	2142	2234	1335	1590	1941	3397	2204	588	2319	3792	3399	674	3630	2876	2633	529	2840	3134	3259	469	3637
chr20	57088444	57292443	204000	5	0	204000	102129	101871	10061	5144	7250	6040	6643	8014	11244	6540	7055	4696	8919	4692	4736	3173	3769	4152	7724	6062	1632	5609	10009	9348	2215	9558	7269	7655	1855	7571	7439	8064	1416	8444
chr20	57292444	57368443	76000	4	0	76000	42579	33421	5007	2217	2907	3252	2781	2501	3388	2672	2700	1499	2742	1969	2895	1665	1871	2513	2901	2013	515	2453	3057	2442	570	2971	2465	2111	561	2450	2919	2474	484	3033
chr20	57368444	57453443	85000	3	0	85000	38718	46282	3319	1884	2790	1795	2430	3609	5244	2336	2577	2006	3966	1691	1463	1093	1338	1176	2988	2527	842	2235	4273	4903	1442	4571	3469	4205	1174	3412	2889	3555	676	3120
chr20	57453444	57578443	125000	4	0	125000	65396	59604	7275	3342	4721	4294	4225	4565	6349	4131	4604	2806	5080	2960	3526	2118	2503	2895	4669	3404	952	3806	5627	5267	1197	5636	4365	4160	964	4107	4609	4896	841	5104
chr20	57578444	58156443	578000	5	0	578000	297297	280703	30213	14419	21645	19205	19482	21357	30804	19564	21021	13437	24445	13792	14766	9063	10840	13243	21777	15960	4270	16269	27344	25634	5261	26412	20456	20038	4097	20489	21630	23019	3482	24564
chr20	58156444	58787154	630711	4	0	630711	339267	291444	39911	16522	24069	23610	21779	22165	30500	21803	23135	13597	24638	15838	19287	11780	13249	17383	24563	16533	4707	18261	27386	24071	5848	26371	20696	20405	4646	20749	23602	22667	3863	27075
chr20	58787156	58924444	137289	4	0	137289	71366	65923	8613	3539	5261	4877	4687	4699	6474	4319	4953	2903	5460	3221	4037	2266	2938	3119	4759	3726	1124	3798	6043	6041	1797	5938	4598	5010	1787	4763	4779	5043	1081	5634
chr20	58924445	59043444	119000	3	0	119000	64670	54330	8183	3275	4449	4649	4233	4037	5660	3799	4318	2463	4508	2866	3821	2384	2527	3496	4442	3134	883	3701	4959	4063	1357	4840	3866	3938	1177	3815	4462	4084	821	4788
chr20	59043445	59142444	99000	4	0	99000	56962	42038	7184	2822	3973	4562	3679	3146	4322	3762	3962	1974	3513	2554	3715	2116	2311	3366	4022	2378	608	3050	3901	2743	560	3774	3061	2533	406	2998	3925	3324	457	4297
chr20	59142445	59233444	91000	5	0	91000	49353	41647	5839	2465	3491	3488	3254	3149	4235	3300	3401	1917	3636	2233	2789	1644	1958	2553	3577	2355	634	2610	3949	3452	724	3820	3012	2784	607	2935	3400	3354	479	3954
chr20	59233445	59714444	481000	6	0	481000	257305	223695	28308	12574	18606	17744	16889	17207	23667	17071	18476	10693	19394	12328	13559	8273	9927	12589	19152	12726	3188	13681	21145	18608	3830	20970	16030	14846	3022	15604	18507	18374	2672	21338
chr20	59714445	60105135	390691	5	0	390691	221203	169488	26340	10848	15272	17319	13784	13076	17812	14563	15147	7947	13664	9790	14508	8085	8926	14121	16090	9582	2406	11877	15324	12561	2565	15192	12785	10445	2211	11901	15036	13054	1754	16704
chr20	60105136	60158688	53553	5	0	53553	30545	23008	3610	1589	2152	2348	1969	1812	2399	2053	2147	1113	1922	1393	1973	995	1202	1866	2228	1322	319	1640	2102	1554	294	2039	1744	1361	227	1602	2159	1752	270	2395
chr20	60158689	60160946	2258	5	0	2258	1366	892	155	68	93	124	82	60	78	108	104	46	77	48	100	54	62	106	93	50	8	77	74	75	6	76	63	40	2	52	98	66	6	105
chr20	60160947	60192441	31495	5	0	31495	18907	12588	2375	985	1187	1690	1279	960	1264	1326	1272	623	940	833	1312	710	748	1401	1429	743	179	927	1140	771	124	1049	965	654	101	838	1295	916	132	1325
chr20	60192442	60325441	133000	6	0	133000	72767	60233	7863	3468	5233	5270	4702	4627	6526	4968	5071	2931	5238	3481	4198	2427	2832	3931	5292	3425	791	3946	5767	4597	797	5602	4632	3753	586	4323	5131	4988	644	5958
chr20	60325442	60558441	233000	7	0	233000	134965	98035	16250	6742	9295	10852	8769	7411	9944	9287	9587	4709	8119	6497	8533	4863	5520	8586	9788	5496	1357	7084	8934	6647	1141	8545	7244	5307	910	6668	9445	7817	1070	10581
chr20	60558442	60682441	124000	8	0	124000	71098	52902	8251	3493	5022	5758	4767	4036	5336	4835	5016	2578	4275	3386	4490	2483	2904	4466	5160	2924	797	3709	4864	3623	683	4635	3972	3060	509	3711	4978	4198	597	5482
chr20	60682442	60737968	55527	9	0	55527	32840	22687	4193	1686	2249	2734	2110	1742	2287	2160	2310	1053	1898	1557	2249	1152	1364	2095	2292	1248	306	1787	2049	1364	216	1988	1723	1175	207	1513	2235	1830	243	2510
chr20	60737970	60758171	20202	9	0	20202	11946	8256	1589	578	818	970	746	677	814	802	828	392	668	532	792	443	454	842	874	451	126	639	755	519	103	676	602	442	87	561	808	640	94	878
chr20	60758173	61092443	334271	9	0	334271	185583	148688	20206	9208	12909	13816	11888	11797	15701	13272	13272	7053	12671	9028	10773	6319	7199	10469	14001	8402	2161	9813	13899	10794	2009	13383	11298	8773	1656	10475	13461	12116	1638	14809
chr20	61092444	61312443	220000	8	0	220000	114634	105366	11646	5654	8161	7474	7315	8865	11183	7933	7830	4849	8763	5301	6144	3991	4159	5366	9130	5980	1923	6326	9928	8797	2252	9411	8356	7197	1880	7441	7881	8414	1361	9087
chr20	61312444	61485443	173000	7	0	173000	89358	83642	8782	4305	5985	5581	5431	7251	9099	6622	6093	4012	6728	4629	4347	2734	3169	4590	7118	5006	1541	4637	8248	7046	1769	7392	6477	5758	1375	5811	6560	6645	1117	7140
chr20	61485444	61637443	152000	6	0	152000	74344	77656	6633	3634	5039	4282	4531	6395	8651	5446	5120	3611	6560	3817	3304	2097	2526	2697	5897	4440	1547	3853	7560	7247	1874	7195	5990	5852	1448	5644	5576	6336	1111	6085
chr20	61637444	61734443	97000	5	0	97000	45227	51773	3456	1933	3168	2253	2607	4522	5803	3406	3082	2409	4307	2430	1666	1231	1449	1503	3727	2985	1046	2337	5105	5109	1402	4866	4023	4094	1040	3811	3483	4294	738	3713
chr20	61734444	61821443	87000	4	0	87000	40719	46281	3553	1914	2729	2134	2319	3893	5222	2816	2806	2026	3863	1938	1652	1163	1303	1388	3369	2528	930	2168	4477	4865	1296	4346	3525	3853	1002	3287	2879	3738	700	3316
chr20	61821444	61899443	78000	3	0	78000	35066	42934	2530	1564	2320	1609	1914	3647	4895	2533	2370	2039	3479	1863	1208	920	1137	1037	3004	2481	918	1767	4315	4715	1269	4049	3077	3660	938	2989	2593	3491	641	3026
chr20	61899444	61918859	19416	2	0	19416	8752	10664	702	380	632	441	496	838	1271	512	641	506	867	394	317	214	276	263	659	596	248	435	1000	1137	350	1035	772	962	225	837	687	827	155	739
chr20	61918860	61937281	18422	2	0	18422	7958	10464	543	329	529	338	504	1057	1111	612	484	508	781	392	208	210	181	169	749	599	347	410	1004	1083	367	912	865	910	326	727	666	774	172	553
chr20	61937284	62021443	84160	2	0	84160	38871	45289	3787	1945	2619	1845	2364	4019	4825	2251	2550	2352	3690	1597	1495	1177	1200	1154	3205	2675	1376	2237	3991	4411	1662	4014	3452	3728	1338	3010	2811	3264	1042	3072
chr20	62021444	62516381	494938	1	0	494938	213948	280990	17765	9706	14177	9030	12451	22736	31212	12501	13050	12674	23653	9035	7412	6104	6856	5586	17096	16134	6066	11924	26684	32387	10401	26821	19633	26804	8680	19947	15487	20968	4751	17205
chr20	62544231	62616162	71932	1	0	71932	30185	41747	2042	1257	1996	1193	1692	3525	4818	1937	1901	1968	3613	1216	853	645	808	720	2753	2219	916	1507	3863	5129	1518	3902	3182	3883	1089	3088	2175	3181	603	2738
chr20	62632018	63023147	391130	1	0	391130	173689	217441	15135	8137	11993	8210	10280	16746	24016	10096	11361	10092	18157	7232	6699	4865	5398	5272	13680	11944	4914	9302	19950	24134	8346	20422	15172	20287	6801	15646	12336	16488	3823	14194
chr20	63023148	63164147	141000	2	0	141000	63581	77419	5447	2938	4120	3371	3778	6187	8451	4100	4237	3672	6675	2763	2415	1537	1764	2124	5156	4134	1862	3183	7105	8653	2820	7399	5554	6815	2013	5378	4701	6375	1221	5050
chr20	63164148	63389618	225471	1	0	225471	93381	132090	6358	4067	6321	3524	5194	10369	15099	5486	5883	6164	10788	3863	2835	2422	2712	2295	7670	7451	2933	4968	12606	16630	4976	12963	9244	12768	3844	9338	6629	10325	2093	7651
chr20	63389619	63699982	310364	1	0	310364	126348	184016	9452	5536	7946	4578	6918	14314	20323	7025	7638	8378	15666	5287	3503	3127	3750	2906	9636	10653	4324	6742	17592	22348	8122	17652	12243	18586	6291	12858	9109	14127	3299	10433
chr20	63699984	63737184	37201	1	0	37201	17724	19477	1954	780	1103	867	1083	1746	2160	1007	977	871	1789	771	690	616	641	669	1480	1098	366	1069	1829	1703	593	1807	1411	1724	585	1402	1276	1406	311	1415
chr20	63737185	64237146	499962	1	0	499962	220259	279703	19703	10190	14263	9407	12967	22968	31269	12248	13233	13095	23739	9271	7660	6689	7233	6324	18302	16059	6150	12431	25673	30965	10385	26574	19444	25949	8775	19656	16033	20623	4840	17842
chr20	64237147	64256146	19000	2	0	19000	9313	9687	862	470	601	531	566	734	1040	618	569	474	861	413	467	325	364	416	726	587	160	530	924	975	267	918	667	741	207	667	641	781	144	752
chr21	8522361	8663666	141306	10	0	141306	88345	52961	12670	4197	5588	8632	5599	3401	4821	5951	5989	2412	3800	3874	6830	3439	3662	7479	5829	2805	618	4197	4377	3043	865	4274	3778	3056	810	3234	5788	3655	465	6166
chr21	8663667	8706715	43049	9	0	43049	27050	15999	3845	1269	1670	2533	1596	1188	1481	1834	1774	755	1288	1220	2102	1072	1151	2271	1783	912	188	1401	1370	787	155	1358	1085	808	139	976	1862	1163	156	1855
chr21	8756716	8872666	115951	9	0	115951	66849	49102	7904	3560	4186	5475	4354	3891	5033	4120	4499	2334	3888	3143	4368	2656	2877	4560	4911	3106	688	3736	4526	3589	754	4194	3346	2636	648	3104	4615	3732	566	4950
chr21	8872667	8886604	13938	10	0	13938	9237	4701	1349	490	593	916	529	339	446	557	653	222	353	371	817	386	417	798	596	251	62	528	361	166	29	315	310	160	22	302	605	294	35	664
chr21	8986605	9188666	202062	9	0	202062	114099	87963	13697	5896	7307	9032	7350	6721	9157	7111	7484	4356	6712	5176	7401	4306	4860	7533	8469	5456	1134	6220	8201	6821	1573	7930	5882	5530	1370	5648	7786	6718	985	8238
chr21	9188667	9196087	7421	8	0	7421	4640	2781	638	233	297	454	291	208	251	307	321	113	219	209	372	179	223	324	305	159	29	240	249	141	18	230	200	148	24	176	304	190	23	344
chr21	9246088	9320666	74579	8	0	74579	46581	27998	6317	2399	2964	4508	3112	2121	2511	3046	3310	1258	2207	2099	3448	1784	2051	3445	3213	1545	283	2521	2738	1387	227	2200	1828	1235	170	1777	3011	2385	242	3235
chr21	9320667	9354666	34000	9	0	34000	19682	14318	2723	1180	1226	1574	1366	1112	1475	1173	1347	677	1131	868	1267	668	837	1057	1377	966	209	1084	1433	905	230	1194	991	809	159	937	1325	1082	162	1454
chr21	9354667	9377143	22477	10	0	22477	13071	9406	1526	636	899	1058	850	820	1045	837	884	538	730	576	859	501	549	763	1003	591	97	804	891	559	83	806	646	549	43	606	1012	640	67	1007
chr21	9861800	9861829	30	9	0	30	21	9	3	2	2	2	3	0	0	0	0	0	0	1	3	1	0	3	0	1	0	2	1	3	0	0	0	0	0	0	1	0	0	0
chr21	9862858	9862890	33	9	0	33	19	14	1	0	2	1	2	0	1	2	1	0	0	1	0	4	1	2	1	1	0	2	1	3	0	1	1	1	0	0	1	0	0	1
chr21	9887935	9893436	5502	10	0	5502	3655	1847	526	180	262	366	230	143	153	218	220	77	138	144	358	162	160	318	244	98	17	202	142	50	10	140	131	83	9	141	227	111	10	230
chr21	9893457	9893632	176	10	0	176	128	48	28	7	5	13	8	2	5	6	6	3	6	7	11	4	5	10	8	1	0	7	2	0	0	2	2	1	1	2	9	2	1	10
chr21	9893634	9893649	16	10	0	16	6	10	0	0	0	1	0	0	2	1	1	0	0	0	0	0	0	0	0	0	0	0	2	1	0	1	2	1	0	1	0	1	0	0
chr21	9893651	9893738	88	10	0	88	34	54	0	1	1	0	0	4	8	1	2	1	7	3	0	2	3	0	1	1	2	4	5	2	1	7	3	6	1	7	4	6	2	1
chr21	9893751	9893840	90	10	0	90	49	41	8	2	0	4	1	2	3	3	1	4	3	6	4	2	5	1	3	5	0	2	2	3	4	3	0	2	0	1	4	3	2	5
chr21	9893842	9893869	28	10	0	28	13	15	1	0	2	1	2	1	1	0	0	0	1	1	1	1	0	0	1	0	0	1	3	2	0	1	1	2	0	1	0	2	0	0
chr21	9893871	9894058	188	10	0	188	122	66	21	6	8	11	8	3	10	8	9	3	2	9	8	5	3	8	8	2	0	6	2	4	1	4	8	2	0	4	11	3	1	8
chr21	9894060	9894101	42	10	0	42	23	19	6	1	5	1	4	0	1	0	3	0	0	1	0	0	0	0	0	1	0	0	1	1	0	5	3	3	0	0	1	2	0	1
chr21	9894103	9894711	609	10	0	609	400	209	55	20	22	46	25	10	23	24	28	9	21	18	34	17	21	26	23	8	2	23	14	7	0	17	17	8	0	13	28	15	0	33
chr21	9894714	9899585	4872	10	0	4872	3308	1564	499	164	211	358	208	92	129	232	220	72	104	143	304	122	148	300	195	67	7	181	123	59	4	99	113	71	8	98	230	88	7	214
chr21	9899587	9899613	27	10	0	27	18	9	2	1	0	2	2	0	1	0	0	0	1	0	1	1	2	4	0	0	0	2	1	0	0	1	1	0	0	1	1	1	0	0
chr21	9899615	9902084	2470	10	0	2470	1787	683	297	68	101	228	99	56	51	92	105	25	41	72	193	70	71	216	101	36	0	82	47	15	4	49	44	17	0	45	106	47	2	88
chr21	9902087	9902112	26	10	0	26	18	8	1	1	0	1	1	0	1	0	0	0	2	1	2	1	1	4	0	0	0	2	0	0	0	1	1	0	0	1	2	1	0	0
chr21	9902114	9903458	1345	10	0	1345	820	525	98	42	53	81	58	46	48	50	49	24	44	29	69	29	31	67	53	38	1	50	52	37	3	47	41	21	3	33	56	43	1	46
chr21	9903459	9903944	486	10	0	486	246	240	22	9	22	13	19	18	26	12	13	9	20	13	11	14	11	12	14	15	3	18	27	30	3	20	20	13	0	21	14	22	0	20
chr21	9903957	9905917	1961	10	0	1961	1166	795	131	67	98	84	76	54	85	73	93	30	76	55	80	44	52	68	78	38	3	75	71	41	3	68	61	42	2	57	78	62	4	110
chr21	9905919	9905947	29	10	0	29	12	17	0	0	0	1	0	1	5	1	1	1	0	0	0	1	1	0	1	0	0	2	3	0	0	1	2	3	0	1	1	1	0	0
chr21	9905949	9906423	475	10	0	475	348	127	63	20	12	42	20	8	7	25	28	4	11	13	25	14	19	36	28	4	0	14	6	4	1	5	5	0	0	3	21	8	1	26
chr21	9906425	9906448	24	10	0	24	13	11	1	0	2	0	0	2	0	2	2	0	0	0	1	0	1	0	1	1	0	1	2	1	0	1	1	1	0	0	0	1	0	1
chr21	9906450	9907029	580	10	0	580	402	178	69	23	18	48	24	4	17	30	31	8	9	18	34	16	26	26	22	7	1	20	13	4	0	12	14	5	1	12	26	13	0	27
chr21	9907030	9908435	1406	10	0	1406	872	534	128	51	49	79	66	35	54	57	39	20	32	36	75	36	39	74	60	31	4	47	59	32	0	46	47	44	2	35	46	30	4	47
chr21	9908447	9909683	1237	10	0	1237	908	329	154	41	39	110	49	14	23	55	52	15	22	46	88	24	40	134	50	13	2	29	21	13	4	18	18	6	0	20	52	24	2	57
chr21	9909684	9911726	2043	10	0	2043	1422	621	245	67	72	177	79	45	46	92	79	26	38	56	157	49	53	139	93	31	6	58	57	22	6	41	42	28	5	33	70	45	7	77
chr21	9911728	9911765	38	10	0	38	22	16	3	0	2	1	2	1	1	1	1	3	1	1	0	1	2	1	1	2	0	2	2	0	0	1	1	0	0	1	2	1	0	2
chr21	9911766	9912687	922	10	0	922	635	287	119	29	47	65	37	14	24	45	55	12	18	24	47	16	25	56	38	9	1	23	15	8	0	28	31	5	1	19	36	29	0	44
chr21	9912705	9916335	3631	10	0	3631	2422	1209	326	133	129	257	140	79	103	166	149	56	89	115	230	101	104	244	165	76	23	105	89	58	8	101	74	47	1	52	160	76	6	167
chr21	9916337	9916357	21	10	0	21	10	11	0	1	0	1	0	2	0	1	1	0	2	0	1	1	0	0	3	0	0	0	0	2	0	1	0	0	0	0	0	2	0	1
chr21	9916359	9919003	2645	10	0	2645	1706	939	242	77	95	179	103	76	72	118	99	52	64	77	149	73	77	151	136	53	10	79	76	59	11	75	53	39	8	48	105	70	11	106
chr21	9919008	9919383	376	10	0	376	261	115	37	11	14	36	14	5	8	20	14	5	10	8	33	12	13	19	15	1	0	17	6	5	0	10	8	7	1	8	18	8	1	10
chr21	9919398	9921944	2547	10	0	2547	1789	758	259	84	104	209	96	46	66	121	117	35	37	72	184	96	84	178	132	40	0	89	54	21	2	52	42	22	2	40	100	46	4	111
chr21	9921946	9921986	41	10	0	41	19	22	1	0	2	0	0	2	1	3	1	1	4	2	1	0	0	1	0	1	0	1	3	2	0	2	1	2	0	1	2	2	0	3
chr21	9921988	9996877	74890	10	0	74890	49100	25790	7144	2372	3213	5083	3050	1692	2320	2965	3224	1190	1952	2026	4394	1935	2179	4360	3103	1390	208	2488	2112	1228	124	2070	1833	1076	81	1684	2980	1839	151	3422
chr21	9996878	9996973	96	8	0	96	53	43	2	5	5	2	6	2	2	8	2	2	3	2	4	5	1	2	6	3	2	2	4	1	0	4	3	3	1	3	4	2	1	2
chr21	9996975	9997001	27	8	0	27	14	13	3	0	0	2	2	1	2	1	0	0	0	1	0	0	0	0	0	0	0	1	1	2	0	1	4	2	0	0	2	0	0	0
chr21	9997003	9997074	72	8	0	72	49	23	10	0	1	3	0	1	4	4	2	4	2	1	3	5	2	6	3	2	0	4	3	0	0	1	0	0	0	0	3	2	0	4
chr21	9997075	9997182	108	8	0	108	78	30	11	7	7	9	7	0	1	3	3	1	2	3	13	1	5	5	6	0	0	3	1	0	0	3	3	1	0	2	1	2	0	6
chr21	9997183	9997501	319	10	0	319	143	176	32	4	4	6	4	13	15	6	4	7	18	10	6	6	6	2	6	7	8	9	13	12	13	12	11	19	14	11	8	11	9	11
chr21	9997502	9997572	71	8	0	71	34	37	1	5	1	1	4	2	7	1	1	3	2	2	1	1	0	0	6	2	0	3	3	5	0	4	4	2	0	0	2	3	0	3
chr21	9997573	9997584	12	10	0	12	4	8	0	0	0	0	0	1	2	0	0	0	1	0	0	0	0	0	0	1	0	0	2	0	0	0	0	0	0	2	1	0	0	0
chr21	9997585	9997671	87	8	0	87	47	40	7	2	7	1	1	5	2	2	2	3	3	3	6	0	2	0	3	4	1	2	4	5	0	5	1	0	1	2	2	4	0	5
chr21	9997673	9997738	66	8	0	66	31	35	2	2	3	0	4	0	8	0	2	3	4	0	0	2	0	0	4	1	0	2	4	1	0	1	3	5	0	4	1	0	0	8
chr21	9997740	9997789	50	8	0	50	22	28	1	2	2	1	3	2	4	1	1	1	1	0	1	1	0	0	1	4	0	1	5	3	0	2	1	2	0	4	3	1	0	0
chr21	9997791	9997815	25	8	0	25	14	11	0	0	2	1	0	2	2	0	2	0	0	1	1	0	2	0	1	0	0	1	0	0	0	1	1	1	0	2	1	0	0	2
chr21	9997817	9997988	172	8	0	172	95	77	13	2	7	8	9	4	8	9	6	7	6	3	3	2	3	4	5	4	0	5	12	4	0	6	7	6	0	5	6	8	0	8
chr21	9997990	9998017	28	8	0	28	12	16	0	0	4	0	1	3	0	0	2	0	1	0	0	0	0	0	0	3	0	0	1	2	0	3	2	0	0	1	1	1	0	1
chr21	9998019	9998107	89	8	0	89	54	35	9	2	9	3	3	1	2	0	7	0	5	2	4	2	1	3	0	3	0	2	3	1	0	3	1	3	1	3	2	1	1	10
chr21	9998109	9998131	23	8	0	23	19	4	3	1	1	3	2	0	0	0	0	0	0	1	1	1	0	4	1	1	0	0	1	0	0	0	0	0	0	0	0	0	0	1
chr21	9998133	9998637	505	8	0	505	365	140	57	27	19	41	15	8	9	26	29	4	13	9	43	9	23	32	23	5	0	20	8	3	0	6	11	2	0	7	16	7	0	31
chr21	9998639	9998677	39	8	0	39	34	5	10	1	1	6	1	0	0	0	0	0	0	0	8	3	1	2	1	0	2	1	0	0	0	0	0	0	0	0	0	0	0	0
chr21	9998678	9998751	74	8	0	74	58	16	14	2	1	7	3	0	1	6	4	0	0	4	4	2	1	7	2	1	0	2	0	0	1	0	2	0	0	0	6	0	1	1
chr21	9998753	9998863	111	8	0	111	72	39	8	4	6	9	7	2	3	5	4	3	2	2	7	2	3	4	7	1	0	3	4	1	0	3	2	1	0	5	4	5	0	2
chr21	9998869	9998914	46	8	0	46	28	18	3	1	2	3	1	2	1	1	3	1	1	2	3	1	2	0	1	1	1	2	2	0	0	2	1	1	0	0	1	2	1	2
chr21	9998916	9999028	113	8	0	113	74	39	13	4	4	7	4	1	3	4	7	3	5	1	4	2	6	6	4	0	0	6	1	2	0	5	2	1	0	1	5	5	0	5
chr21	9999030	9999117	88	8	0	88	57	31	4	1	5	5	3	2	4	3	4	3	3	5	4	2	1	7	3	2	0	3	1	1	0	3	1	0	0	1	8	2	0	5
chr21	9999119	9999420	302	8	0	302	195	107	22	18	12	15	17	4	10	11	13	3	5	9	15	7	10	23	8	9	2	13	7	8	1	8	9	3	1	7	18	4	0	8
chr21	9999421	9999565	145	10	0	145	96	49	18	6	10	8	10	2	2	5	8	4	6	0	6	2	3	5	6	4	0	4	6	0	0	2	3	1	0	4	5	2	0	11
chr21	9999566	9999659	94	8	0	94	65	29	8	5	4	7	4	1	3	6	5	3	3	1	6	1	2	4	5	3	0	2	2	0	0	1	3	0	0	1	4	0	0	8
chr21	9999660	9999670	11	10	0	11	11	0	7	0	0	1	0	0	0	0	0	0	0	0	1	0	0	0	0	0	0	0	0	0	0	0	0	0	0	0	0	0	0	0
chr21	9999671	9999858	188	8	0	188	106	82	7	6	7	4	6	3	5	10	9	7	15	6	2	6	7	5	7	5	1	8	6	2	0	11	1	2	0	1	10	10	3	14
chr21	9999859	9999909	51	10	0	51	40	11	6	0	1	9	2	0	0	4	1	0	0	1	7	0	0	8	0	0	0	0	3	0	0	1	1	3	0	0	1	1	0	0
chr21	9999910	1e+07	91	8	0	91	60	31	10	2	2	10	5	2	4	3	4	1	2	1	5	7	2	0	6	2	0	4	5	0	0	1	2	2	0	0	1	2	0	4
chr21	10000001	10003121	3121	10	0	3121	1995	1126	258	101	123	200	123	81	104	120	136	49	93	95	167	80	86	177	135	59	14	103	104	61	6	89	61	49	4	68	128	91	8	146
chr21	10003122	10003304	183	8	0	183	96	87	15	12	4	5	15	7	10	1	2	2	9	4	4	2	2	0	10	6	1	6	10	4	3	6	9	6	1	8	4	7	1	5
chr21	10003314	10003554	241	8	0	241	167	74	31	9	12	17	12	7	2	12	11	5	5	2	15	7	7	11	13	6	1	8	5	3	1	4	6	1	0	3	9	3	0	11
chr21	10003556	10003933	378	8	0	378	268	110	39	13	18	40	28	6	5	15	20	4	7	12	23	12	10	15	15	4	0	16	10	2	0	4	6	4	0	4	22	6	0	16
chr21	10003934	10003986	53	10	0	53	36	17	4	3	3	4	2	1	2	2	4	1	1	1	4	1	1	1	4	1	0	1	0	0	0	2	0	1	0	1	3	0	0	3
chr21	10003987	10004050	64	8	0	64	46	18	13	1	2	4	3	0	1	5	4	3	2	2	1	0	1	2	2	1	0	1	1	1	0	1	0	0	0	0	6	1	0	4
chr21	10004051	10004231	181	10	0	181	119	62	25	7	8	14	11	5	3	7	11	4	3	2	6	3	4	5	9	5	0	4	8	4	0	3	3	1	0	4	6	5	2	7
chr21	10004232	10004351	120	8	0	120	77	43	4	1	3	8	3	4	3	11	5	3	1	5	4	4	4	12	6	3	0	3	5	3	0	2	5	0	0	1	6	4	0	5
chr21	10004352	10004384	33	10	0	33	22	11	2	2	1	2	2	0	1	2	1	1	0	0	2	0	2	4	1	1	0	1	2	0	0	0	1	0	0	1	0	1	0	1
chr21	10004385	10004640	256	8	0	256	143	113	12	15	5	4	8	14	8	17	11	2	7	11	4	5	9	10	19	5	2	10	12	13	0	8	5	5	1	1	11	9	1	10
chr21	10004641	10004694	54	10	0	54	33	21	3	1	1	3	0	0	2	5	0	2	2	3	4	1	4	1	0	2	0	1	0	0	0	4	5	0	0	1	2	2	0	3
chr21	10004695	10004800	106	8	0	106	70	36	12	4	1	7	4	2	4	7	2	0	0	2	7	5	2	10	5	5	0	1	4	3	0	3	7	2	0	1	1	1	0	2
chr21	10004801	10004846	46	10	0	46	33	13	6	5	2	3	5	0	0	1	1	0	1	1	4	2	0	1	3	2	0	1	2	0	0	1	0	0	0	0	1	1	0	1
chr21	10004847	10004920	74	8	0	74	58	16	10	2	3	9	3	0	1	4	4	1	1	1	7	0	3	8	3	0	0	1	0	0	0	0	2	0	0	2	3	0	0	4
chr21	10004921	10004947	27	10	0	27	17	10	3	3	0	0	0	1	0	1	1	0	0	0	2	3	0	3	1	0	4	0	1	1	0	0	0	0	0	0	0	1	0	0
chr21	10004948	10005009	62	8	0	62	45	17	10	2	3	3	2	1	1	2	0	1	1	4	5	2	3	3	2	1	0	3	1	1	0	1	1	0	0	1	2	1	0	3
chr21	10005010	10005245	236	8	0	236	162	74	30	8	10	19	13	8	7	7	10	4	5	8	13	5	8	6	13	3	1	7	1	0	1	4	9	0	0	7	12	3	0	12
chr21	10005246	10005268	23	10	0	23	15	8	1	1	1	0	0	0	0	3	1	0	1	1	1	2	1	2	1	0	0	1	0	0	0	0	1	0	0	1	1	0	0	1
chr21	10005269	10005348	80	8	0	80	54	26	6	2	3	6	4	1	1	3	4	1	1	5	3	3	7	3	1	2	0	4	1	1	0	3	2	0	0	0	5	2	0	4
chr21	10005349	10005362	14	10	0	14	9	5	0	1	1	0	1	0	0	0	1	1	0	1	0	0	2	0	0	0	0	1	0	0	0	0	0	0	0	0	1	0	0	2
chr21	10005363	10005488	126	8	0	126	87	39	12	3	5	7	7	2	3	5	5	4	3	8	3	1	4	14	6	1	0	3	3	2	0	1	1	0	0	1	8	3	0	9
chr21	10005489	10005528	40	10	0	40	33	7	7	2	0	4	1	1	1	1	1	0	0	1	3	2	2	5	4	0	0	1	0	0	0	0	0	0	0	0	0	0	0	2
chr21	10005529	10005644	116	8	0	116	83	33	20	2	10	7	7	0	3	3	8	2	0	3	5	3	2	6	2	1	0	4	2	2	0	1	3	0	0	5	6	2	0	5
chr21	10005645	10005763	119	10	0	119	87	32	11	5	6	10	9	1	1	5	3	1	0	5	9	2	5	14	5	2	0	2	1	0	0	3	4	1	0	3	5	1	0	3
chr21	10005764	10005839	76	8	0	76	62	14	14	3	4	9	3	1	1	3	4	1	0	0	9	2	0	6	4	0	0	3	0	0	0	0	1	0	0	1	4	0	0	1
chr21	10005840	10005915	76	10	0	76	54	22	10	5	3	3	1	2	2	3	4	0	0	0	7	5	2	6	5	2	2	2	1	1	0	2	2	0	0	0	0	1	0	3
chr21	10005916	10005973	58	8	0	58	32	26	4	2	1	2	2	2	1	6	2	0	1	2	1	1	2	2	1	5	0	0	4	2	0	2	4	1	0	1	2	1	0	2
chr21	10005974	10006058	85	10	0	85	34	51	0	2	2	2	3	6	4	5	3	1	2	2	0	0	1	1	7	1	0	1	5	14	0	5	2	4	0	2	2	5	0	1
chr21	10006059	10006303	245	8	0	245	147	98	17	12	6	9	11	10	10	18	11	4	5	7	6	1	6	12	15	4	0	8	11	3	1	5	12	3	1	8	11	10	0	6
chr21	10006304	10006317	14	10	0	14	8	6	0	1	0	0	0	3	0	2	0	0	0	0	0	0	0	0	4	0	0	0	0	0	0	0	2	0	0	0	0	0	0	0
chr21	10006318	10006608	291	8	0	291	188	103	27	11	8	19	10	12	7	15	17	4	7	13	11	6	12	7	12	9	2	10	12	3	1	5	4	0	0	4	16	9	1	15
chr21	10006609	10006639	31	10	0	31	20	11	6	1	1	1	1	1	0	4	0	1	0	0	1	0	0	1	3	0	0	0	1	0	1	0	1	2	1	0	1	0	0	1
chr21	10006640	10006770	131	8	0	131	86	45	17	4	7	6	11	2	3	3	5	4	1	7	3	2	3	6	7	2	0	3	4	3	0	3	4	1	0	1	4	4	2	7
chr21	10006771	10006890	120	8	0	120	76	44	12	5	3	9	8	2	5	6	5	0	3	5	5	1	4	2	4	1	0	3	4	2	0	2	7	3	0	4	5	2	0	6
chr21	10006891	10006937	47	10	0	47	29	18	3	2	1	2	3	1	1	6	3	2	0	0	0	1	1	2	4	1	0	1	2	0	0	2	1	1	0	0	3	2	0	0
chr21	10006938	10006988	51	8	0	51	34	17	6	4	3	0	1	1	1	1	1	1	0	0	6	0	5	3	2	3	0	1	0	0	0	4	2	1	0	1	0	0	0	2
chr21	10006989	10007156	168	10	0	168	106	62	15	6	8	8	6	4	7	4	7	2	1	10	9	2	5	10	6	3	0	5	8	6	0	5	3	2	0	3	5	8	0	8
chr21	10007157	10007625	469	8	0	469	297	172	39	18	20	27	26	7	14	21	24	7	13	10	16	19	15	20	23	13	1	14	17	4	0	18	9	6	0	13	19	16	1	17
chr21	10007626	10007756	131	10	0	131	87	44	13	6	5	9	10	0	6	3	4	2	2	6	7	1	2	10	6	1	1	1	2	3	0	3	5	1	0	6	6	2	1	5
chr21	10007757	10007910	154	8	0	154	103	51	19	3	10	13	10	0	4	4	8	3	4	3	8	2	4	6	4	1	0	3	2	2	0	7	7	4	0	3	5	4	0	9
chr21	10007912	10008026	115	8	0	115	74	41	9	5	7	4	6	1	4	5	6	2	2	4	5	0	4	9	3	1	0	4	6	0	0	2	2	5	0	3	5	2	0	7
chr21	10008027	10008055	29	10	0	29	16	13	0	0	1	2	0	1	3	0	1	0	0	0	2	0	0	4	1	0	0	0	1	2	0	2	1	3	0	0	1	0	0	2
chr21	10008056	10008150	95	8	0	95	52	43	6	3	4	1	4	5	6	4	3	3	3	1	1	3	2	2	7	2	1	4	4	0	0	2	4	3	1	4	5	1	0	4
chr21	10008151	10008197	47	10	0	47	35	12	2	1	2	5	3	0	0	1	0	1	1	1	6	0	3	7	1	0	0	1	1	0	0	1	0	1	0	3	2	1	0	1
chr21	10008198	10008267	70	8	0	70	38	32	1	0	1	1	0	3	6	5	1	3	2	3	1	3	3	3	3	2	0	4	2	1	0	2	3	2	0	3	7	0	0	3
chr21	10008268	10008295	28	10	0	28	17	11	5	1	2	0	1	0	1	0	0	1	1	0	3	1	0	0	0	1	0	1	2	1	0	1	0	1	0	1	0	1	0	1
chr21	10008296	10008356	61	8	0	61	38	23	1	2	2	6	6	1	3	1	3	2	3	1	1	1	0	4	4	0	0	1	1	1	0	0	2	0	0	4	5	1	0	3
chr21	10008357	10008367	11	10	0	11	7	4	0	1	1	0	1	1	0	1	1	0	0	0	0	0	0	0	2	0	0	0	0	0	0	0	0	0	0	0	0	0	0	1
chr21	10008368	10008431	64	8	0	64	34	30	2	0	3	2	1	2	3	2	4	1	3	3	0	3	1	2	3	2	0	1	4	4	0	3	0	0	0	2	2	5	0	4
chr21	10008436	10008645	210	8	0	210	152	58	30	8	9	16	9	5	4	8	7	3	2	7	17	6	6	13	12	4	0	6	3	4	0	4	0	2	0	4	11	1	0	7
chr21	10008646	10008671	26	10	0	26	18	8	7	0	3	1	2	0	0	0	1	1	0	1	1	0	1	0	0	0	0	0	0	0	0	1	1	1	0	0	1	0	0	2
chr21	10008672	10008754	83	8	0	83	62	21	11	2	3	7	4	1	1	7	3	3	0	5	6	2	1	5	5	1	0	1	2	0	0	0	0	0	0	0	6	1	0	4
chr21	10008755	10008818	64	8	0	64	45	19	8	1	1	5	3	1	2	1	2	2	0	1	2	5	3	7	2	3	0	4	2	1	0	2	0	0	0	0	3	1	0	0
chr21	10008819	10008912	94	10	0	94	66	28	14	5	6	5	6	0	3	1	4	2	1	2	6	3	2	5	3	2	0	5	2	0	0	2	1	1	0	2	4	2	0	3
chr21	10008913	10008990	78	8	0	78	56	22	10	1	4	7	2	1	0	2	5	1	1	3	5	2	4	7	2	1	0	2	1	3	0	1	0	0	0	1	2	1	2	5
chr21	10008991	10009077	87	10	0	87	58	29	5	3	2	6	2	3	1	6	3	2	1	1	6	4	3	9	3	3	4	1	3	1	0	1	1	1	0	2	5	0	0	3
chr21	10009078	10009395	318	8	0	318	216	102	30	8	11	25	17	6	10	18	11	7	5	10	15	8	8	25	15	4	0	10	7	2	0	5	15	2	0	9	15	6	2	10
chr21	10009396	10009431	36	10	0	36	27	9	1	0	0	4	0	0	1	3	0	1	1	2	3	1	1	7	2	0	0	0	1	0	0	0	1	0	0	1	1	1	0	2
chr21	10009432	10009884	453	8	0	453	336	117	53	11	20	47	13	12	9	17	15	2	6	8	50	19	15	37	22	5	0	17	6	2	0	8	9	4	0	13	14	5	0	12
chr21	10009885	10010216	332	10	0	332	149	183	39	3	2	8	5	11	14	2	3	9	19	7	5	5	6	10	5	8	6	9	11	13	20	12	8	23	18	11	8	13	8	9
chr21	10010217	10010273	57	8	0	57	47	10	7	2	2	7	1	0	1	0	5	0	0	1	5	1	5	9	1	0	0	2	0	0	0	0	0	0	0	0	1	0	0	5
chr21	10010276	10010406	131	8	0	131	101	30	24	4	3	13	6	2	2	6	3	2	1	5	11	6	3	8	6	1	1	6	1	1	0	1	2	0	0	0	7	1	1	2
chr21	10010407	10010484	78	10	0	78	60	18	10	4	5	5	4	3	0	2	2	0	0	2	8	3	3	8	5	0	0	5	1	0	0	0	0	0	0	2	2	1	0	1
chr21	10010485	10010944	460	8	0	460	344	116	67	19	19	39	17	4	7	24	24	1	3	18	36	9	14	43	15	6	0	12	13	2	0	4	5	3	0	8	19	7	2	18
chr21	10010945	10010966	22	10	0	22	16	6	5	0	0	2	0	0	0	0	1	0	1	0	2	0	2	2	0	0	0	0	0	0	0	1	0	0	1	1	0	1	0	1
chr21	10010967	10011055	89	8	0	89	69	20	10	4	5	6	3	0	2	3	4	0	1	2	8	5	2	12	3	0	0	6	1	0	0	1	2	0	0	0	2	2	0	3
chr21	10011056	10011075	20	10	0	20	13	7	1	0	1	3	1	0	0	0	1	0	0	0	2	0	1	3	0	0	0	0	0	0	0	2	1	2	0	0	0	0	0	0
chr21	10011076	10011504	429	8	0	429	292	137	33	9	16	32	16	15	14	16	17	2	8	18	24	24	11	36	23	12	0	15	12	5	0	9	8	0	0	8	18	9	0	17
chr21	10011505	10011521	17	10	0	17	9	8	1	2	1	0	2	1	0	0	1	0	1	0	0	0	0	0	0	1	0	2	1	0	0	0	0	0	0	0	1	0	1	0
chr21	10011522	10011747	226	8	0	226	160	66	26	8	5	21	6	3	6	14	12	2	5	4	15	5	10	16	7	3	0	8	1	1	0	9	9	4	0	1	12	3	0	8
chr21	10011748	10011843	96	10	0	96	76	20	15	5	4	10	4	2	0	4	6	0	0	3	10	0	2	9	5	1	0	1	0	0	1	1	0	0	1	1	5	1	0	3
chr21	10011844	10011930	87	8	0	87	67	20	14	2	4	9	3	3	0	4	5	2	1	1	6	2	3	6	5	1	0	3	2	0	0	0	0	0	0	0	3	1	0	5
chr21	10011931	10012089	159	10	0	159	103	56	12	3	7	14	8	5	5	4	3	4	3	2	13	5	6	8	8	3	0	6	5	2	0	5	6	2	0	6	4	4	0	4
chr21	10012090	10012149	60	8	0	60	47	13	6	1	1	6	2	0	0	4	2	1	0	3	3	2	4	11	1	1	0	2	1	0	0	1	0	0	0	0	3	1	0	2
chr21	10012151	10012285	135	8	0	135	97	38	18	7	8	9	5	1	2	6	8	2	0	2	10	5	6	7	8	1	0	5	4	0	0	3	0	1	0	3	2	5	0	5
chr21	10012286	10012389	104	10	0	104	66	38	14	8	5	3	9	4	5	2	3	0	1	2	4	3	1	1	10	0	0	5	4	0	0	1	4	2	0	5	2	3	0	1
chr21	10012390	10012443	54	8	0	54	40	14	4	2	1	8	4	0	0	2	4	1	1	1	2	1	2	5	2	0	0	2	2	1	0	0	0	0	0	0	2	2	0	3
chr21	10012444	10012514	71	10	0	71	44	27	8	3	6	1	2	2	3	1	3	2	2	2	4	1	1	2	2	3	0	3	1	1	0	3	1	1	0	2	4	1	0	4
chr21	10012515	10012696	182	8	0	182	115	67	15	4	13	9	5	5	5	7	13	2	5	4	8	3	7	8	4	4	1	6	5	1	0	6	6	2	1	7	7	5	0	12
chr21	10012697	10012714	18	10	0	18	15	3	5	1	1	2	1	0	0	0	1	0	0	0	2	1	0	0	0	0	0	1	0	0	0	0	0	0	0	0	1	0	0	0
chr21	10012715	10012951	237	8	0	237	170	67	25	8	7	23	11	3	6	15	12	6	3	1	15	9	5	19	15	4	1	6	3	2	1	3	4	2	0	4	13	1	0	8
chr21	10012952	10013020	69	10	0	69	57	12	13	1	4	8	3	0	1	1	2	0	0	3	9	3	0	8	2	1	0	1	1	0	0	0	0	0	0	2	2	0	0	2
chr21	10013021	10013085	65	8	0	65	49	16	1	2	1	8	6	0	0	2	1	0	1	5	3	2	2	13	3	0	0	1	3	0	0	0	0	1	0	1	3	2	0	2
chr21	10013086	10013124	39	10	0	39	24	15	0	1	1	2	1	0	2	3	2	1	1	1	2	1	3	2	0	1	0	2	2	0	0	0	0	0	0	4	3	1	0	1
chr21	10013125	10013247	123	8	0	123	96	27	14	3	2	13	1	0	3	6	5	0	1	6	13	6	4	17	3	2	2	2	3	0	0	1	1	0	0	1	4	2	0	6
chr21	10013248	10013278	31	10	0	31	26	5	5	0	0	6	2	0	1	0	1	0	1	1	3	0	0	4	0	0	0	0	0	0	0	0	1	0	0	1	2	0	0	1
chr21	10013279	10013330	52	8	0	52	42	10	5	1	3	6	3	0	0	2	3	2	0	1	4	0	1	9	2	1	0	0	1	0	0	0	0	0	0	0	2	0	0	4
chr21	10013331	10013391	61	10	0	61	51	10	10	3	2	10	3	0	0	0	2	0	0	1	10	0	2	7	0	1	0	2	2	0	0	1	0	0	0	0	1	1	0	1
chr21	10013392	10013471	80	8	0	80	60	20	18	6	4	5	7	1	0	3	1	2	1	1	6	1	0	3	8	0	0	2	1	2	0	1	0	0	0	0	1	2	0	2
chr21	10013481	10013531	51	7	0	51	30	21	0	0	2	5	1	2	1	1	4	3	1	1	2	1	5	0	2	1	2	0	1	0	0	3	1	1	0	0	1	2	0	6
chr21	10013560	10013633	74	7	0	74	49	25	9	2	4	5	4	2	2	2	7	1	3	1	1	1	2	2	1	1	0	4	1	0	0	2	2	0	0	1	6	2	0	4
chr21	10013678	10013871	194	7	0	194	108	86	9	6	9	8	9	8	7	11	5	4	5	3	9	3	4	6	11	3	1	7	5	5	4	6	8	8	1	9	11	4	0	3
chr21	10016472	10021402	4931	10	0	4931	3218	1713	522	159	189	345	219	120	142	177	208	75	144	149	266	121	144	237	212	83	26	153	137	91	18	116	109	69	14	108	200	119	14	243
chr21	10021403	10021434	32	8	0	32	11	21	0	1	0	1	0	1	2	1	2	0	3	0	0	0	0	0	0	1	1	0	1	1	1	3	1	3	1	1	2	2	0	1
chr21	10021435	10022375	941	10	0	941	600	341	93	29	37	66	51	25	30	32	44	14	25	29	37	19	27	41	38	18	3	28	34	10	2	24	25	15	4	27	42	27	3	40
chr21	10022376	10022404	29	8	0	29	18	11	3	1	0	0	1	2	3	1	0	1	0	1	0	3	0	1	5	1	0	1	1	0	0	0	0	0	0	0	1	0	0	1
chr21	10022405	10030575	8171	10	0	8171	5417	2754	798	280	352	559	361	181	241	350	362	131	197	228	467	192	224	493	348	135	31	270	220	121	10	197	218	102	7	176	347	190	10	371
chr21	10030576	10030619	44	8	0	44	26	18	0	0	0	3	1	0	2	4	1	2	3	1	1	1	1	5	2	0	0	0	1	1	0	2	2	2	0	0	2	1	0	4
chr21	10030620	10038305	7686	10	0	7686	5260	2426	809	258	321	595	320	155	185	291	328	99	178	209	527	225	247	511	326	123	30	259	171	95	17	179	156	84	13	159	298	160	22	334
chr21	10038310	10038333	24	10	0	24	16	8	3	2	2	0	2	1	0	1	2	0	0	1	0	0	0	2	1	0	0	1	0	0	0	0	2	0	0	0	1	0	0	1
chr21	10038334	10038381	48	8	0	48	33	15	4	1	3	4	3	1	0	2	3	2	1	0	3	1	0	4	3	2	0	0	1	0	0	2	0	0	0	0	2	2	0	2
chr21	10038382	10050302	11921	10	0	11921	7854	4067	1124	363	492	822	489	272	318	475	502	181	307	359	687	295	382	784	477	209	39	387	332	167	49	302	280	187	46	243	465	287	30	567
chr21	10050303	10050370	68	8	0	68	42	26	6	3	3	1	4	3	2	3	1	1	1	1	3	1	3	5	4	1	0	3	2	2	0	1	2	2	0	4	3	0	0	1
chr21	10050371	10050392	22	10	0	22	11	11	0	2	1	0	2	1	0	0	2	1	1	0	0	0	0	0	2	0	1	0	1	1	1	0	0	0	0	0	0	2	0	2
chr21	10050393	10050470	78	8	0	78	58	20	5	0	2	11	2	2	2	2	2	2	3	2	8	3	2	9	3	0	0	3	1	1	0	0	0	0	0	2	4	1	0	4
chr21	10050471	10050876	406	10	0	406	244	162	26	13	15	18	12	19	14	16	20	5	22	10	14	10	14	16	19	11	2	14	14	7	0	12	8	7	0	9	20	8	0	29
chr21	10050877	10050904	28	8	0	28	16	12	2	1	1	0	0	1	2	2	0	0	0	0	1	0	1	4	0	2	0	0	1	1	0	1	4	0	0	2	0	0	0	0
chr21	10050905	10051158	254	10	0	254	189	65	21	4	9	30	8	4	6	15	13	2	4	16	21	9	5	21	9	2	2	6	2	0	0	3	3	1	0	1	19	2	0	14
chr21	10051159	10051185	27	8	0	27	23	4	1	0	0	3	0	0	1	2	0	0	0	1	3	2	0	9	1	0	0	1	0	0	0	0	0	0	0	0	1	0	0	0
chr21	10051186	10051296	111	10	0	111	82	29	9	5	7	9	3	3	0	6	3	1	1	4	15	1	4	10	6	0	0	4	1	1	0	3	2	1	0	1	3	3	0	3
chr21	10051297	10051334	38	8	0	38	23	15	3	2	4	1	2	0	2	0	3	0	2	1	2	0	0	0	1	1	0	1	1	1	0	1	1	0	0	1	0	1	0	5
chr21	10051335	10051882	548	10	0	548	345	203	38	11	31	33	20	18	17	19	28	9	18	19	28	13	18	23	23	11	2	15	15	8	0	17	14	9	2	13	22	12	0	40
chr21	10051883	10051922	40	8	0	40	30	10	11	1	4	1	2	0	0	0	4	0	2	0	1	1	1	1	0	0	0	2	0	0	0	0	1	0	0	1	1	0	0	4
chr21	10051923	10052170	248	10	0	248	168	80	22	4	10	18	10	7	5	14	12	6	6	7	9	6	10	21	11	1	2	8	3	2	0	5	11	0	0	5	11	7	0	13
chr21	10052171	10052204	34	8	0	34	24	10	2	0	1	1	0	0	1	1	2	0	1	1	0	2	1	11	1	0	0	0	1	1	0	0	0	0	0	1	0	1	0	3
chr21	10052205	10053079	875	10	0	875	549	326	53	11	28	41	17	46	24	40	31	13	21	19	33	35	18	118	60	16	8	21	26	15	9	23	15	23	10	15	26	19	7	32
chr21	10053080	10053117	38	8	0	38	28	10	7	0	1	5	2	0	0	2	0	0	2	0	4	1	2	1	1	0	0	0	1	0	0	0	1	1	0	2	1	0	0	2
chr21	10053118	10053284	167	10	0	167	128	39	11	7	5	17	4	2	1	7	8	0	3	9	16	4	12	20	6	2	0	5	1	1	0	2	2	0	0	0	5	1	0	14
chr21	10053285	10053333	49	8	0	49	28	21	2	1	2	1	2	2	3	2	0	1	2	3	2	1	2	1	2	1	0	2	1	0	0	2	1	2	0	3	4	0	0	2
chr21	10053334	10053705	372	10	0	372	249	123	27	13	18	30	16	7	8	18	15	6	7	8	30	14	14	18	13	6	4	17	11	1	0	9	8	7	0	9	16	7	2	11
chr21	10053706	10053753	48	8	0	48	35	13	4	1	1	5	1	0	1	1	1	0	0	1	5	2	2	9	0	1	0	1	1	1	0	2	2	0	0	2	0	2	0	0
chr21	10053754	10054467	714	10	0	714	498	216	63	31	25	60	23	19	17	37	33	7	9	17	59	17	24	56	34	15	4	21	15	5	2	13	19	5	1	15	28	10	3	25
chr21	10054468	10054544	77	8	0	77	54	23	9	4	5	5	3	0	1	2	3	1	0	2	8	1	2	7	1	3	0	2	2	2	0	2	1	0	0	3	2	2	0	2
chr21	10054545	10054608	64	10	0	64	40	24	8	1	4	3	3	2	0	2	3	2	1	1	3	0	1	4	2	2	1	0	2	2	0	3	2	2	0	0	1	1	3	3
chr21	10054609	10054871	263	8	0	263	178	85	26	12	16	17	16	6	6	5	12	3	3	6	17	9	10	14	10	7	0	13	6	2	0	7	6	1	0	7	10	6	0	8
chr21	10054872	10056570	1699	10	0	1699	1070	629	130	45	66	100	62	59	67	84	75	33	56	45	73	44	39	90	78	36	5	62	49	13	2	53	61	26	2	33	84	42	3	80
chr21	10056571	10056598	28	9	0	28	12	16	2	0	0	0	1	0	2	0	0	2	1	1	0	1	0	1	0	3	0	0	3	3	0	2	0	0	0	0	0	3	0	1
chr21	10056599	10057511	913	10	0	913	532	381	55	21	35	49	34	33	44	36	32	17	31	29	39	25	18	32	41	21	8	26	35	14	7	21	35	15	9	39	37	27	4	42
chr21	10057512	10057564	53	9	0	53	32	21	6	1	3	3	5	1	1	1	1	2	2	2	1	1	2	0	2	1	0	2	2	0	0	1	3	0	0	1	1	3	0	3
chr21	10057565	10058333	769	10	0	769	496	273	73	27	37	43	29	25	25	29	42	7	22	24	36	16	20	40	32	12	6	26	20	7	1	21	23	7	2	20	33	22	3	37
chr21	10058334	10058391	58	9	0	58	33	25	3	2	3	2	2	1	6	2	3	4	1	0	2	0	0	2	4	1	0	2	3	0	0	0	3	1	0	1	1	1	0	6
chr21	10058392	10058658	267	10	0	267	177	90	22	9	14	14	8	4	9	11	9	5	1	13	20	6	14	18	10	3	0	11	5	3	0	9	9	3	0	7	7	8	2	11
chr21	10058659	10058714	56	9	0	56	41	15	12	3	3	3	4	1	1	1	2	0	1	1	3	1	0	4	2	0	1	1	0	0	0	0	3	0	0	3	2	0	1	1
chr21	10058715	10081084	22370	10	0	22370	15156	7214	2189	716	917	1702	918	474	608	916	935	309	514	604	1482	630	650	1590	942	380	57	750	585	275	36	514	531	299	44	438	859	456	61	987
chr21	10081085	10081123	39	9	0	39	28	11	9	0	2	2	3	0	0	3	1	2	0	0	2	1	0	1	3	0	0	0	3	0	0	0	0	2	0	0	0	1	0	2
chr21	10081124	10167471	86348	10	0	86348	50824	35524	6528	2491	3203	4357	3117	2679	3551	3256	3215	1717	2592	2274	3718	1972	2162	3990	3568	2277	402	2612	3249	2633	487	3268	2415	2201	515	2099	3371	2526	372	3529
chr21	10508958	10521957	13000	9	0	13000	7451	5549	1046	346	501	589	432	413	507	411	493	231	467	325	511	315	345	519	490	319	95	401	457	361	148	498	341	384	180	358	475	400	77	563
chr21	10521958	10550957	29000	10	0	29000	17349	11651	2118	885	1078	1437	1102	921	1073	1209	1089	578	944	764	1210	726	830	1384	1364	660	129	957	1032	707	181	945	776	618	136	770	1133	880	110	1252
chr21	10550958	10613957	63000	9	0	63000	38925	24075	5636	1987	2520	3486	2605	1792	2285	2389	2585	1079	1893	1764	2802	1537	1726	2837	2597	1453	247	2098	2203	1341	212	1929	1736	1214	181	1543	2535	1677	254	2855
chr21	10613958	10649957	36000	8	0	36000	21351	14649	2657	1090	1493	1801	1421	1129	1441	1387	1575	723	1226	982	1388	745	848	1444	1577	810	157	1143	1270	902	194	1233	1030	716	177	933	1501	1171	136	1698
chr21	12998179	13215178	217000	9	0	217000	136051	80949	19364	6835	8489	12962	8631	6028	7937	8278	9066	3742	6370	5900	10590	5342	5760	10756	9463	4527	845	7112	7086	4150	765	6452	5690	3850	665	5265	8634	5926	791	9727
chr21	13215179	13492178	277000	8	0	277000	172588	104412	23867	8452	10903	16240	11000	7849	9979	10799	11280	4664	8196	7679	13315	6937	7572	13856	11783	6042	1109	8967	9197	5550	1014	8519	7444	5316	840	6810	11203	7371	891	12354
chr21	13492179	13588178	96000	7	0	96000	61017	34983	8520	3019	3845	5772	3770	2407	3288	3825	3999	1618	2599	2656	4868	2610	2731	5489	4155	1955	395	3149	3050	1815	334	2729	2439	1576	251	2262	3645	2582	322	4323
chr21	13588179	13686178	98000	6	0	98000	59222	38778	8224	2848	3884	5260	3799	3039	3864	3704	3784	1786	2886	2564	4409	2292	2476	4402	4182	2213	445	3125	3535	2192	518	3197	2985	2166	514	2685	3704	2871	343	4102
chr21	13686179	13910178	224000	5	0	224000	126423	97577	14928	6087	9201	9792	8293	7290	10426	8526	9073	4558	7809	5747	7714	4575	5078	7325	9061	5691	939	6819	9338	7224	1209	8756	7185	6179	1024	6964	8952	7432	828	9975
chr21	13910179	13936178	26000	6	0	26000	16236	9764	2407	759	1078	1495	954	712	935	1057	1026	439	777	720	1352	651	664	1209	1047	534	104	876	862	532	125	762	689	562	83	625	1060	653	58	1191
chr21	13936179	14242428	306250	5	0	306250	183109	123141	24289	8896	11973	16245	11601	8690	12376	10971	11870	5596	9346	8085	13643	7092	7975	14459	12194	7031	1393	9656	10931	8229	1887	10709	8830	7617	1572	8195	11683	8879	1224	13111
chr21	14242433	14341178	98746	5	0	98746	62505	36241	8421	3054	4208	5950	3776	2591	3301	3824	4302	1684	2886	2790	5134	2506	2770	5306	4175	1949	411	3301	3054	1903	314	2944	2355	1573	298	2302	3908	2790	345	4619
chr21	14341179	14681178	340000	4	0	340000	216297	123703	30316	10590	14621	20766	13735	8711	11140	13554	14754	5781	9539	9667	17487	8550	9584	17501	14296	6711	1356	11269	10497	6072	979	9901	8660	5406	799	8015	13687	9260	1096	15698
chr21	14681179	14850178	169000	3	0	169000	106348	62652	14187	5268	7213	10024	6885	4466	5716	6754	7193	3049	4920	4709	8428	4110	4819	8605	7127	3397	705	5664	5517	3113	473	4977	4363	2960	409	4076	6815	4610	495	7951
chr21	14850179	14965178	115000	2	0	115000	71185	43815	9562	3535	4953	6385	4544	3106	4133	4398	4985	2082	3492	3210	5344	2721	3198	5535	4696	2459	503	3786	3833	2337	421	3607	3044	2076	294	2990	4609	3326	440	5394
chr21	14965179	15154544	189366	1	0	189366	118727	70639	16432	6054	8096	11000	7480	5191	6447	7322	7981	3319	5382	5133	9690	4879	5260	9059	8070	3941	895	6538	5874	3502	791	5701	4900	3316	712	4584	7596	5109	748	8362
chr21	15154546	15239396	84851	1	0	84851	51538	33313	6680	2572	3528	4624	3302	2393	3161	3225	3486	1576	2760	2325	3936	1976	2392	3602	3414	1896	390	2817	2884	1959	333	2835	2357	1684	312	2283	3425	2473	343	3906
chr21	15239398	15391180	151783	1	0	151783	94397	57386	12816	4701	6521	8593	6018	4110	5341	6034	6577	2595	4627	4235	7221	3629	4176	7202	6209	3119	568	5139	4980	3034	499	4759	4090	2787	392	3775	6224	4332	487	6991
chr21	15391181	15800180	409000	2	0	409000	256005	152995	35172	12857	17348	23776	16480	10988	14097	15966	17471	7097	11920	11515	20031	10138	11604	19543	17054	8493	1670	13863	13242	7982	1334	12395	10732	7121	1149	9956	16503	11357	1389	18755
chr21	15800181	15891180	91000	3	0	91000	59448	31552	8906	2979	3700	5910	3483	2287	2949	3445	3862	1411	2266	2555	5244	2632	2639	5179	3919	1691	430	3269	2510	1404	290	2357	2093	1309	235	1951	3642	2157	317	3977
chr21	15891181	15893595	2415	4	0	2415	1577	838	259	78	102	157	103	74	60	113	112	33	51	67	122	68	55	123	122	36	15	80	79	42	3	61	63	32	3	38	85	75	13	89
chr21	15893596	16001179	107584	4	0	107584	67947	39637	9686	3421	4557	6333	4442	2718	3638	4113	4542	1946	3031	3144	5327	2587	2951	5510	4425	2233	452	3561	3489	2062	348	3191	2599	1836	295	2482	4398	2959	363	4943
chr21	16001180	16177179	176000	5	0	176000	112679	63321	16195	5560	7237	11138	7151	4348	5698	6992	7349	2916	4792	5034	9435	4406	4962	9465	7283	3403	779	5765	5366	3035	582	4906	4463	2868	533	4246	7076	4583	660	7772
chr21	16177180	16252374	75195	6	0	75195	48286	26909	7137	2356	3210	4548	2916	1918	2450	2871	3209	1234	2177	2069	3990	1876	2114	4210	3125	1468	309	2482	2210	1240	213	2162	1849	1195	186	1780	2971	1922	270	3526
chr21	16252375	16285178	32804	6	0	32804	21801	11003	3250	1099	1325	2315	1341	748	946	1380	1436	490	757	907	1961	892	991	1962	1412	600	129	1088	866	475	73	808	791	437	55	679	1346	710	89	1444
chr21	16285179	16368106	82928	5	0	82928	54487	28441	7917	2677	3362	5504	3294	2017	2388	3330	3427	1316	2129	2277	4822	2205	2368	5453	3570	1550	363	2733	2196	1254	312	2165	1902	1175	262	1809	3361	1948	301	3539
chr21	16368108	16410179	42072	5	0	42072	26164	15908	3521	1307	1814	2416	1679	1187	1425	1594	1732	739	1250	1159	2125	1089	1085	2041	1817	912	198	1395	1347	923	165	1328	1043	757	152	990	1678	1171	170	1861
chr21	16410180	16419519	9340	6	0	9340	5984	3356	868	302	383	568	429	232	281	372	403	164	243	292	421	227	284	514	415	194	37	279	297	146	25	268	220	134	19	219	382	261	33	426
chr21	16419528	16579179	159652	6	0	159652	104404	55248	15613	5205	6452	10585	6601	4012	4740	6569	6685	2488	4036	4437	8956	4261	4611	9151	6974	2918	660	5415	4587	2292	475	3977	3947	2371	434	3552	6414	3750	587	6895
chr21	16579180	16609668	30489	7	0	30489	19686	10803	2885	926	1344	1913	1162	752	950	1184	1333	498	824	851	1689	795	942	1636	1259	547	129	1036	831	444	99	866	754	481	106	745	1205	768	120	1413
chr21	16609670	16827208	217539	7	0	217539	139642	77897	19771	6978	8858	13646	8758	5436	6992	8858	9370	3585	5944	6240	11354	5655	6273	11922	9337	4149	898	7270	6565	3765	654	5976	5322	3319	543	4960	8820	5727	731	9861
chr21	16827209	17001739	174531	7	0	174531	112890	61641	16206	5484	7484	11065	7127	4227	5564	6838	7567	2931	4542	4819	9339	4412	5017	10268	7405	3362	569	5718	5183	3032	436	4879	4209	2707	294	3986	6959	4429	447	8024
chr21	17001741	17020623	18883	7	0	18883	12388	6495	1926	554	851	1249	801	470	500	815	881	287	499	557	973	494	548	981	788	332	72	613	560	276	30	483	448	242	17	409	790	499	43	893
chr21	17020625	17032181	11557	7	0	11557	7555	4002	1120	351	491	790	474	248	344	426	495	198	362	324	663	283	345	640	450	205	46	378	314	160	20	341	253	178	26	251	475	292	40	572
chr21	17032182	17230181	198000	6	0	198000	123414	74586	17028	6257	8590	11315	8377	5184	6940	7676	8757	3542	5818	5757	9028	4566	5387	9190	8133	4405	658	6353	6730	4096	517	6164	5132	3305	399	4820	8183	5701	592	9398
chr21	17230182	17266313	36132	7	0	36132	22735	13397	3207	1079	1541	2087	1471	909	1269	1426	1508	646	1090	1054	1728	909	1062	1749	1455	759	97	1232	1197	659	88	1064	994	604	55	893	1429	988	108	1773
chr21	17266314	17429881	163568	7	0	163568	97715	65853	13134	5004	6741	8266	6708	4819	6539	5982	6919	3047	5198	4603	6383	3559	4349	6463	6643	3914	708	5164	6265	3996	629	5644	4626	3543	497	4456	6514	5081	610	7562
chr21	17429883	17615181	185299	7	0	185299	109921	75378	15613	5518	7021	9278	6860	5568	7318	6257	6893	3260	6342	4944	8063	4523	4999	7463	7156	4368	1101	6244	6640	4371	1328	6520	5094	4653	1343	5120	7112	5467	1064	7796
chr21	17615182	17734368	119187	8	0	119187	69999	49188	9287	3477	4912	5869	4701	3513	4704	4216	4802	2271	4167	3250	4755	2508	3095	4470	4587	2868	595	3719	4461	3321	720	4308	3355	2896	549	3318	4731	3725	502	5533
chr21	17734370	17904182	169813	8	0	169813	103251	66562	13966	5321	7029	9128	6831	4690	6393	6168	6934	3116	5409	4636	7711	4019	4834	7064	6858	3809	718	5761	5943	3846	695	5569	4529	3501	642	4596	6752	4897	707	7739
chr21	17904183	18026903	122721	9	0	122721	75486	47235	10376	3682	5101	6780	4779	3461	4464	4820	5139	2180	3759	3394	5645	2906	3219	5780	5094	2610	504	4022	4336	2796	441	3872	3227	2460	367	3033	4867	3579	410	5616
chr21	18026904	18057181	30278	9	0	30278	19439	10839	2656	950	1331	1895	1168	723	1008	1225	1390	530	823	893	1618	749	906	1573	1242	574	109	1027	908	515	47	890	713	457	54	666	1261	814	76	1485
chr21	18057182	18127160	69979	10	0	69979	43844	26135	5895	2064	3005	4098	2801	1848	2473	2785	3031	1288	2067	1982	3334	1686	1969	3517	2883	1447	231	2325	2323	1397	161	2111	1801	1194	136	1757	2900	1953	194	3321
chr21	18127162	18273182	146021	10	0	146021	93832	52189	13218	4566	6137	9217	5831	3688	4749	5715	6137	2534	3891	4067	7952	3765	3989	8374	6239	2824	582	4909	4368	2555	490	4031	3529	2299	431	3303	5847	3766	493	6523
chr21	18273183	18354182	81000	9	0	81000	52123	28877	7665	2484	3364	5147	3152	2081	2528	3186	3348	1298	2240	2337	4496	2139	2303	4354	3348	1562	380	2711	2396	1280	318	2220	2000	1317	272	1849	3203	2055	310	3655
chr21	18354183	18446799	92617	10	0	92617	60142	32475	8708	2897	3972	6017	3625	2315	2794	3736	4089	1437	2428	2625	5173	2427	2782	5116	3847	1691	391	3147	2599	1427	288	2488	2292	1405	237	2084	3732	2279	310	4257
chr21	18446800	18601181	154382	10	0	154382	100103	54279	14082	4932	6380	10179	6302	3679	4827	6357	6661	2589	4095	4461	8529	4053	4491	8485	6548	2888	612	5204	4483	2398	370	4247	3773	2269	323	3357	6361	3943	517	6985
chr21	18601182	18884181	283000	9	0	283000	181898	101102	25587	8694	11807	18166	11456	7060	9144	11516	12136	4681	7454	7961	15074	7234	8043	15883	11781	5451	1027	9410	8575	5087	771	7866	7283	4487	603	6529	11537	7274	777	12644
chr21	18884182	19014020	129839	10	0	129839	84912	44927	12438	4166	5284	8741	5228	3233	4050	5238	5618	2077	3359	3454	7345	3440	3654	7587	5794	2302	509	4311	3601	1940	356	3360	3159	1857	306	2922	5193	3158	403	5754
chr21	19014021	19077732	63712	10	0	63712	41174	22538	5834	1986	2685	4132	2569	1628	1969	2612	2693	1023	1731	1779	3541	1652	1800	3539	2743	1191	233	2122	1910	1010	188	1706	1627	985	141	1455	2497	1628	198	2903
chr21	19077734	19216120	138387	10	0	138387	88646	49741	12241	4252	5788	8861	5597	3420	4492	5481	5841	2356	3901	4058	7463	3513	3898	7484	5706	2679	540	4616	4215	2325	430	3910	3382	2261	350	3169	5687	3614	472	6383
chr21	19216122	19437182	221061	10	0	221061	145879	75182	21202	6956	8982	15237	8935	5321	6514	9090	9461	3443	5474	6127	12779	6109	6228	14020	9766	3877	875	7312	6019	3159	658	5491	5239	3098	528	4655	8836	5193	735	9740
chr21	19437183	19488128	50946	9	0	50946	33025	17921	4727	1655	2035	3347	2100	1291	1631	2052	2155	845	1346	1388	2783	1288	1408	2973	2262	944	202	1671	1479	835	137	1368	1255	818	104	1111	2078	1221	165	2270
chr21	19488130	19535177	47048	9	0	47048	29689	17359	4197	1540	1904	2846	1971	1264	1662	1784	1938	767	1297	1291	2382	1150	1298	2396	2084	944	188	1505	1428	886	170	1359	1310	832	156	1204	1859	1181	160	2093
chr21	19535179	19550711	15533	9	0	15533	9770	5763	1360	533	654	896	645	443	514	619	639	289	456	381	798	392	432	718	745	339	64	509	490	332	45	445	391	220	34	383	595	421	31	718
chr21	19550713	19675185	124473	9	0	124473	82349	42124	12348	3890	5148	8601	5122	2949	3699	4880	5189	1994	3113	3469	7328	3417	3533	7668	5335	2265	471	4178	3375	1774	308	3088	2944	1703	285	2632	4996	2803	370	5596
chr21	19675186	19856185	181000	10	0	181000	118063	62937	16795	5697	7392	11980	7213	4539	5561	7393	7470	3001	4748	5084	10386	4793	5152	10859	7903	3349	719	6059	5066	2844	526	4702	4424	2670	424	3946	7312	4275	571	8145
chr21	19856186	20018391	162206	9	0	162206	106145	56061	15575	5084	6510	10909	6649	4077	4846	6571	6807	2583	4063	4639	9047	4252	4697	9834	7024	2944	607	5421	4558	2450	493	4210	3960	2357	444	3501	6602	3960	546	6984
chr21	20018393	20272960	254568	9	0	254568	164815	89753	23668	7945	10209	16769	10254	6458	8090	10074	10635	4184	6660	7067	14034	6525	7205	15038	10856	4926	975	8355	7541	4218	813	6816	6308	3991	714	5692	10171	6254	820	11301
chr21	20272962	20434187	161226	9	0	161226	104940	56286	14938	4951	6503	10575	6474	3979	4928	6565	6671	2669	4253	4383	8883	4365	4495	10307	6962	3115	686	5200	4632	2676	439	4385	3976	2356	406	3476	6376	3985	497	7118
chr21	20434188	20514202	80015	8	0	80015	51245	28770	7406	2513	3281	4990	3275	2112	2625	3178	3405	1360	2191	2235	4104	1984	2221	4365	3486	1543	329	2610	2444	1370	240	2157	1974	1293	215	1916	3286	2004	266	3635
chr21	20514203	20671707	157505	8	0	157505	102484	55021	14885	4880	6397	10246	6308	3956	4897	6174	6495	2480	4226	4263	8720	4260	4332	9963	6763	2895	659	5259	4527	2566	513	4135	3857	2459	409	3515	6188	3821	511	6944
chr21	20671708	20693489	21782	8	0	21782	14046	7736	1982	681	939	1402	858	573	704	821	955	365	618	602	1209	529	627	1181	919	418	79	732	652	357	54	598	524	334	40	488	861	552	57	1069
chr21	20693490	20708053	14564	8	0	14564	9026	5538	1262	433	576	881	562	418	510	579	607	241	416	405	720	339	372	703	593	307	70	461	506	347	72	425	396	285	48	359	574	411	54	630
chr21	20708054	20708183	130	8	0	130	87	43	18	7	4	10	6	1	4	6	10	1	4	1	4	3	4	3	8	0	0	4	3	2	0	4	3	2	0	1	3	5	0	7
chr21	20708184	20709578	1395	7	0	1395	794	601	122	31	55	66	47	40	54	49	55	26	52	36	49	30	39	41	43	34	9	41	58	47	10	54	39	45	9	43	50	43	14	62
chr21	20709579	20722744	13166	7	0	13166	8402	4764	1160	384	571	786	533	336	445	478	597	235	379	363	611	351	381	791	537	254	52	463	379	244	41	369	313	202	23	312	563	334	44	633
chr21	20722745	20800181	77437	7	0	77437	49482	27955	6913	2417	3308	4796	3106	1915	2591	2970	3291	1312	2209	2278	4124	1913	2171	4168	3245	1471	296	2545	2245	1333	225	2285	1956	1258	215	1789	3135	2025	270	3660
chr21	20800182	20895679	95498	6	0	95498	61606	33892	8517	3124	3825	6272	3853	2421	3007	3914	4052	1508	2616	2727	5316	2523	2676	5255	4105	1846	413	3212	2793	1599	318	2509	2382	1417	273	2120	3913	2357	350	4283
chr21	20895681	20969182	73502	6	0	73502	47602	25900	6860	2357	2910	4865	3053	1930	2334	2942	3124	1167	1832	2120	3955	1873	2057	4221	3271	1403	303	2350	2145	1263	217	1903	1856	1068	189	1689	2987	1794	271	3191
chr21	20969183	20983240	14058	5	0	14058	9210	4848	1475	453	542	896	544	335	427	587	574	207	338	392	772	367	407	892	610	239	64	449	401	209	61	338	357	226	51	332	525	335	56	595
chr21	20983241	20990229	6989	5	0	6989	4453	2536	614	210	285	445	256	190	212	265	294	111	227	172	390	184	198	400	293	149	19	234	188	127	45	210	172	119	31	144	270	174	25	334
chr21	20990231	20991043	813	5	0	813	450	363	40	19	32	38	25	25	36	18	27	14	34	24	35	23	24	34	28	17	8	28	26	25	12	34	19	33	10	24	31	22	6	40
chr21	20991044	21002486	11443	5	0	11443	6700	4743	781	314	443	607	389	345	413	419	450	194	427	315	525	262	324	491	480	202	87	347	306	302	133	391	353	278	149	328	427	349	69	541
chr21	21002488	21026793	24306	5	0	24306	15472	8834	2201	765	1007	1524	957	631	780	935	985	377	691	681	1354	597	667	1318	937	462	130	842	744	387	106	694	642	462	102	592	981	620	116	1017
chr21	21026794	21078069	51276	5	0	51276	33507	17769	4967	1667	2045	3396	1993	1285	1581	2084	2044	834	1358	1393	3071	1360	1412	3017	2219	974	219	1734	1422	775	161	1346	1237	794	157	1100	2064	1160	189	2216
chr21	21078071	21089987	11917	5	0	11917	7424	4493	1043	394	464	685	482	337	414	491	450	195	350	321	611	308	303	575	550	257	59	368	376	238	53	355	342	237	49	292	456	291	53	516
chr21	21089988	21099456	9469	5	0	9469	6389	3080	939	308	398	696	380	217	293	398	425	169	190	266	597	261	252	600	429	152	43	331	214	97	15	225	219	107	14	182	426	195	34	395
chr21	21099457	21105763	6307	5	0	6307	4140	2167	620	211	281	403	261	151	171	294	269	106	156	158	364	180	187	327	295	116	23	214	157	94	10	166	165	82	12	143	260	136	21	272
chr21	21105765	21185963	80199	5	0	80199	52903	27296	7689	2530	3114	5512	3094	2021	2507	3219	3321	1261	1897	2245	4741	2284	2276	5191	3534	1422	378	2762	2172	1090	267	1968	1913	1131	239	1695	3222	1853	280	3369
chr21	21185964	21217315	31352	5	0	31352	20246	11106	2713	1035	1245	2013	1235	850	1016	1311	1257	540	802	866	1800	861	889	1812	1444	623	129	1089	921	494	94	836	778	466	69	697	1269	762	104	1330
chr21	21217316	21221582	4267	5	0	4267	2671	1596	342	131	173	257	160	144	154	162	173	74	100	104	227	128	142	199	197	95	23	162	138	71	15	118	107	86	15	118	178	90	11	171
chr21	21221583	21232025	10443	5	0	10443	7136	3307	1021	346	417	794	429	220	263	503	433	148	225	301	695	299	296	746	482	155	34	342	257	107	22	207	268	115	10	199	408	215	32	452
chr21	21232027	21381179	149153	5	0	149153	98678	50475	14411	4677	5837	10314	5941	3749	4457	6190	6205	2329	3611	4307	8682	4184	4155	9627	6654	2680	629	4977	4038	2145	364	3746	3512	1947	368	2963	6133	3521	423	6375
chr21	21381180	21464646	83467	4	0	83467	54470	28997	7648	2542	3310	5560	3194	2226	2577	3396	3438	1286	2173	2268	4780	2301	2313	5456	3694	1576	341	2745	2340	1309	230	2281	2001	1309	232	1774	3359	1966	267	3573
chr21	21464647	21532178	67532	4	0	67532	46169	21363	7090	2180	2652	5179	2704	1436	1723	2835	2837	972	1428	1887	4471	1927	1885	4961	2911	1109	286	2209	1719	805	167	1454	1391	794	170	1223	2677	1437	209	2802
chr21	21532179	21672340	140162	3	0	140162	90563	49599	12710	4483	5811	9247	5872	3559	4434	5815	6035	2332	3633	3892	7634	3593	3846	7666	5973	2773	499	4722	4357	2396	317	3702	3480	2100	245	3143	5870	3503	361	6157
chr21	21672342	21685179	12838	3	0	12838	8253	4585	1173	426	570	798	589	304	403	497	564	235	339	375	640	335	381	622	555	272	43	430	394	203	27	352	300	185	16	295	545	316	36	616
chr21	21685180	21695691	10512	4	0	10512	7029	3483	1014	350	426	774	411	236	313	450	442	168	273	305	696	282	283	605	443	191	37	364	279	117	24	239	235	114	22	229	453	237	35	463
chr21	21695700	21920179	224480	4	0	224480	144737	79743	20447	7103	9123	14291	8986	5760	7069	9114	9421	3731	6066	6410	12110	5921	6327	12857	9807	4267	966	7475	6499	3757	781	6061	5518	3360	595	5029	9105	5714	788	10020
chr21	21920180	21962707	42528	5	0	42528	28066	14462	4040	1332	1690	2940	1753	1063	1232	1682	1770	692	1093	1203	2440	1110	1241	2783	1825	795	182	1396	1128	580	121	1095	1017	564	116	885	1760	985	133	1880
chr21	21962709	22049180	86472	5	0	86472	55174	31298	7691	2662	3616	5423	3511	2265	2800	3550	3637	1430	2341	2409	4553	2223	2394	4668	3670	1683	372	2856	2677	1526	270	2400	2330	1500	229	1967	3448	2164	277	3928
chr21	22049181	22130163	80983	6	0	80983	52942	28041	7649	2698	3338	5429	3341	1994	2467	3268	3448	1268	2014	2308	4676	2068	2175	4801	3504	1589	306	2628	2341	1336	230	2116	1922	1159	180	1691	3303	1939	236	3559
chr21	22130164	22162350	32187	6	0	32187	20956	11231	3040	1047	1295	2153	1377	778	1021	1334	1347	517	817	867	1772	859	867	1864	1419	612	108	1062	969	495	78	839	819	471	71	739	1303	803	83	1359
chr21	22162352	22228694	66343	6	0	66343	44176	22167	6469	2075	2762	4577	2692	1529	1858	2756	2746	1054	1572	1821	3975	1952	1905	4432	2918	1191	262	2239	1748	987	191	1501	1598	800	154	1384	2571	1450	199	2973
chr21	22228695	22368179	139485	6	0	139485	90372	49113	12854	4347	5771	9175	5728	3497	4326	5787	5863	2280	3696	3819	7701	3678	3918	7931	6041	2552	541	4668	4122	2307	344	3737	3574	2236	282	3050	5600	3415	387	6256
chr21	22368180	22453179	85000	7	0	85000	56099	28901	8433	2679	3408	5911	3428	2050	2481	3408	3511	1313	2047	2269	5059	2310	2343	5448	3653	1632	331	2735	2466	1239	245	2257	1944	1244	206	1808	3305	2092	264	3479
chr21	22453180	22505617	52438	6	0	52438	33668	18770	4744	1697	2038	3293	2146	1349	1720	2137	2148	860	1409	1486	2734	1381	1531	2994	2280	1072	211	1724	1632	861	175	1385	1348	833	116	1229	2092	1286	164	2361
chr21	22505619	22633180	127562	6	0	127562	82487	45075	12396	4111	4986	8352	5179	3157	3999	4994	5179	2101	3406	3467	7091	3171	3537	7359	5386	2519	523	4113	3771	2165	492	3443	3108	2117	447	2838	5064	3070	484	5535
chr21	22633181	22657653	24473	7	0	24473	16154	8319	2284	772	1036	1655	1013	699	697	972	1105	404	597	701	1344	656	726	1492	1151	455	92	833	668	314	49	603	549	290	41	466	1013	576	64	1154
chr21	22657654	22748333	90680	7	0	90680	58296	32384	8324	2894	3618	5938	3725	2248	2972	3586	3739	1480	2458	2546	4986	2309	2521	4952	3850	1780	318	2983	2786	1696	263	2480	2254	1489	224	2037	3641	2260	253	4068
chr21	22748334	22991813	243480	7	0	243480	158924	84556	22946	7824	9641	16284	9845	6169	7446	10120	10033	3858	6172	6733	13871	6540	6859	14581	10783	4596	895	8118	7024	3860	659	6413	6061	3649	587	5115	9712	5851	761	10472
chr21	22991814	23040177	48364	7	0	48364	31233	17131	4456	1514	1943	3154	1978	1178	1550	1907	1963	806	1303	1393	2670	1300	1366	2752	2044	942	202	1610	1368	744	181	1321	1198	768	173	1113	2001	1160	186	2118
chr21	23040178	23381511	341334	8	0	341334	224980	116354	32659	10775	13557	23447	13726	8271	10254	14048	14237	5508	8532	9464	19817	9153	9682	21848	15166	6083	1310	11148	9325	5095	911	8659	8023	4860	790	7243	13785	7952	1029	14975
chr21	23381513	23399935	18423	8	0	18423	12416	6007	1917	619	740	1331	819	427	515	718	735	288	383	538	1136	519	496	1235	835	358	71	589	498	205	53	420	417	203	29	383	729	410	63	742
chr21	23399937	23445548	45612	8	0	45612	29723	15889	4255	1409	1772	3030	1822	1187	1387	1835	1787	712	1261	1266	2601	1205	1225	2967	2009	831	205	1469	1291	711	153	1212	1060	759	147	1016	1871	1066	141	1948
chr21	23445550	23461180	15631	8	0	15631	10276	5355	1498	510	620	1078	590	385	465	585	615	260	396	427	1003	413	440	990	665	288	83	533	420	249	69	385	343	235	57	329	597	352	75	674
chr21	23461181	23550762	89582	9	0	89582	59255	30327	8655	2815	3533	6271	3671	2148	2719	3552	3595	1398	2277	2506	5353	2388	2527	5846	3858	1589	315	2987	2459	1247	242	2185	2180	1273	214	2001	3592	2024	277	3883
chr21	23550764	23679554	128791	9	0	128791	84362	44429	12446	3912	5133	8829	5144	3118	3883	5211	5346	2019	3366	3708	7384	3350	3636	7876	5425	2275	509	4190	3617	1943	464	3222	3142	1911	382	2909	5171	3117	453	5698
chr21	23679556	23780182	100627	9	0	100627	64173	36454	9182	3015	4034	6347	3842	2670	3413	4035	4095	1721	2888	2807	5458	2547	2702	5415	4243	1895	419	3396	3037	1771	332	2865	2596	1708	308	2372	4084	2631	393	4404
chr21	23780183	23826632	46450	10	0	46450	29066	17384	4206	1388	1877	2752	1788	1285	1564	1764	1995	814	1434	1209	2234	1108	1200	2447	1963	949	222	1460	1482	902	210	1445	1162	848	222	1066	1794	1340	214	2104
chr21	23826634	23921722	95089	10	0	95089	59030	36059	7766	2810	3856	5467	3682	2610	3410	3603	3816	1728	2948	2631	4636	2362	2611	5093	3873	2043	401	3193	3125	1900	406	2982	2469	1874	353	2316	3838	2595	356	4334
chr21	23921724	24057501	135778	10	0	135778	85779	49999	12040	4247	5562	8197	5504	3578	4616	5371	5634	2360	3867	3733	6869	3479	3733	6987	5753	2760	561	4590	4221	2525	499	3969	3552	2374	413	3187	5543	3555	465	6032
chr21	24057503	24082184	24682	10	0	24682	15876	8806	2095	756	990	1527	969	661	736	1055	1005	428	735	746	1300	639	727	1506	1085	479	94	826	717	421	79	660	593	346	55	536	1026	632	90	1166
chr21	24082186	24129330	47145	10	0	47145	31074	16071	4739	1569	2037	3099	1961	1089	1397	1808	2097	764	1182	1302	2646	1250	1431	2701	2053	849	202	1568	1223	641	132	1208	1081	608	93	1068	1899	1106	137	2203
chr21	24129331	24172631	43301	10	0	43301	28618	14683	4139	1406	1667	2995	1716	1143	1316	1756	1805	670	1085	1256	2545	1157	1275	2685	1975	778	157	1466	1159	600	102	1060	1010	561	97	902	1787	982	132	1915
chr21	24172633	24366253	193621	10	0	193621	126969	66652	18287	6203	7650	13085	7662	4815	5896	7923	8083	3010	5041	5485	11193	5099	5606	11930	8458	3483	778	6408	5396	2912	551	4864	4747	2776	477	4182	7695	4551	634	8739
chr21	24366254	24627185	260932	10	0	260932	169907	91025	24585	8327	10607	17503	10781	6454	8054	10769	10847	4259	6792	7246	14809	6664	7052	15157	11201	4962	984	8557	7685	4062	702	6897	6510	3980	594	5746	10662	6343	834	11305
chr21	24627186	24737185	110000	9	0	110000	71366	38634	10020	3539	4421	7151	4442	2796	3481	4496	4543	1842	2856	3142	6126	2793	3082	6635	4858	2035	465	3612	3139	1819	319	2910	2785	1670	240	2398	4433	2663	366	4921
chr21	24737186	24981058	243873	10	0	243873	157138	86735	22329	7625	9826	15670	9773	6187	7850	9931	9960	3994	6545	6812	13388	6401	6980	13867	10468	4753	980	8005	7194	3971	755	6709	6327	3903	660	5698	9752	6002	767	10789
chr21	24981060	24981322	263	10	0	263	169	94	32	8	8	19	14	2	10	10	12	9	5	6	9	4	10	9	5	4	3	11	8	2	2	3	9	4	2	9	14	5	3	10
chr21	24981324	25004187	22864	10	0	22864	14185	8679	2060	701	960	1292	925	620	754	825	957	388	738	587	1071	589	660	1058	903	491	104	800	752	492	92	744	565	417	77	571	904	681	87	997
chr21	25004188	25018813	14626	9	0	14626	9298	5328	1350	465	607	899	583	360	463	591	600	248	441	396	789	396	383	726	638	281	68	482	430	270	61	434	333	267	58	320	596	376	55	658
chr21	25018814	25073186	54373	9	0	54373	34450	19923	4840	1658	2307	3297	2169	1419	1771	2208	2337	920	1538	1511	2755	1293	1544	2882	2239	1068	219	1764	1682	983	183	1610	1478	953	151	1286	2168	1455	183	2500
chr21	25073187	25127669	54483	10	0	54483	34843	19640	4744	1683	2373	3356	2175	1413	1855	2094	2264	943	1527	1558	2974	1396	1570	2916	2292	1033	190	1920	1608	928	142	1501	1377	845	113	1399	2261	1373	153	2505
chr21	25127670	25273185	145516	10	0	145516	92976	52540	13337	4514	6159	8957	5942	3687	4781	5948	6311	2416	4114	4094	7377	3706	4082	7551	6169	2889	515	4750	4409	2518	331	4198	3766	2356	292	3410	6013	3693	452	6777
chr21	25273186	25376724	103539	9	0	103539	65914	37625	9230	3234	4381	6326	4112	2605	3426	4197	4490	1775	2895	2856	5340	2649	2918	5479	4344	2062	415	3442	3148	1896	314	2982	2623	1659	236	2488	4225	2723	359	4708
chr21	25376726	25383186	6461	9	0	6461	4028	2433	577	220	284	328	298	173	229	242	276	125	180	190	258	150	178	318	290	152	17	209	231	125	17	193	171	103	8	146	250	186	12	323
chr21	25383187	25386867	3681	8	0	3681	2338	1343	357	126	157	217	142	84	126	137	173	64	94	95	187	95	107	175	155	70	32	112	103	57	16	108	82	65	22	95	149	92	16	169
chr21	25386869	25525187	138319	8	0	138319	86078	52241	11890	4270	5833	7962	5686	3711	4937	5464	6048	2424	4153	3910	6331	3285	3743	6430	5748	2985	440	4517	4771	2932	321	4327	3580	2446	268	3370	5699	3988	397	6451
chr21	25525188	25691187	166000	7	0	166000	100743	65257	13568	5012	6945	8734	6351	4816	6142	6179	6684	3046	5280	4476	7656	4040	4559	7253	6752	3810	772	5580	5828	3815	723	5629	4376	3458	745	4283	6532	4912	608	7434
chr21	25691188	25719121	27934	6	0	27934	16532	11402	2278	817	1119	1417	1068	815	1112	916	1024	538	982	722	1260	664	733	1065	1072	611	155	996	1022	683	198	987	740	739	163	770	1077	857	138	1194
chr21	25719123	25723188	4066	6	0	4066	2374	1692	336	134	189	179	151	127	159	127	181	72	142	75	170	97	108	127	147	109	22	152	160	118	16	164	99	97	16	120	156	134	18	162
chr21	25723189	25884561	161373	7	0	161373	96662	64711	13543	4860	6433	8339	6194	4532	6412	5740	6304	3059	5443	4231	7134	3909	4200	6327	6356	3720	863	5422	5703	3775	925	5472	4504	3690	873	4371	6315	4690	809	7223
chr21	25884562	25921187	36626	7	0	36626	21625	15001	3012	1090	1575	1743	1398	1093	1508	1297	1471	721	1213	954	1538	824	920	1266	1441	833	249	1205	1302	814	215	1257	1115	875	206	1130	1439	1066	230	1624
chr21	25921188	25931566	10379	8	0	10379	6044	4335	852	316	413	449	411	310	412	436	431	202	330	305	335	234	257	350	436	242	67	316	413	260	67	353	305	245	63	299	415	346	63	444
chr21	25931567	25934024	2458	8	0	2458	1567	891	239	77	109	151	94	68	72	102	107	32	60	76	135	66	68	109	96	50	16	81	80	51	9	60	60	44	7	61	100	55	14	107
chr21	25934025	25940525	6501	8	0	6501	3783	2718	496	184	284	297	220	180	288	207	270	139	233	173	274	143	184	209	249	156	25	216	224	163	34	272	169	168	32	195	254	206	49	306
chr21	25940526	25948822	8297	8	0	8297	5073	3224	729	245	302	477	339	228	315	344	293	146	234	243	392	196	208	382	338	170	52	255	290	169	46	242	265	201	45	233	333	209	45	329
chr21	25948824	25964083	15260	8	0	15260	9320	5940	1238	506	647	834	578	438	571	571	639	266	477	404	770	362	406	612	614	341	89	528	512	311	60	536	425	323	53	361	607	444	60	675
chr21	25964085	25989442	25358	8	0	25358	15446	9912	2217	830	1082	1300	974	682	990	975	1063	444	798	686	1175	602	612	1015	1027	585	130	816	840	526	115	879	696	507	102	696	1058	742	101	1091
chr21	25989443	25994131	4689	8	0	4689	2827	1862	365	154	160	253	188	133	180	192	173	92	141	134	206	108	143	203	192	113	29	153	182	99	17	150	134	106	21	125	186	130	29	196
chr21	25994132	26000502	6371	8	0	6371	3838	2533	547	208	270	327	252	183	246	266	269	115	206	164	284	135	143	222	258	134	38	211	203	113	47	209	223	137	27	179	263	188	36	266
chr21	26000511	26020657	20147	8	0	20147	12274	7873	1690	638	795	1114	849	584	761	711	713	333	615	535	985	542	536	871	841	439	128	690	681	404	112	612	610	479	110	571	773	487	102	834
chr21	26020658	26028398	7741	8	0	7741	4562	3179	600	255	299	373	273	247	358	278	331	147	244	207	322	189	183	254	311	186	55	286	287	167	38	275	239	168	34	203	319	246	45	320
chr21	26028400	26042374	13975	8	0	13975	8362	5613	1054	384	558	716	512	383	575	538	528	255	462	394	618	388	416	580	569	295	71	475	507	325	56	478	415	312	44	425	517	433	57	633
chr21	26042375	26052183	9809	8	0	9809	6055	3754	854	304	379	558	345	260	366	422	405	167	285	294	491	249	260	416	379	234	56	311	343	193	40	317	270	199	32	227	401	267	49	434
chr21	26052184	26091568	39385	7	0	39385	24030	15355	3337	1208	1624	2147	1494	1094	1494	1428	1577	714	1217	1108	1908	999	1042	1639	1575	888	214	1338	1323	826	236	1255	1026	827	198	1031	1585	1099	180	1752
chr21	26091569	26107650	16082	7	0	16082	9643	6439	1400	498	636	812	634	441	594	599	622	298	509	440	689	372	444	653	622	366	108	513	572	386	96	555	480	361	85	426	594	496	89	690
chr21	26107652	26110910	3259	7	0	3259	1944	1315	250	97	124	161	120	124	119	127	118	60	97	89	144	89	88	137	154	85	20	110	122	82	22	98	87	76	13	80	127	81	17	139
chr21	26110911	26135681	24771	7	0	24771	15293	9478	2078	797	1016	1388	980	680	933	918	998	445	744	668	1223	643	701	1079	1038	533	135	859	794	449	109	776	674	508	90	658	1005	638	110	1102
chr21	26135682	26177288	41607	7	0	41607	24683	16924	3434	1299	1620	2145	1546	1144	1688	1434	1631	743	1392	1110	1887	1021	1061	1527	1657	944	262	1344	1402	1062	304	1446	1171	1002	329	1124	1583	1207	239	1847
chr21	26177289	26278180	100892	7	0	100892	60559	40333	8207	2877	4212	5161	3918	2956	3947	3828	4010	1889	3420	2788	4322	2295	2504	4225	3977	2290	454	3296	3718	2417	414	3450	2837	2217	345	2809	4116	3074	389	4528
chr21	26278181	26374180	96000	8	0	96000	59674	36326	8034	2852	3919	5519	3917	2678	3391	3781	3969	1720	2907	2767	4404	2384	2670	4760	4033	2071	360	3170	3253	1934	329	2869	2578	1693	284	2389	3904	2687	313	4459
chr21	26374181	26820180	446000	9	0	446000	276887	169113	37004	13611	18747	25542	18016	12428	15751	18003	18874	7961	13217	12605	21010	10924	11982	21210	18816	9325	1999	14784	14898	8876	1494	13681	12154	7992	1206	11230	18330	12756	1569	20003
chr21	26820181	27652180	832000	10	0	832000	526964	305036	73139	25796	34855	50165	33200	21779	27324	33171	35242	14319	23607	23456	42374	21286	23912	43338	35123	16505	3622	27931	25926	15122	2924	23802	21027	13884	2602	19943	33398	22263	2942	38021
chr21	27652181	27952528	300348	9	0	300348	191374	108974	27318	9556	12400	18559	12391	7803	9787	11908	12772	5007	8480	8472	15352	7540	8248	15779	12729	6080	1244	9853	9381	5365	955	8456	7519	4944	799	6918	12260	7768	1014	13689
chr21	27952530	27957410	4881	9	0	4881	3190	1691	469	174	215	340	218	110	143	170	214	75	128	120	297	101	146	270	174	98	18	170	128	94	10	128	145	61	19	107	193	107	11	226
chr21	27957411	28261180	303770	9	0	303770	193699	110071	26776	9425	12549	18984	12192	7901	9969	12301	12929	5060	8333	8677	15838	7868	8464	16432	13061	5942	1278	9973	9377	5600	883	8657	7586	4920	721	7073	12339	8055	994	13611
chr21	28261181	28340135	78955	8	0	78955	50029	28926	6857	2434	3325	4802	3246	2093	2740	3101	3402	1422	2267	2207	3912	1834	2192	4194	3320	1489	249	2724	2494	1415	194	2276	2041	1336	174	1915	3325	2139	225	3609
chr21	28340136	28361785	21650	8	0	21650	13697	7953	1908	680	951	1325	893	573	665	915	1000	361	636	569	1064	516	611	1029	904	391	88	747	676	392	62	648	575	366	62	475	891	628	54	993
chr21	28361786	28438178	76393	8	0	76393	48149	28244	6621	2373	3164	4448	3062	2075	2616	3097	3146	1338	2184	2146	3778	1869	2143	4087	3291	1599	279	2486	2556	1436	216	2195	1950	1325	189	1908	3053	2043	200	3518
chr21	28438179	28520455	82277	7	0	82277	51670	30607	7069	2530	3456	4798	3319	2100	2887	3326	3481	1446	2503	2285	3984	2107	2303	4075	3448	1653	336	2746	2648	1605	196	2447	2175	1409	165	2063	3361	2230	231	3893
chr21	28520456	28538799	18344	7	0	18344	11636	6708	1601	606	786	1121	755	434	618	723	834	333	503	502	924	432	532	930	723	399	78	605	590	351	45	541	467	268	34	433	750	509	55	860
chr21	28538804	28630177	91374	7	0	91374	56797	34577	7898	2874	3741	5191	3825	2520	3318	3631	3724	1627	2630	2614	4257	2167	2466	4312	3867	1979	331	3012	3151	1872	284	2698	2538	1680	237	2333	3738	2474	270	4113
chr21	28630178	28746177	116000	6	0	116000	70755	45245	9357	3725	4908	6171	4758	3195	4294	4615	4922	2132	3623	3143	5126	2686	3193	4905	4820	2585	485	3848	4079	2648	356	3784	3231	2201	297	3091	4732	3433	360	5295
chr21	28746178	28795765	49588	5	0	49588	29824	19764	3615	1529	2097	2530	2000	1479	1881	2017	2051	933	1667	1376	2104	1151	1306	2087	2064	1142	226	1659	1809	1118	176	1646	1445	1005	134	1312	2059	1484	150	2334
chr21	28795766	28817805	22040	5	0	22040	13525	8515	1843	685	898	1210	879	594	858	862	980	370	682	620	934	539	600	969	938	448	83	719	760	489	63	717	587	421	44	594	908	671	64	1009
chr21	28817807	28872343	54537	5	0	54537	33084	21453	4117	1705	2288	2835	2182	1505	2125	1939	2259	1048	1699	1487	2387	1275	1553	2679	2199	1235	240	1859	1993	1231	166	1878	1501	1082	164	1411	2058	1721	196	2518
chr21	28872345	28872374	30	5	0	30	11	19	0	0	1	0	0	4	0	2	0	0	1	0	1	0	1	0	2	1	0	1	4	3	0	0	0	2	2	2	0	1	0	0
chr21	28872376	28872554	179	5	0	179	96	83	7	3	8	8	7	11	6	9	10	3	7	2	2	1	7	3	10	3	2	3	5	3	0	11	9	9	0	6	10	4	0	8
chr21	28872556	28872572	17	5	0	17	12	5	2	1	0	1	1	0	1	0	0	0	0	1	1	0	1	2	1	1	0	0	1	0	0	0	0	0	0	0	0	0	0	1
chr21	28872574	28975177	102604	5	0	102604	64245	38359	9368	3137	4378	5921	4047	2783	3638	3754	4251	1763	2916	2856	5139	2617	2872	4803	4122	2187	449	3542	3307	1890	422	3074	2641	1914	391	2634	4152	2702	378	4554
chr21	28975178	28984116	8939	4	0	8939	5443	3496	771	285	339	446	344	265	330	355	318	147	296	221	406	238	276	404	355	201	48	331	302	180	31	308	276	210	29	243	361	230	32	359
chr21	28984118	29247178	263061	4	0	263061	156193	106868	21189	7699	10470	13159	10029	7850	10497	9265	10072	4989	8849	6977	11228	6406	6805	10707	10572	6124	1453	8795	9555	6330	1729	9019	7257	6359	1497	7291	10258	7820	1293	11516
chr21	29247179	29371671	124493	5	0	124493	74985	49508	9876	3901	5113	6397	4736	3691	4827	4613	5022	2206	3948	3354	5653	3054	3365	5228	5076	2832	613	4331	4375	2855	609	4210	3463	2696	600	3317	4954	3666	516	5394
chr21	29371673	29502179	130507	5	0	130507	77899	52608	10072	3857	5385	6612	4966	3820	4990	5045	5356	2475	4539	3494	5533	2937	3432	5384	5183	3059	596	4251	4863	3285	555	4614	3576	2834	490	3438	5199	4139	483	6043
chr21	29502180	29520598	18419	6	0	18419	10739	7680	1307	524	796	885	743	605	756	675	796	367	673	476	666	364	458	648	741	431	90	598	728	467	60	695	556	440	40	520	752	612	78	870
chr21	29520599	29563233	42635	6	0	42635	26578	16057	3683	1308	1967	2389	1693	1121	1453	1723	1980	766	1275	1136	1991	990	1192	1910	1722	872	142	1449	1432	850	110	1322	1115	744	92	1049	1720	1248	122	2067
chr21	29563235	29598179	34945	6	0	34945	21411	13534	2947	1052	1447	1881	1316	1022	1296	1291	1463	685	1093	915	1600	856	961	1585	1463	800	162	1190	1113	739	177	1149	905	650	142	887	1444	989	153	1570
chr21	29598180	29690785	92606	7	0	92606	56767	35839	7292	2808	3859	5136	3638	2598	3370	3763	3907	1717	2886	2659	4260	2123	2599	4150	3674	2038	453	3081	3085	1880	337	3010	2696	1734	288	2394	3914	2660	366	4229
chr21	29690787	29704180	13394	7	0	13394	8020	5374	1021	400	568	664	509	389	524	515	563	269	483	385	561	298	361	508	564	308	60	424	468	275	57	471	362	280	44	360	543	408	69	681
chr21	29704181	29780218	76038	8	0	76038	46789	29249	6243	2224	3212	4308	2973	2133	2746	2957	3278	1333	2481	2130	3494	1803	2046	3427	3095	1537	339	2522	2464	1558	283	2470	2114	1425	250	1969	3136	2256	306	3524
chr21	29780220	29784426	4207	8	0	4207	2612	1595	411	121	160	245	158	111	139	153	159	67	110	116	209	118	103	232	176	83	30	126	124	102	35	135	109	85	36	100	152	126	23	151
chr21	29784428	29911586	127159	8	0	127159	79540	47619	10620	3777	5475	7504	5111	3448	4436	5072	5530	2244	3871	3601	6115	3116	3460	6159	5292	2527	522	4244	4018	2411	371	3861	3420	2206	300	3200	5336	3517	455	5938
chr21	29911587	29927181	15595	8	0	15595	10100	5495	1364	527	686	962	616	406	485	654	690	252	421	419	867	411	449	889	702	297	62	535	410	245	38	424	392	233	33	342	657	342	43	740
chr21	29927182	30182181	255000	9	0	255000	161070	93930	22203	7969	11105	15395	10167	6617	8582	9949	11194	4374	7495	7054	13108	6201	7058	12598	10522	4975	1096	8567	7875	4638	847	7502	6578	4285	700	6227	10340	6964	869	11944
chr21	30182182	30345181	163000	10	0	163000	103006	59994	13879	5133	6791	9854	6599	4145	5568	6492	7032	2830	4784	4518	8147	4090	4668	8475	6769	3237	672	5520	5098	2847	530	4732	4199	2815	415	3995	6738	4308	555	7563
chr21	30345182	30457106	111925	9	0	111925	70301	41624	9626	3447	4715	6664	4455	2811	3920	4404	4841	1965	3357	3226	5531	2693	3248	5396	4590	2180	440	3706	3601	2081	340	3314	2896	1939	309	2838	4503	3136	369	5382
chr21	30457107	30478180	21074	9	0	21074	13521	7553	1883	668	941	1302	853	557	645	871	906	377	564	590	1153	538	588	1083	872	418	102	748	613	336	62	562	531	325	72	474	910	494	80	954
chr21	30478181	30488460	10280	10	0	10280	6503	3777	847	310	394	622	431	250	364	429	408	171	318	275	487	249	282	666	455	172	35	317	323	194	32	287	274	204	21	289	422	266	20	464
chr21	30488462	30534383	45922	10	0	45922	29553	16369	4211	1419	1895	2957	1894	1168	1392	1832	1913	728	1201	1348	2464	1197	1333	2599	1923	880	198	1511	1375	730	182	1223	1090	774	183	1109	1898	1126	189	1978
chr21	30534384	30584180	49797	10	0	49797	32322	17475	4537	1536	2066	3287	2033	1224	1537	2078	2089	847	1300	1384	2768	1279	1356	2999	2178	947	191	1570	1505	756	135	1317	1208	788	128	1132	1981	1222	176	2241
chr21	30584181	30621931	37751	9	0	37751	24129	13622	3266	1213	1499	2306	1531	1045	1229	1566	1561	607	1038	1105	1926	953	1102	2181	1641	779	139	1258	1231	606	105	1017	942	640	73	879	1557	934	105	1715
chr21	30621933	30621961	29	9	0	29	18	11	0	1	2	3	2	0	0	0	2	0	0	1	2	0	2	2	0	1	0	0	1	0	0	3	0	1	0	1	0	2	0	1
chr21	30621963	30648440	26478	9	0	26478	16355	10123	2134	814	1042	1478	1082	725	929	1153	1045	435	826	794	1207	665	699	1327	1113	526	128	872	929	534	82	817	759	536	65	660	1087	765	101	1147
chr21	30648442	30827181	178740	9	0	178740	113608	65132	15663	5390	7347	11000	7091	4757	5904	7368	7598	3039	5020	5197	9048	4543	5000	9641	7616	3583	720	5810	5698	3084	532	5111	4536	2926	446	4216	7270	4832	618	8134
chr21	30827182	30829651	2470	8	0	2470	1532	938	180	78	98	138	105	69	81	122	97	50	59	68	112	63	77	134	115	58	9	79	87	62	6	61	75	33	7	71	100	63	8	103
chr21	30829652	30955180	125529	8	0	125529	77264	48265	10271	3774	5228	6983	4996	3517	4584	5017	5337	2263	3884	3493	5652	2906	3323	6034	5171	2710	512	4067	4367	2639	400	3936	3402	2404	386	3294	5174	3589	492	5722
chr21	30955181	31064180	109000	7	0	109000	64781	44219	8343	3123	4535	5428	4176	3286	4484	3932	4469	2062	3828	3057	4441	2498	2888	4231	4438	2503	507	3521	3947	2595	435	3912	3094	2397	337	3115	4399	3395	435	5187
chr21	31064181	31091693	27513	6	0	27513	15926	11587	1966	792	1118	1285	1063	848	1129	962	1116	527	981	780	1016	570	731	1041	1067	659	154	857	1049	784	186	993	807	638	143	844	1078	931	131	1265
chr21	31091695	31157859	66165	6	0	66165	37999	28166	4947	1953	2592	2916	2474	2122	2849	2363	2568	1285	2364	1816	2419	1408	1534	2387	2625	1663	444	2036	2601	1888	442	2478	1983	1680	342	1951	2601	2178	380	2874
chr21	31157861	31185146	27286	6	0	27286	15511	11775	2158	839	1050	1154	1027	900	1276	843	1018	548	1016	704	998	559	607	813	1101	671	197	877	1041	751	205	1003	832	740	198	872	1072	838	180	1196
chr21	31185148	31237183	52036	6	0	52036	30431	21605	4165	1544	2135	2393	1902	1579	2171	1898	2168	944	1806	1347	2003	1174	1269	1932	2051	1206	319	1665	1948	1305	306	1881	1514	1291	297	1556	2037	1639	310	2279
chr21	31237184	31278450	41267	5	0	41267	23697	17570	3044	1246	1740	1793	1656	1317	1736	1466	1612	811	1467	1048	1511	842	1023	1384	1606	1046	264	1300	1576	1132	243	1582	1328	1040	187	1327	1665	1314	202	1757
chr21	31278452	31361184	82733	5	0	82733	46790	35943	5851	2413	3170	3694	3165	2756	3550	2967	3185	1613	2988	2159	2928	1772	1896	2682	3176	2205	578	2595	3433	2487	602	3189	2528	2256	530	2418	3301	2763	480	3401
chr21	31361185	31373785	12601	4	0	12601	7152	5449	863	357	538	513	460	392	550	454	497	240	487	352	452	281	272	443	479	318	73	400	515	379	88	476	360	350	62	372	502	411	65	598
chr21	31373787	31382811	9025	4	0	9025	5193	3832	723	243	317	408	337	311	382	333	313	172	330	245	317	222	217	322	365	249	48	286	373	240	62	332	286	220	50	260	339	299	54	368
chr21	31382813	31453186	70374	4	0	70374	39193	31181	4884	1896	2663	2900	2531	2554	3218	2421	2460	1433	2778	1811	2469	1412	1533	2228	2758	1813	503	2221	3001	2105	491	2749	2291	2123	465	2179	2675	2305	459	3043
chr21	31453187	31806462	353276	3	30	353246	197321	155925	25667	9948	13339	14791	12995	12125	15770	11528	12487	6816	13518	9136	12595	7495	8270	10838	13470	9529	2233	11151	14791	10675	2909	14200	10901	10698	2685	10723	13256	11673	2205	14823
chr21	31806464	31818187	11724	3	0	11724	6665	5059	759	319	484	528	468	359	475	475	507	244	431	334	356	215	316	395	449	322	51	315	482	354	55	492	359	296	41	325	487	412	43	574
chr21	31818188	31842110	23923	4	0	23923	14218	9705	1778	743	994	1200	973	709	961	905	957	448	797	647	1007	524	601	974	986	570	106	762	911	581	86	828	703	534	100	687	947	720	106	1076
chr21	31842111	31897915	55805	4	0	55805	30632	25173	3520	1503	2161	2155	2022	1891	2529	1892	2020	1153	2182	1469	1777	1125	1294	1938	2196	1410	374	1692	2329	1895	525	2183	1776	1726	505	1737	2032	1901	336	2555
chr21	31897917	31977516	79600	4	0	79600	43394	36206	5282	2241	3093	3021	2837	2887	3677	2727	3012	1616	3312	1965	2506	1468	1635	2115	3097	2138	556	2421	3442	2738	614	3342	2530	2362	588	2472	3059	2897	466	3482
chr21	31977517	32002186	24670	4	0	24670	12999	11671	1522	651	911	845	847	927	1280	809	897	545	1024	652	664	382	498	544	963	688	177	677	1128	914	221	1097	870	831	162	825	902	927	174	1114
chr21	32002187	32099240	97054	5	0	97054	53518	43536	5879	2619	3953	3745	3624	3350	4416	3586	3679	2081	3872	2636	3014	1901	2180	2981	3935	2449	585	2982	4222	3335	578	3964	2983	2730	444	3061	3836	3585	433	4414
chr21	32099242	32127214	27973	5	0	27973	16119	11854	2081	813	1116	1266	1085	829	1204	1037	1102	569	1045	839	1008	531	715	878	1063	681	151	848	1094	802	154	1052	834	662	97	860	1164	957	114	1320
chr21	32127216	32146188	18973	5	0	18973	10209	8764	1101	528	808	676	680	637	888	641	750	425	827	463	582	332	441	429	710	504	116	591	856	718	128	833	596	574	73	599	684	739	101	941
chr21	32146189	32146976	788	4	0	788	540	248	80	22	39	61	28	22	23	33	27	11	18	21	67	20	17	49	34	5	5	31	13	6	0	20	28	9	1	18	31	19	0	28
chr21	32146977	32257647	110671	4	0	110671	64480	46191	8461	3265	4490	5117	4269	3246	4640	4098	4422	2183	3885	3027	4182	2288	2770	4136	4314	2722	509	3437	4366	3167	550	4066	3252	2653	461	3176	4321	3606	484	5106
chr21	32257649	32319191	61543	4	0	61543	33834	27709	4051	1686	2279	2378	2158	2110	2826	2063	2118	1304	2375	1588	2067	1249	1499	2083	2378	1543	487	1941	2538	2057	505	2553	1938	1945	495	1942	2303	2107	433	2542
chr21	32319193	32330253	11061	4	0	11061	6039	5022	686	292	426	401	365	409	564	400	414	264	391	285	340	226	272	304	456	289	79	367	452	334	100	425	375	320	78	391	455	368	61	470
chr21	32330255	32372190	41936	4	0	41936	22333	19603	2657	1078	1575	1414	1383	1559	2353	1380	1513	963	1652	969	1172	779	904	981	1666	1106	320	1286	1752	1389	313	1849	1579	1390	276	1579	1678	1418	231	1770
chr21	32372191	32411559	39369	3	0	39369	21806	17563	2774	1143	1482	1498	1403	1395	1843	1369	1419	834	1458	993	1301	855	894	1144	1590	1070	283	1284	1664	1200	324	1578	1262	1140	242	1220	1494	1355	261	1595
chr21	32411561	32469982	58422	3	0	58422	31000	27422	3679	1558	2255	2027	2071	2124	2855	1854	2110	1195	2460	1463	1659	1031	1240	1418	2148	1614	389	1757	2583	2151	510	2663	1933	1994	524	1927	2241	2147	377	2463
chr21	32469983	32481171	11189	3	0	11189	5776	5413	714	265	396	347	345	446	583	345	341	224	513	256	322	214	190	274	398	311	107	333	515	459	116	514	414	414	99	397	392	419	86	438
chr21	32481172	32724768	243597	3	0	243597	140171	103426	18081	7025	9604	11001	8767	8140	10422	8577	9251	4791	8532	6280	9611	5353	5816	8918	9908	6031	1511	7859	9229	6912	1733	9141	7329	6354	1507	7058	9440	7718	1379	10317
chr21	32724769	32780188	55420	3	0	55420	33489	21931	4793	1746	2262	2967	2143	1407	2060	1943	2257	1038	1775	1412	2575	1377	1494	2240	2151	1247	309	1861	1834	1280	440	1800	1445	1236	389	1456	2123	1591	294	2473
chr21	32780189	32794640	14452	4	0	14452	8779	5673	1246	464	592	761	593	412	528	590	559	252	465	347	665	373	368	562	607	353	53	488	521	333	58	462	447	299	53	375	548	389	58	629
chr21	32794642	32852102	57461	4	0	57461	33085	24376	4041	1584	2235	2680	2116	1818	2491	2175	2208	1100	2124	1597	2175	1204	1455	2082	2177	1399	272	1858	2296	1559	309	2146	1747	1524	289	1769	2380	1829	288	2532
chr21	32852104	32859472	7369	4	0	7369	4169	3200	571	208	318	318	299	205	348	246	244	141	258	172	301	142	159	238	273	204	22	197	318	251	31	315	244	236	28	266	264	224	21	305
chr21	32859474	32922191	62718	4	0	62718	36185	26533	4353	1727	2615	2836	2377	1947	2743	2394	2464	1312	2262	1748	2337	1263	1522	2284	2552	1497	281	1919	2492	1818	246	2378	1949	1516	220	1877	2468	2104	247	2968
chr21	32922192	32953875	31684	5	0	31684	17824	13860	2182	931	1307	1346	1271	1024	1431	1094	1242	642	1153	809	1071	602	718	1001	1212	857	176	953	1348	963	189	1234	1035	858	178	1009	1225	1055	153	1413
chr21	32953877	32957570	3694	5	0	3694	2030	1664	279	108	155	154	144	119	168	116	149	74	128	88	123	53	70	100	143	91	25	95	153	145	33	150	113	116	32	129	138	129	24	148
chr21	32957571	33002191	44621	5	0	44621	25591	19030	3083	1212	1903	2019	1679	1473	1842	1652	1801	860	1654	1168	1655	937	985	1667	1852	1052	223	1355	1745	1422	236	1713	1363	1085	196	1304	1686	1558	227	2012
chr21	33002192	33044921	42730	4	0	42730	21330	21400	2092	1103	1541	1296	1398	1471	2210	1403	1455	1015	1781	956	1087	744	860	917	1519	1206	360	1248	2021	2016	647	1916	1512	1626	628	1492	1429	1752	291	1736
chr21	33044923	33054002	9080	4	0	9080	4953	4127	579	253	379	362	329	296	414	315	378	207	343	239	287	156	198	217	332	248	71	261	393	333	72	385	290	259	57	258	339	344	54	430
chr21	33054004	33168288	114285	4	0	114285	61162	53123	7157	3050	4332	4323	4069	4036	5481	3805	4181	2339	4663	2752	3455	1964	2343	3212	4286	3053	774	3276	5058	4274	1131	4866	3855	3817	939	3857	4192	4185	738	4820
chr21	33168290	33170194	1905	4	0	1905	926	979	90	37	87	46	70	68	103	52	63	47	100	39	37	27	35	23	68	55	10	46	97	79	8	119	67	74	26	81	62	95	12	80
chr21	33170195	33180492	10298	3	0	10298	5739	4559	665	250	385	453	361	322	464	370	374	210	401	292	353	230	238	371	396	256	55	305	426	356	72	432	334	269	75	304	361	405	66	445
chr21	33180493	33184923	4431	3	0	4431	2407	2024	260	102	154	179	168	187	215	168	145	107	179	128	122	80	79	133	179	129	30	139	220	144	25	176	148	115	19	140	190	177	20	172
chr21	33184925	33290194	105270	3	0	105270	59013	46257	7383	3014	4040	4421	3973	3517	4741	3535	3933	2208	4010	2766	3569	2035	2524	3344	4136	2752	612	3274	4313	3251	770	4166	3137	3014	719	3194	4180	3482	575	4680
chr21	33290195	33328215	38021	2	0	38021	21332	16689	2301	985	1375	1514	1267	1231	1715	1405	1415	754	1423	1005	1192	787	869	2094	1459	913	271	1114	1631	1156	304	1487	1195	1113	292	1155	1333	1396	243	1625
chr21	33328216	33414430	86215	2	0	86215	47563	38652	6239	2332	3208	3459	3088	2962	4059	2663	3041	1688	3317	2171	2870	1815	2020	2631	3195	2266	550	2786	3631	2775	782	3438	2717	2726	742	2825	3227	2859	576	3555
chr21	33414431	33525386	110956	2	0	110956	61953	49003	8650	3034	3813	4644	4010	3744	5197	3414	3507	2157	4372	2891	3973	2501	2614	3430	4092	2932	748	3664	4649	3123	1024	4294	3409	3584	959	3598	4215	3451	821	4440
chr21	33525388	33677899	152512	2	0	152512	90113	62399	12802	4611	5683	7562	5562	4479	6075	5094	5378	2708	5099	4037	6915	3926	4136	6045	5798	3619	990	5317	5568	3610	1293	5179	4092	4113	1272	4325	5751	4308	991	6172
chr21	33677901	33761779	83879	2	0	83879	50497	33382	7665	2534	3307	4250	3135	2456	3416	2752	3130	1492	2782	2203	3827	1991	2241	3315	3260	1915	429	2869	2968	1744	496	2899	2281	2086	422	2405	3250	2362	423	3572
chr21	33761781	33949540	187760	2	0	187760	105104	82656	13838	5381	7297	7740	6724	6193	8735	6390	7074	3736	6953	4652	6620	3871	4315	5584	7285	4694	1233	5969	7657	5738	1438	7362	6040	5525	1315	5984	7061	6237	1132	7985
chr21	33949542	33954196	4655	2	0	4655	2606	2049	322	114	163	185	169	158	228	152	151	100	186	124	142	90	103	219	164	129	26	143	202	137	27	192	138	149	29	150	202	144	20	195
chr21	33954197	33960010	5814	3	0	5814	3672	2142	502	173	232	349	211	145	209	223	247	105	177	157	296	161	162	323	259	137	11	177	190	131	16	179	116	93	12	133	222	156	17	291
chr21	33960012	33967461	7450	3	0	7450	4323	3127	456	191	254	374	267	283	308	298	259	140	291	182	293	168	161	396	389	159	49	186	276	210	26	290	218	181	42	229	273	252	37	310
chr21	33967463	34036684	69222	3	0	69222	38072	31150	4257	1876	2663	2709	2475	2524	3288	2390	2643	1467	2776	1879	2130	1341	1683	1970	2751	1857	415	2186	3033	2227	401	2866	2179	1960	346	2163	2714	2484	372	3195
chr21	34036686	34075199	38514	3	0	38514	21687	16827	2710	1102	1532	1702	1405	1236	1610	1358	1507	757	1340	993	1424	852	895	1263	1507	976	220	1244	1557	1273	394	1414	1104	1115	380	1045	1442	1274	207	1674
chr21	34075200	34082992	7793	4	0	7793	4910	2883	726	291	379	393	338	180	255	278	338	122	198	193	388	241	239	350	309	182	35	307	235	146	22	255	206	130	26	178	301	200	19	331
chr21	34082994	34121783	38790	4	0	38790	23801	14989	3175	1311	1712	2004	1597	1105	1487	1453	1622	720	1054	1011	1809	1114	1101	1524	1717	903	185	1445	1297	792	125	1214	1088	690	124	1002	1540	1043	130	1694
chr21	34121784	34176095	54312	4	0	54312	30599	23713	3881	1699	2214	2212	2086	1748	2484	1806	2139	1121	1970	1290	1901	1132	1275	1640	2141	1424	339	1796	2255	1670	333	2092	1694	1463	310	1675	2034	1793	314	2379
chr21	34176096	34260086	83991	4	0	83991	47650	36341	5753	2372	3379	3723	3205	2760	3673	3133	3328	1741	3102	2173	2941	1692	1914	2761	3375	2097	492	2601	3497	2627	429	3255	2611	2171	352	2488	3288	2912	421	3723
chr21	34260088	34333625	73538	4	0	73538	41778	31760	4626	2129	3010	3257	2848	2324	3229	2868	2994	1595	2737	1914	2553	1469	1823	2401	3013	1817	350	2337	3007	2187	338	2966	2242	1888	232	2142	3007	2605	274	3354
chr21	34333627	34348200	14574	4	0	14574	7467	7107	805	388	605	444	490	499	776	476	585	320	605	342	362	191	301	278	511	378	99	410	686	626	130	710	529	543	101	531	515	606	94	636
chr21	34348201	34380236	32036	3	0	32036	17912	14124	2309	909	1290	1306	1194	1080	1417	1066	1202	590	1210	835	1109	658	742	993	1220	861	203	953	1360	995	248	1237	973	977	220	1040	1206	1007	195	1429
chr21	34380238	34590204	209967	3	0	209967	116869	93098	14046	5991	8238	8568	7710	7136	9723	7545	8219	4435	7879	5333	6868	4002	4822	6354	8302	5558	1231	6473	8888	6730	1396	8475	6730	5843	1096	6508	8194	7357	1109	9206
chr21	34590206	34595228	5023	3	0	5023	2698	2325	265	138	164	185	146	185	276	211	185	111	169	140	156	99	109	158	210	128	43	152	224	190	26	218	196	148	31	153	188	191	30	196
chr21	34595229	34607191	11963	3	0	11963	6675	5288	718	309	486	506	375	434	584	402	470	224	437	307	456	270	289	407	463	315	79	381	429	368	102	480	434	330	63	405	469	367	72	530
chr21	34607192	34680200	73009	3	0	73009	40305	32704	4729	2020	2875	2934	2637	2360	3298	2628	2747	1526	2722	1885	2445	1438	1700	2361	2805	1855	437	2247	3017	2557	642	2928	2293	2122	592	2327	2808	2611	369	3092
chr21	34680201	34703832	23632	2	0	23632	12907	10725	1588	616	989	890	839	811	1079	816	941	534	947	600	715	389	534	618	893	624	145	689	1009	791	171	1060	713	713	154	740	929	903	130	1060
chr21	34703834	34733422	29589	2	0	29589	16105	13484	1847	816	1179	1129	1082	1034	1426	1045	1144	660	1226	756	898	523	629	710	1197	777	179	879	1317	1021	179	1239	927	888	144	949	1146	1070	178	1393
chr21	34733424	34780202	46779	2	0	46779	26380	20399	3018	1261	1849	2008	1719	1624	2045	1775	1745	958	1776	1262	1654	977	1076	1633	1917	1220	261	1422	2012	1430	259	1839	1427	1274	203	1392	1807	1615	227	2092
chr21	34780203	34888202	108000	3	0	108000	60030	47970	7105	3061	4271	4398	3806	3534	5068	3808	4271	2260	3941	2680	3653	2227	2445	3501	4291	2726	702	3363	4358	3619	834	4380	3414	3165	671	3294	4153	3680	631	4688
chr21	34888203	35116202	228000	4	0	228000	131334	96666	15580	6555	9387	10228	8417	7486	9550	8763	9219	4576	8185	6109	8535	4755	5700	8288	9539	5290	1307	7236	8672	6375	1312	8445	6894	5620	1143	6743	9110	7519	1062	10398
chr21	35116203	35240867	124665	3	0	124665	73951	50714	9231	3703	5346	6074	4932	3861	4920	4885	5355	2481	4094	3377	4837	2749	3172	4932	5245	2947	581	4022	4617	3213	467	4411	3620	2579	346	3359	5116	3969	482	5740
chr21	35240868	35365201	124334	3	0	124334	73798	50536	8942	3757	5173	6203	4823	3783	5014	4931	5186	2391	4205	3516	5124	2762	3137	4850	5209	2813	663	4008	4527	3050	491	4367	3654	2681	367	3408	5161	3891	499	5746
chr21	35365202	35492201	127000	4	0	127000	76539	50461	9808	3795	5316	6584	4803	3823	4864	5098	5305	2397	4175	3541	5586	2847	3262	5333	5330	2789	617	4127	4533	2956	472	4331	3552	2561	393	3382	5173	3986	482	5777
chr21	35492202	35530312	38111	5	0	38111	22254	15857	2751	1128	1546	1807	1519	1182	1554	1486	1564	779	1232	1070	1398	812	945	1479	1652	900	207	1142	1438	1066	201	1378	1184	830	168	1046	1468	1287	178	1712
chr21	35530314	35545506	15193	5	0	15193	8978	6215	1061	454	658	729	585	427	598	648	647	319	481	467	609	349	412	534	615	376	88	470	552	413	51	558	433	285	49	409	658	500	44	712
chr21	35545507	35770201	224695	5	0	224695	133077	91618	16413	6737	9538	11071	8702	6750	8954	8812	9333	4345	7582	6065	9312	4820	5472	9170	9191	5276	1095	7090	8367	5859	916	8060	6718	4760	737	6223	8942	7306	904	10173
chr21	35770202	35890201	120000	4	0	120000	69524	50476	8651	3518	4860	5445	4513	3775	5151	4671	4820	2408	4218	3315	4490	2523	2905	4259	4784	3070	619	3751	4863	3279	517	4494	3606	2882	415	3435	4858	3922	527	5454
chr21	35890202	36000201	110000	3	0	110000	63471	46529	7516	3242	4382	5141	4318	3752	4642	4160	4250	2097	3893	2925	4198	2339	2617	3998	4638	2818	554	3420	4465	3155	495	4126	3368	2713	393	3218	4401	3555	440	4769
chr21	36000202	36676348	676147	2	0	676147	365446	310701	46198	18415	24699	25155	24312	23907	32996	21512	23112	14023	27371	16820	20845	13294	14722	18065	25443	18479	4717	20999	29826	22642	6164	28705	22058	22642	5479	22219	25400	23574	4487	27865
chr21	36676349	36678744	2396	2	0	2396	1446	950	227	63	89	142	92	48	107	95	108	44	102	78	95	44	44	67	95	37	3	64	82	63	14	73	71	51	9	55	94	80	8	150
chr21	36678745	36714986	36242	2	0	36242	17846	18396	2071	834	1340	1248	1114	1166	1691	901	1310	790	1495	779	998	598	676	834	1064	1025	361	938	1533	1837	850	1645	1205	1493	816	1254	1070	1510	429	1365
chr21	36714987	36810657	95671	2	0	95671	51148	44523	6296	2579	3690	3464	3172	3467	4713	3137	3619	2120	3663	2224	2941	1658	1986	2417	3652	2549	777	2846	4177	3513	1018	3960	3130	3191	843	3240	3530	3415	676	4006
chr21	36810659	36961199	150541	2	0	150541	84804	65737	10926	4339	5775	6367	5439	5029	6856	5114	5648	3058	5486	3850	5394	3236	3567	4719	5946	3849	1058	4809	6073	4521	1135	5798	4680	4173	979	4674	5739	4984	914	6404
chr21	36961200	37154641	193442	1	0	193442	111631	81811	15123	5605	7233	9160	7213	6106	8127	6423	7124	3617	6861	5019	7661	4414	4811	7134	7483	4832	1200	6227	7353	5271	1577	7178	5629	5305	1615	5519	7403	5971	1138	8108
chr21	37154642	37156571	1930	1	0	1930	1130	800	152	57	68	97	65	53	70	70	63	36	69	46	94	44	63	81	67	45	15	64	68	54	18	73	53	53	14	62	70	61	11	72
chr21	37156572	37182197	25626	1	0	25626	15814	9812	2171	864	1061	1366	974	671	1000	977	1006	438	744	677	1311	633	745	1175	1052	552	104	898	861	506	83	831	685	554	84	736	1024	669	87	1085
chr21	37182198	37185381	3184	2	0	3184	1939	1245	318	87	143	162	111	110	123	121	132	61	96	83	149	72	81	90	134	68	15	112	111	65	14	94	78	81	14	85	142	70	9	151
chr21	37185383	37281506	96124	2	0	96124	53948	42176	7062	2715	3583	4198	3400	3171	4403	3203	3590	1941	3459	2406	3506	2010	2184	3116	3688	2333	767	3049	3737	2937	894	3696	3010	2851	866	2951	3742	3142	579	3933
chr21	37281507	37497260	215754	2	0	215754	129790	85964	18399	6805	8431	11002	8161	6389	8351	7495	8177	3868	6926	5579	9900	5318	5741	9247	8820	4996	1188	7376	7622	5057	1308	7281	5800	4969	1248	5749	8154	6246	1106	9043
chr21	37497261	37523990	26730	2	0	26730	15894	10836	2261	856	1125	1258	1039	806	1118	946	1100	575	773	685	1100	617	674	959	1144	639	165	906	954	652	146	911	771	541	132	742	1040	831	131	1131
chr21	37523992	37632197	108206	2	0	108206	60302	47904	7233	3019	4277	4463	3928	3696	4878	3889	4097	2313	4006	2753	3734	2162	2449	3405	4292	2778	744	3376	4551	3585	793	4200	3429	3028	650	3307	4119	3737	586	4727
chr21	37632198	37681051	48854	3	0	48854	27001	21853	3043	1314	1929	1977	1747	1623	2276	1802	1873	1059	1961	1247	1600	952	1136	1460	1932	1274	260	1482	2095	1684	278	2036	1541	1318	249	1564	1881	1817	221	2221
chr21	37681052	37701142	20091	3	0	20091	11291	8800	1339	530	823	855	737	643	887	779	813	433	742	564	658	366	484	638	787	500	112	573	844	632	116	828	622	559	84	589	792	730	84	946
chr21	37701144	37711820	10677	3	0	10677	5928	4749	644	290	429	460	390	367	487	401	440	232	387	292	348	208	247	305	407	281	70	339	469	343	68	414	317	297	59	333	452	373	63	463
chr21	37711821	37715196	3376	3	0	3376	1832	1544	211	97	149	123	109	83	129	121	147	73	176	93	113	61	67	79	108	99	31	75	136	144	26	193	71	68	11	92	127	188	12	162
chr21	37715197	37802196	87000	4	0	87000	48331	38669	5237	2479	3466	3433	3223	3189	3896	3420	3393	1823	3301	2310	2761	1695	2051	2653	3860	2226	466	2634	3627	2919	466	3551	2803	2264	366	2659	3438	3155	364	3870
chr21	37802197	37817162	14966	5	0	14966	8844	6122	1054	442	548	780	595	470	574	648	588	298	456	461	587	309	395	639	657	361	82	419	601	421	58	533	431	311	54	389	598	519	54	632
chr21	37817164	37865377	48214	5	0	48214	27592	20622	3302	1379	1924	2121	1729	1553	2147	1861	1976	991	1773	1248	1719	982	1137	1750	1983	1245	242	1435	1922	1496	226	1899	1467	1139	154	1424	1917	1663	186	2222
chr21	37865378	37974595	109218	5	0	109218	62294	46924	7296	3121	4517	4767	4061	3638	4862	4121	4387	2199	3808	2930	3958	2239	2677	3712	4524	2687	570	3416	4290	3287	577	4164	3561	2717	479	3327	4307	3626	434	4957
chr21	37974597	37998197	23601	5	0	23601	13675	9926	1624	656	1010	1103	891	726	920	932	976	487	909	633	902	492	576	836	951	567	116	727	899	680	102	961	665	532	84	635	954	863	98	1092
chr21	37998198	38063958	65761	6	0	65761	38225	27536	4455	1809	2582	3125	2410	2113	2824	2647	2591	1323	2414	1885	2515	1369	1637	2525	2672	1574	302	2066	2577	1798	267	2405	2071	1485	217	1888	2675	2190	250	3098
chr21	38064169	38117405	53237	6	0	53237	32043	21194	4225	1561	2239	2764	2115	1484	1972	2073	2132	1058	1742	1466	2317	1221	1449	2225	2124	1222	245	1733	1971	1356	198	1785	1496	1079	181	1404	2053	1654	212	2479
chr21	38117406	38215923	98518	5	0	98518	58333	40185	7105	2862	4157	4937	3782	2873	4027	3877	4154	1917	3417	2738	4020	2140	2475	3851	4159	2226	368	3039	3591	2605	347	3669	2882	2002	275	2795	3927	3379	348	4572
chr21	38216096	38303577	87482	5	0	87482	51514	35968	6413	2624	3778	4239	3397	2618	3612	3335	3668	1735	2855	2385	3577	1869	2175	3233	3495	2009	475	2867	3298	2208	407	3116	2678	1931	326	2515	3491	2881	348	3922
chr21	38303578	38435282	131705	6	0	131705	75070	56635	8850	3775	5373	5715	4907	4274	5785	5092	5240	2771	4826	3450	4716	2673	3098	4525	5449	3203	742	4099	5305	3876	687	4996	4150	3270	593	3977	5154	4515	608	6009
chr21	38435283	38491352	56070	6	0	56070	32030	24040	4064	1584	2228	2413	2012	1884	2433	2187	2174	1147	1942	1522	2039	1170	1327	1904	2291	1328	412	1754	2184	1576	358	2114	1853	1468	287	1629	2188	1860	303	2433
chr21	38491353	38529575	38223	6	0	38223	23168	15055	3141	1170	1540	2093	1474	1125	1465	1436	1606	698	1213	1102	1723	836	916	1629	1621	784	237	1187	1295	862	212	1243	1070	769	179	976	1515	1197	180	1727
chr21	38529576	38733575	204000	5	0	204000	117589	86411	14771	5907	8261	9286	7668	6715	8574	7724	8261	4087	7171	5504	7524	4240	4804	7090	8404	4952	1326	6267	7872	5891	1154	7554	6211	4810	1043	5904	8194	6818	925	9086
chr21	38733576	38948078	214503	4	10	214493	119771	94722	14210	5943	8689	9089	7872	7220	9707	7716	8579	4490	8168	5483	7270	4046	4630	6656	8722	5354	1362	6261	8843	6930	1439	8622	6597	6052	1234	6585	8353	7498	1143	9726
chr21	38948079	38965148	17070	4	0	17070	9240	7830	998	481	712	588	626	648	830	630	651	353	668	455	504	325	358	413	713	456	112	526	775	575	89	707	550	515	82	601	696	600	97	734
chr21	38965149	38985573	20425	4	0	20425	10782	9643	1166	572	776	749	757	706	1003	760	773	461	746	510	566	343	408	485	794	586	157	545	949	819	192	878	715	685	164	668	768	747	133	842
chr21	38985574	39027052	41479	3	0	41479	21341	20138	2094	1066	1526	1370	1362	1672	2201	1451	1546	946	1764	984	1054	625	724	955	1751	1122	352	1084	1881	1765	378	1881	1485	1414	327	1456	1569	1604	275	1793
chr21	39027054	39050942	23889	3	0	23889	13124	10765	1476	658	910	915	833	869	1146	908	905	504	913	627	745	417	508	790	990	608	152	698	1037	846	136	1003	788	702	106	748	941	866	114	1028
chr21	39050943	39088573	37631	3	0	37631	20488	17143	2159	1015	1428	1459	1366	1374	1815	1452	1412	787	1441	983	1123	693	774	1206	1597	958	252	1062	1641	1288	290	1526	1324	1135	210	1236	1445	1364	180	1634
chr21	39088574	39250573	162000	2	0	162000	94835	67165	12569	4869	6459	7578	5998	5087	6928	5888	6333	3133	5294	4206	6575	3732	4037	6148	6803	3745	948	5325	6060	4353	905	5808	4808	3987	829	4628	6231	5041	736	6957
chr21	39250574	39500573	250000	1	0	250000	145046	104954	20156	7110	9489	11750	9249	7908	10475	8093	8823	4795	8764	6582	10276	5800	6311	9463	9805	6028	1573	8208	9396	6515	2062	9061	7099	6959	1995	7289	9425	7532	1526	10481
chr21	39500574	39508292	7719	2	0	7719	4275	3444	508	213	311	327	281	261	368	257	278	162	304	192	292	128	166	226	276	214	45	229	336	255	39	338	230	251	48	246	326	248	26	336
chr21	39508293	39843572	335280	2	0	335280	190686	144594	22842	9528	13681	14721	12572	10919	14745	12364	13368	7037	11971	8791	11991	6791	8032	11332	13590	8413	2018	10253	13428	10042	1922	13032	10579	8461	1594	10094	13003	11508	1606	15050
chr21	39843573	39863739	20167	3	0	20167	10758	9409	1108	463	857	711	716	705	1011	770	775	478	851	544	541	339	409	479	752	540	96	597	955	735	103	898	703	615	87	679	792	801	102	953
chr21	39863741	39885327	21587	3	0	21587	12266	9321	1450	605	877	979	838	680	943	823	845	475	786	560	779	425	466	734	874	541	165	605	857	643	134	802	709	551	111	662	844	701	118	1003
chr21	39885332	39931574	46243	3	0	46243	25732	20511	2969	1174	1816	1976	1631	1701	2103	1685	1834	962	1738	1287	1501	903	1072	1380	1930	1175	310	1324	1933	1476	304	1870	1414	1291	223	1438	1842	1641	241	2097
chr21	39931575	39938679	7105	2	0	7105	3859	3246	371	197	284	255	262	252	352	286	259	159	274	192	215	151	183	165	285	222	26	226	314	225	41	309	257	202	16	239	296	240	27	321
chr21	39938680	39944181	5502	2	0	5502	2971	2531	279	138	262	170	188	191	279	213	240	133	217	168	142	78	143	129	212	129	32	167	245	173	17	241	191	142	18	205	223	231	15	289
chr21	39944182	40186572	242391	2	0	242391	137354	105037	16006	6821	9860	10487	8992	8376	10688	9266	9907	5089	8855	6342	8269	4868	5802	7725	10089	6106	1425	7534	9826	7221	1274	9366	7710	6011	1041	7240	9697	8348	1082	11066
chr21	40186573	40575572	389000	1	0	389000	234286	154714	30446	11397	15565	20253	14826	11874	15110	15682	15674	7344	12333	10727	16715	8887	9779	17673	16736	8660	2074	12032	13743	9145	1727	13069	11436	8142	1385	10486	15577	11737	1564	17200
chr21	40575573	40612491	36919	2	0	36919	22303	14616	3093	1103	1517	1954	1466	1086	1460	1378	1520	687	1168	1000	1588	828	925	1529	1513	856	174	1161	1325	862	148	1199	1058	757	138	1049	1493	1059	162	1661
chr21	40612493	40692573	80081	2	0	80081	46801	33280	5983	2247	3244	3689	2876	2778	3357	3042	3275	1545	2865	2111	3028	1613	1903	3244	3519	1822	441	2401	2939	2093	405	2865	2478	1844	350	2326	3117	2542	360	3777
chr21	40692574	40820573	128000	3	0	128000	75479	52521	9571	3684	5294	6314	4910	3981	5190	4984	5211	2520	4308	3631	5171	2726	3292	4691	5256	2943	652	4061	4673	3344	588	4559	3853	2878	451	3592	5283	4000	515	5872
chr21	40820574	41048898	228325	4	0	228325	133591	94734	16497	6470	9491	10882	8590	7717	9278	8778	9383	4400	7787	6027	8870	4924	5537	8959	9894	5454	1187	6976	8654	6260	1074	8286	6867	5190	901	6392	8948	7369	842	10439
chr21	41048899	41367572	318674	4	0	318674	174924	143750	20110	8790	12283	12624	11229	11318	15019	11480	12349	6814	12050	7945	10119	6117	7015	9661	13010	8350	2268	9411	13320	10924	2411	13154	10507	9055	2094	10086	12209	11479	1755	13716
chr21	41367573	41555572	188000	3	0	188000	98028	89972	10570	4799	7074	6357	6339	7011	9470	6142	6735	4150	7936	4471	5156	3338	3774	4706	6953	5409	1379	5557	8612	7856	1852	8554	6434	6301	1427	6344	6962	7309	1222	7799
chr21	41555573	41583544	27972	2	0	27972	15232	12740	1783	752	1059	1102	1008	984	1382	970	1047	595	1163	721	857	483	573	751	1076	729	165	844	1241	941	189	1179	931	840	159	920	1096	1040	155	1235
chr21	41583545	41583631	87	2	0	87	31	56	2	0	1	3	1	1	7	2	1	3	4	2	2	1	0	1	1	1	2	1	5	9	4	5	2	9	2	3	2	3	2	3
chr21	41585438	41806668	221231	2	0	221231	111393	109838	11525	5500	7892	6725	7149	8947	11759	7193	7701	5269	9379	5249	5267	3346	4029	4462	8531	6552	2008	5971	10528	9837	2685	10272	7899	8087	2066	7804	8090	8846	1649	9012
chr21	41806973	41828986	22014	2	0	22014	10449	11565	963	542	719	535	629	1089	1180	662	673	521	927	451	494	310	394	360	908	639	313	602	967	1048	406	1000	931	939	424	814	753	796	219	804
chr21	41830734	42082288	251555	2	0	251555	128322	123233	14106	6584	8994	7831	8040	10257	13196	7859	8677	5858	10324	5642	6692	4127	4653	5482	10215	7057	2412	7142	11327	10713	3176	11278	8869	9187	2702	8652	8940	9537	1930	10094
chr21	42082289	42232389	150101	2	0	150101	75309	74792	7474	3778	5075	4593	4696	6131	8293	4978	5167	3487	6337	3525	3583	2267	2808	3116	6002	4317	1342	4002	7267	6962	1668	6878	5443	5605	1349	5440	5386	5891	1045	6194
chr21	42232390	42333571	101182	1	0	101182	49254	51928	4623	2434	3489	2649	2993	4405	5704	3268	3403	2430	4418	2298	2176	1461	1714	1789	4056	3000	943	2730	5006	5008	1329	4807	3809	3988	1063	3638	3499	4154	747	4149
chr21	42333573	42434068	100496	1	0	100496	51220	49276	5196	2474	3612	3189	3207	4039	5266	3276	3517	2393	4195	2286	2550	1651	2097	2270	4008	2821	896	2832	4641	4553	1064	4658	3548	3598	769	3497	3591	3944	673	4183
chr21	42434069	42503389	69321	1	0	69321	36274	33047	3661	1924	2427	2426	2354	2728	3526	2335	2401	1599	2817	1652	2022	1189	1395	1817	2793	1920	576	2151	3173	2849	668	2975	2400	2289	542	2241	2577	2606	488	2798
chr21	42503390	42637389	134000	2	10	133990	67905	66085	6953	3366	4829	4008	3942	5491	7187	4415	4805	3004	5192	3281	3456	2241	2591	3142	5289	3800	1485	3529	6105	5736	1727	6066	4865	5081	1475	4643	4776	5017	928	5561
chr21	42637390	42778389	141000	3	0	141000	68226	72774	6822	3233	4669	3711	4312	6259	7841	4440	4478	3395	6210	3233	2823	1974	2275	2550	5596	4114	1538	3613	6937	6712	2109	6614	5412	5859	1722	5231	4906	5687	1185	5538
chr21	42778390	42885389	107000	2	0	107000	53609	53391	6004	2623	3676	3210	3447	4556	5671	3022	3446	2426	4522	2424	2616	1836	1992	2138	4088	3290	1088	2974	4994	4632	1392	5105	3836	4195	1372	3605	3778	4007	856	4177
chr21	42885390	43108389	223000	1	0	223000	113673	109327	13600	5699	7291	7079	7211	8728	11521	6279	6779	4981	9434	5155	6079	4114	4648	5075	8110	6425	2243	6744	9994	8981	3317	9935	7640	8946	2887	7754	7994	7875	2019	8461
chr21	43108390	43212461	104072	2	0	104072	50935	53137	5209	2496	3444	2855	3250	4620	5914	3130	3357	2463	4517	2334	2190	1497	1744	1913	4247	3152	992	2685	5164	4811	1400	4871	3798	4280	1156	3910	3705	4003	810	4153
chr21	43262797	43266770	3974	2	0	3974	1955	2019	199	94	137	103	132	160	228	122	122	91	198	96	79	67	77	49	130	132	25	124	212	178	28	204	148	166	29	135	152	146	32	177
chr21	43266777	43545869	279093	2	10	279083	125708	153375	10456	5774	8586	5932	7341	13264	17109	7885	8239	7020	12720	5403	4713	3394	3856	4014	10864	8975	3171	6442	14817	16825	5018	14735	10951	13711	3672	10810	8967	11885	2247	10283
chr21	43545870	43652618	106749	2	0	106749	61226	45523	8202	3031	4107	4581	3973	3953	4792	3798	4055	2106	3770	2776	3691	2387	2553	3451	4830	2634	589	3424	4184	2852	562	3935	3198	2794	568	3244	4303	3254	531	4619
chr21	43652619	44094286	441668	1	0	441668	214975	226693	23769	10591	14289	11902	13285	19013	24841	12108	13443	10444	19237	9314	10054	6936	7621	8127	16877	13018	4918	12171	20844	20552	7109	20585	16255	19065	6377	16483	15271	16456	3962	16749
chr21	44094288	44094306	19	1	0	19	15	4	1	1	1	1	0	0	1	1	2	0	0	1	2	0	0	2	1	0	0	0	0	0	0	0	0	0	0	0	1	0	0	2
chr21	44094308	44100334	6027	1	0	6027	3243	2784	396	153	207	243	215	237	341	171	222	128	230	141	165	110	126	157	238	156	47	187	265	180	46	228	230	202	59	225	231	181	44	264
chr21	44100343	44130579	30237	1	0	30237	13757	16480	1215	659	986	672	868	1323	1882	804	887	808	1259	574	562	424	439	393	1085	928	384	817	1523	1617	626	1479	1240	1491	519	1242	1029	1209	263	1028
chr21	44130580	44147057	16478	1	0	16478	6835	9643	512	355	478	213	389	790	1120	381	476	444	766	254	181	170	191	114	537	561	261	401	905	1019	391	901	730	928	357	711	508	707	183	542
chr21	44147058	44350616	203559	1	0	203559	86986	116573	7181	3839	5550	3834	4817	9023	13162	5215	5524	5237	9636	3870	2882	2263	2680	2273	6715	6643	2477	4527	11148	13942	4504	11404	7929	11366	3484	8165	6425	9045	1865	6932
chr21	44350617	44502616	152000	2	0	152000	71052	80948	6515	3268	4705	3562	4323	6990	8755	4528	4292	3755	6876	3338	2920	2148	2430	2646	5816	4759	1739	3847	7813	8272	2457	7580	5767	6861	2042	5733	5200	6230	1224	5607
chr21	44502617	44567345	64729	3	0	64729	31216	33513	2778	1432	2086	1833	1851	2630	3952	1935	2074	1738	2687	1367	1426	947	1184	1295	2415	1808	621	1904	3089	3184	1018	3128	2418	2846	693	2523	2446	2581	484	2354
chr21	44567346	44568457	1112	3	0	1112	508	604	37	28	38	21	33	54	65	32	36	28	36	27	18	15	23	16	42	35	15	33	60	67	14	58	48	47	20	37	34	51	7	35
chr21	44568459	44568492	34	3	0	34	11	23	0	0	0	0	0	2	3	2	0	0	3	0	0	0	0	0	1	1	0	0	4	2	0	1	2	2	0	6	0	3	0	0
chr21	44568494	44569231	738	3	0	738	281	457	8	8	17	10	10	31	65	21	22	14	44	17	3	3	6	2	15	14	10	17	47	51	10	55	43	56	5	35	22	43	7	25
chr21	44569233	44569327	95	3	0	95	40	55	5	2	3	0	0	12	3	3	4	2	0	3	1	0	1	0	6	4	5	1	1	3	5	2	9	2	6	1	3	3	0	3
chr21	44569329	44572247	2919	3	0	2919	1413	1506	126	79	97	87	106	130	158	74	91	67	123	69	66	33	47	60	128	84	35	61	149	152	36	157	112	121	30	89	79	137	17	117
chr21	44572258	44572376	119	3	0	119	49	70	4	4	5	0	2	3	12	2	6	4	5	0	1	0	1	0	2	6	2	1	7	4	3	4	6	4	3	11	4	5	0	6
chr21	44572378	44572419	42	3	0	42	16	26	1	1	2	0	1	3	2	1	2	1	0	1	0	0	0	0	2	3	0	0	2	2	2	2	2	2	2	2	1	1	2	0
chr21	44572421	44572571	151	3	0	151	59	92	5	1	5	2	4	12	10	3	3	3	5	0	1	1	3	1	4	7	1	4	12	11	1	9	9	9	2	10	4	5	2	0
chr21	44572573	44572591	19	3	0	19	9	10	1	1	1	0	0	2	1	0	2	0	0	0	0	0	0	0	1	0	1	1	0	0	1	0	2	1	0	0	0	0	0	2
chr21	44572593	44572834	242	3	0	242	123	119	9	4	10	9	10	9	9	8	7	7	6	8	6	5	6	9	11	8	3	3	8	12	5	16	10	7	1	6	8	13	1	6
chr21	44572841	44578531	5691	3	0	5691	2698	2993	220	131	170	155	178	286	376	187	164	150	250	84	114	54	78	100	269	157	66	130	281	267	69	255	289	230	53	278	188	218	32	210
chr21	44578533	44578580	48	3	0	48	16	32	0	0	0	1	0	3	2	0	0	1	3	1	1	0	3	0	0	1	2	0	1	5	2	6	2	4	0	2	2	4	0	0
chr21	44578582	44578622	41	3	0	41	15	26	0	0	1	0	1	2	3	2	0	2	2	1	0	0	0	0	2	1	0	1	6	3	0	2	0	4	0	1	0	3	0	2
chr21	44578623	44579011	389	2	0	389	156	233	11	8	9	4	7	16	26	15	9	14	16	9	5	4	3	0	9	16	4	13	26	36	4	28	17	20	6	5	12	23	4	8
chr21	44579013	44579114	102	2	0	102	29	73	0	1	1	1	1	4	9	1	1	1	7	0	1	0	1	0	2	3	0	1	2	12	5	8	9	8	6	6	1	4	1	3
chr21	44579117	44581040	1924	2	0	1924	775	1149	43	31	43	26	37	87	166	42	41	53	101	20	22	9	28	25	62	49	23	45	96	132	33	125	119	113	24	112	55	92	12	56
chr21	44581042	44581076	35	2	0	35	20	15	3	0	1	2	0	1	3	2	1	0	1	0	2	2	0	2	1	1	0	0	1	1	0	1	3	1	0	2	0	0	0	2
chr21	44581078	44581690	613	2	0	613	384	229	64	20	25	31	19	18	21	24	26	11	33	13	31	11	9	27	24	16	4	16	19	11	1	15	11	7	6	16	28	12	1	41
chr21	44581691	44582286	596	2	0	596	351	245	55	17	22	28	18	18	27	23	24	17	23	18	25	8	9	18	23	11	8	18	15	12	4	21	16	11	7	16	32	19	5	26
chr21	44582288	44582330	43	2	0	43	18	25	1	2	1	0	1	3	2	0	2	1	5	0	0	0	0	0	1	2	0	2	0	1	1	3	1	0	2	2	4	2	1	1
chr21	44582332	44582841	510	2	0	510	251	259	26	4	25	15	11	29	29	16	25	16	19	15	7	3	4	6	23	11	7	11	33	18	3	20	12	20	8	17	17	25	4	29
chr21	44582842	44582859	18	2	0	18	13	5	6	0	2	0	1	1	0	0	1	1	0	0	0	0	0	0	2	0	0	0	0	0	0	0	0	0	0	0	1	0	0	1
chr21	44582861	44582970	110	2	0	110	42	68	0	1	1	2	1	8	9	0	2	2	9	2	1	2	1	0	3	5	0	5	5	8	3	7	5	4	1	6	4	6	2	3
chr21	44582973	44583005	33	2	0	33	21	12	6	0	3	1	0	2	1	1	3	0	0	1	0	0	1	1	1	1	0	0	3	0	0	0	0	0	0	2	0	1	0	3
chr21	44583008	44583087	80	2	0	80	46	34	10	2	2	2	4	1	2	4	1	2	3	4	2	2	2	2	2	2	0	3	7	2	0	2	0	5	0	1	2	2	2	3
chr21	44583089	44583188	100	2	0	100	51	49	5	1	3	3	2	6	8	4	2	2	4	7	3	1	0	0	4	1	0	4	4	4	2	1	6	4	0	2	6	2	0	7
chr21	44583189	44583738	550	2	0	550	296	254	36	16	24	15	19	28	26	15	16	10	23	12	20	11	9	14	28	9	7	21	22	19	5	17	19	18	4	23	20	17	4	21
chr21	44583740	44583798	59	2	0	59	43	16	2	0	2	8	4	2	1	4	2	2	0	2	4	4	0	6	7	0	0	0	0	0	0	1	0	0	0	0	3	1	0	2
chr21	44583802	44585469	1668	2	0	1668	1004	664	126	43	74	76	48	62	77	69	71	37	54	57	73	31	32	72	80	37	7	49	53	36	6	49	54	22	6	46	70	49	7	93
chr21	44585471	44585503	33	2	0	33	15	18	0	0	2	1	1	2	2	1	2	0	2	2	0	0	0	0	1	0	0	1	3	3	0	0	0	1	0	1	1	2	0	3
chr21	44585505	44586686	1182	2	0	1182	615	567	80	31	48	33	36	33	72	48	53	37	54	20	23	16	16	13	47	35	7	28	55	47	5	59	36	42	6	36	51	42	4	67
chr21	44586688	44586704	17	2	0	17	10	7	1	0	1	0	1	0	1	1	1	0	1	0	0	1	0	1	1	0	0	0	0	0	0	1	0	1	0	1	2	0	0	0
chr21	44586706	44587733	1028	2	0	1028	635	393	97	35	32	59	54	26	34	48	45	14	24	37	27	31	31	40	50	28	2	26	38	21	5	26	30	14	4	28	44	28	7	41
chr21	44587735	44587754	20	2	0	20	13	7	2	0	2	0	3	0	1	0	0	1	0	2	0	0	0	0	1	0	0	1	0	0	0	0	1	0	0	1	2	0	0	1
chr21	44587756	44590340	2585	2	0	2585	1431	1154	160	57	74	105	91	105	107	118	79	64	92	71	66	47	51	144	124	67	17	65	130	95	21	93	72	71	16	75	94	105	16	91
chr21	44590341	44590407	67	2	0	67	23	44	0	0	0	0	0	3	5	0	0	7	4	0	0	0	2	0	3	6	0	1	5	8	1	7	0	1	0	1	1	6	1	3
chr21	44590410	44591102	693	2	0	693	245	448	6	8	13	5	6	26	56	24	15	23	31	8	5	5	9	3	18	26	3	15	52	88	11	45	27	50	6	29	15	32	10	21
chr21	44591104	44591136	33	2	0	33	17	16	1	2	1	1	1	2	1	0	1	1	2	0	2	0	1	1	2	1	0	0	1	0	1	1	0	2	1	1	1	0	0	3
chr21	44591138	44591863	726	2	0	726	254	472	3	6	15	1	9	30	86	13	11	18	36	10	2	2	10	0	20	17	9	10	39	53	13	50	71	48	8	59	9	37	0	29
chr21	44591871	44594650	2780	2	0	2780	1177	1603	70	57	84	38	64	130	221	71	72	103	107	44	43	23	27	23	121	78	44	68	143	171	55	143	134	147	36	135	88	116	29	93
chr21	44594651	44594840	190	2	0	190	95	95	26	3	9	2	5	5	13	2	6	3	9	4	2	2	1	1	6	2	3	2	9	7	3	11	7	12	1	10	3	9	1	9
chr21	44594848	44596220	1373	2	0	1373	745	628	49	41	38	48	43	61	80	66	49	29	67	30	36	36	24	46	87	37	8	35	59	23	9	49	48	38	4	56	56	42	7	70
chr21	44596232	44596297	66	2	0	66	31	35	3	0	1	2	1	2	4	3	1	4	5	0	1	0	2	1	3	1	1	1	2	2	1	3	2	2	0	6	2	3	2	3
chr21	44596299	44596985	687	2	0	687	394	293	48	19	20	30	29	30	26	35	15	15	25	21	25	13	11	31	40	16	6	14	32	23	2	21	21	18	2	21	27	21	2	26
chr21	44596987	44597017	31	2	0	31	24	7	7	2	1	3	0	0	0	1	0	0	0	1	5	0	1	1	0	1	0	1	1	0	1	0	0	1	0	1	0	0	1	0
chr21	44597019	44597427	409	2	0	409	288	121	64	11	22	26	8	11	9	13	21	3	9	12	29	11	19	19	17	5	0	14	6	6	0	7	6	2	0	12	12	7	0	26
chr21	44597438	44599133	1696	2	0	1696	1005	691	139	50	68	82	52	40	70	56	72	31	62	47	76	37	52	69	62	31	16	49	47	42	14	64	51	40	12	51	58	54	12	88
chr21	44599184	44600070	887	2	0	887	439	448	46	19	29	28	28	41	51	27	30	19	29	21	18	14	19	18	30	30	5	28	50	54	8	42	37	35	3	27	30	35	2	32
chr21	44600072	44600095	24	2	0	24	10	14	1	0	3	0	1	0	0	0	0	1	1	0	1	0	1	0	0	0	0	1	1	5	0	1	0	1	0	2	0	1	0	1
chr21	44600097	44600161	65	2	0	65	32	33	0	1	1	2	1	5	2	6	3	2	5	1	0	0	2	0	3	2	0	3	4	3	0	2	3	1	0	0	4	3	0	4
chr21	44600167	44600569	403	2	0	403	199	204	13	15	9	8	13	16	24	12	8	14	18	8	11	4	13	12	21	9	5	13	20	15	3	20	13	15	6	14	11	19	2	17
chr21	44600574	44600755	182	2	0	182	69	113	0	2	2	1	2	8	17	4	3	9	14	2	0	1	2	1	3	4	4	9	11	8	3	7	10	7	5	12	7	11	4	7
chr21	44600756	44600826	71	2	0	71	20	51	0	0	0	0	0	3	10	1	0	2	2	0	0	0	1	1	2	2	0	1	3	9	2	4	7	7	2	6	2	1	0	1
chr21	44600828	44601263	436	2	0	436	159	277	1	0	7	4	7	22	66	4	4	14	13	6	0	2	8	0	17	4	7	10	19	20	2	25	54	31	4	46	9	11	3	14
chr21	44601265	44601289	25	2	0	25	7	18	0	0	1	0	1	1	1	0	0	0	2	0	0	0	0	0	0	1	0	0	0	2	2	2	3	2	0	3	0	2	0	0
chr21	44601291	44601454	164	2	0	164	60	104	1	1	4	1	3	11	23	3	2	3	3	2	1	1	0	0	10	3	3	0	6	5	4	8	22	13	1	18	3	3	0	4
chr21	44601456	44601474	19	2	0	19	7	12	0	0	1	0	0	0	2	0	1	1	1	0	0	0	0	0	0	0	0	0	2	2	0	0	1	1	0	2	0	1	0	2
chr21	44601476	44601565	90	2	0	90	30	60	0	0	1	0	1	3	10	2	1	3	6	0	0	0	2	0	1	3	1	1	3	3	4	7	11	6	1	8	1	6	0	3
chr21	44601580	44602018	439	2	0	439	161	278	6	3	15	3	9	21	38	6	8	10	21	8	5	2	4	1	9	12	5	10	27	34	12	25	26	28	11	31	12	23	0	12
chr21	44602040	44680907	78868	2	0	78868	41605	37263	4651	1989	2807	2823	2642	3022	4258	2674	2849	1843	2990	1895	2128	1302	1543	2187	3278	2023	617	2238	3603	3196	724	3241	2784	2671	545	2766	2932	2874	418	3353
chr21	44680910	44719584	38675	2	0	38675	18765	19910	1743	873	1263	1151	1070	1619	2217	1124	1309	925	1693	867	908	493	688	820	1408	1111	386	1005	1842	2111	557	1824	1432	1508	467	1465	1348	1604	274	1568
chr21	44719585	44996676	277092	1	0	277092	127944	149148	12254	6163	8722	6524	7679	12350	16543	7475	8348	6911	12276	5224	5382	3676	4168	4248	10542	8374	3254	6930	13744	15706	5113	13993	10782	13211	4151	10588	8978	11265	2318	10198
chr21	44996678	44999446	2769	1	0	2769	944	1825	30	35	54	12	36	140	231	55	58	64	148	35	7	16	15	8	80	96	36	43	183	272	75	202	135	220	45	131	64	143	26	72
chr21	44999447	45429416	429970	1	0	429970	211513	218457	21787	10353	14212	12569	12565	18054	24204	13068	14165	10560	17565	9318	10404	6520	7189	8979	17335	12085	4676	11391	19931	21144	6655	19771	15636	17601	5332	15291	14989	16671	3231	16717
chr21	45429418	45518585	89168	1	0	89168	36253	52915	2314	1458	2273	1154	1828	5232	5710	2556	2150	2337	4184	1373	907	952	901	923	3945	2977	1272	1785	4994	6877	2125	4811	3872	5096	1471	3645	2515	3856	846	2827
chr21	45518586	46229585	711000	2	0	711000	348144	362856	35282	16563	22764	20413	20223	30595	39444	22035	22685	17473	30146	15388	16831	10983	11864	15454	28343	20634	7770	18867	33607	36138	11207	32717	25719	29097	8538	24526	24628	27799	5157	28108
chr21	46229586	46354337	124752	3	0	124752	62967	61785	7348	3174	4033	3818	3904	4839	6888	3576	3840	2887	5449	2817	3281	2115	2459	2537	4509	3652	1116	3739	5792	5044	1721	5751	4352	4990	1637	4489	4555	4622	966	4850
chr21	46354338	46396192	41855	3	0	41855	19861	21994	1997	1021	1267	1067	1161	2174	2617	1197	1466	1010	1714	766	728	496	544	636	1800	1133	611	1157	1902	1714	760	1783	1889	1830	785	1672	1558	1483	385	1530
chr21	46396194	46432237	36044	3	0	36044	17195	18849	1991	815	1099	976	968	1712	2098	877	1133	814	1717	646	789	481	521	557	1364	1036	538	884	1588	1603	606	1740	1487	1575	696	1420	1215	1323	382	1391
chr21	46432239	46539586	107348	3	0	107348	59581	47767	7876	2967	4006	4325	3779	3855	5158	3378	3795	2231	3949	2606	3724	2279	2430	3223	4306	2804	813	3409	4422	3195	967	4178	3396	3351	860	3483	4046	3412	651	4472
chr21	46539587	46609262	69676	2	0	69676	37480	32196	4297	1976	2637	2602	2563	2578	3541	2311	2568	1530	2449	1689	2084	1294	1450	1910	2948	1889	539	2001	3059	2592	573	2914	2457	2203	510	2274	2530	2454	364	2888
chr21	46609264	46684587	75324	2	0	75324	42328	32996	5504	2193	2761	3181	2705	2713	3403	2659	2715	1598	2514	1850	2716	1586	1726	2502	3286	1935	624	2246	2980	2397	604	2847	2400	2107	654	2239	2814	2389	402	3072
chr22	10586993	10587018	26	4	0	26	17	9	5	2	2	0	4	0	1	0	0	2	0	0	0	0	0	0	3	1	0	0	0	0	0	1	0	0	0	0	2	0	0	1
chr22	15765318	15765377	60	9	0	60	39	21	5	3	4	2	4	4	1	3	5	0	3	3	0	0	0	0	4	1	0	2	0	0	0	1	2	0	0	0	6	0	0	5
chr22	16481754	16482076	323	7	0	323	233	90	35	12	15	29	16	2	9	12	18	7	8	12	21	5	9	21	15	2	0	9	4	1	0	2	7	2	0	3	14	2	2	27
chr22	16482078	16482121	44	7	0	44	31	13	8	2	2	4	4	1	0	2	3	0	0	1	1	1	0	0	2	2	0	0	3	0	0	0	2	0	0	0	0	1	0	3
chr22	16482123	16482723	601	7	0	601	349	252	49	22	23	31	26	18	20	21	23	11	21	16	27	11	9	20	20	23	2	17	29	29	2	25	13	11	2	8	23	22	2	23
chr22	16482740	16482790	51	7	0	51	27	24	2	1	1	2	1	2	2	2	3	1	4	1	1	1	1	1	1	1	1	2	2	4	1	0	1	0	0	1	2	2	0	5
chr22	16482815	16483187	373	7	0	373	218	155	34	15	16	17	17	9	19	12	22	4	14	7	10	9	5	6	15	14	1	8	17	11	1	13	15	4	0	9	10	13	0	24
chr22	16483188	16483260	73	7	0	73	52	21	14	0	15	0	0	0	0	0	16	0	5	0	0	0	0	0	0	0	0	0	0	0	0	0	0	0	0	0	0	0	0	21
chr22	16483261	16483280	20	7	0	20	15	5	5	0	4	0	0	0	0	0	5	0	0	0	0	0	0	0	0	0	0	0	0	0	0	0	0	0	0	0	0	0	0	4
chr22	16483281	16483297	17	7	0	17	12	5	4	0	4	0	0	0	0	0	4	0	0	0	0	0	0	0	0	0	0	0	0	0	0	0	0	0	0	0	0	0	0	3
chr22	16483319	16483634	316	7	0	316	182	134	21	10	14	11	8	11	17	15	19	8	20	5	7	7	5	3	16	4	0	16	14	3	0	8	9	4	0	7	12	15	0	25
chr22	16483635	16483936	302	7	0	302	195	107	28	10	18	17	21	9	5	12	13	7	10	4	12	6	7	15	16	3	0	13	10	4	0	5	10	5	0	7	11	7	0	15
chr22	16483938	16483970	33	7	0	33	18	15	0	0	2	1	1	3	3	0	1	0	0	1	1	2	0	2	3	0	0	2	1	1	0	1	2	1	0	1	0	1	0	1
chr22	16483972	16485559	1588	7	0	1588	1063	525	160	49	65	114	71	34	44	61	70	22	43	63	87	33	40	106	67	26	1	45	44	22	4	40	26	21	3	27	73	41	4	80
chr22	16485561	16485578	18	7	0	18	9	9	0	0	0	1	0	0	2	2	0	0	0	1	1	1	0	0	1	0	0	0	1	1	0	1	1	1	0	0	1	1	0	0
chr22	16485580	16558286	72707	7	0	72707	40952	31755	5064	1969	2674	3242	2725	2180	3463	2692	2599	1464	2442	1891	2561	1537	1761	2687	2757	1922	302	2169	3158	2328	395	3119	2292	2459	370	2087	2854	2290	287	2965
chr22	16558287	16558315	29	8	0	29	9	20	0	0	2	0	2	0	4	0	0	0	0	0	0	0	0	0	0	0	0	0	6	0	0	0	0	6	0	7	0	0	0	0
chr22	16558316	16599609	41294	7	0	41294	21930	19364	2788	958	1780	1650	1807	1162	2501	1116	1229	681	1129	867	1351	752	930	1227	1255	995	185	1118	2956	907	333	1309	1096	2594	201	2509	1279	1009	213	1405
chr22	16599610	16866609	267000	6	0	267000	163017	103983	22532	8394	10697	14559	10775	7758	9879	10102	10773	4877	7916	7088	12102	6507	7036	12021	11441	5985	1366	8744	9152	5918	1371	8423	7387	5529	1201	6811	10534	7432	1138	11550
chr22	16913610	17013609	1e+05	5	0	1e+05	54902	45098	5848	2765	3904	3830	3577	3453	5060	3756	3969	2199	3774	2645	2953	1873	2257	3037	4113	2650	492	3035	4357	3383	514	4213	3389	2741	382	3242	3987	3693	402	4505
chr22	17038610	17072609	34000	5	0	34000	19066	14934	2329	939	1273	1468	1299	1168	1592	1202	1239	688	1333	876	1140	675	775	1068	1328	870	172	1100	1443	1020	179	1420	1106	1008	132	1020	1384	1164	155	1433
chr22	17072610	17362550	289941	4	0	289941	149277	140664	18396	7096	9916	9469	9781	10901	15183	8150	9142	6276	13158	6732	7558	5059	6144	6315	10221	8274	2214	8622	13491	10914	3372	13403	9795	11306	3276	10467	10509	10686	2204	11909
chr22	17362552	17362901	350	4	0	350	182	168	20	10	5	16	13	13	22	6	10	4	17	11	9	7	7	11	14	8	2	10	18	12	4	14	9	18	3	14	13	10	5	13
chr22	17362903	17363048	146	4	0	146	92	54	27	3	10	6	5	4	2	4	9	4	2	3	4	2	3	3	4	4	4	1	6	2	0	9	3	2	0	1	2	9	0	6
chr22	17363049	17364342	1294	4	0	1294	638	656	80	28	33	40	45	49	76	29	30	26	66	25	27	28	37	18	36	46	9	40	66	35	16	67	49	63	21	61	48	40	14	44
chr22	17364343	17369366	5024	4	0	5024	2538	2486	341	144	163	164	167	194	225	89	167	84	241	120	136	89	118	95	157	137	61	156	214	222	103	222	150	203	83	165	154	199	55	204
chr22	17370326	17370365	40	4	0	40	9	31	0	1	0	1	0	0	0	0	0	2	2	1	2	0	0	0	0	1	0	2	0	7	6	0	0	3	5	0	0	3	2	0
chr22	17370367	17375115	4749	4	0	4749	2725	2024	366	155	186	240	165	134	186	137	191	78	146	132	226	114	109	159	158	108	46	169	168	134	74	163	116	154	67	119	180	142	49	176
chr22	17375116	17376780	1665	4	0	1665	865	800	105	33	58	50	50	78	83	51	41	25	72	49	50	38	43	37	65	48	8	53	65	51	17	82	72	65	23	64	61	51	18	57
chr22	17376794	17378070	1277	4	0	1277	747	530	99	39	55	56	54	38	56	39	49	20	47	44	47	17	39	47	45	22	5	42	46	28	4	49	39	35	5	49	58	42	3	57
chr22	17378071	17381512	3442	4	0	3442	1877	1565	262	103	126	139	130	161	147	108	132	69	125	69	106	61	71	68	173	91	32	98	132	136	38	133	100	105	24	107	141	106	16	131
chr22	17381514	17381530	17	4	0	17	10	7	1	1	1	1	1	0	1	0	1	0	0	1	1	1	0	0	1	0	0	0	1	0	0	0	0	0	0	1	0	1	0	1
chr22	17381532	17382035	504	4	0	504	261	243	38	14	12	17	14	18	32	14	15	12	25	7	14	8	10	10	20	11	2	19	16	25	2	24	22	16	7	19	21	16	5	17
chr22	17382058	17382178	121	4	0	121	58	63	14	2	4	1	4	5	4	1	1	3	4	6	3	2	3	0	3	3	3	2	6	4	3	8	1	8	4	3	4	6	2	2
chr22	17382186	17383161	976	4	0	976	520	456	65	32	30	31	37	39	46	20	24	17	47	19	32	19	27	34	34	30	4	40	45	28	12	43	27	45	13	27	36	26	5	40
chr22	17383162	17383657	496	4	0	496	308	188	54	20	20	22	23	11	19	27	24	13	15	15	16	4	12	12	15	11	2	19	18	4	1	14	18	8	0	10	29	14	1	23
chr22	17383658	17383800	143	4	0	143	72	71	21	2	4	3	6	3	9	0	4	1	12	0	0	3	2	1	0	1	1	7	6	5	2	5	7	4	4	11	5	7	1	4
chr22	17383856	17393888	10033	4	0	10033	5716	4317	725	340	372	438	376	326	462	321	369	181	367	229	405	257	227	319	420	248	75	361	397	239	89	368	260	315	80	319	409	291	66	380
chr22	17393889	17394191	303	4	0	303	138	165	23	7	4	8	12	9	24	5	4	5	18	6	4	4	3	1	6	11	2	6	14	10	6	17	18	16	7	18	12	10	3	8
chr22	17394198	17399416	5219	4	0	5219	2984	2235	413	148	164	252	196	193	229	166	160	98	221	132	209	125	114	162	203	142	38	181	214	131	39	185	153	143	40	154	214	153	37	208
chr22	17399418	17401829	2412	4	0	2412	1404	1008	174	66	91	108	92	75	106	82	83	55	96	63	91	69	59	93	100	54	18	92	83	58	11	90	72	56	20	56	100	74	9	114
chr22	17401830	17402754	925	4	0	925	519	406	73	27	34	37	28	26	51	27	31	17	37	21	39	22	24	25	34	19	2	37	39	33	7	26	27	31	7	37	32	21	6	46
chr22	17402757	17403832	1076	4	0	1076	640	436	110	39	45	47	49	31	38	29	40	17	32	28	43	23	31	36	41	22	8	39	39	25	9	34	29	28	12	33	38	32	7	40
chr22	17403834	17404016	183	4	0	183	107	76	16	4	6	9	7	10	5	7	3	2	3	7	8	5	6	7	7	6	0	8	7	9	2	4	9	5	0	4	7	2	2	4
chr22	17404026	17404364	339	4	0	339	166	173	27	10	6	7	10	11	17	9	8	14	17	8	5	4	7	6	9	9	6	15	15	19	8	13	12	12	2	6	11	15	6	13
chr22	17404369	17404610	242	4	0	242	111	131	31	3	1	4	3	6	11	2	3	7	17	5	3	5	7	1	3	5	6	8	8	11	12	8	5	14	9	10	6	9	7	10
chr22	17404611	17404656	46	3	0	46	17	29	1	0	1	1	1	3	2	0	0	0	2	3	1	1	0	0	1	1	1	1	3	3	2	3	1	4	2	1	1	3	1	0
chr22	17404669	17405468	800	3	0	800	493	307	76	23	27	45	33	17	30	25	28	15	32	23	35	15	25	43	23	19	3	25	27	12	4	27	17	22	6	23	38	18	3	39
chr22	17405469	17405662	194	3	0	194	107	87	30	2	2	7	4	8	11	2	3	2	12	6	5	1	4	6	2	4	2	5	8	3	3	9	9	10	2	7	6	6	3	8
chr22	17405667	17409200	3534	3	0	3534	2068	1466	262	112	148	172	129	106	142	127	156	66	114	90	148	79	104	111	131	90	28	114	125	98	20	120	100	81	22	111	148	94	20	164
chr22	17409202	17409225	24	3	0	24	8	16	0	1	0	0	1	2	1	0	0	0	3	0	0	0	0	0	0	2	0	1	1	0	0	2	2	1	1	1	1	1	1	0
chr22	17410075	17421850	11776	3	0	11776	6626	5150	869	307	440	520	403	372	491	374	400	238	449	322	464	274	288	414	448	270	97	376	472	334	124	465	314	384	128	328	406	408	95	500
chr22	17421851	17426274	4424	3	0	4424	2545	1879	338	130	199	173	164	146	187	148	185	98	175	118	152	87	114	129	182	114	18	148	174	111	18	168	120	104	28	118	169	142	24	241
chr22	17426285	17430888	4604	3	0	4604	2665	1939	323	133	165	212	172	165	180	195	179	92	155	137	158	98	118	182	200	128	21	139	202	140	20	153	130	95	31	116	180	151	22	210
chr22	17430890	17430917	28	3	0	28	19	9	0	0	0	3	0	1	0	6	0	0	0	2	4	0	1	1	1	0	0	0	1	0	0	0	3	0	0	1	2	0	0	0
chr22	17430919	17435684	4766	3	0	4766	2812	1954	371	172	185	207	182	181	217	164	189	97	146	112	192	123	120	153	240	106	23	204	162	119	19	158	138	98	19	123	204	134	23	183
chr22	17435686	17445543	9858	3	0	9858	5855	4003	812	291	412	478	359	272	408	336	394	206	309	260	427	251	262	376	382	215	58	365	331	258	71	344	253	223	58	276	409	308	45	407
chr22	17445550	17450928	5379	3	0	5379	2977	2402	404	157	142	233	162	204	276	154	145	106	191	145	225	128	143	160	221	143	43	188	229	139	74	202	170	177	49	180	176	185	44	182
chr22	17450930	17462172	11243	3	0	11243	6471	4772	862	326	443	502	408	368	483	362	433	216	403	258	430	287	285	404	437	314	69	377	434	285	88	426	320	285	79	346	429	349	68	465
chr22	17462204	17463834	1631	3	0	1631	868	763	94	38	53	65	57	49	82	41	47	40	91	51	52	26	39	41	39	47	14	54	67	56	15	71	48	50	12	60	75	56	19	80
chr22	17463836	17463874	39	3	0	39	20	19	3	0	5	0	2	0	2	0	4	1	2	0	0	0	0	0	0	1	0	0	1	2	0	3	2	0	0	2	0	3	0	4
chr22	17463876	17464392	517	3	0	517	316	201	44	19	25	29	19	15	21	16	26	7	16	11	28	11	17	12	13	14	1	24	20	9	1	15	16	11	1	14	22	11	1	26
chr22	17464394	17464429	36	3	0	36	15	21	1	0	2	0	2	2	2	1	0	1	2	1	0	0	0	0	1	1	0	1	3	3	0	1	2	3	0	1	1	0	0	3
chr22	17464431	17464997	567	3	0	567	333	234	46	12	23	28	22	15	27	19	21	15	25	10	22	13	16	17	15	11	4	25	19	8	1	20	24	12	2	22	25	17	5	24
chr22	17464998	17467797	2800	3	0	2800	1484	1316	201	74	90	102	97	95	150	75	84	57	130	71	87	58	53	58	86	76	28	94	112	78	35	127	96	105	38	99	123	93	23	103
chr22	17467798	17469292	1495	3	0	1495	831	664	87	44	59	51	57	60	75	53	52	36	59	41	45	36	32	43	81	40	7	48	57	52	5	59	43	38	4	41	64	43	4	77
chr22	17469301	17470392	1092	3	0	1092	583	509	71	23	39	43	35	40	60	44	47	26	36	29	23	17	23	26	39	29	12	26	49	35	6	47	45	33	10	40	46	40	6	45
chr22	17470393	17470692	300	3	0	300	192	108	45	12	13	11	5	7	10	9	13	8	6	11	17	4	10	9	11	8	4	8	7	7	2	13	8	1	0	1	5	13	2	18
chr22	17470694	17470720	27	3	0	27	16	11	1	2	1	0	0	2	4	0	2	2	0	0	0	0	0	0	4	0	0	3	0	0	0	0	0	0	0	0	2	0	0	2
chr22	17470722	17478352	7631	3	0	7631	4373	3258	518	253	319	325	282	229	340	242	315	144	282	209	301	187	202	224	315	195	51	252	292	206	53	281	221	179	37	225	264	252	49	385
chr22	17478353	17479027	675	3	0	675	381	294	64	19	17	34	20	24	26	14	24	12	27	13	27	18	18	23	25	16	11	21	22	20	10	24	20	20	11	17	17	20	14	25
chr22	17479029	17480419	1391	3	0	1391	840	551	99	48	59	59	52	45	73	36	39	34	40	42	76	44	40	52	77	34	4	56	43	25	3	50	30	27	2	45	56	35	3	61
chr22	17480424	17482137	1714	3	0	1714	920	794	144	44	46	55	50	88	69	59	46	35	73	45	50	40	45	29	80	45	21	62	63	40	32	62	55	66	27	42	68	46	18	67
chr22	17482143	17482761	619	3	0	619	307	312	32	15	14	15	18	27	31	21	12	14	28	16	14	20	18	12	17	23	11	25	36	20	8	24	23	28	7	18	21	19	6	24
chr22	17482763	17486810	4048	3	0	4048	2288	1760	322	122	138	150	130	146	199	113	130	87	145	93	151	109	122	130	180	91	35	157	136	84	36	173	121	130	35	126	151	124	32	148
chr22	17486812	17486829	18	3	0	18	10	8	0	0	2	1	0	0	0	1	2	0	0	0	1	1	0	2	0	1	0	0	0	0	0	1	0	0	2	1	1	0	0	0
chr22	17486831	17512707	25877	3	0	25877	14777	11100	2053	698	973	1154	863	891	1134	836	907	476	921	662	1055	652	659	842	1005	636	206	870	975	636	236	991	800	765	220	793	944	801	188	1033
chr22	17512709	17513468	760	3	0	760	458	302	75	31	31	29	27	24	25	30	31	17	33	23	32	15	19	14	39	15	8	25	22	15	3	27	14	13	2	15	32	24	7	41
chr22	17513469	17513921	453	2	0	453	267	186	31	14	20	23	19	9	23	13	22	11	18	8	17	10	13	14	16	9	2	17	12	10	1	20	13	12	0	15	23	12	1	23
chr22	17513924	17516282	2359	2	0	2359	1323	1036	187	68	76	91	83	88	112	72	64	51	83	57	89	61	49	90	103	64	25	76	95	73	23	80	75	68	24	75	82	66	18	89
chr22	17516283	17516631	349	2	0	349	200	149	17	9	11	9	14	17	12	22	10	4	14	13	5	13	2	26	29	7	2	5	13	14	1	11	11	6	0	9	12	12	3	14
chr22	17516632	17517246	615	2	0	615	275	340	30	13	9	14	17	35	37	13	9	12	32	17	11	8	10	6	17	23	9	19	40	26	9	27	25	33	18	24	20	20	12	18
chr22	17517251	17518129	879	2	0	879	519	360	49	27	46	38	27	32	35	30	34	13	26	18	49	29	20	44	31	21	12	37	28	14	7	30	29	26	3	30	36	18	8	30
chr22	17518133	17518536	404	2	0	404	223	181	23	12	20	13	11	16	22	17	21	13	11	6	13	11	7	6	22	13	6	11	19	6	3	13	11	8	4	13	14	14	1	22
chr22	17518538	17518586	49	2	0	49	26	23	0	1	4	2	2	0	3	1	5	2	2	1	0	0	2	0	1	0	0	2	1	0	0	2	4	0	0	2	0	4	0	6
chr22	17518588	17519291	704	2	0	704	381	323	41	16	32	28	23	27	33	25	33	11	33	19	20	12	16	10	21	20	5	21	33	27	2	31	26	17	0	23	28	29	1	39
chr22	17519298	17519776	479	2	0	479	265	214	31	16	12	20	14	23	20	15	13	9	23	7	21	10	9	20	24	13	4	17	20	17	6	17	12	17	3	12	16	13	5	18
chr22	17519796	17521025	1230	2	0	1230	720	510	84	36	36	63	53	47	43	63	41	26	35	32	42	38	28	52	66	40	6	35	49	40	8	39	37	25	8	22	54	32	2	46
chr22	17521027	17521060	34	2	0	34	18	16	1	4	0	1	3	2	2	1	1	0	1	0	1	1	0	0	2	3	0	2	4	1	0	0	0	0	0	0	1	1	0	0
chr22	17521062	17521250	189	2	0	189	114	75	20	5	6	8	6	5	7	15	8	4	8	10	5	2	2	3	7	3	2	3	8	0	0	3	6	3	3	5	12	5	1	12
chr22	17521252	17521350	99	2	0	99	37	62	1	1	2	1	2	4	7	1	1	2	6	6	1	1	0	0	2	2	2	2	6	3	3	8	3	9	3	2	3	6	4	3
chr22	17521352	17521524	173	2	0	173	75	98	7	1	1	4	2	9	12	3	1	5	12	3	2	5	5	2	5	4	3	8	11	5	3	6	5	10	8	9	5	6	2	7
chr22	17521526	17523010	1485	2	0	1485	871	614	133	57	56	56	59	39	70	57	50	30	44	41	59	40	35	44	65	42	8	51	66	35	5	52	42	39	6	37	52	41	7	65
chr22	17523015	17523755	741	2	0	741	387	354	56	24	20	18	26	27	35	13	16	14	42	25	19	16	21	14	20	22	8	31	37	18	7	32	17	30	14	21	27	24	11	34
chr22	17523758	17524387	630	2	0	630	376	254	60	18	29	26	23	15	27	21	26	15	29	16	23	11	11	25	28	9	5	17	18	5	6	20	22	8	7	23	18	27	4	36
chr22	17524388	17524492	105	2	0	105	54	51	21	1	2	0	2	6	6	0	2	3	7	2	0	0	0	0	2	2	2	4	3	3	3	2	4	3	3	6	6	3	2	3
chr22	17524494	17524584	91	2	0	91	42	49	7	1	1	4	3	4	4	1	1	2	4	0	2	3	4	1	2	3	2	3	6	4	3	4	2	6	1	4	2	3	0	2
chr22	17524586	17524692	107	2	0	107	47	60	2	2	3	2	3	4	6	5	1	2	4	5	3	2	1	2	3	3	1	2	8	4	1	6	4	10	1	3	3	3	3	3
chr22	17524694	17525285	592	2	0	592	297	295	46	14	12	18	21	26	29	20	9	8	30	15	15	13	13	7	18	19	4	20	34	25	5	28	23	32	7	18	21	16	6	18
chr22	17525293	17525530	238	2	0	238	125	113	33	4	12	6	8	9	10	5	11	2	11	5	2	4	2	0	5	4	4	6	14	9	1	12	3	13	2	10	10	11	1	7
chr22	17525542	17532700	7159	2	0	7159	4061	3098	565	202	254	314	265	225	330	231	260	137	254	190	245	169	179	241	277	171	54	230	289	189	67	265	224	210	55	225	261	240	42	297
chr22	17532708	17544784	12077	2	0	12077	6412	5665	830	317	382	415	383	439	618	375	383	241	543	308	349	252	281	294	442	323	91	393	531	402	129	535	411	448	103	382	431	424	105	515
chr22	17544786	17544809	24	2	0	24	11	13	1	0	1	0	1	2	1	0	0	2	3	0	0	0	0	0	2	0	0	2	1	0	0	0	0	2	0	0	1	0	0	3
chr22	17544812	17545397	586	2	0	586	319	267	65	13	17	18	22	18	26	17	16	9	25	19	10	15	15	12	12	19	5	19	30	15	8	24	13	23	8	22	28	20	3	18
chr22	17545407	17548128	2722	2	0	2722	1481	1241	220	69	80	117	79	110	117	77	88	56	124	69	100	56	67	51	101	70	25	95	109	73	48	107	66	101	31	78	107	93	28	108
chr22	17548129	17549783	1655	2	0	1655	733	922	58	31	53	30	37	65	108	47	57	40	74	36	21	27	25	23	45	59	16	43	98	105	36	80	64	80	20	68	49	75	14	69
chr22	17549789	17552774	2986	2	0	2986	1661	1325	221	87	112	96	97	110	141	111	101	62	127	85	98	70	70	72	120	74	22	113	116	69	22	123	107	87	17	79	116	100	25	134
chr22	17552775	17556152	3378	2	0	3378	1910	1468	222	92	136	148	101	123	164	96	151	68	121	89	125	72	100	101	135	76	25	119	128	103	17	142	95	69	11	119	126	142	19	141
chr22	17556156	17556690	535	2	0	535	304	231	33	18	22	20	18	17	33	17	20	13	14	16	22	15	12	13	23	13	4	23	17	11	3	21	18	17	0	17	27	11	5	20
chr22	17556692	17556733	42	2	0	42	23	19	4	2	4	0	2	0	2	1	4	0	1	0	0	0	1	1	0	2	0	0	1	0	0	4	3	1	0	2	1	1	0	3
chr22	17556735	17556977	243	2	0	243	126	117	8	4	8	9	6	13	12	10	10	9	9	5	4	4	5	8	10	7	1	12	10	10	6	6	10	5	1	6	11	10	2	10
chr22	17556978	17557145	168	2	0	168	88	80	20	4	7	5	8	9	6	5	7	3	4	2	1	2	3	2	6	3	4	5	8	8	2	4	10	5	2	6	4	6	0	5
chr22	17557146	17561391	4246	2	0	4246	2033	2213	222	106	120	111	123	169	247	111	122	96	205	100	93	65	74	68	139	109	57	131	191	165	96	191	163	193	76	178	157	177	43	146
chr22	17561393	17561435	43	2	0	43	7	36	0	0	0	0	0	1	2	0	0	2	2	0	0	0	0	0	0	2	0	0	2	11	5	2	0	5	1	2	1	3	0	0
chr22	17561437	17562040	604	2	0	604	293	311	32	17	23	18	20	28	26	17	22	16	22	15	15	6	9	6	27	20	6	14	22	39	17	28	21	23	8	10	21	23	3	28
chr22	17562042	17564857	2816	2	0	2816	1523	1293	180	84	114	94	96	82	150	90	104	56	106	70	91	54	77	74	97	60	25	94	114	87	24	107	112	94	23	119	95	92	22	127
chr22	17564858	17564876	19	2	0	19	14	5	10	0	0	1	0	0	1	0	0	0	0	1	0	0	0	0	0	0	0	0	0	0	0	1	0	2	0	0	1	0	0	0
chr22	17564878	17567284	2407	2	0	2407	1189	1218	147	58	59	69	86	103	128	69	50	45	121	62	51	51	52	36	94	77	24	62	112	92	39	114	91	112	28	95	89	76	23	90
chr22	17567290	17567321	32	2	0	32	19	13	1	2	3	0	1	2	1	0	0	1	0	0	4	2	2	0	3	1	0	2	0	0	0	1	0	0	0	3	1	0	0	0
chr22	17567323	17567658	336	2	0	336	198	138	26	9	14	19	11	8	16	10	15	5	8	15	16	9	11	6	10	4	4	12	13	10	0	13	9	8	1	10	13	14	1	14
chr22	17567659	17568581	923	2	0	923	533	390	108	27	44	30	38	27	32	21	30	15	37	17	32	21	19	34	26	25	8	31	38	19	9	44	27	32	4	27	27	34	9	29
chr22	17568582	17568624	43	2	0	43	17	26	0	0	0	0	0	5	5	0	0	3	4	0	0	0	0	0	2	2	0	4	3	1	0	1	3	1	0	1	2	1	0	3
chr22	17568626	17572485	3860	2	0	3860	1852	2008	204	93	133	98	137	148	225	87	111	80	188	87	76	66	73	45	108	102	44	133	182	162	62	187	164	175	59	164	143	154	33	135
chr22	17572486	17572636	151	2	0	151	83	68	17	3	4	5	5	9	6	6	3	3	6	4	4	3	2	1	6	6	1	5	10	6	0	4	3	5	2	4	7	3	1	5
chr22	17572639	17574234	1596	2	0	1596	763	833	88	37	44	39	39	63	91	36	50	36	96	33	32	29	35	14	47	51	12	55	74	71	30	81	45	64	25	62	63	71	13	68
chr22	17574235	17575168	934	2	0	934	477	457	70	22	21	34	23	48	50	21	27	17	45	22	27	13	17	19	33	26	15	26	40	30	11	46	35	43	13	27	35	28	15	33
chr22	17575170	17575205	36	2	0	36	15	21	0	0	3	0	1	3	2	0	1	1	2	0	1	0	1	0	0	0	0	3	3	2	0	1	2	2	0	2	1	1	0	2
chr22	17575207	17577579	2373	2	0	2373	1201	1172	117	58	78	79	71	95	126	75	76	49	92	57	68	44	66	49	82	67	16	81	112	102	34	107	89	95	26	86	84	90	12	88
chr22	17577580	17577690	111	2	0	111	55	56	17	2	1	1	2	5	7	4	3	1	8	3	0	0	0	0	2	3	0	3	6	3	1	5	7	5	2	4	3	4	3	4
chr22	17577691	17577978	288	2	0	288	137	151	15	8	4	7	7	11	17	11	7	8	14	6	5	5	8	4	9	10	2	11	17	10	4	14	9	14	6	9	11	11	4	8
chr22	17577979	17579063	1085	2	0	1085	544	541	68	26	30	36	40	46	62	22	28	18	67	17	24	17	24	17	38	29	4	36	58	39	11	50	37	48	8	53	37	42	7	44
chr22	17579072	17585652	6581	2	0	6581	3060	3521	328	131	208	155	172	233	398	168	212	137	333	151	110	95	123	104	191	172	60	173	345	329	117	341	230	334	110	286	205	297	69	262
chr22	17585657	17819733	234077	2	0	234077	123072	111005	15830	5812	7938	8330	7654	8508	11868	6642	7317	4982	9885	5444	7110	4624	5144	5982	8301	6414	1973	7238	10388	8315	2976	10305	7638	9057	2715	8056	8345	8198	1850	9236
chr22	17819734	17875733	56000	1	0	56000	27097	28903	2596	1298	1983	1381	1558	2369	3362	1677	1944	1336	2544	1207	1160	817	978	885	2082	1591	600	1547	2598	2436	771	2840	2241	2421	621	2123	2046	2197	432	2357
chr22	17878734	17936733	58000	1	0	58000	30742	27258	3359	1632	2278	1911	2097	2154	2979	1914	2240	1319	2300	1405	1484	1115	1255	1300	2317	1632	491	1780	2608	1959	487	2486	2027	1837	396	1973	2192	2112	386	2573
chr22	17936734	18114398	177665	2	0	177665	91704	85961	10321	4325	6494	5724	5641	6718	9377	5292	6172	3774	7726	4205	4730	3268	3865	4071	6366	5015	1333	5371	8007	6738	2065	8123	6198	6619	1835	6412	6457	6561	1305	7555
chr22	18114399	18131732	17334	2	0	17334	8646	8688	885	394	623	511	560	663	914	575	573	382	747	424	395	291	378	330	601	483	150	496	828	784	211	810	643	711	183	661	641	654	136	695
chr22	18131733	18173732	42000	3	0	42000	22333	19667	2800	1113	1476	1499	1438	1474	2095	1251	1427	854	1748	1050	1223	888	915	1082	1577	1118	328	1306	1794	1474	509	1723	1397	1414	486	1460	1490	1495	349	1745
chr22	18902987	18948986	46000	2	0	46000	20863	25137	1657	951	1447	1065	1303	1838	3000	1268	1260	1158	1978	900	900	637	766	735	1591	1436	387	1170	2493	2813	697	2494	1890	2365	608	1895	1435	1883	346	1632
chr22	18948987	19082144	133158	1	0	133158	64109	69049	6413	2853	4210	3616	3926	5551	8028	3982	3778	3231	5815	2810	2975	2033	2396	2492	4911	3993	1059	3704	6772	6901	1755	6590	5151	6096	1394	5087	4653	5029	884	5068
chr22	19082154	19184946	102793	1	0	102793	48510	54283	4928	2216	3384	2362	3063	4145	6016	2843	2943	2445	4714	2119	1956	1641	1949	1784	3531	3127	875	2914	5226	5101	1673	5236	3876	4971	1511	4020	3435	4037	857	3893
chr22	19184948	19190643	5696	1	0	5696	2812	2884	280	128	190	158	206	266	336	147	155	129	259	150	115	85	108	99	225	158	40	185	287	214	56	290	211	257	57	210	232	218	35	208
chr22	19190658	19190706	49	1	0	49	34	15	7	0	0	6	2	3	1	3	2	2	1	1	1	0	1	2	5	0	0	0	0	1	0	2	0	0	0	0	4	2	0	1
chr22	19190708	19195419	4712	1	0	4712	2230	2482	212	87	142	104	132	241	313	140	126	123	206	116	75	78	77	58	179	161	44	144	275	197	55	202	180	202	49	221	192	168	40	171
chr22	19195421	19201492	6072	1	0	6072	2965	3107	238	144	186	168	198	265	367	219	171	146	256	132	130	114	123	107	255	182	53	179	304	266	67	283	257	250	51	254	233	222	35	215
chr22	19201494	19206593	5100	1	0	5100	2541	2559	261	113	174	136	151	214	292	164	150	102	234	135	121	82	114	97	174	150	26	161	262	235	45	244	201	193	43	203	184	208	24	205
chr22	19206594	19207010	417	1	0	417	261	156	39	16	17	25	14	11	8	23	16	5	11	11	29	6	8	21	17	6	2	12	17	12	4	10	13	12	3	4	9	13	3	18
chr22	19207012	19211766	4755	1	0	4755	2526	2229	264	117	167	161	158	159	277	151	151	115	200	147	137	81	107	133	180	122	30	140	193	168	36	205	189	142	36	175	183	170	28	231
chr22	19211768	19213125	1358	1	0	1358	903	455	186	45	68	77	61	24	46	42	81	21	34	33	47	24	37	76	51	21	1	40	41	17	1	35	30	20	0	28	51	36	0	82
chr22	19213129	19216603	3475	1	0	3475	1945	1530	210	94	132	136	119	140	163	135	126	62	130	96	116	86	83	115	153	99	24	106	141	77	28	120	123	92	26	127	141	98	20	155
chr22	19216605	19220768	4164	1	0	4164	2129	2035	248	117	135	121	143	169	248	110	124	94	176	85	106	83	89	80	166	126	33	139	209	126	42	194	153	167	42	158	142	153	27	157
chr22	19220769	20215143	994375	1	0	994375	481359	513016	49205	22339	32080	26644	30225	40730	58186	29273	28750	23220	42520	21348	22089	16099	18965	19685	36206	30338	8028	27816	51193	49333	13341	49128	37204	45888	11355	37347	33811	37436	7132	37459
chr22	20215145	20215190	46	1	0	46	13	33	0	0	1	0	1	1	4	2	0	0	2	0	0	0	0	0	1	0	0	0	4	5	0	6	2	9	2	1	2	1	0	0
chr22	20215192	20295976	80785	1	0	80785	32645	48140	1787	1237	2042	1114	1808	3904	5794	2439	1770	1997	3940	1464	815	712	1026	795	2721	2678	722	1728	4988	6296	1456	4959	3711	5176	952	3581	2525	3549	562	2535
chr22	20295977	20316976	21000	2	0	21000	8515	12485	576	345	562	267	453	968	1507	558	497	502	1049	335	225	243	254	172	688	724	177	469	1285	1553	406	1240	903	1302	382	973	611	905	177	690
chr22	20354210	20360209	6000	3	0	6000	1934	4066	23	162	62	15	35	138	153	190	37	358	221	176	167	16	164	17	62	98	492	22	236	268	278	347	180	503	591	195	38	261	457	36
chr22	20360210	20403209	43000	2	0	43000	22598	20402	2580	1108	1400	1561	1430	1581	2115	1419	1396	977	1723	1101	1243	851	961	1151	1677	1137	455	1248	1837	1562	511	1777	1441	1509	581	1469	1590	1478	423	1706
chr22	20403210	20425655	22446	1	0	22446	10817	11629	1195	544	726	568	692	1045	1222	652	669	494	944	473	477	324	386	405	935	679	203	590	1081	1023	395	1034	869	1026	403	810	726	805	205	844
chr22	20425658	20425683	26	1	0	26	9	17	0	1	0	0	1	0	2	2	0	0	2	0	0	0	0	0	1	0	0	0	2	0	1	2	1	4	1	2	1	1	0	0
chr22	20425685	20425736	52	1	0	52	9	43	0	0	2	0	1	1	0	0	1	2	2	0	0	0	0	0	0	1	2	0	2	6	7	1	0	7	8	2	0	3	1	1
chr22	20425745	20425803	59	1	0	59	10	49	0	0	0	0	0	0	4	0	0	1	5	0	0	0	0	0	1	0	0	0	1	7	3	5	2	9	9	4	0	1	5	0
chr22	20425811	20473212	47402	1	0	47402	22038	25364	2028	1019	1534	1050	1388	1834	2776	1394	1387	1122	2158	1050	828	762	932	776	1564	1501	379	1293	2480	2493	790	2492	1780	2285	761	1827	1568	1976	385	1788
chr22	20473213	20664625	191413	2	0	191413	94948	96465	10422	4416	6438	5124	6161	7686	11139	5590	5766	4354	8785	4293	4051	3266	3854	3603	6989	5702	1330	5701	9693	8277	1919	9482	6995	8198	1740	7239	6899	7194	1311	7794
chr22	20664626	20668231	3606	2	0	3606	2134	1472	318	94	118	215	145	104	125	112	123	64	112	95	159	102	85	162	138	88	33	105	126	96	46	101	102	96	59	87	121	90	36	147
chr22	20668232	20668257	26	2	0	26	6	20	0	0	0	0	0	0	2	0	0	1	2	0	0	0	0	0	0	1	0	0	0	1	3	2	1	3	2	2	1	2	1	0
chr22	20668258	20773211	104954	2	0	104954	51997	52957	5860	2315	3339	3080	3195	4190	6050	3019	3019	2415	4661	2390	2520	1814	2051	2079	3782	3028	848	3075	5051	4436	1466	5014	3895	4638	1290	3947	3726	3865	829	4065
chr22	20773212	20969986	196775	1	0	196775	103719	93056	13176	5085	6831	6619	6835	7289	10173	5744	6024	4159	8457	4740	5675	3824	4504	4583	7116	5554	1372	6315	8897	6790	1943	8822	6647	7442	1875	6902	7381	6665	1408	7926
chr22	20969987	21084210	114224	1	0	114224	52433	61791	4611	2258	3552	2473	3251	4836	7270	3306	3139	2740	5296	2442	1893	1664	1988	1713	3874	3641	959	3024	6202	6279	1565	6183	4664	5688	1358	4736	3924	4620	910	4163
chr22	21084211	21111210	27000	2	0	27000	15458	11542	2130	765	929	1200	979	930	1185	960	907	530	1057	686	1008	619	603	970	1100	709	146	888	1102	794	168	1016	784	741	149	763	1068	836	169	1107
chr22	21563211	21862363	299153	1	0	299153	153902	145251	18980	7475	10132	9416	9964	11494	15831	8620	8962	6465	13061	6903	8096	5679	6406	6417	10750	8680	2315	9368	13992	11361	3589	13600	10279	12005	3274	10646	10887	10496	2192	11816
chr22	21862364	21883580	21217	1	0	21217	11206	10011	1578	564	672	747	730	734	976	577	587	447	990	519	665	419	519	481	722	608	164	669	879	650	351	916	650	846	323	689	766	692	202	883
chr22	21883581	21891165	7585	1	0	7585	3886	3699	547	180	238	258	262	247	380	203	236	160	350	196	178	127	146	177	228	199	61	226	353	301	146	315	234	339	105	248	277	276	66	324
chr22	21891172	21893366	2195	1	0	2195	1133	1062	160	44	56	82	69	99	107	48	40	38	111	54	73	41	53	57	58	75	17	72	121	71	29	96	74	107	26	72	70	64	22	87
chr22	21893367	21893422	56	1	0	56	21	35	0	2	1	1	2	2	5	0	2	0	5	1	0	0	0	0	0	2	0	2	1	3	2	5	4	4	0	2	3	3	0	2
chr22	21893424	21903583	10160	1	0	10160	5763	4397	878	295	299	480	397	330	484	273	352	177	407	258	324	207	248	353	364	245	65	335	403	261	106	374	317	321	84	328	400	317	75	401
chr22	21903584	21912982	9399	1	0	9399	4927	4472	674	218	302	315	340	356	483	268	245	202	458	254	250	148	167	247	313	291	58	262	463	314	87	432	309	378	88	317	361	313	85	399
chr22	21912983	21913685	703	1	0	703	360	343	37	12	12	28	26	36	35	18	8	10	35	19	17	12	17	36	28	14	8	20	37	22	9	29	29	40	9	26	21	21	6	24
chr22	21913693	21927942	14250	1	0	14250	6317	7933	603	257	460	264	384	588	959	337	374	353	729	268	224	148	227	141	450	464	106	326	790	867	189	852	594	747	180	643	433	620	117	554
chr22	21927944	21953127	25184	1	0	25184	11375	13809	985	498	813	531	696	1027	1615	734	740	603	1217	470	408	316	405	315	857	726	218	643	1306	1416	378	1441	1064	1337	345	1048	845	1062	205	918
chr22	21953128	21979855	26728	2	0	26728	11941	14787	900	495	816	496	703	1223	1814	774	739	708	1315	500	365	362	429	302	924	906	232	726	1492	1505	330	1556	1140	1346	258	1108	957	1126	196	983
chr22	21979856	21983401	3546	2	0	3546	1754	1792	189	75	118	115	99	138	200	98	116	74	141	80	93	68	71	78	136	99	25	94	142	149	74	161	139	149	72	140	118	129	29	135
chr22	21983403	21983918	516	2	0	516	267	249	44	15	14	18	18	17	15	8	10	10	24	15	20	8	17	13	13	15	9	13	17	18	15	25	11	24	14	15	16	18	8	17
chr22	21983920	22001844	17925	2	0	17925	9446	8479	1004	430	680	596	577	610	985	620	637	399	775	446	493	345	398	450	632	491	97	564	831	612	121	839	635	634	131	634	693	666	97	801
chr22	22001845	22034899	33055	2	0	33055	18345	14710	2223	894	1172	1347	1132	1155	1567	1149	1147	691	1401	861	1134	693	749	1029	1341	882	176	1034	1396	1112	209	1409	943	969	149	989	1323	1164	156	1457
chr22	22034900	22039892	4993	2	0	4993	2716	2277	258	121	183	201	155	181	274	168	220	114	244	127	132	88	110	138	217	120	9	158	209	179	10	246	129	140	13	142	223	205	12	265
chr22	22039894	22040344	451	2	0	451	218	233	6	6	19	9	15	14	23	21	9	20	31	12	9	6	6	10	20	13	1	12	25	25	0	29	6	13	1	16	22	28	0	22
chr22	22040352	22046483	6132	2	0	6132	3598	2534	467	162	246	301	224	204	248	230	220	130	251	160	265	114	132	243	245	149	20	196	229	186	27	220	171	132	17	180	261	196	22	282
chr22	22046493	22052098	5606	2	0	5606	3707	1899	512	179	196	412	212	159	170	242	206	95	146	123	369	139	139	407	277	98	18	179	170	117	7	128	137	72	9	116	199	135	8	228
chr22	22052099	22052259	161	2	0	161	72	89	15	1	4	1	4	5	12	1	3	3	12	2	0	5	3	0	4	2	1	7	6	5	4	7	8	10	5	9	4	6	2	8
chr22	22052261	22052283	23	2	0	23	19	4	10	0	0	3	1	0	0	0	0	0	0	0	1	1	1	1	1	0	0	0	0	0	0	0	0	1	0	1	0	0	0	0
chr22	22052285	22054565	2281	2	0	2281	1393	888	186	78	91	122	113	53	76	84	105	41	65	81	72	56	76	92	94	60	17	57	84	37	9	76	52	43	6	61	96	66	16	114
chr22	22054566	22055209	644	2	0	644	391	253	47	19	30	27	33	22	21	21	17	20	24	24	26	12	23	24	32	18	0	23	21	11	1	20	21	3	1	17	23	21	2	38
chr22	22055211	22055336	126	2	0	126	81	45	11	5	3	13	8	1	4	7	2	4	1	3	11	1	1	5	6	3	0	2	7	4	0	2	3	5	0	2	5	2	0	3
chr22	22055338	22055369	32	2	0	32	21	11	1	2	2	2	1	0	1	4	3	0	0	1	2	0	1	1	0	0	0	1	0	0	0	0	2	0	0	2	3	0	0	1
chr22	22055371	22055875	505	2	0	505	306	199	44	17	28	25	24	10	22	14	26	5	19	12	19	12	8	19	18	14	0	12	23	9	0	20	12	13	0	15	17	16	0	30
chr22	22055876	22058039	2164	2	0	2164	1092	1072	108	66	74	50	73	73	140	65	84	69	99	50	33	33	43	31	76	80	16	69	102	76	21	95	83	61	10	80	91	78	21	112
chr22	22058041	22058143	103	2	0	103	44	59	2	1	3	1	2	5	8	2	2	4	3	3	1	1	4	2	2	4	0	5	8	13	0	3	4	1	0	5	2	5	0	5
chr22	22058145	22058189	45	2	0	45	22	23	1	1	0	1	1	2	4	1	0	2	1	3	1	1	0	2	3	1	0	1	3	3	1	0	1	1	0	2	1	2	1	2
chr22	22058191	22058288	98	2	0	98	42	56	1	3	5	0	4	5	3	2	2	0	8	2	2	1	1	2	3	2	0	4	6	9	0	7	4	6	0	2	2	6	0	4
chr22	22058296	22061087	2792	2	0	2792	1487	1305	141	53	99	107	85	108	158	96	97	63	123	72	77	57	53	97	111	59	13	97	112	134	12	124	105	88	10	83	119	101	7	129
chr22	22061088	22061680	593	3	0	593	287	306	20	11	13	14	14	23	49	21	17	20	26	15	7	11	11	14	24	13	3	25	31	24	6	23	27	19	1	31	25	27	6	20
chr22	22061681	22061761	81	3	0	81	48	33	5	0	2	5	0	12	3	1	4	0	3	2	3	4	1	2	12	0	2	2	1	0	0	1	2	1	1	2	2	1	1	4
chr22	22061763	22061796	34	3	0	34	17	17	4	2	2	0	1	0	2	0	2	0	0	0	1	0	1	0	1	0	0	1	2	1	0	4	0	4	0	2	0	2	0	0
chr22	22061797	22061827	31	3	0	31	17	14	0	1	0	1	1	2	2	0	0	0	2	2	1	1	3	1	1	0	0	3	0	1	0	1	2	0	0	0	1	1	0	2
chr22	22061829	22063798	1970	3	0	1970	1260	710	203	65	84	121	77	46	72	71	88	41	54	50	105	41	38	104	77	44	7	64	60	36	7	61	48	25	7	39	81	59	9	84
chr22	22063800	22063862	63	3	0	63	37	26	0	2	0	2	1	3	2	9	0	2	1	1	3	3	1	5	6	2	1	1	2	1	0	1	6	1	0	1	2	0	1	1
chr22	22063869	22064692	824	3	0	824	449	375	76	19	21	36	27	30	40	16	27	18	38	20	23	15	20	22	32	21	8	20	28	26	13	33	19	29	13	29	34	24	8	37
chr22	22064697	22066377	1681	3	0	1681	966	715	121	45	65	64	61	48	81	63	62	37	56	51	51	40	53	68	66	50	3	50	86	38	2	62	50	40	7	53	51	59	6	90
chr22	22066392	22066446	55	3	0	55	23	32	0	0	0	0	0	5	6	1	0	3	5	3	0	0	0	0	3	2	0	3	5	1	0	2	1	2	0	1	3	2	0	5
chr22	22066447	22077277	10831	3	0	10831	6024	4807	634	262	397	437	350	367	592	406	412	259	467	318	333	207	211	371	445	264	36	350	440	351	31	475	340	270	31	317	490	411	30	525
chr22	22077279	22078677	1399	3	0	1399	903	496	114	49	40	83	55	35	49	72	54	13	35	49	64	51	47	92	72	23	5	48	44	16	3	37	39	21	1	35	56	41	3	51
chr22	22078680	22078698	19	3	0	19	10	9	0	0	0	1	1	0	3	2	0	2	0	1	0	0	0	0	2	0	0	0	0	0	0	0	2	0	0	0	1	0	0	2
chr22	22078700	22078922	223	3	0	223	104	119	9	4	1	8	4	14	14	4	3	7	11	5	6	5	6	3	12	9	2	6	11	8	4	11	6	12	4	6	7	6	4	9
chr22	22078928	22079472	545	3	0	545	307	238	31	17	14	24	22	22	32	11	19	15	18	8	14	14	13	31	28	12	4	24	21	17	3	20	18	12	2	16	21	20	3	17
chr22	22079473	22080594	1122	3	0	1122	544	578	42	22	36	28	32	54	79	33	41	30	60	23	13	18	12	20	47	35	2	40	62	63	6	46	33	39	4	46	56	41	2	55
chr22	22080602	22081159	558	3	0	558	294	264	31	11	20	17	14	25	30	19	16	15	29	18	18	11	11	8	20	19	3	21	32	16	4	23	14	17	0	17	22	23	3	29
chr22	22081160	22081749	590	3	0	590	306	284	34	16	12	17	13	27	36	26	18	22	26	16	13	7	9	13	31	23	4	14	27	21	3	33	20	8	4	14	24	32	3	22
chr22	22081777	22082341	565	3	0	565	376	189	58	18	27	39	28	13	14	22	20	12	13	18	36	17	14	27	30	10	4	16	14	6	1	14	10	8	2	9	23	11	1	28
chr22	22082348	22082771	424	3	0	424	272	152	50	14	20	19	17	8	16	22	16	8	13	12	20	9	9	18	17	6	1	15	16	5	0	7	18	4	1	13	12	13	0	23
chr22	22082773	22083317	545	3	0	545	350	195	48	17	17	34	24	22	18	21	22	9	17	23	21	16	13	26	30	10	6	18	19	4	0	9	12	3	1	12	25	15	5	26
chr22	22083319	22083335	17	3	0	17	5	12	0	0	2	0	2	0	1	0	0	0	0	0	0	0	0	0	0	0	0	0	1	3	0	2	2	2	0	0	0	0	0	0
chr22	22083337	22087468	4132	3	0	4132	2167	1965	199	90	127	149	112	160	263	141	145	100	212	109	109	70	79	101	167	106	13	133	180	165	11	203	146	118	11	145	183	170	13	200
chr22	22087469	22096685	9217	3	0	9217	5291	3926	651	277	310	409	350	347	407	376	359	192	311	276	287	198	198	341	454	240	48	272	373	259	47	347	292	203	43	210	361	324	56	397
chr22	22096688	22112888	16201	3	0	16201	9145	7056	1075	425	559	741	557	575	773	586	592	355	629	444	576	304	389	563	639	430	82	510	686	485	91	657	518	413	61	464	648	591	62	719
chr22	22112889	22113682	794	3	0	794	407	387	21	21	32	19	27	35	46	30	33	24	39	28	12	7	15	17	34	21	2	30	33	33	2	39	27	19	2	20	44	33	4	43
chr22	22113689	22114255	567	3	0	567	425	142	81	20	18	54	25	13	11	24	18	1	5	17	48	19	12	57	26	10	1	17	11	3	0	7	16	1	1	8	20	7	0	14
chr22	22114266	22114315	50	3	0	50	25	25	4	0	1	0	2	2	4	0	0	2	4	1	0	2	1	1	2	1	0	3	3	1	0	1	1	2	1	2	2	1	0	4
chr22	22114324	22114407	84	3	0	84	27	57	0	1	1	1	1	3	4	2	2	1	7	0	0	1	2	1	0	2	1	2	4	5	5	5	3	7	5	6	3	5	1	1
chr22	22114409	22114800	392	3	0	392	197	195	45	8	14	16	11	14	16	3	13	9	10	8	14	7	6	3	11	11	8	7	14	26	14	14	9	21	8	10	10	11	4	15
chr22	22114826	22115117	292	3	0	292	99	193	0	3	9	0	5	12	12	7	6	10	14	9	1	5	6	0	8	8	11	3	15	14	12	13	7	22	21	18	6	11	15	7
chr22	22115119	22115138	20	3	0	20	5	15	0	0	0	0	0	1	0	2	0	0	2	0	0	0	0	0	0	1	0	0	0	1	2	1	2	2	1	1	1	0	1	0
chr22	22115139	22115256	118	3	0	118	36	82	0	0	0	0	0	9	7	4	0	2	3	4	0	5	1	0	3	6	5	2	5	3	10	4	10	11	8	5	2	3	3	1
chr22	22115284	22115416	133	3	0	133	35	98	0	0	2	0	1	7	8	1	1	6	6	1	0	0	2	0	1	6	1	5	11	20	6	5	2	10	9	6	3	7	2	2
chr22	22115418	22115437	20	3	0	20	6	14	0	1	0	0	0	3	0	0	0	0	0	0	0	0	0	0	1	2	1	0	2	1	2	0	0	2	2	0	0	0	1	0
chr22	22115439	22115532	94	3	0	94	27	67	1	3	1	0	1	2	7	0	3	0	1	4	0	1	3	0	0	0	4	2	4	11	6	6	5	10	6	3	1	6	0	1
chr22	22115534	22115557	24	3	0	24	5	19	0	0	0	0	0	0	1	0	0	0	1	0	0	1	1	0	0	1	0	0	1	5	0	4	0	4	2	0	0	1	0	0
chr22	22115559	22115620	62	3	0	62	25	37	0	1	0	1	0	7	4	2	3	1	2	1	0	0	2	0	4	3	0	2	3	7	0	5	4	1	0	0	2	4	0	1
chr22	22115631	22115887	257	3	0	257	99	158	4	3	9	6	9	15	15	6	8	9	10	2	1	0	1	0	6	12	2	7	21	20	6	16	14	13	3	8	4	17	3	5
chr22	22115889	22115941	53	3	0	53	15	38	0	0	0	0	0	6	4	0	0	1	3	0	0	0	0	0	0	7	0	0	6	8	0	4	2	3	0	3	3	1	0	0
chr22	22115943	22115996	54	3	0	54	21	33	0	1	2	0	2	3	4	0	0	1	2	2	1	1	0	0	2	3	1	1	4	2	1	4	2	4	1	3	2	2	1	0
chr22	22115998	22116089	92	3	0	92	30	62	0	2	0	0	2	5	5	2	0	3	5	2	0	1	3	0	2	5	2	2	8	11	3	5	3	3	3	3	1	6	0	3
chr22	22116096	22116162	67	3	0	67	23	44	0	0	2	1	2	3	5	3	1	2	4	0	0	0	0	0	1	2	1	1	4	4	1	6	8	4	1	2	0	4	1	2
chr22	22116163	22116385	223	3	0	223	71	152	1	0	1	1	1	10	28	6	1	5	10	3	0	2	2	0	7	5	1	4	21	17	2	17	13	25	1	19	4	11	2	1
chr22	22116397	22116762	366	3	0	366	127	239	1	4	6	1	6	18	35	6	5	13	21	3	0	3	3	2	12	11	4	11	28	32	4	26	16	31	5	16	8	16	5	12
chr22	22116765	22116837	73	3	0	73	23	50	1	0	1	0	0	2	9	1	1	4	3	1	0	0	0	0	1	2	1	2	7	5	0	5	3	8	1	4	1	4	2	2
chr22	22116839	22117591	753	3	0	753	230	523	2	5	14	1	11	42	57	11	9	18	36	11	0	4	7	1	19	32	9	9	55	73	30	57	38	75	18	33	10	34	15	15
chr22	22117593	22117705	113	3	0	113	42	71	0	2	2	1	2	5	7	4	3	2	5	1	0	4	1	1	4	4	5	0	8	3	4	6	6	10	5	5	1	4	2	4
chr22	22117707	22117797	91	3	0	91	28	63	0	1	3	0	2	2	5	1	2	4	5	1	0	2	0	0	2	4	1	2	6	3	5	2	1	4	13	6	0	5	4	3
chr22	22117799	22117819	21	3	0	21	6	15	0	0	1	0	0	1	3	0	1	0	0	0	0	0	0	0	0	1	0	0	1	1	0	1	2	1	2	3	0	1	0	0
chr22	22117821	22117885	65	3	0	65	9	56	0	0	0	0	0	2	2	0	0	1	4	0	0	0	0	0	0	3	0	0	2	14	8	5	2	11	4	1	0	2	2	0
chr22	22117922	22118684	763	3	0	763	305	458	28	18	20	19	21	18	35	22	22	13	27	10	14	8	11	19	21	13	10	13	32	65	45	26	28	64	34	34	14	26	11	20
chr22	22118686	22118723	38	3	0	38	28	10	7	0	2	3	2	0	0	1	1	1	0	2	3	1	4	0	0	1	0	1	1	0	0	0	1	0	0	1	1	0	0	3
chr22	22118725	22119896	1172	3	0	1172	712	460	81	27	46	66	38	33	48	55	45	21	41	41	55	26	29	58	42	21	9	35	34	20	8	36	41	25	2	38	57	32	5	55
chr22	22119898	22119917	20	3	0	20	8	12	0	1	0	1	1	0	0	1	0	1	2	0	0	0	0	0	0	0	1	1	1	1	1	1	0	1	1	0	1	1	1	0
chr22	22119919	22119986	68	3	0	68	25	43	0	1	1	0	2	3	5	0	0	3	8	2	0	0	0	0	1	1	2	3	3	1	2	2	4	4	2	4	2	3	2	5
chr22	22119988	22120061	74	3	0	74	61	13	22	2	3	10	2	0	1	1	4	1	0	1	7	0	1	4	2	0	0	1	1	0	1	0	0	0	0	2	1	2	1	2
chr22	22120072	22120822	751	3	0	751	546	205	77	26	26	63	25	8	16	32	31	10	11	12	59	38	36	74	29	14	5	34	12	1	1	13	13	6	1	12	27	6	1	30
chr22	22120849	22122145	1297	3	0	1297	896	401	126	31	62	113	61	16	26	54	50	21	29	37	95	51	45	78	55	20	0	44	34	18	1	24	26	10	1	31	42	29	2	63
chr22	22122146	22123103	958	3	0	958	554	404	89	24	30	44	37	37	35	34	34	12	44	30	28	18	16	40	29	27	4	31	46	39	4	32	29	21	2	20	39	34	4	43
chr22	22123105	22123131	27	3	0	27	11	16	2	0	1	0	0	1	0	3	1	0	2	1	0	0	0	0	0	1	0	0	2	2	0	1	1	1	1	1	1	1	1	1
chr22	22123133	22123807	675	3	0	675	329	346	67	19	25	10	22	21	23	20	24	8	38	11	8	13	10	9	12	26	5	18	34	47	13	39	30	21	8	11	10	38	4	29
chr22	22123813	22124017	205	3	0	205	118	87	9	8	6	8	8	1	10	12	9	7	10	7	6	4	3	9	6	4	2	8	6	6	2	7	7	3	0	2	12	8	1	12
chr22	22124023	22124775	753	3	0	753	292	461	3	20	15	5	22	50	45	12	8	8	16	17	10	17	29	14	35	33	8	19	37	78	24	32	48	39	17	40	9	20	7	14
chr22	22124777	22124824	48	3	0	48	12	36	0	0	1	0	0	2	3	2	1	0	0	1	0	0	1	1	0	0	1	1	4	12	1	1	2	5	2	3	1	1	0	0
chr22	22124826	22129853	5028	3	0	5028	2753	2275	328	147	196	204	173	184	240	155	161	90	158	101	213	112	133	156	178	153	30	172	205	211	43	192	218	144	38	180	152	143	33	183
chr22	22129857	22153106	23250	3	0	23250	14952	8298	2237	821	994	1367	992	662	782	876	999	382	587	650	1191	560	684	1167	1113	421	99	792	596	350	62	628	600	320	68	630	1003	545	73	997
chr22	22153107	22170075	16969	4	0	16969	9295	7674	989	470	643	659	558	583	857	645	701	375	724	457	512	292	357	471	708	437	66	510	728	665	66	755	460	440	47	535	747	672	57	781
chr22	22170076	22170531	456	4	0	456	312	144	60	19	21	30	22	10	10	17	19	7	9	14	29	8	10	25	18	8	4	14	8	5	1	13	14	4	1	5	19	10	2	18
chr22	22170532	22170700	169	4	0	169	91	78	9	3	11	5	5	3	7	8	11	4	11	2	3	1	3	5	1	4	1	5	5	3	0	9	8	5	0	7	9	7	1	11
chr22	22170713	22173804	3092	4	0	3092	1765	1327	191	101	116	126	117	107	148	138	111	59	87	97	115	67	67	117	129	91	10	104	139	104	16	103	118	65	6	87	125	102	4	123
chr22	22173817	22177720	3904	4	0	3904	2341	1563	305	138	162	183	167	109	138	176	159	78	116	113	158	86	98	154	174	100	16	121	141	113	10	147	107	76	8	83	168	123	12	163
chr22	22177721	22177847	127	4	0	127	73	54	13	2	2	7	3	8	5	5	3	1	4	4	5	2	4	3	5	3	1	4	6	3	1	4	3	5	2	4	7	3	0	3
chr22	22177849	22177922	74	4	0	74	37	37	4	2	0	1	0	1	2	4	1	3	4	6	2	2	3	1	1	3	2	1	2	2	2	3	1	1	3	1	4	3	3	4
chr22	22177923	22187742	9820	4	0	9820	5441	4379	590	247	356	381	331	329	549	365	351	238	390	287	301	189	243	293	417	240	36	310	407	292	35	403	315	249	29	379	435	355	30	446
chr22	22187744	22188837	1094	4	0	1094	532	562	46	28	29	25	30	43	81	31	35	30	49	24	18	21	21	20	40	38	5	39	55	47	8	54	47	38	11	42	43	41	8	45
chr22	22188839	22188884	46	4	0	46	29	17	9	2	3	0	3	1	1	1	1	1	0	2	1	1	1	1	2	3	0	0	3	2	0	1	0	0	0	0	1	1	0	3
chr22	22188886	22190425	1540	4	0	1540	923	617	119	50	84	76	72	34	54	55	81	29	62	46	56	24	37	43	56	31	7	43	55	29	5	51	41	30	0	50	63	50	12	93
chr22	22190426	22191337	912	4	0	912	577	335	67	33	36	56	42	24	36	25	47	19	34	33	35	18	35	36	42	21	1	30	23	11	1	22	22	3	2	23	40	23	4	66
chr22	22191338	22193851	2514	4	0	2514	1512	1002	194	93	95	125	131	65	86	119	109	45	64	88	72	52	71	101	111	62	15	67	113	56	6	78	73	50	5	60	104	85	6	111
chr22	22193852	22195499	1648	4	0	1648	936	712	100	47	57	72	53	54	90	60	70	36	63	48	53	27	39	66	63	36	6	59	49	59	3	75	58	41	4	41	87	51	5	74
chr22	22195501	22195516	16	4	0	16	5	11	0	0	0	0	0	1	1	1	0	0	1	1	0	0	0	0	0	1	0	0	2	1	0	1	0	1	1	0	0	1	0	1
chr22	22195518	22198114	2597	4	0	2597	1351	1246	129	68	84	80	88	102	150	88	88	58	126	83	56	39	52	59	105	71	15	76	119	80	20	108	94	77	24	101	110	99	19	127
chr22	22198125	22199365	1241	4	0	1241	568	673	27	20	28	27	26	49	95	43	35	43	83	32	14	13	19	14	47	41	5	32	56	67	9	79	42	44	5	52	68	59	3	62
chr22	22199366	22199585	220	4	0	220	117	103	26	4	12	6	4	7	8	3	11	5	5	3	8	4	6	4	3	7	2	7	11	19	3	10	3	10	0	3	5	7	1	11
chr22	22199587	22199847	261	4	0	261	103	158	3	3	10	3	4	10	23	7	10	10	10	1	2	1	4	1	6	9	0	9	15	23	2	21	16	13	1	10	7	17	1	7
chr22	22199849	22200205	357	4	0	357	168	189	8	5	15	5	8	9	24	19	12	11	19	12	6	3	3	8	12	9	0	7	23	22	0	19	12	15	0	15	13	19	2	20
chr22	22200216	22200247	32	4	0	32	24	8	10	0	0	3	1	0	0	2	2	1	0	0	1	0	1	1	0	1	0	0	2	2	0	0	0	0	0	0	1	1	0	1
chr22	22200256	22200321	66	4	0	66	41	25	2	4	1	6	2	1	3	6	4	3	2	0	4	0	0	2	3	3	1	1	1	0	0	3	2	0	1	0	6	1	0	2
chr22	22200323	22200359	37	4	0	37	20	17	6	0	1	1	0	0	3	1	2	1	2	0	1	1	0	0	0	1	0	1	1	2	0	3	2	0	0	1	1	3	0	1
chr22	22200361	22200554	194	4	0	194	86	108	2	3	6	3	5	11	11	9	5	4	9	4	2	5	5	2	10	6	0	6	12	9	3	9	6	14	2	8	8	4	1	8
chr22	22200557	22200590	34	4	0	34	15	19	0	1	0	0	0	2	4	2	1	1	0	2	0	0	0	0	4	1	0	1	2	3	0	2	0	1	0	1	2	2	0	0
chr22	22200592	22201067	476	4	0	476	200	276	3	6	11	7	7	20	39	12	14	13	36	11	3	2	11	4	17	14	1	9	22	28	2	42	22	21	2	21	18	31	1	24
chr22	22201069	22201095	27	4	0	27	14	13	1	0	2	1	1	0	2	2	1	1	0	1	1	1	0	0	1	1	0	0	2	0	0	1	2	0	0	1	0	2	0	1
chr22	22201097	22201241	145	4	0	145	62	83	4	3	6	3	4	6	12	2	7	3	5	3	1	2	1	0	7	5	0	2	8	14	2	9	6	6	0	4	3	6	0	9
chr22	22201243	22201293	51	4	0	51	23	28	4	0	1	3	3	1	4	1	1	1	2	0	0	0	0	0	0	2	0	0	1	3	1	3	6	2	3	1	2	1	0	3
chr22	22201295	22201373	79	4	0	79	33	46	1	1	2	1	1	3	10	0	3	2	6	0	0	1	0	1	5	1	0	1	2	5	0	6	4	4	0	6	4	3	0	4
chr22	22201375	22201401	27	4	0	27	11	16	0	0	1	0	1	0	3	0	1	2	2	0	0	0	0	0	1	0	0	1	1	1	0	3	2	1	0	1	0	3	0	1
chr22	22201403	22201522	120	4	0	120	48	72	2	1	4	0	3	7	11	5	2	5	5	1	0	1	1	0	7	4	1	2	8	8	1	6	8	5	0	7	2	5	0	6
chr22	22201524	22201545	22	4	0	22	7	15	0	0	0	0	0	2	3	0	0	1	1	0	0	0	0	0	0	2	0	1	1	1	0	2	3	0	1	0	0	1	1	0
chr22	22201547	22202625	1079	4	0	1079	564	515	49	26	18	37	21	36	75	36	19	31	57	18	41	31	21	47	49	31	6	38	46	46	9	46	34	34	5	45	40	37	6	42
chr22	22202640	22202715	76	4	0	76	46	30	9	4	3	3	3	1	6	1	3	1	3	2	4	0	0	2	4	0	0	2	1	1	0	3	4	2	0	4	2	2	0	4
chr22	22202718	22202773	56	4	0	56	27	29	6	0	1	0	2	3	6	0	0	2	5	0	0	0	0	0	1	0	0	4	1	0	0	2	6	2	1	5	3	1	1	2
chr22	22202775	22202843	69	4	0	69	30	39	1	3	1	1	2	1	6	0	2	0	6	2	1	1	2	0	0	2	1	2	2	2	0	7	3	4	0	5	4	4	1	1
chr22	22202844	22202896	53	4	0	53	30	23	9	0	0	3	1	2	2	2	0	1	1	0	2	2	3	1	2	1	1	1	3	0	0	2	2	4	3	1	0	0	0	2
chr22	22202898	22203023	126	4	0	126	58	68	16	4	3	1	2	5	6	2	4	5	4	3	1	1	0	0	2	7	3	3	7	5	6	6	2	6	2	2	4	7	3	2
chr22	22203027	22203071	45	4	0	45	34	11	9	6	2	0	4	0	0	0	0	1	1	1	5	0	2	1	3	1	0	3	1	0	0	0	0	0	0	0	1	0	0	2
chr22	22203072	22203133	62	4	0	62	25	37	0	0	1	0	1	2	4	7	0	1	4	5	0	0	0	0	1	2	0	0	6	3	0	2	6	3	0	3	1	4	0	4
chr22	22203135	22203181	47	4	0	47	13	34	0	0	1	0	1	1	4	0	0	1	5	0	0	0	0	0	0	1	0	0	4	2	1	7	2	5	1	3	0	6	0	0
chr22	22203183	22204021	839	4	0	839	339	500	13	12	21	12	17	31	51	22	19	16	40	24	10	15	25	10	15	30	11	18	43	53	27	40	41	48	26	48	22	32	14	31
chr22	22204023	22204063	41	4	0	41	21	20	0	2	1	2	3	2	1	2	1	0	2	0	1	0	0	3	1	0	1	2	2	2	0	0	3	3	1	1	2	0	0	1
chr22	22204065	22204215	151	4	0	151	98	53	21	6	9	8	5	3	6	6	10	2	2	1	7	5	3	3	8	4	0	4	2	4	0	7	4	1	0	3	6	4	0	5
chr22	22204222	22205043	822	4	0	822	483	339	77	26	22	51	32	30	31	24	28	9	25	21	40	25	21	20	36	20	9	25	30	17	12	20	21	24	16	25	30	18	7	28
chr22	22205045	22205144	100	4	0	100	63	37	10	1	7	4	4	2	5	4	5	3	1	6	4	3	3	0	1	2	1	5	2	0	1	1	5	1	0	2	6	1	0	8
chr22	22205145	22206219	1075	4	0	1075	696	379	93	32	36	78	41	40	31	45	37	13	37	29	69	31	30	52	64	18	7	27	23	13	3	36	30	21	1	20	41	23	1	51
chr22	22206222	22206445	224	4	0	224	108	116	2	4	6	5	1	14	18	7	12	5	10	9	3	3	5	3	11	11	0	4	15	7	0	13	4	5	0	9	9	12	2	13
chr22	22206447	22206468	22	4	0	22	13	9	1	1	0	2	1	1	1	1	0	0	0	1	2	0	0	0	1	0	0	1	1	1	0	0	2	1	0	1	1	0	0	0
chr22	22206470	22207197	728	4	0	728	380	348	36	21	32	17	25	20	48	26	34	20	32	20	12	9	14	13	23	22	4	20	35	22	3	32	24	26	1	29	37	22	2	45
chr22	22207199	22207220	22	4	0	22	12	10	1	0	1	2	0	0	1	1	0	0	0	3	2	0	0	0	0	0	0	0	2	3	0	1	0	0	0	0	0	2	0	1
chr22	22207222	22207829	608	4	0	608	355	253	40	16	22	30	16	22	27	24	24	16	18	19	29	9	11	31	23	19	7	13	26	19	0	24	12	15	3	14	28	16	6	27
chr22	22207846	22207955	110	4	0	110	57	53	3	2	4	3	3	2	8	6	4	5	7	3	2	2	2	0	4	4	0	4	5	3	0	5	4	0	0	4	6	6	0	7
chr22	22207957	22207988	32	4	0	32	10	22	0	0	1	0	1	1	1	0	0	1	2	2	0	0	0	0	0	1	0	1	2	4	2	1	0	3	0	1	1	2	2	1
chr22	22207989	22208022	34	4	0	34	13	21	0	2	0	0	1	1	4	0	1	1	2	0	0	0	0	0	2	1	0	1	1	4	0	3	2	0	0	2	1	2	0	1
chr22	22208024	22208628	605	4	0	605	320	285	24	18	26	18	21	26	32	17	26	14	31	11	15	8	15	16	24	13	2	27	26	14	2	33	24	17	1	20	23	31	3	25
chr22	22208644	22213452	4809	4	0	4809	2789	2020	356	129	172	212	163	177	194	211	190	95	187	129	160	83	97	232	228	103	30	124	158	127	35	186	150	111	27	140	210	165	26	200
chr22	22213457	22214277	821	4	0	821	526	295	70	29	38	51	36	36	24	29	36	12	26	18	47	16	15	42	44	10	9	30	27	9	2	11	24	7	2	27	30	23	5	34
chr22	22214279	22217179	2901	4	0	2901	1464	1437	118	64	96	74	78	134	181	101	86	77	154	77	70	38	48	68	117	90	6	100	145	125	15	139	103	85	8	108	129	125	9	131
chr22	22217180	22221374	4195	4	0	4195	2288	1907	229	101	125	181	135	173	210	158	129	91	157	114	143	91	87	163	181	123	37	114	182	152	19	187	145	115	38	122	169	150	16	156
chr22	22221375	22226722	5348	4	0	5348	2403	2945	197	116	175	88	149	227	363	152	144	144	248	97	86	65	92	59	172	175	47	158	270	318	69	306	259	252	61	224	190	217	35	191
chr22	22226723	22228096	1374	4	0	1374	812	562	156	25	55	64	56	42	56	41	41	26	64	35	46	35	29	40	49	28	5	46	59	35	4	44	30	43	4	49	57	36	7	65
chr22	22228097	22231373	3277	4	0	3277	1722	1555	191	93	105	119	131	127	168	120	112	63	147	103	74	50	54	64	117	99	17	100	167	103	26	145	125	106	22	102	137	133	27	128
chr22	22231375	22232602	1228	4	0	1228	640	588	58	36	38	34	46	49	59	55	28	32	55	23	34	33	29	30	53	49	4	45	72	49	6	54	35	40	1	42	49	43	5	40
chr22	22232607	22233164	558	4	0	558	336	222	49	20	18	21	18	24	23	22	19	8	17	13	22	18	20	22	33	15	0	22	21	15	1	18	14	10	0	16	19	15	1	22
chr22	22233165	22233777	613	4	0	613	307	306	42	21	14	19	27	27	35	12	19	12	32	6	9	7	13	11	32	16	4	15	28	19	11	31	21	32	4	23	20	22	2	25
chr22	22233782	22234206	425	4	0	425	236	189	27	14	14	17	13	10	15	17	18	11	23	11	13	6	20	5	16	12	0	13	14	22	2	19	10	7	1	10	15	16	1	31
chr22	22234221	22234599	379	4	0	379	210	169	22	8	12	20	18	8	12	10	11	10	25	9	11	11	11	11	12	11	3	11	18	15	2	19	7	8	0	7	11	20	1	23
chr22	22234601	22234623	23	4	0	23	11	12	1	0	0	1	1	0	2	0	0	1	0	0	0	1	2	1	1	0	0	1	2	2	0	0	0	0	0	3	0	2	0	0
chr22	22234625	22234721	97	4	0	97	46	51	2	3	2	2	4	3	9	2	0	4	4	2	3	2	3	0	6	2	0	5	4	2	0	6	5	4	1	5	3	4	1	2
chr22	22234738	22234842	105	4	0	105	64	41	11	9	5	5	10	1	2	1	6	3	0	0	2	4	0	4	7	6	2	2	5	4	2	4	0	0	0	0	2	5	0	1
chr22	22234856	22234998	143	4	0	143	69	74	15	2	4	2	5	4	9	0	3	4	11	4	1	2	1	0	3	2	2	5	5	3	3	7	5	7	3	7	6	6	4	6
chr22	22235018	22236463	1446	4	0	1446	798	648	97	51	68	52	63	42	73	37	61	40	45	34	47	26	41	20	53	41	7	58	57	53	6	60	41	35	8	48	63	47	9	61
chr22	22236465	22236510	46	4	0	46	25	21	3	2	1	2	2	0	3	1	3	2	2	2	0	0	1	1	0	2	2	0	2	1	0	1	0	1	0	1	4	0	0	5
chr22	22236512	22236685	174	4	0	174	84	90	14	4	3	6	5	6	8	4	2	2	9	4	6	5	3	2	4	5	4	4	11	9	2	9	4	11	2	7	5	5	4	3
chr22	22236699	22237020	322	4	0	322	154	168	19	7	10	6	9	15	19	7	6	6	15	10	8	6	3	7	9	11	5	9	19	12	5	13	10	16	7	13	12	11	3	12
chr22	22237022	22237151	130	4	0	130	63	67	9	1	3	4	3	5	7	3	3	2	7	1	3	4	5	2	3	4	0	4	6	5	4	5	6	6	2	8	3	5	0	5
chr22	22237153	22237353	201	4	0	201	139	62	35	5	2	17	9	8	6	6	4	4	4	6	10	3	6	13	11	3	0	6	6	2	0	4	4	5	1	1	8	2	1	7
chr22	22237354	22238066	713	4	0	713	417	296	46	21	28	32	33	25	30	33	19	18	20	23	28	17	17	26	37	12	3	28	27	19	3	18	23	16	2	27	34	20	4	22
chr22	22238069	22238263	195	4	0	195	100	95	16	5	9	4	3	9	4	8	12	2	14	5	4	0	3	1	5	3	1	7	6	17	2	12	3	4	0	1	10	12	1	10
chr22	22238264	22238330	67	4	0	67	39	28	20	1	0	0	2	3	3	0	0	2	5	0	0	0	2	0	1	1	0	4	3	0	0	2	3	2	2	2	1	2	2	2
chr22	22238332	22238367	36	4	0	36	14	22	0	1	1	0	1	1	2	0	1	0	4	1	0	0	0	0	0	1	0	1	1	1	2	2	2	2	1	3	2	2	1	1
chr22	22238369	22239887	1519	4	0	1519	759	760	81	33	36	46	41	65	83	55	47	38	64	34	27	35	44	29	59	45	20	47	73	52	19	70	54	70	12	55	58	47	23	55
chr22	22239889	22239906	18	4	0	18	11	7	4	0	0	1	2	0	0	0	0	1	1	0	0	0	0	0	0	0	0	1	1	3	0	0	0	0	0	0	1	1	0	0
chr22	22239909	22240039	131	4	0	131	88	43	11	4	5	7	5	2	5	6	3	3	4	4	8	8	3	9	6	0	2	9	1	0	0	2	3	2	0	3	8	1	2	3
chr22	22240041	22240094	54	4	0	54	21	33	0	1	1	0	1	5	5	1	1	0	4	1	0	0	0	0	1	2	0	3	6	2	0	2	4	4	0	2	2	2	0	2
chr22	22240096	22240665	570	4	0	570	306	264	28	16	23	20	16	22	28	11	17	7	25	17	27	18	16	13	22	17	5	19	26	16	2	35	12	23	4	17	17	23	5	21
chr22	22240667	22240685	19	4	0	19	11	8	1	0	0	1	0	1	1	1	1	1	1	0	0	1	1	0	1	0	0	1	0	0	0	0	1	0	0	1	1	0	0	2
chr22	22240686	22241097	412	4	0	412	218	194	29	17	15	10	20	20	25	9	12	7	16	9	9	5	9	4	23	8	1	17	16	11	4	18	16	20	1	15	19	10	0	15
chr22	22241099	22241145	47	4	0	47	20	27	0	0	2	1	0	2	4	0	0	1	3	1	3	2	1	0	1	3	0	1	2	2	1	3	3	2	1	2	0	1	0	3
chr22	22241146	22241216	71	4	0	71	31	40	10	0	3	1	1	4	3	0	1	1	3	1	1	1	0	0	1	2	2	1	5	4	2	3	1	6	3	3	1	2	1	2
chr22	22241221	22241293	73	4	0	73	42	31	10	2	0	1	1	2	3	0	1	3	4	4	2	3	3	1	3	2	3	2	1	2	1	3	0	1	0	1	2	2	4	4
chr22	22241314	22242321	1008	4	0	1008	486	522	51	27	27	26	34	41	53	32	30	29	54	18	16	15	25	8	32	39	11	30	53	40	11	52	39	29	11	43	36	49	11	34
chr22	22242322	22242389	68	4	0	68	30	38	1	2	1	0	2	5	7	0	1	3	5	0	0	1	1	0	5	2	0	4	2	0	1	3	4	2	1	5	3	2	0	3
chr22	22242390	22242650	261	4	0	261	139	122	19	9	8	6	11	8	18	4	9	8	14	7	3	4	6	3	11	12	0	6	10	9	0	16	8	4	0	8	12	10	0	16
chr22	22242664	22243184	521	4	0	521	264	257	19	8	19	13	11	23	34	15	21	15	32	11	8	10	13	11	13	17	4	23	22	19	2	25	23	8	1	20	25	23	1	30
chr22	22243191	22243391	201	4	0	201	79	122	0	6	3	0	4	11	20	3	3	7	13	2	2	1	2	1	9	8	0	8	15	15	0	12	10	10	0	8	4	10	2	10
chr22	22243393	22243417	25	4	0	25	8	17	1	1	0	0	0	1	4	0	1	0	0	0	0	0	0	0	0	1	0	1	1	1	1	1	3	2	1	2	1	0	0	0
chr22	22243419	22243745	327	4	0	327	169	158	23	5	10	12	10	18	20	10	5	6	17	8	11	5	2	6	13	10	1	10	12	17	1	17	19	8	0	13	14	11	2	9
chr22	22243746	22243794	49	4	0	49	20	29	5	1	0	0	2	1	5	0	0	1	4	0	0	0	0	0	1	1	0	1	4	3	0	5	2	5	0	1	1	2	0	2
chr22	22243796	22244311	516	4	0	516	250	266	24	13	19	13	22	21	24	13	11	10	25	13	12	6	15	9	11	20	0	19	27	30	6	29	21	22	1	20	21	20	3	14
chr22	22244313	22244330	18	4	0	18	6	12	0	0	0	0	0	0	0	2	0	0	3	0	0	0	0	0	0	0	0	0	1	2	0	2	1	1	0	1	0	2	0	1
chr22	22244332	22246854	2523	4	0	2523	1126	1397	80	53	75	44	79	104	169	77	56	75	121	51	37	39	34	32	100	85	22	64	140	153	39	129	112	119	22	108	77	104	23	98
chr22	22246856	22246880	25	4	0	25	12	13	0	0	0	1	1	1	0	1	0	1	4	0	0	1	1	0	2	1	0	1	1	2	0	1	0	0	0	0	0	1	0	3
chr22	22246882	22247328	447	4	0	447	208	239	13	13	7	8	14	23	24	19	6	10	32	13	8	8	8	2	18	18	4	13	24	19	6	22	18	17	3	14	19	17	3	22
chr22	22247330	22251112	3783	4	0	3783	2025	1758	198	103	129	136	124	123	200	130	133	91	175	107	110	53	75	136	143	96	13	118	171	145	30	172	119	125	14	106	144	152	27	183
chr22	22251120	22251349	230	4	0	230	174	56	15	6	7	15	4	3	9	6	6	5	2	6	19	7	10	52	13	1	0	7	3	2	0	1	1	1	0	8	5	2	0	12
chr22	22251350	22251433	84	4	0	84	74	10	2	0	0	9	1	2	0	4	1	0	0	0	7	1	3	42	3	0	0	0	0	0	0	0	4	0	0	2	0	0	0	1
chr22	22251465	22252299	835	4	0	835	640	195	39	20	22	55	15	19	26	38	17	16	6	17	65	44	20	219	66	7	1	25	11	5	0	4	5	0	0	15	17	8	1	30
chr22	22252300	22253177	878	4	0	878	651	227	76	15	10	93	21	24	23	34	12	5	18	17	85	44	19	153	50	10	7	21	17	7	1	16	17	13	2	14	18	11	4	19
chr22	22253183	22253332	150	4	0	150	130	20	15	5	4	15	2	2	0	9	0	0	0	2	23	9	2	40	11	0	0	5	0	0	0	0	1	0	0	1	1	0	0	1
chr22	22253333	22255030	1698	4	0	1698	1127	571	172	47	57	112	52	55	52	59	64	25	45	36	101	44	22	183	84	30	14	43	40	47	13	37	35	23	5	29	59	38	6	67
chr22	22255032	22255105	74	4	0	74	38	36	5	2	2	3	2	1	3	1	2	1	4	2	3	2	3	2	4	2	0	0	0	4	4	3	2	1	0	5	1	5	0	3
chr22	22255107	22255308	202	4	0	202	113	89	12	8	5	6	13	25	8	8	4	6	6	5	2	2	1	1	33	3	1	4	5	1	1	3	7	2	1	6	9	4	1	7
chr22	22255310	22256054	745	4	0	745	384	361	47	19	13	18	27	58	33	30	13	15	41	16	10	18	6	20	55	18	10	26	31	20	10	22	26	28	9	19	36	18	5	26
chr22	22256057	22256268	212	4	0	212	131	81	20	9	3	8	5	23	8	12	8	2	3	7	6	5	0	11	29	1	6	3	4	2	0	3	6	2	3	1	9	3	1	7
chr22	22256271	22258317	2047	4	0	2047	978	1069	109	43	53	61	52	100	125	51	66	49	75	47	40	34	31	41	74	76	35	41	109	110	30	98	83	80	27	68	61	81	18	77
chr22	22258324	22258491	168	4	0	168	85	83	14	7	7	5	9	3	9	1	9	3	9	1	1	3	3	1	5	7	1	3	3	9	4	8	9	4	1	6	5	5	0	11
chr22	22258501	22258844	344	4	0	344	205	139	19	10	13	22	12	11	8	32	19	3	5	11	13	6	8	11	19	6	1	4	16	5	2	10	15	11	3	9	14	11	2	11
chr22	22258846	22258888	43	4	0	43	28	15	4	2	1	2	1	1	2	2	3	0	1	2	1	1	2	2	2	0	0	2	1	0	0	1	2	0	0	0	1	2	0	3
chr22	22258890	22259846	957	4	0	957	534	423	60	20	27	47	27	36	47	63	40	15	25	28	28	24	20	26	44	19	5	26	46	17	7	30	46	33	7	34	37	31	11	29
chr22	22259850	22259879	30	4	0	30	22	8	10	1	2	0	0	0	0	4	1	0	0	0	1	1	0	0	1	1	0	1	1	0	0	1	2	0	0	0	0	1	0	0
chr22	22259881	22260692	812	4	0	812	464	348	43	29	26	27	23	33	32	49	34	13	26	23	24	25	22	33	46	23	4	27	33	35	1	24	29	8	4	17	29	27	3	38
chr22	22260694	22260730	37	4	0	37	20	17	3	1	1	1	1	1	2	2	0	0	1	2	1	1	1	1	2	0	1	0	2	0	1	1	1	2	0	3	0	2	0	1
chr22	22260732	22261212	481	4	0	481	256	225	41	13	7	17	17	22	23	14	9	5	26	16	11	12	12	9	20	19	3	10	24	12	4	29	14	20	2	12	18	18	3	17
chr22	22261217	22262252	1036	4	0	1036	501	535	73	25	30	28	35	41	66	22	27	19	42	26	20	15	21	10	32	36	6	26	56	38	17	56	41	53	15	44	35	40	6	33
chr22	22262260	22272194	9935	4	0	9935	5319	4616	579	278	359	356	363	326	516	344	336	251	426	251	293	176	230	233	377	298	48	308	474	369	56	458	307	311	31	315	392	379	43	450
chr22	22272196	22279641	7446	4	0	7446	4868	2578	747	235	290	503	321	183	197	318	295	101	182	210	412	220	217	437	304	171	18	246	256	125	12	193	184	117	23	140	275	174	31	307
chr22	22279642	22284115	4474	4	0	4474	2679	1795	364	143	200	220	182	120	180	143	205	93	140	125	176	100	112	176	189	99	33	135	152	102	25	139	117	72	37	130	167	146	23	227
chr22	22284116	22285852	1737	5	0	1737	1260	477	199	30	36	172	41	28	18	196	115	13	66	115	82	24	23	101	51	17	4	24	15	5	0	22	16	5	0	9	201	15	4	88
chr22	22285857	22285910	54	5	0	54	34	20	4	1	2	1	0	0	0	7	5	1	5	6	0	0	0	0	0	0	2	0	0	0	0	1	0	0	0	0	7	1	2	7
chr22	22285933	22285992	60	5	0	60	41	19	8	3	1	4	3	1	1	7	2	1	3	2	2	0	1	1	4	1	0	0	0	0	0	1	1	0	0	3	6	0	0	2
chr22	22286006	22286039	34	5	0	34	25	9	3	0	1	7	3	0	0	3	4	0	0	1	1	0	0	1	0	0	0	0	0	0	0	1	2	0	0	0	4	1	0	0
chr22	22286056	22286108	53	5	0	53	36	17	2	0	0	4	0	0	0	10	2	0	6	6	2	2	0	0	2	0	0	0	0	0	0	1	0	0	0	0	8	1	0	5
chr22	22286118	22286351	234	5	0	234	169	65	28	0	1	31	2	1	0	41	21	2	9	19	8	1	1	2	2	1	1	0	3	1	1	1	3	1	0	0	36	3	2	10
chr22	22286352	22286373	22	5	0	22	14	8	1	0	0	1	0	0	0	5	1	0	2	4	0	0	0	0	0	0	0	0	0	0	0	0	0	0	0	0	4	0	0	2
chr22	22286374	22286923	550	5	0	550	393	157	49	4	4	51	6	2	1	104	41	5	34	61	13	1	0	16	7	0	1	4	2	0	0	0	2	0	0	0	102	2	1	35
chr22	22286924	22291727	4804	5	0	4804	2430	2374	239	70	127	207	133	76	313	268	150	112	147	133	121	84	92	156	125	114	21	82	252	241	18	334	181	362	8	93	232	128	13	170
chr22	22291729	22306807	15079	5	0	15079	7390	7689	773	395	504	435	510	507	931	427	464	367	503	303	359	263	331	317	562	455	105	410	773	709	183	814	573	811	187	469	467	505	89	576
chr22	22306817	22312845	6029	5	0	6029	3717	2312	577	209	244	312	264	162	230	206	236	102	166	188	265	154	131	270	262	128	39	199	208	127	30	182	162	111	26	145	229	181	37	245
chr22	22312856	22319771	6916	5	0	6916	3589	3327	302	183	253	209	232	277	389	263	246	155	302	176	167	136	149	150	309	186	25	230	332	297	27	310	252	213	25	240	268	271	27	313
chr22	22319772	22325455	5684	5	0	5684	2736	2948	248	110	182	129	155	229	346	191	184	157	322	150	83	70	99	80	196	173	30	167	292	277	47	309	184	225	39	196	249	250	36	277
chr22	22325456	22326249	794	5	0	794	403	391	34	15	25	24	18	23	45	28	26	21	46	26	20	14	26	12	22	23	5	23	31	29	9	39	26	24	5	35	35	33	5	45
chr22	22326250	22326482	233	5	0	233	168	65	29	11	11	19	10	2	6	10	16	3	6	2	14	9	4	15	9	5	2	9	4	0	0	4	3	0	0	1	11	3	0	13
chr22	22326484	22333753	7270	5	0	7270	3971	3299	390	178	303	281	246	233	384	252	318	171	298	197	197	137	152	232	285	198	23	213	304	278	28	330	211	183	24	238	316	281	31	356
chr22	22333762	22336924	3163	5	0	3163	1946	1217	259	109	122	174	148	80	114	135	154	56	72	109	103	80	94	135	142	83	11	89	121	63	17	82	86	43	12	77	128	94	14	155
chr22	22336925	22337553	629	5	0	629	446	183	77	30	27	59	39	8	14	19	38	7	9	15	39	14	12	37	34	12	2	11	18	10	0	9	4	2	1	11	24	13	1	31
chr22	22337555	22337731	177	5	0	177	119	58	24	3	6	11	8	6	7	3	8	4	4	7	5	7	9	5	11	2	0	7	5	0	0	2	3	1	0	4	6	4	0	13
chr22	22337743	22339940	2198	5	0	2198	1325	873	189	64	92	114	101	72	78	88	99	33	60	61	70	52	59	91	88	50	7	76	95	51	9	62	74	49	5	54	83	67	5	98
chr22	22339942	22339959	18	5	0	18	13	5	0	1	1	1	0	0	0	0	0	0	0	1	3	1	0	4	0	2	0	0	0	0	0	1	0	0	0	0	0	0	0	1
chr22	22339961	22342527	2567	5	0	2567	1476	1091	145	69	118	101	106	97	121	100	107	67	86	77	75	55	56	94	119	63	10	96	107	69	2	88	79	46	5	70	119	88	3	127
chr22	22342529	22345568	3040	5	0	3040	1516	1524	103	72	103	101	93	120	183	102	109	76	156	67	73	53	46	58	128	96	8	89	149	156	16	166	83	103	10	111	138	132	16	122
chr22	22345570	22346764	1195	5	0	1195	714	481	100	39	43	49	34	45	56	45	43	18	57	28	55	23	22	56	59	24	6	35	33	28	4	41	43	24	4	33	45	30	2	69
chr22	22346766	22352349	5584	5	0	5584	3154	2430	322	149	214	234	208	193	283	214	197	139	217	175	191	100	109	207	261	125	25	170	211	170	18	224	177	125	16	180	249	203	27	249
chr22	22352351	22352654	304	5	0	304	147	157	5	4	9	7	5	16	29	12	12	11	12	8	3	6	2	5	17	6	1	12	19	11	1	7	12	8	1	17	14	13	1	16
chr22	22352660	22352828	169	5	0	169	72	97	4	3	8	1	5	5	14	1	5	6	11	2	2	1	1	2	5	6	1	3	3	10	2	16	13	6	0	7	5	10	1	8
chr22	22352830	22352925	96	5	0	96	38	58	4	1	4	1	2	5	7	3	3	1	4	0	1	1	0	0	3	3	0	2	7	12	0	7	6	5	0	3	1	6	0	2
chr22	22352927	22352959	33	5	0	33	12	21	0	0	0	0	0	2	2	2	0	2	3	0	0	0	0	0	2	1	0	1	4	0	0	3	0	3	0	1	0	4	0	1
chr22	22352961	22353038	78	5	0	78	35	43	2	1	1	1	0	4	9	0	3	3	7	1	0	1	1	0	4	3	0	2	2	1	0	8	2	4	0	2	5	3	0	6
chr22	22353040	22353105	66	5	0	66	44	22	10	2	4	3	2	3	2	1	1	1	0	2	5	1	2	4	3	2	0	1	1	0	0	4	2	3	0	1	2	0	0	2
chr22	22353107	22353124	18	5	0	18	6	12	0	1	0	0	0	0	2	0	1	0	2	0	0	0	0	0	0	1	0	0	1	1	0	2	1	0	1	0	0	1	1	1
chr22	22353126	22353206	81	5	0	81	34	47	0	1	2	0	2	4	9	3	1	2	6	3	0	0	0	0	1	2	0	4	4	1	0	4	8	3	2	5	6	3	0	3
chr22	22353210	22353379	170	5	0	170	82	88	3	1	5	3	3	1	15	3	5	4	10	8	2	8	4	6	1	6	0	7	12	7	1	7	5	4	1	10	4	10	2	10
chr22	22353381	22353433	53	5	0	53	29	24	1	0	1	2	1	2	5	2	1	2	2	2	1	2	1	2	2	0	0	4	1	0	0	2	3	2	0	3	4	1	0	2
chr22	22353435	22353487	53	5	0	53	24	29	2	1	1	0	0	6	4	1	2	2	1	3	0	0	0	0	5	2	1	2	3	5	0	2	0	0	0	0	3	2	1	2
chr22	22353489	22353917	429	5	0	429	234	195	30	17	18	12	17	12	26	14	19	14	16	4	11	6	11	6	22	10	1	16	19	13	1	17	12	9	1	19	16	18	1	19
chr22	22353919	22353967	49	5	0	49	24	25	0	0	0	2	1	2	6	0	1	3	2	1	0	0	1	3	2	2	0	2	1	1	0	4	3	1	0	2	4	2	0	1
chr22	22353969	22354640	672	5	0	672	316	356	17	15	18	16	17	21	47	26	24	21	41	16	8	12	10	6	21	21	3	24	35	39	3	43	21	20	2	21	34	40	0	28
chr22	22354645	22354663	19	5	0	19	8	11	1	0	1	0	0	0	0	1	0	0	1	2	1	0	0	1	0	0	0	0	1	3	0	2	0	0	0	0	0	3	0	0
chr22	22354665	22357009	2345	5	0	2345	1287	1058	153	61	81	95	77	88	118	92	82	61	94	74	78	27	42	63	98	61	14	64	107	72	20	96	74	62	8	70	97	100	10	104
chr22	22357011	22357049	39	5	0	39	16	23	2	1	0	2	0	0	3	1	2	0	3	1	0	0	0	0	0	1	0	0	3	6	0	4	1	1	0	0	0	4	0	2
chr22	22357051	22361774	4724	5	0	4724	2653	2071	319	141	178	204	183	130	214	177	185	107	172	143	154	86	100	158	191	132	12	129	198	189	39	191	127	109	18	128	188	187	17	216
chr22	22361775	22365264	3490	5	0	3490	1996	1494	207	97	160	136	129	99	175	110	148	84	138	91	117	71	86	146	135	85	8	123	124	109	6	151	104	87	9	92	150	109	9	193
chr22	22365265	22374939	9675	5	0	9675	5559	4116	652	280	396	433	397	299	464	373	393	230	359	267	319	178	196	323	419	237	38	293	399	261	24	374	300	211	19	292	415	349	27	456
chr22	22374940	22385260	10321	5	0	10321	5540	4781	653	279	346	343	334	346	577	378	372	264	448	290	262	172	191	283	448	268	53	292	460	397	58	467	296	272	50	346	431	445	41	457
chr22	22385263	22385486	224	5	0	224	107	117	20	3	5	6	8	9	9	4	4	5	14	6	3	3	6	0	3	8	2	7	13	7	7	7	8	9	5	12	6	10	4	9
chr22	22385510	22385536	27	5	0	27	10	17	1	0	1	0	1	1	2	0	0	1	1	0	0	1	1	0	1	0	0	2	2	2	0	2	1	2	0	1	0	2	0	0
chr22	22385538	22387203	1666	5	0	1666	958	708	74	50	66	80	69	58	73	69	65	43	48	49	62	51	35	64	80	40	15	67	68	33	12	59	44	35	9	40	78	64	8	56
chr22	22387214	22387570	357	5	0	357	200	157	15	12	11	20	12	5	16	11	9	5	9	9	22	13	13	18	10	18	1	5	18	15	2	22	6	12	0	14	10	13	1	8
chr22	22387572	22387589	18	5	0	18	9	9	0	0	1	1	0	2	0	2	1	0	0	1	0	0	0	0	1	1	0	0	2	0	0	1	1	1	0	0	0	1	0	0
chr22	22387591	22387661	71	5	0	71	30	41	1	1	1	2	4	3	8	0	0	2	3	0	0	1	3	0	2	2	0	3	5	2	0	3	5	5	0	8	3	0	0	2
chr22	22387663	22387688	26	5	0	26	12	14	0	1	1	0	1	1	0	3	1	1	2	1	0	0	0	0	1	0	0	2	2	1	0	0	0	1	0	1	2	2	0	0
chr22	22387690	22388362	673	5	0	673	362	311	32	23	26	21	27	24	38	25	28	17	25	19	15	14	10	17	33	18	5	21	26	27	1	28	22	12	5	23	34	25	3	27
chr22	22388364	22388416	53	5	0	53	25	28	2	2	3	2	4	0	2	1	3	2	2	1	0	0	0	0	1	2	1	1	3	2	2	3	0	3	0	1	2	3	1	2
chr22	22388418	22389838	1421	5	0	1421	751	670	64	27	59	57	62	58	78	55	46	30	40	34	35	31	30	44	47	44	6	49	78	38	10	57	79	51	6	54	49	50	4	47
chr22	22389840	22389884	45	5	0	45	25	20	1	0	2	3	2	1	2	2	2	0	2	4	1	0	1	1	1	0	0	0	4	1	0	1	2	2	0	0	0	3	0	5
chr22	22389886	22391406	1521	5	0	1521	888	633	95	49	63	74	66	51	64	45	65	25	64	47	55	36	39	50	60	49	6	45	51	36	6	61	45	29	1	41	70	39	9	83
chr22	22391420	22392080	661	5	0	661	352	309	22	17	29	23	20	19	47	20	34	18	21	21	16	12	16	16	19	23	1	23	31	26	0	31	22	13	0	25	34	25	1	34
chr22	22392088	22392734	647	5	0	647	344	303	31	23	20	13	19	26	34	25	23	17	24	13	13	18	18	25	33	23	2	26	35	32	1	24	12	17	3	18	25	20	4	28
chr22	22392736	22392774	39	5	0	39	24	15	3	1	2	2	2	1	2	0	3	1	0	0	0	1	3	2	1	0	0	3	1	0	0	1	1	1	0	2	2	1	0	1
chr22	22392776	22392960	185	5	0	185	135	50	24	8	6	17	7	2	6	9	9	2	2	5	15	7	3	11	14	2	0	3	3	1	0	3	2	1	0	3	6	3	0	9
chr22	22392962	22392981	20	5	0	20	8	12	0	0	0	0	0	1	1	4	0	0	1	0	0	0	0	0	0	1	0	0	3	1	0	0	1	2	0	1	2	0	0	0
chr22	22392983	22393093	111	5	0	111	57	54	5	1	8	2	7	3	5	0	3	2	7	4	2	2	2	2	3	1	1	3	4	3	0	8	2	6	1	5	6	5	0	6
chr22	22393095	22393123	29	5	0	29	20	9	5	1	4	0	1	0	0	0	4	0	3	1	0	0	0	0	1	0	0	0	0	0	0	0	0	0	0	0	0	0	0	7
chr22	22393152	22393733	582	5	0	582	378	204	63	15	30	41	30	12	20	14	27	10	18	15	29	15	12	26	25	9	2	16	16	8	1	17	12	12	0	16	23	13	1	32
chr22	22393735	22393764	30	5	0	30	21	9	2	2	0	1	1	0	2	1	1	0	1	0	1	2	1	4	1	0	0	3	1	0	0	0	1	0	0	1	1	1	0	0
chr22	22393766	22395739	1974	5	0	1974	1140	834	147	54	70	92	75	76	114	53	72	56	79	35	70	39	37	70	102	46	4	73	75	51	3	75	51	42	3	66	89	65	2	86
chr22	22395741	22397746	2006	5	0	2006	1095	911	113	55	78	82	66	59	117	67	78	50	86	48	71	33	41	51	69	54	8	66	87	64	11	85	64	52	8	80	88	77	5	91
chr22	22397749	22402438	4690	5	0	4690	2442	2248	199	107	166	154	127	160	280	185	186	126	217	136	114	71	102	111	195	131	15	123	203	207	9	262	140	141	11	146	214	202	13	235
chr22	22402442	22411713	9272	5	0	9272	4646	4626	398	175	319	268	228	330	562	312	342	260	503	248	193	137	176	194	322	271	38	270	424	433	64	524	281	305	34	306	405	436	52	460
chr22	22411714	22419967	8254	5	0	8254	5040	3214	657	271	337	434	361	221	323	326	367	159	220	257	314	205	225	362	352	200	40	264	310	195	28	235	229	138	18	201	340	235	24	404
chr22	22419968	22426580	6613	5	0	6613	3719	2894	447	195	254	290	252	210	329	220	256	147	262	158	232	141	145	180	268	160	38	227	273	204	32	262	209	161	20	216	261	247	30	285
chr22	22426582	22429043	2462	5	0	2462	1244	1218	106	51	81	57	62	82	155	103	76	75	123	53	50	58	63	47	92	71	12	91	113	108	15	121	86	74	7	101	111	104	2	110
chr22	22429045	22429090	46	5	0	46	21	25	1	1	0	1	0	3	4	0	1	0	5	1	1	0	0	1	2	2	0	0	3	1	0	4	2	1	0	3	0	4	0	3
chr22	22429092	22429193	102	5	0	102	50	52	2	4	2	1	1	4	9	6	4	3	5	4	2	1	0	1	6	3	0	3	7	1	0	5	2	3	0	5	5	7	0	4
chr22	22429194	22429765	572	5	0	572	287	285	20	14	29	11	19	23	35	19	24	18	26	14	10	6	10	8	24	20	4	13	29	22	2	26	22	16	2	22	21	20	2	39
chr22	22429766	22435425	5660	5	0	5660	3162	2498	393	142	199	230	193	185	282	228	208	140	217	177	170	106	115	177	253	148	17	155	246	220	19	245	152	119	13	168	237	244	15	245
chr22	22435427	22446194	10768	5	0	10768	6156	4612	713	311	403	494	402	336	436	421	420	219	371	302	386	230	283	427	423	281	58	334	448	365	87	378	322	272	51	281	402	360	50	500
chr22	22446195	22452733	6539	5	0	6539	3846	2693	459	186	302	309	259	192	315	224	283	138	240	172	254	147	131	233	264	149	13	237	259	157	14	233	186	129	11	208	281	228	14	310
chr22	22452735	22477496	24762	5	0	24762	14064	10698	1790	671	954	1117	872	758	1055	814	904	494	988	667	966	507	693	814	892	640	117	781	1002	776	143	1091	700	669	122	711	905	927	114	1106
chr22	22477497	22479732	2236	5	0	2236	1361	875	239	64	89	115	79	66	93	74	86	31	71	50	101	55	51	95	69	60	9	78	89	50	9	81	64	60	3	65	90	59	9	80
chr22	22479748	22481737	1990	5	0	1990	1140	850	118	76	80	78	73	75	89	69	71	43	65	50	90	40	51	71	94	61	5	73	88	63	8	74	48	45	5	56	77	64	6	82
chr22	22481738	22482900	1163	5	0	1163	643	520	103	35	29	48	51	43	54	28	27	18	50	27	36	29	28	35	35	38	8	44	64	32	7	46	38	41	10	35	39	38	9	36
chr22	22482910	22483817	908	5	0	908	545	363	92	32	46	45	33	21	24	26	39	9	28	24	50	18	25	31	26	25	5	24	35	24	10	32	21	25	10	26	22	27	9	42
chr22	22483819	22484402	584	5	0	584	297	287	53	13	13	17	19	25	27	11	11	13	25	10	13	15	18	12	16	15	10	25	32	19	11	20	16	32	12	20	18	16	7	18
chr22	22484403	22485776	1374	5	0	1374	879	495	137	36	79	82	68	40	35	38	63	20	45	35	65	36	40	59	61	21	3	47	26	24	5	46	40	22	2	34	54	35	2	72
chr22	22485781	22487461	1681	5	0	1681	941	740	112	52	70	69	59	52	94	50	77	40	48	25	56	35	50	50	69	43	4	63	74	49	8	66	49	49	9	67	63	56	5	66
chr22	22487477	22487513	37	5	0	37	32	5	11	0	1	6	0	0	0	0	1	0	2	0	7	1	0	2	0	1	0	0	0	0	0	1	0	0	0	0	0	0	0	2
chr22	22487517	22489678	2162	5	0	2162	1329	833	192	76	97	107	86	76	84	90	105	42	46	63	88	51	47	78	108	51	12	74	69	34	11	67	53	34	4	59	105	62	15	74
chr22	22489680	22491455	1776	5	0	1776	1109	667	155	49	70	113	73	56	57	57	64	23	58	48	93	46	57	88	66	43	5	60	64	31	6	63	48	33	2	53	65	57	5	66
chr22	22491461	22491509	49	5	0	49	28	21	14	0	0	0	1	0	3	0	0	3	3	0	0	0	2	0	1	0	1	1	2	1	1	1	0	2	1	3	1	2	1	3
chr22	22491511	22492607	1097	5	0	1097	657	440	74	31	27	65	40	36	48	40	32	21	29	36	51	30	45	51	46	25	3	44	47	24	5	34	29	27	4	33	42	34	4	38
chr22	22492609	22492634	26	5	0	26	10	16	0	0	0	1	0	2	1	2	0	0	1	1	1	1	0	0	1	1	1	0	1	1	1	1	2	3	0	1	1	0	0	0
chr22	22492636	22492857	222	5	0	222	107	115	9	5	7	8	11	8	15	1	4	5	9	5	5	6	7	2	6	8	2	8	16	5	1	14	7	12	2	9	5	11	1	6
chr22	22492859	22492885	27	5	0	27	10	17	0	0	0	0	0	2	2	1	0	2	2	1	0	0	0	0	1	1	0	2	0	1	2	0	3	0	1	0	1	0	1	2
chr22	22492887	22496105	3219	5	0	3219	1874	1345	222	103	123	166	120	94	133	105	127	60	120	94	144	65	92	105	113	85	21	103	140	79	15	121	76	95	20	75	123	97	12	169
chr22	22496107	22496364	258	5	0	258	136	122	28	6	6	5	9	16	12	8	3	6	15	7	6	1	3	4	9	9	0	11	16	7	0	11	11	7	3	6	9	11	3	8
chr22	22496366	22496388	23	5	0	23	9	14	0	0	0	1	0	2	2	0	0	0	1	1	1	1	0	0	1	0	1	1	1	1	0	1	0	2	1	1	1	1	0	0
chr22	22496390	22496817	428	5	0	428	260	168	44	14	16	19	15	16	13	10	13	3	13	15	21	12	17	18	14	9	2	21	17	18	0	17	9	10	0	7	14	15	0	14
chr22	22496819	22497208	390	5	0	390	198	192	31	6	11	11	13	13	18	10	9	8	22	12	6	10	11	5	8	12	5	12	17	15	5	21	14	13	5	14	15	18	3	15
chr22	22497224	22498764	1541	5	0	1541	1003	538	180	63	62	85	67	36	44	55	61	20	37	44	81	45	45	76	64	39	8	53	49	26	6	45	26	25	3	32	63	36	5	58
chr22	22498766	22498793	28	5	0	28	19	9	7	1	1	1	1	0	1	0	1	0	0	1	0	1	1	2	1	0	0	1	1	0	0	1	0	2	0	0	0	1	0	1
chr22	22498794	22500365	1572	5	0	1572	926	646	153	45	49	81	67	43	56	51	47	30	50	42	62	42	43	63	59	42	13	46	68	37	14	56	37	49	14	42	53	47	15	54
chr22	22500368	22501033	666	5	0	666	370	296	55	16	17	25	26	31	34	12	20	11	29	15	13	13	19	32	27	18	3	23	28	14	5	29	24	24	5	21	24	20	5	26
chr22	22501036	22504440	3405	5	0	3405	2019	1386	267	106	118	179	147	108	137	110	111	58	108	82	145	91	97	153	143	81	22	117	131	76	22	111	105	89	21	109	123	94	19	123
chr22	22504442	22505394	953	5	0	953	575	378	69	35	39	47	39	36	32	38	42	16	28	27	39	19	28	40	48	26	1	31	39	20	4	31	16	24	1	23	42	25	4	42
chr22	22505396	22505435	40	5	0	40	24	16	5	1	1	1	2	2	1	0	0	0	1	0	1	3	3	1	2	0	2	2	2	0	0	0	2	2	0	2	0	0	0	2
chr22	22505437	22505575	139	5	0	139	63	76	5	1	3	3	4	6	12	3	3	3	10	3	1	2	2	1	3	3	0	5	7	4	2	6	10	7	1	8	5	5	1	8
chr22	22505576	22506048	473	5	0	473	285	188	36	5	16	28	11	16	21	11	18	8	25	16	20	14	16	22	14	8	0	21	17	8	3	12	9	10	4	15	20	14	3	30
chr22	22506054	22507554	1501	5	0	1501	869	632	86	39	63	77	63	40	64	60	55	30	68	55	62	32	32	42	51	39	5	46	61	32	5	61	42	31	3	48	73	57	5	72
chr22	22507556	22507675	120	5	0	120	74	46	16	5	4	7	8	3	1	4	6	1	5	3	3	3	4	0	4	5	0	2	4	3	1	5	2	3	0	1	6	2	1	6
chr22	22507677	22507743	67	5	0	67	42	25	6	2	2	5	3	0	4	3	5	0	1	2	1	2	1	4	2	1	0	1	1	2	0	3	2	1	0	3	5	2	0	1
chr22	22507745	22510520	2776	5	0	2776	1415	1361	168	82	110	110	92	62	135	62	102	60	94	54	108	54	53	68	84	73	33	68	101	132	56	125	90	108	82	98	76	102	31	101
chr22	22510521	22512567	2047	5	0	2047	1285	762	182	49	87	126	82	53	71	84	88	35	54	64	92	59	59	98	77	46	10	63	60	38	8	65	55	40	8	51	98	47	4	92
chr22	22512568	22512965	398	5	0	398	253	145	42	11	17	21	12	12	10	16	14	11	7	14	23	9	11	23	14	9	5	15	15	11	2	9	6	7	0	5	14	10	5	16
chr22	22512976	22513483	508	5	0	508	306	202	40	6	17	32	22	22	25	17	17	9	13	12	16	20	13	23	20	9	3	25	19	6	1	6	25	9	5	23	23	8	5	15
chr22	22513485	22513631	147	5	0	147	67	80	7	4	4	4	4	4	9	2	6	3	7	1	2	2	5	3	2	5	1	4	9	9	1	8	3	8	4	7	5	4	2	6
chr22	22513633	22513692	60	5	0	60	27	33	1	0	2	1	2	5	3	3	0	1	3	4	1	1	0	0	1	2	0	3	6	3	0	2	2	2	0	2	4	3	0	1
chr22	22513694	22513765	72	5	0	72	49	23	10	1	6	5	3	3	1	3	3	1	1	3	6	0	0	2	3	0	0	2	4	1	0	0	0	2	0	2	3	1	0	4
chr22	22513767	22513803	37	5	0	37	21	16	3	2	2	1	1	0	2	1	2	1	2	1	1	0	0	1	1	2	0	0	0	1	0	3	1	1	0	0	2	1	0	3
chr22	22513805	22514168	364	5	0	364	206	158	21	15	18	10	18	8	18	12	18	12	11	8	7	5	14	10	16	3	2	18	10	6	3	12	11	9	0	18	20	13	3	13
chr22	22514174	22514448	275	5	0	275	157	118	28	15	11	9	19	10	10	11	11	7	6	5	4	4	3	3	17	7	5	6	9	2	5	9	14	7	0	7	10	9	2	8
chr22	22514453	22514884	432	5	0	432	236	196	26	9	20	16	13	18	23	22	19	15	8	13	13	7	7	7	24	9	3	13	18	9	4	13	14	13	4	15	20	13	5	17
chr22	22514895	22515213	319	5	0	319	173	146	13	9	12	11	10	7	18	12	15	6	17	13	8	6	6	8	12	7	0	9	14	14	0	14	8	4	2	10	13	17	2	20
chr22	22515225	22516296	1072	5	0	1072	619	453	85	31	44	46	53	41	38	43	42	24	50	36	26	15	20	23	50	27	6	28	41	23	4	36	32	24	2	28	54	30	8	60
chr22	22516298	22516779	482	5	0	482	270	212	25	14	21	15	15	16	26	20	20	10	20	17	15	12	11	12	22	8	1	21	19	14	1	16	16	9	2	15	20	19	2	26
chr22	22516781	22516820	40	5	0	40	23	17	8	3	3	0	2	0	2	0	4	1	0	0	0	0	0	0	2	0	0	1	0	1	2	2	0	2	0	0	1	2	0	2
chr22	22516822	22517876	1055	5	0	1055	653	402	79	33	36	54	46	33	38	49	25	15	37	42	53	29	21	61	58	26	4	23	30	20	1	41	31	19	3	27	47	27	4	41
chr22	22517877	22518281	405	5	0	405	199	206	46	3	7	12	7	13	18	10	5	9	21	15	9	8	8	7	9	7	5	12	15	15	15	14	11	24	15	13	13	13	9	15
chr22	22518283	22518318	36	5	0	36	25	11	3	3	1	1	2	1	0	1	1	0	1	2	2	1	3	2	2	0	0	3	1	0	0	0	0	0	0	0	1	1	0	2
chr22	22518320	22518476	157	5	0	157	112	45	32	6	10	12	9	0	4	5	7	2	0	1	12	8	1	2	11	2	0	3	5	3	0	4	1	4	0	1	1	3	0	6
chr22	22518478	22518494	17	5	0	17	11	6	2	1	0	2	1	0	0	0	1	0	0	0	1	0	0	1	1	0	0	0	1	3	0	0	0	0	0	0	0	1	0	0
chr22	22518496	22518785	290	5	0	290	127	163	11	5	7	5	7	13	19	5	7	5	20	7	3	6	6	1	7	11	1	10	16	11	4	16	11	15	7	14	10	10	6	12
chr22	22518786	22519294	509	5	0	509	321	188	51	16	16	23	17	21	18	24	15	6	11	13	22	15	9	42	26	15	1	16	21	13	1	14	11	12	1	12	23	9	1	12
chr22	22519296	22519320	25	5	0	25	11	14	0	0	0	1	0	2	2	0	0	0	2	1	1	1	0	0	1	1	0	1	1	0	0	1	1	1	1	2	1	0	1	1
chr22	22519322	22519945	624	5	0	624	352	272	43	14	30	33	23	18	29	14	21	9	22	14	34	18	7	21	17	15	4	24	24	17	7	24	21	21	10	22	22	19	7	18
chr22	22519947	22519993	47	5	0	47	27	20	0	1	3	3	3	0	3	0	3	1	1	1	1	2	2	1	1	1	0	3	1	2	0	2	3	0	0	1	1	2	0	3
chr22	22519995	22520153	159	5	0	159	91	68	13	6	4	6	6	5	9	5	7	1	8	5	3	1	8	4	3	1	0	9	6	1	0	3	9	4	1	8	7	4	1	9
chr22	22520155	22520194	40	5	0	40	17	23	1	0	5	0	2	1	1	0	3	1	3	0	0	0	0	0	1	1	0	0	2	1	0	3	0	0	1	5	0	5	1	1
chr22	22520196	22520449	254	5	0	254	130	124	18	6	15	10	14	5	15	2	13	7	8	7	4	1	2	3	5	3	3	8	10	8	4	11	9	10	4	12	12	13	1	9
chr22	22520451	22520469	19	5	0	19	10	9	0	1	0	1	2	0	2	0	1	0	1	1	0	0	0	0	0	1	0	0	1	0	0	1	0	0	0	2	2	1	0	0
chr22	22520471	22520667	197	5	0	197	87	110	5	4	6	1	5	7	12	7	6	5	17	5	0	2	3	1	8	3	0	7	10	14	1	11	7	6	2	7	7	12	1	13
chr22	22520674	22521199	526	5	0	526	271	255	33	10	25	20	17	16	23	12	23	11	31	12	15	8	5	8	15	14	3	13	18	32	6	32	13	13	2	16	23	29	3	23
chr22	22521201	22521227	27	5	0	27	13	14	1	2	0	0	2	0	2	2	0	1	1	0	0	0	1	0	1	1	0	1	3	0	0	1	0	3	0	1	1	0	0	1
chr22	22521229	22521603	375	5	0	375	202	173	32	4	19	12	14	11	19	6	14	9	13	7	8	13	8	11	11	14	3	9	14	14	3	22	10	15	3	12	16	10	1	16
chr22	22521605	22522548	944	5	0	944	543	401	86	22	46	40	28	28	43	29	50	17	33	21	30	13	29	26	31	21	5	23	28	21	6	49	35	27	4	30	34	35	3	49
chr22	22522551	22522599	49	5	0	49	40	9	14	1	0	6	2	1	0	2	0	2	2	0	4	0	0	4	3	1	0	0	1	0	0	0	0	0	0	0	2	0	0	2
chr22	22522601	22522923	323	5	0	323	157	166	14	10	9	5	11	10	22	9	8	8	18	10	5	7	6	4	8	8	2	17	18	10	3	16	11	14	3	10	15	14	4	12
chr22	22522925	22522967	43	5	0	43	18	25	0	1	1	0	2	2	3	0	0	1	5	2	0	0	0	0	0	1	1	1	1	1	1	2	4	1	0	3	3	2	0	3
chr22	22522969	22523986	1018	5	0	1018	531	487	63	25	43	35	32	38	53	30	41	22	40	30	31	12	22	13	35	23	10	29	50	26	12	45	27	46	15	35	41	38	5	49
chr22	22535906	22536766	861	5	0	861	521	340	81	28	24	54	38	34	31	19	22	14	29	14	47	27	23	35	38	27	5	32	29	29	8	26	26	17	3	20	29	19	2	29
chr22	22536769	22536809	41	5	0	41	32	9	6	0	1	7	2	0	0	1	1	0	1	3	5	0	0	3	0	0	0	0	1	2	0	1	0	0	0	0	2	2	0	1
chr22	22536811	22537436	626	5	0	626	365	261	33	21	32	31	25	17	23	36	25	9	22	20	34	8	7	20	23	13	3	16	26	20	2	20	24	18	1	19	28	17	2	29
chr22	22537438	22537484	47	5	0	47	35	12	8	1	2	4	2	1	1	0	2	1	1	1	4	1	2	3	2	0	0	1	0	0	0	1	0	1	0	1	2	0	0	3
chr22	22537488	22537662	175	5	0	175	92	83	21	3	4	0	3	9	11	4	2	5	11	3	2	5	6	1	3	4	1	14	9	4	0	5	7	5	2	8	8	5	3	5
chr22	22537663	22537692	30	5	0	30	14	16	1	2	0	1	2	0	3	1	0	1	2	0	0	0	0	0	1	1	0	1	2	1	0	2	1	2	0	1	1	1	0	1
chr22	22537694	22537767	74	5	0	74	31	43	3	0	3	1	4	7	3	1	0	0	5	2	0	1	1	0	3	4	0	1	6	3	0	5	3	5	0	4	3	2	0	2
chr22	22537769	22537790	22	5	0	22	15	7	5	1	1	0	0	0	1	2	1	1	0	0	0	2	0	0	2	1	0	1	0	0	0	0	0	0	0	0	1	0	0	1
chr22	22537792	22538117	326	5	0	326	161	165	24	11	8	8	15	12	17	7	6	4	18	10	7	5	5	3	10	9	3	10	17	11	5	16	14	18	5	9	10	11	3	13
chr22	22538118	22538136	19	5	0	19	13	6	1	1	0	1	0	0	0	0	1	0	1	2	1	0	2	3	0	0	0	1	0	0	0	1	0	0	0	0	0	1	0	1
chr22	22538138	22540757	2620	5	0	2620	1520	1100	197	82	91	128	108	81	112	106	84	38	84	75	109	68	54	103	116	61	16	76	115	73	15	91	82	78	17	77	94	82	10	95
chr22	22540758	22541841	1084	5	0	1084	577	507	59	18	22	47	30	44	57	22	22	23	48	36	36	26	39	47	25	33	13	40	67	33	9	39	29	37	11	41	32	45	7	45
chr22	22541843	22541926	84	5	0	84	31	53	0	1	1	1	1	5	8	1	2	1	7	2	0	0	0	0	1	1	2	3	3	2	3	4	7	6	3	4	4	3	2	4
chr22	22541928	22543480	1553	5	0	1553	827	726	84	42	56	48	61	57	72	52	47	28	84	45	38	32	43	37	54	38	12	55	69	40	8	72	58	54	9	51	61	57	10	77
chr22	22543482	22543501	20	5	0	20	7	13	0	0	0	0	0	1	2	0	0	0	2	1	0	0	0	0	0	1	0	0	2	1	1	0	0	0	1	3	1	1	0	1
chr22	22543503	22543534	32	5	0	32	21	11	3	1	2	2	2	0	2	0	2	1	1	0	2	2	0	0	2	1	0	1	1	1	0	0	0	0	0	0	1	0	0	3
chr22	22543535	22543619	85	5	0	85	53	32	6	1	4	7	4	1	5	0	4	0	3	2	4	1	3	7	1	1	1	0	0	1	0	4	6	2	0	6	2	1	1	5
chr22	22543620	22543746	127	5	0	127	75	52	3	5	3	5	3	1	3	11	7	4	5	5	3	2	4	9	4	4	0	4	6	4	1	6	1	0	0	1	7	9	1	4
chr22	22543747	22544200	454	5	0	454	223	231	33	13	6	14	20	18	32	5	9	12	28	8	5	10	8	1	19	15	5	14	22	13	4	21	16	18	7	19	18	15	4	20
chr22	22544202	22544241	40	5	0	40	24	16	6	0	1	3	1	4	1	0	1	1	0	0	2	1	2	1	2	2	0	1	3	1	0	0	0	1	0	2	1	0	0	1
chr22	22544243	22544580	338	5	0	338	177	161	27	11	12	7	17	13	20	3	6	7	14	6	8	6	12	6	14	9	1	13	17	7	3	14	12	18	3	17	11	7	1	14
chr22	22544582	22544606	25	5	0	25	10	15	0	0	1	0	1	1	1	0	0	1	2	0	0	0	2	0	0	1	0	1	2	0	0	3	0	1	0	2	1	3	0	0
chr22	22544608	22545247	640	5	0	640	325	315	47	13	12	21	21	24	38	24	12	9	44	16	13	15	7	7	16	16	5	24	31	17	8	31	22	30	4	28	38	24	3	18
chr22	22545249	22545795	547	5	0	547	302	245	45	11	24	19	18	19	32	18	16	14	13	16	19	12	16	9	21	11	7	17	19	13	2	23	27	14	3	28	20	20	2	17
chr22	22545796	22545839	44	5	0	44	19	25	1	0	2	1	3	2	1	1	0	2	3	0	0	2	0	0	2	2	0	2	4	2	0	2	0	3	1	2	1	1	1	1
chr22	22545843	22546164	322	5	0	322	159	163	21	6	11	4	9	12	13	15	7	6	23	9	5	3	10	4	9	8	0	10	20	17	0	16	11	14	0	12	10	14	2	19
chr22	22546166	22546184	19	5	0	19	10	9	3	0	0	1	0	0	1	1	1	0	0	1	0	0	1	1	0	0	0	0	1	1	0	1	0	2	0	1	1	0	0	0
chr22	22546187	22546239	53	5	0	53	32	21	12	0	1	1	2	1	3	0	0	3	4	0	1	1	0	1	1	1	1	2	2	1	1	1	1	1	0	2	2	2	0	3
chr22	22546242	22546267	26	5	0	26	10	16	0	1	0	0	1	3	1	0	0	0	2	2	0	0	0	0	0	0	1	1	1	0	1	0	2	2	1	1	2	0	1	1
chr22	22546269	22548329	2061	5	0	2061	1041	1020	78	49	78	57	63	82	123	76	71	52	79	51	50	47	45	38	85	62	10	73	93	95	16	106	79	73	9	65	88	80	5	81
chr22	22548331	22548369	39	5	0	39	21	18	0	0	3	2	0	0	1	2	3	0	1	2	2	1	1	2	0	1	1	0	2	1	1	1	1	1	0	2	0	3	0	3
chr22	22548371	22552405	4035	5	0	4035	2178	1857	233	92	177	143	134	132	204	156	152	73	164	116	126	98	85	93	141	104	18	131	171	142	22	191	147	121	18	144	167	160	14	164
chr22	22552407	22555993	3587	5	0	3587	1939	1648	213	91	157	148	141	121	172	107	140	81	132	92	114	69	78	81	137	94	15	116	173	139	23	171	99	117	15	103	132	156	9	149
chr22	22555995	22557892	1898	5	0	1898	833	1065	86	43	55	41	59	68	105	37	57	53	108	28	24	26	30	12	44	66	26	54	99	118	39	106	65	89	43	69	61	89	28	68
chr22	22557894	22557932	39	5	0	39	13	26	0	0	1	0	0	2	0	2	2	0	2	2	0	0	0	0	0	2	0	0	4	12	0	2	0	0	0	0	0	4	0	2
chr22	22557934	22558668	735	5	0	735	252	483	17	9	29	4	5	40	20	20	35	15	34	11	3	4	4	1	21	38	4	5	49	168	11	53	9	18	10	1	6	58	3	28
chr22	22558680	22558825	146	5	0	146	51	95	2	2	4	0	1	7	11	1	5	9	5	3	0	0	0	0	4	5	4	5	10	18	6	6	4	5	3	2	3	11	1	7
chr22	22558827	22558841	15	5	0	15	6	9	0	0	1	0	1	0	1	0	0	0	2	0	0	0	0	0	0	0	0	0	0	2	0	1	0	0	0	2	2	1	0	0
chr22	22558843	22558918	76	5	0	76	32	44	3	0	3	2	2	1	3	1	1	1	2	3	2	3	3	0	0	3	0	2	5	9	2	3	2	6	3	1	0	1	1	6
chr22	22558919	22559016	98	5	0	98	38	60	1	4	2	3	1	1	4	0	4	2	7	1	4	2	0	0	1	4	1	3	3	14	7	2	1	1	5	3	2	7	1	5
chr22	22559018	22559572	555	5	0	555	218	337	18	10	19	7	12	13	34	7	21	18	31	7	2	8	7	3	16	11	8	14	17	51	18	41	17	29	19	19	16	36	7	17
chr22	22559574	22559833	260	5	0	260	116	144	11	8	4	6	8	8	16	17	7	5	6	9	3	0	3	4	10	7	3	2	15	19	4	10	17	14	4	11	7	9	5	6
chr22	22559835	22559899	65	5	0	65	32	33	4	3	3	1	2	2	4	1	4	1	6	0	0	0	0	0	2	2	0	1	0	3	0	5	3	2	0	3	4	1	2	4
chr22	22559901	22560218	318	5	0	318	165	153	23	12	18	5	12	10	17	6	13	6	14	5	10	7	3	4	13	7	4	9	11	11	5	15	9	11	2	16	12	13	1	12
chr22	22560223	22560580	358	5	0	358	173	185	10	6	8	12	11	10	19	19	10	11	24	15	5	2	4	6	10	7	2	10	19	12	3	22	14	14	4	7	16	23	5	16
chr22	22560581	22560701	121	5	0	121	51	70	9	1	3	1	4	3	5	3	2	2	13	2	0	1	0	0	0	1	1	5	5	4	5	4	6	8	6	6	4	5	4	6
chr22	22560703	22560770	68	5	0	68	37	31	9	2	0	3	1	2	4	2	1	2	1	0	3	2	4	1	3	3	0	1	3	3	1	3	2	3	1	2	1	1	0	2
chr22	22560772	22560801	30	5	0	30	15	15	0	1	1	0	1	1	2	1	0	1	1	3	1	0	1	0	1	1	0	0	2	0	0	2	0	1	0	1	2	2	0	2
chr22	22560803	22563374	2572	5	0	2572	1542	1030	222	71	102	139	114	82	92	104	89	48	86	66	109	51	47	119	110	57	11	74	96	72	11	84	78	62	8	76	108	72	18	92
chr22	22563376	22563403	28	5	0	28	13	15	1	1	0	1	1	0	3	1	1	3	0	0	0	0	0	0	2	0	1	1	0	2	0	0	2	0	1	1	1	1	0	2
chr22	22563405	22570407	7003	5	0	7003	3831	3172	431	174	298	269	247	224	365	232	300	171	286	187	194	117	159	176	245	196	31	214	299	234	30	311	246	171	31	220	279	273	28	363
chr22	22570409	22571320	912	5	0	912	486	426	58	26	34	26	30	37	41	49	34	23	28	23	23	17	14	22	45	30	5	23	46	43	5	40	29	23	4	24	36	38	4	30
chr22	22571321	22571909	589	5	0	589	277	312	24	8	23	16	20	22	37	12	12	15	25	15	15	11	15	7	19	18	4	15	34	28	6	35	25	29	6	24	13	28	2	24
chr22	22571910	22571953	44	5	0	44	26	18	4	0	4	0	0	0	0	1	4	0	11	1	0	0	0	0	0	0	0	0	1	0	0	0	0	0	0	0	0	1	0	15
chr22	22571954	22572030	77	5	0	77	42	35	9	0	12	0	0	0	0	0	13	0	7	0	0	0	0	0	0	0	0	0	0	6	0	9	0	0	0	0	0	9	0	10
chr22	22572031	22573717	1687	5	0	1687	880	807	76	37	83	50	60	39	74	54	73	47	94	43	37	32	44	35	40	51	6	58	77	71	11	90	46	42	8	50	64	85	9	99
chr22	22573719	22577070	3352	5	0	3352	1857	1495	219	91	135	138	132	91	144	129	134	70	156	97	98	48	78	96	112	78	11	100	152	127	14	155	90	97	11	90	141	146	2	168
chr22	22577071	22578494	1424	5	0	1424	818	606	125	44	56	56	51	59	67	43	66	20	52	35	40	28	21	53	58	38	8	47	65	34	12	47	41	37	5	41	56	49	7	61
chr22	22578495	22578607	113	5	0	113	92	21	6	5	0	5	3	0	0	15	7	0	0	0	0	2	1	47	6	0	0	0	1	0	0	0	4	1	0	1	7	0	0	0
chr22	22578632	22579105	474	5	0	474	268	206	34	12	13	11	11	13	23	17	13	8	26	12	12	8	15	39	11	8	3	19	19	9	4	18	17	18	4	16	17	15	3	24
chr22	22579125	22585886	6762	5	0	6762	3915	2847	538	182	263	320	243	221	292	260	260	139	262	182	262	118	134	238	300	160	32	168	269	185	33	265	194	180	30	188	254	227	31	330
chr22	22585887	22585897	11	5	0	11	6	5	2	0	2	0	0	0	0	0	2	0	0	0	0	0	0	0	0	0	0	0	0	0	0	1	0	0	0	0	0	2	0	0
chr22	22585898	22593837	7940	5	0	7940	4335	3605	541	199	321	296	257	275	400	263	310	185	366	198	249	130	164	181	288	212	36	252	343	265	42	358	243	212	30	263	321	319	42	377
chr22	22593839	22625279	31441	5	0	31441	17360	14081	1940	794	1150	1243	1084	1121	1588	1164	1158	709	1295	827	944	623	677	1042	1330	805	158	953	1330	998	171	1322	990	930	132	972	1307	1088	131	1463
chr22	22625280	22637422	12143	5	0	12143	5512	6631	476	237	385	244	321	505	807	358	334	324	592	246	212	143	189	138	381	415	105	308	672	681	144	696	523	592	128	489	415	505	96	480
chr22	22637427	22637472	46	5	0	46	17	29	1	0	2	1	1	1	4	1	1	1	2	0	1	1	0	0	1	2	0	0	2	5	1	4	2	3	1	2	1	2	0	1
chr22	22637474	22644882	7409	5	0	7409	3181	4228	232	121	215	123	194	322	528	177	171	208	395	147	94	88	97	69	238	227	73	201	372	407	165	419	358	413	100	333	253	316	70	281
chr22	22644884	22674223	29340	5	0	29340	14247	15093	1208	600	894	792	778	1265	1872	983	917	794	1425	712	592	382	459	573	1164	889	164	824	1504	1511	257	1526	1030	1166	164	1046	1200	1232	161	1254
chr22	22674225	22674693	469	5	0	469	271	198	35	13	22	23	17	19	19	16	28	7	25	6	13	6	8	13	17	5	1	22	10	17	1	18	24	5	3	7	20	19	1	27
chr22	22674694	22680971	6278	5	0	6278	3587	2691	443	159	271	266	265	234	257	238	242	152	247	173	190	118	123	207	276	153	35	200	260	165	37	215	185	150	23	178	273	209	27	305
chr22	22680973	22682601	1629	5	0	1629	836	793	50	35	42	42	35	114	103	95	41	40	73	27	43	33	20	42	135	33	7	47	53	52	1	84	102	50	3	43	57	56	5	64
chr22	22682602	22682813	212	5	0	212	119	93	6	0	1	6	2	38	5	26	0	1	5	0	5	9	0	14	40	2	2	4	1	0	0	4	27	3	2	1	4	0	0	2
chr22	22682816	22685938	3123	5	0	3123	1481	1642	81	59	100	61	64	181	220	141	103	86	147	40	53	34	44	65	174	74	13	99	145	150	12	167	166	129	12	125	122	121	13	120
chr22	22685947	22689171	3225	5	0	3225	1580	1645	104	61	95	103	105	115	228	121	100	118	157	75	54	37	52	55	133	85	14	99	175	140	11	168	119	128	7	115	142	141	16	150
chr22	22689177	22689645	469	5	0	469	272	197	35	8	20	29	18	17	15	17	19	12	16	10	20	9	9	18	12	18	3	13	23	19	2	17	10	9	2	11	21	15	1	19
chr22	22689646	22692687	3042	5	0	3042	1499	1543	98	81	116	65	89	126	206	116	110	89	144	71	63	45	44	36	140	95	14	92	146	128	16	156	116	97	11	116	135	127	7	145
chr22	22692688	22726122	33435	5	0	33435	17763	15672	1766	834	1174	1200	1088	1217	1917	1192	1253	829	1488	908	866	509	605	916	1334	905	166	984	1501	1317	143	1575	1098	989	96	1085	1481	1325	133	1539
chr22	22726123	22732421	6299	5	0	6299	3738	2561	448	163	277	323	218	205	272	204	274	102	222	188	271	154	130	287	254	125	36	208	211	155	35	244	175	140	20	171	259	225	23	278
chr22	22732423	22740080	7658	5	0	7658	4099	3559	397	184	276	296	231	276	447	272	296	181	355	207	229	122	111	218	307	209	23	224	325	299	37	367	242	206	34	246	352	314	22	351
chr22	22740082	22751781	11700	5	0	11700	6197	5503	591	273	410	430	400	411	660	438	422	328	554	283	291	192	208	305	496	313	51	344	532	451	41	534	358	345	59	391	524	449	51	563
chr22	22751782	22760934	9153	5	0	9153	4683	4470	405	221	312	287	289	375	577	297	322	238	408	244	209	118	125	254	377	281	37	257	431	408	50	467	324	277	37	312	406	390	30	386
chr22	22760935	22775246	14312	5	0	14312	7479	6833	700	335	481	492	428	576	867	499	544	359	638	400	336	216	279	329	608	392	71	414	664	574	57	675	472	407	57	500	626	597	41	676
chr22	22775250	22780551	5302	5	0	5302	3366	1936	526	175	209	332	228	127	153	203	239	75	161	140	249	118	143	286	215	116	23	141	185	108	24	152	116	109	18	113	195	136	25	260
chr22	22780553	22799504	18952	5	0	18952	10319	8633	1159	453	679	791	639	649	1019	628	689	401	794	536	596	338	373	573	686	501	103	551	831	655	105	833	629	558	117	644	789	710	83	838
chr22	22799506	22804337	4832	5	0	4832	2491	2341	190	116	160	164	154	174	306	183	172	130	226	151	113	66	73	112	215	116	13	142	215	206	21	245	158	159	15	156	229	205	23	222
chr22	22804339	22804958	620	5	0	620	420	200	61	19	25	38	22	17	20	28	21	9	17	22	38	21	11	50	39	13	1	13	9	4	0	20	14	6	2	10	25	10	3	30
chr22	22804959	22806185	1227	5	0	1227	800	427	145	37	44	80	48	39	39	45	53	14	33	37	61	31	36	56	55	26	1	40	38	11	5	38	23	26	2	25	55	29	4	49
chr22	22806186	22808242	2057	5	0	2057	1282	775	194	56	95	117	88	58	68	92	95	43	70	54	85	41	39	87	78	40	11	69	70	28	9	53	60	31	5	58	98	60	11	92
chr22	22808244	22808312	69	5	0	69	28	41	0	1	1	0	2	5	7	1	0	1	7	3	0	0	0	0	2	1	0	4	4	1	0	2	7	3	0	4	2	4	0	5
chr22	22808313	22818798	10486	5	0	10486	5369	5117	494	251	358	325	330	395	628	363	358	309	439	257	245	157	227	231	442	304	44	322	503	465	56	538	359	336	36	349	413	457	50	443
chr22	22818806	22822002	3197	5	0	3197	1601	1596	126	70	107	82	79	129	214	109	109	82	150	94	72	44	55	77	128	91	11	96	146	146	18	173	117	109	13	113	140	137	14	144
chr22	22822003	22822328	326	4	0	326	139	187	7	5	8	3	7	19	23	16	8	9	15	11	1	1	1	4	12	11	3	8	23	23	3	18	17	10	1	14	13	23	1	6
chr22	22822330	22822347	18	4	0	18	5	13	0	0	0	0	0	0	3	0	0	1	0	0	0	0	0	0	0	1	0	0	2	1	1	0	2	2	1	1	0	0	0	1
chr22	22822349	22822508	160	4	0	160	67	93	2	4	3	3	3	11	14	2	6	4	10	0	1	1	1	1	7	8	1	4	12	8	0	9	7	10	1	4	4	4	2	11
chr22	22822510	22822540	31	4	0	31	12	19	0	0	2	0	1	2	1	0	1	0	4	0	0	0	0	0	0	1	0	1	1	2	0	2	0	3	0	3	4	0	0	1
chr22	22822542	22822609	68	4	0	68	42	26	6	1	2	5	4	2	4	1	4	2	3	5	0	0	1	1	2	0	2	1	0	0	0	2	3	0	0	1	6	2	0	6
chr22	22822611	22822747	137	4	0	137	57	80	2	0	9	1	4	3	8	3	4	5	11	2	2	0	2	0	1	3	0	4	5	10	2	9	6	7	2	7	6	7	0	10
chr22	22822749	22823345	597	4	0	597	245	352	10	11	11	6	11	20	56	12	7	24	39	12	10	5	3	8	12	21	7	20	33	37	6	46	22	34	6	24	32	30	1	19
chr22	22823347	22823761	415	4	0	415	207	208	13	11	18	11	13	14	23	16	20	10	20	13	7	3	10	4	14	7	8	9	16	15	0	27	23	7	2	16	13	28	2	20
chr22	22823765	22826359	2595	4	0	2595	1615	980	236	89	91	149	95	60	98	105	104	49	89	71	130	55	78	115	115	54	3	81	85	48	8	91	63	41	7	71	95	89	14	114
chr22	22826361	22826380	20	4	0	20	8	12	0	2	0	1	2	0	0	1	0	0	1	0	0	0	0	0	1	1	0	0	1	5	0	0	1	0	0	1	0	1	0	0
chr22	22826382	22827407	1026	4	0	1026	625	401	76	32	48	51	43	30	41	39	39	24	37	38	49	13	16	48	39	27	1	32	38	27	2	32	23	16	1	24	54	28	2	54
chr22	22827409	22827436	28	4	0	28	14	14	0	1	1	1	1	4	1	0	1	0	1	0	1	0	0	1	2	1	0	2	2	1	0	1	0	1	0	1	1	1	0	0
chr22	22827438	22827493	56	4	0	56	35	21	0	1	1	7	2	2	1	6	6	0	2	1	1	1	1	2	3	0	0	1	1	1	1	0	2	0	0	2	5	1	1	2
chr22	22827495	22827769	275	4	0	275	147	128	10	5	12	8	6	12	15	14	12	10	9	13	6	4	7	3	12	8	5	6	7	10	0	13	11	5	1	5	17	8	0	19
chr22	22827771	22828353	583	4	0	583	296	287	36	11	16	21	19	24	40	13	13	10	28	17	14	8	13	11	14	22	2	15	28	19	5	32	27	28	1	26	27	15	2	24
chr22	22828692	22831600	2909	4	0	2909	1895	1014	276	85	113	184	109	74	93	131	122	56	62	79	150	72	100	188	125	77	8	77	88	46	5	74	71	38	5	80	122	52	8	137
chr22	22831601	22832474	874	4	0	874	620	254	100	34	33	77	31	19	17	38	53	4	17	32	61	17	36	49	35	13	1	25	15	6	3	18	13	7	0	12	42	16	0	48
chr22	22832479	22832819	341	4	0	341	176	165	35	4	2	15	3	14	20	4	3	6	18	9	16	5	8	12	6	10	4	9	17	12	8	13	9	17	9	15	9	11	5	11
chr22	22832821	22836963	4143	4	0	4143	2331	1812	244	120	160	175	169	156	192	151	171	103	163	119	115	89	83	121	202	102	30	134	147	133	19	167	126	79	9	106	192	153	20	191
chr22	22836965	22837000	36	4	0	36	27	9	7	2	1	1	0	1	1	1	2	1	0	0	2	2	2	4	2	0	0	3	0	0	0	0	0	0	0	0	1	0	0	1
chr22	22837002	22837208	207	4	0	207	138	69	24	4	13	12	12	4	6	9	11	5	6	9	7	5	4	6	8	3	0	7	5	0	0	3	7	2	0	3	11	3	0	16
chr22	22837209	22840861	3653	4	0	3653	2043	1610	225	95	107	159	115	137	189	124	131	82	162	104	116	77	92	127	159	94	19	119	131	101	22	154	102	101	20	108	173	112	25	169
chr22	22840864	22859328	18465	4	0	18465	10198	8267	1157	497	668	773	620	653	937	665	724	430	779	469	594	312	405	515	756	483	96	556	786	649	76	798	546	479	61	578	787	698	59	857
chr22	22859329	22873823	14495	4	0	14495	8289	6206	933	419	586	594	513	512	647	603	593	332	575	369	493	308	321	490	669	372	75	456	540	412	52	587	445	296	29	404	621	511	54	682
chr22	22873824	22904363	30540	4	0	30540	15528	15012	1336	684	992	977	922	1153	1845	1002	1001	853	1357	753	730	467	581	874	1275	885	132	866	1494	1546	196	1504	978	1004	130	1037	1175	1305	116	1368
chr22	22904366	22904384	19	4	0	19	6	13	0	0	0	0	0	2	1	0	0	1	0	0	0	0	2	0	1	2	0	0	2	2	0	1	0	0	0	2	0	1	0	0
chr22	22904386	22905275	890	4	0	890	408	482	24	26	23	18	30	37	60	26	28	31	41	20	8	7	19	8	35	41	2	23	50	56	7	56	33	30	4	25	35	42	3	40
chr22	22905293	22906085	793	4	0	793	318	475	16	14	22	6	11	21	72	10	25	31	50	15	6	6	5	7	28	22	8	14	46	71	11	53	19	42	6	32	21	46	5	50
chr22	22906087	22906107	21	4	0	21	9	12	0	0	0	0	0	1	2	1	0	2	1	1	0	0	0	0	2	2	0	0	0	1	1	1	0	0	0	0	2	0	1	1
chr22	22906109	22907183	1075	4	0	1075	476	599	28	18	34	19	27	50	67	24	32	40	61	19	12	13	13	18	39	46	11	25	50	82	15	70	27	40	6	35	53	50	4	45
chr22	22907185	22907219	35	4	0	35	11	24	1	2	0	0	1	4	2	0	1	0	0	0	0	0	0	0	1	5	0	0	4	5	2	2	1	1	0	0	0	1	0	0
chr22	22907221	22908747	1527	4	0	1527	730	797	39	41	51	31	42	59	92	61	50	47	62	41	31	24	42	17	58	54	11	47	77	86	7	90	47	65	8	45	72	55	8	65
chr22	22908748	22909001	254	4	0	254	170	84	27	8	9	17	14	7	3	13	10	7	3	7	10	7	10	17	17	6	0	6	7	9	0	5	2	0	0	4	10	6	0	11
chr22	22909005	22909671	667	4	0	667	375	292	37	21	28	26	24	23	33	34	32	20	20	13	18	11	12	21	30	22	4	19	32	14	1	25	19	14	4	23	34	22	3	26
chr22	22909688	22912744	3057	4	0	3057	1465	1592	94	66	104	76	97	153	174	98	102	109	135	78	46	27	55	50	123	111	26	95	162	175	27	153	90	97	12	97	147	134	19	123
chr22	22912745	22915202	2458	4	0	2458	1109	1349	76	47	76	38	57	101	163	84	82	82	137	56	21	25	42	20	87	89	14	65	138	147	19	155	77	90	19	92	104	133	14	106
chr22	22915208	22918106	2899	4	0	2899	1284	1615	54	48	88	51	74	154	189	114	87	101	132	67	26	26	36	36	145	102	23	59	166	211	26	164	99	106	15	110	121	147	8	112
chr22	22918107	22924228	6122	4	0	6122	2627	3495	151	119	187	76	134	267	403	159	181	217	338	121	67	62	77	68	229	236	48	152	348	506	73	406	168	254	35	181	218	339	34	266
chr22	22924229	22927242	3014	4	0	3014	1322	1692	86	48	107	58	80	114	186	74	91	106	175	60	42	27	43	24	87	101	22	85	175	234	35	190	85	124	16	105	108	176	17	131
chr22	22927244	22930201	2958	4	0	2958	1229	1729	56	53	76	40	67	143	209	102	83	92	144	68	19	21	42	14	96	107	30	76	175	230	37	185	116	157	17	114	134	133	24	96
chr22	22930203	22930454	252	4	0	252	105	147	4	6	2	5	4	11	22	6	4	6	9	5	6	4	5	4	7	10	2	8	24	21	2	13	8	19	0	9	4	10	2	8
chr22	22930456	22930480	25	4	0	25	13	12	1	2	1	0	3	0	1	0	0	0	2	0	1	1	0	0	0	1	0	1	2	1	0	0	1	1	0	2	1	0	0	1
chr22	22930482	22932712	2231	4	0	2231	917	1314	37	44	63	31	51	89	180	59	68	68	105	32	19	15	36	20	78	73	16	48	147	189	20	138	77	125	10	118	77	107	9	80
chr22	22932723	22933683	961	4	0	961	389	572	8	14	31	9	23	52	67	33	24	27	42	23	7	12	11	5	41	38	9	17	65	80	8	69	35	57	3	33	33	47	4	32
chr22	22933684	22934731	1048	4	0	1048	424	624	19	12	22	10	16	64	62	46	20	24	61	20	8	14	14	12	50	32	13	19	78	88	8	73	32	72	4	28	28	56	3	38
chr22	22934732	22934834	103	4	0	103	33	70	0	1	1	0	1	6	3	6	1	1	5	4	0	2	2	0	5	4	1	0	6	15	3	9	2	9	3	0	2	6	1	2
chr22	22934836	22934863	28	4	0	28	8	20	0	0	0	0	0	4	2	0	0	0	2	0	0	0	0	0	4	0	0	0	2	5	0	3	0	2	0	0	0	2	0	0
chr22	22934886	22936301	1416	4	0	1416	571	845	31	26	41	20	32	55	112	42	44	29	73	28	11	7	14	6	35	52	5	25	97	128	7	106	56	92	9	57	53	67	3	51
chr22	22936303	22936335	33	4	0	33	15	18	0	1	0	0	0	2	2	3	0	0	1	1	2	0	2	0	2	0	0	1	3	1	0	1	2	2	0	3	0	2	0	0
chr22	22936337	22937716	1380	4	0	1380	797	583	89	36	54	69	49	29	55	69	61	23	48	50	49	32	29	54	58	28	7	27	49	44	11	52	45	31	9	39	50	52	11	69
chr22	22937718	22938283	566	4	0	566	328	238	35	16	26	21	19	15	20	19	27	9	26	13	18	12	15	35	15	16	2	19	21	24	1	28	12	10	1	13	25	24	0	27
chr22	22938296	22939386	1091	4	0	1091	519	572	26	21	38	22	27	56	61	42	36	30	44	38	19	17	24	16	44	46	6	28	68	60	8	60	35	35	1	33	40	55	7	46
chr22	22939390	22940877	1488	4	0	1488	856	632	107	56	69	58	58	54	68	48	81	26	54	38	44	34	32	28	78	29	11	52	48	39	3	65	38	32	5	31	63	55	7	75
chr22	22940879	22940919	41	4	0	41	22	19	1	0	1	2	1	0	2	0	2	3	5	1	0	1	2	1	2	0	0	1	0	0	0	4	0	0	0	0	1	4	0	5
chr22	22940921	22942237	1317	4	0	1317	524	793	17	18	37	9	30	63	115	29	23	40	79	26	11	4	15	8	42	44	3	34	93	110	3	88	55	75	5	71	47	65	3	53
chr22	22942238	22942779	542	4	0	542	221	321	3	11	13	4	12	33	39	14	11	13	31	11	5	5	9	7	24	15	7	16	31	43	5	33	25	25	4	26	18	28	2	17
chr22	22942780	22955024	12245	4	0	12245	6326	5919	581	298	429	416	404	453	675	442	440	275	536	311	299	208	238	321	474	351	64	345	604	513	92	564	431	448	70	399	464	462	66	570
chr22	22955035	22978325	23291	4	0	23291	14015	9276	1829	713	971	1166	984	649	914	913	927	455	706	677	939	531	623	1017	960	574	86	728	934	571	67	752	677	461	51	649	889	718	74	1084
chr22	22978326	22981591	3266	3	0	3266	2066	1200	300	120	161	195	162	69	105	119	124	62	76	90	189	81	84	128	149	73	7	103	105	66	5	114	86	62	11	67	115	89	5	142
chr22	22981592	22991322	9731	3	0	9731	5671	4060	705	302	405	454	387	255	410	365	387	182	366	243	387	216	255	350	370	235	36	314	371	276	42	380	311	243	30	274	365	315	30	468
chr22	22991331	23015411	24081	3	0	24081	14213	9868	1841	744	1023	1078	912	750	1035	909	989	463	791	659	944	551	597	926	1022	597	81	808	988	648	73	837	679	529	56	648	917	772	58	1154
chr22	23015412	23028331	12920	3	0	12920	7174	5746	973	356	478	557	461	431	578	426	429	238	490	307	499	269	292	388	471	351	70	402	568	438	135	467	401	411	124	444	456	408	75	525
chr22	23028332	23036603	8272	3	0	8272	4410	3862	521	212	336	309	285	270	415	267	303	172	333	190	270	130	204	192	266	252	45	221	366	294	74	392	321	298	44	291	284	282	47	384
chr22	23036604	23037028	425	3	0	425	211	214	30	6	19	8	10	20	31	12	16	13	20	8	6	1	5	4	17	8	3	12	17	18	1	23	19	17	1	21	20	16	1	20
chr22	23037030	23037077	48	3	0	48	22	26	2	1	1	1	1	2	2	2	1	0	5	0	1	1	1	1	1	2	0	1	4	2	0	2	1	2	0	3	1	2	0	3
chr22	23037079	23040184	3106	3	0	3106	1490	1616	128	82	87	66	84	125	207	93	97	75	164	72	54	50	59	47	125	99	17	91	158	163	20	181	109	113	18	112	117	147	13	131
chr22	23040189	23040273	85	3	0	85	51	34	11	5	1	1	2	0	5	3	3	2	6	0	3	5	2	0	5	4	0	3	3	1	0	5	1	0	0	1	1	4	0	6
chr22	23040274	23040302	29	3	0	29	23	6	3	1	3	1	1	0	0	0	0	1	0	2	3	1	1	5	1	0	0	2	0	0	0	0	0	0	0	0	0	0	0	2
chr22	23040304	23046228	5925	3	0	5925	3757	2168	551	187	263	345	225	135	211	220	222	112	171	171	348	143	169	284	210	138	24	205	195	102	8	195	142	119	11	142	244	142	17	272
chr22	23046230	23046281	52	3	0	52	24	28	1	0	2	1	3	2	4	0	0	3	2	1	0	1	3	0	2	0	0	4	2	1	0	1	5	2	1	3	0	1	1	4
chr22	23046284	23065534	19251	3	0	19251	9917	9334	1058	503	712	615	669	695	1069	622	711	401	831	462	449	312	392	415	732	543	89	547	929	909	107	953	661	692	99	667	733	754	81	837
chr22	23065535	23069837	4303	3	0	4303	1964	2339	150	101	136	81	125	178	274	134	123	119	206	85	69	51	80	50	159	154	38	98	253	253	43	247	156	197	35	172	143	192	20	179
chr22	23069839	23069878	40	3	0	40	18	22	3	1	2	0	2	3	3	0	1	0	0	0	0	0	2	0	1	1	0	2	2	2	0	2	4	3	0	3	0	0	0	1
chr22	23069880	23070353	474	3	0	474	120	354	3	8	6	2	10	10	25	4	5	15	23	0	1	4	3	0	4	15	9	9	23	44	46	17	16	53	52	23	6	18	9	9
chr22	23070354	23081821	11468	3	0	11468	4922	6546	297	211	353	206	313	503	725	332	290	291	579	210	167	131	188	126	378	366	102	290	625	762	197	691	478	649	171	466	392	499	80	398
chr22	23081822	23308312	226491	3	0	226491	105125	121366	9164	4906	7522	4707	6459	9559	14484	6695	6699	5543	10457	4699	3976	3245	3854	3155	8100	7170	1795	6188	12150	11977	2838	12383	9120	10783	2288	9175	7826	9418	1583	8571
chr22	23308313	23484312	176000	2	0	176000	90355	85645	9661	4298	5967	5927	5591	6670	9542	5656	5716	3959	7096	4013	4885	3130	3601	4642	6617	4971	1373	5096	8229	7899	1941	8024	6207	6864	1470	6169	6407	6359	1102	6916
chr22	23488313	23628312	140000	2	0	140000	68455	71545	6720	3072	4463	3936	4135	5386	7941	4551	4408	3195	6808	3666	2930	2133	2462	2647	4981	4158	916	3731	7226	7286	1519	7327	4680	5641	1193	4810	5126	6273	872	5806
chr22	23628313	23956223	327911	1	0	327911	160987	166924	16978	7661	10498	9040	10409	12707	18582	9640	9713	7689	15202	7574	7077	5467	6574	6174	11562	9974	2438	9551	16409	15364	4096	16437	11566	13956	3438	11954	11801	13012	2452	12914
chr22	23956231	23959951	3721	1	0	3721	1768	1953	132	91	124	88	120	136	212	125	106	101	165	90	77	67	67	67	142	110	35	107	191	193	56	190	137	177	33	118	123	150	36	153
chr22	23959953	23960030	78	1	0	78	30	48	0	2	0	1	0	4	6	1	2	2	4	0	2	2	2	0	2	4	2	2	6	4	3	4	1	5	3	3	2	4	0	3
chr22	23960032	23960695	664	1	0	664	263	401	24	10	23	6	13	27	35	14	21	13	39	17	6	3	8	3	12	23	6	12	36	58	23	42	20	44	12	22	21	34	7	28
chr22	23960712	23965690	4979	1	0	4979	2245	2734	162	101	180	81	120	201	310	137	167	143	245	115	75	71	65	71	177	152	45	142	252	299	87	270	172	201	85	182	167	256	39	207
chr22	23965691	23968745	3055	1	0	3055	1346	1709	123	74	89	63	87	119	157	79	95	96	123	60	45	55	52	28	109	112	49	74	148	182	94	146	88	139	87	106	97	136	46	95
chr22	23968746	23975639	6894	1	0	6894	3320	3574	253	152	194	189	198	330	357	239	190	186	282	162	147	167	128	144	333	219	74	209	322	371	115	327	219	250	106	209	250	295	59	216
chr22	23975641	23981298	5658	1	0	5658	2520	3138	187	112	205	87	133	226	346	154	190	157	284	133	81	76	73	74	190	175	51	155	287	358	110	312	193	245	96	202	189	289	47	239
chr22	23981300	23981322	23	1	0	23	6	17	0	1	0	0	0	2	0	0	0	0	0	0	2	0	0	0	0	2	1	0	2	2	3	0	0	3	3	0	0	0	0	0
chr22	23981324	23982870	1547	1	0	1547	650	897	46	21	39	21	37	57	104	44	31	49	90	29	13	28	29	12	45	50	16	44	88	87	33	89	60	91	30	63	49	69	17	64
chr22	23982872	23982903	32	1	0	32	11	21	0	1	0	1	2	2	1	1	0	1	1	0	0	0	0	0	1	2	0	1	4	5	0	1	1	3	0	0	1	1	0	0
chr22	23982905	23988235	5331	1	0	5331	2723	2608	178	136	183	167	162	318	276	217	183	125	184	128	140	97	83	144	323	159	36	158	255	232	44	239	183	186	27	146	212	193	31	184
chr22	23988236	23992052	3817	1	0	3817	1700	2117	123	68	117	84	99	137	245	100	105	94	195	75	65	56	78	59	111	106	30	108	206	255	61	216	144	207	37	166	120	170	34	144
chr22	23992054	23992481	428	1	0	428	203	225	32	6	17	10	12	18	25	9	11	5	21	8	9	4	8	7	11	8	3	10	21	23	4	29	21	27	2	20	11	19	3	12
chr22	23992492	23992754	263	1	0	263	132	131	10	10	12	5	10	9	14	11	6	9	6	5	11	3	5	5	14	6	1	10	15	15	1	12	9	11	3	7	6	10	1	9
chr22	23992756	23992782	27	1	0	27	13	14	0	0	1	1	0	2	1	0	2	1	1	0	0	1	2	1	1	2	0	1	1	2	0	2	0	0	0	0	0	1	0	2
chr22	23992783	23993865	1083	1	0	1083	558	525	53	28	48	27	50	35	55	31	35	30	56	27	19	18	26	19	47	33	5	26	50	40	1	60	30	39	5	40	43	39	7	59
chr22	23993875	24001082	7208	1	0	7208	4090	3118	509	208	293	322	284	227	329	247	300	137	244	200	239	140	176	235	277	191	32	212	319	216	35	289	217	203	31	213	274	248	32	327
chr22	24001083	24002830	1748	1	0	1748	764	984	56	39	60	27	58	79	102	43	42	34	81	45	26	30	27	15	54	53	21	53	105	114	34	87	69	102	21	68	54	71	14	62
chr22	24002831	24011120	8290	1	0	8290	3986	4304	340	200	302	198	252	353	514	223	298	194	377	178	149	118	158	131	299	251	63	251	454	427	65	442	295	334	54	321	294	376	40	337
chr22	24011121	24013197	2077	1	0	2077	1006	1071	104	51	60	68	53	87	101	50	59	48	73	33	67	37	43	71	73	66	28	57	83	84	59	74	62	95	89	87	73	55	26	59
chr22	24013198	24014420	1223	1	0	1223	742	481	98	38	44	66	45	35	36	46	34	22	47	43	70	29	40	47	52	27	8	37	45	19	9	44	26	33	12	23	40	38	5	63
chr22	24014421	24019120	4700	1	0	4700	2847	1853	465	148	152	241	174	139	172	194	167	69	134	117	201	142	125	206	203	111	27	157	168	99	39	147	130	123	42	119	177	120	30	160
chr22	24019122	24019650	529	1	0	529	280	249	52	10	10	21	19	16	30	13	10	8	27	15	13	13	9	13	12	17	2	16	24	16	5	28	18	25	7	18	24	16	6	14
chr22	24019652	24020837	1186	1	0	1186	720	466	123	26	36	69	46	39	45	42	32	23	43	38	53	26	30	47	45	27	7	35	43	26	9	38	36	29	4	31	48	34	4	50
chr22	24020841	24042819	21979	1	0	21979	12573	9406	1597	663	825	904	838	733	1033	817	798	453	764	530	756	521	592	747	934	574	77	785	928	581	82	868	700	600	61	671	860	704	90	891
chr22	24042820	24052470	9651	1	0	9651	5164	4487	579	250	369	320	344	352	512	310	333	220	403	222	262	204	246	238	426	260	37	302	407	344	49	455	331	320	56	321	354	331	40	452
chr22	24052471	24064512	12042	1	0	12042	6012	6030	571	312	459	295	422	487	724	372	395	275	532	261	250	210	246	200	473	375	67	369	604	474	95	593	474	465	71	506	454	451	65	493
chr22	24064513	24065087	575	1	0	575	303	272	48	16	23	15	20	21	25	20	24	14	21	17	11	10	11	6	26	19	3	13	21	33	7	27	17	14	4	11	22	21	4	29
chr22	24065602	24068962	3361	1	0	3361	1703	1658	162	94	124	92	116	128	194	107	121	70	155	74	73	52	62	79	132	95	17	100	165	110	37	154	139	125	28	134	109	136	28	147
chr22	24068966	24070065	1100	1	0	1100	601	499	72	38	34	47	51	44	56	35	35	26	35	24	33	15	24	32	56	35	5	27	53	42	6	38	38	35	7	36	39	28	4	48
chr22	24070066	24072233	2168	1	0	2168	968	1200	58	42	78	25	53	102	161	71	65	43	115	44	26	30	30	24	84	57	7	69	115	114	23	123	109	115	13	103	79	89	11	88
chr22	24072235	24074017	1783	1	0	1783	906	877	74	34	65	55	57	77	98	82	55	42	75	50	43	24	32	41	65	51	8	53	89	79	10	86	87	56	6	65	73	78	4	67
chr22	24074019	24078955	4937	1	0	4937	2780	2157	346	125	200	200	162	153	251	174	191	96	198	94	173	125	131	159	188	114	16	181	200	158	12	207	175	141	17	169	177	164	15	223
chr22	24078956	24082085	3130	1	0	3130	2038	1092	352	105	120	206	127	76	91	104	126	51	89	70	178	94	95	153	131	69	22	104	91	58	8	89	73	44	9	58	103	75	13	144
chr22	24082086	24087925	5840	1	0	5840	3014	2826	297	142	225	163	199	200	344	197	188	146	271	120	145	111	140	124	206	172	33	188	288	204	21	283	227	221	28	230	219	199	28	279
chr22	24087926	24092687	4762	1	0	4762	2348	2414	222	107	186	106	152	187	310	139	163	102	214	100	86	98	113	61	186	142	17	149	227	210	25	263	203	185	20	208	172	188	16	203
chr22	24092688	24094840	2153	1	0	2153	1088	1065	135	49	62	58	74	104	103	68	52	43	107	52	44	38	50	48	92	57	14	70	101	79	26	101	71	91	29	79	85	80	17	72
chr22	24094843	24110639	15797	1	0	15797	7694	8103	664	387	579	361	489	626	1018	529	506	365	710	301	331	251	333	243	605	480	77	467	813	765	80	847	668	700	66	652	576	561	71	674
chr22	24110640	24110869	230	1	0	230	155	75	27	5	10	15	9	6	12	5	12	4	5	9	10	6	5	13	10	3	0	8	3	3	0	5	6	3	0	3	13	2	0	16
chr22	24110870	24152940	42071	1	0	42071	19795	22276	1563	879	1484	859	1295	1761	2774	1232	1242	986	1952	861	686	638	920	662	1573	1277	207	1207	2295	2229	260	2444	1732	2003	216	1791	1462	1719	173	1687
chr22	24152941	24560531	407591	1	0	407591	210648	196943	23683	10041	14460	13319	13200	14518	22071	12624	13084	8947	16751	9665	11535	7673	8822	10254	14621	11519	2688	12351	19215	17047	4150	19300	13886	16203	3413	14102	14690	14943	2463	16351
chr22	24560532	24590610	30079	2	0	30079	15306	14773	1779	706	999	879	981	1175	1745	851	848	692	1335	701	755	534	638	687	1118	886	168	935	1471	1238	295	1426	1042	1221	215	1180	1121	1084	196	1176
chr22	24590612	25073532	482921	2	0	482921	252398	230523	29822	12020	16413	16295	16255	17838	24959	15412	15363	10455	20738	12065	13110	8998	10154	12500	17698	13685	3425	14504	22462	18674	4951	21878	16227	17809	4195	16393	18077	17796	3259	19489
chr22	25073533	25480532	407000	3	0	407000	210790	196210	23069	10305	13963	13426	13617	15618	21590	13361	13468	8882	17492	9732	10608	7491	8397	9769	15711	11570	2883	12132	18969	16891	3830	18548	14137	14750	3147	14068	15369	15027	2484	16694
chr22	25480533	25603532	123000	4	0	123000	70545	52455	8621	3425	4717	5523	4640	3956	5228	4781	4639	2429	4569	3527	4387	2685	3135	4281	4886	3108	604	3897	5073	3560	647	4528	3658	3085	606	3639	4988	4055	535	5586
chr22	25603533	25801532	198000	5	0	198000	111328	86672	13709	5376	7691	8471	7026	6504	8972	6891	7305	4158	7312	5158	7207	4176	4836	6534	7607	4908	1344	6355	7940	6070	1462	7787	6117	5608	1274	6267	7730	6673	1128	8402
chr22	25801533	25944108	142576	6	0	142576	78295	64281	8594	3781	5456	5563	5028	5069	6797	5435	5296	2994	5710	3828	4476	2765	3217	4286	5756	3814	788	4250	6155	4694	827	6029	4774	4040	697	4627	5643	5157	754	6274
chr22	25944110	25951533	7424	6	0	7424	3807	3617	300	146	295	245	225	324	340	284	283	146	375	197	179	127	140	200	321	202	34	186	331	351	37	403	247	211	54	238	274	358	47	322
chr22	25951534	26244533	293000	7	0	293000	164882	128118	17605	7936	11958	12468	10914	9414	13051	11555	11596	6055	11607	8109	9852	5897	7152	9712	11627	7283	1352	9040	12032	8970	1442	11851	9431	7476	1145	9102	11844	10566	1181	13775
chr22	26244534	26324533	80000	6	0	80000	44637	35363	4851	2094	3364	3380	2961	2601	3491	3044	3228	1595	3172	2179	2649	1568	1934	2525	3048	2000	454	2356	3239	2699	447	3322	2691	2069	335	2527	3119	2940	360	3756
chr22	26324534	26502533	178000	5	0	178000	96465	81535	11110	4902	6802	6479	6325	6379	8588	6179	6584	3802	7173	4428	5274	3490	4043	4905	7130	4802	1172	5469	7714	5951	1374	7570	5773	5403	1222	5968	6855	6453	1080	7599
chr22	26502534	26567332	64799	4	0	64799	34193	30606	4066	1695	2334	2192	2292	2303	3381	2070	2060	1325	2704	1601	1869	1253	1482	1564	2318	1800	440	2018	3019	2312	533	2904	2235	2375	524	2438	2474	2281	393	2542
chr22	26567334	26581338	14005	4	0	14005	7188	6817	813	339	549	430	474	534	721	443	511	307	618	328	333	236	272	279	488	420	102	406	644	576	152	658	508	485	113	500	532	550	85	597
chr22	26581340	26666734	85395	4	0	85395	44196	41199	4873	2146	3128	2747	2816	3045	4337	2668	2979	1809	3866	2235	2226	1517	1817	1986	3059	2476	561	2421	3910	3573	872	4093	2762	3025	748	2809	3135	3375	553	3826
chr22	26666736	26762536	95801	4	0	95801	51201	44600	5389	2445	3643	3558	3267	3409	4615	3454	3565	2082	4102	2492	2814	1690	2108	2568	3491	2676	551	2908	4391	3792	689	4223	3142	2868	544	3082	3721	3761	504	4255
chr22	26762537	26867536	105000	5	0	105000	56043	48957	5511	2724	4164	3833	3695	3608	5184	3841	3952	2351	4348	2757	3074	1928	2263	2809	4025	2866	651	3069	4603	4191	773	4627	3569	3148	513	3514	4131	3989	537	4750
chr22	26867537	26962536	95000	6	0	95000	52966	42034	5867	2530	3727	4102	3462	3128	4244	3462	3686	1932	3910	2593	3211	1829	2189	3093	3536	2384	555	2944	4014	3164	562	3895	2972	2576	451	2859	3774	3510	464	4373
chr22	26962537	27038895	76359	7	0	76359	42164	34195	4124	1914	3045	2973	2593	2708	3422	3326	3001	1556	3051	2357	2338	1526	1756	2474	2997	1967	398	2341	3437	2585	355	3134	2423	2059	284	2248	3191	2900	323	3551
chr22	27038897	27140436	101540	7	0	101540	55045	46495	5418	2621	3967	3806	3534	3566	4903	4011	3939	2169	4296	2780	2921	1951	2270	2892	4103	2598	593	3013	4388	3563	587	4367	3503	2891	459	3245	4020	3852	501	4811
chr22	27140438	27153720	13283	7	0	13283	7388	5895	836	352	484	562	475	527	631	528	498	253	500	342	425	259	326	390	568	360	62	401	563	374	64	527	511	362	59	449	518	432	79	564
chr22	27153721	27199537	45817	7	0	45817	25198	20619	2662	1166	1941	1791	1640	1488	2070	1775	1897	918	1853	1283	1361	845	1013	1495	1708	1128	235	1346	2038	1606	242	1965	1434	1241	229	1494	1792	1876	212	2071
chr22	27199538	27213822	14285	6	0	14285	7809	6476	803	373	593	575	536	491	665	513	567	300	578	390	438	257	291	438	544	357	97	423	608	490	103	585	474	406	73	479	579	532	85	640
chr22	27213824	27530538	316715	6	0	316715	168634	148081	16961	8045	12216	11490	11106	11240	15633	11726	11738	6972	13397	8449	8907	5493	6675	8585	12190	8577	1903	9080	14665	12572	2035	14102	10630	9839	1589	10342	12221	12386	1553	14396
chr22	27530539	27616872	86334	5	0	86334	43355	42979	4032	1999	3126	2622	2718	3374	4721	2977	3038	1974	3892	2188	1991	1337	1629	1737	3292	2431	612	2349	4194	4029	812	4202	3010	3197	638	3119	3293	3581	520	3698
chr22	27616876	27620924	4049	5	0	4049	2018	2031	175	92	141	123	131	183	229	132	122	92	180	86	104	70	77	79	161	131	29	116	188	188	32	213	177	148	24	143	149	154	23	155
chr22	27620926	27620950	25	5	0	25	11	14	1	1	0	0	0	5	2	0	1	0	0	0	0	0	0	0	3	2	0	1	1	3	0	1	0	0	0	0	2	0	0	0
chr22	27620952	27622538	1587	5	0	1587	716	871	49	34	60	34	32	67	101	34	71	30	78	35	25	23	21	21	44	53	14	43	88	111	25	99	53	69	4	52	49	89	11	66
chr22	27622539	27623948	1410	5	0	1410	676	734	82	43	41	38	47	52	60	42	42	34	63	30	34	21	29	16	52	43	20	36	71	83	27	65	33	67	26	42	45	53	21	50
chr22	27623964	27625862	1899	5	0	1899	1059	840	147	46	60	87	66	63	97	72	72	34	74	68	55	27	39	51	61	47	9	53	93	59	5	78	61	54	10	61	83	75	12	78
chr22	27625863	27629652	3790	5	0	3790	1933	1857	202	108	134	101	132	141	212	106	126	92	183	101	86	66	72	70	142	118	29	118	173	142	24	215	119	127	25	123	157	167	32	145
chr22	27629654	27629995	342	5	0	342	169	173	33	5	7	9	12	13	16	9	4	6	20	9	6	5	10	3	7	11	2	9	18	11	7	18	14	18	5	13	11	14	2	13
chr22	27629996	27632210	2215	5	0	2215	1105	1110	62	27	39	52	35	168	110	119	46	31	81	46	37	76	27	148	201	39	11	51	103	154	19	87	76	95	16	53	51	75	12	66
chr22	27632212	27635039	2828	5	0	2828	1303	1525	76	52	92	57	77	175	167	100	80	83	129	54	44	36	33	47	161	78	34	73	132	136	41	147	121	121	30	104	105	121	23	97
chr22	27635042	27640553	5512	5	0	5512	2610	2902	209	135	175	140	185	188	329	208	174	137	294	121	91	72	82	69	177	162	41	153	284	303	63	285	214	251	32	211	235	219	40	231
chr22	27640554	27640869	316	5	0	316	157	159	32	5	3	7	8	17	22	10	3	5	19	8	4	5	2	5	12	11	1	8	22	15	0	13	13	14	2	13	10	10	3	12
chr22	27640884	27649373	8490	5	0	8490	4249	4241	377	164	329	233	244	315	433	302	308	187	379	261	174	150	187	205	262	256	65	233	446	392	74	452	259	313	63	290	327	403	52	353
chr22	27649394	27654066	4673	5	0	4673	2396	2277	212	119	166	149	155	188	209	196	167	92	207	119	112	88	97	119	171	161	32	123	248	205	39	225	145	170	32	140	184	181	29	191
chr22	27654068	27654101	34	5	0	34	13	21	0	0	1	0	1	0	3	1	0	2	4	1	0	0	0	0	1	0	0	1	3	1	0	1	1	2	1	2	0	2	1	3
chr22	27654102	27654876	775	5	0	775	392	383	59	11	30	21	26	25	43	27	24	20	34	15	11	14	8	23	21	22	6	21	43	41	4	42	33	32	1	24	24	35	5	28
chr22	27654877	27655366	490	5	0	490	259	231	47	15	19	17	22	12	26	15	19	5	16	12	11	7	6	8	18	9	1	11	29	24	4	22	15	23	2	20	13	23	3	14
chr22	27655368	27655844	477	5	0	477	235	242	12	3	30	9	7	18	10	23	31	4	30	25	4	6	12	9	5	11	4	12	27	27	3	35	12	7	2	7	14	47	1	28
chr22	27655845	27660274	4430	5	0	4430	2283	2147	168	103	191	136	131	151	197	208	183	93	200	163	117	76	74	91	165	120	24	114	246	198	27	228	107	137	17	125	169	244	30	195
chr22	27660280	27660740	461	5	0	461	263	198	12	2	20	26	12	17	16	14	23	5	22	12	13	9	5	53	15	3	2	13	16	19	6	12	15	10	7	18	14	21	7	20
chr22	27660742	27660788	47	5	0	47	36	11	1	1	2	0	2	0	0	2	0	1	1	3	1	3	2	16	2	0	0	3	0	0	0	1	0	0	0	0	2	1	0	1
chr22	27660790	27664276	3487	5	0	3487	1747	1740	188	75	94	114	120	149	201	115	100	73	170	84	65	55	55	87	128	110	25	89	177	157	29	174	131	148	21	124	149	122	23	133
chr22	27664278	27665905	1628	5	0	1628	941	687	116	40	59	79	61	47	76	63	52	44	56	53	66	40	40	47	70	41	13	47	65	45	7	58	45	40	4	47	67	49	10	79
chr22	27665921	27666310	390	5	0	390	199	191	19	7	15	14	18	18	18	13	7	6	21	11	9	6	9	6	16	9	0	12	22	13	2	18	14	20	1	19	15	13	3	14
chr22	27666311	27666356	46	5	0	46	38	8	20	1	2	3	0	0	0	2	2	0	1	1	2	0	0	2	0	1	0	0	1	1	0	1	0	0	0	0	1	1	0	2
chr22	27666358	27666877	520	5	0	520	292	228	21	16	15	26	28	16	27	27	16	9	19	18	14	11	12	15	26	12	0	14	25	10	3	12	20	15	0	29	27	13	3	19
chr22	27666881	27668027	1147	5	0	1147	589	558	64	25	44	53	37	53	58	34	46	17	48	18	39	12	8	31	46	28	10	24	57	51	18	47	45	51	10	42	35	43	6	45
chr22	27668046	27671961	3916	5	0	3916	1758	2158	118	79	142	63	110	154	247	129	115	85	199	93	59	50	70	45	123	119	18	108	215	247	41	253	161	200	27	152	140	189	18	145
chr22	27671967	27677267	5301	5	0	5301	2559	2742	241	104	216	133	141	199	278	131	214	124	319	108	98	52	116	84	164	139	46	130	269	300	44	290	170	195	38	191	146	270	30	319
chr22	27677274	27689504	12231	5	0	12231	6270	5961	629	285	460	410	412	435	664	399	443	285	552	310	301	186	245	252	435	318	96	342	580	518	97	595	433	454	70	433	462	500	77	551
chr22	27689505	27695727	6223	5	0	6223	3239	2984	328	139	255	220	218	226	324	212	249	136	300	163	148	108	113	99	224	182	27	176	300	239	32	329	222	210	19	175	234	270	32	312
chr22	27695728	27695804	77	5	0	77	58	19	18	0	18	0	0	0	0	0	17	0	0	1	0	0	1	1	0	0	0	0	0	0	0	0	0	0	0	0	0	0	0	19
chr22	27695825	27706147	10323	5	0	10323	5008	5315	458	254	341	265	303	442	606	340	353	249	481	224	203	140	187	160	373	320	88	304	526	501	99	537	394	412	83	371	398	430	76	403
chr22	27706148	27706392	245	5	0	245	122	123	8	4	12	8	8	6	12	8	11	6	14	4	5	5	7	3	4	7	1	9	9	7	1	18	14	10	2	6	7	11	4	12
chr22	27706394	27708052	1659	5	0	1659	856	803	93	41	74	50	58	76	80	49	64	33	71	37	44	21	29	34	71	51	9	40	64	65	15	93	61	61	15	53	68	60	9	68
chr22	27708065	27712108	4044	5	0	4044	2025	2019	165	92	149	95	133	200	206	158	112	94	198	82	91	77	88	83	188	120	16	139	196	204	22	195	156	137	13	146	157	156	13	161
chr22	27712110	27712381	272	5	0	272	147	125	23	16	5	7	20	9	14	7	5	3	16	5	4	5	4	3	15	7	2	9	14	2	0	13	12	12	2	7	9	8	2	10
chr22	27712383	27712411	29	5	0	29	16	13	1	1	1	0	1	1	1	1	0	0	5	1	2	0	0	0	2	0	0	0	1	0	0	1	0	2	0	0	1	0	0	5
chr22	27712413	27712740	328	5	0	328	177	151	18	7	14	14	13	7	22	13	14	10	12	9	8	4	6	6	12	6	0	10	17	8	0	16	11	10	0	14	15	17	0	13
chr22	27712749	27715210	2462	5	0	2462	1317	1145	113	54	103	92	78	93	105	101	103	36	99	65	68	52	72	82	96	53	17	69	114	102	13	111	79	89	6	92	89	95	12	107
chr22	27715212	27715243	32	5	0	32	11	21	0	0	1	0	0	2	4	0	1	0	2	0	0	0	0	0	1	1	0	0	2	3	0	2	3	2	0	3	0	0	0	3
chr22	27715245	27715906	662	5	0	662	279	383	15	11	27	9	17	18	51	19	22	16	35	14	8	5	7	4	18	15	2	15	38	49	7	35	30	33	12	41	18	32	7	30
chr22	27715908	27745511	29604	5	0	29604	15399	14205	1623	736	1208	933	1057	1047	1510	1013	1096	665	1313	713	724	496	643	621	1044	822	195	883	1406	1226	187	1404	1020	1016	160	1054	1158	1158	138	1333
chr22	27745512	28272511	527000	4	0	527000	299727	227273	36780	15029	20564	23084	19056	16888	23724	18764	20099	10532	18854	13389	19521	11507	13297	18637	21239	12878	2936	16903	20583	16135	3370	20461	16356	14476	2907	16155	20255	17060	2639	22920
chr22	28272512	28402511	130000	3	0	130000	80942	49058	11207	4047	5481	7306	5238	3396	4757	4802	5369	2196	3908	3586	6227	3381	3797	6243	5383	2793	479	4365	4268	2491	403	4079	3437	2458	379	3463	5105	3499	419	6036
chr22	28402512	28661511	259000	2	0	259000	159611	99389	22394	7785	10427	14355	10170	7001	9588	9414	10122	4502	8086	7280	12276	6558	7401	12251	10422	5601	1080	8742	8667	5312	1142	8264	6913	5445	968	6842	10171	7027	1138	11654
chr22	28661512	29197571	536060	1	0	536060	292470	243590	37410	14549	20033	20185	19248	18518	25672	16677	18111	10911	21634	13307	17408	10969	12674	15163	19919	14477	3277	17274	23136	17492	4780	22441	16827	17927	4257	17819	20233	17953	3298	22479
chr22	29197572	29295532	97961	1	0	97961	48717	49244	5531	2310	3193	2863	3082	3566	5496	2856	2813	2209	4421	2159	2471	1682	2065	1998	3385	2933	668	2781	4925	4726	1109	4967	3371	4253	918	3606	3319	3815	647	3821
chr22	29295533	29311649	16117	1	0	16117	7046	9071	591	322	469	304	432	716	965	422	409	393	773	302	254	228	264	202	540	552	165	402	879	994	359	875	635	867	287	637	480	695	145	557
chr22	29311651	30030510	718860	1	0	718860	378566	340294	45424	17993	25682	24859	24430	25229	37507	21752	23159	15310	30878	17344	20945	13960	16278	17815	25526	19829	4479	22658	32509	27210	6786	32631	23983	26562	6013	25416	26901	25534	4616	29640
chr22	30030511	30060084	29574	2	0	29574	16038	13536	1916	807	1124	1100	1092	983	1460	969	1031	643	1204	687	908	539	696	878	1090	786	150	945	1301	1025	218	1307	970	989	166	1023	1143	1051	162	1209
chr22	30060085	30060162	78	3	0	78	41	37	3	2	5	2	4	1	3	3	4	2	2	4	1	2	2	1	2	3	0	2	4	4	0	2	3	2	0	1	2	3	0	7
chr22	30060163	30107510	47348	2	0	47348	28400	18948	3980	1352	1856	2467	1865	1343	1781	1654	1782	812	1652	1255	2028	1134	1286	2152	1823	1108	190	1520	1734	1195	269	1660	1275	1173	217	1281	1811	1382	196	2113
chr22	30107511	30423626	316116	1	0	316116	161990	154126	17371	7520	11693	10067	10104	11120	16925	9778	10804	7008	13884	7171	8372	5613	6849	7710	11108	8832	1949	9372	14792	13975	3110	15566	10470	12426	2516	11142	11557	12211	1827	13272
chr22	30423628	30426932	3305	1	0	3305	1441	1864	120	79	92	79	92	122	165	66	83	84	170	60	75	44	72	37	89	94	56	91	153	190	105	149	98	174	113	154	105	139	48	105
chr22	30426934	30622512	195579	1	0	195579	96687	98892	9880	4703	6450	5441	6421	7382	11201	5643	5716	4355	9099	4564	4457	3228	4043	4104	6559	6187	1296	5626	10172	9004	1982	10015	6834	8292	1723	7466	7082	7691	1275	7686
chr22	30622513	30834512	212000	2	0	212000	109874	102126	12891	5234	7234	6972	7348	7961	11212	6541	6623	4603	9356	5192	5469	3780	4464	4993	7597	6065	1386	6530	10197	7976	2084	9830	7161	8309	1814	7402	8106	7737	1426	8505
chr22	30834513	30948246	113734	1	0	113734	58576	55158	6565	2814	4033	3669	3730	4116	6214	3586	3745	2411	4738	2611	3041	2045	2396	2862	4148	3227	705	3306	5404	4946	1001	5488	3981	4542	871	4032	4112	4125	713	4555
chr22	30948248	31751513	803266	1	0	803266	425963	377303	52884	20711	28070	27926	27553	28240	41034	23797	25686	16755	34265	19694	23468	16394	18949	20537	28382	22814	5036	25867	36436	28342	8028	36074	25601	29603	7136	27582	30205	28121	5280	32794
chr22	31751514	31946944	195431	2	0	195431	104793	90638	13266	5164	6889	6787	6777	7113	9883	6153	6394	3945	8324	4996	5670	3906	4440	5084	7135	5562	1269	6162	8840	6440	1616	8643	6402	6791	1497	6622	7549	6746	1254	8110
chr22	31946945	32105512	158568	2	0	158568	88370	70198	10626	4299	5901	6339	5798	5517	7248	5485	5586	3148	6480	4015	5155	3502	3914	5357	6258	4292	756	5160	6798	4946	907	6767	4772	4646	796	4870	6220	5533	729	6746
chr22	32105513	32185512	80000	3	0	80000	43733	36267	4880	2101	2876	3107	2760	2872	3851	2686	2747	1753	3073	2060	2577	1529	1841	3019	3038	2200	530	2486	3472	2827	654	3345	2597	2460	559	2464	3062	2811	415	3346
chr22	32185513	32499512	314000	4	0	314000	176000	138000	21163	8730	11481	13252	11256	11102	14136	11354	11328	6475	11538	8127	10879	6732	7486	10959	13178	8030	2004	9827	12881	10083	2334	12073	9719	8797	2118	9488	12071	10461	1682	13254
chr22	32499513	32532935	33423	3	0	33423	17781	15642	2011	855	1348	1189	1141	1138	1621	939	1194	721	1374	824	1057	645	790	934	1202	865	274	1018	1379	1290	327	1528	1017	1141	325	1161	1241	1227	220	1425
chr22	32532937	32623513	90577	3	0	90577	48160	42417	5184	2286	3435	3166	3033	3135	4505	3124	3274	1996	3925	2298	2580	1688	1990	2540	3385	2371	604	2746	4087	3483	723	4078	2949	2956	535	3006	3376	3561	532	4024
chr22	32623514	32790513	167000	4	0	167000	90171	76829	9637	4419	6649	6102	5933	5676	8047	6084	6395	3616	6999	4431	4842	3184	3740	4416	6374	4474	967	5079	7482	6037	1117	7203	5324	4986	896	5448	6560	6342	834	7705
chr22	32790514	32836704	46191	5	0	46191	24421	21770	2485	1175	1881	1531	1518	1622	2288	1532	1788	983	1947	1145	1281	842	1091	1312	1668	1237	265	1452	2118	1857	365	2065	1492	1499	309	1578	1682	1811	259	2111
chr22	32836705	32889052	52348	5	0	52348	28118	24230	2714	1420	2142	1871	1868	1709	2527	1890	1967	1156	2115	1359	1599	1028	1263	1488	1997	1444	266	1607	2339	2004	339	2355	1685	1608	249	1740	1973	1981	298	2345
chr22	32889054	32903562	14509	5	0	14509	8094	6415	886	381	570	597	493	457	696	500	527	303	580	378	528	304	405	489	533	351	81	480	585	408	98	593	459	427	89	521	569	499	64	656
chr22	32903564	33047269	143706	5	0	143706	79358	64348	9102	3940	5505	5658	5146	4844	6817	5089	5273	3007	5733	3782	4684	2910	3537	4331	5486	3855	839	4521	6102	4644	910	5951	4737	4159	757	4591	5570	4949	746	6529
chr22	33047270	33121513	74244	5	0	74244	41953	32291	5051	1995	2951	3258	2613	2316	3219	2644	2859	1506	3039	1981	2732	1519	1889	2380	2700	1840	423	2373	2948	2069	551	2995	2219	2035	453	2299	2925	2618	411	3431
chr22	33124514	33297513	173000	5	0	173000	101515	71485	12573	4968	7106	8396	6708	5342	7006	6616	7015	3376	6105	4711	6747	3731	4337	6777	6806	4092	937	5582	6683	4382	855	6100	5159	4057	663	4961	7024	5488	783	7912
chr22	33297514	33399513	102000	6	0	102000	56894	45106	6881	2844	3973	4073	3615	3401	4689	3695	3729	2103	4060	2593	3546	2088	2449	3155	3914	2663	598	3261	4158	3083	692	4151	3281	2961	589	3269	4046	3377	571	4490
chr22	33399514	33494513	95000	7	0	95000	52882	42118	6107	2550	3672	3932	3457	3263	4402	3385	3495	1919	3722	2548	3202	2011	2320	2897	3651	2464	607	3021	3933	2782	645	3760	3186	2729	549	3105	3737	3145	573	4229
chr22	33494514	33614944	120431	8	0	120431	67260	53171	7928	3363	4709	4814	4334	4121	5567	4370	4464	2457	4632	3275	4088	2644	2892	3601	4908	3090	771	3816	4871	3600	764	4866	3863	3304	711	3778	4749	4107	632	5340
chr22	33614946	33617472	2527	8	0	2527	1545	982	241	70	110	148	102	64	103	93	114	44	68	66	112	51	49	108	95	60	8	66	104	54	12	81	69	62	10	69	95	75	8	114
chr22	33617474	33628612	11139	8	0	11139	6283	4856	698	314	458	478	416	340	531	424	436	250	369	294	397	238	253	386	416	308	79	339	472	332	59	447	365	299	46	344	458	372	38	481
chr22	33628613	33633208	4596	8	0	4596	2561	2035	313	142	160	163	161	153	220	174	140	107	159	128	164	117	116	143	213	125	24	157	180	142	35	187	136	139	33	129	180	138	34	182
chr22	33633209	33722513	89305	8	0	89305	50150	39155	5780	2619	3561	3592	3317	2936	4146	3349	3461	1837	3406	2483	2994	1849	2105	2714	3666	2262	514	2799	3670	2516	512	3526	2876	2362	475	2789	3537	3085	461	4104
chr22	33722514	33740481	17968	7	0	17968	9875	8093	1050	450	753	711	611	613	847	667	754	375	692	472	550	394	398	536	738	429	129	536	685	606	126	787	584	500	108	572	731	669	97	796
chr22	33740482	33827512	87031	7	0	87031	48589	38442	5362	2450	3391	3451	3175	3029	3966	3218	3201	1794	3348	2357	2917	1901	2048	2980	3554	2264	566	2790	3598	2606	544	3485	2829	2351	478	2676	3407	3013	478	3802
chr22	33827513	33827728	216	6	0	216	106	110	11	4	9	7	5	13	9	7	12	5	8	6	2	2	2	2	9	2	6	7	11	9	4	5	5	12	2	7	9	6	6	10
chr22	33827729	33928364	100636	6	0	100636	54268	46368	6195	2843	3898	3708	3425	3495	4800	3425	3731	2116	4008	2453	3292	2001	2233	2644	3910	2707	748	3090	4100	3478	1037	4279	3290	3185	861	3374	3845	3525	742	4196
chr22	33928365	33956338	27974	6	0	27974	15963	12011	1997	819	1121	1211	1060	870	1219	945	1041	577	1091	742	1050	618	762	840	1051	738	140	955	1124	758	166	1060	840	693	139	894	1079	918	171	1283
chr22	33956340	33964331	7992	6	0	7992	4714	3278	544	222	312	404	307	232	293	331	298	157	314	226	333	173	222	345	317	203	33	231	314	218	32	284	218	170	31	231	314	256	30	395
chr22	33964332	34108510	144179	6	0	144179	83961	60218	10222	4081	5841	6843	5438	4395	6079	5533	5865	2779	5387	3953	5462	3147	3744	5191	5624	3479	667	4632	5580	3678	611	5502	4405	3426	522	4107	5836	4789	548	6811
chr22	34108511	34272909	164399	7	0	164399	98318	66081	12249	4887	6780	8196	6483	4699	6596	6254	6771	3135	5728	4742	6609	3788	4413	6988	6572	3837	648	5452	6138	3848	587	5695	4591	3377	472	4486	6731	5205	557	7883
chr22	34272910	34425842	152933	7	0	152933	91366	61567	10881	4437	6215	7588	5643	4500	6077	6114	6378	2821	5405	4201	6219	3695	4187	7005	6227	3583	600	5042	5535	3795	523	5423	4279	3121	437	4195	6293	4776	512	7224
chr22	34425843	34454767	28925	7	0	28925	16648	12277	1904	794	1191	1247	1113	947	1187	1158	1110	593	1169	816	1010	637	760	1011	1173	743	128	927	1188	755	103	1099	857	672	91	852	1186	975	98	1429
chr22	34454768	34635507	180740	7	0	180740	107838	72902	12929	5216	7304	8823	6828	5578	7084	7197	7248	3366	5825	5068	7267	4457	4912	8736	7622	4239	827	5929	6709	4612	711	6235	5263	3863	628	4756	7093	5553	656	8204
chr22	34635508	34672146	36639	6	0	36639	21471	15168	2487	1047	1468	1817	1411	1137	1496	1461	1466	717	1289	1040	1455	854	965	1360	1480	890	204	1182	1404	880	170	1348	1113	853	121	1010	1508	1179	147	1678
chr22	34672148	34788508	116361	6	0	116361	68467	47894	7865	3389	4898	5548	4498	3460	4704	4640	4867	2342	4141	3315	4470	2585	3114	4629	4779	2762	455	3781	4463	3053	398	4200	3357	2466	338	3177	4703	3833	429	5700
chr22	34788509	34854160	65652	5	0	65652	37769	27883	4484	1915	2774	2831	2562	1974	2817	2556	2707	1405	2369	1799	2251	1373	1662	2290	2668	1611	292	2096	2611	1865	294	2501	1957	1536	255	1915	2673	2258	239	3110
chr22	34854162	34893545	39384	5	0	39384	22519	16865	2428	1101	1683	1787	1554	1252	1734	1539	1622	777	1467	1060	1394	831	987	1302	1572	989	141	1259	1664	1176	114	1511	1243	971	94	1204	1600	1328	101	1897
chr22	34893546	34905045	11500	5	0	11500	6596	4904	638	301	481	526	440	362	494	455	452	214	447	334	414	253	324	459	463	284	32	351	474	331	41	427	367	291	25	371	447	367	36	597
chr22	34905047	34928436	23390	5	0	23390	13380	10010	1451	657	969	1022	899	709	997	957	905	496	880	619	844	494	634	846	946	574	102	734	953	692	68	930	732	565	78	735	932	811	76	1081
chr22	34928438	34968510	40073	5	0	40073	22404	17669	2506	1122	1562	1714	1513	1337	1827	1513	1524	813	1560	1042	1361	816	960	1233	1568	1042	206	1272	1725	1256	228	1582	1286	1098	174	1292	1612	1396	168	1763
chr22	34968511	34999900	31390	4	0	31390	17571	13819	1775	825	1353	1335	1196	1029	1436	1171	1246	673	1237	814	1071	626	821	962	1205	797	126	1025	1310	941	120	1308	1045	842	85	1044	1272	1099	129	1470
chr22	34999901	35021309	21409	4	0	21409	11203	10206	1154	550	772	672	661	782	1135	768	751	483	1021	549	582	355	471	495	779	617	128	646	1029	834	137	956	692	686	123	775	846	819	116	1023
chr22	35021310	35024185	2876	4	0	2876	1397	1479	135	68	94	84	93	100	170	87	90	75	130	59	63	44	53	52	100	89	21	77	148	139	34	149	108	126	31	101	94	118	22	120
chr22	35024186	35051325	27140	4	0	27140	14852	12288	1585	718	1029	1112	961	973	1338	976	1118	576	1073	680	780	543	591	798	1125	762	162	761	1180	869	161	1179	905	737	151	849	1038	1021	144	1243
chr22	35051326	35056506	5181	4	0	5181	2956	2225	297	156	216	225	202	159	222	210	208	110	219	154	187	100	126	165	197	126	16	186	223	172	14	185	145	116	14	139	228	179	10	273
chr22	35056507	35137506	81000	3	0	81000	43671	37329	4469	2117	3215	3020	2804	2819	4004	2883	3123	1724	3442	2089	2425	1468	1871	2196	3087	2210	419	2412	3608	2923	454	3689	2591	2433	376	2748	3225	3108	363	3683
chr22	35137507	35351506	214000	2	0	214000	114206	99794	12282	5501	8215	7661	7267	7766	10854	7055	7727	4694	8720	5147	6383	4233	4835	5865	8404	5938	1290	6563	9451	7976	1681	9502	7068	6962	1459	7211	8018	7734	1188	9348
chr22	35351507	35491875	140369	1	0	140369	68092	72277	6935	3024	4716	3559	4170	5462	8145	4140	4323	3299	6966	3403	2806	2136	2630	2378	4731	4117	1046	4027	7180	6690	1627	7318	4940	6005	1373	5230	5066	6004	1040	5881
chr22	35491876	35492169	294	1	0	294	103	191	0	1	3	1	3	20	23	8	2	9	17	6	0	3	6	1	22	5	0	6	6	37	10	25	22	11	0	11	4	25	0	5
chr22	35492170	35493576	1407	1	0	1407	651	756	47	33	46	23	42	68	88	33	43	31	85	28	17	25	26	16	51	56	9	40	70	85	6	88	58	39	7	58	52	70	6	59
chr22	35493578	35493623	46	1	0	46	23	23	0	0	2	1	1	2	1	1	1	0	1	5	1	1	3	3	2	1	0	0	3	4	0	2	0	0	0	4	0	4	0	1
chr22	35493625	35671452	177828	1	0	177828	90423	87405	8970	4180	6463	5444	5821	6848	9413	5952	5931	3898	8357	4470	4335	2947	3468	3924	6673	5072	1199	4929	8478	7626	1611	8670	6256	6583	1385	6266	6628	7104	1089	7836
chr22	35671453	35852942	181490	2	0	181490	107582	73908	14113	5344	7137	9130	6606	5557	7288	6139	7009	3179	6325	4889	7995	4451	4656	7762	7364	4273	965	5929	6397	4870	1079	6612	5091	4110	976	4839	6738	5705	934	8026
chr22	35852944	35856052	3109	2	0	3109	1871	1238	261	74	98	166	96	118	123	124	93	58	108	67	150	80	83	171	134	79	14	103	122	61	14	110	84	92	12	86	120	75	18	113
chr22	35856053	35884452	28400	2	0	28400	17115	11285	2393	852	1189	1404	1063	833	1089	947	1106	507	919	736	1276	741	866	1193	1099	710	133	991	987	644	130	1031	768	648	102	772	1078	789	133	1269
chr22	35887453	35896984	9532	2	0	9532	5660	3872	672	299	414	438	351	301	368	332	392	162	349	247	408	261	305	360	382	221	53	367	300	222	41	351	287	204	39	254	383	267	37	463
chr22	35896985	36084451	187467	2	0	187467	108918	78549	14542	5467	7430	8559	7066	5900	7824	6282	6992	3474	6832	4921	7399	4397	4814	7018	7376	4618	981	6263	7217	4974	1159	6987	5269	4852	1109	5524	7210	5894	989	8126
chr22	36084452	36191797	107346	1	0	107346	57171	50175	6247	2828	3976	3935	3798	3624	5391	3553	3846	2404	4613	2702	3097	2013	2398	2744	3978	2901	747	3243	4784	3845	891	4837	3403	3587	750	3644	4201	4024	686	4654
chr22	36191800	36309095	117296	1	0	117296	59535	57761	6151	2985	4457	3510	3947	4272	6472	3534	4195	2772	5174	2829	2811	1836	2230	2359	4325	3398	865	3277	5426	5051	1238	5696	4080	4224	930	4280	4394	4738	759	5079
chr22	36309097	36401476	92380	1	0	92380	45406	46974	4914	2187	3245	2544	2995	3630	5087	2621	2893	2051	4156	2085	2088	1489	1805	1616	3196	2775	817	2569	4510	4095	1269	4550	3417	4006	1067	3516	3210	3550	767	3658
chr22	36401489	36444410	42922	1	0	42922	21414	21508	2678	1012	1397	1244	1398	1658	2362	1063	1267	909	2150	980	988	706	843	757	1364	1315	328	1278	2117	1686	556	2178	1426	1879	478	1597	1576	1657	374	1699
chr22	36444411	36444457	47	1	0	47	32	15	16	0	1	2	0	1	2	2	1	0	1	1	1	0	2	1	1	0	0	0	2	1	0	1	2	2	0	2	0	1	0	2
chr22	36444459	36447105	2647	1	0	2647	1358	1289	173	71	81	103	102	102	146	61	79	55	128	64	74	32	40	46	86	77	21	77	133	111	30	119	91	106	22	89	100	99	17	110
chr22	36447112	36660452	213341	1	0	213341	108150	105191	11344	5150	7659	6444	6943	8190	11399	6516	7211	4732	9978	5163	5100	3630	4318	4371	7681	6032	1606	6383	9883	8727	2370	10131	7386	8174	2067	7667	8098	8178	1635	9173
chr22	36660453	36670275	9823	2	0	9823	5065	4758	530	259	359	299	328	379	489	345	342	206	477	234	248	153	213	202	350	279	80	288	449	357	87	459	349	352	75	374	394	364	84	417
chr22	36670277	36679013	8737	2	0	8737	4583	4154	471	209	352	321	324	332	448	257	327	171	404	216	232	164	170	184	309	251	66	250	390	319	62	410	304	304	43	327	358	307	67	386
chr22	36679015	36744599	65585	2	0	65585	34160	31425	3473	1561	2627	2150	2200	2503	3268	2275	2396	1428	2963	1637	1742	1059	1377	1500	2448	1864	383	1857	2970	2694	506	3104	2313	2165	410	2286	2515	2550	371	2988
chr22	36744601	36754455	9855	2	0	9855	5148	4707	498	225	332	252	304	349	506	343	301	193	460	275	204	158	161	586	332	279	67	247	440	411	99	478	344	348	84	348	386	389	68	386
chr22	36754456	36827313	72858	3	0	72858	35675	37183	3211	1689	2668	1953	2229	2962	4062	2274	2538	1690	3327	1762	1543	1143	1391	1231	2666	2140	641	2037	3544	3512	836	3661	2656	2839	662	2671	2662	3062	515	3079
chr22	36827315	36847494	20180	3	0	20180	10902	9278	1095	518	810	757	710	783	985	783	805	436	846	529	570	369	418	487	852	551	114	589	910	660	107	861	650	592	90	685	849	735	107	925
chr22	36847496	36902457	54962	3	0	54962	28527	26435	2839	1416	2126	1750	1817	1946	2833	1792	2046	1138	2568	1353	1430	990	1149	1333	2033	1543	358	1556	2491	2281	420	2725	1811	1804	390	1917	2053	2288	286	2478
chr22	36902458	36950809	48352	2	0	48352	24835	23517	2543	1249	1743	1569	1657	1799	2532	1631	1719	1145	2056	1090	1185	792	953	1172	1937	1345	372	1331	2243	2242	454	2297	1667	1729	292	1596	1772	1919	260	2059
chr22	36950811	37009458	58648	2	0	58648	30808	27840	3315	1442	2199	2103	1990	2073	2965	1904	2107	1247	2698	1482	1647	976	1210	1449	2041	1601	421	1675	2714	2368	464	2709	1965	1975	379	1993	2212	2311	316	2695
chr22	37009459	37034350	24892	1	0	24892	11164	13728	903	572	854	497	711	958	1479	622	783	537	1214	502	429	354	450	299	741	799	207	674	1318	1450	469	1396	915	1292	426	1003	796	1092	226	922
chr22	37034352	37206543	172192	1	0	172192	79066	93126	6332	3465	5802	3641	4766	6856	10471	5047	5236	4241	8599	3896	2906	2335	2981	2492	5698	5453	1426	4320	9173	10350	2200	9888	6438	7867	1723	6616	5831	7940	1173	7028
chr22	37206545	37208914	2370	1	0	2370	903	1467	32	38	68	18	35	114	161	80	74	46	109	54	15	20	25	14	53	84	39	42	142	165	69	134	109	164	68	113	86	95	28	74
chr22	37208915	37263105	54191	1	0	54191	26030	28161	2376	1161	1850	1464	1574	2107	3006	1630	1782	1210	2739	1188	1118	826	957	1040	1786	1651	460	1407	2779	3009	598	2934	1869	2263	530	1956	1883	2397	384	2255
chr22	37263106	37349442	86337	1	0	86337	39383	46954	3142	1732	2799	1902	2372	3457	5297	2528	2691	2142	4487	1771	1369	1121	1371	1201	2874	2661	734	2183	4666	5173	1198	4869	3219	4013	893	3379	2895	4060	613	3523
chr22	37349444	37404520	55077	1	0	55077	23341	31736	1490	1031	1772	862	1394	2284	3602	1361	1559	1457	2918	938	712	629	806	525	1720	1808	582	1291	3034	3981	924	3424	2134	2997	655	2312	1753	2577	473	2070
chr22	37404522	37420708	16187	1	0	16187	6799	9388	477	268	450	251	403	776	1070	395	392	408	862	312	174	183	225	152	580	526	158	371	888	1128	297	985	660	891	260	668	516	753	123	583
chr22	37420710	37424680	3971	1	0	3971	1807	2164	129	81	128	111	120	158	240	103	121	88	205	79	79	49	61	55	129	122	33	92	198	255	51	236	171	196	34	152	123	168	48	154
chr22	37424682	37425870	1189	1	0	1189	535	654	37	25	34	21	23	73	62	47	32	34	58	20	25	10	14	19	56	38	18	30	65	88	11	67	38	52	11	35	46	54	8	36
chr22	37425871	37426356	486	1	0	486	182	304	6	6	10	2	8	45	36	10	7	14	24	3	3	3	1	3	35	12	8	14	26	28	11	21	29	23	22	26	9	23	6	10
chr22	37426359	37426650	292	1	0	292	116	176	2	2	2	3	5	54	15	6	3	6	10	3	0	2	0	2	47	6	8	3	15	16	3	9	14	8	13	11	3	13	2	4
chr22	37426655	37427253	599	1	0	599	194	405	6	4	12	5	7	42	26	7	10	20	33	9	4	2	5	1	14	38	11	6	36	81	31	33	20	35	12	15	12	28	10	22
chr22	37427258	37428230	973	1	0	973	261	712	6	9	15	7	12	44	51	6	14	29	40	8	5	10	3	1	32	24	19	17	32	99	89	44	35	89	105	35	14	52	12	13
chr22	37428233	37428277	45	1	0	45	24	21	0	1	2	1	1	0	2	2	2	0	2	2	1	2	4	1	1	1	0	1	2	2	0	2	0	1	0	3	2	2	0	3
chr22	37428279	37428680	402	1	0	402	162	240	5	6	18	2	9	12	29	15	12	7	20	8	5	4	4	5	6	11	2	10	21	23	9	29	30	25	7	18	8	23	4	13
chr22	37428684	37430367	1684	1	0	1684	823	861	60	40	53	48	56	67	107	52	48	47	77	30	37	26	38	35	80	42	11	47	86	78	16	79	71	71	10	68	45	68	7	82
chr22	37430368	37435464	5097	1	0	5097	2403	2694	179	94	181	128	140	228	311	157	178	125	259	116	86	55	95	69	177	159	34	132	272	255	51	284	192	219	41	200	195	229	24	230
chr22	37435466	37444825	9360	1	0	9360	4879	4481	596	237	346	313	348	337	520	319	324	217	379	227	224	158	155	179	365	275	44	265	467	341	83	416	329	326	61	360	363	366	60	358
chr22	37444827	37446823	1997	1	0	1997	1068	929	171	60	48	69	74	77	99	61	45	38	83	52	57	46	35	52	77	61	19	64	95	62	24	82	66	76	25	59	73	64	22	59
chr22	37446824	37450753	3930	1	0	3930	1752	2178	132	60	125	79	83	169	263	103	125	81	218	97	57	48	74	37	118	108	33	99	205	241	45	225	149	197	52	184	145	170	34	172
chr22	37450755	37456014	5260	1	0	5260	2704	2556	336	127	203	159	186	203	282	159	182	109	217	129	121	92	90	109	191	148	38	154	247	225	40	258	191	188	60	177	201	209	25	202
chr22	37456015	37491606	35592	1	0	35592	16196	19396	1235	748	1069	784	985	1518	2219	1026	1008	871	1794	735	608	483	602	511	1254	1149	274	943	1974	2184	461	2013	1278	1737	359	1360	1241	1561	238	1368
chr22	37491638	38227396	735759	1	0	735759	343500	392259	34723	15686	22454	17463	21562	29515	43674	18906	20146	17083	36584	15967	13895	11198	13572	11071	23699	23057	6295	20431	38472	39282	11327	39316	26217	35701	9964	28718	25269	30357	6334	27819
chr22	38227398	38298582	71185	1	0	71185	33750	37435	3435	1571	2307	1745	2197	2797	4275	1843	2107	1667	3482	1511	1319	1157	1309	1027	2398	2211	659	1924	3673	3470	972	3766	2631	3345	838	2780	2410	2856	597	2904
chr22	38298584	38448873	150290	1	0	150290	76026	74264	8751	3603	5016	4846	4837	5401	7907	4263	4648	3316	6750	3399	3981	2620	3017	3670	5245	4220	1127	4348	6951	6826	2087	7204	4894	6311	1742	5195	5318	5712	1140	5943
chr22	38448875	38448905	31	1	0	31	9	22	0	0	0	0	0	1	2	2	0	0	3	0	0	0	0	0	0	1	0	0	2	5	0	2	4	2	0	2	0	2	0	1
chr22	38448907	38449060	154	1	0	154	60	94	2	2	6	2	5	3	11	2	3	9	6	0	2	2	4	0	5	9	1	1	10	17	1	12	3	6	1	10	4	8	1	4
chr22	38449061	38457725	8665	1	0	8665	3352	5313	180	135	231	122	172	342	517	191	231	233	513	154	85	70	114	61	235	263	95	187	453	757	268	506	273	519	279	345	261	444	90	337
chr22	38457727	38888494	430768	1	0	430768	221506	209262	25401	10495	14996	14106	14108	15685	22285	12671	13758	9496	18935	10013	11730	8061	9243	10522	15248	12159	3246	13084	19784	17736	5119	20125	14219	16834	4667	14838	15498	16035	3258	17411
chr22	38888495	39029494	141000	2	0	141000	72458	68542	8493	3317	5024	4697	4555	5237	7415	4277	4830	3121	6383	3289	3653	2305	2673	3189	5150	4031	935	3864	6518	6195	1428	6912	4788	5181	1160	4755	5028	5647	984	5964
chr22	39029495	39211770	182276	1	0	182276	90031	92245	10396	4217	6010	5313	5699	6871	10072	4905	5623	4158	8564	4145	4218	2943	3394	3503	6142	5530	1486	5031	8875	8721	2383	9228	6122	7750	2122	6364	6408	7207	1457	7417
chr22	39211771	39211815	45	4	0	45	22	23	7	0	0	3	1	1	0	0	0	1	1	0	2	2	3	1	1	1	0	1	1	2	4	0	0	4	4	1	0	0	0	2
chr22	39211816	39605494	393679	1	0	393679	182541	211138	17038	8229	12467	9047	11256	16146	23740	10840	11428	9354	19288	8514	7059	5675	6769	5691	13168	12265	3465	10506	20737	21327	5962	21110	14472	19049	5085	15407	13605	16495	3242	15241
chr22	39605495	39751494	146000	2	0	146000	67651	78349	5466	2909	4897	3349	3897	6132	8921	4470	4545	3568	6850	3213	2713	1908	2496	2315	5132	4443	1216	3727	7636	8524	1958	7931	5538	6819	1542	5707	5114	6263	1000	5799
chr22	39751495	39866805	115311	3	0	115311	70959	44352	9751	3500	4828	6129	4579	3212	4328	4262	4724	2118	3555	3227	5154	2884	3386	5322	4809	2523	436	3946	3863	2347	377	3744	3073	2230	337	3042	4636	3231	391	5365
chr22	39866807	40250495	383689	3	0	383689	215671	168018	27732	10631	14875	16174	13794	12561	17489	12463	14042	7474	14872	9621	13844	8360	9366	12372	14622	9629	2395	12380	15311	11247	2861	15646	11838	11389	2566	12125	14536	12800	2220	16452
chr22	40250496	40383495	133000	2	0	133000	74842	58158	10082	3800	5100	5517	4804	4409	6017	4230	4739	2676	5112	3424	4874	2900	3291	3867	4977	3471	913	4423	5288	3653	1118	5180	4100	3890	1029	4163	5094	4225	878	5754
chr22	40383496	42098495	1715000	1	0	1715000	900036	814964	112457	42764	58681	59401	57978	61596	87546	49854	53362	35695	74642	41321	49505	34212	38170	42850	60042	48556	12178	53491	78179	62831	19326	77381	55572	65858	17129	59401	63181	60472	12601	68766
chr22	42098496	42123210	24715	2	0	24715	13798	10917	1838	706	997	973	953	719	1101	746	892	543	1028	668	831	477	623	701	847	664	161	773	989	762	198	1036	712	707	152	783	971	852	153	1157
chr22	42123313	42123461	149	2	0	149	72	77	9	3	1	6	4	6	8	4	2	3	6	5	4	3	4	3	4	7	2	2	11	8	2	6	2	9	1	5	5	3	3	6
chr22	42123462	42126132	2671	2	0	2671	1063	1608	44	45	84	18	49	109	230	45	76	93	140	25	23	29	32	20	78	98	29	70	154	209	31	204	115	158	13	114	86	133	17	98
chr22	42126136	42130546	4411	2	0	4411	1660	2751	57	57	116	42	95	202	275	121	99	159	208	77	21	44	57	28	113	187	66	96	270	371	118	281	177	258	109	162	135	224	67	117
chr22	42130579	42132025	1447	2	0	1447	605	842	25	23	44	12	30	93	102	40	34	39	61	26	15	19	21	19	64	58	10	43	92	89	25	89	66	83	11	52	43	65	8	44
chr22	42132028	42132843	816	2	0	816	382	434	40	9	25	20	29	41	47	17	19	18	37	25	7	16	19	12	27	27	10	20	49	31	15	40	27	39	7	42	31	38	4	26
chr22	42132852	42134089	1238	2	0	1238	659	579	93	28	38	50	43	30	61	44	39	25	66	37	35	24	22	23	32	34	10	31	61	44	12	55	39	44	8	41	46	51	10	60
chr22	42134091	42135058	968	2	0	968	463	505	38	24	37	22	32	44	59	27	34	33	38	13	19	9	24	8	36	30	15	29	42	34	19	42	42	42	5	51	42	31	9	36
chr22	42135059	42138041	2983	2	0	2983	1239	1744	71	57	94	33	65	123	250	51	85	94	152	43	33	31	37	19	92	106	27	80	172	215	33	207	127	165	15	130	98	141	19	116
chr22	42138067	42138116	50	2	0	50	17	33	0	0	0	0	0	3	6	1	0	2	4	1	0	0	0	0	2	2	0	1	4	3	0	5	2	4	0	2	2	2	0	2
chr22	42138118	42138138	21	2	0	21	9	12	0	1	0	0	1	2	1	0	0	1	2	0	0	0	0	0	1	1	2	0	1	0	0	1	1	0	0	1	2	0	0	1
chr22	42138140	42138855	716	2	0	716	242	474	2	5	12	6	12	36	56	9	8	15	48	5	3	7	12	6	12	24	6	21	42	52	28	44	43	58	20	47	16	33	10	16
chr22	42138856	42141103	2248	2	0	2248	990	1258	43	45	66	42	59	110	153	55	60	75	91	39	34	38	52	26	90	80	26	72	123	148	36	118	83	102	20	95	81	95	12	77
chr22	42141118	42141185	68	2	0	68	26	42	0	0	3	0	0	1	4	2	2	1	3	2	1	3	2	0	2	2	0	1	2	5	1	7	2	5	3	4	3	3	2	0
chr22	42141187	42141260	74	2	0	74	30	44	1	0	1	1	1	8	3	4	1	4	1	3	0	0	0	2	3	4	3	2	4	8	1	2	4	1	0	1	4	3	2	0
chr22	42141262	42142451	1190	2	0	1190	454	736	14	16	30	12	24	47	85	28	26	44	65	23	8	13	12	5	30	53	20	17	76	97	22	91	43	65	16	48	36	71	14	37
chr22	42142470	42142667	198	2	0	198	66	132	2	2	8	0	4	5	8	1	5	7	14	3	1	3	2	0	1	7	7	3	5	16	7	17	6	10	13	10	6	12	9	2
chr22	42142669	42142702	34	2	0	34	10	24	0	1	2	0	0	0	1	0	3	1	1	0	0	0	0	0	0	0	1	1	1	5	3	2	0	2	2	1	0	4	0	1
chr22	42142704	42142874	171	2	0	171	55	116	1	1	9	0	6	9	7	2	4	5	6	1	0	0	1	1	4	6	2	3	10	8	8	10	9	17	16	6	2	5	6	4
chr22	42142876	42142895	20	2	0	20	3	17	0	0	0	0	0	1	1	0	0	1	0	0	0	0	0	0	0	1	1	0	1	6	2	1	0	1	1	0	0	1	0	0
chr22	42142897	42147079	4183	2	0	4183	1926	2257	193	84	150	80	120	208	227	116	107	114	162	91	87	61	57	69	149	160	42	116	232	224	85	215	156	204	65	133	133	167	42	132
chr22	42147092	42147457	366	2	0	366	226	140	50	9	18	15	14	13	13	12	13	7	15	6	14	10	7	9	21	4	1	13	14	5	2	9	9	7	1	12	8	14	0	19
chr22	42147463	42148526	1064	2	0	1064	576	488	58	35	34	43	47	36	53	35	34	31	40	23	32	23	24	27	53	24	17	31	47	26	10	35	36	31	12	37	35	37	8	48
chr22	42148527	42152888	4362	2	0	4362	1749	2613	87	60	129	48	105	216	291	94	103	146	218	74	29	51	64	32	144	170	54	106	252	316	91	275	160	242	78	184	151	206	47	137
chr22	42152890	42152933	44	2	0	44	17	27	1	2	1	0	1	3	3	0	2	1	2	0	0	0	0	0	1	2	0	3	6	3	0	1	0	2	1	2	1	3	1	0
chr22	42152934	42152943	10	2	0	10	3	7	0	1	0	0	1	1	0	0	0	0	0	0	0	0	0	0	1	1	0	0	1	2	0	0	0	0	0	0	0	0	0	0
chr22	42152945	42153871	927	2	0	927	362	565	19	16	18	16	26	38	52	25	14	32	39	22	10	11	16	7	16	52	13	16	58	63	34	54	33	54	30	33	34	40	12	22
chr22	42153876	42224493	70618	2	0	70618	38058	32560	4628	1926	2700	2466	2435	2453	3660	2299	2460	1576	2777	1708	2199	1378	1660	1731	2709	1864	445	2315	3125	2449	471	3121	2340	2350	448	2402	2673	2503	386	2959
chr22	42224494	42980497	756004	1	0	756004	369534	386470	40188	17288	24651	20985	23183	29419	43398	20883	22732	16881	35685	16676	17009	12216	14489	13850	25592	22476	6049	21687	37460	35399	9780	38282	26823	33778	8611	28558	27008	29269	6000	29697
chr22	42980498	42980522	25	2	0	25	8	17	0	0	0	0	0	1	0	0	0	1	5	0	0	0	0	0	0	1	1	0	1	3	1	3	0	0	0	0	0	3	0	3
chr22	42980523	43006493	25971	1	0	25971	13200	12771	1551	662	938	779	877	1022	1357	781	820	586	1069	588	682	429	503	556	982	746	197	774	1207	1201	342	1165	895	1046	256	895	953	922	155	1033
chr22	43006494	43089493	83000	2	0	83000	40329	42671	4931	1884	2395	2217	2581	3558	4727	2166	2147	1769	4014	1883	1768	1427	1493	1368	2858	2543	786	2451	4244	3555	1248	3965	2927	3906	1200	3173	3003	3008	764	3039
chr22	43089494	43294493	205000	1	0	205000	91468	113532	7853	4171	6305	3886	5589	8755	13120	5115	5620	5077	10266	3870	3153	2764	3252	2671	7024	6398	2086	5259	10849	11995	3433	11620	7909	10766	2830	8528	6797	8738	1763	7536
chr22	43294494	43384493	90000	2	0	90000	45171	44829	4721	2199	3082	2706	2921	3429	4868	2866	2890	2113	4072	2102	2176	1421	1747	1856	3345	2601	701	2515	4362	4135	1028	4273	3060	3485	817	3330	3319	3577	630	3651
chr22	43384494	43423028	38535	3	0	38535	17400	21135	1486	725	1307	849	1035	1524	2409	1057	1275	948	1953	774	571	432	583	472	1209	1193	259	968	2043	2371	604	2204	1473	1886	478	1495	1300	1772	293	1585
chr22	43423039	43424676	1638	3	0	1638	854	784	114	44	61	65	61	58	72	46	59	40	62	44	50	23	26	29	61	47	17	39	66	90	20	79	58	49	15	36	51	69	18	67
chr22	43424677	43427971	3295	3	0	3295	1333	1962	113	65	91	48	82	127	219	86	96	77	167	56	27	29	32	16	99	110	26	63	189	278	78	204	131	201	53	133	95	160	33	109
chr22	43427973	43428002	30	3	0	30	17	13	2	1	1	2	0	0	0	0	2	0	2	1	2	1	2	1	0	0	1	1	0	0	0	2	0	1	2	0	0	1	1	2
chr22	43428004	43431021	3018	3	0	3018	1334	1684	78	58	123	45	85	142	203	81	93	75	155	57	49	27	39	23	102	92	17	90	178	179	35	170	135	135	20	150	96	156	18	110
chr22	43431025	43432221	1197	3	0	1197	608	589	80	22	39	32	38	47	68	33	31	34	67	25	25	17	26	22	39	41	6	34	61	46	11	49	37	44	10	53	49	36	9	64
chr22	43432222	43432639	418	3	0	418	203	215	26	1	28	0	0	1	1	0	26	0	111	3	3	0	0	3	1	0	1	0	0	27	1	43	0	0	0	0	0	44	0	96
chr22	43432685	43432696	12	3	0	12	6	6	1	0	1	0	0	0	0	0	1	0	2	0	0	0	0	0	0	0	0	0	0	1	0	1	0	0	0	0	0	1	0	2
chr22	43432699	43432726	28	3	0	28	13	15	0	0	1	0	0	0	0	0	1	0	9	0	0	0	0	0	0	0	0	0	0	2	0	2	0	0	0	0	0	2	0	9
chr22	43432729	43432738	10	3	0	10	4	6	0	0	1	0	0	0	0	0	0	0	2	0	0	0	0	0	0	0	0	0	0	1	0	2	0	0	0	0	0	2	0	0
chr22	43432762	43432821	60	3	0	60	29	31	3	0	3	0	0	0	0	0	3	0	18	0	0	0	0	0	0	0	0	0	0	3	0	6	0	0	0	0	0	6	0	16
chr22	43432828	43433438	611	3	0	611	272	339	13	3	19	18	12	19	46	12	28	16	53	10	1	9	6	6	20	15	2	10	30	45	2	38	13	27	5	25	26	28	1	51
chr22	43433451	43433760	310	3	0	310	132	178	6	4	7	12	4	10	11	11	13	5	18	6	6	3	10	5	3	9	5	5	12	17	11	15	11	13	18	16	10	16	6	10
chr22	43433763	43435453	1691	3	0	1691	742	949	79	34	56	23	36	72	97	44	42	47	81	37	34	24	20	14	53	53	35	36	79	105	46	82	67	79	31	75	50	75	22	61
chr22	43435455	43442163	6709	3	0	6709	3000	3709	230	127	219	151	193	293	433	192	203	166	335	108	102	76	99	71	230	209	60	163	372	425	70	400	277	344	76	271	232	289	38	253
chr22	43442180	43444279	2100	3	0	2100	1013	1087	97	32	72	68	57	82	135	66	68	49	92	54	47	31	32	30	60	65	15	55	108	115	20	113	90	87	18	77	82	88	7	86
chr22	43444294	43445558	1265	3	0	1265	750	515	135	39	44	60	49	46	46	40	41	18	39	37	53	28	32	43	60	29	7	34	51	40	7	50	26	42	5	27	44	38	3	50
chr22	43445559	43445884	326	3	0	326	161	165	33	5	6	9	10	12	20	10	1	7	14	6	9	8	8	1	9	12	1	10	18	16	4	17	19	18	1	12	6	9	4	9
chr22	43445886	43447851	1966	3	0	1966	980	986	96	57	61	48	62	81	113	74	69	43	85	39	36	24	34	56	78	49	17	61	87	96	22	92	94	75	16	63	71	77	11	77
chr22	43447853	43447884	32	3	0	32	32	0	1	0	0	2	0	0	0	0	0	0	0	0	2	0	0	25	0	0	0	0	0	0	0	0	0	0	0	0	0	0	0	0
chr22	43447889	43448578	690	3	0	690	355	335	44	14	22	25	29	33	41	15	15	17	31	15	17	14	12	9	29	22	4	23	35	22	5	29	28	24	7	29	26	23	4	25
chr22	43448591	43449422	832	3	0	832	446	386	60	19	26	26	25	29	50	15	19	23	31	25	29	20	15	32	27	21	16	27	34	28	7	38	27	27	5	31	31	31	10	26
chr22	43449423	43449876	454	3	0	454	191	263	7	13	13	5	12	22	24	16	12	9	24	12	7	2	6	7	16	14	1	15	24	40	7	30	18	25	4	10	16	21	8	12
chr22	43449877	43460206	10330	3	0	10330	5657	4673	735	279	349	403	366	347	523	312	349	207	425	283	316	213	255	294	401	270	60	315	446	315	84	428	308	352	79	351	394	336	75	458
chr22	43460213	43463807	3595	3	0	3595	2091	1504	339	118	153	145	165	123	165	106	136	68	141	104	114	38	79	95	150	78	5	114	127	95	10	140	123	84	5	124	159	115	14	161
chr22	43463824	43464291	468	3	0	468	249	219	38	10	28	8	13	17	32	6	30	15	21	8	4	6	6	6	17	16	2	13	16	12	3	20	10	15	5	16	25	8	2	38
chr22	43464292	43528619	64328	3	0	64328	30101	34227	2229	1255	1838	1421	1603	3449	3568	2593	1848	1399	2741	2038	1063	918	1047	1090	2200	2799	489	1532	4352	3445	705	3264	2197	2578	489	2150	2465	2944	369	2248
chr22	43528620	44166619	638000	4	0	638000	335272	302728	37406	16286	22997	22244	21221	24128	32924	21189	22249	13914	26098	15305	18057	11552	12954	16746	24889	17517	5006	18468	28575	24980	6168	28257	22259	22127	5170	21746	23739	23356	3968	26503
chr22	44166620	44343619	177000	5	0	177000	85038	91962	7379	3925	5763	4620	5139	7678	10342	5665	5472	4224	7906	4072	3697	2519	2989	3647	7000	5408	1407	4531	9203	9609	2109	8934	6417	7465	1579	6624	6204	7373	1187	6911
chr22	44343620	44456619	113000	4	0	113000	53859	59141	4713	2456	3895	3028	3395	4317	6779	3350	3663	2771	5365	2469	2321	1499	1875	1963	3831	3368	898	2946	5782	6108	1396	5984	4227	4963	1006	4363	4001	4831	814	4621
chr22	44456620	44592619	136000	3	0	136000	71124	64876	8067	3236	5038	4766	4618	4958	6834	4465	4778	2930	5958	3480	3644	2274	2755	3321	4767	3774	1028	3829	6356	5292	1316	6166	4648	4859	1073	4622	5105	5205	867	5969
chr22	44592620	44989619	397000	2	0	397000	187527	209473	18222	8618	12421	9647	11541	17331	23644	11536	11566	9333	18530	8865	7578	5945	6503	6246	14481	12576	3659	10511	20670	20798	5637	20402	14906	18038	4423	15077	13995	16094	3097	15108
chr22	44989620	44997965	8346	1	0	8346	3863	4483	280	180	274	189	223	414	507	259	264	223	372	183	157	117	107	113	350	240	124	220	420	444	128	384	337	346	116	331	296	345	76	325
chr22	44997966	45352403	354438	1	0	354438	178984	175454	19866	8849	12157	10901	11367	13840	18843	10557	11534	8122	15715	8103	9006	6058	6737	7329	12979	10393	3072	10425	16557	15405	4582	16383	11931	13772	4034	12445	13140	13357	2778	14199
chr22	45352405	45404256	51852	1	0	51852	31647	20205	4626	1580	2102	2735	1980	1480	2046	1740	1993	907	1665	1382	2444	1365	1422	2179	2074	1243	230	1785	1826	1029	217	1776	1307	1167	204	1400	2040	1409	223	2274
chr22	45404257	45412969	8713	1	0	8713	5181	3532	729	241	328	471	332	241	325	273	304	167	299	218	404	191	249	408	312	213	45	271	304	212	68	335	240	238	67	238	315	256	60	357
chr22	45412971	45413014	44	1	0	44	16	28	0	1	1	0	0	1	4	0	2	1	4	0	0	0	0	0	1	0	0	2	1	5	1	3	3	3	0	2	1	2	1	3
chr22	45413016	45414397	1382	1	0	1382	520	862	41	30	39	20	25	34	69	24	43	40	74	22	22	9	15	12	24	44	27	18	59	106	66	86	33	96	71	52	36	72	30	41
chr22	45414399	45438229	23831	1	0	23831	11664	12167	1172	535	793	681	730	918	1359	661	736	577	1145	521	543	380	436	477	816	703	202	689	1180	1096	321	1199	833	979	260	908	839	1017	187	936
chr22	45438230	45438253	24	1	0	24	11	13	1	1	0	0	1	2	3	0	1	0	0	0	0	0	0	0	2	1	0	1	3	0	0	1	0	3	0	1	1	0	0	0
chr22	45438255	45490869	52615	1	0	52615	27453	25162	3334	1379	1831	1784	1878	1871	2739	1650	1713	1132	2342	1332	1405	857	1016	1188	1852	1533	363	1491	2539	2027	493	2439	1747	1961	394	1804	2000	1977	348	2194
chr22	45490871	46131358	640488	1	0	640488	316597	323891	32909	15005	21686	19450	19529	24599	35516	19234	20876	14682	27052	14185	15736	10363	11691	14083	23270	18340	5537	17502	30842	31664	9222	30658	22473	27569	7210	22808	22293	24812	4713	24977
chr22	46131363	46138720	7358	1	0	7358	3071	4287	176	126	226	103	194	364	505	215	187	178	359	131	74	85	83	63	283	234	73	163	419	497	123	462	347	438	87	306	230	332	51	242
chr22	46138722	46138753	32	1	0	32	14	18	1	0	1	1	1	3	2	1	0	0	2	0	1	1	0	0	1	1	0	2	3	0	0	1	2	2	0	2	1	1	0	0
chr22	46138755	46139003	249	1	0	249	122	127	24	4	3	7	8	9	17	5	4	5	15	5	3	6	4	1	5	11	1	7	14	7	4	13	9	11	4	12	11	9	1	8
chr22	46139011	46139068	58	1	0	58	29	29	6	1	4	0	0	0	4	1	2	0	3	1	2	4	0	0	1	3	0	0	0	4	1	5	3	2	1	2	1	1	0	4
chr22	46139075	46142033	2959	1	0	2959	1375	1584	120	67	121	66	89	109	178	69	104	81	129	51	61	28	38	63	91	84	24	86	153	183	43	169	105	139	30	112	96	142	27	99
chr22	46142037	46143760	1724	1	0	1724	751	973	58	36	47	26	46	74	129	42	45	40	101	28	19	24	25	10	52	51	13	58	95	91	24	106	85	93	18	72	59	81	9	65
chr22	46143765	46143779	15	1	0	15	5	10	0	0	1	0	1	1	1	0	0	0	1	0	0	0	0	0	0	1	0	0	1	1	0	2	1	0	0	1	0	1	0	0
chr22	46143781	46144361	581	1	0	581	333	248	41	17	32	23	40	22	18	17	21	11	19	16	13	7	10	24	25	15	4	13	28	15	1	20	18	18	1	23	26	16	2	23
chr22	46144362	46146423	2062	1	0	2062	980	1082	126	48	54	46	78	84	123	59	46	51	103	46	26	28	35	25	61	70	21	59	114	84	26	113	94	103	23	68	75	80	16	75
chr22	46146424	46154988	8565	1	0	8565	3737	4828	370	169	269	167	218	329	485	210	243	242	378	156	143	106	122	129	267	282	92	205	385	533	287	404	321	458	246	329	269	336	97	316
chr22	46154997	46156823	1827	1	0	1827	1056	771	192	52	75	71	66	63	84	54	62	26	64	37	69	38	41	60	63	55	8	53	82	32	16	64	66	59	15	68	56	48	7	79
chr22	46156825	46156847	23	1	0	23	10	13	0	0	1	0	0	2	2	0	1	1	1	2	0	0	0	0	0	3	0	0	1	0	0	2	0	0	0	0	3	1	0	1
chr22	46156849	46157923	1075	1	0	1075	573	502	49	18	40	48	25	38	59	32	43	25	47	33	38	23	21	33	39	33	5	27	35	39	14	60	33	29	9	30	47	47	4	50
chr22	46157924	46159195	1272	1	0	1272	700	572	92	34	43	53	46	44	61	45	43	22	54	32	42	25	27	36	38	32	11	44	55	34	10	52	40	51	9	44	62	34	10	45
chr22	46159196	46168351	9156	1	0	9156	4850	4306	537	223	327	341	308	337	469	287	307	195	393	239	277	176	204	229	307	251	70	303	405	289	92	399	300	327	99	330	389	318	65	361
chr22	46168352	46170402	2051	1	0	2051	1235	816	181	64	86	86	74	73	70	93	73	40	57	50	89	59	49	89	102	41	13	80	75	49	17	53	49	52	13	52	84	52	7	77
chr22	46170404	46172318	1915	1	0	1915	896	1019	87	34	66	35	53	67	129	48	60	54	107	44	22	37	32	19	60	68	14	50	96	91	16	129	66	80	9	75	75	93	17	80
chr22	46172321	46851221	678901	1	0	678901	324017	354884	32467	15820	21136	17307	19623	28806	39357	19694	20180	16073	30119	14810	14459	10622	11566	11977	24816	21016	7303	18186	34081	34048	10830	33205	25318	30383	9014	25501	23264	26717	5915	25286
chr22	46851223	46926603	75381	1	0	75381	39626	35755	4299	1986	2757	2576	2465	2995	3870	2495	2694	1703	2959	1828	2161	1445	1541	1851	3206	1977	732	2214	3159	2704	857	3211	2760	2457	756	2537	2700	2792	527	3165
chr22	46926604	47087603	161000	2	0	161000	82001	78999	8086	4060	5555	5081	4923	6744	8820	5227	5598	3683	6478	3633	4176	2886	2915	4135	6815	4426	1677	4455	7165	6530	1998	7258	5871	5976	1687	5748	5862	6019	1204	6307
chr22	47087604	47127999	40396	3	0	40396	20068	20328	2082	969	1432	1192	1224	1588	2200	1291	1363	957	1770	876	1006	572	717	827	1485	1136	389	1077	1917	1956	487	1919	1483	1655	412	1446	1419	1532	338	1677
chr22	47128253	47176302	48050	3	0	48050	20766	27284	1453	861	1429	803	1065	2484	3072	1368	1378	1305	2238	882	650	606	617	555	1832	1648	614	1162	2651	2982	979	2641	1996	2438	654	1882	1510	2183	439	1671
chr22	47176304	47176344	41	3	0	41	16	25	1	0	3	0	2	3	3	0	1	2	0	0	0	0	0	0	2	0	1	2	2	1	2	1	3	2	1	4	1	2	0	0
chr22	47176345	47176356	12	3	0	12	4	8	0	0	0	0	0	3	0	0	0	0	0	0	0	0	0	0	2	1	0	0	1	2	0	0	1	0	0	0	0	0	0	0
chr22	47176358	47176376	19	3	0	19	4	15	0	0	0	0	0	2	1	0	0	1	0	0	0	0	0	0	2	1	0	0	1	3	2	1	0	0	2	0	0	1	0	0
chr22	47176385	47176398	14	3	0	14	2	12	0	0	0	0	0	0	1	0	0	1	0	0	0	0	0	0	1	0	0	0	0	3	2	1	0	0	2	0	0	1	0	0
chr22	47176399	47177312	914	3	0	914	314	600	8	9	12	6	13	84	66	7	14	33	36	8	0	8	8	0	52	50	11	21	55	97	35	48	43	42	18	37	21	46	8	16
chr22	47177314	47177395	82	3	0	82	32	50	0	1	2	1	2	3	10	2	2	5	2	1	0	0	0	0	5	1	1	2	3	3	1	3	7	3	5	5	3	3	1	3
chr22	47177397	47177731	335	3	0	335	109	226	3	2	9	1	7	15	26	5	5	8	24	4	0	0	0	0	5	10	3	7	28	36	8	23	14	27	4	18	6	22	3	10
chr22	47177732	47177762	31	3	0	31	12	19	0	0	1	0	0	4	1	2	0	1	1	0	1	1	0	0	4	1	1	0	1	0	2	1	1	2	1	1	1	1	0	0
chr22	47177764	47178056	293	3	0	293	148	145	22	7	6	8	9	10	19	8	7	11	15	5	6	3	8	3	9	10	3	9	13	9	4	12	10	12	2	14	14	7	3	13
chr22	47178058	47178073	16	3	0	16	6	10	0	0	0	0	0	1	1	0	0	0	1	2	0	0	0	0	0	1	0	0	1	1	0	1	1	1	0	0	1	0	1	1
chr22	47178075	47184238	6164	3	0	6164	3572	2592	498	176	247	283	247	189	256	226	244	120	210	165	216	140	130	224	236	169	43	177	257	175	35	212	193	150	36	169	232	184	38	285
chr22	47184250	47186932	2683	3	0	2683	1749	934	250	90	99	166	133	54	87	127	126	44	50	104	96	81	76	165	129	49	7	84	102	40	5	60	49	26	1	56	120	92	1	112
chr22	47186934	47236749	49816	3	0	49816	24697	25119	2380	1037	1533	1526	1453	2402	2588	1974	1458	1224	2059	1097	1185	744	734	1303	2248	1340	568	1251	2530	2478	628	2128	1967	1894	531	1716	1672	2053	295	1818
chr22	47236750	47444819	208070	4	0	208070	107721	100349	10851	5010	7300	7254	6688	7993	11025	7476	7397	4753	8778	5232	5479	3309	4002	5172	8135	5779	1560	5591	9785	8708	1924	9529	7446	7259	1382	7091	7818	8200	1248	8894
chr22	47444821	47549750	104930	4	0	104930	59213	45717	7197	2852	4084	4682	3826	3447	4831	3840	4038	2219	3741	2738	3754	2012	2264	3688	4273	2626	620	3011	4353	3361	671	4113	3281	2905	560	3205	4037	3605	503	4591
chr22	47549751	47654618	104868	5	0	104868	55264	49604	5720	2571	3635	3707	3299	4292	5292	3894	3598	2310	4226	2533	3016	1879	2043	3248	4530	2819	849	2855	4639	4265	994	4531	3756	3472	752	3474	3851	3873	607	4336
chr22	47654649	47727750	73102	5	0	73102	40869	32233	4879	1987	2991	3021	2635	2393	3281	2822	2834	1501	2781	2056	2530	1381	1510	2267	2835	1860	437	2130	3092	2306	474	3024	2296	2055	379	2172	2908	2674	352	3237
chr22	47727751	48002410	274660	6	0	274660	153792	120868	17767	7398	10420	11873	9768	9572	12789	10251	10615	5695	10337	7271	9307	5367	5875	9485	11443	6797	1821	7971	11027	8692	1876	10945	9141	7432	1447	8358	10769	9619	1382	12148
chr22	48002411	48002433	23	6	0	23	18	5	12	0	2	0	1	0	0	0	1	1	1	0	0	0	0	0	0	0	0	0	0	0	0	0	0	0	0	0	1	0	0	2
chr22	48002435	48010941	8507	6	0	8507	5011	3496	625	232	337	424	346	264	347	314	318	179	311	243	329	166	205	370	333	185	44	279	307	191	51	303	270	193	33	256	361	283	44	362
chr22	48010942	48013493	2552	6	0	2552	1648	904	235	73	137	162	106	67	83	78	126	42	69	71	139	58	68	133	101	49	4	85	83	34	6	65	55	43	9	61	95	62	5	146
chr22	48013494	48017501	4008	6	0	4008	2067	1941	211	97	153	138	147	141	229	124	160	104	200	100	80	58	58	66	152	107	35	106	185	140	37	172	137	127	24	154	167	160	29	208
chr22	48017503	48017524	22	6	0	22	12	10	0	1	2	2	2	0	1	0	3	0	1	0	0	0	0	0	0	0	0	0	0	0	0	1	2	0	0	2	1	1	0	1
chr22	48017525	48017684	160	6	0	160	76	84	7	3	2	4	5	8	13	3	1	4	8	6	3	5	3	1	6	7	1	5	9	4	0	10	6	7	3	6	8	5	0	5
chr22	48017686	48017718	33	6	0	33	20	13	1	0	1	2	0	1	2	2	1	0	1	1	2	1	1	3	1	0	0	1	2	0	0	0	1	1	0	3	1	1	0	1
chr22	48017720	48025801	8082	6	0	8082	4646	3436	535	219	346	395	322	238	355	321	345	168	282	236	293	142	173	276	316	180	51	220	326	213	40	317	263	198	24	255	331	306	31	363
chr22	48025803	48025834	32	6	0	32	16	16	2	1	1	1	3	1	1	0	0	1	0	1	0	1	1	0	2	2	0	1	4	2	0	1	0	2	0	0	0	1	0	1
chr22	48025836	48027077	1242	6	0	1242	705	537	107	38	45	48	40	45	50	47	44	25	53	20	47	32	29	34	49	47	7	36	50	38	6	59	31	30	5	36	52	38	6	46
chr22	48027096	48031444	4349	6	0	4349	2648	1701	353	129	153	257	175	134	187	164	163	83	142	123	201	115	86	182	190	104	27	140	163	80	16	140	120	92	14	104	188	123	15	184
chr22	48031445	48032340	896	6	0	896	537	359	84	28	23	45	33	32	29	39	40	16	25	25	23	21	33	39	32	25	9	31	30	22	10	28	27	22	2	15	44	21	5	36
chr22	48032348	48038682	6335	6	0	6335	3912	2423	535	172	248	392	263	165	239	213	242	110	205	170	307	164	156	331	252	138	39	180	206	128	31	198	180	122	28	192	242	175	32	278
chr22	48038683	48170784	132102	5	0	132102	69236	62866	7158	3307	4601	4650	4244	5218	6815	4948	4748	2966	5604	3293	3566	2122	2277	3719	5512	3592	1043	3466	5999	5286	1152	5917	4661	4310	992	4323	5052	5167	801	5591
chr22	48170789	48172756	1968	5	0	1968	1023	945	91	48	86	59	56	59	115	74	73	26	88	69	64	26	46	42	59	52	6	42	88	69	5	122	83	81	6	74	74	81	5	97
chr22	48172758	48660687	487930	5	0	487930	235071	252859	21272	10554	15953	13617	14088	21097	27988	16056	16037	11860	21271	11250	9999	6792	7738	9499	19410	14244	4682	11967	24402	24950	6850	24157	18343	20601	5304	17530	17074	20565	3482	19296
chr22	48660688	48765687	105000	6	0	105000	48085	56915	3719	2126	3123	2432	2611	4572	6533	3252	3225	2782	4888	2451	1845	1310	1495	1720	3813	3088	1357	2532	5429	5885	1814	5505	4050	4838	1228	4029	3676	4822	875	3973
chr22	48765688	49024687	259000	5	0	259000	132561	126439	13326	6074	8765	8646	7904	10949	13540	8833	9051	5842	10816	6375	6530	4131	4547	7232	10750	7091	2515	6640	11866	11469	3032	11690	9261	9127	2239	8673	9349	10370	1700	10665
chr22	49024688	49045687	21000	4	0	21000	9644	11356	827	391	701	492	538	886	1335	588	683	553	1044	402	362	234	288	318	716	629	228	491	1068	1194	309	1167	864	943	225	840	700	972	140	870
chr22	49045688	49094096	48409	5	0	48409	23715	24694	2185	1065	1626	1427	1315	2106	2759	1641	1722	1149	2174	1132	1081	666	691	974	1889	1421	528	1148	2321	2290	624	2388	1819	1877	474	1736	1792	2035	374	1978
chr22	49094185	49094246	62	5	0	62	30	32	1	0	5	3	0	0	0	1	7	0	7	1	1	0	2	1	0	0	0	0	1	5	0	10	0	0	0	0	0	10	0	5
chr22	49094261	49144197	49937	5	0	49937	25660	24277	2711	1214	1675	1747	1511	2051	2669	1747	1778	1181	1984	1227	1347	801	839	1177	2140	1334	490	1284	2222	2091	572	2345	1776	1749	480	1623	1840	2055	360	1915
chr22	49144198	49146668	2471	5	0	2471	1472	999	154	62	94	137	90	69	93	99	110	62	103	78	93	51	84	92	96	58	10	80	88	54	8	85	55	40	7	64	113	83	13	144
chr22	49146669	49149158	2490	5	0	2490	1034	1456	51	45	80	27	46	119	176	57	85	76	168	44	21	8	17	14	73	102	21	52	151	176	43	143	96	108	22	94	78	128	16	151
chr22	49149159	49149674	516	5	0	516	256	260	34	12	28	13	19	21	20	9	26	7	28	6	8	7	7	10	13	20	4	10	18	25	5	46	19	18	4	9	19	31	1	17
chr22	49149680	49152039	2360	5	0	2360	839	1521	20	33	45	20	34	95	200	37	51	76	148	28	13	14	14	11	68	88	24	38	153	216	61	185	83	164	31	105	62	148	14	79
chr22	49152059	49152470	412	5	0	412	157	255	5	4	16	1	7	15	43	5	14	11	25	9	0	0	1	1	15	9	1	5	18	32	7	29	24	28	2	24	13	19	0	27
chr22	49152472	49152701	230	5	0	230	66	164	3	2	4	0	2	13	15	2	3	5	15	0	1	0	1	0	5	10	0	5	14	36	10	18	11	19	5	7	2	14	1	5
chr22	49152703	49152876	174	5	0	174	79	95	4	2	9	2	5	4	9	4	4	2	14	5	4	2	3	5	4	4	0	2	7	16	0	15	7	7	0	6	3	11	0	12
chr22	49152883	49153123	241	5	0	241	86	155	5	2	8	0	5	13	17	2	4	5	13	3	1	2	4	1	5	10	0	7	18	30	3	16	9	14	2	15	6	14	1	4
chr22	49153125	49153161	37	5	0	37	13	24	0	2	0	0	0	1	3	1	2	1	1	0	0	0	1	1	0	3	1	0	2	5	1	2	1	1	0	2	1	2	0	1
chr22	49153163	49154091	929	5	0	929	369	560	17	14	33	10	25	49	62	19	19	31	43	10	14	9	10	3	29	39	6	28	54	79	24	49	48	45	13	42	24	43	7	29
chr22	49154093	49154121	29	5	0	29	8	21	0	0	1	0	1	2	2	0	0	0	2	0	0	0	0	0	0	2	0	0	1	6	0	4	2	2	0	0	1	1	0	0
chr22	49154123	49154286	164	5	0	164	46	118	0	0	7	0	2	4	11	0	4	5	9	1	1	1	0	0	0	9	0	1	11	33	4	18	3	13	2	4	3	12	0	4
chr22	49154304	49154585	282	5	0	282	120	162	11	6	15	0	5	9	16	8	15	12	15	2	1	4	1	0	8	12	6	5	13	20	4	20	10	6	5	7	7	21	1	15
chr22	49154587	49154677	91	5	0	91	23	68	0	1	1	0	2	4	4	5	0	1	4	1	0	0	0	0	1	3	2	0	7	15	5	3	6	9	5	4	1	3	0	2
chr22	49154679	49155823	1145	5	0	1145	518	627	31	23	34	46	38	48	65	26	43	36	45	19	22	7	14	21	38	33	20	23	52	80	26	60	43	55	16	36	44	51	10	38
chr22	49155920	49156001	82	5	0	82	36	46	2	2	0	3	3	7	3	0	0	0	6	1	2	2	0	4	8	2	1	0	0	9	3	3	6	0	3	3	0	3	1	3
chr22	49156002	49156050	49	5	0	49	18	31	2	0	0	3	1	3	3	0	2	0	3	1	0	0	0	0	2	0	1	0	2	4	1	1	3	2	4	3	0	3	1	2
chr22	49156057	49156106	50	5	0	50	27	23	2	1	0	4	3	8	2	0	1	0	2	0	1	1	0	2	8	1	0	1	1	3	0	1	4	0	0	0	0	1	0	1
chr22	49156107	49156125	19	5	0	19	10	9	0	0	0	0	0	1	1	1	0	0	1	2	0	1	0	3	0	0	2	0	0	0	0	0	2	0	0	0	1	1	0	1
chr22	49156126	49160624	4499	5	0	4499	2036	2463	148	84	145	113	114	195	290	146	143	119	211	87	85	41	54	60	166	137	56	81	241	262	69	252	178	234	36	190	160	190	33	177
chr22	49160636	49160716	81	5	0	81	28	53	0	0	1	0	1	4	8	2	0	5	7	0	0	0	0	0	3	6	0	0	4	9	0	9	2	4	0	2	5	2	0	5
chr22	49160717	49161343	627	5	0	627	245	382	11	5	25	7	16	27	44	15	17	24	25	14	4	2	2	6	21	24	4	10	37	58	17	42	25	36	4	23	19	35	5	21
chr22	49161345	49161376	32	5	0	32	18	14	4	3	0	0	3	2	1	2	1	0	1	0	0	0	0	0	3	1	1	0	0	0	1	0	4	0	0	2	1	0	0	0
chr22	49161378	49164682	3305	5	0	3305	1458	1847	123	65	94	73	91	136	206	98	93	75	143	73	48	48	48	44	102	102	49	70	178	196	66	184	151	172	49	142	100	154	36	94
chr22	49164769	49298069	133301	5	0	133301	66510	66791	6189	3108	4579	4113	3920	5264	7267	4595	4719	3251	6021	3349	3161	1887	2127	2959	5027	3700	1349	3434	6465	6076	1703	6245	4641	4862	1223	4724	4913	5850	987	5591
chr22	49298071	49352743	54673	5	0	54673	27632	27041	2913	1323	1909	1809	1651	2176	2993	1728	1994	1277	2343	1250	1396	772	859	1239	2138	1482	574	1354	2430	2372	765	2537	2020	2069	524	1910	1960	2182	419	2303
chr22	49352745	49352764	20	5	0	20	9	11	0	0	0	0	0	1	1	2	0	1	1	2	0	0	0	0	0	0	1	1	1	0	0	0	2	1	1	0	2	0	0	1
chr22	49352766	49352922	157	5	0	157	53	104	0	2	6	1	6	2	13	4	2	6	5	3	1	1	0	0	5	2	1	3	11	14	7	10	4	17	3	9	5	9	1	2
chr22	49352924	49357797	4874	5	0	4874	2639	2235	296	137	168	234	170	157	244	184	212	101	180	140	157	65	68	126	175	125	55	105	203	160	55	208	165	149	46	154	212	192	36	193
chr22	49357807	49359361	1555	5	0	1555	794	761	95	36	48	56	53	72	90	29	48	41	72	34	40	14	23	41	68	43	17	35	63	55	21	71	59	56	21	56	54	56	15	71
chr22	49359362	49359830	469	5	0	469	232	237	29	8	16	12	11	18	24	14	14	9	24	15	11	8	10	9	16	13	2	12	24	20	10	20	14	21	4	17	13	20	6	23
chr22	49359831	49363148	3318	5	0	3318	2093	1225	332	108	141	192	130	74	120	115	148	64	95	101	162	70	90	150	142	61	22	91	85	50	23	102	86	42	20	92	126	106	15	161
chr22	49363150	49363168	19	5	0	19	19	0	8	0	0	3	0	0	0	0	0	0	0	0	3	0	0	3	0	0	0	0	0	0	0	0	0	0	0	0	0	0	0	0
chr22	49363170	49364254	1085	5	0	1085	536	549	35	32	37	24	29	59	50	33	29	27	52	28	35	14	7	43	55	37	17	23	40	49	21	56	33	36	14	31	43	44	14	36
chr22	49364274	49364434	161	5	0	161	73	88	3	4	5	6	8	7	7	3	5	5	11	4	2	0	1	1	5	5	2	4	10	5	4	8	6	4	2	8	5	13	2	4
chr22	49364489	49366859	2371	5	0	2371	1025	1346	81	36	54	42	50	135	150	69	51	57	146	44	31	30	24	25	105	75	24	53	111	132	54	136	112	110	34	100	76	115	22	85
chr22	49366869	49369574	2706	5	0	2706	1224	1482	82	51	66	61	65	131	172	83	72	61	138	60	41	37	33	70	93	74	45	68	150	143	46	124	109	134	42	123	99	112	25	94
chr22	49369576	49370083	508	5	0	508	176	332	6	6	14	3	9	25	39	5	13	8	35	3	1	2	4	3	7	20	7	7	27	49	9	45	30	38	6	26	14	25	6	14
chr22	49370085	49370102	18	5	0	18	7	11	0	0	1	0	0	0	2	1	1	1	0	1	0	0	0	0	0	1	0	0	1	2	0	1	1	0	0	0	0	1	0	2
chr22	49370104	49371876	1773	5	0	1773	755	1018	47	27	67	35	44	72	113	53	56	55	94	27	30	10	15	9	56	51	27	30	91	92	39	100	83	91	32	93	52	88	26	66
chr22	49371878	49371897	20	5	0	20	12	8	2	0	2	0	0	1	1	0	1	2	0	0	1	0	1	0	1	0	0	2	0	0	0	1	0	0	0	0	1	0	0	2
chr22	49371899	49372007	109	5	0	109	41	68	3	0	3	1	2	7	7	3	1	4	7	0	1	0	1	0	5	2	1	3	7	14	2	4	3	6	1	6	3	5	0	5
chr22	49372008	49373415	1408	5	0	1408	523	885	26	16	41	12	16	59	123	29	48	46	70	16	5	4	6	5	27	49	19	31	80	121	39	92	72	88	19	67	48	73	9	50
chr22	49373417	49374707	1291	5	0	1291	653	638	77	36	46	39	37	38	75	36	46	30	55	24	38	11	18	47	39	28	17	30	61	57	19	64	50	53	10	53	36	62	10	47
chr22	49374708	49375354	647	5	0	647	443	204	66	20	32	41	22	15	13	29	38	9	9	14	33	13	19	69	30	6	4	17	14	12	2	11	15	8	1	14	20	13	5	31
chr22	49375369	49377563	2195	5	0	2195	1340	855	175	77	94	110	78	63	77	82	83	34	70	66	121	52	47	110	86	42	21	76	76	47	15	72	63	46	8	49	75	75	12	91
chr22	49377564	49378189	626	5	0	626	326	300	41	14	25	23	15	7	29	27	30	22	24	20	17	8	11	12	18	10	7	17	26	37	13	27	12	15	7	14	22	41	3	30
chr22	49378191	49379580	1390	5	0	1390	730	660	79	40	50	55	41	53	71	39	58	34	62	37	45	15	19	31	46	42	11	43	61	66	15	58	45	28	15	38	52	65	11	63
chr22	49379581	49381734	2154	4	0	2154	1069	1085	85	45	88	59	74	101	121	76	76	56	95	69	42	22	28	30	77	70	9	69	103	83	16	110	109	62	15	66	84	97	28	87
chr22	49381736	49381760	25	4	0	25	8	17	0	0	1	0	0	2	1	0	1	0	1	0	0	0	2	0	1	0	1	0	0	2	0	3	2	2	1	1	0	2	0	0
chr22	49381762	49382624	863	4	0	863	371	492	25	16	28	12	13	30	67	25	27	25	53	10	16	15	4	5	31	26	6	23	43	52	17	57	30	41	9	40	31	50	2	32
chr22	49382674	49383476	803	4	0	803	446	357	55	22	18	44	26	25	37	26	27	19	32	27	31	10	12	33	24	26	5	21	32	25	9	36	23	19	12	20	36	32	14	23
chr22	49383486	49383717	232	4	0	232	165	67	45	9	8	16	15	7	5	8	9	4	2	6	8	4	4	14	16	4	0	4	5	4	0	3	5	1	0	4	9	3	0	8
chr22	49383719	49383745	27	4	0	27	11	16	0	0	2	0	1	0	2	0	1	2	2	0	0	0	0	0	1	0	0	0	1	1	0	3	1	1	0	2	0	3	0	2
chr22	49383747	49384121	375	4	0	375	217	158	23	6	12	12	4	23	19	13	10	18	15	11	15	8	13	14	18	8	9	20	6	8	2	6	13	3	3	7	21	3	4	26
chr22	49384123	49384147	25	4	0	25	15	10	0	0	0	0	0	1	2	2	0	2	1	0	0	3	1	2	3	0	0	3	0	0	0	0	0	0	0	0	3	0	0	0
chr22	49384149	49384225	77	4	0	77	49	28	4	0	2	2	0	2	4	5	2	6	4	3	2	2	4	6	3	0	0	6	1	0	0	0	2	0	0	0	6	1	0	8
chr22	49384227	49384266	40	4	0	40	26	14	2	0	1	1	0	0	2	3	1	4	2	1	1	1	2	4	1	0	0	3	1	0	0	0	0	0	0	0	3	1	0	4
chr22	49384347	49384360	14	4	0	14	10	4	2	0	1	1	0	0	0	0	0	1	1	1	1	0	1	0	0	0	0	0	0	0	0	0	0	0	0	0	0	0	0	3
chr22	49384368	49384384	17	4	0	17	10	7	0	0	0	0	0	0	2	2	0	2	1	0	0	1	0	1	0	0	0	3	0	0	0	0	0	0	0	0	3	0	0	0
chr22	49384549	49384662	114	4	0	114	65	49	6	0	2	3	0	12	9	3	3	8	6	3	2	3	2	3	9	0	4	9	0	0	0	0	6	0	0	0	9	0	0	10
chr22	49385099	49385218	120	4	0	120	69	51	6	0	3	3	0	12	9	3	3	9	6	3	3	3	3	3	9	0	4	9	0	0	0	0	6	0	0	0	9	0	0	12
chr22	49385548	49385598	51	4	0	51	36	15	8	0	1	2	0	3	2	3	2	2	1	2	1	1	2	4	3	0	0	3	0	0	0	0	2	0	0	0	3	0	0	4
chr22	49385769	49385811	43	4	0	43	26	17	4	0	1	1	0	3	2	2	1	3	2	1	1	1	2	2	1	0	2	3	0	0	0	0	2	0	0	0	3	0	0	4
chr22	49385897	49385933	37	4	0	37	24	13	2	0	1	1	0	2	1	3	1	2	2	2	1	1	2	2	2	0	0	3	0	0	0	0	0	0	0	0	3	0	0	4
chr22	49386247	49386297	51	4	0	51	32	19	2	1	1	1	0	3	1	3	2	2	3	1	2	1	4	3	2	0	2	3	0	0	0	0	4	0	0	0	2	0	0	6
chr22	49386378	49386486	109	4	0	109	66	43	6	0	4	2	0	7	7	5	2	8	5	3	4	4	4	4	6	0	4	9	0	0	0	0	4	0	0	0	8	0	0	11
chr22	49386488	49386755	268	4	0	268	163	105	18	0	6	11	1	22	19	10	11	15	9	10	6	8	7	9	20	0	10	15	0	0	0	0	12	0	2	0	19	0	0	26
chr22	49387325	49388401	1077	4	0	1077	645	432	70	0	28	27	0	87	73	41	27	75	55	34	28	27	33	38	74	1	36	79	4	0	0	1	46	0	0	0	78	4	0	109
chr22	49388403	49388418	16	4	0	16	9	7	0	0	0	0	0	1	1	1	0	2	1	0	0	1	0	1	0	0	0	3	0	0	0	0	0	0	0	0	3	0	0	0
chr22	49388420	49389345	926	4	0	926	541	385	90	25	38	42	37	29	36	34	33	18	36	29	36	18	17	21	28	24	10	28	40	17	5	36	32	24	4	20	36	33	5	43
chr22	49389348	49389370	23	4	0	23	16	7	5	1	1	3	1	0	0	0	2	0	0	1	2	0	0	0	0	1	0	0	1	2	0	0	0	0	0	0	0	0	0	1
chr22	49389372	49398369	8998	4	0	8998	4723	4275	480	203	313	384	278	343	463	319	340	195	380	202	283	138	142	259	344	225	81	229	366	381	110	385	336	308	72	320	357	329	67	364
chr22	49398371	49498850	100480	4	0	100480	51457	49023	5406	2454	3352	3447	2994	4351	5071	3544	3620	2308	4016	2580	2639	1535	1667	2473	4255	2812	1118	2463	4758	4207	1352	4331	3350	3493	1044	3314	3597	4136	794	3997
chr22	49498851	49542163	43313	3	0	43313	22004	21309	1862	1010	1369	1360	1240	1941	2304	1724	1363	1053	1756	1322	1136	685	834	1043	1824	1277	424	1164	1967	1869	494	1904	1606	1485	409	1392	1812	1603	275	1804
chr22	49542165	49592851	50687	3	0	50687	24462	26225	2133	1151	1588	1379	1404	2202	2870	1777	1612	1231	2250	1284	1102	729	794	955	1983	1508	579	1243	2546	2539	744	2428	1886	2028	514	1849	1838	2182	375	1982
chr22	49592852	49667851	75000	2	0	75000	34133	40867	2836	1490	2091	1826	1871	3383	4602	2440	2239	1890	3352	1806	1297	899	952	1158	2719	2414	871	1658	4143	4537	1320	3775	2907	3439	980	2816	2527	3384	627	2749
chr22	49667852	49971129	303278	1	0	303278	140939	162339	14344	6687	9161	7523	8370	12771	17972	8250	9082	7581	13388	6077	5919	4213	4520	5080	10827	9195	3547	7683	14969	16962	6013	14710	11445	14418	4918	11522	10122	12079	2802	11126
chr22	49976349	50337070	360722	1	0	360722	158092	202630	14705	7060	9800	7247	9091	15892	22482	9016	9137	9391	16653	6985	5879	4770	5095	4888	11989	11905	4568	8650	19014	22922	8177	18701	13892	19384	7003	14257	11586	14603	3556	12422
chr22	50337071	50361070	24000	2	0	24000	11620	12380	1310	525	545	548	605	1843	1289	585	566	592	920	441	447	498	461	444	1538	779	171	970	1177	1404	328	940	748	853	313	640	859	813	180	666
chr22	50361071	50604084	243014	1	0	243014	110303	132711	11252	4927	7217	5259	6611	9960	14723	5738	6334	6058	11840	4922	4458	3585	4028	3391	7723	7784	2672	6351	12360	13552	4924	12872	8897	12603	4234	9583	8052	9768	2332	9002
chr22	50604086	50620071	15986	1	0	15986	7023	8963	676	275	448	315	393	647	1006	339	387	438	833	304	258	204	249	250	463	519	193	389	812	977	352	857	614	840	340	644	496	662	158	646
chr22	50645072	50729071	84000	1	0	84000	39387	44613	3758	1896	2556	1992	2452	3841	4897	2232	2359	2079	3691	1696	1633	1429	1346	1530	3411	2650	900	2284	4129	4759	1488	4096	3151	3777	1158	2983	2731	3286	682	3126
chr22	50729072	50758071	29000	2	0	29000	14253	14747	1398	675	971	817	926	1190	1486	892	921	753	1209	704	616	435	602	657	1074	968	275	736	1365	1517	433	1329	1015	1075	370	1002	1039	1084	262	1202
chr22	50758072	50781071	23000	3	0	23000	12373	10627	1454	608	803	833	790	821	1143	773	762	486	968	570	691	529	508	632	901	666	175	703	961	793	209	1019	743	748	169	754	922	775	143	946
chrX	10001	27499	17499	6	0	17499	7943	9556	763	378	502	417	427	640	867	366	490	555	950	343	380	235	341	288	480	686	208	434	786	1222	443	921	522	656	308	550	512	808	265	754
chrX	27500	44821	17322	5	0	17322	8755	8567	364	331	299	516	780	362	1070	541	54	1072	1328	242	312	56	1092	335	516	570	43	692	351	349	87	1000	1328	615	40	279	557	253	68	1818
chrX	228162	266832	38671	4	0	38671	18116	20555	1497	773	977	907	1171	1362	2068	911	776	1492	2380	800	710	403	1245	644	1178	1411	377	1064	1471	2002	792	2093	1619	1524	435	1140	1244	1420	410	2373
chrX	266833	314717	47885	3	0	47885	21162	26723	1719	742	1012	1088	998	2485	2627	1349	998	1604	2048	1143	846	717	637	1148	2164	1607	852	925	2245	3018	1463	2584	1563	2360	848	1301	1487	2325	465	1515
chrX	320650	371764	51115	4	0	51115	20421	30694	1734	1022	1064	721	1127	2530	2768	962	1118	1582	2866	842	562	594	509	419	1698	1784	1212	1034	2302	4109	1849	2644	1819	2580	1390	1865	1569	2431	743	1664
chrX	371765	458764	87000	5	0	87000	41814	45186	4768	1903	2069	2306	2356	3762	4548	2303	2302	2277	4347	2305	1620	1469	1586	1892	3289	2599	1422	2101	3765	3850	2076	3796	2793	3663	1567	3033	3122	3375	1115	3619
chrX	458765	561764	103000	6	0	103000	53382	49618	6220	2201	3511	3184	2751	4260	4726	3628	3741	2195	5058	2697	2404	1770	1729	3307	4390	2503	1307	2225	4214	3824	1542	4798	3589	3325	1069	3139	3172	4726	932	4861
chrX	561765	1010764	449000	7	0	449000	243993	205007	27568	10315	14947	16023	13275	15758	19953	14975	15310	9953	21146	13632	12700	8662	9836	19940	17077	12176	4598	10837	18403	15438	5217	18635	13184	12876	4106	12417	15297	17202	3549	23993
chrX	1010765	1074475	63711	6	0	63711	34099	29612	4599	1543	2175	2374	2019	2268	2984	1980	2284	1333	2810	1702	1791	1077	1188	1970	2272	1709	686	1554	2694	2065	894	2645	1997	2192	707	2068	2288	2332	619	2890
chrX	1074476	1075525	1050	6	0	1050	505	545	28	22	33	22	15	56	72	14	54	51	81	13	8	6	17	11	42	37	4	53	37	38	16	55	8	29	2	25	70	42	16	71
chrX	1075526	1075573	48	6	0	48	22	26	1	1	1	0	0	1	5	0	2	3	5	0	1	0	1	0	1	1	1	2	1	1	0	4	0	2	0	2	4	2	0	4
chrX	1075574	1076263	690	6	0	690	374	316	33	18	20	22	17	33	38	27	31	21	28	17	13	16	15	24	35	24	8	21	34	19	1	30	13	13	5	15	33	27	2	35
chrX	1076264	1076280	17	6	0	17	3	14	0	0	0	0	0	2	1	0	0	0	0	0	0	0	0	0	0	1	1	0	2	0	1	1	1	5	0	0	0	0	0	0
chrX	1076281	1076678	398	6	0	398	181	217	16	7	9	8	13	21	19	10	5	9	26	16	6	6	8	2	13	15	4	11	24	12	9	20	9	23	6	14	16	15	7	17
chrX	1076680	1078131	1452	6	0	1452	746	706	101	35	61	46	63	58	70	32	56	44	64	36	22	18	14	24	65	30	26	35	48	46	24	60	47	46	27	52	63	56	19	62
chrX	1078132	1078257	126	6	0	126	81	45	10	3	1	6	4	2	6	5	4	2	5	1	2	1	2	25	4	2	0	2	3	3	2	3	6	4	0	4	4	2	0	6
chrX	1078258	1079464	1207	6	0	1207	602	605	83	27	34	44	35	48	68	24	37	21	61	26	33	22	23	16	33	34	13	38	57	39	22	53	40	57	24	49	45	41	12	46
chrX	1079465	1079474	10	6	0	10	6	4	1	1	0	1	1	0	0	1	1	0	0	0	0	0	0	0	1	0	0	0	0	0	0	0	1	0	0	0	0	0	0	0
chrX	1079475	1079570	96	6	0	96	63	33	18	0	3	6	3	2	5	2	1	2	5	3	5	2	0	5	2	0	2	2	2	0	0	2	2	2	2	4	5	2	0	5
chrX	1079571	1079609	39	6	0	39	14	25	0	0	0	0	0	2	4	2	0	2	3	0	0	0	0	0	1	1	0	2	4	0	0	1	3	3	2	2	1	1	1	2
chrX	1079610	1079851	242	6	0	242	104	138	9	4	3	7	6	12	16	6	4	5	15	7	4	3	3	0	6	9	5	4	15	11	4	14	10	13	3	12	9	11	3	7
chrX	1079852	1080344	493	6	0	493	234	259	31	9	15	12	24	15	24	18	6	10	27	18	7	7	8	2	11	18	4	8	32	15	4	25	19	25	13	23	18	18	7	18
chrX	1080345	1080361	17	6	0	17	6	11	0	0	0	0	0	2	1	0	0	0	1	1	0	0	0	0	0	2	0	0	2	1	0	1	0	1	0	1	1	1	0	0
chrX	1080362	1083460	3099	6	0	3099	1577	1522	223	74	109	81	111	112	164	80	89	78	140	80	65	60	52	57	96	92	33	103	145	110	52	141	103	124	31	104	123	122	26	117
chrX	1083461	1083477	17	6	0	17	12	5	4	1	0	1	0	0	0	1	1	0	0	0	1	1	0	2	1	0	1	0	0	0	0	0	0	0	0	0	0	1	0	0
chrX	1083478	1083656	179	6	0	179	116	63	21	7	5	14	11	4	2	5	2	3	5	4	12	5	4	11	8	9	1	1	7	8	1	6	1	3	0	3	6	2	0	6
chrX	1083657	1083704	48	6	0	48	22	26	0	2	0	2	2	1	2	0	1	2	1	1	1	2	4	1	2	3	2	0	2	5	0	3	0	1	0	1	1	1	1	2
chrX	1083705	1083776	72	6	0	72	35	37	0	2	2	4	1	1	2	2	3	2	1	2	3	1	6	2	1	4	1	0	2	10	0	4	0	3	0	3	3	0	1	4
chrX	1083777	1083825	49	6	0	49	24	25	0	2	0	2	1	1	1	2	2	2	2	0	1	1	4	2	2	4	0	0	1	4	1	4	0	1	0	1	3	0	1	2
chrX	1083826	1083878	53	6	0	53	27	26	0	2	1	3	1	1	1	2	3	1	1	1	2	1	5	2	1	3	1	0	1	5	0	3	0	2	0	2	2	0	1	3
chrX	1083879	1083937	59	6	0	59	30	29	1	1	1	3	2	0	2	2	2	1	1	1	1	3	5	2	2	4	0	0	2	8	0	4	0	2	0	2	2	0	0	3
chrX	1083938	1083997	60	6	0	60	29	31	0	2	1	3	1	2	1	2	3	1	1	1	2	1	5	2	1	4	2	0	2	7	1	3	0	2	0	2	2	0	1	3
chrX	1084004	1084023	20	6	0	20	9	11	0	0	1	1	0	0	0	0	1	0	0	1	1	1	2	0	0	1	1	0	0	3	0	1	0	1	0	1	0	0	1	1
chrX	1084024	1084497	474	6	0	474	232	242	2	10	8	24	10	8	16	16	22	19	9	8	10	13	40	16	11	32	6	1	15	60	0	32	0	13	0	13	24	1	6	27
chrX	1084498	1084844	347	6	0	347	176	171	8	10	6	17	11	8	12	11	14	12	9	7	8	9	22	10	12	21	2	4	12	37	2	21	0	9	0	9	18	5	4	15
chrX	1084845	1085000	156	6	0	156	80	76	6	5	6	6	6	5	5	10	9	0	11	5	2	1	2	1	2	2	4	3	6	2	1	4	11	5	4	6	6	4	3	11
chrX	1085001	1085116	116	6	0	116	68	48	13	5	4	2	3	4	5	8	4	4	4	1	3	2	0	5	6	4	0	5	6	4	0	3	3	2	0	1	5	4	0	4
chrX	1085131	1085707	577	6	0	577	288	289	22	15	18	19	21	18	19	17	17	14	29	13	14	14	21	17	17	20	10	13	29	39	5	29	9	17	0	26	20	25	9	19
chrX	1085708	1085724	17	6	0	17	6	11	1	1	1	0	2	1	0	0	0	0	0	0	0	0	0	0	1	0	0	0	2	2	0	1	0	3	0	0	0	0	0	0
chrX	1085725	1085804	80	6	0	80	41	39	1	2	0	4	3	1	3	3	2	2	2	5	1	2	7	2	3	3	0	0	3	7	0	5	0	2	0	4	5	3	0	3
chrX	1085805	1085820	16	6	0	16	8	8	1	0	1	2	1	0	1	0	2	0	0	0	0	0	0	0	0	0	0	0	1	1	0	1	0	1	0	1	1	0	0	0
chrX	1085830	1085936	107	6	0	107	56	51	4	3	2	5	7	2	4	4	1	3	4	5	2	1	6	1	3	3	0	3	6	8	0	3	3	3	0	6	6	3	0	4
chrX	1085937	1085963	27	6	0	27	13	14	1	1	0	1	2	1	1	2	0	1	0	0	0	0	1	1	1	2	0	0	2	2	0	1	1	1	0	1	2	0	0	0
chrX	1085966	1086039	74	6	0	74	42	32	1	3	2	3	5	3	2	2	2	2	2	1	2	3	5	2	7	3	0	1	1	4	0	4	0	2	0	2	4	0	0	4
chrX	1086040	1086092	53	6	0	53	27	26	2	1	1	2	1	0	1	5	1	0	1	2	2	1	4	3	1	0	0	1	4	5	0	1	1	3	1	3	1	1	0	2
chrX	1086093	1086121	29	6	0	29	14	15	1	0	1	2	1	2	1	0	2	1	0	0	0	1	1	0	1	1	1	0	1	2	0	2	0	1	0	1	2	1	1	0
chrX	1086122	1086134	13	6	0	13	8	5	0	0	0	0	1	1	0	1	0	1	1	0	0	0	1	1	1	0	0	1	0	0	0	0	0	0	0	0	2	0	0	0
chrX	1086135	1086152	18	6	0	18	9	9	1	1	0	1	1	0	2	0	0	0	1	1	0	0	0	0	0	0	0	1	1	0	0	0	1	1	0	2	1	1	0	0
chrX	1086153	1086176	24	6	0	24	12	12	0	1	1	0	2	0	1	0	0	1	3	0	1	0	1	0	0	0	0	2	0	1	0	1	1	1	0	1	2	0	0	2
chrX	1086177	1086258	82	6	0	82	42	40	2	2	1	4	5	2	2	4	1	2	0	4	1	0	5	6	2	4	0	0	6	8	0	3	2	3	0	4	3	2	0	2
chrX	1086261	1086334	74	6	0	74	42	32	1	3	2	3	5	3	2	2	2	2	2	1	2	3	5	2	7	3	0	1	1	4	0	4	0	2	0	2	4	0	0	4
chrX	1086335	1086411	77	6	0	77	41	36	3	2	2	4	4	1	2	5	3	2	1	2	1	1	3	3	2	3	0	1	6	6	0	2	2	3	0	3	4	2	0	2
chrX	1086417	1086429	13	6	0	13	8	5	0	0	0	0	1	1	0	1	0	1	1	0	0	0	1	1	1	0	0	1	0	0	0	0	0	0	0	0	2	0	0	0
chrX	1086430	1086526	97	6	0	97	49	48	4	3	2	4	6	1	5	3	1	2	4	5	2	0	5	1	1	2	0	3	5	7	0	3	4	4	0	6	5	3	0	4
chrX	1086527	1086555	29	6	0	29	15	14	1	1	0	1	2	1	1	1	0	2	0	0	0	0	1	3	1	2	0	0	3	2	0	1	0	1	0	1	1	1	0	0
chrX	1086556	1086629	74	6	0	74	42	32	1	3	2	3	5	3	2	2	2	2	2	1	2	3	5	2	7	3	0	1	1	4	0	4	0	2	0	2	4	0	0	4
chrX	1086630	1086656	27	6	0	27	17	10	2	1	1	1	1	0	0	2	0	0	1	1	1	1	2	2	1	0	0	1	1	0	0	0	1	1	1	1	0	0	0	2
chrX	1086657	1086742	86	6	0	86	40	46	2	3	1	4	4	2	4	4	3	2	2	2	0	1	3	2	2	3	1	2	5	9	0	4	1	5	0	4	6	2	1	0
chrX	1086743	1086785	43	6	0	43	19	24	0	1	1	0	1	2	1	2	0	3	4	0	1	1	2	0	1	2	1	2	0	3	1	3	1	1	0	0	4	1	0	2
chrX	1086786	1088149	1364	6	0	1364	718	646	52	46	28	56	60	48	58	58	48	30	62	40	22	26	40	44	52	50	13	35	69	56	7	56	29	37	17	43	74	46	7	53
chrX	1088150	1088238	89	6	0	89	48	41	19	0	0	3	4	3	6	1	0	3	6	0	0	2	0	0	5	0	0	3	6	4	0	1	2	7	1	2	1	1	1	6
chrX	1088239	1088361	123	6	0	123	56	67	8	2	2	4	3	5	6	1	2	1	8	0	3	5	5	1	2	4	2	5	6	5	4	6	4	7	3	6	3	5	1	2
chrX	1088362	1088495	134	6	0	134	62	72	4	3	4	2	4	8	8	7	4	3	7	3	1	1	1	1	4	4	1	6	9	4	1	6	9	8	0	3	5	4	2	5
chrX	1088496	1090722	2227	6	0	2227	1228	999	155	70	67	85	88	71	94	81	74	43	93	68	61	52	56	68	77	72	15	72	98	61	28	90	67	68	15	58	92	76	20	90
chrX	1090723	1090757	35	6	0	35	21	14	4	0	1	3	2	3	1	0	0	0	0	0	2	1	1	1	3	1	0	0	2	0	0	2	2	3	0	1	0	0	0	0
chrX	1090758	1091196	439	6	0	439	243	196	27	17	9	21	21	17	23	12	10	8	23	17	16	2	4	16	18	13	2	11	21	15	3	13	17	9	3	11	17	15	2	24
chrX	1091197	1091208	12	6	0	12	5	7	0	1	0	0	0	2	0	0	1	0	0	0	0	0	0	0	1	2	0	0	1	1	0	0	0	0	0	0	1	0	0	0
chrX	1091209	1091356	148	6	0	148	69	79	11	2	1	6	3	7	9	1	2	5	6	3	4	4	3	1	4	9	0	5	9	8	5	7	2	6	4	4	5	6	1	3
chrX	1091357	1091401	45	6	0	45	17	28	0	0	1	1	0	3	2	2	1	0	3	1	1	1	0	0	1	1	1	1	2	2	2	2	3	4	0	3	2	2	1	0
chrX	1091402	1091444	43	6	0	43	21	22	0	1	3	1	0	1	2	0	3	1	2	1	2	2	2	0	1	1	2	1	2	2	1	0	0	0	1	2	0	2	0	5
chrX	1091449	1091770	322	6	0	322	167	155	20	12	6	5	11	13	18	12	10	6	21	10	2	6	6	8	16	5	2	14	17	8	1	10	12	11	6	5	9	12	5	21
chrX	1091771	1091794	24	6	0	24	8	16	0	0	0	0	0	1	1	4	0	1	0	0	0	0	0	0	1	1	0	0	3	1	0	1	3	3	2	0	0	0	0	0
chrX	1091795	1091969	175	6	0	175	80	95	6	2	2	6	3	7	10	4	4	4	8	6	3	5	6	4	5	8	0	5	12	7	3	9	2	9	3	8	5	7	6	4
chrX	1091978	1092421	444	6	0	444	236	208	19	8	18	18	15	16	20	18	21	10	12	20	8	11	13	8	9	19	4	13	24	11	5	17	14	11	3	14	22	16	6	19
chrX	1092422	1092556	135	6	0	135	64	71	9	3	2	3	5	5	7	7	1	4	7	3	2	1	3	0	2	7	1	4	8	6	3	7	6	7	0	5	8	4	0	3
chrX	1092557	1092859	303	6	0	303	137	166	17	5	5	8	10	13	20	5	2	8	15	9	6	6	6	2	6	12	7	7	21	11	4	17	8	21	5	11	13	9	2	10
chrX	1092860	1092942	83	6	0	83	45	38	8	2	0	4	3	3	4	4	1	2	4	4	2	1	3	0	1	4	0	2	5	2	0	4	3	2	0	2	5	3	0	3
chrX	1092949	1093085	137	6	0	137	56	81	0	3	2	3	3	6	9	2	3	4	12	3	1	2	1	0	2	6	2	5	8	5	3	8	7	5	2	6	4	8	5	5
chrX	1093089	1093453	365	6	0	365	197	168	35	15	10	9	5	15	23	9	22	9	20	10	6	2	2	4	20	7	5	9	8	11	7	11	7	5	3	13	17	14	9	21
chrX	1093454	1093476	23	6	0	23	15	8	3	0	0	3	2	0	1	0	0	1	2	0	1	0	0	1	1	1	0	0	0	0	0	1	0	0	0	1	2	0	0	1
chrX	1093477	1094018	542	6	0	542	240	302	25	10	19	12	19	20	35	9	14	22	21	10	8	7	4	5	17	23	10	9	24	39	13	27	23	21	7	20	19	21	4	23
chrX	1094020	1094544	525	6	0	525	299	226	49	11	12	25	16	21	35	16	13	15	13	13	20	14	6	18	33	11	7	11	16	13	6	13	21	16	7	18	18	8	4	24
chrX	1094545	1096290	1746	6	0	1746	919	827	109	51	45	75	55	83	78	56	59	33	82	47	57	33	22	34	83	49	28	40	68	56	32	60	56	57	26	49	64	53	26	78
chrX	1096291	1096319	29	6	0	29	12	17	0	1	1	0	1	2	3	0	1	3	0	0	0	0	0	0	0	1	1	3	0	1	1	0	2	1	0	1	4	0	0	0
chrX	1096320	1098079	1760	6	0	1760	876	884	93	39	57	66	49	83	105	44	67	37	81	27	46	22	32	27	49	55	25	51	108	66	12	77	56	72	16	84	68	70	11	63
chrX	1098080	1101673	3594	6	0	3594	1808	1786	179	62	108	84	94	122	167	156	98	66	285	152	63	36	67	68	97	108	13	68	194	114	18	236	109	91	9	127	139	250	16	196
chrX	1101674	1101793	120	6	0	120	54	66	0	0	0	0	0	9	7	8	0	3	5	12	0	1	3	4	5	6	0	2	11	7	2	1	3	1	1	7	6	7	1	6
chrX	1101794	1103649	1856	6	0	1856	952	904	50	20	29	47	22	134	106	121	29	49	77	92	44	26	46	58	94	93	3	39	130	58	5	51	55	29	4	96	105	64	6	72
chrX	1103657	1104352	696	6	0	696	371	325	51	19	22	26	21	31	33	14	18	15	28	13	28	16	15	21	25	20	13	22	36	15	7	31	15	31	10	24	23	24	6	21
chrX	1104353	1104392	40	6	0	40	21	19	0	1	0	3	0	0	3	0	2	0	4	1	2	1	2	0	1	0	0	1	1	1	0	4	1	2	0	1	1	3	0	3
chrX	1104393	1104816	424	6	0	424	272	152	13	7	5	8	9	9	20	17	6	9	13	21	5	27	29	73	31	11	2	8	6	1	2	15	10	4	1	11	8	8	1	32
chrX	1104821	1106000	1180	6	0	1180	647	533	78	35	33	42	37	44	50	34	41	26	52	26	32	25	22	69	52	33	19	26	46	39	17	41	27	40	17	30	40	30	15	60
chrX	1106001	1106060	60	6	0	60	34	26	3	2	3	1	2	2	0	0	3	1	11	1	2	1	1	0	0	1	3	2	1	1	1	0	0	0	0	0	3	1	0	12
chrX	1106061	1106180	120	6	0	120	60	60	2	0	7	0	0	0	3	0	7	3	35	1	0	0	1	1	3	0	0	0	0	2	0	8	0	0	0	0	0	8	0	37
chrX	1106181	1106614	434	6	0	434	222	212	7	3	26	0	6	0	14	1	23	17	115	4	0	0	3	3	20	0	0	0	1	3	0	24	0	0	2	2	0	25	2	131
chrX	1106615	1106679	65	6	0	65	34	31	1	0	5	0	0	0	2	0	5	2	17	0	0	0	0	0	2	0	0	0	0	0	0	4	0	0	0	0	0	4	0	21
chrX	1106680	1106704	25	6	0	25	16	9	2	0	2	0	1	0	0	0	2	1	4	1	0	0	1	1	1	0	0	0	0	0	0	0	0	0	0	0	0	0	0	7
chrX	1106705	1106773	69	6	0	69	39	30	4	0	5	0	2	0	2	1	4	4	14	1	0	0	0	0	4	0	0	0	1	0	0	2	0	0	0	0	0	3	0	20
chrX	1106778	1106915	138	6	0	138	73	65	7	1	7	0	1	2	7	0	5	7	26	3	2	0	1	3	10	0	0	0	0	7	0	6	0	0	0	0	0	6	0	35
chrX	1106916	1106947	32	6	0	32	17	15	2	0	2	0	0	0	1	0	2	1	8	0	0	0	0	0	1	0	0	0	0	0	0	2	0	0	0	0	0	1	0	10
chrX	1106948	1107892	945	6	0	945	452	493	31	28	17	25	28	53	49	25	25	26	55	25	17	11	27	9	54	32	12	20	44	31	16	49	27	31	9	37	30	46	11	43
chrX	1107893	1107922	30	6	0	30	11	19	0	1	0	0	1	5	2	0	0	0	0	0	0	1	1	0	3	2	0	1	3	1	0	1	2	2	1	1	0	0	0	0
chrX	1107923	1109473	1551	6	0	1551	784	767	108	43	52	48	64	58	84	39	49	29	69	29	31	32	26	21	53	55	15	39	68	54	26	77	49	67	14	74	75	49	11	41
chrX	1109478	1110210	733	6	0	733	352	381	41	13	35	13	18	32	37	23	37	19	39	14	6	4	10	10	25	18	4	21	31	41	7	57	31	14	0	23	23	63	1	21
chrX	1110211	1151346	41136	6	0	41136	21447	19689	2327	854	1175	1162	1073	2114	1984	1361	1189	1125	1784	1240	929	877	909	1343	2161	1196	545	1068	1631	1437	603	1653	1349	1191	430	1086	1390	1500	402	2046
chrX	1151347	1164081	12735	5	0	12735	6502	6233	772	252	379	320	299	431	673	290	401	377	1023	253	251	225	176	379	551	343	124	267	470	421	188	592	306	437	155	324	366	471	149	1068
chrX	1197001	1197110	110	5	0	110	85	25	43	9	3	3	9	2	1	0	4	1	1	1	2	2	0	2	8	2	3	1	2	0	0	0	1	0	0	1	1	0	3	3
chrX	1197115	1198212	1098	5	0	1098	522	576	73	23	29	30	29	49	56	26	31	24	65	23	22	14	13	15	42	28	12	27	52	47	23	62	32	50	17	39	33	59	16	35
chrX	1198213	1198240	28	5	0	28	9	19	0	0	1	0	0	2	1	0	1	1	3	0	0	0	0	0	1	1	0	0	1	3	0	4	1	1	0	0	0	3	2	0
chrX	1198246	1198272	27	5	0	27	9	18	0	0	1	0	0	2	1	0	1	1	2	0	0	0	0	0	1	1	0	0	1	3	0	5	1	1	0	0	0	4	0	0
chrX	1198273	1198364	92	5	0	92	29	63	0	0	3	0	0	5	6	0	3	3	9	0	0	0	0	0	3	4	0	0	5	10	0	16	3	4	0	1	0	13	2	0
chrX	1198365	1198411	47	5	0	47	17	30	0	0	2	0	0	2	1	0	2	2	4	1	0	0	1	1	2	2	0	0	1	5	2	6	1	1	0	0	0	6	2	1
chrX	1198412	1198437	26	5	0	26	7	19	0	0	1	0	0	1	1	0	1	0	3	0	0	0	0	0	0	1	0	0	2	4	0	5	0	1	0	0	0	4	0	0
chrX	1198438	1198734	297	5	0	297	130	167	5	5	10	3	6	12	15	11	9	11	15	3	3	7	5	9	11	13	3	7	17	15	5	21	10	14	4	8	6	16	6	10
chrX	1198735	1199928	1194	5	0	1194	663	531	37	25	33	32	33	74	59	28	20	19	48	32	37	42	21	121	92	32	5	31	45	23	15	45	27	42	14	41	30	31	14	44
chrX	1199935	1200077	143	5	0	143	103	40	0	0	4	1	0	18	3	5	0	0	1	0	5	12	1	52	26	2	2	0	0	0	0	2	0	0	0	6	0	0	0	1
chrX	1200078	1200114	37	5	0	37	29	8	0	0	1	1	1	3	1	1	0	0	0	0	1	3	0	15	6	0	0	0	0	0	0	0	0	0	0	2	0	0	0	0
chrX	1200115	1200126	12	5	0	12	9	3	1	1	1	0	1	1	0	0	0	0	0	0	0	1	0	1	2	0	0	1	0	0	0	0	0	0	0	0	0	0	0	0
chrX	1200128	1200318	191	5	0	191	133	58	1	0	5	1	0	23	5	11	0	0	0	0	6	19	0	60	35	3	5	0	0	0	1	2	4	0	0	8	0	0	0	0
chrX	1200324	1200407	84	5	0	84	63	21	1	0	2	1	0	9	0	9	0	0	0	1	3	9	0	27	17	1	0	0	0	0	0	1	0	0	0	0	0	0	0	1
chrX	1200408	1200430	23	5	0	23	16	7	0	0	1	0	0	3	1	1	0	0	0	0	1	1	0	7	4	0	0	0	0	0	0	0	0	0	0	2	0	0	0	0
chrX	1200431	1200534	104	5	0	104	76	28	2	1	4	1	0	10	2	4	0	0	0	0	6	8	0	37	13	2	4	0	0	0	0	2	2	0	0	4	0	0	0	0
chrX	1200642	1200700	59	5	0	59	40	19	0	0	1	0	0	10	1	3	0	0	0	0	1	4	0	19	13	1	0	0	1	1	0	0	0	0	0	2	0	0	0	0
chrX	1200702	1200741	40	5	0	40	30	10	1	0	1	1	0	3	0	3	0	0	0	1	2	4	0	13	4	0	2	0	0	0	0	0	2	0	0	0	0	0	0	1
chrX	1200743	1200800	58	5	0	58	42	16	0	0	2	0	0	5	1	5	0	0	0	1	2	5	1	18	9	1	0	0	0	0	0	1	2	0	0	2	0	0	0	1
chrX	1200801	1200842	42	5	0	42	28	14	0	0	2	0	1	3	1	1	0	0	0	0	1	8	0	11	6	1	2	0	0	0	0	1	0	0	0	2	0	0	0	0
chrX	1200845	1201006	162	5	0	162	99	63	3	3	3	7	2	15	3	13	6	3	3	3	5	7	8	14	20	4	1	3	3	3	0	3	5	1	0	4	5	2	1	7
chrX	1201008	1201095	88	5	0	88	51	37	2	2	1	3	2	3	8	4	2	1	1	1	3	8	5	4	8	2	0	4	1	1	0	2	6	1	0	6	2	0	0	3
chrX	1201097	1201216	120	5	0	120	74	46	7	1	4	6	3	4	5	4	4	3	2	3	4	7	6	11	8	4	1	2	2	2	1	5	3	0	0	4	2	4	0	6
chrX	1201218	1201241	24	5	0	24	13	11	0	0	0	0	1	0	3	3	0	2	0	1	0	1	0	0	1	1	0	1	1	0	0	0	3	0	0	1	2	0	0	1
chrX	1201243	1201277	35	5	0	35	16	19	0	1	0	0	0	6	2	2	0	2	0	0	1	0	1	0	6	1	1	1	0	0	0	2	3	1	0	1	1	0	1	0
chrX	1201278	1201341	64	5	0	64	31	33	1	1	0	0	1	15	6	2	0	4	0	0	0	0	0	0	20	0	0	0	0	0	0	2	4	2	0	0	0	0	0	4
chrX	1201342	1201383	42	5	0	42	22	20	0	0	0	0	0	9	2	0	0	1	3	1	0	3	2	1	11	1	0	0	0	0	0	1	0	0	0	0	0	0	0	5
chrX	1201385	1201484	100	5	0	100	67	33	4	2	1	1	1	0	4	6	1	4	5	11	2	3	10	10	6	1	0	2	0	0	0	2	0	0	0	0	5	1	0	16
chrX	1201489	1201528	40	5	0	40	25	15	0	0	0	0	0	0	0	4	0	0	5	6	0	1	4	4	1	0	0	0	0	0	0	0	0	0	1	1	3	0	1	7
chrX	1201529	1201652	124	5	0	124	85	39	1	0	0	3	1	1	1	13	0	1	10	19	2	4	12	16	5	0	0	1	0	0	0	0	1	0	0	1	10	0	0	20
chrX	1201653	1201798	146	5	0	146	101	45	1	0	2	3	0	0	4	9	1	4	5	19	4	9	17	22	8	1	1	3	1	0	1	0	0	0	0	0	3	1	0	25
chrX	1201803	1202647	845	5	0	845	478	367	29	14	19	27	12	17	33	24	33	23	51	54	15	14	48	65	24	20	11	13	17	28	12	29	7	14	9	20	38	24	10	89
chrX	1202649	1203095	447	5	0	447	226	221	24	14	12	17	8	13	21	7	18	10	25	9	17	7	11	13	13	15	3	12	17	18	13	21	6	16	8	16	13	20	8	20
chrX	1203099	1204073	975	5	0	975	511	464	63	27	27	34	13	22	53	27	42	22	59	29	32	13	25	22	32	22	7	23	41	40	11	63	15	31	7	19	27	62	5	58
chrX	1204097	1204151	55	5	0	55	29	26	1	1	0	1	0	3	2	3	2	0	9	3	0	1	0	1	1	0	0	4	3	1	0	1	0	0	0	2	4	4	0	6
chrX	1204152	1221606	17455	5	0	17455	9162	8293	915	345	482	526	482	667	704	721	491	296	727	885	380	396	504	640	542	534	182	445	896	710	251	671	474	493	180	515	663	791	159	786
chrX	1221607	1511606	290000	4	0	290000	140245	149755	14339	5919	7565	7359	7542	12121	14638	9457	7972	7130	14679	9216	5329	4856	5863	6258	10728	9398	3173	6728	14408	14181	5193	13973	8644	11087	4360	8885	9979	13089	2770	13159
chrX	1511607	1731606	220000	5	0	220000	114806	105194	12734	4834	6516	7414	6343	8306	10411	7700	6884	4954	10646	6677	5537	4058	4456	7335	8268	6242	2113	5530	9922	8375	2878	9978	6415	7376	2373	6562	8154	9160	1888	9959
chrX	1731607	1949345	217739	6	0	217739	118366	99373	13986	5546	7322	8053	7268	7877	10111	7398	7666	4690	9945	6064	5987	4528	4688	7237	8516	6162	1929	6034	9054	6567	2224	9189	6662	6431	1789	6450	8422	7873	1676	10393
chrX	2200265	2201296	1032	6	0	1032	531	501	55	24	25	44	38	36	48	41	28	21	43	42	27	15	19	25	34	31	9	22	53	32	17	54	36	45	7	26	40	47	13	33
chrX	2201297	2201419	123	6	0	123	83	40	23	7	2	8	6	5	2	10	6	1	2	4	4	2	0	0	8	4	0	2	6	3	0	1	1	1	0	0	8	2	0	3
chrX	2201421	2201441	21	6	0	21	11	10	0	1	0	0	1	1	2	1	0	0	0	0	0	1	0	3	2	0	0	1	2	0	0	0	1	1	0	2	0	0	0	0
chrX	2201443	2201979	537	6	0	537	291	246	25	11	16	17	14	21	29	25	17	8	21	20	13	13	16	24	18	13	4	19	28	10	3	22	21	17	2	22	22	22	3	19
chrX	2201980	2202002	23	6	0	23	19	4	0	0	0	0	0	0	0	1	0	0	0	2	0	0	1	13	0	0	0	0	1	0	0	1	0	0	0	0	0	2	0	0
chrX	2202011	2202487	477	6	0	477	257	220	25	4	10	25	11	30	22	9	12	7	19	18	16	9	14	25	15	17	3	15	26	16	5	18	14	16	6	12	17	16	4	19
chrX	2202489	2202581	93	6	0	93	42	51	9	4	0	0	3	3	3	2	1	4	5	2	1	1	2	0	2	6	1	3	5	5	5	4	0	5	2	1	4	3	2	3
chrX	2202582	2203036	455	6	0	455	282	173	16	8	8	16	14	28	11	25	6	2	15	7	12	26	7	79	43	7	7	7	12	5	3	14	13	13	7	11	10	9	3	9
chrX	2203041	2203290	250	6	0	250	130	120	19	9	3	8	6	9	13	7	5	9	9	9	8	6	3	5	10	8	7	8	11	7	6	9	4	10	4	4	10	8	7	7
chrX	2203292	2203322	31	6	0	31	14	17	1	0	1	0	1	3	1	1	0	2	1	1	0	0	0	0	3	1	0	1	4	2	0	0	0	2	0	0	1	1	0	2
chrX	2203324	2203671	348	6	0	348	177	171	20	15	9	8	13	13	21	14	16	7	12	9	3	3	5	9	12	15	1	10	18	22	0	14	15	9	1	9	16	9	4	14
chrX	2203673	2203721	49	6	0	49	24	25	3	0	3	1	2	2	2	1	1	3	3	0	1	0	1	0	1	0	1	4	0	1	2	1	3	1	1	3	3	2	0	1
chrX	2203723	2204321	599	6	0	599	315	284	35	14	18	29	27	22	32	10	18	8	31	15	16	8	12	20	10	20	5	17	32	14	6	26	28	23	5	24	20	22	4	26
chrX	2204323	2204344	22	6	0	22	10	12	0	0	0	1	0	1	2	0	0	0	0	1	1	2	1	0	1	1	0	1	0	0	0	1	2	1	1	2	0	0	1	0
chrX	2204346	2204948	603	6	0	603	299	304	28	10	16	20	17	31	32	22	16	10	30	11	13	13	12	17	19	21	10	14	37	14	7	27	22	32	4	29	24	18	5	20
chrX	2205085	2205152	68	6	0	68	33	35	4	3	1	0	1	2	4	2	3	3	3	2	1	1	2	0	1	6	0	2	4	1	2	3	0	3	0	1	4	1	2	4
chrX	2205163	2205248	86	6	0	86	39	47	3	3	3	1	2	4	5	0	1	1	5	3	4	3	1	0	2	2	2	4	5	4	2	3	2	4	1	4	2	4	1	3
chrX	2205257	2205507	251	6	0	251	151	100	19	9	6	13	11	7	11	10	4	6	11	13	13	1	2	14	14	3	3	3	9	4	3	7	4	6	0	8	11	10	2	12
chrX	2205509	2205566	58	6	0	58	20	38	0	2	0	0	2	3	4	0	0	1	5	2	0	0	0	0	2	2	0	2	3	1	2	2	4	4	5	3	1	1	3	2
chrX	2205568	2205717	150	6	0	150	66	84	9	3	1	5	3	5	7	3	3	3	9	3	3	3	5	1	3	6	2	3	8	7	6	9	1	10	4	6	6	7	0	4
chrX	2205719	2205760	42	6	0	42	18	24	1	1	1	0	1	0	6	1	1	1	1	3	0	0	0	0	1	0	0	1	2	1	0	4	3	3	0	2	3	2	0	1
chrX	2205762	2205822	61	6	0	61	37	24	4	1	2	5	2	3	2	1	1	2	3	1	5	0	0	5	2	1	1	1	4	1	0	0	0	2	1	3	2	1	0	3
chrX	2205823	2205901	79	6	0	79	32	47	2	3	1	2	2	3	6	0	1	1	5	0	3	2	1	0	1	5	0	3	3	4	2	6	5	4	2	3	1	3	2	1
chrX	2205903	2206056	154	6	0	154	71	83	8	2	1	4	0	8	9	3	2	5	9	4	5	3	5	3	4	7	2	4	7	3	3	11	3	8	3	6	6	5	6	3
chrX	2206058	2206085	28	6	0	28	7	21	0	0	1	0	0	2	1	0	0	0	1	0	1	1	0	0	1	2	0	0	1	2	3	1	0	4	3	1	0	0	0	1
chrX	2206087	2206605	519	6	0	519	257	262	26	14	15	13	19	23	36	12	14	12	24	14	10	7	10	7	16	18	3	19	27	16	5	27	22	20	1	23	25	21	3	15
chrX	2206686	2207244	559	6	0	559	280	279	38	22	11	16	20	17	33	14	20	9	29	18	10	9	7	6	22	15	5	15	27	22	9	28	13	22	8	17	22	27	6	20
chrX	2207248	2207297	50	6	0	50	30	20	6	2	2	1	1	9	2	2	3	0	0	1	0	0	0	0	9	0	0	2	1	0	0	1	1	0	0	1	2	2	0	0
chrX	2207307	2207573	267	6	0	267	168	99	27	7	7	18	16	12	1	14	4	5	6	6	11	9	8	16	19	10	0	3	10	11	1	9	7	1	1	5	7	9	0	5
chrX	2207574	2207591	18	6	0	18	10	8	1	2	1	0	2	0	1	0	1	1	1	0	0	0	0	0	0	1	0	2	0	0	0	0	0	0	0	0	2	0	0	1
chrX	2207593	2208194	602	6	0	602	286	316	33	11	15	18	19	27	31	17	15	11	30	17	10	13	11	8	17	25	4	16	35	22	11	28	21	30	10	22	21	19	13	20
chrX	2208195	2208546	352	6	0	352	210	142	30	15	17	11	14	7	18	13	15	6	12	10	14	14	4	8	18	12	1	11	14	4	2	13	11	5	1	7	9	12	2	20
chrX	2208548	2208956	409	6	0	409	229	180	26	18	9	11	11	19	18	29	18	6	10	10	9	10	9	14	24	12	6	11	17	19	0	15	20	6	0	6	16	14	0	14
chrX	2208966	2209155	190	6	0	190	93	97	7	3	8	3	6	11	7	11	4	3	14	5	4	0	3	3	7	3	1	6	9	5	0	13	7	8	1	10	13	10	0	3
chrX	2209165	2209223	59	6	0	59	32	27	4	1	2	5	4	2	0	1	4	3	0	1	0	1	2	1	4	3	0	0	2	5	1	1	1	0	0	1	1	2	3	2
chrX	2209233	2209359	127	6	0	127	93	34	13	5	5	7	4	2	3	4	3	1	1	13	10	1	7	12	4	2	0	3	3	0	0	2	0	0	0	2	6	3	0	9
chrX	2209361	2210001	641	6	0	641	376	265	63	15	15	31	15	17	30	20	16	10	35	16	31	16	18	27	20	17	3	18	22	16	6	22	21	17	4	21	19	16	5	37
chrX	2210002	2210870	869	6	0	869	496	373	68	30	29	40	33	19	40	43	39	23	26	25	26	14	18	22	34	21	10	20	32	25	8	25	32	22	6	24	37	22	10	44
chrX	2210871	2211250	380	6	0	380	203	177	18	11	15	7	12	24	22	14	11	20	7	6	10	7	11	6	34	6	2	20	16	10	1	14	10	7	2	11	12	18	3	11
chrX	2211251	2211288	38	6	0	38	18	20	0	0	0	0	0	0	1	9	0	1	0	7	0	0	0	0	1	0	0	0	7	0	0	0	2	0	0	0	0	7	0	1
chrX	2211289	2211315	27	6	0	27	17	10	0	0	0	3	0	0	0	6	3	1	1	1	0	0	0	0	0	1	0	0	2	1	0	0	0	0	0	0	4	1	0	1
chrX	2211317	2212007	691	6	0	691	356	335	35	17	22	24	23	24	36	26	29	18	29	18	11	17	13	13	28	17	8	23	33	18	11	28	19	22	9	24	28	33	8	25
chrX	2212009	2212133	125	6	0	125	46	79	0	2	1	3	3	7	11	0	2	1	8	3	1	2	1	0	3	3	1	5	7	9	1	7	6	8	6	8	5	3	4	2
chrX	2212135	2390458	178324	6	0	178324	94143	84181	10523	4335	6307	6025	5645	6547	8296	6503	6722	3740	8943	4888	4299	3368	3449	4552	6892	4764	1711	4623	7504	6349	1747	8272	6005	5192	1481	5348	6590	7567	1383	8752
chrX	2390459	2493458	103000	5	0	103000	54639	48361	5937	2753	3644	3546	3335	4222	4683	3960	3648	2474	3855	2646	2961	2013	2237	2723	4432	2939	1198	2893	4435	3401	1208	4472	3347	3299	1012	3102	3986	3877	808	3952
chrX	2493459	2861458	368000	4	0	368000	200290	167710	24188	9758	12960	13895	12664	13462	16854	13524	13225	7773	14602	10117	10724	7188	7709	11646	14666	10099	3037	10379	15748	12574	3526	14987	11964	10959	3154	10899	14126	13204	2527	15860
chrX	2861459	2982458	121000	5	0	121000	65549	55451	7971	3100	4407	4451	4176	4328	5596	4282	4163	2687	4931	3259	3619	2275	2608	3694	4705	3262	1032	3391	5101	4050	1205	5076	3978	3823	977	3810	4598	4297	880	5266
chrX	2982459	3075458	93000	6	0	93000	54622	38378	7156	2494	3390	4570	3370	3132	3866	3315	3340	1818	3333	2453	3744	2012	2228	4400	3732	2350	570	2805	3584	2275	533	3403	2765	2306	457	2653	3602	2864	522	3956
chrX	3075459	3173458	98000	7	0	98000	57435	40565	7209	2718	3851	4478	3660	3077	3871	3766	3848	1980	3661	2941	3538	2149	2564	4123	4034	2355	595	2939	3689	2477	496	3561	2875	2134	437	2542	3776	3257	492	4905
chrX	3173459	3640458	467000	8	0	467000	271674	195326	31767	12814	18158	21342	17126	15390	18762	18913	18182	9375	16674	13663	17007	10042	11409	21048	19725	11338	2895	13664	18284	12540	2473	16893	13998	10528	2270	12824	18184	15784	2304	21622
chrX	3640459	3897458	257000	7	0	257000	139054	117946	16924	6654	8818	9626	8926	9355	11722	9101	8588	5385	10503	6803	7585	5364	5819	7880	10081	7013	2076	7588	11098	8802	2615	10445	8270	8114	2507	8057	9655	9032	1820	10772
chrX	3897459	4042458	145000	8	0	145000	84724	60276	10464	4030	5458	6998	5445	4667	5739	5610	5534	2787	4976	3848	5507	3169	3711	6779	5952	3481	817	4403	5439	4070	960	5067	4521	3532	867	4022	5550	4453	750	6392
chrX	4042459	4243458	201000	9	0	201000	123668	77332	16378	6086	8186	10708	7814	6061	7104	8419	8348	3713	6292	5858	8819	4874	5352	9655	8867	4547	900	6419	6975	4236	625	6309	5618	3326	565	4733	7938	6036	764	9473
chrX	4243459	4376458	133000	10	0	133000	83318	49682	10639	3941	5295	7648	5109	3826	4505	5654	5473	2331	4032	3909	6302	3258	3713	7683	5862	2737	596	4160	4252	2629	387	3954	3718	2166	359	3115	5262	3690	478	6315
chrX	4376459	4608458	232000	9	0	232000	144467	87533	18919	6792	9277	13131	9058	6553	7997	9743	9450	4091	7063	6694	10692	5685	6202	13119	9983	4981	1011	7145	7615	4818	780	7185	6447	4154	621	5494	9306	6445	832	10715
chrX	4608459	5019458	411000	8	0	411000	257331	153669	34530	12111	15877	24139	16134	11741	14014	17261	16422	7100	12173	11867	19572	10005	10753	23630	17863	8557	1979	12558	13564	8091	1509	12168	11331	7368	1308	9811	16392	11316	1574	18280
chrX	5019459	5168458	149000	9	0	149000	94310	54690	12493	4526	5893	8885	5869	4170	4821	6495	6125	2594	4214	4660	7310	3734	4186	8334	6574	3043	649	4758	4804	2721	463	4180	3834	2372	371	3327	6143	4032	569	6849
chrX	5168459	5266458	98000	10	0	98000	61667	36333	8215	2869	3881	5737	3717	2750	3231	3954	4053	1623	3012	3113	4717	2461	2892	5440	4184	1976	497	3047	3056	1757	344	2939	2528	1661	295	2248	3884	2702	432	4783
chrX	5266459	5411458	145000	9	0	145000	89812	55188	11463	4290	5655	8120	5578	4321	5121	6074	5637	2640	4404	3950	6851	3644	3651	8412	6451	3139	730	4574	4844	2939	571	4556	4024	2760	453	3515	5775	4072	598	6186
chrX	5411459	6729458	1318000	10	0	1318000	806877	511123	104137	39365	53515	71551	51568	38546	46895	54737	54563	24195	41697	38107	58301	31281	34603	63815	56796	28588	6717	41286	44733	28915	5039	42662	37128	24031	4249	32416	53089	39815	5313	60345
chrX	6729459	6782458	53000	9	0	53000	31388	21612	3939	1586	2061	2671	2127	1705	2100	2149	2218	985	1738	1490	1973	1161	1300	2184	2268	1244	299	1626	1965	1311	231	1863	1649	1137	183	1405	2199	1678	247	2306
chrX	6782459	6973458	191000	10	0	191000	113220	77780	14209	5442	7739	9374	7470	5853	7497	7719	7525	3875	6521	5296	7560	4228	4919	7991	7987	4457	935	6020	7176	4756	789	6719	5723	4096	630	5275	7654	6131	770	8662
chrX	6973459	7029458	56000	9	0	56000	33115	22885	4157	1625	2294	2772	2206	1667	2225	2183	2353	1134	1910	1445	2132	1155	1411	2444	2184	1390	248	1759	2171	1466	235	1974	1683	1223	193	1517	2243	1767	242	2590
chrX	7029459	7191458	162000	10	0	162000	92350	69650	10889	4639	6503	7092	5937	5362	7159	6276	6391	3380	5771	4236	5906	3531	3885	5392	6925	3909	957	5122	6213	4699	907	6247	5107	4064	836	4885	6489	5393	832	7064
chrX	7191459	7626458	435000	9	0	435000	262069	172931	32961	12952	17655	22461	17089	12798	16443	17827	17780	8217	14187	12436	18199	10053	11656	19354	18476	9854	1963	13727	15483	10360	1646	14731	12718	8453	1367	11532	17480	13553	1636	19951
chrX	7626459	7705841	79383	10	0	79383	48318	31065	6083	2394	3329	4288	3064	2265	2912	3269	3349	1522	2481	2244	3598	1865	2172	3483	3416	1705	357	2568	2757	1845	266	2664	2229	1480	211	1970	3107	2502	294	3692
chrX	7705842	8001458	295617	10	0	295617	180536	115081	22565	8724	12317	16104	11693	8901	10628	12294	12230	5559	9241	8370	13222	7094	7875	13717	12828	6496	1381	9573	10031	6541	992	9576	8555	5289	872	7546	12102	8814	1119	13366
chrX	8001459	8183458	182000	9	0	182000	110186	71814	13864	5449	7183	9675	6946	5587	6844	7351	7359	3304	5760	4984	8002	4333	4703	8842	7883	4098	912	5780	6423	4318	737	6110	5145	3656	644	4699	7277	5515	715	7900
chrX	8183459	8246458	63000	10	0	63000	39257	23743	5073	1918	2585	3678	2427	1802	2185	2575	2668	1103	1843	1801	3086	1504	1637	3371	2669	1303	323	2032	2070	1292	257	1892	1678	1132	169	1511	2572	1784	243	2815
chrX	8246459	8652458	406000	9	0	406000	249729	156271	33271	12223	16420	22503	16126	11639	14508	16743	16903	7424	12441	11508	18117	9578	10741	19582	17367	8636	1905	12957	13719	8662	1577	12805	11394	7583	1297	10092	16536	11882	1603	18256
chrX	8652459	8882458	230000	8	0	230000	136615	93385	17203	6762	9444	11646	8848	6913	8990	9171	9290	4390	7459	6259	9714	5196	5712	9616	9662	5189	1222	7188	8227	5924	1185	7954	7040	5051	1055	6290	8994	7126	1104	10174
chrX	8882459	9078458	196000	7	0	196000	120468	75532	15790	5798	8035	10800	7919	5462	7156	7932	8048	3614	6070	5410	8666	4636	5085	10045	8441	4040	953	6076	6653	4296	651	6184	5680	3625	592	5199	7695	5823	736	8888
chrX	9078459	9204458	126000	6	0	126000	74440	51560	9537	3683	5253	6086	4907	3906	5085	4991	5225	2430	4200	3460	4890	2755	3191	4840	5244	2863	679	3988	4664	3120	567	4349	3948	2790	458	3574	5033	3928	536	5818
chrX	9204459	9213529	9071	5	0	9071	5233	3838	625	269	359	406	332	281	397	337	371	173	309	262	331	184	219	377	361	223	59	264	339	264	56	320	280	221	46	289	367	271	67	410
chrX	9213531	9310459	96929	5	0	96929	56291	40638	7084	2731	4070	4544	3828	3092	4045	3752	4082	1901	3297	2539	3435	2059	2290	3540	4072	2154	551	3006	3686	2505	504	3523	3149	2342	446	2881	3811	3217	499	4292
chrX	9310460	9551459	241000	4	0	241000	131442	109558	15920	6802	9198	9401	8998	8342	11168	8102	8949	5098	9483	6000	7454	4754	5213	6559	9527	6199	1893	7377	10218	8248	2082	9771	7831	7196	1874	7811	9034	8675	1717	10104
chrX	9551460	9803459	252000	5	0	252000	137079	114921	16331	7095	9459	9612	8995	9307	12099	8779	9291	5265	9575	6174	7881	5009	5367	6839	10503	6537	1946	7690	10829	8439	2191	10066	8481	7715	2002	8216	9367	8834	1577	10527
chrX	9803460	10177459	374000	4	0	374000	199164	174836	23210	10079	13713	13246	13203	14174	18389	12560	13138	8097	14769	9041	10698	7066	7869	9911	15266	9962	3087	11100	16549	13337	3667	15484	12922	12272	3278	12866	13589	13466	2700	15290
chrX	10177460	10280459	103000	5	0	103000	58183	44817	6906	2997	4066	4363	3966	3419	4571	4049	4057	2154	3628	2786	3403	2118	2475	3224	4224	2648	625	3190	4320	3150	563	3864	3275	2650	464	3217	4186	3449	522	4469
chrX	10280460	10393459	113000	6	0	113000	68539	44461	8873	3605	4733	5980	4727	3217	4174	4568	4763	2138	3559	3114	4828	2515	3063	4680	4742	2543	463	3727	4163	2694	315	3684	3221	2157	245	2933	4560	3462	367	5185
chrX	10393460	10634459	241000	7	0	241000	146207	94793	19590	7369	10085	13051	9845	6801	8995	9441	10025	4495	7421	6518	10634	5491	6317	10128	9935	5199	1123	7899	8529	5447	987	7933	6886	5079	867	6449	9732	7171	1019	10537
chrX	10634460	10720459	86000	8	0	86000	51724	34276	6743	2619	3618	4497	3585	2557	3264	3274	3589	1593	2773	2340	3561	1893	2255	3561	3587	1949	385	2741	3089	2084	329	2855	2507	1806	271	2378	3498	2518	343	3936
chrX	10720460	10770632	50173	7	0	50173	30321	19852	4267	1514	2110	2649	2002	1433	1804	1978	2102	898	1614	1328	2169	1099	1331	2023	2080	1059	244	1561	1722	1216	271	1613	1448	1099	216	1379	1967	1448	223	2304
chrX	10770633	10857019	86387	8	0	86387	52854	33533	6927	2704	3616	4765	3516	2490	3121	3530	3644	1585	2610	2315	3926	1984	2372	3748	3701	1886	364	2812	3042	1946	259	2774	2440	1702	240	2212	3474	2487	273	3920
chrX	10857020	10880379	23360	8	0	23360	14352	9008	1775	734	970	1216	961	680	833	961	945	441	687	640	1013	639	642	1213	1073	543	129	749	819	514	67	725	637	410	48	581	906	658	72	1077
chrX	10880380	11416379	536000	9	0	536000	327840	208160	42358	16672	22165	29169	21604	15334	19487	22034	22660	9768	16146	15056	23743	12763	14607	24273	22864	11767	2117	17789	19208	12458	1633	17103	14603	10053	1373	13561	21783	16124	1771	23952
chrX	11416380	11676379	260000	10	0	260000	157470	102530	19816	8051	10774	13839	10563	7509	9731	10667	10938	4722	7982	7119	11163	6328	7032	11235	11142	5843	1050	8575	9412	6116	865	8535	7364	5199	829	6838	10552	7770	868	11571
chrX	11676380	11725707	49328	9	0	49328	29277	20051	3806	1478	2073	2432	2022	1437	1969	1836	2001	960	1664	1370	1961	1024	1269	1974	1943	1116	229	1611	1869	1210	192	1717	1468	1104	181	1415	1984	1557	222	2232
chrX	11725709	11791380	65672	9	0	65672	38865	26807	5061	2071	2698	3181	2583	1944	2643	2502	2682	1252	2086	1768	2685	1484	1736	2489	2702	1471	328	2250	2358	1623	357	2273	1931	1542	363	1819	2681	1975	312	2820
chrX	11791381	12023380	232000	10	0	232000	142091	89909	18560	7086	9829	12725	9518	6181	8538	9353	9831	4310	6981	6488	10291	5445	6548	10406	9592	5065	829	7537	8144	5371	629	7632	6354	4431	492	6223	9500	6909	696	10504
chrX	12023381	12396380	373000	9	0	373000	228641	144359	29360	11544	15916	20364	15101	10239	13707	14822	15774	6808	11341	10253	16949	8871	10307	17283	15484	8016	1435	12527	12940	8285	1126	12129	10374	7269	959	9638	15071	10910	1218	16978
chrX	12396381	12542380	146000	8	0	146000	88984	57016	11706	4706	6194	7788	6103	3823	5436	5826	6226	2701	4508	4086	6359	3337	4036	6148	5978	3221	585	4783	5142	3305	439	4910	4053	2885	347	3846	6015	4385	485	6636
chrX	12542381	12680380	138000	7	0	138000	83524	54476	10771	4142	5806	7351	5419	3841	5276	5464	5896	2555	4356	3799	5983	3208	3759	5896	5569	3050	553	4574	4995	3226	492	4642	3796	2902	381	3689	5640	4177	498	6292
chrX	12680381	12768380	88000	6	0	88000	52292	35708	6805	2624	3629	4469	3518	2580	3453	3449	3624	1679	2872	2477	3580	1916	2241	3375	3487	1991	470	2850	3261	2148	443	2953	2604	2000	390	2458	3648	2666	403	3935
chrX	12768381	12844380	76000	5	0	76000	44081	31919	5870	2298	2971	3545	3050	2330	3165	2767	2933	1426	2490	2089	2832	1677	1886	2751	3062	1880	483	2306	2977	1967	546	2663	2320	1976	507	2293	2953	2329	406	3250
chrX	12844381	12921380	77000	4	0	77000	45002	31998	5582	2367	3131	3658	3159	2241	3182	2854	3126	1560	2593	2183	2870	1630	1969	2895	3043	1860	438	2458	3006	2034	416	2641	2302	1807	328	2203	3085	2396	408	3573
chrX	12921381	13084380	163000	3	0	163000	93972	69028	12027	4677	6604	7615	6272	4982	6707	5860	6411	3251	5916	4207	6213	3536	4035	5658	6461	3884	939	5162	6244	4756	1085	6143	4708	4308	871	4681	6408	5281	819	7277
chrX	13084381	13193380	109000	4	0	109000	64491	44509	8357	3354	4475	5274	4368	3319	4411	4053	4471	2055	3585	2942	4265	2389	2848	4323	4543	2574	508	3492	4175	2969	430	3763	3096	2414	353	3139	4337	3380	411	4925
chrX	13193381	13844380	651000	5	0	651000	384524	266476	49192	19646	26513	31424	25323	19698	26126	24991	26080	12557	21180	17891	26180	14974	17408	25340	26453	15592	3366	21463	24642	16816	3016	22881	18880	14895	2494	18269	26164	20052	2878	28614
chrX	13844381	13946380	102000	6	0	102000	59797	42203	7845	3073	3963	4823	3975	3137	4182	3874	3875	1959	3457	2766	4009	2480	2670	3707	4221	2460	560	3408	3905	2663	549	3521	2934	2442	529	2953	4109	3073	486	4390
chrX	13946381	14066380	120000	7	0	120000	70781	49219	8976	3497	4871	5897	4708	3637	4725	4641	4809	2283	4027	3237	4749	2791	3157	4775	4897	2830	594	3887	4573	3128	581	4225	3458	2844	523	3323	4783	3705	522	5345
chrX	14066381	14147398	81018	8	0	81018	49496	31522	6449	2498	3382	4335	3236	2232	2918	3383	3412	1490	2537	2201	3567	1914	2258	3683	3403	1781	327	2623	2826	1858	251	2623	2274	1551	236	2127	3265	2368	286	3722
chrX	14147399	14250377	102979	8	0	102979	64372	38607	8714	3381	4325	5774	4366	2583	3631	4241	4451	1826	2843	3038	4663	2398	2864	5273	4346	2204	328	3310	3467	2159	267	3119	2763	1733	232	2520	4245	2916	283	4714
chrX	14250378	14879377	629000	9	0	629000	391486	237514	51197	19633	26533	35690	25852	16712	21839	25959	26641	11223	18226	18079	29363	15633	17974	30930	26607	13475	2296	20823	21347	13026	1645	19370	16794	11031	1394	15537	25614	17856	1857	28842
chrX	14879378	15106377	227000	8	0	227000	140766	86234	18814	6881	9395	12730	9047	6208	8132	9010	9401	3987	6781	6478	10558	5588	6316	11440	9427	5077	761	7399	7914	4958	601	7182	5993	4151	530	5592	9063	6469	666	10449
chrX	15106378	15190377	84000	7	0	84000	52525	31475	6938	2627	3584	4875	3421	2284	2867	3351	3677	1413	2395	2407	3987	2059	2419	4219	3517	1696	301	2869	2782	1697	236	2617	2121	1502	182	2063	3503	2437	235	3717
chrX	15190378	15416246	225869	6	0	225869	135039	90830	17849	6923	8967	11711	8792	6590	8943	8517	9018	4103	7398	6092	9791	5364	5990	8990	9161	5097	1187	7535	8141	5334	1177	7549	6473	5097	1057	6410	9067	6673	1067	9804
chrX	15416247	15509376	93130	6	0	93130	56506	36624	7467	2780	4102	4897	3691	2618	3329	3549	3950	1694	3088	2559	4138	2154	2461	4027	3750	2059	387	3051	3278	2108	376	3252	2467	1933	308	2364	3693	2914	371	4313
chrX	15509377	15831376	322000	5	0	322000	192498	129502	25507	9728	12984	16440	12489	9545	12541	12027	12830	5888	10566	8683	13833	7668	8509	13260	13107	7424	1599	10698	11668	7808	1556	11199	9035	7303	1484	8652	12791	9696	1429	14051
chrX	15831377	16159376	328000	6	0	328000	199206	128794	26231	9833	14127	17399	12904	9028	12164	12722	13736	6024	10597	9046	14718	7676	8841	14159	13112	7244	1367	10838	11627	7807	1180	10983	8890	6584	1004	8754	13188	9962	1099	15154
chrX	16159377	16333376	174000	5	0	174000	104546	69454	13337	5279	7572	8875	7092	4754	6548	6783	7270	3363	5778	4903	7364	3879	4627	7121	6957	3884	709	5725	6266	4381	575	6112	4884	3541	549	4556	7069	5528	585	8132
chrX	16333377	16431376	98000	4	0	98000	60008	37992	7719	3086	3932	5276	4021	2743	3600	4133	4095	1759	2941	2884	4178	2296	2571	4773	4172	2134	415	3163	3552	2212	300	3090	2751	1803	257	2463	4023	3005	324	4327
chrX	16431377	16619376	188000	3	0	188000	110209	77791	14105	5462	7851	9076	7506	5711	7519	6968	7555	3614	6290	5054	7328	4162	4920	7088	7461	4587	858	6043	7381	5243	809	6890	5442	4390	788	5384	7419	6104	727	8263
chrX	16619377	16890376	271000	2	0	271000	152661	118339	21013	7543	10119	11549	10034	9070	11948	8609	9261	5228	10206	6874	9916	6123	6647	8520	10247	6943	1826	8948	10873	7759	2367	10474	8359	8329	2227	8417	10183	8441	1864	11081
chrX	16890377	16987376	97000	3	0	97000	56107	40893	7554	2759	3612	4495	3718	3095	3982	3545	3457	1842	3379	2549	3691	2206	2424	3799	3823	2360	544	3174	3814	2838	738	3460	2904	2650	578	2782	3799	3002	444	3981
chrX	16987377	17075376	88000	4	0	88000	52184	35816	6833	2661	3507	4222	3393	2739	3557	3350	3488	1589	2891	2324	3510	2166	2536	3416	3720	2086	367	2982	3261	2172	352	3152	2557	2057	307	2511	3502	2622	322	3846
chrX	17075377	17386376	311000	5	0	311000	184056	126944	23046	9414	13261	15111	12393	9097	12236	11812	12929	5831	10489	8547	12464	6974	8283	12168	12619	7248	1279	10170	11805	8222	1290	10990	8753	6975	1183	8613	12361	9863	1076	14496
chrX	17386377	17536003	149627	6	0	149627	86781	62846	10376	4421	6453	6881	5963	4703	6246	5841	6263	2814	5153	4042	5528	3080	3808	5208	6151	3570	602	4695	6069	4274	508	5558	4580	3595	423	4548	5952	4970	491	6859
chrX	17536005	17547893	11889	6	0	11889	6483	5406	676	312	502	467	464	384	609	445	465	273	476	281	351	210	266	301	486	276	59	358	512	372	50	515	447	366	55	414	457	434	38	566
chrX	17547895	17598094	50200	6	0	50200	28491	21709	3204	1478	2121	2119	1919	1609	2207	1940	2159	977	1822	1358	1640	1024	1289	1625	2087	1217	227	1557	2113	1533	182	1981	1537	1251	179	1527	1937	1809	196	2374
chrX	17598096	17865379	267284	6	0	267284	151934	115350	17645	7595	11396	11503	10077	8486	11652	10176	10998	5311	9410	7233	9419	5527	6470	9036	10807	6460	1292	8360	10741	8471	1357	10518	8293	6951	1194	7952	10549	9204	1101	12098
chrX	17865380	18180379	315000	7	0	315000	186518	128482	22889	9426	13326	15717	12752	9516	12386	12295	13222	5985	10444	8492	12495	6945	8442	12186	12888	7409	1356	10219	12120	8294	1071	10929	9407	6793	913	8939	12534	9918	1180	14510
chrX	18180380	18426379	246000	6	0	246000	142369	103631	19740	7158	9317	11384	9391	7653	10281	8256	8993	4446	8837	6412	9475	5656	6208	9161	9451	6147	1348	7967	9743	6609	1755	9106	7051	6977	1628	7160	9336	7479	1463	10410
chrX	18426380	18676669	250290	5	0	250290	148130	102160	20575	7447	10008	12329	9623	7504	9977	8618	9624	4592	8520	6510	10536	6118	6669	9479	9949	5963	1364	8385	9085	6250	1484	8925	7030	6222	1323	6933	9658	7310	1347	10931
chrX	18676671	18717789	41119	5	0	41119	23442	17677	3044	1129	1582	1808	1516	1361	1749	1419	1546	777	1557	1092	1455	915	1081	1409	1556	992	281	1353	1623	1162	269	1537	1204	1118	254	1356	1662	1319	268	1723
chrX	18717791	18863381	145591	5	0	145591	84995	60596	11384	4411	5554	6881	5698	4447	5953	5084	5465	2741	5182	3954	5683	3301	3767	5489	5639	3669	815	4777	5710	3785	929	5215	4104	3782	777	4051	5729	4402	797	6414
chrX	18863382	19575381	712000	6	0	712000	401264	310736	50331	20153	27165	30529	26916	23527	31311	24959	26497	14079	26438	18654	24434	15203	17373	23694	27654	18219	4354	22735	29366	22049	4943	27601	21861	20350	4320	21614	27832	23341	4159	30337
chrX	19575382	19689381	114000	7	0	114000	65176	48824	8092	3266	4605	4899	4203	3739	4989	4288	4472	2232	4128	2999	4097	2437	2826	3902	4669	2734	612	3659	4516	3283	601	4405	3497	3034	493	3490	4537	3754	546	4994
chrX	19689382	19958381	269000	6	0	269000	154660	114340	20094	7827	10542	11996	10101	8646	11535	9636	10102	5247	9583	7093	10162	6015	6733	9346	10862	6723	1501	8649	10638	7892	1518	10184	7943	7069	1425	7911	10475	8548	1352	11650
chrX	19958382	20023381	65000	5	0	65000	36960	28040	4953	1832	2597	2774	2349	2062	2805	2194	2499	1258	2411	1559	2355	1478	1656	2177	2515	1606	391	2118	2537	1873	471	2571	1925	1865	450	1990	2432	2108	396	2791
chrX	20023382	20133381	110000	6	0	110000	61885	48115	7817	3159	4309	4458	4037	3710	4985	3751	3975	2204	4062	2809	3913	2495	2758	3442	4305	2932	656	3675	4492	3242	714	4374	3487	3113	721	3353	4199	3535	605	4711
chrX	20133382	20248381	115000	5	0	115000	71135	43865	10329	3610	4683	6438	4345	2997	4138	4120	4467	1924	3560	3036	5919	3107	3260	5202	4443	2611	539	4045	3816	2371	534	3839	2868	2431	496	2883	4472	3147	495	4873
chrX	20248382	20375381	127000	6	0	127000	76170	50830	9778	3787	5170	6797	4954	3532	4764	4746	5296	2312	4185	3329	5503	2963	3369	5683	5046	2856	619	4073	4530	3324	703	4323	3467	2743	603	3421	4953	3957	541	5671
chrX	20375382	20538381	163000	7	0	163000	98142	64858	12188	4861	6890	8676	6566	4616	6214	6412	6922	2938	5344	4531	6939	3701	4470	6873	6478	3678	649	5311	5734	4044	539	5575	4742	3360	431	4581	6854	4810	621	7450
chrX	20538382	20723381	185000	8	0	185000	113462	71538	14561	5533	7834	10249	7498	5164	6747	7442	8007	3349	5681	5308	8111	4347	5215	8415	7678	4030	611	6075	6657	4218	401	6044	5002	3411	362	4703	7514	5660	516	8655
chrX	20723382	21330381	607000	9	0	607000	379855	227145	50935	19165	25841	34890	25701	15913	20899	24654	26202	10602	17222	17274	27993	14923	17343	30296	25635	13006	1924	20039	20723	12445	1267	18278	16272	10136	1136	14984	24537	17126	1633	28004
chrX	21330382	21395381	65000	8	0	65000	40126	24874	5622	2025	2644	3599	2648	1720	2311	2496	2709	1160	1820	1823	2911	1639	1795	3203	2725	1458	302	2059	2215	1432	305	1998	1696	1197	308	1667	2539	1863	263	2846
chrX	21395382	21416381	21000	9	0	21000	13989	7011	2062	705	859	1400	796	527	604	885	909	300	442	608	1259	629	683	1321	938	385	80	758	562	294	37	530	477	268	22	399	835	476	49	899
chrX	21416382	21605381	189000	8	0	189000	123424	65576	17614	5936	8201	12314	7371	4477	6002	7567	8154	2983	4654	5323	10926	5405	5675	10820	7939	3646	587	6629	5324	2996	379	5136	4491	2661	334	4340	7663	4532	492	8427
chrX	21605382	21746381	141000	7	0	141000	85953	55047	10844	4143	5953	7746	5453	4094	5164	5746	5892	2584	4184	3962	6497	3448	3674	6568	5950	3024	582	4712	4922	3351	577	4510	3791	2843	552	3610	5794	4142	543	6143
chrX	21746382	21898381	152000	6	0	152000	91849	60151	12533	4561	6226	8025	5903	4349	5864	5518	6029	2758	4837	4041	6880	3558	4024	6742	6050	3510	673	4993	5504	3544	697	5172	4211	3327	619	4185	5869	4535	659	6602
chrX	21898382	22123572	225191	5	0	225191	131330	93861	17792	6687	8979	10624	8856	7019	9231	7918	8654	4226	7589	6047	8780	5152	5821	7953	8985	5552	1263	7284	8708	5907	1351	8265	6534	5812	1229	6455	8798	6960	1141	9617
chrX	22123574	22205382	81809	5	0	81809	49104	32705	6417	2541	3197	4272	3166	2274	3292	3051	3186	1460	2699	2180	3658	1960	2233	3517	3229	1909	369	2728	3004	2010	311	2859	2337	1879	273	2270	3213	2386	363	3564
chrX	22205383	22254926	49544	6	0	49544	29987	19557	3789	1554	2090	2570	1978	1351	1890	1903	2086	926	1496	1400	2150	1226	1398	2178	2012	1149	238	1658	1808	1156	198	1597	1360	957	143	1372	1942	1497	223	2247
chrX	22254935	22343382	88448	6	0	88448	53124	35324	6923	2663	3703	4453	3415	2561	3308	3352	3576	1675	2893	2422	3828	2228	2385	3739	3579	2083	507	2958	3165	2161	393	3069	2426	1767	323	2325	3466	2777	386	3937
chrX	22343383	22517382	174000	7	0	174000	107830	66170	14597	5360	7325	9647	7008	4696	5989	6822	7328	3052	5330	4986	7997	4417	4901	8373	7289	3664	817	5755	5741	3578	668	5402	4494	3148	553	4365	6992	4999	682	8023
chrX	22517383	23104382	587000	8	0	587000	369945	217055	50562	18709	24259	34488	23793	15280	19554	23588	25093	9932	16597	16666	28570	15383	16669	30802	24921	12270	2654	19459	18804	11215	1994	17316	14981	9681	1601	13869	23507	16163	2183	26435
chrX	23104383	23368382	264000	7	0	264000	159772	104228	20890	8249	10875	13965	10416	7398	9712	10051	10953	4812	8412	7312	11720	6315	7174	11517	10751	5935	1497	8591	9154	6004	1380	8618	7213	5351	1225	7019	10459	7865	1220	11945
chrX	23368383	23486382	118000	6	0	118000	71532	46468	9506	3633	4977	6156	4843	3320	4411	4528	5039	2122	3566	3371	4884	2821	3214	5141	4902	2658	566	3770	4246	2620	492	3855	3255	2440	404	3161	4698	3495	522	5382
chrX	23486383	23669382	183000	5	0	183000	108792	74208	13950	5543	7400	8885	7448	5315	7083	7346	7319	3542	5856	5286	7062	4395	4868	7493	7658	4407	780	5950	7075	4628	797	6341	5136	4016	676	4740	7323	5791	713	8176
chrX	23669383	24152382	483000	4	0	483000	272600	210400	39023	13505	16862	21064	17785	15752	21347	14706	15984	8907	18894	12199	17662	10943	11724	16243	17414	12541	3207	15945	19636	13235	4632	18765	14289	15672	4269	14809	18251	14821	3604	19308
chrX	24152383	24803382	651000	5	0	651000	380678	270322	50699	19352	25622	30736	24993	20181	26862	23126	24708	12114	22500	17730	26010	15121	17015	23908	25614	16043	3395	21716	25192	16827	3729	23529	18692	16468	3465	18599	25664	19939	3295	28154
chrX	24803383	24924382	121000	6	0	121000	75461	45539	10866	3822	5102	6815	4880	3310	4218	4682	5010	2069	3399	3198	5849	3261	3461	5519	5093	2616	563	4190	3879	2460	410	3667	3267	2231	377	3109	4851	3109	502	5213
chrX	24924383	25174382	250000	7	0	250000	146309	103691	19370	7423	9984	12007	9544	7494	10008	9039	9764	4680	8465	6495	10106	5695	6436	9799	9934	5964	1290	8103	9451	6908	1742	8731	7221	6198	1618	7125	9479	7761	1230	10934
chrX	25174383	25293382	119000	8	0	119000	72850	46150	9414	3523	5059	6557	4740	3364	4260	4654	5019	2183	3694	3395	5380	2798	3273	5536	4801	2680	484	3903	4221	2697	414	3855	3178	2257	355	3014	4818	3553	405	5514
chrX	25293383	25625382	332000	9	0	332000	206720	125280	27639	10434	14095	18841	13900	8634	11487	13398	14175	5880	9616	9538	15295	8209	9407	16171	13857	7226	1210	10864	11307	6948	872	10282	8789	5703	800	8212	13467	9532	964	15246
chrX	25625383	29263382	3638000	10	0	3638000	2315525	1322475	318550	113110	148575	224890	147233	94143	118961	147127	151467	60574	99463	103272	187874	94950	102653	202681	154181	74059	14137	120400	114235	67571	11092	105714	92513	60306	9645	83846	146535	96676	11872	159693
chrX	29263383	29325382	62000	9	0	62000	39353	22647	5518	1934	2601	3697	2487	1608	2018	2508	2613	1051	1724	1814	3132	1586	1787	3275	2618	1219	265	2077	1902	1126	208	1788	1564	1061	174	1443	2537	1618	223	2822
chrX	29325383	30401382	1076000	10	0	1076000	674158	401842	90966	32931	44302	63053	42498	28915	36698	42492	44895	18720	31731	30147	52893	27255	30268	56394	44826	22339	4678	35978	34240	21440	3948	32622	27613	19184	3440	26039	43924	29287	3924	48358
chrX	30401383	30592382	191000	9	0	191000	118186	72814	15955	5818	7858	10932	7684	5321	6681	7422	7865	3327	5773	5406	9059	4814	5308	8962	7873	4108	927	6372	6314	3911	774	5935	5129	3658	680	4761	7791	5257	771	8552
chrX	30592383	30642382	50000	8	0	50000	28657	21343	3772	1374	1937	2322	1851	1499	2041	1673	1849	946	1821	1301	1932	1088	1243	2006	1812	1156	298	1641	1872	1465	510	1870	1509	1486	398	1409	1871	1610	314	2122
chrX	30642383	30706382	64000	9	0	64000	38178	25822	5407	1831	2581	3224	2424	1852	2350	2234	2427	1108	2192	1698	2785	1538	1800	2726	2379	1450	334	2166	2351	1523	448	2209	1727	1627	410	1772	2403	1931	316	2775
chrX	30706383	30959382	253000	8	0	253000	151305	101695	20004	7305	12103	12552	11703	7310	8922	9022	9366	4481	7558	6530	10891	6008	6771	10778	10326	5484	1165	8129	8490	5590	1090	9919	8676	7113	1040	6737	9465	6902	999	10569
chrX	30959383	31426382	467000	9	0	467000	283199	183801	37304	14311	19638	24200	18227	13420	17211	18059	19346	8462	14823	13231	20576	11427	12768	20195	19263	10277	2484	15596	16088	10287	2103	15455	12784	9478	1845	12279	18782	13891	2078	21110
chrX	31426383	31580382	154000	10	0	154000	95564	58436	12826	4799	6529	8669	6026	4161	5381	6017	6733	2596	4612	4374	7238	3884	4398	7320	6247	3299	752	5142	4962	3045	612	4738	4067	2807	566	3882	6309	4205	644	7158
chrX	31580383	31711382	131000	9	0	131000	83945	47055	11869	4171	5518	8145	5380	3116	4083	5263	5618	2219	3690	3697	6837	3487	3911	6939	5390	2607	580	4416	3940	2257	379	3702	3176	1982	303	3099	5336	3432	470	5986
chrX	31711383	36243647	4532265	10	0	4532265	2896505	1635760	402254	143001	184791	282055	184473	117105	146656	183481	190384	75475	122412	128555	234990	120270	129018	251584	195197	90683	19199	150772	138360	80875	13722	127747	114599	72029	11799	103951	183558	117117	15744	200407
chrX	36243650	36409917	166268	10	0	166268	108293	57975	15134	5291	6671	10874	6734	4290	5151	7005	6917	2680	4180	4723	9185	4566	4747	10143	7421	3113	622	5671	4830	2680	389	4345	4100	2365	364	3575	6829	4086	427	7158
chrX	36409920	36434225	24306	10	0	24306	15400	8906	2187	765	1041	1427	984	630	787	979	1030	435	677	630	1219	674	671	1262	1083	505	106	811	757	487	69	709	590	414	54	548	950	616	99	1108
chrX	36434256	36473303	39048	10	0	39048	23650	15398	3075	1178	1602	2088	1702	1150	1506	1496	1632	727	1158	1118	1534	958	1050	1676	1699	881	142	1291	1405	899	118	1270	1150	747	131	1030	1600	1165	143	1725
chrX	36473308	36525914	52607	10	0	52607	33635	18972	4748	1678	2171	3295	2211	1328	1656	2293	2250	834	1417	1464	2684	1310	1500	2794	2264	1040	158	1689	1652	991	101	1508	1431	873	101	1199	2141	1348	128	2348
chrX	36525915	36560921	35007	10	0	35007	22368	12639	3142	1091	1458	2125	1445	957	1148	1438	1489	581	965	1003	1740	906	954	1924	1618	685	118	1114	1047	614	75	1062	920	531	42	775	1403	968	93	1574
chrX	36560926	36564088	3163	10	0	3163	2063	1100	310	80	166	187	117	88	90	122	149	43	74	83	168	124	91	169	150	56	14	115	76	38	8	104	70	46	6	68	121	86	8	134
chrX	36564091	36594719	30629	10	0	30629	19215	11414	2498	965	1288	1755	1259	829	1094	1228	1310	504	860	905	1439	738	881	1662	1289	623	121	1002	930	581	80	951	923	517	62	754	1267	821	75	1416
chrX	36594721	36808426	213706	10	0	213706	129507	84199	15247	6246	8766	11238	8260	6220	7813	9375	9131	3762	6455	6108	8860	5388	6485	10151	8902	4959	748	7008	7615	4925	539	7681	6866	3877	398	5225	8285	6999	567	9605
chrX	36808427	36965426	157000	9	0	157000	99717	57283	13865	4853	6437	9648	6569	4134	5161	6234	6558	2655	4201	4369	7812	4129	4274	8817	6827	3161	580	5203	5030	2952	563	4421	4105	2632	516	3509	6135	4221	487	6940
chrX	36965427	37080183	114757	8	0	114757	69109	45648	8993	3426	4826	6001	4588	3230	4284	4463	4798	2114	3699	3097	4867	2729	2995	4999	4720	2491	494	3794	4170	2797	558	3745	3208	2417	516	3029	4467	3564	440	5236
chrX	37289005	37297781	8777	8	0	8777	5097	3680	599	275	356	402	351	281	372	347	346	156	284	238	336	184	223	347	345	243	30	278	374	227	34	328	287	219	35	255	345	274	30	374
chrX	37297782	37396246	98465	8	0	98465	61412	37053	8301	3031	4163	5551	3941	2511	3554	3814	4161	1705	2758	2782	4643	2593	2849	5055	4138	2091	325	3286	3297	2071	272	3120	2540	1765	261	2480	3845	2832	290	4438
chrX	37396247	37558246	162000	7	0	162000	97022	64978	12251	4955	6779	8154	6476	4572	6145	6311	6546	3132	5193	4473	6866	3913	4309	6946	6681	3876	661	5354	6039	4135	706	5610	4428	3338	561	4245	6357	5141	628	7217
chrX	37558247	37748246	190000	6	0	190000	115521	74479	14913	5718	7883	10111	7468	5365	7192	7562	7963	3477	5704	5210	8282	4750	5345	8577	7999	4242	713	6356	6630	4355	729	6252	5280	3838	687	5043	7678	5531	673	8472
chrX	37748247	38050246	302000	5	0	302000	186238	115762	24142	9273	12777	16667	11954	8225	10625	11921	12483	5276	9362	8384	14280	7451	8523	14894	12430	6568	1100	10127	10274	6763	1016	9726	7962	5764	868	7658	12059	8684	986	13776
chrX	38050247	38331246	281000	6	0	281000	170777	110223	21973	8270	11952	14846	10832	7962	10615	10829	11824	5179	9107	7661	12412	6945	7866	12503	11493	6070	1112	9681	9639	6328	1024	9454	7604	5650	882	7514	11501	8397	982	12891
chrX	38331247	38476246	145000	7	0	145000	87873	57127	11551	4336	6020	7852	5920	4044	5491	5510	5923	2608	4706	3989	6365	3376	3930	6251	5773	3230	552	4808	5230	3367	542	4809	4050	3046	456	4036	5912	4305	516	6494
chrX	38476247	38663781	187535	8	0	187535	113804	73731	14800	5678	7931	9793	7467	5374	6988	7429	7749	3320	5795	5109	8186	4687	5194	8303	7781	4329	725	6224	6737	4532	606	6220	5229	3729	546	5098	7510	5505	593	8366
chrX	38663782	38759898	96117	8	0	96117	57856	38261	7497	3003	4028	4855	3838	2865	3652	3736	3990	1752	2996	2590	4060	2277	2674	4041	4048	2222	392	3235	3531	2361	337	3211	2667	2058	265	2606	3845	2799	386	4298
chrX	38759900	38781246	21347	8	0	21347	13321	8026	1842	657	825	1273	874	646	700	873	852	362	597	590	1029	543	586	1072	916	487	96	709	747	444	81	617	565	369	72	520	865	590	84	862
chrX	38781247	38914196	132950	7	0	132950	79236	53714	10165	3994	5639	6584	5311	3889	5135	5125	5393	2488	4329	3610	5512	3066	3659	5335	5513	3020	537	4367	4925	3307	551	4609	3805	3012	543	3704	5217	4053	469	6082
chrX	38914197	38941245	27049	7	0	27049	15728	11321	1755	805	1142	1234	1104	827	1123	1102	1122	552	973	717	955	586	717	1013	1115	633	93	929	1092	741	68	1019	801	626	62	777	1148	919	67	1230
chrX	38941246	38947694	6449	8	0	6449	4020	2429	538	205	308	341	272	186	215	284	275	117	159	198	307	130	178	307	259	143	18	217	231	129	11	188	194	115	7	166	273	172	16	288
chrX	38947695	38998659	50965	8	0	50965	30086	20879	3439	1495	2151	2482	1980	1608	2057	2009	2136	949	1789	1345	2012	1185	1349	2098	2216	1202	160	1660	1986	1385	119	1871	1414	1132	91	1423	2038	1642	148	2392
chrX	38998661	39002558	3898	8	0	3898	2304	1594	242	125	160	172	146	96	159	182	152	85	127	112	159	93	125	167	165	99	13	122	154	97	7	151	106	91	6	107	159	122	4	191
chrX	39002560	39198246	195687	8	0	195687	115166	80521	13964	5676	8354	9505	7893	5830	8002	7415	8258	3688	6733	5262	7384	4164	5112	7926	7922	4543	726	6167	7369	5281	660	7238	6032	4361	582	5697	7817	6363	662	9099
chrX	39198247	39262890	64644	7	0	64644	37354	27290	4014	1852	2920	2850	2454	1940	2786	2533	2774	1315	2340	1860	2394	1293	1707	2320	2532	1591	176	2101	2627	1904	144	2510	1859	1468	140	1949	2695	2222	178	3194
chrX	39262891	39487245	224355	7	0	224355	124956	99399	13339	6116	9547	9022	8462	7332	10383	8445	9142	4683	8798	5936	7080	4296	5397	6977	8952	5607	869	6999	9616	7601	962	9223	7262	6035	633	7080	8792	8160	784	10823
chrX	39487246	39603245	116000	6	0	116000	61925	54075	6084	2958	4615	4147	4183	4052	5904	4253	4363	2561	4882	2993	3175	1989	2704	3060	4544	3018	515	3483	5314	4454	619	5133	4017	3675	429	4075	4517	4373	495	5414
chrX	39603246	39781245	178000	5	0	178000	95567	82433	10165	4598	7127	6660	6508	6141	8617	6330	6664	3717	7055	4481	5214	3195	4025	5068	6746	4730	993	5182	8248	6795	1237	7619	5986	5839	1022	6119	6616	6535	862	7904
chrX	39781246	39893245	112000	4	0	112000	57476	54524	6130	2826	4253	3525	3925	4060	5849	3549	3933	2450	4943	2547	2746	1971	2316	2453	4071	3194	696	3346	5403	4976	970	5294	3806	4084	811	3999	4103	4390	657	4722
chrX	39893246	40001077	107832	3	0	107832	54931	52901	5775	2721	4108	3281	3764	3955	5872	3298	3794	2348	4831	2391	2552	1767	2168	2305	3925	3003	742	3121	5216	4571	954	5190	3805	4215	750	4044	3943	4141	656	4624
chrX	40001079	40056246	55168	3	0	55168	28461	26707	3484	1419	1985	1870	1950	1995	2601	1501	1795	1145	2370	1215	1529	994	1201	1406	1951	1570	428	1604	2448	2271	791	2459	1795	2140	810	1915	1854	1988	503	2179
chrX	40056247	40370596	314350	4	0	314350	158723	155627	17957	7848	11320	9913	10501	11213	15624	8963	10376	6697	13844	7339	8204	5387	6581	6954	10687	8966	2456	9036	14439	14089	4737	14311	10480	12586	4347	11237	10695	11935	2840	12786
chrX	40370598	40739189	368592	4	0	368592	206270	162322	24920	10365	14415	15172	13769	12285	16688	12834	13650	7217	13901	9529	12533	7931	9154	11906	14512	9319	2014	11953	15322	11580	2407	14839	11536	10890	2114	11538	14206	12359	1905	15827
chrX	40739190	41152246	413057	4	0	413057	240453	172604	32136	12020	15700	19538	16045	12463	17149	14270	15017	7928	14781	11027	16196	9425	10444	16313	16041	10210	2178	13407	16064	11013	2782	15147	11754	11108	2417	11729	16069	12676	2217	17791
chrX	41152247	41448246	296000	3	0	296000	165697	130303	22930	8432	10368	12615	11042	9821	13245	9326	9773	5426	11420	7494	10599	6559	7244	9401	10838	7876	1901	9623	12378	8774	2708	11668	9180	9591	2450	9203	11038	9287	2005	11783
chrX	41448247	41564246	116000	4	0	116000	65527	50473	8818	3223	4258	5040	4322	3838	5309	3831	4017	2197	4409	2822	4183	2562	2790	3907	4482	2956	664	3717	4718	3178	909	4523	3709	3681	823	3667	4391	3513	682	4859
chrX	41564247	41701246	137000	5	0	137000	83121	53879	11736	4091	5425	7334	5271	3794	5291	4962	5280	2396	4391	3721	6298	3511	3776	5843	5309	3157	624	4701	4746	3131	670	4674	3774	3092	590	3622	5489	3841	572	5886
chrX	41701247	41837246	136000	6	0	136000	83365	52635	11652	4260	5396	7300	5419	3702	5167	4980	5336	2398	4202	3706	6201	3483	3955	6206	5557	3005	565	4716	4691	2973	495	4421	3598	2856	491	3625	5423	3746	515	5958
chrX	41837247	42045246	208000	7	0	208000	128320	79680	17255	6535	8713	11596	8508	5626	7419	7859	8697	3651	6199	5685	9638	5354	5947	9636	8679	4605	847	7035	7077	4507	770	6582	5477	3863	711	5295	8179	5961	726	9366
chrX	42045247	42276434	231188	8	0	231188	138758	92430	17322	6901	9891	11796	9253	6715	8934	9127	9814	4401	7553	6446	9521	5269	6261	9553	9567	5354	840	7525	8515	5770	691	7945	6470	4682	537	6319	9476	7115	772	10851
chrX	42276436	42406247	129812	8	0	129812	79900	49912	10486	4082	5457	7119	5333	3518	4814	5056	5533	2328	3935	3681	5792	3211	3563	5992	5532	2835	504	4268	4481	2842	368	4165	3453	2417	308	3260	5253	3762	386	6076
chrX	42406248	42666956	260709	9	0	260709	160540	100169	21248	8159	11165	14354	10939	6990	9466	10348	11309	4678	7842	7248	11430	6197	7195	11972	10893	5764	855	8512	9168	5738	683	8347	7118	4742	557	6713	10563	7691	727	12096
chrX	42666958	42823143	156186	9	0	156186	95167	61019	12487	4815	6767	8091	6148	4177	5804	5973	6455	2867	5132	4482	7069	3621	4356	6922	6381	3441	562	5096	5383	3562	505	5390	4119	3097	408	4138	6218	4740	543	7435
chrX	42823145	42851453	28309	9	0	28309	18014	10295	2479	837	1218	1767	1107	716	982	1098	1246	483	811	775	1469	726	857	1442	1171	537	100	954	848	489	67	832	716	489	49	727	1168	721	70	1356
chrX	42851455	43309250	457796	9	0	457796	286847	170949	39361	14105	19547	26643	18952	11904	15735	17909	19682	7969	13280	12879	21660	11411	13082	22727	18973	9777	1479	15160	15293	9409	1149	14061	11775	8032	960	11070	18459	12694	1304	21353
chrX	43309251	43515216	205966	8	0	205966	126919	79047	16941	6381	8737	11247	8417	5581	7620	7669	8691	3588	6462	5821	9257	4915	5837	9755	8486	4518	597	6864	7137	4601	455	6838	5462	3893	406	5227	8202	6019	614	9726
chrX	43515218	43516251	1034	8	0	1034	649	385	81	30	35	55	40	45	43	62	42	17	20	25	38	39	16	60	77	20	6	28	35	11	0	27	38	13	1	24	40	28	1	35
chrX	43516252	43692179	175928	7	0	175928	105676	70252	13859	5407	7646	8761	6921	4862	6647	6521	7428	3216	5812	4811	7466	4115	4931	7271	7014	4038	709	5839	6169	4401	747	6188	4848	3661	623	4748	6920	5405	681	8261
chrX	43692181	43820252	128072	7	0	128072	76168	51904	9201	3863	5596	6205	5025	3763	4979	5071	5419	2475	4120	3688	5221	3030	3399	5112	5312	3071	541	4207	4865	3358	413	4613	3578	2583	319	3341	5083	4237	449	5933
chrX	43820253	43826236	5984	8	0	5984	3677	2307	491	174	251	328	234	206	196	256	246	90	203	168	273	145	144	270	262	146	26	182	194	128	27	184	166	110	16	158	270	149	19	270
chrX	43826238	44266253	440016	8	0	440016	265464	174552	34440	13281	18682	22925	17479	12656	16672	17243	18494	8316	14005	12089	18915	10099	11701	18467	18271	9787	1900	14394	15983	10622	1570	14911	12152	9105	1295	11656	17644	13572	1589	20099
chrX	44266254	44403253	137000	7	0	137000	82512	54488	11494	4027	5384	7192	5415	4031	5127	5006	5088	2408	4610	3669	6100	3360	3607	5993	5560	3147	670	4449	4915	3214	709	4722	3812	3228	587	3699	5291	3971	654	5859
chrX	44403254	44905134	501881	6	0	501881	288936	212945	40956	13880	17985	23564	19522	15886	21401	16347	17195	9210	19026	13196	18713	11297	12359	18397	18856	12617	2809	15991	20244	12729	3878	18814	14717	15064	3523	15076	19340	15255	3142	20890
chrX	44905136	45166254	261119	6	0	261119	159585	101534	22579	7992	10548	13912	9932	7189	9642	9266	10042	4531	7984	6957	12479	6779	7307	12445	10431	5958	1216	8886	8855	6180	1415	8640	6898	5691	1168	6681	9844	7261	1135	11274
chrX	45166255	45372254	206000	7	0	206000	124957	81043	16600	6153	8789	10843	8524	5766	7775	7839	8534	3821	6484	5721	8727	4736	5412	9233	8428	4846	662	6540	7724	5090	588	7003	5559	4178	474	5389	8192	6291	550	9527
chrX	45372255	45689091	316837	8	0	316837	195009	121828	25962	9831	13530	17160	13328	8896	11392	12765	13420	5551	9237	9023	13773	7667	8812	14662	13494	7094	1011	10346	11507	7014	794	9830	8730	5909	691	8176	12650	9127	834	14619
chrX	45689093	45689104	12	8	0	12	10	2	3	0	0	1	0	0	0	2	0	0	0	1	1	0	0	1	0	0	0	0	0	0	0	0	0	0	0	0	1	0	0	0
chrX	45689106	45689248	143	8	0	143	92	51	13	4	8	8	7	3	2	9	10	1	7	6	3	4	2	3	8	2	0	2	3	2	0	6	2	0	0	2	8	7	0	9
chrX	45689249	45691227	1979	8	0	1979	1130	849	140	55	95	80	89	49	92	70	73	40	73	53	68	42	47	63	75	38	5	67	83	53	5	77	73	52	6	75	70	75	6	88
chrX	45691228	45691370	143	8	0	143	93	50	15	4	7	9	7	1	3	8	10	1	3	7	3	5	4	4	8	3	0	0	4	4	0	6	2	1	0	1	5	6	0	10
chrX	45691371	45691382	12	8	0	12	10	2	3	0	0	1	0	0	0	2	0	0	0	1	1	0	0	1	0	0	0	0	0	0	0	0	0	0	0	0	1	0	0	0
chrX	45691384	45710691	19308	8	0	19308	11581	7727	1405	562	843	943	724	574	720	805	844	341	642	526	780	483	511	878	819	422	88	631	710	469	73	654	533	380	64	529	761	635	55	902
chrX	45710693	45710733	41	8	0	41	26	15	2	2	3	3	1	1	0	2	3	0	2	0	4	1	0	1	1	3	0	0	1	0	0	2	0	0	0	2	3	1	0	1
chrX	45710739	45710947	209	8	0	209	112	97	17	3	8	9	9	3	6	4	6	6	24	2	5	2	2	5	5	5	0	4	7	11	0	13	4	3	2	5	6	12	0	19
chrX	45710948	45710988	41	8	0	41	26	15	9	0	5	0	0	0	0	0	5	0	7	0	0	0	0	0	0	0	0	0	0	1	0	1	0	0	0	0	0	1	0	10
chrX	45710997	45713216	2220	8	0	2220	1288	932	180	62	115	85	94	66	79	91	107	43	86	55	60	53	42	69	87	55	12	70	95	69	5	85	59	52	6	45	89	78	3	121
chrX	45713219	45716939	3721	8	0	3721	2206	1515	235	110	178	186	136	100	158	141	194	82	140	96	144	83	100	123	133	83	11	148	145	83	8	134	88	81	5	82	168	124	8	212
chrX	45716941	45721206	4266	8	0	4266	2586	1680	309	135	188	223	191	130	160	165	186	75	127	109	168	111	115	192	194	92	15	150	160	98	7	141	116	90	7	113	176	126	9	186
chrX	45721263	45721740	478	8	0	478	325	153	43	14	20	23	19	14	10	25	14	6	12	10	24	10	12	68	24	4	3	14	12	4	0	8	20	6	1	15	12	10	2	17
chrX	45721741	45722871	1131	8	0	1131	641	490	113	31	34	50	35	38	46	38	36	18	51	31	44	19	22	33	35	26	12	33	45	25	18	36	31	44	16	33	46	29	10	51
chrX	45722873	45723872	1000	8	0	1000	593	407	54	25	31	45	31	39	38	45	34	18	42	25	35	31	24	74	55	23	3	32	35	24	7	33	24	21	5	26	39	31	5	44
chrX	45723873	45726200	2328	8	0	2328	1527	801	223	82	75	137	107	70	62	117	90	34	49	71	97	70	61	181	121	51	12	71	86	38	3	44	59	23	6	42	90	59	5	90
chrX	45726202	45726237	36	8	0	36	26	10	4	2	2	4	1	0	0	0	2	0	1	0	5	1	2	2	0	2	0	1	1	0	0	2	0	0	0	0	0	1	0	1
chrX	45726239	45726805	567	8	0	567	352	215	45	13	19	43	23	19	27	16	18	8	15	18	34	12	13	27	25	10	0	18	25	9	0	17	13	17	3	19	22	15	1	21
chrX	45726806	45728357	1552	8	0	1552	969	583	139	57	68	80	52	40	64	67	68	30	38	47	84	31	45	58	75	33	3	47	56	22	3	48	43	22	3	44	49	52	7	75
chrX	45728358	45729801	1444	8	0	1444	899	545	159	50	63	81	67	30	51	43	73	22	47	38	55	28	33	58	56	26	7	40	42	28	10	47	30	35	7	36	63	38	8	71
chrX	45729803	45729821	19	8	0	19	19	0	0	0	0	0	0	0	0	0	0	0	0	0	0	0	0	17	0	0	0	0	0	0	0	0	0	0	0	0	0	0	0	0
chrX	45729822	45729854	33	8	0	33	31	2	2	0	1	1	0	0	0	0	0	1	0	0	2	0	0	23	0	0	0	0	0	0	0	0	0	0	0	0	0	0	0	1
chrX	45729890	45730399	510	8	0	510	330	180	50	14	27	18	17	9	11	16	23	6	20	18	19	16	23	41	16	8	2	19	13	12	0	19	11	8	0	5	13	16	0	38
chrX	45730401	45736454	6054	8	0	6054	3678	2376	496	178	248	330	237	172	216	233	253	114	185	160	266	139	182	269	221	147	32	203	215	112	42	182	192	136	30	152	230	156	30	294
chrX	45736455	45736640	186	8	0	186	122	64	31	4	10	6	2	4	4	7	11	2	6	2	6	3	10	13	3	2	1	7	7	3	0	5	1	6	0	7	6	3	1	11
chrX	45736706	45736912	207	8	0	207	113	94	15	3	7	10	10	23	0	5	2	2	7	6	7	1	3	11	16	8	0	5	9	21	0	8	5	4	0	1	8	5	0	3
chrX	45736913	45739071	2159	8	0	2159	1438	721	228	75	81	150	101	49	57	80	84	26	59	64	121	64	68	130	91	38	11	74	56	25	5	56	56	30	3	43	84	49	7	92
chrX	45739072	45744966	5895	8	0	5895	3468	2427	350	194	249	278	229	234	229	240	251	106	197	147	240	138	141	243	273	154	21	224	249	148	16	199	161	127	15	139	250	183	14	254
chrX	45744968	45745346	379	8	0	379	248	131	43	7	19	22	10	11	11	20	14	10	10	8	23	14	7	18	20	6	2	13	15	5	2	5	5	5	0	10	12	11	0	19
chrX	45745362	45746875	1514	8	0	1514	932	582	111	59	63	78	60	28	56	71	72	24	47	52	68	42	43	57	60	48	4	41	56	31	2	58	34	19	1	32	64	49	3	79
chrX	45746914	45747601	688	8	0	688	430	258	63	13	28	43	33	33	29	24	24	10	14	26	27	26	14	23	48	12	3	18	25	10	0	13	23	9	0	22	23	17	1	32
chrX	45747603	45747639	37	8	0	37	26	11	3	3	0	2	1	0	2	0	1	0	1	1	4	3	0	3	2	1	1	2	1	0	0	1	0	0	0	0	1	1	1	0
chrX	45747641	45750495	2855	8	0	2855	1857	998	272	97	144	166	103	91	77	107	133	45	60	65	171	81	95	149	118	71	10	115	86	51	5	78	65	34	3	58	108	64	6	125
chrX	45750497	45752784	2288	8	0	2288	1415	873	191	72	107	109	78	75	85	90	101	53	72	58	111	58	64	89	117	50	12	79	63	40	9	71	57	32	5	54	91	61	8	124
chrX	45752785	45753965	1181	8	0	1181	688	493	86	40	62	43	47	47	42	34	59	24	42	27	39	26	29	40	64	27	9	38	37	31	5	51	27	17	6	28	41	49	4	58
chrX	45753972	45755408	1437	8	0	1437	803	634	110	31	42	72	52	66	51	46	52	34	62	39	41	34	38	33	65	40	11	48	54	53	17	51	32	29	10	35	64	53	12	58
chrX	45755411	45788518	33108	8	0	33108	20023	13085	2629	1069	1451	1678	1269	890	1263	1212	1432	622	1095	852	1496	834	908	1322	1365	731	156	1163	1069	852	137	1131	884	646	109	841	1316	960	142	1582
chrX	45788520	45788538	19	8	0	19	12	7	0	0	0	2	1	0	0	1	1	0	0	0	1	3	1	1	2	1	0	0	0	0	1	1	0	0	0	0	0	1	0	0
chrX	45788540	45796927	8388	8	0	8388	4978	3410	693	282	351	403	325	241	370	298	393	154	256	225	318	166	202	300	333	208	44	258	321	223	31	295	245	179	19	225	336	261	30	401
chrX	45796928	45799995	3068	8	0	3068	1869	1199	257	103	151	147	120	86	92	130	136	39	125	75	144	67	72	123	120	59	17	99	92	68	9	114	88	61	9	88	128	95	13	139
chrX	45799996	45801121	1126	8	0	1126	750	376	136	40	50	73	46	26	41	30	44	18	26	23	74	33	23	66	48	16	3	50	33	23	1	30	25	18	0	17	37	30	2	42
chrX	45801123	45801247	125	8	0	125	66	59	22	4	2	2	7	3	6	1	2	2	11	3	0	0	0	0	3	2	1	3	3	2	2	5	5	4	4	6	6	4	3	5
chrX	45801249	45802559	1311	8	0	1311	794	517	122	43	52	73	52	35	47	47	56	23	46	29	61	27	35	45	42	32	7	47	50	26	10	40	34	29	5	40	55	38	8	53
chrX	45802560	45805559	3000	8	0	3000	1801	1199	250	108	137	156	138	85	94	112	150	49	96	65	113	65	71	111	112	84	17	94	126	72	16	103	82	60	7	65	109	101	14	136
chrX	45805564	45806314	751	8	0	751	438	313	87	14	39	28	31	20	34	18	23	20	27	12	26	20	8	30	30	13	4	27	29	25	1	35	19	22	4	21	25	30	3	24
chrX	45806315	45808919	2605	8	0	2605	1552	1053	210	83	126	109	98	90	93	93	121	45	93	63	98	64	67	97	122	51	23	86	80	62	19	76	75	41	10	86	98	83	10	131
chrX	45808920	45811519	2600	8	0	2600	1398	1202	148	71	122	77	95	94	111	92	98	59	105	62	77	61	59	67	106	70	15	94	109	113	18	119	72	91	7	62	103	85	14	122
chrX	45811520	45812291	772	8	0	772	421	351	29	22	27	30	28	25	42	33	21	17	26	25	30	22	22	22	40	17	5	23	34	28	2	29	21	26	3	32	33	21	2	33
chrX	45812292	45818278	5987	8	0	5987	3438	2549	467	172	222	266	237	204	250	219	202	109	213	152	220	141	160	203	220	167	36	203	257	145	36	227	198	175	31	178	235	178	25	237
chrX	45818279	45821658	3380	8	0	3380	2049	1331	303	109	129	170	116	111	136	123	132	63	110	93	159	80	81	132	142	81	20	120	119	63	24	104	80	74	19	87	146	92	15	145
chrX	45821659	45823294	1636	8	0	1636	977	659	119	49	60	100	77	50	75	60	65	33	50	47	67	34	34	57	80	31	3	52	61	34	9	49	52	45	5	42	68	43	7	76
chrX	45823295	45825283	1989	8	0	1989	1290	699	180	50	78	133	67	47	72	92	87	29	44	62	106	52	61	129	80	32	8	58	50	36	5	52	60	33	7	56	88	42	2	89
chrX	45825289	45825558	270	8	0	270	138	132	18	10	2	12	8	14	12	5	6	3	11	7	9	6	7	6	11	12	4	6	15	8	5	14	7	17	2	4	7	5	7	8
chrX	45825560	45825600	41	8	0	41	17	24	0	0	0	2	0	0	4	0	1	0	4	1	1	2	1	0	1	0	0	1	1	2	1	4	1	3	0	3	1	3	1	1
chrX	45825602	45827090	1489	8	0	1489	891	598	97	43	64	84	54	42	54	60	56	30	57	42	81	30	39	58	51	29	8	57	60	38	4	41	42	34	6	41	57	41	12	75
chrX	45827091	45835056	7966	8	0	7966	4761	3205	607	252	345	398	307	205	311	307	339	151	286	216	350	188	211	287	297	177	39	283	295	190	32	285	215	155	21	223	323	279	28	362
chrX	45835058	45836418	1361	8	0	1361	740	621	132	33	25	51	47	51	56	48	16	23	64	38	48	35	34	37	44	48	4	46	69	52	23	50	40	52	7	45	49	42	12	38
chrX	45836421	45836468	48	8	0	48	16	32	1	0	1	1	1	4	3	0	0	0	2	1	1	1	0	0	1	1	1	2	3	3	2	2	3	6	1	2	1	2	0	0
chrX	45836470	45836711	242	8	0	242	122	120	18	7	5	7	11	13	10	3	6	6	12	6	3	4	7	2	6	10	2	12	13	8	4	11	7	9	2	6	11	9	4	6
chrX	45836723	45837482	760	8	0	760	424	336	69	18	23	27	23	28	37	18	25	19	31	24	19	12	22	27	24	21	2	30	29	22	12	25	15	23	10	24	38	22	4	35
chrX	45837483	45839163	1681	8	0	1681	905	776	107	34	48	71	55	81	80	60	49	33	61	49	49	37	36	54	82	54	13	37	78	44	22	67	54	57	17	58	62	57	10	63
chrX	45839165	45839214	50	8	0	50	36	14	16	0	0	3	1	2	1	0	0	2	3	1	2	0	1	3	1	2	0	1	0	2	0	1	0	0	0	0	3	0	0	3
chrX	45839216	45841590	2375	8	0	2375	1406	969	203	72	80	109	84	75	91	91	82	43	94	57	94	68	72	89	107	56	12	83	92	53	16	80	53	55	11	75	89	77	11	99
chrX	45841591	45842623	1033	8	0	1033	582	451	55	35	46	48	47	33	44	36	40	11	46	30	41	12	31	26	34	26	0	31	45	22	3	46	37	40	2	37	43	28	3	53
chrX	45842624	45845194	2571	8	0	2571	1512	1059	198	69	105	116	96	75	103	102	108	41	86	79	85	53	76	118	95	56	5	82	98	73	10	108	79	67	5	67	104	93	4	113
chrX	45845199	45846509	1311	8	0	1311	775	536	90	45	42	56	49	59	49	56	43	19	39	31	51	50	43	51	65	42	11	55	57	24	6	38	39	29	4	34	52	30	3	47
chrX	45846510	45847698	1189	8	0	1189	668	521	86	27	50	48	43	48	51	36	34	24	51	33	49	27	23	37	49	33	7	37	41	28	11	48	38	29	10	47	50	39	10	43
chrX	45847700	45847743	44	8	0	44	20	24	1	3	1	0	2	1	2	2	1	2	2	0	1	1	0	0	1	5	0	1	4	2	0	3	0	1	0	1	2	2	0	1
chrX	45847745	45847894	150	8	0	150	68	82	6	2	2	5	3	8	9	2	3	2	7	4	3	5	5	1	4	6	0	6	7	8	3	8	5	10	2	5	6	2	5	4
chrX	45847895	45847938	44	8	0	44	29	15	4	8	1	0	9	0	0	0	1	1	3	0	0	0	0	0	8	0	0	1	0	0	0	1	0	0	0	0	1	1	0	3
chrX	45847940	45848672	733	8	0	733	436	297	93	26	27	26	31	19	31	23	18	11	23	20	28	21	18	19	34	17	6	20	25	17	3	33	22	25	3	20	23	19	4	26
chrX	45848674	45848945	272	8	0	272	110	162	9	4	4	5	4	14	12	2	4	6	19	8	5	6	6	1	5	9	7	9	16	12	11	12	4	18	11	11	8	12	7	9
chrX	45848948	45850064	1117	8	0	1117	721	396	113	40	41	78	46	21	42	47	54	25	22	30	59	31	25	47	53	28	5	31	30	18	8	28	24	13	5	20	49	25	6	51
chrX	45850067	45850198	132	8	0	132	81	51	22	4	2	5	4	20	3	5	5	2	2	2	1	0	1	2	21	0	2	3	2	0	1	2	3	2	1	2	5	3	2	1
chrX	45850202	45850245	44	8	0	44	22	22	0	0	0	0	0	0	2	0	0	2	17	0	0	0	0	0	2	0	0	0	0	0	0	0	0	0	0	0	0	0	0	19
chrX	45850247	45855647	5401	8	0	5401	2940	2461	404	146	232	240	187	177	190	155	217	93	196	134	214	111	102	141	187	145	43	152	188	226	114	171	154	157	127	156	179	171	48	242
chrX	45855648	45856472	825	8	0	825	449	376	44	20	27	40	33	42	40	29	34	13	32	26	20	18	17	13	44	21	2	27	44	22	3	32	25	27	2	22	31	31	7	35
chrX	45856474	46013064	156591	8	0	156591	94583	62008	12574	4684	6453	8299	6403	4532	5942	6001	6336	2802	5097	4433	6698	3641	4124	6563	6358	3558	654	5088	5723	3721	590	5151	4425	3270	498	4303	6372	4636	586	7074
chrX	46013065	46210064	197000	7	0	197000	121946	75054	16364	6331	8131	11046	8387	5260	6933	7876	8440	3469	5805	5749	8680	4649	5572	9253	8325	4452	703	6229	6890	4251	515	6228	5263	3415	427	4893	7978	5766	627	9091
chrX	46210065	46344064	134000	6	0	134000	79492	54508	10504	4001	5561	6670	5410	3951	5171	4900	5301	2506	4511	3615	5521	2907	3498	5464	5337	3155	583	4290	5032	3560	699	4746	3812	3153	508	3699	5251	4168	508	6006
chrX	46344065	46514064	170000	5	0	170000	100010	69990	12722	4901	6702	8301	6562	5119	6951	6307	6763	3159	5700	4719	6579	3856	4374	7295	6762	4140	723	5410	6652	4571	916	6118	4764	4193	743	4656	6760	5353	684	7543
chrX	46514065	46951258	437194	4	0	437194	253806	183388	33977	12793	16927	20020	16864	13786	18468	15066	16130	8258	15539	11511	16745	10154	11392	16175	17479	10985	2104	14422	17096	11365	2657	16229	12565	11628	2575	12844	17044	13369	2194	18831
chrX	46951386	46951600	215	4	0	215	103	112	20	5	2	6	9	8	11	6	3	5	13	1	2	4	5	1	4	9	2	7	13	6	6	9	11	11	4	8	6	8	0	8
chrX	46951601	46956566	4966	4	0	4966	2884	2082	415	182	190	212	199	174	233	137	200	78	180	114	186	90	113	179	208	129	19	168	216	124	21	181	152	136	18	138	168	153	22	229
chrX	46956568	46956584	17	4	0	17	5	12	0	0	0	0	0	1	2	0	0	0	1	0	0	0	0	0	0	1	0	1	2	0	1	1	1	1	1	1	0	1	0	0
chrX	46956586	46960253	3668	4	0	3668	2137	1531	267	106	148	153	124	103	162	135	145	73	119	111	139	83	129	139	140	89	9	127	136	102	14	160	105	86	5	109	143	135	8	162
chrX	46960254	46962854	2601	4	0	2601	1564	1037	215	90	105	130	103	79	109	88	112	49	83	61	109	55	69	105	110	65	9	89	80	65	9	99	84	48	9	65	106	75	11	113
chrX	46962856	46971130	8275	4	0	8275	4918	3357	662	273	353	384	325	239	364	267	318	162	289	241	366	186	218	270	319	198	36	307	324	170	22	304	223	193	24	226	329	260	34	387
chrX	46971133	46971306	174	4	0	174	82	92	8	5	2	8	7	5	10	3	4	2	11	3	4	4	4	2	3	3	2	8	9	5	4	7	9	10	4	7	4	6	4	5
chrX	46971796	46972613	818	4	0	818	504	314	89	23	24	50	31	29	32	27	33	15	30	20	32	13	22	33	33	17	4	26	24	12	7	23	20	21	4	25	42	16	5	34
chrX	46972614	46972749	136	4	0	136	60	76	6	1	2	3	3	7	11	3	1	3	11	4	3	1	0	0	5	1	1	5	5	4	3	6	9	8	2	7	4	5	4	6
chrX	46972751	46975051	2301	4	0	2301	1323	978	170	72	90	107	97	57	99	76	91	52	83	70	81	40	62	75	88	57	6	70	87	62	18	91	55	67	19	61	99	71	13	113
chrX	46975053	46975714	662	4	0	662	458	204	90	24	25	49	21	14	21	33	34	15	6	18	43	14	11	40	31	12	3	21	20	10	4	5	11	4	1	8	27	14	2	29
chrX	46975715	46984517	8803	4	0	8803	5247	3556	699	267	363	441	340	241	374	320	362	161	284	215	370	222	228	358	364	190	39	298	320	238	36	292	252	209	32	263	339	249	39	396
chrX	46984518	46990083	5566	4	0	5566	3363	2203	440	166	260	271	208	159	227	200	270	100	169	155	219	120	155	244	212	119	19	195	207	116	10	205	132	125	16	151	242	177	15	260
chrX	46990084	46991071	988	4	0	988	583	405	59	33	35	48	33	35	33	44	45	16	43	29	39	30	28	31	46	29	3	36	35	39	0	42	17	11	0	14	47	37	1	48
chrX	46991072	46992369	1298	4	0	1298	685	613	70	41	53	41	48	45	63	34	49	27	54	19	38	40	32	30	48	44	11	50	55	64	10	58	39	35	8	40	48	43	5	54
chrX	46992371	47059514	67144	4	0	67144	40569	26575	5583	2049	2672	3384	2650	1954	2604	2480	2475	1245	2162	1785	2980	1651	1790	3105	2694	1604	282	2319	2543	1542	255	2281	1791	1551	232	1812	2660	1924	267	2816
chrX	47059516	47059549	34	4	0	34	18	16	3	1	1	0	0	0	2	0	1	1	2	1	1	1	1	3	0	3	0	0	1	3	0	2	0	0	0	0	1	1	0	3
chrX	47059559	47059575	17	4	0	17	10	7	0	0	1	0	0	0	1	1	0	1	0	2	1	1	1	1	1	0	0	1	1	0	0	0	0	0	0	0	0	0	0	2
chrX	47059577	47060253	677	4	0	677	431	246	69	29	33	36	34	19	28	15	26	12	15	11	37	22	14	29	36	14	0	32	16	18	1	23	16	9	1	16	28	17	0	19
chrX	47060254	47109100	48847	4	0	48847	27614	21233	3732	1395	1862	2066	1859	1489	2221	1516	1729	950	1891	1315	1734	952	1185	1717	1728	1270	233	1555	2005	1490	346	1998	1455	1516	287	1464	1896	1563	284	2142
chrX	47109101	47113100	4000	5	0	4000	1899	2101	158	83	137	97	136	176	217	70	100	87	192	87	81	80	127	70	147	126	21	132	205	190	68	163	135	173	60	214	111	137	53	165
chrX	47113101	47702100	589000	4	0	589000	316100	272900	38708	15305	20279	22183	20900	21135	28354	18820	19411	12092	24338	14843	17456	11913	13259	17104	22146	16574	3766	17959	26392	21933	5390	25679	18575	20147	4922	18732	22096	20740	3987	23860
chrX	47702101	47825100	123000	5	0	123000	71896	51104	8884	3582	4943	5957	4727	3751	5111	4646	4860	2313	4195	3423	4895	2711	3016	4880	4967	2940	540	3910	4793	3581	566	4532	3667	2907	520	3390	4808	4044	506	5433
chrX	47825101	47981899	156799	6	0	156799	94221	62578	12036	4670	6407	8012	6278	4598	6003	6100	6294	2956	4903	4311	6516	3865	4184	7087	6657	3680	609	5143	5807	4023	582	5409	4280	3350	518	4056	6235	4768	571	6889
chrX	47981900	47989426	7527	6	0	7527	4560	2967	529	239	292	387	296	249	287	322	287	141	229	223	334	207	185	352	344	202	30	260	289	162	16	266	194	144	12	168	327	225	28	299
chrX	47989427	47998854	9428	6	0	9428	5454	3974	695	294	348	460	368	330	430	296	391	199	343	217	342	189	210	341	430	264	36	282	381	264	46	365	249	235	44	228	364	293	36	456
chrX	47998856	47999362	507	6	0	507	280	227	34	12	16	22	20	14	27	21	16	8	15	20	13	9	9	23	13	13	1	16	25	12	5	25	20	22	4	12	24	20	0	14
chrX	47999364	48004152	4789	6	0	4789	2804	1985	382	145	157	258	189	141	177	189	165	88	152	124	205	122	114	195	206	129	28	133	168	160	45	176	139	119	41	111	183	140	26	180
chrX	48004154	48008547	4394	6	0	4394	2210	2184	150	100	146	152	143	224	200	180	160	82	197	109	95	92	88	91	167	141	43	147	225	198	38	192	155	153	46	130	200	161	24	163
chrX	48008549	48010190	1642	6	0	1642	899	743	70	62	60	61	60	45	77	76	70	36	73	59	53	25	32	40	62	54	3	48	88	61	4	73	34	41	2	33	74	71	5	88
chrX	48010192	48010439	248	6	0	248	114	134	13	5	3	5	6	10	15	6	5	6	17	6	3	5	5	3	5	12	1	8	15	7	5	13	8	12	4	10	9	9	6	9
chrX	48010441	48010936	496	6	0	496	279	217	31	9	27	25	18	21	22	21	26	9	17	12	16	10	6	8	21	9	4	15	19	17	1	19	18	11	1	17	24	19	0	21
chrX	48010943	48011117	175	6	0	175	102	73	24	4	15	6	7	5	4	3	13	1	3	5	5	3	2	2	4	5	0	4	8	10	1	8	4	4	1	1	3	7	0	11
chrX	48011119	48012147	1029	6	0	1029	602	427	93	28	42	55	39	30	39	23	34	18	36	23	53	25	25	37	31	32	4	34	48	27	10	38	15	35	10	32	37	29	6	39
chrX	48012148	48012915	768	6	0	768	386	382	40	18	20	26	20	37	31	21	21	13	44	19	23	14	23	16	33	18	9	22	31	27	16	34	17	33	13	31	27	30	8	31
chrX	48012916	48013035	120	6	0	120	72	48	20	0	12	1	6	2	6	4	6	3	3	4	0	1	0	3	1	1	0	4	3	3	0	2	8	1	0	9	6	3	0	6
chrX	48013040	48014280	1241	6	0	1241	729	512	90	30	60	54	45	40	45	35	64	22	50	42	35	26	36	55	40	34	8	36	44	21	9	51	24	29	7	30	57	41	6	73
chrX	48014283	48016960	2678	6	0	2678	1376	1302	196	65	80	83	85	89	116	79	78	38	145	79	66	54	55	67	70	63	33	80	118	97	52	118	89	123	40	78	92	103	25	120
chrX	48016961	48017037	77	6	0	77	24	53	0	1	0	0	0	3	6	0	1	5	7	0	0	0	0	0	1	2	2	3	5	7	4	3	1	6	4	1	3	4	0	6
chrX	48017038	48017065	28	6	0	28	11	17	0	0	1	0	0	1	0	1	1	0	5	0	0	1	0	1	0	0	0	1	0	1	1	2	0	1	1	2	2	3	0	1
chrX	48017067	48018789	1723	6	0	1723	902	821	101	48	56	65	59	56	79	75	58	36	63	38	52	37	37	42	76	48	14	39	77	94	21	68	58	64	16	49	57	54	5	79
chrX	48018791	48028204	9414	6	0	9414	5389	4025	648	253	358	435	344	275	373	350	337	190	286	257	364	248	246	424	352	251	81	282	377	325	85	355	267	264	70	245	346	301	42	381
chrX	48028206	48030140	1935	6	0	1935	863	1072	54	55	64	35	73	90	126	37	50	54	86	41	31	25	31	11	76	69	26	53	110	107	22	111	71	90	21	84	69	83	19	59
chrX	48030141	48034565	4425	6	0	4425	2201	2224	210	100	137	133	169	188	230	162	109	81	189	117	91	108	99	76	170	152	27	129	244	183	42	209	179	183	44	166	156	160	29	151
chrX	48034567	48034589	23	6	0	23	11	12	0	0	0	0	0	1	0	1	0	1	3	2	0	0	1	1	0	0	0	2	1	0	0	0	0	1	1	0	1	1	1	3
chrX	48034590	48037188	2599	6	0	2599	1434	1165	153	83	94	111	122	87	122	91	81	55	100	62	84	51	57	80	118	62	18	78	121	84	6	112	100	81	9	78	83	96	13	105
chrX	48037192	48042117	4926	6	0	4926	2926	2000	407	175	187	227	212	141	177	217	174	89	150	146	201	107	142	172	206	142	14	150	214	126	14	189	146	109	12	119	181	166	14	198
chrX	48042119	48047160	5042	6	0	5042	2871	2171	351	143	206	218	183	138	219	177	182	97	185	156	202	109	126	179	179	125	29	154	214	167	29	196	130	132	32	163	194	182	20	223
chrX	48047162	48049533	2372	6	0	2372	1305	1067	135	64	61	105	83	73	123	97	64	52	89	69	83	63	68	75	97	70	7	78	105	88	9	102	82	74	12	68	92	73	16	93
chrX	48049542	48051726	2185	6	0	2185	1289	896	120	64	74	120	86	59	103	66	69	49	77	63	103	56	80	99	82	60	6	80	85	56	4	77	65	51	4	68	82	55	10	110
chrX	48051727	48052171	445	6	0	445	253	192	53	8	11	16	10	15	21	16	10	8	26	11	15	10	12	9	13	16	0	12	17	9	4	22	13	14	4	13	19	13	0	23
chrX	48052212	48054231	2020	6	0	2020	1245	775	194	68	103	89	72	47	69	76	92	33	69	44	95	57	55	81	83	45	12	64	64	43	5	76	47	44	4	49	70	56	5	107
chrX	48054234	48055042	809	6	0	809	460	349	52	18	33	26	32	31	35	28	23	17	32	29	23	22	24	33	30	26	2	30	33	18	1	42	21	23	0	22	43	27	1	30
chrX	48055044	48055072	29	6	0	29	16	13	1	2	0	0	1	5	2	2	1	1	0	0	0	0	0	0	8	0	0	0	0	0	0	0	2	0	0	0	0	0	0	2
chrX	48055074	48055456	383	6	0	383	194	189	30	7	6	9	10	16	21	11	7	7	19	14	6	8	9	12	10	11	7	10	20	12	6	16	14	16	6	14	14	15	3	15
chrX	48055473	48055833	361	6	0	361	171	190	24	8	7	7	11	12	23	16	6	9	19	10	4	7	6	1	12	9	4	11	18	11	7	14	17	19	7	17	15	11	4	13
chrX	48055834	48055924	91	6	0	91	55	36	13	5	3	4	6	4	5	2	4	2	2	2	1	0	1	0	9	0	0	2	4	1	0	2	3	1	0	3	1	5	0	4
chrX	48055925	48060234	4310	6	0	4310	2580	1730	279	100	184	224	138	143	172	189	218	76	165	132	151	100	97	210	166	97	9	147	152	107	11	156	106	88	8	92	218	134	16	223
chrX	48060245	48062956	2712	6	0	2712	1603	1109	199	75	104	124	102	105	98	121	97	61	92	65	105	62	71	120	132	71	9	92	102	69	11	100	83	60	9	56	109	82	7	117
chrX	48062957	48065429	2473	6	0	2473	1444	1029	211	63	82	124	94	75	110	84	87	36	87	62	88	63	63	114	97	59	7	74	95	69	13	100	72	81	12	77	99	69	12	92
chrX	48065431	48065440	10	6	0	10	7	3	3	0	0	0	1	0	0	0	0	1	1	0	0	0	0	0	0	0	0	0	0	0	0	0	0	0	0	0	1	0	0	1
chrX	48065442	48065479	38	6	0	38	23	15	4	0	4	0	0	0	0	0	3	0	11	0	0	0	0	0	0	0	0	0	0	0	0	0	0	0	0	0	0	0	0	14
chrX	48065480	48066326	847	6	0	847	522	325	76	21	39	41	31	23	20	32	34	7	28	34	36	29	22	49	36	15	4	25	27	24	4	35	18	17	4	11	25	35	6	37
chrX	48066328	48068197	1870	6	0	1870	1053	817	138	63	94	83	85	48	84	59	86	34	62	43	69	27	33	43	60	45	8	59	75	49	12	88	66	62	13	55	75	68	11	71
chrX	48068202	48068261	60	6	0	60	40	20	18	0	8	0	0	0	0	0	8	0	5	0	0	0	0	0	0	0	0	0	0	3	0	3	0	0	0	0	0	3	0	10
chrX	48068266	48069124	859	6	0	859	503	356	79	28	34	44	31	27	28	40	42	15	21	13	33	19	19	29	35	23	4	27	42	28	5	36	18	30	1	15	31	31	4	25
chrX	48069126	48069162	37	6	0	37	16	21	0	0	2	0	2	1	3	0	1	1	3	0	0	1	1	0	0	0	0	3	1	0	0	3	2	4	0	2	3	1	0	1
chrX	48069164	48069855	692	6	0	692	411	281	83	25	25	30	33	20	24	21	25	9	23	18	21	14	20	19	29	19	1	19	22	22	3	32	22	14	5	17	25	23	3	24
chrX	48069857	48070611	755	6	0	755	374	381	53	16	15	26	19	33	41	12	21	13	38	17	18	16	15	19	22	24	8	24	42	21	16	33	18	39	15	30	23	28	15	23
chrX	48070614	48070821	208	6	0	208	134	74	35	5	10	11	11	7	3	9	10	5	7	7	4	2	1	5	10	4	0	5	10	4	1	5	2	3	0	1	9	9	1	10
chrX	48070836	48074133	3298	6	0	3298	1664	1634	140	95	114	99	107	118	149	113	110	80	158	98	91	49	64	78	107	102	33	100	159	164	51	149	83	121	29	89	139	136	25	146
chrX	48074134	48077693	3560	6	0	3560	1974	1586	243	97	116	150	129	106	178	123	104	68	154	126	130	62	92	94	127	89	15	102	157	105	18	159	106	127	23	106	146	118	14	174
chrX	48077694	48079965	2272	6	0	2272	1307	965	158	59	86	117	92	63	99	79	83	55	81	62	86	42	41	102	95	62	11	51	84	75	21	95	67	61	6	56	87	77	12	105
chrX	48079966	48080964	999	6	0	999	613	386	107	39	39	50	35	28	26	40	39	7	24	25	53	23	27	49	28	28	7	34	36	34	8	38	33	17	5	23	32	37	4	22
chrX	48080965	48081077	113	6	0	113	72	41	20	0	21	0	0	0	0	0	20	0	10	0	0	0	0	0	0	0	0	0	0	0	0	10	0	0	0	0	0	10	0	20
chrX	48081095	48090396	9302	6	0	9302	5058	4244	523	256	386	335	356	300	431	342	350	174	333	237	271	220	233	310	345	276	56	274	418	342	58	410	329	284	40	317	337	326	50	381
chrX	48090398	48090420	23	6	0	23	10	13	0	0	0	0	0	1	1	4	0	1	2	0	0	0	0	0	1	1	0	0	2	0	0	1	1	2	0	1	2	0	0	1
chrX	48090421	48090790	370	6	0	370	228	142	41	11	26	15	15	11	9	6	26	6	19	1	11	8	9	12	16	9	2	9	11	7	2	12	7	8	0	7	7	8	2	35
chrX	48090791	48091660	870	6	0	870	457	413	55	26	44	16	31	27	40	27	41	20	49	23	14	13	21	8	29	26	6	25	38	23	6	43	29	27	6	22	29	34	6	64
chrX	48091663	48091701	39	6	0	39	34	5	11	1	0	8	1	0	0	1	0	0	1	0	7	0	2	1	0	0	0	1	0	0	0	0	1	0	0	1	0	0	0	1
chrX	48091713	48094574	2862	6	0	2862	1461	1401	147	75	101	96	102	106	164	71	101	62	125	68	70	44	75	53	95	86	14	92	148	111	19	142	95	114	22	107	105	109	17	124
chrX	48094575	48094869	295	6	0	295	210	85	41	8	10	26	14	3	7	11	12	5	5	12	18	8	9	19	11	7	1	5	7	4	0	6	5	1	0	4	12	5	1	16
chrX	48094870	48096043	1174	6	0	1174	599	575	71	32	48	32	33	47	69	20	41	31	53	23	38	13	35	12	42	27	6	48	49	49	10	61	41	45	7	41	36	48	9	55
chrX	48096044	48096624	581	6	0	581	316	265	46	18	24	16	21	16	28	21	24	13	31	19	12	9	13	4	21	16	3	16	21	17	3	28	22	14	1	15	22	23	5	37
chrX	48096637	48097461	825	6	0	825	459	366	70	16	21	36	31	28	34	24	18	12	43	27	23	17	19	39	20	21	6	26	37	24	8	36	28	30	5	24	32	30	7	31
chrX	48097476	48099180	1705	6	0	1705	988	717	158	49	48	77	63	46	68	67	46	30	71	39	63	35	39	87	57	46	9	48	72	39	17	63	56	59	16	49	59	47	14	66
chrX	48099182	48099198	17	6	0	17	7	10	0	0	1	0	1	0	1	0	0	2	2	0	0	0	0	0	1	1	0	0	0	1	0	1	1	0	0	1	0	0	0	2
chrX	48099200	48099477	278	6	0	278	130	148	11	4	11	6	7	18	19	2	8	7	11	5	5	7	7	1	10	11	2	12	17	4	3	13	9	14	7	14	10	8	4	9
chrX	48099478	48099740	263	6	0	263	154	109	35	7	12	11	8	9	12	8	12	4	8	4	8	4	1	9	5	9	1	9	18	8	1	8	4	10	1	7	10	8	1	9
chrX	48099742	48102682	2941	6	0	2941	1578	1363	144	79	112	105	114	116	146	113	92	73	134	77	89	41	55	87	119	89	16	85	161	101	5	128	95	86	5	96	114	118	6	138
chrX	48102684	48102767	84	6	0	84	49	35	10	2	0	4	3	2	5	4	0	3	3	0	2	6	2	2	6	5	0	2	4	1	1	3	3	1	1	1	1	1	0	4
chrX	48102769	48103864	1096	6	0	1096	611	485	87	35	34	48	39	37	42	39	47	11	51	20	32	28	31	29	37	37	6	31	45	26	14	45	35	38	9	32	40	30	9	50
chrX	48103865	48105040	1176	6	0	1176	654	522	62	26	41	48	46	33	50	46	38	23	59	42	31	28	35	44	45	30	3	33	51	41	5	48	31	27	6	40	48	47	2	65
chrX	48105042	48105065	24	6	0	24	9	15	0	1	0	0	1	1	2	0	0	0	3	0	0	0	0	0	0	1	0	1	0	0	1	2	3	2	0	1	1	0	1	1
chrX	48105067	48105113	47	6	0	47	18	29	0	0	0	0	0	4	6	0	0	4	3	0	0	0	0	0	1	1	2	4	2	1	1	1	4	2	1	1	3	1	0	3
chrX	48105114	48105846	733	6	0	733	430	303	52	23	32	36	21	21	30	33	28	13	25	23	41	12	15	24	27	15	5	22	31	20	3	28	22	22	3	15	24	25	3	37
chrX	48105848	48105867	20	6	0	20	11	9	2	1	1	0	1	0	1	1	0	1	0	1	1	1	0	0	1	1	1	0	1	0	0	0	0	0	1	1	0	0	0	1
chrX	48105869	48107776	1908	6	0	1908	1060	848	137	50	61	89	69	55	88	58	66	35	84	65	65	39	38	60	65	40	12	62	78	83	18	69	53	52	11	54	74	73	17	86
chrX	48107778	48107804	27	6	0	27	13	14	3	0	1	1	0	0	1	0	1	1	2	1	1	0	1	0	0	0	0	1	0	1	1	1	0	1	1	1	1	2	0	2
chrX	48107806	48108246	441	6	0	441	211	230	18	10	13	11	14	16	23	12	16	13	24	15	4	4	11	6	14	16	0	13	21	24	4	31	10	17	2	9	20	22	8	18
chrX	48108248	48108601	354	6	0	354	169	185	30	6	7	12	11	12	17	3	4	8	15	3	11	9	10	10	8	12	5	10	15	18	9	22	14	25	7	9	6	9	7	8
chrX	48108602	48108966	365	6	0	365	201	164	48	25	8	8	28	10	11	4	5	3	11	3	9	5	15	7	22	9	4	8	18	13	5	18	7	22	1	14	6	9	2	5
chrX	48108968	48112972	4005	6	0	4005	2131	1874	246	109	131	136	127	128	206	142	137	99	195	106	113	73	86	96	159	101	29	120	170	161	36	174	112	127	23	124	162	152	24	199
chrX	48112974	48114895	1922	6	0	1922	1007	915	94	53	57	76	59	63	97	63	64	41	96	64	63	30	38	49	59	47	20	61	85	64	27	76	56	72	23	59	82	68	22	92
chrX	48114904	48115470	567	6	0	567	182	385	2	3	9	3	7	23	36	10	8	16	47	13	0	1	3	0	5	11	13	15	30	42	32	33	25	53	25	17	16	31	6	30
chrX	48115472	48129275	13804	6	0	13804	7342	6462	768	354	486	507	490	579	637	456	502	284	576	386	355	276	328	357	580	380	119	414	589	541	127	576	453	408	92	433	540	505	100	604
chrX	48129282	48129327	46	6	0	46	22	24	2	0	2	2	1	3	0	2	2	1	3	1	1	0	0	1	2	1	0	1	3	4	1	1	1	0	1	0	0	5	0	3
chrX	48129338	48135275	5938	6	0	5938	3164	2774	303	157	221	231	190	227	268	237	242	108	260	172	177	115	114	142	198	181	33	195	297	234	48	248	158	193	44	163	269	219	35	257
chrX	48135280	48136370	1091	6	0	1091	631	460	75	22	60	42	37	36	37	29	58	21	45	36	29	23	33	47	34	28	10	30	37	21	10	45	24	24	6	30	45	40	6	69
chrX	48136372	48138300	1929	6	0	1929	1093	836	155	64	68	73	67	67	85	63	69	22	71	58	68	49	47	66	62	59	16	65	94	41	16	75	53	67	11	57	73	59	13	74
chrX	48138303	48138398	96	6	0	96	74	22	34	0	6	6	2	2	1	2	6	0	2	3	3	2	1	2	2	0	0	2	2	2	0	1	1	0	0	1	2	3	0	6
chrX	48138400	48138440	41	6	0	41	31	10	8	1	2	3	3	0	0	2	3	1	1	1	0	2	0	2	1	0	2	1	0	0	0	0	0	0	0	0	4	0	0	2
chrX	48138441	48138487	47	6	0	47	33	14	6	1	2	4	4	1	0	2	2	0	1	3	1	0	2	3	2	0	0	1	1	0	0	1	1	1	0	0	3	1	0	2
chrX	48138488	48138537	50	6	0	50	19	31	0	0	0	0	0	0	0	3	0	0	13	3	0	0	0	0	0	0	0	0	1	6	0	6	0	0	0	0	2	8	0	6
chrX	48138538	48138622	85	6	0	85	28	57	1	0	1	0	1	2	2	1	0	1	18	1	0	0	0	0	0	2	1	0	2	14	1	9	4	1	0	1	0	10	0	10
chrX	48138624	48138909	286	6	0	286	105	181	7	6	0	5	7	12	22	2	3	6	20	8	1	3	1	1	3	7	6	11	14	8	14	15	17	25	14	10	9	11	8	8
chrX	48138911	48139010	100	6	0	100	37	63	2	1	4	1	4	4	7	0	2	1	6	1	0	1	3	0	1	2	1	3	7	7	2	7	6	9	0	6	1	5	1	3
chrX	48139013	48139177	165	6	0	165	51	114	0	0	3	0	0	4	10	5	3	6	12	5	0	0	2	0	2	0	5	3	9	15	9	9	4	18	8	4	4	10	2	11
chrX	48139179	48139225	47	6	0	47	13	34	0	0	1	0	0	1	2	1	1	2	4	1	0	0	0	0	1	1	1	0	0	6	3	2	1	4	4	1	2	0	2	4
chrX	48139226	48139370	145	6	0	145	36	109	0	0	2	0	0	4	8	3	2	3	10	2	0	1	0	1	1	3	1	2	7	25	13	8	3	15	6	6	4	9	0	4
chrX	48139426	48139436	11	6	0	11	2	9	0	0	0	0	0	0	2	0	0	0	0	0	0	0	0	0	0	0	0	0	1	1	0	0	1	2	0	2	0	0	0	0
chrX	48139439	48177261	37823	6	0	37823	21388	16435	2766	1065	1425	1577	1371	1320	1653	1283	1442	765	1450	1067	1255	819	909	1219	1527	998	271	1173	1536	1120	247	1482	1101	989	206	1060	1463	1278	262	1722
chrX	48177262	48205835	28574	6	0	28574	15959	12615	1938	819	1106	1148	1026	974	1300	935	1116	582	1107	818	931	592	682	885	1124	715	189	939	1183	897	203	1112	807	789	197	837	1121	994	199	1307
chrX	48205837	48341064	135228	6	0	135228	75982	59246	9579	3890	4933	5694	5002	4526	6014	4578	5012	2699	5322	3900	4502	2793	3308	4228	5361	3424	839	4284	5540	4145	978	5318	3895	3799	795	3935	5324	4613	956	6040
chrX	48341065	48369248	28184	5	0	28184	15648	12536	1961	770	1019	1150	1020	996	1287	919	1042	576	1115	812	876	595	654	855	1128	725	205	879	1160	836	239	1132	838	822	189	837	1096	985	237	1227
chrX	48369251	48372736	3486	5	0	3486	2138	1348	325	119	132	190	124	98	124	112	113	63	120	85	205	95	77	155	143	82	35	115	119	59	26	119	71	91	27	79	125	91	26	139
chrX	48372738	48381100	8363	5	0	8363	4925	3438	693	249	269	399	304	281	328	302	290	152	272	210	322	233	200	419	341	218	91	265	336	169	86	248	239	224	62	235	299	228	75	322
chrX	48381101	48381419	319	5	0	319	166	153	21	1	64	0	0	0	1	2	66	1	7	2	0	0	0	0	1	0	1	0	2	26	1	43	0	0	1	1	0	47	1	28
chrX	48381420	48384542	3123	5	0	3123	1562	1561	193	78	107	95	98	113	143	98	123	72	129	75	59	49	70	60	108	98	20	86	153	163	35	169	93	107	47	81	98	153	36	112
chrX	48384543	48406723	22181	5	0	22181	12111	10070	1336	631	826	814	762	834	1013	792	864	473	906	615	646	477	514	607	925	563	215	712	918	742	156	882	716	582	147	653	842	812	192	1012
chrX	48406724	48409094	2371	5	0	2371	1359	1012	148	82	87	94	82	86	96	90	86	47	105	85	96	51	52	71	98	50	22	96	95	66	15	65	58	49	15	60	103	76	24	119
chrX	48409095	48409851	757	5	0	757	452	305	78	24	18	41	29	27	38	23	23	13	28	16	33	19	12	28	38	16	3	26	24	18	4	26	22	18	8	22	33	20	5	22
chrX	48409853	48410868	1016	5	0	1016	518	498	67	20	41	18	27	37	50	29	38	20	56	22	15	21	33	23	33	22	12	31	38	42	7	54	36	39	5	42	36	37	10	53
chrX	48410870	48411506	637	5	0	637	277	360	22	8	20	8	12	24	40	19	18	24	40	13	5	6	13	4	17	21	5	19	33	41	7	41	21	25	9	25	24	35	9	27
chrX	48411507	48413939	2433	5	0	2433	1271	1162	182	69	75	87	86	89	103	79	92	48	88	62	54	43	57	56	91	77	15	66	120	110	28	116	72	82	38	56	74	105	27	84
chrX	48413940	48413977	38	5	0	38	16	22	1	0	7	0	0	0	0	0	7	0	0	0	0	0	0	0	0	0	0	0	0	6	0	7	0	0	0	0	0	8	0	0
chrX	48413988	48414274	287	5	0	287	134	153	7	1	56	0	0	0	1	2	57	1	7	2	0	0	0	0	1	0	1	0	2	31	1	47	0	0	1	1	0	50	1	15
chrX	48414275	48414492	218	5	0	218	132	86	23	8	20	4	5	3	11	6	21	3	6	5	6	6	1	3	8	5	3	5	10	3	1	2	1	4	0	9	6	4	2	22
chrX	48414497	48415942	1446	5	0	1446	861	585	106	49	53	83	52	52	54	62	57	24	30	35	76	32	28	68	62	45	16	34	62	35	14	43	43	38	5	40	53	35	10	48
chrX	48417064	48417689	626	5	0	626	399	227	44	18	22	48	26	22	15	31	22	8	15	15	40	21	12	38	29	15	4	21	23	6	6	11	19	10	6	17	24	15	6	15
chrX	48417690	48418323	634	5	0	634	378	256	67	22	25	20	24	13	24	28	18	10	24	22	26	15	12	26	20	14	5	21	27	11	4	24	21	19	3	13	21	22	4	27
chrX	48418324	48418959	636	5	0	636	361	275	58	13	21	29	26	22	24	12	23	14	23	15	15	13	22	30	25	13	8	16	22	16	11	18	19	19	6	26	17	19	9	30
chrX	48418960	48420627	1668	5	0	1668	1024	644	145	54	67	76	67	53	64	49	74	39	42	33	55	49	42	114	83	33	17	61	55	34	14	38	38	33	10	39	57	41	13	77
chrX	48420628	48422372	1745	5	0	1745	1044	701	126	58	43	87	68	55	54	78	53	23	64	52	67	58	53	104	70	45	22	57	67	27	17	51	50	43	13	46	68	48	16	60
chrX	48422374	48422687	314	5	0	314	156	158	22	7	6	6	9	15	22	8	7	9	15	5	4	9	6	5	10	14	5	11	19	5	1	17	12	17	2	9	13	6	4	12
chrX	48422688	48426169	3482	5	0	3482	2135	1347	321	119	132	190	123	98	123	112	114	63	120	85	205	94	78	157	142	82	35	115	119	59	26	119	71	91	27	79	124	91	26	140
chrX	48426170	48427398	1229	5	0	1229	678	551	112	38	47	47	53	45	55	30	45	33	51	27	33	15	20	26	45	43	8	35	54	34	16	47	35	38	7	32	48	36	13	59
chrX	48427400	48427413	14	5	0	14	6	8	0	0	0	0	0	0	2	0	0	1	0	0	0	1	1	0	1	0	0	1	1	1	0	0	0	0	0	2	0	1	0	0
chrX	48427415	48431605	4191	5	0	4191	2352	1839	305	115	170	174	141	142	205	94	157	75	182	102	161	97	110	122	141	106	27	155	163	123	28	176	113	120	21	148	164	141	24	187
chrX	48431610	48431641	32	5	0	32	14	18	0	1	0	0	0	9	1	2	0	0	0	0	0	0	0	0	7	1	2	0	0	0	0	1	5	0	1	0	0	0	0	0
chrX	48431646	48444567	12922	5	0	12922	7275	5647	817	406	508	524	514	436	557	493	542	261	475	373	382	247	335	404	537	343	84	385	539	365	74	480	412	306	62	408	512	444	92	603
chrX	48444568	48447379	2812	5	0	2812	1719	1093	241	97	93	152	122	78	101	133	97	35	100	89	122	71	59	128	122	58	16	85	105	43	12	87	84	69	14	77	123	77	16	104
chrX	48447388	48450982	3595	5	0	3595	2102	1493	312	111	119	176	137	116	166	119	138	61	122	91	131	83	90	128	140	92	24	115	151	76	20	133	114	98	10	108	133	114	24	141
chrX	48450983	48451717	735	5	0	735	384	351	30	16	54	19	27	21	36	16	47	12	29	19	15	20	15	8	21	27	2	19	34	14	1	56	22	19	2	27	23	45	5	32
chrX	48451719	48452576	858	5	0	858	442	416	55	18	31	29	26	34	49	16	29	19	44	16	23	13	23	15	31	17	8	28	39	24	9	38	30	41	9	34	25	28	8	47
chrX	48452582	48455089	2508	5	0	2508	1443	1065	216	73	88	119	105	72	109	75	79	56	93	53	96	47	68	93	84	72	9	84	105	75	17	95	81	75	16	70	91	71	10	109
chrX	48455090	48456277	1188	5	0	1188	633	555	85	29	41	44	49	45	55	29	29	22	52	34	37	22	26	33	36	34	8	40	50	40	18	49	46	44	5	47	46	40	13	38
chrX	48456278	48458658	2381	5	0	2381	1248	1133	157	41	78	89	79	115	120	67	69	45	121	56	59	37	58	56	78	60	17	83	105	65	23	106	86	102	20	96	112	71	16	92
chrX	48458659	48462628	3970	5	0	3970	1750	2220	79	64	114	51	93	151	250	164	107	126	233	118	29	46	68	57	154	117	29	86	239	242	38	257	136	172	31	133	129	244	22	189
chrX	48462630	48465310	2681	5	0	2681	1402	1279	164	72	98	62	91	119	169	82	90	80	114	69	50	38	56	46	128	73	15	93	125	70	15	103	93	91	20	100	115	79	18	141
chrX	48465311	48468825	3515	5	0	3515	1464	2051	53	59	101	44	75	152	246	78	106	119	212	72	22	34	60	30	127	111	28	98	200	290	59	184	112	147	32	153	111	185	29	184
chrX	48468826	48660828	192003	5	0	192003	99406	92597	11683	4740	5986	6408	6402	7484	9718	5942	5466	4285	8599	4776	5266	3639	4147	4864	7028	5739	1457	5924	9044	7608	2203	8631	6220	7343	1987	6286	7254	6795	1467	7610
chrX	48660836	48663794	2959	5	0	2959	1668	1291	215	76	96	112	98	105	138	100	86	52	134	89	100	56	81	129	115	67	14	93	130	71	16	127	79	108	12	97	117	98	14	132
chrX	48663795	48689701	25907	5	0	25907	13207	12700	1395	635	852	865	866	1014	1303	815	812	555	1140	666	675	465	557	590	878	793	191	807	1259	1154	284	1223	826	988	263	861	1035	985	192	961
chrX	48689703	48689717	15	5	0	15	7	8	0	1	0	0	0	0	2	1	0	0	0	1	1	0	0	0	1	0	0	0	1	0	0	0	0	2	0	2	1	0	0	0
chrX	48689718	48690577	860	5	0	860	472	388	52	19	18	43	30	30	44	29	12	16	41	27	38	20	23	29	28	22	4	31	40	22	3	38	26	32	9	35	39	28	8	22
chrX	48690578	48713572	22995	5	0	22995	11174	11821	930	545	750	597	702	842	1353	661	690	694	1013	564	501	403	478	450	853	715	180	736	1101	1193	300	1187	717	896	257	724	887	977	150	947
chrX	48713573	48714266	694	5	0	694	392	302	32	20	20	18	26	48	35	24	21	23	30	24	11	18	11	30	67	25	2	15	23	20	1	23	7	6	2	11	35	16	1	47
chrX	48714267	48731522	17256	5	0	17256	9821	7435	971	485	506	567	597	750	828	717	508	439	725	655	453	434	324	861	1066	518	82	442	655	473	80	627	404	309	80	370	767	535	82	944
chrX	48731524	48736522	4999	5	0	4999	2693	2306	389	130	157	174	189	211	245	130	124	132	214	115	149	100	108	125	226	163	42	142	222	178	49	198	141	164	32	163	186	142	37	220
chrX	48736523	48740348	3826	5	0	3826	1957	1869	234	88	119	140	134	152	184	100	124	92	168	95	89	80	80	77	134	129	45	104	176	140	59	176	115	139	51	121	146	143	41	149
chrX	48740350	48742666	2317	5	0	2317	1267	1050	199	59	66	106	87	89	114	48	76	41	101	58	67	46	53	56	72	66	23	74	101	66	26	91	76	76	18	84	89	76	27	84
chrX	48742672	48742697	26	5	0	26	13	13	0	0	2	0	1	0	2	0	0	3	0	0	1	0	2	0	2	0	0	1	0	0	0	1	1	1	1	3	0	0	1	2
chrX	48742699	48743104	406	5	0	406	199	207	24	5	18	6	10	17	25	9	13	7	24	11	6	6	8	8	9	9	1	16	15	19	3	23	17	16	3	20	20	16	3	17
chrX	48743114	48747099	3986	5	0	3986	2163	1823	318	120	130	155	157	142	197	116	119	93	164	91	130	71	77	82	166	119	29	112	196	121	38	158	100	143	43	130	150	131	18	168
chrX	48747101	48759811	12711	5	0	12711	6450	6261	656	304	388	376	429	621	721	388	398	317	548	297	242	242	285	237	578	400	75	431	663	496	73	603	433	429	98	422	485	510	78	486
chrX	48759812	48765577	5766	5	0	5766	3060	2706	369	140	198	216	208	215	293	152	185	113	262	160	162	107	139	140	220	148	31	176	247	224	42	286	176	207	44	185	225	220	29	245
chrX	48765578	48766985	1408	5	0	1408	809	599	136	30	61	53	51	47	50	54	48	32	62	42	44	31	34	33	47	38	6	49	61	43	8	53	41	33	5	31	53	51	5	74
chrX	48766986	48769973	2988	5	0	2988	1660	1328	232	85	87	121	111	123	138	103	84	54	127	90	97	59	64	84	120	75	25	101	135	70	20	121	100	95	29	82	120	106	16	112
chrX	48769975	48775555	5581	5	0	5581	2880	2701	349	151	165	168	175	219	296	153	157	130	251	133	151	116	141	124	206	185	49	176	267	207	46	292	175	215	51	161	195	205	46	224
chrX	48775557	48781211	5655	5	0	5655	3256	2399	439	163	236	231	235	180	237	234	223	110	192	176	171	105	137	185	208	130	36	184	253	143	20	191	187	138	26	181	238	196	22	246
chrX	48781269	48791020	9752	5	0	9752	4900	4852	454	210	368	254	271	346	461	298	344	218	605	210	216	175	209	260	347	263	56	283	436	571	75	507	266	328	65	277	327	426	48	576
chrX	48791022	48791048	27	5	0	27	11	16	1	0	2	0	0	2	1	0	1	0	3	0	0	0	0	0	0	2	0	0	1	2	0	4	1	0	0	1	1	2	0	1
chrX	48791050	48820521	29472	5	0	29472	14640	14832	1354	653	1001	835	808	1122	1667	881	950	730	1290	717	731	599	645	657	1126	960	199	819	1369	1484	332	1555	925	1095	288	992	1058	1202	189	1237
chrX	48820522	48826664	6143	5	0	6143	2774	3369	222	132	166	124	178	267	378	165	140	151	321	133	104	103	102	87	206	226	46	175	353	386	78	348	207	304	76	219	222	249	48	225
chrX	48826665	48827207	543	5	0	543	134	409	3	3	13	1	8	20	21	2	7	17	32	3	2	0	2	0	4	19	8	9	26	61	52	28	13	59	43	26	8	29	17	5
chrX	48827209	48834089	6881	5	0	6881	3209	3672	304	141	211	188	198	258	346	202	197	190	277	158	146	94	123	174	214	197	92	180	324	411	148	330	243	318	174	219	223	287	84	228
chrX	48834090	48834811	722	4	0	722	371	351	26	18	20	20	24	54	36	30	16	19	33	18	18	12	6	20	61	13	10	19	27	20	6	28	31	20	8	21	25	28	6	27
chrX	48834821	48835650	830	4	0	830	271	559	15	11	18	5	16	56	32	7	11	23	41	11	7	5	5	7	34	30	19	12	30	60	65	26	34	68	67	27	13	24	17	32
chrX	48835653	48842582	6930	4	0	6930	3862	3068	509	177	202	318	239	225	309	245	188	137	308	168	270	162	151	253	274	167	41	219	305	199	71	252	194	251	76	217	246	209	64	282
chrX	48842586	48843595	1010	4	0	1010	516	494	58	21	19	35	25	38	59	23	20	21	53	25	30	19	31	38	29	32	7	31	49	34	13	48	34	49	12	37	33	29	10	46
chrX	48843597	48844137	541	4	0	541	313	228	47	14	26	24	20	13	18	24	29	15	17	11	14	11	12	17	16	15	3	19	28	20	1	24	7	13	0	9	24	25	2	21
chrX	48844138	48844595	458	4	0	458	226	232	35	10	10	18	23	16	21	11	7	7	28	11	9	9	8	2	11	16	2	13	26	14	8	22	20	21	9	16	14	18	5	16
chrX	48844596	48844786	191	4	0	191	95	96	7	6	5	7	6	6	10	7	4	3	10	4	8	3	5	4	5	7	1	5	7	8	4	10	7	9	1	9	10	4	1	6
chrX	48844788	48846352	1565	4	0	1565	839	726	132	49	44	59	69	51	71	43	40	34	76	34	42	28	36	30	55	46	9	52	63	51	18	66	55	58	21	48	61	43	18	61
chrX	48846353	48855960	9608	4	0	9608	5143	4465	627	303	366	322	407	344	460	282	305	200	376	220	278	195	225	232	390	293	48	311	478	356	80	405	294	336	50	322	331	334	48	388
chrX	48855961	48856870	910	4	0	910	576	334	117	33	41	47	23	24	31	24	25	16	27	13	72	22	16	44	36	22	7	30	23	21	10	32	21	25	8	18	22	18	5	35
chrX	48856872	48862397	5526	4	0	5526	3114	2412	352	158	239	240	217	151	228	202	201	148	167	128	218	128	150	186	185	164	28	208	262	208	34	199	152	136	26	166	199	195	38	211
chrX	48862398	48864966	2569	4	0	2569	1431	1138	222	76	89	95	127	93	129	71	78	63	101	79	53	56	48	49	119	72	14	83	109	52	22	102	83	74	15	72	109	87	15	110
chrX	48864967	48865877	911	4	0	911	456	455	68	22	21	28	36	41	43	25	17	18	52	23	19	13	21	7	24	35	7	28	52	28	10	43	35	37	9	37	34	33	14	29
chrX	48865880	48866248	369	4	0	369	178	191	33	6	10	10	9	14	14	7	7	10	20	7	9	8	9	4	9	13	4	12	15	14	15	13	9	19	10	14	11	11	7	14
chrX	48866249	48867819	1571	4	0	1571	855	716	148	35	53	47	62	61	81	53	43	32	64	40	30	36	28	40	66	48	7	43	65	42	12	70	60	55	9	60	66	44	16	53
chrX	48867824	48884452	16629	4	0	16629	9547	7082	1379	562	585	721	711	514	713	570	654	316	609	472	503	329	409	499	685	447	101	489	701	421	105	613	459	445	102	462	662	527	110	752
chrX	48885569	48886281	713	4	0	713	321	392	42	9	14	16	18	31	39	15	9	14	48	20	12	16	14	3	17	23	9	21	42	24	14	37	23	44	16	31	21	26	17	26
chrX	48886282	48888343	2062	4	0	2062	1115	947	157	52	68	77	78	74	96	67	52	41	85	60	66	40	42	58	79	52	12	64	96	71	20	89	58	85	18	65	82	68	14	74
chrX	48888345	48898785	10441	4	0	10441	4757	5684	417	248	320	245	297	394	536	255	312	264	536	212	203	157	208	152	311	338	140	274	507	619	239	532	332	504	199	365	332	436	126	429
chrX	48898792	48925278	26487	4	0	26487	12549	13938	1118	564	883	648	826	1139	1447	720	767	652	1168	642	503	473	538	460	962	882	241	743	1343	1403	434	1332	909	1172	362	925	918	1056	219	1036
chrX	48925280	48926351	1072	4	0	1072	528	544	56	33	40	22	46	30	66	31	29	32	59	27	19	16	14	6	41	29	4	37	51	44	9	56	43	39	7	37	38	48	12	49
chrX	48926353	48928826	2474	4	0	2474	1382	1092	172	70	84	114	99	104	117	89	79	41	78	64	91	51	49	79	111	66	9	80	114	102	11	89	92	66	7	83	92	82	11	76
chrX	48928827	48932161	3335	4	0	3335	1813	1522	240	86	83	137	104	117	152	113	84	53	154	91	117	100	76	105	126	106	29	95	140	102	34	149	93	121	47	97	126	96	36	124
chrX	48932165	48933416	1252	4	0	1252	731	521	108	33	35	66	38	40	56	36	38	25	59	26	58	27	30	55	52	27	3	42	44	30	12	48	29	42	6	37	45	35	15	53
chrX	48933418	48934320	903	4	0	903	473	430	62	24	28	27	31	38	56	22	26	13	39	24	23	22	23	13	38	29	2	28	49	31	5	40	31	43	1	31	29	22	4	47
chrX	48934321	48935938	1618	4	0	1618	807	811	89	47	51	39	57	59	88	56	63	38	79	34	18	30	31	27	62	56	12	44	90	69	10	88	52	69	8	37	56	63	14	80
chrX	48935941	48941432	5492	4	0	5492	2730	2762	229	147	204	137	166	206	306	148	198	112	260	132	123	110	142	109	214	186	27	148	267	271	31	334	161	205	35	181	184	241	27	249
chrX	48941447	48942244	798	4	0	798	391	407	47	16	33	12	22	31	45	24	28	20	28	11	10	18	26	18	40	16	5	24	35	49	6	43	26	37	3	36	21	31	6	29
chrX	48942245	48945266	3022	4	0	3022	1593	1429	142	76	120	81	97	127	142	95	97	73	127	79	83	65	103	85	147	93	15	87	120	131	18	148	78	104	11	101	116	89	14	156
chrX	48945268	48945835	568	4	0	568	310	258	54	14	12	23	17	24	28	20	15	10	21	15	18	11	11	16	19	20	3	17	25	16	10	23	24	24	2	13	21	14	7	19
chrX	48945846	48956312	10467	4	0	10467	5203	5264	556	274	427	231	368	354	557	278	332	241	504	260	232	182	236	170	348	359	44	300	551	498	64	621	298	415	74	354	360	462	66	449
chrX	48956313	48958640	2328	4	0	2328	849	1479	43	43	73	23	60	97	94	23	59	84	102	36	20	31	37	24	65	83	52	54	88	154	144	108	65	163	150	70	56	95	56	74
chrX	48958642	48964916	6275	4	0	6275	3148	3127	317	154	193	175	194	208	347	204	189	138	330	170	140	107	158	123	180	179	37	211	327	254	58	307	200	246	63	237	246	266	42	273
chrX	48965771	48973048	7278	4	0	7278	3261	4017	231	147	263	142	209	254	419	202	249	172	392	166	94	106	143	71	215	218	59	187	383	466	117	393	250	344	106	300	236	331	74	337
chrX	48973049	48973896	848	4	0	848	452	396	33	17	10	31	17	30	33	60	18	22	30	42	23	25	26	34	36	34	9	15	68	39	6	24	18	14	2	18	18	50	3	41
chrX	48973897	48979475	5579	4	0	5579	2742	2837	299	115	199	142	154	197	313	180	200	124	319	140	101	85	100	72	190	173	27	131	288	249	63	279	169	231	53	201	197	226	39	321
chrX	48979506	48979785	280	4	0	280	150	130	12	6	5	20	10	7	15	6	7	5	11	6	13	11	5	9	9	8	5	7	12	10	3	11	9	11	7	9	8	7	5	9
chrX	48979794	48980225	432	4	0	432	232	200	29	11	22	11	13	19	17	9	12	8	20	19	19	10	4	7	12	17	4	16	19	21	6	18	9	13	0	6	18	13	4	24
chrX	48980230	48980883	654	4	0	654	328	326	21	13	16	20	18	38	35	13	17	16	39	15	14	16	14	22	46	13	5	19	22	27	12	25	17	24	8	21	20	22	5	39
chrX	48980885	48984741	3857	4	0	3857	1877	1980	166	89	140	93	99	105	231	129	147	85	200	93	75	67	83	73	112	104	29	101	174	169	48	227	151	147	40	152	127	198	27	174
chrX	48984742	48986243	1502	4	0	1502	760	742	78	39	51	42	29	52	81	37	61	33	81	32	42	36	39	27	40	44	15	60	72	59	25	59	38	54	16	51	49	58	18	82
chrX	48986244	48987954	1711	4	0	1711	840	871	147	38	43	41	56	71	94	31	36	34	94	40	29	28	35	22	54	59	14	44	99	69	25	84	52	85	16	65	47	63	21	73
chrX	48987957	49000364	12408	4	0	12408	6260	6148	543	274	437	381	372	437	707	367	433	286	632	318	287	242	289	254	431	353	64	392	600	577	93	633	375	437	77	447	477	536	62	593
chrX	49000366	49002684	2319	4	0	2319	1093	1226	97	50	90	68	70	70	94	67	89	61	109	57	48	52	44	26	49	98	19	67	130	168	40	124	44	78	39	53	78	119	26	93
chrX	49002686	49006512	3827	4	0	3827	2071	1756	338	105	113	149	154	147	158	87	99	66	171	101	115	87	81	99	131	124	34	116	171	117	56	156	109	148	49	108	135	111	47	143
chrX	49006514	49007481	968	4	0	968	552	416	64	25	30	56	37	25	40	31	37	12	34	31	37	24	29	38	32	18	4	32	41	24	13	36	24	42	9	27	36	30	10	38
chrX	49007482	49009256	1775	4	0	1775	949	826	141	49	52	62	73	60	93	42	40	54	76	40	49	40	47	30	73	56	15	59	75	47	15	79	51	66	23	56	69	48	19	74
chrX	49009258	49010631	1374	4	0	1374	830	544	125	49	34	70	50	47	46	84	47	28	34	38	56	27	39	54	65	38	6	42	64	39	3	38	46	25	6	25	52	42	5	48
chrX	49010645	49012306	1662	4	0	1662	927	735	133	42	55	74	77	46	78	59	52	25	72	54	42	41	35	41	46	47	8	53	88	39	8	66	50	57	8	61	76	59	8	60
chrX	49012307	49012318	12	4	0	12	8	4	2	0	0	0	0	0	0	0	1	0	1	1	0	0	1	1	0	0	0	0	0	0	0	0	0	0	0	0	0	0	2	1
chrX	49012320	49013527	1208	4	0	1208	666	542	81	34	29	52	50	50	54	28	33	24	57	30	32	30	38	44	51	39	6	41	52	38	11	42	34	33	11	38	45	34	8	57
chrX	49013528	49015586	2059	4	0	2059	1011	1048	149	30	41	54	58	94	112	37	31	41	102	55	37	50	47	72	74	59	24	58	103	75	37	89	62	108	49	81	62	62	30	74
chrX	49015589	49015968	380	4	0	380	195	185	38	9	8	11	12	14	21	11	10	7	19	7	6	8	9	3	12	10	1	15	21	14	4	15	14	16	6	14	11	14	5	13
chrX	49015975	49016524	550	4	0	550	316	234	51	18	18	30	28	18	21	14	23	11	19	10	14	8	10	22	21	15	5	14	21	13	8	19	17	18	4	15	22	16	5	20
chrX	49016526	49016576	51	4	0	51	22	29	1	2	1	2	4	1	2	1	1	1	4	1	0	0	0	0	1	0	1	2	3	1	1	1	4	3	3	2	0	2	1	3
chrX	49016585	49017242	658	4	0	658	358	300	57	12	11	32	20	23	36	14	19	14	39	18	15	10	17	20	18	17	5	19	27	17	7	29	19	25	5	21	29	22	5	34
chrX	49017243	49018214	972	4	0	972	473	499	72	25	24	27	34	38	52	29	23	16	48	22	20	13	17	12	22	35	7	28	65	39	11	46	32	55	15	34	34	33	9	33
chrX	49018221	49018500	280	4	0	280	176	104	52	13	8	8	12	5	9	9	8	5	14	4	8	4	7	9	9	10	0	8	10	2	2	13	8	6	0	4	8	9	1	13
chrX	49018501	49018696	196	4	0	196	94	102	10	5	3	6	6	11	9	4	3	2	9	8	5	4	7	2	4	9	4	4	11	6	1	15	5	9	3	7	10	10	0	2
chrX	49020583	49020730	148	4	0	148	113	35	37	7	3	13	6	3	5	5	7	1	0	3	9	3	3	7	5	4	0	5	4	0	0	1	4	0	0	0	5	1	0	5
chrX	49020731	49021079	349	4	0	349	174	175	39	9	9	9	14	10	16	6	9	7	23	4	5	8	4	1	10	11	5	8	15	10	11	13	11	17	7	13	10	11	5	17
chrX	49021092	49022027	936	4	0	936	464	472	55	20	40	25	32	38	41	20	31	19	47	24	22	14	21	15	26	30	7	27	48	26	14	57	25	45	12	32	32	45	11	33
chrX	49022029	49022073	45	4	0	45	17	28	0	0	0	0	0	3	4	0	0	2	5	1	0	0	1	1	1	1	0	3	3	1	0	1	2	2	3	3	1	1	1	3
chrX	49022075	49022177	103	4	0	103	41	62	4	1	1	3	1	5	6	1	2	1	9	0	1	2	3	0	2	2	0	5	4	4	5	6	4	7	3	7	3	6	2	1
chrX	49022179	49022202	24	4	0	24	17	7	8	0	0	2	0	0	0	0	0	1	1	0	1	1	2	0	0	0	1	1	0	1	1	0	0	0	0	0	0	0	0	2
chrX	49022204	49023250	1047	4	0	1047	575	472	61	26	32	51	38	41	52	33	32	13	47	28	40	16	18	46	35	27	6	28	51	27	6	46	31	41	11	43	47	35	5	32
chrX	49023253	49023346	94	4	0	94	41	53	6	3	1	0	3	5	5	0	2	2	10	2	0	0	0	0	1	1	3	5	4	1	3	3	6	5	2	3	3	4	4	5
chrX	49023348	49023367	20	4	0	20	7	13	0	0	0	0	0	0	2	0	1	0	3	0	0	0	0	0	0	0	0	0	0	1	0	3	1	2	0	1	1	2	0	1
chrX	49023369	49023606	238	4	0	238	121	117	11	7	8	6	11	11	10	9	5	5	6	8	4	6	7	5	10	11	3	5	14	6	3	9	7	10	6	9	10	5	0	9
chrX	49023608	49023638	31	4	0	31	26	5	18	1	0	0	1	0	0	1	0	0	2	1	0	0	0	0	0	0	0	1	1	0	0	0	0	0	0	0	1	1	0	1
chrX	49023640	49025907	2268	4	0	2268	1133	1135	121	61	64	68	81	86	124	59	59	41	105	65	54	48	60	36	67	75	23	71	125	70	28	108	80	105	31	81	78	81	18	93
chrX	49025908	49027513	1606	4	0	1606	799	807	119	38	29	57	56	59	94	38	27	30	86	36	41	38	24	27	47	54	14	50	85	59	22	80	59	85	23	49	55	48	21	54
chrX	49027514	49031087	3574	4	0	3574	1720	1854	176	85	135	86	106	101	215	88	130	84	168	86	70	55	71	62	91	127	9	98	175	228	26	240	119	137	28	108	125	177	23	143
chrX	49031088	49032302	1215	4	0	1215	621	594	55	25	43	45	34	35	57	42	40	16	64	43	39	16	18	47	31	31	5	25	59	66	14	66	39	44	14	37	39	64	5	55
chrX	49032304	49032326	23	4	0	23	11	12	0	1	1	0	1	2	0	0	1	0	2	0	0	1	1	0	1	1	0	2	1	0	0	1	0	1	0	1	1	1	0	1
chrX	49032329	49032622	294	4	0	294	143	151	20	6	4	12	9	13	14	8	7	6	13	9	6	5	6	5	7	16	4	3	20	13	4	14	3	16	6	9	14	7	2	11
chrX	49032624	49032662	39	4	0	39	15	24	1	0	1	1	1	3	3	0	0	0	2	1	1	1	0	0	1	0	1	2	3	2	0	2	2	3	1	2	1	2	0	0
chrX	49032664	49034292	1629	4	0	1629	789	840	105	35	57	37	53	71	86	43	43	38	70	34	34	26	34	22	49	55	15	51	87	83	21	89	62	84	13	45	55	57	11	62
chrX	49034294	49034954	661	4	0	661	328	333	16	17	30	21	28	15	42	19	31	21	32	20	9	7	10	10	19	22	1	18	41	22	5	35	19	17	2	26	25	41	4	34
chrX	49034955	49035138	184	4	0	184	88	96	13	3	7	2	5	10	10	2	5	3	10	5	3	4	0	5	3	5	4	8	12	5	2	12	4	11	3	4	8	10	1	3
chrX	49035140	49035178	39	4	0	39	29	10	11	2	0	3	3	0	0	0	0	1	1	0	2	2	3	1	3	0	0	1	0	0	0	0	0	1	0	1	0	0	0	2
chrX	49035180	49035324	145	4	0	145	68	77	2	5	5	0	9	7	10	2	2	2	11	3	0	3	4	1	4	5	0	8	8	3	0	7	10	6	0	8	6	4	0	8
chrX	49035325	49035421	97	4	0	97	83	14	33	1	4	9	2	1	0	2	2	0	2	3	9	2	0	11	1	0	0	3	2	1	0	0	0	0	0	0	2	2	0	3
chrX	49035425	49036195	771	4	0	771	373	398	38	13	21	22	22	34	45	17	13	19	38	21	21	13	18	18	21	24	7	27	46	27	14	33	26	38	8	35	25	31	7	27
chrX	49036207	49036424	218	4	0	218	99	119	7	5	3	8	7	6	14	2	5	4	15	6	4	5	5	2	4	9	2	5	8	7	5	16	10	12	3	7	8	7	6	9
chrX	49036425	49036482	58	4	0	58	37	21	15	1	1	2	3	1	2	3	2	1	4	1	0	0	0	0	1	0	0	2	3	0	0	2	2	1	0	1	2	4	0	2
chrX	49036500	49040334	3835	4	0	3835	1807	2028	140	70	128	94	114	151	215	99	103	101	197	86	74	69	88	77	121	131	34	104	190	208	50	206	122	178	50	146	146	137	32	172
chrX	49040335	49040648	314	4	0	314	151	163	9	6	14	11	12	5	16	6	16	8	19	8	3	6	6	5	6	10	4	5	11	22	4	20	4	9	2	13	18	16	2	16
chrX	49040657	49042017	1361	4	0	1361	701	660	66	34	48	46	43	65	60	33	50	17	65	41	35	32	27	38	64	35	12	37	59	74	12	62	32	39	13	46	46	60	13	55
chrX	49042019	49046942	4924	4	0	4924	2255	2669	237	104	148	132	155	158	241	116	141	121	251	117	88	81	92	73	141	140	58	125	228	281	131	238	144	262	118	172	157	194	81	197
chrX	49046943	49047327	385	4	0	385	191	194	33	10	9	10	11	10	20	10	13	3	21	10	6	5	9	10	6	9	0	13	17	15	9	20	13	25	9	11	15	12	4	15
chrX	49047328	49049882	2555	4	0	2555	1304	1251	140	71	77	91	94	95	141	73	66	55	115	69	80	38	55	43	85	82	11	81	129	86	29	133	99	106	21	84	90	103	21	90
chrX	49049884	49049928	45	4	0	45	18	27	1	0	2	1	2	3	2	0	0	0	2	0	1	2	0	1	1	3	0	1	6	3	0	3	0	5	0	2	1	1	0	0
chrX	49049930	49050972	1043	4	0	1043	518	525	69	37	33	34	51	36	45	24	26	15	46	24	27	22	19	10	35	38	8	29	63	61	13	43	35	45	11	31	23	37	11	40
chrX	49050973	49055431	4459	4	0	4459	2138	2321	224	125	141	105	148	149	217	124	121	119	183	102	100	95	98	85	142	172	35	139	228	294	72	232	126	165	76	115	142	195	35	153
chrX	49055433	49055471	39	4	0	39	19	20	0	0	2	1	2	0	0	2	1	2	2	2	0	1	1	2	0	2	0	1	2	4	0	3	0	0	0	0	2	4	0	1
chrX	49055473	49056625	1153	4	0	1153	626	527	61	38	32	51	48	38	51	35	47	19	59	39	26	27	26	29	36	39	7	40	49	42	13	48	31	23	6	28	56	48	8	51
chrX	49056626	49063142	6517	4	0	6517	2963	3554	218	126	215	154	185	279	408	180	192	155	303	129	117	111	119	71	219	234	37	181	384	430	70	375	222	325	43	254	227	271	46	235
chrX	49063144	49063171	28	4	0	28	10	18	0	0	0	1	1	2	3	0	0	0	1	1	0	0	0	0	0	0	0	2	3	1	0	1	3	2	2	1	0	1	0	1
chrX	49063173	49066815	3643	4	0	3643	1595	2048	121	90	104	64	100	142	230	88	89	74	183	78	69	51	66	46	98	129	26	104	215	250	62	213	123	204	54	145	123	157	22	121
chrX	49066816	49069211	2396	4	0	2396	939	1457	48	38	71	25	36	93	159	61	70	62	105	41	28	30	47	25	69	81	20	53	126	224	67	150	92	147	49	99	62	115	21	80
chrX	49069212	49070028	817	4	0	817	391	426	46	16	30	17	28	45	45	14	20	19	33	17	15	15	12	18	31	34	7	23	44	46	12	41	30	38	6	24	28	25	5	31
chrX	49070030	49070047	18	4	0	18	11	7	1	1	0	1	2	0	0	0	1	0	1	0	0	0	2	0	0	1	0	0	1	0	0	1	0	1	0	1	1	0	0	1
chrX	49070049	49070583	535	4	0	535	276	259	41	10	12	22	18	20	27	8	7	12	27	12	19	15	14	12	17	14	8	18	19	15	12	23	18	26	10	20	18	14	6	19
chrX	49070584	49071607	1024	4	0	1024	497	527	47	23	36	30	48	37	56	32	25	27	50	21	15	14	22	13	32	35	3	31	61	52	3	58	41	45	3	39	39	43	5	36
chrX	49071608	49071642	35	4	0	35	16	19	2	1	1	0	2	1	1	1	0	1	1	1	0	1	1	0	1	2	0	1	4	2	0	2	0	2	0	2	0	2	0	1
chrX	49071644	49080808	9165	4	0	9165	3872	5293	243	184	341	127	261	334	486	207	251	233	452	212	139	139	168	94	223	338	95	234	492	673	223	562	304	479	190	331	269	461	98	320
chrX	49080810	49080888	79	4	0	79	56	23	23	0	5	2	1	0	1	3	2	1	1	1	4	2	2	6	0	2	0	1	2	2	0	5	2	2	0	2	1	3	0	1
chrX	49080890	49081983	1094	4	0	1094	509	585	78	23	23	33	31	40	66	15	21	14	61	27	28	20	21	7	21	36	10	30	55	49	21	65	44	63	26	41	32	43	13	35
chrX	49081984	49082240	257	4	0	257	170	87	42	3	11	20	14	4	6	8	13	5	3	6	6	5	5	18	5	4	0	8	7	9	3	3	9	6	1	4	11	4	2	10
chrX	49082246	49083685	1440	4	0	1440	786	654	107	37	50	54	54	49	65	41	49	30	68	44	38	26	27	47	43	37	14	47	70	35	15	58	35	53	14	40	61	53	13	64
chrX	49084428	49084638	211	4	0	211	114	97	19	8	9	5	14	7	9	5	6	8	11	2	2	3	3	2	11	6	0	9	9	9	0	11	5	4	0	4	10	10	0	8
chrX	49084639	49085796	1158	4	0	1158	594	564	65	29	37	33	34	43	69	35	29	26	61	30	37	19	28	18	42	31	6	38	49	37	12	62	44	43	9	44	45	49	1	51
chrX	49085797	49087314	1518	4	0	1518	794	724	120	33	45	54	52	55	79	39	34	32	74	42	46	29	28	31	45	45	11	48	77	57	18	67	50	63	12	48	54	54	11	63
chrX	49087320	49089786	2467	4	0	2467	1306	1161	156	74	94	74	102	101	123	76	78	42	115	56	62	43	61	48	96	67	15	82	118	55	17	108	93	99	18	102	96	77	16	101
chrX	49089787	49092119	2333	4	0	2333	1176	1157	180	55	68	71	71	97	101	54	68	40	113	51	54	42	52	58	59	79	24	72	111	65	58	99	68	113	56	81	85	76	28	82
chrX	49092120	49092359	240	4	0	240	162	78	36	9	10	7	13	6	2	14	4	1	4	9	8	9	4	24	12	4	1	8	7	7	1	6	8	3	0	3	8	7	0	3
chrX	49092361	49095759	3399	4	0	3399	1780	1619	233	87	93	126	125	143	179	96	84	69	148	80	98	65	79	74	119	111	22	112	171	106	36	150	120	141	27	122	133	106	27	115
chrX	49095760	49097107	1348	4	0	1348	701	647	90	27	42	49	60	48	66	43	25	24	72	36	34	23	33	28	40	34	5	42	65	33	13	59	54	65	18	61	58	38	10	51
chrX	49097109	49097330	222	4	0	222	145	77	34	6	13	12	8	8	4	5	9	2	3	4	15	5	7	9	10	4	0	7	8	10	0	3	3	4	3	6	3	3	1	11
chrX	49097331	49098505	1175	4	0	1175	588	587	87	24	23	40	42	47	63	25	13	24	69	29	34	27	23	16	36	41	8	37	65	33	18	62	34	63	17	38	42	41	11	41
chrX	49098509	49099791	1283	4	0	1283	663	620	92	30	34	39	39	53	68	32	33	22	62	25	31	39	26	36	43	39	10	52	61	46	15	56	42	51	22	41	46	42	13	41
chrX	49099799	49102857	3059	4	0	3059	1355	1704	123	79	81	66	78	138	177	63	85	82	120	64	62	50	39	47	110	107	56	76	144	192	75	155	106	145	93	94	96	122	40	92
chrX	49102862	49103793	932	4	0	932	455	477	50	20	35	21	32	38	53	21	22	20	41	23	23	22	16	17	32	30	8	30	43	40	12	58	39	42	7	30	30	41	7	27
chrX	49103795	49105622	1828	4	0	1828	956	872	124	51	43	65	72	84	107	39	36	31	90	46	50	40	34	42	75	52	18	62	104	49	14	73	60	82	9	71	63	57	15	68
chrX	49105626	49107473	1848	4	0	1848	951	897	95	50	52	66	57	78	105	73	62	36	77	44	51	32	38	33	73	51	15	57	97	70	11	88	66	68	11	71	77	77	9	56
chrX	49107477	49108793	1317	4	0	1317	704	613	119	34	37	42	50	57	70	26	27	25	67	34	35	30	29	20	50	45	7	44	58	33	11	64	44	51	10	43	52	37	12	52
chrX	49108794	49109248	455	4	0	455	262	193	32	11	16	21	10	12	23	15	21	10	28	8	17	11	10	16	16	11	2	14	20	17	0	15	10	11	0	9	14	13	0	40
chrX	49109249	49111253	2005	4	0	2005	1005	1000	112	34	70	50	57	82	106	67	52	40	92	55	46	44	56	40	65	57	13	65	102	85	16	98	71	86	21	82	75	73	12	79
chrX	49111255	49111287	33	4	0	33	16	17	1	2	0	0	2	0	3	0	0	2	3	2	0	0	0	0	1	2	0	1	1	0	0	3	0	1	0	1	4	1	0	1
chrX	49111289	49114605	3317	4	0	3317	1675	1642	194	69	123	93	123	116	206	84	97	76	158	82	65	57	65	65	96	100	17	105	175	120	19	171	126	139	23	138	134	126	15	138
chrX	49114665	49114937	273	4	0	273	136	137	22	6	7	8	10	11	18	1	7	5	14	4	5	6	6	5	6	12	2	8	13	9	4	15	9	11	3	14	12	9	1	8
chrX	49115523	49118954	3432	4	0	3432	1677	1755	152	99	121	83	128	102	186	107	118	88	164	78	56	56	78	60	109	134	13	89	165	165	39	210	119	141	23	99	130	140	27	151
chrX	49118956	49122272	3317	4	0	3317	1710	1607	190	69	118	89	95	126	173	108	113	78	166	98	69	71	81	65	100	101	22	120	149	126	27	172	93	119	21	101	160	128	22	145
chrX	49122276	49125281	3006	4	0	3006	1389	1617	140	53	97	87	68	121	149	68	110	71	149	73	59	45	56	42	91	81	36	81	142	169	72	147	75	146	77	96	98	134	43	128
chrX	49125296	49125669	374	4	0	374	197	177	35	7	9	15	17	16	17	7	6	7	17	9	7	7	13	7	11	11	0	15	20	11	5	15	15	19	4	12	11	10	3	14
chrX	49125671	49127014	1344	4	0	1344	798	546	126	26	47	59	43	55	58	39	36	18	54	35	52	36	30	82	57	29	5	44	42	26	9	55	40	45	10	41	56	32	6	49
chrX	49127016	49127071	56	4	0	56	29	27	5	1	0	1	2	5	4	0	0	2	4	1	0	1	1	0	4	2	0	3	3	2	0	2	1	2	0	1	3	1	0	3
chrX	49127073	49128100	1028	4	0	1028	532	496	70	22	26	44	32	34	56	32	24	19	56	19	36	20	15	27	21	37	6	31	58	29	9	50	36	48	11	40	39	33	14	32
chrX	49128111	49128411	301	4	0	301	132	169	16	8	3	7	8	15	19	3	7	8	15	4	4	4	6	4	7	14	6	8	16	15	7	18	13	17	6	8	9	10	5	9
chrX	49128412	49128825	414	4	0	414	190	224	27	9	5	10	12	21	23	11	8	10	28	8	4	5	6	1	11	15	3	16	24	12	9	20	14	22	12	12	18	16	6	14
chrX	49128827	49131778	2952	4	0	2952	1587	1365	224	75	87	118	113	106	141	93	79	54	126	84	87	60	52	87	94	98	19	84	142	86	30	138	92	107	38	93	125	105	23	90
chrX	49131781	49132008	228	4	0	228	121	107	24	3	7	7	6	27	5	4	7	2	7	4	4	5	4	3	22	8	3	5	11	5	6	5	3	10	4	5	7	4	1	8
chrX	49132013	49132244	232	4	0	232	122	110	24	9	9	7	13	6	14	1	8	2	14	4	4	3	3	0	4	5	1	10	11	6	1	12	9	8	2	11	10	10	2	7
chrX	49132245	49132455	211	4	0	211	113	98	9	6	8	8	8	6	9	7	1	4	9	7	13	3	5	9	4	3	1	11	11	14	0	8	9	8	1	6	6	7	2	6
chrX	49132456	49136141	3686	4	0	3686	1964	1722	283	96	127	148	129	148	169	85	108	57	182	76	135	65	65	89	114	110	29	113	168	114	51	166	121	149	35	129	128	126	33	136
chrX	49136147	49136455	309	4	0	309	192	117	27	13	12	16	13	11	14	11	18	4	9	6	10	7	10	11	16	6	0	13	9	7	0	4	12	2	1	8	11	5	1	20
chrX	49136456	49136637	182	4	0	182	103	79	8	1	9	4	4	6	10	11	5	3	3	3	5	16	2	11	14	3	3	6	7	3	0	5	6	6	3	9	4	3	2	5
chrX	49136649	49137498	850	4	0	850	422	428	72	18	12	29	28	30	54	22	13	18	46	19	18	17	17	8	25	30	6	22	52	33	6	46	27	44	9	32	30	30	5	30
chrX	49137500	49137855	356	4	0	356	203	153	42	16	16	11	14	4	19	11	20	3	10	8	8	6	8	6	16	6	0	7	12	17	1	20	9	13	1	9	10	14	0	17
chrX	49137864	49138375	512	4	0	512	261	251	42	12	17	10	15	21	30	15	14	10	31	15	11	5	8	4	14	19	0	15	29	21	1	25	18	18	1	19	20	19	4	27
chrX	49138377	49138677	301	4	0	301	146	155	27	8	6	6	10	14	19	3	7	3	15	7	4	7	7	2	6	11	3	12	18	12	4	12	10	16	4	14	12	8	3	9
chrX	49138679	49153167	14489	4	0	14489	7550	6939	756	366	561	435	513	484	702	450	453	331	566	383	396	335	405	412	488	454	88	486	676	558	148	700	473	531	120	484	512	539	118	564
chrX	49153173	49154554	1382	4	0	1382	746	636	110	41	36	54	56	49	64	45	31	23	60	40	44	32	26	34	52	40	10	43	81	44	10	48	39	59	16	40	42	40	16	55
chrX	49154555	49156788	2234	4	0	2234	1041	1193	84	54	71	60	59	69	91	81	63	47	95	61	62	43	45	54	77	65	26	45	94	156	47	124	66	95	62	69	63	105	35	64
chrX	49156789	49157254	466	4	0	466	157	309	5	6	6	5	3	21	29	8	12	13	24	5	2	6	8	4	12	19	8	7	28	74	14	31	12	25	10	13	9	27	2	16
chrX	49157255	49158168	914	4	0	914	410	504	46	25	24	20	32	29	53	15	24	18	48	15	14	16	18	12	19	26	9	33	57	48	18	42	33	49	26	38	20	42	13	30
chrX	49158171	49159880	1710	4	0	1710	820	890	52	35	57	52	59	73	102	56	60	47	88	33	25	27	35	19	64	56	7	55	87	89	12	94	65	60	5	68	74	77	10	65
chrX	49159887	49160539	653	4	0	653	379	274	57	13	23	38	24	27	30	17	16	16	24	16	33	12	14	17	24	19	3	22	26	27	0	25	14	20	1	21	34	12	2	24
chrX	49160540	49162986	2447	4	0	2447	1306	1141	163	70	68	96	92	76	112	65	58	46	118	51	84	51	56	99	90	62	18	73	106	77	31	118	73	101	42	76	76	92	19	86
chrX	49162987	49163409	423	4	0	423	143	280	4	5	7	4	3	20	27	7	10	13	22	3	3	5	7	2	11	17	7	8	26	65	11	28	12	23	10	13	8	24	2	14
chrX	49163414	49165937	2524	4	0	2524	1024	1500	53	60	61	44	60	86	118	53	71	66	140	58	34	29	56	35	57	99	34	50	121	215	70	163	75	122	81	76	64	134	51	86
chrX	49165973	49168467	2495	4	0	2495	1076	1419	71	38	79	55	56	100	145	44	77	69	121	49	39	44	53	36	70	82	35	64	120	140	79	122	86	127	59	118	69	113	39	94
chrX	49168470	49168774	305	4	0	305	161	144	33	7	9	6	14	13	14	8	2	8	15	7	5	8	8	3	11	10	0	15	19	9	2	14	7	13	2	10	12	12	0	7
chrX	49168776	49169081	306	4	0	306	159	147	32	7	9	9	13	10	15	6	6	5	18	8	5	8	4	3	11	11	1	7	17	7	4	16	7	16	3	10	9	10	4	13
chrX	49169082	49171451	2370	4	0	2370	1218	1152	157	76	79	75	101	80	114	57	83	45	130	54	45	36	47	38	77	63	24	73	103	80	29	112	71	98	26	83	101	84	25	102
chrX	49171455	49171822	368	4	0	368	166	202	28	9	12	11	10	4	20	8	15	4	12	6	8	7	2	9	4	7	2	11	16	32	16	10	15	20	15	16	7	15	7	8
chrX	49171824	49174429	2606	4	0	2606	1110	1496	80	53	87	46	85	111	132	57	71	66	116	55	31	43	44	32	78	94	29	72	131	182	68	145	85	147	76	80	90	103	33	82
chrX	49174430	49180035	5606	4	0	5606	2395	3211	143	99	179	90	136	242	333	154	155	140	285	119	77	72	106	65	167	190	52	143	329	400	85	354	201	311	84	194	168	268	51	212
chrX	49180036	49181570	1535	4	0	1535	845	690	81	28	51	44	52	59	70	45	35	33	72	43	37	45	31	117	66	34	20	45	68	48	6	74	33	46	12	55	59	68	6	50
chrX	49181571	49181636	66	4	0	66	50	16	0	0	0	0	0	5	0	1	0	0	0	1	0	8	1	33	6	0	6	0	0	0	0	0	0	0	2	0	0	0	0	1
chrX	49181637	49182825	1189	4	0	1189	591	598	53	20	41	41	37	43	71	36	35	24	60	24	30	16	20	38	35	37	5	26	60	41	12	66	54	61	13	44	38	40	10	56
chrX	49182827	49183660	834	4	0	834	405	429	47	21	15	24	32	43	48	21	18	18	40	16	11	15	21	13	32	29	7	29	39	42	9	45	34	38	6	26	39	26	4	24
chrX	49183663	49190497	6835	4	0	6835	2890	3945	196	122	215	119	144	249	360	132	206	170	409	137	105	76	145	104	164	233	62	157	353	562	148	449	183	340	143	228	185	377	65	295
chrX	49190498	49190520	23	4	0	23	16	7	5	0	4	0	0	0	0	0	5	0	0	0	0	0	0	0	0	0	0	0	1	0	0	1	0	0	0	0	0	2	0	3
chrX	49190522	49194704	4183	4	0	4183	1996	2187	150	92	144	104	127	172	195	138	127	95	190	93	87	94	90	97	167	129	40	117	184	219	87	208	142	191	61	136	139	160	48	158
chrX	49194705	49202891	8187	4	0	8187	4066	4121	438	209	254	216	240	289	416	218	237	194	445	179	203	178	171	177	321	258	53	238	331	446	127	402	242	295	113	240	269	307	73	406
chrX	49202892	49206392	3501	4	0	3501	1646	1855	144	79	95	82	95	128	220	107	98	87	195	89	64	56	52	54	110	114	28	98	185	197	31	215	121	148	30	109	134	169	25	140
chrX	49206393	49208197	1805	4	0	1805	874	931	134	33	48	48	47	72	101	57	41	39	85	44	40	25	34	25	54	57	15	43	94	112	17	102	64	86	12	66	65	70	16	57
chrX	49208199	49217600	9402	4	0	9402	4538	4864	338	195	300	257	287	360	476	370	315	224	437	290	149	149	207	183	295	295	65	273	505	584	90	479	298	365	78	271	395	414	59	397
chrX	49217602	49223595	5994	4	0	5994	2813	3181	190	125	200	137	180	261	344	208	189	149	306	150	93	76	106	99	200	208	39	164	342	326	55	334	226	246	45	201	225	278	33	257
chrX	49223596	49223734	139	4	0	139	90	49	35	6	7	1	3	1	1	3	5	1	7	3	5	4	4	3	0	7	0	5	6	9	0	6	0	0	0	0	2	5	0	8
chrX	49223736	49233893	10158	4	0	10158	4744	5414	400	238	339	244	319	395	517	270	303	257	465	242	200	149	227	178	286	363	87	303	540	638	156	519	315	449	142	348	360	402	127	378
chrX	49233897	49234544	648	4	0	648	216	432	5	3	18	3	15	21	37	13	8	30	26	12	2	10	10	2	11	25	17	11	36	50	35	24	25	41	37	43	14	30	19	13
chrX	49234545	49235854	1310	4	0	1310	639	671	64	28	41	40	28	67	55	38	37	33	55	24	45	28	27	28	62	35	16	42	52	62	40	52	43	49	22	46	31	60	20	38
chrX	49235855	49236203	349	4	0	349	168	181	18	14	11	6	11	16	19	4	8	12	12	12	12	6	2	4	19	20	4	6	19	27	5	21	3	6	3	4	9	19	2	13
chrX	49236205	49238032	1828	4	0	1828	918	910	121	51	54	45	63	64	110	47	56	40	78	52	32	28	49	26	48	61	8	66	94	65	19	99	72	74	22	56	70	77	9	70
chrX	49238033	49240253	2221	5	0	2221	1129	1092	127	50	69	64	65	97	128	52	56	47	118	44	62	43	53	54	78	63	16	80	112	80	19	105	77	92	13	90	74	82	16	93
chrX	49240254	49241486	1233	5	0	1233	633	600	78	28	42	34	40	51	81	23	33	22	56	26	30	31	20	37	41	43	4	44	68	37	9	59	48	50	10	50	38	43	9	46
chrX	49241489	49245006	3518	5	0	3518	1639	1879	145	65	117	72	91	109	213	78	116	89	220	78	46	60	78	60	104	128	17	74	160	218	42	229	115	137	29	123	113	166	22	202
chrX	49245008	49245972	965	5	0	965	542	423	83	21	32	32	24	29	49	31	32	29	57	25	29	22	17	30	52	24	4	21	37	33	2	47	14	23	4	17	29	38	6	70
chrX	49245977	49256220	10244	5	0	10244	4323	5921	233	192	299	132	267	491	661	291	237	262	495	225	121	140	171	104	369	404	75	237	612	779	143	637	386	549	110	401	343	439	86	351
chrX	49256225	49263173	6949	5	0	6949	3221	3728	209	140	227	145	202	293	417	224	202	181	361	157	108	95	133	126	270	210	49	180	398	429	73	353	231	335	29	269	237	280	47	337
chrX	49263174	49264507	1334	5	0	1334	758	576	98	38	57	56	52	35	54	56	48	30	58	37	50	24	31	33	55	26	8	38	37	42	11	48	51	27	10	50	54	43	11	64
chrX	49264508	49266558	2051	5	0	2051	1068	983	157	46	85	62	66	60	93	64	87	44	97	60	39	34	32	40	57	61	15	51	99	120	17	99	35	72	13	56	92	82	13	101
chrX	49266559	49271467	4909	5	0	4909	2095	2814	146	106	155	94	130	164	247	142	152	119	242	94	73	69	96	64	136	150	59	113	217	320	156	280	180	260	143	193	150	243	60	154
chrX	49271469	49272931	1463	5	0	1463	744	719	67	34	48	42	34	57	96	51	51	29	58	35	39	35	43	24	51	49	6	48	73	56	9	71	59	54	8	61	55	50	3	65
chrX	49272932	49282443	9512	5	0	9512	4946	4566	568	249	386	251	322	339	498	311	347	204	408	238	218	199	217	190	339	278	60	314	423	384	68	461	332	342	47	321	376	332	75	413
chrX	49282446	49285212	2767	5	0	2767	1641	1126	269	61	119	142	93	124	95	83	112	41	113	76	117	61	56	77	132	53	22	80	102	73	14	98	65	68	12	65	97	93	12	140
chrX	49285213	49291288	6076	5	0	6076	3003	3073	286	134	194	174	197	272	332	185	170	149	272	150	135	98	108	145	250	182	41	180	308	315	65	281	202	251	49	208	226	221	57	237
chrX	49291289	49297186	5898	5	0	5898	3212	2686	410	163	184	213	206	214	285	177	178	121	292	159	175	121	143	169	234	169	32	184	253	203	43	253	156	190	32	186	239	190	41	281
chrX	49297187	49297828	642	5	0	642	343	299	48	13	18	27	22	18	26	14	10	13	31	22	27	12	16	25	15	20	6	15	26	19	11	29	21	29	15	16	18	17	10	31
chrX	49297829	49300477	2649	5	0	2649	1409	1240	167	80	126	79	105	70	143	80	118	51	94	67	63	40	55	70	79	73	14	75	120	108	25	107	105	85	9	109	93	94	16	127
chrX	49300478	49304796	4319	5	0	4319	2382	1937	325	107	169	156	135	158	197	148	165	95	184	119	133	87	80	122	159	112	32	144	156	146	45	168	131	121	40	120	192	136	37	198
chrX	49304798	49304812	15	5	0	15	8	7	0	0	0	1	0	0	1	0	1	0	0	0	0	0	1	3	0	0	0	0	0	1	0	1	1	1	0	2	0	0	0	0
chrX	49304826	49304889	64	5	0	64	34	30	3	3	1	2	3	3	2	1	3	2	2	4	0	0	1	3	3	2	1	2	2	1	2	2	0	1	1	0	4	2	4	2
chrX	49304908	49319364	14457	5	0	14457	8118	6339	904	438	576	603	524	475	618	529	549	306	491	350	544	330	402	478	605	374	108	461	544	428	125	609	484	393	66	445	514	511	99	572
chrX	49319365	49319393	29	5	0	29	21	8	2	0	2	3	1	0	0	2	1	1	1	2	3	0	1	1	1	0	0	0	0	0	0	0	0	0	0	1	2	0	0	3
chrX	49319394	49322427	3034	5	0	3034	1591	1443	198	86	112	102	101	114	133	99	124	71	110	75	74	54	56	80	111	81	44	89	116	125	51	117	91	99	47	91	129	104	34	114
chrX	49322428	49322464	37	5	0	37	13	24	0	0	0	2	0	1	3	1	2	2	0	1	0	0	0	0	2	1	1	0	1	7	1	2	1	2	0	0	1	1	2	1
chrX	49322465	49323288	824	5	0	824	372	452	33	16	27	19	25	46	38	17	25	17	40	17	12	12	15	13	26	21	13	31	34	38	19	37	33	40	31	28	32	29	15	23
chrX	49323289	49323532	244	5	0	244	158	86	27	10	8	16	9	6	6	16	14	3	7	9	10	5	5	5	15	1	4	4	5	1	2	5	6	3	1	6	11	8	3	11
chrX	49323542	49323930	389	5	0	389	206	183	17	14	13	10	10	28	19	8	17	7	16	6	10	7	7	16	23	11	11	11	12	13	1	18	18	3	2	13	13	16	4	13
chrX	49323948	49324000	53	5	0	53	30	23	3	2	2	1	2	6	0	2	3	1	3	0	1	0	2	1	8	0	0	0	0	0	0	5	1	1	0	0	1	4	0	2
chrX	49324001	49324172	172	5	0	172	101	71	10	5	8	9	8	5	5	7	9	3	7	4	5	3	5	6	7	3	0	6	6	2	0	8	5	4	1	6	8	7	3	5
chrX	49324173	49324206	34	5	0	34	20	14	1	2	2	0	3	3	0	2	2	1	0	1	0	0	1	1	5	1	0	0	1	0	0	2	0	0	0	0	1	2	0	1
chrX	49324207	49325849	1643	5	0	1643	1029	614	144	48	62	102	51	51	62	61	73	30	43	44	87	52	36	81	68	37	18	58	48	28	12	49	38	17	7	44	72	55	11	52
chrX	49325861	49328091	2231	5	0	2231	1231	1000	152	72	75	93	72	77	110	63	86	49	95	53	81	44	42	65	84	55	30	73	71	53	36	81	72	69	28	65	95	64	20	104
chrX	49328094	49328500	407	5	0	407	239	168	24	15	6	16	9	18	13	31	12	5	10	14	17	11	11	25	23	10	2	15	14	21	2	12	19	3	2	4	15	15	2	9
chrX	49328501	49328906	406	5	0	406	238	168	17	10	12	18	14	14	12	29	10	12	8	15	16	12	12	26	17	10	8	13	16	11	3	6	18	7	3	10	19	8	4	14
chrX	49328907	49328935	29	5	0	29	21	8	2	0	2	3	1	0	0	2	1	1	1	2	3	0	1	1	1	0	0	0	0	0	0	0	0	0	0	1	2	0	0	3
chrX	49328936	49329063	128	5	0	128	81	47	6	5	11	5	8	5	4	6	7	4	2	2	5	6	2	1	8	1	0	11	2	0	0	2	4	0	0	4	10	3	0	2
chrX	49329065	49329501	437	5	0	437	269	168	38	18	19	24	19	13	17	17	22	8	8	12	20	11	10	13	25	8	8	9	7	11	1	10	17	3	4	14	17	8	3	21
chrX	49329503	49331845	2343	5	0	2343	1197	1146	154	62	76	73	73	90	105	72	90	56	95	56	49	37	43	65	79	67	32	67	98	97	44	94	68	86	45	71	95	84	31	87
chrX	49331847	49331859	13	5	0	13	4	9	0	0	1	0	0	1	0	0	1	0	0	0	0	0	0	0	0	1	1	0	1	0	1	0	0	1	1	1	0	0	1	0
chrX	49331861	49331966	106	5	0	106	33	73	0	1	4	0	1	7	4	1	4	4	6	1	0	0	0	0	1	5	3	2	5	16	5	9	1	6	1	2	5	8	1	1
chrX	49331973	49332009	37	5	0	37	14	23	0	0	0	2	0	1	3	1	2	2	0	1	0	0	0	0	2	2	1	0	1	7	1	2	1	1	0	0	1	1	2	1
chrX	49332010	49332363	354	5	0	354	135	219	9	7	11	6	9	25	13	5	14	5	18	3	1	2	6	0	8	13	4	14	15	27	14	17	16	20	21	9	13	12	7	8
chrX	49332364	49332414	51	5	0	51	19	32	0	1	1	0	1	2	2	0	0	3	5	2	1	1	0	0	1	2	0	3	2	5	2	4	0	0	1	1	2	6	1	0
chrX	49332415	49332618	204	5	0	204	98	106	12	2	8	4	5	12	16	3	3	5	9	4	6	4	2	2	10	1	6	6	8	1	2	7	12	12	7	13	6	4	1	9
chrX	49332619	49332691	73	5	0	73	46	27	8	2	4	3	3	1	2	3	3	0	2	3	3	3	1	5	1	0	1	4	2	1	1	1	2	2	0	2	3	2	2	1
chrX	49332692	49332764	73	5	0	73	38	35	3	4	1	2	3	4	2	1	4	2	3	3	0	0	1	3	3	2	3	2	3	1	1	2	1	1	3	1	4	3	3	2
chrX	49332769	49332832	64	5	0	64	29	35	1	0	2	2	2	2	1	2	1	2	3	1	1	2	5	1	0	2	3	1	2	2	1	4	2	5	2	3	3	1	0	3
chrX	49332833	49333000	168	5	0	168	112	56	22	7	4	13	4	4	3	11	11	1	5	8	8	1	5	4	6	1	4	2	3	0	0	5	5	1	1	3	8	6	3	7
chrX	49333001	49333487	487	5	0	487	263	224	20	17	17	14	16	36	21	14	21	9	19	7	11	12	8	19	38	11	13	13	14	14	3	18	19	6	2	17	16	18	4	18
chrX	49333488	49333504	17	5	0	17	8	9	0	0	0	0	0	8	0	0	0	0	0	0	0	0	0	0	7	0	0	0	0	0	0	0	0	0	0	0	0	0	0	0
chrX	49333505	49333544	40	5	0	40	23	17	3	1	2	1	2	1	0	2	3	1	3	0	0	0	1	1	3	0	0	0	0	0	0	5	1	1	0	0	1	4	0	2
chrX	49333545	49333716	172	5	0	172	101	71	10	5	8	9	8	5	5	7	9	3	7	4	5	3	5	6	7	3	0	6	6	2	0	8	5	4	1	6	8	7	3	5
chrX	49333717	49333759	43	5	0	43	25	18	1	3	2	0	4	4	1	2	2	1	0	1	0	0	1	1	8	1	0	0	1	0	0	2	1	0	0	1	1	2	0	1
chrX	49333760	49334227	468	5	0	468	282	186	46	15	18	26	13	7	20	15	18	7	16	16	27	11	9	17	9	10	7	14	15	9	6	17	11	7	4	19	20	21	3	13
chrX	49334230	49335154	925	5	0	925	578	347	66	27	35	59	29	37	32	35	43	18	20	21	49	32	26	49	46	22	10	35	27	15	6	26	20	10	3	23	40	28	5	29
chrX	49335159	49335190	32	5	0	32	23	9	1	2	0	2	0	0	1	3	0	0	0	1	4	2	0	6	3	0	1	1	0	0	1	0	1	0	0	0	0	1	0	0
chrX	49335191	49336045	855	5	0	855	481	374	74	21	33	37	31	28	37	25	36	19	40	22	24	18	14	20	27	17	10	32	28	20	11	31	31	25	9	15	36	28	8	46
chrX	49336046	49336090	45	5	0	45	28	17	5	4	1	2	2	1	2	0	3	0	1	0	2	1	1	2	3	2	0	0	1	1	0	3	1	0	0	1	0	2	0	2
chrX	49336091	49336752	662	5	0	662	354	308	34	18	16	34	15	22	34	19	22	15	26	15	31	13	10	30	26	20	8	13	23	17	15	30	17	26	12	21	24	23	9	22
chrX	49336753	49336786	34	5	0	34	21	13	1	2	1	1	1	0	2	0	0	1	2	0	3	3	1	1	2	1	1	2	0	0	0	1	1	0	1	0	0	0	0	4
chrX	49336787	49336864	78	5	0	78	45	33	5	5	3	1	2	1	5	0	4	3	0	2	3	1	3	7	2	2	2	3	1	4	1	3	1	2	0	1	4	1	1	3
chrX	49336865	49336900	36	5	0	36	26	10	5	2	2	2	3	0	0	1	1	1	2	0	2	1	1	1	1	0	0	3	0	0	0	0	0	0	0	2	4	0	0	0
chrX	49336901	49337738	838	5	0	838	497	341	73	30	31	39	30	33	36	30	33	14	32	21	37	18	15	23	37	19	11	28	22	16	8	22	30	17	6	25	40	16	5	39
chrX	49337739	49338065	327	5	0	327	176	151	15	9	4	10	6	15	12	27	12	5	10	14	5	7	9	15	16	9	0	11	15	20	2	10	14	3	4	5	15	15	2	9
chrX	49338066	49338634	569	5	0	569	341	228	26	15	25	26	23	20	18	37	18	17	11	19	25	18	15	28	28	11	7	24	18	15	3	9	21	7	2	16	31	11	4	19
chrX	49338636	49338710	75	5	0	75	45	30	6	2	3	6	3	2	3	1	3	2	2	2	4	2	1	1	2	2	3	1	0	1	1	3	5	0	2	1	3	2	0	4
chrX	49338711	49339675	965	5	0	965	533	432	85	32	40	35	40	34	38	29	41	17	29	23	26	18	19	27	42	18	15	26	33	30	18	25	34	33	16	31	32	24	9	44
chrX	49339676	49339803	128	5	0	128	77	51	14	5	4	8	6	3	4	7	6	4	2	4	5	2	0	3	6	4	1	2	5	3	2	3	4	2	2	0	5	4	1	5
chrX	49339804	49340829	1026	5	0	1026	599	427	78	29	35	44	35	32	43	38	41	27	37	32	32	22	29	44	39	28	11	32	35	18	7	32	22	17	11	37	52	29	13	43
chrX	49340831	49340852	22	5	0	22	13	9	3	2	0	1	1	0	2	0	2	0	0	0	0	0	1	1	1	0	0	0	0	0	0	0	2	0	1	1	0	0	1	1
chrX	49340853	49341538	686	5	0	686	242	444	8	12	20	3	9	37	36	15	24	19	38	8	2	4	4	2	14	27	13	17	39	70	26	47	19	45	18	18	25	40	9	16
chrX	49341539	49341574	36	5	0	36	13	23	0	0	0	2	0	1	3	1	2	2	0	1	0	0	0	0	2	0	1	0	1	6	1	2	1	2	0	0	1	2	2	1
chrX	49341575	49341637	63	5	0	63	13	50	0	0	3	0	0	2	4	0	3	0	1	0	0	0	0	0	0	2	0	0	3	9	6	6	2	10	5	1	1	1	1	1
chrX	49341638	49341650	13	5	0	13	1	12	0	0	0	0	0	0	0	0	0	0	1	0	0	0	0	0	0	0	0	0	0	5	0	0	0	1	2	1	0	0	1	0
chrX	49341651	49341929	279	5	0	279	120	159	9	7	8	6	9	22	9	5	11	5	16	3	1	2	6	0	8	10	4	14	12	15	7	11	13	9	13	7	11	11	6	7
chrX	49341930	49341980	51	5	0	51	20	31	0	1	1	0	1	2	3	0	1	2	4	2	1	1	0	0	1	2	0	3	3	6	1	4	0	0	1	1	2	6	0	0
chrX	49341981	49342184	204	5	0	204	98	106	12	2	8	4	5	12	16	3	3	5	9	4	6	4	2	2	10	1	6	6	8	1	2	7	12	12	7	13	6	4	1	9
chrX	49342185	49342257	73	5	0	73	47	26	8	3	3	3	3	1	1	3	3	0	3	3	4	2	1	5	1	0	1	4	2	1	1	1	2	2	0	2	3	2	2	1
chrX	49342258	49342330	73	5	0	73	38	35	3	4	1	2	3	4	2	1	4	2	3	3	0	0	1	3	3	2	3	2	3	1	1	2	1	1	3	1	4	3	3	2
chrX	49342331	49342358	28	5	0	28	14	14	0	0	1	1	2	0	0	1	0	1	0	0	0	2	3	2	1	1	0	0	2	0	0	2	0	3	2	1	0	0	0	1
chrX	49342359	49342503	145	5	0	145	91	54	15	4	3	12	3	5	3	7	6	2	3	4	10	1	6	5	3	2	4	3	2	2	1	5	6	3	2	5	7	3	3	3
chrX	49342504	49342542	39	5	0	39	22	17	1	1	1	2	1	0	1	5	3	0	2	4	0	0	0	0	1	0	0	0	2	0	0	2	1	1	0	0	3	4	0	2
chrX	49342543	49342642	100	5	0	100	62	38	12	4	5	3	5	3	3	5	6	2	4	1	2	4	0	1	10	0	1	2	2	1	2	1	1	2	0	3	3	3	1	6
chrX	49342643	49342697	55	5	0	55	28	27	3	1	2	1	1	5	2	0	1	2	3	0	2	1	1	1	4	2	1	3	2	4	0	3	0	1	0	1	2	2	1	1
chrX	49342698	49342967	270	5	0	270	152	118	13	11	7	10	8	8	15	9	11	3	12	6	9	6	6	17	9	6	5	8	9	9	1	10	13	3	0	12	10	11	2	9
chrX	49342968	49343952	985	5	0	985	581	404	73	34	43	47	32	44	33	30	48	19	28	23	44	21	21	40	52	24	15	26	25	20	10	42	24	13	6	27	38	40	11	30
chrX	49343954	49344671	718	5	0	718	456	262	55	22	25	48	23	19	27	28	32	12	18	18	41	25	24	38	27	15	8	28	23	8	2	22	17	9	2	20	30	24	2	24
chrX	49344672	49345595	924	5	0	924	521	403	75	24	33	39	32	42	39	27	36	20	42	23	28	20	15	25	40	18	11	36	29	20	12	32	33	25	9	15	38	30	8	46
chrX	49345604	49345640	37	5	0	37	24	13	5	4	1	1	2	1	2	0	3	0	0	0	1	0	1	2	3	1	0	0	1	0	0	2	1	0	0	1	0	2	0	1
chrX	49345641	49345751	111	5	0	111	79	32	7	3	4	11	1	1	2	6	6	1	3	3	11	2	2	15	3	1	2	1	1	1	1	2	1	0	0	5	5	4	1	3
chrX	49345752	49345993	242	5	0	242	133	109	15	5	8	8	4	10	13	10	8	5	6	7	10	9	5	8	11	8	3	7	10	7	2	13	6	9	2	5	10	8	1	7
chrX	49345994	49346336	343	5	0	343	165	178	13	12	4	14	9	10	22	6	9	9	21	5	12	7	4	7	12	12	4	9	12	8	12	15	13	16	8	11	10	11	8	16
chrX	49346337	49346384	48	5	0	48	27	21	3	4	2	1	1	1	2	0	3	0	0	0	3	1	1	5	0	2	2	1	1	3	1	2	1	2	0	1	2	0	0	1
chrX	49346385	49346414	30	5	0	30	17	13	2	1	1	0	1	0	3	0	1	2	0	2	0	0	2	2	2	0	0	1	0	1	0	1	0	0	0	1	2	1	0	2
chrX	49346415	49346450	36	5	0	36	26	10	5	2	2	2	3	0	0	1	1	1	2	0	2	1	1	1	1	0	0	3	0	0	0	0	0	0	0	2	4	0	0	0
chrX	49346451	49347051	601	5	0	601	345	256	42	20	24	26	22	24	28	21	27	12	25	20	21	11	10	11	24	13	8	21	17	12	6	14	20	10	6	20	34	14	4	32
chrX	49347052	49347199	148	5	0	148	82	66	19	5	4	5	6	6	7	6	6	2	7	1	2	3	3	0	8	3	1	4	5	3	2	5	6	7	0	5	6	2	1	6
chrX	49347200	49347219	20	5	0	20	18	2	4	0	1	3	0	0	0	0	0	0	0	0	4	1	0	5	0	0	0	0	0	0	0	0	0	0	0	0	0	0	0	0
chrX	49347226	49347253	28	5	0	28	15	13	2	1	0	0	1	3	1	2	0	0	0	0	1	2	1	0	3	1	2	0	0	1	0	1	4	0	0	0	0	0	0	0
chrX	49347254	49347285	32	5	0	32	19	13	0	2	0	0	0	1	1	5	0	0	0	0	2	4	1	3	3	0	2	1	1	0	0	0	2	1	0	1	0	0	0	0
chrX	49347286	49347612	327	5	0	327	179	148	16	11	4	11	8	14	10	24	12	7	10	15	5	6	11	14	17	8	1	11	14	20	2	10	10	2	4	4	15	16	3	10
chrX	49347918	49348334	417	5	0	417	249	168	33	14	17	20	13	13	18	20	19	7	15	18	19	8	6	8	15	11	4	12	10	8	4	9	13	6	5	12	26	6	3	23
chrX	49528395	49529743	1349	5	0	1349	791	558	86	41	43	63	48	54	48	77	45	31	39	36	53	36	31	58	66	31	15	50	44	41	9	35	56	21	8	31	61	36	8	46
chrX	49529744	49530108	365	5	0	365	233	132	39	16	17	18	16	10	14	16	18	6	6	10	16	9	9	12	23	5	5	8	7	6	0	7	12	3	2	13	14	5	3	18
chrX	49530109	49530123	15	5	0	15	11	4	6	0	2	0	1	0	0	0	1	1	0	0	0	0	0	0	1	0	0	0	0	0	0	0	0	0	0	0	0	0	0	1
chrX	49530124	49530706	583	5	0	583	288	295	39	15	20	17	23	25	24	13	19	10	24	13	10	9	10	17	18	14	9	18	26	24	18	19	23	30	11	18	18	19	6	22
chrX	49530707	49530836	130	5	0	130	78	52	14	5	4	8	6	4	4	7	7	4	4	3	4	2	0	2	7	3	1	3	4	2	2	3	4	2	1	0	6	4	2	6
chrX	49530837	49530944	108	5	0	108	72	36	11	2	2	9	6	2	3	6	6	3	6	3	1	2	2	7	3	0	1	5	1	0	1	2	3	0	0	1	9	4	0	5
chrX	49530945	49531140	196	5	0	196	109	87	13	7	3	11	6	9	9	4	6	4	9	6	9	3	3	7	8	6	4	5	5	2	2	5	5	3	6	9	9	3	8	5
chrX	49531141	49531881	741	5	0	741	424	317	55	21	29	25	24	23	33	28	29	20	23	22	22	16	23	31	30	22	7	21	26	15	5	28	19	15	6	27	33	22	8	31
chrX	49531882	49532561	680	5	0	680	242	438	8	12	20	3	9	37	36	15	24	20	38	8	2	4	4	2	14	27	14	17	39	69	24	46	18	43	17	18	25	39	9	17
chrX	49532562	49533995	1434	5	0	1434	720	714	76	37	43	51	41	67	64	40	55	26	63	33	35	23	28	38	53	28	25	47	52	59	25	58	54	52	35	47	53	54	25	45
chrX	49533996	49534239	244	5	0	244	133	111	13	6	12	8	6	23	5	9	15	5	11	2	5	1	7	5	21	2	6	5	4	3	0	13	9	4	2	7	9	11	4	9
chrX	49534240	49534294	55	5	0	55	32	23	1	3	2	3	5	4	2	1	2	1	0	2	1	2	0	2	6	2	0	1	3	1	0	2	1	1	0	0	2	2	0	1
chrX	49534295	49534337	43	5	0	43	25	18	1	3	2	0	2	2	2	3	2	1	0	1	1	1	2	2	6	1	0	0	1	0	0	2	1	0	0	1	1	1	0	2
chrX	49534338	49534388	51	5	0	51	35	16	10	1	6	2	2	1	1	1	3	0	1	1	3	1	0	0	0	0	0	3	0	0	0	2	2	1	0	3	3	1	0	1
chrX	49534389	49535615	1227	5	0	1227	765	462	100	39	42	81	39	30	46	44	52	23	30	32	72	36	33	65	42	30	14	41	39	24	11	41	28	16	5	33	50	45	6	36
chrX	49535616	49535667	52	5	0	52	33	19	1	2	2	3	2	1	2	3	4	0	1	2	1	2	2	4	2	1	0	2	2	0	0	0	0	0	1	3	4	1	1	1
chrX	49535668	49535979	312	5	0	312	193	119	28	7	11	17	8	22	9	12	13	6	11	10	13	9	1	15	24	6	4	10	7	7	3	7	7	2	0	1	13	10	3	14
chrX	49535982	49536630	649	5	0	649	345	304	45	16	25	22	22	23	30	16	25	15	34	15	17	13	14	11	19	15	9	24	22	16	11	27	26	23	9	14	24	22	5	38
chrX	49536631	49536778	148	5	0	148	103	45	12	6	5	13	3	2	4	6	9	1	3	2	13	4	4	15	6	2	2	2	3	1	1	4	2	0	0	6	4	6	1	4
chrX	49536779	49537020	242	5	0	242	135	107	15	5	7	11	6	10	12	10	8	5	5	7	10	8	5	9	12	8	3	5	10	7	2	13	6	9	2	5	10	8	1	6
chrX	49537021	49538347	1327	5	0	1327	753	574	100	49	38	61	44	47	64	43	48	25	56	28	56	31	23	40	56	34	17	44	36	28	22	42	46	37	13	40	59	29	14	55
chrX	49538348	49539061	714	5	0	714	407	307	33	20	16	28	21	29	22	52	22	18	18	27	21	19	21	39	34	18	8	25	29	31	5	15	28	9	5	14	34	22	6	23
chrX	49539062	49539090	29	5	0	29	20	9	2	0	2	3	2	0	0	2	1	1	1	2	2	0	1	1	1	0	0	0	0	0	0	1	0	0	0	0	2	0	0	3
chrX	49539091	49539223	133	5	0	133	82	51	6	5	11	5	8	5	5	6	7	4	3	2	5	6	2	1	8	1	0	11	2	1	0	3	4	0	0	4	10	4	0	2
chrX	49539224	49539262	39	5	0	39	25	14	5	1	2	4	1	0	2	0	3	1	1	0	2	1	1	0	0	1	1	1	0	0	0	2	2	0	1	1	1	1	0	2
chrX	49539263	49539299	37	5	0	37	20	17	0	1	1	3	2	2	1	1	1	1	1	2	1	1	0	0	2	1	2	0	0	1	1	1	3	0	1	0	2	1	0	2
chrX	49539300	49540396	1097	5	0	1097	611	486	98	35	44	43	46	40	41	37	46	21	33	27	30	20	19	31	49	23	16	28	39	33	20	30	39	36	14	31	37	29	12	48
chrX	49540397	49540500	104	5	0	104	70	34	11	2	2	9	6	2	3	5	6	3	6	2	1	2	2	7	3	0	1	5	1	0	1	1	3	0	0	1	9	3	0	5
chrX	49540501	49543727	3227	5	0	3227	1587	1640	162	82	103	95	84	157	146	92	125	74	139	69	70	47	61	80	126	87	56	91	125	147	56	150	102	117	70	105	125	127	52	103
chrX	49543728	49543767	40	5	0	40	24	16	3	0	3	1	1	1	1	1	0	0	1	2	3	0	3	2	0	0	0	2	0	1	0	2	3	1	0	4	2	1	0	0
chrX	49543768	49543949	182	5	0	182	112	70	13	7	12	7	9	7	6	8	10	3	5	4	7	6	2	5	13	4	0	6	5	1	0	7	4	2	0	4	8	6	2	7
chrX	49543950	49545254	1305	5	0	1305	810	495	102	43	45	84	41	32	48	48	58	24	34	35	73	38	36	69	45	32	15	44	41	25	12	42	28	16	6	36	55	48	7	41
chrX	49545255	49545270	16	5	0	16	6	10	0	0	0	0	0	4	1	0	0	0	0	0	0	0	0	0	2	0	0	1	1	1	0	0	2	1	0	1	0	0	0	0
chrX	49545273	49545283	11	5	0	11	5	6	0	0	0	0	0	5	0	0	0	0	0	0	0	0	0	0	4	0	0	0	0	0	0	0	0	0	0	0	0	0	0	0
chrX	49545284	49546178	895	5	0	895	509	386	76	22	33	39	30	33	38	27	35	20	40	24	29	20	15	26	34	18	11	33	28	20	12	32	31	24	9	14	35	30	8	47
chrX	49546179	49546223	45	5	0	45	29	16	5	3	1	3	2	1	2	0	3	0	1	0	2	1	1	2	3	2	0	0	1	1	0	3	1	0	0	1	0	2	0	2
chrX	49546224	49546317	94	5	0	94	65	29	5	3	3	9	1	1	2	4	4	1	3	2	10	2	2	12	3	1	2	1	1	1	1	2	1	0	0	5	3	4	1	2
chrX	49546318	49546334	17	5	0	17	14	3	2	0	1	2	0	0	0	1	2	0	0	0	1	1	0	3	0	0	0	0	0	0	0	0	0	0	0	0	1	0	0	1
chrX	49546335	49546885	551	5	0	551	280	271	28	15	10	25	14	20	31	17	18	13	23	11	19	12	8	15	22	19	6	12	22	15	14	27	18	25	9	16	20	19	9	17
chrX	49546886	49546905	20	5	0	20	10	10	0	1	0	1	1	0	1	0	0	0	2	0	1	2	0	1	1	1	0	1	0	0	0	1	1	1	0	0	0	1	0	1
chrX	49546906	49546967	62	5	0	62	37	25	4	5	3	1	1	1	3	0	3	0	1	0	5	2	2	5	1	2	2	3	1	3	1	2	1	2	0	1	2	0	0	3
chrX	49546968	49547033	66	5	0	66	42	24	7	4	2	2	4	1	4	1	2	3	2	1	2	1	3	2	3	1	0	6	0	1	0	2	0	0	0	2	6	1	0	1
chrX	49547034	49547522	489	5	0	489	292	197	37	15	21	25	16	18	19	20	25	7	19	20	20	11	9	9	19	11	7	14	11	8	6	11	13	7	4	14	29	10	3	29
chrX	49547523	49547634	112	5	0	112	53	59	6	5	2	2	6	7	9	1	2	4	6	1	1	0	1	0	6	1	1	6	5	3	1	3	7	4	1	6	5	4	1	3
chrX	49547635	49547903	269	5	0	269	175	94	35	9	7	16	7	10	9	15	6	2	7	2	19	9	5	17	15	5	3	7	6	4	2	7	12	8	0	6	7	2	1	7
chrX	49547904	49548617	714	5	0	714	406	308	33	19	16	28	20	29	23	52	22	18	18	27	21	19	21	39	33	18	8	25	29	31	5	15	29	9	5	15	34	22	6	23
chrX	49548618	49548646	29	5	0	29	20	9	2	0	2	3	2	0	0	2	1	1	1	2	2	0	1	1	1	0	0	0	0	0	0	1	0	0	0	0	2	0	0	3
chrX	49548647	49548818	172	5	0	172	106	66	11	6	13	9	9	4	7	6	10	5	4	2	7	7	3	1	6	2	2	12	2	1	0	6	7	0	2	5	11	6	0	4
chrX	49548819	49548855	37	5	0	37	20	17	0	1	1	3	2	2	1	1	1	1	1	2	1	1	0	0	2	1	2	0	0	1	1	1	3	0	1	0	1	1	0	3
chrX	49548856	49549220	365	5	0	365	233	132	39	16	17	18	16	10	14	16	18	6	6	10	16	9	9	12	23	5	5	8	7	6	0	7	12	3	2	13	14	5	3	18
chrX	49549226	49549948	723	5	0	723	371	352	55	20	25	25	30	28	28	20	27	15	27	16	14	11	10	19	25	18	11	20	31	27	20	23	27	32	14	18	23	24	9	29
chrX	49549949	49550276	328	5	0	328	189	139	24	9	5	20	12	13	14	10	12	7	19	10	10	5	5	14	11	7	5	11	7	3	3	12	9	5	6	10	21	9	8	10
chrX	49550277	49550325	49	5	0	49	26	23	3	0	0	2	0	2	2	5	1	0	1	1	1	3	2	2	2	2	0	1	4	1	0	1	2	2	0	4	1	0	2	0
chrX	49550326	49551679	1354	5	0	1354	635	719	60	32	50	26	34	57	64	38	52	40	55	29	23	17	25	31	42	46	21	37	60	83	31	68	36	54	23	41	55	59	15	48
chrX	49551680	49551715	36	5	0	36	13	23	0	0	0	2	0	1	3	1	2	2	0	1	0	0	0	0	2	0	1	0	1	6	1	2	1	2	0	0	1	2	2	1
chrX	49551716	49551778	63	5	0	63	13	50	0	0	3	0	0	2	4	0	3	0	1	0	0	0	0	0	0	2	0	0	3	9	6	6	2	10	5	1	1	1	1	1
chrX	49551779	49551812	34	5	0	34	8	26	0	0	0	0	0	3	1	0	0	0	4	0	0	0	0	0	1	1	0	1	1	3	2	1	1	1	5	3	1	2	1	0
chrX	49551813	49552069	257	5	0	257	114	143	9	7	8	6	9	19	8	5	11	5	14	3	1	2	6	0	7	9	4	13	11	15	5	11	12	8	9	5	11	9	6	7
chrX	49552070	49552120	51	5	0	51	20	31	0	1	1	0	1	2	3	0	1	2	4	2	1	1	0	0	1	2	0	3	3	6	1	4	0	0	1	1	2	6	0	0
chrX	49552121	49552324	204	5	0	204	98	106	12	2	8	4	5	12	16	3	3	5	9	4	6	4	2	2	10	1	6	6	8	1	2	7	12	12	7	13	6	4	1	9
chrX	49552325	49552397	73	5	0	73	47	26	8	3	3	3	3	1	1	3	3	0	3	3	4	2	1	5	1	0	1	4	2	1	1	1	2	2	0	2	3	2	2	1
chrX	49552398	49552470	73	5	0	73	38	35	3	4	1	2	3	4	2	1	4	2	3	3	0	0	1	3	3	2	3	2	3	1	1	2	1	1	3	1	4	3	3	2
chrX	49552471	49552498	28	5	0	28	14	14	0	0	1	1	2	0	0	1	0	1	0	0	0	2	3	2	1	1	0	0	2	0	0	2	0	3	2	1	0	0	0	1
chrX	49552499	49552782	284	5	0	284	175	109	29	9	9	18	9	8	7	17	15	4	10	9	12	5	6	6	14	2	5	5	6	3	3	9	8	6	2	8	13	10	4	11
chrX	49552792	49552837	46	5	0	46	21	25	3	1	2	0	1	4	2	0	1	2	3	0	1	1	0	0	2	1	2	3	2	2	0	3	1	0	1	0	2	2	1	1
chrX	49552838	49553165	328	5	0	328	178	150	12	12	11	11	9	17	17	9	17	5	13	6	8	6	8	16	17	9	6	8	10	11	1	15	15	3	1	13	11	14	2	13
chrX	49553166	49553181	16	5	0	16	7	9	0	0	0	0	0	6	1	0	0	0	0	0	0	0	0	0	5	0	0	0	0	0	0	0	2	0	0	0	0	0	0	0
chrX	49553182	49553351	170	5	0	170	99	71	12	4	8	8	5	7	3	9	10	3	10	2	5	1	7	5	9	0	0	5	3	1	0	10	5	4	1	6	7	9	3	6
chrX	49553352	49553500	149	5	0	149	92	57	12	7	10	5	9	7	5	5	8	2	1	4	5	5	2	4	12	3	0	5	4	1	0	6	4	2	0	4	6	5	0	4
chrX	49553501	49554809	1309	5	0	1309	813	496	102	43	46	84	41	32	49	48	58	24	33	35	74	39	36	69	45	32	15	44	42	26	11	43	28	16	6	36	55	48	6	41
chrX	49554810	49557782	2973	5	0	2973	1693	1280	220	93	89	136	91	117	129	111	113	58	116	75	113	69	58	104	133	72	35	97	93	78	39	102	98	73	27	70	124	89	26	123
chrX	49557783	49558169	387	5	0	387	227	160	17	9	12	16	11	15	12	28	10	11	8	13	16	13	10	25	17	10	7	14	14	11	3	5	17	7	2	10	19	6	4	13
chrX	49558170	49558198	29	5	0	29	20	9	2	0	2	3	2	0	0	2	1	1	1	2	2	0	1	1	1	0	0	0	0	0	0	1	0	0	0	0	2	0	0	3
chrX	49558199	49558763	565	5	0	565	351	214	44	23	30	29	27	18	22	23	29	12	11	14	25	17	12	14	33	9	8	20	9	8	1	14	21	3	4	18	27	12	3	23
chrX	49558764	49559505	742	5	0	742	387	355	64	20	27	25	30	28	28	21	28	15	26	18	15	11	10	20	25	19	10	20	32	27	20	23	26	32	16	18	24	24	8	30
chrX	49559506	49561268	1763	5	0	1763	859	904	87	42	54	50	45	72	84	53	67	49	76	42	34	25	32	47	57	56	27	48	72	93	35	83	47	64	31	55	78	70	27	59
chrX	49561269	49561331	63	5	0	63	13	50	0	0	3	0	0	2	4	0	3	0	1	0	0	0	0	0	0	2	0	0	3	9	6	6	2	10	5	1	1	1	1	1
chrX	49561332	49561343	12	5	0	12	2	10	0	0	0	0	0	0	0	0	0	0	1	0	0	0	0	0	0	0	0	0	0	3	0	1	0	1	2	1	0	0	1	0
chrX	49561344	49561622	279	5	0	279	121	158	9	7	8	6	9	23	9	5	11	5	16	3	1	2	6	0	8	10	4	15	13	13	7	10	13	9	13	7	11	11	6	7
chrX	49561623	49561635	13	5	0	13	7	6	0	1	0	0	0	0	2	0	1	0	0	0	1	1	0	0	0	0	0	2	1	1	0	0	0	0	0	0	0	1	0	0
chrX	49561636	49561877	242	5	0	242	111	131	12	2	9	4	6	14	17	3	3	7	13	6	6	4	2	2	11	3	6	7	9	5	3	11	12	12	8	14	8	9	3	9
chrX	49561878	49562051	174	5	0	174	99	75	11	7	5	7	8	5	4	5	7	3	6	6	5	4	5	10	5	3	4	6	7	2	2	5	3	6	5	4	7	5	5	5
chrX	49562052	49562335	284	5	0	284	175	109	29	9	9	18	9	8	7	17	15	4	10	9	12	5	6	6	14	2	5	5	6	3	3	9	8	6	2	8	13	10	4	11
chrX	49562345	49562731	387	5	0	387	205	182	17	14	13	10	10	28	19	8	17	7	16	6	10	7	7	16	23	11	11	11	12	13	1	18	16	3	2	13	13	16	4	13
chrX	49562737	49562842	106	5	0	106	60	46	7	3	4	5	3	8	2	5	7	2	5	0	1	1	4	2	11	0	0	2	2	0	0	8	2	3	1	2	3	7	1	3
chrX	49562843	49562882	40	5	0	40	22	18	3	0	3	1	1	1	1	1	0	0	1	1	3	1	3	1	0	1	0	1	1	1	0	2	2	1	1	4	1	1	0	1
chrX	49562883	49562965	83	5	0	83	49	34	2	3	3	5	5	4	2	4	4	2	4	2	2	2	0	3	6	3	0	2	4	1	0	3	1	1	0	0	4	3	2	4
chrX	49562966	49562999	34	5	0	34	20	14	1	2	2	0	2	2	1	2	2	1	0	1	0	1	1	1	5	1	0	0	1	0	0	2	0	0	0	0	1	2	0	1
chrX	49563000	49563064	65	5	0	65	43	22	10	2	7	2	3	1	3	1	3	0	1	1	5	3	0	0	3	0	0	3	0	0	0	2	3	1	0	4	3	1	0	1
chrX	49563065	49564438	1374	5	0	1374	849	525	103	45	45	86	41	47	50	51	58	24	35	36	77	40	36	75	60	32	17	46	43	26	14	42	30	17	6	37	56	49	7	41
chrX	49564439	49565293	855	5	0	855	482	373	75	20	33	37	30	28	37	24	35	20	40	23	25	18	15	20	27	17	10	32	27	20	11	32	31	24	9	14	35	29	8	47
chrX	49565294	49565338	45	5	0	45	29	16	5	3	1	3	2	1	2	0	3	0	1	0	2	1	1	2	3	2	0	0	1	1	0	3	1	0	0	1	0	2	0	2
chrX	49565339	49565432	94	5	0	94	65	29	5	3	3	9	1	1	2	4	4	1	3	2	10	2	2	12	3	1	2	1	1	1	1	2	1	0	0	5	3	4	1	2
chrX	49565433	49565449	17	5	0	17	14	3	2	0	1	2	0	0	0	1	2	0	0	0	1	1	0	3	0	0	0	0	0	0	0	0	0	0	0	0	1	0	0	1
chrX	49565450	49566000	551	5	0	551	280	271	28	15	10	25	14	20	31	17	18	13	23	11	19	12	8	15	22	19	6	12	22	15	14	27	18	25	9	16	20	19	9	17
chrX	49566001	49566565	565	5	0	565	338	227	44	24	22	24	19	15	26	21	24	11	21	19	27	14	11	16	21	15	6	22	11	12	5	15	15	9	5	15	34	8	4	28
chrX	49566566	49566637	72	5	0	72	43	29	4	1	4	5	3	5	1	0	6	0	4	2	1	3	3	1	4	0	3	2	1	1	1	1	0	0	0	2	3	3	0	6
chrX	49566638	49571649	5012	5	0	5012	2622	2390	305	133	164	176	160	211	214	183	181	116	185	122	132	92	96	151	194	129	71	157	189	203	83	183	176	163	89	148	209	163	61	171
chrX	49571650	49571817	168	5	0	168	110	58	22	6	4	13	3	4	3	10	11	2	6	7	8	1	5	4	5	1	5	2	3	0	0	6	5	1	1	3	7	7	4	7
chrX	49571818	49590276	18459	5	0	18459	10204	8255	1228	546	632	781	590	728	762	657	743	390	669	447	626	395	377	631	767	459	255	578	621	591	260	673	586	484	223	509	763	611	194	681
chrX	49590277	49590327	51	5	0	51	19	32	0	1	1	0	1	2	3	0	0	3	4	2	1	1	0	0	1	2	0	3	3	6	1	4	0	0	1	1	2	6	0	0
chrX	49590328	49590531	204	5	0	204	98	106	12	2	8	4	5	12	16	3	3	5	9	4	6	4	2	2	10	1	6	6	8	1	2	7	12	12	7	13	6	4	1	9
chrX	49590532	49590604	73	5	0	73	46	27	8	2	4	3	3	1	2	2	3	0	2	4	3	3	1	5	1	0	1	4	1	1	1	1	2	2	0	2	3	1	4	1
chrX	49590605	49590677	73	5	0	73	38	35	3	4	1	2	3	4	2	1	4	2	3	3	0	0	1	3	3	2	3	2	3	1	1	2	1	1	3	1	4	3	3	2
chrX	49590678	49590702	25	5	0	25	10	15	0	0	1	0	1	0	0	0	0	2	0	0	0	2	4	0	0	1	3	0	1	0	1	1	0	2	1	1	0	0	0	2
chrX	49590703	49595372	4670	5	0	4670	2722	1948	342	150	163	234	150	181	191	159	200	86	168	115	197	109	98	178	212	105	63	145	137	97	51	172	138	95	35	128	194	160	39	176
chrX	49595373	49595519	147	5	0	147	82	65	19	5	4	5	6	6	7	6	5	2	7	1	2	3	3	0	8	3	1	4	5	3	2	5	6	7	0	5	6	2	1	6
chrX	49595520	49595560	41	5	0	41	39	2	10	0	1	8	0	0	0	0	0	0	0	1	9	0	0	9	0	0	0	0	0	0	0	0	0	0	0	0	0	0	0	1
chrX	49595561	49595613	53	5	0	53	35	18	3	4	2	1	1	3	1	3	0	0	0	0	6	4	2	3	4	2	2	3	0	1	0	2	4	0	0	0	0	0	0	0
chrX	49595614	49595654	41	5	0	41	20	21	0	0	1	0	0	4	2	4	0	0	0	1	0	2	1	3	3	2	0	1	3	1	0	0	5	1	2	2	0	0	0	1
chrX	49595655	49596347	693	5	0	693	399	294	32	19	16	29	21	26	21	51	22	18	17	27	21	19	20	38	34	17	8	23	28	30	5	15	25	9	3	13	33	22	6	23
chrX	49596348	49596376	29	5	0	29	20	9	2	0	2	3	2	0	0	2	1	1	1	2	2	0	1	1	1	0	0	0	0	0	0	1	0	0	0	0	2	0	0	3
chrX	49596377	49596808	432	5	0	432	267	165	32	20	22	24	21	15	17	17	21	10	7	9	22	11	9	8	25	8	6	17	8	8	1	13	16	2	2	12	21	12	1	13
chrX	49596809	49630896	34088	5	0	34088	19246	14842	2475	999	1243	1506	1296	1187	1497	1181	1308	712	1226	905	1145	693	779	1092	1412	863	273	1043	1309	1013	280	1302	1052	902	258	984	1388	1126	221	1416
chrX	49630897	49688896	58000	6	0	58000	33264	24736	4034	1690	2301	2550	2332	1846	2624	2133	2085	1175	2005	1685	2124	1219	1415	2044	2423	1422	244	1841	2443	1669	244	2148	1814	1560	224	1754	2255	1853	240	2602
chrX	49688897	49842896	154000	7	0	154000	91062	62938	11214	4678	6172	7386	6109	4699	6377	5613	6113	3205	5397	4222	6013	3342	3976	6545	6531	3902	570	4921	5694	4105	561	5666	4210	3323	483	4034	6362	4696	578	7301
chrX	49842897	49882344	39448	8	0	39448	22842	16606	2747	1150	1535	1904	1531	1175	1598	1518	1581	759	1340	1079	1476	881	1031	1535	1596	949	177	1243	1581	1239	222	1492	1113	999	172	1064	1532	1347	175	1705
chrX	49882345	49891678	9334	8	0	9334	5526	3808	744	276	367	473	342	283	394	345	385	170	317	244	389	213	232	350	366	238	35	303	360	278	22	354	261	220	23	232	377	278	40	421
chrX	49891682	49893325	1644	8	0	1644	1013	631	132	41	71	84	52	42	64	41	72	25	52	57	72	53	58	95	51	43	3	64	52	49	5	64	28	19	3	44	69	59	5	73
chrX	49893327	49895329	2003	8	0	2003	1297	706	195	70	81	128	90	51	52	84	90	17	51	49	99	57	51	131	81	50	3	61	66	52	6	52	47	31	3	46	83	43	4	77
chrX	49895330	49895857	528	8	0	528	305	223	65	12	31	16	18	17	24	11	29	5	19	16	12	9	10	11	16	13	1	13	20	10	4	26	15	21	2	12	19	16	1	32
chrX	49895859	49912405	16547	8	0	16547	10209	6338	1428	475	673	912	645	463	563	704	686	282	513	503	729	380	448	803	690	331	59	520	568	410	53	537	430	300	42	414	687	527	44	726
chrX	49912407	49917840	5434	8	0	5434	3264	2170	456	160	224	256	205	157	214	203	233	91	206	164	203	128	146	217	192	122	19	203	213	100	20	191	148	116	13	139	226	186	24	257
chrX	49917841	49922824	4984	8	0	4984	2807	2177	357	157	168	237	197	156	205	148	170	86	185	121	196	124	130	168	181	126	35	181	196	155	63	170	145	148	59	156	185	155	41	181
chrX	49922826	49924145	1320	8	0	1320	654	666	85	48	69	28	48	35	49	21	52	32	48	23	45	19	35	16	37	27	18	51	44	59	40	46	36	49	43	60	36	54	21	44
chrX	49924146	49933171	9026	8	0	9026	5443	3583	731	294	353	459	348	245	351	327	339	141	290	233	420	245	238	427	358	200	38	329	326	251	47	299	255	196	35	246	332	276	36	359
chrX	49933177	49940279	7103	8	0	7103	4276	2827	493	225	305	369	283	201	262	300	295	143	190	201	321	187	212	288	295	189	30	241	273	182	15	258	203	140	16	155	276	217	21	315
chrX	49940284	49941944	1661	8	0	1661	959	702	109	41	70	68	54	47	83	61	72	35	63	43	53	46	49	64	52	51	7	59	74	33	7	57	49	42	2	55	69	45	4	95
chrX	49941951	49942145	195	8	0	195	106	89	12	6	4	12	7	14	11	5	7	2	7	3	6	3	1	4	11	6	0	8	11	13	0	5	8	7	0	1	7	3	0	9
chrX	49942184	49945441	3258	8	0	3258	2015	1243	251	115	128	177	155	78	98	166	132	55	73	112	133	87	92	162	145	78	12	100	127	77	10	95	94	50	11	71	131	104	12	125
chrX	49945443	49945634	192	8	0	192	106	86	35	3	6	4	3	6	10	3	4	3	9	5	5	3	4	2	2	4	2	7	10	3	1	5	7	6	7	10	3	5	6	7
chrX	49945643	49952499	6857	8	0	6857	4157	2700	524	200	270	362	267	169	246	287	245	124	216	188	320	201	198	339	272	185	25	213	260	179	26	246	170	150	20	180	267	196	19	291
chrX	49952500	49960520	8021	8	0	8021	4806	3215	581	259	319	386	296	223	325	295	307	153	269	232	362	211	249	337	350	168	31	297	289	196	30	275	189	178	27	224	311	248	36	366
chrX	49960522	49966611	6090	8	0	6090	3841	2249	507	180	301	328	223	138	214	252	293	106	169	210	293	153	174	298	242	130	13	192	190	108	13	197	129	93	12	152	266	177	18	317
chrX	49966621	49968247	1627	8	0	1627	976	651	120	56	51	86	85	52	47	92	67	30	44	50	42	35	39	78	83	39	7	45	69	47	5	45	51	27	10	32	73	53	6	59
chrX	49968248	49972112	3865	8	0	3865	2492	1373	373	132	157	236	163	84	137	146	170	48	80	105	191	110	120	239	139	98	13	124	136	58	9	106	118	60	10	98	136	93	8	166
chrX	49972115	49999281	27167	8	0	27167	16782	10385	2264	797	1210	1495	1042	789	936	1061	1076	459	844	690	1384	720	732	1282	1158	583	96	928	905	672	63	910	747	502	53	698	1018	793	72	1186
chrX	49999283	49999371	89	8	0	89	44	45	3	3	5	0	1	5	6	5	3	0	4	1	4	1	1	0	5	2	0	2	2	4	0	5	7	3	0	6	3	2	0	4
chrX	49999373	50002681	3309	8	0	3309	1906	1403	230	87	143	131	118	124	133	146	123	70	147	79	121	83	70	100	178	66	8	112	120	100	6	132	105	59	9	89	118	133	7	160
chrX	50002688	50002890	203	8	0	203	117	86	12	3	7	6	4	25	5	10	5	3	9	7	7	3	3	7	25	6	1	2	8	1	0	6	3	3	0	6	9	5	1	9
chrX	50002891	50003225	335	8	0	335	195	140	19	6	18	12	10	16	11	18	14	6	11	4	11	14	7	16	23	7	2	10	8	7	2	14	17	5	1	9	8	12	1	14
chrX	50003230	50007397	4168	8	0	4168	2295	1873	221	88	168	142	128	152	189	185	150	60	186	136	119	112	108	149	177	92	12	131	154	145	16	192	167	116	14	125	156	154	18	204
chrX	50007398	50017815	10418	8	0	10418	5848	4570	492	235	453	376	345	459	439	466	416	220	492	243	303	256	266	385	549	245	37	339	322	307	23	443	414	200	30	288	424	343	26	580
chrX	50017816	50056019	38204	8	0	38204	23767	14437	3122	1290	1594	2078	1613	986	1290	1596	1663	684	1069	1108	1686	1048	1118	1820	1722	852	156	1278	1271	770	123	1169	959	594	134	885	1533	1117	135	1739
chrX	50056024	50057375	1352	8	0	1352	776	576	74	41	55	59	51	45	65	49	65	28	43	33	39	29	38	61	57	27	2	57	58	49	2	46	44	22	4	38	51	56	2	60
chrX	50057378	50057403	26	8	0	26	14	12	0	0	0	0	0	0	2	0	0	1	2	3	0	1	2	3	0	0	0	2	2	0	0	1	0	0	0	0	0	3	0	2
chrX	50057404	50066163	8760	8	0	8760	5241	3519	699	284	344	428	364	218	338	336	371	171	261	292	320	193	265	356	345	192	46	283	320	203	46	282	246	162	62	236	345	294	50	406
chrX	50066165	50066254	90	8	0	90	64	26	34	1	6	3	4	2	3	1	4	2	2	0	0	0	0	0	3	0	0	2	4	1	0	0	2	3	0	3	1	1	0	6
chrX	50066256	50077621	11366	8	0	11366	6874	4492	890	359	536	550	464	326	418	436	482	208	350	290	499	312	311	442	487	288	44	386	375	267	40	417	322	217	18	299	459	327	32	513
chrX	50077622	50114183	36562	8	0	36562	21504	15058	2746	1106	1540	1689	1464	1126	1445	1378	1464	690	1270	932	1407	899	1033	1315	1507	930	147	1236	1409	940	129	1380	1023	830	108	1061	1473	1158	114	1611
chrX	50114185	50120034	5850	8	0	5850	3513	2337	426	190	241	302	252	156	221	223	204	109	193	154	277	176	168	221	254	131	21	225	206	153	22	205	177	122	14	145	214	181	17	248
chrX	50120036	50129027	8992	8	0	8992	5619	3373	792	267	394	510	395	261	308	334	382	147	247	297	395	231	249	409	377	188	38	303	296	180	18	272	247	148	21	212	378	250	33	411
chrX	50129032	50142177	13146	8	0	13146	7410	5736	853	369	536	537	504	383	608	461	496	271	532	343	442	291	362	421	482	330	42	460	546	363	56	565	405	382	52	409	522	455	62	604
chrX	50142180	50144913	2734	8	0	2734	1682	1052	112	69	103	140	83	115	96	110	89	44	86	89	140	53	80	273	134	50	7	90	100	53	7	95	67	57	8	74	102	94	6	106
chrX	50144915	50153851	8937	8	0	8937	5426	3511	788	277	313	497	357	244	360	312	331	142	281	232	401	213	241	435	353	214	40	269	332	224	33	310	237	226	34	253	351	235	37	363
chrX	50153852	50169229	15378	9	0	15378	8658	6720	1003	453	564	687	597	517	691	512	579	320	512	362	528	355	410	567	638	434	81	491	650	492	107	601	470	412	88	482	559	512	98	604
chrX	50169234	50180705	11472	9	0	11472	6555	4917	817	333	435	480	455	420	492	434	439	226	414	296	354	255	299	406	511	277	57	389	487	326	33	440	348	290	50	332	454	394	48	479
chrX	50180708	50187584	6877	9	0	6877	3971	2906	464	215	296	285	258	207	294	217	269	154	251	161	270	145	194	289	262	180	32	248	266	203	29	277	188	155	29	202	260	237	30	308
chrX	50187585	50191660	4076	9	0	4076	2333	1743	272	132	190	168	161	130	191	131	166	85	137	114	163	80	96	117	188	82	19	138	147	127	13	169	116	99	13	128	161	149	13	179
chrX	50191661	50191670	10	9	0	10	6	4	0	0	0	0	0	0	0	0	1	0	3	0	0	0	0	0	0	0	0	0	0	0	0	0	0	0	0	0	0	0	0	4
chrX	50191671	50209447	17777	9	0	17777	10407	7370	1187	487	718	829	691	558	705	727	677	380	651	502	666	428	444	756	779	403	84	587	648	501	75	620	499	401	87	475	755	540	78	837
chrX	50281174	50322055	40882	9	0	40882	24834	16048	3198	1306	1752	2071	1692	1098	1533	1548	1666	792	1236	1191	1771	1004	1160	1815	1672	978	168	1382	1523	894	131	1388	1100	763	120	1043	1576	1300	141	1868
chrX	50322057	50378147	56091	9	0	56091	32320	23771	3792	1652	2450	2407	2221	1688	2335	2003	2214	1114	1951	1427	2075	1366	1564	2059	2280	1489	187	1864	2282	1657	213	2296	1619	1356	154	1667	2066	1946	222	2473
chrX	50378149	50463374	85226	9	0	85226	50963	34263	6051	2510	3865	4158	3379	2442	3212	3280	3642	1650	2872	2319	3512	2074	2493	3503	3508	1895	311	2962	3050	2123	243	3078	2357	1722	215	2315	3398	2754	243	4088
chrX	50463375	50471310	7936	9	0	7936	4322	3614	659	196	348	336	254	219	322	229	350	141	330	189	276	115	135	222	256	195	54	167	281	378	114	334	241	227	116	240	246	306	64	394
chrX	50471311	50717499	246189	9	0	246189	148512	97677	18274	7332	10509	12737	9783	6864	9370	9390	10360	4483	8065	6817	10435	6008	7151	10934	10089	5628	832	8138	8782	6126	685	8782	6675	4899	604	6710	9861	7722	677	11465
chrX	50717500	50898499	181000	10	0	181000	108535	72465	13427	5333	7683	8946	7054	5129	6947	7025	7343	3311	5967	5031	7565	4371	5192	8210	7384	4101	606	6053	6674	4555	583	6422	4916	3985	515	5018	7182	5594	580	8296
chrX	50898500	50974499	76000	9	0	76000	46780	29220	6089	2356	3125	4097	3075	2053	2762	3032	3076	1311	2258	2172	3426	1999	2202	3745	3211	1623	294	2592	2663	1638	253	2411	2023	1539	223	1933	3025	2165	216	3411
chrX	50974500	51037287	62788	10	0	62788	36577	26211	4363	1887	2688	2922	2560	1785	2598	2400	2614	1312	2092	1700	2323	1343	1622	2368	2523	1552	262	1990	2455	1754	262	2421	1826	1447	204	1796	2539	2139	246	2793
chrX	51037442	51108898	71457	10	0	71457	42986	28471	5188	2043	2916	3809	2875	2121	2794	2886	2986	1408	2366	2064	2906	1665	1882	3075	3043	1622	252	2320	2596	1713	213	2474	1981	1386	160	1887	3056	2275	215	3278
chrX	51108899	51109727	829	10	0	829	526	303	78	22	53	51	33	13	25	23	49	13	28	25	43	14	18	37	17	14	4	26	21	20	2	33	20	18	0	12	36	24	2	53
chrX	51109737	51109862	126	10	0	126	78	48	7	6	8	3	4	3	5	7	4	2	7	2	8	3	0	7	8	2	0	4	4	0	0	5	3	2	0	5	4	5	0	6
chrX	51109864	51109885	22	10	0	22	16	6	1	0	0	2	1	1	0	1	1	0	0	0	1	1	1	5	1	1	0	0	1	1	0	0	0	0	0	0	0	0	0	1
chrX	51109887	51110788	902	10	0	902	614	288	95	28	39	69	34	20	25	40	39	10	25	32	62	19	24	51	34	13	3	27	21	9	1	17	27	5	2	22	37	21	2	47
chrX	51110794	51113585	2792	10	0	2792	1678	1114	224	100	109	139	141	67	86	132	126	55	78	83	83	65	74	114	121	67	21	78	117	74	11	83	72	53	14	61	116	91	10	125
chrX	51113590	51114782	1193	10	0	1193	720	473	87	45	47	60	60	43	49	33	46	31	43	32	45	25	31	41	60	33	10	41	43	17	2	37	33	12	1	32	49	37	5	61
chrX	51114803	51115224	422	10	0	422	271	151	45	13	20	28	23	9	13	6	26	7	11	16	12	6	20	16	15	9	2	9	10	6	1	11	9	2	3	12	17	11	2	30
chrX	51116016	51117120	1105	10	0	1105	694	411	106	44	53	55	63	18	28	56	54	16	23	38	35	30	36	37	52	23	5	28	38	20	3	32	25	18	4	31	51	32	0	49
chrX	51117122	51117271	150	10	0	150	87	63	11	6	2	7	6	9	7	8	5	2	6	7	4	2	2	2	8	5	0	6	10	1	0	4	4	3	0	1	7	6	0	7
chrX	51117273	51118571	1299	10	0	1299	848	451	137	49	41	82	57	41	31	66	54	25	17	35	60	36	46	69	75	24	7	45	44	26	3	26	33	11	6	20	43	38	6	44
chrX	51118581	51119111	531	10	0	531	293	238	39	16	20	18	18	17	20	21	19	14	21	17	18	11	13	10	28	15	4	10	17	29	4	23	14	9	1	12	17	20	5	29
chrX	51119121	51129034	9914	10	0	9914	5613	4301	665	292	393	443	360	295	430	379	423	192	344	283	345	180	212	377	384	237	42	295	392	366	102	352	281	270	64	272	407	339	36	460
chrX	51129036	51129049	14	10	0	14	12	2	4	0	1	1	0	0	0	1	1	0	0	0	1	1	0	0	0	0	0	1	0	0	0	0	0	0	0	0	1	0	0	0
chrX	51129051	51134412	5362	10	0	5362	3176	2186	373	155	209	278	228	152	242	217	246	97	161	189	167	115	140	206	220	114	16	169	203	131	12	195	178	103	7	144	238	194	17	244
chrX	51134414	51138762	4349	10	0	4349	2498	1851	213	131	149	208	161	130	191	219	183	87	141	135	144	110	119	176	187	123	14	134	223	116	9	160	114	107	5	112	177	163	12	194
chrX	51138764	51138786	23	10	0	23	12	11	0	0	1	1	1	0	0	2	1	1	0	2	0	1	0	1	0	1	0	1	4	0	0	0	0	0	0	0	0	4	0	0
chrX	51138788	51141191	2404	10	0	2404	1454	950	140	80	79	138	100	88	97	119	117	37	73	75	81	70	51	108	136	51	3	85	94	56	1	86	55	42	2	37	119	88	2	92
chrX	51141193	51152774	11582	10	0	11582	7345	4237	1117	379	507	666	532	272	395	440	519	223	339	336	502	268	317	531	494	230	35	383	365	194	31	322	293	178	25	270	487	310	37	583
chrX	51152776	51156720	3945	10	0	3945	2311	1634	237	131	164	186	156	139	170	168	168	87	130	102	156	86	90	140	195	88	19	141	155	110	6	137	110	74	2	110	173	136	11	166
chrX	51156721	51178143	21423	10	0	21423	11969	9454	1279	608	870	854	800	668	983	798	837	487	833	531	696	451	508	765	852	581	98	683	872	742	86	977	636	562	63	613	888	792	87	921
chrX	51178145	51178183	39	10	0	39	32	7	1	1	1	5	1	0	0	1	1	0	1	2	4	1	3	8	1	0	0	1	0	0	0	0	0	0	0	0	1	0	0	4
chrX	51178188	51178592	405	10	0	405	227	178	24	10	19	17	9	25	21	14	26	9	15	7	10	2	6	12	19	10	0	17	16	11	1	16	12	8	0	10	22	15	3	17
chrX	51178593	51187669	9077	10	0	9077	5383	3694	605	253	392	432	354	292	377	370	377	192	273	285	346	196	225	413	383	218	39	294	368	231	19	310	263	178	18	245	379	301	30	417
chrX	51187670	51237912	50243	9	0	50243	30618	19625	4023	1561	2034	2612	2035	1441	1798	2212	2098	886	1559	1393	2074	1237	1371	2283	2195	1155	159	1615	1929	1201	102	1658	1418	940	100	1216	1944	1594	125	2273
chrX	51237913	51238520	608	9	0	608	380	228	70	16	22	35	27	23	21	26	19	11	17	12	26	13	17	23	25	15	0	23	22	11	1	18	23	14	0	17	27	12	1	19
chrX	51238532	51241245	2714	9	0	2714	1809	905	289	101	102	183	136	64	68	121	129	45	69	83	120	56	79	163	121	55	5	85	83	26	6	65	62	28	2	40	123	70	5	128
chrX	51241247	51253725	12479	9	0	12479	7890	4589	1089	391	473	731	562	344	386	549	500	193	318	404	532	328	351	737	552	280	38	386	476	251	27	344	318	204	24	274	495	363	33	524
chrX	51253726	51253751	26	9	0	26	20	6	6	6	0	0	6	0	0	0	0	0	0	0	0	0	0	0	6	0	0	0	0	0	0	0	0	0	0	0	0	0	0	0
chrX	51253752	51274484	20733	9	0	20733	12998	7735	1789	678	835	1231	890	537	747	852	916	381	552	577	937	505	552	1018	902	439	86	674	721	396	54	593	575	330	57	482	828	599	61	937
chrX	51274491	51290449	15959	9	0	15959	9839	6120	1268	471	615	873	564	434	531	640	608	282	487	432	787	405	437	1003	641	349	73	530	524	448	117	487	375	343	65	359	630	436	49	694
chrX	51290450	51290492	43	9	0	43	25	18	2	1	1	2	2	4	1	1	1	0	0	0	1	2	2	3	3	0	2	2	0	0	1	0	5	1	1	1	1	0	0	1
chrX	51290493	51295219	4727	9	0	4727	2756	1971	306	150	182	211	169	155	195	230	211	87	149	132	163	119	133	163	241	102	19	149	171	128	18	188	140	103	10	121	197	171	11	201
chrX	51295224	51297170	1947	9	0	1947	1152	795	123	62	78	79	58	64	77	115	87	35	52	65	74	60	52	70	98	57	5	60	81	54	4	66	53	24	4	49	82	70	3	84
chrX	51297172	51429461	132290	9	0	132290	79528	52762	9885	4064	5306	6863	5322	3691	5083	5314	5478	2507	3903	3805	5432	3252	3682	5940	5631	3074	557	4252	5008	3285	558	4443	3528	2824	497	3411	5242	4111	472	5868
chrX	51429462	51429731	270	10	0	270	163	107	22	11	9	14	17	6	8	12	11	5	10	8	6	3	7	14	10	5	2	8	12	7	0	8	7	8	0	5	14	6	0	13
chrX	51429732	51429764	33	9	0	33	25	8	4	2	0	3	2	0	1	2	0	0	0	1	3	1	0	4	4	0	0	0	1	0	0	0	1	0	0	1	0	1	0	0
chrX	51429765	51429845	81	10	0	81	43	38	3	1	5	2	4	3	4	5	3	0	0	7	1	1	0	4	1	2	0	1	6	3	0	2	4	2	0	6	5	4	0	0
chrX	51429846	51429935	90	9	0	90	56	34	10	2	1	8	7	2	2	3	2	2	4	2	2	1	2	5	2	3	0	2	4	1	1	2	4	3	0	1	4	1	0	5
chrX	51429936	51430102	167	10	0	167	94	73	10	4	6	9	7	1	8	6	9	2	7	7	3	8	3	4	3	8	0	4	11	2	1	10	1	3	0	3	7	11	1	6
chrX	51430103	51434647	4545	9	0	4545	2610	1935	307	141	181	204	183	147	217	136	200	103	169	130	143	89	108	152	199	102	27	152	162	109	27	150	137	91	40	135	185	146	34	237
chrX	51434648	51500647	66000	10	0	66000	39348	26652	4973	2017	2820	3273	2565	1926	2471	2361	2657	1271	2059	1724	2888	1622	1872	2848	2693	1619	308	2216	2410	1710	331	2379	1784	1401	336	1753	2437	2100	301	2873
chrX	51500648	51630575	129928	9	0	129928	79171	50757	10281	4155	5278	7013	5399	3599	4903	5142	5580	2330	3908	3812	5466	3130	3514	5659	5507	2989	562	4156	4678	2807	482	4130	3619	2419	469	3309	5239	3882	501	6008
chrX	51630576	51640180	9605	9	0	9605	5958	3647	864	281	372	562	377	267	344	325	373	168	295	275	465	243	267	479	393	221	41	303	340	210	43	292	213	191	46	242	367	263	40	441
chrX	51640185	51657841	17657	9	0	17657	10702	6955	1386	565	666	925	748	499	669	724	746	323	510	557	663	461	486	772	798	406	79	565	652	394	72	543	464	324	91	431	726	537	80	793
chrX	51657843	51658507	665	9	0	665	398	267	34	22	23	38	24	24	23	24	26	12	26	16	33	18	24	30	32	15	5	23	19	12	2	32	17	13	1	15	27	25	2	26
chrX	51658509	51670149	11641	9	0	11641	7263	4378	1060	350	478	638	481	305	381	446	482	201	380	348	504	304	332	572	464	250	64	382	364	223	48	356	299	196	42	279	486	322	48	554
chrX	51670150	51685792	15643	9	0	15643	8404	7239	962	457	593	552	571	550	687	548	636	377	580	385	396	355	328	425	640	437	179	483	622	489	212	639	482	433	205	440	612	603	136	627
chrX	51685795	51691811	6017	9	0	6017	3542	2475	413	187	252	278	248	221	244	207	257	151	187	149	212	144	149	241	309	141	63	190	193	122	34	209	184	112	24	150	235	183	43	283
chrX	51691812	51691851	40	9	0	40	40	0	0	0	0	5	0	0	0	0	0	0	0	0	5	0	0	28	0	0	0	0	0	0	0	0	0	0	0	0	0	0	0	0
chrX	51691852	51691861	10	9	0	10	10	0	0	0	0	0	0	0	0	0	0	0	0	0	1	0	0	7	0	0	0	0	0	0	0	0	0	0	0	0	0	0	0	0
chrX	51691966	51692963	998	9	0	998	620	378	90	16	35	57	35	50	33	48	34	18	21	33	39	29	26	54	60	21	6	26	29	18	3	29	36	19	5	20	41	21	4	40
chrX	51692964	51696089	3126	9	0	3126	1733	1393	182	87	129	121	111	96	154	107	131	85	116	83	95	62	70	103	132	76	18	104	122	119	15	127	93	69	15	87	122	118	24	151
chrX	51696091	51700363	4273	9	0	4273	2425	1848	229	120	167	182	159	160	184	172	174	92	148	138	136	98	97	167	211	106	33	120	166	124	28	154	115	99	22	118	183	143	21	205
chrX	51700364	51700584	221	9	0	221	143	78	18	4	3	10	3	25	4	13	7	1	5	10	7	4	9	18	24	4	1	6	4	2	0	4	6	2	1	1	11	2	0	10
chrX	51700585	51701353	769	9	0	769	468	301	72	12	32	46	32	24	29	35	27	17	15	23	31	25	17	30	36	17	5	20	26	17	3	25	29	18	4	18	29	19	4	30
chrX	51701362	51701391	30	9	0	30	30	0	0	0	0	3	0	0	0	0	0	0	0	0	3	0	0	22	0	0	0	0	0	0	0	0	0	0	0	0	0	0	0	0
chrX	51701399	51701461	63	9	0	63	62	1	0	0	0	9	0	0	0	1	0	0	0	0	8	1	0	41	1	0	0	0	0	0	0	0	0	0	0	0	0	0	0	0
chrX	51701469	51701487	19	9	0	19	19	0	1	0	0	3	0	0	0	0	0	0	0	0	3	0	0	10	0	0	0	0	0	0	0	0	0	0	0	0	0	0	0	0
chrX	51701490	51701509	20	9	0	20	20	0	0	0	0	2	0	0	0	0	0	0	0	0	2	0	0	14	0	0	0	0	0	0	0	0	0	0	0	0	0	0	0	0
chrX	51701526	51702880	1355	9	0	1355	749	606	74	29	63	54	51	48	70	43	61	42	52	28	35	31	22	44	63	31	12	44	57	41	7	52	37	32	5	42	55	53	6	69
chrX	51702900	51703095	196	9	0	196	119	77	10	6	8	12	8	4	13	3	10	6	7	5	8	2	3	13	10	4	2	2	4	2	0	5	8	2	2	8	6	3	2	16
chrX	51703096	51704984	1889	9	0	1889	1146	743	143	58	76	100	75	65	69	56	79	44	53	54	80	48	60	84	91	39	19	67	48	30	13	62	56	38	12	38	70	46	22	92
chrX	51704985	51779403	74419	9	0	74419	43825	30594	5737	2314	2947	3645	2919	2308	2961	2666	2916	1470	2446	1954	3071	1772	1826	2873	3122	1852	474	2416	2769	1915	482	2654	2053	1711	415	1943	2909	2343	367	3167
chrX	51779404	51859403	80000	10	0	80000	49765	30235	7008	2462	3292	4491	3136	2204	2828	3008	3273	1394	2468	2218	3836	2117	2228	3801	3385	1722	351	2720	2636	1586	314	2503	1970	1479	272	1943	3185	2251	267	3650
chrX	51859404	52193536	334133	9	0	334133	199345	134788	25855	10195	13391	16844	13919	9842	12668	13206	14007	6311	10587	9633	12504	7741	8498	14143	14260	8003	1637	10189	12601	8676	1611	11152	9615	6757	1289	8459	13159	10604	1431	15344
chrX	52193537	52195808	2272	9	0	2272	1111	1161	99	54	91	62	76	112	116	70	92	58	93	43	39	26	36	43	95	74	23	59	96	107	29	123	95	87	22	64	88	86	22	90
chrX	52195809	52205425	9617	9	0	9617	5334	4283	658	302	408	346	362	325	382	350	426	191	410	258	268	183	185	278	401	219	111	270	340	347	68	408	301	212	68	253	377	385	69	454
chrX	52205426	52275959	70534	9	0	70534	43546	26988	5625	2194	2966	3905	2861	1975	2396	2843	3028	1361	1981	2088	3175	1772	1929	3446	3165	1534	349	2254	2383	1606	280	2197	1724	1201	254	1582	2803	2125	291	3239
chrX	52275966	52285208	9243	9	0	9243	5423	3820	548	283	381	457	387	275	401	328	315	212	277	244	419	231	259	405	407	227	31	335	380	221	38	332	280	224	31	265	324	299	38	387
chrX	52285209	52333067	47859	9	0	47859	28969	18890	3620	1481	1886	2459	1932	1403	1856	2046	1985	881	1408	1392	1909	1196	1336	2179	2085	1120	178	1577	1808	1076	147	1563	1433	887	96	1252	1911	1511	151	2093
chrX	52333070	52353454	20385	9	0	20385	11557	8828	1221	509	807	857	745	669	926	774	776	459	795	584	652	421	507	854	836	514	78	630	820	613	76	873	596	526	63	589	862	729	79	943
chrX	52353455	52364356	10902	9	0	10902	6872	4030	973	333	441	623	436	306	401	449	449	188	298	308	511	259	254	642	472	223	36	355	372	219	25	302	287	188	27	280	461	288	38	456
chrX	52364357	52429831	65475	10	0	65475	38646	26829	4546	1915	2606	3187	2521	2162	2673	2701	2698	1320	2063	1782	2490	1551	1655	2774	2953	1527	292	2177	2434	1696	238	2441	1905	1380	188	1735	2765	2206	248	2644
chrX	52429832	52430000	169	10	0	169	116	53	16	3	6	15	6	5	1	7	11	2	2	5	8	1	8	19	4	3	0	4	6	6	0	4	2	0	0	4	7	7	0	5
chrX	52430001	52452316	22316	10	0	22316	13555	8761	1745	663	901	1222	920	646	858	907	935	405	655	647	931	544	557	1018	989	472	88	709	762	498	78	785	643	446	64	584	938	707	104	893
chrX	52452317	52452376	60	10	0	60	29	31	1	3	1	0	2	0	4	2	1	1	4	1	1	1	5	1	2	1	0	1	1	3	0	4	3	1	0	6	2	3	0	3
chrX	52452377	52452447	71	10	0	71	33	38	1	1	1	2	2	3	4	6	2	2	5	1	0	1	1	0	4	2	0	1	6	3	0	3	2	2	0	4	3	4	0	3
chrX	52452448	52452760	313	10	0	313	164	149	12	4	9	13	13	15	15	18	8	9	12	7	5	8	7	8	13	14	2	7	18	10	0	13	15	6	0	13	15	12	0	10
chrX	52452761	52452805	45	10	0	45	25	20	4	2	1	1	1	2	3	3	3	1	1	1	0	1	0	1	4	1	0	1	1	1	0	2	1	1	0	0	2	2	0	2
chrX	52452806	52452861	56	10	0	56	31	25	2	1	4	0	2	3	5	1	2	2	0	3	1	1	0	2	3	1	1	2	1	0	0	1	5	0	1	2	3	1	0	4
chrX	52452862	52452919	58	10	0	58	40	18	5	1	2	4	4	1	1	3	1	0	0	3	2	4	2	5	4	0	0	2	2	1	0	1	0	3	0	1	3	0	0	1
chrX	52452920	52453033	114	10	0	114	75	39	13	5	1	8	8	2	2	8	5	2	3	2	2	0	3	9	5	3	0	1	4	4	0	2	7	0	0	1	4	3	0	5
chrX	52453034	52453418	385	10	0	385	260	125	33	16	12	24	12	15	11	20	13	5	4	11	27	13	15	29	24	3	5	16	12	3	0	2	8	7	1	9	14	4	0	15
chrX	52453419	52453603	185	10	0	185	99	86	11	5	8	3	5	11	12	10	7	6	7	2	3	3	1	3	10	6	1	8	6	5	0	6	10	3	0	9	13	3	1	5
chrX	52453604	52453732	129	10	0	129	86	43	10	2	4	11	5	5	5	6	5	4	0	4	8	4	3	9	9	1	0	5	3	2	0	2	2	1	1	3	7	3	1	2
chrX	52453733	52453806	74	10	0	74	52	22	6	3	5	6	5	0	1	2	4	1	1	1	5	4	3	3	1	1	0	6	2	0	0	2	2	0	0	0	3	3	0	2
chrX	52453807	52453897	91	10	0	91	59	32	5	2	2	8	2	1	4	5	1	1	1	3	9	5	2	8	3	2	1	3	5	2	0	2	1	1	1	3	3	2	0	1
chrX	52453898	52454024	127	10	0	127	81	46	13	2	5	9	4	6	4	9	6	2	1	2	6	5	1	6	9	4	0	1	4	2	0	5	5	1	0	2	4	4	0	3
chrX	52454025	52454656	632	10	0	632	360	272	47	17	21	25	25	28	24	33	21	14	20	20	17	14	9	24	36	19	1	16	33	19	4	22	19	13	1	13	23	27	2	23
chrX	52454657	52454807	151	10	0	151	79	72	0	4	7	7	7	4	7	9	6	1	8	6	5	2	1	4	4	3	0	5	6	7	0	8	7	5	0	6	10	6	0	4
chrX	52454808	52454861	54	10	0	54	26	28	0	2	2	0	1	1	3	1	3	0	6	3	0	1	1	2	0	1	1	1	1	0	1	3	2	1	1	2	3	3	0	6
chrX	52454862	52454999	138	10	0	138	86	52	3	3	8	15	9	4	3	3	9	2	1	7	8	1	2	7	3	3	0	4	5	8	0	5	2	1	0	1	9	6	0	4
chrX	52455000	52455026	27	10	0	27	20	7	4	0	1	3	1	0	1	1	3	0	0	2	0	0	0	2	0	0	0	0	1	0	0	1	0	0	0	0	2	2	0	1
chrX	52455027	52455114	88	10	0	88	55	33	8	4	3	6	3	4	4	5	6	1	1	1	4	1	1	2	5	0	0	5	2	1	0	3	7	1	0	0	3	4	0	1
chrX	52455115	52455201	87	10	0	87	44	43	2	3	4	2	3	1	1	5	5	1	5	3	1	2	5	0	2	2	0	2	4	8	0	4	1	0	0	5	3	6	0	5
chrX	52455202	52455362	161	10	0	161	74	87	1	1	6	3	4	7	9	8	5	3	11	3	1	5	2	4	4	7	0	6	7	10	0	12	6	7	0	5	11	6	0	5
chrX	52455363	52455444	82	10	0	82	42	40	3	3	3	1	3	7	6	2	3	4	2	1	1	2	1	0	6	4	1	5	2	2	1	3	2	0	0	2	8	1	0	1
chrX	52455445	52455535	91	10	0	91	44	47	1	1	4	1	1	1	6	4	5	3	6	2	0	2	3	3	3	1	0	3	3	5	0	3	2	0	1	9	4	6	1	5
chrX	52455536	52456470	935	10	0	935	530	405	70	25	36	37	37	34	51	26	35	20	40	25	27	22	22	21	44	15	1	41	36	25	1	42	27	23	2	28	41	41	0	38
chrX	52456471	52461434	4964	10	0	4964	2967	1997	405	134	178	269	159	151	223	193	213	101	163	147	208	121	102	199	206	110	27	164	158	113	37	183	138	109	15	112	224	160	33	207
chrX	52461435	52471329	9895	10	0	9895	5821	4074	669	286	383	476	380	326	400	452	401	211	305	280	365	239	255	391	469	224	46	323	355	249	42	355	313	213	34	254	421	315	50	411
chrX	52471330	52471444	115	10	0	115	66	49	6	3	8	8	7	4	6	2	6	3	3	2	6	0	0	2	2	2	0	6	4	1	0	6	4	5	0	3	8	4	0	2
chrX	52471445	52471598	154	10	0	154	84	70	5	5	8	5	8	4	9	4	8	5	6	3	2	4	2	4	9	1	0	8	4	3	2	7	6	2	0	6	7	10	0	5
chrX	52471599	52471718	120	10	0	120	57	63	2	3	2	2	3	3	7	5	3	4	9	2	1	2	6	1	6	4	0	2	7	6	0	6	2	2	0	10	5	7	0	6
chrX	52471719	52471765	47	10	0	47	24	23	2	1	1	2	1	2	1	3	2	1	0	3	1	1	2	0	1	2	1	1	5	3	0	1	2	0	0	0	0	3	1	2
chrX	52471766	52471832	67	10	0	67	34	33	3	2	2	1	2	2	7	0	2	3	2	1	1	4	1	0	4	3	0	4	3	3	0	1	2	1	0	3	3	1	0	4
chrX	52471833	52472356	524	10	0	524	314	210	41	13	20	29	24	18	19	30	17	12	15	11	20	11	11	22	26	13	2	13	18	11	1	18	25	11	1	15	22	13	1	19
chrX	52472357	52472724	368	10	0	368	244	124	31	16	7	18	9	14	12	25	9	7	3	10	23	14	14	31	28	4	5	14	9	4	0	6	12	6	1	5	12	5	2	10
chrX	52472807	52473455	649	10	0	649	370	279	42	21	22	26	22	21	30	24	22	17	25	17	26	14	15	25	35	16	2	20	14	17	11	23	20	19	4	17	28	13	7	32
chrX	52489201	52490465	1265	9	0	1265	818	447	141	40	45	81	63	33	44	41	60	26	36	45	42	30	31	59	65	22	10	32	32	25	5	24	29	8	2	25	55	31	7	74
chrX	52490467	52492184	1718	9	0	1718	1082	636	180	55	72	93	75	50	57	58	82	22	57	58	62	37	44	79	70	32	6	56	47	31	11	47	51	29	4	32	72	44	9	94
chrX	52492185	52492379	195	9	0	195	117	78	18	10	15	7	8	2	8	4	19	1	5	6	5	2	4	3	7	0	2	5	3	4	0	11	1	5	1	7	11	9	1	9
chrX	52492380	52495298	2919	9	0	2919	1674	1245	226	85	109	118	93	87	130	119	107	70	107	70	111	72	62	107	120	70	29	95	116	91	12	119	81	68	16	73	112	109	13	120
chrX	52495300	52501148	5849	9	0	5849	3338	2511	388	178	239	252	211	198	231	232	241	126	193	146	216	143	133	210	254	141	53	197	208	161	61	191	183	129	56	170	226	190	52	238
chrX	52501151	52501394	244	9	0	244	138	106	20	5	4	13	11	10	10	7	6	4	7	4	4	8	12	12	11	8	0	8	9	15	0	9	8	5	0	11	10	6	0	5
chrX	52501395	52502060	666	9	0	666	378	288	50	16	34	24	22	16	22	30	31	12	16	17	21	20	28	19	25	16	4	18	22	21	5	35	19	20	4	21	24	25	1	26
chrX	52502061	52510257	8197	9	0	8197	4631	3566	463	245	317	373	320	295	367	345	375	159	278	221	240	191	206	235	356	220	49	265	319	224	45	324	279	189	31	231	373	279	33	348
chrX	52510266	52511000	735	9	0	735	452	283	81	17	34	40	23	21	25	26	40	8	27	19	29	19	15	27	27	14	2	22	18	15	8	28	20	15	3	16	30	24	5	35
chrX	52511001	52511492	492	9	0	492	255	237	22	12	25	10	16	12	18	23	22	12	15	12	10	11	22	11	16	15	4	12	19	21	5	28	16	17	4	19	18	20	1	22
chrX	52511493	52511502	10	9	0	10	0	10	0	0	0	0	0	0	0	0	0	0	0	0	0	0	0	0	0	0	0	0	0	8	0	0	0	0	0	0	0	0	0	0
chrX	52511504	52511738	235	9	0	235	138	97	20	5	4	13	11	10	10	7	6	4	6	4	4	8	12	12	11	8	0	8	9	8	0	9	8	5	0	11	10	5	0	5
chrX	52511739	52517482	5744	9	0	5744	3297	2447	390	176	236	250	207	192	225	233	239	124	182	144	215	142	133	207	253	138	52	191	205	158	55	186	178	123	53	166	221	185	50	233
chrX	52517483	52520509	3027	10	0	3027	1716	1311	227	87	111	120	96	93	137	119	110	72	118	72	112	73	62	107	122	73	30	100	119	94	18	125	86	74	19	77	118	115	15	124
chrX	52520510	52520537	28	10	0	28	14	14	0	0	7	0	0	0	0	0	7	0	0	0	0	0	0	0	0	0	0	0	0	0	0	6	0	0	0	0	0	6	0	0
chrX	52520538	52520704	167	10	0	167	103	64	18	10	8	7	8	2	8	4	12	1	4	6	5	2	4	3	7	0	2	5	3	4	0	5	1	5	1	7	11	3	1	8
chrX	52520705	52522441	1737	10	0	1737	1101	636	197	55	72	93	75	50	57	58	82	22	57	58	64	37	44	79	70	32	6	56	47	31	11	47	51	29	4	32	72	44	9	94
chrX	52522443	52524490	2048	10	0	2048	1257	791	165	67	71	113	94	63	74	80	95	37	69	72	62	51	52	91	100	38	16	65	73	47	10	40	49	26	4	49	89	60	12	112
chrX	52524491	52525510	1020	9	0	1020	521	499	55	25	39	29	29	46	55	37	38	27	39	28	26	17	15	16	40	34	14	27	48	40	14	43	29	29	6	42	49	42	4	36
chrX	52525511	52525524	14	9	0	14	14	0	12	0	0	0	0	0	0	0	0	0	0	0	0	0	0	0	0	0	0	0	0	0	0	0	0	0	0	0	0	0	0	0
chrX	52525525	52539287	13763	9	0	13763	7078	6685	707	339	480	422	448	557	755	556	500	357	549	344	293	214	244	312	609	344	117	397	645	594	97	641	511	468	68	443	551	571	82	546
chrX	52539289	52539432	144	9	0	144	102	42	13	5	8	12	8	3	2	6	8	0	2	4	10	6	6	8	4	1	0	9	1	0	0	3	5	0	0	5	9	3	0	1
chrX	52539433	52539597	165	8	0	165	101	64	10	6	3	8	3	8	9	12	5	4	1	9	8	3	4	7	10	5	0	6	5	6	0	4	6	0	0	2	11	4	0	4
chrX	52539598	52539679	82	9	0	82	54	28	5	4	3	5	3	3	5	3	4	2	2	1	4	2	3	3	6	0	0	5	0	0	0	0	3	0	0	5	6	0	0	3
chrX	52539680	52540489	810	8	0	810	496	314	64	23	27	42	34	30	25	41	26	21	19	23	32	18	20	50	43	15	12	22	28	13	5	20	29	17	3	17	31	21	5	32
chrX	52540490	52540556	67	9	0	67	34	33	3	2	2	1	2	2	7	0	2	3	2	1	1	4	1	0	4	3	0	4	3	3	0	1	2	1	0	3	3	1	0	4
chrX	52540557	52540603	47	8	0	47	25	22	2	1	0	2	1	2	1	5	2	1	0	3	0	0	2	2	2	3	0	0	5	2	0	1	1	0	1	0	1	3	0	2
chrX	52540604	52540723	120	9	0	120	57	63	2	3	2	2	3	3	7	5	3	4	9	2	1	2	6	1	6	4	0	2	7	6	0	6	2	2	0	10	5	7	0	6
chrX	52540724	52540877	154	8	0	154	81	73	4	5	10	4	9	4	9	3	7	6	5	3	3	2	1	6	8	2	0	7	4	3	2	8	8	3	1	4	5	10	0	6
chrX	52540878	52540992	115	9	0	115	66	49	6	3	8	8	7	4	6	2	6	3	3	2	6	0	0	2	2	2	0	6	4	1	0	6	4	5	0	3	8	4	0	2
chrX	52540993	52543030	2038	8	0	2038	1213	825	139	54	83	101	73	66	98	73	78	52	66	61	87	48	42	91	69	41	23	86	73	40	7	62	70	44	5	47	98	57	7	95
chrX	52543031	52580829	37799	8	0	37799	21415	16384	2274	1058	1551	1588	1437	1169	1675	1490	1500	882	1314	1013	1259	853	896	1454	1582	900	242	1238	1413	1114	246	1512	1211	947	182	1088	1565	1324	222	1598
chrX	52580830	52596449	15620	8	0	15620	9077	6543	974	446	629	738	592	516	644	690	647	297	493	446	574	381	383	626	689	378	76	497	579	425	72	603	522	377	45	396	652	499	79	653
chrX	52596450	52677210	80761	7	0	80761	45296	35465	5287	2260	3000	3337	2867	2845	3647	2849	3099	1642	3148	2341	2631	1736	1995	2610	3279	2002	558	2644	3309	2455	527	3095	2326	2177	460	2403	3294	2752	535	3649
chrX	52677211	52677235	25	7	0	25	20	5	8	0	5	0	0	0	0	0	5	0	0	0	0	0	0	0	0	0	0	0	0	0	0	0	0	0	0	0	0	0	0	5
chrX	52677236	52712302	35067	7	0	35067	19145	15922	2338	1015	1235	1333	1272	1235	1580	1161	1276	734	1417	1000	1036	718	829	964	1412	943	286	1061	1484	1149	333	1425	1034	1054	289	1025	1318	1245	314	1550
chrX	52712304	52725295	12992	7	0	12992	7597	5395	1167	381	445	614	493	420	540	373	426	247	501	327	522	325	290	524	508	326	117	422	505	280	108	462	338	371	105	352	475	378	108	540
chrX	52725358	52729003	3646	7	0	3646	2094	1552	278	117	126	139	145	120	157	136	149	73	112	98	88	94	98	163	173	85	33	113	155	97	28	124	98	100	14	99	132	122	21	157
chrX	52729004	52729144	141	7	0	141	79	62	4	5	3	5	4	6	3	13	1	1	4	2	8	8	3	8	13	4	0	3	3	10	0	6	8	2	2	2	2	4	0	2
chrX	52729145	52729383	239	7	0	239	141	98	21	5	7	13	9	5	12	4	7	9	13	7	8	6	6	8	10	5	2	8	8	5	1	8	2	4	3	5	10	8	2	16
chrX	52729423	52729453	31	7	0	31	13	18	0	0	0	1	0	2	1	3	1	1	0	1	0	1	0	1	2	2	0	1	2	4	2	0	1	0	0	0	1	2	0	0
chrX	52729456	52741834	12379	7	0	12379	7294	5085	1046	382	426	566	477	395	505	404	419	243	436	313	477	339	287	577	534	308	119	398	483	271	95	421	308	329	78	329	456	362	88	506
chrX	52741843	52747444	5602	7	0	5602	3184	2418	485	152	178	253	216	199	247	158	195	100	227	145	172	136	136	184	223	133	43	188	224	132	53	200	167	172	50	165	207	172	53	235
chrX	52747454	52747493	40	7	0	40	17	23	1	1	2	1	1	4	2	0	1	0	0	1	1	1	0	0	1	2	1	2	2	2	2	0	3	2	1	2	1	1	0	0
chrX	52747495	52747506	12	7	0	12	7	5	0	1	0	0	0	0	1	1	1	1	1	0	0	0	0	0	2	0	0	0	0	0	0	0	0	0	0	0	0	0	0	2
chrX	52747508	52761342	13835	7	0	13835	7590	6245	928	384	534	522	463	459	609	483	548	273	538	400	430	292	323	403	521	354	119	414	563	451	141	540	387	418	135	442	543	473	135	608
chrX	52761343	52763630	2288	7	0	2288	1153	1135	94	61	74	62	81	112	117	76	73	67	108	56	42	39	43	46	127	63	30	60	110	99	16	110	80	57	12	67	69	116	14	105
chrX	52763635	52764606	972	7	0	972	530	442	64	38	24	31	38	40	45	46	30	17	32	33	26	18	20	26	54	21	11	27	46	34	5	38	30	31	6	27	39	37	6	30
chrX	52764615	52766102	1488	7	0	1488	756	732	79	34	36	54	50	61	86	28	40	31	75	45	34	39	32	31	52	43	13	57	67	53	25	60	50	64	18	38	56	46	14	75
chrX	52766106	52767881	1776	7	0	1776	1035	741	148	56	75	90	78	46	70	60	69	30	55	53	73	35	47	49	74	37	7	48	69	48	9	73	47	56	10	55	64	58	14	71
chrX	52767882	52770434	2553	7	0	2553	1503	1050	202	91	99	133	112	63	106	82	94	60	77	82	118	40	57	85	95	66	18	75	101	71	15	90	57	69	16	64	111	71	21	110
chrX	52770436	52771442	1007	7	0	1007	515	492	74	22	40	28	27	31	44	38	46	14	50	23	17	22	16	23	21	30	8	30	53	52	10	54	34	34	9	23	32	53	5	42
chrX	52771443	52773219	1777	7	0	1777	973	804	166	53	51	62	69	55	87	47	49	39	81	46	50	33	50	33	62	61	6	51	82	45	22	70	50	67	14	59	64	46	16	89
chrX	52773224	52773603	380	7	0	380	232	148	41	18	14	14	19	6	15	15	8	12	15	9	18	6	10	10	19	12	2	9	12	8	0	17	10	7	0	7	14	10	0	21
chrX	52773613	52777635	4023	7	0	4023	2204	1819	281	113	141	169	166	134	169	109	141	83	168	117	116	78	111	107	144	109	32	124	172	111	42	169	118	130	35	123	143	144	49	173
chrX	52777636	52780162	2527	7	0	2527	1334	1193	125	71	78	79	85	99	122	85	93	63	120	72	50	44	62	84	111	71	19	76	115	107	15	119	85	58	16	53	80	120	14	134
chrX	52780169	52781215	1047	7	0	1047	526	521	48	31	31	22	24	67	49	37	43	21	44	27	18	23	21	18	53	40	15	34	39	37	17	47	43	28	9	24	43	35	17	40
chrX	52781293	52782037	745	7	0	745	425	320	55	21	31	30	25	29	28	28	31	8	30	29	27	12	12	27	24	21	6	19	32	27	3	28	21	16	5	20	33	26	4	35
chrX	52782039	52783583	1545	7	0	1545	916	629	100	48	78	72	67	64	56	54	69	25	42	42	63	39	48	48	71	37	16	52	48	23	5	54	55	28	6	55	67	41	7	63
chrX	52783588	52787287	3700	7	0	3700	2137	1563	257	108	145	181	126	121	156	138	172	69	127	103	136	78	95	124	153	78	33	111	145	99	22	128	96	93	28	105	147	124	21	179
chrX	52787288	52788203	916	7	0	916	535	381	87	25	26	43	31	33	40	29	29	19	39	18	32	23	25	34	39	28	4	29	37	23	5	39	22	24	1	25	35	29	4	37
chrX	52788217	52789663	1447	7	0	1447	737	710	55	49	59	30	38	51	88	35	56	26	56	39	44	34	36	40	47	51	11	51	81	55	8	80	34	58	7	49	50	60	8	59
chrX	52789665	52789708	44	7	0	44	21	23	1	0	5	0	1	1	1	0	3	0	4	1	1	2	0	1	0	0	1	2	0	2	1	3	1	2	0	1	1	2	1	4
chrX	52789710	52792397	2688	7	0	2688	1391	1297	106	78	92	74	92	139	129	104	102	72	116	70	50	50	54	62	157	78	31	74	119	104	15	126	90	65	14	63	97	117	18	128
chrX	52792403	52792446	44	7	0	44	33	11	10	8	3	0	7	0	0	0	3	0	0	0	0	0	0	0	8	0	0	0	0	0	0	0	0	0	0	0	0	0	0	3
chrX	52792448	52798786	6339	7	0	6339	3509	2830	376	168	253	249	244	212	286	208	247	126	246	211	180	137	153	212	246	166	33	198	269	211	36	281	180	174	36	169	255	246	39	290
chrX	52798788	52798832	45	7	0	45	21	24	0	1	2	0	2	2	3	1	0	2	1	5	1	0	1	0	1	3	1	0	3	0	0	2	1	2	0	1	3	1	0	4
chrX	52798834	52799014	181	7	0	181	80	101	8	4	2	5	6	7	11	4	3	3	12	2	2	2	5	3	3	4	2	7	10	9	5	7	12	13	2	7	4	5	1	9
chrX	52799016	52800069	1054	8	0	1054	681	373	83	30	50	67	34	28	38	50	51	24	25	26	61	27	29	57	48	18	5	38	21	14	1	37	29	13	1	21	51	28	1	46
chrX	52800073	52800267	195	8	0	195	94	101	7	4	3	6	5	11	11	4	6	3	12	6	2	4	5	4	8	6	1	7	11	6	4	10	4	9	1	6	8	10	2	7
chrX	52800269	52800331	63	8	0	63	26	37	0	1	1	0	1	5	6	0	1	3	3	2	0	1	1	0	2	3	0	5	3	4	2	1	2	2	1	1	4	1	1	4
chrX	52800333	52800828	496	8	0	496	334	162	54	14	18	39	22	10	18	21	27	5	14	20	22	15	9	24	21	9	2	12	10	1	4	7	13	2	0	15	27	10	4	25
chrX	52800847	52802643	1797	8	0	1797	1085	712	150	49	67	101	57	41	84	63	80	42	52	56	80	47	38	77	66	39	9	65	59	47	14	62	41	37	5	37	79	59	16	76
chrX	52802644	52803350	707	8	0	707	341	366	42	16	16	18	22	35	40	24	18	16	36	12	11	10	13	10	30	20	6	21	35	32	10	36	35	34	5	20	22	27	5	28
chrX	52803351	52803361	11	7	0	11	10	1	1	0	0	3	0	0	0	0	0	0	0	0	2	1	0	1	1	0	0	0	0	0	0	0	0	0	0	0	0	0	0	0
chrX	52803362	52803463	102	8	0	102	58	44	7	2	2	5	4	4	4	7	1	1	4	3	4	1	1	6	4	1	0	3	3	3	1	4	6	5	1	4	6	2	0	1
chrX	52803464	52803476	13	7	0	13	10	3	2	0	0	0	0	0	0	2	0	0	0	0	1	1	0	2	1	0	0	0	0	0	0	0	1	0	0	1	0	0	0	0
chrX	52803477	52804000	524	8	0	524	327	197	57	17	22	26	14	18	20	24	28	8	16	19	23	13	5	17	26	13	2	14	17	8	1	23	7	6	0	7	26	23	3	19
chrX	52804001	52804946	946	7	0	946	530	416	68	24	33	36	34	33	53	28	32	22	45	26	29	25	22	18	48	17	2	37	33	20	4	46	27	25	3	29	40	41	3	41
chrX	52804947	52805037	91	8	0	91	44	47	1	1	4	1	1	1	6	4	5	3	6	2	0	2	3	3	3	1	0	3	3	5	0	3	2	0	1	9	4	6	1	5
chrX	52805038	52805119	82	7	0	82	45	37	4	2	2	2	3	7	6	1	3	4	2	1	1	2	1	2	5	4	1	5	2	1	1	3	2	0	0	2	8	2	0	1
chrX	52805120	52805280	161	8	0	161	74	87	1	1	6	3	4	7	9	8	5	3	11	3	1	5	2	4	4	7	0	6	7	10	0	12	6	7	0	5	11	6	0	5
chrX	52805281	52805367	87	7	0	87	43	44	2	1	4	2	2	1	1	5	5	2	5	3	0	2	5	1	2	1	1	2	3	8	1	3	2	0	0	6	3	6	2	4
chrX	52805368	52805455	88	8	0	88	55	33	8	4	3	6	3	4	4	5	6	1	1	1	4	1	1	2	5	0	0	5	2	1	0	3	7	1	0	0	3	4	0	1
chrX	52805456	52805475	20	7	0	20	14	6	2	1	0	2	0	0	1	1	3	0	0	0	0	0	1	1	0	1	0	0	1	0	0	1	0	0	0	0	1	1	0	1
chrX	52805483	52805620	138	8	0	138	86	52	3	3	8	15	9	4	3	3	9	2	1	7	8	1	2	7	3	3	0	4	5	8	0	5	2	1	0	1	9	6	0	4
chrX	52805621	52805674	54	6	0	54	28	26	0	2	1	0	1	1	4	1	2	0	7	3	0	0	1	3	1	1	0	1	1	1	0	3	3	0	0	3	3	3	0	6
chrX	52805675	52805825	151	8	0	151	79	72	0	4	7	7	7	4	7	9	6	1	8	6	5	2	1	4	4	3	0	5	6	7	0	8	7	5	0	6	10	6	0	4
chrX	52805826	52806461	636	6	0	636	359	277	46	16	20	30	26	31	24	31	21	15	20	20	19	11	10	18	35	19	5	14	32	16	5	20	22	14	3	15	23	25	3	25
chrX	52806462	52806588	127	8	0	127	82	45	13	2	6	9	4	6	3	9	6	2	0	2	7	5	2	6	9	4	0	1	4	2	0	5	5	1	0	2	3	4	0	3
chrX	52806589	52806679	91	6	0	91	59	32	4	1	2	8	2	1	4	9	2	1	1	4	7	2	2	7	2	1	0	2	3	2	0	2	4	2	0	4	7	2	0	1
chrX	52806680	52806753	74	8	0	74	52	22	6	3	5	6	5	0	1	2	4	1	1	1	5	4	3	3	1	1	0	6	2	0	0	2	2	0	0	0	3	3	0	2
chrX	52806754	52806881	128	6	0	128	86	42	10	1	4	12	6	5	4	6	3	4	1	6	8	5	1	10	8	2	0	5	5	4	0	2	0	0	0	0	8	4	0	2
chrX	52806882	52807066	185	8	0	185	99	86	11	5	8	3	5	11	12	10	7	6	7	2	3	3	1	3	10	6	1	8	6	5	0	6	10	3	0	9	13	3	1	5
chrX	52807067	52807447	381	6	0	381	261	120	29	15	9	24	9	13	13	23	15	4	7	14	24	14	14	32	24	2	5	15	10	0	0	2	5	6	1	10	19	4	0	17
chrX	52807448	52807561	114	8	0	114	76	38	13	5	1	8	8	2	2	7	5	2	3	2	2	1	3	10	6	3	0	1	4	4	0	2	5	0	0	1	4	3	0	5
chrX	52807562	52807619	58	6	0	58	38	20	5	0	2	4	4	1	1	4	1	1	0	3	1	4	2	5	3	0	0	2	2	1	0	1	0	3	0	1	4	0	0	1
chrX	52807620	52807675	56	8	0	56	31	25	2	1	4	0	2	3	5	1	2	2	0	3	1	1	0	2	3	1	1	2	1	0	0	1	5	0	1	2	3	1	0	4
chrX	52807676	52807720	45	6	0	45	25	20	3	2	3	0	1	3	2	2	4	1	1	0	0	2	0	0	4	0	0	4	1	1	0	2	1	1	0	0	2	2	0	1
chrX	52807721	52807826	106	8	0	106	52	54	1	0	4	4	5	4	5	11	3	4	4	2	0	0	1	3	6	2	0	0	3	4	0	6	10	2	0	6	6	6	0	2
chrX	52807827	52807849	23	6	0	23	14	9	2	0	0	1	0	1	0	3	1	0	1	0	1	0	1	2	0	1	0	0	2	1	0	0	1	0	0	1	1	1	0	0
chrX	52807850	52807919	70	8	0	70	39	31	4	1	2	5	5	3	2	1	1	0	4	1	2	4	3	1	1	4	0	3	5	1	0	2	2	2	0	3	3	1	0	2
chrX	52807920	52807932	13	6	0	13	5	8	0	0	0	0	0	2	1	0	0	1	1	0	0	0	0	0	1	0	2	0	0	0	0	0	0	0	0	1	2	0	0	0
chrX	52807933	52808034	102	8	0	102	53	49	5	3	2	3	3	4	7	3	4	3	2	4	1	4	3	2	4	6	0	3	8	5	0	2	2	1	0	3	3	4	0	6
chrX	52808035	52808105	71	6	0	71	31	40	1	1	1	2	2	4	3	4	2	2	4	1	0	2	1	1	5	3	0	0	5	4	2	3	1	2	0	4	2	5	0	2
chrX	52808106	52808165	60	8	0	60	29	31	1	3	1	0	2	0	4	2	1	1	4	1	1	1	5	1	2	1	0	1	1	3	0	4	3	1	0	6	2	3	0	3
chrX	52808166	52810905	2740	6	0	2740	1613	1127	188	76	116	126	104	79	131	111	113	73	88	74	102	49	64	117	101	52	14	110	99	51	11	90	97	61	13	79	128	87	14	120
chrX	52810907	52810918	12	6	0	12	3	9	0	0	1	0	0	1	0	0	1	0	0	0	0	0	0	0	0	0	1	0	1	1	1	0	0	1	0	1	0	1	0	0
chrX	52810920	52821109	10190	6	0	10190	5884	4306	666	291	391	487	392	325	400	433	415	229	321	291	363	233	251	395	424	249	74	331	370	276	71	390	315	237	58	254	440	345	83	388
chrX	52821110	52822820	1711	6	0	1711	1092	619	174	69	70	85	61	59	51	63	80	32	32	36	83	43	62	92	85	37	19	62	42	26	5	58	45	21	10	28	61	47	4	67
chrX	52822821	52826940	4120	6	0	4120	2454	1666	329	113	157	236	146	118	163	160	173	85	110	117	188	110	91	157	182	91	23	129	126	130	47	130	104	100	31	87	175	112	23	175
chrX	52826942	52828615	1674	6	0	1674	724	950	54	29	48	29	35	65	88	42	48	36	108	42	23	20	22	35	39	39	24	47	76	87	58	82	66	99	43	54	49	79	23	83
chrX	52828616	52841604	12989	6	0	12989	7483	5506	920	387	469	609	542	422	547	559	474	256	427	362	449	270	283	506	563	309	71	392	554	399	58	464	441	321	55	359	512	445	50	512
chrX	52841646	52850283	8638	6	0	8638	5211	3427	702	298	370	424	386	236	325	351	378	164	250	265	328	183	223	326	395	207	43	236	300	210	28	289	266	139	22	235	337	271	39	410
chrX	52850285	52853241	2957	6	0	2957	1579	1378	147	80	119	90	113	103	148	115	105	85	123	80	70	72	73	55	139	77	20	104	121	108	14	138	101	67	8	88	118	129	12	133
chrX	52853250	52866550	13301	6	0	13301	8197	5104	1045	434	551	709	533	374	467	609	586	242	354	378	575	342	355	642	632	286	44	430	450	298	37	440	346	222	32	326	556	418	55	531
chrX	52866551	52868546	1996	6	0	1996	1001	995	91	56	76	57	66	91	85	59	78	57	88	34	45	30	35	52	89	55	18	71	88	88	32	94	53	71	31	47	72	88	25	72
chrX	52868548	52868563	16	6	0	16	9	7	0	0	2	0	0	1	1	1	2	1	0	0	0	0	0	0	1	0	0	1	0	0	0	1	0	0	0	0	1	1	0	1
chrX	52868565	52876961	8397	6	0	8397	4789	3608	510	204	347	310	275	286	385	383	322	163	325	228	264	215	179	392	382	179	38	269	306	257	31	309	305	187	33	273	336	280	38	384
chrX	52876963	52884016	7054	6	0	7054	4234	2820	603	239	258	349	337	209	263	307	282	138	197	221	226	155	192	257	338	174	32	197	291	158	21	218	216	131	28	177	271	225	25	317
chrX	52884018	52884052	35	6	0	35	20	15	3	2	3	1	5	0	0	1	1	1	0	0	1	0	1	0	2	1	0	0	2	1	0	1	2	2	0	1	0	0	0	2
chrX	52884054	52887469	3416	6	0	3416	1962	1454	236	94	110	167	151	97	147	131	119	67	123	115	102	71	80	151	140	75	24	90	140	92	22	128	100	90	17	111	146	126	21	131
chrX	52887470	52892275	4806	5	0	4806	2322	2484	161	126	164	100	148	202	300	142	160	175	219	114	82	69	89	70	244	153	53	122	187	239	52	272	164	155	33	140	197	204	30	238
chrX	52892277	52894448	2172	5	0	2172	1098	1074	81	56	66	63	62	101	131	62	71	48	108	52	51	45	50	49	104	57	17	72	90	81	17	107	78	71	21	80	84	86	13	96
chrX	52894450	52896820	2371	5	0	2371	1276	1095	134	62	100	91	74	83	115	66	87	66	89	52	92	53	56	55	92	66	20	87	95	102	22	98	69	61	17	71	82	87	21	104
chrX	52896823	52902046	5224	5	0	5224	2511	2713	254	116	163	155	155	215	254	155	190	150	252	115	88	81	92	75	181	158	80	143	223	210	130	217	172	194	119	179	203	218	63	222
chrX	52902047	52910203	8157	5	0	8157	4270	3887	454	249	258	271	289	322	407	284	327	182	325	234	163	159	167	177	362	234	94	223	361	285	97	325	270	238	82	248	309	311	87	361
chrX	52910205	52913707	3503	5	0	3503	1811	1692	161	85	109	119	113	161	185	124	115	88	150	87	85	74	71	84	151	110	38	108	164	120	32	153	144	106	24	100	124	134	28	154
chrX	52913709	52913768	60	5	0	60	44	16	10	3	3	4	4	0	0	2	3	1	0	0	5	1	2	4	2	1	0	2	2	1	0	2	0	1	0	1	2	2	0	0
chrX	52913769	52914339	571	5	0	571	328	243	51	14	21	27	13	18	25	20	22	15	24	8	26	6	10	26	19	11	10	13	14	16	6	23	24	12	5	21	19	20	7	23
chrX	52914344	52917884	3541	5	0	3541	1805	1736	143	84	123	113	114	152	167	130	123	75	172	92	83	67	63	103	147	101	28	101	178	159	39	144	110	126	27	113	129	134	32	167
chrX	52917885	52920137	2253	5	0	2253	1131	1122	124	45	101	50	84	65	120	71	81	70	127	47	32	39	39	34	86	60	17	56	97	107	11	121	73	67	12	90	85	102	18	120
chrX	52920142	52921036	895	5	0	895	354	541	32	19	25	9	23	34	47	13	20	23	41	15	10	15	17	9	20	26	24	21	38	59	31	49	34	57	43	40	25	35	18	21
chrX	52921037	52924684	3648	5	0	3648	1884	1764	237	100	132	137	114	121	165	88	134	74	141	83	121	63	88	86	105	90	48	115	127	128	80	155	124	153	79	126	132	120	51	129
chrX	52924688	52932107	7420	5	0	7420	4344	3076	551	226	241	356	284	219	315	296	275	142	260	209	264	189	203	313	298	199	43	236	318	180	30	278	212	164	27	205	286	263	36	300
chrX	52932108	52932285	178	5	0	178	73	105	21	1	2	2	3	4	10	1	3	5	12	1	1	2	3	0	2	2	1	7	5	7	12	6	7	13	13	9	4	8	4	5
chrX	52932287	52932776	490	5	0	490	243	247	45	10	9	13	14	21	22	10	7	12	27	17	13	8	11	2	13	16	9	13	24	13	11	21	12	27	12	13	18	13	10	22
chrX	52932777	52936302	3526	5	0	3526	1817	1709	241	98	125	120	110	125	166	93	145	82	127	76	87	61	69	91	136	87	51	92	131	141	64	167	109	133	61	107	118	142	48	121
chrX	52936303	52937928	1626	5	0	1626	833	793	105	31	76	35	58	44	88	54	57	60	88	32	26	29	24	25	68	42	12	41	70	73	6	79	47	43	11	63	59	70	15	93
chrX	52937929	52941430	3502	5	0	3502	1786	1716	143	84	123	113	114	133	167	130	123	75	172	91	83	67	63	103	128	101	28	102	178	159	39	144	110	126	27	113	128	134	32	167
chrX	52941433	52942097	665	5	0	665	385	280	57	17	24	32	18	38	25	22	24	16	24	8	31	7	12	30	41	12	10	15	16	17	6	25	24	13	5	22	21	21	7	23
chrX	52942099	52949299	7201	5	0	7201	3587	3614	297	176	221	221	215	314	396	258	262	184	321	185	140	130	136	130	300	229	76	199	336	284	93	328	284	225	72	235	263	302	75	312
chrX	52949300	52951506	2207	5	0	2207	1263	944	164	71	83	93	94	76	90	78	88	45	72	70	64	53	53	67	94	57	29	65	91	53	14	76	66	52	14	58	87	72	17	99
chrX	52951517	52953738	2222	5	0	2222	1204	1018	132	86	64	76	92	94	105	72	89	41	82	66	44	49	47	64	118	58	27	67	99	69	22	74	64	67	20	55	82	70	23	102
chrX	52953740	52958341	4602	5	0	4602	2311	2291	248	101	148	149	145	197	235	147	167	132	205	109	85	79	87	75	173	144	58	134	203	176	80	194	161	153	55	147	188	180	45	200
chrX	52958343	52958964	622	5	0	622	201	421	7	15	16	5	10	17	19	7	23	18	47	6	3	2	5	0	8	13	22	9	20	33	50	23	11	41	64	32	15	38	18	23
chrX	52958971	52959617	647	5	0	647	367	280	67	20	27	24	18	18	30	14	24	10	19	12	31	18	17	16	23	20	1	22	17	32	12	26	21	14	5	22	19	21	2	23
chrX	52959618	52961774	2157	5	0	2157	1144	1013	109	52	86	80	71	77	105	65	77	63	94	48	71	47	51	47	78	58	24	78	90	82	13	95	67	61	19	65	83	79	22	98
chrX	52961779	52963527	1749	5	0	1749	875	874	52	46	53	47	47	87	111	49	57	41	84	44	42	35	38	40	93	46	12	58	78	69	13	85	60	57	13	64	64	73	10	79
chrX	52963529	52967316	3788	5	0	3788	1903	1885	146	112	132	88	129	158	220	118	133	141	157	92	71	61	76	68	206	119	43	104	143	168	36	200	118	104	27	93	158	155	22	188
chrX	52967317	52973230	5914	5	0	5914	3281	2633	379	161	195	251	245	184	269	237	200	130	215	184	161	117	142	210	255	155	37	145	252	194	43	249	193	166	28	187	235	223	30	240
chrX	52973231	52975051	1821	5	0	1821	1012	809	145	55	69	67	75	60	89	60	63	53	70	36	52	38	42	36	93	41	13	59	61	54	15	77	56	51	10	57	74	61	10	77
chrX	52975062	52975183	122	5	0	122	58	64	1	1	5	3	1	19	9	2	6	1	1	3	2	0	2	0	16	3	0	3	5	4	0	6	5	5	0	6	5	3	0	3
chrX	52975185	52975218	34	5	0	34	13	21	2	0	3	0	2	2	0	0	1	0	3	0	0	0	0	0	0	1	1	0	2	2	1	3	0	4	0	2	2	1	0	0
chrX	52975220	52977105	1886	5	0	1886	1035	851	105	53	62	57	53	88	94	75	58	35	58	44	61	40	43	108	96	47	12	60	70	61	16	75	77	64	17	60	68	50	15	62
chrX	52977106	52980782	3677	5	0	3677	2026	1651	177	96	152	138	125	114	175	146	155	90	151	104	106	77	92	127	140	91	15	131	156	133	16	161	112	85	12	99	152	157	11	179
chrX	52980795	52983383	2589	5	0	2589	1488	1101	203	62	102	110	87	103	121	99	92	59	93	76	95	57	57	71	122	63	9	86	107	68	4	105	68	74	5	69	114	79	14	113
chrX	52983385	52983588	204	5	0	204	122	82	29	5	11	9	7	0	14	3	10	1	5	4	8	1	5	8	3	2	0	2	8	8	0	7	9	6	0	17	4	7	0	9
chrX	52983590	52985513	1924	5	0	1924	1138	786	182	54	67	102	75	65	82	69	85	35	62	46	64	41	37	70	88	45	5	57	82	52	8	71	51	43	9	47	70	73	12	73
chrX	52985515	52985576	62	5	0	62	39	23	6	2	4	4	2	0	3	1	4	1	2	3	3	1	0	2	0	1	0	2	2	2	0	1	1	0	0	3	3	2	2	3
chrX	52985577	52988245	2669	5	0	2669	1677	992	253	91	92	168	134	64	89	109	100	46	71	79	116	58	64	142	112	58	9	80	104	49	12	68	78	50	8	68	102	76	17	100
chrX	52988246	52988386	141	5	0	141	98	43	28	0	12	4	2	2	5	3	12	4	3	3	1	3	5	9	3	0	0	6	3	0	0	3	1	2	0	3	5	4	0	13
chrX	52988388	52990800	2413	5	0	2413	1199	1214	84	55	74	66	64	94	158	84	77	64	107	58	55	39	50	68	87	81	14	70	123	101	16	126	92	93	16	89	98	91	12	105
chrX	52990801	52993408	2608	5	0	2608	1252	1356	99	56	99	56	70	111	155	89	99	72	130	56	42	36	39	43	103	88	13	71	134	129	21	164	83	109	9	75	105	122	15	113
chrX	52993410	53003249	9840	5	0	9840	4828	5012	428	210	323	241	306	417	541	297	286	265	494	258	183	179	207	191	403	300	56	312	472	485	110	481	303	356	102	329	383	407	70	443
chrX	53003250	53010487	7238	5	0	7238	4020	3218	460	187	307	277	255	237	360	282	273	147	305	180	243	134	180	191	283	169	27	227	312	212	19	296	253	221	22	272	286	237	24	358
chrX	53010491	53011252	762	5	0	762	549	213	90	21	28	67	30	14	16	23	28	5	26	16	58	25	17	84	29	12	1	23	20	9	0	11	16	7	0	9	18	12	1	44
chrX	53011254	53015235	3982	5	0	3982	2287	1695	352	111	168	175	150	112	165	117	152	75	164	92	153	71	106	122	119	88	26	136	156	102	25	168	119	130	30	113	150	131	15	187
chrX	53015238	53017501	2264	5	0	2264	1367	897	207	59	76	120	91	80	72	93	71	43	76	66	92	49	57	113	86	64	21	60	91	59	8	80	61	47	5	59	98	68	8	82
chrX	53017506	53017564	59	5	0	59	42	17	1	0	0	1	0	9	0	4	0	0	0	0	1	6	0	19	13	0	2	0	0	0	0	0	1	0	0	0	0	0	0	0
chrX	53017565	53041317	23753	5	0	23753	14131	9622	1692	639	887	1088	864	676	915	772	947	393	828	608	803	514	656	1847	809	584	117	713	928	668	136	891	639	593	123	645	851	778	110	1037
chrX	53041318	53200317	159000	4	0	159000	87567	71433	10621	4250	5715	6135	5577	5625	7247	5440	5430	3230	6299	4097	5093	3499	3702	5606	6526	4258	884	4935	6728	5662	1293	6582	4732	4915	1161	4700	5903	5430	976	6747
chrX	53200318	53307295	106978	3	0	106978	54734	52244	5525	2489	4071	3223	3409	3775	5540	3386	3759	2248	5015	2582	2615	2080	2487	2529	3685	3052	608	3247	5041	4701	957	5351	3494	3917	788	3799	3890	4380	617	4716
chrX	53307297	53308163	867	3	0	867	437	430	59	22	23	22	25	33	44	24	23	13	47	23	20	16	23	19	24	27	5	28	41	31	11	47	25	44	11	30	36	28	9	32
chrX	53308165	53310411	2247	3	0	2247	1310	937	181	60	96	90	83	67	91	74	80	50	88	56	83	62	63	84	81	57	12	89	74	56	13	89	62	53	9	68	98	66	18	92
chrX	53310413	53311121	709	3	0	709	359	350	47	20	16	20	16	19	43	23	22	17	37	18	17	14	16	13	28	23	4	15	31	29	9	35	19	29	8	26	23	23	11	36
chrX	53311122	53321556	10435	3	0	10435	4829	5606	426	225	328	230	291	362	617	297	311	237	548	210	180	175	216	175	318	313	77	291	525	576	191	516	383	475	177	457	341	444	77	444
chrX	53321558	53323933	2376	3	0	2376	1218	1158	95	67	88	74	81	90	140	81	91	61	103	73	57	36	35	46	95	60	20	78	123	105	15	102	88	64	11	67	86	115	8	119
chrX	53323934	53335448	11515	3	0	11515	6254	5261	711	317	434	422	411	361	558	394	444	236	499	333	319	219	303	291	446	288	63	337	495	355	85	524	346	358	76	376	437	458	60	557
chrX	53335450	53343785	8336	3	0	8336	4512	3824	562	214	259	345	321	291	400	260	256	184	341	211	241	157	198	272	313	228	52	252	413	283	71	350	235	292	60	281	311	313	53	315
chrX	53346101	53346666	566	3	0	566	301	265	35	10	16	22	22	27	30	12	13	9	30	18	14	11	19	12	17	17	0	23	31	15	1	26	20	19	2	23	23	23	1	23
chrX	53346668	53346706	39	3	0	39	28	11	18	1	1	0	0	1	1	0	2	0	2	0	0	0	0	0	0	1	0	1	2	2	0	1	0	0	0	0	0	2	0	2
chrX	53346707	53349321	2615	3	0	2615	1517	1098	192	85	84	117	119	92	114	77	84	48	97	67	84	64	73	119	115	65	15	94	100	60	17	96	87	72	9	72	100	76	13	106
chrX	53349322	53350422	1101	3	0	1101	678	423	118	33	44	53	58	30	40	25	33	21	35	33	38	24	36	55	43	27	3	35	40	20	3	38	31	22	4	35	39	32	4	47
chrX	53350423	53351728	1306	3	0	1306	760	546	122	31	47	62	54	43	58	34	35	30	41	36	52	23	37	54	44	30	11	42	56	31	9	44	47	41	6	42	42	38	8	54
chrX	53351729	53352778	1050	3	0	1050	622	428	85	29	38	55	48	37	34	44	37	13	35	29	36	29	25	46	40	27	10	31	46	20	5	36	30	25	8	35	47	35	3	30
chrX	53352780	53353479	700	3	0	700	359	341	42	15	14	25	29	32	37	22	12	14	35	22	14	17	14	13	25	27	5	21	40	19	4	31	24	29	10	23	32	19	7	25
chrX	53353480	53355844	2365	3	0	2365	1429	936	207	73	76	130	92	95	69	89	81	41	82	63	105	55	68	102	118	53	19	74	93	73	9	81	42	53	7	46	92	78	3	94
chrX	53355848	53359252	3405	3	0	3405	1726	1679	177	78	128	101	121	125	180	100	124	99	157	81	63	44	77	70	119	91	27	109	154	137	29	174	115	126	36	101	138	140	24	158
chrX	53359253	53361418	2166	3	0	2166	1148	1018	171	57	63	90	81	78	96	55	66	36	103	59	62	43	43	44	67	65	18	64	106	74	37	91	64	81	21	66	73	88	18	84
chrX	53361423	53371247	9825	3	0	9825	5744	4081	756	300	400	447	371	261	421	357	415	176	362	276	361	209	250	382	359	220	44	323	399	246	41	373	287	228	52	279	364	365	41	458
chrX	53371248	53381578	10331	3	0	10331	5592	4739	582	275	430	379	357	332	486	377	390	201	391	253	336	241	280	281	379	298	46	325	442	396	52	527	331	323	43	341	400	400	41	394
chrX	53381579	53385256	3678	4	0	3678	1892	1786	154	81	145	104	117	120	209	118	125	79	163	105	88	83	98	103	134	96	20	113	166	129	30	190	130	142	21	141	134	146	21	171
chrX	53385258	53387939	2682	4	0	2682	1684	998	277	81	109	162	101	66	71	91	116	42	78	75	136	56	84	138	83	57	15	90	87	58	21	89	47	54	25	60	112	85	11	103
chrX	53387940	53390973	3034	4	0	3034	1698	1336	267	75	78	150	111	121	127	77	81	44	108	102	110	70	79	97	110	72	32	96	126	93	45	105	79	115	37	91	121	89	24	100
chrX	53390975	53398183	7209	4	0	7209	4005	3204	523	177	241	296	259	255	333	238	229	149	304	208	225	148	189	230	253	197	42	237	297	227	40	327	218	230	43	203	317	237	35	300
chrX	53398184	53402868	4685	4	0	4685	2779	1906	340	139	197	217	182	136	177	186	170	98	146	114	200	134	135	207	191	109	19	188	180	120	25	170	138	114	13	111	172	152	17	186
chrX	53402869	53403171	303	4	0	303	157	146	32	8	7	7	15	13	13	4	3	7	17	10	3	3	9	5	14	7	2	8	12	9	5	18	8	15	1	10	11	13	2	10
chrX	53403173	53404808	1636	4	0	1636	894	742	112	49	57	57	61	47	74	57	51	33	64	46	50	37	51	46	59	47	5	55	67	55	17	72	44	58	14	54	69	51	10	65
chrX	53404810	53404834	25	4	0	25	16	9	2	0	1	2	1	1	0	1	1	1	0	0	1	1	1	1	1	1	0	1	0	0	0	2	1	1	0	0	2	0	0	0
chrX	53404836	53408840	4005	4	0	4005	2068	1937	158	102	158	128	142	135	218	115	150	86	163	119	96	84	111	101	132	117	21	138	186	162	33	194	119	151	30	136	173	145	18	182
chrX	53408842	53410926	2085	4	0	2085	1092	993	131	56	70	72	70	77	109	55	59	33	100	57	68	40	46	48	73	60	10	63	89	72	26	95	68	86	22	80	81	64	16	87
chrX	53410927	53414075	3149	4	0	3149	1628	1521	166	78	158	93	116	85	167	82	136	62	152	72	76	65	60	59	86	91	20	93	147	97	28	163	96	117	28	133	121	130	22	148
chrX	53414077	53415831	1755	4	0	1755	941	814	131	59	69	41	69	41	86	61	56	42	88	42	42	36	48	28	58	47	9	64	73	47	13	87	57	55	11	65	69	71	13	75
chrX	53415832	53418321	2490	4	0	2490	1466	1024	262	76	85	114	86	89	97	76	81	38	89	62	107	52	61	90	91	63	19	82	104	53	16	95	63	75	22	70	90	77	19	84
chrX	53418323	53418557	235	4	0	235	113	122	4	2	7	7	5	9	18	5	4	10	14	7	7	4	4	5	6	11	1	7	11	7	1	15	7	8	1	12	14	8	3	9
chrX	53418559	53422386	3828	4	0	3828	1933	1895	235	107	126	98	129	143	187	97	114	95	177	80	89	73	99	83	123	118	37	140	182	151	66	163	120	146	51	131	130	147	34	155
chrX	53422388	53425515	3128	4	0	3128	1562	1566	173	75	109	111	112	96	144	77	81	66	132	79	102	64	75	65	91	92	28	91	147	139	66	157	91	140	50	115	100	139	22	97
chrX	53425517	53432908	7392	4	0	7392	3719	3673	290	172	313	189	228	257	430	220	279	155	331	176	166	175	178	159	257	231	44	227	358	312	47	394	254	280	38	289	266	288	45	342
chrX	53432910	53444665	11756	4	0	11756	6005	5751	611	289	444	374	403	404	569	321	381	292	534	294	322	207	264	295	373	365	85	369	514	487	169	555	373	431	163	365	436	442	101	522
chrX	53444666	53451501	6836	4	0	6836	3623	3213	426	179	249	236	258	240	334	207	208	144	313	174	199	126	170	159	245	190	37	217	289	245	53	334	220	246	51	247	285	240	45	268
chrX	53451502	53452518	1017	4	0	1017	547	470	92	13	30	39	34	38	62	21	14	22	49	28	35	16	24	28	26	27	3	33	54	23	5	52	37	48	5	44	38	36	3	36
chrX	53452520	53453510	991	4	0	991	582	409	81	24	36	52	40	36	37	50	36	9	28	26	36	33	23	34	49	25	4	25	39	24	5	35	43	31	5	24	32	23	4	40
chrX	53453512	53460120	6609	4	0	6609	3735	2874	565	195	236	260	224	203	321	217	234	115	275	174	233	139	145	199	244	161	44	203	270	154	54	257	215	204	58	210	236	215	40	307
chrX	53460122	53461463	1342	4	0	1342	728	614	139	40	35	43	61	55	63	30	30	16	69	34	26	32	27	27	46	41	12	44	61	40	8	65	51	53	8	36	51	40	8	49
chrX	53461468	53461849	382	4	0	382	224	158	37	17	13	11	18	15	19	10	17	12	14	5	7	6	9	12	24	16	0	10	10	9	0	22	3	7	0	8	25	9	0	15
chrX	53461864	53463563	1700	4	0	1700	947	753	125	47	87	59	62	52	65	43	80	31	90	28	52	45	31	48	63	54	9	49	69	44	15	85	29	43	11	53	61	72	9	87
chrX	53463564	53465713	2150	4	0	2150	1104	1046	148	45	88	52	60	93	122	40	84	48	117	41	41	34	48	43	73	70	13	64	95	66	21	117	65	75	12	84	82	88	10	109
chrX	53465714	53469098	3385	4	0	3385	1878	1507	294	76	103	147	125	118	169	103	105	64	143	80	95	76	82	96	118	86	18	112	146	87	29	143	114	123	22	117	137	109	21	125
chrX	53469099	53472418	3320	4	0	3320	1829	1491	257	86	115	127	135	115	149	105	109	68	131	96	85	68	75	106	125	94	25	93	152	93	31	131	85	107	27	123	142	113	27	123
chrX	53472419	53486076	13658	4	0	13658	7193	6465	691	362	545	405	506	535	707	437	473	293	607	329	332	293	324	353	512	439	49	483	666	489	73	626	472	446	65	443	535	480	55	631
chrX	53486077	53486618	542	4	0	542	328	214	46	17	25	23	28	13	23	11	21	11	20	9	15	11	10	43	18	17	0	17	23	10	0	28	12	18	0	10	22	16	0	23
chrX	53486640	53489361	2722	4	0	2722	1397	1325	148	57	89	90	98	113	151	65	62	64	118	59	76	59	66	81	83	88	19	103	146	102	23	120	99	114	22	103	99	87	18	98
chrX	53489362	53490643	1282	4	0	1282	738	544	65	37	62	53	57	39	58	46	52	38	47	33	42	25	33	50	47	30	3	59	51	38	2	45	36	26	0	36	65	42	3	60
chrX	53490649	53490978	330	4	0	330	172	158	29	5	14	9	14	16	16	7	12	6	16	11	3	5	5	3	8	9	3	12	21	7	3	9	10	16	3	11	13	8	5	19
chrX	53490979	53492015	1037	4	0	1037	535	502	66	28	25	36	40	45	59	32	25	22	48	30	25	17	22	14	37	30	8	37	54	33	9	42	39	38	9	40	46	36	8	35
chrX	53492016	53494177	2162	4	0	2162	1166	996	160	56	75	79	68	86	118	49	66	35	89	52	75	42	55	60	75	60	5	79	107	66	17	89	70	79	17	89	69	74	19	80
chrX	53494179	53495425	1247	4	0	1247	725	522	100	48	39	67	66	46	59	33	46	18	45	34	42	20	24	38	61	31	10	30	48	27	4	45	42	34	4	42	53	33	6	50
chrX	53495426	53500430	5005	4	0	5005	2773	2232	373	139	161	208	172	167	249	151	122	105	217	138	213	83	127	147	163	136	25	170	222	161	29	220	148	177	29	170	206	158	23	194
chrX	53500431	53501679	1249	4	0	1249	755	494	117	39	46	56	45	47	54	39	37	28	41	30	58	27	26	63	56	29	8	48	46	22	8	35	35	31	7	33	49	29	7	51
chrX	53501682	53501908	227	4	0	227	107	120	21	4	2	5	4	8	17	5	4	5	14	5	4	2	5	1	4	5	2	8	14	9	2	11	7	13	6	10	8	9	2	9
chrX	53501910	53507334	5425	4	0	5425	2675	2750	377	135	154	159	182	183	282	128	141	110	274	135	126	97	99	92	175	156	44	150	258	257	113	252	170	266	73	175	172	200	56	232
chrX	53507336	53507844	509	4	0	509	316	193	56	14	21	34	16	7	15	20	29	10	18	14	25	6	13	16	15	11	0	11	18	16	3	24	6	9	0	9	19	25	3	24
chrX	53507861	53514216	6356	4	0	6356	3422	2934	484	180	262	194	251	217	299	180	220	135	297	148	166	121	127	140	230	191	38	194	298	208	47	279	193	217	45	193	226	215	40	319
chrX	53514218	53526631	12414	4	0	12414	7208	5206	942	372	586	516	476	367	513	409	447	276	395	295	550	310	326	426	454	346	55	470	493	365	64	480	365	306	43	352	454	385	56	518
chrX	53526633	53529887	3255	4	0	3255	1697	1558	203	84	120	106	135	125	163	105	82	74	148	78	93	59	55	67	106	103	16	117	181	148	16	143	109	118	12	105	132	118	11	121
chrX	53529888	53531249	1362	4	0	1362	785	577	97	39	54	63	64	39	50	54	45	20	45	44	46	38	41	45	49	35	8	44	50	41	8	50	48	32	8	50	60	41	6	46
chrX	53531254	53556538	25285	4	0	25285	13235	12050	1374	668	1017	731	864	907	1303	771	922	560	1115	633	632	519	640	577	928	765	145	816	1161	931	190	1174	818	795	177	920	938	965	162	1165
chrX	53556539	53567382	10844	5	0	10844	6048	4796	617	291	452	379	392	370	495	424	406	243	390	361	325	257	289	355	448	297	65	351	434	326	50	459	311	269	48	338	488	377	57	478
chrX	53567384	53602334	34951	5	0	34951	20467	14484	2616	1028	1485	1651	1273	984	1348	1172	1363	665	1150	891	1529	948	977	1386	1345	857	215	1208	1224	1028	312	1297	914	881	200	933	1293	1095	159	1522
chrX	53602335	53625882	23548	5	0	23548	14287	9261	1963	744	971	1215	950	633	840	874	949	412	743	620	1032	646	679	1015	945	558	115	817	842	573	108	822	620	523	64	549	890	692	97	1045
chrX	53625898	53626216	319	5	0	319	195	124	26	9	11	17	8	7	15	18	16	3	5	10	13	12	8	17	12	5	2	11	14	8	2	7	10	8	0	9	12	10	0	12
chrX	53626221	53630673	4453	5	0	4453	2789	1664	356	141	197	241	187	124	153	172	172	65	119	135	219	159	116	232	201	94	22	171	145	89	17	129	125	75	6	98	165	122	17	187
chrX	53630674	53645737	15064	5	0	15064	9461	5603	1255	477	657	827	593	416	531	580	571	251	426	405	797	436	439	798	645	328	54	553	475	258	43	464	411	301	35	383	589	353	58	653
chrX	53645747	53648652	2906	5	0	2906	1796	1110	236	95	134	144	121	74	98	110	121	48	85	84	131	71	89	153	124	61	13	90	91	58	12	89	86	47	12	89	102	84	13	139
chrX	53648653	53658049	9397	5	0	9397	5757	3640	820	284	397	480	401	245	365	324	341	167	257	271	418	273	286	427	394	192	58	325	318	177	30	306	294	190	39	281	329	272	41	393
chrX	53658050	53671791	13742	5	0	13742	8394	5348	1147	428	558	702	524	365	512	510	511	251	401	378	652	409	417	628	554	302	68	529	490	289	78	427	368	296	54	352	499	397	64	580
chrX	53671792	53676286	4495	5	0	4495	2883	1612	427	140	175	275	159	116	148	194	176	72	109	108	253	175	123	231	215	101	23	164	131	89	12	142	96	73	11	90	175	111	20	159
chrX	53676289	53680924	4636	5	0	4636	2950	1686	422	183	190	282	197	100	160	172	208	73	98	151	250	104	141	219	169	108	21	162	160	108	8	142	97	70	9	100	203	131	12	184
chrX	53680936	53686636	5701	5	0	5701	3015	2686	382	173	192	246	175	139	191	168	221	92	215	129	215	131	167	179	162	147	68	158	207	234	133	244	154	217	141	162	150	220	87	200
chrX	53686648	53686697	50	5	0	50	14	36	0	0	1	0	0	0	9	0	1	0	3	0	0	0	0	0	0	0	0	0	3	5	0	5	4	5	0	8	1	3	0	0
chrX	53686698	53688305	1608	5	0	1608	898	710	117	36	62	84	51	44	48	54	55	29	60	44	76	41	33	64	55	39	12	44	52	70	23	67	37	47	28	46	53	55	35	45
chrX	53688307	53688966	660	5	0	660	398	262	58	10	20	43	25	24	22	20	17	11	25	19	32	19	22	29	20	12	8	24	21	11	3	23	24	16	5	23	26	19	8	19
chrX	53688971	53692831	3861	5	0	3861	2469	1392	388	114	162	232	150	108	117	134	171	40	123	107	188	116	101	217	165	66	21	126	115	76	13	105	90	77	21	75	139	90	15	197
chrX	53692832	53693523	692	5	0	692	453	239	56	23	28	41	28	24	18	25	30	13	17	27	34	17	28	43	42	9	4	23	12	7	4	17	18	4	0	12	23	20	4	39
chrX	53693525	53695625	2101	5	0	2101	1219	882	159	60	72	98	88	68	90	77	70	45	63	49	74	62	66	76	105	55	8	67	93	54	10	73	57	61	11	61	68	60	9	90
chrX	53695628	53707809	12182	5	0	12182	7005	5177	878	377	456	531	480	390	517	480	470	210	443	349	414	251	337	420	512	297	40	380	496	319	73	451	381	332	48	375	478	391	57	547
chrX	53707810	53712006	4197	5	0	4197	2325	1872	321	124	148	164	161	127	205	126	143	85	171	119	133	88	100	109	153	112	23	136	197	114	34	153	129	133	36	133	140	139	37	202
chrX	53712008	53721116	9109	5	0	9109	5000	4109	561	208	343	388	372	322	451	284	298	210	361	243	270	225	236	227	343	258	42	322	403	280	53	375	308	281	40	291	375	293	41	403
chrX	53721123	53721905	783	5	0	783	251	532	10	8	9	6	15	31	49	10	8	18	63	17	0	4	1	1	10	19	14	18	39	72	48	39	35	66	36	28	21	41	8	37
chrX	53721924	53724158	2235	5	0	2235	1235	1000	171	70	95	81	83	70	94	67	84	44	78	59	79	51	49	59	79	64	20	71	97	73	30	84	67	64	19	66	72	83	15	95
chrX	53724174	53727837	3664	5	0	3664	1928	1736	226	106	127	127	148	128	196	120	116	68	155	76	96	61	86	91	130	101	16	116	193	133	19	159	139	136	25	154	130	134	14	136
chrX	53727838	53728774	937	5	0	937	585	352	107	23	50	45	30	22	42	27	51	16	27	28	36	17	25	38	23	21	3	31	31	14	0	37	29	17	1	23	38	30	0	53
chrX	53728779	53729099	321	5	0	321	165	156	16	4	28	8	10	6	12	8	26	3	23	6	4	3	7	0	3	6	1	6	12	4	1	28	13	11	1	11	9	23	1	25
chrX	53729101	53749375	20275	5	0	20275	12329	7946	1714	575	751	1045	762	587	731	798	804	354	660	593	804	486	520	1144	817	447	98	640	728	447	124	667	529	469	101	467	804	604	115	888
chrX	53749820	53837007	87188	5	0	87188	51252	35936	6983	2597	3184	4311	3528	2619	3434	3244	3329	1607	3035	2449	3236	1951	2174	3569	3544	2127	437	2666	3459	2308	578	3073	2439	2124	423	2338	3383	2859	428	3750
chrX	53837008	53838689	1682	5	0	1682	1077	605	182	46	62	112	70	39	46	62	65	23	42	52	85	39	44	106	66	35	10	36	46	31	19	40	47	34	19	40	58	36	10	78
chrX	53838690	53846196	7507	5	0	7507	4532	2975	660	213	290	379	287	201	295	279	280	140	249	239	315	189	197	319	310	177	21	235	274	178	35	280	182	175	33	165	296	237	25	350
chrX	53846277	53871335	25059	5	0	25059	14375	10684	1844	764	914	1120	1055	787	1068	910	949	484	916	725	794	548	638	858	999	661	116	807	1075	739	148	873	760	650	104	678	986	785	124	1178
chrX	53871336	53879753	8418	5	0	8418	4861	3557	624	242	341	364	326	303	352	325	345	173	299	254	275	192	204	241	361	210	44	295	344	204	40	293	241	199	36	218	360	268	54	389
chrX	53879755	53880073	319	5	0	319	210	109	38	4	17	20	9	6	12	13	18	5	10	11	14	10	7	14	10	3	0	12	7	2	1	10	7	5	1	7	17	10	0	17
chrX	53880079	53883360	3282	5	0	3282	1878	1404	278	86	162	138	118	99	144	91	153	63	133	70	116	52	61	113	121	74	12	92	118	114	20	139	103	94	17	80	110	109	11	189
chrX	53883363	53886085	2723	5	0	2723	1699	1024	254	92	100	155	125	73	97	130	122	43	61	98	100	69	50	129	120	64	18	75	100	47	7	87	79	47	8	48	127	83	15	98
chrX	53886086	53887178	1093	5	0	1093	758	335	142	38	53	79	57	16	24	38	58	16	17	31	54	30	34	70	49	17	4	30	30	15	1	19	19	7	0	22	37	26	1	57
chrX	53887180	53888288	1109	5	0	1109	621	488	93	26	28	48	41	34	56	37	32	19	45	30	30	27	20	53	40	30	5	32	57	30	9	43	29	41	9	37	42	38	9	37
chrX	53888290	53890996	2707	5	0	2707	1548	1159	212	93	101	114	108	79	127	85	121	59	110	81	78	43	61	74	100	65	21	88	118	64	17	87	79	63	12	74	103	94	24	150
chrX	53891018	53891530	513	5	0	513	318	195	46	26	24	21	26	16	22	14	30	8	18	15	15	8	17	12	27	9	2	20	11	7	0	12	17	3	0	14	23	11	2	35
chrX	53891532	53891575	44	5	0	44	31	13	4	0	5	3	2	0	0	0	4	1	2	1	2	0	4	2	0	0	0	1	0	0	0	0	1	0	0	1	1	0	0	8
chrX	53891577	53893043	1467	5	0	1467	894	573	109	43	53	97	78	27	55	57	73	27	40	56	41	37	32	68	52	34	14	34	58	33	3	49	36	27	3	33	71	49	12	64
chrX	53893044	53895378	2335	5	0	2335	1349	986	186	84	76	87	102	84	86	114	76	45	73	67	68	54	66	80	112	70	16	69	113	62	7	78	69	58	8	63	92	70	7	91
chrX	53895380	53897091	1712	5	0	1712	937	775	117	48	57	69	73	71	73	65	57	35	57	46	43	48	33	44	76	54	12	59	84	61	15	64	49	49	12	44	73	60	9	53
chrX	53897093	53897111	19	5	0	19	11	8	2	1	1	0	0	1	1	0	1	1	2	0	0	0	0	0	1	0	0	2	0	0	0	0	0	0	0	0	1	0	1	2
chrX	53897112	53906028	8917	5	0	8917	5208	3709	635	279	364	394	343	281	356	391	366	179	320	249	327	215	210	298	369	211	60	314	363	201	54	285	260	219	30	229	379	272	40	422
chrX	53906031	53908259	2229	5	0	2229	1259	970	177	72	72	87	69	77	87	98	90	37	87	71	73	35	56	70	85	54	11	71	98	75	18	81	70	52	15	55	78	91	20	95
chrX	53908270	53908639	370	5	0	370	196	174	30	13	9	14	16	6	18	17	14	6	24	6	6	7	5	3	15	9	2	6	14	15	4	15	11	15	1	17	18	9	5	18
chrX	53908641	53908681	41	5	0	41	41	0	3	0	0	4	0	0	0	0	0	0	0	0	4	0	0	28	0	0	0	0	0	0	0	0	0	0	0	0	0	0	0	0
chrX	53908696	53908714	19	5	0	19	19	0	1	0	0	1	0	0	0	0	0	0	0	0	1	0	0	14	0	0	0	0	0	0	0	0	0	0	0	0	0	0	0	0
chrX	53908732	53908966	235	5	0	235	155	80	15	2	7	13	3	2	1	7	8	0	27	6	11	4	4	43	2	0	0	6	3	12	0	11	1	2	0	1	7	12	2	21
chrX	53909005	53909470	466	5	0	466	219	247	27	6	8	11	13	15	26	12	8	7	42	11	5	11	10	6	8	15	2	14	30	15	7	24	13	30	5	16	15	16	4	32
chrX	53909475	53912979	3505	5	0	3505	2157	1348	283	101	128	195	150	91	122	133	141	67	111	112	133	95	110	184	160	67	16	111	115	56	15	125	92	70	13	77	129	118	24	159
chrX	53912981	53913007	27	5	0	27	16	11	1	2	2	1	1	0	2	0	2	0	0	0	2	1	1	0	2	0	0	1	0	1	0	1	0	1	0	2	1	0	0	1
chrX	53913009	53914865	1857	5	0	1857	1099	758	124	51	83	103	77	60	63	68	73	39	60	52	87	32	60	67	74	49	5	54	75	44	11	60	49	39	7	65	70	59	9	86
chrX	53914867	53915589	723	5	0	723	420	303	41	27	27	39	33	15	34	29	31	8	30	19	28	16	17	25	24	16	4	22	31	13	1	32	24	20	0	28	32	28	1	26
chrX	53915591	53917571	1981	5	0	1981	1141	840	163	54	76	84	78	68	93	58	66	35	75	72	69	46	46	56	71	57	12	63	73	33	16	75	63	59	7	63	90	48	21	89
chrX	53917573	53917783	211	5	0	211	125	86	16	3	7	14	11	8	6	8	6	6	8	5	8	3	6	9	7	8	1	4	10	2	0	10	5	6	1	6	11	7	0	7
chrX	53917785	53919343	1559	5	0	1559	958	601	169	52	58	84	54	43	74	52	61	21	47	37	80	41	28	55	51	42	6	58	57	33	9	48	48	40	3	39	67	32	6	62
chrX	53919359	53920365	1007	5	0	1007	598	409	108	30	48	40	39	32	47	27	40	16	35	24	37	18	16	39	33	28	4	31	37	21	5	37	33	28	5	32	42	23	4	46
chrX	53920367	53925813	5447	5	0	5447	2832	2615	358	169	186	168	217	180	271	158	168	117	260	133	139	96	100	111	183	175	34	170	254	203	62	258	181	215	47	155	208	184	51	234
chrX	53925814	53926272	459	5	0	459	267	192	50	18	26	14	16	11	20	8	20	14	9	4	21	9	18	8	18	11	6	17	12	12	6	14	10	9	7	22	14	12	1	20
chrX	53926273	53926301	29	5	0	29	14	15	0	1	2	1	0	1	0	1	3	1	0	0	1	1	1	0	0	1	0	2	2	3	2	0	0	0	0	0	0	3	0	1
chrX	53926303	53927335	1033	5	0	1033	614	419	96	26	56	45	38	23	39	29	43	13	43	31	46	17	22	47	27	19	1	31	44	30	3	42	30	29	3	28	28	41	3	58
chrX	53927337	53927834	498	5	0	498	284	214	41	12	18	26	18	20	22	11	12	9	22	12	25	9	9	17	19	14	3	14	21	11	6	17	15	19	5	15	16	11	2	25
chrX	53927835	54144431	216597	5	0	216597	122714	93883	16826	6022	7902	9243	8062	7053	9401	7029	7573	4122	8277	5786	7531	5044	5613	7228	8121	5749	1228	7143	8837	6175	1766	8476	6195	6480	1523	6432	8393	6850	1373	9142
chrX	54144432	54144465	34	4	0	34	22	12	2	1	4	1	2	0	2	0	1	0	1	2	3	0	0	1	0	0	0	1	0	0	0	1	2	0	0	4	2	1	0	1
chrX	54144466	54311066	166601	5	0	166601	99812	66789	14104	4992	6220	8428	6460	4940	6644	5771	5888	2908	5474	4507	7292	4371	4589	7224	6669	3971	847	5723	6139	3660	963	5709	4563	4183	945	4639	6444	4657	819	6856
chrX	54311067	54405066	94000	6	0	94000	53238	40762	7537	2590	3220	4158	3548	2980	3986	2912	3011	1716	3818	2384	3409	2130	2489	3350	3404	2444	535	3033	3820	2582	877	3700	2698	3030	807	2901	3504	2923	625	3877
chrX	54405067	54860066	455000	5	0	455000	258709	196291	32868	12896	17398	19672	17721	14288	19727	16011	17118	9071	17115	12221	15127	9912	11473	16090	18101	11701	2147	14218	18828	13953	2808	17725	13361	12436	2301	13186	17457	15223	2260	20585
chrX	54860067	55064066	204000	6	0	204000	121134	82866	14520	6064	8288	9897	8079	6011	8000	7859	8334	3878	6685	5556	7836	4960	5734	9432	8408	5012	800	6693	7981	5477	726	7196	5709	4350	612	5449	7851	6541	690	9370
chrX	55064067	55273066	209000	7	0	209000	126970	82030	16805	6665	8572	10858	8457	5871	7777	8285	8585	3897	6249	5821	9053	4967	5614	9494	8924	4781	961	6734	7423	4843	823	6989	5771	4132	742	5353	8272	6323	822	9135
chrX	55273067	55548066	275000	8	0	275000	163911	111089	21040	8385	11335	13655	11327	8071	10903	10733	11521	5302	8704	7740	10527	6301	7071	11294	11664	6474	1258	8663	10169	6788	1219	9337	8217	5698	941	7394	10984	8553	1110	12620
chrX	55548067	55645066	97000	9	0	97000	60724	36276	8007	2974	3996	5425	4043	2546	3350	3971	4022	1655	2686	2883	4331	2323	2517	5993	4063	2115	352	2968	3405	1983	252	3033	2621	1679	228	2330	3821	2896	312	4218
chrX	55645067	56642066	997000	8	0	997000	608449	388551	81344	32208	41010	52612	42513	27567	37377	39565	42473	18326	29443	28708	40845	23489	27305	43663	42748	23299	3677	31866	36391	22258	3235	31541	27900	18471	2610	25605	39983	29397	3446	46123
chrX	56642067	56755066	113000	7	0	113000	69615	43385	9318	3732	4652	6165	4988	3028	4154	4408	4907	2016	3260	3372	4654	2625	3060	5275	4847	2635	413	3506	4178	2375	339	3397	3029	1977	256	2877	4525	3302	382	5346
chrX	56755067	57198066	443000	6	0	443000	263365	179635	34525	13744	18105	21806	18496	13219	17692	16897	18576	8540	13566	12251	16583	9916	11226	18221	19084	10837	1965	13533	17124	11487	1932	15060	13076	9424	1509	11671	17021	13855	1732	20325
chrX	57198067	57533066	335000	7	0	335000	208173	126827	28531	11037	13713	18685	14609	8942	12229	13130	14368	5967	9202	9687	14457	7880	9331	16404	14599	7621	1214	10392	11909	6909	827	10060	9242	5705	702	8422	13160	9470	993	15601
chrX	57533067	57830913	297847	8	0	297847	184215	113632	25402	9722	12114	16485	13001	8057	10878	11707	12481	5478	8459	8395	12839	6863	7860	14473	12872	6950	1077	9221	10733	6407	856	9146	8213	5249	681	7413	11825	8536	922	13530
chrX	57830915	57830935	21	8	0	21	7	14	0	1	0	0	1	1	2	0	0	0	0	0	0	0	0	0	0	0	0	2	4	2	0	0	1	4	0	1	0	0	0	0
chrX	57830937	57863734	32798	8	0	32798	19587	13211	2512	1063	1341	1616	1403	1022	1311	1293	1373	665	941	919	1244	708	892	1282	1483	854	126	996	1281	846	104	1041	999	583	83	917	1267	989	111	1531
chrX	57863735	58279691	415957	8	0	415957	240672	175285	28181	11834	14685	20753	15172	12261	17784	16339	17427	10175	13795	11131	14673	7494	12887	16080	17247	11118	1953	11446	16699	11875	2100	16384	11391	11586	1407	9550	16219	12480	2058	21771
chrX	58279693	58466378	186686	8	0	186686	114999	71687	20142	6968	8365	8468	7681	6517	7516	6753	11258	2269	5520	5893	4863	2235	4056	6494	8382	3022	740	5845	5665	3335	652	5229	5453	2999	738	4686	8967	5526	750	9697
chrX	58466379	58466428	50	8	0	50	34	16	6	2	4	2	1	2	2	1	6	1	1	1	0	0	2	2	3	0	0	2	0	0	0	0	1	0	0	1	2	0	0	6
chrX	58466429	58522066	55638	8	0	55638	35037	20601	6069	2024	2738	2428	2564	1955	1939	2125	3588	708	1753	1799	1037	773	1296	2240	2603	818	229	1809	1332	592	145	1456	1706	749	194	1119	2942	1366	198	3342
chrX	58522067	58555579	33513	9	0	33513	20384	13129	3137	1608	1704	1223	1750	1122	1160	1032	2350	371	1290	1034	435	443	701	1023	1431	418	366	1329	801	335	193	871	1088	358	163	731	1745	1089	286	1924
chrX	62462543	62480029	17487	9	0	17487	10364	7123	1453	869	851	618	862	516	647	529	1242	216	694	592	234	214	321	505	643	233	266	673	468	238	138	480	580	176	98	386	863	677	228	975
chrX	62480030	62683029	203000	8	0	203000	126857	76143	21113	8298	10328	8340	10413	7620	6630	6739	13326	2073	7103	6166	3228	3007	4780	7691	9630	2593	1149	7626	4775	1662	733	4870	6763	2340	995	4338	10234	5445	983	12007
chrX	62683030	63138849	455820	9	0	455820	285572	170248	42641	15616	19059	24854	19854	12983	16373	17166	20991	7337	12478	14029	18684	9781	12458	21267	20378	9619	1560	14160	15239	9301	1027	13132	11572	7335	820	11269	19186	12444	1397	21808
chrX	63138852	63148581	9730	9	0	9730	6014	3716	822	332	438	491	384	231	358	379	429	181	339	267	449	236	262	415	399	217	39	325	314	190	38	285	263	165	26	238	376	254	37	549
chrX	63148583	63152704	4122	9	0	4122	2585	1537	383	158	169	220	204	114	133	198	179	74	89	138	163	90	98	173	201	89	29	117	140	74	8	109	126	64	13	87	182	104	18	176
chrX	63152705	63156003	3299	9	0	3299	2079	1220	295	130	123	179	150	90	96	169	161	57	83	89	120	86	101	149	182	68	23	90	116	51	12	89	81	47	1	69	126	102	8	154
chrX	63156005	63159295	3291	9	0	3291	2124	1167	297	137	113	189	148	84	104	148	128	55	66	93	162	100	99	199	171	79	32	94	102	49	14	70	102	31	9	72	109	76	11	146
chrX	63159296	63161572	2277	9	0	2277	1551	726	170	58	80	138	80	61	61	91	70	30	48	78	126	92	76	291	127	40	9	65	60	28	6	52	43	30	2	37	63	48	5	110
chrX	63161591	63172553	10963	9	0	10963	6383	4580	840	320	474	492	434	353	456	401	463	233	338	247	389	238	291	414	450	275	58	361	438	315	57	365	351	265	41	321	403	320	46	512
chrX	63172554	63185573	13020	9	0	13020	7794	5226	1080	441	568	608	544	402	485	523	526	245	369	332	546	293	324	507	528	346	50	457	518	370	44	431	387	266	31	325	521	381	37	533
chrX	63185574	63186996	1423	9	0	1423	924	499	144	51	74	89	66	28	52	39	68	26	44	38	81	30	31	62	49	34	5	47	36	18	4	40	37	13	2	37	63	33	3	77
chrX	63186998	63189386	2389	9	0	2389	1347	1042	211	67	94	115	104	79	83	71	81	51	83	60	91	30	45	82	96	60	17	53	86	104	38	90	61	74	16	71	94	80	9	91
chrX	63189387	63189411	25	9	0	25	3	22	0	0	0	0	0	0	1	0	0	1	1	0	0	0	0	0	0	0	1	0	1	4	6	0	0	4	1	1	0	2	0	0
chrX	63189413	63189474	62	9	0	62	10	52	0	0	0	0	0	1	4	0	0	2	2	0	0	0	0	0	0	2	1	0	2	20	6	3	1	7	1	3	2	3	0	0
chrX	63189475	63189626	152	9	0	152	29	123	0	0	1	0	0	5	6	0	1	4	10	0	0	1	1	0	1	4	3	2	5	35	18	10	2	17	5	4	3	10	0	2
chrX	63189627	63193371	3745	9	0	3745	1761	1984	168	88	125	101	99	155	186	84	94	77	173	74	121	61	79	75	128	105	33	115	168	205	121	152	122	195	69	151	106	141	27	145
chrX	63193372	63199294	5923	9	0	5923	3542	2381	496	208	277	275	268	166	203	240	232	110	168	153	260	143	149	194	234	164	25	204	247	169	19	199	177	124	13	141	219	177	15	252
chrX	63199296	63230357	31062	9	0	31062	18983	12079	2561	1036	1251	1550	1292	939	1132	1292	1297	584	824	825	1247	757	841	1553	1427	734	176	979	1127	718	122	917	915	579	84	770	1186	853	110	1382
chrX	63230359	63235998	5640	9	0	5640	3479	2161	476	202	239	287	254	141	199	231	257	108	166	158	218	137	157	248	250	135	24	179	189	105	27	152	160	89	23	138	226	144	28	291
chrX	63235999	63240072	4074	9	0	4074	2518	1556	330	130	199	203	130	90	159	148	171	72	173	110	231	99	105	167	149	82	15	145	126	85	11	133	103	76	3	100	149	112	9	257
chrX	63240074	63241729	1656	9	0	1656	1055	601	189	57	77	96	72	46	53	59	69	25	31	44	88	32	49	67	72	39	2	47	62	39	1	55	40	35	0	39	56	43	1	69
chrX	63241731	63246326	4596	9	0	4596	2715	1881	413	160	234	198	204	91	170	144	187	108	148	109	200	89	124	135	160	127	18	143	171	156	19	189	116	91	10	129	162	161	13	215
chrX	63246328	63250622	4295	9	0	4295	2658	1637	350	101	147	242	131	128	161	200	170	74	122	123	190	95	116	307	168	86	14	130	150	92	18	131	123	98	26	111	178	115	22	174
chrX	63250623	63297914	47292	8	0	47292	29096	18196	4035	1579	1982	2569	2080	1216	1706	1839	1932	869	1371	1301	2117	1123	1291	2085	2006	1132	164	1485	1766	1077	107	1540	1257	919	109	1161	1812	1362	134	2164
chrX	63297915	63376773	78859	8	0	78859	48380	30479	6431	2419	3114	4294	3234	2254	2888	3185	3213	1473	2213	2287	3380	1920	2192	3882	3408	1778	340	2540	2847	1685	299	2448	2195	1512	265	1976	3112	2304	326	3443
chrX	63376774	63718619	341846	8	0	341846	211161	130685	28565	10845	14082	18659	14288	8952	12379	13598	14256	6228	9898	9677	15041	8340	9313	17038	14627	7704	1233	10801	12027	7562	1071	10924	9107	6286	826	8457	13456	10032	1082	15490
chrX	63718620	63947619	229000	9	0	229000	134668	94332	16437	6761	9770	10654	9220	6643	9294	8808	9526	4442	7827	6313	8439	5219	6365	8949	9310	5470	833	7453	8940	6203	722	8463	6601	5061	547	6620	9114	7594	680	10720
chrX	63947620	64029619	82000	10	0	82000	49648	32352	6515	2545	3485	4206	3494	2312	3063	3213	3515	1516	2516	2318	3227	1932	2280	3509	3466	1938	271	2630	3081	1977	191	2747	2267	1595	209	2115	3268	2486	259	3852
chrX	64029620	64085619	56000	9	0	56000	34369	21631	4762	1796	2349	2992	2464	1447	2146	2089	2357	1007	1618	1675	2317	1298	1493	2558	2363	1290	176	1719	2114	1199	159	1739	1498	1045	144	1527	2171	1678	187	2621
chrX	64085620	65612554	1526935	10	0	1526935	922969	603966	121535	47688	63059	78379	64398	42595	58348	58914	63805	28393	47089	43402	60923	35281	42289	66871	63982	36005	5344	48626	57061	36306	4962	51107	42478	30637	4064	40703	60733	46487	5120	70349
chrX	65612556	65641550	28995	10	0	28995	16672	12323	2372	838	1130	1292	1149	865	1212	1045	1170	548	1045	797	942	612	720	934	1103	741	134	885	1214	845	177	1091	824	751	150	847	1130	990	157	1283
chrX	65641567	65642134	568	10	0	568	329	239	34	16	10	26	22	18	19	21	15	8	28	14	15	12	17	53	20	16	2	16	24	11	7	18	13	17	9	21	23	16	6	19
chrX	65642135	65651561	9427	10	0	9427	5226	4201	659	234	346	376	322	340	404	310	335	172	415	251	298	182	248	332	337	252	50	289	421	341	50	416	257	275	45	295	361	360	39	413
chrX	65651562	65670896	19335	10	0	19335	10287	9048	1211	490	723	637	710	657	914	635	640	438	870	470	501	368	501	520	713	513	107	621	865	685	172	886	562	721	126	659	776	689	111	842
chrX	65670903	65699748	28846	10	0	28846	15895	12951	1875	818	1279	1021	1085	946	1270	905	1131	507	1171	705	902	615	853	811	1024	799	104	959	1342	942	128	1295	810	929	114	991	1030	1037	118	1328
chrX	65699749	65742656	42908	10	0	42908	23862	19046	2626	1148	1860	1622	1653	1304	1925	1468	1581	907	1740	1124	1395	939	1227	1341	1559	1141	162	1436	1850	1378	174	1874	1304	1223	166	1427	1637	1534	166	2015
chrX	65742665	65742752	88	10	0	88	41	47	0	0	17	0	0	0	0	0	18	0	5	0	0	0	0	0	0	0	0	0	0	3	0	21	0	0	0	0	0	21	0	1
chrX	65742765	66574657	831893	10	0	831893	508111	323782	65889	26021	35019	43580	34688	23081	30835	32915	35462	15434	25152	23710	34470	19855	23298	38701	35370	19262	2716	27043	30445	19051	2163	27255	22420	15333	1703	21262	33284	25267	2462	38745
chrX	66574658	67340657	766000	9	0	766000	477092	288908	64586	24743	32331	42255	32836	20385	27014	31034	33119	13943	21968	22021	33374	18611	21937	36934	33293	16929	2369	25091	26529	15831	1572	23295	20347	12693	1246	18660	31100	21773	1975	36204
chrX	67340658	67635657	295000	8	0	295000	184382	110618	25425	9488	12624	16603	12601	7735	10206	11648	12903	5172	8528	8262	13212	7142	8307	14525	12434	6363	1003	9737	9924	5810	795	8938	7888	4977	667	7216	11944	8316	831	13774
chrX	67635658	67940657	305000	7	0	305000	186575	118425	24248	9436	12901	16090	12793	8388	11367	11940	13153	5629	9431	8774	12482	7147	8791	14004	12931	6899	900	9870	11182	6821	624	9969	8158	5704	517	7862	12217	9172	809	14789
chrX	67940658	68212657	272000	6	0	272000	166707	105293	21888	8490	11506	14319	11096	7565	9974	10782	11482	4983	8369	7621	11738	6687	7755	12450	11594	6121	924	9086	9644	5850	764	8919	7163	5271	604	6898	11017	7935	802	12701
chrX	68212658	68313657	101000	5	0	101000	61351	39649	8368	3106	4200	5271	4161	2751	3765	3858	4139	1885	3250	2766	4277	2395	2810	4348	4098	2284	426	3328	3563	2198	399	3368	2825	2079	307	2733	4049	2967	428	4596
chrX	68313658	68606657	293000	4	0	293000	172281	120719	23283	8565	11213	13974	11570	8983	11908	10237	10810	5413	10513	7682	11372	6738	7589	12431	11530	7149	1388	9632	11356	7332	1645	10584	8407	7634	1380	8263	11405	8802	1467	12743
chrX	68606658	68745657	139000	5	0	139000	74090	64910	7627	3532	5497	4828	4965	4925	6769	4833	5172	2906	5751	3388	3721	2660	3344	4171	5413	3785	669	4156	6442	5616	851	6328	4410	4611	686	4725	5226	5225	614	6152
chrX	68745658	68762616	16959	6	0	16959	8771	8188	731	431	704	483	584	601	890	594	624	388	781	376	411	298	433	440	633	450	81	554	793	724	53	875	593	618	64	581	650	653	68	798
chrX	68762617	69178656	416040	6	0	416040	218263	197777	21290	10111	16619	14134	14448	14434	21047	13966	15401	8875	18115	9881	11014	7566	9921	11439	15792	10956	1913	12326	19217	18093	2561	20103	13498	14727	1950	14369	15388	16198	1782	18904
chrX	69178657	69579806	401150	7	0	401150	218118	183032	23236	10577	16225	15144	14577	12954	19333	14245	15691	8342	16366	10135	11678	7739	10009	11865	15228	10336	1653	12395	17793	15125	2185	17737	12716	12402	1723	13205	15372	14977	1589	18596
chrX	69579807	69821655	241849	7	0	241849	148935	92914	19726	7717	10058	13086	10054	6405	8498	9387	10157	4337	7269	6840	10650	6244	7121	11385	10129	5609	939	8027	8447	5261	826	7810	6153	4449	724	5936	9615	7024	791	11173
chrX	69821656	69835969	14314	8	0	14314	8647	5667	1140	477	608	720	651	390	526	614	623	282	397	454	531	313	376	544	622	348	70	422	559	319	40	458	410	252	39	371	590	457	53	656
chrX	69835971	69837397	1427	8	0	1427	753	674	84	34	46	46	47	53	94	41	47	37	58	30	32	25	36	43	49	43	8	48	73	47	7	49	63	43	7	63	50	42	6	74
chrX	69837399	69843570	6172	8	0	6172	3793	2379	457	188	258	340	251	156	228	270	265	113	199	185	271	147	165	299	269	117	19	199	208	128	12	200	167	117	24	156	261	186	21	294
chrX	69843572	69843753	182	8	0	182	119	63	21	2	11	8	3	1	6	9	6	3	2	3	13	7	4	18	2	5	0	7	6	4	3	4	8	4	1	5	3	4	0	7
chrX	69843755	69849080	5326	8	0	5326	3233	2093	424	175	214	276	220	148	191	206	222	101	161	138	223	136	162	235	209	119	23	209	195	123	22	171	126	119	19	135	235	150	24	213
chrX	69849089	69850108	1020	8	0	1020	649	371	80	34	45	57	49	47	25	49	41	13	27	25	46	32	27	51	67	16	5	39	30	10	0	25	30	15	2	25	42	24	5	35
chrX	69850111	69851158	1048	8	0	1048	656	392	72	32	49	56	39	22	37	50	44	20	23	36	53	30	34	57	45	21	3	35	41	20	0	36	24	21	1	22	38	35	0	50
chrX	69851159	69856254	5096	8	0	5096	3163	1933	438	168	192	284	211	162	184	212	213	81	142	160	220	111	141	244	229	113	17	162	180	99	18	147	155	87	10	118	204	145	15	232
chrX	69856257	69856711	455	8	0	455	292	163	45	16	14	21	17	34	12	21	14	4	6	16	20	15	12	24	42	13	0	13	15	5	0	10	12	3	1	8	15	9	3	13
chrX	69856713	69862004	5292	8	0	5292	3398	1894	483	194	240	304	265	121	154	218	249	88	135	190	225	115	158	258	233	117	18	149	177	85	7	131	120	69	3	122	228	129	20	285
chrX	69862006	69863666	1661	8	0	1661	1021	640	112	40	55	72	57	63	64	75	55	27	61	40	55	59	44	140	94	33	0	62	59	31	1	61	39	38	1	38	67	50	2	64
chrX	69863667	69876276	12610	7	0	12610	7402	5208	823	393	501	600	538	377	516	502	502	245	404	375	454	281	366	525	478	334	50	433	542	297	38	451	396	279	26	356	517	418	44	547
chrX	69876277	69882708	6432	7	0	6432	3807	2625	515	223	272	282	273	184	243	262	256	111	201	162	248	141	170	263	267	159	22	210	246	176	24	238	214	147	25	166	235	202	21	272
chrX	69882709	69888978	6270	7	0	6270	3811	2459	488	181	269	330	272	148	237	250	246	126	180	178	263	174	181	286	241	154	19	216	243	156	16	210	165	137	13	159	258	178	12	282
chrX	69888985	69895395	6411	7	0	6411	4032	2379	585	217	254	357	280	168	205	280	269	100	165	187	279	163	189	332	275	148	27	198	241	127	15	177	171	104	10	165	246	181	20	274
chrX	69895400	69896107	708	7	0	708	444	264	69	22	35	32	27	33	34	15	28	15	16	19	34	20	16	28	46	14	1	30	22	7	2	18	13	12	1	19	28	16	0	34
chrX	69896108	69896398	291	7	0	291	169	122	13	3	14	11	6	11	13	13	8	6	14	14	14	9	5	14	12	8	1	8	15	7	0	8	6	8	1	5	11	7	0	24
chrX	69896401	69899526	3126	7	0	3126	1949	1177	284	84	130	186	120	90	106	115	136	59	102	76	144	85	90	141	129	74	7	108	101	67	7	110	73	49	5	73	128	95	13	137
chrX	69899527	69902188	2662	7	0	2662	1748	914	178	93	103	165	92	87	76	109	118	41	58	69	151	79	113	215	130	55	6	109	72	40	7	62	54	32	2	58	109	53	3	121
chrX	69902190	69904094	1905	7	0	1905	1183	722	199	61	81	101	81	50	65	79	67	36	67	45	95	42	47	65	92	36	5	56	61	46	7	51	53	32	7	60	69	51	3	93
chrX	69904108	69905430	1323	7	0	1323	802	521	88	39	56	70	59	41	47	51	59	21	42	42	48	36	41	61	58	26	1	52	55	30	2	43	30	28	0	31	55	46	3	60
chrX	69905432	69910372	4941	7	0	4941	3134	1807	402	153	226	262	192	132	153	181	225	87	145	154	225	138	182	275	217	91	21	181	140	86	9	160	100	76	12	102	201	142	6	263
chrX	69910377	69912734	2358	7	0	2358	1495	863	197	82	102	125	96	73	95	95	115	40	65	69	98	60	67	115	119	39	8	88	65	37	1	53	65	25	4	68	110	55	5	120
chrX	69912736	69912769	34	7	0	34	24	10	6	1	2	3	0	0	1	2	3	0	0	2	3	0	0	1	1	0	0	0	1	0	0	1	1	0	0	0	0	2	0	2
chrX	69912771	69916419	3649	7	0	3649	2241	1408	299	118	167	185	137	95	136	133	140	61	116	108	193	85	108	158	143	81	11	124	121	69	15	125	97	84	11	102	140	96	13	176
chrX	69916421	69916551	131	7	0	131	49	82	0	1	3	1	3	7	10	1	2	4	11	2	0	2	2	0	2	3	2	7	7	6	3	6	7	8	4	7	5	6	1	6
chrX	69916553	69917190	638	7	0	638	349	289	42	19	13	28	25	28	27	13	10	11	31	20	25	17	19	21	26	24	5	20	28	18	10	29	13	23	3	16	26	19	2	25
chrX	69917192	69917230	39	7	0	39	17	22	1	0	1	1	1	2	2	4	0	0	1	1	1	1	0	0	1	1	0	1	4	2	0	1	3	3	0	2	1	2	0	0
chrX	69917232	69918149	918	7	0	918	617	301	87	33	41	63	37	13	21	40	43	8	17	32	57	29	27	69	28	23	3	29	29	16	1	27	16	11	2	14	38	24	2	36
chrX	69918152	69919888	1737	7	0	1737	1080	657	163	58	71	95	67	53	68	44	74	32	61	46	85	37	49	75	64	37	4	75	61	35	10	50	33	35	2	38	74	49	4	86
chrX	69919892	69920840	949	7	0	949	634	315	88	29	40	66	38	18	27	47	37	20	15	22	60	35	31	60	41	16	2	43	28	19	0	23	25	10	0	13	35	25	0	34
chrX	69920842	69920859	18	7	0	18	9	9	1	0	1	0	0	0	1	2	0	0	0	0	1	0	1	0	1	0	0	0	1	1	0	1	1	1	0	2	0	1	0	0
chrX	69920861	69920948	88	7	0	88	53	35	2	1	3	8	3	3	4	2	6	1	3	4	3	2	3	4	2	2	0	2	3	0	0	5	3	2	0	1	5	4	0	5
chrX	69920953	69924387	3435	7	0	3435	2168	1267	281	119	138	196	156	102	100	169	140	58	64	112	157	96	101	177	174	78	14	109	124	66	7	97	92	54	9	69	137	96	12	129
chrX	69924389	69924411	23	7	0	23	15	8	1	2	0	2	2	1	1	0	1	1	2	0	1	0	0	0	3	0	0	1	0	0	0	0	0	0	0	0	1	0	0	2
chrX	69924412	69925783	1372	7	0	1372	849	523	110	52	60	79	85	28	50	56	66	26	36	46	40	34	25	55	69	30	2	39	56	23	2	43	29	25	0	29	65	46	4	60
chrX	69925785	70000649	74865	7	0	74865	46436	28429	6139	2336	3156	4133	3095	1946	2665	2896	3132	1338	2194	2160	3400	1960	2307	3577	3073	1645	242	2620	2631	1596	172	2350	1893	1372	151	1860	3005	2136	191	3492
chrX	70000650	70234649	234000	6	0	234000	132364	101636	16207	6666	9495	9860	8932	7148	10201	8077	9056	4611	9006	6068	8032	5051	6154	7799	8886	6005	1083	7502	9540	7314	1341	9592	6756	6569	1133	7174	9176	7899	1077	10588
chrX	70234650	70441649	207000	5	0	207000	118881	88119	14527	5764	8436	9002	7567	6084	8688	7131	8001	4082	7538	5517	7634	5007	5877	8026	7796	5209	1061	6871	8057	6188	1236	8261	5756	5439	1060	6045	7861	6906	1009	9362
chrX	70441650	70483649	42000	6	0	42000	22360	19640	2645	1081	1625	1526	1541	1460	1916	1241	1432	846	1774	1030	1259	817	995	1171	1579	1129	204	1292	1785	1755	424	1948	1258	1428	374	1381	1536	1600	256	1690
chrX	70483650	70626649	143000	5	0	143000	84687	58313	11015	4255	5985	6900	5805	4227	5585	5202	5765	2672	4903	3894	5569	3299	3816	5794	5709	3445	568	4731	5477	3640	661	5046	4014	3241	548	3999	5619	4498	603	6513
chrX	70626650	70880649	254000	6	0	254000	156053	97947	21860	8066	10093	13553	10692	7210	9206	9729	10187	4355	7503	7314	10832	6301	7001	12150	10758	5872	1079	8223	9142	5399	961	7893	6925	4947	881	6507	10011	7177	991	11180
chrX	70880650	71170649	290000	5	0	290000	163052	126948	20720	7973	10991	12024	10578	9408	12744	9620	10461	5394	11282	7554	9948	6439	7379	10536	10806	7607	1530	9271	12065	9251	2056	11787	8825	8526	1825	8707	10654	9775	1631	12631
chrX	71170650	71287649	117000	4	0	117000	60956	56044	7401	2915	4195	3870	4020	4120	5748	3252	3831	2477	5436	2867	3129	2332	2736	2627	3970	3424	797	3653	5304	4611	1190	5648	3641	4250	1144	3799	4224	4467	905	5015
chrX	71287650	71301649	14000	5	0	14000	7691	6309	1058	420	498	513	521	428	669	402	454	285	585	339	456	325	387	350	470	411	106	472	606	373	130	601	433	467	107	469	511	460	95	597
chrX	71301650	71494649	193000	4	0	193000	108068	84932	14953	5189	6735	8086	7011	6316	8393	5973	6423	3685	7985	5122	6576	4350	4997	6273	6902	5069	1241	6328	8001	5476	1845	7767	5380	6188	1647	5871	7409	6356	1307	8144
chrX	71494650	71662649	168000	5	0	168000	93385	74615	12076	4555	6338	6831	6213	5669	7603	5307	5831	3298	6583	4367	5680	3660	4139	5235	6209	4461	1040	5472	6985	5088	1450	6755	5278	5193	1254	5349	6319	5536	1138	7086
chrX	71662650	71764649	102000	4	0	102000	53835	48165	5495	2740	3479	3583	3356	3624	4678	3621	3750	2322	3939	2475	2696	2158	2233	3685	4129	2791	1113	2812	4642	4015	1351	4084	3182	3459	1055	3046	3326	3827	945	4387
chrX	71764650	71836649	72000	5	0	72000	40299	31701	4849	2198	2673	2984	2795	2398	3157	2714	2883	1465	2409	1967	2177	1530	1690	2409	3001	1957	563	2070	3093	2321	568	2697	2259	1894	442	2111	2711	2507	455	3051
chrX	71836650	71980649	144000	6	0	144000	82015	61985	9860	4165	5735	6221	5604	4546	6144	5337	5715	2810	5176	3775	4802	3197	3641	5285	5899	3548	756	4515	5976	4378	833	5538	4365	3777	691	4233	5392	5022	652	6410
chrX	71980650	72491649	511000	5	0	511000	286539	224461	34366	14238	20475	21422	19472	16380	22452	17828	19397	10081	19538	13062	17265	10889	12867	16805	19735	13094	2511	16248	21154	16431	3273	20969	15567	14620	2878	15903	19676	17682	2508	22212
chrX	72491650	72703237	211588	6	0	211588	130113	81475	17584	6558	8912	11327	8385	5473	7542	8078	8737	3782	6302	5913	9677	5539	6288	10014	8571	4784	820	7177	7148	4695	947	6943	5399	4250	743	5264	8360	6004	710	9660
chrX	72703239	72710814	7576	6	0	7576	4717	2859	655	211	322	423	289	222	244	297	325	138	214	217	342	209	234	375	317	177	14	272	242	181	24	259	184	137	21	136	309	212	25	347
chrX	72710822	72713671	2850	6	0	2850	1667	1183	247	79	98	144	101	82	119	75	102	48	103	76	119	81	73	119	105	69	22	94	101	78	31	94	73	72	35	80	98	85	20	125
chrX	72713672	72717713	4042	6	0	4042	2054	1988	240	97	152	144	122	146	167	101	140	89	169	85	131	71	88	110	123	96	47	138	154	140	106	160	125	160	112	143	134	164	51	135
chrX	72717714	72718298	585	6	0	585	414	171	60	19	19	44	18	11	11	37	29	7	9	15	36	20	18	60	26	10	2	19	8	9	2	14	15	2	0	3	27	12	0	21
chrX	72718303	72722711	4409	6	0	4409	2731	1678	393	115	179	288	180	145	147	144	178	89	127	111	225	95	113	201	190	104	20	130	139	93	33	133	118	85	24	103	168	116	21	200
chrX	72722712	72726487	3776	6	0	3776	2431	1345	339	136	149	216	161	81	109	144	147	47	113	112	193	122	107	254	179	80	25	102	107	69	12	122	86	58	7	78	123	103	16	177
chrX	72726516	72729506	2991	6	0	2991	1905	1086	263	99	146	167	104	64	107	144	152	51	59	94	157	77	87	133	125	59	14	93	88	41	8	87	80	44	9	81	126	80	13	137
chrX	72729508	72741022	11515	6	0	11515	6966	4549	912	374	468	591	458	321	394	490	489	219	340	320	487	299	327	475	503	306	65	339	393	274	64	399	322	195	52	269	446	355	45	522
chrX	72741024	72746820	5797	6	0	5797	3443	2354	379	178	258	276	236	166	229	234	246	124	209	153	231	134	158	231	268	115	33	186	197	136	16	190	175	113	18	174	224	175	29	304
chrX	72746821	72747370	550	6	0	550	334	216	53	21	21	31	32	18	20	18	23	14	12	14	19	7	15	15	32	12	1	15	24	14	2	13	15	11	0	14	17	16	3	26
chrX	72747371	72752614	5244	6	0	5244	3078	2166	383	174	196	233	221	166	211	218	197	112	161	159	186	127	155	178	236	138	36	169	219	119	21	171	160	111	17	140	201	162	22	243
chrX	72752617	72753124	508	6	0	508	337	171	67	14	12	39	19	9	17	10	22	9	11	18	24	13	22	29	15	13	2	15	16	9	2	19	6	7	1	6	18	17	3	22
chrX	72753125	72753238	114	6	0	114	78	36	17	4	2	5	3	15	4	4	5	0	1	4	4	2	1	5	21	0	0	1	1	0	0	1	1	0	0	1	3	2	0	5
chrX	72753239	72753489	251	6	0	251	146	105	12	12	4	9	7	16	5	21	8	2	8	3	11	8	4	15	25	8	0	5	10	16	0	9	7	1	0	2	7	9	0	5
chrX	72753490	72758284	4795	6	0	4795	2895	1900	398	168	196	237	219	147	160	221	209	90	149	129	174	111	134	151	218	121	28	149	185	102	10	150	151	80	12	117	193	144	16	224
chrX	72758286	72760029	1744	6	0	1744	1044	700	114	64	97	82	87	49	63	58	81	39	59	55	75	28	42	51	79	43	5	53	65	35	10	50	42	27	1	54	71	53	6	104
chrX	72760031	72760073	43	6	0	43	21	22	1	1	2	1	1	2	2	0	1	0	6	1	1	0	1	0	1	1	0	1	1	0	0	4	3	1	0	2	0	3	0	4
chrX	72760075	72765504	5430	6	0	5430	3154	2276	394	177	240	230	221	166	262	178	240	136	141	162	185	106	125	190	227	132	39	187	222	141	36	166	161	110	17	158	217	183	22	257
chrX	72765506	72765525	20	6	0	20	12	8	1	1	1	0	2	0	0	1	0	0	2	0	0	1	1	1	1	0	0	1	0	0	0	1	1	1	0	0	1	0	0	1
chrX	72765527	72771855	6329	6	0	6329	3677	2652	509	187	227	284	290	207	232	252	220	133	174	199	189	143	173	257	255	182	30	202	296	192	33	223	181	148	29	154	249	222	28	227
chrX	72771857	72772647	791	6	0	791	536	255	87	25	31	57	43	24	19	30	25	14	12	23	45	33	22	44	45	18	6	27	19	8	0	18	20	3	3	14	32	16	1	25
chrX	72772650	72772871	222	6	0	222	103	119	20	4	4	7	7	9	18	0	6	4	9	6	3	3	1	1	6	6	1	7	11	14	2	14	6	15	5	6	10	6	4	5
chrX	72772872	72773582	711	6	0	711	380	331	55	18	32	15	23	25	38	20	27	12	38	9	15	19	16	16	29	14	4	27	27	26	4	30	28	26	5	25	22	21	1	42
chrX	72773585	72787657	14073	6	0	14073	7200	6873	639	371	522	432	449	490	706	445	512	343	669	326	365	271	317	341	526	396	137	416	551	561	185	685	497	456	136	477	516	569	128	637
chrX	72787658	72796715	9058	6	0	9058	4822	4236	458	243	316	311	312	318	464	319	338	209	397	251	220	180	200	285	374	238	69	268	401	364	62	392	270	260	42	300	368	357	53	417
chrX	72796717	72796773	57	6	0	57	26	31	1	3	1	2	4	1	3	2	1	1	1	3	1	0	0	1	3	1	0	1	4	6	1	0	2	4	1	1	2	1	0	3
chrX	72796775	72797645	871	6	0	871	515	356	74	31	39	38	40	24	19	42	32	15	32	26	35	16	17	34	37	18	9	21	26	23	9	27	27	18	9	26	35	26	11	33
chrX	72797646	72854697	57052	6	0	57052	32821	24231	4259	1819	2285	2543	2311	1693	2262	2072	2417	1164	1942	1559	1920	1206	1306	2062	2342	1406	497	1636	2172	1766	420	2109	1664	1288	321	1527	2160	2007	392	2523
chrX	72854698	72854763	66	6	0	66	44	22	12	0	14	0	0	0	0	0	13	0	3	0	0	0	0	0	0	0	0	0	0	0	0	5	0	0	0	0	0	5	0	12
chrX	72854764	72860190	5427	6	0	5427	3034	2393	410	178	228	187	210	174	241	190	221	114	153	124	162	131	156	155	250	143	43	161	221	173	42	211	174	153	39	170	169	178	28	236
chrX	72860191	72860607	417	6	0	417	231	186	23	11	13	16	12	14	20	23	20	12	15	16	8	7	12	7	13	14	3	15	18	10	4	12	13	5	2	14	26	15	3	19
chrX	72860608	72866034	5427	6	0	5427	3034	2393	410	178	228	187	210	174	241	190	221	114	153	124	162	131	156	155	250	143	43	161	221	173	42	211	174	153	39	170	169	178	28	236
chrX	72866036	72866059	24	6	0	24	18	6	6	0	5	0	0	0	0	0	6	0	0	0	0	0	0	0	0	0	0	0	0	0	0	0	0	0	0	0	0	0	0	5
chrX	72866061	72866110	50	6	0	50	31	19	6	0	11	0	0	0	0	0	10	0	3	0	0	0	0	0	0	0	0	0	0	0	0	5	0	0	0	0	0	5	0	8
chrX	72866115	72879147	13033	6	0	13033	6909	6124	768	329	525	468	478	415	580	443	510	286	554	354	335	245	263	355	469	332	104	370	565	559	121	611	407	401	108	372	474	564	97	569
chrX	72879152	72879360	209	6	0	209	136	73	43	11	10	11	11	1	7	3	12	1	0	3	10	2	5	5	8	4	1	2	9	2	2	6	5	4	3	10	0	10	2	4
chrX	72879361	72879734	374	6	0	374	224	150	36	13	29	15	9	6	9	10	32	3	9	11	16	5	9	12	7	10	1	9	13	13	3	24	7	4	0	3	7	26	2	19
chrX	72879735	72879833	99	6	0	99	51	48	9	0	14	0	0	1	0	0	13	0	12	0	1	1	0	0	0	2	0	0	1	7	0	11	0	0	0	0	0	11	0	14
chrX	72879834	72880587	754	6	0	754	401	353	47	19	29	26	30	25	36	17	24	16	31	17	20	21	19	24	32	19	12	18	31	31	6	32	24	22	2	34	21	28	10	29
chrX	72880608	72880695	88	6	0	88	58	30	22	0	16	0	12	0	0	0	4	0	2	0	0	0	0	0	0	0	0	0	0	0	0	0	12	0	0	12	0	0	0	6
chrX	72880697	72881402	706	6	0	706	388	318	56	25	13	31	30	22	27	18	20	9	37	26	21	17	9	25	22	20	14	17	25	22	14	26	18	20	10	18	32	25	10	25
chrX	72881403	72882536	1134	6	0	1134	704	430	89	39	38	75	50	33	40	45	44	22	32	34	59	33	24	46	59	21	10	37	32	25	7	30	30	22	3	21	47	26	14	45
chrX	72882537	72887015	4479	6	0	4479	2808	1671	391	144	187	236	179	133	114	188	210	81	117	129	178	123	150	247	195	95	36	156	153	90	17	121	95	64	18	93	171	133	35	198
chrX	72887017	72893555	6539	6	0	6539	3601	2938	429	207	264	265	257	201	307	208	303	144	228	192	178	111	132	173	242	177	78	166	254	223	64	253	225	144	39	206	252	250	59	306
chrX	72893557	72900304	6748	6	0	6748	4041	2707	532	261	261	330	303	188	249	255	283	131	199	184	267	159	177	261	312	161	57	209	227	160	50	214	184	140	27	169	272	190	40	294
chrX	72900305	72902909	2605	6	0	2605	1720	885	286	105	117	173	133	48	73	100	143	32	57	74	118	64	65	131	107	54	16	72	74	30	8	63	65	30	7	52	108	61	13	124
chrX	72902914	72908392	5479	6	0	5479	3450	2029	529	185	214	330	252	126	175	214	265	94	146	169	212	123	146	269	221	108	43	157	174	98	28	153	143	84	28	117	229	162	29	254
chrX	72908415	72913195	4781	6	0	4781	2740	2041	347	137	184	212	170	138	188	198	188	105	175	121	174	108	105	189	182	122	49	135	185	140	41	187	137	121	27	125	190	170	25	204
chrX	72913197	72913235	39	6	0	39	15	24	1	0	1	1	1	2	2	0	1	2	3	1	0	0	0	0	1	1	0	2	2	5	1	2	0	1	0	1	1	3	1	1
chrX	72913237	72913526	290	6	0	290	122	168	10	7	8	4	7	16	15	7	8	9	12	5	4	2	6	2	11	13	5	5	12	20	12	12	10	13	3	16	12	10	4	8
chrX	72913527	72914216	690	6	0	690	341	349	26	23	25	17	24	21	32	27	22	20	36	12	19	9	12	16	32	18	7	16	25	32	11	40	27	20	10	19	20	37	4	29
chrX	72914218	72916397	2180	6	0	2180	1084	1096	80	56	75	57	72	96	118	95	69	57	96	49	46	39	40	37	95	72	19	62	108	98	12	101	92	64	15	87	87	85	20	79
chrX	72916414	72920172	3759	6	0	3759	1954	1805	165	113	137	120	142	158	195	140	128	92	139	100	99	72	79	74	169	116	27	123	208	169	17	147	125	107	16	122	133	149	18	158
chrX	72920175	72920420	246	6	0	246	165	81	37	8	16	12	6	1	11	6	16	8	8	3	13	2	6	11	8	4	0	6	3	3	0	9	5	2	0	5	8	6	0	21
chrX	72920421	72921414	994	6	0	994	658	336	126	44	51	48	46	21	33	28	50	17	22	29	46	24	21	51	52	21	8	25	17	14	4	26	20	7	2	21	39	20	4	55
chrX	72921416	72922657	1242	6	0	1242	859	383	132	57	43	82	62	27	33	50	46	25	18	24	74	37	25	122	80	23	6	37	37	18	2	23	21	10	1	12	34	29	3	47
chrX	72922659	72924048	1390	6	0	1390	866	524	151	61	67	63	71	30	36	56	60	21	43	46	59	24	30	47	65	28	9	33	40	26	10	38	35	24	10	35	53	36	11	70
chrX	72924050	72924069	20	6	0	20	10	10	0	1	0	2	2	0	0	1	0	0	0	0	1	0	0	1	1	0	0	0	2	3	0	0	2	2	0	0	0	0	0	0
chrX	72924071	72926255	2185	6	0	2185	1382	803	189	78	77	128	96	56	78	95	103	43	43	77	85	58	57	118	110	43	18	64	72	43	10	44	55	28	6	43	88	55	20	103
chrX	72926257	72926301	45	6	0	45	24	21	2	1	4	0	0	3	2	0	2	0	3	0	4	2	0	0	3	1	0	2	1	1	1	2	1	1	0	2	0	1	1	3
chrX	72926303	72933164	6862	6	0	6862	3434	3428	268	166	234	183	218	259	388	226	235	167	352	177	130	119	142	168	264	193	50	204	332	323	51	344	214	232	37	253	282	302	32	315
chrX	72933166	72933198	33	6	0	33	17	16	0	0	0	0	0	0	1	0	0	1	13	0	0	0	0	0	1	0	0	0	0	0	0	0	0	0	0	0	0	0	0	15
chrX	72933200	72942091	8892	6	0	8892	4602	4290	393	239	318	284	286	327	466	302	324	221	404	207	231	174	192	233	367	261	73	260	365	360	88	433	302	275	53	296	346	350	68	392
chrX	72942093	72943774	1682	6	0	1682	741	941	64	37	59	26	48	62	101	44	51	47	72	35	22	24	29	19	45	53	17	55	75	103	50	77	76	85	35	64	59	64	18	64
chrX	72943775	72943817	43	6	0	43	14	29	0	0	0	0	0	0	1	0	0	0	13	0	0	0	0	0	0	0	0	0	0	0	0	13	1	0	0	1	0	12	0	0
chrX	72943821	72946657	2837	6	0	2837	1517	1320	139	81	119	106	94	81	113	83	114	63	134	63	98	64	86	78	95	70	36	88	92	84	38	136	95	76	39	96	89	121	31	133
chrX	72946658	72947239	582	7	0	582	307	275	41	14	26	17	21	20	23	15	23	10	31	21	14	9	10	11	17	12	11	13	19	12	9	26	22	20	9	19	21	21	11	32
chrX	72947243	72947940	698	7	0	698	367	331	44	18	32	15	23	25	38	20	27	12	38	9	14	19	16	15	29	14	4	27	27	26	4	30	28	26	5	25	22	21	1	42
chrX	72947941	72948163	223	7	0	223	104	119	21	5	4	7	7	9	18	0	5	4	9	6	3	3	1	1	7	6	1	7	11	14	2	14	6	15	5	6	10	6	3	5
chrX	72948166	72948956	791	7	0	791	536	255	87	25	31	58	43	24	19	30	25	14	12	23	45	33	22	43	45	18	6	27	19	8	0	18	20	3	3	14	32	16	1	25
chrX	72948959	72949810	852	7	0	852	515	337	89	36	31	41	43	19	31	27	34	16	26	18	33	17	18	34	39	19	8	22	31	27	5	24	20	19	8	21	30	22	3	39
chrX	72949812	72950943	1132	7	0	1132	607	525	72	30	33	42	39	45	55	36	27	25	46	29	40	22	23	41	44	29	11	38	42	50	12	47	49	28	10	37	40	44	9	35
chrX	72950944	72954362	3419	7	0	3419	1959	1460	241	88	135	145	162	122	111	159	123	76	75	112	83	83	106	138	130	116	10	113	197	100	14	124	99	88	8	73	128	132	10	116
chrX	72954368	72955294	927	7	0	927	597	330	105	33	28	55	47	21	35	30	36	16	26	40	33	20	26	44	43	18	1	28	26	15	2	27	13	13	3	23	51	24	6	37
chrX	72955298	72960074	4777	7	0	4777	2842	1935	378	158	213	221	196	147	205	167	219	112	117	144	176	96	112	180	198	109	34	172	192	117	32	130	131	94	14	119	194	151	21	226
chrX	72960076	72960761	686	7	0	686	337	349	28	21	28	9	27	19	57	12	22	24	26	18	9	11	15	11	30	23	5	17	29	24	4	37	31	16	2	39	24	32	1	33
chrX	72960763	72960805	43	7	0	43	21	22	1	1	2	1	1	2	2	0	1	0	6	1	1	0	1	0	1	1	0	1	1	0	0	4	3	1	0	2	0	3	0	4
chrX	72960807	72962425	1619	7	0	1619	970	649	106	60	92	74	81	42	57	56	78	35	52	52	67	26	41	50	72	40	5	46	61	33	9	48	38	27	1	50	65	50	5	98
chrX	72962426	72963082	657	7	0	657	400	257	41	20	30	40	33	24	16	31	26	12	21	15	31	18	16	25	32	16	4	22	23	9	5	19	23	8	2	19	26	22	3	23
chrX	72963084	72964899	1816	7	0	1816	1077	739	132	59	85	91	74	43	73	64	88	36	75	39	72	45	53	46	62	42	9	71	62	40	2	73	52	41	3	44	78	54	8	98
chrX	72964900	72965990	1091	7	0	1091	653	438	99	43	30	50	50	44	38	66	39	19	23	32	34	23	25	36	64	29	8	28	51	28	2	25	45	17	3	25	38	32	5	38
chrX	72965991	72967336	1346	7	0	1346	833	513	130	52	56	62	67	43	39	62	60	27	35	45	42	27	42	43	67	37	7	37	53	25	2	35	34	14	4	30	57	39	1	70
chrX	72967337	72967585	249	7	0	249	144	105	10	13	4	9	7	16	5	21	8	2	8	3	10	8	4	14	25	9	0	5	10	16	0	9	7	1	0	2	7	9	0	5
chrX	72967586	72967679	94	7	0	94	72	22	23	4	2	7	2	2	4	4	5	0	1	4	4	2	1	5	7	0	0	1	1	0	0	1	1	0	0	1	3	2	0	5
chrX	72967680	72968197	518	7	0	518	334	184	53	14	12	39	18	21	17	10	22	9	11	18	25	14	22	29	26	13	2	15	16	9	2	19	6	7	1	6	18	17	3	22
chrX	72968200	72970315	2116	7	0	2116	1305	811	182	82	85	102	107	52	65	105	93	41	47	80	68	50	65	79	101	51	13	60	87	38	4	58	51	35	7	45	91	63	8	99
chrX	72970317	72970357	41	7	0	41	25	16	4	1	1	1	0	1	1	3	2	1	1	1	1	1	1	3	0	0	2	2	1	0	0	2	2	1	0	1	2	2	0	1
chrX	72970359	72970963	605	7	0	605	319	286	27	23	9	20	18	32	34	24	13	14	26	15	20	12	11	19	35	22	6	18	30	21	5	25	23	20	1	12	21	18	4	25
chrX	72970966	72973446	2481	7	0	2481	1431	1050	172	68	103	110	97	80	109	86	90	58	86	62	93	63	77	75	101	65	15	88	102	60	12	85	82	55	8	81	87	79	9	121
chrX	72973447	72973999	553	7	0	553	337	216	56	21	22	31	32	18	20	18	23	14	12	14	17	7	15	15	32	12	1	15	24	14	2	13	15	11	0	14	17	16	3	27
chrX	72974001	72978556	4556	7	0	4556	2645	1911	276	133	205	197	174	123	193	178	186	93	179	129	174	107	125	172	197	88	23	148	162	119	15	167	143	98	16	147	165	158	24	240
chrX	72978569	72979810	1242	7	0	1242	804	438	114	44	53	77	63	40	35	57	58	30	30	25	54	29	32	61	70	26	10	37	34	15	2	23	34	15	1	28	57	18	5	63
chrX	72979811	72979826	16	7	0	16	9	7	2	0	1	2	1	0	0	0	2	1	0	0	0	0	0	0	0	0	0	1	1	1	0	0	0	0	0	0	0	2	0	0
chrX	72979828	72983026	3199	7	0	3199	1827	1372	210	96	139	143	138	94	149	131	148	70	112	75	92	68	66	95	136	94	15	83	146	84	10	113	100	67	5	113	130	108	10	157
chrX	72983027	72983584	558	7	0	558	363	195	67	14	24	33	27	20	16	10	14	15	20	21	29	7	18	26	23	15	0	18	14	8	1	18	16	4	0	8	21	14	1	34
chrX	72983586	72983637	52	7	0	52	31	21	3	5	0	1	2	2	4	2	3	1	1	0	0	1	2	3	3	2	0	4	2	0	0	2	1	0	0	1	3	2	0	0
chrX	72983639	72988757	5119	7	0	5119	3121	1998	393	174	186	274	228	144	191	223	216	93	138	178	191	119	165	207	236	118	22	153	198	88	8	177	142	97	14	119	210	168	16	231
chrX	72988760	72991831	3072	7	0	3072	1928	1144	260	101	124	181	144	75	90	140	140	66	73	95	122	67	103	146	132	69	14	94	115	52	9	88	79	46	9	62	123	97	8	146
chrX	72991833	72991858	26	7	0	26	16	10	2	1	0	2	0	2	1	1	1	1	1	0	1	0	0	1	0	2	0	2	2	0	0	1	0	0	0	0	2	1	0	0
chrX	72991860	72992242	383	7	0	383	254	129	39	15	14	27	18	12	13	14	19	5	11	10	19	7	10	20	19	4	1	15	10	6	0	4	12	4	0	8	16	7	1	21
chrX	72992244	72992281	38	7	0	38	29	9	6	2	1	4	3	0	0	1	1	0	1	3	4	0	2	0	1	1	0	0	0	0	0	1	0	0	0	0	2	0	0	3
chrX	72992283	73036660	44378	7	0	44378	26153	18225	3283	1325	1730	2229	1855	1314	1721	1770	1790	813	1436	1277	1639	967	1086	1918	1874	1020	196	1328	1697	1190	285	1483	1353	1037	272	1172	1735	1408	183	1990
chrX	73036661	73134908	98248	8	0	98248	58471	39777	7551	3002	3896	4988	3997	2860	3752	3840	4039	1865	3121	2807	3849	2220	2522	4161	4145	2335	467	3000	3610	2587	574	3268	2808	2098	510	2542	3886	3019	447	4480
chrX	73134912	73335663	200752	8	0	200752	124215	76537	16884	6573	8515	11053	8854	5432	7200	8005	8545	3590	5589	5748	8742	4744	5564	9176	8601	4674	591	6473	7335	4309	465	6158	5625	3420	339	5074	7931	5863	515	9163
chrX	73335664	73610734	275071	7	0	275071	170799	104272	23792	8846	11691	15352	11945	7252	9888	10760	11946	4913	7952	7879	11997	6448	7578	12559	11712	6065	886	8796	9609	5722	715	8209	7492	4740	641	6995	11032	7728	820	13109
chrX	73610736	73645664	34929	7	0	34929	21330	13599	3121	1216	1490	1713	1527	946	1338	1322	1497	635	1003	964	1394	785	966	1411	1553	827	114	1088	1297	804	87	1117	956	647	79	930	1327	1027	84	1662
chrX	73645665	73811664	166000	6	0	166000	101562	64438	13713	5353	6855	8864	7169	4453	6162	6558	6880	3113	4708	4721	7023	3802	4730	7457	6994	3970	527	5230	6194	3845	413	5458	4645	3167	307	4265	6510	4927	483	7502
chrX	73811665	74558664	747000	5	0	747000	439497	307503	58093	22221	29520	36093	30127	21814	29936	26972	28301	13990	24869	20026	29407	17691	20021	30415	29822	18583	3268	24043	29060	19930	4098	27090	21353	18690	3463	20916	28613	22975	3301	32297
chrX	74558665	74690664	132000	6	0	132000	79710	52290	11215	4145	5211	6841	5479	3676	4976	4804	5115	2357	4039	3710	5603	3272	3578	5689	5270	3183	609	4388	4912	3047	692	4354	3613	2908	630	3461	5139	3868	613	5601
chrX	74690665	74801664	111000	7	0	111000	67263	43737	8821	3428	4712	5693	4655	3046	4182	4161	4603	2110	3463	3168	4575	2649	3140	4856	4632	2571	410	3620	4067	2596	357	3727	2954	2181	304	2973	4391	3399	377	5177
chrX	74801665	75055664	254000	8	0	254000	155525	98475	21106	8249	10680	13430	10996	7000	9205	10133	10979	4658	7314	7112	10384	6128	7163	10987	11053	5929	886	8168	9240	5634	755	8086	6961	4600	679	6420	10080	7551	744	11688
chrX	75055665	76109664	1054000	9	0	1054000	644374	409626	87290	34357	43399	55792	45201	29194	39054	41188	44767	19027	30226	30225	43580	25103	28987	46982	45392	24876	3965	33449	38584	24033	3440	33326	29215	19299	2798	27004	41446	31175	3737	47887
chrX	76109665	76189451	79787	8	0	79787	47897	31890	6266	2520	3314	4037	3252	2217	3053	3032	3375	1524	2494	2214	3244	1878	2108	3368	3246	1919	404	2570	2940	1963	402	2573	2174	1612	339	2141	3194	2384	343	3685
chrX	76189452	76190195	744	8	0	744	520	224	85	17	26	53	33	23	15	34	35	7	14	18	27	24	11	96	33	19	2	17	24	9	1	15	15	7	1	7	33	14	0	27
chrX	76190196	76194842	4647	8	0	4647	3085	1562	467	148	167	318	226	106	130	217	173	77	106	167	233	127	120	302	219	89	8	141	145	82	5	105	119	43	0	82	196	123	9	195
chrX	76194845	76195182	338	8	0	338	192	146	23	8	11	16	13	7	9	23	9	10	14	9	13	9	8	10	14	10	0	9	19	17	1	10	4	10	0	8	15	11	1	15
chrX	76195195	76199369	4175	8	0	4175	2621	1554	409	129	170	236	191	99	141	168	176	73	107	119	167	114	115	205	154	99	12	150	166	97	9	114	112	76	6	84	167	114	9	185
chrX	76199370	76203729	4360	8	0	4360	2655	1705	378	139	176	236	201	103	169	133	206	90	152	127	145	83	132	184	163	126	13	113	164	99	11	149	97	60	6	128	182	138	16	239
chrX	76203731	76203979	249	8	0	249	178	71	43	11	8	15	13	7	3	13	11	5	2	6	11	5	8	16	18	3	0	7	9	0	0	3	1	5	0	0	8	5	0	11
chrX	76203980	76204728	749	8	0	749	520	229	100	32	52	38	29	13	18	22	53	7	11	11	40	25	22	47	41	8	0	28	8	9	0	26	10	4	0	12	23	22	0	36
chrX	76204730	76204759	30	8	0	30	19	11	3	0	1	2	1	0	2	1	0	1	0	0	1	2	2	1	1	0	1	2	0	0	0	0	3	0	1	2	0	0	0	1
chrX	76204761	76205922	1162	8	0	1162	720	442	88	32	64	63	47	20	50	29	59	24	35	35	53	27	39	55	35	27	1	39	32	31	0	40	34	22	1	25	45	22	2	84
chrX	76205931	76208109	2179	8	0	2179	1228	951	133	52	94	84	84	59	107	86	80	63	72	58	66	49	67	72	80	59	2	82	91	72	4	95	65	58	3	66	101	73	3	97
chrX	76208114	76208214	101	8	0	101	68	33	14	5	3	4	5	2	2	3	2	3	1	1	6	2	7	6	5	2	0	5	1	2	1	2	4	2	0	2	2	0	1	4
chrX	76208221	76209387	1167	8	0	1167	753	414	99	30	48	75	44	28	38	46	50	25	29	35	59	33	24	90	40	31	4	41	42	25	6	25	23	11	2	24	50	31	8	49
chrX	76209426	76209468	43	8	0	43	36	7	0	0	0	0	0	0	0	2	0	0	2	3	0	2	2	23	2	0	0	0	0	0	0	0	0	0	0	0	0	0	0	5
chrX	76209470	76210649	1180	8	0	1180	753	427	122	39	51	65	63	32	36	42	40	23	23	42	51	30	37	55	52	27	3	42	45	19	3	26	39	14	1	28	37	33	7	51
chrX	76210652	76217783	7132	8	0	7132	4399	2733	622	237	285	419	347	182	234	296	342	138	189	223	251	152	187	294	319	174	26	190	262	164	37	200	177	110	25	156	301	214	28	349
chrX	76217785	76217859	75	8	0	75	13	62	0	0	0	0	0	2	2	1	0	2	4	1	0	0	0	0	0	4	0	0	4	22	9	4	0	7	2	1	1	6	1	0
chrX	76217861	76218151	291	8	0	291	56	235	0	0	2	0	0	7	16	1	2	7	16	1	0	2	2	0	1	7	4	4	10	63	34	16	6	41	10	11	7	14	0	5
chrX	76218154	76320100	101947	8	0	101947	62664	39283	8933	3324	4129	5405	4517	2733	3781	3807	4348	1868	2950	2977	3993	2291	2745	4863	4269	2455	376	3116	3733	2265	370	3055	2781	1819	285	2615	4055	2884	385	4818
chrX	76320101	76407861	87761	9	0	87761	54950	32811	7824	2953	3568	5144	3991	2353	3079	3508	3821	1531	2271	2515	3855	2083	2425	4027	3831	1997	297	2795	3149	1713	246	2427	2450	1422	180	2166	3501	2403	279	3955
chrX	76407862	76408664	803	9	0	803	483	320	56	22	34	39	29	33	30	22	33	12	34	29	34	15	25	34	38	14	3	28	29	16	3	27	21	13	0	20	26	32	2	48
chrX	76408666	76408761	96	9	0	96	56	40	7	1	6	4	4	3	4	1	3	3	3	1	5	3	4	2	5	2	0	3	3	1	0	7	2	3	0	3	2	5	0	4
chrX	76408762	76409636	875	9	0	875	513	362	54	21	35	44	35	27	35	40	35	14	29	32	30	21	27	32	31	18	2	32	36	24	0	34	27	22	1	24	43	30	1	37
chrX	76409637	76414600	4964	9	0	4964	3147	1817	482	163	204	291	205	125	174	196	227	86	111	158	225	111	157	231	205	124	8	148	178	90	12	150	117	74	6	123	200	142	14	225
chrX	76414613	76431662	17050	9	0	17050	9794	7256	1145	559	638	785	728	516	681	607	657	298	577	453	596	409	457	686	679	491	82	530	669	519	152	613	554	419	104	459	630	524	80	751
chrX	76431664	76431714	51	9	0	51	22	29	0	1	0	0	1	2	4	2	0	2	6	2	0	0	2	0	2	0	0	3	2	1	0	1	4	3	1	2	1	0	1	6
chrX	76431716	76436738	5023	9	0	5023	3222	1801	455	158	229	296	197	121	172	185	235	70	169	152	251	139	136	256	200	92	18	178	137	80	9	145	116	71	8	120	222	128	13	263
chrX	76436739	76449343	12605	9	0	12605	8540	4065	1343	416	508	887	566	273	312	553	578	179	268	398	667	324	397	870	563	234	23	373	361	163	15	273	283	105	4	244	497	310	22	594
chrX	76449344	76450631	1288	9	0	1288	919	369	170	39	41	114	59	28	32	50	52	21	20	45	84	34	36	92	70	16	1	35	30	15	1	19	19	8	1	16	50	26	3	59
chrX	76450640	76456791	6152	9	0	6152	3888	2264	576	204	290	349	275	169	204	243	305	94	162	164	262	145	189	256	279	119	13	201	193	123	7	167	159	105	8	164	260	142	10	313
chrX	76456794	76458681	1888	9	0	1888	1256	632	205	78	75	117	94	45	54	77	75	35	40	58	100	41	63	98	86	36	6	71	53	29	1	37	45	24	0	35	86	30	3	89
chrX	76458682	76462163	3482	9	0	3482	2263	1219	351	122	120	218	159	97	109	141	122	56	78	99	178	110	114	188	165	83	6	130	119	61	3	86	87	43	5	75	135	82	8	130
chrX	76462164	76464500	2337	9	0	2337	1514	823	222	77	92	141	121	76	62	100	96	40	41	99	93	53	70	130	110	51	13	72	75	34	7	53	63	24	2	42	112	60	6	98
chrX	76464502	76466166	1665	9	0	1665	1149	516	186	61	71	125	75	37	41	55	80	25	32	50	103	37	68	102	73	36	2	49	40	11	0	39	30	12	0	36	64	31	4	88
chrX	76466167	76467728	1562	9	0	1562	931	631	127	54	77	71	78	48	65	38	71	29	49	53	54	32	44	40	74	40	5	44	57	36	2	58	34	28	2	48	64	50	3	85
chrX	76467730	76467757	28	9	0	28	14	14	2	0	0	3	0	0	4	0	1	0	1	0	1	0	0	1	0	0	0	0	2	1	0	2	2	2	0	2	0	2	0	0
chrX	76467759	76468630	872	9	0	872	560	312	75	40	35	39	41	20	32	34	38	9	29	31	35	23	25	53	35	17	1	39	29	8	1	19	25	7	1	22	38	25	3	41
chrX	76468631	76470263	1633	9	0	1633	1156	477	216	61	61	129	83	24	45	58	77	20	19	55	90	39	49	128	76	23	2	43	38	15	1	31	30	15	2	29	66	32	3	71
chrX	76470264	76471332	1069	9	0	1069	676	393	100	35	38	71	47	25	42	42	48	12	25	33	50	21	33	52	34	24	3	32	44	25	1	25	35	16	0	35	43	30	0	46
chrX	76471333	76474472	3140	9	0	3140	1854	1286	237	103	147	149	144	81	145	91	143	66	112	82	113	57	85	97	125	80	8	94	117	78	3	114	96	55	5	108	123	99	8	173
chrX	76474473	76474868	396	9	0	396	241	155	30	15	10	22	16	9	19	7	17	7	13	15	13	12	17	18	12	14	2	15	19	6	0	16	5	6	1	6	15	15	0	22
chrX	76474871	76476280	1410	9	0	1410	896	514	130	56	62	83	83	41	39	53	63	22	29	41	55	26	40	73	73	30	5	36	50	24	1	44	35	28	0	31	57	37	2	59
chrX	76476282	76476311	30	9	0	30	17	13	0	0	0	1	1	0	1	3	0	3	0	0	0	1	4	2	2	0	0	2	2	0	0	1	0	1	0	1	1	1	0	1
chrX	76476313	76476862	550	9	0	550	353	197	57	18	23	36	28	13	16	30	25	10	14	21	24	11	11	15	24	9	3	16	21	8	2	7	19	7	1	9	22	14	2	32
chrX	76476863	76476896	34	9	0	34	23	11	2	0	1	4	2	0	0	1	2	0	1	1	1	3	0	4	1	2	0	0	2	2	0	0	0	0	0	0	1	0	0	2
chrX	76476898	76477359	462	9	0	462	271	191	25	22	12	18	16	15	17	29	16	10	8	11	19	14	11	26	26	15	7	13	16	17	4	14	20	7	1	6	16	12	2	15
chrX	76477382	76479653	2272	9	0	2272	1554	718	234	72	109	162	103	45	61	72	96	24	62	51	144	69	76	173	99	38	6	67	46	18	2	49	67	20	3	68	69	38	3	124
chrX	76479655	76480164	510	9	0	510	336	174	62	18	18	32	21	17	14	20	21	6	12	12	27	13	14	28	20	15	0	19	23	13	0	8	13	4	0	7	16	12	0	23
chrX	76480165	76481008	844	9	0	844	583	261	94	27	31	51	41	25	14	38	31	11	14	30	37	23	20	95	47	10	7	22	23	11	2	10	24	7	2	9	24	18	7	37
chrX	76481010	76484361	3352	9	0	3352	2080	1272	301	122	116	171	152	104	96	191	139	59	68	103	119	87	102	148	172	81	17	102	136	77	8	82	103	44	10	71	132	101	9	127
chrX	76484363	76484383	21	9	0	21	11	10	3	1	1	0	1	0	1	1	1	0	0	1	0	0	0	0	0	0	0	1	1	1	0	1	0	1	1	0	1	1	1	0
chrX	76484384	76485074	691	9	0	691	435	256	82	26	27	38	39	12	24	27	28	11	11	19	25	18	25	22	30	20	0	17	36	13	0	18	17	12	0	23	18	22	0	29
chrX	76485076	76485140	65	9	0	65	36	29	2	0	3	5	4	0	1	4	2	1	0	3	2	4	2	2	0	2	1	2	4	3	1	1	2	4	0	2	3	1	0	2
chrX	76485142	76485305	164	9	0	164	106	58	12	5	10	11	10	3	1	8	13	2	6	5	3	3	4	8	6	3	1	3	5	1	0	7	3	0	0	3	8	9	1	8
chrX	76485307	76485390	84	9	0	84	52	32	6	3	2	6	6	4	3	4	2	1	4	5	2	1	0	1	6	1	0	2	3	1	0	1	3	1	0	2	6	2	0	4
chrX	76485392	76489697	4306	9	0	4306	2548	1758	342	153	173	211	199	116	195	154	192	89	135	137	146	72	94	140	179	107	27	116	168	117	11	136	129	80	7	126	187	128	19	219
chrX	76489699	76489728	30	9	0	30	22	8	1	3	2	2	1	1	0	3	2	0	0	0	5	0	0	1	2	0	0	2	1	0	0	0	0	0	0	0	1	1	0	0
chrX	76489730	76489892	163	9	0	163	117	46	25	6	4	16	9	2	3	8	5	1	2	7	13	2	4	9	3	5	0	3	4	2	0	5	6	1	0	1	9	3	0	3
chrX	76489894	76490069	176	9	0	176	88	88	23	1	2	4	3	12	13	3	3	3	9	2	1	3	3	1	4	8	1	6	11	4	1	8	10	8	2	8	6	4	2	5
chrX	76490089	76496321	6233	9	0	6233	3765	2468	521	202	258	323	279	178	278	178	261	127	225	181	243	104	167	240	254	137	20	199	217	141	11	203	194	104	4	188	248	191	17	338
chrX	76496322	76498481	2160	9	0	2160	1390	770	211	79	78	135	106	52	67	107	99	42	37	64	86	55	65	106	105	47	7	68	80	30	4	56	51	31	2	46	96	62	7	77
chrX	76498482	76500219	1738	9	0	1738	1061	677	127	72	63	90	85	65	49	75	70	23	43	54	70	34	57	83	79	45	11	59	70	45	3	51	56	25	2	39	68	54	6	63
chrX	76500221	76504681	4461	9	0	4461	2857	1604	455	166	193	266	232	106	139	165	196	74	107	137	198	105	115	202	208	108	15	120	148	74	7	134	98	55	12	111	188	126	10	189
chrX	76504682	76508855	4174	9	0	4174	2218	1956	228	101	184	137	158	135	228	111	168	103	186	95	98	88	113	83	137	121	11	158	215	173	11	166	123	115	13	161	157	156	13	226
chrX	76508856	76518832	9977	9	0	9977	6001	3976	692	275	416	530	418	302	398	405	423	205	291	319	381	230	299	416	399	223	31	358	409	218	22	313	291	200	6	267	424	321	27	466
chrX	76518834	76520654	1821	9	0	1821	976	845	113	47	56	67	53	83	90	65	57	34	58	36	59	44	51	62	67	62	11	68	95	56	18	64	83	51	21	63	46	64	16	59
chrX	76520672	76525645	4974	9	0	4974	2993	1981	370	160	193	259	232	148	183	211	202	96	134	160	178	112	143	211	227	128	17	144	206	134	11	148	147	89	14	123	194	148	12	238
chrX	76525647	76529744	4098	9	0	4098	2429	1669	328	149	162	184	202	118	169	171	169	94	124	108	125	78	100	147	188	111	26	114	162	95	10	131	142	76	3	115	168	117	15	195
chrX	76529750	76536015	6266	9	0	6266	3743	2523	519	220	247	304	249	202	278	224	282	110	196	168	240	116	158	228	265	170	23	190	259	152	16	196	201	103	13	179	228	198	16	314
chrX	76536019	76536064	46	9	0	46	31	15	9	4	3	2	6	1	0	0	2	1	0	0	1	1	0	0	4	1	1	1	0	2	1	0	0	0	0	0	2	0	0	2
chrX	76536070	76536896	827	9	0	827	518	309	73	29	34	51	45	12	25	42	41	16	14	23	29	25	32	26	36	22	3	21	38	14	0	24	19	16	0	21	31	24	1	38
chrX	76536898	76536941	44	9	0	44	28	16	2	1	3	3	2	1	0	1	3	0	0	2	2	2	2	2	2	1	0	1	1	1	0	4	0	0	0	0	1	4	0	1
chrX	76536942	76537050	109	9	0	109	70	39	8	3	3	9	9	6	3	5	4	2	5	3	3	2	0	3	10	1	0	2	3	1	0	1	2	1	0	3	8	2	0	5
chrX	76537052	76537114	63	9	0	63	37	26	5	2	3	2	4	0	2	2	2	0	2	4	2	0	3	2	0	1	0	1	2	4	0	2	2	2	0	4	4	1	0	3
chrX	76537116	76538407	1292	9	0	1292	805	487	111	39	44	85	63	25	50	53	62	22	33	53	43	25	35	61	50	32	5	25	43	22	3	49	34	22	2	29	64	41	6	59
chrX	76538418	76543566	5149	9	0	5149	3115	2034	392	158	226	255	202	128	172	198	232	88	155	162	204	124	190	227	203	111	16	168	182	146	15	186	128	95	12	135	187	177	19	254
chrX	76543575	76546434	2860	9	0	2860	1851	1009	256	105	129	171	145	50	88	106	121	55	69	99	140	65	91	160	123	57	9	86	85	38	7	78	73	38	3	67	108	75	15	146
chrX	76546435	76547723	1289	9	0	1289	821	468	119	52	71	75	66	28	44	40	78	17	41	33	55	21	24	56	54	26	2	36	43	16	2	41	24	21	0	33	56	39	4	70
chrX	76547725	76548982	1258	9	0	1258	777	481	110	39	35	67	54	45	39	69	41	27	35	43	47	24	37	63	59	28	6	42	49	27	1	35	46	16	5	21	53	41	4	48
chrX	76548984	76549015	32	9	0	32	21	11	1	0	2	3	0	2	0	2	0	2	2	0	4	0	1	1	2	0	0	2	1	1	0	0	0	0	0	0	0	1	0	3
chrX	76549017	76549620	604	9	0	604	360	244	44	24	23	27	29	23	26	16	26	16	21	21	19	14	15	16	33	21	3	20	22	12	3	13	11	2	4	15	28	16	2	37
chrX	76549621	76551417	1797	9	0	1797	932	865	106	45	65	44	46	62	125	45	70	35	77	39	39	37	47	48	54	53	6	66	80	74	7	86	80	49	8	81	64	71	5	81
chrX	76551423	76551439	17	9	0	17	15	2	0	0	0	0	0	0	0	2	0	0	0	0	0	1	0	10	2	0	0	0	0	0	0	0	0	0	0	0	0	0	0	0
chrX	76551443	76551646	204	9	0	204	105	99	5	3	5	5	5	18	12	7	7	3	14	4	1	1	4	10	14	6	0	6	10	3	0	6	10	6	1	9	8	4	1	14
chrX	76551647	76551955	309	9	0	309	162	147	23	9	10	8	12	9	21	10	6	5	13	7	10	8	5	5	10	10	0	11	22	7	0	14	10	18	1	13	10	8	1	11
chrX	76551956	76556389	4434	9	0	4434	2526	1908	282	132	202	181	167	111	198	147	188	98	185	132	161	70	131	140	140	104	9	158	179	149	5	200	120	107	7	126	184	174	13	232
chrX	76556405	76556490	86	9	0	86	48	38	6	4	3	3	5	2	3	3	5	2	4	0	0	0	5	1	4	3	0	1	4	0	0	5	3	4	0	3	3	2	0	6
chrX	76556492	76556513	22	9	0	22	9	13	0	1	0	1	0	1	2	0	2	0	1	0	0	0	0	0	0	2	0	0	1	4	0	2	0	0	0	0	1	1	0	1
chrX	76556515	76557336	822	9	0	822	476	346	76	26	29	34	31	26	36	34	32	13	27	22	27	10	23	28	36	22	2	15	37	24	3	31	27	25	1	29	27	24	2	41
chrX	76557338	76559384	2047	9	0	2047	1147	900	121	63	104	62	79	64	96	59	81	41	79	54	70	51	72	49	73	58	4	85	90	68	4	77	55	56	1	74	80	57	3	115
chrX	76559387	76559951	565	9	0	565	288	277	20	16	15	21	27	37	27	19	17	13	23	12	8	7	11	14	34	21	3	15	28	18	4	28	28	12	2	18	21	27	3	14
chrX	76559953	76559994	42	9	0	42	16	26	0	2	1	0	2	3	2	0	1	0	3	2	0	0	0	0	0	3	1	1	2	3	1	3	2	2	0	0	2	1	2	1
chrX	76559999	76561582	1584	9	0	1584	889	695	107	52	73	55	65	40	94	45	82	30	66	46	33	30	32	37	56	36	5	55	61	32	7	65	54	40	3	57	74	57	5	88
chrX	76561599	76561951	353	9	0	353	226	127	36	13	15	23	21	9	11	14	8	11	6	13	22	3	7	14	19	8	2	7	12	7	0	10	11	5	0	6	12	10	0	16
chrX	76561953	76561986	34	9	0	34	25	9	1	1	2	4	3	0	0	2	3	0	0	1	3	2	0	1	2	1	0	0	1	0	0	1	0	0	0	0	2	1	0	1
chrX	76561988	76566057	4070	9	0	4070	2532	1538	341	136	157	244	203	114	141	180	183	69	103	136	151	95	112	166	197	88	14	115	162	67	3	115	112	64	7	103	167	128	14	181
chrX	76566059	76566971	913	9	0	913	610	303	95	28	32	62	35	24	25	48	38	14	15	25	50	32	27	59	50	26	0	22	36	13	0	20	15	8	1	20	31	22	1	37
chrX	76566987	76568087	1101	9	0	1101	720	381	98	36	48	80	54	23	32	40	52	16	23	25	58	28	36	70	45	23	4	31	37	16	1	30	33	17	0	28	34	28	3	50
chrX	76568097	76568778	682	9	0	682	324	358	20	20	25	11	25	20	52	23	24	19	29	15	7	14	12	7	24	22	5	22	31	41	4	34	36	17	0	33	29	29	1	29
chrX	76568780	76568799	20	9	0	20	11	9	1	1	1	0	1	1	2	0	1	2	0	0	0	0	0	0	3	0	0	1	0	0	0	1	0	0	0	0	1	0	0	2
chrX	76568801	76568956	156	9	0	156	72	84	4	4	5	2	6	4	15	2	4	6	7	3	1	1	5	3	3	6	2	4	6	6	0	9	13	4	0	9	5	6	0	9
chrX	76568958	76571922	2965	9	0	2965	1849	1116	251	110	147	164	152	81	104	95	147	59	83	102	122	49	74	107	141	72	9	77	97	51	7	91	66	39	3	72	128	84	11	168
chrX	76571936	76573708	1773	9	0	1773	1103	670	151	62	72	93	93	38	53	88	70	30	46	64	64	50	57	71	79	41	3	57	76	31	2	49	49	30	2	39	68	57	3	83
chrX	76573710	76573741	32	9	0	32	25	7	2	0	2	3	0	1	0	1	1	1	0	1	3	2	2	5	0	0	0	3	0	0	0	0	0	0	0	0	2	0	0	1
chrX	76573743	76574375	633	9	0	633	390	243	51	30	19	31	30	23	17	38	29	12	5	14	21	11	22	35	36	17	4	19	29	13	3	14	25	7	3	13	19	22	2	17
chrX	76574376	76575636	1261	9	0	1261	779	482	117	48	38	57	47	42	37	80	49	26	28	35	48	26	38	62	65	28	5	44	53	27	4	32	41	22	4	19	47	39	5	46
chrX	76575638	76576370	733	9	0	733	454	279	57	26	36	38	40	15	22	31	36	10	22	25	25	25	18	26	32	17	0	27	32	13	1	20	12	11	2	19	32	25	3	33
chrX	76576372	76576453	82	9	0	82	52	30	6	1	4	7	5	0	3	3	5	3	2	3	2	2	1	5	4	1	0	1	0	2	0	6	2	0	0	0	4	5	0	3
chrX	76576455	76577772	1318	9	0	1318	818	500	122	48	51	76	76	31	44	40	63	19	38	49	35	30	40	55	57	33	7	31	44	24	4	44	31	18	5	32	59	41	4	65
chrX	76577774	76577815	42	9	0	42	36	6	14	2	2	4	1	0	0	0	1	1	0	0	6	1	0	2	1	0	2	1	0	0	0	0	0	0	0	0	0	0	0	2
chrX	76577816	76578179	364	9	0	364	221	143	29	10	6	18	11	17	8	26	9	5	9	13	15	9	10	24	20	8	0	13	13	18	1	8	13	3	5	5	16	11	2	7
chrX	76578181	76578263	83	9	0	83	51	32	4	3	3	5	6	3	1	6	3	3	0	2	2	2	2	5	5	3	0	2	8	1	0	0	2	1	0	1	1	4	0	3
chrX	76578265	76578535	271	9	0	271	164	107	14	9	5	16	8	11	10	17	11	5	5	7	11	9	9	15	15	8	0	11	15	6	1	7	8	4	1	3	9	11	0	8
chrX	76578551	76579267	717	9	0	717	454	263	81	30	26	33	36	15	24	36	29	11	14	24	25	16	28	25	34	17	1	20	27	11	0	20	20	15	1	18	29	15	0	34
chrX	76579269	76579310	42	9	0	42	23	19	3	1	4	2	5	0	1	2	1	1	1	0	1	0	1	0	1	0	0	1	3	0	0	0	3	2	0	4	1	1	0	1
chrX	76579312	76579890	579	9	0	579	352	227	46	16	28	38	35	11	15	26	33	9	22	13	14	16	11	19	25	11	2	14	22	12	0	24	13	12	0	13	27	23	2	25
chrX	76579892	76579924	33	9	0	33	18	15	3	1	2	1	2	1	2	1	2	1	0	1	0	0	0	0	2	0	0	1	1	2	0	2	1	1	0	0	1	2	0	1
chrX	76579926	76581971	2046	9	0	2046	1279	767	179	70	82	123	106	54	71	65	87	42	62	74	82	38	60	84	89	48	11	56	79	28	3	52	52	28	5	49	76	58	14	117
chrX	76581983	76584031	2049	9	0	2049	1065	984	117	62	92	57	73	61	122	55	98	49	92	47	40	34	35	31	66	64	14	61	95	72	18	86	72	51	13	84	78	83	15	110
chrX	76584032	76587573	3542	9	0	3542	2297	1245	362	144	119	205	167	84	116	155	145	54	80	119	157	94	102	193	167	78	16	114	116	52	9	90	90	53	2	59	149	84	11	154
chrX	76587574	76588606	1033	9	0	1033	665	368	103	33	33	75	50	19	36	40	50	15	21	34	41	29	30	54	35	31	0	30	44	15	4	31	19	20	2	17	47	28	2	43
chrX	76588607	76590487	1881	9	0	1881	1196	685	157	63	96	111	89	53	68	60	95	34	53	62	87	34	48	85	89	34	4	57	54	28	2	48	52	19	6	47	74	51	6	113
chrX	76590488	76591635	1148	9	0	1148	583	565	65	37	37	29	40	34	90	26	43	27	54	20	21	20	18	21	39	38	4	37	51	45	5	54	55	34	8	50	45	38	3	58
chrX	76591650	76597059	5410	9	0	5410	3465	1945	526	175	206	344	240	141	177	209	239	92	130	140	246	128	146	324	222	122	26	166	178	126	12	149	144	85	3	110	223	132	13	234
chrX	76597060	76598421	1362	9	0	1362	840	522	116	46	42	72	49	49	44	78	54	27	27	45	58	29	42	61	72	32	8	39	56	33	3	37	38	19	4	27	54	44	3	52
chrX	76598423	76598460	38	9	0	38	25	13	2	3	0	1	2	0	3	1	2	0	1	3	0	1	1	3	3	1	0	0	2	0	0	0	0	0	0	0	1	1	0	5
chrX	76598462	76599423	962	9	0	962	593	369	74	31	40	58	62	15	29	46	44	18	25	28	23	31	25	43	40	21	5	29	37	18	1	32	27	18	3	22	47	31	1	36
chrX	76599429	76599976	548	9	0	548	333	215	42	18	21	32	29	12	20	18	28	5	14	29	14	14	15	21	18	19	0	12	28	11	1	19	10	9	1	10	23	21	2	30
chrX	76599977	76604284	4308	9	0	4308	2617	1691	341	155	200	214	184	126	174	123	208	85	149	106	177	95	125	155	181	103	20	156	140	85	11	131	120	60	14	120	166	119	23	240
chrX	76604289	76606029	1741	9	0	1741	1171	570	185	43	69	138	59	44	40	81	89	24	62	45	102	43	42	103	73	32	3	46	56	18	5	41	31	20	1	24	65	50	3	102
chrX	76606030	76608607	2578	9	0	2578	1606	972	223	85	134	122	94	77	99	88	123	54	70	67	124	54	83	109	102	66	9	92	76	39	4	86	72	42	2	66	108	59	5	142
chrX	76608609	76608672	64	9	0	64	46	18	10	3	6	2	3	1	2	0	7	1	1	2	3	0	1	2	3	1	0	1	1	0	0	1	0	0	0	0	2	1	0	8
chrX	76608674	76608722	49	9	0	49	36	13	6	3	1	5	4	0	1	1	1	0	0	1	3	3	3	3	3	0	0	3	0	0	0	2	1	1	0	0	1	1	0	0
chrX	76608724	76608994	271	9	0	271	128	143	8	6	3	10	9	8	18	13	5	8	16	7	5	4	3	4	7	9	3	7	13	8	5	13	17	12	3	10	12	10	3	10
chrX	76608998	76615590	6593	9	0	6593	4456	2137	756	232	274	473	328	127	164	280	339	98	124	195	312	165	185	402	302	127	23	170	192	79	18	134	127	73	6	130	278	144	21	313
chrX	76615592	76617747	2156	9	0	2156	1200	956	128	69	91	75	84	80	88	92	84	36	78	56	66	50	57	65	96	54	8	77	118	69	6	73	60	66	8	66	70	77	10	97
chrX	76617748	76619724	1977	9	0	1977	1099	878	122	69	86	70	87	53	102	63	81	51	76	50	56	37	46	49	71	62	9	68	90	60	6	84	65	42	2	61	79	76	5	97
chrX	76619725	76620362	638	9	0	638	414	224	71	20	37	34	29	13	22	19	27	18	11	13	35	16	19	28	33	18	0	16	18	13	0	21	9	10	0	17	23	11	0	35
chrX	76620366	76621082	717	9	0	717	472	245	73	21	31	54	39	16	18	32	34	16	24	22	33	13	20	26	36	13	0	17	21	7	0	16	19	6	0	13	29	18	2	46
chrX	76621084	76621106	23	9	0	23	18	5	5	1	2	1	0	0	0	0	2	1	0	0	3	0	0	1	0	0	1	1	0	0	0	0	0	0	0	0	0	0	1	2
chrX	76621108	76630406	9299	9	0	9299	5907	3392	800	300	373	549	405	280	313	377	398	150	240	272	419	240	298	492	425	206	23	316	323	187	12	213	258	127	8	233	369	215	15	461
chrX	76630411	76635724	5314	9	0	5314	3393	1921	512	183	206	313	263	137	140	263	216	72	112	175	223	149	161	267	243	121	23	155	209	100	9	124	143	87	10	122	208	134	14	218
chrX	76635726	76643881	8156	9	0	8156	5061	3095	726	287	372	448	379	191	317	260	398	151	236	231	331	165	215	353	331	192	21	249	295	166	17	247	205	113	17	225	316	254	27	419
chrX	76643883	76643922	40	9	0	40	20	20	0	0	2	3	2	0	2	4	2	1	2	1	0	0	0	0	0	0	0	1	2	2	0	1	3	3	0	1	3	0	0	3
chrX	76643924	76647050	3127	9	0	3127	1896	1231	264	96	147	152	138	90	111	127	119	57	114	67	138	62	76	138	128	61	4	111	114	79	4	105	97	74	4	91	126	88	2	141
chrX	76647052	76647075	24	9	0	24	8	16	0	0	2	0	1	2	1	0	1	0	1	0	0	0	0	0	0	2	0	0	2	2	0	2	1	2	0	1	1	1	0	0
chrX	76647077	76647495	419	9	0	419	269	150	35	12	24	24	19	6	12	17	23	9	14	8	18	14	14	18	14	6	3	18	11	3	0	10	12	5	3	10	17	10	2	26
chrX	76647498	76648602	1105	9	0	1105	690	415	77	35	45	75	51	29	41	42	57	21	31	25	48	26	35	50	48	19	5	39	41	20	1	30	30	24	0	24	44	29	2	59
chrX	76648615	76650324	1710	9	0	1710	1116	594	171	66	56	117	75	54	43	70	77	30	40	43	85	46	45	96	103	39	11	43	60	30	6	42	29	17	2	22	50	52	11	77
chrX	76650327	76650481	155	9	0	155	96	59	4	6	4	5	3	10	2	11	2	1	2	1	10	9	5	19	13	6	3	4	3	5	0	7	9	1	0	2	1	3	1	1
chrX	76650482	76650852	371	9	0	371	224	147	36	12	13	18	17	14	13	9	21	8	11	17	5	3	12	14	20	6	2	9	10	13	2	9	6	4	2	6	18	10	4	25
chrX	76650854	76650902	49	9	0	49	33	16	1	1	5	3	2	0	3	0	4	1	1	2	3	2	2	1	3	0	0	1	0	0	0	0	1	0	0	3	1	0	0	7
chrX	76650904	76651052	149	9	0	149	102	47	18	4	8	8	7	6	2	6	6	2	4	5	8	3	7	6	9	1	0	5	1	1	1	0	6	0	1	5	5	1	0	11
chrX	76651054	76651093	40	9	0	40	32	8	7	2	1	4	2	0	1	0	1	0	0	1	4	0	1	7	0	0	1	1	0	0	0	0	1	0	1	0	1	0	0	2
chrX	76651095	76652274	1180	9	0	1180	727	453	94	45	36	61	53	35	44	60	45	23	20	32	45	34	40	59	63	37	1	36	50	24	2	32	37	15	5	30	42	32	4	42
chrX	76652276	76652307	32	9	0	32	17	15	3	1	4	0	2	0	1	0	2	1	0	0	1	0	1	0	1	0	1	0	2	0	0	1	0	1	1	4	1	1	0	1
chrX	76652309	76653315	1007	9	0	1007	667	340	96	32	46	77	58	17	22	40	55	15	22	31	44	24	32	54	43	15	2	28	28	16	1	30	18	14	1	21	48	30	2	43
chrX	76653317	76653339	23	9	0	23	18	5	2	0	1	2	0	0	0	1	2	1	0	1	2	0	2	2	0	0	0	1	0	0	0	0	0	0	0	0	1	0	0	3
chrX	76653341	76661836	8496	9	0	8496	5331	3165	670	292	374	487	355	208	306	364	398	170	211	247	399	202	265	382	382	175	28	287	262	152	16	268	227	124	14	203	362	246	20	398
chrX	76661838	76661878	41	9	0	41	27	14	3	0	1	5	2	0	1	2	2	0	0	1	2	2	1	3	0	1	0	1	3	1	0	1	1	3	0	0	2	0	0	1
chrX	76661880	76663044	1165	9	0	1165	709	456	84	38	44	75	72	21	39	49	55	19	38	46	30	22	24	52	41	25	8	26	50	18	2	44	29	26	2	27	61	45	2	49
chrX	76663046	76663064	19	9	0	19	11	8	1	1	1	0	0	2	1	0	0	0	1	0	2	2	0	0	2	1	0	1	0	0	0	1	0	0	0	0	0	0	0	1
chrX	76663066	76665378	2313	9	0	2313	1403	910	194	75	119	121	113	60	78	68	125	45	83	70	78	43	62	67	87	46	16	74	75	45	9	71	61	34	7	62	96	75	16	136
chrX	76665381	76667300	1920	9	0	1920	982	938	92	57	66	52	69	72	120	58	68	46	74	55	39	38	40	35	78	60	12	63	93	81	17	80	78	57	8	67	69	73	11	90
chrX	76667302	76667333	32	9	0	32	15	17	1	1	2	0	1	2	1	0	2	0	2	1	0	0	1	1	1	1	0	1	2	0	1	0	0	2	0	2	1	0	1	3
chrX	76667335	76668262	928	9	0	928	553	375	53	33	26	44	34	40	29	57	34	18	25	22	35	22	33	47	55	20	5	32	41	23	1	28	32	18	1	19	32	32	1	34
chrX	76668266	76669198	933	9	0	933	579	354	73	39	49	50	40	19	39	45	49	14	22	21	49	19	19	31	39	24	0	28	34	16	1	29	28	17	0	31	42	23	1	40
chrX	76669201	76669232	32	9	0	32	16	16	1	3	0	1	2	2	1	1	1	0	2	0	1	1	0	0	2	1	0	2	3	2	0	1	0	0	0	0	1	2	0	0
chrX	76669234	76669875	642	9	0	642	331	311	30	15	11	18	19	34	40	46	16	11	15	18	9	11	19	17	29	17	1	24	42	21	0	21	44	24	0	28	25	22	1	12
chrX	76669879	76670023	145	9	0	145	84	61	9	3	9	9	5	4	5	7	6	1	3	2	10	4	0	6	4	4	0	4	7	7	1	4	6	5	1	5	4	3	0	5
chrX	76670025	76670660	636	9	0	636	425	211	74	28	36	38	34	19	20	23	35	7	11	22	31	14	10	21	33	12	2	21	20	7	0	9	15	6	0	11	28	11	0	36
chrX	76670661	76675379	4719	9	0	4719	2672	2047	344	153	180	204	205	138	243	155	214	86	168	138	117	87	111	127	183	125	18	138	203	133	18	183	159	109	11	161	197	170	19	220
chrX	76675381	76675403	23	9	0	23	14	9	1	1	1	0	1	1	1	3	1	0	0	3	0	0	0	0	1	1	0	0	1	0	0	0	0	0	0	0	4	0	0	1
chrX	76675405	76678646	3242	9	0	3242	1997	1245	292	133	127	160	166	74	107	154	140	54	73	100	115	75	92	134	149	81	12	94	132	71	6	102	89	63	5	73	130	96	11	130
chrX	76678648	76678669	22	9	0	22	18	4	4	2	2	2	2	0	0	0	0	0	0	0	3	1	0	0	2	0	0	1	0	0	0	0	0	0	0	0	0	0	0	1
chrX	76678671	76682447	3777	9	0	3777	2469	1308	359	144	152	216	175	112	103	168	161	67	80	106	176	120	120	208	210	87	17	129	128	51	3	81	87	29	3	69	133	96	9	176
chrX	76682460	76683526	1067	9	0	1067	670	397	81	34	29	60	39	39	28	72	36	13	18	35	48	38	33	67	53	35	2	34	56	27	2	19	36	12	0	18	33	31	0	37
chrX	76683527	76685212	1686	9	0	1686	1183	503	176	53	56	109	78	35	33	93	60	20	24	93	80	40	54	178	75	23	5	45	42	11	6	22	35	12	2	27	86	35	3	73
chrX	76685226	76685490	265	9	0	265	180	85	32	7	14	21	14	2	5	9	15	5	4	5	12	8	7	19	9	6	0	6	8	6	0	10	3	4	0	3	10	8	0	11
chrX	76685491	76686027	537	9	0	537	359	178	57	15	20	35	26	10	14	30	20	8	6	27	25	15	18	32	23	10	2	13	12	5	0	18	19	7	0	8	26	13	2	19
chrX	76686029	76686823	795	9	0	795	524	271	86	15	35	60	34	21	29	29	36	12	19	17	39	24	19	48	30	13	1	27	29	8	0	16	26	12	0	24	28	20	1	35
chrX	76686824	76688174	1351	9	0	1351	662	689	71	31	39	38	46	53	86	37	40	30	54	33	24	23	35	20	56	31	6	44	65	58	21	53	51	67	20	60	50	41	9	57
chrX	76688180	76691645	3466	9	0	3466	2277	1189	357	104	126	253	145	93	104	136	136	56	101	90	202	80	89	203	165	57	8	103	106	65	3	98	78	54	3	65	129	96	4	155
chrX	76691660	76692294	635	9	0	635	419	216	57	15	20	49	17	14	25	28	29	15	15	12	38	25	20	39	20	13	2	34	20	13	0	14	13	1	1	13	32	20	1	18
chrX	76692295	76695004	2710	9	0	2710	1762	948	279	83	108	181	124	67	92	94	106	40	92	89	141	74	71	120	110	60	11	83	86	31	2	65	60	36	5	71	121	56	6	144
chrX	76695006	76695042	37	9	0	37	20	17	0	3	2	0	1	4	1	0	2	0	4	0	1	0	1	0	2	2	0	3	1	0	0	2	0	0	0	0	3	0	0	3
chrX	76695044	76698792	3749	9	0	3749	2228	1521	268	119	183	173	164	103	159	109	162	71	127	105	149	87	109	139	159	86	3	132	136	105	9	137	91	77	3	117	149	118	5	193
chrX	76698794	76702424	3631	9	0	3631	2460	1171	410	151	177	232	180	56	104	130	181	64	76	97	199	98	108	195	170	69	7	123	97	28	6	83	62	33	1	74	141	84	8	185
chrX	76702425	76703864	1440	9	0	1440	947	493	135	54	55	87	74	41	45	64	60	29	29	45	61	36	36	94	73	27	5	55	52	17	0	23	40	13	1	24	59	35	6	63
chrX	76703865	76706225	2361	9	0	2361	1540	821	245	78	93	149	107	59	57	119	101	36	45	59	112	67	80	131	103	54	8	75	77	45	6	54	65	36	3	54	97	47	5	92
chrX	76706227	76706734	508	9	0	508	287	221	35	13	14	22	21	17	21	22	13	8	17	20	16	11	10	25	19	13	2	15	25	24	3	16	12	14	4	16	25	17	1	15
chrX	76706735	76707094	360	9	0	360	243	117	33	10	10	25	9	11	9	28	14	5	6	13	23	10	6	29	19	7	2	8	14	5	0	8	10	3	0	3	14	12	0	12
chrX	76707106	76707920	815	9	0	815	533	282	69	29	32	53	32	20	22	28	32	5	25	23	50	27	29	56	38	19	0	24	20	20	0	29	14	7	0	25	30	23	2	30
chrX	76707921	76708156	236	9	0	236	139	97	6	6	7	13	6	8	8	15	9	7	8	10	11	2	10	12	5	8	0	10	19	2	0	6	2	5	0	5	10	12	0	12
chrX	76708158	76708195	38	9	0	38	20	18	1	1	0	3	2	0	2	6	2	0	1	1	0	0	0	0	1	0	0	0	3	1	0	0	5	2	0	1	1	1	0	2
chrX	76708197	76711796	3600	9	0	3600	2355	1245	365	112	152	223	146	83	122	138	169	66	99	104	173	99	114	188	144	65	9	142	100	51	4	94	81	42	2	73	164	91	5	178
chrX	76711798	76711829	32	9	0	32	23	9	2	2	2	3	1	0	1	1	2	1	2	1	3	0	0	1	0	0	0	2	0	0	0	0	0	0	0	0	3	0	0	3
chrX	76711832	76713882	2051	9	0	2051	1294	757	171	68	104	103	91	59	69	66	87	31	54	60	97	69	59	105	99	48	5	75	68	38	0	73	38	34	0	46	81	59	1	91
chrX	76713903	76719079	5177	9	0	5177	3176	2001	368	151	228	282	196	141	178	215	226	91	171	161	239	139	142	248	220	122	17	162	189	114	22	164	108	98	11	123	213	155	12	269
chrX	76719080	76720040	961	9	0	961	582	379	99	37	27	48	42	40	36	35	30	14	28	24	38	25	26	31	58	21	5	32	37	22	5	25	29	19	6	24	29	27	4	36
chrX	76720042	76720076	35	9	0	35	25	10	3	1	2	2	0	2	0	2	0	0	0	0	5	3	1	3	2	1	0	2	0	1	0	1	2	0	0	0	0	0	0	0
chrX	76720078	76720786	709	9	0	709	413	296	37	25	10	36	26	33	23	51	25	15	14	25	21	17	20	34	40	21	6	23	41	24	1	16	22	8	4	10	29	29	3	18
chrX	76720796	76721531	736	9	0	736	457	279	79	33	31	31	39	15	23	33	33	16	12	20	24	20	28	18	42	19	3	20	27	13	1	23	17	13	3	17	25	19	3	34
chrX	76721533	76721554	22	9	0	22	18	4	6	2	2	0	0	0	0	1	1	0	0	0	2	1	1	0	0	0	0	3	0	0	0	0	0	0	0	0	1	0	0	0
chrX	76721555	76721604	50	9	0	50	28	22	2	0	4	4	4	1	1	3	4	0	0	2	0	1	1	0	1	1	0	0	4	2	0	1	1	2	0	3	3	1	0	2
chrX	76721606	76722778	1173	9	0	1173	727	446	89	33	48	80	73	23	40	46	57	19	35	48	32	24	22	56	47	24	2	26	44	22	3	41	29	21	1	27	63	43	2	51
chrX	76722789	76723074	286	9	0	286	187	99	38	9	12	17	13	4	8	4	15	4	9	14	10	5	14	11	6	7	2	7	6	4	1	7	5	1	3	6	11	6	2	23
chrX	76723075	76723123	49	9	0	49	35	14	6	3	3	3	4	2	0	2	3	0	1	1	3	0	2	0	4	0	0	1	0	0	0	0	2	0	0	2	2	0	0	3
chrX	76723125	76723796	672	9	0	672	413	259	41	24	22	40	29	25	28	25	31	17	27	17	25	17	18	26	39	17	0	27	21	10	2	18	14	4	2	12	33	21	0	38
chrX	76723798	76723821	24	9	0	24	17	7	4	2	2	0	3	0	0	0	0	0	1	2	1	0	0	0	1	1	0	0	1	0	0	0	0	0	0	0	1	0	0	3
chrX	76723823	76724401	579	9	0	579	350	229	53	16	26	33	26	13	23	26	23	14	17	18	26	9	12	13	26	13	0	13	22	9	4	18	19	13	1	19	22	18	3	29
chrX	76724403	76724421	19	9	0	19	10	9	0	1	1	0	0	0	1	1	1	1	0	1	1	0	1	0	1	0	0	1	1	1	0	0	0	1	0	1	1	0	0	1
chrX	76724423	76724991	569	9	0	569	331	238	43	21	33	27	26	10	18	16	44	7	25	16	11	9	11	13	13	10	9	15	17	10	5	22	13	12	3	16	27	22	9	34
chrX	76724993	76725033	41	9	0	41	25	16	2	0	3	1	1	0	2	2	3	0	4	3	0	1	0	1	0	0	0	1	0	0	0	1	0	1	0	3	5	0	0	5
chrX	76725035	76725162	128	9	0	128	70	58	14	9	5	1	5	2	7	3	7	1	9	2	2	1	1	0	4	2	2	5	7	2	1	4	4	0	1	7	2	10	0	6
chrX	76725165	76725892	728	9	0	728	332	396	36	15	24	10	22	32	49	14	15	22	35	19	12	11	12	3	30	26	6	18	30	40	12	38	37	24	9	34	20	30	11	30
chrX	76725909	76728057	2149	9	0	2149	1369	780	221	72	87	118	113	34	80	95	92	42	45	83	72	51	61	102	99	38	3	59	74	35	6	49	58	27	4	65	92	63	7	100
chrX	76728077	76729148	1072	9	0	1072	724	348	121	45	43	74	53	28	25	48	51	16	22	20	60	20	42	54	51	25	1	32	30	5	2	19	35	10	1	28	38	16	2	53
chrX	76729150	76729181	32	9	0	32	21	11	2	1	1	1	0	2	0	2	0	0	1	0	3	3	2	2	2	1	0	2	0	1	0	1	2	0	0	0	0	0	0	1
chrX	76729183	76729939	757	9	0	757	511	246	71	34	32	51	36	16	20	28	38	16	13	24	43	12	26	49	32	15	3	28	19	11	1	16	15	4	1	10	34	17	3	37
chrX	76729940	76730390	451	9	0	451	265	186	60	15	14	18	22	14	22	11	15	10	15	15	10	2	10	10	14	9	3	15	21	9	3	11	18	14	3	11	16	12	3	24
chrX	76730398	76734240	3843	9	0	3843	2481	1362	414	130	168	228	182	96	114	153	164	48	87	138	179	95	112	171	157	79	12	121	136	68	2	100	103	46	8	93	149	113	8	167
chrX	76734241	76736070	1830	9	0	1830	1170	660	186	61	80	113	86	53	58	61	66	27	46	42	103	51	50	86	81	31	13	67	61	32	3	48	49	41	4	48	67	40	4	70
chrX	76736081	76737789	1709	9	0	1709	946	763	94	50	65	71	67	71	86	70	65	30	58	42	54	22	50	50	65	44	2	61	90	50	6	47	75	50	3	74	64	49	5	77
chrX	76737791	76740454	2664	9	0	2664	1543	1121	191	84	124	106	102	79	133	70	123	67	97	61	89	56	80	79	95	73	9	109	100	82	3	98	69	60	4	71	120	68	4	156
chrX	76740455	76740592	138	9	0	138	92	46	20	6	6	7	4	2	6	6	8	4	2	2	6	2	5	5	7	4	0	3	3	1	0	5	1	1	0	4	6	3	0	7
chrX	76740594	76740610	17	9	0	17	11	6	1	0	1	1	1	0	0	0	2	0	0	1	0	2	0	0	0	0	0	2	0	0	1	0	0	0	0	0	1	1	1	0
chrX	76740612	76740679	68	9	0	68	47	21	5	1	3	5	2	3	1	4	1	1	2	2	5	6	2	3	3	2	0	5	1	0	0	1	1	0	0	1	5	0	0	1
chrX	76740680	76741804	1125	9	0	1125	577	548	74	34	41	22	40	48	74	20	32	24	51	28	24	20	20	24	37	37	7	45	53	40	10	49	48	39	6	41	44	35	5	51
chrX	76741806	76742354	549	9	0	549	313	236	30	15	25	26	24	21	27	12	25	14	23	16	18	9	15	12	25	19	0	15	24	16	0	20	12	8	0	18	22	17	2	37
chrX	76742356	76742404	49	9	0	49	38	11	11	1	3	4	2	1	0	3	4	1	0	1	3	1	0	2	3	0	0	0	0	0	0	1	0	0	0	0	3	1	0	2
chrX	76742406	76743670	1265	9	0	1265	853	412	143	42	63	88	62	29	35	40	59	20	26	36	72	19	45	74	57	15	1	37	25	8	1	38	40	15	1	32	44	34	1	61
chrX	76743672	76743689	18	9	0	18	9	9	0	0	0	2	1	0	0	0	0	0	1	0	1	0	1	2	1	0	0	0	0	5	0	1	0	0	0	0	0	0	0	1
chrX	76743691	76747337	3647	9	0	3647	2427	1220	379	140	140	244	185	78	112	146	166	58	68	127	174	97	106	205	162	91	13	107	115	43	6	72	91	30	3	68	153	72	14	180
chrX	76747338	76748929	1592	9	0	1592	1129	463	207	56	77	120	80	22	33	58	76	31	24	53	97	37	57	99	70	26	4	46	37	12	2	22	25	4	0	31	61	31	0	92
chrX	76748931	76748977	47	9	0	47	32	15	5	1	0	6	4	0	0	0	2	0	4	1	2	0	2	3	0	0	0	1	2	0	0	3	1	0	0	1	1	5	0	1
chrX	76748979	76749223	245	9	0	245	158	87	16	7	7	17	16	6	7	12	9	5	5	13	6	6	7	18	11	6	1	6	8	4	0	6	5	5	0	2	16	3	1	12
chrX	76749235	76750929	1695	9	0	1695	920	775	91	57	69	61	68	67	90	56	73	29	50	41	45	37	40	44	71	64	5	50	90	51	11	66	50	60	6	58	70	43	4	76
chrX	76750931	76750970	40	9	0	40	21	19	2	0	1	2	2	2	2	0	1	2	0	2	0	3	1	0	1	3	3	1	2	1	1	1	0	0	0	0	3	0	0	2
chrX	76750972	76751864	893	9	0	893	586	307	91	31	37	61	27	21	24	42	47	10	22	18	56	23	30	45	29	21	0	35	25	18	2	25	17	12	3	22	43	20	3	31
chrX	76751865	76752774	910	9	0	910	560	350	83	26	46	42	38	28	30	31	42	18	30	27	33	22	31	32	43	19	3	29	38	8	2	25	20	16	2	28	26	30	5	55
chrX	76752777	76755250	2474	9	0	2474	1658	816	299	96	71	164	100	63	76	97	98	35	59	75	132	59	83	150	121	49	5	78	79	36	2	60	40	29	4	45	96	63	3	105
chrX	76755251	76755830	580	9	0	580	346	234	43	20	18	27	22	25	29	14	31	6	16	19	11	19	16	28	28	17	2	23	13	11	6	23	19	8	0	11	30	17	4	22
chrX	76755832	76755871	40	9	0	40	19	21	2	0	0	3	1	4	2	0	1	1	1	0	1	1	1	1	1	3	0	2	3	3	0	2	1	1	0	0	1	2	0	0
chrX	76755873	76756023	151	9	0	151	67	84	7	1	5	2	5	7	10	3	1	4	7	4	3	1	3	3	2	4	2	5	9	8	1	8	9	8	4	7	4	6	1	5
chrX	76756025	76756043	19	9	0	19	11	8	0	0	1	2	2	0	1	0	0	0	0	1	1	0	0	1	0	0	0	0	1	1	0	1	1	2	0	1	1	0	0	0
chrX	76756045	76757488	1444	9	0	1444	795	649	104	50	68	43	50	33	89	38	83	34	68	36	28	23	25	22	55	30	8	47	56	38	7	59	41	33	0	54	58	59	13	90
chrX	76757490	76757508	19	9	0	19	13	6	3	1	1	1	2	0	1	1	0	1	0	0	1	1	0	0	3	0	0	0	0	0	0	0	0	0	0	0	0	0	0	1
chrX	76757510	76759248	1739	9	0	1739	1073	666	145	75	63	94	88	62	60	72	70	40	43	45	73	31	49	61	100	45	8	55	70	28	3	49	47	24	1	38	66	53	6	73
chrX	76759250	76759296	47	9	0	47	34	13	7	4	1	2	4	1	1	2	2	0	1	3	1	1	1	1	3	1	0	2	1	0	0	0	0	0	0	0	4	0	0	2
chrX	76759298	76759950	653	9	0	653	401	252	49	17	19	43	15	24	21	27	30	7	23	19	33	16	24	33	28	18	2	16	22	20	2	25	20	6	1	12	17	25	3	34
chrX	76759952	76759992	41	9	0	41	20	21	1	0	1	0	0	0	4	4	1	1	1	4	0	1	0	1	0	0	1	0	2	0	0	2	3	3	0	2	3	1	1	2
chrX	76759994	76760189	196	9	0	196	123	73	18	6	7	11	13	5	7	11	6	1	2	12	5	5	4	10	9	4	0	3	9	3	0	4	7	3	0	8	10	6	0	5
chrX	76760196	76761120	925	9	0	925	575	350	76	31	43	50	53	11	23	49	47	15	25	32	24	24	29	43	36	15	1	29	37	19	2	25	18	21	2	24	44	28	5	42
chrX	76761137	76762874	1738	9	0	1738	1091	647	164	73	65	87	78	54	52	94	72	36	30	53	75	34	49	74	94	42	10	52	67	40	1	45	51	19	3	31	66	53	4	68
chrX	76762875	76763317	443	9	0	443	324	119	71	9	13	53	21	1	6	20	22	5	4	11	31	13	15	27	11	9	1	7	17	3	1	10	5	6	0	7	15	13	0	14
chrX	76763319	76763362	44	9	0	44	28	16	4	0	5	2	2	2	0	1	2	0	0	3	3	0	1	2	0	1	1	0	0	0	0	2	2	1	1	2	2	0	0	3
chrX	76763364	76765020	1657	9	0	1657	1093	564	144	58	62	105	75	46	42	82	72	27	33	45	78	51	45	126	90	36	5	52	51	36	3	36	35	16	1	26	70	38	1	68
chrX	76765027	76765952	926	9	0	926	621	305	83	37	38	52	45	30	23	44	40	10	17	39	42	25	21	74	47	22	2	31	31	11	0	17	22	6	2	8	42	20	0	43
chrX	76765954	76765970	17	9	0	17	14	3	1	0	1	2	2	0	0	0	1	0	0	0	0	2	0	3	1	0	0	1	0	0	0	0	0	0	0	0	1	0	0	0
chrX	76765972	76769551	3580	9	0	3580	2296	1284	318	106	181	213	162	102	105	122	156	63	105	91	183	96	99	192	156	75	11	125	108	59	4	105	77	48	3	98	151	94	8	162
chrX	76769553	76770092	540	9	0	540	283	257	47	13	21	14	28	21	30	17	14	13	21	16	7	9	5	5	17	20	2	17	30	19	4	22	23	16	1	22	27	20	1	16
chrX	76770096	76771525	1430	9	0	1430	886	544	137	49	72	68	58	35	41	49	79	16	64	47	51	34	43	42	52	31	4	47	47	36	2	50	32	14	0	22	52	54	0	100
chrX	76771526	76773852	2327	9	0	2327	1570	757	249	85	107	158	129	42	57	97	104	33	49	75	116	63	69	136	106	47	3	67	70	17	2	44	53	25	2	60	96	44	9	111
chrX	76773854	76774158	305	9	0	305	214	91	43	7	16	21	11	6	6	12	13	2	3	14	19	10	8	21	9	4	1	12	12	4	1	2	5	3	1	5	9	8	1	14
chrX	76774161	76778620	4460	9	0	4460	2787	1673	366	166	161	246	200	126	143	213	204	75	122	137	169	111	140	208	226	102	26	124	151	83	11	120	122	58	8	102	181	122	15	220
chrX	76778622	76778660	39	9	0	39	26	13	2	0	0	4	1	1	3	2	1	3	1	2	2	0	1	2	3	0	0	1	1	0	0	0	0	0	0	0	2	1	0	4
chrX	76778662	76778895	234	9	0	234	152	82	15	10	14	12	11	6	6	4	7	7	9	9	18	2	6	15	11	5	1	8	6	6	0	4	4	1	0	3	6	5	1	20
chrX	76778896	77033622	254727	9	0	254727	154694	100033	20265	8186	10458	13336	10893	7005	9686	10316	10991	4644	7716	7384	10097	5733	7084	10898	10596	6016	864	8092	9771	5805	662	8093	7294	4827	538	6739	10239	7683	794	12020
chrX	77033624	77035802	2179	9	0	2179	1126	1053	113	60	74	73	86	85	144	57	82	44	76	62	39	36	51	44	78	78	5	64	128	84	8	93	78	77	3	92	88	73	6	96
chrX	77035804	77036530	727	9	0	727	446	281	67	20	38	37	23	10	31	24	44	17	25	14	27	14	15	38	22	16	2	21	28	27	3	18	19	11	1	13	19	22	2	57
chrX	77036531	77036590	60	9	0	60	42	18	12	1	3	2	1	1	1	2	3	0	2	0	2	2	2	6	1	0	2	1	1	0	0	2	2	2	0	2	1	1	0	3
chrX	77036596	77039689	3094	9	0	3094	1970	1124	270	117	144	187	153	67	102	125	149	55	62	91	146	67	94	139	144	65	14	84	87	46	5	92	95	44	11	80	121	75	14	147
chrX	77039699	77039906	208	9	0	208	135	73	27	9	6	15	17	3	9	6	7	4	5	7	6	4	6	2	12	3	0	5	6	3	0	3	11	2	0	5	6	4	0	13
chrX	77039908	77039975	68	9	0	68	41	27	6	2	5	1	3	3	2	4	4	2	1	2	1	0	0	3	3	2	0	2	3	3	0	1	2	1	0	1	4	1	0	4
chrX	77039977	77040353	377	9	0	377	224	153	24	14	9	16	14	17	14	24	12	9	6	16	13	9	12	14	20	10	2	17	23	7	0	5	11	7	2	6	15	11	2	14
chrX	77040355	77040474	120	9	0	120	74	46	8	2	3	5	1	3	3	16	6	3	2	5	3	3	3	7	6	2	0	3	8	1	0	2	3	2	0	3	6	6	0	3
chrX	77040476	77041914	1439	9	0	1439	909	530	126	62	51	78	71	44	40	65	66	19	38	43	54	31	43	78	85	29	4	38	42	31	2	49	29	22	1	30	64	42	5	55
chrX	77041937	77044772	2836	9	0	2836	1895	941	285	105	108	191	131	61	80	121	115	47	39	79	157	83	100	191	140	59	12	85	85	41	6	61	62	35	6	69	106	58	4	112
chrX	77044773	77048337	3565	9	0	3565	2087	1478	299	122	158	165	146	83	157	117	164	71	112	102	134	64	78	114	139	88	20	93	119	86	31	130	105	80	27	110	140	111	26	172
chrX	77048338	77051358	3021	9	0	3021	1860	1161	253	109	131	167	172	64	105	106	137	54	87	103	97	68	90	115	128	73	13	81	114	55	4	100	80	45	6	81	125	100	5	151
chrX	77051360	77051409	50	9	0	50	37	13	10	5	1	4	6	0	1	1	3	0	1	1	1	2	1	0	5	0	0	1	0	0	0	0	0	0	0	0	2	0	0	3
chrX	77051411	77057182	5772	9	0	5772	3698	2074	447	183	223	353	228	178	171	273	240	89	125	170	291	173	194	360	277	133	16	197	208	102	9	154	147	81	5	119	217	156	8	243
chrX	77057184	77057217	34	9	0	34	29	5	12	0	0	3	1	0	0	0	0	0	1	0	3	2	1	4	1	0	0	1	0	1	0	1	0	0	0	0	0	1	0	0
chrX	77057218	77061110	3893	9	0	3893	2219	1674	256	100	197	157	145	104	184	153	179	81	149	107	130	80	89	107	128	108	8	121	184	98	9	153	120	89	4	135	154	149	3	210
chrX	77061112	77062526	1415	9	0	1415	794	621	87	30	67	62	51	44	71	53	61	33	49	23	47	37	32	46	51	32	2	59	60	52	2	58	48	38	3	49	60	51	1	54
chrX	77062527	77065306	2780	9	0	2780	1586	1194	158	74	112	117	102	94	126	105	109	60	113	81	92	53	80	109	98	78	5	100	133	77	2	109	76	62	5	85	120	104	2	137
chrX	77065318	77068283	2966	9	0	2966	1686	1280	201	90	125	113	104	99	127	111	117	62	95	74	108	64	96	98	130	68	10	107	115	104	16	116	93	78	9	86	104	101	9	134
chrX	77068285	77070099	1815	9	0	1815	1003	812	133	52	80	75	75	40	69	57	73	39	88	54	59	23	42	44	55	46	5	48	77	92	7	90	47	48	3	38	62	78	11	103
chrX	77070101	77070131	31	9	0	31	22	9	3	2	2	2	2	0	1	1	1	0	0	1	3	1	2	0	1	0	0	2	0	0	0	0	2	0	0	0	1	0	0	2
chrX	77070133	77072073	1941	9	0	1941	1098	843	139	61	75	62	61	59	100	83	81	32	92	56	56	42	43	55	95	41	5	53	76	47	9	73	65	49	4	64	67	68	6	120
chrX	77072074	77072790	717	9	0	717	462	255	82	23	32	38	37	16	27	25	29	15	8	20	28	28	27	25	39	21	0	23	25	9	0	22	20	9	0	15	21	17	0	34
chrX	77072792	77072825	34	9	0	34	25	9	3	0	1	5	3	0	0	1	1	0	1	0	3	1	0	4	0	0	0	1	2	0	0	0	1	2	0	1	2	0	0	0
chrX	77072827	77073858	1032	9	0	1032	669	363	95	37	43	66	58	19	32	41	51	12	30	41	37	25	20	60	45	18	1	29	32	20	0	32	20	13	0	19	53	33	3	45
chrX	77073860	77073901	42	9	0	42	25	17	1	0	0	5	1	4	2	0	1	0	2	0	3	2	2	1	4	1	0	1	1	0	0	2	1	2	0	1	2	0	0	1
chrX	77073903	77078517	4615	9	0	4615	2625	1990	308	163	181	200	187	154	214	163	197	83	164	124	161	68	124	133	184	123	16	145	210	158	9	170	144	117	5	140	180	149	11	228
chrX	77078519	77080356	1838	9	0	1838	1071	767	145	57	67	96	74	47	91	58	83	31	55	48	62	43	45	68	75	38	6	59	76	74	5	68	44	45	2	57	75	66	2	74
chrX	77080373	77081137	765	9	0	765	473	292	51	26	25	45	29	23	30	33	27	9	18	27	40	21	23	45	33	22	4	20	29	14	1	29	22	18	0	18	31	19	3	28
chrX	77081157	77084097	2941	9	0	2941	1670	1271	199	86	134	120	104	73	133	117	99	64	83	83	138	58	78	100	115	70	7	89	143	114	5	132	76	91	6	93	92	119	4	114
chrX	77084101	77084252	152	9	0	152	77	75	8	2	5	7	7	5	7	6	3	4	6	4	4	4	3	1	4	9	1	2	11	4	1	9	3	8	1	4	7	4	1	5
chrX	77084254	77084299	46	9	0	46	21	25	1	2	2	0	3	1	3	0	1	0	1	0	1	4	1	0	1	3	0	2	3	3	0	4	3	3	0	0	0	1	0	1
chrX	77084301	77084377	77	9	0	77	33	44	0	0	1	2	2	6	7	1	1	2	8	3	0	0	0	0	1	2	0	4	4	0	1	4	7	3	0	2	3	4	1	6
chrX	77084385	77085296	912	9	0	912	541	371	61	33	44	40	31	22	28	22	36	18	17	19	50	28	43	47	29	39	2	31	35	41	7	41	12	13	2	29	27	31	1	31
chrX	77085298	77085335	38	9	0	38	25	13	1	0	1	4	1	1	1	1	0	2	2	0	5	1	1	3	1	2	0	1	2	1	0	1	0	0	0	0	1	0	0	3
chrX	77085337	77095367	10031	9	0	10031	5844	4187	703	327	418	463	439	260	410	392	437	213	323	285	332	204	293	343	402	236	52	314	417	279	34	363	284	221	21	306	399	357	41	461
chrX	77095372	77097287	1916	9	0	1916	1117	799	151	51	86	85	79	55	75	75	72	31	68	49	71	49	42	77	72	43	13	58	78	60	3	70	60	50	5	66	74	58	11	77
chrX	77097308	77100668	3361	9	0	3361	2153	1208	264	107	141	185	120	93	87	162	139	68	82	86	175	106	107	229	161	86	11	116	118	71	9	99	71	37	1	53	112	103	11	149
chrX	77100685	77107075	6391	9	0	6391	4027	2364	589	228	284	343	303	144	230	247	264	120	192	186	289	142	171	294	282	138	9	205	201	114	11	199	179	95	3	165	261	178	15	308
chrX	77107078	77107153	76	9	0	76	52	24	6	2	3	6	4	0	3	5	3	1	1	3	5	2	1	6	3	0	0	2	1	1	0	2	3	0	0	3	4	3	0	1
chrX	77107155	77113535	6381	9	0	6381	3962	2419	542	189	256	360	267	165	273	236	237	109	188	197	301	174	133	334	268	141	18	210	236	136	13	191	161	122	11	180	276	176	10	269
chrX	77113536	77119919	6384	9	0	6384	3694	2690	384	186	289	273	266	206	274	209	265	141	256	183	217	136	192	215	256	165	16	234	249	153	14	250	170	130	16	192	280	218	12	335
chrX	77119920	77119969	50	9	0	50	26	24	2	1	1	1	0	2	1	2	2	0	2	3	1	2	3	2	2	2	0	0	2	5	0	4	0	0	0	0	1	4	0	3
chrX	77119972	77120536	565	9	0	565	364	201	42	19	31	34	28	13	14	18	34	7	12	14	21	16	19	40	26	12	1	17	13	17	0	20	13	6	1	8	21	15	0	31
chrX	77120539	77121960	1422	9	0	1422	890	532	141	40	67	53	56	44	50	52	57	31	47	30	46	32	48	94	63	29	3	52	46	17	0	49	39	25	0	44	54	41	3	67
chrX	77121961	77121985	25	9	0	25	20	5	0	0	0	0	0	2	0	2	0	0	0	0	0	2	0	14	3	0	0	0	0	0	0	0	0	0	0	0	0	0	0	0
chrX	77121988	77122044	57	9	0	57	48	9	0	0	0	0	0	4	0	4	0	0	1	0	0	4	0	33	7	0	0	1	0	0	0	0	0	0	0	0	1	0	0	0
chrX	77122062	77127268	5207	9	0	5207	2888	2319	238	136	185	222	201	185	241	244	191	124	173	159	151	91	115	230	183	156	19	178	276	162	28	186	190	132	12	150	222	202	23	200
chrX	77127270	77127298	29	9	0	29	16	13	3	2	1	1	2	1	1	1	2	0	0	0	0	0	2	0	2	0	0	1	0	1	0	1	2	0	0	2	0	2	0	0
chrX	77127300	77130586	3287	9	0	3287	2017	1270	243	116	150	168	150	84	128	132	135	65	79	92	149	81	77	167	134	81	8	123	128	72	5	111	100	61	3	72	132	102	9	128
chrX	77130587	77130706	120	9	0	120	112	8	0	4	0	8	0	0	0	8	0	0	0	0	11	4	0	75	8	0	0	0	0	0	0	0	0	0	0	0	0	0	0	0
chrX	77130707	77130747	41	9	0	41	31	10	2	0	1	1	0	1	0	3	1	0	0	0	2	3	2	13	1	1	0	2	3	0	0	0	0	1	0	1	0	1	0	0
chrX	77130749	77132136	1388	9	0	1388	879	509	114	48	53	72	55	54	36	78	55	16	32	32	63	55	32	84	85	45	2	41	52	28	1	41	38	14	3	23	48	36	2	48
chrX	77132138	77132155	18	9	0	18	5	13	0	0	0	0	0	1	1	2	0	1	0	0	0	0	0	0	1	1	0	0	2	3	0	1	0	2	0	0	1	0	0	0
chrX	77132157	77134946	2790	9	0	2790	1706	1084	220	101	105	156	153	68	94	133	134	54	65	102	75	55	71	119	123	73	10	72	122	44	11	78	77	43	11	63	126	96	12	122
chrX	77134947	77135875	929	9	0	929	577	352	77	38	39	48	50	30	33	26	42	23	32	25	34	19	28	31	51	25	3	31	30	19	1	24	21	4	0	21	37	26	2	57
chrX	77135877	77135946	70	9	0	70	39	31	3	1	2	3	3	4	5	2	2	4	2	3	1	1	0	2	4	2	2	3	3	2	0	1	1	0	0	1	5	2	0	4
chrX	77135948	77136084	137	9	0	137	94	43	11	6	4	12	5	1	3	11	3	4	3	5	13	2	5	4	6	2	0	5	4	0	0	2	4	0	0	4	6	4	2	4
chrX	77136086	77136112	27	9	0	27	16	11	4	0	0	3	3	0	1	4	0	0	0	1	0	0	0	0	0	0	0	0	2	0	0	0	3	2	0	1	1	0	0	0
chrX	77136114	77140286	4173	9	0	4173	2384	1789	289	112	184	178	152	106	178	140	185	96	170	98	137	96	118	144	136	112	18	144	158	130	30	153	119	84	23	132	163	145	21	220
chrX	77140287	77141077	791	9	0	791	501	290	64	23	29	45	25	28	21	43	30	6	31	28	42	21	21	42	32	17	3	26	24	17	1	23	23	13	1	15	38	18	1	38
chrX	77141079	77141144	66	9	0	66	37	29	3	3	2	1	2	0	2	8	4	2	2	4	0	1	2	1	3	1	0	2	3	1	0	2	1	0	0	3	5	5	0	1
chrX	77141146	77144368	3223	9	0	3223	1853	1370	243	108	122	143	135	110	147	112	121	57	110	82	118	63	64	117	126	84	15	113	139	126	16	98	127	56	5	94	111	113	8	138
chrX	77144378	77151045	6668	9	0	6668	4242	2426	569	225	317	367	315	166	197	319	296	100	152	212	297	184	183	342	296	149	18	212	229	106	10	181	184	101	12	167	287	170	14	289
chrX	77151046	77153096	2051	8	0	2051	1293	758	195	76	84	113	103	57	69	93	93	37	44	57	78	53	54	85	100	50	5	68	90	33	1	45	48	35	3	48	84	51	7	90
chrX	77153111	77153998	888	8	0	888	503	385	62	32	35	27	32	32	36	44	38	15	33	26	24	17	24	24	48	21	5	22	25	30	5	33	30	17	6	31	41	25	4	42
chrX	77153999	77155455	1457	8	0	1457	894	563	118	47	66	62	55	54	49	71	60	26	31	33	60	45	33	84	82	42	8	40	52	39	6	39	45	19	1	38	50	36	3	61
chrX	77155456	77159089	3634	8	0	3634	2376	1258	365	126	165	237	170	92	115	139	174	61	86	107	183	81	99	175	174	69	12	105	119	45	8	74	89	47	2	86	134	85	8	200
chrX	77159091	77161760	2670	8	0	2670	1478	1192	160	72	108	97	93	96	155	100	107	51	90	70	76	42	72	87	98	68	4	91	129	81	4	97	111	84	3	104	106	78	1	133
chrX	77161761	77172385	10625	8	0	10625	6926	3699	1024	343	426	675	482	312	308	479	448	171	222	306	512	309	289	618	522	237	27	349	378	202	5	234	267	115	6	210	414	265	16	452
chrX	77172387	77180335	7949	8	0	7949	4750	3199	531	224	344	371	311	228	310	314	301	146	292	225	326	214	230	382	306	201	15	290	303	190	12	309	225	177	4	202	329	246	15	374
chrX	77180337	77389036	208700	8	0	208700	125505	83195	16860	6803	8703	10329	9170	6010	8206	7973	8968	3972	6328	6041	7698	4518	5573	8351	9012	5111	737	6443	8113	5110	618	6787	5956	3977	400	5621	8278	6430	643	9959
chrX	77389037	77428216	39180	7	0	39180	22646	16534	2653	1185	1642	1775	1637	1169	1688	1427	1604	789	1406	1110	1361	807	1041	1351	1586	1033	125	1206	1637	1123	113	1505	1122	904	98	1172	1576	1318	122	1893
chrX	77428219	77433231	5013	7	0	5013	2859	2154	340	133	189	223	191	176	232	154	174	93	216	142	180	108	133	173	201	123	20	167	196	129	19	202	144	142	26	160	212	152	19	242
chrX	77448202	77454008	5807	7	0	5807	3159	2648	352	175	254	213	240	172	280	179	211	124	240	129	191	115	143	141	223	152	26	185	244	209	35	266	198	175	24	206	206	218	19	260
chrX	77454009	77460154	6146	6	0	6146	3442	2704	456	169	224	241	216	181	288	214	224	100	242	162	194	144	198	188	208	160	19	207	251	191	34	271	192	197	22	223	248	199	30	251
chrX	77460155	77483449	23295	6	0	23295	13655	9640	1778	723	903	1078	976	682	998	822	912	413	778	627	816	544	648	956	915	604	103	740	950	588	82	859	723	585	81	679	890	702	90	1048
chrX	77483478	77486901	3424	6	0	3424	2060	1364	265	111	129	175	143	99	135	141	143	66	118	101	129	72	98	135	138	102	11	97	134	64	8	117	94	74	8	87	152	84	13	179
chrX	77486903	77490296	3394	6	0	3394	2127	1267	326	109	124	202	162	86	111	146	141	51	101	85	131	87	99	165	141	84	7	101	128	62	5	106	99	62	7	86	137	92	7	142
chrX	77490298	77509911	19614	6	0	19614	11955	7659	1596	654	845	1005	797	544	743	731	838	345	595	561	870	473	560	797	846	440	72	658	687	465	47	663	494	369	55	523	788	588	64	899
chrX	77509913	77513316	3404	6	0	3404	1856	1548	197	88	162	126	140	95	165	91	135	80	144	91	101	69	82	90	136	87	16	93	134	108	26	153	92	110	22	120	129	117	16	187
chrX	77513317	77528580	15264	6	0	15264	9593	5671	1353	542	589	896	670	380	565	588	634	246	395	433	723	407	409	761	677	336	60	502	530	312	46	434	410	252	41	363	586	422	41	659
chrX	77528585	77530636	2052	6	0	2052	1217	835	165	79	85	97	93	54	91	63	99	37	79	57	69	31	51	65	84	50	13	54	71	41	6	70	56	45	7	66	90	52	14	116
chrX	77530637	77538230	7594	6	0	7594	4845	2749	719	250	327	443	313	204	252	309	331	111	180	231	377	193	223	381	324	160	34	240	250	131	12	208	196	119	19	202	307	191	23	332
chrX	77538231	77543973	5743	6	0	5743	3573	2170	482	191	229	326	264	151	194	230	244	105	174	169	238	135	161	278	262	127	18	176	201	104	17	163	159	95	26	130	217	159	27	289
chrX	77543988	77556211	12224	6	0	12224	7579	4645	991	389	506	677	489	316	407	548	495	201	318	363	589	335	362	592	490	290	51	410	441	260	33	394	341	228	40	289	488	351	38	500
chrX	77556220	77559449	3230	6	0	3230	2150	1080	308	94	141	221	102	37	104	111	146	45	125	91	208	105	78	233	115	57	12	97	62	74	4	101	58	21	4	67	119	90	14	184
chrX	77559452	77563702	4251	6	0	4251	2832	1419	436	157	154	278	183	96	116	194	162	62	97	98	245	138	127	288	196	91	14	152	131	51	6	109	102	60	5	82	160	95	13	151
chrX	77563707	77585583	21877	6	0	21877	13926	7951	2097	729	893	1246	949	581	767	806	880	371	566	593	1039	644	620	1145	1026	482	65	751	694	409	50	616	495	375	55	521	888	504	60	958
chrX	77585584	77596444	10861	6	0	10861	6968	3893	1106	342	438	644	431	264	344	397	421	183	311	315	572	309	333	556	450	226	46	376	325	187	41	300	247	157	42	266	414	283	49	484
chrX	77596446	77603532	7087	6	0	7087	4670	2417	744	250	291	451	288	145	222	247	294	107	189	184	412	201	229	414	302	129	20	252	177	99	22	204	170	103	13	152	253	171	27	323
chrX	77603533	77606757	3225	6	0	3225	2069	1156	347	118	119	196	151	70	97	133	141	54	77	85	142	101	95	142	143	80	11	108	125	62	7	86	59	59	6	52	124	79	12	142
chrX	77606758	77614998	8241	6	0	8241	5339	2902	811	246	295	521	322	244	250	372	316	116	192	219	423	260	221	530	392	178	31	265	272	159	20	205	215	125	20	176	308	194	29	312
chrX	77615002	77626028	11027	6	0	11027	7059	3968	1076	370	439	663	446	273	373	407	432	168	284	318	594	321	321	574	482	237	44	368	339	205	48	290	270	159	35	287	408	281	41	472
chrX	77626029	77632241	6213	6	0	6213	4019	2194	584	204	238	375	225	144	198	240	238	107	177	169	353	172	184	409	253	132	24	218	189	96	22	181	123	96	33	136	242	164	23	262
chrX	77632242	77634232	1991	6	0	1991	1359	632	220	71	95	140	86	49	49	74	78	26	34	67	143	50	60	115	86	35	11	65	47	16	4	45	45	24	3	46	80	37	6	82
chrX	77634233	77637939	3707	6	0	3707	2211	1496	318	123	188	163	134	111	123	108	186	44	155	99	153	80	91	134	136	94	16	112	124	81	16	177	76	65	15	100	140	158	17	168
chrX	77637941	77647009	9069	6	0	9069	5588	3481	893	293	379	456	395	288	310	285	340	158	279	249	392	214	264	392	402	203	41	307	303	183	29	307	207	185	38	249	366	251	40	369
chrX	77647010	77661467	14458	5	0	14458	9433	5025	1468	454	558	982	571	382	453	564	631	210	371	394	792	453	365	784	686	295	72	447	424	218	54	390	296	223	40	273	563	350	56	637
chrX	77661469	77666026	4558	5	0	4558	2837	1721	427	131	191	272	201	115	168	148	171	76	139	123	221	114	110	229	166	111	21	138	147	94	23	133	138	92	24	124	181	100	16	212
chrX	77666027	77667295	1269	5	0	1269	840	429	158	36	43	94	47	28	45	47	55	15	28	39	71	27	38	67	43	24	5	34	35	20	3	34	39	23	4	28	50	25	4	58
chrX	77667302	77671167	3866	5	0	3866	2321	1545	351	115	143	195	160	118	144	134	119	59	136	99	175	109	108	154	163	89	16	133	133	72	24	152	111	110	16	113	150	110	20	133
chrX	77671168	77677665	6498	5	0	6498	4469	2029	751	217	254	494	258	144	187	229	249	91	115	171	458	211	189	449	277	127	26	233	158	75	13	144	129	78	16	127	254	110	21	241
chrX	77677666	77678236	571	5	0	571	339	232	68	9	17	27	20	18	28	17	15	5	24	16	19	14	11	30	19	13	1	13	21	6	4	26	22	23	3	20	21	15	4	20
chrX	77678241	77687152	8912	5	0	8912	5742	3170	887	295	423	559	371	201	313	318	416	136	251	295	490	212	200	374	339	157	27	321	270	135	21	228	206	130	37	201	388	232	39	438
chrX	77687153	77692846	5694	5	0	5694	3750	1944	555	171	228	383	217	147	167	233	223	84	116	160	341	181	188	354	264	117	15	187	169	91	13	154	122	83	11	134	209	136	15	224
chrX	77692851	77695061	2211	5	0	2211	1383	828	192	75	89	124	82	78	78	78	89	34	66	52	117	61	64	104	115	44	7	80	58	54	5	70	53	36	6	57	90	53	8	90
chrX	77695063	77710711	15649	5	0	15649	9318	6331	1321	499	553	797	626	435	686	576	565	264	483	380	657	377	418	679	604	396	58	517	615	378	68	567	515	416	62	443	589	438	52	613
chrX	77710712	77710933	222	5	0	222	141	81	21	9	5	14	8	8	7	12	9	2	5	8	10	5	6	10	10	8	0	6	9	3	1	8	6	4	1	1	10	6	0	8
chrX	77710934	77716127	5194	5	0	5194	3181	2013	440	195	203	257	204	164	206	183	219	87	142	149	231	128	160	211	247	119	19	190	179	97	22	173	116	107	18	129	215	148	15	219
chrX	77716147	77716323	177	5	0	177	99	78	23	1	8	5	4	11	8	3	2	5	8	3	8	4	3	1	6	9	1	5	8	5	2	6	6	4	0	8	6	3	1	8
chrX	77716324	77728764	12441	5	0	12441	7737	4704	1182	441	466	623	517	352	404	538	479	214	356	374	534	297	365	594	545	299	52	408	446	252	56	355	323	222	35	288	497	336	49	540
chrX	77728765	77733706	4942	5	0	4942	3029	1913	460	166	192	266	213	127	195	185	208	84	135	130	204	115	108	239	193	116	23	160	180	119	31	146	145	110	11	122	202	131	21	203
chrX	77733708	77734208	501	5	0	501	256	245	50	9	11	16	13	25	34	7	12	5	30	12	11	6	6	7	11	15	4	15	26	12	2	27	24	24	4	22	18	16	8	17
chrX	77734213	77735598	1386	5	0	1386	706	680	89	24	19	54	35	51	76	48	27	26	73	35	35	38	25	50	37	40	17	44	69	41	33	59	48	72	12	46	56	49	12	44
chrX	77735599	77737479	1881	5	0	1881	1113	768	186	59	58	100	93	49	60	68	54	24	65	56	70	45	45	79	68	42	15	52	82	54	20	46	61	54	18	57	59	52	15	73
chrX	77737484	77738817	1334	5	0	1334	822	512	134	27	38	92	46	40	49	47	33	26	48	35	77	42	35	52	52	31	6	46	44	30	9	52	29	34	6	30	57	40	3	42
chrX	77738819	77738851	33	5	0	33	14	19	0	1	1	1	1	1	2	2	1	0	0	1	1	1	0	0	2	1	0	0	2	3	1	2	2	1	0	1	0	3	0	0
chrX	77738853	77740077	1225	5	0	1225	779	446	126	33	49	70	41	32	39	39	41	13	33	38	71	32	30	91	36	27	9	38	46	26	6	38	31	27	6	30	38	36	7	44
chrX	77740078	77741037	960	5	0	960	569	391	94	30	38	43	40	25	38	17	39	22	46	25	33	16	32	29	37	20	2	34	25	27	2	52	14	21	2	23	44	38	4	46
chrX	77741038	77773092	32055	5	0	32055	18628	13427	2601	972	1101	1495	1179	1037	1359	1102	1127	571	1135	897	1262	741	835	1212	1254	822	182	1064	1261	902	239	1121	932	839	200	881	1230	960	175	1365
chrX	77773093	77775716	2624	5	0	2624	1483	1141	235	70	68	117	94	78	121	96	77	51	108	82	83	53	63	85	94	62	14	82	102	65	30	98	84	88	25	79	109	80	27	102
chrX	77775717	77786905	11189	5	0	11189	6473	4716	925	309	422	537	455	347	433	350	344	221	344	294	470	289	299	432	424	301	74	367	416	304	120	399	325	344	118	321	420	290	82	411
chrX	77786914	77787336	423	5	0	423	263	160	50	8	16	28	18	22	12	15	17	3	10	18	16	5	12	11	28	5	1	5	9	10	3	11	13	8	2	17	17	10	4	17
chrX	77787337	77790052	2716	5	0	2716	1525	1191	209	91	99	117	131	90	119	80	85	46	110	57	92	65	65	68	105	81	13	93	113	61	18	110	89	91	25	93	113	69	20	96
chrX	77790054	77790929	876	5	0	876	499	377	59	22	27	39	38	30	49	21	18	12	39	24	32	25	16	47	41	16	1	31	40	25	2	31	20	31	4	41	37	27	1	28
chrX	77790947	77790991	45	5	0	45	36	9	1	1	1	0	0	1	1	2	1	2	1	0	1	1	1	20	3	0	0	2	0	0	0	0	0	0	0	0	1	0	0	3
chrX	77790992	77791967	976	5	0	976	615	361	116	29	38	52	42	20	31	37	33	12	23	29	44	24	25	59	34	22	3	26	41	23	6	31	29	24	2	23	26	32	1	37
chrX	77791968	77796931	4964	5	0	4964	2876	2088	479	133	151	222	189	174	186	176	143	91	191	144	175	115	126	180	199	133	31	150	209	121	46	166	143	145	45	131	174	143	44	207
chrX	77796934	77974973	178040	5	0	178040	106003	72037	15179	5253	6409	8945	6862	5417	6987	6376	6180	3150	5952	4821	7566	4523	4765	7616	7098	4217	978	6050	6738	4144	1152	5991	4964	4604	1122	4876	6843	5060	1004	7196
chrX	77974975	77995173	20199	5	0	20199	12724	7475	1815	597	746	1279	788	550	705	781	794	339	566	540	1040	528	610	1046	807	429	71	707	656	368	91	613	500	411	65	516	861	518	69	791
chrX	77995174	77999960	4787	5	0	4787	2903	1884	455	129	189	258	176	150	185	154	182	80	155	135	218	122	122	191	185	106	29	161	166	82	34	158	130	116	35	129	184	136	30	203
chrX	77999962	77999983	22	5	0	22	12	10	2	0	1	1	2	0	1	0	0	0	0	0	0	2	1	0	0	1	0	1	2	1	0	1	1	2	0	1	0	0	0	0
chrX	77999985	78013002	13018	5	0	13018	8311	4707	1301	370	484	804	508	343	434	517	468	199	340	365	682	370	356	770	507	278	52	445	438	220	51	365	346	255	56	321	511	320	57	483
chrX	78013003	78031333	18331	6	0	18331	11001	7330	1533	606	703	917	735	504	690	681	692	343	571	474	799	423	553	776	718	436	81	641	677	460	88	632	539	422	80	475	676	540	95	769
chrX	78031334	78043850	12517	6	0	12517	7671	4846	985	367	509	678	464	339	442	496	486	222	409	353	605	352	376	587	492	291	51	446	413	275	66	409	328	243	47	314	508	353	42	567
chrX	78043852	78166002	122151	6	0	122151	72270	49881	9516	3787	4985	5773	4996	3648	4876	4348	4742	2274	3937	3401	4808	2923	3353	4902	5006	3054	551	4021	4601	3123	589	4381	3492	2779	504	3425	4769	3738	524	5323
chrX	78166003	78335002	169000	7	0	169000	104222	64778	14079	5422	6842	9306	7240	4487	6171	6568	7028	2979	4822	4738	7302	4115	4860	8262	7033	3949	567	5453	6132	3822	490	5240	4724	3066	397	4337	6577	4847	478	7665
chrX	78335003	78564002	229000	8	0	229000	144288	84712	20392	7467	9714	13309	10104	5880	7777	9205	10083	4006	6278	6711	10303	5481	6443	11135	9839	4986	649	7360	7814	4447	477	6736	5983	3675	339	5327	9329	6365	595	10789
chrX	78564003	79353002	789000	9	0	789000	498797	290203	70187	25330	33455	46352	33860	20809	26312	31525	34322	13446	21843	22300	36954	19753	22472	39875	34138	16689	2433	26078	26141	14954	1752	22990	20503	12556	1476	18581	31724	21638	2117	36433
chrX	79353003	79838165	485163	10	0	485163	307704	177459	44498	15850	20226	28887	20815	12309	16445	19243	20406	8392	13000	13703	23742	11913	13642	24633	20990	10184	1583	15707	15866	9243	1243	13797	12823	7943	1029	11549	19133	12779	1329	22259
chrX	79838166	79838647	482	10	0	482	326	156	47	17	20	35	22	11	13	18	25	8	12	13	26	11	15	32	30	3	2	12	12	2	3	9	7	5	0	12	15	16	1	26
chrX	79838648	79877459	38812	10	0	38812	24190	14622	3277	1259	1547	2164	1681	1077	1398	1577	1576	686	1032	1117	1713	1003	1103	1979	1726	897	116	1286	1384	742	117	1180	1051	714	68	929	1572	1069	85	1685
chrX	79877468	79878225	758	10	0	758	480	278	70	20	31	48	32	19	24	37	30	14	22	29	36	17	19	30	37	13	2	18	25	17	1	20	15	13	0	22	35	20	3	37
chrX	79878227	79878250	24	10	0	24	13	11	0	0	2	0	1	0	0	4	1	1	0	3	0	0	0	0	0	0	0	1	3	1	0	0	0	0	0	0	2	2	0	1
chrX	79878252	79878426	175	10	0	175	110	65	16	3	9	12	10	1	6	7	6	5	6	4	8	4	7	5	5	3	0	5	5	4	0	4	7	3	0	6	7	3	0	12
chrX	79878428	79878451	24	10	0	24	11	13	0	0	2	0	1	1	0	0	1	0	1	1	0	0	3	1	0	0	0	1	1	1	0	1	1	1	0	3	0	1	0	1
chrX	79878453	79878624	172	10	0	172	93	79	8	5	11	7	6	10	9	1	8	7	3	2	9	2	1	4	10	7	0	7	7	8	0	10	3	4	0	1	5	7	2	6
chrX	79878626	79878662	37	10	0	37	22	15	1	1	4	2	2	2	0	0	1	2	1	0	4	0	2	0	2	1	0	2	0	0	0	1	1	0	0	3	1	1	0	1
chrX	79878668	79880367	1700	10	0	1700	974	726	136	49	79	67	62	48	93	35	69	31	61	42	64	60	40	38	63	52	3	69	76	45	5	67	42	49	6	45	57	47	6	92
chrX	79880368	79882100	1733	10	0	1733	914	819	116	48	88	39	63	59	98	55	65	34	55	39	46	33	38	37	58	54	0	62	90	77	3	84	74	56	1	66	53	67	6	67
chrX	79882102	79882131	30	10	0	30	14	16	0	2	1	0	2	0	2	3	0	0	0	1	1	0	1	0	1	1	0	0	2	0	0	1	3	2	0	3	1	1	0	0
chrX	79882133	79883879	1747	10	0	1747	1104	643	144	53	92	108	79	43	65	55	83	36	43	50	90	40	49	73	81	33	4	54	49	34	5	50	37	34	1	48	75	37	4	96
chrX	79883881	79884170	290	10	0	290	200	90	27	8	8	13	7	20	12	9	9	7	5	7	12	8	6	40	30	3	0	10	5	2	0	4	6	0	0	2	7	6	0	15
chrX	79884172	79884489	318	10	0	318	260	58	0	0	0	0	0	16	0	37	0	0	0	1	0	37	4	164	50	0	0	3	1	0	0	0	1	0	0	1	0	1	0	0
chrX	79884490	79884551	62	10	0	62	50	12	1	0	0	1	0	3	0	6	0	0	0	2	1	5	0	29	8	0	0	0	2	0	0	0	0	0	0	0	0	2	0	0
chrX	79884552	79885814	1263	10	0	1263	772	491	119	43	54	66	49	39	57	28	56	21	38	35	59	33	27	47	58	35	1	42	34	44	7	46	29	21	1	22	52	31	1	66
chrX	79885832	79887303	1472	10	0	1472	825	647	74	35	65	65	54	53	78	39	56	23	61	37	55	34	38	57	61	37	5	43	50	45	1	71	58	35	2	61	55	50	6	66
chrX	79887305	79887355	51	10	0	51	30	21	4	4	2	1	2	2	5	0	4	1	0	0	1	2	0	1	5	1	0	3	2	2	0	1	0	0	0	0	2	1	0	3
chrX	79887357	79887511	155	10	0	155	75	80	6	4	5	3	5	10	6	6	7	4	7	2	0	1	6	1	6	7	1	5	12	7	1	7	6	4	0	4	3	9	0	8
chrX	79887513	79887582	70	10	0	70	41	29	6	3	4	3	3	1	4	3	3	1	3	2	4	0	0	0	2	0	0	3	3	2	0	1	6	0	0	2	1	3	0	5
chrX	79887584	79887829	246	10	0	246	130	116	9	7	14	8	12	9	12	9	15	4	9	4	2	5	6	5	9	7	1	8	8	8	0	14	15	5	0	8	9	10	1	11
chrX	79887831	79887878	48	10	0	48	30	18	3	1	1	2	2	0	2	5	1	2	2	2	1	2	1	1	3	1	0	1	1	0	0	2	1	0	0	1	4	2	0	2
chrX	79887880	79887993	114	10	0	114	54	60	5	3	3	2	3	6	8	3	5	1	6	1	0	3	3	2	3	3	0	6	8	5	0	5	5	3	0	7	4	7	0	2
chrX	79888004	79889103	1100	10	0	1100	756	344	135	36	57	80	49	28	26	33	57	16	28	32	66	28	32	51	46	22	2	38	23	8	1	27	16	10	0	18	51	19	3	60
chrX	79889120	79889325	206	10	0	206	134	72	27	9	9	11	9	4	7	4	10	3	5	7	10	5	7	6	7	5	1	8	5	1	1	7	4	3	0	5	9	5	2	8
chrX	79889327	79889371	45	10	0	45	35	10	11	2	2	3	3	0	0	2	3	0	1	1	2	1	2	0	2	0	0	1	0	0	0	0	1	0	0	1	2	0	0	3
chrX	79889373	79889681	309	10	0	309	211	98	31	10	14	21	16	13	6	8	14	4	8	7	16	8	8	26	19	8	1	7	7	1	0	8	5	4	0	4	12	3	1	17
chrX	79889683	79889730	48	10	0	48	32	16	4	3	3	1	3	0	2	0	3	2	1	1	1	1	2	4	4	0	0	2	0	0	0	0	0	0	0	2	2	1	0	4
chrX	79889732	79889889	158	10	0	158	111	47	13	6	5	12	9	4	5	6	2	6	2	6	13	4	8	8	15	1	0	4	1	0	0	2	6	0	0	2	2	2	0	12
chrX	79889898	79891002	1105	10	0	1105	701	404	103	36	42	69	44	35	44	29	45	18	37	33	58	23	34	51	54	18	2	38	32	18	4	26	23	22	3	30	43	23	3	63
chrX	79891004	79895350	4347	10	0	4347	2623	1724	394	140	160	232	183	113	205	148	211	68	143	129	137	77	123	159	167	102	9	120	169	99	7	141	129	77	3	149	184	138	9	220
chrX	79895351	79902919	7569	10	0	7569	4848	2721	723	262	296	494	369	174	248	290	343	117	194	230	339	179	227	361	328	170	22	212	235	132	24	206	205	120	10	173	313	175	22	374
chrX	79902920	79903213	294	10	0	294	175	119	22	8	14	18	21	5	10	7	13	7	9	7	7	7	7	11	12	4	2	9	8	10	1	13	11	7	0	6	12	11	1	12
chrX	79903215	79903249	35	10	0	35	22	13	1	2	1	2	3	0	2	3	1	1	1	1	1	1	0	2	4	0	0	0	0	0	0	0	1	0	0	2	2	0	0	2
chrX	79903251	79904138	888	10	0	888	546	342	82	29	44	46	46	12	24	43	44	11	19	27	28	29	33	28	29	25	3	24	37	17	2	31	25	18	3	26	34	27	2	38
chrX	79904140	79904214	75	10	0	75	49	26	12	5	2	4	7	1	1	2	3	0	1	3	1	3	3	1	5	1	0	3	3	3	0	0	0	1	0	1	3	1	0	3
chrX	79904216	79904712	497	10	0	497	298	199	36	15	11	25	20	21	18	35	18	12	11	15	12	10	13	25	26	14	2	16	30	6	1	9	17	10	2	9	21	16	1	18
chrX	79904714	79904743	30	10	0	30	18	12	2	0	1	1	1	0	0	5	1	2	0	1	0	1	1	0	3	0	0	0	1	1	0	2	0	0	0	0	2	3	0	0
chrX	79904745	79905058	314	10	0	314	183	131	27	12	5	12	9	15	8	17	9	3	9	8	12	8	9	19	17	9	2	10	10	19	1	9	13	2	4	5	9	10	3	7
chrX	79905060	79905096	37	10	0	37	22	15	7	1	2	0	2	0	2	3	1	1	1	0	0	1	0	1	3	0	0	0	2	1	0	0	2	1	0	1	0	0	0	3
chrX	79905098	79905187	90	10	0	90	63	27	10	2	2	9	6	4	1	6	3	1	3	4	4	1	2	5	4	1	0	3	2	0	0	0	3	0	0	1	7	0	0	4
chrX	79905189	79905221	33	10	0	33	25	8	7	1	1	4	2	0	1	2	0	1	0	0	4	0	0	2	1	0	0	1	1	0	0	0	1	0	0	1	1	0	0	0
chrX	79905223	79915565	10343	10	0	10343	7086	3257	1116	341	423	777	464	220	237	430	452	151	217	255	624	318	322	738	444	211	27	348	272	129	19	220	229	86	10	187	406	214	10	444
chrX	79915576	79930596	15021	10	0	15021	9347	5674	1343	491	583	839	676	420	529	565	649	275	423	459	588	348	406	752	654	366	73	441	534	282	62	413	412	229	51	350	590	415	64	737
chrX	79930598	79943185	12588	10	0	12588	8303	4285	1222	451	449	813	550	332	312	656	540	168	241	376	624	385	378	805	648	270	44	374	407	211	28	278	290	151	24	235	505	292	34	493
chrX	79943187	79948535	5349	10	0	5349	3450	1899	513	152	227	342	232	132	186	211	207	100	150	147	283	140	155	272	220	103	8	193	170	88	6	130	150	86	2	138	221	117	10	256
chrX	79948536	80775000	826465	10	0	826465	518804	307661	72683	27084	34011	47538	34579	21193	28639	32745	34118	14346	22729	23231	39935	21038	23364	41569	35558	18015	3017	27071	27636	16613	2564	24681	21660	14366	2080	19976	32302	22500	2607	37015
chrX	80775001	81096000	321000	9	0	321000	199767	121233	28552	10624	12838	18066	13697	8620	11443	12328	13130	5540	9186	9035	14701	7843	9017	15145	13738	7249	1184	10456	11179	6622	1094	9436	8574	5779	931	8100	12597	8681	1121	14492
chrX	81096001	81456000	360000	8	0	360000	229165	130835	32479	11812	15098	21532	15292	9218	11948	14129	15418	6120	9592	10190	17731	9243	10423	18939	15623	7439	1317	12014	11446	6568	924	10115	9194	5603	782	8489	14324	9444	1109	16443
chrX	81456001	81636000	180000	9	0	180000	116066	63934	16504	5783	7263	11280	7697	4694	5812	7389	7572	3008	4539	5101	9058	4772	5177	10415	8094	3665	614	5884	5629	3118	342	4782	4601	2649	299	4037	7268	4439	425	8088
chrX	81636001	81945417	309417	10	0	309417	195494	113923	27116	10044	12773	18190	13333	8105	10443	12604	12852	5425	8287	8502	14822	7777	8654	16565	13587	6540	1049	10175	10391	6036	774	8773	8253	5154	626	7499	12255	8244	857	13710
chrX	81945468	82242050	296583	10	0	296583	189247	107336	27480	9771	12017	18089	12844	7778	9906	11917	12383	4917	7736	8178	14651	7467	8150	15962	13167	6296	868	9602	9793	5512	658	8200	7788	4771	598	6869	11697	7584	794	13138
chrX	82242051	82672050	430000	9	0	430000	277055	152945	40331	13967	17817	26950	18506	10819	13747	17450	18148	7102	10776	12002	22080	11027	12141	24190	18927	8764	1379	13845	13652	7739	863	11636	10902	6675	729	9806	17041	10712	1081	19194
chrX	82672051	82740401	68351	8	0	68351	42626	25725	5874	2127	2948	3861	2755	1877	2409	2486	2795	1176	2087	1831	3386	1701	1916	3396	2859	1439	238	2344	2220	1382	233	2140	1759	1328	178	1715	2689	1826	213	3161
chrX	82740843	82870491	129649	8	0	129649	82503	47146	11932	4173	5414	7864	5556	3252	4293	5006	5376	2223	3515	3677	6519	3283	3655	6763	5427	2790	409	4305	4288	2447	342	3735	3220	2099	240	3053	5172	3476	359	5784
chrX	82870492	83054491	184000	9	0	184000	117856	66144	17159	5985	7643	11212	7812	4604	6173	7244	7787	3138	4816	5052	9242	4699	5299	9990	7972	3838	559	6057	5847	3340	385	5142	4772	2882	288	4268	7241	4654	434	8464
chrX	83054492	84014491	960000	10	0	960000	612569	347431	88166	31530	38995	58671	41667	24853	31299	38865	40588	16241	25064	27169	46942	24184	27124	51209	42319	20382	3260	30847	31225	17625	2472	26239	25094	14570	2081	22255	38046	24984	2891	43141
chrX	84014492	84073491	59000	9	0	59000	37821	21179	5738	2037	2428	3616	2608	1472	1927	2293	2522	951	1451	1570	2951	1461	1655	3139	2551	1274	185	1911	1969	1098	119	1644	1532	903	125	1374	2250	1555	157	2532
chrX	84073492	84170491	97000	10	0	97000	63088	33912	9135	3189	3968	6094	3933	2306	3154	3770	4068	1559	2407	2794	5249	2684	2949	5828	4193	1884	337	3324	2816	1606	220	2623	2247	1377	185	2271	3906	2398	264	4260
chrX	84170492	84334491	164000	9	0	164000	104145	59855	14355	5254	6823	9767	6875	4107	5429	6514	6923	2783	4471	4718	8046	4337	4890	8851	6881	3470	518	5612	5243	3100	406	4770	4119	2598	384	3859	6683	4351	488	7373
chrX	84334492	84768842	434351	10	0	434351	278890	155461	40327	13994	17974	27071	18652	11070	13943	17468	18731	7167	11184	12445	21656	11332	12470	23404	19144	8855	1413	14151	13771	7762	923	11991	10787	6521	844	9772	17431	11309	1130	19657
chrX	84768844	84828492	59649	10	0	59649	37737	21912	5493	1952	2518	3455	2575	1548	1938	2452	2488	997	1602	1642	2862	1538	1691	2985	2550	1333	196	1956	1983	1224	115	1746	1585	962	113	1419	2395	1549	156	2629
chrX	84828493	84863137	34645	9	0	34645	21863	12782	3282	1052	1500	2052	1385	921	1186	1275	1387	623	943	838	1833	869	949	1767	1462	755	103	1145	1082	699	133	1057	961	624	108	861	1262	892	122	1515
chrX	84863139	85353921	490783	9	0	490783	309312	181471	42900	15881	20152	28599	20437	12724	16487	19448	20115	8370	13427	13954	24080	12903	14190	25645	20835	10730	1781	16532	16515	9678	1491	14411	12401	8359	1234	11636	19345	13329	1516	21676
chrX	85353923	85355494	1572	9	0	1572	997	575	133	50	77	93	76	32	44	69	70	24	33	53	75	50	46	71	63	36	8	48	54	28	3	54	35	26	0	39	69	49	3	59
chrX	85355495	85511494	156000	8	0	156000	99011	56989	13835	5035	6621	9256	6628	3997	5167	6344	6685	2693	4263	4518	7599	3974	4497	7898	6741	3318	461	5178	5006	2954	345	4464	3972	2443	298	3649	6417	4054	430	7258
chrX	85511495	85808494	297000	9	0	297000	186158	110842	25683	9697	12289	17060	13131	7880	10284	11841	12698	5149	8202	8678	13218	7112	8263	14971	12957	6609	949	9323	10403	6012	697	8549	7941	4798	562	7315	11836	8242	798	13851
chrX	85808495	85927494	119000	10	0	119000	75297	43703	10109	3823	4962	6956	4817	3073	4032	4895	4886	2047	3178	3316	6039	3191	3491	6481	5198	2492	440	4004	3791	2369	276	3601	3112	1952	200	2840	4716	3223	270	5218
chrX	85927495	85969116	41622	9	0	41622	26524	15098	3731	1341	1627	2554	1609	1102	1392	1698	1657	662	1105	1116	2256	1159	1246	2268	1808	856	171	1428	1284	781	114	1215	1119	711	104	966	1590	1046	143	1761
chrX	85969118	86193073	223956	9	0	223956	139531	84425	19348	7114	9305	12689	9368	5916	7813	8723	9310	3897	6272	6346	10431	5717	6180	11100	9418	4836	972	7419	7458	4558	893	6708	5980	4072	710	5576	8964	6151	843	9867
chrX	86193075	86334496	141422	9	0	141422	89133	52289	12271	4549	5950	8388	6042	3674	4833	5649	5979	2436	3815	3962	6865	3645	4011	7063	6062	3012	496	4734	4599	2726	351	4181	3806	2313	339	3478	5731	3806	438	6216
chrX	86334497	86494496	160000	10	0	160000	103006	56994	14636	5203	6606	10019	6834	4109	5013	6671	6728	2686	3984	4675	8266	4261	4563	8750	7082	3230	616	5331	4993	2780	376	4298	4035	2333	301	3545	6517	4104	461	6992
chrX	86494497	86929496	435000	9	0	435000	279709	155291	39024	14067	17755	27286	18171	11291	13725	18281	18552	6948	11279	12328	22385	11407	12618	24590	18988	8728	1408	14589	13543	7509	1000	11914	11291	6521	885	9807	17646	11208	1187	19067
chrX	86929497	87362496	433000	8	0	433000	278187	154813	39044	13710	18007	26983	18367	11159	14046	17450	18507	7265	11084	12059	21826	11183	12195	25300	18915	8771	1375	14256	13855	7738	944	11701	11192	6623	755	9772	17060	11106	1146	19604
chrX	87362497	87408496	46000	7	0	46000	29369	16631	4139	1469	1841	2900	1891	1207	1505	1823	1865	830	1271	1225	2453	1177	1326	2446	1986	955	186	1556	1434	851	133	1292	1192	762	90	1002	1813	1142	143	2093
chrX	87408497	87574496	166000	8	0	166000	106398	59602	15066	5404	6769	10359	7001	4345	5324	6661	6954	2718	4372	4729	8576	4344	4667	9107	7339	3379	650	5443	5164	2956	471	4497	4196	2562	395	3777	6633	4191	534	7415
chrX	87574497	87619864	45368	7	0	45368	29835	15533	4297	1478	1791	3032	1852	1114	1369	1925	1880	695	1054	1308	2570	1350	1382	2736	2105	837	162	1533	1287	679	97	1138	1084	604	98	972	1784	1081	119	1953
chrX	87619868	87695499	75632	7	0	75632	46865	28767	6494	2364	3177	4205	3079	2111	2670	2902	3083	1344	2109	2083	3584	1918	2144	3596	3188	1684	320	2545	2593	1674	271	2325	2010	1454	215	1869	2973	2051	234	3361
chrX	87695500	87905499	210000	8	0	210000	134291	75709	18934	6657	8742	12832	8630	5340	6939	8365	8713	3509	5564	5864	10887	5410	6097	11806	8842	4287	733	7054	6539	3733	553	5870	5442	3404	513	5089	8451	5271	599	9329
chrX	87905500	88029416	123917	9	0	123917	79250	44667	11171	4015	5140	7611	5359	3186	3999	5078	5253	2039	3376	3492	6154	3170	3573	6633	5378	2552	424	4056	3905	2180	261	3402	3317	1864	235	2932	5022	3152	288	5698
chrX	88029417	88122498	93082	9	0	93082	60137	32945	8638	2995	3798	5976	3926	2296	2961	3891	3936	1590	2248	2707	4908	2455	2793	5018	4055	1935	291	3055	2812	1468	229	2584	2362	1414	184	2074	3845	2275	274	4087
chrX	88122499	88198498	76000	10	0	76000	48131	27869	6674	2454	3259	4515	3244	2042	2650	2905	3265	1383	2044	2098	3719	1874	2114	3889	3284	1602	286	2581	2405	1329	189	2205	1992	1220	141	1845	3160	1977	216	3437
chrX	88198499	88548498	350000	9	0	350000	225021	124979	32341	11036	14278	22194	14825	8829	11074	13978	14470	5719	9284	9803	18213	9254	9889	19833	15281	7015	1214	11328	10903	6066	1029	9527	8814	5610	855	8061	13708	8834	1124	15609
chrX	88548499	88633498	85000	10	0	85000	53988	31012	8070	2762	3329	5093	3691	2281	2849	3424	3530	1431	2254	2431	3963	2097	2370	4412	3739	1817	306	2709	2879	1567	228	2323	2227	1442	194	1933	3400	2171	240	3836
chrX	88633499	89127480	493982	9	0	493982	318506	175476	46207	15934	20265	31207	20988	12474	15774	19690	20163	8205	12875	13545	26254	12484	13978	28462	21570	9927	1549	16051	15407	8766	1144	13347	12735	7820	954	11417	19213	12151	1347	22077
chrX	89127482	89165864	38383	9	0	38383	24955	13428	3479	1283	1455	2416	1573	1036	1179	1611	1546	613	973	1083	2035	1028	1167	2478	1747	753	122	1338	1172	661	86	981	963	519	47	822	1517	966	99	1633
chrX	89165866	89217500	51635	9	0	51635	33753	17882	4757	1563	1936	3442	1972	1275	1445	1887	2059	1103	1105	1345	2910	1555	1357	4042	2156	1180	653	1507	1380	752	326	1344	1104	752	118	996	1937	1118	561	1996
chrX	89217501	89269500	52000	10	0	52000	32855	19145	4616	1679	2160	3012	2085	1368	1730	2071	2175	872	1466	1382	2591	1354	1558	2735	2184	1138	185	1766	1669	989	160	1563	1394	848	120	1232	2006	1406	131	2353
chrX	89269501	89446500	177000	9	0	177000	115119	61881	16683	5658	7182	11360	7536	4455	5503	7321	7430	2870	4351	5027	9233	4504	5101	10904	7813	3422	564	5688	5446	2815	394	4519	4534	2645	329	4033	7022	4292	467	7897
chrX	89446501	89674500	228000	10	0	228000	145756	82244	20710	7084	9281	14285	9382	5899	7423	9160	9495	3909	6108	6193	11774	5765	6441	12846	9682	4793	728	7454	7321	4393	559	6526	5765	3717	423	5177	9096	5896	618	10095
chrX	89674501	89957500	283000	9	0	283000	182952	100048	26575	9123	11400	18316	11979	7034	8982	11234	11783	4674	7236	7842	15077	7269	8060	16368	12289	5682	985	9144	8666	4873	789	7574	6996	4447	600	6467	11278	6900	864	12492
chrX	89957501	90621500	664000	10	0	664000	426257	237743	62136	21188	27913	41390	27921	16435	21702	25636	27572	11040	17694	18243	34997	16977	18431	36981	28314	13468	2170	21688	20633	12102	1715	18759	16655	10886	1406	15397	26092	16754	1807	29896
chrX	90621501	91220500	599000	9	0	599000	381193	217807	54502	18904	24337	36902	25232	15553	20268	23833	24836	9935	15999	16914	30075	14939	16503	32459	25704	12261	2012	19355	19492	11398	1604	16855	15854	10202	1297	14089	23836	15488	1551	26809
chrX	91220501	91423500	203000	10	0	203000	130049	72951	18796	6647	8454	12499	8824	5062	6648	7953	8717	3395	5224	5920	10059	5202	5790	10858	8683	4288	742	6593	6545	3471	476	5698	5079	3151	398	4570	8179	5280	542	9255
chrX	91423501	91455500	32000	9	0	32000	21111	10889	3150	1079	1319	2164	1334	741	909	1304	1323	499	797	913	1904	839	870	1965	1383	569	137	1069	851	462	119	786	735	464	117	664	1319	723	115	1375
chrX	91455501	92475005	1019505	10	0	1019505	651053	368452	92561	32347	41420	63823	41956	26114	33455	40933	42985	16955	27184	28757	52650	26130	28961	54821	43484	20235	4006	33821	31258	18423	3230	28547	26301	16618	2787	23860	41415	26182	3493	44791
chrX	92475006	92475193	188	6	0	188	87	101	31	1	1	3	3	5	9	1	2	4	13	2	1	4	4	1	3	1	3	7	6	8	10	6	5	13	9	9	4	8	4	5
chrX	92475194	93715500	1240307	10	0	1240307	790085	450222	111336	39284	51652	75833	51867	31557	41272	48696	52305	21004	33524	34879	62597	31919	35566	66794	52746	25670	4197	41151	39483	23260	3271	35095	31638	20095	2614	29289	49525	32085	3622	56479
chrX	93715501	94265500	550000	9	0	550000	350019	199981	48991	17334	22741	33665	22835	14191	18274	21889	22968	9242	15012	15538	27937	14208	15902	29290	23255	11291	1997	18432	17462	10020	1449	15703	14294	9037	1176	13105	22179	14286	1606	24689
chrX	94265501	94304500	39000	10	0	39000	25279	13721	3618	1255	1675	2449	1697	1002	1180	1543	1687	635	1033	1119	1995	1015	1113	2263	1687	820	123	1277	1207	623	67	1028	939	510	82	882	1589	973	98	1814
chrX	94304501	94424500	120000	9	0	120000	77133	42867	11095	3854	5019	7489	4986	3061	3860	4693	5007	2052	3111	3272	6369	3105	3542	6616	5155	2436	433	4048	3673	2077	319	3314	3034	1890	243	2803	4740	2980	355	5367
chrX	94424501	94750500	326000	10	0	326000	209054	116946	30506	10213	13606	20572	13620	8122	10627	12768	13594	5619	8633	8681	17176	8341	9122	17853	13751	6707	1068	10769	10151	6104	845	9358	8169	5399	617	7481	13066	8248	832	14380
chrX	94750501	94868500	118000	9	0	118000	74963	43037	10845	3815	4747	7163	5190	3063	4014	4615	4978	2052	3139	3484	5557	2876	3349	6074	5071	2539	394	3802	3927	2115	277	3336	3049	1921	235	2717	4836	3080	344	5394
chrX	94868501	95511500	643000	10	0	643000	414554	228446	59569	20462	26262	40595	27176	16135	20811	25863	27007	10694	16338	18173	33137	16699	18390	37241	27956	13244	2009	20781	20208	11636	1365	17237	16313	9682	1100	14703	25508	15884	1740	29080
chrX	95511501	95599500	88000	9	0	88000	56114	31886	8009	2795	3717	5373	3731	2212	2911	3411	3669	1499	2360	2499	4485	2255	2495	4691	3692	1894	262	2913	2849	1657	186	2566	2248	1413	185	1994	3476	2294	247	4010
chrX	95599501	95762500	163000	10	0	163000	103809	59191	14316	5127	6868	9973	6709	4157	5441	6489	6973	2740	4189	4761	8287	4247	4841	8689	6864	3341	560	5506	5145	3011	383	4733	4255	2578	334	3817	6532	4342	507	7283
chrX	95762501	96008500	246000	9	0	246000	155794	90206	21176	7787	10265	14878	10359	6430	8294	9870	10425	4167	6771	7116	12146	6150	7184	12776	10461	5109	775	8189	8029	4512	570	7080	6510	4038	514	5938	9951	6532	689	11307
chrX	96008501	96153500	145000	8	0	145000	93683	51317	13722	4666	5869	9128	6202	3616	4408	6048	6261	2350	3640	4283	7199	3722	4234	8333	6239	2939	501	4675	4476	2531	387	3903	3645	2054	302	3131	5914	3773	404	6443
chrX	96153501	96264500	111000	7	0	111000	69319	41681	9054	3426	4629	6550	4681	2847	3884	4625	4719	1974	3107	3274	5206	2760	3165	5417	4690	2356	341	3620	3788	2335	241	3390	3048	1922	214	2662	4511	3141	308	5113
chrX	96264501	96353500	89000	6	0	89000	56464	32536	7860	2945	3665	5261	3946	2258	2878	3756	3946	1537	2323	2665	3980	2127	2563	4752	3849	1910	282	2826	3047	1660	221	2437	2292	1329	168	2043	3650	2466	233	4123
chrX	96353501	96475500	122000	5	0	122000	75677	46323	9794	3857	5155	6796	4863	3380	4253	4700	4993	2185	3573	3413	5952	3159	3640	5963	5101	2720	522	4238	4064	2471	431	3847	3224	2167	340	3033	4807	3455	399	5503
chrX	96475501	96708500	233000	6	0	233000	142490	90510	18790	7081	9411	12644	9375	6437	8482	8987	9342	4235	7256	6560	10419	5806	6620	11043	9565	5245	993	7756	8111	4959	1042	7510	6308	4701	889	6038	9298	6717	912	10466
chrX	96708501	96835500	127000	7	0	127000	80621	46379	11669	3913	5014	7650	4955	3326	4230	4909	4948	2104	3602	3586	6673	3478	3794	6769	5265	2667	522	4367	3884	2287	483	3748	3222	2220	416	3058	5049	3228	495	5467
chrX	96835501	97016500	181000	8	0	181000	116844	64156	16445	5681	7122	11675	7204	4580	5666	7399	7327	2889	4661	5159	9946	5016	5327	10745	7759	3489	754	6164	5367	3045	576	5016	4426	2895	533	4096	7297	4575	663	7501
chrX	97016501	97259500	243000	9	0	243000	154598	88402	22092	7509	9748	14779	9538	6007	8077	9565	9696	3983	6800	6753	12803	6811	7248	13187	9913	4996	1015	8386	7215	4224	943	7216	6252	4286	854	5870	9807	6092	932	10401
chrX	97259501	97429500	170000	8	0	170000	103815	66185	14633	5201	6551	9080	6483	4786	6346	6292	6342	2934	5483	4752	8007	4360	4855	7710	6905	3751	771	5854	5582	3430	994	5584	4599	3880	865	4457	6821	4529	822	7339
chrX	97429501	97574500	145000	7	0	145000	90847	54153	12520	4384	5927	8455	5702	3730	4967	5709	5891	2456	4331	4106	7173	3900	4302	7293	5971	2988	629	4882	4539	2770	546	4429	3736	2731	488	3659	5861	3795	571	6557
chrX	97574501	97681500	107000	6	0	107000	65616	41384	8550	3246	4505	5791	4344	3037	3795	4261	4420	1912	3243	3045	4777	2686	3128	4875	4546	2290	494	3551	3542	2350	375	3453	2978	2078	305	2801	4370	3002	382	4866
chrX	97681501	97755292	73792	7	0	73792	45304	28488	6067	2198	3152	4036	2958	1965	2658	2993	3093	1302	2328	2042	3334	1869	2015	3292	3002	1608	289	2435	2509	1683	214	2413	2016	1456	195	1903	3047	2072	244	3402
chrX	97755294	97784501	29208	7	0	29208	18371	10837	2573	903	1238	1770	1229	736	1034	1130	1278	500	850	836	1403	706	761	1422	1202	608	101	934	922	535	105	855	795	517	90	708	1210	757	112	1386
chrX	97784502	97966501	182000	8	0	182000	112796	69204	14884	5695	7812	10328	7560	4683	6304	7193	7805	3346	5467	5034	8469	4492	5138	8585	7495	4009	690	6021	5981	3735	723	5659	4900	3240	525	4573	7364	5114	706	8468
chrX	97966502	98984501	1018000	9	0	1018000	645686	372314	89452	32324	43166	60964	43060	25992	33951	40554	43657	17562	27871	28863	49737	25525	29205	53801	43280	21116	3361	33646	32634	19211	2484	29452	26308	16496	2072	24300	41336	26958	2865	46795
chrX	98984502	99179501	195000	10	0	195000	124683	70317	17495	6108	8205	11962	8130	4950	6422	7926	8371	3387	5243	5558	9774	4904	5721	10526	8374	3856	590	6529	6069	3454	432	5477	4995	3044	359	4578	7990	5078	485	9006
chrX	99179502	100037501	858000	9	0	858000	549236	308764	77100	27473	35736	52632	36258	22212	27934	35230	36792	14422	22504	24456	42791	22388	24461	46846	37645	17454	2913	28483	27287	15396	1839	23389	22101	12778	1569	19735	34602	22283	2261	39028
chrX	100037502	100208501	171000	8	0	171000	106051	64949	14235	5402	7407	9556	7291	4455	6107	6751	7347	3051	4881	4934	7726	4111	4808	7987	7045	3755	580	5639	5953	3560	424	5348	4667	3028	351	4386	6940	4942	501	7830
chrX	100208502	100310501	102000	7	0	102000	62196	39804	8090	3215	4339	5348	4369	2841	3818	3995	4346	1860	3010	2954	4187	2506	2868	4449	4376	2313	374	3360	3611	2276	294	3263	2857	1861	277	2771	4178	2994	357	4641
chrX	100310502	100438501	128000	6	0	128000	75708	52292	9463	3735	5308	6522	5026	3938	5036	4640	5269	2375	4235	3414	5270	2925	3566	4985	5248	2920	644	4161	4556	3170	715	4445	3781	2892	705	3761	5055	3904	556	5778
chrX	100438502	100491974	53473	5	0	53473	32039	21434	4095	1666	2369	2644	2175	1489	2028	2001	2287	925	1731	1439	2217	1270	1532	2170	2135	1212	203	1800	1944	1327	197	1885	1556	1143	153	1496	2058	1671	175	2478
chrX	100491976	100541502	49527	5	0	49527	31237	18290	4451	1595	2007	2892	2083	1361	1525	2115	2116	821	1341	1411	2294	1292	1418	2514	2217	1042	228	1582	1644	1029	137	1445	1271	769	133	1103	1952	1415	162	2160
chrX	100541503	100620502	79000	4	0	79000	47321	31679	6416	2312	3357	4077	3212	2198	2907	2859	3274	1487	2497	2190	3260	1785	2151	3338	3034	1914	343	2491	2973	2128	390	2774	2118	1739	293	2032	3051	2484	300	3614
chrX	100620503	100698247	77745	3	0	77745	44943	32802	5659	2260	3314	3396	2821	2350	3224	2705	3163	1554	2894	1954	2986	1838	2067	2757	3076	1907	386	2634	2836	2263	435	3038	2182	1844	393	2242	3006	2558	416	3585
chrX	100698252	100698313	62	3	0	62	33	29	9	2	0	4	1	4	0	0	1	1	1	0	4	1	3	2	2	3	3	0	2	3	4	0	0	4	1	2	1	0	0	2
chrX	100698315	100698349	35	3	0	35	14	21	0	0	1	0	1	1	1	1	0	2	2	5	0	0	0	0	1	2	0	0	1	1	1	2	0	1	1	0	2	3	2	2
chrX	100698355	100698950	596	3	0	596	379	217	50	18	40	33	26	9	19	19	35	9	22	13	30	14	7	35	26	10	0	14	22	11	0	19	9	15	0	10	16	18	0	45
chrX	100698952	100713624	14673	3	0	14673	9069	5604	1331	462	626	751	584	379	527	541	607	269	434	394	648	392	410	714	577	347	68	510	507	324	52	467	353	283	57	353	594	396	47	667
chrX	100713625	100714263	639	3	0	639	440	199	66	22	19	52	29	12	17	31	27	10	7	16	36	24	23	47	37	9	2	20	15	9	1	15	14	7	0	9	23	15	1	22
chrX	100714265	100715945	1681	3	0	1681	968	713	133	37	55	81	60	72	71	51	41	29	71	44	73	44	41	64	72	46	10	54	64	36	14	66	51	54	6	55	67	44	10	63
chrX	100715947	100716450	504	3	0	504	270	234	44	14	14	17	19	19	20	11	9	9	23	16	16	14	16	8	13	17	8	18	19	15	12	17	17	18	5	18	20	13	3	20
chrX	100716467	100718812	2346	3	0	2346	1439	907	233	62	104	122	90	53	86	91	81	32	72	63	115	59	76	98	86	37	11	72	76	53	8	84	88	52	7	85	70	79	2	97
chrX	100718814	100722246	3433	3	0	3433	2058	1375	249	94	121	189	121	103	131	146	109	54	111	103	174	79	93	180	133	91	11	95	139	101	13	124	97	83	11	99	133	102	5	137
chrX	100722247	100724868	2622	3	0	2622	1171	1451	100	50	77	76	71	85	125	58	78	57	132	70	53	30	50	57	60	75	26	61	111	190	96	137	76	150	57	75	92	119	15	111
chrX	100724869	100728887	4019	3	0	4019	2455	1564	345	105	170	199	143	116	138	157	158	77	146	132	172	99	109	188	164	85	25	123	141	92	15	135	92	85	9	84	157	121	15	220
chrX	100728889	100728929	41	3	0	41	14	27	0	1	0	0	0	1	2	2	1	0	1	0	0	2	3	0	1	1	0	2	3	2	3	1	1	5	3	3	0	1	0	0
chrX	100728933	100731629	2697	3	0	2697	1408	1289	129	77	113	91	94	90	126	77	96	56	118	54	91	66	65	64	103	81	16	89	123	113	23	134	73	90	26	93	88	108	21	107
chrX	100731631	100734534	2904	3	0	2904	1498	1406	162	70	117	102	100	93	111	76	106	76	150	66	82	50	66	70	83	80	30	96	106	128	63	130	74	97	36	84	117	122	25	134
chrX	100734535	100744510	9976	3	0	9976	6007	3969	807	295	412	472	402	300	356	361	371	189	346	295	405	246	311	438	412	215	36	367	349	233	38	349	287	194	33	254	371	328	47	455
chrX	123566138	123566211	74	4	0	74	47	27	8	2	2	6	5	2	3	3	2	0	1	5	2	0	0	4	2	1	0	1	4	0	0	1	4	1	1	4	4	3	1	0
chrX	139870918	139871081	164	5	0	164	67	97	17	1	2	2	3	4	10	1	3	7	11	1	0	2	2	0	2	3	2	7	5	6	10	5	7	9	10	8	4	8	5	5
chrX	154768708	154768835	128	2	0	128	58	70	9	2	2	2	3	5	4	3	1	3	7	6	3	3	3	1	3	6	2	2	6	6	4	7	1	7	5	3	5	5	3	4
chrX	154768867	154768963	97	2	0	97	34	63	0	1	2	2	2	3	7	1	3	3	7	1	0	1	1	0	0	1	1	5	3	4	6	3	7	5	5	7	3	7	2	2
chrY	1085841	1085881	41	6	0	41	21	20	3	2	1	1	3	0	3	0	0	1	3	1	1	0	1	0	1	1	0	2	2	2	0	1	1	1	0	3	2	1	0	2
chrY	1086040	1086066	27	6	0	27	17	10	2	1	1	1	1	0	0	2	0	0	1	1	1	1	2	2	1	0	0	1	1	0	0	0	1	1	1	1	0	0	0	2
chrY	1086067	1086093	27	6	0	27	10	17	0	0	0	1	0	0	1	3	1	0	0	1	0	0	1	1	0	0	0	0	3	6	0	1	0	2	0	2	1	1	0	0
chrY	1086094	1086121	28	6	0	28	14	14	1	0	1	2	1	1	1	0	2	1	0	0	0	1	1	0	1	1	1	0	1	2	0	2	0	1	0	1	2	1	1	0
chrY	1086122	1086260	139	6	0	139	72	67	5	4	2	5	9	4	6	5	1	4	5	5	2	0	7	7	3	4	0	4	7	10	0	5	6	5	0	7	8	3	0	4
chrY	1086261	1086334	74	6	0	74	42	32	1	3	2	3	5	3	2	2	2	2	2	1	2	3	5	2	7	3	0	1	1	4	0	4	0	2	0	2	4	0	0	4
chrY	1086335	1086387	53	6	0	53	28	25	2	1	1	2	2	0	1	5	1	1	1	2	1	1	3	3	1	1	0	1	5	4	0	1	2	2	0	2	1	2	0	2
chrY	1086389	1086429	41	6	0	41	22	19	1	1	1	2	2	2	1	2	2	2	1	0	0	0	2	2	2	2	0	1	1	3	0	2	0	1	0	1	5	0	0	0
chrY	1086430	1086555	126	6	0	126	64	62	5	4	2	5	8	2	6	4	1	4	4	5	2	0	6	6	2	4	0	3	8	9	0	4	4	5	0	7	6	4	0	4
chrY	1086556	1086629	74	6	0	74	42	32	1	3	2	3	5	3	2	2	2	2	2	1	2	3	5	2	7	3	0	1	1	4	0	4	0	2	0	2	4	0	0	4
chrY	1198156	1198180	25	5	0	25	8	17	0	0	1	0	0	2	1	0	1	1	2	0	0	0	0	0	1	1	0	0	1	3	0	4	1	1	0	0	0	3	0	0
chrY	1198181	1198215	35	5	0	35	11	24	0	0	1	0	0	2	2	0	1	1	4	0	0	0	0	0	1	2	0	0	2	4	0	6	1	1	0	0	0	5	0	0
chrY	1198216	1198351	136	5	0	136	44	92	0	0	5	0	0	8	8	0	5	5	12	0	0	0	0	0	5	8	0	0	7	15	0	25	5	5	0	0	0	19	2	0
chrY	1198352	1198377	26	5	0	26	8	18	0	0	1	0	0	1	0	0	1	0	3	1	0	0	0	0	0	1	0	0	1	4	2	3	0	1	0	0	0	4	0	1
chrY	1198378	1198396	19	5	0	19	6	13	0	0	0	0	0	2	0	0	0	1	2	0	0	0	0	0	1	1	0	0	1	3	0	3	0	0	0	0	0	3	0	0
chrY	1198397	1198424	28	5	0	28	9	19	0	0	1	0	0	2	1	0	1	1	3	0	0	0	0	0	1	1	0	0	1	3	0	4	1	1	0	0	0	3	2	0
chrY	1198425	1198489	65	5	0	65	20	45	0	0	2	0	0	4	3	0	2	2	7	0	0	0	0	0	2	4	0	0	3	8	0	11	2	2	0	0	0	9	2	0
